r3k2r/pp1qppbp/5np1/2pP4/2Pn4/2N1BB1P/PP3PP1/R2Q1RK1 b kq -,e7e5 d5e6 f7e6 c3b5 a8d8 b5d4 c5d4 e3f4 e8h8 f1e1
5rbk/1q4p1/5R2/1P6/3Q3P/1p6/6P1/4R1K1 b - -,f8f6 d4e5 b7a7 g1h2 a7f2 e5g3 f2g3 h2g3 f6b6 e1b1
r1bqk1nr/pp1n1pbp/2ppp1p1/4P3/P2P1P2/2N2N2/1PP3PP/R1BQKB1R b KQkq -,d6e5 d4e5 g8e7 c3e4 e8h8 h2h4 f7f6 h4h5 f6e5 h5h6
r1bq4/pp1pnkb1/2n3pp/2p1p3/4PP2/2NP4/PPP3PP/R1BQ1RK1 b - -,c6d4 f4f5 d7d5 f1f2 d5e4 d3e4 c8d7 f5f6 g7f6 c1h6
r1bqkbnr/ppp1p1p1/2n2p1p/3p4/3P4/5NB1/PPP1PPPP/RN1QKB1R b KQkq -,c8g4 e2e3 e7e5 d4e5 f6e5 f1b5 f8d6 c2c4 d5d4 d1c2
r2r4/1p2kp1p/2pnb1p1/p3p3/Pn2P3/1PN1BP2/1K4PP/3R1B1R b - -,
r1bqr1k1/p1p2ppp/1bQn4/8/8/2P2N2/PP3PPP/RNB2RK1 b - -,c8a6 c1g5 f7f6 g5e3 a6f1 g1f1 b6e3 f2e3 a8b8 b2b4
2b3k1/pp2rrn1/4p2B/4qnRQ/1P2N1R1/P5PP/5P1K/8 b - -,c8d7 h6g7 f7g7 g5g6 e7f7 e4f6 e5f6 g6f6 f7f6 g4g7
8/8/8/2k1p3/8/8/5K2/8 b - -,c8d7 h6g7 f7g7 g5g6 e7f7 e4f6 e5f6 g6f6 f7f6 g4g7
8/3k4/4R3/4K3/5P2/8/8/8 b - -,c8d7 h6g7 f7g7 g5g6 e7f7 e4f6 e5f6 g6f6 f7f6 g4g7
8/2rnprk1/p2pB3/Pp1P3p/3R1P2/2P3P1/1P4K1/4R3 b - -,g7f8 e6f7 f8f7 e1c1 c7c8 g2f3 c8g8 b2b4 d7f6 c3c4
R7/6pk/1P2p3/P1n1Pp2/5P1p/7P/6K1/3B4 b - -,g7g5 f4g5 h7g6 a5a6 c5d3 b6b7 d3f4 g2h2 g6g5 b7b8q
5r1k/3bq2P/2p1pn2/pp4Q1/4N3/8/PPB3P1/2K2R2 b - -,e6e5 f1f6 d7e8 f6f8 e7f8 g5e5 h8h7 e4f6 h7g7 f6e8
2r3k1/1q3pp1/4p2p/3b4/p2Q4/1P3N1P/P4PP1/5RK1 b - -,d5f3 g2f3 a4b3 a2b3 b7f3 d4e3 f3d5 b3b4 d5f5 e3d4
r1bqk1nr/pp1n1pbp/2p1p1p1/4P3/P4P2/2N2N2/1PP3PP/R1BQKB1R b KQkq -,g8e7 c3e4 e8h8 h2h4 f7f6 h4h5 f6e5 h5h6 g7h8 e4g5
4r1k1/5pp1/5n2/2p5/N1P1PqPp/3R1P1P/P7/4Q1K1 b - -,f4e5 e1f2 e8a8 a4c5 e5a1 g1g2 a8a2 d3d2 a2d2 f2d2
8/4kp2/2p5/1p1pP3/pP3RP1/2P2P2/P6K/4r3 b - -,e1e5 h2g3 e5e2 f4f5 e2a2 f5e5 e7f8 f3f4 a2c2 g3h4
2r1r1k1/5b2/2p1q1p1/1pPp1p1p/p2Rn2P/1P2PNP1/P1Q2PB1/2R3K1 b - -,a4b3 a2b3 e6e7 d4d1 b5b4 d1d4 c8b8 g2f1 e4c3 d4b4
2r1r2k/2q1bp2/p2p2p1/1p2p1PB/2P4P/1P2P3/P3Q3/1KR3R1 b - -,c7a7 h5g4 c8c7 h4h5 e7g5 g4d7 c7d7 g1g5 a7b7 h5g6
1R5k/p5b1/4pNRp/3pP3/2r5/P1q5/K7/8 b - -,c4c8 b8c8 c3c8 a2b1 c8b8 b1c1 b8e5 f6d5 e5e1 c1c2
3r2k1/1pp2ppp/2q1bn2/2Q1p3/4P2N/3PBP2/2P3PP/5R1K b - -,e6d7 c5c6 d7c6 f1a1 g7g6 h1g1 f6e8 g2g4 b7b6 f3f4
3r1r1k/3q2pb/7p/1P4NQ/3b3P/8/Bp2RPP1/5RK1 b - -,h6g5 a2b1 g7g6 b1g6 f8f6 h5h7 d7h7 g6h7 h8h7 f1b1
2b3k1/pp2rrn1/4p2B/4qnRQ/1P4R1/P5NP/5PPK/8 b - -,c8d7 g5g6 e5c7 h6g5 d7e8 g5f4 e6e5 g3f5 f7f5 g6g7
3r2k1/3P1pp1/8/p2R4/4PqPQ/2p2P1P/P7/6K1 b - -,
r2n1rk1/R5pp/p2p4/1p1np3/1P6/4BP2/P2NB1PP/2R3K1 b - -,d8e6 a7a8 f8a8 e3f2 e6f4 e2f1 d5b4 a2a3 b4d3 c1c6
r1b1k1nr/ppqn1ppp/2pbp3/3p4/4P3/1P1B1N2/P1PP1PPP/RNBQR1K1 b kq -,g8f6 e4d5 c6d5 c1a3 e8h8 d3f1 e6e5 a3d6 c7d6 d2d4
r3k2r/p3ppbp/2N1b1p1/2n5/4n3/P3PN2/1P3PPP/R1B1KB1R b kq -,c5b3 a1b1 b3c1 b1c1 g7b2 c1c2 b2c3 c2c3 e4c3 f3d4
rnbqk2r/pp1p1ppp/5n2/8/4P3/1N6/PP1N1PPP/R2QKB1R b KQkq -,e8h8 f1e2 b8c6 e1h1 f8e8 a1c1 d7d5 e4d5 f6d5 e2b5
2r1r1k1/5b2/2p1q1p1/1pPp1p1p/3Rn2P/1P2PNP1/2Q2PB1/2R3K1 b - -,e6e7 b3b4 c8a8 d4d1 a8a4 f3d4 e8a8 g2e4 f5e4 c2c3
r4rk1/pp1qppbp/5np1/3P4/2PQ4/2N2B1P/PP3PP1/R4RK1 b - -,f6e8 d4d3 a8c8 a1c1 e7e5 b2b4 b7b6 c3e4 f7f5 d5d6
r1b1rnk1/pp2qppp/2Nbp3/2pp4/3P1P2/PP1BP3/1BPN2PP/R2Q1RK1 b - -,b7c6 e3e4 c5d4 e4e5 d6c7 b2d4 c7b6 c2c3 c6c5 d4f2
3rr1k1/ppp2pp1/5n1p/2q5/P4P2/1KNB4/RP3P2/3Q3R b - -,c5b6 b3c2 b6f2 d1d2 f6g4 c3d1 f2c5 c2b1 c5d5 h1h3
rnbqk2r/ppp2pp1/3p3p/8/2P1n3/5N2/PBPP1PPP/R2QKB1R b KQkq -,c8g4 d1e2 e8h8 e2e4 f8e8 f3e5 g4h5 f1d3 h5g6 e4b7
2rq1rk1/1p1nppbp/5np1/p2P2B1/8/1BN2Q1P/PP3PP1/R3R1K1 b - -,h7h6 g5h4 d7b6 a1d1 a5a4 d5d6 e7d6 c3e4 g6g5 b3f7
r3kb2/ppp4p/2b5/5p2/2BP1n2/2P1P3/PP1Q2qP/RNB1KR2 b - -,b7b5 e3f4 b5c4 d2g2 c6g2 b1d2 c7c5 d2c4 c5d4 c3d4
6k1/1Qp3p1/2p4P/5p2/3Pq3/4rNK1/P5B1/8 b - -,
3k4/8/4R3/4KP2/8/8/8/8 b - -,e3c3 b7c8 g8h7 h6g7 e4g4 g3h2 g4f4 h2g1 f4e3 g1h2
3r1r1k/3q2pb/8/1P4pQ/3b3P/8/1p2RPP1/1B3RK1 b - -,g7g6 b1g6 f8f6 g6b1 d7f7 h5h7 f7h7 b1h7 h8h7 f1b1
r2qkb1r/2p2ppp/p1pp1n2/4p3/4P1b1/2P2N1P/PP1P1PP1/RNBQR1K1 b kq -,g4h5 d2d4 h5f3 d1f3 f6d7 f3d1 a6a5 b1a3 f8e7 d1a4
6bk/1q4p1/5r2/1P2Q3/7P/1p6/6P1/4R1K1 b - -,b7a7 g1h2 a7f2 e5g3 f2d4 g3e3 d4e3 e1e3 b3b2 e3e1
r4rk1/ppp2ppp/2n2p2/q7/1bBP4/2N1P3/PP1B1PPP/R2Q1RK1 b - -,a8d8 a2a3 b4c3 b2c3 c6e7 a1b1 c7c5 b1b7 e7g6 b7b5
3r1r1k/1q4p1/2R4p/1P3bN1/1p1b4/1B6/4QPPP/4R1K1 b - -,f5d3 g5e6 d3e2 e1e2 d8a8 g2g3 d4f2 e2f2 f8f2 g1f2
8/2k5/4RP2/4K3/8/8/8/8 b - -,d4c3 e1c1 h6g5 e2h5 f5h7 b3c2 g7g6 c2g6 d8d7 h5h6
2r1r3/2q1bpk1/p2p2P1/1p2p2Q/2P4P/1P2P3/P7/1KR3R1 b - -,e8h8 g6f7 e7g5 g1g5 g7f6 g5g6 f6e7 h5g5 e7f7 g5f6
rnbq1rk1/pp1p1ppp/5n2/8/4P3/1N1B4/PP1N1PPP/R2QK2R b KQ -,d7d5 e1h1 c8g4 d3e2 g4e2 d1e2 d5e4 d2e4 f6e4 e2e4
r2qk2r/1p2bp2/p3b2p/3pN1p1/3P4/1PN1Q2P/1PP3P1/4RRK1 b kq -,d8d6 e5g6 h8g8 g6e7 e8e7 c3d5 d6d5 c2c4 d5d6 d4d5
3r1r1k/1q3Bp1/7p/1P3bN1/1p1b4/8/4QPPP/2R1R1K1 b - -,f8f7 g5f7 b7f7 e2f3 b4b3 c1b1 f5e6 f3f7 e6f7 e1d1
4r1k1/5pp1/5n2/p7/2P3Pp/2N1QP1P/P3P1K1/3R4 b - -,g8h7 e3g5 f6g8 g5h4 g8h6 g4g5 e8e6 g5h6 a5a4 h6g7
7k/3bQ2P/2p1p3/pp6/4n3/8/PP4P1/2KB1r2 b - -,c6c5 e7d8 h8h7 d8d7 h7g6 d7e6 g6g7 e6e5 g7h7 e5c7
r1b1rnk1/pp2qppp/2nbp3/2ppN2Q/3P1P2/PP1BP3/1BPN2PP/R4RK1 b - -,f7f5 f1f3 c5d4 e3d4 f8d7 f3h3 d7f6 h5h4 g7g6 h4e1
r1b1n1k1/p6p/2p1p1p1/1p2P2P/5r2/2N3P1/PPB5/2KR3R b - -,f4f5 c2f5 e6f5 d1d8 g8f7 h5g6 h7g6 h1h7 e8g7 e5e6
7Q/k2r4/1p4K1/4Q3/8/8/Pp6/8 b - -,
8/R4rkp/1p4p1/8/8/2P2r1P/P5K1/3R4 b - -,f3f2 g2g1 f7a7 g1f2 a7a2 f2g3 a2c2 d1d7 g7h6 d7c7
r4rk1/2qnbppp/p3pn2/1ppp4/P4P2/1P1PPN2/1BPNQ1PP/R4RK1 b - -,e7d6 g2g3 a8e8 a4b5 a6b5 c2c4 b5c4 b3c4 e6e5 f4e5
2q1k1r1/1p3p1p/2b1p3/8/8/3Q1P2/P5PP/1R1R3K b - -,g8g7 d3d4 g7g8 d4h4 h7h6 h4h6 c8c7 h6h7 g8g5 h7h8
2r1r1k1/4qb2/2p3p1/1pPp1p1p/4n2P/1P2PNP1/2Q2PB1/2RR2K1 b - -,b5b4 d1d4 c8b8 g2f1 e4c3 d4b4 b8b4 c2c3 e8b8 f3d4
1r3rk1/pb3ppp/4pn2/2qp4/5P1P/2N2N2/PPPQ1PP1/2KR3R b - -,b7a6 h1h3 f8c8 f3d4 h7h6 b2b3 f6e8 g2g4 e8d6 c1b1
2r1r2k/2q1bp2/p2p4/1p2p1PQ/2P4P/1P2P3/P7/1KR3R1 b - -,h8g7 h5h6 g7g8 g5g6 e7g5 g6f7 g8f7 g1g5 f7e7 g5g7
3r3k/1r2q3/2p3Q1/2P4p/p2P4/P7/5P2/6RK b - -,h8g7 h5h6 g7g8 g5g6 e7g5 g6f7 g8f7 g1g5 f7e7 g5g7
3rr1k1/5p2/7p/1q1p2p1/1n1B4/1P2P1PB/5P1P/1Q1R2K1 b - -,b4c6 h3f5 c6d4 d1d4 d8a8 h2h4 b5c6 g1g2 e8e5 b3b4
r1r3k1/2qnbppp/p3pn2/Pppp4/5P2/1P1PPN2/1BPNQ1PP/R4RK1 b - -,e7d6 h2h3 a8b8 f3h2 c5c4 b2d4 d6b4 d3c4 b4d2 e2d2
5r1k/5Bp1/1q6/1P4p1/1p6/4R2Q/5KPP/3r4 b - -,b6h6 f2e2 f8d8 e3b3 d1d2 e2e1 d2d4 f7g6 g5g4 h3h6
r3k2r/p3ppbp/2N1b1p1/8/4n3/P3PN2/1P3PPP/2R1KB1R b kq -,g7b2 c1c2 b2c3 c2c3 e4c3 f3d4 a8c8 c6a7 c8c5 f1d3
3r1r1k/3q3b/6B1/1P4pQ/3b3P/8/1p2RPP1/5RK1 b - -,f8f6 g6b1 d7f7 h5h7 f7h7 b1h7 h8h7 f1b1 f6b6 e2b2
2kr3r/1bqn1p1p/p2ppb1Q/8/1p1NnP2/4BB2/PPP2NPP/R4RK1 b - -,e4d2 e3d2 f6d4 h6h3 d6d5 g1h1 d7f6 c2c3 b4c3 d2c3
3Q2k1/3P1pp1/8/p2R4/4PqP1/5P1P/P1p5/6K1 b - -,e4d2 e3d2 f6d4 h6h3 d6d5 g1h1 d7f6 c2c3 b4c3 d2c3
1r4k1/5pp1/5n2/p1p5/2P1PqPp/5P1P/P3NQ2/3R2K1 b - -,f4e5 f2h4 e5b2 h4g3 b8e8 e2c1 b2c3 g3f4 c3c4 f4d2
8/r5kp/1p4p1/8/8/2P2K1P/P7/3R4 b - -,a7a2 d1d7 g7g8 d7b7 a2b2 h3h4 h7h6 f3e4 g6g5 h4g5
r5k1/1p3ppp/p7/2b5/8/1P3P2/6PP/3R3K b - -,c5e7 g2g4 g8f8 d1d7 a8b8 f3f4 f8e8 d7d1 b8d8 d1e1
rn1qk2r/4bppp/pn1pp3/8/p2PN3/3B4/1PP2PPP/R1BQR1K1 b kq -,b8d7 d1h5 e8f8 h2h4 d7f6 h5f3 h7h6 c1d2 a8b8 h4h5
2r1r3/2q1bpk1/p2p3Q/1p2p1P1/2P4P/1P2P3/P7/1KR3R1 b - -,b8d7 d1h5 e8f8 h2h4 d7f6 h5f3 h7h6 c1d2 a8b8 h4h5
2r1r1k1/4qb2/2p3p1/2Pp1p1p/1p1Rn2P/1P2PNP1/2Q2PB1/2R3K1 b - -,c8b8 g1h2 e4c3 d4b4 b8b4 c2c3 e8b8 f3d4 e7f6 g2h3
3Q3k/3b3P/2p1p3/pp6/8/8/PP3nP1/2KB1r2 b - -,d7e8 d8e8 h8h7 e8d7 h7h8 d7c6 b5b4 c6e6 f2d1 e6e2
k5r1/P7/7P/5K2/5P2/R5P1/8/8 b - -,d7e8 d8e8 h8h7 e8d7 h7h8 d7c6 b5b4 c6e6 f2d1 e6e2
r1b2rk1/p3q2p/2p1p1p1/1p2P2n/4N3/8/PPBQ2P1/2KR3R b - -,e7g7 g2g4 h5g3 e4g3 c6c5 d2d6 c8b7 d6e6 g7f7 e6f7
6bk/q5p1/5r2/1P2Q3/7P/1p6/6PK/4R3 b - -,a7f2 e5g3 f2d4 g3e3 d4e3 e1e3 b3b2 e3e1 f6b6 h2g3
8/p2bQ2k/1p6/1P1P4/4P3/5p1r/P5r1/2R2K2 b - -,
r1bqkbnr/pp3ppp/8/3Q4/8/2N5/PPP2PPP/R1B1KB1R b KQkq -,c8d7 f1c4 d8e7 c1e3 d7c6 c4b5 e7e6 d5e6 f7e6 e1a1
6k1/5pp1/5n2/p7/2P3Pp/2NRrP1P/P3P1K1/8 b - -,e3d3 e2d3 f6d7 g2f2 d7c5 f2e3 c5a6 d3d4 a6b4 e3e4
2r1r1k1/2q1bp2/p2p2PQ/1p2p3/2P4P/1P2P3/P7/1KR3R1 b - -,e3d3 e2d3 f6d7 g2f2 d7c5 f2e3 c5a6 d3d4 a6b4 e3e4
5k2/1R3p2/6pp/1np5/8/P3P2P/1r3PPK/2R5 b - -,b2b3 c1c5 b5d4 b7b3 d4b3 c5b5 f8e7 b5b3 h6h5 b3b4
r1b1nrk1/p7/2p1p1B1/1p2P3/8/2N3P1/PP6/2KR3R b - -,b5b4 c3e4 g8g7 g6e8 f8e8 h1h4 e8h8 h4g4 g7f7 d1f1
r2qr1k1/pp3p1p/2pb2p1/3p1n2/3P1Pn1/2NQPN2/PP3BPP/4RRK1 b - -,d6b4 f3e5 g4f2 f1f2 f5d6 g2g4 d6e4 f2g2 f7f6 e5f3
8/5rpk/2p1rq2/1pQn1pP1/3Pp3/4P1P1/1PR2PB1/R5K1 b - -,f7a7 g5f6 a7a1 c2c1 a1c1 c5c1 e6f6 c1c5 h7h6 c5a7
4r3/4P3/8/bkR3B1/3P2p1/2p5/5P2/6K1 b - -,b5b6 c5d5 c3c2 d5c5 a5b4 c5c2 b4d6 g1g2 b6b5 d4d5
2q1k1r1/1p3p1Q/2b1p2p/8/8/5P2/P5PP/1R1R3K b - -,c6d7 h7g8 e8e7 g8c8 d7c8 b1c1 f7f5 c1c8 e6e5 c8c7
1k1r1b1r/pPp2ppp/5n2/q7/2B3b1/2N1B3/PPP2PKP/R3QR2 b - -,a5h5 f2f4 f8c5 e3c5 g4h3 g2h1 h5c5 c4e2 h3f1 e2f1
1r4k1/5pp1/5n2/p1p1q3/2P1P1PQ/5P1P/P3N3/3R2K1 b - -,e5b2 h4g3 b8e8 e2c1 b2c3 g3f4 c3c4 f4d2 f6h7 g1f2
r2qr1k1/p1p2ppp/bbQn4/8/8/2P2N2/PP3PPP/RNB1R1K1 b - -,e8e1 f3e1 b6f2 g1h1 a6b7 c6b7 d6b7 b1a3 f2e1 c1e3
rn2kbnr/ppp1pppp/8/q7/6b1/2NB1N2/PPPP1PPP/R1BQ1RK1 b kq -,e7e6 d3e2 g8f6 d2d4 b8d7 c1f4 c7c6 h2h3 g4h5 f3e5
r2qkb1r/2p2ppp/p1pp1n2/7b/3PP3/5N1P/PP3PP1/RNBQR1K1 b kq -,d8d7 e4e5 d6e5 e1e5 f8e7 e5h5 f6h5 f3e5 d7f5 g2g4
4Q2k/7P/2p1p3/pp6/8/8/PP3nP1/2KB1r2 b - -,h8h7 e8d7 h7h8 d7c6 h8g7 c6e6 f1d1 c1c2 b5b4 e6e5
r1bq4/pp2nkb1/2n3pp/2pppP2/4P3/2NP4/PPP3PP/R1BQ1RK1 b - -,c6d4 f1f2 c8d7 f5f6 g7f6 c1h6 d5e4 d3e4 e7g8 d1d2
2Q3k1/2p3p1/2p4P/5p2/3Pq3/2r2NK1/P5B1/8 b - -,
1r2r1k1/p3qppp/1ppn1n2/3p4/3P4/1P3PP1/PB1Qb1BP/2RNR1K1 b - -,e7c7 e1e2 e8e2 d2e2 b8e8 e2f2 h7h5 d1e3 h5h4 c1e1
rn1qk2r/pp3ppp/2pbpn2/3p3b/3P2P1/2P2N1P/PP2PPB1/RNBQ1RK1 b kq -,h5g4 h3g4 f6g4 g2h3 g4f6 c3c4 b8d7 c4d5 e6d5 b1c3
1r2r1k1/4qb2/2p3p1/2Pp1p1p/1p1Rn2P/1P2PNP1/2Q2PBK/2R5 b - -,b8b7 f3e1 g6g5 h4g5 e7g5 e1f3 g5f6 c2b2 g8h7 f3h4
3rr1k1/ppp2pp1/7p/2qn4/P4P2/1K1B4/RP3P2/1N1Q3R b - -,d5f4 d3b5 d8d1 h1d1 c7c6 b1c3 c6b5 a4b5 f4e2 d1d5
rnbq1rk1/pp3ppp/5n2/3p4/4P3/1N1B4/PP1N1PPP/R2Q1RK1 b - -,c8g4 d3e2 g4e2 d1e2 d5e4 d2e4 f6e4 e2e4 b8c6 f1e1
1rr1n1k1/2qnbppp/p3p3/PpppN3/5P2/1P1PP3/1BPNQ1PP/RR4K1 b - -,e8d6 c2c4 d7e5 b2e5 f7f6 e5d6 c7d6 d2f3 f6f5 a1a2
2r3k1/1q3pp1/4p2p/8/P1b5/5N1P/P4PP1/1Q3RK1 b - -,
2r3k1/p4pp1/4b2p/4q3/8/5B2/PP1Q1PPP/5RK1 b - -,
rnb1kb1r/p3pppp/2p2n2/q7/PNpP1B2/4P3/1P1Q1PPP/R3KBNR b KQkq -,f6e4 d2c2 a5b4 e1d1 b4b3 f4g3 h7h5 c2b3 c4b3 f1d3
8/p2b2Qk/1p6/1P1P4/4P3/5p1r/P7/2R2K2 b - -,
r1b1rnk1/pp2q1pp/2nbpp2/2ppN2Q/3P1P2/PP1BPR2/1BPN2PP/R5K1 b - -,f6f5 g2g4 c5d4 e3d4 f8d7 f3h3 d7f6 h5h4 g7g6 g4g5
rq2k2r/p4ppp/3bp3/2p1n3/4QP2/2N1P3/PP4PP/R1B2RK1 b kq -,e5g6 f4f5 d6h2 g1h1 h2e5 e4c6 e8e7 f5g6 h7g6 h1g1
6k1/pp1brrn1/4p1RB/4qn1Q/1P4R1/P5NP/5PPK/8 b - -,e5c7 h6g5 d7e8 g5f4 e6e5 g3f5 f7f5 g6g7 e7g7 h5e8
8/k2r3P/1p4K1/8/8/8/PQ6/8 b - -,e5c7 h6g5 d7e8 g5f4 e6e5 g3f5 f7f5 g6g7 e7g7 h5e8
r6k/p5pp/6r1/2b1p3/Q7/2KP1n1q/PP3P1P/R1B1R3 b - -,e5c7 h6g5 d7e8 g5f4 e6e5 g3f5 f7f5 g6g7 e7g7 h5e8
1q1n2k1/1b3ppp/1Qp5/1pN1p3/4P2P/6P1/1PP1BP2/6K1 b - -,b8a8 e2g4 g7g6 b6c7 h7h5 g4h3 b5b4 g1g2 g8h7 c5b7
2Q5/2p3Pk/2p5/5p2/3Pq3/2r2NK1/P5B1/8 b - -,
3Rr1k1/5ppn/8/2p5/p1q1PPPp/2NQ3P/P7/5K2 b - -,e8d8 d3c4 g7g6 c4c5 h7f8 f4f5 g6f5 e4f5 a4a3 c5c7
2rq1rk1/pp2ppbp/5np1/2nP4/5B2/1BN2Q1P/PP3PP1/R3R1K1 b - -,f8e8 b3c2 b7b5 a2a3 a7a5 e1d1 b5b4 c3a4 f6d7 a3b4
2q3r1/1p2kp2/2b1p2Q/8/8/5P2/P5PP/1R1R3K b - -,g8h8 h6g5 e7e8 g5g3 e8f8 b1b4 h8g8 g3d6 f8e8 b4d4
8/3P1pp1/6k1/p5QR/4PqP1/5P1P/P1p5/6K1 b - -,g8h8 h6g5 e7e8 g5g3 e8f8 b1b4 h8g8 g3d6 f8e8 b4d4
r2qk2r/2p1bppp/p1pp1n2/7b/3PP3/2N2N1P/PP3PP1/R1BQR1K1 b kq -,h7h6 e4e5 f6d5 e5d6 c7d6 c3d5 c6d5 d1a4 d8d7 a4b3
r4qk1/1pp2pp1/p3R2p/P2n3P/5Q2/8/1P3PP1/4RBK1 b - -,d5f4 e6e4 f4e6 b2b4 a8d8 f1c4 g8h8 c4a2 f8d6 a2c4
r3k2r/1p2bp2/p2qb1Np/3p2p1/3P4/1PN1Q2P/1PP3P1/4RRK1 b kq -,h8g8 g6e7 e8e7 c3d5 d6d5 c2c4 d5d6 d4d5 a8d8 g1h1
r5k1/3R1ppp/p7/1pb5/8/1P3P2/6PP/7K b - -,a8b8 g2g4 a6a5 d7d5 c5e7 f3f4 e7f8 h1g2 a5a4 b3a4
8/p1Rb2k1/1p6/1P1P4/4P3/5p1r/P7/5K2 b - -,
2k1r2r/p3q2p/3npRpQ/2ppP3/8/2P5/PP1N2PP/4R1K1 b - -,c8b8 h6f4 d6b7 c3c4 e7d8 h2h3 e8e7 c4d5 d8d5 g1h1
r1b1rnk1/pp2q1pp/2nbp3/2ppP2Q/3P4/PP1BPR2/1BPN2PP/R5K1 b - -,g7g6 e5d6 g6h5 d6e7 e8e7 d4c5 f8g6 f3h3 c6e5 b2e5
2r1r2k/2q1bp2/pB1p2p1/1p1Pp1Pp/7P/1P3B2/P1P1QP2/1KR3R1 b - -,c7d7 f3h5 d7b7 b6e3 h8g7 h5g4 c8c3 e3d2 b5b4 d2c3
4r1k1/1r2qb2/2p3p1/2Pp1p1p/1p1Rn2P/1P2P1P1/2Q2PBK/2R1N3 b - -,g6g5 h4g5 e7g5 e1f3 g5f6 c2b2 f7g6 f3h4 g8h7 d4d2
2Q5/2p3Pk/2p5/5p2/3P2q1/2r2N2/P5BK/8 b - -,
4r1k1/5pp1/2p5/p5qn/2PQN1Pp/5P1P/P3P3/3R2K1 b - -,g5g6 d4d6 f7f6 d6c6 g8h7 c6d7 e8e5 d7d2 a5a4 g1f2
rn2k2r/pp1bppbp/1q1p1np1/2pP4/4P3/2N5/PPP1BPPP/R1BQK1NR b KQkq -,b6a5 c1d2 e8h8 g1f3 e7e6 e1h1 e6d5 e4d5 f8e8 a2a4
r3k2r/p3pp1p/2N1b1p1/8/4n3/P3PN2/1bR2PPP/4KB1R b kq -,b2c3 c2c3 e4c3 f3d4 e6d5 f1a6 d5g2 h1g1 g2c6 d4c6
2Q5/8/p7/P5pP/3p2P1/3kR3/8/6K1 b - -,e6d7 c2b2 d7c6 f3e5 c6d5 f1b5 e8f8 f2f3 e4d6 e3e4
4r1k1/5pp1/5n2/p1p1q3/2P1P1Pp/2N2P1P/P4Q2/2R3K1 b - -,f6h5 c3d5 h5f4 d5f4 e5f4 c1f1 e8d8 f2h2 f4h2 g1h2
8/4k3/5p2/7p/5K2/4P3/8/8 b - -,f6d7 c3d5 e8b8 c1d1 g7g5 f3f4 e5e4 f4g5 b8b1 d1b1
1r4k1/5pp1/5n2/p1p5/2P1P1P1/5PQP/Pq2N3/3R2K1 b - -,b8e8 e2c1 f6h7 g3f4 b2c2 f4d2 c2c4 g1f2 c4b5 c1e2
5k2/5p1B/2Q2p1b/7r/1q6/2NR2PP/P1r2P2/1R4K1 b - -,b4b1 g1g2 f8g7 c6e8 b1b7 d3d5 g7h7 e8e4 h7g7 d5h5
r1b1nrk1/p7/2p1p1B1/4P3/1p2N3/6P1/PP6/2KR3R b - -,a8b8 g6e8 f8e8 e4f6 g8f7 f6e8 f7e8 g3g4 e8f7 d1d8
4r1k1/1r2qb2/2p5/2Pp1pPp/1p1Rn3/1P2P1P1/2Q2PBK/2R1N3 b - -,e7g5 e1f3 g5f6 c2b2 f7g6 f3h4 g8h7 c1c2 e8f8 h2g1
2r3k1/p4pp1/7p/4q3/8/5B2/bP1Q1PPP/R5K1 b - -,
r1b1n1k1/p3q3/2p1p1pQ/1p2Pr2/8/2N5/PPB3P1/2KR3R b - -,e7g5 h6g5 f5g5 d1d8 c8b7 d8d7 a8b8 c3e4 g5f5 e4c5
rn1qk2r/pp3ppp/2pbpnb1/3p4/3P2PN/2P4P/PP2PPB1/RNBQ1RK1 b kq -,g6b1 a1b1 f6g4 e2e4 g4h2 d1b3 h2f1 b3b7 b8d7 b7c6
4rk2/2p2ppp/2N2n2/4p3/2b1P3/5P2/2PB2PP/R5K1 b - -,h7h6 a1a5 f6d7 d2b4 f8g8 a5a7 g8h7 a7c7 c4e6 b4d6
8/3P1pp1/6k1/p5R1/4P1P1/5P1P/P1p5/6K1 b - -,h7h6 a1a5 f6d7 d2b4 f8g8 a5a7 g8h7 a7c7 c4e6 b4d6
5k2/1R3p2/6pp/1n6/P1p5/4P2P/1r3PPK/2R5 b - -,f8g8 c1c4 h6h5 b7b5 b2f2 c4c7 f2f6 b5b7 g8g7 h3h4
1Rr4k/p5b1/4pN1R/3pP3/8/P1q5/K7/8 b - -,f8g8 c1c4 h6h5 b7b5 b2f2 c4c7 f2f6 b5b7 g8g7 h3h4
2q4r/1p2kp2/2b1p3/6Q1/8/5P2/P5PP/1R1R3K b - -,e7f8 d1d8 c8d8 g5d8 f8g7 d8g5 g7f8 b1b4 f8e8 g5e5
4r1k1/5pp1/5n2/p1p5/2P2qPp/2N2P1P/P3P3/3RQ1K1 b - -,g7g5 g1g2 e8e3 c3d5 f6d5 d1d5 f4c4 d5g5 g8f8 g2f2
3R4/4B3/1k6/8/1b1P2p1/2p5/5P2/6K1 b - -,c3c2 d8c8 b4e7 g1g2 e7f6 c8c2 f6d4 g2g3 b6b5 g3g4
r1b1n1k1/p6p/2p1p1P1/1p2P3/8/2N2rP1/PPB5/2KR3R b - -,b5b4 g6h7 g8h8 c3e4 c8a6 e4g5 f3f8 g5e6 f8f2 d1d7
1r1k3r/6pp/4R3/p3P3/P2p2P1/3qB2Q/7P/5RK1 b - -,d3e3 h3e3 d4e3 f1d1 d8c8 e6c6 c8b7 c6c3 h8d8 d1d8
3r3k/1r6/2p3Q1/2P4p/p2P3q/P7/5PK1/6R1 b - -,d3e3 h3e3 d4e3 f1d1 d8c8 e6c6 c8b7 c6c3 h8d8 d1d8
r3k2r/ppp2p1p/4bBp1/2b1P3/5P2/8/PPP3BP/R3K2R b KQ -,h8g8 g2b7 a8b8 e1a1 e8f8 b7e4 e6f5 h1e1 h7h5 a2a4
2r1r2k/4bp2/pq1p2p1/1p1Pp1PB/7P/1P6/P1P1QP2/1KR3R1 b - -,b6a5 h5g4 c8c4 h4h5 h8g7 h5g6 f7g6 g1h1 e8f8 f2f4
6rk/ppp1q2R/2n1pbr1/2P5/3P1P2/P3PN2/1PQ3P1/2K4R b - -,e7h7 h1h7 h8h7 g2g4 h7g7 g4g5 f6e7 f3h4 g7f7 d4d5
2R5/4b3/1k6/8/3P2p1/2p5/5P2/6K1 b - -,e7f6 c8c3 f6d4 c3c4 d4a1 g1g2 b6b5 c4e4 b5c5 g2g3
r2q2k1/p1p2ppp/bbQn4/8/8/2P5/PP3PPP/RNB1N1K1 b - -,b6f2 g1h1 a6b7 c6a4 f2e1 b1d2 b7g2 h1g2 d8g5 g2f1
4r1k1/1r3b2/2p5/2Pp1pqp/1p1Rn3/1P2PNP1/2Q2PBK/2R5 b - -,g5f6 c2b2 f7g6 d4d2 e4c3 f3h4 b7a7 c1a1 e8a8 a1a4
1r1k3r/6pp/4R3/p3P3/P2p2P1/4Q3/7P/5RK1 b - -,d4e3 f1d1 d8c8 e6c6 c8b7 c6c3 h8d8 d1d8 b8d8 c3e3
8/p2R4/1p3k2/1P1P4/4P3/5p1r/P7/5K2 b - -,
rn1qkbnr/pp3ppp/4p3/3p1b2/3P1BP1/8/PPPN1P1P/R2QKBNR b KQkq -,e6e5 d4e5 f5e6 h2h3 b8c6 g1f3 h7h5 g4h5 d8b6 d2b3
rn1q1rk1/pp3ppp/5n2/3p4/4P1b1/1N1B1P2/PP1N2PP/R2Q1RK1 b - -,g4h5 e4e5 f6d7 d1e1 a7a5 a2a4 b8c6 f3f4 c6b4 e1e3
r5k1/2R2ppp/8/ppb5/8/1P3P2/6PP/7K b - -,c5f8 f3f4 a5a4 b3a4 b5a4 c7c1 a4a3 g2g4 g7g6 f4f5
1n6/8/5Bp1/3b1PKP/8/6b1/p5k1/7R b - -,b8d7 h1d1 d7f6 g5g6 g3e5 h5h6 f6e4 d1c1 e5b2 c1e1
1rbq1rk1/1p4bp/3p4/pNnP1p2/2Pp4/P4B1P/3N1PP1/1R1Q1RK1 b - -,a5a4 f3h5 d4d3 d2f3 d8f6 f3e1 f6h6 e1d3 c5d3 d1d3
1r3rk1/p4ppp/2b1pn2/2qpN3/5P1P/2N5/PPPQ1PP1/2KR3R b - -,c5d6 d2d4 b8b7 h4h5 h7h6 e5d3 f8c8 g2g4 c6e8 g4g5
5rk1/4pp1p/p1bp2p1/8/P1PrPPP1/K2B3P/P2R4/4R3 b - -,f8c8 a4a5 g8g7 d2d1 c8b8 g4g5 g7f8 e1e3 f8g7 d1d2
2Q5/8/p6P/P5p1/3p2P1/4k3/8/6K1 b - -,f8c8 a4a5 g8g7 d2d1 c8b8 g4g5 g7f8 e1e3 f8g7 d1d2
4r1k1/5pp1/5n2/p1p5/2P1P1P1/5PQP/Pq6/2NR2K1 b - -,b2c3 g3f4 c3c4 f4d2 f6h7 g1f2 c4b5 c1e2 h7f8 e2f4
r1q3k1/1p3ppp/2p2b2/3pB3/p2P4/2PbQN1P/PP3PP1/4R1K1 b - -,f6e5 f3e5 d3c2 e3c1 c2e4 f2f3 e4g6 e5g6 h7g6 c1g5
r3Qr1k/pp4pp/6b1/8/2B5/5pP1/PP3P1P/2RR2K1 b - -,g6e8 c4d5 e8c6 d5c6 b7c6 c1c6 a8d8 c6c1 d8d1 c1d1
5k2/5p2/6pp/1R6/P7/2p1P2P/1r3PPK/2R5 b - -,b2e2 c1c3 f8g7 a4a5 h6h5 c3c7 e2a2 b5b7 g6g5 c7f7
r1b2rk1/p3q2P/2p1pn2/1p6/5p2/2N5/PPBQ2P1/2KR3R b - -,e7h7 c2h7 f6h7 d2d3 f8f5 d3h3 h7f8 h3h8 g8f7 c3e4
3Q4/5pp1/8/p5k1/4P1P1/5P1P/P1p5/6K1 b - -,e7h7 c2h7 f6h7 d2d3 f8f5 d3h3 h7f8 h3h8 g8f7 c3e4
rnbqk2r/1pppppbp/5np1/p5B1/P1PP4/2N5/1P2PPPP/R2QKBNR b KQkq -,h7h6 g5f4 d7d6 h2h3 b8c6 g1f3 c6b4 e2e4 e8h8 f1e2
4r1k1/1r3b2/2p2q2/2Pp1p1p/1p1Rn3/1P2PNP1/1Q3PBK/2R5 b - -,f7g6 f3h4 g8h7 d4d2 b7a7 b2f6 e4f6 h4f3 f6g4 h2g1
rn1qkbnr/pp3ppp/4p1b1/3p4/3P1BP1/8/PPPNNP1P/R2QKB1R b KQkq -,h7h5 g4g5 b8c6 c2c3 f8d6 f4d6 d8d6 f1g2 h5h4 h2h3
r1b1n1k1/p7/2p1p1B1/1p2P3/8/2N2rP1/PP6/2KR3R b - -,e8c7 h1h7 c7d5 c3e4 a8b8 d1d5 e6d5 e4f6 f3f6 e5f6
r1r3k1/p4pp1/1q2p3/1p1nN2p/3R4/P1P3P1/1P2QP1P/3R2K1 b - -,b6c7 d4h4 f7f5 e5g6 c8e8 h4h5 g8f7 d1d5 f7g6 h5h8
1r1k3r/6pp/4R3/p3P3/P5P1/4p3/7P/3R2K1 b - -,d8c8 e6c6 c8b7 c6c3 b8d8 d1d8 h8d8 c3e3 d8d1 g1f2
r1bqkb1r/1p3p1p/p1n2p2/3p4/3P4/1QN5/PP2NPPP/R3KB1R b KQkq -,c8e6 g2g3 f8h6 f1g2 e8h8 e1h1 f8e8 b3d1 f6f5 f1e1
2Q5/2p3Pk/2p5/5p2/3P1q2/2r2N2/P5B1/6K1 b - -,
r4rk1/pb2q2p/2p1pNp1/1p2P2n/8/8/PPBQ2P1/2KR3R b - -,e7f6 e5f6 h5f6 d2h6 a8c8 d1d7 f8f7 d7f7 g8f7 h1f1
rn1q1rk1/pp3ppp/5n2/8/4N1b1/1N1B1P2/PP4PP/R2Q1RK1 b - -,g4f5 e4f6 d8f6 d3f5 f6f5 a1c1 f5b5 f1e1 b8c6 d1e2
r1bq1rk1/pppp1pbp/2n1pnp1/4P3/2BP4/5Q1N/PPP2PPP/RNB1K2R b KQ -,f6e8 f3d3 d7d6 f2f4 c6a5 c1e3 b7b6 b1c3 c8b7 e1h1
5rk1/p4pbp/1q4p1/3p4/3N4/2P4P/PP2QPP1/R5K1 b - -,g7d4 c3d4 b6d4 a1d1 d4e4 e2d3 f8c8 d3d5 e4d5 d1d5
r1b1rRk1/ppb1q1pp/2n1p3/2ppP2Q/3P4/PP1BP3/1BPN2PP/R5K1 b - -,g7d4 c3d4 b6d4 a1d1 d4e4 e2d3 f8c8 d3d5 e4d5 d1d5
r5k1/1R3ppp/3b4/pp6/8/1P3P2/6PP/7K b - -,a5a4 b3a4 b5a4 h1g1 a4a3 b7b1 a3a2 b1a1 g7g6 g1f2
r2r1k1Q/pp2npp1/1q2pb1p/1b1n4/3P4/P2B1N2/1P2NPPP/R1B1R1K1 b - -,e7g8 d3b5 b6b5 e2c3 d5c3 b2c3 g7g5 a3a4 f6h8 a4b5
4r1k1/5pp1/2pQ2q1/p6n/2P1N1Pp/5P1P/P3P3/3R2K1 b - -,h5g3 d6g6 f7g6 e4g3 h4g3 e2e4 e8b8 g1g2 b8b4 d1d8
8/8/8/1P2k3/6p1/2K2P2/5P2/8 b - -,h5g3 d6g6 f7g6 e4g3 h4g3 e2e4 e8b8 g1g2 b8b4 d1d8
8/p2R4/1p6/1P1Pk3/4P3/5p1r/P4K2/8 b - -,
4r1k1/1r6/2p2qb1/2Pp1p1p/1p1Rn2N/1P2P1P1/1Q3PBK/2R5 b - -,g8h7 c1c2 e8f8 h2g1 h7h6 b2a1 g6h7 c2c1 b7b5 a1a7
2k1r2r/p3q2p/4pRp1/2ppPn2/5Q2/2P5/PP1N2PP/4R1K1 b - -,c8b8 d2f3 e7d7 b2b4 b8a8 g2g4 f5g7 b4c5 h7h5 f3d4
2Q5/7P/p7/P5p1/6P1/3pk3/8/6K1 b - -,c8b8 d2f3 e7d7 b2b4 b8a8 g2g4 f5g7 b4c5 h7h5 f3d4
8/5pp1/6k1/p7/4P1P1/5P1P/P1pQ4/6K1 b - -,c8b8 d2f3 e7d7 b2b4 b8a8 g2g4 f5g7 b4c5 h7h5 f3d4
r2q2k1/p1p2ppp/b1Qn4/8/8/2P5/PP3KPP/RNB1N3 b - -,d8h4 g2g3 h4h2 e1g2 a8e8 c1e3 d6e4 c6e4 e8e4 b1d2
4b2k/7P/2p1p3/pp6/3Q4/8/PP3nP1/2KB1r2 b - -,e6e5 d4e5 h8h7 e5e7 h7h6 e7e8 c6c5 e8h5 h6g7 c1c2
r1r3k1/pp1b1ppp/1qn1pn2/3p4/NP1P1P2/P4NP1/3Q1P1P/RB3RK1 b - -,c6d4 d2d4 d7a4 b1d3 f6e8 f1c1 b6d4 f3d4 e8d6 c1c5
8/3R2kp/1p4p1/8/8/2P2K1P/r7/8 b - -,
5k2/5p2/6pp/PR6/8/2p1P2P/r4PPK/2R5 b - -,h6h5 c1c3 a2f2 c3c7 f2a2 b5b7 f8g8 c7f7 a2a5 f7g7
rn1q1rk1/pp3ppp/5n2/5b2/8/1N1B1P2/PP3NPP/R2Q1RK1 b - -,f5e6 b3c5 e6d5 a1c1 b8d7 c5d7 d8d7 b2b3 f8d8 d1c2
r5k1/pp1b2q1/2p4r/3p4/1P1Np2P/P7/4P1Q1/3R1RK1 b - -,h6g6 f1f2 e4e3 g1h2 e3f2 g2f2 g7e5 h2h1 a8f8 d4f3
4r3/2r1bpk1/pq1p2p1/1p1Pp1PP/6B1/1P6/P1P1QP2/1KR3R1 b - -,e7g5 c1d1 e8h8 h5g6 f7g6 g4f5 h8h5 f5g6 g7g6 f2f4
r1b2r1k/p3q2P/2p1pn2/1p6/5Q2/2N5/PPB3P1/2KR3R b - -,c8d7 f4e5 e7g7 c3e4 f6d5 e5g7 h8g7 e4c5 a8d8 h1e1
8/8/8/1P2k3/2K5/5p2/5P2/8 b - -,c8d7 f4e5 e7g7 c3e4 f6d5 e5g7 h8g7 e4c5 a8d8 h1e1
r5r1/1p2kp2/p2qb2p/3p1Rp1/3P4/1PN1Q2P/1PP3P1/4R1K1 b - -,e7d8 f5f6 d8c7 f6h6 g5g4 h3h4 a8e8 e3e5 d6e5 e1e5
r1q3k1/1p3ppp/2p5/3pN3/p2P4/2P4P/PPb2PP1/2Q1R1K1 b - -,c2e4 f2f3 e4g6 e5g6 h7g6 c1g5 b7b6 a2a3 c8a6 g1f2
5k2/4qp1B/2Q2p1b/3N3r/8/3R2PP/P1r2P2/1R4K1 b - -,c2c6 d5e7 f8e7 b1b7 e7e6 h7g8 h5c5 b7f7 c6c8 f7c7
4r3/1r5k/2p2qb1/2Pp1p1p/1p2n2N/1P2P1P1/1Q1R1PBK/2R5 b - -,b7a7 b2f6 e4f6 h4f3 h7g7 f3d4 e8c8 h2g1 f6d7 d2d1
3r1r1k/1q4pb/2R5/1P4pQ/1p1b4/3B4/5PPP/4R1K1 b - -,d4f2 g1h1 d8d3 e1f1 b7b5 f1f2 d3d8 c6f6 g7f6 h2h3
r1b1nrk1/p3q2p/2p2bP1/1p2pp2/4N3/2N5/PPBQ2P1/2KR3R b - -,
1r3rk1/pppq1pp1/7p/n2pNb2/3P1P2/1QP3P1/P4PBP/R4RK1 b - -,a5b3 e5d7 b3a1 d7b8 a1c2 b8a6 b7a6 g2d5 f8b8 d5b3
r1b1rk2/ppb1q1pp/2n1p3/2ppP2Q/3P4/PP1BP3/1BPN2PP/5RK1 b - -,d7d8 b3d5 d8d5 g2d5 b8d8 d5f3 f5e6 f1e1 f8e8 g3g4
2r3k1/p1q2pp1/7p/8/8/5B2/RP1Q1PPP/6K1 b - -,
6nr/1b1kb2p/pp1qN1pP/2pP2P1/P3N3/3Q4/1PP5/2KRR3 b - -,d6b8 d3h3 b8e8 e6g7 d7c7 g7e8 c7b8 h3g3 b8a7 g3e5
8/p3R3/1p6/1P1P4/4k3/5p1r/P4K2/8 b - -,
rn1qkbnr/ppp2p2/4p1p1/6Pp/3PPN1P/2N1B3/PPP1Q3/R3K2R b KQkq -,b7b6 e1a1 f8g7 d4d5 e6e5 f4e6 f7e6 d5e6 d8c8 c3d5
7r/2r1bpk1/pq1p2pP/1p1Pp1P1/6B1/1P6/P1P1QP2/1KR3R1 b - -,h8h6 g5h6 g7h8 g4f5 b6d4 f5g6 d4h4 g6e4 e7g5 g1g4
r3k1r1/pBp2p1p/4bBp1/2b1P3/5P2/8/PPP4P/R3K2R b KQ -,a8b8 e1a1 e8f8 b7e4 e6f5 h1e1 h7h5 a2a4 a7a6 e4c6
4q3/5pK1/1p6/8/6k1/4N3/1Q6/8 b - -,
5k2/5p2/6pp/P1R5/8/4P2P/r1p2PPK/2R5 b - -,f8g7 c1c2 a2a4 c5b5 h6h5 c2c7 a4a2 b5b7 a2f2 a5a6
r5k1/p1p2ppp/b1Qn4/8/7q/2P3P1/PP3K1P/RNB1N3 b - -,h4h2 e1g2 a8e8 c1e3 d6e4 c6e4 e8e4 b1d2 e4e3 f2e3
r1b1kb1r/1p1n1ppp/1qn1p3/p2pP3/Q2P4/3B1N2/PP1N1PPP/R1B2RK1 b kq -,f7f6 a4d1 f8e7 e5f6 d7f6 d2b1 c6b4 d3e2 e8h8 b1c3
rn1qkb1r/pp1bpp1p/3p1np1/8/3NP3/3B4/PPP2PPP/RNBQ1RK1 b kq -,
r2qk2r/pp2bppp/2npb3/2p5/2P1P3/3Q1N2/PP2BPPP/R1B1K2R b KQkq -,e7f6 e1h1 d8e7 c1f4 f6e5 f4c1 e8h8 f3e5 d6e5 d3g3
2r1r1k1/2q1bpp1/p2pbn1p/1p6/4P3/3Q2NP/PP3PP1/RBB1R1K1 b - -,b5b4 c1f4 a6a5 d3d2 e7f8 b1d3 c7b7 b2b3 f6d7 g3f5
3rnk2/1pp1r1Pq/p1bp1pR1/5Pn1/4PQ2/2N1BB2/PPP5/2K3R1 b - -,f8f7 g7g8b h7g8 g6g8 f7g8 g1g5 e7g7 g5g7 e8g7 f4h6
r2r1knQ/pp3ppB/1q2pb1p/1b1n4/3P4/P4N2/1P2NPPP/R1B1R1K1 b - -,b5e2 e1e2 g7g6 c1h6 f8e7 h6g5 g8h6 h8f6 d5f6 h7g6
4r3/r6k/2p2Qb1/2Pp1p1p/1p2n2N/1P2P1P1/3R1PBK/2R5 b - -,e4f6 h4f3 f6g4 h2g1 a7a3 f3d4 e8c8 g2h3 h7g7 f2f3
rnb1kbnr/pp2qpp1/2p4p/4p3/P3P3/2N2N2/1PP1BPPP/R1BQK2R b KQkq -,e7c7 e2c4 g8f6 f3h4 b8d7 e1h1 d7c5 c1e3 c5e6 d1f3
8/8/3k4/1P6/3K4/5p2/5P2/8 b - -,e7c7 e2c4 g8f6 f3h4 b8d7 e1h1 d7c5 c1e3 c5e6 d1f3
r1b2r1k/p3q2P/2p2n2/1p2p1Q1/8/2N5/PPB3P1/2KR3R b - -,a7a5 h1f1 c8g4 f1f6 e7f6 g5g4 a8d8 d1e1 f6f4 g4f4
1r3n1k/2q2r1p/p2p1pNQ/3Pp1pP/8/1P3P2/P1P3R1/2K3R1 b - -,
2r3k1/p4pp1/7p/8/8/5B2/RP3PPP/2qQ2K1 b - -,
1r2k1r1/pBp2p1p/4bBp1/2b1P3/5P2/8/PPP4P/2KR3R b - -,c5e7 b7c6 e8f8 d1d4 h7h6 c6e4 e6g4 b2b3 b8b6 f6e7
7k/p5R1/4pNRp/3pP3/2r5/P7/2q5/K7 b - -,c5e7 b7c6 e8f8 d1d4 h7h6 c6e4 e6g4 b2b3 b8b6 f6e7
8/5kpp/p2B1p2/P2p1P2/8/2K1P3/6PP/3r4 b - -,d1a1 c3b4 a1c1 g2g3 f7e8 h2h3 e8d7 d6f8 g7g6 f5g6
8/R7/1p6/1P1k4/8/5p1r/P4K2/8 b - -,
2q4r/1p1bkp2/4p3/8/8/5PQ1/P2R2PP/3R3K b - -,h8h7 g3g5 f7f6 d2d7 c8d7 d1d7 e7d7 g5f6 b7b5 h1g1
rn1qk2r/pp3ppp/2pbpnb1/3p4/3P2P1/2P2N1P/PP1NPPB1/R1BQ1RK1 b kq -,b8d7 d1b3 b7b6 b3a4 b6b5 a4d1 h7h6 a2a4 a7a5 a4b5
3rnk2/1pp3rq/p1bp1pR1/5Pn1/4PQ2/2N1BB2/PPP5/2K4R b - -,h7g8 f3h5 g8h8 f4g4 d8d7 e3g5 f6g5 g6e6 d7f7 h1h3
8/5pk1/6pp/P1R5/8/4P2P/r1R2PPK/8 b - -,g6g5 c2a2 h6h5 a5a6 g5g4 h3g4 h5g4 a6a7 g4g3 h2g3
4r3/r6k/2p2nb1/2Pp1p1p/1p6/1P2PNP1/3R1PBK/2R5 b - -,h7g7 f3d4 e8c8 h2g1 f6g4 d2d1 a7a2 d1f1 g4e5 c1a1
1rbq1rk1/p1n1ppbp/1p1p1np1/2pP4/P3PP2/2NB1N2/1PP3PP/R1B1QR1K b - -,c7a6 f4f5 a6b4 e1h4 b4d3 c2d3 g6f5 h2h3 f5e4 d3e4
3r3k/1q3Bpb/2R4p/1P5Q/1p6/8/6PP/4b2K b - -,e1c3 f7c4 b7a7 h5f3 a7a1 f3f1 a1f1 c4f1 h7e4 f1e2
4q3/5pK1/1p6/4N3/6k1/8/1Q6/8 b - -,e1d2 f7b3 b7a7 b5b6 a7a8 c6c7 a8a1 h5d1 a1d1 b3d1
8/8/4B3/8/8/8/1k1N4/3K4 b - -,
2r3k1/p4pp1/7p/8/8/8/RP3PPP/3B2K1 b - -,
7r/2r1bp1k/pq1p2pP/1p1PpBP1/8/1P6/P1P1QP2/1KR3R1 b - -,h8g8 f5e4 h7h8 g1g4 b6c5 c1f1 e7d8 f2f4 e5f4 f1f4
r2qr1k1/pp3p2/2pb2p1/3pNn2/3P1P1p/2NQP2P/PP3RP1/4R1K1 b - -,g8g7 f2f3 d8a5 e1f1 a5c7 c3e2 e8h8 b2b4 a8e8 a2a3
r3k2r/q4p2/2p1b1p1/3p2RP/P5P1/1P4Q1/6B1/1K1R4 b - -,h8g8 h5g6 e8e7 g3h4 e7d7 g6f7 g8f8 g2d5 c6d5 d1d5
8/6p1/4k2p/1pp3p1/1P6/2K2P2/P5PP/8 b - -,
2r1r1k1/p3qppp/bppn1n2/3p4/3P4/1P3PP1/PBQ1PNBP/2R1R1K1 b - -,f6d7 g2h3 a6b7 c1d1 c8d8 c2c1 d7f6 h3g2 e7e3 c1c2
8/R7/1p6/1P1k4/8/5K2/P6r/8 b - -,
rnbq1rk1/ppp1ppbp/6p1/3N4/3P1B2/7P/PP2PPP1/R2QKBNR b KQ -,d8d5 g1f3 c7c5 f4e5 b8c6 e5g7 g8g7 d4c5 d5c5 e2e3
3r1r1k/1q3Bpb/1b2N2p/1P5Q/1p1P4/8/5PPP/2R1R1K1 b - -,b6d4 e6d8 f8d8 f7b3 h7e4 h5h4 d8f8 h4e4 d4f2 g1h1
rnb1k2r/pp2bppp/4pn2/q1pp4/3P1B2/2N1PN2/PPP2PPP/R2QKB1R b KQkq -,f6e4 d4c5 e4c3 d1d2 b8d7 d2c3 a5c3 b2c3 d7c5 c3c4
rnb1k1nr/pp3ppp/4p3/q1p5/1b1P4/2N2N2/PPQBPPPP/R3KB1R b KQkq -,c5d4 f3d4 e6e5 d4b3 a5c7 a1c1 c8e6 e2e4 b8d7 c2d1
r4rk1/1pp2ppp/p1n2p2/q7/1bBP4/P1N1P3/1P1B1PPP/R2Q1RK1 b - -,b4c3 d2c3 a5b6 c4a2 a8d8 d1h5 c6e7 c3b4 d8d7 h2h4
rn1qk2r/p3ppbp/2pP2p1/3n4/1p1PN1b1/3BBN2/PPPQ1PPP/R3K2R b KQkq -,e7d6 e3g5 d8c7 h2h4 b8d7 h4h5 e8h8 g5h6 d7f6 h6g7
rnbqkbnr/1p3pp1/p2pp2p/8/2B1P3/5N2/PPP2PPP/RNBQ1RK1 b kq -,f8e7 c4d3 g8f6 c2c4 b8d7 b1c3 b7b6 h2h3 e8h8 c1e3
2b3Rr/2kn1n1P/4p3/q2pP3/p1pP4/P4Q2/2B2PP1/R5K1 b - -,f7e5 d4e5 h8h7 c2h7 d5d4 g8c8 c7c8 f3c6 a5c7 c6a6
3r1r1k/1q4pb/2R5/1P4pQ/1p6/3B4/5bPP/4R2K b - -,d8d3 e1f1 b7b5 f1f2 d3d8 c6f6 g7f6 h2h3 b4b3 h5e2
rnb1kbnr/pp2qpp1/2pp3p/4P3/4P3/2N2N2/PPP1BPPP/R1BQK2R b KQkq -,d6e5 a2a4 e7c7 e2c4 g8f6 f3h4 b8d7 e1h1 d7c5 c1e3
r2qk2r/pp1n1ppp/2pbpnb1/3p4/3P2P1/2P2N1P/PP1NPPB1/R1BQR1K1 b kq -,a7a5 d1b3 b7b6 c3c4 e8h8 f3h4 a5a4 b3c3 f6e4 d2e4
5k2/5p1p/2N3p1/p7/8/1P5P/P3KPP1/2b5 b - -,f8e8 c6a5 e8d7 e2d3 h7h5 b3b4 g6g5 a2a4 g5g4 h3g4
r1b2rk1/pp3p1p/2n2p2/q1bp4/8/3BPN2/P2N1PPP/1R1Q1RK1 b - -,a5c7 d1c2 b7b6 d3h7 g8g7 h7f5 f8h8 f5c8 c7c8 b1d1
6k1/5rp1/8/p5p1/3PR1P1/2P2p1P/5P2/6K1 b - -,g8h7 e4e1 f7c7 e1a1 c7c3 a1a5 h7g6 g1h2 c3d3 a5a6
8/R4p2/4p1p1/4P3/4Pk1P/1r6/6KP/8 b - -,
8/R7/1p6/1P1k4/8/7r/P3K3/8 b - -,
3rnkq1/1pp3r1/p1bp1p1R/5Pn1/4PQ2/2N1BB2/PPP5/2K4R b - -,g5f3 h6h8 f3e5 h8g8 g7g8 a2a4 d8d7 f4f2 g8g4 e3f4
8/3n4/5BpP/3b1PK1/8/6b1/p5k1/7R b - -,d7f6 h1d1 d5b3 d1c1 g3e5 c1e1 g2f2 e1h1 b3d5 h1d1
r4rk1/2qnbppp/3p4/p2Pp1P1/1p5P/1N1QBP2/PPP5/1K1R3R b - -,f7f5 g5f6 d7f6 b3d2 f6h5 d1g1 c7d7 e3g5 h5f4 g5f4
7k/p5R1/4pNRp/3pP3/2r5/P7/K7/2q5 b - -,f7f5 g5f6 d7f6 b3d2 f6h5 d1g1 c7d7 e3g5 h5f4 g5f4
8/8/p4pk1/P2p3p/5P1P/1K6/8/8 b - -,f7f5 g5f6 d7f6 b3d2 f6h5 d1g1 c7d7 e3g5 h5f4 g5f4
r5k1/p1p2ppp/b1Qn4/8/8/2P3P1/PP3KNq/RNB5 b - -,a8e8 c6e8 d6e8 c1f4 e8f6 b1d2 f6g4 f2f3 a6b7 f3e2
r3k2r/pp1qppbp/3p1np1/4n1B1/3NP3/2N4P/PPP2PP1/R2Q1RK1 b kq -,e5c6 f1e1 e8h8 d4f3 h7h6 g5f6 g7f6 e4e5 f6g7 e5d6
6k1/p4pp1/7p/8/8/8/RP3PPP/2rB1K2 b - -,
rnbqk2r/ppp1B1pp/3p4/3npp2/4P3/2N2P2/PPP3PP/R2QKBNR b KQkq -,d5e7 f1c4 b8d7 g1e2 e7c6 a2a4 f5e4 e1h1 e4f3 f1f3
4kr2/6pp/4n3/p2pP1P1/P7/1r1qBR1Q/7P/5RK1 b - -,f8f5 f3f5 d3e3 h3e3 b3e3 f1b1 d5d4 b1b6 e6c7 g1f2
1rbq1rk1/2n1ppbp/pp1p1np1/2pP4/P3PP1Q/2NB1N2/1PP3PP/R1B2R1K b - -,c8d7 f4f5 b6b5 c1h6 f6h5 h6g5 h5f6 a4b5 a6b5 g5h6
8/8/p4pk1/P2p3p/2r2B1P/1K4P1/8/8 b - -,c8d7 f4f5 b6b5 c1h6 f6h5 h6g5 h5f6 a4b5 a6b5 g5h6
8/5B2/8/6k1/4K3/5N2/8/8 b - -,c8d7 f4f5 b6b5 c1h6 f6h5 h6g5 h5f6 a4b5 a6b5 g5h6
5r2/p2q2Qp/6k1/3p1R1b/5B2/8/PP3PP1/4R1K1 b - -,g6g7 f4e5 g7g8 f5h5 f8f5 h5h3 d5d4 h3g3 g8f8 e5g7
3r1r1k/1q5b/2R3B1/1P4pQ/1p6/8/5bPP/4R2K b - -,f2e1 h5e2 e1c3 c6f6 c3f6 g6c2 d8e8 c2e4 e8e4 e2f2
1rbq1rk1/1p4bp/3p4/pNnP1p1B/2Pp4/P6P/3N1PP1/1R1Q1RK1 b - -,a5a4 d2f3 d4d3 f3e1 d8g5 f2f4 g5h4 e1d3 c5d3 d1d3
2r1r1k1/2q1bpp1/p2pbn1p/1p6/4P3/3Q2NP/PPB1RPP1/R1B3K1 b - -,e6c4 d3c3 b5b4 c3d4 c4e2 c2b3 e2c4 c1e3 c4b3 a2b3
8/R7/1p6/1P1k4/8/4K3/P6r/8 b - -,
r1b1k2r/1pqpppbp/2n2np1/p7/2PNP3/2N1B3/PP1Q1PPP/R3KB1R b KQkq -,a5a4 d4b5 c7a5 f1e2 d7d6 e1h1 f6g4 e3g5 h7h6 g5f4
2rqr1k1/pp2ppbp/5np1/2nP4/5B2/2N2Q1P/PPB2PP1/R3R1K1 b - -,b7b5 a2a3 c5b7 e1e2 a7a6 a1e1 b7d6 c2d3 f6h5 f4d2
r4rk1/2qnbppp/3p4/3Pp1P1/pp5P/3QBP2/PPPN4/1K1R3R b - -,f7f5 d2c4 d7c5 d3d2 a4a3 e3c5 c7c5 b2b3 f8e8 h4h5
1r4k1/p7/b3p3/1p6/5r2/2N2B2/PP4P1/2KR3R b - -,a6b7 h1h3 b5b4 d1h1 b7f3 g2f3 b4c3 h3h8 g8g7 h8b8
6k1/p4pp1/7p/8/8/8/RP2KPPP/3r4 b - -,
r1r3k1/p4p2/1q2p1p1/1p1nN2p/3R2P1/P1P5/1P2QP1P/3R2K1 b - -,h5h4 g4g5 b6d6 d4h4 c8e8 d1d3 d6e7 e2g4 e7c7 g4e4
7k/p5R1/4pNRp/3pP3/8/PK6/2r5/2q5 b - -,h5h4 g4g5 b6d6 d4h4 c8e8 d1d3 d6e7 e2g4 e7c7 g4e4
2r1qrk1/4ppbp/2b2nP1/1p2B3/p7/1BN1QP2/PPP3P1/2KR3R b - -,a4b3 g6h7 g8h8 a2b3 c8a8 e3g5 a8a1 c3b1 c6d7 d1d3
4q3/5pK1/1p6/4Nk2/8/8/5Q2/8 b - -,f5e4 f2e2 e4d5 e2c4 d5d6 e5f7 d6d7 c4a4 d7e7 a4e4
6k1/5rp1/8/6p1/p2P2P1/2P2p1P/5P2/4R1K1 b - -,f7c7 e1a1 g8f7 a1a4 c7c3 g1h2 c3d3 h2g3 f7g6 a4a6
r2q1rk1/pp1n1ppp/2pbpnb1/3p4/3P2PN/2P4P/PP1NPPB1/R1BQR1K1 b - -,f6g4 d2f3 g4f2 g1f2 g6h5 g2f1 d7f6 h4g2 f6e4 f2g1
1br2rk1/pbqn1ppp/1p2pn2/2p3B1/3P4/2P2NN1/PPBQ1PPP/R3R1K1 b - -,b7f3 g2f3 c5d4 d2d4 h7h6 g5f6 d7f6 a1d1 b6b5 d4h4
r5k1/pp1b2q1/2p4r/3p4/1P1Np1P1/P5Qp/4P3/3R1RK1 b - -,h3h2 g1h1 d7g4 d1a1 g7d4 g3g4 d4g7 g4g7 g8g7 b4b5
2r4r/bp1k1pp1/p2Pp3/Pq2Pn1p/4N2P/2Bn1N2/1P1Q1PP1/3R1RK1 b - -,b7b6 d2d3 b6a5 d3b5 a6b5 c3a5 c8c4 f1e1 h8c8 d1a1
r1b1k2r/p3pp1p/2p2np1/q3p3/2B1N3/8/PPP2PPP/R2QR1K1 b kq -,f6e4 e1e4 c8f5 e4e3 a8d8 d1e2 e5e4 g2g4 d8d2 e2e1
8/5pk1/1R4p1/P1R4p/8/r3P2P/5PPK/8 b - -,f7f6 c5c7 g7h6 a5a6 a3a1 a6a7 h6g5 c7f7
8/1R5p/1p4pk/8/8/2P2K1P/r7/8 b - -,
8/8/K7/P7/1r6/1P6/1P5k/8 b - -,a2d2 b7b6 d2d3 f3g2 d3c3 b6b5 c3d3 b5b7 d3d2 g2g3
3r1r1k/1q4p1/4B2p/1P5Q/1p1b4/8/5PPP/2R1R1K1 b - -,f8f2 c1c6 f2f5 g1h1 f5h5 c6c1 h5b5 e6b3 b5g5 e1e2
6r1/ppp4k/2n1pbr1/2P5/3P1PP1/P3PN2/1PQ5/2K5 b - -,h7g7 g4g5 g7f7 c2b3 c6d8 g5f6 g6h6 c1b1 f7f6 b3c3
3q1rk1/3bpp1p/3p1bp1/3N4/1r2P3/5P2/1P1QB1PP/R2R2K1 b - -,b4b7 e2a6 b7b6 d2f2 b6b8 d5f6 e7f6 d1d6 d8e7 f2d4
2b2rk1/4n3/1pn1p1P1/3p4/5P2/2PB3N/1P4P1/rNKR3R b - -,e6e5 f4e5 c6e5 d3c2 c8f5 h1e1 e5g6 d1d2 b6b5 b2b4
1r2r1k1/2p3p1/1p1pn3/p2B4/2P3R1/4P1P1/P3P2P/5RK1 b - -,g7g5 g4e4 g8g7 e4e6 e8e6 d5e6 c7c5 a2a4 b8f8 f1b1
rq2k2r/5p2/2p1b3/3p2RP/P7/1PQ5/6B1/1K1R4 b - -,h8h5 g5h5 e8d7 g2h3 b8f4 h3e6 f7e6 h5h7 d7d6 b1a2
6k1/5rp1/8/6p1/3P2P1/p1P2p1P/5P2/R5K1 b - -,f7e7 a1a3 e7e2 a3a5 e2c2 a5g5 c2c3 g1h2 g8f7 g5f5
3rr1k1/ppp2pp1/7p/3n4/P4PQ1/1K1B4/RP3q2/1N5R b - -,e8e3 g4g1 e3d3 b1c3 f2f3 g1c1 d5e3 a2a1 f3d5 b3a3
r1q1r1k1/2pnnpb1/bp2p1p1/p2pP1N1/3P1B2/2PB4/PP1NQPP1/R3R1K1 b - -,a6d3 e2d3 c7c5 d3h3 d7f8 g2g4 c5d4 c3d4 c8a6 d2f3
3r3k/1P2r1pb/2R1N2p/8/8/1p2K3/6PP/4R3 b - -,d8g8 e1e2 e7b7 e2b2 g8e8 e3f2 b7f7 f2g3 f7f6 b2b3
r5k1/pp1b2q1/2p4r/3p4/1P1Np1P1/P5Q1/4P2p/3R1R1K b - -,d7g4 d4f5 g4f5 g3g7 g8g7 f1f5 a8f8 d1f1 f8f5 f1f5
r5k1/pbp2ppp/3n4/8/Q7/2P3P1/PP3KNq/RNB5 b - -,h6g6 f1f2 d7g4 g3e3 a8f8 f2h2 f8f6 d1g1 g8f7 h2h4
7r/2r1bp1k/p2p2pP/1pqPpBP1/8/1P3Q2/P1P2P2/1KR3R1 b - -,e7f8 c2c4 b5b4 f5c2 h8g8 f3f6 c5d4 c1d1 d4f4 f6f4
2r3k1/5pp1/4p2p/3b4/5Q2/1q3N1P/5PP1/5RK1 b - -,c8c4 f4c4 b3c4 f3h2 c4c3 f1d1 c3b3 d1f1 b3b2 f2f3
4r3/r5k1/2p2nb1/2Pp1p1p/1p1N4/1P2P1P1/3R1PBK/2R5 b - -,e8c8 d2d1 f6g4 h2g1 a7a2 d1f1 g4e5 c1a1 c8a8 a1a2
3rnk2/1pp3r1/p1bp1p1R/5Pn1/2q1PQ2/2N1B3/PPP1B3/2K4R b - -,c4f7 b2b3 b7b5 e3d4 f8e7 e2h5 f7f8 h5e8 d8e8 d4f6
8/7P/8/4b3/1B3k2/8/8/1K6 b - -,
r1r3k1/2qnbppp/3p4/3Pp1PP/pp6/3QBP2/PPPN4/1K1R3R b - -,d7c5 e3c5 c7c5 d2e4 c5c4 h5h6 c4d3 d1d3 c8c4 d3d1
1r4k1/pb6/4p3/1p6/5r2/2N2B1R/PP4P1/2KR4 b - -,b5b4 d1h1 b7f3 g2f3 b4c3 h3h8 g8g7 h8b8 f4f3 b8a8
8/5R2/4p1p1/4k3/4P1KP/1r6/7P/8 b - -,
6k1/8/4K1p1/7p/7P/2b3P1/8/1R6 b - -,g8g7 b1b7 g7g8 b7d7 c3a1 d7d3 g8g7 d3f3 g7g8 f3f4
2b1nrk1/r3q2p/2p1p1PR/pp5Q/8/2N5/PPB3P1/2KR4 b - -,e7b4 c1b1 a7d7 h6h7 d7d1 c3d1 b4d4 g6g7 d4g7 h7g7
2rqr1k1/p3ppbp/5np1/1pnP4/5B2/P1N2Q1P/1PB2PP1/R3R1K1 b - -,a7a6 e1e2 c5b7 a1e1 b7d6 c2d3 f6h5 f4g5 h5f6 c3d1
r2qk2r/pp3ppp/2npbb2/2p5/2P1P3/3Q1N2/PP2BPPP/R1B2RK1 b kq -,d8e7 c1f4 f6e5 d3d2 e8a8 f4e3 f7f6 a1d1 g7g5 d2c1
5rk1/p4pbp/1q4p1/3Q4/3N4/2P4P/PP3PP1/R5K1 b - -,b6b2 a1f1 b2c3 d4c6 a7a6 g2g3 h7h5 f1d1 g7f6 d1d3
7k/p5R1/4pNRp/K2pP3/2r5/P7/1q6/8 b - -,b6b2 a1f1 b2c3 d4c6 a7a6 g2g3 h7h5 f1d1 g7f6 d1d3
r2q1rk1/pp1n1ppp/2pbp1N1/3p4/3P2n1/2P4P/PP1NPPB1/R1BQR1K1 b - -,d6h2 g1f1 g4e3 f2e3 f7g6 d2f3 d8c7 e3e4 d5e4 c1e3
8/K7/8/P7/1r6/1P4k1/1P6/8 b - -,f7g6 h3g4 d8h4 d2f3 h4g4 d1d3 d7f6 f3e5 d6e5 d4e5
2b2rk1/4n3/1pn3P1/3pP3/8/2PB3N/1P4P1/rNKR3R b - -,c6e5 d3c2 c8f5 h1e1 e5g6 d1d4 f8f6 d4d2 f5h3 g2h3
6k1/r5p1/8/6p1/3P2P1/p1P2p1P/5P1K/R7 b - -,g8f8 h2g3 f8e7 g3f3 e7e6 f3e4 a7a4 e4e3 a3a2 e3d3
8/R7/1p6/1Pk5/P7/3K4/7r/8 b - -,
r3kb1r/pp1b2pp/4pp2/3p4/3P4/1PNKPNP1/1P3PP1/R1R5 b kq -,e8f7 g3g4 g7g5 d3e2 a7a5 f3e1 f8d6 f2f3 b7b6 e1d3
rk3b1r/nBp1qpp1/1p2pnbp/8/Q2N2P1/P1PP1N1P/1P3P2/2KR3R b - -,b8b7 f3e5 e7e8 a4c2 g6h7 f2f4 f8c5 f4f5 f6d5 h1e1
2r1Qrk1/5pbp/2b2pp1/1p5P/p7/1BN2P2/PPP3P1/2KR3R b - -,f8e8 b3d5 c6d5 c3d5 e8e2 c2c3 g7h6 f3f4 g8g7 g2g3
r2qkb1r/1p3p1p/p1n1bp2/3p4/3P4/1QN3P1/PP2NP1P/R3KB1R b KQkq -,c6a5 b3d1 f8h6 f1g2 f6f5 e1h1 a5c4 e2c1 c4d2 f1e1
4r1k1/5pp1/8/p1Q5/2P3Pp/2N3q1/P3P3/3R1K2 b - -,g3c3 c5d5 g7g6 a2a4 c3h3 d5g2 h3b3 g2d5 b3a4 d5d4
4r3/1pp2k1n/1pnppr2/6B1/1P2P2N/P1PP4/6RP/3R2K1 b - -,e8h8 g5f6 h7f6 h4f3 f7e8 d1f1 f6h5 f3g5 e6e5 g5e6
2r3k1/5pp1/4p2p/8/5Q2/1q3P1P/5P2/5RK1 b - -,c8c4 f4e3 c4c3 e3e4 f7f5 e4a8 g8h7 g1g2 e6e5 f1g1
5k2/5p2/2Q2p1b/3N3r/4B3/3R2PP/P1r2P2/1R4K1 b - -,c2c6 b1b8 f8g7 d5e7 c6c1 g1g2 f6f5 e4f3 c1e1 d3d7
r5k1/pb4np/2p1pqpQ/1p6/6P1/8/PPB5/2KR3R b - -,g7f5 h6h7 g8f8 g4f5 c6c5 h7b7 f6g5 c1b1 g5h5 h1h5
8/6p1/7p/1p4p1/1k1K4/5P2/P5PP/8 b - -,
r1bqkb1r/pp1p1ppp/2n2n2/1B2p3/4P3/2N1BP2/PP4PP/R2QK1NR b KQkq -,a7a6 b5a4 f8b4 a4b3 d7d5 b3d5 b4c3 b2c3 f6d5 e4d5
6k1/p5p1/8/6R1/3P2P1/3r1p1P/5P2/6K1 b - -,d3d4 g5a5 d4d7 g1h2 d7e7 h2g3 e7f7 a5a3 g7g6 a3a5
r2r1knQ/pp3ppB/1q2pb1p/3n4/3P4/P4N2/1P2RPPP/R1B3K1 b - -,g7g6 h8g8 f8e7 g8d8 a8d8 h7g6 b6b5 e2e4 f7g6 c1h6
r1b1n1k1/p3q3/2p3pQ/1p2Pp2/8/2N5/PP4P1/2KR3R b - -,e7e5 h6g6 g8f8 d1e1 e5e1 h1e1 c8d7 e1h1 f8e7 h1h7
1r4k1/pb6/4p3/8/1p3r2/2N2B1R/PP4P1/2K4R b - -,b7f3 g2f3 g8f7 c3e4 b8d8 h1g1 f7e7 h3h7 f4f7 g1g7
r5k1/pbp2ppp/3n4/8/Q7/2P1K1P1/PP4q1/RNB5 b - -,b7f3 g2f3 g8f7 c3e4 b8d8 h1g1 f7e7 h3h7 f4f7 g1g7
2b2rk1/r3q1np/2p1p1PR/pp6/8/2N5/PPB3PQ/2KR4 b - -,f8f5 h6h7 e7g5 c1b1 g5g6 h7h8 g8f7 h2b8 a7e7 b8c8
4q3/5pK1/1p6/4Nk2/8/8/8/1Q6 b - -,f8f5 h6h7 e7g5 c1b1 g5g6 h7h8 g8f7 h2b8 a7e7 b8c8
8/R7/1p6/1Pk5/P7/7r/2K5/8 b - -,
r3k2r/pp2qppp/2npbb2/2p5/2P1PB2/3Q1N2/PP2BPPP/R4RK1 b kq -,f6e5 d3d2 e5f4 d2f4 e8a8 b2b3 c8b8 a1d1 e6c8 f1e1
8/r4kp1/8/6p1/3P2P1/p1P2pKP/5P2/R7 b - -,a7a4 g3f3 f7e6 f3e4 a3a2 e4d3 e6d5 c3c4 a4c4 a1a2
rnb1k2r/pp2ppbp/1q1p1np1/2pP4/4P3/2N4P/PPP2PP1/R1BQKBNR b KQkq -,e8h8 g1f3 e7e6 f1e2 e6d5 e4d5 b8a6 f3d2 b6d8 d2c4
1Q4k1/5pp1/2p1r1q1/p6n/2P1N1Pp/5P1P/P3P3/3R2K1 b - -,g8h7 d1d8 g6h6 g4g5 e6e4 g5h6 e4e6 d8h8 h7g6 b8g8
8/5R2/4p1pK/8/4k2P/7P/6r1/8 b - -,
8/3r4/8/2Q1k3/2K5/8/8/8 b - -,e5e6 c5c8 e6d6 c4d4 d7c7 c8b8 d6c6 b8b4 c7d7 d4e5
r1b1rnk1/p3qppp/2p1p3/3pN3/3B1P2/bP1BP3/2P3PP/R2Q1RK1 b - -,c6c5 d4c3 a3b4 c3b2 c5c4 b3c4 d5c4 e5c4 c8b7 c4a5
1r4k1/p7/4p3/8/1p3r2/2N2P1R/PP6/2K4R b - -,b4c3 h3h8 g8g7 h8b8 f4f3 b8a8 c3b2 c1b2 a7a5 a8a5
k6r/P6P/6K1/8/5P2/R5P1/8/8 b - -,b4c3 h3h8 g8g7 h8b8 f4f3 b8a8 c3b2 c1b2 a7a5 a8a5
5rk1/p4pbp/6p1/3Q4/3N4/2P4P/Pq3PP1/5RK1 b - -,b2c3 d4c6 a7a6 g2g3 h7h5 f1d1 f8e8 g1g2 g7f6 d5f3
r5r1/1p2kp2/p2qb2p/3P2p1/2P5/1P2Q2P/1P4P1/4RRK1 b - -,a8e8 d5e6 f7e6 e1d1 d6c6 e3d3 g8g7 d3c3 c6c5 g1h1
4r1k1/5pp1/8/p2Q4/2P3Pp/2q5/P3P3/3R1K2 b - -,c3h3 d5g2 h3c3 g2d5 g7g6 d5d3 c3e5 f1g2 e5f4 d3f3
r5k1/p7/b1p1B3/8/1p3r2/2N5/PP4P1/2KR3R b - -,g8g7 g2g3 f4f3 c3e4 a6d3 e4c5 a8e8 d1d3 f3d3 c5d3
rq5r/p2nk1pp/3bp3/2p2p2/Q3PP2/2N5/PP4PP/R1BR2K1 b - -,h8d8 e4f5 e6f5 c3d5 e7f8 a4c2 f8g8 c2f5 b8b7 c1e3
8/6p1/7p/6p1/1pK5/k4P2/P5PP/8 b - -,
8/r5p1/4k3/6p1/3P2P1/p1P2K1P/5P2/R7 b - -,a7a4 f3e4 a3a2 e4d3 e6d5 c3c4 a4c4 a1a2 c4d4 d3e3
4r3/1pp2k2/1pnppr2/6R1/1P2P2N/P1PP4/7P/3R2K1 b - -,f6f4 h4g2 f4f3 g2e1 f3f4 g5g3 c6e5 d3d4 e5c4 e1d3
rnb2rk1/pp2ppbp/1q1p1np1/2pP4/4P3/2N2N1P/PPP2PP1/R1BQKB1R b KQ -,e7e6 f1e2 b6d8 c1f4 e6d5 e4d5 b8a6 e1h1 a6c7 a2a4
r1bq1rk1/p4p1p/1pnbp1p1/6N1/3P4/2PB1Q2/P4PPP/R1B2RK1 b - -,c8d7 f1e1 d6e7 g5h7 g8h7 f3h5 h7g8 d3g6 f7g6 h5g6
r1bq4/pp2nkb1/2n2Ppp/2p1p3/4p3/2NP4/PPP3PP/R1BQ1RK1 b - -,e7f5 f6g7 e4d3 c1h6 f7g8 d1d2 d3c2 d2c2 c8e6 h6e3
r1bqk2r/pppp1ppp/5n2/4n3/1bPNp3/2NPP3/PP1B1PPP/R2QKB1R b KQkq -,e4d3 d1b3 a7a5 f2f4 d7d6 f4e5 d6e5 d4f3 e5e4 a2a3
r4rk1/pQR2pp1/4p2p/8/3q4/1R6/PP3PPP/6K1 b - -,e4d3 d1b3 a7a5 f2f4 d7d6 f4e5 d6e5 d4f3 e5e4 a2a3
8/8/6p1/6Pk/6Pb/3N3K/8/8 b - -,
1R6/R4p2/6pk/7p/8/4P2P/5PPK/8 b - -,h5g5 d3c5 h4e1 c5e6 g5f6 e6d4 e1f2 d4f3 f6e6 h3g2
r1b2rk1/5pb1/2p2qp1/p2pn3/Pp1Q1BPP/4P3/1PP1BN2/2KR3R b - -,f6e6 d4d2 e5d7 h4h5 g6g5 f4g5 e6e5 f2d3 e5g5 h5h6
r2q1rk1/pp1bppbp/3p1np1/8/1nP1P3/5N1P/PP1QBPP1/RNBR2K1 b - -,b4c6 b1c3 d8a5 a1b1 c6e5 b2b3 e5f3 e2f3 d7c6 b3b4
r1b2rk1/p3q2p/2p1pnp1/1p2P2P/8/2N5/PPBQ2P1/2KR3R b - -,f6d5 h5g6 b5b4 c3e4 b4b3 a2b3 h7g6 h1h6 e7g7 d2g5
r5k1/pbp2ppp/8/8/2Q5/2P1K1P1/PP4q1/RNB5 b - -,f6d5 h5g6 b5b4 c3e4 b4b3 a2b3 h7g6 h1h6 e7g7 d2g5
r4qk1/1pp2pp1/p3R2p/P6P/5n2/3B4/1P3PP1/4R1K1 b - -,f4d3 e1e3 f7e6 e3d3 a8d8 d3d8 f8d8 f2f3 d8d1 g1h2
7r/2r1bpk1/pq1p2P1/1p1Pp1P1/6B1/1P6/P1P1QP2/1KR3R1 b - -,f7f5 g4f5 b6d4 g1g4 d4c3 a2a3 h8h3 c1f1 e7d8 f5d3
r3k2r/pbpqbppp/1pnp1n2/6N1/2B1PBPP/3P1Q2/PPP5/RN2K2R b KQkq -,d6d5 e4d5 c6d4 f3f2 e8h8 b1c3 e7c5 f2g2 b6b5 e1a1
3rk3/1p1b1p2/4pQ2/2q5/8/5P1P/P2R2P1/3R3K b - -,b7b6 d2d3 c5h5 f3f4 h5h7 d3g3 d8a8 g3g7 h7g7 f6g7
4q3/5pK1/1p6/4N3/1Q3k2/8/8/8 b - -,b7b6 d2d3 c5h5 f3f4 h5h7 d3g3 d8a8 g3g7 h7g7 f6g7
r2q1rk1/pp1n2pp/2p1p1p1/3p4/3P4/2P1PN1P/PP2P1Bb/R1BQRK2 b - -,d8c7 e3e4 d5e4 c1e3 d7f6 e3f2 f6h5 d1c2 e4f3 e2f3
5bk1/3nrp1p/p5p1/1p1RPnNq/1P3P2/6P1/1Q3B1P/3R2K1 b - -,f5h4 g3h4 h5g4 f2g3 a6a5 e5e6 e7e6 d5d7 e6e1 d1e1
4r3/6k1/4B3/ppbP2pb/3N1p2/2P5/P5K1/2R5 b - -,h5g6 g2f3 g7f6 c1h1 c5d4 c3d4 g6f5 h1h6 f6g7 h6h1
1Q1R4/5ppk/2p1r1q1/p6n/2P1N1Pp/5P1P/P3P3/6K1 b - -,g6h6 g4g5 h7g6 g5h6 g6h6 d8h8 h6g6 e4d6 h5g3 h8h4
K7/P7/3k4/1r6/1P6/8/1P6/8 b - -,g6h6 g4g5 h7g6 g5h6 g6h6 d8h8 h6g6 e4d6 h5g3 h8h4
1r3rk1/pb1n1ppp/4p3/2qpN3/5P1P/2N5/PPPQ1PP1/2KR3R b - -,f8d8 d2d4 c5d6 h1e1 b7c6 a2a3 d7b6 g2g4 f7f6 e5d3
rnb2rk1/1p2ppbp/pq1p1np1/2pP4/4P3/2N2N1P/PPP1BPP1/R1BQK2R b KQ -,e7e6 e1h1 e6d5 e4d5 b8d7 a2a4 f8e8 a1a3 b6c7 f3d2
4r1k1/5p2/6p1/p7/2P3Pp/2qQ4/P3P3/3R1K2 b - -,c3e5 d3f3 e8e6 f3d3 e5f4 d3f3 f4c4 g4g5 e6e8 a2a3
2r5/r5k1/2p2nb1/2Pp1p1p/1p1N4/1P2PPP1/3R2BK/2R5 b - -,f6d7 g2h3 d7e5 h2g2 g7f6 e3e4 d5e4 f3e4 c8a8 h3f5
r3n3/pb1R2k1/2p3p1/1p2Pp2/8/2N5/PP4P1/2K4R b - -,g7g8 d7b7 b5b4 c3e2 a8c8 h1h6 g6g5 h6g6 g8f8 g6g5
7r/2r1b1k1/pq1pB1p1/1p1Pp1P1/8/1P6/P1P1QP2/1KR3R1 b - -,c7c3 g1h1 h8h1 c1h1 e7g5 e6f5 b6d8 f5e4 d8f6 e2g4
r5k1/4Rpp1/1pp3p1/3p2Q1/p1qP4/P1P2P1P/1P3KP1/8 b - -,c6c5 e7b7 c5d4 g5f4 f7f6 f4d4 c4d4 c3d4 a8c8 b7b6
2b2rk1/4n3/1pn3P1/3ppP2/8/2PB3N/1P4P1/rNKR3R b - -,c8f5 d3f5 f8f5 h1f1 f5f1 d1f1 g8g7 h3g5 e5e4 g5e6
6rk/ppp5/2n1pbr1/2P3P1/3P1P2/P3PN2/1PQ5/2K5 b - -,f6e7 c2e4 h8g7 f3h4 g7h7 b2b4 a7a6 c1d2 e7d8 d2e2
8/r5p1/8/3k2p1/3P2P1/p1P1K2P/5P2/R7 b - -,a7a4 e3d3 a3a2 c3c4 a4c4 a1a2 c4d4 d3e3 d4b4 a2a5
1R6/p5k1/4p3/8/5r2/2p2P2/PP6/2K4R b - -,c3b2 c1b2 g7g6 b8b7 a7a5 h1e1 g6f6 b7b3 a5a4 b3c3
6nr/1b1kb2p/pp2N1pP/2pP2P1/P3N3/2Q5/1PP4q/2KRR3 b - -,c5c4 c3h8 h2b8 d5d6 b7e4 d6e7 b8d6 d1d6 d7e7 e1e4
2r2rbk/6p1/7p/8/1Q6/1p6/6PP/4R1K1 b - -,c8b8 b4d2 f8d8 d2b2 b8a8 h2h4 a8a2 b2e5 d8d2 e5g3
r1bq4/pp2nk2/2n2bpp/2p1p3/4N3/3P4/PPP3PP/R1BQ1RK1 b - -,
rq5r/p2nk1pp/3bp3/2p5/Q3NP2/8/PP4PP/R1BR2K1 b - -,d7b6 a4c6 b6d5 f4f5 d6h2 g1h1 b8c8 c6c8 h8c8 h1h2
2r2rk1/pp1qppbp/3p1np1/6B1/2nNP3/1PN4P/P1P1QPP1/R2R2K1 b - -,c4b2 d1b1 c8c3 b1b2 c3c5 g5f6 g7f6 e2e3 b7b5 c2c3
2r3k1/5pbp/5pp1/1p1N3P/p7/2P2P2/PP2r1P1/2KR3R b - -,
r3rnk1/pb2qNpp/2p1p3/3p4/3B1P2/bP1BP3/2P3PP/R2Q1RK1 b - -,g8f7 d1g4 e6e5 d4e5 g7g6 f4f5 e7e5 f5g6 f7e7 a1a3
r3n1k1/pR6/2p3p1/1p2Pp2/8/2N5/PP4P1/2K4R b - -,a8d8 h1h6 d8c8 h6g6 g8f8 g6h6 f8g8 c3e2 c8c7 b7c7
8/8/6KP/8/8/3kp2P/8/8 b - -,
8/r5p1/8/6p1/2kP2P1/p1P4P/3K1P2/R7 b - -,
3rnk2/1pp2qr1/p1bp1p1R/5PnB/4PQ2/2N1B3/PPP5/2K4R b - -,f7g8 h5e8 d8e8 h6h8 e8e5 h8g8 f8g8 h1g1 c6e4 c3e4
1R6/p5k1/4p3/8/5r2/5P2/PK6/7R b - -,f4f3 b8a8 g7g6 a8a7 g6g5 h1h8 f3f5 b2c3 g5f4 c3b4
r3nrk1/pb5B/2p1p3/1p2q3/8/2N5/PP1Q2P1/2KR3R b - -,f4f3 b8a8 g7g6 a8a7 g6g5 h1h8 f3f5 b2c3 g5f4 c3b4
r4rk1/pQ3pp1/4p2p/8/3q4/1R5P/PP3PP1/2R3K1 b - -,
2b2rk1/r6P/2p1p3/pp3n2/8/2N3P1/PPB4Q/2KR4 b - -,g8g7 g3g4 a7d7 h2e5 g7h7 d1h1 h7g8 g4f5 d7h7 h1g1
rnb2rk1/1pq1ppbp/p2p1np1/2pP4/P3P3/2N2N1P/1PP1BPP1/R1BQK2R b KQ -,e7e6 e1h1 e6d5 e4d5 b8d7 f1e1 b7b6 e2c4 f6e8 c1f4
r3kbnr/ppqb1ppp/2Bpp3/2p5/4P3/2N2N2/PPPP1PPP/R1BQR1K1 b kq -,c7c6 d2d4 c5d4 f3d4 c6c8 d1d3 f8e7 d4f3 a7a6 c1f4
4r1k1/pbp2ppp/8/8/2QK4/2P3P1/PP4q1/RNB5 b - -,c7c6 d2d4 c5d4 f3d4 c6c8 d1d3 f8e7 d4f3 a7a6 c1f4
r7/p5k1/b1p1B3/8/Np3r2/8/PP4P1/2KR3R b - -,a8f8 a4c5 a6c8 e6c8 f4c4 c1b1 c4c5 c8g4 f8f2 d1d7
r5k1/pp4q1/2p4r/3p4/1P1Np1b1/P5Q1/4PR1p/3R3K b - -,g4f3 f2f3 e4f3 g3g7 g8g7 e2f3 h6g6 d1e1 a8g8 f3f4
3r1n2/1prbk1p1/pNp2p2/1NPPp2p/1P2P3/5P2/3R2PP/3R3K b - -,e7e8 b5c7 e8f7 d5c6 b7c6 d2d6 g7g5 c7a6 g5g4 a6c7
r3nr1k/pb6/2p1p3/1p2qB2/8/2N5/PP1Q2P1/2KR3R b - -,e7e8 b5c7 e8f7 d5c6 b7c6 d2d6 g7g5 c7a6 g5g4 a6c7
rn1q1rk1/pb1p1ppp/1p1p1n2/8/8/P1B1PN2/1P3PPP/R2QKB1R b KQ -,f6e4 a1c1 b8c6 f1e2 d8e7 e1h1 a8c8 f3d2 e4c3 c1c3
r1b2rk1/p3q3/2p1pnB1/1p2p3/5P2/2N5/PP1Q2P1/2KR3R b - -,e7g7 f4e5 g7g6 h1h6 g6f5 e5f6 f8f6 h6f6 f5f6 c3e4
8/2Q3k1/2p4q/5p2/3P4/5N2/P7/2r2BK1 b - -,g7g8 c7d8 h6f8 d8h4 c6c5 d4d5 f5f4 g1f2 c1c2 f1e2
R7/p5k1/4p3/8/8/5r2/PK6/7R b - -,f3f2 b2b3 f2f3 b3b4 f3f4 b4b5 a7a5 b5a5 f4d4 a2a4
rn1q1rk1/pp3pbp/2p3p1/4p2n/PPPp2b1/3P1NP1/1B1NPPBP/R2QR1K1 b - -,f8e8 e2e3 b8a6 d1b3 g4f3 g2f3 d4e3 e1e3 g7h6 e3e2
1r2r1kR/2p3p1/1p1pn3/p2B4/2P5/4P1P1/P3P2P/5RK1 b - -,g8h8 f1f7 e6c5 f7f4 g7g5 f4f5 e8e5 f5f7 e5e3 d5f3
7r/2r1b1k1/p2pB1p1/1pqPp1P1/6R1/1P6/P1P1QP2/1KR5 b - -,e7d8 c2c4 c5a7 e2f3 b5c4 c1h1 h8h1 f3h1 d8g5 g4g5
r3nrk1/pb6/2p1p3/1p2qBQ1/8/2N5/PP4P1/2KR3R b - -,e7d8 c2c4 c5a7 e2f3 b5c4 c1h1 h8h1 f3h1 d8g5 g4g5
4r1k1/5pp1/5n2/p1p1q3/2P1P1Pp/2NR1P1P/P4Q2/6K1 b - -,g7g5 f2h2 e5e6 c3d5 f6d5 d3d5 e6f6 h2d2 f6a1 d2d1
rnbqkb1r/pp3ppp/4pn2/2pp4/5P2/P2PPN2/1PP3PP/RNBQKB1R b KQkq -,b8c6 f1e2 f8e7 c2c4 b7b6 e1h1 e8h8 b1c3 d5d4 e3d4
2r3k1/5p1p/5ppb/1p1N3P/p7/2P2P2/PP2r1P1/1K1R3R b - -,g8g7 g2g3 a4a3 b2a3 h6d2 h5h6 d2h6 h1e1 e2e6 f3f4
2b2rk1/7r/2p1p3/pp3n2/8/2N3P1/PPB1Q3/2KR4 b - -,h7h8 g3g4 f5h4 c2b3 g8f7 c3e4 h4g6 e4d6 f7g7 d6c8
rnbqkb1r/ppp2ppp/4pn2/8/P1Pp4/3P2P1/1P2PPBP/RNBQK1NR b KQkq -,c7c5 a4a5 b8c6 g1f3 f8e7 e1h1 e8h8 a5a6 a8b8 c1f4
rn2kb1r/1p1b1ppp/1qn1p3/p2pP3/3P4/P2B1N2/1PQN1PPP/R1B2RK1 b kq -,b8a6 c2d1 f8e7 f1e1 c6d4 f3d4 b6d4 d2f3 d4b6 c1e3
1Q4k1/8/2p4q/5p2/3P4/5N2/P7/2r2BK1 b - -,g8g7 b8c7 g7g8 c7d8 h6f8 d8h4 c1a1 g1f2 a1a2 f1e2
r1bq1rk1/ppp3bp/2np1np1/5p2/2PPp3/4P2P/PP1NBPPB/R2QNRK1 b - -,g6g5 e1c2 g8h8 a1c1 c6e7 c4c5 e7g6 c5d6 c7d6 d4d5
7Q/8/6K1/8/8/3k3P/8/4q3 b - -,
8/r5p1/8/6p1/2kP2P1/2P4P/p1K2P2/R7 b - -,
8/6k1/R3p3/8/8/5r2/PK6/7R b - -,f3e3 h1f1 e3e5 a2a4 e5e3 a6a7 g7g6 a7c7 e3g3 c7c6
r1b1k2r/pp3ppp/2n1pn2/1Bbp4/5B2/1Nq1PN2/P1P2PPP/1R1Q1RK1 b kq -,c8d7 b5c6 d7c6 f4e5 c3b4 b3d4 b4c4 d4c6 b7c6 b1b3
5rk1/4n3/1pn3P1/3ppB2/8/2P4N/1P4P1/rNKR3R b - -,f8f5 h1f1 f5f1 d1f1 g8g7 h3g5 g7g6 g5e6 e5e4 c1c2
r3nrk1/pb4q1/2p1B3/1p4Q1/8/2N5/PP4P1/2KR3R b - -,f8f5 h1f1 f5f1 d1f1 g8g7 h3g5 g7g6 g5e6 e5e4 c1c2
r4rk1/ppqn2pp/2p1p1p1/3p4/3P4/2PQPN1P/PP2P1Bb/R1B1RK2 b - -,d7f6 c1d2 g6g5 a2a4 f6e4 e1c1 f8f6 d2e1 h7h5 a4a5
rnbqk2r/pp3ppp/2pb1n2/1P1p4/P2Pp3/4P3/1BPN1PPP/R2QKBNR b KQkq -,a7a6 c2c4 d6b4 c4c5 b7b6 g1e2 e8h8 a4a5 b6c5 b5b6
3rBkrR/1pp1q3/p1bp1p2/5Pn1/4PQ2/2N1B3/PPP5/2K4R b - -,e7g7 h8g8 g7g8 e8c6 b7c6 e4e5 d6e5 f4a4 d8d6 e3c5
r5k1/4Rpp1/1p4p1/3p4/p1qp1Q2/P1P2PKP/1P4P1/8 b - -,a8f8 f4d4 c4d4 c3d4 f8c8 e7b7 c8c4 g3f4 c4d4 f4e3
2r5/5pkp/5ppb/1p1N3P/p7/2P2PP1/PP2r3/1K1R3R b - -,a4a3 b2a3 h6d2 h5h6 d2h6 h1e1 e2e6 b1c2 c8c5 e1e6
4Q3/7R/5k2/8/3K4/1r6/8/8 b - -,a4a3 b2a3 h6d2 h5h6 d2h6 h1e1 e2e6 b1c2 c8c5 e1e6
8/5pk1/p4qp1/1p2b3/1P2B3/P2Q2PP/6K1/8 b - -,
r3rnk1/2p1npb1/qp2p1p1/p2pP1N1/3P1B2/2P2Q2/PP1N1PP1/R3R1K1 b - -,f8d7 g2g4 a6b5 a1b1 a8c8 f4h2 f7f6 e5f6 d7f6 e1e6
8/4pk1p/3p4/1B1P4/4P2P/5K2/1n6/8 b - -,
4r1k1/pbp2ppp/8/8/2Q5/2PK2P1/PP3q2/RNB5 b - -,h7h6 f3e3 b2d1 e3d4 f7f6 b5e2 d1b2 e2b5
2r5/r2n2k1/2p3b1/2Pp1p1p/1p1N4/1P2PPP1/3R2BK/4R3 b - -,d7e5 e1e2 g7f6 e3e4 d5e4 f3e4 a7d7 e4f5 g6f5 d4f5
2k4r/pp1n1p2/7p/6p1/2Pn4/2qP3P/P3BPP1/2RQ1RK1 b - -,c3c1 f1e1 c1d1 e2d1 d7c5 d1g4 c5e6 e1e5 h8d8 h3h4
4r1k1/5pp1/5n2/p1p5/2P1PqPp/2NR1P1P/P4QK1/8 b - -,e8b8 d3d2 g7g5 c3a4 f6h7 a4c5 h7f8 d2d5 f4c1 c5b3
rn1qkbnr/ppp2p2/4p1p1/3P2Pp/4PN1P/2N5/PPP1Q3/R1B1K2R b KQkq -,b8a6 d5e6 h8h7 c1e3 c7c6 a1d1 d8a5 e6f7 h7f7 f4g6
6k1/ppq2pp1/4p2p/8/bPPQ1P1P/P3N1P1/8/2K5 b - -,c7c6 d4a7 c6h1 c1d2 h1h2 d2d3 a4c6 f4f5 h2g3 f5e6
r5k1/pp4q1/2p4r/3p4/1P1Np1b1/P7/4P1Qp/3R1R1K b - -,h6g6 g2f2 g8h8 f2h4 g6h6 h4g3 g4f3 f1f3 e4f3 g3g7
r3n1k1/pb3Bq1/2p5/1p4Q1/8/2N5/PP4P1/2KR3R b - -,a8e8 d4f5 g4f5 f1f5 g7g2 h1g2 e8f8 f5g5 g8f7 g5g3
8/3r4/5k2/1KQ5/8/8/8/8 b - -,d7e7 c5f2 f6g5 b5c5 e7e4 f2f3 e4e6 f3g3 g5f5 c5d5
5r2/p5k1/b1p1B3/2N5/1p3r2/8/PP4P1/2KR3R b - -,a6e2 d1d7 g7g6 e6b3 f4f1 h1f1 f8f1 c1d2 e2b5 d2e3
8/2r1b1k1/p2pB1p1/1pqPp1P1/2P3R1/1P6/P3QP1r/1KR5 b - -,c5a7 e2f3 a7f2 f3f2 h2f2 c1h1 e7g5 g4g5 g7f6 h1g1
6k1/p5p1/8/R7/3r2P1/5p1P/5P2/6K1 b - -,g8f7 a5a7 f7g6 g1h2 g6h7 h2g3 d4d3 h3h4 d3b3 a7a5
2r5/5pkp/5ppb/1p1N3P/8/P1P2PP1/P3r3/1K1R3R b - -,h6d2 h5h6 d2h6 h1e1 e2e6 b1c2 c8c5 e1e6 f7e6 d5b6
r1bq4/pp2nkb1/2n3Pp/2p1p3/4p3/2NP4/PPP3PP/R1BQ1RK1 b - -,f7e8 f1f7 e7f5 d3e4 d8d1 c3d1 c8e6 f7f5 e6f5 e4f5
5k2/pp3pp1/2p4p/Rn6/3P1P2/2PbKPP1/P6P/5r2 b - -,d3c4 a2a4 b5c3 a5a7 c3d5 e3d2 c4a6 a7a8 f8e7 a8a6
3rr1k1/ppp2pp1/5n1p/8/P4P2/1K1B4/RP3q2/1N1Q3R b - -,f2b6 b3c2 f6d5 b1c3 d5b4 c2b1 d8d3 d1f1 d3e3 a2a3
2r5/5pkp/3R2p1/6r1/P3B3/1P3P1b/7P/6RK b - -,f6e4 a2a3 d8d3 d1d3 e4c5 b3a2 c5d3 a3d3 f2f4 b1c3
4Q3/7R/5k2/3K4/1r6/8/8/8 b - -,f6e4 a2a3 d8d3 d1d3 e4c5 b3a2 c5d3 a3d3 f2f4 b1c3
2k1r2r/pn2q2p/4pRpQ/2ppP3/8/2P2N2/PP4PP/4R1K1 b - -,e7c7 g1h1 c8b8 f3g5 b7d8 a2a3 c7b7 b2b4 b7c7 h6h3
8/8/1R6/1P6/rk6/8/3K4/8 b - -,
r1bqk1nr/ppp3pp/2nbpp2/3p4/1P1P4/P1N2N2/2PBPPPP/R2QKB1R b KQkq -,f6f5 c3b5 g8f6 e2e3 a7a6 b5d6 c7d6 a3a4 c8d7 f1e2
1R4k1/p4pp1/4p2p/8/3q4/7P/PP3PP1/2R3K1 b - -,d4d8 b8d8 g8h7 d8d7 f7f5 c1c7 h6h5 d7g7 h7h6 c7a7
rnbqk2r/pp2ppbp/2p3p1/7n/1PPp4/3P1NP1/PB1NPPBP/R2QK2R b KQkq -,a7a5 b4a5 e8h8 d2b3 e7e5 e1h1 f8e8 f1e1 b8a6 a1b1
4r1k1/pbp2ppp/8/8/2QK4/2P3P1/PP2q3/RNB5 b - -,a7a5 b4a5 e8h8 d2b3 e7e5 e1h1 f8e8 f1e1 b8a6 a1b1
4r3/6k1/3bB3/pp1P2pb/3N1p2/2P5/P4K2/2R5 b - -,d6c5 f2g2 h5g6 g2f3 g7f6 d4b5 e8h8 b5d4 h8h2 c1e1
r3rnk1/pb3qpp/2p1p3/3p4/3B1P2/RP1BP3/2P3PP/3Q1RK1 b - -,a7a5 d1a1 f8d7 a3a5 c6c5 d4c3 f7e7 a5a8 e8a8 a1b2
4r1k1/1pp1q3/p1bp1p2/5Pn1/4P2Q/2N1B3/PPP5/2K4R b - -,g5f7 h1g1 f7g5 e3g5 f6g5 g1g5 e7g5 h4g5 g8f7 g5g6
r2qk2r/1b1nbp1p/2n1p1p1/p2pP3/2pP1Q2/P1P2N1P/2BN1PP1/R1B1R1K1 b kq -,h7h6 d2f1 a5a4 f1e3 d8a5 c1d2 g6g5 f4g4 h6h5 g4g3
rk3b1r/2p1qpp1/1pn1pnbp/1B6/Q5P1/P1PP1N1P/1P3P2/2KR3R b - -,a8a4 b5a4 c6a7 d1e1 e7d8 f3e5 d8c8 d3d4 f8d6 e5g6
r1bqkb1r/pp3ppp/2n1pn2/2pp4/5P2/P1PPPN2/1P4PP/RNBQKB1R b KQkq -,f8d6 d3d4 c5c4 g2g3 b7b5 f1g2 e8h8 e1h1 c6a5 b1d2
5rk1/4Rpp1/1p4p1/3p4/p1qQ4/P1P2PKP/1P4P1/8 b - -,c4d4 c3d4 f8c8 e7b7 c8c4 g3f4 c4d4 f4e3 d4d1 b7b6
r1bqk2r/1ppnppbp/p2p2pn/8/P2PPP2/2N2N2/1PP1B1PP/R1BQK2R b KQkq -,e7e6 e1h1 e8h8 h2h3 b7b6 f4f5 e6f5 c1g5 f7f6 g5h6
1Q1R4/5ppk/2p1r2q/p5Pn/2P1N2p/5P1P/P3P3/6K1 b - -,e6e4 g5h6 e4e6 d8h8 h7g6 b8g8 e6e2 h6g7 h5f6 g8f8
r1bqkb1r/pp3ppp/1np1pn2/3p4/3P1B2/1P1BPN2/P1PN1PPP/R2QK2R b KQkq -,f8e7 h2h3 b6d7 e1h1 e8h8 d1e2 b7b6 a1d1 c8b7 c2c4
6k1/1pq2pp1/4p2p/p7/bPPQ1P1P/P3N1P1/1K6/8 b - -,a5b4 a3b4 f7f6 d4e4 c7e7 b2c3 a4c6 e4d3 b7b6 c3b3
r1b1kb1r/ppp1Qppp/5n2/8/8/2PB4/PP3PPP/RNB1K2R b KQkq -,f8e7 e1h1 c8e6 b1d2 e8a8 d3c2 h8e8 d2f3 e6d5 f1e1
rn1qkbnr/ppp2p2/6p1/1Q1Pp1Pp/4PN1P/2N5/PPP5/R1B1K2R b KQkq -,b8c6 d5c6 b7c6 b5c6 d8d7 c6a8 d7d8 a8d8 e8d8 f4d3
2r5/5pkp/5ppP/1p1N4/8/P1P2PP1/P2br3/1K1R3R b - -,d2h6 h1e1 e2e6 b1c2 c8c5 e1e6 f7e6 d5b4 h6e3 d1d3
2kr3r/pp2qppp/2npbb2/2p5/2P1PB2/3Q1N2/PP2BPPP/3R1RK1 b - -,f6e5 f4c1 h7h6 f3e5 d6e5 d3g3 g7g5 e2g4 d8d1 f1d1
r1b1nr1k/p6P/2p1p3/1p2p3/4Nq2/8/PPBQ2P1/2KR3R b - -,e8g7 d2f4 e5f4 e4g5 c8b7 d1d7 a8b8 g5f7 f8f7 d7f7
2r5/r5k1/2p3b1/2Ppnp1p/1p1N4/1P2PPP1/3RR1BK/8 b - -,
r1bq2k1/pp2n1b1/2n3PB/2p1p3/4p3/2NP4/PPP3PP/R2Q1RK1 b - -,c8f5 h6g7 g8g7 d3e4 f5e6 d1h5 e7g6 c3d5 e6d5 a1d1
1r4k1/5pp1/5n2/p1p5/2P1PqPp/3R1P1P/P3NQK1/8 b - -,f4e5 f2h4 e5b2 g2f2 b2c2 d3b3 b8b3 a2b3 c2b3 e4e5
r4rk1/ppq3pp/2p1pnp1/3p4/3P4/2PQPN1P/PP2P1Bb/R1BR1K2 b - -,f6e4 c1d2 f8f6 d2e1 g6g5 d3c2 a8f8 d1d3 h7h5 c3c4
r1b1k2r/ppp1bppp/5n2/8/8/2PB4/PP3PPP/RNB2RK1 b kq -,c8e6 b1d2 e8a8 d3c2 h7h6 d2f3 e7c5 c1f4 f6h5 f4e5
1RR5/p4ppk/4p2p/8/3q4/7P/PP3PP1/6K1 b - -,
r1b1k2r/2q2pP1/p2pp3/2n4p/1p1NP3/5Q2/PPP1N2P/2KR1B2 b kq -,h8g8 e2f4 g8g7 f4h5 g7g6 d4f5 e6f5 e4f5 c8f5 f3a8
r2qk2r/1b1nbp1p/2n1p1p1/3pP3/p1pP1Q2/P1P2N1P/2BN1PP1/1RB1R1K1 b kq -,a8b8 d2f1 c6a5 c2a4 b7c6 b1b8 d8b8 a4c2 a5b3 f3g5
6k1/1pq2pp1/4p2p/8/bPPQ1P1P/4N1P1/1K6/8 b - -,f7f6 b2c3 a4e8 d4e4 c7b6 e3c2 e8f7 g3g4 b6c7 c2e3
r1bqk2r/1ppnppbp/p2p2pn/8/P2PPP2/2N2N1P/1PP3P1/R1BQKB1R b KQkq -,e7e6 g2g4 h6g8 f1g2 g8e7 e4e5 b7b5 a4b5 c8b7 e1h1
3r2k1/2p2p1p/4bp2/4p3/2p1P2N/3P1P2/2P2KPP/3R4 b - -,g8f8 f2e3 d8a8 d3d4 a8a3 e3e2 a3c3 d4d5 c3c2 d1d2
1R5k/p7/4pN1b/3pP3/2r5/P1q5/K7/8 b - -,g8f8 f2e3 d8a8 d3d4 a8a3 e3e2 a3c3 d4d5 c3c2 d1d2
5r2/p2R2k1/2p1B3/2N5/1p3r2/8/PP2b1P1/2K4R b - -,g7g6 e6b3 f4f1 h1f1 f8f1 c1d2 e2b5 d2e3 f1c1 c5e4
2r5/5pkp/5ppb/1p1N4/8/P1P2PP1/P3r3/1K1RR3 b - -,e2e6 b1c2 c8c5 e1e6 f7e6 d5b6 h6e3 d1d7 g7h6 d7d3
8/1B3pk1/p5p1/1p2b3/1P5P/P2Q2P1/6K1/2q5 b - -,
2r4r/bp1k1pp1/p2Pp3/PqN1Pn1p/7P/2B2N2/1P1Q1PP1/3R1RK1 b - -,d7e8 d6d7 e8d8 d2g5 d8c7 d7c8q h8c8 c5e4 b5c4 e4d6
8/8/1R6/1P6/1k6/8/r7/2K5 b - -,
rnb2rk1/1pq2pbp/p2p1np1/2pP4/P7/2N2N1P/1PP1BPP1/R1BQ1RK1 b - -,f8e8 f1e1 b8d7 c1f4 b7b6 e2c4 e8e1 d1e1 c8b7 e1e3
5rk1/4Rpp1/1p4p1/3p4/p2P4/P4PKP/1P4P1/8 b - -,f8c8 e7b7 c8c4 g3f4 c4d4 f4e3 d4d1 b7b6 d5d4 e3e4
r2r1k2/pp2nppQ/1q2pb1p/1b1n4/3PB3/P4N2/1P2NPPP/R1B1R1K1 b - -,e7g6 e4g6 f7g6 e2f4 d5f4 c1f4 b5d3 a1c1 g6g5 h7d3
1r5r/4Rp2/2pk4/3p3P/P4q2/1P5Q/8/1K2R3 b - -,h8c8 h5h6 c8c7 e7c7 d6c7 h6h7 f4b4 h3h2 c7d7 e1e3
8/5R2/4p1p1/4k3/4P2P/1r6/6KP/8 b - -,
r3rn2/pb2qkpp/2p1p3/3p4/3B1PQ1/bP1BP3/2P3PP/R4RK1 b - -,e6e5 d4e5 g7g6 f4f5 e7e5 f5g6 f7e7 a1a3 e7d6 g4b4
8/6p1/8/6pp/1pK5/k4P1P/P5P1/8 b - -,
8/2r1b1k1/p2pB1p1/1pqPp1P1/2P3R1/1P6/P4r2/1KR1Q3 b - -,c5b6 e1h1 e7g5 g4g5 f2f6 h1g2 c7c4 c1g1 b6g1 g2g1
r1b4r/p2pkp1p/2p2np1/q7/2BQ4/2N5/PPP2PPP/4R1K1 b - -,e7d8 d4f6 d8c7 f6h8 a8b8 c4b3 h7h5 h8f6 a5f5 f6d4
7R/1p1kp2P/p7/2P2P2/7r/PKP5/8/8 b - -,d7c7 a3a4 h4h1 b3c4 h1h5 c4d4 h5h4 d4d5 h4h6 a4a5
r4rk1/2p2ppp/p1n2p2/qp6/1PBP4/2N1P3/1P1B1PPP/R2Q1RK1 b - -,a5a1 d1a1 b5c4 a1a4 c6e7 a4d7 e7g6 d7c7 f8b8 c7a5
rnbqk2r/pp2ppbp/2p2np1/8/1PPp4/3P1NP1/PB2PPBP/RN1QK2R b KQkq -,c6c5 b1d2 b8c6 b4b5 c6a5 d2b3 f6d7 e1h1 e8h8 b3a5
r3k2r/pp1qppbp/3p1np1/4n3/3NP3/1PN1B2P/P1P2PP1/R2Q1RK1 b kq -,e5c6 a1c1 e8h8 d4c6 b7c6 d1d3 f8c8 c1d1 d7b7 f2f4
2r5/r7/2p2kb1/2Ppnp1p/1p1NP3/1P3PP1/3RR1BK/8 b - -,
8/8/4pRp1/8/4k2P/1r6/6KP/8 b - -,
4b1k1/1pq2pp1/4p2p/1P6/2PQ1P1P/4N1P1/1K6/8 b - -,b7b6 d4e5 c7d8 b2c3 d8c8 f4f5 c8a8 e5d6 a8a1 c3d3
7Q/6K1/8/8/8/3k3q/8/8 b - -,
r1b2rk1/p1p1bppp/1p3n2/8/4N3/2PB4/PP3PPP/R1B2RK1 b - -,
1RR5/p4ppk/4p2p/8/8/7P/PP3PPK/3q4 b - -,
8/5p2/4p1p1/4P3/4Pk1P/1r6/5RKP/8 b - -,b3f3 f2f3 f4e4 f3f7 e4e5 g2g3 e5d6 g3f4 d6d5 f4g4
5Q2/7R/8/1r4k1/3K4/8/8/8 b - -,b3f3 f2f3 f4e4 f3f7 e4e5 g2g3 e5d6 g3f4 d6d5 f4g4
r1bqk2r/1ppn1pbp/p2pp1pn/8/P2PPPP1/2N2N1P/1PP5/R1BQKB1R b KQkq -,h6g8 f1g2 g8e7 e4e5 b7b5 a4b5 c8b7 e1h1 e8h8 b5a6
6k1/pbp2ppp/8/2K5/2Q1r3/2P3P1/PP2q3/RNB5 b - -,h6g8 f1g2 g8e7 e4e5 b7b5 a4b5 c8b7 e1h1 e8h8 b5a6
r4rk1/pbp1bppp/1p3N2/8/8/2PB4/PP3PPP/R1B2RK1 b - -,e7f6 c1f4 f8d8 f1d1 a8c8 h2h3 g7g5 f4g3 d8d5 a2a4
r4rk1/1pb1qppp/2p1bn2/p3N3/3Pp2Q/P3P3/1P1B1PPP/1B2RRK1 b - -,e6d5 f2f3 f8e8 f1f2 b7b5 e1c1 a8a6 g2g4 c7e5 d4e5
1R2N3/p5k1/4p2b/3pP3/2r5/P1q5/K7/8 b - -,e6d5 f2f3 f8e8 f1f2 b7b5 e1c1 a8a6 g2g4 c7e5 d4e5
2r5/r7/2p2kb1/2P1np1p/1p1NP3/1P4P1/3RR1BK/8 b - -,
1Q1R4/5ppk/2p4q/p5Pn/2P1P2p/7P/P3P3/6K1 b - -,
8/8/5R2/1Pk5/8/8/r7/2K5 b - -,
1r4k1/5pp1/5n2/p1p1q3/2P1P1PQ/3R1P1P/P3N1K1/8 b - -,e5b2 g2f2 b2c2 d3d6 c2a2 g4g5 f6e8 g5g6 f7g6 d6d8
5rk1/p1p2ppp/2pp4/4p3/4P3/P1PP1P2/2P2P1P/1R4K1 b - -,f8c8 g1g2 g8f8 g2g3 f8e7 f3f4 f7f6 b1b7 e7d7 a3a4
r1bqk2r/3nbp1p/2n1p1p1/3pP3/p1pP1Q2/P1P2N1P/2B2PP1/1RB1RNK1 b kq -,a8a7 f1h2 d8a5 c1d2 a5c7 h2g4 f7f5 e5f6 c7f4 d2f4
rn3rk1/1pq2pbp/p2p1np1/2pP1b2/P5P1/2N2N1P/1PP1BP2/R1BQ1RK1 b - -,f5c8 f1e1 b8d7 c1f4 b7b6 e2c4 c8b7 d1d3 f8e8 f4h2
r4rk1/pbp2ppp/1p3b2/8/5B2/2PB4/PP3PPP/R4RK1 b - -,f8d8 f1d1 a8c8 d3b5 g7g5 f4g3 d8d1 a1d1 c8d8 b5a4
r1b2rk1/p3q3/2p1p1B1/1p2P3/6n1/2N5/PP1Q2P1/2KR3R b - -,f8f2 d2d3 e7g5 c1b1 f2f4 h1h5 g4e5 h5g5 e5d3 g6d3
7Q/8/7K/8/8/3k3P/6q1/8 b - -,
8/8/4pRp1/8/4k2P/6K1/1r5P/8 b - -,
r1bq1b1r/ppp1nkpp/8/3pQ3/5R2/2p2N2/PPP2PPP/R1B3K1 b - -,c8f5 f4f5 f7e8 c1g5 d8d6 g5e7 d6e5 f5e5 f8e7 a1e1
r5k1/2p2p1p/4bp2/4p3/2p1P2N/3P1P2/2PR1KPP/8 b - -,a8a4 g2g4 c4d3 c2d3 c7c5 d2c2 c5c4 d3c4 a4c4 c2c4
8/5R2/4p1p1/4P3/4k2P/1r6/6KP/8 b - -,
2r3k1/1R3pp1/1p4p1/3p4/p2P4/P4PKP/1P4P1/8 b - -,c8c4 g3f4 c4d4 f4e3 d4d1 b7b6 d5d4 e3e4 d1d2 g2g4
rq5r/p3k1pp/1n1bp3/1Np2p2/5P2/1Q2P3/PP4PP/R1BR2K1 b - -,b6d5 b5d6 b8d6 e3e4 f5e4 b3h3 a8d8 b2b3 d8c8 h3g4
8/8/5p2/6kp/8/4PK2/8/8 b - -,b6d5 b5d6 b8d6 e3e4 f5e4 b3h3 a8d8 b2b3 d8c8 h3g4
6k1/2p2p1p/2p1bp2/4p3/4P2N/3P1P2/r1P3PP/2R3K1 b - -,c6c5 g2g4 c5c4 d3c4 a2a4 h4g2 a4c4 g2e3 c4c3 g1f2
3rbq2/1r3p1k/2p1p3/2P1N2p/p1BP3Q/P7/5P2/6RK b - -,f7f6 c4d3 h7h8 d3g6 f8g7 g6e8 d8e8 g1g7 h8g7 h4g3
r3rn2/pb2qk1p/2p1p1p1/3p1P2/3B2Q1/bP1BP3/2P3PP/R4RK1 b - -,e6f5 f1f5 f7g8 f5f8 e8f8 d3g6 f8f6 g6d3 e7g7 g4g7
2r1k3/4bpp1/p2p4/1p2p1P1/4P3/2PR1N1r/PP3P2/1K4R1 b - -,d6d5 g1e1 d5e4 e1e4 f7f6 b1c2 c8c4 f3d2 c4e4 d3h3
8/2k4p/P1pnp1p1/2Kp2P1/3P1P1P/8/8/6B1 b - -,d6e4 c5b4 c7b6 b4b3 b6a6 b3a4 a6b6 a4b4 b6a7 b4a3
8/4r3/3Q1k2/1K6/8/8/8/8 b - -,e7e6 d6f4 f6e7 b5c5 e6f6 f4g4 f6e6 g4h4 e7e8 c5d5
r1bq1rk1/ppp2ppp/3p1nn1/3P2Q1/2B4N/2B5/PPP3PP/R4RK1 b - -,f6e4 g5d8 f8d8 h4g6 h7g6 f1f3 e4c3 f3c3 d8e8 c4d3
r4rk1/ppq3pp/2p1p1p1/3p4/3Pn3/2PQPN1P/PP1BP1Bb/R2R1K2 b - -,g6g5 d2e1 f8f6 c3c4 h7h5 c4d5 e6d5 d3b3 a8f8 d1d3
5k2/pp3pp1/2p4p/Rn3P2/P2P4/2Pb1PP1/4r2P/2K5 b - -,e4g3 f1e1 g3e4 e1f1 g6g5 d2e1 f8f6 d3b1 h7h5 d1d3
r1r3k1/p4Np1/1q2pn2/1p5p/3R4/P1P3P1/1P2QP1P/3R2K1 b - -,c8f8 f7d6 g8h7 h2h3 a8d8 e2e6 d8e8 e6f5 g7g6 f5d3
4r1k1/5pp1/5n2/p1p1q3/2P3Pp/2N2P1P/P3P3/3RQ1K1 b - -,g7g5 g1h1 g8g7 d1d3 e8b8 e1g1 b8b4 g1e3 e5e3 d3e3
1r4k1/5pp1/5n2/p1p5/2P1P1PQ/3R1P1P/Pq2NK2/8 b - -,b2c2 d3d6 c2a2 g4g5 f6e8 g5g6 f7g6 d6d8 b8d8 h4d8
r1bqrnk1/pp2bp1p/2p2np1/3pN1B1/3P4/2N1P3/PP3PPP/1BRQ1RK1 b - -,f8d7 f2f4 f6h5 g5e7 e8e7 e3e4 d5e4 c3e4 f7f5 g2g4
5k2/7B/5K2/8/8/7N/8/8 b - -,f8e8 h3f4 e8d7 f4d3 d7d6 h7g8 d6c6 f6e5 c6b5 g8b3
5r1k/pp2Q2p/8/4P3/3q2P1/7P/6P1/2R4K b - -,h8g8 e7g5 g8h8 e5e6 d4g7 g5d2 a7a6 d2d7 g7b2 c1g1
8/8/8/1k6/5R2/8/r7/2K5 b - -,
6k1/1R3pp1/1p4p1/3p4/p1rP1K2/P4P1P/1P4P1/8 b - -,c4d4 f4e3 d4d1 b7b6 d5d4 e3e4 d1d2 g2g4 f7f5 e4f4
r2q1rk1/1ppb1pbp/p1np1np1/4p3/4P3/2PP1N1P/PPB2PP1/RNBQR1K1 b - -,h7h6 d3d4 f6h5 a2a4 d8e8 b2b4 e5d4 f3d4 e8e5 c1e3
2k1rr2/pn2q2p/4pRp1/2ppP3/5Q2/2P2N2/PP4PP/4R1K1 b - -,f8g8 f3g5 b7d8 c3c4 g8g7 c4d5 e6d5 b2b4 e7c7 f6d6
2r5/3r4/2p2kb1/2P1nP1p/1p1N4/1P4P1/3RR1BK/8 b - -,g6f5 d4f5 d7d2 e2d2 f6f5 h2h3 c8a8 d2f2 f5e6 f2f4
6k1/2p2p1p/4bp2/4p3/2P1P2N/5P2/r1PR1KPP/8 b - -,h7h5 g2g3 a2a1 h4g2 a1h1 h2h4 e6c4 d2d8 g8g7 g2e3
2r3k1/2qnbppp/3p2P1/r2Pp2P/pp6/3QBP2/PPPN4/1K1R3R b - -,d7f6 d2e4 f6d5 g6f7 g8f7 e3c5 c7c6 d3c4 f7e6 f3f4
8/5pp1/4p1kp/8/1r3P2/6KP/5P2/4R3 b - -,g6f6 h3h4 b4a4 e1e5 a4a7 e5c5 g7g6 c5b5 h6h5 b5c5
2Q5/2p4k/2p4q/5p2/3P4/5NK1/P5B1/2r5 b - -,
6k1/2p2p1p/4bp2/2p1p3/4P2N/3P1PP1/r1P4P/2R3K1 b - -,c5c4 d3c4 a2a4 h4g2 a4c4 g2e3 c4d4 c1a1 d4d2 g3g4
r1bqkb1r/1p1n1ppp/p2ppn2/2p3B1/2BPP3/2P2N2/PP3PPP/RN1Q1RK1 b kq -,d8c7 b1d2 h7h6 g5f4 b7b5 c4d3 e6e5 f4g3 c5c4 d3c2
2r2rk1/pb3ppn/1pnqp2p/8/8/1NPB1N2/PP3PPP/R2QR1K1 b - -,f8d8 d3f1 d6d1 a1d1 g8f8 f3d4 h7f6 f2f3 f6e8 g1f2
r3rn2/pb2qk1p/2p3p1/3p1R2/3B2Q1/bP1BP3/2P3PP/R5K1 b - -,f7g8 f5f8 e8f8 d3g6 f8f6 g6d3 e7g7 g4g7 g8g7 a1a3
5k2/5p2/2r2p1b/3N3r/P3B3/3R2PP/5P2/1R4K1 b - -,h5e5 e4f3 f8g7 g1f1 c6c2 f3d1 c2c5 d5c3 h6d2 c3e2
r1b2b1r/p1p1k1pp/2p2q2/4p3/8/8/PPPPQPPP/RNB1K2R b KQ -,e7f7 b1c3 c8f5 e1h1 f8e7 d2d3 h8f8 c1d2 f7g8 c3e4
1r4k1/5pp1/5n2/p1p5/2P1P1PQ/1R3P1P/P1q1NK2/8 b - -,b8b3 a2b3 c2b3 e4e5 f6h7 h4d8 h7f8 d8a5 b3c4 a5c3
r3k1nr/pp1qppbp/3p2p1/4n3/3NP3/2N1B2P/PPP2PP1/R2Q1RK1 b kq -,e5c4 e3c1 a8c8 b2b3 c4e5 c1b2 g8f6 f2f4 e5c6 c3d5
3r1rk1/pb3p1p/1p3b2/1Bp3p1/8/2P3BP/PP3PP1/R4RK1 b - -,d8d2 f1b1 b7e4 b1e1 d2b2 a2a4 f6c3 e1e4 b2b5 a4b5
8/7R/1Q4k1/8/3K4/8/8/8 b - -,d8d2 f1b1 b7e4 b1e1 d2b2 a2a4 f6c3 e1e4 b2b5 a4b5
1r1r4/4Rp2/2pk4/3p3P/P4q2/1PQ5/8/1K2R3 b - -,d8h8 e7e3 d5d4 c3c4 f4e3 e1e3 d4e3 c4f4 d6d7 f4f7
8/8/6p1/4N1k1/6Pb/7K/8/8 b - -,h4e1 e5f3 g5f4 f3e1 g6g5 e1c2 f4e4 h3g3 e4e5 c2e1
5r2/p2R4/2p3k1/2N5/1p3r2/1B6/PP2b1P1/2K4R b - -,f4f1 h1f1 e2f1 b3c2 g6f6 d7d1 f6e7 g2g4 f1h3 d1e1
R2QKBNR/P1PPPPPP/B7/2N1n3/8/n7/p1pppppp/rQbqkb1r b - -,a2b1q c7c8q c1b2 d8b6 c2c1q d7d8q g2g1q g8h6 a3c4 a6c4
2r5/3r4/2p2k2/2P1nN1p/1p6/1P4P1/3RR1BK/8 b - -,d7d2 e2d2 f6f5 h2h3 c8a8 d2f2 f5e6 f2f4 a8a5 f4b4
r2qkbnr/pp1npppp/8/2ppPb2/3P4/2P2N2/PP3PPP/RNBQKB1R b KQkq -,e7e6 b1d2 g8e7 d4c5 d7c5 f1b5 e7c6 e1h1 f5d3 b5d3
2Q5/2p4k/2p3q1/5p2/3P4/5N1K/P5B1/2r5 b - -,
5k2/Rp3pp1/2p4p/5P2/P2P4/2nb1PP1/4r2P/2K5 b - -,g6g4 h3h2 c1c2 c8d7 h7h6 d7e6 h6h5 e6e8 g4g6 e8h8
Q3k3/2q2p2/p2p2r1/2n2b1N/1p6/8/PPP4P/2KR1B2 b - -,
6k1/1R3pp1/1p4p1/3p4/p2r4/P3KP1P/1P4P1/8 b - -,d4d1 b7b6 d5d4 e3e4 f7f5 e4f4 d4d3 g2g4 d1h1 b6d6
8/8/2k5/8/8/5R2/r7/2K5 b - -,
4r1kQ/1pp1q3/p2p1p2/5Pn1/4b3/2N1B3/PPP5/2K4R b - -,a2h2 f3f8 c6b5 f8b8 b5a5 b8a8 a5b6 a8c8 b6b7 c8f8
r1bq1b1r/ppppnkpp/8/8/4Q3/2p2N2/PPP2PPP/R1B1R1K1 b - -,d7d5 e4e2 h7h6 a1b1 f7g8 b2c3 e7g6 c3c4 d8f6 b1b3
r2r1k2/pp2nppQ/1q2pb1p/3n4/3PB3/P4N2/1P2RPPP/R1B3K1 b - -,a7a6 h7h8 e7g8 h2h4 g7g5 h8h7 g5g4 e4d5 d8d5 f3e5
r2qr1k1/1p2p1bp/1n1pP1p1/p1pP1pN1/b1P2P2/4B2P/1P1QB1P1/R4RK1 b - -,a4b3 d2c1 e8f8 e3d2 a5a4 d2c3 g7d4 c3d4 c5d4 c1e1
5bk1/5p1p/BR2p1p1/8/3PPBP1/1p6/2rn1P1P/6K1 b - -,b3b2 a6d3 c2c1 g1g2 b2b1q b6b1 c1b1 d3b1 d2b1 g2f3
7R/1k2p2P/p6r/2P2P2/8/P7/3K4/8 b - -,b7c7 d2d3 h6h5 a3a4 h5h4 c5c6 h4h1 d3e4 h1h5 e4e5
8/8/4rk2/1K6/8/8/8/3Q4 b - -,f6e5 d1d7 e6f6 d7g7 e5e6 g7c7 f6f5 b5c6 f5f6 c7g3
rnb1k2r/1p2bppp/p3pn2/q1pp4/3P1B2/2NBPN2/PPP2PPP/R2QK2R b KQkq -,c5c4 d3e2 f6e4 e1h1 e4c3 b2c3 a5c3 a2a4 b8c6 e3e4
8/6k1/7p/1r3P2/1P2RKP1/7P/8/8 b - -,g7g8 f4g3 h6h5 g3f4 h5g4 h3g4 g8g7 f4g5 g7h7 e4c4
6k1/2p2p1p/4bp2/4p3/2P1P2N/5PP1/r1P4P/2R3K1 b - -,a2a4 h4g2 a4c4 g1f2 c4d4 f2e2 f6f5 e4f5 e6f5 g2e3
2Q5/2p4k/2p5/5p2/3P2q1/5N2/P5BK/2r5 b - -,
2r5/8/2p2k2/2P1nN1p/1p6/1P4P1/3R2BK/8 b - -,f6f5 h2h3 c8a8 d2f2 f5e6 f2f4 a8a5 f4b4 a5c5 g2e4
2b2k1r/1p1pR1p1/1BpP1pp1/1p6/5r2/8/PPP3PP/1K1R4 b - -,h8h5 d1e1 h5e5 e1e5 f6e5 b2b3 f4f6 e7e5 f6e6 e5g5
r1bqk2r/pppnppbp/3p2pn/8/3PPP2/2N2N1P/PPP3P1/R1BQKB1R b KQkq -,a7a6 a2a4 e7e6 g2g4 h6g8 d1e2 g8e7 e4e5 a8b8 h3h4
r3rn2/pb2qk1p/2p5/3p1Q2/3B4/bP1BP3/2P3PP/R5K1 b - -,f7g8 f5g4 f8g6 d3g6 e7e3 d4e3 e8e3 g6d3 g8f8 g4f4
r2qr1k1/1p2ppbp/1n1pP1p1/p1pP4/b1P1NP2/4B2P/1P1QB1P1/R4RK1 b - -,f7f5 e4g5 a4b3 f1c1 a5a4 g2g4 e8f8 e2d3 g7f6 g4f5
8/R7/4p1p1/4k3/7P/1r6/6KP/8 b - -,
6k1/5pp1/5n2/p1p1P3/2P3PQ/1q3P1P/4NK2/8 b - -,f6h7 h4d8 h7f8 d8a5 b3c4 a5c3 c4c3 e2c3 f8g6 f2e3
8/2r1b1k1/p2pB1p1/1pqPp1P1/2P4R/1P6/P6r/1KR1Q3 b - -,h2h4 e1h4 e7g5 h4g5 c5f2 g5d8 c7f7 e6f7 f2f7 c4b5
6k1/5pp1/1R4p1/3p4/p7/P3KP1P/1P4P1/3r4 b - -,d5d4 e3e4 f7f5 e4f4 d4d3 b6g6 d1g1 g6d6 g1g2 d6d3
8/7B/2k5/6N1/3K4/8/8/8 b - -,c6d6 h7e4 d6d7 e4d5 d7c7 g5f3 c7b6 f3e1 b6c7 d4e5
8/1k3R2/8/8/8/8/r7/2K5 b - -,
r1bqrnk1/pp2bppp/2p2n2/3p2B1/3P4/2N1PN2/PP3PPP/1BRQ1RK1 b - -,h7h6 g5f4 c8g4 c3e2 g4f3 g2f3 f8g6 f4g3 d8d7 g1h1
2Q5/2p4k/2p5/5p2/3P1q2/5N1K/P5B1/2r5 b - -,
r1b1n1k1/p4r1p/2p1p1P1/1p2P3/8/2N3P1/PPB5/2KR3R b - -,h7g6 c2g6 f7f8 h1h7 b5b4 c3e4 c8a6 d1h1 a6d3 e4f6
r1bq1rk1/ppp2pp1/3p1nnp/3P4/2B4N/2B3Q1/PPP3PP/R4RK1 b - -,f6e4 g3e1 d8h4 c3g7 g8g7 e1h4 g6h4 f1f4 h4g6 f4e4
r1r5/p4kp1/1q1Rpn2/1p5p/8/P1P3P1/1P2QP1P/3R2K1 b - -,b6b8 e2e6 f7g6 d1d5 c8c7 e6e4 g6f7 d6f6 g7f6 d5h5
3r2k1/1pp2p1p/4bQ2/8/4P2N/3q1P2/6PP/6RK b - -,d8e8 f6g5 g8f8 g5h6 f8g8 h2h3 b7b5 h6g5 g8f8 g5c5
2r5/8/2p5/2P1nk1p/1p6/1P4PK/3R2B1/8 b - -,c8b8 d2d4 b8b5 g2e4 f5g5 e4c6 b5c5 c6a8 c5c8 a8g2
r2q1rk1/pbpnbppp/1p2pn2/3P4/3P4/1PNBPN2/P4PPP/R1BQ1RK1 b - -,e7b4 c1b2 e6d5 f3e5 f8e8 f2f4 b4c3 b2c3 f6e4 c3e1
r3rnk1/pb2q2p/2p5/3p4/3B2Q1/bP1BP3/2P3PP/R5K1 b - -,f8g6 d3g6 e7e3 d4e3 e8e3 g6d3 g8f8 g4f4 f8g8 f4e3
5rk1/p4p1p/1p3b2/1Bp3p1/4b3/2P3BP/PP1r1PP1/4RRK1 b - -,d2b2 a2a4 e4f5 g3e5 g8g7 f2f4 g5g4 h3g4 f5g4 f1f2
r1bqk2r/ppp2ppp/2np1n2/2b3N1/2B1P3/8/PPPP1PPP/RNBQK2R b KQkq -,c5f2 e1f2 f6g4 f2g1 d8g5 d2d4 g5f6 d1d2 f6d4 d2d4
8/8/1k3R2/8/8/8/r7/2K5 b - -,
7k/4P2p/8/3q4/1p4P1/4Q2P/2K5/8 b - -,h8g7 e7e8q d5a2 c2d3 a2a3 d3e4 a3e3 e4e3 b4b3 e3e4
6k1/5pp1/1R4p1/8/p2pK3/P4P1P/1P4P1/3r4 b - -,f7f5 e4f4 d4d3 b6g6 d1g1 g6d6 g1g2 d6d3 g2b2 d3d4
rnbk3r/pp3pbp/4pnp1/2p1P1B1/2B5/2N2N2/PPP2PPP/R3K2R b KQ -,d8e7 e1a1 h7h6 e5f6 g7f6 g5e3 b8d7 c3e4 f6g7 c4b5
3Q2k1/5ppn/8/p1p1P3/2P3P1/1q3P1P/4NK2/8 b - -,h7f8 d8a5 b3c4 a5c3 c4c3 e2c3 f8g6 f2e2 g6e5 e2e3
r3rnk1/2p2pb1/qpn1p1p1/p2pP1N1/3P1B2/2P1RQ2/PP1N1PP1/R5K1 b - -,a5a4 g5f7 c6e7 f7g5 c7c5 e3d3 e7f5 d2f1 c5d4 c3d4
r1b1k2r/1p2bppp/p1n1pn2/q1pp4/3P1B2/P1NBPN2/1PP2PPP/R2QK2R b KQkq -,c5c4 d3e2 f6e4 e1h1 e4c3 b2c3 a5c3 f1e1 e8h8 e2f1
1Q6/5pp1/2p3kR/p5Pn/2P1r2p/5P1P/P3P3/6K1 b - -,g7h6 b8g8 h5g7 g5h6 g6h6 f3e4 a5a4 e4e5 h6g6 g8f8
r4rk1/ppq3pp/2p1p3/3p2p1/2PPn3/3QPN1P/PP1BP1Bb/R2R1K2 b - -,f8f6 d2e1 h7h5 d1c1 g5g4 e1h4 a8f8 c1c3 g4f3 e2f3
4k3/1r5p/3b1pp1/3P4/4B1PP/4B3/5PK1/8 b - -,b7b3 h4h5 e8f7 g2f3 b3b4 e4c2 f7g7 c2d3 b4b3 f3e2
5r2/p2R4/2p3k1/2N5/1p6/1B6/PP2b1P1/2K2R2 b - -,f8f1 c1d2 e2b5 d2e3 f1g1 d7d2 g1e1 e3d4 a7a5 b3c2
4rr1k/2q3p1/5pP1/8/7R/5R2/4Q1K1/8 b - -,f8f1 c1d2 e2b5 d2e3 f1g1 d7d2 g1e1 e3d4 a7a5 b3c2
r1r5/p1q2kp1/3RQn2/1p5p/8/P1P3P1/1P3P1P/3R2K1 b - -,f7g6 d1d5 g6h6 g3g4 h6h7 e6f5 h7g8 d6f6 c8e8 f6e6
4r3/4Pk2/p7/Pp6/1B2pp2/P3b3/2r4P/4RR1K b - -,f7g6 d1d5 g6h6 g3g4 h6h7 e6f5 h7g8 d6f6 c8e8 f6e6
r1r3k1/pp1b1ppp/1qn1pn2/3p4/1P1P1P2/P1N2NP1/3Q1P1P/RBR3K1 b - -,c8c7 b1d3 c6e7 b4b5 a8c8 c3a4 c7c1 a1c1 c8c1 d2c1
5k2/5p2/4rp1b/3N3r/P7/3R1BPP/5P2/1R4K1 b - -,h5e5 g1g2 f8g7 d5c7 e6e7 c7b5 e7e8 h3h4 e8b8 d3d1
3rkq2/1p1b1p2/4pQ2/8/5P2/7P/P2R2P1/3R3K b - -,b7b5 f4f5 b5b4 f6h4 b4b3 a2b3 f7f6 f5e6 f8g7 d2d7
3r2k1/1pp2p1p/4b3/6Q1/3qP2N/5P2/6PP/6RK b - -,d4g7 g5d8 g7f8 d8c7 h7h6 c7b7 f8c5 b7b1 g8h7 e4e5
8/1p6/2P1k3/1K2p3/P3P1p1/6B1/4n3/8 b - -,e2c3 b5b4 c3e2 c6b7 e2g3 b4b5 g3e2 b7b8q e2c3 b5c6
2k5/7R/2K5/3P4/8/8/8/6r1 b - -,c8d8 h7h8 d8e7 d5d6 e7e6 h8h6 e6f5 d6d7 g1g8 c6c7
4k3/7p/3b1pp1/3P4/1r4PP/4BB2/5PK1/8 b - -,f6f5 g4f5 g6f5 h4h5 e8f7 e3g5 d6e7 g5d2 b4a4 d2c3
r1b1n1k1/p3r3/2p1p1B1/1p2P3/4N3/6P1/PP6/2KR3R b - -,c8a6 g6e8 a8e8 e4f6 g8f7 f6e8 f7e8 h1h8 e8f7 h8h7
8/8/4rk2/3K4/8/8/8/3Q4 b - -,e6e5 d5d4 e5a5 d1f3 a5f5 f3c3 f5e5 c3g3 e5g5 g3f4
r2qkbnr/pp1bpppp/2np4/PBp5/4P3/5N2/1PPP1PPP/RNBQK2R b KQkq -,g8f6 a5a6 b7a6 b5c6 d7c6 d2d3 g7g6 b1d2 f8g7 e1h1
r1b1B1k1/p7/2p1p3/7R/1p2N1r1/8/PP4P1/2K2R2 b - -,a8b8 e4f6 g8f8 h5h8 f8e7 f6g4 e7d6 f1d1 d6c7 h8h7
6k1/6p1/1R4p1/5p2/p2p1K2/P4P1P/1P4P1/3r4 b - -,d4d3 b6g6 d1g1 g6d6 g1g2 d6d3 g2b2 d3d4 g7g6 d4a4
8/K7/1P6/8/N4Pkp/6P1/1P3P2/8 b - -,d4d3 b6g6 d1g1 g6d6 g1g2 d6d3 g2b2 d3d4 g7g6 d4a4
r3rn2/pb2qk1p/2p5/3p4/3B2Q1/bP1BP3/2P3PP/5RK1 b - -,d4d3 b6g6 d1g1 g6d6 g1g2 d6d3 g2b2 d3d4 g7g6 d4a4
5nk1/5pp1/8/Q1p1P3/2P3P1/1q3P1P/4NK2/8 b - -,b3c4 a5c3 c4c3 e2c3 f8g6 f2e3 g6e5 f3f4 e5c6 f4f5
r2qr1k1/1p2p1bp/1n1pp1p1/p1pP2N1/b1P2P2/4B2P/1P1QB1P1/R4RK1 b - -,e6d5 f4f5 e7e5 f5g6 h7g6 d2e1 g7f6 e1h4 f6g5 e3g5
4q3/5pK1/1p6/4N3/8/6k1/8/4Q3 b - -,e6d5 f4f5 e7e5 f5g6 h7g6 d2e1 g7f6 e1h4 f6g5 e3g5
r5k1/pp1b2q1/2p4r/3p1R2/1P1Np2p/P5P1/4P1Q1/3R2K1 b - -,h4g3 f5f4 h6h2 e2e3 h2g2 g1g2 a8f8 d1f1 f8f4 f1f4
7k/pR4R1/4pN1p/3pP3/2r5/P1q5/K7/8 b - -,c3d2 b7b2 d2b2 a2b2 h8g7 f6e8 g7g6 b2a1 h6h5 e8d6
8/8/Q3R3/q5pP/3p2P1/3k4/8/6K1 b - -,c3d2 b7b2 d2b2 a2b2 h8g7 f6e8 g7g6 b2a1 h6h5 e8d6
7k/4P2p/8/3q4/1p4P1/4Q2P/8/4K3 b - -,d5h1 e1e2 h1g2 e2d3 g2f1 d3d4 f1a1 d4c4 a1a6 c4b4
8/8/2K1k3/4p3/P3P1p1/6B1/4n3/8 b - -,e6e7 g3h4 e7e6 a4a5 e2d4 c6b6 e6d7 a5a6 d4c6 h4g3
8/p2R4/2p3k1/2N5/1p6/1B6/PP1Kb1P1/5r2 b - -,e2b5 d2e3 f1g1 d7d2 g1e1 e3d4 a7a5 b3c2 g6f6 b2b3
r1r2k2/p1qR2p1/4Qn2/1p5p/8/P1P3P1/1P3P1P/3R2K1 b - -,c7d7 d1d7 f6d7 e6d7 a7a6 d7f5 f8g8 f5d5 g8f8 d5h5
r3r3/ppp2kpp/8/2bP1Q2/2P3P1/N7/PP1BB2q/R4KNn b - -,f7g8 f1e1 h2g1 f5f1 e8e2 e1e2 h1g3 e2d1 g1f1 d1c2
6k1/2p2p1p/4bp2/4p3/r1P1P3/5PP1/2P3NP/2R3K1 b - -,a4c4 g1f2 c4d4 f2e2 f6f5 e4f5 e6f5 g2e3 f5d7 c1a1
3r1rk1/pp2q2p/1np3p1/4Pp1n/3P2b1/1PNBQ3/P3N1PP/4RRK1 b - -,e7b4 e3c1 g4e2 c3e2 h5g7 e1d1 b4e7 a2a4 b6d5 d3c4
r1bq1rk1/ppp2pb1/3p1np1/2nPp1Pp/2P1P3/2N1BP1P/PP6/R2QKBNR b KQ -,f6h7 h3h4 b7b6 f1h3 f7f5 b2b4 c5b7 e4f5 c8f5 h3f5
r1rb4/2q3pk/3p2Q1/3Pp3/pp6/4BP2/PPPN4/1K4R1 b - -,f6h7 h3h4 b7b6 f1h3 f7f5 b2b4 c5b7 e4f5 c8f5 h3f5
r3B1k1/p3r3/b1p1p3/1p2P3/4N3/6P1/PP6/2KR3R b - -,a8e8 e4f6 g8f7 f6e8 e7e8 h1h7 f7g6 h7a7 a6c8 d1f1
r1bk2nr/pppp1ppp/2n3q1/1BbNp3/4P3/2P2N2/PP1P1PPP/R1BQ1RK1 b - -,g6e4 d5c7 d8c7 f1e1 e4g6 d2d4 c5b6 b5d3 f7f5 d4e5
1n6/5p2/6p1/3b1PKP/8/6b1/pB4k1/7R b - -,f7f6 b2f6 b8d7 h1d1 d7f6 g5f6 g6h5 f6g6 h5h4 d1d2
3r3k/1q3N1b/7Q/1P6/1p1b4/8/5PPP/4R1K1 b - -,b7f7 h6h4 f7f6 h4f6 d4f6 h2h4 b4b3 g1h2 b3b2 e1f1
8/8/2K1k3/P3p3/4P1p1/6n1/8/8 b - -,g3f5 e4f5 e6f5 a5a6 g4g3 a6a7 g3g2 a7a8q g2g1q a8f8
5rk1/p4p1p/1p3b2/1Bp3p1/P3b3/2P3BP/1r3PP1/4RRK1 b - -,e4f5 g3e5 g8g7 f2f4 g5g4 h3g4 f5g4 f1f2 b2f2 g1f2
3r1k2/1pp2p1p/4b3/6Q1/3qP2N/5P1P/6P1/6RK b - -,d8d6 g1f1 b7b6 e4e5 d4d2 f3f4 d2e2 f1f3 d6d1 h1h2
4q3/5pK1/1p6/4N3/8/8/4Q1k1/8 b - -,d8d6 g1f1 b7b6 e4e5 d4d2 f3f4 d2e2 f1f3 d6d1 h1h2
r1q2rk1/1ppb1pb1/p1np1np1/4p2p/4P1P1/2PP1PNP/PPB4N/R1BQR1K1 b - -,g8h8 d3d4 f6h7 c1e3 c8d8 g1g2 d8h4 f3f4 e5f4 e3f4
6k1/6p1/6R1/5p2/p2p1K2/P4P1P/1P4P1/6r1 b - -,d4d3 g6d6 g1g2 d6d3 g7g6 d3d4 g2b2 d4a4 g8g7 a4a8
8/8/R7/6pP/3p2P1/3k4/8/6K1 b - -,d4d3 g6d6 g1g2 d6d3 g7g6 d3d4 g2b2 d4a4 g8g7 a4a8
5nk1/5pp1/8/2p1P3/2q3P1/5P1P/3QNK2/8 b - -,f8e6 h3h4 g7g6 f2g3 c4b4 d2b4 c5b4 f3f4 b4b3 e2c3
7k/4P2p/8/8/1p4P1/4Q2P/7q/5K2 b - -,f8e6 h3h4 g7g6 f2g3 c4b4 d2b4 c5b4 f3f4 b4b3 e2c3
4r1k1/p3r3/b1p1pN2/1p2P3/8/6P1/PP6/2KR3R b - -,g8f7 f6e8 e7e8 h1h7 f7g6 h7a7 a6c8 d1f1 e8g8 a7f7
8/2p3N1/6p1/3n1P2/pp2R1k1/8/P1p2K1P/2Br4 b - -,g8f7 f6e8 e7e8 h1h7 f7g6 h7a7 a6c8 d1f1 e8g8 a7f7
r1bq1rk1/ppp2pbn/3p2p1/2nPp1Pp/2P1P2P/2N1BP2/PP6/R2QKBNR b KQ -,f7f6 d1d2 c8d7 e1a1 a7a6 g5f6 f8f6 c1b1 a8b8 d1c1
3rbq2/1r5k/2p1pp2/2P1N2p/p2P3Q/P2B4/5P2/6RK b - -,h7h8 d3g6 f8g7 g6e8 d8e8 g1g7 h8g7 h4g3 g7f8 g3f3
1r2r1k1/2p3p1/1p1pB3/p7/2P4R/4P1P1/P3P2P/5RK1 b - -,e8e6 f1f3 b8e8 g1f2 e8e7 h4f4 e6e5 f4f5 g7g6 f5f4
r5k1/8/p3P3/Pp3pp1/4p3/P3b1P1/2r4P/R3BR1K b - -,f5f4 g3f4 g5f4 a3a4 g8g7 a4b5 a6b5 a1b1 a8h8 h2h4
r3r1k1/pb2q2p/2p3B1/3p4/3B2Q1/bP2P3/2P3PP/R5K1 b - -,e7e3 d4e3 e8e5 g6d3 g8f7 g4f4 f7e6 a1a3 d5d4 e3d4
4r2k/4r1pb/4N2p/1P6/1pR5/8/5KPP/4R3 b - -,b4b3 c4b4 h7g8 b4b3 e7e6 e1e6 e8e6 b3b4 e6b6 g2g4
3r1r1k/5QpN/2R4p/1P6/1p1b4/8/5PPP/4R1K1 b - -,f8f7 c6c2 h8h7 e1b1 d4c3 g2g3 f7b7 h2h4 b7b5 g1g2
1RR5/p4ppk/4p2p/8/8/6PP/PP1q1PK1/8 b - -,
7r/4k1pp/8/p2pP1P1/P3q3/1r3R1Q/6KP/2R5 b - -,
6k1/5ppp/8/8/8/2b2PP1/r6P/7K b - -,e4f3 h3f3 b3f3 g2f3 e7e6 c1c5 h8f8 f3e3 f8f5 c5a5
2R5/6k1/6P1/1r3PK1/1P6/8/8/8 b - -,e4f3 h3f3 b3f3 g2f3 e7e6 c1c5 h8f8 f3e3 f8f5 c5a5
3r2k1/5p2/p6p/q5pB/4P3/2Rn3P/2Q2PP1/6K1 b - -,
2r1k3/4bpp1/p7/1p1pp1P1/4P3/2PR1N1r/PP3P2/1K2R3 b - -,e7g5 e4d5 g5f6 a2a4 b5a4 e1e4 a4a3 b2b3 a6a5 c3c4
6k1/6p1/3R4/5p2/p4K2/P2p1P1P/1P4P1/6r1 b - -,g1g2 d6d3 g2b2 d3d4 g7g6 d4a4 g8g7 a4a8 g7f6 h3h4
8/p2R4/2p3k1/1bN5/1p6/1B2K3/PP4P1/5r2 b - -,f1c1 c5d3 b5d3 d7d3 c1e1 e3f2 e1c1 f2g3 g6g5 d3d1
3rk3/1p1b1p2/4p3/2q1Q3/5P2/7P/P2R2P1/3R3K b - -,c5b4 d2d3 b7b6 f4f5 f7f6 e5f6 b4e7 f6h8 e7f8 h8h4
1Q1R4/5ppk/2p3q1/p6n/2P1P1Pp/7P/P3P3/6K1 b - -,g6g5 d8h8 h7g6 b8d6 h5f6 g1g2 g5e3 d6d3 e3e4 d3f3
3rr1k1/ppp2pp1/7p/8/P3nPQ1/1K1B4/RP3q2/1N5R b - -,g6g5 d8h8 h7g6 b8d6 h5f6 g1g2 g5e3 d6d3 e3e4 d3f3
6k1/4n3/1pn3P1/3ppr2/8/2P4N/1P6/rNKR2R1 b - -,e5e4 g1f1 f5f1 d1f1 e7g6 c1c2 c6a5 b1d2 a1f1 d2f1
4N3/p3rk2/b1p1p3/1p2P3/8/6P1/PP6/2KR3R b - -,f7e8 h1h8 e8f7 h8h7 f7e8 h7e7 e8e7 d1h1 b5b4 h1h7
6k1/5pp1/4n3/2p1P3/2q3PP/5P2/3QNK2/8 b - -,g7g6 d2e3 c4a2 f2g3 c5c4 e2c3 a2a1 f3f4 a1f1 c3e4
3k3r/1pp1n2p/p4Q2/4p3/8/4B2P/PPP2PP1/R5K1 b - -,g7g6 d2e3 c4a2 f2g3 c5c4 e2c3 a2a1 f3f4 a1f1 c3e4
4r1k1/5pp1/5n2/p1Q5/2P3Pp/2N2PqP/P3P3/3R1K2 b - -,g3h3 f1f2 h3g3 f2f1 f6g4 f3g4 g3c3 c5d5 g7g6 d5d3
1k1r3r/pPp2ppp/3b1n2/7q/2B3b1/2N1BP2/PPP3KP/R3Q2R b - -,g7g6 c5g1 g3h3 f1f2 g8f8 d1d3 e8c8 c3e4 c8c6 e4g5
r4rk1/2p2ppp/p1n2p2/1p1B4/1q1P4/2N1P3/1P1B1PPP/R2Q1RK1 b - -,c6e7 d5a8 f8a8 c3e4 b4c4 a1c1 c4d5 e4c3 d5d6 d1f3
r1bqkbnr/ppp2ppp/2n1p3/1B6/4p3/1P6/PBPPQPPP/RN2K1NR b KQkq -,c8d7 b1c3 a7a6 b5c6 d7c6 c3e4 f7f5 e2h5 e8d7 e4g5
8/p2R4/2p3k1/1b6/1p6/1B1NK3/PP4P1/2r5 b - -,b5d3 d7d3 c1e1 e3f2 e1b1 d3d2 g6f6 f2f3 a7a5 f3e4
q4k1r/pp2p1bp/3PQnp1/8/8/8/2P2PPP/R3KB1R b KQ -,f6g8 f1c4 g7c3 e1d1 f8g7 e6f7 g7h6 a1a3 a8d8 a3c3
5rk1/p4p1p/1p3b2/1Bp1Bbp1/P7/2P4P/1r3PP1/4RRK1 b - -,g8g7 f2f4 g5g4 h3g4 f5g4 f1f2 b2f2 g1f2 f8d8 a4a5
r2q4/pp2nk2/2n2Npp/2p1pb2/8/3P4/PPP3PP/R1BQ1RK1 b - -,f7g7 f6g4 g6g5 g4e3 f5e6 d1f3 d8d7 g1h1 e7g6 f3e4
2b2k2/1p1pR1p1/1BpP1pp1/1p6/5r2/8/PPP3Pr/1K2R3 b - -,g6g5 a2a3 f4g4 e7e8 f8f7 e8c8 g4g2 c8c7 g2c2 b6d4
6k1/6p1/8/5p2/p4K2/P2R1P1P/1P4r1/8 b - -,g2b2 f4f5 g8f7 f3f4 g7g6 f5e4 b2a2 e4d5 f7f6 d5c5
r1bq1rk1/ppp3bn/3p1pp1/2nPp1Pp/1PP1P2P/2N1BP2/P7/R2QKBNR b KQ -,f6g5 b4c5 g5h4 f1e2 g7f6 d1d2 f6g5 e3g5 h7g5 h1h4
8/2p3N1/6p1/3n1PB1/pp2R3/7k/P1p2K1P/3r4 b - -,f6g5 b4c5 g5h4 f1e2 g7f6 d1d2 f6g5 e3g5 h7g5 h1h4
r3qr1k/ppR2bpp/3RB3/4Q3/8/5pP1/PP3P1P/6K1 b - -,b7b6 h2h4 a8b8 e5d4 a7a6 g1h2 a6a5 e6c4 b6b5 c4e6
8/8/7Q/3k4/8/8/8/K7 b - -,b7b6 h2h4 a8b8 e5d4 a7a6 g1h2 a6a5 e6c4 b6b5 c4e6
r3r1k1/pb2q3/2p3Q1/3p4/3B4/bP2P3/2P3PP/R5K1 b - -,b7b6 h2h4 a8b8 e5d4 a7a6 g1h2 a6a5 e6c4 b6b5 c4e6
2r2r2/pp2p2k/n5pp/3P1b2/2B4P/q7/PB2QPP1/R3R1K1 b - -,f5g4 e2e7 a3e7 e1e7 f8f7 e7f7 h7g8 f7g7 g8f8 c4a6
3rk3/1p1bqp2/4p3/4QP2/8/7P/P2R2P1/3R3K b - -,b7b6 e5h8 e7f8 h8h4 f7f6 f5e6 f8g7 d2d7 g7d7 e6d7
7r/4k1pp/8/p2pP1P1/P7/1r3Q2/6KP/2R5 b - -,
6k1/5ppp/8/4b3/5P2/6P1/r6P/7K b - -,e5d6 h1g1 g8f8 g1f1 f8e7 f1e1 e7f6 e1d1 f6f5 d1c1
6k1/5p2/4n1p1/2p1P3/2q3PP/5PK1/3QN3/8 b - -,c4b4 d2c3 b4b1 e2f4 b1g1 f4g2 g1b1 c3e1 b1b2 g2f4
4q3/5pK1/1Q2k3/4N3/8/8/8/8 b - -,c4b4 d2c3 b4b1 e2f4 b1g1 f4g2 g1b1 c3e1 b1b2 g2f4
r2q1rk1/1b2ppbp/1p1p2p1/p3P2n/PnBP4/2N1BN1P/1P2QPP1/3R1RK1 b - -,d8c8 c4b3 c8f5 f3h4 h5f4 h4f5 f4e2 c3e2 g6f5 e5d6
8/2R3k1/1r4P1/5PK1/1P6/8/8/8 b - -,d8c8 c4b3 c8f5 f3h4 h5f4 h4f5 f4e2 c3e2 g6f5 e5d6
8/8/3R4/6pP/3p2P1/4k3/8/6K1 b - -,d8c8 c4b3 c8f5 f3h4 h5f4 h4f5 f4e2 c3e2 g6f5 e5d6
r5r1/1p2kp2/p2qb2p/3p2p1/3P4/1PN2Q1P/1PP3P1/4RRK1 b - -,e7f8 f3f6 a8e8 e1e5 g8g7 f6h6 f8g8 e5g5 g7g5 h6g5
7r/4k1pp/8/p2pP1P1/P7/5K2/7P/2R5 b - -,
6k1/6p1/8/5K2/p7/P2R1P1P/1r6/8 b - -,b2a2 f3f4 g8f7 d3e3 a2a1 f5e5 a1a2 h3h4 a2a1 f4f5
r1qn1rk1/1ppb1pb1/p4np1/4p2p/4P1P1/2P2PNP/PPB4N/R1BQ2RK b - -,g8h7 g4h5 d7c6 d1f1 d8e6 h2g4 f6h5 g3h5 g6h5 g4e3
r1b1nrk1/p6p/2p1pqp1/1p2p2P/5P2/2N5/PPBQ2P1/2K2R1R b - -,c8a6 c3e4 f6g7 h5g6 h7g6 e4g5 e8f6 g5e6 g7d7 d2d7
5rk1/p4p1p/1p3b2/1Bp3p1/4R3/2P3BP/Pr3PP1/5RK1 b - -,b2b5 f2f4 f6c3 f4g5 b5a5 f1f3 c3g7 a2a3 g7b2 h3h4
2r3k1/2q1nppp/p1pb4/1r6/2Q5/1P3N1P/PB3PP1/2RR2K1 b - -,c8d8 a2a4 b5a5 c4c3 f7f6 c3c4 g8h8 b2c3 a5c5 c4a6
8/p7/2p3k1/8/1p6/1B1RK3/PP4P1/2r5 b - -,c1e1 e3f2 e1e7 d3d6 g6g7 d6c6 a7a5 c6c5 e7a7 f2e3
r1b1k2r/pp2bppp/2n1pn2/1BqpB3/2P5/4PN2/P2N1PPP/1R1Q1RK1 b kq -,e8h8 e5a1 a7a6 b5c6 c5c6 f3e5 c6c7 c4d5 f6d5 e3e4
8/6p1/7p/6p1/kpK3P1/5P2/P6P/8 b - -,
6k1/5p2/4n1p1/2p1P3/1q4PP/2Q2PK1/4N3/8 b - -,
r1bqkb1r/1p1npppp/p4n2/2pP4/P1B1pB2/2N5/1PP2PPP/R2QK1NR b KQkq -,d7b6 b2b3 e7e6 d5e6 d8d1 a1d1 f7e6 g1h3 c8d7 h3g5
r1bqrnk1/pp2bp1p/2p2np1/3pN1B1/3P4/2NBP2P/PP3PP1/2RQ1RK1 b - -,f8d7 f2f4 f6h5 g5e7 d8e7 d1f3 h5g7 e3e4 d7f6 e4d5
4q3/5pK1/5Q2/4Nk2/8/8/8/8 b - -,a7a5 g5h6 f6h5 g2g4 h5g7 e3e4 f7f6 e5f3 d5e4 d3e4
r4rk1/pp1bbppp/1q6/8/1n1N1Qn1/P1N1P3/1P3PPP/R1B1KB1R b KQ -,e7d6 f4f3 f8e8 a3b4 b6d4 b4b5 d6b4 c1d2 a8d8 f1e2
3rk2Q/3bqp2/4p3/1p3P2/8/7P/P2R2P1/3R3K b - -,e7d6 f4f3 f8e8 a3b4 b6d4 b4b5 d6b4 c1d2 a8d8 f1e2
6rk/ppp1b3/2n1p1r1/2P3P1/3P1P2/P3PN2/1PQ5/3K4 b - -,g6g7 c2e4 c6d8 f3e5 c7c6 d1e2 a7a6 b2b4 g8e8 e2d3
q4k1r/pp4bp/3Q1np1/8/8/8/2P2PPP/R3KB1R b KQ -,g6g7 c2e4 c6d8 f3e5 c7c6 d1e2 a7a6 b2b4 g8e8 e2d3
3Qbq2/1r5k/2p1p3/2P1Np1p/p2P4/P2B4/5P2/6RK b - -,f8e7 d8e7 b7e7 g1b1 h7g7 b1b8 h5h4 h1h2 g7f6 f2f4
8/5p2/4p1p1/4P3/4PPkP/4r2P/R5K1/8 b - -,g4h5 a2a7 e3b3 a7f7 b3b2 g2g3 b2b3 g3f2 b3h3 f7g7
r1b1nrk1/p6p/2p1pq2/1p2p2R/5P2/2N5/PPBQ2P1/2K2R2 b - -,e5e4 c3e4 f6f7 h5h6 f7f5 d2e3 f8f7 e4g5 f5g5 c2h7
3r1rk1/1pq2Np1/1b5p/1PN2b2/1pBP1n2/4Q3/5PPP/2R1R1K1 b - -,f4g2 f7d8 g8h8 g1g2 c7d8 c5e6 f5e6 c4e6 b6c7 e3e4
8/8/R6P/6p1/3p2P1/4k3/8/6K1 b - -,f4g2 f7d8 g8h8 g1g2 c7d8 c5e6 f5e6 c4e6 b6c7 e3e4
5rk1/p4p1p/1p3b2/1rp3p1/R7/2P3BP/P4PP1/5RK1 b - -,a7a5 a4c4 b5b2 h3h4 h7h6 h4g5 h6g5 f2f4 b2c2 g1h2
6k1/5ppp/8/4b3/5P2/6P1/6KP/r7 b - -,e5d6 g3g4 g7g6 g4g5 d6f4 g2f3 f4d6 h2h4 a1a4 f3e2
4k3/8/7R/8/r2PK3/8/8/8 b - -,
rnbqkb1r/ppp2ppp/4pn2/8/3P4/2N1BP1N/PPP3PP/R2QKB1R b KQkq -,f8b4 d1d3 f6d5 e3d2 b8c6 e1a1 b4c3 d2c3 a8b8 c3d2
6k1/p2r2p1/8/R7/6P1/5p1P/5P1K/8 b - -,d7d8 a5a7 g8f8 h2g3 g7g6 g3f3 d8d3 f3g2 f8g8 a7a4
4k3/4bp2/p1rp2pr/1p1Rp3/4P2P/2P2N2/PPK2P2/7R b - -,f7f5 a2a4 b5b4 e4f5 g6f5 c2b3 b4c3 b2c3 e8f7 h4h5
2b1r3/R7/2p1p1k1/1p2P3/8/6P1/PP6/2K2R2 b - -,e8g8 a7f7 c8a6 f7f8 g8g7 f1f6 g6h5 f6e6 g7g5 e6c6
6k1/6p1/8/5K2/p7/P3RP1P/r7/8 b - -,g8f7 f3f4 a2a1 e3c3 f7e7 c3d3 e7f7 d3e3 a1a2 h3h4
8/2r1b1k1/p2pB1p1/1pqPp1P1/2P4Q/1P6/P7/1KR5 b - -,e7g5 h4g5 c5f2 g5d8 c7f7 e6f7 f2f5 b1a1 f5d3 d8g8
r1bq1rk1/1ppnn1bp/p2Pppp1/8/P2P1P2/2NB1N2/1PP3PP/R1BQ1RK1 b - -,c7d6 d1e2 f8f7 a4a5 d7f8 c1d2 b7b6 a5b6 d8b6 b2b4
3r2k1/1pq2Bp1/1b5p/1PN2b2/1p1P1n2/4Q3/5PPP/2R1R1K1 b - -,g8f8 c5e6 f4e6 c1c7 b6c7 f7e6 d8e8 e6f5 e8e3 f2e3
8/8/1K6/PP2k3/8/8/1r6/8 b - -,
r2qr1k1/1p2p1bp/1n1pP1p1/p1pP1pN1/2P2P2/1b2B2P/1P1QB1P1/R1R3K1 b - -,a5a4 g2g4 e8f8 e2d3 d8e8 d2e2 b3c4 d3c4 b6c4 c1c4
5rk1/5p1p/1p3b2/prp3p1/R1P5/6BP/P4PP1/5RK1 b - -,b5b4 a4b4 a5b4 f1d1 f6d4 g1f1 f8a8 d1d2 a8a7 g3b8
8/p7/2p3k1/8/1p6/1B1R4/PP3KP1/4r3 b - -,e1b1 d3d2 b1h1 d2d1 h1h8 d1d6 g6g7 d6c6 a7a5 c6c7
8/8/6b1/p5P1/5k2/Pp6/1P6/2K5 b - -,e1b1 d3d2 b1h1 d2d1 h1h8 d1d6 g6g7 d6c6 a7a5 c6c7
3rr1k1/ppp2pp1/7p/8/P4PQ1/1K1B4/RP1N1q2/7R b - -,e1b1 d3d2 b1h1 d2d1 h1h8 d1d6 g6g7 d6c6 a7a5 c6c7
4q3/5NK1/5Q2/8/4k3/8/8/8 b - -,
5rk1/p4ppp/1p1P4/3n1N2/6P1/1P6/5P1P/4R1K1 b - -,a7a5 f5d4 f8a8 d4c6 d5f6 e1e7 h7h6 h2h4 a5a4 b3a4
r1bqkbnr/1pp3pp/p1np4/4p3/2B1P3/2N2N2/PPP2PPP/R1BQK2R b KQkq -,h7h6 h2h3 g7g6 c1e3 d8f6 c3d5 f6g7 f3h4 g8f6 e1h1
8/6k1/4K1p1/7p/7P/2b3P1/8/6R1 b - -,c3b2 g1b1 b2c3 b1c1 c3b2 c1c8 b2a1 c8c2 g7g8 c2c4
r2r2k1/p4ppp/2p1p3/8/2b5/P1n1BBP1/4PP1P/2R2RK1 b - -,c4d5 c1c3 f7f6 h2h4 a7a5 f1c1 a8b8 g1h2 a5a4 e3a7
rnb1kb1r/ppp3pp/4p3/5p2/3q4/3B1Q2/PPP2PPP/R1B1K1NR b KQkq -,b8c6 c2c3 d4f6 f3h5 g7g6 c1g5 f6e5 h5e2 e5e2 g1e2
6k1/5p2/4n1p1/2p1P3/5NPP/2Q2PK1/8/1q6 b - -,b1g1 f4g2 g1b1 c3e1 b1b2 e1e4 c5c4 e4c4 b2e5 f3f4
r1bq1rk1/1ppnn1bp/p2pppp1/4P3/P2PNP2/3B1N2/1PP3PP/R1BQ1RK1 b - -,f6f5 e4g5 d7b6 d1e1 h7h6 g5h3 a6a5 c1d2 e7c6 d3b5
r2qkb1r/1b1n1ppp/p2pp3/6P1/1pnNP2P/3QBP2/PPP1N3/2KR1B1R b kq -,a8c8 f1h3 d8c7 e2f4 c4e3 d3e3 e6e5 f4d5 c7c5 c1b1
4r1k1/5pp1/5n2/p1p5/2P2qPp/2NR1P1P/P3PQ2/6K1 b - -,f6h7 f2h4 f4c4 g1f2 c4f4 d3d8 f4h2 f2e1 h2g1 e1d2
r1kbrnbq/pppp1ppp/2n5/4p3/4P3/4N1P1/PPPP1P1P/RNKBR1BQ b KQkq -,f8e6 a2a4 a7a5 e3d5 g7g6 f2f4 e5f4 g3f4 f7f5 e4f5
7r/6pp/4k3/p1RpP1P1/P7/5K2/7P/8 b - -,h8f8 f3e3 f8f5 c5a5 f5g5 a5a7 e6e5 a4a5 g5g4 a5a6
4r1k1/2B2p1p/1p3b2/p1p3p1/R1P2P2/7P/Pr4P1/5RK1 b - -,e8e7 c7d6 e7d7 d6b8 d7d2 f4g5 f6d4 g1h1 b2a2 a4a2
8/5kp1/8/5K2/p4P2/P3R2P/r7/8 b - -,a2a1 f5e5 a1a2 e3c3 f7g6 c3g3 g6f7 g3e3 a2a1 h3h4
8/8/6p1/6Pk/5N1b/7K/6P1/8 b - -,h5g5 f4e6 g5f6 h3h4 f6e6 h4g5 e6f7 g5h6 f7f6 g2g4
5k2/3R1p2/4p3/1p3P2/8/7P/P5P1/7K b - -,h5g5 f4e6 g5f6 h3h4 f6e6 h4g5 e6f7 g5h6 f7f6 g2g4
8/5p2/4p1p1/4P3/4Pk1P/4r2P/5RK1/8 b - -,e3f3 f2f3 f4e5 f3f7 e5e4 g2g3 e4d5 g3g4 e6e5 g4g5
5rk1/p3Np1p/1p1P2p1/3n4/6P1/1P6/5P1P/4R1K1 b - -,g8h8 e7d5 f8d8 g4g5 d8d6 e1e8 h8g7 d5f6 d6f6 g5f6
8/p7/2p3k1/8/1p6/1B6/PP1R1KP1/1r6 b - -,g6f6 f2f3 b1f1 d2f2 f1a1 f3e4 f6e7 e4f5 a7a5 f2d2
8/7P/3R4/6p1/6P1/4k3/3p4/6K1 b - -,g6f6 f2f3 b1f1 d2f2 f1a1 f3e4 f6e7 e4f5 a7a5 f2d2
8/8/5KpP/3b1P2/8/6b1/p5k1/7R b - -,g6f6 f2f3 b1f1 d2f2 f1a1 f3e4 f6e7 e4f5 a7a5 f2d2
r1b1nrk1/p6p/2p1pqP1/1p6/5p2/2N5/PPBQ2P1/2K2R1R b - -,e6e5 h1h6 f6e6 g6h7 g8h8 h6e6 c8e6 c3e4 e6a2 e4g5
8/8/3k4/2p5/1pKp4/3B1P2/1PP5/2n5 b - -,d6e7 c4c5 b4b3 c5d4 c1e2 d4e5 e2g1 f3f4 g1f3 e5e4
6k1/2B2p1p/1p3b2/p1p3P1/R1P5/7P/Pr2r1P1/5RK1 b - -,e2g2 g1h1 f6d4 f1b1 g2h2 c7h2 b2b1 h1g2 b1b2 g2h1
4q3/5pK1/8/4N3/4k2Q/8/8/8 b - -,e2g2 g1h1 f6d4 f1b1 g2h2 c7h2 b2b1 h1g2 b1b2 g2h1
4k3/8/7R/4K3/3P4/8/8/r7 b - -,
rnbqk2r/ppppnppp/8/4p3/2B1PP2/2P5/P1PP2PP/R1BQK1NR b KQkq -,b8c6 d1f3 e5f4 d2d4 d7d5 e4d5 c6a5 c4b5 c8d7 b5d3
r3r1k1/pb5p/2p1q3/3p1B2/3B2Q1/bP2P3/2P3PP/R5K1 b - -,b8c6 d1f3 e5f4 d2d4 d7d5 e4d5 c6a5 c4b5 c8d7 b5d3
r1b2rk1/p7/2p1pnBQ/1p2q3/8/2N5/PP4P1/2KR3R b - -,b8c6 d1f3 e5f4 d2d4 d7d5 e4d5 c6a5 c4b5 c8d7 b5d3
6k1/5p2/4n1p1/2p1P3/6PP/2Q2PK1/6N1/6q1 b - -,g1b1 c3e3 b1b4 e3e1 b4b2 e1e4 c5c4 e4c4 b2e5 f3f4
4q3/5pK1/8/3kN3/2Q5/8/8/8 b - -,g1b1 c3e3 b1b4 e3e1 b4b2 e1e4 c5c4 e4c4 b2e5 f3f4
2kr3r/ppp2p2/2nbpn2/3q2pp/QP1P2b1/2P2N2/P2NBPPP/R1B1R1K1 b - -,c8b8 b4b5 c6e7 c3c4 d5f5 a4b3 f6d7 e2d3 f5f6 d2e4
r2q1rk1/1p2p1bp/1n1pP1p1/p1pP1pN1/2P2P2/1b1BB2P/1P1Q2P1/R1R3K1 b - -,d8e8 g2g4 a5a4 g1h2 b6c4 d3c4 b3c4 c1c4 b7b5 c4c1
r3r1k1/ppp3pp/8/2bP1Q2/2P3P1/N6N/PP1BB2q/R4K1n b - -,d8e8 g2g4 a5a4 g1h2 b6c4 d3c4 b3c4 c1c4 b7b5 c4c1
2r1r1k1/pb2qpp1/1ppn1n1p/3p4/3P4/1P3PP1/PBQ1PNBP/2R1R1K1 b - -,h6h5 c2d2 e7e3 d2e3 e8e3 f2d3 e3e8 c1c2 b7a6 d3b4
8/8/PK6/1P1k4/8/8/1r6/8 b - -,
4k3/4b3/p1rp3r/1p1Rpp1P/8/2P2N2/PPK2P2/7R b - -,c6c4 d5d2 e8f7 a2a3 c4f4 h1h3 e7d8 b2b4 e5e4 f3d4
6QR/5pp1/2p3k1/p6n/2P1q1Pp/7P/P3P3/6K1 b - -,e7d8 f3e1 e8f7 e1d3 c6c8 h1d1 d8e7 d3b4 h6h5 b4a6
8/5kp1/8/4K3/p4P2/P3R2P/8/r7 b - -,a1a2 e5f5 a2a1 h3h4 a1a2 e3c3 a2a1 f5e5 a1a2 c3d3
r1b1nrk1/3pbppp/4p3/pq4P1/4P3/2N1BP2/1PPQ3P/2KR1B1R b - -,b5b7 d2d4 a8b8 c3a4 b7c7 d4c3 c7c3 a4c3 f7f6 g5f6
r1b1kb1r/ppp3pp/2n1p3/5p2/3q4/3B1Q2/PPP1NPPP/R1B1K2R b KQkq -,d4f6 c1d2 e6e5 e1a1 f6f7 d3b5 c8d7 c1b1 f8d6 a2a3
8/5R2/4p1p1/4k3/4P2P/4r2P/6K1/8 b - -,
6k1/4n3/1pn3P1/3p1r2/4p3/2P4N/1P6/rNK2RR1 b - -,c6e5 f1f5 e5d3 c1c2 e7f5 b1a3 f5e3 c2b3 e3f1 a3b5
7Q/8/3R4/6p1/6P1/8/3pk3/6K1 b - -,c6e5 f1f5 e5d3 c1c2 e7f5 b1a3 f5e3 c2b3 e3f1 a3b5
rnbqk2r/ppppnppp/8/8/2BPPp2/2P5/P1P3PP/R1BQK1NR b KQkq -,c7c6 c4b3 d7d5 g1e2 c8g4 c1f4 b8d7 e1h1 d7f6 e4d5
1k1r3r/ppp1np2/3bpn2/1P1q2pp/Q1PP2b1/5N2/P2NBPPP/R1B1R1K1 b - -,d5f5 a4b3 f6d7 d2e4 g4f3 e2f3 d6f4 c1a3 e7g6 e4c5
r1bq1rk1/1pp2pbp/3p1np1/p1nPp3/2P1P1P1/P1N1B2P/1PQ2P2/R3KBNR b KQ -,f6d7 g1f3 a5a4 f3d2 g7f6 e1a1 f6g5 d1e1 g5e3 e1e3
8/1p6/2P1k3/1p2p3/P3P1p1/3K2B1/4n3/8 b - -,e2c1 d3c2 b7b6 c2c1 b5a4 g3e5 e6e5 c6c7 e5d4 c7c8q
4r1k1/5pp1/5n2/p1pNq3/2P3Pp/5P1P/P3PQ2/3R2K1 b - -,e8b8 f3f4 e5e4 f2e3 e4e3 d5e3 f6e4 g1g2 b8b2 d1d8
r1b2rk1/p7/2p1pnB1/1p6/5Q2/2N5/PP4P1/2KR3R b - -,e8b8 f3f4 e5e4 f2e3 e4e3 d5e3 f6e4 g1g2 b8b2 d1d8
8/1K6/P7/1P1k4/8/8/r7/8 b - -,
6k1/2B2p1p/1p6/p1p3b1/R1P5/7P/Pr4r1/6RK b - -,g2g1 h1g1 g5e3 g1f1 f7f6 a4a3 e3d4 a3g3 g8f7 g3g2
5R2/6r1/b1p1pRk1/1p2P3/8/6P1/PP6/2K5 b - -,g6h5 f6e6 g7g5 e6c6 a6b7 c6f6 h5g4 e5e6 g5e5 f6f7
r1q1r1k1/4ppbp/1p4p1/p2NP1Bn/Pn1P4/1B3Q1P/1P1N1PP1/3R1bK1 b - -,b4d5 b3d5 f1a6 d5f7 g8h8 f7e8 a6b7 f3f7 c8e8 f7e8
4q3/5NK1/3k4/8/2Q5/8/8/8 b - -,b4d5 b3d5 f1a6 d5f7 g8h8 f7e8 a6b7 f3f7 c8e8 f7e8
r1r5/ppkR3p/6p1/3p2p1/1Q6/8/PP3PPP/6K1 b - -,c7d7 b4b7 d7e6 h2h4 g5h4 b7h7 c8g8 h7h4 g8d8 h4d4
4k3/8/3K3R/8/3P4/8/8/4r3 b - -,e1a1 h6h8 e8f7 h8c8 a1a4 d4d5 a4d4 c8c3 f7e8 c3a3
8/R7/4p1p1/4k3/4r2P/7P/6K1/8 b - -,e4h4 g2g3 h4h8 g3g4 e5f6 h3h4 h8e8 a7a6 e8e7 a6a8
8/8/2p1k3/1p2p3/P3P1p1/6B1/4K3/8 b - -,e6d6 a4b5 c6b5 e2d3 d6c5 g3e5 c5b6 d3c2 b6a6 e5g3
3rr1k1/ppp2pp1/7p/8/P4PQ1/1K1B4/RP1q4/6R1 b - -,e6d6 a4b5 c6b5 e2d3 d6c5 g3e5 c5b6 d3c2 b6a6 e5g3
r1bq1rk1/pppp1ppp/1bn2n2/4p3/PPN1P3/2PP4/5PPP/R1BQKBNR b KQ -,d7d5 c4b6 c7b6 f2f3 c8e6 g1e2 a7a6 c1g5 a8c8 e4d5
r1bq1rk1/1p1nn1bp/p2pppp1/8/P2P1P2/2NB1N2/1PP1Q1PP/R1B2RK1 b - -,d7b6 c1d2 c8d7 a4a5 b6c8 c3a4 f6f5 c2c3 f8e8 b2b4
6k1/5p2/4n1p1/2p1P3/6PP/5PK1/6N1/1q2Q3 b - -,
3r4/1q3k2/1bR3pp/1P3b2/1p1P1Q2/8/5PPP/4R1K1 b - -,f7g8 f4f3 d8b8 g2g4 f5c2 f3d5 b7f7 d5f7 g8f7 c6c2
8/1K6/PP6/2k5/8/8/r7/8 b - -,
1k1r3r/ppp1np2/3bpn2/1PP2qpp/Q2P2b1/5N2/P2NBPPP/R1B1R1K1 b - -,d6f4 a4a3 g4f3 d2f3 h8g8 b5b6 c7b6 c5b6 e7c6 c1f4
r1b1kb1r/ppp3pp/2n2q2/4pp2/8/3B1Q2/PPPBNPPP/2KR3R b kq -,f6f7 d3b5 c8d7 c1b1 f8d6 b5a4 e8a8 h2h4 c8b8 d2g5
2q1rrk1/4bpp1/2n1p2p/1p1pP2P/p1nP1PP1/P1BN3R/1PN1Q1K1/5R2 b - -,f7f5 f1g1 f5g4 e2g4 g8h8 g2h1 f8f7 c2e1 e8f8 g1g3
8/p7/2p2k2/8/1p6/1B3K2/PP1R2P1/1r6 b - -,b1h1 d2d6 f6e7 d6c6 a7a5 c6e6 e7f8 e6e2 h1a1 e2d2
2rq1rk1/p2bnppp/1pn1p3/8/3p4/BQ4P1/PP1NPPBP/2R2RK1 b - -,h7h5 b3f3 h5h4 f3h5 h4g3 h2g3 d8e8 d2c4 f7f6 h5h2
6k1/4n3/1p4P1/3pnR2/4p3/2P4N/1P6/rNK3R1 b - -,e5d3 c1c2 e7f5 b1a3 f5e3 c2b3 e3f1 a3b5 e4e3 b5d4
4r1r1/1pk2p2/p2qN2p/3pR1p1/3P4/1P3Q1P/1PP3P1/5RK1 b - -,d6e6 e5e6 f7e6 c2c4 c7b8 c4c5 g5g4 f3f7 g4h3 c5c6
8/8/2p1k3/4p3/p3P1p1/8/4K3/4B3 b - -,e6d6 e1c3 a4a3 c3b4 c6c5 b4a3 d6c6 a3b2 c6d7 e2f2
r1bqkb1r/pp2pppp/2p2n2/3p4/3PnB2/3BPN2/PPP2PPP/RN1Q1RK1 b kq -,c8g4 c2c4 d5c4 d3c4 e7e6 c4d3 f8d6 f4d6 e4d6 b1d2
rnbqkb1r/pp1p1p1p/4pnp1/6B1/2PQ4/P4N2/1P2PPPP/RN2KB1R b KQkq -,h8g8 g5f6 b8c6 d4c3 d8b6 c3c2 d7d5 e2e3 e6e5 b1c3
6k1/5p2/4n1p1/2p1P3/4Q1PP/5PK1/1q4N1/8 b - -,
3kr3/1pp1n2p/p7/4Q3/8/4B2P/PPP2PP1/R5K1 b - -,b2a1 e4e1 a1d4 e1e3 d4b4 f3f4 b4b1 g2e1 b1d1 e1f3
r1b1nrk1/3pbppp/4p3/pq4P1/3NP3/4BP2/1PPQ3P/2KR1B1R b - -,b5b8 d4b5 a5a4 b5a3 d7d5 e4d5 e6d5 e3f4 b8b6 f4e3
r2qkb1r/1b3ppp/p2pp3/4n1P1/1pnNP2P/1Q2BP2/PPP1N3/2KR1B1R b kq -,f8e7 f3f4 c4e3 b3e3 e5c4 e3d3 d6d5 f4f5 e8h8 f5e6
8/6pp/1k6/4p1P1/p3K3/7P/P7/8 b - -,b6b5 e4d5 b5b4 d5e5 b4a3 e5d4 a3a2 d4c3 a2a3 c3c2
8/8/2pk4/4p3/p3P1p1/2B5/4K3/8 b - -,d6e6 e2f2 g4g3 f2g3 e6f6 g3g4 f6e6 g4g5 e6d6 g5f5
r1b1nrk1/p7/2p1pqpR/1p6/5p2/2N5/PPBQ2P1/2K2R2 b - -,f6e5 f1e1 e5c5 c3e4 c5d5 d2c3 e6e5 h6g6 e8g7 c2b3
6r1/pp2n3/2n2kpp/2pqpb2/6P1/2PP4/PP2QR1P/R1B3K1 b - -,g8d8 g4f5 g6f5 c1h6 d5d3 e2h5 d8g8 f2g2 g8g2 g1g2
4R3/2p5/4N1pk/3n1P2/pp6/8/P1p2K1P/2Br4 b - -,d1d2 f2e1 g6f5 e1d2 h6g6 e8b8 d5c3 e6f4 g6f7 d2c2
rn1q1rk1/pp2bppp/4pn2/2Pp4/8/1P1QPN2/PBPN1PPP/R3K2R b KQ -,e7c5 e1h1 c5e7 a1c1 b8c6 a2a3 h7h6 h2h3 a8c8 f1d1
1k1r3r/ppp1np2/4pn2/1PP2qpp/3P1bb1/Q4N2/P2NBPPP/R1B1R1K1 b - -,h5h4 e2d3 f5d5 d3c4 d5f5 b5b6 c7b6 c5b6 e7c8 e1e5
8/PK6/1P6/2k5/8/r7/8/8 b - -,
rnb2rk1/pp3pbp/1q1ppnp1/2pP4/2B1PP2/2N2N2/PPP3PP/R1BQK2R b KQ -,e6d5 c3d5 f6d5 c4d5 b8d7 e1h1 d7f6 f4f5 c8d7 f5g6
5k2/p4p2/1p2p1p1/2p1b3/1P4n1/P7/1qP2RPP/4QB1K b - -,g4f2 e1f2 c5b4 a3b4 b2b4 f2e2 b4d6 g2g3 a7a5 e2e4
8/2r1b1k1/p2pB1p1/1pqPp1P1/6R1/1PP5/P3QP1r/1KR5 b - -,a6a5 e2f3 e7d8 f3g3 c5f2 g3f2 h2f2 c1h1 f2f5 e6f5
6k1/5ppp/8/8/3b1P2/5KP1/7P/6r1 b - -,f7f5 f3e2 g8f7 e2d3 d4a1 d3c4 f7e6 c4c5 g1c1 c5b6
4r1k1/5pp1/5n2/p1p1q3/N1P3Pp/5P1P/P3PQ2/3R2K1 b - -,e5e6 a4c3 e6c4 d1d3 a5a4 g1f1 c4b4 d3e3 e8e3 f2e3
8/p7/2pR1k2/8/1p6/1B3K2/PP4P1/7r b - -,f6f5 d6c6 f5e5 c6c5 e5d6 c5c2 a7a5 f3f4 h1f1 f4g5
r3k2r/2q2pp1/3p4/p1pPn1Qp/2P5/5B2/PPR3PP/5RK1 b kq -,e8f8 f3h5 c7e7 g5e7 f8e7 h5d1 h8h4 b2b3 a5a4 g2g3
r4b1r/3k1p1p/p1p3p1/4Pp2/8/2N1P3/PP4PP/2RR2K1 b - -,d7e6 c3a4 a8c8 a4b6 c8c7 c1c4 f8e7 b6d5 c7c8 d5e7
1r2r1k1/2p3p1/1p1pn3/p2B1R2/2P4R/4P1P1/P3P2P/6K1 b - -,a5a4 h4e4 g7g6 e4e6 e8e6 d5e6 g8h8 f5f7 b8e8 e6d5
6k1/5p1p/1p6/p1p3b1/R1P5/7P/Pr5B/6RK b - -,h7h6 h3h4 b2c2 h4g5 h6g5 a4a3 c2c4 g1g5 g8f8 a3e3
r1bqk2r/p2p1ppp/2p1p3/3nP3/1bP1N3/8/PP1B1PPP/R2QKB1R b KQkq -,b4d2 d1d2 e8h8 c4d5 c6d5 e4g3 d7d6 e5d6 d8d6 f1d3
4k3/4b3/p2p3r/1p1Rpp1P/2P5/5N2/PPK2P2/8 b - -,b5c4 f3d2 h6h5 f2f4 e5f4 d2c4 e8d7 c4d2 d7e6 d5a5
r1b1kb1r/ppp2qpp/2n5/1B2pp2/8/5Q2/PPPBNPPP/2KR3R b kq -,c8d7 c1b1 f8d6 b5a4 e8a8 d2g5 d8f8 g5c1 c8b8 f3c3
8/8/3k4/2p1p3/p3P1p1/2B5/5K2/8 b - -,c5c4 f2g3 d6c6 c3e5 c4c3 e5c3 c6c5 g3g4 c5c4 c3a1
r2qk2r/1pp2ppp/p2bpn2/5b2/1nPP4/N4NP1/PB2PPBP/R2Q1RK1 b kq -,c7c5 d4d5 f5e4 d5e6 f7e6 a3b1 h7h6 d1a4 d8d7 a4d7
1k1r3r/ppp1np2/4pn2/1PP2qpp/3P1b2/Q4N2/P3BPPP/R1B1R1K1 b - -,h8g8 b5b6 c7b6 c1f4 g5f4 c5b6 e7c6 f3e5 a7b6 e5c6
8/2K5/2P5/8/4Q1R1/3k4/8/1r6 b - -,h8g8 b5b6 c7b6 c1f4 g5f4 c5b6 e7c6 f3e5 a7b6 e5c6
2k1rr2/p6p/1q1np1p1/2ppQ3/4P3/2P5/PP1NR1PP/4R1K1 b - -,c8d7 g1h1 c5c4 e5g3 d7c8 h2h3 b6c7 g3g5 c7c5 g5h4
6k1/4n3/1p4P1/3p1R2/4p3/2Pn3N/1PK5/rN4R1 b - -,e7f5 b1a3 f5e3 c2b3 e3f1 a3b5 e4e3 b5d4 d3f2 g1f1
8/8/4p1p1/4k3/7r/7P/6K1/R7 b - -,h4f4 g2g3 e5f5 a1a8 f4e4 a8f8 f5g5 f8e8 g5f6 h3h4
8/8/8/p7/6K1/k3Q3/8/1q6 b - -,b1b3 e3e5 a3a4 e5e8 b3b5 e8e3 b5b8 g4g5 b8b4 g5f6
1Q6/5pp1/2p3k1/p6R/2P1q1Pp/7P/P3P3/6K1 b - -,e4e3 g1f1 e3h3 f1f2 h3g4 h5h8 g4d4 f2f3 d4c3 f3g2
5k2/5p2/5p1b/3Nr2B/P7/3R2PP/5P2/1R4K1 b - -,e5h5 d5f6 h5a5 b1b8 f8g7 d3d6 h6d2 b8g8 g7h6 f6e4
8/6pp/8/2k1K1P1/p7/7P/P7/8 b - -,c5b4 e5d5 b4a3 d5d4 a3a2 d4c3 a2a3 c3c2 a3b4 c2b2
1k1r3r/ppp1np2/4pn2/1PP2qpp/3P4/Q4N2/P3BPPP/2R1R1K1 b - -,f6d5 f3e5 f5h7 c1c4 f7f6 c4a4 f6e5 e2d3 h7g7 a4a7
8/p7/2R5/5k2/1p6/1B3K2/PP4P1/7r b - -,h1e1 c6c4 e1f1 f3e3 a7a5 e3d4 f1a1 d4c5 a5a4 c5b4
r1bq1rk1/ppp2pbp/n2p2p1/3Pp2n/2P1P3/2N1B2P/PPQ2PP1/2KR1BNR b - -,a6b4 c2b3 a7a5 a2a3 b4a6 g2g4 h5f4 c1b1 d8h4 g1f3
4k3/8/p2p3r/1p1Rpp1P/7b/2P2N2/PPK2P2/8 b - -,h4e7 a2a4 b5a4 c2d2 h6h5 d2e2 h5h1 f3e1 e8d7 d5a5
2b4r/1p1p2p1/1BpPkpp1/1p6/4rP2/3R2P1/PPP4P/1K5R b - -,h8h2 h1d1 e4e2 g3g4 e6f7 d3c3 h2g2 g4g5 f6g5 f4g5
6r1/pp2n3/2n2k2/2pqpp1p/8/2PP4/PP2Q1RP/R1B3K1 b - -,g8g2 e2g2 f5f4 g2d5 e7d5 c1d2 f6f5 a1f1 d5f6 b2b3
8/8/3k4/2p1p3/4P1p1/p1B3K1/8/8 b - -,d6c6 c3e5 c6b5 e5a1 c5c4 e4e5 b5c5 g3g4 c5b4 g4f4
rnbqk2r/pp3ppp/4p3/2pn4/1b1P4/P1N2P2/1P1QP1PP/R1B1KBNR b KQkq -,d8a5 a3b4 a5a1 b4c5 d5c3 d2c3 e8h8 h2h4 b8c6 e2e3
1k1r3r/ppp1np2/4pn2/1PP2q1p/3P2p1/Q2B1N2/P4PPP/2R1R1K1 b - -,f5f4 f3e5 h8e8 g2g3 f4d4 c1c4 d4d5 c4a4 e7c8 c5c6
rnb2rk1/pp3pbp/1q1p2p1/2pB4/4PP2/5N2/PPP3PP/R1BQK2R b KQ -,b8d7 e1h1 d7f6 f4f5 g6f5 d1e1 f6e4 f3h4 g7d4 g1h1
2kr1b1r/ppp1nppp/5n2/q2Pp3/2B3b1/2N1BN1P/PPP2PP1/R2Q1RK1 b - -,e7d5 c3d5 f6d5 e3d2 g4f3 d2a5 f3d1 a1d1 d5f4 d1d8
8/2K5/2P5/8/2Q3R1/8/2k5/1r6 b - -,e7d5 c3d5 f6d5 e3d2 g4f3 d2a5 f3d1 a1d1 d5f4 d1d8
7k/2p5/2p5/5p2/3P3N/6K1/P1r3B1/8 b - -,c6c5 g2d5 c5c4 h4f5 c4c3 d5b3 c2e2 d4d5 c3c2 b3c2
8/2r1b1k1/p2pB1p1/1pqPp1P1/6R1/1PP5/P4r2/1KR1Q3 b - -,f2f4 e1h4 e7g5 h4g5 f4g4 g5g4 c5f2 c1g1 f2f6 g4h3
r1bq1rk1/ppp3bp/n2p2p1/3PpP1n/2P5/2N1B2P/PPQ2PP1/2KR1BNR b - -,h5f4 g2g3 c8f5 c2d2 g6g5 f2f3 c7c5 a2a3 d8a5 c3e4
rnbqk2r/pp1p1pbp/4pnp1/6B1/2PQP3/P4N2/1P3PPP/RN2KB1R b KQkq -,h7h6 g5h4 g6g5 h4g3 g5g4 g3b8 a8b8 d4a7 f6e4 a7b8
8/3k1R2/3p4/2p5/2p1P3/Pr1PK3/5P1P/8 b - -,d7c6 f7f8 b3d3 e3e2 d3d4 e4e5 d4e4 e2d2 e4e5 d2c3
rn1q1rk1/5ppp/2p1p3/1bNnN3/p2P4/6P1/3QPPBP/R4RK1 b - -,d8a5 d2a5 a8a5 f1c1 a5a7 e2e3 f8e8 g2f1 g8f8 a1a3
8/8/K7/8/4r3/PP6/1P5k/8 b - -,
r1bq1b1r/ppppnkpp/8/4N3/4Q3/2p5/PPP2PPP/R1B1R1K1 b - -,f7g8 b2c3 d7d6 e4c4 d6d5 c4f4 d8e8 c1a3 c8e6 a1b1
1k1r3r/ppp1np2/4pn2/1PP1N2p/3P1qp1/Q2B4/P4PPP/2R1R1K1 b - -,f6d5 g2g3 f4d2 e5f7 h8f8 c1d1 d2d1 e1d1 f8f7 a3b2
2rqr1k1/5pp1/R6p/1pb1P3/4pQ2/1P5P/1P3PP1/2B1R1K1 b - -,d8d5 f4e4 d5e4 e1e4 c5f2 g1f2 c8c1 e4e2 g8h7 e5e6
1r3rk1/3q1ppp/R1npb3/3Np1bP/1p2P3/2P1N3/1P2BPP1/3Q1RK1 b - -,b4c3 b2c3 d7c8 d1d3 h7h6 d3c4 c6e7 a6d6 f8e8 c4c8
r1bqk1nr/ppp2pbp/2n3p1/3pp1B1/8/2PP1NP1/PP2PPBP/RN1QK2R b KQkq -,g8e7 e2e4 e8h8 e1h1 c8e6 e4d5 e6d5 b1d2 f7f6 g5e3
5R2/6r1/b1p1R3/1p2P2k/8/6P1/PP6/2K5 b - -,b5b4 e6c6 a6b7 c6d6 g7g5 e5e6 g5e5 c1d2 b7g2 d2d3
rq1r4/p3k1pp/1n1bp3/1Np2p2/5P2/2Q1P3/PP4PP/R1BR2K1 b - -,
7k/2p5/8/2p2N2/3P4/6K1/P1r3B1/8 b - -,c2a2 d4d5 c5c4 g2e4 c4c3 g3f4 c3c2 e4c2 a2c2 f4e5
8/R4p2/4p1p1/4P3/4Pk1P/7K/1r5P/8 b - -,
1Q6/5pp1/2p3k1/p6R/2P3Pp/4q2P/P3P3/5K2 b - -,e3h3 f1f2 h3g4 h5h8 g4d4 f2f3 d4c3 f3g2 c3e3 b8d6
1k6/R7/6R1/8/8/4K3/8/8 b - -,e3h3 f1f2 h3g4 h5h8 g4d4 f2f3 d4c3 f3g2 c3e3 b8d6
8/2K5/2P5/3Q4/8/6R1/2k5/1r6 b - -,e3h3 f1f2 h3g4 h5h8 g4d4 f2f3 d4c3 f3g2 c3e3 b8d6
r2qkbnr/pp1npppp/8/3pPb2/3P4/5N2/PP3PPP/RNBQKB1R b KQkq -,e7e6 b1c3 g8e7 f3h4 f5e4 f2f3 e4g6 c1e3 e7c6 e3f2
r2q1rk1/ppp3bp/n2p2p1/3Ppb1n/2P5/2N1B2P/PP1Q1PP1/2KR1BNR b - -,f5c8 g1f3 b7b6 f3g5 c8d7 g2g3 a6c5 f1e2 h5f6 d1g1
r2qr1k1/1p2p1bp/1n1pP1p1/p1pP1pN1/2P2PP1/1b2B2P/1P1QB3/R4RK1 b - -,b6c4 e2c4 b3c4 f1c1 c4a6 g4f5 e8f8 f5g6 h7g6 d2f2
8/p1R5/8/5k2/1p6/1B3K2/PP4P1/4r3 b - -,e1f1 f3e2 f1h1 c7a7 f5f4 e2d3 h1e1 a7f7 f4g3 b3d5
8/8/K7/8/1P2r3/P5k1/1P6/8 b - -,
rnb2rk1/pp3p1p/3p2p1/2pB4/4PP2/5N2/PqP3PP/R2Q1RK1 b - -,b8d7 a1b1 b2f6 d5b7 a8b8 b7c8 f8c8 b1b8 d7b8 d1d5
4q3/3k1NK1/8/8/3Q4/8/8/8 b - -,b8d7 a1b1 b2f6 d5b7 a8b8 b7c8 f8c8 b1b8 d7b8 d1d5
6r1/pp2n3/2n2k2/2pqp2p/4Qp2/2PP4/PP4RP/R1B3K1 b - -,g8g4 c1d2 d5e6 a1f1 e7g6 g1h1 e6f5 d2e1 c6d8 g2d2
7r/2nk1ppp/1B2P3/p2pP3/P5P1/5R2/7P/5K2 b - -,
rnbqkb1r/pp1n1ppp/3p4/8/2B2B2/2N5/PP3PPP/R2QK1NR b KQkq -,d7b6 c4b3 f8e7 g1f3 e8h8 c3b5 b8a6 e1h1 a6c5 f1e1
6k1/5p2/1p5p/p1p3b1/R1P4P/8/Pr5B/6RK b - -,f7f6 a4a3 b2c2 h4g5 h6g5 a3f3 g8f7 g1f1 c2c4 f3f6
r3r1k1/ppp3pp/8/2bP1Q2/2P3P1/N7/PP1BB2q/R3K1Nn b - -,h2g1 f5f1 e8e2 e1e2 h1g3 e2d1 g1f1 d1c2 f1a1 a3b5
3rr1k1/ppp2p2/7p/1B4p1/P4PQ1/1K6/RP1q4/6R1 b - -,g7g6 f5f1 c5g1 e1d1 h1g3 d2f4 e8f8 d1c2 a8e8 c2b3
2r1r1k1/5pp1/R6p/1pb1P3/4Q3/1P1q3P/1P3PP1/2B1R1K1 b - -,d3b3 a6c6 b3b4 c6c8 e8c8 e4e2 c8e8 g1h1 b4b3 h1h2
3r1r1k/3q1Bp1/1PR4p/5bN1/1p6/5Q2/5KPP/4R3 b - -,d7d2 f3e2 d2g5 f2g1 f8f7 h2h4 g5h4 c6c4 h4f6 c4b4
r4knr/pN2bpp1/2q1p3/2p1P1Bp/7P/7R/P3QPP1/3R1K2 b - -,c6b7 h3d3 g7g6 d3d7 b7c6 f1g1 a8b8 d7a7 b8b7 a7a6
8/7P/R7/6p1/6P1/3pk3/8/6K1 b - -,e7g5 h4g5 c6b7 h3d3 g7g6 d3d7 b7c8 e2d3 f8g7 d3d6
r2q3R/pp1b1pk1/2p1p3/6b1/3PQ3/3N4/PPP5/1K1R4 b - -,g7h8 d1g1 d7e8 e4h1 h8g7 d3f4 d8d4 g1g5 g7f8 g5g4
7k/2p5/8/2pP1N2/8/6K1/r5B1/8 b - -,c5c4 g2e4 c4c3 g3f4 c3c2 e4c2 a2c2 f4e5 h8g8 d5d6
r1b1k2r/pp1pppbN/1n5q/8/P7/2PQ3P/1P1P1PP1/RNB2RK1 b kq -,h6h7 d3h7 h8h7 a4a5 b6d5 d2d4 d7d6 a1a3 e8f8 c3c4
1k1r3r/ppp1np2/2P1p3/1P1nN2p/3P1qp1/Q2B4/P4PPP/2R1R1K1 b - -,h5h4 d3e4 g4g3 f2g3 h4g3 a3g3 f4g3 h2g3 h8g8 e5f7
r1b1qrk1/ppp1b1pp/2nppn2/5p2/2PPP3/2N2NP1/PP3PBP/R1BQR1K1 b - -,f5e4 c3e4 e6e5 d4d5 c6d8 e4f6 e7f6 f3d2 e8g6 d2e4
8/8/3k4/2p2P2/1nKp4/1P1B4/1P6/8 b - -,b4a2 f5f6 a2c1 d3f5 c1e2 f6f7 d6e7 c4c5 e7f7 b3b4
7r/3k1Rpp/1B2n3/p2pP3/P5P1/8/7P/5K2 b - -,
2kr1b1r/ppp1nppp/5n2/q2Pp2b/2B5/2NQBN1P/PPP2PP1/R4RK1 b - -,h5g6 d3e2 e7f5 a2a3 f5e3 b2b4 a5b6 f2e3 c8b8 f3e5
3r1r1k/1q3Bpb/2R4p/1P4NQ/1p6/8/6PP/4R1K1 b - -,b7b5 g5h7 b5c6 h7f8 d8f8 f7b3 c6f6 h5d1 f6d8 d1e2
r1bqk2r/pp1n1ppp/2nQ4/8/2B5/2N5/PP3PPP/R3K1NR b KQkq -,d7f6 d6d8 c6d8 g1e2 e8h8 f2f3 c8e6 c4d3 d8c6 a1d1
8/8/p7/1p6/1P4k1/P2K4/8/8 b - -,d7f6 d6d8 c6d8 g1e2 e8h8 f2f3 c8e6 c4d3 d8c6 a1d1
r3rnk1/pb2qppp/4p3/2ppN2Q/3B1P2/bP1BPR2/2P3PP/R5K1 b - -,f7f5 a1a3 c5d4 a3a1 d4e3 f3e3 e7c5 h5e2 f8g6 e2f2
5k2/5p2/5p1b/3N3r/P5P1/3R3P/5P2/1R4K1 b - -,h5g5 d5f6 g5g6 f6h5 g6e6 g1g2 e6e8 d3d7 h6g7 a4a5
8/pp2n3/2n2k2/2pqp2p/4Qp2/2PP4/PP4KP/R1B5 b - -,d5d7 c1d2 c5c4 d3d4 d7g4 g2h1 f4f3 d4e5 c6e5 e4g4
2r1r1k1/5pp1/R6p/1p2P3/4Q3/1P1q3P/1P3KP1/2B1R3 b - -,d3b3 a6c6 e8d8 c6c8 d8c8 f2g1 b3c2 e4g4 c8c4 g4g3
r1bq1rk1/ppp3bp/2np1n2/5pp1/2PPp3/4P2P/PPNNBPPB/R2Q1RK1 b - -,g8h8 a1c1 d8e8 c4c5 d6c5 d2b3 f6d5 b3c5 b7b6 e2c4
7r/5Rpp/2k1n3/B2pP3/P5P1/8/7P/5K2 b - -,
r1b1qrk1/ppp1b1pp/2nppn2/8/2PPN3/5NP1/PP3PBP/R1BQR1K1 b - -,e6e5 d4d5 c6d8 e4f6 e7f6 f3d2 e8g6 d2e4 d8f7 c4c5
7k/2p5/8/3P1N2/2p1B3/6K1/r7/8 b - -,c4c3 g3f4 c3c2 e4c2 a2c2 d5d6 c7d6 f5d6 h8g7 f4e5
1k4rr/ppp1np2/2P1p3/1P1nN2p/3PBqp1/Q7/P4PPP/2R1R1K1 b - -,h5h4 e5d7 b8c8 a3a7 c8d8 a7a8 e7c8 c6b7 d8e7 b7c8n
r2qr1k1/1pp2ppp/p1np1b2/3Np2b/1P2P3/2PPBN1P/P4PP1/R2QR1K1 b - -,h7h6 g2g4 h5g6 h3h4 f6e7 h4h5 g6h7 g1h2 e7g5 f3g5
8/8/6b1/p5P1/8/Pp2k3/1P6/3K4 b - -,h7h6 g2g4 h5g6 h3h4 f6e7 h4h5 g6h7 g1h2 e7g5 f3g5
r1bqk2r/pp3ppp/2nQ1n2/1N6/2B5/8/PP3PPP/R3K1NR b KQkq -,d8a5 e1f1 c8d7 b2b4 c6b4 b5c7 e8d8 c7a8 f6e4 d6d4
8/7R/4p1p1/4k3/7P/1r6/6KP/8 b - -,
2k1rr2/p6p/1q1np1p1/3pQ3/2p1P3/2P5/PP1NR1PP/4R2K b - -,b6c5 b2b4 c4b3 a2b3 f8f2 e2f2 c5f2 e1f1 f2c5 f1a1
5R2/1b4r1/3R4/4P2k/1p6/6P1/PP6/2K5 b - -,g7g5 e5e6 g5e5 c1d2 b7g2 d2d3 e5e1 d3c4 g2h3 c4b4
8/8/p7/1p6/1P1K4/P5k1/8/8 b - -,g7g5 e5e6 g5e5 c1d2 b7g2 d2d3 e5e1 d3c4 g2h3 c4b4
r2nrnk1/2p2pb1/qp2p1p1/p2pP1N1/3P1B2/2P1RQ2/PP3PP1/R4NK1 b - -,a8c8 f1h2 c7c5 a1d1 c5d4 c3d4 a6b5 h2g4 b5b2 f3h3
1br2k2/1b4p1/pp6/8/3P4/8/PP1B1PRP/4R1K1 b - -,b6b5 g2g5 f8f7 d2b4 b7a8 g5f5 f7g8 f2f3 g7g6 f5f6
2r5/5pb1/p3k1pp/2p1Pp2/1PR5/4PN1P/P3K1P1/8 b - -,e6d5 e2d3 g7e5 f3e5 d5e5 b4c5 c8c7 h3h4 h6h5 g2g3
r1bqk2r/ppp1Bpbp/2n3p1/3pp3/8/2PP1NP1/PP2PPBP/RN1QK2R b KQkq -,d8e7 e2e4 d5e4 d3e4 c8d7 e1h1 f7f5 d1b3 e8a8 b3a3
r7/4R1pp/2k1n3/B2pP3/P5P1/8/7P/5K2 b - -,
8/8/6b1/p5P1/8/Pp1k4/1P6/2K5 b - -,a8a5 e7e6 c6d7 e6d6 d7e7 f1g2 a5a4 g2f3 g7g5 d6d5
7k/2p5/8/3P1N2/4BK2/2p5/r7/8 b - -,c3c2 e4c2 a2c2 d5d6 h8g8 f5d4 c2c4 d6c7 c4c7 f4e5
r1b1k2r/pp2Qppp/2n2n2/1N6/2B5/8/PP3PPP/R3K1NR b KQkq -,c6e7 b5c7 e8d7 c7a8 e7d5 a1c1 d7d6 g1e2 c8e6 a8c7
r1bqkbnr/2p3pp/p1np4/1p1Qp3/2B1P3/2N2N2/PPP2PPP/R1B1K2R b KQkq -,b5c4 d5c6 c8d7 c6c4 h7h6 b2b3 f8e7 c3d5 c7c5 a2a4
1Q6/5pp1/2p3k1/p6R/2P3Pp/7P/P3PK2/2q5 b - -,c1a1 b8f4 a1f6 h5f5 f6e7 f5a5 e7f6 a5f5 f6e7 c4c5
3r2k1/2p2ppp/2p1bB2/8/4Pp1N/3P4/2P3PP/5R1K b - -,g7f6 f1f4 c6c5 f4f6 c5c4 f6f3 d8a8 h1g1 a8a2 f3f2
4r1k1/5pp1/R6p/1p2P3/4Q3/1P1q3P/1Pr3P1/2B1R1K1 b - -,d3g3 e1f1 c2c5 a6a8 e8a8 e4a8 g8h7 a8e4 g3g6 e4g6
4q3/5NK1/3Qk3/8/8/8/8/8 b - -,d3g3 e1f1 c2c5 a6a8 e8a8 e4a8 g8h7 a8e4 g3g6 e4g6
r1b1n1kR/p7/2p1prB1/1p2q3/8/2N5/PP1Q2P1/2KR4 b - -,d3g3 e1f1 c2c5 a6a8 e8a8 e4a8 g8h7 a8e4 g3g6 e4g6
2r2b2/5p2/p3k1pp/2p1Pp2/2R5/1P2PN1P/P3K1P1/8 b - -,
6k1/5p2/1p5p/p1p3P1/RrP5/8/P6B/6RK b - -,b4a4 g5h6 g8h8 h2e5 f7f6 e5f6 h8h7 f6g5 a4c4 g1e1
6k1/8/1p4P1/3p1n2/4p3/N1Pn3N/1PK5/r5R1 b - -,f5e3 c2b3 e3f1 a3b5 a1b1 b3a3 e4e3 b5d4 b1a1 a3b3
r1bq1rk1/1p1n2pp/2n1pb2/p2p4/Q2P4/P2BBN2/3N1PPP/1RR3K1 b - -,a8b8 a4c2 h7h6 d3b5 c6a7 e3f4 a7b5 b1b5 b8a8 f4c7
1k4rr/pppNnp2/2P1p3/1P1n4/3PBqpp/Q7/P4PPP/2R1R1K1 b - -,b8c8 a3a7 c8d8 a7a8 e7c8 c6b7 d8e7 b7c8q g8c8 a8a3
8/8/p7/1pK5/1P6/P4k2/8/8 b - -,b8c8 a3a7 c8d8 a7a8 e7c8 c6b7 d8e7 b7c8q g8c8 a8a3
rn1q1rk1/pp2bppp/4pn2/2pp4/3P4/1P1QPN2/PBPN1PPP/R4RK1 b - -,
8/8/6b1/p5P1/P7/1p6/1P2k3/2K5 b - -,d8d7 c2c4 c5d4 f3e5 d7c7 d3d4 b8c6 e5c6 c7c6 f1c1
8/6k1/4Kbp1/7p/6PP/8/6R1/8 b - -,h5g4 g2g4 f6a1 h4h5 g7h6 h5g6 h6g7 e6f5 a1b2 g4c4
8/6pp/2k1R3/r2pP3/P5P1/8/7P/5K2 b - -,
r1b4r/pp2kppp/2n2n2/1N6/2B5/5N2/PP3PPP/R3K2R b KQ -,h8d8 e1h1 a7a6 b5c3 b7b5 f1e1 e7f8 c4e2 c8e6 f3g5
8/p1R5/8/5k2/1p6/1B6/PP2K1P1/5r2 b - -,f1g1 e2f2 g1h1 c7a7 f5e4 a7e7 e4d3 e7d7 d3e4 f2e2
4q3/5NK1/5Q2/5k2/8/8/8/8 b - -,f1g1 e2f2 g1h1 c7a7 f5e4 a7e7 e4d3 e7d7 d3e4 f2e2
1br2k2/6p1/pp6/8/3P4/8/PP1B1PKP/4R3 b - -,c8c2 d2b4 f8f7 e1e7 f7f6 e7b7 b8h2 g2h2 c2f2 h2g3
7k/2p5/8/3P1N2/5K2/8/r1B5/8 b - -,a2c2 f4e5 h8g8 d5d6 g8f7 d6c7 c2c7 e5d6 c7c3 f5e7
r1b2rk1/4qpb1/2p3p1/p2pn1B1/Pp1Q2PP/4P3/1PP1BN2/2KR3R b - -,f7f6 g5f4 f6f5 d4d2 f5g4 h4h5 g6g5 f4e5 e7e5 f2d3
8/8/6b1/p5P1/P7/1p1k4/1P6/3K4 b - -,f7f6 g5f4 f6f5 d4d2 f5g4 h4h5 g6g5 f4e5 e7e5 f2d3
r1b1qrk1/ppp1b1pp/2np1n2/3Pp3/2P1N3/5NP1/PP3PBP/R1BQR1K1 b - -,c6d8 e4f6 e7f6 f3d2 f6e7 c4c5 d8f7 c5d6 c7d6 d2e4
8/8/pK6/1p6/1P6/P3k3/8/8 b - -,c6d8 e4f6 e7f6 f3d2 f6e7 c4c5 d8f7 c5d6 c7d6 d2e4
8/7R/4p1p1/4k3/7P/6K1/1r5P/8 b - -,
r6r/pp2kppp/2n2n2/1N4N1/2B3b1/8/PP3PPP/R3K2R b KQ -,a7a6 b5c3 h7h6 g5e4 f6e4 c3e4 h8d8 e1h1 b7b5 f2f3
2r4r/bp1k1pp1/p2Pp3/P1q1PnQp/7P/2B2N2/1P3PP1/3R1RK1 b - -,c5f2 f1f2 a7e3 d1e1 e3g5 f3g5 c8c4 f2f5 e6f5 g5f7
r1b1n2k/p7/2p1prBQ/1p2q3/8/2N5/PP4P1/2KR4 b - -,c5f2 f1f2 a7e3 d1e1 e3g5 f3g5 c8c4 f2f5 e6f5 g5f7
r1bqk2r/p2p1ppp/2p1p3/3nP3/2P1N3/8/PP1Q1PPP/R3KB1R b KQkq -,d5c7 e4d6 e8f8 d2a5 g7g6 h2h4 h7h5 h1h3 f8g7 e1a1
r4rk1/1p2qppp/2p1bB2/p7/7Q/P3Pp2/1P4PP/1B2RRK1 b - -,g7g6 f6e7 f7f5 e7f8 a8f8 g2f3 a5a4 e1d1 e6d5 g1f2
Q2kr1r1/5p2/p2qb2p/2N1R1p1/2pP4/1P5P/1P4P1/5RK1 b - -,g7g6 f6e7 f7f5 e7f8 a8f8 g2f3 a5a4 e1d1 e6d5 g1f2
8/8/8/p5Pb/P7/1p1k4/1P6/2K5 b - -,g7g6 f6e7 f7f5 e7f8 a8f8 g2f3 a5a4 e1d1 e6d5 g1f2
3r2k1/2p2ppp/2p1bn2/8/4PB1N/3P4/2P3PP/5R1K b - -,h7h6 f4c7 d8a8 c7d6 f6d7 h1g1 a8a6 h4f5 c6c5 f5e7
8/8/K7/1p6/1P6/P2k4/8/8 b - -,h7h6 f4c7 d8a8 c7d6 f6d7 h1g1 a8a6 h4f5 c6c5 f5e7
6rk/ppp1b3/2n1p1r1/2P3P1/1P1P1P2/P3PN2/2Q5/2K5 b - -,g6g7 c2e4 c6d8 f3e5 c7c6 c1b2 a7a6 b2c3 g8f8 e5g6
rn1q1rk1/ppp1ppbp/1n2b1p1/4N3/2PP4/1PN5/P3BPPP/R1BQ1RK1 b - -,b6d7 e2f3 c7c5 f3b7 c5d4 c3e4 d7e5 b7a8 b8a6 a8b7
7k/2p5/8/3PKN2/8/8/2r5/8 b - -,h8g8 d5d6 g8f7 d6c7 c2c7 e5d6 c7c3 f5e7 c3c1 e7d5
r1qn1rk1/1ppb1pb1/p4np1/4pN2/4P1Pp/2P2P1P/PPB4N/R1BQ2RK b - -,g8h7 d1e1 h7h8 e1h4 f6h7 f5g7 h8g7 c1h6 g7g8 h6f8
3r1r1k/5Bp1/1PR4p/5bN1/1p6/8/3qQKPP/4R3 b - -,d2g5 f2g1 f8f7 h2h4 g5h4 c6c4 h4f6 c4b4 f6d6 e2c4
1r2r2k/2p3p1/1p1pB3/p7/2P5/4P1P1/P3P2P/5RK1 b - -,e8e6 f1f3 e6e8 g3g4 e8e4 f3h3 h8g8 h3g3 b8e8 g1f2
5rk1/p2P1ppp/1p6/3n4/6PN/1P6/5P1P/4R1K1 b - -,d5f4 e1e8 f4e6 h4f5 g7g5 f5e7 g8g7 e7c8 a7a6 c8b6
r1b1nrk1/p7/2p1p1pQ/1p2q3/8/2N5/PPB3P1/2KR3R b - -,f8f5 h6g6 e5g7 g6e8 f5f8 e8h5 a7a5 c2h7 g8h8 h7g6
r6q/pp1b1pk1/2p1p3/6b1/3PQ3/3N4/PPP5/1K5R b - -,
r6r/pp2kppp/5n2/1N2n1N1/6b1/1B6/PP3PPP/R3K2R b KQ -,h7h6 g5f3 e5d3 e1d2 h8d8 d2e3 d3b2 f3d4 a7a6 h1b1
k5rr/pPpNnp2/4p3/1P1n4/3PBqpp/Q7/P4PPP/2R1R1K1 b - -,a7a6 e1h1 a6b5 f1e1 e7d6 h2h3 g4e6 b3e6 f7e6 a1d1
8/4k2p/2K3p1/3ppPP1/7P/3n2B1/8/8 b - -,g6f5 c6d5 f5f4 g3h2 f4f3 h2g1 f3f2 g1f2 d3f2 d5e5
6k1/5p2/1p5p/p1p3b1/1RP4P/8/P6B/6RK b - -,c5b4 h4g5 g8h7 g5h6 h7h6 h1g2 h6g6 g2f3 g6f5 g1b1
r4rk1/pppq1ppp/2nb2n1/3p4/P2P2b1/2PB1N1P/1PQN1PP1/R1B2RK1 b - -,g4h3 f3h2 h3g2 d3f5 g2e4 c2e4 d6h2 g1h1 d7d6 e4g2
8/4R1pp/8/r1kpP3/P5P1/8/7P/5K2 b - -,
8/8/2kp1R2/2p5/4P3/PrpP4/4KP1P/8 b - -,b3b1 f6f8 c3c2 f8c8 c6d7 c8b8 c2c1q b8b1 c1b1 e2f3
6k1/2p5/3P4/4KN2/8/8/2r5/8 b - -,g8f7 d6c7 c2c7 f5h6 f7e7 h6g8 e7e8 e5d6 c7c1 g8f6
Q3r1r1/4kp2/p2qR2p/2N3p1/2pP4/1P5P/1P4P1/5RK1 b - -,g8f7 d6c7 c2c7 f5h6 f7e7 h6g8 e7e8 e5d6 c7c1 g8f6
6rr/pkpNnp2/Q3p3/1P1n4/3PBqpp/8/P4PPP/2R1R1K1 b - -,g8f7 d6c7 c2c7 f5h6 f7e7 h6g8 e7e8 e5d6 c7c1 g8f6
8/8/6P1/p6b/P7/1p6/1P2k3/2K5 b - -,g8f7 d6c7 c2c7 f5h6 f7e7 h6g8 e7e8 e5d6 c7c1 g8f6
2kr1b1r/pp2nppp/2p2n2/q2PN2b/2B5/2NQB2P/PPP2PP1/R4RK1 b - -,f6d5 c4d5 h5g6 d3e2 e7d5 c3d5 a5d5 e5g6 h7g6 a1d1
8/7R/4p1p1/7P/4k3/6K1/1r5P/8 b - -,
r1b1k2r/pp3ppp/1qpBpb2/8/4Q3/2P5/PP2NPPP/R4RK1 b kq -,c6c5 a1d1 b6c6 e4c6 b7c6 e2g3 c8a6 f1e1 c5c4 g3e4
r6r/pp2kpp1/5n1p/1N2n3/6b1/1B5N/PP3PPP/R3K2R b KQ -,e5d3 e1f1 h8d8 f2f3 g4h3 g2h3 a7a6 b5c3 d3b2 h1g1
1Q6/5pp1/2p3k1/p5R1/2P3Pp/7P/P3PK2/7q b - -,h8d8 h3f4 g7g5 f4e2 e5d3 e1f1 g4d7 b5c3 d7c6 h2h4
r1b2rk1/ppn1q1bp/2p1p3/2p1P2N/2P2PQp/2NB4/PP4P1/R3K2R b KQ -,h7h6 e1a1 c8d7 c3e4 c7d5 c4d5 e6d5 g4h4 e7h4 h1h4
rn1q1rk1/pp2ppbp/1n2b1p1/2P1N3/2P5/1PN5/P3BPPP/R1BQ1RK1 b - -,d8d1 f1d1 g7e5 c1d2 b6d7 a1c1 e5c3 d2c3 a7a5 a2a3
3r1r1k/5BpN/2R4p/1q5Q/1p6/8/6PP/4R1K1 b - -,b5c6 h7f8 d8f8 f7b3 c6f6 h5d1 f6d8 d1e2 d8d4 g1h1
rn1kr3/pp1b1pbp/4pnp1/1Bp3B1/4P3/2N2N2/PPP2PPP/R2R2K1 b - -,h7h6 g5f4 a7a6 b5f1 g6g5 f4d6 g7f8 f3e5 f8d6 e5f7
k5rr/p1pNnp2/QP2p3/3n4/3PBqpp/8/P4PPP/2R1R1K1 b - -,h7h6 g5f4 a7a6 b5f1 g6g5 f4d6 g7f8 f3e5 f8d6 e5f7
rnbqkb1r/pp2nppp/4p3/8/1PPp4/3P1NP1/P4P1P/RNBQKB1R b KQkq -,a7a5 b4b5 e7g6 f1g2 f8b4 b1d2 e6e5 e1h1 e8h8 a2a3
5b1k/p6p/2p3p1/2PP1p2/1Q2pP2/4P1P1/1B2q2P/6K1 b - -,h8g8 b4c3 e2d1 g1f2 d1f3 f2e1 f3h1 e1d2 h1g2 d2d1
8/2P2k2/8/4KN2/8/8/2r5/8 b - -,c2c7 f5h6 f7g6 h6g4 c7a7 g4e3 a7a1 e5d6 a1c1 d6d5
8/8/4p3/7R/4k3/6K1/1r5P/8 b - -,
3r1r1k/1pq3pp/p3Q3/P1p1R1b1/2N5/2P5/5PPP/5R1K b - -,h7h6 g2g3 g5f6 e5e3 f8e8 e6b6 c7b6 a5b6 e8e3 f2e3
3r2k1/pp3p2/2p1r2p/1B3Qp1/P4P2/1K6/RP1q4/7R b - -,g5f4 e5f5 f8e8 e6f7 c7f7 f5f7 e8e4 g2g3 e4c4 g3f4
r2q2k1/1pp2ppp/p1nprb2/3Np2b/1P2P1P1/2PPBN1P/P4P2/R2QR1K1 b - -,h5g4 h3g4 d8d7 g4g5 f6d8 f3h4 c6e7 d5e7 d8e7 d1g4
k5rr/p3np2/QN2p3/3n4/3PBqpp/8/P4PPP/2R1R1K1 b - -,h5g4 h3g4 d8d7 g4g5 f6d8 f3h4 c6e7 d5e7 d8e7 d1g4
3r1rk1/pp2q2p/1np3p1/4Pp1n/3P4/1P1BQ3/P3N1PP/4RRK1 b - -,h5g7 d3c4 b6c4 b3c4 f8e8 e2f4 g7e6 f4e6 e7e6 e3c3
1r2r1k1/2p3p1/1p1pn2R/p2B4/2P5/4P1P1/P3P2P/5RK1 b - -,e8e7 h6e6 e7e6 d5e6 g8h7 e6d5 b6b5 d5e4 h7h6 c4b5
r3rnk1/1p2qpp1/2p2n1p/p2p4/1P1P4/P1NBP3/1Q3PPP/3R1R1K b - -,
3r2k1/2p2p1p/4b3/8/4P2N/3R4/2P3PP/7K b - -,d8b8 h1g1 b8b4 d3e3 e6d7 c2c3 b4b2 h2h3 g8g7 g1h2
r5k1/ppp3pp/8/2BP1P2/2P5/N7/PP2B2q/R4KNn b - -,h1g3 f1e1 a8e8 c5f2 g3e2 g1e2 h2h1 e1d2 h1a1 a3c2
3kr1r1/5p2/p2qb2p/2N1R1p1/2pPQ3/1P5P/1P4P1/5RK1 b - -,e8e7 b3c4 g8e8 f1f6 d8c8 b2b3 c8b8 e4e3 e7c7 b3b4
1r1q1rk1/pp1b1ppp/1bn1pn2/8/1P6/PB2PN2/1B2NPPP/R2Q1RK1 b - -,c6e7 b2f6 g7f6 a1a2 d7c6 a2d2 d8c7 d2c2 c7d7 f3d4
2r4r/bp1k1pp1/p2Pp3/Pq2PnQp/3N3P/2B5/1P3PP1/3R1RK1 b - -,b5f1 d1f1 a7d4 c3d4 c8c4 f1c1 c4c1 g5c1 h8c8 c1g5
1R3k2/5p2/5p1b/3Nr3/P5P1/3R3P/5P2/6K1 b - -,f8g7 a4a5 e5e6 g1g2 h6g5 a5a6 e6a6 d5e7 f6f5 e7f5
4r1k1/5pp1/R6p/1p2P3/4R3/1P5P/1P4PK/2r5 b - -,c1b1 a6b6 b1b2 b6b5 e8e6 e4d4 g8h7 b3b4 h6h5 d4d6
r5k1/2p2ppp/2p1bn2/4P1B1/4P2N/3P4/2P3PP/5R1K b - -,f6h5 g5e3 a8a5 h1g1 h7h6 h4f3 e6g4 f3d4 a5e5 d4c6
8/6k1/8/5KpP/7b/8/6R1/8 b - -,f6h5 g5e3 a8a5 h1g1 h7h6 h4f3 e6g4 f3d4 a5e5 d4c6
rn1q1rk1/pbp2ppp/1p1bpn2/6N1/2BP4/2N5/PPP2PPP/R1BQK2R b KQ -,b7g2 h1g1 g2b7 c4d3 g7g6 c3e4 f6e4 d3e4 b7e4 g5e4
8/2r2k2/7N/4K3/8/8/8/8 b - -,f7f8 h6f5 c7c1 e5e6 c1e1 e6d5 f8f7 f5d6 f7e7 d6c4
r2q1rk1/pp1nbppp/4pn2/2ppN3/3P1P2/1P1QP3/PBPN2PP/R3K2R b KQ -,d8c7 e1h1 f8d8 c2c3 a8c8 d3e2 f6e8 a1c1 c7a5 a2a4
r1b1k2r/pp3ppp/1q1Bpb2/2p5/4Q3/2P5/PP2NPPP/3R1RK1 b kq -,b6c6 e4c6 b7c6 e2g3 c8a6 f1e1 c5c4 g3e4 a8d8 d6a3
8/8/4p3/8/1r2k2R/6K1/7P/8 b - -,b6c6 e4c6 b7c6 e2g3 c8a6 f1e1 c5c4 g3e4 a8d8 d6a3
8/p1R5/8/5k2/1p6/1B6/PP3KP1/6r1 b - -,g1h1 c7a7 h1h8 f2f3 h8d8 a7a5 f5f6 a5d5 d8h8 d5c5
8/8/1R2k1p1/8/p1p1KP1P/P2r4/1P6/8 b - -,d3d6 b6d6 e6d6 f4f5 g6f5 e4f5 d6d5 h4h5 d5d4 h5h6
8/2K5/2P5/8/8/3Q4/6R1/2k1r3 b - -,d3d6 b6d6 e6d6 f4f5 g6f5 e4f5 d6d5 h4h5 d5d4 h5h6
r2q2k1/1pp2ppp/p1nprNb1/4p3/1P2P1P1/2PPBN1P/P4P2/R2QR1K1 b - -,e6f6 e3g5 h7h6 g5h4 g6h7 h4f6 d8f6 e1e3 c6e7 f3e1
2k5/8/2K5/pN6/8/1P6/P7/8 b - -,e6f6 e3g5 h7h6 g5h4 g6h7 h4f6 d8f6 e1e3 c6e7 f3e1
8/8/7k/6pP/6Kb/8/6R1/8 b - -,e6f6 e3g5 h7h6 g5h4 g6h7 h4f6 d8f6 e1e3 c6e7 f3e1
1r2r1k1/2p5/1p1pB2p/p7/2P5/4P1P1/P3P2P/5RK1 b - -,e8e6 f1f3 b8e8 g1f2 g8h8 h2h4 h8g8 a2a4 g8g7 h4h5
rn1qkbnr/pp2pppp/2p1b3/4N3/8/3B4/PPP2PPP/RNBQ1RK1 b kq -,g8f6 d1e2 b8d7 f1e1 d7e5 e2e5 d8d6 e5g5 h7h6 g5h4
5k2/2r5/8/4KN2/8/8/8/8 b - -,f8f7 f5h6 f7f8 h6f5 c7c6 e5d5 c6a6 f5d6 f8e7 d6b7
r2q1rk1/1p2p1bp/1n1pP1p1/p1pP1pN1/b1P2P2/R3B2P/1P1QB1P1/5RK1 b - -,a4e8 h3h4 b6c8 h4h5 g6h5 e3f2 a5a4 a3h3 b7b5 c4b5
3r1N1k/5Bp1/2q4p/7Q/1p6/8/6PP/4R1K1 b - -,d8f8 f7b3 c6f6 h5d1 f6d8 d1e2 d8b6 g1h1 b6f2 e2d1
4r1k1/5pp1/5n2/p1p5/2P2qPQ/2NR1P1P/P3P3/6K1 b - -,e8c8 h4e1 f4c4 e1d2 c8e8 g1g2 c4e6 h3h4 a5a4 d3d8
8/8/2kp1R2/2p1P3/8/P1pP4/4KP1P/1r6 b - -,c3c2 f6d6 c6c7 d6g6 c2c1q g6g3 c7c6 e5e6 c1f1 e2f3
7r/1pp5/1p1ppk2/6N1/1P1PP3/2PK2RP/8/1n6 b - -,c7c5 e4e5 d6e5 d4e5 f6f5 g5f7 h8h5 g3f3 f5g6 h3h4
r4rk1/1pq1bppp/p1np1n2/4pPP1/5P2/2N1B3/PPP1B2P/R2Q1RK1 b - -,f6e8 c3d5 c7d7 e2g4 f7f6 d5b6 d7d8 b6a8 e5f4 e3b6
8/4k3/6p1/8/p3KP2/P1R4P/8/6r1 b - -,
8/6k1/4K1p1/7p/3b3P/6P1/6R1/8 b - -,d4c3 g2f2 g7g8 f2c2 c3a1 c2c1 a1b2 c1c8 g8g7 c8c7
6k1/5p2/1p5p/p5P1/1pP5/8/P6B/6RK b - -,g8g7 g5h6 g7h6 h1g2 h6g6 g2f3 g6f5 g1b1 f5g6 f3e4
r5k1/2p2p1p/2p1bp2/8/4PR1N/3P3P/2P3P1/7K b - -,c6c5 f4f6 a8a3 h1g1 a3c3 f6f2 c5c4 d3d4 e6d7 d4d5
r1b2r1k/p1n4P/2p1p3/1p2p3/4Nq2/8/PPBQ2P1/2KR1R2 b - -,f4f1 d1f1 f8f1 c2d1 c7d5 d2e2 f1f4 g2g3 f4f5 e4d6
r3k2r/1p1bbppp/p1n1pn2/q1Pp4/5B2/P1NBPN2/1PP2PPP/R2QK2R b KQkq -,a5c5 e1h1 e8h8 h2h3 a8c8 e3e4 d5d4 c3e2 e6e5 b2b4
2k1r3/p6p/3np1p1/3pQ3/2p1P3/2P5/PP1N1qPP/5R1K b - -,f2d2 e5d6 d2b2 e4d5 b2b6 d6e5 b6b5 f1e1 e8d8 e5e6
8/3rp1k1/p2p1r2/Pp1P3p/4RP2/2P3P1/1P4K1/4R3 b - -,e7e6 e4e6 f6f5 e6e7 d7e7 e1e7 g7f8 e7a7 f5d5 a7a6
8/8/3Rk1p1/8/p1p1KP1P/P7/1P6/8 b - -,e6f7 d6a6 f7g7 a6a4 g7h6 a4c4 h6h5 f4f5 h5h6 f5g6
r1b1n1k1/p6p/2p1p1p1/1p2P2P/5r2/2N5/PPB3P1/2K1R2R b - -,c6c5 h5g6 h7g6 h1h6 c8b7 c3b5 a7a6 b5d6 e8d6 e5d6
4r1k1/r4pp1/1p1qnn1p/pP1p4/2pP4/P1N1P2P/1QB2PP1/R4R1K b - -,e6g5 c3e2 a7e7 a3a4 h6h5 b2a3 d6d8 h1g1 h5h4 a3c1
8/7R/8/r1kpP1p1/P5P1/8/7P/5K2 b - -,
4q3/Q1k2NK1/8/8/8/8/8/8 b - -,a5a4 h2h4 g5h4 h7h4 a4e4 f1f2 d5d4 f2f3 e4e5 h4h5
r1b1n1k1/p1q3rp/1pp1p1pR/3pP3/2P2PP1/2NB4/PP5Q/2K4R b - -,c7e7 c1b1 a7a5 c4d5 c6d5 f4f5 e6f5 c3d5 e7f7 d5e3
r4rk1/ppqnbppp/4pn2/2ppN3/3P1P2/1P1QP3/PBPN2PP/R4RK1 b - -,f8d8 c2c3 a8c8 d3e2 a7a6 a2a4 d7f8 g2g3 f8g6 a1c1
8/R7/8/5k2/1p6/1B6/PP3KP1/7r b - -,h1h4 a7c7 h4f4 f2e3 f4g4 c7c5 f5f6 c5c2 f6e5 c2e2
r1b1nrk1/p6p/2p1pqp1/1p2p2P/5P2/2N3P1/PPBQ4/2KR3R b - -,f6g7 h5g6 h7g6 f4e5 c8a6 d2g5 b5b4 h1h6 b4c3 h6g6
6k1/2p2p1p/2p1bp2/8/2P1PR1N/3P3P/r5P1/7K b - -,a2a3 f4f3 h7h5 h1g1 c6c5 g1f2 a3a2 f2e3 a2a3 e3f4
2kr1b1r/pp2nppp/5n2/qN1pN2b/2B5/3QB2P/PPP2PP1/R4RK1 b - -,a7a6 b2b4 a6b5 b4a5 d5c4 d3c3 e7d5 c3b2 d5e3 f2e3
r3k2r/1p1bbppp/p1n1pn2/2qp4/5B2/P1NBPN2/1PP2PPP/R2Q1RK1 b kq -,e8h8 h2h3 a8c8 e3e4 d5d4 c3e2 e6e5 b2b4 c5d6 f4h2
8/5bP1/8/p7/P7/1p1k4/1P6/1K6 b - -,e8h8 h2h3 a8c8 e3e4 d5d4 c3e2 e6e5 b2b4 c5d6 f4h2
rnbqk2r/pp2ppbp/6p1/2ppN2n/5P2/1P2P3/PBPPB1PP/RN1QK2R b KQkq -,e7e6 e2h5 d8h4 g2g3 h4h5 d1h5 g6h5 b1c3 b8d7 e1e2
r1bqk2r/pppnnpbp/4p1p1/3pP3/3P1P2/5N2/PPP2NPP/R1BQKB1R b KQkq -,c7c5 c2c3 c5d4 c3d4 d7b8 b2b4 a7a6 a2a4 e7f5 f1d3
r4r2/pb4k1/1p1P1qp1/2p5/4ppR1/2P2N1P/P2QBP1K/3R4 b - -,b7c8 d6d7 e4f3 e2f3 f8d8 d7c8q a8c8 d2c2 d8d1 c2d1
r5q1/pp1b1pk1/2p1p3/2N3b1/3PQ3/8/PPP5/1K5R b - -,
8/8/3k2p1/5P2/p1p1K2P/P7/1P6/8 b - -,d6d7 f5g6 d7e6 e4d4 e6f6 h4h5 f6e6 d4e4 e6f6 e4d5
7r/1RN1bpk1/2p2pp1/7p/3P3P/5rP1/5P2/R5K1 b - -,h8c8 c7e6 f7e6 b7e7 g7h6 a1a7 c8h8 e7e6 f3d3 e6c6
2kr2n1/ppp5/3pp3/7p/4P1b1/2NN3q/PPP2Q2/4KR2 b - -,g8e7 d3f4 h3f3 f2f3 g4f3 f1f3 d8f8 f3f1 h5h4 f4e6
8/8/4p3/7R/4k3/1r6/6KP/8 b - -,
r4rk1/1pqnbppp/p1np4/3NpPP1/5P2/4B3/PPP1B2P/R2Q1RK1 b - -,c7a5 b2b4 a5d8 f5f6 e5f4 f6e7 c6e7 d5e7 d8e7 e3f4
8/2R1k3/6p1/8/p3KP2/P6P/8/r7 b - -,
r1b1nrk1/3pbppp/4p3/q5P1/4P3/4BP2/1PPQ3P/1NKR1B1R b - -,a5a2 h2h4 d7d5 h4h5 c8b7 h5h6 g7g6 f1b5 a8c8 d2d4
4r1k1/5pp1/5n2/p1p5/2q3PQ/2NR1P1P/P3P3/5K2 b - -,c4a6 h4g5 f6h7 g5f4 h7f8 d3d5 a6a8 f4d6 f8e6 h3h4
5r1k/6p1/2q4p/7Q/1p6/1B6/6PP/4R1K1 b - -,c6c3 h5d1 c3c5 g1h1 c5c8 d1d6 f8e8 e1f1 c8b8 d6d3
8/5bP1/8/p7/Pk6/1p6/1P1K4/8 b - -,c6c3 h5d1 c3c5 g1h1 c5c8 d1d6 f8e8 e1f1 c8b8 d6d3
6rk/1pp1b3/p1n1p1r1/2P3P1/1P1P1P2/P3PN2/1KQ5/8 b - -,g6g7 c2e4 c6d8 f3e5 c7c6 b2c3 g8f8 e5g6 h8g8 g6f8
rnbqkbnr/ppp2pp1/3p3p/4p3/2B1P3/2NP1N2/PPP2PPP/R1BQ1RK1 b kq -,g8f6 d3d4 b8d7 a2a4 f8e7 d4e5 d7e5 f3e5 d6e5 d1d8
r1bqk2r/pppnnpbp/4p1p1/4P3/4NP2/5N2/PPP3PP/R1BQKB1R b KQkq -,b7b6 f1d3 c8b7 d1e2 e8h8 c1d2 d7c5 e4c5 b6c5 h2h4
r1b1n1k1/p6p/4p1p1/1pp1P2P/5r2/2N5/PPB3P1/2KR3R b - -,c8b7 h5g6 h7g6 h1h6 b5b4 h6g6 g8f8 g6h6 b4c3 h6h8
r1b2r1k/p1n4P/2p1p3/1p2p3/4N3/8/PPBQ2P1/2K2R2 b - -,f8f1 c2d1 c8a6 e4g3 f1f7 d2g5 a8f8 g5e5 h8h7 g3e4
4r1k1/5pp1/1p1q3p/pP1p4/2pPr3/P3P2P/1Q2RPP1/4R2K b - -,f7f5 f2f3 e4e6 a3a4 d6g3 b2c2 g3g5 c2c3 g5h4 h1h2
r1bq1k1r/p2pbppp/2pNp3/3nP3/2P5/8/PP3PPP/R1BQKB1R b KQ -,d5b4 f1e2 e7d6 d1d6 d8e7 d6d2 c6c5 e2f3 a8b8 a2a3
6k1/2p2p1p/2p1bR2/8/2P1P3/3r1N1P/6P1/7K b - -,g8g7 f6f4 e6c4 f3e5 d3d1 h1h2 c4e6 e5c6 d1d6 c6e5
4r1k1/2p2ppp/2p1bn2/4P1B1/4P2N/3P4/2P3PP/5R1K b - -,f6e4 d3e4 e8a8 h4f3 h7h6 g5e3 a8a2 f1c1 a2a3 c1e1
8/p4n1p/4k3/2pp4/1p1b1K1P/4N1P1/PP2R3/8 b - -,a7a6 e3c4 e6f6 c4b6 d4e5 f4e3 f6e6 e2d2 e5d4 d2d4
rnbqk2r/ppp1p1bp/3p1np1/5p2/3P1B2/2N1P3/PPPQ1PPP/2KR1BNR b kq -,c7c6 e3e4 f5e4 f2f3 f6d5 c3e4 d5f4 d2f4 d8a5 a2a3
8/8/4pRp1/8/4k2P/4r2P/6K1/8 b - -,
r2qk2r/pb2bpp1/2p2n1p/n3p3/B3N3/5Q2/PPPP1PPP/RNB2RK1 b kq -,a8c8 e4f6 e7f6 b1c3 e8h8 d2d3 c6c5 f3g4 c5c4 c3e4
r2q1rk1/1ppbbppp/p1np1n2/3Pp3/B3P3/2P2N2/PP3PPP/RNBQR1K1 b - -,c6a7 a4d7 d8d7 c3c4 c7c6 a2a4 b7b5 b2b3 c6d5 c4d5
r1bqk2r/p1pnnpbp/1p2p1p1/4P3/4NP2/3B1N2/PPP3PP/R1BQK2R b KQkq -,c8b7 d1e2 e8h8 c1d2 a8b8 e1a1 b7e4 d3e4 d7c5 h2h4
r4r2/pb4k1/1p1P1qp1/2p5/5pR1/2PQpN1P/P3BP1K/3R4 b - -,b7f3 e2f3 c5c4 d3e2 f6e5 d6d7 a8d8 e2c4 e3f2 h2g2
8/8/3k2p1/8/p1pK1P1P/P7/1P6/8 b - -,d6e7 d4e5 e7f8 f4f5 g6f5 e5f5 f8g7 f5e4 g7h6 e4d4
8/5R2/8/5k2/1p5r/1B6/PP3KP1/8 b - -,f5g6 f7c7 g6f5 c7c2 f5g6 c2e2 g6g5 f2e3 g5f6 e3d3
4r1k1/5pp1/5n2/p1p5/5qP1/2NR1P1P/P3PQ2/5K2 b - -,f4e5 f1g2 f6h7 f2g3 e5g5 c3e4 g5c1 g3f2 h7f6 e4c5
6k1/5p2/1p6/p5R1/1pP5/8/P6B/7K b - -,f4e5 f1g2 f6h7 f2g3 e5g5 c3e4 g5c1 g3f2 h7f6 e4c5
r2qbrk1/1p2p1bp/1n1pP1p1/p1pP1pN1/2P2P1P/R3B3/1P1QB1P1/5RK1 b - -,b6c8 h4h5 g6h5 e3f2 a5a4 a3h3 b7b5 c4b5 h5h4 f2h4
r3kb1r/ppq2ppp/1nb1p3/8/2p5/NPP1R3/P1BP1PPP/R1B1Q1K1 b kq -,
r1b1n1k1/pq4rp/1p2p1pR/3pP3/5PP1/2NB4/PP5Q/1K5R b - -,g8f8 c3e2 b7e7 f4f5 e6f5 g4f5 g6f5 e2d4 e7g5 h6h7
rn6/pp1bkpbp/4p1p1/1BpNP3/8/5N2/PPP2PPP/R2R2K1 b - -,e6d5 b5d7 b8d7 d1d5 a8c8 b2b3 d7b6 d5d2 g7h6 d2d6
8/4b3/p3k3/3p1p2/1P2p3/8/P1K1RP1r/5N2 b - -,h2h3 e2e3 h3e3 f2e3 e7b4 c2b3 b4c5 b3c3 e6e5 c3b3
r1b4k/p1n4P/2p1p3/1p2p3/4N3/8/PP1Q2P1/2KB1r2 b - -,c7d5 d2e2 f1f4 g2g3 f4f5 e4d6 c8d7 d6f5 e6f5 e2e5
rnbqk2r/ppp1p1bp/3p2p1/5p1n/3P4/2N1P1B1/PPPQ1PPP/2KR1BNR b kq -,c7c6 e3e4 b7b5 e4f5 c8f5 d1e1 e8h8 g3h4 h5f6 g1f3
7r/1pp5/3ppk2/1p6/1P1PP3/2PK1NRP/8/1n6 b - -,h8h7 h3h4 b1a3 g3g5 f6e7 h4h5 c7c6 e4e5 a3c4 d3e4
r3nr2/pb1Q1k1B/2p1p3/1p2q3/8/2N5/PP4P1/2KR3R b - -,h8h7 h3h4 b1a3 g3g5 f6e7 h4h5 c7c6 e4e5 a3c4 d3e4
r2q1rk1/1p1nbppp/p1np1P2/3Np1P1/5P2/4B3/PPP1B2P/R2Q1RK1 b - -,e7f6 g5f6 d7f6 e3b6 d8d7 d5f6 g7f6 f4e5 f6e5 e2g4
r1bqkbnr/1p3ppp/p1n5/2pp4/3P4/1P1B1N2/PBP2PPP/RN1QK2R b KQkq -,f8e7 d4c5 g8f6 f3d4 e8h8 d4c6 b7c6 e1h1 e7c5 b1d2
r3kb1r/pp1npppp/2p5/5q2/P1Q5/5N2/1PPP1PPP/R1B2RK1 b kq -,f5d5 c4e2 e7e6 c2c4 d5h5 d2d4 f8d6 f1e1 e8h8 c1d2
r4rk1/pp2ppbp/2npbnp1/8/2P1P3/2N1BN1P/PP2BPP1/R2R2K1 b - -,h7h6 f3d4 c6d4 e3d4 f6d7 f2f4 f8c8 b2b3 a7a6 a1c1
r2nrnk1/6b1/qp2pPp1/p1pp2N1/3P1B2/2P1RQ2/PP3PPN/R5K1 b - -,g7h6 f6f7 d8f7 g5f7 h6g7 h2g4 c5d4 g4h6 g8h7 f7g5
8/2r1b1k1/p2pB1p1/1pqPp1Pr/5PR1/1P6/P1P1Q3/1KR5 b - -,c7b7 f4e5 b7b8 c1f1 e7g5 f1g1 c5e3 e2e3 g5e3 g4g6
5nrk/p5p1/3qp2p/1p1p1r1P/2pP1PR1/P3Q3/1PP2P2/2K3NR b - -,f8d7 g1e2 a7a5 e2g3 f5f6 g4g6 f6f4 g6e6 d6f8 e6e7
r6r/pp2kpp1/5n1p/1N6/6b1/1B1n3N/PP1K1PPP/R6R b - -,a8d8 h1g1 a7a6 b5c3 h8e8 f2f3 g4f5 d2c2 d3f4 c2c1
3r1r1k/1q3Bp1/2R4p/1P3bN1/1p1b3P/8/4QPP1/4R1K1 b - -,f5h7 e1f1 h6g5 f7c4 g5g4 e2g4 b7b8 h4h5 b8f4 g4f4
8/8/4k1p1/8/p1K2P1P/P7/1P6/8 b - -,e6f6 b2b4 f6g7 b4b5 g7g8 b5b6 g8h7 c4b4 h7g8 b6b7
4r1k1/2pn1ppp/2p1b3/4P1B1/4P3/3P1N2/2P3PP/5R1K b - -,e8b8 f1a1 e6g4 g5f4 h7h6 f3e1 g7g5 f4g3 h6h5 h2h3
3r2k1/1p1q1Bpp/1b4n1/1P3b2/1p1PN3/1Q6/5PPP/R3R1K1 b - -,g8h8 e4c5 b6c5 d4c5 g6f4 f7c4 d8f8 a1d1 d7c8 b3g3
1r1r2k1/3qnppp/3pb3/1p1Np1bP/1P2P3/2PQN3/4BPP1/R4RK1 b - -,h7h6 f1d1 d7b7 d5e7 b7e7 e3d5 e7b7 g2g3 d8c8 a1a3
r3nr2/pb1Q3B/2p1pk1R/1p2q3/8/2N5/PP4P1/2KR4 b - -,h7h6 f1d1 d7b7 d5e7 b7e7 e3d5 e7b7 g2g3 d8c8 a1a3
8/5pp1/2p4k/p4QP1/2P4p/7P/P3PK2/7q b - -,h6h5 g5g6 h5h6 g6f7 h1h2 f2e3 h2g1 f5f2 g1g5 f2f4
8/8/8/p7/6K1/kq6/8/2Q5 b - -,a3b4 c1d2 b3c3 d2d6 c3c5 d6d2 b4c4 d2e2 c4b3 e2d1
2rqr1k1/5pp1/p6p/1pbpP3/4nQ2/1P2B1NP/1P3PP1/R3R1K1 b - -,e4g3 f4g3 c5e3 g3e3 d5d4 e3d3 d8b6 e1e4 c8d8 f2f4
r3n1k1/pb5p/4p1p1/1pp1P2P/5r2/2N3P1/PPB5/2KR3R b - -,f4f2 c2e4 b7e4 c3e4 f2e2 h1h4 g6g5 e4g5 e2e5 g5e4
r3kb1r/pp1n1ppp/2p1p3/5q2/P1QP4/5N2/1PP2PPP/R1B2RK1 b kq -,h7h6 c4b3 a8b8 f1d1 f8d6 b3d3 f5d3 d1d3 e8h8 g1f1
8/2p2pkp/2p5/4N3/2b1PR2/3r3P/6P1/7K b - -,d3d1 h1h2 c4e6 e5c6 d1d6 c6e5 c7c5 f4f3 c5c4 f3e3
r4r2/pb4k1/1p1P1qp1/2p1N3/5pR1/2PQ3P/P3Bp1K/3R4 b - -,c5c4 g4g6 g7h7 g6f6 c4d3 e2d3 h7g8 f6g6 g8h8 d6d7
r4rk1/pp1nppbp/2npb1p1/8/2P1P3/2N1BN1P/PP2BPP1/2RR2K1 b - -,a8c8 b2b3 d7c5 f3d4 c6d4 e3d4 a7a5 f2f4 g7d4 d1d4
r1b1nk2/pq4rp/1p2p1pR/3pP3/5PP1/3B4/PP2N2Q/1K5R b - -,d5d4 h6h7 g7h7 h2h7 b7h7 h1h7 f8g8 h7h6 c8b7 h6g6
2r2bnr/pp1k1p1p/q3p1p1/3pP3/3P4/1P6/n2Q1PPP/RNBKN2R b - -,f8h6 f2f4 c8c1 d2c1 a2c1 a1a6 b7a6 d1c1 h6f4 c1b2
rnb2rk1/pp3p1p/1q1p2p1/2pB4/4PP2/5N2/PBP3PP/R2QK2R b KQ -,b6b2 e1h1 b8d7 a1b1 b2f6 d5b7 a8b8 b7c8 f8c8 b1b8
r1nqbrk1/1p2p1bp/3pP1p1/p1pP1pNP/2P2P2/R3B3/1P1QB1P1/5RK1 b - -,b7b5 h5g6 e8g6 c4b5 c8b6 e3f2 a5a4 f1d1 g7f6 g5f3
r3k2r/pp1n1ppp/2pbp3/5q2/P1QP4/5N2/1PP2PPP/R1B1R1K1 b kq -,e8h8 a4a5 f8c8 h2h3 h7h6 c2c3 a7a6 c1d2 c6c5 c4e2
8/4b3/4k3/3p1p2/1r2p3/5P2/2K1R3/5N2 b - -,e7g5 f3e4 d5e4 e2g2 g5f6 g2g8 f5f4 g8e8 e6f5 f1d2
r6k/p1n4P/b1p1p3/1p2p3/8/6N1/PP1Q2P1/2KB1r2 b - -,f1f7 d2g5 f7h7 d1c2 h7f7 c2g6 f7d7 g3h5 a8f8 g5e5
8/2R5/8/2kpP1p1/r5P1/8/7P/5K2 b - -,
3r2k1/4p1bp/bpB2Pp1/p5Bn/P2P4/5N1P/1P3PP1/3R2K1 b - -,h5f6 d4d5 a6c4 f3e5 c4b3 d1d3 b3c2 d3d2 c2b3 e5g4
2k1r3/p6p/3Qp1p1/3p4/2p1P3/2P5/PP1q2PP/5R1K b - -,e8d8 d6e6 c8c7 h2h3 d5e4 e6c4 c7b8 c4b4 b8c7 b4e4
2r4r/bp1k1pp1/p2Pp3/P1q1Pn1p/3B3P/5N2/1P1Q1PP1/3R1RK1 b - -,c5b5 d4a7 h8h6 d1c1 c8c6 d2f4 h6g6 f3d4 b5d5 f2f3
4r1k1/5pp1/2p2n2/p7/2P3Pp/2N1QP1P/P3P3/3R2K1 b - -,g8h8 e3b6 h8g8 b6c6 e8f8 c6c7 f8a8 d1d8 a8d8 c7d8
r1bqk2r/ppp2ppp/2np1n2/6N1/2B1P3/8/PPPP1KPP/RNBQ3R b kq -,h7h6 g5f3 f6e4 f2g1 d6d5 c4b3 a7a5 d2d3 a5a4 d3e4
r1bq1r1k/1pn1b1p1/2n2pP1/p2Bp3/2Pp4/3P2P1/PPN4P/R1BQR1K1 b - -,h7h6 g5f3 f6e4 f2g1 d6d5 c4b3 a7a5 d2d3 a5a4 d3e4
r1b4r/pp2kppp/2p1p3/2q5/3NQ3/2P5/PP3PPP/3R1RK1 b - -,f7f6 f1e1 e6e5 b2b4 c5d5 e4e2 d5f7 f2f4 h8e8 f4e5
r4rk1/pp1n1ppp/2pbp3/P4q2/2QP4/5N2/1PP2PPP/R1B1R1K1 b - -,f8c8 h2h3 h7h6 c2c3 d7f6 c4b3 f5b5 b3a2 b5d3 c1e3
4r1k1/5pp1/5n2/p1p5/2P2qPp/2NR1P1P/P3PQK1/8 b - -,f4h6 a2a4 h6f4 f2h4 f4c4 h4f2 f6d7 d3e3 e8e3 f2e3
r2q1rk1/1ppnbppp/p2p1n2/3Pp3/2P1P3/5N2/PP3PPP/RNBQR1K1 b - -,d8c8 b1c3 c7c6 a2a4 c6d5 c3d5 f6d5 c4d5 b7b5 a4b5
r2q1rk1/pppb1ppp/2np1n2/2b1p3/N1B1P3/3P1N1P/PPP2PP1/R1BQR1K1 b - -,d8e7 a4c5 d6c5 c1e3 h7h6 c2c3 f8d8 d1c2 b7b6 a1d1
2rqr1k1/5pp1/p6p/1pBpP3/5Q2/1P4nP/1P3PP1/R3R1K1 b - -,d8g5 f2g3 c8c5 a1a6 g5f4 g3f4 c5c2 e1e3 c2b2 a6d6
8/2p2pkp/2N5/8/2b1PR2/2r4P/6P1/7K b - -,c4e6 c6d4 e6c4 d4c6 c4a2 c6b4 a2e6 b4d5 c3c4 d5e3
r3n1k1/pb5p/4p1p1/1pp1P2P/4B3/2N3P1/PP3r2/2KR3R b - -,b7e4 c3e4 f2e2 h1h4 g6g5 e4g5 e2e5 g5e4 e5d5 d1e1
5nrk/p5p1/3qp2p/3p1r1P/1ppP1PR1/P3QN2/1PP2P2/2K4R b - -,f8d7 f3h4 f5f7 f4f5 e6f5 g4g6 d7f6 h4f5 d6b8 a3b4
8/8/KP1k4/8/1P2r3/P7/8/8 b - -,
r4r2/pb1N2k1/1p1P1q2/2p3p1/5pR1/2PQ3P/P3Bp1K/3R4 b - -,f6h6 d7f8 a8f8 d6d7 f8d8 e2f1 h6f6 h3h4 c5c4 d3d4
rnr3k1/3b1ppp/B3p3/R7/3P4/4P3/1B3PPP/R5K1 b - -,b8a6 a5a6 d7c6 a6a8 c8a8 a1c1 c6d5 b2a3 f7f5 a3d6
3r2q1/pp1b1pk1/2p1p3/2N1Q1b1/3P4/8/PPP5/1K5R b - -,
6k1/5pp1/2p2n2/p7/2P3Pp/2NRrP1P/P3P3/6K1 b - -,e3e5 d3d8 e5e8 d8e8 f6e8 c3e4 e8c7 e4c5 c7a8 c5b7
r2q1rk1/1p1nbp1p/p1np1p2/3Np1P1/5P2/3BB3/PPP4P/R2Q1RK1 b - -,f6g5 f4g5 f7f5 d3f5 f8f5 f1f5 e7f8 f5f2 c6e7 d1f3
r3k2r/1p1bbppp/pqn1pn2/3pN3/5B2/P1NBP3/1PP2PPP/R2Q1RK1 b kq -,a8c8 a1b1 e8h8 e3e4 c6e5 f4e5 d5e4 c3e4 f6e4 d3e4
r4rk1/pp2ppbp/2npb1p1/2n5/2PNP3/2N1B2P/PP2BPP1/2RR2K1 b - -,a8b8 f2f4 c6d4 e3d4 g7d4 d1d4 a7a5 c1d1 a5a4 g1f2
3qr1k1/5pp1/p6p/1prpP3/8/1P4QP/1P3PP1/R3R1K1 b - -,a6a5 g3d3 d5d4 f2f4 c5d5 e1e4 d8b6 g1h1 g8h8 a1f1
r1b1nk2/pq4rR/1p2p1p1/4P3/3p1PP1/3B4/PP2N2Q/1K5R b - -,g7h7 h2h7 b7h7 h1h7 f8g8 h7h6 c8b7 h6g6 g8f7 f4f5
1n6/5p2/6p1/3b1PKP/8/6b1/pB5k/R6r b - -,h1a1 b2a1 g6h5 g5f6 h2g2 f6g7 h5h4 g7g8 b8d7 a1c3
r1r3k1/3b1ppp/R3p3/8/3P4/4P3/1B3PPP/R5K1 b - -,d7c6 h2h4 c6d5 a6a8 c8a8 a1e1 f7f5 f2f3 g8f7 b2c3
3N4/2p2pkp/4b3/8/4PR2/2r4P/6P1/7K b - -,e6b3 f4f5 c3e3 f5c5 e3e4 c5c7 e4d4 d8b7 b3d5 b7d6
3rN2k/p6p/5q2/3n4/6p1/6P1/P2Q2KP/4R3 b - -,
r1b4r/pp2k1pp/2p1pp2/2q5/3NQ3/2P5/PP3PPP/3RR1K1 b - -,e6e5 b2b4 c5d5 e4e2 h8e8 d4f5 c8f5 d1d5 c6d5 e2b5
r5k1/pp1b2q1/2p4r/3p2P1/1P1Np3/P5P1/4P1Q1/R4RK1 b - -,g7d4 g2f2 d4f2 g1f2 h6g6 f2e3 g6g5 e3d4 a8e8 f1f4
3r2k1/2p2p1p/5R2/8/2b1P2N/7P/2P3P1/7K b - -,d8d2 f6c6 d2c2 c6c7 c4d3 c7c2 d3c2 e4e5 f7f6 e5f6
8/8/5kp1/8/p3KP1P/P1R5/8/r7 b - -,
8/5pp1/2p3P1/p4Q1k/2P4p/7P/P3PK2/7q b - -,h5h6 g6f7 h1h2 f2e3 h2g1 f5f2 g1g5 f2f4 g5f4 e3f4
2kr2n1/Qpp5/3p4/4p2p/4P1b1/2NN3q/PPP5/4KR2 b - -,g8e7 d3b4 g4e6 b4d5 e6d5 e4d5 e7f5 a7a8 c8d7 a8b7
8/8/4k3/3p4/4N3/2b5/1r2R3/3K4 b - -,b2e2 e4c3 e2h2 c3b1 e6e5 b1d2 h2d2 d1d2 e5d4 d2e2
r4rk1/pp2ppbp/3pb1p1/2n5/2PBP3/2N4P/PP2BPP1/2RR2K1 b - -,f8e8 f2f4 g7d4 d1d4 a7a5 b2b3 e6d7 d4d2 d7c6 e2f3
rn2k2r/ppp2pp1/4bq1p/8/1b1P4/2N5/PPP1NPPP/R2QKB1R b KQkq -,b8c6 a2a3 b4a5 d1d3 e8a8 e1a1 f6f2 c3e4 f2h4 g2g3
2rqr1k1/2pb1pbp/p5p1/1p1p4/1P1Nn3/P1P1PQ1P/2B2PP1/R1BR2K1 b - -,e4c3 d1d3 c7c5 b4c5 c8c5 c1b2 c3e4 c2b3 a6a5 b3a2
r1bqk1nr/pppp1ppp/8/8/1nP1p3/6P1/PP1PPPBP/R1BQK1NR b KQkq -,g8f6 a2a3 b4c6 d2d3 e4d3 d1d3 e8h8 g1h3 d7d5 c4d5
r1b1nk2/pq5Q/1p2p1p1/4P3/3p1PP1/3B4/PP2N3/1K5R b - -,b7h7 h1h7 f8g8 h7h6 g6g5 f4f5 e6f5 g4f5 c8f5 d3f5
1R6/5pk1/5p1b/4r3/P5P1/3RN2P/5P2/6K1 b - -,h6e3 d3e3 e5a5 e3e8 f6f5 g4g5 f5f4 e8g8 g7h7 g1g2
r1bq1bkr/ppp1n1pp/8/3p2B1/8/2P2N2/P1P1QPPP/R3R1K1 b - -,c8f5 g5e7 d8d7 e7f8 a8f8 f3e5 d7e6 a1d1 h7h5 e2b5
4r1k1/5pp1/5n2/p1Q5/2P2qPp/2NR1P1P/P3P3/6K1 b - -,f4c1 g1f2 c1f4 f2f1 f4g3 c5f2 g3h3 f1g1 e8b8 f2g2
r4rk1/pp2pp1p/3pb1p1/2n5/2PRP3/2N4P/PP2BPP1/2R3K1 b - -,a8c8 b2b3 g8g7 c1d1 a7a5 f2f3 h7h5 f3f4 f7f6 e2f3
2r3k1/3b1ppp/R3p3/8/3P4/4P3/1B3PPP/6K1 b - -,d7b5 a6b6 b5c6 f2f3 f7f5 b2a3 c6d5 a3c5 c8a8 h2h4
2R5/5k2/3K4/3P4/8/8/8/4r3 b - -,f7f6 d6d7 e1e7 d7c6 e7e2 d5d6 e2c2 c6d7 c2d2 d7c7
8/5p2/4p1p1/4PP2/4P1kP/4r3/R5KP/8 b - -,
3r2k1/2p2p1p/8/8/b1pPP2N/2P2R2/6PP/7K b - -,a4c2 e4e5 c7c5 f3g3 g8f8 h4f3 c2e4 d4c5 d8d1 f3g1
6k1/5ppp/8/8/5P2/5KPP/8/4r1b1 b - -,a4c2 e4e5 c7c5 f3g3 g8f8 h4f3 c2e4 d4c5 d8d1 f3g1
6rk/ppp1q1rp/2n1pbb1/2P5/3P1PP1/P2BPN2/1PQ4R/2K4R b - -,g6d3 c2d3 e7f7 g4g5 f6e7 d3c3 f7f5 d4d5 e6d5 h2h7
8/8/4k3/3p1p2/4P3/2b5/1r1NR3/3K4 b - -,d5e4 d2f1 b2b1 d1c2 b1f1 c2c3 f1d1 c3c2 d1d6 c2c3
8/6R1/1k6/3pP1p1/r5P1/8/7P/5K2 b - -,
r7/p4kpp/1n1qp3/2p2p2/5P2/2Q1P3/PP1B2PP/R5K1 b - -,a8d8 d2e1 d6c6 h2h3 b6d5 c3e5 d5f6 a1c1 d8d5 e5b8
r2nrnk1/8/qp2pbp1/p1pp2N1/3P1BN1/2P1RQ2/PP3PP1/R5K1 b - -,f6g5 f4g5 d8f7 f3f6 f7g5 g4h6 g8h7 f6g5 b6b5 e3h3
2r4r/1p2Qpp1/p1kPp3/P1q1P2p/3R3P/8/1P3PP1/5RK1 b - -,b7b6 f1d1 b6a5 e7f7 h8f8 d6d7 c8b8 f7e6 c6b7 e6b3
r2q1rk1/1pp2ppp/p1nbpnb1/8/2NPP2N/1P3PP1/PB4BP/2RQ1RK1 b - -,d6b4 a2a3 b4e7 h4g6 h7g6 f3f4 d8d7 c4e5 d7e8 d1f3
3r1rk1/pp2q1np/1np3p1/4Pp2/2BP4/1P2Q3/P3N1PP/4RRK1 b - -,
r1b1nk2/p6R/1p2p1p1/4P3/3p1PP1/3B4/PP2N3/1K6 b - -,f8g8 h7h6 c8b7 h6g6 g8f7 f4f5 e6f5 g4f5 a8c8 g6h6
8/5p2/6p1/4PP2/6kP/4r3/R5KP/8 b - -,
5rk1/1pQnpp1p/3p2p1/p2P4/4P3/1P3P2/P3BqPP/2R4K b - -,d7c5 e2c4 f2a2 c7e7 a2d2 c1f1 d2d4 f1c1 f8c8 c4b5
8/5R2/6k1/8/1p5r/1B2K3/PP4P1/8 b - -,h4h8 f7f2 h8d8 f2d2 d8c8 e3d4 g6f6 d2f2 f6e7 g2g4
1r1r2k1/3q1ppp/3pb3/1p1Np1bP/1P2P3/2PQ4/4BPP1/R4RK1 b - -,f7f5 e2f3 d7f7 f1d1 f5e4 d3e4 e6f5 e4e2 g8h8 f3g4
8/5Pp1/2p4k/p4Q2/2P4p/7P/P3PK2/7q b - -,h1h2 f2e3 h2g1 f5f2 g1c1 e3f3 c1c4 f2e3 h6g6 f7f8q
4r1r1/1pk2p2/p2qb2p/2NpR1p1/2PP4/1P3Q1P/1P4P1/5RK1 b - -,f7f5 b3b4 c7b8 f1e1 e6d7 c5d7 d6d7 f3d5 d7c8 e5e7
r1b4r/pp2k1pp/2p2p2/2q1p3/3NQP2/2P5/PP4PP/3RR1K1 b - -,e7f7 f4e5 h8e8 e4h7 e8e5 b2b4 e5h5 h7g7 f7g7 b4c5
8/6R1/1k2P3/3p2p1/6r1/8/7P/5K2 b - -,
3r2k1/pp3p2/2p1r2p/1B3Q2/P4p2/1K6/RP1q4/6R1 b - -,d2g2 g1g2 e6g6 g2g6 f7g6 b5c4 d8d5 f5c8 g8g7 c8b7
r6r/pp2kpp1/5n1p/1N6/6b1/1B1n3N/PP3PPP/R4K1R b - -,h8d8 f2f3 g4h3 g2h3 a7a6 b5c3 d3b2 h1g1 e7f8 c3e4
1r4k1/5pp1/5n2/p1p5/2P1PqPQ/2NR1P1P/P7/6K1 b - -,f6d5 d3d5 f4e3 h4f2 e3c3 d5d1 a5a4 f2e2 b8b2 e2d3
2r3nr/pp1k1p1p/q3p1pb/3pP3/3P1P2/1P6/n2Q2PP/RNBKN2R b - -,c8c1 d2c1 a2c1 a1a6 b7a6 d1c1 h6f4 c1b2 g8h6 b1a3
3r1r1k/1q3Bpb/2R1R3/1P4pQ/1p5P/8/5KP1/8 b - -,b7f7 h5f7 f8f7 f2g1 b4b3 e6e2 f7b7 h4g5 b7b5 e2b2
8/4kp2/8/4R1K1/2r1p3/4P3/5P2/8 b - -,e7d7 g5f6 c4c2 e5f5 d7e8 f6g7 e8e7 f5f4 f7f5 g7g6
3r2k1/2p2p1p/4bR2/2p5/4P2N/3P4/2P3PP/7K b - -,g8f8 h4f3 d8a8 h2h3 a8a1 h1h2 f8g7 f6f4 a1c1 c2c4
8/2r1b1k1/p2pB1p1/1pqPp1Pr/2P3R1/1P6/P3QP2/1KR5 b - -,a6a5 e2f3 e7g5 f3g2 a5a4 g4g5 h5g5 g2g5 a4b3 a2b3
r1b1rnk1/p3q1pp/2pbpp2/3p4/3B1P2/PP1BP3/2PN2PP/R2Q1RK1 b - -,e6e5 d4b2 e5e4 d3e2 d6c5 b2d4 c5d4 e3d4 f8e6 c2c3
r1b1n1k1/p7/1p2p1pR/4P3/3p1PP1/3B4/PP2N3/1K6 b - -,g6g5 f4f5 e6f5 g4f5 c8f5 d3f5 e8g7 f5d3 a8c8 h6g6
rn6/pp1Bkpbp/6p1/2ppP3/8/5N2/PPP2PPP/R2R2K1 b - -,b8d7 d1d5 a8c8 b2b3 c5c4 a1d1 c8c7 g2g3 a7a6 d5d4
6k1/6pp/5p2/8/5P2/6PP/6K1/4r1b1 b - -,b8d7 d1d5 a8c8 b2b3 c5c4 a1d1 c8c7 g2g3 a7a6 d5d4
8/5Pp1/2p4k/p4Q2/2P4p/4K2P/P3P2q/8 b - -,b8d7 d1d5 a8c8 b2b3 c5c4 a1d1 c8c7 g2g3 a7a6 d5d4
7r/8/6k1/8/1p6/1B2K3/PP3RP1/8 b - -,h8d8 f2d2 d8h8 e3d4 g6f6 d2e2 h8c8 e2f2 f6e7 g2g4
3rq2k/ppR3pp/4Brb1/4Q3/7P/5pP1/PP3P2/4R1K1 b - -,h7h6 e5c3 a7a6 c7b7 e8f8 e6b3 g6f7 c3f6 g7f6 b7f7
r1b4r/pp3kpp/2p2p2/2q1P3/3NQ3/2P5/PP4PP/3RR1K1 b - -,h8e8 e4h7 e8e5 b2b4 e5h5 h7g7 f7g7 b4c5 g7f7 e1e4
8/5p2/6p1/4Pk1P/8/4r3/R5KP/8 b - -,
8/8/2Q5/p7/k5K1/1q6/8/8 b - -,b3b5 c6c2 b5b3 c2c6 a4a3 g4g5 b3d3 g5h6 d3f5 c6b7
rnb2rk1/pp3pbp/1q1pPnp1/2p5/4PP2/2N2N2/PPP3PP/R1BQKB1R b KQ -,c8e6 f1e2 b8c6 e1h1 a8e8 a2a4 e6c8 a4a5 c6a5 e4e5
r1b2rk1/1p2qpp1/2p2n1p/p7/7Q/P1B1PR2/1P4PP/1B2R1K1 b - -,c8f5 b1f5 c6c5 c3f6 e7f6 f5h7 g8h7 f3f6 g7f6 h4f6
r1b1n1k1/p7/1p2p2R/4PPp1/3p2P1/3B4/PP2N3/1K6 b - -,e6f5 g4f5 c8b7 h6g6 g8f8 g6g5 a8c8 e2f4 f8f7 b2b3
r5k1/1pb2ppp/p1p1pn2/Pq1r4/3P4/1P2QN2/2P2PPP/R1B1R1K1 b - -,d5d6 f3e5 b5d5 c1a3 d6d8 a3e7 d5d4 e7d8 d4d8 e3c3
8/3k3p/1K6/3pppPP/5B2/8/8/8 b - -,e5f4 g5g6 h7g6 h5h6 f4f3 h6h7 f3f2 h7h8q f2f1q h8h7
2b4r/1p1p2p1/1BpP1pp1/8/1p2rPk1/3R2PP/PPP5/3K3R b - -,h8h3 h1h3 g4h3 d1d2 h3g4 a2a3 b4a3 d3a3 e4e6 a3d3
4r1k1/5pp1/5n2/p1p5/2q3P1/2NR1P1P/P3PQ2/6K1 b - -,c4f4 g1g2 f4c4 h3h4 a5a4 f2f1 a4a3 f1d1 c4b4 d1d2
1r4k1/5pp1/8/p1pP4/2P2qPQ/2NR1P1P/P7/6K1 b - -,
6rk/ppp1q1rp/2n1pb2/2P5/3P1PP1/P2QPN2/1P5R/2K4R b - -,g8d8 g4g5 f6d4 e3d4 e7c5 c1b1 c5f5 d3f5 e6f5 g5g6
r1b1n1k1/p7/1p5R/4PPp1/3p4/3B4/PP2N3/1K6 b - -,c8b7 h6g6 g8f8 g6g5 a8c8 e2f4 f8f7 b2b3 c8c5 d3c4
8/3k2pp/3R4/r2pP3/P5P1/8/7P/5K2 b - -,
2rqr1k1/3b1pbp/p5p1/1pPp4/3Nn3/P1P1PQ1P/2B2PP1/R1BR2K1 b - -,e4c3 c5c6 d7c6 d1d2 c6a8 c1b2 c8c4 b2c3 c4c3 f3d1
r2q1rk1/pppb1ppp/1Nnp1n2/4p3/2B1P3/3P1N1P/PPP2PP1/R1BQR1K1 b - -,c6a5 b6a8 d8a8 c4b3 a8c8 c1g5 d7h3 g2h3 g8h8 f3h4
6nr/p2k1p1p/p3p1pb/3pP3/3P1P2/1P6/6PP/1NK1N2R b - -,h6f4 c1b2 g8h6 b1a3 h6f5 a3c2 h8c8 g2g4 f5e3 c2e3
8/8/8/pq6/k5K1/8/2Q5/8 b - -,b5b3 c2c6 a4a3 g4g5 b3d3 g5h6 d3f5 c6b7 a3a4 b7b6
8/1P3p2/8/2P5/8/B7/2k5/7K b - -,a4b4 c2b2 b4c5 b2e5 c5b6 e5b8 b6c5
r7/pp1nkpbp/6p1/2pRP3/8/5N2/PPP2PPP/R5K1 b - -,a8c8 b2b3 d7b6 d5d2 c5c4 a1d1 c8c7 g2g3 c7c5 g1f1
3r4/8/6k1/8/1p6/1B2K3/PP1R2P1/8 b - -,d8b8 e3d4 g6f6 d2e2 b8c8 e2f2 f6e7 g2g4 c8c6 d4e5
8/8/4k1p1/7P/p3KP2/Pr6/7R/8 b - -,
r3kb1r/pp3ppp/2p2p2/4nb2/8/4B3/PPP1BPPP/2KR2NR b kq -,f5e6 a2a4 e5d7 g1f3 a7a6 f3d4 e6d5 e2g4 e8a8 d4b3
8/8/6p1/4rk2/8/5K2/R6P/8 b - -,
1r1r2k1/3q1ppp/3pb3/1p1Pp1bP/1P6/2PQN3/4BPP1/R4RK1 b - -,e6h3 g2h3 d7h3 e3f5 h3d3 e2d3 g7g6 f5g3 f7f5 a1a5
1R6/5pk1/5p1b/8/P3r1P1/3R3P/2N2P2/6K1 b - -,f6f5 b8b4 e4e5 g1g2 f5g4 b4g4 g7f8 d3d8 f8e7 d8b8
8/4k1pp/3R4/r2pP3/P5P1/7P/8/5K2 b - -,
r3kb1r/pb1p1ppp/1np1p3/q3P3/4NP2/2P5/PP2B1PP/R1BQK2R b KQkq -,f8e7 e1h1 c6c5 e2f3 c5c4 c1e3 b7e4 f3e4 a8c8 g1h1
r2q1rk1/1p1nbp1p/p1np4/3Np1P1/8/3BB3/PPP4P/R2Q1RK1 b - -,e5e4 d3e4 f7f5 e4f5 g8h8 d1h5 f8f5 f1f5 d7e5 a1f1
r3k2r/ppp2pp1/2n1bq1p/3P4/1b6/2N5/PPP1NPPP/R2QKB1R b KQkq -,e8a8 d1d3 d8d5 d3f3 d5f5 f3g3 h8d8 f2f4 b4a5 a2a3
r4rk1/1pqnbppp/p3pn2/2ppN3/3P1P2/1P1QPR2/PBPN2PP/R5K1 b - -,a8c8 a1c1 b7b5 c2c4 c7b7 e5d7 f6d7 c4b5 a6b5 d4c5
r4rk1/ppq3p1/2p1p3/3P2pp/3Pn3/3QPN1P/PP1BP1Bb/R2R1K2 b - -,e6d5 d2e1 f8f6 h3h4 g5g4 d1c1 a8f8 d3d1 f6g6 c1c3
1r6/8/6k1/8/1p1K4/1B6/PP1R2P1/8 b - -,g6f6 d2e2 b8c8 e2f2 f6e7 g2g4 c8c6 d4e4 c6g6 e4f4
8/3k3p/1K4P1/3p1p1P/5p2/8/8/8 b - -,h7g6 h5h6 f4f3 h6h7 f3f2 h7h8q f2f1q h8h7 d7d6 h7g6
3r2k1/2p2p1p/4bp2/2p5/4PR1N/3P2P1/2P4P/7K b - -,
r3k2r/pp2bppp/2p2p2/4nb2/5P2/4B3/PPP1B1PP/2KR2NR b kq -,f5e6 f4e5 f6e5 g1f3 f7f6 a2a4 e8h8 h1f1 g7g6 f3d2
r1b3k1/ppppq1pp/4nrn1/5P2/8/2NBB3/PPP1Q2P/R4RK1 b - -,e6f4 e3f4 e7e2 c3e2 g6f4 e2f4 c7c6 a1e1 g8f8 f4g2
r1bqk2r/ppp2ppp/2np4/6N1/2B1P1n1/8/PPPP2PP/RNBQ2KR b kq -,g4e5 d2d3 c8g4 d1f1 e8h8 h2h3 g4h5 g2g4 e5c4 d3c4
5rk1/1p2Qp1p/3p2p1/p1nP4/2B1P3/1P3P2/q5PP/2R4K b - -,a2d2 c1f1 d2b4 e7d6 a5a4 h2h4 f8c8 f1b1 b4c3 b3b4
2r3k1/2p2ppp/2p1bn2/8/4P2N/3PB3/2P3PP/5R1K b - -,h7h6 e3h6 c6c5 h6g5 f6h7 h4f3 c5c4 d3d4 f7f5 e4f5
7N/8/8/5k2/2B5/6K1/8/8 b - -,f5e4 h8g6 e4e3 c4g8 e3e4 g8e6 e4d4 g3f4 d4d3 f4f3
r3nk2/pb6/1p6/4PPR1/3p4/3B4/PP2N3/1K6 b - -,a8c8 e2f4 f8f7 b2b3 e8f6 d3c4 c8c4 b3c4 b7e4 b1c1
rn3rk1/pp3pbp/1q1pbnp1/2p5/4PP2/2N2N2/PPP1B1PP/R1BQK2R b KQ -,b8c6 e1h1 a8e8 a2a4 e6c8 c3d5 f6d5 e4d5 c6d4 f3d4
r2qk1nr/pp3ppp/2nbp3/1Bpp4/5Pb1/1P2PN2/PBPP2PP/RN1Q1RK1 b kq -,f7f6 h2h3 g4h5 b5c6 b7c6 b1c3 g8e7 c3a4 e8h8 b2a3
rn1r2k1/p1p2p1p/1p2p1p1/8/4P3/2K3b1/PPP1Bq2/R1BQ3R b - -,d8d1 e2d1 f2c5 c3d3 b8c6 c1e3 c6e5 d3e2 c5c4 e2d2
r3k2r/ppp2pp1/2n1bq1p/3P4/8/2N5/PPP2PPP/R2QKB1R b KQkq -,c6b4 d5e6 f6e6 f1e2 a8d8 d1c1 e6f5 e2d1 d8d1 e1d1
2rqr1k1/3b1pbp/p5p1/1pPp4/3Nn3/P2RPQ1P/1BB2PP1/R5K1 b - -,c8c5 c2b3 a6a5 a1c1 d8e7 d3d1 e8c8 c1c5 e7c5 b3a2
r4rk1/ppq3p1/2p5/3p2pp/3Pn3/3QPN1P/PP1BP1Bb/2RR1K2 b - -,e4g3 f1e1 g3e4 e1f1 g5g4 d2e1 f8f6 c1c2 a8f8 h3h4
rn1qkb1r/pp2pppp/2p5/3p1b2/3PnB2/2N1PP2/PPP1N1PP/R2QKB1R b KQkq -,e4c3 e2c3 b8d7 d1d2 f5g6 h2h4 h7h5 e3e4 e7e6 f1d3
1r6/8/5k2/8/1p1K4/1B6/PP2R1P1/8 b - -,b8c8 e2f2 f6g5 f2c2 c8e8 b3d5 e8e1 d4c5 g5f6 d5c4
2k1r3/p6p/2Q1p1p1/3p4/2p1P3/2P5/PP2q1PP/5R1K b - -,c8d8 c6a8 d8d7 a8a7 d7c8 h1g1 e2e4 a7a8 c8c7 a8e8
Q1kr4/1pp1n3/3p4/4p2p/4P1b1/2NN3q/PPP5/4KR2 b - -,c8d7 a8a4 e7c6 c3d5 g4e6 a4c4 d8g8 c2c3 g8g2 d3f2
r3rk2/1p3pp1/p4n1p/4nN2/8/1B5P/PP3P1P/2KR3R b - -,f6e4 f2f4 a8c8 b3c2 e4f2 f4e5 e8e5 f5g3 g7g6 h1f1
r4rk1/1pqnbp1p/p3pnp1/2ppN3/3P1P2/1P1QP2R/PBPN2PP/R5K1 b - -,a8c8 a1c1 b7b5 d3e2 c5d4 e3d4 f6h5 h3c3 c7b7 c3c8
5r2/ppr1q1k1/2pp1p1p/P3pRn1/1P1PP1Q1/1BP1P3/6P1/5R1K b - -,c7d7 h1h2 b7b6 c3c4 c6c5 b3a4 d7c7 b4c5 b6c5 d4e5
4r1k1/5pp1/5n2/p1p5/2q3PQ/2NR1P1P/P3P1K1/8 b - -,c4a6 g2f1 a6b6 h4f2 b6b4 d3e3 c5c4 e3e8 f6e8 f2d4
8/8/R5p1/1r3k2/8/5K2/7P/8 b - -,
rnb2rk1/pp2qpp1/2p4p/3pN3/3Pn3/2NBP3/PP3PPP/R2QK2R b KQ -,f8e8 e1h1 e4d6 d1c2 b8d7 f2f4 d7f6 g1h1 d6e4 f4f5
rn1r2k1/pp3pbp/1q1pbnp1/2p3N1/4PP2/2N5/PPP1B1PP/R1BQK2R b KQ -,c5c4 g5e6 f7e6 e2c4 d6d5 c4b3 d5e4 d1e2 b8c6 c1e3
6k1/5p1p/4b3/2p2N2/4P3/3P4/6PP/7K b - -,f7f6 f5e3 e6a2 e3c4 a2b1 c4b2 g8f7 h1g1 f6f5 e4f5
8/4k1pp/8/3RP3/r5P1/7P/8/5K2 b - -,
2r1nk2/pb6/1p6/4PPR1/3p1N2/3B4/PP6/1K6 b - -,f8f7 b2b3 c8c5 d3c4 c5c4 b3c4 b7a6 g5g6 d4d3 b1c1
r3r1k1/ppp3pp/8/2bP1Q2/2P3P1/N2B4/PP1B3q/R4KNn b - -,f8f7 b2b3 c8c5 d3c4 c5c4 b3c4 b7a6 g5g6 d4d3 b1c1
5rk1/R1p2p1p/1p2p1p1/4q3/1P2b2P/1QP5/5PP1/5BK1 b - -,f8d8 c3c4 d8a8 a7a8 e4a8 b3d3 g8g7 d3d8 a8c6 d8d2
4r1r1/1pkq1Q2/p3pR1p/3pR1p1/3P4/1P5P/1PP3P1/6K1 b - -,c7c8 f7d7 c8d7 f6h6 g5g4 h3h4 g4g3 h4h5 a6a5 h6f6
3r4/1Qpkn3/3p4/4p2p/4P1b1/2NN3q/PPP5/4KR2 b - -,c7c8 f7d7 c8d7 f6h6 g5g4 h3h4 g4g3 h4h5 a6a5 h6f6
Q2kr3/p6p/4p1p1/3p4/2p1P3/2P5/PP2q1PP/5R1K b - -,d8d7 a8a7 d7d6 a7b6 d6e5 h1g1 e2d2 e4d5 e6d5 b6c7
1n6/5p2/6p1/3b1PKP/8/6b1/pB5k/7R b - -,h2g2 h5h6 g3f2 h6h7 b8d7 h1h2 g2h2 h7h8q h2g2 h8e8
2r5/8/5k2/8/1p1K4/1B6/PP3RP1/8 b - -,f6g5 f2c2 c8h8 d4c5 g5f6 c2e2 h8h4 b3d5 h4h5 b2b3
r2q1rk1/1ppb1ppp/1pnp1n2/4p1B1/2B1P3/3P1N1P/PPP2PP1/R2QR1K1 b - -,d7e6 c4b5 c6e7 g5f6 g7f6 d3d4 e7g6 b5f1 g8h8 d1d2
r5qk/p2b4/1p1R1n2/1P1Pp3/4Pp1N/2Q5/P3BNr1/2R4K b - -,a8c8 c3c8 d7c8 h4g2 g8f8 c1c6 f6e8 d6h6 h8g8 g2h4
8/8/8/pq6/6K1/k1Q5/8/8 b - -,a3a2 c3c2 a2a3 c2c3 a3a4 c3a1 a4b3 a1d1 b3c3 d1c1
5bk1/4rp1p/p5p1/1p2RnNq/1P3P2/6P1/1Q3B1P/3R2K1 b - -,e7e5 d1d8 e5e8 d8e8 h5d1 e8e1 d1d7 b2e5 h7h6 e5e8
r1bqkb1r/1p1n1ppp/p2p4/3Pp3/8/N3B3/PPPQ1PPP/R3KB1R b KQkq -,b7b6 a3c4 f8e7 d2b4 e8h8 e3b6 d7b6 b4b6 d8b6 c4b6
r5k1/pp1b2q1/2p4r/3p1R2/1P1Np3/P3P1p1/6Q1/3R2K1 b - -,h6h2 f5f4 h2g2 g1g2 a8f8 d1f1 f8f4 f1f4 g7h6 g2g3
4r1k1/3R1pp1/5n2/p1p5/2P2qPp/2N2P1P/P3PQ2/6K1 b - -,f6d7 c3d5 f4c1 g1g2 c1d2 e2e4 d2f2 g2f2 d7e5 f3f4
3r1k2/pp3p2/2pr3p/1B2Q3/P4p2/1K6/RP1q4/6R1 b - -,c6b5 a2a1 d2d3 e5c3 f4f3 c3d3 d6d3 b3a2 b5a4 a1f1
R5k1/2p2p1p/1p2p1p1/4q3/1P2b2P/1QP5/5PP1/5BK1 b - -,e4a8 b3a2 a8c6 a2c4 c6d5 c4d3 g8g7 f1e2 c7c5 b4c5
5rk1/1p3p1p/3Q2p1/p2P4/4P3/1q3P2/6PP/2R4K b - -,b3e3 c1d1 b7b5 d6f6 b5b4 d5d6 e3e2 f6d4 b4b3 h2h4
r2q1rk1/1pp1bppp/p2p1n2/2nPp3/2P1P3/2N2N2/PP3PPP/R1BQR1K1 b - -,h7h6 a1b1 a6a5 b2b3 d8d7 d1c2 c7c6 c1e3 c6d5 e3c5
2r1n3/pb3k2/1p6/4PPR1/3p1N2/1P1B4/P7/1K6 b - -,c8c6 b1b2 c6c3 d3c4 c3c4 b3c4 b7e4 b2c1 e8f6 f4e6
6k1/7p/5p2/6P1/8/5KPr/8/8 b - -,f6g5 f3f2 h3g3 f2g3 g8f7 g3f3 f7g6 f3g2 g6f6 g2h2
6k1/2p2p1p/4b3/8/4P3/5NP1/7P/7K b - -,c7c5 h1g2 g8g7 g2f2 g7f6 f2e3 f6e7 e3f4 e7d7 f4e3
1r2r2k/2p3p1/1p1pB3/p7/2P1R3/4P1P1/P3P2P/5RK1 b - -,g7g6 e4h4 h8g7 f1f7 g7g8 f7e7 g8f8 e7d7 e8e7 h4h8
8/5P2/4k2R/8/p3K3/r7/8/8 b - -,
8/5pk1/5p1b/8/rR4P1/3R3P/2N2P2/6K1 b - -,a4a5 c2d4 g7g6 d4f5 a5f5 g4f5 g6f5 g1g2 h6g5 b4b8
r4rk1/pp2bppp/2p2p2/8/5Pb1/4BN1P/PPP3P1/2KR3R b - -,h7h5 h3g4 h5g4 f3d4 g7g6 d4b3 b7b6 e3d4 f8e8 d4c3
8/8/R5p1/5k2/8/1r6/4K2P/8 b - -,
r6r/pb1N1k2/1p1Pq3/6RB/5p2/2PQ3P/P4p1K/3R4 b - -,h8h5 d7e5 f7f8 g5h5 f2f1n d3f1 e6a2 h2g1 f4f3 e5f3
r1bqk2r/p3bp2/2p1pn2/1p4B1/2pP4/2N2B2/PP3PPP/R2QK2R b KQkq -,c8b7 d1d2 f6d5 g5e7 d8e7 c3e4 e8a8 e1a1 b5b4 e4c5
R5kn/1p1q1rpp/1b2N1b1/1P6/1QBP4/8/5PPP/6K1 b - -,c8b7 d1d2 f6d5 g5e7 d8e7 c3e4 e8a8 e1a1 b5b4 e4c5
rn1qkb1r/pp2pppp/2p2n2/3p1b2/3P1BP1/2N1PP2/PPP1N2P/R2QKB1R b KQkq -,f5c8 h2h4 b7b5 e2c1 e7e6 d1d2 b5b4 c3a4 c8a6 h4h5
r3k2r/1pqnbpp1/2p1pnp1/p5B1/3P4/1BP3N1/PP1Q1PPP/R3K2R b KQkq -,a5a4 b3c2 c6c5 e1h1 a4a3 b2a3 e8h8 a3a4 d7b6 a1e1
r4rk1/pppq1ppp/2nb2n1/3p4/P2P2b1/2PB1N2/1PQN1PPP/R1B1R1K1 b - -,a7a5 b2b3 a8e8 e1e8 f8e8 h2h3 g4h3 g2h3 d7h3 d3f5
8/5k2/2Q5/6r1/5K2/8/8/8 b - -,g5h5 c6d6 h5h2 d6d5 f7f6 f4g4 h2h7 d5f5 f6g7 g4g5
r3k2r/1p1bbppp/pq2pn2/3pB3/8/P1NBP3/1PP2PPP/R2Q1RK1 b kq -,e7d6 e5d6 b6d6 e3e4 d5d4 c3e2 a8c8 d1d2 f6g4 e2g3
b5k1/2p2p1p/1p2p1p1/4q3/1P5P/2P5/Q4PP1/5BK1 b - -,a8c6 a2c4 c6d5 c4d3 g8g7 f1e2 c7c5 b4c5 b6c5 g2g3
8/2r1b1k1/3pB1p1/ppqPp1Pr/2P3R1/1P3Q2/P4P2/1KR5 b - -,c5f2 f3f2 e7g5 c1f1 g5f4 f2b6 c7f7 e6f7 h5h1 f1h1
r1b3q1/pp3pk1/2p1p3/2N1Q1b1/3P4/8/PPP5/1K5R b - -,
6k1/1p1q1rpp/6n1/pP3b2/1BB5/1Q6/5bPP/R3R2K b - -,f2e1 a1d1 e1b4 d1d7 f5d7 c4f7 g8f8 f7g6 h7g6 b3f3
8/8/R5p1/5k2/8/5K2/1r5P/8 b - -,
2r1n3/p4k2/1p6/4PPR1/2Bp1N2/1P3b2/P7/1K6 b - -,c8c4 b3c4 f3b7 b1c2 b7e4 c2b2 e4b7 f4e6 b7a6 g5g4
r1b1k2r/p3qp2/2p1p3/1p1n4/P1pP4/2N2B2/1P3PPP/R2QK2R b KQkq -,b5b4 c3e4 f7f5 e4d2 c4c3 b2c3 c8a6 c3b4 e7b4 f3e2
3r2k1/R4p2/6pK/P7/4p3/4NnP1/4Nn1P/8 b - -,g6g5 a7a6 f3h2 e3f5 d8e8 a6a7 e4e3 a5a6 f2e4 h6h5
2r5/8/8/6k1/1p1K4/1B6/PPR3P1/8 b - -,c8d8 d4c5 g5f4 c2e2 f4g3 b3d5 g3h4 b2b3 h4g3 d5c6
r1bqk2r/1p1nbppp/p2p4/3Pp3/2N5/4B3/PPPQ1PPP/R3KB1R b KQkq -,a8b8 f1e2 e8h8 e1h1 f7f5 f2f4 e5f4 e3f4 d7c5 e2f3
r5k1/pp1b2q1/2p5/3p1R2/1P1Np3/P3P1p1/7r/3R1QK1 b - -,g7h6 f5g5 h6g5 f1f4 h2h1 g1g2 g5f4 e3f4 h1d1 g2g3
2kr2n1/ppp5/7B/4nq2/2Pp4/1Q4P1/PP2PPK1/RN3R2 b - -,f5e4 f2f3 e4f5 h6g7 e5c6 b1d2 f5g5 d2e4 g5g7 f1h1
1R6/5kp1/8/4P2p/2r5/2p5/r1P3PP/2R3K1 b - -,c4e4 b8c8 e4e5 c8c3 f7g6 g1f2 e5f5 f2e2 f5g5 g2g3
8/5p2/3k1K2/4R3/2r1p3/4P3/5P2/8 b - -,d6d7 e5d5 d7e8 d5d4 c4c6 f6f5 e8f8 d4e4 c6a6 f2f4
R2N2kn/1p1q1rpp/6b1/1P6/1QBP4/8/5PPP/6K1 b - -,d6d7 e5d5 d7e8 d5d4 c4c6 f6f5 e8f8 d4e4 c6a6 f2f4
r2nr1k1/3n2b1/qp2p1p1/p1ppB1N1/3P2N1/2P1R2Q/PP3PP1/R5K1 b - -,d6d7 e5d5 d7e8 d5d4 c4c6 f6f5 e8f8 d4e4 c6a6 f2f4
6k1/5p1p/4b3/2p5/4P3/5NP1/7P/6K1 b - -,
6k1/7p/8/6p1/6K1/6Pr/8/8 b - -,h3h2 g4f5 g8g7 f5g5 h2a2 g5f5 a2a4 f5g5 a4a3 g5g4
r7/p4kpp/1n1qp3/2p2p2/5P2/1PQ1P3/P5PP/R1B3K1 b - -,d6d1 g1f2 a8d8 e3e4 f5e4 c1e3 d1h5 f2g1 d8d3 c3c5
2b4k/7p/1p3np1/p7/P4B2/1B3P1P/1P4P1/6K1 b - -,f6d7 g1f2 h8g7 f4c7 g7f6 b3c4 c8b7 b2b3 f6e7 h3h4
1r5k/2p3p1/1p1pR3/p7/2P5/4P1P1/P3P2P/5RK1 b - -,b8a8 e6e7 c7c6 e7b7 h8g8 b7b6 a8c8 g1h1 d6d5 c4d5
6k1/1p1q1rpp/6n1/pP3b2/1BB5/1Q6/6PP/3Rb2K b - -,e1b4 d1d7 f5d7 c4f7 g8f8 f7g6 h7g6 b3f3 f8e7 f3b7
6k1/2p2p1p/1pb1p1p1/4q3/1P5P/2P5/3Q1PP1/5BK1 b - -,e5f6 d2d4 e6e5 d4c4 f6d6 h4h5 e5e4 h5g6 h7g6 c4e2
2b4r/1p1p2p1/1BpP1pp1/8/1p2rPk1/1P1R2P1/P1P4P/3K3R b - -,g4h3 h1g1 h3g4 d3d2 h8h5 g1e1 e4e1 d1e1 h5b5 b6c7
8/6k1/8/5Kpp/7P/2b3P1/8/6R1 b - -,g5h4 g3h4 g7f7 f5g5 c3d2 g5h5 d2e3 g1e1 e3d2 e1f1
8/8/6p1/R4k2/8/5K2/7r/8 b - -,
r2q1rk1/1ppb1pp1/1pnp1n1p/4p3/2B1P2B/3P1N1P/PPP2PP1/R2QR1K1 b - -,d8e7 a2a4 g8h7 c2c3 d7e6 c4e6 f7e6 b2b4 e7f7 b4b5
5k2/R7/2r5/8/1p2N3/8/PPBK2P1/5b2 b - -,b4b3 c2b3 f1c4 a7a8 f8g7 b3c2 c6g6 g2g3 c4d5 a8a7
3r3k/1q3rp1/3R3p/1P3bN1/1p1b4/8/4QPPP/4R2K b - -,d8a8 g5f7 b7f7 d6d4 b4b3 b5b6 f7f8 b6b7 a8b8 e2b5
3r4/8/8/2K3k1/1p6/1B6/PPR3P1/8 b - -,d8b8 b3d5 b8c8 d5c6 b4b3 a2b3 g5f4 c2e2 f4f5 b3b4
4n3/p4k2/1p6/4PPR1/2Pp1N2/5b2/P7/1K6 b - -,f3c6 b1c2 c6e4 c2b2 a7a6 g5g6 e4f5 g6b6 f5c8 b6b8
8/8/6p1/6k1/6P1/5N1K/5b2/8 b - -,
8/8/p7/1p6/1P6/P2K1k2/8/8 b - -,g5f6 h3g2 f2a7 g2f1 f6e6 f1e2 e6d5 e2d3 a7f2 f3g5
1kb2Q2/p1p5/1p6/2P5/1P6/4p1P1/4q2P/R6K b - -,
6k1/2p2p1p/1pb1pqp1/8/1P1Q3P/2P5/5PP1/5BK1 b - -,e6e5 d4c4 f6d6 h4h5 e5e4 c4e2 d6e5 h5g6 h7g6 e2e3
r2q1rk1/1p1n1p1B/p1np4/3Np1b1/8/4B3/PPP4P/R2Q1RK1 b - -,g8h8 d1h5 g5e3 d5e3 d8g5 h5g5 f8g8 h7g8 a8g8 g5g8
rnbqkbnr/1p2pppp/2pp4/p7/B3P3/2P5/PP1P1PPP/RNBQK1NR b KQkq -,g7g6 a4c2 g8f6 g1f3 f8g7 e1h1 b7b5 f1e1 e8h8 d2d4
1r3rk1/pp1bqppp/1bn1pn2/8/1P1N4/PB2PN2/1B3PPP/R2Q1RK1 b - -,f8d8 d1e2 c6d4 f3d4 b8c8 f1c1 b6c7 h2h3 a7a6 c1c2
8/8/8/pq6/6K1/8/k1Q5/8 b - -,
r7/pb3k2/1p1Pq3/4N1Rr/5p2/2PQ3P/P4p1K/3R4 b - -,f7e8 d6d7 e8d8 g5h5 f2f1n h2g1 e6f6 g1f1 b7h1 h5h8
5rk1/p4pbp/bp5B/n2p4/6Q1/P7/5PPP/4K3 b - -,f8e8 e1d2 a5b3 d2c2 b3d4 c2c1 d4f5 h6g7 f5g7 g4d7
2r4r/bp1k1pp1/p2Pp3/Pq2PnQp/6PP/2B2N2/1P3P2/3R1RK1 b - -,b5c4 g4f5 c4g4 g5g4 h5g4 f3g5 h8h4 g5f7 c8g8 c3d4
4r1k1/5pp1/5n2/8/p5P1/2NR1PqP/P3PQ2/5K2 b - -,g3e5 f1g2 f6h7 f2d4 e5b8 d4a4 h7f8 a4b3 b8e5 b3d5
r1bq1rk1/1p1nbppp/p2p4/3Pp3/P1N5/4B3/1PPQ1PPP/R3KB1R b KQ -,a6a5 e1a1 f7f5 f2f3 d8c7 c4a3 d7c5 e3c5 c7c5 f1b5
r4rk1/1p1bbppp/pq2pn2/3pB3/4P3/P1NB4/1PP2PPP/R2Q1RK1 b - -,
4b1k1/1p4p1/3Qpp1p/qP6/2P2P1P/1K2N1P1/8/8 b - -,b7b6 d6e6 e8f7 e6c6 g8h7 e3d5 f7h5 d5c3 a5a7 c6d6
3r4/2p2pkp/2p1bp2/5N2/4PR2/3P4/2P3PP/7K b - -,g7f8 h1g1 c6c5 f5e3 d8d4 g1f2 c5c4 d3c4 f8g7 f2e2
8/2r3k1/3pB1p1/ppqPp1br/2P3R1/1P4Q1/P4P2/1KR5 b - -,c5d4 g4d4 e5d4 c1g1 b5c4 g3d6 c7b7 d6e5 g7h7 d5d6
r1bqk1nr/2pp1pp1/p1n4p/1pb1p3/1PB1P3/P1N2N1P/2PP1PP1/R1BQK2R b KQkq -,c5f2 e1f2 b5c4 d1f1 d7d6 f1c4 g8e7 d2d3 c8e6 c3d5
r1b1k2r/p3qp2/2p1p3/2N5/PppP1n2/5B2/1P3PPP/R2QK2R b KQkq -,e8f8 f3c6 a8b8 g2g3 e7d6 c6e4 f4h3 f2f4 c4c3 b2b3
7N/8/8/8/4k3/6K1/8/5B2 b - -,e4e3 h8g6 e3d2 g3f4 d2d1 f4e3 d1c2 e3d4 c2b3 f1a6
r1b1nr1k/p6P/2p1p3/1p2p3/5Q2/2N5/PPB3P1/2KR3R b - -,f8f4 g2g3 f4f6 c3e4 f6f8 h1f1 f8f1 d1f1 h8h7 e4f6
8/8/R4kp1/8/8/5K2/7r/8 b - -,
8/5pk1/5p1b/8/1R4P1/3R3P/5P2/N5K1 b - -,f6f7 f3g3 h2b2 a6a7 f7f8 g3f3 b2b3 f3f4 g6g5 f4f5
5bk1/4rp1p/p5p1/1p1RPnNq/1P6/6P1/1Q3B1P/3R2K1 b - -,h5g4 d5d8 g4g5 f2c5 h7h5 b2d2 g5d2 d1d2 e7e5 d8f8
r2q1r2/1p1n1p1k/p1np4/3Np1bQ/8/4B3/PPP4P/R4RK1 b - -,h7g7 e3g5 f7f6 g5h6 g7h8 h6f8 h8g8 d5f6 d7f6 h5g6
3r4/2p2pkp/2p2p2/5R2/4P3/3P4/2P3PP/7K b - -,d8e8 g2g4 e8e5 h1g2 e5f5 g4f5 g7h6 g2f3 h6g5 d3d4
3r1k2/pp3p2/2p2Q1p/1B6/P4p2/1K6/RP1q4/6R1 b - -,f4f3 f6h8 f8e7 h8e5 e7d7 a2a1 d7c8 g1d1 d2d1 a1d1
r2qkb1r/pp3ppp/2n2nb1/1BppN3/3P2P1/2N1P2P/PP3P2/R1BQK2R b KQkq -,d8c7 d1a4 a8c8 g4g5 f6d7 e5g6 h7g6 c3d5 c7d8 h3h4
r2q1rk1/pp2bpp1/7p/2np4/4n1bB/2N1PN2/PP2BPPP/2RQ1RK1 b - -,e7h4 f3h4 e4c3 c1c3 g4e2 d1e2 c5e4 h4f5 d8f6 g2g4
2R5/5kp1/8/4P2p/4r3/2p5/r1P3PP/2R3K1 b - -,e4e5 c8c3 f7g8 g1f2 e5f5 f2e3 f5g5 g2g3 h5h4 e3f4
4r1k1/5pp1/5n2/8/p5P1/2NR1P1q/P3P1Q1/5K2 b - -,h3h6 g4g5 h6g6 g5f6 g6f6 g2g4 f6h6 g4a4 e8b8 c3d1
r1b1nrk1/p7/2p1p1p1/1p2P3/5Q2/2N5/PPB3P1/2KR3R b - -,f8f4 g2g3 f4f5 c2f5 e6f5 d1d8 c8b7 d8a8 b7a8 h1d1
r2r2k1/pp2bppp/2p2p2/8/5P2/4BP1P/PPP5/2K3RR b - -,d8e8 g1d1 e7d6 d1d6 e8e3 h1d1 h7h5 d1d3 a8e8 a2a4
r7/p4kpp/1n2p3/2p2p2/5P2/1PQ1P3/P4KPP/R1Bq4 b - -,a8d8 e3e4 f5e4 c1e3 d1h5 f2g1 d8d5 a1e1 h7h6 c3c2
8/6k1/6p1/8/8/5K2/7r/R7 b - -,
6k1/p3rq1p/1pn2p2/3p2p1/3P4/P1PP1PBP/Q4P2/1R4K1 b - -,
1r6/8/8/2K3k1/1pR5/1B6/PP4P1/8 b - -,g5f6 c4c2 f6f5 c2f2 f5g4 f2e2 g4g3 b3d5 g3h2 b2b3
2r1rk2/1p3pp1/p6p/4nN2/4n3/1B5P/PP3P1P/1K1R2R1 b - -,e5f3 g1g7 f3d2 b1a1 d2b3 a2b3 c8c5 g7f7 f8f7 f5h6
r5k1/1pp2pp1/p6p/P1qn3P/2B1R3/5Q2/1P3PP1/6K1 b - -,d5f6 e4h4 c7c6 f3b3 c5e7 h4h3 a8d8 h3e3 e7c7 g2g3
r1b1rnk1/p3qppp/4p3/2ppN3/5P2/bPBBP3/2P3PP/R2Q1RK1 b - -,a3b4 e5c6 e7b7 c6b4 c5b4 c3d4 a7a5 d1h5 b7e7 f1f3
3R1bk1/4rp1p/p5p1/1p2nnNq/1P3P2/6P1/1Q3B1P/3R2K1 b - -,f7f6 f2c5 e5f3 g5f3 h5f3 b2f6 e7e8 d8e8 f3d1 g1g2
6k1/7p/8/6K1/8/6P1/8/7r b - -,h1g1 g5f4 g8g7 g3g4 g7g6 f4f3 g6g5 f3e4 g1g4 e4e5
6k1/5pp1/8/p1p3qn/2P1P1Pp/7P/P3PQ2/3R2K1 b - -,h5f4 g1h1 f4e6 f2f5 g5e7 d1b1 e7c7 e4e5 a5a4 f5e4
2r2rk1/1pqnbp1p/p3pnp1/2ppN3/3P1P2/1PPQP2R/PB1N2PP/R5K1 b - -,b7b5 a1f1 c7a5 d3b1 d7e5 f4e5 f6g4 a2a3 e7g5 b1e1
6rk/ppp2qrp/2n1pb2/2P3P1/3P1P2/P2QPN2/1P5R/2K4R b - -,f6e7 d3c3 f7f5 d4d5 e6d5 h2h7 f5h7 h1h7 h8h7 c3b3
r3rk2/1p3pbp/2bp2N1/q1n5/p1P1P3/P3BP2/1P1Q2PP/1R1B1RK1 b - -,f7g6 d2d6 f8g8 d6c5 a5c5 e3c5 g6g5 d1e2 e8e6 f1d1
8/8/4kP1R/6K1/p7/8/8/r7 b - -,
r2q1r2/1p1n1pk1/p1np4/3Np1BQ/8/8/PPP4P/R4RK1 b - -,a1g1 g5f4 g1a1 f4g5 a1f1 h6h2 f1f5 g5g4 e6f6 h2a2
r1b1rnk1/p3qppp/4p3/2ppN3/1b3P2/1P1BP3/1BP3PP/R2Q1RK1 b - -,c5c4 b3c4 d5c4 e5c4 c8b7 c4a5 b4c5 d1e1 a8c8 a5b7
rn1qkb1r/ppp2ppp/4p3/3p3b/3PNB2/4PN1P/PPP2PP1/R2QKB1R b KQkq -,d5e4 g2g4 h5g6 f3e5 b8d7 e5g6 h7g6 g4g5 f8d6 d1g4
r2q1rk1/1ppb1pp1/1p1p1n1p/n3p3/4P2B/1B1P1N1P/PPP2PP1/R2QR1K1 b - -,d7c6 b3d5 g7g5 d5c6 a5c6 h4g3 d8d7 c2c3 f8e8 h3h4
6k1/5p1p/4b3/2p5/4P2N/3P4/6PP/6K1 b - -,f7f6 g1f2 c5c4 d3d4 c4c3 f2e3 e6c4 h4f5 c3c2 e3d2
8/8/6pk/8/6K1/8/7r/R7 b - -,
rnbqkb1r/1p3ppp/4pn2/2pp4/p2P4/PP1BPN2/1BP2PPP/RN1QK2R b KQkq -,a4b3 c2b3 b7b6 e1h1 f8e7 d1e2 e8h8 f1d1 c8a6 d3a6
6k1/7p/8/8/6K1/6P1/8/6r1 b - -,a4b3 c2b3 b7b6 e1h1 f8e7 d1e2 e8h8 f1d1 c8a6 d3a6
6k1/5p1p/8/5N2/2b1P3/8/6PP/6K1 b - -,c4d3 f5d6 g8g7 g1f2 g7g6 f2e3 d3f1 d6f5 g6g5 e3f3
4r1k1/p4pbp/bp5B/n2p4/6Q1/P7/5PPP/3K4 b - -,e8e1 d1e1 g8f8 g4g7 f8e7 g7e5 e7d7 e5d5 d7e7 d5a8
6k1/p3rq1p/1pn5/3p1p2/3P1PP1/P1PP2B1/Q4P2/1R4K1 b - -,f5g4 g3h4 e7e6 a3a4 f7f5 g1g2 h7h6 a2d2 g8f7 b1h1
r1b1k2r/1p1nbppp/1qn1p3/p2pP3/3P4/P2B1N1P/1P1N1PP1/R1BQ1RK1 b kq -,e8h8 f1e1 c6d4 f3d4 b6d4 d2f3 d4b6 c1e3 b6d8 d1c2
8/2r3k1/3pB1R1/ppqPp2r/2P5/1P4Q1/P4P2/1Kb5 b - -,e8h8 f1e1 c6d4 f3d4 b6d4 d2f3 d4b6 c1e3 b6d8 d1c2
r1bq1rk1/1p1nb1pp/p2p4/3Ppp2/P1N2P2/4B3/1PPQ2PP/R3KB1R b KQ -,e5f4 e3f4 d7f6 f1e2 c8d7 e1h1 f6e4 d2a5 d8a5 c4a5
r1b1nrk1/3pbppp/4p3/q5P1/3QP2P/4BP2/1PP1N3/2KR1B1R b - -,e8d6 e2c3 c8a6 e3f4 a6f1 f4d6 e7d6 d4d6 f1c4 h1e1
r4rk1/pb2bpp1/1q5p/8/4NP2/3Q4/PPP3PP/2KR3R b - -,a8d8 d3c4 d8b8 c4b3 b7e4 b3b6 b8b6 h1e1 f7f5 g2g4
8/5kp1/8/4r2p/8/2R5/r1P3PP/2R3K1 b - -,f7g8 g1f2 a2a4 c3e3 e5f5 f2e2 f5c5 g2g3 h5h4 e2d2
r2qk2r/1p3p1p/p1n1bp1b/3p4/3P4/1QN3P1/PP2NPBP/R3K2R b KQkq -,c6a5 b3d1 f6f5 e2c1 a5c4 e1h1 c4d2 f1e1 d2e4 d1h5
r4rk1/1p4p1/3q4/p1nPppQp/2P5/5P2/PP2B1PP/2R2RK1 b - -,a8e8 g5h5 d6b6 c1c2 c5e4 c4c5 e4c5 g1h1 b6d6 e2b5
4k1K1/4R1P1/8/8/8/8/8/r7 b - -,e8e7 g8h7 a1h1 h7g6 h1g1 g6f5 e7f7 f5e4 g1g7 e4d4
4k3/1Q1b2p1/6p1/pP6/1b6/8/6PP/7K b - -,b4d6 b7b6 e8e7 b6a5 d6e5 a5a3 e7f7 a3f3 f7e7 f3d5
4q3/5pK1/1p6/4N3/8/2Q3k1/8/8 b - -,b4d6 b7b6 e8e7 b6a5 d6e5 a5a3 e7f7 a3f3 f7e7 f3d5
3r1r1k/5BpN/2R4p/1q5Q/1p1b4/8/5PPP/5RK1 b - -,b5h5 f7h5 h8h7 h5g6 h7h8 g6c2 d8e8 g2g3 e8e2 g1h1
8/8/6pk/8/8/5K2/6r1/R7 b - -,
8/8/6p1/4N1Pk/6P1/7K/5b2/8 b - -,
r4rk1/1p1bbppp/pq2pn2/4B3/4N3/P2B4/1PP2PPP/R2Q1RK1 b - -,
2r2rk1/1pqnbp1p/p3pnp1/3pN3/3P1P2/1PPQ3R/PB1N2PP/R5K1 b - -,f6e8 a1f1 e8g7 d3e2 b7b5 e5d3 a6a5 g2g4 f7f5 g4g5
r1b1nr1k/p6P/2p1p3/1p6/4Np2/8/PPB3P1/2KR3R b - -,c8a6 e4g5 b5b4 g5f3 e8f6 f3e5 h8g7 d1d6 a6b7 e5g6
r5k1/2pn1ppp/2p5/5R2/4P3/3PB2P/2P3P1/7K b - -,a8a2 f5f2 f7f6 h1h2 c6c5 e3f4 c7c6 g2g4 h7h6 h2g2
r2q1rk1/1ppb1pp1/1p1p1n1p/4p3/4P2B/1P1P1N1P/1PP2PP1/R2QR1K1 b - -,a8a5 a1a5 b6a5 d3d4 e5d4 d1d4 d7c6 e1d1 d8e7 e4e5
r2q1rk1/1p3p1p/p1n1bp1b/3p4/3P4/1QN3P1/PP2NPBP/R4RK1 b - -,c6a5 b3d1 f6f5 f1e1 a8c8 c3a4 a5c4 a4c5 c4b2 d1b1
r1bq1rk1/ppp2ppp/2np1n2/2b3N1/2B1P2P/8/PPPP1PP1/RNBQK2R b KQ -,d6d5 d2d4 c6d4 c2c3 d5c4 c3d4 c5d4 d1c2 h7h6 g5f3
6k1/5p1p/4b3/8/3PP3/2p2N2/6PP/6K1 b - -,c3c2 g1f2 c2c1q d4d5 e6c8 e4e5 c1c2 f2g3 g8f8 g3f4
rn1r2k1/pp4bp/1q2pnp1/3p4/4PP2/1BN5/PPP3PP/R1BQK2R b KQ -,
rnbqk2r/ppp1bppp/4pn2/3p4/2PP3P/6P1/PP1BPPB1/RN1QK1NR b KQkq -,e8h8 g1f3 d5c4 d1c2 c7c5 d4c5 b8c6 e1h1 e6e5 d2c3
r4k2/pb6/1p1Pq3/4N2R/5p2/2PQ3P/P4p1K/3R4 b - -,e8h8 g1f3 d5c4 d1c2 c7c5 d4c5 b8c6 e1h1 e6e5 d2c3
1r6/8/5k2/2K5/1R6/1B6/PP4P1/8 b - -,b8c8 c5d4 f6e7 b3d5 c8c2 d5e4 c2c8 a2a4 e7d6 a4a5
r1b1kb1r/1p2pppp/p1q2n2/3pN3/5B2/4P3/P1PN1PPP/1R1Q1RK1 b kq -,c6c7 e5g6 c7c6 g6h8 c8f5 b1b2 g7g5 f4e5 b7b5 d2f3
8/8/6pk/6r1/5K2/8/8/R7 b - -,
8/p6p/5q1k/8/6Q1/6P1/P2rR1KP/8 b - -,d2e2 g4e2 f6c6 g2f2 c6f6 f2g1 f6b6 g1f1 b6c6 h2h4
r3qrk1/ppp2ppp/2nb1n2/3N4/3P4/PB2PQ2/1P3PPP/R1B1K2R b KQ -,e8e6 d5f6 e6f6 f3f6 g7f6 c1d2 a7a5 b3c2 a5a4 e1e2
5rk1/p2P1ppp/1p3n2/8/6PN/1P6/5P1P/3R2K1 b - -,g7g6 d7d8q f8d8 d1d8 g8g7 f2f3 a7a5 h4g2 b6b5 g2f4
2r1rk2/1p3pp1/p5Rp/5N2/4n3/1B3n1P/PP3P1P/1K1R4 b - -,f7g6 f5g3 f3d2 b1a1 e4f2 d1g1 f2h3 g1d1 h3f2 d1g1
3r1r1k/6pN/2R4p/7B/1p1b4/8/5PPP/5RK1 b - -,f8f5 h5g6 d4f2 g1h1 f5c5 c6e6 c5c8 g2g4 f2d4 g4g5
6R1/2r4k/3pB3/ppqPp2r/2P5/1P4Q1/P4P2/1Kb5 b - -,f8f5 h5g6 d4f2 g1h1 f5c5 c6e6 c5c8 g2g4 f2d4 g4g5
r1b1r1k1/2p1bpp1/p2p1qnp/np1Pp3/1P2P2P/2P1BNP1/P2N1PB1/R2QK2R b KQ -,e7d8 b4a5 c7c5 d5c6 d8a5 e1h1 g6e7 d1e2 e7c6 f1c1
r2q1rk1/1pp2pp1/1pnp1n1p/4p2b/N1B1P3/PP1P1N1P/2P2PP1/R2Q1RK1 b - -,h5f3 d1f3 b6b5 c4b5 c6d4 f3d1 d4b5 c2c3 c7c6 b3b4
r1bnqrk1/ppp1b1pp/3p1n2/3Pp1N1/2P5/5NP1/PP3PBP/R1BQR1K1 b - -,e8h5 d1c2 h7h6 g5e4 f6e4 e1e4 c8f5 f3e1 d8f7 c2e2
7N/8/8/8/8/4K3/1k2B3/8 b - -,b2c3 h8g6 c3c2 g6e7 c2b3 e7d5 b3c2 e2h5 c2b2 d5c7
rn1r2k1/pp4bp/1q2p1p1/8/4pP2/1B6/PPP1Q1PP/R1B1K2R b KQ -,
r1b2rk1/1p2qpp1/2p4p/p2n4/3B3Q/P3PR2/1P4PP/1B2R1K1 b - -,e7h4 f3g3 f7f6 b2b4 c8e6 b4a5 a8a5 b1a2 c6c5 e3e4
rn6/pp1Bkpbp/4p1p1/2pnP3/8/2N2N2/PPP2PPP/R2R2K1 b - -,d5c3 b2c3 b8d7 d1e1 a8c8 a1b1 c8c7 e1e4 c5c4 g2g3
2r5/8/5k2/8/1R1K4/1B6/PP4P1/8 b - -,c8c1 b4c4 c1f1 c4c2 f6e7 b3d5 e7d6 c2c6 d6e7 b2b4
3q1rk1/1ppb1pp1/1p1p1n1p/4p3/4P2B/1P1P1N1P/1PP2PP1/Q3R1K1 b - -,d7c6 a1d1 f8e8 e1e3 g8h7 b3b4 d8e7 d1e1 c6d7 d3d4
8/3b1kp1/3b2p1/QP6/8/8/6PP/7K b - -,d7f5 b5b6 f7e6 a5a4 g6g5 a4e8 e6f6 e8d8 f6e6 d8g5
r1bRn2k/p4r1P/2p1p3/1p6/4Np2/8/PPB3P1/2K4R b - -,c8a6 d8a8 f7f8 e4d6 a6b7 d6b7 h8g7 b7c5 f8h8 c5e6
1r3rk1/pp1bqppp/1b2pn2/8/1P1N4/PB2P3/1B3PPP/R2Q1RK1 b - -,a7a5 b4a5 b6a5 d1f3 f8c8 f1c1 d7e8 h2h3 h7h6 a3a4
3Rrbk1/5p1p/p5p1/1p2nnNq/1P3P2/1Q4P1/5B1P/3R2K1 b - -,e8e7 f2c5 a6a5 b3b2 h5d1 d8d1 e5c4 b2f6 c4d6 c5d6
8/7R/4kP2/6K1/8/p7/8/r7 b - -,a1g1 g5f4 a3a2 h7a7 a2a1q a7a1 g1a1 f6f7 a1f1 f4g3
3r2k1/p2P1ppp/1p3n2/6P1/7N/1P6/5P1P/3R2K1 b - -,d8d7 d1e1 d7d5 g5f6 g7f6 e1e8 g8g7 e8c8 a7a5 g1g2
rnbqk1nr/pp1p1ppp/2pb4/2PNp3/3P4/4P3/PP3PPP/R1BQKBNR b KQkq -,d6e7 d5e7 d8e7 g1f3 e5e4 f3d2 g8f6 d2c4 e8h8 b2b3
3r1r2/6pk/2R3Bp/8/1p1b4/8/5PPP/5RK1 b - -,h7h8 g6c2 d8e8 g2g3 e8e2 g1h1 d4f2 c2d1 e2d2 d1b3
8/6kp/8/8/8/5KP1/8/6r1 b - -,h7g8 g6c2 g8h8 g2g3 f8f2 f1f2 d8f8 g1h1 d4f2 c2b3
8/p6p/5q1k/8/8/6P1/P3Q1KP/8 b - -,f6f7 e2d2 h6g7 d2d4 g7g8 a2a4 h7h6 h2h4 h6h5 d4e4
r1r3k1/3q1ppp/pp2p3/3pN3/1n1P4/2R1P3/PP3PPP/1Q3RK1 b - -,d7a4 f1c1 c8c3 b2c3 b4c6 e5d7 a4b5 d7b6 a8b8 b1b5
4r1k1/p4pbp/1p5B/n2p4/8/P7/4QPPP/3K4 b - -,e8e2 d1e2 g7h6 h2h4 h6f8 g2g4 f8a3 g4g5 a3f8 h4h5
r1b1n1k1/p7/2p1p1PQ/1p2qr2/4N2R/8/PPB5/2K4R b - -,a7a6 h6d2 a8a7 d2d8 f5f8 d8c8 a7e7 c8d8 e7a7 h4h5
r2qkbnr/p1pp1ppp/np2p3/8/3PP3/8/PPP1QPPP/RNB1K1NR b KQkq -,a6b4 d4d5 d8c8 g1f3 c8a6 c2c4 e8a8 b1c3 f7f5 e1h1
8/5p2/3k1K2/5R2/r3p3/4P3/5P2/8 b - -,a4a1 f6f7 a1h1 f7f6 h1h2 f6g5 d6e6 f5f6 e6d5 g5g4
6k1/5p1p/3N4/8/4P3/3b4/6PP/6K1 b - -,d3b1 g1f2 g8g7 f2e3 f7f6 e3d4 g7g6 d6f5 g6g5 d4e3
r7/pp1nkpbp/4p1p1/2pNP3/8/5N2/PPP2PPP/R2R2K1 b - -,e6d5 d1d5 a8c8 b2b3 d7b6 d5d2 c5c4 a1d1 c8c5 g1f1
r1b1rnk1/p3q1pp/4pp2/1BppN3/1b3P2/1P2P3/1BP3PP/R2Q1RK1 b - -,f6e5 b5e8 e7e8 c2c3 b4c3 b2c3 d5d4 c3d2 c8b7 f4e5
1k1r3r/ppp2p2/2nbpn2/1P1q2pp/Q2P2b1/2P2N2/P2NBPPP/R1B1R1K1 b - -,c6e7 e2d3 d6f4 d2e4 f6e4 d3e4 d5d7 f3e5 f4e5 d4e5
4r1k1/5pp1/5n2/p1p5/2P2qPp/2NR1P1P/P3PQ2/5K2 b - -,f4h6 f2c5 h6c1 c3d1 c1c2 d1e3 c2a2 f1f2 a2a1 c5b5
8/p4n1p/4k3/2ppb3/1p5P/4NKP1/PP2R3/8 b - -,a7a5 b2b3 e5d4 e3c4 e6f6 c4a5 f7e5 f3f4 h7h5 e2d2
r2nr1k1/6b1/qp2p1p1/p1ppN1N1/3P4/2P1R2Q/PP3PP1/R5K1 b - -,a7a5 b2b3 e5d4 e3c4 e6f6 c4a5 f7e5 f3f4 h7h5 e2d2
3r2k1/p2n1ppp/1p6/5NP1/8/1P6/5P1P/3R2K1 b - -,
r1bqk2r/pp3p1p/2n1p1p1/2p3N1/8/2bP2P1/P3PPBP/1RBQ1RK1 b kq -,c3f6 g2c6 b7c6 g5e4 e8h8 d1c2 e6e5 c1h6 f8e8 c2c5
r1b1r1k1/2p1bpp1/p2p1qnp/1p1Pp1B1/1Pn1P2P/2P2NP1/P2N1PB1/R2QK2R b KQ -,g6h4 g5f6 h4g2 e1e2 e7f6 d2c4 b5c4 e2f1 g2f4 g3f4
r2qkb1r/ppp2ppp/2n2n2/3p1b2/3Pp3/PNN4P/1PP1PPP1/R1BQKB1R b KQkq -,a7a5 g2g4 f5e6 c1f4 a5a4 b3c5 f8c5 d4c5 e8h8 e2e3
2r1rk2/1p3pR1/p6p/5N2/4n3/1B3n1P/PP3P1P/1K1R4 b - -,f3d2 b1a1 d2b3 a2b3 c8c5 g7h7 c5f5 h7h6 f5f2 d1e1
3R1bk1/5p1p/p5p1/1p2nnNq/1P3P2/1Q4P1/5B1P/6K1 b - -,f5h4 g3h4 h7h6 f4e5 h6g5 e5e6 h5g4 b3g3 g4e4 g3e3
r4k1R/pb6/1p1Pq3/4N3/5p2/2PQ3P/P6K/3R1q2 b - -,f5h4 g3h4 h7h6 f4e5 h6g5 e5e6 h5g4 b3g3 g4e4 g3e3
r2q1rk1/1p1n1p1p/p1np4/3Np1b1/6Q1/3BB3/PPP4P/R4RK1 b - -,g8h8 e3g5 f8g8 f1f5 f7f6 d5f6 d7f6 f5f6 d8e7 g1h1
r2Rn2k/pb3r1P/2pNp3/1p6/5p2/8/PPB3P1/2K4R b - -,f7c7 d8e8 a8e8 d6e8 c7e7 e8f6 c6c5 h1d1 b7d5 f6d5
8/r4p2/3k1K2/4R3/4p3/4P3/5P2/8 b - -,a7a6 e5e4 d6d5 f6f5 d5d6 f2f4 d6d7 e4e5 a6g6 e5a5
8/8/5k2/8/2RK4/1B6/PP4P1/2r5 b - -,c1f1 c4c2 f1f5 b3d5 f6e7 b2b4 e7d6 c2c6 d6d7 c6g6
3r1k2/pp3p2/5Q1p/1P6/8/1K3p2/1P1q4/R5R1 b - -,d2e3 b3a2 e3e6 f6e6 f7e6 a1f1 d8d3 g1g3 f8e7 b5b6
8/8/KP1k4/8/PP6/4r3/8/8 b - -,
3r1r1k/6p1/2R4p/8/1p1b4/3B4/5PPP/5RK1 b - -,b4b3 g2g3 b3b2 d3b1 d8c8 c6d6 d4f6 g1g2 c8c1 b1g6
4r1k1/5pp1/5n2/2Q5/p4qP1/2NR1P1P/P3P3/5K2 b - -,f4g3 c5a5 g3h3 f1f2 f6h7 a5h5 h3h5 g4h5 h7f6 h5h6
r1b2rk1/1p2qpp1/2p4p/p2n4/7Q/P1B1P1R1/1P4PP/1B2R1K1 b - -,d5c3 h4e7 c3b1 e7f6 g7g6 e1b1 c8f5 f6f5 g8h7 f5f6
8/6kp/8/8/8/6P1/6K1/5r2 b - -,d5c3 h4e7 c3b1 e7f6 g7g6 e1b1 c8f5 f6f5 g8h7 f5f6
3q1rk1/1ppb1p2/1p1p1n1p/4p1p1/4P3/1P1P1NBP/1PP2PP1/Q3R1K1 b - -,g8h7 a1d1 f6e8 d3d4 f7f6 d1d2 d8e7 f3h2 e8g7 f2f3
2k1r3/p6p/3np1p1/2qpQ3/2p1P3/1PP5/P2N2PP/5R1K b - -,c8d7 f1d1 c4b3 a2b3 d7c8 d1a1 c5c7 e4d5 e6d5 e5d5
3r2k1/p2nNp1p/1p4p1/6P1/8/1P6/5P1P/3R2K1 b - -,g8f8 e7c6 d8c8 d1d7 c8c6 d7a7 c6c3 b3b4 c3c4 a7b7
rnbq1rk1/pp2ppbp/6p1/2ppN2B/5P2/1P2P3/PBPP2PP/RN1QK2R b KQ -,a7a6 h5g4 c8g4 d1g4 d8c7 e1h1 b8c6 g4f3 a8d8 a2a4
r2qkbnr/pp3ppp/2n1p3/2PpP3/2P5/5B2/PP3PPP/RNBQK2R b KQkq -,
2r2rk1/1pq1bp1p/p3pnp1/3pP3/3P4/1PPQ3R/PB1N2PP/R5K1 b - -,f6g4 a1f1 f7f5 e5f6 g4f6 c3c4 e7d6 d3e2 c8e8 e2e3
r1bq1rk1/1p1nb1pp/p2p4/3P1p2/P1N2B2/8/1PPQ2PP/R3KB1R b KQ -,d7e5 e1a1 e5c4 f1c4 b7b5 c4b3 b5a4 b3a4 a8b8 b2b3
4r1k1/5pp1/5n2/p1p5/2q3P1/2NR1P1P/P3P3/4Q1K1 b - -,c4d3 g1f1 d3d6 f1g2 f6d5 c3e4 d5f4 g2f1 e8e4 f3e4
3r1k2/p2n1p1p/1pN3p1/6P1/8/1P6/5P1P/3R2K1 b - -,d8e8 d1d7 e8e4 h2h3 a7a5 g1g2 e4e6 d7d8 f8g7 c6d4
8/p4k2/Qp4p1/2p1r1Pp/4ppqP/P7/1P3P2/4RK2 b - -,g4h3 f1e2 h3f3 e2d2 f3f2 e1e2 f2d4 d2c1 e4e3 e2h2
r4rk1/1p1bbppp/pq2p3/4B3/4B3/P7/1PP2PPP/R2Q1RK1 b - -,
r1b1r1k1/2p1bpp1/p2p1qn1/1p1Pp1P1/1Pn1P3/2P2NP1/P2N1PB1/R2QK2R b KQ -,f6f3 g2f3 c4b2 d1e2 e7g5 d2b3 b2c4 a2a4 c8b7 f3g4
2kr2n1/Q1p5/1p1p4/3Np2p/4P1b1/3N3q/PPP5/4KR2 b - -,h3e3 d5e3 c8d7 e3d5 d8c8 d5b6 d7e7 b6c8 g4c8 a7a8
r5k1/2pn2pp/2p2p2/8/4P3/3PB2P/2P3P1/5R1K b - -,c6c5 f1b1 a8a2 b1b7 a2c2 b7c7 d7e5 d3d4 e5c4 e3g1
1Q6/8/2k1K3/8/8/8/8/7b b - -,g8f7 e3f4 a8a2 f1c1 d7e5 f4e3 e5d7
r4qk1/1p3pp1/p1p4p/P2n3P/4R3/1Q6/1P3PP1/5BK1 b - -,a8b8 f1c4 f8d8 e4g4 d8c7 c4d5 c6d5 b3e3 c7d6 e3c3
r2Rn2k/pN2r2P/2p1p3/1p6/5p2/8/PPB3P1/2K4R b - -,b5b4 d8a8 b4b3 c2b3 e7h7 a8e8 h8g7 e8e7 g7g6 h1h7
2b4k/2b4p/1pN2np1/p7/P4p2/1B3P1P/1P4P1/2B3K1 b - -,c8d7 c6d4 c7e5 d4e6 f6h5 g1f2 d7e8 f2e2 b6b5 e2d3
4r1k1/5pp1/5n2/Q7/p5P1/2NR1PqP/P3P3/5K2 b - -,g3h3 f1f2 f6h7 a5h5 h3h5 g4h5 h7f6 h5h6 g7h6 c3a4
1r1r2k1/3qnppp/3pb3/1p1Np1bP/1P2P3/2P1N3/3QBPP1/R4RK1 b - -,e6d5 e4d5 d8f8 f1d1 d7c7 d2c2 g5e3 f2e3 g7g6 e3e4
3r1r1k/6p1/2R4p/8/3b4/1p1B2P1/5P1P/5RK1 b - -,d4a7 d3g6 d8d2 g1g2 a7f2 g2h3 f8b8 c6c3 b3b2 g6b1
r1bq1rk1/pp3p1p/2n1p1p1/2p5/4N3/2bP2P1/P3PPBP/1RBQ1RK1 b - -,c3d4 e2e3 d4g7 e4c5 d8c7 d1a4 a8b8 c1a3 f8d8 f1c1
8/8/5k2/8/3K4/1B6/PPR3P1/5r2 b - -,f6g5 d4c5 g5f4 b3d5 f4e3 b2b4 f1f4 c2c4 f4f8 b4b5
r7/pp1n1p1p/4k1p1/2pRN3/8/8/PPP2PPP/3R2K1 b - -,d7e5 f2f4 e5c6 d5c5 a8c8 f4f5 g6f5 d1e1 e6f6 e1f1
7k/2bb3p/1p3np1/p7/P2N1p2/1B3P1P/1P4P1/2B3K1 b - -,
rnbqk2r/1pp2ppp/p3pn2/3p4/1bPP1B2/2N1P3/PP2NPPP/R2QKB1R b KQkq -,d5c4 a2a3 b4e7 g2g4 e8h8 f1g2 f6g4 g2f3 f7f5 d1c2
2r1rk2/1p3pR1/p6p/5N2/4n3/1B5P/PP1n1P1P/K2R4 b - -,d2b3 a2b3 c8c5 g7h7 c5f5 h7h6 f5f2 d1e1 e8e7 h6h8
8/6kp/8/8/6P1/8/6K1/r7 b - -,e4g5 f2f4 d2b3 a2b3 c8c5 f4g5 c5f5 g5h6 e8e6 g7h7
2r2k2/N2n1p1p/1p4p1/6P1/8/1P6/5P1P/3R2K1 b - -,c8c5 d1d7 c5g5 g1h1 g5f5 d7d2 h7h6 a7c6 f5f3 b3b4
8/8/6p1/6Pk/6N1/7K/5bP1/8 b - -,
4r1k1/5pp1/5n2/Q7/p5P1/2NR1P1q/P3PK2/8 b - -,h3h6 a5a4 h6h2 f2e1 e8b8 e1d2 h2g1 d2c2 g1b6 a4a3
q6r/1p3kbp/3Q1np1/1B6/8/8/2P2PPP/5RK1 b - -,h8c8 d6b6 f7g8 b5e2 g8h8 f1d1 f6g8 g2g3 c8c6 b6b3
1Q6/4K3/2k5/3b4/8/8/8/8 b - -,g7f8 b5c4 f7g7 d6c7 g7h6 g2g4 b7b5 c7f4 h6g7 g4g5
5N2/7R/4k3/6K1/8/8/p7/5r2 b - -,f1f8 h7a7 f8f2 a7a5 e6d6 g5h5 d6c7 a5a6 c7b7 a6a3
4r1k1/5pp1/5n2/p1p5/2q3PQ/2NR1P1P/P3PK2/8 b - -,c4e6 h4g5 e6b6 f2g2 c5c4 d3d1 f6h7 g5d5 b6b4 c3e4
4r1k1/5pp1/5n2/p1Q5/2P3Pp/2NR1P1q/P3PK2/8 b - -,
r7/pp1R1p1p/4k1p1/2p1b3/8/5N2/PPP2PPP/3R2K1 b - -,b7b6 f3e5 e6e5 d7f7 h7h5 d1e1 e5d5 g1h1 g6g5 g2g3
3r1k2/pp2Qp2/7p/1P6/8/1K6/1P1q1p2/R5R1 b - -,f8e7 g1c1 d8d4 c1c7 e7e6 c7c3 d4b4 b3b4 d2b2 b4c4
r1b1kb1r/1p2pppp/p3qn2/4N3/2N2B2/4P3/P4PPP/1R1Q1RK1 b kq -,g7g6 c4b6 f8g7 d1a4 f6d7 b6a8 e8h8 a8c7 e6f5 g2g4
rnbq1rk1/p1p2pbp/4p3/8/2BP4/2P2N2/P4PPP/R1BQK2R b KQ -,b8d7 c1g5 d7f6 e1h1 c7c5 f3e5 c8b7 f1e1 c5d4 c3d4
r2qkbnr/pp3ppp/4p3/2PPn3/8/5B2/PP3PPP/RNBQK2R b KQkq -,
5k2/2rn1p1p/1p4p1/1N4P1/8/1P6/5P1P/3R2K1 b - -,c7c6 d1d7 c6c5 b5d6 c5g5 g1h1 g5d5 d7f7 f8g8 f7d7
3Nn2k/p3r2P/2p1p3/1p6/5p2/8/PPB3P1/2K4R b - -,e8d6 h1d1 d6e8 d8c6 e7h7 d1d8 h7h1 c1d2 h8g7 d8e8
4r1k1/5pp1/5n2/p1Q5/2P3Pp/2NR1P2/P3P2q/5K2 b - -,
8/8/8/p7/Q5K1/8/kq6/8 b - -,
8/8/5k2/3B4/3K4/8/PPR3P1/r7 b - -,a1d1 d4c5 f6e5 c2e2 e5f4 b2b4 d1c1 d5c4 c1f1 b4b5
8/p4k2/Qp4p1/2p1r1Pp/4pp1P/P6q/1P2KP2/4R3 b - -,h3f3 e2d2 f3f2 e1e2 f2d4 d2c2 e4e3 a6b7 e5e7 b7c6
2b5/1p1p2p1/1BpP1pp1/8/1p2rP2/3R2Pk/PPPK4/8 b - -,h3g4 a2a4 b4a3 d3a3 e4e6 a3d3 g6g5 f4g5 g4g5 d3d4
2kr2n1/Q1p5/1p1p4/3Np2p/4P1bq/3N4/PPP2R2/4K3 b - -,h3g4 a2a4 b4a3 d3a3 e4e6 a3d3 g6g5 f4g5 g4g5 d3d4
r3k2r/p2bqp2/2p5/2N5/PpQPBn2/8/1P3PPP/R3K2R b KQkq -,f7f5 g2g3 f4d5 e1h1 f5e4 a1e1 d7f5 c5e4 e8h8 c4c6
8/5kp1/1P1b2p1/Q4b2/8/8/6PP/7K b - -,f5e6 a5d2 d6e5 d2d8 e6f5 d8d5 f7f6 g2g3 f5e6 d5d8
4r1k1/5ppn/8/7Q/p5P1/2NR1P1q/P3PK2/8 b - -,h3h5 g4h5 h7f6 c3a4 e8a8 a4c3 f6h5 f2e3 a8e8 e3d2
r2r2k1/pp3ppp/2p2b2/5p2/5P1P/4BP2/PPP4R/2K3R1 b - -,h7h5 g1e1 d8d6 c2c3 a8e8 c1c2 d6e6 c2d2 f6d8 e3f2
rnbq1rk1/p3ppbp/2pp1np1/1p4B1/4P3/1BNP1N2/PPP2PPP/R2Q1RK1 b - -,a7a5 a2a3 h7h6 g5e3 b8d7 d3d4 a8b8 e4e5 d6e5 d4e5
3q1rk1/Qpp2p2/1p1pbn1p/4p1p1/4P3/1P1P1NBP/1PP2PP1/4R1K1 b - -,g5g4 h3g4 e6g4 f3h2 d8c8 h2g4 f6g4 a7a4 f7f5 e4f5
7k/3b4/1p3n1p/p3b1p1/P7/1B3PNP/1P3K2/2B5 b - -,d7h3 c1e3 f6d7 b3c2 d7c5 b2b4 a5b4 a4a5 b4b3 c2b1
5r2/R7/4k3/6K1/8/8/p7/8 b - -,f8f2 a7a5 e6d6 g5h5 d6c6 h5g6 c6b6 a5a4 b6c5 a4a3
r2qkbnr/pp3ppp/4p3/2PP4/8/5Q2/PP3PPP/RNB1K2R b KQkq -,d8d5 f3d5 e6d5 c1e3 e8a8 b1a3 d5d4 e3d2 g8f6 a1c1
2Q1nk1r/p2Rqp1p/4p1p1/8/2P5/6P1/P3PP1P/6K1 b - -,e7d7 c8d7 e8f6 d7b7 f8g7 c4c5 h8e8 c5c6 f6d5 b7a7
5r1k/b5p1/2R3Bp/8/8/1p4P1/3r1PKP/5R2 b - -,a7f2 g2h3 f8b8 c6c3 b3b2 g6b1 d2e2 f1d1 h8g8 b1a2
4r1k1/5ppn/8/7P/p7/2NR1P2/P3PK2/8 b - -,h7f6 c3a4 e8a8 a4c3 f6h5 f2e3 a8e8 e3d2 h5f4 d3d6
7k/3b4/1p3n1p/p5p1/P7/1B3PKP/1P6/2B5 b - -,h8g7 b3c2 f6d5 c1d2 d5b4 d2c3 g7f7 c2b3 f7g6 c3d4
rnbqk2r/pppnbppp/4p3/3pP3/3P3P/2NB4/PPP1NPP1/R1BQK2R b KQkq -,c7c5 d3b5 e8h8 b5d7 c8d7 h4h5 h7h6 d1d3 b8c6 d3g3
6rk/ppp2qrp/2n1p3/2P3P1/3P1P2/P2Q1N2/1P5R/2K4R b - -,g8f8 h2h4 h8g8 d3b5 f7f5 b5b7 f5e4 f3e5 e4e3 c1b1
5nrk/p5p1/3qp2p/3p1r1P/3P1PR1/P1Q2N2/2P2P2/2K4R b - -,h8h7 c3d3 h7h8 h1h3 f5f4 f3e5 f4f5 h3e3 d6c7 g4h4
2r3k1/2q4p/p3P1p1/1p3p2/1B2p3/8/PPPQ2PP/2KR4 b - -,c8e8 d2d7 c7d7 e6d7 e8d8 b4a5 d8d7 d1d7 g6g5 a5c3
r1bqk2r/ppp2ppp/2np4/2b5/2B1P1n1/3P1N2/PPP2PPP/RNBQ1RK1 b kq -,c5b6 b1c3 g4e5 f3e5 c6e5 c4b3 c8g4 d1d2 e8h8 c3d5
5k2/3R1p1p/1p4p1/1Nr3P1/8/1P6/5P1P/6K1 b - -,f7f6 b5d4 c5g5 g1h1 h7h5 d7b7 g5g4 d4e6 f8g8 b7b6
r2q1rk1/6pp/n1p1pp2/N2B4/3P4/3b2P1/3QPP1P/R4RK1 b - -,
r1bqk2r/pp3pbp/2n1p1p1/2p5/4N3/3P2P1/P3PPBP/1RBQ1RK1 b kq -,a8b8 e4c5 e8h8 g2c6 d8c7 c6f3 c7c5 d1a4 f8d8 c1e3
r3k2r/p2bqp2/2p5/2N1p3/PpQP1n2/5B2/1P3PPP/R3K2R b KQkq -,e5e4 f3e4 f7f5 g2g3 f4d5 e1h1 f5e4 a1e1 d7f5 c5e4
8/7p/8/5k2/8/3K2PP/8/8 b - -,f5g5 d3e4 g5f6 e4d5 f6f5 d5d4 f5e6 d4d3 e6f5 d3e3
7k/p3r2P/2N1pn2/1p6/5p2/8/PPB3P1/2K4R b - -,e7d7 c6e5 d7h7 c2h7 f6h7 h1h6 h8g7 h6g6 g7f8 g6e6
8/8/5k2/2KB4/8/8/PPR3P1/3r4 b - -,f6e5 c2e2 e5f4 b2b4 d1c1 d5c4 f4g4 b4b5 c1b1 b5b6
8/R7/4k3/8/6K1/8/p4r2/8 b - -,e6d6 g4g3 f2b2 g3f4 d6d5 a7a4 d5c5 f4f5 c5b5 a4a8
r2q1rk1/1p1n3p/p1np1p2/3Np1b1/6QP/3BB3/PPP5/R4RK1 b - -,g8h8 h4g5 e5e4 d3e4 f8f7 g5g6 d7e5 g4h3 e5g6 g1h1
r4rk1/3pbppp/3np3/q5P1/3QP2P/2NRBP2/1PP5/2K4R b - -,f8c8 e3d2 d6c4 c3b1 a5a2 d3b3 e7d6 f3f4 c4d2 c1d2
r2q1rk1/1p3p1p/p1n1bp1b/3N4/3P4/1Q4P1/PP2NPBP/R3K2R b KQ -,a8c8 e1h1 c6a5 b3f3 d8d5 f3d5 e6d5 g2d5 c8c2 b2b4
1r2r1k1/pb2qpp1/1ppn4/3p4/3P1nPp/1P3P2/PBQ1PN1P/2R1RBK1 b - -,a7a6 a2a4 b8d8 e2e3 f4e6 f2d3 a6a5 d3f4 e6g5 f1g2
5r1k/6p1/2R3Bp/8/8/1p4PK/3r1b1P/5R2 b - -,f8b8 c6c3 b3b2 g6b1 d2e2 f1d1 h8g8 b1a2 g8f8 c3c7
8/p4k2/Qp4p1/2p1r1Pp/4pp1P/P4q2/1P3P2/4RK2 b - -,h8g8 c6c3 b3b2 c3b3 f8d8 b3b7 f2d4 f1f7 d4f6 b7b5
3r1k2/pp3p2/3Q3p/1P6/8/1K6/1P1q1p2/R5R1 b - -,h8g8 c6c3 b3b2 c3b3 f8d8 b3b7 f2d4 f1f7 d4f6 b7b5
2r3k1/7p/p3P1p1/1p3p2/1B2p3/8/PPQ3PP/2KR4 b - -,h8g8 c6c3 b3b2 c3b3 f8d8 b3b7 f2d4 f1f7 d4f6 b7b5
r1bqk2r/ppp2pp1/2np4/2b4p/2B1P1n1/2PP1N2/PP3PPP/RNBQ1RK1 b kq -,c8e6 c4e6 f7e6 d3d4 c5b6 b1d2 e8h8 h2h3 g4f6 f3g5
r1q2r1k/pp4pp/6b1/Q7/2B5/5pP1/PP3P1P/2RR2K1 b - -,b7b6 a5a3 c8f5 h2h4 h7h6 c4f1 f8f7 d1d4 a8e8 a3c3
4r1k1/5pp1/5n2/7P/N7/3R1P2/P3PK2/8 b - -,e8a8 a4c3 f6h5 f2e3 a8a3 e3d4 h5f4 d3d2 g7g5 d4c4
7k/8/4B3/6N1/6K1/8/8/8 b - -,e8a8 a4c3 f6h5 f2e3 a8a3 e3d4 h5f4 d3d2 g7g5 d4c4
r5k1/pp1b2q1/2p4r/3p1R2/1P1Np3/P5p1/4P1Q1/3R1K2 b - -,h6h2 g2g1 d7f5 f1e1 f5g4 e1d2 g4e2 d1e1 e2c4 g1h2
2r3k1/5pp1/5n2/p1p5/5qP1/2NR1P1P/P3PQK1/8 b - -,f4c4 f2e3 c8e8 e3d2 a5a4 h3h4 c4e6 h4h5 e6e5 a2a3
6rk/ppp3rp/2n1p3/2P3P1/3P1q2/P2Q1N2/1P5R/1K5R b - -,f4f5 d3f5 e6f5 g5g6 g8e8 h2h7 g7h7 h1h7 h8g8 h7c7
7k/p6B/2N1pn2/1p6/5p2/8/PP4P1/2K4R b - -,f6g8 h7f5 h8g7 f5e6 a7a6 e6c8 b5b4 c6b4 a6a5 b4d5
8/R7/3k4/8/7K/8/p4r2/8 b - -,d6d5 h4g3 f2b2 a7a5 d5d4 g3f3 d4c3 a5a7 c3c4 f3e4
8/5p2/5pkb/3R4/1R4P1/7P/5P2/N5K1 b - -,d6d5 h4g3 f2b2 a7a5 d5d4 g3f3 d4c3 a5a7 c3c4 f3e4
rnbqk1nr/ppp1p2p/3p1bp1/8/3P1P2/4B3/PPP3PP/RN1QKBNR b KQkq -,c7c5 b1c3 c5d4 e3d4 b8c6 d4f6 g8f6 d1d2 d6d5 f1b5
5k2/3n1p1p/1p4p1/1Nr3P1/5P2/1P6/7P/3R2K1 b - -,c5b5 d1d7 b5b3 g1f2 b6b5 f4f5 g6f5 d7d5 b5b4 d5f5
5nrk/p5p1/3qp2p/3p3P/3P1R2/P1Q2N2/2P2P2/2K4R b - -,g7g5 f4f7 g8g7 f3e5 d6b8 f7g7 h8g7 f2f4 b8d8 h1g1
4r1k1/5pp1/5n2/p1pN4/2P2qPp/3R1P1P/P3PQ2/6K1 b - -,f6d5 c4d5 f4c1 g1g2 c5c4 d3d4 c1b2 e2e4 c4c3 d5d6
q4rk1/Qpp2p2/1p1pbn1p/4p1p1/4P3/1P1P1NBP/1PP2PP1/R5K1 b - -,a8e8 a7b7 e8b8 b7b8 f8b8 f3d2 f6h5 a1a7 b8c8 d2b1
3r1rk1/pp2q2p/1np2pp1/7n/P2PP1b1/1PNBQ3/4N1PP/4RRK1 b - -,f6f5 a4a5 b6d5 c3d5 c6d5 e4e5 g6g5 e3d2 f5f4 e1c1
r2q1rk1/3n1pbp/pp1p2p1/2pP4/P3PPn1/2N2QN1/1P4PP/R1B2RK1 b - -,g7d4 f1f2 d4f2 g1h1 d8h4 h2h3 h4g3 f3g3 f2g3 h3g4
r1bq1bkr/ppp1n1pp/8/3p2B1/8/2P1QN2/P1P2PPP/R3R1K1 b - -,d8e8 g5e7 c8g4 f3d4 c7c5 d4b3 b7b6 e7c5 e8e3 c5e3
8/8/8/2KBk3/8/8/PP2R1P1/3r4 b - -,e5f6 b2b4 f6g5 b4b5 d1c1 d5c4 c1b1 b5b6 g5h5 e2c2
5k2/3R1p1p/1p4p1/1r4P1/5P2/1P6/7P/6K1 b - -,b5b3 g1f2 b6b5 f4f5 g6f5 d7d5 b5b4 d5f5 b3h3 f2g2
r1b1k2r/pp2qpbp/2n1p1p1/2p5/4N3/B2P2P1/P3PPBP/1R1Q1RK1 b kq -,b7b6 e4f6 e8f8 g2c6 a8b8 f6e4 e7c7 d1a4 f8g8 f1c1
r5k1/5pp1/5n2/7P/8/2NR1P2/P3PK2/8 b - -,f6h5 f2e3 a8e8 e3d2 h5f4 d3d6 g8f8 a2a4 e8a8 d6b6
r5k1/pp4q1/2p4r/3p1N2/1P2p3/P5p1/4P1Q1/3R1K2 b - -,f6h5 f2e3 a8e8 e3d2 h5f4 d3d6 g8f8 a2a4 e8a8 d6b6
r1b1k2r/p3qp2/2p1p3/3n4/PppPN3/5B2/1P3PPP/R2QK2R b KQkq -,f7f5 e4d2 c4c3 b2c3 b4c3 d2c4 c8a6 c4e5 e7d6 f3h5
r2qk1nr/pp3ppp/4P3/2b5/8/5Q2/PP3PPP/RNB1K2R b KQkq -,d8f6 e6f7 f6f7 f3e2 f7e7 b1c3 g8f6 e2e7 e8e7 c1f4
r2q1rk1/3n1p1p/pp1p2p1/2pP4/P2bPPn1/2N2QN1/1P4PP/R1B2R1K b - -,g4h2 f3d1 d8h4 g3f5 g6f5 d1e1 h4e1 f1e1 h2g4 e4e5
8/6kp/8/6P1/8/r7/6K1/8 b - -,g4h2 f3d1 d8h4 g3f5 g6f5 d1e1 h4e1 f1e1 h2g4 e4e5
r1bq1rk1/pp1nppbp/2n3p1/8/2Pp4/1P1P1NP1/P1N2PBP/R1BQR1K1 b - -,a7a6 a2a4 a6a5 c1a3 f8e8 b3b4 a5b4 c2b4 h7h6 b4c6
8/7p/8/4k3/8/4K1PP/8/8 b - -,e5f6 e3e4 f6e6 g3g4 e6f6 e4f4 f6g6 h3h4 g6f6 g4g5
r1q2r1k/pp3bpp/B7/Q7/8/5pP1/PP3P1P/2RR2K1 b - -,c8h3 a6f1 b7b6 a5a6 h3f5 d1d4 f7g8 b2b3 f8f7 h2h4
4r1k1/5ppn/8/8/Q5P1/2NR1P2/P3P2q/4K3 b - -,h2g1 e1d2 e8b8 d2c2 h7f8 d3d1 g1e3 a4d4 e3e7 d4d6
4q3/5pK1/1p6/4N3/8/8/3Q3k/8 b - -,h2g1 e1d2 e8b8 d2c2 h7f8 d3d1 g1e3 a4d4 e3e7 d4d6
5nrk/p5p1/4p2p/3p3P/3P1q2/P3QN2/2P2P2/2K4R b - -,f4f6 f3e5 h8h7 h1h3 f6f5 h3f3 f5g5 e3g5 h6g5 a3a4
1r5k/6p1/7p/8/8/2R3PK/1p1r1b1P/1B3R2 b - -,d2e2 f1d1 h8g8 b1a2 g8f8 c3f3 f8e8 a2f7 e8e7 f7g6
r4qk1/1pp1npp1/p6p/P2b3r/4N1Q1/R7/1P3PP1/4RBK1 b - -,h5f5 a3h3 d5e6 h3h6 e7g6 h6g6 f7g6 g4g6 f8f7 g6g3
5rk1/1p3pp1/p2p3p/P2P1Q2/1P4Pq/3B3P/2P3K1/8 b - -,g7g6 f5e4 h4f6 g2g3 g8g7 h3h4 f8c8 h4h5 g6h5 g4h5
rnbqkbnr/pp1p1p1p/2p5/6p1/2B1Pp1P/2N5/PPPP2P1/R1BQK1NR b KQkq -,d8e7 d1e2 b7b5 c4b3 a7a5 a2a4 b5b4 c3d1 f7f6 d2d3
r5k1/5pp1/8/7n/8/2NRKP2/P3P3/8 b - -,a8e8 e3d2 h5f4 d3d6 g8f8 a2a4 e8a8 d6b6 f8e8 b6b5
rnb1kb1r/ppp2ppp/4qn2/4N3/3PNB2/3B3P/PPP2PP1/R2Q1RK1 b kq -,f6e4 d3e4 f8d6 d1h5 b8d7 e4f5 e6e7 e5d7 g7g6 f4d6
8/8/5k2/2KB4/1P6/8/P3R1P1/3r4 b - -,d1a1 d5c4 f6g7 b4b5 g7h8 b5b6 h8g7 b6b7 a1b1 c4b5
6rk/p2n2p1/4p2p/3p3P/3P4/P3PN2/2PK4/7R b - -,d7f6 d2d3 f6e4 h1c1 g8f8 f3d2 e4g3 c2c4 g3h5 c4c5
r1b1k2r/p3qpbp/1pn1p1p1/2N5/8/B2P2P1/P3PPBP/1R1Q1RK1 b kq -,e7c7 d1a4 e8h8 a4c6 c7c6 g2c6 a8b8 c5b3 c8a6 a3f8
8/7p/8/5k2/3K4/6PP/8/8 b - -,f5f6 d4e4 f6g6 e4e5 g6f7 e5f5 f7e7 f5g5 e7f7 g5h6
5r1k/1p5p/8/1p1Q2R1/5q2/1P3NR1/P1r2P2/5K2 b - -,c2c8 d5b7 f4f7 b7b5 f7f6 f1g2 c8e8 b5d3 e8a8 a2a4
1r5k/6p1/7p/8/8/2R3PK/1p2rb1P/1B1R4 b - -,h8g8 b1a2 g8f8 c3f3 f8e8 a2f7 e8e7 f7g6 e2e1 f3f7
3r1rk1/pp5p/1np2pp1/7n/Pq1PP1b1/1PN1Q3/2B1N1PP/4RRK1 b - -,d8e8 c3a2 b4d6 e2c3 b6d5 c3d5 c6d5 a2c3 d5e4 c2e4
r4qk1/1pp1npp1/p6p/P2b1r2/4N1Q1/R2B4/1P3PP1/4R1K1 b - -,a8d8 d3f1 d5e6 g4g3 e7c6 a3a4 f8e7 g3c3 f5d5 b2b3
rn1q1rk1/pb2bppp/1pp2n2/3p4/3P4/1PNBPN2/P4PPP/R1BQ1RK1 b - -,b8d7 f3e5 c6c5 c1b2 c5d4 e3d4 e7d6 f1e1 f8e8 c3b5
r2r2k1/pb2bpp1/1q5p/8/4NP2/8/PPP1Q1PP/2KR3R b - -,d8b8 e4c3 e7f6 c3b5 b7c6 d1d6 b6b5 e2b5 c6b5 h1e1
2r2r1k/ppR5/n5pp/3P1b2/2B4P/8/PB3PP1/R5K1 b - -,b7c6 c2c4 a8b8 d1d8 e7d8 c4c5 b6b4 a2a3 b4e4 e2e4
8/8/6p1/6Pk/8/5N1K/5bP1/8 b - -,b7c6 c2c4 a8b8 d1d8 e7d8 c4c5 b6b4 a2a3 b4e4 e2e4
r4rk1/pp2p1bp/5ppn/3q4/2B2Bb1/5P2/PP1N1P1P/R2QR1K1 b - -,d5e6 f3g4 e6c4 d2c4 e7e5 f4e3 g8h8 e3a7 f6f5 a7c5
b7/8/3K4/8/3k1Q2/8/8/8 b - -,d5e6 f3g4 e6c4 d2c4 e7e5 f4e3 g8h8 e3a7 f6f5 a7c5
r2q1rk1/1pp2pp1/2np1n1p/1p2p2b/2B1P3/PPNP1N1P/2P2PP1/R2Q1RK1 b - -,b5c4 d3c4 f6h7 d1d3 h5g6 a3a4 f7f5 e4f5 g6f5 d3d2
r3kb1r/pp1b1ppp/2n1p2B/3pP3/3P4/P2B1N2/1q1N1PPP/R2QK2R b KQkq -,g7h6 e1h1 c6d4 f3d4 b2d4 d2f3 d4a4 d1d2 a8c8 h2h3
8/8/8/3k4/R7/6K1/pr6/8 b - -,d5c5 g3f3 c5b5 a4a8 b5b4 f3e3 b4c3 a8a3 c3c2 e3e4
r1b2k1r/ppppn1pp/2n5/8/2Q1P2q/2N2N2/PP3PPP/R1B1K2R b KQ -,h4h5 e1h1 d7d6 c1g5 c8g4 g5e7 c6e7 f3d4 h5c5 c4d3
rnb1kbnr/pp1pqp1p/2p5/6P1/2B1Pp2/2N5/PPPP2P1/R1BQK1NR b KQkq -,d7d5 c4b3 e7g5 e4d5 g5g2 d1f3 g2g3 e1f1 c8g4 f3e4
1r4k1/5ppn/8/8/Q5P1/2N2P2/P3P2q/3RK3 b - -,b8c8 d1d3 h7g5 a4a6 h2g3 e1d2 g3b8 a6b5 b8f4 d2d1
r3kbnr/pp3ppp/4p3/2PQ4/8/8/PP3PPP/RNB1K2R b KQkq -,e6d5 c1e3 e8a8 b1a3 d5d4 e3d2 g8f6 a1c1 d8e8 e1d1
8/7p/4k3/8/3K2P1/7P/8/8 b - -,e6e7 d4e5 e7f8 e5f6 f8g8 f6e7 g8g7 h3h4 g7g8 e7e6
8/8/5k2/1PKB4/8/8/P3R1P1/r7 b - -,a1b1 b5b6 b1c1 c5d6 c1c8 b6b7 c8h8 d6c5 h8b8 c5b6
2r3k1/5pp1/5n2/p7/2p2qP1/2NRQP1P/P3P1K1/8 b - -,c4d3 e3f4 c8c3 e2d3 c3c2 g2g3 c2a2 f4b8 g8h7 b8f8
rnbq1rk1/pp2ppbp/8/2ppN2Q/5P2/1P2P3/PBPP2PP/RN2K2R b KQ -,a7a5 e5d3 g7b2 d3b2 b8a6 b1c3 a6b4 e1h1 g8h8 f4f5
r1b1k2r/pp1nbppp/2pp1n2/q2Pp3/4P3/2N1BP2/PPPQ2PP/2KR1BNR b kq -,h7h5 c1b1 a7a6 d5c6 b7c6 f1c4 a8b8 g1h3 e8h8 h3g5
5rk1/pp4q1/2p4r/3p1N2/1P2p3/P5p1/4P1Q1/3RK3 b - -,h7h5 c1b1 a7a6 d5c6 b7c6 f1c4 a8b8 g1h3 e8h8 h3g5
8/5kP1/4p1R1/p7/P2p4/4r3/3K3P/8 b - -,
5rk1/Rpp2p2/1p1pbn1p/4p1p1/4P3/1P1P1NBP/1PP2PP1/6K1 b - -,f6d7 a7b7 f8c8 f3e1 c7c5 b7a7 d7b8 f2f3 b8c6 a7b7
3r1r1k/1q3Bp1/1R5p/1P3bN1/1p1b4/8/4QPPP/4R1K1 b - -,d4b6 f7c4 f5g6 g5f3 g6h5 e1f1 h5f3 g2f3 b7f3 e2f3
1r5k/6p1/7p/8/8/1R4PK/1p3b1P/1B1Rr3 b - -,e1e8 d1d3 f2g1 h3g4 e8c8 h2h4 h8g8 g4f5 c8c5 f5e4
8/8/8/2k5/R7/5K2/pr6/8 b - -,c5b5 a4a8 b5b4 f3e3 b4c3 a8a3 c3c2 e3e4 c2b1 e4d5
1R3b2/5p2/5pk1/3R4/6P1/7P/5P2/N5K1 b - -,c5b5 a4a8 b5b4 f3e3 b4c3 a8a3 c3c2 e3e4 c2b1 e4d5
r3k2r/ppq2p2/2b1p3/8/2PP2Rp/2P5/P1B2PPb/R1B1Q2K b kq -,e8a8 c2e4 c6e4 g4e4 d8g8 e1e2 h2g3 e4g4 g8g4 e2g4
r3kb1r/pp1b1p1p/2n1p2p/3pP3/3P4/PN1B1N2/1q3PPP/R2QK2R b KQkq -,b2c3 e1f1 a7a5 a1c1 c3b2 c1b1 b2a3 b1a1 a3b4 a1b1
1r4k1/5ppn/8/8/Q5P1/2N1RP2/P3P2q/4K3 b - -,h7f6 e1d2 b8b2 d2c1 b2b8 e3d3 h2c7 c1d2 b8c8 a4a3
8/8/1P3k2/2KB4/8/8/P3R1P1/1r6 b - -,b1c1 c5d6 c1c8 d5c6 c8d8 d6c5 f6g6 b6b7 g6h7 c5b6
r4rk1/pp2p1bp/5ppn/3q4/2B2Bb1/5N2/PP3PPP/R2QR1K1 b - -,a8d8 c4d5 e7e6 e1e6 g4e6 d5e6 g8h8 d1b3 b7b6 f4c7
rnb1kbnr/pp2qp1p/2p5/3p2P1/4Pp2/1BN5/PPPP2P1/R1BQK1NR b KQkq -,e7g5 d2d4 g5g2 d1f3 g2g3 e1f1 f8d6 e4d5 c8f5 c1d2
2r1r1k1/pb2qpp1/1ppn4/8/3PPnPp/1P6/PBQ2N1P/2R1RBK1 b - -,a7a6 a2a4 e8d8 c1d1 d6e8 c2c1 f4e6 c1e3 e8c7 b2c1
r3kbnr/pp3ppp/8/2Pp4/8/4B3/PP3PPP/RN2K2R b KQkq -,e8a8 b1a3 d5d4 e3d2 g8f6 a1c1 d8e8 e1d1 f6e4 h1f1
R4r1k/p4bpp/B7/p7/8/5pP1/PP3P1P/3R2K1 b - -,f8g8 a8g8 f7g8 d1d8 g7g6 a6c4 h8g7 d8g8 g7f6 g8a8
4r2k/5rpb/2R1N2p/1P6/1p6/8/4R1PP/6K1 b - -,h7d3 e2e1 b4b3 h2h3 b3b2 b5b6 f7e7 g1h2 d3f5 g2g4
4q3/5pK1/1p6/4N3/8/4Q1k1/8/8 b - -,h7g8 c6c2 b4b3 c2b2 f7f5 e6d4 e8e2 b2e2 f5f4 e2d2
1qr3k1/5pp1/5n2/p7/2p3P1/2N1QP1P/P2RP1K1/8 b - -,c8f8 d2d4 f8e8 e3d2 b8b4 h3h4 a5a4 d4d6 a4a3 d2d4
2r2rk1/ppR5/n2P2pp/5b2/2B4P/8/PB3PP1/R5K1 b - -,c8f8 d2d4 f8e8 e3d2 b8b4 h3h4 a5a4 d4d6 a4a3 d2d4
3r1k2/pp3p2/5Q1p/1P6/8/1K6/1P1q1pR1/R7 b - -,d8d3 b3a4 d3d4 f6d4 d2d4 a4a3 d4d3 a3a4 d3e4 a4a3
r2q1rk1/3n1p1p/pp1p2p1/2pP1N2/P2bPP2/2N2Q2/1P4Pn/R1B2R1K b - -,h2f3 f5h6 g8g7 g2f3 g7h6 c3e2 h6g7 e2d4 c5d4 h1g2
2r3k1/2pn1ppp/2p1b3/8/4P2N/2BP4/2P3PP/5R1K b - -,c8b8 h1g1 c6c5 h4f3 b8a8 f1a1 a8a1 c3a1 c5c4 d3d4
r2r2k1/1p1bbppp/pq2p3/4B3/4B3/P4Q2/1PP2PPP/R4RK1 b - -,f7f6 e5c3 d7c6 e4c6 b6c6 f3c6 b7c6 f1e1 g8f7 e1e4
r1bqkb1r/pp3ppp/2np1p2/2p5/4P3/2NP4/PPP1BPPP/R2QK1NR b KQkq -,f6f5 h2h4 f8e7 c3d5 e7h4 h1h4 d8h4 d5c7 e8d8 c7a8
r1r3k1/3n1ppp/p3pn2/q1p2b2/2BP1B2/PQ2PN2/5PPP/2RR2K1 b - -,f5e4 d4c5 d7c5 b3b2 c5a4 b2a1 f6d5 f4e5 f7f6 e5d4
R7/8/8/1k6/8/5K2/pr6/8 b - -,b5b4 f3e3 b4c3 a8a3 c3c2 e3e4 c2b1 e4d5 a2a1q a3a1
r7/p2nkp1p/6p1/1p6/8/4R3/PPP2PPP/3R2K1 b - -,e7f8 d1d7 a7a5 d7d1 f8g7 a2a3 a8c8 c2c3 h7h5 g1h1
8/8/1P1K1k2/3B4/8/8/P3R1P1/2r5 b - -,e7f8 d1d7 a7a5 d7d1 f8g7 a2a3 a8c8 c2c3 h7h5 g1h1
6k1/5p1p/8/4P3/2pP3N/8/2b3PP/7K b - -,c2e4 h1g1 c4c3 g1f2 c3c2 f2e3 c2c1q e3e4 c1e1 e4f3
4k3/1R1bq3/4N3/1p1PQ1p1/4P2p/7P/P5PK/5r2 b - -,c2e4 h1g1 c4c3 g1f2 c3c2 f2e3 c2c1q e3e4 c1e1 e4f3
2r2rk1/1pqnbp1p/p3p1p1/3pP3/3P4/1PPQ3R/PB1N2PP/5RK1 b - -,c7c6 d2f3 f7f5 e5f6 f8f6 d3e3 c6c7 e3e2 e7d6 f1e1
r4rk1/1ppq1ppp/2n5/p1b5/2PNP1b1/PP6/1B2BPPP/R2Q1RK1 b - -,a8d8 d4c6 d7c6 d1c2 g4e2 c2e2 f8e8 e4e5 f7f6 a1d1
R7/8/8/8/1k2K3/8/pr6/8 b - -,b2h2 a8b8 b4c3 b8c8 c3b2 c8b8 b2c2 b8a8 c2b1 a8a3
4r1k1/5pp1/5n2/p1p5/2P1PQP1/2q2P1P/P7/2NR2K1 b - -,c3c4 f4d2 f6h7 g1f2 c4b5 c1e2 h7f8 e2f4 c5c4 d1c1
r1b2k1r/ppppn1pp/2n5/8/2Q1P1q1/2N2N2/PP3PPP/R1B2RK1 b - -,d7d6 h2h3 g4g6 c3d5 c8e6 f3g5 e6g8 c4b3 h7h6 b3b7
2r2rk1/pp3ppp/8/P7/3p1B2/5P2/1PbQ2PP/2KR1B1R b - -,d4d3 d2b4 c2a4 c1b1 a4c2 b1a2 c8d8 d1d3 c2d3 f1d3
4r1r1/1Qk2p2/p2qb2p/2N1R1p1/2pP4/1P5P/1P4P1/5RK1 b - -,d4d3 d2b4 c2a4 c1b1 a4c2 b1a2 c8d8 d1d3 c2d3 f1d3
r3kb1r/pp1b1p1p/2n1p2p/3pP3/3P4/PNqB1N2/5PPP/R2Q1K1R b kq -,a7a5 a1c1 c3b2 g2g3 a5a4 b3c5 f8c5 d4c5 c6a5 f1g2
2r3k1/2pn1ppp/4b3/8/2P1P2N/2B5/2P3PP/R6K b - -,c8b8 h4f5 f7f6 f5e3 d7c5 e4e5 c5e4 c3a5 b8a8 e5f6
r3k2r/ppq2p2/2b1p3/3P4/2P3R1/2P5/P1B2PKb/R1B1Q3 b kq -,c6d7 c1g5 h8g8 e1e2 c7e5 g5h4 g8h8 a1e1 e5e2 e1e2
2kr1b1r/pp3ppp/8/8/2P5/3b1K2/PP3BPP/RN5R b - -,f8b4 a2a3 b4a5 b1c3 d3c4 h1d1 c4b3 d1d4 a7a6 a1c1
q3k2r/1p4bp/3Q1np1/8/2B5/8/2P2PPP/5RK1 b - -,f6e4 f1e1 a8a5 e1e4 a5e5 e4e5 g7e5 d6e5 e8d7 c4b5
4r1k1/5pp1/5n2/p1p5/2P3PQ/3R1P1P/P3P3/2qN2K1 b - -,e8e2 d3d8 f6e8 h4g3 c1c4 f3f4 c4e6 g1f1 e2e4 g3f3
rnbqkbnr/2pppp1p/1p4p1/p3Q3/2B1P3/8/PPPP1PPP/RNB1K1NR b KQkq -,g8f6 e5f4 d7d5 e4d5 f8g7 b1c3 e8h8 g1f3 c8b7 e1h1
2r5/1P6/3K1k2/3B4/8/8/P3R1P1/8 b - -,g8f6 e5f4 d7d5 e4d5 f8g7 b1c3 e8h8 g1f3 c8b7 e1h1
r1b1nr2/p5k1/2p1p3/1p2P3/4B3/2N3P1/PP6/2KR3R b - -,g7g8 h1h6 c8b7 d1h1 e8g7 e4h7 g8f7 h7g6 f7e7 c3e4
4k3/8/7R/r2P4/4K3/8/8/8 b - -,e8d7 e4e5 a5a1 h6h7 d7c8 e5e6 a1e1 e6d6 e1g1 h7h8
1r4k1/Rpp2p2/1p1pbn1p/4p1p1/4P3/1P1P2BP/1PPN1PP1/6K1 b - -,g8f8 b3b4 f8e7 d2b1 f6h5 g3h2 h5g7 f2f3 f7f5 h2g3
r2qrnk1/1p3pbp/2p1pnp1/8/N2P1P2/1P4P1/1B3PBP/2RQR1K1 b - -,f8d7 d1e2 f6d5 c1a1 a8a5 e1c1 h7h5 h2h4 d8e7 a4c3
1r4k1/4Rpp1/8/6n1/Q5P1/2N2P2/P3P2q/4K3 b - -,b8b2 a4a8 g8h7 e1f1 b2c2 c3d1 h2h1 f1f2 h1d1 a8a3
R7/8/8/5K2/1k6/8/p5r1/8 b - -,b4b3 a8b8 b3c2 b8a8 c2b1 a8h8 g2b2 h8h1 b1c2 h1a1
r3kb1r/1p1b1p1p/2n1p2p/p2pP3/3P4/PNqB1N2/5PPP/2RQ1K1R b kq -,c3b2 c1b1 b2a3 b1a1 a3b4 a1b1 b7b6 b3c1 b4a3 g2g3
8/8/6p1/6Pk/3N4/6bK/6P1/8 b - -,c3b2 c1b1 b2a3 b1a1 a3b4 a1b1 b7b6 b3c1 b4a3 g2g3
6k1/1p6/3p2p1/p6p/2P2R2/1PK5/P1N1p2P/4R3 b - -,g8h7 e1e2 h7h6 c3d4 h6g5 f4f7 g5g4 c2e3 g4g5 f7b7
rnb2rk1/p4pbp/3p2p1/qBpP4/4NP2/5N2/PP1Q2PP/R1B1K2R b KQ -,a5b6 a2a4 a7a6 b5e2 f8e8 a4a5 b6c7 e4g3 c5c4 e1h1
r2q1rk1/pp2bpp1/7p/2np4/6bB/2R1PN2/PP2BPPP/3Q1RK1 b - -,c5e4 h4e7 e4c3 e7d8 c3d1 d8e7 d1b2 e7f8 g8f8 f1b1
rn2kb1r/ppp1ppp1/5nb1/q6P/2BP3P/2N2P2/PPP5/R1BQK1NR b KQkq -,h8h5 g1e2 b8c6 c1d2 a5b4 c4d5 f6d5 c3d5 b4d6 d5f4
4q3/5pK1/1p6/4N3/8/5Q2/6k1/8 b - -,f6h5 c1d2 a5b4 b2b3 e7e6 a2a3 b4e7 g1e2 b8c6 d2g5
3Rr1k1/pb2bpp1/1q5p/8/4NP2/8/PPP1Q1PP/2K4R b - -,e8d8 h1e1 e7b4 c2c3 b4f8 e4d2 b7d5 e2e3 b6e3 e1e3
r4rk1/1ppq1ppp/2n5/p7/2PbP1B1/PP6/1B3PPP/R2Q1RK1 b - -,d7e7 d1c2 e7e5 b2d4 c6d4 c2d3 f8e8 a1e1 a8d8 h2h3
1r2R1k1/5pp1/8/6n1/Q5P1/2N2P2/P3P2q/4K3 b - -,b8e8 a4e8 g8h7 e8b5 h2g3 e1d1 g5e6 b5b4 g3c7 a2a4
r4rk1/6pp/n1p1pp2/N2q4/3P4/3Q2P1/4PP1P/R4RK1 b - -,
3r1k2/pp3p2/5Q1p/1P6/8/1K6/1P1q2R1/5R2 b - -,d2d3 b3a2 d3d5 a2a1 d8e8 f6h8 f8e7 g2e2 e7d6 h8e8
3r1rk1/pp5p/1np2pp1/7n/Pq1PP3/1P2Q3/2B1N1PP/4RRK1 b - -,h5g7 g2g4 d8e8 e1d1 a7a5 g1h1 f8f7 e3f2 g7e6 h2h4
8/1p3R1k/3p2p1/p6p/2P5/1PK5/P1N1p2P/4R3 b - -,h5g7 g2g4 d8e8 e1d1 a7a5 g1h1 f8f7 e3f2 g7e6 h2h4
r3kb1r/1p1b1p1p/2n1p2p/p2pP3/3P4/PN1B1N2/1qR2PPP/3Q1K1R b kq -,b2b3 g2g3 b3a3 c2c1 c6b4 d3e2 a3a2 f1g2 f8e7 h2h4
3k4/8/4KR2/4P3/8/8/8/7r b - -,
1r2r2k/6p1/7p/8/8/1R1R2PK/1p3b1P/1B6 b - -,e8c8 h3g2 f2a7 g2h3 h8g8 b1a2 g8h7 a2b1 h7h8 b3a3
1r4k1/Rpp2p2/1p1pb2p/4p1pn/4P3/1P1P3P/1PPN1PPB/6K1 b - -,f7f6 d3d4 e5d4 d2f3 h5g7 f3d4 e6d7 g2g4 h6h5 f2f3
1r1r2k1/3q1pp1/7p/1p1bp2P/1P6/2PQ4/3RBPP1/R5K1 b - -,d5c6 d3d7 d8d7 d2d7 c6d7 a1a7 d7e8 g1f1 g8f8 f1e1
1R6/8/8/5K2/8/1k6/p5r1/8 b - -,b3c2 b8a8 c2b1 f5f4 g2h2 f4g4 a2a1q a8a1 b1a1 g4f4
r1q5/1p2k2p/1n1p2pB/p1p5/4bRP1/2Q4P/1P2B3/6K1 b - -,e7d8 f4e4 b6d5 c3g7 c8d7 g7g8 d8c7 g8d5 a5a4 e2f3
2r3k1/3n1ppp/4b3/2p2N2/2P1P3/2B5/2P3PP/R6K b - -,c8d8 f5g7 e6c4 h1g1 f7f6 g7h5 g8f7 a1a7 f7e6 g1f2
3r2k1/5p1p/8/2p1P3/2pP3N/2P3R1/2b3PP/7K b - -,g8f8 h4f3 c2e4 d4c5 d8d1 f3g1 d1e1 h2h4 e4c6 g3g4
7k/ppp1q1bp/6Q1/3pN3/3P4/2P4P/PP4P1/6K1 b - -,g7e5 g6g4 e5d6 g1f2 e7f7 f2e2 f7g6 g4g6 h7g6 e2f3
2kr1bnr/pp3ppp/8/2Pp4/8/2N1B3/PP3PPP/R3K2R b KQ -,d5d4 a1c1 d4c3 c1c3 g8e7 e1h1 e7d5 c3a3 a7a6 g2g3
r3kbnr/pbppqppp/1pn1p3/4P3/3P4/3B1N2/PPP2PPP/RNBQ1RK1 b kq -,f7f6 b1c3 e8a8 a2a4 a7a5 c3e4 f6f5 e4g3 h7h6 c2c3
r1bq1rk1/1p1n2pp/p2B1b2/3P1p2/P1N5/8/1PPQ2PP/R3KB1R b KQ -,f6e7 e1a1 e7g5 d6f4 g5f4 d2f4 b7b5 c4e3 d7b6 d5d6
6rk/ppp3rp/2n3P1/2P2p2/3P4/P4N2/1P5R/1K5R b - -,g8e8 h2h7 g7h7 h1h7 h8g8 h7c7 c6e7 c7b7 g8g7 d4d5
8/4k3/7R/r2PK3/8/8/8/8 b - -,a5a1 h6h7 e7d8 e5e6 a1d1 e6d6 d8c8 h7h8 c8b7 h8h5
3r4/1P6/5k2/2KB4/8/8/P3R1P1/8 b - -,a5a3 h6h7 e7d8 e5e6 a3d3 e6d6 d8c8 h7h8 c8b7 h8e8
r4rk1/1pp1qppp/2n5/p7/2PBP1B1/PP6/5PPP/R2Q1RK1 b - -,f8d8 d4f6 e7f6 d1f3 f6e7 f3g3 d8d4 a1d1 d4d1 g4d1
r1b2k1r/ppp1n1pp/2np4/6N1/2Q1P1q1/2N5/PP3PPP/R1B2RK1 b - -,g4h5 c1e3 h7h6 g5e6 c8e6 c4e6 h5f7 e6h3 f8g8 f2f4
4r1k1/5pp1/5n2/p1p5/2P3PQ/2NR1P1P/P3P1K1/2q5 b - -,e8e3 d3e3 c1e3 h4e1 g7g6 h3h4 e3d4 e1c1 d4c4 c1e3
6k1/pp2n2p/1q2pp2/8/3r4/2N5/PP2QPPP/5RK1 b - -,g8f7 f1e1 e7g6 e2e3 f6f5 h2h3 a7a6 a2a3 b6d6 e3f3
rnb1kbnr/pp1pqp1p/2p5/6PQ/2B1Pp2/8/PPPP2P1/RNB1K1NR b KQkq -,d7d5 c4e2 d5e4 b1c3 c8f5 g1h3 b8d7 h3f4 f8g7 d2d3
8/5p2/3k1p2/1p5p/p4P1P/P2K2P1/1P6/8 b - -,
4r1k1/5pp1/5n2/p1p5/2q3Pp/2NR1P1P/P3PQK1/8 b - -,
r1r3k1/3n1ppp/p3pn2/q4b2/2BN1B2/PQ2P3/5PPP/2RR2K1 b - -,f5e4 f2f3 e4d5 c4d5 a5d5 b3d5 f6d5 d4c6 g8f8 f4d6
rn2kb1r/ppp1ppp1/5nb1/q5Pp/2BP3P/2N2P2/PPP5/R1BQK1NR b KQkq -,f6d7 c1d2 a5b4 d1e2 b4b2 a1b1 b2c2 b1c1 c2f5 c3d5
1r2r2k/b5p1/7p/8/8/2RR2PK/1p5P/1B6 b - -,a7b6 c3b3 b6c7 h3g4 c7e5 d3e3 b8b3 e3b3 h8g8 b1g6
3r1rk1/pp4np/1np2pp1/8/Pq1PP3/1P2Q3/2B1N1PP/3R1RK1 b - -,f6f5 d4d5 f5e4 d5c6 d8d1 f1d1 b6d5 e3e4 b7c6 e4b4
2R5/8/8/5K2/8/8/p1k3r1/8 b - -,c2b1 c8h8 g2b2 f5e5 a2a1q h8h1 b1a2 h1a1 a2a1 e5d4
r1bqkbnr/ppppppp1/2n5/8/3P1P1p/5N1P/PPP1P1P1/RNBQKB1R b KQkq -,d7d5 c2c4 e7e6 e2e3 g8f6 f1d3 c6b4 d3e2 c7c5 a2a3
2r3k1/5ppp/1n3P2/2p5/2P5/2B5/2P3PP/R6K b - -,b6c4 f6g7 c4e3 a1c1 c8c6 h1g1 e3d5 c3b2 c6b6 b2a3
6R1/5pb1/5pk1/3R4/6P1/7P/5P2/N5K1 b - -,b6c4 f6g7 c4e3 a1c1 c8c6 h1g1 e3d5 c3b2 c6b6 b2a3
8/p4n1p/4k3/2pp4/1p1b3P/5KP1/PPN1R3/8 b - -,f7e5 f3g2 d4b2 c2b4 c5b4 e2b2 a7a5 b2c2 e6d6 c2c8
8/1p3R2/3p2pk/p6p/2P5/1PK5/P1N1R2P/8 b - -,f7e5 f3g2 d4b2 c2b4 c5b4 e2b2 a7a5 b2c2 e6d6 c2c8
r1bq1rk1/pp2N1pp/4p3/2p5/5B2/8/PP3PPP/R2Q1RK1 b - -,d8e7 f4d6 e7f6 d6f8 f6f8 d1a4 f8e7 a4e4 e7c7 b2b4
8/4k3/3P3R/4K3/8/8/8/r7 b - -,
r1q5/1p2k2p/1n1p1Rp1/p1p5/4bBP1/2Q4P/1P2B3/6K1 b - -,c8d7 f6d6 d7d6 f4d6 e7d6 c3f6 d6d7 f6b6 e4c6 b6c5
3r1k2/5p1p/8/2p1P3/2pP4/2P2NR1/2b3PP/7K b - -,c2e4 d4c5 d8d1 f3g1 d1e1 h2h4 e4c6 e5e6 e1e6 g3g4
1r4k1/Rpp2p2/1p1pb2p/4p1p1/4PB2/1P1P3P/1PPN1PP1/6K1 b - -,b6b5 f4e3 c7c5 a7a5 e6d7 a5a1 f7f6 d2f1 d7e6 f1g3
3qr1k1/pb2bpp1/7p/8/4NP2/8/PPP1Q1PP/2KR4 b - -,d8b8 e4c3 b8f4 c1b1 b7c6 a2a3 f4h2 e2a6 h2c7 c3b5
rn1qkb1r/p4ppp/2p1pn2/1p3b2/3P4/1Q3NP1/PP2PPBP/RNB1K2R b KQkq -,a7a5 a2a4 d8d5 b3d1 f5b1 a1b1 f8b4 c1d2 b5a4 b1a1
r2q1rk1/pb1n1ppp/1ppb1n2/3p4/3P3N/1PNBP3/PB3PPP/R2Q1RK1 b - -,f8e8 a1c1 g7g6 h4f3 f6e4 a2a4 a7a5 c3e2 d8e7 e2f4
rnb1kbnr/pp1p1p1p/2p5/6PQ/4qp2/8/PPPPB1P1/RNB1K1NR b KQkq -,
rnbqk2r/pp2nppp/2pb4/3p4/3P4/6P1/PPP1NPBP/RNBQ1RK1 b kq -,e8h8 c1f4 e7f5 c2c3 b8d7 b1d2 d7f6 a2a4 a7a5 f1e1
1r2r2k/6p1/1b5p/8/8/1R1R2PK/1p5P/1B6 b - -,b6g1 h3g4 e8c8 d3c3 c8g8 c3d3 g1c5 h2h4 c5e7 g4h5
r3kb1r/1p1b1p1p/2n1p2p/p2pP3/3P4/PN1B1N2/1q3PPP/1R1Q1K1R b kq -,b2a3 b1a1 a3b4 a1b1 b7b6 b3c5 b6c5 b1b4 c6b4 d4c5
r4rk1/6pp/2p1pp2/N2q4/1nQP4/6P1/4PP1P/R4RK1 b - -,
r3k2r/1p2qp2/2pp1n1p/p1b1p1p1/3nP3/P1PP2BP/BP1N1PP1/R2QK2R b KQkq -,d4e6 h3h4 e8a8 b2b4 c5b6 a1b1 a5b4 a3b4 c8c7 a2e6
rn2kbnr/pp1q1ppp/4b3/1Qpp4/8/1P3N2/PBPP1PPP/RN2KB1R b KQkq -,b8c6 f3e5 d7c7 e5c6 b7c6 b5d3 e8a8 d3g3 f8d6 g3g7
r5k1/pp1b2q1/2p4r/3p1R2/1P1Np3/P5p1/4P1Q1/5RK1 b - -,g7d4 f5f2 d4e3 g2g3 e3g3 f2g2 g3g2 g1g2 d7h3 g2g3
r2q1rk1/pp2Nppp/4b3/2p5/5B2/8/PP3PPP/R2Q1RK1 b - -,d8e7 f4d6 e7d7 d6f8 d7d1 a1d1 g8f8 f1e1 g7g6 f2f3
8/k7/6pp/5p2/8/5K2/6PP/8 b - -,
6rk/1pp3b1/p1n1b2p/P4p2/R1N1p2P/2P3qN/1P2Q3/2BR1K2 b - -,g3h3 e2g2 h3h4 d1d2 e4e3 c4e3 h4a4 g2h1 a4e4 d2h2
r4rk1/pp1npp1p/2npb1p1/3N4/2P1P3/4BN1P/Pb2BPP1/1R1R2K1 b - -,b2e5 f3e5 d7e5 b1b7 a8b8 d5e7 c6e7 b7e7 e6c4 d1d6
8/5p2/5p2/1p1k3p/p4PPP/P2K4/1P6/8 b - -,h5g4 h4h5 g4g3 d3e3 g3g2 e3f2 d5c4 h5h6 c4b3 h6h7
2b2k2/pp6/n2P2Bp/8/7P/8/PB3PP1/R5K1 b - -,a6c7 d6c7 f8e7 a1d1 b7b5 b2a3 e7e6 d1d6 e6e5 d6d8
r3rk2/1p3pp1/p6p/4nN2/8/1B5P/PP3n1P/2K2RR1 b - -,a8c8 c1b1 f2e4 g1g2 e8d8 f1d1 d8d1 b3d1 e5c4 d1c2
8/2r3k1/p2pB1p1/1pqPp1br/2P3R1/1P6/P3QP2/1K4R1 b - -,b5b4 g4g5 h5g5 g1g5 c5d4 g5g4 e5e4 g4e4 d4c3 e2e3
8/1p3R2/3p2p1/p5kp/2P5/1PK5/P1N3RP/8 b - -,b5b4 g4g5 h5g5 g1g5 c5d4 g5g4 e5e4 g4e4 d4c3 e2e3
Q3k3/3b2p1/3b2p1/pP6/8/8/6PP/7K b - -,e8f7 a8d5 f7e7 d5g5 e7f7 g5d2 f7e6 d2a2 e6f6 a2a5
3rq1k1/1pp2ppp/4bB2/2p1p3/r3P2N/3PQP2/2P3PP/1R3R1K b - -,d8a8 f6e5 f7f6 e5c7 g7g5 c7g3 c5c4 d3d4 a4a2 d4d5
4r1k1/5pp1/5n2/p1p3Q1/2q3P1/2NR1P1P/P3P3/6K1 b - -,
r5qk/p2b4/1p1R1n2/1P1PQ3/4Pp1N/8/P3B2K/2R5 b - -,e8e2 d3d8 e2e8 d8e8 f6e8 g5d8 c4c3 d8e8 g8h7 e8f7
r1b2k2/p6R/2p1p1B1/1p1nP3/4N3/8/PP4P1/2K5 b - -,c8d7 h7d7 d5e7 g6h5 b5b4 e4f6 b4b3 a2a3 a8b8 f6h7
r2r2k1/1pp1qppp/2n2B2/p7/2P1P1B1/PP6/5PPP/R2Q1RK1 b - -,g7f6 d1c2 c6d4 c2d3 a5a4 b3a4 a8a4 g1h1 b7b6 f2f4
4r1r1/Q3kp2/p2qb2p/2N1R1p1/2pP4/1P5P/1P4P1/5RK1 b - -,g7f6 d1c2 c6d4 c2d3 a5a4 b3a4 a8a4 g1h1 b7b6 f2f4
8/p6p/4k3/2ppn3/1p1b3P/6P1/PPN1R1K1/8 b - -,a7a5 c2d4 c5d4 e2f2 a5a4 f2f4 e5c4 f4d4 e6e5 d4f4
4k2r/8/6R1/3KP3/8/8/8/8 b - -,
r3k2r/1p2qp2/2pp1n1p/pnb1p1p1/4P3/PNPP2BP/BP3PP1/R2QK2R b KQkq -,a5a4 b3c5 d6c5 h3h4 e8a8 d1a4 f6h5 e1a1 h8g8 a4c2
1r2r2k/6p1/7p/8/6K1/1R1R2P1/1p5P/1B4b1 b - -,h8g8 b1a2 g8h8 h2h4 e8c8 d3c3 c8g8 c3d3 g1c5 a2b1
8/8/8/8/1K1Q4/8/4k3/3b4 b - -,e8c8 d3c3 c8g8 c3d3 g1c5 h2h4 c5e7 g4h5 e7f6 d3f3
r1bqkbnr/ppp1ppp1/2n5/3p4/3P1P1p/4PN1P/PPP3P1/RNBQKB1R b KQkq -,c8f5 f1b5 e7e6 c2c4 g8e7 d1b3 d8d7 f3e5 d7c8 b1c3
rn1qkb1r/5ppp/2p1pn2/pp3b2/P2P4/1Q3NP1/1P2PPBP/RNB1K2R b KQkq -,d8d5 b3d5 e6d5 a4b5 c6b5 b1c3 f8b4 c1d2 b4c3 d2c3
4q3/5pK1/1p6/4N3/8/8/4Q3/6k1 b - -,d8d5 b3d5 e6d5 a4b5 c6b5 b1c3 f8b4 c1d2 b4c3 d2c3
4r1k1/5ppn/8/p1p5/5qP1/2NR1P1P/P3PQK1/8 b - -,c5c4 f2d4 c4d3 d4f4 d3e2 c3e2 e8e2 g2g3 e2a2 h3h4
4r1k1/5pp1/5n2/p1p5/2P2qPp/2NR1P1P/P3PQ2/7K b - -,f6h7 f2h4 f4c4 d3d8 h7f6 d8e8 f6e8 h4e1 e8c7 e1d2
r1b2rk1/1pp1nppp/1pnp4/8/3qP3/2NBN3/PPP2PPP/R2Q1RK1 b - -,d4c5 a2a3 c6e5 d1d2 e5d3 c2d3 c8d7 d3d4 c5a5 b2b4
1k1r3r/ppp1np2/4p3/1PPnN2p/3P1qp1/Q2B2P1/P4P1P/2R1R1K1 b - -,f4d2 e5f7 d8f8 c1d1 d2d1 e1d1 f8f7 a3b2 h5h4 d1e1
3r1k2/5p1p/8/2P1P3/2p1b3/2P2NR1/6PP/7K b - -,d8d1 f3g1 d1e1 g3g4 f8e7 h2h3 e7d7 h1h2 e4d5 g4g3
8/1p3R2/3p2pk/p6p/2P4P/1PK5/P1N3R1/8 b - -,d8d1 f3g1 d1e1 g3g4 f8e7 h2h3 e7d7 h1h2 e4d5 g4g3
2r3k1/5pPp/8/2p5/8/2B1n3/2P3PP/2R4K b - -,e3d5 c3a1 c5c4 a1d4 f7f6 g2g4 g8g7 g4g5 c8c6 g5f6
r1b1k2r/ppn2ppp/8/8/QbpP4/8/PP2BKPP/RN4NR b kq -,c8d7 a4b4 a7a5 b4b7 a8c8 g1f3 e8h8 b1c3 d7f5 b7a7
rnN2rk1/p4pbp/q5p1/2pP4/5P2/5N2/PP1Q2PP/R1B1K2R b KQ -,f8e8 c8e7 e8e7 e1f2 b8d7 h1e1 e7e1 d2e1 d7f6 e1e2
r2qr1k1/pb1n1ppp/1ppb1n2/3p1N2/3P4/1PNBP3/PB3PPP/R2Q1RK1 b - -,d6c7 a1c1 g7g6 f5h4 f6e4 h4f3 c7d6 a2a4 d8e7 c3e2
8/p6p/4k3/2ppn3/1N5P/6P1/Pb2R1K1/8 b - -,c5b4 e2b2 a7a5 b2c2 e6d6 c2c8 a5a4 c8a8 a4a3 g2f1
2r1rk2/1p3pp1/p6p/4nN2/8/1B5P/PP3n1P/1K3RR1 b - -,f2e4 f1d1 e5f3 g1g2 g7g6 f5h6 f3d2 d1d2 e4d2 g2d2
r1b2rk1/5pb1/2p1q1p1/p2pn1BP/Pp1Q2P1/4P3/1PP1BN2/2KR3R b - -,e5d7 d4f4 f7f6 f2d3 f6g5 f4g5 e6f6 g5f6 d7f6 d3f4
rbbq1rk1/pp3ppp/8/2pNP3/5B2/1Q6/PP3PPP/R4RK1 b - -,c8e6 a1d1 b7b6 f1e1 b8c7 b3g3 e6d5 f4h6 d8f6 e5f6
1r5k/4R1p1/2q2p1p/5Q2/p6P/6P1/5P1K/8 b - -,b8g8 f5h5 c6a6 e7e8 a6c4 e8g8 h8g8 h5a5 c4c2 h2g2
8/2r3k1/p2pB1p1/2qPp1br/2R5/1P6/P3QP2/1K4R1 b - -,a6a5 c4c5 c7c5 e2a6 c5c1 g1c1 g5c1 a6d6 c1f4 d6e7
1r4k1/Rpp2p2/1p1pb2p/4p3/4Pp2/1P1P1P1P/1PPN2P1/6K1 b - -,
r1b3q1/ppQ3k1/2p1pp2/2N3b1/3P4/8/PPP5/1K5R b - -,
r1b1r1k1/1p4pp/pq3b2/3P1p2/P7/B7/1PPQB1PP/R3K2R b KQ -,h7h6 d5d6 e8e4 d6d7 c8d7 d2d7 a8d8 d7f5 b6d4 f5f2
r2r2k1/1pp2ppp/2n2q2/p7/2P1P1B1/PP3Q2/5PPP/R4RK1 b - -,f6f3 g4f3 d8d3 a1b1 c6d4 f1d1 d4f3 g2f3 a8d8 d1d3
r6k/p2b4/1p1R1n2/1P1PQ3/4Pp1N/6q1/P3B3/2R4K b - -,f6e7 f3g3 d8d4 a1d1 d4d1 f1d1 e7a3 e4e5 a8d8 d1d8
1r2r2k/6p1/7p/2b5/6KP/1R1R2P1/1p6/1B6 b - -,h8g8 b1a2 g8h7 a2b1 h7h8 g4h5 h8g8 g3g4 g8f7 d3f3
8/p6p/4k3/3pn3/1p5P/6P1/PR4K1/8 b - -,a7a5 b2c2 e6d6 c2c8 a5a4 c8a8 a4a3 g2f1 d6c5 f1e2
2r2rk1/2qnbp1p/p3p1p1/1p1pP3/3P4/1PP1Q2R/PB1N2PP/5RK1 b - -,f8d8 e3h6 d7f8 h3f3 f7f5 e5f6 e7d6 f6f7 g8h8 c3c4
8/pp4pp/2p1kp2/3pp3/3PP2P/2P1K1P1/PP3P2/8 b - -,d5e4 e3e4 e5d4 c3d4 g7g6 g3g4 a7a5 b2b3 b7b6 h4h5
2kr1bnr/pp3ppp/8/2P5/3B4/2N5/PP3PPP/R3K2R b KQ -,d8d4 e1h1 g8f6 c3b5 d4b4 a2a4 a7a6 b5a3 c8b8 f1c1
8/8/8/5K2/8/8/6r1/qk1R4 b - -,d8d4 e1h1 g8f6 c3b5 d4b4 a2a4 a7a6 b5a3 c8b8 f1c1
rnb1kb1r/ppp2ppp/4q3/4N3/3PBB2/7P/PPP2PP1/R2Q1RK1 b kq -,f8d6 d1h5 b8d7 e4f5 e6e7 e5d7 g7g6 f4d6 c7d6 h5f3
8/4k3/7R/8/r2PK3/8/8/8 b - -,
r4k2/p6R/b1p1pNB1/1p1nP3/8/8/PP4P1/2K5 b - -,a4a3 e4e5 a3a1 h6g6 a1h1 g6g7 e7d8 d4d5 h1h5 e5e6
8/5p2/5p2/1p1k3P/p4Pp1/P2K4/1P6/8 b - -,g4g3 d3e3 d5c4 h5h6 c4b3 h6h7 b3b2 h7h8q g3g2 e3f2
rn1q1rk1/p4pbp/bp1p1np1/2pP4/4PP2/2NB4/PP2N1PP/R1BQ1RK1 b - -,b6b5 e4e5 d6e5 f4e5 f6g4 d3b5 a6b5 c3b5 g4e5 a1b1
3r1r1k/1q4p1/2R1B2p/1P6/1p1b4/8/4QPPP/4R1K1 b - -,d4f2 e2f2 f8f2 g1f2 b7b5 c6c1 b5b6 f2g3 b4b3 e6f5
r6k/p2b4/1p1R1n2/1P1PQ3/4Pp1q/8/P3B1K1/2R5 b - -,f8f6 e1d1 b7e7 e6c4 d4f2 g1h1 d8d1 e2d1 f6c6 b5c6
4q3/5pK1/1p6/4N3/8/8/8/5Q1k b - -,f8f6 e1d1 b7e7 e6c4 d4f2 g1h1 d8d1 e2d1 f6c6 b5c6
rnbqk1nr/1pp2pbp/p2pp1p1/8/3PP3/2P1BN2/PP1N1PPP/R2QKB1R b KQkq -,g8f6 f1d3 b7b6 e1h1 c8b7 h2h3 e8h8 e3g5 h7h6 g5h4
r3k2r/1p1b1p1p/2n1p2p/p1PpP3/8/q2B1N2/5PPP/1R1Q1K1R b kq -,a3c5 g2g3 c6b4 f1g2 d7c6 b1c1 c5b6 d1e2 b4d3 e2d3
r3k2r/1p1nqp2/2pp3p/pnb1p1p1/4P3/PNPP2BP/BP2QPP1/R3K2R b KQkq -,a5a4 b3c5 d6c5 e1a1 b5d6 d3d4 e5d4 c3d4 d6f5 d4d5
6k1/6Pp/2r2p2/2p5/8/4n3/2PB2PP/2R3K1 b - -,e3c4 d2h6 f6f5 h6f4 g8g7 c1a1 c4d6 g1f2 d6e4 f2f3
4r1k1/5ppn/8/p7/2pR1qP1/2N2P1P/P3PQK1/8 b - -,f4c1 d4c4 h7f8 f2d4 c1e1 g4g5 f8g6 h3h4 e8e5 d4f2
rn2kbnr/pp1q2pp/4bp2/1Qpp4/3P4/1P3N2/PBP2PPP/RN2KB1R b KQkq -,e8f7 b5d7 b8d7 b1c3 g8h6 e1a1 d7b6 a2a4 h6g4 d1d2
8/7p/4k3/p2pn3/1p5P/6P1/P1R3K1/8 b - -,e6d6 c2c8 a5a4 c8a8 a4a3 g2f1 d6c5 f1e2 c5c4 a8c8
r2q1rk1/1pp2pp1/2np1n1p/1B2p2b/N3P3/PP1P1N1P/2P2PP1/R2Q1RK1 b - -,h5f3 d1f3 c6d4 f3d1 d4b5 c2c3 c7c6 b3b4 f6d7 c3c4
r4rk1/ppp2ppp/2nb2n1/3p1B2/P2P4/2P2N1q/1PQN1P2/R1B2RK1 b - -,h3h5 f1e1 c6e7 f5g6 e7g6 f3e5 d6e5 d4e5 h5g4 g1f1
8/8/KP1k4/1P6/P7/1r6/8/8 b - -,b3h3 b6b7 h3h8 a6a7 h8h7 a7a8 d6e7 b7b8q e7f6 b5b6
rnN1r1k1/p4pbp/q5p1/2pP4/5P2/5N2/PP1Q1KPP/R1B4R b - -,b8d7 c8e7 e8e7 h1e1 e7e1 d2e1 d7f6 e1e2 a6d6 f3e5
r4k2/p6R/b1p1pPB1/1p6/8/8/PP4P1/2K5 b - -,a6c8 h1e1 e8e1 d2e1 b8d7 f2g1 c8b7 d5d6 c5c4 h2h3
3rq1k1/1pp2p1p/4bp2/2p1p3/r3PP1N/3PQ3/2P3PP/1R3R1K b - -,a4b4 b1b4 c5b4 f4e5 b4b3 e5f6 g8h8 c2b3 e8b5 e3h6
8/8/8/5K2/8/8/1k4r1/R7 b - -,a4b4 b1b4 c5b4 f4e5 b4b3 e5f6 g8h8 c2b3 e8b5 e3h6
4q3/5pK1/1p6/4N3/8/8/5Q1k/8 b - -,a4b4 b1b4 c5b4 f4e5 b4b3 e5f6 g8h8 c2b3 e8b5 e3h6
3r2k1/R1p2p1p/1p2p1p1/4q3/1PP1b2P/1Q6/5PP1/5BK1 b - -,d8a8 a7a8 e4a8 b3d1 g8g7 d1d8 a8e4 f2f3 e4c2 g1f2
3r2k1/R4ppp/1p1P1n2/8/6PN/1P6/5P1P/6K1 b - -,h7h5 h4f5 f6g4 a7a6 g7g6 f5e7 g8f8 a6b6 g4f6 b6c6
r1q3k1/1pp2pp1/p3r2p/P2Q3P/4R3/8/1P3PP1/4RBK1 b - -,c8d8 d5b7 e6d6 g2g3 a8b8 b7b8 d8b8 e4e8 b8e8 e1e8
r5k1/pp2pp1p/3rbbp1/8/2B5/5P2/PPP1Q1PP/1K5R b - -,a8d8 c4e6 d6e6 e2f2 e6b6 b2b3 b6d6 h1c1 b7b6 f3f4
rnbqk1nr/1pp2pb1/p2pp1pp/8/3PP3/2PBBN2/PP1N1PPP/R2QK2R b KQkq -,g8f6 d2f1 b8d7 f1g3 e6e5 h2h3 e8h8 e1h1 b7b6 d4d5
8/8/6p1/6Pk/3N1bP1/7K/8/8 b - -,g8f6 d2f1 b8d7 f1g3 e6e5 h2h3 e8h8 e1h1 b7b6 d4d5
2R5/7p/3k4/p2pn3/1p5P/6P1/P5K1/8 b - -,a5a4 c8a8 a4a3 g2f1 d6c5 f1e2 c5c4 a8c8 c4b5 e2d2
1r2r2k/6p1/7p/7K/7P/1R1R2P1/1p6/1B4b1 b - -,e8e5 h5g4 e5e8 g4h5 h8g8 g3g4 e8c8 g4g5 h6g5 b3b8
4R2k/6p1/2q2p1p/5Q2/p6P/6P1/5P1K/8 b - -,c6e8 f5a5 h6h5 a5d5 h8h7 d5d3 h7h6 d3f3 h6g6 f3d3
r3k2r/1p1b1p1p/2n1p2p/p1bpP3/3P4/qR1B1N2/5PPP/3Q1K1R b kq -,a3a4 d4c5 c6b4 g2g3 a8c8 f3d4 c8c5 f1g2 b4c6 d4f3
6k1/6Pp/2r2p2/2p2n2/8/8/2PB2PP/5RK1 b - -,f5d4 c2c3 d4b5 f1b1 b5d6 d2h6 c6c8 b1b6 c8d8 b6c6
6rk/p2b4/1p1R1n2/1P1P2Q1/4Pp1q/8/P3B1K1/2R5 b - -,f5d4 c2c3 d4b5 f1b1 b5d6 d2h6 c6c8 b1b6 c8d8 b6c6
8/3k4/8/3KP3/8/R7/8/7r b - -,
2n5/p3k3/1p2p1pp/3pPP2/3P1P2/1P1N3P/P4K2/8 b - -,
8/3b4/3PNRk1/1p2Q1p1/4P2p/7P/P5PK/5r2 b - -,g6f5 d3b2 e7d7 b3b4 a7a6 b2a4 d7e8 f2e3 e8f7 e3e2
R5k1/2p2p1p/1p2p1p1/4q3/1PP1b2P/1Q6/5PP1/5BK1 b - -,e4a8 b3a2 a8b7 a2d2 g8g7 d2d8 b7e4 f2f3 e4b1 g1f2
1r4k1/Rpp5/1p1pb2p/4pP2/5p2/1P1P1P1P/1PPN2P1/6K1 b - -,e6f7 d2e4 g8f8 e4c3 f8e7 b3b4 d6d5 c3b5 c7c6 b5c3
2kr1bnr/pp3ppp/8/2Pp4/8/N3B3/PP3PPP/R3K2R b KQ -,d5d4 e3d2 g8f6 a1c1 d8e8 e1d1 f6e4 h1f1 c8d7 d2b4
8/8/8/8/5K2/8/6r1/k7 b - -,d5d4 e3d2 g8f6 a1c1 d8e8 e1d1 f6e4 h1f1 c8d7 d2b4
5k2/5p1p/8/2P1P3/2p1b3/2P3RP/6P1/4r1NK b - -,e4d5 h1h2 e1e5 g1f3 d5f3 g3f3 e5c5 f3f4 f8e7 f4h4
3r1rk1/pp2q1np/1np2pp1/8/P2PP3/1PQ5/2B1N1PP/3R1RK1 b - -,f6f5 a4a5 b6a8 a5a6 b7a6 e2g3 f5e4 f1f8 d8f8 c2e4
r3k2r/1p1nq3/2pp1p1p/pnb1p1p1/4P3/PNPP2BP/BP2QPP1/2KR3R b kq -,c5a3 b2a3 d6d5 e4d5 b5c3 e2b2 c3a4 d5d6 e7d6 b2c2
3rq1k1/1pp2p1p/4bp2/2Q5/r3Pp1N/3P4/2P3PP/1R3R1K b - -,d8c8 b1b7 e8f8 c5c3 f8h6 c3c6 a4a8 h4f3 e6g4 b7c7
1k1r3r/p1p1np2/1pP1pn2/1P2N2p/3P1qp1/Q2B4/P4PPP/2R1R1K1 b - -,a7a5 b5a6 b8a7 g2g3 f4d4 a3e7 f6d5 e7a3 f7f6 c1c4
r3k2r/ppnb1ppp/8/8/1QpP4/8/PP2BKPP/RN4NR b kq -,h7h5 g1f3 e8a8 h1c1 h8h6 b1c3 d7g4 b4c4 c8b8 c4f7
1r5k/6p1/7p/4r3/6KP/1R1R2P1/1p6/1B4b1 b - -,e5e8 g4h5 h8g8 g3g4 e8c8 g4g5 h6g5 b3b8 c8b8 h4g5
r5k1/p4P1R/b1p1p1B1/1p6/8/8/PP4P1/2K5 b - -,e5e4 g4f5 e4e8 f5g6 e8e6 g6f5 e6f6 f5g4 f6f8 g4h5
3r1r1k/1q4p1/2R1B2p/1P6/1p6/8/5QPP/4R1K1 b - -,f8f2 g1f2 b7b5 e1c1 b4b3 c1c5 d8f8 f2e3 b5b4 c6c8
8/p1n1k2p/3pB3/2pPn3/1p1bK3/2N3PP/PPR5/8 b - -,c7e6 d5e6 b4c3 b2c3 d4c3 c2c3 e7e6 e4e3 h7h5 c3c2
4r1k1/pbq1bpp1/7p/8/4NP2/5Q2/PPP3PP/2KR4 b - -,e7h4 f3c3 c7f4 e4d2 b7g2 c1b1 h4f6 c3g3 f4d4 c2c3
2bB4/1p1p2p1/2pP1p2/6k1/4r3/R5P1/1PPK4/8 b - -,
1r1r2k1/3q1pp1/7p/1p1bp2P/1P6/2PQ4/4BPP1/R3R1K1 b - -,e5e4 d3g3 d7c6 a1d1 b8c8 g3e5 f7f6 e5f5 c6c3 e2b5
r1b2rk1/5pb1/2p1q1p1/p2pn1B1/Pp3QPP/4P3/1PP1BN2/2KR3R b - -,b4b3 g5h6 b3c2 d1f1 a8b8 h6g7 g8g7 h4h5 b8b4 e3e4
2r2rk1/8/p2p4/1p4p1/1P6/P1b1RNPQ/5PK1/R1Bq4 b - -,d1d5 a1b1 d5f5 h3f5 f8f5 c1b2 c3b2 b1b2 f5d5 g3g4
6rk/ppp2qrp/2n1p1P1/2P5/3b1P2/P2QPN2/1P5R/2K4R b - -,g7g6 f3g5 d4b2 c1b1 g8g7 h2h7 g7h7 g5f7 h8g7 h1h7
rn1q1rk1/p4pbp/1p1p1np1/2pP4/4PP2/2NQ4/PP2N1PP/R1B2RK1 b - -,f8e8 e2g3 b8d7 g1h1 a7a6 a2a4 c5c4 d3c4 a8c8 c4e2
7k/p2b4/1p1R1n2/1P1P2r1/4PpBq/8/P5K1/2R5 b - -,f8e8 e2g3 b8d7 g1h1 a7a6 a2a4 c5c4 d3c4 a8c8 c4e2
8/5p2/3k1K2/5R2/4p3/4P3/2r2P2/8 b - -,c2a2 f6f7 a2a8 f5f4 d6e5 f7g6 a8g8 g6h5 g8h8 h5g4
b5k1/2p2p1p/1p2p1p1/4q3/1PP4P/Q7/5PP1/5BK1 b - -,a8c6 a3d3 g8g7 d3d2 c6b7 f2f4 e5f6 d2e3 c7c5 h4h5
8/8/8/8/8/5K2/1k4r1/8 b - -,a8c6 a3d3 g8g7 d3d2 c6b7 f2f4 e5f6 d2e3 c7c5 h4h5
8/8/4N1p1/6k1/5bP1/7K/8/8 b - -,a8c6 a3d3 g8g7 d3d2 c6b7 f2f4 e5f6 d2e3 c7c5 h4h5
r3k2r/1p1nq3/2pp1p1p/pn2p1pQ/4P3/bNPP2BP/BP3PP1/2KR3R b kq -,e8d8 c3c4 b5c3 b2a3 d6d5 c1b2 d5d4 c4c5 a5a4 b3d4
r4k1R/p4P2/b1p1p1B1/1p6/8/8/PP4P1/2K5 b - -,e8d8 c3c4 b5c3 b2a3 d6d5 c1b2 d5d4 c4c5 a5a4 b3d4
1k1r3r/p1p1np2/1P2pn2/1P2N2p/3P1qp1/Q2B4/P4PPP/2R1R1K1 b - -,a7b6 a3e7 f6d5 e7f7 f4f7 e5f7 d5f4 d3e4 h8f8 f7e5
r4k2/pp2b3/2P5/8/8/2N2K1B/PPb5/4R3 b - -,
2kr1bnr/pp3ppp/8/2P5/3p4/N7/PP1B1PPP/R3K2R b KQ -,g8f6 a1c1 d8e8 e1d1 f6e4 h1f1 c8d7 d2b4 e8e5 c1c4
4rkr1/Q4p2/p2qN2p/4R1p1/2pP4/1P5P/1P4P1/5RK1 b - -,g8f6 a1c1 d8e8 e1d1 f6e4 h1f1 c8d7 d2b4 e8e5 c1c4
8/R2k4/7r/3KP3/8/8/8/8 b - -,
r1b1rbk1/1pqn1p1p/p1npp1p1/6P1/3NPP1Q/2NBBR2/PPP4P/R5K1 b - -,f8g7 d4c6 c7c6 a1f1 b7b6 e4e5 d7c5 e3c5 c6c5 f1f2
r1b3q1/pp6/2p1ppk1/2N3b1/3P4/8/PPP4Q/1K5R b - -,
r3kbnr/1p1n2pp/p3bp2/2pp4/3P4/1P3N2/PBPN1PPP/R3KB1R b KQkq -,e8f7 g2g3 f8d6 f1g2 g8e7 e1h1 b7b5 c2c4 h8e8 f1d1
8/2r3k1/p2p2p1/2qPpBbr/6R1/1P6/P3QP2/1K4R1 b - -,c5d5 f5e4 d5c5 e4g6 g7g6 g4c4 c5d5 c4c7 h5h4 c7c3
r3k2r/1Qnb1ppp/8/p7/2pP4/8/PP2BKPP/RN4NR b kq -,a8c8 b7e4 d7e6 e4c6 e8f8 b1c3 h7h5 c6b7 h8h6 g1f3
4r3/3R1kpp/p1p3n1/1r6/6R1/1P4PP/PB3P2/6K1 b - -,f7e6 d7g7 e8e7 g4e4 e6d6 e4e7 g6e7 g7h7 a6a5 h7h6
3r3k/1q4p1/2R1B2p/1P6/1p6/8/5KPP/4R3 b - -,b7b5 e1c1 b4b3 c1c5 d8f8 f2e3 b5b4 c6c8 b4f4 e3d3
r4rk1/pR1nppbp/2npb1p1/3N4/2P1P3/4BN1P/P3BPP1/3R2K1 b - -,f8d8 b7c7 e6d5 c4d5 c6b4 e2b5 d7e5 a2a4 a7a6 b5f1
r1b1kb1r/2qp1pp1/p1p1pn1p/8/2P1PP2/2NB4/PP4PP/R1BQ1RK1 b kq -,c7a7 g1h1 d7d5 e4e5 f6d7 d1h5 d7c5 c1e3 a7b7 d3e2
7k/p2b4/1p1R1n2/1P1P4/4Pprq/5K2/P7/2R5 b - -,c7a7 g1h1 d7d5 e4e5 f6d7 d1h5 d7c5 c1e3 a7b7 d3e2
R7/7p/8/2kpn3/1p5P/p5P1/P3K3/8 b - -,c5c4 a8c8 c4b5 e2d2 d5d4 c8c7 b5b6 c7e7 e5c6 e7e1
r2q1rk1/3n1pbp/pp1p1np1/2pP4/P3PP2/2NQ2N1/1P4PP/R1B2RK1 b - -,c5c4 d3f3 f8e8 c1e3 h7h5 a1d1 f6g4 e3c1 b6b5 h2h3
8/p3k2p/3pP3/2p1n3/1p1bK3/2N3PP/PPR5/8 b - -,e7e6 c3d5 e5f7 d5f4 e6d7 e4d5 f7d8 b2b3 d8c6 d5e4
5k2/5p1p/8/2PbP3/2p5/2P3RP/6PK/4r1N1 b - -,e1e5 g1f3 d5f3 g3f3 e5c5 f3f4 f8e7 h2g3 e7e6 f4e4
8/8/8/1p1p1k2/1PrP3P/1B6/KB3n2/8 b - -,c4c7 b3d5 f2e4 h4h5 e4d2 b2a1 f5g5 d5g8 g5h5 d4d5
r2q1r1k/pp4pp/6b1/3BQ3/8/5pP1/PP3P1P/2R2RK1 b - -,f8f5 e5c7 f5d5 c7b7 h7h6 b2b3 d5d7 b7c6 g6h5 f1e1
5rk1/p4ppp/1p1P1n2/4R1P1/7N/1P6/5P1P/6K1 b - -,f6e8 h4f5 a7a5 e5d5 e8d6 d5d6 f8b8 g1g2 h7h6 g5h6
r1bq1rk1/1p3pbp/n2p2p1/p1nPp3/4P1P1/2N1B1NP/PP1Q1P2/2KR1B1R b - -,b7b5 c3b5 a8b8 c1b1 c8d7 b5d6 d7a4 d6c4 a4d1 d2d1
r5k1/pp2pp1p/1r2bbp1/8/2B5/5P2/PPP1Q1PP/1K1R4 b - -,b6b2 b1c1 b2b6 c4b3 a8c8 f3f4 h7h5 b3e6 b6e6 e2f3
1r4k1/1pp5/1p1p3p/4pb2/5p2/1P1P1P1P/1PPN2P1/R5K1 b - -,g8f7 g1f2 f5d7 b3b4 f7f6 d2e4 f6e6 h3h4 d6d5 e4c3
r2k3r/1p1nq3/2pp1p1p/pn2p1pQ/4P3/PNPP2BP/B4PP1/2KR3R b - -,d6d5 h5e2 a5a4 b3a1 e7a3 e2b2 a3c3 b2c3 b5c3 c1b2
6k1/2p2p1p/1pb1p1p1/4q3/1PP4P/3Q4/5PP1/5BK1 b - -,g8g7 d3d2 c6b7 d2d8 b7e4 f2f3 e4f5 d8d2 h7h5 f3f4
r1b2k1r/ppp1n1pp/3p4/4n1N1/4P1q1/1QN5/PP3PPP/R1B2RK1 b - -,g4h5 c3b5 h7h6 f2f4 e5c6 b5c7 c6d4 c7e6 c8e6 g5e6
3rrbk1/1bp2p2/p4p1p/1p2p3/P1n1P3/2P2N2/1PB2PPP/R3RNK1 b - -,c4b2 a4b5 a6b5 f1e3 b2d3 e1b1 f8c5 e3d5 b7d5 c2d3
rn1qkb1r/pp1b1ppp/4pn2/1Bpp4/Q3P3/2PP4/PP3PPP/RNB1K1NR b KQkq -,b8c6 e4d5 f6d5 a4d1 d8c7 g1f3 f7f6 c3c4 d5e7 b1c3
3r1r1k/1q3Bp1/5b1p/1PR2bNQ/1p6/8/5PPP/4R2K b - -,f5e4 g5e4 f8f7 c5c1 b7d5 h5d5 d8d5 b5b6 f6d8 c1c6
N2q1k1r/pp2p1bp/4Qnp1/3P4/8/8/2P2PPP/R3KB1R b KQ -,f6e8 a1a7 g7d4 a7a3 d4c5 a3a4 e8f6 f1d3 f8g7 e1h1
5rk1/1p1Q1p2/p2p2pp/P2P4/1P4Pq/3B3P/2P3K1/8 b - -,h4g5 d7d6 f8e8 d6c5 g5f4 c5f2 f4b4 c2c4 b4c3 d3f1
7k/p2b4/1p1R1n2/1P1P4/4Ppr1/7q/P3K3/2R5 b - -,h4e1 d7d6 f8e8 d6f4 g6g5 f4f3 e1d2 f3f2 d2b4 d3h7
r4k2/p3b3/2p1R3/8/8/2N2K1B/PPb5/8 b - -,
r1bqkb1r/pp3ppp/3p1p2/2p1n3/4PP2/2NP4/PPP1B1PP/R2QK1NR b KQkq -,d8b6 f4e5 c8e6 d1d2 d6e5 g1f3 g7g6 a2a4 h7h5 a4a5
8/p6p/3pk3/2pNn3/1p1bK3/6PP/PPR5/8 b - -,e5c6 b2b3 d4e5 c2f2 c6d4 f2f8 h7h6 f8e8 e6d7 e8e7
r2qk2r/ppp1bppp/2np1n2/3Np3/4P3/5B1P/PPPP1PP1/R1BQ1RK1 b kq -,e8h8 c2c3 f6d5 e4d5 c6b8 d1b3 b8d7 b3b7 e7g5 b2b4
1qrr2k1/4np1p/4p1pb/3nP3/Np6/1P3NPP/PB2Q2K/3RR3 b - -,e7f5 b2c1 h6c1 d1c1 b8a7 c1c2 c8c2 e2c2 d5c3 a4c3
8/2p2pkp/1pb1p1p1/4q3/1PP4P/8/3Q1PP1/5BK1 b - -,c6b7 f2f4 e5f6 d2e3 c7c5 b4c5 b6c5 g2g3 f6d4 e3d4
5k2/5p1p/8/2Pbr3/2p5/2P2NRP/6PK/8 b - -,d5f3 g3f3 e5c5 f3f4 f8e7 h2g3 e7e6 f4e4 e6d6 e4h4
3r1rk1/1p2q1np/pnp2pp1/8/P2PPN2/1PQ5/2B3PP/3R1RK1 b - -,g6g5 f4h3 g8h8 h3f2 g7e6 b3b4 e7d6 d1d2 a6a5 b4a5
8/R7/4p3/p3k3/P2p2P1/2r5/3K3P/8 b - -,e5e4 a7h7 e4f4 h7e7 c3e3 h2h4 f4g4 e7a7 g4f4 a7a5
2r2rk1/2qnbp2/p3p1p1/1p1pP2p/3P4/1PP3QR/PB1N2PP/5RK1 b - -,g8g7 h3h5 f7f5 d2f3 f8g8 h5h3 d7f8 g1h1 g8h8 h3h8
2R5/7p/8/1k1pn3/1p5P/p5P1/P2K4/8 b - -,e5c6 d2c1 d5d4 c8c7 h7h6 g3g4 b5c5 c7b7 c6e5 g4g5
3k4/8/1pp2p1p/1P2p1p1/2K1P1P1/5P1P/2P5/8 b - -,
5R2/5pbk/5p2/3R4/6P1/7P/5P2/N5K1 b - -,g7f8 a1c2 h7g7 c2e3 f6f5 e3f5 g7f6 d5b5 f8a3 h3h4
1r3rk1/p1Rnppbp/2npb1p1/3N4/2P1P3/4BN1P/P3BPP1/3R2K1 b - -,c6b4 d5e7 g8h8 f3g5 b8d8 g5e6 f7e6 d1d6 d7e5 d6e6
1r1r2k1/3Q1pp1/2b4p/1p2p2P/1P6/2P5/3RBPP1/R5K1 b - -,d8d7 d2d7 c6d7 a1a7 d7e8 g1f1 f7f6 f1e1 g8f8 e1d2
r2qkbnr/ppp2pp1/2n1p3/3p1b2/3P1P1p/2NBPN1P/PPP3P1/R1BQK2R b KQkq -,
r2k3r/1p1nq3/2pp1p1p/p3p1pQ/4P3/PNnP2BP/B2R1PP1/2K4R b - -,a5a4 b3a1 d6d5 a1c2 a8a6 e4d5 a6b6 c2b4 c6c5 b4a6
3r2k1/2p2p1p/4b3/8/4P2N/3P1R2/6PP/7K b - -,
3r1r1k/3q1Bp1/4Nb1p/1PR2b1Q/1p6/8/5PPP/4R2K b - -,d7d2 c5c1 g7g6 h5f3 f8f7 e6d8 d2d8 f3b3 d8f8 b5b6
8/8/8/8/3K4/5k2/3Q4/1b6 b - -,d7f7 h5f7 f8f7 e6d8 f6d8 e1e8 h8h7 e8d8 b4b3 d8d2
r1b1nrk1/p6p/2p1pqp1/1p5P/4Np2/6P1/PPBQ4/2KR3R b - -,f6f5 h5g6 h7h5 g3g4 f5g4 d1g1 g4f3 d2d8 c8b7 d8g5
rnbqk2r/ppp2ppp/8/2bnp3/3P4/6P1/PPP1NPBP/RNBQK2R b KQkq -,e5d4 e2d4 d8e7 d4e2 d5b6 e1h1 c8g4 d1d2 b8d7 e2f4
5rk1/p2nRppp/1p1P4/6P1/7N/1P6/5P1P/6K1 b - -,d7c5 d6d7 a7a5 h4f5 b6b5 f5d6 a5a4 b3b4 c5d7 e7d7
3Q4/1bp2pkp/1p2p1p1/4q3/1PP4P/8/5PP1/5BK1 b - -,b7e4 f2f3 e4f5 g2g4 e5g3 f1g2 f5c2 g4g5 g3f4 b4b5
r1bq1rk1/pp1nppbp/8/2ppN2Q/5P2/1P2P3/PBPP2PP/RN3RK1 b - -,b7b6 e5c6 d8e8 b2g7 g8g7 h5g5 g7h8 c6e7 c8b7 g5h4
5k2/8/1p5p/1Pp1K1p1/4P1P1/5P1P/2P5/8 b - -,b7b6 e5c6 d8e8 b2g7 g8g7 h5g5 g7h8 c6e7 c8b7 g5h4
4r2k/5rpb/1PR1N2p/8/1p6/8/6PP/4R1K1 b - -,b4b3 c6c3 b3b2 c3b3 e8e6 e1e6 b2b1r b3b1 h7b1 h2h4
2kr4/ppp2pp1/2p1b3/3N4/3KP1p1/3P2q1/PPP1B2r/R1BQ1R2 b - -,
3r3k/6p1/2R1B2p/1q6/1p6/8/5KPP/2R5 b - -,b4b3 c1c5 d8f8 f2e3 b5b4 c6c8 b4f4 e3d3 b3b2 e6a2
4r1k1/5pp1/5n2/p1p5/2P1PqPp/2NR1P1P/P4Q2/6K1 b - -,g7g6 f2h4 f4c1 c3d1 c1c4 d3d2 f6h7 h4e1 h7g5 e1e3
2k1rb1r/pp3ppp/5n2/2P5/3p4/N7/PP1B1PPP/2RK3R b - -,
4k3/p1p2p2/5P2/4B1pp/6r1/KP6/P1P5/8 b - -,e8d7 b3b4 g4e4 e5h2 h5h4 b4b5 e4e2 h2g1 h4h3 a3b2
3rrbk1/1bp2p2/p4p1p/1P2p3/4P3/2P2N2/1nB2PPP/R3RNK1 b - -,a6b5 f1e3 b2d3 e1b1 b7e4 b1b5 e4c6 b5a5 d3f4 g1f1
6rk/ppp2q1p/2n1p1r1/2P3N1/3b1P2/P2QP3/1P5R/2K4R b - -,d4b2 c1b1 g8g7 h2h7 g7h7 g5f7 h8g7 h1h7 g7h7 b1b2
r1b1nrk1/p6p/2p1pq2/1p2p1PP/8/2N3P1/PPBQ4/2KR3R b - -,f6e7 c3e4 c8a6 d2e3 c6c5 e3c5 e7c7 e4f6 f8f6 c5c7
r5k1/pp1nqp2/3p2p1/2pP2P1/2P2PQP/6K1/PB2r3/R4R2 b - -,a8e8 h4h5 g6h5 g4h5 e2b2 a1d1 e7e3 h5f3 e3e2 f3e2
r3k2r/1p1b1p1p/2n1p2p/p1PpP3/8/1R1B1N2/q4PPP/3Q1K1R b kq -,c6b4 f3d4 d7a4 d3b5 b4c6 b5a4 a2a4 d4c6 a4c6 d1d4
7k/4r1p1/7p/1P3bN1/1pR5/8/6PP/6K1 b - -,h6g5 c4b4 f5e4 b5b6 h8h7 b4b5 h7g6 h2h3 e4b7 b5b2
3rrbk1/Rbp2p2/5p1p/1p2p3/4P3/2P2N2/1nB2PPP/4RNK1 b - -,b7a8 a7c7 d8c8 c7c8 e8c8 e1a1 a8b7 a1a7 c8c3 a7b7
r5k1/1pp2pp1/p2qR2p/P2n1Q1P/8/8/1P3PP1/4RBK1 b - -,d6d7 e6e8 a8e8 f5d7 e8e1 d7d5 b7b6 d5d8 g8h7 d8c7
r4rk1/ppp2ppp/2nb2B1/3p3q/P2P4/2P2N2/1PQN1P2/R1B2RK1 b - -,h5g4 g1h1 g4h3 h1g1 f7g6 c2d3 h3g4 g1h1 f8f5 d3f5
rn2kb1r/5ppp/2p1pn2/pp1q1b2/P2P4/5NP1/1P2PPBP/RNBQK2R b KQkq -,f8b4 c1d2 f5b1 a1b1 b5a4 e1h1 d5b5 b1a1 e8h8 e2e3
3Q4/2p2pkp/1p2p1p1/4q3/1PP1b2P/5P2/6P1/5BK1 b - -,e4f5 d8d2 h7h5 g1f2 e5a1 c4c5 b6c5 b4c5 e6e5 d2e3
r2r2k1/4qpp1/p1p1p1p1/2PnB3/4Q3/1P4P1/P3PP1P/2RR2K1 b - -,e7g5 e5d6 a6a5 e4a4 g5h5 d1e1 a8a6 e2e4 d5f6 g1g2
r1b1k2r/1pp1nppp/1pnp1q2/3N4/4P3/4N3/PPP2PPP/R2QKB1R b KQkq -,e7d5 e3d5 f6d8 f2f4 e8h8 f1d3 c8e6 d5c3 f7f5 e1h1
r5k1/2p2p1p/4b3/8/4P2N/3R4/2P3PP/6K1 b - -,a8a4 d3e3 e6d7 g1f2 a4a2 e3c3 d7a4 c3c7 a4c2 c7c8
2k1rb1r/pp3ppp/8/2P5/3pn3/N7/PP1B1PPP/2RK1R2 b - -,c8d7 d2b4 e8e5 c1c4 e5d5 a3c2 g7g6 c4d4 d5d4 c2d4
7r/2B3pp/5pk1/2Q5/8/7K/Pq4P1/4R3 b - -,h8a8 c5c4 b2a3 h3h2 a8a4 c4c2 g6h6 c7g3 a4g4 g3f2
r4knr/pp2Bpp1/2qNp3/2p1P2p/7P/7R/P3QPP1/3R1K2 b - -,f8e7 h3d3 g8h6 e2h5 e7f8 h5g5 c5c4 d6f5 h6f5 d3d8
7k/4r1p1/7p/1P3bN1/1R6/1p6/6PP/6K1 b - -,h6g5 b4b3 h8h7 g1f2 f5c8 b3b2 h7g6 f2g3 c8b7 b5b6
6k1/p2r4/6p1/R7/6P1/5pKP/5P2/8 b - -,d7d3 h3h4 d3b3 a5a7 b3c3 a7a5 g8h7 a5a6 h7g7 g4g5
r1b1nrk1/p5qp/2p1p1P1/1p6/4Np2/6P1/PPBQ4/2KR3R b - -,f8f5 g6h7 g8h8 g3f4 g7f8 e4d6 e6e5 d6f5 c8f5 f4e5
1r2rbk1/Rbp2p2/5p1p/1p2p3/4P3/2P2N2/1nB2PPP/1R3NK1 b - -,b2a4 c2a4 b5a4 a7b7 b8b7 b1b7 a4a3 b7b1 e8d8 f1e3
4r2k/5rpb/1P2N2p/8/8/R7/1p4PP/4R1K1 b - -,e8e6 a3a1 b2a1q e1a1 e6e8 g2g4 h7g8 g4g5 f7e7 g5h6
r4rk1/1pq1bpp1/3p1n2/pB1Pp2p/P7/1P2BP2/1P1Q2PP/2R2RK1 b - -,f6d5 d2d5 c7d8 f3f4 a8c8 c1c8 d8c8 f4e5 d6e5 d5e5
rnbqk2r/pp2ppbp/3p1np1/1N4B1/2P1P3/8/PP3PPP/RN1QKB1R b KQkq -,f6e4 g5c1 b8c6 f1e2 c8f5 e1h1 e4c5 b1c3 a7a6 b5a3
8/8/4p3/R7/P2pk1P1/2r5/3K3P/8 b - -,e6e5 h2h4 c3h3 h4h5 h3h2 d2c1 d4d3 a5a8 e4e3 a4a5
r1b1r1k1/2qn1pbp/p1npp1p1/1p4P1/4PP1Q/2NBB2R/PPP1N2P/R5K1 b - -,h7h5 e2g3 c6e7 a1f1 c8b7 g3h5 g6h5 h4h5 d7f8 c3e2
rq2k2r/p2n2pp/3bp3/2p2p2/Q4P2/2N1P3/PP4PP/R1BR2K1 b kq -,e8e7 e3e4 h8d8 e4f5 e6f5 c3d5 e7f8 a4c2 f8g8 c2f5
r3k2r/1p1b1p1p/4p2p/p1PpP3/1n1N4/1R1B4/q4PPP/3Q1K1R b kq -,d7a4 d3b5 b4c6 d4c6 a4b5 b3b5 b7c6 b5b3 a5a4 b3b4
7r/2B3pp/5pk1/2Q5/6P1/7K/q7/4R3 b - -,h7h6 c5h5 g6h7 h5f5 h7g8 e1e8 g8f7 f5d7 f7g6 e8h8
8/2p2pkp/1p2p1p1/4qb2/1PP4P/5P2/3Q2P1/5BK1 b - -,h7h5 g1f2 e5f6 g2g3 f6a1 f3f4 c7c5 b4b5 e6e5 f4e5
8/4Rkpp/p1p3n1/1r6/6R1/1P4PP/PB3P2/6K1 b - -,f7f8 e7g7 b5b6 g7h7 c6c5 g1g2 b6e6 h3h4 e6e7 h7e7
2r3k1/2q4p/p3P1p1/1p3p2/4p3/P1B5/P1PQ2PP/2KR4 b - -,c7e7 d2d4 e7g5 c1b2 c8c3 d4d8 g5d8 d1d8 g8g7 e6e7
3r2k1/p2nRppp/1p1P4/5NP1/8/1P6/5P1P/6K1 b - -,g8f8 f5d4 d7c5 e7a7 g7g6 b3b4 c5e6 d4e6 f7e6 a7h7
8/1Pk5/KP6/P7/r7/8/8/8 b - -,g8f8 f5d4 d7c5 e7a7 g7g6 b3b4 c5e6 d4e6 f7e6 a7h7
4r2k/5rpb/1P2N2p/8/8/1R6/1p4PP/4R1K1 b - -,e8e6 e1e6 b2b1r b3b1 h7b1 e6e2 h8h7 h2h3 f7b7 e2b2
3r1k2/p3b3/2R5/8/8/2N2K1B/PPb5/8 b - -,
1r2rbk1/Rbp2p2/5p1p/1R2p3/2n1P3/2P2N2/2B2PPP/5NK1 b - -,c4d6 b5b4 c7c5 b4b6 b7e4 b6d6 e4c2 d6f6 c2g6 f3d2
r4rk1/ppp2ppp/2nb2B1/3p4/P2P2q1/2P2N2/1PQN1P2/R1B2R1K b - -,g4h3 h1g1 f7g6 c2d3 h3g4 g1h1 f8f5 d3f5 g4f5 f3h2
r1b1nrk1/p5q1/2p1p1p1/1p6/4NP2/8/PPBQ4/2KR3R b - -,f8f7 d1g1 f7f5 e4d6 f5d5 d2e3 g8f8 d6c8 a8c8 g1g6
2r2r1k/1Q5p/8/1p4R1/5q2/1P3NR1/P4P2/5K2 b - -,c8c7 b7b5 f4e4 g5g4 e4e6 f1g2 c7f7 b5g5 f7d7 g5c5
6k1/p4r2/R5p1/8/6P1/5pKP/5P2/8 b - -,g8h7 h3h4 f7b7 g4g5 b7b3 a6a7 h7g8 a7a4 g8h7 a4f4
r3kb1r/3n1ppp/2p1pn2/pp1q1b2/P2P4/5NP1/1P2PPBP/RNBQ1RK1 b kq -,f8b4 f3g5 f6e4 b1d2 b4d2 c1d2 h7h6 g5e4 f5e4 f2f3
rnbqkb1r/pp1npp1p/4P1p1/1Bpp4/8/5N2/PPPP1PPP/RNBQK2R b KQkq -,f8h6 e6d7 c8d7 b5d7 d8d7 c2c3 b8c6 e1h1 e7e5 d2d4
5rk1/p2nppbp/2Rpb1p1/3N4/2P1P3/4BN1P/Pr2BPP1/3R2K1 b - -,f8a8 e2f1 e6d5 c4d5 b2a2 c6c7 d7e5 f3e5 g7e5 c7e7
6k1/p5Pp/1p6/3N2B1/1P4n1/P7/2r2r2/2R1K2R b - -,
r2q1rk1/pp2Bpp1/7p/3p4/4n1b1/2R1PN2/PP2BPPP/3Q1RK1 b - -,e4c3 e7d8 c3d1 d8e7 d1b2 e7f8 g8f8 f1b1 b2a4 b1b7
3r1r1k/3q3b/6Bp/1P4NQ/3b3P/1p6/5PP1/4RRK1 b - -,h6g5 h4g5 h8g8 e1e2 b3b2 g6b1 h7b1 f1b1 d7g7 e2d2
8/2p2pk1/1p2p1p1/4qb1p/1PP4P/5P2/3Q1KP1/5B2 b - -,e5f6 g2g3 f6a1 c4c5 b6c5 b4c5 e6e5 d2e3 a1b2 f2g1
8/2r3k1/p2p2p1/3qp1br/4B1R1/1P6/P3QP2/1K4R1 b - -,d5f7 g4g5 h5g5 g1g5 f7f4 g5g6 g7f8 g6g1 f8e7 g1d1
8/5p2/3k4/1p3p1p/p2K1P1P/P5P1/1P6/8 b - -,
8/7p/8/n2R4/kp1p2PP/p7/P2K4/8 b - -,b4b3 d5d4 a4b5 d2c3 b3a2 d4d1 a5c4 d1a1 c4e5 a1a2
2kr3r/ppq2p2/2bbp3/6Bp/2PP2p1/2P3R1/P1B2PPP/R3Q1K1 b - -,h5h4 g5d8 c8d8 g3g4 d6h2 g1h1 h4h3 d4d5 h3g2 h1g2
r4r2/p1pRnpkp/6p1/4p3/1PP5/2N1P3/PQ3PqP/4KR2 b - -,e7f5 c3d5 a8e8 d7c7 f5h4 e1e2 h4f3 d5f4 f3g1 f1g1
8/8/4N1p1/6Pk/8/7K/5bP1/8 b - -,e7f5 c3d5 a8e8 d7c7 f5h4 e1e2 h4f3 d5f4 f3g1 f1g1
r1b1k2r/2qp1pp1/p1p1pn1p/2b5/2P1PP2/2NB4/PP4PP/R1BQ1R1K b kq -,f6h7 e4e5 d7d5 c3a4 c5a7 d1c2 d5c4 d3h7 g7g6 h7g6
1k6/1P6/1P6/PK6/r7/8/8/8 b - -,f6h7 e4e5 d7d5 c3a4 c5a7 d1c2 d5c4 d3h7 g7g6 h7g6
r4rk1/ppp2ppp/2nb2B1/3p4/P2P4/2P2N1q/1PQN1P2/R1B2RK1 b - -,f7g6 c2d3 h3g4 g1h1 f8f5 f3h2 d6h2 d3f5 g6f5 h1h2
rn2kb1r/pppnppp1/6b1/q5Pp/2BP3P/2N2P2/PPPB4/R2QK1NR b KQkq -,a5f5 d1e2 e7e5 c4d3 f5e6 d4d5 e6b6 d3g6 b6g6 e1a1
8/p4r1k/R5p1/8/6PP/5pK1/5P2/8 b - -,h7g7 g4g5 f7d7 g3f3 d7f7 f3g3 f7b7 g3g4 b7b2 a6a7
8/2p2pk1/1p2pqp1/5b1p/1PP4P/5PP1/3Q1K2/5B2 b - -,f6a1 f1e2 e6e5 c4c5 b6c5 b4c5 a1a3 d2e3 a3b2 f2e1
5rk1/p2nppbp/2Rp2p1/3P4/4P3/4BN1P/Pr2BPP1/3R2K1 b - -,a7a5 d1d2 b2b1 g1h2 a5a4 c6c7 d7c5 e3c5 d6c5 c7c5
r1bqk2r/ppp2ppp/2nb1n2/4p3/2B1P3/2N2N1P/PPPP2P1/R1BQK2R b KQkq -,c6a5 c4b3 a5b3 a2b3 f6h5 e1h1 e8h8 d2d4 e5d4 d1d4
rnbqkb1r/pp1np2p/4p1p1/1Bpp2N1/8/8/PPPP1PPP/RNBQK2R b KQkq -,b8c6 b5c6 b7c6 g5e6 d8b6 e1h1 d7f6 e6f8 h8f8 d2d3
r5k1/1pp3p1/p2qR2p/P2n1Q1P/8/8/1P3PP1/5BK1 b - -,d5e7 f5e4 d6d5 e6e7 d5e4 e7e4 b7b5 a5b6 c7b6 g2g3
8/7p/8/n7/k2R2PP/pp6/P2K4/8 b - -,a4b5 d2c3 b3a2 d4d1 a5c4 d1a1 c4e5 a1a2 e5g4 a2a3
r4k1r/pp2npp1/2qNp3/2p1P2p/7P/5R2/P3QPP1/3R1K2 b - -,e7f5 f3f5 e6f5 e5e6 a8e8 d6e8 c6e6 e8d6 e6e2 f1e2
8/8/8/8/5Qbk/8/5K2/8 b - -,e7f5 f3f5 e6f5 e5e6 a8e8 d6e8 c6e6 e8d6 e6e2 f1e2
rn3rk1/pp1b1pbp/1q1ppnp1/2pP4/4P3/2N2N2/PPP1BPPP/R1BQ1RK1 b - -,e6d5 e4d5 d7g4 a2a4 f8e8 e2b5 b8d7 a4a5 b6c7 a5a6
5r1k/2r4p/8/1Q4R1/5q2/1P3NR1/P4P2/5K2 b - -,f4e4 g5g4 e4e6 f1g2 c7c8 b5b4 e6f6 g4g5 c8d8 b4c4
8/4k1Bp/p1p3n1/1r6/6R1/1P4PP/P4P2/6K1 b - -,b5c5 g4a4 c5c2 g1g2 h7h5 g7h6 e7e6 h6e3 g6e5 a4a6
3r1r1k/1q3Bpb/2R1N2p/1P5Q/1p6/8/5bPP/4R2K b - -,f2e1 e6d8 b7d7 c6h6 d7d3 h6h7 d3h7 h5h7 h8h7 b5b6
5rk1/p1Rnppbp/3p2p1/3P4/4P3/4BN1P/P3rPP1/3R2K1 b - -,f8d8 f3d2 a7a6 g1f1 e2e3 f2e3 d7c5 d1c1 d8e8 c1c4
3r2k1/3nRppp/1p1P4/p5P1/3N4/1P6/5P1P/6K1 b - -,d7b8 e7b7 g8f8 g1g2 f8e8 d4f5 g7g6 f5h6 b8d7 f2f4
8/2p2pk1/1p2p1p1/5b1p/1PP4P/5PP1/3QBK2/q7 b - -,e6e5 e2f1 c7c5 b4c5 b6c5 d2d6 a1d4 d6d4 e5d4 f3f4
8/7R/4p3/p3k1P1/P2p4/2r5/3K3P/8 b - -,e5f5 h2h4 c3h3 h7h6 h3g3 h6f6 f5e5 f6g6 g3g2 d2d3
r3k2r/3nbppp/2p1pn2/pp1qNb2/P2P4/6P1/1P2PPBP/RNBQ1RK1 b kq -,f5e4 b1c3 e4g2 c3d5 g2d5 c1g5 h7h6 e5d7 h6g5 d7b6
r2q1rk1/1p2bpp1/3p1n2/1B1Pp2p/PpR5/4BP2/1P1Q2PP/5RK1 b - -,f6d7 c4b4 f7f5 g1h1 h5h4 f1d1 g8h7 h2h3 a8c8 d1a1
1k6/1P6/PP6/1K6/8/8/8/r7 b - -,f6d7 c4b4 f7f5 g1h1 h5h4 f1d1 g8h7 h2h3 a8c8 d1a1
rn1qkbnr/pp1b1ppp/4p3/1B1p4/3PP3/1Q6/PP3PPP/RNB1K1NR b KQkq -,d5e4 d4d5 e6d5 b3d5 b8c6 d5e4 f8e7 g1f3 a7a6 b5c6
r2q1rk1/1pp2pp1/3p1n1p/4p2b/N1BnP3/PP1P1N1P/2P2PP1/R2Q1RK1 b - -,h5f3 g2f3 f6h5 g1h2 b7b5 c2c3 h5f4 f1g1 d8h4 g1g3
8/7R/4p1p1/4k3/4r2P/7P/6K1/8 b - -,
3r4/pp5p/1kn1Q3/6N1/3P2q1/2P5/PP1B2B1/R5K1 b - -,d8d4 e6e3 b6c7 c3d4 c7d7 a1f1 h7h6 g5e4 g4h4 e4c5
8/2p2pk1/1p4p1/4pb1p/1PP4P/5PP1/3Q1K2/q4B2 b - -,f5e6 c4c5 b6c5 b4c5 a1a3 d2e3 a3b2 e3e2 b2c3 e2e3
r2r2k1/pbq2ppp/1p1bpn2/2p1N1B1/Q1PP4/8/PP3PPP/R3RBK1 b - -,c5d4 f2f4 h7h6 g5f6 g7f6 e5d3 d6f4 d3f4 c7f4 a1d1
3r1N1k/1q3Bpb/2R4p/1P5Q/1p6/8/6PP/4b2K b - -,e1c3 f7c4 d8f8 h5c5 b7b8 g2g3 h7e4 h1g1 e4c6 b5c6
5r1k/1q3Np1/3R3p/1P3b2/1p1b4/8/4QPPP/4R2K b - -,h8g8 f7h6 g7h6 d6d4 b4b3 d4b4 f5c2 b5b6 f8f7 e2c4
4r3/p2k3p/3Qp1p1/3p4/2p1P3/2P1q2P/PP1N2P1/3R3K b - -,d7c8 d6c6 c8d8 e4d5 e3b6 c6c4 b6c7 c4b5 e6d5 d2f3
7k/5rpb/1P2R2p/8/8/8/6PP/1R4K1 b - -,h7g8 e6c6 f7b7 c6c7 g8d5 c7b7 d5b7 b1e1 h8h7 e1e7
8/7p/8/n7/k5PP/p1K5/p7/R7 b - -,a5b7 a1a2 b7d6 a2g2 d6e4 c3c2 a4b5 g4g5 b5c4 h4h5
1r2rbk1/Rbp2p2/3n1p1p/4p3/1R2P3/2P2N2/2B2PPP/5NK1 b - -,c7c5 b4b6 b7e4 b6d6 e4c2 d6f6 c2g6 f3d2 b8b2 g2g4
8/2p2pk1/1p2b1p1/2P1p2p/1P5P/5PP1/3Q1K2/q4B2 b - -,b6c5 b4c5 a1a3 d2e3 a3b2 e3e2 b2c3 e2e3 c3c2 f2g1
4r1k1/pbq2pp1/7p/8/1b1RNP2/5Q2/PPP3PP/2K5 b - -,b4f8 e4f6 g7f6 f3g4 g8h8 g4d7 c7d7 d4d7 b7g2 d7f7
rnb1kbnr/pppp3p/6p1/3N1p2/8/8/PPPPNPPP/R1B1KB1R b KQkq -,e8d8 d2d4 f8h6 c1h6 g8h6 h2h4 c7c6 d5f4 b8a6 e1a1
r3k2r/3nbppp/2p1pn2/pp1qN3/P2Pb3/2N3P1/1P2PPBP/R1BQ1RK1 b kq -,e4g2 c3d5 g2d5 c1g5 e7d6 g5f4 d7b6 a4b5 c6b5 d1d3
r1b2k1r/ppp1n1p1/3p3p/4n1N1/4P1q1/1QN4P/PP3PP1/R1B2RK1 b - -,g4h5 f2f4 e5d3 g5f3 c8h3 g2h3 h5h3 b3c2 g7g5 c2h2
8/7R/4p1p1/4k3/7P/6KP/4r3/8 b - -,
2b5/3pB1p1/2pP1p2/1p4k1/3r4/2K1R1P1/1PP5/8 b - -,d4c4 c3d2 c6c5 e7f8 c4d4 d2e2 g7g6 f8e7 d4d5 e3f3
r1b1nrk1/p6p/2p1pq2/1p2p1pP/4NP2/6P1/PPBQ4/2KR3R b - -,f6f5 f4g5 f5f7 g5g6 h7g6 d2g5 f7g7 h5h6 g7h7 g3g4
8/2p2pk1/4b1p1/2P1p2p/7P/5PP1/3Q1K2/q4B2 b - -,a1a3 d2e3 a3a2 e3e2 a2a1 e2e1 a1b2 e1e2 b2c3 e2e3
r1b1k2r/1p1nbp1p/1qn1p3/p2pP1p1/3P4/P2B1N1P/1P3PP1/RNBQ1RK1 b kq -,b6d8 b1c3 h7h5 c3b5 g5g4 h3g4 h5g4 f3h2 c6d4 b5d4
3r3k/3q3b/6B1/1P4PQ/3b4/1p6/5RP1/4R1K1 b - -,d4f2 g1f2 d7d2 f2f1 d8f8 g6f7 d2f4 f1g1 f4f7 g5g6
5rk1/R3ppbp/3p2p1/2nP4/4P3/4BN1P/P3rPP1/3R2K1 b - -,e2b2 e3c5 d6c5 a7e7 c5c4 e7c7 c4c3 d5d6 b2a2 d6d7
r5k1/1pp1n1p1/p2R3p/P4Q1P/8/8/1P3PP1/5BK1 b - -,c7d6 f5d7 g8f7 d7b7 a8d8 b7a6 g7g5 h5g6 e7g6 a6c4
1n6/8/5BpP/5PK1/8/1b4b1/p7/7k b - -,b3g8 f5g6 b8d7 h6h7 g3h4 g5h4 d7f6 h7h8q a2a1q h4g5
7R/4kp1P/1p2P1p1/3p1p1r/8/6P1/5P2/6K1 b - -,
r3r1k1/N2n1pbp/q5p1/2pP4/5P2/5N2/PP1Q1KPP/R1B4R b - -,a6a7 h1e1 g7d4 f3d4 c5d4 f4f5 d7f6 f2f1 a7a6 f1g1
r1bqkb1r/1p3ppp/p1n1p3/3pP3/3P4/5N2/PP3PPP/RNBQ1RK1 b kq -,c6a5 b1c3 f8e7 c3e2 c8d7 e2f4 a8c8 f1e1 e8h8 h2h3
rn1q1rk1/1ppBbppp/p2p1n2/3Pp3/4P3/2P2N2/PP3PPP/RNBQR1K1 b - -,f6d7 c1e3 d7f6 f3d2 g7g6 c3c4 f6h5 e3h6 f8e8 d2f3
r3kb1r/pp1b1ppp/2n2p2/5q2/5B2/7P/PPPQNPP1/2KR1B1R b kq -,e8a8 e2g3 f5e6 c1b1 f8b4 d2c1 c6e5 a2a3 b4a5 g3e2
8/7R/4p1p1/4k3/6KP/4r2P/8/8 b - -,
8/1n5p/8/8/k5PP/p1K5/R7/8 b - -,b7d6 g4g5 d6e4 c3c2 a4b4 c2b1 b4b3 a2g2 b3c3 h4h5
r1b1k2r/p4pp1/2p2n1p/n3q3/4p3/4B3/PPP1BPPP/RN1Q1RK1 b kq -,a5b7 d1d4 e5e7 b1c3 e8h8 d4a4 c8d7 f1d1 a7a5 d1d2
8/2p2pk1/4b1p1/2P1p2p/7P/q3QPP1/5K2/5B2 b - -,a3b2 e3e2 b2c3 e2e3 c3c2 f2g1 c2b2 f1g2 e6d5 g2h3
r3k2r/1p1n1Q2/2pp1p1p/pn2p1p1/4P3/bNPP2BP/BP3PP1/2KR3R b kq -,e8f7 b3d4 f7e7 d4b5 a3b2 c1b2 c6b5 f2f3 d7c5 g3e1
1r2r1k1/pb2qppn/1ppn4/3p4/3PP1Pp/1P3P2/PBQ3BP/2RNR1K1 b - -,b8c8 e4e5 c6c5 d1c3 h4h3 g2f1 h7g5 c2f2 d6e4 f3e4
r1b1nrk1/p5qp/2p1p1P1/1p2p2P/8/2N3P1/PPBQ4/2KR3R b - -,h7h6 g3g4 b5b4 c3e4 c6c5 g4g5 f8f4 g5h6 g7h6 e4c5
5rk1/p1R1ppbp/3p2p1/2nP4/4P3/4B2P/P2NrPP1/3R2K1 b - -,g7e5 g1f1 e2e3 f2e3 f8e8 c7a7 e5c3 a2a4 e8b8 d1b1
r3k2r/pp1q1pbp/2n1p1p1/1B1pn3/3N1B2/7Q/PPP2PPP/R3R1K1 b kq -,e5g4 a1d1 g7d4 d1d4 f7f5 f2f3 g4f6 h3h6 d7e7 b5c6
r1b1nrk1/p3q2p/2p1p1P1/1p2p2P/8/2N3P1/PPBQ4/2KR3R b - -,e8f6 d2g5 h7h6 g5h6 f6g4 h6d2 c6c5 h5h6 c8b7 d2d7
r1bq1rk1/pp5p/2p1pbp1/2p5/2P2P1P/2NB2P1/PP2N3/R2QK2R b KQ -,d8e7 d1c2 e6e5 e1a1 c8g4 f4f5 g6f5 d3f5 f6g5 h4g5
4r1k1/5pp1/5n2/p1p5/6P1/2NR1P1P/P3P3/2q1QK2 b - -,c1f4 f1g2 f4b4 e1d2 a5a4 h3h4 a4a3 h4h5 b4b2 d3d6
3r3k/3q3b/6B1/1P4PQ/8/1p6/5KP1/4R3 b - -,d7d2 e1e2 d2f4 h5f3 f4f3 f2f3 h7g6 e2b2 g6c2 f3e3
8/2p2pk1/4b1p1/2P1p2p/7P/5PP1/1q2QK2/5B2 b - -,b2c3 e2e3 c3c2 f2g1 c2b2 f1g2 e6d5 g2f1 g7f8 e3d3
rn1qkb1r/ppp1pppp/8/3n4/3P2b1/P2Q4/1PP2PPP/RNB1KBNR b KQkq -,e7e6 f1e2 g4e2 g1e2 c7c5 e1h1 b8c6 f1d1 c5d4 e2d4
8/7R/4pkp1/7P/6K1/4r2P/8/8 b - -,
r1bq1rk1/3nb1pp/pp1p4/3Ppp2/P1N5/3BBP2/1PPQ2PP/R3K2R b KQ -,e7h4 g2g3 h4e7 f3f4 c8b7 e1h1 b6b5 c4a5 b7d5 d3b5
5k2/pp6/4p2p/6p1/6P1/8/PPPK3P/8 b - -,f8f7 d2d3 f7e7 c2c4 b7b6 b2b4 e7d7 d3e4 d7d6 e4d4
r1b1nrk1/p6p/2p1pqP1/1p6/5p2/2N3P1/PPBQ4/2KR3R b - -,h7g6 h1h6 f6e5 h6g6 e8g7 d2h2 c8b7 c3e4 f4g3 g6g3
1rb2rk1/1nq1bppp/p2p1n2/1ppPp3/PP2P3/2P2N1P/2B2PP1/R1BQRNK1 b - -,c5b4 c3b4 a6a5 c1a3 a5b4 a3b4 b7c5 a4a5 c5a6 b4d2
r5qk/p2b4/1p3R2/1P1Pp3/4Pp1N/2Q5/P3Br2/2R4K b - -,f2g2 f6h6 h8g7 c3e5 g7h6 e5h5 h6g7 h1g2 d7e8 h5g4
r2qr3/1ppb1pbk/p1np1npp/4p3/P2PP3/2P1BN1P/1PBN1PP1/R2QR1K1 b - -,e5d4 c3d4 c6b4 c2b1 a6a5 a1a3 b7b5 a4b5 d7b5 d1c1
5rk1/p1R1ppbp/3p2p1/3P4/n3P3/4B2P/P2NrPP1/3R1K2 b - -,f7f5 f1e2 a4c3 c7c3 g7c3 e4f5 g6f5 g2g3 c3d2 d1d2
r3k1nr/1p3ppp/p1pbbq2/4p3/2N1P3/3BB3/PPP2PPP/R2Q1RK1 b kq -,d6b4 d1h5 e6c4 d3c4 f6e7 a2a3 b4d6 a1d1 a8d8 h5g4
r6r/1p1n1k2/2pp1p1p/pn2p1p1/4P3/PNPP2BP/B4PP1/2KR3R b - -,b5c3 d1d2 a5a4 b3a1 d6d5 f2f3 d7c5 c1b2 c3a2 b2a2
r2q1rk1/pp1bppb1/n4npp/1Npp4/3P1B1P/2P1PN2/PP2BPP1/R2Q1RK1 b - -,d7b5 e2b5 d8b6 d1e2 a6b8 a1b1 a7a6 b5d3 b8d7 a2a4
r1b1nrk1/p5q1/2p1p1Pp/1p2p2P/6P1/2N5/PPBQ4/2KR3R b - -,b5b4 c3e4 f8f4 g4g5 h6g5 e4g5 b4b3 a2b3 f4d4 d2e3
r2qr3/1pp2kp1/p1n1b2p/3N4/1bQ5/4BN1P/PP3PP1/R2R2K1 b - -,d8d6 e3f4 e6d5 d1d5 d6e6 a2a3 c6e7 d5d4 e6c4 d4c4
r2B1rk1/pp3pp1/7p/3p4/6b1/2n1PN2/PP2BPPP/3Q1RK1 b - -,
8/6N1/6p1/6Pk/8/6bK/6P1/8 b - -,c3d1 d8e7 d1b2 e7f8 g8f8 f1b1 b2a4 b1b7 a4c3 g1f1
8/2p2pk1/4b1p1/2P1p2p/7P/2q1QPP1/5K2/5B2 b - -,c3b2 e3e2 b2c3 e2e3 c3c2 f1e2 c2b2 f2f1 g7f8 f1e1
r2q1rk1/ppp1Nppp/2np1n2/4p3/4P3/5B1P/PPPP1PP1/R1BQ1RK1 b - -,g8h8 e7c6 b7c6 d2d3 d6d5 c2c3 d5e4 d3e4 d8d1 f1d1
r1b1kbnr/pp2pppp/2n5/3q4/Q2p4/5NP1/PP1PPPBP/RNB2RK1 b kq -,d4d3 b2b4 c8d7 b4b5 d3e2 f1e1 c6e5 f3e5 d5e5 b1c3
5rk1/p1R1ppbp/3p2p1/3P4/n3P3/4P2P/P2N2P1/3R1K2 b - -,g7f6 d1c1 a4c5 c7a7 f8b8 c1b1 b8c8 f1e2 g8g7 b1c1
r6r/1p1n1k2/2pp1p1p/p3p1p1/4P3/PNnP2BP/B2R1PP1/2K4R b - -,a5a4 b3a1 d6d5 f2f3 d7c5 e4d5 c3a2 d2a2 h8d8 d3d4
8/7R/4pkp1/7P/4r3/5K1P/8/8 b - -,
3r1r1k/1q3Bpb/2R1N2p/1P6/1p1b4/8/4QPPP/4R2K b - -,b7d7 e6d8 d7d8 f7b3 f8f2 e2c4 f2f8 e1d1 h7g8 c4b4
5b2/5p1k/5p2/5R2/6P1/7P/5P2/N5K1 b - -,f8d6 f5b5 f6f5 b5f5 h7g6 a1c2 f7f6 g1g2 g6f7 f5b5
8/5rk1/p2p2p1/2qPpBbr/1P4R1/8/P3QP2/1K4R1 b - -,c5b5 f5d3 b5b6 g4g5 b6b4 b1c1 b4c3 d3c2 c3a1 c1d2
r1b1k2r/3n1Bpp/p1p5/1pb1p3/4P3/2N1BP2/PPP2KPP/R2R4 b kq -,e8f7 d1d7 c8d7 e3c5 g7g5 c3e2 g5g4 e2c1 h8g8 c1d3
r4rk1/pp1n1pp1/2p2q1p/3p4/1b1P4/P1NQPN2/1P3PPP/2R2RK1 b - -,a7a5 a3b4 a5b4 c3e2 a8a5 c1a1 f8a8 a1a5 a8a5 d3c2
8/pp2k3/4p2p/6p1/6P1/4K3/PPP4P/8 b - -,e7d7 e3d4 d7d6 c2c4 b7b6 b2b3 a7a6 d4e4 d6d7 e4d3
8/6N1/6p1/6k1/8/6K1/6P1/8 b - -,e7d7 e3d4 d7d6 c2c4 b7b6 b2b3 a7a6 d4e4 d6d7 e4d3
3r1nk1/4Rppp/1p1P4/pN4P1/8/1P6/5P1P/6K1 b - -,h7h6 g5h6 g7h6 e7b7 g8g7 b7b6 f8d7 b6a6 d7c5 a6a5
3r3k/7b/6B1/1P4PQ/8/1p6/3q2P1/4RK2 b - -,d8f8 g6f7 d2f4 f1g1 f4f7 h5h4 f7f4 h4h6 b3b2 b5b6
8/2p2pk1/4b1p1/2P1p2p/7P/4QPP1/2q5/5BK1 b - -,c2b2 f3f4 e5f4 e3f4 e6d5 f4e3 d5c6 f1e2 b2f6 e2f1
1r1r2k1/3q1pp1/7p/Rp1bp2P/1P6/2PQ4/4BPP1/3R2K1 b - -,d7e8 d3f5 d5c6 a5a7 d8d1 e2d1 b8d8 d1b3 d8d7 a7d7
r5k1/1pp3p1/p6p/P6P/6Rn/8/1P3PP1/5BK1 b - -,b7b5 g4h4 c7c5 h4e4 g8f7 e4g4 f7f6 g4g6 f6e5 g6g7
1r2rbk1/Rb3p2/1R1n1p1p/2p1p3/4P3/2P2N2/2B2PPP/5NK1 b - -,f6f5 e4f5 b7f3 b6b8 e8b8 g2f3 d6b5 a7a6 b5c3 f1e3
5rk1/p1R1ppbp/3p2p1/3P4/4P3/2n1P2P/P2N2P1/2R2K2 b - -,a7a5 c7c3 g7c3 c1c3 f8b8 f1e2 b8b2 c3a3 b2b5 a3a4
r1b1nrk1/p5q1/2p1p1Pp/4p2P/1p2N1P1/8/PPBQ4/2KR3R b - -,f8f4 g4g5 b4b3 a2b3 c8b7 g5h6 g7h6 c1b1 c6c5 d2d7
1n6/5p2/6p1/5PKP/8/1b4b1/pB4k1/7R b - -,g6h5 h1c1 h5h4 c1c3 f7f6 g5g6 h4h3 c3b3 h3h2 b2a1
r6r/1p1n1k2/2pp1p1p/4p1p1/p3P3/P1nP2BP/B2R1PP1/N1K4R b - -,d6d5 e4d5 c6d5 d2c2 h8c8 c1d2 c3a2 c2a2 d5d4 a2c2
8/8/5k2/1p1p1P2/1PrP3P/1B6/KB3n2/8 b - -,c4c7 b3d5 f6f5 d5f3 f2e4 f3e2 e4d2 e2b5 c7a7 b2a3
r3k2r/pp3pbp/2nqp1p1/1B1pn3/3N1B2/2Q5/PPP2PPP/R3R1K1 b kq -,e8a8 f4g3 h8g8 e1e3 e5c4 g3d6 g7d4 c3b3 c6a5 b3b4
r1b4r/3R1kpp/p1p5/1pb1p3/4P3/2N1BP2/PPP2KPP/R7 b - -,c8d7 e3c5 d7e6 b2b3 a6a5 a2a4 h8d8 f2e1 f7f6 c3d1
1r3rk1/1nqbbppp/p2p1n2/1ppPp3/PP2P3/2P2N1P/2BB1PP1/R2QRNK1 b - -,c5b4 c3b4 a6a5 b4a5 b7a5 f1e3 f8c8 a4b5 a5c4 b5b6
r4r2/p1pR1pkp/6p1/3Npn2/1PP5/4P3/PQ3PqP/4KR2 b - -,a8e8 d7c7 f5h4 e1e2 h4f3 d5f4 f3g1 e2e1 g2h2 c7a7
r1q3k1/pp4pp/4pbr1/2Pp1n2/1P3P2/2P2N2/P4BPP/R3QRK1 b - -,b7b6 a1b1 h7h5 f2d4 b6c5 b4c5 h5h4 e1e2 c8c6 b1b5
8/7R/4pkP1/8/7r/5K1P/8/8 b - -,
rn1r2k1/pp3pbp/1q1pbnp1/2p5/4PP2/2N2N2/PPP1B1PP/R1BQ1RK1 b - -,
r1b1nrk1/p6p/2p1p1P1/1p3q2/4Np2/6P1/PPBQ4/2KR3R b - -,b5b4 h1h7 f5g6 d1h1 g6h7 h1h7 g8h7 e4g5 h7g8 d2h2
4r1k1/1R5b/p3P1p1/r2p2p1/6B1/2P5/1P5P/3R2K1 b - -,a5a4 b2b4 a6a5 e6e7 a5b4 c3b4 d5d4 g4d7 a4b4 b7b4
8/6p1/7p/8/1r6/5P2/1Rk1K2P/8 b - -,c2b2 e2d2 b4h4 d2d3 h4h2 f3f4 h2h3 d3d2 h3h4 d2d3
r6r/3b1kpp/p1p5/1pB1p3/4P3/2N2P2/PPP2KPP/R7 b - -,g7g5 c3e2 g5g4 e2c1 h8g8 c1d3 a8e8 c5b4 g8g5 b4c3
r3r1k1/pp3pp1/7p/3p4/6b1/B3PN2/PP2BPPP/3n1RK1 b - -,d1e3 f2e3 e8e3 g1f2 e3e6 h2h3 g4h5 f1c1 e6c6 c1d1
r1bq1rk1/pp5p/2p2bB1/2p5/2P2p1P/2N5/PPQ1N1P1/2KR3R b - -,d8e7 g6e4 e7g7 h4h5 h7h6 e4f3 c8g4 c2g6 g7g6 h5g6
8/2p2pk1/4b1p1/2P1p2p/5P1P/4Q1P1/1q6/5BK1 b - -,g7f6 f1g2 b2d4 g1f2 d4a1 g2c6 e6f5 e3d2 e5e4 d2b4
r2q1rk1/1b1nb1pp/pN1p4/Pp1Ppp2/8/3BBP2/1PPQ2PP/R3K2R b KQ -,h7h6 b6a8 d8a8 e1h1 b7d5 b2b3 d5e6 c2c4 b5c4 b3c4
8/3k4/1K4pP/3p1p2/5p2/8/8/8 b - -,f4f3 h6h7 f3f2 h7h8q f2f1q h8g7 d7e6 g7g6 e6e5 g6h6
5rk1/p1R1ppbp/3p2p1/3P4/4P3/4P2P/n1RN2P1/5K2 b - -,g7c3 c2a2 c3d2 a2d2 f8a8 f1e2 a8b8 d2c2 a7a5 e2d2
rn1r2k1/pp3pbp/1q2bnp1/2ppP3/5P2/2N2N2/PPP1B1PP/R1BQ1RK1 b - -,f6e4 d1e1 f7f6 c3e4 d5e4 f3d2 c5c4 g1h1 b6c6 b2b3
r2r2k1/1p2bppp/pq2p3/1b2B3/4B3/P4Q2/1PP2PPP/R2R2K1 b - -,f7f6 e5c3 b5c6 e4c6 b6c6 f3c6 b7c6 d1e1 g8f7 e1e4
rn2kb1r/pppnppp1/6b1/6Pp/1qBP3P/1PN2P2/P1PB4/R2QK1NR b KQkq -,b4b6 g1e2 e7e6 e2f4 b8c6 d4d5 c6d4 d5e6 d7e5 c3d5
r6r/1p1nk3/2pp1p1p/4p1p1/p3P3/P1nP2BP/BK1R1PP1/N6R b - -,c3a2 b2a2 b7b5 f2f3 a8b8 h1b1 e7e6 g3f2 h8c8 a1c2
rn2r1kb/pp3p1p/1q1p1npP/2pP1bB1/2P5/1PN2P2/P3B1P1/R2QK1NR b KQ -,f6h5 d1d2 h5g3 h1h4 b8a6 e1f2 g3h5 e2f1 a6b4 g1e2
5r1k/5B1b/8/1P4PQ/8/1p6/3q2P1/4RK2 b - -,d2f4 f1g1 f4f7 g5g6 f7g6 h5c5 g6f6 e1e2 f8f7 c5c1
3r2k1/1R3ppp/1p1Pn3/pN4P1/8/1P6/5P1P/6K1 b - -,g8f8 b7b6 e6g5 g1f1 g5f3 f1g2 f3d2 b5d4 f8e8 f2f3
8/pp6/3kp2p/6p1/4K1P1/8/PPP4P/8 b - -,a7a6 e4d4 a6a5 d4e4 a5a4 b2b4 a4a3 c2c4 d6c7 e4d4
r5k1/1pp3p1/p6p/P4n1P/6R1/3B4/1P3PP1/6K1 b - -,g7g5 d3f5 a8d8 g4c4 d8d2 c4b4 d2d1 g1h2 d1a1 b4b7
5rk1/p1R1ppbp/3p2p1/3P4/2R1P3/4P2P/n2N2P1/5K2 b - -,a7a6 c7e7 a6a5 e7c7 f7f5 c7c8 a2b4 c8f8 g7f8 d2b1
r1b2k1r/ppp1n1p1/3pN2p/4n2q/4P3/1QN4P/PP3PP1/R1B2RK1 b - -,c8e6 b3e6 h5f7 e6f7 f8f7 b2b3 a7a6 f1d1 e5d7 f2f3
8/7P/4pk2/8/8/5K1P/8/8 b - -,
8/3rpk2/p2p1r2/Pp1P3p/4RP2/2P2KP1/1P6/4R3 b - -,f7f8 e4e6 f6e6 e1e6 b5b4 c3b4 d7b7 e6e4 b7b5 e4d4
2k4r/B4ppp/1p3r2/2b5/8/3K4/PP4PP/1R5R b - -,c8b7 b1f1 h8d8 d3c2 b7a7 f1f6 g7f6 h1f1 c5d4 f1f4
r1b1n1k1/p5q1/2p1p1Pp/4p1PP/1p2Nr2/8/PPBQ4/2KR3R b - -,c6c5 g5h6 g7h6 e4c5 a7a5 c1b1 a5a4 c2e4 a8b8 d2d8
6k1/8/8/1p2q3/2p1Np2/2P2K2/8/8 b - -,c6c5 g5h6 g7h6 e4c5 a7a5 c1b1 a5a4 c2e4 a8b8 d2d8
8/8/3k1p2/1p3p1p/p2K1P1P/PP4P1/8/8 b - -,
r1b1qrk1/pppnb1pp/3ppn2/5p2/1PPP4/2N2NP1/PB2PPBP/R2Q1RK1 b - -,a7a5 b4b5 d7b6 f3d2 a5a4 a1c1 e6e5 c4c5 d6c5 d4e5
8/2p2p2/4bkp1/2P1p2p/5P1P/4Q1P1/1q4B1/6K1 b - -,b2d4 g1f2 d4a1 g2c6 e6f5 e3e1 a1b2 e1e2 b2c3 e2e3
r4rk1/ppq2pbp/2p1nnp1/4p3/2P1P3/1P3BPP/PBQ1NP2/R4RK1 b - -,f8d8 h3h4 a7a5 a1d1 h7h5 g1h2 d8d7 d1d7 f6d7 f3g2
3r1r1k/1q4pb/2R3B1/1P4pQ/1p1b4/8/5PPP/4R2K b - -,a8d8 h3h4 f8e8 a1d1 h7h5 f3g2 f6g4 g2f3 c7e7 e2c1
r6r/1p1nk3/2pp1p1p/1n2p1p1/p3P3/P2P2BP/BKNR1PP1/7R b - -,d7c5 f2f3 c5b3 a2b3 a4b3 b2b3 c6c5 h1a1 b5c7 g3f2
8/3k1pp1/7p/8/1PK5/2P5/P5PP/8 b - -,d7d6 a2a4 f7f5 c4d4 g7g5 a4a5 h6h5 a5a6 d6c7 d4e5
rn1r2k1/pp3pbp/1q2b1p1/2ppP3/4nP2/2N2N2/PPP1B1PP/R1B1QRK1 b - -,c5c4 g1h1 e4c3 b2c3 b8c6 e2d1 e6f5 f3g5 h7h6 g5f3
3Q4/5kp1/2R5/1P4p1/1p1b4/8/5rPP/4R2K b - -,c5c4 g1h1 e4c3 b2c3 b8c6 e2d1 e6f5 f3g5 h7h6 g5f3
4r1k1/pb3pp1/1q5p/8/1b1RNP2/2P2Q2/PP4PP/2K5 b - -,b4c5 d4c4 c5f8 c4d4 b6c7 f3d3 c7f4 e4d2 f4h2 d3b5
4rr2/p1R2pkp/6p1/3Npn2/1PP5/4P3/PQ3PqP/4KR2 b - -,f5h4 e1e2 h4f3 d5f4 f3g1 e2e1 g2h2 c7a7 h7h5 e1d2
5rk1/4Rpbp/3p2p1/p2P4/2R1P3/4P2P/n2N2P1/5K2 b - -,g7f6 e7a7 f8b8 c4c2 a2c3 a7c7 c3b5 c7c8 b8c8 c2c8
5rk1/1pp3p1/p6p/P4B1P/6R1/8/1P3PP1/6K1 b - -,g8f7 f5g6 f7e6 f2f3 f8d8 g4e4 e6f6 e4b4 d8b8 g1h2
4r1k1/5pp1/5n2/p1p5/P1q3PQ/2NR1P1P/4P3/6K1 b - -,f6d7 h4g5 c4b4 g1f1 d7f8 h3h4 b4b8 d3e3 e8e3 g5e3
8/2bkr3/2p1r1pR/1p1p2P1/pP1P1P2/P3PK2/3B4/2R5 b - -,c7b8 h6h2 b8d6 c1h1 e7e8 h2h7 e6e7 h7e7 e8e7 h1h6
r1b1rnk1/2q2pbp/p1npp3/1p3PP1/7Q/2NBB2R/PPP1N2P/R5K1 b - -,c6e5 f5f6 e5g6 d3g6 f7g6 a1f1 c8b7 c3e4 b7e4 f6f7
3r2k1/2pb1p1p/8/8/2pPP2N/5R2/2P3PP/7K b - -,d7a4 c2c3 a4c2 e4e5 c7c5 f3g3 g8f8 h4f3 c2e4 d4c5
3r1r1k/1q3BpN/2R4p/1P6/1p1b4/8/4QPPP/4R2K b - -,h8h7 e2e4 h7h8 c6h6 g7h6 e4b7 d8b8 b7d5 d4c3 d5d6
8/2p2p2/4bkp1/2P1p2p/3q1P1P/4Q1P1/5KB1/8 b - -,d4b2 f2g1 e6c4 c5c6 c4e6 g1h1 b2d4 f4e5 d4e5 e3f2
8/8/3k1p2/1p3p1p/p4P1P/P2K2P1/1P6/8 b - -,d6d5 d3c3 d5e4 c3b4 e4f3 b4b5 f3g3 b5a4 g3f4 b2b4
r3r1k1/pp2qpp1/2p2n1p/8/3Pp1b1/4P1N1/PPQN1PPP/2R2RK1 b - -,g4d7 c2c5 d7e6 c5e7 e8e7 a2a3 e6d5 g3e2 h6h5 h2h3
5r1k/5B1b/8/1P4PQ/5q2/1p6/6P1/4R1K1 b - -,f4f7 g5g6 f7g6 h5c5 g6f6 e1e2 f8f7 c5c1 f6d4 g1h2
rn2kbnr/pp1q1ppp/2ppp3/8/3PP3/5N2/PPP2PPP/RNBQ1RK1 b kq -,d6d5 b1c3 d7d8 d1e2 g8f6 e4e5 f6d7 f3g5 h7h6 e2h5
r5k1/pp3pp1/7p/3p4/6b1/B3rN2/PP2BKPP/5R2 b - -,e3e6 h2h3 g4h5 f1c1 a8d8 c1c7 d5d4 e2c4 e6e4 a3e7
r5k1/1p3ppp/p3p3/3pP3/B7/6q1/P2B4/1R1Q1K2 b - -,
6k1/1pp3p1/p6p/P4r1P/7R/8/1P3PP1/6K1 b - -,f5a5 h4h3 c7c6 b2b3 a5f5 g1f1 f5g5 f2f4 g5f5 g2g3
r1b1nrk1/p6P/2p1pq2/1p6/8/2N3p1/PPBQ4/2KR3R b - -,g8g7 c3e4 f6f5 e4g3 f5c5 g3e4 c5f5 h7h8r f8h8 d1g1
r1b1n1k1/p5q1/2p1p1P1/4p1NP/1p3r2/8/PPBQ4/2KR3R b - -,b4b3 a2b3 f4d4 d2e3 e8f6 d1d4 e5d4 e3d4 f6h5 d4d8
r1b1k2r/2q2pp1/p1pppn1p/2b5/2P1PP2/2NB4/PP4PP/R1B1QR1K b kq -,f6g4 h2h3 h6h5 e4e5 d6e5 c3e4 c5d4 c4c5 e8f8 f4e5
7k/1q3rp1/7p/1P3b2/1p1R4/8/4QPPP/4R2K b - -,f7f6 d4b4 f6b6 f2f3 h8h7 e2e5 b7c8 b4b2 f5d7 e5e4
rn2kb1r/pp3ppp/2p5/8/3K4/8/PPP2PPP/5bNR b kq -,f1g2 g1f3 g2h1 d4e3 b8d7 e3e2 f8c5 f3e1 c5d6 h2h4
4r1k1/5pp1/5n2/Q7/p5P1/2NR1P2/P3P2q/4K3 b - -,f6h7 e1d1 h2b8 a5b5 b8c8 b5a4 h7f8 a4b5 e8e7 d1e1
r4rk1/p4p1p/2p1q1p1/3pR3/8/2Q5/PPP2PPP/R5K1 b - -,e6f6 a1e1 f8d8 g2g3 h7h5 h2h4 g8g7 c3a5 d8d7 b2b3
8/5p1k/5R2/8/1b4P1/7P/5P2/N5K1 b - -,h7g7 f6f5 g7f8 a1c2 b4e7 c2e3 e7d6 g1g2 f8e7 h3h4
r3r1k1/pp2qpp1/2p2n2/7p/3Pp1b1/4P1NP/PPQN1PP1/2R2RK1 b - -,g4h3 g2h3 h5h4 g3e2 a8d8 g1h1 d8d5 f2f4 e4f3 f1f3
8/6kP/4p3/8/7P/5K2/8/8 b - -,
r1bq1rk1/pp2ppbp/5n2/2ppN3/5P2/1P2P3/PBPPQ1PP/RN3RK1 b - -,a7a6 d2d3 f6g4 d3d4 g4e5 d4e5 c8f5 b1c3 d5d4 a1d1
2K5/8/1P1k4/rP6/8/8/8/8 b - -,a5a8 c8b7 a8a1 b7b8 d6d7 b6b7 a1a4 b5b6 d7e7 b8c8
r2r2k1/ppq2pbp/2p2np1/8/2PpP3/1P4PP/PBQ2PB1/3R1RK1 b - -,c6c5 f2f4 f6e8 e4e5 a7a5 g2d5 c7b6 c2e4 e8c7 f4f5
r6r/1p1nk3/3p1p1p/1np1p1p1/p3P3/P2PN1BP/BK1R1PP1/7R b - -,b5d4 f2f3 d7b8 e3d5 e7f8 g3f2 b8c6 d5f6 f8g7 f6h5
4r1k1/pb3pp1/1q5p/8/2R1NP2/2P1bQ2/PP4PP/3K4 b - -,b6b2 f3e3 b7e4 d1e1 b2a1 e1f2 a1a2 e3e2 a2e2 f2e2
r4k1r/ppp1n1p1/3pQ2p/4n2q/4P3/2N4P/PP3PP1/R1B2RK1 b - -,h5f7 e6f7 f8f7 b2b3 a8d8 c1a3 g7g5 a1d1 a7a6 a3b2
r1b2rk1/ppq4p/2p2b2/2p5/2P2p1P/2NB4/PPQ1N1P1/2KR3R b - -,g8h8 e2g1 c8g4 g1f3 b7b5 c4b5 c6b5 d3b5 f6g7 h4h5
r4rk1/1pp1qpbp/p2p1np1/3P4/2BNP3/5Q1P/PPP2PP1/4RRK1 b - -,a8e8 c4d3 f6d5 d4f5 g6f5 e4d5 e7f6 b2b3 f5f4 e1e4
8/6Bp/p1p1k1n1/2r5/PR6/1P4PP/5PK1/8 b - -,e6f5 b4b7 h7h5 b7f7 f5e4 f7f6 c5g5 g7h6 g6h4 g2f1
3r1r1k/5Bpb/7p/1q4NQ/1p6/8/5bPP/2R2R1K b - -,b5g5 h5g5 h6g5 f1f2 h7g8 f2b2 f8f7 b2b4 f7f4 b4b5
8/7k/4p3/8/5K1P/8/8/8 b - -,
8/2bk3p/2prr1P1/1p1p2P1/pP1P1P2/P3PK2/2RB4/2R5 b - -,h7g6 c1h1 e6e7 c2c1 d6e6 h1h2 e7e8 h2h7 d7c8 c1h1
4r1k1/5pp1/5n2/p1p5/2q3PQ/P1NR1P1P/4P3/6K1 b - -,c4e6 h4f2 e6e7 g1g2 c5c4 d3d4 e7a3 d4c4 f6d7 f2d4
r1b1nr1k/4q2N/2p1p3/1p2p1PP/p7/6P1/PPBQ4/2KR1R2 b - -,f8f5 g3g4 a4a3 b2b3 e7h7 g4f5 e6f5 d2d8 c8b7 d8d7
r2q1rk1/1pp2ppp/pn1bpn2/3BN3/P2P1B2/1Q4P1/1P2PP1P/RN1R2K1 b - -,g7g5 f4g5 e6d5 b3f3 d6e7 g5h6 c7c6 b1c3 d8c8 h6f8
rn2r1kb/pp3p1p/1q1p2pP/2pP1bBn/2P3P1/1PN2P2/P3B3/R2QK1NR b KQ -,h8c3 e1f2 f7f6 g5d2 b6a5 d2c3 a5c3 g4h5 b8d7 d1e1
r1b1nr1k/p6P/2p1pq2/1p6/4N3/6p1/PPBQ4/2KR3R b - -,f6f7 e4g3 e8g7 h1f1 g7f5 f1g1 e6e5 g3f5 c8f5 g1g8
rn2kb1r/pp3ppp/2p5/4K3/8/5N2/PPP2P1P/7b b kq -,h1f3 e5d4 b8d7 d4e3 f3d5 e3e2 d5a2 b2b3 e8e7 h2h3
r5qk/p2b4/1p1R1n2/1P1Pp3/4Pp1N/2Q5/P3Br2/6RK b - -,g8h7 g1g4 d7g4 e2g4 f6g4 c3h3 f2h2 h3h2 h7e4 h2g2
2r4k/5qp1/7p/1P3b2/1p1R4/8/4QPPP/4R2K b - -,f7a7 d4b4 c8b8 e2e5 f5g6 h2h3 a7b6 e5e3 h8h7 e3b6
r1b5/p3q2k/2p1p2P/1p2pr2/6R1/2N3P1/PP1Q4/2KR4 b - -,h7h8 c3e4 c8a6 g4g7 e7f8 e4d6 f8f6 d6f5 e6f5 d2d6
r1b1n1k1/p5q1/2p1p1p1/1p3rN1/5P2/8/PPBQ4/2KR3R b - -,f5c5 h1h7 g7h7 g5h7 e6e5 h7f6 e8f6 d2d8 g8f7 d8c7
8/1pp2kp1/p6p/P4r1P/7R/8/1P3PPK/8 b - -,f5a5 h4f4 f7e6 g2g4 a5b5 b2b4 c7c6 h2g3 a6a5 b4a5
3b4/3kr3/2p1r1pR/1p1p2P1/pP1P1P2/P3PK2/3B4/7R b - -,e7e8 h6h8 e8h8 h1h8 e6e8 h8h7 d7e6 f3g4 e8e7 h7h6
r1b1n1k1/p5q1/2p1p1P1/4p1NP/5r2/1P6/1PBQ4/2KR3R b - -,g7f6 g5e4 f4e4 c2e4 c8a6 h5h6 a6e2 d2e2 f6g5 c1b1
r2r2k1/ppq2pbp/5np1/2p5/2PpPP2/1P4PP/PBQ3B1/3R1RK1 b - -,d8e8 e4e5 f6d7 b2c1 g8h8 d1e1 e8e7 h3h4 a8e8 h4h5
8/6p1/3k3p/1P3p2/P1K5/2P5/6PP/8 b - -,h6h5 a4a5 f5f4 a5a6 d6c7 c4c5 h5h4 b5b6 c7d7 a6a7
8/8/4p1k1/8/6KP/8/8/8 b - -,
5rk1/qbp1N1pp/2n5/2n2pN1/2P1p3/Q1P5/2B2PPP/3R2K1 b - -,g8h8 a3a7 c5e6 a7b7 e4e3 f2e3 c6d4 g5e6 d4e6 b7d5
rnb1kb1r/pp3ppp/4pn2/q2p4/3P4/2NBPN2/PP3PPP/R1BQK2R b KQkq -,b8c6 e1h1 f8d6 e3e4 f6e4 c3e4 d5e4 d3e4 e8h8 f3g5
r1bq1rk1/1p1nb1pp/p2p4/3Pp3/P1N2p2/5P2/1PPQ1BPP/R3KB1R b KQ -,d8e8 f1d3 d7f6 c4b6 a8b8 e1h1 e5e4 f3e4 f6g4 f2d4
rn1q1rk1/pp2bppp/2p2n2/3Pp3/4P1b1/2NB4/PPP1N1PP/R1BQ1RK1 b - -,c6d5 e4d5 b8d7 g1h1 d7b6 d1e1 b6d5 c3d5 f6d5 e2g3
r3n1k1/pR6/2p1p1p1/1p4N1/5P2/8/PPB5/2K4R b - -,b8a6 d5c6 b7c6 h2h3 g4h5 d1e1 h5g6 e2g3 a6c5 e1e2
r2k3r/1p1n4/3p1p1p/1npNp1p1/p3P3/P2P2BP/BK1R1PP1/7R b - -,b5d4 f2f3 b7b5 g3f2 a8b8 h3h4 b5b4 a2c4 d4b3 d2d1
8/p7/3kp2p/1p4p1/4K1P1/P7/1PP4P/8 b - -,d6e7 e4e5 a7a5 b2b4 a5a4 e5d4 e7d7 c2c4 b5c4 d4c4
2r3k1/1p3ppp/p3p3/3pP3/B6q/4K3/P2B4/2RQ4 b - -,
r1r3k1/1nqbbppp/p2p1n2/1p1Pp3/PPp1P3/2P2N1P/2BBQPP1/R3RNK1 b - -,a6a5 a4b5 d7b5 f1e3 e7f8 e1b1 g7g6 g1h2 a5b4 c3b4
8/1pp2kp1/p6p/P6P/7R/6K1/1P3rP1/8 b - -,f2b2 h4d4 f7e8 d4e4 e8f8 e4f4 f8g8 f4c4 c7c6 c4e4
r1b1nr1k/p6P/2p1p3/1p6/4NQ2/6p1/PPB5/2KR3R b - -,f8f4 e4g3 c8a6 g3h5 f4f8 h1f1 f8f1 d1f1 e8g7 h5f4
8/8/6k1/4p3/7P/5K2/8/8 b - -,
3N4/7k/2p5/3pR2p/r2n3P/8/5PK1/8 b - -,
r2r1bk1/1B3ppp/pq2p3/1b2B3/8/P4Q2/1PP2PPP/R2R2K1 b - -,d8d1 a1d1 a8d8 d1d8 b6d8 e5c3 a6a5 b7e4 f7f5 e4d3
8/3k3P/1K4p1/3p1p2/8/5p2/8/8 b - -,f3f2 h7h8q f2f1q h8g7 d7e6 g7g6 e6e5 b6c7 f1d3 c7d7
r3k1nr/1pb2ppp/p1p1bq2/2B1p3/2N1P3/3B4/PPP2PPP/R2Q1RK1 b kq -,e8a8 d1e1 f6g6 f2f3 e6c4 d3c4 f7f5 c5a7 g8h6 a2a4
8/6B1/p1p1k1n1/2r4p/P1R5/1P4PP/5PK1/8 b - -,c5f5 c4c6 e6f7 g7c3 g6e7 c6a6 e7d5 c3d2 f5e5 a6d6
rn2kb1r/pppnppp1/3q2b1/6Pp/2BP3P/1PN2P2/P1PBN3/R2QK2R b KQkq -,d7b6 d2f4 d6d7 c4b5 c7c6 b5d3 g6d3 d1d3 b8a6 c3e4
rn2r1k1/pp3p1p/1q1p2pP/2pP1bBn/2P3P1/1Pb2P2/P3BK2/R2Q2NR b - -,f7f6 g5d2 b6a5 d2c3 a5c3 g4h5 b8d7 d1e1 c3d4 f2g2
5r2/p2k3p/3np1p1/2qpQ3/2p1P3/1PP4P/P2N2P1/3R3K b - -,a7a6 e4d5 c5d5 e5e1 c4b3 d2f3 d5c5 a2b3 d7e7 b3b4
r4rk1/p2q1p1p/2p3p1/3pR3/8/2Q5/PPP2PPP/4R1K1 b - -,f8e8 h2h4 h7h5 b2b3 e8e5 c3e5 a7a5 e5e7 d7e7 e1e7
3r1r1k/5Bpb/7p/6Q1/1p6/8/5bPP/2R2R1K b - -,h6g5 f1f2 h7g8 f2b2 f8f7 b2b4 f7f4 b4b2 g5g4 h1g1
r4rk1/1pp1qpbp/p2p2p1/3P4/2BN4/5Q1P/PPP2PP1/4RRK1 b - -,e7d7 f3d3 d7a4 c2c3 g7d4 d3d4 b7b5 c4d3 a4a2 e1e2
r1bqrnk1/5pbp/p1np2p1/1p1N1PP1/7Q/3BB2R/PPP1N2P/R5K1 b - -,e8e5 e3b6 d8e8 d5c7 e8d7 c7a8 d7b7 e2g3 b7a8 b6f2
4rr2/p1R2pkp/6p1/3Np3/1PP4n/4P3/PQ2KPqP/5R2 b - -,h4f3 d5f4 f3g1 e2e1 g2h2 e1d2 h7h5 c7a7 g1f3 d2c1
r1r3k1/pp1bnppp/1q2pn2/3p4/1P1P1P2/P1NB1NP1/3Q1P1P/R1R3K1 b - -,c8c7 g1g2 a8c8 a1b1 e7f5 a3a4 a7a5 b4b5 f5d6 f3e5
8/1pp2kp1/p6p/P6P/6KR/8/1P4P1/5r2 b - -,f1f2 g4h3 f2b2 h4f4 f7g8 g2g4 b2b5 f4a4 g8f7 h3g2
5r1k/5q1b/6P1/1P5Q/8/1p6/6P1/4R1K1 b - -,f7g6 h5c5 g6f6 e1e2 f8f7 c5c1 f6d4 g1h2 d4f4 c1f4
r1b1n1k1/p7/2p1pqPP/4p1N1/5r2/1P6/1PBQ4/2KR3R b - -,f6g5 g6g7 e8g7 h6h7 g8f7 h7h8q e5e4 c1b1 e6e5 d2d6
2r1r1k1/2qnbpp1/p2p3p/1p1Pp1P1/4B3/1P2B2P/P1PQ1P2/1KR3R1 b - -,b5b4 g5g6 f7f5 e4f5 e7f6 f5e6 g8f8 g1g4 a6a5 e3h6
2rr2k1/ppqn1pbp/6p1/2p1P3/2Pp1P2/1P4PP/PBQ3B1/4RRK1 b - -,a7a6 g2e4 b7b5 h3h4 d7b6 h4h5 b5c4 h5g6 h7g6 b3c4
6k1/8/8/4q3/1Pp1Np2/5K2/8/8 b - -,c4c3 e4c3 e5c3 f3f4 c3d4 f4f3 d4d3 f3f4 d3e2 f4g3
rn1q1rk1/1p3pbp/p2pbnpB/2p5/2P1P3/2N2P2/PP1Q2PP/R3KBNR b KQ -,f6e4 c3e4 d8h4 g2g3 h4h6 d2h6 g7h6 f3f4 b8c6 e1a1
r1r3k1/5ppp/p3pn2/q1n2b2/1QBN1B2/P3P3/5PPP/2RR2K1 b - -,a5a4 c4e2 f6d5 b4a4 c5a4 c1c8 a8c8 e2a6 c8a8 a6b7
3N4/8/2p3k1/3p2Rp/r2n3P/8/5PK1/8 b - -,
r1b1kb1r/pp1nppp1/1q3n1p/2pp4/3P3B/1QP1PN2/PP3PPP/RN2KB1R b KQkq -,g7g5 h4g3 f6e4 f1e2 g5g4 f3d2 e4g3 h2g3 d7f6 d4c5
r4rk1/1p1n1pp1/2p2q1p/p2p4/3P4/P1RQPN1P/1P3PP1/5RK1 b - -,f6d6 c3b3 f8b8 f1c1 a5a4 b3b4 b7b5 f3e5 d7e5 d4e5
3r1r1k/1q3B1b/5p1Q/1P4N1/1p6/8/5PPP/4R2K b - -,b7f7 g5f7 f8f7 h2h3 d8g8 h6h4 b4b3 e1b1 f7g7 b1b3
rnb1k1nr/pp3ppp/2p5/q2pP3/4P3/P1P5/2PB1PPP/R2QKBNR b KQkq -,d5e4 g1e2 a5e5 d2f4 e5a5 d1d4 g8f6 d4b4 a5b4 a3b4
r2k3r/1p1n4/3p1p1p/2pNp1p1/p2nP3/P2P1PBP/BK1R2P1/7R b - -,b7b5 g3f2 a8b8 h3h4 g5h4 f2h4 d8c8 h4f2 h6h5 b2a1
1nb2rk1/q4pp1/2P4p/1P2Q3/2B1P3/5N2/3B2PP/7K b - -,a7a3 d2c3 a3c1 f3g1 c1g5 e5b8 c8e6 c6c7 e6c8 b8a7
r1b1n2k/p6P/2p1p3/1p6/5r2/6N1/PPB5/2KR3R b - -,f4f7 h1f1 f7h7 f1f8 h8g7 f8e8 g7f7 e8c8 a8c8 d1d7
8/1pp2kp1/p6p/P6P/1P4KR/8/6P1/1r6 b - -,b1b4 g4g3 b4h4 g3h4 b7b5 a5b6 c7b6 h4g4 a6a5 g4f5
8/5k2/8/4p2P/8/5K2/8/8 b - -,
r2q1rk1/1pp2pp1/3p1n1p/4p2b/N1B1P3/PP1P1n1P/2P2PP1/R2Q1R1K b - -,f3h2 h1h2 h5d1 a1d1 g8h8 f2f4 e5f4 d3d4 d8e7 f1f4
r3n1k1/p2P1ppp/1pN5/6P1/8/1P6/5P1P/4R1K1 b - -,e8f6 g5f6 g8f8 e1e8 a8e8 f6g7 f8g7 d7e8q a7a5 e8e5
1r1r2k1/pp1bqppp/1b2pn2/8/1P1N4/PB2P3/1B2QPPP/R4RK1 b - -,b8c8 f1d1 h7h6 d4f3 d7c6 f3e5 c6e4 a1c1 c8c1 d1c1
r1b1kb1r/p2qpppp/n4n2/1NpP4/Qpp1PB2/5N2/PP3PPP/R3KB1R b KQkq -,g7g5 f3e5 g5f4 e5d7 f6d7 f1c4 f8g7 d5d6 e7e6 b5c7
r1b1n1k1/p6P/2p1p1P1/4p1q1/5r2/1P6/1PBQ4/2KR3R b - -,g8h8 d2d8 f4f6 c1b1 c8b7 d8e7 f6f5 e7b7 a8d8 c2f5
8/6B1/p1p1k1n1/7p/P1P5/6PP/5PK1/8 b - -,g6e7 g7d4 c6c5 d4c5 e7c6 c5e3 e6f5 c4c5 a6a5 f2f3
rnb1kb1r/ppp1pp1p/6p1/4P3/5P2/2N5/PPP2nPP/R1B1KBNR b kq -,f2h1 c1e3 c8e6 g1f3 b8c6 f1b5 a7a6 b5c6 b7c6 b2b3
3r1r1k/5Bpb/8/6p1/1p6/8/5RPP/2R4K b - -,h7g8 f2b2 f8f7 b2b4 f7f4 b4b5 d8d5 b5b3 h8h7 b3b2
4r3/2p2p2/pbb2pkp/1p3N2/6P1/2P3N1/P4P1P/3R2K1 b - -,h6h5 g4h5 g6h7 g1f1 a6a5 h5h6 e8e5 d1d8 c6d5 f2f4
r2q1rk1/pp3ppp/2n1pn2/8/2pP4/P3P1P1/5PBP/R1BQ1RK1 b - -,d8c7 a1b1 a7a6 e3e4 a8d8 c1b2 b7b5 d4d5 c6e5 d5d6
3N4/8/2p2k2/3p3R/r2n3P/8/5PK1/8 b - -,
1r3rk1/3q1p1p/R1npb1p1/3Np1bP/2N1P3/2P5/4BPP1/3Q1RK1 b - -,g6h5 e2h5 d7c8 a6a4 g8h8 c4d6 c8d8 d6f5 c6e7 f5e3
r1b1n1k1/p5P1/2p1p2P/4p1q1/5r2/1P6/1PBQ4/2KR3R b - -,g6h5 e2h5 d7c8 a6a4 g8h8 c4d6 c8d8 d6f5 c6e7 f5e3
2r1r3/4bpk1/pq1p2p1/1p1Pp1P1/6BP/1P6/P1P1QP2/1KR3R1 b - -,c8b8 f2f4 e5f4 g4d7 b6e3 e2g4 e7f8 d7e8 b8e8 h4h5
2r2r2/2qnbp1k/p3p1p1/1p1pP2p/3P4/1PP2NQR/PB4PP/5RK1 b - -,f7f6 f3h4 f8g8 b2c1 f6f5 g3e3 h7g7 e3h6 g7f7 h4g6
7Q/3k4/1K4p1/3p1p2/8/8/5p2/8 b - -,f2f1q h8g8 d7d6 g8g6 d6e5 g6h6 f1d3 b6c5 d3c4 c5b6
8/8/5p2/1p1k1p1p/p4P1P/P1K3P1/1P6/8 b - -,d5e4 c3b4 e4f3 b4b5 f3g3 b5a4 g3f4 b2b4 f4g4 b4b5
6k1/8/8/4q3/1P3p2/2p2K2/3N4/8 b - -,d5e4 c3b4 e4f3 b4b5 f3g3 b5a4 g3f4 b2b4 f4g4 b4b5
8/6k1/8/4p2P/4K3/8/8/8 b - -,
r6r/5kpp/p1p1b3/1pB1p3/4P3/2N1KP2/PPP3PP/R7 b - -,g7g5 c3d1 g5g4 d1f2 g4f3 g2f3 h8g8 c5d6 f7f6 f2d3
5r1k/7b/6q1/1PQ5/8/1p6/6P1/4R1K1 b - -,g6f6 b5b6 b3b2 b6b7 b2b1q e1b1 h7b1 c5b4 f8b8 b4b1
8/p7/3k3p/1p2p1p1/4K1P1/PP6/2P4P/8 b - -,d6e6 c2c4 b5c4 b3c4 e6d6 c4c5 d6c5 e4e5 c5c4 e5f6
3k3r/1p1n4/3p1p1p/r1pNp1p1/p2nP3/P2P1P1P/BK1R1BP1/7R b - -,d7b6 d5b6 a5b5 b2a1 b5b6 f2d4 c5d4 a2c4 h8h7 h3h4
rn1r2k1/pp3pbp/1q1pbnp1/8/2p1PP2/2N2N2/PPP1B1PP/R1BQ1R1K b - -,d6d5 e4e5 f6e4 f3d4 b8c6 d4e6 f7e6 d1e1 e4c5 e2f3
2r2rk1/1pqb2pp/p2bp3/3p4/3Q4/P1NR2B1/1PP2PPP/2K1R3 b - -,d6g3 h2g3 f8f6 e1e2 h7h6 c3d1 c7c5 d4c5 c8c5 d3d2
4k3/8/p1R5/1p4N1/5P2/8/PPB5/2K4R b - -,d6g3 h2g3 f8f6 e1e2 h7h6 c3d1 c7c5 d4c5 c8c5 d3d2
8/8/5p2/1p3p1p/pK2kP1P/P5P1/1P6/8 b - -,e4f3 b4b5 f3g3 b5a4 g3f4 b2b4 f4g4 b4b5 f5f4 b5b6
8/2p2kp1/p6p/Pp5P/1P5R/6K1/6P1/1r6 b - -,b1f1 h4d4 f7e6 d4d8 f1f7 g3h3 f7d7 d8a8 e6d5 a8a6
rn1q1rk1/1p3pbp/p2pb1pB/2p5/2P1N3/5P2/PP1Q2PP/R3KBNR b KQ -,f7f5 h6g7 g8g7 e4c3 b8c6 h2h4 b7b5 h4h5 a8b8 h5g6
6k1/8/8/4q3/1P3p2/8/3p1K2/8 b - -,f7f5 h6g7 g8g7 e4c3 b8c6 h2h4 b7b5 h4h5 a8b8 h5g6
2r3k1/2p2ppp/2p1bn2/8/4PB1N/3P3P/2P3P1/5R1K b - -,c8a8 f4c7 a8a2 c2c4 h7h6 h4f3 c6c5 f1b1 f6d7 h1g1
8/8/2N2k2/3p1n1R/r6P/8/5PK1/8 b - -,
5r1k/3r1Bpb/8/6p1/1p6/8/5RPP/5R1K b - -,h7g8 f7h5 f8f2 f1f2 b4b3 h2h3 d7b7 f2b2 b7a7 b2e2
2r2rk1/1pqb2pp/p3p3/3p4/3Q4/P1N3R1/1PP2PPP/2K1R3 b - -,f8f6 d4f6 c7g3 f6e6 d7e6 h2g3 d5d4 e1e6 d4c3 e6e7
3r3k/1q5r/5Q2/1P6/1p6/8/5PPP/4R2K b - -,b7g7 f6d8 g7g8 e1e8 h7g7 d8h4 g7h7 e8g8 h8g8 h4d8
3r2k1/2p2ppp/2p1bn2/5NB1/4Pp2/3P4/2P3PP/5R1K b - -,
3r1r1k/1p3qnp/pnp2pp1/8/P2PPN2/1P1R3Q/2B3PP/5RK1 b - -,g6g5 f4e2 f7e6 a4a5 b6c8 e4e5 e6h3 d3h3 f6f5 g2g4
8/8/7B/6n1/K1P1Q3/5k2/3b4/1r5R b - -,g5e4 h1b1 d2h6 b1h1 h6e3 a4b3 f3f4 h1d1 e4d2 b3b4
5r1k/7b/1P3q2/2Q5/8/1p6/6P1/4R1K1 b - -,b3b2 b6b7 b2b1r e1b1 h7b1 c5b4 f8b8 b4b1 f6d4 g1h2
3k3r/1p1n4/3p1p1p/1rpNp1p1/p2nP3/P1KP1P1P/B2R1BP1/7R b - -,h6h5 a2c4 b5a5 h3h4 b7b5 c4a2 a5a6 c3b2 d7b6 f2d4
1r3r2/3q1pkp/R1npb1p1/3Np1bP/2N1P3/2PQ4/4BPP1/5RK1 b - -,b8b7 d3g3 h7h6 f1a1 b7a7 a6a7 c6a7 a1a6 a7c6 h5g6
2nrr1k1/ppq2pbp/6p1/2p1P3/2Pp1P1P/1P3BP1/PB4Q1/4RRK1 b - -,c7a5 b2c1 c8e7 f3b7 h7h5 b7e4 e7f5 g3g4 h5g4 h4h5
r1b1n1k1/p5q1/2p1p1p1/1p1r2N1/5P2/8/PPB2Q2/2KR3R b - -,b5b4 d1g1 b4b3 a2b3 a7a5 g5f3 a5a4 g1g6 a4b3 g6g7
4rk1r/ppp1n1p1/3pQ2p/4n2q/4PP2/2N4P/PP4P1/R1B2RK1 b - -,e5c6 e6d7 h5c5 g1h2 c6d4 d7g4 h6h5 g4g3 d4c2 a1b1
8/8/5p2/1K3p1p/p4P1P/P4kP1/1P6/8 b - -,f3g3 b5a4 g3f4 b2b4 f4g4 b4b5 f5f4 b5b6 f4f3 b6b7
r2qr1k1/1p3p1p/p1n1bp1b/3p4/3P4/1QN3P1/PP2NPBP/R3R1K1 b - -,a8b8 a1d1 c6a5 b3c2 d8d7 e2c1 a5c6 c2d3 c6b4 d3f1
r1bqkbnr/p1pp1ppp/1pn5/4p3/1PP5/P3P3/3P1PPP/RNBQKBNR b KQkq -,g7g6 c1b2 f8g7 g1f3 d7d6 g2g3 g8e7 f1g2 e8h8 d2d4
5r2/p2k3p/3np1p1/2qpQ3/4P3/1PP4P/3N2P1/3R3K b - -,d6e8 e4d5 c5d5 e5b8 f8f5 b8a7 d7d8 a7e3 d8e7 d1e1
r1b1n3/p4kPP/2p1p3/4p1q1/5r2/1P6/1PBQ4/2KR3R b - -,d6e8 e4d5 c5d5 e5b8 f8f5 b8a7 d7d8 a7e3 d8e7 d1e1
r6r/5k1p/p1p1b3/1pB1p1p1/4P3/4KP2/PPP3PP/R2N4 b - -,g5g4 d1f2 g4f3 g2f3 h8g8 c5d6 f7f6 f2d3 g8g5 h2h4
3r2k1/pb4p1/1q5p/5p1Q/2R1NP2/2P1b3/PP4PP/4K3 b - -,g5g4 d1f2 g4f3 g2f3 h8g8 c5d6 f7f6 f2d3 g8g5 h2h4
8/8/5k2/8/5N2/5K1B/8/8 b - -,f6g7 f3e3 g7f6 e3e4 f6f7 e4e5 f7g7 h3g2 g7f7 g2d5
r2q4/5kbp/bn2rnp1/p2Pp3/4P1P1/4B2P/1PPQNPB1/R4RK1 b - -,e6c6 d5c6 d8d2 e3d2 a6e2 f1e1 e2b5 d2a5 b6c8 a5c3
8/8/2N2k2/3p1n2/7R/8/5PK1/8 b - -,
3r2k1/2p2ppp/2p2n2/5PB1/5p2/3P4/2P3PP/5R1K b - -,
2kr3r/ppp2pp1/2P1bq1p/8/1b6/2N5/PPP1NPPP/R2QKB1R b KQ -,d8d1 a1d1 h8e8 c6b7 c8b7 h2h4 e6a2 h1h3 a2c4 h4h5
5rbk/3r2p1/8/6pB/1p6/8/5RPP/5R1K b - -,f8f2 f1f2 b4b3 h2h3 d7b7 f2b2 b7a7 b2e2 a7a2 e2e5
r1bq3k/ppp2Np1/2np3p/b2N4/3PP3/3B3P/PP4P1/R4QK1 b - -,h8g8 f7d8 c8f5 d8c6 f5h7 c6a5 g8h8 g1h2 a7a6 f1f7
8/2p2kp1/p6p/Pp3K1P/1P5R/8/6P1/1r6 b - -,c7c5 b4c5 b1c1 h4d4 c1c5 f5f4 f7e6 g2g4 c5c3 d4d8
3rr1k1/ppq2pbp/1n4p1/2p1P3/2Pp1P1P/1P3BP1/PBQ5/4RRK1 b - -,e8f8 h4h5 b6c8 g1g2 c8e7 f1h1 e7f5 h5g6 h7g6 b2c1
r1br2k1/pp3ppp/4p3/n1b5/5P2/1BPN4/PP4PP/R1BR3K b - -,a5b3 a2b3 e6e5 d3f2 c8e6 f4f5 e6b3 d1d8 a8d8 c1g5
r1b1nrk1/p6P/2p1p3/1p6/5q2/2N5/PPBQ2P1/2KR3R b - -,g8h8 d2f4 f8f4 h1f1 e6e5 g2g3 f4f1 d1f1 c8f5 f1f5
1R6/8/3k4/6N1/5P2/8/PPB5/2K4R b - -,g8h8 d2f4 f8f4 h1f1 e6e5 g2g3 f4f1 d1f1 c8f5 f1f5
5r1k/1P5b/5q2/2Q5/8/8/1p4P1/4R1K1 b - -,b2b1r e1b1 h7b1 c5b4 f8b8 b4b1 f6d4 g1h2 h8g7 b1f5
r2q1rk1/ppp2pbp/1nn3p1/3Ppb2/8/P1N1BN2/BPP1QPPP/R3K2R b KQ -,c6d4 e2d2 d4c2 e1e2 e5e4 f3d4 f5g4 e2f1 c2a1 h2h3
r1b1qr2/ppppk1pp/2n2n2/2b1p1N1/2B1P3/2P5/PP1P1PPP/RNBQ1RK1 b - -,c5b6 d2d4 d7d6 d4d5 h7h6 g5f3 c6b8 b1d2 g7g5 b2b4
r1b1n2Q/p4kq1/2p1p3/4p3/5r2/1P6/1PBQ4/2KR3R b - -,c5b6 d2d4 d7d6 d4d5 h7h6 g5f3 c6b8 b1d2 g7g5 b2b4
7k/1q4p1/7p/1P6/1pB1b1Q1/8/5rPP/6RK b - -,f2c2 c4b3 c2b2 b3c4 e4g2 g4g2 b2g2 g1g2 b7f3 b5b6
8/1p6/4B2k/pPb4p/P6P/4P3/1B3P2/4K3 b - -,b7b6 b2d4 c5e7 e1e2 e7d8 e6d5 h6g6 e2f3 g6f5 d5f7
rn2r1k1/pp3p1p/1q1p2pP/2pP1b1n/2P3P1/1Pb2P2/P2BB3/R2QK1NR b KQ -,c3d4 g4h5 b6d8 e1f1 d8f6 a1c1 b8d7 h1h2 d7e5 c1c3
8/8/2N2k2/3p4/7n/8/5P2/5K2 b - -,
r1q2rk1/pp1nppbp/6p1/3NP3/2PB4/1P6/P3Q1PP/R4RK1 b - -,c8d8 a1d1 e7e6 d5f6 g7f6 e5f6 d8c7 e2e3 g8h8 d1d2
8/R4rpk/2p1r3/1pQn1pq1/3Pp3/4P1P1/1PR2PB1/6K1 b - -,f7a7 c5a7 g5g4 a7a1 d5b4 c2c3 b4d3 a1b1 e6d6 c3d3
r1b2rk1/p4pp1/2p2n1p/n3q3/3Qp3/4B3/PPP1BPPP/RN3RK1 b - -,e5e7 d4a4 e7c7 b1c3 f8e8 h2h3 c8d7 a1d1 f6d5 e3d2
r1br2k1/pp3ppp/4p3/2b5/5P2/1PPN4/1P4PP/R1BR3K b - -,e6e5 c3c4 c8g4 f4e5 g4d1 d3c5 d1b3 c1e3 b3c4 c5b7
r1b1n2R/p4k2/2p1p3/4p3/5r2/1P6/1PBQ4/2KR4 b - -,h7h6 b3b4 c5b6 h2h3 e6e5 d1d2 b6e3 d2d1 e5f4 c1e3
2rr2k1/pp1bqppp/1b2pn2/8/1P1N4/PB2P3/1B2QPPP/2R2RK1 b - -,h7h6 f1d1 a7a6 h2h3 d7e8 c1c2 c8c2 b3c2 d8c8 e2d2
8/8/5p2/5p1p/K4P1P/P5k1/1P6/8 b - -,g3f4 b2b4 f4g4 b4b5 f5f4 b5b6 f4f3 b6b7 f3f2 b7b8q
r1b1k2r/3nbppp/p2p1n2/qp1Pp1P1/8/2N1BP2/PPPQ3P/2KR1BNR b kq -,f6g8 c1b1 h7h6 d2g2 h6g5 h2h4 g5h4 g2g7 e7f6 g7g2
r5k1/2p2ppp/2p2n2/5PB1/5p2/3P3P/2P3P1/5R1K b - -,f6d5 g5f4 h7h5 h1h2 a8a3 h2g3 c6c5 g3h4 a3c3 f1f2
6bk/3r2p1/8/6pB/1p6/8/5RPP/7K b - -,b4b3 h2h3 d7b7 f2b2 b7a7 b2e2 a7a2 e2e5 b3b2 h5g6
6k1/p4r2/6p1/8/6P1/R4pKP/5P2/8 b - -,f7c7 a3a6 g8h7 h3h4 h7g7 g3f3 c7c3 f3g2 c3c7 f2f3
rn2kb1r/pppbqppp/5n2/3P4/2B5/8/PP1PQPPP/RNB1K1NR b KQkq -,b8a6 a2a3 b7b5 c4b3 a6c5 b3c2 f6d5 d2d4 c5a4 c2e4
r4rk1/ppp1nppp/3b2n1/3p3q/P2P4/2PB1N2/1PQN1P2/R1B1R1K1 b - -,a8e8 e1e3 h5g4 g1f1 d6f4 c3c4 f7f5 c4d5 f4e3 f2e3
r1b1nr1k/p6P/2p1p3/1p6/5Q2/2N5/PPB3P1/2KR3R b - -,f8f4 h1f1 e6e5 g2g3 f4f1 d1f1 c8f5 f1f5 h8h7 f5f7
rn1q1rk1/pp2bppp/8/3Pp3/6b1/3B4/PPP1N1PP/R1BQ1RK1 b - -,f7f5 h2h3 e7d6 c1e3 g4e2 d1e2 e5e4 d3b5 a7a6 b5a4
r1bqkb1r/pp3ppp/2np4/2p2P2/8/2NP4/PPP1BPPP/R2QK1NR b KQkq -,c8f5 e2g4 d8e7 e1f1 f5e6 h2h4 e8a8 g4e6 e7e6 h4h5
rnbqk2r/p2pbppp/1pp1pn2/8/2PP4/2NBPN2/PP3PPP/R1BQK2R b KQkq -,d7d5 e3e4 d5e4 c3e4 b8d7 c1f4 e8h8 d1c2 c6c5 e1a1
3rr1k1/p1q1npbp/1p4P1/2p1P3/2Pp1P2/1P3BP1/PB4Q1/4RRK1 b - -,f7f5 g6h7 g8h8 f3e2 d4d3 e2h5 e8f8 e1e3 b6b5 f1d1
2r2rk1/pQ3p2/2n1bq1p/3p1pp1/3P4/P1B2N2/1P3PPP/1R3RK1 b - -,f8e8 f1e1 f5f4 b1c1 e8e7 b7a6 e7c7 f3e5 g8g7 f2f3
8/2p2kp1/p6p/Pp3K1P/1P4R1/8/6P1/6r1 b - -,g1h1 g4f4 h1h5 f5g4 f7g6 f4f8 h5g5 g4h3 g5f5 f8c8
4rb1r/pp1k1ppp/2P5/8/3pn3/N7/PP1B1PPP/2RK1R2 b - -,b7c6 a3c4 h7h5 f2f3 e4d2 d1d2 h8h6 f3f4 c6c5 c4e5
8/8/8/3p1k2/1N5n/8/5P2/5K2 b - -,
r7/P3R3/1K6/8/8/5p2/8/5k2 b - -,
8/5R2/4p1p1/8/4rk1P/7P/6K1/8 b - -,
r5k1/2p2ppp/2p5/3n1P2/5B2/3P3P/2P3P1/5R1K b - -,a8a3 f1e1 f7f6 f4g3 h7h5 e1e2 a3a2 h1g1 g8h7 g3e1
7k/1q4p1/7p/1P6/1pB1b1Q1/8/1r4PP/6RK b - -,e4g2 g4g2 b2g2 g1g2 b7f3 b5b6 f3e3 c4a2 e3b6 g2e2
3k3r/1p1n4/3pnp1p/1rpNp1p1/p3P3/P1KP1PPP/B2R1B2/7R b - -,e6c7 c3c2 c7d5 a2d5 d7b8 f3f4 b8c6 f4e5 f6e5 f2e3
6bk/3r2p1/8/6pB/8/1p5P/5RP1/7K b - -,d7b7 f2b2 b7a7 b2e2 a7a2 e2e5 b3b2 h5g6 a2a6 e5g5
r2q1rk1/pp2p1bp/5ppn/3P4/2BQ1B2/5b2/PP3PPP/RN2R1K1 b - -,f3h5 f4h6 g7h6 d5d6 g8h8 e1e7 d8b6 d4b6 a7b6 b1c3
r1b1n2k/p6P/2p1p3/1p6/5r2/2N5/PPB3P1/2KR1R2 b - -,e6e5 g2g3 c8g4 g3f4 g4d1 c3d1 e5e4 d1f2 h8h7 f2e4
r1bQ3R/p4k2/2p1pn2/4p3/5r2/1P6/1PB5/2KR4 b - -,e6e5 g2g3 c8g4 g3f4 g4d1 c3d1 e5e4 d1f2 h8h7 f2e4
8/8/3k3p/pp2p1p1/4K1P1/PPP5/7P/8 b - -,d6c5 e4e5 a5a4 b3a4 b5a4 e5f6 c5c4 f6g6 c4b3 c3c4
8/3pB1p1/b2P1p2/2K5/6k1/6P1/1PP5/8 b - -,a6e2 c5b6 g4f5 b2b4 e2f1 b4b5 f5e6 b6c5 f1e2 c2c4
8/8/5p2/5p1p/KP3k1P/P7/8/8 b - -,f4g4 b4b5 f5f4 b5b6 f4f3 b6b7 f3f2 b7b8q f2f1q b8b4
r2q1rk1/pp2ppbp/5n2/2pp4/5PN1/1P2P3/PBPPQ1PP/RN3RK1 b - -,f8e8 b1a3 f6g4 e2g4 e7e5 b2e5 f7f6 e5b2 a7a6 f4f5
4r1k1/p4p2/6p1/7p/2R2P2/6P1/6PK/8 b - -,e8a8 c4a4 a7a5 h2g1 f7f5 g1f2 g8f7 f2e3 f7e6 e3d4
r3kb1r/ppBb2pp/5p2/8/2PPq3/1Q5P/PP3PP1/R4RK1 b kq -,
1rbq1rk1/1p2b1pp/pN1p1n2/3Pp3/P4p2/3B1P2/1PPQ1BPP/R3K2R b KQ -,h7h6 e1a1 e5e4 f3e4 f6g4 h2h3 g4f2 d2f2 e7h4 f2d4
r1bq1rk1/pppp1ppp/1bn2n2/4p3/1P2P3/2P3P1/P2PNPBP/RNBQ1RK1 b - -,d7d5 e4d5 f6d5 d2d3 c8f5 b4b5 c6e7 a2a4 a7a6 c3c4
r2qr1k1/1p3p1p/p1n1bp2/3p4/3P4/1QN3P1/PP1bNPBP/R2R2K1 b - -,c6a5 b3c2 d2h6 c2d3 f6f5 d3f3 a5c4 e2f4 c4b2 d1d2
8/8/8/5k2/3p3n/3N4/5P2/5K2 b - -,
r4b1r/ppBb1kpp/5p2/2P5/3q4/1Q5P/PP3PP1/R3R1K1 b - -,f7g6 a1d1 d4a4 b3d3 d7f5 d3g3 g6f7 g3f3 f7g6 d1d5
r1b1nrk1/p6p/2p1pqp1/1p5P/5P2/2N5/PPBQ4/2KR3R b - -,f6f4 h5g6 f4d2 d1d2 h7h5 h1h5 b5b4 d2h2 f8f1 c3d1
2r2rk1/pQ3p2/2n1bq1p/3pN1p1/3P1p2/P1B5/1P3PPP/1R3RK1 b - -,c6e5 d4e5 f6g6 f2f3 a7a5 b1d1 c8c5 b7a7 f8c8 h2h3
rn1qkb1r/pp2pppp/2p2n2/8/3Pp1b1/2N3P1/PPP1NPBP/R1BQK2R b KQkq -,g4f5 e1h1 b8d7 f1e1 e7e6 h2h3 h7h5 c1g5 d8c7 a2a3
8/2p2kp1/p6p/Pp5P/1P2K1R1/8/6P1/5r2 b - -,
8/3qpk2/1b6/5P2/8/5K1B/8/8 b - -,f1h1 g4g6 c7c5 b4c5 h1h5 g6c6 h5g5 g2g3 g5g4 e4e5
3k4/PP6/2K3p1/8/5p1p/2P5/6PP/8 b - -,f1h1 g4g6 c7c5 b4c5 h1h5 g6c6 h5g5 g2g3 g5g4 e4e5
6k1/2p2ppp/2p5/3n1P2/8/r2P2BP/2P3P1/5R1K b - -,f7f6 f1e1 g8f7 e1e2 d5e7 e2f2 a3c3 g3c7 e7d5 c7a5
r1b2Q1R/p4k2/2p1pn2/8/4pr2/1P6/1PB5/2KR4 b - -,f7f6 f1e1 g8f7 e1e2 d5e7 e2f2 a3c3 g3c7 e7d5 c7a5
1br2kQ1/1b4p1/pp2pq1N/8/8/1B6/PP1r1PPP/4R1K1 b - -,
8/8/5p2/1P3p1p/K5kP/P7/8/8 b - -,f5f4 b5b6 f4f3 b6b7 f3f2 b7b8q f2f1q b8b4 g4g3 a4a5
r7/PK2R3/8/8/8/8/5p2/5k2 b - -,
r1bqr1k1/pp3pbp/3Pp1p1/4n3/2p1P3/B1P5/P1B1NPPP/R2Q1RK1 b - -,
r1bqkb1r/pp3ppp/2np4/2p2p2/4P3/2NP1N2/PPP1BPPP/R2QK2R b KQkq -,g7g6 c3d5 f8g7 c2c3 e8h8 e1h1 f8e8 f3d2 c6e7 d5e7
6k1/5pp1/5n2/2p5/2q3P1/p1N1QP1P/P3P1K1/8 b - -,f6d7 g2f1 d7f8 e3c1 c4b4 c3d5 b4d4 d5e7 g8h7 c1a3
r1r3k1/3n1ppp/p4n2/5p2/1P3B2/3BP3/5PPP/2RR2K1 b - -,c8e8 d3f5 d7b6 f5d3 h7h6 d3e2 b6d5 f4d6 e8d8 d6c5
r6r/5k1p/p1p1b3/1pB1p3/4P1p1/4KP2/PPP2NPP/R7 b - -,g4f3 g2f3 h8g8 f2d3 f7f6 c5d6 g8g5 h2h4 g5h5 b2b3
r1b2Q2/p7/2p1pnk1/7R/4pr2/1P6/1PB5/2KR4 b - -,g4f3 g2f3 h8g8 f2d3 f7f6 c5d6 g8g5 h2h4 g5h5 b2b3
8/8/4pRp1/8/4r2P/4k2P/6K1/8 b - -,
2kr3r/ppp2pp1/2n1bq1p/3P4/1b6/P1N5/1PP1NPPP/R2QKB1R b KQ -,d8d5 d1c1 b4c3 e2c3 d5e5 f1e2 e6c4 f2f4 e5e6 e1h1
r4b1r/pQBb2pp/5pk1/2P5/3q4/7P/PP3PP1/R3R1K1 b - -,f8c5 b7f3 h8c8 c7f4 d7c6 f3g3 g6f7 a1c1 c5b6 g1h2
r1bqk2r/1pp1b1pp/p3pp2/3pB2n/1n1P1N1P/3BPN2/PPP2PP1/R2QK2R b KQkq -,h5g3 f2g3 b4d3 d1d3 f6e5 f3e5 e8h8 e1h1 e7d6 f4h3
r1b1n2k/4q2N/2p1p3/1p3PPP/4p3/pP6/P1BQ4/2KR1R2 b - -,e6f5 g5g6 c6c5 d2h6 e7g7 h6g7 h8g7 d1d8 e8c7 h5h6
8/8/1P3p2/7p/K4pkP/P7/8/8 b - -,f4f3 b6b7 f3f2 b7b8q f2f1q b8b4 g4g3 a4a5 f1f5 a5b6
8/7R/4p3/p4kP1/P2p3P/2r5/3K4/8 b - -,
5r1k/1P6/5q2/8/1Q6/8/6P1/1b4K1 b - -,f8b8 b4c4 f6b6 g1h2 b6b7 c4f4 b8g8 g2g3 b7g7 h2g2
5Q2/3P4/3P4/5P2/3BB1P1/2P4P/r3n2P/5k1K b - -,f8b8 b4c4 f6b6 g1h2 b6b7 c4f4 b8g8 g2g3 b7g7 h2g2
4rrk1/ppp1nppp/3b2n1/3p4/P2P2q1/2PBRN2/1PQN1P2/R1B2K2 b - -,d6f4 c3c4 f7f5 c4d5 f4e3 f2e3 e7d5 d3c4 c7c6 a1a3
rn3rk1/pp2pp1p/3n4/1p3qPR/5P2/1QB2B2/PPP5/2K4R b - -,f8c8 g5g6 c8c3 g6h7 g8h8 b3c3 f5f6 c3f6 e7f6 h5d5
8/8/8/2K1k2Q/8/8/5r2/8 b - -,e5e4 h5d5 e4f4 d5d3 f2f3 d3d2 f4g4 c5d5 f3f5 d5e4
8/8/6n1/5k2/3p4/3N4/5P2/4K3 b - -,
rn1r2k1/pp3pbp/1q2bnp1/3pP3/2pQ1P2/2N2N2/PPP1B1PP/R1B2RK1 b - -,b6d4 f3d4 f6e8 b2b3 c4b3 a2b3 b8c6 d4c6 b7c6 g2g4
5rk1/p2nppbp/2Rp2p1/3P4/4P3/4B2P/P2NrPP1/3R2K1 b - -,d7f6 g1f1 e2d2 d1d2 f6e4 d2c2 f7f5 c6c8 e4c5 c8f8
r1b2Q2/p7/2p1pnkR/8/4pr2/1P6/1PB5/2KR4 b - -,d7f6 g1f1 e2d2 d1d2 f6e4 d2c2 f7f5 c6c8 e4c5 c8f8
8/8/7B/8/K1P1n3/5k2/3b4/1R6 b - -,
r5k1/5p2/6p1/p6p/R4P2/6P1/6P1/6K1 b - -,g8g7 g1f2 g7f8 f2f3 f7f5 f3e3 f8e7 e3d4 e7d6 d4c4
8/1P6/5p2/7p/K5kP/P4p2/8/8 b - -,f3f2 b7b8q f2f1q b8b4 g4g3 a4a5 f1f5 a5b6 f5e6 b6b5
3k3r/1p1n4/3pnp2/1rp1p1pp/p3P3/P1KPNPPP/B2R1B2/7R b - -,e6d4 e3f5 d4f3 f5d6 b5b6 d6c4 b6b5 d2d1 d8c7 c4e3
2qrr1k1/p4pb1/1p4p1/2pBPn2/2P2P2/1P1p2PQ/P2B4/4RRK1 b - -,g8f8 g3g4 f5e7 d5e4 d8d4 f1f3 e7c6 f3f2 c6b4 d2b4
rn2kb1r/pppn1pp1/3q2b1/4P1Pp/2B4P/1PN2P2/P1PBN3/R2QK2R b KQkq -,d6c5 e2f4 b8c6 e5e6 d7e5 e6f7 g6f7 c4f7 e5f7 d1e2
6k1/2p3pp/2p2p2/3n1P2/8/r2P2BP/2P3P1/4R2K b - -,h7h5 e1e2 a3a2 g3e1 c6c5 h1h2 d5b4 e1b4 c5b4 e2e4
rn2r1k1/pp3p1p/1q1p2pP/2pP1P1n/2Pb4/1P3P2/P2BB3/R2QK1NR b KQ -,b6d8 h1h3 h5g3 d1c2 d4g1 h3g3 d8h4 e1a1 h4g3 e2d3
3r1bk1/1ppr1p2/1q2b1pp/p3p2n/P7/1PP3PP/5P1K/1RB1RBN1 b - -,b8d7 f5g6 f7g6 h1h5 g6h5 g1h3 e8e5 f3f4 b6d8 e1f1
r1b1k2r/2q2pp1/p1pp1n1p/2b1pP2/2P1P3/2NB4/PP4PP/R1B1QR1K b kq -,c5d4 c1d2 c8b7 f1f3 c7e7 a1b1 a6a5 b2b3 f6h5 c3e2
r1bqr1k1/pp2n2p/4p1pB/3nNp2/3PB2b/2N2Q2/PP3PPK/R3R3 b - -,h4f6 e4d5 e7d5 h2g1 c8d7 c3d5 e6d5 e1e3 d7c6 a1e1
8/1p4kp/p1q2pn1/4p3/3rN3/1P3Q1P/P4PP1/4R1K1 b - -,
2r2rk1/pQ3p2/4bq1p/3pP1p1/5p2/P1B5/1P3PPP/1R3RK1 b - -,
5rk1/p2np1bp/2Rp2p1/3P1p2/4P3/4B2P/P2NrPP1/3R1K2 b - -,d7e5 f1e2 e5c6 d5c6 f5e4 d2e4 f8c8 d1c1 g7b2 c1c2
r1bqk1nr/pp2bppp/2np4/2p5/2BPPp2/2N2N2/PPP3PP/R1BQ1RK1 b kq -,c5d4 c3d5 g8f6 c1f4 e8h8 f3d4 f6d5 c4d5 c6d4 d1d4
8/5R2/4p3/p4kP1/P2p3P/6r1/3K4/8 b - -,
r1b2r1k/1pq2pp1/2pR3p/p1n1NB2/2P5/1P5P/PBQ2PP1/4R1K1 b - -,c7d6 e5f7 f8f7 e1e8 f7f8 c2d2 f8e8 d2d6 c8e6 d6d4
r6r/5k1p/p1p1b3/1pB1p3/4P3/4KP2/PPP2N1P/R7 b - -,h8g8 c5d6 f7f6 f2d3 g8g5 b2b3 g5h5 h2h4 a6a5 a1h1
r4rk1/1p2nppp/2p1B3/p7/4P3/P1B1P3/1P4PP/4RRK1 b - -,f7e6 f1f8 g8f8 e1f1 f8g8 f1d1 b7b5 d1d7 g8f7 c3e5
rn2r1k1/pp3p1p/1q1p2pP/2pP1b1P/2Pb4/1P3P2/P2BB3/R2QK1NR b KQ -,b6d8 e1f1 d8f6 a1c1 b8d7 h1h2 d7e5 f1g2 g6h5 g1h3
7k/3q4/8/8/6N1/8/nQ6/Kn6 b - -,
3r1r1k/3q1Bpb/2R4p/1P4NQ/3b3P/1p6/5PP1/5RK1 b - -,b3b2 f7a2 h6g5 a2b1 d4f2 g1h2 g7g6 h5g5 f2d4 f1f8
1Q6/8/5p2/7p/K5kP/P7/5p2/8 b - -,f2f1q b8b4 g4g3 a4a5 f1f5 a5b6 f5e6 b6b5 e6e8 b5b6
1r5k/1P6/5q2/8/8/8/6P1/1Q4K1 b - -,f6d4 g1h2 h8g7 b1f5 d4h4 h2g1 h4e1 f5f1 e1f1 g1f1
4r3/p2k3p/2qnp1p1/3pQ3/2p1PR2/2P4P/PP1N2P1/7K b - -,c6c5 d2f3 c5e3 h1h2 e8e7 h3h4 a7a6 b2b4 c4b3 a2b3
r1b2Q1R/p7/2p1pnk1/8/4pr2/1P6/1PB5/2K3R1 b - -,c6c5 d2f3 c5e3 h1h2 e8e7 h3h4 a7a6 b2b4 c4b3 a2b3
8/8/4p3/p5P1/P2pk2P/6r1/3K1R2/8 b - -,
6k1/2p3p1/2p2p2/3n1P1p/8/r2P3P/2P2BP1/4R2K b - -,a3c3 e1e2 d5b4 e2e4 c3c2 e4b4 c2f2 b4c4 f2f5 c4c6
8/8/8/5k2/1N1p1n2/8/5P2/4K3 b - -,
8/2p3p1/p3k2p/Pp5P/1P4R1/4K3/6P1/5r2 b - -,
r1bk4/p4Q1N/2p1p3/1p3n2/8/6p1/PPB5/2K5 b - -,a8b8 f7f6 d8c7 f6e5 c7b7 c2e4 b7a8 h7g5 f5e7 e4g2
2r2rk1/Q4p2/4b1qp/3pP1p1/5p2/P1B5/1P3PPP/1R3RK1 b - -,c8c4 f2f3 g5g4 b1e1 g8h7 f3g4 g6g4 e1d1 f8g8 a7f2
2rr2k1/1p1bqppp/pb2pn2/8/1P1N4/PB2PQ2/1B3PPP/2R2RK1 b - -,d7e8 f1d1 c8c1 d1c1 b6c7 g2g4 h7h6 f3g2 f6h7 b3c2
3r1bk1/1ppr1p2/4b1pp/p3p2n/P7/1PP3PP/5qBK/1RB1R1N1 b - -,c8c7 f3g3 d8c8 c1d1 h7h6 h2h3 d7e8 g3e5 b6a7 d4e6
6k1/3q4/5N2/8/8/8/nQ6/Kn6 b - -,c8c7 f3g3 d8c8 c1d1 h7h6 h2h3 d7e8 g3e5 b6a7 d4e6
5rk1/p2np1bp/2Rp2p1/3P4/4p3/4P2P/P2NK1P1/3R4 b - -,f8b8 d2e4 d7f6 e4f6 g7f6 c6c7 a7a6 c7a7 h7h5 a2a4
1rbq1rk1/1p2b1pp/pN1p1n2/3Pp3/P4p2/5P2/1PPQ1BPP/2KR1B1R b - -,h7h6 f1d3 e5e4 f3e4 f6g4 h2h3 g4f2 d2f2 e7h4 f2d4
8/K3R3/8/8/8/8/5p2/5k2 b - -,
r2qr1k1/pp1b1pbp/3Pp1p1/4n3/2pNP3/B1P5/P1B2PPP/R2Q1RK1 b - -,
3r1k2/p2nRppp/1p1P4/6P1/3N4/1P6/5P1P/6K1 b - -,g7g6 d4c6 d8c8 c6a7 c8c1 g1g2 d7c5 a7c8 c1d1 b3b4
5n2/1p2r1k1/2p1prp1/1p1PR3/6BP/6P1/PP4K1/4R3 b - -,f8d7 e5e6 f6e6 e1e6 e7e6 g4e6 d7c5 g2f3 g7f6 e6g8
r5k1/3n1p1p/p4np1/5p2/1P3B2/3BP3/5PPP/R5K1 b - -,a8e8 a1a6 f6d5 f4d6 e8d8 d3c4 d8c8 c4f1 c8c1 a6a7
rnbq1rk1/pppp1pbp/4pnp1/6B1/3P4/3BPN2/PPP2PPP/RN1Q1RK1 b - -,d7d5 b1d2 b8d7 c2c3 c7c5 f1e1 d8c7 h2h3 b7b6 g5f4
rnb1k1nr/pp3ppp/2p5/q3P3/4p3/P1P5/2PBNPPP/R2QKB1R b KQkq -,a5e5 d2f4 e5f6 d1d4 f6d4 e2d4 g8f6 f4d6 e8d7 d6g3
8/8/4R1p1/8/7r/4k2P/6K1/8 b - -,
r2q1rk1/pp2p1bp/5ppn/3P4/2B2Bb1/5P2/PP3P1P/RN1QR1K1 b - -,b7b5 c4b3 g4d7 d5d6 e7e6 b3e6 h6f7 b1c3 g6g5 e6f7
6k1/2p3p1/2p2p2/3n1P1p/8/2rP3P/2P1RBP1/7K b - -,d5b4 e2e4 c3c2 e4b4 c2f2 b4c4 f2f5 c4c6 h5h4 c6c7
r2q1rk1/1pp2pp1/3p1n1p/4p2b/N1B1P3/PP1P1P1P/2P2P2/R2Q1RK1 b - -,c7c6 d3d4 f6e4 c4e2 e4g5 g1g2 g5e6 f1g1 d8h4 g2h2
8/8/8/5k2/1N1p4/8/4KPn1/8 b - -,
1r5k/1P6/8/8/3q4/8/6PK/1Q6 b - -,h8g7 b1f5 d4h4 f5h3 h4h3 g2h3 g7g6 h2g3 g6f5 g3f2
3r1bk1/1ppr1p2/4b1pp/p3p2n/P7/1PP3qP/6B1/1RB1R1NK b - -,h8g7 b1f5 d4h4 f5h3 h4h3 g2h3 g7g6 h2g3 g6f5 g3f2
8/8/8/2K5/4k1Q1/8/5r2/8 b - -,f2f4 g4e2 e4f5 c5d5 f5g5 e2g2 g5f6 g2g3 f6f5 g3g7
r4rk1/2p1q1pp/p1pbb3/4Np2/QP6/P2P2P1/1B2PPBP/5RK1 b - -,f5f4 a4c6 a8e8 c6a6 e7g5 g3f4 g5f4 e2e3 f4h4 f2f4
2r4r/bp1k1pp1/p2Pp3/P1q1Pn1p/5Q1P/2B2N2/1P3PP1/3R1RK1 b - -,h8g8 f3d4 f5h6 f4g5 f7f6 e5f6 c5g5 h4g5 h6f7 g5g6
5r1k/5qpb/2R4p/1P6/1p1b4/8/4QPPP/3R3K b - -,f8e8 e2f1 d4e5 c6c4 b4b3 f2f4 h7g8 c4c5 e5c7 f4f5
8/2p3p1/p3k2p/Pp3r1P/1P3R2/4K3/6P1/8 b - -,f5f4 e3f4 e6d5 g2g4 c7c5 b4c5 b5b4 f4f5 b4b3 f5g6
7n/4R1pk/1P2R2p/2b5/8/3b4/6PP/4K3 b - -,c5e7 e6e7 d3a6 e1f2 h8g6 e7a7 a6c8 f2g3 g6e5 g3f4
8/K5R1/8/8/8/8/5pk1/8 b - -,
4rrk1/ppp1nppp/6n1/3p4/P2P2q1/2PB4/1PQNRP2/R1B2K2 b - -,g6h4 d3h7 g8h8 c2d3 e7g6 h7g6 g4g2 f1e1 g2h1 d2f1
r2qr1k1/pp1b1pbp/2nPp1p1/8/2pNP3/B1P5/P1B2PPP/1R1Q1RK1 b - -,
3r1N1k/5qpb/2R4p/1P6/1p1b4/8/4QPPP/4R2K b - -,f7f8 b5b6 b4b3 b6b7 b3b2 e2b5 h7f5 c6a6 d4c3 e1g1
3r1k2/R4ppp/1p1P4/2n3P1/3N4/1P6/5P1P/6K1 b - -,f7f6 g5f6 g7f6 b3b4 d8d6 b4c5 b6c5 d4e2 f6f5 a7c7
8/8/6R1/8/5k1r/7P/6K1/8 b - -,
6k1/2p3p1/2p2p2/5P1p/1n2R3/2rP3P/2P2BP1/7K b - -,c3c2 e4b4 c2f2 b4c4 f2f5 c4c6 f5f1 h1h2 h5h4 c6c7
3rr1k1/p7/1p3bp1/2pP1P2/8/1P1R2P1/P2B4/5RK1 b - -,b6b5 f1f4 f6d4 g1g2 d8d5 f5g6 g8g7 g2f3 g7g6 f4h4
r4Rk1/1p2n1pp/2p1p3/p7/4P3/P1B1P3/1P4PP/4R1K1 b - -,g8f8 e1f1 f8g8 f1d1 b7b5 d1d7 g8f7 c3e5 f7e8 d7b7
1br3Q1/1b2k1p1/pp2R3/5q2/8/1B6/PP1r1PPP/6K1 b - -,f5e6 g8e6 e7d8 e6g8 d8c7 g8g7 d2d7 g7e5 c7d8 e5h8
2kr3r/ppp2pp1/2n2q1p/3b4/8/P1NB4/1PP2PPP/R2QK2R b KQ -,f6g5 c3d5 g5g2 e1d2 g2d5 d2c1 c8b8 f2f4 h8e8 h1e1
rnbqkb1r/p4ppp/1p1ppn2/8/2NP1B2/5Q2/PPP2PPP/R3KBNR b KQkq -,a7a6 f3a8 d8c7 a8f3 b6b5 c4e3 c8b7 f3d1 b8d7 c2c3
rn1q1rk1/ppp2ppp/3b1n2/3pp3/4P1b1/3P1NP1/PPP2PBP/RNBQR1K1 b - -,d5e4 d3e4 h7h6 b1d2 d8d7 d2c4 f8e8 b2b3 b8c6 c1b2
r2qr1k1/1p3p1p/p1n1b2b/3p1p2/3P1P2/2N3P1/PP2N1BP/R2Q1RK1 b - -,h6g7 d1d2 b7b5 a1c1 a8c8 f1d1 g7f8 c1c2 c6a5 b2b3
r1bqk2r/1pp1b1pp/p3pp2/3p4/1n1P1B1P/3BPN2/PPP2PP1/R2QK2R b KQkq -,c7c6 d3e2 c6c5 c2c3 b4c6 e2d3 e7d6 f4d6 d8d6 d1c2
8/8/8/8/1N1pk3/5P2/4K1n1/8 b - -,
2r4k/1q3Np1/3R3p/1P3b2/1p1b4/8/4QPPP/4R2K b - -,h8g8 f7h6 g7h6 d6d4 b4b3 d4b4 f5c2 b5b6 g8h8 e2e6
r2q1rk1/pp2ppbp/8/2pp4/5PQ1/1P2P3/PBPP2PP/RN3RK1 b - -,f7f6 f4f5 e7e5 b1c3 g8h8 g4f3 d5d4 c3e4 f8g8 f1f2
r4knr/pp2bpp1/2qNp3/2p1P1Bp/7P/5R2/P3QPP1/3R1K2 b - -,g8h6 g5h6 e7d6 d1d6 c6e8 h6g5 f8g8 f1g1 g7g6 e2d1
8/8/3kNK2/8/2B5/8/8/8 b - -,d6c6 f6e7 c6b6 e7d6 b6a5 d6c5 a5a4 e6f4 a4a3 f4d3
4rrk1/ppp1nppp/6n1/3p4/P2P4/2PB3q/1PQNRP2/R1B1K3 b - -,g6f4 d3b5 f4g2 e1d1 h3h1 d2f1 h1f1 d1d2 g2f4 c2d1
1r1q1rk1/1p2b1pp/pN1p1n2/P2Ppb2/5p2/5P2/1PPQ1BPP/2KR1B1R b - -,f5g6 d2b4 e5e4 f2d4 e4e3 f1d3 d8e8 d4c3 f6d7 d3g6
r4bk1/1B3ppp/pq2p3/1b2B3/8/P4Q2/1PP2PPP/3R2K1 b - -,a8d8 d1d8 b6d8 e5c3 h7h6 h2h3 a6a5 b7e4 d8g5 f3e3
8/K4R2/8/8/8/8/5p2/7k b - -,h1g1 a7b6 g1g2 b6c6 g2f1 f7f2 f1f2 c6c7 f2g3 c7d6
3k1n1r/1p6/3pnp2/1rp1p1p1/p1N1P1Pp/P1KP1P1P/B2R1B2/7R b - -,d8d7 c4e3 e6c7 a2c4 b5a5 e3d5 f8e6 d5f6 d7e7 f6d5
3r2k1/p1Rnppbp/3p2p1/3P4/4P3/4B2P/P2NrPP1/3R2K1 b - -,g8f8 g1f1 e2e3 f2e3 a7a5 d1c1 f8e8 d2c4 d7c5 e4e5
7r/1pp5/3p1k2/1p2p3/1P1PP2P/2PK1NR1/8/1n6 b - -,h8h7 g3g5 e5d4 c3d4 b1a3 h4h5 b7b6 e4e5 d6e5 d4e5
r2q1rk1/1Qp2ppp/p2bpn2/3nN3/P2P1B2/6P1/1P2PP1P/RN1R2K1 b - -,d5f4 g3f4 f6d5 b1c3 a8b8 b7c6 b8b6 c6d7 d5c3 b2c3
4r3/pq1k3p/3np1p1/3pQ3/2p1PR2/1PP4P/P2N2P1/7K b - -,b7c6 b3c4 c6c5 e5g5 d7c8 f4h4 d6c4 d2f3 c5c7 e4d5
2kr3r/ppp2pp1/2n2q1p/8/6Q1/P1NB4/1PP2PbP/R3K2R b KQ -,f6f5 d3f5 c8b8 g4g2 h8e8 e1f1 g7g5 f5d3 c6e5 d3b5
3r1bk1/1ppr1p2/4b1pp/p3p2n/P7/1PP4P/5qBK/1RB1R1N1 b - -,f6f5 d3f5 c8b8 g4g2 h8e8 e1f1 g7g5 f5d3 c6e5 d3b5
r1b1nr1Q/p5k1/2p1pq2/1p6/8/2N3p1/PPBQ4/2KR3R b - -,f8h8 c3e4 f6e5 h1h8 g7h8 d2h6 h8g8 d1d8 g8f7 e4g5
3R1bk1/1B3ppp/pq2p3/1b2B3/8/P4Q2/1PP2PPP/6K1 b - -,b6d8 e5c3 h7h6 h2h3 a6a5 b7e4 d8g5 f3e3 g5e3 f2e3
8/q1r3k1/p2pB1p1/3Pp1br/6R1/1P6/P3QP2/1K4R1 b - -,a7b6 g4g5 h5g5 g1g5 b6b5 e2d1 b5c5 e6f5 c5f2 f5g6
8/8/8/4k3/3p4/3N1P2/4K1n1/8 b - -,
r1b1kb1r/1p1n1ppp/1q2p3/3pP3/pP1n4/P2B1N2/1B1N1PPP/R2Q1RK1 b kq -,d4b3 d2b3 a4b3 b2d4 b6d8 d1b3 f8e7 a3a4 b7b6 d3b5
3r2k1/p1Rnp1bp/3p2p1/3P1p2/4P3/4B2P/P2NrPP1/3R1K2 b - -,e7e6 f1e2 e6d5 e4f5 d7c5 f5g6 h7g6 c7g7 g8g7 d1c1
r1bq1rk1/pppn1pbp/3p1np1/8/2P1P3/2N1B2P/PP2NPP1/R2QKB1R b KQ -,f8e8 d1c2 d8e7 e2g3 h7h5 f1d3 d7e5 d3e2 c8e6 e3g5
r1bqkb1r/pp3p1p/3p1pp1/2pNn3/4P3/3P1N2/PPP1BPPP/R2QK2R b KQkq -,f8g7 e1h1 e8h8 c2c3 f6f5 a2a4 c8e6 d5f4 e6d7 f4d5
4rn2/1p4k1/2p1prp1/1p2R3/3P2BP/6P1/PP4K1/4R3 b - -,e8d8 e1d1 d8d6 e5e4 f6f7 g4f3 f8d7 g3g4 d7f6 e4e3
6k1/2p3p1/2p2p2/5P1p/2R5/3P3P/5rP1/7K b - -,f2f5 c4c6 h5h4 c6c7 f5d5 c7c3 d5a5 c3c4 a5a1 h1h2
8/8/8/p3p1P1/P2pk2P/6r1/3K3R/8 b - -,
r5k1/3n1p1p/p2B2p1/3n1p2/1P6/3BP3/5PPP/R5K1 b - -,d7b6 d3f1 a8d8 d6c5 b6d7 a1d1 d5f6 f2f3 d8e8 c5d6
r1b2r1k/1p3Np1/2pq3p/p1n2B2/2P5/1P5P/PBQ2PP1/4R1K1 b - -,f8f7 e1e8 f7f8 c2d2 f8e8 d2d6 c8e6 d6d4 e8e7 d4h4
r1b2rk1/p4qn1/2p1p1R1/1p6/5p2/2N3P1/PPBQ4/2K4R b - -,f8e8 d2h2 g8f8 h2h6 e8e7 g6f6 f8e8 f6f7 e7f7 c2g6
8/2p3p1/p3k2p/Pp5r/1P4R1/4K3/6P1/8 b - -,h5g5 g4d4 g5g2 d4d8 g2g3 e3e2 g3g6 d8c8 e6d6 e2d3
8/7p/p1R2p2/1p2p2k/8/1P3P2/P2r1P2/6K1 b - -,d2a2 c6f6 h5g5 f6e6 g5f5 e6b6 a2a3 g1g2 h7h5 b6h6
r1bqkb1r/pp3ppp/2B2n2/2pp4/8/1P6/PBPP1PPP/RN1QK1NR b KQkq -,b7c6 g1f3 d8e7 f3e5 e7c7 e5f3 f8d6 d1e2 e8f8 e1h1
3rr1k1/p7/1p4p1/2pP1P2/3b4/1P1R2P1/P2B2K1/5R2 b - -,a7a6 f5g6 d8d5 d2f4 d5f5 g2f3 f5f6 f1h1 f6g6 d3d1
r1b1nrk1/p6p/2p1pqP1/1p6/8/6p1/PPBQN3/2KR3R b - -,h7g6 h1h6 g3g2 h6g6 f6g6 c2g6 a7a5 d2g5 a8a7 g5g2
4r1k1/5pp1/5n2/2p5/p1q3PP/2NR1P2/P3PQ2/6K1 b - -,c4f4 f2c5 f4g3 g1f1 g3h4 f1g2 h4e1 c5d4 a4a3 d3d1
5rk1/p1p2pp1/2p4p/8/4R3/P7/1PPr1PPP/4R1K1 b - -,f8d8 e4c4 d8d6 h2h4 d6f6 f2f3 f6g6 g2g4 f7f5 h4h5
1r3qk1/1p3pp1/p1p4p/P2n3P/2B1R3/1Q6/1P3PP1/6K1 b - -,f8d8 e4g4 d8c7 c4d5 c6d5 b3e3 c7d6 e3c3 f7f6 g4b4
r1bq1rk1/pp2ppbp/6p1/3Pn3/P1p1P3/2P5/2B1NPPP/R1BQK2R b KQ -,f7f5 e1h1 f5e4 c2e4 c8f5 e4f5 f8f5 e2d4 f5h5 d4e6
r4k2/1p2n1pp/2p1p3/p7/4P3/P1B1P3/1P4PP/5RK1 b - -,f8e8 c3g7 e7g6 h2h4 a8d8 h4h5 d8d7 g7c3 g6f8 g2g4
6k1/2p3p1/2R2p2/5r1p/8/3P3P/6P1/7K b - -,f5f1 h1h2 h5h4 c6c7 f1d1 c7c4 g7g5 g2g4 d1d2 h2g1
3r2k1/R1p2p1p/1p2p1p1/4q3/1P2b3/2P5/5PPP/2Q2BK1 b - -,e4d3 c1d2 c7c5 h2h4 e5f6 f1d3 c5c4 h4h5 c4d3 h5h6
5n1r/1pk5/3pnp2/1rp1p1p1/p1N1P1Pp/P1KP1P1P/BR3B2/7R b - -,b5b2 c3b2 e6f4 b2c3 b7b5 c4e3 b5b4 a3b4 c5b4 c3b4
rn1qk2r/pb1pbppp/1pp1pn2/8/2PPN3/3BPN2/PP3PPP/R1BQK2R b KQkq -,f6e4 d3e4 d7d5 c4d5 e6d5 e4d3 b8d7 e1h1 e8h8 b2b3
r1b1n2r/p5k1/2p1pq2/1p6/4N3/6p1/PPBQ4/2KR3R b - -,f6f5 h1h8 g7h8 e4g3 f5c5 d2h6 h8g8 h6h7 g8f8 d1f1
3r2k1/p1Rnp1bp/3p2p1/3P1pB1/4P3/7P/P2NrPP1/3R2K1 b - -,d7c5 g1f1 e2e4 g5e7 e4e7 c7e7 a7a5 d1e1 g8f8 e7c7
3r1bk1/1ppr1p2/6pp/p3p2n/P7/1PP3qB/8/1RB1R1NK b - -,d7c5 g1f1 e2e4 g5e7 e4e7 c7e7 a7a5 d1e1 g8f8 e7c7
7r/p2rkp2/2Q2b2/3n4/3PB2p/P1P4P/qP1B4/2KR1R2 b - -,h8b8 d1e1 e7d8 e4d5 a2b2 c1d1 b8b6 c6c5 d7e7 e1e7
6k1/2p3p1/2R2p2/7p/8/3P3P/6PK/5r2 b - -,h5h4 c6c7 f1d1 c7c4 g7g5 g2g4 d1d2 h2g1 d2d3 g1g2
5n1r/1pk5/3pnp2/2p1p1p1/p3P1Pp/P1KP1P1P/BN3B2/7R b - -,b7b5 b2d1 e6f4 f2e3 f8e6 a2e6 f4e6 c3c2 b5b4 d1b2
r4rk1/2p1q1pp/p1Nb4/3b1p2/QP6/P2P2P1/1B2PPBP/5RK1 b - -,d5c6 a4c6 e7e2 c6c3 e2g4 g2a8 f8a8 c3c6 a8f8 c6a6
r1b1nrk1/p6p/2p1p1P1/1p6/8/2N5/PPBR4/2K4R b - -,e8f6 h1g1 c8a6 g6h7 g8h8 b2b4 a8c8 g1g5 f6d5 c3e4
8/5R2/1K6/8/8/8/5pk1/8 b - -,
3r2k1/p1Rnp2p/3p1Bp1/3P1p2/4P3/7P/P2NrPP1/3R2K1 b - -,d7b6 c7e7 d8d7 e7d7 b6d7 f6g5 d7c5 e4f5 g6f5 g5e3
rnb1k1nr/pp3ppp/2p1P3/q7/4p3/P1P5/2PB1PPP/R2QKBNR b KQkq -,c8e6 g1e2 b8d7 c3c4 a5h5 d2c3 g8f6 d1d4 e8h8 e2g3
8/2p5/p3k2p/Pp4pr/1P4R1/4K1P1/8/8 b - -,h5h1 g4d4 h1g1 e3f2 g1b1 d4d8 b1b4 d8h8 e6d5 h8h6
r3kb1r/ppp1pppp/2n2n2/3q4/3P4/2N2B2/PPP2PPP/R1BQK2R b KQkq -,d5c4 c1e3 e8a8 f3e2 c4e6 d1d2 e6f5 a2a3 e7e6 e1h1
r3k2r/pp1nbppp/1qp1pn2/3p4/3PPB2/3Q1N1P/PPPN1PP1/R4RK1 b kq -,d5e4 d2e4 e8h8 e4f6 d7f6 c2c4 c6c5 f4e3 f8d8 f1d1
rnbqkb1r/pppppppp/2n5/4P3/8/P1N2N2/1PPP1PPP/R1BQKB1R b KQkq -,g7g6 d2d4 f8g7 h2h4 d7d5 h4h5 c8g4 h5h6 g7f8 c1g5
r1b1n3/p5k1/2p1pN2/1p6/8/6p1/PPBQ4/2KR3r b - -,g7f7 d1h1 e8f6 h1f1 f7e7 d2g5 e7d6 g5g3 e6e5 f1f6
3k4/7R/r7/3KP3/8/8/8/8 b - -,
8/8/8/8/2K3Q1/4k3/5r2/8 b - -,
6k1/2R3p1/5p2/8/7p/3P3P/6PK/5r2 b - -,f1d1 c7c4 g7g5 g2g4 d1d2 h2g1 d2d3 g1g2 d3d2 g2f1
r5k1/R1p2p1p/1p2p1p1/4q3/1P2bP2/2P5/6PP/2Q2BK1 b - -,e5d6 a7a8 e4a8 c1e3 a8c6 g1f2 c6a4 h2h4 a4d1 g2g3
3r2k1/p1R1p2p/3p1np1/3P1p2/4P3/7P/P2NrPP1/3R1K2 b - -,f6d5 e4d5 e2e5 d2f3 e5e4 f3g5 e4b4 c7e7 d8b8 e7a7
5n1r/2k5/3pnp2/1pp1p1p1/p3P1Pp/P1KP1P1P/B4B2/3N3R b - -,e6d4 d1e3 c7b6 e3f5 f8g6 f2e3 b6c6 a2f7 g6f4 e3f4
8/8/8/p2kp1PP/P2p4/6r1/3K3R/8 b - -,
5rk1/6p1/pp6/2p4Q/1R2PP1P/P4K2/6P1/7R b - -,c5b4 a3b4 f8d8 e4e5 d8d5 h5e8 g8h7 f3g4 d5d4 e8h5
r2qr1k1/pp1b1pbp/3Pp1p1/4n3/P1p1P3/B1P5/2B1NPPP/R2Q1RK1 b - -,d8a5 d1d2 e8c8 g1h1 e5d3 f2f4 b7b6 h2h3 a8b8 e4e5
2rq1r2/3nbp1k/p3p1p1/1p1pP2p/3P4/1PP2NQR/P5PP/2B2RK1 b - -,c8c3 f3g5 e7g5 g3c3 g5c1 f1c1 h5h4 h3f3 a6a5 c3c7
4rk1r/p1p1nnp1/1p1p3p/1N5q/4PP2/1Q5P/PP4P1/R1B2RK1 b - -,e7c6 b5c7 e8e4 c1e3 h5f5 a1e1 f8g8 e3f2 e4e1 f1e1
r3qrk1/1ppb2bp/p1np4/4P1pn/PPN1Pp2/2P2N1P/2B2PP1/R1BQR1K1 b - -,g7e5 c1b2 g5g4 h3g4 d7g4 b4b5 a6b5 a4b5 a8a1 b2a1
r2qkbnr/p2n1ppp/3pp3/1pp5/2P1P3/3P1N2/PP3PPP/RNBQ1RK1 b kq -,d8b6 c4b5 b6b5 b1c3 b5b7 d3d4 c5d4 f3d4 a7a6 d4b3
1rbq1rk1/1p2b1pp/pN1p1n2/P2Pp3/5p2/5P2/1PPQ1BPP/R3KB1R b KQ -,c8g4 e1a1 g4h5 d1e1 h5g6 f1d3 d8e8 g2g3 g6d3 d2d3
8/5rk1/p2p2B1/4p2r/1P4R1/8/P2b1P2/1K4R1 b - -,f7f2 g6h5 g7f6 a2a3 e5e4 g4g2 f2g2 g1g2 d2e3 g2g3
8/8/8/5k2/3p4/3N1P2/6n1/3K4 b - -,
7k/6q1/5N2/8/8/8/nQ6/Kn6 b - -,
2b3k1/r4pp1/p3p2p/R1P5/4B2P/4P3/5PP1/6K1 b - -,
rn1qk2r/pbppnppp/1p2p3/8/3PP3/2NBB3/PPP2PPP/R2QK2R b KQkq -,h7h5 d4d5 e6d5 e4d5 e7d5 d1f3 d8f6 d3f5 d5e3 f3b7
8/8/7P/p2kp1r1/P2p4/8/3K3R/8 b - -,
3r3k/1q3Np1/2R4p/1P3b2/1p1b4/8/4QPPP/4R2K b - -,h8g8 f7d8 b7c6 d8c6 d4f6 b5b6 f6d8 e2c4 g8h7 b6b7
R5k1/2p2p1p/1p1qp1p1/8/1P2bP2/2P5/6PP/2Q2BK1 b - -,e4a8 c1e3 f7f6 g1f2 g8f7 h2h4 a8b7 e3d4 b7d5 g2g3
rn1qkb1r/pp3ppp/2p1pn2/8/3PN1b1/6P1/PPP1NPBP/R1BQK2R b KQkq -,b8d7 h2h3 g4f5 e4f6 d7f6 e1h1 f8d6 c2c4 e8h8 e2c3
rn1r2k1/pp3pbp/1q2bnp1/3pP3/2p2P2/2N2N2/PPP1B1PP/R1BQ1R1K b - -,f6e4 f3d4 b8c6 d4e6 f7e6 c3e4 d5e4 d1e1 c6d4 e2d1
6k1/6p1/5p2/8/2R4p/3P3P/6PK/3r4 b - -,g7g5 g2g4 d1d2 h2g1 d2d3 g1h2 d3d2 h2g1 d2e2 c4c3
2r2bk1/2q4p/p3P1p1/5p2/3Bp3/1P6/1PPQ2PP/2KR4 b - -,f8h6 c1b1 h6d2 d1d2 c7e7 g2g3 e7e6 d4e3 f5f4 e3f4
2b5/R5pk/1P4np/8/8/6K1/6PP/8 b - -,g6e5 g3f4 e5d3 f4e4 d3f2 e4d4 f2g4 h2h3 g4f6 d4e5
3r2k1/pp1r1ppp/4Q3/8/3p4/3R4/PP3PPP/3R2K1 b - -,g7g6 e6b3 h7h5 g1h1 g8g7 b3b4 b7b6 b4e1 d7d5 d3d2
6r1/7P/8/p2kp3/P2p4/8/3K3R/8 b - -,
r2r1bk1/1p3ppp/pq2p3/1b2B3/4B3/P5Q1/1PP2PPP/R2R2K1 b - -,a8c8 d1d8 b6d8 h2h4 h7h6 c2c3 b5c6 e4d3 d8e7 b2b4
r3rbk1/1b3ppp/p2q1n2/npp1p1B1/8/2PP1NN1/PPB1QPPP/R3R1K1 b - -,f6d5 a2a3 d6c7 e2f1 h7h6 g5d2 a8d8 b2b4 a5c6 a1c1
r4rk1/2p1q1pp/p1Qb4/5p2/1P6/P2P2P1/1B2PPBP/5RK1 b - -,a8b8 e2e3 a6a5 c6d5 g8h8 d5a5 h7h5 a5a6 h5h4 a6c4
8/8/6p1/4N1bk/6P1/7K/8/8 b - -,a8b8 e2e3 a6a5 c6d5 g8h8 d5a5 h7h5 a5a6 h5h4 a6c4
r2qr1k1/pp1b1pbp/2nPp1p1/8/P1p1PP2/B1P5/2B1N1PP/R2Q1RK1 b - -,d8h4 a1b1 b7b6 e4e5 f7f6 e5f6 h4f6 c2e4 a8d8 g2g4
4r1k1/pp3pp1/7p/3p4/6b1/B3rN2/PP2BKPP/4R3 b - -,e3e4 h2h3 g4h5 a3c5 b7b6 c5d6 g7g5 a2a3 f7f5 e2b5
r1bq1rk1/ppp2pb1/2np1npp/4p3/2B1P1P1/2NP1Q1P/PPP1NP2/R1B1K2R b KQ -,c6d4 e2d4 e5d4 c3e2 d6d5 e4d5 b7b5 c4b5 f6d5 b5c6
r4rk1/p4pp1/3qp2p/1Q1b4/nP1B4/P7/2B2PPP/R2R2K1 b - -,f8c8 c2a4 a7a5 b5d3 a5b4 a3b4 d5g2 g1g2 a8a4 a1a4
r1b1R2k/1p3rp1/2pq3p/p1n2B2/2P5/1P5P/PBQ2PP1/6K1 b - -,f7f8 c2d2 f8e8 d2d6 c8e6 d6d4 e8e7 d4h4 a8e8 h4h6
6K1/6P1/5q2/8/8/8/k7/8 b - -,f7f8 c2d2 f8e8 d2d6 c8e6 d6d4 e8e7 d4h4 a8e8 h4h6
r3kb1r/pp1bqpp1/2nN1p1p/8/2B2B2/8/PPPQ1PPP/2KR3R b kq -,e7d6 f4d6 e8a8 d6g3 f8e7 c4f7 g7g6 f7g6 f6f5 d2d7
3r2k1/p1R1p2p/3p2p1/3P1p2/4n3/7P/P3RPP1/5K2 b - -,a7a6 c7e7 d8b8 f1g1 g6g5 g2g4 e4c3 e7e8 b8e8 e2e8
8/2p5/p6p/Pp1k2pr/1P4R1/5KP1/8/8 b - -,h5h1 f3e2 h1c1 e2d3 c1d1 d3e3 d1e1 e3d3 d5e5 d3c3
r1bqr1k1/pp1nbppp/2p1pn2/2Pp4/3P1B2/2N2NP1/PPQ1PPBP/R4RK1 b - -,b7b6 b2b4 a7a5 a2a3 c8a6 f1b1 h7h6 h2h3 f6h5 f4e5
3k4/5R2/1r6/3KP3/8/8/8/8 b - -,
8/5N2/6pk/6b1/6P1/7K/8/8 b - -,d8e8 f7h7 e8f8 h7c7 f8e8 c7c6 b6c6 d5c6 e8e7 c6c5
4r3/2r5/4Pkpp/1R6/P1B2PP1/1P6/6K1/8 b - -,e8a8 a4a5 a8a6 b5e5 a6d6 g2f3 d6d1 a5a6 d1a1 f3e3
5rk1/6p1/1p6/P6Q/4PP1P/5K2/6P1/7R b - -,e8a8 a4a5 a8a6 b5e5 a6d6 g2f3 d6d1 a5a6 d1a1 f3e3
b5k1/2p2p1p/1p1qp1p1/8/1P3P2/2P1Q3/6PP/5BK1 b - -,a8c6 h2h4 c6a4 g2g3 a4d1 e3d3 d6d3 f1d3 g8f8 g1f2
rnbqk2r/4bppp/3ppn2/pN6/3NP3/1B2B3/PPP2PPP/R2Q1RK1 b kq -,c8d7 c2c4 e8h8 f2f3 b8a6 a2a4 d8b8 d1d2 a6b4 g1h1
8/5pk1/1R6/8/1b4P1/7P/5P2/N5K1 b - -,b4c3 a1c2 f7f5 g4g5 f5f4 g1g2 g7g8 b6a6 c3e5 g2f3
2b5/R5pk/1P5p/4n3/5K2/8/6PP/8 b - -,e5d3 f4e4 d3c5 e4d5 c5d3 d5d6 d3b4 g2g3 h6h5 b6b7
3r4/p1R1pk1p/3p2p1/3P1p2/4n3/5P1P/P3R1P1/5K2 b - -,e4f6 e2e7 f7g8 e7g7 g8h8 c7a7 d8b8 a7b7 b8c8 g7c7
8/8/8/5k2/3p1n2/5P2/5N2/3K4 b - -,
7r/7P/8/p2kp2R/P2p4/8/3K4/8 b - -,
2k4r/ppp2pp1/2n1bq1p/3r4/1b6/P1N5/1PP1NPPP/R1Q1KB1R b KQ -,b4c3 e2c3 d5e5 f1e2 e6c4 f2f4 e5e6 e1h1 c4e2 f4f5
8/2p5/p3k2p/Pp4pr/1P2K1R1/6P1/8/8 b - -,h5h1 e4e3 c7c5 b4c5 e6d5 e3d3 h1e1 d3d2 e1a1 d2c2
rn3rk1/pp2pp1p/3n4/1p4PR/5q2/1Q3B2/PPPB4/2K4R b - -,f4e5 g5g6 b8c6 h5e5 c6e5 f3b7 e5g6 b3h3 f8c8 b7a8
rn1r2k1/pp3pbp/1q2bnp1/4P3/N1pp1P2/5N2/PPP1B1PP/R1BQ1R1K b - -,b6c6 b2b3 f6e4 f3d4 c6c8 c1e3 b8c6 c2c3 b7b5 e2f3
8/3rpk2/p2p4/Pp1P1r1p/3R1P2/2P2KP1/1P6/4R3 b - -,f7g7 e1e6 d7c7 f3e3 h5h4 g3g4 f5f6 e6e4 h4h3 d4d2
1r4k1/1p3pp1/B1p4p/P1qn3P/4R3/1Q6/1P3PP1/6K1 b - -,c5a5 a6c4 g8f8 e4e5 b7b6 g2g3 b8d8 b3c2 a5a1 c4f1
r1bqkbnr/ppp3pp/2n2p2/3pP3/5B2/2P2P2/PP2P1PP/RN1QKBNR b KQkq -,f6e5 f4g3 g8f6 b1d2 c8e6 e2e4 d8d7 d1a4 e8a8 e1a1
2k4r/ppp2pp1/2n1bq1p/3r4/8/P1N5/1PP2PPP/R1Q1KB1R b KQ -,d5e5 f1e2 c6d4 f2f4 e5e3 h1f1 h8e8 c1d2 e6g4 e1a1
3r2k1/p1R1p2p/3p1np1/3P1p2/4P3/7P/P2R1PP1/5K2 b - -,d8e8 e4f5 g6f5 c7a7 g8f7 d2d1 e8c8 a2a4 c8c4 d1a1
2b5/R5pk/1P5p/8/4K3/3n4/6PP/8 b - -,d3f2 e4d4 f2g4 h2h3 g4f6 d4e5 h6h5 a7c7 c8a6 b6b7
8/p5r1/1p1P4/2p2k1R/5P2/1P3K2/P7/8 b - -,g7g5 h5g5 f5e6 g5g6 e6f7 d6d7 f7g6 d7d8q b6b5 d8e7
8/2p5/p2k3p/Pp3Kpr/1P4R1/6P1/8/8 b - -,c7c5 f5e4 h5h1 e4d3 d6d5 b4c5 h1a1 g4d4 d5c5 d4e4
r2qk2r/pppn1ppp/4pn2/3pNb2/3P1P2/2N5/PPP1BPPP/R2QK2R b KQkq -,f6e4 c3e4 f5e4 f2f3 e4f5 d1d2 h7h5 e1h1 c7c6 c2c3
r2q1rk1/pp3ppp/4pn2/n7/2pP4/P3P1P1/1B3PBP/R2Q1RK1 b - -,a8c8 d1c2 a5b3 a1d1 b7b5 e3e4 d8e7 d4d5 f8d8 c2c3
rnbk1b1r/ppp1pp1p/6p1/3NP3/6n1/8/PPP1KPPP/R1B2BNR b - -,c7c6 d5e3 g4e5 f2f4 e5g4 g1f3 f8g7 e3g4 c8g4 e2f2
6k1/2R5/5p2/6p1/6Pp/3r3P/7K/8 b - -,d3a3 c7c2 g8g7 c2c1 a3a2 h2h1 a2f2 c1b1 f2f3 h1g2
r1bqk2r/ppp2pp1/2np4/2b5/2B1P1np/2PP1N1P/PP3PP1/RNBQ1RK1 b kq -,g4f2 f1f2 c5f2 g1f2 f7f6 d3d4 d8e7 b1d2 c8d7 c4d3
r2k1b1r/pp1bqNp1/2n2p1p/8/2B2B2/8/PPPQ1PPP/2KR3R b - -,d8e8 h1e1 c6e5 f4e5 e7e6 e5c3 f8e7 c4e6 d7e6 f7h8
r3rbk1/1bp2ppp/p2q1n2/np2p1B1/8/2PP1NN1/PPB2PPP/R2QR1K1 b - -,h7h6 g5f6 d6f6 g3e4 f6d8 b2b4 a5c6 a2a4 b5a4 a1a4
r1bqkbnr/ppp3pp/2n5/3pp3/8/2P2PB1/PP2P1PP/RN1QKBNR b KQkq -,f8c5 e2e4 g8f6 b1d2 d8e7 d1c2 c8e6 f1b5 d5e4 d2e4
8/8/8/4k3/3p1n2/5P2/2K2N2/8 b - -,
r2q1rk1/1Qp2ppp/p2bpn2/4N3/P2P1P2/8/1P2PP1P/RN1R2K1 b - -,f6d5 b1c3 a8b8 b7c6 b8b6 c6d7 d8h4 c3d5 e6d5 d7g4
8/p5r1/1p1Pk3/2p4R/4KP2/1P6/P7/8 b - -,c5c4 h5h6 e6d7 b3c4 g7g2 a2a4 g2c2 e4d4 c2c1 f4f5
r1b1Rr1k/1p4p1/2pq3p/p1n2B2/2P5/1P5P/PB1Q1PP1/6K1 b - -,f8e8 d2d6 c8e6 d6d4 e8e7 d4h4 a8e8 h4h6 h8g8 h6h7
4n1k1/2p2ppp/2p5/3r1P2/5BP1/3P4/2P4P/5R1K b - -,e8f6 g4g5 f6e8 f1e1 g8f8 f5f6 g7f6 g5f6 d5h5 h1g2
4r1k1/5pp1/5n2/p1Q5/6P1/2NR1PqP/P3P3/5K2 b - -,g7g6 c5d6 g3h3 f1e1 h3h4 e1d2 h4g5 d2c2 e8e6 d6c7
8/8/8/1R6/1p3k2/5p2/5P1K/1r6 b - -,f4e4 h2g3 b4b3 b5b4 e4d3 b4b7 d3c3 b7c7 c3b2 g3f3
2b5/R5pk/1P5p/8/3K4/8/5nPP/8 b - -,f2g4 h2h3 g4f6 d4e5 h7g6 b6b7 c8b7 a7b7 f6h5 b7b4
2k4r/ppp2pp1/2n1bq1p/4r3/8/P7/1PP1NPPP/R1Q1KB1R b KQ -,e6c4 f2f4 e5e4 c2c3 h8e8 c1c2 f6f4 g2g3 f4e3 c2d2
8/2p5/p5Kp/Pp1k2pr/1P4R1/6P1/8/8 b - -,d5e6 g6h5 e6f5 g4d4 f5e5 d4d7 c7c6 d7d1 e5e4 g3g4
r2q1rk1/pb3pbp/1p1p1pp1/2pNn3/2P1P3/1P1P1N1P/P3BPP1/R2Q1RK1 b - -,f6f5 a1b1 e5f3 e2f3 b7d5 c4d5 d8g5 d1c1 f5f4 b3b4
8/3k3p/1K4P1/3ppp1P/5n2/6B1/8/8 b - -,f4g6 h5g6 h7g6 g3e5 g6g5 b6c5 d7e6 e5b8 f5f4 c5d4
4rk1r/2p1nnp1/pp1p3p/7q/3NPP2/1Q5P/PP4P1/R1B2RK1 b - -,e7c6 d4e6 f8g8 f4f5 h5h4 c1d2 c6e5 e6c7 e8c8 f1f4
1r4k1/1p3pp1/2p4p/q2n3P/2B1R3/1Q6/1P3PP1/6K1 b - -,g8f8 e4e5 b7b6 g2g3 b8d8 b3c2 a5a1 c4f1 d8d6 e5e2
r1b1rnk1/2q2pbp/p1nppPp1/6P1/1p2P2Q/2NBB2R/PPP1N2P/R5K1 b - -,b4c3 f6g7 g8g7 e2c3 g7g8 a1f1 a8b8 b2b3 c7a5 c3a4
7k/2q5/5N2/8/8/8/n7/KQ6 b - -,
4n1k1/2p2pp1/2p5/3r1P1p/5BP1/3P3P/2P5/5R1K b - -,e8f6 f4g5 d5e5 f1f4 f6d5 f4e4 e5e4 d3e4 d5b4 g4h5
4r1k1/5pp1/5n2/p1Q5/5qP1/2NR1P1P/P3P3/6K1 b - -,e8e5 c5f2 e5e8 g1g2 f6h7 f2c5 h7f8 c5a5 f4b8 c3e4
rn2kb1r/ppp1pppp/2q2n2/1N6/2B3b1/3P1N2/PPP2PPP/R1BQK2R b KQkq -,e7e6 b5d4 c6b6 h2h3 g4f3 d4f3 c7c5 c2c3 b8c6 c1e3
5Q2/3P4/3P4/5P2/3BB1P1/2P3PP/r7/5k1K b - -,e7e6 b5d4 c6b6 h2h3 g4f3 d4f3 c7c5 c2c3 b8c6 c1e3
3n1n1r/2k5/3p1p2/1pp1p1p1/p3P1Pp/P1KPNP1P/B4B2/7R b - -,d8e6 h1b1 e6d4 e3d5 c7c6 f3f4 g5f4 d5f6 h8h6 f6g8
r2qr3/ppp2kpp/5n2/2bP1b2/2P5/N4P2/PP1BBnPP/R1Q2KNR b - -,f2h1 b2b4 c5g1 f1g1 e8e2 g1h1 a7a6 a3c2 f5c2 c1c2
2k4r/ppp2pp1/2n2q1p/4r3/2b2P2/P7/1PP1N1PP/R1Q1KB1R b KQ -,e5e6 c2c3 h8e8 c1c2 f6f4 g2g3 f4e3 c2d2 e3d2 e1d2
3r2k1/2pb1ppp/2p2n2/8/4PB1N/3P4/2P3PP/R6K b - -,d8b8 f4c7 b8b2 a1a8 f6e8 h1g1 f7f6 a8d8 g8f7 d8d7
rnbqk2r/4bppp/3ppn2/pN6/4P3/1BN1B3/PPP2PPP/R2Q1RK1 b kq -,c8a6 d1f3 a6b7 f1d1 e8h8 f3g3 f6e8 e3f4 e7h4 g3e3
r1bqk1nr/ppp3pp/2n5/2bpp3/4P3/2P2PB1/PP4PP/RN1QKBNR b KQkq -,g8f6 b1d2 d8e7 f1b5 c8d7 d1c2 a7a6 b5a4 c5e3 e1a1
8/8/8/5k2/3p1n2/1K3P2/5N2/8 b - -,
8/p3k1r1/1p5R/2p1K3/5P2/1P6/P7/8 b - -,e7f7 f4f5 f7g8 h6d6 g7b7 e5e6 b7b8 d6c6 g8f8 c6c7
4n1k1/2p2pp1/2p5/3r1P2/5BP1/3P4/2P5/5R1K b - -,g8f8 f1f3 f7f6 h1g2 d5a5 c2c4 e8d6 g2f2 f8e7 f3e3
2b5/R5pk/1P5p/8/3K2n1/7P/6P1/8 b - -,g4f6 d4e5 f6h5 e5d6 h5f6 b6b7 c8b7 a7b7 f6h5 b7b4
5r1k/5qp1/7p/1P3b2/1p1R4/8/4QPPP/4R2K b - -,f5c8 d4b4 f7f2 e2f2 f8f2 h1g1 f2c2 e1e7 c2c1 g1f2
5k2/8/5p2/6p1/6Pp/2Rr3P/7K/8 b - -,f7a7 d4b4 f8f6 f2f3 a7b6 e2e8 h8h7 e8e5 f5d3 e5c3
4r1k1/5pp1/5n2/p1Q5/6P1/2NR1P1q/P3P3/4K3 b - -,f6g4 e1d1 g4e5 d3e3 h3d7 c5d5 d7c7 d1c2 e8e6 a2a3
5rrk/2qbb1np/p2p1pp1/Pp1Pn3/1Pp1PBP1/2P2NNP/2B1Q1RK/6R1 b - -,g6g5 f4e3 c7c8 h2h1 h7h5 f3d4 h5h4 g3f5 g7f5 e4f5
rn1r2k1/pp3pbp/2q1bnp1/4P3/N1pp1P2/1P3N2/P1P1B1PP/R1BQ1R1K b - -,f6e4 c1e3 c6c8 f3d4 b8c6 d4c6 c8c6 d1e1 b7b5 a4c3
8/4K3/8/2k5/4B2B/8/8/8 b - -,c5d4 e4h7 d4c3 h4g5 c3d4 g5d2 d4c4 h7c2 c4d5 d2c3
3r4/pp3kpp/4p3/3r4/3p1P2/3R4/PP1R1KPP/8 b - -,d8d7 f2f3 e6e5 f4e5 f7e6 f3f4 h7h6 g2g3 a7a5 a2a3
r1b1rn2/2q2pkp/p1npp1p1/6P1/4P2Q/2NBB2R/PPP4P/R5K1 b - -,g7g8 a1f1 a8b8 b2b3 c7a5 c3a4 c6e5 e3d4 e5d3 d4f6
2b5/R5pk/1P3n1p/4K3/8/7P/6P1/8 b - -,h6h5 a7c7 c8a6 b6b7 a6b7 c7b7 h7g6 b7b5 h5h4 e5f4
8/5pk1/1R6/8/6P1/2b4P/2N2P2/6K1 b - -,g7h7 c2e3 c3d2 b6b5 h7g7 e3f5 g7f6 h3h4 d2c1 g1g2
r3qrk1/1pp4p/p1nP4/3Q3n/PPN1Ppb1/2b2N2/2B2PP1/R1B1R1K1 b - -,g8h8 a1a3 c3e1 c1b2 h5g7 f3e1 g4e6 d5c5 e6c4 c5c4
r2q1rk1/1pp2ppn/3p3p/4p2b/N1B1P3/PP1P1P1P/2P2P1K/R2Q1R2 b - -,h7g5 f1g1 g5f3 h2h1 d8h4 g1g3 f3d4 d1g1 g8h8 g1g2
2k4r/ppp2pp1/2n1rq1p/8/2b2P2/P1P5/1P2N1PP/R1Q1KB1R b KQ -,h8e8 c1c2 f6f4 c2d2 e6e2 f1e2 f4d2 e1d2 e8e2 d2c1
2rq1rk1/pp3ppp/4pn2/n7/2pP4/P1B1P1P1/5PBP/R2Q1RK1 b - -,a5b3 a1b1 f6d5 c3d2 b7b5 e3e4 d5b6 d2e3 b6a4 b1b3
r4r1k/2p1q1pp/p1Qb4/5p2/1P6/P2PP1P1/1B3PBP/5RK1 b - -,a8a7 b2d4 a7a8 d4c3 d6e5 d3d4 e5d6 c6c4 a8e8 c4a6
3R1bk1/4r2p/p4pp1/1pB1nnNq/1P3P2/6P1/1Q5P/3R2K1 b - -,g8g7 f4e5 h5g5 e5f6 g5f6 b2f6 g7f6 d8f8 e7f7 f8f7
r3kb1r/pp1bqppp/3N1p2/4n3/2B2B2/8/PPPQ1PPP/2KR3R b kq -,e7d6 d2c3 d6c5 f4e5 f6e5 c4f7 e8f7 d1d7 f7e8 c3h3
2b5/3pB3/3P4/5pp1/2K3k1/6P1/1PP5/8 b - -,f5f4 g3f4 g5f4 e7f6 g4f5 f6g7 c8a6 c4c5 a6e2 b2b4
2r3k1/2q4p/p3P1pQ/5p2/1p1Bp3/8/PPP3PP/2KR4 b - -,f5f4 g3f4 g5f4 e7f6 g4f5 f6g7 c8a6 c4c5 a6e2 b2b4
1r4k1/5pp1/7p/qp1Q3P/4R3/8/1P3PP1/6K1 b - -,a5d8 e4e5 d8c8 d5d6 c8c1 g1h2 c1f4 h2h3 b8f8 f2f3
rnbqk2r/4bppp/3ppn2/1N6/B3P3/2N1B3/PPP2PPP/R2Q1RK1 b kq -,e8f8 h2h3 h7h5 a4b3 c8b7 d1d2 f6e4 c3e4 b7e4 a1d1
r2qrnk1/1p2bppp/2p1b3/p7/2pPPB2/P1N2N1P/1PQ2PP1/1R2R1K1 b - -,e6d7 b1d1 a8c8 d4d5 c6d5 f3e5 e7g5 f4g3 d5d4 d1d4
8/8/8/5k2/5n2/2Kp1P2/5N2/8 b - -,
3n1n1r/3k4/3p1p2/1pp1p1p1/p3P1Pp/P1KPNP1P/B4B2/1R6 b - -,f8e6 e3d5 d7c6 c3d2 h8h7 f2e3 h7a7 d2d1 a7b7 d5c3
2b5/2R3pk/1P3n2/4K2p/8/7P/6P1/8 b - -,c8a6 b6b7 a6b7 c7b7 h7g6 b7b5 g6h6 e5f5 h6h7 f5g5
1r2rbk1/1b3ppp/2nq4/1ppnp1B1/4Q3/1BPP1NN1/1P3PPP/R3R1K1 b - -,d5e7 e4g4 b7c8 g4h5 d6g6 f3e5 g6h5 g3h5 c6e5 e1e5
3rr1k1/pb4p1/1ppnq2p/4Ppn1/3P4/1P4P1/PBQ2NBP/2R1R1K1 b - -,d6f7 h2h4 g5h7 f2d3 g7g5 d3b4 g5h4 b4c6 d8d7 g3h4
q2r2k1/2r2ppp/p4n2/1p2R3/1b3N2/1P4PB/PQ3P1P/R5K1 b - -,b4c3 b2c3 c7c3 a1e1 c3c2 e5e3 c2a2 f4d3 g8f8 d3b4
2r2bk1/1N3ppp/r3p3/3p4/1P1P1P2/2B1P3/P5PP/R4RK1 b - -,c8c3 b7c5 a6a3 b4b5 h7h5 b5b6 c3e3 b6b7 f8d6 f1b1
8/pp1r1kpp/4p3/3r4/3p1P2/3R1K2/PP1R2PP/8 b - -,e6e5 f4e5 f7e6 f3e4 d5e5 e4f3 e5f5 f3e4 f5a5 b2b3
r1b1nrk1/p4q1p/2p1p1P1/1p6/5p2/2N3P1/PPBQ4/2KR1R2 b - -,f7g7 g6h7 g8h8 f1f4 e6e5 f4f8 g7f8 d2d8 a7a5 c3e4
rnbk1b1r/pp2pp1p/2p3p1/4n3/5P2/4N3/PPP1K1PP/R1B2BNR b - -,e5g4 g1f3 f8g7 e3g4 c8g4 e2f2 b8d7 f1c4 e7e6 c2c3
3n1n1r/8/2kp1p2/1ppBp1p1/p3P1Pp/P1KPNP1P/5B2/1R6 b - -,c6c7 b1b5 f8g6 d5c4 g6f4 e3d5 f4d5 c4d5 h8e8 b5a5
6k1/5pp1/1Bp5/3r1P2/6n1/3P4/2P5/5R1K b - -,g4h6 f5f6 g7g5 f1g1 g8h7 c2c4 d5f5 d3d4 h7g6 d4d5
8/8/8/p3p1P1/P2pk2P/6r1/3KR3/8 b - -,
4N2k/2q5/8/8/8/8/nQ6/Kn6 b - -,c7c3 b2c3 a2c3 a1b2 b1d2 e8d6 h8g7 b2a3 d2c4 a3b3
8/2p5/p5Kp/Pp1k2p1/1P3R2/6Pr/8/8 b - -,c7c3 b2c3 a2c3 a1b2 b1d2 e8d6 h8g7 b2a3 d2c4 a3b3
1r4k1/5pp1/7p/1p1Q3P/4R3/8/1P3PPK/q7 b - -,a1a5 b2b4 a5b6 e4d4 b6f6 h2g3 b8c8 f2f3 f6g5 d5g5
r2r1bk1/1p3p1p/pq2p1p1/1b2B1Q1/4B3/P7/1PP2PPP/R2R2K1 b - -,f8g7 e5g7 g8g7 h2h4 f7f6 g5g3 b5c6 e4c6 b6c6 g3b3
r1bq1rk1/ppp1nppp/2nb4/3p4/3P4/P2B1N2/1PP2PPP/RNBQR1K1 b - -,c8g4 d3h7 g8h8 h7d3 c6d4 b1d2 e7c6 h2h3 g4h5 c2c3
r1b1nrk1/p6p/2p1pqPQ/1p6/8/2N3p1/PPB5/2KR3R b - -,f6e7 g6g7 e7g7 c2h7 g8h8 h6h4 g7f6 h4g3 f6f4 g3f4
3R1bk1/4r2p/p4pp1/1pB2n1q/1P3P2/5NP1/1Q5P/3R2K1 b - -,g8g7 d1f1 f5e3 d8f8 e7e6 f8f6 e6f6 c5e3 h5d5 e3d4
8/8/4k3/8/5n2/2KN1P2/8/8 b - -,
3n1n1r/8/1k1p1p2/1pp1p1p1/p1B1P1Pp/P1KPNP1P/5B2/1R6 b - -,b6c7 b1b5 f8e6 e3d5 c7d7 b5b6 e6c7 d5c7 d7c7 b6a6
r2r1k1Q/pp2npp1/4p2B/1q2b3/8/P5N1/1P3PPP/R3R1K1 b - -,e7g8 e1e5 b5e5 g3h5 f8e7 h6g7 e5f5 g7c3 a8c8 h5g3
8/8/8/p2kp1P1/P2p3P/6r1/3K3R/8 b - -,
r2qr1k1/pp1b1pbp/3Pp1p1/4n3/2p1PP2/B1P5/P1B1N1PP/R2Q1RK1 b - -,e5g4 d1d2 e6e5 h2h3 d8b6 g1h1 g4e3 f1f3 e3c2 d2c2
8/1PR3pk/b4n2/4K2p/8/7P/6P1/8 b - -,a6b7 c7b7 h7g6 b7b5 g6h6 e5f5 h6h7 f5e6 h7g8 b5b6
6k1/5pp1/8/1q6/2p3P1/2Q2P1P/P3PK2/8 b - -,b5a4 a2a3 a4b3 c3b4 g7g5 f2e1 b3c2 b4d2 c2b1 e1f2
r2qkbnr/pbpn1ppp/1p1pp3/3P4/2P1P3/4BN2/PP3PPP/RN1QKB1R b KQkq -,g7g6 b1c3 f8h6 e3h6 g8h6 h2h4 e6e5 d1d2 h6g4 h4h5
2b5/3p4/3P1B2/8/2K2pk1/8/1PP5/8 b - -,c8b7 f6d4 b7e4 c2c3 g4f5 c4c5 f5e6 b2b4 e4f5 d4f2
8/8/8/bkqnr3/ppppp3/P7/1PPPP3/RNKQB3 b - -,b4b3 c2c3 e4e3 d2e3 d4c3 b1c3 a5c3 e1c3 c5e3 c3d2
8/1k6/8/2KP4/PPP5/7r/8/8 b - -,h3h5 c5b5 h5e5 a4a5 e5f5 b5c5 f5f8 c5d6 f8h8 c4c5
5rk1/p3Rppp/1p1P1n2/8/6PN/1P6/5P1P/6K1 b - -,f6g4 e7c7 g7g6 d6d7 g4e5 f2f4 e5d7 c7d7 f8e8 h4f3
8/8/1R6/2p1k3/2Pn1p2/1P6/P2K4/4r3 b - -,f6g4 e7c7 g7g6 d6d7 g4e5 f2f4 e5d7 c7d7 f8e8 h4f3
r1bRn2k/p6P/2p1p3/1p6/4Nr2/6p1/PPB5/2K4R b - -,c8b7 d8a8 b7a8 e4g3 c6c5 h1e1 a8d5 g3e4 d5e4 c2e4
r1b2rk1/2qp1p1p/p3pp2/np2B3/4P3/2N5/PPPQB1PP/3R1R1K b - -,c7e5 c3d5 e6d5 f1f5 e5e4 f5f3 a5c4 f3g3 e4g6 d2d5
r3r1k1/pp1n1p1p/1q1p2pP/2pP1PBn/2P5/1Pb2P2/P3BK2/R2Q2NR b - -,b6a5 f5g6 h7g6 f3f4 c3d4 f2g2 a5c3 e2h5 c3a1 d1a1
3R1bk1/4B2p/p4pp1/1p3n2/1P3P2/5qP1/1Q5P/3R2K1 b - -,f5e7 d8f8 g8f8 b2f6 f8e8 f6h8 e8f7 h8h7 f7e6 d1e1
1r4k1/5pp1/7p/1p1Q3P/5R2/8/1q3PPK/8 b - -,b8f8 g2g3 b5b4 h2g2 b2a3 d5b7 a3a5 f4h4 f8e8 h4b4
4r1k1/5pp1/5n2/p1p5/5qPP/2NR1P2/P3PQ2/6K1 b - -,g7g5 f2c5 g5h4 c5f5 f4f5 g4f5 g8g7 g1g2 g7h6 d3d6
8/1R4pk/5n2/4K2p/8/7P/6P1/8 b - -,h7g6 b7b5 g6f7 e5f5 f7g8 f5g6 f6d7 g6h5 g8h7 h5g5
r7/p1Rnkp1p/6p1/1p6/8/8/PPP2PPP/3R2K1 b - -,a8d8 c7a7 e7e8 a7b7 d7c5 d1d8 e8d8 b7b5 c5a6 g1h1
8/8/8/p2k2PP/P2pp3/6r1/3K3R/8 b - -,
8/8/8/5k2/5N2/2K2P2/8/8 b - -,
4N2k/8/8/8/8/2Q5/n7/Kn6 b - -,
r4rk1/ppq1bppp/2n5/4Pp2/5B2/5N2/PP3PPP/2RQ1RK1 b - -,f8d8 d1b3 c7b6 b3c2 b6b4 c2f5 g7g6 f5g4 b4b2 a2a4
6k1/5pp1/1q6/8/2p3P1/2Q1PP1P/P4K2/8 b - -,b6c6 a2a3 c6c7 f3f4 c7c6 h3h4 c6h1 c3c4 h1h4 f2f3
rnbqkb1r/ppp2ppp/3p4/2n5/1P6/2N2N2/P1PP1PPP/R1BQKB1R b KQkq -,
3q1rk1/p2bppb1/3p1np1/1prNn1Bp/3NP2P/1B3P2/PPPQ2P1/1K1R3R b - -,e5c4 b3c4 b5c4 g5f6 e7f6 g2g4 c4c3 d5c3 h5g4 d4b3
r1b1r2k/1p4p1/2pQ3p/p1n2B2/2P5/1P5P/PB3PP1/6K1 b - -,c8e6 d6d4 e8e7 d4h4 e6f5 h4e7 c5e6 e7f7 a8a6 f7f5
r1b1nrk1/p6p/2p1p1q1/1p6/5p2/2NQ2P1/PPB5/2KR1R2 b - -,g6d3 c2d3 e6e5 g3f4 c8g4 d3e2 g4e2 c3e2 e5f4 e2f4
1Q6/r5pk/8/8/4PP1P/5K2/6P1/7R b - -,a7d7 e4e5 g7g6 f3g4 h7g7 e5e6 g6g5 e6d7 g5f4 d7d8q
8/8/8/2K5/6Q1/4kr2/8/8 b - -,f3f4 g4g5 e3e4 c5c4 f4f5 g5e7 e4f3 e7g7 f3f4 c4d4
3r3k/1q3rp1/2R4p/1P3bNQ/1p1b4/8/5PPP/4R2K b - -,f7e7 c6c1 d8f8 g5f3 d4f2 e1f1 f2e3 c1e1 b7b5 e1d1
5rk1/5pp1/7p/1pQ4P/5R2/8/1q3PPK/8 b - -,f7f6 f4b4 b2e2 b4b5 f6f5 f2f3 e2e8 b5b7 e8h5 h2g1
8/1R3p1k/8/8/6P1/2b4P/2N2P2/6K1 b - -,h7g6 b7b5 c3f6 g1g2 f6e7 c2e3 e7g5 e3f5 g5f4 h3h4
rnbqk2r/ppp2pp1/3b1n1p/3pp3/8/3P2P1/PPPNPPBP/RNBQ1RK1 b kq -,b8c6 a2a3 a7a5 b1c3 c6e7 e2e4 c7c6 e4d5 c6d5 c3b5
r1bq1rk1/1p1nb1pp/p2p4/3Ppp2/P1N5/4B1P1/1PPQ1P1P/R3KB1R b KQ -,a6a5 e1a1 d8c7 f2f4 e5f4 g3f4 d7c5 e3c5 c7c5 c4a3
8/6p1/5nk1/1R2K2p/8/7P/6P1/8 b - -,g6h6 e5f5 h6h7 f5e6 h7g8 b5b6 f6e4 e6f5 e4c5 f5g6
r2q2k1/1B2n1b1/p2pb1pp/2p1nr2/8/P2PB1P1/1PPNN2P/R1Q2RK1 b - -,a8b8 b7e4 f5f1 d2f1 e6g4 d3d4 e5f3 e4f3 g4f3 c1d2
8/8/8/bkqnr3/pppp4/P2Pp3/1PP1P3/RNKQB3 b - -,b4b3 b1c3 d4c3 d3d4 c5c7 d4e5 c3b2 c1b2 c7e5 b2b1
2r3k1/2q4p/p3P1pb/5p2/1p2p3/4B3/PPPQ2PP/2KR4 b - -,b5c6 a3b4 a5b4 c2c3 c4d3 d1a4 c5b5 a4b5 c6b5 e2d3
r2qr1k1/pp1b1pbp/2nPp1p1/8/2pNPP2/B1P5/P1B3PP/R2Q1RK1 b - -,d8a5 d4c6 b7c6 a3c1 g7c3 a1b1 c6c5 c1e3 a8b8 b1b8
4rk1r/2p2np1/ppNp3p/7q/4PP2/1Q5P/PP4P1/R1B2RK1 b - -,h5c5 c1e3 c5c6 e4e5 d6e5 a1c1 c6e6 c1c7 e6b3 a2b3
r1b1nrk1/p6p/2p1pqP1/1p6/8/2N3p1/PPB3Q1/2KR3R b - -,h7h6 g2g3 f6g5 g3g5 h6g5 c3e4 g5g4 d1d8 g8g7 e4g3
8/p7/4K3/1p1R4/2pk4/1P6/P7/8 b - -,h7h6 g2g3 f6g5 g3g5 h6g5 c3e4 g5g4 d1d8 g8g7 e4g3
6k1/5p2/1Bp2P1n/3r2p1/8/3P4/2P5/6RK b - -,g8h7 c2c4 d5f5 d3d4 h7g6 d4d5 c6d5 c4c5 f5f4 g1c1
r1bqkbnr/pp1p1ppp/2p5/4p3/2B1P3/2N2P2/PPP2P1P/R1BQK2R b KQkq -,b7b5 c4b3 a7a5 a2a4 b5b4 c3e2 f8c5 c1e3 c5e3 f2e3
rn2kb1r/ppp1pppp/5n2/5b2/1qBP4/1PN2P2/P1PB2PP/R2QK1NR b KQkq -,b4d6 g1e2 e7e6 g2g4 f5g6 h2h4 h7h5 e2f4 h5g4 c3b5
6k1/2q2pp1/8/8/2p2PP1/2Q1P2P/P4K2/8 b - -,g7g6 a2a4 c7c6 a4a5 c6a4 h3h4 a4a2 f2g3 a2b1 c3c4
8/pp1r2pp/4k3/4r3/3p4/3R1K2/PP1R2PP/8 b - -,e5d5 f3e4 d5g5 g2g3 g5e5 e4f3 e5b5 b2b3 e6e5 d2e2
r1b1nrk1/p6p/2p1p3/1p6/4Np2/3q2P1/PPB5/2KR1R2 b - -,d3e3 c1b1 f4f3 d1e1 e3h6 f1h1 h6g7 e1f1 g7e5 f1e1
1brk4/1b4p1/pQ6/8/8/1B6/PP1r1PPP/6K1 b - -,d8e8 b6e3 b7e4 e3d2 e4f5 d2e3 e8f8 h2h4 a6a5 g2g3
r1bqkbnr/pppp1ppp/2n5/8/4P3/2p2N2/PPQ2PPP/RNB1KB1R b KQkq -,c3b2 c1b2 g8f6 b1c3 d7d6 f1b5 c8d7 e1h1 f8e7 c3d5
4r1k1/5pp1/5n2/p1pN4/5qP1/3R1P1P/P3PQ2/6K1 b - -,
8/2p5/p5Kp/Pp1k2R1/1P6/6Pr/8/8 b - -,h6g5 g3g4 d5c4 g6g5 h3g3 g5h4 g3g1 h4g5 c4b4 g5f5
3r1rk1/ppq1bppp/2n5/4Pp2/5B2/5N2/PP2QPPP/2R2RK1 b - -,d8d5 f1e1 e7b4 e1d1 f8d8 h2h4 c7d7 d1d5 d7d5 a2a3
r2r1knQ/pp3pp1/4p2B/1q2b3/5P2/P5N1/1P4PP/R3R1K1 b - -,e5d4 g1h1 g7h6 e1e5 b5d3 a1f1 d3g6 a3a4 a8c8 a4a5
8/5rk1/p2p2p1/3PpBbr/1P4R1/2qQ4/P4P2/1K4R1 b - -,h5h3 d3c3 h3c3 g4g5 e5e4 g5g6 g7f8 f5e6 f7h7 g6g4
5rk1/6p1/5p1p/1pQ2R1P/8/8/1q3PPK/8 b - -,
1r1q2k1/4n1b1/B2pb1pp/2p1nr2/8/P2PB1P1/1PPNN2P/R1Q2RK1 b - -,e5g4 e3f4 g7b2 c1e1 g6g5 h2h3 g4e5 f4e5 f5e5 d2e4
8/6p1/5n1k/1R3K1p/8/7P/6P1/8 b - -,f6g8 f5e6 g8f6 e6f7 f6e4 b5b6 h6h7 b6g6 e4f2 g6g7
rn2kbnr/pppQpppp/4b3/8/2p1P3/2N5/PP1P1PPP/R1B1KBNR b KQkq -,b8d7 g1f3 f7f6 b2b3 c4b3 d2d4 e6f7 c3b5 b3b2 c1b2
8/5p1k/1Bp2P1n/3r2p1/2P5/3P4/8/6RK b - -,d5f5 d3d4 h7g6 d4d5 c6d5 c4c5 f5f4 g1c1 h6f5 c5c6
rnb1k1nr/pp3ppp/2p5/q3P3/2P1p3/P7/2PB1PPP/R2QKBNR b KQkq -,a5e5 g1e2 g8f6 d2c3 e5e7 e2g3 c8e6 d1d2 b8d7 f1e2
6k1/5pp1/2q5/8/2p2PP1/2Q1P1KP/P7/8 b - -,c6a6 c3c2 a6c8 g3f2 c4c3 e3e4 c8c5 f2f3 c5c4 f4f5
8/8/8/bkqnr3/p1P5/Ppp1p3/1P2P3/RNKQB3 b - -,c6a6 c3c2 a6c8 g3f2 c4c3 e3e4 c8c5 f2f3 c5c4 f4f5
r2q1rk1/1Qp2ppp/p2bp3/3nN3/P2P1P2/4P3/1P3P1P/RN1R2K1 b - -,d8h4 b1d2 d6e5 d4e5 g7g5 f4g5 g8h8 b7c6 f8g8 d2f1
rn2r1k1/pp3p1p/1q1p1npP/2pP2B1/2P3P1/1Pb2B2/P4K2/R2Q2NR b - -,e8e1 d1c2 e1a1 c2c3 a1a2 f2g3 f6e8 g1e2 b8d7 e2c1
4r1k1/5pp1/8/p1pR4/5qP1/5P1P/P3PQ2/6K1 b - -,
r1bq1rk1/3nb1pp/pp1p4/3Ppp2/P1N5/4B1P1/1PPQ1PBP/R3K2R b KQ -,a6a5 e1a1 c8a6 g2f1 d7c5 e3c5 b6c5 f2f4 e5e4 c4a3
r2qkb1r/pp1n1ppp/5n2/3pP2b/8/3BPN1P/PP1N1PP1/R1BQK2R b KQkq -,d7e5 d1a4 e5d7 b2b3 f8e7 c1a3 e7a3 a4a3 d8e7 a3b2
r1b1nrk1/p7/2p1pqPp/1p6/8/2N3Q1/PPB5/2KR3R b - -,f6g5 g3g5 h6g5 c3e4 e8f6 e4g5 e6e5 g5h7 c8e6 h7f8
r1b2rk1/3p1p1p/p3pp1Q/np2q3/4P3/2N5/PPP1B1PP/3R1R1K b - -,e5g5 h6h3 g8h8 d1d3 f8g8 d3g3 g5e5 h3h6 g8g3 h2g3
r2q3k/pp3rpp/8/4Q3/8/5pPP/PP3P2/2R1R1K1 b - -,a7a6 c1d1 f7d7 d1d7 d8d7 g1h2 h7h6 e5c3 a8f8 e1e3
6n1/6p1/4K2k/1R5p/8/7P/6P1/8 b - -,g8f6 e6f7 f6e4 b5b6 h6h7 b6g6 e4d2 g6g7 h7h6 g7g6
4r1k1/5pp1/5n2/p1p5/5qP1/2NR1P1P/P3PQK1/8 b - -,f4c7 f2g3 c7b7 g3f4 b7b4 f4d2 f6h7 c3d5 b4b7 h3h4
rnbqkbnr/pp1p1ppp/2p5/8/4P3/2N5/PP1B1PPP/R2QKBNR b KQkq -,d7d5 g1f3 g8f6 e4d5 c6d5 f1b5 b8c6 f3e5 c8d7 e5d7
r4rk1/1pp4p/p1nPb1q1/6Qn/PPN1Pp2/1B3N2/1B3PP1/R3b1K1 b - -,h5g7 a1e1 c7d6 e1d1 c6e5 c4e5 d6e5 b3e6 g6e6 b2e5
r3k2r/pRp2ppp/4bq2/1B1p4/3b4/6P1/P1P2P1P/2BQR1K1 b kq -,e8e7 c1a3 e7d8 d1e2 d8c8 b5a6 c8d8 c2c4 c7c5 a3c1
6k1/pp6/P2b4/2p5/3p4/1P1P2p1/2RB2K1/1r6 b - -,b1b3 a6b7 b3b7 d2c1 g8f7 c2a2 f7e6 g2f3 e6d5 a2a3
r3r1k1/pp1b1pbp/2nPp1p1/q7/2pNPP2/B1P5/P1B3PP/R1Q2RK1 b - -,c6d4 c3d4 g7d4 g1h1 d4a1 h2h4 a1g7 f1f3 c4c3 h1h2
6k1/5pp1/8/8/q1p2PPP/2Q1P1K1/P7/8 b - -,a4a7 c3c4 a7e3 g3g2 e3d2 g2f3 d2h2 a2a4 h2h3 f3e4
8/8/7P/p5P1/P1kpp3/6r1/3K3R/8 b - -,
r7/2p1nkpp/2bp1p2/P1p5/1rP1PN2/4BP2/6PP/R1R3K1 b - -,g7g5 f4d5 c6d5 c4d5 c7c6 e3d2 b4b2 d2c3 b2b3 d5c6
r1b2rk1/2q2pp1/p1pppn1p/2b1P3/2P2P2/2NB4/PP4PP/R1B1QR1K b - -,f6h5 e1h4 g7g6 g2g4 c5d4 c4c5 d4c3 g4h5 c3d4 f4f5
1r3rn1/2q1npbk/b3pNpp/2p1P2P/p1P2B2/P4NP1/4QPB1/R3R1K1 b - -,g7f6 e5f6 c7f4 f6e7 g8e7 g3f4 g6h5 e2c2 h7g8 c2a4
r5k1/p2b2q1/2pNp3/1p6/7Q/8/PPB5/1K1R4 b - -,a8f8 d6f5 f8f5 c2f5 e6f5 h4d8 g8h7 d1h1 h7g6 h1g1
8/3p4/b2P4/2K2k2/3B1p2/8/1PP5/8 b - -,a6e2 b2b4 e2d1 c2c3 f5e6 d4g1 f4f3 b4b5 d1e2 g1e3
6k1/5pp1/8/7P/2p2PP1/2Q1P1K1/q7/8 b - -,
8/5rk1/p2p2p1/3Pp1br/1P4R1/3B4/P4P2/1K4R1 b - -,f7f3 d3a6 f3f4 g4g5 f4b4 b1c1 h5g5 g1g5 g7f6 g5g3
r3k2r/pppn1pp1/4bq1p/8/1b1P4/P1N5/1PP1NPPP/R2QKB1R b KQkq -,b4d6 c3b5 f6e7 d4d5 e6f5 d1d2 e8a8 b5d6 e7d6 e1a1
8/2p5/p6p/Pp1k1Kp1/1P4R1/6Pr/8/8 b - -,h3h2 f5g6 h2h1 g6f5 c7c6 f5f6 c6c5 b4c5 d5c5 g4e4
rn4k1/pp3p1p/1q1p2pP/2pP2B1/2P1r1P1/1Pb2Q2/P4K2/R5NR b - -,e4e3 f2e3 c3a1 g1e2 a1d4 e2d4 c5d4 e3f2 b8d7 f2g2
r2qkb1r/1b3ppp/p2p4/1pn1pNP1/2n1PP2/P1N1B3/1PP1Q1BP/R3K2R b KQkq -,c5e6 f4e5 c4e3 e2e3 d6e5 c3d5 a8c8 e3f2 f8c5 f2g3
r1b1n1k1/p4rPR/2p1pq2/1p6/8/2N3p1/PPBQ4/2KR4 b - -,f6f4 d2f4 f7f4 d1d8 f4f1 c3d1 c8b7 d8d7 f1f7 h7h8
6k1/p7/p2b4/2p5/3p4/1P1P2p1/R2B2K1/1r6 b - -,a6a5 d2a5 b1b3 a5e1 b3d3 a2a7 d3e3 a7a6 d6e5 e1a5
r1b1nrk1/p5Pp/2p1pq2/1p6/8/2N3p1/PPBQ4/2KR3R b - -,g3g2 g7f8r g8f8 d2g2 a7a5 d1f1 a8a7 f1f6 e8f6 h1f1
r2qkb1r/pp3ppp/5n2/3pn2b/8/4PN1P/PP1NBPP1/R1BQK2R b KQkq -,e5c6 a2a3 a7a5 e1h1 f8c5 f3d4 c5d4 e2h5 d4c5 h5e2
r1b4r/4k3/p1p1pbQ1/4p3/8/q1N5/P1P3PP/1R3RK1 b - -,e7d7 g6f6 a3c5 g1h1 h8e8 c3e4 c5b5 f6g7 e8e7 b1d1
rnbq1rk1/ppp2pp1/3b1n1p/3pp3/8/2NP2P1/PPPNPPBP/R1BQ1RK1 b - -,c7c6 e2e4 d6c7 a2a3 a7a5 d1e1 f8e8 g1h1 b7b5 e4d5
3n1n1r/2k5/3p1p2/1Bp1p1p1/p3P1Pp/P1KPNP1P/5B2/1R6 b - -,f8e6 e3d5 c7b8 b5a4 b8a7 d5e7 h8h7 e7c8 a7a8 c3c4
2nr1r1k/1p3qnp/p1p2p2/6p1/PP1PPN2/1B1R3Q/6PP/5RK1 b - -,f7e8 f4e6 g7e6 h3e6 e8e6 b3e6 c8e7 d4d5 c6d5 e4d5
7r/1k6/8/P1KP4/1PP5/8/8/8 b - -,h8d8 d5d6 d8c8 c5d5 c8a8 c4c5 a8a6 d5c4 a6a8 c4b5
7r/pp1k1pp1/5np1/2R5/3rp1P1/N5BP/PP3PK1/R7 b - -,f6d5 a3b5 d4d3 b5c3 d5c3 c5c3 d3c3 b2c3 h8c8 a1d1
8/5Kp1/5n1k/1R5p/8/7P/6P1/8 b - -,h5h4 b5b6 h6g5 f7g7 f6e8 g7f7 e8c7 b6b4 g5f5 b4h4
8/pp1r2pp/4k3/3r4/3pK3/3R4/PP1R2PP/8 b - -,d5a5 b2b4 a5g5 g2g3 d7c7 d3d4 g5g4 e4f3 g4d4 d2d4
8/5p2/1B3Pkn/2Pp1rp1/8/8/8/6RK b - -,f5f4 g1c1 h6f5 c5c6 f5d6 c6c7 d6c8 b6e3 f4c4 c1c4
r3r1k1/pp3ppp/2p2qn1/2Ppbb2/3B4/1QN1P1P1/PP3PBP/3R1RK1 b - -,f5g4 d1d2 g4f3 g2f3 f6f3 b3d1 f3f5 d4e5 f5e5 c3e2
rn1r2k1/pp3pbp/1q2Nnp1/2pp4/4PP2/2N5/PPP1B1PP/R1BQK2R b KQ -,f7e6 e4e5 d5d4 c3b1 f6d5 e1h1 c5c4 g1h1 b8c6 e2c4
8/8/8/2p1k3/2Pn4/1P2r3/P2K1p2/5R2 b - -,e3e2 d2d3 e2a2 d3e3 a2e2 e3d3 e5f4 b3b4 e2e3 d3d2
4k3/8/N4K2/8/8/1B6/8/8 b - -,e3e2 d2d3 e2a2 d3e3 a2e2 e3d3 e5f4 b3b4 e2e3 d3d2
r2q1r1k/ppp1npp1/2nb4/3p4/3P2b1/P2B1N2/1PP2PPP/RNBQR1K1 b - -,c6d4 b1d2 e7c6 c2c3 d4e6 h2h3 g4h5 d3f5 d8f6 f5g4
r1bqkb1r/pp2pppp/2n2n2/3P4/2p5/2PP1Q2/PP2BPPP/RNB1K1NR b KQkq -,c6e5 f3g3 e5d3 e2d3 c4d3 c3c4 c8f5 g1f3 e7e6 d5e6
r1b3k1/p4rnR/2p1pq2/1p6/8/2N3p1/PPBQ4/2K4R b - -,f7f8 h7h8 g8f7 h8f8 f7f8 c3e4 c8d7 h1h8 f8f7 d2d7
6k1/p7/3b4/R1p5/3p4/1P1P2p1/3B2K1/1r6 b - -,b1b2 g2f3 b2d2 f3e4 g3g2 e4d5 d6f8 a5a1 d2d3 a1g1
r1b2rk1/3p1p1p/p3pQ2/np4q1/4P3/2N5/PPP1B1PP/3R1R1K b - -,g5f6 f1f6 a5c6 h1g1 c6e5 d1d4 c8b7 f6h6 f8c8 a2a3
8/2R2pk1/8/8/6P1/2b4P/2N2P2/6K1 b - -,c3b2 c7b7 b2c3 b7b5 g7f8 c2e3 f8e8 e3f5 e8d7 b5b7
8/pq1kr2p/3np1p1/8/2pQPR2/2P4P/P2N2P1/7K b - -,e6e5 d4c5 e5f4 e4e5 d6f5 d2f3 d7e8 c5c4 e8f8 h1h2
3r1bk1/1ppr1p2/6pp/p3p2n/P7/1PP3PN/5qBK/1RB1R3 b - -,d7c7 d4c5 c7d7 e4e5 d6f5 d2c4 b7c7 c5b4 g6g5 f4g4
2rq1rk1/pp3ppp/4p3/3n4/2pP4/PnB1P1P1/2Q2PBP/1R3RK1 b - -,d5c3 c2c3 b7b5 f1d1 a7a5 d4d5 d8f6 c3c2 a5a4 d5e6
r7/3PQ3/3P4/5P2/3B2P1/2P4P/4n2P/1b3k1K b - -,a8a1 e7e3 e2d4 e3f4 f1e1 h1g2 a1a2 g2g3 d4e2 g3h4
r3kb1r/pppqpppp/2np1n2/8/2PP2b1/5NPP/PP2PPB1/RNBQK2R b KQkq -,g7g6 h3g4 f6g4 b1c3 f8g7 d4d5 c6e5 f3e5 g7e5 d1c2
2r2bk1/5ppp/r3p3/2Np4/1P1P1P2/2n1P3/P5PP/R3BRK1 b - -,f8c5 d4c5 c3b5 a2a4 c8a8 a4a5 g8f8 f1f3 f7f5 f3h3
rn1r2k1/pp4bp/1q2pnp1/2ppP3/5P2/2N5/PPP1B1PP/R1BQK2R b KQ -,d5d4 c3b5 d4d3 e5f6 g7f6 a2a4 d3e2 d1e2 b8c6 e2e6
3r1r1k/1q3Bp1/2R4p/1P3bNQ/1p6/2b5/5PPP/4R2K b - -,b7f7 g5f7 f8f7 h5f7 c3e1 f7f5 b4b3 c6h6 g7h6 f5f6
r2qkb1r/ppp3pp/4bp2/4p2Q/8/2PP4/PP3PPP/RNB2RK1 b kq -,e6f7 h5e2 f8d6 c3c4 e8h8 b1c3 f8e8 c1e3 d8d7 f1d1
r3k2r/pppn1pp1/4bq1p/b7/3P4/PPN5/2P1NPPP/R2QKB1R b KQkq -,c7c5 d1d3 c5d4 b3b4 d4c3 b4a5 e8h8 d3c3 f6e7 e1a1
4r1k1/5pp1/5n2/p1Q5/6P1/2NR1P1q/P3PK2/8 b - -,h3h4 f2g2 f6h7 c5b5 e8a8 b5d5 a8e8 d5d7 h7f6 d7c7
8/5Kp1/1R3n1k/8/7p/7P/6P1/8 b - -,h6g5 f7g7 f6e8 g7f7 e8c7 b6b4 c7a6 b4g4 g5f5 g4h4
RQBQKB1R/P1PPPPPP/N6N/8/8/5n2/pppppp1p/rnbqkbqr b - -,f3g5 a6c5 f1h3 g7g8q b1c3 c8b7 e1f1 c7c8q b2b1q f8g7
3r1bk1/1ppr1p2/6pp/p3p2n/P7/1PP3qN/6B1/1RB1R1K1 b - -,f3g5 a6c5 f1h3 g7g8q b1c3 c8b7 e1f1 c7c8q b2b1q f8g7
8/2p5/p1k3Kp/Pp4p1/1P4R1/6Pr/8/8 b - -,c6d5 g6f7 h3h1 f7f8 c7c6 f8f7 c6c5 b4c5 d5c5 g4e4
r1b3k1/p2r2nR/2p1pq2/1p6/4N3/6p1/PPBQ4/2K4R b - -,f6e5 d2h6 g3g2 e4f6 g8f8 h7h8 f8e7 h6g7 e7d6 f6e8
rnb1kb1r/p1pp1ppp/6q1/1B5n/4Pp2/2NP1N2/PPP3PP/R1BQ1KR1 b kq -,c8b7 f3e5 g6g5 d3d4 f8b4 c3d5 b4d6 g2g4 h5f6 c1f4
6k1/p7/3b4/R1p5/3p4/1P1P1Kp1/1r1B4/8 b - -,b2d2 b3b4 c5b4 a5a1 b4b3 f3e4 b3b2 a1b1 g8f7 e4d4
rn3rk1/pp2pp2/3n4/1p4P1/5P2/1QB5/PPP5/2K4B b - -,b5b4 c3b4 b8a6 b4d6 e7d6 h1d5 a6c7 d5f7 f8f7 g5g6
rnbqkb1r/p4ppp/2p1pn2/1p1p4/8/3P1NP1/PPPNPPBP/R1BQ1RK1 b kq -,c8b7 b2b3 f8e7 c2c4 e8h8 e2e4 d8b6 d1e2 a7a5 d3d4
r1b1nrk1/p6p/2p1pqP1/1p6/4N3/6p1/PPBQ4/2KR3R b - -,f6e5 h1h7 e5f4 d2f4 f8f4 d1h1 f4f8 h7h8 g8g7 h1h7
r2qkb1r/pppb1ppp/2n1pn2/1B6/3PP3/2N5/PPP3PP/R1BQK1NR b KQkq -,a7a6 b5e2 f8b4 c1g5 h7h6 g5f6 d8f6 g1f3 e6e5 d4d5
4r1k1/5pp1/8/p1pR4/6P1/5P1P/P3PQK1/2q5 b - -,c5c4 d5c5 c4c3 h3h4 c1d2 e2e4 e8d8 g2g3 d2c1 c5c7
r5k1/pp1n1p1p/1q1p2pP/2pP2B1/2P1Q1P1/1P3N2/P4K2/b6R b - -,a1f6 g5f6 d7f6 e4f4 f6e8 h1e1 b6d8 f2g3 b7b6 f4e3
2r3k1/2q4p/p3P1p1/5p2/1p2p3/2P1b3/PP1Q2PP/2KR4 b - -,a1f6 g5f6 d7f6 e4f4 f6e8 h1e1 b6d8 f2g3 b7b6 f4e3
r1b2rk1/3p1p1p/p3pR2/np6/4P3/2N5/PPP1B1PP/3R3K b - -,a5c6 h1g1 c6e5 d1d4 c8b7 f6h6 f7f6 c3d1 f8f7 g2g3
8/6K1/1R3n2/6k1/7p/7P/6P1/8 b - -,f6e8 g7f7 e8c7 b6b4 c7a6 b4g4 g5f5 g4h4 a6b8 h4h5
8/8/8/1k2r3/p7/P1qQp3/1p2P3/RK6 b - -,f6e8 g7f7 e8c7 b6b4 c7a6 b4g4 g5f5 g4h4 a6b8 h4h5
r4rk1/1pp4p/p1nPB3/4N1qn/Pb2Pp2/5N2/1B3PP1/R5K1 b - -,f8f7 e6f7 g8f8 f3g5 c6e5 b2e5 c7d6 e5d6 b4d6 f7h5
1rb2rk1/2qnb1pp/pp1p4/3Ppp2/P1N5/1P2B1P1/2PQ1PBP/R4RK1 b - -,e7f6 d2b4 f6e7 f2f4 e5e4 f1d1 b6b5 a4b5 b8b5 b4d2
r2r4/1p2kp1p/B1pnb1p1/p3p3/P3P3/1PN1BP2/1K4PP/3R3R b - -,b7b5 a4b5 c6b5 d1d6 e7d6 a6b5 f7f6 h1a1 h7h5 e3b6
r1b5/p4knR/2p1pN2/1p6/8/6p1/PPBK4/7R b - -,c8b7 f6h5 a8d8 d2e1 d8g8 h1f1 f7e7 h5f6 g8h8 h7g7
r2q1r1k/ppp2pp1/2nb4/3p4/3n2b1/P2B1N1P/1PPN1PP1/R1BQR1K1 b - -,
6r1/p2nq2r/2B1p3/1Np2p2/2P5/k2P2P1/3B1P2/1R4K1 b - -,g4h5 c2c3 d4e6 d3f5 d8f6 f5g4 h5g6 d2f1 g6e4 f1g3
r2qkb1r/1b3ppp/p2pn3/1p2PNP1/2n1P3/P1N1B3/1PP1Q1BP/R3K2R b KQkq -,c4b2 e1h1 d6e5 c3d5 b2c4 e2f3 d8d7 a1d1 c4e3 d5f6
8/8/8/1k2r3/p7/P2Pp3/1p6/RK6 b - -,c4b2 e1h1 d6e5 c3d5 b2c4 e2f3 d8d7 a1d1 c4e3 d5f6
rnbqk2r/pp1p1ppp/2pb1n2/8/2B1P3/2N2N2/PP1B1PPP/R2QK2R b KQkq -,e8h8 e4e5 f8e8 d2f4 d6f8 e1h1 d7d5 e5d6 c8e6 c4e6
8/3k4/N4K2/3B4/8/8/8/8 b - -,e8h8 e4e5 f8e8 d2f4 d6f8 e1h1 d7d5 e5d6 c8e6 c4e6
2nrqr1k/1p4np/p1p2p1Q/6p1/PP1PPN2/1B1R4/6PP/5RK1 b - -,e8e4 d3h3 c8e7 b3c2 e4c2 f4d3 c2d3 h3d3 g7f5 h6h5
3r2k1/2p2p1p/2p1bnp1/6B1/4P2N/3P4/2P3PP/5R1K b - -,h7h6 g5f6 d8a8 h4f3 c6c5 f1a1 a8a1 f6a1 c5c4 d3c4
8/8/8/2p5/P1Pnk3/1P2r3/3K1p2/5R2 b - -,h7h6 g5f6 d8a8 h4f3 c6c5 f1a1 a8a1 f6a1 c5c4 d3c4
3r1q1k/1P4pb/2R4p/8/3b4/1p6/4QPPP/4R2K b - -,b3b2 e2b5 h7f5 c6a6 d4c3 e1g1 d8b8 a6a8 f5e4 b5c4
4rk1r/2p2np1/ppnpN2p/7q/4PP2/1Q5P/PP4P1/R1B2RK1 b - -,f8g8 f4f5 h5h4 c1d2 c6e5 f1f4 h4h5 e6c7 e8c8 c7e6
4n3/5K2/1R6/6k1/7p/7P/6P1/8 b - -,e8c7 b6b4 c7a6 b4g4 g5f5 g4h4 a6b8 h4b4 b8d7 b4b5
8/p4rk1/6p1/8/6P1/5RKP/5P2/8 b - -,g6g5 f3a3 g7g6 a3a6 g6h7 a6a4 h7g6 f2f3 g6h6 f3f4
1r3rn1/2q1np1k/b3pPpp/2p4P/p1P2B2/P4NP1/4QPB1/R3R1K1 b - -,c7b6 f4b8 b6b8 f6e7 g8e7 a1d1 h7g8 f3e5 a6c8 e2f3
8/3B4/8/4B3/3K4/8/3k4/8 b - -,c7b6 f4b8 b6b8 f6e7 g8e7 a1d1 h7g8 f3e5 a6c8 e2f3
r2q1r1k/ppp2pp1/2nb4/3p3b/3n2P1/P2B1N1P/1PPN1P2/R1BQR1K1 b - -,
2r3k1/2q4p/p3P1p1/5p2/1p2p3/4Q3/PPP3PP/2KR4 b - -,h5g6 f3d4 c6d4 d2f3 d4f3 d1f3 d8h4 c1d2 g6d3 c2d3
r1b1n1k1/p6P/2p1p3/1p6/4Nr2/6p1/PPB5/2KR3R b - -,g8h8 e4g3 c8a6 g3e4 b5b4 e4g5 e8g7 d1d7 a6c4 g5f7
rnbqkbnr/ppppppp1/8/8/6Pp/3P4/PPP1PP1P/RNBQKBNR b KQkq -,d7d5 h2h3 e7e5 e2e4 g8e7 e4d5 e7d5 f1g2 b8c6 g1f3
r1b5/p5nR/2p1pk1R/1p6/8/6p1/PPBK4/8 b - -,f6e5 h7g7 c8a6 g7g3 b5b4 g3e3 e5d5 e3e6 a8d8 d2e3
r2qkb1r/3p1ppp/p3p3/1p1bP3/8/P2BB3/1PP2PPP/R2Q1RK1 b kq -,d8c7 d1h5 g7g6 h5g5 f8g7 e3d4 e8h8 h2h4 d7d6 e5d6
r1b1nrk1/p6p/2p1pqP1/1p6/8/2N3p1/PPBQ4/1K1R3R b - -,h7h6 d2h6 f6g7 h6h3 a7a5 h3g3 e8f6 c3e4 a8a7 e4d6
r5k1/pp2Qp1p/1q1p2pP/2pPb1B1/2P3P1/1P6/P4K2/4R3 b - -,b6d8 e7d8 a8d8 g5d8 g8f8 g4g5 f8e8 d8f6 e8d7 f2g2
rnb1kb1r/p2p1ppp/2p3q1/7n/2B1Pp2/2NP1N2/PPP3PP/R1BQ1KR1 b kq -,f8c5 d3d4 d7d5 e4d5 c5d6 d1e1 e8d8 f3e5 d6e5 d4e5
r1bq1rk1/1p3ppp/1bp5/pP1n2B1/P1BPN2n/1Q3N2/5PPP/R4RK1 b - -,d8e8 g5h4 e8e4 b5c6 b7c6 c4d5 e4d5 b3b6 h7h5 b6c5
8/8/8/P1p5/2Pn4/1P2rk2/3K1p2/5R2 b - -,d8e8 g5h4 e8e4 b5c6 b7c6 c4d5 e4d5 b3b6 h7h5 b6c5
r2q1rk1/ppp2ppp/3p1n2/2bNp1B1/2BnP1b1/3P1N2/PPP2PPP/R1Q2RK1 b - -,d4e2 g1h1 e2c1 d3d4 c7c6 d5f6 g7f6 g5h6 e5d4 a1c1
8/2R2pk1/8/4b3/6PP/8/2N2P2/6K1 b - -,e5c7 c2e3 c7a5 g1g2 a5d2 g2f3 d2e1 f3e2 e1b4 e3f5
8/2n2K2/8/6k1/1R5p/7P/6P1/8 b - -,g5f5 b4h4 c7a6 h4h5 f5f4 h5b5 a6c7 b5b4 f4e3 b4g4
r2qr3/pQp2kpp/5n2/2bP1b2/2P5/N4P2/PP1BB1PP/R4KNn b - -,a8b8 b7c6 f6d7 g2g3 b8b6 f1g2 b6c6 d5c6 e8e2 g2h1
8/8/p2pk3/4p3/PP3b2/8/2K3R1/8 b - -,e6f5 a4a5 f4e3 g2g8 f5e4 g8a8 e4d4 a8a6 d4d5 c2d3
r2q1rk1/pb3pbp/1p1p2p1/2pN1p2/2P1P3/1P1P1B1P/P4PP1/2RQ1RK1 b - -,b7d5 c4d5 f5f4 b3b4 a7a5 b4c5 b6c5 c1b1 g7d4 a2a4
r1b2b1r/pp4pp/4k3/3npqB1/2NP4/6Q1/PP3PPP/R4RK1 b - -,f8b4 c4e3 d5e3 f2e3 f5e4 g5h4 e6d5 g3g7 h8e8 a2a3
r1b1nrk1/p6R/2p1pq2/1p6/8/2N3p1/PPBQ4/2K4R b - -,b5b4 c3e4 f6e5 e4g3 f8f7 h7h5 e5f6 g3e4 f6g7 h5g5
r2q1r1k/ppp2pp1/2nb2b1/3p4/3N2P1/P2B3P/1PPN1P2/R1BQR1K1 b - -,
5rk1/pp2Qp1p/1q1P2pP/2p1p1B1/2P3P1/1P6/P4K2/8 b - -,c6d4 d2f3 d4f3 d1f3 d8h4 c1d2 g6d3 c2d3 f7f5 e1e2
k7/8/8/8/8/5p1p/6p1/6K1 b - -,c6d4 d2f3 d4f3 d1f3 d8h4 c1d2 g6d3 c2d3 f7f5 e1e2
8/8/8/1kr5/p7/P2P4/K3p3/8 b - -,c6d4 d2f3 d4f3 d1f3 d8h4 c1d2 g6d3 c2d3 f7f5 e1e2
3n3r/2k5/3pnp2/1BpNp1p1/p3P1Pp/P1KP1P1P/5B2/1R6 b - -,c7c8 b5a6 c8d7 b1b8 d7e8 a6b5 e8f7 f2e3 h8f8 c3c4
rn1r2k1/pp4bp/1q2p1p1/2ppP3/4nP2/2N2B2/PPP3PP/R1BQK2R b KQ -,b8c6 f3g4 c6d4 e1h1 b6c6 a2a4 h7h5 g4h3 g7f8 c1e3
8/3p4/1K1P4/5k2/3B1p2/8/1PP1b3/8 b - -,
8/8/8/1kr5/p2P4/P7/K7/4q3 b - -,e2d1 c2c4 f5e4 c4c5 d1a4 d4g1 e4d3 b6a5 a4c6 b2b4
r4r2/1pp3kp/p1NPBB2/7n/Pb2Pp2/5N2/5PP1/R5K1 b - -,h5f6 c6b4 c7d6 a1e1 a6a5 b4d3 b7b5 a4b5 a5a4 f3d4
1r3r1k/5p2/pP1pb1p1/2pBp3/4Pq1p/R1NP3P/1PP2PP1/3Q2K1 b - -,b8b6 b2b3 h8g7 a3a1 e6c8 d5c4 f4g5 g1h1 b6b8 d1e1
r2q1r1k/ppp2pp1/3b2b1/3p4/3n2P1/P2B1N1P/1PP2P2/R1BQR1K1 b - -,
8/2n2K2/8/5k2/7R/7P/6P1/8 b - -,c7a6 h4h5 f5f4 f7g6 a6c7 h5g5 c7e8 g5g4 f4e5 h3h4
2r3k1/2p2ppp/2p1bn2/8/4PB2/3P1N2/2P3PP/5R1K b - -,c6c5 c2c4 h7h6 h2h3 f6d7 f4g3 d7b8 f3e5 f7f6 e5g6
rnbqkbnr/pp3pp1/2ppp2p/8/3PP3/2N2N1P/PPP2PP1/R1BQKB1R b KQkq -,b8d7 f1d3 g8f6 e1h1 e6e5 c3e2 f8e7 e2g3 e8h8 c2c3
2rq1rk1/p4ppp/4p3/1p6/2pP4/PnQ1P1P1/5PBP/3R1RK1 b - -,d8d6 d4d5 e6e5 h2h4 a7a6 h4h5 h7h6 g2h3 c8d8 h3f5
8/8/8/P1p5/2P5/1n2rk2/2K2p2/5R2 b - -,a7a6 g2b7 c8c7 b7e4 d8d6 e4c2 f8c8 c3b4 d6b4 a3b4
8/1K6/4n3/4k3/8/1Q6/8/8 b - -,
r1b1nrk1/p6P/2p1p3/1p6/4Nq2/6p1/PPBQ4/2KR3R b - -,g8h8 d2f4 f8f4 e4g3 c8a6 g3e4 e8g7 e4c5 g7f5 c5a6
r1b1nrk1/p6p/2p1p1P1/1p6/5q2/2N3p1/PPB3Q1/1K1R3R b - -,e6e5 g2c6 h7h6 c6d5 g8g7 d5a8 c8f5 h1f1 f5c2 b1c2
r1b1n1k1/p5rR/2p1pq2/1p6/4N3/6p1/PPBQ4/2KR4 b - -,f6f7 h7g7 g8g7 e4g3 g7f8 d2g5 e6e5 d1f1 f7f1 g3f1
4r1k1/5pp1/8/p1QR4/2q3P1/5P1P/P3P1K1/8 b - -,
8/5K2/n7/5k1R/8/7P/6P1/8 b - -,f5f4 f7g6 a6c7 h5g5 c7e8 h3h4 e8c7 h4h5 c7e6 g5f5
r1b1nr1k/p6P/2p1pq2/1p6/3Q4/2N3p1/PPB5/2KR3R b - -,e6e5 d4g1 c8g4 d1e1 f6g5 c1b1 g4f3 g1c5 e8g7 h1g1
r2q1r1k/ppp2pp1/3b2b1/3p4/6P1/P2B1Q1P/1PP2P2/R1B1R1K1 b - -,
r2qrnk1/3nbppp/2p1b3/pp1p4/3P1B2/P1NBPN1P/1PQ2PP1/1R2R1K1 b - -,a5a4 e1e2 d8c8 b1c1 d7b6 c1e1 c8d7 f3e5 d7b7 e3e4
r1b2b1r/pp3kpp/8/3nNqB1/3P4/6Q1/PP3PPP/R4RK1 b - -,f7e6 a1e1 h7h6 e5g6 e6d7 g5h4 d5f4 g6e7 f5f7 g3g4
r1b1n1k1/p4r2/2p1pq1R/1p6/8/2N3p1/PPBQ4/2K4R b - -,f6f1 h1f1 f7f1 c3d1 e8f6 d2g2 f1d1 c2d1 g8g7 g2f3
5R2/pq1kr2p/3np1p1/4Q3/2p1P3/2P4P/P2N2P1/7K b - -,e7e8 f8f1 b7b5 e5g7 e8e7 g7d4 b5b6 d4h8 e6e5 h8g8
r1b1n1k1/p3q1R1/2p1p3/1p6/4N3/6p1/PPBQ4/2KR4 b - -,g8g7 d1g1 e7h4 g1g3 h4g3 e4g3 g7f8 d2b4 f8f7 g3e4
rnbq1rk1/ppp1bppp/4pn2/3pN3/3P4/2N3P1/PPP1PPBP/R1BQ1RK1 b - -,f6d7 e5d7 b8d7 e2e4 c7c6 f1e1 a7a5 a2a3 b7b5 c3e2
2kn3r/8/3pnp2/2pNp1p1/B3P1Pp/P1KP1P1P/5B2/1R6 b - -,h8h7 a4b5 h7a7 a3a4 d8b7 d5f6 e6f4 f2e3 f4e2 c3b2
8/8/n5K1/7R/5k2/7P/6P1/8 b - -,f4e3 h5g5 a6b4 h3h4 b4d3 g5g3 e3e2 g3d3 e2d3 h4h5
rn1r2k1/pp4bp/1q2p1p1/2ppP3/4nPB1/2N5/PPP3PP/R1BQK2R b KQ -,e4c3 b2c3 c5c4 h2h4 h7h5 g4h3 b8c6 d1e2 g8f7 a2a4
8/4k3/4p3/3bKp2/5P2/8/8/R7 b - -,e7f7 a1a7 f7g6 a7a3 g6f7 a3c3 d5a2 c3h3 a2c4 h3h7
2r3k1/5ppp/r3p3/2Pp4/1P3P2/2n1P3/P5PP/R3BRK1 b - -,c3b5 a2a4 c8a8 a4a5 f7f6 a1d1 g8f7 e3e4 d5d4 g1f2
rn2r1k1/pp3p1p/1q1p2pP/2pP2B1/2P1B1P1/1Pb5/P4K2/R2Q2NR b - -,c3d4 f2f3 f7f6 g5d2 d4a1 d1a1 b8d7 e4c2 b6a6 f3g3
r3rbk1/1bp2ppp/p2q1B2/np6/4p3/2PPNN2/PPB2PPP/R2QR1K1 b - -,e4d3 d1d3 d6d3 c2d3 g7f6 f3d4 a8d8 a1d1 b7c8 g1f1
rnbqkb1r/p4ppp/2p1pn2/1p1p4/3P4/5NP1/PPP1PPBP/RNBQ1RK1 b kq -,b8d7 a2a4 f8e7 a4b5 c6b5 f3e5 c8b7 c2c4 b5c4 e5c4
rnbqk1nr/pp2bpp1/2ppp2p/8/3PPB2/2N2N1P/PPP2PP1/R2QKB1R b KQkq -,b7b6 f1d3 c8a6 d3a6 b8a6 d1e2 d8c8 e1a1 g8f6 e4e5
r3k2r/pp1qn1pp/2pp1p2/2b1p2b/B3P2B/2NP1P2/PPP1QP1P/3R1RK1 b kq -,e7g6 h4g3 e8h8 a4b3 g8h8 c3a4 c5b4 c2c3 b4a5 d3d4
r3kbnr/pbpnqppp/1p1pp3/3P4/2P1P3/4BN2/PP2BPPP/RN1QK2R b KQkq -,g7g6 f3d4 f8g7 f2f3 g8f6 d1d2 e8h8 b1c3 a7a6 e3g5
8/8/8/2p5/2n5/4rk2/2K2p2/5R2 b - -,g7g6 f3d4 f8g7 f2f3 g8f6 d1d2 e8h8 b1c3 a7a6 e3g5
r2qkb1r/1b3ppp/p3n3/1p2pNP1/4P2P/P1N1Q3/1PP3B1/R3K2R b KQkq -,e6f4 e3f3 d8a5 e1h1 g7g6 f5e3 f8c5 g1h2 c5e3 f3e3
8/8/k2R4/4p3/P4b2/8/2K5/8 b - -,a6a7 d6e6 a7b7 c2d3 b7a7 d3c3 f4c1 e6e5 a7a6 c3c4
1rb2rk1/2q1b1pp/pp1p1n2/3Ppp2/PQN5/1P2B1P1/2P2PBP/R4RK1 b - -,h7h5 e3b6 c7d7 f2f4 e5e4 b4d2 e7d8 a4a5 h5h4 g3h4
2r3k1/5ppp/r3p3/1nPp4/PP3P2/4P3/6PP/R3BRK1 b - -,c8a8 a4a5 f7f6 a1d1 g8f7 e3e4 d5d4 g1f2 f7e8 f2e2
r3k2r/pppn1pp1/1b2bq1p/8/NP1P4/P7/2P1NPPP/R2QKB1R b KQkq -,e8h8 a4b6 d7b6 e2g3 f8d8 c2c3 b6d5 d1d2 a7a5 b4b5
r2qkb1r/3p1ppp/p1b1p3/1p1NP3/8/P2BB3/1PP2PPP/R2QK2R b KQkq -,c6d5 e1h1 d8c7 d1h5 g7g6 h5g5 f8e7 g5g3 h7h5 h2h4
8/R4p2/4p1p1/4P3/4PPkP/7r/6K1/8 b - -,
8/R4k2/4p3/3bKp2/5P2/8/8/8 b - -,f7g6 a7a3 d5c4 a3c3 c4d5 c3c8 g6g7 c8c7 g7g6 c7a7
N1b2r1k/pp1npqb1/3p3p/5Pp1/2PPP1n1/1QN5/PP3PBP/R1B2RK1 b - -,e7e6 c3b5 e6f5 h2h3 f5f4 h3g4 f7g6 b5a7 d7c5 b3h3
2q2rrk/3bb1np/p2p1pR1/Pp1PnP2/1PpNPB1R/2P4P/2B1Q2K/8 b - -,g7h5 g6g8 f8g8 e2h5 g8g7 f4h6 c8g8 h6g7 g8g7 c2d1
r1bq1rk1/ppp1bppp/2n1pn2/3pN3/3P1B2/2N1P3/PPP1BPPP/R2QK2R b KQ -,c6e5 f4e5 b7b6 a2a4 c7c5 e1h1 c8b7 c3b1 f6e4 b1d2
8/8/n5K1/6R1/8/4k2P/6P1/8 b - -,c6e5 f4e5 b7b6 a2a4 c7c5 e1h1 c8b7 c3b1 f6e4 b1d2
r7/1pP3kp/p1N1Br2/7n/Pb2Pp2/5N2/5PP1/R5K1 b - -,b4a5 c6a5 f6e6 f3d4 e6e4 d4f5 g7f6 f5d6 e4b4 c7c8q
rn1r2k1/pp4bp/1q2p1p1/2ppP3/5PB1/2P5/P1P3PP/R1BQK2R b KQ -,c5c4 d1f3 b8d7 c1e3 b6c6 h2h4 h7h5 g4h3 d8f8 f3e2
r3k2r/pppn1pp1/4bq1p/b7/1P1P4/P1N5/2P1NPPP/R2QKB1R b KQkq -,a8d8 b4a5 e8h8 e2g3 d7e5 f1e2 d8d4 d1c1 e5g4 e1h1
8/1p3kp1/p1P1pnp1/n2p4/3P4/P3P1P1/4KPP1/1R6 b - -,b7c6 b1b6 a5c4 b6a6 f6e4 g3g4 e4c3 e2f1 f7e7 a6a7
8/2b2pk1/8/7P/6P1/8/2N2P2/6K1 b - -,g7h6 g1g2 f7f5 f2f3 h6g5 g2h3 c7b6 c2e1 f5g4 f3g4
r1b3k1/p5nR/2p1pN2/1p6/8/6p1/PPBr4/2K4R b - -,g8f8 c1d2 c6c5 h1g1 a8b8 g1g3 b8b7 h7h8 f8f7 f6h5
1r1qr3/p1p2kpp/2Q2n2/2bP1b2/2P5/N4P2/PP1BB1PP/R4KNn b - -,f6d7 g2g3 b8b6 c6c5 d7c5 f1g2 b6b2 a1d1 f5d3 e2d3
r1b1nrk1/p6p/2p1pqP1/1p6/8/2NQ2p1/PPB5/2KR3R b - -,h7h6 g6g7 f6g5 c1b1 g5g7 d1g1 f8f5 g1g3 f5g5 g3g5
r2rk3/pp2np2/4p2Q/1q2R2N/8/P7/1P3PPP/R5K1 b - -,d8d1 a1d1 b5e5 h5f6 e5f6 h6f6 e7g8 f6f3 e8f8 f3b7
1r6/2p1nkpp/2bp1p2/P1p5/4P3/3N1P2/1rPB2PP/R1R3K1 b - -,f7e6 d3b2 b8b2 a1b1 b2a2 g1f2 h7h6 h2h4 e6d7 g2g4
r1b3k1/p3q1n1/2p1p2Q/1p6/4N3/6p1/PPB5/2KR4 b - -,g3g2 e4g5 g7e8 c2h7 g8h8 h7e4 h8g8 h6g6 g8f8 g5h7
4r1kr/2p2nN1/ppnp3p/7q/4PP2/1Q5P/PP4P1/R1B2RK1 b - -,g8g7 b3c3 g7h7 c3c6 h8g8 f1f2 e8e7 c6c2 h5h3 e4e5
2kn4/4N3/3pnp1r/2p1p1p1/B3P1Pp/P1KP1P1P/5B2/1R6 b - -,c8c7 e7d5 c7c8 b1b6 d8b7 f2e3 e6d8 a4b5 c8b8 c3c4
rn2kbnr/pp3ppp/2p5/3qP3/6b1/2N2N2/PPPP2PP/R1BQKB1R b KQkq -,g4f3 c3d5 f3d1 d5c7 e8d8 c7a8 d1c2 d2d3 b8d7 b2b3
r1bqk1nr/pp1nbpp1/2ppp2p/8/2BPPB2/2N2N1P/PPP2PP1/R2QK2R b KQkq -,b7b5 c4d3 b5b4 c3a4 g8f6 e1h1 e8h8 d1e2 e6e5 f4h2
rn1qkbnr/ppp1p1pp/4bp2/3pP3/3P4/2N5/PPP2PPP/R1BQKBNR b KQkq -,a7a6 c3e2 e6f7 g2g3 b8c6 g1f3 d8d7 e2f4 g7g5 f4d3
8/4R3/4p1k1/3bKp2/5P2/8/8/8 b - -,d5b3 e7a7 b3c4 e5d6 g6f6 d6c5 c4d5 a7c7 f6g6 c5d6
R7/5p2/4p1p1/4P3/4PPkP/7r/6K1/8 b - -,h3h4 a8a1 g4f4 a1f1 f4g5 f1f7 h4e4 f7e7 e4e5 g2g3
2r4k/5qp1/1P5p/5b2/3R4/1p6/4QPPP/4R2K b - -,c8b8 d4b4 f5g6 e2e3 h8h7 b4b3 f7d5 b3b2 b8b7 h2h3
3r1r1k/1q3Bpb/2R4p/1P4NQ/1p6/2b5/5PPP/6RK b - -,d8b8 f7c4 h6g5 c4d3 g7g6 d3g6 f8f6 c6f6 c3f6 g1b1
r2rk3/pp2np2/4pN1Q/4q3/8/P7/1P3PPP/R5K1 b - -,e5f6 h6f6 e7d5 f6h8 e8e7 h8h4 d5f6 h4b4 e7e8 a1c1
r7/1pP3kp/p3r3/7n/PN2Pp2/5N2/5PP1/R5K1 b - -,h5f6 e4e5 f6e8 b4d5 a8c8 a1b1 b7b5 d5f4 e6c6 f3d4
8/8/3K4/8/4rk2/2Q5/8/8 b - -,e4e3 c3c2 e3e8 c2f2 f4g4 f2f6 e8e2 d6d5 e2a2 f6d4
3r4/R2nkp1p/6p1/1p6/8/8/PPP2PPP/3R2K1 b - -,e7e8 g1f1 h7h6 a7a3 d7c5 a3e3 c5e6 d1d8 e8d8 e3e1
8/2n5/6K1/6R1/7P/4k3/6P1/8 b - -,e7e8 g1f1 h7h6 a7a3 d7c5 a3e3 c5e6 d1d8 e8d8 e3e1
8/6k1/4K1p1/7p/6PP/8/1b6/6R1 b - -,h5g4 g1g2 b2c1 g2g4 g7h6 e6f6 c1b2 f6f7 h6h5 g4g6
3R1bk1/4r2p/p4pp1/1p2PnNq/1P6/6P1/1Q3B1P/3R2K1 b - -,f6e5 b2d2 g8g7 f2c5 h7h6 g5e6 e7e6 c5f8 g7f7 f8c5
8/2pR4/p1k1K2p/Pp4p1/1P6/6r1/8/8 b - -,f5d6 d1d6 h5g5 e5f6 e7f7 d8f8 f7f8 b2a2 g8h8 a2f7
r5k1/2B2ppp/2p1bn2/8/4P2N/3P4/2P3PP/5R1K b - -,f6e8 c7b6 a8a2 f1c1 e8f6 b6e3 f6d7 h1g1 c6c5 g1f1
8/5R2/4p1p1/4P3/4PPkr/8/6K1/8 b - -,g6g5 f4f5 h4h6 f7f6 h6h7 f5e6 h7a7 g2f2 a7e7 f2e3
2kr3r/pp1qn1pp/2pp1p2/2b1p2b/B3P3/2NP1PB1/PPP1QP1P/3R1RK1 b - -,f6f5 d3d4 c5d4 c3d5 f5f4 d5f4 e5f4 d1d4 f4g3 f2g3
3r1rk1/5Rpp/bppR2n1/p7/4P3/P1B1P3/BP4PP/6K1 b - -,f8f7 d6d8 g6f8 d8b8 c6c5 a2d5 a5a4 b8b6 a6e2 b6b7
r2rk3/pp2np2/4pQ2/8/8/P7/1P3PPP/R5K1 b - -,a7a6 h2h4 e7d5 f6e5 e8e7 a1d1 a8c8 e5g5 d5f6 d1d8
4r1k1/5pp1/8/p1p3Pn/2q5/P1NR1P1P/4PQK1/8 b - -,h5f4 g2g3 f4d3 e2d3 c4c3 h3h4 g7g6 h4h5 c3e5 g3h3
8/2n5/6K1/6RP/4k3/8/6P1/8 b - -,h5f4 g2g3 f4d3 e2d3 c4c3 h3h4 g7g6 h4h5 c3e5 g3h3
3k4/5NR1/2KP4/7r/8/8/8/8 b - -,h5f4 g2g3 f4d3 e2d3 c4c3 h3h4 g7g6 h4h5 c3e5 g3h3
r4r1k/ppp3p1/3b2b1/3p1P2/7q/P2BRQ1P/1PP2P2/R1B3K1 b - -,g6f5 d3f5 h4g5 f3g4 g5f5 e3e2 f8f6 g4f5 f6f5 g1g2
r3n2k/p6P/b1p1p3/1p5N/5r2/8/PPB5/2KR3R b - -,f4f7 h1h4 e6e5 d1g1 e8g7 h4g4 a8f8 g4g7 f7g7 g1g7
8/8/4R1k1/4Kp2/5P2/1b6/8/8 b - -,
2r4k/5qpb/1P5p/8/1R6/1p6/4QPPP/4R2K b - -,h7g8 h2h3 c8b8 f2f3 f7f6 b6b7 f6c3 e2e7 b3b2 h1h2
r1b1n1k1/p4r1B/2p1p2R/1p2q3/8/2N3p1/PP1Q4/2K4R b - -,g8f8 h7g6 g3g2 d2g2 f7g7 h6h8 f8e7 h8e8 e7d7 g2d2
3n4/2k1N3/3pnp1r/2p1p1p1/B3P1Pp/P1KP1P1P/8/1R2B3 b - -,h6h7 e7d5 c7c8 b1b6 h7a7 a4b5 a7a3 c3b2 a3a7 b5a6
8/6k1/4K1p1/8/6RP/8/1b6/8 b - -,g7h6 e6f7 h6h5 g4g2 b2d4 g2g6 h5h4 f7e6 d4c3 e6f5
7r/1k6/8/1PKP4/P1P5/8/8/8 b - -,
r3k2r/pppn1pp1/3bbq1p/1N6/3P4/P7/1PP1NPPP/R2QKB1R b KQkq -,d7b6 b5d6 c7d6 e2c3 e8h8 f1e2 b6d5 c3d5 e6d5 e1h1
8/8/3R4/k3p3/P4b2/1K6/8/8 b - -,e5e4 d6d4 f4b8 d4e4 b8c7 e4b4 a5a6 b4b5 c7d8 b3b4
3R2k1/5rpp/bpp3n1/p7/4P3/P1B1P3/BP4PP/6K1 b - -,g6f8 d8b8 c6c5 a2d5 a6e2 b8b6 a5a4 b6b7 e2h5 c3e5
7k/1q3rp1/7p/1P3b2/1R6/1p6/4QPPP/4R2K b - -,f5g6 b4b3 f7f5 f2f3 g6f7 b3b1 b7b6 e2e3 f5f6 e3e7
8/2b2p2/7k/7P/6P1/4N3/5P2/6K1 b - -,h6g5 g1g2 f7f5 g4f5 g5h5 g2f3 h5g5 f3e4 c7h2 e3c4
8/8/4n1KP/6R1/4k3/8/6P1/8 b - -,h6g5 g1g2 f7f5 g4f5 g5h5 g2f3 h5g5 f3e4 c7h2 e3c4
r4r1k/ppp3p1/3b4/3p1B2/7q/P3RQ1P/1PP2P2/R1B3K1 b - -,h4g5 f3g4 g5f5 e3e2 a7a5 c1g5 d6c5 g4f5 f8f5 g5h4
r2qrbk1/pb1n1ppp/1pp5/5N2/3Pp1Q1/1PN1P3/PB3PPP/2R2RK1 b - -,g8h8 c3e4 d7f6 e4f6 d8f6 c1c2 h8g8 e3e4 b7c8 g4f4
rn1qkb1r/pp1b1ppp/3pp3/2pnP3/3P4/2PB1N2/PP3PPP/RNBQK2R b KQkq -,c5d4 c3d4 d6e5 d4e5 d7c6 a2a3 g7g6 b2b4 a7a6 e1h1
2kr3r/pp1qn1pp/2pp4/2b1pp1b/B2PP3/2N2PB1/PPP1QP1P/3R1RK1 b - -,c5d4 c3d5 f5f4 d5f4 e5f4 d1d4 h8f8 e4e5 f4g3 f2g3
6k1/2B2ppp/2p1bn2/8/4P2N/3P4/r1P3PP/1R5K b - -,g8h8 b1c1 c6c5 h4f3 c5c4 h1g1 h7h6 h2h3 h8g8 f3d4
4nrk1/p2P1ppp/1p6/4R1P1/7N/1P6/5P1P/6K1 b - -,e8d6 h4f5 d6b7 e5e8 g7g6 f5d6 b7d8 d6c8 d8b7 g1g2
2r2rk1/pp1nbpp1/1q2pn1p/3pN3/3PPB2/1P1Q3P/P2N1PP1/R3R1K1 b - -,d5e4 d2e4 f8d8 a1c1 d7e5 f4e5 f6e8 c1c4 b6a6 e4c3
8/2Kp4/3Pk3/8/8/5p2/1PP1bB2/8 b - -,e2c4 b2b3 c4f1 c2c4 f1e2 c4c5 e2b5 c7b6 b5c6 b3b4
3rk3/R2n1p1p/6p1/1p6/8/8/PPP2PPP/4R1K1 b - -,e8f8 e1d1 f8e8 a7b7 h7h5 f2f3 d7c5 d1d8 e8d8 b7b5
rnb1kbnr/pp1p1ppp/1qp1p3/8/4P3/2N2N2/PPPPBPPP/R1BQK2R b KQkq -,d7d5 d2d4 g8f6 e4e5 f6d7 e1h1 f8e7 f1e1 c6c5 c3a4
r3k2r/pppn1pp1/3bbq1p/8/3PN3/P7/1PP1NPPP/R2QKB1R b KQkq -,f6f5 e4d6 c7d6 e2g3 f5g5 d1d2 e8a8 h2h4 g5e7 e1a1
r1b2b1r/pp3kpp/8/3npqB1/3P4/4N1Q1/PP3PPP/R4RK1 b - -,f5e4 f1e1 c8e6 e3c4 e4d4 c4e5 f7g8 a1d1 d4b6 g3f3
r3k2r/pbppqppp/1p1N1n2/4n3/2P5/P3PN2/1PQBPPPP/R3KB1R b KQkq -,e8d8 d6b7 d8c8 d2b4 e7e6 f3e5 e6e5 b4c3 e5e6 g2g3
r6k/p5nP/b1p1p3/1p6/5N2/8/PPB5/2K2R2 b - -,b5b4 f4g6 h8h7 f1h1 g7h5 h1h5 h7g7 g6e5 g7f6 e5c6
3R1bk1/4r2p/p4Pp1/1p3nq1/1P6/6P1/1Q3B1P/3R2K1 b - -,e7e6 b2a2 g5f6 f2c5 f5g7 d8f8 f6f8 c5f8 g8f8 d1f1
r3rbk1/1bp2ppp/p4n2/np1q2B1/4P3/2P2N2/PPB2PPP/R2QRNK1 b - -,d5d8 f1d2 h7h6 g5h4 g7g5 h4g3 f6h5 d1e2 a5c6 a1d1
r1b1nk2/p4r2/2p1p1BR/1p2q3/8/2N3p1/PP1Q4/2K4R b - -,e8d6 g6f7 d6f7 h1f1 f8e8 h6h7 g3g2 d2g2 e5g5 g2g5
5n2/5K2/7P/6R1/4k3/8/6P1/8 b - -,e8d6 g6f7 d6f7 h1f1 f8e8 h6h7 g3g2 d2g2 e5g5 g2g5
r4r1k/ppp3p1/3b4/3p1Bq1/6Q1/P3R2P/1PP2P2/R1B3K1 b - -,g5f5 e3e2 f8f6 g4f5 f6f5 g1g2 h8g8 h3h4 d6e5 c2c3
4r1k1/pp3pp1/7p/3p4/8/B3rP2/PP2BK1P/4R3 b - -,b7b6 a3b4 d5d4 e2d3 e3e1 b4e1 e8c8 e1d2 g7g5 f2g3
3n4/2k5/3p1p1r/2p1pNp1/B2nP1Pp/P1KP1P1P/8/1R2B3 b - -,h6h7 c3c4 d8b7 f5d4 e5d4 c4d5 h7e7 b1b7 c7b7 d5d6
8/8/4pRp1/4P3/4PPk1/7r/6K1/8 b - -,
r2R1bk1/1p3p1p/pq2p1p1/1b2B3/4B3/P5Q1/1PP2PPP/R5K1 b - -,b6d8 e4b7 a8a7 b7f3 a7d7 h2h4 f7f6 a3a4 b5c6 e5c3
8/R4p2/4p1p1/4P3/4PPkP/6r1/7K/8 b - -,
r2qkbnr/2p1p1pp/p1p1bp2/3pP2Q/3P4/2N5/PPP2PPP/R1B1K1NR b KQkq -,e6f7 h5h3 d8d7 c3a4 d7h3 g1h3 e7e6 c1f4 e8a8 e1a1
1rbq1rk1/3nb1pp/pp1p4/3Ppp2/P1N5/4B1P1/1PPQ1PBP/R4RK1 b - -,a6a5 b2b4 d8c7 c4a3 c8a6 a3b5 a6b5 a4b5 a5b4 d2b4
8/8/2B5/8/1BK5/8/3k4/8 b - -,h7h5 f2f4 a6a5 g2f3 h5h4 g3h4 c8a6 f3e2 e5f4 f1f4
4nrk1/p4ppp/1p1P4/4RNP1/8/1P6/5P1P/6K1 b - -,g7g6 d6d7 e8c7 f5e7 g8h8 e7c6 c7e6 e5e6 f7e6 d7d8q
3r1k2/R2n1p1p/6p1/1p6/8/8/PPP2PPP/3R2K1 b - -,f8e8 a7c7 b5b4 c7c4 d7e5 d1d8 e8d8 c4b4 f7f5 b4b5
3k4/5R2/2KP4/4N2r/8/8/8/8 b - -,f8e8 a7c7 b5b4 c7c4 d7e5 d1d8 e8d8 c4b4 f7f5 b4b5
5bk1/6pp/4p3/2Np4/1P1P4/r7/P5PP/4R1K1 b - -,a3a2 e1e6 a2b2 e6b6 f8e7 c5d3 b2b3 d3f4 e7f6 b6b8
2kr3r/pp1qn1pp/2pp4/3Npp1b/B2bP3/5PB1/PPP1QP1P/3R1RK1 b - -,f5f4 d5f4 e5f4 d1d4 h8f8 e4e5 f4g3 f2g3 d7c7 e5d6
r1b5/p4knR/2p1pN2/1p6/8/8/PPBK2p1/6R1 b - -,e6e5 g1g2 c8f5 g2g7 f7f6 g7f7 f6e6 c2f5 e6d5 d2e3
4r1k1/5pp1/5n2/p1p5/P1q3P1/2NR1P1P/4PQK1/8 b - -,c4b4 d3e3 e8e3 f2e3 g7g6 h3h4 b4c4 g2g3 c4b4 g3f2
8/pp6/3b2k1/P1p5/3p4/1P1P2p1/2R3K1/1rB5 b - -,g6f5 c1b2 d6e5 b2c1 b7b6 b3b4 b1b4 c2e2 e5d6 e2e1
rn2kb1r/ppp1qppp/4bn2/3p4/3P4/2P1N3/PP1NQPPP/R1B1KB1R b KQkq -,b8d7 g2g3 h7h5 d2f3 f6e4 f1g2 g7g6 a2a4 f8g7 a4a5
2r5/1pP3kp/p7/3N3n/P3rp2/5N2/5PP1/2R3K1 b - -,h7h6 d5b6 e4e8 f3e5 h5f6 g1h2 g7g8 e5d3 f4f3 g2f3
rnkbrnbq/pppppppp/8/8/4P3/8/PPPP1PPP/RNKBRNBQ b KQkq -,e7e5 g2g3 a7a5 a2a4 f8e6 f2f4 f7f6 c2c3 b8a6 h1f3
2q2rrk/3bbnnR/p2p1pR1/Pp1P1P2/1PpNPB2/2P4P/2B1Q2K/8 b - -,e7e5 g2g3 a7a5 a2a4 f8e6 f2f4 f7f6 c2c3 b8a6 h1f3
8/5ppp/1k6/8/P6r/1K5P/5PP1/4R3 b - -,h4f4 e1e2 h7h5 f2f3 f4d4 e2e5 d4d2 e5g5 g7g6 b3c3
7r/ppRr1pp1/4knp1/8/4p1P1/N5BP/PP3PK1/2R5 b - -,h8d8 a3b5 d7c7 b5c7 e6e7 c1e1 d8d2 g4g5 f6h5 e1e4
3n4/2k5/3p1p1r/2p1pPp1/B5Pp/P1KP1P1P/8/1R2B3 b - -,d6d5 c3c2 d8c6 a4c6 c7c6 b1b8 c5c4 d3c4 h6h7 c4d5
8/2p5/pp6/8/P4k1P/1P5K/2P5/8 b - -,f4f5 h3g3 f5e4 g3g4 e4e5 g4g5 e5d4 h4h5 d4c3 h5h6
r2qkb1r/1b1p1ppp/p1n1pn2/1p6/3NP3/P1NBB3/1PP1QPPP/R3K2R b KQkq -,c6e5 f2f4 e5d3 c2d3 f8e7 e1h1 e8h8 a1c1 a8c8 h2h3
2kr3r/pp1q2pp/2pp4/3Ppp1b/B2b4/5PB1/PPP1QP1P/3R1RK1 b - -,d4b6 d5c6 d7e7 c6b7 c8b8 a4c6 f5f4 g1g2 h8f8 c6e4
4r1k1/6pp/4pp2/3p4/1R1P2P1/8/4PP1P/6K1 b - -,g8f7 g1g2 e6e5 g2f3 e5d4 b4d4 e8e5 d4b4 h7h5 b4b7
8/5R2/4p1p1/4P3/4PP1k/6r1/7K/8 b - -,
8/8/4R1p1/4P3/4PPk1/4r3/6K1/8 b - -,
6k1/2B2ppp/2p1bn2/8/4P2N/3P4/r1P3PP/2R4K b - -,f6e8 c7b6 e8f6 b6f2 f6d7 h1g1 h7h6 h2h3 c6c5 h4f5
r2q1rk1/pp1n1pp1/2p1pb1p/5b2/P1QP4/2N1PN2/1P2BPPP/R4RK1 b - -,
r5k1/p4p2/1pp2bp1/3r1p1p/5P1P/5P2/PPP2B2/2K1R1R1 b - -,f6d4 f2e3 d4e3 e1e3 d5d4 g1h1 d4f4 e3d3 a8e8 b2b3
r3nr1k/p6P/b1p1p3/1p5N/8/8/PPB5/2K2R1R b - -,e8d6 h5f4 f8f6 f4g6 f6g6 c2g6 b5b4 f1f4 c6c5 h1e1
3r1bk1/1pB2p1p/pq2p1p1/1b6/4B3/P5Q1/1PP2PPP/R5K1 b - -,b6d4 c7d8 d4e4 d8f6 b5c6 f2f3 e4c2 f6c3 c2f5 g3b8
r1b5/p5nR/2p1pk2/1p6/8/8/PPBK2R1/8 b - -,c8a6 g2g7 b5b4 d2e3 f6e5 g7a7 a8a7 h7a7 a6f1 a7a8
r6k/ppp3p1/3b4/3p1r2/8/P3R2P/1PP2PK1/R1B5 b - -,a8f8 e3e2 d6c5 f2f4 c5d6 a3a4 a7a5 c1d2 d6f4 d2a5
4nrk1/p3Np1p/1p1P2p1/4R1P1/8/1P6/5P1P/6K1 b - -,g8h8 d6d7 e8d6 e7c6 d6b7 e5e8 h8g7 c6a7 f7f6 g5f6
1r4bk/5qp1/1P5p/8/1R6/1p3P1P/4Q1P1/4R2K b - -,b8b7 e2b5 b7b8 b5c5 b8b7 c5c6 b7b8 c6c7 b8b7 c7f7
2rq1rk1/1p3ppp/p1npb3/2nNp3/4P3/1B3N2/PPPRQPPP/5RK1 b - -,e6g4 e2e3 g8h8 d5c3 b7b5 h2h3 g4f3 e3f3 c6d4 f3g4
r1b2rk1/3p1p1p/p1n1pR2/1p6/4P3/2N5/PPP1B1PP/5R1K b - -,c6e5 h1g1 c8b7 e2d3 a8c8 a2a3 c8c5 c3e2 f8c8 e2d4
3k4/3R4/2KP4/4N2r/8/8/8/8 b - -,c6e5 h1g1 c8b7 e2d3 a8c8 a2a3 c8c5 c3e2 f8c8 e2d4
8/3k3P/1K4n1/3pBpp1/8/8/8/8 b - -,d7e6 e5d4 f5f4 b6c6 g5g4 d4b6 f4f3 b6f2 e6e5 c6c5
2rr2k1/1p1bqppp/p3pn2/8/1P1B4/PB2PQ2/5PPP/2R2RK1 b - -,d7b5 f1d1 h7h6 h2h3 c8c1 d1c1 b5c6 f3g3 f6e8 f2f3
8/2pR1K2/p1k4p/Pp4p1/1P6/4r3/8/8 b - -,d7b5 f1d1 h7h6 h2h3 c8c1 d1c1 b5c6 f3g3 f6e8 f2f3
8/ppRr1pp1/4knp1/8/4p1P1/N5BP/PP3PK1/8 b - -,d7c7 g3c7 f6d5 c7b8 d5b4 b8a7 b4a2 a3c2 a2c1 c2b4
8/8/8/k2Rp3/P7/1K2b3/8/8 b - -,a5b6 d5e5 e3d4 e5f5 d4e3 f5b5 b6a7 b5e5 e3d4 e5e6
5K2/8/7P/6R1/5k2/8/6P1/8 b - -,a5b6 d5e5 e3d4 e5f5 d4e3 f5b5 b6a7 b5e5 e3d4 e5e6
4nr1k/p2PNp1p/1p4p1/4R1P1/8/1P6/5P1P/6K1 b - -,e8g7 e7c6 g7e6 e5e6 f7e6 d7d8q f8d8 c6d8 e6e5 d8f7
rnb1kbnr/ppp2ppp/8/2q1p3/3P4/2N2P2/PPP3PP/R1BQKBNR b KQkq -,e5d4 c3b5 a7a6 b5d4 b8c6 g1e2 g8e7 c2c3 c8d7 d4b3
8/5R2/4p1p1/4PP2/4P2k/4r3/7K/8 b - -,
1r4k1/4pp1p/p1bp2p1/8/P1PrPPP1/K2BR2P/P2R4/8 b - -,b8c8 d2b2 e7e5 f4e5 d6e5 b2b6 c6d7 d3c2 d7e6 c2b3
rn1qk2r/pp2bppp/2p1pn2/3p3b/3P4/2PBPN1P/PPQN1PP1/R1B1K2R b KQkq -,
r7/p5nk/b1p1p1N1/8/1p6/8/PPB5/2K4R b - -,h7g8 h1h8 g8f7 h8a8 g7f5 a8a7 f7g6 a7a6 g6f7 a6c6
8/2p5/pp6/5k2/P6P/1P4K1/2P5/8 b - -,f5e4 g3g4 e4e5 h4h5 e5f6 b3b4 f6e5 g4g5 e5e6 g5g6
R7/5p2/4p1p1/4P3/4PP1k/4r2P/6K1/8 b - -,e3h3 a8h8 h4g4 h8h3 g4f4 h3f3 f4e5 f3f7 e5e4 g2f2
5K2/7P/8/6k1/8/8/6P1/8 b - -,e3h3 a8h8 h4g4 h8h3 g4f4 h3f3 f4e5 f3f7 e5e4 g2f2
2rq1rk1/pp1nbpp1/4p2p/3pP3/3P1B2/1P1Q3P/P2N1PP1/R3R1K1 b - -,d7b8 d3g3 g8h8 d2f3 d8a5 g3g4 c8c2 g4h5 h8h7 g2g4
rnkbrnbq/pppp1pp1/8/4p2p/4P3/7B/PPPP1PPP/RNK1RNBQ b KQkq -,b8c6 g2g3 g7g5 b1c3 f8e6 c1a1 c6d4 f2f3 f7f6 f1e3
3r2k1/p4p2/1pp2bp1/3r1p1p/5P1P/5P2/PPP2B2/2K1R2R b - -,d5d2 e1e8 d8e8 c1d2 e8d8 d2e2 f6b2 c2c4 b2c3 f2e3
8/k7/p7/PQ6/K7/8/8/8 b - -,
r1b1nrk1/p6p/2p1pRP1/1p6/8/2N5/PPBQ2p1/2KR4 b - -,a6b5 a4b5 a7b7 b5a4 b7a8 a4b4 a8b7
8/3k3P/1K6/3pppp1/5n2/6B1/8/8 b - -,f4g6 b6c5 d7e6 c5b4 f5f4 g3h2 g5g4 b4c3 g4g3 h2g1
r1b2b1r/pp3kpp/8/3np1B1/3Pq3/4N1Q1/PP3PPP/R3R1K1 b - -,c8e6 e3c4 e4d4 c4e5 f7g8 a1d1 d4b6 h2h3 h7h6 g5h4
r1b5/p6R/2p1pk2/1p3B2/8/8/PP1K2R1/8 b - -,f6f5 g2g8 a7a5 h7h8 a8a7 g8c8 a7g7 h8h1 f5e4 c8c6
rnbqk2r/ppp2pbp/3p1np1/4p1B1/3PP3/2P2N2/PP2QPPP/RN2KB1R b KQkq -,h7h6 g5f6 d8f6 d4e5 d6e5 e2c2 a7a5 a2a4 b8d7 b1d2
2r5/1k6/8/1P1P4/PKP5/8/8/8 b - -,c8d8 a4a5 d8d7 b4c5 d7c7 c5d4 c7h7 c4c5 h7h4 d4e5
rn2r1k1/pp3p1p/3p2pP/q1pP1PBn/2P5/1Pb2P2/P3BK2/R2Q2NR b - -,b8d7 f5g6 h7g6 f3f4 c3d4 f2g2 a5c3 e2h5 c3a1 d1a1
8/8/k7/4R3/P7/1K2b3/8/8 b - -,e3d4 e5b5 a6a7 b3c4 d4g1 b5f5 a7a8 c4b5 a8b7 f5e5
3r1rk1/1p2bppp/p7/P1pb4/5RB1/4B3/1PP3PP/3R2K1 b - -,e7g5 e3c5 g5f4 c5f8 g8f8 c2c4 h7h5 g4h5 g7g6 h5g4
8/5kp1/R1p1p1p1/3p4/2nPn1P1/P3P3/4KPP1/8 b - -,e4c3 e2f1 f7e7 a6a7 e7f6 a3a4 g6g5 f1e1 e6e5 d4e5
r2r1k2/pp3ppQ/4p3/1q2bnBN/8/P7/1P3PPP/R3R1K1 b - -,f8e8 h7g8 e8d7 g8f7 d7c6 f7e6 e5d6 a3a4 b5d5 a1c1
8/pp3pp1/4k1p1/3n4/4p1P1/N5BP/PP3PK1/8 b - -,d5b4 f2f3 e4f3 g2f3 b4a2 g3e1 a7a6 a3c2 a2c1 f3e3
5r1k/ppp3p1/3b4/3p1r2/8/P6P/1PP1RPK1/R1B5 b - -,d6c5 f2f4 c5d6 c1e3 d6f4 e3f4 f5f4 a1d1 c7c6 d1d2
3B1r2/KP1q4/P1N5/8/8/8/7k/8 b - -,h2h1 a7b6 f8f1 d8e7 f1b1 e7b4 d7d6 b6b5 d6d5 b5b6
2q2rr1/3bbnnk/p2p1pR1/Pp1P1P2/1PpNPBQ1/2P4P/2B4K/8 b - -,h2h1 a7b6 f8f1 d8e7 f1b1 e7b4 d7d6 b6b5 d6d5 b5b6
r2q1bk1/1B3p1p/p3p1p1/1b2B3/8/P5Q1/1PP2PPP/R5K1 b - -,a8a7 b7f3 f7f6 e5c3 e6e5 h2h4 a7d7 a3a4 b5c4 g3g4
8/5R2/4p3/4PP2/7k/4r3/7K/8 b - -,
r2q1rk1/p4pbp/1p1p2p1/2pP1p2/2P5/1P1P1B1P/P4PP1/2RQ1RK1 b - -,h7h5 g2g3 h5h4 d1d2 g7d4 g3g4 f5g4 h3g4 g8g7 g1h1
rnb1kb1r/p2p1ppp/1qp5/7n/2B1Pp2/2NP1N2/PPP3PP/R1BQ1KR1 b kq -,f7f6 e4e5 e8d8 c1d2 c8a6 c3a4 b6b7 c4f7 g7g6 d1e1
5K1Q/8/8/8/5k2/8/6P1/8 b - -,f7f6 e4e5 e8d8 c1d2 c8a6 c3a4 b6b7 c4f7 g7g6 d1e1
8/8/kb6/4R3/P1K5/8/8/8 b - -,b6a7 c4b4 a7f2 e5e6 a6b7 b4b5 f2d4 e6e7 b7c8 b5a6
8/3k4/1K4pP/3ppp2/5n2/6B1/8/8 b - -,f4e2 h6h7 e2g3 h7h8q d7e6 h8e8 e6f6 e8d8 f6g7 d8d5
3n4/2k5/5p1r/1RpppPp1/B5Pp/P1KP1P1P/8/4B3 b - -,d8b7 a4b3 d5d4 c3c4 h6h8 e1a5 b7a5 b5a5 h8b8 a5c5
1rbq1rk1/3nb1pp/pp1p4/3Ppp2/P1N2P2/4B1P1/1PPQ2BP/R3K2R b KQ -,d8c7 b2b3 e5f4 e3f4 d7c5 e1h1 c5e4 d2e2 b6b5 a4b5
5r1k/p1nP1p1p/1pN3p1/4R1P1/8/1P6/5P1P/6K1 b - -,h8g7 d7d8q f8d8 c6d8 g7f8 g1h1 c7a6 d8b7 a6c7 b7d6
r4rk1/p2p1ppp/bqp1p3/3PP3/1b2NP2/5K2/PP4PP/R1BQ1B1R b - -,e6d5 e4g3 a6b7 a2a3 b4c5 b2b4 c5d4 a1a2 f7f6 e5f6
2r2rk1/p4ppp/3q4/1p1P4/2p5/1nQ3P1/5PBP/3RR1K1 b - -,a7a5 c3c2 a5a4 g2e4 g7g6 h2h4 c4c3 h4h5 b5b4 h5h6
8/8/6R1/4P3/4rPk1/8/6K1/8 b - -,g4h5 g6g5 h5h4 g2f3 e4e1 g5g6 h4h5 g6g8 h5h6 g8g5
2rq1rk1/pp1n1pp1/4p2p/3pP1B1/3P4/1P1Q3P/P2N1PP1/R3R1K1 b - -,d8g5 d2f3 g5e7 a1c1 e7a3 d3d2 d7b8 g2g4 b8c6 g1g2
2k2r1r/pp1q2pp/2Pp4/4pp1b/B2b4/5PB1/PPP1QP1P/3R1RK1 b - -,b7c6 c2c3 d4b6 g3e5 b6c5 g1g2 f8f7 e2a6 d7b7 a6b7
r1b3R1/p6R/2p1p3/1p3k2/8/8/PP1K4/8 b - -,a7a5 h7h8 a8a7 g8c8 a7g7 h8h1 e6e5 c8c6 f5f4 c6c5
rnbq1rk1/ppp2pbp/3p1np1/4p1B1/3PP3/2P2N2/PP1NQPPP/R3KB1R b KQ -,e5d4 f3d4 b8c6 d4c6 b7c6 f2f3 h7h6 g5e3 a7a5 e2f2
8/R4p2/4p1p1/4P3/4PP1k/4r2P/6K1/8 b - -,
6k1/3n1pp1/8/p1p5/P1q3P1/2N1QP1P/4P1K1/8 b - -,c4d4 e3e8 d7f8 c3e4 c5c4 h3h4 d4d1 e4g5 d1d5 e8e4
7k/5qp1/1P5p/5b2/3R4/1p3Q2/2r2PPP/4R2K b - -,c2c5 b6b7 c5b5 d4d8 h8h7 b7b8q b5b8 d8b8 f5g6 f3a8
8/1p3pp1/p3k1p1/3n4/4p1P1/6BP/PPN2PK1/8 b - -,d5b6 b2b3 b6d7 f2f4 d7c5 g3e1 c5d3 e1d2 e6d5 g2g3
b5k1/2p2p1p/1p2p1p1/1P6/4qP2/2P5/6PP/2Q2BK1 b - -,a8d5 c1d2 d5c4 f1c4 e4c4 g2g3 g8g7 d2b2 h7h6 g1g2
rn1qk1nr/2p2p2/bp1pp1pb/1B5p/p2PP2P/P1P2NB1/1P1NQPP1/R3K2R b KQkq -,a6b5 e2b5 d8d7 b5d3 g8e7 e1h1 e8h8 a1d1 b8c6 f3g5
8/8/8/4PR2/7k/4r3/7K/8 b - -,
1K1k3R/1P6/8/8/8/8/8/r7 b - -,d8e7 h8h2 a1b1 h2a2 e7e6 b8a8 e6e5 a2a4 e5f5 a8a7
r4rk1/pp1n1pp1/3pb2p/8/3P3q/P2Q2P1/1PP1NP1P/R3KB1R b KQ -,h4d8 e2f4 e6g4 f2f3 f8e8 f1e2 g4e6 e1a1 d7f6 f4e6
5r1k/ppp3p1/8/2bp1r2/8/P3B2P/1PP1RPK1/R7 b - -,d5d4 b2b4 d4e3 b4c5 f5f2 e2f2 f8f2 g2g1 f2c2 a1e1
8/pp6/3b2k1/P1p5/3p4/1r1P2p1/3R2K1/2B5 b - -,b7b6 d2d1 g6f5 a5b6 a7b6 d1f1 f5e6 f1d1 e6d5 c1h6
2rr2k1/1p3ppp/p1b1pQ2/8/1P6/PB2P3/5PPP/2R2RK1 b - -,g7f6 c1c3 f6f5 h2h3 g8g7 f1c1 c8a8 b3c4 d8d2 c4f1
r4r1k/p6P/b1pnp3/1p6/5N2/8/PPB5/2K2R1R b - -,f8f4 f1f4 d6f5 h1e1 a6c8 f4g4 c8d7 e1g1 d7e8 g4g8
5K2/8/8/8/8/2Q1k3/6P1/8 b - -,f8f4 f1f4 d6f5 h1e1 a6c8 f4g4 c8d7 e1g1 d7e8 g4g8
r1bq1r2/ppp1k1pp/2np1n2/2bBp3/4P3/2N2N2/PPPP1PPP/R1BQK2R b KQ -,d8e8 d5c6 b7c6 d2d3 e7f7 c1e3 c5b6 a2a4 f7g8 a4a5
8/1p4p1/p3k1p1/3n1pP1/4p3/6BP/PPN2PK1/8 b - -,f5f4 g3h4 e6f5 f2f3 e4e3 g2f1 d5c7 c2d4 f5e5 d4e2
5r1k/p2P1p1p/1pN1R1p1/6P1/8/1P6/5P1P/6K1 b - -,f7e6 d7d8q f8d8 c6d8 h8g8 d8e6 g8f7 e6d4 a7a5 g1g2
8/8/4P1R1/8/4rk2/8/6K1/8 b - -,
6k1/2B2ppp/2p2n2/8/4P2N/1P1P4/r5PP/2R4K b - -,f6h5 h4f5 h7h6 b3b4 a2b2 f5e7 g8h7 e7c6 b2b3 c7d6
8/1k6/1b6/P3R3/2K5/8/8/8 b - -,b6a7 c4b5 a7f2 e5e7 b7b8 b5c6 f2g1 e7e8 b8a7 c6b5
2k2r1r/p2q2pp/2pp4/4pp1b/B2b4/2P2PB1/PP2QP1P/3R1RK1 b - -,d4c5 b2b4 c5b6 g3e5 f8f6 e5f6 g7f6 f1e1 f5f4 e2e6
6k1/6pp/4p3/2Pp4/3P4/r7/P5PP/4R1K1 b - -,g8f7 c5c6 f7e7 e1c1 e7d8 c6c7 d8c8 c1c6 g7g6 c6e6
1r6/1p2kpp1/p2Npnp1/n1Pp2N1/3P4/P3P1P1/4KPP1/1R6 b - -,b8f8 g5f7 f8f7 d6f7 e7f7 c5c6 b7c6 b1b6 a5c4 b6a6
3n4/8/1R1k1p1r/2pppPp1/B5Pp/P1KP1P1P/8/4B3 b - -,d6c7 b6a6 h6h7 a6f6 h7f7 f6g6 f7f8 c3c2 d8f7 e1a5
r4rk1/pp1n1pp1/3pb2p/7q/3P1N2/P2Q2P1/1PP2P1P/R3KB1R b KQ -,h5d5 f4d5 e6d5 f2f3 f8c8 e1d2 a7a5 b2b3 a5a4 c2c4
rnbqkbnr/ppp2ppp/8/8/Q3p3/5N2/PPP2PPP/RNB1KB1R b KQkq -,b8c6 f3e5 d8d4 f1b5 d4a4 b5a4 g8e7 e5c6 e7c6 c1f4
7k/1P3qp1/7p/5b2/3R4/5Q2/1pr2PPP/4R2K b - -,f7g8 f3f5 c2c1 d4d1 b2b1q f5b1 c1b1 d1b1 g8b8 e1c1
3r1q1k/6pb/1PR4p/8/1p1b4/8/4QPPP/4R2K b - -,b4b3 b6b7 b3b2 e2b5 h7f5 c6a6 d4c3 e1g1 d8b8 a6a8
rnb1kbnr/ppp2ppp/8/1Nq5/3p4/5P2/PPP3PP/R1BQKBNR b KQkq -,a7a6 b5d4 b8c6 c1e3 c5b4 e1f2 g8e7 d1e1 b4b2 a1b1
5K2/8/8/8/8/5Q2/4k1P1/8 b - -,a7a6 b5d4 b8c6 c1e3 c5b4 e1f2 g8e7 d1e1 b4b2 a1b1
3Q1r1k/p6p/1pN1p1p1/6P1/8/1P6/5P1P/6K1 b - -,f8d8 c6d8 e6e5 d8f7 h8g7 f7e5 a7a6 g1g2 g7f8 e5c6
8/5R2/4p1p1/4P3/4rP1k/7P/6K1/8 b - -,f8d8 c6d8 e6e5 d8f7 h8g7 f7e5 a7a6 g1g2 g7f8 e5c6
1r5k/1q3Np1/3R3p/1P3b2/1p1b4/8/4QPPP/4R2K b - -,h8g8 f7h6 g7h6 e2c4 g8h7 c4d4 b8g8 f2f3 b7g7 g2g4
rnbqk2r/ppppbppp/4pn2/6B1/3PP3/P1N5/1PP2PPP/R2QKBNR b KQkq -,f6e4 g5e7 e4c3 e7d8 c3d1 d8c7 d1b2 a1b1 b2a4 e1d2
8/p7/1p1b2k1/P1p5/3p4/1r1P2p1/6K1/2BR4 b - -,g6f5 d1h1 b3d3 h1h6 d6f4 c1f4 f5f4 h6h4 f4e5 h4h7
r2q1rk1/pp4bp/5ppn/3Pp3/2B2B2/5b2/PP1Q1PPP/RN2R1K1 b - -,f3e2 e1e2 e5f4 d5d6 g8h8 b1c3 f4f3 g2f3 h6f5 a1d1
8/2R1np2/1p5k/p7/5NKP/1r4P1/8/8 b - -,e7g6 h4h5 g6e5 g4f5 b3b5 f5f6 a5a4 c7c8 e5d7 f6f7
r1b3RR/8/2p1p3/pp3k2/8/8/PP1K4/8 b - -,a8a7 g8c8 a7g7 h8h1 g7g2 d2c1 e6e5 c8c6 a5a4 h1f1
r1bqkbnr/p2p1ppp/2p1p3/8/2p1P3/5N2/PPPPQPPP/RNB2RK1 b kq -,d8a5 f1d1 c8a6 b2b3 c4b3 c2c4 b3a2 b1c3 a5b4 f3e5
r4rk1/pp1n1pp1/3pb2p/q7/1P1P1N2/P2Q2P1/2P2P1P/R3KB1R b KQ -,a5a4 f4e6 f7e6 f1h3 e6e5 e1h1 d7f6 h3g2 e5e4 g2e4
5r1k/5p2/pr1pb1p1/2pBp3/4Pq1p/RPNP3P/2P2PP1/3Q2K1 b - -,f4g5 g1h1 g5f4 h1g1 e6c8 a3a1 f4g5 g1h1 f7f5 d1e1
rnbqkb1r/ppp2ppp/5n2/3p4/3N4/3Q2P1/PPP1PP1P/RNB1KB1R b KQkq -,c7c5 d4f3 b8c6 f1g2 c6b4 d3d2 f8e7 c2c4 d5d4 e1h1
rnb1kb1r/p2p1ppp/2p5/2q4n/2B1Pp2/2NP1N2/PPP1Q1PP/R1B2KR1 b kq -,c8a6 c4b3 g7g6 e4e5 f8e7 c3e4 c5b5 g2g4 h5g7 c1f4
4r1k1/p1p2pp1/2b4p/2P3N1/1P6/P1Q1rP2/6PP/R3R2K b - -,e3e7 e1e7 e8e7 g5h3 e7e8 h3f4 g7g6 c3c4 e8d8 c4a6
6k1/2B2ppp/2R2n2/8/4P2N/1P1P4/5rPP/7K b - -,h6g5 e1e3 e8c8 e3e7 c6d5 a1e1 f7f6 e7e8 c8e8 e1e8
r2qrbk1/pb1n1p1p/1pp3p1/5N2/3PN1Q1/1P2P3/PB3PPP/2R2RK1 b - -,b7a6 f1d1 h7h5 g4f3 g6f5 f3f5 d8e7 e4g3 e7e6 f5h5
5K2/8/8/8/6P1/5Q2/8/4k3 b - -,b7a6 f1d1 h7h5 g4f3 g6f5 f3f5 d8e7 e4g3 e7e6 f5h5
5R2/8/8/4P3/6k1/4r3/7K/8 b - -,
1k1r1b1n/p1p3p1/1p3p2/N4P1p/1PPBr3/P5PP/3R1P2/3R1K2 b - -,b8c8 a5c6 d8d6 c6a7 c8b7 a7b5 d6d7 d4e3 d7d2 d1d2
6R1/8/4P3/5k2/4r3/8/6K1/8 b - -,
2k2r1r/p2q2pp/1bpp4/4Bp1b/B7/2P2P2/PP2QP1P/3R1RK1 b - -,f8f6 e5f6 g7f6 d1e1 d6d5 a4d1 d5d4 c3d4 h8d8 g1h1
r2r1k2/pp4pQ/4pp2/1q2bnBN/6P1/P7/1P3P1P/R3R1K1 b - -,a8b8 g4f5 f6g5 f5e6 b5b2 h7f5 f8g8 f5e5 b2e5 e1e5
1rb2rk1/2qnb1pp/pp1p4/3Ppp2/P1N2P2/1P2B1P1/2PQ2BP/R3K2R b KQ -,e5f4 e3f4 d7c5 e1h1 c5e4 d2e2 b6b5 a4b5 a6b5 c4d2
r7/p5k1/b1p1p3/4N2R/1p6/8/PPB5/2K5 b - -,g7f6 e5c6 b4b3 a2b3 a8g8 h5h6 f6f7 b3b4 a6f1 h6h7
r3kb1r/pppqp1pp/2np1n2/8/3P4/1Q3N2/PPP2PPP/RNB2RK1 b kq -,c6a5 b3b4 b7b6 b4d2 g7g6 f1e1 a8c8 d4d5 a5b7 b1c3
3r1k2/p4p2/1pp3p1/5p1p/3r1P1P/5P2/PPP5/2KR3R b - -,d8d5 c2c3 d4f4 d1d5 c6d5 h1h3 f8e7 b2b3 e7d6 c1d2
3r1q1k/1P4pb/2R4p/1Q6/3b4/8/1p3PPP/4R2K b - -,h7f5 c6a6 d4c3 e1g1 d8b8 a6a8 f5e4 b5c4 b8a8 c4c3
rnb1kbnr/1pp2ppp/p7/2q5/3N4/5P2/PPP3PP/R1BQKBNR b KQkq -,b8c6 g1e2 g8e7 c2c3 c8d7 d4b3 c5b6 d1d3 c6e5 d3e4
r1R4R/8/2p1p3/pp2k3/8/8/PP1K4/8 b - -,a8a7 c8c6 e5d5 c6c1 a7d7 h8c8 b5b4 d2d3 d5e5 d3c4
2r2rk1/5ppp/3q4/pp1PQ3/2p5/1n4P1/5PBP/3RR1K1 b - -,d6e5 e1e5 c4c3 g2e4 b3d2 d5d6 b5b4 d6d7 c8d8 d1d2
3Qr3/4Q3/3P4/5P2/3B2P1/2P4P/4n2P/1b3k1K b - -,b1d3 d8a5 e8e7 a5a1 e2c1 a1c1 e7e1 c1f4 f1e2 h1g2
r3n2k/p6P/b1p1p3/1p6/4Nr2/8/PPB5/2KR3R b - -,e8c7 d1d7 c7d5 e4g5 b5b4 g5f7 f4f7 d7f7 d5e3 c2g6
8/p7/1p1b4/P1p2k2/3p4/1r1P2p1/6K1/2B2R2 b - -,f5e6 c1h6 b6a5 f1e1 e6d5 e1f1 a5a4 f1f5 d5c6 g2h3
rnbqk2r/ppppBppp/4p3/8/3Pn3/P1N5/1PP2PPP/R2QKBNR b KQkq -,e4c3 e7d8 c3d1 d8c7 d1b2 a1b1 b2a4 e1d2 d7d5 f1b5
7k/8/3K2Q1/8/8/8/4r3/8 b - -,e2d2 d6c6 d2f2 g6h5 h8g7 c6d6 f2f6 d6e7 f6a6 h5e5
r1bqkbnr/1p1p1ppp/p1n5/2p1p3/3PP3/2P2N2/PP3PPP/RNBQKB1R b KQkq -,c5d4 c3d4 e5d4 f3d4 f8b4 b1c3 g8f6 d4c6 d7c6 d1d8
r1b3k1/p3q3/2p1p1Q1/1p3n2/4N3/6p1/PPB5/2KR4 b - -,g8f8 e4f6 e7f7 f6h7 f8e8 d1d8 e8d8 g6f7 g3g2 f7g8
r4b1r/pp3kpp/4b3/3np1B1/2NPq3/6Q1/PP3PPP/R3R1K1 b - -,e4f5 e1e5 f5g4 g3g4 e6g4 e5d5 g4e6 c4e5 f7g8 d5b5
r1b1nrk1/p6R/2p1pqP1/1p6/8/2N3p1/PPBQ4/2KR4 b - -,f6f4 d2f4 f8f4 c2e4 c8d7 d1d7 e8f6 d7g7 g8f8 g7c7
6R1/8/8/4r3/6k1/8/7K/8 b - -,
4r1k1/1R2P1p1/p3B3/r2p2p1/4b3/2P5/1P5P/4R1K1 b - -,g8h8 e6f7 e8e7 b7e7 e4c2 e7e8 h8h7 e8e5 g7g6 e5d5
5K2/8/8/6P1/8/5Q2/3k4/8 b - -,g8h8 e6f7 e8e7 b7e7 e4c2 e7e8 h8h7 e8e5 g7g6 e5d5
1rb2rk1/2qnb1pp/pp1p4/3P1p2/P1N2B2/1P4P1/2PQ2BP/R3K2R b KQ -,f8d8 a1d1 d7c5 e1h1 c5e4 d2d3 b6b5 a4b5 a6b5 c4d2
8/2r1pk2/p2p4/Pp1P1r1p/3R1PP1/2P2K2/1P6/4R3 b - -,f5e5 f4e5 d6e5 e1e5 h5h4 d4f4 f7g6 e5e6 g6g7 e6a6
8/1p4p1/p5p1/3n1kP1/5p1P/4pP2/PPN3KB/8 b - -,a6a5 g2f1 d5b4 c2e1 b7b5 a2a3 b4c6 e1g2 c6d4 h2f4
6r1/p2nq2r/2B1p3/1Rp2p2/2PN4/k2P2P1/5P2/2B3K1 b - -,a6a5 g2f1 d5b4 c2e1 b7b5 a2a3 b4c6 e1g2 c6d4 h2f4
r4rk1/pp1n2p1/3pp2p/8/qP1P4/PQ4P1/2P2P1P/R3KB1R b KQ -,d7c5 d4c5 a4c6 h1g1 d6c5 e1a1 c5b4 b3b4 a8c8 f1d3
1r5k/5qp1/7p/1P3b2/1p1R4/8/4QPPP/4R2K b - -,f7f6 d4b4 f5d7 e1d1 b8e8 e2d2 f6f5 d1b1 d7c8 f2f3
5K2/2pk4/p6p/Pp4p1/1P6/4r3/8/8 b - -,f5d7 d4b4 f7g6 f2f3 g6b6 e2d2 d7f5 b4b2 h8h7 d2e2
5k2/p4p2/1pp3p1/5p1p/5P1P/5P2/PPP5/3K4 b - -,f8g7 d1e2 f7f6 e2e1 g6g5 f4g5 f6g5 h4g5 f5f4 e1f1
1r5k/5p2/pr1pb1p1/2pBp3/N3Pq1p/RP1P3P/2P2PP1/3Q2K1 b - -,b6b4 a4c3 e6c8 c3b1 b4b6 b1d2 a6a5 a3a5 b6a6 a5a6
r2q1rk1/pbpnppbp/1p1p1np1/8/2PP4/1PN1PN2/PBQ1BPPP/R3K2R b KQ -,e7e6 e1h1 c7c5 f1d1 d8e7 h2h3 f8e8 a2a4 d7b8 d4d5
4Qr1k/1q3rp1/3R3p/1P3bN1/1p1b4/8/5PPP/4R2K b - -,h6g5 e8c6 b7c6 b5c6 d4c3 e1d1 b4b3 d6d5 b3b2 h1g1
3r2k1/1R3ppp/1p1P4/8/6nN/1P6/5P1P/6K1 b - -,h7h5 b7b6 g4f6 h4f5 f6e8 f5g3 e8d6 g3h5 d6e4 h5g3
rnbqk1nr/pp2bppp/8/2pB3Q/4P3/8/PP3PPP/RNB1K1NR b KQkq -,g7g6 h5e5 g8f6 g1f3 c8g4 b1c3 g4f3 g2f3 b8d7 e5g3
2r2rk1/5ppp/8/pp1PR3/2p5/1n4P1/5PBP/3R2K1 b - -,c4c3 d5d6 c3c2 d1f1 c2c1q d6d7 c8d8 f1c1 b3c1 e5e7
4r1k1/pp3pp1/7p/2B5/3p4/4rP2/PP2BK1P/4R3 b - -,e3e6 c5d4 g8f8 d4c5 f8g8 c5b4 g7g5 h2h4 g8g7 h4h5
R5k1/2p2p1p/1p2p1p1/3bq3/QP6/2P5/5PPP/5BK1 b - -,d5a8 a4a8 g8g7 a8c6 h7h5 h2h4 g7g8 c6a8 g8h7 a8f8
5R2/8/8/4r3/8/5k2/7K/8 b - -,
8/1pk3p1/2b2p1p/p1Pp2P1/P2K1P1P/1B2P3/8/8 b - -,h6g5 f4g5 f6g5 h4g5 c6e8 b3d1 c7c6 d1c2 e8h5 c2d3
5K2/8/6P1/8/8/5Q2/8/2k5 b - -,h6g5 f4g5 f6g5 h4g5 c6e8 b3d1 c7c6 d1c2 e8h5 c2d3
r1bqkb1r/pppp2pp/2n5/1B2Pp2/3NnB2/8/PPP2PPP/RN1QK2R b KQkq -,c6d4 d1d4 f8c5 d4d3 c7c6 b5c4 e4f2 d3g3 d8e7 h1f1
r1bqkbnr/1p1p1ppp/p1n5/4p3/3PP3/5N2/PP3PPP/RNBQKB1R b KQkq -,e5d4 f3d4 f8b4 b1c3 g8f6 d4c6 b7c6 f1d3 d7d5 e4d5
r2r1k2/pp4pQ/4p3/1q2bPpN/8/P7/1P3P1P/R3R1K1 b - -,d8d7 f5e6 d7d4 e6e7 f8e7 h7g7 e7d6 g7g6 d6d7 h5f6
rn1r1bk1/pp5p/1q2p1p1/3pP3/2p2P1P/2P2B2/P1P1Q1P1/R1B1K2R b KQ -,f8c5 g2g3 b8c6 e1f1 d8f8 f3g4 a8e8 h4h5 g6g5 f1g2
8/p7/1p1bk3/P1p3B1/3p4/1r1P2p1/6K1/5R2 b - -,b3d3 g5d8 b6a5 d8a5 d3b3 a5d8 b3b2 g2f3 e6d5 f1g1
r2qk1nr/3p1ppp/p1b1p3/1pb5/4P3/P1NBB3/1PP1QPPP/R3K2R b KQkq -,d8b6 e3c5 b6c5 f2f3 g8e7 e2f2 c5f2 e1f2 e7g6 c3e2
r6k/p6P/b1pnprN1/1p6/8/8/PPB5/2K2R1R b - -,h8g7 f1g1 d6f7 g6e7 g7f8 g1g8 f8e7 g8a8 e7d6 a8a7
r1b2k2/p3q3/2p1pNQ1/1p3n2/8/6p1/PPB5/2KR4 b - -,e7f7 f6h7 f8e8 d1d8 e8d8 g6f7 a8b8 h7f6 a7a6 f7g8
r2qkb1r/1p1n1p1p/p3bp2/2P5/3Q4/2N5/PP2PPPP/2KR1BNR b kq -,f8c5 d4a4 a8c8 c1b1 c5f2 g1f3 b7b5 a4f4 c8c3 b2c3
r4rk1/pp1n2p1/2qpQ2p/8/1P1P4/P5P1/2P2P1P/R3KB1R b KQ -,g8h7 f1d3 h7h8 e1h1 d7f6 a1e1 a8e8 e6f5 d6d5 f5g6
r4bk1/1p3p1p/pq2p1p1/1b2B1Q1/4B3/P7/1PP2PPP/3R2K1 b - -,f8g7 d1d6 b5c6 e5g7 g8g7 e4c6 b7c6 b2b3 h7h6 g5e3
4r1k1/5pp1/5n2/p1p5/2P2qPp/2N2P1P/P3PQK1/3R4 b - -,
rn1qkbnr/pp3ppp/2p1p3/3pP3/3P2b1/5N1P/PPP2PP1/R1BQKBNR b KQkq -,g4f5 c2c3 a7a6 c1e3 b8d7 g1e2 c6c5 e2f4 g8e7 g2g4
5rk1/R1p2p1p/1p2p1p1/3bq3/QP6/2P5/5PPP/5BK1 b - -,e5c3 b4b5 g8g7 a4f4 f8c8 h2h4 h7h5 f1e2 c3e1 e2f1
rnbqkbnr/pp1ppp1p/6p1/2p5/8/4PN1P/PPPP1PP1/RNBQKB1R b KQkq -,f8g7 d2d4 d7d5 c2c4 c5d4 e3d4 g8f6 f1d3 e8h8 e1h1
r4b1r/pp3kpp/4b3/3nN1B1/3q4/6Q1/PP3PPP/R3R1K1 b - -,d4e5 e1e5 d5f6 g3f3 a8d8 g5f6 g7f6 f3h5 f7e7 e5e1
8/5p2/1b5k/3N3P/6P1/8/5P2/6K1 b - -,b6a7 g1g2 f7f5 f2f3 h6g5 g2g3 f5g4 f3g4 a7d4 g3f3
5K2/6P1/8/8/8/5Q2/1k6/8 b - -,b6a7 g1g2 f7f5 f2f3 h6g5 g2g3 f5g4 f3g4 a7d4 g3f3
1Q4k1/7p/2b3p1/1pBq4/1p6/3P1P2/5KP1/8 b - -,b6a7 g1g2 f7f5 f2f3 h6g5 g2g3 f5g4 f3g4 a7d4 g3f3
3R1b1n/k1p3p1/5p2/p4P1p/1PP1r3/P5PP/5P2/3R1K2 b - -,f8d6 c4c5 d6g3 f2g3 a5b4 a3b4 h8f7 d8d7 f7h6 d7c7
r2q1rk1/pp4bp/3P1ppn/8/2B2p2/5b2/PP1Q1PPP/RN2R1K1 b - -,f8f7 g2f3 g8h8 c4f7 h6f7 b1c3 g7f8 d6d7 f7e5 d2d5
r1b1nr1k/p6P/2p1pq1Q/1p6/8/2N3p1/PPB5/2KR3R b - -,e6e5 h6f6 e8f6 d1g1 c8e6 g1g3 b5b4 c3e4 e6d5 h1e1
6K1/2pkr3/p6p/Pp4p1/1P6/8/8/8 b - -,e6e5 h6f6 e8f6 d1g1 c8e6 g1g3 b5b4 c3e4 e6d5 h1e1
8/2p5/6K1/1p5P/3k4/1P6/2P5/8 b - -,c7c6 h5h6 d4e3 h6h7 b5b4 h7h8q e3e2 h8c8 e2d2 c8c6
rn2kb1r/p2p1ppp/B1p5/2q4n/4Pp2/2NP1N2/PPP1Q1PP/R1B2KR1 b kq -,c5b6 a6c4 f8b4 c4f7 e8f7 f3e5 f7e7 e2h5 h8f8 e5c4
r1bqk1nr/ppppbppp/8/8/2B1P3/5Q2/PPPP2PP/RNB1K2R b KQkq -,g8h6 b1c3 e8h8 d2d4 e7h4 g2g3 h4g5 c1g5 d8g5 f3f4
5rk1/R1p2p1p/1p2p1p1/1P1b4/Q7/2q5/5PPP/5BK1 b - -,g8g7 h2h4 h7h5 f1e2 f8c8 a4a6 c3e1 e2f1 c8d8 a6a4
r1b1k2r/pppq1pp1/2np4/2b5/2BPP1np/2P2N1P/PP3PP1/RNBQ1RK1 b kq -,c6e5 d4e5 g4e5 b1d2 g7g5 c4e2 a7a5 d2b3 c5b6 b3d4
2r2rk1/pp1n1pp1/4p2p/3pP1q1/3P4/1P1Q1N1P/P4PP1/R3R1K1 b - -,
r1b2k2/p4q1N/2p1p1Q1/1p3n2/8/6p1/PPB5/2KR4 b - -,f8e8 d1d8 e8d8 g6f7 g3g2 f7g8 d8c7 g8g2 c8d7 g2h2
r1b2rk1/3p1p1p/p3pR2/1p2n2B/4P3/2N5/PPP3PP/5R1K b - -,c8b7 a2a3 e5c4 f6f7 c4b2 f7f8 a8f8 f1f8 g8f8 h5e2
r3k1nr/3p1ppp/pqb1p3/1pbN4/4P3/P2BB3/1PP1QPPP/R3K2R b KQkq -,e6d5 e4d5 c5e3 d5c6 d7c6 e1h1 g8f6 a1e1 a8a7 e2e3
r1bqkbnr/1p1p1ppp/p1n5/8/3NP3/8/PP3PPP/RNBQKB1R b KQkq -,f8b4 b1c3 g8f6 d4c6 b7c6 f1d3 d7d5 e4d5 d8e7 d1e2
4b3/1p3kp1/3Qpp1p/qP3P2/2P4P/1K2N1P1/8/8 b - -,e6f5 d6d5 f7f8 d5c5 f8g8 c5e7 a5a8 e3f5 e8f7 f5d6
7k/3q4/8/8/6N1/7Q/n7/Kn6 b - -,d7h7 g4h6 h7g7 a1a2 g7c3 h6f7 h8g7 h3h8 g7g6 f7e5
r6k/p6P/b1pnp1B1/1p6/8/8/PP6/2K2R1R b - -,b5b4 f1f4 d6f5 h1e1 f5g3 f4b4 c6c5 b4g4 g3e2 c1b1
rnbqkb1r/ppp2pp1/5n1p/3p4/3N4/3Q2P1/PPP1PPBP/RNB1K2R b KQkq -,c7c5 d3b5 b8d7 d4f3 c5c4 c1d2 f8c5 d2b4 b7b6 b4c5
rn1qkbnr/pp3ppp/2p1p3/3pP3/3P4/5Q1P/PPP2PP1/R1B1KBNR b KQkq -,c6c5 d4c5 d8c7 f3g3 g8e7 g1f3 b8d7 c2c3 d7c5 f1b5
8/2Kp4/3Pk3/2P5/1P6/1b3p2/5B2/8 b - -,b3c4 c7b6 c4b5 b6b5 e6e5 b5b6 e5d5 b6b7 d5c4 c5c6
7K/2p1r3/p3k2p/Pp4p1/1P6/8/8/8 b - -,b3c4 c7b6 c4b5 b6b5 e6e5 b5b6 e5d5 b6b7 d5c4 c5c6
7k/1P3qp1/7p/5b2/3R4/5Q2/1p3PPP/2R4K b - -,b2c1q d4d1 c1c7 d1b1 c7b8 f3g3 f7f8 b1b2 f5e4 h2h3
3n4/8/3k1p1r/1RpppPp1/B5Pp/P2P1P1P/2K5/4B3 b - -,h6h8 b5b6 d6c7 b6f6 c7c8 c2d1 h8h7 a4b5 c5c4 f6g6
rnbq1rk1/p1p1ppbp/1p1p1np1/8/3P1P2/2P1PNP1/PP4BP/RNBQK2R b KQ -,c8a6 b2b3 b8d7 a2a4 e7e5 c3c4 e5f4 g3f4 f6e4 e1h1
r1bqkb1r/pp3ppp/2n2n2/3Bp3/Q3P3/5N2/PPP2PPP/RNB1K2R b KQkq -,f6d5 e4d5 d8d5 b1c3 f8b4 c1d2 b4c3 d2c3 c8d7 a4h4
1r5k/5p2/p2pb1p1/2pBp3/1r2Pq1p/RPNP3P/2P2PP1/3Q2K1 b - -,f4g5 d5e6 f7e6 a3a6 b4b6 a6a1 b8f8 d1e1 b6b7 c3d1
r1bRk3/p4q1N/2p1p1Q1/1p3n2/8/6p1/PPB5/2K5 b - -,e8d8 g6f7 a8b8 h7f6 g3g2 f7g8 d8e7 c2f5 e6f5 g8g7
2qr4/2N4p/kpQ3p1/p2B4/P7/1P4P1/2P4P/2K5 b - -,a6a7 d5f3 g6g5 c7b5 a7a6 c6e4 g5g4 f3e2 c8d7 b5d4
r4rk1/pp1n1pp1/3pN2p/8/qP1P4/P2Q2P1/2P2P1P/R3KB1R b KQ -,f8b8 e6f4 a7a5 b4b5 b8c8 f1e2 d7b6 e1h1 a4c2 d3c2
8/6p1/pp4p1/2k3P1/1n2KB1P/5P2/PP2p3/4N3 b - -,a6a5 a2a3 b4c6 e4d3 b6b5 f4e3 c5d5 e1c2 a5a4 e3d2
rnb1kb1r/p1p1pppp/1p3n2/q7/2B5/2NP1Q2/PPP2PPP/R1B1K1NR b KQkq -,a5e5 g1e2 c7c6 h2h3 e7e6 c1f4 e5c5 a2a3 c5e7 e1a1
r2q1bk1/pb1n1p1p/1pp3p1/5N2/3PQ3/1P2P3/PB3PPP/2R2RK1 b - -,h7h5 f5g3 d7f6 e4f3 f8g7 h2h3 f6h7 f1d1 h7g5 f3e2
r1bqk2r/ppppbppp/5n2/8/2B1P3/1P3Q2/P1PP2PP/RNB1K2R b KQkq -,c7c6 b1c3 e8h8 e1h1 b7b5 c4d3 d7d6 c1b2 f6g4 c3e2
6K1/2p1r3/p4k1p/Pp4p1/1P6/8/8/8 b - -,c7c6 b1c3 e8h8 e1h1 b7b5 c4d3 d7d6 c1b2 f6g4 c3e2
8/p5k1/6p1/8/6P1/5K1P/5P2/8 b - -,
3r1k2/5ppp/1R1P4/8/6nN/1P6/5P1P/6K1 b - -,g7g6 h4f3 g4f6 f3e5 f6d7 e5d7 d8d7 g1g2 f8g7 g2f3
rnbqk2r/p1pp2pp/1p2pn2/5p2/1b1P4/2N2NP1/PPP1PPBP/R1BQ1RK1 b kq -,e8h8 f3e5 d7d5 c3a4 c8b7 c2c4 b4d6 c1f4 d8e7 a4c3
r2qkb1r/1p3ppp/p1npbn2/4p3/2P1P3/2N1BP2/PP4PP/RN1QKB1R b KQkq -,f6d7 c3d5 e6d5 d1d5 d7c5 b1c3 f8e7 d5d2 h7h6 e1a1
r1bq1rk1/ppp2pbp/3p1np1/2n5/2PNP3/2NBB2P/PP3PP1/R2Q1RK1 b - -,f8e8 d1c2 a7a6 a1d1 c5d3 c2d3 b7b5 c4b5 a6b5 d3c2
r2qkbnr/pp2pppp/1np5/3p1b2/P2P4/5NP1/1PP1PPBP/RNBQ1RK1 b kq -,b6c4 a4a5 e7e6 f3e5 c4e5 d4e5 f8c5 b1d2 a7a6 e2e4
r4bkr/pp4pp/4b3/3n2B1/3q4/5NQ1/PP3PPP/R3R1K1 b - -,d4g4 g3e5 e6f7 h2h3 g4d7 e5d4 d5b6 d4e3 h7h6 f3e5
r2qk2r/pp1nbppp/2p1pn2/3p3b/3P4/2PBPN1P/PPQN1PP1/R1B2RK1 b kq -,e8h8 b2b3 a8c8 c1b2 c6c5 f1c1 c5d4 e3d4 b7b6 a2a4
3n4/8/1R1k1p1r/2p1pPp1/B2p2Pp/P2P1P1P/2K5/4B3 b - -,d6e7 a4b5 h6h8 c2d1 e7f8 a3a4 h8h7 b6b8 h7b7 b8d8
r5k1/1p3pbp/pq1Rp1p1/1b2B1Q1/4B3/P7/1PP2PPP/6K1 b - -,b5c6 e5g7 g8g7 e4c6 b7c6 b2b3 h7h6 g5e3 b6e3 f2e3
rnb1kb1r/ppp2ppp/3p4/3n2B1/8/3P1N2/PPP1BPPP/RN2K2R b KQkq -,f8e7 g5e7 e8e7 e1d2 b8c6 b1c3 d5c3 b2c3 h7h6 h2h4
r3r1k1/pp1n1p1p/3p2PP/q1pP2Bn/2P5/1Pb2P2/P3BK2/R2Q2NR b - -,h7g6 f3f4 c3d4 f2g2 a5c3 e2h5 c3a1 d1a1 d4a1 h5e2
7k/1P3qp1/7p/5b2/8/5Q2/5PPP/2qR3K b - -,c1c7 d1b1 c7b8 f3g3 f7f8 b1e1 b8b7 h2h3 h8h7 e1e3
r3kb1r/p2p1ppp/n1p5/2q4n/3PPp2/2N2N2/PPP1Q1PP/R1B2KR1 b kq -,c5e7 e2a6 g7g5 a6e2 g5g4 f3e5 h8g8 g2g3 f4f3 e2c4
8/3p4/1K1Pk3/2P5/bP6/5p2/5B2/8 b - -,a4b3 c5c6 e6d6 c6c7 b3e6 c7c8q d6e7 c8h8 e6f5 b4b5
r2q1r1k/pp4bp/3P1ppn/8/2B2p2/5P2/PP1Q1P1P/RN2R1K1 b - -,f6f5 b1c3 d8g5 g1h1 a8d8 a1d1 g5h4 c3b5 g6g5 d2d5
7k/3q4/8/8/6N1/8/n6Q/Kn6 b - -,d7h7 h2e5 h7g7 g4f6 g7g1 e5e8 h8g7 e8g8 g7f6 g8g1
r4rk1/pp1n2p1/2qpp2p/3P4/1P6/PQ4P1/2P2P1P/R3KB1R b KQ -,c6c8 d5e6 d7f6 e6e7 f8f7 e1a1 d6d5 d1d5 f6d5 b3d5
r2qkb1r/1p3p1p/p1npbnp1/4p3/2P1P3/2N1BP2/PP1N2PP/R2QKB1R b KQkq -,h7h5 d2b3 a6a5 c3a4 f6d7 f1e2 f8e7 e1h1 e8h8 d1d2
8/2r1pk2/p2p4/Pp1P1r2/3R1PK1/2P5/1P6/4R3 b - -,f5f4 d4f4 f7e8 g4f5 e7e6 d5e6 c7g7 f4h4 e8e7 e1h1
r2r1k2/pp4p1/8/1q2bQpN/8/P7/1P3P1P/R3R1K1 b - -,e5f6 f5b5 d8e8 h5f6 g7f6 b5f5 f8g7 f5d7 g7f8 d7h7
r1b1nrk1/p7/2p1pqP1/1p5p/8/6N1/PPBQ4/2KR3R b - -,e8g7 h1f1 f6f1 d1f1 c8d7 d2h6 f8f1 g3f1 b5b4 f1g3
r1bqk2r/1pp2p1p/p1np1np1/2b1pP2/4P1P1/2NP4/PPP3BP/R1BQK1NR b KQkq -,h8g8 h2h3 h7h5 f5g6 h5g4 c1g5 g8g6 d1d2 c5g1 e1a1
3n4/2k5/1R3p1r/B1p1pPp1/B2p2Pp/P2P1P1P/2K5/8 b - -,c7c8 b6d6 h6h8 d6f6 c8b8 c2b3 b8a7 b3c4 d8b7 a5b6
rnbqr1k1/pppp1ppp/3b1n2/4P3/2B2p2/3P1N2/PPP3PP/RNBQ1RK1 b - -,d6c5 d3d4 c5b6 e5f6 d7d5 c4d3 d8f6 b1c3 c7c6 c3e2
r3kb1r/pppqp1pp/3p1n2/n7/1Q1P4/5N2/PPP2PPP/RNB2RK1 b kq -,b7b6 f1e1 e7e6 b4d2 a5c6 b1c3 e8a8 d2e2 h7h6 e2e6
r1bqkb1r/pppp1ppp/5n2/4p3/1P1nP3/P1PP4/5PPP/RNBQKBNR b KQkq -,d4e6 g1f3 a7a5 c1b2 d7d5 e4d5 d8d5 f1e2 e6f4 c3c4
rnbqk2r/p1pp2pp/1p2pn2/5p2/3P4/2P2NP1/P1P1PPBP/R1BQ1RK1 b kq -,e8h8 c3c4 c8b7 d4d5 b8a6 c1a3 a6c5 a3c5 b6c5 a1b1
r3k2r/pbppqppp/1p1b1n2/4n3/2PN4/P3PN2/1PQBPPPP/R3KB1R b KQkq -,g7g6 f3e5 d6e5 d4f3 f6e4 f3e5 e7e5 f2f3 e4d2 c2d2
r4rk1/pp1bn2p/1q2pp1b/3p4/1P1P3N/P1NBP3/4Q1PP/R4RK1 b - -,a8c8 c3d1 g8h8 a3a4 f6f5 b4b5 e6e5 d4e5 b6e6 a1b1
r1bqkb1r/1ppnpppp/p2p1n2/8/P2P1B2/2N2N2/1PP1PPPP/R2QKB1R b KQkq -,e7e5 d4e5 d6e5 f3e5 f8b4 g2g3 b4c3 b2c3 d8e7 e5d3
3r1k2/5ppp/1R1P1n2/5N2/8/1P6/5P1P/6K1 b - -,f6d7 b6c6 g7g6 f5e3 f7f6 e3d5 f8f7 d5c7 f6f5 c6c1
1rbk4/p6N/2p1pQ2/1p3n2/8/6p1/PPB5/2K5 b - -,d8c7 f6e5 c7b7 c2e4 b7a8 h7g5 f5e7 e5d6 b8b7 e4g2
r4r1k/pp1n2p1/2qpQ2p/8/1P1P4/P5P1/2P2P1P/2KR1B1R b - -,c6h1 e6d7 h1d5 c1b2 f8f2 f1d3 a7a5 b4b5 a5a4 b2b1
r4rk1/1b1p1p1p/p3pR2/1p2n2B/4P3/2N4P/PPP3P1/5R1K b - -,b5b4 c3d1 b7e4 c2c3 a6a5 d1f2 e4f5 f1e1 b4c3 b2c3
6r1/p2nq2r/2B1p3/1Np2p2/2P5/k2P2P1/1R3P2/2B3K1 b - -,b5b4 c3d1 b7e4 c2c3 a6a5 d1f2 e4f5 f1e1 b4c3 b2c3
r2qkbnr/1p2pppp/1np5/p2p1b2/P2P3N/6P1/1PP1PPBP/RNBQ1RK1 b kq -,e7e6 h4f5 e6f5 d1d3 g7g6 b2b3 f8e7 c2c4 g8f6 c1h6
7k/1P3qp1/7p/5b2/8/8/5PPP/3Q3K b - -,f7b7 d1d8 h8h7 h2h3 b7b3 h1h2 b3c2 d8d4 f5e4 d4e5
6k1/2B2ppp/4bn2/8/4P2N/3P4/6PP/7K b - -,f6d7 c7d6 e6a2 h4f3 a2b1 f3e1 f7f6 h1g1 g8f7 g1f1
8/5p2/4p1p1/4PP2/4P1kP/7r/R5K1/8 b - -,
8/1p3kpp/pBr1pb2/P7/2p1R3/2Pr2P1/1P2R1KP/8 b - -,e6e5 g3g4 h7h6 h2h3 g7g6 b6e3 f6g7 h3h4 f7e6 h4h5
r2q1rk1/pbpn1pbp/1p1p1np1/3Pp3/2P5/1PN1PN2/PBQ1BPPP/R3K2R b KQ -,a7a5 f3d2 b7c8 a2a3 d8e7 e1h1 f6e8 b3b4 f7f5 d2b3
1rb5/p1k4N/2p1pQ2/1p3B2/8/6p1/PP6/2K5 b - -,e6f5 f6g7 c7b6 g7g3 b6b7 g3d6 f5f4 h7f6 f4f3 f6e8
8/2p5/p4k1K/Pp2r1p1/1P6/8/8/8 b - -,e6f5 f6g7 c7b6 g7g3 b6b7 g3d6 f5f4 h7f6 f4f3 f6e8
r5k1/1p3pbp/p2Rp1p1/qb2B1Q1/1P2B3/P7/2P2PPP/6K1 b - -,g7e5 b4a5 e5d6 h2h4 a8c8 e4b7 c8c2 a3a4 b5e2 g5d8
2kn4/8/3R1p1r/B1p1pPp1/B2p2Pp/P2P1P1P/2K5/8 b - -,h6h8 d6f6 c5c4 d3c4 c8b8 c2d3 d8b7 a5b4 h8h7 f6f8
3rnk2/1R3ppp/3P4/5N2/8/1P6/5P1P/6K1 b - -,h7h5 d6d7 e8f6 b3b4 f6d7 f5e3 g7g6 b4b5 f8e7 e3c4
rnb2rk1/ppp1Bpbp/6p1/3q4/3P4/2P1PN2/P4PPP/R2QKB1R b KQ -,f8e8 e7h4 d5a5 d1b3 c8e6 f1c4 e6c4 b3c4 b7b5 c4b3
r3k1nr/ppp2ppp/2n5/4P3/8/4PN2/PP1K1PPP/1R3B1R b kq -,a7a6 f1d3 c6b4 d3c4 b7b5 c4b3 c7c5 a2a3 b4c6 d2e2
8/5p2/4p3/4PP2/6kP/7r/R5K1/8 b - -,h3h4 f5e6 f7e6 a2f2 h4h5 f2f8 h5e5 f8e8 g4f5 e8h8
2r1rnkb/1bq2p1p/p2ppPp1/1p2n1P1/1P1BP2Q/P1NB3R/2P1N2P/5RK1 b - -,e5d3 c2d3 e6e5 d4e3 c7d7 h4h6 d7e6 f1b1 e8d8 e3b6
8/6k1/6p1/p7/6P1/4K2P/5P2/8 b - -,g7f7 f2f4 a5a4 e3d3 a4a3 d3c3 a3a2 c3b2 a2a1q b2a1
r3kb1r/p2p1ppp/n1p5/q3N2n/3PPp2/2N5/PPP1Q1PP/R1B2KR1 b kq -,f8b4 e2h5 e8h8 h5h3 f7f5 e5c4 a5c7 e4e5 d7d5 c4d2
1rb5/p1k3QN/2p5/1p3p2/8/6p1/PP6/2K5 b - -,c7b6 g7g3 b6b7 g3d6 a7a6 h7f6 b7a7 d6c7 a7a8 c1d2
2k5/1n6/2R2p1r/B1p1pPp1/B2p2Pp/P2P1P1P/2K5/8 b - -,c8b8 a5c7 b8a7 a4b5 b7d8 c7d8 e5e4 f3e4 h6h8 d8f6
r1bqk2r/pppnbpp1/3p1n1p/5N2/4P2B/2N5/PPP2PPP/R2QKB1R b KQkq -,e7f8 d1e2 g7g5 h4g3 d7b6 h2h4 g5g4 e1a1 c8f5 e4f5
4r1k1/5pp1/5n2/p1p5/2q3P1/P1NR1P1P/4PQK1/8 b - -,a5a4 g2f1 f6d7 f2g3 d7e5 d3e3 e8e6 f3f4 e5d7 e3d3
r1bqk1nr/ppp2pbp/2p3p1/4p3/4P3/3P1N2/PPPN1PPP/R1BQK2R b KQkq -,f7f6 b2b4 g6g5 e1h1 g8e7 a2a4 c8e6 d2b3 e8h8 h2h3
r6k/p1n4P/b1p1p3/1p6/4Nr2/8/PPB5/2KR2R1 b - -,b5b4 d1d7 c7d5 e4d6 d5e3 d6f7 f4f7 d7f7 e3f5 b2b3
2rr2k1/1p3p1p/p1b1pp2/8/1P6/PB2P3/5PPP/2RR2K1 b - -,d8d1 b3d1 c8d8 d1f3 c6f3 g2f3 d8d3 a3a4 d3b3 c1c8
rnb1k2r/ppp1Bppp/3p4/3n4/8/3P1N2/PPP1BPPP/RN2K2R b KQkq -,h7h6 e7h4 g7g5 h4g3 f7f5 h2h4 f5f4 g3h2 b8c6 h4g5
1rb5/p6N/1kp5/1p3p2/8/6Q1/PP6/2K5 b - -,b8b7 h7f6 a7a6 g3f2 b6c7 f2f4 c7d8 f4d4 b7d7 d4b6
rn1qkb1r/1p3p1p/p3bp2/2P5/Q2p4/2N5/PP2PPPP/2KR1BNR b kq -,b8d7 a4d4 f8c5 d4d2 d8a5 g2g3 e8a8 f1h3 f6f5 d2c2
2r2rk1/pp1bn2p/1q2pp1b/3p3Q/1P1P3N/P1NBP3/6PP/R4RK1 b - -,h6e3 g1h1 f6f5 c3e2 d7e8 h5f3 e3d4 a1e1 g8h8 h4f5
r2q1r1k/pp1P2bp/5pp1/5n2/2B2p2/5P2/PP1Q1P1P/RN2R1K1 b - -,f5e7 b1c3 e7c6 a1d1 c6e5 d2d5 d8e7 e1e5 e7e5 d7d8q
2r2r1k/1p5p/8/1p2Q1R1/5q2/1P3NR1/P4P2/5K2 b - -,f8f6 e5b5 f6f7 g5g4 f4f6 f1g2 c8f8 b5d5 b7b6 a2a4
7r/2p2nk1/pp5p/3p4/5P2/1PN4P/1P4P1/R1B2RK1 b - -,d5d4 c3e2 h8d8 e2g3 d8d5 g1h2 a6a5 f4f5 d5c5 a1a4
1k6/1n6/1BR2p1r/2p1pPp1/B2p2Pp/P2P1P1P/2K5/8 b - -,h6h8 c6f6 b7d8 c2b3 b8b7 b6a5 b7c8 b3c4 d8b7 a5b6
r1bqkbnr/pp2pp1p/2n3p1/3p4/2pP4/2P2NP1/PP2PPBP/RNBQ1RK1 b kq -,h7h6 f3d2 f8g7 e2e4 e7e6 b2b3 c4b3 a2b3 g8e7 b1a3
r1bqkb1r/1ppnpppp/p2p4/6Bn/P2P4/2N2N2/1PP1PPPP/R2QKB1R b KQkq -,c7c6 e2e4 d8c7 a4a5 e7e5 f1c4 h5f6 e1h1 f8e7 f1e1
1R3k2/5ppp/3r4/8/8/1P6/5P1P/6K1 b - -,d6d8 b8d8 f8e7 d8d1 g7g5 b3b4 g5g4 b4b5 h7h5 b5b6
r2q2k1/pb1n1pbp/1pp5/5Q2/3PP3/1P6/PB3PPP/2R2RK1 b - -,d7f6 h2h3 f6e8 f1d1 d8f6 f5d7 a8b8 b2a3 f6e6 d7e6
6Q1/8/8/4n3/3k1K2/8/8/8 b - -,d7f6 h2h3 f6e8 f1d1 d8f6 f5d7 a8b8 b2a3 f6e6 d7e6
7r/pp2k1pp/2q1P3/8/3Q1n2/b1P5/P1P3PP/K2R3R b - -,
3b4/5p2/7k/7P/6P1/4N3/5P2/6K1 b - -,h6g5 g1g2 f7f5 g4f5 g5h5 g2f3 h5g5 f3e4 g5f6 e3d5
8/p7/5k1K/2pp4/7P/P1PP4/8/8 b - -,f6f5 h4h5 f5f6 a3a4 a7a5 c3c4 d5d4 h6h7 f6f7 h5h6
r2R2k1/1p3pbp/p3p1p1/1b2B1Q1/1P2B3/q7/2P2PPP/6K1 b - -,a8d8 g5d8 g7f8 h2h3 a3c1 g1h2 c1h6 e4b7 g6g5 d8c8
8/2p4K/p4k2/Pp2r3/1P4p1/8/8/8 b - -,a8d8 g5d8 g7f8 h2h3 a3c1 g1h2 c1h6 e4b7 g6g5 d8c8
3r1rk1/pp1b1p1p/4pbp1/N4n2/3PQ3/Pq1BB3/1P3PPP/R2R2K1 b - -,b3b6 a5c4 b6a6 a3a4 d7c6 e4f4 c6d5 c4e5 a6d6 d3f5
2b5/pr6/1kp2N2/1p3p2/8/6Q1/PP6/2K5 b - -,a7a5 g3f2 b6c7 f2c5 c7b8 f6e8 f5f4 c5e5 b8a8 e8c7
2kr3r/ppp1nppp/2n5/4P3/2B5/4PN2/PP3PPP/1R2K2R b - -,h7h6 c4f7 h8f8 f7e6 c8b8 e1e2 g7g5 h1d1 d8d1 b1d1
1k5r/1n6/1B3R2/2p1pPp1/B2p2Pp/P2P1P1P/2K5/8 b - -,h8c8 f6e6 c5c4 f5f6 c8f8 d3c4 b8c8 c2d3 b7d8 b6d8
rnbqkb1r/pp3ppp/5n2/2pp4/3P1B2/3B4/PPP1QPPP/RN2K1NR b KQkq -,f8e7 d4c5 e8h8 e2d2 e7c5 g1e2 b8c6 e1h1 f8e8 b1c3
rn1qk1nr/ppp2ppp/8/3p1p2/1b1P4/2P1PN2/PP3PPP/RNBQK2R b KQkq -,b4e7 d1b3 b7b6 c3c4 g8f6 e1h1 e8h8 c1d2 d5c4 b3c4
8/1p3kpp/pBr1pb2/P7/2p1R2P/2P3P1/1P2R1K1/3r4 b - -,d1d3 g2h3 d3d5 e4g4 h7h6 e2f2 f7e7 g4e4 e7d7 f2e2
4r2k/ppq3p1/2bb3n/2p5/2Pp1P1P/PP1Q2P1/3BN3/2KRR3 b - -,c6e4 e2d4 e4d3 e1e8 h6g8 d4b5 c7d7 b5d6 d7d6 d2c3
7k/2p2R2/1b2NP2/8/8/p5K1/P1r4P/8 b - -,b6c5 e6g5 c2f2 f7h7 h8g8 f6f7 f2f7 h7f7 c5e3 g3g4
3Q2k1/1p3pbp/p3p1p1/1b2B3/1P2B3/q7/2P2PPP/6K1 b - -,g7f8 h2h3 a3c1 g1h2 c1h6 e4b7 g6g5 d8c8 g5g4 c2c4
8/6k1/6p1/8/p2K2P1/7P/5P2/8 b - -,a4a3 d4c3 g6g5 c3b3 g7f6 b3a3 f6e5 a3b2 e5d4 b2c2
rnb1k2r/ppp1nppp/3p4/8/8/3P1N2/PPP1BPPP/RN3RK1 b kq -,c8e6 f1e1 b8c6 c2c3 e8h8 b1a3 f8e8 d3d4 a7a6 g2g3
r1bqkb1r/pp3ppp/2n1p2n/2ppP3/2PP4/2N2N2/PP3PPP/R1BQKB1R b KQkq -,h6f5 c4d5 e6d5 f1b5 a7a6 b5c6 b7c6 e1h1 f5d4 f3d4
r1bqk1nr/pp2ppbp/2n3p1/3p4/2pP4/1PP2NP1/P3PPBP/RNBQ1RK1 b kq -,a7a6 b3c4 d5c4 b1a3 c6a5 f3e5 c8e6 d1a4 b7b5 a3b5
8/pr6/1kp1bN2/1p3p2/8/4Q3/PP6/2K5 b - -,b6c7 e3e6 a7a5 e6d7 c7b6 d7d4 b6c7 f6e8 c7c8 e8d6
r1bqkbnr/p4ppp/2p1p3/3pP3/2p5/5N2/PPPPQPPP/RNB2RK1 b kq -,c8a6 b2b3 g8e7 b3c4 a6c4 d2d3 c4a6 c2c4 e7g6 e2c2
4r3/2p5/p4k1K/Pp6/1P4p1/8/8/8 b - -,c8a6 b2b3 g8e7 b3c4 a6c4 d2d3 c4a6 c2c4 e7g6 e2c2
8/5p2/8/4Pp2/R5kP/7r/6K1/8 b - -,f5f4 a4f4 g4f4 g2h3 f4e5 h3g4 f7f5 g4g3 e5f6 g3f4
rnbqk2r/pp2bppp/5n2/1Bpp4/3P1B2/8/PPP1QPPP/RN2K1NR b KQkq -,b8c6 d4c5 e8h8 g1f3 f8e8 e1h1 e7d6 e2d2 f6e4 d2c1
7k/2p2R2/1b3P2/8/5N2/p5K1/r6P/8 b - -,b8d7 f4d6 c5c4 g1f3 a7a6 b5d7 d8d7 e2e7 d7e7 d6e7
8/6k1/8/6p1/p1K3P1/7P/5P2/8 b - -,g7f7 c4b4 f7f6 b4a4 f6e5 a4b3 e5d4 b3c2 d4e4 c2c3
1kr5/1n6/1BR5/2p1pPp1/B2p2Pp/P2P1P1P/2K5/8 b - -,c5c4 f5f6 c4d3 c2d3 c8f8 c6e6 b8c8 e6e8 f8e8 a4e8
r1bq2k1/p2P2bp/6p1/1pp5/5rn1/2N2N2/PP2B1PP/R2QK2R b KQ -,d8d7 c3b5 a7a6 g2g3 f4b4 b5c7 d7c7 d1d5 g8h8 d5a8
6k1/5pp1/4rn2/2p5/p1q3P1/P1NR1P1P/4P3/4QK2 b - -,c4f4 f1g2 g7g5 d3d8 g8g7 e1d2 f4e5 d2b2 g7h7 b2c2
rn1qkbnr/1pp1pppp/p7/7b/2pP4/2N1PN1P/PP3PP1/R1BQKB1R b KQkq -,g8f6 g2g4 h5g6 f3e5 f6d7 e5g6 h7g6 f1c4 e7e6 c4f1
2r3k1/2p2ppp/2p1bn2/4B3/4P2N/3P4/2P3PP/5R1K b - -,c6c5 e5f6 g7f6 f1f6 c5c4 d3d4 c8a8 h2h3 a8a1 h1h2
r1bqr1k1/1pp2pbp/3p1np1/p1n5/2PNP3/2NBB2P/PPQ2PP1/R3R1K1 b - -,a5a4 a1d1 c7c6 f2f4 d8a5 e3f2 g7h6 d4e2 c8d7 f2d4
r3kb1r/p1pqp1pp/1p1p1n2/n7/1Q1P4/5N2/PPP2PPP/RNB1R1K1 b kq -,e8a8 b4d2 e7e5 d4e5 d6e5 f3e5 d7f5 d2f4 f5f4 c1f4
rn2kb1r/1bqp1ppp/pp2pn2/8/3NP3/PPNB4/1BP2PPP/R2QK2R b KQkq -,b6b5 e1h1 b8c6 d4c6 c7c6 f2f3 c6c7 g1h1 f8d6 c3e2
8/pr6/k1p1QN2/1p3p2/8/8/PP6/2K5 b - -,b5b4 e6c6 b7b6 c6a4 a6b7 a4d7 b7a6 f6d5 b6h6 d7a4
r2q1rk1/1p3pbp/p1npb1p1/4p2n/2P1P3/1NN1BP2/PP2B1PP/R2Q1RK1 b - -,a8c8 f1e1 c6b4 a2a3 b4c6 e2f1 g8h8 d1d2 f7f5 e1d1
r1b1r3/6k1/2P1p2p/1P2Np2/6p1/8/4BPPP/1R4K1 b - -,a8a4 e5c4 g7f6 b5b6 a4a2 e2f1 a2c2 b6b7 c8b7 c6b7
rnbqk2r/ppp2pp1/5n1p/3p4/1b1N4/2PQ2P1/PP2PPBP/RNB1K2R b KQkq -,b4a5 d3e3 d8e7 e3e7 e8e7 a2a4 h8e8 e1h1 c7c6 b2b4
r2q1rk1/1bpn1pbp/1p1p1np1/p2Pp3/2P5/1PN1PN2/PBQ1BPPP/R4RK1 b - -,b7c8 a2a3 d7c5 f3d2 c5a6 a1b1 f6g4 b2a1 f7f5 b3b4
3Q1bk1/1p3p1p/p3p1p1/1b2B3/1P2B3/q6P/2P2PP1/6K1 b - -,a3c1 g1h2 c1h6 e4b7 g6g5 d8c8 g5g4 c2c4 g4h3 g2h3
rn1q1rk1/pp2bppp/2p1pn2/3p3b/3P4/2PBPN1P/PPQN1PP1/R1B2RK1 b - -,c6c5 d4c5 e7c5 b2b4 c5d6 e3e4 d8c7 e4d5 e6d5 a2a3
r1bqkbnr/1pp4p/p1p2p2/4p1p1/3PP3/2N2N2/PPP2PPP/R1BQ1RK1 b kq -,d8d7 d4e5 d7d1 c3d1 g5g4 f3e1 f6e5 c1g5 h7h6 g5h4
r2q1rk1/pp2bpp1/n3p1b1/1NppN1Pp/3PnB1P/2P1P3/PP2BP2/R2QK2R b KQ -,c5d4 b5d4 a6c5 f2f3 e7d6 f3e4 g6e4 h1g1 d6e5 f4e5
8/5p2/8/4P3/5RkP/7r/6K1/8 b - -,g4f4 g2h3 f4e5 h3g4 f7f5 g4f3 e5f6 f3f2 f6g6 f2g2
1k6/1n6/1BB5/2p1pPp1/3p2Pp/P2P1P1P/2K5/8 b - -,b8c8 f5f6 b7d6 c6d5 c5c4 d3c4 c8d7 a3a4 d7e8 a4a5
r3k1nr/3p1ppp/pqP5/1p6/8/P2Bb3/1PP1QPPP/R3K2R b KQkq -,
8/5p2/4p1p1/4P3/4PPkP/7r/R4K2/8 b - -,h3h2 f2e3 h2a2 f4f5 e6f5 e4f5 g4f5 e3d3 f5e5 d3c3
rn1qk1nr/2p2p2/bp1pp1pb/4P2p/p2P3P/P1PB1NB1/1P1NQPP1/R3K2R b KQkq -,a6d3 e2d3 d6d5 c3c4 c7c6 f3g5 h6g5 h4g5 g8e7 g3f4
8/p7/krp1QN2/1p3p2/1P6/8/P7/2K5 b - -,a6d3 e2d3 d6d5 c3c4 c7c6 f3g5 h6g5 h4g5 g8e7 g3f4
8/p7/5k1K/7P/3p4/P2P4/8/8 b - -,f6f7 h6g5 f7g7 a3a4 g7f7 g5f5 f7g7 a4a5 g7h6 f5e5
8/1k6/1b6/1K2R3/P7/8/8/8 b - -,b6a7 e5e8 a7d4 e8e7 b7b8 e7e4 d4f2 b5a6 b8c8 e4c4
2r3k1/2pn1ppp/2p1b3/8/4P2N/3P2B1/2P3PP/5R1K b - -,h7h5 h1g1 c6c5 h4f3 c5c4 d3d4 d7f6 f3g5 e6d7 c2c3
rn1qk1nr/ppp2ppp/8/b2p1p2/3P4/2PQPN2/PP3PPP/RNB1K2R b KQkq -,g8e7 d3b5 c7c6 b5b7 b8d7 b2b3 e8h8 c1a3 f8e8 a3e7
rnb1k2r/pppp1ppp/5q1n/8/1b2P3/5N2/PPPB1PPP/RN1QKB1R b KQkq -,f6b2 d2b4 b2b4 b1d2 e8h8 f1d3 b4e7 e1h1 d7d6 h2h3
1k6/8/2Bn4/2B1pPp1/3p2Pp/P2P1P1P/2K5/8 b - -,b8c7 c6a4 d6f7 f5f6 f7h8 c5e7 h8f7 a4e8 f7d6 c2b3
r1b1r3/8/2P1pk1p/1P3p2/2N3p1/8/4BPPP/1R4K1 b - -,h6h5 b5b6 a8a2 e2f1 a2c2 g2g3 e8d8 b6b7 c8b7 c6b7
rn1r2k1/pp5p/1q2p1p1/2bpPP2/2p3P1/2P2B2/P1P1Q2P/R1B1K2R b KQ -,b8c6 e1f1 d5d4 f1g2 d4d3 e2e1 e6f5 g4f5 g6f5 h1f1
2r2rk1/pbq1bppp/4pn2/2p1N3/5P2/1PN1P3/P3QPBP/2RR2K1 b - -,b7g2 g1g2 c7b7 e2f3 b7a6 g2g1 h7h6 c1c2 f8d8 d1d8
r5k1/pp1b2q1/2p4r/3p4/1P1NpR2/P5p1/4P1Q1/3R2K1 b - -,h6h2 d4f5 d7f5 f4f5 h2g2 g1g2 a8f8 f5f1 g7h6 f1f8
3b4/5p2/8/6kP/6P1/4NP2/8/6K1 b - -,
r1bqkb1r/pp3ppp/2n1p2n/3pP3/2PN4/2N5/PP3PPP/R1BQKB1R b KQkq -,c6d4 d1d4 h6f5 d4f4 f8b4 c1d2 d5c4 f1c4 e8h8 e1h1
4kb2/5pp1/p2p3r/1p2pP2/4bn1P/PNP1qBQ1/2P5/1K3R1R b - -,e3c3 f3e4 c3g3 f1f3 g3g4 e4b7 d6d5 f3e3 e5e4 e3c3
r1bqkb1r/1ppnppp1/p2p3p/7n/P2P4/2N2N2/1PPBPPPP/R2QKB1R b KQkq -,e7e5 e2e4 h5f6 f1c4 f8e7 d1e2 e8h8 c4a2 c7c6 e1a1
r1br2k1/1p2qpp1/2n2n1p/p7/QPPp1P2/PN2p1P1/1B2P1BP/R4RK1 b - -,c8h3 g2h3 a5b4 a4b5 b4a3 b2a3 a8a3 a1a3 e7a3 h3f5
r1bqkbnr/pp2pppp/3p4/2p5/2BnP3/2N2N2/PPP2PPP/R1BQK2R b KQkq -,d4f3 d1f3 g8f6 c1g5 a7a6 g5f6 g7f6 e4e5 d6e5
r4rk1/1b1p1p1p/p3pR2/4n2B/Np2P3/7P/PPP3P1/5R1K b - -,a8c8 c2c3 b7c6 h5d1 c6a4 d1a4 b4c3 b2c3 g8g7 f6f2
2Q5/p7/kr3N2/1pp2p2/1P6/8/P7/2K5 b - -,a8c8 c2c3 b7c6 h5d1 c6a4 d1a4 b4c3 b2c3 g8g7 f6f2
8/5p2/8/4P3/5k1P/7K/8/8 b - -,f4f3 h4h5 f3e4 h5h6 e4e5 h6h7 e5f4 h7h8q f4e3 h8f8
2kr1b1r/p1pqp1pp/1p1p1n2/n7/3P4/5N2/PPPQ1PPP/RNB1R1K1 b - -,e7e5 d4e5 d6e5 f3e5 d7f5 d2f4 f5h5 f4f3 h5f3 e5f3
8/R4p2/4p1p1/4P3/4PPkP/5r2/6K1/8 b - -,f3f4 a7a4 g4h4 a4b4 h4g4 b4d4 g6g5 d4a4 f4f3 a4a7
8/1kb1R3/8/1K6/P7/8/8/8 b - -,f3g3 g2h2 g3e3 a7f7 e3e2 h2g1 g4g3 g1f1 e2f2 f1e1
6k1/5pp1/4rn2/2p5/p4qP1/P1NR1P1P/4P1K1/4Q3 b - -,g7g6 e1d2 f4e5 h3h4 g8g7 d2g5 e5c7 h4h5 c7e7 g2f1
r2q1rk1/pp1nbppp/2p1pn2/3p3b/P2P4/2PBPN1P/1PQN1PP1/R1B2RK1 b - -,a8c8 b2b3 c6c5 f1e1 h5g6 d3g6 h7g6 c1a3 f8e8 c2b2
1kn5/3B4/8/2B1pPp1/3p2Pp/P2P1P1P/2K5/8 b - -,a8c8 b2b3 c6c5 f1e1 h5g6 d3g6 h7g6 c1a3 f8e8 c2b2
4r1k1/5pp1/5n2/p1p5/1q4P1/2N1RP1P/P3PQK1/8 b - -,b4c4 e3e8 f6e8 f2e3 e8c7 e3d3 c4d4 c3e4 c7d5 d3d4
8/3k3p/1K4P1/3ppp2/8/6B1/8/8 b - -,h7g6 g3e5 g6g5 e5f6 g5g4 f6g5 d7e6 g5f4 d5d4 b6c5
2r3k1/2pn1ppp/4b3/2p2N2/4P3/3P2B1/2P3PP/5R1K b - -,c8e8 g3c7 e6f5 f1f5 e8c8 c7g3 c5c4 h1g1 c4d3 c2d3
4r2k/ppq3p1/3b3n/2p5/2Pp1PbP/PP1Q2P1/3BN3/2KRR3 b - -,g4f5 d3f3 b7b5 e2d4 e8e1 d4f5 e1d1 f3d1 h6f5 d1h5
8/5p2/4p1p1/4P3/4PPkP/4K3/R6r/8 b - -,h2a2 f4f5 e6f5 e4f5 g4f5 e3d3 f5e5 d3c3 a2a8 c3c4
r1b1r3/8/1PP2k1p/4pp2/2N3p1/8/4BPPP/1R4K1 b - -,e5e4 b6b7 c8b7 c6b7 a8b8 c4e3 h6h5 g2g3 e8e5 e2c4
r4rk1/pbqnbppp/1pp1p3/8/2NP1P2/2N1P3/PP2QPBP/2R2RK1 b - -,a8c8 f1d1 f8d8 c3e4 c7b8 h2h4 h7h6 h4h5 e7f8 b2b3
rq3rk1/4bp2/p2Np1pp/1p1bP3/nP1B4/P5Q1/2B2PPP/R2R2K1 b - -,g8g7 d4e3 e7d6 e5d6 b8e8 a1c1 f7f6 d6d7 e8f7 c2a4
2kr1b1r/p1pq2pp/1p1p1n2/n3P3/8/5N2/PPPQ1PPP/RNB1R1K1 b - -,d6e5 f3e5 d7f5 d2f4 f5h5 f4f3 h5f3 e5f3 f8c5 c1g5
8/3k4/5K2/8/2B5/4B3/8/8 b - -,d6e5 f3e5 d7f5 d2f4 f5h5 f4f3 h5f3 e5f3 f8c5 c1g5
5rk1/pp3rb1/2nnB1pp/8/1P1P2P1/4PR2/P1N4P/5RK1 b - -,g6g5 e6f7 d6f7 b4b5 c6e7 c2b4 a7a6 b5a6 b7a6 f1c1
8/5p2/8/4k3/6KP/8/8/8 b - -,
8/7K/5k2/p6P/P2p4/3P4/8/8 b - -,f6f7 h5h6 f7f8 h7g6 f8g8 g6f6 g8h7 f6e5 h7h6 e5d4
2Q5/pr6/k4N2/1pP2p2/8/8/P7/2K5 b - -,f6f7 h5h6 f7f8 h7g6 f8g8 g6f6 g8h7 f6e5 h7h6 e5d4
1k6/B2B4/8/4pPp1/3p2Pp/P2P1P1P/2K5/8 b - -,f6f7 h5h6 f7f8 h7g6 f8g8 g6f6 g8h7 f6e5 h7h6 e5d4
r1bqkb1r/1p1nnppp/p2pp3/2p5/B2PP3/2P2N2/PP3PPP/RNBQ1RK1 b kq -,h7h6 a4c2 g7g5 b1d2 b7b5 e4e5 d6e5 f3e5 c5d4 d2e4
r1bqkbnr/1pp4p/p1p2p2/4p3/3PP1pN/2N5/PPP2PPP/R1BQ1RK1 b kq -,d8d6 c1e3 c8d7 h4f5 d7f5 e4f5 e8a8 d4e5 d6e5 d1g4
8/1k6/1P6/2KP4/P1P5/8/8/2r5 b - -,
8/8/6Q1/4K3/2r5/4k3/8/8 b - -,c4c5 e5d6 c5c4 g6g3 e3e4 g3g4 e4d3 g4d1 d3e3 d6d5
r2qk1nr/1pp1ppbp/p1np2p1/8/3P4/1P2PN1P/PBP2PP1/R2QKB1R b KQkq -,a6a5 f1b5 e7e6 e1h1 g8e7 c2c3 e8h8 a2a4 c6b8 d1c2
r1b2k2/pp3pbp/1q2p1p1/3PP3/3N1P2/1pPQ4/P5PP/R4RK1 b - -,e6d5 a2b3 c8f5 d3e3 f5e4 d4f5 b6e3 f5e3 g6g5 g2g3
1Q5k/7q/8/8/6N1/8/n7/Kn6 b - -,h7g8 b8e5 g8g7 g4f6 g7a7 e5h5 h8g7 h5h7 g7f6 h7a7
8/k2B4/5P2/4p1p1/3p2Pp/P2P1P1P/2K5/8 b - -,h7g8 b8e5 g8g7 g4f6 g7a7 e5h5 h8g7 h5h7 g7f6 h7a7
2kr1b1r/p1pq2pp/1p3n2/n3N3/8/8/PPPQ1PPP/RNB1R1K1 b - -,d7f5 d2f4 f5h5 f4f3 h5f3 e5f3 a5c6 c2c3 h7h6 b1d2
2rnrnk1/5pb1/1p2p1p1/p1ppP1N1/3P1BN1/2P1R2Q/Pq3PP1/3R2K1 b - -,c5d4 g4f6 g7f6 e5f6 d4e3 h3h6 b2f2 g1h1 f2h4 h6h4
6k1/5p2/4rnp1/2p5/p4qP1/P1NR1P1P/3QP1K1/8 b - -,f4e5 h3h4 g8h7 d2g5 e5c7 d3d2 c5c4 d2d4 c7e7 g5d2
r1b5/1P6/2P1rk1p/4pp2/2N3p1/8/4BPPP/1R4K1 b - -,c8d7 b7a8q e6e8 a8e8 d7e8 c6c7 e5e4 c7c8q f5f4 b1b6
rn2k2r/1bqp1ppp/pp2pn2/8/3NP3/1PNB1P2/PQP3PP/R3K2R b KQkq -,e8h8 e1h1 b6b5 g1h1 d7d6 c3e2 b8d7 c2c4 d7e5 f1d1
8/3k4/1K4p1/3pBp2/8/8/8/8 b - -,
8/pQ6/5N2/kpP2p2/8/8/P7/2K5 b - -,d7e6 e5f4 e6f6 b6c5 g6g5 f4d2 f5f4 c5d5 f6f5 d2e1
r4rk1/ppqnbppp/2p1pn2/3p3b/PP1P4/2PBPN1P/2QN1PP1/R1B2RK1 b - -,e6e5 d4e5 d7e5 f3e5 c7e5 f1e1 h5g6 d3g6 h7g6 c1b2
2r3k1/2pn1ppp/8/2p2R2/4P3/3P2B1/2P3PP/7K b - -,g8f8 h1g1 c5c4 f5a5 c4d3 c2d3 f8e7 g1f2 c7c5 g3f4
8/5k1K/7P/p7/P2p4/3P4/8/8 b - -,g8f8 h1g1 c5c4 f5a5 c4d3 c2d3 f8e7 g1f2 c7c5 g3f4
5Qk1/3N1p2/1r2p1p1/pp1bb2p/2pP3P/P1P5/1PN3P1/6K1 b - -,g8f8 h1g1 c5c4 f5a5 c4d3 c2d3 f8e7 g1f2 c7c5 g3f4
r2q1rk1/1bp2pbp/1p1p1np1/p1nPp3/2P1P3/1PN2N2/PBQ1BPPP/R4RK1 b - -,f6h5 g2g3 b7c8 f3d2 c8h3 f1e1 g7h6 a1d1 d8d7 e2f1
2r2rk1/pp1n1pp1/4p1Qp/3pP3/3P4/1P3N1P/P4PP1/R3R1K1 b - -,f7g6 e1c1 g6g5 g1f1 d7b8 b3b4 a7a6 a2a4 b8c6 a1b1
8/1k1B1P2/8/4p1p1/3p2Pp/P2P1P1P/2K5/8 b - -,f7g6 e1c1 g6g5 g1f1 d7b8 b3b4 a7a6 a2a4 b8c6 a1b1
r2q3r/p2k2pp/1ppRpn2/1B2Q3/8/2N5/PPP2PPP/2K4R b - -,f7g6 e1c1 g6g5 g1f1 d7b8 b3b4 a7a6 a2a4 b8c6 a1b1
8/R4p2/4p1p1/4P3/4PrkP/4K3/8/8 b - -,
2kr1b1r/p1p3pp/1p3n2/n3Nq2/5Q2/8/PPP2PPP/RNB1R1K1 b - -,f5h5 f4f3 h5f3 e5f3 a5c6 c2c3 f8e7 c1e3 a7a5 a2a4
6k1/5p2/4rnp1/2p1q3/p5PP/P1NR1P2/3QP1K1/8 b - -,g8g7 d2g5 e5c7 h4h5 c7e7 g2f1 c5c4 d3d4 e6e5 h5h6
2r2rk1/1b1p1p1p/p3pR2/4n2B/Np2P3/2P4P/PP4P1/5R1K b - -,b7c6 h5d1 g8g7 f6f4 c6a4 d1a4 b4c3 b2c3 c8c3 f1d1
5rk1/pp3rb1/2nnB1pp/8/3P2P1/4PR2/PPN3KP/5R2 b - -,b7b5 e6f7 d6f7 h2h4 a7a5 h4h5 c6e7 c2a3 g6h5 g4h5
r4rk1/pp1n2p1/3pp2p/8/qP1P4/P2Q2PB/2P2P1P/R3K2R b KQ -,a7a5 h3e6 g8h8 e1h1 a5b4 a3b4 a4a1 f1a1 a8a1 g1g2
8/6k1/8/p5p1/6P1/3K3P/5P2/8 b - -,
5Q2/2kB4/8/4p1p1/3p2Pp/P2P1P1P/2K5/8 b - -,g7f6 d3c4 f6e5 c4b5 e5f4 b5a5 f4f3 a5b4 f3f2 h3h4
r2q1nk1/pb3pbp/1pp5/4PQ2/3P4/1P6/PB3PPP/2R2RK1 b - -,d8d5 f2f4 c6c5 f5h3 f8e6 d4c5 b6c5 f1f2 e6d4 h3d3
1rQ5/8/2P1rk1p/4pp2/2N3p1/8/4BPPP/1R4K1 b - -,b8b1 e2f1 f6f7 c8d7 e6e7 c4e5 f7f6 d7d6 e7e6 e5d7
8/5p2/4p1p1/4P3/4PPkP/7r/R7/6K1 b - -,h3h4 g1g2 g4f4 a2f2 f4e4 f2f7 h4g4 g2h3 g4g1 h3h2
8/R4p2/4p1p1/4P3/4P1kP/5r2/4K3/8 b - -,
8/1kb5/8/1K3R2/P7/8/8/8 b - -,g4g3 a7e7 f3f2 e2e3 f2f4 e7d7 f4f1 e3e2 f1f2 e2e3
3n1rk1/pp3Bb1/3n2pp/8/3P2P1/4PR2/PPN3KP/5R2 b - -,g8h7 f7g6 h7g6 f3f8 g7f8 f1f8 d8f7 f8g8 g6f6 e3e4
2kr1b1r/p1p3pp/1p3n2/n3N2q/8/5Q2/PPP2PPP/RNB1R1K1 b - -,h5f3 e5f3 f8c5 c1g5 f6g4 g5h4 a5c4 b2b3 c4d6 h2h3
3r1r1k/1q3Bpb/3R3p/1P4N1/1p1b4/8/4QPPP/4R2K b - -,d8d6 g5h7 f8f7 f2f3 f7e7 e2e7 b7e7 e1e7 h8h7 g2g4
4r1k1/pp3pp1/4r2p/8/3B4/5P2/PP2BK1P/4R3 b - -,e6c6 d4c3 c6e6 f3f4 e6e4 e2f3 e4e1 c3e1 b7b6 e1c3
r3r1k1/6bQ/ppN4B/2P4n/2P5/1P6/P1B2PPP/3R2K1 b - -,e6c6 d4c3 c6e6 f3f4 e6e4 e2f3 e4e1 c3e1 b7b6 e1c3
r4r1k/1p3p2/p2pb1p1/P1pBp3/4Pq1p/2NP3P/1PP2PP1/R2Q2K1 b - -,a8b8 a1a3 f4g5 g1h1 g5d8 d1d2 h8h7 d5c4 f8g8 c4e6
8/3k4/8/4pQp1/3p2Pp/P2P1P1P/2K5/8 b - -,f8b8 a1a3 f4g5 d5e6 f7e6 a3b3 b8f8 b3b7 a8b8 b7a7
rn2k2r/1bqp1ppp/pp2pn2/8/3NP3/bPNB1P2/PBP3PP/R1Q1K2R b KQkq -,a3b2 c1b2 e8h8 e1h1 b6b5 g1h1 f8c8 c3e2 d7d5 e4d5
r1b1nr2/p5kp/2p1pq2/1p6/8/2NQ2p1/PPB5/2KR3R b - -,f6f4 c1b1 f8f5 c3e2 f4d6 d3c3 d6e5 c3c6 e5c7 c6a8
3r2k1/5pp1/5n2/p1p5/1q4PP/2N1RP2/P3PQK1/8 b - -,d8c8 f2g3 b4b7 e3d3 c8e8 g3f4 b7b4 f4d2 a5a4 h4h5
8/8/5k2/p5p1/3K2P1/7P/5P2/8 b - -,
2rq1rk1/pp1bbppp/2n1pn2/2ppN3/3P4/PP1BP3/1BPN1PPP/R2Q1RK1 b - -,a7a6 e5f3 c5d4 e3d4 d8c7 d1e2 f8d8 f1e1 d7e8 c2c4
5rk1/pp6/6p1/4p2p/6PQ/3P4/PP2p3/1KRq3R b - -,
rq3rk1/4bpp1/p3p2p/1p1bP3/nP1BN3/P7/2B1QPPP/R2R2K1 b - -,b8c7 a1c1 f8c8 e4f6 e7f6 c2h7 g8h7 c1c7 c8c7 e5f6
2r5/8/2P1rk1p/N3pp2/6p1/8/4BPPP/1R4K1 b - -,c8c6 a5c6 e6c6 f2f3 h6h5 g1f2 c6c3 b1b4 c3a3 h2h4
r4rk1/ppqnbppp/2p2n2/3pP2b/PP6/2PBPN1P/2QN1PP1/R1B2RK1 b - -,
r1bqk2r/1pp1ppbp/p1np1np1/8/2PPP3/2N1BP2/PP2Q1PP/R3KBNR b KQkq -,c8d7 e2d2 e8h8 b2b3 a8b8 a1c1 e7e5 d4d5 c6e7 g2g3
2r3k1/2p2ppp/4bn2/2p5/2P1PB2/3P1N2/6PP/5R1K b - -,h7h6 h2h3 f6d7 g2g4 c8a8 h1g2 a8a2 f1f2 a2a7 f3e5
r5k1/pp1b2q1/2p5/3p4/1P1NpR2/P5p1/4P2r/3R1QK1 b - -,h7h6 h2h3 f6d7 g2g4 c8a8 h1g2 a8a2 f1f2 a2a7 f3e5
6k1/1p2p2p/1qn1p3/p2rPrp1/P2p1BQ1/2P3P1/1P3P1P/3RR1K1 b - -,b6b2 f4g5 b2f2 g1h1 f2f3 g4f3 f5f3 c3d4 f3b3 e1e4
8/8/7P/4k1K1/8/5p2/8/8 b - -,
k7/2b5/8/PK3R2/8/8/8/8 b - -,e5d5 h6h7 f3f2 h7h8q f2f1q h8a8 d5d4 a8a4 f1c4 a4c4
4rr2/1pq4k/1bpp2Bp/p3pNPn/P2PP3/2P2P2/6RP/2RQ2K1 b - -,h7g8 g6h5 e5d4 h5e8 d6d5 g1h1 d4d3 d1d3 f8e8 f5h6
2kr1b1r/p1p3pp/1p3n2/n7/8/5N2/PPP2PPP/RNB1R1K1 b - -,a5c6 c2c3 h7h6 b1d2 a7a5 g1f1 a5a4 d2c4 c8b7 c1d2
5k2/8/6KP/p7/P2p4/3P4/8/8 b - -,a5c6 c2c3 h7h6 b1d2 a7a5 g1f1 a5a4 d2c4 c8b7 c1d2
rnb2rk1/pp2pp1p/4q1pb/8/3BQ1n1/P1N2N2/1PP2PPP/1K1R1B1R b - -,b8c6 h2h3 e6e4 c3e4 c6d4 d1d4 g4f6 e4f6 e7f6 f1b5
8/8/5k2/6p1/p5P1/2K4P/5P2/8 b - -,
4R1k1/p1p2pp1/2b4p/2P3N1/1P6/P1r2P2/6PP/R6K b - -,c6e8 g5e4 c3b3 h2h4 e8c6 e4g3 g8f8 h1g1 a7a5 g3f5
4Qr1k/1q1r1Bp1/2R4p/1P3bN1/1p1b4/8/5PPP/4R2K b - -,d7f7 e8f7 b7f7 g5f7 f8f7 f2f3 b4b3 g2g4 f5c2 h1g2
6k1/5pp1/2p2n2/p1Q1r3/2P3Pp/2N2P2/P3P2P/3R2K1 b - -,e5c5 d1d8 g8h7 d8d4 a5a4 c3a4 c5a5 a4c3 a5a3 d4d3
3b4/5p2/8/3N3P/5kP1/5P2/8/6K1 b - -,f4e5 d5b4 e5f4 g1g2 f7f5 b4d5 f4e5 d5e3 f5g4 e3g4
r4rk1/ppq1bppp/2p2n2/3pn2b/PP6/2P1PN1P/2QNBPP1/R1B2RK1 b - -,f8d8 c1b2 f6d7 a4a5 b7b5 a5b6 a7b6 e3e4 d7f6 a1a8
r1b1k2r/pp1n1ppp/2n1p3/3pP3/Nb1N1P2/P3B3/1qP2KPP/R2Q1B1R b kq -,b4a3 a4b2 a3b2 d4b5 e8h8 a1b1 d5d4 e3d2 b2c3 d2c3
3q1rk1/p2bppb1/3p2p1/1prBn1Bp/3NP2P/5P2/PPPQ2P1/1K1R3R b - -,e5c4 d2c1 d8b6 g5h6 e7e6 h6g7 g8g7 d5c4 b5c4 c2c3
2rq1rk1/pp1bbppp/2n1pn2/3pN3/3P4/PP1B4/1BPN1PPP/R2Q1RK1 b - -,a7a5 f2f4 d7e8 c2c3 a5a4 b3b4 e7d6 d1e2 c6e7 a1e1
r1b1r1k1/1pp2pp1/p2p1nqp/4n3/4P1PP/2N2P2/PPPQBB2/2KR3R b - -,f6g4 h4h5 e5f3 e2f3 g6g5 h1g1 g5d2 d1d2 g4e5 f3d1
8/8/3K2Q1/2r5/8/4k3/8/8 b - -,
8/8/8/4k1p1/pK4P1/7P/5P2/8 b - -,
r4rk1/pp1B2p1/3p3p/4p3/qP1P4/P2Q2P1/2P2P1P/R3K2R b KQ -,e5e4 d3c4 g8h8 d7a4 a7a6 c4d5 b7b5 a4b3 a6a5 b4a5
4k3/1p2b3/pB2p3/P6p/2P3r1/1P1R2P1/5K2/8 b - -,
rn2kb1r/ppp1pppp/5nb1/q7/2B3P1/2NPBP2/PPP4P/R2QK1NR b KQkq -,b8d7 h2h4 h7h5 g4g5 f6g8 g1e2 e7e6 a2a3 g8e7 b2b4
5r1k/1q3rp1/7p/1P3bN1/1p1R4/8/4QPPP/4R2K b - -,h6g5 d4b4 f5d7 b4b2 g5g4 b5b6 f7f6 e2e3 d7c6 e3g3
2r1rnkb/1b1q1p1p/p2p1PpQ/1p2p1P1/1P2P3/P1NPB2R/4N2P/5RK1 b - -,d7e6 g1f2 e6b3 f1b1 b3c2 b1c1 c8c3 c1c2 c3c2 h3g3
8/7P/8/4k1K1/8/8/5p2/8 b - -,
rnbqk2r/pp1p1ppp/4p3/2pP4/2P5/2P3P1/P3PP1P/R2QKBNR b KQkq -,d8f6 d1c2 e8h8 g1f3 d7d6 f3d2 b8d7 a2a4 e6d5 c4d5
8/7k/7P/p5K1/P2p4/3P4/8/8 b - -,h7h6 f1g2 e8h8 g1h3 d8f6 d1d2 e6d5 h3f4 d5c4 f4d5
rnbqk1nr/pp3ppp/2p5/2b1p3/8/3P2P1/PPP2PBP/RNBQK1NR b KQkq -,g8f6 b1d2 c8g4 g1f3 e8h8 e1h1 b8d7 a2a4 f8e8 h2h3
2kr1b1r/p1p3pp/1pn2n2/8/8/2P2N2/PP3PPP/RNB1R1K1 b - -,h7h6 b1d2 f6d7 d2c4 b6b5 c4d2 b5b4 d2b3 b4c3 b2c3
2kr1r2/ppp1nppp/2n5/4P3/2B4P/4PN2/PP3PP1/1R2K2R b - -,e7d5 e1e2 h7h6 b1d1 d5b6 d1d8 c6d8 c4d3 f8e8 h1d1
rn2k2r/1bqp1ppp/pp2pn2/2b5/4P3/PPNB1N2/1BP2PPP/R2QK2R b KQkq -,f6g4 h1f1 b6b5 d1d2 f7f6 e1a1 e8h8 h2h3 g4e5 f3e5
r3kb1r/p2p1p1p/n1p3p1/q6n/2NPPp2/2N5/PPP1Q1PP/R1B2KR1 b kq -,a5b4 e4e5 a6c7 c3e4 c7e6 c2c3 b4b8 g2g3 e8d8 f1g2
r2r2k1/pp1n3p/1q2p1p1/2bpPP2/2p3PP/2P2B2/P1P1Q3/R1B1K2R b KQ -,d8f8 f5f6 b6c7 g4g5 c7e5 a1b1 e5c3 c1d2 c3e5 h4h5
8/8/8/6p1/K3k1P1/7P/5P2/8 b - -,
2r3k1/2p2pp1/4bn1p/2p5/2P1PB1P/3P1N2/6P1/5R1K b - -,
rnbqk2r/1pp2ppp/5n2/p2p2B1/1b1P4/P1N5/1PPQ1PPP/R3KBNR b KQkq -,b4c3 d2c3 e8h8 f1d3 b8c6 g1e2 h7h6 g5h4 c6b4 e1h1
r4rk1/pp1q2p1/3p3p/4P3/1P6/P2Q2P1/2P2P1P/R3K2R b KQ -,d7c8 e5d6 c8e8 d3e2 f8f6 d6d7 e8d7 e1h1 a8e8 e2c4
r5k1/6pp/4Q3/6N1/q7/8/8/6K1 b - -,d7c8 e5d6 c8e8 d3e2 f8f6 d6d7 e8d7 e1h1 a8e8 e2c4
r4r1k/pppqNBpp/3p1B2/2b1p3/3nP3/3P1b2/PPPQ1PPP/R4RK1 b - -,d4e2 d2e2 f3e2 f1e1 e2g4 f6g5 f8f7 e7f5 g4f5 e4f5
6k1/8/7P/p6K/P2p4/3P4/8/8 b - -,d7h3 g2h3 f8f7 e7f5 f7f6 f1e1 f6g6 f5g3 f3e4 e1e3
rnbqk1nr/pp2bppp/4p3/2pP4/3P4/2N5/PPQ1PPPP/R1B1KBNR b KQkq -,e6d5 c1f4 g8f6 d4c5 d5d4 e1a1 b8c6 e2e3 e8h8 e3d4
rn1qk1nr/2p2p2/1p1pp1pb/4P2p/p2P3P/P1PQ1NB1/1P1N1PP1/R3K2R b KQkq -,d6d5 c3c4 c7c6 f3g5 h6g5 h4g5 g8e7 g3f4 c6c5 c4d5
k7/5R2/8/PK6/8/8/7b/8 b - -,h2g1 f7f1 g1e3 f1e1 e3f2 e1e2 f2d4 b5a6 a8b8 e2e8
3r1q1k/1P4p1/R6p/1Q3b2/3b4/8/1p3PPP/4R2K b - -,d4c3 e1g1 d8b8 a6a8 f5e4 b5c4 b8a8 c4c3 a8b8 c3b2
r1b1n1k1/p4rPB/2p1pq2/1p6/8/2N3p1/PP1Q4/2KR3R b - -,g8g7 d1g1 f6f4 g1g3 g7f8 g3g8 f8e7 h7g6 f4d2 c1d2
7k/7q/8/4Q3/6N1/8/n7/Kn6 b - -,h7g7 g4f6 g7a7 e5h5 h8g7 h5h7 g7f6 h7a7 a2c3 a7e3
2kr1b1r/p1p3p1/1pn2n1p/8/8/2P2N2/PP1N1PPP/R1B1R1K1 b - -,a7a5 a2a4 g7g5 g1f1 h8g8 d2c4 f8c5 c1d2 f6g4 e1e6
8/8/8/6p1/6P1/1K3k1P/5P2/8 b - -,
rnb2rk1/ppp1nppp/3p4/8/3P4/5N2/PPP1BPPP/RN3RK1 b - -,e7d5 f1e1 f8e8 c2c4 d5f4 e2f1 e8e1 f3e1 b8c6 e1c2
7k/6q1/5N2/4Q3/8/8/n7/Kn6 b - -,g7a7 e5h5 h8g7 h5h7 g7f6 h7a7 a2c3 a7c5 f6e6 c5c6
r2q3r/p1p1k1pp/1p1bpn2/1B6/8/2N1Q3/PPP2PPP/2KR3R b - -,g7g6 h1e1 e7f8 e3h6 f8f7 b5c4 h8e8 c3b5 f7g8 b5d6
8/7k/7P/p7/P2p3K/3P4/8/8 b - -,g7g6 h1e1 e7f8 e3h6 f8f7 b5c4 h8e8 c3b5 f7g8 b5d6
8/8/8/6p1/2K3P1/7P/5k2/8 b - -,g7g6 h1e1 e7f8 e3h6 f8f7 b5c4 h8e8 c3b5 f7g8 b5d6
2r2rk1/p3bpp1/3q1N1p/2pp4/N4P2/1P2P3/P3QP1P/2RR2K1 b - -,e7f6 h2h3 f8d8 a4c3 d6c6 e2f3 f6c3 c1c3 c6f6 d1c1
2r3k1/2p2pp1/4b2p/2p1N3/2P1PBnP/3P4/6P1/5R1K b - -,
rnbqk2r/pp1p1ppp/4p3/2pP4/2P1n3/2P3P1/P2BPP1P/R2QKBNR b KQkq -,d8f6 g1f3 e4c3 d1c1 c3e4 d2f4 e8h8 f1g2 f8e8 e1h1
r3r1k1/ppq1bppp/2p2nb1/3pn3/PP6/1QP1PN1P/3NBPP1/R1B1R1K1 b - -,e5f3 d2f3 f6e4 e1d1 e7f6 c1d2 a7a6 d2e1 e4d6 f3d4
8/p7/1pp5/5pkp/5P2/6K1/PPP5/8 b - -,
2rq1rk1/pp1b1ppp/2nbpn2/3pN3/3P1P2/PP1B4/1BPN2PP/R2Q1RK1 b - -,b7b5 c2c3 d7e8 d1e2 c6e7 b3b4 e7f5 a1e1 d6e7 f1f3
3r1q1k/1P4p1/R6p/1Q3b2/8/2b5/1p3PPP/6RK b - -,d8b8 a6a8 f5e4 b5c4 b8a8 c4c3 a8b8 c3b2 b8b7 b2e2
5r1k/1q3BpN/3r3p/1P6/1p1b4/8/4QPPP/4R2K b - -,f8f7 f2f3 f7e7 e2e7 b7e7 e1e7 h8h7 e7e1 b4b3 e1b1
4k3/8/8/4pQp1/P2p2Pp/3P1P1P/2K5/8 b - -,f8f7 f2f3 f7e7 e2e7 b7e7 e1e7 h8h7 e7e1 b4b3 e1b1
2kr1b1r/2p3p1/1pn2n1p/p7/P7/2P2N2/1P1N1PPP/R1B1R1K1 b - -,g7g5 h2h3 f8c5 g1f1 h8h7 d2b3 c5d6 c1e3 g5g4 h3g4
3b4/5p2/8/3N2PP/8/5k2/8/6K1 b - -,
r3k2r/1bqp1ppp/ppn1pn2/2b5/4P3/PPNB1N2/1BP2PPP/R2Q1RK1 b kq -,c5d6 f1e1 e8h8 c3e2 f6g4 e2g3 d6c5 e1f1 g4e5 b3b4
2b2r1k/5qp1/1P5p/4Q3/1R6/1p3P2/6PP/4R2K b - -,f8d8 e5e3 c8e6 b6b7 f7f8 b4b6 e6g8 e3e5 d8b8 h2h3
5R1n/pkp5/1p3p2/5P1p/1PP1r3/PN4PP/5P2/5K2 b - -,h5h4 b3d2 e4e7 f8h8 h4g3 f2g3 a7a5 b4a5 e7e5 g3g4
8/8/8/6p1/6PP/1K6/5k2/8 b - -,
8/8/2r2k1p/5p2/5p2/7P/4B3/1R4K1 b - -,f4f3 e2f3 c6c4 f3e2 c4e4 g1f2 h6h5 e2d3 e4f4 f2e2
r3kb1r/p1qp1p1p/n1p3p1/4P2n/2NP1p2/2N5/PPP1Q1PP/R1B2KR1 b kq -,c7b8 c4d6 f8d6 e5d6 e8f8 e2a6 b8d6 a6d3 f7f5 f1f2
5r1k/1q3rp1/8/1P3bp1/1R6/8/4QPPP/4R2K b - -,f5d7 b4b2 g5g4 b5b6 f7f6 e2e3 d7c6 e3g3 b7d7 h1g1
r1b2bk1/pp3p1p/1q2p1p1/3PP3/3N1P2/2PQ4/Pp4PP/1R3RK1 b - -,e6d5 g1h1 f8c5 f4f5 c5d4 f5g6 h7g6 d3d4 c8e6 f1f2
rnbqkb1r/1pppn1pp/4pp2/p7/2PPPP2/3B4/PP4PP/RNBQK1NR b KQkq -,f6f5 e4f5 e7f5 b1c3 g7g6 h2h4 f5d4 h4h5 d8f6 c1e3
r1bqk1nr/pp2bppp/2n5/2Pp4/8/2N1P3/PPQ2PPP/R1B1KBNR b KQkq -,g8f6 g1f3 e7c5 f1e2 c8e6 e1h1 e8h8 b2b3 d8e7 c1b2
7k/1q3rpN/3r3p/1P6/1p1b4/5P2/4Q1PP/4R2K b - -,f7e7 e2e7 b7e7 e1e7 h8h7 e7e1 b4b3 e1b1 b3b2 g2g4
rnbqkb1r/pp3pp1/5n1p/1Qpp4/3N4/6P1/PPP1PPBP/RNB1K2R b KQkq -,c8d7 b5b7 c5d4 b7a8 f8c5 g2d5 e8h8 d5f3 d7h3 a8b7
8/R4p2/8/4Pp2/6kP/7r/6K1/8 b - -,
r5k1/pp1b2q1/2p5/3p1N2/1P2pR2/P5p1/4P1Qr/3R2K1 b - -,h2g2 g1g2 d7f5 d1h1 f5g4 h1g1 g4e2 g2h3 g7h7 h3g3
r1b2rk1/p5nB/2p1pq2/1p6/8/2N3p1/PP1Q4/2KR3R b - -,a8f8 f5g7 h2g2 g1g2 f8f4 g7h5 f4f5 d1h1 g8f7 h5g3
k7/5R2/K7/P7/8/8/8/6b1 b - -,a8b8 f7b7 b8c8 b7g7 g1e3 g7g8 c8c7 a6b5 c7b7 g8g7
2kr1b1r/2p5/1pn2n1p/p5p1/P7/2P2N2/1P1N1PPP/R1B1RK2 b - -,h8h7 d2c4 f8c5 e1e6 h7e7 e6e7 c6e7 c1d2 f6g4 a1e1
2r3k1/2p2pp1/4b2p/2p1B3/2P1P2P/3P4/6P1/5R1K b - -,
8/8/5k1p/5p2/5p2/2r4P/8/1R3BK1 b - -,f6g6 g1f2 g6g5 b1b2 h6h5 b2b8 c3g3 b8g8 g5f6 g8c8
8/8/6P1/8/8/1K5p/5k2/8 b - -,
r1bk3r/ppp3pp/2p5/2b1Pp2/4nB2/5N2/PPP2PPP/RN3RK1 b - -,h7h6 h2h4 d8e7 b1d2 h8d8 h4h5 a7a5 a1e1 e4d2 f4d2
Rr3q1k/1P4p1/7p/1Q3b2/8/2b5/1p3PPP/6RK b - -,f5e4 b5c4 b8a8 c4c3 a8b8 c3b2 b8b7 b2e2 f8b4 h2h3
r1b2rk1/p7/2p5/1p6/4N3/5pQ1/PP4p1/2K5 b - -,
2r2rk1/1p4bp/pB1p2p1/3N1p1q/2PpP3/3Q1PPb/PP3R1P/R5K1 b - -,f8e8 d5f4 h5h6 b6d4 f5e4 f3e4 h3e6 b2b3 g7d4 d3d4
rnb1k2r/pp1p1ppp/4pq2/2pP4/2P1n3/2P2NP1/P2BPP1P/R2QKB1R b KQkq -,e4c3 d1c1 c3e4 f1g2 e6d5 c4d5 e8h8 e1h1 d7d6 d2a5
3k4/8/8/4Q1p1/P2p2Pp/3P1P1P/2K5/8 b - -,f6e7 f1g2 e8h8 d1c2 e4d2 f3d2 d7d6 a2a4 e6e5 e2e4
1k6/1R6/K7/P7/8/8/8/6b1 b - -,b8c8 b7b2 g1e3 b2c2 c8b8 c2e2 e3g1 e2e8 b8c7 e8e1
1b1k4/1br3p1/pQ6/8/7P/1B6/PP1r1PP1/6K1 b - -,d2d3 h4h5 d3d7 f2f3 d7d2 b3a4 a6a5 a2a3 d2d3 h5h6
8/8/3K4/5Q2/8/2r1k3/8/8 b - -,
rnbqk2r/p1p1bppp/1n2p3/1N2P3/2pP3P/5N2/PP2BPP1/R1BQK2R b KQkq -,d8d7 b5c3 c8b7 h1h3 c7c5 d4c5 d7d1 e2d1 e7c5 h3g3
r2q1rk1/pp1bbpp1/2np1p1p/1B3N2/4P3/2N5/PPP2PPP/R2Q1RK1 b - -,d8c8 c3d5 d7f5 e4f5 e7d8 d1g4 a7a6 b5d3 c6e5 g4e4
8/8/5k1p/5p2/5p2/6rP/5K2/1R3B2 b - -,g3a3 h3h4 h6h5 b1c1 f6e5 c1c5 e5f6 f1g2 a3a2 f2f3
r3k1nr/3p1ppp/p1b1p1q1/1pb5/4P3/P1NB3Q/1PP2PPP/R1B2RK1 b kq -,g8h6 c1e3 c5e3 h3e3 e8h8 c3d5 e6d5 e4d5 g6f6 d5c6
r1b2r1k/ppp1n1pp/3p2q1/2b1np2/3NP3/1QP1BP2/PP1NB1PP/R4R1K b - -,f5f4 e3g1 f8f6 f1d1 g6h5 b3c2 a7a6 b2b4 c5a7 a2a4
r2q3r/p1pk2pp/1p1bpn2/6Q1/8/2NB4/PPP2PPP/2KR3R b - -,a7a6 h1e1 d8f8 g5e3 d7c8 e3e6 c8b7 a2a4 d6f4 c1b1
8/1p1k4/pPp2K2/P1Pp4/3Pp3/4Pp2/8/5N2 b - -,a7a6 h1e1 d8f8 g5e3 d7c8 e3e6 c8b7 a2a4 d6f4 c1b1
8/R4p2/8/4Pp2/6kP/6r1/5K2/8 b - -,
7k/1q2Q1pN/3r3p/1P6/1p1b4/5P2/6PP/4R2K b - -,b7e7 e1e7 h8h7 e7e2 b4b3 e2e1 b3b2 e1b1 d6b6 b1b2
r1bqk1nr/pp3ppp/2n5/2bp4/8/2N1PN2/PPQ2PPP/R1B1KB1R b KQkq -,g8f6 a2a3 e8h8 f1e2 c8e6 b2b4 c5d6 c3b5 a8c8 c2d1
2k5/8/8/1Q4p1/P2p2Pp/3P1P1P/2K5/8 b - -,g8f6 a2a3 e8h8 f1e2 c8e6 b2b4 c5d6 c3b5 a8c8 c2d1
r3r1k1/ppq1bppp/2p3b1/3pn3/PP2N3/1QP1PN1P/4BPP1/R1B1R1K1 b - -,g6e4 f3d2 e7h4 e1f1 c7d6 d2e4 d5e4 a1a2 d6g6 b3b1
r1b2r2/p4knB/2p1pq2/1p6/4N3/6p1/PP1Q4/2KR3R b - -,g6e4 f3d2 e7h4 e1f1 c7d6 d2e4 d5e4 a1a2 d6g6 b3b1
r3r1k1/pp1n1p2/3p3P/q1pP2Bp/2P5/1Pb2P1N/P3BK2/R2Q4 b - -,g8h8 f2f1 f7f6 g5h4 c3d4 d1e1 a5a3 e1c1 a3c1 a1c1
8/p7/1pp3k1/5p1p/5P1K/8/PPP5/8 b - -,
Rr3q1k/1P4p1/7p/8/2Q1b3/2b5/1p3PPP/6RK b - -,b8a8 c4c3 a8b8 c3b2 b8b7 b2e2 f8b4 f2f3 e4f5 h2h3
3q1rk1/p2bppb1/3p2p1/1pr3Bp/2BNP2P/5P2/PPPQ2P1/1K1R3R b - -,b5c4 c2c3 c5a5 b1a1 d8b6 a2a3 g7d4 d2d4 b6a6 a1a2
rnbq1rk1/1ppp1ppp/4pn2/p5B1/1bPPP3/2N2N2/PP3PPP/R2QKB1R b KQ -,h7h6 g5h4 g7g5 f3g5 f6e4 g5e4 d8h4 e4g3 b8c6 a2a3
3r3k/1p4p1/pP3b1p/2p5/2N5/2P1P1P1/7P/5R1K b - -,
8/5p2/8/3N2bP/8/5k2/7K/8 b - -,
2rq1rk1/1p2bp1p/2n1p1pB/p2pP3/1P6/P1PB3Q/5PPP/2R2RK1 b - -,c6e5 h6f8 e7f8 f1d1 e5c4 d3c4 c8c4 d1d4 c4c8 c3c4
5RQ1/p2kr2p/1q1n2p1/4p3/2p1P3/2P4P/P2N2P1/7K b - -,b6a6 f8b8 h7h6 h1h2 e7e8 g8g7 e8e7 g7g6 a6a2 g6h6
2rq1rk1/pp1n1pp1/4p2p/1Q1pP3/3P4/1P3N1P/P4PP1/R3R1K1 b - -,d8c7 b5a4 c7c6 a4a3 c6b6 e1c1 d7b8 a3b2 b8c6 h3h4
rn3rk1/ppp2n1p/3p2p1/3q4/8/1PQB1PPb/P1PP3P/RNB2RK1 b - -,h3f1 d3f1 f7e5 f3f4 d5e4 c3e3 e5f3 g1f2 e4e3 d2e3
8/R4p2/8/4Pp2/6kP/5r2/6K1/8 b - -,
2rnrnk1/5pb1/4pNp1/ppppP1N1/3P1B2/2P1R2Q/Pq3PP1/3R2K1 b - -,f5f4 a7f7 f3e3 g2f2 e3e5 f7g7 g4h4 f2f3 e5f5 g7g8
1q4r1/2k5/8/8/8/8/RR5K/8 b - -,
r4q1r/p1pk2pp/1p1bpn2/1N4Q1/8/3B4/PPP2PPP/2KR3R b - -,a8d8 b5d4 f6d5 d3b5 c7c6 b5c6 d7c8 d4e6 d6f4 e6f4
2r2rk1/3p1p1p/pNb1pR2/4n2B/1p2P3/2P4P/PP4P1/5R1K b - -,c8b8 b6d7 c6d7 c3c4 d7c6 f6f4 b8d8 f1f2 a6a5 b2b3
r1b2rk1/ppp1nppp/2np4/8/2BP4/5N2/PPP2PPP/RN3RK1 b - -,f8e8 c2c3 c8d7 b1d2 g8f8 a2a4 a7a5 g2g3 e7c8 c4b5
7k/4R1pN/3r3p/1P6/1p1b4/5P2/6PP/7K b - -,h8h7 e7e1 b4b3 e1b1 b3b2 g2g3 d6b6 h1g2 b6b5 f3f4
r4rk1/4nppp/1R6/pbp1P3/4P3/P1B5/BP3RPP/6K1 b - -,b5a6 c3a5 h7h5 a5c3 h5h4 h2h3 a6d3 b6b7 a8e8 e5e6
2kr1b2/2p4r/1pn2n1p/p5p1/P1N5/2P2N2/1P3PPP/R1B1RK2 b - -,f8c5 e1e6 h7e7 e6e7 c6e7 c1d2 e7f5 a1e1 f6g4 e1e2
r3qrk1/p4p2/bp3p1p/n1p1p3/2PPP3/P1PB2NP/2Q3P1/R1B3K1 b - -,e8d8 c2d2 f6f5 d2h6 f7f6 h6g6 g8h8 g6h5 h8g8 g3f5
rnbqk2r/ppp1ppb1/3p1np1/7p/2P1PP1P/2NP4/PP4P1/R1BQKBNR b KQkq -,c7c5 f1e2 f6g4 g1f3 b8c6 e1h1 a7a6 a2a4 c6d4 g2g3
4r1k1/p4pp1/1p2r2p/8/8/2B2P2/PP2BK1P/4R3 b - -,g7g5 a2a3 h6h5 a3a4 g8f8 c3d2 e8c8 d2b4 f8g8 b4c3
r2qnrk1/1bp3bp/1p1p2p1/p1nPpp2/2P1P3/PPNB1N2/1BQ2PPP/R4RK1 b - -,c5d3 c2d3 f5f4 f3d2 d8h4 f2f3 g6g5 d3e2 b7c8 b3b4
4k3/1p6/pPp1K3/P1Pp4/3Pp3/4Pp2/8/5N2 b - -,c5d3 c2d3 f5f4 f3d2 d8h4 f2f3 g6g5 d3e2 b7c8 b3b4
rn1qkbnr/pp2ppp1/8/2ppPb1p/2P2P2/5N2/PP1P2PP/RNBQKB1R b KQkq -,d5c4 f1c4 e7e6 b1c3 b8c6 d2d3 a7a6 a2a4 c6a5 c1e3
3r1r1k/1q3Bpb/2R4p/1P4N1/1p1b4/7P/4QPP1/4R2K b - -,h6g5 f7g6 h7g6 c6g6 f8f2 e2h5 h8g8 h5g5 d8f8 g6d6
4r1k1/5pp1/5n2/p1p5/2q3PP/2NR1P2/P3PQK1/8 b - -,a5a4 f2f1 f6h7 f1d1 h7f8 g2f1 e8a8 d1c1 f8e6 c1e3
r4rk1/pp1n2p1/3p3p/4p3/qP1P4/P2Q2PB/2P2P1P/R4RK1 b - -,a8e8 h3g2 g8h8 g2b7 d7f6 d4e5 d6e5 a1e1 a7a5 d3c3
4r1k1/5pp1/5n2/p7/2p2qPP/2NRPP2/P4Q2/6K1 b - -,f6g4 e3f4 g4f2 d3d5 f2h3 g1h2 e8e3 h2h3 e3f3 h3g4
8/2k5/8/PQ4p1/3p2Pp/3P1P1P/2K5/8 b - -,f6g4 e3f4 g4f2 d3d5 f2h3 g1h2 e8e3 h2h3 e3f3 h3g4
rn1r2k1/pp5p/1q2p1p1/2bpP2P/2p2P2/2P2B2/P1P1Q1P1/R1B1K2R b KQ -,g6g5 f4f5 b6a5 c1d2 e6f5 h5h6 g8h8 a1d1 g5g4 d2g5
r1b2r1k/ppp1n1pp/3p2q1/2b1n3/3NPp2/1QP2P2/PP1NB1PP/R4RBK b - -,f8f6 b3c2 a7a6 b2b4 c5a7 f1d1 g6h5 d2c4 f6h6 a2a4
1bq1r1k1/1p3p1p/2n2Bp1/1pP2P2/r4pQ1/1N6/PP5P/3R1KR1 b - -,b8e5 f5g6 c8g4 g1g4 e5f6 d1d6 f6e5 g6h7 g8h8 d6d7
3Q1bk1/1B3p1p/p3p1p1/1b2B3/1q6/7P/2P2PP1/6K1 b - -,b4e1 g1h2 e1e5 g2g3 e5c5 h2g2 c5c2 b7a8 c2c4 d8b6
4rr2/1pq5/1bpp2kP/p3pN1n/P2PP3/2P2P2/6RP/2RQ2K1 b - -,g6f7 f3f4 h5f4 g2g7 f7e6 g7c7 b6c7 f5g7 e6f7 g7e8
r2q3k/pp4pp/6b1/1Q6/2B5/5pP1/PP3P1P/4R1K1 b - -,a8c8 c4d5 b7b6 d5f3 d8f6 e1e3 h7h6 h2h4 c8c5 b5b3
r4q1k/1P4p1/7p/8/4b3/2Q5/1p3PPP/6RK b - -,a8b8 c3b2 b8b7 b2e2 f8b4 h2h3 b7e7 e2g4 b4b2 f2f3
r1b2r2/p4knB/2p1p3/1p2q3/4N3/6p1/PP1Q4/2KR1R2 b - -,f7e7 f1f8 e7f8 d2d8 g7e8 d1f1 e5f5 h7f5 g3g2 f5h3
8/8/5k2/1R3p1p/5p2/6rP/5K2/5B2 b - -,g3c3 b5a5 f6g5 a5a8 c3b3 a8d8 b3a3 d8d5 a3a2 f1e2
2rnrnk1/5p2/4pPp1/pppp2N1/3P1B2/2P1R2Q/Pq3PP1/3R2K1 b - -,g3c3 b5a5 f6g5 a5a8 c3b3 a8d8 b3a3 d8d5 a3a2 f1e2
3k4/1p6/pPpK4/P1Pp4/3Pp3/4Pp2/8/5N2 b - -,g3c3 b5a5 f6g5 a5a8 c3b3 a8d8 b3a3 d8d5 a3a2 f1e2
r1b1kb1r/ppp3pp/2p5/4Pp2/3NnB2/8/PPP2PPP/RN2K2R b KQkq -,g7g5 f4c1 f8c5 c2c3 c5e7 e1e2 h8g8 g2g3 b7b6 f2f3
r1b2r2/p4k2/2p5/1p6/4N3/5Q2/PP4p1/2K5 b - -,f7e8 f3g2 c8f5 e4c5 a8d8 g2g7 f8f7 g7h6 e8e7 h6c6
8/5R2/8/4Pp2/6kP/4r3/6K1/8 b - -,
r1bq1rk1/pp1nppbp/3p1np1/2p5/3PP3/2PB1N2/PP1N1PPP/R1BQ1RK1 b - -,a7a5 f1e1 c5d4 c3d4 e7e5 d4e5 d7e5 f3e5 d6e5 d2c4
8/8/4b3/2KQ1k2/8/8/8/8 b - -,
8/6pk/3r3p/1P6/1p1b4/5P2/6PP/4R2K b - -,b4b3 g2g3 d6b6 h1g2 b3b2 e1b1 b6b5 g2h3 b5a5 h3g4
2kr4/2p4r/1pn1Rn1p/p1b3p1/P1N5/2P2N2/1P3PPP/R1B2K2 b - -,h7e7 e6e7 c6e7 c1d2 e7f5 a1e1 f6g4 e1e2 d8f8 f1g1
2kr3r/ppp2q2/2n2n1p/2p1p1pb/4P3/2PP1N1P/P1QN1PPB/2KR3R b - -,f6d7 h1e1 f7e7 e1e3 h8f8 c2a4 f8f6 c1c2 d7b8 c2b1
2r2bk1/p4pp1/4r2p/2p1Pq2/2Np1P2/1P3QR1/P4P1P/2R4K b - -,
r3r1k1/ppq1bppp/2p3b1/4N3/PP2p3/1QP1P2P/4BPP1/R1B1R1K1 b - -,c7e5 c1b2 e7d6 g2g3 g6f5 c3c4 e5e6 b3c3 d6f8 h3h4
r4q1r/p1pk2pp/1p1bp3/1N6/4n3/3BQ3/PPP2PPP/2KR3R b - -,e4f6 h1e1 f8f7 e3h3 a8e8 b5d6 c7d6 d3b5 d7c7 b5e8
2r3k1/2p2pp1/7p/2p1B3/2P1P1bP/3P2P1/8/5R1K b - -,g4e2 f1e1 e2d3 e1e3 d3c4 e3c3 c4e2 c3c5 e2f3 h1g1
2r1rbk1/p4pp1/7p/2p1Pq2/2Np1P2/1P3Q2/P4P1P/2R3RK b - -,
8/8/8/4KQ2/2r5/4k3/8/8 b - -,
2k5/1p2K3/pPp5/P1Pp4/3Pp3/4Pp2/8/5N2 b - -,c4c5 e5f6 c5f5 f6f5 e3d3 f5e6 d3c3 e6f6 c3b3 f6g6
2k5/8/K7/P7/8/1R6/8/6b1 b - -,g1f2 b3c3 c8b8 c3f3 f2g1 f3f1 g1e3 f1f8 b8c7 a6b5
1r3q1k/1P4p1/7p/8/4b3/8/1Q3PPP/6RK b - -,b8b7 b2e2 f8b4 h2h3 b7e7 e2g4 b4b2 f2f3 e4d3 g4f4
r4r2/pppqNpkp/3p4/2b1p3/2BnP3/3P1P2/PPPQ1P1P/R4RK1 b - -,d4f3 g1h1 f3d2 f1g1 g7h8 e7f5 d2f3 g1g3 f3d4 f5d4
r2qk2r/pb2bp2/1p1p1np1/4pP2/3pP2p/1P1P4/P1PBB1PP/R2Q1RKN b kq -,h4h3 g2g3 d6d5 f5g6 f7g6 h1f2 d8d6 d2g5 e8a8 e2g4
2rq1rk1/1p1b1ppp/p1nbpn2/3pN3/3P1P2/PP1B1R2/1BPN2PP/R2Q2K1 b - -,h7h5 c2c4 d5c4 b3c4 c6e7 d1e2 e7f5 a1e1 d7c6 f3h3
8/8/P2k4/1Q4p1/3p2Pp/3P1P1P/2K5/8 b - -,h7h5 c2c4 d5c4 b3c4 c6e7 d1e2 e7f5 a1e1 d7c6 f3h3
8/8/8/1R3pkp/5p2/6rP/4K3/5B2 b - -,g5g6 e2f2 g3a3 b5b6 g6g5 b6b8 a3a2 f1e2 a2a3 b8g8
8/6pk/3r3p/1P6/3b2P1/1p3P2/7P/4R2K b - -,d6b6 f3f4 b6b5 e1b1 b3b2 f4f5 b5a5 h1g2 a5a1 b1b2
8/5p2/8/3N2bP/6k1/8/6K1/8 b - -,
4r1k1/5pp1/8/p7/2p2PnP/2NR1P2/P4Q2/6K1 b - -,g4f2 d3d5 f2d3 d5a5 e8e1 g1h2 e1c1 a5a3 d3f4 h2g3
3r2r1/1pk2p2/p2qb2p/2NpR1p1/2PP4/1P3Q1P/1P4P1/5R1K b - -,g5g4 h3g4 c7b8 c5e6 f7e6 c4c5 d6e7 f3g3 b8c8 f1f4
r1b2R2/p3k1nB/2p1p3/1p2q3/4N3/6p1/PP1Q4/2KR4 b - -,e7f8 d2d8 g7e8 d1f1 e5f5 h7f5 g3g2 f5h3 g2f1b h3f1
8/8/1p4k1/2p2p2/p1P2P1K/P7/1P6/8 b - -,g6h7 h4g5 h7g7 g5f5 g7h6 f5e6 h6g6 f4f5 g6g5 f5f6
1k1K4/1p6/pPp5/P1Pp4/3Pp3/4Pp2/8/5N2 b - -,g6h7 h4g5 h7g7 g5f5 g7h6 f5e6 h6g6 f4f5 g6g5 f5f6
5r1k/5qp1/7p/1P6/1p1R4/3Q4/5PPP/4R2K b - -,f7f5 d3f5 f8f5 d4b4 f5f2 b5b6 f2f8 b6b7 f8b8 e1e7
r3r1k1/pp2bppp/2p3b1/4q3/PP2p3/1QP1P2P/1B2BPP1/R3R1K1 b - -,e7d6 g2g3 g6f5 c3c4 e5e6 b3c3 d6f8 h3h4 a8d8 a1d1
2kr4/2p1R3/1pn2n1p/p1b3p1/P1N5/2P2N2/1P3PPP/R1B2K2 b - -,c6e7 c1d2 e7f5 a1e1 f6g4 e1e2 d8f8 f1g1 f5h4 f3h4
2kr1r2/ppp2ppp/2n1P1n1/8/2B4P/4PN2/PP3PP1/1R2K2R b - -,c6a5 h4h5 g6e7 c4e2 f7f6 b2b4 a5c6 b4b5 c6e5 f3e5
r1b1k2r/ppp3pp/2p5/2b1Pp2/3NnB2/2P5/PP3PPP/RN2K2R b KQkq -,g7g5 f4e3 f5f4 b1d2 e4c3 b2c3 f4e3 f2e3 e8h8 h2h4
r1bq1rk1/1p1nppbp/p2p1np1/2p5/P2PP3/2PB1N2/1P1N1PPP/R1BQ1RK1 b - -,b7b6 e4e5 f6e8 e5e6 f7e6 f3g5 e8c7 d2f3 d7f6 a4a5
rnbqk1nr/pp2ppbp/2p3p1/3p4/3PP3/6P1/PPPN1PBP/R1BQK1NR b KQkq -,g7d4 e4d5 c6d5 c2c4 d5c4 g1e2 d4g7 e1h1 g8h6 d2c4
8/8/8/8/p1kp4/8/2K5/8 b - -,d5e4 g1e2 g7d4 d2e4 d4g7 d1d8 e8d8 e2c3 g8f6 e4f6
8/8/8/1R3pkp/5p2/4r2P/5K2/5B2 b - -,e3c3 b5d5 c3g3 d5d8 g3a3 d8h8 a3b3 h8a8 b3b2 f1e2
2rq1rk1/1p3p1p/2n1p1p1/p2pP3/1P3PP1/P1PB3Q/7P/2R2RK1 b - -,b7b5 h3f3 d5d4 c3c4 a5b4 c4b5 c6e7 c1c8 d8c8 a3b4
rnbqkb1r/1ppp2pp/4ppn1/p6Q/2PPPP2/3B4/PP4PP/RNB1K1NR b KQkq -,f8b4 b1c3 e8h8 g1f3 c7c5 d4d5 d7d6 e1h1 b4c3 b2c3
8/6pk/3r3p/1P6/3b2P1/5P2/1p4KP/4R3 b - -,d6b6 e1b1 b6b5 g2g3 b5a5 g3h3 a5a1 b1b2 d4b2 h3g2
2r3k1/2p2pp1/7p/2p1B3/2P1P1bP/3P4/5RP1/7K b - -,
3r1bk1/p4pp1/6rp/2p1Pq2/P4P2/1P1p1QRP/3N1P1K/2R5 b - -,c5c4 c1c4 a7a5 g3g6 f7g6 f3e3 f8b4 e3b6 f5d7 b6e3
6k1/2p2p1p/4b3/8/4P2N/3P4/6PP/7K b - -,c7c5 h1g1 c5c4 d3c4 e6c4 h4f5 c4d3 f5d6 g8g7 g1f2
5q1k/1r4p1/7p/8/4b3/8/4QPPP/6RK b - -,f8b4 h2h3 b7e7 e2g4 b4b2 g4h4 e7e8 h4f4 h8h7 f2f3
8/P3k3/8/1Q4p1/3p2Pp/3P1P1P/2K5/8 b - -,f8b4 h2h3 b7e7 e2g4 b4b2 g4h4 e7e8 h4f4 h8h7 f2f3
rn1qkbnr/pp2ppp1/8/2p1Pb1p/2Pp1P2/3P1N2/PP4PP/RNBQKB1R b KQkq -,e7e6 f1e2 b8c6 b1d2 f8e7 e1h1 g8h6 h2h3 d8c7 a2a3
5rk1/pp1q1pp1/1n2p2p/Q2pP3/3P4/1P3N1P/P4PP1/2R3K1 b - -,f8c8 c1c5 c8c5 d4c5 b6c8 a2a4 b7b6 c5b6 a7b6 a5c3
3Q1bk1/1B3p1p/p3p1p1/1b2q3/8/6PP/2P2P1K/8 b - -,e5c5 d8d2 a6a5 h3h4 a5a4 b7e4 a4a3 c2c3 c5c4 e4b1
8/8/8/8/pk1p4/3K4/8/8 b - -,e5c5 d8d2 a6a5 h3h4 a5a4 b7e4 a4a3 c2c3 c5c4 e4b1
r1bQ1k2/p5nB/2p1p3/1p2q3/4N3/6p1/PP6/2KR4 b - -,g7e8 d1f1 e5f5 h7f5 g3g2 f5h3 g2f1q h3f1 c6c5 e4f6
2kr4/2p1n3/1p3n1p/p1b3p1/P1N5/2P2N2/1P1B1PPP/R4K2 b - -,f6g4 a1e1 e7f5 e1e2 d8f8 f1g1 f5h4 f3h4 f8f2 e2f2
r4rk1/pp1n1pp1/3pb2p/3P4/qP3N2/P2Q2P1/2P2P1P/R3KB1R b KQ -,a8e8 d5e6 d7e5 d3b3 a4b3 c2b3 f7e6 f1e2 g7g5 f4g2
r4rk1/ppp1nppp/2np4/5b2/2BP4/5N2/PPP2PPP/RNR3K1 b - -,f8b8 a2a4 c6b4 b1a3 a7a6 c4f1 h7h6 g2g3 b7b5 a4b5
8/R7/4pkp1/8/8/p3K1P1/5P1P/r7 b - -,
r2nrnk1/5pb1/qp2p1p1/p1ppP1N1/3P1B2/2P1RQ2/PP3PPN/R5K1 b - -,c5d4 c3d4 a6b5 e3b3 b5a4 f4e3 a8c8 h2g4 c8c6 f3h3
8/2B5/1K2k1p1/3p1p2/8/8/8/8 b - -,
5r1k/6p1/7p/1P6/1p1R4/3Q4/5qPP/3R3K b - -,f8g8 d4d8 f2f6 d8g8 h8g8 d3c4 g8h7 c4e4 h7g8 e4b4
rn1qkbnr/pp3pp1/4p3/2p1Pb1p/2Pp1P2/3P1N2/PP1N2PP/R1BQKB1R b KQkq -,g8h6 h2h3 f8e7 g2g3 d8a5 b2b4 c5b4 f3d4 a5b6 d2b3
2r3k1/pp1q1pp1/1n2p2p/Q1RpP3/3P4/1P3N1P/P4PP1/6K1 b - -,c8c5 d4c5 b6c8 a2a4 b7b6 c5b6 a7b6 a5c3 c8e7 f3d4
8/8/8/1R3pkp/5p2/2r4P/5KB1/8 b - -,c3a3 b5b2 a3g3 b2a2 g3c3 g2f1 g5h4 a2a8 h4g5 a8h8
rnbqkb1r/ppp1pp1p/3p1np1/8/2P1P2P/3P4/PP3PP1/RNBQKBNR b KQkq -,c7c5 f1e2 h7h6 b1c3 f8g7 a2a3 b8c6 a1b1 a7a6 g1f3
2rq1rk1/1p3p1p/2n1p1p1/3pP3/1P3PP1/2PB3Q/7P/2R2RK1 b - -,b7b5 h3e3 d5d4 c3d4 c6b4 c1c8 d8c8 d3b5 b4d5 e3d2
3r1bk1/p4pp1/6rp/2p1Pq2/P1Np1P2/1P3QRP/5P1K/2R5 b - -,d8b8 c4a5 g6b6 c1g1 d4d3 f3d3 f5f4 h2g2 c5c4 d3c4
rn1qk2r/p1p2pp1/1p5p/2bBp2b/8/1QNP1P2/PPP4P/R1B1K1NR b KQkq -,
3rQ2k/1q3rp1/3R1b1p/1P3bN1/1p6/8/5PPP/4R2K b - -,c7c6 d5e4 d8h4 e1d1 e8h8 c3e2 g8h8 e4f5 h4f2 e2g3
r1bqr1k1/1p3pbp/2pp1np1/2n5/p1PNP3/P1NBB2P/1PQ2PP1/3RR1K1 b - -,d8a5 f2f4 c8d7 g2g4 e8e7 d4f3 h7h5 g4g5 f6e8 e3c5
7k/1r4p1/7p/8/1q2b3/7P/4QPP1/6RK b - -,b7e7 e2g4 b4b2 g4h4 e7e8 f2f3 e4d3 h4f4 e8e2 g1d1
8/6pk/7p/1r6/3b1PP1/8/1p4KP/1R6 b - -,b5a5 g2f3 a5a1 b1b2 d4b2 f3e4 a1a3 e4d5 a3h3 d5e6
r1bQnk2/p6B/2p1p3/1p2q3/4N3/6p1/PP6/2K2R2 b - -,e5f5 h7f5 g3g2 f5h3 g2f1n h3f1 c6c5 e4f6 c8b7 f6h7
r1b1nr2/p5kR/2p1pq2/1p6/8/2N3p1/PPBQ4/2KR4 b - -,g7g8 d1h1 f8f7 h7h6 f6e5 h6h5 f7d7 h5e5 d7d2 e5g5
2r3k1/2p3p1/5p1p/2p5/2P1P1bP/3P2B1/5RP1/7K b - -,
2rr2k1/1p3p2/pQ1p4/8/P1P1p3/1NP1Rb1p/1NB2q1P/2KR4 b - -,d8e8 d1d2 f2g1 b2d1 g1g5 b6d4 e8e5 c1b2 b7b5 c4b5
8/8/8/8/p2p4/1k6/8/2K5 b - -,d8e8 d1d2 f2g1 b2d1 g1g5 b6d4 e8e5 c1b2 b7b5 c4b5
4r1k1/5pp1/8/p7/2pR1P1P/2N2P2/P4n2/6K1 b - -,f2d3 g1g2 e8c8 f4f5 f7f6 g2g3 d3b4 a2a3 b4d3 a3a4
rnbq1rk1/pp2bppp/3p4/1N1Pp3/P7/3BB3/1PP2PPP/R2QK2R b KQ -,c8d7 e1h1 d7b5 a4b5 g7g6 b2b4 e7g5 d1d2 g5e3 d2e3
2r4r/bp1k1pp1/p2Pp3/P3Pn1p/2qN1Q1P/2B5/1P3PP1/3R1RK1 b - -,b7b5 a5b6 a7b6 f4f3 c8c6 d4f5 e6f5 f3f5 c4e6 f5f3
r3r1k1/pp3ppp/2pb2b1/4q3/PP2p3/1QP1P1PP/1B2BP2/R3R1K1 b - -,g6f5 c3c4 e5e6 b3c3 d6f8 h3h4 f5g4 a1d1 a8d8 d1d4
6k1/5p1p/4b3/8/2P1P2N/8/6PP/6K1 b - -,e6c4 g1f2 g8g7 f2e3 f7f6 e3d4 c4b3 h4f3 g7g6 d4e3
8/6pk/7p/2r2P2/3b2P1/8/1p4KP/1R6 b - -,c5a5 h2h4 h6h5 g2g3 a5a1 b1b2 d4b2 g4g5 a1f1 f5f6
8/8/8/8/p7/1k1p4/3K4/8 b - -,c5a5 h2h4 h6h5 g2g3 a5a1 b1b2 d4b2 g4g5 a1f1 f5f6
r3kb1r/pppn2p1/2nqp1p1/3p2P1/4P3/1N1P3B/PPPB1P2/R2QK2R b KQkq -,d7c5 d1g4 e8a8 e4d5 d6d5 e1a1 c5b3 a2b3 c6d4 d2e3
3q1rk1/p2bppb1/3p2p1/2r3Bp/2pNP2P/2P2P2/PP1Q2P1/1K1R3R b - -,d8b6 g5e7 f8b8 d2c1 c5a5 b1a1 g7e5 e7g5 b6a6 a2a3
r1bq1rk1/pp3ppp/5n2/2bp4/1n6/2N1PN2/PP2BPPP/R1BQ1RK1 b - -,b4c6 a2a3 a7a5 d1b3 d8d6 f1d1 c8e6 b3a4 c6e5 c1d2
8/8/8/1R3pkp/5p2/5K1P/2r3B1/8 b - -,c2c1 b5b3 c1a1 b3b2 g5h4 b2d2 a1a3 f3f2 a3a1 d2c2
6k1/1p2p2p/1q2p3/p2rRrp1/P2p1BQ1/2P3P1/1P3P1P/3R2K1 b - -,g8f7 e5d5 f5d5 f4g5 d4d3 g4h5 f7g7 g5e3 b6b3 h5h6
rn3rk1/ppp4p/3p2p1/3q4/8/1PQB1RPb/PBPP3P/RN4K1 b - -,d5e5 d3c4 g8g7 c3e5 d6e5 b2e5 f8f6 e5f6 g7h6 b1a3
7k/4r1p1/7p/8/1q2b1Q1/7P/5PP1/6RK b - -,b4b2 g4f4 h8h7 h1h2 e4c2 g1c1 e7e2 h2g1 b2b3 g1h1
8/6k1/6p1/p7/4K1P1/7P/5P2/8 b - -,
r4q1r/p1pk2pp/1p2p3/1N6/4Bb2/4Q3/PPP2PPP/2KR3R b - -,d7e8 e4c6 e8f7 e3f4 f7g8 f4e5 f8f6 e5f6 g7f6 c6a8
2k5/8/KR6/P7/8/8/8/6b1 b - -,g1d4 b6e6 d4f2 e6e8 c8c7 a6b5 c7b7 a5a6 b7a7 b5c6
5r1k/1q3rp1/2R4p/1P3bN1/1p1bQ3/8/5PPP/4R2K b - -,f5e4 g5e4 b7b5 e1c1 b4b3 h2h3 b3b2 e4d6 b2c1q c6c1
r3r2k/pp1n1p2/3p3P/q1pP2Bp/2P5/1PbB1P1N/P4K2/R2Q4 b - -,f7f6 g5f4 e8e1 d1e1 c3e1 a1e1 a5a2 d3e2 a2b3 f4d6
4b1k1/p1p2pp1/7p/2P5/1P2N3/P1r2P2/6PP/R6K b - -,c3c2 h2h4 g8f8 a1d1 f8e7 d1d3 e8b5 d3e3 e7d7 e4g3
2r4k/1P3qp1/4b2p/8/3R4/1p6/4QPPP/4R2K b - -,f7b7 e2e6 c8a8 d4d1 b7b4 d1b1 a8b8 e6e2 b4b6 h1g1
rn2k2r/p1p2pp1/1p5p/2bBp2b/7q/1QNP1P2/PPP4P/R1BK2NR b kq -,c7c6 d5e4 e8h8 c3e2 g8h8 e4f5 b8a6 e2g3 c5f2 g3h5
r1bQnk2/p7/2p1p3/1p3B2/4N3/6p1/PP6/2K2R2 b - -,g3g2 f5h3 g2f1q h3f1 c6c5 e4f6 c8b7 f6h7 f8g8 d8e7
8/6pk/7p/5P2/3b2P1/6K1/1pr4P/1R6 b - -,g3g2 f5h3 g2f1q h3f1 c6c5 e4f6 c8b7 f6h7 f8g8 d8e7
8/8/8/8/p7/2kp4/8/3K4 b - -,g3g2 f5h3 g2f1q h3f1 c6c5 e4f6 c8b7 f6h7 f8g8 d8e7
r1bR1k2/p4q2/2p1pNQ1/1p3n2/8/6p1/PPB5/2K5 b - -,f8e7 d8e8 f7e8 f6e8 c8d7 c2f5 e6f5 e8c7 a8f8 g6g3
8/8/8/1R3pkp/5p2/2r4P/4K1B1/8 b - -,c3c4 g2f1 c4c2 e2f3 c2a2 b5d5 a2a3 f3f2 a3e3 d5a5
r4rk1/p2q1p2/1p3p1B/2p2R2/3pP3/P1P4P/4Q1P1/6K1 b - -,c3c4 g2f1 c4c2 e2f3 c2a2 b5d5 a2a3 f3f2 a3e3 d5a5
4r1k1/5pp1/1p2r2p/pB6/8/2B2P2/PP3K1P/4R3 b - -,e6e1 c3e1 e8d8 a2a4 g7g5 f2e2 h6h5 e1c3 f7f5 b5d3
3Rn1kr/p4p2/4pQp1/7p/q1P5/6P1/P3PP1P/6K1 b - -,g8h7 f6f7 e8g7 d8d7 h8g8 f7e6 a4a2 e6e4 a2a4 e4d4
3r2k1/2p3p1/5p1p/2p5/2P1P1bP/3P2B1/3R2P1/7K b - -,
4r1k1/5pp1/8/p7/2pR1P1P/2Nn1P2/P5K1/8 b - -,e8e1 f4f5 e1c1 d4d8 g8h7 c3e4 f7f6 d8d7 d3f4 g2f2
rnbq1rk1/pp2b1pp/3p4/1N1Ppp2/P7/3BBP2/1PP3PP/R2QK2R b KQ -,g8h8 e1h1 a7a6 b5a3 b8d7 a3c4 a6a5 f3f4 e5e4 d3e2
r6k/p2b3q/1p6/1P1Pp3/4PR1N/2Q5/P3Br2/2R4K b - -,a8e8 f4f2 h7e4 c3f3 e4f3 h4f3 e8e7 f2h2 h8g7 c1g1
r1b1k2r/1pppnppp/1p6/4P3/1bB5/2N5/PPPB1PPP/R3K2R b KQkq -,d7d5 e5d6 b4d6 c3b5 d6e5 e1a1 c8e6 c4e6 f7e6 d2c3
r1bq1rk1/p3bpp1/2pp1p1p/8/2B1P3/2N2Q2/PPP2PPP/R3K2R b KQ -,f6f5 e4f5 d6d5 e1a1 e7f6 c4b3 a7a5 h1e1 d8c7 c3a4
1k1r2r1/1p3p2/p2qb2p/2NpR1p1/2PP2P1/1P3Q1P/1P6/5R1K b - -,g8e8 c5e6 f7e6 c4c5 d6d7 h1g2 e8f8 f3f8 d8f8 f1f8
5r1k/p5Bp/1p1Q4/2p5/2P5/1P2R2P/q5PK/8 b - -,g8e8 c5e6 f7e6 c4c5 d6d7 h1g2 e8f8 f3f8 d8f8 f1f8
8/7p/2bB1Qp1/1p6/1p4P1/1q1P1Pk1/8/6K1 b - -,
r3k2r/pb3p2/1p2qb2/3ppR2/P2pP3/1P1P2Pp/2P1BN1P/R2Q2K1 b kq -,e8a8 e2g4 c8b8 d1f3 f6e7 f5f7 e6d6 e4d5 b7d5 f2e4
8/8/8/8/8/p1k5/3pK3/8 b - -,e8a8 e2g4 c8b8 d1f3 f6e7 f5f7 e6d6 e4d5 b7d5 f2e4
8/8/8/1R3pkp/8/2r2B1P/4K3/8 b - -,c3c2 e2f1 g5h4 b5b3 c2c1 f1g2 c1c2 g2g1 c2c1 g1h2
r1bR2N1/p3kq2/2p1p1Q1/1p3n2/8/6p1/PPB5/2K5 b - -,e7d8 g6f7 g3g2 f7g6 f5e3 c2e4 d8c7 e4g2 e3g2 g6g2
8/5p2/8/6bk/8/2N5/6K1/8 b - -,
r1rq2k1/pp1bnppp/4pn2/1P1p4/3P1P2/P1NB1NP1/3Q1P1P/R1R3K1 b - -,f6e8 a3a4 a7a6 b5a6 b7a6 c3e2 e8d6 c1c8 e7c8 d2c2
2rr1k2/1p3p1p/p1b1pp2/8/1P6/PB2PP2/6PP/2RR2K1 b - -,c6e8 c1c8 d8c8 g1f2 c8c3 d1b1 e8b5 a3a4 b5d3 b1b2
2r1r1k1/pb1n1pp1/1p2pn1p/7q/2PP4/3BQNBP/P4PP1/2R1R1K1 b - -,b7a8 d3e2 h5f5 g3d6 f5a5 e2f1 e8d8 f3d2 a5g5 d6f4
B4q1r/p1p1k1pp/1p2p3/1N6/5b2/4Q3/PPP2PPP/2KR3R b - -,a7a6 a8c6 f8f5 d1d7 e7f6 b5c3 b6b5 c6f3 f4e3 f2e3
8/6pk/7p/4bP2/6P1/5K2/1pr4P/1R6 b - -,a7a6 a8c6 f8f5 d1d7 e7f6 b5c3 b6b5 c6f3 f4e3 f2e3
r1bqk2r/ppp1ppbp/2np1np1/8/2P5/P1NP2P1/1P2PPBP/R1BQK1NR b KQkq -,e8h8 a1b1 a7a5 g1f3 d6d5 c4d5 f6d5 d1c2 c8g4 c3d5
3r1bk1/5pp1/6Rp/p3Pq2/P1R2P2/1P1p1Q1P/3N1P1K/8 b - -,f7g6 f3c6 f8b4 c6b6 f5d7 b6e3 d7d5 c4c1 g6g5 c1d1
5RQ1/p2kr2p/2qn2p1/4p3/2N1P3/2P4P/P5P1/7K b - -,d7c7 f8a8 c6c4 a8a7 c7c6 g8c4 d6c4 a7e7 g6g5 h1g1
8/8/3K4/6Q1/2r5/4k3/8/8 b - -,
r3r1k1/pp3pp1/2pb2b1/4q2p/PPP1p3/1Q2P1PP/1B2BP2/R3R1K1 b - -,e5f5 g1g2 f5e6 b3c3 d6f8 e1h1 a8d8 a1d1 d8d1 e2d1
7r/p2R1Qnk/4p1p1/7p/q1P5/6P1/P3PP1P/6K1 b - -,a4d7 f7d7 h7h6 c4c5 g7f5 c5c6 h8h7 d7d8 f5e7 c6c7
rn1r2k1/pp5p/1q2p1p1/2bpP3/2p2P1P/2P2BP1/P1P1Q3/R1B1K2R b KQ -,b8c6 e1f1 d8d7 h4h5 d7g7 a2a4 c6e7 a4a5 b6c6 f1g2
8/8/8/1R1B1p1p/5k2/2r4P/4K3/8 b - -,c3h3 b5b4 f4e5 d5f3 h3h2 e2f1 h5h4 f3g2 h4h3 b4b5
2r4r/bp1k1p2/p2Pp1p1/P3Pn1p/2qN3P/2B2Q2/1P3PP1/3R1RK1 b - -,c8b8 d4f5 g6f5 c3d2 c4d5 d1c1 d5d2 c1c7 d7e8 c7b7
3r2k1/2B3p1/7p/2p2p2/2P1P1bP/3P4/3R2P1/7K b - -,
1q5r/2k5/8/8/8/8/RR6/6K1 b - -,
r1bk2N1/p4Q2/2p1p3/1p3n2/8/6p1/PPB5/2K5 b - -,e6e5 c2e4 c8d7 g8f6 f5e7 f7f8 d8c7 f8e7 a8d8 e7g7
r5k1/pp3p2/5p1p/n3p3/2b5/P1P3P1/3NPPBP/R4K2 b - -,c4e6 d2e4 a8d8 f1e1 g8g7 e4c5 e6c8 c5d3 b7b6 f2f4
r1bq1rk1/pp1nb1pp/3p4/1N1Ppp2/P7/3BBP2/1PP3PP/R2Q1RK1 b - -,d7f6 b5a7 c8d7 a4a5 d8e8 d1d2 e5e4 f3e4 f6g4 e3b6
8/8/8/8/4K3/2k5/3p4/q7 b - -,d7f6 b5a7 c8d7 a4a5 d8e8 d1d2 e5e4 f3e4 f6g4 e3b6
4r2k/1R2PBp1/p7/r2p2p1/4b3/2P5/1P5P/4R1K1 b - -,d5d4 e1e4 d4c3 b2c3 a5a1 g1f2 a1a2 f7a2 g5g4 a2f7
5r1k/5qp1/7p/1P3b2/1R6/1p6/4QPPP/4R2K b - -,f5h7 h2h3 h7g8 b5b6 f8b8 e2e5 b8b7 e5d4 f7f8 e1d1
r3r2k/pp1n4/3p1p1P/q1pP3p/2P2B2/1PbB1P1N/P4K2/R2Q4 b - -,e8e1 d1e1 c3e1 a1e1 a5a2 d3e2 a2b3 f4d6 a8e8 d6f4
rnbqkbnr/1p3ppp/p2pp3/8/P1B1PP2/2N5/1P4PP/R1BQK1NR b KQkq -,f8e7 g1f3 g8f6 e1h1 e8h8 c4b3 b8c6 g1h1 f6d7 c1e3
8/6pk/7p/4bP2/4K1P1/8/1p5r/1R6 b - -,e5f6 e4d3 h2g2 g4g5 g2g5 d3e4 g5g3 e4d5 g3g2 d5c4
r3rbk1/1bp2ppp/p4n2/np1qp3/1P6/2PP1N2/P1B2PPP/R1BQRNK1 b - -,a8d8 b4a5 d5c6 c1d2 e5e4 d3e4 f6e4 c2e4 e8e4 e1e4
6r1/p2R2nk/4Q1p1/7p/q1P5/6P1/P3PP1P/6K1 b - -,a4a2 e6e4 a2a4 e4d4 a7a5 e2e3 a4a2 h2h4 a5a4 d7a7
r1bQnk2/p7/2p1p3/1p6/4N3/7B/PP4p1/2K2R2 b - -,g2f1b h3f1 c6c5 e4f6 c8b7 f6h7 f8g8 d8e7 b7e4 e7e6
1R6/8/8/3B1p1p/5k2/7r/4K3/8 b - -,
8/8/8/5K2/8/2k5/8/q2q4 b - -,f4e5 d5g2 h3h4 e2f2 h4f4 g2f3 e5f6 b8h8 h5h4 h8h5
r6k/pp2R1pp/6b1/1Q6/8/5pP1/PP3P1P/3q1BK1 b - -,h7h6 e7d7 d1b1 b5b7 g6e4 b7b3 a8c8 d7d1 b1c2 b3e6
7r/1pp5/3p1k2/1p2p1R1/1P1PP2P/n1PK1N2/8/8 b - -,f6e7 d4e5 a3c4 h4h5 d6e5 f3e5 h8d8 d3e2 c4d6 e5d3
r1bqk2r/ppp2pbp/2np1np1/4p3/2P1P3/P1NP2P1/1P3PBP/R1BQK1NR b KQkq -,a7a5 g1e2 f6d7 a1b1 d7c5 b2b4 a5b4 a3b4 c5e6 e1h1
2r3k1/2pn1pp1/4b2p/2p5/2P1PB2/3P3P/3N2P1/5R1K b - -,g7g5 f4h2 g5g4 h3g4 e6g4 d2f3 f7f5 e4f5 g4f5 f3e1
r1bk2N1/p7/2p1p1Q1/1p3n2/8/8/PPB3p1/2K5 b - -,d8c7 g6g2 c8b7 c2f5 e6f5 g2g7 c7b6 g8f6 a8d8 f6d7
8/6pk/5b1p/5P2/6P1/3K4/1p5r/1R6 b - -,h2g2 d3c4 g2g4 c4b3 g4g2 b1h1 g2h2 h1g1 h6h5 b3a3
r3r1k1/pp3ppp/2pb4/4qb2/PP2p3/1QP1P1PP/1B2BPK1/R3R3 b - -,e5f6 e1h1 a8d8 c3c4 f6g6 a1d1 h7h5 d1d4 f5e6 h1d1
rnbqk2r/1ppp2pp/4ppn1/p6Q/1bPPPP2/2NB4/PP4PP/R1B1K1NR b KQkq -,e8h8 g1e2 f6f5 e4f5 e6f5 d3f5 b4c3 e2c3 f8e8 e1f2
6k1/5pp1/8/p4P2/2pR3P/2Nn1P2/P5K1/4r3 b - -,e1c1 d4d8 g8h7 c3e4 f7f6 d8d7 h7h6 d7d8 d3f4 g2f2
r1bqk2r/pp2bp2/1np4p/3p2p1/P2P4/1QNBP1P1/1P1N1PP1/R3K2R b KQkq -,a7a5 b3c2 e7b4 e1h1 c8e6 f2f4 g5f4 g3f4 e6g4 d2f3
3R2Q1/p2kr2p/3n2p1/4p3/2q1P3/2P4P/P5P1/7K b - -,d7c6 d8d6 c6d6 g8c4 h7h5 h1h2 g6g5 c4d5 d6c7 c3c4
3r1rk1/p1p2pp1/2b4p/Bp1n4/2p5/P4qP1/P4PBP/R1Q2RK1 b - -,d7c6 d8d6 c6d6 g8c4 h7h5 h1h2 g6g5 c4d5 d6c7 c3c4
6k1/3r2p1/7p/2p2p2/2P1PBbP/3P4/3R2P1/7K b - -,
6k1/5p1p/8/8/4P3/3b2N1/6PP/6K1 b - -,g8g7 g1f2 g7g6 f2e3 d3b5 g3f5 f7f6 f5d4 b5d7 d4f3
6r1/p2R2nk/6p1/4Q2p/2P5/6P1/q3PP1P/6K1 b - -,a2b1 g1g2 b1b6 f2f3 a7a5 c4c5 b6b5 d7a7 a5a4 h2h3
5rk1/p2bBpb1/1q1p2p1/2r4p/2pNP2P/2P2P2/PP1Q2P1/1K1R3R b - -,f8a8 d4c2 c5c7 d2d6 b6b7 d6b4 a7a5 b4a3 d7h3 h1h3
2r3k1/5ppp/3Bbn2/8/2P1P2N/8/2P3PP/5R1K b - -,c8c4 c2c3 f6e4 d6b4 e4c3 b4c3 c4c3 h4f3 h7h5 h1g1
r3kn1r/ppb1Bpp1/2p4p/3qPp1Q/1P1P4/P7/3N1PPP/R3KB1R b KQkq -,d5d4 a1d1 d4e5 f1e2 g7g6 h5h3 e5e7 e1h1 e8a8 e2c4
6k1/pp1q1pp1/1n2p2p/Q1PpP3/8/1P3N1P/P4PP1/6K1 b - -,b6c8 a2a4 b7b6 c5b6 a7b6 a5c3 c8e7 f3d4 d7a7 g1f1
2r4r/1Q1k1p2/p2Pp1p1/P3Pn1p/2qb3P/2B5/1P3PP1/3R1RK1 b - -,d7e8 d6d7 e8f8 d7c8r c4c8 b7c8 f8g7 c8a6 d4c3 b2c3
2r1r1k1/p2n1pp1/1p2pn1p/7q/2PP4/3B1QBP/P4PP1/2R1R1K1 b - -,h5g5 c1d1 g5a5 f3e3 a5a4 d1c1 e8d8 g3d6 a4c6 c4c5
8/2B5/4k1p1/2K2p2/3p4/8/8/8 b - -,
r2q1rk1/pb1n1ppp/3b1n2/2P5/3p4/P1NBPN2/2Q2PPP/R1B2RK1 b - -,d7c5 e3d4 c5d3 c2d3 h7h6 f1d1 a8c8 a1b1 d8e7 c1d2
r1bQnk2/p7/2p1p3/1p6/4N3/8/PP6/2K2B2 b - -,c6c5 e4f6 c8b7 f6h7 f8g8 d8e7 b7e4 e7e6 g8h7 e6e4
rnb1k2r/pppp1ppp/5q1n/2b1p3/2P1N3/4PPP1/PP1P2BP/R1BQK1NR b KQkq -,f6e7 e4c5 e7c5 b2b3 d7d5 d2d4 e5d4 e3d4 c5b4 c1d2
2R3Q1/p1k1r2p/3n2p1/4p3/2q1P3/2P4P/P5P1/7K b - -,c7d7 c8c4 d6c4 g8c4 e7e6 c4d5 e6d6 d5e5 g6g5 h1h2
2r1r1k1/1p2ppbp/pq3np1/3pBb2/P2P4/1QP4P/1P1N1PP1/R3RBK1 b - -,c8c6 a1a3 g7h6 a4a5 b6b3 d2b3 f6e4 g2g4 f5d7 f2f3
1r5k/5qp1/1P5p/8/1R6/1p5P/2b1QPP1/4R2K b - -,h8h7 e2e7 c2g6 b6b7 f7f2 b4b3 h6h5 e7e5 b8e8 b7b8q
1k1q3r/ppp5/8/5p2/Q4P2/2P3p1/PP4P1/R3R1K1 b - -,d8g8 e1e3 b7b6 a4d7 b8b7 d7f5 g8d8 e3g3 h8e8 f5d3
6k1/3r2p1/7p/2p5/2P1PBbP/8/3R2P1/7K b - -,
6r1/p2R2nk/6p1/4Q2p/2P5/6P1/4PPKP/1q6 b - -,a7a5 c4c5 a5a4 h2h3 b1b5 d7a7 b5c4 h3h4 a4a3 g2g1
8/1bR2k2/p3pP1p/1p6/nP1B4/P7/5PPP/6K1 b - -,b1b3 d7a7 b3c4 a7c7 c4a4 h2h3 h7h8 c7e7 a4a8 e2e4
r1bk1b1r/pp3ppp/2np4/1N2q3/4n3/8/PPPPQPPP/RNB1KB1R b KQ -,c8d7 b1c3 e4f6 c3d1 a7a6 e2e5 d6e5 b5c3 c6d4 d1e3
8/6pk/5b1p/5P2/4K1P1/7r/1p6/1R6 b - -,h3a3 e4f4 a3c3 b1b2 c3c4 f4f3 f6b2 f5f6 b2f6 f3g3
1R6/8/8/3B1p2/5k1p/7r/8/5K2 b - -,
r3r1k1/pp3ppp/2pb1q2/5b2/PPP1p3/1Q2P1PP/1B2BPK1/R3R3 b - -,f5h3 g2g1 f6g5 b3c3 d6e5 c3e5 e8e5 b2e5 g5e5 a4a5
r5k1/pp3p2/4bp1p/n3p3/8/P1P3P1/3NPPBP/1R3K2 b - -,a8c8 g2b7 a5b7 b1b7 c8c3 d2e4 c3c1 f1g2 e6d5 b7b8
r2qrnk1/1p2bppp/1np1b3/p2p4/3P1B2/P1NBPN1P/1PQ2PP1/1R2R1K1 b - -,b6c8 b2b4 a5b4 a3b4 c8b6 f4g3 e7d6 c3e2 b6c4 d3c4
8/8/5R2/4Pp2/7k/4r3/7K/8 b - -,
6R1/3k2p1/6p1/p3P2p/Pb3P2/4NK2/3p1P2/6r1 b - -,g1e1 e5e6 d7e6 g8d8 b4d6 d8d6 e6d6 e3c4 d6c5 c4d2
6k1/5ppp/3Bbn2/4P3/2r4N/8/2P3PP/5R1K b - -,f6d5 h4f5 c4c2 h2h3 h7h6 f5d4 c2a2 f1f3 g8h7 d6c5
1R6/8/8/3B1p2/5k1p/2r5/4K3/8 b - -,
8/6pk/5b1p/5P2/4K1P1/2r5/1R6/8 b - -,c3c4 e4d5 f6b2 d5c4 h6h5 g4g5 h5h4 c4b4 h4h3 b4b3
5K2/4B3/8/1k6/3Q4/8/8/8 b - -,c3c4 e4d5 f6b2 d5c4 h6h5 g4g5 h5h4 c4b4 h4h3 b4b3
2rr4/1p2kp1p/p1b1pp2/8/1P6/PB2PP2/5KPP/2RR4 b - -,c6e8 c1c8 d8c8 a3a4 b7b6 f2e2 a6a5 d1d4 e6e5 d4h4
4R3/8/8/3B1p2/5k2/2r4p/4K3/8 b - -,
q6r/p1N1k1pp/1p2p3/8/8/4P3/PPP3PP/2KR3R b - -,a8c6 h1f1 c6c7 d1d2 h8f8 f1d1 f8c8 h2h4 c7c5 e3e4
2k5/1R6/8/PK6/8/8/8/6b1 b - -,c8b7 a5a6 b7a7 b5c4 g1h2 c4b3 a7a6 b3b2 a6b5 b2c2
r1b1n1k1/p2r2PR/2p1pq2/1p6/8/2N3p1/PPBQ4/2K4R b - -,d7d2 h7h8 g8f7 g7g8q f7e7 h1h7 e7d6 c3e4 d6d5 e4f6
2r1r1k1/p2n1pp1/1p2pn1p/8/2PP4/3B1PBP/P4P2/2R1R1K1 b - -,c8c6 a2a4 e8c8 c1b1 c6c4 d3c4 c8c4 a4a5 f6d5 e1c1
r2qrnk1/pp2bppp/1np1b3/3p4/3P1B2/2NBPN1P/PPQ2PP1/1R2R1K1 b - -,a8c8 f4g3 a7a6 b1d1 e7d6 g3d6 d8d6 f3d2 c8d8 d2b3
r4rk1/pp2qppp/2n1bn2/2bp4/8/1PN1PN2/P1Q1BPPP/R1BR2K1 b - -,f8d8 h2h3 a8c8 c1b2 d5d4 e3d4 c6d4 f3d4 c5d4 a1c1
6r1/4R1nk/q2Q2p1/p1P4p/8/6P1/4PPKP/8 b - -,a6d6 c5d6 g8d8 e7a7 d8d6 a7a5 d6d2 a5e5 g7f5 h2h4
4R3/8/8/3B1p2/5k2/7p/2r5/3K4 b - -,
r2r2k1/pp5p/1qn1p1p1/2bpP3/2p2P1P/2P2BP1/P1P1Q3/R1B2K1R b - -,d8d7 h4h5 d7g7 f1g2 c6e7 a2a4 g6h5 h1h5 g8h8 a4a5
2Q2Rnk/7p/8/p2p4/3r1P1K/P5p1/1P6/3q4 b - -,d1h1 h4g4 h1d1 g4h4 d4f4 f8f4 g3g2 c8c3 d5d4 f4d4
6k1/1p2p2p/1q2p3/p3Brp1/P2p2Q1/2P3P1/1P3P1P/3R2K1 b - -,h7h5 e5d4 h5g4 d4b6 f5d5 d1d5 e6d5 g1f1 g8f7 f1e1
6rk/4R1p1/2q2p1p/Q7/p6P/6P1/5P1K/8 b - -,g8a8 e7a7 a8a7 a5a7 f6f5 a7a5 c6c2 h2g2 c2e4 g2h2
8/6pk/5b1p/5P2/2r3P1/3K4/1R6/8 b - -,g8e8 e7e8 c6e8 h2g1 e8c6 g1h2 h8h7 h4h5 c6e4 h2g1
2k5/1R6/2K5/P7/8/8/5b2/8 b - -,g8e8 e7e8 c6e8 h2g1 e8c6 g1h2 h8h7 h4h5 c6e4 h2g1
8/8/8/3K2Q1/2r5/5k2/8/8 b - -,
r1b1n1k1/p5q1/2p1p3/1p6/4N3/6p1/PPBQ4/2K3R1 b - -,b5b4 g1g3 g7g3 e4g3 b4b3 d2g5 g8f8 c2b3 c8d7 g3e4
8/R7/4p1p1/6k1/8/p4KP1/5P1P/r7 b - -,g5h6 a7a5 h6g7 h2h4 a1a2 a5a7 g7f6 a7a6 f6e7 f3e3
B3R3/8/8/2r2p2/5k2/7p/8/3K4 b - -,
6k1/4Nppp/3Bb3/3nP3/8/8/2r3PP/5R1K b - -,g8f8 e7d5 f8g8 d5e7 g8h8 h2h3 e6c4 f1d1 c4e6 h1g1
8/8/8/8/p1k5/3p4/8/2K5 b - -,g8f8 e7d5 f8g8 d5e7 g8h8 h2h3 e6c4 f1d1 c4e6 h1g1
1r6/1P2Q1pk/7p/3q4/1R6/1p5P/2b2PP1/4R2K b - -,b3b2 b4b2 c2b3 e1b1 b8b7 e7e3 d5f5 e3f3 b7b5 f3f5
5rk1/pp4pp/3p1r2/2p1p3/2PnR1q1/3P2N1/PP1Q1PPP/R6K b - -,g4d7 f2f3 d7f7 b2b3 a7a6 a1f1 b7b5 g3e2 d4e6 b3b4
1r1q2k1/1p3pp1/p1p4p/P2n3P/2B3R1/1Q6/1P3PP1/6K1 b - -,d8c7 c4d5 c6d5 b3e3 g8h8 e3f4 b8c8 f4c7 c8c7 g4b4
3r3k/pQ2R1pp/6b1/8/8/5pP1/PP3P1P/3q1BK1 b - -,d8f8 c4d5 c6d5 b3d5 b8d8 d5e5 d8d1 g1h2 f8d6 g4g7
6k1/6p1/7p/2p5/2P1P1bP/8/3B2P1/7K b - -,
8/6pk/7p/5P2/2K3P1/8/1b6/8 b - -,g4e2 h1g1 e2d3 d2e3 d3e4 g1f2 e4d3 h4h5 d3c4 e3c5
r1bk1b1r/1p3ppp/p1np4/1N2q3/3Pn3/8/PPP1QPPP/RNB1KB1R b KQ -,c6d4 b5d4 e5d4 f2f3 e4f6 b1c3 d4b6 e2e3 b6e3 c1e3
6r1/4R1nk/3P2p1/p6p/8/6P1/4PPKP/8 b - -,g8d8 e7a7 d8d6 a7a5 d6d2 g2f3 d2c2 h2h4 h7h6 a5a7
4R3/1B6/8/2r2p2/5k2/8/7p/3K4 b - -,
6k1/4Bppp/4b3/4P3/8/8/2r3PP/5R1K b - -,e6d5 f1g1 h7h6 h2h4 c2e2 e7c5 g8h7 h1h2 h7g6 h2g3
2r1r1k1/p4ppp/1p6/1P6/P1BR4/4P2P/5PP1/R5K1 b - -,g7g6 a1d1 g8g7 g2g4 e8e5 c4f1 e5g5 d4c4 c8c4 f1c4
r4rk1/pp2ppbp/2npb1p1/2nN2N1/2P1P3/4B2P/PP2BPP1/R2R2K1 b - -,a8b8 a1b1 h7h6 g5e6 f7e6 d5c7 f8c8 e3c5 d6c5 c7e6
2kr3r/p1p1qp2/2Q1p3/7p/3P3p/2P3P1/PP3P2/R4RK1 b - -,e7g5 c6a8 c8d7 a8f3 f7f5 a1e1 h4g3 f2g3 d8g8 d4d5
2k5/8/1RK5/P7/8/8/8/6b1 b - -,e7g5 c6a8 c8d7 a8f3 f7f5 a1e1 h4g3 f2g3 d8g8 d4d5
r7/3PR1nk/6p1/p6p/8/6P1/4PPKP/8 b - -,a5a4 e7e5 a8d8 e5a5 d8d7 a5a4 d7d2 g2f1 g7f5 h2h4
rn1qkb1r/1pp2pp1/p2p1n1p/4p3/2B1P3/2NP1Q2/PPPB1PPP/R4RK1 b kq -,c7c6 a2a4 b8d7 f3h3 f8e7 a4a5 e8h8 c4a2 a8c8 c3e2
1r6/1P2Q1pk/7p/3q4/8/7P/1Rb2PP1/4R2K b - -,c2b3 e1b1 b8b7 e7e3 d5f5 e3f3 f5f3 g2f3 b7b5 b2b3
rn1q1rk1/1b3ppp/p3pn2/1p2b1N1/1P3P2/P1NBP3/1B4PP/R2QK2R b KQ -,e5d6 c3e4 f6e4 d3e4 b7e4 g5e4 d6e7 d1g4 g7g6 a1d1
r2qr1k1/1pp2pp1/p3Pn1p/4n3/1bB5/2N1B2P/PP2QPP1/R2R2K1 b - -,f7e6 d1d8 a8d8 c4b3 c7c5 e3h6 c5c4 b3c2 e5d3 h6g5
1rbk4/p4Q2/2p1pN2/1p3n2/8/6p1/PPB5/2K5 b - -,a7a6 f7g8 d8e7 f6e4 b5b4 c2d3 e7d7 e4g3 f5g3 g8g3
8/6pk/8/5PPp/2K5/8/1b6/8 b - -,b5b4 c2f5 e6f5 f7e8 d8c7 e8e7 c7b6 e7b4 b6c7 b4e7
4r1k1/5pp1/1p5p/pB6/8/5P2/PP3K1P/4B3 b - -,e8d8 a2a4 g7g5 f2e2 f7f5 h2h4 d8c8 b5d3 g5h4 e1h4
rnkbrnbq/pppppppp/8/8/8/6P1/PPPPPP1P/RNKBRNBQ b KQkq -,f7f6 f2f4 g7g6 e2e4 e7e5 a2a4 a7a5 f1e3 f8e6 e3d5
rnb1kb1r/pp2pp1p/2pp1np1/q5N1/2BPP3/2N5/PPP2PPP/R1BQK2R b KQkq -,d6d5 e4e5 d5c4 e5f6 b8d7 f6e7 f8e7 d1e2 a5d8 g5f3
r1b3k1/1p4pp/p2p1n1r/3Pp3/P3Np1q/2PB1P1P/1P3RP1/R2Q2K1 b - -,f6h5 c3c4 h5g3 c4c5 d6c5 d5d6 g8h8 d1c2 c5c4 d3c4
2r3k1/2p2pp1/2p1bn1p/8/4PBPN/3P3P/2P5/5R1K b - -,g7g5 f4c1 f6e4 d3e4 g5h4 c1h6 c8a8 h1g2 a8a4 f1e1
r4rk1/pp2ppbp/2np2p1/2nP2N1/4P3/4B2P/PP2BPP1/R2R2K1 b - -,c6a5 b2b4 g7a1 d1a1 h7h6 b4c5 h6g5 e3d2 a8c8 d2a5
r6k/pp1n4/3p1p1P/q1pP3p/2P2B2/1P1B1P1N/P4K2/4R3 b - -,a5a2 d3e2 a8e8 f4d6 a2b3 d6g3 b3e3 f2f1 e3h6 g3h2
6k1/1R6/6p1/3K3p/7P/2b3P1/8/8 b - -,c3g7 d5e4 g7f6 e4f4 g8f8 b7d7 f8g8 d7d6 g8f7 d6a6
r1b3kR/p2r2n1/2p1pq2/1p6/8/2N3p1/PPBQ4/2K4R b - -,g8f7 d2e2 c8b7 h8h7 f6g5 c1b1 g3g2 h1g1 c6c5 c3e4
8/1B6/8/1r3p2/5k2/8/4R2p/3K4 b - -,b5b7 e2h2 f4g3 h2h6 f5f4 d1e2 f4f3 e2e3 b7b3 e3d4
5rk1/R4ppp/1p1P4/8/6nN/1P6/5P1P/6K1 b - -,f7f5 h4f3 b6b5 h2h3 g4f6 f3e5 f8d8 d6d7 g8f8 g1g2
r2qnrk1/1bp3bp/1p1p2p1/p1nPp3/1PP1Pp2/P1NB1N2/1BQ2PPP/R4RK1 b - -,c5d3 c2d3 g6g5 b4a5 g5g4 f3d2 b6a5 f2f3 g4g3 h2g3
3B1K2/8/k7/2Q5/8/8/8/8 b - -,c5d3 c2d3 g6g5 b4a5 g5g4 f3d2 b6a5 f2f3 g4g3 h2g3
7r/p1NR3p/1p2pk2/8/8/4P3/PPP4q/2KR4 b - -,h8g8 d1f1 f6e5 d7e7 e5d6 e7f7 g8g1 c7b5 d6e5 b5d4
2r4r/bp1k1p2/p2P2p1/P2pPN1p/7P/2B5/1P3PP1/3R1RK1 b - -,h8e8 f5e7 e8e7 d6e7 d7e8 d1d5 e8e7 f1d1 c8c7 d5d6
1r5k/1P3qp1/4b2p/8/4R3/1p6/4QPPP/4R2K b - -,b8b7 e4e6 f7f5 e6e5 f5g6 e5e8 h8h7 e2c4 b7f7 c4b3
6k1/6p1/7p/2p5/2P1P2P/8/3Bb1P1/6K1 b - -,
r1b2rk1/2qp1p1p/p4p2/np1pB3/4P3/8/PPPQB1PP/3R1R1K b - -,c7e5 f1f5 e5e4 f5f3 a5c4 f3g3 e4g6 d2d5 a8b8 e2d3
7k/5q2/8/4Q3/6N1/8/n7/Kn6 b - -,f7g7 g4f6 g7a7 e5h5 h8g7 h5h7 g7f6 h7a7 a2c3 a7c5
2r4r/bp1k1p2/p2Pp1p1/P2QPn1p/3N3P/2B5/1P3PP1/3R1RK1 b - -,c8b8 d5b3 h8c8 b3a4 c8c6 d4c6 b7c6 d1d3 a7c5 a4c4
6k1/4Bppp/8/3bP3/8/8/2r3PP/6RK b - -,c2e2 h2h4 h7h6 e7c5 g8h7 h1h2 d5b7 h2g3 e2e5 c5f2
7k/Q5p1/2q2p1p/8/p6P/6P1/5P1K/8 b - -,c6c2 h2g2 c2c6 g2h2 c6b5 a7a8 h8h7 a8e4 f6f5 e4a8
6k1/1R6/5bp1/7p/4K2P/6P1/8/8 b - -,g8f8 b7b8 f8g7 b8c8 f6a1 c8c7 g7g8 e4f4 a1f6 c7b7
r1b1q3/ppp2kPp/2n2p1B/2b5/2pp4/5N2/PPPN1PPP/R2Q2K1 b - -,e8e6 c2c3 d4d3 b2b3 e6e2 d1e2 d3e2 b3b4 c5b6 a1e1
8/6pk/8/5PP1/7p/1K6/1b6/8 b - -,e8e6 c2c3 d4d3 b2b3 e6e2 d1e2 d3e2 b3b4 c5b6 a1e1
r6k/pp1n4/3p1p1P/2pP3p/2P2B2/1P1B1P1N/q3RK2/8 b - -,a2b3 d3c2 b3c4 f4d6 c4d4 f2e1 d7e5 d6e5 f6e5 h6h7
2k5/1R6/P1K5/8/8/8/8/6b1 b - -,a2a3 e2e7 a3a2 f2e3 d7f8 f4d6 a2a1 e3d2 a1b2 d2e3
6k1/R5p1/4p2p/1P1bn3/Pr6/8/5PPP/5RK1 b - -,e5d3 f2f3 d3f4 h2h3 g8h7 f1f2 h7g6 f2d2 g6f6 a7a6
1r1q2r1/pppkn2p/2np1QpB/6N1/4P3/8/P4PPP/3R1RK1 b - -,d7c8 g5f7 d8e8 d1d6 b7b5 f6e6 c8b7 d6d7 b7a8 d7c7
r4rk1/pp2ppbp/3p2p1/2BPn1N1/4P3/7P/PP2BPP1/R2R2K1 b - -,a8c8 c5a7 c8c2 e2f1 f8a8 a7e3 c2b2 d1b1 b2c2 b1c1
3r2k1/2pb1p1p/8/5N2/2p1P3/3P1R2/2P3PP/7K b - -,d7f5 e4f5 g8g7 h1g1 g7f6 g1f2 c4d3 c2d3 h7h5 g2g3
2rqr1k1/1b1nbppp/p2ppn2/8/R2PP3/3B1N2/1P1NQPPP/2B1R1K1 b - -,e6e5 d3a6 b7a6 e2a6 e7f8 a6f1 e5d4 a4d4 d8b6 d4c4
8/3r3k/4n1p1/7p/R7/6P1/4PPKP/8 b - -,d7d2 a4e4 e6g7 h2h3 h7h6 g2f1 d2d1 f1g2 g7f5 h3h4
5r2/pp1rq1k1/2pp1p1p/P3pRn1/1PPPP1Q1/1B2P3/6P1/5R1K b - -,g7h8 c4c5 e5d4 c5d6 d7d6 e4e5 d6d8 e3d4 f6e5 d4e5
8/1r6/8/5p2/5k2/8/7R/3K4 b - -,f4g3 h2h6 f5f4 d1e1 b7b1 e1d2 b1b3 d2c2 b3a3 c2d2
rn1qkb1r/2p2pp1/p2p1n1p/1p2p3/4P3/1BNP1Q2/PPPB1PPP/R4RK1 b kq -,b8d7 c3d5 c7c6 d5f6 d7f6 a2a4 f8e7 f3g3 f6h5 g3g4
rnbqk1nr/pp3p1p/3p2p1/2pPp3/4P3/2N3P1/PPPQ1PBP/R3K1NR b KQkq -,b7b6 f2f4 g8f6 f4e5 d6e5 a2a4 e8h8 g1f3 b8d7 g2h3
8/8/8/3KQ3/1r6/5k2/8/8 b - -,
8/6pk/8/5PP1/8/7p/1K6/8 b - -,b4b5 d5e6 b5e5 e6e5 f3e3 e5e6 e3d3 e6d6 d3c3 d6c7
6k1/1R6/5bp1/7p/7P/6P1/6K1/8 b - -,f6a1 b7b3 g8g7 g2f3 a1e5 f3e4 e5f6 b3f3 f6a1 f3f2
2r3k1/pp3p2/4bp1p/n3p3/4N3/P1P3P1/4PPBP/1R3K2 b - -,b7b6 e4f6 g8g7 f6d5 c8c5 e2e4 a5c4 b1a1 f7f5 a1d1
4k3/1b2bpp1/pq1p4/1p2p3/4P2P/P1Q1n3/1PPN1r2/R1KB3R b - -,f7f5 h1e1 e3d1 e1d1 f5e4 d2b3 e4e3 d1e1 f2f3 c1b1
7k/1r3qp1/4R2p/8/8/1p6/4QPPP/4R2K b - -,b7b8 e6e8 b8e8 e2e8 f7e8 e1e8 h8h7 e8b8 b3b2 h2h3
rnbqkb1r/p4ppp/1n2p3/1Np1P1B1/2pP4/5N2/PP2BPPP/R2QK2R b KQkq -,c8d7 g5d8 d7b5 d8b6 a7b6 d4d5 a8a7 e1h1 e6d5 d1d5
1r3r1k/1p3p2/p2pb1p1/P1pBp3/4Pq1p/R1NP3P/1PP2PP1/3Q2K1 b - -,f8c8 a3b3 f4g5 d1f3 g5c1 g1h2 c1f4 f3f4 e5f4 b3b6
2r3k1/2p2p2/2p1bn1p/6p1/4P1PN/3P3P/2PB4/5R1K b - -,f6e4 d3e4 g5h4 d2h6 g8h7 h6g5 h7g6 g5f6 c8a8 h1h2
r4rk1/1pp1nppp/p1np4/5b2/2BP4/2P2N2/PP3PPP/RNR3K1 b - -,b7b5 c4f1 f8b8 b1a3 e7d5 a3c2 c6e7 g2g3 g8f8 f3h4
6k1/7p/5B2/3b4/8/8/2r3PP/6RK b - -,
r7/2k5/2p2N2/pp2p3/4B3/6Qb/PP4p1/2K5 b - -,a8d8 e4g2 h3g2 g3g2 e5e4 g2g7 c7c8 f6e4 d8d5 g7a7
1k1q4/ppp5/8/5p2/Q4P2/2P3p1/PP4P1/R3R2K b - -,c7c6 h1g1 b7b5 a4d4 d8d4 c3d4 b8c7 a1d1 c7d6 d1d3
6k1/6p1/7p/2p5/2b1P2P/8/3B1KP1/8 b - -,
1r4k1/p2bBpb1/1q1p2p1/2r4p/2pNP2P/2P2P2/PP1Q2P1/1K4RR b - -,g7d4 g2g4 d4e3 d2e2 e3g1 h1g1 c5e5 g1g2 e5e7 g4h5
5k2/pp6/4p2p/6p1/2P5/8/PP1K2PP/8 b - -,a7a5 d2e3 f8e7 e3d4 e7d6 c4c5 d6c6 g2g4 c6b5 d4e5
8/1r6/7R/5p2/8/6k1/8/3K4 b - -,f5f4 d1e1 b7b1 e1d2 f4f3 h6g6 g3f2 g6f6 b1b4 f6f7
rnbqkb1r/1p1p1pp1/p1p1pn1p/3P4/3QP3/2N2N2/PPP2PPP/R1B1KB1R b KQkq -,d7d6 d5e6 c8e6 d4e3 b8d7 f1e2 d8b6 e3b6 d7b6 c1e3
r1b1k2r/pp1p1ppp/2n1pn2/q1P5/1bP1P3/1QN5/PP1B1PPP/R3KBNR b KQkq -,a5c5 g1f3 f6g4 c3d1 d7d5 h2h3 d5e4 h3g4 e4f3 d2b4
Q6k/6p1/5p1p/1q6/p6P/6P1/5P1K/8 b - -,b5b8 a8b8 h8h7 h4h5 g7g5 b8e8 h7g7 e8g6 g7f8 g6h6
rn1qkbnr/pb2pppp/2p5/1p6/P1pPP3/N4N2/1P3PPP/R1BQKB1R b KQkq -,a7a6 b2b3 d8a5 c1d2 c4c3 d2g5 e7e6 a3c2 b5b4 c2e3
r4rk1/pp2ppbp/6p1/2pPn1N1/4P3/7P/PP2BPP1/2RR2K1 b - -,a8b8 h3h4 h7h6 g5h3 e5d7 e2b5 b8d8 c1c2 a7a6 b5e2
8/6pk/5P2/6P1/8/8/1K5p/8 b - -,a8b8 h3h4 h7h6 g5h3 e5d7 e2b5 b8d8 c1c2 a7a6 b5e2
8/1r6/7R/8/5p2/6k1/2K5/8 b - -,f4f3 h6g6 g3f2 c2d3 b7b4 g6a6 f2g2 a6g6 g2f1 g6f6
2kr3r/p1p2p2/2Q1p3/4R2p/3P3q/2P3P1/PP6/5RK1 b - -,h4g3 c6g2 g3g2 g1g2 h8h7 e5g5 c8d7 g2h3 h5h4 a2a4
rn1qk2r/2p1bpp1/p2p1n1p/1p1Np3/4P3/1B1P1Q2/PPPB1PPP/R4RK1 b kq -,e8h8 d5e3 b8c6 c2c3 c6a5 e3f5 a5b3 d2h6 b3a1 h6g7
8/p7/5k1K/2pp2p1/7P/P1PP2P1/8/8 b - -,g5g4 c3c4 d5c4 d3c4 f6f5 h6g7 f5e4 h4h5 e4f3 h5h6
8/7P/6k1/8/8/2K5/8/8 b - -,
6k1/1R6/5bp1/8/6KP/8/8/8 b - -,g8f8 b7h7 f8g8 h7a7 g8f8 h4h5 g6h5 g4h5 f8e8 h5g6
4r1k1/5pp1/5n2/p1p1q3/2P1P1Pp/2N2P1P/P4Q2/3R2K1 b - -,e5c3 d1e1 f6h7 f2e3 c3c4 f3f4 h7f8 f4f5 f8d7 g4g5
8/6pk/5p1p/1q6/p3Q2P/6P1/5P1K/8 b - -,f6f5 e4a8 h7g6 a8a7 b5c6 h2g1 f5f4 h4h5 g6h7 a7a5
8/6pk/6P1/5P2/8/8/1K5p/8 b - -,h7h8 h2g2 h8g8 g2h2 g8f8 e4a8 f8f7 h2g2 f7g6 a8f3
r2qnrk1/1bp3bp/1p1p2p1/2nPp3/1PP1Pp2/2NB1N2/1BQ2PPP/R4RK1 b - -,c5d3 a1a8 b7a8 c2d3 g6g5 f1a1 g5g4 f3d2 a8b7 c4c5
r2qk2r/3pnppp/p1bbp3/1p5Q/4P3/P1NBB3/1PP2PPP/R4RK1 b kq -,d6c7 a3a4 b5a4 c3a4 e7g6 f2f4 e8h8 f4f5 e6f5 e4f5
rn1qkb1r/ppp2ppp/3pbn2/6B1/3P4/2N2N2/PPP2PPP/R2QKB1R b KQkq -,c7c6 d4d5 c6d5 f1b5 b8c6 g5f6 d8f6 c3d5 f6d8 d1d2
8/1RP3pk/2r4p/8/8/7P/6P1/7K b - -,c6c1 h1h2 c1c3 h2g1 c3c2 g1f1 h7g6 f1e1 g6f5 e1d1
6k1/2pr1ppp/2p1bn2/8/4PB1N/3P4/2P3PP/R6K b - -,h7h6 a1a8 g8h7 f4e3 f6g4 e3c5 g4e5 h1g1 g7g5 h4f3
5k2/1R6/5b2/7K/8/8/8/8 b - -,f8e8 h5g6 f6c3 g6f5 e8d8 f5e6 d8c8 b7e7 c3a5 e6d5
8/pp2k3/4p2p/6p1/2P5/3K4/PP4PP/8 b - -,e7d6 d3d4 d6c6 b2b4 c6d6 c4c5 d6c6 a2a4 c6d7 b4b5
r1bqkb1r/pp2pp1p/n1p3p1/3p3n/3P4/2N1P1B1/PPP2PPP/R2QKBNR b KQkq -,h5g3 h2g3 d8b6 a2a3 f8g7 c3a4 b6a5 d1d2 a5d2 e1d2
8/1r6/7R/8/8/4K1k1/5p2/8 b - -,d8b6 a2a3 f8g7 c3a4 b6a5 d1d2 a5d2 e1d2 h5g3 h2g3
r2q4/3b1p2/6r1/2pPPkR1/4R3/3K1Np1/P7/8 b - -,d8b6 a2a3 f8g7 c3a4 b6a5 d1d2 a5d2 e1d2 h5g3 h2g3
8/5kp1/7p/2p5/2b1P1PP/8/3B1K2/8 b - -,
Q7/6pk/7p/1q3p2/p6P/6P1/5P1K/8 b - -,b5b4 h4h5 b4e1 a8a7 e1e2 h2g2 e2e4 g2h2 e4f3 h2g1
r4rk1/1p1n1ppp/p1pq1n2/3p3b/3P4/2N1PN1P/PP2BPP1/2RQ1RK1 b - -,h5f3 e2f3 f8e8 d1b3 a8b8 c3a4 g7g6 c1c3 h7h5 f1c1
rn1q1rk1/2p1bpp1/p2p1n1p/1p1Np3/4P3/1B1P2Q1/PPPB1PPP/R4RK1 b - -,g8h7 d5e3 f6h5 g3g4 g7g6 g2g3 b8d7 f2f4 e5f4 g3f4
8/6p1/5PPk/8/8/8/1K5p/8 b - -,g8h7 d5e3 f6h5 g3g4 g7g6 g2g3 b8d7 f2f4 e5f4 g3f4
8/8/5Rp1/4p3/5kP1/r4P2/6K1/8 b - -,
2r5/p1N4p/1p2pk2/8/8/4P3/PPPR3q/2KR4 b - -,h2c7 d2f2 f6e5 d1h1 c7g7 c1b1 g7g6 f2h2 g6e4 h1g1
8/Q5pk/2p1r3/1p1n1pq1/3Pp3/4P1P1/1PR2PB1/6K1 b - -,g5g4 a7a1 d5b4 c2c3 b4d3 a1b1 e6d6 c3d3 e4d3 b1d3
r2qk2r/2bpnppp/p1b1p3/1p5Q/4P3/P1NBB3/1PP2PPP/3R1RK1 b kq -,e8h8 c3e2 e7g6 f2f4 c7b6 h5h3 d8c7 c2c3 f7f6 g1h1
5rk1/p4ppp/4p3/1p3nq1/2pPP3/P1P2RP1/1P2Q1P1/5RK1 b - -,f5g3 f3g3 g5g3 e4e5 g3g5 e2e4 g5d2 f1f2 d2c1 g1h2
1R6/7k/6p1/5n1p/7P/6P1/4PPK1/3r4 b - -,d1d7 g2f1 h7g7 b8a8 d7c7 a8a4 f5d6 a4a2 c7f7 f1g2
8/1r6/8/8/7R/4K1k1/8/5q2 b - -,d1e1 b8b2 h7h6 b2d2 e1c1 d2d7 c1c2 g2f1 c2c6 d7d8
2r2rk1/1p1b1ppp/pqnbpn2/3pN3/3P1P2/PP1B3R/1BPN2PP/R2Q2K1 b - -,d6e5 f4e5 c6e5 d3h7 g8h8 a3a4 e5g4 c2c4 g4h6 h7d3
8/6P1/5p1k/8/8/8/1K5p/8 b - -,d6e5 f4e5 c6e5 d3h7 g8h8 a3a4 e5g4 c2c4 g4h6 h7d3
2r3k1/2p2p2/2p1b2p/6p1/4P1PN/7P/2PB4/5R1K b - -,g5h4 d2h6 g8h7 f1f6 c8a8 h6g5 a8a2 c2c3 a2e2 f6f4
r2q1rk1/pp2bppp/2n1bn2/2Np4/8/4PN2/PPQ1BPPP/R1B2RK1 b - -,c6b4 c2c3 e7c5 c3c5 a7a5 f3d4 f6e4 d4e6 f7e6 c5b5
rn1q1rk1/1b3ppp/p3pn2/1p4N1/1P3P2/P1BBP3/6PP/R2QK2R b KQ -,g8h8 e1g1 h7h6 c3f6 g7f6 g5e4 f6f5 e4c5 b7c6 a1c1
8/3r4/8/8/R7/4K1k1/8/5q2 b - -,g8h8 e1g1 h7h6 c3f6 g7f6 g5e4 f6f5 e4c5 b7c6 a1c1
1r3r1k/p3b1pp/1pq1bp2/8/2PN4/P5PP/1PQ2P1K/3RR3 b - -,c6c8 d4e6 f8e8 c2f5 e7f8 f5d5 a7a5 h2g2 c8b7 e6f8
3R1r1k/1q4p1/7p/1P3bN1/1p1b4/8/4QPPP/4R2K b - -,b7c8 d8c8 f5c8 e2d3 h6g5 d3d4 c8e6 d4d6 e6h3 d6f8
R5k1/2pr1pp1/2p1bn1p/8/4PB1N/3P4/2P3PP/7K b - -,g8h7 f4e3 f6g4 e3c5 g4e5 a8a6 d7d8 h4f3 e5f3 g2f3
8/8/5pp1/3p1k2/p6P/2B1K3/6P1/1b6 b - -,f5g4 c3f6 g4g3 e3d2 g3g2 f6e7 g2g3 d2c3 g3f3 c3d2
r1bqk1nr/pppp1pp1/7p/2b1N3/2BnP3/4B3/PPP2PPP/RN1QK2R b KQkq -,d8f6 e3d4 c5d4 d1d4 d7d6 c4f7 e8d8 f7g8 f6e5 d4e5
2r4r/1p1k1pp1/p2Pp3/P3Pn1p/2qR1Q1P/2B5/1P3PP1/5RK1 b - -,c4e2 d4b4 c8b8 f1c1 h8f8 f4g5 f8c8 c1e1 e2d3 g5h5
7k/pQ4pp/8/8/8/3b1pP1/PP3P1P/3rR1K1 b - -,c4e2 d4b4 c8b8 f1c1 h8f8 f4g5 f8c8 c1e1 e2d3 g5h5
1r4k1/p2bBpb1/q2p2p1/r6p/2pNP1PP/P1P2P2/1P1Q4/1K4RR b - -,c4e2 d4b4 c8b8 f1c1 h8f8 f4g5 f8c8 c1e1 e2d3 g5h5
r6k/pp1n4/3p1p1P/2pP3p/2P1BB2/1q3P1N/4RK2/8 b - -,d7e5 e2e3 b3a2 e3e2 a2c4 h6h7 a8f8 f4g3 f8f7 g3h4
8/5k2/7p/2p3P1/2b1P1P1/8/3B1K2/8 b - -,h6g5 d2g5 c4a6 f2f3 f7g6 g5e3 c5c4 e3d2 a6c8 f3g3
4k3/1b2b1p1/pq1p4/1p2p2B/4p2P/P1Q1n3/1PPN1r2/RK5R b - -,e8d8 d2b3 f2c2 c3a5 c2b2 b1c1 b2c2 c1b1 b6c7 h5f7
3r3k/1q3rp1/3R4/1P3bpQ/1p1b4/8/5PPP/4R2K b - -,e8d7 h1e1 e3g2 e1f1 g2f4 h5g4 d7e8 f1f2 b6f2 b1a2
rnbqkb1r/1p1p1pp1/p3pn1p/3P4/3Q4/2N2N2/PPP2PPP/R1B1KB1R b KQkq -,d7d6 d4d3 e6d5 c3d5 d8a5 d3c3 a5c3 d5c3 c8e6 c1e3
rn1qkbnr/pp2ppp1/2p3bp/3pP3/3P2P1/5N1P/PPP2PB1/RNBQK2R b KQkq -,
rnb1kb1r/p2q1ppp/1n2p3/1NP1P1B1/2p5/5N2/PP2BPPP/R2QK2R b KQkq -,h7h6 c5b6 f8b4 e1f1 e8h8 d1a4 a7a6 a4b4 a6b5 a1d1
r1bk1b1r/1p3ppp/p2p4/8/3qn3/2P5/PP2QPPP/RNB1KB1R b KQ -,d4e5 c1e3 f8e7 g2g3 e4f6 b1a3 c8g4 f2f3 g4e6 f3f4
3r1k2/2pb1p1p/8/8/2p1P3/3P1NR1/2P3PP/7K b - -,
RQQQKBNR/P2PPPPP/B7/2N5/8/5n1b/pppppp1p/rnbq1kqr b - -,f3g5 g8f6 b1c3 g7g8q b2b1q f8h6 d1e1 f7f8q d2d1q c5d3
2r1Q1k1/5rpp/2n2p2/p1pB4/4P3/P1B5/1P3RPP/6K1 b - -,c8e8 d5c6 f7e7 c6e8 e7e8 f2e2 a5a4 e4e5 e8e6 g1f2
r5k1/pp1r3p/1qn1p1p1/2bpP3/2p2P1P/2P2BP1/P1P1Q1K1/R1B4R b - -,b6a5 c1d2 h7h5 f4f5 e6f5 a1d1 a8e8 d2f4 c5f8 e5e6
8/5k2/8/2p3B1/2b1P1P1/8/5K2/8 b - -,c4a6 f2f3 f7g6 g5e3 c5c4 e3d2 a6c8 f3g3 c8a6 g3f4
8/R1pr1ppk/2p1bn1p/8/4PB1N/3P4/2P3PP/7K b - -,g7g5 f4e5 f6e4 h4f3 e4d6 f3d4 e6d5 e5d6 d7d6 a7c7
rnkbrnbq/pppp1ppp/8/4p3/4P3/6P1/PPPP1P1P/RNKBRNBQ b KQkq -,b8c6 a2a4 a7a5 f1e3 f8e6 b1a3 c6b4 a3b5 f7f6 e1f1
r2q1rk1/2bpnppp/p1b1p3/1p2P2Q/8/P1NBB3/1PP2PPP/3R1RK1 b - -,
2r4r/bp1k1pp1/p2Pp3/P3PnNp/2q2Q1P/2B5/1P3PP1/3R1RK1 b - -,c4f4 c3d2 f4h4 g5f3 h4d8 d1c1 f5g3 c1c8 d8c8 f1e1
r1bq1rk1/ppp2pp1/2np1B1p/2b1p3/2B1P3/3P1N2/PPP2PPP/RN1Q1RK1 b - -,c5f2 f1f2 d8f6 f3d4 f6e7 d4c6 b7c6 c4b3 g8h7 b1d2
Q7/6pk/7p/5p1P/pq6/6P1/5P1K/8 b - -,a4a3 a8a6 f5f4 a6d3 h7g8 d3d5 g8f8 d5f5 f8e7 f5e5
r2q1rk1/2p1bpp1/p1np1n1B/1p1Np3/4P3/1B1P2Q1/PPP2PPP/R4RK1 b - -,f6h5 g3g4 e7f6 c2c3 h5f4 h6f4 e5f4 g4f4 c6e5 d3d4
8/8/5RP1/6r1/4p3/4k3/8/5K2 b - -,
1k6/ppp5/8/5p2/Q4P2/2P3p1/PP2K1P1/R3R2q b - -,h1h8 e2d3 h8d8 d3c2 a7a5 e1e8 d8e8 a4e8 b8a7 a1d1
4r1k1/5pp1/8/7n/8/2NR1P2/P2KP3/8 b - -,h5f4 d3d6 e8a8 a2a4 g8f8 d6b6 f4e6 b6b5 e6c7 b5e5
1r3r1k/p2qb1pp/1p2bp2/4p3/2PN4/P5PP/1PQ2PBK/3RR3 b - -,d7c8 d4c6 e6f5 c2c3 b8b7 b2b4 h7h6 c6e7 b7e7 c4c5
r2qnr2/pp3pkp/2npb1p1/8/4PP2/P1N5/1PPQ2PP/2KR1BNR b - -,a8c8 c1b1 a7a6 h2h4 e8f6 h4h5 b7b5 f4f5 g6f5 e4f5
8/8/5pp1/3p1k2/7P/p3K3/6P1/Bb6 b - -,a3a2 g2g3 f5g4 a1f6 g4g3 e3d2 b1f5 d2c1 g3f3 c1d2
3r1k2/2p2p1p/8/8/b1p1P3/3P2R1/2P3PP/4N2K b - -,
r2qkb1r/ppp2pp1/3p1n1p/n3p3/2BPP1b1/2P2N2/PP1N1PPP/R1BQR1K1 b kq -,a5c4 d2c4 f6d7 h2h3 g4f3 d1f3 g7g6 d4e5 d7e5 c4e5
rnbq3r/1ppp1kpp/4ppn1/p4P1Q/1bPPP3/2NB4/PP4PP/R1B1K1NR b KQ -,d7d6 g1f3 c7c5 a2a3 b4c3 b2c3 d8e8 e1h1 e6e5 d4e5
k7/8/P1P5/8/5ppp/8/8/7K b - -,d7d6 g1f3 c7c5 a2a3 b4c3 b2c3 d8e8 e1h1 e6e5 d4e5
2r5/p1NR3p/1p2pk2/8/8/4P3/PPP4q/2K2R2 b - -,h2f4 f1f4 f6g6 c7e6 c8g8 f4g4 g6f5 g4g8 f5e6 d7h7
r2qkb1r/ppp2ppp/2b1pn2/4N3/3P4/2PB4/PP3PPP/R1BQK2R b KQkq -,c6g2 h1g1 g2e4 c1g5 e4d3 d1d3 d8d5 e1a1 f6d7 d3e2
2r2rk1/1p1N1ppp/pq1bpn2/3p4/3n1P2/PP1B3R/1BPN2PP/R2Q2K1 b - -,d4c2 d7b6 c2e3 d1b1 f8d8 b2f6 g7f6 b6c8 d8c8 h3g3
r4rk1/2p1nppp/p1np4/1p3b2/3P4/2P2N2/PP3PPP/RNR2BK1 b - -,f8b8 b1a3 e7d5 a3c2 c6e7 g2g3 g7g6 f3h4 f5e6 h4g2
2kr3r/p1p2p2/2Q1p3/6qp/3P3p/2P3P1/PP3P2/4RRK1 b - -,h4g3 e1e5 g5h4 f2g3 h4g3 c6g2 g3g2 g1g2 h8h7 e5g5
2r4r/bp1k1pp1/p2Pp3/P3Pn1p/2qQ3P/2B2N2/1P3PP1/3R1RK1 b - -,a7d4 c3d4 c4b5 d4b6 c8c6 b2b3 c6c2 f3g5 h8c8 g5f7
3r2k1/p2rb1p1/1p5p/5p1b/4p3/P1N1B1Pn/1PP2P1P/R2B1R1K b - -,d7d1 g3g4 h5g4 h1g2 d1d6 c3e2 d6g6 f1g1 e7d6 e2g3
r3rnk1/1Q3ppp/p1pq1n2/3p4/3P4/2N1PB1P/PP3PP1/2R2RK1 b - -,e8b8 c3b5 c6b5 b7c6 d6d8 c6c7 d8c7 c1c7 f8e6 c7c6
r4rk1/1p1nqpp1/p1p1bn1p/3p4/PP1P4/2NBP3/2Q1NPPP/1R3RK1 b - -,a8d8 e2f4 d7b6 c3e2 f8e8 b4b5 c6b5 a4b5 a6a5 c2c5
2r4r/1p1k1Qp1/p2Pp3/P3P2p/2qn3P/2B5/1P3PP1/5RK1 b - -,d7c6 c3d4 h8f8 f7e7 c4d4 e7e6 b7b6 d6d7 c6b7 d7c8b
8/8/6P1/6r1/4p3/8/3k1R2/5K2 b - -,
R7/3r3k/6p1/5n1p/7P/6P1/4PPK1/8 b - -,f5d4 a8a2 d7e7 g2f1 e7c7 a2d2 c7c1 f1g2 c1c4 g2f1
r2qr1k1/pppn1pbp/3p2p1/1N1P4/2BpP3/5Q1P/PPP2PP1/3RR1K1 b - -,d7c5 c4f1 c5a4 b2b3 a4c3 b5c3 d4c3 g2g3 e8e7 g1g2
R7/2pr1ppk/2p1bn1p/8/4P2N/3P2B1/2P3PP/7K b - -,f6e4 g3e1 e4f6 a8a5 d7d5 h2h3 c6c5 h4f3 c5c4 d3c4
r1b1n1k1/p4rPp/2p1pq2/1p6/8/2N3p1/PPBQ4/2KR1R2 b - -,f6f1 d1f1 f7f1 c3d1 f1f7 d2g5 f7g7 c2h7 g8f7 g5h5
r1bqk2r/pp3ppp/2P2b2/1B2p3/8/P3n1N1/1PPQ1PPP/2KR3R b kq -,e8h8 d2d8 f6d8 f2e3 a7a6 b5a4 g7g6 g3e4 a8a7 h1e1
r2q1rk1/2bp1p1p/p1b1p1p1/1p2PBQ1/8/P1N1B3/1PP2PPP/3R1RK1 b - -,e6f5 g5d8 f8d8 e3g5 d8e8 f2f4 e8e6 c3d5 c6d5 d1d5
1r3r1k/p2qb1pp/1p2bp2/8/2PpQ3/P5PP/1P3PBK/3RR3 b - -,e6c4 d1d4 d7e6 d4c4 e6e4 g2e4 e7d6 h3h4 g7g6 h2g2
8/8/4k3/2p5/2b1P1P1/4B3/5K2/8 b - -,
r2q1rk1/pp3ppp/5n2/2bp1b2/1n6/P1N1PN2/1P2BPPP/R1BQ1RK1 b - -,b4c6 b2b4 c5d6 c1b2 a8c8 c3b5 d6b8 a1c1 f8e8 b5d4
4r1k1/5pp1/3R4/8/5n2/2N2P2/P2KP3/8 b - -,g8f8 a2a4 e8a8 d6b6 f4e6 b6b5 e6c7 b5e5 f7f6 e5c5
r1b3k1/1p1n2pp/p2p3r/3Pp3/P4p1q/2PB1P1P/1P1N1RP1/R2Q2K1 b - -,h6h5 d2e4 d7f6 d1b3 f6e4 d3e4 a8b8 g1f1 c8f5 e4f5
1r4k1/1p3pp1/p1p2q1p/P2B3P/6R1/1Q6/1P3PP1/6K1 b - -,c6d5 b3d5 f6b2 g1h2 b8e8 g4f4 e8f8 f4g4 b2c3 d5d4
8/2B5/4k3/2Kp1pp1/8/8/8/8 b - -,
r3r1k1/pp1b1pbp/1q1B2p1/3pP3/3N1P2/2PQ4/P5PP/R4RK1 b - -,d7f5 d3g3 a8c8 f1f2 f5e4 f4f5 g6f5 g1h1 b6a5 a1c1
r1bq1rk1/ppp2pbp/4p1p1/n2p3n/2PP4/1B2PNB1/PP1N1PPP/R2Q1RK1 b - -,h5g3 h2g3 b7b6 a1c1 c8a6 f1e1 a8c8 c4d5 e6d5 d2b1
2r4r/bp1k1pp1/p2Pp3/P3Pn1p/2Q4P/2B2N2/1P3PP1/3R1RK1 b - -,c8c4 d1d3 h8c8 f1e1 b7b5 a5b6 a7b6 e1a1 a6a5 f3d2
8/8/6P1/6r1/4p3/3k4/6R1/5K2 b - -,g5b5 g2g3 e4e3 g6g7 b5b1 f1g2 b1b2 g2f3 e3e2 f3f2
2qr4/k1N4p/1pQ3p1/p7/P1B5/1P4P1/2P4P/2K5 b - -,c8d7 c7b5 a7a6 c6e4 d8b8 b5d4 b6b5 c4b5 b8b5 a4b5
r1bk1b1r/1p3ppp/p2p4/3q4/4n3/2P1B3/PP2QPPP/RN2KB1R b KQ -,d5c6 b1d2 e4d2 e2d2 f8e7 e1a1 c8e6 d2d4 d8c7 d4g7
4k3/1R6/5bK1/8/8/8/8/8 b - -,f6c3 b7a7 e8d8 g6f5 c3e1 a7f7 e1g3 f7g7 g3h2 f5f6
2b5/1p1k4/pP4p1/1P1pPp1p/5P1P/3BK3/6P1/8 b - -,a6a5 d3c2 d7d8 e3d4 c8d7 c2a4 d8e8 a4b3 e8e7 b3d5
5rk1/p4ppp/4p3/1p3nq1/2pP2P1/P1P1PR2/1P2Q1P1/5RK1 b - -,g5g4 e2f2 h7h5 f1e1 f5d6 f3f4 g4g5 f4h4 a7a6 e3e4
2r4r/1p3Qp1/p1kPp3/P3P2p/2qB3P/8/1P3PP1/5RK1 b - -,g7g5 d4e3 h8f8 f7e7 c4d3 e7e6 c6b5 e6d7 b5b4 d7b7
4r1k1/5pp1/5n2/2p5/p1q3PP/2NR1P2/P3P1K1/5Q2 b - -,a4a3 f1d1 f6h7 d1d2 h7f8 c3e4 c4b4 h4h5 f8e6 d3d7
r2qkb1r/pbp2ppp/1pn1pn2/3p4/4P3/3P1NP1/PPP2PBP/RNBQR1K1 b kq -,d5e4 f3g5 d8d7 g5e4 f6e4 e1e4 e8a8 b1d2 c8b8 d2c4
8/8/6P1/5r2/4p3/3k4/6R1/4K3 b - -,
8/8/8/2B1k3/2b1P1P1/8/5K2/8 b - -,
8/5p2/5b2/3N3k/8/8/6K1/8 b - -,
q4rk1/3bn1pp/2p1pp2/8/2BPPN2/2PQ4/5PPP/2B2RK1 b - -,f8b8 f4e6 d7e6 c4e6 g8h8 e6g4 a8a2 g4d1 b8a8 g2g3
r5k1/pp4rp/1qn1p1p1/2bpP2P/2p2P2/2P2BP1/P1P1Q1K1/R1B4R b - -,c6e7 a2a4 a8f8 a4a5 b6c6 c1d2 b7b6 h5g6 e7g6 a5b6
8/2r1pk2/p2p1r2/Pp1P1P2/3R2K1/2P5/1P6/4R3 b - -,b5b4 d4b4 f6h6 e1e6 h6e6 f5e6 f7f6 g4f4 c7c5 f4e4
8/pp6/3kp2p/6p1/2P1K3/8/PP4PP/8 b - -,b7b6 b2b4 d6d7 e4e5 d7e7 h2h3 a7a6 a2a3 e7d7 e5f6
8/2k5/8/2KP4/PPP5/7r/8/8 b - -,h3h5 b4b5 c7b7 a4a5 h5h6 d5d6 h6h5 c5d4 h5h4 d4d5
5k2/8/1p3PK1/pP1p4/P2P4/8/8/8 b - -,h3h5 b4b5 c7b7 a4a5 h5h6 d5d6 h6h5 c5d4 h5h4 d4d5
2b1rnkb/3q1p1p/pBrp1PpQ/1p1Np1P1/1P2P3/P2PR3/4N2P/5RK1 b - -,f8e6 f1f2 c6c2 e3h3 e6g5 h3h4 c2e2 h6g5 e2f2 b6f2
r1bqk2r/ppp2ppp/5b2/1B1Pp3/8/P3n1N1/1PPQ1PPP/2KR3R b kq -,c8d7 b5d7 d8d7 d2e3 e8h8 g3h5 d7f5 g2g4 f5g5 h5f6
rnbqkbnr/p4ppp/4p3/1p1p4/P1pP4/2P1P3/1PN2PPP/R1BQKBNR b KQkq -,b5a4 e3e4 b8d7 d1e2 f8e7 e4e5 f7f6 e2g4 f6e5 g4g7
rn2r1k1/pp3p1p/1q1p2pP/2pP2Bn/2P3P1/1Pb5/P3BK2/R2Q2NR b - -,h5f6 e2f3 e8e1 d1d3 e1a1 d3c3 a1a2 f2g3 f6e8 g1h3
3r4/1p2kp1p/r1pnb1p1/p3p3/P3P3/1PN1BP2/1K1R2PP/7R b - -,f7f6 g2g4 d6f7 d2d8 e7d8 h2h4 h7h6 h1d1 d8e7 e3c5
4r3/1p1r1k1p/pR3p2/P2p4/3P4/2P1B1PP/1P3P2/5K2 b - -,e8e6 b6b4 h7h5 f1g2 e6c6 b4a4 f7g6 g2f3 d7c7 a4a3
8/6P1/8/5r2/8/3kp3/6R1/4K3 b - -,h7h5 f1g2 e8e6 b6b4 e6c6 b4a4 f7g6 g2f3 d7c7 a4a3
rnbq1b1r/ppp1kp1p/3p1np1/4p3/4P3/2N2NP1/PPPP1PBP/R1BQ1RK1 b - -,c7c5 d2d4 c5d4 f3d4 e7e8 c1g5 e5d4 d1d4 b8d7 c3b5
r2q1rk1/pp3ppp/5n2/2bp1b2/8/P1N1PN2/RPn1BPPP/2BQ1RK1 b - -,
r1b1n1k1/p4rPp/2p1pq1Q/1p6/8/2N3p1/PPB5/2KR3R b - -,f6h6 h1h6 f7g7 c3e4 g3g2 d1g1 a7a5 a2a4 g8f8 h6h2
7R/8/8/3k4/1K6/8/8/8 b - -,f6h6 h1h6 f7g7 c3e4 g3g2 d1g1 a7a5 a2a4 g8f8 h6h2
4rk2/5pp1/3R4/8/P4n2/2N2P2/3KP3/8 b - -,e8a8 d6b6 f8e8 b6b5 f7f6 a4a5 e8d7 d2c2 f4e6 c2d3
2rq1rk1/1p5p/2n1pPp1/3p4/1P3PP1/2PB3Q/7P/2R2RK1 b - -,f8f6 g4g5 f6f7 h3e6 d8e8 e6e8 c8e8 g1g2 f7c7 f1d1
r1b1n2k/p6P/2p1p3/1p6/8/6p1/PPBQ4/2KN1r2 b - -,c8b7 d2g2 f1f7 g2g3 e8g7 b2b4 a8f8 d1e3 c6c5 b4c5
8/p7/7K/2pp1k1P/8/P1PP4/8/8 b - -,f5f6 a3a4 a7a5 d3d4 c5d4 c3d4 f6f7 h6g5 f7g8 g5f5
4r1k1/5pp1/5n2/2p5/2q3PP/p1NR1P2/P3P1K1/3Q4 b - -,f6d7 d1d2 d7f8 c3e4 e8e4 f3e4 c4e4 g2g3 e4e5 d2f4
2kr4/2p1n3/1p5p/p1b3p1/P1N3n1/2P2N2/1P1B1PPP/4RK2 b - -,e7f5 e1e2 d8f8 f1g1 f5h4 f3h4 f8f2 e2f2 c5f2 g1f1
r1b1R3/p3kq2/2p1pNQ1/1p3n2/8/6p1/PPB5/2K5 b - -,f7e8 f6e8 c8d7 e8g7 f5g7 g6g7 e7d6 g7g3 e6e5 g3a3
6k1/5pp1/1p5p/p3r3/8/3B1P2/PP3K1P/4B3 b - -,e5h5 f2g2 h5d5 d3e4 d5b5 b2b3 g8f8 e1f2 f8e7 f2e3
rnbqkbnr/p4ppp/4p3/3p4/p1pPP3/2P5/1PN2PPP/R1BQKBNR b KQkq -,b8d7 e4e5 d7b6 h2h4 g8e7 h4h5 h7h6 d1g4 e7c6 f1e2
r2q1rk1/pp1bb1pp/4pn2/8/2Q5/2N2NB1/PP3PPP/R4RK1 b - -,a8c8 c4e2 f6d5 c3d5 e6d5 h2h3 e7c5 f1d1 d7f5 e2e5
5r1k/5qp1/4Q2p/1P6/1R6/1p6/5PPP/4R2K b - -,f7f2 h2h3 b3b2 e6e5 f2b6 b4b2 h8h7 b2b1 f8f7 e5d5
2q5/k2r3p/1pQ3p1/pN6/P1B5/1P4P1/2P4P/2K5 b - -,a7b8 c6b6 c8b7 b6e6 b7h1 c1b2 h1b7 e6e8 b7c8 e8e5
8/8/8/2B3P1/2b1k3/8/5K2/8 b - -,
2rqr1k1/1b1nbppp/p2p1n2/4P3/R3P3/3B1N2/1P1NQPPP/2B1R1K1 b - -,d6e5 d3a6 b7a6 a4a6 e7f8 a6a4 d7c5 a4c4 d8d7 c4c3
2r4k/1q1b2p1/1P5p/4Q3/1R6/1p6/5PPP/4R2K b - -,c8c6 b4b3 c6b6 b3b6 b7b6 f2f3 b6g6 e5f4 d7f5 h2h3
2r4r/1p4p1/p1kPQ3/P3P2p/3q3P/8/1P3PP1/5RK1 b - -,c8e8 f1c1 d4c5 c1c5 c6c5 e6f5 c5c6 f2f4 c6c5 d6d7
r1r3k1/3Qbppp/4p3/qn4P1/4P2P/2NPBP2/1P1K4/3R3R b - -,b5c3 b2c3 c8c7 d7c7 a5c7 d1a1 a8a1 h1a1 c7h2 d2c1
2kr4/2p5/1p5p/p1b2np1/P1N3n1/2P2N2/1P1BRPPP/5K2 b - -,d8f8 f1g1 f5h4 f3h4 f8f2 e2f2 c5f2 g1f1 f2h4 g2g3
r4k2/5pp1/1R6/8/P4n2/2N2P2/3KP3/8 b - -,f4e6 b6b5 e6c7 b5e5 f7f6 e5c5 c7e6 c5b5 f8e8 d2d3
r1b1kn1r/1p2bppp/1q2p3/3pP1B1/p2P4/3B1NNP/nP3PP1/1R1QR1K1 b kq -,f8g6 g3h5 e8f8 g5e7 g6e7 f3g5 h7h6 g5f7 f8f7 d1f3
1r2r1k1/1p3ppp/p1pq1n2/3p2n1/3P4/1Q1NP2P/PP2BPP1/2R2RK1 b - -,
r2q1rk1/pp2ppbp/8/2p5/3p1PQ1/NP2P3/PBPP2PP/R4RK1 b - -,e7e6 f4f5 g8h8 g4f3 e6f5 e3d4 f8g8 g1h1 g7d4 b2d4
7r/2k5/8/1PKP4/P1P5/8/8/8 b - -,h8h5 a4a5 c7b7 a5a6 b7a7 c5c6 h5h8 d5d6 h8c8 c6d5
r1b4r/pp2ppkp/2Bp2p1/8/4P3/2q1BP2/P1P2KPP/R2Q3R b - -,g7g8 c6d5 c8d7 a1b1 a8b8 h2h4 d7a4 d5b3 a4b3 b1b3
2r3k1/p4ppp/8/3ppb2/P4P2/2b3P1/R5P1/2R3K1 b - -,c3d4 g1h2 c8c1 g3g4 f5g4 h2g3 h7h5 f4e5 d4e5 g3f2
2kr3r/p1p2p2/2Q1p3/4R2p/3P4/2P3q1/PP6/5R1K b - -,c3d4 g1h2 c8c1 g3g4 f5g4 h2g3 h7h5 f4e5 d4e5 g3f2
2rr2k1/1b3Np1/pp2pqnp/7Q/3P4/1B4P1/PP1B1PP1/4R1K1 b - -,b7d5 f7d8 d5b3 a2b3 c8d8 d2c3 d8d6 h5e2 f6d8 e2a6
3r2k1/2B2ppp/4bn2/2p5/4P2N/3P4/2P3PP/5R1K b - -,d8f8 h4f5 f8a8 h2h3 c5c4 f5g7 g8g7 c7e5 a8a2 d3d4
rnbqk1nr/pp5p/3p2p1/2pPpp2/4PP2/2N3P1/PPPQ2BP/R3K1NR b KQkq -,d8b6 f4e5 d6e5 g1f3 g8f6 f3e5 e8h8 e1h1 b6b4 e4f5
rr4k1/2p1nppp/p1np4/1p3b2/3P3N/2P5/PP3PPP/RNR2BK1 b - -,f5e4 g2g3 e4d5 h4g2 d5e6 g2f4 e6d7 b1d2 a6a5 h2h4
8/2B5/4k3/3p2p1/3K1p2/8/8/8 b - -,
8/4R1P1/8/8/8/3k4/7P/6K1 b - -,f4f3 c7g3 e6f5 d4d5 f5g4 g3e1 g4f4 d5d4 g5g4 d4d3
2k2r2/2p5/1p5p/p1b2np1/P1N3n1/2P2N2/1P1BRPPP/6K1 b - -,f5h4 f3h4 f8f2 e2f2 c5f2 g1f1 f2h4 g2g3 g4h2 f1g2
2rqr1k1/1b1nbppp/B4n2/4p3/R3P3/5N2/1P1NQPPP/2B1R1K1 b - -,b7a6 a4a6 e7f8 a6a4 d7c5 a4c4 d8d7 c4c3 c8d8 e2f1
rnbqkb1r/pp3ppp/1n1p4/8/2pP4/2P5/PPB2PPP/RNBQK1NR b KQkq -,b8a6 a2a4 d6d5 g1f3 f8d6 d1e2 d8e7 e2e7 e8e7 f3h4
4b1k1/p1p2pp1/7p/2P5/1P2N3/P2r1P1P/6P1/R6K b - -,e8d7 e4f2 d3b3 a1d1 d7b5 d1d8 g8h7 d8c8 f7f5 h1h2
6k1/7p/1pq3p1/p7/2p5/1PR5/P5PP/5R1K b - -,c6d6 c3c4 h7h5 h2h3 g8h7 c4f4 b6b5 f1f2 h7h6 h1g1
Q1k3rr/p1p2p2/4p3/4R2p/3P4/2P3q1/PP6/5R1K b - -,c6d6 c3c4 h7h5 h2h3 g8h7 c4f4 b6b5 f1f2 h7h6 h1g1
8/8/8/2B3P1/4k3/6K1/b7/8 b - -,
4r1k1/3n1pp1/8/2p5/2q3PP/p1NR1P2/P2QP1K1/8 b - -,d7f8 h4h5 c4b4 c3e4 f8e6 d2c1 c5c4 d3c3 b4b2 c3c2
8/3R2P1/8/8/8/8/2k4P/6K1 b - -,d7f8 h4h5 c4b4 c3e4 f8e6 d2c1 c5c4 d3c3 b4b2 c3c2
2r4r/1p3Qp1/p1kPp3/P3P2p/3q3P/8/1P3PP1/2R3K1 b - -,c6d5 f7b7 d5e5 b7g7 e5e4 g7b7 e4f5 c1c8 h8c8 b7c8
r1b2rk1/1p1n1pp1/p1n2q1p/3p4/3Np3/2P1B1Q1/PP2BPPP/3R1RK1 b - -,d7e5 d4c6 b7c6 f2f4 e4f3 e2f3 e5f3 f1f3 f6g6 g3g6
r1b1n1k1/p2r4/2p1pR2/1p6/8/2N3p1/PPBQ4/2K4R b - -,d7d2 f6g6 g8f8 c1d2 e6e5 g6g3 e5e4 c3e4 c8f5 h1f1
2k2r2/2p5/1p5p/p1b3p1/P1N3nN/2P5/1P1BRPPP/6K1 b - -,f8f2 e2f2 c5f2 g1f1 f2h4 g2g3 g4h2 f1g2 h4g3 d2c1
8/6kP/p7/1p1N4/1PpK4/b7/8/8 b - -,g7h8 d4c5 a3b4 c5b4 h8h7 d5e3 c4c3 b4c3 b5b4 c3b4
2rqr1k1/3nbppp/R4n2/4p3/4P3/5N2/1P1NQPPP/2B1R1K1 b - -,e7f8 a6a4 d7c5 a4c4 d8d7 c4c3 c8d8 e2f1 d7b7 c3c4
2Rr4/1p2kp1p/p3pp2/1b6/1P6/PB2PP2/5KPP/3R4 b - -,
r1b1kb1r/ppp3pp/2p5/3qPp2/5B2/2Q2N2/PPP2PPP/R3K2R b KQkq -,d5e4 c3e3 e4c2 e1h1 f8c5 e3c1 c2c1 a1c1 c5e7 e5e6
6k1/3r1ppp/4bn2/2p1B3/4P2N/3P4/2P3PP/5R1K b - -,h7h5 e5f6 g7f6 h2h3 c5c4 f1f3 d7a7 d3d4 a7a1 h1h2
5r1k/6p1/4Q2p/1P6/1R6/1p5P/5qP1/4R2K b - -,b3b2 e6e5 f2b6 b4b2 h8h7 b2b1 f8b8 e5f5 b6g6 f5g6
8/8/4pRp1/4P3/4PP1k/4r3/7K/8 b - -,
rn4k1/pp3p1p/1q1p2pP/2pP2B1/2P1Q1P1/1P6/P4K2/b5NR b - -,a1d4 f2g2 b8d7 g1f3 d4e5 f3e5 d6e5 g5e7 b6a5 e4e2
r4k2/5pp1/4n3/1R6/P7/2N2P2/3KP3/8 b - -,e6c7 b5e5 f7f6 e5c5 c7e6 c5b5 a8c8 c3d5 c8a8 d5b6
Q5rr/p1pk1R2/4p3/4R2p/3P4/2P3q1/PP6/7K b - -,e6c7 b5e5 f7f6 e5c5 c7e6 c5b5 a8c8 c3d5 c8a8 d5b6
2k5/2p5/1p5p/p1b3p1/P1N3nN/2P5/1P1B1RPP/6K1 b - -,c5f2 g1f1 f2h4 g2g3 g4h2 f1g2 h4g3 d2c1 h2g4 g2g3
3R3Q/p2kr2p/3n2p1/4p3/2p1P3/2q4P/P2N2PK/8 b - -,d7e6 d2f3 d6f7 h8g8 c3e3 d8c8 e6f6 c8c6 e7e6 c6c4
4k3/1R6/8/4bK2/8/8/8/8 b - -,e5a1 f5e6 e8f8 b7b8 f8g7 b8d8 a1b2 d8d7 g7f8 d7d2
r1b2rk1/1p1n1pp1/p1n2q1p/3pp3/8/2P1BNQ1/PP2BPPP/3R1RK1 b - -,f6e6 f3h4 f7f5 f2f4 d7f6 e2f3 e5e4 f3e2 f8d8 e3b6
r1b1kb1r/pp2pppp/2n2n2/q1P5/1P2p3/P1N1B3/2P2PPP/R2QKBNR b KQkq -,a5c7 f1c4 c8g4 d1c1 c7e5 g1e2 g4e2 c3e2 e7e6 e3f4
rn1r1bk1/pp5p/1q2p1p1/3pP3/2p2PP1/2P2B2/P1P1Q2P/R1B1K2R b KQ -,
1kq5/3r3p/1Q4p1/pN6/P1B5/1P4P1/2P4P/2K5 b - -,d7b7 b6d6 b7c7 c4e6 c8b7 d6f8 c7c8 e6c8 b7c8 f8f4
r1b1kb1r/ppp1nppp/2np4/8/2B1Pp1q/2NP1N2/PPP3PP/R1BQ1K1R b kq -,h4f6 h2h4 c8g4 d1d2 c6e5 c3b5 a8c8 d2f4 f6f4 c1f4
8/8/8/2B2kP1/7K/8/b7/8 b - -,
8/8/4R1p1/4P3/4PPk1/4r3/7K/8 b - -,
2k5/8/8/PK6/8/1R6/5b2/8 b - -,c8b7 b3c3 b7b8 b5c4 b8a7 c3f3 f2g1 f3g3 g1f2 g3g2
r2q1rk1/ppp1nppp/3p1n2/4p3/4P3/3P1B1P/PPP2PP1/R1BQ1RK1 b - -,a7a5 a2a4 d8d7 f1e1 e7g6 c2c3 c7c6 d3d4 f8e8 c1g5
r4k2/1Rn2pp1/8/8/P7/2N2P2/3KP3/8 b - -,c7e6 b7b5 e6c7 b5e5 f7f6 e5f5 c7e6 f5b5 a8c8 c3d5
r5kb/pp1nQp1p/1q1p2pP/2pP2B1/2P3P1/1P3N2/P4K2/7R b - -,d7e5 f3e5 d6e5 d5d6 a8f8 d6d7 e5e4 f2e2 h8d4 d7d8q
5r2/2q4p/1p2p3/p7/8/2P5/PP1RR3/2K3k1 b - -,c7g3 e2e6 f8f1 c1c2 f1f2 e6e1 g1g2 e1d1 g3g6 c2c1
r1r3k1/1p1nqpp1/p1p1bn1p/P2p4/1P1P4/2NBP3/2Q1NPPP/1R3RK1 b - -,f6e8 c3a4 e8d6 b1e1 c8e8 f2f3 d6c4 d3c4 d5c4 c2c3
2k5/2p5/1p5p/p5p1/P1N3nN/2P5/1P1B1bPP/5K2 b - -,f2h4 g2g3 g4h2 f1g2 h4g3 d2c1 h2g4 g2g3 g4f6 c1e3
2r5/1p2kp1p/p3pp2/1b6/PP6/1B2PP2/5KPP/3R4 b - -,
r1b1n1k1/p4rPp/2p1pq2/1p6/8/2N3p1/PPB3Q1/2KR3R b - -,f6f3 c2h7 g8g7 g2g1 f3f4 c1b1 f4f2 c3e4 f2g1 d1g1
r1b1n1k1/p6B/2p1pR2/1p6/8/2N3p1/PP1r4/2K4R b - -,g8h8 f6f8 h8g7 f8g8 g7f7 c1d2 e8d6 g8g3 b5b4 c3e4
8/8/5pp1/3p1k2/4b2P/p3K1P1/8/B7 b - -,f5g4 a1f6 g4g3 e3d4 g3f3 d4c3 a3a2 c3d2 e4b1 f6a1
r3r1k1/1p3ppp/1npqb1n1/p2p2N1/3P4/P1NBP2P/1PQ2PP1/1R2R1K1 b - -,d6d8 g5e6 e8e6 b2b4 b6c4 d3c4 d5c4 b4a5 g6h4 c3e2
2n3k1/pp1q1pp1/4p2p/Q1PpP3/3N4/1P5P/P4PP1/6K1 b - -,
2rqr1k1/4bppp/5n2/2n1p3/4P3/R4N2/1P1NQPPP/2B1R1K1 b - -,c5e6 a3b3 d8a5 d2f1 e7f8 b3c3 c8c3 b2c3 a5c3 c1b2
r2q1rk1/pp3ppp/2n2n2/2bp1b2/1P6/P1N1PN2/4BPPP/R1BQ1RK1 b - -,c5d6 c1b2 a8c8 a1c1 f8e8 d1b3 f5e6 c3b5 d6b8 b5d4
r2qkb1r/pbp2ppp/1pn1pn2/3p4/8/P2P1NP1/1PP1PPBP/RNBQR1K1 b kq -,f8e7 b2b4 c6b8 c1b2 c7c5 b4b5 a7a6 a3a4 a6b5 a4b5
rnb1kb1r/pp2pp1p/2p2np1/q2pP1N1/2BP4/2N5/PPP2PPP/R1BQK2R b KQkq -,d5c4 e5f6 b8d7 f6e7 f8e7 d1e2 a5d8 e1h1 e8h8 g5e4
r1r3k1/3Qbppp/4p3/q5P1/4P2P/2PPBP2/3K4/3R3R b - -,c8c7 d7c7 a5c7 d2e2 c7c3 d1d2 f7f5 g5f6 e7f6 f3f4
8/1b6/1k4pr/5n1p/P7/1Q4P1/6rP/2R4K b - -,b6a7 c1c7 f5d6 c7b7 d6b7 b3e3 a7a8 e3e8 a8a7 h1g2
rr4k1/2pbnppp/p1np4/1p6/3P3N/2P3P1/PP3P1P/RNR2BK1 b - -,g8f8 h4g2 e7d5 b1d2 a6a5 f1e2 a8a7 e2f3 c6e7 a2a3
3N1r1k/5qpb/2R4p/1P6/1p1b4/8/4QPPP/4R2K b - -,f8d8 b5b6 b4b3 e1d1 h7g8 c6c7 f7f4 c7g7 h8g7 e2e7
6k1/3r1ppp/4b3/2p5/4P1nN/2BP4/2P3PP/5R1K b - -,c5c4 d3d4 d7e7 f1e1 e6c8 e4e5 f7f6 h4f3 f6e5 d4e5
2k5/2p5/1p5p/p5p1/P1N3nb/2P3P1/1P1B3P/5K2 b - -,g4h2 f1g2 h4g3 d2c1 h2g4 g2g3 g4f6 g3f3 c8d7 c1e3
8/8/6R1/4P3/4Pk2/4r3/7K/8 b - -,
r2qkb1r/pppn1pp1/2b1pn1p/8/3P4/2PB1NN1/PP3PPP/R1BQ1RK1 b kq -,f8e7 d3c2 e8h8 f1e1 a7a5 c1f4 a5a4 a2a3 b7b5 d1d3
5k2/5pp1/1p5p/p3r3/8/2BB1P2/PP3K1P/8 b - -,e5h5 f2g2 h5g5 g2h1 f8e7 a2a3 g7g6 d3e2 g5d5 h2h3
r1b1nR1k/p6B/2p1p3/1p6/8/2N3p1/PP1r4/2K4R b - -,h8g7 f8g8 g7f7 c1d2 e8d6 g8g3 c8a6 c3e4 d6e4 h7e4
5r2/1q2p1bk/3p3p/6p1/3P4/2PN2R1/1PQ4P/6K1 b - -,
r1b1n1kR/p2r2P1/2p1pq2/1p6/8/2N3p1/PPBQ4/2KR4 b - -,g8g7 d1h1 g7f7 d2e2 f7e7 e2g4 f6e5 c3e4 e7d8 h8e8
8/8/5R2/4P3/4rk2/8/7K/8 b - -,
r1b1kb1r/ppp1nppp/2np4/1N6/2B1Pp1q/3P4/PPP3PP/R1BQ1KNR b kq -,e8d8 g1f3 h4f6 c1d2 c6e5 h2h4 a7a6 b5d4 e5g4 c2c3
r1bqkbnr/1pp1pppp/p1n5/3P4/P1p1P3/8/1P3PPP/RNBQKBNR b KQkq -,c6a5 b1a3 e7e6 a3c4 f8b4 c1d2 b4d2 c4d2 e6d5 e4d5
5rk1/p4ppp/4p3/1p3n2/2pP2q1/P1P1PR2/1P3QP1/5RK1 b - -,h7h5 f1e1 f5d6 f3f4 g4g5 f4h4 g7g6 h4f4 g8g7 e3e4
2k5/2p5/1p5p/p5p1/P1N4b/2P3P1/1P1B2Kn/8 b - -,h4g3 d2c1 h2g4 g2g3 g4f6 c1e3 c8d7 g3f3 d7e6 e3f2
2q1rrk1/4b1p1/2n1p2p/1p1pPp1P/p1nP1PP1/P1B4R/1PN1QNK1/5R2 b - -,f8f7 g4f5 f7f5 f2d3 e7d8 g2h2 d8b6 h2h1 c8d7 e2g4
8/8/8/2B1k1PK/8/8/b7/8 b - -,
4k3/6R1/8/5K2/8/6b1/8/8 b - -,g3e1 f5e6 e8d8 g7d7 d8c8 e6d6 e1g3 d6c6 c8b8 d7b7
2b5/1p6/pP2k1p1/1P1pPp1p/3K1P1P/3B4/6P1/8 b - -,a6b5 d3b5 g6g5 h4g5 h5h4 d4c5 d5d4 c5d4 e6f7 d4d5
1kr5/8/1P6/1K1P4/P1P5/8/8/8 b - -,c8g8 a4a5 b8c8 a5a6 g8d8 b5c6 c8b8 d5d6 d8c8 c6b5
r7/p4R2/b1p1p3/1p2k3/8/6R1/PPBK4/8 b - -,e5d6 g3a3 a6c8 a3d3 d6c5 d3c3 c5d6 c3c6 d6c6 c2e4
r1b1n1R1/p5kB/2p1p3/1p6/8/2N3p1/PP1r4/2K4R b - -,g7f6 c3e4 f6e7 c1d2 g3g2 g8g2 c8b7 e4c5 a8d8 d2c1
rnb1k2r/p2Q1ppp/1n2p3/1Nb1P1B1/2p5/5N2/PP2BPPP/R3K2R b KQkq -,c8d7 b5c7 e8f8 c7a8 b6a8 e2c4 a8b6 c4d3 d7c6 a1c1
r1b1n1kR/p5P1/2p1pq2/1p6/8/2N3p1/PPBr4/2K4R b - -,c8d7 b5c7 e8f8 c7a8 b6a8 e2c4 a8b6 c4d3 d7c6 a1c1
r1b1k1nr/pppp1ppp/5q2/2b1p3/2BnP3/4BN2/PPP2PPP/RN1Q1RK1 b kq -,d4f3 d1f3 f6f3 g2f3 c5e3 f2e3 d7d6 b1c3 c8d7 f3f4
r2qkb1r/pppn1pp1/2b1pN1p/8/3P4/2PB1N2/PP3PPP/R1BQ1RK1 b kq -,d8f6 f3d2 f8d6 d2c4 d6f4 c4e3 e8h8 d1e2 a8d8 b2b4
r2q1rk1/pp2bppp/3p1n2/2p5/4PB2/1BN2P1b/PPP2P1P/R2QR2K b - -,a8c8 b3d5 d8d7 a2a4 h3e6 a4a5 g8h8 f4g3 f6d5 c3d5
r4k2/2n3p1/5p2/2R5/P7/2N2P2/3KP3/8 b - -,c7e6 c5b5 a8c8 e2e3 f8e7 b5b7 e7d6 c3e4 d6c6 b7e7
8/4B2p/p6P/4b1P1/P5k1/4K3/8/8 b - -,g4h5 e3e4 e5c3 e4d5 a6a5 e7d8 h5g6 d5c6 g6f7 c6b6
r1br2k1/ppp2pbp/n4np1/4N3/2P5/P1N1P2P/1P3PP1/R1B1KB1R b KQ -,c8f5 g2g4 f5c2 f2f4 a6c5 b2b4 c5b3 a1a2 c2e4 c3e4
2b5/1p6/1P2k1p1/1B1pPp1p/3K1P1P/8/6P1/8 b - -,e6e7 d4d5 c8e6 d5c5 e6c8 b5a4 e7e6 a4b3 e6e7 b3d5
8/8/2k5/2p5/1pKp1P2/3B4/1PP5/2n5 b - -,c6d7 c4c5 b4b3 c5d4 b3c2 d3c2 d7d6 c2d3 c1b3 d4c4
r4k2/6p1/4np2/1R6/P7/2N2P2/3KP3/8 b - -,a8c8 c3d5 c8a8 d5b6 a8a6 d2c3 f8f7 a4a5 e6c7 b5c5
2r2rk1/pp2p1bp/2n1p1p1/2p3N1/2P1P1B1/7P/P4PP1/1R1R2K1 b - -,c8e8 g4e6 g8h8 e6d7 e8a8 d7c6 b7c6 g5e6 f8f6 e6c5
3r2r1/1pk2p2/p2qR2p/2Np2p1/2PP4/1P3Q1P/1P4P1/5RK1 b - -,d6e6 c5e6 f7e6 f3g3 c7b6 c4c5 b6a7 g3c7 d8b8 c7b6
r1b1n1R1/p4k1B/2p1p3/1p6/8/2N3p1/PP1K4/7R b - -,e6e5 g8g3 f7e7 h7c2 e7d6 g3g6 d6c5 d2c1 a7a5 c3e4
1r4k1/r1pbnppp/p1np4/1p6/3P3N/2P3PB/PP3P1P/RNR3K1 b - -,d7h3 h4g2 a6a5 c1e1 e7d5 b1d2 a5a4 a2a3 h3d7 f2f3
8/2p4p/1pB2kp1/1P3p2/5P2/6PP/8/4K3 b - -,f6e7 e1e2 e7e6 e2e3 e6d6 e3d3 d6e7 d3d4 e7d6 h3h4
r1b3R1/p6R/2p2k2/1p3p2/8/8/PP1K4/8 b - -,a7a5 h7h8 a8a7 g8c8 a7g7 c8c6 f6e5 d2e3 g7g3 e3f2
8/2N3kP/p7/1p6/1Pp1K3/b7/8/8 b - -,a3b4 c7d5 b4a5 h7h8q g7h8 d5e3 h8h7 e4d5 a5d2 e3c2
2k5/8/K7/P7/8/5R2/5b2/8 b - -,f2d4 f3f8 c8c7 f8f7 c7b8 f7b7 b8c8 b7b1 d4f2 b1c1
r1b1n1QR/p4k2/2p1pq2/1p6/8/2N3p1/PPBr4/2K4R b - -,f2d4 f3f8 c8c7 f8f7 c7b8 f7b7 b8c8 b7b1 d4f2 b1c1
r2qkb1r/ppp2pp1/2b1pn1p/4N3/3P4/2PB4/PP3PPP/R1BQ1RK1 b kq -,d8d5 e5c6 d5c6 a2a4 c6d7 a4a5 a7a6 b2b4 c7c6 f1e1
5rk1/1Q3p2/p2p1qpp/P2P4/1P4P1/3B3P/2P3K1/8 b - -,f8e8 b7b6 f6f4 b6f2 f4b4 d3a6 b4a5 a6c4 a5c3 c4d3
8/4B2p/p6P/6P1/P2K1bk1/8/8/8 b - -,g4f5 d4c5 f5e6 e7d8 f4e3 c5c6 e6f7 c6b7 a6a5 b7a6
r1r3k1/3Q1ppp/4p3/qn4P1/1b2P2P/2NPBP2/1P2K3/3R3R b - -,b4c3 d1a1 a5b4 b2c3 b4b2 e3d2 a8b8 a1a7 b5a7 d7a7
r1b1n1k1/p4rPp/2p1pq1R/1p6/8/2N3p1/PPBQ4/2KR4 b - -,f6f3 h6h7 f3f4 d2f4 f7f4 d1d8 c8b7 d8d7 f4f1 c3d1
8/8/4b1P1/2B1k2K/8/8/8/8 b - -,
r1b1kb1r/ppp3pp/2p5/4Pp2/4q3/2Q1BN2/PPP2PPP/R3K2R b KQkq -,f8b4 e1h1 b4c3 b2c3 f5f4 e3c5 e4c4 e5e6 c4c5 f1e1
r2q1rk1/pp3ppp/5n2/2bp1N2/8/P1N1P3/1P2BPPP/n1BQ1RK1 b - -,d8c8 g2g4 f8e8 e2f3 h7h5 b2b4 c5e3 c1b2 d5d4 c3d5
r1bq1rk1/1pp2ppp/p1np1n2/2b5/8/NP1QP1N1/PBP1BPPP/R4RK1 b - -,c6e5 d3d2 h7h5 b3b4 c5b6 a1d1 f8e8 b2e5 e8e5 a3c4
5r2/1q2p1bk/3p3p/6p1/3P4/2PN2P1/1PQ3R1/6K1 b - -,
8/6k1/6p1/8/p5P1/3K3P/5P2/8 b - -,
4rnk1/5pp1/8/2p4P/2q3P1/p1NR1P2/P2QP1K1/8 b - -,c4b4 c3e4 f8e6 d3d7 e8b8 g2f2 b4b2 g4g5 b2d2 d7d2
r2q1rk1/pp2bppp/3p4/2p4n/4P3/1BN2PBb/PPP2P1P/R2QR2K b - -,a8c8 c3d5 c5c4 b3a4 g7g6 c2c3 e7f6 f3f4 h3e6 d5e3
4r2k/pp2b1p1/2q4n/8/2Pp1PbP/PP1Q2P1/1K1B4/4R2R b - -,g4f5 d3f1 d4d3 h1g1 b7b5 d2c3 b5c4 f1f2 c6b5 b3b4
r2r1nk1/pp5p/1q2pPp1/2bpP3/2p3PP/2P2B2/P1P1Q3/R1B1K2R b KQ -,d5d4 e1f1 d4d3 c2d3 d8d3 f1g2 c5e3 c1e3 b6e3 e2e3
r1b3RR/8/2p2k2/pp3p2/8/8/PP1K4/8 b - -,f6e5 g8c8 a8a7 c8c6 a7d7 d2e3 f5f4 e3e2 a5a4 c6c5
4k3/6R1/4K3/8/8/8/7b/8 b - -,e8d8 g7h7 h2f4 h7h4 f4g3 h4c4 g3h2 c4c3 h2c7 c3d3
rn1q1rk1/1b3pp1/p3pn1p/1p4N1/1P3P2/P1BBP3/6PP/R2Q1RK1 b - -,h6g5 f4g5 d8d5 f1f3 f6e4 f3h3 e4g5 h3g3 f7f6 d1e2
2k2R2/8/K7/P7/8/8/8/6b1 b - -,c8c7 a6b5 c7b7 a5a6 b7a7 f8f1 g1e3 f1f7 a7a8 b5c4
r1b1n1QR/p3k2R/2p1pq2/1p6/8/2N3p1/PPBr4/2K5 b - -,c8c7 a6b5 c7b7 a5a6 b7a7 f8f1 g1e3 f1f7 a7a8 b5c4
r1b1kn1r/1p2bppp/4p3/3pP1B1/p2P4/1q3NNP/nPB2PP1/1R1QR1K1 b kq -,b3f3 d1f3 e7g5 f3a3 c8d7 g3e2 f8g6 a3a2 e8h8 c2d3
3r2r1/1pk2Q2/p2qp2p/2Np2p1/2PP4/1P5P/1P4P1/5RK1 b - -,d8d7 c5d7 g8d8 d7c5 d8d7 c5d7 d6d7 f7g8 d5c4 f1f7
2r2rk1/pp2p1bp/2n1N1p1/2p5/2P1P3/7P/P3BPP1/1R1R2K1 b - -,g7d4 e6f8 c8f8 b1b7 d4f2 g1h1 f2h4 d1f1 f8d8 b7c7
8/2B5/8/3K1kp1/5p2/8/8/8 b - -,
r1b1k2r/6pp/p1pB4/4p3/4Pn2/2N5/P1P2K1P/1R5R b kq -,f4h5 h1g1 a8a7 f2e3 h5f6 d6e5 e8h8 e5f6 f8f6 b1b8
r2q1rk1/pb1nbppp/1pp1pn2/3p2B1/2PPP3/5NP1/PPQN1PBP/R4RK1 b - -,h7h6 g5f4 d5e4 d2e4 c6c5 e4f6 d7f6 c2e2 c5d4 a1d1
8/8/4bkPK/2B5/8/8/8/8 b - -,
1k6/1q1r3p/6p1/QN6/P1B5/1P4P1/2P4P/2K5 b - -,g6g5 a5e1 b7c6 e1e5 b8b7 c4e6 h7h5 e6d7 c6d7 a4a5
r2qr1k1/ppp2pbp/3p2p1/1NnP4/3pP3/5Q1P/PPP2PP1/3RRBK1 b - -,c5a4 b2b3 a4c3 b5c3 d4c3 g2g3 e8e7 g1g2 d8d7 f3g4
1k5r/8/1P6/1KPP4/P7/8/8/8 b - -,h8h6 d5d6 b8c8 b5c6 h6h2 a4a5 h2a2 d6d7 c8d8 b6b7
r2qnrk1/1bp2pbp/1p1p2p1/p1nPp3/2P1P3/PPN2N2/1BQ1BPPP/R4RK1 b - -,b7c8 b3b4 c5a6 c2b3 d8e7 a1d1 f7f5 e4f5 g6f5 b2c1
4Qr1k/p6P/8/1p2p3/8/8/PPB5/2KN2q1 b - -,f8e8 c2b3 e8c8 c1d2 g1g2 d2e3 c8d8 d1f2 d8f8 f2d1
r1r5/pp5p/2kqRpp1/3p2N1/5Q2/8/PP3PPP/6K1 b - -,c8d8 f4f6 d6e6 g5e6 d8c8 e6d4 c6c5 h2h4 c5c4 f6f4
r3kb1r/ppp2pp1/2b1pn1p/3qN3/3P4/2PB1P2/PP4PP/R1BQ1RK1 b kq -,c6b5 d3b5 d5b5 a2a4 b5d5 b2b4 f8e7 c3c4 d5d6 a4a5
r1r3k1/3Q1ppp/4p3/qn4P1/4P2P/2bPBP2/1P2K3/R6R b - -,a5d8 d7d8 c8d8 a1a8 d8a8 b2c3 a8a2 e3d2 f7f6 e2e3
r4k2/2n3p1/1R3p2/8/P7/2N2P2/3KP3/8 b - -,c7a6 b6c6 f8e7 c3b5 e7d7 c6c4 g7g5 d2c3 a8b8 c4d4
r3r1k1/1p3pp1/1npqN1np/p2p4/3P4/P1NBP2P/1PQ2PP1/1R2R1K1 b - -,g6h4 e6f4 b6c4 d3c4 d5c4 c3e4 d6e7 e4g3 c6c5 d4d5
8/2k2R2/K7/P7/8/8/8/6b1 b - -,c7c6 f7f1 g1e3 f1e1 e3d2 e1e2 d2b4 e2b2 b4e1 b2c2
8/8/7Q/1kb2P2/2p3P1/5K2/4n2P/8 b - -,e2d4 f3e4 c4c3 h6c1 c3c2 c1b2 b5c6 g4g5 c5e7 f5f6
q4rk1/4n1pp/2p1B3/5p2/3PP3/2PQ4/5PPP/2B2RK1 b - -,g8h8 e4f5 e7d5 e6d5 c6d5 c1f4 a8e8 f4d6 f8f7 d6e5
r1q2rk1/pp3ppp/5n2/2bp1N2/6P1/P1N1P3/1P2BP1P/n1BQ1RK1 b - -,f8e8 e2f3 e8e5 c3d5 f6d5 f3d5 a1c2 b2b4 c5e7 d1d3
8/6k1/6p1/8/6P1/p1K4P/5P2/8 b - -,g7h6 f2f4 h6g7 c3b3 g7f6 b3a3 f6e6 a3a2 e6d6 h3h4
2r2rk1/1p1n1ppR/pq1bp3/3p4/3n1P2/PP1B4/1BPN2PP/R2Q2K1 b - -,d6f4 d1h5 g7g6 d3g6 d7e5 g6f7 f8f7 h7h8 g8g7 h8c8
r3kbnr/pppqpppp/2n5/3p4/3P1B2/2P2P2/PP2QPPP/RN2KB1R b KQkq -,g8f6 h2h4 e7e6 b1d2 f8d6 f4e5 e8h8 g2g4 a7a5 f1h3
4rnk1/5pp1/8/2p4P/1q2N1P1/p2R1P2/P2QP1K1/8 b - -,f8e6 d3d7 e8b8 g2f2 b4b2 g4g5 b2d2 d7d2 e6f4 f2e3
2k5/2p5/1p5p/p5p1/P1N5/2P3K1/1P1B3n/8 b - -,h2f1 g3g4 f1d2 c4d2 c8d7 d2e4 d7e6 g4f3 e6d5 f3e3
5r2/pp1rq1k1/2pp1p1p/P4Rn1/1PPPP1Q1/1B6/6P1/5R1K b - -,g7h7 b3c2 h7h8 e4e5 d6e5 d4e5 g5h7 g4f4 e7b4 f4h6
2k5/5R2/8/PK6/8/8/8/6b1 b - -,g1e3 a5a6 c8b8 b5c6 b8a8 c6d5 a8b8 f7f3 e3g1 f3g3
r1b1n1QR/p6R/2pkpq2/1p6/4N3/6p1/PPBr4/2K5 b - -,g1e3 a5a6 c8b8 b5c6 b8a8 c6d5 a8b8 f7f3 e3g1 f3g3
3k4/8/4K3/8/8/8/6Rb/8 b - -,h2f4 g2g8 d8c7 e6d5 f4d2 g8f8 d2e1 f8f7 c7b6 f7f3
2rqr1k1/1b1nbppp/B2p1n2/4p3/R2PP3/5N2/1P1NQPPP/2B1R1K1 b - -,b7a6 e2a6 d6d5 f3e5 d7b6 a4a5 d5e4 a5b5 f6d5 a6a2
6k1/Qp4p1/3p1r2/2p1p3/2PnRrqp/3P4/PP3PPP/4RN1K b - -,b7a6 e2a6 d6d5 f3e5 d7b6 a4a5 d5e4 a5b5 f6d5 a6a2
r1b5/p4k1B/2pnp3/1p6/8/2N3R1/PP1K4/7R b - -,c8a6 b2b4 a8d8 d2c1 d6f5 h7f5 e6f5 h1h7 f7f6 h7h6
8/2p4p/1pB2k2/1P3pP1/8/6PP/8/4K3 b - -,f6g5 e1f2 g5h5 f2e2 h5h6 e2f3 h6g6 f3f4 g6f6 h3h4
4Q1Bk/p7/8/1p2p3/8/8/PPB5/2KN2q1 b - -,g1g5 c1b1 g5g8 e8e5 g8g7 e5b8 g7g8 b8a7 g8g7 a7b8
5k2/5pp1/1p5p/p6r/8/2BB1PK1/PP5P/8 b - -,h5g5 g3f2 g5h5 f2g2 h5g5 g2h1 g5d5 d3c2 f8e7 h2h3
r1bqkb1r/pp3pp1/1np1p2p/8/4Q3/1B3N2/PPPP1PPP/R1B1K2R b KQkq -,b6d7 d2d4 f8d6 e1h1 d7f6 e4h4 e8h8 f1e1 f6h7 h4e4
r4k2/6p1/n4p2/1R6/P7/2N2P2/3KP3/8 b - -,a6c7 b5b6 c7a6 b6c6 f8e7 c3b5 e7d7 c6c4 g7g6 c4g4
r4rk1/pp3pp1/3pb2p/3Pn3/qP3N2/PQ4P1/2P2P1P/R3KB1R b KQ -,e5f3 b3f3 e6f5 f1d3 f8e8 e1f1 a4d7 d3f5 d7f5 f1g2
2kr1bnr/pppqpppp/2n5/3p4/3P1B2/2P2PP1/PP2QP1P/RN2KB1R b KQ -,c8b8 b1d2 e7e6 f1g2 f7f6 e1a1 g7g5 f4e3 f8d6 h2h4
7R/r7/2R5/pp2kp2/8/8/PP1K4/8 b - -,e5e4 c6c5 a7d7 d2e2 d7g7 h8e8 e4d4 c5b5 g7h7 e2f3
2r3k1/pp2p1Np/2n2rp1/2p5/2P1P3/7P/P3BPP1/1R1R2K1 b - -,c8a8 e4e5 c6e5 b1b7 e5c6 e2f3 g8g7 f3c6 f6c6 b7e7
8/8/5kp1/8/6P1/pK5P/5P2/8 b - -,f6e5 b3a3 e5e4 a3b4 e4e5 b4c3 e5f4 c3d4 f4f3 d4e5
4r1k1/3R1pp1/4n3/2p4P/1q2N1P1/p4P2/P2QP1K1/8 b - -,e8b8 g2f2 b4b2 g4g5 b2d2 d7d2 e6f4 f2e3 f4h5 d2d3
Q1bq3k/p2n2bp/4P1p1/1pp5/5rn1/2N2N2/PP2B1PP/R3K2R b KQ -,g4e3 e6d7 d8d7 a1d1 e3d1 c3d1 f4f8 a8e4 f8e8 e4c2
8/5p2/4p1p1/4P3/4PPkP/7r/5RK1/8 b - -,h3g3 g2h2 g3f3 f2c2 f3f4 h2g2 f4e4 h4h5 g6h5 c2f2
8/6P1/5k1K/2Bb4/8/8/8/8 b - -,
r1b1n1QR/p6R/2p1pN2/1p1k4/8/6p1/PPBr4/2K5 b - -,d5f7 g7g8q f7g8 c5d4 f6f5 d4f2 g8f7 h6g7 f5g4 f2c5
r4r1k/pp4pp/1q4b1/4Q3/2B4P/5pP1/PP3P2/2R1R1K1 b - -,f8e8 e5c3 b6c6 b2b3 h7h6 c3b4 a8d8 e1e8 d8e8 c1d1
r1q2rk1/pp3ppp/5n2/2bp4/8/P1N1P1N1/1P2BPPP/n1BQ1RK1 b - -,f8d8 c1d2 d5d4 d1a1 d4c3 d2c3 c8e6 b2b3 c5f8 e2c4
2r5/pR2p1kp/2n2rp1/2p5/2P1P3/7P/P3BPP1/3R2K1 b - -,f6f8 d1d5 c8b8 b7b8 f8b8 d5c5 b8b1 e2f1 c6d4 f2f3
1k5r/8/1P6/PK1P4/2P5/8/8/8 b - -,h8h5 b5c6 h5h8 c4c5 h8g8 a5a6 b8a8 d5d6 g8c8 c6d5
r2q1rk1/pp2bppp/3p4/2p5/4P3/1BN2PPb/PPP4P/R2QR2K b - -,e7f6 c3d5 h3e6 d5f4 e6c8 c2c3 b7b5 d1e2 a8b8 f4d5
2kr1b1r/pppqpppp/2n2n2/3p4/3P1B2/2P2PP1/PP2QPBP/RN2K2R b KQ -,h7h6 e1h1 e7e6 b2b4 g7g5 f4e3 c6e7 b1d2 e7f5 a2a4
7R/r7/8/ppR2p2/4k3/8/PP1K4/8 b - -,a5a4 c5b5 a4a3 b2b3 a7g7 h8f8 g7g2 d2c3 f5f4 b5b4
rnbqk1nr/ppp1bpp1/4p3/3p3p/2PP1B2/2N2N2/PP2PPPP/R2QKB1R b KQkq -,a7a6 e2e4 d5e4 c3e4 g8f6 f1d3 b8c6 d3c2 b7b5 e4f6
8/2p4p/1pB5/1P3pk1/8/6PP/5K2/8 b - -,g5g6 h3h4 g6g7 f2f3 g7f6 f3f4 f6e6 f4g5 e6e5 c6d7
8/8/6p1/4k3/6P1/K6P/5P2/8 b - -,g6g5 a3b3 e5d4 b3c2 d4e5 c2d2 e5e4 d2e2 e4d4 f2f3
2rqr1k1/3nbppp/R2p1n2/4p3/3PP3/5N2/1P1NQPPP/2B1R1K1 b - -,e5d4 f3d4 e7f8 e2d1 d7e5 d2f3 d8d7 a6a1 d7b7 d1b3
2kr1b1r/pppqpp1p/2n2np1/3p4/3P1B2/2P2PP1/PP1NQPBP/R3K2R b KQ -,f6h5 f4e3 h5g7 f3f4 g7f5 b2b4 f5e3 f2e3 e7e6 e1h1
8/8/7Q/1kb2P2/2pnK1P1/8/7P/8 b - -,c4c3 h6c1 c3c2 c1b2 b5a4 e4d3 a4a5 f5f6 d4c6 d3e4
8/5p2/4p1p1/4P3/4PPkP/6r1/5R1K/8 b - -,g3f3 f2d2 f3f4 h2g2 f4e4 h4h5 g6h5 d2f2 e4f4 f2e2
2r5/pR2p1kp/5rp1/2p5/2PnP1B1/7P/P4PP1/3R2K1 b - -,c8a8 e4e5 f6f7 e5e6 f7f8 b7e7 g7g8 e7c7 f8c8 c7b7
3r2k1/p4ppp/4Bb2/1p6/1n1P4/1P3N2/PB3PPP/2nR1K2 b - -,c1a2 e6g4 a7a6 f3e5 b4d5 g4f3 a2b4 g2g3 g7g6 d1c1
1k6/5R2/P7/1K6/8/8/8/6b1 b - -,g1d4 f7f8 b8a7 f8e8 d4f2 b5c6 f2g1 e8e7 a7b8 e7e1
1r4k1/3R1pp1/4n3/2p3PP/4N3/p4P2/Pq1QPK2/8 b - -,b2e5 d2d6 e5d4 d6d4 c5d4 g5g6 f7g6 h5g6 b8d8 d7a7
r1q2rk1/pp3ppp/5n2/2bp1N2/8/P1NBP3/1P3PPP/n1BQ1RK1 b - -,f6e4 f5g7 e4c3 b2c3 g8g7 c1b2 c8d7 c3c4 d5d4 d3e4
5rk1/pp5p/8/2PpK1N1/8/4B3/PP2P1q1/R1Q1R3 b - -,f8e8 e5d4 g2g4 d4c3 b7b6 e1g1 h7h5 g5f3 g8f7 g1f1
7R/r7/8/1R3p2/p3k3/8/PP1K4/8 b - -,a4a3 h8h4 f5f4 b5b4 e4e5 b2b3 a7a8 b4f4 a8g8 f4g4
r3kb1r/ppp2pp1/4pn1p/1b1qN3/3PB3/2P2P2/PP4PP/R1BQ1RK1 b kq -,f6e4 f3e4 d5e4 f1f7 e8a8 c1f4 b5e8 f4g3 e8f7 e5f7
r1b1n3/p4rkB/2p1pq2/1p6/8/6p1/PP1QN3/2KR3R b - -,a8b8 e2g3 g7f8 g3h5 f6e5 h7g6 e8d6 h5f6 b8b6 g6f7
rnbqk1nr/pp5p/3p2p1/2pPPp2/5p2/2N3P1/PPPQ2BP/R3K1NR b KQkq -,a7a6 g3f4 d8h4 e1d1 d6e5 f4e5 h4d4 g1f3 d4d2 f3d2
2r5/1p2kp1p/p1b1pp2/8/PP1R4/1B2PP2/5KPP/8 b - -,
r1b4R/p6R/2p1pn2/1p1k2Q1/8/6p1/PPBr4/2K5 b - -,c6e8 f2e2 c8c1 d4d1 c1c3 d1d3 c3c1
1r4k1/r1pbnppp/p1np4/1p6/3P3N/2P3P1/PP3PBP/RNR3K1 b - -,a6a5 a2a3 a5a4 b1d2 g8f8 g2e4 c6a5 h4g2 e7c8 c1e1
8/5p2/4p1p1/4P3/4PPkP/7r/5R2/6K1 b - -,h3f3 f2b2 f3f4 g1g2 f4e4 h4h5 g6h5 b2f2 e4f4 f2e2
rnbqk1nr/ppp1bp2/4p3/3p2pp/2PP4/2N1BN2/PP2PPPP/R2QKB1R b KQkq -,h5h4 d1d2 g5g4 f3e5 g8f6 h2h3 b8d7 e3f4 d7e5 f4e5
r1b1n1k1/p4rPp/2p1pq2/1p6/8/2N3pR/PPBQ4/2KR4 b - -,f7g7 c3e4 f6f3 e4g3 e6e5 c2b3 g8h8 h3h7 g7h7 d1f1
8/8/8/4k1p1/6P1/1K5P/5P2/8 b - -,e5d5 b3c3 d5d6 c3d3 d6c6 f2f4 c6d5 d3e3 d5c4 e3e4
7k/5q2/5N2/4Q3/8/8/n7/1K6 b - -,
2b2rk1/1pNp1ppp/1p4n1/rB2P3/8/8/PPPK1PPP/R6R b - -,g6e5 b2b4 a5a3 d2c1 d7d6 c1b2 a3a7 a1d1 e5g4 h1e1
6Q1/8/7K/2Bb1k2/8/8/8/8 b - -,
4r3/R3p1kp/5rp1/2p5/2PnP1B1/7P/P4PP1/3R2K1 b - -,h7h6 a7c7 h6h5 c7c5 e7e5 c5c7 g7h6 g4d7 e8f8 c7c8
6k1/p2bBpb1/q2p2p1/r6p/2pNP2P/P1P2P2/1Q4P1/K2R3R b - -,g7e5 a1a2 d7a4 b2b8 g8h7 b8b4 a4d1 h1d1 a5a4 b4b2
rnbqk1nr/ppp1bp2/4p3/3pN2p/2PP2p1/2N1B3/PP2PPPP/R2QKB1R b KQkq -,g8f6 h2h3 b8c6 e3f4 g4h3 h1h3 c6e5 f4e5 d5c4 e2e4
2rqr1k1/3nbppp/R2p1n2/8/3NP3/8/1P1NQPPP/2B1R1K1 b - -,
3r4/1p2k2p/r1pnbpp1/p3p3/P3P3/1PN1BP2/1K1R2PP/3R4 b - -,d6f7 d2d8 f7d8 g2g4 d8f7 h2h4 h7h6 c3b1 b7b6 b1a3
r1b4R/p6R/2p2n2/1p1kp3/8/6p1/PPBQ4/2K5 b - -,b7b6 f3f4 e5f4 e3f4 d6b7 d2d8 b7d8 e4e5 d8f7 e5f6
1r4k1/3R1pp1/3Qn3/2p1q1PP/4N3/p4P2/P3PK2/8 b - -,e5d4 d6d4 c5d4 g5g6 f7g6 h5g6 b8d8 d7a7 e6f4 e4c5
k7/1R6/P7/1K6/8/8/8/6b1 b - -,g1c5 b7c7 c5d4 c7c8 a8a7 b5c6 d4e3 c8e8 e3g1 e8e7
1k6/3r3p/2q3p1/1N6/PQB5/1P4P1/2P4P/2K5 b - -,c6f3 b5d4 f3b7 b4f8 b7c8 f8c8 b8c8 c4e6 c8c7 e6d7
1r6/r1p1nkpp/2bp1p2/P1p5/4PN2/2B2P2/2P3PP/RR4K1 b - -,b8h8 g2g4 c6d7 g1f2 e7g6 f4h5 h7h6 b1h1 g6f8 h5f4
1knr1b1r/ppqb1pp1/4p2p/n2pP3/2pP4/P1P2NN1/1PQ2PPP/1RBBR1K1 b - -,f8e7 c2e2 d8g8 h2h3 c7d8 g3h5 b8a8 g2g3 g7g6 h5f4
r4rk1/pp3pp1/3pb2p/3Pn3/1P3N2/PP4P1/5P1P/R3KB1R b KQ -,e6c8 f1e2 f8e8 e1h1 e8e7 f4g2 g7g5 f1c1 c8h3 c1c3
r1b1n3/p4rkB/2p1pq2/1p6/8/8/PP1QN1p1/2K3RR b - -,e6e5 g1g2 g7f8 g2g8 f8e7 h1d1 c8h3 d2b4 e8d6 g8g6
2kr1b1r/1ppqpp1p/p1n2np1/3p4/3P1B2/2P2PP1/PP1NQPBP/2KR3R b - -,f6e8 h2h4 e7e6 h4h5 h8g8 f4g5 f8e7 f3f4 e8d6 d2b3
q4r1k/4n1pp/2p1B3/5P2/3P4/2PQ4/5PPP/2B2RK1 b - -,a8a5 c1f4 e7f5 e6f5 a5f5 d3f5 f8f5 f4e5 h8g8 f1b1
8/2p5/1pB5/1P3pkp/8/5KPP/8/8 b - -,h5h4 g3h4 g5h4 f3f4 h4h3 f4f5 h3g3 f5e6 g3f4 e6d7
2k5/2p5/1p5p/p5p1/P1N5/2P3b1/1P4Kn/2B5 b - -,h2g4 g2g3 g4f6 g3f3 c8d7 c1e3 f6e8 e3f2 d7e7 f2g3
8/r7/8/1R3p2/4k2R/p7/PP1K4/8 b - -,f5f4 b5b4 e4e5 b2b3 f4f3 h4h5 e5f6 b4f4 f6e6 f4f3
5rk1/pp5p/8/2P1K1N1/2Qp4/4B3/PP2P1q1/R3R3 b - -,f5f4 b5b4 e4e5 b2b3 f4f3 h4h5 e5f6 b4f4 f6e6 f4f3
4r2k/pp4p1/2qb3n/8/2PQ1P1P/PP4P1/1K1Bb3/3R3R b - -,h6f5 d4d5 c6d5 c4d5 e2d1 h1d1 f5g3 d2b4 g3f5 b4d6
r2q1rk1/pb2bpp1/7p/n1p1Q3/B7/3P4/PPP2PPP/RNB2RK1 b - -,c5c4 b1c3 c4d3 c2d3 b7c6 e5g3 e7h4 g3g4 f7f5 g4h5
1r4k1/3R1pp1/4n3/2p3PP/3QN3/p4P2/P3PK2/8 b - -,c5d4 g5g6 f7g6 h5g6 b8d8 d7a7 e6f4 e4c5 d8e8 c5d3
4r3/R2Bp1k1/5rp1/2p4p/2PnP3/7P/P4PP1/3R2K1 b - -,e8g8 a2a4 g8f8 f2f3 f6d6 d1e1 d4c2 e1e2 d6d1 g1f2
8/2k2K2/4B3/8/N7/8/8/8 b - -,c7c6 f7f6 c6b5 a4c3 b5c6 f6e5 c6c7 c3b1 c7d8 b1a3
4r1k1/5pp1/5n2/p7/2pR1qP1/2N2P1P/P3PQK1/8 b - -,f4g5 d4c4 f6d7 c4e4 e8e4 c3e4 g5b5 f2e3 d7f8 e3d3
3r2k1/p5pp/4pb2/1p6/1n1P4/PPBn1N2/5PPP/3R1K2 b - -,b4c6 d1d3 e6e5 d4d5 e5e4 c3f6 g7f6 d3c3 e4f3 c3c6
r1R5/p6R/2p1kn2/1p2p3/8/6p1/PPBQ4/2K5 b - -,b4c6 d1d3 e6e5 d4d5 e5e4 c3f6 g7f6 d3c3 e4f3 c3c6
r1br2k1/ppp2pbp/5np1/2n1N3/1PP5/P1N1P2P/5PP1/R1B1KB1R b KQ -,f6e4 c3e4 g7e5 e4c5 e5a1 f1e2 b7b6 c5e4 a8b8 f2f3
rnb1k2r/pp1p1p1p/4pp2/8/2P1n3/2P2NP1/P2BPP1P/R3KB1R b KQkq -,b7b6 f3d4 c8b7 f1g2 e4d6 g2b7 d6b7 d4b5 b8a6 a1d1
1r4k1/3R1pp1/4n1P1/7P/3pN3/p4P2/P3PK2/8 b - -,f7g6 h5g6 b8d8 d7a7 e6f4 e4c5 d8e8 c5d3 f4g6 a7a3
r2q1rk1/pp2bppp/3pb3/2p5/4PP2/1BN3P1/PPP4P/R2QR2K b - -,c5c4 f4f5 c4b3 f5e6 f7e6 a2b3 e7f6 e1f1 d8d7 d1d3
8/6PK/8/2Bb1k2/8/8/8/8 b - -,
8/r7/8/8/1R2kp1R/p7/PP1K4/8 b - -,e4f5 b4f4 f5e5 b2b3 a7g7 f4g4 g7f7 g4e4 e5d5 e4f4
r3kb1r/ppp2pp1/4p2p/1b1qN3/3PP3/2P5/PP4PP/R1BQ1RK1 b kq -,d5e4 f1f4 e4e2 d1e2 b5e2 f4f7 f8d6 f7g7 d6e5 d4e5
8/2p5/1pB5/1P3pk1/7P/5K1P/8/8 b - -,d5e4 f1f4 e4e2 d1e2 b5e2 f4f7 f8d6 f7g7 d6e5 d4e5
5r1k/pp5p/8/2P1K1N1/2QB4/8/PP2P1q1/R3R3 b - -,d5e4 f1f4 e4e2 d1e2 b5e2 f4f7 f8d6 f7g7 d6e5 d4e5
2k5/2p5/1p5p/p5p1/P1N3n1/2P3K1/1P6/2B5 b - -,g4f6 c1e3 c8d7 g3f3 d7e7 e3f2 h6h5 f2g3 f6e8 g3e5
3r4/R2Bp1k1/5rp1/2p1P2p/2Pn4/7P/P4PP1/3R2K1 b - -,f6a6 a7a6 d8d7 d1b1 d4e2 g1f1 e2c3 b1a1 g6g5 a2a4
2bB2kb/1q2Pp1p/p1rpn1pQ/1p2p1P1/1P2P3/P2PR3/4N2P/5RK1 b - -,e6g7 f1f7 g8f7 e3f3 c8f5 h6h7 c6c7 e4f5 c7e7 f5g6
6k1/pp4p1/3p1r2/Q1p1p2p/2PnRrq1/3P2NP/PP3PP1/4R2K b - -,g4d7 g3h5 b7b6 a5c3 f4f2 h5f6 f2f6 h1g1 f6g6 g1h2
r1b2rk1/3p1p1p/p4p2/np1p3R/4P3/8/PqPQB1PP/3R3K b - -,f8e8 d2h6 e8e5 h6f6 d7d6 h5g5 e5g5 f6b2 c8e6 b2f6
3k4/8/2R1K3/8/8/6b1/8/8 b - -,g3f4 c6c3 f4c7 c3c4 c7g3 c4g4 g3h2 g4g8 d8c7 g8g2
8/r7/8/5k2/5R1R/p7/PP1K4/8 b - -,f5e5 b2b3 a7g7 f4g4 g7f7 g4e4 e5d6 e4f4 f7g7 h4h5
8/8/8/B2K1k2/5pp1/8/8/8 b - -,
r1b2rk1/pp1n1ppp/3Bpn2/2q5/4p3/2PB1N2/PP1N1PPP/R2QK2R b KQ -,c5d6 d2e4 f6e4 d3e4 d6b6 d1b3 b6c7 e1h1 d7f6 e4d3
1r4k1/1R6/6PK/8/8/8/8/8 b - -,b8b7 h6g5 g8g7 g5f4 b7b3 f4f5 b3b5 f5f4 g7g6 f4g3
r1b1n3/p4rkB/2p1p3/1p6/8/8/PPKQN1p1/5qRR b - -,f7f6 d2g5 g7f7 g1f1 g2f1q h1f1 f6f1 h7g6 f7f8 g5c5
8/5K2/3k4/8/N7/1B6/8/8 b - -,d6e5 f7e7 e5d4 e7d6 d4d3 b3f7 d3d2 a4c5 d2c2 f7g6
3r2k1/R5p1/4n1P1/8/3pN3/p4P2/P3PK2/8 b - -,e6f4 e4c5 d8e8 c5d3 f4g6 a7a3 g6e7 a3a5 e8c8 f2e1
5k2/7K/4p1P1/1p2B2P/8/2P2b2/8/8 b - -,e6f4 e4c5 d8e8 c5d3 f4g6 a7a3 g6e7 a3a5 e8c8 f2e1
r4rk1/pp1n1pp1/3p3p/3P4/qP3Nb1/P1Q3P1/2P2P1P/R3KB1R b KQ -,f8e8 e1d2 d7e5 c3b3 e5f3 d2c3 a8c8 c3b2 a4b3 c2b3
r3kb1r/ppp2Rp1/4p2p/1b2N3/3Pq3/2P5/PP4PP/R1BQ2K1 b kq -,e8a8 c1f4 b5e8 f4g3 e8f7 e5f7 f8d6 g3d6 c7d6 f7h8
r2q1rk1/1pp2ppp/p2bpn2/3nN1B1/P2P4/1Q4P1/1P2PP1P/RN1R2K1 b - -,a6a5 b1c3 d8c8 e5c4 d6b4 c3d5 e6d5 c4e3 c7c6 g5f6
r1bq1rk1/5pbp/p2p1np1/1pnPp3/4P3/2N1BP2/PPBQN1PP/R4RK1 b - -,f6h5 b2b4 c5d7 c2d3 a8b8 f1c1 h5f4 e2f4 e5f4 e3f4
r2q1rk1/ppp1npp1/3p1n1p/4p3/4P3/1P1P1B1P/P1P2PP1/R1BQ1RK1 b - -,a7a5 a2a4 e7c6 c1b2 f8e8 g2g3 d8d7 f3g2 d6d5 f2f4
rnbqk1nr/pp5p/3P2p1/2p1pp2/5p2/2N3P1/PPPQ2BP/R3K1NR b KQkq -,a7a6 d2d5 b8d7 d5e6 e8f8 c3d5 e5e4 d5c7 a8a7 g1h3
8/2p5/1pB5/1P3p2/5K1k/7P/8/8 b - -,a7a6 d2d5 b8d7 d5e6 e8f8 c3d5 e5e4 d5c7 a8a7 g1h3
rnb1k2r/2q1bppp/p2ppn2/1p6/3NP3/2N1B3/PPP1BPPP/R2Q1R1K b kq -,e8h8 f2f3 c8b7 a2a4 b5b4 c3a2 d6d5 c2c3 b4b3 a2b4
8/2Qb1k1p/p5p1/3p2P1/1P5P/q4N2/6K1/8 b - -,
5r1k/pp5p/4K3/2P3q1/2QB4/8/PP2P3/R3R3 b - -,a3b2 g2g3 f7e8 c7d6 d7f5 d6b8 e8e7 b8b7 e7e8
r2q1rk1/pp2bppp/3p4/2p5/4PP2/1PN3P1/1PP4P/R2QR2K b - -,d8d7 d1d5 f8d8 a1d1 d7c6 d5d3 a7a5 c3d5 d8e8 h1g2
8/r7/8/4k3/5R1R/pP6/P2K4/8 b - -,a7g7 f4g4 g7f7 g4e4 e5d6 e4f4 f7c7 h4h5 c7c8 f4d4
r2r4/pp2kpQ1/4pN1n/1q6/3P4/P4P2/1P3P1P/R3R1K1 b - -,d8d5 f6d5 b5d5 g7h6 a8g8 g1f1 d5f3 h6e3 f3g2 f1e2
5Rnk/2Q4p/8/p2p2p1/4q2P/P5P1/1P1r1P1K/8 b - -,d2d1 c7c3 d5d4 f8g8 h8g8 c3b3 g8g7 b3d1 g5h4 g3h4
8/4B2p/p6P/6P1/P2b2k1/4p3/4K3/8 b - -,d4e5 e7f6 g4h5 f6e5 h5g5 e5g7 g5f4 g7d4 f4e4 d4e3
r1bq1rk1/pp3pbp/2nQ1pp1/1N6/4P3/2N5/PPP2PPP/R3KB1R b KQ -,c8e6 d6d8 a8d8 b5c7 c6b4 f1d3 b4d3 c2d3 d8d3 c7e6
2b2rk1/1pNp1ppp/1p6/rB2n3/P7/8/1PPK1PPP/R6R b - -,d7d5 b2b4 a5a7 h1e1 f7f6 c7d5 f8d8 c2c4 c8e6 d2c3
5k2/6p1/1p5p/p4p1r/5P2/2BB2K1/PP5P/8 b - -,g7g5 c3d2 f8g7 f4g5 h6g5 d3f5 g7h6 f5g4 h5h4 d2e3
k7/1R6/P1K5/8/8/8/5b2/8 b - -,f2a7 b7g7 a7f2 g7g2 f2d4 g2g8 a8a7 g8f8 d4g1 c6b5
r6k/p2b4/1p5R/1P1Pp1q1/4Pp1N/2Q5/P3Br2/2R4K b - -,h8g7 h6g6 g5g6 h4g6 a8e8 c1g1 f4f3 g6e5 g7h7 e5d7
r4rk1/pp1n1pp1/3p3p/3P4/qP3Nb1/PQ4P1/2P2P1P/R3KB1R b KQ -,d7c5 b3a4 c5a4 e1d2 a4b6 f1d3 f8c8 h1c1 g7g5 f4g2
3r4/R2Bp1k1/1r4p1/2p1P2p/P1Pn4/7P/5PP1/3R2K1 b - -,d4e2 g1h2 b6b2 d1f1 e2d4 a7c7 b2a2 d7e6 d8e8 e6d5
r2q1rk1/ppb2ppp/2n2n2/3p1b2/NP6/P3PN2/1B2BPPP/R2Q1RK1 b - -,f6e4 a1c1 f8e8 d1b3 f5g4 a4c5 g4f3 e2f3 e4d2 b3d5
3r2k1/R5p1/6P1/2N5/3p1n2/p4P2/P3PK2/8 b - -,d8e8 c5d3 f4e2 a7a3 e2c3 d3f4 g8f8 a3a7 e8e5 a7f7
r5k1/2r1bppp/4p3/q5P1/3QP2P/2PPBP2/3K4/3R3R b - -,e7c5 d4c5 c7c5 e3c5 a5c5 d3d4 a8a2 d2d3 c5b5 d3e3
8/pp1b1rk1/1q5p/4Q3/8/P4N2/1Pn3PP/1K1R2R1 b - -,b6f6 e5f6 g7f6 b1c2 d7f5 c2d2 f6g7 d2e3 f5d7 g1e1
2k5/2p5/1p3n1p/p5p1/P1N5/2P1B1K1/1P6/8 b - -,c8d7 g3f3 d7e7 e3g1 h6h5 g1h2 g5g4 f3f4 h5h4 c4d2
rnbqk2r/p3bppp/1n2p3/1NP1P3/2p4P/5N2/PP2BPP1/R1BQK2R b KQkq -,b6d5 b5d6 e7d6 c5d6 d8b6 d1a4 b8c6 a4c4 a7a5 e1h1
2r2rk1/1p1n1ppR/pq1bp3/3p4/5P2/PP1B4/1BnN2PP/R2Q3K b - -,b6d5 b5d6 e7d6 c5d6 d8b6 d1a4 b8c6 a4c4 a7a5 e1h1
5rk1/pp5p/4K3/2P3q1/2QB4/8/PP2P3/R5R1 b - -,b6d5 b5d6 e7d6 c5d6 d8b6 d1a4 b8c6 a4c4 a7a5 e1h1
8/6r1/8/4k3/6RR/pP6/P2K4/8 b - -,g7d7 d2c3 d7b7 h4h5 e5f6 g4c4 b7b8 h5a5 b8b6 a5a3
r1b1n1k1/p4rPp/2p1pq2/1p6/8/2N3p1/PPBQ4/2K3RR b - -,f6f4 c2h7 g8g7 g1g3 g7f8 g3g8 f8e7 h7g6 f4d2 c1d2
r1b2rk1/p4ppq/1p1p4/2p2n1p/P1PPpPP1/1NP1P3/3BB1PK/R3Q1R1 b - -,f6f4 c2h7 g8g7 g1g3 g7f8 g3g8 f8e7 h7g6 f4d2 c1d2
5k1K/8/4p1P1/1p2B2P/4b3/2P5/8/8 b - -,f6f4 c2h7 g8g7 g1g3 g7f8 g3g8 f8e7 h7g6 f4d2 c1d2
7k/5q2/5N2/8/8/8/n6Q/Kn6 b - -,h8g7 h2g3 g7f6 g3f3 f6g6 f3f7 g6f7 a1b1 f7g6 b1a2
r3k2r/ppp2Rp1/3bp2p/1b2N2Q/3Pq3/2P5/PP4PP/R1B3K1 b kq -,g7g6 h5g6 e4g6 e5g6 e8f7 g6h8 a8h8 b2b3 f7e8 c1d2
r1b1n3/p5kB/2p1p3/1p6/8/8/PPKQNrp1/5R1R b - -,g2h1n d2g5 g7f8 f1h1 e8f6 g5c5 f8f7 c5f2 f7e7 h1f1
2kr1b1r/1pp1pp1p/p1n2np1/3p1q2/3P1B2/2P2PP1/PP1N1PBP/2KR1Q1R b - -,g6g5 g2h3 g5g4 f3g4 f5g6 g4g5 f6d7 d2f3 e7e6 f1d3
4r1k1/5pp1/5n2/p7/2p2qP1/2N2P1P/P3PQK1/3R4 b - -,f4e5 f2d4 e5c7 d1d2 a5a4 d2b2 e8c8 b2b4 f6h7 b4a4
2r5/p6R/2p1kn2/1p2p3/8/1B4p1/PP1Q4/2K5 b - -,f4e5 f2d4 e5c7 d1d2 a5a4 d2b2 e8c8 b2b4 f6h7 b4a4
8/2p5/1pB5/1P3K2/8/7k/8/8 b - -,f4e5 f2d4 e5c7 d1d2 a5a4 d2b2 e8c8 b2b4 f6h7 b4a4
rnb2rk1/p5pp/1ppqpn2/3p1p2/2PP4/1PNBPN2/P4PPP/R2Q1RK1 b - -,f6e4 a1c1 c8b7 c3e2 b8d7 e2f4 g7g5 d3e4 g5f4 e4d3
3k4/8/2R5/3K4/5b2/8/8/8 b - -,d8e7 c6e6 e7f7 e6e2 f7f6 e2f2 f6g5 f2f3 g5f5 f3f1
r1b1n1R1/p6R/2p1pk2/1p6/8/8/PPBK4/8 b - -,a7a5 g8e8 a5a4 c2b1 c6c5 h7h8 a4a3 e8c8 a8c8 h8c8
r3kb1r/pp1npppp/2p2n2/2Pp3b/3P2PN/1P5P/1P1NPP2/R1B1KB1R b KQkq -,h5g4 h3g4 f6g4 e2e4 d5e4 d2e4 g7g6 h4f3 f8g7 f1c4
r2qr1k1/pp2bppp/3p4/2pN4/4PP2/1P4P1/1PP4P/R2QR2K b - -,d8d7 g3g4 e7d8 d1f3 a7a5 g4g5 a8c8 c2c3 c5c4 b3b4
r1b1n1k1/p5rR/2pNp1q1/1p6/8/6p1/PPBQ4/2KR4 b - -,d8d7 g3g4 e7d8 d1f3 a7a5 g4g5 a8c8 c2c3 c5c4 b3b4
8/3r4/8/4k3/6RR/pPK5/P7/8 b - -,d7c7 c3b4 c7a7 h4h5 e5f6 h5a5 a7b7 b4a3 b7e7 g4c4
2rq1rk1/pp2ppbp/2n2np1/3p4/3P1Bb1/2PB1N1P/PP1N1PP1/R2QR1K1 b - -,g4f3 d2f3 e7e6 g2g3 c6a5 h3h4 a5c4 d1e2 f8e8 g1g2
3r4/R2Bp1k1/1r4p1/2p1P2p/2Pn4/7P/P4PP1/R5K1 b - -,g6g5 a2a4 d8f8 d7b5 d4e2 g1h1 b6e6 a4a5 g5g4 b5d7
r5N1/pp2kpQ1/4p2n/1q6/3P4/P4P2/1P3P1P/R3R1K1 b - -,e7d6 g8h6 a8c8 h6f7 d6c7 a1c1 c7b6 c1c8 b5d5 g1g2
8/2pk4/1p3n1p/p5p1/P1N5/2P1BK2/1P6/8 b - -,d7e6 e3f2 h6h5 f2g3 f6d5 c4e3 c7c6 g3f2 d5f4 f3e4
5r1k/1pp3pp/p1nb4/8/4r2Q/4B2P/PPP2PP1/RN2R1K1 b - -,f8e8 h4h5 e4e5 h5d1 c6e7 b1d2 e7f5 d2c4 e5e7 c4d6
r4rk1/pp1n1pp1/3p3p/3P4/1P3Nb1/PP4P1/5P1P/R3KB1R b KQ -,a8e8 e1d2 d7f6 f1g2 g7g5 f2f3 g5f4 f3g4 f4g3 h2g3
4r1k1/6p1/6P1/8/3p4/R2N1P2/P3nK2/8 b - -,e2c3 d3f4 c3d1 f2g3 g8f8 a3a7 d1e3 a7f7 f8g8 f7d7
1r4k1/1rpbnppp/p1Bp4/1p6/3P3N/2P3P1/PP3P1P/RNR3K1 b - -,g7g5 c6b7 b8b7 h4g2 b5b4 b1d2 b4c3 b2c3 g8g7 g2e3
8/8/8/1kb2PP1/3nK3/8/2p4P/2Q5 b - -,b5a4 c1b2 a4a5 f5f6 d4b5 b2c2 c5d4 e4d5 d4c3 c2a2
r1b2rk1/ppppnpp1/1bn2q1p/1B2p3/4P3/2PPBN1P/PP1NQPP1/R3K2R b KQ -,c6a5 b2b4 a5c6 b5c4 e7g6 a2a4 a7a5 b4b5 c6e7 c4a2
r2q1rk1/pp2npp1/3p1n1p/2p1p3/4P3/1P1P1B1P/PBP2PP1/R2Q1RK1 b - -,f8e8 g2g3 e7c6 f3g2 a7a5 a2a4 d6d5 e4d5 f6d5 d1g4
r1bqk2r/pppp1pp1/2n5/2b1P2p/2P1P1n1/5N2/PP2BPPP/RNBQ1RK1 b kq -,e8h8 c1g5 d8e8 b1c3 c6e5 f3d4 f7f6 g5c1 f6f5 e4f5
2r5/p6R/2p1k2Q/1p1np3/8/1B4p1/PP6/2K5 b - -,e8h8 c1g5 d8e8 b1c3 c6e5 f3d4 f7f6 g5c1 f6f5 e4f5
r1b1n1k1/p4rPR/2p1p3/1p6/5Q2/2N3p1/PPB5/2KR4 b - -,f7f4 d1d8 c8b7 d8d7 f4f1 c3d1 f1f7 h7h8 g8g7 h8h7
r1r5/ppk1R2p/3q1pp1/3p2N1/5Q2/8/PP3PPP/6K1 b - -,c7c6 e7e6 d6e6 g5e6 c6d7 e6d4 a7a6 h2h4 c8f8 f4f3
r1b2R2/p4kn1/2p1pq2/1p6/8/2NQ4/PPB3p1/2KR4 b - -,f7f8 c3e4 f6h6 c1b1 e6e5 d3a3 f8f7 a3g3 g7f5 g3g2
2n5/p4k2/1p2p2p/3pPp2/3P1P1K/1P1N3P/P7/8 b - -,c8e7 d3b4 b6b5 h4g3 a7a5 b4c2 b5b4 a2a4 b4a3 c2a3
3R4/1p2kp1p/p1b1pp2/8/PP6/1B2PP2/5KPP/8 b - -,e7d8 f2g3 d8e7 g3g4 e7f8 a4a5 f8g8 g4f4 g8g7 e3e4
rnb2rk1/p5pp/1ppqp3/3p1p2/2PPn3/1PNBPN2/P1Q2PPP/R4RK1 b - -,c8a6 f1c1 b8d7 c4d5 a6d3 c2d3 e6d5 c3e2 g7g5 c1c2
2k5/3r3p/2q3p1/1N6/PQB5/1P4P1/1KP4P/8 b - -,g6g5 b4c3 d7e7 c3h8 e7e8 h8d4 e8e7 a4a5 c6g6 a5a6
rn1qkb1r/ppp2ppp/3p1nb1/6B1/3P2P1/2N2N1P/PPP2P2/R2QKB1R b KQkq -,b8d7 f3h4 f8e7 d1e2 d6d5 e1a1 e8h8 f2f4 g6e4 h1g1
8/2r5/8/4k3/1K4RR/pP6/P7/8 b - -,c7c1 b4a3 e5f5 g4c4 c1d1 c4c5 f5g6 h4a4 d1d8 a4a7
r1b1n3/p5kB/2p1p3/1p6/8/8/PPKQNr2/5R2 b - -,f2f1 e2f4 e6e5 d2g2 c8g4 f4d3 g7h7 g2f1 e8g7 d3e5
r2q1rk1/ppb2ppp/2n5/3p1b2/NP2n3/P3PN2/1B2BPPP/2RQ1RK1 b - -,f8e8 d1b3 f5g4 a4c5 g4f3 e2f3 e4d2 b3d5 d8d5 f3d5
8/2p5/1p2kn1p/p5p1/P1N5/2P2K2/1P3B2/8 b - -,h6h5 f2g3 e6d5 c4e3 d5c6 b2b3 h5h4 g3h2 f6e8 e3c2
rnb2rk1/2q1bppp/p2ppn2/1p6/3NP3/2N1B3/PPPQBPPP/R4R1K b - -,b5b4 c3a4 c7a5 b2b3 f6e4 d2e1 a5c7 e1b4 e6e5 d4f3
4rrk1/pp1n1pp1/3p3p/3P4/qP3Nb1/PQ4P1/2PK1P1P/R4B1R b - -,e8e1 b3a4 e1a1 f1b5 a1h1 b5d7 g4d7 a4d7 h1h2 f4d3
4r1k1/6p1/6P1/8/3p1N2/R1n2P2/P4K2/8 b - -,g8f8 a3a7 e8e5 a7f7 f8g8 f2f1 e5e3 f4h5 e3e6 f7g7
r1b3k1/p2r2nR/2p1pq2/1p6/8/2N3p1/PPB1Q3/2K4R b - -,c8b7 c3e4 f6f4 c1b1 c6c5 h7h8 g8f7 h1f1 a8h8 f1f4
r1bqkb1r/pp3ppp/1nnp4/8/8/1BPQ4/PP3PPP/RNB1K1NR b KQkq -,b6d7 d3d5 d8f6 g1e2 d7c5 c1e3 c8e6 d5d1 c5b3 a2b3
r4rk1/5pb1/B1p1q1p1/p2pn1B1/Pp3QPP/4P3/1PP2N2/2KR3R b - -,
r2qrbk1/pp3ppp/3p4/2pN4/2P1PP2/1P4P1/1P5P/R2QR2K b - -,g7g6 h1g2 f8g7 e1e2 g8h8 d1d2 d8d7 h2h4 h7h5 f4f5
r2qr1k1/pp3pbp/2Pp2p1/1Nn5/3pP3/5Q1P/PPP2PP1/3RRBK1 b - -,b7c6 b5d4 g7d4 d1d4 d6d5 e4e5 c5d7 f3f4 d8b8 b2b3
r1r5/ppkq3p/5pp1/3p2N1/5Q2/8/PP3PPP/4R1K1 b - -,c7b6 f4f6 c8c6 f6d4 b6c7 d4e5 c7c8 e5h8 d7d8 h8h7
rnb2rk1/pp2ppbp/3p1np1/BN6/1P2q3/N7/P3BPPP/R2QK2R b KQ -,e4g2 e2f3 g2h3 a1b1 c8g4 f3g4 f6g4 d1d5 b8c6 b1b3
r1bq1rk1/pp2ppbp/5np1/2BPp3/2P1P3/2N4P/PP3PP1/R2QKB1R b KQ -,g7h6 d1d3 f6h5 c5e3 h6g7 d3c2 e7e6 e1a1 e6d5 c3d5
2r2rk1/1p1n1ppR/pq1bp3/3p4/5P2/PP1B4/3N2PP/B2Q3K b - -,g7h6 d1d3 f6h5 c5e3 h6g7 d3c2 e7e6 e1a1 e6d5 c3d5
1r4k1/4p2p/p1bp2p1/5P2/P1Pr1PP1/K2BR2P/P2R4/8 b - -,d4f4 f5g6 h7g6 e3e7 f4f3 e7e6 b8d8 a3b4 g8f7 e6e1
2r5/p6R/2p5/1p1npk2/8/1B4pQ/PP6/2K5 b - -,d4f4 f5g6 h7g6 e3e7 f4f3 e7e6 b8d8 a3b4 g8f7 e6e1
1nrqr1k1/1b2bppp/p2ppn2/8/R2PP3/1N1B1N2/1P2QPPP/2B1R1K1 b - -,
8/8/8/4k2R/1K4R1/pP6/P7/2r5 b - -,e5f6 b4a3 c1d1 g4a4 f6g6 h5c5 d1d6 a4a7 g6f6 a3a4
8/2p5/1pB5/1P2K3/8/6k1/8/8 b - -,e5f6 b4a3 c1d1 g4a4 f6g6 h5c5 d1d6 a4a7 g6f6 a3a4
8/8/6p1/3pB3/4b2P/p4k2/3K4/8 b - -,e4f5 e5d6 a3a2 d6e5 f3e4 e5c3 f5d7 c3b2 d7g4 b2a1
r3k2r/pppq1ppp/1nn1p3/4P3/2PPN3/3Q1N2/PP4PP/R4RK1 b kq -,e8a8 a1d1 d7e7 b2b3 h8e8 d3c3 f7f5 e5f6 g7f6 d1e1
r1br2k1/ppp2pbp/n4np1/4N3/2P5/2N1P2P/PP2BPP1/R1B1K2R b KQ -,a6c5 e1h1 f6e4 c3e4 c5e4 f2f4 f7f6 e5f3 e4g3 f1e1
3r1k2/7R/2r3p1/2p1P2p/2P5/7P/P4PP1/R5K1 b - -,g6g5 a1b1 c6g6 g1h2 f8g8 h7h5 d8e8 b1b7 e8e5 h5h7
4r2k/pp4p1/2qb4/3Q1n2/2P2P1P/PP4P1/1K1Bb3/3R3R b - -,c6d5 c4d5 e2d1 h1d1 f5g3 d2b4 g3f5 b4d6 f5d6 b2c3
8/2p5/1p2kn2/p5pp/P1N5/2P2KB1/1P6/8 b - -,f6e8 g3h2 e6d5 b2b3 d5e6 c4e3 e8d6 e3c2 e6d7 c3c4
r1bRn1k1/p5PR/2p1p3/1p6/5r2/2N3p1/PPB5/2K5 b - -,f4f1 c3d1 c8b7 d8d7 f1f7 h7h8 g8g7 h8h7 g7f6 d7f7
1r4k1/1rp1nppp/p1bp4/1p6/3P3N/1PP3P1/P4P1P/RNR3K1 b - -,a6a5 b1d2 a5a4 h4g2 f7f6 f2f3 c6e8 h2h4 e8f7 g1f2
4rrk1/pp1n1pp1/3p3p/3P4/1P3Nb1/PP4P1/3K1P1P/R4B1R b - -,g4f3 f1g2 f3g2 f4g2 d7f6 f2f3 e8e5 g2e3 f8e8 h1e1
2Q5/p6R/2p5/1p1np3/4k3/1B4p1/PP6/2K5 b - -,g4f3 f1g2 f3g2 f4g2 d7f6 f2f3 e8e5 g2e3 f8e8 h1e1
4rk2/R5p1/6P1/8/3p1N2/2n2P2/P4K2/8 b - -,e8e5 a7f7 f8g8 f2f1 e5e3 f4h5 e3e6 f7g7 g8h8 a2a4
r1b1n3/p5kB/2p1p3/1p4Q1/8/8/PPK1N3/5r2 b - -,g7f7 h7g6 f7f8 g5c5 f8g7 g6e8 c8a6 e2g3 a8e8 g3f1
8/7p/p4B1P/4b1P1/P5k1/4p3/4K3/8 b - -,e5f4 g5g6 h7g6 h6h7 g4f5 h7h8q f5e6 f6c3 g6g5 h8c8
8/8/5k2/7R/6R1/KP6/P7/2r5 b - -,c1c8 g4c4 c8a8 c4a4 a8c8 a4a6 f6g7 h5h4 c8d8 h4c4
4rk2/7R/2r3p1/2p1P2p/2P2P2/7P/P5P1/R5K1 b - -,c6a6 a1b1 a6e6 b1b7 e6e7 b7e7 e8e7 h7e7 f8e7 a2a4
8/2p5/1pB1K3/1P6/6k1/8/8/8 b - -,c6a6 a1b1 a6e6 b1b7 e6e7 b7e7 e8e7 h7e7 f8e7 a2a4
6k1/p2bBp2/3p2p1/7p/2p1P2P/qrP2P2/1Q1R2P1/1KR5 b - -,f7f5 c1c2 b3b2 c2b2 a3c3 e7d6 d7b5 d6b4 c3e3 d2d8
r2qnrk1/1bp3bp/np1p4/p2P1p2/1PP1p3/PQN5/1B2BPPP/R3NRK1 b - -,d8e7 e1c2 g7e5 f2f4 e4f3 e2f3 e7f6 a1e1 e8g7 e1e5
r3kb1r/pp1nppp1/2p2np1/2Pp4/3P2P1/1P2P2P/1P1N1P2/R1B1KB1R b KQkq -,g6g5 b3b4 f6g4 b4b5 g4f6 b5c6 b7c6 h1g1 e7e6 g1g5
1B1r2k1/pB2bpp1/1p2pn1p/2p5/8/2P1PP2/PP4PP/R4RK1 b - -,d8b8 b7a6 b6b5 c3c4 b5b4 f1d1 b8b6 a6b5 a7a6 b5a4
2Q5/p5R1/2p5/1p1np3/4k3/1B6/PP4p1/2K5 b - -,d8b8 b7a6 b6b5 c3c4 b5b4 f1d1 b8b6 a6b5 a7a6 b5a4
r1bRn1k1/p5PR/2p1p3/1p6/8/6p1/PPB5/2KN1r2 b - -,c8b7 d8d7 f1f7 h7h8 g8g7 h8h7 g7f6 d7f7 f6e5 f7b7
r1bqk1nr/1p1pbppp/p1n1p3/2p1P3/2BP4/2P2N2/PP3PPP/RNBQK2R b KQkq -,d7d6 d1e2 b7b5 c4b3 c8b7 e1h1 d8c7 c1f4 c5d4 c3d4
r2q1rk1/1pb2ppp/p1n5/2Np1b2/1P2n3/P3PN2/1B2BPPP/2RQ1RK1 b - -,e4c5 c1c5 f5e6 e2d3 g7g6 d3e2 d8e7 f3d4 c6d4 d1d4
4b1k1/p1p3p1/7p/2P2p2/1P6/P2r1PNP/6P1/R6K b - -,e8g6 h3h4 g8f7 h4h5 g6h7 g3e2 f7f6 a3a4 h7g8 b4b5
r1bqkbnr/1pp2p2/p1npp2p/3P2p1/2N1P3/3B1N2/PPP2PPP/R1BQK2R b KQkq -,c6e7 c4e3 f8g7 c2c4 e7g6 d3c2 g8e7 h2h3 c7c5 a2a4
4r1k1/R7/2r3p1/2p1P2p/2P2P2/7P/P5P1/R5K1 b - -,c6e6 a2a4 g6g5 a4a5 g5f4 a5a6 e6b6 a7b7 b6b4 b7d7
2r5/8/5k2/7R/2R5/KP6/P7/8 b - -,c8a8 c4a4 a8c8 a4a6 f6g7 h5h4 c8d8 h4c4 d8d7 c4c6
1br1r1k1/1p3ppp/p1n4q/3p4/1P1Nn1b1/P3PNP1/RB3P1P/Q2BR1K1 b - -,h6h3 b4b5 a6b5 a1b1 b8c7 b2a1 c6d4 f3d4 e4f2 a2f2
3k4/1p3p1p/p1b1pp2/8/PP6/1B2PP2/4K1PP/8 b - -,d8d7 a4a5 f6f5 e2d3 d7e7 d3c3 e7d7 c3d4 d7d6 b3c2
1r4k1/1rp1nppp/2bp4/pp6/2PP3N/1P4P1/P4P1P/RNR3K1 b - -,b5c4 c1c4 a5a4 b1d2 c6b5 c4c1 b8a8 h4g2 e7f5 d2f3
rnb4r/p2k1ppp/1n2p3/1Nb1P1B1/2p4P/5N2/PP2BPP1/2KR3R b - -,c5d4 f3d4 b6d5 e2f3 c8b7 h4h5 h7h6 g5h4 b8c6 d4c6
3r1r1k/pp4pp/1q4b1/4Q2P/2B5/5pP1/PP3P2/2R1R1K1 b - -,g6f7 c4f7 f8f7 c1d1 h7h6 b2b4 f7f8 e5e7 f8g8 a2a3
r1b1n3/p6k/2p1p3/1p6/7Q/8/PPK1N3/5r2 b - -,h7g8 e2g3 f1f7 h4g5 f7g7 g5e5 c8d7 g3h5 g7g2 c2b1
7k/8/8/7P/6K1/3b4/1R6/8 b - -,h8h7 b2b7 h7h6 b7b6 h6g7 g4g5 d3c2 b6b7 g7g8 b7d7
r1b2R2/p6R/2pnpk2/1p6/8/8/PPBK4/8 b - -,d6f7 h7f7 f6e5 f7c7 a7a5 f8c8 a8c8 c7c8 e5d6 d2e3
r1bqkb1r/pp3ppp/1n1p4/4n3/8/1BP5/PP2QPPP/RNB1K1NR b KQkq -,g7g6 f2f4 f8h6 e1d1 e8h8 f4e5 d6e5 c1d2 b6d5 b3d5
4r1k1/R7/2r5/2p1P1pp/2P2P2/6PP/P7/R5K1 b - -,e8d8 a1b1 g5f4 g3f4 d8f8 b1f1 c6e6 f1f2 g8h8 a7c7
r1b4R/p2r1kn1/2p1pq2/1p6/8/2N1Q1p1/PPB5/2K4R b - -,e6e5 c2b3 d7d5 e3g3 f6f4 g3f4 e5f4 c3d5 c6d5 b3d5
rn2kb1r/pppbqppp/5n2/3P4/2B5/8/PP1PNPPP/RNBQK2R b KQkq -,c7c6 b1c3 e7b4 c4b3 f8d6 d2d4 f6d5 c1d2 b4b6 e1h1
r1b1k2r/1p2bppp/1q2p1n1/3pP3/pn1P3P/3B1NN1/PP3PP1/1RBQR1K1 b kq -,g6h4 g3h5 h4f3 d1f3 e7f8 f3g3 b4d3 g3d3 c8d7 d3g3
r2q1rk1/1pb2ppp/p1n5/2Rp1b2/1P6/P3PN2/1B2BPPP/3Q1RK1 b - -,f5e6 e2d3 g7g6 d3b1 d8e7 c5c2 a8d8 c2d2 e6g4 d2d5
8/p5R1/2Q5/1p2p3/4k3/1B2n3/PP4p1/2K5 b - -,f5e6 e2d3 g7g6 d3b1 d8e7 c5c2 a8d8 c2d2 e6g4 d2d5
4r1k1/3R2p1/6P1/8/3p1N2/2n2P2/P7/5K2 b - -,g8f8 f4h5 e8e6 d7f7 f8g8 f7g7 g8h8 a2a4 c3d1 g7f7
2kr3r/1pp1ppbp/p1n2np1/3p1q2/3P1B2/2P2PPB/PP1N1P1P/2KR1Q1R b - -,e7e6 h3f5 e6f5 f4g5 d8e8 c1b1 f6d7 d1c1 d7b6 b1a1
r1kbr1bq/pppp2pp/2n1n3/3Np3/4Pp2/2P2PP1/PP1P3P/R1KBRNBQ b KQkq -,g7g5 a2a4 b7b6 d2d3 a7a5 d1b3 d8e7 f1d2 c8b7 d5e7
r1b2nk1/5p2/q6p/1p4p1/P2Pp3/1P2P1B1/1N1Q1PPP/R5K1 b - -,h6h5 d2b4 h5h4 g3d6 f8g6 a1c1 b5a4 b2a4 a6e2 c1e1
8/pp6/4K2p/6p1/2k5/8/PP4PP/8 b - -,
r4rk1/1pp2ppn/3p3p/4p2b/2B1Pq2/PPNP1P1P/2P2P2/R2Q1RK1 b - -,h5f3 d1f3 f4f3 a1e1 f3h3 e1e3 h3d7 e3g3 g8h8 a3a4
8/2pK4/1pB5/1P6/5k2/8/8/8 b - -,h5f3 d1f3 f4f3 a1e1 f3h3 e1e3 h3d7 e3g3 g8h8 a3a4
8/7p/p6P/4BkP1/P7/4p3/4K3/8 b - -,f5g5 e5g7 g5f4 g7d4 f4e4 d4e3 e4e5 e2d3 e5d5 e3d4
8/p7/2Q5/1p2p3/5k2/1B2n3/PP4R1/2K5 b - -,f5g5 e5g7 g5f4 g7d4 f4e4 d4e3 e4e5 e2d3 e5d5 e3d4
rnbqk2r/pp2bpp1/2pp1n1p/8/3P4/2NB1N1P/PPP2PP1/R1BQ1RK1 b kq -,e8h8 c3e2 f8e8 c2c3 d6d5 c1f4 c6c5 e2g3 b8c6 d4c5
r3kb1r/pp1nppp1/2p2np1/2Pp4/3P2P1/1P3P1P/1P1NP3/R1B1KB1R b KQkq -,h8h4 b3b4 a7a6 d2b3 e7e5 e1f2 e8a8 d4e5 d7e5 e2e3
r1b1r1k1/3p1p1p/p4p1Q/np1p3R/4P3/8/PqP1B1PP/3R3K b - -,e8e5 h6f6 d7d6 h5g5 e5g5 f6b2 c8g4 b2c1 g5g7 e2g4
4r1k1/5ppn/8/p7/2p2qPP/2N2P2/P3PQK1/3R4 b - -,h7f8 f2d4 f4c7 h4h5 f8e6 d4d6 e6f4 g2f1 c7d6 d1d6
8/8/8/1kb2P2/3nK1P1/8/1Qp4P/8 b - -,b5c4 f5f6 c5b4 f6f7 b4c5 h2h4 c5f8 h4h5 c4c5 b2a3
r1bqkbnr/pp2pp1p/8/2ppn1P1/8/3P1N2/PPP3PP/RNBQKB1R b KQkq -,f8g7 f3e5 g7e5 d1f3 h7h6 b1c3 h6g5 c1g5 g8f6 f1e2
1r4k1/1rp1nppp/2bp4/p7/2PP3N/6P1/P4P1P/RNR3K1 b - -,g7g5 h4g2 e7f5 d4d5 c6d7 b1c3 f5d4 h2h4 b7b2 h4g5
8/8/N2k4/5K2/2B5/8/8/8 b - -,d6c6 f5e5 c6b6 e5d5 b6a5 d5c5 a5a4 a6b4 a4a3 b4d3
5k2/8/1p5p/p4pPr/8/2BB2K1/PP5P/8 b - -,h5g5 g3f3 f8f7 c3d2 g5g1 d2h6 b6b5 h6e3 g1h1 f3g3
r1b2rk1/p3qpbp/2p3p1/5n2/5P2/P1N1B3/1PPQ2PP/2KR1B1R b - -,f5e3 d1e1 e3f1 e1e7 f1d2 c1d2 g7f6 e7e3 c8f5 d2c1
6k1/pp4p1/3p2q1/Q1p1p2p/2PnNr2/3P3P/PP3PP1/4R2K b - -,a7a6 a5c7 d4c2 e1e2 c2d4 e2e3 b7b5 c7c8 f4f8 c8a6
4r1k1/R7/6r1/2p1PPpp/2P5/6PP/P7/R5K1 b - -,e8e5 f5g6 e5e8 a1d1 h5h4 d1d7 e8e1 g1g2 e1e8 d7h7
8/p7/8/1p2p3/5k2/1B6/PP4Q1/2K5 b - -,e8e5 f5g6 e5e8 a1d1 h5h4 d1d7 e8e1 g1g2 e1e8 d7h7
r1b1n3/p7/2p1p1k1/1p6/6Q1/8/PPK1N3/5r2 b - -,g6f7 g4h5 f7e7 a2a4 f1f5 h5h7 f5f7 h7h4 e7d7 e2f4
2r2k2/6p1/pp2pqnN/3b2BQ/3P4/6P1/PP3PP1/4R1K1 b - -,g6f4 g3f4 g7g6 h5d1 f6h8 d1a4 c8c7 a4b4 f8g7 b4d6
r1bqkbnr/pp2pp1p/2np2p1/2p5/2B1P3/3PBQ2/PPP2PPP/RN2K1NR b KQkq -,g8f6 b1c3 f8g7 g1e2 e8h8 e1h1 f6h5 e3d2 g8h8 a1e1
r5k1/ppp3pp/2n1q3/3P4/N1P5/P2Q4/1P4PP/3R2K1 b - -,e6e7 d5c6 b7c6 c4c5 h7h6 h2h3 e7e5 d1f1 a8e8 d3c4
8/pp6/5K1p/6p1/8/3k4/PP4PP/8 b - -,
4r1k1/5pp1/8/p7/4R1P1/2N2PKP/P3P3/2q2Q2 b - -,c1b2 e4e8 g8h7 f1b1 b2b1 c3b1 g7g6 e8a8 a5a4 a8a4
r1b1n1k1/p4qR1/2p1p3/1p6/4N3/6p1/PPBQ4/2KR4 b - -,f7g7 d1g1 e6e5 g1g3 c8g4 c2d1 g4d1 g3g7 e8g7 d2d1
6k1/p2bB3/3p2p1/5p1p/2p1P2P/qrP2P2/1QRR2P1/1K6 b - -,b3b2 c2b2 a3c3 b2b8 g8f7 e7g5 c3e5 d2d5 e5g3 e4e5
4rk2/3R2p1/6P1/7N/3p4/2n2P2/P7/5K2 b - -,e8e7 d7d8 e7e8 d8d4 e8e5 d4f4 f8g8 f4c4 g8f8 c4c8
2k5/3r3p/5qp1/1N6/PQB5/1P4P1/K1P4P/8 b - -,h7h5 b4a5 d7b7 a5a8 b7b8 a8e4 b8b5 c4b5 f6d6 b5c4
r7/1p1n1bp1/p1p2k1p/3p1P2/3P3P/1PP1R3/P1B3P1/4R2K b - -,h6h5 e3e7 a8d8 b3b4 b7b6 c2a4 d7b8 e7b7 g7g6 f5g6
2kr3r/1pp1ppbp/p1n3p1/3p1q2/3P1BB1/2P2PP1/PP1N1P1P/2KR1Q1R b - -,f5d7 g4d7 d8d7 d2b3 e7e5 d4e5 g7e5 f4e5 c6e5 f3f4
3r2k1/1bq2pp1/p3pn1p/1p2b3/8/2PB3Q/PP1R1NPP/5R1K b - -,b7d5 d2d1 d5a2 d1a1 a2d5 a1a6 d5b7 a6a1 f6d5 d3e4
rn1q1rk1/p2n1ppp/2p1p3/3pN2P/Np1P1P2/3Q4/PPP2PP1/2KR3R b - -,d7e5 f4e5 b8d7 c1b1 d8a5 b2b3 c6c5 h5h6 g7g6 d3f3
rn1qkbnr/p1p1pppp/b7/8/2p5/B3PN2/P2P1PPP/RN1QKB1R b KQkq -,g8f6 b1c3 e7e6 d1a4 d8d7 a3f8 h8f8 a1c1 d7a4 c3a4
3rQ2k/pp3rpp/1q6/7P/8/5pP1/PP3P2/2R1R1K1 b - -,f7f8 e8e7 h7h6 c1d1 d8c8 b2b4 b6b5 d1d7 f8g8 e7f7
4r2k/pp4p1/3b4/3P1n2/5P1P/PP4P1/1K1Bb3/3R3R b - -,e2d1 h1d1 f5g3 d2b4 g3f5 b4d6 f5d6 d1g1 h8g8 a3a4
4R1k1/5pp1/8/p7/6P1/2N2PKP/P3P3/5q2 b - -,
r1b1n3/p7/2p1p2k/1p6/8/7Q/PPK1N3/5r2 b - -,h6g7 h3g2 g7f8 g2f1 f8e7 e2f4 e7d8 f4d3 c8d7 d3c5
r2qrnk1/pp3ppp/1npbb3/3pN3/3P1B2/2NBP2P/PPQ2PP1/1R2R1K1 b - -,f7f6 e5f3 d6f4 e3f4 d8c7 f4f5 e6f7 b2b3 e8e1 f3e1
8/2r1pk2/p2p3r/Pp1P1P2/3R4/2P3K1/1P6/4R3 b - -,c7b7 d4e4 b7c7 e1e2 h6h5 g3g4 h5h1 e4e6 h1f1 e2e3
r2q1rk1/1pb2ppp/p1n1b3/2Rp4/1P6/P3PN2/1B2BPPP/Q4RK1 b - -,f7f6 f1d1 d8e7 a1b1 g8h8 f3d4 c6d4 b2d4 c7d6 c5a5
r1bqkbnr/1p2pppp/p1B5/3p4/8/2N5/PPPPNPPP/R1BQK2R b KQkq -,b7c6 d2d4 c8f5 e1h1 e7e6 c3a4 g8f6 c1f4 f8e7 h2h3
3R1k2/4r1p1/6P1/7N/3p4/2n2P2/P7/5K2 b - -,e7e8 d8d4 f8e7 d4c4 e8h8 h5g7 e7f6 c4c3 f6g7 a2a4
8/p7/8/4p3/1p3k2/1B6/PP3Q2/2K5 b - -,e7e8 d8d4 f8e7 d4c4 e8h8 h5g7 e7f6 c4c3 f6g7 a2a4
r1b1n2k/4q2N/2p3P1/1p3p1P/4p3/pP6/P1BQ4/2KR1R2 b - -,e7g7 d2d4 g7d4 d1d4 c8e6 h5h6 e8c7 h7f6 c7e8 f6e4
r3k2r/1p1bbppp/1q2p1n1/3pP2P/pn1P4/3B1NN1/PP3PP1/1RBQR1K1 b kq -,e8h8 h5g6 f7g6 a2a3 b4d3 d1d3 d7b5 d3d1 h7h6 c1e3
r3kb1r/pp1n1pp1/2p2np1/2Ppp3/3P2P1/1P2PP1P/1P1N4/R1B1KB1R b KQkq -,e8d8 b3b4 f6e8 d4e5 d7e5 e1f2 e8c7 d2b3 f8e7 c1d2
8/5R2/4p1p1/4P3/4Pk1P/6r1/7K/8 b - -,
r4rk1/1bqnbppp/p2ppn2/1p6/3NP3/2N1BP2/PPPQB1PP/R2R3K b - -,d7e5 e3f2 f8d8 f2g3 h7h5 d2e1 e5g6 h2h4 e7f8 a2a3
6k1/3R4/5rp1/7p/8/6PP/5PK1/8 b - -,f6a6 g2f3 a6a5 f3e4 a5a2 e4e3 a2a5 d7c7 a5e5 e3f3
4r3/6k1/4P3/2p2Ppp/2P5/6PP/P7/R5K1 b - -,e8a8 a2a4 h5h4 g3g4 g7f6 a4a5 a8a6 g1f2 f6g7 f2e3
r2qr1k1/p4pbp/2pp2p1/2n5/3NP3/5Q1P/PPP2PP1/3RRBK1 b - -,g7d4 d1d4 d6d5 e4e5 d8b6 b2b4 c5e6 d4h4 a7a5 b4b5
7r/1pk5/4pp2/2R3pp/1PpP4/2P5/1P3PPP/6K1 b - -,c7d6 h2h4 g5h4 c5c4 h8a8 b4b5 a8a1 g1h2 a1a2 c4b4
4N2k/5q2/8/4Q3/8/8/n7/Kn6 b - -,
r3n1k1/pb1R2PR/2p1p3/1p6/8/6p1/PPB5/2KN1r2 b - -,e8g7 h7g7 g8h8 g7h7 h8g8 d7g7 g8f8 g7b7 f8g8 b7g7
5Q2/1n6/2k5/4K3/8/8/8/8 b - -,e8g7 h7g7 g8h8 g7h7 h8g8 d7g7 g8f8 g7b7 f8g8 b7g7
rnbqk2r/pp2bppp/2p1pn2/4N3/2pP4/4P1P1/PP3PBP/RNBQK2R b KQkq -,e8h8 e5c4 c6c5 b1c3 c5d4 e3d4 b8c6 e1h1 d8d4 d1e2
8/pp3rk1/7p/4Nb2/8/P3K3/1P4PP/3R1R2 b - -,f7f6 g2g4 f5e6 f1f6 g7f6 e3f4 b7b5 e5c6 a7a5 d1d6
r1b1n3/p5k1/2p1p3/1p2q1Q1/4N3/6p1/PPB5/2KR4 b - -,e5g5 e4g5 g7f6 g5e4 f6e5 e4g3 e8f6 d1e1 e5d4 c2b3
rn1q1rk1/p2n2pp/2p1pp1P/3pN3/Np1P1P2/3Q4/PPP2PP1/2KR3R b - -,d7e5 d4e5 g7g6 a4c5 d8e8 e5f6 b8d7 c5d7 e8d7 d3d4
r1bqkb1r/p2p1ppp/2p1pn2/4P3/3N4/8/PPP2PPP/RNBQK2R b KQkq -,d8a5 b1c3 a5e5 c1e3 e5c7 d1f3 d7d5 f3g3 c7g3 h2g3
8/2K5/1pB5/1P2k3/8/8/8/8 b - -,f6g8 e1h1 g8e7 b1c3 e7g6 f2f4 d8b6 c1e3 c8a6 f1f2
4r1k1/5pp1/5n2/p7/2R3P1/2N2P1P/P3PQK1/2q5 b - -,a5a4 f2d4 a4a3 c4c5 g8h7 d4d3 h7g8 d3c4 c1e3 h3h4
r2r2k1/5ppp/p3b3/2p5/4P3/8/PPPB3P/1K1R1BR1 b - -,g7g6 f1e2 a6a5 a2a3 a5a4 b1c1 a8b8 d2c3 d8d1 g1d1
4r3/6k1/4P3/2p2P1p/2P3P1/6P1/P7/R5K1 b - -,g7h6 a1e1 h6g5 g4h5 g5f6 e6e7 e8e7 e1e7 f6e7 a2a4
r2qk2r/pppnbpp1/2b1pn1p/8/3P4/2PB1NN1/PP3PPP/R1BQR1K1 b kq -,e8h8 d3c2 f8e8 c1f4 a7a5 c3c4 e7f8 a1b1 a8c8 b2b3
r2qkb1r/pp3ppp/1n1p4/4n3/6b1/1BP2P2/PP2Q1PP/RNB1K1NR b KQkq -,g4e6 f3f4 d8h4 g2g3 h4e7 f4e5 e8a8 c1e3 b6d5 g1f3
rn1qk1nr/pp3ppp/2pb4/2PP4/3P1pb1/5N2/PP4PP/RNBQKB1R b KQkq -,g4f3 d1f3 d8h4 e1d1 d6e7 d5d6 e7g5 f1d3 b8d7 h1e1
4rk2/6p1/6P1/7N/3R4/2n2P2/P7/5K2 b - -,f8e7 d4c4 e8h8 h5g7 c3d5 c4d4 e7f6 d4d5 f6g7 a2a4
r1b1n3/p4qk1/2p1p3/1p6/8/6N1/PPBQ4/2KR4 b - -,g7f8 d1f1 f7f1 g3f1 c8a6 f1g3 a8c8 d2h6 f8e7 h6h7
3rr1k1/pp3bpp/1np2p2/8/3N2P1/1P2PB1P/P4PK1/1RR5 b - -,g7g6 a2a4 e8e5 g2g3 d8d7 b3b4 b6a4 b1a1 c6c5 b4c5
5r2/pp1rq1k1/3p1p1p/P1P1pRn1/2PPP1Q1/1B2P3/6P1/5R1K b - -,g7h7 c5d6 d7d6 c4c5 d6d8 b3d5 e5d4 e3d4 d8d7 f5f4
1nr1r1k1/4bppp/pqbppn2/8/3PP3/1N1B4/1P1NQPPP/R1B1R1K1 b - -,f6d7 b3a5 b6d4 d2b3 d4b6 c1e3 d7c5 b3c5 d6c5 a5c4
6k1/ppQ3p1/2np2q1/2p1p2p/2P1Nr2/3P3P/PP3PP1/4R2K b - -,f4f8 a2a3 c6d4 c7b7 g6f7 b7a6 f7c7 b2b4 c7b6 a6b6
8/1p6/6Kp/p5p1/8/3k4/PP4PP/8 b - -,
8/p7/8/3Bp1k1/1p6/8/PP3Q2/2K5 b - -,b7b5 g6h6 d3c2 b2b3 g5g4 h6g5 c2b1 g5g4 b1a2 h2h4
8/8/1KB1k3/1P6/8/8/8/8 b - -,b7b5 g6h6 d3c2 b2b3 g5g4 h6g5 c2b1 g5g4 b1a2 h2h4
2RrQr1k/pp4pp/1q6/7P/8/5pP1/PP3P2/4R1K1 b - -,d8c8 e8a4 h7h6 b2b4 b6d4 a4b5 d4g4 g1h2 f8f5 b5f1
r2q1rk1/ppp1npp1/3p1n1p/4p3/4P3/3P1B1P/PPPB1PP1/R2Q1RK1 b - -,c7c5 c2c3 f8e8 d1a4 d8c7 b2b4 e8c8 d2e3 a7a6 b4c5
r1b1kb1r/ppppqppp/5n2/4n1B1/4P3/2N5/PPP2PPP/R2QKBNR b KQkq -,e7e6 g1e2 f8b4 a2a3 b4a5 b2b4 a5b6 e2d4 e6g4 d1g4
r1b1n3/p5k1/2p1p3/1p4N1/8/6p1/PPB5/2KR4 b - -,g7f6 g5e4 f6e7 e4g3 e8f6 d1e1 e7d6 e1f1 d6e5 f1e1
4R3/5ppk/8/p7/5KP1/2N2P1P/P3P3/5q2 b - -,g7g6 f4e3 f1h3 e8d8 f7f5 d8d4 f5g4 d4g4 h3h5 g4d4
8/8/2k5/n1Q1K3/8/8/8/8 b - -,
8/p7/8/4p1k1/8/1B6/PP3Q2/2K5 b - -,c6c5 e5f6 c5d5 f6e7 a5b7 e7d7 b7d6 d7e7 d5e5 e7d7
4r1k1/5pp1/5n2/p2N4/2p2qP1/3R1P1P/P3PQK1/8 b - -,f6d5 d3d5 c4c3 d5c5 f4d2 e2e4 e8d8 h3h4 d2c1 g2g3
1nr1r1k1/4bppp/pq1ppn2/1B6/3PP3/1N6/1P1NQPPP/R1B1R1K1 b - -,
r4rk1/pb1n2pp/1ppq4/3p1p2/3Pn3/1P1BPN2/P1Q1NPPP/2R2RK1 b - -,d6h6 h2h4 c6c5 e2f4 d7f6 g2g3 f6g4 c2b2 h6f6 c1c2
r1bqr1k1/pp1nbpp1/2pp1n1p/8/3P1B2/2NB1N1P/PPPQ1PP1/R3R1K1 b - -,d6d5 e1e3 e7f8 a1e1 e8e3 e1e3 d7b6 b2b3 a7a5 f3e5
r1bQ2k1/p5q1/2p1pn2/1p6/4N3/6p1/PPB5/2K3R1 b - -,d6d5 e1e3 e7f8 a1e1 e8e3 e1e3 d7b6 b2b3 a7a5 f3e5
8/8/4pRp1/4P3/4P1kP/6r1/7K/8 b - -,
5r2/pp1rq1k1/5p1p/P1p1PRn1/2P1P1Q1/1B2P3/6P1/5R1K b - -,e7e6 f1f4 d7e7 b3d1 g7h8 e5f6 e7h7 e4e5 e6a6 f4f1
6k1/8/5r2/3R2pp/8/6PP/5PK1/8 b - -,f6g6 g2f3 g8h7 h3h4 g6a6 h4g5 h7g6 f3e4 a6e6 d5e5
r1b1nk2/p4q2/2p1p3/1p6/8/6N1/PPBQ4/2K2R2 b - -,f7f1 g3f1 a7a5 f1g3 f8e7 d2g5 e7d7 g3e4 a8a7 c2d1
8/p7/8/6k1/4p3/1B2Q3/PP6/2K5 b - -,f7f1 g3f1 a7a5 f1g3 f8e7 d2g5 e7d7 g3e4 a8a7 c2d1
3k4/7R/3K4/8/3P4/8/8/2r5 b - -,d8e8 h7h8 e8f7 d6d7 c1a1 h8h4 a1a7 d7c6 a7a6 c6b5
3r2k1/1bq2pp1/p3pn1p/1p4b1/6N1/2PB3Q/PP4PP/3R1R1K b - -,f6d5 d3e4 f7f5 e4d5 b7d5 g4f2 c7c4 h3h5 c4c6 h5h3
r3n1k1/pb3RPR/2p1p3/1p6/8/6p1/PPB5/2KN4 b - -,e8f6 f7f6 g3g2 f6g6 g8h7 g7g8r a8g8 g6g2 h7h8 g2h2
8/5ppk/8/p7/5KP1/2N1RP1P/P3P3/2q5 b - -,
8/1p1k1p1p/p1b1pp2/8/PP6/1B2PP2/3K2PP/8 b - -,f6f5 a4a5 c6b5 d2c3 b5f1 b3a4 d7d6 g2g3 d6d5 a4e8
r2q1rk1/1pb3pp/p1n1bp2/2Rp4/1P6/P3PN2/1B2BPPP/Q2R2K1 b - -,d8e7 c5c1 a8c8 a1b1 c7b8 f3d4 c6d4 b2d4 c8c1 d1c1
4r3/6k1/4P3/2p2P2/P1P3p1/6P1/8/R5K1 b - -,g7h6 a1e1 h6g5 e6e7 g5f5 a4a5 f5f6 a5a6 f6g7 a6a7
8/8/4R1p1/4P3/4P2k/6r1/7K/8 b - -,
2k5/3r3p/6p1/1N6/PQB5/1P4P1/1KP2q1P/8 b - -,c8d8 b4c3 f2f5 a4a5 d8e7 a5a6 f5f6 a6a7 d7d8 c3f6
r1b3k1/p4rnR/2p1pq2/1p6/8/P1N3p1/1PBQ4/2KR4 b - -,f7d7 c3e4 d7d2 e4f6 g8f7 f6h5 d2d1 c2d1 f7f8 h7g7
8/2B5/8/3K1k2/5p2/6p1/8/8 b - -,
8/8/2kQ4/n3K3/8/8/8/8 b - -,g3g2 c7b6 f5g5 d5e4 g5g4 b6f2 g2g1q f2g1 g4g3 g1h2
1rbq1rk1/pp1n1pb1/3p1np1/2pP4/4P2p/2N1BP2/PP1NB1PP/R2QK2R b KQ -,f6h5 d2c4 d7b6 c4b6 d8b6 d1d2 f7f5 g2g3 c8d7 h1g1
8/p7/8/5k2/4Q3/1B6/PP6/2K5 b - -,f5e4 c1c2 e4d4 a2a4 d4c5 c2c3 c5b6 c3b4 a7a5 b4c4
rn1q1rk1/p5pp/2p1pp1P/3pP3/Np3P2/3Q4/PPP2PP1/2KR3R b - -,g7g6 a4c5 d8e7 d3d4 b8d7 c5d7 e7d7 e5f6 a7a5 g2g4
r2qk2r/p1pbbppp/2p2n2/3p4/3N4/1P2PQ2/PBPN1PPP/R3K2R b KQkq -,a7a5 a2a4 e8h8 d4f5 d7f5 f3f5 d8d6 f5d3 f6d7 e1h1
r1b1n2k/6qN/2p3P1/1p3p1P/3Qp3/pP6/P1B5/2KR1R2 b - -,c6c5 d4g7 h8g7 d1d8 c8b7 d8d7 g7h6 f1g1 e8g7 d7b7
2r2k2/6p1/pp2p1QN/3b2B1/3q4/6P1/PP3PP1/4R1K1 b - -,c8c7 g6h7 g7h6 g5h6 c7g7 e1c1 d5c4 h6g7 d4g7 h7g7
r1b1rnk1/1p3pp1/1q5p/pN2N3/Pb1PQ2B/1Pp1P3/5PPP/R1R3K1 b - -,f8d7 h4g3 d7e5 g3e5 f7f6 e4g6 c8d7 b5c3 b6e6 e5f4
r1bqk2r/pp1p1ppp/n3pn2/6B1/1bPN4/1QN5/PP2PPPP/R3KB1R b KQkq -,h7h6 g5f6 d8f6 e2e3 b4a5 d4b5 e8h8 f1e2 b7b6 e1h1
r3n1Q1/pb3k1R/2p1p3/1p6/8/6p1/PPB5/2KN4 b - -,f7g8 d1e3 b7c8 c2g6 a8b8 h7a7 e8d6 a7a3 b5b4 a3d3
2kr3r/1pp1ppbp/p1n2np1/3p4/3P1B2/2P2PPQ/PP1N1P1P/2KR3R b - -,f6g4 d2b3 e7e5 d4e5 g7e5 f4e3 d5d4 c3d4 e5g7 d1d2
3r2k1/1bq2pp1/p3p2p/1p1n2b1/4B1N1/2P4Q/PP4PP/3R1R1K b - -,f7f5 e4d5 b7d5 g4f2 c7c4 h3h5 b5b4 c3b4 c4c2 h5g6
r2qk2r/ppp2ppp/2nb1n2/3pp3/3P4/2PBPP1P/PP1N1P2/R1BQK2R b KQkq -,e8h8 e1f1 f8e8 h3h4 d8e7 a2a3 e7e6 h4h5 h7h6 d3c2
4r2k/pp4p1/3b4/3P1n2/5P1P/PP4P1/1K1B4/3R4 b - -,f5g3 d2b4 g3f5 b4d6 f5d6 b2c3 e8e4 d1f1 d6b5 c3c2
4rr1k/1pp3pp/p1nb4/8/6Q1/7P/PPP2BP1/RN2R1K1 b - -,e8e5 b1d2 h7h5 g4h4 e5f5 f2g3 d6c5 g1h2 c6d4 c2c3
8/1p6/2k1pp2/2R5/1PrP2pP/6P1/5PK1/8 b - -,c4c5 d4c5 c6d7 f2f3 f6f5 f3g4 d7c6 h4h5 c6b5 g4f5
1k6/5p2/P3r1p1/1K5p/R4P1P/6P1/8/8 b - -,
7r/4k1N1/6P1/8/2R5/2n2P2/P7/5K2 b - -,c3d5 c4d4 e7f6 d4d5 f6g7 a2a4 h8h4 d5a5 g7g6 f1f2
2r2rk1/pb1n2pp/1ppq4/3p1p2/3Pn3/1P1BPN2/PQ2NPPP/2R2RK1 b - -,g7g6 b3b4 c8e8 a2a4 d6f6 a4a5 g6g5 a5a6 b7a8 b2c2
rnbqkb1r/ppp3pp/4p3/3pPn2/5P2/3B1N2/PPP3PP/RNBQK2R b KQkq -,c7c5 e1h1 b8c6 c2c3 f8e7 b1a3 a7a6 a3c2 e8h8 a2a3
3r2k1/p1RP1ppp/1p6/8/6nN/1P6/5P1P/6K1 b - -,g4f6 c7c8 f6d7 c8d8 d7f8 g1h1 g7g6 h4f3 g8g7 f3d4
8/6k1/8/p5p1/5PP1/4K2P/8/8 b - -,g5f4 e3f4 a5a4 g4g5 a4a3 h3h4 a3a2 f4f5 g7g8 h4h5
2r3k1/6pp/5p2/1R6/2qB1P2/K5P1/3R3P/8 b - -,g5f4 e3f4 a5a4 g4g5 a4a3 h3h4 a3a2 f4f5 g7g8 h4h5
8/p7/8/5k2/4p3/1B2Q3/PP1K4/8 b - -,g5f4 e3f4 a5a4 g4g5 a4a3 h3h4 a3a2 f4f5 g7g8 h4h5
2r3k1/2p2ppp/2p1bn2/8/2P1PB1N/3P4/6PP/5R1K b - -,c8d8 h4f5 d8d3 f5e7 g8h8 e7c6 f6e4 f4c7 d3c3 c7b6
3rr1k1/pb3qp1/1p5p/2p1Ppn1/3PnN2/1P4P1/PBQ3BP/3RR1K1 b - -,b7a8 d4d5 a8d5 h2h4 g5e6 f4d5 e4g3 g2f3 f5f4 c2g2
r2q1rk1/pppnbpp1/2b1pn1p/8/3P4/2P2NN1/PPB2PPP/R1BQR1K1 b - -,a7a5 c1f4 a5a4 d1e2 c6f3 e2f3 e7d6 f4e5 a8a5 e5d6
r1b1n1k1/p5R1/2p1pq2/1p6/8/2N3p1/PPBQ4/2KR4 b - -,e8g7 c3e4 f6h4 d2c3 g3g2 c3f3 e6e5 f3g2 c8e6 d1h1
r2q1rk1/pp2npp1/3p1n1p/2p1p3/4P3/2BP1B1P/PPP2PP1/R2Q1RK1 b - -,f8e8 g2g3 e7c6 f3g2 d6d5 e4d5 f6d5 f1e1 d5c3 b2c3
6k1/5p2/2p3p1/2P1q2p/3pP2P/3Q1PP1/r1R3K1/8 b - -,e5e6 d3e2 a2a4 e2d3 g8f8 c2d2 f8e7 d2c2 e7f6 d3d2
8/3P3p/p1K5/1p5k/pPp2q2/P1P4P/P7/8 b - -,e5e6 d3e2 a2a4 e2d3 g8f8 c2d2 f8e7 d2c2 e7f6 d3d2
7r/4k1N1/6P1/3n4/3R4/5P2/P7/5K2 b - -,h8h1 f1g2 h1a1 d4d5 a1a2 g2g3 e7f6 g7h5 f6g6 g3g4
r4rk1/p3qpbp/2p1b1p1/5n2/5P2/2N5/PPPQBBPP/2KR3R b - -,f8d8 d2e1 d8b8 d1d3 e7b4 b2b3 c6c5 d3f3 b4a3 c1b1
7k/p6q/n2NQb2/2pPp2p/2P1n3/P3B2P/6PK/8 b - -,e4d6 e6f6 h7g7 f6d6 a6c7 e3c5 h8h7 d6e7 g7e7 c5e7
B2q2kr/p4p1p/4p3/4Q1p1/1B1bP3/8/PPP2P1P/2KR3b b - -,f7f6 d1d4 f6e5 d4d8 g8g7 d8h8 g7h8 b4c3 h8g7 c3e5
rn1q2k1/p4rPp/2p1p3/2NpPp2/1p3P2/3Q4/PPP2PP1/2KR3R b - -,d8e7 h1h7 f7g7 h7g7 e7g7 c5e6 g7g6 e6c7 b8d7 c7a8
rnbqkb1r/1p3p1p/p4p2/3p4/2pP4/2N2N2/PPQ1PPPP/R3KB1R b KQkq -,b8c6 g2g3 b7b5 f1g2 b5b4 c3a4 a8b8 e1h1 f6f5 e2e3
8/8/8/p4k2/P3p3/1B2Q3/1P1K4/8 b - -,b8c6 g2g3 b7b5 f1g2 b5b4 c3a4 a8b8 e1h1 f6f5 e2e3
8/5k2/7P/6K1/8/8/8/1b2R3 b - -,b1d3 e1d1 d3c2 d1d2 c2b1 d2d8 b1c2 d8b8 c2d3 g5f4
2n3k1/pp1q1pp1/4p2p/Q1PpP3/P7/1P3N1P/5PP1/6K1 b - -,b7b6 c5b6 a7b6 a5c3 c8e7 f3d4 d7a7 g1f1 a7a6 f1e1
8/1p3p1p/p1bkpp2/8/PP6/1BK1PP2/6PP/8 b - -,f6f5 a4a5 c6b5 c3d4 b5f1 g2g3 f1e2 f3f4 e2f3 b3c2
8/1p6/7K/p5p1/8/8/PPk3PP/8 b - -,
8/5p2/5b2/1N5k/8/8/6K1/8 b - -,
r5k1/pb1p2pp/1p2p3/1N1nn3/P2N4/5qP1/1P1Q1P1P/R4RK1 b - -,f6e5 g2f3 h5g5 b5a3 e5f4 a3c2 g5f5 c2d4 f5e5 d4e2
B2R2kr/p4p1p/4p3/4b1p1/1B2P3/8/PPP2P1P/2K4b b - -,g8g7 d8h8 g7h8 b4c3 e5c3 b2c3 h8g8 c1d2 g8f8 c3c4
r4rk1/1pb1q1pp/p1n1bp2/2Rp4/1P1N4/P3P3/1B2BPPP/Q2R2K1 b - -,c6d4 b2d4 c7d6 g2g3 f8e8 c5c3 a6a5 b4b5 e7d7 d1c1
5rk1/p1R2ppp/1p1P4/8/6nN/1P6/5P1P/6K1 b - -,g4e5 f2f4 e5d3 h4f5 h7h5 f5e7 g8h7 d6d7 d3c5 e7c6
r1bqr1k1/p1pn1pp1/2pp1b1p/8/4P3/2NQ1NB1/PPP2PPP/R3R1K1 b - -,a8b8 b2b3 d7c5 d3e3 c5e4 c3e4 f6a1 e4f6 a1f6 e3e8
4rrk1/pb1n2pp/1ppq4/3p1p2/1P1Pn3/3BPN2/PQ2NPPP/2R2RK1 b - -,d6f6 h2h4 b6b5 b2a3 e8a8 a3a5 d7b6 f3e5 f6h4 e2f4
r2r2k1/p3qpbp/2p1b1p1/5n2/5P2/2N5/PPP1BBPP/2KRQ2R b - -,d8b8 d1d3 e7b4 b2b3 c6c5 d3f3 b4a3 c1b1 c5c4 e1c1
2b1n2k/r5qN/2p3PP/1p3p2/3Qp3/pP6/P1B5/2KR1R2 b - -,g7d4 d1d4 a7h7 g6h7 h8h7 d4d8 f5f4 d8e8 c8f5 f1f4
2kr3r/1ppnppbp/p1n3p1/3p4/3P1B2/2P2PPQ/PPKN1P1P/3R3R b - -,h7h5 f4g5 d8e8 d2b3 e7e5 d4e5 c6e5 d1d5 f7f5 b3d2
8/4k1N1/6P1/3R4/8/5P2/P5K1/r7 b - -,e7f6 g7h5 f6g6 d5a5 a1d1 g2h3 d1d8 h3g4 g6f7 f3f4
2k5/3r3p/6p1/1N6/P1B5/1PK3P1/2P4P/8 b - -,d7d1 a4a5 c8d7 a5a6 d7c6 a6a7 d1a1 c4d3 h7h5 c3d4
2k5/8/R7/1p2pp2/4b3/PBq5/K1P2Q2/2Br4 b - -,c3d4 f2d4 e5d4 a2b2 c8c7 c1f4 c7b7 a6d6 d4d3 c2c4
rnbqkbnr/ppp2pp1/3p4/3P3p/4p3/4P3/PPPN1PPP/RNBQKB1R b KQkq -,f7f5 b1c3 g7g6 b2b3 f8g7 c1b2 g8h6 d2c4 e8h8 d1d2
6k1/5p2/2p3p1/2P1q2p/4P2P/3Q1PP1/6K1/8 b - -,e5c5 f3f4 c5b6 g2f1 c6c5 f1e2 b6a5 d3d5 a5b5 d5d3
8/7p/p4P1P/8/P5k1/4p3/4K3/8 b - -,e5c5 f3f4 c5b6 g2f1 c6c5 f1e2 b6a5 d3d5 a5b5 d5d3
4r3/8/4Pk2/2p2P2/P1P3p1/6P1/8/5RK1 b - -,e8a8 f1e1 f6e7 a4a5 e7e8 f5f6 a8a5 e1b1 a5a8 b1b7
2n3k1/pp1q1pp1/4p2p/1QP1P3/P2p4/1P3N1P/5PP1/6K1 b - -,d7c7 b3b4 g8f8 f3d4 c8e7 d4f3 e7c6 b5c4 c6e5 f3e5
3rQ2k/1q3rp1/2R4p/1P3bN1/1p1b4/8/5PPP/4R2K b - -,f7f8 e8h5 b4b3 c6c1 b3b2 c1d1 d4f6 g5f7 b7f7 h5f5
r2q1rk1/1ppb1pb1/3p1npp/p1nPp3/2P1P2B/2N2P2/PP1NB1PP/R2Q1RK1 b - -,d8e8 c3b5 e8c8 d2b3 b7b6 b3c5 b6c5 h4e1 f6h5 g2g3
1nrbr1k1/5ppp/3ppn2/3P4/Rp2P3/1N6/1P1N1PPP/2B1R1K1 b - -,e6d5 a4b4 b8c6 b4a4 f6e4 d2e4 f7f5 c1f4 f5e4 f4d6
5k2/8/1p5p/p4ppr/5P2/3B2K1/PP1B3P/8 b - -,g5g4 d3f1 a5a4 d2c3 f8g8 f1g2 g8h7 h2h3 h7g6 h3g4
8/8/8/p3k3/P3p3/4Q3/1PBK4/8 b - -,g5g4 d3f1 a5a4 d2c3 f8g8 f1g2 g8h7 h2h3 h7g6 h3g4
6k1/p7/n4Q1B/2pPp2p/2P1q3/P6P/6PK/8 b - -,g5g4 d3f1 a5a4 d2c3 f8g8 f1g2 g8h7 h2h3 h7g6 h3g4
r3k2r/1p1b1p1p/1q2pQpP/3pP3/p2P4/6N1/PP3PP1/1RB1n1K1 b kq -,d7b5 f6h8 e8d7 h8a8 b5d3 c1d2 b6a6 a8a6 e1f3 g2f3
8/8/5kP1/3R3N/8/5P2/P5K1/r7 b - -,f6g6 d5a5 g6h7 h5g3 h7g6 g2h3 a1g1 h3g4 g6f6 f3f4
8/2B5/8/8/4Kpk1/6p1/8/8 b - -,
r1bqk2r/pp1pnpbp/2n3p1/2p1p3/Q7/N1P2NP1/PP1PPPBP/R1B2RK1 b kq -,d7d5 e2e4 d5e4 f3g5 e8h8 g5e4 b7b6 d2d3 h7h6 f2f4
6k1/5p2/2p3p1/2q4p/4PP1P/3Q2P1/6K1/8 b - -,
rnbqkbnr/4pppp/p7/1p6/2pPP3/5N2/PPB2PPP/RNBQK2R b KQkq -,e7e6 b1c3 g8f6 e1h1 c8b7 d4d5 e6d5 e4e5 f6e4 c3e4
8/K1k5/1PB5/8/8/8/8/8 b - -,e7e6 b1c3 g8f6 e1h1 c8b7 d4d5 e6d5 e4e5 f6e4 c3e4
4rrk1/pb1n2pp/2pq4/1p1p1p2/PP1Pn3/3BPN2/1Q2NPPP/2R2RK1 b - -,b7a6 f3e5 a6b7 f2f3 e4f6 f3f4 a7a6 d3f5 d7b6 a4a5
4rr1k/pp3p1p/3p1bp1/8/2nN4/1P2P1P1/P4PBP/3R1RK1 b - -,f6d4 d1d4 c4e5 g2b7 e8e7 b7g2 f8c8 d4d2 h8g7 f1d1
r7/8/4Pk2/2p2P2/P1P3p1/6P1/8/4R1K1 b - -,f6d4 d1d4 c4e5 g2b7 e8e7 b7g2 f8c8 d4d2 h8g7 f1d1
r3r1k1/1b1p1p1p/p4p1Q/np1p3R/4P1B1/8/PqP3PP/3R3K b - -,e8e5 h5e5 b2e5 g4f5 e5e4 h6h7 g8f8 f5e4 a8e8 h7h6
2kr4/7p/6p1/1N6/PKB5/1P4P1/2P4P/8 b - -,c8b7 b4c5 d8c8 c5d4 c8d8 c4d5 b7b6 c2c4 h7h5 b3b4
r5k1/pb1p2pp/1p2p3/1N1nn3/P2N4/6P1/1P1Q1PKP/R4R2 b - -,c8b7 b4c5 d8c8 c5d4 c8d8 c4d5 b7b6 c2c4 h7h5 b3b4
8/8/4k3/p7/P3Q3/8/1PBK4/8 b - -,c8b7 b4c5 d8c8 c5d4 c8d8 c4d5 b7b6 c2c4 h7h5 b3b4
rn1qkb1r/ppp2pp1/3p1n2/3P1b1p/2B1p3/2N1P3/PPPN1PPP/R1BQK2R b KQkq -,b8d7 e1h1 d7e5 c4e2 a7a6 a2a4 c7c6 d2c4 e5c4 e2c4
r1b1nk2/p7/2p1p3/1p6/8/8/PPBQ4/2K2N2 b - -,a7a5 f1g3 a8a7 d2h6 f8g8 c2g6 e8f6 h6g5 f6h7 g6h7
8/1p3p1p/p1bkp3/5p2/PP5P/1BK1PP2/6P1/8 b - -,
r1bqk2r/pp3p2/1npb3p/3p2p1/3P4/1QNBPNP1/PP3PP1/R3K2R b KQkq -,
1nrbr1k1/5ppp/3p1n2/3p4/1R2P3/1N6/1P1N1PPP/2B1R1K1 b - -,b8c6 b4a4 f6e4 d2e4 f7f5 c1f4 e8e4 a4e4 f5e4 f4d6
r4rk1/1pb1q1pp/p3bp2/2Rp4/1P1B4/P3P3/4BPPP/Q2R2K1 b - -,c7d6 h2h3 f8e8 c5c3 a6a5 a1b1 a5b4 a3b4 e8c8 c3b3
8/8/6k1/R6N/8/5P2/P5K1/r7 b - -,a1c1 g2h3 c1c6 h5g3 g6f7 g3e4 c6g6 e4g5 f7e8 h3g4
r2qr1k1/p4p1p/2pp2p1/2n5/3RP3/5Q1P/PPP2PP1/4RBK1 b - -,d6d5 e4e5 d8b6 b2b4 c5e6 d4h4 a7a5 b4b5 c6b5 f3d5
3r2k1/1b3pp1/p3p2p/1p1B2b1/2q3N1/2P4Q/PP4PP/3R1R1K b - -,d8d5 h3g3 d5d1 f1d1 c4e2 d1g1 g8h7 h2h4 g5d8 g4e5
5rk1/p1RP1ppp/1p3n2/8/7N/1P6/5P1P/6K1 b - -,h7h5 h4f3 a7a5 f3e5 g7g6 e5c6 f6d7 c7d7 f8a8 d7b7
1r4k1/1rp1np1p/2bp4/p5p1/2PP4/6P1/P4PNP/RNR3K1 b - -,e7f5 d4d5 c6d7 c1d1 d7a4 d1c1 f5d4 b1c3 a4d7 h2h4
r4rk1/pbpqbp1p/1nn1p1pP/1N2P3/2pP4/4BN1R/PP2BPP1/R2Q1K2 b - -,f8d8 f1g1 c6b4 b5c3 b4d5 c3d5 b6d5 e3d2 d5b4 d2b4
2n3k1/pp3pp1/4p2p/1PP1P3/3p4/1P3N1P/5PP1/6K1 b - -,g8f8 g1f1 c8e7 f1e2 f8e8 e2d3 e7f5 f3d4 f5d4 d3d4
2rq1rk1/pppnbpp1/2b1pn1p/4N3/3P4/2P3N1/PPB2PPP/R1BQR1K1 b - -,d7e5 e1e5 e7d6 e5e3 c6d5 g3h5 f6h5 d1h5 f7f5 c2b3
2kr3r/1ppnppbp/p1n3p1/3p4/3P1B2/2P2PPQ/PP1N1P1P/1K1R3R b - -,d8e8 d2b3 f7f5 g3g4 e7e5 d4e5 f5g4 h3g4 c6e5 f4e5
8/1p6/8/p5K1/8/8/Pk4PP/8 b - -,
r3qrk1/1ppb1pb1/3p1npp/p1nPp3/2P1P2B/1NN2P2/PP2B1PP/R2Q1RK1 b - -,b7b6 b3c5 b6c5 h4e1 f6h5 g2g3 d7h3 f1f2 f7f5 e1d2
8/3k4/8/p7/PP2Q3/8/2BK4/8 b - -,b7b6 b3c5 b6c5 h4e1 f6h5 g2g3 d7h3 f1f2 f7f5 e1d2
1rbqr1k1/p1pn1pp1/2pp1b1p/8/4P3/1PNQ1NB1/P1P2PPP/R3R1K1 b - -,d7c5 d3e3 c5e4 c3e4 f6a1 e4f6 a1f6 e3e8 d8e8 e1e8
8/8/6k1/R6N/8/5P1K/P7/2r5 b - -,c1c6 h5g3 c6c4 g3e4 c4d4 h3g4 d4b4 a2a4 b4d4 g4f4
r4nk1/pp1r3p/1q2pPp1/2bpP3/2p3PP/2P2B2/P1P1Q3/R1B2K1R b - -,b6a5 c1d2 d5d4 c3d4 c4c3 d2h6 c5d4 a1e1 d4b6 f1g2
r7/4k3/4P3/P1p2P2/2P3p1/6P1/8/4R1K1 b - -,b6a5 c1d2 d5d4 c3d4 c4c3 d2h6 c5d4 a1e1 d4b6 f1g2
2b1n2k/r6N/2p3PP/1p3p2/3Rp3/pP6/P1B5/2K2R2 b - -,a7h7 g6h7 h8h7 d4d8 e4e3 d8e8 c6c5 f1g1 e3e2 e8e2
r1b2r2/p4knB/2pNp3/1p2q3/8/6p1/PP1Q4/2KR3R b - -,a7h7 g6h7 h8h7 d4d8 e4e3 d8e8 c6c5 f1g1 e3e2 e8e2
3Q2k1/5p2/2p3p1/1q5p/4PP1P/6P1/6K1/8 b - -,
4r2k/pp4p1/3b4/3P4/1B3P1P/PP4n1/1K6/3R4 b - -,g3f5 b4d6 f5d6 d1g1 h8g8 a3a4 g8f7 g1h1 e8d8 a4a5
2n3k1/pp3pp1/4p2p/1PP1P3/8/1P1p1N1P/5PP1/5K2 b - -,b7b6 c5c6 c8e7 f1e1 e7d5 e1d2 g8f8 d2d3 f8e7 g2g3
r3n1kR/pb1R1rP1/2p1p3/1p6/8/6p1/PPB5/2KN4 b - -,g8g7 h8h7 g7f6 d7f7 f6e5 f7b7 e8f6 h7g7 e5d6 g7g3
r2q1rk1/1b1nbppp/p3p3/nPppP3/P7/N2P1NP1/1PQ2PBP/R1B2RK1 b - -,a6b5 a4b5 d8b8 c1f4 h7h6 b2b3 g7g5 f4d2 f8c8 a3b1
r5k1/pb1p2pp/1p2p3/1N2n3/P2N1n2/6P1/1P1Q1P1P/R4RK1 b - -,a6b5 a4b5 d8b8 c1f4 h7h6 b2b3 g7g5 f4d2 f8c8 a3b1
rnbqk1nr/pp1p1ppp/3b4/2pPP3/4P3/8/PPP3PP/RNBQKBNR b KQkq -,d8h4 g2g3 h4e4 e1f2 d6e5 g1f3 d7d6 f1b5 b8d7 f3e5
r1bqk2r/pppnbppp/3pp1n1/1B4B1/3PP2P/2N2N2/PPP2PP1/R2QK2R b KQkq -,e7g5 h4g5 a7a6 b5e2 b7b5 a2a3 c8b7 d1d2 c7c5 d4d5
2Rr2k1/p2P1ppp/1p3n2/8/7N/1P6/5P1P/6K1 b - -,g7g6 c8d8 g8g7 g1h1 g7h6 h4f3 b6b5 f3e5 h6g5 d8b8
1k1r4/7p/6p1/KN6/P1B5/1P4P1/2P4P/8 b - -,d8f8 a5b6 f8f6 b6c5 h7h5 a4a5 h5h4 g3h4 g6g5 h4g5
8/8/2r3k1/R7/8/5PNK/P7/8 b - -,c6c4 g3e4 c4b4 h3g4 g6f7 g4f5 f7e7 a2a4 e7d8 f3f4
8/3k4/8/8/PQ6/8/2BK4/8 b - -,c6c4 g3e4 c4b4 h3g4 g6f7 g4f5 f7e7 a2a4 e7d8 f3f4
2rq1rk1/ppp1bpp1/2b1pn1p/4P3/8/2P3N1/PPB2PPP/R1BQR1K1 b - -,d8d1 c2d1 f6d7 d1c2 f8d8 b2b3 d7c5 c1a3 d8d2 c2e4
8/4k3/4PP2/r1p5/2P3p1/6P1/8/4R1K1 b - -,d8d1 c2d1 f6d7 d1c2 f8d8 b2b3 d7c5 c1a3 d8d2 c2e4
6k1/2p3pp/p1p1r1r1/3p1q2/1P1BbP2/2Q1R2P/P1P2RP1/6K1 b - -,e6e7 c3e1 h7h5 a2a4 e7e6 e1c3 h5h4 a4a5 e6e7 c3e1
4r1k1/5pp1/5n2/p7/2pQ1qP1/2NR1P1P/P3P1K1/8 b - -,f4c1 d3d1 c1e3 d4c4 f6h7 d1d7 h7g5 c4d4 e3d4 d7d4
r2q1rk1/ppp2ppp/2nb1n2/3pp3/3P4/2PBPP1P/PP1NQP2/R1B1K2R b KQ -,e5d4 d2b3 d4c3 b2c3 c6e5 d3c2 f8e8 e1f1 d8d7 b3d2
1rbqr1k1/p1p2pp1/2pp1b1p/2n5/4P3/1PN1QNB1/P1P2PPP/R3R1K1 b - -,c5e4 c3e4 f6a1 e4f6 a1f6 e3e8 d8e8 e1e8 g8h7 e8f8
rr4k1/p3qpbp/2p1b1p1/5n2/5P2/1PN5/P1P1BBPP/2KRQ2R b - -,e7a3 c1b1 e6b3 d1d8 b8d8 c2b3 a3b4 e1c1 g7c3 h1d1
r3qrk1/2pb1pb1/1p1p1npp/p1NPp3/2P1P2B/2N2P2/PP2B1PP/R2Q1RK1 b - -,b6c5 h4e1 f6h5 g2g3 d7h3 f1f2 f7f5 e2f1 h3f1 f2f1
8/1p6/8/p5K1/7P/8/k5P1/8 b - -,
r3n3/pb1R1rkR/2p1p3/1p6/8/6p1/PPB5/2KN4 b - -,g7g8 h7f7 e8d6 f7g7 g8f8 g7h7 f8g8 d7g7 g8f8 g7c7
5rk1/rp1b1ppp/1N1p4/1B2n3/PP6/8/2PK1PPP/R6R b - -,d7c6 f2f3 f8d8 c2c4 d6d5 c4c5 g7g5 h1e1 f7f6 b5f1
8/4P3/5k2/r1p5/2P3p1/6P1/8/4R1K1 b - -,d7c6 f2f3 f8d8 c2c4 d6d5 c4c5 g7g5 h1e1 f7f6 b5f1
r1b2r2/p5nB/2pNpk1R/1p2q3/8/6p1/PP1Q4/2KR4 b - -,d7c6 f2f3 f8d8 c2c4 d6d5 c4c5 g7g5 h1e1 f7f6 b5f1
8/8/4k3/P7/1Q6/8/2BK4/8 b - -,d7c6 f2f3 f8d8 c2c4 d6d5 c4c5 g7g5 h1e1 f7f6 b5f1
3R4/5ppk/5n2/p7/2p2qP1/4rP1P/P3PQK1/3N4 b - -,e3e6 e2e3 f4h6 f2c2 h6g6 c2c4 f6e8 c4d3 g6d3 d8d3
2r2rk1/ppp1bpp1/2b1pn1p/4P3/8/2P3N1/PPB2PPP/R1BR2K1 b - -,f6d7 f2f4 d7b6 a2a4 a7a5 g3e4 b6d5 g2g3 c8d8 g1f2
6k1/7b/5R1P/6K1/8/8/8/8 b - -,h7b1 f6e6 g8f7 e6b6 b1d3 b6b7 f7g8 b7d7 d3b1 g5f6
1k1r4/7p/6p1/PN6/1KB5/1P4P1/2P4P/8 b - -,d8d1 b4c5 d1c1 c5b6 b8c8 c2c3 c1a1 a5a6 c8d7 a6a7
2rq1r1k/1p3p1p/2n1p1p1/3pPP2/1P4P1/2PB3Q/7P/2R2RK1 b - -,d8g5 h3g3 g6f5 g4f5 f8g8 g3g5 g8g5 g1h1 c6e5 d3b1
rq3rk1/1b1nbppp/p3p3/nPppP3/P4B2/N2P1NP1/1PQ2PBP/R4RK1 b - -,f8c8 b2b3 h7h6 h2h4 a6b5 a4b5 d7b6 f4e3 b6d7 f1e1
rr4k1/p4pbp/2p1b1p1/5n2/5P2/qPN5/P1P1BBPP/1K1RQ2R b - -,e6b3 d1d8 b8d8 c2b3 a3b4 b1c2 d8e8 c3d1 b4f4 e1d2
rnb1k1nr/pp1p1ppp/3b4/2pPP3/4P2q/6P1/PPP4P/RNBQKBNR b KQkq -,h4e4 e1f2 d6e5 g1f3 d7d6 f1b5 b8d7 f3e5 d6e5 h1e1
8/8/P4k2/8/1Q6/8/2BK4/8 b - -,h4e4 e1f2 d6e5 g1f3 d7d6 f1b5 b8d7 f3e5 d6e5 h1e1
r3r1k1/pp1n1pp1/3p3p/3P4/qP3Nb1/P1Q3P1/2PK1P1P/R4B1R b - -,d7e5 c3b3 e5f3 d2c3 a8c8 c3b2 a4b3 c2b3 f3d4 a1c1
r1N2r2/p3k1nB/2p1p2R/1p2q3/8/6p1/PP1Q4/2KR4 b - -,d7f6 f1d3 a8c8 c3b3 a4b3 c2b3 g7g5 f4g2 g4f3 h1g1
4r2k/pp4p1/8/3P4/1P3P1P/1P4n1/1K6/3R4 b - -,e8d8 d5d6 g3e4 d6d7 e4f6 b2c3 h8g8 d1a1 a7a6 b4b5
rn2r3/ppp4k/3bbN2/3p4/3P4/8/PPP2PPP/RN2R1K1 b - -,h7h8 f6e8 b8c6 e8d6 c7d6 c2c3 e6f5 b1d2 a7a5 a2a4
8/P7/8/4k3/1Q6/8/2BK4/8 b - -,h7h8 f6e8 b8c6 e8d6 c7d6 c2c3 e6f5 b1d2 a7a5 a2a4
2r3k1/3p1ppp/4p3/rn4P1/1b2P2P/2NPBP2/1P6/3RK2R b - -,a5a2 e1f1 b5c3 b2c3 c8c3 h1h3 c3c2 f3f4 f7f5 g5f6
r2qr1k1/p4p1p/2p3p1/2npP3/3R4/5Q1P/PPP2PP1/4RBK1 b - -,d8b6 b2b4 c5e6 d4h4 a7a5 b4b5 c6b5 f3d5 a8b8 d5d2
1k5b/pP6/6K1/N7/3p4/3P4/8/8 b - -,
r3qrk1/2pb1pb1/3p1npp/p1pPp3/2P1P3/2N2P2/PP2BBPP/R2Q1RK1 b - -,f6h5 g2g3 d7h3 f1e1 f7f5 e2f1 h3f1 e1f1 h5f6 d1e2
2b1n2k/6PN/2p3P1/1p3p2/3Rp3/pP6/P1B5/2K2R2 b - -,f6h5 g2g3 d7h3 f1e1 f7f5 e2f1 h3f1 e1f1 h5f6 d1e2
rnbqkb1r/ppp2ppp/5n2/4p3/3pPP2/1P6/PBPPN1PP/R2QKBNR b KQkq -,b8c6 f4e5 f6e4 g1f3 c8g4 e2g3 e4g3 h2g3 d8d7 d1e2
5k2/R7/4r1p1/7p/5K2/6PP/5P2/8 b - -,e6f6 f4g5 f6f2 g5g6 f2g2 a7f7 f8g8 f7g7 g8h8 g6h6
r3kb1r/pp1n1pp1/2p2np1/2Pp4/3PP1P1/1P2P2P/1P1N4/R1B1KB1R b KQkq -,f8e7 e4d5 f6d5 d2c4 e8h8 c1d2 b7b6 b3b4 a7a5 f1g2
6k1/5p2/2p3p1/7p/1q2PP1P/3Q1KP1/8/8 b - -,
rnb1k1nr/pp1p1ppp/3b4/2pPP3/4q3/6P1/PPP2K1P/RNBQ1BNR b kq -,d6e5 g1f3 d7d6 f1b5 b8d7 f3e5 d6e5 h1e1 e4f5 c1f4
rq3rk1/1b1nbpp1/p3p2p/nPppP3/P4B1P/N2P1NP1/1PQ2PB1/R4RK1 b - -,c5c4 d3c4 f8c8 b2b3 e7a3 a1a3 a6b5 a4b5 d5c4 b3c4
r1b1r2k/1pp1qp1p/p4p1B/3Q3B/1b1p4/3P4/PPP2PPP/R4RK1 b - -,e8d8 d5f7 e7f7 h5f7 a6a5 a2a3 b4d6 f2f4 a8a6 f1f3
6k1/2p3p1/p1p1r1r1/3p1q1p/1P1BbP2/2Q1R2P/P1P2RPK/8 b - -,h5h4 h2g1 e6e8 c3d2 e8f8 d2e1 f8e8 a2a3 e8e6 e1c3
5rk1/rp3ppp/1N1p4/1P2n3/1P6/8/2PK1PPP/R6R b - -,a7a1 h1a1 g7g5 a1a7 f8b8 c2c4 g8g7 c4c5 g7f6 d2c3
r4rk1/1p2q1pp/p2bbp2/3p4/1P1B4/P1R1P3/4BPPP/Q2R2K1 b - -,a6a5 b4b5 f8c8 a3a4 e7d7 e2f3 d6b4 c3c8 a8c8 h2h3
r1b1n3/p4rk1/2p1pq2/1p6/8/2N3p1/PPBQ4/2KR3R b - -,g7f8 c1b1 f6e5 c3e4 c6c5 e4c5 a8b8 c5d3 e5d4 h1g1
r1bq1bk1/pp1n1pp1/2pp3p/3n4/3P4/3B1N1P/PPPQ1PPB/3NR1K1 b - -,b7b5 d1e3 d7b6 e3d5 b6d5 h2g3 a7a5 g3h4 d8d7 c2c3
3r1r2/1q3Bpk/2R4p/1P6/1p1bQ3/8/5PPP/4R2K b - -,h7h8 c6h6 g7h6 e4b7 d4f6 g2g3 d8b8 b7d7 b8d8 d7e6
3R4/5ppk/5n2/p7/2p2qP1/r3PP1P/P4QK1/3N4 b - -,a3e3 f2e3 f4c7 d8d2 a5a4 d1c3 h7g8 e3d4 c7c6 d4d8
2r1r1k1/pp1n1pp1/3p3p/3P4/qP3Nb1/P5P1/1QPK1P1P/R4B1R b - -,d7e5 f1d3 g7g5 h2h3 e5d3 c2d3 g4f3 h1g1 g8h7 f4e6
7b/pPk5/6K1/8/2Np4/3P4/8/8 b - -,c7b7 g6h7 h8f6 h7g6 f6d8 g6f5 b7c6 f5e4 c6c5 c4d2
5r2/4k3/4P3/P1p1RP2/2P3p1/6P1/8/6K1 b - -,e7e8 e6e7 f8f6 g1f2 f6h6 f2e3 h6a6 e3f4 a6a5 f5f6
rr4k1/p4pbp/2p3p1/5n2/5P2/qPN5/2P1BBPP/1K1RQ2R b - -,e7e8 e6e7 f8f6 g1f2 f6h6 f2e3 h6a6 e3f4 a6a5 f5f6
r2qr1k1/1p3ppn/p1b4p/7P/P2BP1Pb/2N5/1PPQB3/R1K4R b - -,c6e4 h1d1 e4f3 c1b1 f3e2 c3e2 h4g5 d2d3 d8d7 d3f3
8/1p3p2/p1bkp2p/5p2/PP5P/2K1PP2/6P1/3B4 b - -,
2nq2k1/pQ3pp1/4p2p/2P1P3/P2p4/1P3N1P/5PP1/6K1 b - -,d4d3 f3d2 c8e7 c5c6 e7d5 b7a7 d8g5 c6c7 d5c7 a7e3
r2qk1nr/pp1bppbp/2Bp2p1/2p5/P3P3/2NP1N2/1PP2PPP/R1BQK2R b KQkq -,d7c6 e1h1 g8f6 f1e1 e8h8 h2h3 b7b6 a4a5 b6b5 e4e5
3r1r1k/1q3Bpb/7R/1P4NQ/1p6/8/5bPP/4R2K b - -,g7h6 h5h6 f8f7 g5h7 b7e7 h7f8 h8g8 e1b1 d8f8 h6g6
r1bqr1k1/2pn1pp1/2pp1b1p/p7/4P3/2NQ1NB1/PPP2PPP/3RR1K1 b - -,d7c5 d3e3 c8g4 e4e5 d8c8 d1d4 g4f3 e3f3 f6e5 g3e5
rq3rk1/1b1nbpp1/4p2p/nPppP3/5B1P/N2P1NP1/1PQ2PB1/R4RK1 b - -,f8c8 b2b3 c5c4 d3c4 d5c4 a3c4 d7b6 c2e2 a5c4 b3c4
r1b2rk1/pp2ppbp/2nq2p1/3p3n/3P4/2PBBNP1/PP1N1P1P/R2Q1RK1 b - -,f7f5 e3g5 h7h6 g5f4 h5f4 g3f4 d6f4 f3e1 f4g5 g1h1
r2q1rk1/pp2p1bp/8/2p2p2/3p1P2/NP2P1Q1/PBPP2PP/R4RK1 b - -,b7b5 a3b5 f8f6 e3d4 a8c8 b5a3 c5d4 a1e1 f6h6 a3c4
r1kbr1bq/pppp1p1p/4n1p1/4p3/3nP3/2NPN1P1/PPP2PQP/R1KBR1B1 b KQkq -,f7f5 e3c4 d8g5 c1b1 c8a8 f2f3 d7d6 a2a4 h8g7 a4a5
2r2rk1/ppp1bpp1/2b1pn1p/4P3/8/2P3N1/PP3PPP/R1BBR1K1 b - -,f6d7 f2f4 d7c5 c1e3 c5d3 e1e2 c8d8 f4f5 e7g5 e3g5
8/2B5/8/8/6k1/4Kpp1/8/8 b - -,
8/4k3/4Pr2/P1R2P2/2P3p1/6P1/8/6K1 b - -,e7f8 a5a6 f8g7 a6a7 f6f8 c5c7 g7h6 e6e7 f8h8 c7d7
8/8/3k4/2p2P2/1pKp4/3B4/1PP5/2n5 b - -,d6d7 c4c5 b4b3 c5d4 c1e2 d4c4 e2g1 c4b3 g1h3 b3c4
2r1r1k1/pp1n1pp1/3p3p/3P4/qP3Nb1/PQ4P1/2PK1P1P/R4B1R b - -,c8c2 b3c2 a4c2 d2c2 a7a6 a1c1 g4f3 f1h3 f3h1 h3d7
rnbq1r1k/ppp1b1pp/5n2/3P1p2/2BP4/2N2P2/PP3NPP/R1BQK2R b KQ -,c7c6 e1h1 c6d5 c4b3 b8c6 c1e3 c8e6 f2d3 e6g8 b3a4
r1bqkb1r/ppp2ppp/2n2n2/4P3/3pP3/1P6/PBPPN1PP/R2QKBNR b KQkq -,f6e4 g1f3 c8g4 e2g3 e4g3 h2g3 d8d7 f1b5 e8a8 d1e2
6k1/1b3pp1/p3p2p/1p4b1/6N1/2P3Q1/PP2q1PP/4R2K b - -,b7g2 h1g1 e2d2 g3f2 d2f2 g4f2 g2d5 f2d3 a6a5 a2a4
7b/pk6/3N2K1/8/3p4/3P4/8/8 b - -,b7c6 d6c4 c6c5 g6h7 h8f6 h7g6 f6d8 g6f7 c5b4 c4e5
2r3k1/3p1ppp/4p3/1n4P1/1b2P2P/2NPBP2/rP6/3R1K1R b - -,b4c3 b2c3 c8c3 f3f4 d7d5 e4d5 e6d5 h1h3 b5d6 d1d2
4N1k1/5q2/8/4Q3/8/8/n7/1K6 b - -,
r5nr/pp2bkp1/2q1p3/2p1P1Bp/7P/5R2/P3QPP1/3R1K2 b - -,e7f6 e5f6 g8f6 e2e5 h8d8 f3f6 f7g8 d1d8 a8d8 f6e6
r2q1rk1/1p3ppp/3pb3/n7/2pbPp2/P1NP1P1P/BBP3P1/R2Q1R1K b - -,d8h4 d1d2 e6h3 g2h3 f8c8 c3d5 d4b2 a1b1 b2e5 d3d4
2kr3r/1ppnppbp/p5p1/n2p4/3P1B2/1NP2PPQ/PP3P1P/1K1R3R b - -,g6g5 f4g5 a5b3 a2b3 g7f6 g5e3 h7h5 d1c1 h5h4 g3g4
r1b5/ppqn1kpQ/2n1p1B1/3p4/2pP1b2/2P5/PP1N1PPP/R3R1K1 b - -,f7e7 h7g7 e7d6 e1e6 d6e6 g7f7 e6d6 f7f4 c6e5 d2f3
r1b1k1nr/pppqbppp/2n1p3/3pP3/3P4/2NBB3/PPP2PPP/R2QK1NR b KQkq -,h7h5 a2a3 b7b6 b2b4 h5h4 h2h3 g8h6 g1f3 h6f5 c3e2
8/4k3/4P2r/P1R2P2/2P3p1/6P1/6K1/8 b - -,e7d8 a5a6 h6h8 a6a7 d8e7 c5d5 e7f6 d5d7 f6f5 e6e7
r1bq1rk1/pppn1ppp/3pp1n1/1B4P1/3PP3/2N2N2/PPP2PP1/R2Q1RK1 b - -,a7a6 b5d3 e6e5 d1d2 d7b6 d4e5 d6e5 d2e3 c8g4 f3h2
2k5/8/R3B3/1p2pp2/4b3/P1q5/K1P2Q2/2r5 b - -,a7a6 b5d3 e6e5 d1d2 d7b6 d4e5 d6e5 d2e3 c8g4 f3h2
r5k1/p4pbp/2p3p1/5n2/5P2/1qN5/4BBPP/2KRQ2R b - -,a7a6 b5d3 e6e5 d1d2 d7b6 d4e5 d6e5 d2e3 c8g4 f3h2
r1b2rk1/p4ppq/1p1p1n2/2p2n1p/P1PPpP2/1NP1P2P/3BB1PK/R3Q1R1 b - -,f6g4 h2h1 g4e3 d2e3 f5e3 e2d3 e4d3 e1e3 c8d7 e3f3
2nq2k1/pQ3pp1/4p2p/2P1P3/P7/1P1p3P/3N1PP1/6K1 b - -,c8e7 c5c6 e7d5 b7a7 d8g5 c6c7 d5c7 a7e3 g5h5 e3d3
r4nk1/pp1r3p/1q2pPp1/2bpP2P/2p3P1/2P2B2/P1P1Q3/R1B1K2R b KQ -,b6a5 e2d2 g6h5 g4g5 a5c7 d2e2 d5d4 a1b1 a8d8 c3d4
5rk1/1p3ppp/1N1p4/1P2n3/1P6/8/2PK1PPP/R7 b - -,g7g5 a1a7 f8b8 c2c4 g8g7 d2c3 g7f6 c4c5 f6e6 b6c4
5r1k/5qpb/1P5p/8/1R6/1p6/4QPPP/4R2K b - -,h7g8 h2h3 f8b8 f2f3 b8b7 e2b5 f7g6 e1e8 h8h7 e8d8
1r4k1/1rp2p1p/2bp4/p1P2np1/3P4/6P1/P4PNP/RNR3K1 b - -,f5d4 g1f1 c6b5 f1e1 b5d3 b1d2 d4c2 c1c2 d3c2 g2e3
8/8/P3Pk1r/2R2P2/2P3p1/6P1/6K1/8 b - -,h6h7 c5a5 h7a7 g2f2 f6g7 f2e3 g7f6 e3e4 f6e7 e4e5
2kr3r/1ppnppbp/p5p1/3p4/3P1B2/1PP2PPQ/1P3P1P/1K1R3R b - -,h7h6 d1c1 h6h5 h1g1 e7e6 f4g5 g7f6 g5e3 g6g5 h3f1
2rq1r1k/1p3p1p/2n1p1p1/3pP3/1P3PP1/2PB3Q/7P/2R2R1K b - -,d5d4 d3e4 d4c3 f1d1 d8e7 h3c3 e7b4 c3b4 c6b4 f4f5
r1b1n1k1/p5r1/2p1pq2/1p6/8/2N3pR/PPBQ4/2KR4 b - -,
7k/8/8/6K1/4b2P/8/4R3/8 b - -,e4d3 e2e3 d3b1 g5h6 h8g8 e3g3 g8f7 g3g7 f7f8 g7g5
3r4/R2P1pkp/1p3np1/4N3/8/1P6/5P1P/6K1 b - -,h7h5 g1f1 h5h4 f1e2 g6g5 e2d3 h4h3 d3c4 g5g4 c4d4
r1bq1bk1/pp3pp1/2pp1n1p/3n4/2PP4/3B1N1P/PP1Q1PPB/3NR1K1 b - -,d5c7 b2b3 a7a5 d1c3 c8d7 h2g3 b7b5 g3h4 a5a4 c4b5
7b/p4N2/1k4K1/8/3p4/3P4/8/8 b - -,b6c5 f7d8 a7a5 d8e6 c5b4 e6c7 a5a4 g6f7 a4a3 c7d5
r2qr1k1/5ppn/p1b4p/1P5P/3BP1Pb/2N5/1PPQB3/R1K4R b - -,h4g5 d4e3 a6b5 a1a8 d8a8 e3g5 h7g5 h1e1 b5b4 c3b1
r1bqk1nr/ppp2ppp/3p4/2b1p3/2BnP3/2N1BN2/PPP2PPP/R2QK2R b KQkq -,c8g4 e3d4 c5d4 c3b5 d4b6 d1d5 g4h5 d5b7 g8e7 b7a6
8/1p3p2/p2kp2p/3b1p2/PP4PP/2K1PP2/8/3B4 b - -,b7b5 g4f5 b5a4 f5e6 d6e6 d1e2 e6e5 c3b2 d5c6 e2a6
2bRn3/6kN/2p3P1/1p3p2/4p3/pP6/P1B5/2K2R2 b - -,b7b5 g4f5 b5a4 f5e6 d6e6 d1e2 e6e5 c3b2 d5c6 e2a6
rnbqk2r/ppp1nppp/3b4/3p4/3P4/2NB4/PPP1QPPP/R1B1K1NR b KQkq -,e8h8 c1g5 h7h6 e2h5 f8e8 e1a1 h6g5 h5h7 g8f8 h7h8
3R4/2q2ppk/5n2/p7/2p3PQ/r3PP1P/P5K1/3N4 b - -,b8c6 c3d5 c6d4 e2e4 c7c5 d5e7 d6e7 g1e2 c8f5 e4b7
4r1k1/5ppn/8/p7/2pQ1qP1/2N2P1P/P3P1K1/3R4 b - -,f4g5 d4c4 h7f8 c3e4 g5e3 c4d3 e3h6 d3d2 h6b6 d2g5
3r4/1k5p/6p1/P7/1KB5/1PN3P1/2P4P/8 b - -,b7c6 a5a6 c6b6 c3d5 b6c6 b4a5 g6g5 d5c3 g5g4 c4d5
8/8/8/6p1/K4kP1/7P/5P2/8 b - -,
r1b1n3/p4rkB/2p1p3/1p6/8/8/PP1QN1p1/2K2R1R b - -,f7f1 h1f1 g2f1q c1c2 g7h7 e2g3 f1c4 c2b1 e6e5 d2e1
r3n1k1/pb3R1R/2p1p3/1p6/8/6p1/PPB5/2KN4 b - -,a8b8 f7f3 c6c5 f3g3 g8f8 g3g1 b5b4 g1f1 f8g8 h7d7
4r1k1/5p2/Q2p1qpp/P2P4/1P4P1/3B3P/2P3K1/8 b - -,e8e3 d3e2 f6f4 a6d3 f4g3 g2f1 g3h3 f1e1 e3d3 e2d3
7k/pp4p1/8/3P4/1P3P1P/1PK3n1/4r3/3R4 b - -,h8g8 d1a1 e2e7 a1a7 g3e2 c3d3 e2f4 d3d4 e7d7 d4e5
5rbk/5qp1/1P5p/8/1R6/1p5P/4QPP1/4R2K b - -,f8b8 f2f3 b8b7 e2b5 f7g6 e1e8 h8h7 e8d8 h6h5 h1h2
8/8/8/8/2K5/1n2Q3/2k5/8 b - -,f8b8 f2f3 b8b7 e2b5 f7g6 e1e8 h8h7 e8d8 h6h5 h1h2
r1b2R2/p7/2pnp3/1p2k2R/8/8/PPBK4/8 b - -,d6f5 c2f5 e6f5 h5h8 a7a5 f8d8 a8a7 d8c8 a7g7 c8c6
r5k1/1b1p1p1p/p4p1Q/np1pR3/4P1B1/8/PqP3PP/3R3K b - -,b2e5 g4f5 e5f5 e4f5 a5c6 d1d3 c6e7 d3g3 e7g6 f5g6
3r4/7R/4kpBB/8/p7/Pp6/1P5P/6K1 b - -,d8c8 g1f1 e6e5 g6d3 f6f5 f1e2 c8g8 e2d2 e5f6 h6e3
r2qr1k1/ppp2ppp/2nb1n2/3p4/3PP3/3B1P1P/PP1NQP2/R1B1K2R b KQ -,c6d4 e2d1 d6b4 e1f1 b4d2 c1d2 d5e4 f3e4 f6e4 d2c3
r2qk2r/pp2bp2/1np1b2p/3pN1p1/3P4/1QNBP1P1/PP3PP1/R3K2R b KQkq -,e7d6 e5f3 d6c7 c3a4 b6a4 b3a4 d8f6 a1c1 e6d7 b2b4
rr4k1/p3qpbp/2p1b1p1/5n2/2B2P2/2N5/PPP2BPP/2KRQ2R b - -,e6c4 e1e7 f5e7 c3a4 c4e6 g2g3 e7d5 f2d4 b8e8 d4g7
r1bqk2r/p1p2ppp/2pbpn2/3p4/3P4/4P1B1/PPPN1PPP/R2QK1NR b KQkq -,c6c5 g1f3 c5d4 e3d4 c7c5 c2c3 c5d4 c3d4 e8h8 e1h1
8/1p3p2/p2kp2p/3b4/PP4PP/2K1P3/8/3B4 b - -,
r2q1rk1/1p2npbp/p2p2p1/2pNn1B1/2P1P3/3P2PP/PP4BK/R2Q1R2 b - -,
8/2B5/8/8/6k1/5p2/5Kp1/8 b - -,
8/7r/P3Pk2/3R1P2/2P3p1/6P1/6K1/8 b - -,g4f5 c7h2 g2g1r h2g1 f5g5 g1h2 g5g4 h2d6 g4f5 f2f3
1k1r3r/1ppnppbp/p5p1/3p4/3P1B2/1PP2PPQ/1PK2P1P/3R3R b - -,h8e8 h3h7 e7e5 d4e5 g7e5 f4e3 e5f6 h7f7 e8e7 f7e7
r3n1k1/pb1R1R2/2p1p3/1p6/8/6p1/PPB5/2KN4 b - -,h8e8 h3h7 e7e5 d4e5 g7e5 f4e3 e5f6 h7f7 e8e7 f7e7
rnbq1rk1/p5pp/1ppBpn2/3p1p2/2PP4/1P1BPN2/P4PPP/RN1Q1RK1 b - -,f8f7 d6g3 g7g5 c4d5 c6d5 b1c3 f7g7 c3e2 c8a6 d3a6
3r4/1k6/P5p1/7p/1KB5/1PN3P1/2P4P/8 b - -,b7c7 b4c5 c7d7 a6a7 d8c8 c5b6 g6g5 c4d5 d7d6 d5b7
4N1k1/8/8/4Q3/8/1q6/n7/K7 b - -,
4r1k1/2q2ppn/8/p7/2pQ2P1/2N2P1P/P2RP1K1/8 b - -,h7f8 c3d5 c7c8 h3h4 f8e6 d4e5 c8d8 g4g5 d8c8 e2e4
2rq1rk1/pppnbpp1/4pn1p/8/3P4/2P2QN1/PPB2PPP/R1B1R1K1 b - -,c7c5 d4c5 e7c5 a2a4 a7a5 g3e4 f6e4 c2e4 d8b6 b2b4
r4rk1/pp2ppbp/3p1np1/q3P3/2PB1Pb1/1PN5/P3B1PP/R2Q1RK1 b - -,g4e2 d1e2 d6e5 f4e5 f6d7 a1e1 a7a6 c3d5 e7e6 d5f6
2R5/6kN/2p2nP1/1p3p2/4p3/pP6/P1B5/2K2R2 b - -,g4e2 d1e2 d6e5 f4e5 f6d7 a1e1 a7a6 c3d5 e7e6 d5f6
8/8/8/8/3K4/4Q3/2kn4/8 b - -,g4e2 d1e2 d6e5 f4e5 f6d7 a1e1 a7a6 c3d5 e7e6 d5f6
6k1/1p1q2pp/p2bbp2/3p4/1P1B4/P2BP2P/5PP1/1Q4K1 b - -,h7h6 d3c2 g8f8 f2f4 d7c8 g1f2 c8c7 c2f5 e6d7 f2g3
r4rk1/5pb1/b1p1q1p1/p2pn1B1/Pp3QPP/4P3/1PP1BN2/2K1R2R b - -,a6e2 e1e2 f7f5 f4g3 f5g4 g5f4 e5c4 f2d3 a8e8 h1g1
3r2k1/2p2ppp/4bn2/2p5/2P1PB2/3P1N2/6PP/R6K b - -,h7h6 f3e1 c7c6 h1g1 f6h5 f4e3 f7f5 e4e5 d8b8 a1a2
r5rk/1pp1qp1p/p2b1p1B/8/3Q4/3P1B1b/PPP2PPP/R4RK1 b - -,e7e6 g1h1 d6e5 d4e4 h3f5 e4d5 a8d8 d5e6 f5e6 g2g3
6bk/1r3qp1/1P5p/1Q6/1R6/1p3P1P/6P1/4R2K b - -,f7g6 e1e8 h8h7 e8d8 g8e6 b5d3 g6d3 d8d3 h7g8 d3c3
r5k1/1pb2ppp/p3pn2/Pqp1N2r/3P4/1P2Q3/1BP2PPP/R3R1K1 b - -,c5d4 e3d4 a8c8 e5g4 f6e8 h2h3 c7a5 c2c4 b5b3 d4d7
R2qr1k1/5ppn/2b4p/1p5P/3BP1Pb/2N5/1PPQB3/2K4R b - -,h4e1 a8d8 e1d2 c1d2 e8d8 d2e3 b5b4 c3b1 h7g5 b1d2
4rnk1/2q2pp1/8/p2N4/2pQ2P1/5P1P/P2RP1K1/8 b - -,c7c6 h3h4 f8e6 d4e5 f7f6 e5e4 c6c5 e4g6 e8f8 g6f5
3r4/8/Pk4p1/3N3p/1KB5/1P4P1/2P4P/8 b - -,d8d5 c4d5 b6a6 b4c5 a6a7 b3b4 a7a6 c2c4 g6g5 b4b5
8/7r/P3Pk2/R4P2/2P3p1/6P1/6K1/8 b - -,d8d5 c4d5 b6a6 b4c5 a6a7 b3b4 a7a6 c2c4 g6g5 b4b5
r2B1rk1/1p3pbp/p2p2p1/2pnn3/2P1P3/3P2PP/PP4BK/R2Q1R2 b - -,d5e3 d1d2 e3f1 a1f1 f8d8 h3h4 h7h5 g2f3 b7b5 h2h3
rqr3k1/1b1nbpp1/4p2p/nPppP3/5B1P/NP1P1NP1/2Q2PB1/R4RK1 b - -,d7b6 f4e3 b6d7 f1e1 a8a7 c2d1 b8a8 e3c1 e7f8 f3d2
1k1r3r/1ppnp1bp/p5p1/3p1p2/3P1B1Q/1PP2PP1/1PK2P1P/3R3R b - -,e7e6 h4e7 g7f6 e7e6 h8e8 e6d5 e8e2 d1d2 e2d2 f4d2
8/8/8/6p1/6P1/2K4P/5k2/8 b - -,e7e6 h4e7 g7f6 e7e6 h8e8 e6d5 e8e2 d1d2 e2d2 f4d2
4rnk1/5pp1/1Qq5/p2N4/2p3P1/5P1P/P2RP1K1/8 b - -,c6c8 d5c3 a5a4 d2d6 f8e6 g2f2 a4a3 d6c6 c8d7 c6c4
5k2/1pR2pp1/8/1N5p/6nK/4P1P1/5PP1/3r4 b - -,f7f6 h4h5 g4e5 c7c8 f8e7 c8c7 e7d8 c7c4 e5c4 h5g4
1rbq1rk1/pp1n1pb1/3p2p1/2pP3n/2N1P2p/2N1BP2/PP2B1PP/R2QK2R b KQ -,d8f6 d1d2 d7e5 c4e5 f6e5 e1h1 b7b5 f3f4 e5e7 e4e5
r5k1/1b1p1p1p/p4p1Q/np1pqB2/4P3/8/P1P3PP/3R3K b - -,e5f5 e4f5 a5c6 d1d3 c6e7 d3g3 e7g6 f5g6 f7g6 g3h3
6k1/1b3pp1/p3p2p/1p4b1/6N1/2P3Q1/PP1q2PP/5R1K b - -,g5f4 g3f2 d2d5 h2h3 f7f5 f2e2 f5g4 f1f4 g4h3 h1g1
r2q1rk1/1pp2pp1/p2bpB1p/3nN3/P2P4/1Q4P1/1P2PP1P/RN1R2K1 b - -,d8c8 f6g7 g8g7 b1c3 d5c3 b3c3 c8d8 d1d3 d8e7 d3e3
8/1p3p2/p3p2p/3bk1P1/PP5P/2K1P3/8/3B4 b - -,f7f5 g5h6 e5f6 h6h7 f6g7 c3d4 g7h7 a4a5 h7g6 d4e5
r1kbr1bq/pppp1p1p/4n1p1/4p3/3nP2P/2N1N1P1/PPPP1PQ1/R1KBR1B1 b KQkq -,f7f5 e4f5 g6f5 f2f4 e5f4 g3f4 c7c6 g2f2 d8c7 e3d5
r1b1n1k1/p4r2/2p1p1B1/1p2P3/8/2N3P1/PP6/2KR3R b - -,c6c5 c3e4 f7f5 g6e8 c8b7 e4f6 f5f6 e5f6 a8e8 f6f7
2r3k1/2p1Rpp1/b1pp3p/Q4N2/6qP/8/2P2PP1/7K b - -,a6f1 f5g3 g4h4 h1g1 h4e7 g3f1 g8h8 f1e3 e7e4 a5a7
2rq1r1k/1p3p1p/4p1p1/1P2P3/3pBPP1/1nP4Q/2R4P/5R1K b - -,b3c5 e4g2 d4d3 c2c1 f7f5 e5f6 d8f6 h3e3 b7b6 h2h3
3r3k/pp4p1/8/3P4/1P3P1P/1PK3n1/8/3R4 b - -,g3f5 d1a1 a7a6 a1a5 f5e7 f4f5 h8h7 c3d3 e7d5 d3c4
r3k2r/pp1nbppp/1qp1pn2/3p4/2PP1B2/3QPN1P/PP1N1PP1/R4RK1 b kq -,a7a5 e3e4 f6e4 d2e4 d5e4 d3e4 e8h8 e4c2 f8d8 b2b3
r1b1kb1r/ppp3pp/2p5/4P3/3Qqp2/4BN2/PPP2PPP/R3K2R b KQkq -,f8b4 c2c3 e4d4 f3d4 f4e3 c3b4 a7a5 f2f4 a5b4 e1e2
1r4k1/1pq2pp1/p6p/P2Q3P/6R1/8/1P3PP1/6K1 b - -,b8d8 g4c4 c7h2 g1h2 d8d5 c4c8 g8h7 c8c7 d5h5 h2g3
6k1/1p1q2p1/p2bbp1p/3p4/1P1B1P2/P2BP2P/6P1/1Q4K1 b - -,g8f8 d3g6 d7c8 g1f2 e6d7 g6c2 c8c7 c2f5 f8e7 f2g3
8/2k5/1R6/PK6/8/8/8/6b1 b - -,g1f2 b5a6 f2c5 b6b7 c7c8 b7f7 c8b8 a6b5 c5g1 b5c4
2kr1b1r/pbpq1ppp/1nn1p3/1N2P2P/2pP4/4BN2/PP2BPP1/R2Q1K1R b - -,f7f5 a1c1 f8e7 e2c4 g7g5 f3g5 b6c4 c1c4 a7a6 c4c6
8/1K2Q3/8/8/8/8/2k1p3/8 b - -,f7f5 a1c1 f8e7 e2c4 g7g5 f3g5 b6c4 c1c4 a7a6 c4c6
2q1rnk1/5pp1/1Q6/p7/2p3P1/2N2P1P/P2RP1K1/8 b - -,f8e6 d2d6 a5a4 h3h4 a4a3 g2f2 e8e7 d6c6 e7c7 c6c7
8/r7/P3Pk2/R4P2/2P3p1/6P1/5K2/8 b - -,f8e6 d2d6 a5a4 h3h4 a4a3 g2f2 e8e7 d6c6 e7c7 c6c7
8/1p3p2/p3p3/3bk1P1/PP6/2K1P3/8/3B4 b - -,e5e4 c3d2 e4f5 d2d3 e6e5 a4a5 d5e4 d3c4 f5g5 b4b5
r6k/1pp1qp1p/p2b1p1B/8/3Q4/3P3b/PPP2PBP/R4RK1 b - -,c7c5 d4h4 h3g2 g1g2 a8g8 g2h1 e7e6 f1g1 g8g6 a1e1
1r4bk/1P3qp1/7p/1Q6/1R6/1p3P1P/6P1/4R2K b - -,h8h7 b5e5 f7f8 e5e4 h7h8 e4e7 f8e7 e1e7 h8h7 e7c7
r2B1rk1/1p3pbp/p2p2p1/2p1n3/2P1P3/3P2PP/PP4BK/R4Q2 b - -,f8d8 a2a4 h7h5 b2b4 c5b4 a1b1 e5c6 e4e5 g7e5 g2c6
rnbqk1nr/ppp2p1p/3b4/6p1/3N4/8/PPPPP1PP/RNBQKB1R b KQkq -,d6h2 h1h2 d8d4 d2d3 d4e5 h2h1 g8f6 b1c3 f6g4 h1h3
8/5p2/3N4/6bk/8/8/6K1/8 b - -,
r1bqk2r/pp2npbp/2np2p1/2p1p3/4P3/2PPBNP1/PP1Q1PBP/RN3RK1 b kq -,c8e6 d3d4 c5d4 c3d4 d6d5 f3e5 c6e5 d4e5 d5e4 g2e4
2q1r1k1/5pp1/1Q1Rn3/p7/2p3P1/2N2P1P/P3P1K1/8 b - -,a5a4 h3h4 a4a3 g2f2 e8e7 d6c6 e7c7 c6c7 e6c7 b6c5
8/r7/P3P3/R4Pk1/2P3p1/4K1P1/8/8 b - -,a5a4 h3h4 a4a3 g2f2 e8e7 d6c6 e7c7 c6c7 e6c7 b6c5
8/1K6/3Q4/8/8/8/3kp3/8 b - -,a5a4 h3h4 a4a3 g2f2 e8e7 d6c6 e7c7 c6c7 e6c7 b6c5
r3r1k1/p1q2pb1/2pBb1pp/3np3/2B1N2P/5P2/PPPQ2P1/2KR3R b - -,c7b6 g2g4 a8d8 d6c5 b6c7 g4g5 h6h5 d2f2 d5f4 c4e6
2r3k1/3p1ppp/4p3/1n4P1/4P2P/2PPBP2/r7/3R1K1R b - -,c8c3 f3f4 d7d5 e4d5 e6d5 h1h3 b5d6 d1d2 a2d2 e3d2
r2qk2r/2p1bppp/p1n5/1p1pP3/4n1b1/1BP2N2/PP3PPP/RNBQ1RK1 b kq -,d5d4 c3d4 c6a5 b3c2 f7f5 b1c3 e4c3 b2c3 e8h8 d1d3
r1b1n1k1/p5r1/2p1pq1R/1p6/8/2N3p1/PPBQ4/2KR4 b - -,f6g5 d2g5 g7g5 c2e4 a8b8 d1d8 g8f7 h6h8 e8f6 e4g2
2r5/R7/4kpBB/8/p7/Pp6/1P5P/6K1 b - -,c8g8 a7g7 g8d8 g6f7 e6e5 f7c4 d8c8 c4d3 c8d8 g7g3
r1b1n1k1/p5rR/2p1pq2/1p6/8/2N3p1/PPBQ4/2K4R b - -,g3g2 h7g7 f6g7 h1g1 g8f7 g1g2 g7h8 g2h2 h8e5 c3e4
2R5/6kN/2p3P1/1p1n1R2/4p3/pP6/P1B5/2K5 b - -,g3g2 h7g7 f6g7 h1g1 g8f7 g1g2 g7h8 g2h2 h8e5 c3e4
2N4k/6b1/p2QppP1/1p6/8/4B2r/P1P5/2K2R2 b - -,g3g2 h7g7 f6g7 h1g1 g8f7 g1g2 g7h8 g2h2 h8e5 c3e4
1r4bk/1P4p1/7p/3Q4/1R6/1p3P1P/6P1/4R2K b - -,g8d5 e1e7 h8g8 e7c7 g8h7 b4b5 d5b7 c7b7 b8d8 b5b3
1k1r1r2/1ppnQ1bp/p5p1/3p1p2/3P1B2/1PP2PP1/1PK2P1P/3R3R b - -,h7h6 e7g7 g6g5 f4c1 f5f4 g3g4 f8g8 g7h6 d8e8 d1e1
3r4/8/P1k3p1/K2N3p/2B5/1P4P1/2P4P/8 b - -,c6c5 d5b6 c5d4 a6a7 d8e8 b3b4 g6g5 c4d5 h5h4 b4b5
r3r1k1/p1q2p1p/2p3p1/2npP3/2PR4/5Q1P/PP3PP1/4RBK1 b - -,c5e6 d4d1 d5d4 b2b4 a8b8 d1b1 c6c5 b4b5 e6f8 f3a3
5k2/8/1p5p/p4p1r/5Pp1/6K1/PP1B3P/5B2 b - -,b6b5 d2a5 f8e7 f1g2 e7f6 h2h3 f6f7 a5c3 f7e6 c3b4
2q1r1k1/5pp1/1Q1Rn3/8/p1p3PP/2N2P2/P3P1K1/8 b - -,e8f8 g2f2 a4a3 h4h5 c8e8 b6a7 e8c8 c3d5 g8h7 a7e3
r2q1rk1/pppb1ppp/1n1pP1n1/1B4P1/4P3/2N2N2/PPP2PP1/R2Q1RK1 b - -,f7e6 a2a4 d7b5 a4b5 d8e7 c3a4 b6c4 d1e2 c4e5 f3e5
4rr1k/ppq3p1/3R3p/5b2/2B4P/Q1R2pP1/PP3P2/6K1 b - -,e8d8 d6d8 f8d8 c4d5 c7e5 d5f3 f5e4 g1h2 e4f3 c3f3
r2qkb1r/pp3ppp/1n1p4/4n2b/8/1BP2P1N/PP2Q1PP/RNB1K2R b KQkq -,g7g5 c1g5 f8e7 g5f4 e7h4 f4g3 e8h8 e1h1 h5g6 h3f2
r1b1kb1r/ppp3pp/2p5/4P3/3B1p2/5N2/PPP2PPP/R3K2R b KQkq -,f8b4 f3d2 c8e6 e1a1 e8a8 d2e4 e6d5 d4c5 b4c5 e4c5
3r1r1k/1q3B1b/7Q/1P4N1/1p6/8/5bPP/4R2K b - -,b7f7 g5f7 f8f7 h6g5 d8c8 g5e5 f7g7 e1f1 h7g6 e5f4
rn1qkb1r/pbpp2pp/1p2p1n1/8/2B1P3/2N2N2/PPP2PPP/R1BQK2R b KQkq -,b8c6 h2h4 h7h6 h4h5 g6e5 f3e5 c6e5 c4b3 f8c5 d1e2
r2qr1k1/ppp2ppp/3b1n2/3p4/3nP3/3BQP1P/PP1N1P2/R1B1K2R b KQ -,d6c5 e3f4 d4e6 f4e5 d5e4 d3e4 c5b4 e5g3 f6h5 g3g4
r1b1r1k1/p7/2p1p3/1p2P3/4N3/6P1/PP6/2KR3R b - -,g8g7 h1h4 e8h8 h4g4 g7f7 d1f1 f7e8 g4g7 c8a6 e4d6
r3r1k1/pp3ppp/2pb4/4qb2/PP2p3/1QP1P1PP/1B3P2/R3RBK1 b - -,e5f6 c3c4 f6h6 e1d1 d6c7 g1h2 h6g6 b3c2 h7h5 h3h4
r1b3R1/2R5/2p2k2/pp3p2/8/8/PP1K4/8 b - -,c8b7 g8a8 b7a8 c7a7 a8b7 a7b7 f6e5 d2d3 a5a4 b7b8
k6r/ppQ2p2/4b1p1/8/3b2nN/1P1q2P1/P5P1/2R2R1K b - -,c8b7 g8a8 b7a8 c7a7 a8b7 a7b7 f6e5 d2d3 a5a4 b7b8
r3k2r/pp1nbppp/2p1pn2/3p4/2PP1B2/3QPN1P/Pq1N1PP1/1R3RK1 b kq -,b2a3 d3a3 e7a3 b1b7 e8h8 g2g4 h7h6 c4c5 a3c5 d4c5
2r3k1/p2bBpb1/1q1p2p1/1pr4p/2BNP2P/3Q1P2/PPP3P1/1K1R3R b - -,c8e8 c4f7 g8f7 e7g5 e8c8 g5e3 b6a6 d1d2 c5c4 h1d1
2rq1r1k/1p3p1p/4p1p1/1Pn1P3/3p1PP1/2P4Q/2R3BP/5R1K b - -,d4d3 c2c1 f7f5 e5f6 d8f6 b5b6 c8d8 h3e3 c5a4 f1f2
1r5k/1P2R1p1/7p/3b4/1R6/1p3P1P/6P1/7K b - -,h8h7 e7c7 h6h5 b4b6 d5b7 b6b7 b8d8 b7b3 d8d6 b3b7
5r1k/5qpb/7p/1P6/1R6/1p3P2/4Q1PP/4R2K b - -,f8b8 e2e7 f7g6 e7e5 g6b6 b4b3 h7g6 e5e3 g6f5 e3b6
2q2k2/6b1/p2QppP1/1p3N2/8/4B2r/P1P5/2K2R2 b - -,f8b8 e2e7 f7g6 e7e5 g6b6 b4b3 h7g6 e5e3 g6f5 e3b6
5k2/1p1q2p1/p2bbp1p/3p4/1P1B1P2/P2BP2P/2Q3P1/6K1 b - -,d7c7 c2b2 f8e7 b2b1 c7c8 g1f2 e6d7 d3c2 d7e6 c2g6
8/1K6/8/4Q3/8/8/2k1p3/8 b - -,d7c7 c2b2 f8e7 b2b1 c7c8 g1f2 e6d7 d3c2 d7e6 c2g6
3r3k/1q3Bpb/7p/1P5Q/1p6/8/6PP/2R4K b - -,d8d2 c1g1 h7e4 h5g4 d2f2 f7g6 e4g2 g4g2 f2g2 g1g2
1k1r1r2/1ppnp1bQ/p5p1/3p1p2/3P1B2/1PP2PP1/1PK2P1P/3R3R b - -,g7h8 d1e1 g6g5 f4g5 h8f6 g5f4 d7b6 h7h3 e7e5 d4e5
2q1r1k1/5pp1/1Q1Rn3/8/2p3PP/p1N2P2/P3PK2/8 b - -,g8h7 h4h5 e8e7 d6c6 e7c7 c6c7 e6c7 b6c5 c8b8 c5c4
2r2r1k/R1Nq2pp/1Q2p3/2R5/3Pn3/5N2/1P4PP/6K1 b - -,d7d8 c5e5 f8f3 e5e4 d8g5 b6c5 f3f5 c5c3 h7h6 a7a1
6k1/5pp1/7p/p7/2Q5/1P4P1/3P1PKP/q7 b - -,a1e5 h2h4 g7g5 c4c8 g8h7 c8c3 e5b5 h4g5 h6g5 g2f3
r7/8/P1k3p1/K6p/1NB5/1P4P1/2P4P/8 b - -,c6d6 c4d5 a8c8 a6a7 g6g5 c2c4 d6c5 b4a6 c5d4 b3b4
8/7R/k5K1/5P2/8/8/7p/7r b - -,
r1bqk1nr/pppp1ppp/2n5/4P3/3P4/2N2NbB/PPP1K3/R1BQ3R b kq -,g3e5 d4e5 d7d6 c1g5 f7f6 e5f6 g8f6 d1d3 c8h3 h1h3
3r3k/pp4p1/8/3P1n2/1P3P1P/1PK5/8/R7 b - -,a7a6 b4b5 a6b5 a1a7 d8d7 c3b4 h8h7 b4b5 d7d5 b5c4
8/5k2/6pp/3KPp2/5P1P/8/8/8 b - -,a7a6 b4b5 a6b5 a1a7 d8d7 c3b4 h8h7 b4b5 d7d5 b5c4
r2qr1k1/1p3ppn/p6p/7P/P2BN1Pb/8/1PPQB3/R1K4R b - -,e8e4 h1h4 d8h4 a1a3 a8d8 a3d3 h4h2 d4e3 d8d3 d2d3
8/2p2kp1/3p4/P2P1p2/1K6/8/7R/r7 b - -,f5f4 h2c2 g7g5 c2c7 f7f6 c7c8 g5g4 c8g8 f6f5 b4b5
2r3k1/2p2ppp/2p1bn2/8/3PPB1N/8/2P3PP/5R1K b - -,f6e4 h4f3 e4c3 f4d2 c3b5 f1c1 f7f6 d2b4 e6c4 h1g1
8/r7/P3P3/R4P1k/2P2Kp1/6P1/8/8 b - -,c8b8 f4c7 b8c8 e4e5 f6e4 c7d6 c8a8 h1g1 a8a4 f1b1
2r1r1k1/pp1n1pp1/3p3p/3P4/1P3Nb1/PP4P1/3K1P1P/R4B1R b - -,d7f6 f1d3 g7g5 f4g2 g4f3 h1g1 f6g4 g2e3 g4e3 f2e3
R7/1bR5/2p2k2/pp3p2/8/8/PP1K4/8 b - -,b7a8 c7a7 a8b7 a7b7 a5a4 d2d3 f6e6 b7b8 e6d5 b8f8
rn2k1nr/pp2ppbp/3p2p1/2q5/4P1b1/2NB1N1P/PPPB1PP1/R2QK2R b KQkq -,g4e6 e1h1 g8f6 d2e3 c5c8 f3g5 e8h8 f2f4 b8d7 d1e2
1r6/1PR3pk/7p/3b4/1R6/1p3P1P/6P1/7K b - -,h7g6 b4b6 g6h7 b6b5 d5e6 h1h2 h6h5 b5b6 e6d5 h2h1
8/3k4/8/3p4/8/8/8/1K6 b - -,
1k1r3r/1ppnp1Q1/p5p1/3p1p2/3P1B2/1PP2PP1/1PK2P1P/3R3R b - -,d8e8 d1e1 b8a7 g7g6 d7b8 g6f5 b8c6 f5d5 a7b8 h2h4
rq2r1k1/p2bbppp/2N2n2/2Pp4/QP6/2P5/P2N1PPP/R1B2RK1 b - -,e7d8 b4b5 d7c6 b5c6 b8c7 c1a3 e8e6 f1b1 h7h6 b1b7
r7/8/P5p1/K1k4p/1NB5/1PP3P1/7P/8 b - -,a8h8 a6a7 h8a8 a5a6 g6g5 c4d5 a8c8 a6a5 h5h4 c3c4
b7/R7/2p2k2/pp3p2/8/8/PP1K4/8 b - -,a8b7 a7b7 f6e5 d2d3 e5d5 b7b8 d5e5 b8a8 a5a4 a8f8
2q2k2/1p4p1/p2bbp1p/3p4/1P1B1P2/P2BP2P/6P1/1Q4K1 b - -,c8d7 d3g6 e6f7 g6c2 f7e6 g1f2 d7c7 b1b2 f8e7 f2f3
r1b1r3/p5k1/2pNp3/1p2P3/8/6P1/PP6/2KR3R b - -,e8h8 h1h8 g7h8 d6e4 h8g7 d1d8 c8b7 d8d7 g7g6 d7b7
3r2k1/1pq2pp1/p6p/P2Q3P/2R5/8/1P3PP1/6K1 b - -,c7h2 g1h2 d8d5 c4c8 g8h7 c8c7 d5h5 h2g3 h5b5 c7f7
r1b1kb1r/ppp3pp/2p5/4Pq2/5Q2/4BN2/PPP2PPP/R3K2R b KQkq -,f5c2 a1d1 c2f5 f4f5 c8f5 f3d4 f5e4 d4e6 a8c8 f2f3
r3r1k1/pp3ppp/2pb1q2/5b2/PPP1p3/1Q2P1PP/1B3P2/R3RBK1 b - -,f6h6 e1d1 d6c7 g1h2 h6g6 b3c2 h7h5 h3h4 f5g4 d1d4
r1b3k1/pp3Rpp/5n2/8/3p4/1B2P3/PP3PPP/4K3 b - -,g7g5 f7f6 g8g7 f6f7 g7g6 f7f8 d4e3 f2e3 b7b5 b3d5
8/1p3p2/p3p3/3b2PB/PP2k3/2K1P3/8/8 b - -,e6e5 c3d2 e4f5 h5d1 f5g5 d2e1 f7f5 a4a5 g5f6 d1c2
2rq1r1k/1p3p1p/4p1p1/1Pn1P3/5PP1/2Pp3Q/5RBP/5R1K b - -,d3d2 h3f3 c5e4 f3e4 d2d1q f1d1 d8d1 f2f1 d1g4 b5b6
r3k2r/pp1nbppp/2p1pn2/3p4/2PP1B2/3QPN1P/q2N1PP1/R4RK1 b kq -,a2b2 f1b1 b2a1 b1a1 e8h8 c4c5 h7h6 g2g4 b7b5 a1a6
2r3k1/2p2pp1/4bn1p/2p5/2P1PB2/3P1N1P/6P1/5R1K b - -,g7g5 f4g3 f6d7 h1g1 f7f5 e4f5 e6f5 f3e1 f5h7 f1f3
1r5k/4Qqpb/7p/1P6/1R6/1p3P2/6PP/4R2K b - -,f7g6 e7e5 g6b6 b4b3 h7g8 b3b1 g8f7 e5e3 h8g8 e3b6
4k3/pppppppp/ppp1ppp1/3p3p/3PP1P1/PPP2P1P/PPPPPPPP/4K3 b - -,c6c5 e4d5 e6d5 d4c5 b6c5 g4h5 g6h5 d2d3 h5h4 d3d4
r4rk1/p4pbp/b1p3p1/5n2/5P2/2N1B3/PPP3PP/2KR1B1R b - -,a6f1 e3c5 f1g2 h1g1 g2f3 d1d3 f3h5 c5f8 g8f8 g1e1
2q1k3/4p1b1/p2p1pP1/1p3N2/8/4B2r/P1PQ4/2K2R2 b - -,e8d7 f5g7 c8c4 f1e1 c4a4 d2d4 a4d4 e3d4 h3h8 g7f5
2R5/7N/2p3Pk/1p1n1R2/4B3/pP6/P7/2K5 b - -,e8d7 f5g7 c8c4 f1e1 c4a4 d2d4 a4d4 e3d4 h3h8 g7f5
2kr3r/pbpqb1pp/1nn1p3/1N2Pp1P/2pP4/4BN2/PP1QBPP1/3R1K1R b - -,h8g8 b5c3 g7g5 h5g6 h7g6 d4d5 b6d5 e2c4 c6a5 c4d5
r7/p3NR1k/1p6/1P1Pp1q1/4Ppb1/2Q5/P4r2/2R4K b - -,h7h8 c3e5 g5e5 e7g6 h8g8 g6e5 g4f3 h1g1 f2g2 g1f1
5r1k/p1p3p1/1p6/2p5/4PP1P/P4K2/3R2P1/7R b - -,h8g8 e4e5 f8e8 h1e1 c7c6 e5e6 c5c4 d2d7 c4c3 d7a7
2r3k1/2p2ppp/2p1b3/8/3PnB2/5N2/2P3PP/5R1K b - -,e4c3 f4d2 c3b5 f1c1 f7f6 d2b4 c8b8 h1g1 e6d5 c2c3
8/8/5p2/6bk/4N3/8/6K1/8 b - -,
1r6/1PR3p1/1R4kp/3b4/8/1p3P1P/6P1/7K b - -,g6h7 h1h2 b3b2 b6b2 h7g6 b2b5 d5b7 b5b7 b8g8 c7c4
4r3/4P2p/p1k5/1p1n1P2/1Bp1R3/8/1P2K2P/8 b - -,c6b7 e4e5 d5f6 e5e6 a6a5 b4c5 f6d5 e2f3 b5b4 f3e4
8/1R6/2p2k2/pp3p2/8/8/PP1K4/8 b - -,f5f4 d2d3 f4f3 b7b8 f6e7 d3e3 f3f2 e3f2 e7d6 f2e3
8/8/5k2/p1p1p1p1/PpPpPpPp/1P1P1P1P/5K2/Q7 b - -,f6g6 a1f1 g6f7 f2e2 f7g6 e2d2 g6f6 f1e2 f6e6 d2c1
r3k2r/pp1nbppp/2p1pn2/3p4/2PP1B2/3QPN1P/1q1N1PP1/RR4K1 b kq -,b2a1 b1a1 e8h8 c4c5 h7h6 g2g4 b7b6 f4d6 e7d6 c5d6
8/r7/P5p1/K1k4p/2B5/1PPN2P1/7P/8 b - -,c5c6 b3b4 c6d6 a5b6 a7a8 b6b7 a8h8 a6a7 h5h4 g3h4
3rr1k1/p1q2bb1/2p4p/2NnpppP/8/B2B1PP1/PPP2Q2/2KR3R b - -,f5f4 c5e4 d5e3 d1e1 f7a2 a3c5 a2d5 c5e3 f4e3 f2e3
r1b1n1k1/p6R/2p1pq2/1p6/8/2N3p1/PPBQ4/2K5 b - -,e6e5 h7h5 g8f8 h5g5 f6f4 c3e4 f4d2 e4d2 e8f6 g5g3
8/8/1k4K1/8/2Np4/3P4/p7/8 b - -,b6c5 c4a5 c5b4 a5c6 b4c3 g6f6 a2a1q f6g7 a1g1 g7h8
3r3k/1p4p1/p7/3P1n2/1P3P1P/1PK5/8/3R4 b - -,b7b5 d5d6 f5d6 d1e1 d6e8 f4f5 e8c7 e1e5 h8h7 c3c2
r1bQn1k1/p5rR/2p1pq2/1p6/8/2N3p1/PPB5/2KR4 b - -,f6d8 h7g7 g8g7 d1d8 e8f6 d8d3 f6h5 c3e2 g7f6 e2g3
rn2k1nr/pp2ppbp/3pb1p1/2q5/4P3/2NB1N1P/PPPB1PP1/R1Q1K2R b KQkq -,b8d7 e1h1 g8f6 a2a4 e8h8 a4a5 e6c4 d2e3 c5c7 a1a4
r3r1k1/pp3ppp/2pb3q/5b2/PPP1p3/1Q2P1PP/1B3P1K/R3RB2 b - -,e8e6 f1g2 e6g6 c4c5 d6c7 b3c4 a8e8 c4f1 h6g5 h2g1
r1b2r2/p5k1/2pNp3/1p2P3/8/6P1/PP6/2K2R1R b - -,c8d7 c1d2 c6c5 f1f4 f8f4 g3f4 d7c6 h1c1 c5c4 c1g1
2q2k2/4p1b1/p2p1pP1/1p1Q1N2/8/4B2r/P1P5/2K2R2 b - -,c8e8 e3d2 h3h5 f1e1 h5f5 d5f5 e7e5 d2b4 g7h6 c1b1
2r2k2/1b4p1/pp2pqnN/3B3Q/3P4/6P1/PP1B1PP1/4R1K1 b - -,c8c6 d5c6 g7h6 c6b7 f8e7 h5h6 e7f7 b7e4 g6f4 h6f6
3r2k1/R2P1ppp/1p6/8/6nN/1P6/5P1P/6K1 b - -,g4e5 h4f5 h7h5 a7b7 d8d7 b7b8 g8h7 b8b6 d7c7 f5d6
r7/P7/4P3/R4P1k/2P2Kp1/6P1/8/8 b - -,g8f8 h4f3 f8e7 a7b7 d8d7 b7b6 g4h6 g1g2 f7f6 b6b4
r4rk1/p4pbp/2p3p1/5n2/5P2/2N1B3/PPP3PP/2KR1R2 b - -,f5e3 f1f3 e3d1 c3d1 a8d8 d1e3 f8e8 c2c3 h7h5 g2g3
2r1r1k1/pp1n1pp1/3p3p/1B1P4/1P3N2/PP3bP1/3K1P1P/R6R b - -,e8d8 b5d7 d8d7 h1c1 c8c1 a1c1 g7g5 c1c3 f3h1 f4h5
8/8/R6P/3p1k2/2pP2p1/5rP1/6K1/8 b - -,f5e4 a6g6 f3f8 g6g4 e4d3 g4g5 d3d4 g3g4 c4c3 g5g7
8/1p3p2/p7/3bp1PB/PP2k3/4P3/3K4/8 b - -,e4f5 h5d1 f5g5 d2e1 f7f5 a4a5 g5f6 d1c2 d5c6 e1e2
r2qk2r/ppp1bppp/2np1n2/8/4P3/P1N4Q/1PP2PPP/R1B1KB1R b KQkq -,d8d7 h3d7 f6d7 c1d2 e8a8 f1c4 h8f8 e1a1 d8e8 h2h4
1r5k/6pb/6qp/1P2Q3/1R6/1p3P2/6PP/4R2K b - -,g6b6 b4b3 h7g6 e5e3 b6d6 b5b6 b8b7 e1c1 h8h7 e3c5
r6k/p3NR2/1p6/1P1PQ1q1/4Ppb1/8/P4r2/2R4K b - -,g5e5 e7g6 h8g8 g6e5 g4f3 h1g1 f2g2 g1f1 f3e4 d5d6
4r1k1/5ppn/8/p1Q5/2p2qP1/2N2P1P/P3P1K1/3R4 b - -,f4b8 c5c4 h7f8 d1b1 b8a7 c3e4 f8g6 g2f1 e8d8 c4c5
2r3k1/2p2p2/4bn1p/2p3p1/2P1P3/3PBN1P/6P1/5R1K b - -,c8d8 f3g5 d8d3 f1f6 h6g5 e3g5 d3d4 f6f4 d4c4 h1h2
r1q2rk1/pp1nppbp/2p2np1/8/8/1P1P1NP1/PBQNPPKP/R4R2 b - -,f8d8 b3b4 c6c5 f1c1 b7b6 c2b3 c8a6 b4b5 a6b7 a2a4
8/8/6R1/4P3/4P2k/4r3/7K/8 b - -,
8/R4p2/4p1p1/4P2P/4PPk1/2r5/7K/8 b - -,
r1b2rk1/5ppq/1p1p1n1n/p1p4p/P1PPpP2/1NP1P1PP/4B2K/R1B1Q1R1 b - -,c8d7 b3d2 f8c8 c1a3 a8b8 e2d1 h7f5 e1f1 d6d5 d4c5
r1bq1rk1/pp1p1ppp/2nbpn2/1Bp3B1/4P3/2NP1N2/PPP2PPP/R2Q1RK1 b - -,
r1b5/p5R1/2p1p2R/1p2k3/8/6p1/PPBK4/8 b - -,c8a6 g7g3 e5d6 g3g6 a8c8 g6e6 d6c5 c2e4 a6b7 h6h7
8/6k1/8/p5p1/3K2P1/7P/5P2/8 b - -,g7f8 d4c5 f8e7 c5b5 e7d6 b5a5 d6c5 a5a6 c5c6 f2f3
2q1r1k1/1p3p1p/2n2Bp1/1pP1bPQ1/r4p2/1N6/PP5P/3R1KR1 b - -,f4f3 f6e5 e8e5 g1g3 e5f5 g5e3 f5e5 e3c3 a4e4 g3f3
6r1/1k2bp1p/p3bp2/Q7/1P3P2/1q3N2/1P4PP/K5R1 b - -,e7b4 f3d4 b4a5 d4b3 e6b3 g2g4 g8d8 a1b1 b7b6 g1f1
1r6/1PR3pk/3R3p/3b4/8/1p3P1P/6P1/7K b - -,b8b7 c7b7 d5b7 d6d3 b3b2 d3b3 b7c8 b3b2 c8a6 b2b3
r7/P7/4P2k/R4P2/2P3K1/6P1/8/8 b - -,b8b7 c7b7 d5b7 d6d3 b3b2 d3b3 b7c8 b3b2 c8a6 b2b3
2q3k1/4N1b1/p2QppP1/1p6/8/4B2r/P1P5/2K2R2 b - -,b8b7 c7b7 d5b7 d6d3 b3b2 d3b3 b7c8 b3b2 c8a6 b2b3
2r4k/1q3rp1/7p/1P3bN1/1p1R4/8/4QPPP/4R2K b - -,b4b3 g5f7 b7f7 b5b6 f7b7 d4b4 c8c2 e2e8 h8h7 h1g1
rnbqkb1r/pp2pp1p/2pp2pB/3n4/3P4/2N2P2/PPPQP1PP/R3KBNR b KQkq -,d8b6 c3d5 b6b2 d2c1 b2c1 h6c1 c6d5 e2e3 h7h5 g1e2
8/r7/PK1k2p1/7p/2B5/1PPN2P1/7P/8 b - -,a7c7 d3b4 c7c8 a6a7 c8f8 c4d5 d6e5 b6b5 e5f5 b4c6
r1bRn1k1/p5rR/2p1p3/1p6/8/2N3p1/PPB5/2K5 b - -,g7h7 c2h7 g8h7 d8e8 g3g2 c3e2 h7g7 c1d2 c6c5 d2e3
r1b1n1kR/p5P1/2p1p3/1p6/5r2/2N3p1/PPB5/2KR4 b - -,g8g7 h8e8 g3g2 c2e4 b5b4 e4g2 b4c3 d1d8 c3b2 c1b1
3r3k/1p4p1/p7/3P4/1P3P1n/1PK5/8/7R b - -,d8d5 h1h4 h8g8 h4g4 g8h7 g4h4 h7g6 c3c4 d5f5 c4d4
r2q1rk1/pppb2pp/1n1pp1n1/1B4P1/4P1P1/2N2N2/PPP2P2/R2Q1RK1 b - -,f8f4 a2a4 d7b5 a4b5 f4g4 g1h1 d8f8 f3h2 g4h4 f2f4
r7/P3P3/7k/R4P2/2P2Kp1/6P1/8/8 b - -,d8e7 a2a4 f8f4 f3h2 e7g5 g1h1 a8f8 f2f3 f4f7 d1c1
r1bq1rk1/pppp1ppp/1bn2n2/P3p3/2B1P3/5N2/1PPP1PPP/RNBQR1K1 b - -,b6d4 c2c3 d4c5 b2b4 c5e7 b4b5 c6b8 f3e5 d7d6 e5f3
r1b2rk1/ppq2ppp/8/2pp4/6nB/2P1P3/PP1NBPPb/R2Q1R1K b - -,
6k1/6p1/p3p2p/1p1bNpb1/8/1PP5/P4RPP/7K b - -,g5f6 f2e2 h6h5 h2h3 h5h4 c3c4 d5e4 e5g4 f6d4 g4h2
2rq1rk1/pp1nbpp1/2p1p2p/7Q/3P4/2P5/PPB2PPP/R1B1R1K1 b - -,d7f6 h5h3 h6h5 e1e5 g7g6 c2g6 f7g6 h3e6 f8f7 e5g5
3r2k1/p4qp1/1p4rp/2p1Pp2/3Pb3/1P4P1/PB2Q2P/3R1RK1 b - -,c5d4 b2d4 d8c8 d4b2 g6c6 d1d2 f7g6 f1d1 c6c2 d2c2
r1bqk2r/bpp2p2/p3p2p/2PN2p1/1P1P4/P5B1/5PPP/R2QKB1R b KQkq -,d8d5 f1e2 d5g2 e2f3 g2h3 d1e2 e8h8 f3g4 h3g2 e1a1
6k1/1pR2pp1/p6p/P2r3P/8/8/1P3PP1/6K1 b - -,d5b5 c7c8 g8h7 c8c7 f7f6 f2f3 b5h5 c7b7 h5a5 b7a7
2r4k/R2q2pp/1Q2p3/1NR5/3Pn3/5r2/1P4PP/6K1 b - -,f3e3 h2h3 e4c5 a7d7 c5d7 b6b7 c8d8 b7c7 d8f8 c7d7
r2q1rk1/3nbppp/b3p3/n1ppP3/8/1PNP1NP1/P3QPBP/R1B2RK1 b - -,h7h6 f1d1 a5c6 h2h4 a8a7 c1f4 d8a5 d1c1 c6b4 f3e1
rn2k2r/pp2ppbp/3pbnp1/2q5/4P3/P1NB1N1P/1PPB1PP1/R1Q1K2R b KQkq -,e8h8 e1h1 a7a6 d2e3 c5c7 f3d4 b8c6 d4e6 f7e6 c3e2
8/1R4pk/3R3p/3b4/8/1p3P1P/6P1/7K b - -,d5b7 d6d3 b3b2 d3b3 b7a6 b3b2 a6d3 h1h2 h7g6 h2g3
r1b1R1k1/p6r/2p1p3/1p6/8/2N3p1/PPB5/2K5 b - -,g8f7 c2h7 f7e8 c3e2 g3g2 h7e4 c8d7 e4g2 e8e7 a2a4
r3k2r/pp1nbppp/2p1pn2/3p4/2PP1B2/Q3PN1P/P2N1PP1/1R3RK1 b kq -,e7a3 b1b7 e8h8 c4c5 a3c5 d4c5 d7c5 b7c7 f8c8 f1c1
r6k/p4R2/1p4N1/1P1Pq3/4Ppb1/8/P4r2/2R4K b - -,h8g8 g6e5 g4f3 h1g1 f2g2 g1f1 f3e4 d5d6 g2c2 c1c2
B4k1r/p4p1p/4p3/6B1/3bP3/5b2/PPPK1P1P/R7 b - -,h8g8 g5e3 d4b2 e3c5 f8e8 a1b1 e8d7 b1b2 g8a8 d2e3
r2q1rk1/pb2ppbp/1p4p1/n7/3PP3/3BB3/P2QNPPP/1R3RK1 b - -,d8d7 d4d5 e7e6 d3b5 d7d6 e2f4 d6e5 f1d1 e6d5 e4d5
2R5/6PN/2p4k/1p3R2/4B3/pPn5/P7/2K5 b - -,d8d7 d4d5 e7e6 d3b5 d7d6 e2f4 d6e5 f1d1 e6d5 e4d5
4R2k/6p1/7p/1P3b2/1p1R4/8/2r2PPP/7K b - -,h8h7 h2h4 b4b3 d4b4 b3b2 h1h2 c2f2 e8f8 f2f4 b4b2
r5k1/2B2ppp/2p1b3/8/3Pn3/5N2/2P3PP/5R1K b - -,a8a2 f1e1 e4c3 f3g5 e6d7 g5h3 c3d5 c7d6 a2c2 h3f4
8/pp6/3k3p/4p1p1/2P5/2K5/PP4PP/8 b - -,h6h5 b2b4 d6e6 c3d3 e6f5 c4c5 e5e4 d3d4 f5f4 b4b5
4r2k/1pp3pp/p1nb4/8/7Q/4B2P/PPP2rP1/RN2R1K1 b - -,f2c2 b1a3 d6a3 b2a3 e8g8 h4h5 b7b5 e3f2 c2c4 h5f7
r1b1R3/p5k1/2p1p3/1p6/5r2/2N3p1/PPB5/2KR4 b - -,f4f8 e8f8 g7f8 d1g1 f8e7 g1g3 e7d6 c3e4 d6c7 e4f6
r1bqk1nr/ppp1pp1p/3p2p1/3Pb1B1/2P5/2N5/PP2PPPP/R2QKB1R b KQkq -,h7h6 g5d2 c7c6 e2e4 e7e6 f1d3 e6d5 c4d5 g8e7 f2f4
1r5k/6pb/1q5p/1P2Q3/8/1R3P2/6PP/4R2K b - -,h7g6 e5e3 g6f5 e3b6 b8b6 b3b4 h8g8 e1d1 g8f7 h2h3
3r2k1/2p2p2/4bn1p/2p3p1/2P1P3/3PBN1P/6P1/3R3K b - -,f6e4 f3e5 f7f6 e5c6 d8d6 c6a5 d6d7 e3g1 g8f7 g2g4
8/7R/k7/5K2/5P2/8/7p/5r2 b - -,h2h1q h7h1 f1h1 f5e4 h1f1 f4f5 a6b6 e4e5 b6c6 e5d4
8/P3r3/1K1k2p1/7p/2B5/1PPN2P1/7P/8 b - -,e7a7 b6a7 d6e7 b3b4 e7f6 b4b5 f6f5 b5b6 h5h4 g3g4
2r1r1k1/pp3pp1/3p1n1p/3P4/1P3Nb1/PP1B2P1/3K1P1P/R6R b - -,g7g5 f4g2 g4f3 h1g1 f6g4 g2e3 g4e3 f2e3 f3d5 d3f5
r2qkbnr/ppp2ppp/1n6/3p4/3Pp3/2P1P3/PP2NPPP/RNBQ1RK1 b kq -,c7c6 a2a4 a7a5 b2b3 f7f5 c3c4 g8f6 b1c3 f8e7 f2f3
2rbr1k1/5ppp/2np1n2/3p4/R3P3/1N6/1P1N1PPP/2B1R1K1 b - -,f6e4 d2e4 f7f5 c1f4 e8e4 a4e4 f5e4 f4d6 d8f6 e1d1
r5k1/1b1p1p1p/p4p1Q/np1p1P2/8/8/P1P3PP/3R3K b - -,a8e8 h1g1 e8e5 h6f6 a5c4 f6d8 g8g7 f5f6 g7g6 d1f1
1r4k1/1rp2p1p/2bp4/p4np1/2PP4/6P1/P4PNP/RN1R2K1 b - -,c6f3 d1c1 f5d4 b1c3 b7b4 g2e1 f3c6 c4c5 d6d5 c1d1
r3k2r/pR1n1ppp/2p1pn2/3p4/2PP1B2/b3PN1P/P2N1PP1/5RK1 b kq -,c6c5 f4d6 a7a5 c4d5 e6d5 b7b5 a8c8 d4c5 a5a4 f1b1
3r1r1k/1q3Bp1/1b5R/1P3bp1/1p1P4/8/4QPPP/4R1K1 b - -,c6c5 f4d6 a7a5 c4d5 e6d5 b7b5 a8c8 d4c5 a5a4 f1b1
1k1r4/1ppnprbQ/p5p1/3p1p2/3P1B2/1PP2PP1/1P1K1P1P/3R3R b - -,d7b6 h7g6 d8f8 g6e6 b6c8 d1e1 f7f6 e6e5 c8d6 e5e7
r1b5/p4rk1/2pNp3/1p2P3/6R1/6P1/PP6/2K4R b - -,d7b6 h7g6 d8f8 g6e6 b6c8 d1e1 f7f6 e6e5 c8d6 e5e7
8/8/1R6/pp6/4kp2/8/PP1K4/8 b - -,b5b4 b6b5 f4f3 b5a5 e4d4 d2e1 d4e3 a5b5 f3f2 e1f1
6r1/pkp2p1p/1pq5/3b2B1/2pP1P2/2P3PP/P3Q3/4R1K1 b - -,c6g6 g1h2 f7f6 g5h4 h7h5 e2d2 a7a5 e1e2 g6b1 d2e1
8/1b4pk/7p/8/8/1p1R1P1P/6P1/7K b - -,b3b2 d3b3 b7d5 b3b2 d5g8 h1h2 g8c4 b2b4 c4d3 b4b6
r2qkbnr/ppp2ppp/3pb3/1Pn1p3/2P5/4P3/P1QP1PPP/RNB1KBNR b KQkq -,g7g6 c1b2 g8f6 g1f3 a7a6 d2d4 e6f5 c2d1 c5e4 h2h3
8/1pR2ppk/p6p/Pr5P/8/8/1P3PP1/6K1 b - -,f7f6 f2f3 b5h5 c7b7 h5a5 b7a7 h6h5 b2b4 a5a4 a7b7
2rq1rk1/pb2ppbp/1p4p1/n7/3PP3/3BB3/P2QNPPP/1RR3K1 b - -,a5c6 d3b5 e7e6 f2f3 d8e7 e3g5 e7d6 e4e5 d6d5 h2h4
8/1p3p2/p5P1/3bpk1B/PP6/4P3/3K4/8 b - -,f7g6 h5e2 g6g5 d2e1 f5e4 e1f2 g5g4 e2g4 e4d3 b4b5
3r2k1/2p2p2/4bn1p/2p3N1/2P1P3/3PB2P/6P1/5R1K b - -,d8d3 f1f6 h6g5 e3g5 e6c4 f6h6 g8g7 h6c6 d3d6 c6c5
r3Q3/P5k1/8/R4P2/2P2Kp1/6P1/8/8 b - -,d8d3 f1f6 h6g5 e3g5 e6c4 f6h6 g8g7 h6c6 d3d6 c6c5
r1bqk2r/ppp2ppp/2nb1n2/3p4/3P4/P1NBB3/1PP2PPP/R2QK1NR b KQkq -,
r5k1/pp3ppp/2pbr2q/5b2/PPP1p3/1Q2P1PP/1B3P1K/3RRB2 b - -,h6h5 d1d6 e6d6 b3c3 h5g6 c3c2 a8d8 b2d4 h7h5 c4c5
3r2k1/1pq2pp1/p6p/P6P/6R1/1Q6/1P3PP1/6K1 b - -,d8e8 b3b4 e8e5 b4f4 f7f5 f4c4 c7c4 g4c4 e5a5 c4b4
2r1r1k1/pp3p2/3p1n1p/3P2p1/1P4b1/PP1B2P1/3K1PNP/R6R b - -,g8f8 g2e3 g4f3 h1c1 c8b8 c1c2 f6d5 e3f5 e8e6 a1e1
r5k1/p4R2/1p6/1P1PN3/4Ppb1/8/P4r2/2R4K b - -,f2f3 c1c7 f3h3 h1g1 h3g3 g1f2 g4h3 f7f4 g3g5 e5c6
4r1rk/1pp1qp1p/p2b1p1B/7B/3Q4/3P2P1/PPP2PKP/R7 b - -,e7e5 d4e5 e8e5 h5f7 e5e2 f7g8 h8g8 a1d1 e2c2 d1d2
r4rk1/p4pbp/2p3p1/2B2n2/5P2/2N5/PPP3PP/2KR1b1R b - -,f1g2 h1g1 g2f3 d1d3 f3h5 c5f8 g8f8 g1e1 g7h6 e1e4
5rk1/p1p1NppR/1br5/8/6q1/P4R2/KPP3P1/8 b - -,g8h7 e7c6 g4e6 a2b1 e6c6 f3h3 h7g8 h3d3 c6g2 d3d1
Q3r3/6k1/8/R4P2/2P2Kp1/6P1/8/8 b - -,g8h7 e7c6 g4e6 a2b1 e6c6 f3h3 h7g8 h3d3 c6g2 d3d1
3rr1k1/5bb1/2pq3p/p1Q3pP/P3BpP1/1N3P2/P1P5/2K1R2R b - -,d6f6 c2c3 e8e5 e4h7 g8h7 c5e5 f6e5 e1e5 g7e5 c1c2
8/8/8/8/pR2kp2/8/PP1K4/8 b - -,e4f5 b4a4 f5g4 d2d3 g4f5 a4f4 f5e5 d3e3 e5d5 f4f5
r2q1rk1/3nbppp/b1n1p3/2ppP3/8/1PNP1NP1/PB2QPBP/R4RK1 b - -,d8b8 f1c1 h7h6 c3a4 f8c8 h2h4 a8a7 g2h1 e7f8 h1g2
1r5k/6p1/1q4bp/1P6/8/1R2QP2/6PP/4R2K b - -,b6f6 e3c5 h8h7 b5b6 b8b7 b3b4 f6f7 b4d4 f7f6 d4d6
4r3/P7/1K1k2p1/7p/1PB5/2PN2P1/7P/8 b - -,g6g5 b6b7 h5h4 g3g4 e8e7 b7b6 e7e8 b4b5 e8c8 c4b3
8/1b4pk/7p/8/8/1R3P1P/1p4P1/7K b - -,b7c8 b3b2 c8e6 h1h2 h7g6 b2b6 g6f6 h2g3 f6e5 b6b7
r1bq1rk1/pppp1ppp/1bn2n2/4p3/P1B1P3/2N2N2/1PPP1PPP/R1BQR1K1 b - -,f8e8 d2d3 h7h6 c3d5 d7d6 c2c3 a7a6 d5b6 c7b6 d1b3
4r1k1/5pp1/8/p4Qn1/2p2qP1/2N2P1P/P3P1K1/3R4 b - -,f4f5 g4f5 e8e3 d1c1 f7f6 g2f2 e3e8 c3d5 g5h3 f2g3
6k1/2B2ppp/2p1b3/3P4/8/2n2N2/r1P3PP/4R2K b - -,a2c2 d5e6 f7e6 f3d4 c2d2 d4e6 c3d5 c7e5 h7h6 e6f4
r1b2rk1/ppq2ppp/5n2/2ppb3/5P1B/2PBP3/PP1N2P1/R2Q1R1K b - -,f6g4 f4e5 c7e5 d2f3 e5h5 d1e1 f8e8 h1g1 g4e3 h4g5
r3k2r/pp1nppbp/3pbnp1/2q5/4P3/P1NB1N1P/1PPB1PP1/R1Q2RK1 b kq -,e6c4 a3a4 e8h8 d2e3 c5c7 c1d2 f8c8 f3d4 a7a6 f2f4
3r2k1/2p2p2/4bn2/2p3B1/2P1P3/3P3P/6P1/5R1K b - -,d8d3 g5f6 g8h7 h1h2 e6c4 f1c1 c4a6 c1c5 a6b7 c5c7
r1b1R3/p5k1/2p1p3/1p6/4Br2/2N5/PP4p1/2KR4 b - -,g7f7 e8d8 f4g4 d1g1 a8b8 g1g2 g4g2 e4g2 f7e7 d8h8
3r4/kppnpr1Q/p5p1/3p1p2/3K1B2/1PP2PP1/1P3P1P/3R3R b - -,d8f8 h7g6 f7f6 g6g5 f8e8 f4c7 f6c6 c7e5 c6c8
R7/6k1/8/5P2/2P2Kp1/6P1/8/8 b - -,d8f8 h7g6 f7f6 g6g5 f8e8 f4c7 f6c6 c7e5 c6c8
r4Bk1/p4pbp/2p3p1/5n2/5P2/2N5/PPP3bP/2KR3R b - -,g7c3 h1g1 a8f8 b2c3 g2d5 a2a4 f5d6 g1e1 g8g7 h2h4
r1bqk1nr/ppp2ppp/2np4/4P3/3P4/2N2NbB/PPP1K3/R1B3QR b kq -,g3e5 d4e5 c8h3 g1g7 d8d7 c1g5 h3g2 g7h8 d7f5 e2d2
2rq1rk1/pp2bpp1/2p1pn1p/8/3P4/2P4Q/PPB2PPP/R1B1R1K1 b - -,h6h5 e1e5 g7g6 c1h6 f8e8 a1e1 f6g4 e5e6 g4h6 c2g6
r1b1kb1r/ppp3pp/2p5/4Pp2/4qB2/4QN2/PPP2PPP/R3K2R b KQkq -,e4c2 e1h1 f8c5 e3e1 c2b2 f4e3 c5e7 e3d4 b2a3 e5e6
8/8/8/5pNk/8/8/6K1/8 b - -,
2r1r1k1/pp3p2/3p1n1p/3P2p1/1P6/PP1B1bP1/3K1PNP/R5R1 b - -,f6g4 g2e3 g4e3 f2e3 f3d5 d3f5 c8a8 g1c1 e8e5 c1c8
rnbq1rk1/2pp1ppp/1p3n2/p1b1p1B1/4P3/P1NP1P2/1PP1N1PP/R2QKB1R b KQ -,h7h6 g5f6 d8f6 d1d2 b8c6 c3d5 f6d8 h2h4 b6b5 c2c3
8/p5p1/1pn5/6k1/P1P1p1P1/1r2R3/5P2/2N3K1 b - -,b3d3 c1d3 e4d3 e3d3 c6e5 d3d5 g5f4 d5d4 f4f3 g4g5
8/8/R5p1/4P1r1/4P2k/8/7K/8 b - -,
2r4k/4Qqp1/3R3p/1P3b2/1p1b4/8/5PPP/4R2K b - -,g5e5 a6g6 e5e4 g6g8 e4b4 g8f8 b4b2 h2g1 h4g5 g1f1
8/1pR3pk/p4p1p/Pr5P/8/5P2/1P4P1/6K1 b - -,b5h5 c7b7 h5a5 b7a7 h6h5 b2b4 a5a4 a7b7 h7h6 b4b5
4r1k1/5pp1/8/Q5n1/2p2qP1/2N2P1P/P3P1K1/3R4 b - -,f4f6 g2g3 g5e6 a5b5 e8c8 b5a6 c8b8 a6c4 f6e5 g3g2
3r2k1/5bb1/2Q2q1p/p3r1pP/P3BpP1/1NP2P2/P7/2K1R2R b - -,e5e4 b3d4 e4e3 e1e3 f4e3 c6f6 g7f6 d4f5 f7a2 f5e3
8/2p3p1/8/K2p4/8/5k2/8/8 b - -,e5e4 b3d4 e4e3 e1e3 f4e3 c6f6 g7f6 d4f5 f7a2 f5e3
4r1k1/5pp1/5n2/p7/2p2qPP/2NR1P2/P3PQK1/8 b - -,c4d3 e2d3 f4c7 c3b5 c7e5 a2a4 f6d5 d3d4 d5f4 g2h1
r2q2k1/pppb2pp/1n1p2n1/1B2p1P1/4PrP1/1PN5/P1P2P1N/R2Q1RK1 b - -,d7g4 h2g4 d8g5 b5e2 h7h5 c3d5 b6d5 d1d5 g8h7 d5d3
8/1p6/p5p1/3bpk2/PP6/4P3/3KB3/8 b - -,g6g5 d2e1 f5e4 e1f2 g5g4 e2g4 e4d3 g4e2 d3c3 b4b5
8/8/R4k2/5P2/2P2Kp1/6P1/8/8 b - -,g6g5 d2e1 f5e4 e1f2 g5g4 e2g4 e4d3 g4e2 d3c3 b4b5
r1b1n1k1/p7/2p1p3/1p2q3/4N3/6R1/PPBQ4/2K5 b - -,g8f7 d2h2 f7e7 h2h7 e7d8 g3d3 e5d5 d3d5 c6d5 e4c5
6k1/5pp1/4p3/ppB1P1P1/5r1P/Pq2n3/1P1R4/KQ6 b - -,e3d5 h4h5 b3h3 b1d3 f4f1 a1a2 h3h1 d3b5 d5c3 b2c3
2r5/P7/1K1k2p1/2N4p/1PB5/2P3P1/7P/8 b - -,d6e7 c4d5 c8d8 c3c4 g6g5 c5a6 e7f6 b6b5 g5g4 d5c6
6k1/2p2p2/4bB2/2p5/2P1P3/3r3P/6P1/5R1K b - -,g8h7 h1g1 h7g6 f1f4 e6c4 f6e7 c4e6 e7c5 d3c3 c5d4
r2qk2r/pp1bbppp/2N1pn2/8/2Q5/6P1/PP2PPBP/RNB2RK1 b kq -,b7c6 f1d1 e8h8 b2b3 a8c8 c4c2 c6c5 b1a3 d8e8 a3c4
6k1/3N2p1/p3pb1p/1p3p2/2P1b3/1P6/P4RPP/7K b - -,f6d4 f2d2 e6e5 c4b5 a6b5 h2h3 h6h5 b3b4 g8f7 d7c5
8/2k2K2/4B3/8/2N5/8/8/8 b - -,f6d4 f2d2 e6e5 c4b5 a6b5 h2h3 h6h5 b3b4 g8f7 d7c5
r4rk1/2qnbppp/b3p3/2ppP3/1n6/1PNP1NP1/PB2QPBP/3RR1K1 b - -,d5d4 c3b1 f8b8 b2a3 b4c6 a3c1 a8a7 h2h3 c7a5 d1d2
8/8/8/8/p4k2/2K5/PP6/8 b - -,a4a3 b2b4 f4e5 c3b3 e5d6 b3a3 d6d7 b4b5 d7d6 a3b4
3r4/kpBnp2r/p5p1/3p1p2/3K4/1PP2PP1/1P3P1P/3R3R b - -,d8f8 d1e1 f8c8 c7f4 a6a5 h2h4 c8c6 d4d5 a7a6 d5d4
1rbq1rk1/p4pb1/6p1/1ppPP2n/7p/2N1B3/PP1QB1PP/R3K2R b KQ -,d8e8 e2h5 g6h5 e1h1 b5b4 c3e2 b8b5 e3f4 h4h3 a1e1
8/4k3/R7/5P2/2P3K1/6P1/8/8 b - -,d8e8 e2h5 g6h5 e1h1 b5b4 c3e2 b8b5 e3f4 h4h3 a1e1
2r1r1k1/pp3p2/3p3p/3P2p1/1P4n1/PP1BNbP1/3K1P1P/R5R1 b - -,c8d8 e3g4 f3g4 f2f4 g4f3 d3c4 g8g7 a1e1 e8e1 g1e1
4r1k1/5pp1/8/p2n4/2RQ2P1/2N2P1P/P3P1K1/2q5 b - -,d5e3 d4e3 e8e3 c4c8 g8h7 h3h4 e3c3 c8c3 c1c3 g2f2
r1b3k1/pp3ppp/4pn2/8/3N4/1B2P3/PP3PPP/2R1K3 b - -,a8b8 f2f4 g8f8 b3d1 f6d5 e1d2 c8d7 d1f3 f8e7 g2g3
r4k2/p4pbp/2p3p1/5n2/5P2/2N5/PPP3bP/2KR2R1 b - -,g2f3 d1d3 f5d4 g1g3 f3h5 a2a4 d4e6 c1b1 e6c5 d3d6
8/5k2/8/p1p1p1p1/PpPpPpPp/1P1P1P1P/1Q6/2K5 b - -,f7e6 b2c2 e6f7 c1b1 f7e6 c2h2 e6f7 h2f2 f7e6 b1c2
8/1pR3pk/p4p1p/P6P/8/5P2/1r4PK/8 b - -,b2b5 g2g4 f6f5 h2g3 f5g4 g3g4 b5g5 g4h4 g5a5 c7b7
4r1k1/5pp1/8/p6n/2pQ1qP1/2N2P1P/P3P1K1/3R4 b - -,f4g3 g2f1 h5f4 d4g1 g3h3 f1f2 h3h7 g1g3 g7g5 c3e4
2b5/6pk/7p/8/8/5P1P/1R4P1/7K b - -,c8f5 h1h2 f5d3 b2b6 d3f1 h2g3 h7h8 h3h4 h8h7 b6b1
3r2k1/5bb1/5q1p/p5pP/P3QpP1/1NP2P2/P7/2K1R2R b - -,f7b3 e4e5 d8d1 c1b2 f6e5 e1e5 g7e5 h1h2 b3f7 h2e2
r1b1R3/p5k1/2p1p3/8/1p3r2/2N5/PP4B1/2KR4 b - -,c8b7 e8a8 b7a8 d1d7 g7g6 d7a7 b4c3 a7a8 c3b2 c1b2
6rk/1pQ1R2p/p2P2p1/2p5/2P3n1/3P2PP/P7/2q2BK1 b - -,g4f6 d6d7 c1b2 d7d8r g8d8 c7d8 f6g8 e7e8 b2d4 d8d4
8/8/8/8/1P3k2/p1K5/P7/8 b - -,g4f6 d6d7 c1b2 d7d8r g8d8 c7d8 f6g8 e7e8 b2d4 d8d4
r4rk1/pp1nppbp/3pbnpB/2q5/4P3/P1NB1N1P/1PP2PP1/R1Q2RK1 b - -,d7e5 f3e5 g7h6 c1h6 d6e5 f1d1 f8d8 d1d2 a7a6 c3a4
2r1r1k1/pp3p2/3p3p/3P2p1/1P6/PP1BPbP1/3K3P/R5R1 b - -,f3d5 d3f5 c8a8 g1c1 e8e5 f5c8 b7b6 c1c7 d5b3 c8d7
2rqr1k1/pp2bpp1/2p1pn1p/8/3P4/2P1R2Q/PPB2PPP/R1B3K1 b - -,d8a5 e3e5 a5b6 a1b1 e7f8 h3g3 g8h8 g3f3 b6d8 g2g4
r5k1/p4R2/1p6/1P1PN3/4Pp2/5b2/P4r2/2R3K1 b - -,f2a2 f7f4 f3h5 f4f5 h5e8 f5g5 g8h8 c1c3 a2a1 g1g2
8/2k5/6p1/2B1n3/8/4P3/r6P/1R5K b - -,e5f3 b1b7 c7b7 c5d6 f3g5 h1g1 b7c8 g1f1 g5e4 d6e5
r4rk1/pR1n1ppp/2p1pn2/2Pp4/3P1B2/b3PN1P/P2N1PP1/5RK1 b - -,a3c5 d4c5 d7c5 b7c7 f8c8 f1c1 c8c7 f4c7 c5a6 c1c6
8/1pR3pk/p4p1p/Pr5P/6P1/5P2/7K/8 b - -,f6f5 h2g3 f5g4 g3g4 b5g5 g4h4 g5a5 c7b7 a5a1 b7b8
8/2k5/R4P2/2P5/6K1/6P1/8/8 b - -,f6f5 h2g3 f5g4 g3g4 b5g5 g4h4 g5a5 c7b7 a5a1 b7b8
rn1qkbnr/ppp2p2/4p1p1/6Pp/2QPPN1P/2N5/PPP5/R1B1K2R b KQkq -,d8d7 c1e3 g8e7 d4d5 e6e5 f4d3 f8g7 d3c5 d7g4 h1g1
r4rk1/5pb1/b1p1q1p1/p2pn1B1/Pp3QPP/3NP3/1PP1B3/2KR3R b - -,e5d3 e2d3 a6d3 c2d3 a8e8 c1b1 b4b3 f4g3 c6c5 h4h5
r4k2/p4pbp/2p3p1/5n2/5P2/2N2b2/PPP4P/2K2RR1 b - -,g7d4 g1g5 f3h5 c3e4 h7h6 g5h5 g6h5 c2c3 a8e8 e4g3
r1b1n3/p4k2/2p1p3/1p2q3/4N3/6R1/PPB4Q/2K5 b - -,e5f4 e4d2 f4d4 h2h7 e8g7 d2e4 c6c5 g3f3 f7e7 h7h4
8/1p6/3k3p/p3p1p1/2P5/1PK5/P5PP/8 b - -,h6h5 a2a3 d6e6 b3b4 a5a4 c3d3 e6f5 c4c5 e5e4 d3d4
6k1/5pp1/8/Q5n1/2p2qP1/5P1P/P3N1K1/3R4 b - -,f4f6 a5d8 g8h7 d8f6 g7f6 d1c1 h7g6 h3h4 f6f5 g4f5
8/8/8/1P6/8/p1K1k3/P7/8 b - -,f4f6 a5d8 g8h7 d8f6 g7f6 d1c1 h7g6 h3h4 f6f5 g4f5
8/2p2p1k/4bB2/2p5/2P1P3/3r3P/6P1/5RK1 b - -,h7g6 f6e5 e6c4 f1f6 g6h7 g1f2 c4e6 e5c7 d3b3 c7f4
3r2k1/2RP1p1p/1p4p1/8/6nN/1P6/5P1P/6K1 b - -,g4e5 c7c8 e5c6 c8c6 d8d7 c6b6 f7f6 g1g2 g8f7 h2h3
3r2k1/5ppp/1R1P1n2/8/7N/1P6/5P1P/6K1 b - -,
r5k1/pppb2pp/1n1p2n1/1B2p1q1/4PrP1/1PN2P2/P1P4N/R2Q1RK1 b - -,f4f7 g1h1 d7e6 a2a4 b6d7 b5d7 f7d7 d1c1 g5e7 c1e3
6r1/1k2bp1p/p3bp2/7Q/1P3P2/1PKR1N2/1P2q1PP/6R1 b - -,d7e6 a2a4 a7a5 c3e2 f4f7 d1c1 g5e7 c1e3 b6d7 a1d1
rnbq1rk1/pp2bppp/3p4/1N1Pp3/Q1P5/3B4/PP3PPP/R1B1K2R b KQ -,a7a6 a4a3 b8d7 e1h1 d7c5 d3c2 c8f5 c2f5 a6b5 a3h3
1r5k/6p1/5q1p/1P3b2/1R6/8/4QPPP/4R2K b - -,b8b6 e2e7 f6e7 e1e7 f5d3 e7e5 d3f1 h2h3 h8h7 h1h2
8/6R1/4p1p1/4P3/4rPkP/8/7K/8 b - -,
2r5/P7/BK1k4/2N3pp/1P6/2P3P1/7P/8 b - -,c8g8 a6b7 g5g4 c3c4 h5h4 g3h4 d6e5 b6b5 e5f4 c5d7
4r1k1/5pp1/8/p6n/2pQ2P1/2N2PqP/P3P3/3R1K2 b - -,h5f4 d4f2 g3h3 f1g1 h3h6 f2h2 f4e2 c3e2 h6h2 g1h2
3r2k1/6b1/5q1p/p5pP/P3QpP1/1PP2P2/8/2K1R2R b - -,h5f4 d4f2 g3h3 f1g1 h3h6 f2h2 f4e2 c3e2 h6h2 g1h2
5B2/kp6/2pR1nB1/PP6/8/5n2/1r6/5K2 b - -,f6g4 b5b6 a7a6 g6d3 a6a5 d3e2 a5b6 f8g7 b2b1 f1g2
6k1/1pR3p1/p4p1p/Pr5P/6P1/5PK1/8/8 b - -,f6f5 f3f4 f5g4 g3g4 g8h7 c7e7 b5a5 e7b7 a5a1 b7c7
r1bRR3/p5k1/2p1p3/8/5r2/2p5/PP4B1/2K5 b - -,a8b8 b2b3 a7a5 e8g8 g7f6 d8c8 b8c8 g8c8 f6e5 g2c6
8/8/1P6/8/5k2/p1K5/P7/8 b - -,a8b8 b2b3 a7a5 e8g8 g7f6 d8c8 b8c8 g8c8 f6e5 g2c6
r1b1n3/p4k2/2p1p3/1p6/5q2/6R1/PPBN3Q/2K5 b - -,e6e5 g3f3 f7e7 f3f4 e5f4 h2h4 e7e6 h4h7 e8d6 d2f3
6k1/3Nb1p1/p3p2p/1P3p2/4b3/1P6/P4RPP/7K b - -,a6b5 a2a4 b5a4 b3a4 g8f7 a4a5 f7e8 d7e5 g7g5 a5a6
8/6pk/7p/5b2/6P1/5P1P/1R6/7K b - -,f5d3 b2b7 d3a6 b7a7 a6c4 h1g2 h7g6 a7b7 g6f6 b7b6
5R2/8/k7/2P5/6K1/6P1/8/8 b - -,f5d3 b2b7 d3a6 b7a7 a6c4 h1g2 h7g6 a7b7 g6f6 b7b6
4rr1k/1pp3pp/p1n5/8/7q/4B1QP/PPP2PP1/RN2R1K1 b - -,h4a4 g3c7 a4c2 b1d2 e8e7 c7b6 f8e8 d2f3 h7h6 e1f1
r5k1/p4R2/1p6/1P1PN3/4Pp2/5b2/P5r1/2R2K2 b - -,g2a2 f7f4 f3e2 f1f2 e2b5 f2g3 a8e8 f4f5 e8e7 c1c8
r2qr1k1/1pp2ppp/p1nb1n2/3p4/4PP2/1N1BQ2P/PP3P2/R1B1K2R b KQ -,d5e4 d3e2 c6b4 e1h1 b4c2 e3g3 c2a1 b3a1 d8d7 c1e3
6k1/5pp1/8/Q5n1/2p3P1/5q1P/P3N3/3R2K1 b - -,g5e6 a5e5 f3b7 e5e3 b7a8 e2c3 a8b8 d1f1 b8c7 f1f2
8/1K5R/2P1k3/2r5/8/8/8/8 b - -,c5b5 b7c8 e6d5 h7h6 b5b6 c8d7 d5e4 h6d6 e4e5 d6d1
3r1rk1/ppp1b1pp/2n1pn2/3q2B1/4P3/2P2NN1/PP3PPP/R2QR1K1 b - -,d5d6 d1b3 c6a5 b3a4 d6b6 e1e2 a5c6 g5e3 e7c5 e3c5
rn1qk1nr/2p2p2/bp1pp1pb/7p/p1PPP2P/P2B1NB1/1P1NQPP1/R3K2R b KQkq -,g8e7 e1h1 e8h8 a1d1 d8d7 f1e1 h6g7 e4e5 d6d5 d1c1
8/1p6/p7/P2bpkp1/1P6/4P3/3KB3/8 b - -,d5c6 d2e1 f5e4 e1f2 g5g4 e2g4 e4d3 g4c8 d3c3 f2e1
8/1P6/8/8/8/p1K1k3/P7/8 b - -,d5c6 d2e1 f5e4 e1f2 g5g4 e2g4 e4d3 g4c8 d3c3 f2e1
1r4k1/1rp2p1p/3p4/p4np1/2PP4/3R1bP1/P4PNP/RN4K1 b - -,b7b1 g2e1 b1a1 d3f3 a1e1 g1g2 f5d4 f3d3 c7c5 a2a4
2r2rk1/pp1nppbp/3pbnp1/2q5/4P3/P1NBBN1P/1PP2PP1/R1Q2RK1 b - -,c5h5 f3g5 e6c4 c1d2 h7h6 g5f3 f8d8 f1e1 c4d3 c2d3
r1b1n3/p4k2/2p5/1p2p3/5q2/5R2/PPBN3Q/2K5 b - -,f7e6 f3f4 e5f4 h2h7 e8d6 d2f3 c6c5 f3g5 e6f6 h7h4
4r3/PB6/1K1k4/2N3pp/1P6/2P3P1/7P/8 b - -,e8d8 c5a6 h5h4 c3c4 d6e5 b6b5 e5d4 a6b8 d4e3 g3h4
5R2/8/8/1kP5/8/6PK/8/8 b - -,e8d8 c5a6 h5h4 c3c4 d6e5 b6b5 e5d4 a6b8 d4e3 g3h4
5rk1/p1p1N1pp/1bQ5/8/6q1/P7/KPP3P1/7R b - -,g8f7 h1e1 f8d8 e1e4 g4e4 c6e4 d8e8 e4h7 e8e7 h7f5
rq2rbk1/p2b1ppp/Q1N2n2/2Pp4/1P6/2P5/P2N1PPP/R1B2RK1 b - -,b8c8 a6c8 e8c8 c6d4 a7a5 a2a3 g7g6 f1e1 f8g7 a1b1
8/7R/4p1p1/4P3/4rP1k/8/7K/8 b - -,
2r5/1k2bp1p/p3bp2/7Q/1P1K1P2/1P1R1N2/1P2q1PP/6R1 b - -,h4g4 h7e7 g4f4 e7e6 f4f5 e6f6 f5g5 f6e6
8/p2k3p/5Qp1/4N3/2p1n3/2q4P/P5PK/8 b - -,c3e5 f6e5 e4d6 e5g7 d7c6 g7a7 c6d5 a7a5 d5d4 a5b6
r7/kpBnp2r/p5p1/3K1p2/8/1PP2PP1/1P3P1P/3R3R b - -,a8f8 d5d4 e7e5 d4e3 f8e8 c7d6 f5f4 e3e2 e8e6 h2h4
r4rk1/ppq2ppp/5n2/2ppb3/6bB/2PBPP2/PP1N2PP/R2Q1RK1 b - -,
r2qk2r/pp2bpp1/1n1p2p1/4n3/8/1BP1BP2/PP2Q1PP/RN2K2R b KQkq -,e5d7 b1d2 e8h8 e1a1 d6d5 h2h4 e7c5 e3c5 d7c5 b3c2
b2r2k1/p4qp1/1p4rp/2p1Pp2/3P1R2/1P4P1/PB2Q2P/3R2K1 b - -,a8e4 f4f1 c5d4 d1d4 d8d4 b2d4 f7e7 f1d1 g8h7 d4b2
1r5k/3b2p1/5q1p/1P6/1R6/8/4QPPP/3R3K b - -,f6c3 b4b1 d7f5 e2b2 c3c7 b1c1 c7a5 d1d5 f5h3 f2f3
8/2p3p1/K2p4/8/8/5k2/8/8 b - -,f6c3 b4b1 d7f5 e2b2 c3c7 b1c1 c7a5 d1d5 f5h3 f2f3
6k1/5pp1/8/Q7/2p3P1/5q1n/P3N2K/3R4 b - -,f3g4 a5a8 g8h7 a8g2 g4g2 h2g2 h3g5 e2c3 g5e6 a2a4
8/1R4pk/7p/8/6P1/3b1P1P/8/7K b - -,h7g8 h1g2 d3a6 b7b8 g8h7 b8b6 a6d3 b6b7 d3c4 h3h4
2K5/7R/2P1k3/1r6/8/8/8/8 b - -,b5b3 c6c7 e6e5 h7h6 b3d3 c8b7 d3b3 b7c6 b3c3 c6d7
r1bRR3/p5k1/2p1p3/8/5r2/8/Pp4B1/1K6 b - -,g7g6 d8c8 a8c8 e8c8 e6e5 g2c6 g6f6 b1b2 f4c4 b2b3
r1b1kb1r/7p/p1pppp2/q7/4P3/2NQ4/P1P1B1PP/1R3RK1 b kq -,e8f7 g1h1 f8e7 e2f3 a5e5 c3e2 a8a7 d3e3 a7c7 e3h6
3rn1k1/5ppp/1R1P4/5N2/8/1P6/5P1P/6K1 b - -,f7f6 b3b4 g7g6 f5d4 e8d6 d4e6 d8d7 g1g2 g6g5 e6c5
7k/1q4p1/7p/1P6/1pB5/8/6RP/7K b - -,g7g5 c4d3 b7d5 d3c2 d5b5 h1g1 b5c5 g1f1 h8g7 g2d2
4r1k1/5pp1/8/p6n/2pQ2P1/2N2P1q/P3P3/3RK3 b - -,
8/6R1/4p1p1/4P3/4rPk1/8/7K/8 b - -,e4e2 h2g1 g4f4 g7g6 f4e5 g6g5 e5f4 g5a5 e2d2 g1f1
r1b2rk1/ppppqppp/2n5/2n1P3/2B5/4RN2/PB3PPP/R2Q2K1 b - -,f8d8 h2h4 h7h6 f3d2 b7b5 c4d5 c5a4 b2a3 b5b4 d1a4
rnb1k2r/pp2nppp/4p3/2ppP3/q2P2Q1/P1P5/2PB1PPP/R2K1BNR b kq -,e7g6 h2h4 h7h5 g4g5 b8c6 f1d3 c5d4 d3g6 f7g6 g5g6
Q3r3/1B2k3/1K6/2N3pp/1P6/2P3P1/7P/8 b - -,e7g6 h2h4 h7h5 g4g5 b8c6 f1d3 c5d4 d3g6 f7g6 g5g6
8/1Kp3p1/P2p4/8/8/5k2/8/r7 b - -,e7g6 h2h4 h7h5 g4g5 b8c6 f1d3 c5d4 d3g6 f7g6 g5g6
2rqr1k1/pp2bpp1/4pn1p/2p5/3P4/2P3RQ/PPB2PPP/R1B3K1 b - -,h6h5 c1h6 e7f8 h6g5 f8e7 g5f6 e7f6 h3h5 d8d5 h5h7
rn1qkbnr/pQ6/2p3p1/6Pp/3PP2P/2N5/PPP5/R1B1K2R b KQkq -,g8e7 b7a8 c6c5 c1f4 c5d4 a8b8 d8b8 f4b8 d4c3 b8e5
2r4k/4R1p1/3R3p/1P3b2/1p6/6P1/5b1P/7K b - -,f2c5 e7e5 c5d6 e5f5 b4b3 b5b6 b3b2 f5b5 c8c1 h1g2
4r1rk/Qpp2p1p/p2b1p2/7q/5B2/3P2P1/PPP2P1P/R5K1 b - -,d6c5 a7b7 c5f2 g1f2 e8e2 f2f1 e2h2 b7e4 h5h3 f1e1
2r2rk1/1p4bp/pB1p2p1/3N3q/2PpQ3/5PPb/PP3R1P/R5K1 b - -,h5e5 d5e7 g8h8 e7c8 e5e4 f3e4 f8c8 b2b3 h3g4 f2d2
8/p4n1p/4k3/2p1b3/1pNp3P/5KP1/PP2R3/8 b - -,a7a5 c4e5 f7e5 f3f4 e6d6 e2e5 c5c4 f4e4 c4c3 b2c3
8/4k3/8/6P1/8/7K/8/5R2 b - -,a7a5 c4e5 f7e5 f3f4 e6d6 e2e5 c5c4 f4e4 c4c3 b2c3
r7/kpBn3r/p3K1p1/5p2/8/1PP2PP1/1P3P1P/3R3R b - -,d7b8 c7f4 b8c6 f4e3 b7b6 d1d7 h7d7 e6d7 a7b7 d7e6
6k1/3Nb1p1/4p2p/1p3p2/4b3/1P6/P2R2PP/7K b - -,b5b4 d7e5 e7f6 e5c4 e4b1 a2a4 b4a3 c4a3 b1e4 b3b4
6k1/1R4p1/7p/8/6P1/3b1P1P/6K1/8 b - -,g7g5 b7c7 d3g6 h3h4 g5h4 g2h3 g6e8 h3h4 e8f7 c7a7
r1b2k2/pp3ppp/4pn2/8/3N1P2/1B2P3/PP4PP/2R1K3 b - -,a7a5 g2g3 b7b6 b3d1 c8b7 d1f3 f6d5 a2a3 a8d8 e1f2
1r5k/6p1/5q1p/1R6/8/8/4QPPP/3R3K b - -,b8c8 b5b7 f6g5 f2f3 c8f8 b7e7 h8h7 e2e4 g5f5 e4f5
3rn1k1/5p1p/1R1P2p1/8/8/1P2N3/5P1P/6K1 b - -,e8f6 e3c4 f6d7 b6b7 f7f6 c4a5 d7f8 b7b6 g8f7 b6c6
B7/4k3/1K6/2N3pp/1P6/2P3P1/7P/8 b - -,e8f6 e3c4 f6d7 b6b7 f7f6 c4a5 d7f8 b7b6 g8f7 b6c6
r1bqkbnr/2p3pp/p1pp4/4pp2/4P3/2NPBN2/PPP2PPP/R2QK2R b KQkq -,g8f6 e3g5 f8e7 g5f6 e7f6 d3d4 e5d4 f3d4 c8d7 e1h1
r4rk1/2qnbppp/b3p3/2p1P3/1n1pN3/1P1P1NP1/PB2QPBP/3RR1K1 b - -,b4a2 e4d6 a2b4 d6c4 a6b7 d1a1 f8b8 b2a3 b4d5 a3b2
8/6R1/4p1p1/4Pk2/4rP2/6K1/8/8 b - -,
q4k1r/p5pp/4p3/2b2p2/4P3/5Q2/PPPB3P/2KR4 b - -,f8g8 f3c3 a8f8 c3c4 h7h6 b2b4 c5b6 c4e6 f8f7 e4f5
r1b1n3/p6Q/2p1k3/1p6/5p2/8/PPBN4/2K5 b - -,f4f3 d2f3 e6d6 f3g5 c8d7 h7h2 d6c5 h2d2 d7g4 d2f2
2r2rk1/pp1nppbp/3pbnp1/q7/4P3/P1NB1N1P/1PPB1PP1/R1Q2RK1 b - -,e6c4 f1d1 b7b5 d2h6 a7a6 c1d2 a5c7 a1c1 c7b7 d2e3
8/P1k5/2P5/8/5p1p/6pK/8/8 b - -,f8e8 a3a4 e6c4 f1d1 a7a6 d2e3 f6h5 c1b1 d7e5 f3e5
2rqr1k1/pbp1npp1/1p1b1n1p/3p4/3P4/1NPBBN1P/PPQ2PP1/3RR1K1 b - -,c7c5 b3d2 c5c4 d3f5 e7f5 c2f5 e8e6 d2f1 c8c7 f3e5
Q5k1/5pp1/8/8/2p3P1/7K/P7/3q4 b - -,g8h7 a8e4 g7g6 e4c4 d1f3 h3h2 f3f2 h2h3
4n1k1/5p1p/3R2p1/8/8/1P2N3/5P1P/6K1 b - -,e8c7 b3b4 g8g7 d6d7 c7b5 d7d5 b5a7 e3c4 g6g5 d5a5
r5k1/ppp3pp/1n1p2n1/1N2p1q1/4PrP1/1P3P2/P1P4N/R2Q1RK1 b - -,f4f7 g1h1 g5d8 b5c3 b6d7 c3e2 d7f8 b3b4 a8b8 d1d5
6k1/1R6/7p/6p1/6P1/3b1PKP/8/8 b - -,d3c4 b7c7 c4e6 h3h4 g5h4 g3h4 e6f7 f3f4 f7g6 c7a7
8/5R2/p2p2p1/3P2k1/2pb2P1/5RP1/2r2P1K/8 b - -,c2b2 f3f4 d4c5 h2g2 c4c3 f4c4 c3c2 f7f3 a6a5 f3c3
r4rk1/2qnbppp/b1n1p3/2ppP3/8/1PNP1NP1/PB2QPBP/R3R1K1 b - -,c6b4 e1d1 h7h6 c3a4 f8b8 f3e1 b4c6 e1f3 b8c8 d1c1
8/8/2k5/3p4/8/8/8/2K5 b - -,
rnb1r1k1/2qnbp1p/p2pp1p1/1p4P1/3NPP1Q/2NBB3/PPP4P/R4RK1 b - -,b8c6 f1f3 c6d4 e3d4 h7h5 a1f1 c8b7 f4f5 d7e5 f3f2
7k/5q2/5N2/6Q1/8/8/n7/Kn6 b - -,b8c6 f1f3 c6d4 e3d4 h7h5 a1f1 c8b7 f4f5 d7e5 f3f2
4r1k1/5pp1/8/p6n/2p3P1/2N2Pq1/P3PQ2/3RK3 b - -,g3e5 f2d4 e5g3 e1d2 g3h4 d2c2 h5g3 d4d7 e8f8 d7c7
8/8/4pRp1/4P3/4rPkP/8/6K1/8 b - -,
r4rk1/pbp1bpp1/np2p2p/3pP3/3P1q2/P1NB2P1/1PP2P1P/R2Q1RK1 b - -,f4d4 d3h7 g8h7 d1d4 a6b8 c3b5 b8c6 d4e3 h7g8 f1e1
r1b1kb1r/ppN1qppp/3p4/8/3nn3/8/PPPPQPPP/RNB1KB1R b KQkq -,e8d8 c7a8 d4e2 f1e2 c8g4 d2d3 e4g3 c1e3 g3e2 h2h3
2r4k/4R1p1/2R4p/1P6/1p6/6Pb/5b1P/7K b - -,c8d8 c6c1 f2b6 c1e1 b4b3 e7e2 h3g4 h1g2 g4e2 e1e2
8/8/1K1k4/2N3pp/1P6/2P2BP1/7P/8 b - -,c8d8 c6c1 f2b6 c1e1 b4b3 e7e2 h3g4 h1g2 g4e2 e1e2
2r4k/5qp1/7p/1P3b2/1R6/1p6/4QPPP/4R2K b - -,f5c2 h2h3 h8h7 b5b6 c8b8 e2e7 f7f2 b6b7 c2g6 e7e5
6k1/R7/2r3p1/6Kp/8/6PP/5P2/8 b - -,g8f8 f2f3 c6b6 g3g4 b6d6 g5h6 h5g4 h3g4 d6f6 a7a8
r1b1k2r/4b2p/p1pppp2/q7/4P1B1/2NQ4/P1P3PP/1R3RK1 b kq -,a5e5 c3e2 e8h8 e2f4 a6a5 b1e1 g8h8 d3h3 f8g8 g2g3
6R1/8/8/8/4k3/7K/8/5R2 b - -,a5e5 c3e2 e8h8 e2f4 a6a5 b1e1 g8h8 d3h3 f8g8 g2g3
4r1rk/Qpp1qp1p/p2b1p1B/7B/8/3P2P1/PPP2P1P/R4K2 b - -,e7e5 h5f3 e5b2 a1d1 b2c2 a7b7 c2a2 f1g2 e8b8 b7c6
6k1/2R5/7p/6p1/2b3P1/5PKP/8/8 b - -,c4e6 h3h4 g5h4 g3h4 e6f7 f3f4 f7g6 c7b7 g8f8 b7a7
r2qr3/5kbp/bn3np1/p2Pp3/4P1P1/1P2B2P/2PQNPB1/R4RK1 b - -,d8d6 a1a5 a6e2 a5a8 e8a8 d2e2 d6b4 g4g5 f6d7 h3h4
r2qkb1r/p2nn3/4Q1p1/6Pp/3PP2P/2N5/PPP5/R1B1K2R b KQkq -,d8c7 c1e3 c7b6 e6b6 d7b6 h1f1 b6c4 e3f4 e8a8 e1a1
7r/5pk1/3b2p1/7b/5N2/4P1P1/3B1P2/1R3K2 b - -,d6e5 f4h5 h8h5 b1b7 g6g5 f1e2 h5h2 g3g4 h2h8 b7d7
8/1p1k1bp1/p1qB1p1p/3p4/1P3P2/P1QBP2P/3K2P1/8 b - -,c6d6 a3a4 g7g5 g2g3 f7e6 h3h4 e6h3 c3d4 g5h4 g3h4
r7/kpB4r/p5p1/2nK1p2/8/1PP2PP1/1P3P1P/3R3R b - -,a8h8 d5c5 h7c7 c5b4 c7e7 d1d2 g6g5 h2h4 e7h7 h4h5
4R3/8/8/8/8/4k2K/8/5R2 b - -,a8h8 d5c5 h7c7 c5b4 c7e7 d1d2 g6g5 h2h4 e7h7 h4h5
7k/4R1p1/2P4p/8/1p6/6Pb/5b1P/7K b - -,b4b3 e7b7 h3e6 h1g2 f2d4 g2f3 h8h7 f3f4 b3b2 c6c7
r1bqkb1r/1pp2pp1/p1nppn1p/8/2PPP2B/2N2N2/PP3PPP/R2QKB1R b KQkq -,
2r1r1k1/pp3pp1/3p3p/3Pn3/qP3Nb1/P1P3P1/1Q1K1P1P/R4B1R b - -,g7g5 h4g3 f6h5 d4d5 c6e7 f3d4 h5g3 h2g3 f8g7 d1d2
1r2r1k1/p1p1qppp/5n2/3p4/P2P4/2PQ4/1P2BPPb/R1B1KN1R b KQ -,h2d6 f1e3 g7g6 b2b4 c7c6 e1f1 h7h5 e2f3 g8g7 f1g1
8/8/1K1k4/2N4p/1P2B1p1/2P3P1/7P/8 b - -,h2d6 f1e3 g7g6 b2b4 c7c6 e1f1 h7h5 e2f3 g8g7 f1g1
2r4k/1R4p1/5q1p/8/8/8/4QPPP/3R3K b - -,c8f8 f2f3 h8h7 e2c2 f6g6 c2g6 h7g6 d1d7 f8g8 h2h3
rnbqkb1r/p1p2ppp/1n2p3/1N2P3/2pP3P/5N2/PP3PP1/R1BQKB1R b KQkq -,b8c6 f1e2 c8b7 h4h5 f8b4 e1f1 h7h6 h1h4 c6e7 b2b3
r2qnrk1/1bp3bp/np1p2p1/3Pp3/1PP1Pp2/B1NB1N2/2Q2PPP/R4RK1 b - -,g6g5 f3d2 g5g4 c4c5 b6c5 b4c5 a6c5 a3c5 a8a1 f1a1
8/5ppk/8/8/2p1Q1P1/7K/P7/3q4 b - -,
r1b1N3/p3k3/2p1p1Q1/1p3n2/8/6p1/PPB5/2K5 b - -,c8d7 e8g7 f5g7 g6g7 e7d6 g7g3 e6e5 g3a3 d6c7 a3c5
6k1/2R5/7p/1b4p1/5PP1/6KP/8/8 b - -,g8f8 f4g5 h6g5 c7c5 b5a4 c5g5 a4b3 g3f4 f8e7 g5a5
1r4k1/4p2p/p1bp4/5P2/P1Pr1P2/K2BR2P/P2R4/8 b - -,b8e8 d2b2 a6a5 b2b6 e8c8 b6a6 c8c7 d3c2 g8g7 c2b3
4R3/5R2/8/8/8/7K/3k4/8 b - -,b8e8 d2b2 a6a5 b2b6 e8c8 b6a6 c8c7 d3c2 g8g7 c2b3
8/1p1k1bp1/p2q1p1p/3p4/PP3P2/2QBP2P/3K2P1/8 b - -,g7g5 g2g3 f7e6 h3h4 g5h4 g3h4 e6g4 a4a5 d7d8 d3f1
6k1/3N2p1/4p2p/1p3p2/1b1Rb3/1P6/P5PP/7K b - -,b4a3 d7e5 e4d5 d4d1 g7g5 e5f3 f5f4 f3d4 a3c5 d4b5
r1bq1rk1/p4pbp/1n2P1p1/1NpP4/5Bn1/5N2/PP2B1PP/R2QK2R b KQ -,f7e6 f4g5 g7f6 d1c1 a7a6 g5f6 g4f6 b5c3 e6d5 a2a4
8/8/1K1k4/2N5/1P2B1pP/2P5/7P/8 b - -,b6d5 f4c7 d5c7 d1d8 f8d8 e6e7 d8d7 b5c7 d7e7 c7a8
r2q1rk1/pb1nbpp1/1pp1pn1p/3p4/2PPPB2/5NP1/PPQN1PBP/R4RK1 b - -,g7g5 f4e3 f6g4 a1d1 g4e3 f2e3 a8c8 f3e1 d5c4 e4e5
rnbq1rk1/4ppbp/3p1np1/1NpP4/P3P3/5N1P/1P3PP1/R1BQKB1R b KQ -,h7h6 f1d3 b8a6 c1d2 e7e6 d5e6 c8e6 e1h1 d6d5 e4d5
8/5R2/4p1p1/4P3/4PPkP/4r3/7K/8 b - -,
4R3/3R4/8/8/8/2k4K/8/8 b - -,g4f3 h4h5 g6h5 f4f5 f3e4 f5e6 e4e5 e6e7 e5d6 h2g2
3rr1k1/ppp1qpb1/2n2npp/3Np3/2P1P1b1/P3BNP1/1PQ2PBP/R2R2K1 b - -,f6d5 c4d5 c6d4 e3d4 e5d4 h2h3 g4f3 g2f3 h6h5 h3h4
r5k1/ppN3pp/1npp2n1/4p1q1/4PrP1/1P3P2/P1P4N/R2Q1RK1 b - -,f4f6 c7a8 b6a8 d1e1 a8c7 g1h1 g6f4 a1d1 h7h5 d1d2
6k1/2R5/7p/1b6/5KP1/7P/8/8 b - -,g8f8 c7h7 f8e8 h3h4 b5a4 h7h6 e8d7 f4g5 d7c7 h4h5
8/1p6/p7/P2bpk2/1P4p1/4P3/4B3/3K4 b - -,g4g3 e2d3 f5g4 d1e2 g4h3 d3f5 h3h2 e2d3 d5c6 d3c4
2r1k1r1/pp1b1p2/4p3/3pPn2/q2n4/P2Q1N2/1RPB1PPP/3K1B1R b - -,a7a6 f3d4 a4d4 d3d4 f5d4 b2b7 d4c2 h2h4 c2a3 f1a6
1k6/2p1r1p1/pp6/3Q3P/P7/KP2r1N1/1B4R1/1q6 b - -,e3d3 d5c4 e7e3 g2c2 d3b3 c4b3 e3b3 a3b3 b1d1 b2c3
r2qk2r/pp1n1pp1/2p1pb1p/5b2/2QP4/2N1PN2/PP2BPPP/R4RK1 b kq -,a7a5 a2a4 e8h8 f1d1 a8c8 c4b3 d8c7 f3d2 e6e5 d4d5
r1b1n1k1/p6r/2p1pN2/1p6/8/6p1/PPBQ4/2KR4 b - -,e8h8 a2a4 a8c8 f1d1 d8c7 a4a5 f8d8 h2h3 f6e7 b2b4
8/1p6/7p/p5p1/1kP5/1P6/P1K3PP/8 b - -,g5g4 c2b2 b4c5 b2c3 c5c6 a2a3 c6d6 b3b4 d6c7 b4a5
2rqr2k/pp2bpp1/4pn1B/2p5/3P4/2P3RQ/PPB2PPP/R5K1 b - -,g5g4 c2b2 b4c5 b2c3 c5c6 a2a3 c6d6 b3b4 d6c7 b4a5
7k/2P1R1p1/7p/8/8/1p4Pb/5b1P/7K b - -,b3b2 e7e8 h8h7 e8b8 f2d4 g3g4 h3g4 h1g2 g7g5 g2g3
1r2R2k/5qp1/7p/8/8/1p6/4QPPP/4R2K b - -,b8e8 e2e8 f7g8 h2h3 g8e8 e1e8 h8h7 e8b8 h6h5 h1h2
2R5/3R4/8/8/1k6/7K/8/8 b - -,b8e8 e2e8 f7g8 h2h3 g8e8 e1e8 h8h7 e8b8 h6h5 h1h2
r2qk2r/pp3pp1/1n1p2p1/4n3/7b/1BP1BPP1/PP2Q2P/RN2K2R b KQkq -,a7a5 g3h4 e8h8 e3b6 d8b6 b1a3 e5g4 e1a1 g4f2 h1e1
6r1/1k2bp1p/p3bp2/7Q/1P2qP2/1P3N2/1P1R2PP/2K3R1 b - -,e8h8 g3h4 a7a5 e3g5 d8c7 b1a3 f8e8 e1h1 a5a4 b3c2
2r2rk1/ppqnppbp/3pbnpB/8/4P3/P1NB1N1P/1PP2PP1/R1Q2RK1 b - -,d7e5 f3e5 g7h6 c1h6 d6e5 h6e3 a7a6 f1d1 g8g7 d3e2
8/8/2K5/2N1k3/1P2B1pP/2P5/7P/8 b - -,a7a6 h6g7 g8g7 c1e3 b7b5 a1d1 f8e8 f3d4 e6c4 e3g5
5rk1/p2bppb1/1q1p2p1/1prB2Bp/2nNP1PP/3Q1P2/PPP5/1K1R3R b - -,e7e6 d5c4 b5c4 d3c3 e6e5 d4f5 g6f5 g5e7 f5g4 d1d6
8/8/8/2N5/8/K7/5p2/k7 b - -,
2r4k/1R4p1/6qp/8/8/8/1Q3PPP/3R3K b - -,c8e8 b7b8 h6h5 b2e5 e8b8 e5b8 h8h7 b8e5 h5h4 h2h3
r1b3k1/p6B/2p1pn2/1p6/8/6p1/PP1Q4/2KR4 b - -,c8e8 b7b8 h6h5 b2e5 e8b8 e5b8 h8h7 b8e5 h5h4 h2h3
5k2/7R/7p/1b6/5KP1/7P/8/8 b - -,h6h5 h7h5 b5d3 h5h6 f8f7 h3h4 f7e7 f4g5 e7e8 h6d6
4r1k1/5pp1/8/p3q2n/2pQ2P1/2N2P2/P3P3/3RK3 b - -,e5g3 e1d2 g3h4 d2c2 h5g3 d4f2 h4h3 e2e4 e8e6 d1d8
2r4k/5qp1/4b2p/1P6/1R6/1p5P/4QPP1/4R2K b - -,e6d5 b5b6 h8h7 e2d3 h7h8 d3e3 f7f8 e3d2 c8b8 f2f3
4r1k1/5pp1/5n2/p1p5/3Q1qP1/2NR1P1P/P3P3/6K1 b - -,c5d4 c3e4 f6d5 g1g2 f4c1 d3d4 d5f4 g2f2 c1h1 f2e3
8/1p6/7p/p5p1/2P5/kP6/P5PP/1K6 b - -,a3b4 b1b2 b4c5 b2c3 c5d6 c3d4 d6c6 g2g4 c6d6 a2a3
2r3k1/pp4pp/1nppN1n1/4p1q1/4PrP1/1P3P2/P1P4N/R2Q1RK1 b - -,g5e7 e6f4 g6f4 g1h1 b6d7 d1d2 d6d5 c2c3 d7f8 d2e3
r1b2r1k/2q1bppp/p1p2n2/4p3/2B1P3/2N1B1Q1/PPP3PP/R4R1K b - -,a6a5 h2h3 a5a4 f1f3 f6h5 g3f2 f7f6 b2b3 a4b3 c2b3
r3N3/p2bk3/2p1p1Q1/1p3B2/8/6p1/PP6/2K5 b - -,e6f5 e8c7 a8f8 g6g3 f8f7 g3e5 e7f8 e5d6 f8g8 c1d2
4r1k1/5pp1/8/p6P/2pQ1q2/2NR1P1P/P3P1K1/8 b - -,f4g5 g2f2 c4d3 d4d3 g5h5 c3e4 h5h3 a2a4 h3h2 f2e3
2R5/1R6/k7/8/6K1/8/8/8 b - -,f4g5 g2f2 c4d3 d4d3 g5h5 c3e4 h5h3 a2a4 h3h2 f2e3
8/8/4pRp1/4P3/4rPkP/8/7K/8 b - -,
2r5/1k2bp1p/p3bp2/7Q/1P2qP2/1P3N2/1P1R2PP/3K2R1 b - -,e4f4 f6g6 g4h4 g6h6 h4g5 h6e6 g5f5 e6e8 f4e4 h2g1
r3r1k1/p1q2p1p/2p1n1p1/3pP3/2P5/5Q1P/PP3PP1/3RRBK1 b - -,d5d4 c4c5 a7a5 h3h4 a8d8 f1c4 c7a7 h4h5 a7c5 b2b3
5k2/8/8/1b5R/5KP1/7P/8/8 b - -,d5d4 c4c5 a7a5 h3h4 a8d8 f1c4 c7a7 h4h5 a7c5 b2b3
r1b3k1/p6n/2p1p2Q/1p6/8/6p1/PP6/2KR4 b - -,d5d4 c4c5 a7a5 h3h4 a8d8 f1c4 c7a7 h4h5 a7c5 b2b3
r2qr1k1/1pp2ppp/p2b1n2/8/1n2pP2/1N2Q2P/PP3P2/RBB1K2R b KQ -,b4d3 b1d3 e4d3 e1f1 e8e3 c1e3 d8d7 a1d1 g8h8 f1g1
8/8/2K5/1PN5/4BkpP/2P5/7P/8 b - -,b4d3 b1d3 e4d3 e1f1 e8e3 c1e3 d8d7 a1d1 g8h8 f1g1
2r1k1r1/1p3p2/p3p3/1b1pPn2/qB1n4/P4N2/1RPQ1PPP/3K1B1R b - -,g8g4 f1d3 b5d3 d2d3 d4f3 d3f3 g4b4 b2b4 a4c2 d1e1
4Q2k/5qp1/7p/8/8/1p6/5PPP/4R2K b - -,f7e8 e1e8 h8h7 e8b8 h6h5 h2h3 h7g6 b8b3 g6f7 h1h2
3R1bk1/4r2p/p3P1p1/1p3npq/1P6/6P1/1Q3B1P/3R2K1 b - -,f5d4 d8f8 g8f8 b2d4 h5d1 d4d1 e7e6 d1d7 e6e2 f2c5
5r1k/pp2bqp1/1n5p/8/P7/1N3BnP/1PQ3PN/3R2K1 b - -,f7b3 c2f2 g3e4 f2d4 e7c5 d4c5 e4c5 h2g4 b6d7 d1d6
1r2r1k1/p4p2/1q4p1/3P3p/Qp2P2P/1R6/5PP1/4R1K1 b - -,a7a5 b3b1 b6b5 a4d1 b4b3 d1f3 b8b7 e4e5 a5a4 e1e3
2r2rk1/1pqnppBp/p2pbnp1/8/4P3/P1NB1N1P/1PP2PP1/R1Q2RK1 b - -,d7e5 f3e5 g8g7 e5f3 c7b6 f1e1 f8d8 a3a4 c8c5 c3d1
8/8/2K5/1PN5/4Bk1P/2P3P1/8/8 b - -,d7e5 f3e5 g8g7 e5f3 c7b6 f1e1 f8d8 a3a4 c8c5 c3d1
2r1k1r1/1p3p2/p3p3/3pPn2/qB1N4/P7/1RPQ1PPP/3K1b1R b - -,f1b5 d4f5 e6f5 d2h6 c8c6 h6h4 c6e6 h4h7 g8g2 d1c1
1r6/1P3qpk/1Q5p/8/1R6/1p2R2P/2b2PP1/6K1 b - -,f7d7 g1h2 c2d3 e3d3 d7d3 b6c7 b3b2 c7b8 b2b1q b8h8
7N/8/1k4K1/p7/3p4/3P4/8/8 b - -,a5a4 h8f7 a4a3 f7g5 a3a2 g6f5 a2a1q f5e5 a1a5 e5f4
r1bR2k1/p6n/2p1p2Q/1p6/8/8/PP4p1/2K5 b - -,b6c5 h8f7 a5a4 f7d8 a4a3 d8e6 c5d5 e6f4 d5d6 f4e2
8/6pk/2p1r3/1p1n1p2/3Pp1q1/4P1P1/1PR2PB1/Q5K1 b - -,d5b4 c2c3 b4d3 a1b1 e6d6 c3d3 e4d3 b1d3 c6c5 d3b5
r7/R7/8/8/7p/6k1/5b2/7K b - -,a8f8 a7f7 f2c5 f7f8 c5f8 h1g1 f8a3 g1h1 g3h3 h1g1
1nrbr1k1/5ppp/3p1n2/8/1R2N3/1N6/1P3PPP/2B1R1K1 b - -,b8c6 b4a4 d6d5 e4f6 d8f6 e1e8 c8e8 g1f1 e8b8 a4a6
1R2r2k/6p1/6qp/8/8/8/1Q3PPP/3R3K b - -,g6e4 f2f3 e4e3 b8e8 e3e8 b2b1 e8e7 d1e1 e7f7 h2h3
8/8/1PK5/2N5/4B2P/2P1k1P1/8/8 b - -,g6e4 f2f3 e4e3 b8e8 e3e8 b2b1 e8e7 d1e1 e7f7 h2h3
1qrr2k1/1p3ppn/p1Pp3p/P2Pp1b1/1P2B1Pn/4B2P/3QNP2/R1R3K1 b - -,h7f6 e4h1 h4g6 e3g5 h6g5 a1b1 b7c6 c1c6 b8a7 b1c1
r2qk2r/pp3pp1/1n1p2p1/4n3/7b/1BP2P2/PP2QBPP/RN2K2R b KQkq -,h4f2 e1f2 d8f6 b1a3 e8a8 h2h3 g6g5 a3b5 g5g4 h3g4
r1bR4/p4k1Q/2p1p3/1p6/8/8/PP4p1/2K5 b - -,d8g5 e1h1 h4f2 f1f2 g5h6 g2g3 e8h8 f3f4 e5d7 b1d2
5k2/7R/8/8/5KP1/7P/8/5b2 b - -,d8g5 e1h1 h4f2 f1f2 g5h6 g2g3 e8h8 f3f4 e5d7 b1d2
r1bqkb1r/pp1npp1p/2pp2pB/3N4/3P4/5P2/PPPQP1PP/R3KBNR b KQkq -,b7b5 h6f8 e8f8 d5c3 e7e5 e2e4 f8g7 g1h3 b5b4 c3d1
4Q2k/5qp1/7p/1P3b2/1R6/1p6/2r2PPP/4R2K b - -,h8h7 e8f7 f5g6 f7b3 c2d2 b5b6 d2d3 b3e6 d3e3 e6g6
r2r1qk1/p2B1pp1/1p1bpn1p/2pp4/3P1P1B/2P1P3/PP1N2PP/R2Q1RK1 b - -,b6b5 d7b5 a8b8 a2a4 c5d4 c3d4 a7a6 h4f6 g7f6 b5a6
r7/kpBn3r/p2Kp1p1/5p2/8/1PP2PP1/1P3P1P/3R3R b - -,g6g5 h2h4 d7f8 h4g5 h7d7 d6e5 d7c7 h1h6 c7e7 e5f6
8/6K1/8/8/8/8/1Qpk4/8 b - -,d2d1 g7g6 c2c1q b2d4 d1e1 d4e4 e1d1 e4h1 d1d2 h1h2
4R2k/6p1/7p/8/8/1p6/5PPP/7K b - -,h8h7 h2h3 h7g6 e8b8 g6f5 h1h2 g7g5 b8b3 h6h5 b3b5
8/5kp1/3Rp2p/1pN2p2/4b3/1Pb5/P5PP/7K b - -,e4d5 c5a6 f7e7 d6b6 c3d4 b6b5 d5c6 b5b4 e6e5 h2h3
r4rk1/pp2QpBp/1q6/5p2/2b5/2P5/PP3PPP/R2R2K1 b - -,f8d8 g7e5 d8e8 e7h4 e8e6 b2b3 c4a6 c3c4 a8e8 h4g5
8/8/8/8/4N3/K7/5p2/1k6 b - -,
8/8/4p1R1/4P3/5rkP/8/7K/8 b - -,
r3r1k1/p1q2p1p/2p1n1p1/2P1P3/3p4/5Q1P/PP3PP1/3RRBK1 b - -,a7a5 h3h4 a8d8 f1c4 c7e7 h4h5 e7c5 b2b3 a5a4 g2g3
5k2/8/1p6/p4Bpr/8/2B3K1/PP5P/8 b - -,f8f7 c3d2 f7f6 f5c2 g5g4 d2f4 h5c5 c2d3 b6b5 g3g4
8/8/1PK5/2N5/2P1B2P/6P1/3k4/8 b - -,f8f7 c3d2 f7f6 f5c2 g5g4 d2f4 h5c5 c2d3 b6b5 g3g4
6k1/8/7R/8/5KP1/7P/8/5b2 b - -,f8f7 c3d2 f7f6 f5c2 g5g4 d2f4 h5c5 c2d3 b6b5 g3g4
2r1k1r1/1p3p2/3B4/p2pPp2/q7/P7/1RPQ1PbP/3KR3 b - -,g2e4 d1c1 b7b6 c1b1 e8d7 e1c1 d5d4 f2f3 e4f3 d2d3
rnbq1rk1/1p2bppp/p3pn2/3pN3/3P4/3B4/PPPN1PPP/R1BQR1K1 b - -,b8d7 c2c3 d8c7 d2f3 b7b5 c1f4 e7d6 d1c2 d7b6 f3g5
7B/8/7B/5p2/8/3K2B1/p7/BkB5 b - -,b8d7 c2c3 d8c7 d2f3 b7b5 c1f4 e7d6 d1c2 d7b6 f3g5
3r2k1/2R2ppp/1p1P4/8/6nN/1P6/5P1P/6K1 b - -,g4f6 h4f5 g8f8 c7c6 g7g6 f5e7 f6e4 e7c8 b6b5 b3b4
2b1r1k1/2q1rpp1/pp1b1nnp/3p4/P1pP4/2P2N1P/1PNB1PP1/2QRRBK1 b - -,c8d7 e1e7 e8e7 c1a1 d7f5 c2e1 f6e4 b2b3 c4b3 a1b2
1R2r2k/6p1/7p/8/4q3/8/5PPP/1Q1R3K b - -,e4e7 b8e8 e7e8 f2f3 h8g8 d1e1 e8f7 b1e4 f7d7 e4g6
1r6/1P1q2pk/1Q5p/5b2/8/1R2R2P/5PPK/8 b - -,f5c2 b3b4 c2d3 e3g3 d3f1 b6g6 h7h8 b4f4 d7b7 f4f7
2r3k1/pp2q1pp/1npp2n1/8/2P1PpP1/1P3P2/P6N/R2Q1RK1 b - -,c8f8 d1d2 b6d7 a1d1 f8f6 d2a5 d7e5 a5a7 c6c5 a7b8
r3k2r/ppq1bp2/2p4p/6p1/2QP1P2/2N1P1P1/PP4P1/R3K2R b KQkq -,e7f8 e1h1 e8a8 a1d1 c8b8 d4d5 f8e7 d5c6 c7c6 c4c6
r7/kp5r/pB1Kp1p1/5p2/8/1PP2PP1/1P3P1P/3R3R b - -,a7b6 h2h4 f5f4 g3g4 a6a5 d6e5 a8f8 d1d6 b6c7 b3b4
8/1p6/7p/p7/2P3p1/kP6/P5PP/K7 b - -,
1k6/2p1r1p1/pp6/7P/P1Q5/KP2r3/1B4R1/1q3N2 b - -,
8/1P6/2K5/2N5/2P1B2P/6P1/8/2k5 b - -,e3e4 c4a6 e4e2 f1d2 b1d1 g2e2 e7e2 d2c4 d1b1 b2c3
8/8/3k4/2p2P2/2Kp4/1P1B4/1P6/2n5 b - -,d6c7 b3b4 c5b4 c4d4 c1b3 d4c4 b3c1 d3c2 c1e2 c4c5
6r1/1k2bp1p/p3bp2/7Q/1P2qP2/1P3N2/1P1R2PP/3K2R1 b - -,d6c7 b3b4 c5b4 c4d4 c1b3 d4c4 b3c1 d3c2 c1e2 c4c5
r1bR4/p7/2p1pk1Q/1p6/8/8/PP4p1/2K5 b - -,d6c7 b3b4 c5b4 c4d4 c1b3 d4c4 b3c1 d3c2 c1e2 c4c5
8/8/8/8/8/K7/3N4/1k3q2 b - -,
8/8/4R3/4P3/5r1k/8/7K/8 b - -,
rn1q1rk1/4ppbp/b2p1np1/1BpP4/P3P2P/2N2N2/1P3PP1/R1BQK2R b KQ -,f6e4 c3e4 a6b5 h4h5 b8d7 a1a3 b5a6 h5g6 h7g6 f3g5
rnbk1b1r/5ppp/p4n2/1p6/2p1N3/5N2/PPB2PPP/R1B2RK1 b - -,c8f5 f3g5 d8c7 g5f7 f5e4 c2e4 f6e4 f7h8 e4c5 h8f7
B4k1r/p4p1p/4p3/2b3B1/4P3/5b2/PPPK1P1P/R7 b - -,f7f6 g5f6 h8g8 b2b4 c5f2 a1f1 g8g2 d2d3 f8g8 f6e5
8/1p6/p7/P2bpk2/1P6/3BP1p1/8/3K4 b - -,f5g4 d1e1 g4f3 e1f1 f3e3 d3f5 d5c6 f5h3 e5e4 h3g2
2rq1rk1/pp1Nbpp1/4pn1p/2pp4/3PPB2/1PPQ3P/P2N1PP1/R3R1K1 b - -,d8d7 e4e5 f6h7 d3g3 g8h8 f4e3 f8d8 h3h4 b7b6 d2f3
4R2k/4q1p1/7p/8/8/8/5PPP/1Q1R3K b - -,e7e8 f2f3 e8c8 b1g6 h8g8 d1e1 g8f8 g6d6 f8f7 h2h3
r2qk2r/pp3pp1/1n1p2p1/4n3/8/1BP2P2/PP2QKPP/RN5R b kq -,d8f6 b1a3 e8a8 h2h3 g6g5 a1e1 d8e8 e2d2 d6d5 a3c2
6k1/8/7R/1b6/5KPP/8/8/8 b - -,e8h8 h1d1 a7a5 b1a3 f8e8 f2g1 e5c4 e2f2 c4a3 b2a3
r1bq1rk1/1p1nbppp/p2p4/1N1Pp3/Q1P5/P2B4/1P3PPP/R1B2RK1 b - -,d7b6 a4c2 a6b5 d3h7 g8h8 c4b5 b6d5 h7f5 d5f6 f1e1
8/1k6/8/8/6K1/8/8/2R5 b - -,g7g5 b5c3 f7f5 f2f3 e5e4 f3e4 f5f4 a4c2 d7e5 c3e2
1k6/1p1b2p1/p2q1p1p/2Qp4/PP3P2/4P2P/2BK2P1/8 b - -,d6c5 b4c5 b8c7 d2c3 a6a5 c3d4 d7c6 h3h4 c7c8 g2g4
2r2r2/1pqnppkp/p2pbnp1/8/4P3/P1NB3P/1PPN1PP1/R1Q2RK1 b - -,c7b6 a3a4 d7e5 a4a5 b6c5 f1e1 c8c7 a1a4 f8c8 e1e3
1Q6/8/2K5/2N5/2P1B2P/6P1/3k4/8 b - -,d7e5 d3e2 f8d8 f1d1 d6d5 e4d5 e6d5 d2f1 d5c4 f1e3
r1bR4/p7/2p1p3/1p2k1Q1/8/8/PP4p1/2K5 b - -,d7e5 d3e2 f8d8 f1d1 d6d5 e4d5 e6d5 d2f1 d5c4 f1e3
r1r5/pp1q3p/1k2Rpp1/3p2N1/5Q2/8/PP3PPP/6K1 b - -,c8c6 f4d4 b6c7 d4f4 c7c8 e6f6 c6f6 f4f6 b7b6 h2h3
r1b1kb1r/ppp3pp/2p5/q3Pp2/3QnB2/2N2N2/PPP2PPP/2KR3R b kq -,a5c5 d4d8 e8f7 c3e4 f5e4 e5e6 f7e6 h1e1 e6f7 e1e4
8/8/1k6/5K2/8/8/8/2R5 b - -,a5c3 b2c3 c8e6 f3g5 f8c5 d4e4 c5a3 c1b1 f5e4 g5e6
4r1k1/5pp1/8/p6n/2pR2P1/2N2P2/P1K1P3/8 b - -,h5g3 c2d2 g3f1 d2e1 f1e3 e1f2 e8e5 c3e4 e3d5 d4c4
r6k/p2b4/1p3R2/1P1Pp3/4PpBq/7Q/P4r2/2R4K b - -,f2h2 h1h2 h4h3 h2h3 h8g7 f6d6 a8d8 c1c7 d8h8 h3g2
4q2k/6p1/7p/8/8/8/5PPP/1Q2R2K b - -,e8f7 f2f3 h8g8 b1e4 f7d7 e4g6 g8f8 h2h3 d7c8 g6e6
3r1rk1/3qn1b1/1p1pb2p/pPp1p1p1/2P5/P2PRNP1/5PBP/2BQ1RK1 b - -,e6g4 c1b2 f8f7 d1c2 g4h3 f3d2 h3g2 g1g2 d8f8 c2d1
5q1k/8/5NQ1/8/8/8/n7/Kn6 b - -,e6f5 h2h4 g5g4 f3d2 d6d5 d1b3 f5e6 c1b2 e7f5 e3e2
rnbqkb1r/5ppp/p4n2/1p1p4/2p1P3/2N2N2/PPB2PPP/R1BQ1RK1 b kq -,c8b7 e4e5 f6e4 c3e4 d5e4 d1d8 e8d8 f1d1 d8e8 f3g5
r1bR4/p7/2p1p3/1p6/4k3/8/PP4Q1/2K5 b - -,c8b7 e4e5 f6e4 c3e4 d5e4 d1d8 e8d8 f1d1 d8e8 f3g5
7r/p4pkp/2B1p3/2b3B1/4P3/5b2/PPPK1P1P/R7 b - -,h7h6 g5h4 h8c8 c6b5 c8b8 a2a4 f3e4 h4g3 b8b7 a1e1
8/5k2/7R/1b4P1/5K1P/8/8/8 b - -,h7h6 g5h4 h8c8 c6b5 c8b8 a2a4 f3e4 h4g3 b8b7 a1e1
1k6/1p1b2p1/p4p1p/2Pp4/P4P2/4P2P/2BK2P1/8 b - -,
r1b1n1kR/p4rP1/2p2q2/1p2p3/8/2N3p1/PPBQ4/2KR4 b - -,g8g7 d1h1 c8h3 h8h3 g7f8 h3g3 a8d8 d2g2 d8d4 c3e4
2r2r2/1p1nppkp/p2pbnp1/2q5/4P3/PNNB3P/1PP2PP1/R1Q2RK1 b - -,c5b6 b3d2 d7e5 f1e1 c8c7 e1e3 f8c8 a1b1 f6h5 d3f1
8/8/2K5/2N5/2P1B2P/1Q4P1/4k3/8 b - -,c5a7 f1e1 d7e5 b3d2 b7b5 d2f1 d6d5 e4d5 e5d3 c2d3
8/8/R7/4P3/5rk1/8/7K/8 b - -,
r1r3k1/1bqnbpp1/1p1pp2p/pP6/P1PP4/1Q1BPN2/3N2PP/2R1R1K1 b - -,c7d8 e3e4 c8c7 d3b1 a8c8 b3d3 g7g6 d4d5 e6e5 e1f1
rnbqkb1r/5ppp/p4n2/1p6/2p1p3/2N2N2/PPB1QPPP/R1B2RK1 b kq -,c8e6 c3e4 b8c6 e4f6 g7f6 a2a4 d8c8 c2e4 b5b4 c1f4
2r4k/5qp1/4Q2p/1P6/1R6/1p6/5PPP/4R2K b - -,f7e6 e1g1 c8c3 b5b6 e6d6 b4e4 d6b6 g1f1 b3b2 e4e1
r7/1p5r/1k1Kp1p1/p4p2/R7/1PP2PP1/1P3P1P/7R b - -,b6b5 a4d4 e6e5 d4d5 b5b6 d6e5 h7e7 e5f4 e7e2 d5d6
r6k/p2b4/1p3R2/1P1Pp3/4Pp2/7B/P4r2/2R4K b - -,f2f3 h3f5 d7f5 f6f5 f3g3 c1g1 g3h3 h1g2 h3h4 f5e5
2r4k/8/3B4/p2p1p2/q2r4/P7/2PQ1PRP/3KR3 b - -,f2f3 h3f5 d7f5 f6f5 f3g3 c1g1 g3h3 h1g2 h3h4 f5e5
rn1q1rk1/4ppbp/b2p2p1/1BpP4/P3N2P/5N2/1P3PP1/R1BQK2R b KQ -,d8b6 b5a6 b6a6 e4c3 b8d7 c3b5 a8b8 a1a3 d7b6 e1h1
6k1/5pp1/8/p2n4/4N1P1/5P1P/P3PQK1/2q5 b - -,c1d1 g2h2 d1c2 a2a3 c2a2 f2e1 d5e3 a3a4 a2c4 h2g1
8/8/5K2/8/3Q4/8/2p5/2k5 b - -,
r1b1n2R/p4rk1/2p2q2/1p2p3/8/2N3p1/PPBQ4/2K4R b - -,f6f1 h1f1 f7f1 c3d1 g7h8 d2h6 h8g8 c2b3 f1f7 h6g6
r1bR4/p7/2p1p3/1p2k1Q1/8/8/PP6/2K5 b - -,f6f1 h1f1 f7f1 c3d1 g7h8 d2h6 h8g8 c2b3 f1f7 h6g6
8/8/4R3/4P1k1/5r2/6K1/8/8 b - -,
2rq1rk1/pQ3pp1/4p2p/2b5/6n1/2P1B3/PPB2PPP/R3R1K1 b - -,d8h4 h2h3 g4e3 f2e3 c8b8 b7e4 h4e4 c2e4 b8b2 g1f1
6k1/R7/1r4p1/7p/8/4KPPP/8/8 b - -,b6e6 e3f2 e6e5 a7b7 g8f8 b7c7 f8g8 f3f4 e5b5 c7e7
1rb3Q1/2k5/p1p1pN2/1p3B2/8/6p1/PP6/2K5 b - -,e6f5 g8g3 c7b7 f6e8 b7a8 e8c7 a8a7 g3g7 b8b7 g7d4
r2qkb1r/1p3p1p/p1n1bp2/2pp4/3P4/1QN1PNP1/PP3P1P/R3KB1R b KQkq -,f8g7 f1g2 e8h8 e1h1 b7b5 b3c2 c5c4 f3h4 d8d7 b2b3
7r/p5kp/2B1pp2/2b5/4P3/4Bb2/PPPK1P1P/R7 b - -,c5b4 c2c3 h8d8 d2c2 d8c8 c6d7 f3e4 c2b3 c8c7 a1d1
8/8/2K5/2N5/2P1B2P/5QP1/5k2/8 b - -,c5b4 c2c3 h8d8 d2c2 d8c8 c6d7 f3e4 c2b3 c8c7 a1d1
4r1k1/5pp1/8/p7/2R3P1/2N2Pn1/P1K1P3/8 b - -,g3e2 c3b5 e8e5 a2a4 f7f5 c2d3 f5g4 c4g4 g7g5 b5d6
8/p4n1p/4k3/3pb3/1pp4P/4NKP1/PP1R4/8 b - -,e5b2 d2b2 f7e5 f3e2 e5d3 b2d2 a7a5 d2d3 c4d3 e2d3
8/6pk/7p/1P3b2/1R6/1p6/2r2PPP/4R2K b - -,c2b2 b5b6 f5c8 b6b7 c8b7 b4b7 b2f2 b7b3 f2f8 h2h3
8/8/6R1/4P3/4r1k1/8/7K/8 b - -,
2rq1rk1/p4pp1/4p2p/2b5/4Q1n1/2P5/PPB2PPP/R1B1R1K1 b - -,c5f2 g1h1 g4f6 e4e2 f2e1 e2e1 d8b6 a1b1 f6d5 e1e4
r2qr1k1/1pp2ppp/p2b4/3n4/1n2pP2/1N4QP/PP3P2/RBB1K2R b KQ -,e4e3 g3g5 d6f4 g5d8 a8d8 f2e3 f4e3 c1e3 e8e3 e1f2
8/1p5r/rk1Kp1p1/p4p2/RP6/2P2PP1/1P3P1P/7R b - -,b6a7 d6e5 a6b6 a4a5 a7b8 h2h4 h7d7 e5f6 e6e5 f6g5
1r4k1/1rp2p1p/3p4/p4np1/2PP4/5bP1/P4PNP/RNR3K1 b - -,f5d4 b1c3 b7b4 g2e1 f3c6 c4c5 d6c5 g1f1 b8e8 e1c2
rn1qkbnr/ppp3pp/4p3/3pPb2/3P4/6PP/PPP1N3/RNBQKB1R b KQkq -,c7c5 f1g2 b8c6 c2c3 g8e7 e1h1 d8b6 a2a3 c5c4 a3a4
r6r/pp2bk2/2q1pp2/2p1Q1Bp/7P/5R2/P4PP1/3R1K2 b - -,c6f3 g2f3 f6e5 d1d7 h8e8 d7b7 f7f8 g5d2 e8b8 b7c7
r3k2r/ppq1bp2/1np1b2p/3pN1p1/3P1P2/1QNBP1P1/PP4P1/R3K2R b KQkq -,b6d7 e5d7 e6d7 a1c1 c7b6 b3c2 h6h5 e1h1 g5f4 g3f4
8/1p6/7p/8/P1P3p1/k7/P5PP/K7 b - -,
r1b5/p7/2p1p3/1p4Q1/4k3/8/PP6/2KR4 b - -,h6h5 c4c5 a3a4 c5c6 b7c6 a1b2 a4b4 g2g3 b4c4 b2c2
r1bqkb1r/pp1n1ppp/2p2n2/8/4p3/1P4N1/PBPP1PPP/RN1QKB1R b KQkq -,f8d6 d2d3 d7c5 d3e4 c5e4 g3e4 f6e4 f1d3 e4c5 e1h1
5QK1/8/8/8/8/8/8/1k3r2 b - -,
1rbq1rk1/ppp2ppp/2n1p3/3n4/1bNP4/2N1P1P1/PP3PBP/R1BQ1RK1 b - -,d8d7 c1d2 d5c3 b2c3 b4e7 d1f3 b7b5 f3c6 d7c6 g2c6
1nrbr1k1/5ppp/3p4/8/4R3/1N6/1P3PPP/2B1R1K1 b - -,
r1bq1rk1/p4Pbp/1n4p1/1ppP4/5Bn1/2N2N2/PP2B1PP/R2QK2R b KQ -,f8f7 f4g5 g7c3 b2c3 d8d6 e2b5 h7h6 g5h4 b6d5 e1h1
8/8/7k/p2pBp2/2r5/P5R1/5PKP/3q4 b - -,d1c2 g3h3 h6g6 h3g3 c4g4 e5d6 g4g3 g2g3 d5d4 h2h3
rnbqkb1r/4pppp/p4n2/8/1ppPP3/5N2/PPB1NPPP/R1BQK2R b KQkq -,e7e6 f3e5 d8c7 c1f4 f8d6 c2a4 c8d7 e5d7 f6d7 f4d6
8/1p6/p7/P3pk2/1P2b3/4P1p1/4B3/3K4 b - -,e7e6 f3e5 d8c7 c1f4 f8d6 c2a4 c8d7 e5d7 f6d7 f4d6
r2Q1rk1/pp3ppp/4pn2/n1b5/6b1/2N1PNB1/PP2BPPP/R4RK1 b - -,c5b4 d8d3 a8c8 g1h1 a5c6 h2h3 g4f5 d3b5 b4c3 b2c3
8/8/4R3/4P1k1/4r3/5K2/8/8 b - -,
r1bq1rk1/pppp1ppp/3b1n2/1B2p3/3NP3/3P4/PPPN1PPP/R1BQ1RK1 b - -,e5d4 b5c4 d6e7 d2f3 c7c5 f1e1 b7b6 a2a4 d7d6 c1d2
r4rk1/1p3ppp/2n5/3q4/5p2/P1BP1P1P/4R1P1/3QR2K b - -,b7b5 c3b2 b5b4 a3a4 h7h6 e2e4 d5a2 d1c1 a8c8 e4c4
4r1k1/5pp1/8/p7/2R3P1/5P2/P1K1N3/8 b - -,
rn1qkbnr/pp4pp/4p3/2ppPb2/3P4/6PP/PPP1N1B1/RNBQK2R b KQkq -,b8c6 c2c3 h7h5 e1h1 d8b6 b2b4 c5d4 f1f5 e6f5 c3d4
r1b1kbnr/pp3ppp/1qn1p3/3pP3/1p1P4/3B1N2/PBP2PPP/RN1QK2R b KQkq -,c8d7 e1h1 g8h6 b1d2 a7a5 d2b3 h6f5 c2c3 a5a4 b3c5
8/p4n1p/8/2pkb3/1pNp3P/1P3KP1/P3R3/8 b - -,a7a5 e2e1 d4d3 f3e3 e5g3 e1f1 f7h6 h4h5 d3d2 c4a5
2rq1rk1/p4pp1/4p2p/8/4Q1n1/2P5/PPB2bPP/R1B1R2K b - -,g4f6 e4e2 f2e1 e2e1 d8b6 e1e2 f6d5 c3c4 d5b4 c2b3
r1bq1rk1/p4pbp/1n2P1p1/1ppP2B1/6n1/2N2N2/PP2B1PP/R2QK2R b KQ -,g7c3 b2c3 f7f6 h2h3 f6g5 h3g4 b6d5 e6e7 d5e7 d1d8
2r2r2/1p1nppkp/p2p1np1/2q5/4P3/PPNB3P/1P3PP1/R1Q2RK1 b - -,d7e5 c1d2 c5d4 a1d1 e5d3 d2d3 d4d3 d1d3 f6d7 d3d4
8/6pk/1P5p/5b2/1R6/8/1pr2PPP/4R2K b - -,c2f2 b6b7 f2c2 e1g1 c2c8 b7c8r f5c8 b4b2 c8d7 g1e1
r6k/p7/1p5R/1P1Pp3/4Pp2/7b/P4r2/2R4K b - -,
r3n2R/p4rk1/2p2q2/1p2pB2/8/2N3p1/PP1Q4/2K4R b - -,h8g8 h6h3 f2a2 h3h5 a8f8 h5g5 g8h7 c1c7 h7h6 g5e5
6k1/4R3/6p1/7p/1r6/4KPPP/8/8 b - -,g8f8 e7c7 f8g8 g3g4 g8f8 c7d7 b4a4 d7b7 a4c4 b7a7
r1b1kb1r/pp2pppp/2n2n2/2qp4/5B2/1PP1PN2/P4PPP/RN1QKB1R b KQkq -,g7g6 b3b4 c5b6 b4b5 c6a5 f4e5 f8g7 e5d4 b6c7 b1d2
r1bq1rk1/1p1nb1pp/p2N4/3Ppp2/2P5/Q2B4/PP3PPP/R1B2RK1 b - -,b7b5 c4c5 d7c5 a3c5 d8d6 c5d6 e7d6 g2g3 c8d7 c1e3
r4rk1/1p1bq2p/2p1p3/p3Npp1/P1PP4/1P3PP1/7P/R2Q1RK1 b - -,f8d8 f1e1 d7e8 a1a2 d8d6 a2d2 a8d8 c4c5 d6d5 e5c4
4r2k/6pp/1n6/3np3/2p1N3/2P4P/1PB2P1P/r1B1RK2 b - -,d5f4 h3h4 g7g6 e4d6 e8e7 d6e4 e7a7 e4d2 h8g8 d2f3
6k1/5pp1/7p/p3q3/8/1PQ3P1/3P1PKP/8 b - -,e5d5 g2g1 d5f5 d2d3 g7g6 c3c4 h6h5 g1g2 h5h4 g3h4
8/8/p2p2p1/3Pb1k1/R5P1/2p2RP1/2r2P1K/8 b - -,c2b2 h2h3 c3c2 a4c4 e5d4 f3d3 d4f2 d3c3 f2e1 c3c2
8/7r/pk1Kp1p1/5p2/1P6/5PP1/1P3P1P/7R b - -,e6e5 d6e5 h7d7 h2h4 b6b5 e5f6 d7d6 f6g5 b5b4 g3g4
4r1k1/5pp1/5n2/p7/2p2qP1/2NRPP1P/P4QK1/8 b - -,f4h6 d3d4 h6e3 f2e3 e8e3 d4c4 e3d3 c4c8 g8h7 c8c7
8/5R2/4p1p1/4P3/4PPkP/2r5/7K/8 b - -,
2b1rb1k/r4pp1/ppQ1p2q/8/PP2B3/5NP1/5P1P/2R2RK1 b - -,a7e7 c6b6 e6e5 b6h6 g7h6 c1b1 c8b7 f1e1 f7f6 f3h4
1rb5/2k5/p1p2N2/1p6/5Q2/8/PP6/2K5 b - -,c7b7 f6e4 c6c5 e4c5 b7a7 f4d6 c8b7 d6c7 a7a8 c1d2
1r5k/5qp1/1P5p/5b2/1R6/1p6/4QPPP/4R2K b - -,f5g6 e2e3 h8h7 b4b3 b8b7 h2h3 f7d5 b3b2 d5d6 e3e6
r2qkbnr/pp4pp/2n1p3/2ppPb2/3P4/2P3PP/PP2N1B1/RNBQK2R b KQkq -,d8b6 e1h1 h7h5 f1f5 e6f5 a2a3 a8c8 g1h1 g8e7 b2b4
5R2/8/8/4k3/4r3/8/7K/8 b - -,
8/5kp1/3Rp2p/1p1b1p2/P7/1Pb5/5NPP/7K b - -,b5a4 b3a4 f7e7 d6a6 c3d4 f2h3 g7g5 h3g1 d4e3 h2h3
1rbq1rk1/ppp2ppp/2n1p3/3n4/2NP4/2P1P1P1/P4PBP/R1BQ1RK1 b - -,d5b6 c4b6 a7b6 c3c4 b8a8 c1b2 f8e8 d1c2 c6a5 f1d1
r4rk1/1p1bq2p/4p3/p1p1Npp1/P1PP4/1P3PP1/7P/R2QR1K1 b - -,f8e8 a1a2 c5d4 d1d4 d7c6 d4b6 e7d8 b6e3 d8f6 a2e2
1r4k1/1rp2p1p/3p4/p5p1/2Pn4/2N2bP1/P4PNP/R1R3K1 b - -,b7b4 g2e3 c7c6 h2h3 f7f5 e3f1 b4b2 f1h2 f3e2 c4c5
8/4k3/1p6/p4Bpr/8/2B3KP/PP6/8 b - -,h5h4 c3d2 e7f6 f5d3 h4h6 a2a3 f6g7 d2g5 h6d6 d3e2
8/8/4p1R1/4P3/4rP1k/8/7K/8 b - -,
2r5/1k2bp1p/p3bp2/7Q/1P3P2/1P1q1N2/1P4PP/K5R1 b - -,d3b3 h5a5 e7b4 f3d2 b4a5 d2b3 e6b3 f4f5 b7b6 g1b1
r2rb3/pp1nkppp/2p1p3/8/3PP3/1B1N1P2/PP2K1PP/2RR4 b - -,h7h6 h2h4 a7a5 a2a4 f7f6 e2e3 e8f7 c1c3 g7g5 d1h1
6k1/5pp1/8/p7/2R3P1/1K3P2/P3r3/8 b - -,
r1b1n1k1/p4rPR/2p2q2/1p2p3/8/2N3p1/PPBQ4/2K4R b - -,f6g7 h7g7 f7g7 c2b3 g8f8 c3e4 a7a5 h1h8 f8e7 d2h6
2r2rk1/pQ3pp1/4p2p/2b5/6nq/2P1B2P/PPB2PP1/R3R1K1 b - -,g4e3 f2e3 c8b8 b7f3 b8b2 e1e2 g7g6 g1f1 h4c4 c2b3
rnb1kb1r/pp2pppp/5n2/3p4/2PN1B2/4P3/Pq1N1PPP/R2QKB1R b KQkq -,e7e5 a1b1 b2a2 f4e5 b8d7 e5g3 f8c5 d4b5 e8h8 b5c7
8/5R2/4p1p1/4P3/4PPkP/7r/6K1/8 b - -,h3e3 f7f6 e3e2 g2f1 e2e3 f6e6 g4f4 e6g6 f4e5 g6g4
1r5k/1P3qp1/7p/1Q3b2/2R5/1p6/5PPP/4R2K b - -,b8b7 b5a4 h8h7 h2h3 b3b2 c4b4 f7c7 a4a3 b7b4 a3b4
1rb5/2k3Q1/p1p2N2/1p6/5p2/8/PP6/2K5 b - -,c7d8 g7f8 d8c7 f6e8 c7d8 e8d6 d8c7 f8f4 c7b6 f4d4
5R2/8/8/4k3/7r/6K1/8/8 b - -,
2r2r2/1p1nppkp/p2p1np1/8/3qP3/PPN4P/1PB2PP1/R1Q2RK1 b - -,a6a5 f1d1 d4c5 c2d3 d7e5 c1d2 c5b6 d3c2 e5c6 a1c1
4r1k1/5pp1/5n2/p5q1/2pR2P1/2N1PP1P/P4QK1/8 b - -,g5c5 f2d2 e8c8 h3h4 c5a3 h4h5 f6h7 d4d8 c8d8 d2d8
3r2k1/pp4pp/6n1/3n1q2/P4pN1/1P3P2/8/2RQ1RK1 b - -,h7h5 f1f2 h5g4 f3g4 f5g5 f2d2 f4f3 d2d5 g5d5 d1d5
8/7r/4p1p1/k3Kp2/8/5PP1/1P3P1P/7R b - -,a5b4 e5e6 b4c4 h2h4 c4d3 h1e1 f5f4 e6f6 h7h8 f6g5
r2q1k1r/p4ppp/2B1p3/2b5/4PQ2/8/PPPB1P1P/2KR3b b - -,c5d6 f4e3 a8c8 c6b7 c8b8 d2b4 d6b4 d1d8 b8d8 c2c3
5R2/8/8/4k2r/6K1/8/8/8 b - -,
2r3k1/5ppp/3p1b2/2N5/5B2/8/1P2RPPP/6K1 b - -,
8/1p6/7p/p1k3p1/2P5/1P1K4/P5PP/8 b - -,c5c6 d3d4 g5g4 a2a3 c6d6 b3b4 d6c6 d4e5 a5a4 e5d4
5k2/2R5/6p1/7p/5K2/1r3PPP/8/8 b - -,b3a3 g3g4 a3a5 c7b7 a5d5 f4e4 d5a5 b7d7 a5b5 d7a7
r2qk1nr/3p1ppp/2b1p3/1p6/3QP3/P1N5/1PP2PPK/R1B2R2 b kq -,
1rbq1rk1/ppp2ppp/2n1p3/8/2NP4/2nQP1P1/P4PBP/R1B2RK1 b - -,c3b5 a1b1 a7a6 g2c6 b7c6 a2a4 c8b7 a4b5 c6b5 c4a5
1rbk1Q2/8/p1p2N2/1p6/5p2/8/PP6/2K5 b - -,d8c7 f6e8 c7d8 e8d6 d8d7 d6f7 d7c7 f8d8 c7b7 f7d6
2R3k1/1p3pp1/p6p/P2r3P/8/8/1P3PPK/8 b - -,d5d8 c8d8 g8h7 d8f8 f7f5 f8f5 h7g8 f5f4 g7g6 h5g6
2r2rk1/pQ3pp1/4p2p/2b5/7q/2P1P2P/PPB3P1/R3R1K1 b - -,c8b8 b7e4 h4e4 c2e4 b8b2 g1f1 f8d8 e1b1 b2d2 b1e1
2kr3r/ppq1bp2/2p4p/6p1/2QP1P2/2N1P1P1/PP4P1/2KR3R b - -,f7f5 c4e6 c7d7 e6d7 c8d7 h1h5 d8g8 d1h1 g5f4 g3f4
r1b1k2r/pppp1ppp/2n2n2/2b1p1q1/2B1P3/1P3Q2/PBPPNPPP/RN2K2R b KQkq -,c6b4 b1a3 d7d5 h2h4 g5h6 e4d5 e8h8 f3g3 f8e8 f2f3
r3k1nr/3p1ppp/2b1p3/1p6/3QP2q/P1N5/1PP2PP1/R1B2RK1 b kq -,
rn1qk2r/3bbppp/3ppn2/1B4B1/4P3/2N5/PPP1QPPP/2KR3R b kq -,e8h8 b5c4 b8c6 f2f4 d8b6 h2h4 f8b8 c4b3 c6d4 d1d4
5Q2/2p1k1K1/4P3/8/8/8/8/3q4 b - -,
8/8/4p3/4PR2/4P1kP/r7/6K1/8 b - -,e7e6 f8e8 e6f5 e8f7 f5g4 f7c4 g4f3 c4c7 d1d4 g7g6
5k2/2R5/6p1/6Kp/1r6/5PPP/8/8 b - -,b4b6 g3g4 h5g4 f3g4 b6b3 g5g6 b3h3 c7f7 f8g8 f7a7
r1rq2k1/1b1nbpp1/1p1pp2p/pP6/P1PP4/1Q2PN2/3N2PP/1BR1R1K1 b - -,c8c7 e3e4 a8c8 b3d3 g7g6 d3e3 g8g7 e1e2 e6e5 d4d5
5R2/8/8/4k3/8/6K1/8/7r b - -,
r1b1R3/p3kr1R/2p5/1p2p3/4Nq2/6p1/PPBQ4/2K5 b - -,e7e8 e4d6 e8e7 h7f7 f4f7 d6f7 e7f7 d2d8 g3g2 c2b3
r1b1n1kR/p5r1/2p2q2/1p2p3/8/2N3p1/PPBQ4/2K4R b - -,e7e8 e4d6 e8e7 h7f7 f4f7 d6f7 e7f7 d2d8 g3g2 c2b3
3q2k1/5pp1/p6p/1pB1n3/4P3/1P5P/P4PP1/4Q1K1 b - -,d8d3 f2f3 d3c2 c5d4 e5c6 d4c3 b5b4 c3b4 c2a2 e1c3
r5k1/pb2q1n1/2p1p2Q/1p4N1/8/6p1/PPB5/2KR4 b - -,d8d3 f2f3 d3c2 c5d4 e5c6 d4c3 b5b4 c3b4 c2a2 e1c3
r1b1n1k1/p4rPR/2p5/1p2p3/5Q2/2N3p1/PPB5/2K4R b - -,e5f4 h7h8 g8g7 h8e8 c8h3 e8a8 g3g2 h1g1 f4f3 c2e4
8/7r/4p1p1/k1K2p2/8/5PP1/1P3P1P/7R b - -,h7h4 g3h4 a5a6 f3f4 a6b7 c5d6 b7c8 d6e6 c8c7 e6f6
8/2r1pk2/p2p4/Pp1P1P1r/5R2/2P3K1/1P6/4R3 b - -,h5h6 e1e6 h6f6 g3f3 c7c5 f3e4 c5c4 e4e3 c4c5 f4h4
8/4Q1k1/5ppb/4p2p/4P3/6P1/PPq1NPKP/8 b - -,g7h8 e2c3 f6f5 e7f6 h8h7 e4f5 g6f5 f6f7 h6g7 f7h5
1r5k/1P3qp1/7p/1Q3b2/R7/1p6/5PPP/4R2K b - -,
r4b1r/1b1k1ppp/pq2pn2/1p4B1/8/1BN5/PP2QPPP/R2R2K1 b - -,d7e8 a2a4 f8c5 a4b5 a6b5 a1a8 b7a8 g5f6 g7f6 b3d5
rnbqkbnr/ppp2ppp/4p3/3p4/4P3/2NB1N2/PPPP1PPP/R1BQK2R b KQkq -,g7g6 e4d5 e6d5 e1h1 f8g7 f1e1 g8e7 d3e2 d5d4 c3e4
6k1/5pp1/5n2/p5q1/2R3P1/2N1rP1P/P4QK1/8 b - -,e3e7 c4c8 e7e8 c3e4 g5e5 f2c5 e5b2 e4f2 e8c8 c5c8
8/1P4pk/7p/5b2/1R6/8/1p3rPP/4R2K b - -,f5h3 b7b8q f2c2 g2h3 c2c1 b8e5 c1e1 e5e1 h7g6 e1e6
2r2q1k/1P4p1/7p/5b2/3R4/1p6/4QPPP/4R2K b - -,c8b8 e2b5 f5c2 b5b6 h8h7 d4b4 f8f5 h2h3 f5f7 h1h2
r1b2rk1/pp5p/1qn1pb1p/3p4/3P4/2N2N2/PP1QBPPP/3R1RK1 b - -,f6g7 f1e1 g8h8 e2b5 f8f3 g2f3 c6d4 d2e3 e6e5 d1d4
r1b1r1k1/pp2ppbp/2nq2p1/3p4/P2P1n2/2P1BN2/1P1N1PPP/R2QRBK1 b - -,c8f5 d2b3 f4h5 h2h3 h5f6 d1c1 d6d8 e3f4 f6d7 a4a5
3r1rk1/ppp1bppp/2npqn2/1B6/4P3/P1N1QP2/1PPB2PP/R3K2R b KQ -,d6d5 e4d5 e6e3 d2e3 f6d5 c3d5 d8d5 b5c6 b7c6 e1f2
rnbqk2r/pp2bppp/3p1n2/2p5/2B1P3/2PQ1N2/PP3PPP/RNB1K2R b KQkq -,e8h8 e1h1 c8e6 b1a3 e6c4 a3c4 d6d5 e4d5 d8d5 d3d5
5R2/8/8/4k3/8/8/7K/6r1 b - -,
1r4k1/2p2p1p/3p4/p5p1/1rPn4/2N1NbP1/P4P1P/R1R3K1 b - -,c7c6 h2h3 f7f5 e3f1 b4b2 f1h2 f3e2 c4c5 d6d5 c3a4
6k1/5pp1/8/p7/5RP1/1K3P2/P4r2/8 b - -,
r3r1k1/pppqnppp/8/2B5/4R3/2P4P/P2P1PP1/R2Q2K1 b - -,b7b6 c5e3 e7f5 d1a4 c7c6 e4e8 a8e8 a4f4 c6c5 a2a4
2r2r2/1p2ppkp/p2p1np1/2n5/3qP3/PPN4P/1PB2PP1/RQ3RK1 b - -,c5e6 b1e1 h7h5 a1d1 d4e5 e1d2 e5f4 b3b4 h5h4 c2b3
r1b1n2R/p4kr1/2p2q2/1p2p3/8/1BN3p1/PP1Q4/2K4R b - -,h7h5 b1e1 c5e6 a1d1 d4e5 e1d2 e5f4 b3b4 h5h4 c2b3
r1b1R3/p4rk1/2p2q2/1p2p3/8/2N3p1/PPBQ4/2KR4 b - -,c8h3 e8a8 f6f4 d1g1 g3g2 c2e4 f4f1 c3d1 f1c4 e4c2
r1b1n1kR/p4rP1/2p5/1p6/5p2/2N3p1/PPB5/2K4R b - -,g8g7 h8e8 c8h3 e8a8 g3g2 h1g1 f4f3 c2e4 f3f2 g1g2
Q1kr2r1/p4p2/4p3/1p2B3/8/4P2P/7K/2q5 b - -,
2r3k1/2p2ppp/2p1bn2/8/4PB1N/2PP4/6PP/5R1K b - -,c8d8 h4f5 e6f5 e4f5 d8d3 c3c4 f6e4 g2g4 d3d4 f4c7
r1b1n2R/p4rkR/2p5/1p2p3/5q2/2N3p1/PPBQ4/2K5 b - -,g7f6 c3e4 f6e7 h8e8 e7e8 e4d6 e8d8 d6f7 d8e8 f7d6
8/1p6/3k3p/p3p1p1/2P3P1/2K5/PP5P/8 b - -,d6e6 b2b3 e6d6 a2a3 d6c5 b3b4 c5c6 c3d3 c6d6 d3e3
8/8/8/1k1p4/8/8/8/2K5 b - -,
6k1/4Q3/5ppb/4p2p/4P3/2N3P1/PPq2PKP/8 b - -,g8h8 e7f7 h6e3 f7f6 h8h7 c3d5 c2e4 f6f3 e4f3 g2f3
r3r1k1/pppqBppp/8/8/4R3/2P4P/P2P1PP1/R2Q2K1 b - -,a8d8 d1e1 d8a8 e1e2 h7h6 a1e1 a7a5 d2d4 a8a6 e4e3
r3rbk1/1bp2ppp/p2q1n2/np4B1/3Np3/2PPN3/PPB2PPP/R2QR1K1 b - -,g7g6 d3e4 f6e4 g5h4 a5c4 e3c4 b5c4 d1e2 d6f4 h4g3
1Q4k1/1p3pp1/p7/8/3P4/1P4KP/q7/8 b - -,
rn2kbnr/pp3ppp/2p5/q3pb2/4N3/3P1N2/PPPB1PPP/R2QKB1R b KQkq -,a5c7 d1e2 b8d7 e1a1 e8a8 e4g5 f5g6 f3h4 d7c5 g2g3
1rbk1Q2/8/p1pN4/1p6/5p2/8/PP6/2K5 b - -,d8c7 f8f4 c7b6 f4d4 c6c5 d4h8 b6c7 h8e5 c7b6 e5e8
4R3/8/6r1/4k3/8/8/7K/8 b - -,
r1b1R3/p3k1r1/2p2q2/1p2p3/8/1BN3p1/PP1Q4/2K4R b - -,e5d5 e8b8 g6h6 h2g2 d5c5 b8c8 c5d6 c8a8 h6h5 a8a6
r1b1R3/p4rk1/2p5/1p6/5p2/2N3p1/PPB5/2K4R b - -,c8g4 h1h7 g7f6 h7h6 f6g5 h6g6 g5h4 e8a8 g3g2 a8h8
rn1qk2r/3bbppp/p2ppn2/1p4B1/3NP3/1BN5/PPP1QPPP/2KR3R b kq -,b5b4 c3b1 h7h6 g5h4 e8h8 f2f4 a6a5 e4e5 d6e5 f4e5
4r1k1/5pp1/8/p7/6P1/2N1QP1P/P3P1K1/8 b - -,e8e6 e3a7 f7f6 a7a5 e6e3 h3h4 g8h8 a5h5 h8g8 h5c5
8/4k1p1/R3p2p/3b1p2/P7/2b5/5NPP/7K b - -,c3d4 f2h3 g7g5 h3g1 d4e3 a6a5 g5g4 h2h3 h6h5 a5b5
r3kbnr/pp4pp/1qn1p3/2ppPb2/3P4/2P3PP/PP2N1B1/RNBQ1RK1 b kq -,h7h5 b2b4 c5b4 c3b4 g7g6 b1c3 f8b4 c3a4 b6a5 c1e3
1r3rk1/p1Q2pp1/4p2p/2b5/7q/2P1P2P/PPB3P1/R3R1K1 b - -,b8b2 c7c5 b2c2 g1h2 h4e4 e1g1 f8b8 c5d4 e4a8 a1d1
5rk1/1p3ppp/2n5/3q4/5p2/r2P1P1P/1B2R1P1/3QR2K b - -,a3d3 d1c1 h7h6 c1f4 d3d1 f4g3 d5g5 g3f2 f8d8 e2e8
8/1Q3ppk/p7/8/3P4/1P4KP/q7/8 b - -,
1k1r1bnr/p2bqppp/Bp1p4/2pQ4/4P3/2N5/PPP2PPP/R1B2RK1 b - -,d7e8 a2a4 g8f6 d5b3 f6e4 c3d5 e7d7 f1e1 f7f5 f2f3
r2qk1nr/3p1ppp/2bQp3/1p6/4P3/P1N5/1PP2PPK/R1B2R2 b kq -,
3R4/8/6r1/3k4/8/8/7K/8 b - -,
r1bQ1qk1/p7/2p1pn2/1p6/4N3/6R1/PPB5/2K5 b - -,d5e5 d8h8 e5e4 h8h4 e4f3 h4h3 f3f4 h3h5 f4g4 h5b5
2rq1rk1/1p1nbpp1/p2pbn1p/P3p3/4P1P1/2N1B2P/1PPQNPB1/R3K2R b KQ -,c8c4 e1h1 f6e8 b2b3 c4c8 e2g3 e7g5 g3f5 g5e3 f5e3
6k1/8/5Qp1/4p2p/4P3/2N1b1P1/PPq2PKP/8 b - -,h5h4 f6g6 g8f8 g6f5 f8e8 f5h5 e8d7 h5d1 c2d1 c3d1
1r3q1k/1P4p1/7p/1Q3b2/3R4/1p6/5PPP/4R2K b - -,f5c2 b5b6 h8h7 d4b4 f8f5 h2h3 f5d7 h1g1 h7h8 g1h2
r2qkbnr/pp1b1ppp/2npp3/2p3N1/2B1P3/3P1Q2/PPP2PPP/RNB1K2R b KQkq -,g8f6 f3e3 d8c7 g5f3 e8a8 e3f4 f8e7 b1c3 h7h6 h2h3
8/1P4pk/7p/5b2/8/8/5rPP/1R2R2K b - -,f5g6 b7b8q f2f7 b8c8 f7f6 b1b8 g6f7 c8d8 f6f4 d8d6
r4rk1/pp2Qppp/1q2Bn2/5pB1/8/2P5/PP3PPP/R2R2K1 b - -,f7e6 g5f6 f8f6 d1d7 f6g6 e7f7 g8h8 a1d1 e6e5 d7b7
8/1pR2ppk/p6p/P6r/8/6K1/1P3PP1/8 b - -,h5g5 g3h3 g5b5 c7f7 b5b2 f2f3 h7g6 f7d7 b2b5 g2g3
r2rb3/pp2kppp/1np1p3/N7/3PP3/1B3P2/PP2K1PP/2RR4 b - -,d8b8 e2e3 e7d6 g2g4 d6c7 h2h4 b8d8 b3c4 a8c8 b2b4
r1b1n2R/p4r1R/2p2k2/1p2p3/4Nq2/6p1/PPBQ4/2K5 b - -,f6g6 e4g3 f7f5 d2f4 e5f4 h7h6 g6f7 h8h7 e8g7 g3f5
r1bqkbnr/pp2pppp/2n5/4N3/Q1p1PN2/2Pp4/PP1P1PPP/R1B1KB1R b KQkq -,d8a5 a4a5 c6a5 b2b4 c4b3 f1d3 g8h6 d3b5 e8d8 d2d4
r1bq1rk1/p5bp/1n2Ppp1/1ppP4/5Bn1/2N2N2/PP2B1PP/R2QK2R b KQ -,g6g5 h2h3 b5b4 h3g4 b4c3 d1d3 f6f5 f3g5 d8d5 d3h3
r3n2R/p4rk1/2p2q2/1p2p3/8/2N3pR/PPBQ4/2K5 b - -,f6f1 c3d1 f1f4 d1e3 e5e4 h3h7 g7g6 h7f7 f4f7 c2e4
r1b1k2R/p5r1/2p2q2/1p2p3/8/1BN3p1/PP1Q4/2K5 b - -,f6f1 c3d1 f1f4 d1e3 e5e4 h3h7 g7g6 h7f7 f4f7 c2e4
rn1qk2r/p2b1ppp/3Npn2/2pP4/QpP5/8/PP2PPPP/R3KBNR b KQkq -,e8e7 a4b3 e7d6 e2e4 e6e5 b3e3 f6g4 e3d2 h8e8 f1e2
r1b1n1k1/p4rPR/2p2q2/1p2p3/4N3/6p1/PPBQ4/2KR4 b - -,f6g7 h7g7 e8g7 d2d8 f7f8 e4f6 g8f7 d8c7 f7f6 c7d6
r3kbnr/pp4p1/1qn1p3/2ppPR1p/3P4/2P3PP/PP2N1B1/RNBQ2K1 b kq -,e6f5 h3h4 g8h6 a2a4 h6g4 e2f4 a8d8 a4a5 c6a5 f4d5
2r2r2/1p2ppkp/p2p1np1/2n1q3/1P2P3/P1N4P/1PB2PP1/RQ3RK1 b - -,c5e6 b1d1 e5g5 g2g3 h7h5 h3h4 g5g4 d1g4 h5g4 g1g2
8/8/1p1k3p/p3p1p1/2P3P1/1PK5/P6P/8 b - -,a5a4 b3b4 d6c6 a2a3 c6d7 c3d3 d7c6 d3e4 c6d6 e4f5
R7/p4rk1/2p5/1p6/5p2/2N3pb/PPB5/2K4R b - -,h3d7 h1h7 g7f6 h7f7 f6f7 a8a7 b5b4 c3e2 b4b3 c2b3
1rb5/2k5/p1pN4/1p6/5Q2/8/PP6/2K5 b - -,c7b6 f4d4 c6c5 d4h8 b6c7 h8e5 c7b6 e5e8 b6c7 e8e7
1r4k1/5p1p/2pp4/p5p1/1rPn4/2N1NbP1/P4P1P/R3R1K1 b - -,f7f5 a1c1 g8f7 g1f1 b4b2 c4c5 d6d5 e3g2 f3e4 e1d1
2Q4k/5qp1/7p/5b2/3R4/5Q2/1p3PPP/4R2K b - -,h7h5 g1f1 g8g7 a1b1 f7f5 b1c1 g7f7 e3g2 b4b2 c4c5
3r2k1/rp4pp/1Nbp4/1B2np2/PPP5/2K2P2/6PP/R6R b - -,g7g5 a1d1 g8f7 d1d2 g5g4 f3f4 e5g6 h1d1 g6f4 d2f2
3q2k1/5pp1/p6p/1pB5/4P3/1P3P1P/P4P2/4Q1K1 b - -,d8c8 c5d6 c8h3 d6g3 g8h7 e1d2 h3e6 g1g2 h6h5 d2g5
3r2k1/1pp2p1p/4bQ2/1q2p3/r3P2N/3p1P2/2P3PP/4RR1K b - -,d8d7 f6g5 g8f8 c2d3 b5d3 g5e5 d3d4 e5h5 d4f6 f3f4
r3kbnr/pp1bqppp/2npp3/2p3N1/2B1P3/3P1Q2/PPP2PPP/RNB2RK1 b kq -,h7h6 g5h3 g7g5 f3d1 e8a8 b1c3 g8f6 g1h1 f8g7 a1b1
r1b1n1kR/p4rP1/2p5/1p2p3/5q2/2N3p1/PPBQ4/2K4R b - -,g8g7 h1h7 g7f6 c3e4 f6e7 h8e8 e7e8 e4d6 e8e7 h7f7
8/7r/k3p1p1/2K2p2/1P6/5PP1/5P1P/7R b - -,a6b7 c5d6 f5f4 h2h4 h7c7 d6e6 c7c3 g3g4 c3f3 e6f6
8/1p3Rpk/p6p/Pr6/8/6K1/1P3PP1/8 b - -,b5b3 f2f3 b3b2 f7d7 h7g6 g3h3 g6f6 g2g3 b2b4 f3f4
5R2/6k1/7p/6b1/4n1N1/P1N1p2P/KPP5/8 b - -,e4c3 a2b3 g7f8 g4e3 c3e4 b3c4 e4f2 e3d5 f8e8 a3a4
r3kbnr/pp4p1/1qn5/2ppPp1p/3P4/P1P3PP/1P2N1B1/RNBQ2K1 b kq -,g8e7 b2b4 c5d4 c3d4 a8c8 g1h1 c6d4 c1e3 d4e2 e3b6
r1b2rk1/3p1p1p/p3pp2/np2q3/4P3/2N2B2/PPPQ2PP/3R1R1K b - -,a5c4 d2c1 e5g5 e4e5 g5c1 d1c1 a8a7 e5f6 c4b2 c3e4
6k1/5p2/8/p4Rp1/6P1/1K3P2/P4r2/8 b - -,
rn1qk2r/3bbppp/p2ppn2/6B1/1p1NP3/1B6/PPP1QPPP/1NKR3R b kq -,h7h6 h2h4 a6a5 a2a4 b4a3 b1a3 b8c6 g5f6 e7f6 d4b5
r3k2r/pp3pp1/1n1p1qp1/4n3/8/1BP2P2/PP1NQKPP/R6R b kq -,e8a8 a1e1 h8e8 d2e4 f6f5 c3c4 c8b8 h1f1 e5c4 b3c4
8/1p6/p7/PP2pk2/8/4P1p1/4B1b1/3K4 b - -,a6b5 e2h5 b5b4 h5f7 f5g4 d1e1 g2e4 e1f1 g4f3 f1g1
r2qkb1r/5p1p/p1n1bp2/1p1p4/2pP4/2N1PNP1/PP3PBP/R2QK2R b KQkq -,c6e7 e1h1 f8g7 f3h4 e8h8 d1h5 d8d7 g2f3 b5b4 c3e2
8/1k5r/4p1p1/1PK2p2/8/5PP1/5P1P/7R b - -,h7c7 c5d6 f5f4 d6e6 c7c3 e6f7 c3f3 f7g6 f3f2 g3g4
r1bq1rk1/p5bp/1n2Ppp1/1NpP4/1p3Bn1/5N2/PP2B1PP/R2QK2R b KQ -,f8e8 e1h1 g7h6 f4h6 g4h6 d5d6 e8e6 b5c7 e6d6 d1b3
8/1P4pk/7p/8/8/8/5rPP/1R5K b - -,f2f8 b7b8q f8b8 b1b8 h7g6 b8b7 g6f6 h2h4 g7g6 b7b6
1k6/2p1r1p1/pp6/7P/P1QB4/KP2r1N1/6R1/1q6 b - -,e3f3 a4a5 b1d3 c4d3 f3d3 a5b6 d3d4 g3f5 d4e4 f5e7
r2qr1k1/1pp2ppp/p7/3n4/1n2pbQ1/1N5P/PP3P2/RBB1K2R b KQ -,f4c1 b3c1 b4d3 b1d3 e4d3 e1d1 d5f6 g4f4 d8d5 h1g1
4rnk1/5pp1/8/p1Q5/2p1NqP1/5P1P/P3P1K1/3R4 b - -,f4b8 c5c4 f8g6 c4b3 b8e5 b3c3 g6f4 g2f1 e5e6 c3e3
8/4k1p1/R3p2p/3b1p2/P2b4/7N/6PP/7K b - -,d4e3 h3g1 g7g5 h2h3 h6h5 a6a5 g5g4 a5b5 e7d6 a4a5
6k1/pp4pp/6n1/5Q2/P4p2/1P2NP2/8/5RK1 b - -,d4e3 h3g1 g7g5 h2h3 h6h5 a6a5 g5g4 a5b5 e7d6 a4a5
2b4k/5qp1/7p/8/8/5Q2/1p3PPP/3RR2K b - -,f7c4 d1b1 c8g4 f3a8 h8h7 b1b2 g4e6 b2b8 e6g8 b8f8
6k1/5pp1/p6p/1pB3q1/4P3/1P3P1P/P4P1K/4Q3 b - -,g5c5 e1d2 c5b6 e4e5 b6c5 f3f4 c5c8 d2d3 g7g6 h2g3
r5k1/pppqrppp/8/8/4R3/2P2Q1P/P2P1PP1/R5K1 b - -,e7e8 e4e8 a8e8 f3b7 d7d2 b7c7 g7g6 c7a7 d2c3 a1d1
r2qkb1r/5p1p/p1n1bp2/3p4/1ppP4/4PNP1/PP2NPBP/R2QK2R b KQkq -,a8c8 f3d2 f8d6 d2c4 d5c4 g2c6 c8c6 d4d5 d6e5 d5c6
R7/p4rk1/2p5/1p6/4B3/2N2p1b/PP4p1/2K3R1 b - -,f3f2 g1g2 h3g2 e4g2 f2f1r g2f1 f7f1 c1c2 g7f7 c2b3
r2qkb1r/pp2nppp/8/3pnb2/3N1B2/2N5/PP2BPPP/R2QK2R b KQkq -,f7f6 d4f5 e7f5 d1a4 e8f7 e1a1 a8c8 c1b1 f5e7 f4e5
1k6/7r/1P2p1p1/2K2p2/8/5PP1/5P1P/7R b - -,b8c8 c5d6 h7b7 d6e6 b7b6 e6f7 g6g5 h2h4 b6b7 f7g6
r1b1k1nr/pppp1ppp/2n2q2/2b5/3NP3/4B3/PPP1NPPP/R2QKB1R b KQkq -,c6d4 e3d4 c5d4 d1d4 d7d6 e1a1 f6d4 e2d4 c8d7 d4b5
r3n2R/p4rk1/2p5/1p2p3/8/6pR/PPBQ4/2KN1q2 b - -,g7f6 h8e8 f1f4 h3h6 f6g5 h6g6 g5h4 d2f4 e5f4 e8a8
r1bqk2r/ppp2ppp/2p2n2/2b5/4P3/2NP4/PPP1BPPP/R1BQ1RK1 b kq -,h7h5 c1g5 d8d6 d1d2 c5d4 g5f4 d6e7 h2h3 c8e6 f4e3
1r3q1k/1P4p1/1Q5p/8/3R4/1p6/2b2PPP/4R2K b - -,h8h7 d4b4 f8f5 h2h3 b3b2 f2f3 b2b1b b4b1 c2b1 b6b1
5r1k/1pp3pp/p1nb4/8/6Qq/4R2P/PPP2PP1/RN4K1 b - -,h8h7 d4b4 f8f5 h2h3 b3b2 f2f3 b2b1b b4b1 c2b1 b6b1
5R2/6k1/7p/6b1/6N1/P1P1p2P/K1P5/8 b - -,
r1b1k1R1/p7/2p2q2/1p2p3/8/1BN3p1/PP1Q4/2K5 b - -,g7f8 g4h2 f8e7 h2f3 e3e2 a2b3 e7d6 b3c4 g5h4 c4d3
R7/p4rk1/2p5/1p6/4B3/2N4b/PP3pR1/2K5 b - -,h3g4 g2g4 g7f6 e4d3 f6e5 d3f1 f7d7 c3e4 e5e6 e4f2
8/8/1p5p/p5p1/2P3P1/kP6/P6P/1K6 b - -,b6b5 c4b5 a3b4 b5b6 b4c3 b6b7 c3d3 b7b8q d3e4 b1c2
2r2r2/1p2ppkp/p2pnnp1/4q3/1P2P3/P1N2P1P/1PB3P1/RQ3RK1 b - -,e6f4 f1f2 h7h5 b1e1 h5h4 a1d1 f6h5 f2d2 e5g5 g1h2
rn1qkbnr/p2bpppp/2p5/1P2N3/2pP4/8/1P2PPPP/RNBQKB1R b KQkq -,e7e6 e2e3 g8f6 d1f3 d8c7 f1c4 f8d6 e5d7 c7d7 b1c3
5rk1/p4pp1/4p2p/2Q5/4P2q/2P4P/P1r3P1/R3R1K1 b - -,e7e6 e2e3 g8f6 d1f3 d8c7 f1c4 f8d6 e5d7 c7d7 b1c3
r1bBk2r/1pp2p2/p2p4/2b1p3/3nPpnQ/3P3K/PP4BP/R5NR b kq -,e7e6 e2e3 g8f6 d1f3 d8c7 f1c4 f8d6 e5d7 c7d7 b1c3
r1b1n1k1/p4rPR/2p2q2/1p2p3/8/2N3p1/PPB5/2KRQ3 b - -,f6f4 c1b1 c8f5 h7h8 g8g7 h8h5 f5c2 b1c2 e8f6 e1e5
rnbqk2r/pp1pppb1/5npp/2p5/3P1B2/4PN2/PPP2PPP/RNQ1KB1R b KQkq -,b8c6 c2c3 d7d6 d4c5 d6c5 h2h3 e8h8 f1e2 f8e8 e1h1
8/1k5r/1P2p1p1/2K2p2/8/5PP1/5P1P/R7 b - -,h7h5 a1a7 b7b8 c5c6 e6e5 a7b7 b8a8 b7g7 h5h8 c6c7
7k/5qp1/7p/5b2/8/5Q2/1p3PPP/1R2R2K b - -,f7g6 b1b2 h8h7 b2b8 g6f6 b8b7 h7g6 f3g3 f6g5 g3c7
r2qnrk1/1bp3bp/np1p4/2PPp1p1/1P2Pp2/B1NB1N2/2Q2PPP/R4RK1 b - -,b6c5 b4c5 g5g4 f3d2 a6c5 a3c5 a8a1 f1a1 d6c5 a1b1
8/1p6/8/PB2pk2/8/4P1p1/6b1/3K4 b - -,f5g4 d1e1 g4h3 b5e2 g2e4 e2f1 h3h2 e1d2 e4f5 d2c3
2r4k/5qp1/1P5p/8/1R6/1p6/2b1QPPP/4R2K b - -,h8g8 b6b7 c8b8 e2e7 f7f2 h2h3 c2f5 e7e3 f2e3 e1e3
8/1p1R2pk/p6p/P7/8/6K1/1r3PP1/8 b - -,b2b3 g3g4 b3b2 g4g3 h7g6 g3h3 g6f6 g2g3 b2b5 h3h4
rn1qkbnr/p2bpppp/8/1p2N3/2pP4/1P6/4PPPP/RNBQKB1R b KQkq -,g8f6 g2g3 e7e6 f1g2 f8b4 c1d2 b4d2 b1d2 f6d5 b3c4
r1b1k3/p4r1R/2pN4/1p2p3/5q2/6p1/PPBQ4/2K5 b - -,e8f8 h7f7 f4f7 d6f7 f8f7 d2d8 g3g2 c2b3 f7g6 d8g8
3r1k2/4pp1R/p1Pn1b2/1p1P1P2/5qB1/P7/6PP/2RQ3K b - -,d6e4 c1c2 f8g8 d1f3 e4f2 c2f2 f4f3 g4f3 g8h7 g2g4
r3kb1r/pp2n1p1/1qn5/2ppPp1p/3P4/P1P3PP/1P2N1B1/RNBQ3K b kq -,a8c8 b2b4 c5d4 c3d4 c6d4 c1e3 d4e2 e3b6 c8c1 d1c1
r1bqkb1r/pp2pppp/2N2n2/8/Q1p1PN2/2Pp4/PP1P1PPP/R1B1KB1R b KQkq -,d8d6 c6e5 f6d7 e5c4 d6f4 f1d3 e7e5 e1h1 f8e7 d3e2
r1b1kR2/p7/2p5/1p2p3/8/1BN3p1/PP1Q4/2K5 b - -,d8d6 c6e5 f6d7 e5c4 d6f4 f1d3 e7e5 e1h1 f8e7 d3e2
5r1k/1pp3pp/p1nb4/8/6Q1/4R2P/PPP2qP1/RN5K b - -,d8d6 c6e5 f6d7 e5c4 d6f4 f1d3 e7e5 e1h1 f8e7 d3e2
6k1/pp2n1pp/8/5Q2/P4p2/1P2NP2/8/3R2K1 b - -,e7f5 e3f5 g7g6 f5d6 g8f8 d6b7 g6g5 a4a5 f8e7 b7c5
r3k3/pb4q1/2p1Q3/1p4N1/8/6p1/PPB5/2KR4 b - -,e7f5 e3f5 g7g6 f5d6 g8f8 d6b7 g6g5 a4a5 f8e7 b7c5
8/2p2ppp/8/1Ppk4/P7/2K2PP1/7P/8 b - -,c5c4 a4a5 d5c5 a5a6 c5b6 c3c4 c7c6 b5c6 b6c6 f3f4
1r4k1/1pq2pp1/p1p4p/P2B3P/6R1/1Q6/1P3PP1/6K1 b - -,c7e7 b3c3 e7f8 d5f3 b8d8 g2g3 d8d6 g1g2 d6d8 g4d4
r1b1kb1r/1p1n1pp1/1qn1p2p/p2pP3/3P4/3B1N1P/PP1N1PP1/R1BQR1K1 b kq -,a8b8 a2a3 c6d4 f3d4 b6d4 d2b3 d4h4 b3a5 f8c5 c1e3
R7/p4rk1/2p5/1p6/8/2N5/PP3pB1/2K5 b - -,f2f1b g2f1 f7f1 c1c2 g7f7 c2b3 f7e6 a8a7 e6d6 b3b4
r3n2R/p4rkR/2p5/1p2p3/5q2/6p1/PPBQ4/2KN4 b - -,g7f6 h7f7 f6f7 d1e3 f7e7 h8h7 e7f8 c1b1 g3g2 d2g2
r1bq1rk1/p1B3bp/4Ppp1/1Npn4/1p4n1/5N2/PP2B1PP/R2QK2R b KQ -,d5c7 d1d8 f8d8 b5c7 c8b7 e6e7 d8e8 e2c4 g8h8 e1h1
r7/p5k1/1p6/1P1Pp3/4Pp2/7R/P4r2/2R4K b - -,
r1bqk2r/pp1pppbp/2n2np1/8/3N1B2/6P1/PPP1PPBP/RN1Q1RK1 b kq -,e8h8 b1c3 d7d5 d4c6 b7c6 c3a4 f6g4 c2c4 e7e5 f4d2
rnb1k2r/pp1p1pp1/4pq1p/2p5/1bPP4/2N1PQ2/PP3PPP/R3KBNR b KQkq -,c5d4 f3f6 g7f6 e3d4 b4c3 b2c3 b7b6 g1f3 h6h5 f3d2
2r3k1/2pn1ppp/2p1b3/5N2/4P3/3PB3/2P3PP/5R1K b - -,g8f8 f5d4 f8e8 d4c6 c8a8 h1g1 a8a6 c6d4 c7c5 d4b5
rn1qk2r/3bbpp1/p2ppn1p/8/1p1NP3/1B2B3/PPP1QPPP/1NKR3R b kq -,a6a5 b1d2 a5a4 b3c4 b8c6 f2f4 e8h8 c1b1 a4a3 b2b3
8/4k3/R3p2p/3b1pp1/P2b4/8/6PP/6NK b - -,d4e3 h2h3 h6h5 a6a5 g5g4 a5b5 f5f4 a4a5 e7d7 a5a6
r1bq1rk1/4b1pp/p2N4/1pQPpp2/8/3B4/PP3PPP/R1B2RK1 b - -,e7d6 c5c6 a8a7 c1g5 d8c7 a1c1 e5e4 c6c7 a7c7 c1c7
6k1/5p2/8/5Rp1/p5P1/K4P2/P4r2/8 b - -,
4k2R/8/3K4/8/3P4/8/8/2r5 b - -,e8f7 d6d7 c1a1 h8h4 a1a7 d7c6 a7a6 c6b5 a6d6 h4e4
r1bQ1k2/p7/2p5/1p2p3/8/1BN3p1/PP6/2K5 b - -,e8f7 d6d7 c1a1 h8h4 a1a7 d7c6 a7a6 c6b5 a6d6 h4e4
7r/Rk6/1P2p1p1/2K2p2/8/5PP1/5P1P/8 b - -,b7b8 a7g7 f5f4 g7g6 b8b7 h2h4 h8c8 c5d6 c8c6 d6e5
r1b2q2/p4k2/2p1pQ2/1p6/4N3/6R1/PPB5/2K5 b - -,b7b8 a7g7 f5f4 g7g6 b8b7 h2h4 h8c8 c5d6 c8c6 d6e5
r1b1k2r/ppp1b1pp/2p5/q3Pp2/3QnB2/2N2N2/PPP2PPP/1K1R3R b kq -,c8e6 a2a3 e7c5 d4d3 e4f2 d3d2 h7h6 h1e1 f2d1 e1d1
r3r1k1/pp3ppp/2pb4/4qb2/PPP1p3/1Q2P1PP/1B2BP2/R3R1K1 b - -,e5e6 b3c3 d6f8 h3h4 f5g4 a1d1 a8d8 d1d4 d8d4 c3d4
r3kb1r/pbpq1ppp/1nn1p3/1N2P3/2pP3P/4BN2/PP2BPP1/R2Q1K1R b kq -,f8b4 a2a3 b4a5 b5c3 c6e7 h4h5 e7f5 h1h3 h7h6 f3h4
1r3q2/1P4pk/1Q5p/8/1R6/1p6/2b2PPP/4R2K b - -,f8f5 h2h3 b3b2 f2f3 b2b1r b4b1 c2b1 b6b1 f5b1 e1b1
r4k2/pb4q1/2p1Q3/1p4N1/8/6p1/PPB5/2K2R2 b - -,f8f5 h2h3 b3b2 f2f3 b2b1r b4b1 c2b1 b6b1 f5b1 e1b1
R7/p4rk1/2p5/1p6/8/2N5/PP6/2K2B2 b - -,f7f3 f1e2 f3f7 a8e8 f7f4 e8e3 f4h4 c3d1 g7f8 c1c2
2q1r1k1/1p3p1p/2n2Qp1/1pP2P2/r4p2/1N6/PP5P/3R1KR1 b - -,f4f3 g1g5 a4f4 d1d2 c6e7 f6d6 f4f5 g5g3 f3f2 d6d3
b2r2k1/p5p1/1p4rp/2pqPR2/3P4/1P4P1/PB2Q2P/3R2K1 b - -,d5h1 g1f2 h1h2 f2e1 h2h3 f5f2 g6g3 e1d2 a8f3 e2c4
r1bk4/p4N1R/2p5/1p2p3/5q2/6p1/PPBQ4/2K5 b - -,d8e8 f7d6 e8f8 h7f7 f4f7 d6f7 f8f7 d2g5 g3g2 g5g2
5k2/8/7p/6b1/8/P1P1p2P/K1P4N/8 b - -,
r1b1R3/p4rk1/2p5/1p2p3/5Q2/2N3p1/PPB5/2KR4 b - -,e5f4 d1d8 g3g2 e8g8 g7f6 c3e4 f6e5 g8g2 f4f3 g2g5
8/5qpk/3R3p/5b2/8/5Q2/1p3PPP/4R2K b - -,h7g8 d6d8 g8h7 d8b8 f7g6 b8b2 f5d7 f3f8 g6c6 b2b8
2r2r2/1p2ppkp/p2p1np1/4q3/1P1nP3/P1N2P1P/1PB3P1/R2Q1RK1 b - -,f6h5 d1d2 h5f4 g1h1 c8c4 a1d1 e5g5 f1f2 d4c2 d2c2
3r2k1/5p2/5bp1/2p4p/5B2/7P/1PR1KPP1/8 b - -,
r3n2R/p4rkR/2p5/1p2p3/5q2/2N3p1/PPBQ4/2K5 b - -,g7f6 c3e4 f6e7 h7f7 e7f7 e4g5 f7e7 h8h7 e7f6 h7f7
rnbq1b1r/ppp2kpp/3p4/8/3Pn3/8/PPPB1PPP/RN1QKB1R b KQ -,e4d2 b1d2 d8e7 f1e2 g7g6 e1h1 f8h6 f1e1 f7g7 d4d5
r1bk1bnr/ppp2ppp/8/4n3/4pN2/8/PPP1BPPP/RNB1K2R b KQ -,f7f5 c1e3 g8f6 b1c3 c7c6 e1a1 d8c7 d1d2 f8e7 h1d1
2r5/1k3p1p/p4p2/7Q/1b2qP2/1bR2N1P/1P1K2P1/6R1 b - -,f7f5 c1e3 g8f6 b1c3 c7c6 e1a1 d8c7 d1d2 f8e7 h1d1
8/4k3/7p/6b1/8/P1P1pN1P/K1P5/8 b - -,
R7/p5k1/2p5/1p6/8/2N5/PPK5/5r2 b - -,f1f2 c2b3 f2f7 b3b4 g7g6 a8c8 f7f4 b4a5 f4c4 c8a8
r3n2R/p4R2/2p2k2/1p2p3/5q2/6p1/PPBQ4/2KN4 b - -,f6f7 d1e3 f7e7 h8h7 e7f8 c1b1 g3g2 d2g2 f4e3 a2a3
r1b2rk1/3p1p1p/p3pp1Q/1p2q3/2n1P3/2N2B2/PPP3PP/3R1R1K b - -,e5g5 h6g5 f6g5 e4e5 a8a7 d1e1 c4b2 c3e4 b2c4 e4g5
1k5r/R7/1PK1p1p1/5p2/8/5PP1/5P1P/8 b - -,h8h2 a7g7 h2h8 f3f4 b8a8 c6c7 h8b8 g7g6 b8b7 c7c6
5r1k/1pp3pp/p1nb4/8/6Qq/4P2P/PPP3P1/RN2R1K1 b - -,h8h2 a7g7 h2h8 f3f4 b8a8 c6c7 h8b8 g7g6 b8b7 c7c6
8/4k3/7p/6b1/8/PKP2N1P/2P1p3/8 b - -,
r2qr1k1/1pp2ppp/p7/3n4/1n3bQ1/PN2p2P/1P3P2/RBB1K2R b KQ -,e3f2 e1f2 d8f6 h1d1 f4c1 f2g1 d5e3 g4g3 e3d1 b1h7
8/2p2ppp/3k4/1Pp5/8/P1K2PP1/3R3P/1r6 b - -,d6e6 a3a4 b1b4 d2e2 e6d6 e2e4 b4b1 e4f4 f7f6 h2h4
r4rk1/pp2Qppp/4qB2/5p2/8/2P5/PP3PPP/R2R2K1 b - -,e6c6 f6d4 f8e8 e7g5 g7g6 g5f6 c6f6 d4f6 e8e2 c3c4
8/p6p/2N1k3/2ppn3/7P/6P1/P3R1K1/b7 b - -,c5c4 g3g4 a7a6 c6e5 a1e5 g2f3 a6a5 e2e1 d5d4 f3e4
r5k1/2pn1ppp/2p5/5R2/4P3/3PB3/2P3PP/6K1 b - -,h7h6 g1f1 a8a2 f5f2 c6c5 e3f4 c7c6 f2e2 d7f8 f4d6
rnbq1rk1/ppp1nppp/8/2Pp4/8/3B1N2/PP3PPP/RNBQK2R b KQ -,b8d7 c1e3 b7b6 c5b6 a7b6 e1h1 c8b7 f1e1 h7h6 b1c3
8/8/8/6K1/5nP1/6k1/7p/7Q b - -,f4h3 g5h6 h3f2 h1a8 f2g4 h6g5 g4f2 a8b8 g3g2 b8b7
6k1/5p2/5bp1/2pr3p/8/4B2P/1PR1KPP1/8 b - -,
8/5qpk/3R3p/5b2/8/5Q2/5PPP/1R5K b - -,f5e6 f3f7 e6f7 b1b7 f7a2 d6d7 h7g6 d7g7 g6f6 g7h7
1n1q1b1R/1Qp2p2/pk1p4/1p2P3/8/8/PPPN1PP1/RN2KB2 b - -,b6b7 b1c3 b8c6 e5d6 d8d6 f1e2 c6d4 e2d3 d4e6 e1f1
rnbqk1nr/ppb2ppp/2p1p3/2Pp4/1P1P4/4P3/P2N1PPP/R1BQKBNR b KQkq -,e6e5 d4e5 a7a5 c1b2 a5b4 g1f3 g8h6 d1c2 c8f5 f1d3
r1b1k3/p6R/2pN4/1p2p3/5q2/6p1/PPBQ4/2K5 b - -,e8f8 h7f7 f4f7 d6f7 f8f7 d2d8 g3g2 c2b3 f7g6 d8g8
5k2/5p2/8/6R1/p5P1/K4P2/P4r2/8 b - -,
r1b5/p3kR2/2pN4/1p2p3/5q2/6p1/PPBQ4/2K5 b - -,f4f7 d6f7 e7f7 d2d8 g3g2 c2b3 f7g6 d8g8 g6f6 g8f7
r2q1rk1/pp2ppbp/6p1/2p5/6b1/1PP1PN2/4QPPP/R1BR2K1 b - -,d8b6 c1a3 f8c8 h2h3 g4f3 e2f3 g7c3 a1b1 b6a5 d1c1
r1b2k2/p4R2/2pN4/1p2p3/5q2/6p1/PPBQ4/2K5 b - -,f4f7 d6f7 f8f7 d2g5 g3g2 g5g2 c8e6 g2f3 f7e7 f3c6
r3r1k1/pp3ppp/2pbq3/5b2/PPP1p2P/1Q2P1P1/1B2BP2/R3R1K1 b - -,e6g6 g1g2 a8d8 b2d4 f5g4 e2g4 g6g4 b3b2 g4f3 g2h2
r5k1/pppq1ppp/8/8/4Q3/2P4P/P2P1PP1/R5K1 b - -,a8e8 e4b7 d7d2 b7c7 g7g6 c7a7 d2c3 a1d1 g8g7 a7b6
8/8/3k3p/6b1/2K5/P1P2N1P/2P1p3/8 b - -,
8/R4k2/2p5/1p6/8/2N5/PPK5/5r2 b - -,f7e6 c2b3 f1h1 b3b4 h1h5 b2b3 e6d6 c3e4 d6e5 a7e7
rnbqkbnr/ppp2ppp/4p3/1B1p4/4P3/2N2N2/PPPP1PPP/R1BQK2R b KQkq -,e8e7 e4d5 e6d5 e1h1 c7c6 f1e1 c8e6 b5d3 e7d7 c3e2
r1b1n1k1/p4rPR/2p2q2/1p2p3/8/2N3p1/PPBQ4/2K3R1 b - -,f6f4 h7h8 g8g7 h8e8 f4d2 c1d2 f7f2 c3e2 f2e2 d2e2
2k4R/8/3K4/8/3P4/8/8/2r5 b - -,c8b7 h8h7 b7c8 h7e7 c1d1 d4d5 c8d8 e7f7 d8c8 f7f8
rn1q3r/p2bkNpp/4pn2/2pP4/QpP5/8/PP2PPPP/R3KBNR b KQ -,d7a4 f7d8 h8d8 g2g4 e6d5 g4g5 f6e4 c4d5 b8d7 f2f3
1r6/1P4pk/1Q5p/5q2/1R6/1p5P/2b2PP1/4R2K b - -,b3b2 f2f3 b2b1r b4b1 c2b1 b6b1 f5b1 e1b1 h6h5 h3h4
1kr5/R7/1P2p1p1/1K3p2/8/5PP1/5P1P/8 b - -,c8c3 f3f4 c3f3 a7g7 g6g5 g7g5 f3f2 h2h4 e6e5 f4e5
8/4k3/8/pp3Bpr/8/P1B3KP/1P6/8 b - -,b5b4 a3b4 a5b4 c3b4 e7f6 f5g4 h5h7 b4c3 f6e7 c3d2
8/8/5K2/8/6P1/6kn/7p/7Q b - -,h3f2 h1b7 h2h1q b7h1 f2h1 g4g5 g3h4 g5g6 h1f2 f6g7
r1b2k2/p4N2/2p5/1p2p3/8/6p1/PPBQ4/2K5 b - -,f8f7 d2g5 g3g2 c2b3 f7e8 g5g2 e8d7 b3d5 d7c7 d5c6
2r2r2/1p2ppkp/p2pnnp1/4q3/1P2P3/P1N2P1P/1PB3P1/R2Q1R1K b - -,f6h5 f1e1 h5g3 h1g1 e6f4 d1d2 h7h5 a1d1 h5h4 c2b1
rn1qk2r/ppp2pp1/3bpn1p/3p1b2/3P3P/2P1PN2/PP3PPB/RN1QKB1R b KQkq -,d6h2 f3h2 b8d7 f1e2 c7c5 e1h1 a8c8 b1d2 e8h8 a2a4
r2qnrk1/1bp3bp/n2p4/2PPp1p1/4Pp2/B1NB1N2/2Q2PPP/R4RK1 b - -,a6c5 a3c5 a8a1 f1a1 g5g4 f3d2 d6c5 a1a7 d8b8 a7a5
8/1p6/8/PB2p3/4k3/4P1p1/3K2b1/8 b - -,e4f3 b5d7 f3f2 d2c3 g2f3 c3c4 g3g2 c4c5 g2g1q d7e6
2r2nk1/pp1r3p/1q2pPp1/2bpP2P/2p3P1/2P2B2/P1P1Q3/R1B2K1R b - -,b6a5 c1d2 c8c6 h5g6 h7g6 a1e1 d7h7 h1h7 f8h7 e2h2
8/2R5/2p2k2/1p6/8/2N5/PPK5/5r2 b - -,b5b4 c7c6 f6e5 c2b3 f1f7 b3b4 f7f4 b4b3 f4f2 c6b6
5k2/5p2/8/6R1/K5P1/5r2/P7/8 b - -,
8/8/3k3p/8/7b/P1PK1N1P/2P1p3/8 b - -,
6k1/4bp2/6p1/2pr3p/8/4B2P/1P1RKPP1/8 b - -,d5e5 e2d3 h5h4 e3f4 e5e6 d2c2 f7f5 f4e3 e6b6 d3c4
r3kb1r/pp3ppp/2b1pn2/1Q6/8/4B1P1/PP2PPBP/RN3RK1 b kq -,c6b5 g2b7 a8b8 b7f3 a7a6 f1c1 b5d7 b1d2 b8b2 d2c4
r3n2R/p4r1R/2p2k2/1p2p3/4Nq2/6p1/PPBQ4/2K5 b - -,f6e7 h7f7 e7f7 e4g5 f7g7 h8h7 g7f6 h7f7 f6g5 f7f4
8/5qpk/3R3p/8/8/1Q6/5PPP/1b5K b - -,f7b3 h2h3 b1e4 f2f3 e4f5 d6d4 b3b1 h1h2 b1b8 h2h1
r3r1k1/pp3ppp/2pb2q1/5b2/PPP1p2P/1Q2P1P1/1B2BP2/3RR1K1 b - -,d6g3 g1h1 g3e5 b2e5 e8e5 b3b2 g6f6 h1g2 h7h6 b2d4
8/5R2/4p1p1/4P3/4PPkP/8/4r3/6K1 b - -,
r1rq2k1/pp1b1ppp/3npn2/PP1p4/3P1P2/2NB1NP1/3Q1P1P/R1R3K1 b - -,f6e4 d3e4 d6e4 c3e4 d5e4 f3g5 d7b5 g5e4 b5c6 f2f3
R7/p4rk1/2p2q2/1p2p3/6b1/2N3p1/PPBQ4/2KR4 b - -,g4f3 d1g1 f6f4 c1b1 f4d2 g1g3 g7f6 g3f3 d2f4 f3f4
r1b5/p4k2/2p5/1p2p1Q1/8/6p1/PPB5/2K5 b - -,g3g2 c2b3 f7e8 g5g2 e8d7 b3d5 d7c7 d5c6 a8b8 g2d5
r2qnrk1/1bp3bp/3p4/2BPp1p1/4Pp2/2NB1N2/2Q2PPP/R4RK1 b - -,a8a1 f1a1 g5g4 f3d2 d6c5 a1a7 d8b8 a7a2 e8d6 c3a4
6k1/2pn1ppp/2p5/5R2/4P3/r1PP4/3B2PP/6K1 b - -,f7f6 g1f1 a3a2 f1e2 g8f7 g2g4 g7g6 f5f2 g6g5 d3d4
6k1/5pp1/5n2/p5q1/2pR1PP1/2N1r2P/P4QK1/8 b - -,f6g4 f4g5 g4f2 g2f2 e3c3 h3h4 a5a4 h4h5 c3c2 f2f3
8/8/5K2/8/6P1/6k1/5n1p/5Q2 b - -,
5r1k/1pp2pPp/p1n3p1/6B1/2P5/1P4P1/P1N3KP/3r1R2 b - -,h8g7 g5f6 g7g8 f1d1 h7h5 g2f1 f8e8 d1e1 e8e1 c2e1
r1bQ4/p4k2/2p5/1p2p3/8/6p1/PPB5/2K5 b - -,a7a6 d8c7 f7f8 c2b3 f8e8 c7c6 e8d8 c6a8 e5e4 a8d5
3r1qk1/p2nbpn1/4p1p1/2ppN1P1/3P1PQP/2PBP1B1/r7/4RRK1 b - -,f8e8 e1e2 a2e2 g4e2 d7e5 f4e5 a7a5 d3b5 e8f8 b5d3
rnbq1rk1/pp2bppp/3p4/1N1Pp3/Q1P5/4B3/PP3PPP/R3KB1R b KQ -,a7a6 a4a3 c8f5 b5c3 f5g6 f2f3 f7f5 f1e2 e7h4 g2g3
5r1k/1pp3pp/p1nb4/8/7Q/4r2P/PPP2PP1/RN2R1K1 b - -,c8f5 f1e2 a7a6 e1h1 b8d7 b5c3 f5g6 a4a3 f8e8 f2f3
r3kb1r/1b3ppp/pq2pn2/1p4B1/P7/1BN5/1P2QPPP/R2R2K1 b - -,f8c5 a4b5 a6b5 a1a8 b7a8 g5f6 g7f6 b3d5 a8b7 d5b7
2r4k/5qp1/7p/1P3b2/3R4/1p6/1Q3PPP/4R2K b - -,f5c2 d4d6 h8h7 h2h3 f7f2 e1e7 c8g8 d6d7 f2f1 h1h2
r1bqkbnr/pppp1p2/2n4p/4P1P1/4P3/8/PPP3PP/RNBQKBNR b KQkq -,h6g5 b1c3 d7d6 g1f3 g5g4 c1g5 f8e7 g5e7 g8e7 e5d6
r2q1rk1/4ppbp/n2p1np1/2pP4/P3P3/2N2N1P/1P3PP1/R1BQ1RK1 b - -,d8c7 c1d2 c7b7 a1b1 f8b8 b2b3 a6c7 f1e1 b7a6 d1c2
r1b1kq2/p7/2pNpQ2/1p6/8/6R1/PPB5/2K5 b - -,a8b8 f1e1 f6d7 c3b5 d8b6 c1g5 f8e8 f3d2 b6b7 d2c4
8/4k3/4p2p/R4p2/P1bb2p1/7P/6P1/6NK b - -,h6h5 a5a8 e7f7 a8d8 e6e5 a4a5 f5f4 d8d6 d4e3 a5a6
r1b1r1k1/pp1n1ppp/2p2n2/q2p4/3P4/2PBPNB1/P1Q2PPP/R4RK1 b - -,f6e4 d3e4 d5e4 f3d2 d7f6 a2a4 c8e6 c3c4 a5f5 f1b1
2r2r2/1p2ppkp/p2pn1p1/4q2n/1P2P3/P1N2P1P/1PB3P1/R2Q1RK1 b - -,e6f4 f1f2 h5g3 c2b3 e7e6 d1d2 h7h5 a1d1 h5h4 g1h2
rn2kb1r/ppp1ppp1/5n2/5q1p/6b1/2N2N1P/PPPPBPP1/R1BQ1RK1 b kq -,g4f3 e2f3 b8c6 d2d4 e7e6 c3e2 f8d6 c2c4 e8h8 c1e3
8/5R2/4p1p1/4P3/4PP1P/6k1/4r3/5K2 b - -,
r4rk1/pQ3p1p/4qp2/5p2/8/2P5/PP3PPP/R2R2K1 b - -,f8e8 b2b3 a7a5 c3c4 a5a4 h2h3 e6e5 a1c1 e5b2 b7d7
5k2/5p2/8/1K4R1/6P1/6r1/P7/8 b - -,
r1bq1rk1/1p1nbppp/p3p3/3pN3/3P4/2PB4/PP3PPP/R1BQR1K1 b - -,a6a5 d1h5 g7g6 h5h6 e7f6 e5f3 f6g7 h6f4 d7f6 a2a4
5k2/pp6/4p2p/6p1/1P6/8/P1PK2PP/8 b - -,f8f7 d2e3 f7e7 e3d3 e7d6 d3d4 b7b6 c2c4 h6h5 d4e4
r1bq1rk1/1p1nbppp/p3p3/4P3/2Pp4/6P1/PP2QPBP/RNB2RK1 b - -,d8a5 f1e1 f8d8 c1f4 d4d3 e2d2 e7b4 b1c3 d7c5 a1c1
rn1qkb1r/pppb1pp1/3p1n2/4p1Bp/2B1P3/3P2QP/PPP2PP1/RN2K1NR b KQkq -,h5h4 g5h4 f6e4 h4d8 e4g3 f2g3 e8d8 c4f7 f8e7 b1c3
r3n2R/p3kR2/2p5/1p2p3/4Nq2/6p1/PPBQ4/2K5 b - -,e7f7 e4g5 f7e7 h8h7 e7f6 h7f7 f6g5 f7f4 e5f4 d2d7
5k2/1p3pp1/p7/8/3P4/1P3K1P/P7/8 b - -,f8e7 f3e4 e7d6 h3h4 g7g6 b3b4 f7f5 e4f4 d6d5 f4g5
r3r1k1/pp3ppp/2pb2q1/5b2/PPP1p2P/1Q2P1P1/1B2BPK1/R3R3 b - -,a8d8 a1d1 f5g4 d1d4 d6e7 e2g4 g6g4 c4c5 h7h5 b3d1
4r1k1/5pp1/5n2/p7/2p2qP1/2N2P1P/P2RPQK1/8 b - -,f4d2 c3b1 d2a2 b1c3 a2d2 g4g5 d2c3 g5g6 c3c2 e2e4
8/5R2/3p2p1/3P2k1/6P1/6PK/3r1P2/2b5 b - -,g5h6 f2f4 g6g5 f7f6 h6g7 f6d6 d2d3 f4g5 c1f4 d6f6
8/8/5K2/8/6P1/6k1/5n2/7Q b - -,
r1b5/p4k2/2p5/1p2p3/8/8/PPB3Q1/2K5 b - -,c8d7 g2g5 a8f8 g5e5 d7e6 e5c7 f7f6 c7c6 f8c8 c6b5
r3k2r/ppqnbp2/2p1b2p/3pN1p1/3P1P2/1QNBP1P1/PP4P1/2KR3R b kq -,g5f4 g3f4 d7e5 f4e5 e8a8 c1b1 f7f6 e3e4 f6e5 e4d5
1rbq1rk1/1p1nppbp/p2p1np1/2p5/P2PP3/2PB1N2/1P1NQPPP/R1B2RK1 b - -,g7h6 f1e1 f6h5 g2g3 c5d4 c3d4 d7f6 d2c4 h6c1 a1c1
8/2R5/2p2k2/8/Np6/8/PPK5/5r2 b - -,f6e5 c7c6 f1f3 c6c4 b4b3 a2b3 f3f2 c2b1 f2f8 a4c3
2r3k1/2pn1ppp/2p1b3/8/4P2N/3PB3/2P3PP/R6K b - -,c6c5 a1a5 c8b8 h1g1 b8b1 g1f2 b1b2 a5a8 d7f8 e3f4
6k1/8/6Q1/4p2p/4P3/2N1b1P1/Pq3PKP/8 b - -,g8h8 c3d1 b2b6 g6e8 h8g7 d1e3 b6b4 e8d7 g7g6 d7f5
3qnrk1/1bp3bp/3p4/2BPp1p1/4Pp2/2NB1N2/2Q2PPP/R5K1 b - -,g5g4 f3d2 d6c5 a1a7 d8b8 a7a2 e8d6 c3a4 c5c4 d3c4
R7/p4rk1/2p2q2/1p2p3/8/6p1/PPBQ4/2KN4 b - -,b5b4 c1b1 e5e4 c2e4 f6e5 d2d3 f7e7 e4g2 e5f6 d3g3
8/8/5K2/6P1/8/6k1/8/7n b - -,
5k2/1p3p2/p7/6p1/3P2K1/1P5P/P7/8 b - -,a6a5 g4g5 f8e7 h3h4 b7b5 h4h5 e7d6 h5h6 d6d5 h6h7
6k1/5pp1/8/p5P1/2pR3P/2r5/P4K2/8 b - -,c3c1 f2e3 a5a4 h4h5 g8h7 d4f4 c1g1 f4f5 g1h1 f5f7
r1b5/p4k2/2p5/1p2p1Q1/8/1B6/PP4p1/2K5 b - -,f7e8 g5g2 e8d7 b3d5 d7c7 d5c6 a8b8 g2d5 b8b6 c6b5
8/6pk/2b4p/8/8/1Q6/1p3qPP/6RK b - -,c6e4 b3b5 f2c2 b5b4 b2b1q b4b1 c2b1 g1b1 e4b1 h1g1
8/1p6/8/PB2p3/8/3KPkp1/6b1/8 b - -,f2d4 h2h3 c6d5 b3g3 d5e4 h1h2 d4g1 h2g1 b2b1q g1h2
2r4k/5qp1/1P2b2p/8/1R6/1p6/4QPPP/4R2K b - -,e6d7 b6b7 c8b8 e2e5 f7f8 b4b3 d7c6 b3b6 c6b7 b6h6
8/7R/k4P2/p3N3/p7/1P6/8/6K1 b - -,e6d7 b6b7 c8b8 e2e5 f7f8 b4b3 d7c6 b3b6 c6b7 b6h6
6k1/1pp2p1p/3rb3/1q2p1Q1/r3P2N/3p1P2/2P3PP/4RR1K b - -,g8h8 c2d3 b5a5 f1g1 d6d3 g5f6 h8g8 h4f5 e6f5 e4f5
8/8/2R5/4k3/Np6/8/PPK5/5r2 b - -,e5d4 c2b3 d4e3 b3b4 f1f7 b4b3 f7f8 c6c4 f8b8 c4b4
8/8/5KP1/8/5k2/8/8/7n b - -,
1rb5/8/pkpN4/1p6/3Q4/8/PP6/2K5 b - -,c6c5 d4h8 b6c7 h8e5 c7b6 e5e8 b6c7 e8e7 c8d7 d6e4
6k1/5pp1/8/p5P1/2pR3P/5K2/P1r5/8 b - -,g8h7 a2a4 c4c3 d4c4 h7g6 f3g4 f7f5 g5f6 g6f6 g4f3
3r1k2/5ppp/1R1P1n2/8/8/1P3N2/5P1P/6K1 b - -,
rnbq1rk1/ppp1bppp/3p1n2/3Pp3/4P3/2NQ1P2/PPP3PP/R1B1KBNR b KQ -,c7c6 c1e3 b7b5 a2a3 a7a5 g1e2 c8a6 b2b4 a6b7 a1b1
r1b2rk1/1pqnbppp/p3p3/4P3/2Pp4/6P1/PP2QPBP/RNBR2K1 b - -,c7c5 b1d2 d4d3 e2e4 c5e5 e4d3 d7c5 d3c2 c8d7 d2f3
3rr1k1/pp3ppp/2pb2q1/5b2/PPP1p2P/1Q2P1P1/1B2BPK1/3RR3 b - -,f5g4 d1d4 d6e7 e2g4 g6g4 c4c5 e7f6 d4d6 d8d6 c5d6
5k2/8/5Q2/4p2p/4P3/2N1b1P1/Pq3PKP/8 b - -,f8g8 f6g6 g8f8 g6f5 f8g7 c3d1 b2a2 d1e3 a2f7 f5g5
4q1k1/8/8/1p3p2/2pKN3/2P5/1P6/8 b - -,f8g8 f6g6 g8f8 g6f5 f8g7 c3d1 b2a2 d1e3 a2f7 f5g5
8/2p2ppp/4k3/1Pp5/8/P1K2PP1/1R5P/1r6 b - -,b1b2 c3b2 e6d5 b2c3 c5c4 h2h4 h7h6 h4h5 g7g5 f3f4
5k2/R7/1r4p1/6Kp/8/6PP/5P2/8 b - -,b6b2 a7a6 f8f7 a6f6 f7e7 g5g6 b2b8 f6f4 b8h8 g6g7
r1b2Q2/p2k4/2pNp3/1p6/8/6R1/PPB5/2K5 b - -,b6b2 a7a6 f8f7 a6f6 f7e7 g5g6 b2b8 f6f4 b8h8 g6g7
r3n2R/p4rk1/2p5/1p2p3/5Q2/6pR/PPB5/2KN4 b - -,e5f4 h8h4 g7f8 c2b3 f7g7 h4f4 f8e7 f4f1 e8d6 h3h6
r7/p4k2/2p1b3/1p2pQ2/8/1B6/PP4p1/2K5 b - -,f7g7 f5e5 g7g6 e5e6 g6g5 e6e3 g5f6 e3f4 f6e7 f4c7
R7/p4rk1/2p5/1p2p3/5Q2/6p1/PPB5/2KN4 b - -,f7f4 c2b3 f4f8 a8f8 g7f8 d1e3 a7a5 c1d2 f8e8 b3c2
1r6/2k5/8/4K3/8/8/2R1R3/1q6 b - -,
r3n2R/p4k2/2p5/1p2p1N1/5q2/6p1/PPBQ4/2K5 b - -,f7e7 h8h7 e7f6 h7f7 f6g5 f7f5 g5h6 f5f4 e5f4 d2d7
2r2r2/1p2ppkp/p2p2p1/4q2n/1P2Pn2/P1N2P1P/1PB2RP1/R2Q2K1 b - -,c8c4 d1e1 f8c8 a1d1 h5g3 c2d3 c4c3 b2c3 c8c3 d3f1
r1bqk2r/ppppnp1p/5n2/3PQ3/1b6/2N5/PPP3PP/R1B1KB1R b KQkq -,e8h8 e5f6 e7d5 f6f3 d8h4 e1d1 d5f6 h2h3 b4c3 b2c3
8/8/2R5/8/Np1k4/1K6/PP6/5r2 b - -,f1f8 b3b4 d4e3 b4b3 e3f4 c6c4 f4g5 a4c3 f8b8 c4b4
r1b1k2r/1p1qbppp/1pp1pn2/4B3/2BP4/2N2Q2/PPP2PPP/2KR3R b kq -,e8h8 f3g3 f6h5 g3h3 b6b5 c4b3 h5f6 h3g3 f6h5 g3g4
2r4r/p2b1kpp/1pnBp1q1/3n1p2/4p1P1/1N5P/PPP2PB1/1K1RQ1R1 b - -,d5f6 f2f3 f5f4 d6f4 e6e5 f4d2 d7e6 f3e4 h8d8 e1e3
r4rk1/5ppp/n2Qp3/p3P1B1/P1pP4/5P2/2R3PP/6K1 b - -,h7h6 g5d2 f8d8 d6b6 a6b4 d2b4 d8b8 b6a5 a8a5 b4a5
2r2nk1/pp1r3p/4pPp1/q1bpP2P/2p3P1/2P2B2/P1PBQ3/R4K1R b - -,c8c6 h5g6 h7g6 f1g2 c6b6 a2a4 b6b2 d2c1 b2b6 c1h6
2r3k1/2pb1ppp/2p2n2/8/4P2N/3PB3/2P3PP/R6K b - -,h7h5 h1g1 c8b8 h4f3 d7e6 e3f4 b8b2 f3e1 f6d7 f4c7
1rb2rk1/1pqnppbp/p2p1np1/P1p5/2NPP3/2PB1N2/1P2QPPP/R1B2RK1 b - -,e7e6 c1f4 e6e5 d4e5 d6e5 f4e3 f6h5 f1d1 h5f4 e2f1
1kr5/R7/1P4P1/1K6/5p2/8/5P1P/8 b - -,e7e6 c1f4 e6e5 d4e5 d6e5 f4e3 f6h5 f1d1 h5f4 e2f1
1k6/5p2/P2r2pp/2K5/7P/R5P1/5P2/8 b - -,d6f6 a6a7 b8a8 f2f3 h6h5 c5d5 f6b6 a3a4 b6b3 a4f4
8/pp2k3/4p2p/6p1/1P6/3K4/P1P3PP/8 b - -,g5g4 c2c4 e7d6 d3e4 h6h5 e4d4 h5h4 a2a3 d6d7 d4e5
1r1qr1k1/p4ppp/1n1p4/5b2/3P4/2P2PP1/P3P1BP/R1BQ1RK1 b - -,d6d5 f1e1 b8c8 e2e4 f5e6 d1d3 b6c4 c1f4 h7h6 a2a4
5k2/1p6/p4p2/6p1/3P2KP/1P6/P7/8 b - -,f8g7 h4h5 b7b5 d4d5 b5b4 g4f5 g7h6 d5d6 h6h5 d6d7
rnbq1rk1/1p2bppp/p2p4/1N1Pp3/Q1P5/4B3/PP2BPPP/R3K2R b KQ -,f7f5 f2f3 f5f4 e3f2 c8f5 b5c3 b8d7 a4d1 e7h4 e1h1
8/5p2/2k2K2/8/4p3/4P3/r4P2/5R2 b - -,
r4rk1/pp2ppbp/4b1p1/2p5/4Q3/BqP1PN2/5PPP/R2R2K1 b - -,g7c3 a3c5 c3a1 d1a1 b3d5 e4b4 a7a5 b4a3 d5b3 c5e7
2r4r/bp1k1pp1/p2Pp3/P3Pn1p/2qB1Q1P/5N2/1P3PP1/3R1RK1 b - -,h8d8 g2g3 a7b8 f1e1 c4b4 f4g5 d8h8 d4b6 b4g4 g5g4
R7/4k3/4p3/5p2/P1bb2p1/8/6P1/6NK b - -,e7d6 a4a5 d6e5 a8c8 e5d5 h1h2 c4d3 c8c1 d4f2 c1c3
2r4k/5qp1/7p/1P3b2/8/1p6/3RQPPP/4R2K b - -,f7f6 h2h3 f5c2 f2f3 f6c3 b5b6 h8h7 e2f2 c8b8 d2e2
r3n3/p4rk1/2p2q2/1p2p3/8/2N3pR/PPBQ4/2K4R b - -,g7f8 h3g3 a8d8 d2g2 f6f4 c1b1 f8e7 c3e4 d8d4 g3g6
rnbqkb1r/p4ppp/3ppn2/1NpP4/QpP2B2/8/PP2PPPP/R3KBNR b KQkq -,c8d7 e2e4 a7a6 a2a3 e6e5 f4g5 a8a7 a3b4 a7b7 b4c5
1kr5/R5P1/1P6/1K6/8/5p2/5P1P/8 b - -,c8d7 e2e4 a7a6 a2a3 e6e5 f4g5 a8a7 a3b4 a7b7 b4c5
5r2/8/2R5/8/NK1k4/8/PP6/8 b - -,f8f1 b4b3 f1f8 c6c4 d4d3 a4c3 f8b8 c4b4 b8e8 b4b5
8/5K2/8/3k4/4p3/4P3/r4P2/5R2 b - -,
4q1k1/8/8/1p6/2pKp3/1PP5/8/8 b - -,d5e5 f7g6 a2a6 g6g5 a6f6 g5h4 f6f3 h4g4 e5f6 g4h5
r3n2R/p4rk1/2p5/1p2p3/5q2/4N1pR/PPBQ4/2K5 b - -,e5e4 h3h7 g7g6 h7f7 f4d6 h8h6 g6h6 e3f5 h6g6 f5d6
r1b1n1k1/p4rPR/2p5/1p2p3/4NQ2/6p1/PPB5/2KR4 b - -,e5f4 e4g5 f7g7 d1d8 g7h7 d8e8 g8g7 c2h7 g7h6 e8g8
5Q2/7R/k7/p3N3/8/1P6/p7/6K1 b - -,e5f4 e4g5 f7g7 d1d8 g7h7 d8e8 g8g7 c2h7 g7h6 e8g8
r1bQr1k1/ppp2ppp/8/8/4nP2/2B2B2/PPP3PP/R3K2R b - -,e8d8 f3e4 d8e8 c3e5 f7f6 e4d5 g8f8 h1f1 e8e7 a1d1
8/5R2/4p1p1/4P2P/4PP2/6k1/7r/5K2 b - -,
8/1p6/8/PB2p3/8/4Pkp1/3K4/5b2 b - -,h2h1 f1e2 h1h5 e2d3 h5h1 f4f5 e6f5 e4f5 g3f4 f5g6
8/pp6/3kp2p/6p1/1P1K4/8/P1P3PP/8 b - -,b7b6 c2c4 g5g4 d4e4 h6h5 e4f4 b6b5 c4c5 d6d5 f4g5
2r3k1/2pn1pp1/2p1b2p/8/4P2N/3P2B1/2P3PP/1R5K b - -,c6c5 h4f5 e6f5 e4f5 d7f6 h2h3 c5c4 d3c4 f6e4 g3f4
6k1/8/5Q2/3Np2p/4P3/4b1P1/Pq3PKP/8 b - -,e3c5 f6e6 g8f8 e6c8 f8f7 c8c5 b2b7 c5d6 f7e8 h2h4
7K/7p/2k2n2/1p1p4/3P4/2P5/P7/3R4 b - -,f6e4 d1d3 e4f2 d3f3 f2e4 h8g7 c6d7 f3d3 e4f2 d3e3
5Q2/7R/k7/p3N3/8/1P6/6K1/q7 b - -,f6e4 d1d3 e4f2 d3f3 f2e4 h8g7 c6d7 f3d3 e4f2 d3e3
5k2/1p6/p4p2/5Kp1/3P4/1P5P/P7/8 b - -,f8e7 b3b4 e7f7 d4d5 f7e7 f5g6 b7b6 g6f5 e7d6 f5f6
rnbqr1k1/pp3ppp/3b1p2/2pP4/2P5/3B1N2/PP3PPP/R1BQ1RK1 b - -,c8g4 h2h3 g4f3 d1f3 b8d7 d3c2 g7g6 c1d2 d6e5 a1b1
r1b2Q2/p1k3R1/2pNp3/1p6/8/8/PPB5/2K5 b - -,c8g4 h2h3 g4f3 d1f3 b8d7 d3c2 g7g6 c1d2 d6e5 a1b1
8/5K2/6P1/8/5k2/6n1/8/8 b - -,
8/8/6K1/4k3/4p3/4P3/r4P2/5R2 b - -,
1r1qr1k1/p4ppp/1n6/3p1b2/3P4/2P2PP1/P3P1BP/R1BQR1K1 b - -,b8c8 e2e4 f5e6 d1d3 b6a4 c1d2 a4b2 d3c2 b2c4 d2f4
5k2/1pp2p1p/3rb3/4Q3/r3P2N/3q1P2/6PP/4RR1K b - -,a4a3 h4f5 d3c3 e5c3 a3c3 f5d6 c7d6 e1c1 c3c1 f1c1
4r1k1/5pp1/8/p4Pn1/2p5/2N2P1P/P3P1K1/3R4 b - -,f7f6 d1d4 e8c8 d4d5 a5a4 d5a5 g5f7 a5a4 c8c5 e2e4
2r2r2/1p2ppkp/p2p2p1/6qn/1P2Pn2/P1N2P1P/1PB2RP1/R2Q1K2 b - -,g5g3 c2a4 g3h2 f2c2 h2h1 f1f2 h1g2 f2e1 g2h3 e1d2
2r4r/p2b1kpp/1pnBpnq1/5p2/4p1P1/1N3P1P/PPP3B1/1K1RQ1R1 b - -,f5f4 d6f4 e6e5 f4e3 h8d8 f3e4 f7g8 g2f3 d7e6 d1d8
3R4/2p1bkpp/p3p3/4r3/1pP5/4B3/PPR2PPP/6K1 b - -,e5e3 f2e3 e7d8 c4c5 f7e8 g1f2 d8g5 c5c6 g5e7 f2e2
rn1qkb1r/p2b1ppp/3Bpn2/1NpP4/QpP5/8/PP2PPPP/R3KBNR b KQkq -,f8d6 b5d6 e8e7 a4b3 e7d6 b3g3 d6e7 e2e4 f6e4 g3g7
1r4k1/2p2ppp/2p1bn2/8/4P2N/3PB2P/2P3P1/5R1K b - -,h7h6 g2g4 b8b2 f1f2 b2b1 h1g2 f6d7 h4f5 c6c5 f5g3
8/8/8/8/NKRk4/8/PP6/5r2 b - -,d4e5 a4c3 f1f7 a2a4 f7b7 c3b5 b7h7 a4a5 e5f6 c4c6
8/R5k1/2p5/1p2p3/5r2/6p1/PPB5/2KN4 b - -,g7g8 a7a8 g8f7 c2b3 f7e7 a8g8 c6c5 d1e3 f4f3 g8g3
r1br2k1/ppp2ppp/8/8/4BP2/2B5/PPP3PP/R3K2R b - -,d8e8 c3e5 f7f6 e1f2 f6e5 a1e1 g7g6 e4f3 c8f5 e1e5
8/1p3k2/p4p2/3P1Kp1/8/1P5P/P7/8 b - -,b7b6 b3b4 f7e7 f5g6 e7d7 g6f6 d7d6 f6g5 d6d5 h3h4
1k1r2Q1/R7/1P6/1K6/8/5p2/5P1P/8 b - -,d8g8 a7f7 g8g1 f7f3 g1b1 b5c6 b1c1 c6d6 c1d1 d6e5
r3nk2/p4r2/2p2q2/1p2p3/8/2N3R1/PPBQ4/2K4R b - -,a8d8 d2g2 f8e7 c3e4 f6f4 c1b1 d8d4 g3g6 d4c4 b2b3
r1b1n1k1/p4rP1/2p2q2/1p2p3/8/2N3p1/PPBQ4/2KR3R b - -,c8e6 h1h6 f6f4 h6e6 g3g2 e6g6 f7g7 d1g1 g7g6 c2g6
8/2p2ppp/4k3/1Pp5/8/P4PP1/1K5P/8 b - -,e6d5 b2c3 c5c4 h2h4 h7h6 h4h5 g7g6 g3g4 g6g5 c3c2
r1b2r1k/2q1bppp/p1p5/4p3/2B1PB2/2N2Q2/PPP3PP/R4R1K b - -,c8e6 c4e6 f7e6 f3h3 e5f4 h3e6 f8f6 e6c4 c7e5 c3e2
2b1k3/r2nbp1r/2n1p1pN/q2pP1Np/p1pP1Q2/P1P4P/2BB1PP1/1R2R1K1 b - -,c6d4 c3d4 e7g5 f4g5 a5d8 h6f7 h7f7 g5g6 d7f8 g6h5
8/8/r7/4k1K1/4p3/4P3/5P2/5R2 b - -,
5nk1/pp1r3p/2r1pPp1/q1bpP2P/2p3P1/2P2B2/P1PBQ1K1/R6R b - -,c6b6 a2a4 b6b2 d2c1 a5c3 c1b2 c3b2 a1b1 b2c3 h1h3
8/8/8/4k3/1KR5/2N5/PP6/5r2 b - -,f1a1 a2a4 a1h1 c4c5 e5d6 a4a5 h1f1 c5c4 f1f3 a5a6
8/2r2p2/3k1K2/5R2/4p3/4PP2/8/8 b - -,
R7/8/4pk2/P4p2/2bb2p1/8/6P1/6NK b - -,f6e5 a5a6 c4d3 h1h2 d3f1 a6a7 d4f2 g2g3 f2d4 h2h1
r3n3/p5kR/2p5/1p2p1N1/5q2/6p1/PPBQ4/2K5 b - -,f6e5 a5a6 c4d3 h1h2 d3f1 a6a7 d4f2 g2g3 f2d4 h2h1
rnb1kbnr/pp1p1ppp/8/q1pQ4/8/2N2N2/PPP1PPPP/R1B1KB1R b KQkq -,b8c6 f3e5 c6e5 d5e5 g8e7 c1d2 d7d6 e5d6 c8e6 c3e4
8/1ppk4/5p1p/1PPKpP2/4P3/8/7P/8 b - -,
6k1/5pp1/8/p4Pn1/2p5/2N1rP1P/P3P1K1/2R5 b - -,e3e8 h3h4 g5h7 g2f2 e8b8 c1b1 b8b4 b1d1 h7f6 f2e3
4q1k1/8/8/1p6/4p3/1pP1K3/8/8 b - -,e3e8 h3h4 g5h7 g2f2 e8b8 c1b1 b8b4 b1d1 h7f6 f2e3
r3r1k1/1p1bnppN/1qn1p2p/p2pP2P/8/2PB4/PP2QPP1/R1B1R1K1 b - -,e7f5 h7f6 g7f6 e5f6 b6d8 e2g4 g8h8 d3f5 e8g8 g4f4
8/7R/k7/p3N3/8/1q3QK1/8/8 b - -,b3f3 e5f3 a5a4 h7h5 a4a3 f3e1 a6b6 h5d5 b6c6 d5a5
2r4r/p2b1kpp/1pn1pnq1/8/4pBP1/1N3P1P/PPP3B1/1K1RQ1R1 b - -,e6e5 f4e3 h8d8 f3e4 f7g8 b3c1 d7e6 d1d8 c8d8 b2b3
2r4k/5qp1/1P5p/3b4/1R6/1p5P/4QPP1/4R2K b - -,f7f5 f2f3 h8h7 e2e5 f5f7 e5e3 h6h5 b4b5 c8c2 e3d3
1rb1Q3/8/pk1N4/1pp5/8/8/PP6/2K5 b - -,b6c7 e8e7 c8d7 d6e4 b8b6 e4c5 b6d6 e7e5 c7c6 c5a6
rn1qkb1r/pp3ppp/2p2n2/3pp3/2P3b1/4P1P1/PP1PNPBP/RNBQ1RK1 b kq -,d5c4 b1c3 b8d7 b2b3 g4f5 b3c4 f5d3 c3a4 d3c4 d2d4
rn1qr1k1/pp3ppp/3b1p2/2pP4/2P3b1/3B1N2/PP3PPP/R1BQR1K1 b - -,e8e1 d1e1 g4f3 g2f3 b8d7 g1g2 d7e5 e1e4 e5g6 e4g4
r1bQ4/p5R1/1kpNp3/1p6/8/8/PPB5/2K5 b - -,e8e1 d1e1 g4f3 g2f3 b8d7 g1g2 d7e5 e1e4 e5g6 e4g4
r1bqk2r/ppp2p1p/6p1/3Pp3/1Q1n4/8/PPPP1PPP/RNB1K1NR b KQkq -,d4c2 e1d1 c2b4 b1c3 b4d3 d1e2 c8f5 g1f3 e8h8 f3e1
3r1r1k/1p3Bpp/1b4n1/1P2qb2/1p2N3/1Q3N2/5PPP/R3R1K1 b - -,e5f4 g2g3 f4g4 f7g6 g4g6 f3h4 g6h5 h4f5 h5f5 e1e2
r1bq1rk1/ppp2pbp/6p1/3Pp3/4P3/6P1/PP3PBP/R1BQ1RK1 b - -,c7c5 a2a3 b7b6 c1e3 d8d6 b2b4 c5b4 a3b4 d6b4 d1c2
2r3k1/2p2ppp/2p1b3/8/3BP1nN/3P4/2P3PP/5R1K b - -,g4h6 h1g1 e6d7 h4f3 f7f6 f1a1 h6f7 g1f2 f7d8 f2e2
3rnk2/p4r2/2p2q2/1p2p3/8/2N3R1/PPB3Q1/2K4R b - -,f8e7 c3e4 f6f4 c1b1 d8d4 g3g6 d4c4 b2b3 c4e4 g2e4
2rq1r1k/1p3p1p/4p1p1/1Pn1P3/5PP1/2P2Q2/3p1RBP/5R1K b - -,c5e4 f3e4 d2d1q f1d1 d8d1 f2f1 d1g4 e4e3 b7b6 h2h3
r2brk1n/2p1q3/3ppQ2/1p2p3/4P1N1/3P1RNP/1PP2PP1/5RK1 b - -,e7f6 g4f6 d8f6 g3h5 f8e7 f3f6 h8f7 f6g6 e8h8 g2g4
r1b2r1k/2q1bppp/p1p5/8/2B1PQ2/2N5/PPP3PP/R4R1K b - -,e7d6 f4h4 c8e6 c4e6 f7e6 c3e2 c7a5 e2d4 a5a2 b2b3
1k4r1/2R5/1P6/1K6/8/5p2/5P1P/8 b - -,g8f8 c7c4 f8d8 c4f4 d8d3 f4f8 b8b7 f8f7 b7c8 b5c6
rnb1kb1r/pp1p1ppp/5n2/q1p5/8/2N2N2/PPPQPPPP/R1B1KB1R b KQkq -,b8c6 e2e4 d7d6 f1b5 f8e7 e1h1 e8h8 f1e1 f8e8 b5c6
r2q1rk1/p2nbppp/4p3/1pppP3/8/PP2P2P/1BP1BPP1/R2Q1RK1 b - -,d8b8 f2f4 a7a5 a1b1 f8d8 a3a4 b5a4 b3a4 b8c7 e2b5
r1b1n1k1/p4r2/2p1p3/1p2q2R/8/2N3p1/PPBQ4/2K4R b - -,f7f5 c2f5 e6f5 h1e1 e5e6 e1e6 c8e6 d2h6 g8f7 h6g5
2r4r/p2b1kpp/1pn2nq1/4p3/4p1P1/1N2BP1P/PPP3B1/1K1RQ1R1 b - -,h8d8 f3e4 f7g8 b3c1 d7e6 d1d8 c8d8 b2b3 g6f7 g1f1
4q1k1/8/8/1p6/4p3/2P5/1p1K4/8 b - -,h8d8 f3e4 f7g8 b3c1 d7e6 d1d8 c8d8 b2b3 g6f7 g1f1
rn1qkb1r/pp3ppp/2p2n2/3p4/2P1p1b1/4P1PP/PP1PNPB1/RNBQ1RK1 b kq -,g4f3 c4d5 f3g2 g1g2 d8d5 b1c3 d5d7 d1a4 d7e7 f2f3
1rb5/2k1Q3/p2N4/1pp5/8/8/PP6/2K5 b - -,c8d7 d6e4 b8g8 e7d6 c7c8 d6c5 c8d8 c5b6 d8e8 e4f6
6k1/6p1/5p2/p2N1Pn1/2p5/5PKP/P3r3/2R5 b - -,e2e5 c1d1 g5f7 g3f2 g8h7 d1d4 f7h6 f3f4 e5f5 d5e3
r3n3/p4R2/2p2k2/1p2p1N1/5q2/6p1/PPBQ4/2K5 b - -,e2a2 c1c4 a2a3 c4c8 g8h7 c8c7 h7h6 d5c3 a3a1 h3h4
2r2r2/1p2ppkp/p2p2p1/6q1/1P2Pn2/P1N2PnP/1PB2RP1/R2QK3 b - -,g3h1 d1d2 h1f2 d2f2 f4g2 e1d1 g2f4 c2b3 f4h3 f2h2
r4rk1/ppq2ppp/5n2/2ppb3/6bB/2P1P3/PP1NBPPP/R2Q1RK1 b - -,
4r3/4P2p/4R3/1pk2pp1/2pp2P1/P6P/1P1K1P2/8 b - -,c4c3 b2c3 f5g4 h3g4 c5d5 e6e2 d4c3 d2c3 d5c5 e2e1
N1bk1b1r/pp3ppp/3p4/2n5/3n4/3B4/PPPP1PPP/RNB1K2R b KQ -,g7g5 b1c3 f8g7 b2b4 c5d3 c2d3 d4c2 e1d1 c2a1 c1b2
1r6/1P4pk/7p/5q2/8/1Q6/5PPP/4R2K b - -,h7h8 b3b6 f5d7 e1b1 d7f5 h2h3 f5d7 h1g1 h8g8 b6b3
2r3k1/2p2ppp/2p1b2n/8/3BP2N/3P4/2P3PP/5RK1 b - -,e6d7 h4f3 c8a8 h2h3 f7f6 e4e5 f6e5 d4e5 a8a2 f1b1
4q1k1/8/8/1p6/4p3/2P5/4K3/1q6 b - -,e6d7 h4f3 c8a8 h2h3 f7f6 e4e5 f6e5 d4e5 a8a2 f1b1
2r3b1/3q2bk/3p2pp/4p3/2n1P3/1Q2BPP1/4N1BP/3R2K1 b - -,c8c7 e3f2 c7b7 b3c3 h6h5 g2f1 d6d5 e4d5 g8d5 c3c2
rn1qkb1r/pp3ppp/2p2n2/3p4/2P1p3/4PBPP/PP1PNP2/RNBQ1RK1 b kq -,e4f3 e2d4 d5c4 d4f3 b8a6 b2b3 d8d7 g1g2 c4b3 a2b3
r4rk1/ppq2ppp/5n2/2ppb3/7B/2P1P3/PP1NQPPP/R4RK1 b - -,f6d7 d2f3 e5f6 f1d1 f6h4 f3h4 d7f6 c3c4 a8d8 h2h3
1kr5/2R5/1PK5/8/8/5p2/5P1P/8 b - -,c8e8 c7f7 e8e6 c6b5 e6e2 f7f3 e2b2 b5c6 b2c2 c6d5
2r4r/6Q1/p2Pp3/P3k2p/3q3P/8/1P3PP1/2R3K1 b - -,e5f4 g7d4 f4f5 c1c8 h8c8 d6d7 c8g8 d7d8q g8d8 d4d8
2r2rk1/1pqnbpp1/p2pbn1p/P3p3/4P1P1/2N1B2P/1PPQNPB1/R4RK1 b - -,b7b6 a5b6 d7b6 b2b3 a6a5 f1d1 e6d7 a1a2 c8b8 d1a1
r2q1rk1/3nbppp/p3p3/1pppP3/5P2/PP2P2P/1BP1B1P1/R2Q1RK1 b - -,d8c7 g1h2 c5c4 b2d4 d7b8 g2g3 b8c6 h3h4 f7f6 e5f6
1k6/1p1b2p1/5p1p/p1Pp4/P4P2/2K1P2P/2B3P1/8 b - -,g7g5 f4g5 h6g5 c3d4 b8c7 c2b3 c7b8 b3d5 d7a4 g2g3
r3k2r/ppqnbp2/2p1b2p/3pN3/3P1P2/1QNBP3/PP4P1/2KR3R b kq -,d7e5 f4e5 e8a8 c1b1 f7f6 e3e4 f6e5 e4d5 e6d5 c3d5
1r6/2kbQ3/p7/1pp5/4N3/8/PP6/2K5 b - -,b8g8 e7d6 c7c8 d6c5 c8d8 c5b6 d8e8 e4f6 e8f7 f6g8
rnbqk2r/1pp2ppp/p4n2/3p4/Pb1P4/2N2N2/1PQ1PPPP/R1B1KB1R b KQkq -,b8c6 c1g5 h7h6 g5f6 d8f6 e2e3 c8e6 f1e2 g7g5 e1h1
rnb1kb1r/ppqp1ppp/5n2/2p5/8/2N1PN2/PPPQ1PPP/R1B1KB1R b KQkq -,a7a6 b2b3 f8e7 c1b2 d7d6 e1a1 b7b5 c3d5 f6d5 d2d5
1k6/2P5/2K5/8/8/5p2/5P1P/8 b - -,a7a6 b2b3 f8e7 c1b2 d7d6 e1a1 b7b5 c3d5 f6d5 d2d5
2b1k3/r2nbp1r/2n1p1BN/q2pP2p/p1pP1Q2/P1P2N1P/3B1PP1/1R2R1K1 b - -,h7g7 g6f7 e8d8 f7e6 d7c5 e6c8 c5d3 f4f5 d3e1 b1e1
2r2r2/1p2ppkp/p2p2p1/6q1/1P2Pn2/P1N2P1P/1PBR2P1/R2QK2n b - -,f4g2 d2g2 g5g2 c3e2 g2f2 e1d2 h1g3 c2d3 f2f3 d1e1
3rn3/p3kr2/2p5/1p2p3/4Nq2/6R1/PPB3Q1/1K5R b - -,d8d5 g3g6 e8d6 e4g5 d5d2 g2g1 f4f2 g5f7 d6f7 g6c6
r1b1n1k1/p4rPR/2p2q1Q/1p2p3/8/2N3p1/PPB5/2KR4 b - -,f6h6 h7h6 f7g7 d1f1 c6c5 c3b5 c5c4 c2e4 c8b7 e4b7
r3r2k/1p1b1p2/1qn1pP1p/p2p1n1P/8/2PB4/PP1Q1PP1/R1B1R1K1 b - -,b6d8 d3f5 d8f6 f5c2 e8g8 d2h6 f6h6 c1h6 e6e5 f2f3
1r6/1P4pk/1Q5p/5q2/8/7P/1Rb2PP1/4R2K b - -,c2e4 e1e4 f5e4 b6c7 e4e8 h1h2 e8f8 b2b3 f8g8 b3g3
5k2/1pp2p1p/3rb3/6Q1/1r1qP2N/5P2/6PP/4RR1K b - -,e6c8 f3f4 h7h6 g5h5 d4g7 h5a5 b4c4 h4f5 c8f5 a5a8
Q7/4r3/3P4/5P2/3B2P1/2P4P/4n2P/1b3k1K b - -,e7d7 a8f3 f1e1 d4f2 e1d1 f3d5 d1c1 f2e3 c1b2 d5d2
r2q1rk1/pp2bppp/2pp4/4nN1b/4P3/1B3P2/PPP3PP/R1BQR1K1 b - -,h7h6 c1d2 e7h4 e1f1 h4f6 d2e3 d6d5 g2g4 h5g6 f3f4
rn1qkb1r/pp3ppp/2p2n2/3p4/2PN4/4PpPP/PP1P1P2/RNBQ1RK1 b kq -,d5c4 d4f3 b8a6 b1c3 f8b4 c3e2 d8d5 e2f4 d5e4 a2a3
3rr1k1/pb3ppn/1pp1q2p/4Pn2/3PB3/1P4P1/PBQ2N1P/2R1R1K1 b - -,b7c8 g3g4 f5d4 e4h7 g8h8 b2d4 d8d4 h7f5 e6e7 f5c8
2r3k1/2pb1ppp/2p4n/8/4P2N/3PB3/2P3PP/5RK1 b - -,h6g4 e3d4 g4h6 h4f3 f7f6 f1a1 h6f7 g1f2 f7d8 f2e2
r1bq1rk1/1p1nbppp/p2p4/1N1Pp3/Q1P5/4B3/PP2BPPP/R4RK1 b - -,f7f5 f2f3 d7b6 a4a5 a6b5 a5b6 b5c4 e2c4 d8b6 e3b6
N1bk1b1r/pp3ppp/3p4/8/3n4/3P4/PP1P1PPP/RNB1K2R b KQ -,d6d5 b2b3 d4c2 e1d1 c2a1 c1b2 c8e6 b2a1 d8d7 a1d4
2r3b1/Q2q2bk/3p2pp/4p3/2n1P3/4BPP1/4N1BP/3R2K1 b - -,c8c7 a7c7 d7c7 d1c1 c7b7 e3f2 b7b2 h2h3 b2e2 g2f1
r3kb1r/5ppp/pq2pB2/8/N7/8/1P2QPPP/R2R2K1 b - -,b6b7 f6g5 a8c8 a4c3 h7h6 g5e3 c8c6 e2g4 c6c8 h2h4
3r2k1/R4ppp/1p1P4/5N2/6n1/1P6/5P1P/6K1 b - -,g7g6 f5e7 g8f8 a7a4 g4e5 a4e4 e5f3 g1g2 f3d2 e4b4
8/1pkb2p1/5p1p/p1Pp4/P2K1P2/4P2P/2B3P1/8 b - -,g7g5 d4d5 d7c6 d5e6 c6g2 e6f6 g2h3 f6g6 g5g4 c2f5
8/6k1/4R3/1r3P1P/6K1/8/8/8 b - -,g7f7 g4g5 b5b3 e6e4 b3g3 e4g4 g3b3 h5h6 b3b1 g4h4
8/8/8/4k3/1Q6/1K2n3/8/8 b - -,e3d5 b4c5 e5e4 c5c4 e4e5 c4d3 d5e7 b3c4 e7f5 d3d5
r2qk2r/ppp2ppp/8/3p4/1n1Pn1b1/1B3N2/PP1NQPPP/R3K2R b KQkq -,e8h8 e1h1 f8e8 f1e1 e4d6 e2f1 e8e1 a1e1 g4f5 e1e3
r4rk1/ppq2ppp/5n2/2pp4/7B/2P1P3/PP1NQPPb/R4R1K b - -,h2d6 h4f6 g7f6 e2h5 c7b6 h5d5 d6e5 d2c4 b6e6 f1d1
1r5k/5qp1/1P4bp/8/8/1R2Q2P/5PP1/4R2K b - -,h8h7 b3b4 f7f6 b6b7 f6f7 e3b6 g6f5 e1e3 f5g6 h1h2
2k5/2P5/3K4/8/8/5p2/5P1P/8 b - -,h8h7 b3b4 f7f6 b6b7 f6f7 e3b6 g6f5 e1e3 f5g6 h1h2
rn1q3r/p2b1kpp/4Pn2/2p5/QpP5/8/PP2PPPP/R3KBNR b KQ -,f7e6 a4c2 h8e8 e2e3 e6f7 f1d3 f7g8 g1f3 d8e7 e1h1
3QR3/5qpk/7p/1P3b2/8/1p6/5PPP/7K b - -,b3b2 e8e1 f7a2 h2h3 b2b1q e1b1 a2b1 h1h2 b1b5 d8c7
1r5k/1P4p1/7p/5q2/8/1Q6/5PPP/4R1K1 b - -,f5d7 e1b1 d7f5 b3b5 f5e4 h2h3 h8h7 g1h1 e4c2 b5b6
2nrb3/pp1rkppp/8/P2p4/B7/4NP2/1P2K1PP/2RR4 b - -,e7f8 a4d7 e8d7 d1d5 c8e7 d5d1 d7b5 e2f2 d8e8 c1c7
rn1qkb1r/pp3pp1/2p2n2/3p3p/2PN4/4PQPP/PP1P1P2/RNB2RK1 b kq -,d5c4 b2b3 c4b3 a2b3 b8d7 b1a3 d7e5 f3f5 d8d5 f2f4
r3k2r/ppq1bp2/2p1b2p/3pP3/3P4/1QNBP3/PP4P1/2KR3R b kq -,e8a8 c1b1 f7f6 e3e4 f6e5 e4d5 e6d5 c3d5 d8d5 d4e5
rnbqkbnr/5ppp/p7/1p1p4/2p1P3/5N2/PPB2PPP/RNBQ1RK1 b kq -,f8b4 a2a3 b4a5 b1c3 a5c3 b2c3 g8f6 c1g5 d5e4 d1d8
5k2/1pp2p1p/3rb3/6Q1/r2qP2N/5P2/6PP/4RR1K b - -,e6c8 f3f4 d4f6 g5g3 f6g7 g3f2 g7d4 f2e2 d4d3 e2b2
1r2r1k1/5p2/6p1/p2P3p/qp2P2P/4R1P1/5P2/1R4K1 b - -,a4c2 e3e1 b4b3 g3g4 a5a4 d5d6 b3b2 g4h5 a4a3 g1h2
8/5R2/4p1p1/4P2P/4PP2/5k2/7r/6K1 b - -,
8/1kPK4/8/8/8/5p2/5P1P/8 b - -,h2e2 f4f5 g6f5 e4f5 e6f5 h5h6 e2e5 h6h7 e5e8 g1h2
8/6R1/4p1p1/4Pk2/4rP1P/6K1/8/8 b - -,e4b4 g7f7 f5e4 g3g4 b4b1 g4g5 b1h1 f7a7 e4d5 a7a5
8/6k1/5ppb/4p2p/1Q2P3/6P1/PPq2PKP/6N1 b - -,g7h7 a2a4 h7g8 b2b3 h6d2 b4c4 c2c4 b3c4 d2b4 g1f3
r4rk1/2qnbppp/p3p3/1pppP3/5P2/PP2PR1P/1BP1B1P1/R2Q2K1 b - -,f8b8 d1e1 a6a5 e1g3 f7f5 g3e1 a5a4 g2g4 f5g4 h3g4
1rb2rk1/2q2pbp/pN1p2p1/2pn4/3P4/2PB1N2/1P2QPPP/R1B2RK1 b - -,c8e6 b6d5 e6d5 f1e1 d5b7 e2d1 b7f3 d1f3 c5d4 c3c4
2q2k2/2Prpp1p/p2n1b2/1p1B1Pp1/8/PQ6/2R3PP/2R4K b - -,f8g8 d5e6 f7e6 f5e6 d7d8 c7d8r c8d8 b3d3 g8g7 c1f1
r5k1/pQp2ppp/8/8/8/2P4P/P2q1PP1/R5K1 b - -,h7h6 b7a8 g8h7 a8e4 g7g6 e4f3 d2d7 f3e3 h7g7
r3n3/p7/2p5/1p2pRk1/5q2/6p1/PPBQ4/2K5 b - -,h7h6 b7a8 g8h7 a8e4 g7g6 e4f3 d2d7 f3e3 h7g7
2Q5/3K4/1k6/8/8/5p2/5P1P/8 b - -,h7h6 b7a8 g8h7 a8e4 g7g6 e4f3 d2d7 f3e3 h7g7
2r3k1/2pb1ppp/2p5/8/3BP1nN/3P4/2P3PP/5RK1 b - -,g4h6 h4f3 f7f6 d4e3 h6f7 f1a1 f7d8 g1f2 c8b8 f2e2
6k1/1p3p2/p7/6p1/3P4/1P3K1P/P7/8 b - -,g8h7 d4d5 h7g6 d5d6 g6f6 f3g4 a6a5 a2a3 a5a4 b3b4
r3r1k1/pp2bppp/2p5/3pq3/PP2bP2/1QP1P2P/4B1P1/R1B1R1K1 b - -,e5f5 g1h2 e7h4 e1g1 h4f2 g1f1 e4c2 b3b2 f2e3 e2g4
1r6/3k4/8/4K3/8/8/3RR3/1q6 b - -,
rn1qk2r/ppp2pp1/3bpn1p/3p1b2/3P1B1P/2PBPN2/PP3PP1/RN1QK2R b KQkq -,f5d3 d1d3 e8h8 e1h1 b8d7 b1d2 d8e7 f1e1 a8c8 a2a4
2R2b1r/1B2k1p1/8/4np2/1P5P/P2nB3/8/1N5K b - -,h8h4 h1g1 h4c4 g1f1 f5f4 e3b6 c4c8 b7c8 g7g5 f1e2
4q1k1/8/8/1p6/8/2P5/4pK2/3q4 b - -,h8h4 h1g1 h4c4 g1f1 f5f4 e3b6 c4c8 b7c8 g7g5 f1e2
6k1/5pp1/8/p7/4N1P1/4nP1P/P3PQ1K/2q5 b - -,f7f6 h3h4 e3f1 h2h3 f1e3 e4g3 a5a4 h3h2 c1d2 g3e4
rn1qk2r/p4pp1/1pp4p/2b1p2b/4B3/1QNP1P2/PPP4P/R1B1K1NR b KQkq -,d8h4 e1d1 e8h8 c3e2 g8h8 e4f5 b8a6 e2g3 c5f2 g3h5
rnbqkb1r/pp3ppp/1n1p4/8/3P4/1B6/PP3PPP/RNBQK1NR b KQkq -,b8a6 b1c3 d6d5 d1f3 f8d6 g1e2 e8h8 e1h1 a6c7 c1f4
r7/1p3pk1/p3pb2/4N3/4b3/P5P1/1P2BP2/RN4K1 b - -,a8c8 b1d2 e4d5 e5d3 c8c2 a1d1 a6a5 d3f4 f6b2 f4d5
rn1qkb1r/1b3ppp/p4n2/1p1P4/2p5/2N2N2/PPB2PPP/R1BQ1RK1 b kq -,f8e7 c1f4 f6h5 f4e3 e8h8 f3d4 h5f6 d4f5 f8e8 f5g7
r1bq1rk1/1p2bppp/1Q1p4/1p1Pp3/2P5/4B3/PP2BPPP/R4RK1 b - -,f7f5 b6d8 e7d8 c4b5 d8a5 f1d1 f5f4 e3d2 a5d2 d1d2
8/2kbQ3/pr6/1pN5/8/8/PP6/2K5 b - -,b6d6 e7e5 c7c6 c5a6 d6h6 e5c7 c6d5 c7d7 d5e5 a6c5
2r2r2/1p2ppkp/p2p2p1/6q1/1P2P3/P1N2P1P/1PBRK1n1/R2Q3n b - -,g2f4 e2f1 h1g3 f1e1 g3e4 e1f1 e4c3 b2c3 c8c3 b4b5
8/5R2/4p1pP/4P3/4PP2/5k2/r7/6K1 b - -,a2b2 h6h7 b2g2 g1h1 g2a2 f7f6 a2a8 h1h2 a8h8 f6f7
r1bq1rk1/ppp4p/6p1/3P4/3QP3/5p2/PP3PBP/R3R1K1 b - -,a2b2 h6h7 b2g2 g1h1 g2a2 f7f6 a2a8 h1h2 a8h8 f6f7
8/2p2ppp/8/1Ppk4/8/P1K2PP1/7P/8 b - -,c5c4 h2h4 h7h6 h4h5 g7g6 g3g4 g6g5 c3c2 d5c5 f3f4
rn1qkb1r/pp3pp1/2p2n2/3p4/2PN3p/4PQPP/PP1P1P1K/RNB2R2 b kq -,h4g3 f2g3 b8d7 c4d5 d7e5 f3g2 c6d5 b2b3 d8d7 c1b2
rn6/pp2rpk1/8/q1Pp2p1/1b2n1N1/2N1PP2/PPQ3PP/R3KB1R b KQ -,f7f5 f3e4 f5g4 e1a1 b4c3 c2c3 a5c3 b2c3 b8d7 d1d5
r1b2r1k/2q2ppp/p1pb4/8/2B1P2Q/2N5/PPP3PP/R4R1K b - -,c8e6 c4e6 f7e6 c3e2 c7a5 e2d4 a5a2 b2b3 a2b2 d4f3
2r4r/1Q4p1/p2Pp3/P2kP2p/3q3P/8/1P3PP1/2R3K1 b - -,c8c6 b7c6 d5e5 c1c5 d4c5 c6c5 e5f6 c5g5 f6f7 g5e7
r1b1kb1r/p4pp1/2B5/6P1/4n3/4B3/PPP2P2/3RK1R1 b kq -,c8d7 d1d7 a8c8 d7c7 e8d8 c7c8 d8c8 c6e4 f8d6 e1e2
r2qnrk1/1bp3bp/np1p4/2PPp3/1P2Ppp1/B1NB4/2QN1PPP/R4RK1 b - -,b6c5 b4c5 a6c5 a3c5 a8a1 f1a1 d6c5 a1a7 d8b8 c2a2
2k5/5p2/3r2pp/PK6/7P/2R3P1/5P2/8 b - -,c8b7 c3f3 f7f6 b5c4 b7c7 h4h5 g6h5 f3f5 h5h4 g3h4
6k1/R7/6p1/1r5p/5KP1/7P/5P2/8 b - -,g8f8 a7h7 b5c5 h7d7 c5a5 d7b7 a5d5 b7c7 d5a5 c7d7
8/1pk3p1/2b2p1p/p1Pp4/P2K1P1P/4P3/2B3P1/8 b - -,b7b5 a4b5 c6b5 d4d5 a5a4 d5d4 a4a3 c2b3 b5f1 g2g3
2r1r1k1/p2b1p1p/8/q5p1/2nPP3/2PQ2P1/P5BP/RRB3K1 b - -,h7h6 a2a4 a7a6 b1b4 d7e6 c1d2 a5c7 d2e1 a6a5 b4b5
8/5R2/4p1pP/4P3/4PP2/6k1/r7/5K2 b - -,a2a8 f1e2 g3g4 h6h7 g4h5 f7g7 h5h6 g7e7 g6g5 f4f5
r3n3/p7/2p4k/1p2p3/5R2/6p1/PPBQ4/2K5 b - -,a2a8 f1e2 g3g4 h6h7 g4h5 f7g7 h5h6 g7e7 g6g5 f4f5
r3r1k1/ppq2ppp/5n2/2ppb3/7B/2P1PN2/PP2QPPP/R4RK1 b - -,
8/8/8/P7/1p1k4/1P6/3K4/8 b - -,
6k1/5pp1/8/p7/4N1P1/4nPKP/P3PQ2/2q5 b - -,c1c7 f3f4 c7c1 f4f5 e3f1 g3f3 f1d2 e4d2 c1d2 e2e4
3b4/2p2kpp/p3p3/4r3/1pP5/4B1P1/PPR2P1P/6K1 b - -,d8e7 g1f1 e7g5 e3a7 e5a5 b2b3 e6e5 f1e2 f7e6 e2d3
rn1qk2r/pp3pp1/2pb1n2/3P4/3N3p/4PQPP/PP1P1P1K/RNB2R2 b kq -,b8d7 b1c3 d7e5 f3g2 e5d3 d4f5 c6d5 f5g7 e8f8 g7f5
2R2b2/1B2k1p1/8/4np2/1P5r/P2nB3/8/1N4K1 b - -,
2Q5/8/3K4/1k6/8/5p2/5P1P/8 b - -,h4c4 b1d2 c4c8 b7c8 f5f4 e3d4 g7g5 d4c3 g5g4 d2e4
2q2rk1/5pp1/4p1np/pB6/Pn1P4/5N2/3Q1PPP/2R3K1 b - -,g6e7 c1c8 f8c8 h2h4 e7d5 g1h2 c8c2 d2e1 d5f4 f3e5
1r6/4k3/8/3K4/8/8/3RR3/1q6 b - -,
r1bq1rk1/1p3ppp/p3p3/3pP1bQ/8/2PB4/PP3PPP/R1B1R1K1 b - -,g5h6 c1h6 g7g6 h5g4 c8d7 g4f4 d7b5 d3c2 a8c8 a2a4
2bnk3/r2nbr2/4p1BQ/q2pP2p/p1pP4/P1P2N1P/3B1PP1/1R2R1K1 b - -,h5h4 h6h8 d7f8 h8g8 e7a3 f3g5 e8d7 g6f7 d7c7 g8g7
rn1qkb1r/1b3ppp/p4n2/1p1pP3/2p5/2N2N2/PPB2PPP/R1BQ1RK1 b kq -,f6e4 c3e4 d5e4 d1d8 e8d8 f3g5 d8e8 f1d1 h7h6 g5e4
8/p6p/3Q2p1/1k2P3/2q5/7P/P5PK/8 b - -,c4f7 e5e6 f7f6 a2a4 b5a4 d6a6 a4b4 a6b7 b4a5 b7a7
r2q1rk1/ppp2ppp/3p4/3PnN1b/7b/1B3PP1/PPP4P/R1BQR1K1 b - -,e5f3 g1h1 d8f6 f5h4 f3e1 d1e1 f8e8 c1e3 f6b2 h4g2
r1bqk1nr/1p2bBpp/p1np4/2p1p3/4P3/2NP1N2/PPP2PPP/R1BQK2R b KQkq -,e8f7 f3g5 e7g5 d1h5 g7g6 h5g5 d8g5 c1g5 c8e6 g5e3
r1r3k1/pb3pbp/3pp1p1/1B1P2B1/4P3/Pp5P/1P2QPP1/3RK3 b - -,e6d5 e4d5 h7h5 g5f4 c8c5 f4d6 c5d5 d1d5 b7d5 b5d7
3rr1k1/pb3p1n/1pp1q1pp/4Pn2/3PB1N1/1P4P1/PBQ4P/2R1R1K1 b - -,g8h8 c2c4 e8e7 c4e6 f7e6 e4c6 f5d4 c6b7 e7b7 e1d1
rn2k2r/p4pp1/1pp4p/2b1p2b/4B2q/1QNP1P2/PPP4P/R1BK2NR b kq -,e8h8 c3e2 g8h8 e4f5 b8a6 e2g3 c5f2 g3h5 h4h5 f5g4
4q1k1/4q3/8/1p6/8/2P5/5K2/3q4 b - -,e8h8 c3e2 g8h8 e4f5 b8a6 e2g3 c5f2 g3h5 h4h5 f5g4
r6k/p2b4/1p3q2/1P1Pp3/4PpBN/7Q/P4r2/2R4K b - -,f6h6 g4d7 a8g8 c1c6 h6h7 d7f5 f2f1 h3f1 h7h4 f1h3
8/8/4pRp1/4P3/4rP1P/6k1/8/5K2 b - -,g3g4 f1f2 e4f4 f2e3 f4b4 f6e6 g4f5 e6a6 g6g5 h4h5
r4rk1/p1p1qppp/1p6/1Q1p4/1n1Pn1b1/PB3N2/1P1N1PPP/R4RK1 b - -,e4d2 f3d2 g4e2 b5b4 c7c5 b4c3 e2f1 d2f1 e7f6 a1d1
r1bqk2r/ppp2ppp/2n1pn2/8/3PP3/B1PB1N2/P4PPP/R2QK2R b KQkq -,h7h6 e1h1 c6e7 d3c2 b7b5 d1d3 c7c6 f3e5 a7a5 a3c5
8/pp6/3k3p/4p1p1/1P6/3K4/P1P3PP/8 b - -,d6c6 c2c4 g5g4 d3e4 c6d6 e4f5 b7b6 f5g4 d6e6 g4f3
3Q4/1P3qpk/7p/5b2/8/8/1p3PPP/4R2K b - -,f7b7 h2h3 b7b4 e1d1 f5c2 d1g1 b2b1q g1b1 b4b1 h1h2
8/8/3K4/2Q5/1k6/5p2/5P1P/8 b - -,f7b7 h2h3 b7b4 e1d1 f5c2 d1g1 b2b1q g1b1 b4b1 h1h2
8/1r6/3P4/5P2/3B2P1/2P4P/4n2P/Qb3k1K b - -,e2c1 a1a6 c1e2 a6c6 b7d7 c6f3 f1e1 d4e3 b1d3 h1g2
8/8/3k1p2/1p3p1p/5P1P/PpK3P1/8/8 b - -,
rn1qk2r/pp3pp1/3b1n2/2pP1N2/7p/4PQPP/PP1P1P1K/RNB2R2 b kq -,d6f8 e3e4 h4g3 f2g3 b8d7 f3e2 d7e5 h2g2 g7g6 d2d4
2Br4/1b6/pp1k1qnB/7Q/3P4/6P1/PP3PP1/4R1K1 b - -,d6c7 c8b7 c7b7 h6g5 d8h8 h5f3 f6f3 g2f3 h8c8 f3f4
8/4k3/8/1p3Bpr/p5K1/P1B4P/1P6/8 b - -,h5h6 g4g5 h6a6 h3h4 e7d6 h4h5 d6d5 h5h6 a6a8 h6h7
8/p6p/3QP1p1/1k6/8/7P/q5PK/8 b - -,g6g5 d6b8 b5c6 e6e7 a2f7 e7e8b f7e8 b8e8 c6d6 e8f7
1r5r/4Rp1p/5n2/1p6/2q5/6P1/1Q5P/1K1k1B2 b - -,
rn1qkb1r/1b1n2pp/p3p3/1p1p2N1/2p5/2N5/PPB2PPP/R1BQ1RK1 b kq -,d7f6 g5e6 d8b6 f1e1 b8d7 c2f5 f8d6 c1e3 b6c6 e6d4
2r2r2/1p2ppkp/p2p2p1/6q1/1P2Pn2/P1N2P1P/1PBR4/R2Q1K1n b - -,h1g3 f1e1 g3e4 e1f1 e4c3 b2c3 c8c3 d2f2 f8c8 d1d2
rn1qk1nr/ppp3pp/3bppb1/2Pp4/3P1BP1/4P2P/PP3P2/RN1QKBNR b KQkq -,d6c5 d4c5 e6e5 f4g3 g8e7 b1c3 b8d7 f2f4 d7c5 f4e5
2rr2k1/1pqnbpp1/p2pbn1p/P3p3/4P1P1/2N1B2P/1PPQNPB1/R1R3K1 b - -,b7b6 c3d5 e6d5 e4d5 b6b5 c2c4 b5c4 a1a4 c7b7 a4c4
3q1rk1/p2bppb1/3p2p1/1prB2Bp/2nNP2P/5P2/PPP3P1/1KQR3R b - -,c4b6 d4b3 c5c8 g2g4 b6c4 d5c4 b5c4 b3d4 h5g4 g5h6
1r6/1P4pk/1Q5p/5q2/4R3/7P/1R3PP1/7K b - -,f5e4 b6c7 e4e8 b2b3 e8f8 h1h2 h6h5 b3g3 b8b7 c7b7
rn1qk2r/pp3pp1/3b1n2/2pP1N2/8/4PQPP/PP1P3K/RNB2R2 b kq -,d6f8 e3e4 b8d7 f3e2 d8c7 d2d4 g7g6 e4e5 e8a8 e5f6
5k2/1pp2pqp/3rb3/Q7/1r2P2N/5P2/6PP/4RR1K b - -,d6d4 a5a8 f8e7 h4f5 e6f5 e4f5 e7d6 a8e8 d6c5 e8e7
rnbq1rk1/pp2bppp/4pn2/2ppP3/2PP4/2N2N2/PPQB1PPP/R3KB1R b KQ -,f6g4 h2h3 g4h6 d4c5 b8c6 c4d5 e6d5 f1d3 c6b4 d3h7
rn3rk1/p4pp1/1pp4p/2b1p2b/4B2q/1Q1P1P2/PPP1N2P/R1BK2NR b - -,g8h8 e4f5 b8a6 e2g3 c5f2 g3h5 h4h5 f5g4 h5h4 g4f5
8/p6p/2N1k3/3pn3/2p3PP/8/P3R1K1/b7 b - -,e6d6 c6e5 a1e5 g2f3 a7a5 g4g5 d5d4 f3e4 d4d3 e2g2
8/8/8/2QK4/8/1k3p2/5P1P/8 b - -,e6d6 c6e5 a1e5 g2f3 a7a5 g4g5 d5d4 f3e4 d4d3 e2g2
r3n3/p2Q4/2p4k/1p6/5p2/6p1/PPB5/2K5 b - -,e6d6 c6e5 a1e5 g2f3 a7a5 g4g5 d5d4 f3e4 d4d3 e2g2
4rrk1/pp2p1bp/2nq2p1/3p3n/3P1pb1/1NP2N2/PP1BBPPP/2RQR1K1 b - -,e8c8 a2a3 e7e5 d4e5 c6e5 f3e5 g4e2 d1e2 f8e8 b3d4
r4rk1/p1p1qppp/1p6/1Q1p4/1n1P2b1/PB6/1P1N1PPP/R4RK1 b - -,g4e2 b5b4 c7c5 b4c3 e2f1 d2f1 e7f6 g2g3 a8d8 a1d1
r1bqk2r/ppp2pbp/2n3p1/3np2P/2N5/3P1N2/PPP2PP1/R1BQKB1R b KQkq -,d8e7 h5h6 g7f8 c1d2 c8g4 c2c3 e8a8 d1c2 c8b8 f1e2
r1b1k2r/ppp1b1pp/2p5/q3Pp2/3QnB2/2N2N2/PPP2PPP/3R1RK1 b kq -,
8/3k1K2/7p/6bP/8/8/4R3/8 b - -,g5f4 e2e1 d7d6 f7g6 d6d7 e1f1 f4g5 f1g1 g5e3 g1d1
8/8/4pRp1/4P3/5r1P/6k1/8/6K1 b - -,
r1b1kb1r/pp1pqppp/5n2/2p1P3/4Q3/4B3/PPP2PPP/RN2KB1R b KQkq -,f6e4 b1a3 e7e5 e1a1 f8e7 d1e1 e8h8 f2f3 d7d5 f3e4
2R5/8/4p3/P4pk1/2bb2p1/8/6P1/6NK b - -,c4d3 g2g3 g5f6 h1h2 f6e5 c8c1 e5d5 c1e1 d4f2 e1a1
1rbq1rk1/ppp2ppp/2n1p3/3n4/2NP4/3QP1P1/P4PBP/R1BR2K1 b - -,a7a5 e3e4 d5b4 d3c3 e6e5 d4d5 c6d4 d1d2 f7f6 a2a3
8/4pk2/p2p1P2/PprP3r/5R2/2P3K1/1P6/4R3 b - -,h5h8 e1e7 f7f8 e7d7 h8g8 g3f3 g8g6 d7d6 g6h6 f3g3
1r2r1k1/3Rn1pp/p1p2p2/2R1p3/2N5/6P1/PP2PP1P/6K1 b - -,b8d8 d7a7 d8a8 a7b7 a8b8 b7b8 e8b8 c5a5 b8a8 g1f1
8/8/8/2Q5/3K4/5p2/1k3P1P/8 b - -,b8d8 d7a7 d8a8 a7b7 a8b8 b7b8 e8b8 c5a5 b8a8 g1f1
rn1q1k1r/pp3pp1/3b1n2/2pP1N2/8/2N1PQPP/PP1P3K/R1B2R2 b - -,b8d7 d2d4 d8b6 h2g2 a8e8 d4c5 b6c5 e3e4 d6e5 a1b1
8/8/4p1R1/4P3/7r/6k1/8/6K1 b - -,
rn2kb1r/pp2ppp1/2p4n/q2pPbBp/3P3P/2NB4/PPP2PP1/R2QK1NR b KQkq -,f5d3 d1d3 e7e6 g1f3 h6g4 e1h1 a5a6 d3d2 c6c5 c3e2
rnbq1rk1/pp2bppp/4pn2/1N1pP3/2Pp4/5N2/PPQB1PPP/R3KB1R b KQ -,f8e8 e5f6 e7f6 h2h4 e6e5 c4d5 b8a6 f1c4 d4d3 c2b3
2nrb3/p2rkppp/1p2P3/P7/8/1B2NP2/1P2K1PP/2RR4 b - -,d7d6 e3f5 e7f6 f5d6 c8d6 e6f7 e8f7 b3f7 d6f7 c1c6
2r4k/1q4p1/1P5p/5b2/3R4/1p3Q2/5PPP/4R2K b - -,b7c6 f3c6 c8c6 b6b7 c6b6 d4d8 h8h7 b7b8q b6b8 d8b8
rn3r1k/p4pp1/1pp4p/2b1pB1b/7q/1Q1P1P2/PPP1N2P/R1BK2NR b - -,b8a6 e2g3 c5f2 g3h5 h4h5 f5g4 h5h4 g4f5 g7g6 b3c3
8/8/8/2Q5/8/3K1p2/5P1P/1k6 b - -,b8a6 e2g3 c5f2 g3h5 h4h5 f5g4 h5h4 g4f5 g7g6 b3c3
4r1k1/5pp1/5n2/pN6/2pR2P1/5P1P/P3PQK1/2q5 b - -,c1b2 e2e4 b2b5 f2d2 f6h7 d4d5 b5b8 d2a5 h7f8 a5b5
8/2p2kpp/p3p3/6r1/1pP5/6P1/PPR2PKP/8 b - -,g5e5 b2b3 f7f6 g2f1 g7g5 f2f3 h7h5 f1f2 g5g4 f3f4
rnb1k2r/pp1pppbp/5np1/q1p5/3PP3/2N1B3/PPPQNPPP/R3KB1R b KQkq -,d7d6 d4c5 d6c5 e4e5 f6g4 c3d5 a5d2 e3d2 g7e5 d2c3
r1b1R3/p4r1R/2p1k3/1p2p3/4Nq2/6p1/PPBQ4/2K5 b - -,d7d6 d4c5 d6c5 e4e5 f6g4 c3d5 a5d2 e3d2 g7e5 d2c3
1r6/1PQ3pk/7p/8/4q3/7P/1R3PP1/7K b - -,e4e1 h1h2 e1e8 b2b3 h7h8 b3e3 e8g8 e3f3 b8b7 c7b7
r7/1p3pk1/p3p3/4b3/4b3/P1N3P1/1P2BP2/R5K1 b - -,e4c6 e2f1 a8c8 a1d1 c6e8 d1d3 e5f6 f1g2 a6a5 c3e4
6k1/4R3/6p1/1r6/5KPp/7P/5P2/8 b - -,g8f8 e7e5 b5b3 f2f3 f8g7 g4g5 b3b4 e5e4 b4b1 f4g4
rn1q1k1r/pp3p2/3N1np1/2pP4/8/2N1PQPP/PP1P3K/R1B2R2 b - -,d8d7 h3h4 d7d6 f3f6 d6f6 f1f6 b8d7 f6f1 g6g5 d2d4
rnbq1rk1/pp2bppp/4p3/1N1PP3/3pn3/5N2/PPQB1PPP/R3KB1R b KQ -,d8d5 b5c7 d5c6 c2c6 b7c6 c7a8 e4d2 e1d2 e7d8 f3d4
8/p7/3k3p/4p1p1/1PK5/8/P5PP/8 b - -,e5e4 c4d4 e4e3 d4e3 d6d5 e3d3 g5g4 a2a4 g4g3 h2g3
8/1pk3p1/2b2p1p/p1Pp4/P2K1P1P/1B2P1P1/8/8 b - -,b7b6 g3g4 c6e8 b3c2 b6b5 a4b5 e8b5 d4d5 a5a4 g4g5
2bnkn2/r3br2/4p2Q/q2pP2B/p1pP4/P1P2N1P/3B1PP1/1R2R1K1 b - -,e7a3 f3g5 e8d7 g5f7 d8f7 h5f7 a5d8 f7h5 d7c6 d2g5
6k1/8/6q1/1p6/8/2P1q3/7K/3q4 b - -,e7a3 f3g5 e8d7 g5f7 d8f7 h5f7 a5d8 f7h5 d7c6 d2g5
r3n3/p7/2p4k/1p6/5pQ1/8/PPB3p1/2K5 b - -,e7a3 f3g5 e8d7 g5f7 d8f7 h5f7 a5d8 f7h5 d7c6 d2g5
8/8/8/8/8/2QK1p2/1k3P1P/8 b - -,e7a3 f3g5 e8d7 g5f7 d8f7 h5f7 a5d8 f7h5 d7c6 d2g5
1r3rk1/1bn1Qpbp/pq4p1/2p5/2B2B2/2P2N2/1P3PPP/R4RK1 b - -,g7f6 e7c7 b7f3 a1a6 b6c7 f4c7 b8b2 a6f6 f3e2 c4e2
rnbqk2r/pp3ppp/4pn2/2bp4/4P3/2NB1Q2/PPP2PPP/R1B1K1NR b KQkq -,d5d4 c3e2 b8c6 f3g3 e6e5 a2a3 c5e7 b2b4 f6h5 g3f3
6k1/pp2rp2/6pp/5n2/6R1/3Q4/Pq4PP/5R1K b - -,b2e5 g4c4 h6h5 d3c3 e5c3 c4c3 e7e2 f1a1 b7b6 c3c1
1Q1Q4/5qpk/7p/8/8/8/5PPP/1b5K b - -,b2e5 g4c4 h6h5 d3c3 e5c3 c4c3 e7e2 f1a1 b7b6 c3c1
r2qkb1r/pp1b1ppp/8/8/4n3/4PN2/PP3PPP/R1BQKB1R b KQkq -,d8a5 c1d2 e4d2 f3d2 d7a4 b2b3 a4c6 a2a3 f8e7 b3b4
r4r1k/p4pp1/npp4p/2b1pB1b/7q/1Q1P1PN1/PPP4P/R1BK2NR b - -,c5f2 g3h5 h4h5 f5g4 h5h4 g4f5 g7g6 b3c3 f2d4 c3c6
r3k2r/ppq1bp2/2p1b2p/3pP1p1/3P4/1QNBP1P1/PP4P1/2KR3R b kq -,e8a8 d1f1 h6h5 b3c2 c6c5 d3f5 c8b8 c1b1 d8d7 f5e6
rn1q3r/p2b2pp/4kn2/2p5/1pP5/8/PPQ1PPPP/R3KBNR b KQ -,e6f7 g1f3 h8e8 g2g3 f7g8 f1g2 d7c6 a1d1 d8e7 e1h1
1r6/1PQ3pk/7p/8/8/7P/1R3PPK/4q3 b - -,e1e8 b2b3 e8d8 c7d8 b8d8 b7b8q d8b8 b3b8 h7g6 b8b5
3rr1k1/pp3pbp/1q4p1/3bNp1P/P2P1Q2/4B3/1P1R1PP1/R5K1 b - -,f7f6 e5d3 b6e6 f4c7 g6g5 a1e1 g7f8 f2f4 g5g4 e3f2
r2qnrk1/1bp3bp/np1p4/2PPp3/1P2P1p1/B1NB1pP1/2QN1P1P/R4RK1 b - -,b6c5 b4c5 d6c5 c2b3 a8b8 c3a4 b7c6 b3c3 c6a4 d3a6
1rb2r1k/2q2ppp/p1pb4/8/4P2Q/1BN5/PPP3PP/R4R1K b - -,f7f6 a1e1 a6a5 c3e2 a5a4 b3a4 b8b2 a4b3 c6c5 e4e5
r1bq2nr/1p2bkpp/p1np4/2pNp3/4P3/3P1N2/PPP2PPP/R1BQK2R b KQ -,g8f6 c2c3 h7h6 e1h1 c8e6 d5e7 d8e7 d3d4 c5d4 c3d4
1rbq1rk1/ppp2ppp/2n1p3/8/1nNP4/1Q2P1P1/P4PBP/R1BR2K1 b - -,b4d5 e3e4 d5b6 c1b2 b6c4 b3c4 f8e8 c4c3 f7f6 b2a3
r1bq1rk1/3nbppp/p1n1p3/1pppP3/2P4P/3P1NP1/PP2QPB1/RNBR2K1 b - -,b5c4 d3c4 d5d4 f3d4 c6d4 d1d4 c5d4 g2a8 f7f6 c1f4
rnbq1rk1/pp2bppp/4p3/1N1PP3/3p4/5N2/PP1Q1PPP/R3KB1R b KQ -,d8b6 d5d6 e7d8 b5d4 c8d7 f1d3 b8c6 e1h1 c6d4 f3d4
r3r1k1/ppq1bppp/2p5/3pn3/PP2b3/1QP1P2P/3NBPP1/R1B1R1K1 b - -,e7h4 e1f1 a8d8 c1b2 e4d3 e2d3 e5d3 d2f3 h4f6 f1d1
2k5/1p4p1/2b2p1p/p1Pp4/P2K1PPP/1B2P3/8/8 b - -,c8d7 g4g5 d7c7 b3d1 c7d8 g5g6 d8c7 d1c2 b7b6 c5b6
r1bq1rk1/p4p1p/1n2PBp1/1ppP4/6n1/2N2N2/PP2B1PP/R2QK2R b KQ -,g4f6 e2b5 f7e6 d5e6 d8d1 a1d1 c8e6 d1d6 e6d7 b5d7
8/8/4R3/4P3/4k2r/8/6K1/8 b - -,
5r1k/1pp3pp/p1nb4/8/7q/4r2P/PPP1QPP1/RN2R1K1 b - -,h4g4 g2f2 e4f5 e6e8 g4a4 f2f3 a4a3 f3e2 a3a1 e2d3
8/5K2/3k3p/6bP/4R3/8/8/8 b - -,d6d5 e4e1 g5f4 f7g6 d5d4 e1f1 f4g5 f1g1 g5e3 g1d1
8/R7/5k1P/5P2/5K2/8/8/6r1 b - -,
2k5/5p2/3r2pp/PK6/7P/5RP1/5P2/8 b - -,f7f5 b5c5 c8c7 h4h5 g6h5 f3f5 d6d3 a5a6 c7b8 f5f8
rnbq1rk1/pp3pbp/5np1/2p1p3/2P5/1P2PN2/PB2BPPP/RN1Q1RK1 b - -,d8d1 f1d1 e5e4 f3d2 h7h5 b1c3 c8f5 c3b5 b8c6 d2f1
8/5R2/4p1p1/4P3/4PP1P/6k1/5r2/4K3 b - -,f2a2 f7f6 g3g4 e1d1 a2a4 f6e6 g4f4 e6g6 a4d4 d1c2
6r1/5Q1k/5P2/8/8/6q1/6P1/6K1 b - -,f2b2 f7f6 g3g4 e1d1 b2b4 f6e6 g4f4 e6g6 b4d4 d1c2
r6k/p7/1p3q2/1P1Pp3/4PpQN/8/P4r2/2R4K b - -,f2f1 c1f1 f6h6 f1g1 a7a6 b5a6 f4f3 g4g5 h6g5 g1g5
3r2k1/R3Np1p/1p1P2p1/8/6n1/1P6/5P1P/6K1 b - -,g8f8 a7a4 g4e5 a4e4 e5f3 g1g2 f3d2 e4b4 d8d6 e7c8
8/6k1/5ppb/4p2p/1Q2P3/6P1/PP3K1P/6N1 b - -,g7h7 f2e2 h7g8 b4b7 g6g5 e2d3 f6f5 e4f5 g5g4 b7e7
8/8/8/8/7P/2QK1p2/k4P2/8 b - -,g7h7 f2e2 h7g8 b4b7 g6g5 e2d3 f6f5 e4f5 g5g4 b7e7
r1bq1rk1/4bppp/pnn1p3/1pppP3/2P4P/2NP1NP1/PP2QPB1/R1BR2K1 b - -,b5c4 d3c4 b6c4 c1g5 c4b6 a1c1 d8e8 b2b3 c8b7 g5f4
2kr3r/ppq1bp2/2p1b2p/3pP1p1/3P4/1QNBP1P1/PP4P1/1K1R3R b - -,f7f6 e3e4 f6e5 e4d5 e6d5 c3d5 d8d5 d4e5 c8b8 h1e1
8/8/R7/4P2r/4k3/8/6K1/8 b - -,
r2q1rk1/pp1n1pp1/2pb2p1/8/2BP2Q1/2P5/P4PPP/R1B1R1K1 b - -,d7b6 c4b3 b6d5 g2g3 d5c3 g4g6 c3d5 b3d5 c6d5 g6f5
8/4k3/7r/1p3BK1/p7/P1B4P/1P6/8 b - -,h6b6 h3h4 e7f7 h4h5 b6b8 f5g6 f7g8 h5h6 b8b7 g6f5
r4rk1/1pp1b1pp/p1q5/3pPp1Q/3Pn3/P3N3/1P3PPP/R1B1R1K1 b - -,g7g6 h5e2 e4g5 f2f4 g5e6 e3c2 c6d7 e1d1 a6a5 e2d3
8/1R4B1/2k3K1/8/8/1p5r/1P6/8 b - -,c6b7 g6f5 h3e3 f5f4 e3e2 g7d4 b7c6 f4f3 e2e6 f3f2
2R5/8/4p3/P2b1pk1/3b2p1/8/4N1P1/7K b - -,d4f2 a5a6 g4g3 e2c3 d5e4 c8c7 e4a8 a6a7 g5f6 c7c8
r1bqk2r/1p2npbp/p3p1p1/2ppP3/P2n1P2/2N2N2/BPPP2PP/R1BQ1RK1 b kq -,c8d7 f3d4 c5d4 c3e2 d7a4 d2d3 e7f5 a2d5 a4c2 d5c6
r1q2rk1/p3ppbp/b1pp1np1/8/Q1P1P3/2N1B3/PP2BPPP/2R2RK1 b - -,h7h5 f1d1 f6g4 e3g5 f8e8 b2b4 g4e5 a4b3 a8b8 b4b5
6Q1/7k/5P2/8/8/6q1/6P1/6K1 b - -,h7h5 f1d1 f6g4 e3g5 f8e8 b2b4 g4e5 a4b3 a8b8 b4b5
r1bq1rk1/4bppp/pnn1p3/2ppP3/2P4P/2N2NP1/PP2QPB1/R1BR2K1 b - -,b6c4 b2b3 c4b6 c1f4 a6a5 a2a4 c8a6 c3b5 b6d7 g2f1
8/R7/5k1P/5P2/3K4/8/8/4r3 b - -,
8/2nk4/PRp2pp1/4p2p/8/6P1/4PP1P/6K1 b - -,c7a6 b6a6 d7d6 g1f1 d6d5 f1e1 g6g5 e1d2 f6f5 d2d3
8/8/8/4r3/R3k3/8/6K1/8 b - -,
1r5r/3R1p1p/8/1p6/2q1n3/6P1/1Q5P/1K1k1B2 b - -,
1r5k/1P4p1/7p/5b2/1R6/5P2/1p3P1P/4R2K b - -,f5h3 b4b2 h8h7 e1e7 b8d8 b2b1 h6h5 b7b8q d8b8 b1b8
8/6k1/5pp1/4p2p/1Q2P3/4K1P1/PP5P/6N1 b - -,f5h3 b4b2 h8h7 e1e7 b8d8 b2b1 h6h5 b7b8q d8b8 b1b8
3rr1k1/pp4bp/1q3pp1/3b1p1P/P2P1Q2/3NB3/1P1R1PP1/R5K1 b - -,b6e6 h5g6 h7g6 d3c5 e6f7 d2c2 g7f8 a4a5 f8d6 f4h6
3rr1k1/1p2q1p1/p3pn1p/3p4/8/2PQ1P1P/PPB1R1P1/4R1K1 b - -,e7d6 d3d4 d8c8 c2d3 g8f7 g1h1 e8e7 f3f4 f6d7 d4e3
r6k/p5q1/1p6/1P1Pp2Q/4Pp1N/8/P4r2/2R4K b - -,h8g8 c1g1 g7g1 h1g1 f2c2 h5g6 g8h8 g6f6 h8g8 h4f5
1rbq1rk1/ppp2ppp/4p3/3n4/1nNP4/1Q2P1P1/P4PBP/R1BR2K1 b - -,b4a6 a2a4 b7b6 e3e4 d5f6 c4e5 d8e8 c1g5 f6h5 a1c1
5k2/2p4p/p3b1pB/1p6/3b4/P7/1P3PPP/R2q1NK1 b - -,f8f7 a1d1 d4b2 h6c1 b2g7 c1e3 f7e8 e3c5 a6a5 f1d2
8/8/8/7P/8/2QK1p2/5P2/1k6 b - -,f8f7 a1d1 d4b2 h6c1 b2g7 c1e3 f7e8 e3c5 a6a5 f1d2
1r2q3/1PQ3pk/7p/8/8/1R5P/5PPK/8 b - -,e8g8 b3g3 b8f8 g3e3 g8d5 b7b8q f8b8 c7b8 d5c6 e3f3
r2q1rk1/pp2np2/3p1npp/2p1p3/4P3/1P1P1B1P/PBPQ1PP1/R4RK1 b - -,g8h7 f3e2 e7c6 f2f4 d8e7 c2c3 f6g8 f1f2 b7b5 a1f1
2kr3r/ppq1b3/2p1bp1p/3pP1p1/3PP3/1QNB2P1/PP4P1/1K1R3R b - -,f6e5 e4d5 e6d5 c3d5 d8d5 d4e5 h8d8 h1e1 a7a6 d3c2
r3n2R/p2Q1kr1/2p1bq2/1p2p3/8/1BN3p1/PP6/2K4R b - -,f6e5 e4d5 e6d5 c3d5 d8d5 d4e5 h8d8 h1e1 a7a6 d3c2
r7/1p3pk1/p1b1p3/4b3/8/P1N3P1/1P3P2/R4BK1 b - -,a8c8 a1d1 b7b5 f2f4 e5c3 b2c3 c6d5 d1c1 d5c4 f1g2
2kr1b1r/pp3pp1/2n5/8/3PqN1p/4P3/PP3PPP/R1BQ1RK1 b - -,e4e7 d1g4 c8b8 c1d2 g7g5 f4h3 f7f6 f2f4 e7e4 h3f2
r1q1k2r/p3ppbp/b1pp1np1/2P5/Q3P3/2N1B3/PP2BPPP/R3K2R b KQkq -,a6b5 c3b5 c6b5 e2b5 e8f8 c5d6 e7d6 a1c1 c8e6 b5c6
r1bqk2r/ppp2p1p/6p1/3Pp3/1Q6/8/PPnP1PPP/RNBK2NR b kq -,c2b4 g1f3 c8f5 d2d3 b4d3 b1c3 d3f2 d1e2 f2h1 c1e3
r1bkqr2/ppp3p1/2np1n1p/2b1p3/4P3/P1N2N2/1PPPBPPP/R1BQ1RK1 b - -,g7g5 d2d3 g5g4 f3h4 c6d4 g2g3 f8g8 c1e3 c8d7 c3b1
rn5r/pp2kp2/6p1/2pP4/5R2/2N1P1PP/PP1P3K/R1B5 b - -,b8d7 d2d4 h8h6 d5d6 e7e6 d4d5 e6d6 e3e4 a8h8 h3h4
2br4/8/pp1k1qn1/6BQ/3P4/6P1/PP3PP1/4R1K1 b - -,f6f7 g5d8 f7f5 h5f5 c8f5 d8b6 f5c2 b6a5 d6d5 f2f3
6r1/4Q2k/5P2/8/8/6q1/6P1/6K1 b - -,h7h6 e7e2 g8c8 e2d2 g3g5 d2g5 h6g5 f6f7 c8f8 g1f2
rn2rnk1/1bq1bp1p/p2p4/4pPP1/1p3P1Q/3BB2R/PPP1N2P/R5K1 b - -,c7c6 g1f2 c6g2 f2e1 b7e4 h3g3 g2h1 e1f2 e4d3 a1h1
1rb2r1k/2q3pp/p1pb1p2/8/4P2Q/1BN2R2/PPP3PP/R6K b - -,c7e7 a1e1 b8b4 f3d3 e7e5 h4g3 e5g3 h2g3 d6e5 a2a3
rnb2rk1/ppN1bppp/4p3/3qP3/3p4/5N2/PP1Q1PPP/R3KB1R b KQ -,e7g5 d2d4 d5a5 d4c3 a5c3 b2c3 g5d8 c7a8 b7b6 a2a4
r2qk2r/pp1b1ppp/8/8/1b2n3/4PN2/PP1B1PPP/R2QKB1R b KQkq -,e4d2 f3d2 e8h8 f1e2 d7c6 a2a3 b4d2 d1d2 d8g5 h1g1
8/8/7P/8/8/2QK1p2/k4P2/8 b - -,d8b6 a2a3 e4d2 f3d2 b4e7 d1b3 b6b3 d2b3 e7f6 b3d4
3rr1k1/1p4p1/p3pn1p/2qp4/8/2PQ1P1P/PPB1R1P1/4R2K b - -,c5d6 d3d4 d8c8 c2d3 e8e7 f3f4 f6d7 g2g3 g8f7 d4e3
r4rk1/pbqn1ppp/1p1bpn2/2pp4/3P4/2PBPNB1/PPQN1PPP/4RRK1 b - -,d6g3 h2g3 c5c4 d3e2 b6b5 b2b3 a7a5 e1a1 a5a4 b3c4
1r5r/3R1p1p/8/1p6/2B1n3/6P1/1Q5P/1K2k3 b - -,
6k1/pp3P1p/4p1n1/q1brP3/2p3P1/2P5/PrPBQ1K1/5R1R b - -,g8h8 d2g5 h8g7 g5f6 g7f7 f6d8 f7g8 d8a5 b7b6 h1h2
2r2rk1/1bn1Qpbp/pq4p1/2p5/2B2B2/2P2N2/1P3PPP/R2R2K1 b - -,h7h6 d1d7 b7d5 c4d5 c7d5 d7d5 b6b2 a1f1 b2c3 f4e5
8/2p2kpp/p3p3/4r1B1/1pP5/6P1/PPR2P1P/6K1 b - -,e5e1 g1g2 e1d1 b2b3 d1d4 g5f4 d4f4 g3f4 f7f8 c2d2
2kr3r/ppq1b3/2p1b2p/3Pp1p1/3P4/1QNB2P1/PP4P1/1K1R3R b - -,e6d5 c3d5 d8d5 d4e5 h8d8 h1e1 c8b8 d3c2 d5e5 d1d8
r1bq1rk1/4bppp/pnn1p3/1pppP3/2P4P/N2P1NP1/PP2QPB1/R1BR2K1 b - -,c8b7 b2b3 h7h6 c1f4 b5c4 d3c4 d8c7 c4d5 b6d5 f4d2
r6r/pp1nkp2/6p1/2pP4/5R2/1PN1P1PP/P2P3K/R1B5 b - -,g6g5 f4e4 e7d6 c1b2 d7f6 c3b5 d6d5 e4a4 f6e4 b5c7
8/8/4pRp1/4P3/4Pr1P/6k1/8/4K3 b - -,
8/2kb4/p2r4/1pN1Q3/8/8/PP6/2K5 b - -,c7c6 c5a6 d7c8 e5c5 c6d7 c5c7 d7e6 c7c8 e6f6 a6c5
8/5K2/3k3p/6bP/8/8/8/4R3 b - -,d6c7 e1d1 c7b7 f7g7 b7c6 g7g6 g5f4 d1d8 c6b6 d8d7
r1bq1rk1/pp2bppp/2n1p3/3N4/3N4/6P1/PP2PPBP/R1BQ1RK1 b - -,e6d5 c1e3 e7f6 a1c1 f6d4 e3d4 c8e6 b2b4 c6d4 d1d4
8/R7/5k1P/5P2/4K3/8/8/7r b - -,
4r1k1/5pp1/5n2/p2N4/2pR2P1/5P1P/P3PQK1/2q5 b - -,c4c3 d5f6 g7f6 d4c4 c1d1 e2e4 e8d8 g2g3 d1d6 g3g2
r1rk4/pp1q3p/4Npp1/3p4/5Q2/8/PP3PPP/4R1K1 b - -,d8e7 e6c5 e7d8 f4f6 d8c7 c5d7 c8e8 f6f4 c7d7 f4f7
1r4q1/1PQ3pk/7p/8/8/6RP/5PPK/8 b - -,h6h5 g3g5 g8f8 g5h5 h7g6 h5h4 f8d8 c7g3 g6f7 g3b3
rnbqk1nr/4ppbp/p1pp2p1/1p6/2PPP3/2NBB3/PP2NPPP/R2QK2R b KQkq -,b5b4 c3a4 b8d7 e1h1 g8f6 h2h3 e8h8 f2f4 e7e5 d4e5
3Q3k/pp2rp2/6pp/5n2/6R1/8/Pq4PP/5R1K b - -,h8g7 g4c4 b2e2 c4c1 b7b6 a2a4 e7e4 a4a5 e4e5 d8d1
rnb2rk1/ppN1bppp/4p3/4P3/3pq3/5N2/PP2QPPP/R3KB1R b KQ -,e4f4 a2a3 b7b6 g2g3 f4g4 f1g2 e7d8 c7a8 c8a6 e2c2
rnbqkb1r/pp3ppp/2p1pn2/3p4/4P3/P2P3P/1PP1QPP1/RNB1KBNR b KQkq -,f8e7 g1f3 e8h8 c1f4 c6c5 b1d2 b7b5 g2g4 b5b4 f1g2
2r3k1/2p3pp/2p1bp2/8/3BP1nN/3P4/2P3PP/5RK1 b - -,e6d7 f1a1 g4h6 d4e3 h6f7 g1f2 f7d8 f2e2 g8f8 e2d2
r1q1k2r/p3ppbp/2pp1np1/2P5/Q3P3/4B3/PP2NPPP/R3K2R b KQkq -,d6d5 e1h1 d5e4 e2d4 e8h8 a1c1 f6g4 d4c6 c8c7 g2g3
8/p6p/6p1/2kP4/8/6KP/P5P1/8 b - -,c5d6 g3f4 h7h6 f4e4 d6e7 e4e5 g6g5 g2g4 a7a6 e5f5
8/3k4/P1p2pp1/1R2p2p/8/6P1/4PP1P/6K1 b - -,c6b5 a6a7 f6f5 a7a8q d7d6 g1g2 g6g5 a8b8 d6c6 b8e8
8/8/4pRp1/4P3/4r2P/6k1/3K4/8 b - -,
3r2k1/2p2ppp/2p1bn2/4P1B1/5p1N/3P4/2P3PP/5R1K b - -,d8d5 g5f6 g7f6 e5f6 d5a5 h1g1 a5a2 h4f3 c6c5 c2c4
r2q1rk1/ppp2ppp/3pbn2/8/P2NP3/3P1P2/1PP3PP/R1BQ1RK1 b - -,c7c5 d4e2 d6d5 d1e1 b7b6 e4e5 f6e8 f3f4 d8c8 e2g3
r6r/pp2kp2/6p1/2pPn3/3P1R2/1PN1P1PP/P6K/R1B5 b - -,e5d3 d4c5 f7f5 e3e4 h8h5 f4h4 a8c8 h4h5 g6h5 c1a3
7k/pp3P1p/4p1n1/q1brP1B1/2p3P1/2P5/PrP1Q1K1/5R1R b - -,h8g7 g5f6 g7f7 f6d8 f7g7 d8a5 b7b6 h1h2 b6a5 g2h1
r6k/p6q/1p6/1P1PQ3/4Pp1N/8/P4r2/2R4K b - -,h7g7 h4g6 h8g8 e5e6 g7f7 g6e7 g8f8 e6h6 f7g7 h6h3
1rbq1rk1/p1p2ppp/4p3/1p1nN3/1n1P4/1Q2P1P1/P4PBP/R1BR2K1 b - -,d8d6 e3e4 d5f6 c1g5 c8b7 g5f6 g7f6 e5g4 d6e7 a2a3
4kb1r/1q3pp1/p3p3/7p/8/2N5/1P2QPPP/R2R2K1 b - -,f8c5 c3e4 b7b4 e4c5 b4c5 e2a6 e8e7 a6b7 e7f6 h2h4
r2q1rk1/1b2bppp/pnn1p3/1pppP3/2P4P/NP1P1NP1/P3QPB1/R1BR2K1 b - -,h7h6 c1f4 b5c4 d3c4 d8c7 c4d5 b6d5 f4d2 a8d8 a3c4
8/8/6P1/8/4k2K/8/8/8 b - -,b5b4 a3c2 a6a5 a2a4 b4a3 a1a3 a5a4 b3a4 a8a4 a3a4
8/4k3/2r5/1p3BK1/pB6/P6P/1P6/8 b - -,e7f7 b4c3 b5b4 c3b4 c6c1 f5e4 c1g1 g5f4 g1f1 e4f3
8/2p2kpp/p3p3/8/1pP2P2/4K1P1/PPR4P/7r b - -,c7c5 a2a3 b4a3 b2a3 f7f6 c2b2 h1a1 b2b8 a1a3 e3e4
rnbk1bnr/ppp2ppp/8/4P3/4p3/8/PPP1BPPP/RNB1K1NR b KQ -,b8c6 b1c3 c6e5 c3e4 c8f5 g1f3 e5c6 e4g5 g8h6 e2c4
rnb2rk1/ppN2ppp/4p3/4P3/1b1pq3/5N2/PP2QPPP/R2K1B1R b - -,e4e2 f1e2 c8d7 c7a8 d7a4 b2b3 a4c6 a1c1 b4c3 a8c7
6k1/2p4p/p3b1pB/1p6/3b4/P7/1P3PPP/3R1NK1 b - -,d4b2 h6c1 b2c3 d1d8 g8g7 d8a8 e6d5 a8a7 c3e5 c1d2
1r5k/1P4p1/7p/8/8/5P2/5P1P/1R5K b - -,g7g5 h1g2 h8h7 g2g3 h6h5 f3f4 h5h4 g3g4 g5f4 g4h4
8/p6p/6p1/3k4/5K2/7P/P5P1/8 b - -,h7h5 f4g5 d5e6 g5g6 h5h4 g6g5 e6f7 g5h4 f7g6 h4g4
8/8/4p1R1/4r3/7P/6k1/3K4/8 b - -,
r6r/pp2kp2/6p1/3Pn3/3p1R2/BPN1P1PP/P6K/R7 b - -,e7d8 e3d4 g6g5 d4e5 g5f4 g3f4 a7a5 a1c1 a5a4 b3a4
r2q1rk1/1b2bppp/pnn1p3/2ppP3/2P4P/N2P1NP1/P3QPB1/R1BR2K1 b - -,a8b8 c1d2 b7a8 d1b1 d5d4 b1b3 d8c7 a3c2 h7h6 a1b1
4n3/p3kr2/2p3R1/1p1rp3/4Nq2/8/PPB3Q1/1K5R b - -,e7d7 e4g5 e5e4 g5f7 f4f7 h1f1 d5f5 f1f5 f7f5 c2e4
rnbqk2r/pp3ppp/4pn2/2b5/4B3/2N2Q2/PPP2PPP/R1B1K1NR b KQkq -,e8h8 g1e2 f6e4 c3e4 c5b4 c1d2 b4d2 e4d2 b8c6 e1a1
r1rk4/pp5p/4Rpp1/3p4/5Q2/8/PP3PPP/6K1 b - -,e8h8 g1e2 f6e4 c3e4 c5b4 c1d2 b4d2 e4d2 b8c6 e1a1
2kr1b1r/ppp1pppp/2n2nb1/3N4/Q2PP3/8/PP1N1PPP/R3KB1R b KQ -,e7e5 a1c1 g6e4 d5f6 g7f6 d2e4 f8b4 e1d1 d8d4 d1c2
8/2p2ppp/8/1P1k4/1Kp5/P4PP1/7P/8 b - -,d5d4 a3a4 c4c3 b4a5 c3c2 a5a6 c2c1q a6b7 c1c4 f3f4
8/3R4/8/p5p1/k1K4p/2P2P2/8/8 b - -,d5d4 a3a4 c4c3 b4a5 c3c2 a5a6 c2c1q a6b7 c1c4 f3f4
8/3b4/N1kr4/1p2Q3/8/8/PP6/2K5 b - -,d7c8 e5c5 c6d7 c5c7 d7e6 c7c8 e6f6 c8f8 f6e5 f8h8
4r1k1/5pp1/5n2/p5P1/2pR4/2N2P1P/P3PQK1/2q5 b - -,c1c3 g5f6 c3b2 d4e4 e8e4 f3e4 b2e5 f2b6 c4c3 b6c6
5rk1/q4ppp/4pb2/8/r1Bp4/P2Q4/R1P2PKP/3R4 b - -,a7c5 c4b3 a4a5 a3a4 c5c6 f2f3 c6c7 d1f1 a5c5 d3d2
r1b1k2r/ppp1q1b1/3p1npp/5p2/3Pp2N/1QP1P3/PP2BPPP/RN3RK1 b kq -,e7f7 b3f7 e8f7 g2g3 g6g5 h4g2 d6d5 c3c4 c7c6 b1c3
3r2k1/R4ppp/1p1P4/8/6nN/1P5P/5P2/6K1 b - -,g4f2 g1f2 g7g6 d6d7 g8f8 a7b7 f8e7 b7b6 d8d7 h4f3
r4r1k/pp4pp/1q4b1/3BQ3/8/5pP1/PP3P1P/2R1R1K1 b - -,a8d8 c1c7 b6f6 e5f6 f8f6 e1c1 b7b6 c7a7 f6f8 d5c6
4r1k1/p1Q2ppp/8/8/8/2P4P/P2q1PP1/R5K1 b - -,a7a6 c7c6 e8d8 c3c4 d2c3 a1b1 g7g6 c6a6 d8d4 c4c5
6R1/1k6/3K4/3P4/8/8/8/3r4 b - -,d1h1 g8g7 b7c8 g7g6 h1d1 g6g8 c8b7 g8g7 b7c8 g7g6
3rr1k1/ppq1bppp/2p5/3pn3/PP2N3/1QP1P2P/4BPP1/R1B1R1K1 b - -,d5e4 e1d1 d8d1 b3d1 e5d3 e2d3 e8d8 a1a2 d8d3 a2d2
3r1r2/pp2q1k1/2pp1p1p/P1P1pRn1/1P1PP1Q1/1B2P3/6P1/5R1K b - -,a7a6 c5d6 e7d6 d4e5 f6e5 b3f7 d8d7 f7h5 f8f5 g4f5
3R1bk1/7p/p3r1p1/1pB2npq/1P6/6P1/1Q5P/3R2K1 b - -,h5d1 d8d1 g5g4 b2a2 g8f7 c5f8 f7f6 f8c5 e6e4 a2a6
r1b5/p3kN2/2p5/1p2p3/8/6p1/PPBQ4/2K5 b - -,c8e6 d2g5 e7d7 f7e5 d7d6 g5g3 a8g8 e5f7 d6e7 g3g8
r1b1kbnr/pp1ppppp/2n5/q1p5/4P3/2N2N2/PPPP1PPP/R1BQKB1R b KQkq -,a7a6 d2d4 c5d4 f3d4 g8f6 d4b3 a5c7 f2f4 e7e6 f1d3
4r1k1/5pp1/8/p2n4/4R1P1/2N2P1P/P3PQK1/2q5 b - -,
1rbq1rk1/2p2ppp/4p3/pp1nN3/1n1PP3/1Q4P1/P4PBP/R1BR2K1 b - -,f7f6 e4d5 f6e5 d5e6 d8e7 a2a3 e7e6 b3e6 c8e6 a3b4
8/8/8/8/2Q4K/4k3/8/8 b - -,f7f6 e4d5 f6e5 d5e6 d8e7 a2a3 e7e6 b3e6 c8e6 a3b4
2R5/8/P3p3/3bb1k1/5Np1/8/6P1/7K b - -,
rnbq1rk1/1pp1ppbp/3p1np1/p5N1/3P1B2/4P3/PPPNBPPP/R2QK2R b KQ -,a5a4 a2a3 f6h5 e2h5 e7e5 d4e5 d6e5 f4g3 d8g5 h5e2
6R1/8/4p3/4r3/7k/8/3K4/8 b - -,
r2qk2r/1p2npbp/p3p1p1/3pP3/b2p1P2/8/BPPPN1PP/R1B1QRK1 b kq -,d8b6 b2b3 d4d3 f1f2 a4b5 c2d3 e7c6 g1h1 g7f8 c1b2
1r2r1k1/5p2/6p1/p2P3p/4P2P/1p4P1/2q1RP2/4R1K1 b - -,c2e2 e1e2 a5a4 g3g4 a4a3 e2e1 b3b2 g4h5 a3a2 h5g6
r2qk2r/pp1b1ppp/8/8/1b6/4P3/PP1N1PPP/R2QKB1R b KQkq -,e8h8 f1e2 d7c6 a2a3 b4d2 d1d2 d8g5 h1g1 f8d8 d2b4
r3r1k1/ppq1bppp/2p5/3pN3/PP2b3/1QP1P2P/4BPP1/R1B1R1K1 b - -,c7e5 a1a2 e5g5 g2g3 h7h5 e1f1 g5g6 g1h2 a7a6 f2f3
8/8/6Kp/3k2bP/8/8/8/4R3 b - -,d5d6 e1g1 g5e3 g1d1 d6c7 d1d3 e3f4 g6f5 f4d6 d3d1
1r4q1/1PQ3pk/8/6Rp/8/7P/5PPK/8 b - -,g8f8 g5h5 h7g6 h5h4 f8d8 c7g3 g6f7 g3b3 f7g6 b3e6
r1bqk2r/1p3p1p/p1n2p2/2bQ4/8/2N2N2/PP2PPPP/R3KB1R b KQkq -,d8b6 e1a1 c8e6 d5e4 c5f2 c1b1 e8h8 e2e3 f6f5 e4f4
3r4/1p3pk1/p1b1p3/4b3/8/P1N3P1/1P3P2/3R1BK1 b - -,d8d1 c3d1 c6f3 d1c3 g7f6 f1d3 e5d4 g1f1 f6e5 f1e1
8/5k2/5ppb/4p2p/PQ2P3/6P1/1Pq2PKP/6N1 b - -,f7e6 a4a5 h6e3 b4e1 e3c5 e1e2 c2e2 g1e2 e6d7 a5a6
8/p6p/4k3/4b2P/2p1K1P1/3p4/P4R2/8 b - -,a7a5 g4g5 e5c3 a2a4 e6d6 f2f1 c3e5 e4e3 d6d5 f1f5
2r2rk1/pp3pp1/1npb2p1/6B1/3P4/1BP5/P4PPP/R3R1K1 b - -,b6d5 c3c4 d6f4 g5f4 d5f4 e1e7 f4e6 e7b7 e6d4 b7a7
2r2rk1/2n1Qpbp/pq4p1/2p5/2B2B2/2P2P2/1P3P1P/R2R2K1 b - -,g6g5 f4g3 g7f6 e7d6 b6d6 d1d6 c7e6 d6e6 f7e6 c4e6
r2qkb1r/1b3ppp/p3pn2/1p2N3/2pP4/2P5/PPB1QPPP/R1B2RK1 b kq -,d8c7 c1g5 h7h6 g5h4 f8d6 f2f4 f6d5 f4f5 d6e5 d4e5
1r6/4pk1p/p1bp1P2/8/P1Pr1P2/K2BR2P/P2R4/8 b - -,d4f4 f6e7 b8e8 d2e2 h7h5 d3c2 c6d7 c2b3 f4f5 c4c5
r6r/pp1k1p2/6p1/3Pn3/3P1R2/BPN3PP/P6K/R7 b - -,g6g5 d4e5 g5f4 g3f4 h8h6 a1g1 a8h8 g1g3 h6a6 a3c5
rnbqk2r/pp2bppp/2p1pn2/3p4/4P3/P1PP3P/1P2QPP1/RNB1KBNR b KQkq -,e6e5 e4d5 f6d5 c3c4 d5c7 e2e5 e8h8 e5e2 f8e8 c1e3
r1bk1bnr/ppp2ppp/2n5/4P3/4p3/7N/PPP1BPPP/RNB1K2R b KQ -,c8h3 g2h3 c6e5 c1e3 f7f5 b1d2 g8f6 e1a1 f8d6 f2f3
8/5k2/p2pRp2/PprP3r/5R2/2P3K1/1P6/8 b - -,h5d5 f4f6 f7g7 e6d6 d5g5 g3f3 g5g1 f3e3 g1g3 f6f3
r2q1rk1/pp3ppp/3pbn2/2p5/P3P3/3P1P2/1PP1N1PP/R1BQ1RK1 b - -,d6d5 b2b3 a8c8 d1e1 f6d7 e1g3 f8e8 c1h6 d8f6 h6d2
8/8/8/p5p1/k1K5/2P2P1p/8/3R4 b - -,d6d5 b2b3 a8c8 d1e1 f6d7 e1g3 f8e8 c1h6 d8f6 h6d2
8/4k1pp/p3p3/2p5/1pP2P2/5KP1/PP1R3P/7r b - -,h1c1 b2b3 g7g6 d2e2 e7f6 f3f2 h7h6 e2e5 c1h1 f2g2
2kr3r/ppq1b3/2p4p/3Np1p1/3P4/1Q1B2P1/PP4P1/1K1R3R b - -,d8d5 d4e5 h8d8 h1e1 c8b8 d3c2 d5e5 d1d8 e7d8 e1e5
r3n2R/p4k2/2p5/1p2p3/5Q2/6p1/PPB5/2KN4 b - -,e5f4 h8h7 f7e6 d1c3 e8f6 h7g7 a8h8 c3e2 h8h1 c1d2
Q3k2r/p2qb2p/1p4pB/8/3P4/6P1/PPP2P1P/R5K1 b - -,d7c8 a8c8 e8f7 c8h8 e7b4 h8h7 f7e8 h7g6 e8e7 g6g7
1r3r1k/2qb2pp/p1pb1p2/8/4P2Q/1BN2R2/PPP3PP/3R3K b - -,
8/7P/8/8/1k3P2/3p2p1/8/4K3 b - -,
3Q4/pp2rpk1/6pp/5R2/6R1/8/Pq4PP/7K b - -,g3g2 e1f2 d3d2 h7h8q g2g1q f2g1 d2d1q g1f2 d1d2 f2f3
1rbq1rk1/2p2ppp/4p3/1p1nN3/pn1PP3/6P1/PQ3PBP/R1BR2K1 b - -,b4a2 a1a2 d5e7 a2a1 c8b7 d4d5 e6d5 b2b5 d8e8 b5e2
8/8/8/R7/8/3K1pkp/8/6N1 b - -,
1r2r1k1/5p2/6p1/p2P3p/4P2P/1p4P1/4RP2/6K1 b - -,a5a4 g1h2 a4a3 d5d6 b3b2 e4e5 b2b1q d6d7 e8d8 e5e6
r6r/pp1k1R2/6p1/3P4/3P4/BPNn2PP/P6K/R7 b - -,d7e8 f7f3 e8d7 f3d3 a8e8 a1f1 h8h7 d5d6 a7a5 h2g2
2kr1b1r/pp3pp1/2n3q1/3N4/3P3p/4PB2/PPbQ1PPP/R1B1K2R b KQ -,d8d5 e1h1 f8b4 d2e2 c2d3 e2d1 d3f1 g1f1 d5d7 h2h3
r1r5/pp1qk2p/5pp1/2Np4/5Q2/8/PP3PPP/4R1K1 b - -,e7d8 f4f6 d8c7 c5d7 c8e8 f6f4 c7d7 f4f7 d7d6 e1e8
2r2rk1/pp3pp1/2pb2p1/3n2B1/2PP4/1B6/P4PPP/R3R1K1 b - -,d6f4 g5f4 d5f4 e1e7 f4e6 e7b7 e6d4 b7a7 c8a8 a7a8
r6k/p5q1/1p6/1P1P3Q/4Pp1N/8/P4r2/2R4K b - -,h8g8 c1g1 f4f3 g1g7 g8g7 h4f5 g7f6 h5h4 f6e5 h4f2
2r4k/1q3rp1/3R3p/1P3bN1/1p1b3P/8/4QPP1/4R2K b - -,d4c3 g5f7 b7f7 e1d1 b4b3 b5b6 b3b2 e2f3 c3a5 b6b7
8/p6p/6p1/1k1P4/8/7P/P5PK/8 b - -,b5b6 h2g3 h7h6 g3f4 b6c7 f4e5 c7d7 e5f6 g6g5 f6g6
r1q2rk1/p3ppbp/2pp1np1/2P5/Q3P3/4B3/PP2NPPP/R4RK1 b - -,d6d5 e2d4 d5e4 a1e1 a7a5 d4c6 c8c7 e3d4 f6g4 g2g3
r3r1k1/pp2bppp/2p1q3/3p4/PP2bP2/2P1P2P/4B1P1/R1BQR1K1 b - -,e6g6 e2g4 a7a5 c1d2 e7h4 e1f1 e4d3 g4e2 d3c2 d1c1
2k5/8/3r2pp/PK3p2/7P/2R3P1/5P2/8 b - -,c8b7 b5c5 d6a6 f2f4 a6c6 c5d4 c6d6 d4e5 d6a6 c3c5
r1bqk2r/1p3p1p/p1n2p2/2bp4/8/1QN1PN2/PP3PPP/R3KB1R b KQkq -,d8a5 a1c1 f6f5 f1d3 d5d4 e3d4 c6d4 f3d4 c5d4 e1h1
2R5/P7/4p3/3bb3/5kp1/8/6P1/7K b - -,
5rk1/1q3ppp/4pb2/8/r1Bp4/P2Q2K1/R1P2P1P/3R4 b - -,b7c7 g3g2 a4c4 d3f3 c4c5 a3a4 c5f5 f3e4 f5h5 f2f4
4r3/4P2p/2R5/6p1/Ppkp1pP1/2p2P1P/1PK5/8 b - -,
5Q2/3K4/8/4k3/6r1/8/8/8 b - -,g4f4 f8e8 e5d4 e8e2 f4e4 e2d2 d4e5 d7c6 e4c4 c6b6
2r2rk1/3RQpbp/pq4p1/1np5/2B2B2/2P2P2/1P3P1P/R5K1 b - -,b6c6 c4f7 g8h8 f7e6 c6d7 e6d7 b5c7 a1d1 c7e6 d7c8
rnbq1rk1/pp2bppp/2p1pn2/3p4/4P3/P1PP3P/1PQ2PP1/RNB1KBNR b KQ -,e6e5 g1f3 b8d7 f1e2 f8e8 e1h1 h7h6 b2b4 a7a5 c1b2
r1bqk2r/ppp2pp1/2np1n2/2b1p1Bp/4P3/3P2P1/PPP1NPBP/RN1Q1RK1 b kq -,h5h4 g3h4 c8g4 h2h3 g4e2 d1e2 c6d4 e2d2 d4e6 b1c3
r1bqr1k1/ppp3Pp/2n4B/2bQ2p1/2pp4/8/PPP2PPP/RN2R1K1 b - -,c8e6 d5c5 d8d5 c5d5 e6d5 b1a3 a7a6 h6g5 b7b5 c2c3
2k4r/ppq1b3/2p4p/3rP1p1/8/1Q1B2P1/PP4P1/1K1R3R b - -,h8d8 h1e1 c7a5 d3c2 d5d1 e1d1 a5e5 d1d8 e7d8 g3g4
1r3q2/1PQ3pk/8/7R/8/7P/5PPK/8 b - -,h7g6 h5h4 f8d8 c7g3 g6f7 g3b3 f7f6 h4f4 f6e5 b3e3
8/1p3pk1/p1b1p3/4b3/8/P5P1/1P3P2/3N1BK1 b - -,c6f3 d1c3 g7f6 f1d3 e5d4 g1f1 f6e5 f1e1 b7b5 d3c2
r5k1/1pb2ppp/p3pn2/Pq2N2r/3Q4/1P6/1BP2PPP/R3R1K1 b - -,a8c8 e5g4 f6e8 d4e3 c7a5 e1e2 c8d8 g4e5 a5b6 c2c4
r3k2r/pp2R3/6p1/3P4/3P4/BPNn2PP/P6K/R7 b - -,e8d8 e7e3 a7a5 e3d3 b7b5 a3c5 b5b4 c3e4 a5a4 b3a4
8/8/8/8/8/3K1pk1/7p/R5N1 b - -,
4r1k1/5pp1/8/p7/6P1/2N1RP1P/P3PQK1/2q5 b - -,e8b8 c3d5 g7g5 d5f6 g8g7 f6h5 g7h6 h5g3 c1e3 g3f5
8/8/4p1p1/4P3/4PR1P/6k1/8/4K3 b - -,g3f4 e1f2 f4e4 f2g3 e4e5 g3g4 e5f6 g4f4 e6e5 f4e4
1r6/1P4k1/1R4pp/8/8/5P2/5PKP/8 b - -,g7h8 g2h3 h8g8 f3f4 g8g7 h3g4 g7f7 h2h4 f7f8 h4h5
7k/2p1q1p1/5r1p/pP1P4/bb3P2/3Q2P1/1B2PKB1/7R b - -,e7c5 e2e3 a4b5 d3e4 c5d6 b2e5 d6a6 e5f6 a6f6 h1c1
2b5/8/N1kr4/1pQ5/8/8/PP6/2K5 b - -,c6d7 c5c7 d7e6 c7c8 e6f6 c8f8 f6e5 f8h8 e5e4 h8h4
r3n3/p7/2p4k/1p6/5p2/8/PPB5/2K3Q1 b - -,c6d7 c5c7 d7e6 c7c8 e6f6 c8f8 f6e5 f8h8 e5e4 h8h4
8/p6p/6p1/1k2Q3/2q1P3/7P/P5PK/8 b - -,b5a6 e5d5 c4c1 e4e5 a6b6 e5e6 c1c6 d5d4 b6b7 d4e3
r1bq3r/1p2Nkpp/p1np1n2/2p1p3/4P3/3P1N2/PPP2PPP/R1BQK2R b KQ -,d8e7 c2c3 h8d8 e1h1 f7g8 c1g5 h7h6 g5h4 c8g4 h2h3
3rr1k1/pb3p1n/1pp1q1pp/4Pn2/3PB3/1P4P1/PBQ2N1P/3RR1K1 b - -,b7a8 c2c1 h6h5 e4g2 e6e7 f2h3 h5h4 e5e6 h4g3 h2g3
8/8/5p2/1p3p1p/1K2kP1P/P5P1/8/8 b - -,b7a8 c2c1 h6h5 e4g2 e6e7 f2h3 h5h4 e5e6 h4g3 h2g3
8/2p2ppp/8/1P1k4/P1p5/2K2PP1/7P/8 b - -,d5c5 a4a5 c5b5 a5a6 b5a6 c3c4 a6b6 h2h4 h7h6 c4b4
r1bqrnk1/pp3ppp/2pb1p2/8/2PP4/3BBN2/PP3PPP/R2QR1K1 b - -,c8g4 h2h3 g4h5 c4c5 d6c7 d3c4 e8e4 g2g4 h5g6 f3h4
r2qk2r/ppp2pp1/2np1n1p/2b1p3/4P3/1PNP1N1P/1PP2PP1/R1BQ1RK1 b kq -,a7a6 c1e3 e8h8 d3d4 c6d4 f3d4 e5d4 e3d4 c5d4 d1d4
r1bqkbnr/pp3ppp/2n1p3/2P5/PP1p4/2P5/1B2PPPP/RN1QKBNR b KQkq -,d4c3 d1d8 e8d8 b1c3 c6b4 a1d1 c8d7 g1f3 g8f6 f3e5
1rbq1rk1/2p2ppp/4p3/1p1nN3/1n1PP3/pQ4P1/P4PBP/R1BR2K1 b - -,b4a2 a1a2 d5e7 c1a3 b5b4 a3b2 d8d6 e5c4 d6c6 a2a1
2r2rk1/pp3pp1/2pb1np1/2P3B1/3P4/1B6/P4PPP/R3R1K1 b - -,d6c7 g5f6 g7f6 e1e7 a7a5 g2g3 b7b5 a2a4 c7d8 e7d7
2n2rk1/5ppp/4p3/1Np5/4P3/P7/1n1R1PPP/2K4R b - -,b2c4 d2d7 c8b6 d7c7 f7f5 e4f5 f8f5 f2f3 f5e5 h1d1
1r3q2/1PQ3p1/6k1/8/7R/7P/5PPK/8 b - -,b2c4 d2d7 c8b6 d7c7 f7f5 e4f5 f8f5 f2f3 f5e5 h1d1
8/p6p/1k4p1/4Q3/2q1P3/P6P/6PK/8 b - -,b6c6 e5f6 c6b5 f6g5 b5c6 g5d8 c6b5 d8b8 b5a6 b8e5
r2k3r/pR6/6p1/3P4/3P4/BPNn2PP/P6K/R7 b - -,h8e8 a1f1 a8c8 a3c5 d3c5 d4c5 c8c5 b7b8 c5c8 b8c8
7k/2p1q1p1/5r1p/pP6/Pb1P1P2/1b1Q2P1/1B2PKB1/7R b - -,b3a4 h1a1 h6h5 a1a4 h5h4 a4a1 f6h6 a1h1 a5a4 g3g4
5k2/8/1r4p1/4R2p/6P1/7P/5PK1/8 b - -,h5g4 h3g4 b6b4 g2g3 f8g7 e5a5 g7h6 f2f4 h6g7 a5d5
r1bqk2r/ppp2pp1/2np1n2/2b1p2p/4P3/3P2PP/PPP1NPB1/RNBQ1RK1 b kq -,c8e6 b1c3 d8d7 h3h4 d6d5 e4d5 f6d5 c3e4 c5e7 d3d4
8/8/8/8/8/3K1N2/6kp/R7 b - -,
2b5/2Qk4/N2r4/1p6/8/8/PP6/2K5 b - -,g2f3 a1f1 f3g2 d3e2 h2h1q f1h1 g2h1 e2f2 h1h2 f2f3
r1bq1rk1/pp2b1pp/2n1p2n/2PpPp2/5P2/2P2N2/PPN3PP/R1BQKB1R b KQ -,a7a5 c1e3 c8d7 h2h3 e7h4 e1d2 h4e7 a2a4 d8c8 f1d3
8/4k1pp/4p3/p1p5/1pP2P2/1P3KP1/P2R3P/7r b - -,h1f1 d2f2 f1d1 f2e2 e7d6 f3f2 d1a1 f2f3 a1f1 e2f2
r1b4r/1p2qkpp/p1np1n2/2p1p1B1/4P3/3P1N2/PPP2PPP/R2QK2R b KQ -,h7h6 g5e3 h8d8 e1h1 f7g8 f3d2 c8e6 f2f4 f6g4 d2c4
4r3/4P2p/4R3/6p1/Ppkp1pP1/1Pp2P1P/2K5/8 b - -,c4c5 c2d3 c5d5 e6e4 d5c5 e4e2 c5c6 a4a5 c6c5 e2e5
2r2r2/1p2ppkp/p2p2p1/6q1/1P2P3/P1N2P1n/1PBR4/R2QK2n b - -,c4d5 e6e2 d5c6 c2d3 c6c5 a4a5 h7h6 e2e6 c5d5 e6e1
r3r1k1/pp3ppp/2p3q1/3p4/PP2bP1b/2P1PB1P/6P1/R1BQ1RK1 b - -,e4c2 d1d2 c2f5 g1h1 a7a6 f1d1 h7h6 a1a2 f5b1 a2a3
r2r2k1/1p1P2bp/p4pp1/n3p3/4Q3/4PP1P/q3BR1P/1R2B1K1 b - -,g7h6 e2d3 a2a3 e4d5 g8g7 e1a5 h6e3 g1g2 e3f2 g2f2
8/5R2/4p1p1/4P3/4PP1P/6k1/5r2/6K1 b - -,
8/p3kr2/2pn2R1/1p1rp1N1/8/7Q/PPBq4/1K5R b - -,d2g5 g6g5 e5e4 g5g8 d5f5 h3h4 f5f6 h1f1 c6c5 g8g7
1r4k1/1p2b1pp/2p5/p5N1/2Q5/r4P2/1PBP2P1/5K2 b - -,d2g5 g6g5 e5e4 g5g8 d5f5 h3h4 f5f6 h1f1 c6c5 g8g7
rn1q1rk1/2p1np2/bp1pp1pb/7p/p1PPP2P/P2B1NB1/1P1NQPP1/3R1RK1 b - -,b8c6 d4d5 e6d5 c4d5 a6d3 e2d3 c6a5 d3c2 a5b7 f3g5
2rk3r/pR6/6p1/1N1P4/3P4/BP1n2PP/P6K/R7 b - -,h8e8 a1f1 d3b2 b5a7 b2d1 h2g1 d1c3 a7c6 c8c6 d5c6
r3n3/p7/2p3Q1/1p5k/5p2/8/PPB5/2K5 b - -,h8e8 a1f1 d3b2 b5a7 b2d1 h2g1 d1c3 a7c6 c8c6 d5c6
8/6R1/4p1p1/4P3/4Pr1P/6k1/8/4K3 b - -,
6k1/5pp1/8/p7/4N1PK/5P1P/P3PQ2/2q2n2 b - -,f4e4 e1d2 g3h4 g7g6 e4e5 d2d3 h4h5 g6g8 e5g5 g8h8
5k2/1r6/7R/8/8/5P2/5PKP/8 b - -,f8g8 h6h5 b7g7 g2f1 g7b7 h5g5 g8f7 g5g4 b7b5 f1g2
8/8/8/p5pR/k3Kb2/5P2/1P6/8 b - -,a4b3 h5h7 b3b2 e4d3 b2a3 h7b7 a5a4 b7b1 a3a2 b1b4
5k2/8/1r4p1/4R3/6P1/8/5PK1/8 b - -,b6b4 g2g3 f8g7 e5a5 g7h6 f2f4 b4b3 g3f2 b3b4 f2f3
8/8/5p2/1K3p1p/5P1P/P4kP1/8/8 b - -,b6b4 g2g3 f8g7 e5a5 g7h6 f2f4 b4b3 g3f2 b3b4 f2f3
4r1k1/p1Q2ppp/8/8/8/2P4P/Pq3PP1/3R2K1 b - -,b2e2 d1d8 h7h5 d8e8 e2e8 c7a7 e8e1 g1h2 e1e5 g2g3
2bnkn2/r4r2/4p2Q/q2pP1NB/p1pP4/b1P4P/3B1PP1/1R2R1K1 b - -,a3e7 g5f7 d8f7 h6g7 e7h4 d2h6 a7e7 e1e3 e8d7 h5f7
4r1k1/5pp1/5n2/p7/2pRN1P1/5P1P/P3PQK1/2q5 b - -,c4c3 e4d6 e8b8 d4c4 c1d2 d6e4 f6e4 f3e4 c3c2 c4c7
8/4k1pp/4p3/2p2P2/ppP3P1/1P3K2/P2R3P/2r5 b - -,g7g6 f5e6 e7e6 d2e2 e6d6 e2d2 d6c7 f3f4 c1e1 g4g5
8/5k2/1r4p1/4R3/6P1/5P2/6K1/8 b - -,b6b2 g2g3 f7f6 f3f4 b2b3 g3f2 b3b6 e5e3 b6b4 f2f3
rnbqk2r/pp4pp/2pbp3/3p1p2/2PPn3/BP1BPN2/P4PPP/RN1Q1RK1 b kq -,d6e7 a3e7 d8e7 f3e5 e8h8 b1d2 b8d7 d2f3 e4d6 d1c2
r3nR2/p2Qq1r1/2p1Bk2/1p2p3/8/2N3p1/PP6/2K4R b - -,d6e7 a3e7 d8e7 f3e5 e8h8 b1d2 b8d7 d2f3 e4d6 d1c2
2r2nk1/pp1r3p/1q2pPp1/2bpP1PP/2p5/2P2B2/P1P1Q3/R1B1K2R b KQ -,b6a5 c1d2 a5a4 d2f4 a4a5 e1f1 a5c3 a1d1 d5d4 f3e4
r2q1rk1/1p1n1pp1/2p1pb1p/p4b2/P2P4/1QN1PN2/1P2BPPP/R4RK1 b - -,d8b6 b3b6 d7b6 f1d1 f6e7 f3e5 e7d6 e5c4 b6c4 e2c4
r1b2rk1/1p2bppp/p3p3/4n3/2PR4/6P1/PP3PBP/RNB3K1 b - -,e5c6 d4d1 e6e5 b1c3 c8g4 d1f1 f7f5 c1e3 e5e4 h2h3
8/3n1k2/p1K5/7p/P7/5N2/8/8 b - -,f7e6 f3h4 d7b8 c6c7 e6d5 c7b6 d5c4 h4g2 b8d7 b6a6
1rqr1k2/2p2n2/3ppQ2/1p6/4PR2/3P3P/1PP3P1/R5K1 b - -,f7e6 f3h4 d7b8 c6c7 e6d5 c7b6 d5c4 h4g2 b8d7 b6a6
2r2r2/1p2ppkp/p2p2p1/8/1P2P3/P3qP1n/1PBRN3/R2QK2n b - -,f7e6 f3h4 d7b8 c6c7 e6d5 c7b6 d5c4 h4g2 b8d7 b6a6
8/8/4p1R1/4r3/7k/3K4/8/8 b - -,
8/8/5p2/1K3p1p/P4P1P/6k1/8/8 b - -,e5e1 d3d2 h4h5 g6g8 e1e4 d2d3 e4e5 g8g1 e5g5 g1e1
8/8/4pRp1/4P3/4r2P/6k1/8/5K2 b - -,
1r5k/5qp1/1P4bp/4Q3/1R6/1p6/5PPP/4R2K b - -,b8b7 e5e3 h8h7 b4b3 f7c4 f2f3 c4a4 b3b2 a4h4 e3e5
8/4R3/4p1p1/4P3/4P1rP/6k1/8/4K3 b - -,
3rr1k1/1p4pQ/p3p2p/2qp3n/8/2P2P1P/PPB1R1P1/4R2K b - -,g8f8 c2g6 h5g3 h1h2 g3e2 e1e2 c5c7 g2g3 c7c4 e2d2
r1b4r/1p2qkp1/p1np1B1p/2p1p3/4P3/3P1N2/PPP2PPP/R2QK2R b KQ -,e7f6 e1h1 h8f8 f3d2 f7g8 d2c4 b7b5 c4b6 a8b8 b6d5
4r3/4P2p/8/3k2p1/Pp1pRpP1/1Pp2P1P/2K5/8 b - -,h7h6 a4a5 d5c5 e4e6 c5d5 e6e2 d5d6 c2d3 d6c5 e2e5
3k3r/pR6/6p1/1N1P4/3P4/BP1n2PP/P1r5/R5K1 b - -,h8e8 a1f1 d3e1 b7b8 c2c8 b8c8 d8c8 b5d6 c8d8 d6e8
8/5k2/6p1/4R3/5PP1/1r6/6K1/8 b - -,f7f8 g2f2 f8g8 e5e7 b3b4 f2f3 g8f8 e7e3 f8f7 e3d3
r1bQ4/p4k2/2p5/1p2p3/8/1B6/PP4p1/2K5 b - -,f7g7 d8g5 g7h7 g5g8 h7h6 g8g2 c8e6 b3e6 a8f8 g2h2
n2brkrq/pp2pp2/2np2p1/2p4p/4P1bP/1NNP4/PPP2PPQ/2BBRRK1 b kq -,g4d1 c3d1 d8c7 h2h3 e7e6 c1g5 f8g8 g5d2 a8b6 f2f4
r3n3/p7/2p3Q1/1p6/5p1k/8/PP6/2KB4 b - -,g4d1 c3d1 d8c7 h2h3 e7e6 c1g5 f8g8 g5d2 a8b6 f2f4
2q2k2/2p1b3/3ppNQ1/1p2p3/4P3/3P1R1P/1PP2PPN/r4RK1 b - -,g4d1 c3d1 d8c7 h2h3 e7e6 c1g5 f8g8 g5d2 a8b6 f2f4
1r6/r1p1nk1p/2bp1p2/P1p3pN/4P3/2B2P2/2P2KPP/R1R5 b - -,f7g6 g2g4 f6f5 e4f5 e7f5 c1e1 f5d4 c3d4 c5d4 e1e7
r3kb1r/p2p2pp/b3p3/qp1PPp2/8/PP3NP1/2n1QPBP/RNBK3R b kq -,c2a1 e2b2 b5b4 d5d6 a8c8 b2a1 c8c1 d1c1 a5c5 c1b2
r1bqr3/ppp2kPp/2n2p1B/2b3N1/2pp4/8/PPP2PPP/RN1QR1K1 b - -,f7g6 e1e8 d8e8 g5e4 c5e7 d1f3 c8d7 f3f4 f6f5 e4g3
r2q1rk1/pp1b1ppp/8/8/1b6/P3P3/1P1N1PPP/R2QKB1R b KQ -,d7a4 d1e2 b4a5 b2b4 d8f6 a1b1 f8d8 d2e4 f6e5 f2f3
r1bq1rk1/pp4pp/2n1p2n/2bpPp2/1P3P2/2P2N2/P1N3PP/R1BQKB1R b KQ -,b7b6 b4c5 b6c5 c1a3 d8a5 d1d2 c8b7 f1e2 f8c8 e1h1
r2q1k1r/p4b2/1p4Q1/5R1p/3P3P/2P5/P4PP1/R5K1 b - -,d8c7 a1e1 c7d7 e1e5 a8e8 f5f7 d7f7 e5f5 f7f5 g6f5
2k4r/pp2b3/2p4p/3rq1p1/8/1Q1B2P1/PP4P1/1K1RR3 b - -,e5f6 e1f1 f6d6 d3f5 c8c7 f1e1 e7f6 d1d5 d6d5 b3d5
8/8/4pR2/4P1P1/4r3/6k1/8/5K2 b - -,
r1b2rk1/p4p1p/1n2Pqp1/1ppP4/6n1/2N2N2/PP1QB1PP/R3K2R b KQ -,a8b8 c3e4 f6d8 e6f7 f8f7 d5d6 g4f6 e4f6 f7f6 e1a1
8/8/5Q2/2n1K3/8/3k4/8/8 b - -,
8/8/5kp1/4R1P1/5P2/1r6/6K1/8 b - -,f6f7 g2f2 b3b2 f2f3 b2b1 e5e3 b1f1 f3g4 f1b1 e3c3
8/8/5p2/PK3p1p/5k1P/8/8/8 b - -,f6f7 g2f2 b3b2 f2f3 b2b1 e5e3 b1f1 f3g4 f1b1 e3c3
r3n2R/p4r2/2p2k2/1p2p3/5q1R/4N1p1/PPBQ4/2K5 b - -,f6f7 g2f2 b3b2 f2f3 b2b1 e5e3 b1f1 f3g4 f1b1 e3c3
8/2p2ppp/8/1Pk5/P1p5/2K2PPP/8/8 b - -,g7g5 a4a5 c5b5 a5a6 b5a6 c3c4 a6b6 c4d5 c7c5 d5c4
4rr1k/pp4pp/1q4b1/3B4/8/2Q2pP1/PP3P1P/2R1R1K1 b - -,h7h6 d5f3 e8e1 c1e1 b6f6 c3f6 f8f6 f3b7 f6b6 b7e4
kN5b/P7/6K1/8/3p4/3P4/8/8 b - -,h8e5 b8c6 e5h2 g6f5 a8b7 f5e4 h2g1 e4d5 g1e3 d5c5
r2q1rk1/ppp2ppp/3p2b1/3P1P2/6n1/1B4N1/PPP3PP/R1Q1R1K1 b - -,
2Q5/8/N2rk3/1p6/8/8/PP6/2K5 b - -,d8h4 h2h3 g4f6 e1e3 g6h5 c1d2 a7a5 c2c3 a8e8 a1e1
r2q1rk1/pp3pbp/2n2np1/2p2b2/2P1P3/1P2P3/PB1NB1PP/RN1Q1RK1 b - -,f5e4 d2e4 f6e4 b2g7 g8g7 e2f3 d8e7 d1d3 f7f5 b1c3
7k/1r3qp1/1P4bp/8/1R6/1p2Q3/5PPP/4R2K b - -,f7f8 b4b3 f8d6 h2h3 h8h7 f2f3 d6d8 e3c5 d8f6 b3b4
rnbqk2r/1p1p1ppp/4pn2/p1p5/1bPP4/P4NP1/1P1BPP1P/RN1QKB1R b KQkq -,d7d5 a3b4 c5d4 f1g2 d5c4 e1h1 e8h8 d2f4 b8c6 b4b5
2kr1b1r/pp3pp1/2n3q1/3N4/3P3p/4PB2/PPb1QPPP/R1B1K2R b KQ -,c2e4 d5f4 e4f3 e2f3 g6c2 e1h1 g7g5 f4h3 h8g8 f3d1
r3n3/p7/2p3Q1/1p6/7k/5B2/PP6/2K5 b - -,c2e4 d5f4 e4f3 e2f3 g6c2 e1h1 g7g5 f4h3 h8g8 f3d1
2r2b1k/3nrpnp/p5p1/1p1RP1Nq/1P3P2/4B1P1/2BQ3P/5RK1 b - -,g7f5 c2f5 g6f5 d5d7 h8g8 e5e6 f7f6 g5f3 h5e8 d2d5
r1b2rk1/ppp1npp1/1bn2q1p/1B1Pp3/8/2PPBN1P/PP1NQPP1/R3K2R b KQ -,c6d8 d2e4 f6f5 b5c4 c7c6 g2g4 f5h7 d5d6 e7d5 e1a1
4r1k1/5pp1/5N2/p7/3R2P1/2p2P1P/P3PQK1/2q5 b - -,g8f8 f6e8 c3c2 d4c4 f8g8 c4c8 g8h7 f2h4 c1h6 h4h6
8/4R3/4p1p1/4P3/4P1rk/8/5K2/8 b - -,g4g5 e7e6 h4h5 f2e3 h5h6 e3d4 g5g1 e6d6 h6g7 d4d5
r1b2rk1/1p3ppp/p3pb2/4n3/2PR4/6P1/PP3PBP/RNB2K2 b - -,f8e8 b1c3 e5c6 d4d1 f6c3 b2c3 c6a5 c4c5 e6e5 c1e3
6k1/5pp1/8/p7/4P1P1/7P/P3PQK1/2q5 b - -,c1c4 a2a3 c4e4 f2f3 e4e6 f3a8 g8h7 g2f1 e6e5 a8f3
7k/2p1q1p1/5r1p/pP6/bb1P1P2/3Q2P1/1B2PKB1/R7 b - -,h6h5 a1a4 h5h4 a4a1 f6h6 a1h1 e7f7 d3f3 a5a4 h1h4
r1b2rk1/p6p/1n1Ppqp1/1pp5/6n1/2N2N2/PP1QB1PP/R3K2R b KQ -,a7a6 c3e4 f6f5 f3g5 g4f2 h1f1 f2e4 f1f5 e4d2 f5f8
7R/8/8/p5p1/4Kb2/1k3P2/1P6/8 b - -,b3b2 h8a8 f4d2 e4d3 d2b4 a8g8 a5a4 d3c4 b4e7 g8e8
rnbqk1nr/pp3ppp/2pb4/3p4/3P4/2N2PP1/PPP1N1BP/R1BQK2R b KQkq -,g8e7 c1f4 e7f5 f4d6 f5d6 b2b3 e8h8 d1d2 f8e8 e1h1
rnbqkbnr/4pppp/p7/1ppP4/4P3/1B6/PP3PPP/RNBQK1NR b KQkq -,g8f6 g1f3 f6e4 e1h1 e4f6 b1c3 g7g6 f1e1 f8g7 d5d6
rn1qkbnr/pbpppp1p/1p4p1/8/2PP4/2NB1N2/PP3PPP/R1BQK2R b KQkq -,f8g7 e1h1 g8f6 c1g5 e8h8 f1e1 b8a6 h2h4 f8e8 d3c2
r3r1k1/pp3ppp/2p3q1/3p1b2/PP3P1b/2P1PB1P/3Q2P1/R1B2R1K b - -,a8d8 a1a2 h7h6 h1h2 f5d3 f1g1 a7a6 d2d1 d3c4 a2b2
8/2Q1k3/N2r4/1p6/8/8/PP6/2K5 b - -,a8d8 a1a2 h7h6 h1h2 f5d3 f1g1 a7a6 d2d1 d3c4 a2b2
3rr1k1/1b3p1n/1pp1q1pp/p3Pn2/3PB1N1/1P4P1/PBQ4P/3RR1K1 b - -,g8h8 g4f2 h8g8 c2c3 b7a8 f2h3 h7g5 h3f4 e6c8 e5e6
8/8/8/8/8/4K1Q1/1k6/3R4 b - -,g8h8 g4f2 h8g8 c2c3 b7a8 f2h3 h7g5 h3f4 e6c8 e5e6
8/5k2/6p1/4RPP1/8/1r6/6K1/8 b - -,
r3n3/p7/2p5/1p2p1k1/5R2/6p1/PPBQ4/2K5 b - -,e5f4 d2d7 g5f6 d7c6 f6e7 c6a8 e8d6 a8c6 a7a5 c6c7
r1b3Q1/p7/2p3k1/1p2p3/8/1B6/PP4p1/2K5 b - -,g6h5 b3d1 h5h6 g8g2 e5e4 g2e4 a7a5 d1c2 h6h5 e4e5
8/8/4R1p1/4P3/4r2k/8/5K2/8 b - -,
5q1k/1r4p1/1P4bp/8/8/1R2Q3/5PPP/4R2K b - -,f8d6 h2h3 h8h7 f2f3 g6f5 e3e5 d6g6 b3b2 g6f7 h1h2
8/3B1k2/2r5/1p4K1/pB6/P6P/1P6/8 b - -,c6c2 d7b5 c2g2 g5f5 g2f2 f5e5 f2b2 b5a4 b2b1 e5d5
5rk1/p2bppb1/1q1p2p1/1p1P2Bp/2n3PP/1NP2P2/PP6/1KQR3R b - -,f8c8 g5h6 g7e5 f3f4 e5f6 f4f5 h5g4 f5g6 f7g6 h1f1
2qbrrk1/6p1/2n1p2p/1p1pPp1P/p1nP1PP1/P1B4R/1PN1Q1K1/3N1R2 b - -,f5g4 e2g4 d8a5 c2e3 c4e3 d1e3 a5c3 h3g3 f8f7 b2c3
rn1q3r/p2bkppp/4pn2/1NpP4/QpP5/8/PP2PPPP/R3KBNR b KQ -,a7a6 e2e4 e6d5 c4d5 h8e8 a4c2 d7b5 c2c5 d8d6 c5d6
8/1k6/6pp/PKRr1p2/5P1P/6P1/8/8 b - -,d5d3 h4h5 d3g3 h5g6 g3g6 c5f5 g6g1 a5a6 b7a7 f5f7
rnbqk2r/1p1p1ppp/4pn2/p1p5/2PP4/P4NP1/1P1NPP1P/R2QKB1R b KQkq -,d8e7 f1g2 e8h8 e1h1 d7d6 e2e4 b8c6 d4c5 d6c5 e4e5
r2q1rk1/2p1np2/bpnpp1pb/3P3p/p1P1P2P/P2B1NB1/1P1NQPP1/3R1RK1 b - -,e6d5 c4d5 a6d3 e2d3 c6a5 f3g5 a5b7 d3c2 b7c5 f1e1
r1bq1rk1/pp4pp/1bn1p2n/3pPp2/PP3P2/2P2N2/2N3PP/R1BQKB1R b KQ -,a7a5 b4b5 h6g4 c2d4 c6d4 c3d4 d8c7 d1d2 c8d7 c1a3
4r1k1/5p2/5p2/p7/2R3P1/2p2P1P/P3PQK1/2q5 b - -,c1d1 e2e4 e8d8 g2g3 d1d6 g3g2 d6f4 c4c3 d8d2 c3c2
8/3rk3/N7/1p2Q3/8/8/PP6/2K5 b - -,e8e3 c4c8 g8g7 c8d8 a5a4 h3h4 e3e5 d8c8 c1d2 e2e4
7r/2p2ppp/1pNbpk2/1P6/1PP5/8/4KPPP/R7 b - -,e6e5 e2d3 f6e6 a1c1 h8a8 c4c5 d6f8 d3c4 g7g5 c1e1
r7/p7/2p2Q2/1p6/7k/5B2/PP6/2K5 b - -,e6e5 e2d3 f6e6 a1c1 h8a8 c4c5 d6f8 d3c4 g7g5 c1e1
rn1qk2r/pp3ppp/2pb1n2/8/6b1/3PPN2/PPP1B1PP/RNBQK2R b KQkq -,d8a5 b1c3 a5c7 e3e4 b8d7 d1d2 a8d8 e1h1 d7e5 f3e5
8/8/4pRP1/4r3/8/6k1/8/5K2 b - -,
8/8/8/2p1kP2/2Kp4/1P6/1PB5/2n5 b - -,d4d3 c2d3 e5f6 d3c2 f6e5 c4c5 c1e2 b3b4 e2d4 b4b5
r2q1r2/pp3pkp/2n3p1/2p5/2P1b3/1PN1P3/P3B1PP/R2Q1RK1 b - -,d8e7 d1e1 a8d8 c3e4 e7e4 e2f3 e4e5 f3c6 b7c6 e1f2
1r3k1r/p1p3p1/3q1n2/2b3p1/4p1b1/1B1P2P1/PPPQ1P1P/RNB2RK1 b - -,f8e8 f1f4 d8d1 a1d1 e4f5 c3d5 a8d8 f4f1 f5c2 d1d2
3R1r2/5pk1/4p1pp/2n1P3/5PPP/2r2B2/6K1/3R4 b - -,f8d8 d1d8 c5d3 g2f1 d3f4 f3d1 g6g5 h4h5 c3d3 d8d6
r2q1rk1/2p1np2/bpnp2pb/3P3p/p3P2P/P2B1NB1/1P1NQPP1/3R1RK1 b - -,a6d3 e2d3 c6a5 f3g5 a5b7 d3c2 b7c5 f2f4 f7f6 g5e6
r1b2rk1/ppq1bpp1/2n4p/1B1p4/3N2PP/4BQ2/PPP2P2/2KR2R1 b - -,e7c5 b5c6 b7c6 g4g5 h6h5 f3h5 g7g6 h5f3 c8d7 h4h5
3Rrbk1/7p/p5p1/1pB2npq/1P6/1Q4P1/7P/3R2K1 b - -,e7c5 b5c6 b7c6 g4g5 h6h5 f3h5 g7g6 h5f3 c8d7 h4h5
rnbqkb1r/4pppp/p4n2/1ppP4/4P3/1BN5/PP3PPP/R1BQK1NR b KQkq -,c5c4 b3c2 e7e5 g1f3 b8d7 e1h1 f8d6 h2h3 e8h8 c1e3
7k/1pQ1b1pp/8/p5q1/7P/P4r2/1P3PP1/R5K1 b - -,g5g6 c7e7 h7h6 e7b7 f3f8 a1f1 g6d3 b7b6 d3d5 b2b4
8/8/4R1P1/6r1/8/6k1/8/5K2 b - -,
r1b1kb1r/ppqn1p1p/2n1p3/3pP1p1/2p5/1PP2N2/P1BPQPPP/RNB1R1K1 b kq -,g5g4 f3d4 c6e5 b3c4 d5c4 d2d3 c4d3 c2d3 e5d3 e2d3
r4rk1/p2n1ppp/4p1b1/2qp4/5N2/2N5/PPPQ1PPP/R4RK1 b - -,a8c8 f1c1 c5b4 f4d3 b4b8 b2b3 f8d8 c3a4 d5d4 f2f3
2b1kn2/4rn2/4p2Q/q2pP1BB/p1pP4/b1P4P/5PP1/1R2R1K1 b - -,a5c7 h6g7 c7d8 g7g8 e8d7 h5f7 d7c7 b1a1 f8h7 g8h7
r1r3k1/1nq2ppp/3p1b2/1p1PpP2/PP6/2p1R2P/2B2PP1/R1BQ2K1 b - -,b5a4 a1a3 b7d8 e3e4 c7d7 d1e2 d7b7 e2d3 a8b8 c2a4
r7/pp1q3p/1kr3p1/3p2N1/3Q4/8/PP3PPP/4R1K1 b - -,b6a6 d4a4 a6b6 a4d4 b6c7 d4e5 d7d6 g5e6 c7b8 e6d8
5k1Q/3r4/N7/1p6/8/8/PP6/2K5 b - -,b6c7 d4e5 d7d6 g5e6 c7b8 e6d8 d6e5 d8c6 b7c6 e1e5
r1q2rk1/p3ppbp/2p2np1/2PP4/Q7/4B3/PP2NPPP/R4RK1 b - -,c8g4 a4g4 f6g4 a1b1 c6d5 b2b4 a8c8 f1c1 f8d8 e2d4
r3n3/p3k2R/2p5/1p2p1N1/5q2/6p1/PPBQ4/2K5 b - -,c8g4 a4g4 f6g4 a1b1 c6d5 b2b4 a8c8 f1c1 f8d8 e2d4
5rk1/q4ppp/4pb2/1B6/r2p4/P2Q4/R1P2PPP/3R2K1 b - -,h7h5 b5a4 a7a4 d3b3 a4a8 d1b1 e6e5 b3b7 a8e8 b7e4
r2q1rk1/2p1bppp/p1pp1n2/8/3P2b1/2NB4/PPPQ1PPP/R1B1R1K1 b - -,a6a5 h2h3 g4e6 b2b3 f8e8 c1b2 d8d7 e1e2 d6d5 c3a4
8/8/6R1/4P3/4r1k1/8/5K2/8 b - -,g4h3 f2f3 e4h4 e5e6 h4h7 g6g8 h3h2 f3f4 h2h1 g8g6
r1bq1rk1/bp4pp/p1n1p2n/P2pPp2/1P3P2/2P1BN2/2N3PP/R2QKB1R b KQ -,c8d7 d1d2 h6f7 f1d3 d8e7 h2h3 a7e3 d2e3 a8c8 e1d2
r2q1rk1/p3np2/1p1p1npQ/2p1p3/4P3/1P1P1B1P/PBP2PP1/R4RK1 b - -,a7a5 f3d1 f6h7 f2f4 e7c6 d1g4 c6d4 c2c3 d4c2 a1b1
r4rk1/pb5p/1n1Ppqp1/1Np5/6n1/5N2/PP1QB1PP/R3K2R b KQ -,b7f3 e2f3 f6e5 d2e2 g4e3 f3a8 f8a8 h1f1 b6c4 f1f3
7Q/8/8/2n2K2/8/3k4/8/8 b - -,d3c4 h8e5 c5d3 e5e4 c4c3 e4d5 c3c2 f5e4 d3e1 e4e3
8/8/P4p2/1K3p1p/7P/6k1/8/8 b - -,d3c4 h8e5 c5d3 e5e4 c4c3 e4d5 c3c2 f5e4 d3e1 e4e3
7b/k2N4/6K1/8/3p4/3P4/8/8 b - -,a7b7 g6h7 b7c7 h7h8 c7d7 h8h7 d7e6 h7g6 e6e5 g6g5
r2q1rk1/2p1np2/1pnp2pb/3P3p/p3P2P/P2Q1NB1/1P1N1PP1/3R1RK1 b - -,c6a5 f3g5 a5b7 d3c2 b7c5 g3f4 d8c8 f4e3 h6g7 d2f3
r7/ppkq3p/2r3p1/3pQ1N1/8/8/PP3PPP/4R1K1 b - -,d7d6 g5e6 c7b8 e6d4 d6e5 d4c6 b7c6 e1e5 a7a5 f2f4
rnbqk2r/ppp2ppp/5n2/2b1p3/4P3/3P1N2/PPP1B1PP/RNBQK2R b KQkq -,e8h8 h2h3 b8c6 g2g4 a7a5 c2c3 b7b5 b1a3 b5b4 a3c2
r1b2rk1/ppp1npp1/1bn2q1p/1B1pp3/4P3/2PPBN1P/PP2QPP1/R3KN1R b KQ -,d5d4 e3d2 e7g6 f1h2 f6d6 e1h1 c8e6 b5c6 d6c6 c3d4
2r3k1/p2bppb1/1q1p2pB/1p1P3p/2n3PP/1NP2P2/PP6/1KQR3R b - -,g7h8 d1e1 b5b4 h6e3 c4e3 c1e3 h5g4 f3g4 d7g4 h1f1
6k1/8/5Qpb/4p2p/4P3/6P1/PPq1NPKP/8 b - -,h6g7 f6e6 g8h7 e2c3 c2b2 e6b3 b2d2 c3d5 d2e2 d5e3
3RrB2/6kp/p5p1/1p3npq/1P6/1Q4P1/7P/3R2K1 b - -,h6g7 f6e6 g8h7 e2c3 c2b2 e6b3 b2d2 c3d5 d2e2 d5e3
r3n2R/p4r2/2p2k2/1p2p3/7R/2Q1N1p1/PPB2q2/2K5 b - -,h6g7 f6e6 g8h7 e2c3 c2b2 e6b3 b2d2 c3d5 d2e2 d5e3
rnb1kbnr/ppp3pp/3Q1p2/8/4pP2/5NP1/PPP1P1BP/RNB1K2R b KQkq -,f8d6 f3d4 f6f5 d4b5 b8c6 b5d6 c7d6 b2b3 c8e6 c1b2
6k1/5pp1/8/p7/4N1P1/5P1P/P3PQK1/2q2n2 b - -,c1b2 f2f1 b2a2 f1d1 g7g6 d1d8 g8g7 d8d4 g7f8 d4h8
r1b4r/1p3kp1/p1np1q1p/2p1p3/4P3/3P1N2/PPPQ1PPP/R3K2R b KQ -,h8f8 e1h1 f7g8 d2e3 b7b5 a2a4 b5b4 a4a5 c8e6 c2c3
8/3rk1Q1/N7/1p6/8/8/PP6/2K5 b - -,h8f8 e1h1 f7g8 d2e3 b7b5 a2a4 b5b4 a4a5 c8e6 c2c3
6R1/8/8/4Pk2/4r3/8/5K2/8 b - -,
3R1r2/3R2kp/p5p1/1p3npq/1P6/1Q4P1/7P/6K1 b - -,e4f4 f2e3 f4a4 e5e6 a4a3 e3e2 a3a2 e2d3 f5f6 g8e8
8/P7/5p2/1K5p/5p1P/6k1/8/8 b - -,e4f4 f2e3 f4a4 e5e6 a4a3 e3e2 a3a2 e2d3 f5f6 g8e8
n2R4/ppr3pp/4k3/Pb6/8/4NP2/1P3KPP/8 b - -,c7d7 d8a8 d7d2 f2g3 d2b2 a8a7 b5a6 a7a8 b2b5 a8e8
7r/2p2pp1/1pNbpk2/1P5p/1PP4P/8/4KPP1/R7 b - -,g7g6 a1d1 h8c8 g2g3 g6g5 c4c5 d6f8 h4g5 f6g5 c5b6
r1bqnrk1/pp3ppp/2p5/2p1p3/P3PP2/2NP4/1PP3PP/R1BQ1RK1 b - -,e5f4 c1f4 d8d4 f1f2 c5c4 a4a5 c8e6 d3c4 d4c4 a1a4
2r3k1/2pn1p1p/2p3p1/R7/4P3/3PB3/2P3PP/7K b - -,f7f6 a5a6 d7e5 e3d4 g8f7 d4e5 f6e5 a6c6 f7e7 h1g1
rnbqkb1r/5ppp/p3Pn2/1pp5/4P3/1BN5/PP3PPP/R1BQK1NR b KQkq -,d8d1 b3d1 f7e6 e4e5 f6d5 c3d5 e6d5 a2a4 b8c6 a4b5
r1q2rk1/p3ppbp/2p3p1/2Pn4/Q2B4/8/PP2NPPP/R4RK1 b - -,e7e5 d4c3 a7a5 f1e1 f8e8 a1d1 g7f8 e2g3 d5c3 b2c3
8/5k2/8/5RP1/8/1r6/6K1/8 b - -,
r2qk2r/ppp3p1/2nppn1p/4p3/N2bP3/2PP1N1P/PP3PP1/R1BQ1RK1 b kq -,d4b6 a4b6 a7b6 b2b4 e8h8 a2a4 d8e8 c1e3 f6h5 g1h2
4k1Q1/3r4/N7/1p6/8/8/PP6/2K5 b - -,d4b6 a4b6 a7b6 b2b4 e8h8 a2a4 d8e8 c1e3 f6h5 g1h2
8/4k1PK/8/8/5R2/8/r7/8 b - -,d4b6 a4b6 a7b6 b2b4 e8h8 a2a4 d8e8 c1e3 f6h5 g1h2
r1r3k1/1nq2ppp/3p1b2/3PpP2/pP6/R1p1R2P/2B2PP1/2BQ2K1 b - -,b7d8 e3e4 c7d7 d1e2 a8b8 c2a4 d7b7 e2d3 b8a8 h3h4
r1bq1rk1/1p4pp/p1n1p2n/P2pPp2/1P3P2/2P1NN2/6PP/R2QKB1R b KQ -,h6f7 e3c2 c8d7 d1d2 a8c8 f1e2 c8c7 e1h1 d8e7 c2d4
4r1k1/5pp1/5n2/p7/2pR2P1/5P1P/P3PQK1/2qN4 b - -,c4c3 e2e4 c3c2 d1e3 e8c8 h3h4 f6h7 d4c4 c8c4 e3c4
2r2rk1/1R1N1ppp/4pn2/8/8/6P1/1P1RPP1P/6K1 b - -,f6d7 d2d7 g7g5 d7e7 c8e8 e7e8 f8e8 g1g2 e8c8 g2f3
5R2/3R3p/p5pk/1p3npq/1P6/1Q4P1/7P/6K1 b - -,f6d7 d2d7 g7g5 d7e7 c8e8 e7e8 f8e8 g1g2 e8c8 g2f3
Q7/8/5p2/1K5p/7P/5pk1/8/8 b - -,f6d7 d2d7 g7g5 d7e7 c8e8 e7e8 f8e8 g1g2 e8c8 g2f3
7R/1k6/3K4/3P4/8/8/3r4/8 b - -,d2d3 h8f8 d3d2 f8e8 d2d3 e8e7 b7c8 e7e5 d3d2 e5f5
7k/1pQ1b1pp/8/p7/7q/P4P2/1P3P2/R5K1 b - -,h4g5 c7g3 h8g8 a1e1 g5g3 f2g3 e7f6 b2b3 g8f7 g1g2
r1bq1rk1/pppn1pbp/6p1/4p3/3PP3/1BP1BN2/P4PPP/R2QK2R b KQ -,c7c5 e1h1 d8c7 d4d5 c5c4 b3c2 d7c5 f3d2 b7b6 d1f3
r4k1r/p3qb2/1p4Q1/5R1p/3P3P/2P5/P4PPK/R7 b - -,e7c7 g2g3 a8e8 a1d1 e8e2 d4d5 h8g8 g6h6 f8e8 d5d6
7b/1k1N3K/8/8/3p4/3P4/8/8 b - -,
r2qk2r/ppp3p1/1Nnppn1p/4p3/4P3/2PP1N1P/PP3PP1/R1BQ1RK1 b kq -,a7b6 b2b4 e8h8 a2a4 d8d7 c1e3 d7f7 f1e1 f6h5 b4b5
6k1/pp2rp2/6pp/5n2/3R1R2/3Q4/Pq4PP/7K b - -,e7e1 f4f1 b2d4 d3d4 e1f1 d4g1 f1g1 h1g1 g8f8 g1f2
4b1k1/p1p5/6pp/2P2p2/1P6/P2r1PNP/6P1/4R2K b - -,e8f7 e1e7 d3a3 e7c7 a3b3 c7c8 g8g7 c8b8 b3c3 b8b7
8/8/6k1/6P1/8/1r6/6K1/5R2 b - -,
6k1/5pp1/8/p7/4P1P1/4P2P/P4QK1/q7 b - -,a5a4 f2d2 a4a3 d2d5 a1c1 g2f2 c1b2 f2f3 b2c1 g4g5
1r3r1k/2qb2pp/2pb1p2/p7/4P2Q/1BNR4/PPP3PP/3R3K b - -,g7g5 h4f2 d7g4 d3d6 g4d1 d6d1 c7e5 d1f1 g5g4 h1g1
r1bqnrk1/pp3ppp/2p5/2p5/P3PB2/2NP4/1PP3PP/R2Q1RK1 b - -,d8d4 f1f2 f7f5 d1f3 e8f6 h2h3 c8e6 e4f5 e6f5 f4e3
r3r1k1/pp3ppp/2p3q1/3p1b2/PP3P2/2P1PBbP/6P1/R1BQ1R1K b - -,f5d3 f3e2 d3c2 d1d2 c2e4 e2f3 g3h4 b4b5 c6c5 f3e4
2rr2k1/1pqnbppn/p2pb2p/P2Np3/4P1P1/4B2P/1PPQNPB1/R1R3K1 b - -,d7c5 d5c7 c8c7 b2b4 c5e4 g2e4 h7g5 e4g2 c7c4 c2c3
r1bqk2r/ppp2ppp/2Np4/8/3Pn1Q1/2P5/P1P2PPP/R1B1KB1R b KQkq -,e8h8 g4e4 b7c6 c1e3 f7f5 e4f4 f8e8 e1d2 e8e4 f4g3
8/2p2pp1/7p/1Pk5/P1p3P1/2K2P1P/8/8 b - -,g7g5 a4a5 c5b5 a5a6 b5a6 c3c4 a6b6 c4d4 c7c5 d4d3
6Q1/3rk3/8/1pN5/8/8/PP6/2K5 b - -,g7g5 a4a5 c5b5 a5a6 b5a6 c3c4 a6b6 c4d4 c7c5 d4d3
2b2Q2/3krn2/4p3/q2pP1BB/p1pP4/b1P4P/5PP1/1R2R1K1 b - -,a5d8 g5e7 d8f8 e7f8 a3f8 h5f7 d7c7 e1e2 c8d7 f7h5
r1bq1rk1/pppn1pb1/6pp/4p3/3PP3/1BP1BN1P/P4PP1/R2QK2R b KQ -,b7b5 e1h1 c8b7 d4e5 d8e7 e5e6 f7e6 d1d3 a7a6 a2a4
2r3k1/ppN2ppp/2n5/6Pb/8/2K4P/PPP3P1/3R1B1R b - -,h5d1 c7b5 c6e5 c3d2 d1h5 b5d4 c8d8 d2e3 g8f8 c2c3
r1q2rk1/p4pbp/2p3p1/2P1p3/Q7/2N5/PP3PPP/R4RK1 b - -,f8d8 a1d1 d8d4 d1d4 e5d4 c3e4 c8e6 e4d6 a8d8 a4c6
r5k1/1p3ppp/p3pn2/bq2N2r/2PQ4/1P6/1B3PPP/R3R1K1 b - -,b5b6 d4b6 a5b6 a1d1 h5f5 e1e2 h7h5 g2g3 h5h4 g3g4
8/8/8/5P1P/5k2/K1p5/8/8 b - -,
r1r5/pp1q3p/1k3Qp1/3p2N1/8/8/PP3PPP/4R1K1 b - -,c8c6 f6d4 b6c7 d4e5 c7c8 e5h8 d7d8 h8g7 b7b6 g2g3
2r1r3/bp1k1pp1/p2Pp3/P3Pn1p/2qB1Q1P/5NP1/1P3P2/3R1RK1 b - -,a7c5 d1c1 c4a4 d4c5 a4f4 g3f4 c8c6 c5a7 c6c1 f1c1
r3nR2/p2Qq1r1/2p1B3/1p2p3/4Nk2/6p1/PP6/2K4R b - -,a7c5 d1c1 c4a4 d4c5 a4f4 g3f4 c8c6 c5a7 c6c1 f1c1
3r2k1/pp1r1ppp/4q3/8/3p3Q/3R4/PP3PPP/3R2K1 b - -,e6e2 d3d2 e2e5 h4g3 e5e6 b2b3 g7g6 d2d3 h7h5 g3f3
rn2r1k1/1bqnbp1p/p2p2p1/4P1P1/1p1NP2Q/3BBR2/PPP1N2P/R5K1 b - -,d7f8 h4f4 g8h8 f4f7 b8d7 e5d6 e7d6 d3c4 c7c4 f7c4
r3n2R/p4r2/2p2k2/1p2pB2/7R/2Q1Nqp1/PP6/2K5 b - -,d7f8 h4f4 g8h8 f4f7 b8d7 e5d6 e7d6 d3c4 c7c4 f7c4
6k1/5p2/3p1qpp/P2P4/1PQ3P1/3Br2P/2P3K1/8 b - -,d7f8 h4f4 g8h8 f4f7 b8d7 e5d6 e7d6 d3c4 c7c4 f7c4
r2qk2r/ppp1bppp/4bn2/n3N3/4P3/2PB4/P2N1PPP/R1BQ1RK1 b kq -,f6g4 d2f3 g4e5 f3e5 e8h8 d1e2 d8d6 c1f4 d6c5 e5f3
rn6/pp2rpk1/8/q1Pp2p1/1b4N1/2n1PP2/PPQ2KPP/R4B1R b - -,b8c6 c2f5 a8h8 f1d3 d5d4 f5f6 g7g8 e3d4 e7e6 f6g5
r1b1kbnr/pppp1ppp/2n5/7q/4P3/2N2N2/PPP1BPPP/R1BQK2R b KQkq -,h7h6 c3d5 f8d6 f3g5 h5g6 e2h5 g6g5 c1g5 h6g5 h2h4
r1rn2k1/2q2ppp/3p1b2/3PpP2/pP6/R1p1R2P/2B2PP1/2B1Q1K1 b - -,c7b7 c2a4 h7h6 a4b3 a8a3 c1a3 b7a8 a3c1 a8a1 e3e2
r1bq1rk1/ppn2ppp/2p5/2p5/P3P3/2NPB3/1PP3PP/R2Q1RK1 b - -,b7b6 d1f3 f7f6 f3g3 c7e6 a4a5 c8d7 g3d6 f8f7 c3e2
r1bq1rk1/1p2npbp/p3p1p1/2ppP3/P2n1P2/2NP1N2/BPP3PP/R1BQ1RK1 b - -,d4f3 d1f3 c8d7 c3e2 a8c8 c2c3 f7f6 e5f6 g7f6 c1e3
2rr2k1/1pqnbppn/p2p3p/P2Pp3/6P1/4B2P/1PPQNPB1/R1R3K1 b - -,e5e4 e2g3 h7g5 g3e4 g5e4 g2e4 e7f6 c2c3 d8e8 e4f5
6Q1/2r1k3/8/1pN5/1P6/8/P7/2K5 b - -,e5e4 e2g3 h7g5 g3e4 g5e4 g2e4 e7f6 c2c3 d8e8 e4f5
8/4r3/3P4/5P2/3BQ1P1/2P4P/4n2P/5k1K b - -,e2g3 h2g3 e7e4 d6d7 e4e2 d7d8q e2e8 d8d5 f1e1 f5f6
4k1r1/p2qn2p/1pr1NQp1/2pp4/6P1/1NP1R3/P4P1P/4R1K1 b - -,h7h5 g4g5 a7a5 b3d2 d5d4 c3d4 c5d4 e3f3 d7d6 f6f7
8/8/5p2/1K5p/7P/6k1/5p2/7Q b - -,h7h5 g4g5 a7a5 b3d2 d5d4 c3d4 c5d4 e3f3 d7d6 f6f7
r4rk1/p6p/1n1Pp1p1/1Np1q3/6n1/5B2/PP2Q1PP/R3K2R b KQ -,b6d5 f3g4 d5e3 g4f3 a8b8 a1c1 b8b5 e2b5 e3g2 e1d2
r3r1k1/pp3ppp/2p5/3p1b2/PP3PBq/2P1P1bP/3B2P1/R2Q1R1K b - -,f5d3 g4e2 d3e4 e2f3 a8d8 d1e2 h4f6 f3e4 d5e4 a1c1
8/8/7P/5k2/8/K1p5/8/8 b - -,
r1bq1rk1/1p1nb1pp/p2p4/1N1P1p2/2P2B2/Q7/PP2B1PP/R3K2R b KQ -,a6b5 a3a8 g7g5 f4d2 e7f6 e1h1 f6b2 a1b1 d8f6 g1h1
r1b1kb1r/ppqn1p1p/2n1p3/3pP3/2pN2p1/1PP5/P1BPQPPP/RNB1R1K1 b kq -,
2r3k1/pp3ppp/2n5/1N4P1/8/2K4P/PPP3P1/3b1B1R b - -,c6e5 c3d2 d1h5 b5d4 g8f8 c2c3 c8d8 d2e3 d8e8 f1b5
6k1/r2r2pp/2p5/P2p1p2/1PP5/2K2P2/6PP/R2R4 b - -,d7c7 c4d5 c6d5 c3b3 c7d7 d1d4 g8f7 b4b5 a7a5 a1a5
8/7k/4R3/5PKP/8/8/8/r7 b - -,a1f1 e6e7 h7g8 g5f6 g8f8 e7b7 f8g8 b7d7 f1f2 d7d8
4k3/2q1P3/6Q1/4N3/8/8/6nK/8 b - -,
r1bq1rk1/1p2bpp1/p3p2p/3pP2Q/5P2/2PBR3/PP4PP/R1B3K1 b - -,g8h8 e3g3 f7f5 e5f6 e7c5 g1h1 f8f6 f4f5 e6e5 c1g5
rn1q1rk1/pp5p/3pbppB/8/2P1N3/1P3NP1/P4PBP/b2Q1RK1 b - -,b8c6 h6f8 e6f5 d1d5 g8f8 f1a1 f5e4 d5e4 d8e7 e4e7
3r2k1/p7/2p2pp1/2Pr4/8/1R4P1/P4P1P/2R3K1 b - -,g6g5 b3a3 d8d7 g1g2 g8g7 a3a6 d7c7 c1c3 g7f7 a6a4
r3r1k1/pp3ppp/2p5/3p4/PP3P1q/2PbP1bP/3BB1P1/R2Q1R1K b - -,d3e4 e2f3 a8d8 d1e2 h4f6 f3e4 d5e4 d2e1 g3e1 e2e1
r2qr3/pp3pkp/2B3p1/2p2b2/2P5/1PN1P3/P5PP/R2Q1RK1 b - -,d8d1 a1d1 b7c6 f1e1 e8e6 e3e4 a8e8 g1f2 f5e4 c3e4
1Rb2Q2/3kr3/4p3/q2pP1nB/p1pP4/b1P4P/5PP1/4R1K1 b - -,g5h3 g2h3 a5d8 f8d8 d7d8 e1a1 a3c5 d4c5 e7a7 h5g4
r1b2rk1/pp1nqppp/4p3/8/4N3/2P2NP1/PPQ2PP1/R3K2R b KQ -,f7f5 e4d2 b7b6 e1a1 c8b7 d2c4 a8d8 h1e1 b7e4 c2e2
1r6/1p6/p2kR2n/5pr1/3P1N2/P2B2P1/1P1K4/8 b - -,d6c7 e6h6 c7d7 h6g6 g5g6 d3f5 g6e6 f4e6 d7d6 g3g4
r1b2rk1/ppq1bpp1/7p/1B1pn3/3N2PP/4B3/PPP1QP2/2KR2R1 b - -,e7h4 g4g5 a7a6 g5h6 g7g6 b5a4 g8h7 a4b3 c7e7 b3d5
1nb1r1k1/q4pp1/2P3Qp/1P6/2B1P3/2B2N2/6PP/7K b - -,e7h4 g4g5 a7a6 g5h6 g7g6 b5a4 g8h7 a4b3 c7e7 b3d5
8/2r5/4Qk2/1pN5/1P6/8/P7/2K5 b - -,e7h4 g4g5 a7a6 g5h6 g7g6 b5a4 g8h7 a4b3 c7e7 b3d5
8/3R4/7p/5K1P/2k5/8/8/2b5 b - -,c1b2 f5g6 b2a1 g6h6 c4c5 d7f7 c5d6 h6g6 a1b2 f7f6
r1b1k1nr/ppp2ppp/2qp4/1Bb5/4P3/2N5/PPP2PPP/R1BQK2R b KQkq -,c8d7 b5c6 d7c6 e1h1 g8f6 c1g5 e8a8 a1b1 d8e8 g5f6
6k1/pp2rp2/6pp/5n2/5R2/3Q4/Pq4PP/5R1K b - -,g8h7 f4e4 e7e4 d3e4 b2a2 e4b7 h6h5 f1b1 a2e6 b7a7
r1bq1rk1/pp3ppp/2p1n3/2p5/P3P3/3PB3/1PP1N1PP/R2Q1RK1 b - -,f7f6 e2g3 b7b6 a4a5 a8b8 a5a6 e6d4 c2c3 d4e6 f1f3
r1b1k1nr/pppp1ppp/2n5/2b4q/4P3/2N2N2/PPP1BPPP/R1BQ1RK1 b kq -,c5d6 c3b5 g8h6 b5d6 c7d6 d1d6 h5g6 f1d1 g6d6 d1d6
r1rn2k1/1q3ppp/3p1b2/3PpP2/BP6/R1p1R2P/5PP1/2B1Q1K1 b - -,h7h6 a4b3 a8a3 c1a3 c8a8 a3c1 f6g5 e3c3 a8a1 h3h4
1r5k/5qp1/QP5p/5b2/3R4/1p6/5PPP/4R2K b - -,
r2q1rk1/pb1nbpp1/1p1Npn1p/8/3pPB2/5NP1/PPQ2PBP/R3R1K1 b - -,a8b8 d6b7 b8b7 f3d4 e6e5 d4c6 b7c7 c6e7 g8h8 e7c6
r1b2rk1/pp1nqppp/4p3/8/4N3/2PQ1NP1/PP3PP1/R3K2R b KQ -,f7f5 d3d6 e7e8 e4c5 d7c5 d6c5 b7b6 c5c7 f8f7 c7f4
1r4k1/2pn1p1p/2p3p1/R7/4P3/3PB2P/2P3P1/7K b - -,f7f6 a5a7 b8c8 e3f4 c6c5 f4c7 d7f8 c7d6 f8e6 d6e7
7r/4kppp/8/pb2P3/p1p5/2P2B2/5KPP/RR6 b - -,b5e8 b1b7 e7e6 b7a7 f7f5 e5f6 e6f6 a7a6 f6f7 a1e1
B4rk1/p6p/1n1Pp1p1/1Np1q3/8/4n3/PP2Q1PP/R3K2R b KQ -,f8a8 h1f1 b6c4 f1f3 e5h2 a1c1 h2h1 f3f1 h1h4 g2g3
8/7k/4p3/6RP/r7/8/4PP1P/5K2 b - -,a4a8 f2f3 a8a6 g5g6 a6a1 f1f2 e6e5 g6g5 e5e4 f3e4
7r/1pp5/3p1k2/1p2p1RP/1PnPP3/2PK1N2/8/8 b - -,c4b2 d3e2 b2c4 e2f2 e5d4 c3d4 c7c6 f2g3 b7b6 g3f4
rnbqk2r/pp1p1pp1/4p2p/2b1P3/8/2N2N2/PPP2PPP/R2QKB1R b KQkq -,c5b4 f1d3 b4c3 b2c3 d8a5 e1h1 a5c3 f1e1 b8c6 e1e3
2R1bn2/6kp/6p1/1r1p4/3P4/4PRP1/5PP1/6K1 b - -,e8c6 c8c6 b5b7 c6f6 b7b8 f6f7 g7g8 f7a7 f8e6 f3f7
r1b1kbnr/pppp1ppp/8/4q3/8/8/PPP1BPPP/RNBQ1RK1 b kq -,f8e7 f1e1 c7c6 e2h5 e5f5 g2g4 f5a5 c1d2 a5d8 g4g5
8/2p5/1pB5/1P3pkp/7P/6P1/5K2/8 b - -,f8e7 f1e1 c7c6 e2h5 e5f5 g2g4 f5a5 c1d2 a5d8 g4g5
8/2r3k1/8/1pN1Q3/1P6/8/P7/2K5 b - -,f8e7 f1e1 c7c6 e2h5 e5f5 g2g4 f5a5 c1d2 a5d8 g4g5
8/4k1pp/4p3/p1p5/1pP2PP1/1P3K2/P2R3P/2r5 b - -,a5a4 f4f5 g7g6 f5e6 e7e6 d2e2 e6d6 e2d2 d6c6 g4g5
r4rk1/pp1bn1pp/4p3/q2pP3/P1p3B1/2P5/2PB1PPP/R2Q1RK1 b - -,a8c8 d1e1 e7f5 d2c1 d7c6 c1a3 f8f7 a3b4 a5d8 f2f4
r1b2rk1/pp1nq1pp/3Np3/5p2/8/2PQ1NP1/PP3PP1/R3K2R b KQ -,d7c5 d3d4 b7b6 f3e5 c8b7 d4h4 e7h4 h1h4 b7g2 h4d4
8/7k/4RK2/5P1P/8/8/8/6r1 b - -,g1b1 f6f7 b1b7 f7f8 b7b8 e6e8 b8b5 f5f6 b5h5 f6f7
r2q1rk1/pb1n1pp1/1p1Bpn1p/8/3pP3/5NP1/PPQ2PBP/R3R1K1 b - -,d4d3 c2d3 b7e4 d3d4 e6e5 d4a4 f8e8 a1d1 e4f3 g2f3
r2q1rk1/2p1np2/1p1p2pb/n2P2Np/p3P2P/P2Q2B1/1P1N1PP1/3R1RK1 b - -,a5b7 d3c2 b7c5 d2f3 d8d7 f1e1 a8e8 f3d4 h6g7 f2f3
r1b1k2r/pppp1ppp/2n2n2/2b4q/4P3/2N1BN2/PPP1BPPP/R2Q1RK1 b kq -,c5d6 h2h3 d6e5 f3e5 h5e5 f2f4 e5e7 e3f2 f6e4 c3e4
8/2q1kQ2/8/4N3/8/8/6nK/8 b - -,e7d6 f7f6 d6d5 h2g2 c7e5 f6e5 d5e5 g2g3 e5f5 g3f2
2rr2k1/1pqn1ppn/p2p3p/P2Pp1b1/2P3P1/4B2P/1P1QNPB1/R1R3K1 b - -,d7f6 e3g5 h7g5 e2g3 d8e8 h3h4 g5h7 g4g5 h6g5 h4g5
rn1qkbnr/pbp1pp1p/1p1p2p1/8/2PP4/2NB1N2/PP3PPP/R1BQ1RK1 b kq -,f8g7 d4d5 g8f6 f1e1 e8h8 c1g5 a7a6 h2h4 f8e8 f3d4
7r/4kppp/2B5/p3P3/p1p5/2P5/5KPP/RR6 b - -,h8d8 c6a4 e7f8 f2g1 g7g6 b1d1 d8b8 a1b1 b8a8 g1h1
8/2p2p2/7p/PPk3p1/2p3P1/2K2P1P/8/8 b - -,c5b5 a5a6 b5a6 c3b4 a6b6 b4c4 c7c5 c4c3 b6b5 f3f4
1r3r1k/2qb2pp/p1p2p2/4b3/4P2Q/1BNR4/PPP3PP/3R3K b - -,d7e8 b3c4 b8b2 c4b3 c6c5 c3d5 c7b7 d5e3 e8b5 d3d8
2r3k1/p2bpp2/1q1p2p1/1p1Pb2p/2n2BPP/1NP2P2/PP6/1KQR3R b - -,e5h8 d1e1 b6b7 b3d2 c4a3 b2a3 c8c3 c1d1 h5g4 d2e4
1RbqQ3/3kr3/4p3/3pP1nB/p1pP4/b1P4P/5PP1/4R1K1 b - -,e7e8 b8a8 e8h8 h5g4 d8b6 a8a4 b6b2 g2g3 g5h3 g4h3
3r2k1/pp1r1ppp/8/8/3p3Q/8/PP1RqPPP/3R2K1 b - -,e2e5 h4g3 e5e6 h2h3 h7h5 a2a3 e6f6 d2d3 g7g6 g3f3
3rr1k1/pp3ppp/2p5/3p4/PP2bP1q/2P1PBbP/6P1/R2QBR1K b - -,g3e1 d1e1 h4f6 f3g4 f6g6 e1d2 h7h5 g4d1 d8d6 h1g1
k7/P4p2/4r1p1/7p/RK3P1P/6P1/8/8 b - -,
8/2Q5/6k1/1pN5/1P6/8/P7/2K5 b - -,e6e3 b4b5 e3g3 b5a6 g3b3 a4c4 b3a3 a6b6 a3b3
r1b1k2r/pppp1ppp/2n2n2/7q/4P3/2N1PN2/PPP1B1PP/R2Q1RK1 b kq -,h5a5 c3d5 f6d5 e4d5 c6e7 d1d4 e8h8 e2d3 h7h6 d5d6
r7/p7/2p2Q2/1p6/8/5Bk1/PP1K4/8 b - -,h5a5 c3d5 f6d5 e4d5 c6e7 d1d4 e8h8 e2d3 h7h6 d5d6
1r6/1p1k4/p6R/5B2/3P1N2/P5r1/1P1K4/8 b - -,d7e8 h6h8 e8e7 h8b8 g3b3 d2c2 b3f3 f4d5 e7f7 b8b7
r1b1k2r/p3bppp/1npp4/8/2P1N3/8/PP1B1PPP/2KR1B1R b kq -,d6d5 c4d5 b6d5 d2g5 f7f6 g5d2 c8e6 f1c4 e6f7 e4c3
8/3R4/6Kp/6bP/2k5/8/8/8 b - -,c4c3 d7h7 c3d4 h7h6 g5e3 h6h8 d4d3 h8d8 d3c4 d8d1
3r2k1/p7/2p2pp1/2P5/8/1R4P1/P4P1P/3R2K1 b - -,d8d1 g1g2 d1d5 b3a3 d5c5 a3a7 c5c3 a2a4 c6c5 a4a5
r2qk2r/ppp3p1/2nppn1p/4p3/Nb2P3/P2P1N1P/1PP2PP1/R1BQ1RK1 b kq -,b4a5 b2b4 a5b6 a4b6 a7b6 c1e3 e8h8 c2c3 d8e8 a3a4
2rq1rk1/pb1n1pp1/1p1Bpn1p/8/3pP3/3Q1NP1/PP3PBP/R3R1K1 b - -,f8e8 e4e5 f6d5 f3d4 d7c5 d3e2 d5e7 d4b5 b7g2 g1g2
7r/2p2p2/1pNbpk2/1P4pp/1PP5/3K3P/5PP1/R7 b - -,f6f5 d3d4 d6e5 c6e5 h8d8 d4c3 f5e5 c4c5 f7f5 a1a7
r1bq1rk1/1p3pbp/2Pp1np1/p1n1p3/2P1P1P1/2N1BP1P/PP2N3/R2QKB1R b KQ -,c5e6 c6b7 c8b7 f1g2 f6d7 e1h1 d7c5 d1d2 a5a4 a1b1
8/4k2p/4p1p1/p1p2P2/1pP3P1/1P3K2/P2R3P/2r5 b - -,g6f5 g4f5 c1f1 f3e4 f1f5 a2a3 e7f6 d2a2 f5e5 e4f4
r5k1/2p2ppp/2p1bn2/8/4P3/3PBN2/2P3PP/5R1K b - -,h7h5 f1c1 f6d7 e3f4 a8a7 f3d4 c6c5 d4b5 a7b7 b5c7
r1b2r2/1p3kp1/p1np1q1p/2p1p3/4P3/2PP1N2/PP1Q1PPP/R3K2R b KQ -,f7g8 d2e3 c8e6 e1h1 b7b5 a2a4 b5b4 a4a5 a8b8 f3d2
r1b1kb1r/ppqn1p1p/4p3/4n3/2pN2p1/2PP4/P1B1QPPP/RNB1R1K1 b kq -,c4d3 c2d3 e5d3 e2d3 d7c5 d3e2 b7b6 b1a3 a7a6 a3c4
r3kb1r/p2p2pp/b3p3/q2PPp2/1p1N4/PP2Q1P1/5PBP/RNnK3R b kq -,c1d3 d5e6 d7e6 g2a8 f8c5 b1d2 e8h8 d2c4 a6c4 b3c4
5rk1/q4ppp/2b1pb2/8/2Qp4/P7/R1P2PPP/3R2K1 b - -,c6d5 c4d5 e6d5 a3a4 a7a5 a2a3 g7g6 h2h4 g8g7 h4h5
8/2p2p2/P6p/1k4p1/2p3P1/2K2P1P/8/8 b - -,b5a6 c3b4 c7c5 b4c4 a6b6 c4b3 b6b5 b3c3 c5c4 c3d2
r2qk2r/ppp1bppp/4b3/n3N3/4P1n1/2PB1N2/P4PPP/R1BQ1RK1 b kq -,
Q1bq1rk1/1p1nb1pp/3p4/1p1P1p2/2P2B2/8/PP2B1PP/R3K2R b KQ -,b5b4 a8a4 d7c5 a4b4 e7h4 g2g3 f8e8 b4d2 h4f6 e1h1
8/8/8/8/8/6k1/3K4/2R3r1 b - -,
8/5Q2/8/1pN2k2/1P6/8/P7/2K5 b - -,g1c1 d2c1 g3f4 c1d2 f4f3 d2d3 f3g3 d3c4 g3f2 c4b5
8/7P/4k3/3b4/1p3pQ1/p7/P4P1K/3r4 b - -,g1c1 d2c1 g3f4 c1d2 f4f3 d2d3 f3g3 d3c4 g3f2 c4b5
3r1r1k/2qb2pp/p1p2p2/4b2Q/4P3/1BNR4/PPP3PP/3R3K b - -,
r1bq1rk1/5pbp/2pp1np1/p1B1p3/2P1P1P1/2N2P1P/PP2N3/R2QKB1R b KQ -,d6d5 e4d5 c6d5 c4d5 c8b7 f1g2 f6d5 c3d5 b7d5 e1h1
8/p5kp/3PP3/1R6/P4B2/2PK4/8/8 b - -,d6d5 e4d5 c6d5 c4d5 c8b7 f1g2 f6d5 c3d5 b7d5 e1h1
6k1/p7/2p2pp1/2P5/8/1R4P1/P4PKP/3r4 b - -,d1c1 b3a3 c1c5 a3a7 c5c3 a2a4 c3a3 a4a5 g8f8 g2f1
r1b1kb1r/2q2ppp/pn1p1n2/1p2p3/4P3/P1N1N2P/1PP2PP1/R1BQKB1R b KQkq -,c8b7 f1d3 g7g6 e1h1 f8g7 a3a4 b5a4 c3a4 b6a4 a1a4
r1b1k2r/ppp2ppp/2n2n2/3P3q/8/2N1PN2/PPP1B1PP/R2Q1RK1 b kq -,h5h6 d5c6 h6e3 g1h1 e8h8 e2d3 f6g4 d1d2 e3d2 f3d2
1RbQ4/3kr3/4p3/3pP1nB/p1pP4/b1P4P/5PP1/4R1K1 b - -,d7d8 e1a1 d8c7 b8b1 e7h7 a1a3 h7h5 a3a4 g5e4 a4a3
r2q1k1r/p2bnpp1/4p2p/1p1pP2P/2pP1Q2/2P2N1R/P1PKBPP1/R7 b - -,a7a5 f3h4 b5b4 a1b1 f8e8 h3f3 h8f8 d2e1 a8b8 h4g6
r1b1nrk1/p5qR/2p1p3/1p6/8/2N3p1/PPBQ4/2KR4 b - -,g7g4 h7h8 g8f7 d1f1 f7e7 h8f8 g4g7 f8f7 g7f7 f1f7
r2qk2r/ppp3p1/2nppn1p/b3p3/NP2P3/P2P1N1P/2P2PP1/R1BQ1RK1 b kq -,a5b6 c2c3 e8h8 a4b6 a7b6 c1e3 d8e8 a3a4 e8f7 g1h2
8/5K1k/4R3/5P1P/8/8/8/r7 b - -,a1a3 f5f6 h7h6 f7e7 h6g5 f6f7 a3a7 e7f8 a7a2 f8g7
4r1k1/5pp1/8/p2n4/3R2P1/2N2P1P/P3PQK1/2q5 b - -,d5e3 g2g3 c1c3 d4d3 c3c7 f3f4 c7c1 a2a3 e3f1 g3g2
3rr1k1/pb3p1n/1pp3B1/4P2p/3B4/1P4Pq/P1Q4P/3RR1K1 b - -,g8f8 g6f5 h7g5 f5h3 g5h3 g1f1 h3g5 c2f5 g5e6 f5h5
r7/p7/2p2Q2/8/1p6/4KBk1/PP6/8 b - -,g8f8 g6f5 h7g5 f5h3 g5h3 g1f1 h3g5 c2f5 g5e6 f5h5
8/2p2p2/k6p/6p1/2K3P1/5P1P/8/8 b - -,a6b6 c4b3 c7c5 b3a2 b6b5 a2b3 c5c4 b3c2 b5c5 c2c3
r2qk2r/ppp1bppp/4b3/n3N3/4P3/2PB4/P4PPP/R1BQ1RK1 b kq -,
3r2k1/R4ppp/1p1P1n2/5N2/8/1P5P/5P2/6K1 b - -,g8f8 f5e3 f6e4 a7b7 e4d6 b7b6 f8e7 g1g2 d8c8 b6a6
1Rbk4/4r3/4p3/3pP1nB/p1pP4/b1P4P/5PP1/R5K1 b - -,d8c7 b8b1 a3c5 d4c5 g5e4 a1a4 e4c3 a4a7 c7d8 a7e7
r4rk1/p4p1p/1p2b1p1/2p5/8/B3P2P/3R1PP1/2R3K1 b - -,a8d8 d2d1 e6b3 d1e1 d8d3 e3e4 f8a8 f2f4 a7a5 g1f2
1r1r2k1/3P1p2/6p1/4P2p/7P/6P1/p4P2/1R4K1 b - -,f8c8 e3e4 c8d8 c1d1 d8d2 d1d2 g8f8 a3b2 f8e8 b2f6
rn1qkb1r/1b1pnppp/p3p3/1p6/3NP3/2NBB3/PPP1QPPP/R3K2R b KQkq -,e7c6 d4b3 f8e7 f2f4 c6b4 e1h1 e8h8 f4f5 b8c6 b3c5
r2qr3/p4pkp/2p3p1/2p2b2/2P5/1PN1PQ2/P5PP/R4RK1 b - -,e8e5 e3e4 f5e6 c3d1 d8e7 f3c3 f7f6 d1f2 a8d8 a1d1
8/1R4kp/3pq1p1/2p5/5n2/2P2P2/5P2/3QB1K1 b - -,g7f6 b7h7 c5c4 d1d4 e6e5 d4e5 d6e5 e1d2 f4d5 g1h1
r3kb1r/pppq1ppp/2n2n2/4p3/6b1/3P1NP1/PPPN1PBP/R1BQ1RK1 b kq -,e8a8 d1e1 g4h3 f3e5 c6e5 e1e5 h7h5 d2f3 h3g2 g1g2
6k1/p7/2p2pp1/2P5/8/R5P1/P4PKP/2r5 b - -,c1c5 a3a7 c5c3 a2a4 c3a3 a4a5 g8f8 a5a6 c6c5 g2f1
r1b1k2r/ppp2ppp/5n2/3PN2q/8/2N1P3/PPP1B1PP/R2Q1RK1 b kq -,c8g4 e5g4 f6g4 e2g4 h5h6 d5d6 h6d6 d1d6 c7d6 c3d5
r2qk2r/ppp3p1/1Nnppn1p/4p3/1P2P3/P2P1N1P/2P2PP1/R1BQ1RK1 b kq -,a7b6 c2c3 e8h8 a3a4 d8e8 c1e3 f6h5 g1h2 c6e7 a1a2
8/4k2p/4p3/p1p2P2/1pP5/1P3K2/P2R3P/2r5 b - -,c1f1 f3e4 f1f5 a2a3 e7f6 a3b4 f5e5 e4f4 a5b4 d2a2
rn1qkbnr/pp3pp1/2p1p3/3pPb1N/3P4/8/PPP2PPP/RNBQKB1R b KQkq -,a7a6 h5g3 g8e7 c2c3 c6c5 d4c5 b8d7 b2b4 d7e5 f1e2
r1bqk1nr/pppp1p2/2nb4/6Pp/3P4/6B1/PP2PPP1/RN1QKBNR b KQkq -,d6g3 d4d5 c6e5 g1h3 g3h4 d1d4 e5g6 d4e3 d8e7 e3e7
rn1q3r/3bkppp/p3pn2/1NpP4/QpP1P3/8/PP3PPP/R3KBNR b KQ -,e6d5 c4d5 h8e8 a4c2 d7b5 c2c5 d8d6 c5d6 e7d6 f2f3
r1bq1rk1/5pbp/2p2np1/p1p1p3/N1P1P1P1/5P1P/PP2N3/R2QKB1R b KQ -,d8e7 d1b3 c8e6 e1a1 g7h6 c1b1 a8b8 b3c2 h6e3 h3h4
8/8/5p2/1pk2p1p/5P1P/PK4P1/8/8 b - -,
2r2rk1/1q2ppbp/p5p1/1pPP1P2/n7/PQ1BB3/5RPP/2R3K1 b - -,a4b6 c5c6 b7b8 g1h1 g7f6 f2c2 f6e5 c1e1 e5f4
r4rk1/5pb1/2p1q1p1/p2pn1B1/Pp3QPP/3PP3/1P2B3/2KR3R b - -,a8e8 c1b1 b4b3 g5h6 f7f5 h6g7 g8g7 g4f5 e6f5 d1f1
4r3/4P2p/4R3/P5p1/1pkp1pP1/2p2P1P/1PK5/8 b - -,d4d3 c2c1 d3d2 c1d1 c3b2 d1d2 b2b1q e6e4 b1e4 f3e4
r7/4RK1k/5P2/7P/8/8/8/8 b - -,a8a2 f7f8 h7h6 e7e5 a2a8 e5e8 a8a6 f6f7 h6h5 f8e7
1r4R1/1p3b2/p2k3n/5p2/3P1N2/P2B2P1/1P1K4/4R3 b - -,b8g8 e1h1 h6g4 h1h7 f7a2 d3f5 g4f2 d2e2 f2g4 e2f3
2r2rk1/pp2pp1p/2npb1p1/2n3N1/2P1PN2/4B2P/Pb2BPP1/1R1R2K1 b - -,b2c3 e3c5 d6c5 f4e6 f7e6 e2g4 c8d8 g4e6 g8g7 e6d5
2r3k1/pp3ppp/8/1N2n1P1/8/7P/PPPK2P1/3b1B1R b - -,d1h5 b5d4 c8d8 d2e3 g8f8 g2g4 h5g6 f1e2 e5d7 h1d1
2k4r/ppp2pp1/1n5p/3r4/3P4/2P5/P1P1NPPP/1K1RR3 b - -,d5f5 f2f3 f5h5 h2h3 h5b5 b1a1 b6a4 e2f4 b5f5 f4e2
3r2k1/pp1r1ppp/8/4q3/3p3Q/3R4/PP3PPP/3R2K1 b - -,g7g6 h4g4 h7h5 g4f3 d8c8 d3d2 g8g7 g2g3 a7a5 h2h4
2kr3r/ppq1b3/2p1P2p/6p1/3p4/1QNB2P1/PP4P1/1K1R3R b - -,
6k1/5pp1/8/p2N4/6P1/4rP1P/P3P1K1/8 b - -,e3e2 g2f1 e2a2 f1e1 a2a3 f3f4 a3d3 d5b6 d3h3 e1d2
2rq1rk1/pb3pp1/1p1Bpn1p/2n5/3QP3/5NP1/PP3PBP/R3R1K1 b - -,b7e4 d6f8 d8f8 a1d1 e4c2 d1c1 c8d8 d4b4 f6d5 b4a3
r1b1nr2/p6k/2p1p3/1p6/8/2N5/PP4Q1/2KR4 b - -,b7e4 d6f8 d8f8 a1d1 e4c2 d1c1 c8d8 d4b4 f6d5 b4a3
r4rk1/p1p1qppp/1pn2n2/3p1pN1/3P1B2/P1P1P3/2PQ1PPP/1R2R1K1 b - -,h7h6 g5h3 g7g5 f4g3 c6a5 d2d3 e7d7 f2f3 a8e8 g3e5
8/p7/2p2Q2/8/1p2K3/6k1/PP6/8 b - -,h7h6 g5h3 g7g5 f4g3 c6a5 d2d3 e7d7 f2f3 a8e8 g3e5
2rq1rk1/pp1bppbp/2np1np1/8/3NP1P1/2N1B2P/PPPQ1PB1/2KR3R b - -,c6e5 g4g5 f6h5 g2f1 a7a6 c1b1 b7b5 h1g1 e5c4 f1c4
2r3k1/Np3ppp/8/4n1P1/8/7P/PPbK2P1/5B1R b - -,c8c7 a7b5 c7c5 b2b4 c5c6 b5d4 c6d6 d2c2 d6d4 a2a3
2r2rk1/pp2ppbp/2npb1p1/2n3N1/2P1PN2/4B2P/PP2BPP1/R2R2K1 b - -,c6d8 a1b1 f8e8 f4e6 d8e6 e2g4 c8c7 g5e6 c5e6 g4e6
2kr3r/ppq1b3/2p1P2p/6p1/8/2QB2P1/PP4P1/1K1R3R b - -,
5rk1/q4ppp/2b1pb2/8/8/P2Q4/R1P2PPP/3R2K1 b - -,a7a4 c2c4 g7g6 a2d2 g8g7 h2h3 f8c8 c4c5 c8b8 d1c1
r2qk2r/pp3ppp/B1p1p3/2b5/4PQ2/5b2/PPPB1PPP/R3K2R b KQkq -,d8d4 f4f3 b7a6 c2c3 d4a4 b2b3 a4b5 f3g3 a8d8 e1a1
1r2R3/5K1k/5P2/7P/8/8/8/8 b - -,b8b5 f7e6 b5h5 f6f7 h5h6 e6e7 h6h3 e8h8 h7h8 f7f8q
r2qnrk1/1bp3bp/np1p4/3Pp1p1/1PP1Pp2/B1NB4/2QN1PPP/R4RK1 b - -,g5g4 c4c5 d6c5 b4c5 a6c5 a3c5 a8a1 f1a1 b6c5 a1a7
r1b1k2r/ppp2ppp/5n2/3P4/3P4/2N5/PPP1B1PP/R4RK1 b kq -,e8d8 e2d3 h8e8 f1f3 c8d7 f3g3 f6h5 g3g5 g7g6 g5e5
4r1k1/5pp1/8/p2N4/2R3P1/5P1P/P3PQK1/2q5 b - -,c1b1 d5c3 b1b2 a2a4 b2c2 f2d4 c2b2 d4d3 b2b6 c4e4
2r1r1k1/p1qn1pp1/1p3n1B/8/2Pp4/3B2Q1/P4PPP/2R1R1K1 b - -,c7g3 h2g3 g7h6 e1e8 c8e8 f2f3 d7c5 c1d1 e8d8 d3b1
r4rk1/pp3ppp/2nbpnb1/2p5/2B1N1P1/2PP1N1P/PP3P2/R1B1R1K1 b - -,d6e7 c1f4 h7h6 e4f6 e7f6 a1d1 f8d8 f3e5 f6e5 f4e5
3r1r1k/2qb3p/p1p2ppQ/4b3/4P3/1BNR4/PPP3PP/3R3K b - -,
r1b2r2/p5nk/2p1p3/1p6/8/2N5/PP4Q1/2K4R b - -,h7g8 g2h2 f8f2 h2f2 c8d7 f2h2 g8f7 h2h7 a7a5 h1f1
r1b2rk1/1pq1bpp1/p6p/3p4/3N2PP/3QB3/PPP2P2/2KR2R1 b - -,c7c4 d4f5 c8f5 g4f5 g8h8 e3d4 c4d3 d1d3 f8g8 d3g3
2kr3r/pp2b1Q1/2p1P2p/6p1/8/3B2q1/PP4P1/1K1R3R b - -,
rn1qkb1r/pp3ppp/4bP2/2pp4/2p5/2N2N2/PP3PPP/R1BQKB1R b KQkq -,g7f6 g2g3 b8c6 f1g2 d5d4 c3e2 d8a5 c1d2 a5a6 e1h1
2rr1nk1/1pq2ppn/p2p3p/P2Pp1b1/1PP3P1/4B2P/3QNPB1/R1R3K1 b - -,c8b8 e2g3 f8g6 c4c5 g6h4 g3e4 g5e3 d2e3 d6c5 d5d6
rnbqkb1r/1ppppppp/p4n2/6P1/3P4/8/PPP1PP1P/RNBQKBNR b KQkq -,f6g8 f1g2 d7d5 b1c3 e7e6 e2e4 d5e4 c3e4 g8e7 g1f3
1r1q1rk1/1p1b1ppp/3Rpn2/1p2n3/5B2/1QN3P1/PP2PPBP/R5K1 b - -,e5g6 d6d7 d8d7 a1d1 d7c8 f4b8 c8b8 b3b5 b7b6 c3a4
2b1kn2/2r2n2/4p2Q/q2pP1BB/p1pP4/b1P1R2P/5PP1/1R4K1 b - -,c7e7 e3f3 a5c7 g5e7 c7e7 h6g7 f8g6 h5g6 e7f8 f3f7
r2r2k1/p4p1p/1p2b1p1/2p5/8/B3P2P/1R3PP1/2R3K1 b - -,d8d3 c1a1 g8f8 g2g4 f8e7 b2b5 e7d6 a3c5 b6c5 a1a6
8/p7/2p2Q2/8/8/1p2K1k1/PP6/8 b - -,a8c8 b2b1 g8f8 a3b2 f8e7 c1c3 e7d7 c3a3 c8a8 b2f6
8/8/5p2/1p1k1p1p/1K3P1P/P5P1/8/8 b - -,
8/8/5K2/4P3/3k1P2/8/6PP/r7 b - -,a1a4 e5e6 d4d5 f4f5 d5d6 g2g3 a4a8 g3g4 a8f8 f6g7
r4r2/1p3kp1/p1np1q1p/2p1p3/4P1b1/2PP1N1P/PP1Q1PP1/R3K2R b KQ -,g4f3 g2f3 f6f3 h1g1 f7g8 d2e3 g8h7 h3h4 f8f7 e3f3
r1b5/p4Q2/2p2k2/1p2p3/8/1B6/PP4p1/2K5 b - -,f6g5 f7g7 g5h4 g7g2 c8g4 g2h2 h4g5 h2e5 g4f5 b3c2
r2q1rk1/1b1n2bn/p2p2p1/1p1PpP1p/PPp5/R1P1BNNP/2BQ1PP1/4R1K1 b - -,h7f6 e3g5 d8c7 f5g6 f6d5 f3h4 a6a5 g3h5 a5b4 c3b4
4RK2/1r5k/5P2/7P/8/8/8/8 b - -,h7f6 e3g5 d8c7 f5g6 f6d5 f3h4 a6a5 g3h5 a5b4 c3b4
r1bqkb1r/ppp4p/2np1p1p/4p3/4P3/3P1NP1/PPP2PBP/RN1Q1RK1 b kq -,f8g7 f3h4 e8h8 h4f5 c8f5 e4f5 c6e7 g2h3 a8b8 f1e1
r1b5/p5k1/2p5/1p6/6r1/2N5/PPB1R1p1/2K3R1 b - -,b5b4 c3d1 g7f6 d1e3 g4g3 e3g2 c8h3 g1f1 f6g7 e2e7
r1bQ1rk1/5pbp/2p2np1/p1p1p3/2P1P1P1/2N2P1P/PP2N3/R3KB1R b KQ -,c8g4 d8a8 f8a8 h3g4 h7h5 g4h5 f6h5 e1a1 h5f4 c1c2
r1bq1rk1/1p2bpp1/p3p2p/3pP2Q/5PP1/2PB4/PP5P/R1B1R1K1 b - -,d8b6 c1e3 e7c5 e3c5 b6c5 g1g2 c8d7 g4g5 d7b5 d3c2
4r1k1/5pp1/8/p7/4R1PK/2N2P1P/P3PQ2/2q2n2 b - -,d8b6 c1e3 e7c5 e3c5 b6c5 g1g2 c8d7 g4g5 d7b5 d3c2
2br1r1k/2q4p/p1p2ppQ/4b3/4P3/1B1R4/PPP1N1PP/3R3K b - -,
r3r3/p4pkp/2p3p1/2p2b2/2P1P3/1PNq1Q2/P5PP/R4RK1 b - -,d3d6 e4f5 d6d4 g1h1 e8e3 f3c6 a8e8 c3d5 e3e2 f5f6
r1b2rk1/p5n1/2p1p3/1p6/8/2N5/PP5Q/2K4R b - -,c8d7 h2h7 g8f7 c3e4 d7e8 h1f1 f7e7 h7g7 f8f7 f1f7
r3k2r/p3bppp/1npp4/8/2P1N1b1/5P2/PP1B2PP/2KR1B1R b kq -,g4d7 d2c3 e8h8 e4d6 a7a5 c4c5 b6d5 f1c4 d7e6 c3d4
6k1/5p2/3p2pp/P2P4/1PQ3P1/3Brq1P/2P5/6K1 b - -,g4d7 d2c3 e8h8 e4d6 a7a5 c4c5 b6d5 f1c4 d7e6 c3d4
r1bRR3/p4rk1/2p5/1p6/5p2/2N3p1/PPB5/2K5 b - -,a7a5 c3e4 f7f5 e8g8 g7f7 c2b3 c8e6 d8a8 e6b3 a2b3
2b1kn2/q1r2n2/4p2Q/3pP1BB/p1pP4/b1P2R1P/5PP1/1R4K1 b - -,c8a6 h6f6 e8d7 f6f7 d7c6 f7e8 c7d7 f3f8 a3f8 e8f8
r1br2k1/5pbp/2p2np1/p1p1p3/N1P1P1P1/5P1P/PP2N3/R3KB1R b KQ -,f6e8 b2b3 e8c7 a1d1 d8d1 e1d1 c7e6 h3h4 e6d4 e2d4
3rr1k1/pp3ppp/2p5/3p4/PP3P1q/2P1PQbP/6P1/R3BR1K b - -,g3e1 a1e1 e8e4 f3e2 e4c4 e2d2 h4f6 e1c1 b7b6 f1d1
rn6/pp2rpk1/8/q1Pn2p1/1b1P2NP/5P2/PPQ2KP1/R4B1R b - -,d5f4 c2f5 b8d7 f5g5 f4g6 g5h6 g7g8 f1c4 g6e5 g4e5
rnbqkbnr/ppp2ppp/8/3p4/8/2N2N1P/PPPP1PP1/R1BQKB1R b KQkq -,f8e7 d2d4 g8f6 f1d3 e8h8 e1h1 b8d7 c1f4 c7c6 f1e1
7r/R1p2p2/1pNbpk2/1P4pp/1PP5/7P/4KPP1/8 b - -,
8/2R2p2/1p4nk/pr6/6KP/4N1P1/8/8 b - -,g6e5 g4f4 e5d3 f4g4 b5c5 c7b7 d3e5 g4f4 b6b5 f4e4
8/4k2p/4p1p1/p1p5/1pP2PP1/1P3K2/P3R2P/2r5 b - -,c1c3 e2e3 h7h5 g4h5 g6h5 e3c3 b4c3 f3e3 e7f6 a2a3
r2q1rk1/1np1np2/1p1p2pb/3P2Np/p3P2P/P5B1/1PQN1PP1/3R1RK1 b - -,b7c5 d2f3 d8d7 f1e1 a8e8 f3d4 e8c8 f2f3 h6g7 g1h1
3r4/R4Nkp/1p1P1np1/8/8/1P5P/5P2/6K1 b - -,d8b8 d6d7 f6d7 a7d7 g7g8 g1g2 b8c8 f7h6 g8h8 d7b7
2r2rk1/pp2p2p/2npp1p1/2n3N1/2P1P1B1/b3B2P/P4PP1/1R1R2K1 b - -,c6e5 e3c5 c8c5 g4e6 g8h8 b1b7 h7h6 b7a7 h6g5 a7a3
6K1/4k1P1/8/8/4R3/8/r7/8 b - -,c6e5 e3c5 c8c5 g4e6 g8h8 b1b7 h7h6 b7a7 h6g5 a7a3
4r1k1/5pp1/8/p4K2/2RQ2P1/2N2P1P/P3P1n1/4q3 b - -,c6e5 e3c5 c8c5 g4e6 g8h8 b1b7 h7h6 b7a7 h6g5 a7a3
4kn2/q1r2nQ1/b3p3/3pP1BB/p1pP4/b1P2R1P/5PP1/1R4K1 b - -,c6e5 e3c5 c8c5 g4e6 g8h8 b1b7 h7h6 b7a7 h6g5 a7a3
r1b2r2/p4knQ/2p1p3/1p6/8/2N5/PP6/2K4R b - -,f7e7 h7g7 f8f7 g7g3 e6e5 c3e4 c8h3 g3e5 e7d7 e4c5
r3k2r/p3bppp/1nppb3/8/2P1NB2/5P2/PP4PP/2KR1B1R b kq -,e6c4 f1c4 b6c4 f4d6 c4d6 e4d6 e8f8 h1e1 h7h5 d6c4
2rr2k1/1pq2ppn/p2p2np/P1PPp1b1/1P4P1/4B2P/3QNPB1/R1R3K1 b - -,g8h8 e2g3 g5e3 d2e3 g6h4 g3e4 d6c5 d5d6 c7d7 b4c5
r2q1k1r/3bnpp1/p3p2p/1p1pP2P/2pP1Q1N/2P4R/P1PKBPP1/R7 b - -,f8g8 g2g4 e7c6 h4f3 b5b4 c3b4 c6b4 c2c3 d8a5 a2a4
6k1/2p2ppp/2p1bn2/8/4P3/3PBN2/r1P3PP/2R4K b - -,f6g4 e3f4 c6c5 h2h3 g4f6 f4c7 c5c4 h1g1 c4d3 c2d3
2rn1rk1/pp2p2p/3pp1p1/2n1P1N1/2P3B1/b3B2P/P4PP1/1R1R2K1 b - -,f8e8 e5d6 e7d6 d1d6 b7b6 e3c5 a3c5 d6d7 h7h5 g4f3
4r1k1/5pp1/8/p2N4/2q1P1P1/5P1P/P4QK1/8 b - -,e8b8 g2g3 c4c1 f2a7 c1e1 g3f4 e1d2 f4f5 b8e8 g4g5
r2R2R1/pb3rk1/2p5/1p6/5p2/2N3p1/PPB5/2K5 b - -,g7h6 g8g6 h6h5 d8d1 c6c5 c3d5 b7d5 d1d5 h5h4 d5d1
8/3B1k2/6r1/1p5K/pB6/P6P/1P6/8 b - -,g6g2 b4c3 b5b4 a3b4 a4a3 b2a3 g2g3 c3e1 g3a3 h5g5
r4rk1/p5pp/bp2pp2/8/1PNP4/2N5/1P3PPP/R4RK1 b - -,a6c4 f1d1 c4b3 d1c1 f8d8 a1a3 b3c4 c1d1 a7a6 f2f3
2q1k1r1/p3nQ2/1pr1N1p1/2pp3p/6P1/1NP2R2/P4P1P/4R1K1 b - -,a6c4 f1d1 c4b3 d1c1 f8d8 a1a3 b3c4 c1d1 a7a6 f2f3
r1b1R3/p5k1/2p5/1p2p3/5r2/2N3p1/PPB5/2K3R1 b - -,g7f6 c3e4 f6f7 e8h8 f7e7 g1g3 f4f7 g3g8 e7d7 g8d8
4r1k1/5p2/5Kp1/p7/2RQ2P1/2N2P1P/P3P1n1/4q3 b - -,g7f6 c3e4 f6f7 e8h8 f7e7 g1g3 f4f7 g3g8 e7d7 g8d8
8/5R2/4p1p1/4P3/4PP1P/6k1/6r1/5K2 b - -,
rnbqkb1r/pp2pppp/3p1n2/2p5/6P1/4P2P/PPPP1PB1/RNBQK1NR b KQkq -,d6d5 g1e2 e7e6 b2b3 b8c6 c1b2 f8e7 d2d4 e8h8 d4c5
r2qk2r/1pp3p1/p1nppn1p/2b1p3/4P3/P1NP1N1P/1PPB1PP1/R2Q1RK1 b kq -,g7g5 f3h2 d8e7 b2b4 c5b6 a3a4 c6b4 a4a5 b6a7 a1b1
3r2k1/pp1r1ppp/8/8/3R3Q/8/qP3PPP/3R2K1 b - -,f7f6 g2g3 d7d4 d1d4 d8d4 h4d4 h7h6 d4d8 g8h7 d8d3
3r1r2/pp2q1k1/2pp1p1p/P3pRn1/1PPPP1Q1/4P3/2B3P1/5R1K b - -,b7b6 c4c5 b6c5 b4c5 d6c5 d4e5 f6e5 c2b3 f8f5 e4f5
4r1k1/5pp1/8/p2n4/2R3P1/2N2PKP/P3PQ2/2q5 b - -,d5c3 h3h4 c1b2 e2e4 c3e2 g3h3 b2a2 c4c6 a2d2 h4h5
3rr1k1/pb3B2/1pp5/4P1np/3B4/1P4Pq/P1Q4P/3RR1K1 b - -,g8f8 e1f1 b7a6 f7e8 a6f1 d1f1 h3f1 g1f1 f8e8 c2c6
r2r2k1/5pbp/2p1bnp1/p1p1p3/N1P1P1P1/1P3P1P/P3N3/R3KB1R b KQ -,g7h6 e2c3 h6e3 c3d1 e3d4 d1b2 f6d7 h3h4 h7h5 g4g5
6k1/7r/3K3Q/8/8/8/8/8 b - -,h7h6 d6e5 h6h5 e5d4 g8f7 d4e4 f7e6 e4e3 h5h4 e3f3
r1b2rk1/p1p2ppp/1p3n2/3P4/3P4/2NR4/PPP1B1PP/5RK1 b - -,c8d7 d3g3 g8h8 g3e3 h8g8 e3e5 f8d8 e2f3 a8c8 c3d1
2k4r/ppp2pp1/7p/3r4/2nP4/1KP5/P1P2PPP/2NRR3 b - -,c4a5 b3b4 a5c6 b4a3 c6a5 c1d3 h8d8 g2g3 a7a6 e1e2
2r4k/5qp1/1P5p/8/3R4/1p5P/2b1QPP1/4R2K b - -,c8b8 d4b4 h8g8 e2e7 b8b7 e7d8 g8h7 e1e8 c2f5 e8h8
r3kb1r/p2p2pp/b3p3/q2PPp2/1p6/PP1nQNP1/5PBP/RNBK3R b kq -,a5d5 b1d2 f8c5 f3h4 c5e3 g2d5 d3f2 d1e1 e6d5 a3b4
r4rk1/p5pp/1p2pp2/8/1PbP4/2N5/1P3PPP/R2R2K1 b - -,f8d8 a1a3 a7a6 f2f3 g8f7 h2h4 a8c8 b2b3 c4b5 c3b5
r1R1R3/p2r2k1/2p5/1p6/5p2/2N3p1/PPB5/2K5 b - -,d7d1 c3d1 a8c8 e8c8 g3g2 c2b3 g7f6 c8g8 f4f3 c1d2
4RK2/5P1k/8/7P/8/8/8/1r6 b - -,d7d1 c3d1 a8c8 e8c8 g3g2 c2b3 g7f6 c8g8 f4f3 c1d2
r2b1rk1/pp3ppp/2n5/1N4B1/5Pb1/3R4/PPP3PP/2K2B1R b - -,d8g5 f4g5 a8e8 c1d2 e8e5 b5d4 e5g5 d4c6 b7c6 d3d6
2br1r1k/2q4p/p1p2ppQ/8/4PN2/1B1R4/PbP3PP/3R3K b - -,c7g7 h6g7 h8g7 d3d8 f8d8 d1d8 c8g4 f4d3 b2a1 d8a8
r4r2/1p3kp1/p1np1q1p/2p1p3/4P3/2PP1P1P/PP1Q1P2/R3K2R b KQ -,f6f3 h1g1 f7g8 d2e2 g8h7 a2a4 c6d8 e2f3 f8f3 g1g3
5rk1/p1RP1p1p/1p3np1/8/8/1P3N2/5P1P/6K1 b - -,f6d7 c7d7 a7a5 f3e5 b6b5 d7a7 a5a4 b3a4 b5a4 g1g2
R7/p4rk1/2p5/1p6/5p2/2N3p1/PPB5/2K5 b - -,g3g2 c2b3 g2g1q c1c2 g1g2 c2c1 f4f3 b3f7 f3f2 a8g8
3r2k1/pp4pp/5p2/8/3R3Q/7P/qP3PP1/6K1 b - -,d8d4 h4d4 h7h6 d4d8 g8h7 d8d3 h7h8 d3d8 a2g8 d8d7
r3rbk1/pp1n3p/1qpp2p1/5P2/2P2P2/1PB3PP/P2Q2BK/3R1R2 b - -,h7h5 g2d5 g8h7 f5g6 h7h6 f4f5 b6e3 d5f7 e3d2 c3d2
2r4k/5qp1/1P5p/8/1R6/7P/1pb1QPP1/4R2K b - -,b2b1q b4b1 c2b1 e1b1 c8b8 e2c2 f7d7 f2f3 h8g8 c2c4
2k4r/ppp2pp1/7p/n2r4/1K1P4/2P5/P1P2PPP/2NRR3 b - -,a5c6 b4a3 c6a5 c1d3 h8d8 g2g3 a7a6 e1e2 d5b5 d3b2
r4rk1/pbp2ppp/1p3n2/3P4/3P4/2N3R1/PPP1B1PP/5RK1 b - -,b7d5 f1f6 a8e8 f6f1 e8e7 e2d3 d5b7 d4d5 f8d8 d3c4
r1b1R3/p4rk1/2p5/1p2p3/5q2/2N3p1/PPBQ4/2K3R1 b - -,f7f6 c3e4 f4d2 c1d2 f6g6 e4g3 e5e4 c2e4 g6e6 e8d8
rn2r1k1/1bqnbR1p/p5p1/4p1P1/1p1NP2Q/3BB3/PPP1N2P/R5K1 b - -,h7h5 d4e6 c7c5 f7g7 g8h8 e6c5 h8g7 c5b7 b8c6 h4h3
r4rk1/p1p1qpp1/1pn2n1p/3p1p2/3P1B2/P1P1PN2/2PQ1PPP/1R2R1K1 b - -,g7g5 f4g3 c6a5 d2d3 f6e4 f3d2 e4d2 d3d2 a5c4 d2d3
r3k2r/p3bppp/2pp4/8/2b1NB2/1P3P2/P5PP/2KR3R b kq -,c4e6 f4d6 a8d8 h1e1 h7h5 d6e7 e8e7 e4c5 d8d1 c1d1
4R3/4KP1k/8/7P/8/8/1r6/8 b - -,c4e6 f4d6 a8d8 h1e1 h7h5 d6e7 e8e7 e4c5 d8d1 c1d1
7r/R1p2p2/1pNbpk2/1PP4p/1P4p1/7P/4KPP1/8 b - -,d6f8 a7c7 b6c5 b5b6 c5b4 c7c8 f6g7 b6b7 f8d6 c6b4
r1bq1rk1/1p2bpp1/p3p2p/3pP2Q/5P2/2PB4/PP4PP/R1B1R2K b - -,d8e8 h5h3 f7f5 e5f6 f8f6 d3c2 c8d7 h3d3 e8h5 e1e5
r3k2r/pp3ppp/Bqp1p3/2b5/4P3/5Q2/PPPB1PPP/R3K2R b KQkq -,b6b2 e1h1 b7a6 d2c3 b2a3 a1b1 e8h8 b1b3 a3a4 f3g4
r1R5/p5k1/2p5/1p2p3/6r1/2N3p1/PPB5/2K3R1 b - -,b5b4 c8a8 b4c3 a8a7 g7f6 b2c3 e5e4 c1d2 g4f4 d2e3
rn1q3r/3bkppp/p4n2/1NpP4/QpP5/8/PP3PPP/R3KBNR b KQ -,h8e8 f1e2 e7f8 a2a3 b4b3 g1f3 d8b6 h2h4 a6b5 a4a8
r1bqkb1r/1pp1npp1/p1np3p/4p3/2B1P3/2P2N2/PP1P1PPP/RNBQR1K1 b kq -,e7g6 d2d4 f8e7 b1d2 e8h8 d2f1 g6h4 f3h4 e7h4 f1g3
4r1k1/5pp1/6n1/p7/2Q1NqP1/5P1P/P3P1K1/3R4 b - -,f4h6 c4b5 e8e5 b5b3 g6f4 g2g3 f4g6 b3d3 h6f4 g3g2
8/4k1pp/4p3/p1p5/1pP2P2/1P3KP1/P3R2P/2r5 b - -,e7d7 e2d2 d7e7 d2e2 g7g6 g3g4 c1c3 e2e3 h7h5 g4h5
2q3r1/p2knQ2/1pr3p1/2Np3p/6P1/1NP2R2/P4P1P/4R1K1 b - -,g7g6 g3g4 c1c3 e2e3 h7h5 g4h5 g6h5 e3c3 b4c3 f3e3
r3k2r/pp3ppp/2nbpnb1/2p5/2B3P1/2PP1N1P/PP1N1P2/R1B1R1K1 b kq -,a7a6 d2e4 d6e7 a2a4 e8a8 a4a5 f6d5 g1g2 h7h6 h3h4
8/1R5p/3pq1pk/2p5/5n2/2P2P2/3B1P2/3Q2K1 b - -,g6g5 d2f4 g5f4 d1d3 e6g6 d3g6 h6g6 b7d7 g6f6 d7d6
r1bqkb1r/pppp1ppp/8/3Pp3/1n6/B7/P1PP1PPP/R2QKBNR b KQkq -,b4d5 a3b2 d7d6 f1c4 c8e6 c4b3 g7g6 d2d4 f8g7 d4e5
r3k2r/p3bppp/2pBb3/8/4N3/1P3P2/P5PP/2KR3R b kq -,e7d6 d1d6 e6d5 e4c5 e8e7 d6d7 e7f6 h1e1 h8e8 e1e8
R3R3/pb3rk1/2p5/1p6/5p2/2N3p1/PPB5/2K5 b - -,g3g2 e8g8 g7f6 a8e8 f7e7 e8e7 f6e7 g8g2 b5b4 c3e4
2r4k/5qp1/1P5p/8/8/7P/4QPP1/1R5K b - -,c8e8 e2c2 f7b7 f2f3 e8e7 c2f5 e7e8 f5f4 h8h7 f4d6
2r1R3/p2r2k1/2p5/1p6/4Np2/6p1/PPB5/2K5 b - -,c8e8 e2c2 f7b7 f2f3 e8e7 c2f5 e7e8 f5f4 h8h7 f4d6
2b1kn2/q1r2nQ1/4p3/1R1pP1BB/p1pP4/b1P2R1P/5PP1/6K1 b - -,c7e7 g5e7 a7e7 f3f7 e8d8 f7e7 a3e7 g7f7 c8d7 b5b8
r1bqkb1r/pp3ppp/2n1pn2/3p4/3P1B2/3B1N2/PPP2PPP/RNQ1K2R b KQkq -,h7h6 b1c3 a7a6 e1h1 g7g5 f4g3 f6h5 c3e2 c6b4 f3e5
r1bqkbnr/pppp1p2/2n5/6pp/3P3P/6B1/PP2PPP1/RN1QKBNR b KQkq -,g5h4 g3h4 f8e7 h4e7 d8e7 b1c3 g8f6 d4d5 c6e5 g1f3
2r5/p5k1/2p5/1p2pB2/6r1/2N3p1/PP6/2K3R1 b - -,g4h4 g1g3 g7f6 f5c8 a7a5 g3h3 h4c4 b2b3 c4d4 c3e2
4R3/5P1k/3K4/7P/8/8/4r3/8 b - -,g4h4 g1g3 g7f6 f5c8 a7a5 g3h3 h4c4 b2b3 c4d4 c3e2
2k4r/ppp2pp1/2n4p/3r4/2KP4/2P5/P1P2PPP/2NRR3 b - -,h8d8 a2a4 c6a5 c4b4 b7b6 c1d3 d5f5 b4a3 c7c5 e1e4
3r1rk1/pbp2ppp/1p3R2/3P4/3P4/2N3R1/PPP1B1PP/6K1 b - -,f8e8 e2c4 a7a6 a2a4 d8d7 f6f1 g7g6 h2h4 g8g7 h4h5
r6k/pp4pp/1q2Q1b1/3B1r2/8/5pP1/PP3P1P/2R1R1K1 b - -,f5f8 e6b6 a7b6 a2a3 a8d8 e1e5 g6e8 d5b7 e8d7 b2b4
2rqr1k1/pb3pp1/1p1Bp2p/2n1P3/1P1Qn3/5NP1/P4PBP/R3R1K1 b - -,b7a8 b4c5 b6c5 d4e3 e4d6 e5d6 d8d6 f3e5 a8d5 g2f1
rnbqk2r/pp4pp/2p1p3/3p1p2/2PPn3/NP1BPN2/P4PPP/R2Q1RK1 b kq -,d8d6 a3b1 e8h8 d1c2 d6e7 b1c3 c8d7 f3e5 d7e8 c3e2
r2r2k1/p5pp/1p2pp2/8/1PbP4/R1N5/1P3PPP/3R2K1 b - -,d8d7 f2f3 a8c8 g1f2 c4d5 d1a1 c8c4 a3a7 d7a7 a1a7
r1b1R3/p5k1/2p5/1p2p3/5r2/6p1/PPB1N3/2KR4 b - -,g7f7 e8e5 f4f2 e2g3 c8g4 d1e1 f2f4 g3e4 c6c5 e4d6
7r/R1p2p2/1pNbpk2/1PP4p/1P6/7P/4KP2/8 b - -,d6e5 c6e5 f6e5 a7c7 f7f5 e2d3 h8b8 d3c4 f5f4 c7c6
r2r2k1/5p1p/2p1bnpb/p1N1p3/2P1P1P1/1P3P1P/P3N3/R3KB1R b KQ -,h6e3 c5a4 d8d2 e2c1 a8d8 c1d3 d8d4 a1b1 d2a2 b1b2
r5k1/1p2qpp1/2p4p/3p4/3R1P2/2P1P2P/3QR1PK/r7 b - -,b7b5 e3e4 a1a2 d2a2 a8a2 e2a2 d5e4 a2e2 f7f5 g2g4
6k1/pp4pp/5p2/8/3Q4/7P/qP3PP1/6K1 b - -,h7h6 d4d8 g8h7 d8d3 h7h8 d3d8 a2g8 d8d7 g8b8 h3h4
r1b1R3/p4rk1/2p5/1p2p3/5q2/6p1/PPBQN3/2KR4 b - -,f4h4 e8e5 c8f5 e5f5 f7f5 c2f5 g3g2 d2c3 g7f8 f5c2
2rqr1k1/pb3pp1/1p1Pp2p/2n5/1P1Q4/5NP1/P4PBP/R3R1K1 b - -,b7d5 b4c5 c8c5 d4f4 c5c4 f4e5 d8d7 f3d2 c4c5 d2e4
r1b1R3/p4rk1/2p5/1p2p3/5q2/2N3p1/PPBQ4/1K1R4 b - -,c8f5 e8a8 f4d2 d1d2 f5e6 d2g2 f7f1 c2d1 b5b4 g2g3
2R5/p2r2k1/2p5/1p6/5p2/2N3p1/PPB5/2K5 b - -,g3g2 c8c6 g2g1q c3d1 f4f3 c6g6 g1g6 c2g6 g7g6 c1c2
6k1/1r1r2pp/1Pp5/P4p2/2p5/2K2P2/6PP/RR6 b - -,h7h6 a5a6 b7b6 b1b6 d7a7 c3c4 g8h7 c4c5 a7d7 b6b1
4R3/5P1k/8/7P/1K6/8/2r5/8 b - -,h7h6 a5a6 b7b6 b1b6 d7a7 c3c4 g8h7 c4c5 a7d7 b6b1
r4rk1/p1p1qp2/1pn2n1p/3p1pp1/3P4/P1P1PNB1/2PQ1PPP/1R2R1K1 b - -,f6e4 d2d3 c6a5 h2h4 f8e8 b1a1 a5c4 f3e5 e4g3 f2g3
2kr4/ppp2pp1/2n4p/3r4/2KP4/1NP5/P1P2PPP/3RR3 b - -,b7b6 d1b1 d8d6 e1e8 c8d7 b1e1 d5f5 f2f3 f5h5 h2h3
r5R1/pb3r2/2pR3k/1p6/5p2/2N3p1/PPB5/2K5 b - -,h6h5 g8a8 b7a8 c2g6 h5h4 g6f7 g3g2 c1d2 f4f3 d6h6
4kn2/q1r2BQ1/b3p3/1R1pP1B1/p1pP4/b1P2R1P/5PP1/6K1 b - -,e8d7 b5a5 d7c8 a5a4 c8b7 a4a3 a7b8 g1h2 b7a7 h3h4
rn1qr3/3bkppp/p4n2/1NpP4/QpP5/8/PP2BPPP/R3K1NR b KQ -,e7f8 a2a3 b4b3 a4b3 a6b5 c4b5 d7f5 g1f3 b8d7 a3a4
r1b1k2r/ppp4p/3p2p1/4qp2/2B1n3/4B3/PP3PPP/R2QR1K1 b kq -,e5e7 f2f3 c8e6 c4e6 e7e6 f3e4 e8a8 e4f5 e6f5 a1c1
8/3B1k2/8/1p6/pB5K/P5rP/1P6/8 b - -,g3g2 b4c3 b5b4 a3b4 a4a3 b2a3 f7e7 d7g4 g2a2 c3d4
r3kb1r/1b1p1ppp/p1n1p3/qp6/4P3/2NBB3/PPP1QPPP/1K1R3R b kq -,f8e7 e2h5 a8c8 h2h4 h7h6 f2f4 b5b4 h5a5 c6a5 c3a4
4R3/1R4pk/7p/8/8/1p6/2b2PPP/7K b - -,h7g6 e8e1 h6h5 h2h3 g6f5 b7b5 f5g6 b5b6 g6f7 e1a1
1R2kn2/q4rQ1/b3p3/3pP1B1/p1pP4/b1P2R1P/5PP1/6K1 b - -,h7g6 e8e1 h6h5 h2h3 g6f5 b7b5 f5g6 b5b6 g6f7 e1a1
6k1/1R4pp/8/1P3b2/8/8/5bPP/7K b - -,f5e4 b7b8 g8f7 b5b6 f2h4 b8c8 h4f6 b6b7 e4b7 c8c7
r1bk4/p4R2/2pN4/1p2p3/5q2/6p1/PPBQ4/2K5 b - -,g3g2 d2f4 e5f4 f7g7 c8h3 c2e4 a8b8 c1c2 a7a6 c2c3
4r1k1/5pp1/6nq/p7/2Q3P1/5P1P/P3PN2/3R1K2 b - -,h6g5 d1d5 g5f6 c4a4 f6a1 f2d1 e8a8 a4c6 a8f8 c6c4
3rr3/pb3k2/1pp5/4P1np/3B4/1P4Pq/P1Q4P/3R1RK1 b - -,f7e7 d4c5 d8d6 c2g6 e7d7 d1d6 d7c7 g6e8 h3c8 e8e7
r1b1R3/p5k1/2p5/1p2p3/8/5rp1/PPB1N3/2K3R1 b - -,c8b7 e8e7 f3f7 e7e5 g3g2 g1g2 g7f8 g2h2 c6c5 e2g3
5K2/6P1/5k2/8/4R3/8/r7/8 b - -,a2a8 e4e8 a8e8 f8e8 f6g7 e8d8 g7f6 d8c7 f6f5 c7c6
r4rk1/p4pbp/2p3p1/5n2/5P2/2N1B3/PPP3PP/2K2R1R b - -,f5e3 f1f2 g7c3 b2c3 f8e8 g2g3 e3c4 f2f1 e8e3 f1e1
r1bqkb1r/pppp2p1/7p/3Qn3/4n3/4B3/PPP2PPP/RN2KB1R b KQkq -,
rn2rk2/1bqnb2Q/p5p1/4p1P1/1p1NP3/3BB3/PPP1N2P/5RK1 b - -,d7d6 d5e4 f8e7 f2f4 e5g4 e3d4 e8h8 f1d3 e7h4 e1d1
3k4/5p2/r5pp/P1K5/7P/R4PP1/8/8 b - -,d8c7 c5b5 a6f6 f3f4 f6e6 a3c3 c7b7 c3d3 b7c7 a5a6
3r1r2/pp2q1k1/2pp1p1p/P1P2Rn1/1P1PP1Q1/1B6/6P1/5R1K b - -,d8e8 b3c2 d6d5 e4d5 e7e2 g4e2 e8e2 f1f2 e2f2 f5f2
6rk/3b1prq/1p1p4/p1pP1P2/P1P1pP1p/2P3P1/R6K/2BQ1NRB b - -,d6d5 e4d5 d8e8 d5d6 e7e2 g4e2 e8e2 f5f2 e2e3 b3c2
r5R1/pb3r2/2pR4/1p5k/5p2/2N3p1/PP6/2KB4 b - -,f4f3 g8g3 c6c5 g3g1 a8f8 d6d2 f7f4 g1g7 h5h6 g7b7
r4rk1/pbp2ppp/1p6/3N4/3P4/6R1/PPP1B1PP/5RK1 b - -,a7a6 d5e7 g8h8 g3c3 c7c5 d4d5 g7g6 e2f3 h8g7 c3e3
3r3r/p3kppp/2p1b3/8/4N3/1P3P2/PK4PP/3R3R b - -,h8e8 h1e1 d8d1 e1d1 e8b8 d1d4 b8b5 d4a4 a7a5 b2c3
8/7k/4R3/r4P1P/6K1/8/8/8 b - -,a5a7 f5f6 h7g8 h5h6 a7a1 e6e7 a1f1 g4g5 f1g1 g5f5
8/8/5k2/2b4p/4BK2/7P/8/8 b - -,
8/8/8/8/5b2/5b1K/5k2/8 b - -,c5d6 f4f3 f6g5 e4a8 g5h4 f3g2 d6g3 a8b7 g3e1 b7f3
r3r1k1/p1q2p1p/2p1bQp1/2p5/N1P1P3/1P6/P5PP/R4RK1 b - -,a8d8 a4c5 e6g4 a1e1 a7a5 a2a3 e8e5 b3b4 d8e8 f6f4
r1b4R/p4k2/2p5/1p2p3/8/5rp1/PPB1N3/2K3R1 b - -,f7e6 e2g3 e6d6 h8h6 d6c7 c2e4 f3f8 h6c6 c7b8 c6g6
2krr3/pp2b1Q1/2p1P2p/6p1/8/6q1/PPB3P1/1K1R3R b - -,
r3kb1r/p2p2pp/b3p3/q2PPp2/1p6/PP1n1NP1/5PBP/RNBKQ2R b kq -,a5d5 b1d2 d3e1 h1e1 a8c8 a3b4 a6d3 e1e3 f8b4 c1a3
r2qk2r/p4ppp/p1p1p3/2b5/4P3/5Q2/PPPB1PPP/R3K2R b KQkq -,d8d4 c2c3 d4a4 b2b3 a4b5 f3g3 a8d8 e1a1 b5e2 h1e1
r2q1rk1/ppp2ppp/2np1B2/2b1p2b/2B1P3/2NP1N1P/PPP2PP1/R2Q1RK1 b - -,h5f3 d1f3 d8f6 f3f6 g7f6 c3d5 c6b4 d5e7 g8h8 c2c3
r4rk1/1ppq1pp1/p1np1nbp/2b1p3/4P2N/1BPP2NP/PP3PP1/R1BQR1K1 b - -,g6h7 d1f3 d7d8 a2a4 g8h8 h4f5 a6a5 e1d1 c5a7 d3d4
r1bq1rk1/1p2bpp1/p3p2p/3pP2Q/5P2/2PBB3/PP4PP/R3R1K1 b - -,d8c7 g2g4 c8d7 g4g5 d7e8 h5h4 e8b5 d3c2 d5d4 e3d4
r1bqkb1r/ppp3p1/3p3p/4n3/4Q3/4B3/PPP2PPP/RN2KB1R b KQkq -,
8/8/2p5/8/7k/8/PP5Q/3bKBr1 b - -,f8e7 f2f4 e5g4 e3d4 e8h8 f1d3 e7h4 e1d1 g4f6 d4f6
r1bk1r2/ppp2ppp/5n2/1N2R3/2B4P/8/PPPK1PP1/7R b - -,f6d7 e5e3 d7b6 c4d3 b6d5 e3e5 d5f6 h1e1 c8d7 b5d4
k7/P7/2N3K1/4b3/3p4/3P4/8/8 b - -,e5h2 g6f5 h2g1 f5e6 a8b7 e6e7 g1h2 e7d7 h2g1 d7e6
7r/p3kppp/2p1b3/8/4N3/1P3P2/PK4PP/3R4 b - -,f7f5 e4c3 g7g5 b2a3 h8b8 a3a4 h7h5 a4a5 h5h4 a5a6
1r4k1/1pq2pp1/p6p/P2p3P/6R1/4Q3/1P3PP1/6K1 b - -,c7d6 e3c3 f7f6 g4b4 d6e6 c3d2 b8d8 b4d4 d8d7 g2g3
8/8/2p5/6k1/8/8/PP6/3bKBQ1 b - -,f7f5 e3e6 g8h8 e6f5 c7c1 g1h2 c1b2 g4g6 b8e8 g2g4
5r2/5pkp/ppbqp1p1/2p4N/6P1/PP1PQ2P/2P2R2/5K2 b - -,
2B5/p5k1/2p5/1p2p3/2r5/2N3p1/PP6/2K3R1 b - -,b5b4 g1g3 g7f6 c8a6 c4c5 c1d2 b4c3 g3c3 c5d5 d2e3
2r2rk1/pR2p2p/2npp1p1/8/2P1P3/b3B2P/P3BPP1/3R2K1 b - -,h7h5 e4e5 c8b8 d1b1 a3c5 b7b8 f8b8 b1b8 c6b8 e3c5
8/6pp/4pk2/p1p1R3/1pP2P2/1P3KP1/P6P/2r5 b - -,c1f1 f3e2 f1h1 e5h5 h1a1 h5c5 a1a2 e2d3 a2h2 c5a5
r4rk1/p1p2ppp/1p6/3b4/3P4/1P4R1/P1P1B1PP/5RK1 b - -,f8d8 c2c4 d5e4 f1d1 g8f8 g3e3 d8e8 d1d2 c7c6 g1f2
r1bRR3/p5k1/2p5/1p2p3/5r2/2N3p1/PPB5/2K5 b - -,c8e6 d8a8 g3g2 c3e2 e6c4 a8a7 f4f7 a7f7 g7f7 e8e5
r1b1R3/p4rk1/2p5/1p2p3/5q2/2N3p1/PPBQ4/2K2R2 b - -,c8e6 f1f4 a8e8 f4f7 g7f7 d2h6 f7e7 h6g7 e7d8 g7g3
r1bqk2r/ppp1b1p1/3p3p/4n3/4QP2/4B3/PPP3PP/RN2KB1R b KQkq -,
r1bk4/pN5R/2p5/1p2p3/5q2/6p1/PPBQ4/2K5 b - -,d8e8 c2g6 e8f8 h7f7 f4f7 d2d8 f8g7 g6f7 g7f7 b7d6
r3kbnr/ppp1qppp/2n1p3/3p1b2/3P1B2/2P1PN2/PP2BPPP/RN1QK2R b KQkq -,e7d8 d1b3 a8b8 c3c4 d5c4 b3c4 f8d6 f4g3 g8f6 e1h1
b7/p4B2/2pR4/1p6/5p1k/2N5/PP1K2p1/8 b - -,b5b4 c3e2 c6c5 d2e1 h4g5 e1f2 b4b3 f7b3 a7a6 d6d8
8/3R1Nkp/1p1P1np1/8/8/1P5P/5P2/6K1 b - -,g6g5 d7c7 g7g6 d6d7 f6d7 c7d7 g6g7 g1g2 g7f6 f7d8
3rr3/pb2k3/1pp5/2B1P1np/8/1P4Pq/P1Q4P/3R1RK1 b - -,g6g5 d7c7 g7g6 d6d7 f6d7 c7d7 g6g7 g1g2 g7f6 f7d8
r5k1/1p3pp1/2p2q1p/3p4/3RPP2/2P4P/3QR1PK/r7 b - -,d5e4 d4e4 h6h5 d2d4 f6d4 c3d4 b7b5 e4e8 a8e8 e2e8
r2q1rk1/p4ppp/p1p1p3/2b5/4P3/2B2Q2/PPP2PPP/R3K2R b KQ -,a6a5 f3g3 f7f6 a2a3 e6e5 e1h1 c5d4 a1d1 c6c5 g3d3
1rb2rk1/R1q2ppp/2pbn3/1p2p3/4P2P/1N2B1P1/1PPQBP2/5RK1 b - -,f8d8 a7c7 d6c7 d2c1 b8a8 f1d1 c6c5 b3c5 e6c5 e3c5
2B5/p5k1/2p5/4p3/1pr5/2N3R1/PP6/2K5 b - -,g7f6 c8a6 c4c5 c1d2 b4c3 g3c3 c5d5 d2e3 d5d6 a6b7
2q1r1k1/1p3p1p/2n2Qp1/1pPR1P2/5r2/1N3pR1/PP5P/5K2 b - -,e8e1 f1e1 c8e8 f6e6 f7e6 d5d2 e6f5 e1f2 e8e4 g3g1
7r/1p3b2/p2k3n/5B2/3P1N2/P5P1/1P1K4/7R b - -,h6f5 h1h8 f5g3 h8h7 d6e7 d2c3 g3e4 c3b4 e4f6 h7h6
r1bqk2r/ppp1b1p1/3p3p/8/3BQPn1/8/PPP3PP/RN2KB1R b KQkq -,
1r4k1/5pp1/3N1n2/p7/2R3P1/2p2P1P/P3PQK1/2q5 b - -,c1d2 d6e4 f6e4 f3e4 c3c2 c4c7 b8f8 f2c5 c2c1n c5c1
2krq2r/1pp5/p5p1/6Rp/1b4n1/2NP1QP1/PPP2PK1/R1B5 b - -,b4e7 g5g4 h5g4 f3g4 c8b8 c1e3 h8h7 a1b1 e8h8 g2f3
rnbqkb1r/1ppp3p/p3pnp1/4B3/2BP4/5Q2/PPP2PPP/RN2K1NR b KQkq -,f6e4 e5h8 e4g5 f3f4 f8h6 f4h4 g5f7 h4d8 f7d8 h8f6
3r1r2/pp2q1k1/2p2p1p/P1P2Rn1/1P2P1Q1/1B6/6P1/5R1K b - -,d8d4 b3c2 d4b4 g4g3 e7f7 f1f2 f7c4 e4e5 c4h4 g3h4
r1bqkbnr/pp3ppp/2n1p3/2pp4/4P3/3P1PP1/PPP1N2P/RNBQKB1R b KQkq -,h7h5 h2h4 g8e7 f1g2 g7g6 e1h1 f8g7 a2a4 e8h8 b1a3
8/3n2kp/1p1P2p1/6N1/8/1P5P/5P2/6K1 b - -,d7c5 b3b4 c5d7 f2f4 g7f6 g1f2 h7h6 g5f3 f6e6 f3e5
r2r2k1/5p1p/2p1bnp1/p3p3/N1P1P1P1/1P2bP1P/P3N3/R3KB1R b KQ -,d8d2 e2c1 a8d8 c1d3 d8d4 a1b1 d2a2 b1b2 a2a1 e1e2
r1b1kb1r/pppqpp1p/n4np1/3P4/2BP4/4PN2/PP3PPP/RNBQK2R b KQkq -,f8g7 b1c3 e8h8 e3e4 a6b8 e4e5 f6e8 e1h1 c7c6 d5c6
3r1rk1/p1p2ppp/1pb5/3P4/2P5/1P4R1/P3B1PP/5RK1 b - -,c6e8 b3b4 a7a5 b4a5 b6a5 g3b3 c7c6 b3b6 c6d5 c4c5
8/8/8/8/5bK1/8/5kb1/8 b - -,c6e8 b3b4 a7a5 b4a5 b6a5 g3b3 c7c6 b3b6 c6d5 c4c5
4Q2k/5qp1/1P5p/5b2/3R4/1p6/2r2PPP/4R2K b - -,h8h7 e8f7 f5g6 f7e6 c2c1 e1c1 b3b2 e6g6 h7g6 c1b1
8/pp4pk/5p1p/8/8/3Q3P/qP3PP1/6K1 b - -,h7g8 d3d8 g8h7 d8d3 h7h8 d3d8 a2g8 d8d7 g8b8 h3h4
rnbq1r1k/1pp1bpp1/p2p3p/P2Pp1N1/2B1P3/2P5/1P1N1PPP/R1BQR1K1 b - -,e7g5 c4d3 f7f5 c3c4 b8d7 b2b4 g5d2 d1d2 f5f4 a1a3
r1b5/p5kR/2p5/1p2p3/8/5rp1/PPB1N3/2K3R1 b - -,g7f8 e2g3 e5e4 g3e4 f3f7 h7h8 f8e7 c2b3 c8b7 h8a8
8/p7/B1p2k2/4p3/1pr5/2N3R1/PP6/2K5 b - -,c4c5 c1d2 b4c3 g3c3 c5d5 d2e3 f6e7 c3c6 e7d7 c6h6
r3k2r/p3bppp/1nb1p3/1pN1P3/1P1P2P1/P4P2/1BN1K2P/R6R b kq -,b6c4 b2c1 a7a5 h2h4 h7h5 g4g5 e8h8 c1f4 g8h7 h1c1
7K/8/4k3/2R5/2p5/8/8/8 b - -,b6c4 b2c1 a7a5 h2h4 h7h5 g4g5 e8h8 c1f4 g8h7 h1c1
r4rk1/p4ppp/pqp1p3/2b5/4P3/2B2Q2/PPP2PPP/R4RK1 b - -,a6a5 a1d1 a8d8 b2b3 c5d4 d1d4 d8d4 c3d4 b6d4 f3d3
r1b1k3/pN5R/2p3B1/1p2p3/5q2/6p1/PP1Q4/2K5 b - -,e8f8 h7f7 f4f7 g6f7 f8f7 b7d6 f7e6 d6e4 b5b4 d2d6
r1bq1rk1/ppp1b1p1/3p3p/8/3BQPn1/3B4/PPP3PP/RN2K2R b KQ -,
rn1q3r/pN1bkppp/4pn2/2pP4/QpP5/8/PP2PPPP/R3KBNR b KQ -,d7a4 b7d8 h8d8 g2g4 e6d5 g4g5 f6e8 c4d5 e8d6 f1g2
r1b5/p4k2/2p5/1p2R3/5r2/2N3p1/PPB5/2K3R1 b - -,c8g4 c3e4 a8d8 e4g3 d8d5 e5e3 d5c5 c1b1 g4e6 c2b3
7k/5qp1/1P5p/5b2/3R4/1p6/2Q2PPP/4R2K b - -,b3c2 d4d8 h8h7 d8a8 f7b7 a8a1 b7b6 h1g1 b6g6 g1h1
2kr1bnr/ppp1qppp/2n1p3/3p1b2/3P1B2/2P1PN2/PP2BPPP/RN1Q1RK1 b - -,f7f6 b2b4 g7g5 f4g3 h7h5 h2h4 e7h7 b1a3 g5h4 f3h4
8/4k1pp/4p3/2p2P2/1pP1K1P1/1Pr5/3R3P/8 b - -,c3b3 f5e6 e7e6 d2d5 b3h3 d5c5 h3h4 c5c6 e6d7 c6b6
r2RR3/pb3r2/2p5/1p2k3/4Np2/6p1/PPB5/2K5 b - -,f7e7 e8e7 e5f5 e7f7 f5e5 d8d1 a8g8 f7b7 g3g2 b7e7
3r1r2/pp2q1k1/2p2p1p/P1p1PRn1/1P1P2Q1/1B6/6P1/5R1K b - -,g7h8 f5f6 g5h7 f6f8 d8f8 f1f8 e7f8 b4c5 h6h5 g4g6
5r2/pp2q1k1/2p2p1p/P1P2Rn1/1P1rP1Q1/8/2B3P1/5R1K b - -,d4b4 g4g3 e7f7 f1f2 f7c4 e4e5 c4h4 g3h4 b4h4 h1g1
8/3n2k1/1p1P2pp/8/4N3/1P5P/5P2/6K1 b - -,d7e5 f2f4 e5c6 e4c3 g7f7 c3d5 f7e6 d5b6 e6d6 g1f2
r5k1/1b1p1pb1/3P2pp/1Bpn4/P1NB4/R5P1/1P1Q1PKP/5R2 b - -,d7e5 f2f4 e5c6 e4c3 g7f7 c3d5 f7e6 d5b6 e6d6 g1f2
rn1qkb1r/1b1p1ppp/p3p3/1p6/3BP3/2NB4/PPP1QPPP/2KR3R b kq -,
r1bq1rk1/pppp1pp1/2n2n1p/4p3/1bB1P3/2PPBN2/PP1N1PPP/R2QK2R b KQ -,b4e7 e1h1 d7d5 e4d5 f6d5 f1e1 a7a6 c4b3 c8g4 h2h3
r4rk1/p1p1qp2/1pn4p/3p1pp1/3Pn3/P1PQPNB1/2P2PPP/1R2R1K1 b - -,c6a5 a3a4 f8e8 h2h3 e7e6 g3h2 e8e7 f3e5 f7f6 f2f3
4r3/4P2p/4R3/1pkp1pp1/2p5/P6P/1P1K1PP1/8 b - -,d5d4 g2g4 f5g4 h3g4 c5d5 e6e1 d5d6 e1e4 e8e7 e4d4
rnbqkbnr/ppp2ppp/8/3p4/8/2N2N2/PPPPBPPP/R1BQK2R b KQkq -,h7h6 e1h1 g8f6 d2d4 f8d6 c3b5 b8c6 b5d6 d8d6 f3e5
4rrk1/1p4bp/pB1p2p1/7q/2PpQN2/5PPb/PP3R1P/R5K1 b - -,f8f4 e4e8 f4f8 e8e4 d6d5 c4d5 h5f5 a1e1 f5f6 b6c5
rnbqk2r/ppp2ppp/4p3/3n3Q/1bBP4/2P2N2/PP3PPP/RNB1K2R b KQkq -,b4e7 f3g5 g7g6 h5h6 e7f8 h6h3 f8g7 e1h1 h7h6 g5f3
r1b2rk1/p5pp/1p2pp2/8/2NP4/P1Nn4/1P3PPP/R2R2K1 b - -,c8a6 d1d3 a6c4 d3d2 f8d8 f2f4 d8d7 g1f2 h7h5 a1c1
R7/p5k1/2p5/1p2p3/5r2/2N4b/PPB5/2K5 b - -,a7a5 a8a5 f4f1 c2d1 b5b4 c3e2 h3e6 c1d2 g7f6 a5a6
r5k1/5p1p/2p1bnp1/p3p3/N1P1P1P1/1P2bP1P/P2r4/R1N1KB1R b KQ -,d2c2 e1d1 c2d2 d1e1 a8d8 c1d3 d8d4 a1b1 d2a2 b1b2
r1b5/p6R/2p2k2/1p2p3/8/5rN1/PPB5/2K3R1 b - -,e5e4 g3e4 f6e5 h7e7 c8e6 g1e1 a8h8 e4c3 e5d4 e1e6
4R2k/6p1/1P5p/5b2/3R4/1p6/2r2PPP/7K b - -,h8h7 e8e1 f5c8 d4b4 c8b7 b4b3 c2f2 b3g3 f2b2 h2h3
b7/p4B2/2p4R/1p6/7k/2N2p2/PP1K2p1/8 b - -,h4g4 h6g6 g4f4 d2e1 f4e3 g6e6 e3f4 e1f2 b5b4 c3a4
R7/p2b2k1/2p5/1p6/5p2/2N3p1/PPB5/2K5 b - -,g3g2 c3d1 g2g1q a8d8 g1d4 a2a3 a7a5 c2f5 d4c5 f5c2
8/6pp/4k3/2pR4/1pP1K1P1/1r6/7P/8 b - -,
8/2p2ppp/P7/1Pk5/2p5/2K2PP1/7P/8 b - -,c5b6 c3c4 c7c6 b5c6 b6c6 f3f4 c6b6 c4d5 b6a6 d5d6
8/p7/B1p2k2/2r1p3/1p6/2N3R1/PP1K4/8 b - -,b4c3 g3c3 c5d5 d2e3 d5d6 a6b7 f6e7 c3c6 d6d8 c6c7
n2R4/ppr2ppp/4P3/Pb3k2/8/1B3P2/1P1K2PP/8 b - -,b5c4 b3c4 f7e6 c4d3 f5e5 d8a8 a7a6 a8d8 e5f6 d2e2
3r4/pp2qRk1/2p4p/P1p1p1n1/1P1P2Q1/1B6/6P1/7K b - -,e7f7 b3f7 d8d4 g4g3 g7f7 b4c5 f7f6 g3f2 d4f4 f2b2
4Q3/1r6/3P4/5P2/3B2P1/2P4P/4n2P/1b3k1K b - -,e2d4 c3d4 f1f2 e8c6 b7b8 d6d7 f2e3 c6c3 b1d3 h1g2
6rk/5prq/1p1p4/p1pP1b2/P1P1pP2/2P3N1/R5K1/2BQ2RB b - -,e2d4 c3d4 f1f2 e8c6 b7b8 d6d7 f2e3 c6c3 b1d3 h1g2
8/p7/B1p2k2/2r1p3/8/2R5/PP1K4/8 b - -,c5d5 d2e3 f6e7 c3c6 e7d7 c6h6 d7c7 a6d3 d5d8 h6e6
r1b1k2r/2q1bpp1/p1p4p/3p4/3N2PP/4B3/PPP1QP2/2KR2R1 b kq -,e8h8 g4g5 h6h5 e2h5 g7g6 h5f3 c6c5 d4b3 d5d4 e3f4
r1b5/p6R/2p2k2/1p2p3/8/6R1/PPB5/2K5 b - -,f6e6 c2e4 e6d6 g3d3 d6e6 d3d1 a7a5 h7h6 e6e7 e4c6
8/p4Q1p/2k3p1/4N3/1q2P3/7P/P1p3PK/8 b - -,c6b6 f7e6 b6a5 e5c6 a5b5 c6b4 c2c1q b4d3 c1c7 e4e5
8/8/4pRp1/4P3/4Pr1P/6k1/8/6K1 b - -,
r2q1rk1/1pp3p1/p1nppn1p/2b1p3/1P2P3/P1NP1N1P/2PB1PP1/R2Q1RK1 b - -,c5a7 d2e3 c6d4 f3d2 d8e8 c3e2 f6h5 g1h2 a6a5 c2c3
4r1k1/p2Q2pp/8/3pq3/2p2b1B/2P2R1P/1N4P1/7K b - -,c5a7 d2e3 c6d4 f3d2 d8e8 c3e2 f6h5 g1h2 a6a5 c2c3
6k1/2p2ppp/2p1b3/8/4PBn1/3P1N2/r1P3PP/2R4K b - -,c6c5 h2h3 g4f6 f4c7 c5c4 h1h2 h7h6 c7d6 g8h7 d6e7
3r1rk1/pbp2ppp/1p6/3P4/2P5/1P3BR1/P5PP/5RK1 b - -,h7h6 f1e1 f8e8 e1e8 d8e8 g1f2 g8f8 b3b4 b7c8 f3e2
4Rb2/6kp/p5p1/1pB2npq/1P6/1Q4P1/7P/3R2K1 b - -,h7h6 f1e1 f8e8 e1e8 d8e8 g1f2 g8f8 b3b4 b7c8 f3e2
r4rk1/p4pbp/2p3p1/2B2n2/5P2/2N5/PPP3bP/2KR2R1 b - -,g2f3 d1d3 f3h5 c5f8 g8f8 g1e1 g7h6 e1e4 f5g7 c1b1
8/8/5k2/p1K3p1/6P1/7P/5P2/8 b - -,
r1b1R3/p4rk1/2p5/1p2p3/4Nq2/6p1/PPBQ4/2KR4 b - -,f7d7 d2f4 d7d1 c1d1 e5f4 d1e1 a7a5 e4d6 c8b7 e8e7
8/p7/B1p2k2/3rp3/8/3R4/PP1K4/8 b - -,d5a5 a6c4 f6e7 d2c3 e5e4 d3d4 a5c5 c3d2 c5e5 c4e2
r3k2r/p3bppp/2b1p3/1pN1P3/1PnP2P1/P1B2P2/2N1K2P/R6R b kq -,h7h5 h2h3 c6d5 c2e3 c4e3 e2e3 a8c8 a1g1 f7f6 h3h4
r1R4k/pp4pp/4Q1b1/3B1r2/8/5pP1/Pq3P1P/4R1K1 b - -,f5f8 c8a8 f8a8 d5f3 a8b8 g1g2 b7b5 e6d6 b8c8 h2h4
2kr3r/pppN4/5q2/1Pb5/4PnB1/P2P2pp/1BQ3PP/R4R1K b - -,h3g2 c2g2 f6h4 d7c5 h4g4 f1f4 g4f4 b2h8 d8h8 h2h3
r1b5/p4k2/2p5/1p2R3/5r2/2N5/PPB3R1/2K5 b - -,f4f1 c1d2 c8e6 c2g6 f7f6 e5e3 a8d8 d2c2 f1f4 g6d3
r1b2rk1/pp2qppp/1bn1pn2/6B1/2Q1N3/5NP1/PP2PPBP/R4RK1 b - -,e6e5 a1d1 f8d8 d1d8 b6d8 f1d1 e7f8 e4d6 c8e6 c4b5
3r4/pp3Bk1/2p4p/P1p1p1n1/1P1P2Q1/8/6P1/7K b - -,a7a6 f7b3 c5c4 b3c4 d8d4 g4e2 d4e4 e2c2 e4d4 h1g1
6rk/5p1q/1p1p4/p1pP1b2/P1P1pP2/2P5/R4K2/2BQ2rB b - -,a7a6 f7b3 c5c4 b3c4 d8d4 g4e2 d4e4 e2c2 e4d4 h1g1
4R1K1/6P1/5k2/8/8/8/r7/8 b - -,a2a7 g8h8 a7g7 e8f8 g7f7 h8g8 f7f8 g8f8 f6e6 f8g7
2b1rr1k/2q4p/p1p2ppQ/4b3/4P3/1BNR4/PPP3PP/3R3K b - -,f6f5 e4f5 e5f4 h6h4 c8f5 d3f3 g6g5 h4h5 c7c8 h2h3
5r2/pp2q1k1/2p2p1p/P1P2Rn1/1r2P3/6Q1/2B3P1/5R1K b - -,e7f7 f1f2 f7c4 e4e5 c4h4 g3h4 b4h4 h1g1 h4g4 g1h2
5rk1/5ppp/2Q1pb2/q7/3p4/P7/R1P2PPP/3R2K1 b - -,g7g5 d1b1 f8d8 a3a4 d8d5 c6b6 a5d2 b6b4 d2e2 b4b3
r1b2k2/pN3R2/2p3B1/1p2p3/5q2/6p1/PP1Q4/2K5 b - -,f4f7 g6f7 f8f7 b7d6 f7e6 d6e4 e6f5 e4g3 f5e6 g3e4
r1b3k1/pppn2bp/3p2r1/3P4/2P1PB1q/2N1KP2/PP2BP2/R4R2 b - -,h4f4 e3d3 d7c5 d3c2 f4h2 a1c1 c8d7 c3b5 h2e5 b5c3
3r2k1/R4p1p/1p1P1npN/8/8/1P5P/5P2/6K1 b - -,g8h8 h6f7 h8g8 f7d8 f6e4 d6d7 e4c5 d8f7 c5d7 a7d7
r2q1rk1/pb3pp1/5b1p/n1Q5/B7/3P4/PPP2PPP/RNB2RK1 b - -,f6e7 c5f5 a5c6 c1e3 e7d6 b1c3 c6e5 f2f3 e5g6 a4b3
7r/R1p2p2/1pNbpk2/1P5p/1PP3pP/8/4KPP1/8 b - -,
rnbqkb1r/pp3ppp/3ppn2/2p5/2P3P1/4P2P/PP1P1PB1/RNBQK1NR b KQkq -,b8c6 b1c3 d6d5 d2d3 d5d4 c3e2 f8d6 g1f3 e6e5 e1h1
r7/p4k2/2p1b3/1p2R3/4N3/8/PPBK2R1/5r2 b - -,e6d5 c2d3 d5e4 e5e4 a8d8 d2c2 f1f6 g2h2 d8d5 e4e1
8/6k1/4R2P/5P2/5K2/8/8/7r b - -,g7h8 f4g5 h1g1 g5h5 h8h7 e6e7 h7g8 f5f6 g1f1 h5g6
r1b5/p4k2/2p5/1p2R3/8/2N5/PPBK2R1/5r2 b - -,c8e6 c2g6 f7f6 e5e3 a8d8 d2c2 f1f4 g6d3 f6f7 g2h2
3Q4/6kp/5p2/8/4q3/7P/7K/8 b - -,e4f4 h2g2 h7h5 d8c8 g7h6 c8e6 h6g5 e6e1 g5f5 e1d1
r1bq1rk1/ppp3p1/3p3p/8/3BQPnb/3B4/PPP3PP/RN1K3R b - -,
r2q1rk1/1pp3p1/p1nppn1p/4p3/1P1NP3/P1NP3P/2PB1PP1/R2Q1RK1 b - -,c6d4 c3e2 d8e8 e2d4 e5d4 f2f4 e6e5 f4e5 d6e5 c2c3
r7/p2bR1k1/2p5/1p6/5p2/2N3p1/PPB5/2K5 b - -,g7h6 e7d7 a8f8 d7h7 h6g5 c3e4 g5g4 e4d2 f4f3 c2d1
8/8/4p1R1/4P3/4P2r/6k1/8/6K1 b - -,g3h3 g1f2 h4g4 g6e6 h3h4 f2f3 g4g1 e6e8 g1g7 f3f4
r3nrk1/1bp3bp/np1p4/2PPp1q1/1P2P1p1/B1NB1pP1/2QN1P1P/R2R2K1 b - -,d6c5 b4c5 a6c5 a3c5 a8a1 d1a1 b6c5 c3a4 g5e7 a4c5
r2RR3/pb3r2/2pN4/1p3k2/5p2/6p1/PPB5/2K5 b - -,f5g4 d8a8 b7a8 d6f7 a8b7 c2e4 f4f3 f7e5 g4g5 e5f3
2Q5/pp3Bk1/2p4p/P1p1p1n1/1P1r4/8/6P1/7K b - -,g7f7 c8b7 f7f6 b7a7 g5e6 a5a6 d4b4 a7a8 f6e7 a6a7
2b1rr1k/2q4p/p1p3pQ/4bp2/4P3/1BN2R2/PPP3PP/3R3K b - -,f5f4 h6h4 c7g7 f3f1 g6g5 h4h5 e5c7 e4e5 e8e5 d1e1
5rk1/pbp2ppp/1p1r4/3P4/2P5/1P3BR1/P5PP/4R1K1 b - -,b7c8 b3b4 g7g6 e1e7 d6d7 e7d7 c8d7 f3e2 f8a8 g3a3
4r1k1/pp1R2pp/5p2/8/7Q/7P/qP3PP1/6K1 b - -,
8/5kpp/1R6/2P5/1p2K1P1/8/1r6/8 b - -,
7k/4Qqp1/1P5p/5b2/3R4/1p6/2r2PPP/4R2K b - -,f7e7 d4d1 e7b4 h2h3 b3b2 d1a1 h8h7 e1g1 b4b6 a1e1
r4rk1/pp1bNpbp/2np2p1/2n3N1/2P1P3/4B2P/PP2BPP1/R2R2K1 b - -,g8h8 d1d6 c6e7 e3c5 d7c6 d6d2 a8e8 a1e1 h7h6 g5f3
r7/p2R4/2p2k2/1p6/4Np2/8/PPB3p1/2K5 b - -,f6e6 d7g7 a8f8 g7g2 f4f3 g2f2 e6d7 e4d2 d7c7 f2f3
r1b5/p4k2/2p5/1p2p3/8/6p1/PPB3Q1/2K5 b - -,a7a5 g2c6 g3g2 c6g2 a8a6 g2d5 f7e7 d5b5 a5a4 a2a3
r2q1rk1/1pp3p1/p2ppn1p/4p3/1P1nP3/P1NPB2P/2P2PP1/R2Q1RK1 b - -,d8e8 c3e2 d4e2 d1e2 f6h5 a3a4 h5f4 e2d2 e8g6 e3f4
r6k/pp4pp/4B1b1/5r2/8/5pP1/PP3P1P/2R1R1K1 b - -,f5g5 h2h4 g5a5 c1c3 a8f8 e1e3 f8d8 e6b3 b7b6 e3e7
r1bq1rk1/ppp3p1/3p1B1p/8/4QP1b/3B4/PPP3PP/RN1K3R b - -,
6k1/p4ppp/4p3/1Pq5/7P/5N2/P4PP1/6K1 b - -,h7h5 f3g5 c5b5 g2g3 f7f6 g5h3 g8h7 g1g2 e6e5 f2f3
8/1pp3k1/1p2P1p1/4p3/4P2p/8/PP2KP1P/8 b - -,g7f6 e2f3 f6e6 f3g4 b6b5 a2a3 h4h3 g4h3 e6d6 h3h4
3rr1k1/p1q2p1p/2p1bQp1/2N5/2P1P3/1P6/P5PP/R4RK1 b - -,c7b6 f6f2 a7a5 a1d1 d8d1 f1d1 e8d8 d1f1 d8e8 h2h3
r7/p4k2/2p1b1B1/1p2R3/8/2N5/PP1K2R1/5r2 b - -,f7f6 e5e3 a8d8 d2c2 f1f4 g6d3 e6f7 c3e2 f4f1 g2h2
8/8/4pR2/4P3/4P1r1/6k1/8/6K1 b - -,
7k/6p1/4Q2p/1P6/8/8/4B1KP/1qr5 b - -,h8h7 g2f2 c1c5 f2e3 b1c1 e3f3 c5c3 f3f2 c1f4 f2g2
r1r4k/5qpp/1N2b2b/4Pp2/1p1R4/3Q3P/B4PP1/1R4K1 b - -,
r2qB1k1/pb2bpp1/7p/n1p1Q3/8/3P4/PPP2PPP/RNB2RK1 b - -,c5c4 e8f7 g8f7 c1d2 e7f6 e5a5 f6b2 a5b5 d8c8 b5b2
2Q2bk1/1p2rp2/p3p1Bp/q3P3/3P4/4P3/6PP/5RK1 b - -,a5b6 h2h3 b6c7 c8a8 g8g7 g6h5 e7d7 a8e8 d7e7 e8a4
r1bq1rk1/ppppbppp/5n2/8/2PQ4/2N1P3/PP2BPPP/R1B1K2R b KQ -,e7d6 b2b3 f8e8 c1b2 d6e5 d4d2 d7d6 f2f3 d8e7 e3e4
rnbqkbnr/ppp2ppp/8/3p4/P7/2N2N2/1PPP1PPP/R1BQKB1R b KQkq -,f8e7 d2d4 g8f6 f1d3 b8c6 h2h3 e8h8 e1h1 f8e8 f1e1
r1bk1r2/1p1n1ppp/p7/2p2N2/2B4P/8/PPPK1PP1/4R2R b - -,d7b6 c4d3 c5c4 d3e4 g7g6 f5d6 d8c7 d6c8 a8c8 e4f3
1Q6/5qpk/7p/5b2/8/5Q2/1p3PPP/2rRR2K b - -,c1d1 e1d1 h6h5 b8b2 f7g6 d1e1 h5h4 h2h3 f5e6 b2e5
8/6pk/1P5p/5b2/1R6/8/1p3PPP/2r3RK b - -,b2b1r b4b1 c1c8 b6b7 c8b8 b1b4 h7g6 g1c1 g6f6 c1c7
r1b4R/p4rk1/2p5/1p2p3/5q2/2N3p1/PPBQ4/2KR4 b - -,f4d2 c1d2 g7h8 d1h1 h8g7 h1g1 f7f2 d2c1 c8f5 c2f5
r1q1kb1r/pppn1ppp/2n1p3/1BP2b2/3P4/1QN2N2/PP3PPP/R1B2RK1 b kq -,a7a6 b5c6 b7c6 b3a4 c8b7 f3h4 f5d3 f1d1 d3g6 h4g6
r1b1k2r/pppqppbp/n5p1/3P4/2BP2n1/2N1PN1P/PP3PP1/R1BQK2R b KQkq -,g4h6 e3e4 e8h8 e1h1 f7f6 f1e1 h6f7 e4e5 d7d8 c1f4
rn5r/Np1kbppp/3p4/8/4n3/2P1B3/PP3PPP/RN2K2R b KQ -,e4c5 e3c5 d6c5 a7b5 d7c6 b1a3 h8d8 a1d1 b8d7 e1e2
5rk1/q4ppp/4pb2/3b4/3p4/P1Q5/R1P2PPP/3R2K1 b - -,d4c3 a2a1 a7a4 g2g3 a4e4 d1d5 e6d5 a1c1 f6g5 c1f1
r4rk1/pp1bnpbp/3R2p1/2n3N1/2P1P3/4B2P/PP2BPP1/R5K1 b - -,d7c6 e3c5 f8e8 d6d2 h7h6 g5f3 c6e4 a1d1 e7c6 f3e1
8/8/4p1p1/4P3/4PR1P/6k1/8/6K1 b - -,g6g5 f4f6 g5h4 f6e6 g3f3 g1h2 f3f4 h2h3 f4e3 h3g4
8/1k6/8/5N2/3B4/3K4/8/8 b - -,b7c7 d3c4 c7d7 c4d5 d7c7 d4g1 c7b7 d5d6 b7b8 d6c6
r1b2rk1/pp2qppp/1bn2n2/4p1B1/2Q1N3/5NP1/PP2PPBP/3R1RK1 b - -,f8d8 d1d8 b6d8 f1d1 e7f8 e4d6 c8e6 c4b5 d8b6 d6b7
r4rk1/ppp2ppp/2np1q2/2bNp2b/2B1P3/3P1N1P/PPP2PP1/R2Q1RK1 b - -,f6e6 g2g4 h5g4 h3g4 e6g4 g1h1 g8h8 f1g1 g4h5 f3h2
r2RR3/pb3N2/2p2k2/1p6/5p2/6p1/PPB5/2K5 b - -,g3g2 d8d6 f6f7 c2g6 f7g7 e8e7 g7g8 d6d1 b7a6 g6e4
rnbqk2r/pp4pp/2pbp3/3p1p2/2PPn3/1P1BPN2/PB3PPP/RN1Q1RK1 b kq -,e8h8 b1c3 c8d7 c3e2 d7e8 f3e5 b8d7 f2f3 e4c5 d3c2
r4k2/p2R4/2p5/1p6/5p2/2N3p1/PPB5/2K5 b - -,c6c5 c3e2 g3g2 c2g6 f4f3 d7f7 f8e8 e2g1 f3f2 f7f2
8/8/4p1R1/4P3/4r3/6k1/8/6K1 b - -,
7k/1P3qp1/7p/5b2/3R4/1p6/2r1QPPP/4R2K b - -,b3b2 b7b8q h8h7 e2f3 c2c1 d4d1 b2b1q b8b1 c1b1 d1b1
6k1/pppN2p1/1b1q3p/8/2b3B1/PP3P2/2P3RP/3RK3 b - -,b3b2 b7b8q h8h7 e2f3 c2c1 d4d1 b2b1q b8b1 c1b1 d1b1
r4r1k/pb3pR1/1p5p/3Pp2q/3NPB2/2P5/P5QP/6RK b - -,b3b2 b7b8q h8h7 e2f3 c2c1 d4d1 b2b1q b8b1 c1b1 d1b1
8/pQ3nk1/2p4p/P1p1p3/1P1r4/8/6P1/7K b - -,
r7/p7/2p1bkB1/1p6/8/2N1R3/PP1K2R1/5r2 b - -,a8d8 d2c2 f1f4 g6d3 e6f7 c3e2 f4f1 g2h2 d8e8 e3e8
8/5kpp/1R6/2PK4/6P1/1p6/1r6/8 b - -,b2d2 d5e5 b3b2 c5c6 f7e7 b6b8 d2e2 e5d5 e2c2 d5e5
3k4/8/2K5/8/8/6R1/8/8 b - -,f7e7 d5c6 h7h6 b6b5 b2g2 b5b7 e7d8 b7b8 d8e7
4r1k1/5p2/5p2/p7/2R1P1P1/2p2P1P/P4QK1/3q4 b - -,e8d8 g2g3 d1d6 g3g2 d6f4 c4c3 d8d2 c3c2 d2f2 c2f2
r7/p5R1/2p1k3/1p6/8/5p2/PPB2Np1/2K5 b - -,a8d8 c2e4 b5b4 e4f3 d8f8 f3c6 f8f2 g7g2 f2f5 c6e4
R7/ppr3pp/4p3/Pb3k2/3K4/1B3P2/1P4PP/8 b - -,e6e5 d4e3 f5g5 g2g3 c7c5 h2h4 g5h6 g3g4 a7a6 a8h8
8/5k2/8/8/BB5K/P6P/1r6/8 b - -,b2g2 a4d1 g2g1 d1f3 f7f6 b4c3 f6f5 f3g4 f5g6 c3b4
Q6k/5qp1/1P5p/5b2/3R4/8/1pr2PPP/4R2K b - -,c2c8 b6b7 c8a8 b7a8q h8h7 a8b8 f7a2 d4b4 b2b1r b4b1
6r1/5p2/1b1k1p2/3p4/7P/5N2/P6P/4qQ1K b - -,c2c8 b6b7 c8a8 b7a8q h8h7 a8b8 f7a2 d4b4 b2b1r b4b1
4rb2/3q1ppk/3p2np/1p1P3Q/1P1B2NP/2RPR3/6PK/3r4 b - -,e8e3 d4e3 d1f1 g4f2 h7g8 c3a3 d7e7 f2e4 g6e5 a3a7
8/Q4nk1/2p4p/P3p3/1p1r4/8/6P1/7K b - -,
3rr1k1/p4p1p/2pqNQp1/8/2P1P3/1P6/P5PP/R4RK1 b - -,f7e6 f6f7 g8h8 a1d1 d6d1 f7e8 d8e8 f1d1 a7a5 d1d7
8/8/4R3/4P3/4rk2/8/8/6K1 b - -,
r1bR2k1/pp2qppp/1bn2n2/4p1B1/2Q1N3/5NP1/PP2PPBP/5RK1 b - -,b6d8 f1d1 e7f8 e4d6 c8e6 c4b5 e5e4 b5b7 a8b8 b7c6
r1bR2R1/p4rk1/2p5/1p6/8/2N2pp1/PPB5/2K5 b - -,g7h6 g8g6 h6h7 g6g3 c8f5 d8d1 f7g7 c2f5 h7g8 g3f3
2rr2k1/1pq2ppn/p2p3p/P1PPp1b1/1P4Pn/4B2P/3QNP2/R1R3KB b - -,h4g6 c1c2 g5e3 d2e3 h7g5 a1c1 d6c5 b4c5 c7a5 d5d6
r1b2rk1/ppp3pQ/3p1q1p/8/5P1b/3B4/PPP3PP/RN1K3R b - -,g8f7 b1c3 c7c6 c3e4 f6f4 g2g3 c8g4 d3e2 g4e2 d1e2
2kr3r/1p3p1p/p1n1bN2/b7/8/4PN2/PP2KPPP/3R1B1R b - -,e6c4 d1d3 c4d3 e2d1 d3f1 f3d4 f1g2 h1g1 g2f3 d1c2
r3nrk1/1bp3bp/npPp4/3Pp2q/1P2P1p1/B1NB1pP1/2QN1P1P/R2R2K1 b - -,b7c8 b4b5 f8f6 b5a6 f6h6 h2h4 g7f6 g1f1 f6h4 g3h4
r1bqkbnr/p3pppp/1pp5/n7/QP1PP3/5N2/5PPP/RNB1KB1R b KQkq -,a5c4 b4b5 c4a5 b5c6 a7a6 f1e2 e7e6 b1c3 d8c7 d4d5
r5k1/1b1p1pb1/3P2pp/1Bpn4/P1N4r/R3BPPq/1P1Q3P/5RK1 b - -,h4d4 d2g2 h3g2 g1g2 d5e3 a3e3 g7f8 f1e1 f8d6 e3e8
8/1K3kpp/1R6/2P5/6P1/8/1p1r4/8 b - -,
rn1qkb1r/1b1pnppp/p3p3/1p6/3NP3/2NB4/PPP1QPPP/R1B2RK1 b kq -,e7g6 c1e3 b8c6 d4b3 f8e7 f2f4 e8h8 e2h5 g6h4 g2g3
4r1k1/5pp1/8/p7/4R1P1/2N1QP1P/P3P1K1/2q5 b - -,c1e3 e4e3 e8e3 c3e4 e3e2 g2f1 e2a2 f1e1 a2b2 e4c3
8/8/5K2/3kPP2/8/8/6PP/r7 b - -,a1a7 e5e6 d5d6 g2g4 a7a8 h2h4 a8f8 f6g7 f8e8 h4h5
r1b2rk1/ppp2pp1/1bn2qnp/4p3/B2pP3/2PP1N1P/PP1BQPP1/R3KN1R b KQ -,f6d6 c3c4 b6a5 g2g3 a5d2 f1d2 a8b8 a2a3 c6d8 b2b4
r1bqk2r/pppp1ppp/2n2n2/1B2p3/3bP3/3P1N2/PPPN1PPP/R1BQK2R b KQkq -,a7a6 b5c6 d7c6 c2c3 d4a7 f3e5 d8e7 d2c4 b7b5 e5c6
8/5nk1/1Qp4p/P3p3/3r4/1p6/6P1/7K b - -,
8/1pp5/1p2Pkp1/4p3/P3P2p/8/1P2KP1P/8 b - -,h4h3 e2f3 f6e6 f3g4 e6f6 g4h4 c7c5 h4g4 f6e7 g4h3
6rk/3b1prq/1p1p4/p1pP1n2/P1P1pPPp/2P3P1/R5RK/2BQ1N1B b - -,h4g3 h2g1 g7g4 g2e2 f5h4 h1e4 g3g2 f1h2 h4f3 h2f3
rn2r1k1/1bqnb1R1/p5p1/4p1Pp/1p1NP2Q/3BB3/PPP1N2P/R5K1 b - -,g8g7 d4e6 g7h8 e6c7 e8g8 e2g3 g8g7 a1f1 b4b3 a2b3
rn5r/1p1kbppp/8/1Np5/8/2P5/PP3PPP/RN2K2R b KQ -,d7c6 c3c4 b8a6 b1c3 a6b4 e1e2 h8e8 h1d1 e7f6 e2f1
r7/p5R1/2p1k3/1p4N1/8/5p2/PPB3p1/2K5 b - -,e6e5 g5f3 e5d6 g7g2 c6c5 c1d2 a8e8 g2g7 c5c4 g7g6
r1bb2k1/pp2qppp/2n2n2/4p1B1/2Q1N3/5NP1/PP2PPBP/3R2K1 b - -,e7f8 e4d6 e5e4 f3e1 c8e6 c4a4 f6d5 d6e4 h7h6 g5d2
rn1qkb1r/pB1b1ppp/3ppn2/2p5/2P3P1/4P2P/PP1P1P2/RNBQK1NR b KQkq -,d7c6 b7a8 c6a8 h1h2 d6d5 d2d3 f8d6 f2f4 e6e5 b1c3
8/7P/5k2/8/8/K1p5/8/8 b - -,
r5k1/pp1b4/2p4q/3p4/1P1Np1R1/P5p1/4P2r/3R1QK1 b - -,f6g7 h7h8q g7h8 a3b3 h8g8 b3c2 g8f7 c2c3 f7g6 c3d3
1R4K1/r5P1/5k2/8/8/8/8/8 b - -,a7g7 g8f8 g7g1 b8b6 f6e5 b6h6 e5e4 f8f7 e4e3 f7e6
8/8/4R3/4P3/5k2/8/5K2/4r3 b - -,
r1bqkbnr/pp2pppp/n1p5/3p4/3PP3/2N3P1/PPP2P1P/R1BQKBNR b KQkq -,d5e4 c3e4 g8f6 f1g2 c8f5 e4f6 e7f6 a2a3 f8d6 g1e2
5rk1/q4ppp/4pb2/3b4/3p4/P2Q4/R1P2PPP/3R2K1 b - -,d5a2 a3a4 a2d5 d1a1 h7h5 a4a5 g7g6 a5a6 f8a8 a1a4
r2q1rk1/1p4p1/p2ppn1p/2P1p3/3nP3/P1NPB2P/2P2PP1/R2Q1RK1 b - -,d6c5 c3a4 f6d7 c2c3 b7b5 c3d4 e5d4 e3d2 b5a4 d1a4
8/5p2/4kp2/1p5P/p4P1P/P2K4/1P6/8 b - -,d6c5 c3a4 f6d7 c2c3 b7b5 c3d4 e5d4 e3d2 b5a4 d1a4
r1b1R3/p4rk1/2p5/1p2p3/5q2/2N3p1/PPBQ4/2K4R b - -,e5e4 c3e4 f4d2 e4d2 f7f4 h1h7 g7f6 e8f8 f6e5 h7h5
7r/p1pp1ppp/1p2k3/2b1P3/1P2P3/2Pp4/P2P3P/RNBR3K b - -,c5e7 d1g1 b6b5 c1b2 g7g5 c3c4 b5c4 b1c3 c7c6 a1f1
r1b1k2r/ppqpbppp/4p3/1B2P1B1/3Q2n1/2N5/PPP2PPP/R4RK1 b kq -,h7h5 g5e7 e8e7 f1e1 f7f6 f2f4 f6f5 a1d1 b7b6 b2b4
3r2k1/5p2/5p2/p7/2R1P1P1/2p2PKP/P4Q2/3q4 b - -,d1d6 g3g2 d6f4 c4c3 d8d2 c3c8 g8g7 c8c2 d2f2 c2f2
2Q2bk1/1p2rB2/p3p2p/4P3/3P4/4P3/3q2PP/5RK1 b - -,d1d2 c4c6 g8g7 f2c5 d2e1 g3f4 d8d3 c6c8 e1c1 f4g3
8/8/8/4k3/7p/4K3/8/8 b - -,
r3q1k1/pb2bpp1/7p/n1p5/8/3P2Q1/PPP2PPP/RNB2RK1 b - -,g7g5 c1d2 a5c6 d2c3 c6d4 c3d4 c5d4 b1a3 e8d7 a3c4
1r3b1k/pp4p1/8/2PQ4/1q6/8/5PPP/5RK1 b - -,b4c5 d5d3 c5e7 g2g3 b8d8 d3f3 h8g8 f1b1 b7b6 b1a1
2krr3/pp2b3/2p1P2Q/6p1/8/8/PPB3q1/1K1R3R b - -,d8d1 h1d1 e8d8 d1c1 g2f2 a2a3 c8c7 h6h7 f2f6 h7h2
8/8/8/pK2k1p1/6P1/7P/5P2/8 b - -,
r1bq1rk1/pp1n2pp/2pbpn2/5p2/2BP4/2N1PP2/PPQBN1PP/R3K2R b KQ -,g8h8 c4e6 d7b6 e6b3 a7a5 e1h1 c8d7 a2a3 b6d5 c3d5
6rk/3b1prq/1p1p4/p1pP1n2/P1P1pPP1/2P3p1/R5R1/2BQ1NKB b - -,g7g4 d1g4 g8g4 g2e2 f5h4 h1e4 g3g2 e4g2 h7b1 a2d2
2b2rk1/p1p2ppp/1p1r4/3P2R1/2P5/1P3B2/P5PP/4R1K1 b - -,g7g6 g5e5 c8d7 b3b4 c7c5 b4c5 b6c5 e5e3 d6a6 e3b3
r7/p7/2p2kR1/1p4N1/8/5p2/PPB3p1/2K5 b - -,f6e5 g5f3 e5f4 c2d1 a8d8 f3d2 f4e5 g6g2 e5d6 g2g7
r1n2rk1/pp1b1pbp/6p1/2n3N1/2P1P3/4B2P/PP1RBPP1/R5K1 b - -,c5e4 d2d7 e4g5 e3g5 g7b2 a1d1 c8b6 d7b7 b2a3 g5e3
2rr2k1/1pq3pn/p2p3p/P1PPpnB1/1P6/7P/3QNP2/R1R3KB b - -,d6c5 g5d8 c7d8 d5d6 h7g5 a1a3 f5h4 d2d5 g8h8 d6d7
8/8/4R3/4P3/4Pk1r/8/8/6K1 b - -,
2bk1r2/r2n1ppp/p2N4/1ppB4/7P/8/PPPK1PP1/4R2R b - -,d7b8 d6c8 d8c8 d2c3 a7d7 d5f3 c8c7 e1e5 c7b6 e5h5
5r2/pp2q1k1/2p2p1p/P1P1PRn1/2r5/6Q1/2B3P1/5R1K b - -,c4c2 e5f6 f8f6 f5f6 c2c1 f1c1 e7f6 c1b1 f6f7 h1g1
Q7/5qpk/1P5p/5b2/8/8/1pr2PPP/3RR2K b - -,b2b1r d1b1 c2f2 b1d1 f7f6 b6b7 f5e4 b7b8q e4g2 a8g2
r2R2R1/pb3r2/2p2k2/1p6/4Np2/6p1/PPB5/2K5 b - -,f6f5 e4g3 f5e5 g8e8 f7e7 d8a8 b7a8 e8e7 e5f6 g3f5
2b1rr1k/2q4p/p1p3p1/4b3/4Pp1Q/1BN2R2/PPP3PP/3R3K b - -,c7g7 f3f1 e5c7 e4e5 g6g5 h4h5 e8e5 d1e1 c8f5 b3c4
r1b2rk1/ppp3p1/3p1q1p/8/4QP1b/3B2P1/PPP4P/RN1K3R b - -,
rn1qk1nr/pp4pp/2pbpp2/3p1b2/2PP4/1QN2N2/PP1BPPPP/R3KB1R b KQkq -,d8b6 c4c5 b6b3 a2b3 d6c7 e2e3 g8e7 b3b4 a7a6 b4b5
r1bQ4/p7/2p1k3/1p2p3/4N3/6p1/PP6/2K5 b - -,g3g2 d8g8 e6d7 g8g2 d7c7 g2g7 c7b6 g7f8 a7a6 f8c5
r1bRR3/p5k1/2p5/1p2p3/8/2N1K1p1/PPB2r2/8 b - -,c8f5 e8g8 g7f6 g8f8 f6g7 d8a8 f5c2 f8g8 g7f6 g8g3
7r/p1pp1ppp/1p2k3/4P3/1P2P3/2Pp4/PB1P1b1P/RN1R3K b - -,c7c6 d1f1 f2h4 c3c4 h4e7 b1c3 e7b4 f1f2 h8g8 f2g2
r4b1r/pp4pp/2k1N3/2p1n3/8/2P1B3/P4PPP/2KR3R b - -,
r2qr1k1/ppp1bbPp/2n2p1B/8/2ppN3/7Q/PPPN1PPP/R3R1K1 b - -,c6b4 a1c1 d4d3 c2c3 b4c2 e1f1 d8d5 e4g3 b7b5 a2a4
r1bqk2r/ppp2ppp/2nb4/4p1N1/2B5/2PP4/P1P2PPP/R1BQK2R b KQkq -,d8d7 c4f7 e8e7 e1h1 h7h6 f7e6 d7e8 e6d5 h8f8 g5e4
1Q5k/2q3p1/7p/5r2/1R6/1p6/5PPP/4R2K b - -,c7b8 b4b8 h8h7 h1g1 f5f4 b8b7 f4d4 b7b3 d4d7 h2h3
8/8/1R6/4r3/5k2/8/5K2/8 b - -,
4r1k1/pp1R2pp/5p2/8/2Q5/7P/1q3PPK/8 b - -,g8h8 c4f7 e8g8 d7b7 b2e5 g2g3 a7a5 f7d7 h7h6 b7a7
r1bR4/p4r2/2p3Rk/1p6/8/2N2pp1/PPB5/2K5 b - -,h6h7 g6g3 c8f5 d8d1 f7g7 d1h1 h7g8 c2b3 g8f8 h1h8
r1N4k/5qpp/7b/4Pp2/1p1R4/3Q3P/b4PP1/1R4K1 b - -,
r3R3/pb3N2/2pR1k2/1p6/8/5pp1/PPB5/2K5 b - -,f6f7 c2g6 f7g7 e8e7 g7h6 g6e4 h6h5 e4f3 h5g5 e7b7
2k1r3/pp2b3/2p1P2Q/6p1/8/8/PPB3q1/1K1R4 b - -,e8d8 d1c1 g2f2 a2a3 c8c7 h6h7 f2f6 c1e1 a7a6 h7h2
r3k2r/2q1bpp1/p4P1p/2p5/3p3P/4B3/PPP1QP2/2KR2R1 b kq -,a8b8 f6e7 d4e3 e2e3 h6h5 g1e1 f7f6 e3d3 e8f7 d3a6
r1b3Q1/p7/2p1k3/1p2p3/4N3/8/PP4p1/2K5 b - -,e6d7 g8g2 d7c7 g2g7 c7b6 g7f8 a7a6 f8d8 b6a7 d8e7
2r5/pp1B1k1p/1b1p4/3pnP2/5qR1/5P2/P4P1P/R6K b - -,e6d7 g8g2 d7c7 g2g7 c7b6 g7f8 a7a6 f8d8 b6a7 d8e7
r7/p3k3/2p3R1/1p6/8/5N2/PPB3p1/2K5 b - -,a8h8 c1d2 c6c5 g6g2 a7a5 d2e3 a5a4 c2e4 a4a3 b2b3
1k1r3B/ppp5/8/1PN5/4P1Bq/P2P3P/6nP/R4R1K b - -,d8h8 h1g2 a7a6 b5a6 b7b6 c5d7 b8a7 e4e5 h8e8 a1e1
5rk1/5pbp/3qp1p1/1N1p4/8/2P5/rP3PPP/1R1QR1K1 b - -,d6b6 d1d3 f8c8 g2g3 c8c4 b5d4 g7d4 c3d4 b6d4 d3b3
2q4k/4RQp1/1p1b2Rp/5p2/2pr2P1/7P/P4P2/6K1 b - -,d6c5 b5d4 f8b8 e1e2 g7d4 c3d4 c5a7 b2b4 a2e2 d1e2
8/8/8/5r2/1R3k2/8/5K2/8 b - -,
5q1k/1P4p1/7p/5Q2/3R4/8/1pr2PPP/4R2K b - -,f8f5 b7b8q h8h7 d4d1 c2f2 b8g3 f2d2 g3b3 f5f2 e1g1
r5k1/1p3pp1/2p2q1p/8/4RP2/2P4P/3QR1PK/r7 b - -,h6h5 d2d3 g7g6 f4f5 g6g5 e4e7 a1c1 d3d2 c1f1 d2d4
4b3/p1p2k2/6pp/2P2p2/1P6/P2r1PNP/6P1/R6K b - -,f7f6 g3e2 a7a6 h1g1 g6g5 c5c6 e8c6 a1c1 c6b5 a3a4
r7/p1Q3k1/1p3RN1/1P1Pp1q1/4Ppb1/8/P4r2/2R4K b - -,e8c6 g3e2 g6g5 a1c1 a7a6 e2c3 d3d2 h1g1 g5g4 h3g4
8/8/8/8/8/4bk2/2b5/4K3 b - -,e8c6 g3e2 g6g5 a1c1 a7a6 e2c3 d3d2 h1g1 g5g4 h3g4
r2q1rk1/1p4p1/p3pn1p/2p1p3/3nP3/P2PB2P/2P1NPP1/R2Q1RK1 b - -,
7r/p1pp1ppp/1p6/4k3/1P2P3/2Pp4/PB1P1b1P/RN3R1K b - -,f2h4 c3c4 e5e6 b1c3 c7c6 f1g1 h4f6 c3a4 f6b2 a4b2
r4rk1/p1p1qp2/1p5p/n2pBpp1/3Pn3/P1PQPN2/2P2PPP/1R2R1K1 b - -,f7f6 e5g3 a5c4 h2h4 c4a3 b1a1 a3c4 f3h2 a7a5 h2f1
r1n2rk1/pp1b1p1p/6p1/2n3N1/2P1P3/4B2P/PR2BPP1/R5K1 b - -,h7h6 e3c5 h6g5 c5f8 g8f8 b2b7 d7c6 b7c7 c6e4 a1d1
8/6k1/7R/5P2/5K2/8/8/8 b - -,h7h6 e3c5 h6g5 c5f8 g8f8 b2b7 d7c6 b7c7 c6e4 a1d1
8/8/4k3/7K/BB6/P6P/1r6/8 b - -,b2b1 a4b5 b1g1 b5e2 g1g3 h5h4 g3e3 e2g4 e6f6 b4c5
7k/1P3qp1/7p/8/3R4/1p1Q4/2r2PPP/4R2K b - -,b2b1 a4b5 b1g1 b5e2 g1g3 h5h4 g3e3 e2g4 e6f6 b4c5
1r6/4p2p/p1bp1k2/5P2/P1Pr4/K2BR2P/P2R4/8 b - -,a6a5 d2e2 b8b7 d3c2 d4c4 e3e6 f6g5 c2b3 c4c5 e6e7
r1b2r2/ppp2kpQ/3p3p/8/5P1b/3B2P1/PqP4P/RN1KR3 b - -,
2q4k/4RQp1/1p1b2Rp/5p2/2p3P1/7P/P4PK1/3r4 b - -,b2a1 d1c1 a1d4 g3h4 c8h3 h7g6 f7g8 g6h7
r1b3Q1/p7/2pN4/1p2pk2/8/8/PP4p1/2K5 b - -,f5f4 g8g2 c8d7 g2e4 f4g5 e4e5 g5g6 d6e4 a8f8 e5d6
8/8/8/5rk1/1R6/4K3/8/8 b - -,
2krqr2/1pp5/p5p1/3R3p/5Bn1/2PP1QP1/P1P2PK1/R7 b - -,c7c6 d5g5 e8f7 f3e4 f8e8 e4g6 f7g6 g5g6 e8e2 g6g7
2b2rk1/p1p3pp/1p1r4/3P1pRB/2P5/1P6/P5PP/4R1K1 b - -,c7c5 e1e7 g7g6 e7a7 d6d7 a7a8 g8g7 h5d1 f8e8 g1f2
r3R3/pb3k2/2pR2B1/1p6/8/5pp1/PP6/2K5 b - -,f7g7 e8e7 g7h6 g6e4 h6h5 e4f3 h5g5 e7b7 a8f8 b7g7
2b1rr1k/2q4p/p1p3pQ/4b3/4Pp2/PBN2R2/1PP3PP/3R3K b - -,c7e7 h2h4 c8g4 d1g1 g4f3 g2f3 e5g7 h6g5 g7f6 g5g4
r4r2/1p1qnppk/p1pp1n1p/2b1pP2/8/2PP1QNP/PPB2PP1/R1B1R1K1 b - -,f8e8 g3e4 e7d5 b2b4 c5a7 g2g4 f6e4 d3e4 d5f6 g4g5
r3kb1r/p2p2pp/b3p3/3qPp2/1p6/PP1nQNP1/2K2PBP/RNB4R b kq -,a8c8 c2d2 d3c1 f3d4 c1b3 d2e1 d5g2 d4b3 g2h1 e1d2
2rr2k1/1pq2ppn/p1Pp3p/P2Pp1b1/1P4Pn/4B2P/3QNPB1/R1R3K1 b - -,b7c6 c1c6 c7d7 a1c1 c8b8 c1c4 f7f5 c6c7 d7a4 g4f5
1Q5k/6p1/7p/5q2/3R4/8/1pr2PPP/4R2K b - -,c2c8 b8b2 f5c2 b2c2 c8c2 f2f3 c2c7 d4d1 h8h7 d1b1
r1bqkb1r/pp2pppp/n1p2n2/3pP3/3P4/2N3P1/PPP2P1P/R1BQKBNR b KQkq -,f6d7 a2a3 a6c7 h2h4 c6c5 c1e3 h7h5 g1f3 g7g6 d1d2
8/8/8/3kNK2/8/5B2/8/8 b - -,d5d4 f5f4 d4c3 f4e3 c3c2 f3e4 c2c3 e4g6 c3b2 e3d3
2NB4/1k6/8/8/3K4/8/8/8 b - -,
2kr3r/1p3p1p/p1n2N2/b7/8/3bPN2/PP3PPP/3K1B1R b - -,d3f1 f3d4 f1g2 h1g1 g2f3 d1c2 c6d4 e3d4 d8d6 f6g4
r1b1k2r/ppp3pp/3p1q2/2n2p2/2BB4/5P2/PP2Q1PP/R3R1K1 b kq -,e8d7 d4f6 d7c6 f6g7 h8d8 b2b4 a7a6 b4c5 d6c5 g7f6
r2q1rk1/6p1/pp2pn1p/2p1p3/3nP3/P1PPB2P/4NPP1/R2Q1RK1 b - -,d4e2 d1e2 d8d6 f1b1 b6b5 c3c4 f8b8 g1h2 g8h7 g2g4
7k/4RQp1/1pqb2Rp/5p2/2p3P1/5P1P/P5K1/3r4 b - -,d4e2 d1e2 d8d6 f1b1 b6b5 c3c4 f8b8 g1h2 g8h7 g2g4
2r4k/1P3qp1/7p/5b2/3R4/1p3Q2/5PPP/4R2K b - -,c8f8 d4b4 f5g6 f3f7 g6f7 b7b8q f8b8 b4b8 h8h7 e1c1
2Q2bk1/1p2rp2/p3p1pp/P3P3/q2PB3/4P3/6PP/5RK1 b - -,a4a3 f1f3 a3a5 h2h3 e7c7 c8b8 c7c1 g1h2 a5c7 b8a8
r1b2r2/ppp2kpQ/3p2Bp/8/5P1b/6P1/P1P4P/qN1KR3 b - -,
7r/p1pp1ppp/1p6/4k3/1PP1P2b/3p4/PB1P3P/RN3R1K b - -,e5e6 b1c3 c7c6 c3d1 h8a8 d1e3 g7g6 b2c3 h4g5 e3g2
r1b5/p4k2/2p5/1p2R3/8/2N5/PP4R1/2KB1r2 b - -,c8e6 g2e2 e6g4 e2d2 a8h8 c3e4 f1d1 d2d1 g4d1 c1d1
r1b1k1nr/pp3ppp/2nqp3/2pp4/3P4/2PBPN2/PP3PPP/RN1Q1RK1 b kq -,g8f6 d4c5 d6c5 b1d2 h7h6 e3e4 d5e4 d2e4 f6e4 d3e4
r1b1nrk1/2p3bp/npPp4/1P1Pp2q/4P1p1/B1NB1pP1/2QN1P1P/R2R2K1 b - -,f8f6 b5a6 f6h6 h2h4 g4h3 g1h1 h6g6 d3f1 g7h6 c3b5
r2q1rk1/pp3ppp/8/8/bb6/PP2P3/3N1PPP/R2QKB1R b KQ -,a4b3 a3b4 b3d1 a1d1 d8d6 f1e2 a8d8 e1h1 d6b4 d2f3
2Nk1r2/r4ppp/p4n2/1ppB4/7P/8/PPPK1PP1/4R2R b - -,a7c7 c8d6 f6d5 e1e5 d5f4 d2c1 c7d7 d6e4 f7f6 e5f5
2k5/p6p/2Q3p1/8/1qN1P3/7P/P1p3PK/8 b - -,c8b8 c4e3 c2c1q c6c1 b4e4 h2g3 e4d4 g3f3 b8b7 c1c4
8/1pp3k1/4P1p1/1p2p3/4P2p/P7/1P2KP1P/8 b - -,g7f6 e2f3 f6e7 f3g4 h4h3 g4g5 e7e6 g5g6 e6e7 g6f5
4R3/6kp/p5p1/1pP2npq/8/1Q4P1/7P/3R2K1 b - -,g7f6 e2f3 f6e7 f3g4 h4h3 g4g5 e7e6 g5g6 e6e7 g6f5
r2qk2r/1p3ppp/p3pn2/n1b3B1/3N4/2NQ2P1/PP2PPKP/R2R4 b kq -,c5d4 d3d4 d8d4 d1d4 a5c6 d4d3 e8h8 a1c1 c6e5 d3d6
4R3/5ppk/8/p7/6P1/2N1KP1q/P3P3/8 b - -,f7f5 g4f5 h3f5 e8e4 f5c5 e3d3 c5f5 a2a4 g7g5 d3d2
r1b5/p7/2pN4/1p2p3/5k2/8/PP4Q1/2K5 b - -,c8d7 g2e4 f4g5 e4e5 g5g6 d6e4 a8f8 e5d6 g6g7 d6d4
6rk/pR3Qpp/5p2/4q3/8/6PP/5P1K/8 b - -,e5c5 h2g1 a7a5 b7c7 c5e5 c7e7 e5b5 e7b7 b5f5 f7c7
r2q1rk1/6p1/pp2pn1p/2p1p3/4P3/P1PPB2P/4QPP1/R4RK1 b - -,d8d6 c3c4 b6b5 f1b1 f8b8 g1h2 a8a7 b1b3 f6d7 c4b5
1r5k/1P3qp1/7p/5b2/1R6/1p3Q2/5PPP/4R2K b - -,h8h7 f3f4 b8d8 b7b8q d8b8 b4b8 f5g6 f4f7 g6f7 e1c1
4rr1k/2q4p/p1p3pQ/4b3/4Ppb1/PBNR4/1PP3PP/3R3K b - -,c7e7 d1f1 e5g7 h6f4 f8f4 f1f4 e8f8 f4f8 e7f8 h1g1
7r/2R2p2/2N2k2/1Pb1p2p/6pP/8/4KPP1/8 b - -,f6e6 c6e5 c5d6 e5f7 d6c7 f7h8 e6f6 e2d3 c7b6 f2f3
r7/pb2R1k1/2pR2B1/1p6/8/5pp1/PP6/2K5 b - -,g7f8 e7f7 f8g8 f7f3 a7a6 f3g3 b7c8 d6f6 a8a7 f6f4
r1bqk1nr/pp3ppp/2pbp3/2p5/2N1P3/8/PPPP1PPP/RNBQK2R b KQkq -,d6c7 d2d3 e6e5 c1e3 b7b6 b1c3 g8e7 h2h4 h7h5 g2g3
r1b2r2/ppp3pQ/3p1k1p/8/5P1b/3B2P1/P1P4P/qN1KR3 b - -,
3r4/p7/2p1bkB1/1p6/8/2N1R3/PPK3R1/5r2 b - -,d8d4 g6d3 e6f5 c3e4 f5e4 d3e4 f1f4 e4d3 f6f7 g2e2
2r4k/5qpp/7b/4Pp2/1R1R4/3Q3P/b4PP1/6K1 b - -,h6g5 d3a6 f7e6 a6e6 a2e6 b4b6 e6g8 b6b7 g5c1 g2g3
4R3/6pk/1P5p/5b2/3R4/1p4P1/2r2P1P/7K b - -,b3b2 d4b4 c2c1 h1g2 b2b1q b4b1 c1b1 f2f3 b1b2 g2g1
r3k2r/1p3p1p/p1n1bp2/b2N4/8/4PN2/PP2KPPP/3R1B1R b kq -,e8a8 d5c3 e6c4 e2e1 c4a2 f1d3 a2d5 e1e2 a5c3 b2c3
2k2Q2/5B2/8/8/3K4/8/8/8 b - -,a8d8 d5c3 e8h8 a2a3 d8c8 h2h3 c6e5 d1c1 e5c4 b2b4
5rk1/1p4bp/pB1p2p1/7N/2Ppr3/5PPb/PP3R1P/R5K1 b - -,e4e8 h5g7 g8g7 b6d4 g7g8 a1d1 e8e7 b2b3 e7e6 a2a4
2rq1rk1/pp1bb1pp/2n1p2n/3pPp2/3N1P2/2P2N2/PP2B1PP/R1BQ1R1K b - -,d8e8 d4c6 b7c6 c3c4 h6f7 c1e3 d5c4 e2c4 c6c5 f1f2
7r/p1pp1pBp/1p6/8/1PP1k2b/3p4/P2P3P/RN3R1K b - -,f7f6 b1c3 e4e5 g7f6 e5d6 f6h8 d6c6 f1f7 c6b7 a1f1
r1b2rk1/pp2qppp/1b2pn2/n5B1/Q3N3/5NP1/PP2PPBP/R4RK1 b - -,e6e5 f1d1 a5c6 e2e3 f8d8 f3d2 c8f5 a1c1 a8c8 d2c4
6N1/7k/8/8/8/3r4/P7/K7 b - -,e6e5 f1d1 a5c6 e2e3 f8d8 f3d2 c8f5 a1c1 a8c8 d2c4
r1b2r2/ppp3pQ/3p1k1p/8/5P1b/3B2P1/P1PK3P/1q2R3 b - -,
4R3/5ppk/7q/p7/6P1/2NK1P2/P3P3/8 b - -,
7k/1P2R1p1/7p/8/3R4/1p1Q4/2r2qPP/7K b - -,h6g5 e8e4 g5g6 a2a4 g6a6 d3e3 a6b6 e4d4 b6h6 e3d3
r1b1k2r/pp3ppp/2nqpn2/3p4/3P4/2PB1N1P/PP3PP1/RN1Q1RK1 b kq -,e8h8 f1e1 c8d7 b1d2 f8c8 f3e5 d7e8 d1f3 a7a5 h3h4
8/8/4p1p1/4P3/4Pk1P/8/8/5K2 b - -,f4e4 f1g2 e4e5 g2f3 e5f5 f3e2 e6e5 e2e3 f5g4 h4h5
rnbqk1nr/ppb2ppp/2p5/2Ppp3/1P1P4/4P3/PB1N1PPP/R2QKBNR b KQkq -,e5e4 b4b5 g8e7 a2a4 e8h8 d2b3 e7f5 g2g3 b8d7 g1e2
r7/p4k2/2p1b3/1p2R3/8/2N5/PP2R3/2KB1r2 b - -,e6g4 e5e7 f7f6 e2e5 f6g6 e5e1 f1e1 e7e1 g4d1 c3d1
6rk/pR3Qpp/5p2/2q5/8/6PP/5P2/6K1 b - -,a7a5 b7c7 c5f5 c7a7 f5h3 a7a5 g8c8 a5a1 h7h6 f7b7
r7/p2b4/2pN4/1p2p3/4Qk2/8/PP6/2K5 b - -,f4g5 e4e5 g5g6 d6e4 a8f8 e5d6 g6g7 d6d7 f8f7 d7c6
8/5k2/8/7K/BB5P/P7/1r6/8 b - -,b2b1 a4b5 b1d1 b5e2 d1d5 h5g4 d5d4 g4g3 d4d8 h4h5
1r5k/1P3Qp1/4b2p/8/1R6/1p6/5PPP/4R2K b - -,e6f7 e1c1 f7e6 b4b3 h8h7 b3b5 e6d5 b5d5 b8b7 d5d1
5Q2/1k6/8/3B4/3K4/8/8/8 b - -,e6f7 e1c1 f7e6 b4b3 h8h7 b3b5 e6d5 b5d5 b8b7 d5d1
1k6/p6p/2Q3p1/8/1q2P3/4N2P/P1p3PK/8 b - -,b4e4 c6e4 c2c1q e3c4 h7h5 h3h4 c1f1 h2g3 f1d1 c4e3
k7/8/8/2b5/2P5/PPNP4/8/4K3 b - -,a8b7 b3b4 c5d4 c3b5 d4f6 e1f2 f6g5 f2f3 g5c1 f3e4
8/8/4p1p1/4P3/4k2P/8/5K2/8 b - -,e4e5 f2f3 e5f5 f3g3 e6e5 g3f3 e5e4 f3g3 f5e5 g3f2
r1b2r2/ppp3pQ/3p1k1p/8/1q3P1b/2PB2P1/P2K3P/4R3 b - -,
5rk1/1b2bppp/1qn2n2/4p3/2BpP3/1P3P2/1PPQ1BPP/R4RK1 b - -,h7h6 c2c3 f6h5 f1d1 e7g5 d2c2 g5e3 b3b4 h5f4 c4f1
4r1k1/5pp1/4n3/p7/2Q1NqP1/5P1P/P3P1K1/3R4 b - -,f4e3 h3h4 e8b8 e4g3 b8b2 a2a4 b2b4 c4c6 g8h7 c6c2
8/6pk/7p/1P1Q4/8/2r5/2q1BK1P/8 b - -,c2g6 e2f3 g6c2 f3e2 c3c8 f2g3 c2g6 g3f3 g6f6 f3g3
2b2rk1/p1p1R1pp/1p5r/3P1pRB/2P5/1P6/P5PP/6K1 b - -,f5f4 g5g7 g8h8 h5f3 a7a5 e7c7 c8f5 g7e7 h8g8 h2h3
3r4/p7/2p1bk2/1p6/5r2/2NBR3/PPK3R1/8 b - -,e6f7 c3e2 f4f1 g2h2 a7a6 e2g3 f1f4 g3h5 f7h5 h2h5
8/8/8/K5p1/5kP1/7P/5P2/8 b - -,f4e5 a5b5 e5f4 b5c6 f4f3 c6d5 f3f2 d5e4 f2f1 e4f5
2r1r1k1/p2n1pp1/1pq4B/7n/2Pp4/3B3Q/P4PPP/2R1R1K1 b - -,d7c5 h6g5 g7g6 d3f1 c5e4 h3h4 e4g5 h4g5 e8e1 c1e1
8/8/4p1p1/4k3/7P/5K2/8/8 b - -,e5f5 f3g3 e6e5 g3f3 e5e4 f3e3 f5e5 e3e2 e5f4 e2f1
3rr3/pb4k1/1pp2R2/4P1np/3B4/1P4Pq/P1Q4P/3R2K1 b - -,e8g8 e5e6 d8d4 f6g6 g7h7 g6g5 h7h6 g5g8 d4d1 c2d1
r2qkb1r/pp2pppp/2p2n2/n2P4/Q3P1b1/1PN2N2/5PPP/R1B1KB1R b KQkq -,e7e6 b3b4 e6d5 b4a5 f8c5 f1e2 e8h8 e1h1 f8e8 e4d5
6N1/7k/8/3r4/8/8/P7/K4B2 b - -,d5d6 f1c4 h7g6 a1b2 g6f5 b2c3 f5e5 c3b4 d6d8 g8h6
r7/pb2R3/2pR3k/1p6/4B3/5pp1/PP6/2K5 b - -,h6g5 d6g6 g5f4 g6f6 f4g5 f6f5 g5h6 f5f3 a8g8 e7h7
r1b2r2/ppp3pQ/3p1k1p/8/5P1b/2P3P1/PqBK3P/4R3 b - -,
2k2r2/r4ppp/p4n2/1pp5/7P/5B2/PPPK1PP1/4R2R b - -,c8c7 d2c1 c7b6 e1d1 a7d7 d1d7 f6d7 h1e1 b6c7 e1e3
r1bq1rk1/ppppnppp/5b2/3P4/2B1R3/5N2/PPQ2PPP/R1B3K1 b - -,d7d6 e4e1 c8f5 c2b3 a8b8 h2h3 h7h6 a2a4 e7g6 c1d2
r4rk1/p1p1q3/1p3p1p/n2p1pp1/3Pn3/P1PQPNB1/2P2PPP/1R2R1K1 b - -,a5c4 h2h3 c4a3 b1a1 a3c4 a1a6 c7c6 f3h2 c4b2 d3e2
8/5qpk/7p/5b2/8/5Q2/5PPP/1QrRR2K b - -,c1b1 d1b1 f5e6 f3f7 e6f7 e1e7 f7d5 b1b5 d5a2 b5b7
8/4rkpp/3K4/PP1p1p2/2r5/5P2/6PP/R3R3 b - -,e7a7 a5a6 a7a8 a6a7 d5d4 e1e7 f7g6 e7c7 c4b4 d6c5
3r2k1/2p1R1p1/n6p/pppbPp2/7N/P1P3P1/1P3K1P/4B3 b - -,
r1b1R3/p4rk1/2p5/1p2p3/8/6p1/PPBKN3/3R4 b - -,f7d7 d2e3 d7d1 c2d1 g3g2 d1c2 g7f6 e8h8 f6g7 h8d8
8/8/4p1p1/5k2/7P/6K1/8/8 b - -,f7d7 d2e3 d7d1 c2d1 g3g2 d1c2 g7f6 e8h8 f6g7 h8d8
2rr2k1/1pq3pn/p1Pp3p/P2PpPb1/1P5n/4B2P/3QNPB1/R1R3K1 b - -,h4f5 f2f4 e5f4 e3b6 c7f7 b6d8 c8d8 d2d3 f5e3 e2d4
r1b2rk1/pp3ppp/2nq1n2/3pP3/8/2PB1N1P/PP1N1PP1/R2Q1RK1 b - -,c6e5 f3e5 d6e5 d2f3 e5f4 f1e1 c8d7 f3e5 d7c6 g2g3
1r5k/1P3bp1/7p/8/1R6/1p6/5PPP/2R4K b - -,f7e6 b4b3 h8h7 b3b6 e6d5 c1c7 b8e8 h2h3 e8b8 f2f3
r2qk2r/pB3ppp/2p1p3/2b5/4PQ2/8/PPPB1PbP/R3K2R b KQkq -,d8b6 b7a8 g2h1 d2c3 e8h8 e1a1 c5f2 c1b1 f2e3 f4g3
r2qkb1r/p3pppp/1pp2n2/n2P4/QP2P1b1/2N2N2/5PPP/R1B1KB1R b KQkq -,g4f3 g2f3 e7e6 b4a5 b6b5 c3b5 c6b5 f1b5 f6d7 c1e3
r2R2R1/pN3r2/2p1k3/1p6/5p2/6p1/PPB5/2K5 b - -,e6f6 d8a8 f7b7 a8f8 b7f7 g8g6 f6e7 f8f7 e7f7 g6g4
k7/2b5/8/8/1NP5/3P4/1P6/1R2K3 b - -,c7g3 e1e2 a8b7 b4d5 b7c6 b2b4 g3b8 e2f3 b8a7 f3e4
2r2rk1/1p3ppp/p3pn2/n5B1/8/2N3P1/PP2PPKP/2RR4 b - -,h7h6 g5f6 g7f6 c3a4 f6f5 g2f1 a5c4 b2b3 c4e5 h2h3
r1b1r1k1/pppqppbp/n5pn/3P4/2BPP3/P1N2N1P/1P1B1PP1/R1Q2RK1 b - -,h6g4 h3g4 c7c5 d5c6 b7c6 d2f4 a8b8 f4b8 a6b8 c1f4
r7/p3Rk2/2p5/1p6/6b1/2N5/PP2R3/2KB1r2 b - -,f7f8 e2e1 g4h3 d1h5 a8d8 e7e2 f1e1 e2e1 b5b4 c3d1
8/6pk/1P5p/5b2/3R4/1p6/2r2PPP/4R2K b - -,b3b2 d4b4 f5e4 b6b7 e4b7 b4b7 c2f2 h2h3 f2c2 h1h2
r1b5/p3RrkR/2p5/1p2p3/5q2/2N3p1/PPBQ4/2K5 b - -,b3b2 d4b4 f5e4 b6b7 e4b7 b4b7 c2f2 h2h3 f2c2 h1h2
8/8/8/5K2/3kN3/5B2/8/8 b - -,d4c4 f5e5 c4d3 f3h5 d3c2 e5d4 c2b1 h5g6 b1b2 e4c5
2k2r2/1pp5/p5p1/2Q4p/5Bn1/2PP2P1/P1P1qPK1/R7 b - -,e2f2 c5f2 g4f2 g2f2 g6g5 f2f3 c8d7 a1e1 g5f4 g3f4
rnbqkb1r/pp1p1pp1/4p2p/4P3/3Q4/2N2N2/PPP2PPP/R3KB1R b KQkq -,b8c6 d4e3 d7d5 e5d6 d8d6 c3b5 d6b8 b5d4 f8c5 d4c6
r1b1nrk1/2p3bp/1pPp4/1PBPp2q/4P1p1/2NB1pP1/2QN1P1P/R2R2K1 b - -,a8a1 d1a1 d6c5 d2c4 g7h6 d3f1 h5g6 a1a7 h6g5 d5d6
8/8/6p1/4pk2/7P/5K2/8/8 b - -,a8a1 d1a1 d6c5 d2c4 g7h6 d3f1 h5g6 a1a7 h6g5 d5d6
2r2rk1/1p3pp1/p3pB1p/n7/8/2N3P1/PP2PPKP/2RR4 b - -,g7f6 c3a4 f6f5 g2f1 a5c4 b2b3 c4e5 f1e1 b7b5 a4c5
8/5k2/4R2P/4KP2/8/8/8/7r b - -,h1a1 e6f6 f7e7 h6h7 a1e1 e5d4 e1d1 d4e4 d1e1 e4f3
rq3rk1/1b1n1ppp/3b1n2/1Np5/1P2P3/1QN4P/B4PP1/R1B2RK1 b - -,b7a6 b5d6 a6f1 d6f7 c5c4 b3b2 f8f7 g1f1 d7e5 b2c2
3r4/p4b2/2p2k2/1p6/5r2/3BR3/PPK1N1R1/8 b - -,f4f1 g2h2 a7a5 e2d4 f1f4 h2h6 f6g7 d4e6 f7e6 h6e6
r5k1/1p2q1p1/2p4p/3p1p2/2PR1P2/4P2P/3QR1PK/r7 b - -,a8a2 d2d3 a2e2 d3e2 a1a4 e2d3 e7e6 c4d5 a4d4 d3d4
2rr2k1/1pq3pn/p1Pp3p/P2PpnB1/1P6/7P/3QNPB1/R1R3K1 b - -,c7f7 g5d8 c8d8 d2d3 f5h4 d3g3 h4f5 g3g4 h6h5 g4c4
4r1k1/5pp1/4n2q/pQ6/4N1P1/5P1P/P3P1K1/3R4 b - -,e8c8 g4g5 h6h4 b5f5 h4f4 f5a5 c8e8 a5a4 f4b8 g2f1
r2qkb1r/pn2pppp/1pP2n2/8/QP2P1b1/2N2N2/5PPP/R1B1KB1R b KQkq -,b7d6 c6c7 d8d7 c3b5 f6e4 f3e5 e4c3 b5c3 d7a4 c3a4
r1b1k2r/p1qnbppp/2p1p3/2ppP3/5P2/1PNP1N2/P1P3PP/R1BQ1RK1 b kq -,e8h8 c1a3 c7a5 a3b2 a5c7 d1e2 a7a5 b2a3 a5a4 g1h1
3qr1k1/p1r2p1Q/1p2pbp1/nP1bN3/3PN3/P6R/5PPP/R5K1 b - -,g8f8 e4f6 d8f6 h3c3 c7e7 a3a4 f6g7 h7h4 f7f6 e5g4
r1b2r2/ppp2kpQ/3p3p/8/5P1P/2P5/PqBK3P/4R3 b - -,
r1b1R3/p4rk1/2p5/1p2p3/8/8/PPBKN1p1/6R1 b - -,g7f6 g1g2 f7e7 e8f8 f6e6 c2f5 e6d5 f8c8 a8c8 f5c8
r3n1k1/pb1R2PR/2p1p3/1p6/5r2/2N3p1/PPB5/2K5 b - -,f4f1 c3d1 f1f7 h7h8 g8g7 h8h7 g7f6 d7f7 f6e5 f7b7
8/8/6p1/5k2/4p2P/4K3/8/8 b - -,f4f1 c3d1 f1f7 h7h8 g8g7 h8h7 g7f6 d7f7 f6e5 f7b7
2r2rk1/1p3p2/p3pp1p/n7/N7/6P1/PP2PPKP/2RR4 b - -,f6f5 g2f1 a5c4 b2b3 c4e5 f1e1 b7b5 a4c5 c8c6 c5d7
2q1rR2/1kp1P1Q1/1pb5/3r3p/4p3/4B1P1/1P5P/2R3K1 b - -,c8h3 g7c3 h3d7 c3c6 d7c6 c1c6 e8e7 c6c2 c7c5 g1f2
8/5k2/4R2P/3K1P2/8/8/8/4r3 b - -,
r7/pb2R3/2p3R1/1p4k1/4B3/5pp1/PP6/2K5 b - -,e1c1 e6d6 c1f1 d5e5 f1e1 e5f4 e1f1
r2qkbnr/pp1npppp/2p5/3pPb2/5B2/3P1N2/PPP2PPP/RN1QKB1R b KQkq -,e7e6 f1e2 g8e7 e1h1 e7g6 f4g3 a7a5 a2a4 f8e7 b1d2
5k2/8/1b6/8/8/PPNP4/2P5/4K3 b - -,f8e8 e1e2 e8d7 c3b5 b6c5 c2c4 d7c6 e2f3 c5a3 b5a3
r7/p3R3/2p2k2/1p6/6b1/2N5/PP6/2KBRr2 b - -,f1e1 e7e1 g4d7 d1f3 a8h8 b2b4 d7e6 c1b2 h8h2 e1e2
1Q6/6pk/7p/5q2/3R4/8/1pr2PPP/6RK b - -,f5e6 d4d1 h6h5 b8b5 g7g6 f2f3 h7h6 b5d3 c2e2 d3c3
r1b5/p5k1/2p5/1p2R3/5r2/2N3p1/PPB5/2KR4 b - -,a8b8 e5g5 g7f7 g5g3 c8f5 c2b3 f7f6 g3g1 b5b4 c3e2
8/5R2/4p1p1/4P3/4PP1P/6k1/r7/5K2 b - -,
2rq1rk1/pb3pp1/5b1p/n7/BQ6/3P4/PPP2PPP/RNB2RK1 b - -,f6e7 b4g4 f7f5 g4h3 d8d4 c2c4 f8f6 b1c3 f6g6 g2g3
2k2r2/3r1ppp/p4n2/1pp5/7P/5B2/PPP2PP1/2K1R2R b - -,g7g6 e1e5 d7c7 h1e1 h7h5 a2a4 f8d8 f3e2 d8d4 a4b5
k7/P7/6K1/7p/4pP1P/8/8/8 b - -,e4e3 f4f5 e3e2 f5f6 e2e1q f6f7 e1e7 g6g7 a8a7 g7g8
2r1r1k1/p2Q1pp1/1p5q/7n/2Pp4/3B4/P4PPP/2R1R1K1 b - -,g8f8 g2g3 h5f6 d7d6 f8g8 d6d4 e8d8 d4c3 f6g4 h2h4
8/5k2/4R2P/2K2P2/8/8/8/3r4 b - -,
r2qk1nr/ppp2ppp/3p4/2b1p3/2BNP1b1/3P4/PPP1NPPP/R1BQK2R b KQkq -,c5d4 f2f3 g4e6 c4e6 f7e6 a2a4 a7a5 e2d4 e5d4 c2c3
2rr2k1/1pq3p1/p1Pp3p/P2Ppnn1/1P6/5P1P/3QN1B1/R1R3K1 b - -,f5h4 g1h1 h4g2 h1g2 c7f7 f3f4 g5e4 d2d3 e4f6 g2h2
3r1k2/2p1R1p1/n5Np/pppbPp2/8/P1P3P1/1P3K1P/4B3 b - -,f8g8 e5e6 d5c6 h2h4 c5c4 e7f7 c6e4 g6e7 g8h7 e7f5
2krr3/pp2bQ2/2p1P2p/6p1/8/8/PPB3q1/1K1R3R b - -,
6B1/7k/8/3r4/8/8/P7/K4B2 b - -,e7d6 h1e1 g2g3 e6e7 e8e7 e1e7 d6e7 f7e7 d8d1 c2d1
n7/1pr1k1pp/p2Np1b1/P7/2B5/1P3P2/3RK1PP/8 b - -,b7b6 a5b6 a8b6 c4a6 c7c3 a6c4 b6c4 b3c4 e6e5 d6c8
8/8/r3PK2/3k1P2/8/8/6PP/8 b - -,d5c6 e6e7 c6d7 f6f7 a6a8 f5f6 a8h8 g2g4 h8h7 f7g8
4r1k1/5pp1/8/p7/4R1P1/2N2P1P/P3P2K/2q2Q2 b - -,c1e3 e4e3 e8e3 f1c1 e3e5 c3e4 e5e8 h2g2 g8h8 h3h4
2r2rk1/1p3p2/p3p2p/n4p2/N7/6P1/PP2PP1P/2RR1K2 b - -,c8c1 d1c1 f8d8 f1e1 b7b5 a4c5 d8c8 e1d1 c8c6 c5d3
r7/pb2R3/2p2R2/1p6/4Bk2/5pp1/PP6/2K5 b - -,c8c1 d1c1 f8d8 f1e1 b7b5 a4c5 d8c8 e1d1 c8c6 c5d3
6rk/4RQpp/5p2/p1q5/8/6PP/5P2/6K1 b - -,h7h6 e7c7 c5b5 c7a7 b5b1 g1g2 b1b6 g2g1 f6f5 f7d7
rnbqkb1r/1p1p1ppp/2p2n2/p3p3/2B1P3/2N2Q2/PPPPNPPP/R1B1K2R b KQkq -,b7b5 d2d4 e5d4 c3b5 d7d5 e4e5 f6g4 c1f4 d5c4 e2d4
1rr3k1/4bppp/pp2pn2/2n1N3/N1P2P2/BP4P1/P5KP/R2R4 b - -,b6b5 a4c5 e7c5 a3c5 c8c5 a1c1 b5c4 c1c4 c5c4 b3c4
r1bqkb1r/pp1p1pp1/2n1p2p/4P3/6Q1/2N2N2/PPP2PPP/R3KB1R b KQkq -,d8a5 f1b5 f8b4 g4g7 b4c3 b2c3 h8f8 a1b1 a5c3 e1d1
r1b5/pp3N2/2k1p3/8/1p1p1P1P/8/PP4P1/5RK1 b - -,c6d5 h4h5 e6e5 f7e5 c8e6 g1f2 d5e4 g2g3 e6a2 f1e1
5k2/8/1b6/8/8/P1NP4/1PP5/4K3 b - -,f8e8 c3b5 b6e3 b2b4 e8d7 c2c4 e3c1 e1f2 d7c6 f2f3
3r4/p4b2/2p2k2/1p6/8/3BR3/PPK1N2R/5r2 b - -,a7a5 e2d4 f1f4 h2h6 f6g7 d4e6 f7e6 h6e6 d8c8 e3e2
3r2k1/1bq2ppp/1bn2n2/4p3/2BpP3/1PP2P2/1P2QBPP/2RR2K1 b - -,h7h6 b3b4 f6h5 g2g3 c7d6 c4a6 b7a8 e2b5 c6a7 b5a4
6k1/8/7K/8/BB5P/P7/1r6/8 b - -,g8f7 h6g5 b2g2 g5f4 g2f2 f4g3 f2f1 a4c6 f7e6 h4h5
1Q6/6pk/4q2p/8/8/8/1pr2PPP/3R2RK b - -,e6f6 b8b5 h7h8 b5e8 h8h7 d1d8 f6c6 e8g8 h7g6 g8b3
r1b2rk1/pp3ppp/5n2/3pq3/8/2PB1N1P/PP3PP1/R2Q1RK1 b - -,e5f4 d1c1 f4c1 f1c1 g7g6 f3d4 h7h5 c1e1 f8d8 a2a4
1r5k/1P4p1/4b2p/8/8/1R6/5PPP/2R4K b - -,h8h7 b3b6 e6d5 c1c7 d5b7 b6b7 b8g8 h2h3 h7g6 h1h2
2q1r1k1/1p3p1p/2n2Qp1/1pPR1P2/5r2/6R1/PP1N1p1P/5K2 b - -,h8h7 b3b6 e6d5 c1c7 d5b7 b6b7 b8g8 h2h3 h7g6 h1h2
3qrk2/p1r2Q2/1p2pbp1/nP1bN3/3PN3/P6R/5PPP/R5K1 b - -,c7f7 e4c3 a5c4 e5f7 f8f7 a1d1 f7g7 a3a4 c4d6 c3e2
4R1k1/5pp1/8/p7/6P1/2N2P1P/P3P2K/5q2 b - -,g8h7 h3h4 f1e1 e8c8 e1h4 h2g2 h4e1 a2a4 g7g6 c8c4
3r2k1/p4p1p/2p1r1p1/8/2P1P3/1P6/P5PP/R3R1K1 b - -,g8g7 e1d1 e6d6 d1d6 d8d6 e4e5 d6d2 a2a4 d2b2 a1d1
r1b2rk1/ppp3pQ/3p3p/8/5P1P/2P5/q1BK3P/4R3 b - -,
rnbqkb1r/ppp2ppp/3p1n2/4P3/3Q4/8/PPP1BPPP/RNB1K1NR b KQkq -,b8c6 e2b5 d8d7 b5c6 d7c6 g1f3 d6e5 d4e5 c8e6 e1h1
8/5R2/4p1p1/4PP2/4P2k/8/r7/5K2 b - -,
3r1r1k/1q3Bpb/4N2p/1P5Q/1p6/8/6PP/2R4K b - -,d8d2 h5g4 f8f7 e6g5 f7f8 g5e6 f8g8 c1g1 b4b3 g4b4
2rr2k1/1pq3p1/p1Pp3p/P2Ppnn1/1P3P2/7P/3QN1B1/R1R3K1 b - -,g5h3 g2h3 d8f8 c6b7 c7b7 c1c8 b7c8 f4e5 c8e8 a1f1
r5k1/4qpp1/2p4p/1p1p4/3RPP2/2P4P/3QR1PK/r7 b - -,a1a2 d2a2 a8a2 e2a2 d5e4 a2e2 f7f5 g2g4 e7h4 g4f5
8/8/8/2k1R3/8/4K3/8/1Q6 b - -,a1a2 d2a2 a8a2 e2a2 d5e4 a2e2 f7f5 g2g4 e7h4 g4f5
r7/p7/2p2k2/1p6/6b1/2N5/PP6/2KBR3 b - -,g4d1 c1d1 a7a5 a2a4 a8h8 d1c2 h8h5 e1e8 f6f7 e8c8
4B1k1/p1r2r1p/4pPn1/q1bpP3/p1p5/2P3Q1/2PB4/R4K1R b - -,f7g7 f6g7 c7g7 g3h3 g6f8 d2h6 a5d8 e8h5 d8e7 h6g7
r2qkb1r/ppp1pppp/5n2/3P4/2p1P1b1/2N1BP2/PP3P1P/R2QKB1R b KQkq -,g4h5 f1c4 a7a6 d1a4 f6d7 c4e2 e7e6 d5e6 f7e6 h1g1
Q1k5/5B2/8/8/3K4/8/8/8 b - -,g4h5 f1c4 a7a6 d1a4 f6d7 c4e2 e7e6 d5e6 f7e6 h1g1
3r1rk1/pp1bnpbp/3R2p1/2B3N1/2P1P3/7P/PP2BPP1/R5K1 b - -,g7b2 a1b1 b2e5 d6d3 e5f6 b1b7 d7c6 c5e7 d8d3 e2d3
8/5R2/4p3/4PP2/7k/8/r7/5K2 b - -,
6k1/5pp1/8/p7/4N1P1/5PnP/P3PQK1/2q5 b - -,g3e2 f2e2 a5a4 e4f2 c1c6 h3h4 g7g6 e2b2 f7f5 g4g5
2rr2k1/1pq3p1/p1Pp3p/P2P1nn1/1P3Q2/7P/4N1B1/R1R3K1 b - -,b7c6 f4f5 c7e7 f5d3 c6c5 b4c5 d6c5 c1c4 g5f7 c4e4
r4rk1/ppN2ppp/2np2q1/2b1p2b/2B1P3/3P1N1P/PPP2PP1/R2Q1RK1 b - -,a8c8 c7d5 g6g3 c2c3 h5f3 d1f3 g3f3 g2f3 g8h8 f3f4
8/5k2/4R2P/5P2/5K2/8/8/4r3 b - -,
r1b1R3/p5k1/2p5/1p2p3/8/8/PPB1K1p1/6R1 b - -,g7f6 e2e3 c8b7 e8a8 b7a8 c2e4 a8b7 g1g2 f6f7 g2h2
6k1/4qpp1/2p4p/1p1p4/3RPP2/2P4P/Q3R1PK/r7 b - -,a1a2 e2a2 d5e4 a2d2 f7f5 d2a2 g8h7 g2g3 e7c5 a2c2
r4rk1/ppp2p1p/6p1/b2pPQ2/2qP4/4BP1P/P4P1K/1R4R1 b - -,c4c6 f3f4 a5b6 f5g5 f7f6 g5h5 f6f5 h5h6 f8f7 h3h4
rn1qkbnr/pp3ppp/2p5/3p4/6b1/2NB1N2/PPPPQPPP/R1B1K2R b KQkq -,e8d7 f3e5 d7c7 e2g4 g8h6 g4g3 f8d6 d3e2 d8e7 d2d4
7k/4RQp1/1pqb2Rp/5p2/2p3P1/5P1P/P2r4/6K1 b - -,e8d7 f3e5 d7c7 e2g4 g8h6 g4g3 f8d6 d3e2 d8e7 d2d4
3r4/5b2/2p2k2/pp6/3N4/3BR3/PPK4R/5r2 b - -,f1f4 h2h6 f6g7 d4e6 f7e6 h6e6 d8c8 e3e2 f4f6 e6e7
r2qkb1r/ppp1pppp/5n2/3Pn3/2p1P3/2N1BP2/PP3P1P/R2QKB1R b KQkq -,c7c6 f3f4 e5d3 f1d3 c4d3 d1d3 g7g6 a1d1 f8h6 d5c6
r1b1R3/p4rk1/2p5/1p2p3/8/6p1/PPBRN3/2K5 b - -,g3g2 d2d8 f7f1 c1d2 a7a5 e8g8 g7f7 d8c8 a8c8 g8c8
Q5B1/2k5/8/8/3K4/8/8/8 b - -,g3g2 d2d8 f7f1 c1d2 a7a5 e8g8 g7f7 d8c8 a8c8 g8c8
8/3k1p2/r5pp/P7/2K4P/R4PP1/8/8 b - -,d7c7 c4b5 a6e6 a5a6 e6b6 b5c5 b6c6 c5d5 c6d6 d5e5
5r2/2kr1ppp/p4n2/1pp1R3/7P/5B2/PPP2PP1/2K4R b - -,c7d6 e5g5 c5c4 g5g7 h7h6 h1d1 d6e6 d1e1 e6d6 c2c3
2b1rr1k/6qp/p1p3p1/4b3/4Pp1Q/1BNR4/PPP3PP/3R3K b - -,g6g5 h4h5 g5g4 d1f1 a6a5 b3c4 c8e6 c4a6 f4f3 g2f3
6k1/4qpp1/2p4p/1p1p4/3RPP2/2P4P/R5PK/8 b - -,d5e4 a2e2 f7f5 g2g4 e7h4 g4f5 h4f4 h2g1 f4g3 e2g2
3r1rk1/pp1bnp1p/3R2p1/2B3N1/2P1P3/7P/Pb2BPP1/1R4K1 b - -,e7c8 d6d5 b2f6 c5f8 f6g5 f8c5 b7b6 c5a3 g5e7 a3e7
2r2rk1/1p3p2/p3p2p/4np2/N7/1P4P1/P3PP1P/2RRK3 b - -,f8e8 h2h3 e5c6 a4b6 c8d8 b6d7 e8e7 d7f6 g8g7 f6h5
2krr3/pp3Q2/2pbP2p/6p1/8/8/PPB3q1/1K1RR3 b - -,
rnbqkb1r/pppn1ppp/3p4/4P3/3Q4/5N2/PPP1BPPP/RNB1K2R b KQkq -,b8c6 d4d2 d7e5 b1c3 f8e7 f3e5 d6e5 d2d8 e7d8 c1e3
6k1/2p2pp1/2p1bn1p/8/3NP3/3PB3/r1P3PP/2R4K b - -,a2a6 h1g1 e6d7 d4f3 a6a5 e3f4 a5a7 c1b1 c6c5 f4e3
r7/pb2R3/2B2R2/1p6/8/4kpp1/PP6/2K5 b - -,a2a6 h1g1 e6d7 d4f3 a6a5 e3f4 a5a7 c1b1 c6c5 f4e3
r3R3/p5k1/2p5/1p2p3/6b1/4K3/PPB3p1/6R1 b - -,a8d8 e8d8 g4h3 d8a8 e5e4 c2e4 g7f7 a8a7 f7f6 a7c7
7k/4RQp1/1pq3Rp/5p2/2p3P1/5P1P/P2r3b/5K2 b - -,a8d8 e8d8 g4h3 d8a8 e5e4 c2e4 g7f7 a8a7 f7f6 a7c7
r4rk1/p1p1q3/1p3p1p/1R1p1pp1/2nPn3/P1PQPNB1/2P2PPP/4R1K1 b - -,c7c6 b5b3 c4a3 h2h4 a3c4 h4g5 h6g5 f3h2 a7a5 h2f1
rn2r1k1/1bq1bp1p/p2p2p1/4n1P1/1p1NP2Q/3BB2R/PPP1N2P/R5K1 b - -,h7h5 e2f4 e7d8 f4h5 g8f8 h5f4 f8e7 h4h7 e7d7 f4g6
6k1/5p2/3p2pp/P2P4/1PQ3P1/6qP/2P5/4rB1K b - -,h7h5 e2f4 e7d8 f4h5 g8f8 h5f4 f8e7 h4h7 e7d7 f4g6
r1b1r1k1/ppp1ppbp/n5pB/3P1q2/2BP4/P1N2N1P/1P3PP1/R1Q2RK1 b - -,e7e5 h6g7 g8g7 d4e5 e8e5 f3e5 f5e5 f1e1 e5d4 e1e4
r3k2r/2q1bpp1/p6p/2p2P2/3p3P/8/PPPBQP2/2KR2R1 b kq -,c7d7 g1g7 d7f5 d1e1 e8f8 g7g4 e7d6 c1b1 f5f6 e2e4
r4r1k/pp3p2/2n4N/q1np2p1/8/4PP2/PPQ3PP/R2K1B1R b - -,a8c8 h2h4 g5g4 c2f5 f7f6 h6f7 h8g7 f7d6 a5a4 b2b3
r1b2rk1/2qnbppp/2p1p3/p1ppP3/N1P2P2/1P1P1N2/P5PP/R1BQ1RK1 b - -,f7f6 c1b2 f6f5 b2a3 d7b6 a4c5 c7a7 f1f2 b6c4 d3c4
r1b1R3/p5k1/2p5/1p2p3/8/6p1/PPB1N3/2KR1r2 b - -,c8g4 d1f1 a8e8 e2g3 a7a5 g3f5 g4f5 f1f5 e8e6 c1d2
8/5p2/4k3/1p3p1P/p2K1P1P/P7/1P6/8 b - -,e6f6 d4c5 f6g7 c5b5 g7h6 b5a4 h6h5 b2b4 h5h4 b4b5
r3kbnr/pp1npppp/2p5/3pPb2/5B1N/3P4/PqPN1PPP/R2QKB1R b KQkq -,f5g4 d1b1 b2d4 g2g3 e7e6 f1g2 f8e7 h2h3 g4h5 h4f3
r4rk1/pppn1pbp/3p2p1/6q1/2B1P3/2N2Q1P/PPP2PP1/3RR1K1 b - -,a8d8 b2b4 a7a5 a2a3 c7c6 c4b3 g5e7 e1e3 a5b4 a3b4
Q5B1/8/1k6/8/2K5/8/8/8 b - -,a8d8 b2b4 a7a5 a2a3 c7c6 c4b3 g5e7 e1e3 a5b4 a3b4
6k1/1b3ppp/1q3n2/n3p3/2B1P3/1PP1QP2/5KPP/3R4 b - -,f6e4 f3e4 b6f6 f2g1 a5c4 b3c4 g7g6 d1b1 f6a6 e3b6
2r1r1k1/1p3p2/p3p2p/4np2/N7/1P3PP1/P3P2P/2RRK3 b - -,e5c6 a4b6 c8d8 b6d7 e8e7 d7f6 g8g7 f6h5 g7h7 d1d8
3r1rk1/pp1bnp1p/6p1/2B1b1N1/2P1P3/7P/P3BPP1/1R1R2K1 b - -,d7c6 c5e7 d8d1 b1d1 f8e8 d1d8 e8d8 e7d8 e5c3 e2d3
3r4/5b2/2p2k2/pp6/5r2/3BR3/PPK1N2R/8 b - -,f4f1 e2d4 f1f4 h2h6 f6g7 d4e6 f7e6 h6e6 d8c8 e3e2
6k1/2p2pp1/2p1b2p/8/3NPBn1/3P4/r1P3PP/2R4K b - -,a2a6 d4e6 f7e6 f4c7 c6c5 h2h3 g4f6 h1g1 f6d7 c7f4
3q1r1k/5Bpb/7p/1P5Q/1pR5/8/6PP/7K b - -,f8f7 c4c1 d8f8 c1g1 b4b3 h5e2 f7f2 e2f2 f8f2 b5b6
r3kb1r/ppp1pppp/2n2n2/8/2PP4/4BP2/PP3P1P/RN2KB1R b KQkq -,e8a8 d4d5 c6b4 b1a3 e7e6 d5e6 f7e6 a1d1 f8e7 f1h3
4r3/p5k1/2p5/1p2p3/6b1/4K3/PPB3R1/8 b - -,g7f8 g2g4 e8e6 g4g5 a7a5 e3e4 e6h6 g5e5 h6h2 e4d3
8/5R2/4pP2/r3P3/7k/8/8/5K2 b - -,
Q5B1/3k4/1K6/8/8/8/8/8 b - -,a5e5 f7g7 e5f5 f1e2 f5f6 g7g8 h4h5 e2d3 f6g6 g8f8
2r2rk1/1pq3p1/p1Pp3p/P2P1nn1/1P3Q2/6NP/6B1/R1R3K1 b - -,g5h3 g2h3 f5g3 f4g3 c8b8 c1f1 b7c6 g3g6 c7a7 g1h1
r4k1r/2q1bpp1/p4P1p/2p5/3p3P/8/PPPBQP2/2KR2R1 b - -,g7g6 e2f3 a8e8 f6e7 f8g7 h4h5 e8e7 h5g6 f7f6 g1h1
5r2/pp3qk1/2p2p1p/P1P1PRn1/1r6/6Q1/2B3P1/5R1K b - -,f7h5 h1g1 b4g4 g3h2 h5h2 g1h2 g4h4 h2g3 h4c4 e5f6
rq3rk1/3n1ppp/8/2p5/1P2b3/1QN4P/B4PPb/R1B2R1K b - -,e4d3 f1d1 c5b4 c3d5 h2e5 d5e7 g8h8 e7c6 b8b5 c6e5
rnbqkb1r/pp1n1ppp/3p4/2p1P3/Q7/5N2/PPP1BPPP/RNB1K2R b KQkq -,d6e5 f3e5 f8e7 e1h1 e8h8 f1d1 e7f6 e5g4 b8c6 g4f6
8/5p2/5k2/1pK2p1P/p4P1P/P7/1P6/8 b - -,d6e5 f3e5 f8e7 e1h1 e8h8 f1d1 e7f6 e5g4 b8c6 g4f6
r3kb1r/pp1n1ppp/8/2pp4/5B2/4P3/PPPN1PPP/R2Q1RK1 b kq -,f8e7 g1h1 e8h8 d2f3 d7b6 f4g5 e7d6 f1e1 f8e8 g5f4
6k1/p4r1R/4pPn1/q1bpP3/2p5/p1P3Q1/2PB4/R4K2 b - -,g8h7 f1e2 f7g7 a1h1 h7g8 f6g7 a5c7 g3g6 c7e5 e2d1
r3r3/1p1qnppk/p1pp1n1p/2b1pP2/4N3/2PP1Q1P/PPB2PP1/R1B1R1K1 b - -,e7g8 e4c5 d6c5 g2g4 a8d8 h3h4 h7h8 c1e3 b7b6 a2a3
r1b5/pp3N2/4p3/3k3P/1p1p1P2/8/PP4P1/5RK1 b - -,c8d7 h5h6 d7e8 f7e5 d5e4 h6h7 e8h5 g2g4 a8h8 g4h5
2b1rr1k/6qp/p1p2bp1/8/4PQ2/1BNR4/PPP3PP/3R3K b - -,f6c3 f4e3 c3e5 a2a4 g7e7 a4a5 c8g4 d1e1 f8f6 b3c4
r5k1/p6p/1n1Pp1p1/1Np1q3/8/8/PP2QKnP/R4R2 b - -,a8f8 f2g2 e5e2 g2g1 f8f1 a1f1 e2b5 f1f2 b6d7 b2b3
5k2/1b3ppp/5n2/4p3/2P1P3/2P1KP2/6PP/1R6 b - -,b7e4 f3e4 f6d7 b1b5 f8e7 c4c5 e7e6 b5a5 d7f6 a5a6
3rr1k1/p4p1p/2p1Q1p1/8/2P1P3/1P6/P5PP/R4RK1 b - -,f7e6 a1d1 c6c5 g1f2 a7a5 f2e3 a5a4 e4e5 a4b3 a2b3
8/8/r3PK2/5P2/4k1P1/8/7P/8 b - -,e4e3 f6f7 e3f4 h2h3 a6a7 e6e7 a7d7 f7f8 d7d3 e7e8q
r2qkb1r/ppp2ppp/5n2/3p4/4PP2/2NQB3/PP3P1P/2KR3R b kq -,f8e7 h1g1 g7g6 e4e5 f6h5 c3d5 c7c6 d5e7 d8d3 d1d3
2r1r3/1p3p1k/pN2p2p/4np2/8/1P3PP1/P3P2P/2RRK3 b - -,c8c1 d1c1 e8e7 c1c8 e5c6 e1f2 h7g6 a2a3 c6a7 c8c1
1rr3k1/4bppp/p3pn2/1pN1N3/2P2P2/BP4P1/P5KP/R2R4 b - -,e7c5 a3c5 c8c5 a1c1 b5c4 c1c4 c5c4 b3c4 b8b2 g2f3
rn2r1k1/1bq1bp2/p2p2p1/4n1Pp/1p1NPN1Q/3BB2R/PPP4P/R5K1 b - -,e7g5 h4g5 c7d8 g5g3 b8c6 a1f1 c6d4 e3d4 a8c8 f4h5
3r1rk1/pR1bnp1p/5bp1/2B3N1/2P1P3/7P/P3BPP1/3R2K1 b - -,f8e8 g5f7 g8f7 d1d7 d8d7 b7d7 e8b8 d7a7 b8b1 g1h2
r6r/pp2bk2/2q1pp2/2p3Bp/7P/5R2/P3QPP1/1R3K2 b - -,a8d8 e2b2 d8d4 b2b7 c6d7 b7d7 d4d7 g5c1 h8c8 c1a3
r2qk2r/ppp1nppp/2nbp3/3p1b2/3P1P2/P2BPN2/1PP3PP/RNBQ1RK1 b kq -,f5d3 d1d3 e8h8 c2c4 d5c4 d3c4 a8c8 c1d2 c6b8 b2b4
1r4r1/2k2p2/p1pb4/4nBBp/7P/P4Pp1/1PR3K1/5R2 b - -,e5g6 f1c1 c6c5 f5g6 g8g6 c2c5 d6c5 g5f4 c7b7 f4b8
8/6pk/5p1p/p1q5/4Q3/6PP/5P2/6K1 b - -,f6f5 e4d3 c5e5 d3a6 e5e1 g1g2 e1e4 g2g1 a5a4 h3h4
8/6R1/4pP2/4r3/7k/8/8/5K2 b - -,
5r2/pp4k1/2p2p1p/P1P1PRnq/1r6/6Q1/2B3P1/5RK1 b - -,b4g4 e5f6 g7h8 g3h2 h5h2 g1h2 g4h4 h2g1 h4c4 c2b1
r4rk1/3q2p1/pp2pn1p/2p1p3/4P3/P1PPB2P/4QPP1/R2R2K1 b - -,d7d6 d3d4 c5d4 c3d4 f6e4 a1c1 e4f6 e3d2 f6d5 d4e5
r1b2rk1/pp3ppp/3q1n2/3p4/8/2PB1N1P/PP3PP1/R2QR1K1 b - -,c8d7 d3f1 d6b6 d1b3 b6c7 b3b4 f8e8 f1d3 a8c8 e1e8
3q1r1k/pp4Rp/1b1p1P2/3p4/8/5P2/PR2NP1P/7K b - -,d8f6 b2b1 f6g7 e2g3 g7c3 b1b3 c3a1 h1g2 a1a2 b3b4
2br2k1/p1p3pp/1p6/3P1pR1/B1P5/1P6/P5PP/6K1 b - -,a7a6 h2h4 g8f7 g5g3 f7f6 g3e3 b6b5 c4b5 d8d5 b5a6
8/p4r1k/4pPn1/q1bpP3/2p5/p1P3Q1/2PBK3/R7 b - -,f7g7 a1h1 h7g8 f6g7 a5c7 g3g6 c7e5 e2f3 e5g7 g6e6
r3n3/p4rk1/2p5/1p2p3/5q2/2N3R1/PPBQ4/2K4R b - -,g7f8 g3e3 a8c8 c1b1 a7a5 c3e4 c6c5 e4c3 f4g5 d2e1
r1bqkb1r/p4ppp/2p1pn2/3pP3/3Q4/5N2/PPP2PPP/RNB2RK1 b kq -,f6h5 g2g4 h5f6 e5f6 g7f6 c1f4 c6c5 d4d3 h7h5 g4h5
8/6R1/4pP2/5r2/7k/8/4K3/8 b - -,
r1b1R3/p2R2k1/2p5/1p6/5p2/2N3p1/PPB5/2K5 b - -,c8d7 e8e7 g7f6 e7d7 a7a5 c3e2 a8g8 e2f4 g3g2 f4g2
3r4/3r1ppp/pk3n2/1pp2R2/7P/5B2/PPP2PP1/2K1R3 b - -,c5c4 g2g4 h7h6 a2a4 b5a4 e1e5 d7c7 f5f4 d8d6 e5f5
6k1/8/7K/7P/BB6/P7/8/1r6 b - -,g8f7 a4c2 b1c1 c2d3 f7f6 a3a4 c1d1 d3g6 f6e6 a4a5
8/6pk/7p/p1q2p2/8/3Q2PP/5P2/6K1 b - -,a5a4 g3g4 c5c1 g1g2 c1c6 f2f3 c6g6 d3a3 g6a6 g4f5
4b1k1/p1p5/6pp/2P2p2/PP6/3r1PNP/6P1/R6K b - -,d3c3 a1d1 c3c4 d1d8 g8f7 d8a8 c4b4 a8a7 b4a4 a7c7
3rr3/pb4k1/1p2PR2/2p4p/3B2q1/1P1Q2P1/P6P/3R2K1 b - -,e8e6 f6g6 g7f8 g6g4 h5g4 d3f5 f8e7 f5h7 e7e8 h7g8
r1b1kbnr/1p3ppp/p1p1p3/4q3/4P3/3BB3/P1PN1PPP/R2Q1RK1 b kq -,c6c5 d2c4 e5c7 d1f3 b7b5 e3f4 c7d8 c4e5 c5c4 f1d1
2kr1b1r/ppp1pppp/5n2/3Pn3/2P5/4BP2/PP2BP1P/RN2K2R b KQ -,e7e6 d5e6 f7e6 b1d2 e5g6 e1a1 f8e7 d2b3 f6h5 e2d3
3r4/5Rkp/1p1P1npN/8/8/1P5P/5P2/6K1 b - -,g7h8 d6d7 f6d7 f7e7 d7e5 e7e5 d8d3 g1g2 d3b3 e5e7
3r1rk1/pR2Bp1p/2b2bp1/6N1/2P1P3/7P/P3BPP1/3R2K1 b - -,f6e7 b7e7 a7a5 e7c7 d8c8 c7a7 c8d8 d1d8 f8d8 g5f7
3r1rk1/1ppqb1pp/2nppn2/p3p3/P1N1P3/2PP1N1P/1P3PP1/R1BQR1K1 b - -,b7b6 c1d2 h7h6 b2b4 d7e8 b4b5 c6b8 d3d4 d6d5 e4d5
r4rk1/5pb1/4q1p1/p1ppn1B1/Pp1P1QPP/4P3/1P2B3/2KR3R b - -,c5d4 e3d4 e5c4 e2c4 d5c4 d1e1 e6c6 h4h5 c4c3 b2b3
r1b5/p7/2p2k2/1p6/4R3/8/PPB1N1p1/2KR1r2 b - -,f1d1 c2d1 c8e6 e2g1 a8h8 e4e2 e6d5 c1d2 h8h1 e2e1
1rr3k1/4bppp/pp2pn2/2N1N3/2P5/BP4P1/P4PKP/R2R4 b - -,e7c5 a3b2 c5e7 d1d4 b8b7 a1d1 h7h5 h2h3 b6b5 d1c1
r1b1R3/p4rk1/2p5/1p2p3/8/2N3p1/PPBK4/6R1 b - -,f7f6 c3e4 f6g6 e4g3 g6g4 g3f5 c8f5 g1g4 f5g4 e8a8
r1b5/pp6/8/3kN2P/1p1p1P2/8/PP4P1/5RK1 b - -,c8e6 f1e1 a7a5 g1f2 d5d6 h5h6 a5a4 g2g4 e6a2 g4g5
6B1/8/2K2k2/Q7/8/8/8/8 b - -,c8e6 f1e1 a7a5 g1f2 d5d6 h5h6 a5a4 g2g4 e6a2 g4g5
8/5ppk/8/p3R3/6P1/2N2P1P/P3P2K/5q2 b - -,f1f2 h2h1 f2e1 h1g2 e1c3 e5h5 h7g8 h3h4 c3b2 a2a4
q4rk1/p4ppp/2p1p3/2b5/4PQ2/8/PPPB1P1P/2K4R b - -,a8b7 h1g1 f7f6 f4f3 c5d4 c2c3 d4e5 f3g4 f6f5 e4f5
6k1/R4p1p/2p3p1/p7/2P1r3/1P6/P5PP/6K1 b - -,e4e1 g1f2 e1e5 a7a6 e5c5 h2h4 g8g7 f2e3 g6g5 h4h5
1rr3k1/p3ppbp/3pPnp1/q7/3BP1P1/p2B3P/NPPQ4/2KR3R b - -,a5a4 e6f7 g8f7 d4c3 a3b2 c1b1 f7e8 h1f1 c8c5 c3b4
8/8/8/8/8/5k2/2bK1b2/8 b - -,a5a4 e6f7 g8f7 d4c3 a3b2 c1b1 f7e8 h1f1 c8c5 c3b4
R4r1k/pp4pp/4Q1b1/3B4/8/5pP1/Pq3P1P/4R1K1 b - -,f8a8 d5f3 a8b8 h2h4 b2f6 e6f6 g7f6 e1e7 g6b1 a2a4
6k1/1p3pp1/2p4p/3p4/3RPq2/2P3PP/R6K/8 b - -,f4f3 e4d5 c6d5 a2d2 f3c3 d4d5 g7g5 d2g2 c3b4 d5d2
5rk1/pR2Bp1p/2b2bp1/6N1/2P1P3/7P/P4PP1/3B2K1 b - -,f8c8 b7a7 f6e5 d1b3 e5b8 a7a6 h7h6 g5f3 c6e4 e7d6
r2q1rk1/1pp2pp1/p2bpn1p/8/P2P4/1Q3NP1/1P2PP1P/RN1R2K1 b - -,d8d7 f3e5 d7d8 b1d2 a8b8 a1c1 c7c6 e2e3 d6c7 e5d3
5q1k/1P4p1/7p/5b2/3R1Q2/8/1pr2PPP/4R2K b - -,h8h7 b7b8q c2c1 d4d1 f8b8 f4f5 h7g8 d1c1 b2c1q e1c1
8/8/4pr2/8/7k/8/4K3/6R1 b - -,
r1bRR3/p5k1/2p5/1p2p3/8/6p1/PPBKN3/5r2 b - -,f1h1 e2g3 h1h4 d2c1 g7f6 g3e4 h4e4 c2e4 c8e6 d8a8
rnbq1rk1/1p2b1pp/p2p4/3Ppp2/2P5/2N1BP2/PP2B1PP/R2QK2R b KQ -,a6a5 e1h1 b8a6 a2a3 e7g5 e3f2 a6c5 b2b4 a5b4 a3b4
8/6pk/7p/2q2p2/p5P1/3Q3P/5P2/6K1 b - -,c5c1 g1g2 c1c6 f2f3 c6g6 d3a3 g6a6 g4f5 a6b5 h3h4
r4rk1/pp3ppp/3qbn2/3p2N1/8/2PB3P/PP3PP1/R2QR1K1 b - -,e6d7 g5f3 f8e8 d1d2 h7h6 a1d1 e8e1 d1e1 d6b6 f3e5
2r2rk1/3q2p1/pp2pn1p/2p1p3/3PP3/P1P1B2P/4QPP1/R2R2K1 b - -,e5d4 c3d4 c5c4 f2f3 b6b5 e2e1 f6h5 e1h4 d7f7 a1c1
3r4/7p/1p1P1Rpk/8/8/1P5P/5P2/6K1 b - -,h6h5 f6f7 d8d6 f7h7 h5g5 h7b7 d6d3 b7b6 d3h3 b6b8
6k1/p1pr2pp/1p6/3P1R2/2P5/1P6/P5PP/6K1 b - -,d7f7 f5f3 f7e7 g1f2 e7e5 h2h4 e5h5 g2g3 h5e5 f3e3
4R3/5ppk/8/p7/6PP/2N2P2/P3P2K/5q2 b - -,f1f2 h2h3 f2f1 h3h2 f1e1 e8c8 e1h4 h2g2 h4e1 a2a4
6B1/3K4/6k1/Q7/8/8/8/8 b - -,f7f6 h4h5 f1e1 e8c8 e1f2 h2h3 a5a4 c8c4 a4a3 c4c7
2rr2k1/1p2ppbp/pKn3p1/8/3PP3/4BN1P/P4PP1/2R4R b - -,e7e6 h1d1 c8a8 e3f4 e6e5 d4e5 d8e8 a2a4 e8e7 f4g5
rn1qkb1r/ppp2ppp/5n2/4p3/2B1N1b1/3Q4/PPPP1PPP/R1B1K1NR b KQkq -,b8c6 g1e2 d8d3 e4f6 g7f6 c4d3 c6b4 d3b5 c7c6 b5a4
r3kb1r/pp3ppp/2p1pn2/3q4/3P4/2PB3P/PP2QPP1/R1B1K2R b KQkq -,d5g2 e2f1 g2f1 h1f1 g7g6 c1d2 f8e7 a2a4 a7a5 f2f4
r6k/pp4pp/4Q1b1/8/8/5BP1/Pq3P1P/4R1K1 b - -,a8d8 e6e7 d8g8 f3d5 g8b8 h2h4 b2f6 e1e6 f6f5 e6e5
rn1qkb1r/pp4pp/3p1n2/2pPpb2/2P5/2N3P1/PP3P1P/R1BQKBNR b KQkq -,a7a6 g1f3 f8e7 f3g5 d8c8 f1d3 e8h8 d3f5 c8f5 g5e6
8/r4p2/p3pk2/1pR1np1p/7P/1P3PP1/P3PN2/4K3 b - -,e5d7 c5c8 d7b6 c8b8 b6d5 f2d3 f6g7 a2a3 a7c7 e1d2
3rr3/pb4k1/1p2PR2/2p4p/3Q4/1P4P1/P6P/3R2K1 b - -,c5d4 f6f7 g7g6 f7b7 e8e6 d1d2 d4d3 g1f2 a7a5 b7c7
8/8/4k1p1/3p1p2/p6P/2B4P/5K2/8 b - -,
3q1r1k/5Bpb/7p/1P5Q/1p6/8/6PP/6RK b - -,h7c2 h5c5 b4b3 f7c4 b3b2 c4a2 c2e4 c5e5 d8d3 e5b2
6k1/8/2B4K/7P/1B6/P7/1r6/8 b - -,b2b3 c6d7 b3g3 b4d6 g3e3 h6g5 g8f7 d6b4 e3d3 d7f5
8/2k2p2/r5pp/PK6/7P/R4PP1/8/8 b - -,a6e6 a5a6 e6b6 b5c4 b6c6 c4d5 c6d6 d5e5 d6e6 e5f4
r1b1kbnr/1pq2ppp/p1p1p3/4P3/8/3BB3/P1PN1PPP/R2Q1RK1 b kq -,c8d7 d1f3 g8e7 e3b6 c7c8 a1b1 c6c5 f1d1 e7d5 d3e4
q2r2k1/p4ppp/2p1p3/2b5/4PQ2/8/PPPB1P1P/2K3R1 b - -,c5d4 c2c3 d4c5 g1g7 g8g7 f4g5 g7h8 d2f4 c5d6 f4d6
4k3/p7/2p3B1/1p6/5rb1/2N3R1/PP6/2K5 b - -,e8d8 g6d3 a7a5 c1d2 g4e6 g3g6 d8e7 g6g7 e7d8 d2e3
r1bq1rk1/1p2b1p1/p3p2p/3pPp1Q/5P2/2PBB3/PP4PP/R3R2K b - -,a8b8 e3d4 d8e8 h5e8 f8e8 g2g4 g8f7 e1g1 e8g8 a2a4
r1b1R3/p5k1/2p5/1p2p3/8/6p1/PPBKNr2/6R1 b - -,g3g2 c2e4 g7f7 g1g2 f2g2 e4g2 f7e8 g2c6 e8e7 c6a8
8/6pk/7p/5p2/p5P1/3Q3P/5PK1/2q5 b - -,c1c6 f2f3 c6g6 d3a3 g6a6 g4f5 a6e2 g2g3 e2b5 h3h4
8/8/8/4N3/5k1p/4p3/4K3/8 b - -,
5Bk1/pb3p1p/5bp1/6N1/2P1P3/7P/P4PP1/3B2K1 b - -,h7h5 f8h6 f6g5 h6g5 b7e4 d1e2 f7f5 a2a3 g8f7 f2f3
2R5/3r1p2/p3pk2/1p2np1p/7P/1P3PP1/P3PN2/4K3 b - -,d7a7 c8h8 a6a5 h8h6 f6g7 h6h5 a5a4 g3g4 a4b3 a2b3
r1b5/p5k1/2p5/1p2R3/6r1/2N3p1/PPB5/2K3R1 b - -,a8b8 c3e4 g3g2 c2d1 g4g6 d1h5 g6e6 g1g2 g7h6 h5e8
2Q2q1k/6p1/7p/5b2/3R1Q2/8/1p3PPP/4R2K b - -,f8c8 d4b4 h8h7 b4b2 f5g6 b2d2 c8c3 f2f3 c3c6 d2d4
r3k1nr/ppp1ppbp/2n3p1/3q4/3P2b1/4PNP1/PP3PBP/RNBQK2R b KQkq -,g8f6 h2h3 g4f3 g2f3 d5d7 d1b3 a8b8 f3g2 e7e5 d4d5
r2q1rk1/pb3pp1/3b3p/n1p4Q/B7/3P4/PPP2PPP/RNB2RK1 b - -,d8b6 c1d2 a8d8 d2c3 d6f4 h5g4 f4g5 b1d2 g5f6 a1b1
r2qkbnr/pppb1ppp/4pN2/1B1P4/8/8/PPP2PPP/R1BQK1NR b KQkq -,d8f6 b5d7 e8d7 d5e6 d7e6 g1f3 f8d6 c2c4 a8d8 d1e2
rnb1r1k1/2q1bp2/p2p2p1/4nNPp/1p2PN1Q/3BB2R/PPP4P/R5K1 b - -,c8f5 e4f5 e7d8 f5g6 f7g6 f4g6 e5d3 h4h5 c7g7 h5h8
4r1k1/5pp1/8/p7/2pRP1P1/7P/P3PQK1/2q5 b - -,c4c3 d4d7 e8f8 f2c5 c1b2 g2f2 c3c2 d7c7 b2a2 c5c2
2kr1b1r/ppp1pp1p/5np1/3Pn3/2P5/2N1BP2/PP2BP1P/R3K2R b KQ -,e5d7 c4c5 e7e6 c5c6 d7b6 d5e6 f7e6 c6b7 c8b7 a1c1
r7/pb6/2p2k2/1p6/5N2/8/PPB3p1/2KR4 b - -,a8d8 f4g2 d8d1 c2d1 c6c5 g2e3 f6e5 c1d2 e5e4 d1h5
r1bR4/p4r2/2p2k2/1p6/8/2N2pR1/PPB5/2K5 b - -,f6e5 c3d1 c8b7 d8d2 a8h8 d1f2 c6c5 g3g5 e5f4 g5g4
5r2/pp4k1/2p2p1p/P1P1PRnq/6r1/8/2B3PQ/5RK1 b - -,h5h2 g1h2 g4h4 h2g1 h4c4 e5f6 g7h8 c2b1 g5h7 a5a6
3r3k/6p1/5q1p/1P6/4Q3/6KP/4B3/8 b - -,f6c3 g3g2 c3d4 e4f5 d4e3 g2f1 e3e7 e2f3 d8f8 f5d5
8/5k2/R7/6KP/5P2/8/8/1r6 b - -,f7g7 a6a7 g7g8 f4f5 b1g1 g5f6 g1h1 a7e7 h1f1 e7g7
5k2/pb3p1N/5bp1/8/2P1P3/7P/P4PP1/3B2K1 b - -,f8g8 h7f6 g8f8 e4e5 f8e7 f2f4 e7d8 g1h2 b7a6 d1b3
6k1/2pn1ppp/2p1b3/8/3NP3/3PB3/r1P3PP/2R4K b - -,
r3kb1r/pp3ppp/2p1pn2/3q4/3P4/2PB2QP/PP3PP1/R1B1K2R b KQkq -,h7h6 e1e2 e8a8 c1e3 f8e7 a2a4 d5h5 g3f3 h5f3 e2f3
2krr3/pp2PQ2/2pb3p/6p1/8/6q1/PPB5/1K1RR3 b - -,
8/7p/R6k/3n2p1/8/5KP1/7P/8 b - -,h6g7 a6a5 d5e7 a5g5 g7f6 f3g4 e7c6 g4h5 c6d8 g5a5
6k1/p1p2rpp/1p1P4/5R2/2P5/1P6/P5PP/6K1 b - -,f7f5 g2g4 f5f8 d6d7 f8d8 g1g2 d8d7 g4g5 g8h8 g2f2
4r1k1/P4pp1/7p/1Q6/3p4/6PP/q3BPK1/8 b - -,a2e6 e2f3 h6h5 a7a8q e8a8 f3a8 g7g6 h3h4 g8g7 b5c5
rq3rk1/3n1ppp/8/1Np1b3/1PQ1b3/7P/B4PP1/1RB2R1K b - -,a8a2 c4e4 b8b5 f1d1 c5b4 e4b4 b5b4 b1b4 d7f6 h1g1
2r2rk1/3q2p1/pp2pn1p/2p5/3PP3/P3B2P/4QPP1/R2R2K1 b - -,c5c4 f2f3 b6b5 e2e1 f6h5 e1h4 d7f7 d1c1 c8c7 c1c2
r5k1/p2R4/2p5/1p6/5p2/2N3p1/PPB5/2K5 b - -,g3g2 d7d1 f4f3 c3e4 g8h8 e4f2 a8e8 c2e4 c6c5 d1g1
5r2/pp4k1/2p2p1p/P1P1PRn1/6r1/8/2B3PK/5R2 b - -,g4h4 h2g3 h4c4 e5f6 g7h8 c2b1 g5e4 b1e4 c4e4 f1f4
8/R4pk1/p2rp3/1p2np1p/7P/1P2KPP1/P3PN2/8 b - -,g7f8 e3f4 f7f6 f4e3 f8g8 f2h3 e5g6 h3f4 g6f4 e3f4
2rq1rk1/pp3p1p/5Np1/3R1n2/4R3/2Q5/PP3PPP/6K1 b - -,d8f6 c3d2 c8d8 h2h3 d8d5 d2d5 f6b2 e4e1 h7h5 d5d7
3r4/5R1p/1p1P2p1/6k1/8/1P5P/5P2/6K1 b - -,g5h4 f7h7 h4g5 h3h4 g5f4 d6d7 b6b5 g1g2 b5b4 h7g7
8/5k2/R7/5K1P/5P2/8/8/6r1 b - -,g1f1 a6a7 f7g8 f5g5 f1g1 g5f6 g1c1 a7e7 g8f8 f4f5
3k4/p7/2p3B1/1p6/5rb1/P1N3R1/1P6/2K5 b - -,g4f5 g6h5 f4h4 g3g5 f5h7 c1d2 a7a5 h5f3 d8c7 g5h5
r2q1rk1/pb2n1Bp/1p2p1p1/2p5/8/2PPQ1P1/PP2NPB1/R3K2R b KQ -,a7a5 g2b7 e7f5 e3e6 g8g7 e6e5 f8f6 b7a8 d8a8 e1a1
3rr3/pppbppkp/n5p1/3P1q2/2BP4/P1N2N1P/1P3PP1/R1Q1R2K b - -,f5f6 c3e4 f6b6 c1c3 f7f6 b2b4 d7f5 e4c5 c7c6 c4a6
8/p3Qpkp/1pb5/3q1p2/r7/3P3P/5RP1/2B3K1 b - -,d5e6 c1b2 g7g6 e7f8 f7f6 f2e2 e6f7 f8d8 a4a2 d8d6
r1bq1rk1/ppp2ppp/2nb4/4p1NQ/2B5/2PP4/P1P2PPP/R1B1K2R b KQ -,c8f5 c4f7 g8h8 g5h7 f5g4 h5g4 f8f7 h7g5 h8g8 g4h5
6k1/p4r1p/4pPn1/q1bpP3/p1p5/2P5/2PBK2Q/R6R b - -,a5c7 d2f4 a4a3 h2g3 f7f6 e5f6 c7f4 g3f4 g6f4 e2f3
8/6pk/6qp/5p2/p5P1/1Q3P1P/6K1/8 b - -,a5c7 d2f4 a4a3 h2g3 f7f6 e5f6 c7f4 g3f4 g6f4 e2f3
r2R2R1/pb3r2/2p1k3/1pN5/5p2/6p1/PPB5/2K5 b - -,e6e5 g8g5 e5f6 g5f5 f6g7 c5e6 g7g6 e6f4 g6h6 d8d6
8/pb3p2/5kp1/8/2P1P3/5P1P/P5P1/3B2K1 b - -,b7c6 g1f2 g6g5 f2e3 c6d7 d1e2 d7e6 e3d4 f6g7 e2f1
r2q1rk1/1pp2pp1/p2bpn1p/4N3/P2P4/1QN3P1/1P2PP1P/R2R2K1 b - -,a8a7 e5c4 f8e8 e2e4 d6f8 a1c1 b7b6 h2h4 d8a8 b3c2
r4rk1/5pb1/4q1p1/p2pn1B1/Pp1P1QPP/8/1P2B3/2KR3R b - -,e5c4 f4f3 e6c6 f3b3 f8e8 e2f3 c4a3 c1d2 c6b6 b3d3
2r4k/3R1qpp/8/4Ppb1/1R6/3Q3P/b4PP1/6K1 b - -,f7e8 d3d6 h7h6 f2f4 a2e6 d7c7 c8d8 d6c6 e8c6 c7c6
5r2/pp4k1/2p2p1p/P1P1PRn1/7r/6K1/2B3P1/5R2 b - -,h4c4 e5f6 g7h8 c2b1 g5e4 b1e4 c4e4 f1d1 f8f7 a5a6
r7/pp6/4b3/3kN2P/1p1p1P2/8/PP4P1/4R1K1 b - -,d5d6 g1f2 e6a2 g2g4 a7a5 h5h6 a5a4 g4g5 a2g8 g5g6
8/R4p2/p2rpkn1/1p3p1p/7P/1P3PPN/P3PK2/8 b - -,f6g7 f3f4 g7g8 h3g5 f7f6 g5f3 g6f8 f3e1 f8d7 e1d3
2kr3r/ppp1ppbp/5np1/3Pn3/2P2B2/2N2P2/PP2BP1P/R3K2R b KQ -,f6h5 f4d2 e5d7 e1a1 g7e5 c1c2 h8e8 d2e3 e7e6 d5d6
8/7R/1p1r2p1/6k1/8/1P5P/5P2/6K1 b - -,d6d4 h7e7 g5f5 e7e3 d4h4 e3f3 f5e6 g1g2 h4b4 f3g3
rn1qk2r/pp3pp1/2p1pb1p/5b2/2QP4/2N1PN2/PP2BPPP/R3K2R b KQkq -,b7b5 c4b3 a7a5 b3d1 a5a4 a1c1 a4a3 b2b3 b8a6 e2d3
4R3/3R2kp/p5p1/1pP2n1q/6p1/1Q4P1/7P/6K1 b - -,a7a5 c4b3 d8c7 e1h1 b8d7 f1d1 e8h8 e2d3 f5d3 d1d3
r1b1r1k1/pp1n1ppp/2p5/q2p4/2PPn3/3BPNB1/P1Q2PPP/R4RK1 b - -,d7f8 d3e4 e8e4 h2h3 e4e8 c4c5 a5d8 f1b1 d8f6 c2d2
N4bk1/p4ppp/3p4/3P1r2/3B4/1P1b4/P2P2PP/R5K1 b - -,f5d5 d4e3 d5f5 a1c1 h7h5 a2a4 a7a5 e3f2 f8e7 c1c3
r5R1/pb3r2/2pR1k2/1pN5/5p2/6p1/PPB5/2K5 b - -,f5d5 d4e3 d5f5 a1c1 h7h5 a2a4 a7a5 e3f2 f8e7 c1c3
r4rk1/pp4p1/3qpn1p/3p4/8/2P4P/PPB2PP1/R2QR1K1 b - -,e6e5 d1d3 f8e8 a1d1 a8d8 d1d2 g8h8 d3g3 e8e7 c2g6
5r2/pp4k1/2p2P1p/P1P2Rn1/2r5/6K1/2B3P1/5R2 b - -,g7h8 c2b1 g5e4 b1e4 c4e4 g3f3 e4a4 f1d1 h8h7 f5f4
7r/pp6/4b3/3kN2P/1p1p1PP1/8/PP6/4R1K1 b - -,d4d3 g1f2 d3d2 e1d1 d5e4 d1d2 e4f4 e5g6 f4g4 g6h8
8/1pk3p1/2b2p2/p1Pp2P1/P2K3P/1B2P3/8/8 b - -,f6g5 h4g5 c6e8 b3c2 c7c6 c2d1 e8g6 d1e2 c6d7 d4d5
r1b1R3/p4r2/2pR3k/1p6/5p2/2N3p1/PPB5/2K5 b - -,h6g7 d6g6 g7h7 g6g3 c8f5 c2f5 f7f5 g3h3 h7g7 e8a8
rn2r1k1/2q1bp2/p2p2p1/4nPPp/1p3N1Q/3BB2R/PPP4P/R5K1 b - -,e7d8 f5g6 f7g6 f4g6 e5d3 h4h5 c7g7 h5h8 g7h8 h3h8
6k1/R7/5K2/7P/5P2/8/8/7r b - -,h1b1 a7e7 b1b6 e7e6 b6b2 f4f5 b2f2 e6e8 g8h7 e8d8
2kr4/pp2RQ2/2pb3p/6p1/8/6q1/PPB5/1K1R4 b - -,
5n2/R4pk1/p2rp3/1p3pNp/5P1P/1P4P1/P3PK2/8 b - -,f8d7 a2a4 b5a4 b3a4 g7g6 a4a5 g6g7 e2e4 f5e4 g5e4
r5R1/pb3r2/2p1R3/1pN1k3/5p2/6p1/PPB5/2K5 b - -,f8d7 a2a4 b5a4 b3a4 g7g6 a4a5 g6g7 e2e4 f5e4 g5e4
rnbq1rk1/1p2b1pp/p2p4/3Ppp2/2P2P2/2N1B3/PP2B1PP/R2QK2R b KQ -,b7b6 f4e5 d6e5 d5d6 e7h4 g2g3 c8b7 c3d5 h4g5 e3g5
8/8/8/K5P1/7p/5k2/5P2/8 b - -,
1r4k1/3nppb1/q2p2pp/2pP4/2n1PP1P/P1N1BQP1/1R2N1K1/7R b - -,b8b2 e3c1 c4d2 c1d2 b2d2 e4e5 d6e5 h1d1 d2b2 g2g1
8/5p2/7R/3bPP1P/2nk1K2/8/8/8 b - -,d5e4 h6a6 e4c2 h5h6 c4e3 h6h7 e3d5 f4g5 d4e5 h7h8q
2R2rk1/1q2n1p1/p2p3p/P2P2n1/1P3Q2/6NP/6B1/R5K1 b - -,g5h3 g2h3 b7c8 h3c8 f8f4 c8e6 g8h7 b4b5 a6b5 a5a6
r1bqk1nr/4ppbp/p1p3p1/3p4/3P4/2PB4/PP3PPP/RNBQ1RK1 b kq -,a6a5 c1f4 g8f6 f1e1 e8h8 b1d2 f8e8 h2h3 c8a6 d3a6
8/1pk3p1/2b5/p1Pp2P1/P2K4/1B2P3/8/8 b - -,c6e8 b3c2 c7c6 c2d1 e8g6 d1e2 c6d7 d4d5 g6f7 d5e5
8/8/8/6p1/1K4P1/5k1P/5P2/8 b - -,
6k1/p4r1p/4pPn1/q1bpP3/p1p5/2P3Q1/2PB4/R4K1R b - -,a5c7 d2f4 c5e7 f1e1 e7f6 e5f6 c7f4 g3f4 g6f4 h1h6
6k1/p4rpp/1p6/8/2P5/1P6/P5PP/4Q1K1 b - -,f7f6 e1e8 f6f8 e8e6 f8f7 e6c8 f7f8 c8b7 h7h6 b7a7
r4Nk1/ppp3pp/1bbq1n2/3p1P2/3Pp3/1QP5/PP3PPP/RNB1R1K1 b - -,f6g4 g2g3 d6f8 e1e4 f8f5 e4f4 f5h5 f4g4 h5g4 c1e3
2kr3r/pppnppbp/5np1/3P4/2P2B2/2N2P2/PP2BP1P/2KR3R b - -,f6e8 c3e4 e8d6 h2h4 d6f5 h4h5 h7h6 e2f1 g6g5 f1h3
8/7R/1p4p1/6k1/1P6/3r3P/5P2/6K1 b - -,
4r1k1/5pp1/5P2/p7/2pR4/2q2P1P/P3PQK1/8 b - -,c3b2 d4e4 e8e4 f3e4 b2e5 f2f3 c4c3 f3g4 e5f6 g4c8
N4bk1/p4ppp/3p4/3r4/8/1P1bB3/P2P2PP/R5K1 b - -,d5f5 a2a4 a7a5 a1c1 h7h5 e3f2 f8e7 c1c3 d3b1 a8b6
6k1/2pn1ppp/2p1b3/8/4PB2/3P1N2/r1P3PP/2R4K b - -,d7f8 f4c7 c6c5 h2h3 h7h6 f3d2 e6d7 d2c4 f8e6 c7d6
r1bqk2r/4ppbp/p1p2np1/3p4/3P1B2/2PB4/PP3PPP/RN1Q1RK1 b kq -,e8h8 f1e1 f8e8 b1d2 a6a5 h2h3 c8a6 d3a6 a8a6 a2a4
n7/p1r3pp/Pp1Npkb1/8/2B5/5P2/1P2K1PP/3R4 b - -,h7h6 b2b3 c7c5 d6b5 a8c7 b5c7 c5c7 d1d6 g6f7 d6d8
r2qkbnr/ppp1ppp1/2n5/3p1b2/3P1P1p/2N1PN1P/PPP3P1/R1BQKB1R b KQkq -,e7e6 f1d3 g8f6 e1h1 f8b4 c1d2 f6e4 d3e4 d5e4 f3e5
r2qk2r/ppp1bppp/2np1n2/4p3/PP2P1b1/2PP1N2/4BPPP/RNBQK2R b KQkq -,d6d5 h2h3 g4h5 b1d2 a7a6 c1b2 e8h8 e1h1 f8e8 b4b5
2R5/5ppk/8/p7/6Pq/2N2P2/P3P1K1/8 b - -,h4h6 c8c4 h6c1 a2a4 c1e1 c4c8 g7g6 c8c4 h7g7 c4c5
5r1k/pp6/2p2P1p/P1P2Rn1/2r5/6K1/6P1/1B3R2 b - -,g5e4 b1e4 c4e4 f1b1 f8f7 b1b7 f7b7 f6f7 b7f7 f5f7
2kr4/pp2b3/2p1Q2p/6p1/8/6q1/PPB5/1K1R4 b - -,
r7/pp6/3kb3/4N2P/1p1p1P2/8/PP3KP1/4R3 b - -,e6a2 g2g4 a2b3 h5h6 a7a5 h6h7 a8h8 e1h1 a5a4 e5g6
r5rk/pp1q1p1p/2nbpp2/1B1p4/3P4/2P2NP1/PP3P1P/R2QR1K1 b - -,a8c8 e1e2 a7a6 b5c6 d7c6 d1d2 g8g4 d2h6 g4g6 h6h4
8/R2n1pk1/p2rp3/1p3pNp/4PP1P/1P4P1/P4K2/8 b - -,f5e4 g5e4 d6d4 e4g5 d4d2 f2e3 d2d6 g5e4 d6d1 e4f2
2r2rk1/pp3ppp/2np2q1/1Nb1p2b/2B1P3/3P1N1P/PPP2PP1/R2Q1RK1 b - -,a7a6 b5c3 c6d4 g2g4 h5g4 f3h4 g4d1 h4g6 h7g6 f1d1
6r1/pb6/8/1pp1k3/8/8/PPBK2N1/6R1 b - -,b7g2 a2a3 a7a5 c2d3 b5b4 a3b4 c5b4 d3c4 g8g3 c4f1
8/5p1R/7p/3bPP1P/2nk1K2/8/8/8 b - -,c4e3 h7h6 e3g2 f4g5 d4e5 h6a6 g2f4 h5h6 f7f6 g5g4
r2q3r/pp4k1/1nnb2p1/3p4/1PP3b1/5N2/PB1Q1PPP/RN2R1K1 b - -,g7f8 b2h8 f8f7 f3g5 f7g8 c4d5 b6c4 d2c3 c6e5 h8e5
8/R2n1pk1/p2rp3/1p5p/4NP1P/1P4P1/P4K2/8 b - -,d6d4 f2e3 d4d1 e4f2 d1d6 g3g4 d7f6 g4h5 d6d5 h5h6
2r2rk1/1Pq1n1p1/p2p3p/P2P2n1/1P3Q2/6NP/6B1/R1R3K1 b - -,c7d7 b7c8q e7c8 f4g4 d7g4 h3g4 c8e7 c1f1 f8b8 a1b1
8/6pk/7p/8/8/6Q1/1pr2qPP/3RR2K b - -,f2f5 h2h3 h6h5 h1h2 c2f2 d1b1 f5f6 g3e5 h7h6 e5e3
rnbqkb1r/1p1p1pp1/p2Pp2p/2p1P3/8/5N2/PPP2PPP/RN1QKB1R b KQkq -,b8c6 d1e2 g7g5 g2g4 b7b5 h1g1 c8b7 b1d2 f8g7 h2h4
2R5/5ppk/8/p7/P5P1/2N2P2/4P1K1/4q3 b - -,h7h6 c8h8 h6g6 h8c8 g6h7 c8c5 g7g6 c5c8 h7h6 c8c7
8/5R2/1p4p1/6k1/1P6/1r5P/5P2/6K1 b - -,
6k1/p1q2r1p/4pPnR/2bpP3/p1p5/2P3Q1/2PB4/R4K2 b - -,f7f6 f1e2 f6f2 e2e1 c7f7 h6h1 f7f5 e1d1 a4a3 h1e1
2r1r3/1p1k1pp1/p2Pp3/P3Pn1p/2qN1Q1P/6P1/1P3P2/3R1RK1 b - -,e8d8 f4f3 d7e8 d4f5 e6f5 f3f5 c4g4 f5h7 e8d7 h7d3
rnbq1rk1/1p2b1pp/p2p4/3P1p2/2P2B2/2N5/PP2B1PP/R2QK2R b KQ -,f8e8 e1h1 b8d7 g1h1 b7b6 e2d3 g7g6 d1d2 d7e5 a1e1
2kr3r/pp1nppbp/5np1/2pP4/2P1NB2/5P2/PP2BP1P/2KR3R b - -,f6h5 f4e3 b7b6 e4g3 h5g3 f2g3 h7h5 h2h4 h8e8 h1e1
3r4/5b2/2p1N2k/pp6/5r2/3B3R/PPK5/8 b - -,f7h5 e6f4 d8d6 f4h5 h6g5 h5g3 g5f4 g3e4 d6d8 h3h4
6k1/5pp1/8/p7/4N1P1/5P1P/P3PQ2/2q2n1K b - -,g7g6 e4f6 g8f8 h3h4 f1e3 h1h2 a5a4 h4h5 g6h5 f6h5
6k1/1p3pp1/2p4p/3P4/3R4/2P1q1PP/R6K/8 b - -,c6d5 d4d5 e3f3 c3c4 b7b6 d5d8 g8h7 d8d2 f7f6 d2f2
2rr2k1/pp2ppbp/2n3p1/1K6/3PP3/4BN1P/P4PP1/2R4R b - -,g7d4 f3d4 c6d4 e3d4 c8c1 h1c1 d8d4 c1c7 d4d2 a2a3
4R3/3R3p/p5pk/1pP2n1q/6p1/2Q3P1/7P/6K1 b - -,f7f5 d4d5 f5e4 d5c6 b7c6 c1c6 c8b8 b5a6 e4f3 g2f3
3r4/7p/1p1PR1p1/6k1/8/1P5P/5P2/6K1 b - -,g5f4 d6d7 d8d7 e6b6 d7d4 g1f1 f4g5 b6b7 h7h6 b7e7
r1b1R3/p5k1/2p5/1p2p3/4B3/8/PP1KNrp1/6R1 b - -,g7f7 g1g2 f2g2 e4g2 f7e8 g2c6 e8e7 c6a8 a7a5 a8d5
8/R2n1pk1/p2rp3/1p5p/5PPP/1P2K3/P4N2/8 b - -,d7f6 g4h5 f6h5 f2d3 h5g3 d3e5 g3f5 e3f3 f5h6 h4h5
5br1/p2k1p2/BpRp1p1p/2pP4/8/8/PPP2PPP/R5K1 b - -,f6f5 a1e1 f8e7 a6d3 g8a8 d3f5 d7d8 c6c7 d8c7 e1e7
6k1/1p3pp1/2P4p/8/3R4/2q3PP/R6K/8 b - -,b7c6 d4d8 g8h7 d8d2 f7f5 d2f2 c3e5 a2e2 e5d5 e2d2
8/1pp5/4Pkp1/1p2p3/4P2p/P4K2/1P3P1P/8 b - -,g6g5 f3g4 f6e6 g4g5 h4h3 g5g4 e6d6 g4h3 d6c5 h3g4
8/R4pk1/p2rpn2/1p5P/5P1P/1P2K3/P4N2/8 b - -,f6h5 f2d3 h5g3 d3e5 g3f5 e3f3 f5h6 h4h5 d6d2 a7a6
1rr5/p3pkbp/3p1np1/8/3BP1P1/3B3P/NpPR4/1K5R b - -,f6d7 h1f1 f7g8 d3e2 d7f6 e2f3 f6d7 e4e5 g7e5 f3d5
8/8/8/8/1N2N3/1K6/8/1k6 b - -,
6k1/5rpp/8/1P6/8/1P6/6PP/4Q1K1 b - -,f7f8 e1e6 g8h8 b5b6 g7g6 b6b7 h7h5 e6d6 h8g7 d6e7
r7/pp6/3k4/4N2P/1p1p1PP1/8/bP3K2/4R3 b - -,a7a5 h5h6 a8h8 g4g5 a2b3 e5f3 d4d3 f2e3 a5a4 e3d3
6k1/1P3pp1/7p/8/3q4/6PP/R6K/8 b - -,
r1b2rk1/pp2ppbp/2np2p1/2nN2N1/1PP1P3/4B2P/P3BPP1/R2R2K1 b - -,c5a6 b4b5 e7e6 b5a6 g7a1 d5c7 a8b8 d1a1 b7a6 e2f1
8/5p2/3P4/3b1P1P/3k1K2/8/8/8 b - -,d5f3 f4f3 d4e5 d6d7 e5f6 h5h6 f6e7 h6h7 e7d7 f3f4
4r1k1/5pp1/3R1n2/p7/4N1P1/2p2P1P/P3PQK1/2q5 b - -,f6e4 f3e4 c3c2 d6d7 e8f8 d7c7 c1d2 f2c5 c2c1q c5c1
3r4/8/2p4k/pp5b/5N2/3B3R/PPK5/8 b - -,d8d6 f4h5 h6g5 h5g3 g5f4 g3e4 d6d8 h3h4 f4e3 e4d2
2kr3r/1p1nppbp/p2P1np1/2p5/2P1NB2/5P2/PP2BP1P/2KR3R b - -,e7e6 f4e3 f6e4 f3e4 b7b6 h2h4 h7h5 h1h3 g7f6 e2f1
6k1/2pn1ppp/3p4/2bPp3/2R5/2BPPBPP/1P3P1K/3r4 b - -,d1b1 c4a4 g8f8 g3g4 h7h6 h2g2 c5b6 a4a8 f8e7 h3h4
4k3/2q1P3/5Q2/4N3/8/8/6nK/8 b - -,c7e7 f6h8 e7f8 h8h5 e8d8 h5d1 d8c7 d1c1 c7d6 c1a3
4r1k1/5pp1/5n2/p7/2pR2P1/2N2P1P/P3P1K1/2q2Q2 b - -,c1c3 f1d1 e8e2 d1e2 c3d4 h3h4 d4d5 g4g5 f6h5 e2e8
2b1nrk1/2p3bp/1pP5/1PpPp2q/2N1P1p1/2NB1pP1/2Q2P1P/R5K1 b - -,g7h6 a1a7 h6g5 d5d6 e8d6 a7c7 h5h6 c7a7 g8h8 c4d6
r1bqkb1r/pp1p1ppp/2n1pn2/2p5/1P2P3/P2P4/1BP2PPP/RN1QKBNR b KQkq -,c5b4 g1f3 b7b5 f1e2 c8b7 e1h1 a7a6 d1c1 a8c8 c1g5
8/1pp5/4k1p1/1p2p3/4P1Kp/P7/1P3P1P/8 b - -,e6f6 g4h4 c7c6 h4g4 f6e7 g4g5 e7f7 h2h4 f7g7 h4h5
r1bqk1nr/pppp1pp1/2n4p/2b1p3/2B1P1Q1/P2P4/1PP2PPP/RNB1K1NR b KQkq -,d8f6 g4f3 c6d4 f3f6 g8f6 e1d1 d7d6 f2f3 c8e6 c4e6
r2q1rk1/pp1nbppp/2p1p3/2Pp4/1P1Pb3/4PNB1/P3BPPP/R2Q1RK1 b - -,a7a6 h2h3 e4f3 e2f3 e7f6 d1c2 f8e8 a1d1 g7g6 e3e4
1Q4k1/2r1n1p1/p2p3p/P2P2n1/1P3r2/6NP/6B1/R5K1 b - -,e7c8 b8c7 g8h7 c7c8 g5f3 g1h1 f3g5 b4b5 f4f7 b5a6
4b3/1pk3p1/8/p1PK2P1/P7/1B2P3/8/8 b - -,e8f7 d5e4 f7b3 e4f5 b3a4 e3e4 c7c6 f5g4 c6c5 g4f4
r1b2rk1/pp2pp1p/2np2p1/2nN2N1/1PP1P3/4B2P/P3BPP1/R5K1 b - -,c6b4 d5b4 f7f6 g5f3 b7b6 b4d5 g8f7 f3d2 c8d7 f2f4
8/2k2p2/P3r1pp/1K6/7P/R4PP1/8/8 b - -,e6b6 b5c4 b6c6 c4d5 c6d6 d5e5 d6e6 e5f4 c7b8 a3b3
r1b1k1nr/pppp1pp1/2n2q1p/2b1p3/2B1P3/P2P1Q2/1PP2PPP/RNB1K1NR b KQkq -,c6d4 f3f6 g8f6 e1d1 d7d6 f2f3 c8e6 c4e6 d4e6 b1c3
r4rk1/p3q3/1pp2p1p/3p1pp1/1RnPn3/P1PQPNB1/2P2PPP/4R1K1 b - -,b6b5 a3a4 a7a5 b4b1 b5a4 h2h3 a4a3 b1a1 c4b2 d3e2
8/p2R4/1p2r1k1/7p/3p4/1P4P1/P6P/6K1 b - -,d4d3 d7d3 e6e2 d3d6 g6g5 d6d5 g5h6 a2a3 e2a2 d5d6
3r1rk1/pp4p1/3qpn1p/3p4/8/2P2P1P/PPB3P1/R2QR1K1 b - -,d6b6 d1d4 b6d4 c3d4 g8f7 f3f4 d8c8 a1c1 f6h5 f4f5
7Q/5p2/2bk4/5P2/5K2/8/8/8 b - -,c6d5 h8c3 d5h1 c3f6 d6c5 f6f7 h1d5 f7c7 c5b5 c7d7
6k1/pp3p1p/6p1/8/4P3/4BPP1/PP3KP1/3r4 b - -,f7f5 e4f5 g6f5 f2e2 d1b1 e3d4 g8f7 a2a3 a7a6 d4c3
r2qkbnr/ppp2pp1/2n1p2p/3p1b2/5P2/3PPNP1/PPP3BP/RNBQK2R b KQkq -,
8/8/8/2N5/1N6/1K6/8/2k5 b - -,c1d1 b4d3 d1e2 c5e4 e2e3 b3c2 e3e4 d3f2 e4f5 f2d3
r7/pp6/3kb2P/4N3/1p1p1PP1/8/1P3K2/4R3 b - -,a7a5 g4g5 d4d3 h6h7 a5a4 e1h1 d3d2 f2e2 a4a3 b2a3
8/p2r2k1/2R5/1p6/8/5p2/PPB1N1p1/2K5 b - -,a7a5 g4g5 d4d3 h6h7 a5a4 e1h1 d3d2 f2e2 a4a3 b2a3
r1b2rk1/pp2pp1p/2np2p1/1P1N2N1/n1P1P3/4B2P/P3BPP1/R5K1 b - -,e7e5 b5c6 b7c6 d5e7 g8g7 e7c6 c8d7 c6e7 a8b8 e7d5
r4r1k/2p1Nppp/3p3P/pp2p1P1/4P3/2qnPQK1/8/R6R b - -,e7e5 b5c6 b7c6 d5e7 g8g7 e7c6 c8d7 c6e7 a8b8 e7d5
5r1k/pp6/2p2P1p/P1P2R2/2r1B3/6K1/6P1/5R2 b - -,c4e4 f1f4 e4e3 f4f3 e3e4 f3b3 f8f7 b3b7 f7b7 f6f7
n7/ppr3pp/3Npkb1/P7/1PBR4/5P2/4K1PP/8 b - -,c7e7 h2h4 e6e5 d4d2 e5e4 f3f4 e4e3 d2d4 g6h5 e2e1
r1b1k1nr/pppp1pp1/5Q1p/2b1p3/2BnP3/P2P4/1PP2PPP/RNB1K1NR b KQkq -,g8f6 e1d1 d7d6 c1e3 a7a5 a3a4 c8g4 d1d2 g4d7 h2h3
r1b1k1nr/p2p1ppp/1pp2q2/2b5/2B1P3/3Q4/PPP2PPP/RNB2RK1 b kq -,b6b5 c4b3 g8h6 h2h3 a7a5 a2a4 b5b4 b1d2 e8h8 d3f3
8/6pk/6qp/5p2/p5P1/5P1P/2Q3K1/8 b - -,a4a3 c2a2 g6d6 g4f5 d6e7 h3h4 e7f8 a2b3 h7h8 g2h2
1k1r4/pp2Q3/2p4p/6p1/8/6q1/PPB5/1K1R4 b - -,
4rk2/6pp/pR3p2/P7/8/6P1/5P1P/5K2 b - -,e8e4 b6a6 e4a4 a6a7 h7h5 f1e2 a4a2 e2d3 a2f2 d3c4
5rk1/1p2r1Np/pB1p2p1/8/2Pp4/5PPb/PP3R1P/R5K1 b - -,f8c8 b6d4 b7b5 c4b5 a6b5 g3g4 b5b4 d4f6 e7f7 g7e6
rnbqkb1r/1p1p1pp1/p3p2p/2pPP3/8/2N2N2/PPP2PPP/R2QKB1R b KQkq -,d7d6 d1e2 e6d5 c3d5 c8e6 d5f4 d8d7 e5d6 b8c6 e1a1
r1bqkb1r/pppppppp/2n5/8/3P1B2/2P2N2/P1P1PPPP/R2QKB1R b KQkq -,d7d5 d1d3 g7g6 h2h4 f8g7 h4h5 c8f5 d3b5 a8b8 b5b3
8/p7/1p4k1/7p/3R4/1P4P1/P3r2P/6K1 b - -,g6g5 a2a3 e2b2 d4b4 b2a2 h2h4 g5f5 a3a4 a2b2 b4f4
8/p4n2/8/2pkb2p/1pNp3P/1P3KP1/P7/4R3 b - -,a7a6 g3g4 h5g4 f3g4 d4d3 e1e3 d3d2 c4d2 f7d6 h4h5
8/1p6/4k1p1/1pp1p3/4P2K/P7/1P3P1P/8 b - -,e6f7 h4g5 f7g7 h2h3 g7f7 h3h4 f7g7 h4h5 g6h5 g5h5
r2R3R/pb3rk1/2p5/1p6/5p2/2N3p1/PPB5/2K5 b - -,a8d8 h8d8 f4f3 d8d1 f3f2 c2e4 f2f1q d1f1 f7f1 c1d2
8/8/8/2p5/5P1k/p6P/8/3K4 b - -,c6c5 h8h7 g7f6 d8d6 f6e7 d6d7 e7d7 h7f7 d7e6 f7b7
8/6P1/8/K7/8/5k2/5P1p/8 b - -,
r1bq1rk1/4ppbp/p1p2np1/3p4/3P1B2/2PB4/PP1N1PPP/R2Q1RK1 b - -,f6h5 f4e3 e7e5 d4e5 g7e5 f1e1 d8d6 g2g3 h5g7 d2f3
r1b2r2/pp3pkp/3p2p1/nP1N2N1/n1P1P3/4B2P/P3BPP1/R5K1 b - -,a4c5 d5c7 a8b8 e4e5 b7b6 e5d6 a5b7 a1d1 h7h6 g5f3
5q1k/1P4p1/7p/5b2/3R4/1p3Q2/2r2PPP/4R2K b - -,h8h7 f3f4 c2c8 b7c8r f8c8 d4b4 f5c2 f4g3 c8f5 b4b3
8/8/8/2N5/1N6/1K6/8/1k6 b - -,
2r1q2k/1R1R2pp/8/4Ppb1/8/3Q3P/b4PP1/6K1 b - -,e8e5 d3f1 a2c4 f1b1 g5f6 d7d1 h7h6 d1e1 e5f4 b1c1
r1b1R3/p4rk1/2p5/1p2p3/8/2N3p1/PPBK4/7R b - -,c8f5 e8a8 f5c2 d2c2 g3g2 h1g1 f7f2 c2b3 b5b4 b3b4
5b2/5k2/R7/3p4/2p5/p1P4p/2P5/5K2 b - -,
8/8/r3kpp1/p6p/R5P1/5K2/5P1P/8 b - -,h5h4 f3f4 e6d6 g4g5 f6f5 f4e3 a6a8 e3d2 d6e5 d2e3
r2qkbnr/3p1ppp/p1b1p3/1p6/4P3/2NBB3/PPP1QPPP/R3K2R b KQkq -,
8/8/2N5/8/4k3/8/3K4/6B1 b - -,e4f3 g1e3 f3e4 c6d4 e4d5 d2d3 d5e5 d4e2 e5d6 e2g3
r4rk1/2p2pbp/p2p1qp1/1p5n/3BP3/1B3P2/PP3P1P/2RQRNK1 b - -,f6d4 d1d4 g7d4 c1c7 d4b2 b3d5 a8b8 c7a7 a6a5 e1b1
8/6pk/6qp/5p2/6P1/p4P1P/Q5K1/8 b - -,g6d6 g4f5 h7h8 h3h4 d6e7 g2h3 e7f8 h3g2 f8a8 g2f2
rnbqk2r/ppp2Bp1/3p1n1p/2b1N3/4P3/3P4/PPP2PPP/RNBQK2R b KQkq -,e8e7 e5g6 e7f7 g6h8 d8h8 e1h1 h8e8 d3d4 c5b6 f2f3
8/8/r3kpp1/p7/R4KPp/8/5P1P/8 b - -,e6d7 g4g5 f6f5 f4e3 h4h3 e3d2 a6a7 d2d1 a7a8 d1d2
r7/1p6/3k3P/p3N3/1p1p1PP1/8/bP3K2/4R3 b - -,a2b3 h6h7 a8h8 e1h1 a5a4 e5g6 h8a8 f4f5 a4a3 h7h8q
6R1/8/1K2p3/P4k2/1P3p2/r7/8/8 b - -,e6e5 a5a6 e5e4 g8f8 f5g4 f8e8 e4e3 a6a7 g4f3 b6b7
2r3k1/1PR1n1p1/p2p3p/P2P2n1/1P3r2/6NP/6B1/R5K1 b - -,c8c7 b7b8q c7c8 b8d6 e7d5 d6d5 g8h8 b4b5 f4f8 g3f5
rnbqk2r/1p1pbpp1/p2Pp2p/2p1P3/8/2N2N2/PPP2PPP/R2QKB1R b KQkq -,e7f8 c3e4 b7b6 c2c3 c8b7 f1d3 c5c4 d3c2 b8c6 e1h1
8/1p6/5kp1/1pp1p3/4P1K1/P7/1P3P1P/8 b - -,c5c4 h2h3 f6e6 g4g5 e6d6 g5g6 d6c7 h3h4 c7b6 h4h5
2R5/R6k/5p2/1p6/p2p4/P7/2r2PK1/8 b - -,g6g5 g4h5 c5c4 h2h3 g5g4 h5g4 f6e7 g4g5 e7d6 h3h4
8/8/r3kp2/p5p1/R3K1Pp/8/5P1P/8 b - -,e6d6 f2f4 d6e6 h2h3 a6a8 e4d4 a8a7 d4e4 a7a6 e4d4
8/6pk/3q3p/5P2/8/p4P1P/Q5K1/8 b - -,d6e7 h3h4 e7a7 g2h1 a7e3 h1g2 e3e7 g2h3 e7f8 h3g2
rnbqkb1r/pp3ppp/5P2/2p5/2p5/2p2N2/PP2QPPP/R1B1KB1R b KQkq -,e8d7 c1f4 d8f6 a1d1 f8d6 d1d6 f6d6 f4d6 d7d6 b2c3
r1b2r2/ppN2pk1/3p2pp/nP4N1/n1P1P3/4B2P/P3BPP1/R5K1 b - -,a4c5 c7a8 h6g5 e4e5 b7b6 e5d6 c8e6 a8c7 e6c4 e2c4
6k1/pp3p1p/6p1/8/4P3/5PP1/PP1B1KP1/8 b - -,g8f8 f2e3 f8e7 e3d4 e7d6 d2f4 d6e6 g3g4 a7a5 d4c5
4r1k1/5pp1/8/p7/4N1P1/5P1P/P3PK2/8 b - -,e8c8 f2e3 c8c2 a2a3 c2a2 e4c3 a2a3 e3d4 a3b3 h3h4
5q2/1P4pk/7p/5b2/3R1Q2/1p6/2r2PPP/4R2K b - -,c2c8 b7c8r f8c8 d4b4 f5c2 f4g3 c8f5 b4b3 c2b3 g3b3
3r4/8/8/5k2/3P4/2K5/8/4R3 b - -,
2b3rk/5prq/1p1p1n2/p1pP3p/P1P1NP1n/1QP3PP/4R2K/2B3RB b - -,h7f5 g3g4 h5g4 e4g5 h4f3 h1f3 g4f3 b3c2 f3e2 c2f5
N1b2r2/pp3pk1/3p2p1/nP4p1/n1P1P3/4B2P/P3BPP1/R5K1 b - -,f7f6 e3a7 c8g4 e2g4 f8a8 a7d4 a8e8 g4f3 g7f7 a1c1
r1b1kb1r/ppqn1p1p/4p3/4n3/3N2p1/2PB4/P3QPPP/RNB1R1K1 b kq -,
r1bqkb1r/1pp2ppp/p1B1pn2/3p4/2PPP3/8/PP1N1PPP/R1BQK1NR b KQkq -,b7c6 e4e5 f6d7 g1e2 d5c4 d2c4 d7b6 c4b6 c7b6 e1h1
3rr3/1p3ppk/pnp2n1p/2pqpP2/8/P1PP2PP/1PBBQP2/3RR1K1 b - -,b6d7 c3c4 d5d4 d2c3 d4d6 g3g4 b7b5 c3a5 d8b8 h3h4
r2qk1nr/ppp2pp1/2n1p2p/3p1b2/1b3P2/2NPPNP1/PPP3BP/R1BQK2R b KQkq -,g8f6 e1h1 e8h8 d1e1 f5h7 a2a3 b4c5 g1h1 f8e8 e3e4
r1b1R3/p5k1/2p5/1p2p3/8/2N1K1p1/PPB2r2/7R b - -,e5e4 c2e4 f2h2 e4c6 h2h1 c6h1 g7f7 e8h8 a8b8 h1d5
2rr2k1/1b2bpp1/pq2pn1p/1p2N3/4n2B/P1N1P2P/1PQ1BPP1/R4RK1 b - -,g7g5 h4g5 h6g5 a1d1 b6c7 e5g4 e4c3 b2c3 f6g4 e2g4
r2qkbnr/3p1ppp/p1b1p3/8/1p2P3/3BB3/PPP1QPPP/RN2K2R b KQkq -,g8f6 b1d2 f8e7 e1h1 e8h8 e3d4 a6a5 a1c1 d7d5 e4e5
rnbqkb1r/3p1ppp/2p2n2/pp2p3/4P3/2NB1Q2/PPPPNPPP/R1B1K2R b KQkq -,g7g6 h2h4 h7h5 c3d1 f8g7 c2c3 d7d5 e4d5 f6d5 d1e3
6k1/5rpp/pp6/8/P1P5/1P6/6PP/4Q1K1 b - -,g7g6 e1e6 b6b5 c4c5 g8g7 c5c6 b5a4 e6e5 g7g8 b3a4
7k/R7/5K2/5P1P/8/8/8/7r b - -,h1g1 f6e6 g1e1 e6f7 h8h7 f5f6 h7h6 a7a5 e1c1 a5d5
r7/1p6/3k3P/4N1P1/pp1p1P2/8/bP3K2/4R3 b - -,a2g8 g5g6 d6e6 h6h7 g8h7 g6h7 e6f6 e1h1 a8h8 h1h6
2b1rr1k/6qp/p1p2bp1/8/4Pp2/1BNR4/PPP2QPP/3R3K b - -,g7h6 c3e2 e8e4 e2g1 c8g4 d1f1 g4f5 d3d1 g6g5 f2c5
2b1n1k1/2pP2bp/1pP4r/1Pp1p2q/2N1P3/2NB1pPp/2Q2P2/R5K1 b - -,e8d6 d7d8q h5e8 d8c7 g7f8 g1h1 c8g4 c4e3 g4e6 c7b6
7k/1P3qp1/7p/3R1b2/8/5Q2/1p3PPP/2r1R2K b - -,e8d6 d7d8q h5e8 d8c7 g7f8 g1h1 c8g4 c4e3 g4e6 c7b6
8/8/4R3/4P3/6r1/6k1/8/6K1 b - -,
5R2/2pk2p1/1b1p1p2/3P3B/3P4/2B3PP/1Pr2PK1/8 b - -,c7c5 d5c6 d7c6 h5g6 c2c1 f8g8 f6f5 g6f5 c6d5 g8g7
r1b1r1k1/pp1qbppp/2p1pn2/3p2B1/3P1P2/3BPQ2/PPPN2PP/R4RK1 b - -,b7b6 c2c3 a7a5 f1f2 c6c5 f3h3 g7g6 h3h4 d7d8 f2f3
rnbqkb1r/1p1p1pp1/p2Pp2p/2p1P3/8/2NB1N2/PPP2PPP/R2QK2R b KQkq -,g7g6 d3e4 f8g7 h2h4 e8h8 d1e2 f7f5 e5f6 d8f6 h1h3
1r4k1/1PR1n1p1/p2p3p/PP1P2n1/5r2/6NP/6B1/R5K1 b - -,a6b5 a5a6 f4f8 c7e7 g8h7 a6a7 f8d8 a7b8q d8b8 h3h4
8/p3k2p/3pP3/2p1n3/1p1bK3/6PP/PP2R3/3N4 b - -,e5c4 e4d5 c4b6 d5c6 b6a4 g3g4 d4e5 d1e3 a4b2 c6d5
2Q2q2/6pk/7p/5b2/3R1Q2/1p6/5PPP/4R2K b - -,f8c8 d4b4 f5c2 f4g3 c8f5 b4b3 c2b3 g3b3 h6h5 b3e3
r1bqk2r/ppp1nppp/2np4/2b1p2Q/2B1P3/P1NP4/1PP2PPP/R1B1K1NR b KQkq -,e7g6 g1f3 c6d4 f3d4 c5d4 c3e2 d4c5 c1g5 d8d7 h2h4
8/p3Qpkp/1pb1q3/5p2/r7/3P3P/1B3RP1/6K1 b - -,g7h6 e7f8 h6h5 f8g7 h7h6 b2c1 e6g6 f2f5 h5h4 g7f6
6k1/r1pn1ppp/4N3/2p5/4PB2/3P4/2P3PP/2R4K b - -,c5c4 e6c7 g7g5 f4d6 c4d3 c2d3 a7a2 c7d5 f7f6 d5e7
r1bqk2r/ppppbppp/2n2n2/8/2BNPB2/8/PPP2PPP/RN1QK2R b KQkq -,f6e4 d4b5 e8h8 f4c7 e7b4 c2c3 d8h4 e1h1 b4c5 d1e2
r7/pp3pk1/3p2p1/nP4p1/n1P1P3/4B2P/P3BP2/3R2K1 b - -,a4c5 e4e5 c5e6 e3d2 b7b6 e5d6 a8d8 d2a5 b6a5 e2g4
r7/1p6/3kb1PP/4N3/pp1p1P2/8/1P3K2/4R3 b - -,d4d3 h6h7 d3d2 e1d1 e6f5 d1d2 d6e6 e5f7 f5g6 d2d8
1r5k/1P2Rbp1/7p/8/1R6/1p6/5PPP/7K b - -,h8g8 e7c7 f7e6 b4b6 e6g4 h2h3 g4f5 b6b3 g8h7 h1h2
8/1p6/5kp1/1p2p3/2p1P1KP/P7/1P3P2/8 b - -,f6e6 g4g5 e6f7 h4h5 g6h5 g5h5 f7f6 h5h6 f6e7 h6g6
8/8/r2k1p2/p5p1/R3KPPp/8/7P/8 b - -,d6e6 h2h3 a6a8 e4d4 a8d8 d4e4 d8d5 f4g5 d5g5 e4d3
8/8/2B5/pp6/k7/P3q3/K7/2R5 b - -,d6e6 h2h3 a6a8 e4d4 a8d8 d4e4 d8d5 f4g5 d5g5 e4d3
r1bqkbnr/pp3ppp/2n5/3p4/Q2N4/6P1/PP2PP1P/RNB1KB1R b KQkq -,c8d7 d4c6 d7c6 a4d4 f8e7 d4g7 e7f6 g7g4 d5d4 h1g1
6k1/r1pn1ppp/2p1b3/8/3NPB2/3P4/2P3PP/2R4K b - -,d7f6 d4c6 a7a6 c6b4 a6a7 h1g1 c7c5 f4e3 f6d7 b4d5
3r4/6kp/1p1PR1p1/8/8/1P5P/5P2/6K1 b - -,h7h5 d6d7 d8d7 e6b6 g7h6 b6b5 h6g7 b3b4 d7d3 g1g2
r1bqkb1r/2p2ppp/p1p1pn2/3pP3/2PP4/8/PP1N1PPP/R1BQK1NR b KQkq -,f6d7 g1e2 d5c4 d2c4 d7b6 c4b6 c7b6 e1h1 f8e7 e2f4
r1b1kb1r/1p1ppppp/8/4P3/1P6/8/2P1PPPP/R2QKB1R b KQkq -,a8a1 d1a1 e7e6 e2e3 f8e7 f1d3 f7f6 e1h1 e8h8 e5f6
6Q1/8/8/K7/8/5k2/5P2/7q b - -,
8/8/5pkp/8/6P1/5p1q/5P1P/1Q4K1 b - -,
r4rk1/p3q3/2p2p1p/1p1p1pp1/1RnPn3/P1PQP1B1/2PN1PPP/4R1K1 b - -,e4d2 d3f5 a7a5 b4c4 d2c4 h2h4 a8e8 f2f3 e7h7 f5h3
2krr3/1p1nppbp/p2P1np1/2p5/2P1NB2/5P2/PP2BP1P/2KRR3 b - -,f6e4 f3e4 e7d6 e2g4 g7f8 f4g5 f8e7 g5e7 e8e7 d1d6
3R3k/1P3qp1/7p/5b2/8/5Q2/2r2PPP/1q2R2K b - -,h8h7 e1b1 c2d2 d8d2 f7e6 b7b8q f5e4 f3g3 e6e7 b1e1
2q5/6pk/7p/5b2/1R3Q2/1p6/5PPP/4R2K b - -,f5c2 f4g3 h6h5 b4b3 c2b3 g3b3 c8f5 b3g3 h7h6 h2h3
r1b5/p5k1/2p5/1p2R3/8/2N1K1p1/PPr5/7R b - -,c2c3 b2c3 g7f6 e5e8 g3g2 h1g1 c8b7 e8a8 b7a8 g1g2
4q2k/1R1R2pp/8/4Ppb1/8/3Q3P/b4PPK/2r5 b - -,e8e5 g2g3 g5f6 d3d2 c1a1 b7a7 a2g8 a7a1 e5a1 d7c7
r1bq1rk1/1p1n1ppp/2n5/p3p3/1bPp4/1P1P1NP1/P1NB1PBP/1R1QR1K1 b - -,
r1bqkb1r/1p1p1pp1/p1nPp2p/2p1P3/4B3/2N2N2/PPP2PPP/R2QK2R b KQkq -,g7g5 e4c6 b7c6 h2h4 g5g4 f3d2 f8g7 d1e2 a6a5 f2f4
1Q5k/5qp1/7p/5b2/3R4/5Q2/1p3PPP/2r1R2K b - -,h8h7 d4d1 b2b1q b8b1 c1b1 d1b1 f7g6 b1b8 g6g4 f3g4
4N2K/rr6/7k/4p2P/8/5N2/8/4R3 b - -,b7f7 h8g8 f7f3 e1e5 f3f1 e5e2 h6h5 e8g7 h5g4 e2g2
r2qk2r/1p3p1p/p1n1bp2/2bN4/4P3/1Q3N2/PP3PPP/R3KB1R b KQkq -,c5b4 f3d2 b4d2 e1d2 f6f5 d2e1 d8a5 b3c3 a5c3 b2c3
4b3/1pk3p1/8/p1PB2P1/P2K4/4P3/8/8 b - -,e8a4 e3e4 b7b6 e4e5 b6c5 d4c5 a4c2 e5e6 a5a4 d5c4
8/8/8/K5p1/6PP/5k2/5P2/8 b - -,
r1b2rk1/pp2Np1p/3p2p1/nP4N1/n1P1P3/4B2P/P3BPP1/R5K1 b - -,g8h8 a1d1 h7h6 e3d4 f7f6 e7g6 h8g7 g5h7 g7h7 g6f8
2R5/8/8/1kbK4/2p5/p1P5/2P5/8 b - -,
r1bq1rk1/pp2ppbp/2n2np1/2pp4/2P5/3P1NP1/PP1NPPBP/1RBQ1RK1 b - -,d5d4 f3g5 d8c7 d2e4 f6d7 g5h3 e7e6 e2e3 a8b8 h3f4
r1bq1rk1/ppp1nppp/2np4/2b1p2Q/2B1P3/P1NP1N2/1PP2PPP/R1B1K2R b KQ -,d8e8 c3b5 c5b6 c1e3 a7a6 b5d6 b6a5 b2b4 a5b4 a3b4
6R1/8/PK6/4p3/1P4k1/r4p2/8/8 b - -,
3r4/4Rk1p/1p1P2p1/8/8/1P5P/5P2/6K1 b - -,f7g8 d6d7 g8f8 e7h7 f8g8 h7e7 g8f8 e7e8 d8e8 d7e8q
rn2kb1r/pppq1pp1/3p1n1p/4p3/2B1P1b1/3P1NQP/PPP2PP1/RNB1K2R b KQkq -,g4e6 b1c3 b8c6 c1e3 e8a8 e1a1 g7g6 c4e6 d7e6 d3d4
3q1rk1/p2bpp2/3p1bp1/1pr1n2p/3NP1PP/1BN2P2/PPPQ4/1K1R3R b - -,a7a5 g4h5 a5a4 b3d5 e7e6 h5g6 e6d5 h4h5 c5c3 b2c3
r1b1R3/p5k1/2p5/1p2p3/8/2N3p1/PPB2r2/2K4R b - -,f2c2 c1c2 c8f5 c2c1 a8e8 h1g1 g7f6 g1g3 e8h8 b2b4
r2q1rk1/ppp2Npp/2nb4/4pb1Q/2B5/2PP4/P1P2PPP/R1B1K2R b KQ -,d8d7 h5f5 d7f7 f5e4 c6e7 a1b1 f7c4 e4c4 g8h8 c4e4
4b3/1pk3p1/8/p1Pp2P1/P2K4/4P3/2B5/8 b - -,c7c6 c2d1 e8g6 d1e2 c6d7 d4d5 g6f7 d5e5 f7b3 e2b5
r1b5/p5k1/2p5/1p2R3/8/2N1K1p1/PP5r/6R1 b - -,g7f6 e5e8 f6f7 e8d8 g3g2 c3e4 h2h3 e3d4 h3h4 g1g2
8/8/4pRp1/4P3/5r1P/6k1/8/4K3 b - -,
1rr3k1/5ppp/p3pn2/1pB1N3/2P2P2/1P4P1/P5KP/R2R4 b - -,c8c5 d1d6 b5c4 e5c4 b8a8 a1d1 f6d5 c4b6 a8e8 b6d5
r4rk1/p3q3/2p2p1p/1p1p1pp1/2RP4/P1PQP1B1/2Pn1PPP/4R1K1 b - -,d2c4 d3f5 a8e8 f2f3 e7h7 f5d3 f6f5 h2h4 g5h4 g3h4
r5b1/1p6/3k2PP/4N3/pp1p1P2/8/1P3K2/4R3 b - -,d6e6 h6h7 g8h7 g6h7 e6f5 f2f3 a8h8 e1h1 f5f6 h1h6
8/6pk/5P1p/8/1q6/p4P1P/Q5K1/8 b - -,g7f6 a2f7 h7h8 h3h4 h6h5 g2h3 b4c5 h3g2 c5d6 g2f1
1r5k/1P2R1p1/1R5p/3b4/8/1p6/5PPP/7K b - -,h8h7 h2h3 h6h5 e7c7 b3b2 b6b2 h7g6 b2b5 d5e4 b5b6
8/8/8/8/8/3b1k2/3b3K/8 b - -,h8g8 h2h3 g8h7 e7d7 d5c4 d7c7 c4d5 h1h2 d5e4 b6b3
r2R4/pb3r2/2p5/1pN1k1R1/5p2/6p1/PPB5/2K5 b - -,h8g8 h2h3 g8h7 e7d7 d5c4 d7c7 c4d5 h1h2 d5e4 b6b3
r1bq1rk1/1p2ppbp/2n2np1/p1p3N1/2Pp4/P2P2P1/1P1NPPBP/1RBQ1RK1 b - -,f6d7 f2f4 h7h6 g5h3 d7f6 h3f2 d8c7 d2e4 b7b6 c1d2
3R4/1P3qpk/7p/5b2/8/5Q2/2r2PPP/1R5K b - -,c2b2 b1b2 f7e6 f3c3 e6a6 d8d1 f5e4 b7b8q a6g6 b8g3
1r6/2k2p2/p1pb4/4n1Bp/4BP1P/Pr4p1/1PR3K1/5R2 b - -,e5g4 c2c6 c7d7 f1c1 g4e3 g2g3 b8e8 c1c3 b3c3 c6c3
r1b1R3/p7/2p2k2/1p6/8/2N1K1p1/PP5r/6R1 b - -,f6g6 g1g3 g6f7 g3g8 c8b7 e8a8 b7a8 g8a8 h2b2 a8a7
8/5k2/p2R4/PprP1p1r/5R2/2P3K1/1P6/8 b - -,h5g5 g3f3 g5h5 f4d4 f7e7 d6a6 e7d7 d5d6 c5c8 a6b6
rnbq1r1k/1pp2pp1/p2p3p/P2Pp1b1/4P3/2PB4/1P1N1PPP/R1BQR1K1 b - -,f7f5 c3c4 f5e4 d2e4 g5c1 a1c1 c8f5 c4c5 f5e4 d3e4
4b3/1p4p1/2k5/p1Pp2P1/P2K4/4P3/8/3B4 b - -,e8g6 d1e2 c6d7 d4d5 g6f7 d5e5 f7b3 e2b5 d7e7 c5c6
r2qkb1r/3p1ppp/p1b1pn2/8/1p2P3/3BB3/PPPNQPPP/R3K2R b KQkq -,f8e7 e3d4 e8h8 e1h1 d7d5 e4e5 f6e4 f2f4 e4d2 e2d2
r1b1R3/p5k1/2p5/1p2p3/8/2N3p1/PPB2r2/3K3R b - -,c8g4 d1e1 a8e8 h1g1 f2c2 g1g3 e8h8 g3g4 g7f6 g4g1
1r5k/6p1/7p/1q6/4Q3/5B1P/5K2/8 b - -,b5b2 f2g3 b2b1 e4d4 b1b6 d4e4 b6g1 f3g2 b8b3 g3g4
2b3rk/5pr1/1p1p1n2/p1pP3p/P1P2P1n/1QP3PN/4R2K/2B3RB b - -,b5b6 f2g3 b6g1 f3g2 b8b3 g3g4 g1e3 e4a8 h8h7 a8e4
r1bq1rk1/ppppbppp/2n2n2/3P4/2P5/P1N5/1P3PPP/R1BQKBNR b KQ -,c6e5 g1f3 e7d6 f1d3 e5d3 d1d3 f8e8 c1e3 f6g4 e1h1
r1bq1rk1/1p1n1ppp/2n5/p3p3/2Pp4/1P1P1NP1/P1NQ1PBP/1R2R1K1 b - -,f7f6 a2a3 d7c5 b3b4 c5a4 b1c1 d8d6 c4c5 d6d7 b4b5
r1b2rk1/1pq1ppbp/2n2np1/p1p3N1/2PpN3/P2P2P1/1P2PPBP/1RBQ1RK1 b - -,f6d7 g5h3 h7h6 h3f4 e7e6 b2b4 a5b4 a3b4 c6b4 e2e3
1r6/1P2R1pk/1R5p/3b4/8/1p5P/5PP1/7K b - -,d5c4 e7c7 c4d5 b6b5 d5e6 h1h2 h6h5 b5b6 e6d5 h2h1
7k/1R1R2pp/8/4qpb1/8/3Q2PP/b4P1K/2r5 b - -,g5f6 d3d2 c1a1 b7a7 a2g8 a7a1 e5a1 d7c7 a1a6 d2c1
8/1p4p1/2k3b1/p1Pp2P1/P2K4/4PB2/8/8 b - -,
7k/1P3qp1/7p/5b2/3R4/8/5QPP/1R5K b - -,g6c2 f3d5 c6c7 e3e4 c2a4 e4e5 b7b6 c5b6 c7b6 d5f7
rn1qk2r/ppp2ppp/4pn2/3p4/1b3PP1/2N1PQ1P/PPPP4/R1B1KB1R b KQkq -,
5R2/P7/1K6/4p3/1P4k1/r4p2/8/8 b - -,
6R1/b7/8/1k1K4/2p5/p1P5/2P5/8 b - -,a3a2 g8g5 a2a1q d5d6 b5b6 d6e6 a1c3 g5e5 c3c2 e6f6
2q3k1/p4p1p/4b1p1/Pp3p2/3RrN1P/1P2B1Q1/5PP1/6K1 b - -,e4d4 e3d4 c8d8 f4e6 f7e6 g3e5 d8e7 e5h8 g8f7 h8h7
r1b2rk1/1pq1ppbp/2n3p1/p1p5/2PpN3/P2P2P1/1P2PPBP/1RBQ1RK1 b - -,c6b8 b2b4 c5b4 a3b4 a5b4 b1b4 f7f5 e4d2 b8a6 b4b5
r1bR4/p4k2/2p5/1p6/8/2N1K1p1/PP5r/6R1 b - -,g3g2 c3e4 h2h3 e3d4 h3h4 g1g2 h4e4 d4e4 c8f5 e4f5
r1b1r1k1/p1q1bp1p/1p2pnp1/2ppN1B1/3P1P2/2PBP2Q/PP4PP/R4RK1 b - -,a7a5 e5f7 c5c4 d3c2 a5a4 f7h6 g8g7 g5f6 e7f6 h6g4
1rr2k2/p3pPbp/3p1np1/8/qP1BP1P1/p2B3P/N1PQ4/2KR3R b - -,a4b3 c2c3 f6d7 d2c2 g7h6 d1d2 d7c5 d4c5 b3c2 c1c2
4q1k1/1p3p1p/2n2Qp1/1pPR1P2/5r2/6RK/PP1N1p1P/4r3 b - -,a4b3 c2c3 f6d7 d2c2 g7h6 d1d2 d7c5 d4c5 b3c2 c1c2
r1b1R3/p5k1/2p5/1p2p3/8/6p1/PPBKNr2/7R b - -,f2e2 d2e2 c8g4 e2e1 a8e8 h1g1 g7f6 g1g3 g4f5 g3c3
r2q1rk1/pp3p1p/2p1p1p1/3n2P1/3P3Q/2PB3P/PP4P1/4RRK1 b - -,c6c5 h4h6 c5d4 e1e4 f7f5 g5f6 f8f6 f1f6 d8f6 e4h4
r1b2rk1/2q1ppbp/1pn3p1/p1p5/2PpN3/P2PP1P1/1P3PBP/1RBQ1RK1 b - -,c8b7 f1e1 f8d8 e3d4 c6d4 c1e3 h7h5 h2h4 a8a7 g1h2
1r6/1PR3pk/1R6/3b3p/8/1p5P/5PP1/7K b - -,b3b2 b6b2 d5e4 b2b4 e4d5 h1h2 h5h4 b4h4 h7g6 h4b4
8/5Ppk/7p/8/8/5P1P/1p4K1/8 b - -,
r4rk1/p3q3/2p2p1p/1p1p1Qp1/2nP4/P1P1P1B1/2P2PPP/4R1K1 b - -,a8e8 f2f3 e7h7 f5h7 g8h7 e3e4 d5e4 f3e4 f6f5 e4e5
r1bq1rk1/1p4pp/2n2p2/p1n1p3/1PPp4/P2P1NP1/2NQ1PBP/1R2R1K1 b - -,c5a4 f3h4 a4c3 b1a1 a5b4 a3b4 a8a1 e1a1 g7g5 h4f3
8/8/r7/4K3/4PP2/2k5/6PP/8 b - -,a6a3 f4f5 a3a5 e5f4 c3d4 g2g4 a5e5 f5f6 e5e4 f4f5
2q3k1/1p3p1p/2n2Qp1/1pPR1P2/5r2/6R1/PP1N1pKP/4r3 b - -,c8e8 d5e5 e1g1 g2h3 e8e5 f6e5 c6e5 f5g6 h7g6 g3g2
r1b3R1/p3k3/2p5/1p6/8/2N1K1p1/PP5r/6R1 b - -,e7d6 c3e4 d6c7 g1g3 h2b2 g3g7 c7b6 e4d6 b6c5 d6c8
r5b1/1p5P/4k1P1/4N3/pp1p1P2/8/1P3K2/4R3 b - -,g8h7 g6h7 e6f6 e1g1 a8h8 g1g6 f6f5 g6h6 f5f4 e5f7
r5k1/1p3ppp/pb2pn2/4N2r/2P5/1P6/1B3PPP/3RR1K1 b - -,b6c7 e5d7 h5f5 d7f6 g7f6 g2g4 f5f4 d1d7 f4g4 g1h1
6k1/2pn1ppp/3p4/2bPp3/2R5/2BPP1PP/1P3PBK/r7 b - -,d7b6 c4h4 b6a4 b2b4 a4c3 b4c5 d6c5 h4c4 c3a4 d3d4
1r5k/6p1/7p/5Q2/1q6/5B1P/5K2/8 b - -,b4d4 f2f1 d4b2 f5e6 b2b3 e6g4 b3c2 f3e2 b8f8 f1g2
8/p5pp/1n1Npkb1/2r5/1R6/1B3P2/1P1K2PP/8 b - -,c5h5 h2h3 h5c5 h3h4 c5c6 d6b5 a7a5 b4f4 f6e5 d2e3
r2q1rk1/1b3ppp/p1nbpn2/1p6/1P6/P1NBPN1P/1B3PP1/R2Q1RK1 b - -,c6e5 f3e5 d6e5 f2f4 e5d6 d1e2 d8e7 e3e4 e6e5 a1e1
3R2k1/1p3p1p/2n2Qp1/1pP2P2/5r2/6RK/PP1Nqp1P/4r3 b - -,d6b8 c3e4 c6e5 e4f6 g7f6 f3e5 b8e5 b2e5 f6e5 a1c1
8/1p4p1/2k5/p1PB2P1/P2K4/4P3/2b5/8 b - -,
r1b2rk1/2q1ppbp/1pn3p1/p1p5/2P1N3/P2PB1P1/1P3PBP/1R1Q1RK1 b - -,c8f5 e3f4 g7e5 f4e5 c6e5 f2f4 e5c6 e4c3 a8d8 c3d5
r3k2r/1p3p1p/p1n2p2/q1bP4/8/1Q6/PP1N1PPP/R3KB1R b KQkq -,c6d4 b3e3 e8d8 e1a1 a5a2 f1c4 a2a1 d2b1 h8e8 e3c3
4rr1k/6qp/p1p2bp1/8/4Ppb1/1BNR4/PPP2QPP/5R1K b - -,g7h6 h1g1 f6e5 f2d2 h6h5 c3d1 g6g5 d1f2 g4c8 h2h3
6k1/2Bn1pp1/2p1b2p/8/4P3/3P1N2/r1P3PP/2R4K b - -,c6c5 c7d6 f7f5 e4f5 e6f5 h1g1 a2a6 d6g3 a6a2 g3f2
r2R2R1/pb3N2/2p2k2/1p6/5p2/8/PPB3p1/2K5 b - -,c6c5 g8g6 f6e7 d8d1 b7f3 f7e5 f3d1 c2d1 a8f8 g6g2
2brr3/p3P1R1/1pp5/5k2/3B2p1/1P4P1/P6P/3R2K1 b - -,e8e7 g7e7 c8a6 e7a7 a6b5 a2a4 b5e2 d1e1 d8d4 e1e2
1r6/2k2p2/p1Rb4/6Bp/4BPnP/Pr4p1/1P4K1/5R2 b - -,c7d7 f1c1 g4e3 g2g3 b8e8 c1c3 b3c3 c6c3 e8e4 g3f3
5Q2/6pk/7p/8/8/5P1P/6K1/1q6 b - -,
8/5p2/R1pk2p1/p5r1/2P2Kp1/1P5P/P7/8 b - -,g4h3 f4g5 h3h2 g5f6 h2h1q f6f7 g6g5 a6a5 h1h6 a5a8
8/8/4K3/r7/4PP2/2k5/6PP/8 b - -,
5rk1/1p4rp/p2p2p1/8/2PB4/5PPb/PP3R1P/R5K1 b - -,g7d7 a1e1 d7c7 b2b3 b7b5 c4b5 a6b5 e1a1 f8c8 d4e3
r4rk1/1bq1ppbp/1pn3p1/p1p5/2P5/P1NPB1P1/1P3PBP/1R1Q1RK1 b - -,e7e6 f1e1 c7e7 h2h4 h7h6 d1b3 c6e5 e3h6 b7g2 h6g7
r7/1p5P/4k3/4N3/pp1p1P2/8/1P3K2/4R3 b - -,e6f6 e1g1 a8h8 g1g6 f6f5 g6h6 f5f4 e5f7 h8h7 h6h7
5R2/P7/1K6/1P6/4p1k1/r4p2/8/8 b - -,e4e3 f8g8 g4f4 g8f8 f4g3 f8g8 g3f2 a7a8q a3a8 g8a8
r1bq1rk1/pppp1pp1/2n2n1p/P1b1p3/2B1P3/2N2N2/1PPP1PPP/R1BQ1RK1 b - -,c5b4 a5a6 b4c3 d2c3 d7d6 c4d3 b7b6 f1e1 c6e7 c3c4
R5R1/pb3k2/2p5/1p6/5p2/8/PPB3p1/2K5 b - -,g2g1q g8g1 b7a8 c2b3 f7f6 g1g8 a8b7 g8b8 b7a6 b8e8
8/8/4Q3/6k1/3K4/8/5r2/8 b - -,f2f4 d4e3 f4f6 e6h3 f6f8 h3g3 g5h5 e3e4 f8f6 e4e5
4k2Q/4q3/8/4N3/8/8/6nK/8 b - -,e7f8 h8h5 e8d8 h5d1 d8c7 d1c1 c7d6 c1a3 d6e5 a3f8
6k1/2Bn1pp1/4b2p/2p5/4P3/3P1N2/r1P3PP/2R3K1 b - -,d7f6 h2h3 c5c4 c7f4 e6d7 f4e5 f6h7 d3d4 f7f5 f3d2
1rR3b1/1P4pk/1R6/7p/8/1p5P/5PP1/7K b - -,b8b7 b6b7 g8d5 c8c7 d5b7 c7b7 h7g6 b7b3 g6g5 h1h2
r4rk1/1bq2pbp/1pn1p1p1/p1p5/2P5/P1NPBQP1/1P3PBP/1R3RK1 b - -,c7d7 f1d1 c6d8 f3e2 b7g2 g1g2 d8c6 c3b5 a5a4 e2f3
R6R/p5k1/2p1b3/1p2p3/8/2N1K1p1/PPr5/8 b - -,g3g2 e3d3 c2c3 b2c3 g2g1q h8d8 g1f2 a8a7 f2a7 d3e4
8/6pk/5P1p/8/8/p4P1P/1Q4K1/8 b - -,
r1b1kbnr/p1pp1ppp/1p4q1/3QP3/2B5/8/PPP2PPP/RNB1K2R b KQkq -,g6e6 d5a8 e6e5 c4e2 e8d8 a8f3 g8f6 b1c3 f8b4 c1f4
r2q1rk1/1b3ppp/p1nbpn2/1p6/1P6/P2BPN1P/1B1N1PP1/R2Q1RK1 b - -,a8c8 d2e4 f6e4 d3e4 d8e7 a1c1 f7f5 e4d3 e6e5 d3b1
8/8/4k1p1/3p4/p4p1P/2B2K1P/8/8 b - -,e6d6 c3d4 d6c6 f3f4 c6b5 f4e5 b5c4 d4a7 c4d3 e5d5
1Q5k/2r3p1/7p/5q2/8/8/1p3PPP/3RR2K b - -,h8h7 b8c7 h6h5 c7c4 f5g6 c4b3 g6f6 b3c2 h7h6 h2h3
2R3b1/1R4pk/8/7p/8/1p5P/5PP1/7K b - -,g8e6 c8c7 h7g6 c7c6 g6f6 b7b3 g7g5 b3b6 f6e5 c6e6
3r1rk1/1bq2pbp/1pn1p1p1/p1p5/2P5/P1NPBQP1/1P3PBP/3R1RK1 b - -,d8d7 h2h4 c6d8 f3e2 b7g2 g1g2 h7h5 d1d2 d8c6 c3b5
4kq2/8/8/4N2Q/8/8/6nK/8 b - -,e8d8 h5d1 d8c7 d1c1 c7d6 c1a3 d6e5 a3f8 g2f4 h2g3
4r1k1/5pp1/3R4/p7/4P1P1/2p4P/P3PQK1/2q5 b - -,c3c2 d6d7 e8f8 f2c5 c1b2 d7c7 c2c1r c5c1 b2e2 g2g3
6k1/2Bn2p1/4b2p/2p2P2/8/3P1N2/r1P3PP/2R3K1 b - -,e6d5 f3d2 a2a7 c7f4 a7a4 c2c4 d5c6 c1b1 a4a3 b1b3
8/1pk3p1/8/p1PB2P1/P2KP3/8/2b5/8 b - -,
r1bq1rk1/ppp2Np1/2nb3p/4p2Q/2B5/2PP4/P1P2PPP/R1B1K2R b KQ -,d8h4 f7h6 g8h7 h5h4 d6e7 h4e4 g7g6 h6f7 f8f7 c4f7
4rr1k/7p/p1p2bpq/8/4PQb1/1BNR4/PPP3PP/5R1K b - -,f6e5 f4e5 e8e5 f1f8 h6f8 h2h3 f8f1 h1h2 g4h3 d3h3
r1bq1rk1/1p4pp/2n2p2/2n1p3/1PPp4/3P1NP1/2NQ1PBP/1R2R1K1 b - -,c5e6 d2d1 c6e7 f3d2 e6g5 b4b5 g5h3 g1f1 d8e8 b1a1
8/8/4K3/r4P2/3kP3/8/6PP/8 b - -,a5c5 f5f6 d4e4 f6f7 c5e5 e6d6 e5f5 d6e7 f5e5 e7f8
4r1k1/5pp1/3N1n2/p7/3R2P1/2p2P1P/P3PQK1/2q5 b - -,e8b8 d4c4 c1d2 d6e4 f6e4 f3e4 c3c2 c4c7 b8f8 f2c5
8/1pk3p1/8/p1PBP1P1/b2K4/8/8/8 b - -,
2r2rk1/pp3ppp/2np4/1Nb1p2b/2BPP3/5NqP/PPP2PP1/R2Q1RK1 b - -,g3g6 d4c5 d6c5 c4d5 g6f6 g2g4 h5g6 f3h2 f6h4 d1f3
rnbqkb1r/p4p1p/1p2pnp1/2pp4/3P1B2/2P1PN2/PP1NBPPP/R2QK2R b KQkq -,b8c6 e2b5 c8d7 b5c6 d7c6 f3e5 c6b7 h2h4 f6d7 e5d7
4r1k1/3R1pp1/8/p7/4P1P1/2p4P/P3PQK1/2q5 b - -,g8h7 f2f7 c1g5 f7e8 c3c2 d7d5 c2c1q d5g5 c1g5 e8h5
2b2k1r/1p4pp/3P4/5p2/2B5/8/1Q2KPPP/7R b - -,g8h7 f2f7 c1g5 f7e8 c3c2 d7d5 c2c1q d5g5 c1g5 e8h5
4N1K1/r6r/7k/4p2P/8/5N2/8/4R3 b - -,h7e7 e1e5 e7e5 f3e5 h6h5 e8d6 h5g5 e5f7 g5f6 g8f8
2r2r2/pR5p/1p4pk/7n/2Pp2Q1/4qB2/PP4PP/R4K2 b - -,c8e8 b7b8 e8b8 a1e1 e3f4 e1e4 f4g4 e4g4 f8f4 g4f4
r1b1R3/p5k1/2p5/1p2p3/8/2N3p1/PPK5/7R b - -,g7g6 c2c1 g6f7 e8e5 g3g2 h1g1 b5b4 c3e4 c8h3 e5h5
2b1nrk1/2p3bp/1pPp4/1PBPp2q/4P1p1/2NB1pP1/2QN1P1P/R5K1 b - -,d6c5 d2c4 h5h3 d3f1 h3h6 a1a7 g8h8 d5d6 e8d6 a7c7
rn2kbnr/pp1b1ppp/1qp1p3/3pN3/4P3/3B4/PPPP1PPP/RNBQ1RK1 b kq -,f8d6 e5f3 e6e5 c2c4 d5e4 d3e4 g8f6 b1c3 e8h8 d2d3
2kr3r/pp2P1Q1/2p4p/2b3p1/8/3B2q1/PP4P1/1K1R3R b - -,c5e7 d3f5 c8b8 g7e7 d8e8 e7d7 e8f8 h1e1 g3c7 d7d4
3Q2k1/1p3p1p/6p1/1pP2P2/5r2/6RK/PP1Nqp1P/4r3 b - -,c5e7 d3f5 c8b8 g7e7 d8e8 e7d7 e8f8 h1e1 g3c7 d7d4
8/8/6p1/3p1k2/p2B1p1P/5K1P/8/8 b - -,f5e6 f3f4 e6e7 f4g5 e7f7 d4a1 f7e6 g5g6 d5d4 a1d4
r1bq1rk1/1p4pp/2n2p2/4p3/nPPp4/3P1NP1/2NQ1PBP/R3R1K1 b - -,c6b8 a1a3 a4b6 d2c1 a8a3 c1a3 c8f5 c4c5 b6c8 f3h4
3r4/4R2p/1p1P2p1/5k2/8/1P5P/5P2/6K1 b - -,g6g5 e7h7 d8d6 h7f7 f5e4 f7e7 e4f5 e7e3 d6d4 e3f3
6k1/3n2p1/3B3p/2p2b2/8/3P1N2/r1P3PP/2R3K1 b - -,f5h7 g1f1 a2a6 d6g3 a6a2 f3e1 h7f5 c1d1 d7f6 d1d2
5rk1/1r3pbp/1p2p1p1/p1p1n3/2P5/P1NPB1P1/1P3P1P/3RRK2 b - -,e5f3 e1e2 f3h2 f1g2 h2g4 e3f4 f8d8 f2f3 g4f6 e2d2
rn2rbk1/2q2p2/p2p4/4nPPQ/1p6/3BB2R/PPP4P/R5K1 b - -,h7h5 f1e2 e5c6 h2h4 f8a8 c3a4 a8d8 d1d2 g7f6 a4c3
8/8/4K3/r3P3/3k1P2/8/6PP/8 b - -,
r1b1kb1r/1pq1nppp/pBp1p3/4P3/8/3B4/P1PN1PPP/R2Q1RK1 b kq -,e7d5 b6c7 d5c7 d2e4 f8e7 g1h1 c7d5 c2c4 f7f5 e4d6
8/2r2p2/3k1K2/5R2/4P3/5p2/8/8 b - -,
r3R3/p5k1/2p5/1p2pb2/8/2N3p1/PP1K4/7R b - -,f5e4 e8a8 e4h1 a8a7 g7f6 c3e2 g3g2 a7c7 g2g1r e2g1
4rrk1/p3q3/2p2p1p/1p1p1Qp1/2nP1P2/P1P1P1B1/2P3PP/4R1K1 b - -,e7h7 f5h3 h6h5 f4g5 f6g5 g3e5 h7f5 h3f5 f8f5 e3e4
2q3k1/1p3p1p/2n2Qp1/1pPR1P2/5r2/6RK/PP1N1p1P/6r1 b - -,g1d1 f6g5 d1d2 g5f4 d2d5 g3f3 d5f5 f4f5 g6f5 f3f2
r7/1p5P/5k2/4N3/pp1p1P2/8/1P3K2/6R1 b - -,a8h8 g1g6 f6f5 g6h6 f5f4 e5f7 h8h7 h6h7 f4e4 f7d6
r1b1R3/p5k1/2p5/1p2p3/8/2NK2p1/PPB2r2/7R b - -,c8f5 d3e3 a8e8 c2f5 f2f5 h1g1 f5g5 c3e4 g5g6 e4g3
2r2rk1/pp3ppp/2np4/1Nb1p3/2BPP3/5bPP/PPP3P1/R2Q1RK1 b - -,d6d5 g2f3 c6d4 c4d5 d4c2 g1h1 c2a1 d1a1 f8d8 b5c3
5rk1/ppp3pp/1bbq1n2/3p1P2/3Pp3/1QP5/PP1B1PPP/RN2R1K1 b - -,f6g4 g2g3 d6d7 d2f4 d7f5 b1d2 g7g5 e1e4 f5f7 e4e2
8/1p3Qpk/2n4p/8/5p2/B4P1P/3r2P1/7K b - -,c6e5 f7f5 e5g6 h3h4 d2d1 h1h2 h7g8 f5g6 d1e1 a3b4
r3k2r/1p3p1p/p4p2/q1bP4/3n4/4Q3/PP1N1PPP/R3KB1R b KQkq -,e8d8 e1a1 a5a2 f1c4 a2a1 d2b1 h8e8 e3c3 e8e5 d1d4
6k1/r1pn1ppp/4b3/1Np5/4PB2/3P4/2P3PP/2R4K b - -,a7a6 b5c7 a6a4 h1g1 c5c4 g1f2 h7h5 f2e3 c4d3 c2d3
8/7R/1p1r2p1/5k2/8/1P5P/5P2/6K1 b - -,d6d1 g1g2 d1d4 h7f7 f5e6 f7f3 d4b4 f3e3 e6f5 g2g1
3k1q2/8/8/4N3/8/8/6nK/3Q4 b - -,d6d5 g1g2 d5b5 h7f7 f5e6 f7f3 b5b4 f3e3 e6f5 e3c3
r5k1/6p1/2q4p/p2b3P/3Bn3/4Q3/2P3P1/R4BK1 b - -,
2rr2k1/2q2ppn/p1Rp3p/P2Pp1b1/1P4P1/4B2P/3QNPK1/R7 b - -,c7b8 a1c1 g5e3 d2e3 h7f6 e3d3 b8a8 c6a6 a8d5 d3d5
5rk1/1r3pbp/1p2p1p1/p1p5/2P5/P1NPBnP1/1P2RP1P/3R1K2 b - -,f3h2 f1g2 h2g4 e3f4 h7h5 f2f3 g4h6 f4h6 g7h6 d3d4
r1b1k1nr/p1q2pbp/2p1p1p1/2pp4/N3PP2/3P1N2/PPP3PP/R1BQ1RK1 b kq -,c8a6 c2c4 d5e4 d3e4 a6c4 f1e1 a8d8 c1d2 c4d3 a4c5
2r2rk1/pp3ppp/2np4/1Nb1p3/2BPP3/6PP/PPP3P1/3R1RK1 b - -,c6d4 g1h1 d4c2 d1c1 c2e3 f1f7 f8f7 c4f7 g8f7 b5d6
4rr1k/7p/p1p2bpq/8/4Ppb1/1BNR4/PPP2QPP/5RK1 b - -,g6g5 h2h3 g4h5 f2d2 g5g4 f1f4 g4h3 f4f5 h6d2 d3d2
2rr2k1/1b2bpp1/pq2pn1p/4N3/1P2n2B/2N1P2P/1PQ1BPP1/R4RK1 b - -,d8d2 c2b1 e4c3 b2c3 d2e2 b1d3 e2b2 f1d1 b6c7 d3d4
5r1k/6p1/4R2p/pP1p4/P7/7P/Q5PK/1Nq5 b - -,f8c8 b1d2 c1c7 g2g3 c7c2 a2d5 c2a4 d5e5 a4a2 e6e8
r1bq1rk1/ppp1ppbp/2n2np1/1N1p4/8/2P2NP1/PP1PPPBP/R1BQ1RK1 b - -,e7e5 d2d3 f8e8 f1e1 h7h6 e2e4 a7a6 e4d5 f6d5 b5a3
8/8/8/2p5/Pk6/8/p7/K7 b - -,a7a6 b5d4 c6b8 d2d3 c7c5 d4b3 b8d7 a2a4 e7e5 f1e1
5rk1/1r3pbp/1p2p1p1/p1p5/2P2Bn1/P1NP2P1/1P2RPK1/3R4 b - -,h7h5 c3e4 f8d8 f4g5 d8d7 g5f4 a5a4 d1d2 b7a7 f2f3
5rk1/3R1pp1/8/p1Q5/4P1P1/2p4P/P3P1K1/2q5 b - -,c1b2 g2f2 c3c2 d7c7 b2a2 c5c2 a2c2 c7c2 a5a4 c2a2
r5k1/6p1/2q4p/p2b3P/3BnQ2/8/6P1/2R2BK1 b - -,c6d6 f4g4 e4f6 c1c8 a8c8 g4c8 d6f8 c8c7 a5a4 f1c4
3Q4/1p3pkp/5Pp1/1pP5/5r2/6RK/PP1Nqp1P/4r3 b - -,c6d6 f4g4 e4f6 c1c8 a8c8 g4c8 d6f8 c8c7 a5a4 f1c4
r1bR2R1/p4rk1/2p5/1p6/5p2/2N5/PPB3p1/2K5 b - -,g7h6 g8g6 h6h7 g6g2 c8f5 d8d1 h7h8 c2f5 f7g7 d1h1
6k1/2Bn1ppp/4b3/2p5/4P3/3P1N2/r1P3PP/2R4K b - -,a2a6 h1g1 f7f5 e4f5 e6f5 f3d2 d7f6 c7e5 f6d5 d2c4
2rr2k1/1q3ppn/p1Rp3p/P2Pp1b1/1P4P1/4B2P/3QNPK1/2R5 b - -,c8c6 d5c6 b7c7 e2g3 d6d5 d2d3 g5e3 f2e3 d8a8 d3d5
2R2B1R/K2Q1PPP/PPN1P1B1/2PN4/5pp1/2npb2p/pppn2b1/1kr1q2r b - -,d2e4 g7g8q a2a1q f8e7 c3d5 d7d5 d3d2 f7f8q d2d1q g6e4
6k1/1rNn1ppp/4b3/2p5/4PB2/3P4/2P3PP/2R4K b - -,b7b4 h1g1 c5c4 g1f2 c4d3 c2d3 b4b2 f2f3 e6b3 c7b5
r1bq1rk1/1p1n2pp/2n2p2/p3p3/1bPp4/PP1P1NP1/2NB1PBP/1R1QR1K1 b - -,b4d2 f3d2 d7c5 d2e4 c5e4 g2e4 c6e7 b3b4 a8a7 d1d2
8/5K2/8/r3P3/4kP2/8/6PP/8 b - -,
8/5pk1/p1r2p2/4pP1p/4P1PP/R2P1K2/P7/8 b - -,c6d6 g4h5 g7h6 f3e3 h6h5 a3c3 h5h4 c3c7 a6a5 c7f7
6k1/3n2p1/r6p/2p1Bb2/8/3P1N2/2P3PP/2R3K1 b - -,d7b6 e5c7 b6d5 c7g3 a6a2 f3e1 c5c4 d3c4 d5c3 g1f2
1br1r1k1/pp1b1ppp/2p2n2/8/2BP4/P1N1PR1P/1PQ3Pq/2B1RK2 b - -,c6c5 f3f6 b8g3 f6f2 c5d4 c4f7 g8h8 f7e8 c8e8 e1d1
2r4k/6p1/7p/5q2/8/8/1Q3PPP/3RR2K b - -,c8a8 e1e7 f5g6 d1e1 h8h7 e1e6 a8d8 h2h3 g6g5 b2c2
rn1qk2r/ppp1bppp/4p3/3p4/4nP2/1P2PQPP/PBPP4/RN2KB1R b KQkq -,e4g3 h1g1 g3f5 b1c3 e7h4 e1d1 h4f6 d1c1 c7c6 a2a4
2k1r2r/pp2P1Q1/2p3Bp/2b3p1/8/6q1/PP4P1/1K1R3R b - -,g3c7 g6e8 h8e8 h1e1 c5e7 d1d2 e8d8 e1e7 c7e7 g7e7
r1bqk2r/ppp2ppp/3p1n2/n1b1p3/1P2P3/P1NP4/B1P2PPP/R1BQK1NR b KQkq -,c5d4 g1e2 a5c6 e2d4 c6d4 e1h1 c8e6 f2f4 a7a5 b4b5
r1bqkbnr/pp1ppppp/2n5/1Bp5/4P3/2N2N2/PPPP1PPP/R1BQK2R b - -,d8c7 c3d5 c7b8 b2b3 e7e6 d5e3 c6d4 a2a4 g8e7 c1b2
8/p6p/1k1Q2p1/4N3/1qp1P3/7P/P5PK/8 b - -,d8c7 c3d5 c7b8 b2b3 e7e6 d5e3 c6d4 a2a4 g8e7 c1b2
7r/1p5P/5kR1/4N3/pp1p1P2/8/1P3K2/8 b - -,f6f5 g6h6 f5f4 e5f7 h8h7 h6h7 a4a3 h7h4 f4f5 h4d4
r3r3/p1qb1kpp/5n2/8/1pPp4/3BP3/PPQ2PPP/3R1RK1 b - -,d4e3 f2e3 f7g8 f1f6 g7f6 d3h7 g8h8 h7e4 a8d8 e4g6
r4rk1/ppR2ppp/4p3/3pP3/4bRPP/4Q3/Pq2B3/6K1 b - -,a8c8 c7c8 f8c8 f4f1 b2e5 e3f2 f7f6 f2f4 e5d4 g1h2
1r1r2k1/1q3ppn/p1Rp3p/P2Pp3/1PR3P1/4P2P/3QN1K1/8 b - -,b8c8 e2c3 h7f6 d2d3 c8a8 c3a4 b7b5 a4b6 a8b8 e3e4
r1bq1rk1/1pp1ppbp/p4np1/3p4/3N4/2P3P1/PP1PPPBP/R1BQ1RK1 b - -,e7e5 d4c2 h7h5 d2d3 h5h4 h2h3 h4g3 f2g3 f6h7 e2e4
r1bqk2r/ppp2ppp/2np2n1/2b1p2Q/2B1P3/P1NP1N2/1PP2PPP/R1B1K2R b KQkq -,c8e6 c4e6 f7e6 c3e2 d8f6 e1h1 a7a6 c1g5 f6f7 g5e3
1r3q1k/5R2/3P2Qp/6p1/1p6/2p3PP/1P3P2/6K1 b - -,f8f7 g6f7 c3b2 f7f6 h8g8 f6b2 b4b3 d6d7 g8f7 g1g2
5rk1/3r1pbp/1p2p1p1/p1p5/2P2Bn1/P1NP1PP1/1P2R1K1/3R4 b - -,g4f6 c3a4 d7b7 d3d4 c5d4 d1d4 h7h6 f4e5 f6d7 e5g7
r1bqkb1r/3p1ppp/n1p2n2/pp2p3/4P3/2NB1Q2/PPPPNPPP/R1BK3R b kq -,a6c5 a2a3 f8e7 d1e1 e8h8 b2b3 f8e8 e2g3 d7d5 e4d5
8/8/8/8/Pkp5/8/K7/8 b - -,
r1b1R3/p5k1/2p5/1p2p3/8/6p1/PPB1K3/7R b - -,b5b4 e2e3 g3g2 h1g1 g7f7 e8h8 c8b7 h8a8 b7a8 c2b3
4rrk1/p6Q/2p2p1p/1p1p2p1/2nP1P2/P1P1P1B1/2P3PP/4R1K1 b - -,g8h7 e1a1 a7a5 a3a4 e8e3 a4b5 c6b5 a1b1 a5a4 b1b5
r2q1rk1/pp1b1ppp/2nbp3/1B1p3n/3P4/1NP1BN2/PP3PPP/R2Q1RK1 b - -,
r3R3/p5k1/2p5/1p2pb2/8/2N3p1/PP6/2K4R b - -,f5c8 h1g1 g7f7 e8h8 b5b4 c3e4 f7e6 g1g3 e6d5 e4f6
2b4r/1p4p1/4k2p/1B6/6R1/8/1Q2KP1P/8 b - -,f5c8 h1g1 g7f7 e8h8 b5b4 c3e4 f7e6 g1g3 e6d5 e4f6
7r/1p5P/7R/4Nk2/pp1p1P2/8/1P3K2/8 b - -,f5e4 e5g6 h8h7 h6h7 b7b5 h7b7 a4a3 b7b5 a3a2 b5a5
5rk1/3r1pbp/1p2p1pn/p1p5/N1P2B2/P2P1PP1/1P2R1K1/3R4 b - -,h6f5 a4b6 d7b7 b6a4 f8c8 g3g4 f5d4 e2e1 h7h6 f4d2
4rr1k/7p/p1p3pq/4b3/2B1Ppb1/2NR4/PPP2QPP/5RK1 b - -,e8d8 c3d1 d8d3 c4d3 f4f3 g2g3 f8d8 f1e1 e5d4 d1e3
3q1rk1/p3pp2/3p1bp1/1pr1n2P/3NP1b1/1BN5/PPPQ4/1K1R3R b - -,g6h5 c3d5 e7e6 d5f6 d8f6 d1f1 f6g6 f1f2 f8c8 h1f1
6k1/2pr1p2/5bpp/pP6/P1Q1P1qP/2PrB1P1/5P2/4RRK1 b - -,f6c3 g1g2 c3e1 f1e1 h6h5 e1f1 g6g5 b5b6 c7b6 f2f3
r2q1rk1/1pp1ppbp/p4np1/3p4/3N2b1/2P1P1P1/PP1P1PBP/R1BQ1RK1 b - -,g4d1 f1d1 g8h8 d2d3 e7e6 e3e4 a6a5 c3c4 f6g8 d4f3
5rk1/2R2pp1/8/p1Q5/4P1P1/7P/Pqp1PK2/8 b - -,b2a2 c5c2 a2c2 c7c2 f8a8 c2a2 a5a4 a2a3 g8f8 f2e3
4r1k1/3R2p1/5p2/p4Q2/4P1P1/2p4P/P3P1K1/2q5 b - -,c1g5 f5g5 f6g5 g2f3 e8c8 d7d1 c3c2 d1c1 g8f7 f3e3
r1bqkb1r/pp1pnppp/2n1p3/2p3P1/4P2P/3P4/PPP2P2/RNBQKBNR b KQkq -,h7h5 g5h6 g7h6 d1h5 d7d5 c1d2 e7g8 e4e5 d8b6 b1c3
r4rk1/ppqb1ppp/2nbpB2/1B1p4/3P4/1NP2N2/PP3PPP/R2Q1RK1 b - -,g7f6 b3c5 d7c8 b5c6 b7c6 c3c4 a8b8 c4d5 c6d5 a1c1
r4rk1/ppqb1p1p/2nbpp2/1B1p4/3P4/1NP2N2/PP3PPP/R2QR1K1 b - -,a7a6 b5c6 d7c6 b3c1 g8h8 g2g3 f8g8 c1d3 c7e7 f3h4
8/p7/2p2k2/1p2p3/6b1/3r2N1/PP3K2/6R1 b - -,g4f3 g3e2 f3d5 f2e1 a7a5 g1f1 f6e6 f1f8 a5a4 f8h8
r1bqrbk1/pppp1ppp/2n2n2/8/2P5/2N1P3/PPN1BPPP/R1BQ1RK1 b - -,c6b4 a2a3 b4a6 b2b4 c7c6 c1b2 a6c7 c2d4 d7d5 a1c1
2kr3r/pp1nppb1/3P1npp/2p5/2P1NB2/5P2/PP2BP1P/2KR3R b - -,f6e4 f3e4 e7d6 f4d6 h8e8 f2f3 b7b6 d6g3 g7d4 c1c2
6k1/6p1/r6p/2p1Nb2/8/3P4/2P3PP/2R3K1 b - -,f5e6 g1f2 g7g5 f2e3 e6d5 g2g3 a6e6 d3d4 d5g2 c2c4
7r/1p3N1P/7R/8/pp1p1k2/8/1P3K2/8 b - -,h8h7 h6h7 a4a3 h7h4 f4f5 h4d4 a3a2 d4d1 b7b6 b2b3
rnbqkbnr/ppp2pp1/7p/3pN3/PP6/8/2PPPPPP/RNBQKB1R b KQkq -,f8b4 e2e3 g8f6 f1e2 e8h8 c1b2 f8e8 e1h1 c8f5 d2d3
4rr2/p6k/2p2p1p/1p1p2P1/2nP4/P1P1P1B1/2P3PP/4R1K1 b - -,f6g5 e1a1 a7a5 a3a4 e8e3 g3c7 b5a4 h2h4 g5h4 c7a5
rn1qkb1r/pp2pppp/2p2N2/4N2b/2B5/8/PPPP1PPP/R1BQK2R b KQkq -,g7f6 d1h5 d8a5 h5f7 e8d8 e5f3 b8d7 e1h1 f8h6 d2d4
r1bq1rk1/1p1n1ppp/2n5/p3p3/2Pp4/1P1P2P1/P1NN1PBP/1R1QR1K1 b - -,
2k1r2r/pp2P1Q1/2p4p/2b2Bp1/8/6q1/PP4P1/1K1R3R b - -,c8b8 f5d7 b8c7 h1e1 g3e1 d1e1 c7d7 g7e5 c5e7 e5d4
2rn1rk1/pp2p2p/4p1p1/2B1p1N1/2P3B1/b6P/P4PP1/1R1R2K1 b - -,a3c1 g5e6 h7h5 e6f8 h5g4 c5e7 d8c6 f8d7 g4h3 d1c1
r1b1k1nr/p4pbp/2p1p1p1/q1pp4/N1P1PP2/3P1N2/PP4PP/R1BQ1RK1 b kq -,a5c7 a4c5 g8f6 e4e5 f6d7 c5d7 c7d7 c1e3 g7f8 c4c5
8/5qpk/7p/5b2/8/5Q2/5PPP/1R2R2K b - -,f7d7 b1b7 d7d3 f3d3 f5d3 e1e7 h7g6 e7g7 g6f6 g7d7
5rk1/2R2pp1/8/p7/4P1P1/7P/q1Q1PK2/8 b - -,a2a3 c2c3 a3a4 c7a7 f8e8 a7a5 a4e4 c3f3 e4d4 f2g2
2r3k1/Q4pp1/8/pq6/6PP/P4PN1/4P1K1/8 b - -,
rnbqk1nr/pp2ppbp/6p1/2ppP3/2PP4/5N1P/PP3PP1/RNBQKB1R b KQkq -,c5d4 c4d5 d8d5 b1c3 d5c5 c3b5 c8d7 d1d4 c5d4 b5d4
r1bqkb1r/ppp1p1p1/2n2n1p/1B1p1P2/3P2P1/2N5/PPP2P1P/R1BQK1NR b KQkq -,e7e6 g4g5 h6g5 c1g5 d8d6 d1e2 c8d7 g1f3 e8a8 e1a1
8/1pk3p1/5pPp/p1PB1P1P/b2KP3/8/8/8 b - -,a4c2 e4e5 c2f5 e5f6 g7f6 g6g7 f5h7 g7g8r h7g8 d5g8
r1bk1b1r/1pq2p1p/p2p1p2/3P1P1Q/3N4/8/P1P3PP/1R2R1K1 b kq -,
2b4r/1p4p1/7p/1B3k2/6R1/5P2/1Q2K2P/8 b - -,h7h6 e1e3 h8g8 b1e1 f8g7 c2c3 c8d7 h5f7 d8a8 e3g3
8/8/8/p7/kpR1B3/P3q3/K7/8 b - -,h7h6 e1e3 h8g8 b1e1 f8g7 c2c3 c8d7 h5f7 d8a8 e3g3
r5k1/1p2q1p1/2p4p/5p2/2R2P2/4P2P/3QR1PK/r7 b - -,e7e6 c4c2 a1f1 c2a2 a8a2 d2a2 e6a2 e2a2 f1c1 g2g4
6k1/6p1/r3b2p/2p1N3/8/3P4/2P2KPP/2R5 b - -,g8f8 c1e1 g7g5 e1f1 f8e7 f2e3 e6d5 g2g3 a6e6 d3d4
R4n2/2p2kpp/3p1p2/2bPp3/8/2BPP1PP/1Pr2PK1/3B4 b - -,c2c1 d1a4 c5b6 h3h4 f6f5 h4h5 g7g5 a4e8 f7f6 e8b5
4N1K1/7r/7k/4N2P/8/8/8/8 b - -,
1R4k1/6pp/8/1P6/4b3/8/5bPP/7K b - -,g8f7 b5b6 f2h4 b8c8 h4f6 c8c4 e4d5 c4c7 f7g8 b6b7
rnbqkb1r/ppp1pppp/8/8/3PN1n1/8/PPP2P1P/R1BQKBNR b KQkq -,g7g6 f1g2 f8g7 h2h3 g4h6 h3h4 h6f5 c2c3 h7h5 c1g5
2rq1r1k/pp3pRp/1b1p4/3p3N/4P3/3n1P2/P4P1P/3R3K b - -,b8c6 c2c3 e7e5 d4d5 c6e7 d5d6 e7g6 c1g5 f7f6 d6c7
1k2r2r/pp1BP1Q1/2p4p/2b3p1/8/6q1/PP4P1/1K1R3R b - -,b8c7 h1e1 g3e1 d1e1 c7d7 g7e5 c5e7 e5d4 d7c7 d4g7
r3qrk1/1p1bb1p1/p3p2p/3pPp2/5P2/2PBB2Q/PP4PP/R5RK b - -,h6h5 e3d4 g7g6 h3g3 a8c8 h2h3 d7b5 d3b1 e7c5 a2a4
8/3n1k2/1p1P2pp/8/4N3/1P5P/5PK1/8 b - -,d7f8 g2f3 f7e6 f3e3 e6d5 b3b4 d5e5 f2f3 g6g5 e3f2
3r4/6k1/5q1p/1Q2R3/7P/5rp1/1P6/4R1K1 b - -,f3e3 e1f1 e3e5 b5b4 f6e7 b4c3 g7h7 c3c2 h7h8 c2c3
r2q1rk1/1pp1ppbp/p4np1/3p4/3N2b1/2PP2P1/PP2PPBP/R1BQ1RK1 b - -,e7e5 h2h3 g4c8 d4c2 c8e6 e2e4 d8d7 g1h2 f8d8 d1e2
7r/1p3N1P/8/8/pp3k1R/3p4/1P3K2/8 b - -,d8e8 c1g5 a8d8 h2h3 g4d7 d4f3 e7e5 d1c1 e5e4 f3d2
4r1k1/3R2p1/5pQ1/p7/4P1P1/7P/P1p1P1K1/2q5 b - -,c1h6 g6e8 g8h7 d7c7 c2c1r c7c1 h6c1 e8h5 h7g8 h5d5
r1b3R1/p3k3/2p5/8/Np6/4K1p1/PP5r/6R1 b - -,g3g2 g8g2 h2g2 g1g2 c8e6 g2g7 e7d6 e3d4 a8g8 g7g8
r6k/pp4pp/4B1b1/1r6/8/1P3pP1/P4P1P/2R1R1K1 b - -,b5a5 a2a4 a8e8 e1e3 h7h6 h2h4 h8h7 c1e1 e8f8 e6c4
r1bq1r2/p4pk1/1p2p1p1/6Np/3P3P/2PQ4/P4PP1/R3R1K1 b - -,d8e7 d3g3 f8d8 a1d1 f7f6 g5h3 e7f7 h3f4 g7h7 d1d3
8/8/4P1K1/5r2/5k2/8/6PP/8 b - -,
r1bqkb1r/pp1n2pp/2n5/1NpQP1p1/2p5/5N2/PP3PPP/2KR1B1R b kq -,d7b6 d5e4 c6d4 f3d4 c5d4 d1d4 c8d7 e5e6 d7b5 d4d8
2b3R1/1p6/4k2p/1B6/8/5P2/1Q2K2P/8 b - -,d7b6 d5e4 c6d4 f3d4 c5d4 d1d4 c8d7 e5e6 d7b5 d4d8
1r4k1/2R2pp1/8/p7/4P1P1/7P/P1pqPQK1/8 b - -,b8f8 f2c5 c2c1r c5c1 d2e2 g2g3 e2a2 c1c2 a2a1 g3g2
rnbq1rk1/p3bppp/1p2pn2/2pP2B1/3P4/2N1PN2/PPQ2PPP/R3KB1R b KQ -,f6d5 c3d5 e6d5 g5e7 d8e7 d4c5 b6c5 a1c1 b8a6 f1e2
3rr1k1/pb4p1/1p1nq2p/2p1Ppn1/3P3P/1P4P1/PBQ2NB1/2R1R1K1 b - -,g5f3 g2f3 b7f3 c2c3 e6d5 e5d6 e8e1 c1e1 c5d4 c3d4
5rk1/1p3r1p/p2p2p1/8/2PB1P2/6Pb/PP3R1P/R5K1 b - -,f8c8 f2c2 f7c7 a1c1 h3e6 b2b3 b7b5 c4c5 e6f5 c2c3
4r1k1/5p2/5p2/p7/2R1P1P1/2p2P1P/P2q1QK1/8 b - -,e8d8 c4c5 d2f4 c5c3 d8d2 c3c2 d2f2 c2f2 f4c1 g2g3
8/3n4/1p1Pk1pp/8/4N3/1P3K1P/5P2/8 b - -,e6e5 f3e3 e5d5 f2f4 d7b8 h3h4 b8c6 d6d7 d5e6 e4g3
r3r3/p1qb1kpp/5n2/8/1pP5/3BP3/PPQ3PP/3R1RK1 b - -,f7g8 c2f2 d7g4 d1d2 a8d8 d3c2 d8d2 f2d2 c7e7 c4c5
r1bqk2r/p1pp1ppp/1p3n2/2bQP3/2B5/8/PPP2PPP/RNB1K2R b KQkq -,f6d5 c4d5 c7c6 d5f3 d8e7 e1h1 c8a6 f1d1 e7e5 b1c3
r2qkbnr/1b1p1ppp/p1N1p3/1p6/4P3/2NBB3/PPP2PPP/R2QK2R b KQkq -,b7c6 a2a3 d8c7 e3d4 e6e5 d4e3 g8f6 e1h1 f8e7 d1f3
8/1pk3p1/5pPp/p1PBPP1P/3K4/8/8/3b4 b - -,f6e5 d4e5 d1h5 e5f4 h5g6 f5g6 a5a4 f4e5 c7d7 d5b7
7N/1p5P/8/5k2/pp5R/3p4/1P3K2/8 b - -,f6e5 d4e5 d1h5 e5f4 h5g6 f5g6 a5a4 f4e5 c7d7 d5b7
5k2/2Q5/8/6n1/5K2/8/8/8 b - -,
3N4/3n2kp/1p1P2p1/8/8/1P5P/5P2/6K1 b - -,g6g5 g1g2 g7f6 g2f3 f6f5 f3e3 f5e5 d8f7 e5f6 f7h6
5rk1/5pp1/8/p7/4P1P1/7P/2R1PK2/8 b - -,f8a8 c2a2 a5a4 a2a3 g8f8 h3h4 f8e7 f2e3 e7d6 e3d4
r4rk1/1ppqppbp/p4np1/3p4/3N1Bb1/2PP2P1/PP2PPBP/R2Q1RK1 b - -,f6h5 f4c1 e7e5 d4b3 b7b6 a2a4 g4h3 a4a5 h3g2 g1g2
6rk/pp1q1prp/2nbpp2/1B1p4/3P4/2P2NP1/PP3P1P/2RQR2K b - -,a7a6 b5c6 d7c6 c1c2 b7b5 a2a3 a6a5 f3h4 g7g4 f2f3
8/8/4PK2/6r1/5k2/8/6PP/8 b - -,
r1bqkbnr/pppp1ppp/2n1p3/1N6/8/4P3/PPPP1PPP/R1BQKBNR b KQkq -,a7a6 b5d4 c6d4 e3d4 b7b6 g2g3 c8b7 g1f3 g7g6 d2d3
6k1/5pbp/4p1pn/p1p5/N1P2B2/P2r1PP1/1P2R1K1/8 b - -,g7f8 f4h6 f8h6 a4c5 d3d1 e2c2 h6e3 c5b7 d1g1 g2h2
r6k/pp4pp/4B1b1/r7/P7/1P3pP1/5P1P/2R1R1K1 b - -,h7h6 e6g4 a8f8 e1e3 g6h5 g4e6 g7g5 h2h3 f8e8 c1c7
7N/1p5P/8/5k2/pp1R4/8/1P1p1K2/8 b - -,h7h6 e6g4 a8f8 e1e3 g6h5 g4e6 g7g5 h2h3 f8e8 c1c7
5q1k/1P4p1/7p/5b2/3R4/8/5PPP/2Q4K b - -,f8b8 d4b4 f5d7 c1f4 b8e8 b7b8q d7c8 f4e4 e8d7 h2h3
4r1k1/p1q4p/1p2ppp1/2pp1P2/P2Pn1P1/2P1P2Q/1P5P/R4RK1 b - -,g8g7 d4c5 b6c5 a1d1 e8e7 f5e6 c7c6 a4a5 c6e6 h3g2
3brr1k/pb1q1p1p/2p2p2/1pNp1N1Q/1P1P4/P7/5PPP/4RRK1 b - -,d7f5 h5f5 b7a8 e1e8 f8e8 f5d7 e8g8 d7a7 f6f5 a7a8
rn1qk2r/pp2bppp/2p1p3/3p2P1/4nP2/1P2PQ1P/PBPP4/RN2KB1R b KQkq -,e8h8 h3h4 b8d7 f1h3 d8a5 f3g2 a8e8 a2a3 f7f5 e1h1
r1b3R1/p3k3/2p5/8/Np6/1P2K1pr/P7/6R1 b - -,a8b8 g1g3 h3g3 g8g3 c8f5 g3g7 e7d6 g7a7 b8e8 e3d2
5rk1/2R2pp1/8/p7/4P1P1/7P/P1pqP1K1/6Q1 b - -,f8e8 g2f3 d2h6 c7c2 h6h3 g1g3 h3f1 g3f2 f1b1 c2c4
r1b3R1/p4r2/2pR3k/1p6/4N3/6p1/PPB2p2/2K5 b - -,d2e2 g1f2 e2e4 f2f3 e4a4 f3b3 c2c1r c7c1 a4d4 c1f1
8/5p2/2pk2p1/R7/2P3r1/1P2K3/P7/8 b - -,g4g3 e3f4 g3h3 a5a8 f7f6 a8d8 d6c5 d8f8 g6g5 f4e4
7k/1R1R2pp/5b2/4qp2/8/Q5PP/b4P1K/2r5 b - -,c1c2 a3f3 h7h6 h2g2 c2c3 f3d1 a2e6 g2h2 e6d7 b7d7
r1bqrbk1/ppp2ppp/2np1n2/8/2P5/2N1PP2/PPN1B1PP/R1BQ1RK1 b - -,a7a6 g1h1 c6e5 e3e4 c7c6 a2a4 d6d5 c4d5 c6d5 e4d5
rnq1kb1r/ppp2ppp/3p1n2/4P3/2P1P1b1/1QN5/PP3PPP/R1B1KBNR b KQkq -,f6d7 h2h3 g4e6 f2f4 d7c5 b3c2 b8c6 g1f3 d6e5 f4f5
r1bq1r1k/1p3ppp/2n1n3/p3p3/1PPpN3/P2P2P1/2N2PBP/1R1QR1K1 b - -,a5b4 a3b4 f7f5 e4c5 e6c5 b4c5 e5e4 d3e4 d4d3 c2e3
8/1pk3p1/6Pp/p1PBKP1P/8/8/8/3b4 b - -,d1h5 e5f4 h5g6 f5g6 c7c8 f4e5 c8d7 d5b7 h6h5 b7e4
rnbqk2r/pppp1pp1/4pn1p/6B1/1b1P4/2P5/PP1NPPPP/RN1QKB1R b KQkq -,h6g5 c3b4 b8c6 e2e3 c6b4 a2a3 b4d5 g2g3 d7d6 f1g2
r1bq1rk1/1p2b1pp/p2p1n2/3Pp1N1/2P2p2/3B4/PP1B1PPP/R2Q1RK1 b - -,b7b6 f1e1 a6a5 a1c1 c8d7 g5e6 d7e6 d5e6 d8c8 d3f5
R7/P5k1/7P/6p1/5P2/8/5K2/r7 b - -,g7h6 a8h8 h6g7 a7a8q a1a8 h8a8 g5g4 a8a6 g7f7 f2g3
3r1rk1/1ppqppbp/p4np1/3p4/3N1Bb1/2PP2P1/PPQ1PPBP/R4RK1 b - -,f6h5 f4e3 e7e5 d4f3 g4h3 g2h3 d7h3 c3c4 d5d4 e3d2
4Q1k1/3R2p1/5p1q/p7/4P1P1/7P/P1p1P1K1/8 b - -,g8h7 d7c7 c2c1q c7c1 h6c1 e8h5 h7g8 h5d5 g8h7 d5a5
7K/4k1P1/8/8/8/6r1/8/7R b - -,g8h7 d7c7 c2c1q c7c1 h6c1 e8h5 h7g8 h5d5 g8h7 d5a5
2b3R1/8/7p/2Qk4/8/5P2/4K2P/8 b - -,d5c5 g8c8 c5d6 f3f4 d6d7 c8c5 d7d6 c5e5 d6c7 e2e3
8/8/8/7k/2p2P2/K6P/8/8 b - -,d5c5 g8c8 c5d6 f3f4 d6d7 c8c5 d7d6 c5e5 d6c7 e2e3
r3R3/p5k1/2p5/1p2pb2/8/2N1K1p1/PPB2r2/7R b - -,a8e8 c2f5 f2f5 h1g1 f5g5 c3e4 g5g6 e4g3 g6g5 g3f5
r1q3k1/pp2p1bp/6r1/2p2p2/2Np1P2/1P2PQ2/PBPP2PP/4RRK1 b - -,e7e6 e3e4 c8d7 a2a4 a8f8 d2d3 e6e5 e4f5 f8f5 c4e5
4rr1k/7p/p1p3pq/4b3/2B1P1b1/2NR1pP1/PPP2Q1P/5RK1 b - -,g4h3 f1e1 f8f6 e1d1 e5c7 d3d2 h3g4 e4e5 e8e5 d2d8
1k1r4/2b1R3/R7/2p5/8/2P5/P7/1K6 b - -,d8f8 a6c6 c7g3 c6c5 g3h4 e7e4 h4d8 b1c2 d8b6 c5h5
r5k1/p2b4/1p5q/1P1PQ3/4Pp1N/8/P3Br2/6RK b - -,g8h7 e5e7 h7h8 g1g6 h6g6 h4g6 h8g8 g6e5 a8f8 e7g5
4r1k1/5pp1/8/p7/2pRP1P1/4P2P/P1q2QK1/8 b - -,c2a4 f2d2 a4c6 d2a5 c4c3 a5d5 c6h6 d5c4 h6e3 d4d7
rnq1kb1r/ppp2ppp/5n2/4p1B1/2P1P1b1/1QN5/PP3PPP/R3KBNR b KQkq -,b8c6 g5f6 c6d4 b3a4 g4d7 a4d1 g7f6 g1f3 d4e6 g2g3
r1bqkb1r/3p1ppp/n1p2n2/pp2p3/4P3/2NB1QN1/PPPP1PPP/R1B1K2R b KQkq -,h7h5 a2a3 a6c5 d3f1 c5e6 d2d3 d7d5 e4d5 e6d4 f3d1
1r4k1/1p1q1pp1/p6p/P2p3P/6R1/6Q1/1P3PP1/6K1 b - -,b8d8 g4g7 g8h8 g3e5 d7e8 e5e8 d8e8 g7f7 e8e1 g1h2
2Q3R1/8/4k2p/8/8/5P2/4K2P/8 b - -,b8d8 g4g7 g8h8 g3e5 d7e8 e5e8 d8e8 g7f7 e8e1 g1h2
r1b1R3/p5k1/2p5/1p2p3/8/2N3p1/PPB2r2/4K2R b - -,f2c2 e8e7 g7f6 h1h7 g3g2 h7f7 f6g5 c3e4 g5h4 f7h7
rn1q1rk1/pp2bppp/2p1p3/3p2P1/4nP1P/1P2PQ2/PBPP4/RN2KB1R b KQ -,b8d7 h4h5 a7a5 d2d3 e4c5 b1d2 f7f5 a2a3 e6e5 e1a1
r1b3R1/p3k3/2p5/8/Np6/4K3/PP4Rr/8 b - -,h2g2 g8g2 c8e6 e3d4 e6a2 d4c5 a2b3 c5b4 a8b8 b4a3
1rb3R1/p3k3/2p5/8/Np6/1P2K1Rr/P7/8 b - -,h3g3 g8g3 c8f5 g3g7 e7d6 g7a7 b8e8 e3d2 e8h8 a7b7
rn1qkb1r/pp2pQ1p/2p5/4p3/2B5/8/PPPP1PPP/R1B1K2R b KQkq -,e8d7 f7e6 d7c7 e6e5 d8d6 e5h8 b8d7 h8c3 e7e5 e1h1
8/5p2/p1r2p1k/4pP1P/4P2P/R2P1K2/P7/8 b - -,c6c7 f3g4 c7c6 a3a5 h6g7 g4f3 g7h7 a5a3 h7h6 a3a4
rnbq1rk1/p3bppp/1p3n2/2pp2B1/3P4/2N1PN2/PPQ1BPPP/R3K2R b KQ -,c8b7 e1h1 b8d7 d4c5 b6c5 a1d1 d8b6 d1d2 h7h6 g5f4
4Q3/2R3pk/5p1q/p7/4P1P1/7P/P1p1P1K1/8 b - -,c2c1q c7c1 h6c1 e8h5 h7g8 h5d5 g8h7 d5a5 g7g6 a5a7
rn2k1nr/pp1b1ppp/1qpbp3/3p4/4P3/3B1N2/PPPP1PPP/RNBQ1RK1 b kq -,e6e5 c2c4 d5e4 d3e4 g8f6 b1c3 e8h8 a2a3 f6e4 c3e4
3r1r2/pp2q1k1/2p2p1p/P1P2Rn1/3PP1Q1/1B6/6P1/5R1K b - -,
r3k2r/2qpbppp/p1b1pn2/8/1p2PP2/3BB3/PPPNQ1PP/2KR3R b kq -,c6b5 c1b1 e8h8 g2g4 d7d5 e4e5 f6e4 e3d4 e4c5 d4c5
7N/1p5P/8/5k2/pp6/8/1P3K2/3R4 b - -,c6b5 c1b1 e8h8 g2g4 d7d5 e4e5 f6e4 e3d4 e4c5 d4c5
2R5/4K3/8/8/8/8/8/1k6 b - -,c6b5 c1b1 e8h8 g2g4 d7d5 e4e5 f6e4 e3d4 e4c5 d4c5
3rr2k/1pqn1pp1/p1p2n1p/2p1pP2/2P3P1/P1BP3P/1PB1QPK1/3RR3 b - -,e8g8 e2e3 b7b5 e1e2 a6a5 b2b3 f6h7 c3e5 d7e5 e3e5
r5k1/1p4p1/2p1q2p/5p2/3R1P2/4P2P/3QR1PK/r7 b - -,a1a2 d2d3 a2e2 d3e2 c6c5 d4c4 b7b6 e3e4 a8c8 e2c2
6k1/7p/6p1/p4p2/2P1P3/P1RN2P1/4K3/1r6 b - -,g6g5 e4f5 b1b8 c4c5 b8c8 c5c6 h7h5 c6c7 h5h4 g3h4
r1bqn1k1/1pp3pp/p2p1p2/3N4/P4P2/4B3/RbP3PP/4QBK1 b - -,c8d7 a2b2 d7a4 e3f2 g8f8 c2c4 f6f5 e1b1 a4d7 b2b7
5rk1/p1RP1pp1/1p3n1p/8/8/1P3N2/5P1P/6K1 b - -,h6h5 f3e5 a7a5 e5c6 f6d7 c7d7 f8a8 d7b7 a5a4 b3a4
8/5p2/p1r2p2/4pP1k/4P2P/1R1P1K2/P7/8 b - -,c6d6 f3e3 a6a5 b3b7 h5h4 b7f7 d6a6 f7g7 a5a4 g7e7
1n1rr2k/ppp1P1q1/6p1/4R1N1/b1B5/P1Q4P/1P3PP1/4R1K1 b - -,c6d6 f3e3 a6a5 b3b7 h5h4 b7f7 d6a6 f7g7 a5a4 g7e7
4Q3/6pk/5p1q/p7/4P1P1/7P/P3P1K1/2R5 b - -,h6c1 e8h5 h7g8 h5d5 g8h7 d5a5 c1b2 a5h5 h7g8 h5d5
1rr3k1/p3ppbp/3pPnp1/q7/4P1P1/P1BB3P/1PPQ4/2KR3R b - -,c8c3 d2c3 a5g5 d1d2 f6e4 e6f7 g8f8 c3g7 f8g7 d3e4
8/1p5P/6N1/5k2/1p6/p7/1P3K2/3R4 b - -,c8c3 d2c3 a5g5 d1d2 f6e4 e6f7 g8f8 c3g7 f8g7 d3e4
6k1/6p1/6K1/1rrB4/8/8/8/6Q1 b - -,
4r3/p5k1/2p5/1p2pB2/8/2N1K1p1/PP3r2/7R b - -,f2f5 h1g1 f5g5 c3e4 g5g6 e4g3 g6g5 g1g2 e8f8 g2g1
r1b1k1nr/pp2ppbp/2n3p1/q2QP3/8/2N2N1P/PP3PP1/R1B1KB1R b KQkq -,a5d5 c3d5 e8f8 c1f4 c8f5 d5c3 g6g5 f4g3 e7e6 a1d1
2q3k1/1p3p1p/2n2Qp1/1pPR1P2/5r2/6RK/PP5P/5Nr1 b - -,g1f1 g3d3 f1f3 d3f3 f4f3 h3g2 f3f5 f6d6 f5d5 d6d5
1rb5/p3k3/2p5/8/Np6/1P2K1R1/P7/8 b - -,c8f5 g3g7 e7d6 g7a7 f5b1 a4b2 b8e8 e3d2 e8h8 a7a5
5r2/pp2q1k1/2p2p1p/P1P2Rn1/3rP3/1B4Q1/6P1/5R1K b - -,d4e4 b3c2 e4e3 g3h4 e3e5 h4h5 e7f7 h5d1 e5f5 c2f5
2krr3/pp1nppb1/3P1npp/2p5/2P1NB2/5P2/PP2BP1P/2KRR3 b - -,f6e4 f3e4 e7d6 e2g4 g7e5 f4h6 c8c7 f2f4 e5f6 h2h3
2r2rk1/1bqpbppp/pp2pn2/4P3/N7/1P1Q1P2/PBP3PP/1K1R1B1R b - -,f6d5 c2c4 d5b4 d3e3 b6b5 a4c3 b5c4 f1c4 f8d8 h1e1
r1b5/p3k3/2p5/8/Np6/4K3/PP4R1/8 b - -,c8e6 e3d4 e6a2 d4c5 a2b3 c5b4 a8b8 b4a3 b3d5 g2g7
4rr1k/7p/p1p3pq/4b3/2B1P3/2NR1pPb/PPP2Q1P/3R2K1 b - -,e5b8 g1h1 h6g7 d3f3 h3g4 c4e2 g4f3 e2f3 b8e5 f2e3
2k5/8/7p/8/7P/5P2/4K3/8 b - -,c8c7 e2e3 c7c6 e3e4 c6d7 e4e5 d7c6 f3f4 c6d7 f4f5
r1bqkbnr/ppp3pp/2np1p2/3P4/4p2B/5N1P/PPP1PPP1/RN1QKB1R b KQkq -,g7g5 h4g3 e4f3 d5c6 f8g7 e2f3 f6f5 c6b7 c8b7 b1c3
1qn1rbk1/1b3p1p/5np1/R1pP4/1p6/3BBNNP/1P3PP1/Q5K1 b - -,e8e3 f2e3 b8g3 b2b3 f6d7 d3c4 c8d6 a5a7 f8g7 a1e1
7Q/1p6/6N1/5k2/1p6/8/1p3K2/3R4 b - -,b8c7 a5b5 f6d7 d3e4 c8d6 e3f4 d7f6 e4d3 b7d5 b2b3
r1bq1r1k/1p4pp/2n1n3/4pp2/1PPp4/3P2P1/2NN1PBP/1R1QR1K1 b - -,e5e4 b4b5 c6e5 c2b4 e4e3 f2e3 d4e3 d2f3 e5g4 b4d5
8/6pk/5p2/p6Q/4P1P1/7P/P3P1K1/2q5 b - -,h7g8 h5d5 g8h8 d5d8 h8h7 d8a5 c1b2 a5h5 h7g8 h5d5
r4k2/p2b4/1p5q/1P1PQ2B/4Pp1N/8/P4r2/6RK b - -,f2f3 h4f3 a8e8 e5g5 h6g5 f3g5 e8c8 e4e5 f8g7 e5e6
1n2r2k/ppp1P1q1/6p1/4R1N1/b1B5/P1Q4P/1P3PP1/3R2K1 b - -,f2f3 h4f3 a8e8 e5g5 h6g5 f3g5 e8c8 e4e5 f8g7 e5e6
rnbq1rk1/p3bpp1/1p3n1p/2pp4/3P3B/2N1PN2/PPQ1BPPP/R3K2R b KQ -,c8b7 d4c5 b6c5 e1h1 b8d7 f1d1 a8c8 d1d2 d8a5 a1d1
8/1R3p2/p1r2p2/4pP2/4P2k/3P1K2/P7/8 b - -,h4g5 b7f7 a6a5 f7a7 c6c3 f3e3 c3a3 a7g7 g5h5 g7g6
r5rk/2p1NQpp/3p3P/pp2p1P1/4P3/2qnP1K1/8/R6R b - -,h4g5 b7f7 a6a5 f7a7 c6c3 f3e3 c3a3 a7g7 g5h5 g7g6
3r2k1/5p2/5p2/p7/2R1P1P1/2p2P1P/P2Q2K1/8 b - -,h4g5 b7f7 a6a5 f7a7 c6c3 f3e3 c3a3 a7g7 g5h5 g7g6
5rk1/2RP1pp1/1p3n1p/p3N3/8/1P6/5P1P/6K1 b - -,f6d7 c7d7 b6b5 d7a7 a5a4 b3a4 b5a4 a7a4 f8e8 a4a5
3r1rk1/1ppqppbp/p5p1/3p3n/3N1Bb1/2PPP1P1/PPQ2PBP/R4RK1 b - -,e7e5 f4g5 f7f6 f2f3 g4h3 g5h4 g7h6 d4b3 h6e3 g1h1
r1b3R1/p3k3/2p5/8/1p2N3/4K1p1/PP5r/6R1 b - -,h2e2 e3e2 c8a6 e2d1 a8g8 g1g3 g8g3 e4g3 e7e6 a2a3
8/3k4/8/5P1p/7P/8/4K3/8 b - -,d7d6 e2e3 d6e5 f5f6 e5f6 e3f4 f6g6 f4e5 g6h7 e5f5
r1b1k2r/1p2bpp1/p1n4p/3pq3/3N2PP/3BB3/PPP1QP2/2KR2R1 b kq -,c8d7 d4c6 d7c6 f2f4 e5d6 e2f2 e8a8 g4g5 c6d7 e3d4
r1bqk2r/p1p2ppp/1p3P2/2bp4/2B2Q2/8/PPP2PPP/RNB1K2R b KQkq -,h8g8 f4e5 e8f8 c4d5 c8a6 b1c3 d8e8 e5e4 e8e4 d5e4
3r2k1/5p2/p7/8/8/8/6PP/5R1K b - -,
rnkq1b1r/pp2pQ1p/2p1B3/4p3/8/8/PPPP1PPP/R1B2RK1 b - -,d8d7 e6d7 c8d7 d2d4 d7c7 d4e5 c6c5 f1d1 b8c6 e5e6
r1bqk2r/ppp2pp1/2p5/2b4p/4PBn1/3P4/PPP1BPPP/RN1Q1RK1 b kq -,g4f2 f1f2 d8f6 g2g3 g7g5 e4e5 c5f2 g1f2 f6f5 d1c1
r1bq1rk1/5p1p/p1p3p1/3pb2n/8/2PBBN2/PP3PPP/R2Q1RK1 b - -,e5f6 f1e1 f8e8 h2h3 a6a5 d1d2 h5g7 b2b3 c8f5 d3f5
r3r3/p2b1kpB/5n2/4q3/1pP5/4P3/PPQ3PP/3R1RK1 b - -,d7e6 h7g6 f7g8 g6e8 f6g4 g2g3 e5e3 g1g2 a8e8 h2h3
r7/p3k3/2p1b3/8/Np1K4/8/PP4R1/8 b - -,e6a2 d4c5 a2b3 g2e2 e7d7 e2d2 d7e6 c5b4 a8b8 b4a3
4r1k1/2R2pp1/8/p7/4P1P1/2p4P/Pq2PQK1/8 b - -,g8h8 f2f3 b2a2 c7c3 h8g8 c3c5 a5a4 c5a5 a2c4 f3d3
8/8/2pk2p1/R4p2/2P3r1/1P3K2/P7/8 b - -,g4g1 f3e3 c6c5 e3f2 g1g4 a5a6 d6e5 a6c6 e5d4 f2f3
6k1/6p1/5p2/p2Q4/4P1P1/7P/P3P1K1/2q5 b - -,g8h7 d5a5 g7g6 a5a7 h7h6 a7d4 c1c2 g2f2 c2c7 d4f6
r1bq1rk1/5pbp/p1p3p1/3p3n/8/2PBBN1P/PP3PP1/R2Q1RK1 b - -,d8c7 f1e1 h5f4 e3c5 f8d8 f3d4 f4e6 d4e6 c8e6 d1d2
r1bq1rk1/4b1pp/3p1n2/1B1Pp1N1/5p2/8/PP1B1PPP/R2Q1RK1 b - -,e5e4 b5c6 a8a6 d1e2 f4f3 g2f3 e4f3 g5f3 f6g4 f3d4
r5k1/1p4p1/2pRq2p/5p2/5P2/4P2P/3QR1PK/1r6 b - -,
3r1rk1/1ppqppbp/p5p1/3p4/3N1Pb1/2PP2P1/PPQ2PBP/R4RK1 b - -,c7c5 d4f3 g4f3 g2f3 e7e6 a2a4 h7h5 h2h4 d8b8 f1e1
r1bqkb1r/pp1npppp/2p2n2/8/2NP4/2N5/PPP1BPPP/R1BQK2R b KQkq -,f6d5 a2a4 g7g6 a4a5 f8g7 e2f3 e8h8 e1h1 d5c3 b2c3
rnbqkbnr/pp3ppp/2p5/3pN3/PP6/8/2PPPPPP/RNBQKB1R b KQkq -,f8b4 e2e3 g8f6 f1e2 e8h8 e1h1 f8e8 c1b2 a7a5 d2d4
r1bqkbnr/1ppp1ppp/p1n1p3/8/8/2N1P3/PPPP1PPP/R1BQKBNR b KQkq -,d7d5 d2d4 g8f6 f2f4 c6a7 g2g4 h7h6 d1f3 c7c5 c1d2
r2RR3/pN3r2/2p2k2/1p6/5p2/6p1/PPB5/2K5 b - -,f6g5 e8g8 g5h4 d8a8 f7b7 c2e4 b7e7 e4f3 e7h7 g8g6
R7/P7/7k/5Pp1/8/8/5K2/r7 b - -,a1a2 f2e3 a2a3 e3e4 a3a4 e4e5 a4a5 e5e6 a5a6 e6e7
3r1r1k/1p3Bpp/1b4n1/1P3bN1/1p3q2/1Q3N2/5PPP/R3R1K1 b - -,g6h4 a1a2 f5g4 f7e6 g4h5 g1h1 h5f3 g5f3 h4f3 b3f3
1r6/R7/2pk4/5b2/Np6/1P2K3/P7/8 b - -,b8e8 e3d2 e8h8 a7b7 h8h4 d2c1 f5d3 a4b2 h4h1 c1d2
4rr1k/7p/p1p3pq/4b3/2B1P3/2NR1pP1/PPP2QbP/4R1K1 b - -,h6h3 c3d1 f8f4 d3f3 g2f3 g3f4 e5f4 c4f1 h3g4 f1g2
r1b1k2r/2q1bppp/pn1p1n2/1p2p3/4P3/P1NBN2P/1PP2PP1/R1BQK2R b KQkq -,g7g6 e3g4 e8h8 d1f3 f6h5 e1h1 c8e6 f1d1 g8h8 c1h6
r1b1r1k1/pp3ppp/2p2nn1/2Rp4/3P4/3BPNN1/PP3PPP/5RK1 b - -,c8g4 f3d2 g6e7 h2h3 g4d7 f1c1 h7h5 d2f3 g7g6 c5c3
r1b1k2r/p1q1npbp/2p1p1p1/2pp4/4PP1Q/2NP1N2/PPP3PP/R1B2RK1 b kq -,e8h8 f1e1 a8b8 c3a4 c5c4 a4c5 d5e4 d3e4 b8b2 c1b2
8/6pk/5p2/Q7/4P1P1/7P/P3P1K1/2q5 b - -,c1c2 g2f2 c2c1 a5h5 h7g8 h5d5 g8h7 e4e5 c1f4 d5f3
r1b2rk1/6pp/2p1p3/p1bp4/7P/3B2P1/PPP1RP2/R1B3K1 b - -,e6e5 c1e3 c5d6 c2c3 c8g4 e2d2 a5a4 a1c1 g4f3 d3e2
r7/p3k3/2p5/2K5/Np6/8/bP4R1/8 b - -,a2b3 g2e2 e7d7 e2d2 d7e6 c5b4 a8b8 b4a3 b3d5 a4c3
3R2k1/5pp1/5n2/p7/2p2qP1/2N1rP1P/P3PQK1/8 b - -,f6e8 c3d5 f4g5 d8c8 e3e6 d5c7 g5h6 c7e6 h6e6 c8c5
r1bq1rk1/4b1p1/3pNn1p/1B1Pp3/5p2/8/PP1B1PPP/R2Q1RK1 b - -,c8a6 e6d8 e7d8 b5a6 a8a6 d2f4 d8b6 d1d3 a6a7 f4d2
r1b1R3/p4rk1/2p5/1p2p3/4Bq2/2N3p1/PP1Q4/2KR4 b - -,a7a5 c3e2 f4d2 d1d2 c8b7 e8e6 c6c5 e4b7 f7b7 e2g3
5rk1/2R2pp1/8/p7/4P1P1/2p1Q2P/Pq2P1K1/8 b - -,
6k1/6p1/6K1/1rQr4/8/8/8/8 b - -,
r5rk/2p1N2p/3p1Q1p/pp2p1P1/4P3/2qnP1K1/8/R6R b - -,d5g5 c5g5 b5g5 g6g5 g8f7 g5f5 g7g6 f5g4 f7f6 g4f4
8/8/4K3/8/8/8/7R/2k5 b - -,d5g5 c5g5 b5g5 g6g5 g8f7 g5f5 g7g6 f5g4 f7f6 g4f4
8/8/6k1/8/2p2P1P/K7/8/8 b - -,d5g5 c5g5 b5g5 g6g5 g8f7 g5f5 g7g6 f5g4 f7f6 g4f4
3r1r1k/1p3Bpp/1b6/1P3bN1/1p3q1n/1Q3N2/R4PPP/4R1K1 b - -,f5g4 f7e6 g4f3 g5f3 d8e8 a2e2 h4f3 b3f3 f4d4 e6f7
r1b2rk1/ppp3p1/2nb1q1N/4p2Q/2B5/2PP4/P1P2PPP/R1B1K2R b KQ -,d8d3 b3c4 h4f3 g5f3 f4c4 f7c4 d3c3 f3e5 g7g6 a2e2
4r3/R7/2pk4/5b2/Np6/1P6/P2K4/8 b - -,e8h8 a7b7 h8h4 d2c1 f5d3 a4b2 d3g6 b2a4 h4h1 c1d2
r1bq1rk1/p3bpp1/1pn2n1p/2pp4/3P3B/2N1PN2/PPQ1BPPP/R4RK1 b - -,c5d4 e3d4 c8b7 a1e1 f6e4 h4e7 c6e7 e2d3 a8c8 c2a4
3r1rk1/1ppqppbp/p5p1/3p4/3N1P2/2PP2PB/PPQ2P1P/R4RK1 b - -,f7f5 d4f3 d5d4 c3d4 g7d4 h3g2 c7c5 c2b3 e7e6 f3d4
4r1k1/5pp1/8/p7/q1pRP1P1/4P2P/P2Q2K1/8 b - -,
4rr1k/7p/p1p3pq/4b3/2B1P3/2N2pP1/PPPR1QbP/3R2K1 b - -,h6h3 c4f1 g2f1 d1f1 f8f7 c3d1 e5b8 c2c4 b8a7 c4c5
r1kq1r2/pp1BpQ1p/2p4b/4R3/8/8/PPPP1PPP/R1B3K1 b - -,c8d7 f7e6 d7e8 e6h6 d8d4 h6e3 d4e3 e5e3 f8f5 d2d3
2r2rk1/pp3ppp/2np4/1Nb5/2BpPR2/6PP/PPP3P1/3R2K1 b - -,d4d3 g1h2 d3c2 d1c1 a7a6 b5a3 c6e5 c4e2 c5a3 b2a3
b4rk1/3Qppbp/3p1np1/3N3r/2P5/1P4P1/PB2PP2/R4RK1 b - -,f6d7 d5e7 g8h8 b2g7 h8g7 e7d5 d7f6 f1b1 f6d5 c4d5
R6R/p5k1/2p1b3/1p2p3/8/2NK4/PPr3p1/8 b - -,c2b2 h8e8 e6c4 d3e4 g2g1q a8a7 g1a7 e8e5 a7g1 e5b5
6Q1/8/8/8/1K6/5k2/5P2/q7 b - -,
r7/p3k3/2p5/2K5/Np6/1b6/1P2R3/8 b - -,e7d7 e2d2 d7c7 c5b4 a8b8 b4a3 b3d5 a4c3 d5g8 d2g2
1r6/R2P1Nkp/1p3np1/8/8/1P5P/5P2/6K1 b - -,f6d5 d7d8q b8d8 f7d8 g7f6 a7h7 g6g5 g1h2 d5f4 h7f7
1n2r2k/ppp1P1q1/4N1p1/4R3/2B5/P1Q4P/1P3PP1/3b2K1 b - -,f6d5 d7d8q b8d8 f7d8 g7f6 a7h7 g6g5 g1h2 d5f4 h7f7
r2qk2r/1p1nbppp/2p1pn2/p2p4/P4P2/1P1PPQ1P/1BPN2P1/R3KB1R b KQkq -,b7b5 f1e2 b5a4 a1a4 d7b6 a4a2 a5a4 e1h1 e8h8 b3a4
5rk1/5pp1/8/p7/4q1P1/5Q1P/P5K1/2R5 b - -,e4a4 f3d5 f8b8 c1f1 a4c2 f1f2 c2c7 h3h4 b8e8 g4g5
r1bq1rk1/ppp1bppp/2np1n2/8/2P5/2N1P3/PPN1BPPP/R1BQK2R b KQ -,a7a5 e1h1 f8e8 b2b3 f6d7 c3d5 d7c5 c2d4 e7f6 c1b2
r1b2rk1/1p2bpp1/p6p/3p2P1/3B3P/8/PPP1BP2/2KR2R1 b - -,h6h5 e2h5 c8f5 g5g6 f7f6 h5f3 f5e4 f3h1 a8c8 c2c3
5r2/2RP1Npk/1p3n1p/p7/8/1P6/5P1P/6K1 b - -,f6d5 c7c8 d5f6 d7d8q f8d8 f7d8 f6e4 c8c7 e4d2 d8e6
2r2rk1/pp3ppp/2np4/1Nb5/2B1PR2/3p2PP/PPP3P1/3R3K b - -,d3c2 d1c1 a7a6 b5a3 c6e5 c4f1 c5e3 c1c2 c8c2 a3c2
1R6/5kpp/1P6/8/4b3/8/5bPP/7K b - -,f2h4 b8c8 h4f6 c8c7 f7g8 b6b7 e4b7 c7b7 h7h5 b7d7
r5k1/1p1R2p1/2p4p/5p2/4qP2/4P2P/3QR1PK/1r6 b - -,
6K1/4k1P1/8/8/7R/8/r7/8 b - -,g8h7 d2c3 a8g8 d7c7 e4e6 e2d2 b1b3 c3c5 b3e3 c7b7
r2q1rk1/4b1p1/4Pn1p/1B1pp3/P4p2/8/1P1B1PPP/R2Q1RK1 b - -,d8d6 f2f3 d6e6 g1h1 e7d6 a4a5 g8h8 d1a4 e5e4 a5a6
7r/1R6/2pk4/5b2/Np6/1P6/P2K4/8 b - -,h8h4 d2c1 f5d3 a4b2 d3g6 b2a4 h4h1 c1d2 h1h2 d2c1
r2q1rk1/4b1p1/3pPn1p/1B2p3/5p2/8/PP1B1PPP/R2Q1RK1 b - -,d8b8 a2a4 d6d5 g1h1 f8d8 f2f3 e5e4 a1c1 e4e3 d2c3
2r2rk1/pp3ppp/2np4/1Nb5/2B1PR2/6PP/PPp3P1/4R2K b - -,c6e5 e1c1 e5c4 c1c2 c4e5 f4f1 c8c6 c2d2 a7a6 b5d4
3r1rk1/1pp1ppbp/p5p1/3p4/5P2/2PP1NPq/PPQ2P1P/R4RK1 b - -,c7c5 f1e1 h3d7 h2h4 h7h5 f3e5 d7c7 a1d1 e7e6 d3d4
4r1k1/5pp1/8/p7/2R1P1P1/2p4P/P3PQK1/2q5 b - -,c1d2 c4c7 e8f8 g2f3 d2a2 c7c3 a2b1 f2e3 a5a4 f3g2
r1b5/p5k1/2p5/1p5R/8/2N1K3/PP5p/8 b - -,c8h3 h5h3 a8h8 h3h2 h8h2 b2b3 g7f7 e3e4 f7e6 e4d4
R7/pr3k2/2pR4/1p6/5p2/6p1/PPB5/2K5 b - -,c6c5 c2e4 f7e7 d6g6 e7f7 a8h8 b7b6 h8h7 f7f8 g6b6
r7/p2k4/2p5/2K5/Np6/1b6/1P1R4/8 b - -,d7e6 c5b4 a8b8 b4a3 b3d5 a4c3 b8h8 a3b4 e6d6 c3e4
r6k/2p1N1rp/3p1Q1R/pp2p1P1/4P3/2qnP1K1/8/R7 b - -,d7e6 c5b4 a8b8 b4a3 b3d5 a4c3 b8h8 a3b4 e6d6 c3e4
3rr1k1/p5p1/1p1nq2p/2p1PpP1/3P4/1P4P1/PBQ2Nb1/2R1R1K1 b - -,g2c6 e5d6 e6d6 e1e8 d8e8 c2c3 d6d5 c3c4 e8e2 c4d5
3r1r2/pp2qRk1/2p4p/P1p1p1n1/1P1P2Q1/1B6/6P1/5R1K b - -,f8f7 f1f7 e7f7 b3f7 d8d4 g4g3 g7f7 b4c5 f7f6 g3f2
1r1Q4/R4k1p/1p3np1/8/8/1P5P/5P2/6K1 b - -,f8f7 f1f7 e7f7 b3f7 d8d4 g4g3 g7f7 b4c5 f7f6 g3f2
rnb1k2r/pp2bppp/1q2pn2/2P5/8/4BB2/PPP1NPPP/RN1QK2R b KQkq -,b6a6 e1h1 b8d7 e2c3 e7c5 e3c5 d7c5 b1a3 e8h8 d1d4
rnb1k1nr/pp2ppbp/6p1/4q3/3N4/2N1B2P/PP3PP1/R2QKB1R b KQkq -,g8f6 f1b5 b8d7 e1h1 a7a6 b5e2 e8h8 a1c1 e5b8 d1b3
4r1k1/5pp1/2q5/Q7/2pRP1P1/4P2P/P5K1/8 b - -,
1R6/1P3kp1/8/7p/4b3/8/5bPP/7K b - -,e4b7 b8b7 f7g8 b7b8 g8h7 b8f8 f2e3 f8f3 e3h6 h1g1
8/8/2pk2p1/R4p2/P1P4r/1P3K2/8/8 b - -,h4h3 f3f4 h3b3 a5a8 b3c3 f4g5 c3g3 g5h6 d6c5 a8c8
8/1R3p2/p2r1p2/4pP2/4P2k/3PK3/P7/8 b - -,a6a5 b7a7 a5a4 a7f7 h4g5 f7g7 g5h6 g7a7 d6d4 a2a3
3q1rk1/p2bpp2/3p1bp1/1prNn2p/3NP2P/1B3P2/PPPQ2P1/1K1R3R b - -,c5d5 b3d5 d8b6 f3f4 e5c4 d5c4 b5c4 c2c3 d7g4 d4f3
rnbq1rk1/pp3ppp/1n6/2pNP3/2B5/5N2/PPQ2PPP/2KR3R b - -,b8d7 h2h4 b6c4 e5e6 b7b5 e6e7 d8a5 f3g5 g7g6 e7f8q
Q7/8/8/8/8/1k6/p1p5/K7 b - -,b8d7 h2h4 b6c4 e5e6 b7b5 e6e7 d8a5 f3g5 g7g6 e7f8q
r2qk2r/pp2bpp1/2n3b1/2P4P/3p1P1P/2NPB3/PP2Q3/2KR1B1R b kq -,g6h5 e2g2 h5d1 e3d2 d4c3 d2c3 e7f6 c1d1 f6c3 b2c3
5rk1/3R1pp1/8/p3P3/6P1/2p4P/P3PQK1/2q5 b - -,c3c2 d7c7 c1d2 f2c5 c2c1r c5c1 d2e2 g2g3 e2a2 c1e3
b4rk1/3nNpbp/3p2p1/7r/2P5/1P4P1/PB2PP2/R4RK1 b - -,g8h8 b2g7 h8g7 e7d5 d7f6 f1b1 f6d5 c4d5 f8e8 b1b2
r7/4k1PK/8/8/7R/8/8/8 b - -,g8h8 b2g7 h8g7 e7d5 d7f6 f1b1 f6d5 c4d5 f8e8 b1b2
r7/p1k5/2p5/8/NK6/1b6/1P1R4/8 b - -,a8b8 b4a3 b3d5 a4c3 c7d6 d2h2 b8b3 a3a4 b3b6 a4a3
3r1r1k/1p4pp/1b2B3/1P4N1/1p3qbn/1Q3N2/R4PPP/4R1K1 b - -,g4f3 g5f3 d8e8 a2e2 h4f3 b3f3 f4d4 e6f7 e8e2 f3e2
4r1k1/5pp1/8/p7/2pRP1P1/4P2P/P4K2/8 b - -,e8c8 f2e1 c4c3 e1d1 c3c2 d1c1 c8c3 d4d8 g8h7 d8a8
8/Rr1kp1n1/2pp3p/R7/2PP2r1/1P2KN2/P6P/8 b - -,d7c7 e3f2 g4e4 a7a6 b7b6 d4d5 b6a6 a5a6 c6d5 c4d5
2r2rk1/R4p1p/p2p2p1/1p1B4/4P3/5P2/Pb3P1P/4R1K1 b - -,b2d4 a7a6 c8c2 e1f1 d4c5 d5b3 c2e2 a6c6 g8g7 c6c7
6k1/1p1R2p1/2p4p/5p2/4qP2/2Q1P2P/4R1PK/rr6 b - -,b2d4 a7a6 c8c2 e1f1 d4c5 d5b3 c2e2 a6c6 g8g7 c6c7
r2q1r2/pp1kp1bp/2p5/7Q/4R3/8/PPPP1PPP/R1B3K1 b - -,g7f6 d2d4 d8b6 h5g4 d7e8 c2c3 a7a5 g4h5 e8d8 a2a4
8/1R3kp1/8/7p/8/8/5bPP/7K b - -,f7g8 b7b5 g7g6 b5a5 f2d4 g2g3 g8h7 h1g2 h7g8 a5a4
3r1rk1/1pp1ppbp/p5p1/3p4/3N1P2/2PP2Pq/PP2QP1P/R4RK1 b - -,g7d4 c3d4 e7e6 f1e1 h7h5 a1c1 c7c6 a2a4 h3f5 h2h4
r1bq1rk1/p3bpp1/1p3n1p/2pp4/1n1P3B/2N1PN2/PP1QBPPP/R4RK1 b - -,f6e4 h4e7 d8e7 d2c1 e4f6 f1d1 f8d8 a2a3 b4c6 d4c5
r1bqkb1r/pp1nnp1p/3pp1p1/1BP5/4PP2/2N2N2/PPP3PP/R1BQK2R b KQkq -,d6c5 c1e3 d8c7 d1d2 a7a6 b5d7 c7d7 e3c5 d7d2 f3d2
6k1/p6r/4pPQ1/q1bpP3/2p5/p1P5/2PB4/R4K2 b - -,g8f8 g6h7 f8e8 f6f7 e8d8 d2g5 d8c8 h7g8 c8b7 a1b1
2b5/4qrkp/3p1N2/2pPr3/2P5/3B2QP/6P1/5RK1 b - -,g8f8 g6h7 f8e8 f6f7 e8d8 d2g5 d8c8 h7g8 c8b7 a1b1
R7/P7/7k/5Pp1/8/4K3/r7/8 b - -,a2a3 e3e4 a3a4 e4e5 a4a5 e5e6 a5a6 e6e7 h6h5 f5f6
5q1k/1P4p1/7p/5b2/5R2/5Q2/1pr2PPP/4R2K b - -,c2c1 f3e3 b2b1q e1c1 b1b7 h2h3 b7b5 e3g3 b5b2 c1c7
8/5R2/p4p2/4pP2/3rP2k/3PK3/P7/8 b - -,d4a4 f7f6 h4h5 f6e6 a4a5 a2a4 a5c5 e6a6 h5g5 a6g6
r2q1r2/ppk1p1bp/2p5/7Q/3PR3/8/PPP2PPP/R1B3K1 b - -,a7a5 c1f4 f8f4 e4f4 d8d6 h5f3 g7d4 a1d1 d4f2 g1f2
1r6/p1k5/2p5/8/N7/Kb6/1P1R4/8 b - -,b3d5 a4c3 c7d6 c3e4 d6e5 e4c3 b8h8 a3b4 e5d6 d2e2
8/6pk/2p3r1/1p1n1p2/3Pp1q1/4P1P1/1PR2PB1/5QK1 b - -,d5b4 c2d2 g6e6 f1e1 g4h5 e1f1 h7g8 f1e2 h5f7 d2d1
b4r1k/3nNpBp/3p2p1/7r/2P5/1P4P1/P3PP2/R4RK1 b - -,h8g7 e7d5 d7f6 f1b1 f6d5 c4d5 f8e8 b1b2 h5e5 g1f1
2r3k1/5pp1/8/p7/2pRP1P1/4P2P/P3K3/8 b - -,c4c3 e2d1 c3c2 d1c1 c8c3 h3h4 c3a3 c1c2 a3a2 c2d3
8/8/8/P1p5/8/1k6/p7/K7 b - -,c4c3 e2d1 c3c2 d1c1 c8c3 h3h4 c3a3 c1c2 a3a2 c2d3
3r1r1k/1p4pp/1b2B3/1P6/1p3q1n/1Q3N2/R4PPP/4R1K1 b - -,d8e8 a2e2 h4f3 b3f3 f4d4 e6f7 e8e2 f3e2 d4c5 f7c4
r2qk2r/1p1nbppp/2p1pn2/3p4/pP3P2/P2PPQ1P/1BPN2P1/R3KB1R b KQkq -,
1r4k1/p3ppbp/3pPnp1/q7/4P1P1/P1QB3P/1PP5/2KR3R b - -,a5g5 d1d2 f6e4 e6f7 g8f8 c3g7 f8g7 d3e4 g5e5 h1e1
r2q1rk1/1p2b1p1/p2pPn1p/4p3/2P2p2/3B4/PP1B1PPP/R2Q1RK1 b - -,b7b5 c4b5 a6b5 f1e1 d8b8 d1e2 b5b4 a2a4 b4a3 b2a3
8/4K3/r7/5P2/3kP3/8/6PP/8 b - -,d4e5 e7f7 a6a7 f7g6 a7a2 g2g4 a2h2 g6f7 h2h7 f7g8
8/8/2p5/pp6/P2k4/1P2p1R1/5r2/2K5 b - -,b5b4 c1d1 d4d3 d1c1 c6c5 g3h3 f2f1 c1b2 f1f4 b2c1
8/8/6p1/2B5/p2p3P/1k1K3P/8/8 b - -,a4a3 c5d4 a3a2 d3e4 b3c2 e4f4 c2d3 d4a1 d3d2 f4g5
r2qk2r/pp2bpp1/2n5/2P4b/3p1P1P/2NPB3/PP4Q1/2KR1B1R b kq -,h5d1 c3d1 d4e3 d1e3 d8d4 e3c4 e8f8 c1b1 e7f6 h4h5
8/6R1/p4p2/4pPk1/3rP3/3PK3/P7/8 b - -,g5h6 g7g6 h6h5 g6f6 d4a4 f6e6 a4a5 a2a4 a5c5 e6a6
4rk2/p2b4/1p5q/1P1PQ2B/4Pp1N/8/P4r2/2R4K b - -,g5h6 g7g6 h6h5 g6f6 d4a4 f6e6 a4a5 a2a4 a5c5 e6a6
5q2/2kQ4/8/4N3/8/8/6nK/8 b - -,c7b6 d7c6 b6a5 c6d5 a5b4 h2g2 f8f6 d5e4 b4b3 e5d3
4r1k1/p1q4p/1p2ppp1/2pp1Pn1/P2P2P1/2P1P3/1P4QP/R4RK1 b - -,e6f5 g4f5 g8g7 a1e1 e8e4 g1h1 c7e7 f5g6 h7g6 g2g3
8/4k3/R7/PprP1p1r/5R2/2P3K1/1P6/8 b - -,e7e8 a6a8 e8f7 a5a6 c5d5 f4d4 d5e5 a6a7 e5e3 g3f2
8/8/2pk2p1/R4p2/2P4r/1P4K1/P7/8 b - -,h4e4 g3f2 e4h4 f2g2 h4g4 g2f3 g4g1 f3f2 g1a1 f2e3
3r1rk1/1pp1ppbp/p5p1/3p4/Q2N1P2/2PP2Pq/PP3P1P/R4RK1 b - -,c7c5 d4f3 h3d7 a4c2 e7e6 f1e1 b7b5 d3d4 d8c8 c2d2
r1b2rk1/pp3ppp/2n1pn2/2q5/8/P1N2B2/1PP1NPPP/R2Q1RK1 b - -,f8d8 d1c1 c6e5 f3e4 f6e4 c3e4 c5b6 c2c4 f7f5 e4g3
r1bk3r/ppp2ppp/2p5/2b3q1/4Q3/3P4/PPP2PPP/RN1K1B1R b - -,h8e8 b1d2 e8e4 d2e4 g5h4 g2g3 h4h6 e4c5 h6h5 d1d2
4r1k1/5pp1/2q5/3Q4/3RP1P1/2p1P2P/P5K1/8 b - -,
b4r2/3n1pkp/3p2p1/3N3r/2P5/1P4P1/P3PP2/R4RK1 b - -,d7f6 f1b1 f6d5 c4d5 f8e8 b1b2 h5e5 g1f1 e5d5 f2f3
b5R1/p4r2/2p5/1p6/4Np2/5k2/PPB5/2K5 b - -,f3e3 g8e8 e3d4 e8a8 a7a5 a8d8 d4e5 e4f2 f7g7 f2d3
1k1b1r2/8/2R5/2p1R3/8/2P5/P7/1K6 b - -,f8f2 e5c5 b8b7 c6e6 f2f3 b1b2 d8f6 a2a4 b7b8 b2b3
7k/7p/p5p1/3Bp1b1/2K5/1P3P2/P1P4R/2q5 b - -,c1f1 c4c3 f1g1 h2d2 g1e1 c3c4 e1d2 c4c5 d2c2 d5c4
6k1/1p1R2p1/2p4p/5p2/4qP2/2Q1P1KP/4R1P1/r6r b - -,g5f4 d5e4 f4h2 a2a4 c1d2 b3b4 d2d4 c4b3 h2f4 c2c3
r1br2k1/pp3ppp/2n1pn2/2q5/8/P1N2B2/1PP1NPPP/R3QRK1 b - -,c6e5 a1d1 e5f3 g2f3 c8d7 e2g3 c5b6 b2b4 d7c6 d1d8
1Rq4k/6p1/7p/8/5Q2/8/5PPP/1b5K b - -,e6e5 f3c6 b7c6 a1d1 c8f5 d1d8 a8d8 e1c1 h7h6 h2h3
r1b2rk1/2q2pbp/p1p3p1/3p3n/8/2PBBN1P/PP3PP1/R2QR1K1 b - -,f8e8 a1c1 c8d7 d3f1 a6a5 b2b3 c7d6 c3c4 h5f6 e3d4
8/p6p/1pb2Q1k/8/r7/3P3P/1B2q1P1/6K1 b - -,f8e8 a1c1 c8d7 d3f1 a6a5 b2b3 c7d6 c3c4 h5f6 e3d4
3r4/4R1k1/7p/1Q6/7q/5rp1/1P6/4R1K1 b - -,g7f8 e7e8 f8g7 e1e7 g7g6 b5c6 h4f6 c6e4 f6f5 e4f5
3r1rk1/1pp1pp1p/p5p1/3p4/3Q1P2/2PP2Pq/PP3P1P/R4RK1 b - -,h3c8 b2b4 b7b6 f1e1 e7e6 d4f6 d8d7 a2a4 c8d8 f6d4
2b4r/1p4R1/4k2p/1B6/8/5P2/1Q2K2P/8 b - -,h3c8 b2b4 b7b6 f1e1 e7e6 d4f6 d8d7 a2a4 c8d8 f6d4
r7/5kPK/8/8/5R2/8/8/8 b - -,h3c8 b2b4 b7b6 f1e1 e7e6 d4f6 d8d7 a2a4 c8d8 f6d4
r2qk2r/1p1nbppp/4pn2/1Ppp4/p4P2/P2PPQ1P/1BPN2P1/R3KB1R b KQkq -,
6k1/p5p1/4pr1r/1p1b4/3R1q2/2P2P1P/PP1NQ1P1/R5K1 b - -,f4f5 e2d3 f5e5 d4g4 f6f4 g4f4 e5f4 d2f1 b5b4 c3b4
5q1k/1P4p1/7p/5b2/8/5Q2/1pr2PPP/3RR2K b - -,h8g8 f3d5 g8h8 d5d8 f8d8 d1d8 h8h7 b7b8q c2e2 e1e2
8/8/2p5/p7/Pp6/1P1kp1R1/5r2/2K5 b - -,f2c2 c1b1 c2h2 b1c1 c6c5 g3g1 h2c2 c1b1 c2f2 g1g8
r1bkr3/ppp2ppp/2p5/2b3q1/2Q5/3P4/PPP2PPP/RN1K1B1R b - -,c5f2 f1e2 g5g2 h1f1 e8e2 d1e2 f2h4 e2e3 h4g5 f1f4
8/8/8/5k1P/2p2P2/K7/8/8 b - -,c5f2 f1e2 g5g2 h1f1 e8e2 d1e2 f2h4 e2e3 h4g5 f1f4
2kr3r/pppnppbp/6p1/3Pn3/2P2B2/2N2P2/PP2BP1P/2KR3R b - -,
r1b2rk1/2q2pbp/p1p3p1/3p4/5n2/2P1BN1P/PP3PP1/R2QRBK1 b - -,f8d8 e3d4 f4e6 d4e5 g7e5 f3e5 e6c5 b2b4 c5e4 d1d4
r2q1r2/pp2p2p/1kp5/7Q/3R1B2/8/PPP2PPP/R5K1 b - -,f8f5 h5f5 d8d4 f4e3 d4e3 f2e3 a8d8 f5h7 d8d7 h7e4
r3R3/p5k1/2p5/1p2p3/6b1/2N3p1/PPB2r2/4K2R b - -,a8e8 h1h7 g7g8 h7h4 f2c2 h4g4 g8f7 e1d1 c2b2 g4g3
1r3R1k/8/3PQ2p/6p1/1p6/2p3PP/1P3P2/6K1 b - -,e5e4 e8e7 g7f8 e7e4 f2c2 h1f1 c2f2 e4g4 f2f1 e1f1
rnb2rk1/pp2qppp/8/2pBP3/7P/5N2/PPQ2PP1/2KR3R b - -,b8a6 f3g5 g7g6 c2c4 a6c7 c4f4 h7h6 g5e4 g8g7 e4d6
r3qrk1/1p2b1p1/p3p2p/1b1pPp2/5P2/2P1B2Q/PPB3PP/R5RK b - -,e8g6 e3d4 g6g4 h3g4 f5g4 a2a4 b5e8 g1f1 a8c8 h1g1
4r1k1/5pp1/q7/8/2QRP1P1/2p1P2P/P5K1/8 b - -,
1Q5k/6p1/7p/8/8/8/5PPP/1b5K b - -,a6a3 d4d7 e8f8 d7b7 a3c1 c4d3 c1a3
2r3k1/5pp1/8/p7/3RP1P1/2p1P2P/P7/3K4 b - -,c3c2 d1c1 c8c3 h3h4 c3a3 c1c2 a3a2 c2d3 g8f8 h4h5
r2q1rk1/p3bpp1/1p3n1p/2pp1b2/1n1P3B/P1N1PN2/1P1QBPPP/R4RK1 b - -,b4c6 d4c5 f6e4 h4e7 c6e7 d2c1 a8c8 c5b6 d8b6 f3d4
5q2/2k5/8/4N3/8/8/6nK/2Q5 b - -,b4c6 d4c5 f6e4 h4e7 c6e7 d2c1 a8c8 c5b6 d8b6 f3d4
5rk1/3R1pp1/8/p1Q5/4P1P1/2p4P/Pq2PK2/8 b - -,c3c2 d7c7 b2a2 c5c2 a2c2 c7c2 a5a4 c2c3 f8a8 c3a3
8/R7/p4p2/4pP1k/3rP3/3PK3/P7/8 b - -,h5g5 a7a6 d4d7 a2a4 d7h7 a6a8 h7h3 e3d2 h3h7 a8a5
b5R1/p3r3/2p5/1p6/5p2/5k2/PPBN4/2K5 b - -,f3e3 g8a8 e3d4 d2b3 d4e5 a8d8 e7e6 c2d1 f4f3 d1f3
r2q1rk1/1p2b1p1/p2pPn1p/8/2P1pp2/8/PPBB1PPP/R2Q1RK1 b - -,f4f3 g2f3 d8c8 f3e4 c8e6 d1e2 a8c8 f2f4 d6d5 e4e5
r1bqk1nr/p1pp1pbp/1pn1p1p1/4P3/3P4/2N1BN2/PPP2PPP/R2QKB1R b KQkq -,c8b7 h2h4 d7d6 f1b5 h7h6 d1e2 a7a6 b5c6 b7c6 e1a1
8/p1q3kp/1p3pp1/2pQ1Pn1/P2P4/2P5/1P5P/4R1K1 b - -,c5d4 f5g6 h7g6 c3d4 c7f4 g1h1 f4f2 e1g1 g7h6 d5g2
8/8/p6p/2p2b2/2p1r2P/5kP1/P5QK/8 b - -,f3g4 g2h3 g4f3 h3f5 f3e3 f5c5 e3e2 h4h5 a6a5 c5a5
r1bR4/p4k2/2p5/1p6/4N3/4K3/PP4pr/6R1 b - -,a7a6 b2b3 a6a5 e3d4 a5a4 e4d6 f7e7 d8c8 a8c8 d6c8
rk1q1b1r/pb2n1p1/4N3/1B1np2p/2Q5/8/PPPP1PPP/R1B2RK1 b - -,d5b6 e6d8 b6c4 b5c4 h5h4 d8b7 b8b7 d2d3 h4h3 g2g3
r4r2/pp2p2p/1kp5/7Q/3q4/4B3/PPP2PPP/R5K1 b - -,f8f4 b2b4 b6c7 e3d4 f4d4 h5e5 d4d6 e5e7 d6d7 e7e5
8/8/5k2/8/8/3K4/8/2QR4 b - -,f8f4 b2b4 b6c7 e3d4 f4d4 h5e5 d4d6 e5e7 d6d7 e7e5
7k/7p/p5p1/4p1b1/2K1Bq2/1P3P2/P1P4R/8 b - -,f4h2 a2a4 h2f2 c4d5 f2b6 e4d3 g5e3 d3e4 b6d8 d5c6
8/pp3Bk1/2p4p/P1p1p1n1/1P1r4/6Q1/6P1/7K b - -,g7f7 b4c5 f7f6 g3f2 d4f4 f2b2 f4a4 b2b7 a4a5 b7c6
2r3k1/5pp1/8/p7/3RP1P1/4P2P/P1p5/2K5 b - -,
2r3k1/pp3pp1/4p1np/2P5/4N1Q1/P7/5P1P/2qR2K1 b - -,c1a3 g1g2 b7b6 e4d6 c8f8 c5c6 a3c5 g4e4 g6e7 d6f7
r3k2r/1b3ppp/p3pn2/1pb1N1B1/8/3B4/PPP2PPP/3R1RK1 b kq -,f6e4 d3e4 b7e4 c2c4 b5c4 e5c4 e4d5 d1c1 f7f6 g5d2
r7/p3k1R1/2p5/2Kb4/Np6/8/1P6/8 b - -,e7f6 g7b7 b4b3 a4c3 f6e6 c3d5 c6d5 b7b3 a8c8 c5d4
r1b1R3/p5k1/2p5/1p2p3/8/2N5/PPK3p1/6R1 b - -,c8f5 c2b3 a8e8 g1g2 g7f6 a2a4 f5d3 a4b5 c6b5 c3d5
r2q1r2/ppk1p2p/2p5/7Q/3bRB2/8/PPP2PPP/R5K1 b - -,c7c8 h5g4 d8d7 g4d7 c8d7 e4d4 d7e8 a1e1 c6c5 d4e4
4rr1k/1p3Bpp/1b6/1P6/1p1q4/5Q2/4RPPP/4R1K1 b - -,e8e2 f3e2 d4c5 f7c4 f8f2 e2e8 f2f8 g1h1 b4b3 e8e2
rnbqr1k1/ppp2ppp/3bpn2/3pN3/3P4/2PBP3/PP3PPP/RNBQ1RK1 b - -,b7b6 b2b3 c7c5 c1b2 c8a6 d3a6 b8a6 d1e2 d8c8 c3c4
rqb1kb1r/1p2nppp/p1p1p3/8/3B4/3B4/P1PN1PPP/R2QR1K1 b kq -,c8d7 d4e5 b8d8 d1h5 e7d5 d2e4 d5f6 e4f6 g7f6 e5c3
rnbqkb1r/pppn1ppp/3P4/8/3Q4/8/PPP1BPPP/RNB1K1NR b KQkq -,c7d6 c1f4 b8c6 d4e3 d7e5 g1f3 f8e7 e1h1 e8h8 f1d1
6k1/1p1R2p1/2p4p/5p2/4qP2/2Q1P2K/4R1P1/r7 b - -,c7d6 c1f4 b8c6 d4e3 d7e5 g1f3 f8e7 e1h1 e8h8 f1d1
8/5R2/p4p2/4pP1k/r3P3/3PK3/P7/8 b - -,a4a3 f7f6 a3a2 f6e6 a2a5 e6d6 h5g5 d6g6 g5h5 e3d2
8/8/2p5/p7/Pp6/1P1kp1R1/1K6/7r b - -,h1h2 b2c1 c6c5 g3g8 d3c3 g8g1 h2f2 c1d1 c3b3 g1g4
5rk1/3R1pp1/8/p7/4P1P1/2p1Q2P/P3PK2/2q5 b - -,c1b2 e3d4 b2b4 e4e5 g7g6 a2a3 b4d4 d7d4 f8c8 d4d1
r1bR4/p4k2/2p5/1p6/3KN3/7r/PP4p1/6R1 b - -,h3h4 g1g2 h4e4 d4e4 c8f5 e4f5 a8d8 f5e4 f7e6 b2b4
4r1k1/3R1pp1/8/8/2Q1P1P1/q1p1P2P/P5K1/8 b - -,
r1bq1rk1/pp1n1p2/2n1p1p1/3pP1P1/3N2P1/2NB4/PPP4Q/1K1R4 b - -,f7f5 d4e6 d8e7 d1h1 d7b6 h2h8 g8f7 e6f8 e7e5 h1h7
8/5n1p/rpp1bkp1/p7/P4B2/1PN3P1/1K5P/3R4 b - -,a6a7 f4e3 a7b7 e3d4 f6e7 c3e4 h7h5 d4f6 e7f8 d1e1
R7/p3r3/2p5/1p6/5p2/4k3/PPBN4/2K5 b - -,e3d4 a8f8 a7a5 f8f4 d4c5 f4f6 e7e1 c2d1 a5a4 a2a3
8/p4Q1p/1pb5/7k/r7/3P3P/1B2q1P1/6K1 b - -,e3d4 a8f8 a7a5 f8f4 d4c5 f4f6 e7e1 c2d1 a5a4 a2a3
8/8/8/4k3/8/8/3K4/2QR4 b - -,e3d4 a8f8 a7a5 f8f4 d4c5 f4f6 e7e1 c2d1 a5a4 a2a3
4r2k/7p/p1p3pq/4b3/2B1PP2/2N2p2/PPPR1QbP/3R2K1 b - -,h6f4 f2g2 f3g2 d2g2 f4e3 g1h1 e8f8 c4e2 a6a5 a2a4
rnbqk2r/pp3ppp/2pb1n2/3pp3/3PP3/2N3P1/PPP1NPBP/R1BQK2R b KQkq -,e8h8 e4d5 c6d5 c1g5 b8d7 e1h1 h7h6 d4e5 d6e5 g5f4
6k1/p5pp/4p3/2pp3P/4b1P1/8/P3BK2/8 b - -,g8f7 e2f3 e4b1 a2a4 f7f6 f3e2 b1e4 e2f3 f6e5 f3e4
r7/pR6/2p2k2/2Kb4/Np6/8/1P6/8 b - -,b4b3 a4c3 f6e6 c3d5 c6d5 c5d4 a8c8 b7b3 c8c4 d4d3
r2q1r2/pp2p2p/1kp5/7Q/3bRB2/2P5/PP3PPP/R5K1 b - -,d8d5 h5d5 d4f2 g1f2 c6d5 e4e6 b6b5 f2e3 f8f7 a1d1
2kr3r/pp1nppbp/6p1/2pPn3/2P1NB2/5P2/PP2BP1P/2KR3R b - -,b7b6 h2h4 h7h6 e4g3 f7f5 h4h5 d8f8 f4e5 d7e5 f3f4
5k2/3K4/5R2/4P2p/5b2/8/8/8 b - -,b7b6 h2h4 h7h6 e4g3 f7f5 h4h5 d8f8 f4e5 d7e5 f3f4
1Q6/6pk/7p/5q2/4R3/8/1pr2PPP/4R2K b - -,b7b6 h2h4 h7h6 e4g3 f7f5 h4h5 d8f8 f4e5 d7e5 f3f4
r4rk1/ppp1ppbp/6p1/5b2/2BqN3/5P2/PPQ3PP/R1B1K2R b KQ -,f8d8 c1g5 d4e5 g5e3 b7b5 c4e2 c7c5 e1h1 c5c4 b2b3
8/pp3k2/2p4p/P1P1p1n1/3r4/6Q1/6P1/7K b - -,f7f6 g3f2 d4f4 f2b2 f4a4 b2b7 a4a5 b7c6 g5e6 c6f3
RQ1QKBNR/PBPPPPPP/N7/8/8/5n2/pppppp1p/rnbqkbqr b - -,b1c3 g8f6 f1h3 g7g8q b2b1q c7c8q c1b2 f8h6 c2c1q f7f8q
4rrk1/pppqn1p1/3b3p/3p2p1/3P3P/2PQ1NP1/PP1BRPK1/4R3 b - -,g5g4 f3e5 d6e5 e2e5 e7c8 e5e8 f8e8 e1e8 d7e8 d3f5
5k2/3K4/6R1/4P2p/5P2/6b1/8/8 b - -,g5g4 f3e5 d6e5 e2e5 e7c8 e5e8 f8e8 e1e8 d7e8 d3f5
4r3/p5k1/2p5/1p2pb2/8/2N3p1/PP6/2K3R1 b - -,g7f6 g1g3 e8h8 c3d1 h8h2 g3c3 f5e4 a2a4 b5b4 c3c4
r1bR4/p4k2/2p5/1p6/3KN2r/8/PP4R1/8 b - -,h4e4 d4e4 c8f5 e4f5 a8d8 f5e4 f7e7 b2b4 e7d6 e4d4
r2qk2r/pp2bpQ1/2n5/2P5/3p1P1P/2NPB3/PP6/2Kb1B1R b kq -,e7f6 g7g2 d1h5 e3d2 d4c3 d2c3 f6c3 b2c3 d8a5 g2c2
8/6R1/p4p2/4pPk1/r3P3/3PK3/P7/8 b - -,g5h5 g7g6 a4a2 g6f6 a2a5 f6d6 h5g5 d6g6 g5h5 e3d2
r3k2r/1b3ppp/1p1Qpb2/Bpn5/2P1PPP1/8/P3B2P/1R3R1K b kq -,h7h5 d6b6 e8h8 b6c5 f8c8 c5b5 b7c6 b5h5 g7g6 h5h3
2b1n1k1/2p3bp/1pPP1r2/1Pp1p2q/2N1P1p1/2NB1pP1/2Q2P1P/R5K1 b - -,f6h6 h2h4 h6d6 c4d6 e8d6 c3d5 h5f7 a1a7 c8e6 a7c7
rnbqkb1r/pp1n1ppp/3p4/8/3Q1B2/8/PPP1BPPP/RN2K1NR b KQkq -,b8c6 d4e3 d7e5 g1f3 f8e7 e1h1 e8h8 b1c3 e5g4 e3d2
r1q2rk1/1p2b1p1/p2pPn1p/8/2P1pp2/2B5/PPB2PPP/R2Q1RK1 b - -,g8h8 c3f6 e7f6 d1d5 c8c6 c2e4 c6d5 e4d5 a8e8 a1b1
4r1k1/3R1pp1/8/8/2Q1P1P1/2p1P1KP/Pq6/8 b - -,
3rRk2/8/7p/1Q6/7q/5rp1/1P6/4R1K1 b - -,d8e8 b5e8 f8g7 e1e7 h4e7 e8e7 g7g6 e7e4 f3f5 b2b4
r7/pR6/2p2k2/2Kb4/8/1pN5/1P6/8 b - -,f6e6 c3d5 c6d5 b7b3 a8c8 c5d4 c8c4 d4d3 e6e5 b3a3
5r1k/1p4pp/1b6/1Pq5/1pB5/8/4QPPP/4R1K1 b - -,f8f2 e2e8 f2f8 g1h1 b4b3 e8e2 b3b2 c4d3 c5d4 h2h3
r5k1/1b4pp/1pqrp3/p3Rp2/P1Pp4/1P1Q1PP1/3N3P/4R1K1 b - -,a8f8 g1f2 h7h6 d3e2 b7c8 e2d3 f8e8 d3e2 e8d8 e2d3
8/p1q3kp/1p3pp1/2p2P2/P2P4/2P5/1P4KP/4Q3 b - -,c5d4 c3d4 c7c2 g2g3 c2d3 g3g2 d3d4 f5g6 d4d5 g2f2
r2q1r2/pp2p2p/1kp5/2b4Q/1P2RB2/2P5/P4PPP/R5K1 b - -,e7e5 b4c5 b6a5 f4e5 f8g8 h5e2 g8g5 g2g3 g5e5 e4e5
6k1/5p2/8/8/8/7P/pr4P1/R5K1 b - -,b2b1 a1b1 a2b1q g1f2 g8g7 h3h4 b1f5 f2e3 f5f1 g2g3
1Q6/6pk/7p/5q2/8/8/1pr2PPP/3RR2K b - -,h6h5 h2h3 f5f6 b8b3 c2c6 d1b1 c6b6 b3c2 h7h6 c2d2
2r3k1/1b2bpp1/pq2pn1p/1p2N3/4n2B/P1N1P2P/1P1rBPP1/R1Q2RK1 b - -,d2e2 c3e2 c8c1 a1c1 g7g5 h4g3 e4g3 e2g3 e7d6 e5g4
8/3r4/1k4p1/2p1p1P1/1pP1P2p/1P1BKp1P/P4P2/8 b - -,d7d8 d3c2 b6c7 c2d3 d8h8 e3f3 h8h5 f3g4 h5h7 g4f3
8/8/p4pR1/4pP1k/r3P3/3PK3/P7/8 b - -,a4a3 g6f6 a3a2 f6d6 h5g5 d6e6 a2a5 e6g6 g5h5 e3d2
4rrk1/1pp2p1p/p3P1p1/3p4/3Q4/2PP2Pq/PP3P1P/R4RK1 b - -,h3f5 e6f7 f8f7 a1e1 f7e7 e1e7 e8e7 d4b4 g8f7 b4b7
r2qkb1r/1b3ppp/ppnppn2/2p5/4P3/1PN2NP1/PBPPQPBP/R4RK1 b kq -,d8c7 c3d1 f8e7 c2c4 e8h8 d2d4 c5d4 f3d4 b6b5 a1c1
3R2k1/5pp1/8/p7/4P1P1/2r1P2P/P1p5/2K5 b - -,
3r2k1/5p2/3q1p2/p7/2R1P1P1/2p2P1P/P4QK1/8 b - -,d6f4 c4c3 d8d2 c3c2 d2f2 c2f2 f4g5 g2g3 g8g7 f2c2
2kr3r/pp1nppb1/3P2pp/2p1n3/2P1NB2/5P2/PP2BP1P/2KR3R b - -,e7e6 f4e3 b7b6 b2b4 c5b4 h1g1 h8g8 c4c5 f7f5 f3f4
r2q1rk1/p3bpp1/1pn2n1p/2ppNb2/3P3B/P1N1P3/1P1QBPPP/R4RK1 b - -,c6e5 d4e5 f6e4 c3e4 f5e4 h4g3 d8d7 h2h3 a8d8 a1d1
4r2k/7p/p1p3pq/8/2B1Pb1P/2N2p2/PPPR1Qb1/3R2K1 b - -,f4e3 c4f1 g2f1 f2e3 h6e3 g1f1 e8f8 d2d8 f8d8 d1d8
8/8/2k1K3/6R1/2p5/8/8/8 b - -,f4e3 c4f1 g2f1 f2e3 h6e3 g1f1 e8f8 d2d8 f8d8 d1d8
rnb1k2r/pp2ppbp/5np1/1B2q3/3N4/2N1B2P/PP3PP1/R2QK2R b KQkq -,b8d7 e1h1 e8h8 d4f3 e5b8 f1e1 a7a6 b5d7 c8d7 e3c5
7k/7p/p5p1/4p1b1/P1K1B3/1P3P2/2P4q/8 b - -,h2d2 e4d3 d2f2 c4d5 f2f3 d3e4 f3e3 c2c3 e3c3 e4g6
r1b5/p5k1/2p5/1p4R1/8/2N1K1p1/PP5r/7R b - -,g7h6 g5g8 h6h7 g8c8 a8c8 h1g1 g3g2 c3e2 a7a5 a2a3
r5k1/1b5p/1pqrp3/p3Rpp1/P1Pp4/1P3PP1/3NQ2P/4R1K1 b - -,a8c8 e5e6 d6e6 e2e6 c6e6 e1e6 c8c6 e6e7 b7c8 g1f2
2q3k1/1p3p1p/2n2Qp1/1pPR1P2/5r2/3R3K/PP5P/5r2 b - -,f1f3 d3f3 f4f3 h3g2 f3f5 f6d6 f5d5 d6d5 c8g4 g2f1
1r4k1/1p3pp1/p2q3p/P2p3P/6R1/2Q5/1P3PP1/6K1 b - -,f7f6 g4b4 d6e6 c3d2 e6e5 b4d4 b8d8 d2d1 d8e8 d4d5
r2q1rk1/1pp2ppp/pbn5/3pP3/3Pn1b1/2N1BN2/PP2BPPP/R2Q1RK1 b - -,h7h6 a1c1 e4c3 b2c3 f7f6 h2h3 g4f5 d1d2 d8e7 e3f4
RQQQKBNR/PB1PPPPP/N7/8/8/5n1b/pppppp1p/rnbqk1qr b - -,f2f1q g8f6 b1a3 g7g8q b2b1q c8c3 h3f5 g8g3 g1f2 c3f3
8/8/p4R2/4pP1k/4P3/3PK3/r7/8 b - -,a2a1 f6d6 h5g5 d6e6 a1a5 e6g6 g5h5 g6d6 a5b5 d6a6
r4rk1/1p2b1p1/p2pqn1p/8/2P1pp2/2B5/PPB2PPP/R2QR1K1 b - -,f8e8 c3f6 e7f6 e1e4 f6e5 d1d3 e6f6 a1e1 e8e7 c4c5
4Q2k/1p4pp/1b6/1Pq5/1pB5/8/5rPP/4R1K1 b - -,f2f8 g1h1 b4b3 e8e2 b3b2 g2g3 b6a5 e1b1 a5c3 c4d3
r1b3kr/bpp2p2/p1np4/4P1B1/P2p4/2P2N1P/1P3PP1/R3R1K1 b - -,d4c3 b2c3 a7c5 e5d6 c5d6 f3d2 c8f5 d2c4 d6f8 c4e3
r2qk2r/1p3p1p/p3bp2/2bN4/3N4/1Q6/PP2PPPP/2KR1B1R b kq -,d8d5 d4e6 d5e6 e2e3 e6b3 a2b3 a8c8 c1b1 e8h8 g2g3
r2qk2r/1b2bppp/ppnppn2/2p5/4P3/1PN2NP1/PBPPQPBP/3R1RK1 b kq -,e8h8 d2d4 c5d4 f3d4 d8c7 a2a4 f8c8 f1e1 c6d4 d1d4
6R1/8/8/p1p5/Pp6/1Pk1p3/7r/3K4 b - -,c3b3 g8g5 b3a4 d1c1 b4b3 g5c5 a4b4 c5e5 a5a4 e5e3
8/8/1k1K4/6R1/2p5/8/8/8 b - -,c3b3 g8g5 b3a4 d1c1 b4b3 g5c5 a4b4 c5e5 a5a4 e5e3
r5k1/1b5p/1pqrp3/p3Rp2/P1Pp2p1/1P3PP1/3NQK1P/4R3 b - -,g4f3 e2f1 c6e8 f1h3 e8g6 h3h4 a8e8 h4f4 b7a8 e5b5
r2R4/p4k2/2p5/1p3K2/8/8/PP4R1/8 b - -,a8d8 f5e4 a7a6 b2b4 f7e6 g2g6 e6d7 e4d3 d7c7 d3c2
4Qk2/8/7p/8/7q/5rp1/1P6/4R1K1 b - -,f8g7 e1e7 h4e7 e8e7 f3f7 e7e5 g7g6 b2b4 f7f5 e5e8
R7/5ppk/8/p7/4P1P1/2r1P2P/P1p5/2K5 b - -,
rnbq1rk1/pp3ppp/2pb1n2/3pp3/3PP3/2N3P1/PPP1NPBP/R1BQ1RK1 b - -,e5d4 e2d4 c8g4 g2f3 g4f3 d1f3 d5e4 c3e4 f6e4 f3e4
5rk1/3R1pp1/8/p7/3QP1P1/2p4P/P3P1K1/2q5 b - -,c3c2 d7c7 c1d1 d4c5 c2c1b c5c1 d1e2 g2g3 e2a2 e4e5
8/8/7P/8/2p1kP2/K7/8/8 b - -,c1f4 e2e3 f4b8 d4c3 b8b1 c3a5 b1e4 g2f2 f8e8 a5c3
r1bqk2r/ppppbppp/5n2/4p3/2PnP3/2NP2P1/PP3PBP/R1BQK1NR b KQkq -,e7c5 g1e2 e8h8 e1h1 c7c6 e2d4 c5d4 h2h3 f8e8 g1h2
5rk1/2R2pp1/8/8/2Q1P1P1/2p1P1KP/Pq6/8 b - -,
r2q1rk1/p3bpp1/1p3n1p/2ppPb2/7B/P1N1P3/1P1QBPPP/R4RK1 b - -,f6e4 c3e4 f5e4 h4g3 d8d7 a1d1 a8d8 h2h3 d7a4 d2c3
r5k1/1b5p/1pqrp3/p3Rp2/P1Pp4/1P3pP1/3N1K1P/4RQ2 b - -,c6e8 f1h3 e8g6 c4c5 b6c5 d2c4 d6a6 e5c5 g6g7 h3h4
r1b3kr/bpp2p2/p1np4/4P1B1/P7/2P2N1P/5PP1/R3R1K1 b - -,a7c5 e5d6 c5d6 f3d2 c8f5 d2c4 d6f8 a1d1 f8g7 c4e3
8/8/2pk2p1/R4p2/P1Pr4/1P4K1/8/8 b - -,d4d3 g3f4 d3b3 a5a8 b3c3 f4g5 c3g3 g5h6 d6c5 a8c8
8/1pp5/1p2Pkp1/4p3/4P2p/5K2/PP3P1P/8 b - -,f6e6 f3g4 b6b5 a2a3 h4h3 g4h3 e6d6 h3g4 d6e6 g4g5
4rk2/p2b4/1p5q/1P1P3B/4Pp1N/2Q5/P4r2/6RK b - -,f2c2 c3c2 e8e5 h4g6 f8e8 g6e5 h6h5 h1g2 h5e5 g2f3
8/8/8/p1p5/Pp4R1/1k2p3/7r/3K4 b - -,f2c2 c3c2 e8e5 h4g6 f8e8 g6e5 h6h5 h1g2 h5e5 g2f3
4rrk1/pppqn1p1/3b3p/3pN1p1/3P4/2PQ2PP/PP1BRPK1/4R3 b - -,d6e5 e2e5 e7c6 e5e8 f8e8 e1e8 d7e8 d3f5 c6e7 f5e6
rnb1kb1r/p2ppppp/1p3n2/q2P4/8/2N3P1/PP2PP1P/R1BQKBNR b KQkq -,f6e4 c1d2 e4d2 d1d2 c8b7 f1g2 b8a6 g1f3 g7g6 d2d4
1r4k1/5pp1/5n2/p7/2R1N1P1/2p2P1P/P2qPQK1/8 b - -,d2c1 c4c3 c1b2 e4f6 g7f6 f2e3 b2a2 c3c6 a2b2 e3e7
4Q3/4R1k1/7p/8/7q/5rp1/1P6/6K1 b - -,h4e7 e8e7 g7g6 e7e4 f3f5 b2b4 g6g5 g1g2 h6h5 g2g3
8/pr1kp1n1/R1pp3p/5p2/2PP2r1/1P1KRNP1/P6P/8 b - -,g7e6 a6a5 f5f4 e3e4 a7a6 d3e2 b7a7 a5f5 a7a8 f5e5
6rk/1p5p/p3pp1r/3p4/1P1Pn3/2P2R2/P2Q3N/4R2K b - -,e4d2 f3f2 d2e4 f2g2 h6g6 g2g6 g8g6 h2f3 g6g3 f3g1
7k/7p/p5p1/4p1b1/P1K5/1P3P2/2B5/8 b - -,a6a5 b3b4 a5b4 c4b4 h8g7 b4c4 g5d8 c4d5 g7f6 d5e4
3r2k1/p7/3r3p/2R2p2/8/1P4P1/PB3N2/6K1 b - -,d6e6 b2c1 d8d6 g1f1 d6a6 a2a3 e6g6 f1g2 f5f4 c1f4
2krr3/pp1nppb1/3P2pp/2p1n3/2P1NB2/5P2/PP2BP1P/2KRR3 b - -,e7e6 f4e3 b7b6 b2b4 c5b4 c4c5 f7f5 e2a6 c8b8 e4d2
4rrk1/1pp4p/p3p1p1/3p4/7Q/2PP2Pq/PP3P1P/R4RK1 b - -,e6e5 h4h3 e8e7 h3g2 c7c6 g1h1 e5e4 a1e1 f8e8 g2h3
8/1k6/3K4/2R5/2p5/8/8/8 b - -,e6e5 h4h3 e8e7 h3g2 c7c6 g1h1 e5e4 a1e1 f8e8 g2h3
6k1/p5pp/4p3/3p3P/2p1b1P1/4K3/P3B3/8 b - -,c4c3 e2b5 g8f7 b5d3 c3c2 d3e4 c2c1q e3d3 f7g8 e4d5
r1bqkb1r/pp3ppp/2n1p3/2pn4/2B5/3P1Q2/PPP1NPPP/RNB2RK1 b kq -,f8e7 b1c3 d5c3 b2c3 e8h8 c4b3 c6a5 f1e1 c8d7 e2g3
8/8/8/5k2/3K4/8/8/2QR4 b - -,d5f6 c1f4 f8e7 b1d2 e8h8 f1e1 e6e5 f4g3 c8g4 f3e3
3r1rk1/ppp1ppbp/6p1/5bB1/2BqN3/5P2/PPQ3PP/R3K2R b KQ -,d8d6 a1d1 d4e5 g5d2 f5e4 f3e4 d6c6 b2b3 e5c5 a2a4
2r3k1/5pp1/8/p4Q2/2pRP1P1/7P/P3P1K1/2q5 b - -,g7g6 f5c8 g8g7 c8c4 c1e3 c4d3 e3d3 d4d3 g7f6 d3a3
R7/5ppk/8/p7/4P1P1/r3P2P/P1K5/8 b - -,
rn2kb1r/pb1ppppp/1p3n2/q2P4/8/2N3P1/PP2PPBP/R1BQK1NR b KQkq -,e7e6 c1d2 b6b5 c3e4 b5b4 e4f6 g7f6 d2e3 h7h5 g1h3
8/8/2pk2p1/R4p2/2Pr4/1P3K2/P7/8 b - -,d4g4 a2a4 g4h4 f3g2 h4d4 a5a8 d6c5 g2f2 d4d2 f2e3
r1bq1r1k/pp4pp/1npbpn2/5p2/3P4/PBN1PP2/1PQBN1PP/R3K2R b KQ -,b6d5 e1a1 b7b5 e3e4 b5b4 e4e5 b4c3 e2c3 d6e7 e5f6
r6r/pp2bk2/2q1pB2/2p4p/7P/5R2/P3QPP1/3R1K2 b - -,h8d8 f6e5 e7f6 e5f6 d8d1 e2d1 c6d5 f6g5 f7g7 f3d3
r7/pR6/2p1k3/2Kb4/8/1p6/1P2N3/8 b - -,
8/1pp5/1p2k1p1/4p3/4P1Kp/8/PP3P1P/8 b - -,b6b5 a2a3 h4h3 g4h3 e6d7 h3h4 d7e7 h4g5 e7f7 h2h4
8/8/8/p1p5/kp4R1/4p3/7r/4K3 b - -,b6b5 a2a3 h4h3 g4h3 e6d7 h3h4 d7e7 h4g5 e7f7 h2h4
4rrk1/1pp4p/p3p1p1/3p4/7P/2PP4/PP3P1P/R4RK1 b - -,f8f4 h4h5 g6h5 f1e1 g8f7 e1e3 e8g8 g1f1 h5h4 a1e1
R7/P7/7k/5Pp1/3K4/r7/8/8 b - -,h6g7 f5f6 g7f7 a8h8 f7f6 h8f8 f6g7 a7a8q a3a8 f8a8
r1b2r2/ppp2Npk/2nb1q2/4p2Q/2B5/2PP4/P1P2PPP/R1B1K2R b KQ -,h6g7 f5f6 g7f7 a8h8 f7f6 h8f8 f6g7 a7a8q a3a8 f8a8
5rk1/3R1pp1/8/p7/3QP1P1/2p4P/Pq2PK2/8 b - -,
R7/5ppk/8/p7/4P1P1/3KP2P/r7/8 b - -,
8/5pk1/8/8/8/7P/pr4PK/R7 b - -,g7f6 h2g3 f6g5 g3f3 b2b3 f3f2 b3a3 f2g1 g5f4 g1f2
4rrk1/pppqn1p1/7p/3pR1p1/3P4/2PQ2PP/PP1B1PK1/4R3 b - -,e7c8 c3c4 c8b6 c4d5 e8e5 d4e5 d7d5 d3d5 b6d5 e5e6
r3k2r/1bq1bppp/ppnppn2/2p5/3PP3/1PN2NP1/PBP1QPBP/3R1RK1 b kq -,c6d4 f3d4 c5d4 d1d4 e8h8 a2a4 a8c8 d4d2 c7c6 f1d1
r3q1k1/pp2n1p1/3pp2p/4p3/3nPP2/7r/PP1Q2P1/R4RK1 b - -,h3h4 f4e5 d6e5 g2g3 h4e4 d2g2 e4g4 g2b7 g4g3 g1f2
r1bq1rk1/pp1n4/2n1N1p1/3pPpP1/6P1/2NB4/PPP4Q/1K1R4 b - -,d8e7 d1h1 d7b6 h2h8 g8f7 e6f8 e7e5 h1h7 f7e8 h7e7
8/3n1k2/1p1P2pp/8/4NP2/1P5P/8/6K1 b - -,
4r3/p4k2/2p5/1p3b2/5R2/2N2Kp1/PP5r/6R1 b - -,f7f6 c3d1 e8e2 d1e3 h2f2 f3g3 f2f4 g3f4 e2b2 e3f5
r1bq1rk1/ppppbppp/5n2/8/2P5/2N1P3/PPQB1PPP/R3KB1R b KQ -,h7h6 f1d3 d7d5 c4d5 f6d5 a2a3 c8e6 e1h1 c7c5 d3h7
8/R1k5/2p3p1/5p2/2Pr4/1P3K2/P7/8 b - -,
8/8/3k4/pp3P1p/3K3P/8/P7/8 b - -,b5b4 d4c4 d6e5 c4b5 e5f6 b5a5 f6e7 a5b4 e7d7 f5f6
r7/pR6/2p5/2Kbk3/3N4/1p6/1P6/8 b - -,
8/8/8/p1p5/1p4R1/k3p3/7r/5K2 b - -,a7a5 d4b3 e5e4 b3d4 a8a6 b7h7 e4d3 h7h3 d3d2 h3h2
r3k2r/1bq1bppp/ppnppn2/8/3NP3/1PN3P1/PBP1QPBP/3R1RK1 b kq -,c6d4 d1d4 e8h8 c3d1 b6b5 d1e3 b7c6 f1d1 a8c8 b2a3
5rk1/1p1b2pp/pq2pp2/P3n3/4B3/1Pr1P1P1/2N1QP1P/R2R2K1 b - -,b6c7 c2d4 f8c8 e2b2 h7h6 e4g2 e5f7 b2d2 f7e5 h2h3
r1b2rk1/pp1nq3/2n1N1p1/3pPpP1/6P1/2NB4/PPP4Q/1K5R b - -,d7b6 h2h8 g8f7 e6f8 e7e5 h1h7 f7e8 h7e7 c6e7 h8e5
r2q1rk1/p3bpp1/1p5p/2ppPb2/4N2B/P3P3/1P1QBPPP/R4RK1 b - -,f5e4 h4e7 d8e7 d2c3 f8d8 a1d1 a8c8 f1e1 c8c7 f2f4
4r1k1/1p3r1p/p2p2p1/8/2PB1P2/6Pb/PP1R3P/R5K1 b - -,e8e4 g1f2 f7e7 a1c1 h3g4 c1c2 e4e6 b2b3 h7h5 f2g2
3r1rk1/ppp1ppbp/6p1/5bB1/2B1N3/5P2/PQ4PP/R3K2R b KQ -,g7b2 a1b1 d8d4 b1b2 d4c4 b2b7 f7f6 g5e3 f5e4 f3e4
5rk1/5pp1/8/8/p3P1P1/2R4P/4PK2/8 b - -,
r3k2r/1p2bpp1/p1bq3p/3p4/5PPP/3BB3/PPP1Q3/1K1R2R1 b kq -,g7g6 e3d4 e8h8 e2f2 c6b5 h4h5 g6g5 f4g5 h6g5 g1f1
5rk1/2R2pp1/8/8/4P1PK/2Q1P2P/P7/6q1 b - -,
8/5pk1/p1r2p2/4pP2/4P1KP/R2P4/P7/8 b - -,a6a5 g4f3 c6a6 a3c3 a5a4 a2a3 a6a7 c3c4 a7a8 f3e3
8/3n3N/1p1P1kp1/8/8/1P5P/5P2/6K1 b - -,f6e6 g1f1 e6d6 f1e2 d6d5 e2d3 d7c5 d3e3 d5e5 h7f8
8/6R1/1kp3p1/5p2/2Pr4/1P3K2/P7/8 b - -,
8/8/3k4/p4P1p/1pK4P/8/P7/8 b - -,a5a4 c4b4 d6e5 b4a4 e5f6 a4b5 f6f5 a2a4 f5g4 a4a5
r1bqkb1r/1p1nnp1p/p3p1p1/1Bp5/2N1PP2/2N5/PPP3PP/R1BQK2R b KQkq -,e7g8 b5d7 c8d7 c4d6 f8d6 d1d6 d7c6 d6c5 d8h4 g2g3
5rk1/5pp1/8/8/p3P1P1/7P/R3PK2/8 b - -,f8b8 a2a4 g8f8 h3h4 f8e7 h4h5 e7f6 f2f3 b8b1 a4a6
8/8/8/p1p5/4R3/kp2p3/7r/5K2 b - -,f8b8 a2a4 g8f8 h3h4 f8e7 h4h5 e7f6 f2f3 b8b1 a4a6
4r1k1/1pp4p/p3p1p1/3p1r2/7P/2PP4/PP3PKP/R4R2 b - -,e8f8 f2f3 f8f6 d3d4 g8f7 a1e1 a6a5 g2g3 g6g5 h4g5
r4rk1/1bq1bppp/ppnppn2/8/P2NP3/1PN3P1/1BP1QPBP/3R1RK1 b - -,f8e8 d4c6 c7c6 d1d4 a8c8 d4d2 c8d8 f1d1 h7h6 d2d3
r7/1R6/2p5/p1Kbk3/8/1N6/1P6/8 b - -,
RQQQKB1R/PB1PPPPP/N6N/8/8/2n2n1b/pppppp1p/r1bqk1qr b - -,c3e4 b7e4 b2b1q g7g8q c1a3 e4c2 d1c2 c8c2 b1c2 f8g7
5Rk1/5p2/6p1/8/p2QP1P1/2p4P/Pq2PK2/8 b - -,g8f8 d4h8 f8e7 h8e5 e7d7 e5d4 d7e6 e4e5 e6e7 d4c5
r2q1rk1/p3Bpp1/1p5p/2ppP3/4b3/P3P3/1P1QBPPP/R4RK1 b - -,d8e7 d2c3 a8e8 f2f3 e4f5 f3f4 f5e4 a1d1 f7f6 e2d3
k4r1r/8/pR2p3/3pP2P/3n1PP1/P3B3/8/5K2 b - -,h8g8 e3d4 f8f4 d4f2 g8f8 b6a6 a8b7 a6b6 b7c8 b6b2
2krr3/pp1nP1b1/6pp/2p1np2/2P1NB2/5P2/PP2BP1P/2KRR3 b - -,e8e7 e4d6 c8b8 h2h4 g7f6 h4h5 g6g5 f4e5 f6e5 d6f5
rnb1kb1r/ppq2ppp/3ppn2/2p5/2B1P3/2PP1N1P/PP3PP1/RNBQK2R b KQkq -,d6d5 c4b5 c8d7 b5d7 b8d7 b1d2 f8d6 e1h1 e8h8 f1e1
8/3n3N/1p1Pk1p1/8/8/1P5P/5PK1/8 b - -,b6b5 g2f3 e6d6 h7g5 d6d5 g5e4 d7c5 e4c3 d5e5 c3b5
8/5ppk/8/R7/4P1P1/3KP2P/7r/8 b - -,
1r4k1/1p3pp1/p6p/P2Q3P/6R1/8/1P3PPK/2q5 b - -,g8h8 d5e5 b8g8 b2b4 c1c6 g4d4 g8e8 e5d6 c6b5 d4d5
5rk1/2R2pp1/8/6K1/4P1P1/2Q1P2P/P4q2/8 b - -,
5rk1/1pp4p/p3p1p1/3p1r2/7P/2PP3K/PP3P1P/R4R2 b - -,f5f2 f1f2 f8f2 h4h5 f2b2 h5h6 g8f7 a2a4 b2b3 a4a5
r5k1/5pp1/8/8/p3P1P1/R6P/4PK2/8 b - -,g7g5 f2e3 g8f8 e3d4 f8e7 d4d5 a8a7 d5c5 e7e6 c5b5
8/8/8/p1p5/8/k3R3/1p5r/5K2 b - -,f7f6 h3h4 g8f7 f2e3 a8a5 h4h5 g7g6 e3f4 f7g7 h5g6
8/p4Q1p/1pb2B2/8/r6k/3P3P/4q1P1/6K1 b - -,f7f6 h3h4 g8f7 f2e3 a8a5 h4h5 g7g6 e3f4 f7g7 h5g6
r1b5/p5k1/2p5/1p4R1/8/2N1K1p1/Pr6/7R b - -,g7f6 c3e4 f6e7 h1h7 e7f8 g5g3 c8f5 h7h8 f8f7 h8a8
4r3/p7/2p2k2/1p3b2/5R2/5Kp1/PP5r/3N2R1 b - -,e8e2 d1e3 h2f2 f3g3 f2f4 g3f4 e2b2 e3f5 b2f2 f4e4
8/6R1/1kp3p1/5p2/P1P3r1/1P3K2/8/8 b - -,
r2q1rk1/pp3ppp/8/8/1b6/Pb2P3/3NQPPP/R3KB1R b KQ -,d8a5 a1b1 a5a3 e2d3 a3a2 b1b3 b4d2 d3d2 a2b3 f1d3
4r2k/7p/p1p3pq/4b3/2B1PP2/2NR1p2/PPP2QbP/4R1K1 b - -,h6f4 f2g3 f3f2 g1g2 f4g3 h2g3 f2e1q d3f3 e8d8 c4d3
r1bqr1k1/ppp2pbp/3p1np1/3P4/3pPP2/3B2N1/PPP3PP/R1BQ1RK1 b - -,c8g4 d1d2 h7h5 f1e1 d8e7 d2f2 g4d7 c1d2 c7c5 c2c4
r1bq1rk1/ppppbppp/5n2/8/1NP5/2N1P3/PP3PPP/R1BQKB1R b KQ -,c7c6 a2a3 d7d5 c4d5 d8b6 f1d3 a7a5 b4c2 f8d8 e1h1
r2q1rk1/1b3ppp/p1nbpn2/1p6/1P6/P2BPN1P/1B2QPP1/RN3RK1 b - -,d8b8 b1d2 c6e5 f3e5 d6e5 d2b3 e5b2 e2b2 b7d5 a1c1
R7/P7/7k/2K2Pp1/r7/8/8/8 b - -,h6g7 f5f6 g7f7 a8h8 a4h4 h8h4 g5h4 a7a8q f7e6 a8g8
r7/p7/2p1k3/8/NK6/1b6/1P1R4/8 b - -,a8b8 b4a3 b3d5 a4c3 b8b3 a3a4 d5c4 d2h2 e6e5 h2h4
r1b2r2/pp1nqk2/2n1N1p1/3NPpP1/6P1/3B4/PPP4Q/1K5R b - -,d7c5 d5e7 c8e6 h2h7 f7e8 e7c6 b7c6 h7g6 e8d8 g4f5
r1bqk2r/pp1pnppp/2n1p3/1Bb3B1/4P3/2N2N2/PP3PPP/R2Q1RK1 b kq -,f7f6 c3a4 c5b6 g5f4 e6e5 f4e3 b6e3 f2e3 d7d6 b5c4
2b1n1k1/2pP2bp/1pP4r/1Pp1p2q/2N1P3/2NB1pP1/2Q2P1p/R6K b - -,e8d6 d7d8q h5e8 d8c7 c8h3 c4e3 h3g2 e3g2 f3g2 h1g2
r3kbnr/pp1qpppp/8/1N1P4/Q4Pn1/8/PP3P1P/R1B1KB1R b KQkq -,e8d8 c1d2 b7b6 a1d1 a7a6 h2h3 g4f6 d2e3 d7b7 b5d4
RQQQKBQR/PB1PPP1P/N6N/8/8/2n2n1b/p1pppp1p/rqbqk1qr b - -,c3b5 f8g7 c1a3 g7a1 c2c1q f7f8q b5d6 b8d6 a3d6 a8b8
4rr2/pR5p/1p4pk/7n/1PPp2Q1/4qB2/P5PP/R4K2 b - -,e8e4 g4h3 d4d3 b7d7 e4f4 d7e7 f4f3 g2f3 f8f3 h3f3
8/5ppk/8/R3P3/6P1/3KP2r/8/8 b - -,
r1r3k1/1bq1bppp/ppnppn2/8/P2NP3/1PN3P1/1BPRQPBP/5RK1 b - -,c6d4 d2d4 f6e8 d4c4 c7d8 c3d1 b6b5 a4b5 a6b5 c4c8
8/8/8/p1p5/8/8/kp2R2r/5K2 b - -,f6e8 d4c6 c7c6 c3d1 b6b5 a4b5 a6b5 d1e3 c6c7 f1d1
r5k1/5p2/8/6p1/p3P1P1/R3K2P/4P3/8 b - -,
5rk1/2R2pp1/8/p7/2p1q1P1/P4Q1P/4P1K1/8 b - -,
r1b1R2R/p4k2/2p5/1p2p3/8/2N3p1/PPB2r2/4K3 b - -,
r1r3k1/1bq1bppp/pp1ppn2/8/P2RP3/1PN3P1/1BP1QPBP/5RK1 b - -,f6e8 f1b1 e7f6 d4c4 c7d7 c3d1 b6b5 c4b4 f6b2 d1b2
8/8/8/p1p5/8/8/kp2K3/8 b - -,b7c6 d4d2 f6e8 c3a2 b6b5 a4b5 a6b5 a2b4 c6b7 f1d1
r6r/3Nkppp/p3p3/1p6/3Rb3/8/PPP2PPP/5RK1 b - -,h8d8 d4e4 d8d7 a2a4 a8b8 a4b5 b8b5 b2b3 d7d2 e4c4
1r6/p3k1R1/2p5/5b2/Np6/1P2K3/P7/8 b - -,e7d6 g7a7 f5b1 a4b2 b8e8 e3d2 e8h8 a7a5 d6c7 a5a7
rnb1kb1r/1pq2ppp/p2ppn2/2p5/P1B1P3/2PP1N1P/1P3PP1/RNBQK2R b KQkq -,d6d5 e4d5 e6d5 c4b3 f8d6 e1h1 e8h8 c1g5 b8d7 b3c2
1r6/p7/2p1k3/8/N7/Kb6/1P1R4/8 b - -,b3d5 a4c3 b8b3 a3a4 d5c4 d2h2 c6c5 a4a5 b3b4 h2h5
q5rk/1R4bB/8/8/8/p7/8/2Q4K b - -,b3d5 a4c3 b8b3 a3a4 d5c4 d2h2 c6c5 a4a5 b3b4 h2h5
r3r1k1/p1qb2pp/5R2/8/1pP5/3BP3/PPQ3PP/3R2K1 b - -,g7f6 d3h7 g8h8 h7e4 a8d8 d1d4 h8g7 c2e2 e8h8 h2h3
r1bq1rk1/pppp1ppp/5n2/8/1bP5/2N1P3/PP1B1PPP/R2QKB1R b KQ -,b7b6 d1c2 d8e7 f1d3 c8b7 e1h1 b4c3 c2c3 f6e4 d3e4
rnbq1rk1/1p2b1pp/p2p4/3P1p2/2P1p3/2N1B3/PP2BPPP/R2Q1RK1 b - -,f8f7 d1d2 b8d7 b2b4 g7g5 c4c5 f5f4 e3d4 f4f3 e2d1
4rrk1/pppqn1p1/3b3p/3p2B1/3P4/2PQ1NPP/PP2RPK1/4R3 b - -,
2r1r1k1/p2n1pp1/1pq2n1B/8/2Pp4/3B2Q1/P4PPP/2R1R1K1 b - -,f6g4 g3g4 c6h6 g4d7 e8d8 d7g4 h6d6 c1d1 c8c5 f2f4
r1b1R2R/p5k1/2p5/1p2p3/8/2N1K1p1/PPr5/8 b - -,c8e6 h8h5 c2c3 b2c3 a8e8 h5g5 g7f6 g5g3 e8h8 g3g1
2kr4/pp1nr1b1/3N2pp/2p1np2/2P2B2/5P2/PP2BP1P/2KRR3 b - -,c8b8 h2h4 g7f6 h4h5 f6g5 f4g5 h6g5 h5g6 d8f8 e1g1
8/8/8/3p4/P1k5/8/1K6/8 b - -,
r4k2/5p2/8/6p1/p2KP1P1/R6P/4P3/8 b - -,
r5k1/1p4p1/2p1q2p/5p2/3R1P2/4P2P/r3R1PK/3Q4 b - -,a2e2 d1e2 c6c5 d4c4 b7b6 e3e4 a8c8 e2c2 f5e4 c4e4
8/7P/8/8/4kP2/K1p5/8/8 b - -,a2e2 d1e2 c6c5 d4c4 b7b6 e3e4 a8c8 e2c2 f5e4 c4e4
r4rk1/p3qpp1/1p5p/2ppP3/4b3/P3PP2/1P1QB1PP/R4RK1 b - -,e4f5 f3f4 f5e4 a1d1 a8d8 e2d3 e4d3 d2d3 f7f6 e5f6
8/5pk1/2r2p2/R3pP2/4P1KP/3P4/P7/8 b - -,c6c8 g4f3 c8h8 f3e3 h8h4 e3d2 g7h6 d2c3 h6g5 a2a4
2r5/1p1k1pp1/p2P4/P3rn1N/7P/6P1/1P3P2/3R1RK1 b - -,f5d6 g3g4 e5a5 d1d3 g7g6 h5g3 c8c6 f1e1 a5a4 f2f3
8/5ppk/8/4P3/R5P1/3KP1r1/8/8 b - -,
RQQQK1QR/PB1PPPBP/N6N/8/8/2n2n1b/pbpppp1p/rq1qk1qr b - -,h3d7 d8d7 c2c1q b7f3 d1a4 g7c3 a4d7 c8d7 c1c3 f3e2
8/8/8/8/P1kp4/8/2K5/8 b - -,
8/8/8/p1p5/8/5K2/k7/1q6 b - -,c4c5 c2d3 c5d5 a4a5 d5c5 d3d2 c5c6 a5a6 c6c7 a6a7
2r1r3/1p1k1pp1/p2Pp3/P3Pn1p/1q1N3P/5QP1/1P3P2/3R1RK1 b - -,d7d8 d4f5 e6f5 f3f5 b4g4 f5f7 g4d7 f7h5 c8c6 f1e1
1r6/p7/2p1k3/3b4/8/K1N5/1P1R4/8 b - -,b8b3 a3a4 b3b8 a4a3 e6d6 d2h2 d5f7 h2f2 b8b3 a3a4
r5k1/1p4p1/2p1q2p/5p2/3R1P2/4P2P/4Q1PK/8 b - -,c6c5 d4c4 b7b6 e3e4 a8c8 e2c2 f5e4 c4e4 e6f7 c2b2
r1b2r2/ppp2Npk/2nb3B/4p2Q/2B5/2PP4/P1P2PPP/R3K2R b KQ -,c6c5 d4c4 b7b6 e3e4 a8c8 e2c2 f5e4 c4e4 e6f7 c2b2
rn1q1rk1/pp2bppp/2p1pn2/7b/3PNB2/3B1N1P/PPP2PP1/R2QR1K1 b - -,f6e4 d3e4 b8d7 g2g4 h5g6 e4g6 h7g6 c2c4 d7f6 d1e2
2r1qrk1/1p2b1p1/p3p2p/1b1pPp2/3B1P2/2P4Q/PPB3PP/R5RK b - -,e8g6 h3e3 h6h5 a2a4 b5e8 c2d3 g6h6 g2g3 h5h4 g3h4
5rk1/1pp5/p3p1pp/3p1r2/7P/2PP3K/PP3P1P/R5R1 b - -,f8f6 a1f1 g8f7 g1g3 f5f2 f1f2 f6f2 g3g2 f2f5 d3d4
8/8/8/p7/2p5/8/k3K3/1q6 b - -,f5f3 g1g3 f8f6 a1f1 g8f7 h4h5 g6h5 h3g2 f3f4 f2f3
7k/7p/p5p1/3Kp1b1/P3B3/1P3P2/2P1q3/8 b - -,e2d2 e4d3 d2a5 d5c4 a5b6 c4d5 g5f4 d3e4 f4e3 e4g6
r1bq1r2/pp1nbp1k/2n1p1p1/3pP1P1/3N1PP1/2N5/PPP4Q/1K1R1B2 b - -,h7g8 f1b5 d7f6 e5f6 e7f6 d1h1 f8e8 h2h7 g8f8 d4c6
r4rk1/p3qpp1/1p5p/2ppPb2/5P2/P3P3/1P1QB1PP/R4RK1 b - -,a8d8 a1d1 f5e4 e2d3 e4d3 d2d3 f7f6 e5f6 e7f6 d3b3
r1b2rk1/2q2pbp/p1p1n1p1/3p4/2P5/4BN1P/PP3PP1/R2QRBK1 b - -,d5d4 e3d2 c6c5 f3g5 g7e5 g5e6 f7e6 d1e2 e5h2 g1h1
r4rk1/p1q1npbp/b1p1p1p1/3p4/2P1PP1Q/1PN2N2/P1PB2PP/R4RK1 b - -,a8d8 h4e1 d5c4 f1f2 c6c5 e4e5 a6b7 c3e4 b7e4 e1e4
r3r1k1/p1qb3B/5p2/8/1pP5/4P3/PPQ3PP/3R2K1 b - -,g8h8 h7e4 a8d8 e4d5 h8g7 c2f2 d7e6 e3e4 e6d5 e4d5
r3k2r/1p1nbpp1/1qp1pn1p/p2p2P1/5P1P/1P1PPQ2/PBPN4/R3KB1R b KQkq -,h6g5 f4g5 f6h5 a2a4 b6c7 h1h3 b7b5 f1e2 b5a4 a1a4
5q1k/1Pr3p1/7p/5Q2/8/8/1p3PPP/3RR2K b - -,f8f5 b7b8q c7c8 b8b2 f5f7 d1c1 c8f8 f2f3 h8h7 b2b1
r1bq1rk1/1p1nb1pp/p2p4/3P1p2/2P1p3/2N1B3/PP1QBPPP/R4RK1 b - -,e7h4 g1h1 h4f6 a1c1 b7b6 f2f4 e4f3 e2f3 d7e5 b2b3
8/8/8/5K2/8/6k1/4B3/7Q b - -,e7h4 g1h1 h4f6 a1c1 b7b6 f2f4 e4f3 e2f3 d7e5 b2b3
r5k1/1p4p1/4q2p/2p2p2/5P2/4P2P/3RQ1PK/8 b - -,c5c4 d2d1 c4c3 d1d3 a8c8 e2c2 e6c6 g2g4 f5g4 h3g4
RQQQKQQR/PB1PP1BP/N6N/8/8/2n2n1b/pb1ppp1p/rqqqk1qr b - -,g1g6 h6f7 f2f1q g7c3 h1g1 b7f3 f1f3 b8h2 g1h1 h2d6
r1bq1rk1/pp1nbp2/2n1p1p1/3pP1P1/3N1PP1/2NB4/PPP4Q/1K1R4 b - -,d7f6 e5f6 e7f6 d1h1 f8e8 g5f6 d8f6 d4f3 f6g7 h2h4
r7/5p2/5k2/3K2p1/p3P1P1/5R1P/4P3/8 b - -,
6k1/1rNn1ppp/4b3/8/2P1PB2/8/2P3PP/2R4K b - -,b7a7 c1d1 e6c4 h2h3 g7g5 f4g3 c4e6 g3d6 d7f6 d1d4
8/8/8/3k4/8/8/8/1RRK4 b - -,b7a7 c1d1 e6c4 h2h3 g7g5 f4g3 c4e6 g3d6 d7f6 d1d4
8/8/8/p7/2p5/3q4/k4K2/8 b - -,b7a7 c1d1 e6c4 h2h3 g7g5 f4g3 c4e6 g3d6 d7f6 d1d4
8/2r4p/p1k5/P1PR4/8/8/6Pp/7K b - -,c6d5 h1h2 c7c5 g2g4 c5a5 h2g3 d5c4 g3f4 c4d3 g4g5
4r2k/7p/p1p3p1/4b3/2B1Pq2/2NR1pQ1/PPP3bP/4R1K1 b - -,f3f2 g1g2 f4g3 h2g3 f2e1q d3f3 e8d8 c4d3 h8g7 a2a4
r3q1k1/pp2n1p1/3pp2p/4p3/1Q1nP3/7r/PP3PP1/R4RK1 b - -,f3f2 g1g2 f4g3 h2g3 f2e1q d3f3 e8d8 c4d3 h8g7 a2a4
3R4/5pk1/4p1pp/2n1P3/5PPP/2r2B2/6K1/8 b - -,c5d3 f3d1 d3f4 g2f1 f4d3 d8d4 d3e5 d1e2 e5c6 d4a4
8/5pk1/5p2/R3pP2/3PP1KP/2r5/P7/8 b - -,c3e3 d4e5 e3e4 g4f3 e4e1 e5f6 g7f6 a2a4 e1a1 f3e3
5rk1/1pp5/p3p1pp/3p4/7P/2PP2RK/PP3r1P/R7 b - -,f8f6 a1g1 g8g7 g1g2 f2g2 g3g2 f6f3 g2g3 f3f2 h4h5
1k1r4/pp1nr1b1/3N2pp/2p1np2/2P2B2/5P2/PP3P1P/2KRRB2 b - -,a7a6 h2h4 b8c7 h4h5 d7b6 d6f7 d8d1 c1d1 e7f7 f4e5
r3k2r/1p1nbpp1/1qp1pn2/p2p2P1/5P2/1P1PPQ2/PBPN4/R3KB1R b KQkq -,h8h1 g5f6 h1f1 e1f1 e7f6 b2f6 g7f6 f1e2 e8e7 f3h1
2kr1bnr/pp1qpppp/8/1N1P4/Q4Pn1/4B3/PP3P1P/R3KB1R b KQ -,g4e5 a1c1 e5c6 a4a7 d7d5 a7a8 c8d7 a8b7 d7e6 c1c6
8/p7/2p1k3/3b4/K7/1rN5/1P1R4/8 b - -,b3b7 a4a3 e6e5 d2h2 e5f4 h2h4 f4f3 h4h3 f3g2 h3e3
8/2r4p/p1P5/P2k4/8/8/6Pp/7K b - -,c7c6 g2g4 d5c4 h1h2 c6c5 h2g3 c5a5 g3f4 c4d3 g4g5
8/5k2/3P2pp/2p5/5P2/1P5P/5K2/8 b - -,
5q1k/1P6/6pp/5b2/5Q2/8/1pr2PPP/3RR2K b - -,f7e8 f2f3 e8d7 f4f5 g6f5 f3f4 d7d6 f4f5 d6d5 h3h4
6R1/8/2p3p1/k4p2/P1P3r1/1P3K2/8/8 b - -,
r2q1rk1/1b3ppp/p1nb1n2/1p2p3/1P6/P2BP2P/1B1NQPP1/RN3RK1 b - -,d6b8 b1c3 d8c7 g2g3 c7e7 a1d1 c6d8 d2e4 d8e6 e4f6
4r1k1/5pp1/8/p7/2p1R1P1/5P1P/P3PQK1/2q5 b - -,e8e4 f3e4 c1b2 g2f3 b2f6 f3g3 f6d6 f2f4 d6c5 f4f2
6k1/1r1n1ppp/8/3N4/2b1PB2/8/2P3PP/2R4K b - -,h7h6 h1g1 d7c5 d5c3 b7a7 f4d6 c5b7 d6b4 b7d8 g1f2
8/8/8/p7/8/2pq4/k5K1/8 b - -,h7h6 h1g1 d7c5 d5c3 b7a7 f4d6 c5b7 d6b4 b7d8 g1f2
8/5pk1/5p2/3RpP2/4P1KP/2rP4/P7/8 b - -,g7g8 a2a4 c3a3 a4a5 g8g7 g4g3 a3a2 g3f3 g7h6 d5d6
r7/5pk1/8/3K2p1/p3P1P1/R6P/4P3/8 b - -,
8/8/3Pk1pp/2p5/5P2/1P2K2P/8/8 b - -,
8/5P2/4K3/7p/2k4P/6P1/5r2/8 b - -,c4d3 e6e7 d3e4 e7e8 f2f5 g3g4 h5g4 f7f8q f5f8 e8f8
6k1/2pn1ppp/4N3/2p5/4P3/3PB3/r1P3PP/2R4K b - -,f7e6 h2h3 c5c4 h1h2 h7h6 h2g3 c7c5 g3f3 g7g5 d3c4
8/pr6/2p1k3/3b4/K7/2N5/1P5R/8 b - -,e6e5 a4a3 d5f7 h2e2 e5d4 e2d2 d4e3 d2h2 b7b3 a3a4
r1bqnrk1/pp1n3p/2ppp1p1/8/2P1PP1b/2N1B1NR/PP1KB1P1/R2Q4 b - -,e6e5 f4f5 h4g5 e3g5 d8g5 d2c2 d7c5 b2b4 c5e6 f5e6
4r1k1/5p2/5p2/p7/6P1/2R2P1P/P3PQK1/3q4 b - -,e8e2 c3c6 g8g7 a2a3 f6f5 g4f5 e2f2 g2f2 d1d2 f2g3
8/8/8/8/2Rk4/8/8/1R1K4 b - -,d4c4 d1d2 c4d5 d2c3 d5e4 c3c4 e4e3 c4b5 e3e4 b5c5
8/8/3k2pp/2p5/4KP2/1P5P/8/8 b - -,
6k1/3n1pp1/3Bb2p/2p5/4P3/3P1N2/r1P3PP/2R4K b - -,a2a5 h1g1 c5c4 h2h3 a5a6 d6b4 a6a4 b4e1 c4d3 c2d3
1k1r4/pp1nr1b1/7p/2p1nNp1/2P2B2/5P2/PP3P1P/2KRRB2 b - -,g5f4 f5e7 e5f3 e1e4 f3d4 e4f4 g7f6 f4e4 d7b6 e7g6
8/2k2K2/2B5/8/2N5/8/8/8 b - -,
r1bqk2r/p1p2ppp/2p5/2b1R3/8/5NK1/PB4PP/RN1Q4 b kq -,d8e7 e5e7 c5e7 b2a3 e7a3 b1a3 e8h8 d1c2 c8e6 f3g5
r1bq1rk1/pp2bp2/2n1pPp1/3p2P1/3N1PP1/2NB4/PPP4Q/1K1R4 b - -,e7f6 d1h1 f8e8 g5f6 d8f6 d4f3 f6g7 h2h4 a8b8 f4f5
r2qr1k1/pp1b2bp/2nPp1p1/2p3B1/6n1/2N2N2/PP2B1PP/R2Q1RK1 b - -,d8a5 g1h1 c6d4 f3d2 g4e5 d2e4 d7c6 e4f6 g7f6 g5f6
8/3R1pk1/5p2/4pP2/4P1KP/r2P4/P7/8 b - -,a3a6 h4h5 a6a2 h5h6 g7h6 d7f7 a2a6 g4f3 a6d6 f3e2
6k1/1pp5/p3p1pp/3p4/7P/2PP1rRK/PP3r1P/6R1 b - -,f3g3 g1g3 g8f7 g3g2 f2g2 h3g2 f7f6 g2f3 f6f5 h4h5
r3kbnr/p2b1ppp/4p3/2ppP3/8/2N5/PPPB1PPP/R3K1NR b KQkq -,g8e7 f2f4 h7h5 g1f3 e7f5 c3e2 f8e7 e2g3 f5h4 f3h4
r7/5p2/5k2/3K2p1/p3P1P1/R3P2P/8/8 b - -,
r1b5/p3k3/2p5/8/Np6/4K3/PP4Rr/6R1 b - -,h2g2 g1g2 c8e6 g2g7 e7d6 e3d4 a8g8 g7g8 e6g8 a2a3
8/pr6/2p5/3bk3/8/K1N5/1P5R/8 b - -,b7b3 a3a4 b3b7 a4a3 e5f4 h2h4 f4f5 h4h2 b7b3 a3a4
7k/1R1R2pp/Q4b2/4qp2/8/6PP/b1r2P1K/8 b - -,b7b3 a3a4 b3b7 a4a3 e5f4 h2h4 f4f5 h4h2 b7b3 a3a4
1R6/8/2p3p1/5p2/PkP3r1/1P3K2/8/8 b - -,
5rk1/2R2pp1/8/2Q5/p3P1P1/P1p2K1P/4P3/1q6 b - -,
5rk1/2R2pp1/8/p7/4P1P1/2p1P2P/P2q1QK1/8 b - -,d2d3 e4e5 d3d5 g2g3 d5e5 f2f4 e5e6 c7c3 e6a2 c3c7
3N2k1/pp2p2p/1b3rp1/4p3/2P3B1/7P/P3K1P1/1R6 b - -,g8h8 d8b7 f6f2 e2d3 f2g2 c4c5 b6c7 g4e6 g6g5 b1f1
2r2rk1/pp3ppp/2np4/1Nb1p2b/2B1P3/3P1NqP/PPPQ1PP1/R4RK1 b - -,g8h8 d8b7 f6f2 e2d3 f2g2 c4c5 b6c7 g4e6 g6g5 b1f1
8/8/1RB5/P4pk1/5n2/2P5/4b2K/8 b - -,f4g6 c6b5 e2f3 a5a6 g6e5 h2g1 g5f4 g1f2 e5g4 f2e1
r2q1rk1/1b3ppp/p1nb1n2/1p2p3/1P6/P2BPN1P/1B1NQPP1/R4RK1 b - -,h7h6 d2e4 f6e4 d3e4 d8e7 a1c1 c6a5 e4b7 a5b7 e2c2
r4rk1/p3qpp1/1p5p/2ppP3/4bP2/P3PB2/1P1Q2PP/R4RK1 b - -,e4f3 f1f3 a8d8 a1d1 f7f6 e5f6 f8f6 d2c3 f6e6 c3b3
rn1qkbnr/1pp2ppp/p3p3/1b1pP3/3P2Q1/2N2N2/PPP2PPP/R1B1KB1R b KQkq -,b5f1 h1f1 h7h5 g4h3 b8c6 c1e3 d8d7 e1a1 g7g6 c3e2
r2q1k1r/5p2/p1npb3/1pbNpN2/4P3/5RB1/P1P2PPP/3Q1RK1 b - -,b5b4 c2c3 a6a5 h2h3 a8c8 g1h2 d8g5 f1e1 b4c3 f3c3
6k1/3n2p1/3Bb2p/2p2P2/8/3P1N2/r1P3PP/2R4K b - -,e6f5 h1g1 a2a6 d6g3 a6a2 g3f2 c5c4 f3d4 f5h7 d3c4
r1bq1rk1/pp3p2/2n1pPp1/3p4/3N1PP1/2NB4/PPP4Q/1K1R4 b - -,d8f6 d1h1 f8d8 d4f3 e6e5 f4e5 f6g7 h2h4 c8e6 c3e2
8/8/8/8/1Rk5/8/8/3K4 b - -,
2r4k/1Q4p1/7p/8/8/8/2q2PPP/3RR2K b - -,c8f8 f2f3 c2g6 e1e7 g6c2 d1e1 c2g6 b7c7 h6h5 h2h3
8/8/8/8/7p/1K1N4/8/1k4N1 b - -,c8f8 f2f3 c2g6 e1e7 g6c2 d1e1 c2g6 b7c7 h6h5 h2h3
rnbqk2r/5pp1/5n1p/pPbNp3/4P3/P2B1N2/1P1B2PP/R2QK2R b KQkq -,f6d5 e4d5 e8h8 d1c2 b8d7 e1a1 c5d6 h1e1 c8b7 d2c3
1k1r4/pp1n1rN1/7p/2p1n1p1/2P2B2/5P2/PP3P1P/2KRRB2 b - -,g5f4 e1e5 f7g7 e5d5 g7g1 f1h3 g1d1 c1d1 b8c7 d1c2
2r4k/3b2p1/pq2pp1p/4n3/1PrNB3/4P1PP/Q4P2/R2R2K1 b - -,e5f7 a2a6 c4b4 a6a7 c8c7 a7b6 b4b6 a1a8 c7c8 d1a1
r4rk1/pb4pp/1p1qpn2/2ppNp2/3Pn3/2PBPN2/PP2QPPP/3R1RK1 b - -,a8c8 a2a4 d6e7 d1a1 a7a5 a1c1 c8c7 b2b3 f8c8 e2b2
r1b5/p7/2p3k1/1p2R3/4N3/4K1p1/PPr5/7R b - -,c8f5 e4g3 f5d7 g3e4 c2g2 h1d1 a8d8 d1d4 g6f7 e4c5
6k1/1pp5/p3p1pp/3p4/7P/2PP2K1/PP3r1P/6R1 b - -,f2b2 h4h5 g6h5 g3h4 g8f7 h2h3 b2a2 h4h5 a2f2 h5h6
5rk1/2R2pp1/8/2Q5/p3P1P1/P1p3KP/4P3/7q b - -,
5q1k/1P4p1/7p/2r2b2/8/1Q6/1p3PPP/3RR2K b - -,b2b1n d1b1 f5b1 b7b8q c5c8 b8c8 f8c8 b3b1 h8g8 b1g6
r7/p5k1/2p5/1p6/8/2N1K2R/PP5p/8 b - -,a8h8 h3h2 h8h2 b2b3 g7f7 e3d4 f7e6 a2a4 b5b4 c3e4
rn3k2/1Q6/p5n1/4p1P1/1p2P3/3B4/PPP4P/6K1 b - -,b8d7 b7a8 f8e7 a8g8 g6f4 g5g6 f4h3 g1f1 h3g5 g8g7
8/p5pp/3k4/1p6/3K1P2/8/P5PP/8 b - -,
7k/7p/p7/1p2q3/4pr2/2P1Qp1P/PP6/3R3K b - -,f3f2 d1d8 h8g7 d8d1 f2f1r d1f1 f4f1 h1g2 f1f3 e3f3
6k1/2pn1ppp/4b3/1Np5/4P3/3PB3/r1P3PP/2R4K b - -,
2rq1rk1/pb2bppp/2p2n2/n3p1N1/B7/3P1Q2/PPPB1PPP/RN3RK1 b - -,d8d4 b1c3 a5c4 d3c4 d4d2 g5e4 f6e4 f3e4 d2f4 e4f4
r1bq1rk1/1p1n2pp/p2p1b2/3P1p2/2P1p3/2N1BP2/PP1QB1PP/R4RK1 b - -,b7b5 f3e4 b5c4 e4f5 f6e5 a1e1 d8h4 e3f4 f8f5 g2g3
r1bk3r/p1p2ppp/2p5/2b1N3/8/6K1/PB4PP/RN2R3 b - -,h8f8 e5c6 d8d7 c6e5 d7d8 b1c3 c8e6 c3e4 c5b6 e4g5
2kr3r/1p2bpp1/p1bq3p/3p2P1/5P1P/3BB3/PPP1Q3/1K1R2R1 b - -,d8e8 e2f2 c6d7 e3d4 h6g5 f4g5 f7f6 a2a3 d6c6 d3g6
1r4k1/1p3pp1/p2q3p/P2p3P/3Q2R1/8/1P3PP1/6K1 b - -,g8f8 d4g7 f8e8 g4g3 b8d8 g3e3 e8d7 g7f7 d7c8 e3b3
r1b1qrk1/ppp2pb1/3p1n1p/2nPp1p1/2P1P3/2N2NB1/PPQ1BPPP/R3K2R b KQ -,a7a5 f3d2 a5a4 a2a3 c8d7 f2f3 f6h5 g3f2 h5f4 e2f1
5q1k/1P4p1/7p/2r2b2/8/Q7/1p3PPP/3RR2K b - -,b2b1q d1b1 c5c8 a3f8 c8f8 b7b8q f8b8 b1b8 h8h7 e1e7
8/p5pp/1p2k3/1P1P1p2/2K2P2/P4P2/7P/8 b - -,e6f6 c4d4 g7g6 h2h3 h7h6 h3h4 g6g5 f4g5 h6g5 h4g5
3b2k1/pR2p2p/5rp1/4p3/2P3B1/7P/P3K1P1/8 b - -,f6f4 g4e6 g8g7 c4c5 g7f6 e6b3 f4e4 e2d3 e4d4 d3e3
4rnk1/5pp1/8/p7/2QR2P1/2N2P1P/P3P1K1/2q5 b - -,f8g6 d4d1 c1e3 c3e4 g6f4 g2f1 f4h3 c4c5 e3c5 e4c5
5rk1/2R2pp1/8/8/p3q1P1/P1Q3KP/4P3/8 b - -,
r4rk1/5pb1/4q1p1/p2p2B1/PpBP1QPP/8/1P6/2KR3R b - -,d5c4 d1e1 e6c6 g5e7 b4b3 h1h3 c6a4 e7a3 a8d8 e1d1
2r2rk1/6p1/pp2pn1p/1Qp5/3PP3/P3B2P/5PP1/R2R2K1 b - -,a6b5 f2f3 b5b4 d4c5 b6c5 a3b4 c5b4 d1b1 c8c4 a1a4
8/8/8/8/8/1K1N3p/4N3/1k6 b - -,a6b5 f2f3 b5b4 d4c5 b6c5 a3b4 c5b4 d1b1 c8c4 a1a4
r1bq1rk1/ppp1n1p1/1bnp3p/5p2/4PP2/1NN1B1P1/PPP1Q2P/2KR1B1R b - -,c8d7 e4e5 d6e5 b3c5 c6d4 e2c4 g8h8 f4e5 b6c5 c4c5
r1b1RR2/p4k2/2p5/1p2p3/8/2N3p1/PPr5/4K3 b - -,
r1bq1rk1/pp3p2/2n1pbp1/3p2P1/3N1PP1/2NB4/PPP4Q/1K5R b - -,f8e8 g5f6 d8f6 d4f3 f6g7 h2h4 a8b8 f4f5 e6f5 g4f5
5r1k/1Q4p1/7p/8/8/5P2/2q3PP/3RR2K b - -,c2c8 b7e7 f8g8 d1d7 c8c3 e7e4 c3f6 d7e7 g8d8 e7e6
8/k4p2/P4rp1/1K3P1p/7P/R5P1/8/8 b - -,f6f5 b5c6 g6g5 h4g5 f5g5 c6d7 g5g4 d7e7 f7f5 a3f3
5R2/8/2p5/k4pp1/P1P3r1/1P3K2/8/8 b - -,
1q5k/1P4p1/7p/2r2b2/8/8/1Q3PPP/3RR2K b - -,f5h3 g2h3 h6h5 f2f3 h8h7 e1e7 b8f8 b2b1 h7h8 b7b8q
6k1/p3R2p/1b3rp1/4p3/2P3B1/7P/P3K1P1/8 b - -,b6d4 e2d3 f6a6 e7c7 a6a2 c4c5 a2g2 c5c6 g2g3 d3d2
8/7P/8/8/4kP2/8/1Kp5/8 b - -,b6g1 e2d3 f6a6 g4f3 a6a2 c4c5 e5e4 f3e4 g8f8 e7e5
rnbqk2r/pppP1ppp/5n2/2b1p3/8/8/PP1PPPPP/RNBQKBNR b KQkq -,c8d7 e2e3 b8c6 a2a3 c5b6 b1c3 d8e7 b2b4 c6d4 c3a4
r1bq1rk1/1p1n2pp/p2p1b2/3P1p2/2P5/2N1BR2/PP1QB1PP/R5K1 b - -,d7c5 a1d1 a6a5 e3c5 d6c5 f3d3 c8d7 d5d6 d7c6 e2f3
4r2k/7p/p1p3p1/4b3/2B1Pq2/2NR2Q1/PPP2pKP/4R3 b - -,f4g3 h2g3 f2e1q d3f3 e8d8 c4d3 h8g7 a2a4 d8f8 c3e2
5r1k/7p/p7/1p2q3/4p3/2P1Qp1P/PP6/5R1K b - -,e5g3 f1f2 g3h3 f2h2 h3f1 e3g1 f1g1 h1g1 e4e3 g1f1
2R2rk1/5pp1/8/8/p5P1/P1Q3KP/4q3/8 b - -,
8/r4p2/5k2/2K3p1/p3P1P1/R3P2P/8/8 b - -,
8/8/6R1/PB4k1/5p2/2P5/4b2K/8 b - -,f6e5 c5b6 a7a8 b6b7 a8h8 a3a4 h8h3 a4a5 e5f6 a5f5
6k1/p3R2p/1b4p1/4p3/2P3B1/3K3P/P4rP1/8 b - -,b6d4 g4e6 g8f8 e7c7 d4b6 c7h7 f2g2 h7f7 f8e8 a2a4
r1bqr1k1/pp3p2/2n1pPp1/3p4/3N1PP1/2NB4/PPP4Q/1K5R b - -,d8f6 d4f3 f6g7 h2h4 a8b8 f4f5 e6f5 c3d5 f5g4 d5f6
2r2rk1/6p1/1p2pn1p/1pP5/4P3/P3B2P/5PP1/R2R2K1 b - -,b6c5 f2f3 c8c6 a1b1 f8b8 d1d2 c5c4 g1f2 g7g5 d2b2
6k1/1pp5/p3p1pp/3p3P/6K1/2PP4/r6P/6R1 b - -,a2h2 h5g6 g8g7 g1e1 h2g2 g4f3 g2g6 e1c1 g6f6 f3e3
5R2/8/2p5/k4pp1/P1P2r2/1P4K1/8/8 b - -,a5b4 f8c8 c6c5 a4a5 f4f1 a5a6 f1a1 c8c6 a1a5 c6b6
4r1k1/2R2pp1/8/p7/4P1P1/2p4P/P2qPQK1/8 b - -,f7f5 f2f3 f5f4 c7c3 d2a2 f3d3 a2e6 g2f3 a5a4 d3d4
2r1qrk1/1p2b1p1/p3p2p/1b1pPp2/P4P2/2P1B2Q/1PB3PP/R5RK b - -,b5c4 g1e1 b7b5 e3d4 b5a4 g2g4 f5g4 h3g4 e8f7 e1g1
6k1/2Bn1ppp/4b3/8/2pPP3/5N2/r1P3PP/2R4K b - -,e6g4 d4d5 g4h5 e4e5 h5g6 e5e6 f7e6 d5e6 d7f6 f3d4
r3r2k/p1qb3B/5pQ1/8/1pP5/4P3/PP4PP/3R2K1 b - -,d7e6 d1f1 c7h7 g6f6 h7g7 f6h4 h8g8 f1f3 e6f7 f3g3
6k1/4qpp1/2p4p/1p6/3RpP2/2P4P/4R1PK/8 b - -,f7f5 e2e3 e7c7 g2g3 c7a7 e3e2 a7a3 e2c2 g8h7 d4d2
5q1k/1P4p1/7p/2r5/8/8/1Qb2PPP/3RR2K b - -,h8h7 b7b8q f8b8 b2b8 c5c4 d1d8 c2f5 d8h8 h7g6 h2h3
8/8/4k1p1/2p4p/5P1P/1P2K3/8/8 b - -,
6k1/1pp5/p3p2p/3p3K/8/2PP4/r6P/6R1 b - -,a2g2 g1g2 g8h7 g2g6 e6e5 g6e6 e5e4 d3e4 h7g7 e4d5
r1bq1rk1/pp3ppp/2p2n2/3P4/1b6/2N1P3/PP1BBPPP/R2QK2R b KQ -,c6d5 e1h1 b4d6 c3b5 d6b8 d2c3 a7a6 b5d4 f6e4 e2f3
8/8/1k6/8/1p6/1P6/8/1K6 b - -,
6k1/2Bn2p1/r6p/2p2b2/8/3P1N2/2P3PP/2R3K1 b - -,a6a2 c7d6 a2a6 d6g3 a6a2 g3f2 c5c4 f3d4 f5h7 d3c4
2r1r3/1p1k1Qp1/p2Pp3/P3P2p/1q1n3P/6P1/1P3P2/3R1RK1 b - -,d7c6 d1d4 b4d4 d6d7 c6d5 f7e8 c8e8 d7e8q d4e4 e8d7
8/r4p2/1K6/4k1p1/p3P1P1/R3P2P/8/8 b - -,
rn1q1rk1/pp2bppp/2p1pn2/3p4/3PP3/2NB1Q1P/PPP2PP1/R1B1R1K1 b - -,b8a6 a2a3 d5e4 c3e4 a6c7 e4f6 e7f6 c2c3 g7g6 g2g3
3r1rk1/p3qpp1/1p5p/2ppP3/1P2bP2/P3PB2/3Q2PP/R4RK1 b - -,e4f3 f1f3 f7f6 b4c5 b6c5 e5f6 f8f6 a1d1 d8d7 d2a5
8/p5k1/2p5/1p6/3K4/2N5/PP5r/8 b - -,h2b2 d4c5 b2c2 c5d4 g7f6 c3e4 f6e6 e4g5 e6e7 d4e5
2q3k1/1p3p1p/2n2Qp1/1pPR1P2/6K1/5r2/PP5P/8 b - -,f3e3 d5d8 c8d8 f6d8 c6d8 c5c6 d8c6 b2b3 g8g7 f5g6
2R2rk1/4qpp1/8/8/p5PP/P1Q3K1/8/8 b - -,
1r4k1/2R2pp1/8/p7/4P1P1/7P/P1p1PQK1/3q4 b - -,d1a1 f2f7 g8h8 c7c2 a1b1 f7c4 b8e8 c4c5 e8b8 e4e5
r1b2rk1/2q2pbp/p5p1/2pp3n/8/2PBBN1P/PP1Q1PP1/2R2RK1 b - -,c7b6 d3e2 a6a5 d2d5 c8e6 d5d1 b6b2 c1c2 b2b6 f3g5
rnb1kb1r/ppp1nppp/8/3qP3/8/8/PPQ1PPPP/RNB1KBNR b KQkq -,c8f5 c2a4 d5c6 a4c6 b8c6 g1f3 e7g6 c1d2 e8a8 d2c3
r1R4R/p4k2/2p5/1p2p3/8/2N3p1/PPr5/4K3 b - -,a8c8 h8c8 g3g2 c3e2 c2e2 e1e2 g2g1q c8c7 f7g6 c7c6
1r4k1/5rpp/2pb4/p2pp3/6bP/2PBB1P1/PP3P2/1RR3K1 b - -,c6c5 b2b3 h7h6 c1e1 f7f6 b1c1 g4f3 c1c2 g8f7 d3e2
rnb1kb1r/pppq1ppp/8/4p3/8/2N2N2/PPPP1PPP/R1BQ1RK1 b kq -,b8c6 f1e1 f7f6 d2d4 f8b4 c1d2 c6d4 f3d4 d7d4 d1h5
r1b3R1/p3k3/2p5/1p6/8/2N1K3/PP4Rr/8 b - -,h2g2 g8g2 c8f5 g2g5 a8f8 g5g7 e7d6 g7a7 f8h8 a7f7
r1b1r1k1/pp3p2/2n1pqp1/3p4/5PP1/2NB1N2/PPP4Q/1K5R b - -,e8d8 f3g5 f6g7 h2f2 d8f8 g5h7 g7h7 h1h7 g8h7 a2a3
8/7P/8/8/4kP2/8/8/2K5 b - -,e8d8 f3g5 f6g7 h2f2 d8f8 g5h7 g7h7 h1h7 g8h7 a2a3
6k1/p6p/1b4p1/4R3/2P3B1/3K3P/P5r1/8 b - -,g2a2 c4c5 a2a5 d3c4 a5c5 e5c5 b6c5 c4c5 g8g7 c5d4
5rk1/2R2pp1/8/p7/4P1P1/2p4P/P3PQK1/2q5 b - -,c1d2 g2f3 d2a2 c7c3 a5a4 f3g2 f8b8 f2f3 a2e6 c3c7
8/1R4p1/5k2/7p/8/7P/5bP1/7K b - -,g7g6 b7h7 f2b6 h1h2 b6f2 h7d7 f6e6 d7d2 f2h4 h2g1
Q6k/1R1R2pp/5b2/4qp2/8/6PP/b1r2P1K/8 b - -,g7g6 b7h7 f2b6 h1h2 b6f2 h7d7 f6e6 d7d2 f2h4 h2g1
2R2rk1/5pp1/3q4/8/p5PP/P1Q4K/8/8 b - -,
8/1pp5/3p1k1r/1p2p1RP/1PnPP3/2P2N2/4K3/8 b - -,e5d4 c3d4 c7c6 e2f2 c4b6 f2g3 b6d7 e4e5 d6e5 d4e5
r7/1K3p2/8/4k1p1/p3P1P1/R3P2P/8/8 b - -,
1k1r4/pp1n1r2/4N2p/2p1n3/2P2p2/5P2/PP3P1P/2KRRB2 b - -,d8e8 f1h3 e5f3 e1e4 d7e5 e6c5 f3g5 c5d7 f7d7 h3d7
5q1k/1P4p1/7p/2r5/6b1/Q4P2/1p4PP/3RR2K b - -,g4f3 g2f3 h8g8 b7b8q c5c8 b8b3 g8h8 a3b2 c8e8 b3d3
8/8/1R4n1/PB3pk1/8/2P5/4b2K/8 b - -,e2f3 a5a6 g6e7 b6b8 g5f4 a6a7 f4e3 b8e8 f5f4 e8e7
7r/p5k1/2p5/1p6/8/2N1K3/PP5R/8 b - -,h8h2 b2b3 g7f6 e3d4 f6e7 a2a4 h2h4 d4d3 b5a4 c3a4
2rkr3/1p1P1Qp1/p3p3/P3P2p/1q1n3P/6P1/1P3P2/3R1RK1 b - -,d4e2 g1h2 e8f8 d7c8r d8c8 f7e6 c8c7 e6d7 c7b8 d7d6
6k1/3n1ppp/2pNb3/2p5/4P3/3PB3/r1P3PP/2R4K b - -,
7k/7p/p5p1/4K1b1/P3B3/1P3P2/2P5/3q4 b - -,g5e3 e4d3 d1a1 e5e6 e3f4 c2c3 a1c3 e6d5 c3d3 d5c5
r1bqrbk1/1pp2n1p/6p1/2PPp3/1p2Pp2/1N4PP/N1Q2PB1/1R3RK1 b - -,d8f6 f1d1 f7g5 h3h4 f4g3 f2g3 g5f3 g1h1 f3h4 d1f1
6k1/p7/7B/5R2/8/1r4P1/r4NK1/8 b - -,a2e2 g2h3 b3b1 h6g5 a7a6 f5f6 b1b5 g5h4 b5e5 f2g4
4r1k1/2R3p1/5p2/p3P3/6P1/2p4P/P2qPQK1/8 b - -,e8e5 e2e4 d2d3 f2f3 d3c2 g2g3 c2b1 f3c3 b1g1 g3f3
6k1/4q1p1/2p4p/1p3p2/3RpP2/2P1R2P/6PK/8 b - -,e7a7 e3e2 a7a1 d4d2 a1c3 d2c2 c3d3 g2g4 f5g4 h3g4
r1bq1rk1/1p1n2pp/p2p1b2/3P1p2/2P1p3/2N1B3/PP1QBPPP/2R2RK1 b - -,d7e5 b2b4 g7g5 e3d4 d8e7 c4c5 e7g7 f1d1 g5g4 g2g3
r2qk2r/1p2bpp1/2p1pn2/p1np2P1/5P2/1P1PPQ2/PBPN4/R3KB1R b KQkq -,h8h1 f3h1 f6d7 h1h8 e7f8 b2g7 d8e7 f1h3 c5a6 e1e2
3R2k1/5pp1/3q4/8/p5PP/P1Q4K/8/8 b - -,
r4rk1/p1q1npbp/b1p1p1p1/8/2P1NP1Q/1P3N2/P1PB2PP/R4RK1 b - -,c7b6 g1h1 e7f5 e4f6 g7f6 h4f6 c6c5 d2c3 e6e5 f4e5
5bk1/4p2p/1B4p1/1p1PPp2/p2K4/5P1P/P4P2/8 b - -,g8f7 d4c5 f8g7 f3f4 g7h6 c5b5 h6f4 e5e6 f7e8 b5a4
r4rk1/1b2qppp/p1nb1n2/1p2p3/1P2N3/P2BPN1P/1B2QPP1/R4RK1 b - -,a8c8 e4d6 e7d6 a1d1 d6e6 f3g5 e6e7 g5e4 f6e4 d3e4
8/8/8/5K2/8/7N/5B2/7k b - -,h1g2 f5g4 g2f1 f2c5 f1e2 h3f4 e2d2 g4f3 d2c3 f3e4
rnbq1rk1/pp2p1bp/2pp1np1/5p2/1PPP4/2N1PN2/PB2BPPP/R2QK2R b KQ -,h7h6 e1h1 c8e6 a2a4 a7a5 b4b5 e6f7 d1c2 b8d7 f1d1
rn1q1rk1/pbp2pp1/1p3B1p/3p4/3P4/P1Q2P2/1P2P1PP/R3KBNR b KQ -,d8d7 f6e5 c7c5 e2e3 d7e7 e5b8 f8b8 e1f2 c5c4 b2b4
r2qk2r/1p3p1p/p4p2/2bb4/3N4/4Q3/PP2PPPP/2KR1B1R b kq -,c5e7 c1b1 d8d7 e3d3 f6f5 b1a1 e8a8 d4f5 e7b4 d1c1
3Q1bk1/p4p2/4pN1p/8/q7/P6P/5PP1/1Bn4K b - -,g8g7 f6h7 f7f5 d8c7 g7g6 h7f8 g6f6 c7c1 f6e7 f8e6
8/8/6p1/2p2k1p/5P1P/1P3K2/8/8 b - -,g6g5 f4g5 f5e5 f3e3 e5f5 e3d3 f5e5 d3c4 e5d6 g5g6
1q5k/1P4p1/7p/5b2/8/1Q6/2r2PPP/3RR2K b - -,c2f2 b3b6 b8f4 b7b8q h8h7 b8a7 f2d2 b6b7 f4d4 a7d4
3r2k1/5p2/5p2/p7/4PqP1/2R2P1P/P4QK1/8 b - -,d8d2 c3c2 d2f2 c2f2 f4g5 g2g3 g5e5 g3g2 g8g7 h3h4
6k1/3n1ppp/2p1b3/2p5/4P3/2NPB3/r1P3PP/2R4K b - -,
8/5p2/1K6/r3k1p1/p3P1P1/R3P2P/8/8 b - -,
r3kbnr/pp2pppp/3q4/3Pn3/Q7/2N2P2/PP3P1P/R1B1KB1R b KQkq -,e5d7 c3b5 d6e5 c1e3 a8c8 f1h3 e7e6 e1h1 a7a6 d5e6
5rk1/2R2pp1/8/p7/4P1P1/2p2K1P/P2qPQ2/8 b - -,d2a2 c7c3 a5a4 f3g2 f8b8 f2f3 a2e6 f3d3 e6e7 c3a3
rBb1kb1r/pp1ppppp/8/q1p5/3Pn3/2P5/PP2PPPP/RN1QKBNR b KQkq -,a8b8 e2e3 e4f6 b1d2 a5c7 f1d3 g7g6 g1f3 f8g7 e1h1
1r4k1/1p4p1/p2q1p1p/P2p3P/6R1/8/1P1Q1PP1/6K1 b - -,b8e8 g2g3 d6d7 g4b4 e8e5 d2d1 e5g5 g1g2 d7f5 d1f3
r1bqk2r/pp2bppp/2n1p3/2pn4/2B5/2NP1Q2/PPP1NPPP/R1B2RK1 b kq -,d5c3 b2c3 e8h8 c1f4 c6a5 c4b3 c8d7 f1e1 d7c6 f3g4
1q1R3k/1Pr3p1/7p/5b2/8/1Q6/5PPP/4R2K b - -,b8d8 b7b8q d8b8 b3b8 c7c8 b8e5 c8f8 e1a1 f5g6 a1a7
4r2k/7p/p1p3p1/4b3/2B1P3/2NR2P1/PPP2pK1/4R3 b - -,f2e1q d3f3 e8d8 c4d3 h8g7 a2a4 d8f8 c3e2 f8f3 g2f3
6k1/p3R2p/1b2B1p1/4p3/2P5/3K3P/P5r1/8 b - -,g8f8 e7f7 f8e8 f7h7 g2a2 c4c5 e5e4 d3c3 b6a5 c3d4
r5k1/2pb1pbp/p5p1/1p2r1q1/1P1N4/PQ2P2P/1BB2P1K/3R1R2 b - -,d7h3 f1g1 g5h4 g1g3 h3e6 h2g2 e6b3 c2b3 e5g5 g3g5
3r1rk1/p3q1p1/1p3p1p/2ppP3/1P2BP2/P3P3/3Q2PP/R4RK1 b - -,
8/6p1/5k2/8/1R5p/7P/5bP1/7K b - -,g7g5 b4a4 f6g6 h1h2 f2e3 g2g4 h4g3 h2g3 g6h5 g3f3
r7/4kp2/8/3K2p1/p3P1P1/R6P/4P3/8 b - -,
1k2r3/pp1n1r2/4N2p/2p1n3/2P2p2/5P1B/PP3P1P/2KRR3 b - -,e5f3 e1e4 e8g8 d1d5 b7b6 b2b3 f3g1 h3f1 g1f3 f1e2
r7/p1k5/2p5/8/K7/8/1P1R4/8 b - -,
r2qk2r/1p2bpp1/2p1pn1p/p1np2P1/5P1P/1P1PPQ2/PBPN4/R3KB1R b KQkq -,h6g5 h4g5 h8h1 f3h1 f6d7 h1h8 e7f8 b2g7 c5a6 d3d4
r4r1k/1p3p2/p2pb1p1/P1p1p1q1/2B1PR1p/2NP3P/1PP2PP1/R2Q2K1 b - -,e6h3 d1f3 h3g2 f4g4 g2f3 g4g5 h8g7 g1h2 f7f6 g5g1
1r4k1/p3ppbp/3pPnp1/6q1/4P1P1/P2B3P/1PPQ4/2KR3R b - -,f6e4 d3e4 g7b2 c1b1 b2c3 b1a2 b8b2 a2a1 b2c2 d2c3
8/8/1R6/PB3pk1/8/2Pn4/4b2K/8 b - -,e2f1 a5a6 d3e5 a6a7 e5g4 h2g1 g4e3 a7a8q f1b5 b6b5
r1bq1rk1/pp3ppp/2p5/3n4/3B4/4P3/PP2BPPP/R2QK2R b KQ -,d8g5 e1h1 f8d8 d1c1 c8h3 e2f3 h3g4 f3d5 d8d5 f2f3
5rk1/5pp1/8/p7/4P1P1/2R2K1P/q3PQ2/8 b - -,a2b1 f2e3 a5a4 f3g2 b1b7 e3f3 b7b5 h3h4 b5a5 c3a3
r3k2r/1b3ppp/1Q2pb2/Bp6/2P1nPP1/8/P3B2P/1R3R1K b kq -,a2b2 f2c5 a5a4 f3f2 b2b1 c5c4 b1h1 c4a4 h1h2 f2e1
r1bqk2r/pp2bppp/2n1p3/2p5/2B5/2NP1Q2/PPP2PPP/R1B2RK1 b kq -,e8h8 c3e2 c8d7 c1f4 a8c8 f1e1 c6a5 e2c3 a7a6 a2a3
8/8/8/1k6/1p6/1P6/8/2K5 b - -,
2r1r1k1/p4pp1/1pq5/2n4n/2Pp4/3B3Q/P2B1PPP/2R1R1K1 b - -,h5f6 d3f5 e8e1 c1e1 c8e8 e1e8 c6e8 h3f3 f6e4 d2b4
8/1pp4k/p3p2p/3p3K/2P5/3P4/r6P/6R1 b - -,a2h2 h5g4 d5c4 d3c4 h7g6 g4f3 g6f6 f3e3 h2h5 g1g8
r6k/pp4pp/4B1b1/r7/1P6/5pP1/P4P1P/2R1R1K1 b - -,a5h5 a2a4 a8d8 h2h3 a7a6 e1d1 d8e8 e6d7 e8g8 d7g4
2qbrrk1/6p1/2n1p2p/1p1pPpPP/p1nP1P2/P1B4R/1PN1QNK1/5R2 b - -,f8f7 h3g3 h6g5 f4g5 f5f4 g5g6 f7f5 g3h3 e8f8 f2g4
r2k3r/p1p2ppp/2N1b3/2b5/8/6K1/PB4PP/RN2R3 b - -,d8e8 b1d2 c5d6 g3f2 e8d7 a1c1 h8e8 b2g7 e6a2 d2e4
r1bqrbk1/1pp4p/6p1/2PPp1n1/1p2Pp2/1N4PP/N1Q2PB1/1R1R2K1 b - -,c8h3 g2h3 g5h3 g1g2 d8d7 a2b4 f4g3 f2g3 d7g4 b4d3
R5B1/2rnq1pk/7p/1Q2pp2/8/4P1PP/2r2P1K/3R4 b - -,h7g6 a8a6 d7f6 h2g1 h6h5 g8e6 e7c5 b5b1 c5c3 a6b6
6k1/3n1ppp/2p1b3/2p5/4P3/2NPB3/2P3PP/r1R4K b - -,
2r1r3/1p1k1p2/p2Pp1p1/P3Pn1p/1q1N3P/3R1QP1/1P3P2/5RK1 b - -,f7f6 d4f5 e6f5 f3d5 e8e6 d3b3 c8c5 d5e6 d7e6 b3b4
6bk/QR1R2pp/5b2/4qp2/8/6PP/2r2P1K/8 b - -,f7f6 d4f5 e6f5 f3d5 e8e6 d3b3 c8c5 d5e6 d7e6 b3b4
r2q1rk1/pp3ppp/8/8/1b6/Pb2P3/3N1PPP/R1Q1KB1R b KQ -,b4a5 e1e2 b3a4 c1b2 a8c8 a1c1 c8c1 b2c1 d8d5 f2f3
rnbqk1nr/pppp2pp/8/2b1pP2/2P5/3P4/PP3PPP/RNBQKBNR b KQkq -,d7d5 d1h5 e8f8 c4d5 g8f6 h5h4 b8a6 a2a3 c8f5 c1g5
6k1/8/7B/p4R2/8/1r4PK/r4N2/8 b - -,b3b6 f2g4 g8h7 h6f4 b6e6 f5g5 e6g6 g5b5 g6a6 h3h4
8/8/5kp1/2p4p/4KP1P/1P6/8/8 b - -,f6g7 e4e5 g7f7 e5d5 f7f6 d5c5 f6e6 b3b4 e6f6 b4b5
5q1k/1P4p1/7p/2r2b2/8/1Q6/5PPP/1R2R2K b - -,f5b1 b7b8q c5c8 e1b1 c8b8 b3b8 f8b8 b1b8 h8h7 b8b7
q5rk/6Rp/8/8/4B3/p7/8/2Q4K b - -,h6h5 b7b8q c5c8 b8g3 f8f6 b1b2 h8h7 b3b7 f5g6 f2f3
1Q5k/2r3p1/7p/5b2/8/8/5PPP/4R2K b - -,c7c8 b8e5 c8f8 e1a1 f5g6 a1a7 f8g8 h2h4 g6c2 h4h5
r3k2r/1b3ppp/1p2pb2/Bp6/2P1nPP1/Q7/P3B2P/1R3R1K b kq -,a8a5 a3f3 e4c5 f3b7 c5b7 b1b5 a5b5 c4b5 e8e7 a2a4
rnbq1rk1/5pp1/7p/pPbPp3/8/P2B1N2/1PQB2PP/R3K2R b KQ -,f8e8 e1a1 c5d6 h1e1 b8d7 c1b1 c8b7 d3h7 g8h8 h7f5
r4rk1/p1q1npbp/b1p1p1p1/8/1Pp1PP1Q/2N2N2/P1PB2PP/R4RK1 b - -,c6c5 b4b5 a6b7 a2a4 f8d8 a1a3 e7c8 a4a5 c8d6 a5a6
r6r/pp3pkp/5np1/2PpN3/8/2N5/P1n2PPP/2RR2K1 b - -,d5d4 c3b5 c2b4 d1d4 b4c6 e5c6 b7c6 b5d6 h8b8 h2h4
r1k4r/p1p2ppp/2N1b3/2b5/8/6K1/PB1N2PP/R3R3 b - -,h7h5 h2h4 h8e8 a1c1 c5f8 b2d4 e6d7 e1e8 d7e8 d4c5
3r1rk1/p3q1p1/1p3p1p/2p1P3/1P2pP2/P3P3/Q5PP/R4RK1 b - -,
r1bq1rk1/1pp1bppp/p1N2n2/8/8/8/PPPPQPPP/RNB1R1K1 b - -,d8d6 c6e7 g8h8 e7c8 a8c8 e1f1 c8e8 e2f3 e8e6 d2d3
2qbrrk1/4n1p1/4p2p/1p1pPpPP/p1nP1P2/P1B4R/1PN1Q1K1/3N1R2 b - -,c8d7 g2h1 h6g5 f4g5 f5f4 e2g4 e7f5 f1f4 d7e7 c3b4
6q1/1R4p1/p2k1pPp/2p5/2PpP3/3P4/P1K5/6B1 b - -,d6c6 b7a7 g8d8 a7a6 c6b7 a6a3 f6f5 e4f5 d8g5 g1d4
8/r3kp2/2K5/6p1/p3P1P1/R6P/4P3/8 b - -,
2r2rk1/6p1/1p2pn1p/1pp5/3PP3/P3BP1P/6P1/R2R2K1 b - -,b5b4 d4c5 b6c5 a3b4 c5b4 d1b1 c8c4 a1a4 f8b8 e3d2
2r2q1k/6p1/1Q5p/8/8/8/1Q3PPP/3bR2K b - -,b5b4 d4c5 b6c5 a3b4 c5b4 d1b1 c8c4 a1a4 f8b8 e3d2
rnb1qrk1/pp2p1bp/2pp1np1/1P3p2/2PP4/2N1PN2/PB2BPPP/R2QK2R b KQ -,h7h6 e1h1 c8e6 a2a4 a7a6 d4d5 c6d5 c3d5 e6d5 c4d5
r1bq1rk1/3n2pp/pp1p1b2/3P1p2/1PP1p3/2N1B3/P2QBPPP/2R2RK1 b - -,f8f7 g2g3 h7h6 c3a4 b6b5 c4b5 a6b5 a4c3 f6c3 c1c3
6k1/3n1ppp/2p1b3/2p5/4P3/2NP4/2P3PP/2B4K b - -,
1Q3q1k/6p1/7p/2r5/8/1Q6/5PPP/1b2R2K b - -,c5c4 h1g1 c4d3 c2d3 d7e5 d3d4 e5d3 c1a3 e6c8 g1f1
4r1k1/5pp1/8/p7/3RP1P1/2p1P2P/P4QK1/2q5 b - -,e8b8 g2g3 f7f6 g3h4 c1b1 d4d7 c3c2 f2f5 b1e1 h4h5
1k2r3/pp1n1r2/4N2p/2p5/2P1Rp2/5n1B/PP3P1P/2KR4 b - -,e8g8 e4f4 f7f4 e6f4 d7f6 b2b3 b7b6 d1d3 f3d4 d3g3
r2qk2r/1p3p1p/p3bp2/2b5/3N4/2Q5/PP2PPPP/2KR1B1R b kq -,e6a2 c3c5 a8c8 d4c6 c8c6 d1d8 e8d8 c5c6 b7c6 e2e3
8/1pp4k/p3p2p/3p4/2P3K1/3P4/7r/6R1 b - -,d5c4 d3c4 h7g6 g1c1 h2h5 g4f3 g6f6 c4c5 b7b6 c5b6
7k/p3R2p/1b2B1p1/4p3/P1P5/3K3P/6r1/8 b - -,g2f2 a4a5 b6a5 e7a7 f2d2 d3e3 a5b6 e3d2 b6a7 d2d3
r2q1r2/5pkp/p1p1pbp1/1p1n2B1/3P1PPQ/2PB1R1P/PP6/4R1K1 b - -,f6g5 h4g5 d8g5 f4g5 a8c8 d3e4 f8d8 h3h4 c6c5 e1f1
8/8/PR6/6k1/8/2PB1p2/4b2K/8 b - -,e2d3 h2g3 d3e4 a6a7 g5f5 g3f2 f5e5 b6b8 e5d6 a7a8q
8/8/p7/5b2/8/2R3k1/4r2p/7K b - -,
rnbqk2r/pppp2pp/5n2/2b1pP2/2P5/3P4/PP2BPPP/RNBQK1NR b KQkq -,d7d6 e2h5 e8f8 h5f3 b8c6 g1e2 c8f5 e1h1 f8e8 c1e3
rQ6/3bkp1p/3p2p1/q1p1p3/2P1P3/2P1P3/P2N1KPP/RR6 b - -,h7h5 b8b6 a5c3 b6b2 c3d3 a2a4 a8a4 a1a4 d7a4 b1a1
r1bq1rk1/2p1Qppp/p1p2n2/8/8/8/PPPP1PPP/RNB1R1K1 b - -,f6d5 e7d8 f8d8 d2d3 d5b4 e1e2 c8g4 f2f3 d8e8 e2e8
R5R1/p5k1/2p1b3/1p2p3/8/2N1K3/PPr3p1/8 b - -,e6g8 a8a7 g7f6 e3d3 c2b2 c3e4 f6g6 a7a8 g8d5 d3c3
r1bq1rk1/ppp2ppp/2nb4/4p1N1/2B5/2PPB3/P1P2PPP/R2QK2R b KQ -,h7h6 g5e4 c6a5 e4d6 d8d6 c4b3 b7b6 f2f3 c8b7 e1h1
r1b1R3/p5kR/2p5/1p2p3/8/2N5/PPB2rp1/2K5 b - -,d8f6 h2h4 d6a3 a1b1 h7h6 d1h5 c6e7 b1b3 a3d6 g5e4
8/1pp4k/p3p2p/8/2P3K1/8/7r/6R1 b - -,h7g6 g4f3 g6f6 f3e3 h2h5 e3d4 h5g5 g1f1 f6e7 f1b1
6B1/1r2q1p1/3R1nk1/2r1pp1p/Q7/4P1PP/5P2/3R2K1 b - -,b7c7 g1g2 c5c1 e3e4 f5f4 g3f4 e5f4 g8e6 c7c5 e6f5
3q3k/7p/p5p1/4K1b1/PP2B3/5P2/2P5/8 b - -,d8b8 e5d5 b8b4 c2c3 b4c3 f3f4 g5f4 e4b1 h8g7 b1a2
6k1/3n1ppp/2p1b3/8/2P1P3/2N5/2P3PP/2B4K b - -,
r1bqk2r/p1pp1ppp/1pn2n2/2b1p3/N1B1P3/5N2/PPPP1PPP/R1BQ1RK1 b kq -,e8h8 a4c5 b6c5 f1e1 d7d6 c2c3 h7h6 h2h3 f8e8 d2d3
r4rk1/1bq2pbp/p5p1/2pp3n/1P6/2PBBN1P/P2Q1PP1/2R2RK1 b - -,c5b4 c3b4 c7d7 f1d1 f8e8 f3d4 g7e5 d3f1 h5f6 d4f3
8/8/8/8/5N2/4B1K1/3k4/8 b - -,
1nbq1rk1/3rnppp/p1p1p3/1p6/8/P2R1NP1/PBQ1PPBP/3R2K1 b - -,f7f6 d3d7 c8d7 b2d4 f8e8 d4c5 a6a5 f3d4 e6e5 c5e7
rnbqk2r/ppp3pp/5n2/2bPpP2/8/3P4/PP2BPPP/RNBQK1NR b KQkq -,c7c6 g1f3 c8f5 f3e5 f6d5 b1c3 b8d7 e5f3 d7f6 e1h1
r1bqk2r/ppp2ppp/2nppn2/8/1bB1PP2/2NP1N2/PPPB2PP/R2QK2R b KQkq -,c8d7 e4e5 f6g4 h2h3 g4h6 a2a3 b4c3 d2c3 h6f5 d1d2
8/r4p2/1K2k3/6p1/p3P1P1/R6P/4P3/8 b - -,
6k1/p3R2p/1b4p1/4p3/P1P3B1/3K3P/6r1/8 b - -,
1R6/3bkp1p/3p2p1/q1p1p3/2P1P3/2P1P3/P2N1KPP/R7 b - -,a5c3 a1d1 c3c2 b8b1 d7g4 b1c1 c2a2 c1a1 a2c2 a1c1
8/ppb3k1/2p1qpp1/7p/2PP3P/1P1Q1N2/1P4P1/7K b - -,c7f4 d3c3 e6e4 f3g1 f4d6 g1f3 d6g3 c3b4 b7b6 b4d2
rn3rk1/p1Q2pp1/bp3q1p/3p4/3P4/P3PP2/1P4PP/R3KBNR b KQ -,f8c8 c7e5 f6e5 d4e5 a6f1 e1f1 b8d7 f3f4 c8c2 g1e2
2b4r/q3kpp1/pNr1p3/P7/1p2P3/3BRP2/1P3KP1/8 b - -,c6b6 a5b6 a7b6 d3f1 b6d4 f3f4 h8h2 f4f5 d4d2 f2f3
1k2r3/pp1n1r2/7p/2p3N1/2P1Rp2/7B/PP3P1P/2KR4 b - -,e8e4 g5e4 d7e5 e4c5 f7e7 c5d7 e5d7 d1d7 e7e1 d7d1
2qbrrk1/6p1/2n1p1P1/1p1pPp1P/p1nP4/P1B4R/1PN1Q1K1/3N1R2 b - -,f5f4 h5h6 c8b7 g2h1 g7h6 h3h6 b7g7 e2h2 f8f5 f1g1
1R3q1k/6p1/7p/2r5/8/1Q6/5PPP/1b2R2K b - -,c5c8 b8c8 f8c8 b3b1 c8c6 b1f5 h8g8 h2h3 g7g6 f5d3
r1b1R3/p6R/2p2k2/1p2p3/4N3/8/PPB2rp1/2K5 b - -,c5c8 b8c8 f8c8 b3b1 c8c6 b1f5 h8g8 h2h3 g7g6 f5d3
2r2q1k/6p1/7Q/8/8/8/1Qb2PPP/4R2K b - -,c5c8 b8c8 f8c8 b3b1 c8c6 b1f5 h8g8 h2h3 g7g6 f5d3
r6R/p5k1/2p1R3/1p2p3/8/2N1K1p1/PPr5/8 b - -,g3g2 h8g8 a8g8 e3d3 c2c3 d3c3 g8h8 c3c2 g2g1q e6h6
3rr2k/2qn2pn/p1p2p1p/1pp1pPPQ/2P4P/P1BP4/1PB2PK1/3RR3 b - -,h6g5 e1e4 h8g8 d1h1 b5b4 c3d2 d7f8 h4g5 f6g5 d2g5
r3k2r/1b2qpp1/p2b1n1p/1p2NB2/2pP1B2/2P5/PP2Q1PP/R4RK1 b kq -,a8d8 a1e1 e8h8 e2f2 f8e8 e5c4 d6f4 e1e7 e8e7 f2f4
r6r/pp3pkp/5np1/2PpN3/1n6/P1N5/5PPP/2RR2K1 b - -,b4c6 e5d3 h8d8 c3b5 d8d7 d3b4 a7a5 b4c2 f6e4 c2e3
6k1/p3R2p/1b4p1/8/P1P1K1B1/7P/6r1/8 b - -,b6g1 e4e5 g2a2 g4e6 g8h8 e7b7 a2a3 e5f6 g1d4 f6f7
8/ppb3k1/2p1qp2/3P2pp/2P4P/1P1Q1N2/1P4P1/7K b - -,e6e7 h4g5 f6g5 d3d4 g7g6 c4c5 c6d5 d4d5 g6h6 d5d4
r1bqk2r/p1pp1ppp/1p3n2/n1N1p3/2B1P3/5N2/PPPP1PPP/R1BQ1RK1 b kq -,a5c4 c5b3 d7d5 e4d5 e5e4 d2d3 d8d5 d3e4 d5d1 f1d1
1R6/3bkp1p/3p2p1/2p1p3/2P1P3/2q1P3/P2N1KPP/3R4 b - -,c3c2 b8b1 d7g4 b1c1 c2a2 c1a1 a2c2 a1c1 c2d3 d2f3
3k1q2/8/8/4N3/8/8/3Q2nK/8 b - -,d7a4 d2b3 c3c2 d1d2 c2e4 b3a5 e4h4 f2f1 h4h2 b8b7
r1bq1rk1/3n2pp/1p1p1b2/p2P1p2/1PP1p3/P1N1B3/3QBPPP/2R2RK1 b - -,c8a6 b4a5 d7c5 c1b1 f5f4 e3c5 f6c3 d2c3 b6c5 e2g4
r1b2R2/p6R/2p5/1p2pk2/4N3/8/PPB2rp1/2K5 b - -,c8a6 b4a5 d7c5 c1b1 f5f4 e3c5 f6c3 d2c3 b6c5 e2g4
8/1pp4k/p3p2p/7K/2P5/8/2r5/6R1 b - -,c2f2 h5g4 f2f5 g1e1 h6h5 g4g3 f5c5 g3f4 h7g7 f4e4
3Q1bk1/p4p1B/4p2p/8/q5N1/P6P/5PP1/2n4K b - -,g8h7 d8f8 a4f4 g2g3 f4e4 h1h2 e4g6 g4e5 g6f5 f8f7
8/ppb3k1/4qp2/3Q2pp/2P4P/1P3N2/1P4P1/7K b - -,e6d5 c4d5 g7g6 f3d4 c7g3 d4e6 g5g4 e6d8 b7b6 d8c6
6k1/2Bb1ppp/3P1n2/8/2p1P3/5N2/r1P3PP/2R4K b - -,h7h6 e4e5 f6d5 f3d4 d5b4 h1g1 c4c3 g2g3 h6h5 g1f1
r4k2/5pp1/8/8/p3P1P1/R3K2P/4P3/8 b - -,g7g5 e3d4 f8e7 d4d5 a8a7 d5c5 e7e6 c5b6 a7a8 b6b7
1q5k/1P4p1/7p/4Qb2/8/8/2r2PPP/3RR2K b - -,b8e5 e1e5 c2b2 d1d8 h8h7 b7b8q b2b8 d8b8 f5c2 e5e7
r7/1K3p2/4k3/6p1/p3P1P1/R6P/4P3/8 b - -,
4r1k1/5pp1/8/p7/2R1P1P1/2p2K1P/P2qPQ2/8 b - -,d2a2 c4c3 a2b1 f2e3 a5a4 e4e5 b1b4 f3f2 b4a5 c3c5
3q1rk1/3b1pb1/3pp1P1/1pr1n3/p2NP2P/1B2NP2/PPPQ4/1K1R3R b - -,a4b3 g6f7 f8f7 a2b3 e5f3 d4f3 f7f3 e3g4 d7c6 h1e1
rk3b1r/pN2n1p1/1n1q4/1B2p2p/2Q5/8/PPPP1PPP/R1B2RK1 b - -,d6c7 c4c7 b8c7 b7c5 e7c6 c5e6 c7b7 c2c3 h8h6 e6g5
r2qk2r/1p3p1p/p3bp2/8/3R4/2Q5/PP2PPPP/2K2B1R b kq -,d8e7 c1b1 a8c8 c3d2 e8h8 e2e3 f8d8 f1d3 d8d4 e3d4
7k/7p/p4qp1/3K2b1/PP2B3/5P2/2P5/8 b - -,f6f7 d5d4 f7d7 d4c4 g5f6 c4c5 d7d4 c5c6 d4b4 e4d3
1k6/pp1n1r2/7p/2p5/2P1Np2/7B/PP3P1P/2KR4 b - -,d7e5 e4c5 f7e7 c5d7 b8c7 d7e5 e7e5 h3f1 e5h5 h2h3
8/ppb3k1/5p2/3P2pp/7P/1P3N2/1P4P1/7K b - -,g7g6 f3d4 c7g3 d4e6 g5g4 e6d8 b7b6 d8c6 g6f5 c6a7
5q2/2k5/8/4N3/8/2Q5/6nK/8 b - -,g7g6 f3d4 c7g3 d4e6 g5g4 e6d8 b7b6 d8c6 g6f5 c6a7
8/8/PR6/6k1/8/2Pb1pK1/8/8 b - -,g7g6 f3d4 c7g3 d4e6 g5g4 e6d8 b7b6 d8c6 g6f5 c6a7
1r3b1r/5kpp/p1q5/2p5/1p1p1Q2/2P5/PP3KPP/R1B1R3 b - -,c6f6 f2g1 f6f4 c1f4 b8d8 c3b4 c5b4 e1e4 h7h6 a1f1
rn1qk1nr/ppp3pp/3bppb1/3p4/Q1PP1BP1/4P2P/PP3P2/RN2KBNR b KQkq -,e8f7 c4d5 e6d5 b1c3 b8c6 h3h4 h7h5 g4h5 h8h5 f4d6
rnbqkb1r/pp1n1ppp/3p4/2p1P3/5Q2/5N2/PPP1BPPP/RNB1K2R b KQkq -,d6e5 f3e5 d7e5 f4e5 c8e6 c1g5 d8d7 b1c3 b8c6 e5e4
rn1qkb1r/1p3ppp/2p2n2/p3p3/P3P1b1/1B2Q3/1PP2PPP/RNB1K1NR b KQkq -,d6e5 f3e5 d7e5 f4e5 c8e6 c1g5 d8d7 b1c3 b8c6 e5e4
8/8/R1pk2p1/p4Pr1/2P5/1P2K3/P7/8 b - -,g6f5 e3f4 g5g2 a6a5 g2f2 f4e3 f2h2 b3b4 f5f4 e3e4
2rr2k1/1p2bpp1/p1n1pn1p/2p5/P1P1PBP1/3B1N1P/1P3P2/3RR1K1 b - -,c6d4 g1g2 f6d7 d3e2 g7g5 f4g3 d7f8 d1d3 f8g6 e4e5
6k1/2B2ppp/4bn2/3P4/2p1P3/5N2/r1P3PP/2R4K b - -,a2a7 c7b6 a7a6 c1b1 e6d7 b6d4 h7h6 d4f6 g7f6 h1g1
8/1pp4k/p3p1Rp/7K/2r5/8/8/8 b - -,a2a7 c7b6 a7a6 c1b1 e6d7 b6d4 h7h6 d4f6 g7f6 h1g1
2b4r/q3k1p1/pNr1p3/P4P2/1p6/3BRP2/1P3KP1/8 b - -,c6b6 a5b6 a7b6 f3f4 b6d4 d3e2 d4f4 e3f3 f4d4 f2e1
8/7r/3P4/5P2/3B2P1/2P4P/4Q2P/1b3k1K b - -,f1e2 h1g2 h7d7 h3h4 d7d6 g2g3 b1a2 g3f4 d6h6 h4h5
4R1k1/p6p/1b4p1/8/P1P1K1B1/7P/r7/8 b - -,g8f7 e8h8 f7g7 h8e8 a2a4 e8e7 g7f6 e7h7 a4c4 e4d3
7k/1P4p1/7p/4Rb2/8/8/2r2PPP/3R3K b - -,c2b2 e5e8 h8h7 b7b8q b2b8 e8b8 f5e4 d1d7 e4f5 d7e7
2q3k1/1p3p1p/2n2Qp1/1pP2R2/6K1/8/PP5P/8 b - -,g6f5 f6f5 c8e6 g4f4 g8g7 f5e6 f7e6 f4g5 h7h6 g5f4
k3R3/8/8/8/3K4/8/8/8 b - -,h7h5 g4g5 c8f5 f6f5 g6f5 g5f5 g8g7 f5g5 c6d4 g5h5
r3R2R/p5k1/2p1b3/1p2p3/8/4K1p1/PPr1N3/8 b - -,a8e8 h8e8 g3g2 e8e6 c2e2 e3e2 g2g1q e6d6 g1c5 d6d3
2r2rk1/6p1/4pn1p/1pp5/4P3/P3B2P/5PP1/2RR2K1 b - -,
rnbqk2r/1p3pbp/p2p1np1/2pP4/P1B1P3/2N2N2/1P3PPP/R1BQK2R b KQkq -,b8d7 e1h1 e8h8 h2h3 d8e7 f1e1 d7e5 f3e5 e7e5 a4a5
6k1/8/7B/5R2/p5NK/6P1/rr6/8 b - -,b2b4 h4g5 b4g4 g5g4 a4a3 f5f8 g8h7 h6f4 a2c2 f8a8
4r1k1/5pp1/8/p7/4P1P1/2R2K1P/q3PQ2/8 b - -,a2b1 f2e3 a5a4 e4e5 b1h1 f3g3 f7f6 c3c1 h1d5 e3c5
r1b2rk1/pp3ppp/2p1pn2/8/3P4/3BPN2/PP1K1PPP/2R4R b - -,a7a5 h1g1 a5a4 g2g4 f6d7 h2h4 a8a5 e3e4 f8e8 d2e3
2r2q1k/6pb/8/7Q/8/8/1Q3PPP/4R2K b - -,a7a5 h1g1 a5a4 g2g4 f6d7 h2h4 a8a5 e3e4 f8e8 d2e3
1R6/4kp1p/3p2p1/2p1p3/b1P1P3/1Nq1P3/P4KPP/3R4 b - -,c3c2 d1d2 c2e4 b3a5 e4h4 f2f1 h4h2 b8b7 e7e6 b7b6
1Q3q1k/6p1/7p/2r5/8/8/1Q3PPP/3bR2K b - -,a4c6 b3d2 c6a4 d2b3 c3c2 d1d2 c2e4 b3a5 e4h4 f2f1
r7/4kp2/8/6p1/p1K1P1P1/R6P/4P3/8 b - -,e7e6 c4b5 e6e5 b5c6 a8c8 c6b5 c8b8 b5c5 b8b3 a3a4
4r3/5ppk/5n2/p7/2pQ1qP1/2N2P1P/P3P1K1/3R4 b - -,f4g5 h3h4 g5e3 d4c4 h7g8 d1d4 e3e5 a2a4 e5e3 c4d3
r2q1rk1/pp1nbppp/2p2n2/3p2Bb/3P4/2N1PN1P/PP2BPP1/R2Q1RK1 b - -,f8e8 g5f4 d8b6 d1c2 a7a5 a2a4 e7f8 f4h2 h5g6 e2d3
r3k1r1/p1pqnpp1/1p2P2p/3pP2P/3P2Q1/2N1R3/PPP3P1/1K1R4 b - -,d7c6 e6f7 e8f7 d1f1 f7e8 e3f3 b6b5 c3e2 a8b8 e2f4
rn2kb1r/pp2pppp/2p5/5b2/3P1B2/2P2N2/PP3PPP/R3KB1R b KQkq -,e7e6 a2a4 f8e7 f1e2 b8d7 a4a5 e8h8 f3d2 d7f6 e1h1
8/1pp4k/p3p1Rp/2r5/6K1/8/8/8 b - -,e7e6 a2a4 f8e7 f1e2 b8d7 a4a5 e8h8 f3d2 d7f6 e1h1
3r4/4R1k1/5q1p/1Q6/7P/1r4p1/1P6/4R1K1 b - -,e7e6 a2a4 f8e7 f1e2 b8d7 a4a5 e8h8 f3d2 d7f6 e1h1
R6R/p5k1/2p1b3/1p2p3/8/2N5/PPK5/6q1 b - -,g1f2 c2d1 e6g4 d1c1 f2e1 c1c2 g4f5 c2b3 f5e6 b3c2
8/8/p7/5b2/5k2/5R2/4r2p/7K b - -,
5q2/8/3k4/4N3/1Q6/8/6nK/8 b - -,f4e4 f3f4 e4d3 f4d4 d3e3 d4d3 e3e4 d3d4
rnbRkb1r/pp3qpp/8/2p1P3/6n1/1Q3N2/PB3PPP/R5K1 b kq -,e8d8 b3f7 c8d7 a1d1 d8c8 e5e6 d7a4 d1e1 a4c6 b2g7
4R3/p2B1k1p/1b4p1/8/P1P1K3/7P/r7/8 b - -,a2e2 e4d5 e2e8 c4c5 b6d8 d5d4 e8e1 d7c6 f7f6 d4c4
r2q1r2/5pkp/p1p1p1p1/1p1n2P1/3P2PQ/2PB1R1P/PP6/4R1K1 b - -,g7g8 a2a3 a8c8 d3c2 a6a5 c2b3 c6c5 d4c5 c8c5 h4f2
8/pp4k1/4Np2/3Pb2p/6pP/1P6/1P4P1/7K b - -,g7f7 h1g1 f6f5 g1f2 f7f6 b3b4 f5f4 f2e2 f6f5 e2d3
8/p5p1/3k4/1p5p/3K1P2/7P/P5P1/8 b - -,h5h4 d4e4 a7a5 e4d4 d6c6 f4f5 c6d6 d4e4 d6c5 e4f4
1r6/3bp2p/p2p1k2/5P2/P1Pr4/K2BR2P/P3R3/8 b - -,d6d5 e2f2 b8b7 e3g3 b7c7 a3b2 a6a5 f2e2 d5c4 d3c2
5Q2/p4p1k/4p2p/8/q5N1/P6P/5PP1/2n4K b - -,a4f4 g2g3 f4e4 h1h2 e4g6 g4e5 g6g7 f8f7 g7f7 e5f7
5q1k/6pb/8/2r4Q/8/Q7/5PPP/4R2K b - -,a4f4 g2g3 f4e4 h1h2 e4g6 g4e5 g6g7 f8f7 g7f7 e5f7
3r1r1k/p3q1p1/1p2Pp1p/2p5/1P2pP2/P3P3/Q5PP/R4RK1 b - -,f6f5 f1d1 d8d3 d1d3 e4d3 a1d1 f8d8 b4c5 b6c5 a2b3
r4rk1/1b2q1pp/p1nb4/1p1Bpp2/1P6/P3PN1P/1B2QPP1/R4RK1 b - -,e7f7 d5f7 f8f7 f3g5 a8f8 a1d1 d6e7 g5f7 f8f7 d1d7
8/1pr3p1/p1pk1p1p/P6P/1PP2PP1/2K1P1B1/8/8 b - -,
8/5p2/1K2k3/r5p1/p3P1P1/R6P/4P3/8 b - -,
R4R2/p5k1/2p5/1p1bp3/6K1/2P5/P7/4q3 b - -,a5a8 b6c7 e6e5 c7b7 a8h8 a3a4 h8h3 a4a5 e5f4 a5f5
1R6/4kp1p/3p2p1/2p1p3/b1P1P3/1N2P3/P1qR1KPP/8 b - -,c2e4 b3a5 e4h4 f2f1 h4h2 b8b7 e7e6 b7b2 h2h1 f1f2
3N4/pp3k2/5p2/3Pb2p/6pP/1P6/1P4P1/7K b - -,f7e7 d8b7 e7d7 b7a5 d7d6 a5c6 a7a6 h1g1 e5b2 g1f2
r4rk1/2q2pbp/p5p1/2p4n/1P1P4/3BBP1P/P2Q1P2/2R2RK1 b - -,c7d7 b4c5 g7d4 d3c4 f8d8 f1d1 d4e3 d2d7 d8d7 f2e3
1k6/pp3r2/3N3p/2p1n3/2P2p2/7B/PP3P1P/2KR4 b - -,f7e7 d6e4 b7b6 e4c3 e7g7 h3f5 f4f3 d1d8 b8c7 d8c8
2r2rk1/6p1/4pn1p/1p6/2p1P3/P3B2P/5PP1/1R1R2K1 b - -,f6e4 d1c1 f8f5 b1b4 e4d6 a3a4 b5a4 b4a4 c4c3 g2g4
8/1k6/8/4R3/3K4/8/8/8 b - -,f6e4 d1c1 f8f5 b1b4 e4d6 a3a4 b5a4 b4a4 c4c3 g2g4
5Q1k/6pb/8/7r/8/8/5PPP/4R2K b - -,f6e4 d1c1 f8f5 b1b4 e4d6 a3a4 b5a4 b4a4 c4c3 g2g4
rnbk1b1r/pp3Qpp/8/2p1P3/6n1/5N2/PB3PPP/R5K1 b - -,a7a5 a1d1 c8d7 e5e6 f8e7 b2g7 a8a6 g7h8 a6d6 d1d6
r3R3/p5k1/2p1b3/1p2p3/8/2N1K1pR/PPr5/8 b - -,e6h3 e8e5 g7h6 e3d4 g3g2 e5e1 a8e8 e1g1 c2b2 c3b1
3k1q2/8/8/4N3/3Q4/8/6nK/8 b - -,e6h3 e8e5 g7h6 e3d4 g3g2 e5e1 a8e8 e1g1 c2b2 c3b1
rnbqkbnr/pp1p1ppp/2p5/3PP3/8/8/PP3PPP/RNBQKBNR b KQkq -,d7d6 g1f3 d6e5 f1c4 c6d5 c4d5 f8b4 b1c3 b4c3 b2c3
3q3k/7p/p5p1/2K3b1/PP2B3/5P2/2P5/8 b - -,d7d6 g1f3 d6e5 f1c4 c6d5 c4d5 f8b4 b1c3 b4c3 b2c3
2q4k/6p1/7p/8/8/8/5PPP/1Q2R2K b - -,d7d6 g1f3 d6e5 f1c4 c6d5 c4d5 f8b4 b1c3 b4c3 b2c3
2rqr1k1/1p1nBppp/p3p3/3p4/2nP1P2/2PB2NP/PP2Q1P1/R3R1K1 b - -,d8e7 e2f2 e7h4 d3c4 c8c4 f4f5 c4c6 e1e2 h4d8 a1e1
8/1pp4k/p3p3/6K1/8/8/8/8 b - -,d8e7 e2f2 e7h4 d3c4 c8c4 f4f5 c4c6 e1e2 h4d8 a1e1
8/1R4p1/5k2/8/7p/7P/5bPK/8 b - -,g7g6 b7b2 f2c5 b2c2 c5a7 c2a2 a7d4 a2a4 f6e5 a4b4
rnbqk1nr/pp3ppp/4p3/8/PbBNP3/2N5/1P3PPP/R1BQK2R b KQkq -,a7a6 e1h1 g8e7 d4c2 b4d6 d1e2 d8c7 f2f4 e8h8 c1e3
3rRk2/8/5q1p/1Q6/7P/1r4p1/1P6/4R1K1 b - -,a7a6 e1h1 g8e7 d4c2 b4d6 d1e2 d8c7 f2f4 e8h8 c1e3
r3R3/p5k1/2p1b3/1p2p2R/8/2N1K1p1/PPr5/8 b - -,c2c3 b2c3 a8e8 h5e5 g7f6 e3f4 e8g8 e5e1 g3g2 f4e3
4RQbk/6p1/8/7r/8/8/5PPP/7K b - -,g3g2 h5g5 g7h6 g5g2 c2c3 b2c3 a8e8 g2h2 h6g5 h2g2
rr6/3bkp1p/3p2p1/q1p1p3/2P1P3/2P1P3/P1QN1KPP/RR6 b - -,b8b1 d2b1 a5b6 h2h3 h7h5 a2a4 d7a4 a1a4 a8a4 c2a4
rk3b1r/p3n1p1/3N4/1B2p2p/2n5/8/PPPP1PPP/R1B2RK1 b - -,h5h4 b5c4 h4h3 g2g3 b8c7 d6e4 e7f5 d2d3 f5d6 c1e3
8/2p4k/p3pK2/1p6/8/8/8/8 b - -,h5h4 b5c4 h4h3 g2g3 b8c7 d6e4 e7f5 d2d3 f5d6 c1e3
5b2/p4p1k/2b1q1pp/P4p2/1p1Pr2P/3NB1Q1/1PR2PPK/8 b - -,f8d6 d3f4 e6e8 h2g1 c6b7 c2c5 d6c5 d4c5 e8e5 g3f3
r4rk1/3q1pbp/p5p1/2R4n/1P1P4/3BBP1P/P2Q1P2/5RK1 b - -,a8e8 g1g2 d7d6 a2a4 e8e3 f2e3 d6g3 g2h1 g3h3 d2h2
2b4r/q5p1/pNrk4/P3PP2/1p6/3BR3/1P3KP1/8 b - -,d6c7 b6d5 c7b8 d5b4 a7c5 b4c6 c5c6 d3e4 c6c4 e5e6
4Qk2/8/5q1p/8/7P/1r4p1/1P6/4R1K1 b - -,d6c7 b6d5 c7b8 d5b4 a7c5 b4c6 c5c6 d3e4 c6c4 e5e6
1k2N3/pp4r1/7p/2p1n3/2P2p2/7B/PP3P1P/2KR4 b - -,g7g1 d1g1 e5f3 g1d1 a7a6 e8f6 b8a7 c1b1 f3d4 f6e4
rnbqkbnr/pp1p1ppp/8/3pP3/8/4B3/PP3PPP/RN1QKBNR b KQkq -,f8b4 b1c3 b8c6 g1f3 g8e7 f1d3 d7d6 e5d6 b4c3 b2c3
7k/2q3p1/7p/5b2/3Q4/8/5PPP/3RR2K b - -,h8h7 d1c1 c7f7 f2f3 f7f6 d4e5 f6e5 e1e5 f5d3 c1c7
2r1rqk1/1p1n1ppp/p3p3/3p1P2/3P4/2P1N2P/PP2Q1P1/R3R1K1 b - -,e6e5 e3d5 e5d4 e2d2 d4c3 e1e8 f8e8 b2c3 c8c4 a1d1
8/2p4k/p3K3/8/1p6/8/8/8 b - -,e6e5 e3d5 e5d4 e2d2 d4c3 e1e8 f8e8 b2c3 c8c4 a1d1
1RbrN2k/2q2p1p/p3p1pP/P3P3/2p5/5Q2/5P2/6K1 b - -,c7e7 e8d6 f7f5 f3g3 h8g8 b8c8 d8c8 d6c8 e7f8 c8d6
3q1rk1/3b1pb1/2npp1p1/1pr2N1P/p3PP1P/1B2N3/PPPQ4/1K1R3R b - -,e6f5 d2d6 d8f6 d6f6 g7f6 d1d7 a4b3 a2b3 f5e4 e3d5
8/k1K5/8/1B6/8/8/1N6/8 b - -,d8a5 f5g7 a4b3 d2a5 b3c2 e3c2 c6a5 h5h6 d7c6 h1e1
3q3k/4b2p/p5p1/8/PPK1B3/5P2/2P5/8 b - -,d8a5 f5g7 a4b3 d2a5 b3c2 e3c2 c6a5 h5h6 d7c6 h1e1
7k/6p1/2q4p/8/8/7P/5PP1/1Q2R2K b - -,d8a5 f5g7 a4b3 d2a5 b3c2 e3c2 c6a5 h5h6 d7c6 h1e1
r3R3/p5k1/2p1b3/1p2p2R/8/2P1K1p1/P7/8 b - -,a8e8 h5g5 g7f6 g5g3 e6a2 g3g1 e8h8 g1a1 f6f5 e3f3
R6R/p5k1/2p1b3/1p2p3/8/4K3/PPr1N1p1/8 b - -,a8e8 h5g5 g7f6 g5g3 e6a2 g3g1 e8h8 g1a1 f6f5 e3f3
r1bq1r2/pp3pk1/2n1p1p1/3pP3/3N2Q1/2N5/PPP5/1K1R1B1R b - -,f8g8 g4f4 g8h8 d4c6 b7c6 f1d3 c8d7 d1g1 d8e7 d3g6
5r1k/p3q1p1/1p2Pp1p/2p2P2/1P2p3/P2rP3/Q5PP/R4RK1 b - -,
8/2pK3k/p7/8/8/1p6/8/8 b - -,d3e3 a2c4 f8d8 b4c5 b6c5 a1c1 h8h7 h2h3 d8d2 f1f2
rnr3k1/p4pp1/bp3q1p/3pQ3/3P4/P3PP2/1P4PP/R3KBNR b KQ -,f6g6 e5d5 a6f1 e1f1 c8c2 d5d8 g8h7 g1e2 g6d3 a1e1
r1bqk2r/ppp2ppp/2npp3/3nP3/1bB2P2/2NP1N2/PPPB2PP/R2QK2R b KQkq -,b4c3 b2c3 f7f6 e1h1 e8h8 e5f6 d8f6 f3g5 h7h6 d1h5
3rr1k1/pb4p1/1p2q2p/2p1Ppn1/3Pn2P/1P1N2P1/PBQ3B1/2R1R1K1 b - -,c5d4 h4g5 d8c8 c2d1 h6g5 g3g4 g7g6 d1e2 e8d8 g4f5
8/pN2k3/5p2/3Pb2p/6pP/1P6/1P4P1/7K b - -,e7d7 b7a5 d7d6 a5c6 a7a6 h1g1 e5b2 g1f2 b2c3 f2e3
r4rk1/pp1Qqpp1/2p1p3/8/8/7P/PPP2PP1/3RR1K1 b - -,f8e8 d1d2 g8f8 e1d1 e7d7 d2d7 e8e7 d7d8 a8d8 d1d8
1r3q1k/5R2/3P3p/4Q1p1/1p6/2p3PP/1P3P2/6K1 b - -,f8e8 d1d2 g8f8 e1d1 e7d7 d2d7 e8e7 d7d8 a8d8 d1d8
R6R/p5k1/2p1b3/1p2p3/8/8/PP2K1p1/8 b - -,f8e8 d1d2 g8f8 e1d1 e7d7 d2d7 e8e7 d7d8 a8d8 d1d8
2r2rk1/6p1/4pn1p/1p6/2p1P3/P3BP1P/6P1/2RR2K1 b - -,f8d8 c1b1 d8d1 b1d1 e6e5 d1b1 c4c3 g1f2 c3c2 b1c1
8/p4p1k/2bbq1pp/P4p2/1p1PrN1P/4B1Q1/1PR2PPK/8 b - -,e6e8 h2g1 c6b7 a5a6 b7a6 g3f3 a6b7 d4d5 e8d8 c2c1
q5r1/6kp/8/8/4B3/p1Q5/8/7K b - -,g7f7 e4a8 g8g5 c3a3 g5g6 a8e4 g6h6 h1g2 h6f6 a3a7
8/2K4k/p7/8/8/8/1p6/8 b - -,g7f7 e4a8 g8g5 c3a3 g5g6 a8e4 g6h6 h1g2 h6f6 a3a7
8/4pk2/1R1P2p1/4Pp1p/7P/5KP1/4P3/3r4 b - -,e7d6 b6d6 d1c1 d6d7 f7e6 d7g7 c1c3 f3f2 e6e5 g7g6
r1bq1r2/pp3pk1/4p1p1/3pn3/3N1Q2/2N5/PPP5/1K1R1B1R b - -,e5g4 f4g4 e6e5 g4g1 f8h8 h1h8 d8h8 c3d5 h8f8 d4b5
2b4r/q5p1/p1r5/P1k1PP2/Np6/3BR3/1P3KP1/8 b - -,c5d5 d3e4 d5e5 e4c6 e5f6 a4b6 h8d8 c6f3 a7c7 b6c8
7k/2q1b2p/p5p1/8/PP2B3/1K3P2/2P5/8 b - -,c5d5 d3e4 d5e5 e4c6 e5f6 a4b6 h8d8 c6f3 a7c7 b6c8
r1bk1bnr/ppNp1ppp/3P1q2/8/5n2/5Q2/PPP3PP/R1B1KB1R b KQ -,f6e5 f3e3 f8d6 e3e5 d6e5 c7a8 g8f6 g2g3 h8e8 e1d1
3Q1b2/p4pkN/4p2p/8/q7/P6P/5PP1/1Bn4K b - -,f8e7 d8e7 a4d1 h1h2 c1d3 e7f6 g7h7 f6f7 h7h8 f7f8
rnbqkbnr/pp1p1ppp/8/4P3/3Q4/4B3/PP3PPP/RN2KBNR b KQkq -,
3k1q2/8/8/Q3N3/8/8/6nK/8 b - -,b8c6 d4d2 d7d6 e5d6 d8d6 g1f3 g8f6 f1b5 a7a6 d2d6
1R4q1/6p1/p4pPp/2p2k2/2Pp4/3P4/P1K4B/8 b - -,g8e6 b8b2 e6e2 c2c1 e2d3 b2f2 f5g6 f2g2 g6f7 h2d6
r1br2k1/ppp2p1p/4pbP1/8/3nP3/2N2P2/PP1RN1P1/2K2B1R b - -,h7g6 f3f4 d4c6 d2d8 f6d8 e4e5 c8d7 g2g4 g6g5 h1h5
r3r1k1/pp1b2bp/1qnPp1p1/2p3B1/6n1/2N2N2/PP1QB1PP/R4RK1 b - -,c6d4 h2h3 g4f6 g5f4 d7c6 f3e5 a8d8 e5c4 b6b4 e2d3
r4k2/p2br1pB/5qQ1/8/1pP5/4P3/PP4PP/5RK1 b - -,e7e6 f1f6 e6f6 g6h5 a8c8 b2b3 a7a5 h7e4 f8g8 h5h7
rnr3k1/p4pp1/1p5p/3pP3/8/P3PP2/1P4PP/R4KNR b - -,a7a5 g1e2 b8d7 e2c3 d7e5 f1e2 b6b5 h1d1 e5c4 d1d5
r1b2rk1/ppp2ppp/2nb1q2/4p1NQ/2B5/2PPB3/P1P2PPP/R3K2R b KQ -,h7h6 g5e4 f6f5 h5f5 c8f5 c4d5 d6e7 d5c6 b7c6 f2f3
r1bqk2r/pp2bppp/4p3/2p5/2Bn1Q2/2NP4/PPP2PPP/R1B2RK1 b kq -,d4c2 c4e6 e8h8 e6c8 a8c8 a1b1 d8d3 f1d1 d3g6 h2h3
2kr3r/1p2bpp1/B1bq3p/3p4/5PPP/4B3/PPP1Q3/1K1R2R1 b - -,b7a6 e2a6 c6b7 a6d3 e7h4 g4g5 h8e8 e3d4 h6g5 f4g5
6k1/6p1/2q4p/5Q2/8/7P/5PP1/4R2K b - -,e7h4 a6b5 h8e8 b5c6 d6c6 e2f3 e8e4 g4g5 h6g5 f4g5
6B1/p3R2p/1b4pk/3K4/r1P5/7P/8/8 b - -,
r2q1rk1/pp1n1ppp/2pb1n2/3p2Bb/3P4/2N1PN1P/PP2BPP1/2RQ1RK1 b - -,h7h6 g5f4 d6f4 e3f4 h5f3 e2f3 d7b6 b2b3 f8e8 g2g3
1r2b3/6kp/1P4p1/p4p2/P4P2/6PP/8/1R2K3 b - -,e8a4 b1a1 a4c6 a1a5 b8b6 g3g4 f5g4 h3g4 b6b4 f4f5
2r1qrk1/1p2b1p1/p1b1p2p/3pPp2/P4P2/2P1B2Q/1P4PP/R2B2RK b - -,c6d7 g2g4 d5d4 c3d4 d7c6 d1f3 c6f3 h3f3 e8d7 a1d1
R2R4/p5k1/2p1b3/1p2p3/8/8/PP2K3/6q1 b - -,c6d7 g2g4 d5d4 c3d4 d7c6 d1f3 c6f3 h3f3 e8d7 a1d1
8/7k/p1K5/8/8/8/8/1q6 b - -,c6d7 g2g4 d5d4 c3d4 d7c6 d1f3 c6f3 h3f3 e8d7 a1d1
r2q3k/p2b4/1p1R1n2/1P1Pp3/4Pp1n/2Q2N2/P3Br2/2R1K3 b - -,d8g8 d6f6 h4f3 e1d1 g8g1 d1c2 f2e2 c2b1 e2e1 c1e1
6bk/QR1R2pp/5b2/4q3/5P2/7P/2r2P1K/8 b - -,h4g2 e1f2 f6e4 f2g2 d8g8 g2f1 e4c3 d6d7 g8g4 c1c3
rn2kbnr/ppp2ppp/8/3B4/4Pp1N/8/PPPP2PP/RNBb1K1R b kq -,b8c6 h4f3 d1c2 f3e1 c6d4 d5b7 a8b8 b7c6 d4c6 e1c2
8/5qpk/7p/5b2/3Q4/5P2/6PP/2R1R2K b - -,f5g6 d4e5 f7f5 c1c7 f5e5 e1e5 g6b1 e5e7 h7g6 c7c6
6k1/2Bn1pp1/4b2p/2p5/4P3/3P4/r1PN2PP/2R4K b - -,a2a4 h1g1 c5c4 g1f2 c4d3 c2d3 f7f5 c1c6 g8f7 c7d6
r4k2/p2br1pB/6Q1/8/1pP5/4P3/PP4PP/5K2 b - -,d7e6 b2b3 a8e8 g6g5 e6f7 e3e4 f7g8 h7f5 g8e6 f5g6
2b4r/q5p1/p1r5/P3PP2/Np1kB3/4R3/1P3KP1/8 b - -,c6c1 e4c6 c1c6 a4b6 c8f5 e3b3 d4e5 b3b4 c6c2 f2g1
7r/p4k2/2p5/1p4R1/8/2NK4/PPr3p1/8 b - -,c2b2 c3e4 h8g8 e4d6 f7f8 g5g2 g8g2 d6f5 b2d2 d3c3
8/7k/8/p1K5/8/8/8/1q6 b - -,c2b2 c3e4 h8g8 e4d6 f7f8 g5g2 g8g2 d6f5 b2d2 d3c3
6B1/p3R2p/1b4pk/r7/2P1K3/7P/8/8 b - -,a5a1 e7h7 h6g5 h3h4 g5g4 g8e6 g4g3 h7h6 a1e1 e4d5
r3R3/p5k1/2p1b3/1p2p3/8/2N1K1p1/PPr5/7R b - -,a8e8 h1g1 g3g2 a2a4 b5a4 e3d3 e6f5 d3c4 g7f6 c4c5
r3k2r/1p3p1p/pq2bp2/8/3R4/2Q5/PP2PPPP/1K3B1R b kq -,a8d8 e2e3 e8h8 f1d3 d8d4 e3d4 f8c8 c3d2 g8g7 d3c2
r1b2b1r/pp1kn1pp/2p1q3/3nP3/2B1N3/5Q2/PPP2PPP/R1B1R1K1 b - -,e6g6 e5e6 d7c7 c1f4 d5f4 f3f4 c7b6 e4d6 a7a5 d6f7
5b2/p4kpp/5p2/1n1b4/3B4/1N6/P1NP1PPP/5K2 b - -,a7a5 b3a5 d5e4 a2a4 e4c2 a4b5 c2d3 f1g1 d3b5 a5b7
r1b1k2r/1p2bppp/2n1pn2/p1Pq4/1PB5/2P2N2/P2N1PPP/R1BQK2R b KQkq -,d5f5 b4b5 c6e5 e1h1 e5f3 d2f3 f5c5 d1e2 c5c7 f1d1
R6R/p5k1/2p1b3/1p2p3/8/2K5/PP4p1/8 b - -,d5f5 b4b5 c6e5 e1h1 e5f3 d2f3 f5c5 d1e2 c5c7 f1d1
8/7k/8/8/p1K5/8/8/1q6 b - -,d5f5 b4b5 c6e5 e1h1 e5f3 d2f3 f5c5 d1e2 c5c7 f1d1
6B1/p6R/1b4pk/8/r1P1K3/7P/8/8 b - -,
6k1/8/2q3pp/4Q3/8/7P/5PP1/4R2K b - -,h6g5 h3h4 g5g4 g8e6 g4g3 e6f7 b6f2 h7h6 f2b6 h6g6
8/5qpk/6bp/4Q3/8/5P2/6PP/2R1R2K b - -,f7f5 c1c7 f5e5 e1e5 g6b1 e5b5 b1d3 b5b7 h7g6 c7g7
r2q1rk1/pbpn1ppp/1p1bpn2/3p4/3P4/2PBPNB1/PP1N1PPP/RQ2K2R b KQ -,d6g3 h2g3 g7g6 b2b4 d8e7 e1h1 e6e5 f3e5 d7e5 d4e5
5q2/4k3/8/2Q1N3/8/8/6nK/8 b - -,d6g3 h2g3 g7g6 b2b4 d8e7 e1h1 e6e5 f3e5 d7e5 d4e5
6B1/p6R/1b4p1/6k1/r1P1K2P/8/8/8 b - -,g5f6 h7f7 f6e6 f7a7 e6f6 a7f7 f6e6 f7b7 e6d6 b7b6
1R5k/6p1/7p/8/8/8/5PPP/7K b - -,g5f6 h7f7 f6e6 f7a7 e6f6 a7f7 f6e6 f7b7 e6d6 b7b6
rnbqkbnr/pp3ppp/3P4/8/3Q4/4B3/PP3PPP/RN2KBNR b KQkq -,b8c6 f1b5 d8d6 g1f3 d6d4 f3d4 f8b4 b1c3 g8e7 e1a1
5b2/p4kpp/5p2/1n6/3Bb3/1N2N3/P2P1PPP/5K2 b - -,a7a5 a2a4 b5d4 b3d4 f8c5 d4b3 c5b6 f1e2 e4c6 e3c4
r2qr1k1/pp1n1ppp/2pb1n2/3p2Bb/3P3N/2N1P2P/PP2BPP1/2RQ1RK1 b - -,h5e2 c3e2 h7h6 h4f5 d6h2 g1h2 h6g5 e2g3 d7f8 f2f4
2r2rk1/6p1/4p2p/1R6/2p1n3/P3B2P/5PP1/3R2K1 b - -,e4c3 b5b1 c8a8 e3c5 c3b1 d1b1 f8c8 c5b4 c4c3 b1c1
8/7k/8/8/8/p1K5/8/1q6 b - -,e4c3 b5b1 c8a8 e3c5 c3b1 d1b1 f8c8 c5b4 c4c3 b1c1
r7/1K6/4kp2/6p1/p3P1P1/R6P/4P3/8 b - -,
8/p4pkN/4pQ1p/2b5/q7/P6P/5PP1/1Bn4K b - -,g7g8 f6h6 a4d4 h7f6 d4f6 b1h7 g8h8 h6f6 h8h7 f6f7
r1b1k2r/1p2bppp/4pn2/pPP1n2q/2B5/2P2N2/P2N1PPP/R1BQ1RK1 b kq -,e7c5 f3e5 h5e5 a2a4 b7b6 d2b3 c8b7 b3c5 e5c5 d1e2
8/p6R/1b2B1p1/8/r1P1K1kP/8/8/8 b - -,
r2qr1k1/1pp2pbp/2np2p1/p3p3/2P3b1/PPNB1N2/1BQP1P2/2K3RR b - -,g4f3 h1h7 e8e6 h7g7 g8g7 c3d5 c6e7 d3e4 e7d5 e4f3
7k/5Npb/2R4p/1P6/3b3P/8/1p3PP1/5RK1 b - -,h8g8 b5b6 g8f7 b6b7 d4a7 c6b6 b2b1q f1b1 h7b1 b6b1
r3R2R/p5k1/2p1b3/1p2p3/8/4K3/PPr3p1/6N1 b - -,a8e8 h8e8 g7f6 e8f8 e6f7 b2b4 c2a2 e3f3 f6e7 f8a8
8/6R1/2p5/p1k2rp1/2P1K3/1P6/P7/8 b - -,
7k/2q4p/p4bp1/8/PPP1B3/1K3P2/8/8 b - -,f5f2 g7g5 c5b4 g5g6 f2a2 g6c6 b4b3 e4d3 b3b4 c6b6
r2qr1k1/1p1b1ppp/p1p2n2/1PQp4/P2P3n/3BP1N1/3N1PPP/2R2RK1 b - -,c6b5 a4b5 a6b5 c1a1 a8a4 f1b1 d8a8 c5c3 a8a7 c3b2
5rk1/1p4Np/pB1p2p1/8/2Pp4/4rPPb/PP3R1P/R5K1 b - -,e3f3 f2f3 f8f3 b6d4 g8f7 a1e1 h3d7 d4c3 f3d3 e1f1
1k1r3r/1p2bpp1/p1bq4/3p2P1/3B1P2/3B4/PPP1Q3/1K1R2R1 b - -,b8c8 d4g7 h8e8 e2f2 f7f6 f2d4 f6g5 f4g5 d6c7 g5g6
8/7k/8/8/2K5/8/p7/1q6 b - -,b8c8 d4g7 h8e8 e2f2 f7f6 f2d4 f6g5 f4g5 d6c7 g5g6
5q2/4k3/6N1/Q7/8/8/6nK/8 b - -,b8c8 d4g7 h8e8 e2f2 f7f6 f2d4 f6g5 f4g5 d6c7 g5g6
r1b2rk1/ppp2ppp/2nb1q2/4p1N1/2BP4/2P1B3/P1P2PPP/R2QK2R b KQ -,c8f5 e1h1 f6g6 d1d2 a8d8 g5f3 d6e7 d2e2 f5h3 f3e1
r1b1k2r/1p2bppp/4pn2/pPP4q/2B5/2P2N2/P4PPP/R1BQ1RK1 b kq -,h5c5 d1e2 c5c7 c1g5 e8h8 f1d1 f6d5 c4d5 e7g5 f3g5
3rr2k/2q3p1/p1p2n1p/1pp1nP2/2P5/P1BP2Q1/1PB3K1/3RR3 b - -,f6d7 e1e4 e8e7 d1e1 b5c4 d3c4 c7d6 c3e5 d7e5 e4e5
4r1k1/1p4p1/p2q1p1p/P2p3P/6R1/6P1/1P1Q1P2/6K1 b - -,e8e7 g1g2 d6c6 g2g1 c6d7 g4b4 e7e5 d2d1 d7e7 d1g4
5b2/p4kpp/5p2/8/3Nb3/4N3/P2P1PPP/5K2 b - -,h7h5 f1e2 f8c5 d4c2 g7g5 d2d3 e4b7 g2g3 f7e6 c2a1
r1bq1rk1/1p1n1pbp/p2p1np1/2pP4/P1B1P3/2N1BN2/1P3PPP/R2Q1RK1 b - -,d8e7 f3d2 d7e5 h2h3 f6e8 c4e2 f7f5 f2f4 e5f7 f1e1
8/p4B1R/1b4p1/8/r1P1K2P/6k1/8/8 b - -,
8/1pp4p/p2p2k1/3P1p2/2PP1K1P/8/PP6/8 b - -,g6f7 f4f5 f7e7 f5g5 e7f7 g5h6 f7g8 b2b3 g8h8 h6h5
5rk1/2R2pp1/8/p1Q5/2p1q1P1/7P/P3PK2/8 b - -,f8e8 c5c4 e4e3 f2g2 e3e2 c4e2 e8e2 g2f3 e2a2 c7c8
r5k1/1p3ppp/pb2pn2/4Nr2/2P5/1P6/1B2RPPP/3R2K1 b - -,a6a5 g2g3 a5a4 b3a4 a8a4 e5d7 b6c7 d7f6 g7f6 e2c2
R6R/p5k1/2p1b3/1p2p3/8/3K4/Pr4p1/3N4 b - -,b2b4 h8d8 g2g1q a8a7 g1a7 d3e2 b4e4 e2d3 e4d4 d3e2
4Q1k1/3q4/6pp/8/8/7P/5PP1/4R2K b - -,d7e8 e1e8 g8g7 h1h2 g7f6 e8e1 f6f7 h3h4 f7f6 h2g3
8/2R3pk/6bp/4R3/8/5P2/6PP/7K b - -,h6h5 h2h4 g6d3 e5g5 h7h6 g5g7 d3b5 g7e7 h6g6 e7e6
r1bq1r2/pp1nbpk1/2n3p1/3pPNP1/6P1/2N5/PPPQ4/1K1R1B1R b - -,g6f5 g4f5 d7e5 f5f6 e7f6 g5f6 d8f6 c3d5 f8d8 h1h7
r3r1k1/1pqbbppp/p2ppn2/P7/1n1NPPP1/2NBB3/1PP4P/R2Q1R1K b - -,d7c6 g4g5 f6d7 d3e2 d6d5 e4e5 b7b6 h2h4 e7c5 h4h5
r1br2k1/pp1n1ppp/2p1pn2/8/2BP4/4PNN1/PP1K1PPP/2RR4 b - -,g7g6 c4d3 g8f8 h2h3 d8e8 f3e5 d7e5 d4e5 f6d7 f2f4
5r1k/Q6p/p6r/1p1Pq3/4pp2/2P3RP/PP6/5R1K b - -,f4f3 a7d4 e5d4 c3d4 h6f6 g3g5 e4e3 g5e5 e3e2 f1f2
4R3/p5k1/2p1b3/1p2p3/8/4K3/PPr3p1/6N1 b - -,g7f6 b2b4 c2a2 e8f8 e6f7 e3f3 f6e7 f8h8 a7a5 b4a5
r1bqk2r/pp2bppp/4p3/2p5/2Bn4/2NP4/PPP2PPP/R1BQ1RK1 b kq -,b7b6 a2a4 c8b7 f1e1 e8h8 c3e4 a7a6 c2c3 b6b5 c4a2
6k1/1p3p1p/2n3p1/1pP2Q2/6K1/8/PP5P/8 b - -,b5b4 f5c8 g8g7 c8b7 c6e5 g4g3 h7h5 c5c6 b4b3 b7b3
r1b2b1r/pp1k2pp/2p1q3/3nPnN1/2B5/5Q2/PPP2PPP/R1B1R1K1 b - -,e6h6 f3f5 d7c7 f5f7 c7b6 c4d5 c6d5 c1e3 b6a6 f7d5
R6R/p5k1/2p1b3/1p2p3/8/2PK4/P5p1/8 b - -,g2g1q a8d8 g1f2 h8f8 e6f5 f8f5 f2f5 d3e2 e5e4 d8e8
8/8/1K2kp2/r5p1/p3P1P1/R6P/4P3/8 b - -,
r1bq1rk1/1p1n1pbp/p2p2p1/2pP4/P1B1PBn1/2N2N2/1P3PPP/R2Q1RK1 b - -,f8e8 f3d2 g4e5 c4e2 g6g5 f4e3 d7f8 a4a5 a8b8 b2b4
r1b5/p5k1/2p5/1p2R3/8/2N1K1p1/PP5R/8 b - -,c8f5 h2g2 g7f6 e3f4 f5g6 g2g3 a8d8 c3e4 g6e4 e5e4
r6k/pp4pp/4B1b1/r7/8/1P3pP1/P1R2P1P/4R1K1 b - -,g6c2 e6c4 a5a2 h2h4 a2b2 e1e3 b7b5 c4d5 b2b1 g1h2
r1bq1r2/pp1nbpk1/2n5/3pPPP1/8/2N5/PPPQ4/1K1R1B1R b - -,d7e5 f5f6 e7f6 g5f6 d8f6 c3d5 f8d8 h1h7 g7h7 d5f6
rnbqk1nr/ppp3pp/3p4/2b5/2PNN3/8/PP3PPP/R1BQKB1R b KQkq -,b8a6 f1e2 d8e7 e2f3 e7e5 c1e3 c5b4 e4c3 b4c3 b2c3
5r1k/p3q1p1/1p2Pp1p/2p2P2/1P2p3/P3r3/Q5PP/4RRK1 b - -,e3e1 f1e1 c5b4 a3b4 e7b4 a2e2 b4c5 e2f2 c5e5 g2g4
r2qr1k1/1p1b1ppp/5n2/1BQp4/3P3n/4P1N1/3N1PPP/2R2RK1 b - -,a8a5 c1b1 b7b6 b5d7 a5c5 d7e8 c5c2 e8b5 c2d2 b1a1
r1b1n1k1/2p3bp/PpPp1r2/3Pp2q/4P1p1/B1NB1pP1/2QN1P1P/R2R2K1 b - -,f6h6 h2h4 g4h3 d3f1 h6g6 c3b5 h3h2 g1h1 g7h6 a6a7
5b1r/1p1kpppp/2N5/3nq3/Q7/4BP2/PP3P1P/R4RK1 b - -,e5h5 c6b4 d7e6 b4d5 h5d5 f1d1 d5h5 a4d7 e6f6 d7b7
r1b2q1r/ppppkNp1/2n4p/4p3/2B5/2P5/PPP3PP/R1BQK2R b - -,d7d6 h1f1 h8g8 d1d3 c8e6 f7g5 f8f1 e1f1 g8f8 f1e1
4R1k1/8/6pp/8/8/7P/5PP1/7K b - -,g8f7 e8e1 f7g8 h1h2 g8h7 h3h4 h7g7 h2h3 g7f6 h3g3
rnb1k1nr/pp3ppp/3b4/8/2B5/4B3/PP3PPP/RN2K1NR b KQkq -,g8e7 g1f3 e8h8 e1h1 b8c6 b1c3 e7f5 e3d2 c6d4 f3d4
1r1q1rk1/ppn2pp1/2p2n1p/5N2/1P1P4/P2B1Q1P/5PP1/2R1R1K1 b - -,f8e8 f3g3 f6h5 e1e8 c7e8 f5h6 g8f8 g3e5 h5f6 h6g4
6k1/q5p1/2p4p/1p3p2/2PRpP2/4R2P/6PK/8 b - -,a7d4 e3e1 d4c4 g2g4 c4c2 h2g1 c2d2 e1b1 d2e3 g1h1
r4rk1/5pbp/p5p1/2P4n/3P4/3BBP1q/P2Q1P2/2RR2K1 b - -,f8d8 d3f1 h3f3 d2e2 f3f5 f1g2 h5f4 e3f4 f5f4 g2a8
r1b2rk1/1p2bppp/4pn2/pPP4q/8/2PB1N2/P4PPP/R1BQ1RK1 b - -,h5c5 c3c4 b7b6 d1e2 c8b7 f3e5 a8d8 c1b2 c5c7 a1d1
2rkr3/1p3p2/p2Pp1p1/P3PN1p/1q5P/3R1QP1/1P3P2/5RK1 b - -,c8c4 f5e3 c4f4 g3f4 e8e7 d6e7 d8e7 f1c1 e7f8 d3d1
r3R1R1/p2b2k1/2p5/1p2p3/8/2N1K1p1/PPr5/8 b - -,g7h6 e8a8 c2g2 c3e4 g2g1 g8g3 g1g3 e4g3 d7e6 a8a7
r2qr1k1/1pp2pbR/2np2p1/p3p3/2P5/PPNB1b2/1BQP1P2/2K3R1 b - -,e8e6 h7g7 g8g7 c3d5 c6e7 d3e4 e7d5 e4f3 d5f4 d2d4
r1bq1rk1/1p2b1pp/p2p4/3PBp2/2P5/2NB4/PP4PP/R2Q1RK1 b - -,e7f6 e5f6 d8f6 d1d2 c8d7 a1e1 b7b5 c4b5 a6b5 d3b5
8/7k/8/2K5/8/8/8/qq6 b - -,e7f6 e5f6 d8f6 d1d2 c8d7 a1e1 b7b5 c4b5 a6b5 d3b5
8/p6R/1b4B1/8/2P1K2P/6k1/r7/8 b - -,a2c2 e4d3 c2c1 h4h5 g3f4 h7e7 f4g5 e7e6 b6g1 g6e8
rnbqk1nr/ppp3pp/3p4/2b5/2PNp3/2N5/PP2BPPP/R1BQK2R b KQkq -,c5d4 d1d4 g8f6 c3e4 b8c6 e4f6 d8f6 e2h5 e8d8 d4f6
2b4r/q5p1/p1B5/P3kP2/Np6/4R3/1P3KP1/8 b - -,e5f5 a4b6 f5g5 e3e5 c8f5 c6e4 g7g6 b2b3 a7c7 b6c4
5Q2/p4pkN/4p2p/2b5/q7/P6P/5PP1/1Bn4K b - -,e5f5 a4b6 f5g5 e3e5 c8f5 c6e4 g7g6 b2b3 a7c7 b6c4
r5k1/p2n1pp1/1p5p/3pP3/5P2/P3PN2/1r4PP/3R1K1R b - -,a8c8 h2h4 c8c3 h4h5 d7c5 h1h4 c5e4 f1g1 c3c2 f3e1
7R/p4k2/2p1b3/1p2p3/8/4K3/PPr3p1/6N1 b - -,e6d5 b2b3 c2a2 h8h5 f7f6 h5h6 f6g5 h6h3 a2b2 b3b4
3r3k/7p/p7/1p5q/4p3/2P1Qp1P/PP5K/6R1 b - -,h5e5 h2h1 d8f8 e3h6 e5f6 h6e3 f3f2 g1f1 f6f4 e3d4
5b2/p4kpp/5p2/8/P2N4/3bN3/3P1PPP/4K3 b - -,
8/p1q3kp/1p3pp1/5P2/P2P4/8/1P4KP/4Q3 b - -,c7c2 g2g1 c2f5 e1e7 g7h6 e7d6 f5b1 g1f2 b1b2 f2e3
4R3/b7/8/1k1K4/2p5/p1P5/2P5/8 b - -,a3a2 e8e1 b5a4 d5c4 a4a3 c4b5 a3b2 c3c4 a7f2 e1h1
8/5k2/6pp/8/8/7P/5PP1/4R2K b - -,a3a2 e8e1 b5a4 d5c4 a4a3 c4b5 a3b2 c3c4 a7f2 e1h1
r1bq1r2/pp1n1pk1/2n2P2/3pP1b1/8/2N5/PPPQ4/1K1R1B1R b - -,a3a2 e8e1 b5a4 d5c4 a4a3 c4b5 a3b2 c3c4 a7f2 e1h1
rnb1kb1r/pp1qpppp/2p2n2/6N1/2PP4/5N2/PP3PPP/R1BQKB1R b KQkq -,f6g4 c4c5 f7f6 g5e4 d7e6 d1c2 f6f5 f3g5 e6d7 h2h3
rnbq1rk1/ppp1ppbp/3p1np1/8/3PPP2/6P1/PPP1Q1BP/RNB1K1NR b KQ -,e7e5 d4e5 d6e5 b1c3 b8c6 g1f3 c6d4 e2d3 d4f3 g2f3
r6k/pp4pp/4B1b1/8/rP6/P4pP1/5P1P/2R1R1K1 b - -,b7b5 e6d5 a8d8 e1e3 a7a5 b4a5 a4a5 d5f3 a5a4 c1d1
8/7k/2K5/4q3/8/8/8/1q6 b - -,b7b5 e6d5 a8d8 e1e3 a7a5 b4a5 a4a5 d5f3 a5a4 c1d1
8/p6R/1b4B1/7P/2P1K3/6k1/3r4/8 b - -,d2e2 e4d5 e2d2 d5c6 d2d8 c6b5 d8c8 h7d7 b6e3 d7e7
4r1k1/2q2ppn/8/p7/2pQ2P1/2N2P1P/P3P1K1/2R5 b - -,c7c6 c3e4 e8c8 h3h4 h7f8 h4h5 f8e6 d4e5 c8d8 h5h6
7r/p5k1/2p5/1p2R3/8/2N1K1p1/PPr5/8 b - -,g3g2 e5g5 g7f7 c3e4 c2b2 a2a3 h8h3 e3d4 h3a3 e4d6
Q3kq2/8/8/4N3/8/8/6nK/8 b - -,g7f6 e3f4 g3g2 c3e4 f6f7 e4d6 f7g7 e5g5 g7f6 d6e4
r2qr1k1/1pp2pbR/3p2B1/p3p3/2Pn4/PPN2b2/1BQP1P2/2K3R1 b - -,d4c2 g6c2 d8f6 g1g3 g8f8 c2e4 f3e4 c3e4 f6g6 g3g6
7k/7p/p4bp1/4q3/PPP1B3/5P2/2K5/8 b - -,d4c2 g6c2 d8f6 g1g3 g8f8 c2e4 f3e4 c3e4 f6g6 g3g6
3q1rk1/1p2Npnp/8/p7/8/P6P/1P3PP1/4R1K1 b - -,g8h8 f2f3 f8e8 e1f1 d8e7 f1d1 e7e3 g1h2 e3f4 h2g1
r1bqk1nr/ppp1ppb1/3p2pp/3Pn3/2B1P3/2P2N2/PP3PPP/RNBQ1RK1 b kq -,e5c4 d1a4 c7c6 a4c4 c6d5 e4d5 g8f6 f1e1 c8f5 f3d4
5b1r/3kpppp/2p5/3nq3/Q7/4BP2/PP3P1P/R2R2K1 b - -,f7f6 d1d5 e5d5 a1d1 d5d1 a4d1 d7c7 d1a4 g7g5 a4a7
r4rk1/p1pn2p1/1p1ppq1p/8/2PPR3/2P2N2/P3QPPP/R5K1 b - -,a8e8 a1e1 e6e5 c4c5 b6c5 d4e5 d7e5 f3e5 e8e5 e4e5
r4rk1/5pbp/p5p1/2P4n/3P4/4Bq2/P2Q1P2/2RR1BK1 b - -,a8d8 f1g2 f3g4 d4d5 g7e5 d5d6 h5f4 e3f4 e5f4 c1c4
6RR/p5k1/2p1b3/1p2p3/8/2PK4/P7/6q1 b - -,a8d8 f1g2 f3g4 d4d5 g7e5 d5d6 h5f4 e3f4 e5f4 c1c4
1r3rk1/pp2pp1p/2p3p1/8/8/3B1P1P/P1PK1P2/R7 b - -,f8d8 a2a4 g8f8 a4a5 b7b6 a5a6 d8d5 d2e2 d5d6 h3h4
r4rk1/pq2bppp/1pn1p3/3pP3/N2P4/1P1QPN2/P1R3PP/5RK1 b - -,c6b4 d3e2 b4c2 e2c2 a8c8 c2e2 b7c6 f3e1 f7f6 e5f6
1r4k1/p3ppbp/3pP1p1/6q1/4B1P1/P6P/1PPQ4/2KR3R b - -,g7b2 c1b1 b2c3 b1a2 b8b2 a2a1 b2c2 d2c3 c2c3 d1d3
1RbrN2k/5Q1p/p3p1pP/P3q3/2p5/8/5P2/6K1 b - -,g7b2 c1b1 b2c3 b1a2 b8b2 a2a1 b2c2 d2c3 c2c3 d1d3
1r3qk1/5R2/3P3Q/6p1/1p6/2p3PP/1P3P2/6K1 b - -,f8h6 f7f3 c3c2 g1g2 c2c1q g3g4 c1c6 d6d7 c6d7 f3g3
8/p4k2/2p5/1p1bp2R/8/4K3/PPr3p1/6N1 b - -,f7f6 h5h4 c2b2 a2a3 b2a2 h4h6 f6g5 h6h7 g5g6 h7d7
8/2q3pk/7p/5b2/3Q4/8/5PPP/2R1R2K b - -,c7f7 d4e5 f7f6 f2f3 h6h5 e5f6 g7f6 h2h4 h7g6 c1c7
8/b7/8/1k1K4/2p5/2P5/p1P5/4R3 b - -,
r6k/pp4pp/6b1/3B4/rP6/5pP1/P4P1P/2R1R1K1 b - -,a8d8 b4b5 h7h6 d5b7 a4a2 b7f3 a2b2 e1e7 b2b5 c1c7
r1bq1rk1/1p1n1p1p/p2p2p1/2pPB3/P1B1P3/2N5/1P3PPP/R2Q1RK1 b - -,d7b6 e5d6 d8d6 c4e2 f7f5 f1e1 f5e4 c3e4 d6f4 e2f1
8/5pk1/2r2p2/p3pP2/4P2P/R2P1K2/P7/8 b - -,c6c5 f3e2 g7h6 e2d2 h6h5 a3c3 c5b5 c3c6 b5b7 c6f6
r1b2q1r/ppp1kNp1/2np3p/4p3/2B5/2P5/PPP3PP/R1BQKR2 b - -,c6d8 d1h5 f8e8 h5h4 g7g5 c1g5 h6g5 h4g5 e7d7 g5g7
6k1/q5p1/2p4p/1p3p2/4pP2/2P1R2P/3R2PK/8 b - -,a7e3 d2a2 e3c3 g2g4 e4e3 g4f5 c3d2 a2d2 e3d2 h2g3
1q6/3K3k/8/4q3/8/8/8/8 b - -,a7e3 d2a2 e3c3 g2g4 e4e3 g4f5 c3d2 a2d2 e3d2 h2g3
r1b2rk1/ppp2pp1/1bn2q1p/8/B3Pp2/2PP1N1P/P2Q1PP1/R3KN1R b KQ -,f8d8 f1h2 f6g6 a4c2 c8e6 d3d4 b6a5 e4e5 g6g2 e1a1
2b4r/q5p1/pNB5/P4k2/1p6/4R3/1P3KP1/8 b - -,f5g5 e3g3 g5h4 g3f3 a7c7 b6c8 h8c8 g2g3 h4g5 c6e4
8/b7/8/8/k1K5/2P5/p1P5/4R3 b - -,
5r1k/p3q1p1/1p2Pp1p/2p2P2/1P2p3/P2r4/Q5PP/3R1RK1 b - -,c5b4 a3b4 e7b4 d1d3 e4d3 a2d5 b4d2 d5d6 f8e8 h2h3
r2q2k1/1R3rpp/p1pBpb2/2Pp1p2/3P4/4P3/PQ3PPP/5RK1 b - -,f6e7 d6e5 e7f6 b7f7 g8f7 b2b7 f7g6 e5f6 g6f6 b7c6
3b1r2/4k3/pp1Rp3/2p1P1B1/6P1/2P4P/P5K1/8 b - -,e7f7 d6d8 f8e8 d8e8 f7e8 g5e3 e8f7 g2f3 f7e8 f3f4
r1bqkb1r/ppp1n1pp/2n2p2/1B1p4/2PPp3/1PN1P3/PB3PPP/R2QK1NR b KQkq -,f6f5 g1h3 a7a6 b5a4 b7b5 c4b5 c6b4 e1h1 b4d3 b2a3
7k/7p/p4bp1/8/PPP1B3/2q2P2/8/3K4 b - -,f6f5 g1h3 a7a6 b5a4 b7b5 c4b5 c6b4 e1h1 b4d3 b2a3
5rk1/3b1pb1/2n2Qp1/1pr2p1P/p3PP1P/1B2N3/PPP5/1K1R3R b - -,c5c3 b3f7 f8f7 f6f7 g8f7 b2c3 d7c8 h5g6 f7g8 e4e5
6k1/q5p1/2p4p/1p3p2/3RpP2/2P4P/4R1PK/8 b - -,a7a1 d4d8 g8h7 e2c2 a1a4 c2f2 a4a7 f2f1 a7e3 d8e8
6k1/p2n1pp1/1p5p/3RP3/5P2/P3P3/1r4PP/2r1NK1R b - -,d7c5 d5d4 c1a1 h1g1 a1a3 g2g4 a3e3 g1g3 e3e2 g4g5
r1b5/p7/2p3k1/1p6/8/2N1K3/PP5R/8 b - -,
2rq3k/6p1/7p/4Q3/8/8/5PPP/1Q5K b - -,d8d2 e5e1 d2e1 b1e1 c8f8 h2h3 h8g8 f2f3 f8d8 e1e6
r1bq1r2/pp3pk1/2n2P2/3pn3/8/2N5/PPPQ4/1K1R1B1R b - -,d8f6 c3d5 f6d6 f1d3 f8g8 d3h7 g8h8 d2g5 g7f8 d5f6
8/p7/2p2k1R/1p1bp3/8/4K3/PPr3p1/6N1 b - -,f6g5 h6h8 c2b2 a2a3 b2a2 h8d8 g5f6 d8f8 f6e7 f8h8
8/b7/8/8/2K5/k1P5/p1P5/R7 b - -,
r1b1nrk1/6b1/2p1p1B1/p1p1P3/1p3P1R/6N1/PP2N1P1/2KR4 b - -,a5a4 g3e4 a4a3 b2b3 a8a7 e4g5 e8f6 e5f6 g7f6 g6d3
8/p5kp/1p3pp1/5P2/P2P4/8/1Pq2QKP/8 b - -,c2a4 f5g6 a4c6 g2g3 c6d6 g3g4 h7g6 f2d2 d6e6 g4g3
8/2R2ppk/8/p7/6P1/5K1P/r7/8 b - -,a2a3 f3g2 h7g6 c7a7 a5a4 h3h4 f7f6 a7a6 a3a1 a6a8
7r/2K5/5p2/4k1p1/R3P1P1/7P/4P3/8 b - -,
2kr3r/pb1nbppp/1pq1pn2/8/2P5/PP1B1N2/1B1NQPPP/3R1RK1 b - -,e6e5 f1e1 h8e8 b3b4 e5e4 d2e4 f6e4 d3e4 c6e4 e2e4
5r1k/pB4pp/6b1/8/rP6/5pP1/P4P1P/2R1R1K1 b - -,h7h5 b7d5 a4b4 e1e3 f8d8 d5f3 d8d2 e3e2 d2e2 f3e2
7k/Q7/p3q2p/1p6/4p3/2P2pRP/PP1r4/7K b - -,d2d7 a7g1 h8h7 g1e3 d7f7 h1g1 f3f2 e3f2 f7f2 g1f2
8/4B3/6p1/8/p2p3P/2k2K1P/8/8 b - -,d4d3 f3f4 d3d2 f4g5 c3c2 g5g6 d2d1q g6f7 d1d7 f7f8
6k1/6p1/2p4p/1p3p2/3RpP2/2P1R2P/6PK/q7 b - -,a1f1 d4d8 g8h7 e3g3 f1f4 d8e8 f4d6 h3h4 f5f4 e8e4
r1bq1rk1/1p3p1p/p2p2p1/2pPn3/P3P3/2N5/1P2BPPP/R2Q1RK1 b - -,f7f6 f2f4 e5f7 e2d3 c8d7 d1e2 g8h8 e2e3 d8e7 a4a5
8/p2R4/1b4B1/4K2P/2r5/6k1/8/8 b - -,b6a5 d7a7 a5d2 g6e8 d2c1 a7a6 g3h4 e5d5 c4c8 d5e4
8/p5pp/1p1k4/1P3p2/2KP1P2/P4P2/7P/8 b - -,g7g6 d4d5 h7h6 c4d4 g6g5 f4g5 h6g5 h2h3 f5f4 a3a4
r2qr1k1/pbpn1ppp/1p1bpn2/3pN3/3P4/2PBP1B1/PPQN1PPP/R3K2R b KQ -,d8c8 a2a4 c7c5 e1h1 c8c7 f2f4 c5c4 d3e2 e8c8 h2h4
r2q1rk1/pp2ppb1/2p1b1p1/3n2Bp/2N4P/3P2P1/PPQ1PPB1/2R2RK1 b - -,
r2qk2r/pp2bp1p/2n1bp2/2p5/2ppN3/5NP1/PP3PBP/R1BQ1RK1 b kq -,d8d7 c1f4 h8g8 f1e1 c6b4 g2f1 e8a8 a1c1 b7b5 a2a4
r2qkb1r/ppp1nppp/2n1p3/1B1pPb2/3P1P2/2P5/PP4PP/RNBQK1NR b KQkq -,a7a6 b5e2 e7g6 g2g3 c6a5 g1f3 h7h5 b1d2 d8d7 h2h3
r1b2r2/pp3pk1/2n2q2/3Nn3/8/8/PPPQ4/1K1R1B1R b - -,f8d8 h1h7 g7f8 d5f6 d8d2 d1d2 a8b8 f1g2 f8e7 f6d5
8/1r6/Q2P4/5P2/3n2P1/2P4P/7P/1b3k1K b - -,f1e1 a6b7 b1c2 c3d4 e1e2 d6d7 e2e3 d7d8q c2e4 b7e4
6k1/1p3p1p/2n5/1pP2K2/8/8/PP5P/8 b - -,b5b4 f5f6 g8f8 f6f5 f8e7 f5g5 e7e6 g5f4 f7f5 a2a3
r2qr1k1/1pp2pbR/3p4/p3p3/2P1B3/PPN2b2/1BnP1P2/2K3R1 b - -,d8f6 e4c2 g8f8 c2e4 e8e6 e4f3 f6f3 h7g7 f8e7 c3d5
rnbqk2r/ppp2ppp/1b1p1n2/1B6/3PPB2/2N2N2/PPP3PP/R2QK2R b KQkq -,c7c6 b5a4 e8h8 e1h1 b8a6 f4g5 c8g4 d1d3 h7h6 g5h4
r2q1rk1/pp1nBppp/2p1p3/8/8/3B1Q1P/PPP2PP1/3RR1K1 b - -,d7e5 d3h7 g8h7 f3h5 h7g8 e7d8 e5f3 h5f3 a8d8 d1b1
r4r2/4qpkp/p1p1p1pQ/1p1n2P1/3P2P1/2PB1R1P/PP6/4R1K1 b - -,g7g8 d3e4 a8d8 h3h4 e7d7 h4h5 e6e5 e4d5 c6d5 e1f1
6b1/R5k1/2p5/1p2p3/8/2N1K3/PPr3p1/8 b - -,g7g8 d3e4 a8d8 h3h4 e7d7 h4h5 e6e5 e4d5 c6d5 e1f1
r4r1k/1b2q1pp/p1nb4/1p1B1pN1/1P2p3/P3P2P/1B2QPP1/R2R2K1 b - -,h7h6 g5e6 f8f7 e6f4 d6f4 d5f7 f4e5 f7d5 a8c8 a1c1
7r/q5p1/pN2b3/P4k2/1p2B3/4R3/1P3KP1/8 b - -,f5g5 e4f3 e6f5 f3e2 h8h4 b2b3 h4e4 e3e4 f5e4 g2g3
1Rb1N2k/5Q1p/p3p1pP/P3q3/2p5/8/5PK1/3r4 b - -,f5g5 e4f3 e6f5 f3e2 h8h4 b2b3 h4e4 e3e4 f5e4 g2g3
8/p2R1B2/8/4K2P/2r5/4b1k1/8/8 b - -,
8/R5pk/5p2/p7/6P1/5K1P/r7/8 b - -,h7h6 h3h4 a2a3 f3g2 h6g6 a7a8 a3a1 g2g3 g6h7 a8a6
5b2/pp1q2pk/6p1/2r5/3pR1QP/6N1/1P3PP1/6K1 b - -,d7g4 e4g4 c5c1 g1h2 f8c5 g4g5 d4d3 g5d5 c1c4 d5d3
r1bq1rk1/1p3p1p/p2p2p1/2pPn3/P1B1P3/2N5/1P2QPPP/R4RK1 b - -,f7f5 f2f4 e5c4 e2c4 f5e4 c3e4 b7b5 a4b5 a6b5 c4b5
2r4k/6p1/7p/4Q3/8/8/3q1PPP/Q6K b - -,c8d7 b2b3 g6g5 f2f4 g5f4 f1f4 b7b5 a4b5 a6b5 a1a8
8/8/5Bp1/8/p2p3P/2k4P/5K2/8 b - -,a4a3 f2f3 c3d3 f3f4 a3a2 f4e5 a2a1q f6g7 a1f1 e5d5
8/p2R4/6B1/4K2P/5r2/4b1k1/8/8 b - -,
7r/q5p1/pN2b3/P7/1p3k2/3BR3/1P3KP1/8 b - -,f4g5 e3e5 g5f6 e5e4 h8d8 d3e2 a7c7 b6c4 e6c4 e2c4
7k/7p/p4bp1/8/PPP1B3/5P2/4K3/q7 b - -,f4g5 e3e5 g5f6 e5e4 h8d8 d3e2 a7c7 b6c4 e6c4 e2c4
2r2rk1/6p1/4p2p/1R6/4n3/P1p1B2P/5PP1/2R3K1 b - -,
4rrk1/p1pn2p1/1p1ppq1p/8/2PPR3/2P2N2/P3QPPP/4R1K1 b - -,e6e5 c4c5 b6c5 d4e5 d7e5 f3e5 e8e5 e4e5 d6e5 e2c4
8/3n1k2/1p1P2pp/8/4N3/1P3P1P/8/6K1 b - -,
7k/p4p2/3qpQp1/7p/2P5/6P1/P3PP1P/6K1 b - -,h8g8 f6b2 a7a5 b2c2 d6c5 h2h4 g8f8 c2b3 f8e7 b3b7
8/5p2/3k1K2/4PR2/8/2r2p2/8/8 b - -,d6c5 e5e6 c5d4 e6f7 c3c8 f5f3 c8a8 f6g6 a8c8 f3a3
5r1k/p5p1/6b1/3B3p/1r6/4RpP1/P4P1P/2R3K1 b - -,h8h7 h2h4 b4b2 a2a3 f8b8 d5f3 b2a2 c1e1 b8c8 e1e2
r1b2rk1/ppp2pp1/1bn2q1p/4P3/B4p2/2PP1N1P/P3QPP1/R3KN1R b KQ -,f6d8 f1d2 d8e8 a4b3 c6a5 d3d4 c8f5 e1h1 a8d8 d2e4
r4rk1/1p1n1pp1/1qp1pb1p/p4b2/P2P4/RQN1PN2/1P2BPPP/5RK1 b - -,b6b3 a3b3 a8b8 b3a3 f8d8 f1d1 e6e5 g1f1 g8f8 h2h3
3r3k/p3q1p1/1p2Pp1p/2p2P2/1P2p3/P2r4/Q5PP/4RRK1 b - -,c5b4 a3b4 e7b4 a2a7 b4d4 g1h1 e4e3 a7f7 d4d5 f7h5
8/R5p1/5pk1/p7/6PP/5K2/r7/8 b - -,a2a1 f3g3 a1a3 g3g2 g6h6 a7a6 a5a4 a6a7 h6g6 a7a6
2r4k/6p1/7p/8/8/8/1Q1q1PPP/1Q5K b - -,d2d6 h2h3 d6f4 b1e1 f4b8 b2b8 c8b8 f2f3 b8a8 e1e6
7r/pppk4/2b1p1q1/3pp2p/3PP3/1PP1Q3/P2N2PP/R5K1 b - -,e5d4 e3d4 h8f8 a1f1 f8f1 g1f1 b7b6 d2c4 d7e7 c4e5
r2qrnk1/pbp2ppp/1p1bpn2/3pN3/3P4/2PBPNB1/PPQ2PPP/R3K2R b KQ -,c7c5 d3b5 e8e7 e5c6 b7c6 b5c6 a8b8 c6b5 d6g3 h2g3
5k2/1brnqpp1/pp2p2p/2P5/1P6/PN1Q3P/4BPP1/3R2K1 b - -,f8g8 d3g3 e6e5 c5b6 d7b6 b3c5 b6d5 e2f1 b7a8 g3f3
r1bqk2r/ppppnpp1/2n4p/2b5/2BpP3/P4N2/1PP2PPP/RNBQR1K1 b kq -,d7d6 b2b4 c5b6 c1b2 e7g6 b1d2 e8h8 a3a4 c6b4 a4a5
r1bq1rk1/pp1pnpbp/2n3p1/2p1p3/4P3/2PP2P1/PP1NNPBP/R1BQ1RK1 b - -,d7d5 e4d5 e7d5 d1a4 c6e7 f1e1 h7h6 d3d4 c5d4 c3d4
r4rk1/4qp1p/p1p1p1pQ/1p1n2P1/3P2PP/2PB1R2/PP6/4R1K1 b - -,e7d7 e1e2 a8d8 a2a3 e6e5 d3f5 g6f5 g4f5 f7f6 e2g2
r1bq1rk1/4bppp/p1p5/1p1nR3/8/NBP5/PP1P1PPP/R1BQ2K1 b - -,e7d6 e5e1 d5f4 d1f3 d8h4 h2h3 c8h3 g2h3 f4h3 g1f1
8/p4k2/b4p2/6pp/Pb1N4/6P1/1N1P1P1P/4K3 b - -,
4rrk1/p1pn2p1/1p1p1q1p/2P1p3/3PR3/2P2N2/P3QPPP/4R1K1 b - -,b6c5 d4e5 d7e5 f3e5 e8e5 e4e5 d6e5 e2c4 f6f7 c4f7
8/R5p1/5pk1/p7/5KPP/r7/8/8 b - -,a3a4 f4g3 a4a1 a7a6 g6h6 a6a8 h6h7 a8a7 a1a3 g3f4
7r/p7/2p2k2/1p2R3/4N3/4K1p1/PPr5/8 b - -,a3a1 a7a8 g6h7 f4g3 a1a2 a8a7 a2a3 g3f4 h7g6 a7a6
r2qrnk1/pbp2ppp/1p1bpn2/3pN3/3P1P2/2PBP1B1/PPQN2PP/R3K2R b KQ -,c7c5 e1h1 c5c4 d3e2 b6b5 a2a4 a7a6 g3h4 f8g6 h4g5
k7/7R/8/8/8/1K6/8/8 b - -,c7c5 e1h1 c5c4 d3e2 b6b5 a2a4 a7a6 g3h4 f8g6 h4g5
2rr2k1/6p1/4p2p/8/1R2n3/P1p1B2P/5PP1/2R3K1 b - -,e4f6 g1f1 f6d5 b4e4 c8c6 e3f4 c3c2 e4d4 g8f7 f4e5
3N3k/6pb/2R4p/1P6/3b3P/1p6/5RP1/6K1 b - -,d4f2 g1f2 b3b2 d8f7 h8g8 f7d6 h7g6 b5b6 b2b1q b6b7
1q6/6k1/2K5/4q3/8/8/8/8 b - -,h7d3 c6e6 b3b2 e6e1 b2b1q e1b1 d3b1 d8e6 d4e3 e6f4
r2q3k/p2b4/1p1R1n2/1P1Pp3/4Pp2/2Q2N2/P3Brn1/2RK4 b - -,g2e3 d1e1 f2e2 e1e2 d7b5 e2e1 d8d6 f3e5 h8g8 c3c7
5r1k/p5p1/6b1/3B3p/r7/2R1RpP1/P4P1P/6K1 b - -,a4a5 d5b3 h5h4 e3f3 f8f3 c3f3 g6b1 a2a4 h4g3 f2g3
r1bq1rk1/pp2npbp/2np2p1/2p1p3/4PP2/2PP2P1/PP1NN1BP/R1BQ1RK1 b - -,d6d5 d2f3 d5e4 d3e4 b7b6 d1c2 c8a6 f1d1 d8c7 f3e5
r4rk1/3q1p1p/p1p1p1pQ/1p1n2PP/3P2P1/2PB1R2/PP6/4R1K1 b - -,e6e5 f3f5 e5d4 e1f1 d7e7 h5g6 f7g6 f5f8 a8f8 h6f8
2r2r1k/1p5p/3p1q2/1Pn1p1R1/pN1p3P/5PQ1/1P2B3/1K4R1 b - -,c5b3 e2d3 b3d2 b1a1 e5e4 f3e4 f6e6 g3g2 d2f3 b4d5
r1bq1rk1/5ppp/p1pb4/1p1n4/8/NBP5/PP1P1PPP/R1BQR1K1 b - -,d8h4 g2g3 h4h3 b3d5 c6d5 d1f3 c8g4 f3d5 d6a3 b2a3
7k/7p/p4bp1/2P5/qP2B3/5P2/4K3/8 b - -,a4b4 c5c6 b4c4 e2f2 a6a5 e4b1 c4c6 f2g2 a5a4 b1a2
r2q1bk1/1p3ppp/p1p5/P2p1b2/1PnP1B2/2PN4/5PPP/R3QBK1 b - -,f7f6 d3c5 f8c5 d4c5 d8e8 f2f3 e8e1 a1e1 g8f7 g1f2
5b1r/3k1ppp/2p5/3p1q2/Q4B2/5P2/PP3P1P/2R3K1 b - -,f5g6 f4g3 f8c5 c1c5 h8c8 c5d5 d7e8 d5d6 g6g5 d6c6
4rrk1/p1pn2p1/3p1q1p/2p1P3/4R3/2P2N2/P3QPPP/4R1K1 b - -,d7e5 f3e5 e8e5 e4e5 d6e5 e2c4 f6f7 c4f7 f8f7 e1e5
rnb3k1/1p1p1ppp/p4q2/8/8/3B4/PRP2PKP/3Q1R2 b - -,d7d6 b2b1 b8d7 d1f3 f6d8 f3f4 d7c5 f1d1 b7b5 g2g1
1q6/3K1k2/8/4q3/8/8/8/8 b - -,d7d6 b2b1 b8d7 d1f3 f6d8 f3f4 d7c5 f1d1 b7b5 g2g1
r3r1k1/1pqbbp1p/p2ppnp1/P5P1/3NPP2/2NPB3/1P5P/R2Q1R1K b - -,a8c8 g5f6 e7f6 d4e2 c7d8 e3b6 d8e7 d1e1 f6g7 a1d1
R2R4/p5k1/2p1b3/1p2p3/8/2PK4/P7/6q1 b - -,a8c8 g5f6 e7f6 d4e2 c7d8 e3b6 d8e7 d1e1 f6g7 a1d1
3rr1k1/4pp2/1qp3p1/pp1b3p/3b3P/P2PB1P1/1P1QPPB1/2R2RK1 b - -,
3r3k/p5p1/6b1/7p/r7/2R1RBP1/P4P1P/6K1 b - -,d8d2 a2a3 h5h4 g1g2 h8h7 g3h4 a4h4 c3c7 g6h5 f3h5
8/p4k2/b4p2/2b3pp/P7/1N4P1/1N1P1P1P/4K3 b - -,
6k1/p4p1N/4p2Q/2b5/q7/P6P/5PP1/1Bn4K b - -,a4d1 h1h2 c5d6 g2g3 d1f3 h7f6 f3f6 h6f6 d6f8 f6g5
6k1/1p3r1p/p2p2p1/8/2PBrP2/1P4Pb/P2R3P/R5K1 b - -,f7d7 d4c3 h3g4 a1c1 g8f7 c1c2 b7b5 c4b5 a6b5 c3d4
2rr2k1/6p1/4p2p/8/4R3/P3B2P/2p2PP1/2R3K1 b - -,d8d1 g1h2 c8c3 e4a4 g8h7 h3h4 e6e5 a4a7 c3e3 c1c2
7r/q5p1/pN6/P7/1p3k2/1b2R3/1P2BKP1/8 b - -,a7c7 e3f3 f4e4 f3e3 e4f5 e3f3 f5g6 f3g3 g6h7 g3h3
1Q4k1/p4p2/4p1p1/2q4p/2P5/6P1/P3PP1P/6K1 b - -,g8h7 b8b3 h7g8 h2h4 g8f8 g1g2 c5c6 g2h2 c6c5 h2g1
8/1r6/3P4/5P2/3n2P1/2P4P/7P/1Q3k1K b - -,g8h7 b8b3 h7g8 h2h4 g8f8 g1g2 c5c6 g2h2 c6c5 h2g1
5k2/5pp1/8/1pb1P3/2p2P1p/2P3r1/1P1N4/5R1K b - -,c5e3 d2b1 g3g4 f4f5 g4e4 e5e6 e4e5 b1a3 f8e7 f5f6
4rrk1/p1p3p1/3p1q1p/2p1N3/4R3/2P5/P3QPPP/4R1K1 b - -,e8e5 e4e5 d6e5 e2c4 f6f7 c4f7 f8f7 e1e5 f7f4 e5c5
1k1r3r/1p2b1p1/p1bq1p2/3p2P1/3B1P2/3B2R1/PPP1Q3/1K1R4 b - -,h8h4 d1e1 d6f4 e2e7 d8e8 e7e8 c6e8 e1e8 b8c7 d4a7
r4b1r/pp1kpppp/3p4/2p5/4P3/2P3PP/PP1P1P2/RNBK3R b - -,b7b5 d2d4 c5d4 c3d4 e7e6 c1e3 f8e7 b1d2 a7a5 d1e2
2r2r1k/1p3q1p/3pn3/1P1Np3/p2p2RP/5PQ1/1P2B3/1K4R1 b - -,f7f5 g4e4 f5f7 d5b6 c8c7 b6c4 e6f4 c4d6 f7f6 b5b6
3K4/8/5p2/4k1p1/R3P1P1/7r/4P3/8 b - -,
rn2r1k1/1bqnbp2/p2p2p1/4pNPp/1p2PP1Q/3BBRN1/PPP4P/R5K1 b - -,e5f4 g3h5 b7e4 f5h6 g8f8 d3e4 d7e5 f3f4 b8d7 a1f1
r4rk1/pp1nbppp/2p1p3/3P1b2/2B2B2/2P2N2/PP3PPP/R3R1K1 b - -,d7b6 d5d6 b6c4 d6e7 f8e8 b2b3 c4b6 c3c4 b6c8 h2h3
r1q2k2/p6R/1p4r1/5p2/2Np1P2/1P3Q2/P1PP2PP/5RK1 b - -,g6g7 h7h8 g7g8 f3h5 c8e6 c4e5 f8e7 h5h4 e7d6 h8h6
7k/7p/p1P2bp1/8/2q1B3/4KP2/8/8 b - -,g6g7 h7h8 g7g8 f3h5 c8e6 c4e5 f8e7 h5h4 e7d6 h8h6
2Q4k/6p1/7p/8/8/q7/5PPP/7K b - -,h8h7 c8c2 h7h8 c2b1 a3a8 h1g1 a8c6 h2h3 c6e6 b1c1
r4rk1/pq2bppp/1p2p3/3pP3/Nn1P4/1P2PN2/P1R1Q1PP/5RK1 b - -,b4c2 e2c2 a8c8 c2e2 b7c6 f3e1 f7f6 e5f6 f8f6 f1f6
3r1r1k/pp2q3/2pP1p1p/P4Rn1/1P1PP1Q1/1B6/6P1/5R1K b - -,e7g7 e4e5 g5h7 g4h4 b7b6 a5a6 b6b5 h1h2 d8d7 b3e6
r1bq1rk1/p3npbp/1pnp2p1/2p1pP2/4P3/2PP2P1/PP1NN1BP/R1BQ1RK1 b - -,g6f5 e4f5 f7f6 g3g4 d6d5 f1f2 g7h6 d2f3 h6c1 d1c1
5k2/3r1p1p/1p1pq1pP/1P2p1Q1/4P3/1nR2P2/6P1/3R2K1 b - -,f7f5 c3c8 f8f7 c8h8 b3c5 e4f5 e6f5 h8h7 f7g8 g5f5
r2q3k/p2b4/1p1R1n2/1P1Pp3/4Pp2/2Q1nN2/P3Br2/2R1K3 b - -,f2e2 e1e2 d7b5 e2e1 d8d6 c3e5 d6e5 f3e5 f6e4 a2a4
rnbqkbBr/pp2p1pp/5p2/4P3/3p4/5N2/PP3PPP/RNBQK2R b KQkq -,h8g8 d1d4 d8d4 f3d4 e8f7 b1d2 f6e5 d4f3 b8c6 d2c4
r1b1n1k1/2p3bp/PpPp3r/3Pp2q/4P3/B1NB1pPp/2QN1P1K/R2R4 b - -,e8f6 d1f1 f6g4 h2h1 h5f7 c3b5 h6f6 a3d6 c7d6 d2c4
3r3k/p3q1p1/1p2Pp1p/2p2P2/1P6/P2rpR2/Q5PP/4R1K1 b - -,c5b4 a3b4 e7b4 a2e2 d8d5 f3f1 b4d4 g1h1 d4e4 h2h3
r4rk1/5pbp/p5p1/2R4n/1P1PB3/4BP1q/P2Q1P2/5RK1 b - -,a8d8 a2a3 h7h6 f1e1 f7f5 e4d5 g8h7 f3f4 d8d5 c5d5
5rk1/p1p3p1/3p1q1p/2p1R3/8/2P5/P3QPPP/4R1K1 b - -,d6e5 e2c4 f6f7 c4f7 f8f7 e1e5 f7f4 e5c5 f4a4 h2h4
8/p4p1k/4p1p1/2q4p/2P5/6P1/PQ2PP1P/6K1 b - -,
r2q1rk1/1p2bppp/p1npbn2/4p3/P3P3/N1N1BP2/1PPQ2PP/R3KB1R b KQ -,d8c7 f1c4 c6d4 c4e6 f7e6 e3d4 e5d4 d2d4 d6d5 e4d5
8/p6p/1p3pk1/2p2p2/P2P4/2P2KP1/1P6/8 b - -,
r1b2rk1/5ppp/p1pb4/1p1n4/7q/NBP3P1/PP1P1P1P/R1BQR1K1 b - -,h4h3 b3d5 c6d5 d1f3 c8g4 f3d5 d6a3 b2a3 a8d8 d5g2
7r/q3R1p1/pN6/P7/1p3k2/8/1Pb1BKP1/8 b - -,a7e7 b6d5 f4e5 d5e7 e5d6 e2a6 d6e7 a6b7 e7d6 a5a6
7k/7p/p1B2bp1/8/8/4KP2/8/8 b - -,f6g5 e3e4 g5d8 f3f4 h8g7 c6a4 g7f6 e4f3 f6e6 a4c2
1n2qrk1/1b1r2pp/p1p1p3/1p1n1p2/5P2/PN1R2P1/PBQ1P1BP/3R2K1 b - -,e8e7 b3c5 d7d8 e2e4 d5e3 d3e3 d8d1 c2d1 e7c5 d1b3
6k1/p3pp1p/3pP1p1/6q1/4B1P1/P1rR3P/8/K6R b - -,g5e5 e6f7 g8f8 d3c3 e5c3 a1a2 c3c4 a2a1 c4d4 a1a2
2r3k1/6p1/4p2p/8/4R3/P3B2P/2p2PPK/2Rr4 b - -,c8c3 e4a4 c3e3 c1c2 e3e5 a4a7 d1d4 g2g3 e5f5 h3h4
5rk1/p1p3p1/5q1p/2p1p3/2Q5/2P5/P4PPP/4R1K1 b - -,f6f7 c4f7 f8f7 e1e5 f7f4 e5c5 f4a4 c5c7 a4a2 g2g4
r1bqkb1r/pp1n1ppp/3p1n2/1BpP4/8/2N5/PPP1QPPP/R1B1K1NR b KQkq -,f8e7 a2a4 a7a6 b5d7 c8d7 g1f3 e8h8 e1h1 f8e8 a4a5
r3R1R1/p5k1/2p1b3/1p2p3/8/2N1K1p1/PPr5/8 b - -,e6g8 e8e5 g3g2 e5g5 g7h6 g5g3 a8e8 e3d4 c2d2 d4c5
R7/b7/8/1k1K4/2p5/p1P5/2P5/8 b - -,b5a6 a8f8 a6b5 f8f1 a7e3 f1b1 b5a5 d5c4 e3h6 c4b3
5rk1/1p4pp/p6r/1bPPbpq1/1P2pN2/6P1/P1B2R1P/3RQ2K b - -,g5g3 e1g1 e5f4 g1g3 f4g3 a2a4 b5d7 f2g2 g3e5 b4b5
r1bq1rk1/pp2bppp/4p3/2p5/2Bn4/2NP4/PPP2PPP/R1BQR1K1 b - -,b7b6 a2a4 a7a6 c3e4 c8b7 c2c3 d4f5 d1g4 b7c6 c1g5
2R5/4p3/3rk1p1/1p1r1p1p/p2p1P1P/P2P1KP1/1P2P3/2R5 b - -,d6d8 c1c6 d8d6 c6c2 d6d8 c8c7 d8d7 c2c6 d7d6 c6c1
8/6pk/7p/5Q2/8/q7/5PPP/7K b - -,h7h8 f5b1 a3a8 h2h3 a8d5 b1c1 d5e4 c1e3 e4c4 h1g1
3r1rk1/5pbp/p5p1/2R4n/1P1PBP2/4B2q/P2Q1P2/5RK1 b - -,h3g4 e4g2 h5f4 e3f4 d8d4 c5g5 g4f4 d2f4 d4f4 a2a3
7b/Pk6/2N1K3/8/3p4/3P4/8/8 b - -,h8g7 e6d5 g7h8 d5e4 h8g7 e4f3 g7h6 f3g3 h6e3 g3g2
r1b1R3/p5k1/2p5/1p2p3/8/2NK2p1/PPr5/7R b - -,c8f5 c3e4 a8e8 h1h5 e8d8 d3c2 f5e4 c2b3 g7f6 h5h4
r4rk1/p1q1np1p/b1p1p1p1/8/2P1NP1Q/1P3N2/P1PB2PP/R5K1 b - -,h7h6 h4h6 f7f6 h6h4 g6g5 h4h6 e7f5 e4f6 f8f6 h6f6
2r1qr2/1p2b2k/p1b1p1pp/3pPp2/P4P2/2P1BB1Q/1P4PP/R5RK b - -,c6a4 g1c1 a4b3 e3d4 e8b5 h3g3 a6a5 g3f2 e7c5 f3e2
5rk1/p1p2Qp1/7p/2p1p3/8/2P5/P4PPP/4R1K1 b - -,f8f7 e1e5 f7f4 e5c5 f4a4 h2h4 a7a5 c5c7 a4a2 g2g4
6k1/3n2p1/r6p/2p2b2/5B2/3P1N2/2P3PP/2R3K1 b - -,f5e6 c1d1 e6f5 d1d2 a6a4 c2c4 g7g5 f4g3 a4a3 f3e1
2r3k1/6p1/4p2p/8/4R3/P6P/2p2PPK/2B5 b - -,g8f7 a3a4 g7g5 a4a5 c8a8 e4a4 a8a6 h2g3 e6e5 a4a2
5R2/b7/k7/3K4/2p5/p1P5/2P5/8 b - -,a6a5 f8f1 a5a4 f1a1 a7b8 d5c4 b8e5 a1a2 e5h8 c4d3
rnbq2k1/pp2n1pp/5B2/2bpp3/6Q1/P2B1N2/1PP2PPP/RN2K2R b KQ -,c5b4 g4b4 g7f6 b4d2 b8c6 b1c3 c8e6 f3h4 g8g7 e1h1
r1bqk2r/pppnbppp/5n2/3pp3/4P3/3P1N1P/PPPNBPP1/R1BQK2R b KQkq -,c7c6 e1h1 e8h8 f1e1 e7d6 a2a4 f8e8 e2f1 h7h6 d3d4
rn1qkb1r/ppp3p1/3pbn1p/4pp2/2P5/2NPPN2/PPQ1BPPP/R1B1K2R b KQkq -,c7c5 e1h1 g7g5 d3d4 e5e4 f3e1 f8g7 f2f3 c5d4 e3d4
7r/4q1p1/p7/P2N4/1p3k2/8/1Pb1BKP1/8 b - -,f4e5 d5e7 e5d6 e2a6 d6e7 a6b7 e7d6 a5a6 d6c7 f2e3
r1b2rk1/ppp2pp1/1b3q1p/4Q3/B4p2/2PP1N1P/P4PP1/R3KN1R b KQ -,f6e6 f1d2 e6g6 d3d4 c7c5 d4c5 b6d8 e1a1 g6a6 e5f4
3k1b1r/5ppp/2R5/3p1q2/Q4B2/5P2/PP3P1P/6K1 b - -,f7f6 a4a8 d8e7 c6c7 f5d7 a8d5 d7c7 f4c7 f6f5 c7d6
3r1r1k/pp6/2pq1p1p/P4RnQ/1P1PP3/1B6/6P1/5R1K b - -,d8d7 f5f6 g5h7 f6f8 h7f8 e4e5 d6b4 h5e8 b4b3 e8f8
1r3rk1/ppnn1pp1/2p2q1p/5N2/1P1P4/P2B1Q1P/5PP1/2R1R1K1 b - -,c7d5 f3e4 g7g6 f5h6 g8g7 h6g4 f6f4 b4b5 f8e8 g4e5
r1bqr1k1/ppp2pbp/3p2p1/3P4/3pPPn1/3B2NP/PPP3P1/R1BQ1RK1 b - -,g4f6 d1f3 f6d7 c1d2 c7c6 a1e1 a7a5 f3f2 a5a4 g1h2
3n1b2/3np1p1/2pk2N1/3p1P1p/3P3P/N1P5/6P1/4R1K1 b - -,e7e5 d4e5 d6c7 g6f8 d7f8 e5e6 f8h7 e6e7 h7f6 e7e8q
6k1/p1p2rp1/7p/2p1R3/8/2P5/P4PPP/6K1 b - -,f7f4 e5c5 f4a4 c5c7 a7a5 h2h4 g8h7 a2a3 a4a3 g1f1
r2qr1k1/pp1n1ppp/2pb1n2/3p2B1/3P3N/2N1P2P/PP2QPP1/2R2RK1 b - -,h7h6 g5f6 d7f6 e2c2 d8d7 c3a4 f6e4 a4c5 d6c5 d4c5
r1bqk2r/ppp2p1p/7p/2bpP3/3N4/2N5/PP2BPPP/R2QK2R b KQkq -,d8g5 g2g3 c8h3 f2f4 g5g6 d1d2 f7f6 e5e6 h3g2 h1g1
1r6/3bkp1p/3p2p1/2p1p3/Q1P1P3/2P1P3/P2N1KPP/R7 b - -,b8b2 a4d1 d7g4 d1c1 b2b8 a2a4 g4c8 a4a5 c8a6 a1b1
r1b2rk1/5ppp/p1pb4/1p1B4/8/N1P3Pq/PP1P1P1P/R1BQR1K1 b - -,c8g4 d5g2 h3h5 f2f3 g4h3 d2d4 f7f5 g2h3 h5h3 f3f4
2r5/5kp1/4p2p/8/P3R3/7P/2p2PPK/2B5 b - -,c8c5 h2g3 e6e5 g3f3 f7e6 f3e2 h6h5 e2d3 e6d5 e4b4
r4rk1/ppp2pp1/2pP3p/8/5p2/2NP1b2/PPP2PPP/R4RK1 b - -,f3d5 d6c7 a8c8 f1e1 c8c7 a2a4 f8d8 a4a5 g7g5 f2f3
r1bqkbnr/1p1p1ppp/p1n1p3/2p5/2BPPP2/2N2NP1/PPP4P/R1BQK2R b KQkq -,g8f6 d4d5 c6a5 b2b3 b7b5 e4e5 b5c4 e5f6 d8f6 c1b2
r1bq1rk1/pppnbppp/5n2/3pp3/4P3/3P1N1P/PPPNBPP1/R1BQ1RK1 b - -,c7c6 f1e1 f8e8 e2f1 e7d6 a2a4 h7h6 a4a5 d6b4 a5a6
rn2k2r/pp1bppbp/5np1/1B2q3/3N4/2N1BQ1P/PP3PP1/R3K2R b KQkq -,e5c7 e1h1 e8h8 a1c1 b8c6 b5c6 b7c6 f1d1 h7h6 d4b3
1Q1q3k/2r3p1/7p/5b2/8/8/1Q3PPP/4R2K b - -,f5c8 b8b6 c8f5 b6h6 h8g8 b2b3 c7f7 h6c6 d8f6 c6e8
5R2/b7/8/k7/2K5/p1P5/2P5/8 b - -,
1q6/4qk2/2K5/8/8/8/8/8 b - -,a3a2 f8f1 a5a4 c4d5 a4a3 c3c4 a3b2 c4c5 b2c2 c5c6
r4rk1/1pqbb2p/p3P1p1/P5Pn/3N4/2NPB3/1P5P/R2Q1R1K b - -,f8f1 d1f1 d7c6 d4c6 c7c6 f1g2 c6e6 g2b7 a8d8 b7e4
5q2/2k5/8/4N3/8/8/2Q3nK/8 b - -,c7d6 e5c4 d6c5 h2g2 c5d4 c4d2 d4e3 d2f1 e3d4 c2f2
8/2Q4k/6pp/8/8/q7/5PPP/7K b - -,h7g8 c7c4 g8h8 c4c8 h8g7 c8d7 g7f8 d7d8 f8g7 d8d4
r1b1kbnr/ppp2ppp/2n5/3qp3/8/2P2N1P/PP1PQPP1/RNB1KB1R b KQkq -,c8e6 e2b5 d5e4 f1e2 a7a6 b5d3 e4d3 e2d3 h7h6 d3c2
1r6/4kp1p/3p2p1/2p1p3/b1P1P3/2P1P3/P2N1KPP/1R6 b - -,b8a8 f2e2 a4d7 b1a1 a8a3 e2d3 e7f6 d2b1 a3a6 b1d2
8/p4k2/1b3p2/P5pp/8/1N1b2P1/3P1P1P/3NK3 b - -,d3c2 a5b6 a7b6 b3d4 c2d1 e1d1 f7e7 d1e2 e7d6 e2d3
r1b2rk1/ppqn1pbp/2p2np1/4p1B1/2P1P3/2N2N2/PPQ1BPPP/R4RK1 b - -,f6h5 a1d1 d7c5 g5e3 c7e7 b2b4 c5e6 c4c5 f7f5 e4f5
8/4k3/R7/Pp1r1p1r/3R4/2P3K1/1P6/8 b - -,h5g5 g3h4 f5f4 d4d5 g5d5 h4g4 f4f3 g4f3 d5d2 b2b4
5b2/p4pk1/4pQ1N/8/q7/P6P/5PP1/1Bn4K b - -,g7f6 h6g4 f6e7 h1h2 f7f5 g4e3 c1e2 g2g3 f5f4 g3f4
r2qr1k1/pp1n1pp1/2pb1n1p/3p1NB1/3P4/2N1P2P/PP2QPP1/2R2RK1 b - -,h6g5 f5d6 e8e6 d6f5 g7g6 f5g3 d8e7 f1d1 a8e8 g3f1
r1b3k1/2p3bp/PpPp1n1r/3Pp2q/4P3/B1NB1pPp/2Q2P1K/R2R1N2 b - -,f6g4 h2h1 h3h2 f1e3 g4e3 f2e3 h5g4 a1a2 h6h3 d3f1
3r1r2/pp4k1/2pq1p1p/P3PRnQ/1P1P4/1B6/6P1/5R1K b - -,d6e7 e5f6 e7f6 f5f6 f8f6 f1f6 g7f6 h5h6 f6f5 b3c2
8/5kp1/2r1p2p/P7/4R3/7P/2p2PPK/2B5 b - -,c6a6 e4a4 f7e7 h2g3 e7d6 g3f3 e6e5 f3e2 d6c7 e2d2
6k1/8/6pp/8/2Q5/q7/5PPP/7K b - -,g8g7 c4d4 g7h7 d4d7 h7h8 d7e8 h8g7 e8e5 g7h7 h2h3
r2qk1nr/pppbbppp/2np4/1B3N2/4P3/7P/PPP2PP1/RNBQK2R b KQkq -,d7f5 e4f5 g8f6 b1c3 d6d5 e1h1 e8h8 f1e1 h7h6 c1f4
r1bq1rk1/p3bppp/1p2p3/2p5/2Bn1B2/2NP4/PPP2PPP/R2QR1K1 b - -,c8b7 a2a4 a7a6 c3e4 b6b5 c4a2 b7c6 c2c3 d4f5 d1g4
r6k/p7/2p3R1/1p2p3/8/2N1K1p1/PPr5/8 b - -,a8g8 g6h6 h8g7 h6h1 g3g2 h1g1 c2b2 c3d1 b2a2 d1c3
8/4pk2/4r1p1/5p1p/R2R1P1P/r2P2P1/4P3/4K3 b - -,a3a4 d4a4 e6b6 a4a1 b6b3 e1f2 b3b5 f2e3 b5b4 a1a5
r5k1/4qpp1/2p4p/1p1p4/3R1P2/2P1P2P/2Q1R1PK/r7 b - -,e7c5 e3e4 a8a2 c2a2 a1a2 e2a2 c5c3 d4d2 d5e4 d2c2
8/2B1p3/3PP3/8/1b6/5k1p/P4P2/6K1 b - -,f3g4 d6d7 h3h2 g1h2 g4f5 d7d8q f5e6 h2g2 e6f7 g2f3
7k/7p/p1B3p1/6b1/5P2/4K3/8/8 b - -,g5d8 e3e4 h8g7 c6a4 a6a5 e4e5 d8c7 e5e4 g7f6 a4b3
r1bq1r2/pp2npbk/2np2pp/2p1p3/4PP2/2PPBNP1/PP2N1BP/R2Q1RK1 b - -,f7f5 f4e5 f5e4 d3e4 c6e5 f3e5 g7e5 d1b3 h7g7 e2f4
8/p1b2k2/5p2/P1N3pp/8/3b2P1/3P1P1P/3NK3 b - -,d3f5 d1e3 f5c8 e3c4 c8e6 c5e6 f7e6 a5a6 e6d5 c4e3
8/6p1/2r1pk1p/P7/4R1P1/7P/2p2P1K/2B5 b - -,c6a6 e4a4 f6e5 h2g2 e5d5 g2f3 d5c5 a4a2 c5d4 a2c2
8/3n2kp/1p1P2p1/4N3/8/1P5P/5P2/6K1 b - -,d7e5 g1h2 g7f6 h2g2 f6e6 d6d7 e6d7 h3h4 d7d6 g2h3
R3R3/pb3r2/2p5/1p3k2/4Np2/6p1/PPB5/2K5 b - -,b7a8 e4g3 f5g4 e8g8 g4f3 g3e4 f7e7 e4d2 f3e3 g8a8
6k1/R7/5Kp1/4P1Np/1p5n/1P4r1/8/8 b - -,b7a8 e4g3 f5g4 e8g8 g4f3 g3e4 f7e7 e4d2 f3e3 g8a8
r2q1r2/p4pkp/2p1pBp1/1p1n4/3P1P1Q/2PB3P/PP4P1/4RRK1 b - -,d5f6 h4g3 d8d6 e1e5 a8c8 a2a3 a7a6 f1d1 f6d7 e5e1
6r1/8/5K2/3kP3/5P1P/6P1/8/8 b - -,
r5k1/1p3pp1/pb2pn2/4Nr1p/2P5/1P5P/1B2RPP1/3R2K1 b - -,a6a5 g2g3 b6c7 g1g2 a5a4 b3a4 a8a4 d1a1 a4a1 b2a1
8/7k/5Qpp/8/8/q7/5PPP/7K b - -,a6a5 g2g3 b6c7 g1g2 a5a4 b3a4 a8a4 d1a1 a4a1 b2a1
6k1/p1p3p1/7p/2R5/5r2/2P5/P4PPP/6K1 b - -,f4a4 c5c7 a7a5 h2h4 a4a2 g2g4 a2c2 g1g2 a5a4 c7c8
5k2/1br1qppQ/p3p2p/2n5/1P6/P6P/4BPP1/3R2K1 b - -,f7f6 e2h5 g7g6 h7h8 f8f7 d1d8 e7d8 h8d8 c7c8 d8b6
r1b2rk1/pp1qpp1p/3p2pQ/2n2P2/3BP3/2RB4/1P4PP/5RK1 b - -,f7f6 e2h5 g7g6 h7h8 f8f7 d1d8 e7d8 h8d8 c7c8 d8b6
3r3k/p3q1p1/1p2Pp1p/2p2P2/1PQ5/P3pR2/3r2PP/4R1K1 b - -,d2d4 c4c3 c5b4 a3b4 d4b4 f3e3 b4d4 e1c1 a7a5 c3c7
8/b7/8/3K4/k1p5/p1P5/2P5/R7 b - -,a7b8 a1a2 b8f4 d5c4 f4e5 c4d3 e5f6 c3c4 a4b4 c4c5
r5k1/5pp1/2p4p/1pqp4/3RPP2/2P4P/2Q1R1PK/r7 b - -,a8a2 c2a2 a1a2 e2a2 c5c3 d4d2 d5e4 a2c2 c3f6 d2e2
8/p7/2p1k3/1pN3R1/5K2/8/PPr3p1/7r b - -,c2c5 g5g6 e6d7 g6g2 h1h3 b2b3 d7c7 g2g7 c7b6 g7g8
8/1R6/8/4k1p1/6P1/8/5bK1/8 b - -,f2e3 g2f3 e3c1 b7b5 e5d4 b5b1 c1a3 b1a1 a3b2 a1a4
rnbqkb1r/p4ppp/4pn2/1p1p4/P1pP4/2P1PN2/1P2BPPP/RNBQ1RK1 b kq -,b5a4 d1a4 c8d7 a4c2 f8e7 b1d2 a7a5 e3e4 a5a4 f3e5
1r6/3bkp1p/3p2p1/2p1p3/q1P1P3/2P1P3/P1QN1KPP/2R5 b - -,a4c2 c1c2 d7a4 d2b3 h7h5 g2g3 f7f6 f2e1 h5h4 e1f2
3r1r2/pp3Bk1/2pq3p/P3pRnQ/1P1P4/8/6P1/5R1K b - -,g5e4 h5g4 g7h8 g4e4 d6d4 e4e1 d4g4 e1e5 g4g7 e5e3
6k1/p3pP1p/3p2p1/2q5/4B1P1/P1rR3P/8/K6R b - -,g8f8 d3c3 c5c3 a1a2 c3c4 a2b2 c4e4 h1c1 f8f7 g4g5
r1bqr1k1/ppp2pbp/3p2p1/3P4/3pPP2/3BB1NP/PPP3P1/R2Q1RK1 b - -,d8h4 e3f2 h4f4 g3e2 f4h6 d1c1 h6c1 a1c1 f7f5 e4f5
7r/4K3/5p2/4k1p1/R3P1P1/8/4P3/8 b - -,
8/5pk1/2r2p2/p3pP2/4P2P/R2P2K1/P7/8 b - -,c6a6 g3f3 a5a4 a3c3 a6a8 f3e3 a4a3 c3b3 a8a4 e3d2
8/8/2r1pk1p/P5p1/4R1P1/5P1P/2p4K/2B5 b - -,c6a6 e4a4 f6e5 h2g2 e5d5 c1d2 e6e5 a4a2 e5e4 a2c2
r1b3k1/2p3bp/PpPp3r/3Pp2q/4P1n1/B1NB1pPp/2Q2P2/R2R1N1K b - -,h3h2 f1e3 g4e3 f2e3 h5g5 c2f2 h6h3 f2f3 h3g3 f3f2
5r1k/pp4pp/6b1/3B4/rP5P/5pP1/P4P2/2R1R1K1 b - -,b7b5 e1e7 a4b4 e7a7 h7h6 d5b3 b4e4 a7c7 e4e8 c7c5
6k1/p1R3p1/7p/8/r7/2P5/P4PPP/6K1 b - -,a7a5 c3c4 a4a2 g2g4 g8h7 g1g2 a2c2 g2g3 a5a4 f2f3
r4r2/p4pkp/2p1pQp1/1p1n4/3P1P2/2PB3P/PP4P1/4RRK1 b - -,d5f6 e1e5 f8d8 d3e2 b5b4 e5a5 f6d5 a5c5 b4c3 b2c3
r2q1rk1/pp3ppp/8/8/bb6/P3P3/1P1NQPPP/R3KB1R b KQ -,b4a5 b2b4 d8f6 a1b1 f8d8 d2e4 f6e5 f2f3 a8c8 b4a5
8/4Q2k/6pp/8/8/8/q4PPP/7K b - -,h7h8 e7f6 h8h7 h2h3 a2b1 h1h2 b1b8 g2g3 b8c7 f6f4
rn1k3r/1p3ppp/2p5/pn2p3/Pb4P1/1B6/1PP3PP/R1BK2NR b - -,b5c3 b2c3 b4c3 a1a3 c3b4 b3f7 b4a3 c1a3 b7b5 g1f3
r5q1/1p1nbk2/2p3p1/p1np1PP1/8/1P1PPQ2/PBPNK3/7R b - -,a8f8 f5g6 f7e8 f3h5 d5d4 g6g7 f8f7 b2d4 c5e6 d4c3
r2qr1k1/pp1n1pp1/2pN1n2/3p2p1/3P4/2N1P2P/PP2QPP1/2R2RK1 b - -,e8e6 d6f5 g7g6 f5g3 d8e7 b2b3 a8e8 c1c2 g8g7 f1c1
7k/7p/2B3p1/p5P1/8/4K3/8/8 b - -,h7h5 c6e8 h8g7 e3f4 g7h7 f4e4 h7g7 e4e5 h5h4 e5f4
1r3qQk/5R2/3P3p/6p1/1p6/2p3PP/1P3P2/6K1 b - -,f8g8 f7e7 c3b2 e7e1 g8g6 g1h2 b2b1q e1b1 g6b1 d6d7
r1b1kb1r/1p3ppp/p1p1pn2/8/4P3/3BB3/PqPN1PPP/R2Q1RK1 b kq -,b2e5 d2c4 e5c7 e3b6 c7b8 e4e5 f6d5 d1g4 g7g6 h2h4
4Q1k1/8/6pp/8/8/8/q4PPP/7K b - -,g8g7 e8e7 g7g8 e7e1 a2f7 h1g1 h6h5 e1e5 g8h7 h2h3
7r/p7/2p2k2/1pR5/4N3/4K3/PPr3p1/8 b - -,f6e6 c5g5 h8h3 e3f4 c2b2 e4c5 e6d6 c5b7 d6c7 g5g7
8/7k/8/3K4/8/8/8/bq6 b - -,f6e6 c5g5 h8h3 e3f4 c2b2 e4c5 e6d6 c5b7 d6c7 g5g7
8/p4p1k/2bb2pp/P4p2/1p1PqB1P/5PQ1/1PR3PK/8 b - -,e4f4 g3f4 d6f4 g2g3 c6a4 b2b3 a4b3 c2b2 b3d5 g3f4
6k1/1p4pp/p4r1r/1bPPbp2/PP2pNq1/4Q1P1/2B2R1P/3R3K b - -,g7g5 a4b5 g5f4 g3f4 h6h3 e3e2 g4e2 f2e2 e5f4 d5d6
3R4/4pk2/6p1/4Pp1p/3P3P/6P1/4PK2/3r4 b - -,f7e6 e2e3 d1b1 d8e8 b1d1 e8g8 e6d5 f2e2 d1g1 g8g6
1q3rk1/r4p1R/5p2/8/5N2/pP6/P1P5/1K5R b - -,b8f4 h7h4 f4h4 h1h4 f8e8 b1c1 f6f5 b3b4 a7b7 c1d2
2r1qr2/1p2b2k/p3p1pp/3pPp2/b4PP1/2P1BB1Q/1P5P/R5RK b - -,a4c2 g1g2 c2e4 f3e4 d5e4 g4f5 e6f5 h3g3 f8g8 h2h4
r2qkbnr/pp3pp1/2npB2p/2p1p3/4P3/2NPBN2/PPP2PPP/R2QK2R b KQkq -,f7e6 e1h1 g8f6 c3e2 d6d5 f3h4 h8g8 h4g6 d5d4 e3d2
r1b1k2r/ppppqppp/2n5/4P3/2BP2n1/5N2/PP3PPP/RN1QK2R b KQkq -,g4h6 e1h1 e8h8 f1e1 d7d6 h2h3 h6f5 b1c3 e7d8 a1c1
3k4/1R4pp/8/8/8/P4N2/P4KPP/5R2 b - -,g4h6 e1h1 e8h8 f1e1 d7d6 h2h3 h6f5 b1c3 e7d8 a1c1
8/7k/4K3/8/8/8/1q6/b7 b - -,g4h6 e1h1 e8h8 f1e1 d7d6 h2h3 h6f5 b1c3 e7d8 a1c1
b3R3/p4r2/2p5/1p3k2/5p2/6N1/PPB5/2K5 b - -,f5g4 e8g8 g4f3 g3e4 f7e7 e4d2 f3e3 g8a8 f4f3 a8d8
r1q3k1/p7/1p4r1/5p1R/2Np1P2/1P3Q2/P1PP2PP/5RK1 b - -,g8g7 c4e5 d4d3 f3h3 g7f6 c2c3 a8b8 e5g6 c8c5 g1h1
8/p4p1k/2bB2pp/P4p2/1p1P3P/5PQ1/1Pq3PK/8 b - -,c2d2 h4h5 d2d4 d6e5 d4d2 e5b8 d2d4 h5g6 f7g6 g3c7
1k1r1bnr/p3qppp/BpQpb3/2p5/4P3/2N5/PPP2PPP/R1B2RK1 b - -,h7h6 c6b5 g8f6 a2a4 f6e8 a4a5 e8c7 b5d3 c7a6 d3a6
8/1R6/5k2/6pp/6P1/7P/5b2/7K b - -,h5g4 h3g4 f6e5 h1g2 f2e3 g2f3 e3c1 b7b5 e5d4 b5b1
r1bqkb1r/pp1p1pp1/2n1pn1p/4N3/3P1B2/2P5/PP3PPP/RN1QKB1R b KQkq -,b7b6 f1d3 f8e7 e1h1 c8b7 e5c4 e8h8 c4e3 d7d6 f1e1
rnbqkbnr/pp3ppp/4p3/3p4/2pP4/2P1P3/PPN2PPP/R1BQKBNR b KQkq -,g8f6 f2f3 d8c7 e3e4 d5e4 d1e2 e4f3 g1f3 f8d6 c1g5
8/5K1k/8/4q3/8/8/8/b7 b - -,g8f6 f2f3 d8c7 e3e4 d5e4 d1e2 e4f3 g1f3 f8d6 c1g5
6bk/QR1R2pp/5b2/8/5q2/7P/2r2PK1/8 b - -,g8f6 f2f3 d8c7 e3e4 d5e4 d1e2 e4f3 g1f3 f8d6 c1g5
8/8/r6p/P2kp1p1/4R1P1/5P1P/2pK4/2B5 b - -,a6a5 c1b2 d5e6 b2c3 a5a3 e4e5 e6d6 e5e3 a3a2 d2c1
8/1pp5/1p4p1/3Pp1k1/4P2p/P4K2/1P3P1P/8 b - -,b6b5 f3e3 g5g4 f2f3 g4g5 h2h3 g5f6 f3f4 e5f4 e3f4
6k1/2R3p1/7p/p7/r1P5/8/P4PPP/6K1 b - -,g8h7 g2g4 a4a2 g1g2 a2c2 g2g3 a5a4 f2f3 c2c1 h2h4
rnb3k1/1p1p1ppp/p7/8/8/3B4/PqP2PKP/3QR3 b - -,g7g6 e1e8 g8g7 e8c8 b2e5 d1g4 a6a5 g4e4 e5e4 d3e4
5rk1/2R2pp1/8/p3P3/6P1/4Q1KP/q7/8 b - -,f8a8 c7c6 a5a4 e5e6 a2d5 e6f7 d5f7 c6c3 a8b8 e3e5
8/8/4PK2/3k4/5P1P/6r1/8/8 b - -,
rnbqkbnr/pp3ppp/4p3/3p4/2pP4/NPP1P3/P4PPP/R1BQKBNR b KQkq -,d8a5 a3b1 b7b5 a2a4 c8a6 g1f3 g8f6 c1b2 b5b4 b3c4
8/8/7p/r2kp1p1/4R1P1/5P1P/2K5/2B5 b - -,a5a1 e4b4 d5c5 b4b8 c5c4 b8c8 c4d5 c8d8 d5c4 c2d2
r1bqr1k1/ppp2pbp/3p2p1/3P4/4PP2/3BpQNP/PPP3P1/R4RK1 b - -,g7b2 a1e1 b2d4 g3e2 d4b6 c2c3 d8f6 e2d4 b6d4 c3d4
R7/p5k1/2p1b3/1p2p3/7R/8/PP2K3/6q1 b - -,g1g2 e2e1 g2g3 e1d2 g3f2 d2c1 f2e1 c1c2 e6f5 c2b3
b5R1/p4r2/2p5/1p6/5pk1/6N1/PPB5/2K5 b - -,g4f3 g3e4 f7e7 e4d2 f3e3 g8a8 f4f3 a8d8 f3f2 c2d3
4K3/7k/5q2/8/8/8/8/b7 b - -,g4f3 g3e4 f7e7 e4d2 f3e3 g8a8 f4f3 a8d8 f3f2 c2d3
rnbq1rk1/pp2ppbp/2pp1np1/6B1/3P4/2N2NP1/PPPQPPBP/R3K2R b KQ -,b8d7 e2e4 b7b5 a2a3 d7b6 e4e5 f6d5 c3d5 c6d5 e1h1
7k/p3q1p1/1p2Pp1p/1Qp2P2/1P1r4/P3pR2/3r2PP/4R1K1 b - -,c5b4 f3e3 h8h7 a3b4 d4b4 b5c6 a7a5 h2h3 a5a4 e3g3
5k2/1br1qpp1/p3p2p/2P5/8/P2Q3P/4BPP1/3R2K1 b - -,c7c5 e2f3 b7f3 d3f3 e7a7 d1d8 f8e7 d8g8 a7c7 g2g3
r6k/pp4pp/4B1b1/8/rPR5/5pP1/P4P1P/4R1K1 b - -,a8f8 e1e3 a4a2 e3f3 f8e8 c4f4 a2a1 g1g2 h7h6 f4f8
8/8/7p/3kp1p1/4R1P1/3K1P1P/r7/2B5 b - -,a2h2 e4a4 h2h1 a4a5 d5e6 c1d2 h1h3 d3e4 h3h2 d2e3
r2q1rk1/pp1bbpp1/2n1pB1p/1N1p4/4PP2/2N5/PPPQ2PP/2KR1B1R b - -,e7f6 e4d5 c6b4 d5e6 d7e6 a2a3 b4a2 c3a2 e6a2 d2e1
8/6kp/2B3p1/p5P1/5K2/8/8/8 b - -,
q5rk/1R4bp/8/8/4B3/p7/1Q6/7K b - -,g7f8 f4g4 f8f7 c6a4 f7g7 a4d1 h7h6 g5h6 g7h6 d1b3
1b4k1/1p5p/p4r1r/1PPP1p2/1P2pPq1/4Q3/2B2R1P/6RK b - -,h6g6 g1g4 g6g4 d5d6 b8d6 c5d6 f6d6 e3c3 d6d3 c3c7
5q2/3N4/1k6/8/8/8/6nK/2Q5 b - -,h6g6 g1g4 g6g4 d5d6 b8d6 c5d6 f6d6 e3c3 d6d3 c3c7
8/p1b2k2/P4pb1/2N3pp/8/6P1/3P1P1P/3NK3 b - -,c7a5 e1e2 a5b6 d2d4 g6f5 e2e3 b6c5 d4c5 f5c8 d1c3
5rk1/5pbp/p5p1/6R1/1P1r1Q2/8/P4PB1/5RK1 b - -,d4d7 g5c5 d7e7 f4c4 f8e8 c5c7 e7c7 c4c7 g7e5
r2q1rk1/pb2bppp/1p2p3/2p1B3/2Bn4/2NP4/PPP2PPP/R2QR1K1 b - -,e7f6 e5f6 g7f6 c3e4 f6f5 c2c3 f5e4 c3d4 d8d4 d1c2
r2q1rk1/pp1b1pp1/2n1pb1p/1N1P4/5P2/2N5/PPPQ2PP/2KR1B1R b - -,c6b4 d5e6 d7e6 a2a3 b4a2 c3a2 e6a2 d2e1 d8b8 e1f2
8/8/7p/3kp1p1/R5P1/3K1P1P/7r/2B5 b - -,h2h3 a4a5 d5e6 d3e4 e6f6 c1b2 f6e6 b2e5 h6h5 a5a6
rnbqk1nr/pp3ppp/4p3/3p4/2pP4/BPP1P3/P4PPP/R2QKBNR b KQkq -,b7b5 g1f3 d8c7 e3e4 b8c6 e4d5 e6d5 f1e2 g8f6 e1h1
8/3K3k/5q2/4b3/8/8/8/8 b - -,b7b5 g1f3 d8c7 e3e4 b8c6 e4d5 e6d5 f1e2 g8f6 e1h1
8/8/5K2/3kP2P/5P2/6r1/8/8 b - -,
r6r/p4pkp/2p2np1/2Pp4/8/2NP4/P4PPP/1R3RK1 b - -,h8e8 f1e1 d5d4 c3e2 a8d8 g1f1 d8d5 b1b7 d5e5 b7b2
8/2R3pk/7p/p7/r1P4P/8/P4PP1/6K1 b - -,
R6R/p5k1/2p1b3/1p2p3/8/2NK4/r5p1/8 b - -,h6h5 g1h2 a4a2 c7a7 a5a4 f2f3 a4a3 a7a6 a2c2 a6a3
rn1q1rk1/pb1p1ppp/1p2p3/2p5/2PPn3/P2BPN2/1PQ2PPP/R1B1K2R b KQ -,d7d5 d4c5 b8d7 c5c6 b7c6 c4d5 e6d5 b2b4 a8c8 c1b2
r2q1rk1/pp3ppp/8/b7/bP6/P3P3/3NQPPP/R3KB1R b KQ -,d8f6 a1b1 f8d8 d2e4 f6e5 f2f3 a8c8 b4a5 c8c2 e1f2
rnbqkbnr/pp2pppp/8/3p4/2pP4/N1P1P3/PP3PPP/R1BQKBNR b KQkq -,c8f5 b2b3 d8a5 a3b1 b7b5 c1b2 e7e6 g1f3 b8c6 f1e2
3r4/q5p1/pN6/P7/1p3k2/1R6/1P2BKP1/8 b - -,d8d2 b3f3 f4g5 f3g3 g5h6 g3h3 h6g6 b2b3 a7e7 h3g3
r2q2k1/pN1n1pp1/2p1rn2/3p2p1/3P4/2N1P2P/PP2QPP1/2R2RK1 b - -,d8c7 b7c5 d7c5 d4c5 d5d4 c3b1 d4e3 b1c3 c7e7 c1e1
3r1r2/pp3Bk1/2pq3p/P5RQ/1P1p4/8/6P1/5R1K b - -,d8c7 b7c5 d7c5 d4c5 d5d4 c3b1 d4e3 b1c3 c7e7 c1e1
5rk1/5pbp/R5p1/8/P4r2/8/5PB1/5RK1 b - -,f8e8 a6a8 e8a8 g2a8 f4a4 a8f3 g7d4 f1e1 g8g7 e1e7
4K3/7k/3q4/4b3/8/8/8/8 b - -,h7h5 a4a5 f8d8 a6a8 d8a8 g2a8 f4a4 f1d1 a4a5 d1d8
7k/p3q1p1/1p2Pp1p/1Q3P2/1P1r4/4pR2/3r2PP/4R1K1 b - -,d4b4 b5c6 e3e2 f3e3 a7a5 e3e2 d2e2 e1e2 b4b1 g1f2
r1b2rk1/pp1qp2p/3p1ppQ/2B2P2/4P3/2RB4/1P4PP/5RK1 b - -,f8f7 d3c4 d6d5 c4d5 d7d5 e4d5 c8f5 f1f5 b7b6 c5a3
8/5k1p/2B3p1/p3K1P1/8/8/8/8 b - -,h7h6 g5h6 f7g8 e5f6 g8h7 f6g5 a5a4 c6a4 h7h8 a4c2
8/p4k2/Pb3pb1/2N3pp/3P4/6P1/5P1P/3NK3 b - -,b6a5 e1e2 h5h4 d1e3 a5c3 d4d5 f7e7 e3c4 c3b4 d5d6
4Q3/8/7p/6p1/7k/6P1/q4P2/7K b - -,b6a5 e1e2 h5h4 d1e3 a5c3 d4d5 f7e7 e3c4 c3b4 d5d6
5K2/7r/5p2/4k1p1/R3P1P1/8/4P3/8 b - -,
R5R1/p5k1/2p1b3/1p2p3/8/8/PP2K3/6q1 b - -,h7h4 f8f7 h4g4 a4a5 e5e4 f7f6 g4g2 a5g5 g2g5 f6g5
3r1rk1/pp1qb1pp/1nn1p3/1B3p2/3P1Q2/2N1B3/PP3PPP/R2R2K1 b - -,b6d5 c3d5 d7d5 b5c6 d5c6 a1c1 c6d5 f4e5 e7f6 e5d5
2r5/8/4Rk2/3K4/3P4/8/8/8 b - -,f6f7 e6e4 f7g6 d5d6 g6f5 e4e5 f5f4 e5h5 c8d8 d6c5
8/8/5kp1/1R5p/8/7P/5bP1/7K b - -,f6f7 b5d5 f7g7 d5d3 f2h4 d3d7 g7g8 d7d1 g8g7 h1g1
r1bqk2r/ppp1bppp/2np1n2/8/2PN4/2N1Q3/PP2PPPP/R1B1KB1R b KQkq -,d6d5 g2g3 c6d4 e3d4 c7c5 d4d3 d5d4 c3e4 f6g4 f2f4
5r1R/r4pkR/5p2/8/5q2/pP6/P1P5/1K6 b - -,d6d5 g2g3 c6d4 e3d4 c7c5 d4d3 d5d4 c3e4 f6g4 f2f4
r1b2b1r/pp1k2pp/2p1P1q1/3n1nN1/2B5/5Q2/PPP2PPP/R1B1R1K1 b - -,d7d6 c4d5 d6c7 g5f7 c6d5 c1f4 f8d6 f7d6 c8e6 d6f5
R6R/p5k1/2p5/1p2p3/2b1K3/2N5/r5p1/8 b - -,g2g1q a8g8 c4g8 h8g8 g7g8 c3a2 g1d4 e4f3 d4f4 f3g2
r2qkbnr/pp4pp/2n1pp2/2ppPb2/3P1P2/2P2N2/PP4PP/RNBQKB1R b KQkq -,g8h6 f1b5 f8e7 e5f6 g7f6 d1e2 e8h8 d4c5 e7c5 b1d2
3r1r2/pp3Bk1/2pq4/P5Q1/1P1p4/8/6P1/5R1K b - -,g8h6 f1b5 f8e7 e5f6 g7f6 d1e2 e8h8 d4c5 e7c5 b1d2
1q1r2k1/1pr3p1/2Pp3p/Pp1PppP1/1P6/1Q5P/5PK1/R1R5 b - -,g8h8 g5h6 d8g8 b3f3 g7g6 a5a6 b7a6 a1a6 h8h7 f3g3
4r1k1/R4p1p/6p1/P7/5r2/2b5/5PB1/5RK1 b - -,e8e6 a5a6 c3d4 a7a8 g8g7 a6a7 e6a6 a8g8 g7g8 a7a8q
8/2k5/6P1/8/8/P4N2/P4K1P/8 b - -,e8e2 a5a6 e2a2 g2d5 a2a5 a7d7 a5a6 f1b1 g8g7 b1b7
8/p4k2/P4pb1/2P3pp/8/6P1/5P1P/3NK3 b - -,f7e7 e1d2 e7d7 d2e3 d7c6 e3d4 g6f5 d1e3 f5c8 e3d5
1rbq1rk1/pp3p2/3p2p1/2pPb2n/4P2p/2N1BP2/PP1QB1PP/R3K2R b KQ -,b7b5 f3f4 e5g7 e4e5 c8f5 e1h1 b5b4 c3d1 f8e8 e2h5
5r2/q5p1/pN6/P7/1p3k2/5R2/1P2BKP1/8 b - -,f4g5 f3f8 a7e7 f8f3 e7c5 f3e3 c5f5 e2f3 f5c2 f2g3
r1b2rk1/ppp2pp1/2nb1q1p/4p1N1/2BP3P/2P1B3/P1P2PP1/R2QK2R b KQ -,e5d4 c3d4 h6g5 h4g5 f6g6 c4d3 c8f5 d3f5 g6f5 d1h5
r1b1k2r/pppp1ppp/2n5/4P3/1qBP2n1/5N2/PP1N1PPP/R2QK2R b KQkq -,d7d6 h2h3 g4h6 e5d6 b4d6 e1h1 e8h8 d4d5 c6e7 d2e4
rnb2k2/1p1p1ppp/p7/8/8/3B4/PqP1QPKP/4R3 b - -,g7g6 e2e8 f8g7 e8c8 b2b4 g2f1 a6a5 e1e8 a5a4 c8d8
8/8/7p/6pk/4Q1P1/8/q4P2/7K b - -,g7g6 e2e8 f8g7 e8c8 b2b4 g2f1 a6a5 e1e8 a5a4 c8d8
8/3k2P1/8/8/8/P4N2/P4K1P/8 b - -,g7g6 e2e8 f8g7 e8c8 b2b4 g2f1 a6a5 e1e8 a5a4 c8d8
8/6k1/6p1/1R6/6P1/8/5b2/7K b - -,g7h6 h1g2 f2e3 g2f3 e3c1 b5b6 c1a3 b6b3 a3e7 f3f4
8/5pk1/2r2p2/4pP2/R3P2P/3P2K1/P7/8 b - -,c6c1 g3f3 c1h1 f3e3 h1h2 a4a5 h2h4 e3d2 h4h8 a2a4
8/p7/P3kpb1/2P3pp/8/4N1P1/5P1P/4K3 b - -,g6e4 e1d2 e4c6 d2d3 c6b5 d3d4 b5a6 c5c6 e6d6 h2h4
6R1/p5k1/2p5/1p2p3/8/8/PP2K3/6q1 b - -,g6f7 e1d2 f7e8 d2c3 e8b5 c3d4 b5a6 c5c6 e6d6 h2h4
8/5k2/1p1P2pp/2n5/1P2N3/5P1P/8/6K1 b - -,c5e6 g1f2 e6d4 f2e3 d4c6 e3d3 b6b5 e4c3 c6b4 d3e4
1q1r2k1/1pr3p1/2Pp4/Pp1Pppp1/1P6/3Q3P/5PK1/R1R5 b - -,g7g6 d3b5 d8f8 b5b6 g5g4 b4b5 b8d8 c6b7 g4h3 g2h1
8/8/7p/6p1/6Pk/5Q2/q4P2/7K b - -,g7g6 d3b5 d8f8 b5b6 g5g4 b4b5 b8d8 c6b7 g4h3 g2h1
rnbqkb1r/ppp2ppp/8/3pP3/2P1n3/5N2/PP1NPPPP/R1BQKB1R b KQkq -,b8c6 a2a3 e4d2 c1d2 d5c4 d1c2 c8e6 d2c3 d8e7 e1a1
3r1r2/pp3B1k/2pq1R2/P5Q1/1P1p4/8/6P1/7K b - -,b8c6 a2a3 e4d2 c1d2 d5c4 d1c2 c8e6 d2c3 d8e7 e1a1
6k1/3R1p1p/P5p1/4r3/3b1r2/8/5PB1/5RK1 b - -,e5a5 g2d5 d4c5 g1g2 a5a6 f2f3 f4f5 f1b1 a6f6 b1b5
r1b3k1/2p3bp/PpPp3r/3Pp2q/4P1n1/B1NBNpP1/2Q2P1p/R2R3K b - -,g4e3 f2e3 h5g5 c2f2 h6h3 c3b5 h3g3 a1a2 c8h3 d3f1
2r5/8/R7/3K1k2/3P4/8/8/8 b - -,f5f4 d5e6 c8h8 a6a5 h8h6 e6e7 h6h7 e7d6 h7h6 d6c5
8/3k3p/5Kp1/p2B2P1/8/8/8/8 b - -,f5f4 d5e6 c8h8 a6a5 h8h6 e6e7 h6h7 e7d6 h7h6 d6c5
7k/p3q1p1/Qp2Pp1p/5P2/1r6/4pR2/3r2PP/4R1K1 b - -,e7c5 h2h3 e3e2 g1h1 b6b5 a6a1 b4e4 f3g3 h8h7 h1h2
r2q1rk1/pp1b1pp1/4Pb1p/1N6/1n3P2/2N5/PPPQ2PP/2KR1B1R b - -,d7e6 a2a3 b4a2 c3a2 e6a2 d2e1 d8b8 e1f2 f8d8 d1d8
8/3k4/7p/6p1/4K1P1/5R2/3B4/8 b - -,d7e6 a2a3 b4a2 c3a2 e6a2 d2e1 d8b8 e1f2 f8d8 d1d8
6Q1/4k3/8/8/8/P4N2/P4K1P/8 b - -,d7e6 a2a3 b4a2 c3a2 e6a2 d2e1 d8b8 e1f2 f8d8 d1d8
1k1rRbr1/p2q1p2/BpQp1p1p/2pP4/8/8/PPP2PPP/R5K1 b - -,d7c6 e8d8 b8c7 d8c8 c7d7 d5c6 d7e6 c8e8 f8e7 a1e1
rnb1Qk2/1p1p1p1p/p5p1/8/8/3B4/PqP2PKP/4R3 b - -,f8g7 e8c8 b2b4 g2f1 a6a5 e1e8 h7h6 e8g8 g7f6 c8d8
r1b1kb1r/1p3ppp/p1p1pn2/8/P3P3/2qBB3/2PN1PPP/R2Q1RK1 b kq -,a8b8 d1f3 f8e7 a1b1 f6d7 f3g3 e8h8 e4e5 f7f5 e5f6
8/2R3pk/8/p6p/r1P4P/P7/5PP1/6K1 b - -,
r3r3/p4pkp/2p2np1/2Pp4/8/2NP4/P4PPP/1R2R1K1 b - -,d5d4 c3e2 a8d8 g1f1 d8d5 b1b7 d5e5 b7b2 f6d7 e1d1
8/p7/P3kp2/2P3pp/5P2/3bN1P1/7P/4K3 b - -,e6f7 e1d2 d3a6 e3f5 f7e6 f5g7 e6f7 g7h5 a6b7 h2h4
6k1/5p1p/P5p1/6r1/3R1r2/8/5PB1/5RK1 b - -,g5a5 d4f4 a5a6 f4d4 a6a7 f1d1 a7e7 d4d8 g8g7 d1d7
rn1q1rk1/pb1p2pp/1p2p3/2p2p2/2PPn3/P2BPN2/1PQ2PPP/R1B2RK1 b - -,b8c6 b2b3 c5d4 e3d4 a8c8 f1e1 d7d5 c1b2 g7g5 c2d1
rnbqkb1r/pp2pp1p/6p1/2pN4/8/4PN2/PP1P1PPP/R1BQKB1R b KQkq -,d8d5 b2b3 f8g7 f1c4 d5d8 d2d4 e8h8 e1h1 c8g4 h2h3
3r4/6k1/5q1p/1Q3R2/7P/6p1/1P6/4R1K1 b - -,f6g6 b5c5 g7g8 c5c4 g8h7 c4c7 g6g7 c7d8 g7a7 g1g2
8/8/8/8/4R3/8/2nK4/1k6 b - -,b1b2 e4c4 c2a1 d2d3 b2a3 c4c8 a1b3 d3c4 b3a5 c4c3
8/6K1/5p2/4k1p1/R3P1Pr/8/4P3/8 b - -,
5q2/1k6/2Q5/4N3/8/8/6nK/8 b - -,h4g4 a4a5 e5e4 g7f6 g4g2 a5g5 g2g5 f6g5 e4e3 g5f5
rnbqkbnr/p4ppp/4p3/1p1p4/2pP4/P1P1P3/1PN2PPP/R1BQKBNR b KQkq -,f7f5 f2f3 f8d6 g1h3 g8f6 e3e4 f5e4 f3e4 f6e4 d1h5
8/8/7p/6p1/6Pk/Q7/5P2/7K b - -,f7f5 f2f3 f8d6 g1h3 g8f6 e3e4 f5e4 f3e4 f6e4 d1h5
r2q1k1r/1p3p1p/p4p2/2bb4/Q2NP3/8/PP3PPP/2KR1B1R b - -,d8c7 e4d5 c5d4 c1b1 d4e5 g2g3 c7b6 d1d2 h7h5 f1h3
r4rk1/p4p1p/b1p1pNp1/5n2/2P2P2/1PB2N2/P1P3PP/R5K1 b - -,g8h8 g2g4 f5h6 h2h3 f8c8 f6d7 h8g8 d7c5 a6b5 c3f6
8/3k2Kp/6p1/3B2P1/p7/8/8/8 b - -,g8h8 g2g4 f5h6 h2h3 f8c8 f6d7 h8g8 d7c5 a6b5 c3f6
r1b3k1/2p3bp/PpPp3r/3Pp2q/4P3/B1NBPpP1/2Q4p/R2R3K b - -,h5g5 a1a2 h6h3 d3f1 h3g3 c2h2 g3g4 c3b5 g4h4 b5c7
r4rk1/pb1n3p/1p1p2pb/2pPp2n/1PP1P2q/P1NB2PP/7B/R2QK1NR b - -,h5g3 d1g4 h4g4 h3g4 g3h1 d3e2 f8f2 g1f3 a8f8 c3b5
rnQ5/1p1p1pkp/p5p1/8/8/3B4/PqP2PKP/4R3 b - -,b2b4 g2f1 b4b2 h2h4 h7h5 e1e8 b2a1 f1g2 a1d4 c8b7
8/2R3pk/8/p6p/2P4P/r4P2/6P1/6K1 b - -,
6Q1/8/5k2/8/7P/P4N2/P4K2/8 b - -,a3c3 c7c5 h7h6 g1h2 a5a4 c5c6 g7g6 h2h3 a4a3 h3g3
3R2k1/5pp1/8/p7/2p1r1P1/4P2P/P1q2QK1/8 b - -,a3c3 c7c5 h7h6 g1h2 a5a4 c5c6 g7g6 h2h3 a4a3 h3g3
8/p7/b3kp2/2P3pp/5P2/4N1P1/3K3P/8 b - -,
5Q2/8/7p/6p1/6k1/8/5P2/7K b - -,h5h4 g3h4 g5h4 e3g2 h4h3 g2e3 a6b7 d2c3 b7e4 c3c4
2r4k/6p1/8/5R2/7p/8/1Q3PPP/3R3K b - -,h5h4 g3h4 g5h4 e3g2 h4h3 g2e3 a6b7 d2c3 b7e4 c3c4
5r1k/ppp2p1p/5p2/8/3Pq2n/P4PQP/1P5P/R4RK1 b - -,e4d4 g1h1 f8g8 g3f2 d4f2 f1f2 g8d8 a1g1 h7h6 f3f4
8/3k3K/6p1/3B2P1/8/p7/8/8 b - -,e4d4 g1h1 f8g8 g3f2 d4f2 f1f2 g8d8 a1g1 h7h6 f3f4
R6R/p5k1/2p5/1p2p3/2bq4/5K2/N7/8 b - -,e4d4 g1h1 f8g8 g3f2 d4f2 f1f2 g8d8 a1g1 h7h6 f3f4
8/q5p1/pN6/P7/1p3k2/1R6/1P2BKPr/8 b - -,f4g5 b3b4 h2h4 b4c4 h4c4 e2c4 a7e7 b2b3 e7f6 f2e3
1k1r1b1r/1p6/p1bq1p2/3p1P2/3B4/3B4/PPP1Q3/1K2R1R1 b - -,b8c8 d4b6 c8b8 g1g6 d8c8 b6d4 c8e8 e2e8 c6e8 e1e8
rnbqkbnr/p4ppp/4p3/1p1p4/2pP4/2P1PN2/PPN2PPP/R1BQKB1R b KQkq -,c8b7 f3d2 b8d7 a2a4 a7a6 b2b3 g8f6 a4b5 a6b5 c1a3
8/8/6K1/3kP2P/5P2/7r/8/8 b - -,d5e6 f4f5 e6e7 g6g5 h3h1 g5g4 e7f7 g4g5 h1g1 g5f4
8/2R3pk/8/p1P4p/7P/2r2P2/6P1/6K1 b - -,
8/5k2/1p1P2pp/2n5/4N3/1P3P1P/5K2/8 b - -,c5b3 e4c3 b3c5 c3d5 c5d7 d5c7 f7f6 f3f4 f6f5 f2e3
8/1pp5/p2pK3/2PP3p/3P3k/8/PP6/8 b - -,h4g5 e6d7 d6c5 d7c7 g5f4 d5d6 c5d4 d6d7 f4e3 d7d8q
6Q1/8/8/5k1P/8/P4N2/P4K2/8 b - -,h4g5 e6d7 d6c5 d7c7 g5f4 d5d6 c5d4 d6d7 f4e3 d7d8q
r1bq1rk1/p3bppp/1p2p3/2p5/2Bn4/3P4/PPP1NPPP/R1BQR1K1 b - -,d4f5 e2c3 f5h4 d1h5 a7a6 c1f4 h7h6 f4g3 a8a7 c3e4
8/5k2/3P2pp/2p5/8/1P3P1P/5K2/8 b - -,
r5k1/p4pp1/1qp1rn2/2Pp2p1/8/2N1P2P/PP2QPP1/2R2RK1 b - -,b6b4 f1d1 a8e8 c1c2 b4h4 d1d4 g5g4 h3g4 f6e4 g4g5
6bk/QR1R2pp/5b2/8/4q3/7P/2r2P2/6K1 b - -,b6b4 f1d1 a8e8 c1c2 b4h4 d1d4 g5g4 h3g4 f6e4 g4g5
8/5k2/pr6/4P3/3P1Kp1/8/8/R7 b - -,
8/1pk3p1/5PPp/p1PBK2b/8/8/8/8 b - -,g7f6 e5f6 h5g6 f6g6 a5a4 g6h6 b7b6 c5c6 b6b5 h6g6
5q2/1k6/8/1Q2N3/8/8/6nK/8 b - -,g7f6 e5f6 h5g6 f6g6 a5a4 g6h6 b7b6 c5c6 b6b5 h6g6
2r5/5k2/8/3K4/3PR3/8/8/8 b - -,f7f6 d5d6 f6f5 e4e5 f5f4 e5e6 c8d8 d6c5 d8c8 e6c6
6Q1/8/5k1P/8/8/P4N2/P4K2/8 b - -,f7f6 d5d6 f6f5 e4e5 f5f4 e5e6 c8d8 d6c5 d8c8 e6c6
6R1/8/8/1p6/1k6/p1pK4/8/8 b - -,b4b3 g8g4 a3a2 g4g1 b5b4 g1c1 c3c2 d3d2 b3a3 d2c2
8/5k2/1p1P2pp/1P6/4N3/3n1P1P/8/6K1 b - -,
3r3k/2q1r1p1/p1p4p/1pp1nP2/2P1R1n1/P1BP2Q1/1PB3K1/4R3 b - -,c7d7 c3e5 g4e5 e4e5 e7e5 g3e5 b5c4 d3c4 d7d2 e1e2
5rk1/5pb1/2bQpqp1/pp2P2p/6PP/PBr1NP2/1P6/1K1R3R b - -,c6e4 f3e4 f6f2 b2c3 f2e3 g4h5 f8c8 d6d3 c8c3 d3e3
3r1r2/pp3B1k/2p2Q2/P7/1P1p4/8/6P1/7K b - -,c6e4 f3e4 f6f2 b2c3 f2e3 g4h5 f8c8 d6d3 c8c3 d3e3
r1bqr1k1/1p2bpnp/2p2np1/p2pN3/3P4/2NBP2P/PPQ2PPB/1R3RK1 b - -,c8e6 c2b3 a8b8 b1d1 e7d6 b3c2 h7h5 c3a4 f6d7 a4c5
8/p7/4kp2/2P3pp/5P1P/2K1NbP1/8/8 b - -,
8/p6k/2b2ppp/P4p2/1B1P3P/5PQ1/1Pq3PK/8 b - -,c6b5 b4c5 f5f4 g3f4 b5f1 f4c7 h7g8 c7b8 g8h7 b8b7
r1bqk2r/pp1nbppp/2n1p3/2ppP3/3P4/2P3P1/PP2NPBP/RNBQ1RK1 b kq -,e8h8 b1a3 a8b8 a3c2 b7b5 f2f4 b5b4 f4f5 b4c3 b2c3
8/2R3pk/8/2P4p/p6P/2r2P2/6PK/8 b - -,
Q5k1/5p1p/6p1/6r1/6r1/8/5P2/R6K b - -,g8g7 a8b8 g5h5 b8h2 h5h2 h1h2 g6g5 a1b1 g7g6 b1b2
r1b2rk1/ppp2ppp/2pq4/6b1/4P3/P1NP1Q2/1PP1B1PP/R4RK1 b - -,g5f6 g1h1 f6e5 f3h5 g7g6 h5h4 d6c5 h4f2 e5d4 f2f4
R2R4/p5k1/2p5/1p2p3/6b1/3K4/PP6/6q1 b - -,g5f6 g1h1 f6e5 f3h5 g7g6 h5h4 d6c5 h4f2 e5d4 f2f4
8/1pk5/6Kp/p1PB4/8/8/8/8 b - -,b7b6 c5b6 c7b6 d5b3 b6c5 g6h6 c5b4 b3d1 b4c4 h6g5
5rk1/2R2pp1/8/p7/4P1P1/4Q2P/P1p1P1K1/3q4 b - -,a5a4 g2f2 d1b1 a2a3 b1h1 c7c2 h1h2 f2e1 f8b8 c2c1
8/7K/3k2p1/6P1/8/p7/B7/8 b - -,f8b8 e3f2 b8f8 f2e3 a5a4 g2f2 d1b1 a2a3 b1h1 c7c2
r1b3k1/2p3bp/PpPp3r/3Pp2q/4P3/B1NBP1P1/5Q1p/R2R3K b - -,h6f6 d3e2 h5f7 f2e1 g8h8 a6a7 c8h3 h1h2 f6h6 h2g1
rnbqkb1r/pppp1ppp/4p3/5n2/5N2/4P3/PPPPBPPP/RNBQK2R b KQkq -,e6e5 f4h5 b8c6 c2c4 d7d5 c4d5 d8d5 e1h1 c8e6 b1c3
5k2/5p2/6p1/1pb1P3/2p1NP1p/2P3r1/1P6/5R1K b - -,g3e3 e4c5 e3e2 f1b1 e2f2 c5a6 f2f4 a6c7 f4e4 c7b5
r1bq1rk1/pp1pnppp/1bp5/3NPPB1/2BP4/5N1P/PP3P2/R2QK2R b KQ -,e7d5 g5d8 f8d8 c4d5 c6d5 e1h1 d7d6 e5e6 f7e6 g1h1
4r1k1/5pp1/8/p7/2R1P1P1/7P/Pq2PQK1/8 b - -,a5a4 c4a4 b2c2 a4d4 c2a2 f2e3 a2e6 e3d3 e6e7 d3b5
r4qk1/p7/1p4r1/4Np1R/3p1P2/1P3Q2/P1PP2PP/5RK1 b - -,a5a4 c4a4 b2c2 a4d4 c2a2 f2e3 a2e6 e3d3 e6e7 d3b5
8/p7/4kp2/2P4p/5P1P/2K1Nb2/8/8 b - -,
r3kbnr/ppp2ppp/2n5/3qpb2/3P4/2P2N1P/PP2QPP1/RNB1KB1R b KQkq -,e8a8 f3e5 d8e8 c1e3 c6e5 d4e5 e8e5 b1d2 g8f6 e2f3
r1b2rk1/5ppp/p1pb4/1p1n4/8/NBP2QPq/PP1P1P1P/R1B1R1K1 b - -,c8g4 f3g2 h3h5 b3d5 c6d5 e1e3 d6a3 b2a3 a8e8 c1b2
6QR/8/5k2/8/8/P4N2/P4K2/8 b - -,c8f5 d2d4 f5g4 f3g2 h3h5 c1d2 a8e8 a3c2 g4h3 g2h1
8/3k4/6pp/2p5/5P2/1P5P/5K2/8 b - -,
7k/p3q1p1/Qp2Pp1p/5P2/8/4p1R1/1r1r2PP/4R1K1 b - -,b6b5 a6c6 a7a5 g3e3 h8h7 e3g3 a5a4 c6f3 b5b4 f3h5
r1bq1rk1/p3bppp/1p2p3/2p2n2/2B5/3P2N1/PPP2PPP/R1BQR1K1 b - -,f5h4 d1h5 c8b7 g3e4 h7h6 e1e3 h4f5 e3e1 d8d7 a2a4
8/2k5/1pP3K1/3B4/8/p7/8/8 b - -,a3a2 d5a2 c7c6 g6f5 c6b5 f5e5 b5a4 e5d4 b6b5 d4c5
r1bq1rk1/pp1pnppp/1b3P2/3pP1B1/2BP4/5N1P/PP3P2/R2QK2R b KQ -,d8c7 f6e7 b6a5 g5d2 d5c4 e7f8r g8f8 d2a5 c7a5 d1d2
8/5pk1/5p2/4pP2/3RP2P/2rP2K1/P7/8 b - -,e5d4 a2a4 c3d3 g3f2 g7h6 h4h5 d3e3 f2f1 h6h5 a4a5
8/2R3pk/8/2P4p/p1r4P/5PK1/6P1/8 b - -,
rnbqk2r/ppppbppp/4p3/5n2/5N2/2N1P3/PPPPBPPP/R1BQK2R b KQkq -,c7c5 d2d4 c5d4 e3d4 d7d5 f4h5 e8h8 e2d3 f5h4 e1h1
8/ppb3k1/2p1qpp1/7p/2PP4/1P1Q1N1P/1P4P1/7K b - -,c7f4 h1g1 e6e3 d3e3 f4e3 g1f1 e3c1 f1e2 c1b2 e2d3
8/8/6K1/2k3P1/8/p7/B7/8 b - -,c7f4 h1g1 e6e3 d3e3 f4e3 g1f1 e3c1 f1e2 c1b2 e2d3
8/2q3p1/p7/P2N4/1p3k2/1R6/1P2BKPr/8 b - -,f4e5 d5c7 e5d6 c7a6 h2h6 a6b4 h6f6 f2e3 f6e6 e3d2
8/8/1p1Pk1pp/1P6/4Nn1P/5P2/8/5K2 b - -,
8/1ppK4/p2p4/2PP3p/3P4/6k1/PP6/8 b - -,g3f2 d7c7 d6c5 d5d6 c5d4 d6d7 f2e2 d7d8q d4d3 d8e8
7k/1q3Bpb/7p/1P5Q/1p6/8/3r2PP/6RK b - -,h7e4 h5g4 d2f2 f7c4 f2c2 c4b3 c2b2 b3c4 e4g2 g4g2
7R/4k1Q1/8/8/8/P4N2/P4K2/8 b - -,b7e7 h2h3 h7e4 h5g4 e4c2 g4f3 e7e4 f3e4 c2e4 b5b6
8/8/4kp2/p1P4p/3K1P1P/4Nb2/8/8 b - -,e6e7 d4c4 f3e2 c4c3 e2f3 e3f5 e7d7 f5d4 f3d5 c3b2
r4rk1/5ppp/p1pb4/1p1n4/6b1/NBP3Pq/PP1P1PQP/R1B1R1K1 b - -,h3h5 d2d3 g4f3 g2f1 d6a3 b2a3 d5c3 h2h3 a8e8 g1h2
r1bq1rk1/pp1pPppp/1b6/4P1B1/2pP4/5N1P/PP3P2/R2QK2R b KQ -,d8c7 g5f6 d7d6 h1g1 g7g6 d1c1 b6a5 e1e2 c7b6 c1h6
8/8/5K2/6P1/1k6/p7/B7/8 b - -,d8c7 g5f6 d7d6 h1g1 g7g6 d1c1 b6a5 e1e2 c7b6 c1h6
r1bk1b1r/ppp2Bp1/5n1p/4p3/4P3/5P2/PPP3PP/RNB1K2R b KQ -,f8b4 c1d2 a7a5 a2a3 b4c5 d2c3 f6d7 b1d2 c5d4 c3d4
r1bqk2r/ppppbppp/2n1p3/5n2/3P1N2/2N1P3/PPP1BPPP/R1BQK2R b KQkq -,d7d6 d4d5 c6b4 e1h1 e6e5 f4h5 e8h8 a2a3 b4a6 f2f4
8/2k5/1pP4K/3B4/p7/8/8/8 b - -,b6b5 h6g5 b5b4 g5f5 b4b3 f5e5 b3b2 d5a2 c7c6 e5d4
7k/1q3Bp1/7p/1P6/1p2b1Q1/8/3r2PP/6RK b - -,d2f2 f7e8 e4g2 g4g2 f2g2 g1g2 b4b3 e8c6 b7f7 c6e4
2r2rk1/5ppp/p3pnb1/b2p4/3P2P1/2N1PN2/PP2BP1P/2R2RK1 b - -,a5c3 b2c3 f6g4 a2a4 a6a5 c3c4 d5c4 e2c4 h7h6 c4a6
8/R5pk/8/2P4p/2r4P/p4PK1/6P1/8 b - -,
rn1k1b1r/pp2pp1p/2p2p2/6B1/8/5N2/qPP2PPP/2KR4 b - -,d8c7 g5e3 a2a1 c1d2 a1b2 f3e1 b2a2 e3d4 b8d7 f2f4
8/1pk5/5KPp/p1PB3b/8/8/8/8 b - -,h5g6 f6g6 b7b6 c5b6 c7b6 d5b3 b6c6 g6h6 c6d6 h6g6
8/1pp5/1p4p1/3Pp2k/P3P2p/5K2/1P3P1P/8 b - -,g6g5 h2h3 g5g4 h3g4 h5g5 b2b3 g5g6 f3g2 g6h6 g2h3
rnbqkbnr/p4ppp/4p3/3p4/PNpP4/2P1P3/1P3PPP/R1BQKBNR b KQkq -,a7a5 b4c2 g8f6 b2b3 f6e4 b3c4 e4c3 d1d3 f8b4 c1d2
8/8/5KP1/8/8/p1k5/B7/8 b - -,a7a5 b4c2 g8f6 b2b3 f6e4 b3c4 e4c3 d1d3 f8b4 c1d2
3qr1k1/3r2p1/P2p3P/1p1Ppp2/1P6/4Q2P/5PK1/R1R5 b - -,e8f8 h6g7 d7g7 g2h2 f5f4 e3f3 d8g5 c1g1 g5f5 a6a7
r5k1/p4pp1/2p1rn2/2qp2p1/4N3/4P2P/PP2QPP1/2R2RK1 b - -,c5b6 e4g5 e6e5 g5f3 e5e8 c1c3 c6c5 c3b3 b6e6 e2c2
r1bq1rk1/1p4pp/p2p1b2/3Pnp2/2P2B2/2N5/PP2B1PP/R2Q1R1K b - -,e5g6 f4e3 f6e5 e3g1 a8b8 e2d3 d8h4 d1d2 c8d7 a1e1
4r1k1/5pp1/8/p1R5/4P1P1/7P/q3PQK1/8 b - -,
R2R4/p5k1/2p5/1p2p3/6b1/1K6/PP6/4q3 b - -,a2e6 c5a5 e6e4 f2f3 e4e2 f3e2 e8e2 g2f3 e2e1 h3h4
8/8/1p1Pk1p1/1P5p/4Nn1P/5P2/5K2/8 b - -,e6d5 d6d7 f4e6 f2e3 e6d8 e4d2 d8e6 f3f4 d5d6 d2c4
r1bqk2r/pppp1ppp/2n2n2/8/1bP5/2N1P3/PPN2PPP/R1BQKB1R b KQkq -,b4c3 b2c3 d7d6 f2f3 f6h5 d1d2 e8h8 c1a3 d8h4 d2f2
r1bq1rk1/p3bppp/1p2p3/2p4Q/2B4n/3P2N1/PPP2PPP/R1B1R1K1 b - -,c8b7 g3e4 h7h6 c1f4 b6b5 c4b3 a8c8 a1d1 d8b6 c2c4
8/ppb3k1/2p1qpp1/3P3p/2P5/1P1Q1N2/1P4PP/7K b - -,c6d5 c4d5 e6e7 g2g3 c7b6 f3d4 e7e5 d4e2 e5e3 d3e3
2rq3k/6p1/7p/4Qb2/8/1Q6/1p3PPP/4R2K b - -,d8g5 b3b2 c8d8 e5g3 g5e7 b2e5 e7f7 g3f4 d8f8 f4h6
N1bk2nr/pp1p1ppp/3b4/4q3/5n2/3B4/PPP2KPP/R1BQ3R b - -,g8f6 c1d2 h8e8 f2f1 b7b6 d2c3 e5c5 d1f3 e8e3 f3f2
8/8/4BKP1/8/8/p7/1k6/8 b - -,f4d3 c2d3 d6c5 f2f1 g8f6 d1e2 e5f5 e2f3 d7d6 h2h4
r1bqk2r/ppp1bppp/2n1p3/3p1n2/3P1N2/2N1P3/PPP1BPPP/R1BQ1RK1 b kq -,a7a6 e2d3 f5h4 a2a3 e7d6 c3e2 e8h8 c2c3 c6e7 e3e4
8/8/4kp2/2P4p/p4P1P/2K1Nb2/8/8 b - -,
rnbqkb1r/pp1n2pp/8/2pQP1p1/2p5/2N2N2/PP3PPP/2KR1B1R b kq -,g5g4 f1c4 d8e7 e5e6 b8c6 e6d7 c8d7 h1e1 e8a8 e1e7
r3kbnr/pb1p1ppp/1pq1p3/2p1P3/3P4/2P2N2/PP3PPP/RNBQ1RK1 b kq -,g8e7 f1e1 f7f5 d4c5 g7g5 d1d6 g5g4 d6c6 e7c6 f3d4
6k1/3nB1p1/r6p/2p2b2/8/3P1N2/2P3PP/2R3K1 b - -,g8f7 c1e1 f5e6 e7d8 a6a8 d8h4 a8a2 e1e2 c5c4 d3c4
8/6pk/8/2r4p/7P/R4PK1/6P1/8 b - -,
r4rk1/5ppp/p1pb4/1p1n3q/6b1/NBP3PP/PP1P1PQ1/R1B1R1K1 b - -,a8e8 e1f1 g4f3 g2h2 e8e4 b3d5 c6d5 h3h4 f3e2 d2d3
8/6K1/5p2/R3k1p1/4P1r1/8/4P3/8 b - -,
7k/1q4p1/7p/1P6/1p2b1Q1/1B6/2r3PP/6RK b - -,c2b2 b3d1 b2b1 d1f3 b1g1 h1g1 e4f3 g2f3 b7b5 g4c8
8/p7/2p1k3/1p4R1/4NK2/7r/PPr3p1/8 b - -,c2b2 e4c5 e6d6 c5e4 d6c7 g5g7 c7b6 e4f6 b2f2 f4e5
R2R4/p5k1/2p1b3/1p2p3/8/8/PPK5/4q3 b - -,c2b2 e4c5 e6d6 c5e4 d6c7 g5g7 c7b6 e4f6 b2f2 f4e5
r1b2rk1/ppp2ppp/2pq1b2/8/4P3/P1NP1Q2/1PP1B1PP/R4R1K b - -,f6e5 f3h5 c8e6 c3d1 g7g6 h5h4 a8e8 c2c3 c6c5 d1e3
8/1pk3p1/4K1Pp/p1PB1P1b/8/8/8/8 b - -,h5g4 e6e5 g4h5 e5f4 h5g6 f5g6 a5a4 f4e5 c7d7 d5b7
8/6pk/2p4r/1p1n1p2/3Pp1q1/4P1P1/1PR1QPB1/6K1 b - -,d5f6 g1f1 g4e2 f1e2 f6d5 g3g4 h6g6 e2f1 g6g4 c2c6
8/1b6/4kp2/2P4p/p4P1P/4N3/1K6/8 b - -,
rn3b1r/ppkRpp1p/2p2p2/6B1/8/5N2/qPP2PPP/2K5 b - -,b8d7 g5e3 a2a1 c1d2 a1b2 d2d1 e7e5 f3e1 a7a5 e1d3
r2q1rk1/pp2bppp/2p1pn2/8/3P4/2PB3P/PP2QPP1/R1B1R1K1 b - -,a7a5 g2g3 a5a4 a1b1 c6c5 d4c5 e7c5 c1f4 d8b6 b1d1
5rk1/2R2pp1/8/p7/2p1P1P1/7P/Pq2PQK1/8 b - -,b2a2 f2e3 a5a4 e4e5 a2b3 e3d4 b3c2 d4e3 f8e8 e3f3
r1bq1rk1/ppp1bppp/2n1p3/3p1n2/3P1N2/2N1P3/PPPBBPPP/R2Q1RK1 b - -,b7b6 e2d3 f5d6 c3e2 a7a5 c2c3 c8a6 d3a6 a8a6 e2g3
8/5pkp/6p1/6r1/6r1/8/5PQ1/R6K b - -,g4g2 f2f3 g2g3 h1h2 g3f3 a1a4 f3f2 h2h1 g5f5 a4a6
4r1k1/3R1pp1/8/p7/2p1P1P1/7P/Pq2PQK1/8 b - -,b2f6 f2f6 g7f6 d7d4 e8c8 d4d2 c4c3 d2c2 c8b8 c2c3
1q6/6p1/pN6/P7/1R3k2/8/1P2BKPr/8 b - -,f4g5 b4g4 g5h6 b2b4 h2h1 b6d7 b8d6 d7c5 d6f6 f2e3
8/7k/6p1/2r4p/7P/R4P1K/6P1/8 b - -,
4r2k/5pr1/1p1p1n2/p1pP4/P1P2P2/2P3pq/1BQ1R1N1/5K2 b - -,h7h6 g2g4 h5g4 f3g4 c5c2 h3g3 c2c4 a3d3 c4c5 g3h3
R7/p5k1/2p1b3/1p2p3/7R/8/PP4q1/4K3 b - -,h7h6 g2g4 h5g4 f3g4 c5c2 h3g3 c2c4 a3d3 c4c5 g3h3
8/1pk3p1/6Pp/p1PBKP2/6b1/8/8/8 b - -,g4h5 e5f4 b7b6 f5f6 h5g6 f6g7 g6h7 f4g4 b6c5 g4h5
r2q1rk1/pppbbppp/2n1p3/3p1n2/3P1N2/1PN1P3/P1PBBPPP/R2Q1RK1 b - -,g7g6 d2c1 e7f6 c1a3 f8e8 e2d3 f5d6 c3e2 f6g7 c2c3
8/3k1K2/8/4PR2/8/2r2p2/8/8 b - -,d7c6 e5e6 c3e3 e6e7 c6d7 f5d5 d7c6 d5d2 c6c5 e7e8q
r2q1rk1/1p1b2pp/p2p1b2/3Pnp2/2P2B2/2N5/PP2B1PP/2RQ1R1K b - -,f6g5 d1d2 g5f4 d2f4 d8e7 b2b4 a8e8 f4d4 f8f6 c4c5
r1bqr1k1/ppp2pbp/3p2p1/3P4/4PP2/2PBp1NP/PP4P1/R2Q1RK1 b - -,c8d7 d1e1 c7c6 d5c6 d7c6 e1e3 d6d5 e4e5 f7f6 e5e6
rnbq2k1/pp2n1pp/5B2/2bp3Q/4p3/P2B1N2/1PP2PPP/RN2K2R b KQ -,c5b4 a3b4 g7f6 b4b5 e4d3 c2d3 b8d7 e1h1 d7c5 f3d4
7k/1q4p1/7p/1P6/1p2b1Q1/5B2/6PP/1r4RK b - -,e4f3 g2f3 b1g1 h1g1 b7b5 g4c8 h8h7 c8c2 h7g8 c2b3
r1bq1rk1/1p2bppp/2p5/p2p1n2/P2P1N2/2P5/1P3PPP/R1BQRBK1 b - -,e7d6 f4d3 g7g6 h2h3 f5g7 c1h6 c8f5 d3e5 f7f6 e5g4
8/1pp4p/p2p4/3P1K1k/2PP3P/8/PP6/8 b - -,h7h6 f5e6 h5h4 e6d7 h6h5 d7c7 b7b6 c7d6 h4g3 d6c7
R2R4/p5k1/2p5/1p2pb2/8/1K6/PP6/4q3 b - -,h7h6 f5e6 h5h4 e6d7 h6h5 d7c7 b7b6 c7d6 h4g3 d6c7
8/8/1p1Pk1pp/1P6/4N3/3n1P1P/6K1/8 b - -,
6k1/3n2p1/4r2p/2p2b2/7B/3P1N2/2P3PP/2R3K1 b - -,f5g6 h4f2 e6a6 f3d2 g6f7 g1f1 f7d5 g2g3 a6a4 f1e2
4r1k1/2R2pp1/8/p7/4P1P1/7P/q3PQK1/8 b - -,
7k/p3q1p1/Qp2Pp1p/5P2/8/4R3/1r1rp1PP/4R1K1 b - -,e7c5 g1f2 b2b3 a6c8 c5c8 e3b3 c8c5 b3e3 c5f5 f2g1
r3r1k1/p2q1pp1/2pp1n1p/4p3/2P5/1P1PQN1P/1P3PP1/R3R1K1 b - -,c6c5 a1a6 e8b8 f3d2 b8b6 a6b6 a7b6 d2e4 d7d8 e4c3
4r2k/5pr1/1p1p1n2/p1pP4/P1P2P2/2P1N1pq/1BQ3R1/5K2 b - -,a7a6 b3b4 a8b8 e3d2 d7b7 a1a4 e5e4 d3e4 f6e4 d2d3
r6r/2q1bpkp/ppbNp1p1/2p1PP2/4N1P1/4Q3/PPP4P/3R1RK1 b - -,e6f5 g4f5 e7d6 e5d6 c7d8 e3c3 f7f6 e4g5 d8d7 g5e6
8/8/6pk/2r4p/7P/R4PPK/8/8 b - -,
rnbqkb1r/1p2pppp/p2p1n2/8/2BPP3/5P2/PP4PP/RNBQK1NR b KQkq -,b8d7 c4b3 b7b5 g1e2 e7e6 e1h1 f8e7 a2a4 b5a4 b3a4
8/8/2b1kp2/2P4p/p4P1P/2K1N3/8/8 b - -,
8/8/1p1Pk1p1/1P5p/4Nn1P/4KP2/8/8 b - -,e6f5 d6d7 f4e6 e4d6 f5e5 d6f7 e5d5 d7d8r e6d8 f7d8
8/8/5KP1/8/8/8/Bk6/8 b - -,e6f5 d6d7 f4e6 e4d6 f5e5 d6f7 e5d5 d7d8r e6d8 f7d8
7k/R7/2p1b3/1p2p3/8/3K4/Pr2N1p1/8 b - -,e6f5 d6d7 f4e6 e4d6 f5e5 d6f7 e5d5 d7d8r e6d8 f7d8
1q6/3N2p1/p7/P3k3/1R6/8/1P2BKPr/8 b - -,e5f5 b4b8 h2h4 d7c5 f5f6 f2e3 g7g5 b8b6 f6g7 b6b7
7R/P4k2/5P2/8/6K1/8/8/7r b - -,e5f5 b4b8 h2h4 d7c5 f5f6 f2e3 g7g5 b8b6 f6g7 b6b7
r5k1/p3qpp1/2p1rn2/3p2N1/8/4P2P/PP2QPP1/2R2RK1 b - -,e6d6 e2d3 a8e8 f1d1 e7d7 c1c4 d5c4 d3d6 d7f5 h3h4
8/2B1p3/3PP3/8/1b6/4k2K/P7/8 b - -,e3d2 d6d7 d2c2 d7d8q b4c5 a2a4 c2c3 h3g4 c3c4 d8d7
8/1n3k2/1p1P2pp/8/1P2N3/5P1P/5K2/8 b - -,h6h5 f2e3 f7e6 e3f4 b7d8 b4b5 h5h4 f4g5 d8f7 g5g6
r1b2rk1/pp3pbp/1qn1pnp1/3p4/2pPPB2/2P2N1P/PPQNBPP1/R3K2R b KQ -,f6h5 f4h2 f7f5 e4e5 g7h6 b2b3 c4b3 d2b3 b6d8 a2a4
r2q1k1r/5p1p/5p2/1Qbb4/4P3/8/PP3PPP/2KR1B1R b - -,d8c7 e4d5 f8g7 b5c4 h8b8 d5d6 c7a5 c4c3 a5c3 b2c3
rnbqkb1r/4pppp/p2p1n2/1p6/3PP3/1B3P2/PP4PP/RNBQK1NR b KQkq -,c8b7 g1h3 b8c6 b1c3 c6a5 c1e3 e7e6 h3f4 d6d5 e4e5
r1bq2k1/pp1prppp/1b6/3BP1B1/3P4/5N1P/PP3P2/R2QK2R b KQ -,g7g6 d1b3 d8e8 g5e7 e8e7 e1a1 d7d6 c1b1 c8f5 b1a1
r1b2rk1/ppp2ppp/2pq4/4b2Q/4P3/P1NP4/1PP1B1PP/R4R1K b - -,c8e6 c3d1 g7g6 h5h4 a8e8 c2c3 c6c5 d1e3 d6b6 a1b1
4r2k/5pr1/1p1p1n2/p1pP4/P1P2P2/2P1N1p1/1BQ1K1R1/7q b - -,c8e6 c3d1 g7g6 h5h4 a8e8 c2c3 c6c5 d1e3 d6b6 a1b1
rnbqkb1r/pp1n2pp/5P2/2pp2B1/2p5/2N2N2/PP3PPP/R2QKB1R b KQkq -,d8b6 d1e2 e8f7 c3d5 b6e6 e2e6 f7e6 d5c7 e6d6 c7a8
2r1qr2/1p2b2k/p3p1pp/3pPp2/4BPP1/2P1B2Q/1P5P/2R3RK b - -,f8g8 e4d3 e8c6 g1g2 a6a5 e3d4 e7c5 d4c5 c6c5 g4f5
r2q1rk1/p1pbbppp/1pn1p3/3p1n2/3P1N2/1PN1P3/P1PBBPPP/R2QR1K1 b - -,e7d6 f4h5 g7g6 h5g3 f5g3 h2g3 a7a6 c3a4 h7h5 c2c4
r1bqkb1r/pp2p1pp/5n2/1BpPN3/1n1P4/4P3/PP1N1PPP/R2QK2R b KQkq -,c8d7 e5d7 f6d7 a2a3 a7a6 b5c4 c5d4 a3b4 d4e3 f2e3
8/6P1/5K2/8/8/8/k7/8 b - -,c8d7 e5d7 f6d7 a2a3 a7a6 b5c4 c5d4 a3b4 d4e3 f2e3
7k/R7/2p5/1p2p3/2b5/2K5/Pr2N1p1/8 b - -,c8d7 e5d7 f6d7 a2a3 a7a6 b5c4 c5d4 a3b4 d4e3 f2e3
5rk1/2p3bp/PpPp3r/3Pp2q/4P1b1/B1N1P1P1/4B1Qp/R2R3K b - -,f8a8 d1f1 g4e2 g2e2 h5e2 c3e2 a8a6 e2c3 h6f6 c3b5
3N4/8/8/2q1k3/8/7P/R3K3/8 b - -,c5c4 e2f3 c4b3 f3g4 b3a2 d8c6 e5e4 g4g3 a2f7 g3g2
8/8/1p1Pk1p1/1P5p/3KN2P/5P2/6n1/8 b - -,g6g5 h4g5 g2f4 d4e3 f4d5 e3f2 d5f4 f2g3 f4e2 g3h3
2Q4k/6p1/7p/1q6/1p6/5P2/7P/6K1 b - -,h8h7 c8c2 h7g8 c2b3 g8f8 g1g2 f8e7 b3e3 e7f7 e3b3
8/R5k1/2p1b3/1p2p3/7q/8/PP6/5K2 b - -,h8h7 c8c2 h7g8 c2b3 g8f8 g1g2 f8e7 b3e3 e7f7 e3b3
6k1/5p1p/1r2pQp1/p1qp3P/2n2PP1/8/5PB1/5RK1 b - -,a5a4 f1e1 c5f8 f4f5 e6e5 f6h4 e5e4 h5g6 h7g6 e1d1
8/pp2k3/4p3/b7/2P3P1/6P1/2BQ1r1r/N2RK2R b - -,a5d2 d1d2 f2d2 h1h2 d2h2 c2e4 b7b6 a1b3 a7a5 e4c6
r2qr1k1/p1pbbppp/1pn1p3/3p1n2/3P1N2/1PN1P3/P1PBBPPP/R1Q1R1K1 b - -,d7c8 c1d1 c8b7 e2d3 f5h4 g2g3 h4g6 f4g6 h7g6 d3f1
8/8/1p1Pk1pp/1Pn5/4N3/5PKP/8/8 b - -,
4r2k/5pr1/1p1p1n2/p1pP4/P1P2P2/2P1N1p1/1BQ5/5KRq b - -,c5e4 f3e4 e6d6 g3f4 d6e6 f4g3 e6e5 g3f3 g6g5 f3g4
r1b4r/ppp1kp2/2p2N1p/4P1p1/1P2N2n/8/P1P2PPP/R2R2K1 b - -,c8e6 e4c5 a7a5 c5b7 a5b4 b7c5 h8b8 h2h3 b8b5 c5e6
r1b2rk1/ppp2pp1/2nb1q2/6pQ/2BP3P/4B3/P1P2PP1/R3K2R b KQ -,g5g4 c4d3 g7g6 h5g5 d6b4 e1d1 f6g5 e3g5 c8f5 d3f5
6k1/2Bn2p1/4b2p/2p2p2/4P3/2PP1N2/r5PP/2R3K1 b - -,
3r4/1Q4k1/5q1p/4R3/7P/4r1p1/1P6/4R1K1 b - -,g7h8 e1f1 f6h4 b7h1 h4h1 g1h1 e3e5 h1g2 e5e3 g2h3
6Q1/8/5K2/8/8/1k6/8/8 b - -,f6f7 b7f7 g7f7 e5e3 d8d4 e3e4 d4d2 e1e2 d2d8 g1g2
4r2k/5pr1/1p1p1n2/p1pP4/P1P2P2/2P1Nqp1/1BQ5/4K1R1 b - -,f6f7 b7f7 g7f7 e5e3 d8d4 e3e4 d4d2 e1e2 d2d8 g1g2
8/2p4p/pp1p4/3P1K1k/1PPP3P/8/P7/8 b - -,h5h6 f5e6 h6h5 e6d7 h5h4 c4c5 d6c5 d4c5 h4g3 d7c7
r7/5p2/3k4/1K4p1/p3P1P1/R6P/4P3/8 b - -,
r2q1rk1/pp2bp1p/2p1pnpB/8/3P4/2PB3P/PP2QPP1/R3R1K1 b - -,f8e8 g2g3 a7a5 a2a4 e7f8 h6d2 f8g7 a1d1 f6d5 h3h4
6k1/1p4p1/p4p1p/P2p3P/1P1R4/6P1/4rPK1/8 b - -,e2e5 b4b5 e5h5 b5a6 b7a6 f2f4 g8f8 g3g4 h5h4 g2g3
8/8/R1p1b2k/1p2p3/7q/8/PP6/5K2 b - -,g8f7 d4d5 f7e6 d5c5 e2e4 c5c7 e4b4 c7g7 b4b5 g3g4
8/8/1p1Pk1pp/1P6/4P3/6KP/8/8 b - -,
rnb1kb1r/pp4pp/5q2/2pN4/2p5/5N2/PP3PPP/R2QKB1R b KQkq -,f6d8 f1c4 f8d6 e1h1 e8h8 d5b6 g8h8 b6c8 d6c7 d1d8
r4rk1/pp1b1pbp/1qn1pnp1/3p4/2pPPB2/2P2N1P/PPQNBPP1/R4RK1 b - -,a8c8 e4e5 f6h5 f4e3 f7f5 d2b1 a7a6 e3d2 c6a5 c2c1
8/5pkp/6p1/5P2/6r1/8/6r1/R6K b - -,a8c8 e4e5 f6h5 f4e3 f7f5 d2b1 a7a6 e3d2 c6a5 c2c1
r2qkb1r/pp2pppp/3p1n2/2p5/2BnP1b1/P1NP1N1P/1PP2PP1/R1BQK2R b KQkq -,g4f3 g2f3 e7e6 c4b5 f6d7 f3f4 f8e7 b5c4 d7f6 c4b5
r4k2/p4p1p/b1p1p1p1/5n2/2P2P2/1PB2N2/P1P3PP/3R2K1 b - -,f5e3 d1d7 f8e8 d7c7 a8b8 f3e5 e3c4 b3c4 b8b1 g1f2
8/8/5K2/8/6Q1/2k5/8/8 b - -,f5e3 d1d7 f8e8 d7c7 a8b8 f3e5 e3c4 b3c4 b8b1 g1f2
7k/p3q1p1/1p2Pp1p/1Q3P2/8/4R3/r2rp1PP/4R1K1 b - -,a2a5 b5c4 a5f5 e1e2 f5c5 c4g4 d2d8 h2h4 b6b5 g4g6
r1r3k1/pp2bppp/1qbppn2/6B1/3NPP2/2N5/PPPQ2PP/1K1RR3 b - -,h7h6 g5f6 e7f6 e1e3 c6e8 g2g4 c8c4 d4e2 a8c8 h2h4
r1q1r1k1/p1pbbppp/1pn1p3/3p1n2/3P1N2/1PN1P3/PQPBBPPP/R3R1K1 b - -,e7g5 f4h3 g5h6 f2f4 g7g6 c3d1 h6g7 h3f2 c6e7 g2g4
8/8/1p1k2pp/1P6/4PK2/7P/8/8 b - -,
8/5n2/8/N1pkb2p/1p1p3P/1P3KP1/P7/4R3 b - -,e5f6 a5c4 f7d8 e1e8 d8f7 e8a8 f6e7 a8g8 d5e6 f3e4
2b2k2/5p2/8/3p4/qP2P3/2Q5/r1P2PPP/1K5R b - -,
8/8/8/1p6/8/1k6/p1pK4/7R b - -,c8f5 e4f5 d5d4 c3c8 f8g7 f5f6 g7f6 c8d8 f6g6 d8g8
3R4/R5k1/2p5/pp2pb2/8/1K6/PP6/4q3 b - -,c8f5 e4f5 d5d4 c3c8 f8g7 f5f6 g7f6 c8d8 f6g6 d8g8
1Qr2q1k/6p1/7p/8/8/1Q6/5PPP/1R5K b - -,f8f5 b8g3 c8f8 b3d1 f8e8 b1b8 f5f7 b8e8 f7e8 g3d6
r4k1r/2q1bp1p/ppb4Q/2p1PN2/4N3/8/PPP4P/3R1RK1 b - -,f8f5 b8g3 c8f8 b3d1 f8e8 b1b8 f5f7 b8e8 f7e8 g3d6
r1bqkb1r/ppp1ppp1/5n1p/3pP3/7B/8/PPP1PPPP/RN1QKB1R b KQkq -,f6e4 f2f3 g7g5 f3e4 g5h4 e4d5 f8g7 d1d4 e7e6 e2e4
r1bqkb1r/pppp3p/5np1/4pp2/2BnP3/3PB3/PPP2PPP/RN1QK1NR b KQkq -,b7b5 c4b3 d4b3 a2b3 c8b7 g1f3 f8g7 e1h1 f5e4 f3e5
r2qkb1r/pp2pppp/3p1n2/2p5/2BnP3/P1NP1P1P/1PP2P2/R1BQK2R b KQkq -,e7e6 c4b5 f6d7 f3f4 f8e7 b5c4 e8h8 c4a2 b7b5 c3b1
8/8/R1p4k/1p2p3/2b4q/8/PP4K1/8 b - -,e7e6 c4b5 f6d7 f3f4 f8e7 b5c4 e8h8 c4a2 b7b5 c3b1
r4rk1/ppp2ppp/2pqb3/4b2Q/4P3/P2P4/1PP1B1PP/R2N1R1K b - -,g7g6 h5h4 a8e8 c2c3 c6c5 d1e3 d6b6 a1b1 e5g7 e2f3
r7/5p2/2K5/4k1p1/p3P1P1/R6P/4P3/8 b - -,
r4b1r/ppknpp1p/2p2p2/6B1/3N4/8/qPP2PPP/2K5 b - -,a2a1 c1d2 f6g5 h2h3 a1b2 d4f3 e7e6 g2g4 a7a5 f3g5
r2q1rk1/pb1p2pp/1pn1p3/2p2p2/2PPn3/PP1BPN2/2Q2PPP/R1B2RK1 b - -,d7d6 d3e4 f5e4 c2e4 d8e7 e4g4 c6a5 f3d2 f8f6 g4e2
r1bq1rk1/pp1nppbp/6p1/3Q4/2N2B2/8/PPP1BPPP/R4RK1 b - -,e7e6 d5d3 e6e5 f4g3 d7b6 g3e5 g7e5 c4e5 d8c7 e5g4
8/1n6/1p1Pk1pp/8/1P2N3/4KP1P/8/8 b - -,e6d7 e3d4 b7d6 d4e5 d6c4 e5f6 g6g5 f6g6 c4e5 g6h6
8/8/5K2/R5p1/4k1r1/8/4P3/8 b - -,
8/2K2p2/4k3/4P1p1/p2r2P1/5R1P/4P3/8 b - -,d4f4 f3e3 f4b4 e3f3 e6d5 f3f6 b4d4 f6f5 d5e6 f5f6
r6r/ppp1kp2/2p1bN1p/2N1P1p1/1P5n/8/P1P2PPP/R2R2K1 b - -,a7a5 c5b7 a5b4 d1d4 h4g6 d4b4 g6e5 f2f4 g5f4 b4f4
1k1r3r/1p2b1p1/p1bq1p2/3p2P1/6R1/3B4/PPP1QB2/1K1R4 b - -,d6c7 e2e3 d5d4 g4d4 d8d4 e3d4 b7b6 d4g4 f6g5 d3a6
r5k1/p3qpp1/2p2n2/3pr3/8/4PN1P/PP2QPP1/2R2RK1 b - -,e5e4 c1c6 d5d4 f3d2 e4e6 c6e6 e7e6 b2b3 d4e3 e2e3
r3r1k1/pqpbbppp/1pn1p3/3p1n2/3P1N2/QPN1P3/P1PBBPPP/R3R1K1 b - -,e7a3 e3e4 d5e4 c3e4 c6e7 e4f6 g7f6 f4h5 g8h8 h5f6
3r1r1k/pp6/2pP1p1p/P5R1/1P1Pq1Q1/1B6/6P1/5R1K b - -,e4g4 g5g4 d8d6 f1f5 f8d8 g4g6 h8h7 g6g3 h7h8 f5h5
r4r1k/1b2q1pp/p1n5/1p1BBpN1/1P2p3/P3P2P/4QPP1/R2R2K1 b - -,h7h6 e5g7 e7g7 g5e6 g7f6 e6f8 a8f8 a1c1 f5f4 e3f4
r2q1n1R/1p1kbp2/2p1p1p1/p1np2P1/5PB1/1P1PP2Q/PBPNK3/8 b - -,d7c7 h3h6 c5d7 h6g7 d8e8 a2a4 c7b6 d2f3 e7d6 e2f2
6k1/2B3p1/4bn1p/2p1P3/8/2P2N2/r5PP/2R3K1 b - -,f6d5 c7d6 d5f4 c1b1 a2g2 g1f1 g8h7 b1b8 g2c2 f3h4
7k/5Bp1/5p1p/p1b1pP2/3q2PP/1P6/P3QPK1/8 b - -,c5a7 e2f3 a7b8 h4h5 e5e4 f3e3 d4e3 f2e3 b8d6 g2f1
8/2B1p3/3PP3/8/1b1k2K1/8/P7/8 b - -,d4e3 d6d7 b4c3 d7d8q c3f6 d8d5 f6d4 d5b3 e3f2 b3c2
r3r1k1/pp4pp/3qb3/3n1p2/2pPp3/2P1N2P/PP2NPP1/R1Q1R1K1 b - -,d5f6 g2g3 d6d7 e2f4 e6f7 b2b3 a8c8 b3c4 f7c4 h3h4
8/p4p1k/2bB2pp/P3Qp2/1p1P3P/5P2/1q4PK/8 b - -,c6f3 e5g3 f3e4 d6f8 b4b3 f8a3 b2e2 h2g1 b3b2 a3b2
5rk1/2R2pp1/8/8/p3P1P1/4Q2P/P1p1PK2/3q4 b - -,
8/6P1/5k2/8/8/8/6P1/2K5 b - -,
r6r/2q1bpkp/ppb5/2p1PN2/4N3/4Q3/PPP4P/3R1RK1 b - -,f6g7 c1d1 g7h6 d1c2 h6g5 c2d2 g5f4 d2e2 f4g3 e2f1
8/8/1p2k1pp/1P6/4PK1P/8/8/8 b - -,g6g5 f4g4 g5h4 g4h4 e6e5 h4h5 e5e4 h5g4 h6h5 g4g3
8/R7/2pR3k/pp2pb2/8/1K6/PP6/4q3 b - -,g6g5 f4g4 g5h4 g4h4 e6e5 h4h5 e5e4 h5g4 h6h5 g4g3
r3r1k1/p1pbbppp/Bpn1p3/3p1n2/3P1N2/QPN1P3/P1PB1PPP/R3R1K1 b - -,c6b8 b3b4 b8a6 a3a6 e7b4 a6d3 f5d6 a2a3 b4c3 d2c3
rnb1kbnr/pp3ppp/2p1p3/q7/2BP4/2N2P2/PPP3PP/R1BQK1NR b KQkq -,g8f6 g1e2 f8e7 e1h1 e8h8 d1e1 a5d8 c3e4 b7b6 c1g5
6k1/6p1/7p/2p1rb2/8/3P2B1/2P3PP/2R3K1 b - -,e5d5 c1f1 f5d7 g3f2 c5c4 d3c4 d5d2 f1c1 d7f5 c2c3
r1bqkbnr/ppppppp1/2n5/7p/2B1PP2/8/PPPP2PP/RNBQK1NR b KQkq -,e7e6 b1c3 d7d5 e4d5 c6d4 g1f3 e6d5 c4d5 f8c5 b2b4
r1r3k1/pp2bpp1/1qbppn1p/8/3NPP1B/2N5/PPPQ2PP/1K1RR3 b - -,f6e4 e1e4 e7h4 e4e3 h4f6 e3d3 c8c7 g2g4 a8c8 h2h4
r2q1n1R/1pk1bp2/2p1p1pQ/p1np2P1/5PB1/1P1PP3/PBPNK3/8 b - -,d8e8 d2f3 c5d7 a2a4 b7b5 h6g7 b5a4 b3a4 e7d6 g4h3
r7/1K6/5p2/4k1p1/p3P1P1/R6P/4P3/8 b - -,
8/8/2b1kp2/2P4p/p1K2P1P/4N3/8/8 b - -,
8/8/8/8/k3R3/5N2/5K2/2Q5 b - -,c6f3 c4b4 f3c6 b4a3 c6d7 e3f1 d7b5 f1g3 b5e8 a3b2
8/2K2p2/4k3/4P1p1/p4rP1/4R2P/4P3/8 b - -,f4c4 c7d8 c4d4 d8c7 d4b4 e3f3 b4e4 f3f6 e6e5 f6f5
r4rk1/pp1b1p1p/1qn1p1pb/3p4/2pPPn2/2P2N1P/PPQNBPPB/R3R2K b - -,b6d8 d2f1 f4e2 c2e2 f7f5 e4f5 e6f5 f1e3 d7e8 h1g1
r2rb3/1p1nkppp/2p1p3/p3P3/2NP4/1B3P2/PP2K1PP/2RR4 b - -,h7h6 f3f4 f7f6 e2e3 a5a4 b3c2 c6c5 d4c5 d7c5 d1d8
r2qkb1r/pp3ppp/3ppn2/2p5/2BnP3/P2P1P1P/1PP1NP2/R1BQK2R b KQkq -,d4f3 e1f1 d8d7 e2g3 f3e5 c4a2 e5g6 f2f4 e8a8 b2b4
7k/p3q1p1/1pQ1Pp1p/r4P2/8/4R3/3rp1PP/4R1K1 b - -,a5f5 e3e2 f5c5 c6f3 d2d8 h2h3 b6b5 e2e4 c5d5 f3c3
r4rk1/5pb1/4q1p1/p5B1/PppP1QPP/8/1P6/2KR1R2 b - -,c4c3 b2c3 a8c8 d1d3 e6a2 f4f2 c8c3 d3c3 a2a1 c1d2
8/3r1k2/P2p4/1p1Pp3/1P5p/7P/5P1K/R7 b - -,f7f6 a6a7 d7d8 a7a8r d8a8 a1a8 e5e4 a8b8 f6e7 b8b5
6k1/5p1p/1r2pQpP/2qp4/p1n2PP1/8/5PB1/5RK1 b - -,c5f8 f6h4 a4a3 f1a1 b6b7 g4g5 b7b2 f4f5 a3a2 g2f1
8/8/1p1k2pp/8/1P1K4/5P1P/8/8 b - -,d6c7 d4e5 c7d7 e5d5 d7c7 d5e6 c7c6 f3f4 h6h5 e6f6
8/1pk3P1/5p1p/2PB3b/p4K2/8/8/8 b - -,d6c7 d4e5 c7d7 e5d5 d7c7 d5e6 c7c6 f3f4 h6h5 e6f6
1rbr4/6k1/p1nq2p1/1p1Bp1Q1/4P3/2P4P/PP3PP1/R3R1K1 b - -,c6e7 a1d1 d6f6 g5e3 g6g5 d5b3 d8h8 d1d2 b8b6 e1d1
rnbqkb1r/pp5p/5p2/2pN4/2p5/5N2/PP3PPP/R2QKB1R b KQkq -,c8e6 f1c4 e6d5 c4d5 d8e7 e1f1 b8c6 d5c6 b7c6 g2g3
8/2p4p/pp1pK3/3P4/1PPP3k/8/P7/8 b - -,a6a5 b4a5 b6a5 e6d7 h7h5 d7c7 h4g3 c4c5 d6c5 d5d6
6k1/P1p3bp/1pPp3r/3Pp2q/4P1b1/B1N1PrP1/4B1Qp/R2R3K b - -,f3f8 a3d6 g4e2 c3e2 h6d6 a7a8q h5f7 d1f1 d6f6 f1f6
6k1/1p4p1/p4p1p/P2pr2P/1P1R1P2/6P1/6K1/8 b - -,e5h5 b4b5 a6b5 g3g4 h5h4 g2g3 h4h1 d4d5 h1b1 g3g2
8/5kr1/p3P3/5K2/3P2p1/8/8/6R1 b - -,
8/5p2/2K1k3/4P1p1/p2r2P1/4R2P/4P3/8 b - -,d4b4 e3f3 b4b8 f3f6 e6e7 f6f3 b8a8 f3a3 e7e6 c6b7
rn1qkb1r/ppp2ppp/4pn2/5b2/2BP4/5N1P/PPP2PP1/RNBQ1RK1 b kq -,f5g6 f3e5 b8d7 e5g6 h7g6 f1e1 f8e7 a2a4 c7c6 c2c3
rnb1nrk1/2q1bppp/p2pp3/1p4P1/3NPP2/2NBB3/PPP4P/R2Q1RK1 b - -,b5b4 c3a4 b8c6 d4c6 c7c6 a4b6 a8b8 b6c8 b8c8 d1e2
8/8/1K3p2/r3k1p1/p3P1P1/R6P/4P3/8 b - -,
6k1/6p1/7p/2p2b2/8/3P2B1/2P1r1PP/2R2K2 b - -,e2e8 f1f2 e8e6 h2h4 g8f7 c1b1 c5c4 b1b5 g7g6 d3c4
8/8/8/1p6/8/8/2K5/k7 b - -,e2e8 f1f2 e8e6 h2h4 g8f7 c1b1 c5c4 b1b5 g7g6 d3c4
4r1k1/1p4p1/p3qp1p/P2p3P/3R4/6P1/1P1Q1P2/6K1 b - -,e8d8 g1g2 e6e5 d2c3 e5e8 c3c7 d8d7 c7c2 g8f8 c2c5
8/8/2pR4/Rp2pbk1/8/1K6/PP6/4q3 b - -,g8f8 d4d5 e6e1 d2e1 e8e1 g1g2 e1e4 d5d8 f8e7 d8c8
2kr2r1/pb1nbp1p/1pq1pn2/1P6/2P3pN/P2B4/1B1NQPPP/3R1RK1 b - -,c6f3 d2f3 g4f3 h4f3 d7c5 d3c2 f6h5 b2c1 h5f6 d1d8
8/8/1p2k2p/1P4P1/4PK2/8/8/8 b - -,c6f3 d2f3 g4f3 h4f3 d7c5 d3c2 f6h5 b2c1 h5f6 d1d8
r6r/1pp1kp2/2p1bN1p/p1N1P1p1/1P1R3n/8/P1P2PPP/R5K1 b - -,h4f5 c5e6 e7e6 d4d7 a5b4 d7c7 h8d8 h2h3 f5d4 a1b1
r2qr1k1/pp2bp1p/2p1pnpB/8/3P4/2PB3P/PP2QPP1/3RR1K1 b - -,f6d5 c3c4 d5f6 d3c2 d8a5 a2a3 e8d8 h6f4 a5b6 d1d3
1r1r2k1/p2b1pp1/2nppb1p/q7/1p2PPPP/3B1N2/PPPQN3/1K1R3R b - -,g7g6 e2c1 b4b3 a2b3 a5d2 d1d2 c6d4 f3d4 f6d4 f4f5
r2q1rk1/pb1p2pp/1pn1p3/2p5/2PPQ3/P3PN2/1P3PPP/R1B2RK1 b - -,c6a5 d4d5 b6b5 e4g4 a5b3 a1b1 b5c4 d5e6 b7f3 g2f3
r3r1k1/p1pb1ppp/Bpn1p3/3p1n2/3P1N2/bPN1P3/P1PB1PPP/2R1R1K1 b - -,a3c1 e1c1 c6b4 a6e2 f5d6 a2a3 b4c6 a3a4 a7a5 f2f3
8/8/8/2k5/2N5/8/4K2P/8 b - -,c5d4 c4d2 d4e5 e2e3 e5f5 d2f3 f5g6 e3f4 g6h6 f4g4
r1br2k1/p3bppp/2p1p3/2pq4/4p3/3PB3/PPP1BPPP/R2QR1K1 b - -,e6e5 d3e4 d5e4 e2d3 e4g4 b2b3 g4d1 a1d1 c8e6 e3d2
6k1/6p1/3Bb2p/2pnP3/8/2P2N2/r5PP/2R3K1 b - -,d5f4 g1h1 a2g2 d6c5 e6d5 c1f1 g2c2 c3c4 d5c4 f1d1
r4b1r/ppknpp1p/2p2p2/6B1/3N4/8/1PPK1PPP/q7 b - -,f6g5 g2g3 a1b2 d4f5 e7e6 f5e3 a7a5 f2f4 b2d4 d2e2
1r1r2k1/p2b1p2/2nppbpp/q7/1p2PPPP/3B1N2/PPPQ4/1KNR3R b - -,b4b3 a2b3 a5d2 d1d2 c6d4 f3d4 f6d4 h1f1 g8g7 d2g2
r2qr1k1/pp1n1pbp/3p1np1/2pP4/4PPb1/2N2N2/PPQ1B1PP/R1B1R1K1 b - -,c5c4 c1e3 b7b5 h2h3 f6e4 c3b5 g4f3 e2f3 d8a5 b5d4
r4k2/p2R1p1p/b1p1p1p1/8/2P2P2/1PB1nN2/P1P3PP/6K1 b - -,a8b8 d7a7 a6c4 c3e5 b8d8 b3c4 e3g4 e5d4 c6c5 d4c5
r2q1k1r/5p1p/5p2/1Q1b4/4P3/4P3/PP4PP/2KR1B1R b - -,d8c8 c1d2 d5a2 d1c1 c8d8 f1d3 f8g7 b5c5 d8b8 c5c3
8/r7/P2p4/1p1P1k2/1P1Kp2p/R4P1P/8/8 b - -,f5g6 f3e4 g6f7 e4e5 f7e7 d4e4 e7d7 e5e6 d7e7 e4f5
8/8/8/8/k3Q3/4RN2/5K2/8 b - -,f5g6 f3e4 g6f7 e4e5 f7e7 d4e4 e7d7 e5e6 d7e7 e4f5
r1b1nrk1/2q1bppp/p1npp3/1p4PQ/3NPP2/2NBB3/PPP4P/R4RK1 b - -,b5b4 c3e2 c6d4 e2d4 g7g6 h5h6 f7f5 e4f5 e6f5 a1c1
q5rk/1R4bp/8/8/4B3/p7/8/Q6K b - -,b5b4 c3e2 c6d4 e2d4 g7g6 h5h6 f7f5 e4f5 e6f5 a1c1
8/5p1p/R4kp1/8/6r1/8/3r4/7K b - -,b5b4 c3e2 c6d4 e2d4 g7g6 h5h6 f7f5 e4f5 e6f5 a1c1
8/8/2R5/qp2pbk1/8/1K6/PP6/8 b - -,b5b4 c3e2 c6d4 e2d4 g7g6 h5h6 f7f5 e4f5 e6f5 a1c1
1k1r3r/1p2b1p1/p1bq1p2/3p2P1/3B2R1/3B4/PPP1Q3/1K4R1 b - -,d8e8 d3g6 e8f8 e2e3 c6d7 g4g3 f8c8 g6d3 b8a8 g5f6
r2q1rk1/pb2bppp/1p2p3/2p2n2/2B5/1P1P4/PBP1NPPP/R2QR1K1 b - -,a7a6 a2a4 d8c7 e2c3 e7f6 d1g4 c7c6 d3d4 h7h5 g4h3
r1bqk2r/ppp2ppp/2n2n2/3p4/2P5/P1N1P3/1P3PPP/R1BQKB1R b KQkq -,d5c4 d1d8 c6d8 f1c4 c8e6 c4e2 e6b3 e3e4 d8c6 c1e3
r1rq2k1/pp1b1ppp/4p3/PP4N1/3PpP2/6P1/3Q1P1P/R1R3K1 b - -,d7b5 g5e4 b5c6 f2f3 c8c7 c1c4 c7d7 e4c5 d7e7 c4c3
7k/p3q1p1/1pQ1Pp1p/5r2/8/8/3rR1PP/4R1K1 b - -,f5c5 c6f3 d2d8 h2h3 b6b5 e2e4 c5d5 f3c3 e7d6 e1e2
2B1r1k1/p1pb1ppp/1pn1p3/3p1n2/3P1N2/bPN1P3/P1PB1PPP/2R1R1K1 b - -,c6e5 c8a6 a3c1 e1c1 e5c6 c1d1 e6e5 d4e5 d5d4 c3d5
r2q1rk1/pp1b2bp/2nPp1p1/2p5/6n1/2N2N1P/PP2B1P1/R1BQ1R1K b - -,g4e5 c1g5 d8b6 c3a4 b6a5 a1c1 c5c4 g5d2 a5d5 a4c3
8/8/8/1p6/8/8/1kpK4/R7 b - -,g4h6 c1h6 g7h6 e2c4 c6d4 f3d4 f8f1 c4f1 c5d4 d1d4
6k1/6p1/4r2p/2p2b2/8/3P2B1/2P3PP/1R3K2 b - -,e6f6 f1e2 c5c4 d3c4 f6c6 b1b4 f5c2 e2e3 c6e6 e3d4
8/8/1p2k3/1P4K1/4P3/8/8/8 b - -,e6f6 f1e2 c5c4 d3c4 f6c6 b1b4 f5c2 e2e3 c6e6 e3d4
4r1k1/5pp1/8/p7/2pRP1P1/4P2P/Pq3QK1/8 b - -,c4c3 d4c4 a5a4 c4c7 e8f8 e4e5 f7f5 a2a3 b2a3 g4f5
8/5p2/2K1k3/4P1p1/pr4P1/5R1P/4P3/8 b - -,b4f4 f3e3 f4b4 e3f3 b4b8 f3f6 e6e7 f6f3 b8a8 f3a3
r2qkb1r/pp3ppp/3ppn2/2p5/2B1P3/P2P1n1P/1PP1NP2/R1BQ1K1R b kq -,f8e7 h3h4 d8d7 h4h5 f3e5 c4a2 e8a8 b2b4 g7g6 e2g3
8/8/8/k7/4Q3/R4N2/5K2/8 b - -,f8e7 h3h4 d8d7 h4h5 f3e5 c4a2 e8a8 b2b4 g7g6 e2g3
8/r7/P2p2k1/1p1P4/1P1K3p/R6P/8/8 b - -,g6f6 a3a5 f6g5 a5b5 a7a6 b5a5 a6b6 d4c4 b6b8 b4b5
rnbq1rk1/ppp2p2/3p1bpp/3Pp3/4P2P/2NB1N2/PPP2PP1/R2QK2R b KQ -,h6h5 d3e2 b8d7 f3d2 f6e7 g2g3 d7f6 a2a4 c7c6 d2c4
8/5b2/4kp2/2P4p/p4P1P/4N3/1K6/8 b - -,
r4rk1/pp1b1p1p/1qn1p1pb/3p4/2pPPn2/2P2N1P/PPQN1PPB/R3RBK1 b - -,b6c7 g2g3 f4h5 g3g4 h5f4 e4e5 g6g5 h3h4 c7d8 h2f4
r4rk1/pb1n3p/1p1p2pb/2pPp3/1PP1P2q/P1NB1NnP/7B/R2QK2R b - -,f8f3 d1f3 g3h1 e1d1 h1f2 d1c2 a8f8 f3g3 h4g3 h2g3
8/1p3pkp/2n5/1pP2K2/8/P7/1P5P/8 b - -,g7f8 f5f6 c6a5 h2h3 a5c4 f6f5 c4b2 f5e5 b2c4 e5d4
8/8/6pp/1k2p3/1P2P1P1/2K5/7P/8 b - -,b5c6 c3c4 c6b6 c4d5 b6b5 d5e5 b5c4 e5f6 c4d3 e4e5
8/8/2R5/1p2pbk1/q7/2K5/PP6/8 b - -,b5c6 c3c4 c6b6 c4d5 b6b5 d5e5 b5c4 e5f6 c4d3 e4e5
r6r/1pp1kp2/2p1NN1p/p3Pnp1/1P1R4/8/P1P2PPP/R5K1 b - -,e7e6 d4d7 h8d8 d7c7 a5b4 c7b7 a8a2 a1e1 f5d4 h2h4
5k2/1brnqpp1/pp2p2p/8/1PP5/PN2Q2P/4BPP1/3R2K1 b - -,b7c6 e3g3 e6e5 e2f1 g7g6 g3e3 e7g5 e3c3 g5f6 d1c1
3r1r1k/pp6/2pP1R1p/P5R1/1P1P2Q1/1B1q4/6P1/7K b - -,f8g8 e2f1 b7c6 e3g3 e6e5 d1e1 c6a4 g3c3 c7c6 f1d3
2B1r1k1/p1pb1ppp/1pn1p3/3p1n2/3P1N2/1PN1P3/P1PB1PPP/2R3K1 b - -,c6e5 c8a6 e5g6 f4g6 h7g6 a6f1 e6e5 d4e5 e8e5 c1d1
8/8/1k2Q3/8/8/R4N2/5K2/8 b - -,c6e5 c8a6 e5g6 f4g6 h7g6 a6f1 e6e5 d4e5 e8e5 c1d1
r4k1r/2q2p1p/5p2/1Q1b4/4P3/4P3/PP1K2PP/3R1B1R b - -,d5a2 d1c1 c7d6 d2e2 f8g7 e2f3 h8b8 b5c5 d6d2 f1e2
8/r7/P2p4/1R1P1k2/1P1K3p/7P/8/8 b - -,a7g7 b5b6 g7g3 b6d6 g3h3 d6h6 h3g3 b4b5 h4h3 d5d6
r2qr1k1/1p2bppp/2pn4/p2p1b2/P2P1B2/1QPN4/1P3PPP/R3RBK1 b - -,h7h5 h2h3 g7g6 f4h2 a8c8 d3e5 e7f8 f1d3 c8c7 d3f5
r2qk2r/pp2bppp/3ppn2/2p5/2B1P3/P2P1nNP/1PP2P2/R1BQ1K1R b kq -,f3h4 c4b5 f6d7 g3h5 e8h8 d1g4 h4g6 h3h4 d7e5 g4g2
1rb2rk1/p4p2/3p1qp1/1NpPb3/4Pn1p/4BP2/PP1QB1PP/1R3RK1 b - -,f6g5 f1f2 h4h3 g2g3 f4e2 d2e2 g5e7 b5a3 e5g7 e2d2
1r1r2k1/p2b1p2/2nppbpp/q7/4PPPP/1P1B1N2/1PPQ4/1KNR3R b - -,a5d2 d1d2 c6d4 f3d4 f6d4 h1f1 d7c6 c2c3 d4e3 d2e2
2qbrrk1/4n1p1/4p2p/1p1pPp1P/pBnP1PP1/P6R/1PN1Q1K1/3N1R2 b - -,f5g4 h3c3 f8f7 b4e7 e8e7 c2e3 d8a5 c3d3 f7f8 e2g4
2K5/2Q5/3k1p2/3pN3/8/8/8/7q b - -,
5k2/1p3p1p/2n2K2/1pP5/8/P7/1P5P/8 b - -,c6b8 f6e5 f8e7 e5f5 b8c6 h2h3 f7f6 h3h4 e7f7 f5f4
rn1qkb1r/pp3ppp/4pn2/3p1b2/2PP4/1QN1B3/PP3PPP/R3KBNR b KQkq -,d8c7 c4d5 f6d5 c3d5 e6d5 f1b5 b8c6 g1e2 c7d7 e1h1
8/8/1r1p4/R2P1k2/1PK4p/7P/8/8 b - -,b6b7 a5a1 b7c7 c4d4 c7b7 a1b1 f5f6 b4b5 b7b6 d4c4
7r/1K6/5p2/4k1p1/R3P1P1/7P/4P3/8 b - -,
6k1/6p1/4b2p/2B1P3/5n2/2P2N2/r5PP/2R3K1 b - -,f4e2 g1h1 e2c1 h2h4 c1d3 c5e3 e6d5 h1g1 d5f3 g2f3
1r1r2k1/p2b1p2/3ppbpp/q5P1/1n2PP1P/1P1B1N2/1PPQ4/1KNR3R b - -,f6b2 b1b2 h6h5 f4f5 e6f5 e4f5 d7f5 d3f5 a5f5 f3d4
6k1/6p1/4r2p/1R3b2/2p5/3P2B1/2P3PP/5K2 b - -,g7g6 d3c4 f5c2 f1f2 c2d3 b5b8 g8f7 c4c5 g6g5 g3d6
r1q3k1/5Rpp/p1pBpb2/2Pp1p2/3P4/4P3/PQ3PPP/5RK1 b - -,g8f7 f1b1 a8a7 h2h3 f6d8 b2b8 c8b8 b1b8 d8c7 b8c8
r1bq4/pppp2kp/6p1/2Q5/3Pr3/8/PP3PPP/RNB2K1R b - -,a7a5 d4d5 b7b5 b1d2 e4f4 d2f3 f4c4 c5e3 g7g8 h2h4
rnbqkb1r/p6p/5p2/1ppN4/2p5/5N2/PP2BPPP/R2QK2R b KQkq -,b8c6 a2a4 c8e6 a4b5 c6b4 d5e3 d8d1 a1d1 b4d3 e2d3
rn1qk2r/pp3p2/2pbpp2/7p/3PN2P/3QB3/PPP2PP1/R3K2R b KQkq -,f6f5 e4d6 d8d6 e1a1 b8d7 g2g3 b7b5 h1e1 d6d5 b2b3
2r3k1/p1pb1ppp/1pn1p3/3p1n1N/3P4/1PN1P3/P1PB1PPP/2R3K1 b - -,c6e7 f2f3 f7f6 g1f2 f5d6 h5g3 c7c5 d4c5 b6c5 e3e4
r2q1rk1/pb3ppp/1p2pB2/2p2n2/2B5/1P1P4/P1P1NPPP/R2QR1K1 b - -,d8c7 f6b2 a7a6 e2g3 c7c6 e1e4 f5g3 h2g3 b6b5 d1g4
8/8/4PK2/3k1P2/6rP/8/8/8 b - -,d5e4 e6e7 e4f3 e7e8q f3f2 e8c6 f2g3 h4h5 g4f4 h5h6
r1bqk1nr/1pp1bppp/2n5/p3p3/2Pp4/P2PPNP1/1P1B1PBP/RN1QK2R b KQkq -,g8f6 e3d4 e5d4 d2c1 e8h8 e1h1 h7h6 b2b3 c8f5 c1b2
2K5/2Q5/5p2/3pk3/8/8/8/7q b - -,e5e4 c7e7 e4f5 e7d7 f5f4 d7c7 f4f3 c7c3 f3g4 c3f6
6k1/2Bn2p1/4b2p/2p1Pp2/8/3P1N2/r1P3PP/2R3K1 b - -,g8f7 c2c4 g7g5 c7d6 a2e2 g2g3 f5f4 g3f4 e2e3 g1f2
2r5/R3k3/3p4/3P4/1P1K3p/7P/8/8 b - -,e7f8 b4b5 c8b8 d4c4 f8e8 a7h7 b8b6 c4b4 b6b8 h7h8
7k/p3q1p1/1pQ1Pp1p/5r2/8/8/4R1PP/6K1 b - -,f5c5 c6a8 h8h7 h2h4 c5c1 g1h2 e7d6 g2g3 d6d3 a8g2
2r4r/qb2kpp1/p3p3/P7/1pN1P3/3BbP2/1P4P1/2R2K2 b - -,f5c5 c6a8 h8h7 h2h4 c5c1 g1h2 e7d6 g2g3 d6d3 a8g2
r2qk2r/pp2bppp/3ppn2/2p5/2BnP3/P1PP2NP/1P3P2/R1BQ1K1R b kq -,d4c6 c4a2 h7h5 b2b4 d6d5 d1e2 d5e4 g3e4 f6e4 e2e4
8/8/1p4K1/1P2k3/4P3/8/8/8 b - -,d4c6 c4a2 h7h5 b2b4 d6d5 d1e2 d5e4 g3e4 f6e4 e2e4
r3rnk1/pp3ppp/2pqb3/1P6/2pP4/2N1P2P/P1QN1PP1/1R3RK1 b - -,b7b6 d2e4 d6c7 a2a4 a8d8 f1d1 f8g6 e4g3 h7h6 b5c6
rnbqk2r/ppp1p1bp/5np1/3pNpB1/3P4/2N5/PPPQPPPP/R3KB1R b KQkq -,c7c6 e2e3 c8e6 g5f4 b8d7 h2h4 f6e4 c3e4 d5e4 e5d7
r5k1/pb1n3p/1p1p2pb/2pPp3/1PP1P2q/P1NB1Q1P/7B/R2K3n b - -,h1f2 d1c2 a8f8 f3g3 h4g3 h2g3 f2d3 c2d3 f8f3 d3c2
r1b1k2r/1p3ppp/p1p1pn2/2b5/P1N1P3/2qBB3/2P2PPP/R2Q1RK1 b kq -,c5f8 a1b1 b7b5 b1b3 c3b3 c2b3 b5c4 d3c4 f8e7 f2f3
1r1r2k1/p2b1p2/3ppbp1/q5pP/1n2PP2/1P1B1N2/1PPQ4/1KNR3R b - -,d7b5 d3b5 b8b5 c2c3 g5g4 f3g5 g6h5 h1h5 b4c6 d2h2
8/pp2k3/4p3/b7/2P3P1/6P1/2BQr1r1/N2R1K1R b - -,g2f2 f1g1 f2g2 g1f1 a5d2 h1h7 e7f8 h7h8 f8g7 h8h7
rnbqk2r/ppp2ppp/3b1n2/3P2N1/2BPp3/8/PPP2PPP/RNBQ1RK1 b kq -,h7h6 g5e4 f6e4 d1e2 d8e7 f1e1 f7f5 f2f3 e7h4 g2g3
2K5/3Q4/4kp2/3pN3/8/8/8/7q b - -,e6e5 d7c7 e5f5 c7d7 f5f4 d7c7 f4f3 c7c2 h1g2 c2c3
r2q1rk1/pb1p2pp/1p2p3/n1pP4/2P1Q3/P3PN2/1P3PPP/R1B2RK1 b - -,b6b5 e4g4 a5b3 a1b1 b5c4 d5e6 b7f3 g2f3 f8f6 g1h1
8/p5kp/1p3p2/2p2p2/P2P4/2P3P1/1P4K1/8 b - -,c5d4 c3c4 g7f7 g2f3 f7e6 f3e2 a7a5 e2d3 e6e5 b2b3
r1bq1rk1/p3bppp/1p2p3/2p2n2/2B5/1P1P4/P1P1NPPP/R1BQR1K1 b - -,f5h4 a2a4 c8b7 f2f3 a7a6 c1b2 e7d6 e2g3 d8g5 e1f1
8/5K2/1p6/1P6/4k3/8/8/8 b - -,d8c7 c1d2 c8b7 a2a4 e7f6 a1b1 a7a6 e2f4 g7g6 b3b4
1R4k1/6pb/4r2p/8/2p5/3P2B1/2P3PP/5K2 b - -,e6e8 b8e8 g8f7 e8d8 f7e7 d8d4 c4d3 c2c3 h6h5 f1e1
2r4r/qb2kpp1/pN2p3/P7/1p2P3/3B1P2/1P4P1/2b2K2 b - -,e6e8 b8e8 g8f7 e8d8 f7e7 d8d4 c4d3 c2c3 h6h5 f1e1
r1b2rk1/ppp2pp1/2nb1q2/6P1/2BP4/4B3/P1P2PP1/R2QK2R b KQ -,g7g6 g5f6 f8e8 e1f1 c8d7 f1g1 e8e4 c2c3 c6a5 c4d3
8/8/5K2/6R1/4k3/8/4P1r1/8 b - -,
2r3k1/p1pb1p1p/1pn1p3/3p3p/3P3P/1P2P3/P1PBNP1P/2R3K1 b - -,g8f8 f2f3 f7f6 e2g3 f8f7 c2c4 c6e7 g1f2 e7g6 g3h5
8/8/2K2p2/4k1p1/R3P1P1/7r/4P3/8 b - -,
5rk1/5pb1/2Q1p1p1/pp5r/4P2P/PBP1q3/1P6/1K1RR3 b - -,e3h3 e1h1 h3e3 h1e1 e3c5 c6c5 h5c5 e1f1 c5e5 d1d4
r1b1k2r/1p3ppp/p1p1pn2/8/P1N1P3/2qBP3/2P3PP/R2Q1RK1 b kq -,h7h6 a1b1 e6e5 b1b3 c3b3 c2b3 e8h8 d3e2 c8e6 c4e5
8/1R3kpb/4r2p/8/2p5/3P2B1/2P3PP/5K2 b - -,f7f8 d3c4 h7c2 c4c5 c2d3 f1g1 d3e4 g3d6 f8g8 b7b8
6k1/1p4p1/p4p1p/P7/1P1R1PPK/1r6/8/8 b - -,b3b1 f4f5 g8h7 d4c4 h6h5 g4h5 h7h6 h4g4 b1g1 g4f4
r2qk2r/pp2bppp/2nppn2/2p5/2B1P2P/P1PP2N1/1P3P2/R1BQ1K1R b kq -,h7h5 f1g2 g7g6 b2b4 f6g4 f2f3 g4e5 c4a2 e7h4 d3d4
8/2k3Pb/1p5p/2PB3K/p7/8/8/8 b - -,h7h5 f1g2 g7g6 b2b4 f6g4 f2f3 g4e5 c4a2 e7h4 d3d4
8/4K3/1p6/1P1k4/8/8/8/8 b - -,h7h5 f1g2 g7g6 b2b4 f6g4 f2f3 g4e5 c4a2 e7h4 d3d4
R3R3/p5k1/2p1b3/1p2p3/8/2N1K3/PPr3p1/8 b - -,h7h5 f1g2 g7g6 b2b4 f6g4 f2f3 g4e5 c4a2 e7h4 d3d4
8/3k4/5K2/4PR2/8/4rp2/8/8 b - -,
r7/p4k2/2p1b3/1p2R3/5r2/2N3R1/PPB5/2K5 b - -,a8h8 e5e1 h8h6 c3e4 e6d5 c2b3 h6h2 b3d5 c6d5 g3f3
8/1pp5/1p4p1/3Pp1k1/P3P2p/5K1P/1P3P2/8 b - -,g5f6 f3g4 g6g5 g4h5 c7c5 d5c6 b7c6 f2f3 c6c5 b2b3
8/2k3Pb/7K/2pB4/p7/8/8/8 b - -,g5f6 f3g4 g6g5 g4h5 c7c5 d5c6 b7c6 f2f3 c6c5 b2b3
8/8/4kp2/1bP4p/4KP1P/p3N3/8/8 b - -,b5a4 f4f5 e6d7 c5c6 a4c6 e4d4 a3a2 e3c2 c6a4 c2a1
r3k3/p1R2p1p/b1p1p1p1/8/2P2P2/1PB1nN2/P1P3PP/6K1 b - -,a6c4 b3c4 e3c4 g1f2 a8b8 c3f6 c4d6 f6e5 b8d8 c7c6
r6r/pp3pkp/5np1/2PpN3/3n4/2N5/P1P2PPP/3R1RK1 b - -,d4c6 f2f4 h8d8 d1b1 a8b8 f1d1 c6e7 g2g4 b7b6 c5b6
1n3k2/1p3p1p/2P2K2/1p6/8/P7/1P5P/8 b - -,b7c6 f6g5 b8d7 g5h6 f8g8 h6g5 f7f6 g5f4 g8f7 f4e3
rnbk1b1r/p6p/3q1p2/1ppN3Q/2p4N/8/PP3PPP/2KR1B1R b - -,b8d7 g2g3 d6a6 f1h3 f8d6 h4f5 d7e5 d5b4 c5b4 d1d6
2r3k1/p2bnp1p/1p2p3/2pP3p/3P3P/1P2P3/P2BNP1P/2R3K1 b - -,e7g6 d4c5 b6c5 d5e6 d7e6 f2f3 c5c4 b3b4 g6e5 e2d4
r1b2rk1/ppp2pp1/2nb2q1/6P1/3P4/3BB3/P1P2PP1/R2QK2R b KQ -,c8f5 d3f5 g6f5 d1h5 f7f6 g2g4 f5d5 h5h7 g8f7 h1h5
2r5/qb2kpp1/pN2p3/P7/1p2P3/3B1P2/1P2K1P1/2b4r b - -,f7f5 g5f6 c8f5 d3c4 f8f7 d1h5 g6h5 h1h5 g7g6 h5h4
r2r4/1pp2p2/2p1kN1p/P3Pnp1/4R3/8/P1P2PPP/R5K1 b - -,a8a5 g1f1 d8d2 a2a4 d2d4 e4d4 f5d4 c2c3 d4b5 f6e4
8/1pp5/1p4p1/3Pp2k/P3P2p/4K2P/1P3P2/8 b - -,g6g5 e3f3 g5g4 h3g4 h5g5 b2b3 g5h6 f3g2 h6g6 g2h3
rnbqk1nr/p3ppbp/1ppp2p1/8/3P1B2/3BPN2/PPPN1PPP/R2QK2R b KQkq -,c6c5 h2h3 g8f6 e1h1 e8h8 f4h2 c8b7 f1e1 b8c6 a2a3
1r6/3bp2p/p4k2/3p1P2/P1Pr4/K3R2P/P1B1R3/8 b - -,d4c4 c2b3 c4e4 e3e4 d5e4 e2e4 d7f5 e4c4 e7e5 c4c6
r1bqkbnr/ppp3pp/2n1pP2/3p4/3P4/1P6/P1P2PPP/RNBQKBNR b KQkq -,g8f6 g1f3 f8d6 f1b5 e8h8 c2c4 e6e5 b5c6 e5e4 c6d5
Q5k1/p3q1p1/1p2Pp1p/5r2/8/8/4R1PP/6K1 b - -,e7f8 a8c6 f5c5 c6e4 c5c1 e2e1 f8c5 g1f1 c1e1 e4e1
r6r/pp3pkp/5np1/2PNN3/8/8/P1n2PPP/3R1RK1 b - -,f6d5 d1d5 h8d8 f1d1 d8d5 d1d5 a8e8 f2f4 e8e7 d5d2
2r3k1/p2bnp1p/1p2P3/7p/3p3P/1P2P3/P2BNP1P/2R3K1 b - -,d7e8 e6f7 g8f7 c1c8 e7c8 e2d4 c8e7 e3e4 a7a5 f2f3
r1bq1rk1/p4pbp/4p1p1/1pNn4/2pP4/2P3PP/PPQ2P1B/R3RB1K b - -,a7a5 a2a4 c8d7 h1g1 d7c6 a4b5 c6b5 g3g4 d8b6 h2g3
r1bqk2r/pp2ppbp/2np2pn/8/2P1P3/1N2B3/PP2BPPP/RN1QK2R b KQkq -,c8e6 b1c3 f7f5 e1h1 f5e4 b3d4 e6d7 c3e4 e8h8 e4c3
8/4P3/5K2/3k1P2/7r/8/8/8 b - -,d5d4 e7e8q h4h7 e8e5 d4d3 f6g5 h7h3 f5f6 h3f3 f6f7
8/8/4kp2/1bP4p/5P1P/p1K1N3/8/8 b - -,b5e8 c3b3 e6d7 b3a3 e8g6 a3b3 g6d3 b3b4 d3e2 e3f5
8/2p4p/pp1p2k1/3P1p2/1PPP1K1P/8/P7/8 b - -,g6g7 f4f5 g7f7 a2a4 f7e7 f5g4 e7f6 g4h5 f6g7 h5g5
r2q1rk1/ppp3pp/1bn1bp2/1B1pP3/3Pn3/2N2N1P/PP3PP1/R1BQR1K1 b - -,e4f2 g1f2 c6d4 f3d4 f6e5 f2g3 b6d4 e1f1 c7c6 f1f8
rn2k1nr/1bqp1ppp/p3p3/1p6/1b2P3/2N3P1/PPP1NPBP/R1BQ1RK1 b kq -,b4d6 e2d4 d6e5 f2f4 e5d6 e4e5 d6c5 c1e3 g8e7 c3e4
6k1/1p1r3p/p2p2p1/8/P1PBrP2/1P4Pb/3R3P/R5K1 b - -,h7h5 d4f2 g8f7 a1a2 h3e6 d2d3 e6f5 a2d2 e4e2 d2e2
r5k1/pb1n3p/1p1p2pb/2pPp3/1PP1P2q/P1NK1Q1P/7B/R7 b - -,a8f8 f3g3 h4g3 h2g3 f8f3 d3c2 f3g3 c3b5 b7a6 b5d6
4r1k1/2R2pp1/4q3/p4Q2/4P1P1/7P/4P1K1/8 b - -,g7g6 f5e6 e8e6 c7a7 e6e4 g2f3 e4a4 h3h4 a4a1 e2e4
brNn4/B2R1n2/2k5/8/8/K2B4/8/8 b - -,
6k1/5p1p/P5p1/3R2r1/3b1r2/8/5PB1/5RK1 b - -,g5d5 g2d5 d4a7 g1g2 f4d4 d5c6 d4d2 g2g3 d2a2 c6b5
2r3k1/p2Pnp1p/1p6/7p/7P/1P2p3/P2BNP1P/2R3K1 b - -,c8a8 d2e3 g8g7 c1c7 a8d8 e3d4 g7g6 c7a7 e7d5 f2f3
1r1r2k1/p2b1pb1/3pp1pP/q7/1n2PP1P/1P1B1N2/1PPQ4/1KNR3R b - -,g7h6 h4h5 g6h5 f3g5 d7b5 d3b5 b8b5 h1h5 b5g5 f4g5
8/8/8/8/1K6/8/7k/6r1 b - -,g7h6 h4h5 g6h5 f3g5 d7b5 d3b5 b8b5 h1h5 b5g5 f4g5
8/8/2P1kp2/7p/b4P1P/p1K1N3/8/8 b - -,
5rk1/1p4pp/8/3Qbp2/p6P/P7/1P3PP1/3R2K1 b - -,e6e7 e3d5 e7e6 c6c7 e6d7 c7c8n d7c8 d5f6 c8c7 f6h5
r2q1rk1/4pp1p/1p1p2pB/p4P2/2P1b3/2Q5/PP4PP/2R2RK1 b - -,e7e5 f5e6 f7f6 c1e1 d6d5 h6f8 d5d4 c3h3 d8f8 e1e4
r3k2r/1p3ppp/2RBp3/p3P2P/3p2P1/3B1Q2/Pq3PK1/7R b kq -,e7e5 f5e6 f7f6 c1e1 d6d5 h6f8 d5d4 c3h3 d8f8 e1e4
8/1k3K2/3bP3/P7/8/8/3B4/8 b - -,e7e5 f5e6 f7f6 c1e1 d6d5 h6f8 d5d4 c3h3 d8f8 e1e4
6k1/1p4p1/p4p1p/P4P2/1P1R2PK/8/8/1r6 b - -,g8h7 d4c4 g7g5 h4g3 h6h5 c4c7 h7h6 c7b7 b1b3 g3g2
8/8/6k1/8/3pK3/3P4/8/8 b - -,b1h1 h4g3 h1b1 g3f3 g8h7 d4c4 h6h5 g4h5 h7h6 f3g4
1qr5/1b2kpp1/p3p3/P2N4/1p2P3/3B1P2/1P2K1P1/2b4r b - -,b1h1 h4g3 h1b1 g3f3 g8h7 d4c4 h6h5 g4h5 h7h6 f3g4
4r1k1/2R2pp1/8/p4P2/6P1/7P/4P1K1/8 b - -,e8e3 g2f2 e3h3 c7a7 f7f6 a7a5 g7g6 a5a7 g6f5 g4f5
5Q2/p5pk/7p/N2P4/P2Rp2K/6P1/4rP1P/5q2 b - -,e2f2 f8f2 f1f2 d4e4 f2f6 h4h3 f6f5 e4g4 h6h5 h3g2
2Q3k1/p3np1p/1p6/7p/7P/1P6/P2pNP1P/2R3K1 b - -,e7c8 c1c8 g8g7 c8d8 b6b5 d8d2 g7f6 d2d7 a7a5 g1h1
r1bqkb1r/ppp3pp/2n1pn2/1B1p4/3P4/1P6/P1P2PPP/RNBQK1NR b KQkq -,f8d6 g1f3 e8h8 e1h1 e6e5 b5c6 e5e4 c6d5 f6d5 f3e5
1r1r2k1/p2b1p2/3pp1pb/q6P/1n2PP2/1P1B1N2/1PPQ4/1KNR3R b - -,g6h5 f3g5 d7b5 d3b5 b8b5 h1h5 b5g5 f4g5 h6g7 d2h2
r1bqk2r/pp2p1bp/2np2pn/5p2/2P1P3/1N2B3/PP1QBPPP/RN2K2R b KQkq -,f5f4 e3f4 h6g4 h2h3 g4e5 b1c3 a7a5 c3a4 c8e6 a1c1
3b2k1/1p1n1pp1/4p2p/4P3/3B1P2/1NN3P1/Pn4KP/8 b - -,b2c4 c3e4 g7g5 g2f3 g5f4 g3f4 f7f6 e5f6 g8f7 e4c5
3r4/1pp2p2/2p1kN1p/r3Pnp1/4R3/7P/P1P2PP1/R5K1 b - -,d8d2 c2c3 a5a2 a1a2 d2a2 f6e8 e6d7 e8f6 d7e7 g1f1
1qr5/1b2kpp1/p7/P2p4/1p2P3/3B1P2/1P3KP1/2b4r b - -,d8d2 c2c3 a5a2 a1a2 d2a2 f6e8 e6d7 e8f6 d7e7 g1f1
4r3/1p4pk/2b2pq1/8/3B1P1p/7P/4RQP1/7K b - -,g6g2 f2g2 e8e2 g2c6 b7c6 d4c5 e2e4 c5d6 e4d4 d6c7
r3k2r/pp1qbpp1/2nppn1p/2p5/2B1P2P/P1PPB1N1/1P2QP2/R4K1R b kq -,d6d5 c4b5 a7a6 b5a4 b7b5 a4c2 d5d4 e3d2 h6h5 a3a4
6k1/2R2pp1/8/p4P2/6P1/5K1P/4r3/8 b - -,
8/1pp5/1p4p1/3Pp1k1/P3PP1p/4K2P/1P6/8 b - -,g5f6 e3f3 e5f4 f3f4 g6g5 f4g4 f6e5 g4g5 e5e4 g5h4
r1bq1r2/1p3pbk/p1npp1p1/2p5/P1B1PQ2/2NP1N2/1PP2PPP/R3R1K1 b - -,h7g8 f4g3 g7f6 c3e2 a8b8 c2c3 b7b5 a4b5 a6b5 c4b3
8/4k3/R7/Pp3p1r/3P4/6K1/1P6/8 b - -,h5g5 g3f4 g5g2 a6h6 e7d7 b2b4 g2d2 f4e5 f5f4 h6f6
8/ppb3k1/4qpp1/3P3p/8/1P1Q1N2/1P4PP/7K b - -,e6e7 h2h3 c7g3 d3d4 e7e2 d4a7 e2d1 a7g1 d1d5 g1b6
rnbq1rk1/1p3p2/p2p1bp1/2pPp1Np/P3P2P/2NB4/1PPQ1PP1/R3K2R b KQ -,f6g7 c3d1 b7b6 d1e3 b8d7 e3c4 d8e7 d2e2 g7h6 g2g3
r1bq1r1k/pp4pp/1npb1n2/4pp2/3P4/PBN1PP2/1PQBN1PP/2KR3R b - -,c8d7 d4e5 d6e5 e2f4 f8e8 h2h4 c6c5 b3a2 d8c7 c1b1
r2q1rk1/pb1p2pp/1p6/n1pP4/4Q3/P3PN2/1P3PPP/R1B2RK1 b - -,a5b3 a1b1 b7a6 f1e1 d8e8 e4a4 a6d3 a4b3 c5c4 b3d1
r1q5/5kpp/p1pBpb2/2Pp1p2/3P4/4P3/PQ3PPP/1R4K1 b - -,g7g5 g2g3 f7g6 b2b7 h7h5 g1g2 a6a5 a2a4 c8b7 b1b7
4Q3/p3npkp/1p6/7p/7P/1P6/P2pNP1P/2R3K1 b - -,e7g6 c1d1 g6f8 e8e5 g7g8 e5g5 g8h8 g5d2 f8e6 g1h1
8/8/8/8/2K5/6r1/7k/8 b - -,e7g6 c1d1 g6f8 e8e5 g7g8 e5g5 g8h8 g5d2 f8e6 g1h1
6k1/2Bn2p1/7p/2p2b2/7N/3P4/r1P3PP/2R3K1 b - -,f5e6 c1e1 g8f7 c2c4 a2a7 e1f1 f7e8 c7d6 a7a6 d6g3
6k1/1p4p1/p4p1p/P4P2/1P1R2P1/6K1/8/7r b - -,h1b1 g3f3 g8h7 d4c4 h6h5 g4h5 h7h6 f3g4 b1d1 g4f3
1k1r3r/1p2b1p1/B1bq1p2/3p2P1/3B2R1/8/PPP1Q3/1K1R4 b - -,b7a6 e2a6 c6b7 a6a7 b8c8 g5f6 e7f6 d4f6 g7f6 a2a3
r1r4k/5qpp/4b2b/3NPp2/1p1R4/1B1Q3P/5PP1/1R4K1 b - -,h6g5 d4b4 a8b8 h3h4 b8b4 d5b4 g5h4 d3a6 c8e8 b3e6
3k4/8/8/8/3P4/5N2/PPP1PPPP/RNBQKB1R b KQ -,h6g5 d4b4 a8b8 h3h4 b8b4 d5b4 g5h4 d3a6 c8e8 b3e6
r1b2rk1/p1q2pbp/4p1p1/1pNn4/2pP4/2P3PP/PPQ2PBB/R3R2K b - -,a7a6 g3g4 c7c6 a2a4 c8b7 b2b3 a8c8 a4b5 a6b5 b3c4
rn1qkbnr/pb1p1ppp/1pp1p3/8/4P3/P1N2N2/1PPPBPPP/R1BQK2R b KQkq -,d7d5 d2d4 g8f6 e2d3 c6c5 e4d5 f6d5 c3d5 d8d5 c2c4
r3k2r/1p3ppp/2bBp3/p2pP2P/6P1/3B1Q2/Pq3PK1/2R4R b kq -,b2b6 h5h6 h8g8 d3h7 d5d4 c1c6 b6c6 h7e4 c6c3 h6h7
8/5n2/8/2pkb2p/1pN4P/1P1p1KP1/P7/4R3 b - -,d5d4 e1e4 d4d5 g3g4 h5g4 e4g4 e5d4 g4g6 d4c3 f3e3
4K3/1k6/4P3/P1b5/8/8/3B4/8 b - -,d5d4 e1e4 d4d5 g3g4 e5c7 g4h5 f7d6 c4e3 d5c6 e4g4
r4rk1/ppp2pp1/2nb4/5qPQ/3P4/4B3/P1P2PP1/R3K2R b KQ -,d6h2 h5h2 f7f6 g5f6 g7f6 h2h8 g8f7 h1h7 f7e8 h8g7
8/8/2P1kp2/7p/bK3P1P/4N3/p7/8 b - -,d6h2 h5h2 f7f6 g5f6 g7f6 h2h8 g8f7 h1h7 f7e8 h8g7
r1bqk2r/pp2p1bp/2np2p1/5p2/2P1P1B1/1N2B3/PP1Q1PPP/RN2K2R b KQkq -,f5e4 g4e2 c6e5 b1c3 e8h8 c3e4 a7a5 e4c3 c8e6 b3d4
5k2/4bp2/6p1/1p2P3/2p2P1p/2P3N1/1P6/5R1K b - -,h4g3 h1g2 f7f6 g2g3 f8f7 f1a1 b5b4 g3f3 b4c3 b2c3
4Q3/p3npkp/1p6/7p/7P/1P6/P3NPKP/2q5 b - -,c1d1 e8e7 d1d5 g2g3 d5d3 g3f4 d3d2 f4f3 a7a5 e7g5
r1r3k1/pp3pp1/1qbpp2p/8/3NNP1b/6P1/PPPQ3P/1K1RR3 b - -,c6e4 e1e4 h4f6 c2c3 d6d5 e4e2 c8c4 d2e3 a8c8 d4b3
r3k2r/pp1qbpp1/2np1n1p/2p1p3/1PB1P2P/P1PPB1N1/4QP2/R4K1R b kq -,d6d5 c4b3 d5d4 c3d4 c6d4 e3d4 d7d4 a1d1 d4d7 h4h5
4k3/8/8/8/3P1B2/5N2/PPP1PPPP/RN1QKB1R b KQ -,d6d5 c4b3 d5d4 c3d4 c6d4 e3d4 d7d4 a1d1 d4d7 h4h5
2qr1bk1/5p2/r1p1nnpp/p4N2/Np1PP2B/7P/PPQ3P1/3RR1K1 b - -,e6g5 f5g3 c6c5 e4e5 a6e6 e5f6 d8d4 h4g5 h6g5 g3e4
8/1pp2p2/2p1kN1p/r3Pnp1/2P1R3/7P/P2r1PP1/R5K1 b - -,a5a2 a1a2 d2a2 f6e8 e6d7 g2g4 f5h4 e8f6 d7e6 f6e8
4rrk1/1b2qpp1/p2b1n1p/1p2NB2/2pP1B2/2P5/PP1Q2PP/4RRK1 b - -,b7d5 f4h6 f6h7 h6f4 d6e5 f4e5 e7d8 e1e3 f7f6 e3g3
8/8/2K2p2/R3k1p1/4P1P1/6r1/4P3/8 b - -,
4r1k1/2R2pp1/8/8/p3P1P1/5Q1P/q3P1K1/8 b - -,
8/p3q1pk/1p2Pp1p/3Q1r2/8/8/4R1PP/6K1 b - -,a2e6 c7a7 e6e4 f3e4 e8e4 g2f3 e4b4 h3h4 b4b3 f3f4
2b2q1k/6p1/7p/8/8/1Q3P2/1p4PP/3RR2K b - -,c8h3 b3b2 h8h7 b2e5 f8f7 e5e4 h3f5 e4f4 f7f6 f4b8
r4r1k/1b2q1pN/p1n5/1p1Bbp2/1P2p3/P3P2P/1B2QPP1/R2R2K1 b - -,f8d8 h7f8 e7e8 b2e5 c6e5 d5b7 a8b8 d1d8 b8d8 b7a6
r1r3k1/pp3pp1/1q1pp2p/8/3NRP1b/6P1/PPPQ3P/1K1R4 b - -,h4f6 d4b3 d6d5 e4b4 b6c7 a2a3 a7a5 b4b5 a5a4 b3c1
6k1/5p1p/P5p1/6r1/3r4/8/5PB1/R5K1 b - -,d4g4 a6a7 g4g2 g1h1 g2g1 a1g1 g5a5 h1g2 a5a7 g1d1
3R1r1k/6pp/1p6/4Qp2/p6P/P7/1P3PP1/6K1 b - -,f8d8 e5f5 h8g8 g2g4 g7g6 f5e6 g8f8 e6b6 f8e7 g1g2
r3k2r/pp1qbpp1/2np1n1p/4p3/1PB1P2P/2PPB1N1/4QP2/R4K1R b kq -,d6d5 e4d5 f6d5 b4b5 c6d8 g3f5 d7f5 c4d5 e8h8 c3c4
8/8/2P1kp2/7p/b4P1P/4N3/pK6/8 b - -,
1r1qr1k1/1bp2ppp/1bnp1n2/1p1Pp3/4P3/1BP1BN1P/1P1N1PP1/R2Q1RK1 b - -,c6e7 e3b6 c7b6 b3c2 e7g6 c2d3 b5b4 c3b4 g6f4 d3b5
r4qk1/p7/1p3r2/4NpR1/3p1P2/1P3Q2/P1PP2PP/5RK1 b - -,c6e7 e3b6 c7b6 b3c2 e7g6 c2d3 b5b4 c3b4 g6f4 d3b5
8/p3npkp/1p6/7p/Q6P/1P6/P3NPKP/4q3 b - -,e1e2 a4d4 f7f6 h2h3 e2e6 d4a4 e6c6 g2f1 c6a4 b3a4
r5k1/p3qpp1/2p1rn2/3p4/3N4/4P2P/PP2QPP1/2R2RK1 b - -,c6c5 d4e6 f7e6 e2c2 a8c8 f1d1 a7a5 b2b3 e7c7 c2g6
rn1qkb1r/pbp3pp/1p1ppn2/1B3p2/3P1B2/4PN1P/PPPN1PP1/R2QK2R b KQkq -,b8d7 c2c4 h7h6 f4h2 f8e7 d4d5 a7a6 b5c6 b7c6 f3d4
r5k1/2R2pp1/8/4P3/p5P1/5Q1P/q3P1K1/8 b - -,a8b8 f3e4 b8e8 c7a7 a4a3 e4d3 a2e6 d3b5 e6e5 b5e5
5r2/p1q2ppk/1p3b2/2pr4/7P/2P5/PP3PP1/R4RK1 b - -,f8d8 a1e1 c7f4 e1e3 f4h4 a2a4 d5g5 e3g3 f6e5 a4a5
8/1pk3p1/6Pp/p1PB4/5K2/8/8/8 b - -,c7d8 f4e5 d8d7 d5b7 a5a4 b7d5 a4a3 e5d4 d7e7 d4c3
6k1/2Bn2p1/4b2p/2p5/7N/3P4/r1P3PP/4R1K1 b - -,g8f7 c2c4 a2a7 c7d6 a7a6 e1f1 f7e8 d6g3 a6a3 f1d1
q5rk/1RQ3bp/8/8/4B3/p7/8/7K b - -,g8f7 c2c4 a2a7 c7d6 a7a6 e1f1 f7e8 d6g3 a6a3 f1d1
8/5pk1/5p2/R3pP2/4P2P/3P1K2/P1r5/8 b - -,c2d2 f3e3 d2h2 a2a4 h2a2 a5a6 a2h2 a4a5 h2a2 h4h5
rn1qkb1r/pb1p1ppp/1pp1pn2/8/4P3/P1N2N2/1PPPBPPP/R1BQ1RK1 b kq -,c6c5 e4e5 f6d5 c3d5 b7d5 c2c4 d5f3 e2f3 b8c6 f3c6
4r1k1/5pp1/8/p3P3/2pR2P1/7P/Pq2PQK1/8 b - -,c4c3 e5e6 f7f6 f2e3 b2a2 e6e7 g8f7 e3d3 e8e7 g2f3
5k2/4bp2/6p1/1p2P3/2p2P2/2P3p1/1P4K1/5R2 b - -,f7f6 g2g3 f8f7 f1a1 b5b4 g3f3 b4c3 b2c3 f7e6 f3e4
5q2/8/8/8/1r6/8/6P1/3Q1k1K b - -,
8/8/8/1p6/8/pkpK4/8/6R1 b - -,c3c2 d3d4 a3a2 d4e4 b5b4 e4f5 b3b2 f5g6 c2c1q g6h7
8/p3npkp/1p6/q6p/6QP/1P6/P3NPKP/8 b - -,h5g4 f2f3 a5a2 f3g4 a2e2 g2g1 e2g4 g1f2 g4h4 f2g2
8/4PK2/3k1P2/8/4r3/8/8/8 b - -,e4e2 e7e8q e2c2 e8b8 d6d5 b8b3 d5e5 b3c2 e5f4 f7e6
RR6/p5k1/2p1b3/1p2p3/1K6/2N5/PP3q2/8 b - -,f2b2 b4c5 b2c3 c5d6 g7f6 b8f8 e6f7 a8c8 e5e4 d6c7
8/8/8/8/3K4/6rk/8/8 b - -,f2b2 b4c5 b2c3 c5d6 g7f6 b8f8 e6f7 a8c8 e5e4 d6c7
8/8/2K2p2/5Rp1/4k1P1/6r1/4P3/8 b - -,g3g4 f5f6 e4e3 f6e6 g4e4 e6g6 e3f4 c6d5 e4e2 g6f6
8/2k3p1/1pP3Pp/p2B4/5K2/8/8/8 b - -,c7d6 f4f5 b6b5 c6c7 d6c7 f5e6 b5b4 e6f7 c7d6 f7g7
r1r3k1/pp3pp1/1q1ppb1p/8/4RP2/1N4P1/PPPQ3P/1K1R4 b - -,b6c6 e4e1 a7a5 c2c3 a5a4 b3d4 c6b6 a2a3 c8c4 d4e2
r5k1/pb1n3p/1p1p2p1/2pP4/1PP1Pp2/P1NK3P/8/5R2 b - -,d7e5 d3e2 b7a6 f1f4 a6c4 e2d2 g8g7 c3d1 c4b5 d1f2
r3k3/p1R2p1p/b1p1p1p1/B3N3/2P2P2/1P2n3/P1P3PP/6K1 b - -,a8b8 c7a7 a6c4 b3c4 e3c2 g1f2 c2d4 a5c3 c6c5 e5d7
r2r4/pp1N1p1p/5kp1/2P5/8/8/P1n2PPP/3R1RK1 b - -,f6e7 d1d2 d8d7 d2c2 a8c8 f1b1 c8c7 g2g3 e7d8 b1b4
r2q1rk1/4bppp/3pbn2/1N2p3/3nP3/N3BP2/1PPQ2PP/2KR1B1R b - -,d4b5 f1b5 d6d5 e4d5 f6d5 b5c4 a8a3 b2a3 d8a8 d2d3
rn1qkb1r/pb3ppp/1pp1pn2/3pP3/8/P1N2N2/1PPPBPPP/R1BQ1RK1 b kq -,f6e4 c3a2 f8e7 d2d3 e4c5 d3d4 c5e4 f3e1 h7h6 c1e3
r2q1rk1/pb1p2pp/1p6/2pP4/4Q3/Pn2PN2/1P3PPP/1RB2RK1 b - -,b7a6 f1e1 d8e8 e4a4 a6d3 a4b3 c5c4 b3d1 d3b1 d1d4
8/2k3p1/1P4Pp/p2B4/5K2/8/8/8 b - -,
8/5qpk/7p/8/8/5PQb/6PP/3RR2K b - -,h3d7 g3c7 d7e6 c7f7 e6f7 e1e7 f7c4 d1b1 c4a2 b1b7
8/7p/1p6/p3k1K1/P5P1/8/1P6/8 b - -,e5d5 g5h6 d5e5 h6h7 e5f4 h7g6 f4g4 g6f6 g4f4 f6e6
7K/8/8/3k4/6R1/2p5/8/8 b - -,
rn1qkb1r/pp3ppp/5n2/3Pp3/6b1/2NQ4/PP1P1PPP/R1B1KBNR b KQkq -,f8c5 h2h3 g4d7 d3g3 e8h8 g1f3 e5e4 d2d4 e4d3 f1d3
8/5pk1/5p2/R3pP2/4P1KP/3P4/P7/7r b - -,h1h2 a2a4 h2d2 a5d5 d2a2 a4a5 g7h7 d5d6 a2a5 d6f6
5Q2/p2P2pk/7p/N7/P2R4/4r1PK/7P/6q1 b - -,h1h2 a2a4 h2d2 a5d5 d2a2 a4a5 g7h7 d5d6 a2a5 d6f6
r1br2k1/p4p1p/1q2p1p1/1pNnR3/2pP2P1/2P4P/PPQ2PB1/R6K b - -,a7a5 h1g1 c8b7 c2d2 b5b4 h3h4 a8c8 h4h5 c8c5 d4c5
8/8/2K2R2/6p1/4k1r1/8/4P3/8 b - -,e4e3 c6d6 e3e2 f6g6 e2f3 d6c5 g4g1 c5c4 g5g4 g6f6
Q7/6kP/8/8/8/8/6p1/1K6 b - -,
6k1/P4p1p/6p1/6r1/6r1/8/5PB1/R5K1 b - -,g4g2 g1h1 g2g1 a1g1 g5a5 h1g2 a5a7 g1d1 g8g7 d1d6
4r1k1/3R1pp1/8/p7/4P1P1/7P/P1p1PQK1/2q5 b - -,e8f8 d7c7 c1d2 f2c5 c2c1r c5c1 d2e2 g2g3 e2a2 c1c2
2qnk2r/Rr4b1/3p2p1/2p1p1B1/Q3P3/2PP2N1/5R1P/6K1 b - -,c8d7 a7a8 g7f6 g5f6 d7a4 a8a4 h8h7 a4a8 h7d7 f6d8
r1bqk2r/pp2p1bp/2np2p1/5n2/2P5/1N6/PP2BPPP/RNBQK2R b KQkq -,c8e6 b1c3 e8h8 e1h1 a8c8 c3d5 d8e8 f1e1 b7b6 d5f4
8/8/8/8/2K5/5r1k/8/8 b - -,c8d7 b1c3 e8h8 e1h1 d8e8 b3d2 c6d4 e2d3 d7c6 d1g4
8/2Qb1qpk/7p/8/8/5P2/6PP/3RR2K b - -,d7e6 c7f7 e6f7 e1e7 f7a2 d1d6 a2b3 h2h4 h6h5 d6b6
8/p4pkp/1p4n1/6P1/P5p1/1P4N1/5PKP/8 b - -,g6f4 g2f1 g7g6 g3e4 f4d3 f1e2 d3c1 e2e3 c1b3 e3f4
r3k3/p6R/b1p1ppp1/B3N3/2P2P2/1P2n3/P1P3PP/6K1 b - -,e3d5 h7h8 e8e7 h8a8 f6e5 a8a7 e7d6 f4e5 d6e5 a7a6
5Q2/p2P2pk/7p/N7/P2R4/6PK/8/6q1 b - -,e3d5 h7h8 e8e7 h8a8 f6e5 a8a7 e7d6 f4e5 d6e5 a7a6
r2qkb1r/pp3ppp/2n1pn2/3p2B1/3P4/2NQPN2/PP3PPP/R3K2R b KQkq -,f8e7 e1h1 a8c8 d3b5 d8c7 f1c1 e8h8 g5f6 e7f6 g2g3
8/6p1/1k4Pp/p2BK3/8/8/8/8 b - -,
r3k2r/1b3ppp/1Q2pb2/Bp6/2P2PP1/8/P3Bn1P/1R3RK1 b kq -,a5a4 e5e6 b6c5 d5a2 h6h5 e6f5 c5d4 f5g5 d4e5 g5h5
rqb1k2r/3np1bp/p4np1/1p4N1/8/1QN1B2P/PP3PP1/R4RK1 b - -,d7e5 f1e1 h7h6 e3f4 f6g4 g5e6 c8e6 b3e6 b8c8 e6d5
r1b1k2r/ppp1qp2/3p1n1p/2b1p1p1/2BNP3/2NP2BP/PPP2PP1/R2QK2R b KQkq -,c5d4 h3h4 g5g4 h4h5 c8e6 c4b3 e8a8 g3h4 c8b8 d1d2
r5k1/p3qpp1/2N2n2/3p4/4r3/4P2P/PP2QPP1/2R2RK1 b - -,e7d7 c6d4 d7a4 e2d2 e4e8 a2a3 a8c8 c1c8 e8c8 f1c1
r1r4k/5qpp/4b2b/1Q1NPp2/1p1R4/7P/B4PP1/1R4K1 b - -,a8a2 b1d1 b4b3 b5b3 a2a8 b3d3 c8g8 d5b6 a8e8 h3h4
3Q1Q2/p5pk/7p/N7/P2q4/6PK/8/8 b - -,a8a2 b1d1 b4b3 b5b3 a2a8 b3d3 c8g8 d5b6 a8e8 h3h4
8/5Qpk/4b2p/8/8/5P2/6PP/3RR2K b - -,e6f7 e1e7 f7c4 d1b1 h6h5 h2h4 c4d5 b1b6 d5a2 b6b7
8/8/2K1R3/6p1/6r1/4k3/4P3/8 b - -,g4e4 e6g6 e3f4 g6f6 f4g3 f6g6 g5g4 c6d5 e4e2 d5d4
6k1/5p1p/P5p1/6r1/6r1/8/5PB1/R4K2 b - -,g4g2 a1a4 g2g1 f1e2 g5e5 e2f3 e5e8 a4a5 g8g7 a5a3
4R2R/p5k1/2p1b3/1p2p3/8/2N1K3/PPr3p1/8 b - -,g4d4 a6a7 d4d8 a7a8q d8a8 a1a8 g8g7 a8a7 h7h5 g2h3
7r/1p2kppp/4p3/BB2P2P/P2p2P1/6K1/2r2P2/7R b - -,c2b2 h1d1 b2b3 f2f3 h8c8 d1d4 e7f8 d4d7 h7h6 d7b7
8/6p1/1k2K1Pp/3B4/p7/8/8/8 b - -,
r2qk2r/pp2bppp/2n1pn2/3p2B1/3P4/2NQPN2/PP3PPP/R4RK1 b kq -,e8h8 f1c1 a8c8 h2h3 h7h6 g5f6 e7f6 c3a4 f6e7 d3e2
r1bq3r/ppp1n1pp/3pk3/Q1b5/3P4/5N2/PP3PPP/RNB2RK1 b - -,e7c6 a5a4 e6f7 d4c5 h8e8 c1g5 d8d7 c5d6 d7d6 b1c3
6k1/2Bn1bp1/7p/2p5/2P4N/3P4/r5PP/4R1K1 b - -,a2a3 e1d1 g7g5 h4f5 f7e6 f5e3 e6f7 e3g4 f7g6 g4f2
8/8/2b1kp2/7p/5P1P/4N3/p7/K7 b - -,c6d5 a1b2 e6d6 e3f5 d6c5 f5g3 d5f3 b2a2 c5d4 f4f5
r4rk1/ppp3p1/2nb1pP1/5q1Q/3P4/4B3/P1P2PP1/R3K2R b KQ -,f5h5 h1h5 c6e7 c2c4 e7g6 e1d2 f8e8 a1h1 a8d8 d2c2
2R3k1/5p2/p4rpp/3p4/1Q1Pp3/1P1qP1PP/P2B4/2RK4 b - -,g8h7 c8h8 h7h8 c1c8 h8h7 d1c1 f6f1 c1b2 f1f2 c8c2
6k1/5p1p/P5p1/6r1/8/R7/5Pr1/5K2 b - -,g2g1 f1e2 g5e5 e2d3 e5e8 d3d2 g8g7 f2f4 h7h5 a3a5
8/1pp5/1p6/3Pp1pk/P3P2p/5K1P/1P3P2/8 b - -,h5h6 f3g4 h6g6 f2f3 g6f6 g4h5 f6f7 h5g5 f7e7 g5h4
8/4Rbpk/7p/8/8/5P2/6PP/3R3K b - -,f7b3 d1b1 b3a2 b1b7 h7g6 e7g7 g6f6 g7c7 f6e5 b7b6
8/6p1/4K1Pp/2k5/p7/8/B7/8 b - -,
q5rk/1R4Qp/8/8/4B3/8/p7/7K b - -,h6h5 e6f5 c5d6 f5g5 d6e5 g5h5 e5f6 a2b1 f6e5
8/8/8/8/3K4/5rk1/8/8 b - -,h6h5 e6f5 c5d6 f5g5 d6e5 g5h5 e5f6 a2b1 f6e5
5rk1/3Qppbp/3p1np1/7r/2P5/1PN3P1/PB2PPb1/R4RK1 b - -,g2a8 d7b7 a8b7 f2f3 h5g5 g1f2 g5f5 f2g1 f6h5 g3g4
r1bq3r/ppp1n1pp/1b1pk3/7Q/3P4/5N2/PP3PPP/RNB2RK1 b - -,g7g6 f3g5 e6f6 h5f3 e7f5 g5e4 f6g7 c1g5 d8e8 g5f6
r1r4k/5qpp/4b2b/3NPp2/1R6/3Q3P/B4PP1/1R4K1 b - -,a8a2 b4b8 f7f8 b8c8 f8c8 d5e7 c8c7 e7f5 h6f4 d3d6
rn1q1r2/ppp1npp1/3b2k1/3p2N1/3P2P1/2N5/PPP1QP2/R1B1K2R b KQ -,d8d7 e2d3 f7f5 d3h3 g6f6 g5h7 f6f7 h7f8 f7f8 h3h8
8/8/2K3R1/6p1/4r3/4k3/4P3/8 b - -,e3f4 g6f6 f4g3 f6g6 g5g4 c6d5 e4e2 d5d4 g3f3 g6f6
2k4r/Qb1rb1p1/1B1q1p2/3p2P1/P5R1/8/1PP5/1K1R4 b - -,f6g5 d1d3 e7f6 g4c4 d5c4 d3d6 d7d6 b6g1 h8h1 a7c5
r2q1n2/3nbp2/k1p1p1p1/ppPp2P1/3P1PB1/1P2P1Q1/PB1NK3/1R6 b - -,f7f5 g5f6 d7f6 a2a4 f6g4 a4b5 c6b5 g3g4 a8a7 d2f3
r1bqk2r/ppp2pQ1/2nb1n1p/3pp3/5P2/1P2P3/PBPP2PP/RN2KBNR b KQkq -,e8d7 g7f7 d8e7 f7e7 d7e7 f4e5 c6e5 g1f3 f6g4 b1c3
6k1/3n2p1/r6p/2p2b2/8/3P1NB1/2P3PP/2R3K1 b - -,a6a2 g3d6 a2a6 d6e5 a6a2 e5g3 c5c4 d3c4 a2c2 c1c2
8/4R1pk/7p/8/8/1b3P2/6PP/1R5K b - -,b3c2 b1b7 h7g6 b7b6 g6f5 e7g7 h6h5 h2h4 f5e5 h1h2
8/8/8/2K5/5k2/5r2/8/8 b - -,b3c2 b1b7 h7g6 b7b6 g6f5 e7g7 h6h5 h2h4 f5e5 h1h2
r4rkQ/ppp3p1/2nb1p2/5qP1/3P4/4B3/P1P2PP1/R3K2R b KQ -,g8f7 h8h5 f7e7 e1a1 f6g5 h5e2 a8e8 g2g4 f5d5 c2c4
5rk1/3R1pp1/8/p1Q5/4P1P1/7P/P1p1P1K1/2q5 b - -,c1d1 d7c7 c2c1r c5c1 d1e2 g2g3 e2a2 c1c4 a2a1 c7c8
8/6p1/6P1/2k2K1p/p7/8/B7/8 b - -,
2r5/3K4/5k2/3P4/4R3/8/8/8 b - -,c8h8 d5d6 h8h2 d7d8 f6f7 e4e7 f7g6 e7e1 g6f6 d6d7
3rnk2/p4pp1/1p2q2p/2n1B3/2Pp4/6QP/P4PPK/1B1R4 b - -,e6c4 g3h4 c5e6 h4e4 c4d5 e4d5 d8d5 e5b8 e8f6 b1d3
rqb1k2r/3np1bp/p4np1/1p4N1/8/2N1B2P/PP3PP1/R2QR1K1 b - -,c8b7 d1b3 h8f8 g5e6 f8f7 e3f4 b8a7 e6g5 f6d5 c3d5
r1bq3r/ppp1nkpp/3pP3/Q1b5/3p4/2P2N2/PP3PPP/RNB2RK1 b - -,f7e6 c3d4 c5b6 a5h5 e6d7 a2a4 c7c6 a4a5 b6c7 f3g5
8/P4pkp/6n1/6P1/6p1/p5N1/5PKP/8 b - -,g6f8 a7a8q a3a2 a8a2 f8e6 a2a3 g7g6 a3c3 e6g5 c3d3
2k4r/pp1n1p2/7p/6p1/2P5/2qP3P/P3QPP1/2R2RK1 b - -,c3d4 f1e1 d7c5 c1b1 h6h5 e2f3 g5g4 f3f7 g4g3 e1e8
r3k2r/pppbqp2/3p1n1p/2b3p1/2BpP3/P2P2BP/1PP1NPP1/R2QK2R b KQkq -,e8a8 b2b4 c5b6 d1d2 h8e8 a3a4 a7a6 a4a5 b6a7 b4b5
r5k1/pb5p/1p1p2p1/2pPn3/1PP1Pp2/P1N4P/4K3/5R2 b - -,b7a6 f1f4 a6c4 e2e3 g8g7 f4f2 a8g8 c3b1 c4a6 b1d2
Q6k/8/8/8/8/8/6p1/1K6 b - -,b7a6 f1f4 a6c4 e2e3 g8g7 f4f2 a8g8 c3b1 c4a6 b1d2
8/8/4kp2/3b3p/5P1P/4N3/pK6/8 b - -,e6d6 e3f5 d6c5 f5g7 d5f7 g7f5 c5d5 f5h6 f7e6 f4f5
2rq1rk1/pp2bppp/4pn2/1Q1p2B1/Pn1P4/2N1PN2/1P3PPP/R1R3K1 b - -,a7a6 b5f1 f6e4 g5e7 d8e7 f1d1 e4d6 c3e2 d6c4 b2b3
6k1/2Bn1bp1/7p/2p5/2P4N/r2PR3/6PP/6K1 b - -,f7c4 h4f3 c4d3 f3e5 d7e5 c7e5 c5c4 h2h4 h6h5 g1f2
2rqr1k1/pp1n1pbp/3p1np1/3P4/4PPb1/2N2N2/PPQ1B1PP/R1B1R1K1 b - -,f6e4 c2e4 e8e4 c3e4 d8b6 g1h1 b6b4 e4d2 d7f6 h2h3
8/1R2R1pk/7p/8/8/5P2/2b3PP/7K b - -,h7g6 e7g7 g6f5 b7b6 h6h5 h2h4 f5f4 h1h2 f4e5 h2g3
8/6p1/3k2P1/6Kp/p7/8/B7/8 b - -,
r2q1rk1/p1p3pp/1bp5/4R3/3P4/5P1P/PP3P2/R1BQ2K1 b - -,b6d4 d1b3 g8h8 e5e4 a8b8 b3a4 c6c5 c1e3 d4e3 e4e3
r1bqr1k1/1p1n1p2/p2p1bp1/2pPp1Np/P3P1PP/2NB1P2/1PPQ4/R3K2R b KQ -,g8g7 e1a1 e8h8 d1f1 b7b5 d3e2 f6g5 h4g5 h5h4 h1h2
7K/8/8/3k4/8/8/2p5/6R1 b - -,
4r1k1/2R2pp1/8/p7/4Q1P1/7P/4P1K1/8 b - -,e8e4 g2f3 e4a4 h3h4 a4a1 c7a7 a5a4 a7a8 g8h7 a8a7
8/8/6k1/N5pp/P7/5QPK/8/8 b - -,g5g4 f3g4 h5g4 h3g4 g6f7 a5c6 f7e6 a4a5 e6d6 c6b4
r1bqkb1r/pp1p1pp1/2n1pn1p/2p5/3P4/2P1PNB1/PP3PPP/RN1QKB1R b KQkq -,c5d4 e3d4 f6h5 b1d2 h5g3 h2g3 d7d5 f1d3 c8d7 d1e2
r2q1b1r/pbp3p1/5nkp/4p3/2B5/8/PPPP1PPP/RNBQ1RK1 b - -,f8c5 b1c3 c5d4 d1e2 h8f8 d2d3 d8d7 g1h1 a8b8 f2f3
1r6/3bp2p/p4k2/3p1P2/P1r5/KB2R2P/P3R3/8 b - -,c4e4 e3e4 d5e4 e2e4 d7f5 e4c4 e7e5 c4c6 f6g5 c6a6
Q7/5pkp/6n1/6P1/6p1/6N1/p4PKP/8 b - -,f7f6 g3h5 g7f7 a8a2 f7e7 g5f6 e7d6 g2g3 d6c5 a2e6
4R2R/p5k1/2p1b3/1p2p3/8/8/PP2K3/6q1 b - -,f7f6 g3h5 g7f7 a8a2 f7e7 g5f6 e7d6 g2g3 d6c5 a2e6
r2qk1nr/ppp1bppp/2np4/4p1B1/4P1bP/2NP1N2/PPP1BPP1/R2QK2R b KQkq -,g4f3 e2f3 e7g5 h4g5 d8g5 c3d5 e8a8 d1d2 g5d2 e1d2
8/p3q1pk/1p2Pp1p/5r2/4Q3/8/4R1PP/6K1 b - -,g7g6 e4d4 h6h5 h2h4 h7g7 g1h2 f5b5 g2g3 b5a5 h2g1
4r1k1/5pp1/8/p7/P1pRP1P1/7P/1q2PQK1/8 b - -,b2c2 f2f5 e8a8 g2f2 c2a4 f5g5 a4c6 g5d5 a8c8 d5c6
r1b2rk1/pp2bppp/2nppn2/q5B1/4PP2/1NN5/PPPQ2PP/2KR1B1R b - -,a5b6 c1b1 f8d8 d2e1 c8d7 f1d3 d7e8 a2a3 a7a5 g5h4
8/1R4R1/6kp/8/8/5P2/2b3PP/7K b - -,g6f5 b7b6 h6h5 h2h4 f5e5 g7e7 e5d5 h1h2 d5c5 b6f6
6k1/2R2pp1/8/p7/4r1P1/5K1P/4P3/8 b - -,
5rk1/2R2pp1/8/p7/4P1P1/7P/Pq2P1K1/2Q5 b - -,b2b4 c1c4 b4d2 a2a4 d2e3 c4d3 e3g5 c7d7 g5f4 d7d5
3Q4/1b3pk1/p2pr2p/3n4/1PP5/4q2P/P4RB1/5RK1 b - -,d5f4 g1h2 b7g2 f2g2 f4g2 d8a8 g2h4 f1g1 e6g6 g1g6
rn2kb1r/pp2pp1p/2p2p2/4N3/5B2/8/qPP2PPP/2KR4 b - -,a2a1 c1d2 a1a5 c2c3 f6e5 f4e3 h8g8 g2g3 b8d7 b2b4
r2qk2r/pppb1ppp/2n2P2/1Bbp4/3p4/2P2N2/PP3PPP/RNBQK2R b KQkq -,d4c3 e1h1 d8f6 b1c3 e8h8 c3d5 f6f5 b5d3 f5h5 d5f4
r1b2r1k/pp2q1pp/1npb1n2/4Pp2/8/PBN1PP2/1PQBN1PP/2KR3R b - -,f6e8 e5d6 e8d6 h2h4 d6c4 e2f4 f8d8 h4h5 a7a5 c3b1
2k5/p3N3/P1K5/8/8/8/8/8 b - -,c8b8 c6d7 b8a8 e7d5 a8b8 d7e8 b8c8 d5b4 c8b8
8/8/6k1/N7/P5K1/6P1/8/8 b - -,c8b8 c6d7 b8a8 e7d5 a8b8 d7e8 b8c8 d5b4 c8b8
8/6p1/6P1/4k2K/p7/8/B7/8 b - -,
r1r3k1/pQ4p1/3b1p1p/q2P1b2/2pB4/2P5/P1NR1PPP/5RK1 b - -,a8b8 b7a7 a5a7 d4a7 b8b2 c2e3 b2d2 e3f5 d2d5 g2g4
8/8/6R1/3K2p1/4rk2/8/4P3/8 b - -,e4e2 g6f6 f4g3 f6h6 g5g4 d5d4 e2e1 h6g6 g3f3 g6f6
8/6pk/2p4r/1pRn1pq1/3Pp3/4P1P1/1P2QPB1/6K1 b - -,
7k/6p1/7p/8/8/8/4RPPP/7K b - -,h8g8 h2h4 g8f7 h1h2 f7f6 h2g3 f6f5 e2e8 f5f6 e8b8
4R2R/p5k1/2p5/1p2p3/6b1/3K4/PP6/6q1 b - -,h8g8 h2h4 g8f7 h1h2 f7f6 h2g3 f6f5 e2e8 f5f6 e8b8
r1bqk2r/pppp1ppp/5n2/8/1bPP4/1QN5/PP3PPP/R1B1KB1R b KQkq -,d8e7 f1e2 e8h8 c1e3 c7c6 e1h1 d7d5 c4d5 b4c3 b2c3
2rq1rk1/1p1N1pp1/4pb1p/pQ1p4/Pn1P4/2N1P3/1P3PPP/R1R3K1 b - -,f8e8 c3e2 b4c2 a1b1 f6e7 h2h3 e7d6 d7c5 d6c5 c1c2
R3R3/p5k1/2p1b3/1p2p3/8/8/PP2K3/6q1 b - -,f8e8 c3e2 b4c2 a1b1 f6e7 h2h3 e7d6 d7c5 d6c5 c1c2
r4rk1/p1p3pp/1bp5/4R3/3P1P1q/7P/PP3P2/R1BQ2K1 b - -,h4h3 c1e3 a8d8 d1f1 h3g4 f1g2 g4e2 a1c1 e2b2 c1c6
8/8/3k1p2/3N3p/5P1P/8/pK6/8 b - -,a2a1q b2a1 d6d5 a1b2 d5e4 f4f5 e4f5 b2b3 f5f4 b3c4
r5k1/p4pp1/2N1qn2/3p4/4r3/4P2P/PP1Q1PP1/2R2RK1 b - -,e6d7 c6d4 a7a5 c1c2 a5a4 f1c1 a8b8 d2c3 e4e8 c3c6
6k1/4bp2/1pq1p1p1/p1p1P2p/P1P2B1P/1P1Q2P1/5P2/6K1 b - -,g8f8 g1f1 f8g7 f4d2 c6h1 f1e2 h1b7 d2f4 g7h8 f4e3
6k1/3n2p1/7p/2p2b2/7P/3P1NB1/r1P3P1/2R3K1 b - -,c5c4 d3c4 a2c2 c1c2 f5c2 g3d6 d7b6 c4c5 b6c4 d6e5
r3k2r/pppb1ppp/2n2q2/1Bbp4/3p4/2P2N2/PP3PPP/RNBQ1RK1 b kq -,c5d6 f1e1 d7e6 d1d4 e8a8 d4f6 g7f6 b5c6 b7c6 c1e3
r1b2r1k/pp2q1pp/1np2n2/4bp2/5N2/PBN1PP2/1PQB2PP/2KR3R b - -,c6c5 b3a2 c5c4 h2h4 f8e8 c1b1 e5f4 e3f4 c8e6 h1e1
8/5pkp/6n1/6P1/4Q1p1/6N1/5PKP/q7 b - -,c6c5 b3a2 c5c4 h2h4 f8e8 c1b1 e5f4 e3f4 c8e6 h1e1
r1bqr1k1/pp1n1pbp/2pp2p1/4p2n/2NPP3/1PPB1N1P/P4PPB/R2Q1RK1 b - -,d8c7 a2a4 h5f4 h2f4 e5f4 f1e1 d6d5 c4d2 d7f8 e4e5
8/6p1/5kP1/7K/p7/8/8/1B6 b - -,
6k1/2R2pp1/8/p7/r5PP/5K2/4P3/8 b - -,
8/kp4p1/1pp4p/8/P2P1P2/7P/1P4K1/8 b - -,
2Q2q1k/6p1/7p/5b2/8/1Q6/1p3PPP/3RR2K b - -,f8c8 b3b2 c8c2 b2b8 h8h7 f2f3 c2c8 b8c8 f5c8 e1e7
5rk1/2R2pp1/8/p7/4P1P1/6KP/P3q3/2Q5 b - -,e2a2 c1c2 a2a1 g3g2 g7g6 c2c3 a1d1 c3c2 d1e1 c7d7
2q5/r4kpp/p1pBpb2/2Pp1p2/P2P4/4P3/1Q3PPP/1R4K1 b - -,a6a5 b2e2 f7g6 b1b8 c8d7 e2b2 f6d8 g2g3 g6f7 g1g2
8/6R1/1R6/5k1p/7P/5P2/2b3P1/7K b - -,f5e5 g7e7 e5d5 h1h2 c2a4 b6f6 d5c5 h2g3 c5b4 g3f4
6k1/3n2p1/7p/5b2/2P4P/5NB1/r1P3P1/2R3K1 b - -,a2c2 c1c2 f5c2 g3d6 d7b6 c4c5 b6c4 g1f2 g8f7 f3d4
2r1qr2/1p2b2k/p3p2p/4Pp2/4pP2/2P1B2Q/1P4RP/2R4K b - -,e8f7 c1g1 f8g8 g2g3 c8d8 e3d4 g8g3 h2g3 d8g8 d4e3
4r1k1/5pp1/8/R7/4P1P1/p4Q1P/q3P1K1/8 b - -,a2c4 a5a3 c4e4 f3e4 e8e4 g2f3 e4b4 h3h4 b4b1 e2e4
4r2k/pp4pp/4B1b1/8/rP6/5pP1/P4P1P/2R1R1K1 b - -,
4K3/8/P1k1P3/2b5/8/8/3B4/8 b - -,h7h5 e6d5 e8e1 c1e1 a4b4 d5f3 g6f7 e1e5 g7g6 e5a5
8/8/6R1/6p1/3K1k2/8/4r3/8 b - -,e2e1 g6g8 e1d1 d4c5 g5g4 c5b5 g4g3 g8g6 d1d5 b5a6
6k1/3n4/3B3p/2p5/6b1/3P4/r1PN2P1/2R3K1 b - -,h6h5 d2b3 c5c4 d3c4 d7f6 b3d2 g8f7 c4c5 g4f5 c1f1
2R3k1/5pp1/8/p7/6PP/5K2/4P3/r7 b - -,
rn2kb1r/pp2pp1p/2p2p2/4N3/5B2/8/1PPK1PPP/q2R4 b - -,a1a5 c2c3 f6e5 f4e3 a5a2 d2c1 h8g8 g2g3 b8d7 d1d3
r3kb1r/pp2pppp/2n1qnb1/2p3P1/8/3P1N1P/PPP2PB1/RNBQ1K1R b kq -,f6g8 c1e3 h7h6 h3h4 e6d7 e3c5 e7e6 c5f8 e8f8 b1c3
6k1/2Bn2p1/6Np/2p5/2b5/r2PR3/6PP/6K1 b - -,c4d3 g6e5 d7e5 c7e5 c5c4 h2h4 h6h5 e5b2 a3b3 b2e5
8/6p1/5kP1/7K/8/p7/B7/8 b - -,
8/5pkp/6n1/4qNP1/4Q1p1/8/5PKP/8 b - -,g7f8 e4a8 e5e8 a8e8 f8e8 g2g3 f7f6 g3g4 g6e5 g4h5
5rk1/2R2pp1/8/p7/4P1P1/6KP/q1Q5/8 b - -,a2e6 c7c6 e6e5 g3f3 e5a1 c2c1 a1d4 c1c2 f8d8 c6c8
6k1/3n2p1/7p/5b2/2P4P/5NB1/2R3P1/6K1 b - -,f5c2 g3d6 d7b6 c4c5 b6c4 f3d4 c2a4 g1f2 g8f7 f2f3
r1bqkb1r/pp1p1pp1/2n1p2p/2p5/3Pn2B/2P1PN2/PP3PPP/RN1QKB1R b KQkq -,d8b6 b1d2 e4d2 d1d2 f8e7 h4g3 a7a5 a2a4 d7d5 f1d3
8/1pp5/1p6/3Pp1k1/P3P1Pp/1P3K2/5P2/8 b - -,b6b5 a4b5 b7b6 b3b4 g5g6 f3g2 g6f6 g2h3 f6g5 f2f3
r2rb3/1p1nk1pB/2p1pp2/4P3/p1NP4/5P2/PP2K1PP/2RR4 b - -,a4a3 b2b3 f6e5 d4e5 b7b5 c4e3 d7e5 h7e4 d8d1 e3d1
8/8/5p2/3k3p/5P1P/8/K7/8 b - -,a4a3 b2b3 f6e5 d4e5 b7b5 c4e3 d7e5 h7e4 d8d1 e3d1
8/1p4p1/kpp4p/8/P2P1P2/6KP/1P6/8 b - -,
rn1qk2r/ppp2ppp/3bpn2/3p4/6b1/1P1PPN2/PBP1BPPP/RN1QK2R b KQkq -,g4h5 b1d2 d8e7 h2h3 h7h6 e1h1 e8h8 d3d4 a7a5 c2c4
R7/5ppk/8/p7/6PP/5K2/4P3/r7 b - -,
r2qkb1r/ppp1nppp/2n1p1b1/3pP3/3P1P2/2P1B1P1/PP5P/RN1QKBNR b KQkq -,e7f5 e3f2 c6b8 g1f3 h7h5 f1e2 b8d7 e1h1 f8e7 a2a4
8/6p1/5k1p/4RP2/8/8/6PP/7K b - -,
r3k2r/1ppbqp2/3p1n1p/p1b3p1/2BpP3/P2P1PBP/1PP1N1P1/R2QK2R b KQkq -,d6d5 c4d5 f6d5 e4d5 e8a8 e1h1 h8e8 f1e1 a5a4 d1d2
r1b1r1k1/p2nqpbp/2pp2p1/1p2p2n/3PP3/1PPBNN1P/P4PPB/R2QR1K1 b - -,h5f4 h2f4 e5f4 e3f1 d7f8 a2a4 a8b8 b3b4 a7a6 d1d2
8/8/4r3/2K2k2/8/8/8/8 b - -,h5f4 h2f4 e5f4 e3f1 d7f8 a2a4 a8b8 b3b4 a7a6 d1d2
8/4R3/1R6/3k3p/7P/5P2/2b3PK/8 b - -,c2d3 h2g3 d5c4 b6d6 d3f5 g3f4 f5b1 e7c7 c4b5 c7b7
4r1k1/5pp1/8/8/4Q1P1/R6P/4P1K1/8 b - -,
r1b1r1k1/pp1nqpbp/2pp2p1/4p2n/2NPP3/1PPB1N1P/P4PPB/R2QR1K1 b - -,d7b6 g2g4 b6c4 d3c4 b7b5 c4f1 h5f4 h2f4 e5f4 a2a4
2K5/r7/3P1k2/8/4R3/8/8/8 b - -,a7a3 d6d7 a3c3 c8d8 f6f7 e4e7 f7f8 e7e8 f8f7 e8e4
8/8/5p2/7p/4kP1P/1K6/8/8 b - -,a7a3 d6d7 a3c3 c8d8 f6f7 e4e7 f7f8 e7e8 f8f7 e8e4
8/1pp2p2/2p1kN1p/2P1Pnp1/1R6/7P/r4PP1/6K1 b - -,a2a7 f6g8 e6e5 g2g4 a7a8 b4b7 a8g8 g4f5 g8c8 b7a7
r1bq1bk1/1p3p1p/2pn2p1/p2p4/P2P1N1P/2PB2P1/1PQB1P2/4R1K1 b - -,c8d7 h4h5 d8f6 f4g2 d7f5 d2f4 f5d3 c2d3 a8e8 e1e8
rqb1k2r/3npBbp/p4np1/1p6/8/2N1BN1P/PP3PP1/R2Q1RK1 b kq -,e8f7 f3g5 f7e8 f1e1 c8b7 d1b3 h8f8 g5e6 f8f7 e3f4
4r1k1/5pp1/8/p1Q5/2R1P1P1/7P/q3P1K1/8 b - -,a2e2 g2g3 e8d8 c4c3 e2e4 c5e3 e4b4 c3b3 b4d6 e3f4
R7/p7/2p1R2k/1p2p3/8/8/PP2K3/6q1 b - -,h6h7 e6e7 h7g6 a8g8 g6f6 g8g1 f6e7 e2e3 e7f6 e3e4
8/5pkp/6n1/4q1P1/4Q1p1/8/4NPKP/8 b - -,h6h7 e6e7 h7g6 a8g8 g6f6 g8g1 f6e7 e2e3 e7f6 e3e4
8/6p1/3k2P1/5K2/8/p7/B7/8 b - -,
5rk1/5pp1/2R1q3/p7/4P1P1/6KP/2Q5/8 b - -,e6d7 c6c7 d7d4 g3g2 f8d8 c7c8 d4d7 c8d8 d7d8 c2a4
6k1/2Bn2p1/4b2p/2p2p2/4P3/3P4/r1PN2PP/2R3K1 b - -,d7f8 c7d6 f8d7 e4f5 e6f5 d2c4 f5e6 c4e3 a2a6 d6e7
6k1/2Bn2p1/7p/8/2P4P/5N2/2b3P1/6K1 b - -,g8f7 g1f2 c2e4 f2e3 e4b7 g2g3 f7f6 e3f4 b7a6 c7d8
2q4k/6p1/7p/5b2/8/8/1Q3PPP/3RR2K b - -,c8f8 d1c1 f8d6 b2e5 d6e5 e1e5 f5d3 c1c7 h8h7 e5e7
R7/5ppk/8/8/p5PP/6K1/4P3/r7 b - -,
3qr1k1/1Q3p2/5p1p/pN1p4/Pn1r4/8/1P3PPP/R1R3K1 b - -,d4e4 h2h3 d5d4 c1c7 d4d3 c7d7 d8c8 b7c8 e8c8 b5c3
r1b2rk1/ppp2pp1/3b1q1p/n3p1N1/3P3P/2PBB3/P1P2PP1/R2QK2R b KQ -,c8f5 g5e4 f6g6 d1f3 e5d4 h4h5 g6e6 e4g5 h6g5 d3f5
8/8/8/3K1k2/4r3/8/8/8 b - -,f8e8 d4d5 c8f5 d3f5 f6f5 g2g4 f5d7 g5e4 d7a4 d1f3
6k1/5pp1/8/8/4r1P1/R4K1P/4P3/8 b - -,
r2qkb1r/ppp1nppp/2n1p3/3pPb2/3P1P2/2P3P1/PP5P/RNBQKBNR b KQkq -,h7h5 g1f3 h5h4 f3h4 h8h4 g3h4 e7g6 d1h5 d8d7 c1e3
8/4R3/1R6/3k3p/7P/3b1PK1/6P1/8 b - -,d3f5 g3f4 f5d3 e7e1 d3c4 b6f6 d5d4 f4g5 c4b5 g5h5
6k1/2Bn2p1/7p/2p1N3/8/r2bR3/6PP/6K1 b - -,a3a1 g1f2 a1a2 f2g1 d7e5 c7e5 c5c4 h2h4 g7g6 e5d4
r1r3k1/pp3pp1/1q2pb1p/3p4/5P2/1N4P1/PPPQR2P/1K1R4 b - -,a7a5 d2e3 c8c6 c2c3 a8c8 e3b6 c6b6 e2e3 a5a4 b3d4
8/8/5p2/7p/5k1P/8/2K5/8 b - -,a7a5 d2e3 c8c6 c2c3 a8c8 e3b6 c6b6 e2e3 a5a4 b3d4
r1bqkb1r/pp1p1pp1/2n1p2p/2p5/3Pn3/2P1PNB1/PP1N1PPP/R2QKB1R b KQkq -,d7d5 d2e4 d5e4 f3d2 h6h5 d2e4 h5h4 g3f4 f7f5 f4g5
2kr3r/Qb2b1p1/3q1p2/3p2P1/6R1/8/PPP2B2/1K1R4 b - -,d6a6 a7e3 d8d7 f2g3 f6g5 e3e5 e7d6 e5g5 d6g3 g4g3
r4r1k/p1p3pp/1bp5/4R3/3P1PP1/8/PP3P2/R1B3K1 b - -,b6d4 e5e2 h8g8 a1b1 c6c5 g1f1 a8b8 c1e3 b8b4 b1c1
8/6K1/8/8/3k4/8/2p5/6R1 b - -,
8/1p4p1/1pp4p/k7/P2P1PK1/7P/1P6/8 b - -,
8/6p1/7p/4kP2/6P1/8/7P/7K b - -,e5f4 h1g1 f4g4 f5f6 g7f6 g1f2 h6h5 f2g2 g4h4 g2g1
3qr1k1/1QR2p2/5p1p/pN1p4/Pn6/8/1P1r1PPP/R5K1 b - -,d8b8 c7f7 b8b7 f7b7 b4d3 a1f1 e8e2 b5c3 e2f2 f1f2
2rqr1k1/pp3pbp/3p2p1/2nP4/4nPb1/2N2N2/PP2B1PP/R1BQR1K1 b - -,d8b6 f3d4 c5d3 d1d3 g7d4 g1f1 d4c3 c1e3 e4g3 h2g3
8/4R3/1R6/3k1b1p/5K1P/5P2/6P1/8 b - -,e4c3 b2c3 c5e4 e2d3 e4c3 d1d2 c3e2 e1e2 g7a1 e2e8
5rk1/5pp1/2R5/p3q3/4P1P1/7P/2Q3K1/8 b - -,f8d8 c6c8 e5e8 c8d8 e8d8 c2a4 g7g6 g2f3 d8f6 f3g2
4r1k1/2R2pp1/8/8/p3P1P1/7P/q3PQK1/8 b - -,
rn2kb1r/pp2pp1p/2p2p2/q3N3/1P3B2/8/2PK1PPP/3R4 b - -,a5b4 d2e2 f6e5 f4c1 a7a5 e2f1 a5a4 f1g1 h8g8 c2c3
r3kb1r/pp2pppp/2n1q1b1/2pn2P1/7N/3P3P/PPP2PB1/RNBQ1K1R b kq -,e6d7 b1c3 d5c7 c1e3 e7e5 d1g4 f8e7 c3d5 c7d5 g4d7
8/5ppk/R7/8/6PP/p5K1/4P3/r7 b - -,
r7/1K6/3P1k2/8/4R3/8/8/8 b - -,a8a1 d6d7 a1b1 b7c8 b1c1 c8d8 f6f7 e4f4 f7g8 f4f6
8/8/5p2/7p/7P/6k1/3K4/8 b - -,a8a1 d6d7 a1b1 b7c8 b1c1 c8d8 f6f7 e4f4 f7g8 f4f6
r3r3/pR3pkp/2p2np1/2Pp4/8/2NP4/P4PPP/5RK1 b - -,d5d4 c3b1 e8e2 b1a3 a8d8 b7c7 e2a2 a3c4 f6d5 c7c6
8/8/5K2/8/8/3k4/2p5/6R1 b - -,
8/2Bn1kp1/7p/8/2P4P/5N2/2b2KP1/8 b - -,c2e4 f2e3 e4b7 g2g3 f7f6 c7f4 b7a6 e3d4 f6f5 f3d2
8/ppb1q1k1/5pp1/3P3p/8/1P1Q1N1P/1P4P1/7K b - -,c7g3 d3d4 e7e2 d4a7 e2d1 a7g1 d1d5 f3d4 d5e5 b3b4
8/4npkp/8/4q1P1/6Q1/8/4NPKP/8 b - -,h7h6 g5h6 g7h6 g4h4 h6g6 h4g3 e5g3 f2g3 f7f5 g2f3
r4rk1/1bqn1ppp/p1pb1n2/1p2p3/P2PP3/2NB1N1P/1PQ2PP1/R1BR2K1 b - -,e5d4 f3d4 b5b4 c3e2 c6c5 d4f5 d6h2 g1h1 d7e5 f2f3
6k1/2Bn2p1/4b2p/2p2p2/4P2N/3P4/r1P3PP/2R3K1 b - -,
r1br2k1/ppp2pp1/2n2q1p/b7/B2PPp2/2P2N1P/P2Q1PP1/2KR1N1R b - -,c6d4 f3d4 c7c5 e4e5 f6e7 d4c6 b7c6 d2f4 d8d1 a4d1
4Qbk1/5p2/4p3/1P1pP2p/6R1/2P2P1R/6PK/2q1r3 b - -,
r1r3k1/1p3pp1/1q2pb1p/p2p4/5PP1/1N6/PPPQR2P/1K1R4 b - -,a5a4 b3d4 a4a3 b2b3 c8c4 c2c3 f6d4 c3d4 a8a4 d2e3
r1b2k1r/5ppp/p3pn2/1N6/4P3/2qBP3/2P3PP/R2Q1RK1 b - -,c3b4 e4e5 c8b7 e5f6 g7f6 b5d4 h8g8 f1f2 f6f5 a1b1
r1b2r1k/pp2q1pp/1np2n2/5p2/5P2/PBN2P2/1PQB2PP/2KR3R b - -,f8e8 h1e1 e7f8 e1e8 f8e8 d1e1 e8f8 d2e3 c8d7 e3d4
r5k1/p2q1pp1/2N2n2/3p4/4r3/4P2P/PP1Q1PP1/2RR2K1 b - -,e4e6 d2c2 f6e4 c6b4 e6d6 d1d4 e4g5 b4c6 a8e8 d4h4
8/4k1p1/6P1/4K3/8/p7/B7/8 b - -,
8/3R4/1R6/3k3p/5K1P/3b1P2/6P1/8 b - -,e7d7 a2b3 d7e7 b3e6 a3a2 e6a2 e7f8 e5d6 f8e8 d6e6
r1bqrnk1/1p3p2/p2p1bp1/2pPp1N1/P3P1PP/2NB4/1PPQ4/2KR3R b - -,b7b5 d1f1 c8g4 c1b1 b5a4 f1f6 d8f6 h1f1 f6e7 g5f7
8/8/8/2k5/8/4K2R/8/1R6 b - -,b7b5 d1f1 c8g4 c1b1 b5a4 f1f6 d8f6 h1f1 f6e7 g5f7
r1bqkbnr/1p2pppp/p1n5/3pP3/5Q2/3B1N2/PPP2PPP/RNB1K2R b KQkq -,g7g6 e1h1 f8g7 c2c4 c8e6 c4d5 e6d5 f1d1 g7h6 f4g4
8/R5pk/5p2/8/6PP/p5K1/4P3/r7 b - -,
8/8/8/4K3/8/8/2pk4/6R1 b - -,
8/8/5p2/7p/7k/8/4K3/8 b - -,d2d3 e5d6 d3e2 g1h1 e2d2 d6e5 d2c3 e5f6 c3d3 f6g6
6k1/6p1/7p/2p1B3/8/r2bR3/6PP/6K1 b - -,c5c4 h2h4 a3a7 g1f2 h6h5 e5d4 a7d7 d4c3 d7f7 f2g3
4qrk1/1Q2Rp2/5p1p/pN1p4/Pn6/8/1P1r1PPP/R5K1 b - -,
8/2Bn1kp1/7p/8/2P1b2P/5NP1/5K2/8 b - -,e4b7 f2e3 f7f6 c7f4 f6g6 f3d4 b7a6 d4b5 g6f5 e3d4
2kr3r/ppp2ppp/8/8/5B2/2PB4/P1Pn1PPP/R4RK1 b - -,d2f3 g2f3 g7g6 c3c4 a7a5 g1g2 a5a4 f4e5 h8e8 a1e1
8/6pk/2p3qr/1pRn1p2/3Pp3/4P1P1/1P3PB1/3Q2K1 b - -,
4QbkR/5p2/4p3/1P1pP3/6p1/2P2P2/6PK/2q1r3 b - -,
r1r3k1/1p3pp1/1q2pb1p/3p4/p2N1PP1/8/PPPQR2P/1K1R4 b - -,a4a3 b2b3 a8a4 c2c3 f6d4 c3d4 c8c4 d2e3 c4d4 d1f1
8/8/8/2K5/4rk2/8/8/8 b - -,a4a3 b2b3 a8a4 c2c3 f6d4 c3d4 c8c4 d2e3 c4d4 d1f1
r2q1k1r/ppp3pp/2np1n2/8/4P1b1/2N1QN2/PP3PPP/R1B2RK1 b - -,f8g8 b2b3 h7h6 c1b2 g4f3 e3f3 c6e5 f3d1 g8h7 f2f4
r1b1r1k1/pp1nqpbp/2pp2p1/4p2n/P1NPP3/1PPB1N1P/5PPB/R2Q1RK1 b - -,d7b6 c4b2 a7a5 f1e1 c8e6 d3f1 h5f4 h2f4 e5f4 b2d3
2q1r1k1/4brp1/4p2p/1p1pPP1P/p1nP1P2/P6R/1PN1Q1K1/3N1R2 b - -,
8/1p4p1/2p4p/kP6/3P1PK1/7P/1P6/8 b - -,
2kr3r/1ppbqp2/3p1n1p/p1b3p1/2BpP3/P2P1PBP/1PP1N1P1/R2Q1RK1 b - -,d6d5 e4d5 b7b5 c4a2 f6h5 g3f2 h8e8 f1e1 e7f6 d1d2
6k1/2R2p1p/6p1/8/2pP2P1/7P/2r2PK1/8 b - -,
8/8/1R6/2k4p/5K1P/3R1P2/6P1/8 b - -,c2c3 c7c8 g8g7 g4g5 h7h6 h3h4 h6h5 f2f4 f7f5 g2f2
8/2p4p/1p1p1k2/p2P1p1P/1PPP1K2/P7/8/8 b - -,f6e7 b4a5 b6a5 f4f5 e7f7 f5g5 f7g7 a3a4 g7f7 g5h6
8/4npkp/8/6q1/6Q1/6N1/5PKP/8 b - -,g5g4 f2f4 e7f5 g2f2 f5h4 f2e1 g4f3 e1d2 f3f4 d2e2
8/6pk/5p2/8/6PP/R5K1/4P3/4r3 b - -,
8/8/5p2/7p/8/6k1/8/5K2 b - -,e1e2 a3a4 h7g6 g3f4 e2b2 g4g5 f6g5 f4g3 g5h4 g3h4
r1bqkb1r/1pp2ppp/p1np1n2/4p3/2P1P3/2NPBN2/PP3PPP/R2QKB1R b KQkq -,c8g4 f1e2 g7g6 b2b4 f8g7 a1b1 f6d7 d1d2 e8h8 e1h1
8/2Bn2p1/5k1p/8/2P1b2P/4KNP1/8/8 b - -,e4b7 c7f4 f6g6 f3d4 b7a6 e3d3 d7c5 d3c3 c5e4 c3b4
8/1pp5/1p6/3Pp3/P3P1k1/1P6/5PK1/8 b - -,g4f4 f2f3 f4e3 g2g3 e3d3 g3g4 d3c2 f3f4 c2b3 f4e5
5rk1/1R3p2/3N1p1p/p2p4/Pn6/8/1P1r1PPP/R5K1 b - -,d5d4 b7d7 d4d3 b2b3 d2b2 d6c4 b2b3 c4a5 b3c3 h2h3
8/8/2R5/1p2pbk1/1K6/8/PPq5/8 b - -,d5d4 b7d7 d4d3 b2b3 d2b2 d6c4 b2b3 c4a5 b3c3 h2h3
2r2q1k/6p1/7p/8/8/1Q4Q1/5PPP/1b2R2K b - -,b1a2 b3a2 f8f5 h2h3 c8f8 e1e7 f5g5 g3c7 g5f6 a2a7
8/rpp2p2/2p1kN1p/2P1Pnp1/1R3P2/7P/6P1/6K1 b - -,g5f4 g1f2 f5h4 f6h5 a7a2 f2g1 h4g2 b4b7 f4f3 b7b3
8/8/1k6/7p/3R1K1P/5P2/6P1/8 b - -,g5f4 g1f2 f5h4 f6h5 a7a2 f2g1 h4g2 b4b7 f4f3 b7b3
4r1k1/2R2pp1/8/8/p2QP1P1/1q5P/4P1K1/8 b - -,e8f8 c7a7 b3c2 d4d3 c2d3 e2d3 f8d8 a7a4 d8d3 a4a8
rnb3k1/pp4pp/2p2r2/3p1p1Q/3Pn3/2NBP3/PP1N1qPK/R1B1R3 b - -,f2g3 h2g1 g3e1 d2f1 e1f2 g1h2 f6h6 h5h6 g7h6 a1b1
8/8/5p1p/7k/8/8/6K1/8 b - -,f2e1 d2f3 e1g3 h2g1 f6g6 h5g6 h7g6 c3d1 g6g5 c1d2
r5k1/1p3pp1/1q2pb1p/3p4/p1rN1PP1/2P5/PP1QR2P/1K1R4 b - -,a4a3 b2b3 f6d4 c3d4 a8a4 d2e3 c4d4 e2d2 d4b4 d2d3
8/1p4p1/2p4p/1k3K2/3P1P2/7P/1P6/8 b - -,
r7/pb3r2/2pR4/1p5k/8/2N2pR1/PP6/2KB4 b - -,f7f6 d6f6 c6c5 f6f7 a8h8 f7b7 h5h6 g3h3 h6g5 h3h8
5Q1k/5p2/4p3/1P1pP3/6p1/2P2P2/6PK/2q1r3 b - -,
5rk1/1R3p2/5p1p/p7/PnNp4/8/1P1r1PPP/R5K1 b - -,
8/5pkp/6n1/6q1/5PQ1/6N1/6KP/8 b - -,g5g4 f4f5 g6h4 g2f2 g4f3 f2e1 f3e3 g3e2 g7f6 e1f1
2kr3r/ppp2ppp/8/8/8/2P5/P1PBBPPP/R4RK1 b - -,a7a5 d2e3 h8f8 g2g3 g7g6 g1g2 h7h5 h2h4 d8d7 g2f3
8/1bBn2p1/5k1p/8/2P2K1P/5NP1/8/8 b - -,b7a6 f3d2 g7g5 h4g5 h6g5 f4e4 a6b7 e4d4 b7g2 d2e4
r1bqkb1r/pp4pp/4pp2/2pn3Q/2BnN3/3P4/PPP2PPP/RNB1K2R b KQkq -,g7g6 h5d1 b7b5 c2c3 b5c4 c3d4 d5b4 e1h1 c8b7 e4c5
4r1k1/R4pp1/8/8/3QP1P1/pq5P/4P1K1/8 b - -,g8h7 d4d3 b3e6 a7a3 e6e4 d3e4 e8e4 g2f3 e4c4 a3a7
8/5qpk/2p4r/1pRn1p2/3Pp3/4P1P1/1PQ2PB1/6K1 b - -,
8/8/8/5p1p/8/6k1/8/6K1 b - -,f7g6 c2d1 g6g5 d1c1 g5f6 c1d2 f6e6 d2e2 h7g8 e2d1
r3k1nr/p4pbp/b1p1p1p1/q1pp4/N1P1PP2/3P1N2/PPQ3PP/R1B2RK1 b kq -,d5e4 d3e4 a8d8 c1e3 g7d4 f3d4 c5d4 e3d2 a5h5 b2b4
3r4/2K5/3P1k2/8/4R3/8/8/8 b - -,d8g8 d6d7 f6f5 e4c4 f5e6 d7d8q g8d8 c7d8 e6d5 c4g4
8/3K4/P3P3/2bk4/8/8/3B4/8 b - -,d8g8 d6d7 f6f5 e4c4 f5e6 d7d8q g8d8 c7d8 e6d5 c4g4
r1bqkb1r/1pp2ppp/p1np4/4p3/2P1P1n1/2NPBN2/PP1Q1PPP/R3KB1R b KQkq -,g4e3 f2e3 g7g6 d2f2 f8h6 f1e2 f7f5 e1a1 e8h8 h2h4
r1bqkbnr/1p3ppp/p1n1p3/3pP3/5Q2/3B1N2/PPP2PPP/RNB2RK1 b kq -,f7f5 f4g3 g8e7 b1c3 d8c7 f1e1 h7h6 h2h4 h8g8 c3e2
r1b1r1k1/p2nqpbp/2pp2p1/Np2p2n/P2PP3/1PPB1N1P/5PPB/R2Q1RK1 b - -,b5a4 a5c6 e7f6 a1a4 e5d4 c3d4 c8b7 d4d5 d7c5 a4d4
2r2rk1/pp4R1/n5pp/3P1b2/2B4P/8/PB3PP1/R5K1 b - -,b5a4 a5c6 e7f6 a1a4 e5d4 c3d4 c8b7 d4d5 d7c5 a4d4
5rk1/1R3p2/5p1p/N7/Pn1p4/8/1Pr2PPP/R5K1 b - -,
1nrr4/1p2bpk1/4pNp1/p1p1P1P1/PnP2B2/8/1P3PK1/1B1RR3 b - -,b7b6 e1h1 d8h8 h1h6 c8d8 d1h1 h8h6 g5h6 g7h8 h6h7
8/2p4p/1p1p1k2/3P1p1P/1PPP1K2/8/8/8 b - -,h7h6 b4b5 f6e7 f4f5 e7f7 c4c5 d6c5 d4c5 f7e7 c5b6
r1b3R1/p7/2pk4/1p6/4N3/4K1p1/PP5r/6R1 b - -,d6d5 g1d1 d5e6 g8g7 e6e5 d1d6 c8e6 d6c6 a8d8 g7g5
2k4r/ppp2ppp/8/8/8/2PB4/P1Pr1PPP/R4RK1 b - -,g7g6 f1e1 h8d8 a2a4 d2d3 c2d3 d8d3 e1e7 d3d8 g1f1
r1b2rk1/p3ppbp/1nQp2p1/qp6/4P3/1PN2P2/PBP1N1PP/1K1R1B1R b - -,b5b4 c6b5 a5b5 c3b5 g7b2 b1b2 a7a5 a2a4 b4a3 b5a3
8/2Bn2p1/b4k1p/8/2P2K1P/6P1/3N4/8 b - -,g7g5 h4g5 h6g5 f4e4 a6b7 e4d4 b7g2 d2e4 f6f5 e4f2
Q7/8/3P4/1r3P2/3n2P1/2P4P/7P/1b3k1K b - -,f1f2 c3d4 b5b8 a8g2 f2e3 g2g1 e3f4 g1c1 f4f3 c1f1
6k1/5pp1/8/p1R5/r5P1/5K1P/4P3/8 b - -,
r1bqk2r/pp2nppp/2n5/1BbpP3/8/2N2P1P/PPP3P1/R1BQK1NR b KQkq -,e8h8 g1e2 c6e5 e1f1 a7a6 b5d3 d5d4 c3e4 c5a7 e2f4
2kr3r/Qb2b1p1/3R4/5pP1/2p5/8/PPP2B2/1K6 b - -,h8h1 f2g1 d8d6 a7c5 c8d8 c5a5 d8e8 a5e1 b7f3 a2a3
8/1QB2pk1/1p3p2/1P3rp1/P1b4p/6nP/1P4PK/8 b - -,
8/8/8/7p/5p2/6k1/8/7K b - -,g3f1 h2h1 f5d5 h1g1 f1g3 g1h2 d5d2 b7b6 g3f1 h2g1
6k1/2Bn2p1/4b2p/2p5/4N3/3P4/r1P3PP/2R3K1 b - -,g7g5 e4d6 d7f8 g1f1 e6d7 d6e4 c5c4 d3c4 d7f5 e4c3
2kr3r/1ppbqp2/3p3p/p1b3pn/2BpP3/P2P1P1P/1PP1N1P1/R2QBRK1 b - -,a5a4 d1d2 d8g8 g1h1 e7f6 c2c3 g5g4 c3d4 c5b6 h1h2
4r1k1/3R1pp1/8/8/p3P1P1/1q5P/4PQK1/8 b - -,
4r1k1/5pp1/8/p7/2R1P1P1/q6P/4PQK1/8 b - -,
8/rpp2p2/2p1kN1p/2P1Pn2/1R3p2/7P/5KP1/8 b - -,f5h4 b4f4 h4g6 f4e4 a7a5 f6e8 a5c5 e8c7 e6d7 e5e6
r1bqkb1r/pp5p/4ppp1/2pn4/2BnN3/3P4/PPP2PPP/RNBQK2R b KQkq -,b7b5 c2c3 b5c4 c3d4 c4d3 d4c5 f6f5 d1a4 e8f7 e4g5
8/8/8/1p6/8/8/pkpK4/2R5 b - -,d4c6 e1h1 b7b6 e4c3 d5c7 c3b5 a7a6 b5c7 d8c7 f1e1
8/1pp5/1p6/3Pp3/P3Pk2/1P3P2/6K1/8 b - -,b6b5 a4b5 f4e3 g2g3 e3d3 g3g4 d3c3 f3f4 e5f4 g4f4
2r5/pK2R3/6Pk/7P/8/n7/8/8 b - -,c8h8 e7h7 h8h7 g6h7 h6h7 b7a7 h7h6 a7b6 h6h5 b6c5
2r2q1k/6pb/7p/8/5Q2/1Q6/5PPP/4R2K b - -,f8f5 f4d4 h7g6 h2h3 c8f8 e1e7 f5f6 d4f6 f8f6 b3b8
r1b3R1/p1k5/2p5/1p6/4N3/4K1R1/PP5r/8 b - -,h2b2 g3g7 c7b6 e4d6 b6c5 d6c8 c5b4 c8a7 a8g8 a7c6
6k1/5pp1/8/p1R5/5KP1/r6P/4P3/8 b - -,
2r3k1/1R3p2/5p1p/8/Pn6/1N1p3P/1Pr2PP1/R5K1 b - -,c8c4 a1b1 c2e2 b7d7 c4c2 b3d4 c2b2 b1b2 e2b2 d4f5
r7/2KP4/5k2/8/4R3/8/8/8 b - -,f6f5 e4e8 a8a7 c7c8 a7a3 d7d8q a3a8 c8d7 a8d8 d7d8
r7/pb3r2/3R4/1pp4k/8/2N2p2/PP6/2KB2R1 b - -,a8h8 g1h1 h5g5 h1h8 f3f2 h8g8 g5f4 d1e2 f4e5 d6d1
r4r1k/pp1b3p/2p4P/3pqpQN/8/2P3P1/PP4B1/5RK1 b - -,f8f7 c3c4 d5d4 g5f4 e5f4 f1f4 d7e8 f4d4 f7d7 d4d7
8/2Bn4/b4k1p/6P1/2P2K2/6P1/3N4/8 b - -,h6g5 f4e4 a6b7 e4d4 b7g2 d2e4 f6f5 e4f2 g2f3 c4c5
R6R/p5k1/2p1b3/1p2p3/8/3K4/N7/6q1 b - -,h6g5 f4e4 a6b7 e4d4 b7g2 d2e4 f6f5 e4f2 g2f3 c4c5
6k1/2Bn2p1/4b2p/8/2p5/2NP4/r1P3PP/2R3K1 b - -,a2a6 d3d4 d7f6 g1f2 a6a3 c3b5 a3a2 f2e2 e6f5 e2d2
6rk/p7/3p3p/2pPp3/P1P2Bbp/5PqP/Q4NP1/5nRK b - -,
8/6k1/6np/6P1/6P1/6N1/6K1/8 b - -,
8/5qpk/2p4r/1pR2p2/1n1Pp3/2Q1P1P1/1P3PB1/6K1 b - -,
r4rk1/pb1p2pp/1pn1p3/2p2pq1/2PP1P2/PP1BP3/2Q3PP/R1B2RK1 b - -,g5e7 c1b2 c5d4 e3d4 e7f7 a1e1 a8c8 e1e3 c6e7 c2e2
r1q2rk1/p3pp1p/2p3p1/2P5/8/4Q3/PP3PPP/R4RK1 b - -,c8c7 a1d1 f8d8 e3f3 d8b8 f3c3 b8d8 f1e1 a7a5 g2g3
2R3k1/5pp1/8/p3r3/4P1P1/7P/q3PQK1/8 b - -,g8h7 f2f3 a2e6 c8f8 f7f6 f3d3 e6c6 f8d8 c6e4 d3e4
2kr3r/ppp2ppp/8/8/5B2/2PB4/P1P2PPP/5RK1 b - -,h8e8 f1a1 g7g6 g2g3 e8e6 c3c4 e6c6 f4e3 c6d6 c4c5
5rk1/pp3ppp/2p5/4r3/3pnq2/3Q3P/PP3PB1/R1R1B1K1 b - -,f8d8 c1c4 e4c5 d3d2 g7g5 b2b4 c5e6 d2f4 e6f4 g2f1
rqb2rk1/1p1nppbp/p4np1/8/P1B5/2N1BN1P/1P3PP1/R2Q1RK1 b - -,e7e6 a1c1 b7b6 f3g5 c8b7 d1b3 b8d6 f1d1 d6c6 c4f1
6k1/5pp1/8/2R5/p3PKP1/r6P/8/8 b - -,a3h3 c5a5 h3a3 e4e5 a3a1 a5a8 g8h7 f4g5 a4a3 a8a6
r4rk1/pQ1bppbp/1n1p2p1/qp6/4P3/1PN2P2/PBP1N1PP/1K1R1B1R b - -,a8b8 b7b6 a5b6 c3d5 b6d8 e2d4 e7e6 d5e3 d8g5 d1d3
8/8/8/8/7p/5pk1/8/5K2 b - -,f8c8 d1d4 g7d4 e2d4 a8b8 d4c6 d7c6 b7e7 b6a4 c3a4
r1b1r1k1/p2nqpbp/2pp2p1/Np2p2n/3PP3/1PPB1N1P/P4PPB/R2QR1K1 b - -,e7d8 b3b4 d8b6 c3c4 c8a6 a1c1 g7h6 c4c5 d6c5 d4c5
8/2Bn4/b4k2/6p1/2P1K3/6P1/3N4/8 b - -,a6b7 e4d4 b7g2 d2e4 f6f5 e4f2 g2f3 c7d6 f3b7 f2d1
5rk1/2p1b1pp/1pnpp1q1/p3p3/P1N1Pr2/1PPP1N1P/4QPP1/2R2R1K b - -,f4f3 g2f3 g6h5 h1g2 e7g5 c1c2 g5f4 f1h1 d6d5 c4e3
r1bqkbnr/ppp2ppp/2n1p3/3pP3/3P1P2/3B1N2/PPP3PP/RNBQK2R b KQkq -,c6b4 d3e2 c7c5 c1e3 c5d4 f3d4 b4c6 b1d2 c6d4 e3d4
8/1p4p1/2p3Kp/8/2kP1P2/7P/1P6/8 b - -,
4k3/8/8/8/3P4/4PN2/PPP2PPP/RNBQKB1R b KQ -,c4d4 g6g7 d4e4 g7h6 e4f4 h3h4 f4f5 h6g7 f5g4 g7f6
rnb2k2/1p1p1ppB/p7/8/8/8/PqP2PKP/3QR3 b - -,d7d5 d1d5 b2b6 d5h5 b8d7 h5e2 b6e6 e2d2 e6c6 g2g1
2rr2k1/1pn1bp2/4p1p1/p1p1P1P1/PnP2B2/5N2/1P3PK1/1B1RR3 b - -,g8g7 f3d2 c7a6 d2e4 d8d1 e1d1 c8d8 f4d2 b7b6 d1f1
8/6k1/6n1/5Np1/6P1/8/6K1/8 b - -,
r3k2r/pp1qbpp1/2np3p/4p3/1PB1P1nP/2PP2N1/3BQP2/R4K1R b kq -,h6h5 b4b5 c6d8 g3f5 e8f8 d2g5 g4f6 d3d4 d8e6 d4e5
4r1k1/5pp1/8/p7/2R1P1P1/2p1P2P/Pq3QK1/8 b - -,e8d8 g2g3 a5a4 h3h4 f7f6 e4e5 f6e5 f2f5 b2c1 c4c8
2R5/5ppk/8/p3r3/4P1PQ/7P/q3P1K1/8 b - -,h7g6 h4f2 a2a4 f2f3 a4e4 f3e4 e5e4 g2f3 e4a4 h3h4
R6R/p5k1/2p1b3/1p2p3/8/2K5/N7/1q6 b - -,h7g6 h4f2 a2a4 f2f3 a4e4 f3e4 e5e4 g2f3 e4a4 h3h4
1rq1n3/1p1R2pk/2n1Q3/1p2P3/5B2/1P4P1/r4P1P/2R3K1 b - -,c8d7 e6d7 b8d8 d7f7 a2a8 g1g2 a8c8 f7b7 c8c7 b7c6
r1bqkb1r/1p2nppp/p1n1p3/3pP3/5Q1P/3B1N2/PPP2PP1/RNB2RK1 b kq -,e7g6 f4g3 c6b4 b1c3 c8d7 c3e2 b4d3 c2d3 a8c8 h4h5
4r1k1/R4pp1/8/8/p3P1P1/7P/q3PQK1/8 b - -,a2c4 f2f3 e8e4 a7a8 g8h7 f3d3 c4d3 e2d3 e4d4 a8a6
1r3rk1/p1Qbppbp/1n1p2p1/qp6/4P3/1PN2P2/PBP1N1PP/1K1R1B1R b - -,f8c8 c7b8 c8b8 e2d4 b5b4 c3d5 b6d5 e4d5 a5d5 f1c4
R2R4/p5k1/2p5/1p2p3/6b1/2K5/PP6/3q4 b - -,f8e8 c3d5 b8c8 c7b7 g7b2 b1b2 c8b8 b7c7 b8c8 d5e7
8/1bBn4/5k2/6p1/2PK4/6P1/3N4/8 b - -,b7g2 d2e4 f6f5 e4f2 g2f3 c7d6 f5e6 c4c5 f3a8 f2d3
2k4r/pp1n1p2/7p/6p1/2Pn2B1/3P3P/Pq3PP1/2RQ1RK1 b - -,f7f5 c1b1 b2a3 g4f3 b7b6 f3d5 a3d6 f1e1 h6h5 d1c1
2r3k1/p2q1pp1/5n2/3p4/3Nr3/4P2P/PP1Q1PP1/2RR2K1 b - -,e4e8 d4e2 d7a4 e2c3 a4b4 c1c2 e8d8 b2b3 b4a3 d1c1
6k1/2Bn2p1/4b2p/8/2pPN3/8/r1P3PP/2R3K1 b - -,a2a8 g1f2 e6d5 e4c3 d7f6 c3d1 d5e4 d1e3 a8a4 g2g3
2q5/r4kpp/pQpBpb2/2Pp1p2/3P4/4P3/P4PPP/1R4K1 b - -,a7d7 b6b8 c8b8 b1b8 f6e7 d6g3 g7g5 b8b6 h7h5 g3e5
r2n1rk1/ppp1q1pp/5p2/1B1pP3/3P1P1P/8/PP1Q1P2/1K1R3R b - -,f6e5 d4e5 e7f7 b5d3 f7f4 d2c2 d8c6 d3h7 g8h8 a2a3
1r3r2/pp1qppkp/2np1np1/2pN4/2P1P3/2QP2P1/PP2NPKP/1R3R2 b - -,d7d8 b2b4 e7e6 d5f6 d8f6 c3f6 g7f6 b4b5 c6b4 f1d1
8/8/4pRp1/4P3/4P1rP/6k1/8/5K2 b - -,
r5k1/2R2pp1/8/3Q4/p3P1P1/1q5P/4P1K1/8 b - -,a8f8 d5b3 a4b3 c7b7 f8e8 g2f3 g7g5 b7b3 g8g7 b3b5
5r1k/1p3Npp/5b2/4qp2/p6P/P7/1P1Q1PP1/3R2K1 b - -,a8f8 d5b3 a4b3 c7b7 f8e8 g2f3 g7g5 b7b3 g8g7 b3b5
2krr3/ppp2ppp/8/8/5B2/2PB4/P1P2PPP/3R2K1 b - -,d8d5 d1a1 d5c5 f4d2 e8e6 g2g3 b7b6 h2h4 e6d6 a2a4
8/6k1/6n1/6p1/6P1/6N1/5K2/8 b - -,
5r1k/6p1/7R/8/2P5/5pPq/3Q1P1P/4R1K1 b - -,g7h6 d2d4 h8g8 d4d5 g8h8 d5e5 h8h7 e5e7 h7g8 e7e6
4r1k1/5pp1/4q3/R7/4P1P1/7P/4PQK1/8 b - -,
r3k2r/1p1qbpp1/p1np3p/4pN2/1PB1P1nP/2PP4/3BQP2/R4K1R b kq -,g7g6 e2g4 g6f5 g4h5 e8a8 h5f7 d8f8 f7e6 f5f4 h4h5
rqb2rk1/3nppbp/pp3np1/8/P1B5/1QN1BN1P/1P3PP1/R4RK1 b - -,c8b7 f3d2 e7e6 f1d1 f8d8 a1c1 g7f8 c4f1 d8c8 d2c4
8/1pp4p/p2p1k2/3P1p2/3P1K1P/8/PPP5/8 b - -,b7b6 h4h5 b6b5 c2c3 f6e7 f4f5 e7f7 b2b3 f7e7 f5g5
4r1k1/5pp1/8/8/p1R1P1PP/2p1P3/Pq3QK1/8 b - -,e8d8 g2g3 f7f6 e4e5 f6e5 f2f5 b2c1 c4c8 c1e3 g3h2
1rbqr1k1/2p2pp1/1bnp1n1p/1p2p3/3PP3/2P1BN1P/1PBN1PP1/R2Q1RK1 b - -,c8d7 f1e1 c6a5 b2b4 e5d4 c3d4 a5c4 d2c4 b5c4 e3d2
r1b2r1k/pp2q1pp/1npb1n2/4pp2/3P4/PBN1PP1P/1PQBN1P1/2KR3R b - -,c8d7 d4e5 d6e5 c1b1 d7e6 b3e6 e7e6 d2c1 b6c4 g2g4
8/2Bn4/5k2/2P3p1/3K4/6P1/3N2b1/8 b - -,d7f8 d4c4 f8e6 c7d6 f6f5 c4b4 f5g4 d2c4 g2e4 c4e3
r6k/5qpp/4b2b/3NPp2/1p1R4/1B1Q3P/5PP1/2R3K1 b - -,h6c1 d5b6 a8g8 d4b4 c1g5 b3e6 f7e6 b6c4 h7h6 b4b5
r1b1k2r/pp2nppp/1qn5/1BbpP3/8/2N2P1P/PPP1N1P1/R1BQK2R b KQkq -,a7a5 c1f4 e8h8 b5d3 a5a4 e1f1 f8d8 b2b3 a4b3 a2b3
3r2q1/1p2b2k/p3p2p/4Pp2/4pP2/2P1B3/1P1RQ2P/7K b - -,g8g4 b2b3 g4e2 d2e2 d8d3 e2d2 a6a5 d2d3 e4d3 h1g2
2kr3r/1ppbqp2/3p3p/p1b3p1/2BpPN2/P2P1P1P/1PP3P1/R2QBRK1 b - -,g5f4 b2b4 d6d5 c4d5 c5d6 b4a5 c7c6 d5c4 d8g8 g1h2
r2q1n2/3nb3/k1p1pPp1/ppPp4/3P1PB1/1P2P1Q1/PB1NK3/1R6 b - -,d7f6 a2a4 f6g4 a4b5 c6b5 g3g4 d8e8 d2f3 e7d8 b1h1
8/8/4p1R1/4P3/4r2P/6k1/8/5K2 b - -,g3h2 g6e6 h2g3 h4h5 e4h4 h5h6 g3f4 f1g2 f4f5 e6a6
8/5k2/6n1/6p1/6P1/4K1N1/8/8 b - -,
r4qk1/p7/1p3r2/3QNp1R/3p1P2/1P6/P1PP2PP/5RK1 b - -,f7f6 g3e4 f6g7 e4g5 g6e5 e3f4 e5g4 f4g4 g7g6 g4f4
R2R4/p5k1/2p5/1p2p3/6b1/8/PPK5/4q3 b - -,f7f6 g3e4 f6g7 e4g5 g6e5 e3f4 e5g4 f4g4 g7g6 g4f4
r1bqk2r/pp2ppbp/2n3p1/2pn4/8/1QN2NP1/PP1PPPBP/R1B2RK1 b kq -,d5c7 b3c4 c7e6 d2d3 e8h8 c4h4 h7h5 h2h3 a7a5 c1d2
r1bqk2r/pppp1ppp/2n5/8/1bP1n3/2N1P3/PPQ1NPPP/R1B1KB1R b KQkq -,d7d5 e2f4 c8f5 f1d3 c6e5 e1h1 b4c3 b2c3 e5d3 c2d3
8/3n1k2/1p1P2pp/8/4N3/1P3P1P/8/5K2 b - -,
5n2/8/3B1k2/2P3p1/3K4/6P1/3N2b1/8 b - -,f8e6 d4c4 f6f5 c4b4 f5g4 d2c4 g2e4 d6e5 e6d8 b4a4
r2q3r/ppp2kpp/2np1n2/6N1/4P1b1/2N1Q3/PP3PPP/R1B2RK1 b - -,f7e8 f2f4 g4c8 e4e5 f6g4 e3g3 g4h6 e5d6 h6f5 g3f2
8/4k3/1R6/P4p1r/1p1P4/6K1/1P6/8 b - -,e7d7 a5a6 f5f4 g3f4 h5a5 f4e3 d7c7 b6h6 a5a1 e3d3
2rrn1k1/1p2bp2/4p1p1/p1p1P1P1/PnP2B2/5N2/1P3PK1/1B1R3R b - -,b7b6 f3d2 e8g7 d2e4 d8d1 h1d1 c8d8 d1c1 g7f5 e4f6
r2qrnk1/1p3p2/p2p1bp1/2pPp1N1/P3P2P/8/1PPQN3/2K3RR b - -,b7b5 e2g3 f6g7 a4a5 c5c4 c1b1 b5b4 g5f7 g8f7 h4h5
8/8/4R3/4P3/4r2k/8/8/5K2 b - -,
8/8/4k1n1/6p1/4N1P1/4K3/8/8 b - -,
r4rk1/ppp2pp1/3b1q1p/n3pBN1/3P3P/2P1B3/P1P2PP1/R2QK2R b KQ -,e5d4 f5h7 g8h8 e3d4 f6e7 e1f1 c7c5 d4e3 a5c4 h7d3
1r3k2/1qp2n2/3prP2/1p2p2Q/3PP3/R6P/1PP3P1/5RK1 b - -,b7e4 a3g3 e4d5 h5h7 e6f6 f1f6 e5e4 g3g8 f8e7 f6f7
r2q1n2/4b3/k1p1pnp1/ppPp4/3P1P2/1P2PBQ1/PB1NK3/1R6 b - -,f6e8 a2a4 b5b4 b1h1 e8g7 e2d1 g7f5 g3f2 e7f6 f3e2
r1bqkb1r/1ppp1ppp/p4n2/3Pp3/2BnPP2/2N5/PPP3PP/R1BQK1NR b KQkq -,d7d6 a2a4 f8e7 c1e3 c7c5 d5c6 d4c6 f4f5 c6b4 g1e2
r2n1rk1/ppp1q1pp/5p2/3pP3/B2P1P2/7P/PP1Q1P2/1K1R3R b - -,c7c6 a4c2 f6f5 h3h4 a7a5 a2a3 d8e6 h4h5 b7b5 h1h2
r1bq1rk1/bpp2ppp/p1n2n2/3pp3/4P3/1BPP1N1P/PP1NQPP1/R1B2RK1 b - -,a6a5 a2a4 c8e6 f3g5 d5e4 b3e6 e4d3 e2d1 f7e6 g5e6
r1b1k2r/pp2nppp/1qn5/1B1pP3/8/2N2P1P/PPP1NbP1/R1BQ1K1R b kq -,f2c5 b5c6 b7c6 c3a4 b6b5 a4c5 b5c5 d1d3 c5b6 a2a4
6k1/p2q1pp1/5n2/3p4/3Nr3/4P2P/PP1Q1PP1/2R3K1 b - -,e4e8 d2c3 d7d6 c3c5 d6a6 a2a3 e8b8 b2b3 b8d8 a3a4
8/8/4k3/4n1N1/6P1/4K3/8/8 b - -,
8/8/3Bnk2/2P3p1/2K5/6P1/3N2b1/8 b - -,f6f5 c4b4 f5g4 d2c4 g2e4 c4e3 g4f3 e3f1 f3g2 f1d2
r1bqkbnr/ppp4p/2n2p2/4p1p1/3P4/5N2/PPP1PBPP/RN1QKB1R b KQkq -,g5g4 f3h4 c6d4 e2e3 d4c6 f1d3 c8e6 b1c3 d8d7 d1e2
rnb1r1k1/p3qpbp/2pp2p1/Np2p2n/P2PP3/1PPB1N1P/5PPB/R2QR1K1 b - -,a7a6 b3b4 e7c7 d3f1 c8d7 d1d2 d7e6 c3c4 b5c4 a5c4
r1bqkb1r/1pp2ppp/p2p1n2/3Pp3/2BnPP2/2N2N2/PPP3PP/R1BQK2R b KQkq -,
2kr3r/1ppbqp2/3p3p/p1b5/1PBpPp2/P2P1P1P/2P3P1/R2QBRK1 b - -,d6d5 c4d5 c5d6 c2c4 d4c3 d3d4 c7c6 d5c4 h8g8 d1c2
r2q1rk1/1p1bb1pp/2n1pn2/p1pp4/P2P4/2PB1NN1/1P3PPP/R1BQR1K1 b - -,e7d6 d4c5 d6c5 c1e3 c5d6 c3c4 c6b4 c4d5 e6d5 h2h3
rnb1kb1r/p2p1ppp/1q1Ppn2/1pp5/2P2B2/5N2/PP2PPPP/RN1QKB1R b KQkq -,f6e4 e2e3 b5c4 b1c3 e4d6 f1e2 b6b2 a1c1 d6b5 c3b5
r4rk1/pb1p2pp/1pn1p1q1/2p2p2/2PP1P2/PP1BP3/1BQ3PP/R4RK1 b - -,c6a5 f1f2 d7d5 d4c5 d5c4 b3c4 f8c8 b2d4 a5c6 d4c3
1r4k1/R4pp1/8/3Q4/p3P1P1/1q5P/4P1K1/8 b - -,g8h7 a7f7 b3b2 d5h5 h7g8 f7f2 a4a3 h5d5 g8h7 d5f5
5k2/4b3/5pp1/1p2P3/2p2P2/2P3K1/1P6/5R2 b - -,f8f7 f1a1 f6f5 a1a6 e7d8 a6d6 d8e7 d6b6 e7d8 b6b5
1r3k2/2p2n2/3prP2/1p2p2Q/3Pq3/6RP/1PP3P1/5RK1 b - -,e4f4 f1f4 e5f4 g3g8 f8g8 h5g6 g8f8 g6g7 f8e8 g7g8
r1bqkb1r/1p3ppp/p1n1p1n1/3pP3/7P/3B1NQ1/PPP2PP1/RNB2RK1 b kq -,d8d7 h4h5 g6e7 b1c3 c6b4 f3d4 b4d3 c2d3 h8g8 c1e3
4r1k1/5pp1/8/R7/4q1P1/5Q1P/4P1K1/8 b - -,
2b5/2qrrp1k/5Rp1/2p4p/1pB1PRPP/1P1P4/1Q5K/8 b - -,c8a6 c4a6 h5g4 h2g2 d7d4 a6c4 d4c4 b3c4 h7g8 f4g4
1N6/8/3K4/5B2/8/8/8/k7 b - -,a1b2 d6c5 b2b3 f5e6 b3c2 b8c6 c2b1 c5c4 b1b2 e6f5
r1bqrnk1/1p3p2/p2p1bp1/2pPp1N1/P3P1PP/2N5/1PPQB3/R3K2R b KQ -,f6g5 h4g5 f8h7 e2a6 b7a6 d2h2 d8g5 h2h7 g8f8 h7h4
r1b1kb1r/pp3ppp/2n1pq2/2pn2N1/2B5/3P1Q2/PPP2PPP/RNB2RK1 b kq -,f8e7 f1e1 f6g6 h2h4 h7h6 g5e4 e8h8 h4h5 g6h7 e4g3
r4r1k/pp1b3p/2p4P/3pqR1N/8/2P3P1/PP1Q2B1/6K1 b - -,f8f5 h5f4 a8g8 g1f2 f5f6 d2d4 e5d4 c3d4 f6h6 b2b4
8/8/3K4/5R1R/1k6/8/8/8 b - -,e5e7 d2d4 h8g8 d4g4 g8h8 g4g7 e7g7 h6g7 h8g8 f5f8
2q2rk1/1Q2Rp2/3N1p1p/p2p4/Pn6/8/1P1r1PPP/R5K1 b - -,c8c5 b7a7 c5d6 a7e3 d2d3 e3e2 d6f4 g2g3 f4d2 e2g4
r1bqk2r/pppp1ppp/2n5/8/1bP1n3/2N1P3/PP1BNPPP/R2QKB1R b KQkq -,e4d2 d1d2 e8h8 a2a3 b4d6 e2g3 f8e8 f1e2 d6f8 a1d1
6k1/5p1p/6p1/3b4/8/2P1PPP1/2R3KP/3r4 b - -,d5c4 g3g4 g6g5 g2f2 g8g7 e3e4 h7h6 c2b2 d1c1 b2d2
8/8/5k2/4n3/6P1/4K2N/8/8 b - -,
2krr3/ppp2p1p/6p1/6B1/8/2PB4/P1P2PPP/3R2K1 b - -,d8d6 d1a1 d6d5 g5e3 e8d8 c3c4 d5d3 c2d3 d8d3 a1c1
rnb1r1k1/p1q2pbp/2pp2p1/Np2p2n/PP1PP3/2PB1N1P/5PPB/R2QR1K1 b - -,a7a6 d3f1 b8d7 c3c4 b5c4 a5c4 g7f8 a1c1 c8b7 d1b3
8/p3q2k/1p2Pppp/5r2/3Q4/8/4R1PP/6K1 b - -,h6h5 h2h4 f5c5 g1h2 c5c1 d4d2 c1c8 g2g3 c8e8 d2d4
rn1q1rk1/p1n2pbp/2Pp2p1/4p3/P7/2N2QPP/1P3PB1/R1B1R1K1 b - -,f8e8 f3e4 a7a5 c1e3 a8a6 a1d1 a6c6 e4d3 d8c8 g2c6
8/2b2pk1/1p2p1p1/p1p1P2p/P1P2BPP/1P3P1K/8/8 b - -,
3q4/1p2b2k/p3p2p/4Pp2/4pP2/2P1B3/1PQ4P/7K b - -,d8e8 c2d1 a6a5 h2h3 h7g7 d1e2 a5a4 h1h2 e8c6 e3f2
r4rk1/pp2bppp/1np1p3/3P1b2/5B2/1BP2N2/PP3PPP/R3R1K1 b - -,b6d5 f4g3 f8d8 a2a4 a7a5 a1d1 g7g5 d1d4 h7h5 h2h4
6k1/2Bn2p1/4b2p/8/2P1N3/8/r1P3PP/2R3K1 b - -,a2a7 c7g3 e6c4 e4d6 c4e6 c1e1 d7f8 g1f2 g8h7 c2c4
8/5pk1/r4p2/p3pP2/R3P2P/3P1K2/P7/8 b - -,a6a7 a4c4 a5a4 a2a3 a7a6 f3e3 a6a7 c4c6 a7a5 c6c7
1rbqr1k1/2p2pp1/1bnp1n1p/1p6/3PP3/4BN1P/1PBN1PP1/R2Q1RK1 b - -,c6e7 b2b4 c8d7 f1e1 e7g6 c2d3 b8a8 a1a8 d8a8 d1c2
1r3rk1/p6p/B3p1p1/6B1/n7/6P1/P4P1P/R5K1 b - -,a4c3 a6c4 f8e8 g5e3 b8c8 c4f1 e8e7 a2a4 c3d5 e3d4
4r1k1/5pp1/8/R7/6P1/7P/4Q1K1/8 b - -,
rnbqkbnr/1ppp1ppp/8/4p3/p3P3/5NP1/PPPP1PBP/RNBQK2R b KQkq -,b8c6 e1h1 d7d6 d2d4 e5d4 f3d4 c6d4 d1d4 g8f6 b1c3
8/3K4/Pk2P3/2b5/8/8/3B4/8 b - -,b8c6 e1h1 d7d6 d2d4 e5d4 f3d4 c6d4 d1d4 g8f6 b1c3
rn1q1rk1/ppp1p1bp/4Qnp1/4N3/3P4/4P3/PP3PPP/RNB1K2R b KQ -,g8h8 e5f7 f8f7 e6f7 c7c5 d4c5 b8c6 e1h1 c6e5 f7b3
r1bqr1k1/1p3p1n/p2p2p1/2pPp1P1/P3P1P1/2N2B2/1PPQ4/R3K2R b KQ -,h7g5 f3d1 g8g7 d2h2 e8h8 h2h8 d8h8 h1h8 g7h8 a1a3
8/8/5k2/8/6n1/5K1N/8/8 b - -,
2q2rk1/1Q3R2/5p1p/pN1p4/Pn6/8/1P1r1PPP/R5K1 b - -,c8b7 f7b7 f8f7 b7b6 d5d4 b5d6 f7c7 d6e4 d2c2 g2g4
r3k2r/1p1qbpN1/p1np4/4p2p/1PB1P1nP/2PP4/3BQP2/R4K1R b kq -,e8f8 g7f5 h8g8 b4b5 c6d8 b5a6 b7a6 d3d4 a8b8 f2f3
r5k1/1pbN1pp1/p3pn2/5r1p/2P5/1P5P/1B2RPP1/3R2K1 b - -,b7b5 d7f6 g7f6 e2c2 b5c4 g2g4 h5g4 h3g4 f5g5 c2c4
r2q1n2/4b3/k1p1pnp1/p1Pp4/Pp1P1PB1/1P2P1Q1/1B1N1K2/1R6 b - -,f6e4 d2e4 e7h4 e4g5 h4g3 f2g3 f8d7 b1h1 d7f6 g4e2
r1b1kb1r/pp3ppp/2n1p3/2pn4/2B5/3P1N2/PPP2PPP/RNB2RK1 b kq -,f8e7 f1e1 e8h8 c1d2 f8d8 a2a3 a7a6 c4d5 e6d5 d2a5
r2q1rk1/1p1bb1pp/2n1pn2/p2p4/P2P4/3B1NN1/1P3PPP/R1BQR1K1 b - -,f6g4 d3b5 e7d6 b5c6 b7c6 b2b3 a8c8 c1a3 d6a3 a1a3
r7/5pk1/5p2/p3pP2/R3P2P/3PK3/P7/8 b - -,a8a7 a4c4 a5a4 a2a3 a7a8 c4c7 a8h8 e3d2 h8h4 c7c4
2kr4/ppp2p1p/6p1/4rBB1/8/2P5/P1P2PPP/3R2K1 b - -,d8d7 f5d7 c8b8 g5f6 e5a5 d7e6 a7a6 d1d5 a5d5 e6d5
r1bq1rk1/2p1bppp/p2p1n2/np1Bp3/4P3/2N2N1P/PPPP1PP1/R1BQR1K1 b - -,c7c6 d5b3 c8b7 d2d3 a5b3 a2b3 c6c5 c3e2 f6h5 g2g4
8/3P1k2/1p4pp/8/4N3/1n3P1P/5K2/8 b - -,f7e7 e4f6 b6b5 f2e3 b3c5 f6g8 e7d7 g8h6 b5b4 e3d4
rn1qk2r/pppbbppp/3ppn2/8/2PPPPP1/2N5/PP5P/R1BQKBNR b KQkq -,d6d5 e4e5 f6e4 c3e4 d5e4 f1g2 c7c5 d4d5 e6d5 c4d5
rn1q1r1k/ppp1pNbp/4Qnp1/8/3P4/4P3/PP3PPP/RNB1K2R b KQ -,f8f7 e6f7 c7c5 d4c5 b8d7 e1h1 d7e5 f7b3 f6e4 b1c3
8/1K6/3r4/3k4/8/8/8/8 b - -,f8f7 e6f7 c7c5 d4c5 b8d7 e1h1 d7e5 f7b3 f6e4 b1c3
r4rk1/ppp2pp1/3b1q1p/n3pb2/3PN2P/2PBB3/P1P2PP1/R2QK2R b KQ -,f6g6 e4d6 c7d6 h1h3 f5d3 c2d3 f7f5 e1f1 f5f4 e3d2
2kr3r/bppbqp2/3p3p/p7/PPBpPp2/3P1P1P/2P3P1/R2QBRK1 b - -,d8g8 g1h1 a5b4 d1d2 e7g5 c4f7 g8g7 f7c4 a7c5 d2f2
r3QQ2/1p5k/7p/n7/1p6/1P4P1/5PKP/8 b - -,d8g8 g1h1 a5b4 d1d2 e7g5 c4f7 g8g7 f7c4 a7c5 d2f2
3b4/5pk1/1p2p1p1/p1p1P2p/P1P3PP/1P2BP1K/8/8 b - -,
r1bkr3/1pp1RQpp/2np4/1p4B1/q7/2PB4/P1P2PPP/R5K1 b - -,c6e7 a1e1 d8d7 d3f5 d7c6 f7e8 c6b6 g5e3 b6a6 e8e7
8/3Pk3/1p3Npp/8/8/1n3P1P/5K2/8 b - -,b6b5 f2e3 b3a5 e3e4 a5b7 f6g8 e7d7 g8h6 d7d6 f3f4
rnnr2k1/1b3ppp/p2pp3/1p6/4P3/P1N3P1/1PPRNPBP/3R2K1 b - -,b8d7 b2b3 g8f8 f2f4 f8e7 g1f2 d7c5 g3g4 c8b6 g4g5
rnbqkb1r/1pp2ppp/p4p2/3p4/3P4/2N2N2/PPP1PPPP/R2QKB1R b KQkq -,g7g6 g2g3 c7c6 f1g2 f6f5 e2e3 f8d6 c3e2 b8d7 e1h1
6k1/5pp1/8/R7/6P1/5K1P/4r3/8 b - -,
r4rk1/pb1pn1pp/1p2p1q1/2P2p2/2P2P2/PP1BP3/1BQ3PP/R4RK1 b - -,f8b8 c5b6 a7b6 b2d4 h7h6 b3b4 b7e4 c2d2 g6e8 b4b5
rn2k2N/1p1b2pp/4pn2/1pb5/6P1/2PB4/PP3P1P/R1B1K2R b KQ -,d7c6 h1g1 g7g6 g4g5 f6d7 c1f4 e6e5 f4g3 e8f8 b2b4
r2qkb1r/ppp2ppp/2n1pn2/4Nb2/2BP4/4P3/PP3PPP/RNBQ1RK1 b kq -,c6e5 d4e5 d8d1 f1d1 f6d7 b1c3 e8a8 e3e4 d7e5 d1d8
3r1rk1/p1p3pp/1bp5/4R3/3P1PP1/8/PP3P2/R1B3K1 b - -,b6d4 e5e2 d8e8 g1f1 c6c5 a1b1 a7a5 b2b3 e8b8 e2e4
r4rk1/1p1bb1pp/1qn1pn2/p2p4/P2P4/5NN1/1P3PPP/RBBQR1K1 b - -,a8c8 a1a2 e7b4 e1f1 d7e8 b2b3 c6e7 a2e2 e8g6 b1g6
r1bqk2r/pppp1ppp/8/4n3/1bP1n3/2N1P3/PPQBNPPP/R3KB1R b KQkq -,e4c3 e2c3 d7d6 a2a3 b4c3 d2c3 d8e7 e1a1 e8h8 f2f4
r4k1r/1p1qbpN1/p1np4/4p2p/1PB1P1nP/2PP1Q2/3B1P2/R4K1R b - -,e7f6 g7f5 c6e7 f5e3 f8g7 f1e2 e7g6 e3d5 f6d8 f3h3
7r/5pk1/5p2/p3pP2/R3P2P/3P4/P2K4/8 b - -,g7h6 a4a5 h8b8 a2a4 h6h5 a5b5 b8f8 b5d5 f8c8 a4a5
4r1k1/2R2pp1/4q3/p7/3QP1P1/7P/4P1K1/8 b - -,
r1bq1rk1/1p1nb1pp/p2p4/3Ppp2/2P5/2NB1P2/PP1B2PP/R2Q1RK1 b - -,d8b6 g1h1 d7c5 d1b1 c5d3 b1d3 c8d7 d2e3 b6b4 e3d2
r2q1n2/4b3/k1p1pnp1/ppPp4/P2P1PB1/1P2P1Q1/1B1NK3/1R6 b - -,b5b4 g4h3 f6h5 g3g4 h5g7 d2f3 g7f5 b1g1 a6b7 h3f1
r2q2kr/pppNbp1p/3pn1pB/8/4P3/2Q5/PPP2PPP/R3K2R b - -,d8d7 h2h4 d7c6 c3c6 b7c6 h1h3 e7f8 h6f8 g8f8 h3a3
2k5/pppB1p1p/6p1/4r1B1/8/2P5/P1P2PPP/3R2K1 b - -,c8b8 g5f6 e5a5 d7e6 a7a6 d1d5 a5d5 e6d5 b8c8 d5f7
r1bq1rk1/4bppp/p1pp1n2/np2p3/4P3/1BN2N1P/PPPP1PP1/R1BQR1K1 b - -,c8b7 d2d3 a5b3 a2b3 c6c5 c3e2 f6h5 e2c3 g7g6 c1h6
1r6/3bp2p/p4k2/3p1P2/P3R3/KB5P/P3R3/8 b - -,d7f5 e4e7 f5e4 e7e4 d5e4 e2e4 a6a5 e4c4 b8d8 c4c5
r2q1r2/pb2n1kp/1p2p1pQ/2p5/4p3/2PP2P1/PP2NPB1/R3K2R b KQ -,g7f6 d3e4 e6e5 a1d1 e7f5 e4f5 d8d1 e1d1 b7g2 d1c1
2q1r1k1/4b1p1/4p2p/1p1pPr1P/p1nP1P2/P3N2R/1PN1Q1K1/5R2 b - -,f5f7 e3c4 c8c4 h3d3 e8f8 c2e3 c4c6 e2g4 b5b4 a3b4
rn1qkb1r/1pp2ppp/p3bp2/3p4/3P4/2N1PN2/PPP2PPP/R2QKB1R b KQkq -,c7c6 f1d3 b8d7 e1h1 f8d6 c3e2 e8h8 e2f4 e6g4 h2h3
r2q1n2/4b3/k1p1pnp1/p1Pp4/Pp1P1P2/1P2P1QB/1B1NK3/1R6 b - -,f6h5 g3h2 e7f6 b1g1 a8a7 e2d1 a7h7 h2e2 a6a7 h3f1
2rr2k1/1pn1bpp1/4p3/p1p1P1P1/PnP2B2/5N2/1P3P2/1B1RR1K1 b - -,b7b6 g5g6 d8d1 g6f7 g8f7 e1d1 c8d8 d1d8 e7d8 f4d2
2kr2r1/bppbqp2/3p3p/p7/PPBpPp2/3P1P1P/2P3PK/R2QBR2 b - -,g8g7 b4a5 e7g5 d1d2 d8g8 h2h1 g5h5 h3h4 g7g2 d2g2
8/8/3K4/8/6RR/8/3k4/8 b - -,g8g7 b4a5 e7g5 d1d2 d8g8 h2h1 g5h5 h3h4 g7g2 d2g2
1r6/3bp2p/p4k2/5P2/P3R3/KB5P/P7/8 b - -,d7f5 e4c4 e7e5 c4c6 f6g5 c6a6 e5e4 a6a7 b8e8 a7g7
8/8/5k1n/8/8/6KN/8/8 b - -,
3r1rk1/p1p1R1pp/2p5/8/3b1PP1/8/PP3P2/R1B3K1 b - -,
r1bkr3/1pp1nQpp/3p4/1p4B1/q7/2PB4/P1P2PPP/4R1K1 b - -,d8d7 d3f5 d7c6 f7e8 c6b6 g5e3 b6a6 e8e7 c8f5 e7c7
r1b3k1/2q4p/p1nbp1p1/1pNp3n/3P3B/3B1P2/PP3P1P/2RQ1RK1 b - -,d6h2 g1g2 c7f4 f1h1 f4h4 h1h2 h4g5 g2h1 c6d4 c5b3
rnbqk2r/ppppbppp/4pn2/8/3P4/P3PP2/1PP3PP/RNBQKBNR b KQkq -,c7c5 f3f4 d7d5 g1f3 e8h8 f1e2 b7b6 e1h1 c8b7 c1d2
8/3K4/k3P3/2b5/8/4B3/8/8 b - -,c7c5 f3f4 d7d5 g1f3 e8h8 f1e2 b7b6 e1h1 c8b7 c1d2
8/2k3p1/1p4Pp/p1PB1K2/8/8/8/8 b - -,b6c5 f5e6 h6h5 e6f7 c7d6 f7g7 d6d5 g7f6 h5h4 g6g7
r4rk1/1p1bb1pp/1qn1pn2/p2p4/P2P4/3B1NNP/1P3PP1/R1BQR1K1 b - -,e7d6 c1e3 a8c8 a1c1 c6b4 d3b1 c8c1 e3c1 b4c6 e1e3
rnbqkb1r/pp3ppp/8/2Pp4/2P5/8/PP3PPP/RNBQK1NR b KQkq -,d5d4 b1d2 f8c5 d2b3 d8e7 d1e2 c8e6 b3c5 e7c5 b2b3
5rk1/p6p/4p1p1/8/2B5/4B1P1/P4P1P/1n4K1 b - -,g8f7 e3a7 f8c8 c4f1 c8a8 a7e3 a8a2 f1c4 a2a4 c4b3
rn2k2N/1p1b3p/4pnp1/1pb5/6PP/2PB4/PP3P2/R1B1K2R b KQ -,f6g4 h4h5 g4f2 h5g6 f2d3 e1d2 h7g6 d2d3 e6e5 c1g5
8/p6k/1p2Pppp/5r2/8/q3Q3/4R1PP/6K1 b - -,a3f8 e3d4 h7g8 e6e7 f8e8 d4d8 g8f7 e2e6 g6g5 e6c6
r2qkb1r/1ppn1ppp/p3bp2/3p4/3P4/2NBPN2/PPP2PPP/R2QK2R b KQkq -,f8d6 c3e2 g7g6 e1h1 c7c6 e2f4 e6g4 h2h3 g4f3 d1f3
8/8/6kn/8/8/7N/7K/8 b - -,
r1b5/p3R1k1/2p5/1p2p3/8/2N1K1p1/PPr5/7R b - -,g7g6 h1h7 c8f5 h7g7 g6h6 g7g3 a8d8 c3e4 c2b2 e7e5
r2q1rkn/1p3ppp/1b6/pP3bN1/1nBPN3/BQ6/5PPP/R3R1K1 b - -,a8b8 d4d5 h7h6 g5f3 h8g6 a3b2 f7f6 d5d6 g8h7 a1d1
7k/5pp1/p1pb1N1p/3p4/7Q/P1P2PPK/r4q1P/1R1R4 b - -,d6e5 h3g4 e5f6 h4h5 f2a7 g4h3 a7d7 h5g4 d7g4 h3g4
2kB4/ppp2p1p/6p1/4r3/8/2PB4/P1P2PPP/3R2K1 b - -,b7b5 d8f6 e5e6 f6d4 a7a6 g2g4 e6d6 g1g2 c7c6 g4g5
r1bqk2r/pppp1ppp/8/4n3/1bP5/2N1P3/PP1QNPPP/R3KB1R b KQkq -,e8h8 e2f4 c7c6 f1e2 d7d6 e1h1 c8f5 h2h3 g7g5 f4h5
2R3k1/5pp1/8/p7/r5P1/5K1P/4P3/8 b - -,
5r2/B4k1p/4p1p1/8/2B5/6P1/P4P1P/1n4K1 b - -,f8c8 c4b5 c8a8 a7d4 a8a2 h2h4 b1a3 b5f1 a3c2 d4c3
3r2k1/5pp1/8/p7/2R1P1P1/2p1P1KP/Pq3Q2/8 b - -,a5a4 e4e5 d8e8 f2e1 c3c2 e1c3 b2a2 c3c2 a2c2 c4c2
3r1rk1/p1R3pp/2p5/2b5/5PP1/8/PP3P2/R1B3K1 b - -,
2q1r1k1/4b1p1/4p2p/1p1pPr1P/p1nP1P2/P3N2R/1P2Q1K1/3N1R2 b - -,
r4qk1/p4r2/1p6/3QNp1R/3p1P2/1P3R2/P1PP2PP/6K1 b - -,f5f7 h3f3 e8f8 f4f5 c4e3 d1e3 e7g5 f5e6 c8e6 g2g3
3r4/8/1b2kppp/8/2P1K1P1/3R3P/1P6/5N2 b - -,f6f5 e4f3 d8d3 f3e2 d3b3 g4f5 g6f5 e2d1 b3b2 c4c5
r1b1k2r/pp2bppp/2n1p3/2pn4/2B5/3P1N2/PPP2PPP/RNB1R1K1 b kq -,e8h8 c1g5 e7g5 f3g5 b7b6 b1d2 f8d8 g5f3 d5e7 a2a3
8/3Pk3/5Npp/1p6/8/1n2KP1P/8/8 b - -,
r2qk1nr/1bpnbppp/pp1pp3/5P2/3PP3/2NBBN2/PPP3PP/R2QK2R b KQkq -,d7f8 d1e2 g8f6 e1a1 e6f5 e4f5 h7h6 h1g1 d8d7 g2g4
rn1q1rk1/1bpnppbp/p3P1p1/1p6/3P4/1QN2N2/PP2BPPP/R1B1K2R b KQ -,d7b6 e6f7 g8h8 h2h4 b8c6 c1e3 g7f6 h4h5 g6g5 a1d1
r4k1r/1p1q1p2/p1np1b2/4pN1p/1PB1P1nP/2PP1Q2/3B1P2/R4K1R b - -,a8c8 f5e3 f6d8 f1e1 g4e3 d2e3 h8h7 e1d2 d7g4 f3g4
r1b1r3/1ppknQpp/3p4/1p3BB1/q7/2P5/P1P2PPP/4R1K1 b - -,d7c6 f7e8 c6b6 g5e3 b6a6 e8e7 c8f5 e7c7 a4a5 c7d6
8/4K3/3r4/2k5/8/8/8/8 b - -,d7c6 f7e8 c6b6 g5e3 b6a6 e8e7 c8f5 e7c7 a4a5 c7d6
r1b1kbnr/pppp1ppp/8/3Q4/4P3/2N5/PPq2PPP/R1B1KB1R b KQkq -,g8e7 d5e5 d7d5 c3d5 f7f6 d5c7 e8f7 e5c3 c2e4 c1e3
rnbqkbnr/2p2ppp/3p4/1p2p3/p3P3/5NP1/PPPPQPBP/RNB2RK1 b kq -,c7c6 f1d1 g8f6 d2d4 d8c7 c2c4 b5c4 b1a3 f8e7 d4e5
r2q2kr/ppp3pp/2np1n2/6N1/4P1b1/1PN1Q3/P4PPP/R1B2RK1 b - -,d8e8 f2f3 g4d7 f3f4 h7h6 g5f3 e8h5 c1b2 g8h7 c3e2
R7/p7/2p2k2/1p3b2/4R3/1P3q2/P2K4/8 b - -,d8e8 f2f3 g4d7 f3f4 h7h6 g5f3 e8h5 c1b2 g8h7 c3e2
rnb1r1k1/p3qpbp/2pp2p1/Np2p2n/1P1PP3/2PB1N1P/P4PPB/R2QR1K1 b - -,c8d7 a2a4 a7a6 d3f1 a8a7 c3c4 h5f4 h2f4 e5f4 d1d2
r4rk1/5pb1/4q1p1/p2P2B1/Pp3QPP/2p5/1P6/2KR1R2 b - -,e6e2 f4f2 e2c4 g5e7 c3b2 c1d2 c4d5 d2e2 d5e4 f2e3
6k1/R4pp1/8/p7/r5P1/5K1P/4P3/8 b - -,
r1b5/p3R2R/2p3k1/1p2p3/8/2N1K1p1/PPr5/8 b - -,c8f5 h7g7 g6h6 g7g3 a8d8 c3e4 c2b2 e7e5 d8d5 e5d5
5rk1/p1R3pp/2p5/2b5/5PP1/8/PP3PK1/R1Br4 b - -,c5d6 c7d7 f8f7 d7d8 f7f8 d8f8 d6f8 b2b3 f8c5 c1b2
8/4k3/1R6/P6r/1p1P1K2/8/1P6/8 b - -,h5h1 a5a6 h1a1 f4e4 e7d7 e4d5 d7c7 b6c6 c7b8 d5c5
8/1pNk1p2/2p1P1np/2r5/4R3/7P/5KP1/8 b - -,d7c7 e6e7 c5f5 f2e3 g6e7 e4e7 c7b6 g2g4 f5f6 h3h4
8/6k1/1p2pbp1/p1p4p/P1P2BPP/1P3P1K/8/8 b - -,f6c3 f4c7 c3b4 c7b6 g7f8 b6d8 f8e8 d8g5 e8d7 h3g2
r4kr1/1p1q1p2/p1np1b1N/4p2p/1PB1P1nP/2PP1Q2/3B1P2/R4K1R b - -,g4h6 d2h6 f8e7 f3h5 c6d8 h6d2 d8e6 h5f5 d7c8 c4d5
2kr2r1/bppb1p2/3p3p/p5q1/PPBpPp2/3P1P1P/2P1Q1PK/R3BR2 b - -,a5b4 c4f7 g8g7 f7c4 d8e8 e2f2 e8e5 f1g1 g5f6 f2h4
R7/p7/2p2k2/1p3b2/4R3/1P1K4/P4q2/8 b - -,a5b4 c4f7 g8g7 f7c4 d8e8 e2f2 e8e5 f1g1 g5f6 f2h4
8/8/1p1Nk1pp/8/1P6/4KP1P/8/8 b - -,e6d7 d6c4 g6g5 b4b5 d7c7 e3e4 g5g4 h3g4 c7d7 e4f5
r1nr1k2/1b3ppp/p1npp3/1p3P2/4P3/P1N3P1/1PPRN1BP/3R2K1 b - -,e6e5 b2b3 b5b4 a3b4 c6b4 g3g4 d8d7 g4g5 d7c7 f5f6
8/8/1p1nk1pp/8/1P1KN3/5P1P/8/8 b - -,d6b5 d4c4 b5c7 c4d4 c7d5 b4b5 d5f4 e4d2 f4h3 d2c4
8/1p2b2k/p3p2p/4Pp2/5P2/2PpB3/1P4KP/8 b - -,h7g6 g2f3 g6h5 e3d2 h5h4 f3g2 a6a5 h2h3 h4h5 g2f3
rnbqkb1r/pppppppp/8/5n2/5N2/4P3/PPPP1PPP/RNBQKB1R b KQkq -,e7e5 f4d3 d7d6 b2b3 h7h5 c2c4 g7g6 b1c3 f8g7 c1b2
r4r1k/1p1bq1pp/1npb4/p3pp2/3PP1P1/PBB2P1P/1PQ1N3/1K1R3R b - -,e5d4 d1d4 d6e5 g4f5 c6c5 d4d2 c5c4 b3a2 d7a4 c2c1
r1b1Q3/1pp1n1pp/2kp4/1p3BB1/q7/2P5/P1P2PPP/4R1K1 b - -,c6b6 g5e3 b6a6 e8e7 c8f5 e7c7 a4a5 c7d6 b7b6 a2a4
6k1/5p1p/4b1p1/8/2P5/3rP1P1/2R2PKP/8 b - -,e6f5 c2c1 f5e4 g2g1 e4c6 g3g4 d3d2 c4c5 g8g7 h2h4
8/2k2Kp1/6Pp/2PB4/pp6/8/8/8 b - -,e6d7 g2f3 d7a4 c2b2 d3c3 g3g4 c3c4 f3g3 g6g5 h2h3
1k5r/1p2b1p1/pBbq4/3p1BR1/8/7r/PPP5/1K3QR1 b - -,e7g5 f5h3 g5f6 b6e3 f6b2 f1f2 b2e5 e3c5 d6f6 f2f6
8/8/3k2pp/1p6/1P1K1P2/7P/8/8 b - -,h6h5 h3h4 d6e6 d4c5 e6f5 c5b5 f5g4 b5c5 g4h4 b4b5
rnbqkbnr/5ppp/2pp4/1p2p3/p1P1P3/5NP1/PP1PQPBP/RNB2RK1 b kq -,b5c4 e2c4 c8e6 c4c2 c6c5 b1c3 b8c6 d2d3 f8e7 c3a4
5k2/4b3/6p1/1p2Pp2/2p2P2/2P3K1/1P6/R7 b - -,f8f7 a1a6 e7c5 g3f3 b5b4 a6c6 b4c3 b2c3 c5e7 c6c7
R7/p7/2p2k2/1p6/6b1/1P1KR3/P4q2/8 b - -,f8f7 a1a6 e7c5 g3f3 b5b4 a6c6 b4c3 b2c3 c5e7 c6c7
8/8/1p2k1pp/8/1P1KP3/7P/8/8 b - -,e6d6 b4b5 g6g5 d4e3 h6h5 e3f2 d6e5 f2e3 g5g4 h3h4
5r1r/pppk4/1b1p1p2/7p/4R3/1BP4P/PP3PP1/R5K1 b - -,f8e8 a1e1 e8e5 g1f1 h8e8 b3c2 h5h4 f2f4 e5e4 c2e4
R7/p7/2p2k2/1p6/6b1/1P2R3/P2K4/6q1 b - -,f8e8 a1e1 e8e5 g1f1 h8e8 b3c2 h5h4 f2f4 e5e4 c2e4
8/p3q2k/1p2Pppp/5r2/8/4Q3/3R2PP/6K1 b - -,h7g8 d2d7 e7b4 d7d8 g8h7 h2h3 b4b2 e6e7 f5g5 e3g5
8/2k3K1/6Pp/2PB4/p7/1p6/8/8 b - -,h7g8 d2d7 e7b4 d7d8 g8h7 h2h3 b4b2 e6e7 f5g5 e3g5
8/8/1pk3pp/4K3/1P6/5P1P/8/8 b - -,b6b5 f3f4 g6g5 f4g5 h6g5 e5f5 c6d5 f5g5 d5c4 h3h4
6k1/R4pp1/8/p7/6P1/5K1P/4r3/8 b - -,e2a2 g4g5 a2a4 f3g3 a4a1 h3h4 a1a3 g3g4 g7g6 g4f4
5b2/8/k1K1P3/8/8/4B3/8/8 b - -,e2h2 h3h4 h2h4 f3g3 h4h1 a7a5 g8h7 a5f5 f7f6 g3f2
4Q3/8/2kr4/8/8/2K5/3p4/8 b - -,
4r3/1p1k1p2/p2Pp1p1/P1r1Pn1p/1q1N3P/1R3QP1/1P3P2/5RK1 b - -,e8b8 b3b4 d7c8 d4f5 b7b5 f5e3 f7f5 e5f6 c8d7 f6f7
3r2k1/5pp1/8/8/R3P1P1/2p1P1KP/Pq3Q2/8 b - -,b2f2 g3f2 d8c8 f2e2 c3c2 a4a8 c2c1q a8c8 c1c8 e4e5
rn1qkbnr/pp3ppp/4b3/2p1Q1N1/2P5/8/PP1P1PPP/RNB1KB1R b KQkq -,b8c6 g5e6 c6e5 e6d8 a8d8 b2b3 g8f6 c1b2 f8d6 f2f4
8/R4pk1/4p1p1/8/p6P/4PK2/r5P1/8 b - -,a4a3 e3e4 a2a1 g2g4 a3a2 f3g2 a1e1 a7a2 e1e4 g2f3
1r6/4p2p/p4k2/5b2/P6R/KB5P/P7/8 b - -,e7e5 h4c4 b8c8 c4b4 e5e4 b4b6 f6g5 b6a6 e4e3 b3d1
r1bk2nr/1ppp1ppp/p1n5/1N5Q/q7/2PB4/P1P2PPP/R1B2RK1 b - -,a6b5 h5f7 g8e7 c1g5 h7h6 f7g7 h8e8 g7h6 d7d6 d3g6
2kr2r1/bppb1p2/3p3p/6q1/PpBpPp2/3P1P1P/2P1Q1PK/R3B1R1 b - -,g8g7 g2g4 f4g3 g1g3 g5e5 e2f2 d8g8 f3f4 g7g3 f2g3
r1b2rk1/pp2bppp/2n1p3/1Bpn4/8/3P1N2/PPP2PPP/RNB1R1K1 b - -,c6b4 b5a4 b7b5 a4b3 c5c4 d3c4 b5c4 b3a4 c8d7 a4d7
N7/3k4/1K6/1N6/8/8/8/8 b - -,
8/p3q2k/1p2Pppp/4Q3/8/8/3R2PP/6K1 b - -,f6e5 d2d7 h7g7 d7e7 g7f6 e7a7 f6e6 a7b7 b6b5 g1f2
r5k1/1p3pp1/1q2pb1p/3p4/2rN1PP1/pPP5/P2QR2P/1K1R4 b - -,f6d4 c3d4 a8a4 d2e3 c4d4 e2d2 d4b4 d2d3 b6e3 d3e3
6k1/5pp1/4r3/R7/6P1/5K1P/8/8 b - -,
3r2k1/3b1ppp/ppnPp3/8/nq3P2/1N2B1P1/PP1Q1K1P/3R1B2 b - -,b4d2 d1d2 g8f8 a2a3 c6b8 d2c2 d7c6 b3d4 c6d5 b2b4
r1bqkb1r/ppp2ppp/4pn2/8/2PP4/5B2/PP3PPP/R1BQK1NR b KQkq -,f8b4 c1d2 b4d2 d1d2 e8h8 g1e2 e6e5 d4e5 d8d2 e1d2
2r3k1/1R3p2/5p1p/8/P4n2/1N1p2PP/1Pr2P2/3R2K1 b - -,f4h3 g1g2 h3f2 d1d2 f2g4 g2f3 g4e5 f3f2 h6h5 b7b5
8/4bk2/R5p1/1p2Pp2/2p2P2/2P3K1/1P6/8 b - -,e7f8 a6b6 f8c5 b6b5 c5e3 g3f3 e3c1 b5b4 f7f8 b4c4
4r2r/pppk4/1b1p1p2/7p/4R3/1BP4P/PP3PP1/4R1K1 b - -,e8e5 h3h4 h8e8 b3c2 d7e6 g1f1 d6d5 e4f4 e5e1 f1e1
rn2k1nr/pp2bppp/q3p3/1P1pP3/P7/2P2N2/5PPP/RNBQK2R b KQkq -,d5d4 b5a6 b8a6 f3d4 g8h6 c1h6 g7h6 e1h1 a6c5 g1h1
8/R4pk1/4p1p1/8/4P2P/p4K2/r5P1/8 b - -,a2a1 e4e5 a1f1 f3g4 f1f2 g4g3 f2f5 a7a3 f5e5 a3a7
8/2k3K1/6Pp/2P5/p7/8/Bp6/8 b - -,g7f6 a7a5 a2a1 e4e5 f6g7 g2g4 a3a2 f3g2 g6g5 h4h5
r1bqk2r/pppp1ppp/2n5/8/1bP5/2N1P3/PPQ2PPP/R1B1KB1R b KQkq -,d7d6 c1d2 e8h8 a2a3 b4c3 d2c3 d8h4 e1a1 f8e8 h2h3
rnbqk2r/pp3ppp/2p2n2/3p4/1bPPP3/2N1P3/PPQ3PP/R1B1KBNR b KQkq -,f6e4 c4d5 c6d5 g1f3 b8c6 f1d3 f7f5 e1h1 c8e6 c2b3
r1bk2nr/1ppp1ppp/p1n5/1N6/4q3/2PB4/P1P2PPP/R1BQ1RK1 b - -,e4e8 f1e1 g8e7 b5d4 d7d6 a1b1 a8b8 c1f4 b7b6 d4f5
8/8/1p4Kp/8/5P2/2k4P/8/8 b - -,c3b3 f4f5 b6b5 f5f6 b5b4 f6f7 b3b2 f7f8q b4b3 g6h6
r4r1k/1p1bq1pp/1npb4/p3p3/3PQ1P1/PBB2P1P/1P2N3/1K1R3R b - -,a8e8 b3c2 g7g6 h3h4 b6d5 h4h5 g6g5 d4e5 d5c3 e2c3
r4r1k/1b2q1pp/p1nb4/1p1Bpp2/1P6/P3PN1P/1B2QPP1/R2R2K1 b - -,a8b8 a1c1 b8c8 e3e4 f5f4 c1c2 h7h6 d1c1 e7e8 h3h4
r5kr/ppp1qp1p/3pnNp1/8/4P3/2Q5/PPP2PPP/R3K2R b - -,e7f6 c3f6 e6c5 f2f3 a8e8 a1d1 h7h5 d1d2 h5h4 f6d4
2r3k1/1R3p2/5p1p/8/P7/1N1p2Pn/1Pr2P1K/3R4 b - -,h3f2 d1d2 f2e4 d2c2 c8c2 h2g1 c2b2 a4a5 d3d2 b3d2
R3R3/p7/2p2k2/1p6/4p1b1/1P6/P2K4/6q1 b - -,h3f2 d1d2 f2e4 d2c2 c8c2 h2g1 c2b2 a4a5 d3d2 b3d2
r5k1/1p3pp1/1q2p2p/3p4/2rP1PP1/pP6/P2QR2P/1K1R4 b - -,a8a4 d2e3 c4d4 e2d2 d4b4 e3b6 b4b6 d1f1 a4e4 d2c2
rnb1kb1r/p2p1ppp/1q1Ppn2/1pp5/2P5/2N2N2/PP2PPPP/R1BQKB1R b KQkq -,b5c4 e2e4 b8c6 f1e2 c8b7 e1h1 c6d4 e4e5 f6d5 e2c4
8/2p2p2/3k4/pp6/7P/2rBR3/P1P2PP1/6K1 b - -,c3c6 h4h5 d6c5 g2g4 c6h6 g1g2 h6h8 g2g3 b5b4 g3f4
rnbqkbnr/pp3ppp/8/2p1Q3/2P5/5N2/PP1P1PPP/RNB1KB1R b KQkq -,c8e6 f3g5 b8c6 g5e6 c6e5 e6d8 a8d8 b2b3 f8d6 c1b2
8/8/6Kp/1p3P2/8/2k4P/8/8 b - -,c3b3 f5f6 b3c2 f6f7 b5b4 f7f8q b4b3 f8f5 c2b2 f5e6
8/R4pk1/4p1p1/4P3/7P/p4K2/6P1/r7 b - -,a1f1 f3g3 f1f5 a7a3 f5e5 a3a7 e5h5 g3h3 g6g5 h3g4
3r1k2/3b1ppp/ppnPp3/8/n4P2/PN2B1P1/1P1R1K1P/5B2 b - -,d7c8 f1e2 f8e8 b3c1 c6a7 e2d1 a4c5 e3c5 b6c5 d1a4
1k5r/1p1qb1p1/pBb5/3p1Bp1/6R1/7r/PPP5/1K3QR1 b - -,h8h6 f5d7 c6d7 b6d4 d7g4 g1g4 e7f6 d4f2 h6h8 g4g1
3N1r1k/1q3Bpb/2R4p/1P5Q/1p6/8/6PP/2b4K b - -,f8d8 c6c1 d8d2 c1g1 h7e4 h5g4 d2f2 f7c4 f2c2 c4b3
r2r4/1b2kppp/pn1pp3/1p2nP2/4PN2/PPN3PP/2PR2B1/3R2K1 b - -,
r2q2kr/ppp3p1/2npNn1p/8/4P1b1/1PN1Q3/P4PPP/R1B2RK1 b - -,g4e6 c1b2 d8d7 e3d3 h6h5 f2f4 a8e8 a1d1 h8h6 d3b5
R3R3/p7/2p1bk2/1p6/4p3/1P6/P3K3/6q1 b - -,d8d7 e6f4 d7f7 h2h3 g4c8 c1b2 g8h7 a1c1 h8f8 f2f3
8/4k3/8/r7/1R1P1K2/8/1P6/8 b - -,a5a1 f4e5 e7d7 e5d5 a1a5 d5c4 a5h5 b2b3 d7c6 b4b8
8/8/5PKp/8/1p6/2k4P/8/8 b - -,b4b3 f6f7 b3b2 f7f8q b2b1q g6h6 b1e1 f8f6 c3b3 h3h4
r1bqkb1r/ppp2ppp/4pn2/8/2PP4/8/PPB2PPP/R1BQK1NR b KQkq -,b7b5 c4c5 c8b7 g1f3 f8e7 c1e3 e8h8 e1h1 a7a5 a2a4
6k1/R4p2/6p1/p7/r5PP/5K2/4P3/8 b - -,
r1bqr1k1/1p3p1n/B2p2p1/2pPp1P1/P3P1P1/2N5/1PPQ4/R3K2R b KQ -,
b5R1/p3r3/2p5/1p5k/5p2/5N2/PP6/2KB4 b - -,c6c5 g8a8 h5h6 a8b8 a7a6 b8b6 h6g7 b6a6 c5c4 a6a5
8/2p2p2/3k4/pp6/8/2rBR2P/P1P2PP1/5K2 b - -,b5b4 h3h4 c7c5 h4h5 c5c4 h5h6 b4b3 h6h7 b3a2 e3e1
r4k1r/ppp1qp1p/3pn1p1/3N4/4P3/2Q5/PPP2PPP/R3K2R b - -,f7f6 d5e7 f8e7 f2f3 e7f7 h2h4 h8e8 h4h5 g6g5 c3a5
8/8/1p1nk1pp/8/1P2NK2/5P1P/8/8 b - -,d6b5 f4g4 b5c7 f3f4 e6d5 e4f6 d5c4 f4f5 g6f5 g4f5
r1bqk2r/ppn1ppbp/2n3p1/2p5/2Q5/2N2NP1/PP1PPPBP/R1B2RK1 b kq -,c7e6 d2d3 e8h8 c1e3 c6d4 e3d4 c5d4 c3e4 b7b6 f3g5
8/R4pk1/4p1p1/4P3/7P/6K1/p5P1/r7 b - -,g7f8 g3g4 f8g7 a7a8 a1e1 a8a2 e1e5 a2a7 e5d5 g4h3
4r2k/pp4pp/4B1b1/8/rPR5/4RpP1/P4P1P/6K1 b - -,h7h5 c4f4 g6b1 h2h4 g7g5 h4g5 b1a2 e6d7 e8e3 f2e3
6k1/2Bn2p1/3N3p/5b2/2pP4/8/r1P3PP/2R3K1 b - -,f5e6 c7d8 c4c3 d6b5 e6f5 b5c3 a2c2 c1c2 f5c2 g1f2
r1b1r1k1/3nqpbp/p2p2p1/1ppPp2n/P3P3/1PPBNN1P/5PPB/R2QR1K1 b - -,c5c4 d3f1 c4b3 a4b5 h5f6 f3d2 d7c5 f2f3 c8d7 b5a6
r1bqk2r/pp2bppp/3p1n2/2p5/4PB2/2N5/PPP1BPPP/R2QK2R b KQkq -,c8e6 e2b5 e6d7 d1d3 e8h8 b5d7 d8d7 f2f3 d7c6 g2g4
8/8/8/7P/2kp4/2p5/7r/2K2Q2 b - -,c4c5 f1f5 c5c4 f5e6 c4d3 e6g6 d3c4 g6g8 c4b5 g8d5
R3R3/p5k1/2p1b3/1p2p3/8/8/PPK3p1/3N4 b - -,e6d5 a8a7 g7f6 e8f8 f6g6 a7d7 d5c4 d7d8 g6h7 b2b3
2r3k1/1R3p2/5p1p/8/P7/1N1p2Pn/1Pr2PK1/3R4 b - -,h3f2 d1d2 f2g4 b7b5 h6h5 g2f3 c8e8 b5c5 c2d2 b3d2
8/4b3/k1K1P3/2B5/8/8/8/8 b - -,h3f2 d1d2 f2g4 b7b5 h6h5 g2f3 c8e8 b5c5 c2d2 b3d2
rnbqkbnr/ppppp2p/8/5p2/4PP2/8/PPPP3P/RNBQKBNR b KQkq -,h7h5 e4e5 c7c5 d2d4 c5d4 g1f3 b8c6 c2c3 d4c3 b1c3
rn1q1rk1/p1n3bp/2Pp2p1/1N2pp2/P7/5QPP/1P3PB1/R1B1R1K1 b - -,f8f7 f3d1 e5e4 b5d6 f7f8 d1b3 g8h8 d6f7 f8f7 b3f7
r4rk1/1b3pp1/p4n1p/1pp1q3/4P3/2N2P1P/PPQ3P1/R2R1BK1 b - -,a8c8 c2f2 c5c4 f3f4 e5c5 e4e5 f6h5 d1d7 b7a8 f2c5
8/8/6B1/1N6/2K5/8/k7/8 b - -,a8c8 c2f2 c5c4 f3f4 e5c5 e4e5 f6h5 d1d7 b7a8 f2c5
2r3k1/1R3p2/5p1p/8/P7/1N1p2P1/1PrR1nK1/8 b - -,f2g4 b7b5 h6h5 g2f3 c8e8 b5c5 c2d2 b3d2 e8e2 d2e4
4r1k1/5pp1/5R2/p7/4N1P1/5P1P/P1p1PQK1/2q5 b - -,c1d1 f6c6 c2c1r c6c1 d1c1 f2b6 c1c4 b6b2 e8c8 e4g3
r6r/p2nkppp/4P3/2p3N1/8/8/Pp1K1PPP/4R2R b - -,b2b1r e1b1 f7e6 h1e1 e6e5 b1b7 e7d6 g5f7 d6c6 b7d7
8/8/1p2k1pp/8/1P2K3/5P1P/8/8 b - -,
rnbqkb1r/pp3ppp/2p1pn2/3P4/4P3/2N2Q2/PP1P1PPP/R1B1KBNR b KQkq -,c6d5 e4e5 f6e4 c3e4 d5e4 f3e4 c8d7 a2a3 d7c6 e4e3
6k1/2Bn2p1/7p/8/2b5/2N5/r1P3PP/2R3K1 b - -,a2a8 c1d1 c4e6 c3d5 g8f7 c7g3 d7f6 d5c7 a8a4 g3e5
r2q2kr/ppp3p1/2np1n1p/8/4P1b1/1PN1QN2/P4PPP/R1B2RK1 b - -,d8e8 c1b2 g8h7 f3d2 h8f8 f2f4 g4d7 c3e2 e8h5 h2h3
8/R4pk1/4p1p1/8/p7/4PK1P/r5P1/8 b - -,a4a3 e3e4 g6g5 a7a5 g7h6 a5a7 a2a1 f3g4 a3a2 a7a5
r1b1R3/p4rkR/2p5/1p2p3/8/2N5/PPBK2p1/8 b - -,a2a1 f3g4 a4a3 e3e4 e6e5 g4h4 a1g1 h4g3 g1e1 a7a3
8/3K4/k3P3/2B3b1/8/8/8/8 b - -,a2a1 f3g4 a4a3 e3e4 e6e5 g4h4 a1g1 h4g3 g1e1 a7a3
4r1k1/2R2pp1/4q3/p7/4PQP1/7P/4P1K1/8 b - -,
rnbqkbnr/1pp2ppp/p7/3p4/8/6P1/PPPPNPBP/RNBQK2R b KQkq -,g8f6 e1h1 f8e7 d2d4 e8h8 c2c4 d5c4 b1d2 b8c6 d2c4
R7/p5k1/2p1R3/1p2p3/8/8/PPK5/3N2q1 b - -,g7f7 e6e8 g1g6 c2c1 g6g5 c1b1 g5g6 b1a1 b5b4 e8f8
r4kr1/1p2qp2/p1np1b2/4p2p/1PB1P1NP/2PP1Q2/3B1P2/R4K1R b - -,h5g4 f3f5 a8b8 f1e2 c6d8 a1g1 d8e6 g1g4 g8g4 f5g4
6k1/2Bn2p1/7p/8/2NP4/8/r1b3PP/2R3K1 b - -,c2d3 h2h3 d3e4 c4e3 g8f7 c7g3 d7f6 c1c7 f7g6 c7e7
r1bqk2r/1p2bppp/p2p1n2/2p5/4PB2/2N5/PPP1BPPP/R2Q1RK1 b kq -,b7b5 a2a4 b5b4 c3d5 f6d5 d1d5 c8e6 d5c6 e6d7 c6b7
r3R2R/p5k1/2p1b3/1p2p3/8/6K1/PPr3p1/6N1 b - -,a8e8 h8e8 e6a2 b2b4 g7f6 e8f8 a2f7 g1h3 f6g7 f8d8
rnbqk2r/ppppppbp/8/6p1/3P4/6P1/PPPNPPP1/R2QKBNR b KQkq -,g7d4 c2c3 d4g7 e2e4 d7d6 d1h5 e7e6 f2f4 h7h6 e1a1
r1bqk2r/ppp2ppp/2n5/3P4/1b6/2N1P3/PPQ2PPP/R1B1KB1R b KQkq -,b4c3 c2c3 d8d5 c3g7 h8f8 f2f3 c6b4 e1f2 c8e6 e3e4
b4rk1/4pp1p/p2p2p1/8/nr1NPPP1/KP1B3P/P1PR4/4R3 b - -,a6a5 b3a4 b4d4 c2c3 d4d3 d2d3 f7f6 g4g5 g8g7 g5f6
r2qkb1r/ppp2ppp/2np1n2/6N1/2P1p1b1/2N3P1/PP1PPPBP/R1BQ1RK1 b kq -,d8d7 c3e4 f6e4 g5e4 g4h3 g2h3 d7h3 d2d4 h3e6 d1d3
r1bqk2r/ppn1ppbp/2n3p1/2p5/8/1QNP1NP1/PP2PPBP/R1B2RK1 b kq -,e8h8 b3c4 b7b6 c4h4 h7h5 h2h3 c7e6 f3g5 d8d7 g5e6
1Q4k1/p3q3/1p2Pppp/8/8/8/3R2PP/6K1 b - -,e8h8 b3c4 b7b6 c4h4 h7h5 h2h3 c7e6 f3g5 d8d7 g5e6
r1b2rk1/pp2bppp/2n1p3/2pn2B1/2B5/3P1N2/PPP2PPP/RN2R1K1 b - -,e7g5 f3g5 b7b6 g5f3 f8d8 b1d2 h7h6 a2a3 c8b7 c4d5
2r2r1k/1b2q1pp/p1nb4/1p1Bpp2/1P6/P3PN1P/1B2QPP1/2RR2K1 b - -,e7f6 e3e4 f5f4 d1d2 h7h6 e2d1 d6b8 c1c5 f8d8 d5c6
8/1pk2K2/6P1/2PB4/8/p6p/8/8 b - -,e7f6 e3e4 f5f4 d1d2 h7h6 e2d1 d6b8 c1c5 f8d8 d5c6
7k/5pp1/p1pb3p/3p1q2/6NQ/P1P3PK/r6P/1R2R3 b - -,
8/R4pk1/4p3/6p1/p7/4PKPP/r7/8 b - -,g7g6 e3e4 a2a1 a7a5 a4a3 a5a6 g6h7 f3g2 h7g7 a6a7
4r2k/pp4pp/4B1b1/8/1PR5/5RP1/r4P1P/6K1 b - -,a2a1 g1g2 a7a5 c4f4 h7h5 e6f7 g6f7 f4f7 a5b4 f7b7
r1r4k/5qpp/7b/3BPp2/1p1R4/3Q3P/5PP1/1R4K1 b - -,f7f8 d5a8 c8a8 d4b4 h6g5 d3b3 a8e8 b4b8 h7h6 b8e8
r1b1r1k1/3nqpbp/p2p2p1/3Pp2n/Pp2P3/1P1BNN1P/5PPB/2RQR1K1 b - -,h5f4 d3f1 d7c5 c1c5 d6c5 d5d6 e7d8 e3c4 c8b7 a4a5
4R3/p5k1/2p1b3/1p2p3/8/6K1/PPr3p1/6N1 b - -,e6a2 b2b4 g7f6 e8f8 a2f7 g1f3 f6g7 f8a8 f7d5 a8a7
r1rq2k1/pp3ppp/4p3/Pb6/3PNP2/6P1/3Q1P1P/R1R3K1 b - -,h7h6 d2b4 b5c6 f2f3 a8b8 a1b1 c6d5 g1f2 c8c1 b1c1
8/1pk2KP1/8/2PB4/8/p7/7p/8 b - -,c8c1 a1c1 b5c6 f2f3 d8d5 g1f2 a8d8 d2b4 d5a2 e4d2
6k1/2Bn2p1/4b2p/1N6/2p5/r2P4/2P3PP/2R3K1 b - -,a3d3 c2d3 c4d3 c7f4 d7f6 b5d6 e6g4 f4d2 g4h5 c1b1
8/5pk1/r4p2/p3pP2/4P2P/2RP1K2/P7/8 b - -,a6a8 f3e3 a5a4 a2a3 a8a7 c3c4 g7h6 c4c6 h6g7 c6d6
rn6/1p1bk3/4p1B1/1pb3P1/6n1/2P5/PP3P1P/R1B2RK1 b - -,d7c6 c1f4 b8d7 a1e1 a8f8 f4g3 b5b4 g6c2 b4c3 b2c3
r4rk1/ppp2pp1/3b3p/n3pqNQ/3P3P/2P1B3/P1P2PP1/R3K2R b KQ -,a8e8 h5e2 e5d4 c3d4 h6g5 h4g5 g7g6 e1a1 f5d5 e2d3
r2r2k1/p1q1npbp/b1p1p1p1/8/1Pp1PP1Q/2N2N2/P1P3PP/R3BRK1 b - -,e7c8 e4e5 c6c5 c3e4 c8e7 e4c5 a6b7 c5b7 c7b7 a2a3
8/8/4k1pp/1p6/1P1K4/5P1P/8/8 b - -,e6f5 d4c5 f5e6 c5b5 e6d7 b5c5 d7e7 c5c6 e7e8 c6d6
r1b1kb1r/pppp1ppp/5n2/8/3QP3/2N5/PPq2PPP/R1B1KB1R b KQkq -,c7c5 d4e3 c5c4 f1c4 f8b4 e1h1 b4c3 b2c3 e8h8 e4e5
1r6/pp4k1/2p2p1p/6pb/5p2/3P1P2/PPP1R1PP/R4K2 b - -,h5f7 e2e7 g7g6 b2b3 h6h5 h2h4 a7a5 a1e1 f7d5 c2c4
6k1/2Bn2p1/7p/8/3Pb3/4N3/r5PP/2R3K1 b - -,g8f7 c1f1 f7g8 f1d1 d7f6 d4d5 a2a3 c7b6 a3b3 b6d4
8/1Q4pk/7p/8/8/8/1pr2qPP/3RR2K b - -,f2f5 h2h3 c2c3 b7b2 c3h3 g2h3 f5h3 h1g1 h3g4 b2g2
r1b2rk1/pp3ppp/2n1p3/2pn2N1/2B5/3P4/PPP2PPP/RN2R1K1 b - -,f8d8 g5f3 d5e7 a2a3 b7b6 b1d2 h7h6 e1b1 a7a6 d2e4
4r1k1/5pp1/1R3n2/p7/4N1P1/2p2P1P/Pq2PQK1/8 b - -,f6e4 f3e4 b2a2 b6c6 a2d2 g2f3 c3c2 f2c5 d2d1 f3f2
6k1/5pp1/2R5/p7/4r1P1/5P1P/P1p1PQK1/2q5 b - -,c1e3 f2e3 e4e3 c6c2 g7g6 h3h4 e3a3 g2g3 g8h7 e2e4
6Q1/1pk2K2/8/2PB4/8/8/p6p/8 b - -,c1e3 f2e3 e4e3 c6c2 g7g6 h3h4 e3a3 g2g3 g8h7 e2e4
4r3/1Q1k1p2/p2Pp1p1/P1r1Pn1p/3q3P/1R4P1/1P3P2/5RK1 b - -,c1e3 f2e3 e4e3 c6c2 g7g6 h3h4 e3a3 g2g3 g8h7 e2e4
8/R4pk1/4p3/6p1/4P3/p4KPP/r7/8 b - -,a2a1 f3g2 g7g6 a7a6 g6h6 a6a5 a3a2 a5a4 h6g6 a4a6
r3R3/p5k1/2p5/1p2p3/6b1/4K1p1/PPB5/7R b - -,g4c8 h1h7 g7f6 e8g8 e5e4 c2e4 c8f5 h7h6 f6e5 g8a8
6k1/2Bn2p1/r6p/8/2b5/2N5/2P3PP/3R2K1 b - -,d7f6 c7e5 f6g4 e5d4 a6e6 h2h3 g4e3 d4e3 e6e3 c3d5
r1bq1rk1/1p2bppp/p2p1n2/2pN4/4PB2/8/PPP1BPPP/R2Q1RK1 b - -,f6e8 d1d2 h7h6 d5e7 d8e7 f2f3 c8e6 f1e1 b7b5 a2a4
8/1p1r1k1p/p2p2p1/8/P1PBrP2/1P4Pb/3R1K1P/R7 b - -,e4e8 d4e3 h3f5 a1c1 h7h5 c1c3 e8e4 c3d3 d7e7 d2d1
r4k2/1p2qp2/p1np1b2/4p2p/1PB1P1rP/2PP1Q2/3BKP2/R6R b - -,c6d8 a1g1 d8e6 f3f5 a8c8 g1g4 h5g4 f5g4 e7d7 e2f3
r1b1kb1r/1ppnpppp/p2q1n2/8/2BP4/2N2N1P/PPP2PP1/R1BQK2R b KQkq -,b7b5 c4d3 c8b7 d1e2 e7e6 a2a4 b5b4 c3e4 f6e4 d3e4
r4rk1/pb1pn1pp/4p1q1/2p2p2/2P2P2/PP1BP3/1BQ3PP/R2R2K1 b - -,d7d5 d3f1 f8c8 c2c3 g6f7 f1e2 h7h6 e2h5 e7g6 d1d2
1nrr4/1p3pk1/4pPp1/p1p1P3/PnP2B2/8/1P3PK1/1B1RR3 b - -,g7g8 f4h6 d8d1 e1d1 b8d7 d1d7 g8h7 h6g5 h7g8 d7d1
4r1k1/5pp1/8/p7/2pRP1P1/P6P/1q2PQK1/8 b - -,c4c3 d4d7 e8f8 d7c7 a5a4 f2f3 b2a3 e4e5 a3b4 c7c3
6k1/2Bn2p1/4b2p/1N6/r1P5/8/2P3PP/2R3K1 b - -,a4a6 c7g3 e6c4 b5d6 c4d5 c2c4 a6c6 g1f1 d5e6 f1e2
3r4/1b3pk1/p2pr2p/3P4/1P5Q/4q2P/P4RB1/5RK1 b - -,e6e7 h4f6 g7g8 g2e4 e3e4 f2g2 e4g2 g1g2 d8e8 f1g1
r4rk1/1bqn1ppp/p1pb1n2/1p2p1B1/3PP3/2NB1N1P/PPQ2PP1/R2R2K1 b - -,f8d8 d4e5 d7e5 f3h4 b5b4 g5f6 g7f6 c3e2 c6c5 e2g3
8/8/1p4pp/1k2K3/1P3P2/7P/8/8 b - -,b5c4 e5f6 g6g5 f4f5 c4d5 f6g6 d5e4 f5f6 e4e5 f6f7
4r2k/pp4pp/4B1b1/8/1P3R2/4RpP1/r4P1P/6K1 b - -,b5c4 e5f6 g6g5 f4f5 c4d5 f6g6 d5e4 f5f6 e4e5 f6f7
3r4/1br1kppp/pn1pp3/1p2PP2/5NP1/PP3N1P/2PR1K2/3R4 b - -,b7f3 f2f3 c7c3 f3e2 d6d5 d1f1 a6a5 e2d1 a5a4 d2d3
r2r2k1/pp2bpp1/5n1p/q3p3/2B1P1bB/2N3Q1/PPP3PP/2K2R1R b - -,a8c8 c4b3 g4e6 h4f6 e7f6 c1b1 f6g5 c3d5 a5c5 g3e5
rnbqkbnr/ppp3p1/4p2p/5p2/3P4/2NB1N2/PPP3PP/R1BQ1RK1 b kq -,g8f6 d1e2 f8e7 d3c4 b8c6 g1h1 f6d5 g2g4 f5g4 c4d5
r1bqkb1r/p4ppp/1pn1pn2/3p4/3P1B2/2PB1N2/PP1N1PPP/R2QK2R b KQkq -,f6h5 f4e3 h5f6 f3e5 c6e5 d4e5 f6d7 d2f3 d7c5 d3c2
rnbqkbnr/pp3pp1/2p4p/3pp3/3PP3/5N2/PPP2PPP/RNBQKB1R b KQkq -,d5e4 f3e5 f8d6 b1c3 g8f6 f1c4 e8h8 c1f4 b7b5 c4b3
6k1/6p1/r6p/2n1B3/2b5/2N5/2P3PP/3R2K1 b - -,c4f7 c3d5 g8h7 d5e3 a6a5 e5c3 a5a6 d1a1 a6a1 c3a1
rnbqkb1r/pp3ppp/4pn2/1BpP4/3P4/5N2/PPP2PPP/RNBQK2R b KQkq -,c8d7 b5d7 d8d7 d5e6 d7e6 c1e3 b8c6 e1h1 e8a8 c2c3
2r1r1k1/p3qppp/1p1bpn2/2p1N3/2PP4/1P3Q2/PB3PPP/R2R2K1 b - -,h7h5 d1d3 e7c7 a1e1 c5d4 b2d4 e8d8 d4b2 d6f8 g2g3
r1b1k2r/ppp2ppp/2n5/3q4/8/P1Q1P3/1P3PPP/R1B1KB1R b KQkq -,c8e6 f2f3 e8a8 e1f2 f7f6 b2b4 d8d6 e3e4 d5e5 c3e5
4rk2/1N1R2p1/p5Pp/1p6/1n3K2/5B2/8/8 b - -,e8e7 d7d4 a6a5 b7a5 b4a6 a5c6 a6c7 d4d8 e7e8 d8d7
8/1p2b2k/p3p2p/4Pp2/4pP2/2PqB3/1P3Q1P/7K b - -,e7h4 f2g1 a6a5 g1c1 d3e2 e3b6 a5a4 h1g1 h7g6 c1f1
r1bqr1k1/1p3p2/p2p2p1/2pPp1n1/P3P1P1/2N5/1PPQ4/R2BK2R b KQ -,g8g7 d2h2 e8h8 h2h8 d8h8 h1h8 g7h8 a4a5 c8d7 a1a3
r2q2kr/ppp3pp/2np1n2/6N1/4PPb1/2N1Q3/PP4PP/R1B2RK1 b - -,d8e7 f4f5 c6d8 c3d5 f6d5 e4d5 e7e3 c1e3 h7h6 g5e6
8/5pk1/r4p2/p3pP1P/4P3/R2P1K2/P7/8 b - -,a6a7 a3c3 a5a4 c3c6 a7a8 c6c7 a8a6 f3e3 a4a3 c7d7
8/5p2/4p1k1/R5p1/4P3/p4KPP/r7/8 b - -,a2a1 a5a6 f7f6 f3g2 a3a2 g2h2 g6f7 a6a7 f7e8 a7a8
r4rk1/5pb1/4q1p1/p2P2B1/Pp3QPP/8/1p6/1K1R1R2 b - -,e6e8 g5f6 e8a4 f6g7 a4a1 b1c2 a8c8 c2d2 a1a2 d1b1
rnbqkb1r/p1pppppp/5n2/8/Q1p5/5NP1/PP1PPP1P/RNB1KB1R b KQkq -,e7e6 f1g2 a7a5 f3e5 c7c6 a4c4 d7d5 c4c2 c6c5 b2b3
2R3k1/5pp1/8/p7/4r1P1/7P/4P1K1/8 b - -,e4e8 c8e8 g8h7 g2f3 h7g6 e8a8 g6f6 a8a5 f6e7 f3e4
r2qkb1r/pp1b1ppp/5n2/8/4n3/2N1PN2/PP3PPP/R1BQKB1R b KQkq -,e4c3 b2c3 d8a5 f1e2 f6e4 c1d2 g7g6 d1b3 d7c6 e1h1
r1bq1rk1/1p4pp/p2p4/2nPpp2/2P5/2NBQP2/PP4PP/3R1RK1 b - -,b7b5 c4b5 c5d3 d1d3 a6b5 a2a3 f5f4 e3f2 c8f5 d3d2
r7/1p1kqp2/p1np1b2/4p1Bp/1PB1P2P/2PP1Q2/4KP2/6R1 b - -,f6g5 g1g5 a8f8 g5h5 d7c7 h5h7 c6d8 f3f5 c7b6 c4d5
2kr2r1/bpp2p2/3p3p/6q1/PpBpPp2/3P1P1K/2P1Q1P1/R3B1R1 b - -,f6g5 g1g5 a8f8 g5h5 d7c7 h5h7 c6d8 f3f5 c7b6 c4d5
8/8/1p3Kpp/1k6/1P6/5P1P/8/8 b - -,b5c6 f6g6 c6d5 g6h6 d5e6 h6g5 b6b5 f3f4 e6d5 f4f5
6k1/r2n2p1/4b2p/8/8/2NP2B1/6PP/2R3K1 b - -,a7a6 c1e1 e6f7 e1e7 d7f6 h2h3 a6a3 g3e5 f7g6 e5f6
8/2p4p/p2p1k2/1P1P1p2/3P1K1P/8/PP6/8 b - -,f6e7 b5a6 e7d7 a6a7 c7c5 d5c6 d7c6 a7a8q c6d7 f4f5
1n3q1k/p6p/1p1p1QpP/3Pp3/4P1N1/1P4P1/P4P2/6K1 b - -,h8g8 f6e6 g8h8 g4f6 a7a5 g1g2 b6b5 g2g1 a5a4 b3a4
rnbqkbnr/pppp3p/4p3/4Pp2/5P2/8/PPPP3P/RNBQKBNR b KQkq -,d8h4 e1e2 h4f4 g1f3 b8c6 d2d4 c6d4 f3d4 f4g4 e2e1
R7/8/7p/4K1k1/7r/8/8/8 b - -,
4r1k1/5pp1/1R3n2/p7/6P1/2N2P1P/q3PQK1/8 b - -,a2c4 c3e4 f6e4 f3e4 g7g6 f2f3 e8e4 e2e3 a5a4 b6b8
rnbqkbnr/pp3ppp/2p1p3/8/3pP3/N5P1/PPPP1P1P/R1BQKBNR b KQkq -,f8a3 b2a3 c6c5 f2f4 g8e7 d2d3 b8c6 g1f3 b7b6 f1g2
4r3/p5k1/2p5/1p2p3/6b1/4K1p1/PPB5/6R1 b - -,e8h8 g1g3 h8h3 g3h3 g4h3 a2a3 h3g2 b2b4 g7f6 a3a4
4r2k/pp4pp/4B1b1/8/1P3R2/5pP1/5P1P/r3R1K1 b - -,g4e6 g1g3 g7f6 g3g6 f6e7 a2a4 b5b4 a4a5 e8h8 g6g7
r7/1p1kqp2/p1np4/4p1Rp/1PB1P2P/2PP1Q2/4KP2/8 b - -,a8f8 g5h5 c6d8 h5h7 d7c7 f3f5 c7b6 h7h6 f8g8 f5f6
8/5p2/R3p1k1/6p1/4P3/p4KPP/8/r7 b - -,a1f1 f3e2 f1a1 e2f3 a3a2 f3g2 f7f6 g2h2 g6g7 a6a7
8/1pk3p1/2b2pPp/p1PB1P1P/P2K4/4P3/8/8 b - -,c7d8 e3e4 c6a4 e4e5 d8e7 d5b7 a4d1 e5f6 e7f6 c5c6
rn1qkb1r/pp1B1ppp/4pn2/2pP4/3P4/5N2/PPP2PPP/RNBQK2R b KQkq -,d8d7 d5e6 d7e6 c1e3 b8c6 e1h1 e8a8 c2c3 f6d5 e3d2
rnbqk1nr/pppp1ppp/8/2b1p3/3PPP2/2P5/PP4PP/RNBQKBNR b KQkq -,e5d4 c3d4 c5b6 b1c3 g8e7 c1e3 b8c6 g1f3 d7d5 e4e5
8/8/1p4Kp/8/1k6/5P1P/8/8 b - -,b4c5 f3f4 c5d5 f4f5 d5e4 f5f6 e4d5 g6h6 b6b5 h6g6
2k4r/pp1n1p2/7p/6p1/Q1Pn4/3P3P/P3BPP1/2q2RK1 b - -,b4c5 f3f4 c5d5 f4f5 d5e4 f5f6 e4d5 g6h6 b6b5 h6g6
r1b1kb1r/1ppnpppp/p2q1n2/8/P2P4/2N2N1P/1PP2PP1/R1BQKB1R b KQkq -,c7c5 a4a5 c5d4 d1d4 d6d4 f3d4 e7e5 d4f3 f8c5 g2g4
8/3k4/p2P4/4PKp1/3r4/8/8/6R1 b - -,d4f4 f5g5 f4f8 g1a1 d7e6 a1a5 f8f5 g5g4 f5f7 a5c5
r1bq1rk1/1p4pp/p2p4/3Ppp2/2P5/2NQ1P2/PP4PP/3R1RK1 b - -,d8b6 g1h1 c8d7 b2b3 b6b4 d3d2 b7b5 c3e4 b4d2 e4d2
7r/1p1kqpR1/p1np4/4p2p/1PB1P2P/2PP1Q2/4KP2/8 b - -,c6d8 f3f5 d7c7 f5g6 c7c8 c4d5 e7c7 g6f5 c8b8 e2d2
8/2R2ppk/8/p7/4r1P1/7P/4P1K1/8 b - -,
r2qkb1r/ppp1pppp/2np1n2/5b2/3P4/2P2NP1/PP1NPP1P/R1BQKB1R b KQkq -,d8c8 d4d5 c6b8 e2e4 f5d7 f1g2 g7g6 e1h1 f8g7 f1e1
6k1/2Bn2p1/7p/8/2b5/r7/2P3PP/2RN2K1 b - -,c4e6 h2h3 a3a6 c7g3 a6c6 g3f2 d7e5 c2c3 e5d3 c1b1
5r1n/1p4kp/1b1N4/1P3p2/1p1P4/1B6/5PPP/4R1K1 b - -,g7g6 d4d5 b6d4 e1e6 f8f6 b3c2 g6g5 h2h4 g5g4 e6f6
8/5p2/R3p1k1/6p1/4P3/6PP/p5K1/r7 b - -,f7f6 g2h2 g6f7 a6a7 f7e8 a7a8 e8e7 a8a7 e7d6 h3h4
rnbqkbnr/pp3ppp/2p5/4p3/3pP3/N2P2P1/PPP2P1P/R1BQKBNR b KQkq -,f8a3 b2a3 c6c5 f2f4 e5f4 d1h5 f4g3 h5e5 g8e7 h2g3
r2q2kr/ppp3pp/2np1n2/3N2N1/4P1b1/4Q3/PP3PPP/R1B2RK1 b - -,c6e7 d5f6 g7f6 e3b3 d6d5 b3g3 d8c8 h2h3 h7h5 h3g4
rnbqk1nr/pppp1ppp/8/2b5/3PPP2/8/PP4PP/RNBQKBNR b KQkq -,c5b6 b1c3 g8e7 a2a4 c7c6 g1f3 d7d5 e4e5 e8h8 f1d3
1k6/1p2r1p1/1pp4p/3n1R2/P2P4/6PP/1P1B4/6K1 b - -,e7e4 d2f4 d5f4 f5f4 e4e3 f4g4 g7g5 h3h4 g5h4 g3h4
r1b1r1k1/4qpbp/p2p2p1/2RPp2n/Pp2P3/1P1BNN1P/5PPB/3QR1K1 b - -,d6c5 e3c4 h5f4 h2f4 e5f4 e4e5 c8b7 d5d6 e7d8 d3e4
rnbqkb1r/pppp1pp1/5n1p/8/3P4/3BB3/PPP2PPP/RN1QK1NR b KQkq -,b8c6 d1e2 f8e7 c2c3 e8h8 g1f3 d7d5 b1d2 f6g4 e1a1
4r3/p5k1/2p1b3/1p2p3/8/4K1R1/PPB5/8 b - -,g7f6 g3g6 f6e7 g6g7 e7d6 g7a7 e8g8 a2a4 b5b4 c2e4
8/8/1p4Kp/8/2k2P2/7P/8/8 b - -,h6h5 f4f5 b6b5 f5f6 b5b4 f6f7 b4b3 f7f8q c4c3 g6h5
r4rk1/1bqn1ppp/p1pb1n2/1p4B1/3NP3/2NB3P/PPQ2PP1/R2R2K1 b - -,g7g6 d4f3 d6f4 g5f4 c7f4 c2d2 f4d2 d1d2 f8e8 d3c2
8/1Q4pk/7p/5q2/8/8/1pr3PP/1R2R2K b - -,c2e2 b7b4 e2f2 h2h3 f5g6 b4b7 f2f7 b7b2 f7f8 b1d1
8/1p2Rp2/1k3r1p/2pK4/6P1/7P/8/8 b - -,f6f3 d5e4 f3h3 e7f7 b6c6 f7h7 b7b5 e4f5 h3h4 f5f4
5r2/1p1kqpR1/p1np4/4p2Q/1PB1P2P/2PP4/4KP2/8 b - -,c6d8 h5f5 d7e8 h4h5 e7h4 c4d5 e8e7 g7h7 h4f6 f5c8
rnbqk1nr/pppp1ppp/8/8/1b1PPP2/8/PP1B2PP/RN1QKBNR b KQkq -,b4d2 d1d2 d7d5 e4e5 b8c6 b1c3 d8h4 g2g3 h4d8 g1f3
rnbqkb1r/pp3ppp/2p2n2/4p3/3pP3/N2P2PB/PPP2P1P/R1BQK1NR b KQkq -,c8h3 g1h3 d8d7 h3g5 f8a3 b2a3 c6c5 e1h1 b8c6 g5f3
8/8/B2k4/8/7Q/4K3/8/8 b - -,c8h3 g1h3 d8d7 h3g5 f8a3 b2a3 c6c5 e1h1 b8c6 g5f3
r1bqk2r/p1n1ppbp/1pn3p1/2p5/2QP4/2N2NP1/PP2PPBP/R1B2RK1 b kq -,
8/5p2/4pk2/R5p1/4P3/6PP/p5K1/r7 b - -,f6g6 a5a6 f7f6 g2h2 g6g7 a6a7 g7f8 a7a8 f8e7 a8a7
r4rk1/1b1pn1pp/4p1q1/p1p1Bp2/2P2P2/PP1BP3/2Q3PP/R2R2K1 b - -,f8c8 c2f2 d7d5 a1b1 g6f7 h2h3 e7g6 e5a1 c8b8 g1h2
8/8/6Kp/1p3P2/2k5/7P/8/8 b - -,c4d5 f5f6 d5e6 f6f7 e6e7 g6g7 h6h5 f7f8q e7e6 f8e8
8/1pp4p/3p1k2/p2P1p2/2PP1K1P/8/PP6/8 b - -,
r1b1r1k1/4qpbp/p5p1/2pPp2n/PpN1P3/1P1B1N1P/5PPB/3QR1K1 b - -,h5f4 h2f4 e5f4 e4e5 e7d8 d3e4 a8b8 d5d6 c8d7 d1d2
2rqr1k1/p3pp1p/1p1p2pB/5P2/2PQb3/1PR5/P5PP/5RK1 b - -,f7f6 d4e4 e7e6 f5g6 f6f5 e4d4 c8c7 g6h7 g8h7 c3h3
r2q2kr/ppp3pp/2np4/3P2N1/6b1/4Q3/PP3PPP/R1B2RK1 b - -,c6e5 f2f4 e5c4 e3d3 b7b5 f4f5 d8f6 g5e6 g7g6 f5g6
2kr3r/pb1nbp1p/1pq1pn2/6p1/2P5/1P1B1N2/PB1N1PPP/3RRQK1 b - -,c8b8 f3e5 d7e5 b2e5 b8a8 d2e4 f6g4 e5h8 c6c7 e4g3
5b2/5k2/1R4p1/1p2Pp2/2p2P2/2P3K1/1P6/8 b - -,f7e8 b6b5 e8f7 b5b6 f8c5 b6f6 f7g7 f6c6 c5e3 c6c4
r1b2rk1/1pq3pp/p2p4/3Ppp2/2P5/2NQ1P2/PP4PP/3R1R1K b - -,c8d7 a2a4 a8b8 d1a1 c7c5 h2h3 h7h6 b2b3 b7b5 a4b5
r3k2r/ppp2pQp/2n5/3q1b2/8/P3P3/1P3PPP/R1B1KB1R b KQkq -,e8a8 f1e2 h8g8 g7c3 d5g2 h1f1 f5h3 c3f6 g2d5 e3e4
8/8/5PKp/8/1pk5/7P/8/8 b - -,b4b3 f6f7 b3b2 f7f8q b2b1q f8f5 b1h1 g6h6 c4c3 h6g6
1k6/1p4p1/1pp4p/3n1R2/P2PrB2/6PP/1P6/6K1 b - -,d5f4 f5f4 e4e1 g1g2 e1b1 f4f2 b1d1 f2f7 d1d4 f7g7
8/2R2ppk/8/p7/6P1/5K1P/4r3/8 b - -,
4kr2/1p2qpR1/p1np4/4pQ2/1PB1P2P/2PP4/4KP2/8 b - -,c6d8 h4h5 e7h4 c4d5 e8e7 g7h7 h4f6 f5c8 f8h8 c8c7
3r1r1k/pp6/2pq1p1p/P3PRn1/1P1P2Q1/1B6/6P1/5R1K b - -,f6e5 d4e5 d6e7 e5e6 f8f5 f1f5 e7g7 g4f4 d8g8 e6e7
R7/p5k1/2p1b3/1p2p3/8/2N1K3/PPr3pR/8 b - -,f6e5 d4e5 d6e7 e5e6 f8f5 f1f5 e7g7 g4f4 d8g8 e6e7
rn2kb1r/pp1q1ppp/4Pn2/2p5/3P4/5N2/PPP2PPP/RNBQK2R b KQkq -,d7e6 c1e3 b8c6 e1h1 e8a8 c2c3 f6d5 e3d2 c5d4 f1e1
3kr3/5p2/pQ1Pp1p1/P1r1Pn1p/3q3P/1R4P1/1P3P2/5RK1 b - -,d7e6 c1e3 b8c6 e1h1 e8a8 c2c3 f6d5 e3d2 c5d4 f1e1
k1r3q1/p5Q1/2pnN3/8/8/8/8/KR6 b - -,g8e6 g7g2 e6e5 g2b2 e5a5 b2a2 a5f5 a2e2 d6b5 e2d2
4r3/p7/2p1bkR1/1p2p3/8/4K3/PPB5/8 b - -,f6f7 g6h6 e6d5 b2b4 e8g8 a2a4 g8g3 e3d2 g3g2 d2c3
r1b1R1R1/p7/2p5/1p2pk2/4N3/4K3/PPr3p1/8 b - -,c2e2 e3e2 f5e4 e2f2 c8e6 e8a8 e6a2 g8g2 e4d3 a8a7
8/5P2/6Kp/8/2k5/1p5P/8/8 b - -,b3b2 f7f8q b2b1q f8f5 b1b6 g6g7 b6e3 g7g8 c4c3 g8f7
1rb4k/1p3p2/p2p2p1/2pPp1n1/P3P1P1/2N5/1PP1B3/2KR4 b - -,h8g7 c1d2 b7b5 a4b5 a6b5 d2e3 c8d7 d1h1 c5c4 c3d1
6k1/1p4p1/p4p1p/P2p3P/3R4/6P1/1P3PK1/4r3 b - -,
r3kb1r/ppp2ppp/2nqpn2/1N6/3P2b1/5N2/PPP1BPPP/R1BQ1RK1 b kq -,d6d8 c2c4 a7a6 b5c3 g4f3 e2f3 c6d4 f3b7 a8a7 c1e3
r2qkb1r/ppp2ppp/2n2n2/4pb2/8/2P2NP1/PP1NPPBP/R1BQK2R b KQkq -,f8e7 e1h1 e8h8 d2c4 e5e4 f3d4 c6d4 c3d4 c7c6 d1c2
r1bqkb1r/ppp2p1p/2np1np1/4p3/3P4/1P3NP1/PBP1PPBP/RN1QK2R b KQkq -,e5e4 f3d2 e4e3 f2e3 f8h6 e3e4 f6g4 d2c4 h6e3 h1f1
6k1/2B3p1/7p/2P2b2/2p5/8/r1P3PP/2R3K1 b - -,f5e4 c7e5 a2c2 c1c2 e4c2 c5c6 c2e4 c6c7 e4b7 g1f2
r1bqk2r/pppp1ppp/2nb3n/3Pp1N1/2B1P3/2P5/PP3PPP/RNBQK2R b KQkq -,d6e7 g5f3 c6b8 f3e5 d7d6 c4b5 c7c6 d5c6 e8h8 c1h6
r1b2rk1/1pq3pp/p1nbpn2/3p4/3P4/2NBBN2/PP3PPP/2RQ1RK1 b - -,c8d7 c3a4 d7e8 a4c5 d6c5 c1c5 e8h5 d3e2 f6e4 c5c1
3r1r1k/pp6/2pq3p/P3PRn1/1P4Q1/1B6/6P1/5R1K b - -,f8f5 e5d6 f5f1 h1h2 f1f6 g4d4 d8d6 d4a7 h6h5 a7b8
1k6/1p4p1/1pp4p/8/P2P1P2/7P/1P6/6K1 b - -,
r1b5/p5k1/2p5/1p4R1/8/2N1K3/PP4pr/6R1 b - -,g7f7 g5g2 h2g2 g1g2 c8e6 e3d4 b5b4 g2f2 f7e7 c3a4
2r2k1r/5p1p/p2q1p2/1pbR4/Q1B5/4P3/PPN2PPP/2K4R b - -,d6d5 a4a6 c5e3 c2e3 c8c4 e3c4 d5c4 c1b1 f8g7 a6a3
8/8/1p2k1pp/5n2/1PK1N3/5P1P/8/8 b - -,f5e3 c4d4 e3d5 b4b5 d5f4 e4d2 f4h3 d2c4 h3g5 c4b6
r4rk1/ppp3p1/3b1p2/n3pqPQ/3P2P1/2P1B3/P1P2P2/R3K2R b KQ -,f5d3 c2d3 f6g5 h5h7 g8f7 d4e5 d6e5 h7f5 e5f6 f5d5
5Q2/8/6Kp/8/2k5/7P/1p6/8 b - -,c4b3 f8b8 b3a2 g6h6 b2b1q b8b1 a2b1 h3h4 b1a2 h4h5
r4rk1/1pqb2pp/p2p4/3Ppp2/2P5/2NQ1P2/PP4PP/2R2R1K b - -,c7a5 b2b3 a8c8 c3b1 f8e8 d3d2 a5d2 b1d2 g8f7 g2g4
8/1p3p2/1k5p/2pK4/6P1/5r1P/8/4R3 b - -,f3d3 d5c4 d3h3 e1f1 h3e3 f1f6 e3e6 f6f4 e6g6 c4c3
r2q1rk1/pp2ppbp/3pb1p1/2nN4/2P1P3/4B3/PPB2PPP/R2Q1R1K b - -,e6d5 c4d5 d8a5 a1b1 a5a2 e3c5 d6c5 f2f4 a8d8 b2b4
r1b1kb1r/ppp2ppp/2np4/8/6nq/2NBPQ1P/PPP2PP1/R1B1K1NR b KQkq -,g4f6 e3e4 c8e6 c1d2 e8a8 e1a1 f8e7 f3e2 h4h5 g1f3
6k1/2B3p1/7p/2P2b2/2p5/8/2R3PP/6K1 b - -,h6h5 c2c4 f5d7 c7e5 g7g6 c4d4 d7b5 d4b4 b5c6 g2g4
1r4k1/5pp1/5n2/p4N2/2R3P1/2p2P1P/P2qPQK1/8 b - -,g7g6 c4d4 d2a2 f5e7 g8f8 g4g5 c3c2 f2g3 f6e8 g3b8
8/8/1p5K/8/k7/5P1P/8/8 b - -,a4b3 f3f4 b6b5 f4f5 b5b4 f5f6 b3a2 f6f7 b4b3 f7f8q
6k1/2Bn2p1/4b2p/8/2p5/3P4/1rP3PP/2RN2K1 b - -,b2a2 d3c4 a2a6 c7g3 e6c4 d1e3 c4f7 c1d1 a6e6 e3f5
r7/p4k2/2p1b3/1p2p3/8/6Q1/PPB5/2K5 b - -,a8g8 g3f3 f7e7 f3c6 a7a5 c6c5 e7f6 c5b6 g8c8 c1b1
r1b2k2/p7/2p5/1p6/8/2N1K3/PP4Rr/6R1 b - -,h2h3 e3d4 c8e6 g2f2 e6f7 g1f1 h3h7 d4c5 a8e8 c5c6
8/8/1p2k1pp/1K6/1P2N3/4nP1P/8/8 b - -,e3c2 b5b6 c2b4 b6c5 b4c2 c5c4 c2e1 c4d4 e1f3 d4e3
8/R7/4ppk1/6p1/4P3/6PP/p5K1/r7 b - -,f6f5 e4f5 e6f5 a7a6 g6f7 a6a7 f7e6 a7a6 e6d5 a6a5
8/8/6Kp/5Q2/2k5/7P/8/1q6 b - -,b1a1 g6h6 a1c1 h6h5 c1e3 h5g4 e3g1 g4h4 c4b3 f5g4
2q1r1k1/4brp1/4p2p/1p1pP2P/p1nP1P2/P3NR2/1P2Q1K1/3N1R2 b - -,e7h4 f4f5 e6f5 e3f5 g8h8 d1e3 h4g5 e3c4 b5c4 f1f2
8/8/7K/1p6/k4P2/7P/8/8 b - -,a4a3 f4f5 a3a2 f5f6 b5b4 f6f7 b4b3 f7f8q b3b2 f8a8
r3kb1r/ppp1qppp/2n2n2/4pb2/8/2P2NP1/PP1NPPBP/R1BQ1RK1 b kq -,e8a8 d1a4 c8b8 e2e4 f5e6 b2b4 a7a6 a4c2 e7d7 f3g5
rnbqkbnr/pp5p/3pp3/5p2/3P1P2/8/PPP4P/RNBQKBNR b KQkq -,d8h4 e1e2 b8c6 g1f3 h4h5 h1g1 c8d7 e2e1 e8a8 d1e2
8/6pk/7p/5q2/1Q6/8/1p2r1PP/1R2R2K b - -,e2f2 h2h3 f5g6 b4b7 g6f6 b7e4 h7h8 e4d5 f6f8 d5d4
8/2R2ppk/8/p7/6P1/7P/5K2/4r3 b - -,
R7/P2r4/8/2K2k2/8/8/8/8 b - -,
r4rk1/1bqn1pp1/p1pb1n1p/1p6/3NP3/2NBB2P/PPQ2PP1/R2R2K1 b - -,f8e8 d4f5 d6c5 c2d2 c5e3 d2e3 c6c5 f2f3 a8d8 d3f1
8/2p5/8/2k5/R7/p6P/1rBK1PP1/8 b - -,a3a2 g2g3 c5b5 a4a8 b5b6 h3h4 b6b7 a8a3 b7b6 d2c3
r2q1rk1/1p1n1ppp/2p1pn2/p1b5/P2pP2P/3P1QP1/1PP2PB1/RNB2RK1 b - -,d8c7 f3e2 e6e5 b1a3 d7b6 b2b3 c5b4 f2f4 c7e7 g2f3
1rb4k/5p2/3p2p1/1NpPp1n1/4P1P1/8/1PP1B3/2KR4 b - -,c8g4 e2g4 b8b5 d1d3 g5e4 d3a3 b5b8 a3a6 b8d8 c2c3
r1b1R3/p5k1/2p5/1p2p3/8/2N1K1p1/PPr5/6R1 b - -,g7f7 e8h8 b5b4 c3e4 c2e2 e3e2 c8g4 e2e3 a8h8 g1g3
6k1/2B3p1/2P4p/8/2p5/8/2b3PP/6K1 b - -,g7g5 c7e5 c2e4 c6c7 e4b7 g1f2 g8f7 g2g4 b7c8 f2f3
r1b1kb1r/ppp2ppp/2np4/3Qn3/7q/2NBP2P/PPP2PP1/R1B1K1NR b KQkq -,c8e6 d5e4 e5d3 c2d3 h4e4 d3e4 c6b4 e1d2 e8a8 a2a3
8/8/7K/5P2/kp6/7P/8/8 b - -,a4b3 f5f6 b3a2 f6f7 b4b3 f7f8q b3b2 f8f2 a2b1 f2d2
r4rk1/1pqb2pp/p1nbpn2/3p4/N2P4/3BBN2/PP3PPP/2RQ1RK1 b - -,d7e8 f3e5 d6e5 d4e5 c7e5 f1e1 f8f7 d3b1 f6d7 a4c5
r1b2k2/p7/2p5/1p6/8/2N1K3/PP4R1/8 b - -,c8e6 a2a3 a8d8 g2g6 f8e7 c3e4 e6d5 g6g7 e7f8 g7h7
8/1pp4p/3p1k2/3P1p2/p1PP1K1P/1P6/P7/8 b - -,h7h5 b3a4 b7b6 f4f3 f6f7 f3e3 f7g6 e3f2 g6f7 f2f3
8/8/5k2/5Pp1/8/8/8/6K1 b - -,
8/8/1q3QKp/8/2k5/7P/8/8 b - -,b6b1 g6h6 b1e4 h6g5 e4g2 g5h4 g2e4 h4g3 e4e1 f6f2
2r2rk1/1pqb2pp/p2p4/3Ppp2/2P5/1PNQ1P2/P5PP/2R2R1K b - -,c7c5 c3b1 b7b5 b1d2 c8c7 h2h3 f8c8 c1c2 h7h6 f1c1
1rb1r1k1/4qpbp/p2p2p1/2nPp2n/PpN1P3/1P1B1N1P/2Q2PPB/2R1R1K1 b - -,g7f8 d3f1 e7d8 g2g4 h5f6 f3d2 h7h5 g4g5 f6h7 h3h4
r4rk1/ppp3p1/3b1pP1/n3p2Q/3Pq1P1/2P1B3/P1P2P2/R3K2R b KQ -,e4h1 h5h1 f8f7 d4e5 a8d8 h1h7 g8f8 e5d6 c7d6 g6f7
4r1kB/pppq1p1p/3pn1p1/8/4P3/2Q5/PPP2PPP/3RK2R b - -,c7c5 d1d2 f7f5 e1d1 f5e4 h8e5 d7a4 d2d6 a4a2 h1e1
8/8/5P1K/8/k7/1p5P/8/8 b - -,a4a3 f6f7 a3a2 f7f8q b3b2 f8f2 a2a1 f2d4 a1b1 d4c4
r7/p4k2/2p5/1p1bQ3/8/8/PPB5/2K5 b - -,a7a6 c2d1 a8f8 c1c2 a6a5 c2d2 f7g6 d2c3 f8f6 c3d4
2kr3r/ppp2ppp/2n5/3q1b2/4P3/P1Q2P2/1P4PP/R1B1KB1R b KQ -,f5e4 c1e3 h8e8 f3e4 d5e4 e1f2 c6e5 e3a7 e8e6 h2h4
8/8/1K2k1pp/8/1P2N3/5P1P/2n5/8 b - -,c2b4 b6c5 b4c2 c5c4 c2e1 c4d4 e1f3 d4e3 f3e5 e3f4
r2qr1k1/1R1b1p2/2p3p1/3p3p/3P2nn/3BP1N1/2QN1PPP/5RK1 b - -,a8a3 b7b3 a3a7 f1b1 d8e7 d2f1 e8c8 h2h3 g4f6 c2c1
2r2k1r/1p3p1p/p2q1p2/2bb4/Q1B5/4P3/PPN2PPP/2KR3R b - -,d5c6 d1d6 c6a4 d6f6 c8c7 f6f5 a4c2 c1c2 h8g8 c2d3
1q5k/1P4p1/7p/2r5/8/7P/5PP1/1Q2R2K b - -,c5d5 e1e7 d5d6 b1e1 d6d8 e1a1 d8g8 a1d4 b8d8 d4e5
6R1/8/7p/4K1k1/1r6/8/8/8 b - -,
4k3/1pq1nQR1/p2p4/4p2P/1P2P3/2PP4/4KP2/8 b - -,g5h5 e5f5 h5h4 g8g1 h6h5 g1h1 h4g3 h1h5 b4b5 f5g6
2r3k1/p2q1pp1/5n2/3p4/1N2r3/4P2P/PP1Q1PP1/2RR2K1 b - -,c8c1 d1c1 d7b7 a2a3 e4c4 c1c2 b7b5 d2d3 c4b4 c2c8
8/7K/5Q1p/8/2k5/7P/8/6q1 b - -,
2r2rk1/pp2bpp1/7p/q2Np3/2B1P1b1/3Q2P1/PPP4P/1K3R1R b - -,a5c5 c4b3 g8h8 h2h3 g4d7 f1f3 c8d8 d3e2 f7f5 f3c3
8/1pk3p1/6Pp/pKPBpP1b/8/8/8/8 b - -,h5e2 d5c4 e2h5 c4d3 a5a4 b5a4 h5g6 f5g6 b7b6 a4b5
1r4k1/5pp1/8/p2n1N2/2RQ2P1/2p2P1P/P2qP1K1/8 b - -,d2g5 d4d5 b8e8 f3f4 g5f6 f5g3 f6b6 d5c6 b6c6 c4c6
2kr1b1r/ppp1qppp/2n2n2/4pb2/Q7/2P2NP1/PP1NPPBP/R1B2RK1 b - -,c8b8 e2e4 f5e6 b2b4 f6d7 b4b5 d7b6 a4c2 c6a5 d2b3
8/5P2/7K/8/k7/7P/1p6/8 b - -,b2b1r f7f8q b1b5 f8e8 a4b4 e8b5 b4b5 h6g5 b5a5 g5f6
6k1/1p4p1/p4p1p/P2pr2P/3R2P1/8/1P3PK1/8 b - -,g8f8 g2f3 f8e8 d4b4 d5d4 b4d4 e5a5 d4b4 b7b5 f3e4
8/R4ppk/4r3/p7/6P1/7P/5K2/8 b - -,
r4k2/p7/2p1b3/1p6/3K4/2N5/PP4R1/8 b - -,a8b8 a2a3 b5b4 a3b4 b8b4 d4c5 b4c4 c5d6 e6f7 g2f2
rnbqkb1r/pp3ppp/5n2/2pp4/8/2N3P1/PPQPPPBP/R1B1K1NR b KQkq -,f8e7 d2d3 d5d4 c3e4 f6e4 d3e4 b8c6 c1d2 e8h8 g1h3
8/3K4/4Pb1B/1k6/8/8/8/8 b - -,f8e7 d2d3 d5d4 c3e4 f6e4 d3e4 b8c6 c1d2 e8h8 g1h3
rn6/1Q1p1pkp/p4qp1/8/8/3B4/P1P2PKP/4R3 b - -,f6c6 d3e4 c6b7 e4b7 a8a7 e1b1 b8c6 b7c6 d7c6 b1b6
4r3/p4k2/2p5/1p1b4/3Q4/8/PPB5/2K5 b - -,e8g8 d4f4 f7e7 f4e5 e7f7 c2d3 g8g1 c1d2 g1g2 d2e3
2kr3r/ppp2ppp/2n5/3q1b2/8/P1Q1PP2/1P3KPP/R1B2B1R b - -,h8e8 f1e2 f5d3 h1d1 c6e5 e3e4 d5b5 c1f4 b5b6 f4e3
1q5k/1Pr3p1/6Qp/8/8/7P/5PP1/4R2K b - -,f5d3 e3e4 d5e5 c1d2 d3f1 a1f1 e5b5 d2f4 f7f6 f1d1
r4rk1/1bqn1ppp/pp2p3/8/3Q2n1/2P2N2/PP3PPP/R1B1RBK1 b - -,h7h5 c1f4 c7c5 f4d6 c5d4 f3d4 f8d8 f2f3 g4f6 d6g3
rnb1kbnr/pp5p/8/4Pp2/8/8/PPP4P/RNBK1BNR b kq -,c8e6 b1c3 b8c6 g1f3 g8e7 f1d3 e8a8 c1g5 h8g8 h1g1
r2q2kr/pppNBp1p/3pn1p1/8/4P3/2Q5/PPP2PPP/R3K2R b - -,d8d7 e7f6 d6d5 f6h8 d5d4 h8d4 e6d4 a1d1 a8d8 f2f3
5Q2/8/7K/8/k7/7P/8/1q6 b - -,b1b6 h6h5 b6e6 f8f4 a4b3 h3h4 b3a2 f4f2 a2a1 h5g5
7k/1q4p1/6Bp/1P6/1p2b1Q1/8/5rPP/6RK b - -,e4g2 g4g2 f2g2 g1g2 b7b5 h2h3 b5f1 h1h2 b4b3 g2g3
4r2k/pp4pp/6b1/8/1r6/1B3pP1/P4P1P/2R1R1K1 b - -,e8e1 c1e1 g6e4 h2h4 h7h5 e1e3 a7a5 g1h2 a5a4 b3e6
2r3k1/1p3pp1/1q2pb1p/3p2P1/p1rN1P2/2P5/PP1QR2P/1K1R4 b - -,f6d4 c3d4 a4a3 d2e1 h6g5 f4g5 c4d4 d1d4 b6d4 b2a3
8/6pk/7p/5q2/1Q6/7P/1p3rP1/1R2R2K b - -,f5g6 b4b7 g6c2 b7e4 h7g8 e4c2 f2c2 h1h2 g8f7 e1e4
1r4k1/5pp1/8/p2n1N2/3R2P1/2p2P1P/P3P1K1/8 b - -,c3c2 d4c4 g7g6 c4c2 g6f5 c2c5 d5f4 g2f2 f5g4 h3g4
2kr2r1/bpp2p2/3p4/6qp/PpBpPpP1/3P1P1K/2P1Q3/R3B1R1 b - -,
r4rk1/1p1bppbp/2np1np1/qNP5/p3PP2/2N1B3/PP1QB1PP/R4RK1 b - -,a4a3 b5a3 f6e4 c3e4 a5d2 e4d2 g7b2 a3c4 b2a1 f1a1
4r3/5k2/2p5/pp1b4/3Q4/1P6/P1B5/2K5 b - -,f7e6 d4e3 e6d7 e3a7 d7d6 a7a5 e8e2 a5a7 e2g2 a2a3
r3r1k1/1bqn1pp1/p1pb1n1p/1p3N2/4P3/2NBB2P/PPQ2PP1/R2R2K1 b - -,d6c5 c2c1 c5e3 c1e3 c6c5 f2f3 a8d8 d3f1 d7f8 d1d8
8/5ppk/1r6/R7/6P1/7P/5K2/8 b - -,
8/1p3p2/1k5p/2p5/2K3P1/7r/8/5R2 b - -,h3e3 f1f7 e3e4 c4c3 e4g4 f7f6 b6a5 f6h6 b7b5 h6h7
8/5k2/1R4pb/1p2Pp2/2p2P2/2P2K2/1P6/8 b - -,h6f8 b6b5 f7e6 b5b6 e6d5 b6g6 f8e7 g6h6 d5c5 h6h7
r5kr/pppq1p1p/3pnBp1/8/4P3/2Q5/PPP2PPP/R3K2R b - -,d6d5 f6h8 d5d4 h8d4 e6d4 a1d1 a8d8 f2f3 d7d6 d1d2
rn2kbnr/pp5p/4b3/4Pp2/8/5N2/PPP4P/RNBK1B1R b kq -,b8c6 b1c3 e8a8 f1d3 g8e7 c1g5 h8g8 d1e2 d8e8 a1g1
r2qkbnr/ppp2ppp/2n1p3/1B1p1b2/3P1P2/P3P3/1PP3PP/RNBQK1NR b KQkq -,d8h4 g2g3 h4g4 d1g4 f5g4 b5e2 g4f5 e2d3 g8f6 g1f3
5Q2/8/6K1/8/k7/7P/8/2q5 b - -,c1e3 f8f5 e3e8 g6g5 e8g8 f5g6 g8d8 g6f6 d8d5 g5h6
8/R4pk1/4p1p1/8/8/p3P1PP/4K3/r7 b - -,a3a2 e3e4 a1h1 a7a2 h1h2 e2e3 h2a2 e4e5 a2a3 e3f2
2r3k1/1p3pp1/1q2pb2/3p2P1/p1rN4/2P5/PP1QR2P/1K1R4 b - -,f6d4 c3d4 a4a3 d2e1 c4d4 d1d4 b6d4 b2a3 d4d3 b1a1
2R3k1/5pp1/8/p7/P3P1P1/7P/1q1rPQK1/8 b - -,f6d4 c3d4 a4a3 d2e1 c4d4 d1d4 b6d4 b2a3 d4d3 b1a1
r2k1b1r/pp3ppp/5n2/N3P3/8/2N5/PP3PPP/R1BR2K1 b - -,f6d7 a5b7 d8c8 b7d6 f8d6 e5d6 d7f6 d6d7 f6d7 c3b5
r4rk1/ppp2pp1/3b4/n3pqPQ/3P4/2P1B3/P1P2PP1/R3K2R b KQ -,f7f6 g2g4 f5g5 e3g5 f6g5 h5h7 g8f7 h7f5 f7g8 f5e6
rnbqkbnr/pp1p1pp1/2p4p/4p3/2PP4/6P1/PP2PPBP/RNBQK1NR b KQkq -,e5d4 d1d4 b8a6 g1h3 g8f6 h3f4 f8c5 d4d2 d7d5 c4d5
r2qr1k1/pb1n1ppp/1p3n2/2pp4/P1PP4/B2BPN2/5PPP/R2Q1RK1 b - -,c5d4 f3d4 d7c5 a1c1 f6e4 d3e2 d5c4 e2c4 d8g5 d4f3
8/5B2/8/1N6/8/2K5/k7/8 b - -,c5d4 f3d4 d7c5 a1c1 f6e4 d3e2 d5c4 e2c4 d8g5 d4f3
r1bqkb1r/pp3ppp/2n1p3/1Bp5/8/2PP1Q2/P1P2PPP/R1B1K1NR b KQkq -,c8d7 g1e2 a7a6 b5a4 c5c4 d3c4 d8a5 a4b3 c6e5 f3h3
2kr3r/bpp2p2/3p4/6qp/PpBpPpP1/3P1P2/2P1Q1K1/R3B1R1 b - -,
1r4k1/5pp1/8/p2n1N2/2R3P1/5P1P/P1p1P1K1/8 b - -,g7g6 c4c2 g6f5 c2c5 d5f4 g2f2 f5g4 h3g4 b8e8 c5g5
r3kb1r/pppq1ppp/2n1pn2/1N2N3/3P2b1/8/PPP1BPPP/R1BQ1RK1 b kq -,g4e2 d1e2 c6e5 d4e5 a7a6 b5c7 d7c7 e5f6 g7f6 f1d1
6k1/1r1n2p1/4b2p/8/2p5/3P2B1/2P3PP/2RN2K1 b - -,d7b6 d1b2 e6f7 g3f2 c4d3 b2d3 b6c4 f2d4 f7g6 d3f4
r4rk1/1p1bppbp/2np1np1/qN3P2/p1P1P3/2N1B3/PP1QB1PP/R4RK1 b - -,c6e5 a1d1 f8c8 b5a3 d7c6 c3d5 a5d2 d1d2 c6d5 e4d5
8/4Rn2/8/2pk3p/1pN4P/1Pbp1KP1/P7/8 b - -,c3b2 e7f7 d5e6 f7h7 b2c3 h7h6 e6f5 h6d6 c3d4 d6d5
2r3k1/1p3pp1/1q2p3/3p2P1/p1rP4/8/PP1QR2P/1K1R4 b - -,a4a3 d2e1 c4d4 d1d4 b6d4 b2a3 d4d3 b1a1 c8c4 h2h3
r1b2rk1/p1q2ppp/2p1pn2/1pP1N3/3P4/8/PPBQ1PPP/2KR3R b - -,c8b7 h2h4 f6d5 h4h5 a7a5 g2g4 d5b4 c2b3 c7e7 h5h6
2k1r3/5p2/Q2Pp1p1/P1r1Pn1p/3q3P/1R4P1/1P3P2/5RK1 b - -,c8b7 h2h4 f6d5 h4h5 a7a5 g2g4 d5b4 c2b3 c7e7 h5h6
rnbq1rk1/pp2ppbp/2p2np1/8/2BP4/4PN2/PPQ2PPP/RNB2RK1 b - -,c6c5 d4c5 c8f5 c2e2 b8d7 c5c6 b7c6 f3d4 f5e4 b1c3
8/p2k4/r3pp2/2N4P/5P2/5KP1/4P3/8 b - -,d7e7 c5a6 e7f8 g3g4 f8g7 g4g5 g7f7 g5f6 f7f6 f3g4
4r3/5k2/2p5/3b4/Q7/8/P1B5/2K5 b - -,e8e6 a4f4 e6f6 f4d4 d5e6 a2a4 c6c5 d4c5 e6d7 c5d5
1r2r1k1/3bqpbp/p2p2p1/2nPp2n/PpN1P1P1/1P1B1N1P/2Q2P1B/2R1R1K1 b - -,h5f6 c4d6 c5d3 d6e8 d3e1 e8f6 e7f6 f3e1 h7h5 c2d1
4r1k1/5pp1/8/p7/3RP1P1/7P/q3PQK1/8 b - -,a5a4 f2f3 a2c2 d4d7 c2c4 d7a7 e8e4 a7a8 g8h7 f3d3
r4k2/p7/2p1b3/8/1p1K4/8/PP2N1R1/8 b - -,
rn1qkbnr/pp3ppp/4p3/3p1b2/3P1B2/5N1P/PPP1BPP1/RN1QK2R b KQkq -,
5Q2/7K/8/8/k7/7P/8/6q1 b - -,g1e3 f8f5 a4a3 h7g7 e3g3 g7f7 g3c7 f7g6 c7d6 g6g5
rnbqkbnr/pp1p1pp1/2p4p/8/2PQ4/6P1/PP2PPBP/RNB1K1NR b KQkq -,g8f6 b1c3 b8a6 g1f3 f8c5 d4e5 c5e7 f3d4 d7d6 e5f4
rn2kb1r/pp3ppp/4qn2/2p5/3P4/4BN2/PPP2PPP/RN1QK2R b KQkq -,b8c6 e1h1 e8a8 c2c3 f6d5 e3d2 c5d4 f1e1 e6d7 c3d4
rn1qkb1r/pbpppp1p/5np1/8/2P5/5NP1/P2PPPBP/RNBQK2R b KQkq -,d8c8 b1c3 f8g7 a1b1 c7c5 e1h1 e8h8 d1b3 b7c6 d2d4
1r2r1k1/pb3pp1/1ppn4/6n1/3PP1Pq/1P6/PBQ2NBP/2R1R1K1 b - -,g5e6 c2d2 b8d8 d4d5 c6d5 e4d5 e6f8 b2e5 d8d7 e5g3
8/1p3p2/1k3R1p/2p5/2K3P1/4r3/8/8 b - -,e3e6 f6f4 e6g6 c4b3 b6a5 f4a4 a5b5 a4e4 b7b6 e4f4
8/5ppk/8/8/6P1/R6P/5K2/1r6 b - -,
r1bqkb1r/p4pp1/2Qp3p/2p1P3/8/5N2/PPP2PPP/RN2K2R b KQkq -,c8d7 c6e4 d7e6 e5d6 f8d6 e4c6 e8e7 b1c3 d8b6 c3d5
rn1q1rk1/1bpnp2p/p3N1p1/1p6/8/1QN5/PP2BbPP/R1B2K1R b - -,f2h4 e6f8 g8h8 f8e6 d8c8 c1h6 c7c5 a1d1 c5c4 b3c2
1rbqr1k1/2p2pp1/1bn2n1p/1p1pP3/3P4/4BN1P/1PBN1PP1/R2Q1RK1 b - -,f6e4 d2e4 d5e4 c2e4 d8d7 e4b1 c8b7 e5e6 f7e6 d1d3
r2q1n2/3nb3/k1p1p1p1/ppPp1pP1/3P1P2/1P2PBQ1/PB1NK3/1R6 b - -,e6e5 f4e5 f8e6 g3g2 a6a7 b1h1 d7f8 e2d1 e6g5 f3e2
1k1r1b1r/ppp1qppp/2n2n2/4pb2/Q6N/2P3P1/PP1NPPBP/R1B2RK1 b - -,e7e6 h4f5 e6f5 g2c6 b7c6 d2b3 f5h3 b3a5 b8c8 a4c6
r4rk1/2qn1ppp/pp2p3/8/3Q1Bn1/2P2b2/PP3PPP/R3RBK1 b - -,c7b7 g2f3 g4f6 a1d1 a8d8 f4d6 f8e8 d6g3 b6b5 g1g2
3r3k/pp6/2pP3p/P4rn1/1P4Q1/1B6/6P1/5R1K b - -,f5f1 h1h2 f1f6 g4d4 d8d6 d4a7 h6h5 a7a8 h8h7 a8g8
2kr3r/pb1nbppp/1pq1pn2/2P5/8/1P1B1N2/PB1NQPPP/3R1RK1 b - -,c6d5 c5b6 a7b6 d3a6 c8b8 a6b7 d5b7 d2c4 f6d5 g2g3
rn6/1Q1p1pkp/p1q3p1/8/4B3/8/P1P2PKP/4R3 b - -,c6b7 e4b7 a8a7 e1b1 b8c6 b7c6 d7c6 b1b6 a7c7 b6a6
4r1k1/5pp1/8/p7/3RP1P1/5Q1P/2q1P1K1/8 b - -,a5a4 d4d7 c2c4 d7a7 e8e4 a7a8 g8h7 f3d3 c4d3 e2d3
r1b1nrk1/p7/2p2qR1/1p2p3/5p2/2N3P1/PPBQ4/2KR4 b - -,e8g7 g6f6 f8f6 d2d8 f6f8 c2h7 g8h7 d8f8 c8e6 f8a8
6k1/2Bn2p1/3Nb2p/8/2p5/3P4/r1P3PP/2R3K1 b - -,
6b1/R7/2p3k1/1p2p3/8/2NK4/PPr3p1/8 b - -,c4d3 c2d3 d7e5 d6e4 e5d3 c1d1 e6d5 d1d3 d5e4 d3g3
1k1r1b1r/ppp1qp1p/2n2np1/4pN2/Q7/2P3P1/PP1NPPBP/R1B2RK1 b - -,e7c5 f5h4 e5e4 d2e4 f6e4 g2e4 c6e5 h4f3 e5g4 g1g2
2k4r/pp1n1p2/7p/6p1/2Pn4/3P3P/P3BPP1/2qQR1K1 b - -,c1d1 e2d1 f7f5 g2g4 c8d8 f2f4 g5f4 e1f1 f4f3 d1f3
8/1pp4p/3p1k2/3P1p2/1PPP1K1P/p7/P7/8 b - -,f6g7 f4f5 g7f7 h4h5 b7b6 f5e4 f7f6 e4f4 f6f7 f4f3
n7/ppr3pp/3Npkb1/P7/1PB5/4KP2/6PP/3R4 b - -,c7c6 b4b5 c6c5 f3f4 f6e7 d1d4 b7b6 a5a6 h7h5 h2h3
r1bqk1nr/pp2p1bp/2np2p1/5P2/2P5/1N6/PP2BPPP/RNBQK2R b KQkq -,g8f6 f5g6 h7g6 b1c3 c8f5 c1e3 f6e4 c3e4 f5e4 e1h1
1r2r1k1/3bqpbp/p2N1np1/2nPp3/Pp2P1P1/1P1B1N1P/2Q2P1B/2R1R1K1 b - -,c5d3 d6e8 d3e1 e8f6 e7f6 f3e1 h7h5 c2d1 h5g4 h3g4
5r1k/r4pp1/1p2b3/2p4p/P1P4P/1P1p4/1B3PP1/R3R1K1 b - -,d3d2 e1e2 a7d7 a1d1 d7d3 d1d2 d3b3 e2e5 h8g8 a4a5
8/1Q4pk/6qp/8/8/7P/1p3rP1/1R2R2K b - -,f2f5 b1b2 h6h5 b7e4 f5g5 e4g6 h7g6 h1h2 h5h4 e1f1
r3kb1r/pp3ppp/5P2/N7/8/2N5/PP3PPP/R1BR2K1 b - -,g7f6 d1e1 f8e7 c3d5 h7h5 e1e7 e8f8 e7d7 h5h4 h2h3
8/5k2/2p5/3br3/Q7/8/PKB5/8 b - -,e5e8 a4f4 f7e6 a2a4 e8a8 f4c7 e6f6 a4a5 f6g5 c2d3
2K5/8/3k1p2/3pN3/8/6Q1/8/7q b - -,f6e5 g3a3 d6e6 c8c7 h1e4 a3h3 e4f5 h3b3 f5g4 c7b7
3r3k/pp6/2pP3p/P5n1/1P4Q1/1B6/6PK/5r2 b - -,f1f6 g4d4 d8d6 d4a7 h6h5 a7a8 h8h7 a8g8 h7h6 g8h8
8/1p3kp1/p4p1p/P2pr2P/1R4P1/8/1P3PK1/8 b - -,e5e7 b4b6 g7g6 h5g6 f7g6 b6d6 e7e4 g2g3 e4b4 d6d5
r1b1kb1r/ppp2ppp/3p4/3Qn3/6nq/2NBP2P/PPP2PP1/R1B1K1NR b KQkq -,h4f2 e1d1 c7c6 d5e4 f7f5 e4b4 f2g2 h3g4 g2h1 c3e2
r2qkb1r/pp1b1ppp/2n1p3/1Bp5/8/2PP1Q2/P1P1NPPP/R1B1K2R b KQkq -,d8a5 a2a4 a7a6 b5c6 d7c6 f3g3 h7h5 h2h4 e8a8 c1f4
6k1/1p4p1/p4p1p/P2p3P/1R6/6P1/1P2rPK1/8 b - -,e2e7 f2f4 e7d7 b4b6 d5d4 g2f2 d4d3 f2e1 d3d2 e1d1
rn6/1B1p1pkp/p5p1/8/8/8/P1P2PKP/4R3 b - -,a8a7 e1b1 a6a5 b1b6 g7f8 b7d5 b8a6 b6f6 d7d6 a2a3
r1b1R3/p5k1/2p5/1p2p3/8/6p1/PPB1K3/6R1 b - -,g7f7 e8e5 c8g4 e2e1 f7f6 e5e3 a8g8 g1f1 f6g5 e3g3
4R3/p5k1/2p1b3/1p2p3/8/4K1p1/PPr1N3/8 b - -,g3g2 e2g1 g7f7 e8d8 c2b2 d8a8 b2b1 a8a7 f7f6 e3f2
r2qk2r/pp1b1ppp/5n2/8/1b2n3/2N1PN2/PP1B1PPP/R2QKB1R b KQkq -,e4d2 d1d2 a8c8 a1c1 d8a5 f1d3 f6d5 e1h1 b4c3 b2c3
8/R4pk1/4p1p1/8/8/p3P1PP/6K1/r7 b - -,a1a2 g2f3 a2a1 f3g2 a3a2 e3e4 g7f6 a7a5 f6e7 e4e5
8/1p1r1kp1/pR3p1p/P2p3P/6P1/5K2/1P3P2/8 b - -,f6f5 g4f5 d7e7 b2b4 d5d4 b6d6 e7e5 f3f4 e5b5 d6d4
1r2N1k1/3bqpbp/p4np1/3Pp3/Pp2P1P1/1P1n1N1P/2Q2P1B/2R1R1K1 b - -,d3e1 e8f6 e7f6 f3e1 h7h5 c2d1 h5g4 h3g4 f6g5 f2f3
rnbqkb1r/pp1p1pp1/2p2n1p/8/2PQ4/5NP1/PP2PPBP/RNB1K2R b KQkq -,d7d5 b1c3 d5c4 d4c4 c8e6 c4a4 f8c5 e1h1 b8a6 a2a3
rnbqkb1r/pp3p1p/5np1/2pp4/8/1PN3P1/P1QPPPBP/R1B1K1NR b KQkq -,b8c6 d2d3 f8g7 c1g5 h7h6 g5f6 g7f6 c2d2 c8e6 h2h4
r3kb1r/pp3ppp/2n1qn2/2p5/3P4/4BN2/PPP2PPP/RN1Q1RK1 b kq -,e8a8 c2c3 f6d5 e3d2 c5d4 f1e1 e6d7 c3d4 f7f6 b1c3
8/1p2rkp1/pR3p1p/P2p3P/6P1/8/1P3PK1/8 b - -,f6f5 g4f5 d5d4 b2b4 d4d3 b6d6 e7e4 d6d3 e4b4 d3d7
6b1/R7/2p3k1/1p2p3/8/2N5/PPK5/6q1 b - -,f7e8 g2f3 e8d8 b6d6 e7d7 d6b6 d8c7 b6e6 d7f7 f3e3
8/5k2/7R/1p2Ppp1/2p2P2/2P2K2/1P6/8 b - -,f7e8 g2f3 e8d8 b6d6 e7d7 d6b6 d8c7 b6e6 d7f7 f3e3
8/5pp1/R5k1/8/6P1/7P/5K2/1r6 b - -,
6k1/5pp1/8/p2n1N2/2R3P1/5PKP/Prp1P3/8 b - -,b2a2 f5d4 d5b4 h3h4 a5a4 h4h5 f7f6 c4c8 g8h7 f3f4
r4rk1/1p1bppbp/2n2np1/qNB5/p3PP2/2N5/PP1QB1PP/R4RK1 b - -,b7b6 e4e5 b6c5 e5f6 g7f6 d2d7 c6d4 a1e1 a4a3 b5a3
8/R4pk1/4p1p1/8/4P3/6PP/p5K1/r7 b - -,g7h6 e4e5 h6g5 g2h2 g5f5 a7a5 f5e4 h2g2 e4d4 g2h2
8/2p2p2/3k4/p6P/1p6/2rBR3/P1P2PP1/6K1 b - -,c3c5 h5h6 f7f6 h6h7 c5h5 e3h3 h5h3 g2h3 c7c5 g1g2
4r2k/pp4pp/4B1b1/8/1r6/4RpP1/P4P1P/2R3K1 b - -,h7h5 h2h4 b4e4 e6d5 e4e3 f2e3 e8e3 d5b7 e3a3 g1f2
r1b1n1k1/p4rPR/2p5/1p2p3/4Nq2/6p1/PPBQ4/2K4R b - -,f7g7 c2b3 g8f8 e4g3 g7h7 h1f1 h7h1 d2f4 e5f4 g3h1
4k3/8/1p1b2pB/p1p1p2p/P1P1K1PP/1P3P2/8/8 b - -,d6c7 g4h5 g6h5 e4f5 e8e7 h6g7 e7d7 g7f6 c7d6 f6e5
5k2/7p/p1K5/3NPN2/1p4P1/1Pn4P/8/8 b - -,d6c7 g4h5 g6h5 e4f5 e8e7 h6g7 e7d7 g7f6 c7d6 f6e5
rnbqk2r/pp1pbpp1/2p2n1p/8/2PQP3/5NP1/PP3PBP/RNB1K2R b KQkq -,d7d5 c4d5 c6d5 e4d5 f6d5 b1c3 d5c3 d4c3 e8h8 e1h1
1k1r1b1r/p1p1qp1p/2Q2n2/4pp2/8/2P3P1/PP1NPP1P/R1B2RK1 b - -,e7d6 c6b5 d6b6 b5e5 d8d5 e5f4 h7h5 d2b3 f8h6 f4b4
4r1k1/5pp1/8/8/p2RP1P1/Q6P/2q1P1K1/8 b - -,c2e2 g2g3 e2e1 g3g2 e8c8 a3a2 c8c1 d4d8 g8h7 a2f2
r3R3/p5k1/2p5/1p2p3/6b1/4K1p1/PPB5/6R1 b - -,g4f5 e8a8 f5c2 a8a7 g7f6 a7c7 c2f5 c7c6 f6f7 g1g3
r3r1k1/pp3pbp/3p2p1/q1nP4/P1Q1BP2/2N4P/1P4P1/R1B1R1K1 b - -,g7c3 b2c3 a8c8 c4b5 a5c7 b5b1 f7f5 g1h2 c5e4 c1e3
1n6/rB1p1pkp/p5p1/8/8/8/P1P2PKP/1R6 b - -,g7f8 b7f3 b8c6 f3c6 d7c6 b1b6 a7c7 b6a6 f8e7 g2g3
8/8/7p/4K3/1r5k/8/8/6R1 b - -,
R7/p7/2p1bk2/1p2p3/8/8/PP2K3/6R1 b - -,e6c4 e2e3 f6e6 a8a7 e6d5 a2a3 c4b3 a7b7 d5e6 b7h7
8/2p2p2/3k3P/8/pp6/2rBR3/P1P2PP1/6K1 b - -,f7f5 h6h7 f5f4 e3h3 c3d3 h3d3 d6c5 h7h8r b4b3 a2b3
r3rbk1/1bqn1pp1/p4n1p/1pp2N2/4P3/2NBBP1P/PPQ3P1/2RR2K1 b - -,d7e5 c2f2 b7c8 f5g3 e5d3 d1d3 c8e6 c3e2 a8c8 b2b3
8/1p2rkp1/p2R1p1p/P6P/3p2P1/8/1P3PK1/8 b - -,
k1r5/p5N1/2pn4/8/8/8/8/KR6 b - -,d6b5 g7e6 a8b7 e6c5 b7b6 c5d7 b6c7 d7e5 c8e8 e5c4
1r4k1/3b1pbp/p4qp1/3PN3/Pp2P1P1/1P5P/2Q2P1B/2n1R1K1 b - -,b8c8 c2b1 g7h6 e5d7 f6f3 b1b2 h6g5 d5d6 c8c3 d7e5
r1bqkbnr/ppp1pppp/2n5/8/8/1PN2N2/3PPPPP/R1BQKB1R b KQkq -,e7e5 e2e3 f8d6 f1b5 g8f6 b5c6 b7c6 e3e4 e8h8 e1h1
8/R4pp1/8/6k1/6P1/7P/5K2/1r6 b - -,
2r3k1/1p3pp1/1q2p3/3p2P1/2rP4/pP6/P2QR2P/1K1R4 b - -,e6e5 d1e1 b6g6 b1a1 c4c2 d2d1 c2e2 e1e2 g6g5 a1b1
r5k1/2p3bp/PpPp3r/3Pp2q/4P1b1/B1N1P1P1/4BQ1p/R2R3K b - -,h6f6 e2g4 h5g4 f2g2 f6f3 g2e2 g7h6 d1f1 f3f1 a1f1
r3kb1r/pp3p1p/5p2/N7/8/2N5/PP3PPP/R1B1R1K1 b - -,f8e7 c3d5 h7h6 e1e7 e8f8 e7d7 a8e8 c1d2 f8g7 d2c3
6k1/1r4p1/4b2p/2n5/2P5/6B1/2P3PP/2RN2K1 b - -,b7b4 d1e3 b4a4 g3d6 c5e4 c4c5 a4a6 c1d1 a6a5 g1f1
5q1k/pp4r1/2b4r/8/7P/4P3/PP3PB1/7K b - -,b7b4 d1e3 b4a4 g3d6 c5e4 c4c5 a4a6 c1d1 a6a5 g1f1
3r3k/1q1r1Np1/3R3p/1P3b2/1p1b4/8/4QPPP/4R2K b - -,h8g8 f7d8 b7c7 d6d7 c7d7 d8c6 d4b6 c6b4 g8h7 e1d1
6R1/p5k1/2p5/1p2p3/8/2N1K3/PPr3p1/8 b - -,g7g8 e3d3 c2f2 c3e4 g2g1q e4f2 g1f2 b2b4 g8f7 d3c3
8/5p2/4pkp1/R7/4P3/6PP/p5K1/r7 b - -,f6e7 e4e5 f7f5 a5a7 e7d8 h3h4 d8c8 g2h2 c8b8 a7a5
r1bqk2r/pppp1ppp/2n5/8/1bP5/2N1P3/PP1QNPPP/R3KB1R b KQkq -,c6e5 a2a3 b4e7 e2d4 e5c6 d4f3 d7d6 e1a1 e7f6 h2h4
r5k1/1b5p/1pqrp3/p3Rp2/P1P5/1P1p1pPQ/3N1K1P/4R3 b - -,c6e8 h3h6 e8g6 h6g6 h7g6 e5e6 a8d8 e6d6 d8d6 d2f3
2R5/5ppk/8/p4Q2/P3P1P1/7P/1q1rP1K1/8 b - -,g7g6 f5f7 b2g7 f7g7 h7g7 c8c5 d2d4 c5a5 d4e4 g2f3
n7/p1r3pp/Pp1Npkb1/8/1PB5/4KP2/6PP/3R4 b - -,c7d7 c4b5 d7d8 d1c1 d8d6 c1c8 d6d5 b5e2 d5d7 c8a8
4r2k/pp4pp/1r4b1/3B4/8/4RpP1/P4P1P/2R3K1 b - -,a7a6 e3f3 e8d8 f3c3 b6b1 c1b1 g6b1 a2a3 b7b5 c3c5
8/2k3p1/1pP3Pp/p3pP2/K7/1B6/8/3b4 b - -,b6b5 a4a3 d1h5 f5f6 h5g6 f6g7 g6h7 b3c2 e5e4 c2e4
6k1/5pp1/8/p2n4/2RN2P1/5PKP/r1p1P3/8 b - -,d5b4 h3h4 a5a4 h4h5 g8h7 g4g5 a4a3 g3g4 g7g6 h5h6
rn1k1b1r/p4ppp/2b5/1Np1P3/Ppp2B2/8/1P3PPP/R3KB1R b KQ -,d8c8 e1a1 c4c3 b2c3 a7a6 b5d6 f8d6 d1d6 b4c3 f1c4
8/1p3R2/1k5p/2p5/4r1P1/3K4/8/8 b - -,e4g4 f7h7 g4h4 h7f7 h6h5 f7f1 b6a5 f1a1 a5b5 a1b1
r1b1nrk1/p7/2p3B1/1p2p3/5p2/2N3P1/PP1Q4/2KR4 b - -,e8f6 g3f4 e5f4 d1g1 f6g4 g6c2 f8f6 d2d8 g8f7 c3e4
rn1q1rk1/1bpnp2p/p3N1p1/1p6/3b4/1QN2B2/PP4PP/R1B2K1R b - -,d8e8 e6f8 g8h8 f8d7 b7f3 g2f3 b8d7 f1g2 g6g5 c3e2
2k4r/pp1n1p2/7p/6p1/2Pn4/3P3P/P4PP1/3BR1K1 b - -,f7f5 g2g4 c8d8 f2f4 g5f4 e1f1 f4f3 d1f3 d4f3 f1f3
8/R4pp1/8/6k1/6P1/5K1P/1r6/8 b - -,
r2qkb1r/p2b1pp1/3p3p/2p1P3/4Q3/5N2/PPP2PPP/RN2K2R b KQkq -,d7e6 e5d6 f8d6 e4c6 e8e7 b1c3 d8b6 c3d5 e6d5 c6d5
R5b1/p5k1/2p5/1p2p3/8/2NK4/PPr3p1/8 b - -,d7e6 e5d6 f8d6 e4c6 e8e7 b1c3 d8b6 c3d5 e6d5 c6d5
8/1Q4pk/7p/5q2/8/7P/1R3rP1/4R2K b - -,f2f4 b7b5 f5g6 b2e2 g6f7 b5b1 f7f5 h1h2 f5b1 e1b1
r4rk1/2qn1ppp/pp6/4p3/3Q1Bn1/2P2P2/PP3P1P/R3RBK1 b - -,c7b7 d4d1 g4f6 f4g3 f8e8 d1d3 b6b5 a1d1 a8d8 e1e3
7k/pp4pp/1r4b1/3B4/8/4PpP1/P6P/2R3K1 b - -,h7h6 c1c8 h8h7 d5g8 h7h8 g1f2 g6b1 f2f3 g7g5 e3e4
8/2p4p/1p1p1k2/2PP1p2/1P1P1K1P/p7/P7/8 b - -,
8/5k2/7R/1p2Pp2/2p2Pp1/2P3K1/1P6/8 b - -,f6f7 f4f5 b6b5 f5g5 f7g7 g5h5 g7f7
r3kb1r/pppq1ppp/4pn2/1N2P3/8/8/PPP1QPPP/R1B2RK1 b kq -,a7a6 b5c7 d7c7 e5f6 g7f6 f1d1 f8d6 e2h5 e8a8 c1e3
4r3/p5k1/2p5/1p2p3/6b1/4K1R1/PPB5/8 b - -,e8c8 g3g4 g7f7 g4g6 c6c5 g6a6 c8h8 a6a7 f7f6 a7h7
8/5R2/4p1p1/4PP2/4r2P/6k1/8/5K2 b - -,
2Q4k/pp6/2pr3p/P5n1/1P6/1B6/6PK/5r2 b - -,h8g7 c8g8 g7f6 g8f8 f6e5 f8f1 b7b6 f1e2 e5f6 e2f2
8/2p2p1P/3k4/8/8/pPrBR3/2P2PP1/6K1 b - -,a3a2 h7h8q a2a1q g1h2 a1a5 h8f6 d6c5 e3e5 c5b4 f6f4
R7/p4k2/2p1b3/1p2p3/8/4K3/PPr3p1/6N1 b - -,e6d5 a8d8 c2b2 a2a3 b2a2 d8d7 f7f6 d7d6 f6f5 d6d7
1r4k1/5ppp/8/1P1Q4/8/7P/5PPK/1r6 b - -,b1b5 d5d3 b5b3 d3f5 b3b2 f2f3 b2b5 f5d7 b5e5 d7d6
8/1p3kp1/p6p/P3rP1P/3R4/5K2/1P3P2/8 b - -,
r2k1b1r/pp3p1p/5p2/N7/5B2/2N5/PP3PPP/R3R1K1 b - -,e5b5 f3g4 b5b2 d4d7 f7f6 d7d6 f6f7
8/2k3p1/2P3Pp/pp2pP2/8/KB6/8/3b4 b - -,d1h5 f5f6 h5g6 f6g7 g6h7 b3c2 e5e4 c2e4 h7g8 e4f3
r3rbk1/1bq2pp1/p4n1p/1pp1nN2/4P3/2N1BP1P/PPQ3P1/2RR1BK1 b - -,b7c8 f5h4 g7g5 f3f4 g5h4 f4e5 c7e5 c2f2 c8b7 e3f4
1b2k3/6B1/1p4p1/p1p1p2p/P1P1K1PP/1P3P2/8/8 b - -,e8e7 g4h5 g6h5 g7e5 b8a7 e4f5 e7d7 f3f4 b6b5 a4b5
5q1k/pp4r1/2b5/8/7r/4P3/PP3PB1/6K1 b - -,e8e7 g4h5 g6h5 g7e5 b8a7 e4f5 e7d7 f3f4 b6b5 a4b5
6k1/2Bn2p1/3Nb2p/8/8/3P4/r5PP/2R3K1 b - -,
8/q5QK/7p/8/2k5/7P/8/8 b - -,a7c5 g7g4 c4b3 h7h6 c5e3 h6h5 b3c3 h5h4 e3e7 h4g3
rnbqk2r/pp3ppp/2pb4/3np3/3P4/2N2NP1/PPP2PBP/R1BQK2R b KQkq -,e8h8 c3d5 c6d5 d4e5 d6c5 c2c3 b8c6 e1h1 h7h6 b2b4
8/ppQ3k1/2pr3p/P5n1/1P6/1B6/6PK/5r2 b - -,g5f7 b3f7 f1f7 c7d6 a7a6 h2g1 g7h7 d6d3 h7g7 d3e4
rnQ5/1p1p1pkp/p4qp1/8/8/3B4/P1P2P1P/4R1K1 b - -,f6c6 e1e8 c6c8 e8c8 a6a5 c2c4 a5a4 a2a3 d7d5 c4d5
rnbq1rk1/pp3pbp/2pp1np1/4p3/3PP2P/2N1BP2/PPPQN1P1/R3KB1R b KQ -,e5d4 e2d4 b7b5 e3h6 b5b4 c3e2 g7h6 d2h6 c6c5 d4b3
8/1p3kp1/p6p/P4r1P/3R2K1/8/1P3P2/8 b - -,
1r4k1/3bqpbp/p4Np1/3Pp3/Pp2P1P1/1P3N1P/2Q2P1B/2n1R1K1 b - -,e7f6 c2c7 b8f8 f3e5 c1b3 e5d7 f6c3 c7c3 g7c3 e1d1
1k1r1b1r/p1p2p1p/Q4n2/2q1pp2/8/2P3P1/PP1NPP1P/R1B2RK1 b - -,f8g7 d2c4 c5d5 c1g5 d5e6 a6e6 f7e6 c4e5 d8d5 e5d3
8/4k3/2p1Q3/8/8/8/PK6/8 b - -,e7e6 b2b3 e6d5 a2a4 c6c5 a4a5 c5c4 b3c3 d5c5 a5a6
r2qkb1r/p4pp1/3Pb2p/2p5/4Q3/5N2/PPP2PPP/RN2K2R b KQkq -,f8d6 e4c6 e8e7 b1c3 d8b6 c3d5 e6d5 c6d5 h8d8 d5e4
R5b1/p5k1/2p5/1p2p3/8/2N5/PPK5/6q1 b - -,g8e6 c3e2 g1e3 e2c3 e3f2 c2c1 e6f5 c1d1 f2d4 d1e1
8/2p2p1P/3k4/8/8/1PrB4/p1P2PP1/4R1K1 b - -,g8e6 c3e2 g1e3 e2c3 e3f2 c2c1 e6f5 c1d1 f2d4 d1e1
7k/1q4p1/7p/1P6/1p4Q1/5P2/7P/6K1 b - -,b7b5 g4c8 h8h7 c8c2 h7g8 c2b3 g8f8 g1g2 f8e7 b3e3
8/5R2/4p3/4Pp1P/4r3/6k1/8/5K2 b - -,
8/1p1r1k2/p2p2p1/7p/P1PBrP2/1P4Pb/3R1K1P/4R3 b - -,e4e6 d4e3 d7e7 d2d3 h3f5 d3c3 f5g4 e1c1 f7e8 c1c2
2rk1b1r/pp3p1p/5p2/N7/5B2/2N5/PP3PPP/3RR1K1 b - -,d7e7 d4e3 e4e6 d2d3 h3f5 d3c3 e7c7 a4a5 f5g4 e1c1
8/4k3/4p1p1/R3Pp2/7P/6P1/p5K1/r7 b - -,e7d8 a5a7 d8c8 g2h2 c8b8 a7a5 b8b7 a5a4 b7b6 a4a3
8/5pk1/r4p2/4pP1P/p3P3/2RP1K2/P7/8 b - -,g7h6 c3c7 h6h5 a2a3 a6b6 c7f7 b6b3 f3e3 h5g5 f7g7
8/1p1R1kp1/p6p/r6P/6K1/8/1P3P2/8 b - -,
8/8/8/7R/8/8/1Rk1K3/8 b - -,f7f6 d7b7 a5g5 g4h4 g5b5 b7a7 a6a5 h4g4 b5b2 a7a6
8/6k1/5R2/1p2Pp2/2p2Pp1/2P3K1/1P6/8 b - -,f7f6 d7b7 a5g5 g4h4 g5b5 b7a7 a6a5 h4g4 b5b2 a7a6
8/4k3/2p1b3/8/4Q3/8/PK6/8 b - -,e7f7 e4c6 f7f6 a2a4 f6e5 c6c7 e5f5 c7d6 e6f7 a4a5
8/8/7p/5k2/p6P/P4PK1/8/8 b - -,h6h5 g3g2 f5e5 g2f1 e5d5 f1f2 d5d4 f2e2 d4c3 f3f4
6k1/2B3p1/4bn1p/8/2N5/3P4/r5PP/2R3K1 b - -,
r2qk2r/p4pp1/3bb2p/2p5/4Q3/5N2/PPP2PPP/RN3RK1 b kq -,e8h8 b1d2 d8f6 b2b3 e6f5 e4c4 f8e8 f1e1 d6f8 a1b1
8/1pp5/3p1k1r/1p2pR1P/1PnPP3/2PK1N2/8/8 b - -,f6e6 f3h4 h6f6 d4d5 e6e7 d3e2 c4b6 f5g5 f6f4 h4g2
8/8/4p1R1/4P3/4rP1k/8/8/5K2 b - -,
8/ppQ2Bk1/2pr3p/P7/1P6/8/6PK/5r2 b - -,f1f7 c7d6 g7h7 d6d3 h7g8 d3e3 a7a6 h2g1 g8g7 e3e4
8/6k1/8/6P1/6P1/5K2/8/8 b - -,f1f7 c7d6 g7h7 d6d3 h7g8 d3e3 a7a6 h2g1 g8g7 e3e4
8/1R4p1/p4k1p/r6P/6K1/8/1P3P2/8 b - -,
8/5R2/4p2P/4rp2/8/6k1/8/5K2 b - -,
8/4k3/4b3/2p5/4Q3/2K5/P7/8 b - -,e7f7 a2a4 f7f6 a4a5 e6f5 e4f4 f6g6 a5a6 c5c4 f4c4
r2qk2r/pp1b1ppp/5n2/8/8/2P1PN2/P4PPP/R2QKB1R b KQkq -,a8c8 d1d4 d8a5 f1c4 e8h8 e1h1 f8d8 c4b3 d7e8 d4b4
1r4k1/3bqpNp/p4np1/3Pp3/Pp2P1P1/1P3N1P/2Q2P1B/2n1R1K1 b - -,b8c8 c2d1 g8g7 h2e5 g7g8 e5b2 f6e4 b2c1 f7f5 c1f4
rn1q1rk1/2pnp2p/p3N1p1/1p6/3b4/1QN2P2/PP5P/R1B2K1R b - -,d8e8 e6f8 g8f8 b3d5 d4c3 b2c3 f8g7 d5a8 e7e5 f1g2
r1n2rk1/1b1p2pp/4p1q1/p1p1Bp2/2P2P2/PP2P3/2Q3PP/R2R1BK1 b - -,f8f7 d1d2 b7e4 f1d3 e4c6 a1e1 d7d6 e5c3 c8e7 c2d1
8/2k3p1/2P3Pp/pp1BpP1b/8/K7/8/8 b - -,c7d6 a3b2 d6e7 c6c7 e7d7 f5f6 h5g6 f6g7 g6h7 d5a2
2r4r/pp3pkp/6p1/2P5/3pR3/3P4/P4PPP/2R3K1 b - -,h8d8 g2g3 d8d5 e4e7 c8c5 c1c5 d5c5 e7b7 c5a5 b7b4
r2qkbnr/ppp2ppp/3p4/1B2p2b/3nP3/2N2N1P/PPPP1PP1/R1BQ1RK1 b kq -,d4b5 c3b5 d8d7 b5c3 f8e7 d2d4 e5d4 c3d5 g8f6 d5e7
8/2R2pk1/r4p2/4pP1P/4P3/p2P1K2/P7/8 b - -,g7h6 f3g4 h6g7 c7d7 a6c6 d7a7 c6c3 h5h6 g7g8 h6h7
rnbqk1nr/1ppp1ppp/p7/4p3/1bP5/P1N2N2/1P1PPPPP/R1BQKB1R b KQkq -,
4r1k1/1p4p1/p4p1p/P2p3P/3R4/6P1/1P3P2/4Q1K1 b - -,e8e1 g1g2 e1e5 g3g4 f6f5 g2f3 g8f7 d4b4 d5d4 b4d4
8/8/4p1R1/4P3/5r1k/8/4K3/8 b - -,
r1b1k2r/pp1nbppp/2pp1n2/q3p3/3PP3/2NQBN2/PPP1BPPP/R4RK1 b kq -,f6g4 e3d2 a5c7 h2h3 g4f6 a2a4 a7a5 d2e3 e8h8 f1d1
8/pp3rk1/2pQ3p/P7/1P6/8/6PK/8 b - -,g7h7 d6d3 h7g8 d3e3 a7a6 h2g1 g8g7 e3e6 h6h5 g1h2
r2qk2r/ppp2ppp/2nbpn2/1B1p1b2/3P1P2/P3PN2/1PP3PP/RNBQ1RK1 b kq -,e8h8 c2c4 d5c4 b5c4 c6e7 b1c3 c7c5 d1e2 c5d4 f3d4
8/7K/7p/8/2k3Q1/4q2P/8/8 b - -,
r1b1k2r/p4ppp/1pnqpn2/1B1p4/3P4/2P2N2/PP1N1PPP/R2QK2R b KQkq -,d6c7 e1h1 e8h8 f1e1 a7a5 f3e5 c6e5 d4e5 f6d7 d2f3
8/3k4/4b3/2p5/P3Q3/2K5/8/8 b - -,d7e7 e4e5 e7f7 a4a5 e6d7 a5a6 d7h3 e5h5 f7g7 h5h3
8/1R4p1/p4k1p/6rP/7K/8/1P3P2/8 b - -,
8/4R3/4p2P/4r3/5p2/6k1/8/5K2 b - -,
k1r5/pQ6/2pnq3/8/8/8/8/KR6 b - -,e5h5 e7e6 h5h1 f1e2 f4f3 e2d2 g3f2 d2d3 h1h3 e6g6
8/1Q4pk/7p/5q2/8/7P/1R4P1/5R1K b - -,f5f1 h1h2 f1f5 b7c7 f5f8 c7e5 f8f6 e5e4 f6g6 e4g6
6k1/2B3p1/5n1p/8/2P5/8/r5PP/2R3K1 b - -,a2a6 g1f2 a6e6 f2f3 f6e4 c7f4 e4c5 c1c3 g8f7 f4e3
8/1p1r1k2/pR3p1p/P6P/5P2/3p4/1P1K4/8 b - -,f6f5 b2b3 f7g7 b6g6 g7h7 g6e6 h7g7 e6e3 d7d5 e3e7
r1bk3r/1p3Np1/p1p1pn2/4q3/8/1B2P3/PPP1Q2P/2K4R b - -,d8e7 f7e5 c8d7 e2g2 h8g8 h1d1 a6a5 g2h3 g8d8 d1g1
r1b1kb1r/1pppqppp/p1B2n2/4p3/8/1P1PP3/PBP2PPP/RN1QK1NR b KQkq -,g7g5 c6f3 d7d5 h2h3 h7h5 d3d4 e5e4 f3e2 c8e6 b1c3
8/6pk/2p4r/1p1n1p2/3Pp3/4P1P1/1P2RPB1/6K1 b - -,h6e6 e2c2 h7h6 g2f1 g7g5 c2c5 e6d6 f1e2 f5f4 f2f3
rnbq1rk1/1pp1bp2/p2p2pp/P2Pp1n1/2B1P3/R1P2N2/1P1N1PPP/2BQR1K1 b - -,b7b5 a5b6 c7b6 b2b4 a6a5 h2h4 g5f3 d2f3 g8g7 c4f1
8/6pk/7p/1q6/1p6/5P2/2Q4P/6K1 b - -,h7g8 c2b3 g8f8 g1g2 f8e7 b3e3 e7f7 e3b3 f7f6 h2h4
8/6p1/2Pk2Pp/pp1BpP1b/8/1K6/8/8 b - -,d6e7 b3b2 h5g4 d5e4 e7d6 f5f6 g7f6 g6g7 g4e6 e4b1
8/5pk1/3r1p2/4pP1P/4P3/p1RP1K2/P7/8 b - -,g7h6 c3a3 h6h5 f3e3 d6d7 e3d2 d7b7 a3a6 h5g5 a6a5
8/4R2P/4p3/7r/5p2/6k1/8/5K2 b - -,
r4rk1/ppp3p1/3b1p1p/n3pqNQ/3P2PP/2P1B3/P1P2P2/R3K2R b KQ -,f5c2 a1c1 c2d3 g5e6 e5d4 h1h3 a8e8 h5d5 f8f7 e6d4
8/8/4p1R1/4P3/4r2k/8/5K2/8 b - -,
rn1qkb1r/pp3pp1/2p1pn1p/3p4/3P2b1/3BPN1P/PPPNQPP1/R1B1K2R b KQkq -,g4f3 d2f3 f8d6 e1h1 e8h8 b2b3 b8d7 a2a4 e6e5 d4e5
8/1p3R2/1k5p/2p5/4r1P1/2K5/8/8 b - -,e4g4 f7h7 g4h4 h7f7 h6h5 c3d3 h4g4 f7f1 b6c6 f1f2
8/7K/7p/5Q2/8/3kq2P/8/8 b - -,
8/1Q4pk/7p/8/8/7P/1R4PK/5q2 b - -,f1f4 g2g3 f4e3 b7g2 e3e6 h3h4 h7g6 g2f3 h6h5 b2f2
rn1q2k1/2pnp2p/p3N1p1/1p6/3b4/1QN2r2/PP2K2P/R1B4R b - -,d8e8 e2f3 e8f7 c1f4 c7c5 e6d4 c5c4 b3d1 b5b4 c3e4
r1b1nr2/p5k1/2p1pqpR/1p6/5p2/2N3P1/PPBQ4/2K4R b - -,c8b7 d2d7 f8f7 h6h7 g7g8 h7h8 f6h8 h1h8 g8h8 d7f7
r3kb1r/pp3ppp/2n1q3/2p5/3Pn3/4BN2/PPPN1PPP/R2Q1RK1 b kq -,c5d4 e3g5 e4g5 f1e1 f8e7 e1e6 g5e6 d1e2 e8h8 a1d1
8/6k1/8/4PR2/1pp2Pp1/2P3K1/1P6/8 b - -,c5d4 e3g5 e4g5 f1e1 f8e7 e1e6 g5e6 d1e2 e8h8 a1d1
6k1/2B3p1/r4n1p/2P5/8/8/6PP/2R3K1 b - -,a6c6 c7e5 g8f7 e5d4 f7e6 c1f1 f6e8 g1f2 e6d5 f2e3
r2qk2r/3bbp1p/2p1p3/p1Pp4/1P4Q1/2P5/P2N1PPP/R1B2RK1 b kq -,e7f6 a1b1 a5b4 b1b4 f6c3 b4b3 d8f6 g4h3 c3d4 d2f3
8/8/1p1Nk1pp/8/8/1P2KP1P/8/8 b - -,
r1b1k2r/p4ppp/1pnqpn2/3p4/3P4/2PB1N2/PP1N1PPP/R2Q1RK1 b kq -,d6c7 f1e1 e8h8 f3e5 a7a5 e5c6 c7c6 d2f3 c6c7 f3e5
rnbq1b1r/p1kp1N2/1p3p2/8/3pQB2/8/PPP3PP/RN4K1 b - -,d7d6 f7d8 c7d8 e4a8 b8d7 b1a3 h8h5 a3c4 d7e5 a8a7
8/7K/7p/8/4Q3/3k3P/8/8 b - -,d3e4 h7h6 e4f5 h6h5 f5f6 h5g4 f6f7 h3h4 f7g6 g4f4
8/8/1p1k3p/1P4p1/3K4/5P1P/8/8 b - -,d6c7 d4e5 c7d7 e5d5 h6h5 d5e5 d7e7 e5f5 g5g4 f3g4
8/8/P2kb1Q1/2p5/8/2K5/8/8 b - -,d6e7 d4e5 e7d7 e5d5 h6h5 d5e5 h5h4 e5f5 d7d6 f5g5
r6R/p3R1k1/2p1b3/1p2p3/8/2N1K1p1/PPr5/8 b - -,g7h8 e7e6 g3g2 e6g6 a8g8 g6g2 g8g2 c3d1 g2g3 e3e4
6k1/6p1/2rB1n1p/2P5/8/8/6PP/2R3K1 b - -,
rn1qkb1r/pp2pppp/2p5/3p1b2/2PPNB2/5N2/PP2PPPP/R2QKB1R b KQkq -,d5e4 f3d2 d8d4 d1b3 d4b6 b3c3 b8d7 f4e3 b6c7 g2g3
8/7P/8/4R2r/5p2/6k1/8/5K2 b - -,
1r3rk1/1p1q1pbp/p1npp1p1/2p5/2PnPP2/PPNPB1PP/6B1/1R1Q1RK1 b - -,b7b5 b3b4 f8c8 g1h2 c5b4 a3b4 d4f3 f1f3 g7c3 e3d2
8/8/7K/8/4k3/7P/8/8 b - -,e4e5 h6g6 e5e6 h3h4 e6d5 h4h5 d5c6 h5h6 c6b7 h6h7
8/4k1p1/2P3Pp/pp1BpP1b/8/2K5/8/8 b - -,h5g4 d5e6 g4f3 c6c7 f3b7 e6d5 b7a6 d5c6 a6c8 c6b5
8/8/1p1k2pp/8/4K3/1P3P1P/8/8 b - -,
8/1Q4pk/7p/8/5q2/6PP/1R5K/8 b - -,f4f5 b7g2 h7g8 h3h4 h6h5 b2f2 f5e6 g2f3 e6e8 f3d5
2r3k1/3bqpNp/p4np1/3Pp3/Pp2P1P1/1P3N1P/5P1B/1Qn1R1K1 b - -,c8c3 d5d6 e7d6 h2e5 d6d3 b1d3 c1d3 e5c3 b4c3 e1e2
2r4k/5qpp/4b2b/3NPp2/1R6/rB1Q3P/5PP1/1R4K1 b - -,e6d5 d3d5 f7d5 b3d5 g7g6 b4b8 a3c3 g2g3 h6f8 g1g2
r4rk1/ppp3p1/3bNp1p/n3p2Q/3P2PP/2P1B3/P1q2P2/R3K2R b KQ -,c2c3 e1f1 c3c4 f1g1 c4e6 a1d1 e5d4 e3d4 a5c6 d4c3
8/8/4p1R1/4P3/5r1k/8/8/6K1 b - -,
r1bq1b1r/ppp2Qpp/3k4/3Bp3/3n4/8/PPPP1PPP/RNBK3R b - -,c7c6 d5e4 d8f6 f7f6 g7f6 c2c3 d4e6 h1e1 e6g5 d2d3
r2qk2r/3b1p1p/2p1pb2/2Pp4/1P4Q1/8/P2N1PPP/1RB2RK1 b kq -,h7h5 g4f3 h5h4 h2h3 h8g8 a2a3 e8f8 f1e1 e6e5 c1b2
1r1q1n2/k3bp2/1np1p1p1/p1Pp2P1/3PPP2/3Q1B2/PB1NK3/1R6 b - -,b6c4 d2c4 d5c4 d3c4 e6e5 d4d5 e5f4 d5d6 e7g5 c4f7
8/P7/4b1Q1/2p1k3/8/2K5/8/8 b - -,b6c4 d2c4 d5c4 d3c4 e6e5 d4d5 e5f4 d5d6 e7g5 c4f7
r3kb1r/1pNq1ppp/p3pn2/4P3/8/8/PPP1QPPP/R1B2RK1 b kq -,d7c7 e5f6 g7f6 e2f3 f8d6 g2g3 d6e5 c1h6 c7c6 f3h5
6k1/4B1p1/2r4p/2P5/4n3/8/6PP/2R3K1 b - -,
r2q1rk1/pR2ppbp/6p1/2pP4/4P3/8/P1B2PPP/3Q1R1K b - -,d8c8 b7b5 g7d4 f2f4 c8c7 b5b3 f8b8 e4e5 b8b3 c2b3
1r2r1k1/pb3p2/1ppn2p1/3P2n1/4P1Pq/1P6/PBQ2NBP/2R1R1K1 b - -,b8c8 c2c3 h4h6 h2h4 c6d5 h4g5 c8c3 g5h6 c3c1 b2c1
8/7r/8/4R3/5p2/6k1/8/6K1 b - -,
r4rk1/3q1pb1/5Bp1/p2P4/Pp3QPP/8/1p6/1K1R1R2 b - -,d7a4 f6g7 a4a1 b1c2 a8c8 c2d2 a1a2 d1b1 a2d5 f4d4
8/1pp5/3pk2r/1p2pRNP/1PnPP3/2PK4/8/8 b - -,e6e7 g5h3 h6h8 h3f2 c7c6 d3e2 e7e6 f5g5 e6f6 f2h3
8/5k2/8/6P1/6P1/6K1/8/8 b - -,e6e7 g5h3 h6h8 h3f2 c7c6 d3e2 e7e6 f5g5 e6f6 f2h3
8/4k1p1/2P1B1Pp/pp2pP2/6b1/2K5/8/8 b - -,g4f3 c6c7 f3b7 c3d3 h6h5 e6d5 b7a6 d3e4 e7f6 d5e6
8/P7/8/2pbk1Q1/8/2K5/8/8 b - -,g4f3 c6c7 f3b7 c3d3 h6h5 e6d5 b7a6 d3e4 e7f6 d5e6
r2qk2r/3b1p1p/2p2b2/2Ppp3/1P6/5Q2/P2N1PPP/1RB2RK1 b kq -,e8h8 c1b2 f8e8 f3b3 d5d4 d2c4 d7e6 b3g3 g8h8 c4d6
2rk3r/pp3p1p/3R1p2/N7/5B2/2N5/PP3PPP/4R1K1 b - -,e8h8 c1b2 f8e8 f3b3 d5d4 d2c4 d7e6 b3g3 g8h8 c4d6
8/8/4p1R1/4P3/6rk/8/5K2/8 b - -,g4g6 f2e3 h4g3 e3e2 g6g5 e2d2 g3f4 d2e2 g5e5 e2d3
rn1q2k1/2pnp2p/p3N1p1/1p6/3b4/1QN5/PP3r1P/R1B1K2R b - -,c7c5 e6d8 c5c4 b3d1 d7e5 d1d4 e5f3 e1f2 f3d4 c1e3
8/k7/rp5p/2pB4/2Pp4/P2Q4/K4P2/2q1B3 b - -,c7c5 e6d8 c5c4 b3d1 d7e5 d1d4 e5f3 e1f2 f3d4 c1e3
1rbqr1k1/2p2pp1/1b1p1n1p/1p6/1n1PP3/4BN1P/1P1N1PP1/RB1Q1RK1 b - -,c8b7 d1b3 c7c5 f1d1 c5d4 e3d4 b6c5 d4c3 b4c6 b3b5
Q7/8/8/2pk4/8/2K5/8/8 b - -,c8b7 d1b3 c7c5 f1d1 c5d4 e3d4 b6c5 d4c3 b4c6 b3b5
8/7r/8/1R6/5p2/5k2/8/6K1 b - -,
r2q1rk1/3b1p1p/2p2b2/2Ppp3/1P6/5Q2/PB1N1PPP/1R3RK1 b - -,g8h8 f1e1 f8e8 d2f1 f6g7 f1g3 f7f6 b1a1 d7e6 a2a4
r1n2rk1/3p2pp/2b1p1q1/p1p1Bp2/2P2P2/PP2P3/3Q2PP/R2R1BK1 b - -,d7d6 e5c3 f8f7 c3a5 f7a7 b3b4 h7h6 h2h3 d6d5 d2c3
k1r3q1/pQ6/2pnN3/8/8/8/8/KR6 b - -,d7d6 e5c3 f8f7 c3a5 f7a7 b3b4 h7h6 h2h3 d6d5 d2c3
2r4k/5qpp/4b2b/3NPp2/1R6/1Q5P/5PP1/1R4K1 b - -,
rnb1k2r/pp1pppbp/1qp3p1/8/2PP2n1/1P3NP1/PB2PPBP/RN1QK2R b KQkq -,d7d5 d1d2 e8h8 e1h1 f8d8 f1d1 g4f6 b1c3 b8a6 a1c1
8/8/4p3/4P3/6k1/8/6K1/8 b - -,
rnbqkb1r/pp2pppp/2p5/3nN3/3P1B2/8/PPP2PPP/RN1QKB1R b KQkq -,d5f4 b1c3 g7g6 f1c4 c8e6 c4e6 f4e6 d1f3 f7f6 d4d5
1r4k1/2Qb1pbp/p4qp1/3Pp3/Pp2P1P1/1P3N1P/5P1B/2n1R1K1 b - -,b8f8 f3e5 c1b3 e5d7 f6c3 c7c3 g7c3 e1d1 f8d8 d7b6
r1b1n2R/p4r1R/2p2k2/1p6/4Np2/6p1/PPB5/2K5 b - -,f6e7 h8e8 e7e8 e4d6 e8e7 d6f7 g3g2 h7g7 c8h3 f7h6
r1bqr1k1/b1p2pp1/p1np1n1p/1p1Pp3/P3P3/1BP2N1P/1P3PP1/RNBQR1K1 b - -,c6a5 a4b5 a5b3 d1b3 a8b8 c3c4 a7b6 b1a3 a6b5 a3b5
rn1qkbnr/1b1p1ppp/p3p3/1pp5/3P4/2P2NP1/PP1NPPBP/R1BQK2R b KQkq -,g8f6 e1h1 c5d4 f3d4 b7g2 g1g2 f8e7 a2a4 b8c6 d2f3
r3kb1r/1pq2ppp/p3pP2/8/8/8/PPP1QPPP/R1B2RK1 b kq -,g7f6 f1d1 f8d6 e2h5 e8a8 c1e3 d6e5 c2c3 f6f5 a2a4
2K5/6Q1/3k1p2/3p4/8/3N4/8/7q b - -,g7f6 f1d1 f8d6 e2h5 e8a8 c1e3 d6e5 c2c3 f6f5 a2a4
8/8/3k2pp/1p6/1P2K3/5P1P/8/8 b - -,
4K3/8/4Pb1B/2k5/8/8/8/8 b - -,h6h5 e4f4 h5h4 f4e4 d6e6 e4d4 e6f5 d4c5 g6g5 c5b5
8/4r3/8/8/5p2/1R3k2/8/6K1 b - -,
r1bqkbnr/pp1ppppp/2n5/2p5/4P3/2P5/PP1P1PPP/RNBQKBNR b KQkq -,g8f6 d1a4 d8c7 g1f3 c7f4 a4d1 f4e4 f1e2 e7e6 d2d4
n7/ppr3pp/3N1kb1/P3p3/1PB5/5P2/3RK1PP/8 b - -,c7d7 g2g4 h7h6 h2h4 a8c7 h4h5 f6e7 d6c8 e7d8 c8a7
8/r4pk1/1R3p1P/4pP2/4P3/p2PK3/P7/8 b - -,g7g8 b6f6 g8h7 f6c6 a7b7 c6a6 b7b1 a6a3 h7h6 a3a5
rnbq3k/ppppr3/3b1pBB/4p2Q/4P2N/3P4/PPP2PPP/R3K2R b KQ -,g7g8 b6f6 g8h7 f6c6 a7b7 c6a6 b7b1 a6a3 h7h6 a3a5
r1bqk2r/pppp1ppp/2n5/8/1bP1n3/2NQP3/PP2NPPP/R1B1KB1R b KQkq -,d8h4 e2g3 b4c3 b2c3 e4g3 f2g3 h4e7 e3e4 b7b6 c1f4
r1b1R3/p3kr1R/2p5/1p6/4Np2/6p1/PPB5/2K5 b - -,e7e8 e4d6 e8e7 d6f7 g3g2 h7g7 c8h3 f7h6 e7f6 g7g6
5rk1/2R2pp1/8/8/p2QP1P1/2p4P/Pq2PK2/8 b - -,b2a2 d4c3 a2b1 c7a7 b1e4 c3e3 e4c6 e3f4 c6b6 f4e3
rnbqkb1r/pp2pp1p/2p3p1/3nN3/2BP1B2/8/PPP2PPP/RN1QK2R b KQkq -,b8d7 e1h1 d7b6 c4b3 a7a5 a2a4 f7f6 e5d3 d5f4 d3f4
r1bq1rk1/1p2bppp/p2p4/2pN4/4nB2/3B4/PPP2PPP/R2Q1RK1 b - -,e4g5 d5e7 d8e7 f4d6 g5h3 g2h3 e7g5 d6g3 c8h3 f1e1
r1bq1rk1/1p1n2pp/p2p4/3Pppb1/2P5/2NB1P2/PP1B2PP/R1Q2RK1 b - -,g5e7 g1h1 a6a5 d3c2 d7c5 a1b1 b7b6 b2b3 h7h6 a2a3
8/8/3k2p1/1p5p/1P2KP2/7P/8/8 b - -,
rn3b1r/pp2k2p/B7/5p2/8/8/PPP4P/RNBK3R b - -,b8a6 c2c3 h8g8 c1e3 e7d7 b1d2 f8c5 e3c5 a6c5 b2b4
8/6pk/7p/5q2/8/6PP/1R4QK/8 b - -,b8a6 c2c3 h8g8 c1e3 e7d7 b1d2 f8c5 e3c5 a6c5 b2b4
4r2k/pp4pp/6b1/3B4/1r6/5pP1/P4P1P/2R1R1K1 b - -,e8e1 c1e1 b4b1 e1b1 g6b1 g1f1 b7b5 f1e1 b5b4 e1d1
8/8/8/8/5p2/4Rk2/8/6K1 b - -,b4b6 e1e8 g6e8 d5f3 e8c6 a2a4 b6a6 f3c6 b7c6 c1c4
b5q1/3n1kPQ/3N2r1/2nP4/2p5/1p6/1P4PP/2B4K b - -,g6d6 h7h4 a8d5 h4g5 d7f6 c1e3 c5e4 g5h4 d6a6 h4e1
8/r4p2/5R1k/4pP2/4P3/p2PK3/P7/8 b - -,h6g7 f6b6 f7f6 e3f3 a7d7 b6b3 d7a7 f3g4 g7h6 b3b6
1r5k/3b2p1/p2P1p1p/7P/P2R2P1/2r5/2BR4/2K5 b - -,c3c6 c1d1 h8g8 d1e2 g8f8 c2g6 c6c1 e2f2 c1h1 f2g2
5rkn/1p3Rpp/1b4b1/1P4N1/1QBq4/8/5PPP/4R1K1 b - -,g6f7 c4f7 h8f7 b4f8 g8f8 g5e6 f8g8 e6d4 f7d6 e1d1
rnbqk2r/pp2ppbp/2p3p1/3nN3/2BP1B2/8/PPP2PPP/RN1Q1RK1 b kq -,d5f4 e5f7 d8d4 d1d4 g7d4 f1d1 f4d5 f7d6 e7d6 d1d4
5rk1/2R2pp1/8/8/p3P1P1/2Q4P/q3PK2/8 b - -,a2e6 c7a7 e6e4 c3e3 e4c4 f2f3 f8b8 e3e5 c4c6 e5e4
r1bqr1k1/b1p1npp1/p2p1n1p/1P1Pp3/4P3/1BP2N1P/1P3PP1/RNBQR1K1 b - -,g8h8 f3h2 g7g5 c1e3 e7g6 e3a7 a8a7 b3c4 g6f4 d1d2
6k1/1R6/p4p1p/PP3r1P/8/3p4/3K4/8 b - -,a6b5 a5a6 f5h5 b7b8 g8f7 a6a7 h5h2 d2d3 h2a2 a7a8q
r1b2rk1/p4ppp/1pnqpn2/3p4/2PP4/3B1N2/PP1N1PPP/R2Q1RK1 b - -,d6f4 c4d5 c6d4 d5e6 c8e6 g2g3 f4g4 f3e5 g4h3 f1e1
r1b5/p3kN1R/2p5/1p6/5p2/6p1/PPB5/2K5 b - -,g3g2 h7g7 c8h3 f7h6 e7f6 g7g6 f6e5 c1d2 a8e8 d2e1
r1b2rk1/ppq2ppp/4pn2/2p1N3/2PP4/4Q3/PPB2PPP/2KR3R b - -,c8d7 g2g4 d7c6 h1g1 f6d7 e5d7 c6d7 d4c5 d7c6 b2b4
r1bq1rk1/1p1n2pp/p2p4/3Ppp2/2P5/2NB1P2/PP1Q2PP/R4RK1 b - -,d7c5 g1h1 c8d7 d3c2 a6a5 b2b3 d8h4 a1d1 b7b6 d1b1
7k/pp4pp/6b1/3B4/1r6/5pP1/P4P1P/4R1K1 b - -,
5rk1/2Qb1pbp/p4qp1/3PN3/Pp2P1P1/1P5P/5P1B/2n1R1K1 b - -,c1b3 e5d7 f6c3 c7c3 g7c3 e1d1 f8d8 d7b6 b3c5 h2c7
r1b1nr2/6k1/2p1pqpR/pp6/5P2/2N5/PPBQ4/2K4R b - -,c6c5 h6g6 g7f7 h1h7 f6g7 g6g7 e8g7 d2g2 f8g8 g2a8
r1bqkbnr/pp1p2pp/2p2N2/4p3/2BnP2N/8/PPPP1PPP/R1BQ1RK1 b kq -,d8f6 g2g3 g8e7 f2f4 d7d5 f4e5 f6e5 e4d5 c6d5 c4d3
8/8/8/1R6/5p2/4rk2/8/6K1 b - -,
r1bqkbnr/1p1ppppp/p1n5/2p5/4P3/2PB4/PP1P1PPP/RNBQK1NR b KQkq -,d7d5 d1e2 d5d4 d3c4 e7e5 d2d3 f8d6 a2a4 h7h6 b1d2
r1bRk2r/1p3pp1/p1p1pn2/4q1N1/8/1B2P3/PPP1Q2P/2K4R b kq -,e8d8 g5f7 d8c7 f7e5 c8d7 e2g2 h8h7 h2h4 c6c5 e5c4
r4rk1/5pB1/6p1/p2P4/qp3QPP/8/1p6/1K1R1R2 b - -,a4a1 b1c2 a8c8 c2d2 a1a2 d1b1 a2d5 f4d4 f8d8 d4d5
6k1/2Bn2p1/7p/5b2/2pP4/2N5/r1P3PP/2R3K1 b - -,a2a6 c7d8 a6a8 d8h4 g7g5 h4g3 a8a3 c3d5 f5e4 d5b4
rnbq1rk1/pp2ppbp/2p3p1/3nN3/2BP1B2/2N5/PPP2PPP/R2Q1RK1 b - -,d5f4 e5f7 f8f7 c4f7 g8f7 d1f3 g7h6 g2g3 d8d4 a1e1
r1b5/p3kNR1/2p5/1p6/5p2/8/PPB3p1/2K5 b - -,c8h3 f7h6 e7f6 g7g6 f6e5 c1d2 a8e8 d2e1 e8e6 e1f2
r4rk1/ppp3p1/3bNp1p/n3p2Q/3P2PP/2q1B3/P3KP2/R6R b - -,c3c4 e2f3 c4e6 f3g2 a5c6 a1d1 e6d5 f2f3 d5a2 e3f2
8/8/4k1p1/1p5p/1P1K1P2/7P/8/8 b - -,
5rkn/1p3Bpp/1b6/1P4N1/1Q1q4/8/5PPP/4R1K1 b - -,h8f7 b4f8 g8f8 g5e6 f8g8 e6d4 f7d6 e1d1 g8f7 g1f1
8/1pp1kN2/3p3r/1p2pR1P/1PnPP3/2PK4/8/8 b - -,h6h7 f7g5 h7h5 d3e2 e7e8 d4e5 d6e5 g5e6 h5h2 f5f2
5rk1/3Q2pp/2n1p3/q7/8/2N4P/1P4P1/5RK1 b - -,a5c5 g1h2 f8f1 d7e6 g8h8 c3e4 c5e5 e6e5 c6e5 b2b4
6Q1/4k1p1/7p/8/1p1q1P2/8/4K2P/8 b - -,e7d6 g8f8 d6d5 f8f5 d5c4 f5c2 c4b5 c2f5 b5a4 f5e5
r5k1/pp1b2pp/2p1p1q1/3p4/1bPPpP1P/1PN5/P1Q1PP2/3R1K1R b - -,g6g4 c2d2 a8f8 a2a3 b4c3 d2c3 g4f4 f1e1 f4f2 e1d2
8/r4p2/1R6/4pPk1/4P3/p2PK3/P7/8 b - -,g5h5 b6b8 h5g5 b8b5 f7f6 b5b8 a7a6 b8e8 a6a4 e8g8
6k1/5pp1/8/p2n4/3N2P1/5PKP/r3P3/2R5 b - -,d5b4 c1c8 g8h7 c8c4 a2b2 e2e4 a5a4 d4c6 b4c6 c4c6
8/2k3p1/1pP1B1Pp/pK2pP2/8/8/2b5/8 b - -,c2d3 b5a4 c7c6 a4b3 d3e4 b3c3 c6d6 f5f6 g7f6 g6g7
6r1/8/8/8/8/3k2P1/6K1/4R3 b - -,g8g7 e1e5 d3d4 e5h5 d4e4 g2h3 g7d7 g3g4 d7d1 h5b5
r1b5/p4k2/2p5/1p2R3/8/2N1K1p1/PPr5/6R1 b - -,g3g2 e3f3 c2b2 g1g2 b2g2 f3g2 c8e6 c3b5 c6b5 e5b5
r1b2rk1/1p4pp/pq1p4/2nPpp2/P1P5/2NB1P2/1P1Q2PP/R4R1K b - -,c5b3 a4a5 b6d4 d2c2 b3a1 f1a1 c8d7 d3f1 b7b6 a5b6
1rbq2k1/1p4pp/pNpb4/P2p4/2P5/8/1P1B1PPP/R2Q2K1 b - -,d8f8 c4d5 c6d5 b6c8 b8c8 d2c3 f8f5 d1d4 f5f7 a1d1
rnb1kb1r/p2p1ppp/1q1Ppn2/2p5/2p2B2/4PN2/PP3PPP/RN1QKB1R b KQkq -,c8a6 b1c3 f6h5 f4e5 b8c6 c3a4 b6b8 a2a3 c6e5 f3e5
6k1/2Bn2p1/7p/5b2/2pP4/2N5/2R3PP/6K1 b - -,d7f6 c2e2 g8h7 c7e5 f6d7 e2a2 h6h5 e5g3 h7h6 a2a7
r1b5/p3kNR1/2p5/1p6/4B3/5p2/PP4p1/2K5 b - -,e7f6 g7g3 f3f2 e4g2 f6f7 g3f3 f7e7 f3f2 c8d7 b2b4
rnb3qk/ppppr1B1/3b1pB1/4p2Q/4P2N/3P4/PPP2PPP/R3K2R b KQ -,h8g7 h4f5 g7f8 h2h4 b8c6 c2c3 e7g7 f5g7 g8g7 g6f5
rnbqkbnr/ppp3pp/5p2/3pp3/5P2/3P1NP1/PPP1P2P/RNBQKB1R b KQkq -,b8c6 b1c3 d5d4 c3e4 f6f5 e4f2 e5f4 c1f4 g8f6 c2c3
8/2k3p1/1pP3Pp/p2BpP2/8/K7/8/3b4 b - -,d1c2 f5f6 g7f6 g6g7 c2h7 d5e4 h7g8 e4b1 c7c6 b1a2
7k/pp4pp/6b1/3B4/8/5pP1/P4P1P/1R4K1 b - -,a7a5 b1b7 h7h5 h2h4 g6d3 b7a7 h8h7 a7a5 g7g5 a5a3
8/8/6p1/1p3k1p/1P3P2/4K2P/8/8 b - -,
6k1/PR6/5p1p/1p5r/8/3p4/3K4/8 b - -,h5h2 d2d3 h2a2 b7b8 g8g7 a7a8q a2a8 b8a8 g7g6 a8b8
8/8/8/8/1R3p2/8/5k1K/4r3 b - -,
1q2R2k/1P4p1/7p/2r2b2/8/1Q6/1p3PPP/3R3K b - -,h8h7 e8b8 b2b1q d1b1 c5c6 b3g8 h7g6 g8e8 g6g5 e8c6
5rk1/2QN1pbp/p4qp1/3P4/Pp2P1P1/1n5P/5P1B/4R1K1 b - -,f6c3 c7c3 g7c3 e1d1 f8d8 d7b6 b3c5 h2c7 d8e8 d5d6
6k1/2Bn2p1/7p/3P4/2p5/2N5/2b3PP/6K1 b - -,c2d3 g1f2 d7f6 f2f3 g7g5 g2g3 d3g6 h2h4 g5h4 g3h4
rnbq1rk1/pp2ppbp/2p3p1/4N3/2BP1n2/2N2Q2/PPP2PPP/R4RK1 b - -,d8d4 c4f7 g8h8 f1e1 g7e5 a1d1 d4c5 c3a4 c5a5 f3e3
6k1/p2q1pp1/5n2/3p4/1N2r3/4P2P/PP1Q1PP1/2R3K1 b - -,d5d4 c1c4 d7a4 e3d4 a4e8 d2c3 e4e1 g1h2 e8e4 d4d5
Q7/8/3P1P2/1r6/6P1/2P4P/4n2P/1b3k1K b - -,b5b8 a8f3 f1e1 d6d7 b1a2 g4g5 b8g8 f3f5 a2b3 f6f7
1Q2q2k/6p1/7p/2r2b2/8/1Q6/1p3PPP/3R3K b - -,e8b8 b3b8 h8h7 b8b2 c5c2 b2d4 c2e2 h2h3 f5g6 f2f3
r2qk2r/3bbp1p/2p1p3/2Pp4/1P4Q1/8/P2N1PPP/R1B2RK1 b kq -,h7h5 g4f3 e7f6 a1b1 h5h4 h2h3 h8g8 f1e1 a8a2 f3b3
4r1k1/R4p2/6p1/8/p3P1P1/5Q1P/q3P1K1/8 b - -,e8d8 h3h4 a2c4 g2g3 d8e8 h4h5 g6h5 g4h5 c4b3 g3g2
7k/5p2/3p2p1/2pPp3/1r2B3/8/1PP5/2KR4 b - -,b4e4 d1g1 h8g7 c2c3 f7f5 c1d2 e4a4 b2b3 a4a2 d2d3
7k/pp4pp/8/3B4/8/P4pP1/5P1P/1b4K1 b - -,g7g5 d5b7 h8g7 b7f3 g7f6 f3g4 f6e5 f2f3 a7a5 g1f2
rnbqkb1r/pp1p1ppp/2p5/3nP3/2PQ4/P7/1P3PPP/RNB1KBNR b KQkq -,d5e7 b1c3 b8a6 f1d3 a6c7 g1f3 c7e6 d4e4 d7d5 e5d6
8/5k1p/4p1p1/8/7P/4B1P1/r4PK1/8 b - -,e6e5 e3g5 f7e6 g5d8 e6f5 d8b6 h7h5 b6d8 f5e4 d8f6
r1b5/p4N2/2p2k2/1p6/4B3/5pR1/PP4p1/2K5 b - -,f3f2 e4g2 f6f7 g3f3 f7e7 f3f2 c8d7 f2f3 a7a5 g2h3
8/2p4p/1p1p1k2/1PPP1p1P/3P1K2/p7/P7/8 b - -,d6c5 d4c5 b6c5 d5d6 c7d6 b5b6 c5c4 b6b7 f6e6 b7b8q
r1bqr1k1/b1p1npp1/3p1n1p/1p1Pp3/4P3/1BP1BN1P/1P3PP1/RN1QR1K1 b - -,c8f5 a1a7 a8a7 e3a7 f5e4 a7e3 e4d5 b3d5 e7d5 b1a3
4r2k/pp4pp/4B1b1/8/rP1R4/5pP1/P4P1P/4R1K1 b - -,a4a6 d4f4 h7h5 f4f3 e8e6 e1e6 a6e6 f3c3 e6e2 a2a3
8/5p2/4p3/1r2Pk1p/3NR3/3K2P1/PP3P2/8 b - -,f5g6 d4b5 g6f5 d3d4 f5g6 d4c5 g6g7 a2a4 g7f8 b5c3
r5k1/5pp1/4q3/8/p1RQP1P1/7P/4PK2/8 b - -,a4a3 c4c1 a3a2 c1a1 e6h6 d4d5 h6h4 f2g2 a8a3 a1a2
1r2r1k1/pb3p2/1p1n2p1/2pP2n1/4P1Pq/1PQ5/PB3NBP/2R1R1K1 b - -,g5e6 d5e6 f7f6 e4e5 d6b5 c3d3 f6f5 g2b7 e8d8 d3b5
8/8/8/1p3kPp/1P6/4K2P/8/8 b - -,
rnbq1rk1/pp2ppbp/2p3p1/4N3/2BP1nQ1/2N5/PPP2PPP/R4RK1 b - -,c8g4 e5g4 d8d4 g4e3 g8h8 g2g3 f4e6 c4e6 f7e6 c3e2
rn2kb1r/p2p1ppp/bq1Ppn2/2p5/2p2B2/2N1PN2/PP3PPP/R2QKB1R b KQkq -,f6h5 f4e5 b8c6 c3a4 b6b8 a2a3 c6e5 f3e5 f8d6 f1c4
6k1/2Bn2p1/7p/5b2/2pP4/8/r1P2NPP/2R3K1 b - -,d7f6 c2c3 f6d5 c7d6 f5c2 d6b4 d5f4 c1f1 c2a4 g2g3
6k1/2B3p1/3P3p/2n5/2p5/2N5/2b3PP/6K1 b - -,c2h7 c7b6 c5d7 b6d4 g8f7 g1f2 g7g5 f2e3 f7e6 d4g7
r6r/pp2bk2/2q2p2/2p1p1Bp/7P/1Q3R2/P4PP1/3R1K2 b - -,c5c4 b3c2 a8d8 d1d8 e7d8 g5c1 c6d5 f1g1 d8e7 a2a4
r1bqr1k1/b3npp1/2Pp1n1p/1p2p3/4P3/1BP1BN1P/1P3PP1/RN1QR1K1 b - -,c8h3 a1a7 a8a7 e3a7 h3g4 b1d2 e7c6 a7e3 c6a5 d1c2
rnb3q1/ppppr1k1/3b1pB1/4pN1Q/4P3/3P4/PPP2PPP/R3K2R b KQ -,g7f8 h2h4 b8c6 c2c3 e7g7 f5g7 g8g7 h1h3 c6d8 h3g3
7k/p5pp/8/1p6/8/P4BP1/5P1P/1b4K1 b - -,a7a5 f3d5 a5a4 f2f4 b1c2 d5a2 c2b3 a2b1 h8g8 g1f2
r1n2rk1/6pp/2bpp1q1/p1p2p2/2P2P2/PPB1P3/3Q2PP/R2R1BK1 b - -,f8f7 c3a5 f7a7 b3b4 h7h6 f1d3 g8h7 h2h3 c6f3 d1f1
6R1/8/5p2/4pPk1/r3P3/p2PK3/P7/8 b - -,g5h6 g8g6 h6h7 g6f6 a4a5 f6d6 a5a8 d6d5 a8e8 d5a5
r1bqkbnr/ppNp2pp/2p2p2/4p3/2BnP2N/8/PPPP1PPP/R1BQ1RK1 b kq -,d8c7 d1h5 e8d8 c4g8 d7d5 g8f7 d4c2 a1b1 d5e4 d2d3
8/5K2/4Pb1B/3k4/8/8/8/8 b - -,d8c7 d1h5 e8d8 c4g8 d7d5 g8f7 d4c2 a1b1 d5e4 d2d3
r1b5/p4N2/2p2k2/1p6/8/6R1/PP3pB1/2K5 b - -,f6f7 g3f3 f7e7 f3f2 c8d7 f2f3 a7a5 g2h3 d7e8 f3d3
r1b2rk1/1p4pp/pq1p4/3Ppp2/P1P5/1nNB1P2/1PQ3PP/R4R1K b - -,b3a1 f1a1 a6a5 h2h3 c8d7 b2b3 b6d4 a1d1 a8e8 c2c1
r1bqr1k1/b4pp1/2np1n1p/1p1Bp3/4P3/2P1BN1P/1P3PP1/RN1QR1K1 b - -,c8b7 a1a7 a8a7 d5c6 b7c6 e3a7 f6e4 a7e3 f7f5 f3h2
1r1q1n2/k2nbp2/2p1p1p1/p1PpP1P1/3P1P2/3Q1B2/PB1NK3/1R6 b - -,b8b4 d2b3 d8a8 b2c3 b4b7 a2a4 a7b8 e2f2 b8c8 f3e2
8/8/8/8/8/4kp2/4r3/1R4K1 b - -,
r1bqk2r/pp1nppbp/2pp1np1/8/P2PP3/2NB1N2/1PP2PPP/R1BQ1RK1 b kq -,e8h8 a4a5 b7b5 a5b6 d7b6 c1e3 a7a5 h2h3 a5a4 f1e1
6k1/p2q1pp1/5n2/3p4/1NR5/4P2P/PP1Q1PP1/6K1 b - -,d5c4 d2d7 f6d7 b4c6 a7a6 g1f1 g8f8 f1e2 d7c5 c6e5
r1b5/p4k2/2p5/1p6/8/5R2/PP3pB1/2K5 b - -,f7e7 f3f2 c8d7 f2f3 a7a5 g2h3 d7e8 f3d3 b5b4 a2a3
7k/6pp/8/pp1B4/8/P5P1/5P1P/1b4K1 b - -,g7g5 f2f4 g5f4 g3f4 h8g7 g1f2 g7f6 f2e3 b5b4 a3b4
5k2/2BP2p1/7p/2n5/2p5/2N5/2b3PP/6K1 b - -,c5d7 g1f2 f8f7 f2e3 d7f8 c3d5 g7g5 c7a5 f8e6 a5c3
r2qk2r/1p1bbp1p/2N1p3/p1Pp4/1P4p1/2P5/P2N1PPP/R1BQ1RK1 b kq -,b7c6 d1g4 a5b4 c3b4 e7f6 a1b1 e6e5 g4f3 h8g8 f1e1
4b3/2p5/p4k1p/2P2pp1/PP6/3r1P1P/4N1PK/R7 b - -,d3d2 e2g3 d2c2 a1d1 e8a4 d1d8 f6e5 d8h8 a4c6 h2g1
r1b1nr2/5k2/2p1pqpR/pp6/4NP2/8/PPBQ4/2K4R b - -,f6g7 h6h7 f7g8 d2h2 c8d7 h7g7 e8g7 h2h7 g8f7 e4g5
rn1q1rk1/pp2ppbp/2p3p1/4Nb2/2BP1Q2/2N5/PPP2PPP/R4RK1 b - -,c6c5 f1d1 c5d4 e5f7 d8b6 c3d5 b6c5 f4c7 b8c6 b2b4
8/5k1p/6p1/2B1p3/7P/6P1/r4PK1/8 b - -,f7e6 g2f3 e6d5 c5e7 d5d4 e7f6 a2b2 f3g2 d4e4 f6g7
QR6/6k1/5p1p/7r/1p6/3p4/3K4/8 b - -,f7e6 g2f3 e6d5 c5e7 d5d4 e7f6 a2b2 f3g2 d4e4 f6g7
r1b2rk1/ppqnbppp/2pp1n2/4p3/2PPPP2/2N2N2/PPQ1B1PP/R1B2RK1 b - -,f6h5 f4e5 d6e5 f3e5 d7e5 e2h5 e5c4 c3e2 c8e6 e2f4
rnbqk1nr/p1p2ppp/4p3/1p6/2pP4/5NP1/PP1QPPBP/RN2K2R b KQkq -,g8e7 d2g5 e8h8 g5b5 b8c6 e1h1 a8b8 b5c4 b8b2 a2a3
6k1/1p1R2p1/p4p1p/Pr5P/6P1/8/5PK1/8 b - -,f6f5 f2f3 f5g4 f3g4 b5a5 d7b7 a5g5 g2g3 g8f8 b7a7
2r3k1/3b1pbp/p4qp1/3PN3/Pp2P1P1/1P5P/5P1B/1Qn1R1K1 b - -,g7h6 e5d7 f6f3 b1b2 h6g5 d5d6 c8c3 d7e5 f3h3 f2f4
3R2k1/1p4p1/p4p1p/P6P/8/6P1/1P1Q1PK1/q3r3 b - -,g7h6 e5d7 f6f3 b1b2 h6g5 d5d6 c8c3 d7e5 f3h3 f2f4
8/2k3P1/1pP2p1p/pK2p3/2B5/3b4/8/8 b - -,d3h7 c4e2 e5e4 e2h5 e4e3 h5f3 f6f5 f3e2 a5a4 b5a4
6k1/p2Q1pp1/5n2/8/1Np5/4P2P/PP3PP1/6K1 b - -,f6d7 b4c6 a7a6 g1f1 d7b6 c6b8 a6a5 b8c6 b6a4 b2b3
6k1/5pp1/8/p7/1nRN2PP/5PK1/r1p1P3/8 b - -,a5a4 h4h5 g8h7 g4g5 a4a3 g3g4 g7g6 h5g6 h7g6 f3f4
r2q1rk1/pp1Nppbp/2p3p1/5b2/2BP1Q2/2N5/PPP2PPP/R4RK1 b - -,f8e8 d7e5 e7e6 a1d1 c6c5 d4d5 d8b6 d5e6 f7e6 g2g4
rnb2kq1/ppppr3/3b1pBQ/4pN2/4P3/3P4/PPP2PPP/R3K2R b KQ -,g8g7 f5g7 d6b4 c2c3 e7g7 h6h8 f8e7 h8g7 e7d6 g7f6
8/3Pk1p1/1B5p/2n5/2p5/2N5/2b3PP/6K1 b - -,c5d7 b6d4 d7f6 g2g4 f6g4 d4g7 e7e6 h2h3 e6f7 g7d4
r1bqkbnr/pp1p2pp/2p2p2/3Np2Q/2BnP2N/8/PPPP1PPP/R1B2RK1 b kq -,g7g6 h4g6 c6d5 g6h8 e8e7 h5h7 e7d6 h8f7 d6c7 f7d8
r4rk1/1bqn1pp1/p2b1n1p/1pp2N2/4P2B/2NB3P/PPQ2PP1/R2R2K1 b - -,b5b4 c3d5 f6d5 e4d5 b7d5 f5h6 g8h8 h6f5 d6h2 g1h1
7k/6pp/8/3B4/1p6/6P1/5P1P/1b3K2 b - -,h7h6 f1e2 h8h7 d5f7 g7g6 e2e3 h7g7 f7d5 g7f6 e3d4
6k1/1p1R2p1/p4p1p/P6P/8/6P1/1r3PK1/8 b - -,b2b5 g3g4 b5a5 d7b7 a5g5 b7b8 g8f7 b8b7 f7f8 b7b8
8/5k2/1B4pp/4p3/7P/6P1/r4PK1/8 b - -,h6h5 b6e3 f7e6 g2f3 e6d5 f3g2 a2a8 g2f3 a8f8 f3g2
6k1/1p4p1/p4p1p/P2p3P/3R4/6P1/1P3P1K/4r3 b - -,e1e2 d4b4 e2f2 h2h3 d5d4 g3g4 d4d3 b4b7 f2c2 b2b4
6k1/p5pp/3R4/8/3b1PP1/4B3/PP3PK1/R2rr3 b - -,d1a1 d6d4 h7h5 d4d8 g8f7 g4h5 e1g1 g2f3 a1a2 b2b4
6k1/p2n1pp1/2N5/8/2p5/4P2P/PP3PP1/6K1 b - -,a7a6 g1f1 f7f6 c6a5 d7b6 f1e2 f6f5 e2f3 g8f7 e3e4
r3r1k1/pp3ppp/2n2q2/b2p1b2/3p4/PQ3NN1/1P3PPP/R1BK1B1R b - -,f5e4 g3e4 d5e4 f3g5 d4d3 c1e3 a8d8 g5f7 f6f7 b3f7
7k/6pp/8/3B4/1p6/6P1/2b1KP1P/8 b - -,c2f5 e2e3 g7g5 e3d4 h8g7 d4c4 g7f6 c4b4 f6e5 b4c4
r1b1nr2/5kqR/2p1p1p1/pp6/4NP2/8/PPBQ4/2K4R b - -,c2f5 e2e3 g7g5 e3d4 h8g7 d4c4 g7f6 c4b4 f6e5 b4c4
3q1k1r/1ppbp1bp/r1n2np1/p7/P1BP4/1Q2PN2/1P1B1PPP/RN2K2R b KQ -,a6b6 c4b5 f6e4 b1c3 e4d2 f3d2 c6d4 e3d4 c7c6 d2c4
r1b2rk1/ppq2ppp/4pn2/4N3/2PR4/4Q3/PPB2PPP/2K4R b - -,b7b6 g2g4 g7g6 h1d1 a7a5 g4g5 f6h5 d4d6 c7c5 d6b6
r1b1kb1r/ppq2ppp/2n1pn2/2p5/2N5/1P3NP1/P1QPPPBP/R1B1K2R b KQkq -,b7b6 d2d4 c8b7 c1f4 c7d7 e1h1 c6d4 f3d4 b7g2 d4e6
2r3k1/3N1p1p/p4qpb/3P4/Pp2P1P1/1P5P/5P1B/1Qn1R1K1 b - -,f6f3 d7e5 f3c3 e1c1 c3c1 b1c1 c8c1 g1g2 c1c3 e5c6
r4rk1/pp1qppbp/2p3p1/5b2/2BP1Q2/2N5/PPP2PPP/4RRK1 b - -,g7d4 c4b3 a8d8 c3d5 d4f2 f4f2 c6d5 f2a7 e7e6 a7d4
2r4k/5qpp/4b2b/1Q1NPp2/1p1R4/rB5P/5PP1/1R4K1 b - -,f7a7 d4d1 a7b8 b5b6 b8b6 d5b6 e6b3 b1b3 a3b3 b6c8
7k/6pp/8/3B4/8/1p4P1/2bK1P1P/8 b - -,h7h6 d2c3 c2f5 d5b3 f5g4 c3d4 g7g6 d4d5 h8g7 d5e5
rnbk1b1r/p4ppp/8/4P3/PpB5/5N2/5PPP/R1B1K2R b KQ -,b8d7 e1h1 d7b6 c4f7 d8e7 f7b3 c8e6 a4a5 b6d7 a1b1
rn2kb1r/p2p1ppp/b2Ppn2/2p1B3/2p5/2N1PN2/Pq3PPP/R2QKB1R b KQkq -,f6g4 f1e2 g4e5 a1c1 e5d3 e2d3 c4d3 e1h1 f8d6 c3e4
6k1/p5pp/3R4/8/3B1PP1/8/PP3PK1/r3r3 b - -,
6k1/1R4p1/p4p1p/r6P/6P1/8/5PK1/8 b - -,a5g5 b7b8 g8h7 f2f3 f6f5 g2h3 f5g4 f3g4 g5a5 b8a8
8/1p1r1k2/p2p2p1/7p/P1PB1P2/1P4Pb/3R3P/4K3 b - -,d7c7 e1f2 c7e7 d4a7 e7e6 b3b4 h3g4 a7b8 f7e7 a4a5
r2q1rk1/3nppbp/p2pb1P1/3Nn3/1p2P1P1/1P3P2/PBPQ4/1K1R1BNR b - -,a6a5 h1h7 d7f6 h7g7 g8g7 g4g5 f6d5 e4d5 e6f5 f3f4
8/1p3pkp/2n5/1pP5/4K3/8/PP5P/8 b - -,f7f6 e4f5 b5b4 h2h3 g7f7 h3h4 f7e7 h4h5 e7f7 h5h6
r3r1k1/pbqn1ppp/1p3n2/2pp4/P1PP4/B2BPN2/5PPP/2RQ1RK1 b - -,a8d8 c4d5 b7d5 d1e2 c7b7 d4c5 b6c5 d3b5 f6e4 f1d1
3q1k1r/1ppbp1bp/1rn2np1/pB6/P2P4/1Q2PN2/1P1B1PPP/RN2K2R b KQ -,f6e4 e1h1 d7g4 b3d1 h7h5 h2h3 e7e5 d4d5 c6b4 d2b4
r1b1kb1r/ppp2ppp/3p4/3Qn3/6n1/2NBP2P/PPP2qP1/R1BK2NR b kq -,c7c6 d5e4 f7f5 e4f4 f2g2 h3g4 g2h1 c3e2 f5g4 b2b4
r1bqr1k1/b4pp1/2np3p/1p1Pp3/8/2P1BN1P/1P3PP1/RN1QR1K1 b - -,c6e7 a1a7 a8a7 e3a7 c8b7 b1a3 d8d7 a7e3 e7d5 f3h4
6k1/2Bn2p1/7p/2N2b2/2pP4/8/r1P3PP/2R3K1 b - -,c4c3 c5d7 f5d7 d4d5 g8f7 c7e5 d7f5 c1f1 f7g6 f1f3
rnQ1R3/1p1p1pkp/p1q3p1/8/8/3B4/P1P2P1P/6K1 b - -,c6c8 e8c8 d7d5 c2c4 f7f5 c4d5 g7f6 d5d6 f6e6 c8d8
7r/p5k1/2p5/1p4R1/8/2N1K3/PPr3p1/8 b - -,g7f8 a2a4 h8h3 e3d4 c2d2 d4e4 b5b4 c3b1 d2b2 e4d4
1q5k/1P4p1/1Q5p/5b2/8/8/2r2PPP/3RR2K b - -,b8g3 f2g3 h8h7 b7b8q c2c6 b6b5 f5e4 e1e4 c6g6 b5f5
4r1k1/5pp1/2R5/p7/4P1P1/7P/P1p1PQK1/2q5 b - -,c1d2 c6c7 e8f8 f2c5 c2c1r c5c1 d2e2 g2g3 e2a2 c1e3
r1bqkb1r/pppnn1pp/3p4/3Ppp2/2P1P3/2N5/PP2BPPP/R1BQK1NR b KQkq -,g7g6 h2h4 f8g7 h4h5 d7c5 h5h6 g7f6 g2g4 f5g4 c1e3
8/8/8/1p6/2k3r1/2p5/8/1K5R b - -,g7g6 h2h4 f8g7 h4h5 d7c5 h5h6 g7f6 g2g4 f5g4 c1e3
r2q1k1r/pppbpBbp/2n2np1/8/3P4/1Q2PN2/PP1B1PPP/RN2K2R b KQ -,a7a5 a2a4 a8a6 f7c4 a6b6 c4b5 f6e4 e1h1 d7g4 b3d1
3r4/pp3Qk1/2pq3p/P3p3/1P1P4/8/6P1/5R1K b - -,g7h8 f1f6 d8f8 f7f8 d6f8 f6f8 h8g7 f8d8 e5e4 d8e8
r2qk2r/pppbpBbp/2n2np1/8/3P4/1Q2PN2/PP3PPP/RNB1K2R b KQkq -,e8f8 c1d2 a7a5 f7c4 a5a4 b3d1 f6e4 b1c3 e4d6 c4e2
r1b1nrk1/6qR/2p1p1p1/pp6/4NP2/8/PPB4Q/2K4R b - -,e8f8 c1d2 a7a5 f7c4 a5a4 b3d1 f6e4 b1c3 e4d6 c4e2
rnb2kq1/pppp2N1/3b1pBQ/4p3/4P3/3P4/PPP2PPP/R3K2R b KQ -,f8e7 g7f5 e7d8 f5d6 c7d6 e1h1 b8c6 f2f4 d8c7 f4e5
3r1rk1/pp1qppbp/2p3p1/8/2BPRQ2/8/PPP2PPP/5RK1 b - -,g7d4 c2c3 d4f6 e4e2 b7b5 c4b3 a7a5 a2a4 g8g7 h2h4
1r2r1k1/pb3p1q/1p1n2p1/2pP2n1/4P1PP/1PQ5/PB3NB1/2R1R1K1 b - -,f7f5 g4f5 g6f5 h4g5 e8f8 e4f5 d6f5 f2g4 b8d8 g4f6
rn2q1k1/2pnp2p/p5p1/1p6/3N4/1QN5/PP3r1P/R1B1K2R b - -,e7e6 e1f2 d7c5 b3d1 b8d7 h1f1 b5b4 c3e2 e6e5 d4b3
3R4/1p3kp1/p4p1p/P2Q3P/8/6P1/1P3PK1/q3r3 b - -,e7e6 e1f2 d7c5 b3d1 b8d7 h1f1 b5b4 c3e2 e6e5 d4b3
1q1R4/1P4pk/1Q5p/5b2/8/8/2r2PPP/4R2K b - -,b8e5 b6b1 c2b2 b7b8q b2b8 d8b8 e5f4 b8f8 f5b1 f8f4
1r6/4p2p/p4k2/5b2/P1R5/KB5P/P7/8 b - -,b8c8 c4b4 e7e5 b4b6 f6g5 b6a6 e5e4 a6a7 c8e8 b3c4
2b5/5pk1/3p2p1/1BpPp1n1/8/8/1PP5/2K2R2 b - -,f7f5 c2c3 g5e4 c1c2 e4f6 c2d2 f5f4 b2b4 c5b4 c3b4
rnR5/1p1p1pkp/p5p1/8/8/3B4/P1P2P1P/6K1 b - -,d7d5 d3e2 a6a5 a2a4 f7f6 e2f3 g7f7 f3d5 f7e7 d5b7
2r3k1/5p1p/p5pb/3PN3/Pp2P1P1/1P3q1P/5P1B/1Qn1R1K1 b - -,f3c3 e1c1 c3c1 b1c1 c8c1 g1g2 c1c3 e5c6 c3b3 d5d6
5k1r/p7/2p5/1p6/8/2N1K3/PPr3R1/8 b - -,c2g2 c3d1 h8h3 e3d4 f8e7 d4e4 g2d2 e4f5 d2d1 a2a3
rnb1k1nr/pp2ppbp/2p3p1/8/P3PP2/5N2/1PP3PP/RNBK1B1R b kq -,b8d7 f1c4 e7e5 c2c3 g8f6 h1e1 f6h5 f4f5 g6f5 e4f5
3r1r2/pp3Rk1/2pq3p/P3p2Q/1P1P4/8/6P1/5R1K b - -,g7h8 d4e5 f8f7 f1f7 d6d1 h5d1 d8d1 h1h2 a7a6 f7b7
8/5K2/4P3/3k4/5B1b/8/8/8 b - -,d5e4 f4c7 e4f5 c7d6 h4d8 d6b4 d8h4 b4e7 h4g3 e7f8
r2q1rk1/3np1bp/p2pb1p1/3Nn1P1/1p2P3/1P3P2/PBPQ4/1K1R1BNR b - -,e6d5 e4d5 a6a5 f3f4 a5a4 d2h2 h7h5 g5h6 g7f6 f4e5
r2q1rk1/2p2ppp/p3b3/npnpP3/8/1BN2N2/PPP1QPPP/R2R2K1 b - -,d8e7 c3d5 e6d5 b3d5 c7c6 d5e4 a5c4 b2b3 c4e5 e4h7
8/4kp1p/3r2pB/8/4R3/7P/5PP1/6K1 b - -,e7d7 g1h2 d6b6 h3h4 b6b7 h6g5 d7d6 g2g4 b7a7 e4f4
r4rk1/pb3ppp/1pnqpn2/3pN3/3P4/2PB4/PP1N1PPP/R2QR1K1 b - -,g7g6 d2f3 a8e8 d1d2 g8g7 f3g5 d6c7 d2f4 f6h5 f4e3
r1bqr1k1/b4pp1/3p3p/np1Pp3/1P6/2P1BN1P/5PP1/RN1QR1K1 b - -,c8h3 a1a5 a7e3 a5a8 d8a8 e1e3 h3g4 d1b3 f7f5 b1d2
r1bqkb1r/ppp2ppp/2n5/3Pp3/8/4PN2/PPQP1PPP/R1B1KB1R b KQkq -,d8d5 f1c4 d5d6 f3g5 c6d8 d2d4 f8e7 d4e5 d6e5 f2f4
6k1/3n1pp1/p1N5/8/2p5/4P2P/PP3PP1/5K2 b - -,g7g5 f1e2 f7f6 c6a5 d7e5 f2f4 g5f4 e3f4 e5d3 a5c4
r1bqkbnr/pp1p3p/2p2pN1/3Np2Q/2BnP3/8/PPPP1PPP/R1B2RK1 b kq -,c6d5 g6h8 e8e7 h5h7 e7d6 h8f7 d6c7 f7d8 d5c4 h7g8
4r1k1/2R2pp1/8/p7/4P1P1/7P/P1pqPQK1/8 b - -,e8f8 f2c5 c2c1q c5c1 d2e2 g2g3 e2a2 c1c2 a2a1 g3g2
8/p7/2p5/K1P5/P2k4/8/8/8 b - -,g8h8 f2f7 d2e2 f7f2 e2e4 f2f3 e4e2 f3f2
r1b1R3/p4rkR/2p5/1p6/5p2/2N5/PPB3p1/2K5 b - -,g8h8 f2f7 d2e2 f7f2 e2e4 f2f3 e4e2 f3f2
6k1/2Bn2p1/7p/8/2b1N3/2P5/r5PP/2R3K1 b - -,c4b5 h2h3 b5c6 e4f2 a2e2 c7f4 d7c5 c1d1 c5e4 f2e4
8/1p4kp/2n2p2/1pPK4/8/8/PP5P/8 b - -,f6f5 d5d6 f5f4 d6c7 f4f3 c7b7 c6e7 c5c6 f3f2 c6c7
rnb1k1nr/ppq3pp/4p3/2ppPp2/3P4/P1P2Q2/2P2PPP/R1B1KBNR b KQkq -,
3r1rk1/p2qppbp/2p3p1/1p6/3PRQ2/1B6/PPP2PPP/5RK1 b - -,g7d4 c2c3 d4f6 g2g4 d7d6 f4d6 d8d6 f1d1 f8d8 d1d6
3R4/1P4pk/7p/4qb2/8/8/2r2PPP/1Q2R2K b - -,c2b2 b7b8q b2b8 d8b8 e5a5 b1b4 a5c7 b4b3 c7d7 b8e8
8/8/8/1p6/2k5/2p5/6r1/2K4R b - -,c2b2 b7b8q b2b8 d8b8 e5a5 b1b4 a5c7 b4b3 c7d7 b8e8
6k1/5pp1/8/p7/1nR3P1/1N3PKP/r1p1P3/8 b - -,a5a4 b3c5 a2a1 h3h4 a4a3 c5b3 a1b1 c4b4 b1b3 b4b3
6k1/2Bn2p1/7p/5b2/2pPN3/8/r1P3PP/4R1K1 b - -,a2c2 e4g3 f5g6 d4d5 c2b2 g3e2 g6e4 d5d6 b2d2 e2f4
rnR5/1p3pkp/p5p1/3p4/8/8/P1P1BP1P/6K1 b - -,a6a5 a2a4 f7f6 e2f3 g7f7 f3d5 f7e7 d5b7 e7d7 c8h8
3b4/7k/p3p2p/1p1qPp2/1P2pP2/2P1B3/4Q1KP/8 b - -,a6a5 b4a5 d8a5 e3d4 h7g7 e2h5 d5d7 h5e2 a5d8 e2a2
rnbqk2r/ppppppbp/6p1/8/3P1P2/5NP1/PPP2P1P/RN1QKB1R b KQkq -,c7c5 c2c3 c5d4 f3d4 b8c6 d4b3 e8h8 f1g2 b7b5 a2a4
rnbqkbnr/pppp3p/8/4P3/4P3/8/PPP4P/RNBQKBNR b KQkq -,d8h4 e1d2 f8h6 d2d3 d7d5 e5d6 b8c6 g1f3 h4f6 c1h6
r4rk1/1bq2pp1/p2b1n1p/1Bp1nN2/4P2B/2N4P/PPQ2PP1/R2R2K1 b - -,a6b5 d1d6 f6h5 c3b5 c7b8 c2c5 f7f6 d6b6 a8a6 b5d6
1Q1R4/6pk/7p/4qb2/8/8/1r3PPP/1Q2R2K b - -,b2b8 d8b8 e5f4 b8f8 f5b1 f8f4 b1c2 f4b4 h6h5 h2h4
r1b1R3/p4r1R/2p2k2/1p6/4Np2/8/PPB3p1/2K5 b - -,b2b8 d8b8 e5f4 b8f8 f5b1 f8f4 b1c2 f4b4 h6h5 h2h4
r4rk1/ppp3p1/3bNp1p/n3p2Q/3P2PP/2q1B3/P4P2/R2K3R b - -,b2b8 d8b8 e5f4 b8f8 f5b1 f8f4 b1c2 f4b4 h6h5 h2h4
2r4k/q5pp/4b2b/1Q1NPp2/1R6/rB5P/5PP1/1R4K1 b - -,a3a1 b3c4 h6d2 b4b2 e6d5 c4d5 d2f4 d5c4 a1a5 b5b8
r1b1nr2/5kqR/2p1p1p1/pp6/4NP1Q/8/PPB5/2K4R b - -,a3a1 b3c4 h6d2 b4b2 e6d5 c4d5 d2f4 d5c4 a1a5 b5b8
8/6Pb/1pk2p1p/p3pB2/K7/8/8/8 b - -,h7g8 f5c2 c6c5 c2b3 g8h7 b3f7 c5d4 a4b3 e5e4 b3c2
3r1rk1/3qppbp/2p3p1/p7/B2PRQ2/8/1PP2PPP/5RK1 b - -,g7d4 c2c3 d4f6 e4e2 d7b7 f4c4 d8d6 f1d1 f8d8 d1d6
8/1p4kp/2n5/1pPK1p2/8/1P6/P6P/8 b - -,b5b4 h2h3 g7g6 d5d6 f5f4 d6c7 f4f3 c7b7 c6e7 c5c6
6k1/5pp1/8/8/pnR3P1/5PKP/r1p1P3/2N5 b - -,a2a1 c1d3 a1g1 g3h2 g1b1 c4c8 g8h7 c8c4 a4a3 h3h4
rn2kbnr/pp3ppp/4p3/1q1pP3/PPpP4/2P2N2/5PPP/RNBQK2R b KQkq -,b5b6 b1a3 g8e7 a3c2 b8d7 h2h4 h7h5 e1h1 a7a5 b4b5
5rk1/2R2pp1/8/p1Q5/4P1P1/7P/P1pqP1K1/8 b - -,c2c1r c5c1 d2e2 g2g3 e2a2 c1c2 a2a1 g3g2 g7g6 c2c3
r3r1k1/pp4pp/3qb3/5p2/2pPpn2/2P4P/PPN1NPP1/R1Q1R1K1 b - -,f4d3 c1g5 f5f4 e2f4 h7h6 g5g3 d6f4 g3f4 d3f4 e1e4
r7/pp1q3p/3k1pp1/2rp4/1Q2N3/8/PP3PPP/4R1K1 b - -,d6c7 e4c5 d7c6 c5e6 c7d7 e6d4 a8e8 e1e8 d7e8 d4c6
3b2k1/1p3p2/p3pp2/5r1p/2P5/1P5P/1B1R1PP1/6K1 b - -,d8b6 b2d4 b6d4 d2d4 f5c5 d4d7 b7b5 d7a7 b5c4 b3c4
8/6k1/1R6/4K3/7R/8/8/8 b - -,d8b6 b2d4 b6d4 d2d4 f5c5 d4d7 b7b5 d7a7 b5c4 b3c4
rnb1kb1r/pp2pppp/5n2/2Pq4/Q7/8/PP2PPPP/RNB1KBNR b KQkq -,c8d7 a4a3 e7e5 b1c3 d5c5 a3c5 f8c5 e2e3 b8c6 f1d3
r1bqk2r/ppp2ppp/2n5/3p4/1bP5/2N1P3/PPQB1PPP/R3KB1R b KQkq -,d5c4 a2a3 b4a5 f1c4 e8h8 e1h1 f8e8 c4d3 h7h6 a1d1
1R6/6pk/7p/4qb2/8/8/5PPP/1Q2R2K b - -,f5b1 e1e5 b1a2 e5e7 a2d5 b8b4 h7g6 e7d7 d5a8 b4b6
r2q1rk1/pppbpNbp/2n2np1/8/2BP4/1Q2P3/PP3PPP/RNB1K2R b KQ -,d8b8 f7e5 g8h8 e5d7 f6d7 c4e6 d7f6 e1h1 c6d8 e6h3
rnR5/1p3pkp/p5p1/3p4/2P5/3B4/P4P1P/6K1 b - -,f7f5 c4d5 g7f7 d5d6 f7e6 c8d8 b7b5 g1g2 a8a7 d8b8
6b1/6P1/1pk2p1p/p3p3/K7/8/8/1B6 b - -,c6c5 a4a3 c5d4 b1a2 g8h7 a2f7 e5e4 a3a4 e4e3 f7h5
8/p2R1kpp/8/8/3B1PP1/3r4/PP3PK1/3r4 b - -,f7e6 d7g7 d3d4 g7h7 d4f4 h7a7 d1d2 g2g3 f4f2 g3h4
rnbqkbnr/ppp2p1p/3p4/4N1p1/2B1P3/8/PPPP1PPP/RNBQK2R b KQkq -,d6e5 d2d4 e5d4 b1a3 a7a6 h2h4 g5g4 c2c3 b8c6 d1b3
k4Nq1/p7/2pn4/8/8/1Q6/8/KR6 b - -,
5k2/6pp/2n1p3/q7/8/2N4P/1P2Q1P1/6K1 b - -,a5f5 e2e3 h7h6 e3b6 c6e7 b6b8 f8f7 b2b4 f5f6 b8g3
6k1/1p4p1/p4p1p/P2p4/1r6/8/5P2/5K2 b - -,a5f5 e2e3 h7h6 e3b6 c6e7 b6b8 f8f7 b2b4 f5f6 b8g3
5B2/5K2/4P3/3k4/7b/8/8/8 b - -,d5e4 f8a3 h4d8 a3b2 e4f5 b2d4 d8h4 d4g1 h4d8 g1b6
r1b1kb1r/ppq2ppp/2n1pn2/2p5/2N5/5NP1/PPQPPPBP/R1B2RK1 b kq -,e6e5 b2b3 e5e4 f3g5 c6d4 c2d1 f8e7 f1e1 b7b5 g5e4
rnbq1rk1/pp3ppp/3bpn2/2pP4/2P2P2/2NP1N2/PP4PP/R1BQKB1R b KQ -,e6d5 c4d5 d6c7 d1b3 b8a6 a2a3 c7b6 f1e2 a6c7 b3d1
rn1r2k1/1b2qpp1/p2bpn1p/1p2N3/1P6/P2BP2P/1B1NQPP1/R4RK1 b - -,b8c6 e5f3 f6d7 d3e4 d7f6 a1c1 f6e4 d2e4 c6e5 f3e5
rnR5/1p3pkp/p5p1/8/2B5/8/P4P1P/6K1 b - -,g7f6 c8e8 b7b5 c4e2 a8a7 e8b8 f6e5 b8d8 a7c7 e2d1
8/p7/K1p5/2k5/P7/8/8/8 b - -,g7f6 c8e8 b7b5 c4e2 a8a7 e8b8 f6e5 b8d8 a7c7 e2d1
1r3rk1/3q1pbp/p1npp1p1/1pp5/1PPnPP2/P1NPB1PP/6B1/1R1Q1RK1 b - -,d7a7 d1d2 f8c8 f1d1 a6a5 e4e5 a5b4 c3b5 d4b5 c4b5
r1b3R1/p4r1R/2p3k1/1p6/4Np2/8/PPB3p1/2K5 b - -,d7a7 d1d2 f8c8 f1d1 a6a5 e4e5 a5b4 c3b5 d4b5 c4b5
3k4/1p3K2/1P1B4/8/8/8/8/8 b - -,
r7/pp1q3p/3k1pp1/2r5/1Q2p3/8/PP3PPP/3R2K1 b - -,d6e6 b4e1 c5d5 e1e4 d5e5 e4g4 f6f5 g4c4 d7d5 c4c1
rnbqkbnr/pp1ppppp/8/2p5/4P3/6P1/PPPPNPBP/RNBQK2R b KQkq -,b8c6 e1h1 d7d6 d2d4 c5d4 e2d4 c8d7 b1c3 h7h5 h2h3
4rrk1/1p1b2pp/p7/2nP2R1/1qP1pp2/2N5/1P3QPP/1B3R1K b - -,h7h6 g5g7 g8g7 f2d4 g7g8 c3e4 c5e4 b1e4 b4e7 e4f3
8/5pk1/5p2/5P2/R2pP1KP/2r5/P7/8 b - -,d4d3 g4f3 d3d2 f3e2 c3d3 e2d1 g7h6 a4a8 h6h5 a8a6
6b1/4k1P1/1p3p1p/p3p3/8/K7/B7/8 b - -,g8a2 a3a2 e7f7 a2b3 f7g7 b3c4 h6h5 c4d3 h5h4 d3e4
8/R6p/4k3/8/3r1PP1/8/PP3PK1/3r4 b - -,d4f4 a7h7 d1d2 g2g3 f4f2 b2b3 d2a2 h7b7 f2g2 g3f4
rnb1k1nr/ppq3pp/4p3/3pPp2/3P4/P4Q2/2P2PPP/R1B1KBNR b KQkq -,
rnbqkbnr/pppp4/4P3/7p/4P3/8/PPP4P/RNBQKBNR b KQkq -,d8h4 e1d2 f8h6 d2d3 b8c6 b1c3 d7e6 g1f3 h4f6 c3b5
r1b2rk1/1p2ppbp/pRn3p1/8/2BPP3/q4N2/P1QB1PPP/1R4K1 b - -,a3d6 d4d5 c8g4 d5c6 b7c6 b6b3 a8d8 b3d3 d6c7 f3e1
rn2kb1r/p2p1ppp/b2Pp3/2p1B3/2p3n1/2N1PN2/Pq2BPPP/R2QK2R b KQkq -,g4e5 a1c1 e5d3 e2d3 c4d3 c3e4 b2e2 d1e2 d3e2 h1g1
8/4k1P1/1p3p1p/p3p3/8/8/K7/8 b - -,b2a3 c3b1 a3a5 e5c3 a5b6 f3g5 h7h5 g5e4 f7f5 h2h3
3r1rk1/q3ppbp/6p1/p2p4/B2R1Q2/8/1PP2PPP/5RK1 b - -,a7d4 f4d4 g7d4 b2b3 g8h8 f1d1 d4f6 a4b5 e7e6 d1e1
r1b1kb1r/pp3ppp/2pp4/3Qn3/6Pq/2NBP3/PPP2PP1/R1B1K1NR b KQkq -,h4h1 d5e4 h1g1 d3f1 f8e7 c3e2 g1h2 e2g3 e7h4 g3f5
5rk1/2R2pp1/8/p7/4P1P1/7P/P2qP1K1/2Q5 b - -,d2e2 g2g3 e2a2 e4e5 a5a4 c1e3 a2d5 c7c5 d5d7 c5a5
2K5/8/5Q2/2kp4/8/3N4/8/7q b - -,
r4rk1/ppp3p1/3bNp1p/n3p2Q/3P2PP/3qB3/P4P2/R1K4R b - -,c5b5 f6b2 b5c4 d3e5 c4c5 b2c3 c5b5 c3b3 b5c5
4k3/8/4K3/4PR2/8/4rp2/8/8 b - -,
r4rk1/5pB1/6p1/p2P4/1p3QPP/8/1pK5/q2R1R2 b - -,a8c8 c2d2 a1a2 d1b1 a2d5 f4d4 f8d8 d4d5 d8d5 d2e3
6Q1/2k5/r7/3K4/8/8/8/8 b - -,a6a5 d5c4 c7d7 g8f7 d7d8 f7e6 a5a2 e6d6 d8e8 d6e5
rn2R3/1p3p1p/p4kp1/8/2B5/8/P4P1P/6K1 b - -,b7b5 c4e2 a8a7 e8b8 f6e5 b8d8 a7c7 e2d1 c7c6 g1g2
8/8/8/8/1pk5/2p5/6r1/1K5R b - -,b7b5 c4e2 a8a7 e8b8 f6e5 b8d8 a7c7 e2d1 c7c6 g1g2
8/K7/2p5/8/Pk6/8/8/8 b - -,b7b5 c4e2 a8a7 e8b8 f6e5 b8d8 a7c7 e2d1 c7c6 g1g2
r1b2rk1/ppq1bppp/2pp1n2/2n5/1PPNPP2/2N5/P1Q1B1PP/R1B2RK1 b - -,c5e6 d4f5 a7a5 b4b5 e6c5 f5e3 c5e6 c1b2 f8e8 a1d1
3r3k/6p1/p1n3bp/1p3p2/3q4/P4P1P/2BQ1RP1/3R2K1 b - -,d4c5 d2c1 d8d1 c1d1 h8h7 c2b1 c5a3 g1h1 a6a5 f2f1
8/3p1p2/p1k3p1/1p5p/1P1PP2P/P7/3K2P1/8 b - -,
2r3k1/5p1p/p5pb/3PN3/Pp2P1P1/1Pq4P/5P1B/1QnR2K1 b - -,c3h3 b1b2 f7f6 g4g5 h6g5 e5c6 h3g4 h2g3 g4d1 g1g2
r1b1nrk1/2q1bppp/p2pp3/6PQ/1p1BPP2/2NB1R2/PPP4P/R5K1 b - -,h7h6 d4g7 e8g7 h5h6 e7d8 e4e5 f8e8 f3h3 g8f8 c3e4
r1b1kbnr/ppp2ppp/2n5/3q4/5N2/2Pp4/PP3PPP/R1BQKBNR b KQkq -,d5e4 c1e3 c6e5 f1d3 e5d3 d1d3 e4d3 f4d3 c8f5 d3f4
r1b1nr2/5k1q/2p1p1p1/pp4N1/5P1Q/8/PPB5/2K4R b - -,d5e4 c1e3 c6e5 f1d3 e5d3 d1d3 e4d3 f4d3 c8f5 d3f4
rnb1kbnr/ppqp1ppp/4p3/2P5/1P1Q4/8/P1P1PPPP/RNB1KBNR b KQkq -,b7b6 c1f4 b8c6 d4d2 e6e5 f4g3 g8f6 e2e3 f6e4 d2d5
6k1/2Bn2p1/7p/8/2pP4/2N5/2b2KPP/8 b - -,c2d3 f2f3 d7f6 g2g3 g7g5 h2h4 g5h4 g3h4 g8f7 d4d5
8/3n1ppk/p1N5/8/2p5/4P2P/PP3PP1/4K3 b - -,g7g5 e1d2 d7c5 d2c3 c5d3 c3c4 d3b2 c4d4 b2d1 f2f3
r2q1rk1/2p2ppp/p3b3/npBpP3/4n3/1B3N2/PPP1QPPP/RN1R2K1 b - -,e6g4 c5f8 a5b3 a2b3 d8f8 e2e3 g4f3 e3f3 f8e7 d1e1
rnbk1b1r/p4ppp/8/2p1P1N1/Ppp5/2P5/5PPP/R1B1KB1R b KQ -,d8e7 f1c4 c8e6 g5e6 f7e6 c1g5 e7f7 f2f4 h7h6 g5h4
rnbq1rk1/pp3ppp/3bPn2/2p5/2P2P2/2NP4/PP4PP/R1BQKBNR b KQ -,f8e8 g1f3 b8c6 f1e2 c8e6 e1h1 h7h6 g1h1 e6d7 c1d2
r1bqkbnr/pp1p2pp/2p2p2/4p3/2BnP2N/2N5/PPPP1PPP/R1BQ1RK1 b kq -,
2q2rk1/4brp1/4p2p/1p1pP2P/p1nP1P2/P2QNR2/1P4K1/3N1R2 b - -,b5b4 e3c4 d5c4 d3e4 c4c3 a3b4 c3c2 d1c3 e7b4 e4c2
r7/pb3rk1/2p1R3/1p6/5p2/2N3p1/PPB5/2K3R1 b - -,g7f8 e6g6 c6c5 c3b5 a8d8 c2b3 c5c4 b3c4 b7d5 c4d5
6k1/6p1/7p/4B3/3P4/3b4/r5PP/2R3K1 b - -,d3f5 c1c5 g7g6 d4d5 g8f7 h2h4 f5e4 c5c7 f7e8 d5d6
r1b1nr2/4k2Q/2p1p1p1/pp4N1/5P2/8/PPB5/2K4R b - -,d3f5 c1c5 g7g6 d4d5 g8f7 h2h4 f5e4 c5c7 f7e8 d5d6
7k/pp4pp/8/7b/1r6/5BP1/P4P1P/4R1K1 b - -,a7a5 f3h5 g7g6 h5f3 b7b5 e1e8 h8g7 e8e7 g7g8 g1g2
8/8/8/8/2k5/1pp5/6r1/1K3R2 b - -,a7a5 f3h5 g7g6 h5f3 b7b5 e1e8 h8g7 e8e7 g7g8 g1g2
4K3/4P3/1k6/8/8/8/4r3/4R3 b - -,
3r1r1k/pp2q3/2p2p1p/P3PRnQ/1P1P4/1B6/6P1/5R1K b - -,e7g7 e5f6 g7h7 b3c2 g5f7 f5c5 d8d5 h5d5 c6d5 c2h7
6k1/2B3p1/5n1p/8/2pP4/2N2K2/2b3PP/8 b - -,
8/1pBk1K2/1P6/8/8/8/8/8 b - -,d7c8 f7g8 c8d7 g8h7 d7e7 h7g6 e7e8 g6f6 e8d7 c7b8
1R6/6pk/7p/q4b2/8/7P/5PP1/1Q2R2K b - -,f5g6 b1b4 a5f5 b4f8 f5f8 b8f8 g6c2 f8b8 h7g6 e1e7
1r2r1k1/pb3p1q/1p3Qp1/1npP2n1/4P1PP/1P6/PB3NB1/2R1R1K1 b - -,b8c8 h4g5 b7a8 f6f4 b5d4 b2d4 c5d4 d5d6 c8d8 e4e5
2r1r1k1/pp3pp1/3p3p/3Pn3/qP3N2/P1P2bP1/2QK1P1P/R4B1R b - -,a4c2 d2c2 f3h1 h2h4 h1f3 h4h5 g7g5 h5g6 f7g6 f1e2
rn2R3/5p1p/p4kp1/1p1B4/8/8/P4P1P/6K1 b - -,a8a7 e8b8 f6e5 b8d8 e5d4 d5f7 d4c3 f7d5 b5b4 d8e8
rnbq1rk1/pppp1pp1/5B1p/2b5/2BpP3/5N2/PPP2PPP/RN1Q1RK1 b - -,d8e8 f6d4 c5d4 d1d4 b8c6 d4e3 d7d6 f1e1 g8h8 e3c3
3r1rk1/q3ppbp/2p3p1/p7/B2PRQ2/2P5/1P3PPP/5RK1 b - -,c6c5 d4c5 a7c5 g2g3 g7f6 e4e2 g8g7 f4e4 e7e6 f1d1
6k1/2Bn2p1/7p/8/3Pb3/2R1N3/4r1PP/6K1 b - -,e2a2 d4d5 a2a1 g1f2 d7f6 d5d6 g8f7 h2h3 e4b7 c3c2
rn2q1k1/2pnpr1p/p3N1p1/1p6/8/1QN5/PP5P/R1B1K2R b - -,d7b6 e6g5 b6c4 g5f7 e8f7 b3c2 c4e5 c2e4 b8c6 h1f1
r5k1/pp1b2pp/2p1p3/3p4/1bPPpP1P/1PN2Pq1/P2QP3/3R1K1R b - -,e6e5 f4f5 d7f5 d2g5 f5h3 h1h3 g3h3 g5g2 h3g2 f1g2
3r3k/6p1/p1n3bp/1pq2p2/8/P4P1P/2B2RP1/2QR2K1 b - -,d8d1 c1d1 h8h7 a3a4 c6b4 a4b5 a6b5 c2b1 b4d5 d1e1
5rk1/p5pp/Q1p3r1/3p3n/3Pp2q/P3P2P/1B3PP1/2R2R1K b - -,h4g5 f1g1 f8f2 c1c6 g6c6 a6c6 h5g3 h1h2 g3f1 h2h1
8/6pk/7p/qR3b2/8/8/5PPP/1Q2R2K b - -,f5b1 b5a5 b1d3 a5d5 d3g6 d5d6 g6f7 e1e7 f7b3 e7c7
r1bqk1nr/pp1p2pp/2p2p2/2b1p2Q/2BnP2N/2N5/PPPP1PPP/R1B2RK1 b kq -,e8e7 h4g6 h7g6 h5h8 d8f8 h8g8 f8g8 c4g8 a7a5 a1b1
r1b1nrk1/2q1bppp/p2pp3/6PQ/3BPP2/2pB3R/PPP4P/R5K1 b - -,h7h6 g5h6 c7a7 b2c3 e8f6 h5g5 g7g6 d4a7 a8a7 f4f5
7Q/2q2kp1/2p1R1b1/1pNp4/p2P1r2/P1P3P1/1P4K1/8 b - -,h7h6 g5h6 c7a7 b2c3 e8f6 h5g5 g7g6 d4a7 a8a7 f4f5
1k2r3/pP3pp1/8/3P3p/6b1/NPP5/P4Kp1/5R2 b - -,e8e2 f2g1 g2f1q g1f1 h5h4 a3b5 h4h3 b5d4 e2a2 f1g1
rnb1kb1r/ppp1pppp/5n2/q7/P7/B1NB4/2PP1PPP/R2QK1NR b KQkq -,b8c6 g1f3 c8f5 d3b5 e8a8 b5c6 b7c6 e1h1 e7e5 a3f8
3b4/8/p3p1kp/1p1qPp2/1P2pP2/2P1B3/4Q2P/6K1 b - -,a6a5 b4a5 d8a5 e2c2 d5c4 e3d4 a5d8 c2d2 c4d5 d2f2
8/1p1k2p1/2b2p1p/p1Pp4/P2K1P1P/1B2P3/6P1/8 b - -,d7c7 g2g4 c7c8 g4g5 c8c7 b3d1 c7c8 g5g6 c8c7 d1c2
3r1rk1/4ppbp/q1p3p1/p7/B2PRQ2/2P5/1P3PPP/5R1K b - -,d7c7 g2g4 c7c8 g4g5 c8c7 b3d1 c7c8 g5g6 c8c7 d1c2
8/8/7p/4K3/6rk/8/8/5R2 b - -,
r4rk1/ppp3p1/4Np1p/n3p2Q/1b1P2PP/3q4/P2B1P2/R3K2R b - -,g4c4 e5f5 h6h5 f1h1 h4g3 h1h5 c4c5 f5g6 c5h5 g6h5
rnbqkbnr/pp1ppp1p/6p1/2p5/3NP3/8/PPPP1PPP/RNBQKB1R b KQkq -,c5d4 c2c3 b8c6 c3d4 c6d4 a2a4 f8g7 a4a5 g8h6 a1a4
6k1/6p1/5n1p/4B3/3Pb3/2R1N3/4r1PP/6K1 b - -,f6g4 e3g4 e2g2 g1f1 g2g4 f1f2 h6h5 c3c8 g8f7 c8c7
rnb1kbnr/1pqp1ppp/4p3/p1P5/1P1Q4/2P5/P3PPPP/RNB1KBNR b KQkq -,a5b4 c3b4 b7b6 d4b2 b6c5 b4b5 d7d5 g1f3 b8d7 a2a4
1rb2rk1/p3ppbp/2p2np1/q2P4/8/2N1BP2/PPPQ2PP/1K1R1B1R b - -,b8b2 b1b2 a5b4 b2a1 f6e4 f3e4 g7c3 d2c3 b4c3 a1b1
2r1r1k1/pp3pp1/3p3p/3Pn3/1P3N1P/P1P3P1/2K2P2/R4B1b b - -,h1f3 f1h3 g7g5 h3c8 e8c8 h4g5 h6g5 f4h3 f3e4 c2b2
r1b1k2r/1p3p1p/pqn2p2/2bQ4/8/2N1PN2/PP3PPP/R3KB1R b KQkq -,b6b2 d5c5 b2a1 c3d1 c8e6 f1d3 a8d8 c5a3 a1a2 a3a2
1R6/r4p1p/p4kp1/1p1B4/8/8/P4P1P/6K1 b - -,f6e5 b8d8 e5d4 d5f7 d4c3 d8c8 c3b2 f7d5 a6a5 g1f1
8/2B2kp1/5n1p/3P4/2p5/2N2K2/2b3PP/8 b - -,
rnbqk2r/ppp1ppbp/5np1/8/2PP1B2/5N2/PP2BPPP/RN1QK2R b KQkq -,f6e4 d1c2 c8f5 g2g4 e4f2 g4f5 f2h1 b1c3 b8c6 d4d5
2r3k1/5p1p/p5pb/3PN3/Pp2P1P1/1P3q1P/4RP1B/1Q4K1 b - -,
r2q1rk1/ppp3pp/1bn5/3pPp2/3Pn1b1/2N1BN2/PP2BPPP/R2Q1RK1 b - -,f5f4 e3c1 g8h8 a2a4 a7a5 a1a3 g7g5 f3d2 g4e2 c3e2
2r1nr1k/2qb1p1P/3ppb1P/p7/1p1NPQ2/3B4/PPP2P2/2K3RR b - -,c7c4 d3c4 c8c5 e4e5 c5e5 d4f3 e5e4 f4e4 a5a4 c4d3
r4rk1/ppp3p1/4Np1p/n3p2Q/3P2PP/3q4/P2b1P2/R2K3R b - -,c7c4 d3c4 c8c5 e4e5 c5e5 d4f3 e5e4 f4e4 a5a4 c4d3
8/5p2/p1k3p1/1p1p3p/1P1PP2P/P3K3/6P1/8 b - -,
r1b2rk1/ppq1bppp/n1pp1n2/8/PPPNPP2/2N5/2Q1B1PP/R1B2RK1 b - -,a6b4 c2d2 f8e8 g1h1 e7f8 e2f3 a7a5 c1b2 c7b6 a1e1
r1b1nrk1/p6p/2p1pqPR/1p6/8/8/PPBQN1p1/2KR4 b - -,h7g6 h6g6 f6g6 c2g6 a8b8 d2g5 b8b7 g5g2 b7g7 d1h1
8/1pk3p1/p2qbp1p/3p4/PP1Q1P2/4P2P/2BK2P1/8 b - -,e6d7 c2b3 c7c6 d4c3 c6b6 h3h4 d7f5 b3d1 f5e4 g2g3
6k1/6p1/7p/3NB3/3Pb3/2R5/4r1PP/6K1 b - -,e4d5 c3g3 g7g5 h2h4 g8h7 h4g5 h6g5 g3g5 e2d2 g5g4
2r3k1/5p1p/p5pb/3PN3/Pp2P1P1/1P3q1P/4nP1B/1Q2RK2 b - -,
rn1k1b1r/p5pp/4p3/2p1P3/P1B5/2p1B3/5PPP/R3K2R b KQ -,c3c2 a1c1 b8c6 c1c2 c6e5 c4e6 d8e7 e6h3 e7f7 e1h1
8/6pk/q6p/1R3Q2/8/8/5PPP/4R2K b - -,c3c2 a1c1 b8c6 c1c2 c6e5 c4e6 d8e7 e6h3 e7f7 e1h1
8/5p2/p1k3p1/1p5p/1P1PK2P/P7/6P1/8 b - -,
r4rk1/ppp3p1/4Np1p/n3p2Q/3P2PP/2bq4/P4P2/R1K4R b - -,f7f6 d4d5 c6d7 e4e3 d7e7 e3d3 e7d7 d3e4 d7c7 e4d3
r1b2r2/4k1Q1/2p1p1p1/pp4N1/5P2/8/PPB5/2K4R b - -,f7f6 d4d5 c6d7 e4e3 d7e7 e3d3 e7d7 d3e4 d7c7 e4d3
2r3k1/1p3pp1/1q6/3pP1P1/2r5/pP6/P2QR2P/1K1R4 b - -,f7f6 d4d5 c6d7 e4e3 d7e7 e3d3 e7d7 d3e4 d7c7 e4d3
r2qkbnr/pbp1pppp/1pn5/3p4/3P1B2/P1N2N2/1PP1PPPP/R2QKB1R b KQkq -,g8f6 e2e3 a7a6 f3e5 e7e6 e5c6 b7c6 d1f3 h7h5 f1d3
r1b1k2r/p3Bp2/1npP2p1/q6p/8/2QB4/PPP2PPP/2KR3R b kq -,c8e6 c3a5 e8d7 h1e1 h5h4 e7f6 h8b8 f6h4 b8b7 d3a6
8/5KB1/4P3/3k4/7b/8/8/8 b - -,c8e6 c3a5 e8d7 h1e1 h5h4 e7f6 h8b8 f6h4 b8b7 d3a6
r4rk1/ppp3p1/4Np1p/n3p2Q/3P2PP/2b5/P2q1P2/RK5R b - -,c8e6 c3a5 e8d7 h1e1 h5h4 e7f6 h8b8 f6h4 b8b7 d3a6
r2q1rk1/3np1bp/p2pb1p1/4n3/1p2PNP1/1P3P2/PBPQ4/1K1R1BNR b - -,d7c5 f4e6 c5e6 d2d5 d8c8 b2e5 g7e5 f1c4 g8g7 d5e6
r2q1rk1/p3ppbp/2n3p1/2Pp4/3Pn1b1/2NQBN2/P3BPPP/R3K2R b KQ -,c6b4 d3b1 d8a5 b1b3 g4f3 g2f3 e4c5 d4c5 b4c2 b3c2
r2qkbnr/pbp1pppp/1pn5/3p4/3PPB2/2N2N2/PPP2PPP/R2QKB1R b KQkq -,e7e6 e4d5 e6d5 c3b5 a8c8 f1d3 a7a6 b5c3 f8e7 e1h1
r2qr1k1/3b1p2/2p3p1/3p3p/3P2n1/3BP1N1/2QN1PKP/1R2R3 b - -,g4h6 h2h3 d8f6 e1f1 a8a7 b1b3 e8a8 f1h1 h5h4 g3e2
r2q1rk1/2p2ppp/p3b3/npnpP3/8/1B2QN2/PPP2PPP/RN1R2K1 b - -,a5b7 b1d2 f8e8 c2c3 e6f5 a1c1 a6a5 b3c2 f5c2 c1c2
2k5/1p3K2/1P6/8/5B2/8/8/8 b - -,
8/2B2k2/5n1p/3P2p1/2p5/2N2KP1/2b4P/8 b - -,
2R3k1/6p1/7p/3bB3/3P4/8/6rP/5K2 b - -,
1q5k/1Pr3p1/7p/4Qb2/8/8/5PPP/3RR2K b - -,c7c8 b7c8q b8c8 d1c1 c8f8 c1c7 f5h3 e5e8 f8e8 e1e8
r1bRR3/p4r2/2p2k2/1p6/4Np2/6p1/PPB5/2K5 b - -,f6g6 e4g3 c8f5 c2f5 f7f5 e8g8 g6f6 g3e4 f6f7 d8a8
2qbr1k1/4Brp1/4p2p/1p1pPp1P/p1nP1PP1/P6R/1PN1Q1K1/3N1R2 b - -,
2r3k1/1p3pp1/6q1/3pP1P1/2r5/pP6/P2QR2P/K2R4 b - -,f5g4 e2g4 d8e7 f1f2 e8f8 h3f3 g8h8 g2h3 e7d8 c2e3
8/8/3k2pp/1p6/3K4/1P3P1P/8/8 b - -,
r4rk1/1bqn1pp1/p4n1p/1pp1bN2/4P2B/2N4P/PPQ1BPP1/R2R2K1 b - -,f8e8 c3d5 c7b8 e2f3 c5c4 a1c1 b7d5 e4d5 g7g6 f5h6
r1b5/4kQ2/2p1p1p1/pp4N1/5P2/8/PPB5/2K4R b - -,f8e8 c3d5 c7b8 e2f3 c5c4 a1c1 b7d5 e4d5 g7g6 f5h6
4r1k1/p4pp1/1p5p/2n1q3/8/3pnP1P/B2R1BP1/2Q4K b - -,e5g5 f2e3 g5e3 c1c3 a7a5 a2c4 e8d8 c3b2 e3d4 b2a2
8/5r1p/8/3k4/6P1/R5K1/PP3P2/3r4 b - -,d1g1 g3h4 f7f2 a3a5 d5c6 h4g5 f2f7 a5a4 f7g7 g5f5
4r1k1/pp3pp1/5n1p/2qb1Q2/8/2B3P1/PP3P1P/R4BK1 b - -,c5c6 a1d1 d5e4 f5b5 c6e6 d1e1 a7a6 b5c4 e6c4 f1c4
r2k1b1r/p5pp/2n1p3/2p1P3/P1B5/2p1B3/5PPP/2KR3R b - -,d8e8 c4b5 a8c8 c1c2 f8e7 c2c3 h8f8 h2h4 c8c7 d1b1
4r2k/pp4p1/4B1bp/8/rP6/4RpP1/P4P1P/2R3K1 b - -,
r1b1kb1r/ppp1pppp/2n2n2/q7/P7/B1NB1N2/2PP1PPP/R2QK2R b KQkq -,c8f5 d3b5 e8a8 e1h1 e7e5 a3f8 h8f8 b5c6 b7c6 f3h4
8/5p2/p2k2p1/1p1P3p/1P2K2P/P7/6P1/8 b - -,
r2qk2r/1bppbppp/p1n5/1pnBP3/8/5N2/PPP1QPPP/RNB2RK1 b kq -,d7d6 f1d1 e8h8 c1e3 c5e6 c2c4 b5c4 e5d6 e7d6 e2c4
2r3k1/5p1p/p1N3pb/3P4/Pp2P1P1/1P5P/4qP1B/1Q4K1 b - -,
1r2r1k1/5pb1/1pq1p1p1/4P3/1BBp3Q/1R6/P4PP1/4R1K1 b - -,c6c4 b4d6 b8d8 b3h3 d8d6 e5d6 c4c6 h4h7 g8f8 h3f3
r5k1/pp1b2pp/2p1p3/3p4/1bPPPP1P/1PN3q1/P1Q1P3/3R1K1R b - -,g3f4 f1e1 f4e4 c2e4 b4c3 e1f2 d5e4 f2e3 c6c5 d4c5
3b4/8/4p1kp/Pp1qPp2/4pP2/2P1B3/4Q2P/6K1 b - -,d8a5 e2c2 g6f7 g1g2 a5d8 g2g3 d8e7 g3f2 f7e8 f2e1
r4rk1/ppp2ppp/6n1/1B1pP1q1/8/2B2K2/PPQ2P2/R6R b - -,d5d4 c3d2 g5e5 b5d3 c7c5 a1e1 e5d6 f3e2 a8c8 d3f5
rn2kb1r/p2p1ppp/b2Pp3/2p1B3/2p3n1/4PN2/Pq2NPPP/R2QKB1R b KQkq -,g4e5 a1b1 e5d3 d1d3 c4d3 b1b2 d3e2 f1e2 f8d6 h2h4
r1b1nrk1/2q1bpB1/p2pp2p/6PQ/4PP2/2pB3R/PPP4P/R5K1 b - -,c7c5 g1h1 e7g5 f4g5 c5g5 h5h6 g5h6 g7h6 f7f5 h6f8
r1b1r1k1/p4pp1/2pBp2p/8/5P1P/2NR4/PPP3n1/2K4R b - -,e6e5 d6e5 f7f6 e5f6 g2f4 d3f3 f4h5 f6d4 c6c5 f3e3
r3r1k1/1p1q1pbp/p1n3p1/3p1p2/3P4/1PNQ1N2/P1P2PPP/3RR1K1 b - -,e8e1 d1e1 a8c8 d3d2 c6b4 a2a3 b4c6 c3e2 d7d6 a3a4
r2qkb1r/ppp1pppp/2n2n2/3p4/3P1P2/3BPP2/PPP4P/RNBQK2R b KQkq -,e7e6 e1h1 g7g6 c2c4 c6e7 c4d5 f6d5 e3e4 d5b4 c1e3
6k1/2B3p1/3P1n1p/8/2p5/2N5/2b3PP/6K1 b - -,
4rk2/4b2Q/4p3/8/8/rBK5/5q1P/2N3R1 b - -,g8f8 g1f2 f8e8 f2e3 e8d7 e3d4 c2d3 c3a4 d7c6 a4b2
rnbq1rk1/ppp2pp1/3p1n1p/2b1P3/2Bp3B/5N2/PPP2PPP/RN1Q1RK1 b - -,d6d5 c4d3 g7g5 f3g5 h6g5 h4g5 b8d7 e5f6 d7f6 d1f3
2r3k1/1p3pp1/6q1/3pP1P1/8/pP6/P1r1R2P/K2RQ3 b - -,d6d5 c4d3 g7g5 f3g5 h6g5 h4g5 b8d7 e5f6 d7f6 d1f3
k1r3q1/p7/2pnN3/8/8/1Q6/8/KR6 b - -,g8f7 e6c5 f7f5 c5a4 d6b5 b1b2 c8d8 a1a2 a8b7 b3c4
rnbqk2r/ppp1ppbp/3p2p1/8/3P1P2/5NP1/PPP2PBP/RN1QK2R b KQkq -,c7c5 c2c3 d8b6 d1b3 c8e6 d4c5 b6c5 b3d1 c5b5 d1d2
k7/ppQ2p2/4b1p1/8/3b2nP/1P1q4/P5P1/2R2R1K b - -,c7c6 b1d2 b8d7 e1h1 e8h8 f1e1 d7f6 c2c3 a7a5 a2a4
8/2B5/6kp/3P2p1/2p3n1/2N3P1/2bK3P/8 b - -,
rnb1r1k1/pp3ppp/5q2/3p4/1b1p4/5N2/PPQ1NPPP/R1BK1B1R b - -,c8f5 c2b3 b8c6 e2g3 f5e4 f1b5 a8c8 c1d2 b4d2 g3e4
rnbqkb1r/pp3pp1/4pn1p/1Bpp2B1/3P4/2N1PN2/PPP2PPP/R2QK2R b KQkq -,b8d7 g5f6 d8f6 f3e5 c5d4 d1d4 f8d6 f2f4 d6e5 f4e5
r3kb1r/ppp1pppp/2nq1n2/3p4/3P1P2/3BPP2/PPP1Q2P/RNB1K2R b KQkq -,e7e6 a2a3 g7g6 b1c3 f8g7 c1d2 e8h8 e2f2 a7a5 c3e2
r1b1nrk1/2q1bpp1/p2pp2P/7Q/3BPP2/2pB3R/PPP4P/R5K1 b - -,c7c5 d4c5 g7g6 h3g3 c3b2 a1b1 d6c5 b1b2 c5c4 d3c4
2r5/4bpk1/b2p1p1p/p3pP2/1p2P1P1/6NR/PPR3BP/2K5 b - -,c8b8 g2f1 a6c8 c1b1 e7d8 f1b5 c8b7 c2d2 d8e7 b2b3
6k1/2Bn2p1/7p/3P1b2/2p5/2N5/1rP3PP/2R3K1 b - -,d7c5 c7d6 c5e4 c3d1 b2b5 d6a3 b5d5 d1e3 d5b5 e3f5
rnbq1rk1/ppp2pp1/5n1p/2b1N3/2Bp3B/8/PPP2PPP/RN1Q1RK1 b - -,b8d7 e5g4 d8e7 d1d3 e7e4 g4f6 d7f6 h4f6 e4d3 c4d3
6k1/2B3p1/3P1n1p/5b2/2p5/2N5/5KPP/8 b - -,f5c8 f2e3 c8b7 g2g3 g8f7 e3d4 f7e6 h2h4 b7g2 d4c4
r4rk1/1bq2pp1/pn3n1p/1pp1bN2/4P2B/2N2B1P/PPQ2PP1/R2R2K1 b - -,f8e8 c3d5 b6d5 e4d5 c7b6 a2a4 b5a4 a1a4 b7c8 d5d6
4rrk1/1p1b2pp/p7/2nP2R1/1qP2p1Q/2N1p3/1P4PP/1B3R1K b - -,e8e4 c3e4 d7f5 g5f5 f8f5 e4g3 g7g5 h4h5 b4c4 b1f5
r2qkbnr/pp2pppp/2p2n2/3p4/7P/3P1BP1/PPPNPP2/R1BQK2R b KQkq -,e7e6 e2e4 d8c7 e1h1 f8d6 d1e2 g8e7 d3d4 f6e4 d2e4
2r2k2/4b2Q/4p3/8/8/rB1K4/5q1P/2N3R1 b - -,e7e6 e2e4 d8c7 e1h1 f8d6 d1e2 g8e7 d3d4 f6e4 d2e4
8/2B5/6kp/3P2p1/2p3n1/2Nb2PP/3K4/8 b - -,g4f6 d2e3 d3e4 d5d6 e4f5 h3h4 f6h5 h4g5 h6g5 c3e2
rnb1kbnr/pp5p/8/4Pp2/8/8/PPP2K1P/RNBq1BNR b kq -,d1c1 b2b4 c1b2 b1a3 b2a3 f1e2 h7h5 g1f3 a3b4 a1b1
8/8/4k3/5Q2/5K2/8/4B3/8 b - -,d1c1 b2b4 c1b2 b1a3 b2a3 f1e2 h7h5 g1f3 a3b4 a1b1
1Q4k1/pp3p2/4r1pp/2qb4/4n3/2B3P1/PP3P1P/3R1BK1 b - -,e6e8 b8e8 c5f8 e8f8 g8f8 d1d5 a7a6 d5d7 e4c3 b2c3
8/2B2kp1/3P1n1p/5b2/2p5/2N1K3/6PP/8 b - -,
r2q1rk1/3npbbp/p2p2p1/4n1P1/1p2PN2/1P3P2/PBPQ4/1K1R1BNR b - -,g8h8 f4d5 f7d5 e4d5 a6a5 f3f4 a5a4 d2h2 h7h6 g5h6
8/1p1k4/1P3K2/8/5B2/8/8/8 b - -,
r1bqk2r/pppnppbp/5np1/8/2PP1B2/5N2/PP2BPPP/RN1Q1RK1 b kq -,e8h8 b1c3 b7b6 d1c2 f6h5 f4e3 c8b7 a1d1 e7e6 h2h3
8/2B5/5nkp/3P2p1/2p5/2NbK1PP/8/8 b - -,
r3R3/p5k1/2p5/1p2pb2/8/1KN3p1/PP6/7R b - -,a8e8 h1g1 g7f6 c3e2 a7a5 a2a4 g3g2 g1g2 e8h8 b3c3
8/2B2kp1/3P1n1p/8/2p1N3/3bK3/6PP/8 b - -,d3e4 d6d7 f6d7 e3e4 d7f6 e4d4 c4c3 c7a5 c3c2 a5d2
8/5k1p/4p1p1/8/3B4/6P1/r4PKP/8 b - -,a2a5 d4b6 a5b5 b6d8 e6e5 d8g5 f7e6 g5e3 b5b3 e3c5
rnbk1b1r/p4ppp/8/2p1P3/PPp5/5N2/5PPP/R1B1KB1R b KQ -,b8c6 f1c4 c6b4 e1e2 c8e6 h1d1 d8c8 c4e6 f7e6 c1e3
2k2b1r/pp2pppp/2N2n2/1q6/3r1B2/6P1/2Q1PPBP/2R3K1 b - -,b7c6 g2c6 d4c4 c6b5 c4c2 c1c2 c8b7 c2b2 b7b6 b5e8
8/2Bn1kp1/7p/3P4/2p5/2N5/2b2KPP/8 b - -,g7g5 f2e3 c2d3 g2g3 d3f1 h2h4 f7g6 e3d4 g6h5 h4g5
2r2k2/4b2Q/4p3/8/3K4/rB3q2/7P/2N3R1 b - -,g7g5 f2e3 c2d3 g2g3 d3f1 h2h4 f7g6 e3d4 g6h5 h4g5
8/8/1R1k4/r7/3P1K2/8/1P6/8 b - -,d6e7 f4e4 e7d7 e4d3 a5a4 d3c3 a4a1 c3c4 a1c1 c4b5
r2qr1k1/1p1n1ppp/2p2n2/p3p3/P2pP2P/3P2PB/1PPB1PQ1/R4RK1 b - -,d7c5 f2f4 f6d7 g2f2 c5a6 g3g4 a6b4 d2c1 b7b5 g4g5
8/5r1p/8/3k4/5PP1/R5K1/PP1r4/8 b - -,d2d4 a3a5 d5c6 b2b4 d4f4 a2a3 f4d4 a5g5 d4d5 g3h4
r1bq1rk1/pppN1pp1/5n1p/2b5/2Bp3B/8/PPP2PPP/RN1Q1RK1 b - -,g7g5 d7f6 d8f6 h4g3 f6g6 b1a3 c8f5 c4d3 c5a3 b2a3
r1b1R3/p4rk1/2p5/1p6/4Bp2/2N3p1/PP6/2KR4 b - -,g3g2 e4g2 f4f3 g2f1 f7f8 e8f8 g7f8 d1d6 b5b4 c3d1
r5k1/1p1q1pbp/p1n3p1/3p1p2/3Pr3/1PN2N2/P1PQ1PPP/3RR1K1 b - -,e4e7 e1e7 c6e7 h2h4 e7c6 c3e2 h7h5 e2f4 a8e8 c2c3
rnQ1R3/3p1pkp/p1q3p1/1p6/4B3/8/P1P2P1P/6K1 b - -,c6c8 e8c8 a8a7 c8b8 a7c7 b8b7 c7c4 e4d5 c4c2 b7d7
r1bqk2r/pp1nppbp/5np1/2pP4/2P2B2/5N2/PP2BPPP/RN1Q1RK1 b kq -,f6e4 d1c2 d7f6 h2h3 e8h8 e2d3 e4d6 b1c3 a7a6 f1e1
2r1r1k1/pp3pp1/3p3p/3Pn3/qP3N2/P1P2bP1/1Q3P1P/R1K2B1R b - -,f6e4 d1c2 d7f6 h2h3 e8h8 e2d3 e4d6 b1c3 a7a6 f1e1
r2qk2r/p1n1ppbp/bpn3p1/2p5/Q2P4/2N2NP1/PP2PPBP/R1B2RK1 b kq -,b6b5 a4c2 c5d4 c3e4 c6a5 e4c5 e8h8 c1f4 a6c8 a2a4
8/2BP1kp1/5n1p/8/2p1b3/4K3/6PP/8 b - -,f6g4 e3d2 e4g2 d7d8q f7g6 d8h4 g4h2 h4g3 g6f7 g3f4
8/1p1r1k2/pB1p2p1/7p/P1P2Pb1/1P4P1/3R3P/4K3 b - -,g4f5 e1d1 f7e6 b6d4 d7e7 d4b2 e7d7 d1c1 d6d5 c4c5
r4rk1/5pB1/6p1/p2P4/1p3QPP/8/2K5/qR3R2 b - -,a8c8 c2d2 a1g7 f1f3 f8d8 d5d6 c8c6 d2e2 d8d6 g4g5
8/1pB5/1Pk2K2/8/8/8/8/8 b - -,c6d7 f6f7 d7c8 c7b8 c8d7 f7g6 d7e7 g6h6 e7d8 b8e5
6k1/1p2r1p1/p4p1p/P2p3P/1R4P1/5K2/1P3P2/8 b - -,
rn2kb1r/p2p1ppp/b2Pp3/2p5/2p3n1/2N1PNB1/Pq3PPP/R2QKB1R b KQkq -,b2c3 f3d2 g4e5 f1e2 e5d3 e1f1 d3b2 d1e1 b8c6 h2h4
8/7k/4p2p/bp1qPp2/4pP2/2P1B3/2Q4P/6K1 b - -,h7g6 g1f2 a5d8 c2e2 d8e7 f2g2 d5b3 e2d2 b3c4 h2h3
r1b1r1k1/p4pp1/2pBp2p/8/5P2/2NR4/PPP3nP/2K3R1 b - -,g2h4 c3e4 h4g6 d3g3 e6e5 d6e5 e8e7 e4d6 c8e6 f4f5
rnR5/3p1pkp/p5p1/1p6/4B3/8/P1P2P1P/6K1 b - -,a8a7 c8b8 g7f6 f2f4 f6e7 b8b6 f7f5 e4d3 d7d6 g1f2
r3r1k1/1bq2pp1/pn3b1p/1ppN1N2/4P3/5B1P/PPQ2PP1/R2R2K1 b - -,c7e5 d5b6 a8d8 b6d7 e5b2 d7f6 b2f6 c2c5 b7e4 f3e4
8/2B2kp1/7p/1NnP4/2p5/8/2b2KPP/8 b - -,c2b3 c7a5 c5a4 b5d4 b3d1 f2e1 d1b3 e1e2 b3a2 d5d6
8/2B5/3P1nkp/6p1/2p1b3/2N1K1PP/8/8 b - -,
R7/p4rk1/2p5/1p6/5p2/2N4b/PPB3p1/2K3R1 b - -,a7a6 c3d1 f4f3 d1f2 h3e6 c1d2 a6a5 d2e3 e6d5 c2e4
r1bq1rk1/pppn1pp1/5n1p/2b5/2Bp2NB/8/PPP2PPP/RN1Q1RK1 b - -,d8e7 c4d3 e7d6 g4f6 d7f6 b1d2 f8e8 a2a3 d6c6 b2b4
4r1k1/5p1p/p1N3pb/3PB3/Pp2P1P1/1P5P/4qP2/1Q4K1 b - -,
r2q1rk1/1np2ppp/p3b3/np1pP3/8/1B2QN2/PPPN1PPP/R2R2K1 b - -,a5b3 a2b3 c7c5 d2e4 d8e7 e4g3 a6a5 e3f4 f7f6 d1e1
1R6/r2p1pkp/p5p1/1p6/4B3/8/P1P2P1P/6K1 b - -,a7c7 b8b7 c7c4 e4d5 c4c2 b7d7 c2d2 d7f7 g7h8 f7d7
rnbq1rk1/4ppbp/p2p1np1/1p6/P2NP3/2N1BP2/1PPQ2PP/R3KB1R b KQ -,
8/6pk/2p4r/1p3p2/1n1Pp3/4P1P1/1P1R1PB1/6K1 b - -,h6e6 g2h3 e6f6 h3g2 h7h6 g3g4 g7g6 f2f3 f5f4 f3e4
2qbrrk1/4n1p1/4p2p/1p1pP2P/pBnP1PQ1/P6R/1PN3K1/3N1R2 b - -,c4e5 d4e5 c8c2 f1f2 c2c6 h3c3 c6d7 f2c2 d5d4 c3g3
r1bq1rk1/p3ppbp/2pp2p1/8/2P1P1B1/2N1B3/PP3PPP/R2Q1RK1 b - -,d8a5 g4e2 a8b8 a1b1 g7c3 b2c3 b8b1 d1b1 c6c5 e3h6
r2qr1k1/3b1p2/2p3p1/3p4/3PP1np/3B2N1/2QN1PKP/1R2R3 b - -,h4g3 h2g3 d5e4 d3e4 d8f6 f2f3 g4h6 d4d5 c6d5 e4d5
rnb1kbnr/pp1q3p/8/4P1N1/5p2/8/PPP2K1P/RNB2B1R b kq -,d7d4 f2f3 d4d1 f3e4 d1g4 b1d2 b8c6 e4d3 g4g5 d2c4
r1n3k1/5rpp/2bpp1q1/B1p2p2/2P2P2/PP2P3/3Q2PP/R2R1BK1 b - -,c6f3 d1e1 f7b7 b3b4 f3c6 f1d3 h7h6 h2h3 b7a7 d2e2
r2q1rk1/1n3ppp/p3b3/npppP3/8/1BP1QN2/PP1N1PPP/R2R2K1 b - -,a8c8 b3c2 h7h6 d2e4 a5c4 e3c1 d8e7 e4f6 g8h8 f6d5
8/5kp1/7p/BNnP4/8/2p5/2b2KPP/8 b - -,c2b3 b5c3 c5a4 d5d6 f7e6 c3b5 b3c4 b5c7 e6d6 c7e8
8/1R6/8/8/8/2N5/k2K4/q7 b - -,c2b3 b5c3 c5a4 d5d6 f7e6 c3b5 b3c4 b5c7 e6d6 c7e8
r3r1k1/1bq2pp1/pn1N1b1p/1pp5/4P3/2N2B1P/PPQ2PP1/R2R2K1 b - -,a8b8 d6e8 b8e8 c3d5 b7d5 e4d5 c7d6 d1e1 e8d8 a1d1
rnbq1rk1/ppp2ppp/3bp3/3p4/2PPn3/2NBPN2/PP3PPP/R1BQ1RK1 b - -,e4c3 b2c3 d5c4 d3c4 c7c5 e3e4 c5d4 c3d4 b8c6 d1e2
6k1/1q1n1pb1/2p3Np/2Pp4/3p4/3QP2P/1r3PP1/1B3RK1 b - -,f7g6 d3g6 d7f8 g6d3 d4e3 f2e3 b7e7 g1h1 e7c5 e3e4
r1b1r1k1/p4pp1/2pBp2p/8/4NP1n/3R4/PPP4P/2K3R1 b - -,h4g6 d3g3 g8h8 d6e5 e8g8 e4d6 g6e5 f4e5 h8h7 b2b3
2nrqr1k/1p4np/p1p2p1Q/8/PP1PPp2/1B5R/6PP/5RK1 b - -,g7h5 f1f4 e8d7 h3h5 d7d4 f4f2 d4a1 f2f1 a1d4 g1h1
r2q1rk1/ppp3pp/1bn5/3pPp2/3Pn1b1/1QN2N2/PP2BPPP/R1B2RK1 b - -,g8h8 b3d1 g4f3 g2f3 e4g5 f3f4 g5e6 e2f3 d8h4 f3d5
r3r1k1/pp3ppp/2n2q2/b5N1/3pp3/PQ6/1P3PPP/R1BK1B1R b - -,d4d3 b3f7 f6f7 g5f7 g8f7 b2b4 a5b6 f2f3 c6e5 f3e4
8/2B5/3P1nkp/5bp1/2p4P/2N1K1P1/8/8 b - -,
r3n3/p4k2/1p2p2R/1B1pP1P1/5P2/1P6/P7/2K5 b - -,a8c8 c1d2 e8g7 b5d3 f7g8 d3g6 c8f8 g6h7 g8f7 d2e3
r1rq2k1/pp3pp1/4p2p/PbR5/3PNP2/6P1/3Q1P1P/R5K1 b - -,b5c6 e4c3 c6e8 c5e5 c8c4 c3e2 e8c6 d2d3 c4b4 f4f5
rnbqkb1r/pp2pppp/2p5/3pP3/4n2Q/3P4/PPP2PPP/RNB1KBNR b KQkq -,e4c5 d3d4 c5e6 g1f3 g7g6 b1d2 h7h5 c2c3 a7a5 f1d3
r1bqk2r/ppp2ppp/2n5/3N4/1bPp4/4P3/PPQB1PPP/R3KB1R b KQkq -,b4d2 c2d2 e8h8 f1e2 f8e8 e1a1 c8e6 e3e4 f7f5 e2f3
2nr1r1k/1p4np/p1p2p1Q/8/PP1PqR2/1B5R/6PP/6K1 b - -,e4e1 f4f1 e1e4 h3h4 e4d3 b3c4 d3c2 c4a2 f8g8 f1c1
1q5k/1r4p1/7p/5Q2/8/8/5PPP/3RR2K b - -,e4e1 f4f1 e1e4 h3h4 e4d3 b3c4 d3c2 c4a2 f8g8 f1c1
1r2r1k1/pb2qppn/1p1n4/2P5/4P1P1/1P5B/PBQ4P/2RNR1K1 b - -,d6b5 h3g2 e7c5 c2c5 b6c5 c1c5 a7a6 a2a4 b5a7 g2f1
8/R7/8/8/8/k1N5/3K4/q7 b - -,d6b5 h3g2 e7c5 c2c5 b6c5 c1c5 a7a6 a2a4 b5a7 g2f1
r1n3k1/r5pp/2bpp1q1/2p2p2/2P2P2/PPB1P3/3Q2PP/R2R1BK1 b - -,d6d5 a3a4 c8d6 d2e1 a7b7 a1a3 h7h6 a4a5 g8h7 c3a1
8/5r1p/8/R2k4/5PP1/6K1/Pr6/8 b - -,d5e6 a5a6 e6e7 a2a3 e7f8 a6a4 b2b1 g4g5 f8e7 a4e4
r1bqr1k1/pp2b1p1/2p3p1/3pBp1n/3P4/2NBPP1P/PP3QP1/R4RK1 b - -,e7h4 f2d2 h5g3 f1c1 a7a5 a2a3 a5a4 d3c2 b7b5 g1h2
r1b1R3/p4rk1/2p5/1p6/5p2/2N3p1/PPB5/2K3R1 b - -,a7a5 g1h1 c8h3 e8a8 g3g2 h1g1 f4f3 c2e4 a5a4 c3d1
2nr1r1k/1p4np/p1p2p1Q/8/PP1P4/1B5R/6PP/1q3RK1 b - -,b1e4 h3h4 e4d3 b3c4 d3c2 c4a2 f8g8 f1c1 c2g2 g1g2
8/8/3k3p/1p4p1/1P1K4/5P1P/8/8 b - -,
8/2B5/3P2kp/5bPn/2p5/2N1K1P1/8/8 b - -,
2qbrrk1/4n1p1/4p2p/1p1pP2P/pBnP1Pp1/P5R1/1PN1Q1K1/3N1R2 b - -,d8a5 e2g4 e7f5 b4f8 e8f8 d1e3 f5g3 g4g3 a5d2 f4f5
r1bq2n1/pp1pk2Q/2p2pp1/2b1p3/2BnP3/2N5/PPPP1PPP/R1B2RK1 b - -,e7d6 c4g8 d6c7 d2d3 d4c2 a1b1 b7b6 g8c4 g6g5 c1d2
r2qk2r/p1n1ppbp/b1n3p1/1pp5/3P4/2N2NP1/PPQ1PPBP/R1B2RK1 b kq -,c5d4 c3e4 c6a5 e4c5 e8h8 c1f4 a6c8 f4e5 c8f5 c2c1
r1b5/p4rk1/2p5/1p2R3/5p2/2N3p1/PPB5/2KR4 b - -,c8h3 e5g5 g7f8 c2g6 f7f6 d1h1 f8e7 h1h3 a8g8 h3h6
2b2r2/7k/2pR2p1/1p2p1qp/p3p3/P1P1P2P/1P1Q2P1/1B4K1 b - -,g5h4 b1c2 c8h3 c2e4 h4e4 g2h3 f8f3 d6d8 e4e3 d2e3
2r3k1/5p1p/p5pb/3PN3/Pp2P1P1/1P5q/4KP1B/1Q2R3 b - -,
6k1/1p2r1p1/p4p1p/P2p3P/1R6/5KP1/1P3P2/8 b - -,d5d4 b4d4 e7e5 d4d7 e5h5 d7b7 h5a5 b7a7 g8h7 b2b4
8/3nNpp1/p5k1/8/2p5/4P2P/PP3PP1/4K3 b - -,g6f6 e7d5 f6e5 d5c3 d7c5 e1d2 f7f5 f2f3 e5d6 e3e4
r2qk2r/1bpnbppp/pp6/4pP2/4P1n1/2NB1N2/PPPQ2PP/2KR2BR b kq -,e8h8 d2e2 b6b5 h2h3 g4f6 g2g4 h7h6 f3d2 e7b4 c3b1
6k1/1q1n2b1/2p3Qp/2Pp4/3p4/4P2P/1r3PP1/1B3RK1 b - -,d7f8 g6f5 d4e3 f2e3 b2b3 b1d3 b7d7 h3h4 d7f5 d3f5
r4rk1/ppp3p1/3bNp1p/n3p2Q/2qP2PP/4BK2/P4P2/R6R b - -,c4e6 f3g2 a5c6 a1d1 e6d5 g2g1 c6e7 e3h6 g7h6 f2f4
1r1qr1k1/5pbp/p4np1/2NP4/1p6/5Q1P/PP3BP1/R3R1K1 b - -,
r1bqk1nr/pp1p1pbp/2n1p1p1/2p5/4P3/3PB1P1/PPPQNPBP/R3K1NR b KQkq -,d8b6 c2c3 d7d5 e4d5 e6d5 d3d4 c5d4 e2d4 c6d4 g1e2
2nr1r1k/1p4np/p1p2p1Q/8/PP1P3R/8/B1q3PP/5RK1 b - -,d8d4 a2b1 d4h4 h6h4 g7f5 h4h3 c2e2 b1f5 e2e7 f5c8
rnbqk2r/ppp2pbp/5pp1/8/2BP3P/4P3/PP3PP1/RN1QK1NR b KQkq -,c7c5 g1f3 e8h8 b1c3 c8g4 d4c5 b8d7 d1a4 d7c5 a4b4
8/8/3k4/1p4pp/1P2K3/5P1P/8/8 b - -,
8/2B5/3P2k1/5bpn/2p5/2N3P1/5K2/8 b - -,
3k4/1p1r2p1/pR3p1p/P6P/1P4P1/3p4/3K1P2/8 b - -,d8c7 b6e6 c7c8 e6e4 c8c7 e4c4 c7b8 f2f3 d7d5 c4c3
r1bq2n1/pp1p4/2pk1pQ1/2b1p3/2BnP3/2N5/PPPP1PPP/R1B2RK1 b - -,b7b5 g6g8 d8e7 c4b3 a7a5 d2d3 a5a4 c1e3 d6c7 e3d4
r2q1rk1/1bpnbppp/pp6/4pP2/4P1n1/2NB1N1P/PPPQ2P1/2KR2BR b - -,g4f2 g1f2 b6b5 h1e1 e7b4 a2a3 b4d6 d2g5 f7f6 g5h4
rnb1kbnr/3q3p/8/pB2P1N1/5p2/N7/PPP2K1P/R1B4R b kq -,b8c6 c1f4 f8a3 a1d1 a3c5 f2e1 d7b7 a2a4 c8f5 e5e6
N1bk1bnr/pp1p1ppp/3P4/4q1Q1/8/8/PPP1n2P/R1B2K1R b - -,e5g5 c1g5 f7f6 g5e3 f8d6 f1e2 b7b6 h1d1 d6h2 a2a4
1k6/1P3p2/2Bp2p1/3P2n1/4b3/8/8/2K1R3 b - -,b8c7 e1e3 g5f3 e3e4 f3e5 e4e5 d6e5 d5d6 c7d6 b7b8q
r1bqk2r/ppp2ppp/2n5/3N4/2Pp4/4P3/PP1Q1PPP/R3KB1R b KQkq -,e8h8 f1e2 f8e8 e1a1 c8e6 e3e4 f7f5 d2f4 f5e4 d5c7
r2qk2r/p1n1ppbp/b5p1/1pp5/3N4/2N3P1/PPQ1PPBP/R1B2RK1 b kq -,c5d4 g2c6 e8f8 c6a8 d8a8 c3e4 c7e6 c1d2 a8d5 a1c1
rnbqk1nr/pppp1pbp/4p1p1/8/PP1PP3/8/2P2PPP/RNBQKBNR b KQkq -,g8f6 f1d3 d7d6 g1f3 e8h8 e1h1 a7a5 b4b5 b8d7 b1c3
r1b5/p4r2/2p2k2/1pR5/5p2/2N3p1/PPB5/2KR4 b - -,c8e6 d1e1 e6c4 c5c6 f6g7 c6g6 g7f8 b2b3 f4f3 b3c4
3r1r2/pp4k1/2p2p1p/P3PRnQ/1P1q4/8/2B3P1/5R1K b - -,f8f7 f5f6 f7f6 e5f6 d4f6 f1f6 g7f6 h5h6 f6f7 h6g5
r3br1k/1p2q1pp/2pb4/p2np3/3PQ1P1/PB3PNP/1P1B4/1K1R3R b - -,e5d4 g3f5 e8g6 f5e7 d5e7 b3c2 g6e4 c2e4 e7g6 h1f1
8/8/4k3/1p4pp/1P2KP2/7P/8/8 b - -,
r1b2rk1/p1q2ppp/1p2pn2/2P1N3/2P5/4Q3/PPB2PPP/2KR3R b - -,a8b8 c5c6 b6b5 c4c5 f6d5 e3e4 d5f6 e4d4 f6d5 h1e1
r1bqr1k1/b1p1npp1/3p1n1p/pP1Pp3/2P1P3/1B3N1P/1P3PP1/RNBQR1K1 b - -,g8h7 d1d2 e7g6 d2e2 h7g8 e2f1 g6f4 c1e3 a7e3 f2e3
r1b2rk1/2q1b1n1/p2pppQ1/8/3BPP2/2pB3R/PPP4P/R5K1 b - -,c3b2 a1b1 e7d8 e4e5 f6f5 e5d6 d8f6 g6h7 g8f7 d4f6
7k/pp4pp/6b1/8/1r5P/5BP1/P4P2/4R1K1 b - -,h7h6 e1e7 b7b5 h4h5 g6c2 f3d5 g7g5 h5g6 c2g6 e7a7
2r4k/3b2p1/p2P1p1p/7P/P3R1P1/2r5/2BR4/2K5 b - -,c3c4 e4e7 c8d8 c1b2 a6a5 c2d1 h8h7 b2a3 c4c3 a3a2
2r3k1/5p1p/p1N3pb/3P4/Pp2P1P1/1P6/4KP1q/1Q2R3 b - -,h2h4 b1d3 h4g4 d3f3 g4d7 e4e5 c8e8 a4a5 h6g5 e1d1
8/4Rn2/8/2pk3p/1p5P/1Pb1NKP1/P2p4/8 b - -,d5c6 e7f7 c6d6 f7f5 c3d4 e3d1 d4h8 f5g5 h8f6 g5h5
5k2/1rNK1p2/6p1/5p1p/7P/6P1/4RP2/8 b - -,b7b3 e2e3 b3b1 c7d5 b1d1 d7c6 d1c1 c6d6 c1a1 f2f4
r1b1r3/p4ppk/2p1p2p/4B3/4NP1n/3R4/PPP4P/2K3R1 b - -,h4g6 d3g3 c8d7 e4d6 e8g8 d6f7 g6e5 f7e5 d7e8 g3b3
r2q1rk1/3nppbp/p1npb1p1/3N3P/1p2P1P1/1P3P2/PBPQ4/1K1R1BNR b - -,g7e5 h5g6 f7g6 g1h3 e5b2 h3g5 b2e5 g5e6 d8a5 f3f4
r4r1k/1p2q1pp/2pb2b1/p2npN2/3PQ1P1/PB3P1P/1P1B4/1K1R3R b - -,e7f6 b3c2 e5d4 h3h4 f8e8 d2g5 f6f8 e4d4 h7h6 g5c1
8/8/4k3/1p5p/1P3K2/7P/8/8 b - -,
r3r1k1/pp3ppp/5n2/1Npp4/2P5/P2Q2Pb/1P1P1P1P/R1B1qBKR b - -,e6d5 f4g5 d5c4 g5h5 c4b4 h3h4 b4a3 h5g4 b5b4 h4h5
8/2B2k2/3P4/3N1bpn/2p5/6P1/5K2/8 b - -,
3r4/4kp1p/2Q1NRb1/4P3/2PP2Pb/8/PP5P/R5K1 b - -,f7e8 c7a5 e8d7 a5b4 f5e6 g3g4 e6g4 d5b6 d7c6 b6c4
r1b1kb1r/ppq2ppp/2n1pn2/2p5/2N5/3P1NP1/PPQ1PPBP/R1B1K2R b KQkq -,c7d8 e1h1 f8e7 d3d4 c5d4 f1d1 e8h8 c1f4 b7b5 c4e5
8/8/1p1k3p/6p1/1P1K3P/5P2/8/8 b - -,g5h4 d4e3 d6e5 e3f2 b6b5 f2g2 e5f4 g2h2 f4f3 h2h3
8/R7/8/8/8/8/k2K4/q2N4 b - -,d6c6 h4g5 h6g5 d4e5 c6b5 e5f5 b5b4 f5g5 b4c5 f3f4
rnbqk2r/ppppnpbp/4p1p1/P7/1P1PP3/8/2P2PPP/RNBQKBNR b KQkq -,e8h8 g1f3 d7d6 c2c3 e6e5 d4e5 b8c6 c1f4 c6e5 f3e5
8/5kp1/7p/B2P4/8/2nK4/6PP/8 b - -,c3b1 a5b4 f7f6 d3d4 h6h5 d5d6 f6e6 d4c5 h5h4 c5c6
rnbqkb1r/pp2pppp/2p5/2npP3/3P3Q/8/PPP2PPP/RNB1KBNR b KQkq -,c5e6 g1f3 g7g6 b1d2 h7h5 c2c3 a7a5 f1e2 c6c5 e1h1
r3r1k1/pp3ppp/8/1Npp4/2P3n1/P5Pb/1P1PQP1P/R1B1qBKR b - -,c5e6 g1f3 g7g6 b1d2 h7h5 c2c3 a7a5 f1e2 c6c5 e1h1
r2q1rk1/1bp1bpp1/pp6/2n1pPN1/2B1Pn1P/2N1B3/PPPQ4/2KR3R b - -,c5e4 g5e4 d8d2 d1d2 e7b4 e3f4 b4c3 b2c3 e5f4 c4d5
r3kb1r/p2p1p1p/b1nPpp2/q1p5/2p5/2N1PN2/P3BPPP/1R1Q1RK1 b kq -,a5c3 f3d2 f6f5 e2f3 a8c8 d1a4 c3a5 f3c6 a5a4 c6a4
r2qk2r/p1n1ppbp/b5p1/1p1N4/3p4/6P1/PPQ1PPBP/R1B2RK1 b kq -,c7d5 c2c6 e8f8 c6a6 e7e6 a6b5 h7h5 f1d1 h5h4 e2e4
r4r1k/1p2N1pp/2pb2b1/p2n4/3pQ1P1/PB3P1P/1P1B4/1K1R3R b - -,d5e7 b3c2 g6e4 c2e4 e7g6 h1f1 g6e5 d1c1 d6c7 h3h4
r1b2rk1/2q1b1n1/p2pppQ1/8/3BPP2/3B3R/PpP4P/1R4K1 b - -,a8a7 e4e5 f6f5 d3e2 e7h4 h3h4 f8f7 g6h7 g8f8 h7h8
5r1k/p1p3pp/2Q5/8/1q6/2N2N2/PP3PPP/4R2K b - -,h7h6 e1e8 b4f4 c3d5 f4f7 e8e1 f8d8 d5e3 h8g8 c6c4
r1b1r3/p4pBk/2p1p2p/5n2/4NP2/3R4/PPP4P/2K3R1 b - -,f5g7 e4f6 h7h8 d3g3 e6e5 f6e8 c8f5 e8g7 e5f4 g7f5
r2qkb1r/pp1bpppp/n4n2/1N1p4/3Q1B2/4PN2/PPP2PPP/R3KB1R b KQkq -,h7h6 c2c3 e7e6 b5d6 f8d6 f4d6 d8b6 d6a3 a6b8 f1d3
8/R7/8/8/8/2N5/3K4/qk6 b - -,h7h6 c2c3 e7e6 b5d6 f8d6 f4d6 d8b6 d6a3 a6b8 f1d3
5k2/6pp/8/8/8/8/P4KPP/8 b - -,f8e7 f2f3 e7e6 a2a4 e6f6 a4a5 f6g5 a5a6 h7h6 f3e4
r1bqk2r/ppppnpbp/2n1p1p1/P7/1P1PP3/2P5/5PPP/RNBQKBNR b KQkq -,a7a6 f1d3 e8h8 b1d2 f7f5 f2f4 f5e4 d2e4 e7d5 g2g3
4r1k1/5p1p/p1N3pb/3P4/Pp2P1P1/1P1Q4/4KP1q/4R3 b - -,h2g2 e4e5 g2g4 d3f3 g4d7 a4a5 h6g5 e1d1 h7h5 e2f1
4k3/8/3P4/B2N1bpn/2p5/6P1/5K2/8 b - -,
8/8/8/4K1p1/8/7Q/1p1q4/2k5 b - -,e8d7 a5b4 f5e6 g3g4 e6g4 d5b6 d7c6 b6c4 g4e6 c4e5
8/5pk1/r4p2/p3pP2/4P2P/R2PK3/P7/8 b - -,a6a7 a3c3 g7h6 c3c6 h6g7 a2a4 a7a8 c6c5 g7h6 c5c7
r1bqk2r/ppp2ppp/2n5/3p4/1bP5/P1N1P3/1PQ2PPP/R1B1KB1R b KQkq -,b4d6 c4d5 c6e7 f1e2 e8h8 e1h1 c8d7 f1d1 a8c8 f2f4
8/1p4p1/p2k1p1p/P6P/1P4P1/3K4/5P2/8 b - -,d6c7 d3c4 c7c6 b4b5 c6d6 b5b6 d6e6 c4d4 e6e7 d4e4
8/5k1p/4p3/8/3B2p1/6P1/r4PKP/8 b - -,a2e2 d4a7 e2a2 a7e3 e6e5 g2g1 a2e2 e3b6 e2c2 b6d8
r2qk2r/pbpp1ppp/1pn2n2/2b1p3/1PP1P3/P1N3P1/3P1PBP/R1BQK1NR b KQkq -,c5d4 g1e2 h7h5 h2h4 f6g4 e2d4 c6d4 d2d3 a7a5 a1b1
8/5kp1/7p/3P4/8/2BbK3/6PP/8 b - -,
r4rk1/ppp3p1/3bq2p/n5PQ/3p4/4B3/P3KP2/R6R b - -,d3c2 c3d2 g7g6 e3f4 f7f6 d2c3 f6f7 h2h4 h6h5 g2g4
r1b1kb1r/p1q2ppp/2n1pn2/1pp5/2N2B2/3P1NP1/PPQ1PPBP/R3K2R b KQkq -,c7b7 c4d6 f8d6 f4d6 f6d7 c2c3 e6e5 d6c5 b7c7 e1h1
8/5pk1/r4p2/4pP2/p3P2P/2RPK3/P7/8 b - -,a6a7 a2a3 g7h6 c3c6 h6g7 e3d2 a7a5 c6c7 a5a6 h4h5
r1bqr1k1/b1p1np2/3p1n1p/pP1Pp1p1/B1P1P3/5N1P/1P3PP1/RNBQR1K1 b - -,a7b6 c1e3 e7g6 c4c5 d6c5 b1d2 g5g4 h3g4 f6g4 d2c4
r2q1rk1/3nppbp/p2pb1p1/4n2P/1N2P1P1/1P3P2/PBPQ4/1K1R1BNR b - -,d8c8 g4g5 a6a5 b4d5 e6d5 e4d5 a5a4 h5g6 f7g6 f1h3
r2q1rk1/1bpnbppp/pp3n2/4pP2/4P1P1/2NB1N1P/PPPQ4/2KR2BR b - -,f6e8 g4g5 e7b4 h3h4 e8d6 a2a3 b4c3 d2c3 d8e7 f5f6
2b2rk1/p3ppbp/2p2np1/q2P4/8/2N1BP2/PKPQ2PP/3R1B1R b - -,a5b4 b2a1 f6e4 f3e4 g7c3 d2c3 b4c3 a1b1 c3e3 f1c4
1r2r1k1/pb2qpp1/1p1n4/2P3n1/4P1P1/1P6/PBQ3BP/2RNR1K1 b - -,b8c8 c5d6 e7d6 c2e2 c8c1 b2c1 e8e4 g2e4 g5e4 e2f3
rnbqkbnr/pp2pppp/3p4/2p3B1/2PP4/8/PP2PPPP/RN1QKBNR b KQkq -,c5d4 d1d4 b8c6 d4d3 g7g6 g1f3 f8g7 b1c3 g8f6 e2e4
r4rk1/pp1b2pp/2p3q1/3pp2P/1bPPpB2/1PN2PP1/P1Q1P3/3R1K1R b - -,d7h3 h1h3 g6e6 h3h2 e5f4 g3g4 a8e8 h2f2 g7g6 h5g6
3K1R2/4P1k1/8/8/8/8/r7/8 b - -,a2d2 d8c7 d2c2 c7d7 c2d2 d7c6 d2c2 c6d5 c2d2 d5c4
r2qk2r/p3ppbp/b1Q3p1/1p1n4/3p4/6P1/PP2PPBP/R1B2RK1 b kq -,e8f8 c6a6 e7e6 a6b5 h7h5 g2d5 d8d5 b5d5 e6d5 c1g5
8/8/8/4K1p1/8/8/3q4/1qk2Q2 b - -,e8f8 c6a6 e7e6 a6b5 h7h5 g2d5 d8d5 b5d5 e6d5 c1g5
rnbqkbnr/ppp5/5p2/3pP1pp/8/6BP/PPP1PPP1/RN1QKBNR b KQkq -,c8f5 e2e3 b8c6 b1c3 f8b4 g1f3 d8d7 d1d2 e8a8 e1a1
8/5kp1/3P3p/8/2b5/2B1K3/6PP/8 b - -,
8/7p/4p3/2B5/4k1p1/r5P1/5PKP/8 b - -,a3c3 c5b6 e4d5 b6d8 e6e5 d8g5 d5e4 g5d2 c3a3 d2c1
rn1qk2r/pb3ppp/3bpn2/2pp4/2P5/1P1BPN2/PB3PPP/RN1Q1RK1 b kq -,h7h6 f1e1 e8h8 b1d2 f8e8 a1c1 b8c6 c4d5 e6d5 h2h3
2r1r1k1/pp3pp1/3p3p/3P4/qP3Nb1/P1P2nP1/1Q3P1P/R1K2B1R b - -,h7h6 f1e1 e8h8 b1d2 f8e8 a1c1 b8c6 c4d5 e6d5 h2h3
r1bqk2r/ppp1npbp/2n1p1p1/P2pP3/1P1P4/2P5/5PPP/RNBQKBNR b KQkq -,e7f5 h2h4 f5h4 b1d2 b7b6 d2b3 h7h5 g2g3 h4f5 f1d3
2K2k2/r1N2p2/6p1/5p1p/7P/6P1/4RP2/8 b - -,a7a4 c7d5 a4d4 d5f4 d4a4 c8c7 a4a7 c7b6 a7a3 e2c2
r2q1rk1/1n3ppp/p3b3/1pppP3/8/1PP1QN2/1P1N1PPP/R2R2K1 b - -,d8c7 b3b4 a6a5 b4c5 b7c5 f3d4 e6d7 b2b4 c5e4 d2e4
r1bb1rk1/2q3n1/p2pppQ1/4P3/3B1P2/3B3R/PpP4P/1R4K1 b - -,f6f5 e5d6 d8f6 g6h7 g8f7 d4f6 c7a7 g1f1 f7e8 f6g7
8/3nNpp1/p6k/8/2p5/4P2P/PP1K1PP1/8 b - -,d7e5 e7f5 h6g6 f5d6 e5d3 d6c4 d3f2 c4d6 f2h1 d2e2
rnbqkbnr/pp2pp1p/3p2p1/2p3B1/2PP4/2N5/PP2PPPP/R2QKBNR b KQkq -,h7h6 g5e3 c5d4 e3d4 e7e5 d4e3 g8f6 e3d2 c8f5 e2e3
1rq2n2/k2nb3/2p1p1p1/p1PpPpP1/3P1P2/4KB2/PBQN4/1R6 b - -,b8b7 c2a4 a7a8 d2b3 b7a7 b2c3 d7b8 b1h1 c8e8 f3e2
8/B6p/4p3/8/4k1p1/1r4P1/5PKP/8 b - -,e4d5 g2g1 h7h6 g1h1 e6e5 h1g2 b3a3 a7b8 a3c3 b8a7
8/4k1pp/8/8/8/4K3/P5PP/8 b - -,e7e6 e3f4 e6f6 a2a4 f6e6 f4e4 e6d7 e4e5 d7c6 h2h4
2R3n1/2k3P1/4p3/p2pP3/5P2/1P1B4/P2K4/8 b - -,c7c8 d3h7 g8h6 g7g8q h6g8 h7g8 c8d7 d2d3 d7e7 d3d4
8/3k4/3P4/3N1bpn/1Bp5/6P1/5K2/8 b - -,
r3kb1r/pp1q1pp1/2nPb2p/1BQ5/8/2N2N2/PPP2PPP/2KR3R b kq -,e8a8 c3e4 f7f6 h1e1 e6f5 b5c6 b7c6 f3d4 f5e4 e1e4
2r3k1/1p3pp1/2q1p1P1/3p4/p1rP4/8/PP1QR2P/1K1R4 b - -,f7g6 a2a3 c8f8 e2g2 f8f6 d1g1 c6e8 d2e3 b7b5 h2h4
4k3/8/5K2/4PR2/8/r4p2/8/8 b - -,
r2qr1k1/pp3ppp/5n2/1Npp4/2P3b1/PQ1p1BP1/1P1P1P1P/R1BK3R b - -,a3e3 e5e6 f3f2 f5f2 e3e1 f2h2 e1f1 f6e5 f1e1 e5f6
8/8/8/4K1p1/2Q5/8/8/1qkq4 b - -,a3e3 e5e6 f3f2 f5f2 e3e1 f2h2 e1f1 f6e5 f1e1 e5f6
8/1p2rk2/pB1p2p1/7p/P1P2Pb1/1P4P1/3R1K1P/8 b - -,f7e8 d2d6 e7e2 f2f1 e2h2 b6f2 h2h1 f2g1 h5h4 f1g2
2rq1rk1/1b3ppp/p4n2/1pp1b3/4P3/P1NBB2P/1PQ2PP1/3R1RK1 b - -,d8e7 c3d5 b7d5 e4d5 c5c4 d3f5 c8d8 f1e1 e7c7 g2g3
7k/4R3/6p1/6rp/6P1/6KP/5P2/8 b - -,h5g4 h3g4 h8g8 g3f4 g5d5 e7a7 d5b5 f2f3 b5c5 a7b7
r1bqk2r/ppp2ppp/2n5/3p4/2P5/P1Q1P3/1P3PPP/R1B1KB1R b KQkq -,e8h8 c4d5 d8d5 f2f3 c8e6 b2b4 f8d8 f1e2 c6e5 e1h1
r2qr1k1/3b1p2/2p3p1/3p4/3PP1n1/3B2P1/2QN1PK1/1R2R3 b - -,c6c5 d4c5 d7a4 c2c3 d5d4 c3b2 g4e5 d3e2 a4c6 f2f4
2k3n1/6PB/4p3/p2pP3/5P2/1P6/P2K4/8 b - -,g8e7 g7g8q e7g8 h7g8 c8d7 d2d3 d7e7 d3d4 e7d7 d4c5
r1b2rk1/p4ppp/1p2pn2/2q1N3/2PR4/4Q3/PPB2PPP/2K4R b - -,a8b8 b2b4 c5b4 e5c6 b4c5 c6b8 e6e5 d4d2 c5c7 h1e1
4r1k1/5p1p/p1N3pb/3PP3/Pp4P1/1P1Q4/4KPq1/4R3 b - -,g2g4 d3f3 g4c8 e2f1 c8d7 e1e2 h6g7 a4a5 h7h6 e2e3
r1bqkb1r/pp1n2pp/2n1pp2/2ppP3/5P2/2NP1NP1/PPP3BP/R1BQK2R b KQkq -,d5d4 c3e4 f6f5 e4f2 f8e7 c2c3 e8h8 e1h1 a8b8 a2a4
8/8/8/4K1p1/8/8/2Q5/2kq4 b - -,d5d4 c3e4 f6f5 e4f2 f8e7 c2c3 e8h8 e1h1 a8b8 a2a4
r1bR4/p4k2/2p5/1p6/4K3/8/PP4R1/8 b - -,c8f5 e4f5 a8d8 f5e5 d8d5 e5e4 a7a6 b2b4 f7e6 g2g6
r1bqkbnr/ppp5/2n2P2/3p2pp/8/6BP/PPP1PPP1/RN1QKBNR b KQkq -,g8f6 b1d2 h5h4 g3h2 g5g4 e2e3 g4g3 f2g3 f8d6 g1e2
r1b1kbnr/ppp2ppp/2np4/3N4/3PPpq1/5N2/PPP1K1PP/R1BQ1B1R b kq -,e8d8 h2h3 g4g6 d5f4 g6e4 e2f2 h7h6 f1d3 e4e8 h1e1
r1bq1rk1/bppp1ppp/p1n2n2/4p3/1PB1P3/2PP1N2/P4PPP/RNBQR1K1 b - -,d7d6 a2a4 h7h6 h2h3 c8e6 c4e6 f7e6 c1e3 d8e8 b1d2
r1bqr1k1/pp3pbp/2pp2p1/3P4/2B1PP2/2P1p1NP/PP4P1/R2Q1RK1 b - -,b7b5 c4b3 c6c5 d1f3 a7a5 a2a3 a8b8 f1e1 a5a4 b3c2
8/2B2kp1/3P3p/1Nn5/2p5/8/2b3PP/6K1 b - -,c2d3 g1f2 f7e6 f2e3 e6d5 c7a5 d3f5 a5b4 c5d3 b5c3
1r4k1/4bppp/1P6/8/4N3/3rP3/2p2PPP/R1R3K1 b - -,f7f5 c1c2 f5e4 g2g3 b8b6 a1a4 e7f6 g1g2 b6b1 a4e4
8/3k4/3Pb3/3N2pn/1Bp3P1/8/5K2/8 b - -,
8/2B2kp1/3P1n1p/8/2p5/2N5/2b2KPP/8 b - -,f7e6 f2e3 f6e8 e3d4 e8d6 c7d6 e6d6 c3b5 d6e6 b5a3
4r1k1/5p1p/p1N3pb/3PP3/Pp4q1/1P3Q2/4KP2/4R3 b - -,g4d7 a4a5 h6g7 e2f1 h7h6 e1e3 g8h7 f3e4 e8c8 e3f3
r1n3k1/r5pp/2bpp1q1/B1p2p2/1PP2P2/P3P3/3Q2PP/R2R1BK1 b - -,c6a4 d1e1 a4c6 f1d3 c8e7 e1e2 e6e5 e2f2 g6e6 a1b1
6k1/1p3p2/pb2pp2/5r1p/1PP5/7P/1B1R1PP1/6K1 b - -,f5f4 c4c5 b6c7 b4b5 f4e4 g1f1 a6b5 b2f6 c7a5 d2d1
2r3k1/1p4p1/2q1p1p1/3p4/p1rP4/8/PP2R2P/1K1RQ3 b - -,a4a3 e2e6 c6d7 e6b6 c8e8 e1f1 a3b2 b6b2 e8e4 a2a3
r3br1k/1p2q1pp/3b4/p2Qp3/3P2P1/P1B2PNP/1P6/1K1R3R b - -,e8c6 d4e5 c6d5 e5d6 e7f7 h1e1 d5f3 d1d4 f8e8 d6d7
8/6pp/3k4/8/3K4/8/P5PP/8 b - -,g7g5 d4e4 h7h5 e4f5 h5h4 a2a4 d6c5 a4a5 h4h3 g2g3
r3kb1r/p2p1p1p/b1nPpp2/q1p5/2B5/4PN2/P4PPP/2RQ1RK1 b kq -,a6c4 c1c4 a8b8 d1d3 a5a6 f1c1 b8b4 f3d2 b4c4 d3c4
r1b1k2r/1pppqppp/2n5/p1b1N3/2P2B2/PQN1P3/1P3PPP/R3KB1R b KQkq -,c6e5 c3d5 e7d6 b3c3 f7f6 a1d1 e8h8 b2b4 a5b4 a3b4
8/2B3p1/3Pkn1p/8/2p5/2N1K3/2b3PP/8 b - -,
2nr2Bk/1p4np/p1p2p1Q/8/PP1P3R/8/2q3PP/5RK1 b - -,d8g8 h6f6 c2d3 h2h3 d3e3 g1h2 e3e7 h4h6 e7f6 h6f6
r1bq1rk1/1pp1bppp/3p1n2/p7/7P/2PBBN2/PPPQ1PP1/2KR3R b - -,c8e6 c3c4 e6d7 h4h5 f6g4 h5h6 g7g6 e3d4 f8e8 d1e1
r1bq1rk1/b1pp1ppp/p1n2n2/1p2p3/1P2P3/1BPP1N2/P4PPP/RNBQR1K1 b - -,a6a5 b1a3 a8b8 b4a5 d7d6 c1g5 h7h6 g5h4 g7g5 h4g3
4r1k1/5p1p/p1N3pb/3PP3/Pp6/1P3K2/5P2/4R3 b - -,h6g5 f3e4 g5h4 d5d6 h4f2 e1h1 e8a8 a4a5 g8g7 d6d7
r1bqk2r/pp1pppbp/2n3p1/1Bp1P3/4Qn2/2P2N2/PP1P1PPP/RNB2RK1 b kq -,f4h3 g2h3 e8h8 d2d4 d7d6 b5c6 b7c6 d4c5 c8h3 f1e1
r1bq1rk1/1pp1bppp/3p1n2/p7/8/2PBBN1P/PPPQ1PP1/2KR3R b - -,d6d5 h1e1 c7c6 e3g5 f8e8 c3c4 c8e6 f3d4 e6d7 c4d5
1k1r3r/pp1bqp2/5n2/1N2n1pp/3N4/4P3/PP1QBPPP/R4RK1 b - -,a7a6 b5c3 h5h4 a1c1 g5g4 d2c2 h4h3 g2g3 d7e6 f1d1
r2qr1k1/3b1p2/2p3p1/8/3PB1n1/6P1/2QN1PK1/1R2R3 b - -,d8f6 f2f3 g4h6 d4d5 c6d5 e4d5 e8e1 b1e1 a8c8 c2a2
2r2rk1/1bq2ppp/p4n2/1ppNb3/4P3/P2BB2P/1PQ2PP1/3R1RK1 b - -,b7d5 e4d5 c5c4 d3f5 c8b8 e3g5 f8d8 g5f6 e5f6 f5h7
8/2B3p1/3Pkn1p/1N6/2p5/3bK3/6PP/8 b - -,
6k1/1q1n2b1/2p3Qp/2Pp4/8/4P2P/1r4P1/1B3RK1 b - -,d7f8 g6f5 b2b3 b1d3 b7d7 f1f3 d7f5 d3f5 g7e5 g1f2
8/3k4/1N1P4/6pn/1Bp3b1/8/5K2/8 b - -,
r1b1kbnr/pp1pqppp/2p5/3P4/1n2P3/3N4/PPP2PPP/RNBQKB1R b KQkq -,e7e4 f1e2 b4d3 d1d3 e4d3 e2d3 g8f6 b1c3 f8b4 e1h1
2n3rk/1p4np/p1p2Q2/8/PP1P3R/8/2q3PP/5RK1 b - -,c2d3 h2h3 d3e3 g1h2 e3e7 h4h6 e7c7 h2g1 c7e7 f6e7
r1bb1rk1/2q3n1/p2Pp1Q1/5p2/3B1P2/3B3R/PpP4P/1R4K1 b - -,d8f6 g6h7 g8f7 d4f6 c7a7 g1f1 f7e8 f6g7 e6e5 g7e5
2b2rk1/p3ppbp/2p2np1/3P4/1q6/2N1BP2/P1PQ2PP/K2R1B1R b - -,f6e4 f3e4 g7c3 d2c3 b4c3 a1b1 c3e3 f1c4 e3e4 c4b3
3N4/7p/2k2n2/2P1P3/p7/P3K3/P6P/2R5 b - -,f6e4 f3e4 g7c3 d2c3 b4c3 a1b1 c3e3 f1c4 e3e4 c4b3
8/1kp5/1p4n1/5pB1/1PpP4/2P1RP1r/8/K7 b - -,h3g3 g5h6 b7c6 e3e2 c6b5 a1b2 g3f3 e2e6 f3g3 h6d2
r1b1kbnr/pp1p1ppp/2p5/3P4/1n2q3/3N4/PPP1BPPP/RNBQK2R b KQkq -,b4d3 d1d3 e4d3 e2d3 g8f6 b1c3 f8c5 e1h1 e8h8 c3e4
rn2k2r/ppp2ppp/4b3/3Bq3/8/4Q3/P3KPPP/6NR b kq -,e5d5 g1f3 d5b5 e2e1 b8c6 f3g5 e8a8 g5e6 d8e8 e1d1
8/2B5/5nkp/3P2p1/2p5/2N1K1P1/2b4P/8 b - -,
r3rk2/4b2p/4B3/8/1q6/P7/K1Q2P1P/2N3R1 b - -,f6g4 e3d2 c2f5 h2h4 f5d7 h4g5 h6g5 c7d8 g6f5 d8b6
rnbqkb1r/pp2pppp/2p5/3p4/3Pn3/1P4P1/PBP1PPBP/RN1QK1NR b KQkq -,d8a5 c2c3 g7g6 g1f3 f8g7 e1h1 e8h8 c3c4 c8f5 f3h4
rnbqkbnr/ppp3p1/5p2/3pP2p/7B/7P/PPP1PPP1/RN1QKBNR b KQkq -,c8f5 e2e3 b8c6 g1f3 g7g5 h4g3 d8d7 f1b5 e8a8 b1c3
8/2k5/4B3/p3P3/3K1P2/1P6/P7/8 b - -,c8f5 e2e3 b8c6 g1f3 g7g5 h4g3 d8d7 f1b5 e8a8 b1c3
r2q1rk1/1bpnbpp1/pp3n1p/4pP2/4P1P1/2NB1N1P/PPP3Q1/2KR2BR b - -,f6e8 g1e3 e7c5 e3c5 d7c5 g4g5 e8d6 g5h6 d8f6 h6g7
r4rk1/ppp2pbp/1nq3p1/4n3/8/P1N1B2P/BPP1QPP1/3R1RK1 b - -,f8e8 c3d5 e5c4 d5b6 c4b6 e2d3 a7a5 e3f4 g7f6 b2b4
r1bqkb1r/pp4pp/4p3/2ppn3/8/2NP2P1/PPP3BP/R1BQ1RK1 b kq -,e5c6 d1g4 e6e5 g4f3 c8e6 c3d5 e6d5 f3d5 d8d5 g2d5
8/2BP2p1/5n1p/1N1k4/2p5/3bK3/6PP/8 b - -,d3g6 d7d8q d5e6 d8f8 f6d5 e3f2 d5c7 f8g7 g6d3 b5c3
3rr1k1/pbqn1ppp/1p3n2/2Pp4/P1P5/B2BPN2/5PPP/2RQ1RK1 b - -,d5c4 c5b6 d7b6 d1c2 b7f3 g2f3 e8e5 d3c4 e5g5 g1h1
8/8/2kP4/6pn/1BN3b1/8/5K2/8 b - -,
r1bq1rk1/b1p2ppp/p1np1n2/1p2p3/1P2P3/1BPP1N1P/P4PP1/RNBQR1K1 b - -,a6a5 b1a3 a5b4 a3b5 a7b6 c3b4 c6b4 a2a4 c8a6 c1b2
6k1/4R3/6p1/6rp/5KP1/7P/5P2/8 b - -,g5b5 f2f3 h5g4 h3g4 b5a5 f4e4 g8f8 e7e5 a5a4 e4e3
8/7p/3k2p1/8/3K3P/8/P5P1/8 b - -,d6e6 d4e4 e6d6 a2a4 d6e6 e4f4 h7h6 f4e4 e6d6 a4a5
rnbq1rk1/pppp1ppp/4pn2/8/2PP1P2/P1P5/4P1PP/R1BQKBNR b KQ -,b7b6 e2e3 c8a6 d1c2 d7d5 g1f3 c7c5 f3e5 d5c4 f1e2
1krB4/5ppp/p1n5/Pp2p3/2b3P1/2P4P/2P2PB1/R2R2K1 b - -,c4d5 d1d5 c8d8 d5c5 c6e7 c5e5 e7g6 e5e3 g6f4 a1e1
6rk/1p4np/pnp2Q2/8/PP1P2R1/8/2q3PP/5RK1 b - -,c2b3 f6e7 b6c8 e7b7 b3e6 g4f4 g7h5 f4f3 e6e4 b7a6
r1b1k2r/1pppqppp/8/p1bNn3/2P2B2/PQ2P3/1P3PPP/R3KB1R b KQkq -,e7d6 b3c3 f7f6 a1d1 a5a4 d5f6 d6f6 f4e5 f6f7 e5g7
r1bq1rk1/1pp1bppp/3p1n2/8/p7/P1PBBN1P/1PPQ1PP1/2KR3R b - -,c7c6 h1e1 d6d5 e3g5 f8e8 g2g4 c8d7 e1e5 b7b5 d1e1
r1b1kb1r/p1p1qppp/2p5/4p3/3P4/8/PPP2PPP/RNBQR1K1 b kq -,c8f5 e1e5 f5e6 b1d2 e7d7 d2b3 f8d6 b3c5 d6c5 e5c5
8/2Bn1kp1/3P3p/1N6/2p5/8/2b2KPP/8 b - -,c2e4 g2g3 f7e6 f2e3 e4c6 b5c3 e6e5 c3e2 g7g6 e2c3
3K4/6Q1/3k1p2/3p4/8/3N3q/8/8 b - -,d7e5 f2e3 c2a4 b5a3 f7e6 e3d4 a4c6 a3c4 e5c4 d4c4
3R4/r4k1p/1pp1b1p1/p5B1/P7/1P4P1/1K5P/8 b - -,
2r2rk1/1bq2ppp/p7/1ppPb3/8/P2BB2P/1PQ2PP1/3R1RK1 b - -,g8h8 d3f5 c8d8 e3c5 e5h2 g1h1 h2d6 c5d6 c7c2 f5c2
rnbqkbnr/p1p2p1p/3p4/1p4p1/2N1P3/3B4/PPPP1PPP/RNBQK2R b KQkq -,b5c4 d3c4 f8g7 d2d4 b8c6 c2c3 g5g4 e1h1 g8e7 f2f3
rnbqk2r/pppp1p1p/3b4/8/3PPpQP/8/PPP3P1/RNB1KB1R b KQkq -,d6b4 b1c3 d8f6 e4e5 f6g6 g4g6 h7g6 c1f4 b7b6 e1a1
8/4p2p/pr3k2/P4b2/2R5/KB5P/P7/8 b - -,b6d6 h3h4 e7e5 c4b4 e5e4 b4b6 f6e5 b3c4 f5c8 a3b3
8/8/1R6/r2k4/3P4/4K3/1P6/8 b - -,a5a2 e3d3 a2a3 b2b3 a3a1 d3c3 a1c1 c3b4 c1c8 b4a5
r1bq1rk1/pppp1ppp/2n1pn2/8/2PP1P2/P1P2N2/4P1PP/R1BQKB1R b KQ -,c6a5 d1c2 d7d5 c4d5 e6d5 e2e3 b7b6 f1e2 f6e4 e1h1
8/8/3k4/8/8/8/1RK5/8 b - -,f8e8 g2g4 b7b6 g4g5 f6e4 f1g2 c8b7 d1d3 c6a5 f3e5
8/2p5/kp4n1/5pB1/1PpP4/2P1RP1r/1K6/8 b - -,h3g3 g5h6 a6b5 b2a3 g3h3 h6g7 b5a6 a3a4 b6b5 a4a3
8/R7/8/8/N7/8/1k1K4/q7 b - -,b2b3 a4c5 b3b2 a7a1 b2a1 d2c2 a1a2 c5a6 a2a3 c2c3
8/2Bn1kp1/3P3p/8/8/2N5/2b2KPP/8 b - -,f7e6 c3e2 e6e5 f2e3 c2e4 e2f4 e4f5 f4d3 e5d5 d3b4
2r3k1/5p1p/p5pb/3PN3/Pp2P1P1/1P6/4KP1q/1Q5R b - -,h2e5 h1h6 e5g5 h6h1 g5g4 e2f1 c8c3 d5d6 g4f3 h1h4
r1bqk2r/pp1pppbp/2n3p1/1BpnP3/8/2P2N2/PP1PQPPP/RNB2RK1 b kq -,e8h8 d2d4 c5d4 c3d4 d7d6 b1c3 d6e5 b5c6 b7c6 f3e5
r1bq1rk1/1p2bppp/2pp1n2/8/p5P1/P1PBBN1P/1PPQ1P2/2KR3R b - -,f6d5 e3g5 e7g5 f3g5 h7h6 g5h7 f8e8 c3c4 d5f6 h7f6
r1bq1rk1/b1p2pp1/p1np1n1p/1p2p3/1P2P3/1BPP1N1P/P2N1PP1/R1BQR1K1 b - -,a6a5 b4a5 c6a5 b3c2 c7c5 a1b1 a8b8 d3d4 f8e8 d4d5
r1b2R2/p6R/2p2k2/1p2p3/8/2N5/PPB2rp1/2K5 b - -,a6a5 b4a5 c6a5 b3c2 c7c5 a1b1 a8b8 d3d4 f8e8 d4d5
8/8/3P4/1k4pn/2N3b1/8/3B1K2/8 b - -,
6k1/4bppp/1r6/8/4N3/3rP3/2R2PPP/R5K1 b - -,h7h5 h2h3 d3d8 g2g3 b6b4 e4d2 d8b8 a1a7 b4b7 a7a2
1krn4/3R1ppp/p7/Pp2p3/2b3P1/2P4P/2P2PB1/R5K1 b - -,h7h6 a1d1 d8c6 d7d6 c6a5 d6a6 a5b7 d1d7 c8c7 a6a8
3k4/7p/8/2P1P3/p5K1/P7/P6P/3R4 b - -,h7h6 a1d1 d8c6 d7d6 c6a5 d6a6 a5b7 d1d7 c8c7 a6a8
rn1r2k1/1b2q1p1/p2bp1Qp/1p3p2/1P6/P2BP2P/1B3PP1/RN3RK1 b - -,b8d7 f1d1 d6e5 b1c3 d7f8 g6h5 e7f6 a1c1 a8c8 d3f1
r1bq1rk1/ppp2ppp/2n2n2/3p4/3P1P2/P1P2NP1/4P2P/R1BQKB1R b KQ -,f8e8 f1g2 c8f5 f3h4 f5e4 h4f3 c6a5 e1h1 d8c8 a3a4
4r1k1/pp3pp1/3p3p/3Pn3/qPB2Nb1/P1P3P1/1Q1K1P1P/R6R b - -,e5c4 d2c1 c4b2 c1b2 g4f5 a1c1 g7g5 f4e6 f7e6 h1d1
rnbq1rk1/4ppbp/p2p1np1/8/Pp1NP3/4BP2/NPPQ2PP/R3KB1R b KQ -,
r1b1r1k1/p4pp1/2pB3p/4P3/7P/2NR4/PPP3n1/2K4R b - -,g2f4 d3g3 f4g6 h1g1 h6h5 c3d1 c8g4 d1e3 g6e5 d6e5
r1bq1rk1/4bppp/2pp1n2/1p4P1/p7/P1PBBN1P/1PPQ1P2/2KR3R b - -,f6e4 d3e4 d6d5 e4d3 c6c5 h1e1 a8b8 e3f4 b8b6 f4e5
6rk/1p4np/pnp5/4Q3/PP1P2R1/1q6/6PP/5RK1 b - -,b3b4 h2h4 b6c4 e5g5 b4a3 f1f3 a3d6 f3f7 h7h6 g5g6
rnbqk2r/pppp3p/3b1p2/7Q/3PPp1P/8/PPP3P1/RNB1KB1R b KQkq -,e8e7 e4e5 f6e5 d4e5 d6b4 c2c3 d7d5 c1f4 h7h6 c3b4
8/2p5/1p2R1n1/1k3pB1/1PpP4/2P2P1r/1K6/8 b - -,
r2q1rk1/1n3ppp/p3b3/1pppP3/8/1NP1QN2/PP3PPP/R2R2K1 b - -,d8c8 b3c1 b7a5 c1d3 a5c4 e3f4 f7f6 f4g3 f6e5 f3e5
8/4Npp1/pn5k/8/2p5/2K1P2P/PP3PP1/8 b - -,b6a4 c3c4 a4b2 c4d4 b2d1 f2f3 h6g5 f3f4 g5h5 e7f5
r2q1rk1/ppp2ppp/2n2n2/3p1b2/3P1P2/P1P2NP1/4P1BP/R1BQK2R b KQ -,f8e8 f3h4 f5e4 h4f3 c6a5 e1h1 d8c8 a3a4 a5c4 a1a2
8/2Bn2p1/3Pk2p/8/8/8/2b1NKPP/8 b - -,c2e4 f2e3 e6e5 g2g4 e4b7 e2d4 b7g2 c7a5 g2h3 a5c3
8/K7/1P4k1/P7/8/8/5P2/7q b - -,h1a1 a5a6 a1d4 a7b7 g6f6 f2f3 d4d7 b7b8 d7e6 b8b7
r7/pb2R3/2pR3k/1p6/8/3B1pp1/PP6/2K5 b - -,h1d5 a5a6 d5d4 a7b7 g6f6 f2f3 d4d5 b7a7 d5c5 a7b7
2r3k1/1p4p1/2q1p1p1/3p4/p2P4/P7/1Pr1R2P/1K1RQ3 b - -,c6c4 e2c2 c4c2 b1a2 c8c6 d1d2 c2b3 a2b1 b3f3 e1g1
2r3k1/5p1p/p5pR/3Pq3/Pp2P1P1/1P6/4KP2/1Q6 b - -,e5g5 h6h1 g5g4 e2d2 g4f3 h1f1 c8c3 d5d6 g8f8 d6d7
r2q1k1r/p3ppbp/b1Q3p1/1p1B4/3p4/6P1/PP2PP1P/R1B2RK1 b - -,a8b8 c1f4 a6b7 c6b5 e7e5 b5c5 f8g8 d5b7 e5f4 b7e4
r1b1r1k1/p4pp1/2p4p/4B3/5P1P/2NR4/PPP3n1/2K4R b - -,f7f6 e5f6 g2f4 d3f3 f4h5 f6d4 c6c5 f3e3 c8b7 h1e1
r2q1rk1/b1p2pp1/p1npbn1p/1p2p3/1P2P3/1BPP1N1P/P4PP1/R1BQRNK1 b - -,a6a5 b4a5 d8d7 b3e6 f7e6 e1e2 b5b4 c3b4 c6b4 e2b2
8/8/3P4/1k2N1p1/5nb1/8/3B1K2/8 b - -,
r4rk1/ppp3p1/3b3p/n5PQ/2qp4/4B3/P4P2/R3K2R b - -,b5c5 e5f7 f4h3 f2e3 g4d7 f7g5 c5d6 e3d4 d7c8 d2b4
1k1r3r/1p1bqp2/p4n2/4n1pp/3N4/2N1P3/PP1QBPPP/R4RK1 b - -,g5g4 a1d1 h5h4 e3e4 h4h3 g2g3 h8e8 d2f4 d8c8 d4f5
1k6/1P6/2Bp2p1/3P4/4b1R1/5p2/8/2K5 b - -,g5g4 a1d1 h5h4 e3e4 h4h3 g2g3 h8e8 d2f4 d8c8 d4f5
r1bq1rk1/4bppp/2pp4/1p4Pn/p2N4/P1PBB2P/1PPQ1P2/2KR3R b - -,d8d7 d4f5 f8d8 f5e7 d7e7 d3e2 g7g6 e2h5 g6h5 e3d4
8/2Bn1kp1/7p/8/2pP4/2N2K2/2b3PP/8 b - -,c2d3 d4d5 d7f6 g2g3 g7g5 h2h4 g5h4 g3h4 f6g8 c7d6
8/2P1k2p/8/8/p5K1/P7/P6P/8 b - -,e7d7 g4h5 d7c7 h5h6 c7c6 h6h7 c6d5 h2h4 d5d4 h4h5
5rk1/p1q2pp1/1pB1p2p/4P3/1PPp1n2/P7/2Q2PPP/2R2RK1 b - -,c7c6 f2f3 d4d3 c2b3 f4e2 g1f2 c6d7 b3b2 d7c7 f1d1
2b5/4p2p/p4k2/8/P6P/KB6/P7/8 b - -,a6a5 a3b2 f6e5 b2c3 e5f4 b3g8 c8f5 g8f7 e7e5 c3d2
r1b1k2r/ppp2ppp/2n5/3q4/1b6/2N1P3/PPQB1PPP/R3KB1R b KQkq -,d5h5 c2e4 h5e5 e4e5 c6e5 a2a3 b4a5 b2b4 a5b6 a3a4
2kr1bnr/pp3ppp/4p3/4P3/B2p1P2/3n4/PP2NP1P/R1B2K1R b - -,d3c5 a4d1 d4d3 e2g3 d3d2 b2b4 d2c1r a1c1 d8d1 c1d1
2rq1rk1/ppp2ppp/2n2n2/3p1b2/3P1P2/P1P2NP1/4P1BP/R1BQ1RK1 b - -,c6a5 a3a4 f8e8 f3e5 h7h5 h2h3 c7c5 e2e3 a5c4 g3g4
R3R3/p5k1/2p5/1p2p3/6b1/8/PP1K4/6q1 b - -,d8e7 f3e5 c6a5 h2h3 h7h5 g3g4 h5g4 h3g4 f5g4 d1d3
r2q1rk1/1bpnbpp1/pp3n1p/4pPP1/4P3/2NB1N1P/PPPQ4/2KR2BR b - -,b6b5 g5f6 d7f6 d2g2 e7b4 g1e3 b4c3 h1g1 f6e8 b2c3
4r1k1/pp3pp1/3p3p/3P4/qPr2Nb1/P1PK2P1/1Q3P1P/R6R b - -,c4e4 h1c1 g7g5 f4e6 f7e6 f2f3 a4b5 c3c4 e4c4 c1c4
rnbq1rk1/4ppbp/3p1np1/p7/Pp1NP3/2P1BP2/NP1Q2PP/R3KB1R b KQ -,
r4rk1/ppp3p1/7p/n5PQ/1bqp4/4B3/P4P2/R2K3R b - -,e7e5 d4b5 d6d5 e4d5 e5e4 f1e2 f6d5 a1d1 d8h4 e3f2
r2qr1k1/b1pbnp2/3p1n1p/pP1Pp1p1/B1P1P3/R4N1P/1P3PP1/1NBQR1K1 b - -,e8f8 c1e3 a7e3 e1e3 e7g6 f3h2 g6f4 b1c3 g8h8 c3e2
r1bb1rk1/3q2n1/p2Pp1Q1/5B2/3B1P2/7R/PpP4P/1R4K1 b - -,e8f8 c1e3 a7e3 e1e3 e7g6 f3h2 g6f4 b1c3 g8h8 c3e2
r1b2r2/p4knB/2p1pq1R/1p6/8/2N3p1/PP1Q4/2KR4 b - -,g7h5 h6f6 h5f6 d2h6 f7e7 c3e4 c8b7 e4f6 a8d8 h6g7
r7/pb2R3/2p3R1/1p4k1/8/3B1pp1/PP6/2K5 b - -,g7h5 h6f6 h5f6 d2h6 f7e7 c3e4 c8b7 e4f6 a8d8 h6g7
r1bqkbnr/pp3ppp/4p3/2pPp2Q/2B1P3/8/PPP2PPP/RNB1K2R b KQkq -,g8f6 h5e2 e6d5 e4d5 f8e7 b1c3 e8h8 e1h1 c8f5 f1e1
8/3P4/8/2k1N1p1/5nb1/8/3B1K2/8 b - -,
r4rk1/ppp3p1/7p/n5PQ/1b1p4/3qB3/P4P2/R1K4R b - -,g4d7 e5d7 c5c6 f2f3 c6d5 d2f4 g5f4 f3f4 d5d6 f4e3
r2q1rk1/3bbppp/2pp4/1p4Pn/p2N4/P1P1B2P/1PPQBP2/2KR3R b - -,d8c7 e2h5 c6c5 d4e2 d7c6 h1e1 f8c8 e2f4 b5b4 c3b4
3RQ3/2p2ppk/1p3q1p/p6P/8/1P6/1PP2r2/1K6 b - -,f6d8 e8d8 f2f6 d8c7 g7g6 h5g6 h7g6 c7g3 g6h7 g3g4
4r1k1/pp3pp1/3p3p/3Pn3/qPr2Nb1/P1PB2P1/1Q1K1P1P/R6R b - -,e5d3 d2d3 c4e4 a1c1 g7g5 h2h3 g4f5 d3d2 g5f4 h1e1
5nk1/1q4b1/2p4p/2Pp1Q2/8/4P2P/1r4P1/1B3RK1 b - -,b2b3 b1d3 b7d7 g1f2 d7e7 g2g4 b3b7 g4g5 e7c5 g5h6
r2qkbnr/pp2pppp/3p4/2pP1b2/2PnP3/2N2N2/PP3PPP/R1BQKB1R b KQkq -,f5d7 f3d4 c5d4 d1d4 g8f6 c1f4 g7g6 e4e5 d6e5 f4e5
2r3k1/5p1p/p5p1/3P2q1/Pp2P1P1/1P6/4KP2/1Q5R b - -,g5g4 e2d2 g4f3 h1f1 c8c3 d5d6 g8f8 d6d7 f8e7 d2e1
2r3k1/1p4p1/4p1p1/3p4/p1qP4/P7/1PR4P/1K1RQ3 b - -,c4c2 b1a1 c8c6 d1b1 c2f5 a1a2 c6c4 e1e3 g8h7 b1e1
r2q1rk1/1bpnbpp1/pp6/4pPN1/4Pn1P/2NBB3/PPPQ4/2KR3R b - -,e7d6 d1g1 d8f6 h4h5 d6c5 h5h6 c5e3 d2e3 g7g6 d3c4
r7/pb3R2/2p3R1/1p6/5k2/3B1pp1/PP6/2K5 b - -,f4e3 d3c2 c6c5 f7b7 g3g2 c2d1 a8h8 d1f3 h8h1 f3d1
6k1/1p4p1/p6p/P2prp1P/3R2P1/6K1/1P3P2/8 b - -,f5g4 g3g4 e5g5 g4h4 g5g2 f2f4 g2b2 d4d5 b2b5 d5d8
r2qr1k1/b1pb1p2/3p1nnp/pP1Pp1N1/B1P1P3/R6P/1P3PP1/1NBQR1K1 b - -,f6g4 h3g4 h6g5 c1e3 a7b6 c4c5 d6c5 d5d6 g6f4 d6c7
r1b1r1k1/p5p1/2pB1p1p/8/5P1P/2NR4/PPP3n1/2K4R b - -,c8f5 d3g3 a8d8 g3g2 d8d6 h1g1 e8e7 g2e2 d6e6 c1d2
r1b1k2r/ppq3pp/2N1pn2/3p4/5b2/P2B2P1/1PP1QP1P/RN3RK1 b kq -,b7c6 g3f4 c7f4 e2e3 f6h5 d3e2 f4f5 e2h5 f5h5 e3c5
2rq1rk1/ppp2p1p/2n2np1/3p1b2/3P1P2/P1P2NP1/3QP1BP/R1B2RK1 b - -,c6a5 a1a2 a5c4 d2e1 f8e8 f3e5 c4d6 a3a4 c7c5 a4a5
8/2Bn4/3Pk1pp/8/3N4/8/2b2KPP/8 b - -,e6f7 d4c2 f7e6 f2e3 g6g5 c2d4 e6d5 d4f3 g5g4 f3h4
r1rq2k1/pp3pp1/2b1p2p/P3R3/3PNP2/6P1/3Q1P1P/R5K1 b - -,d8d7 e4c5 d7d8 f4f5 e6f5 d4d5 b7b6 c5b3 d8f6 d2f4
7k/pp4pp/6b1/8/7P/5BP1/P4P2/1R4K1 b - -,h7h5 b1b7 a7a6 b7d7 g6f5 d7d6 a6a5 d6a6 g7g6 a6a5
2B5/3k4/8/7K/p7/P7/P6P/8 b - -,d7c8 h2h4 c8d7 h5g6 d7e7 g6g7 e7e6 h4h5 e6e5 g7g6
8/3N4/8/2k3p1/5n2/8/3B1K2/8 b - -,
r2q1rk1/b1p1npp1/p2pbn1p/1p2p3/1P2P3/1BPP1NNP/P4PP1/R1BQR1K1 b - -,e7g6 a2a4 e6b3 d1b3 f8e8 c1d2 d8d7 c3c4 c7c5 c4b5
2r3k1/1p4p1/4p1p1/3p4/p2P4/P7/1Pq4P/K2RQ3 b - -,c8c6 h2h3 b7b5 d1b1 c2f5 e1a5 c6c4 a5b5 g8h7 b5b6
R2R4/p5k1/2p5/1p2p3/6b1/3K4/PP6/2q5 b - -,c8c6 h2h3 b7b5 d1b1 c2f5 e1a5 c6c4 a5b5 g8h7 b5b6
R3R3/p5k1/2p5/1p2p3/6b1/2K5/PP6/3q4 b - -,c8c6 h2h3 b7b5 d1b1 c2f5 e1a5 c6c4 a5b5 g8h7 b5b6
r2q1rk1/3bbp1p/2pp2p1/1p4PB/p2N4/P1P1B2P/1PPQ1P2/2KR3R b - -,a8c8 h5g4 c6c5 d4e2 b5b4 c3b4 c5b4 a3b4 c8c4 c2c3
8/8/2k1B3/4K3/4Q3/8/8/8 b - -,a8c8 h5g4 c6c5 d4e2 b5b4 c3b4 c5b4 a3b4 c8c4 c2c3
8/5bpk/5p1p/1P3p2/2P2Q1P/1K2N1P1/8/4q3 b - -,f7h5 e3d5 e1b1 b3c3 h5f7 d5e3 f7e6 h4h5 g7g5 h5g6
r4rk1/ppp2pbp/1Bq3p1/8/2n5/P1N4P/BPP1QPP1/3R1RK1 b - -,c6b6 a2c4 a8e8 e2f3 b6b2 d1d7 g8h8 c3b5 b2c2 d7c7
r1bq2B1/pp1p3Q/2pk1pp1/2b1p3/3nP3/2N5/PPPP1PPP/R1B2RK1 b - -,d4c2 d2d4 c2d4 f1d1 d6c7 c1e3 a7a5 g8c4 c7b8 h7g6
8/1p6/3p1k1p/p1pP1p2/P1P1rP2/1P5P/4R3/5K2 b - -,e4f4 f1g1 f4e4 e2g2 e4e3 g2g8 f6e5 g1g2 e3b3 g8g6
2n3rk/1p4np/p1p2Q2/8/PP1P3R/3q3P/6P1/5RK1 b - -,d3e3 g1h2 e3e7 h4h6 e7f6 h6f6 g7e8 f6f7 g8g7 f7f8
1k6/1P6/2Bp2p1/3P4/4bR2/8/5p2/2K5 b - -,d3e3 g1h2 e3e7 h4h6 e7f6 h6f6 g7e8 f6f7 g8g7 f7f8
2b2rk1/p3ppbp/2p2np1/3P4/1q6/2N1BP2/P1PQ2PP/2KR1B1R b - -,b4a3 c1b1 f6d5 e3d4 g7d4 c3a4 d5c3 a4c3 d4c3 d2c3
6k1/1p4p1/p6p/P2pr2P/3R2K1/8/1P3P2/8 b - -,e5g5 g4h4 g5g2 f2f4 g2b2 d4d5 b2b5 d5d8 g8f7 h4g4
r1bqk2r/pp1pppbp/2n2np1/2P5/8/3BPN2/PPPB1PPP/RN1QK2R b KQkq -,e8h8 e1h1 b7b6 c5b6 d8b6 b1c3 d7d5 a1b1 f8d8 b2b4
5k2/8/6p1/1r2R2p/5KP1/5P1P/8/8 b - -,b5b3 g4h5 g6h5 e5h5 f8g7 h5d5 b3b2 f4g5 b2g2 g5h5
7k/pB4pp/8/8/7P/6P1/P4P2/1b4K1 b - -,g7g5 a2a3 g5h4 g3h4 h8g7 f2f3 b1f5 g1f2 f5d7 f3f4
r1bR4/5k2/2pN4/pp6/8/4K3/PP4pr/6R1 b - -,
rnbq1rk1/4ppbp/3p1np1/p7/P2NP3/2N1BP2/1P1Q2PP/R3KB1R b KQ -,c8b7 f1b5 b8a6 e1h1 a6c5 a1b1 e7e6 f1d1 d8c7 d2f2
r1b1kb1r/pp1pqpp1/2n4p/2pQ4/4N3/2P5/PP2PPPP/R1B1KB1R b KQkq -,e7e5 d5e5 c6e5 c1f4 f7f6 a1d1 b7b6 e4g3 c8b7 h2h4
1k6/1P6/2Bp2p1/3P4/4b3/8/8/2K2R2 b - -,e7e5 d5e5 c6e5 c1f4 f7f6 a1d1 b7b6 e4g3 c8b7 h2h4
2b2rk1/p3ppbp/2p2np1/3P4/8/q1N1BP2/P1PQ2PP/1K1R1B1R b - -,f6d5 e3d4 g7d4 c3a4 d5c3 d2c3 d4c3 a4c3 a3c3 d1d3
2k5/8/8/7K/p6P/P7/P7/8 b - -,f6d5 e3d4 g7d4 c3a4 d5c3 d2c3 d4c3 a4c3 a3c3 d1d3
8/3N4/3k4/6p1/5n2/5K2/3B4/8 b - -,
1K6/4q3/PP4k1/8/8/8/5P2/8 b - -,e7b4 b8b7 b4e4 b7a7 e4d4 a7b7 d4g7 b7a8 g7f6 a8a7
2n3rk/1p4np/p1p2Q2/8/PP1P3R/4q2P/6PK/5R2 b - -,e3e6 h4h6 e6f6 h6f6 g7e8 f6f7 g8g7 f7f8 g7g8 f1f7
2rq1rk1/p1p2p1p/2n2np1/3p1b2/R2P1P2/2P2NP1/3QP1BP/2B2RK1 b - -,f8e8 f3e5 a7a5 c3c4 f6e4 d2e3 c6e5 f4e5 c7c6 f1f5
R2R4/p5k1/2p5/1p2p3/2q3b1/8/PP1K4/8 b - -,f8e8 f3e5 a7a5 c3c4 f6e4 d2e3 c6e5 f4e5 c7c6 f1f5
8/kN1n4/n1p1p1p1/2PpPpP1/3P1P2/Q7/P3B3/2K5 b - -,f8e8 f3e5 a7a5 c3c4 f6e4 d2e3 c6e5 f4e5 c7c6 f1f5
r1bqk2r/1p1pppbp/p1n2np1/2P5/8/3BPN2/PPPB1PPP/RN1Q1RK1 b kq -,d7d5 c5d6 d8d6 d2c3 d6c7 b1d2 e8h8 a2a4 e7e5 e3e4
r7/pb3R2/2p2R2/1p6/8/3B1p2/PPK2kp1/8 b - -,c6c5 f7b7 g2g1q b7f7 g1g2 f6f3 g2f3 f7f3 f2f3 d3b5
6k1/1p4p1/2r1p1p1/3p4/p2P4/P7/1Pq4P/K2R2Q1 b - -,c6b6 d1b1 b6b3 g1g5 c2f5 g5e7 g8h7 e7h4 f5h5 h4f2
r1bq1r1k/4b1pp/p7/3p1p2/Pp1P1B2/3N1P2/1P4PP/2RQR1K1 b - -,e7h4 f4c7 d8d7 c7g3 h4d8 a4a5 f5f4 d3f4 d8a5 d1b3
r2q1rk1/1bp1bpp1/pp6/2n1pPN1/4PB1P/2NB4/PPPQ4/2KR3R b - -,a6a5 f4e5 c5d3 c2d3 a5a4 d2e2 f7f6 g5e6 d8e8 e5d4
8/3k4/6K1/8/p6P/P7/P7/8 b - -,a8c8 f4e5 c5d3 c2d3 f8e8 e5f4 b6b5 d2e2 e7d6 f4e3
2r3k1/5p1p/p5p1/3P4/Pp2P1q1/1P3P2/4K3/1Q5R b - -,a8c8 f4e5 c5d3 c2d3 f8e8 e5f4 b6b5 d2e2 e7d6 f4e3
rnbqkbnr/p1pp1ppp/4p3/1pP5/8/2N5/PP1PPPPP/R1BQKBNR b KQkq -,f8c5 c3b5 g8f6 g1f3 e8h8 e2e3 c5e7 f1e2 c7c5 e1h1
3K4/2Q5/3k1p2/3p4/8/3q4/8/8 b - -,f8c5 c3b5 g8f6 g1f3 e8h8 e2e3 c5e7 f1e2 c7c5 e1h1
1k6/1P6/2Bp2p1/3P1b2/8/8/3K4/5R2 b - -,f8c5 c3b5 g8f6 g1f3 e8h8 e2e3 c5e7 f1e2 c7c5 e1h1
r2q1rk1/3bbp1p/2pp4/1p4Pp/p2N4/P1P1B2P/1PP1QP2/2KR3R b - -,f7f6 g5g6 h7g6 d1g1 d8e8 e2h5 g6g5 h5f3 e8c8 f3e2
r1bqk1nr/ppp2ppp/3p4/2b1p3/2B1P3/2P1BQ2/PP3PPP/RN2K2R b KQkq -,d8f6 f3f6 g8f6 e3c5 d6c5 b1d2 e8e7 a2a4 f6e8 h2h4
7k/pp4pp/8/8/7P/P4BP1/5P2/1b4K1 b - -,h8g8 f3b7 g8f7 f2f4 h7h6 g1f2 f7e6 f2e3 e6d6 e3d4
8/8/3k2pp/8/3K2PP/8/P7/8 b - -,d6e6 a2a4 h6h5 g4g5 e6d7 d4d5 d7c8 a4a5 c8c7 a5a6
r1bb1rk1/3q2nQ/p2P4/5p2/3B1P2/7R/PpP4P/1R4K1 b - -,d6e6 a2a4 h6h5 g4g5 e6d7 d4d5 d7c8 a4a5 c8c7 a5a6
r7/pb3R2/2p5/1p6/8/3B1R2/PPK2k2/6q1 b - -,f2g2 d3f1 g1f1 f3f1 c6c5 f1f6 b7e4 c2d2 a8g8 f7a7
2r1r1k1/p3qppp/1p2pn2/2p1P3/2P5/1P3Q2/PB3PPP/R2R2K1 b - -,f6g4 f3g4 h7h5 g4f4 e8d8 d1d6 h5h4 a1d1 h4h3 g2h3
R2R4/p5k1/2p5/1p2p3/6b1/2K5/PP2q3/8 b - -,f6g4 f3g4 h7h5 g4f4 e8d8 d1d6 h5h4 a1d1 h4h3 g2h3
r2q1rk1/1bp1bpp1/pp6/2n2PN1/4PQ1P/2NB4/PPP5/2KR3R b - -,b6b5 h1g1 b5b4 d3c4 e7d6 e4e5 b4c3 e5d6 d8f6 c1b1
3RQ3/2p2ppk/1p3q1p/p6P/8/1P6/KPP5/5r2 b - -,f6d8 e8d8 f1f4 d8c7 f4f6 c7d7 h7g8 d7e8 g8h7 c2c4
1r1q1rk1/1p1n1ppp/p2p1n2/P2Pp3/2P5/1N2Q3/1P2BPPP/RR4K1 b - -,f8e8 b3d2 e5e4 h2h3 h7h5 b2b4 e8e5 a1a3 d8e7 e3d4
rnbqk1nr/p1pp1ppp/4p3/1pb5/3P4/2N5/PP2PPPP/R1BQKBNR b KQkq -,c5b4 a2a3 b4c3 b2c3 c8b7 f2f3 d7d5 a3a4 b5a4 d1a4
r2q1rk1/3np1bp/3pb1p1/p2Nn1P1/1p2P3/1P3P2/PBP4Q/1K1R1BNR b - -,h7h6 g5h6 g7f6 d5f6 e7f6 f3f4 e5g4 h2g3 d7c5 f1c4
6k1/1p4p1/p6p/P2p3K/3R4/8/1P3P2/8 b - -,g8f7 d4d5 f7e6 d5c5 e6d6 c5f5 g7g5 h5h6 g5g4 h6g5
r1bq2B1/pp1p3Q/2pk1pp1/2b1p3/4P3/2N5/PPnP1PPP/1RB2RK1 b - -,a7a5 d2d3 b7b5 h7g6 d6c7 g8b3 c2d4 c1e3 a5a4 b3f7
8/8/6K1/2Q1k2p/4P3/P4q2/1P6/8 b - -,e5f4 c5f8 f4e3 f8f3 e3f3 g6h5 f3f4 a3a4 f4e5 h5g5
8/8/4k1K1/7P/p7/P7/P7/8 b - -,e5f4 c5f8 f4e3 f8f3 e3f3 g6h5 f3f4 a3a4 f4e5 h5g5
8/2B5/8/7p/5pk1/3K4/7P/8 b - -,
1r1q1k1r/p3ppbp/b1Q3p1/1p1B4/3p1B2/6P1/PP2PP1P/R4RK1 b - -,a6b7 c6b5 e7e5 b5c5 f8g8 d5b7 e5f4 b7d5 b8c8 c5b5
r2r2k1/pp2ppbp/3p2p1/8/2P1P3/2N1B3/PP3PPP/3R1RK1 b - -,a8c8 c3d5 c8c4 d5e7 g8f8 e7d5 c4e4 b2b3 d8e8 a2a4
r1R5/4k3/2pN4/pp6/8/4K3/PP4pr/6R1 b - -,
r2q1rk1/b1p2pp1/p2pbnnp/1p2p3/1P2P3/1BPP1NNP/P3QPP1/R1B1R1K1 b - -,c7c5 b4c5 a7c5 b3e6 f7e6 d3d4 c5b6 a2a4 b6a5 d4e5
8/3k4/8/6p1/5B2/5K2/8/8 b - -,
K7/3q4/PP4k1/8/8/8/5P2/8 b - -,
2b2rk1/p3ppbp/2p3p1/3n4/3B4/q1N2P2/P1PQ2PP/1K1R1B1R b - -,g7d4 c3a4 d5c3 d2c3 d4c3 a4c3 a3c3 d1d3 c3e1 b1b2
4K3/1k6/3bP3/8/P7/8/3B4/8 b - -,g7d4 c3a4 d5c3 d2c3 d4c3 a4c3 a3c3 d1d3 c3e1 b1b2
3K4/7Q/5p2/3p1k2/8/3q4/8/8 b - -,g7d4 c3a4 d5c3 d2c3 d4c3 a4c3 a3c3 d1d3 c3e1 b1b2
r3r1k1/4b2p/4B3/8/1q6/P7/K1Q2P1P/2N5 b - -,g8f8 c2f5 f8g7 f5g4 b4g4 e6g4 e8b8 c1b3 a8a3 a2b2
2r1qrk1/p1p2p1p/2n2np1/3p1b2/R2P1P2/B1P2NP1/3QP1BP/5RK1 b - -,c6d4 d2d4 c7c5 d4d1 e8e3 g1h1 f6e4 d1e1 e4c3 a3c1
8/7k/4p2p/bp2Pp2/5P2/2Pp4/3B3P/6K1 b - -,a5c7 g1f2 c7b6 f2g2 h7g6 g2f3 b6g1 f3g2 g1c5 g2g3
r3r1k1/3b1p2/2p2qp1/8/3PB1n1/5NP1/2Q2PK1/1R2R3 b - -,
r1bbkr2/3q2Q1/p2P4/5p2/3B1P2/7R/PpP4P/4R1K1 b - -,f6e6 e4d3 e6d6 e1e8 a8e8 b1b7 g8g7 c2c3 d6d5 d3c4
r7/pb3R2/2p5/1p6/8/5R2/PPK3k1/5Bq1 b - -,g1f1 f3f1 c6c5 f1f6 b7e4 c2d2 a8g8 f7a7 b5b4 a7c7
8/1R6/8/8/N7/k7/2K5/q7 b - -,a1d4 b7b3 a3a4 b3d3 d4e5 c2d2 a4b4 d3e3 e5f5 d2e2
r5k1/pp1b2q1/2p5/3p4/1P1NpR2/P5p1/4P1K1/3R1Q1r b - -,a1f1 b7b3 a3a4 b3e3 a4b4 c2d2 f1f5 d2e2 b4c4 e3a3
8/7K/7P/8/p3k3/P7/P7/8 b - -,a1f1 b7b3 a3a4 b3e3 a4b4 c2d2 f1f5 d2e2 b4c4 e3a3
2q5/K7/PP4k1/8/8/8/5P2/8 b - -,
r1bqk1nr/1pppb1pp/p1n5/4pp2/P1B1P3/3P1N2/1PP2PPP/RNBQ1RK1 b kq -,d7d6 b1c3 f5f4 c3d5 c8g4 c2c3 g8f6 d3d4 d8d7 h2h3
r7/pb3R2/2p5/1p6/8/8/PPK3k1/5R2 b - -,c6c5 f1f6 b7e4 c2d2 a8g8 f7a7 b5b4 a7c7 g8g5 a2a4
7K/8/7P/8/p7/P3k3/P7/8 b - -,c6c5 f1f6 b7e4 c2d2 a8g8 f7a7 b5b4 a7c7 g8g5 a2a4
5rk1/2q2ppp/pr1p1n2/2NPp3/2P5/4Q3/1P2BPPP/RR4K1 b - -,h7h6 c5a6 c7b7 c4c5 f6d5 e3d2 d6c5 a6c5 b7c6 b1c1
r1bqk1nr/1pp1b1pp/p1np4/4pp2/P1B1P3/2NP1N2/1PP2PPP/R1BQ1RK1 b kq -,f5f4 c3d5 h7h5 c2c3 g7g5 d3d4 h5h4 b2b4 e7f6 d1b3
7k/pp2R1pp/6b1/8/1r6/5BP1/P4P1P/6K1 b - -,h7h5 e7b7 b4a4 h2h4 a4a3 b7b3 a3b3 a2b3 a7a5 f3d1
r4r1k/1pNqbnpp/p1npbp2/4p3/PP1P4/1BP2N2/5PPP/R1BQR1K1 b - -,e6b3 d1b3 d7c7 d4d5 c6d8 c3c4 f6f5 c1b2 e5e4 f3d2
2b2rk1/p3pp1p/2p3p1/3n4/3Q4/q1N2P2/P1P3PP/1K1R1B1R b - -,d5c3 d4c3 a3c3 d1d3 c3e1 b1b2 c8f5 d3c3 e1d1 f1c4
rnbq1rk1/1pp1bpp1/p2p3p/P2Pp3/2B1P3/2P2N2/1P3PPP/R1BQR1K1 b - -,c8g4 h2h3 g4f3 d1f3 e7g5 b2b4 g5c1 a1c1 b8d7 c4b3
1B6/8/8/7p/5p2/3K1k2/7P/8 b - -,h5h4 b8d6 f3g4 d3e2 f4f3 e2e3 g4h3 e3f2 h3g4
r1bq2n1/pp1pk1Q1/2p2pp1/2b1p3/2BnP3/2N5/PPPP1PPP/R1B2RK1 b - -,e7d6 c4g8 d6c7 d2d3 d4c2 a1b1 a7a5 c3e2 a5a4 c1d2
r1bqr1k1/pp4p1/2p3p1/3pBp1n/3P3b/2NBPP1P/PP1Q2P1/R4RK1 b - -,h5g3 f1c1 a7a5 a2a3 a5a4 d3c2 b7b5 b2b3 a4b3 c2b3
1rbq1rk1/3n2pp/pp1p4/3Pppb1/1PP5/P1N1BP2/3QB1PP/R4RK1 b - -,g5f6 e2d3 f6e7 g1h1 h7h6 d2c2 e7g5 e3f2 d8f6 c3a4
8/1p3kp1/p6p/P2R3K/8/8/1P3P2/8 b - -,f7e6 d5c5 e6d6 c5f5 g7g5 h5h6 g5g4 h6g5 g4g3 f2g3
1r3rk1/3q1pbp/p1npp1p1/2p5/1PPnPP2/P1N1B1PP/6B1/1R1Q1RK1 b - -,d7a7 e4e5 f8c8 e5d6 c5b4 a3b4 c6b4 c3e4 c8c4 g1h2
7k/pp2R1pp/6b1/8/8/5BP1/P4PKP/1r6 b - -,b1b5 e7b7 b5b7 f3b7 g6h5 f2f4 h8g8 g2f2 g8f8 f2e3
6k1/6p1/2r1p1p1/1p1p4/p2P4/P7/1Pq4P/K4RQ1 b - -,b5b4 g1g5 c2e2 g5d8 g8h7 d8h4 e2h5 h4h5 g6h5 b2b3
6k1/1p3p2/pb2pp2/2P4p/1P3r2/7P/1B1R1PP1/6K1 b - -,e6e5 c5b6 f4b4 f2f4 b4b6 f4e5 a6a5 e5f6 a5a4 d2d8
8/8/4k1pp/8/P2K2PP/8/8/8 b - -,e6e5 c5b6 f4b4 f2f4 b4b6 f4e5 a6a5 e5f6 a5a4 d2d8
5k2/8/6p1/4R1Kp/1r4P1/5P1P/8/8 b - -,h5g4 f3g4 f8f7 e5c5 b4b7 g5h6 b7b3 h3h4 b3b4 c5g5
r2q1rk1/b4pp1/p1ppbnnp/1p2p3/1P2P3/1BPPBNNP/P3QPP1/R3R1K1 b - -,a7e3 e2e3 a6a5 d3d4 d8c7 e1d1 f8c8 b3e6 f7e6 a2a3
8/6p1/5pPp/4pP1P/4P3/3k4/8/2K5 b - -,d3e4 c1d2 e4f4 d2d3 e5e4 d3e2 f4f5 e2f2 f5f4 f2f1
6K1/8/7P/8/p7/P7/P3k3/8 b - -,d3e2 c1c2 e2e3 c2b3 e3e4 b3c4 e4f5 c4d5 e5e4 d5d4
r2qr1k1/b1pb1p2/3p1nn1/pP1Pp1B1/B1P1P3/R6P/1P3PP1/1N1QR1K1 b - -,g8g7 a3f3 g6f4 b1c3 e8h8 f3f4 e5f4 e4e5 d6e5 e1e5
2N5/4k3/2p5/pp6/8/4K3/PP4pr/6R1 b - -,
rnb1kb1r/pp3ppp/4p3/2pQ4/8/3P4/PPP2PPP/RNB1K1NR b KQkq -,h7h6 d5e4 f8e7 g1f3 b8c6 e1h1 c8d7 b1a3 e8h8 c1h6
3RQ3/2p2ppk/1p3q1p/p6P/8/1P6/1PP5/K7 b - -,f6d8 e8d8 g7g6 d8f8 g6h5 f8f7 h7h8 a1a2 h5h4 f7f6
2nr1r1k/1p4np/p1p2p1Q/8/PPBP3R/3q4/6PP/5RK1 b - -,d3c2 c4a2 f8g8 f1c1 c2g2 g1g2 g7f5 a2g8 d8g8 g2h1
1r1q1k1r/p4pbp/b1Q3p1/1p1Bp1B1/3p4/6P1/PP2PP1P/R4RK1 b - -,b8b6 g5d8 b6c6 d5c6 b5b4 f1c1 f8g8 c6d5 h7h6 d5c4
1r2qrk1/p1p2p1p/2n2np1/3p1b2/R1PP1P2/B4NP1/3QP1BP/5RK1 b - -,b8b6 a3f8 g8f8 c4d5 f6d5 f1c1 f5e4 a4a1 b6b3 d2a2
r4rk1/ppp2pbp/1nq3p1/3N4/8/P6P/BPP1QPP1/3R1RK1 b - -,f8e8 e2g4 g7b2 d5b6 a7b6 d1d7 e8f8 a2d5 h7h5 d5c6
r1bqk2r/ppp2ppp/3p1n2/2b1p3/2B1P3/2P1BQ2/PP3PPP/RN3RK1 b kq -,c8g4 f3g3 c5e3 g3e3 f6h5 g2g3 h5f6 a2a4 g4h3 f1d1
r1bq2n1/pp1p1Q2/2pk1pp1/2b1p3/2BPP3/2N5/PPn2PPP/R1B2RK1 b - -,c2d4 f7g6 b7b6 c1e3 d6c7 g6g8 d8g8 c4g8 c8a6 g8b3
1rbq1rk1/3n2pp/pp1p4/3Ppp2/1PP5/P1N1QP2/4B1PP/R4RK1 b - -,h7h6 a1c1 d8h4 f1e1 h4f6 e1d1 e5e4 f3f4 g7g5 g2g3
rnb1k2r/pp2bppp/1q2pn2/2pP2B1/3P4/2N1PN2/PP3PPP/R2QKB1R b KQkq -,a7a6 g5f6 e7f6 f1c4 c5d4 e3d4 e8h8 e1h1 e6d5 c3d5
rnb3qk/ppppr3/3b1pBB/4pN1Q/4P3/3P4/PPP2PPP/R3K2R b KQ -,a7a6 g5f6 e7f6 f1c4 c5d4 e3d4 e8h8 e1h1 e6d5 c3d5
8/5pp1/1nN4k/p7/2p5/2K1P2P/PP3PP1/8 b - -,a5a4 c6d4 h6g5 c3b4 g5f6 b4c5 b6d7 c5c4 d7e5 c4c3
8/r4pk1/5p2/4pP2/p3P2P/P1RPK3/8/8 b - -,a7b7 c3c4 b7a7 c4c6 a7a5 c6c7 a5a6 h4h5 a6a5 e3e2
r1b1k2r/ppq1bppp/2n1p3/2pn4/2N1P3/3P1NP1/PPQ2PBP/R1B2RK1 b kq -,c6b4 c2e2 d5b6 c1f4 c7d8 f1d1 b4c6 d3d4 c5d4 c4e5
8/6P1/5K2/8/8/8/8/1k5r b - -,
7k/R5pp/1p4b1/8/8/5BP1/P4PKP/1r6 b - -,g6e8 a7a8 b1e1 f3c6 g7g5 c6e8 h8g7 a8a7 g7f8 e8a4
6K1/7P/8/8/p7/P4k2/P7/8 b - -,g6e8 a7a8 b1e1 f3c6 g7g5 c6e8 h8g7 a8a7 g7f8 e8a4
r2qr1k1/2pb1p2/3p1nn1/pP1Pp1B1/B1P1P3/R6P/1P3bP1/1N1QR2K b - -,f2h4 g5h4 g6h4 e1f1 g8g7 b1d2 e8h8 c4c5 d6c5 d2c4
2bRnk1Q/pr4q1/1pp1p1p1/2p1P3/2P2P2/8/PP4P1/2K4R b - -,g7h8 h1h8 f8f7 h8e8 a7a5 e8g8 c8d7 d8f8 f7e7 g8h8
r1b1k2r/ppp2ppp/2n5/4q3/1b6/P1N1P3/1PQB1PPP/R3KB1R b KQkq -,b4a5 f1d3 c8e6 e1h1 e8a8 d2e1 g7g6 a1d1 h8e8 b2b4
r1b1r1k1/p4pp1/2pBp1np/8/4NP1P/3R4/PPP5/2K3R1 b - -,e6e5 d3e3 e8d8 d6e5 g6e5 f4e5 d8d4 h4h5 c8e6 b2b3
r1n3k1/6pp/2bpp1q1/2p2p2/2P2P2/RPB1P3/3Q2PP/3R1BK1 b - -,h7h5 a3a8 c6a8 d2f2 a8e4 f2g3 g6f7 h2h3 d6d5 g3e1
2nr2rk/1p4np/p1p2p1Q/8/PP1P3R/6P1/B1q4P/5RK1 b - -,g7e8 a2b1 c2b1 f1b1 d8d7 d4d5 c6d5 b1d1 g8g7 h6h5
2r4r/2k2ppp/p1n1b3/Pp2p3/5PP1/2P1B2P/2P3B1/R2R2K1 b - -,h8e8 f4f5 e6c4 e3b6 c7b8 g2e4 g7g6 d1d6 g6f5 g4f5
r2r2k1/p4ppp/2R1pn2/4q3/Q7/2N3P1/PP2PP1P/2R3K1 b - -,h7h5 a4c4 a8b8 b2b3 d8d2 c6c5 f6d5 h2h4 b8d8 a2a4
r1bq1rk1/4bppp/2pp4/1p1n2P1/p7/P1PBBN1P/1PPQ1P2/2K3RR b - -,d5b6 h3h4 b6c4 d3c4 b5c4 h4h5 c8e6 f3d4 d8d7 d4e6
rnbqk1nr/p1pp1ppp/4p3/2P5/8/2p3P1/PP2PP1P/R1BQKBNR b KQkq -,c8b7 g1f3 d8f6 d1c2 b7f3 e2f3 f6f3 c2c3 f3e4 c1e3
rnb1kb1r/pp3ppp/8/2pp4/8/3P1N2/PPP2PPP/RNB1K2R b KQkq -,f7f6 b1c3 c8e6 d3d4 b8c6 c1e3 a8d8 h2h4 e8f7 h4h5
6k1/6p1/2r1p1p1/3p2Q1/pp1P4/P7/1Pq4P/K4R2 b - -,c2e2 g5d8 g8h7 d8h4 e2h5 h4h5 g6h5 b2b3 a4b3 a3a4
r1b2r2/p4k1B/2p1pq2/1p3n2/4N3/6p1/PP1Q4/2K2R1R b - -,f7e7 e4f6 g3g2 d2g2 f5e3 g2g7 e7d8 g7f8 d8c7 f8g7
6KQ/8/8/8/p5k1/P7/P7/8 b - -,f7e7 e4f6 g3g2 d2g2 f5e3 g2g7 e7d8 g7f8 d8c7 f8g7
1r2qrk1/p1p2p1p/5np1/3p1b2/RnPP1P2/B4NP1/4P1BP/3Q1RK1 b - -,f5c2 d1d2 e8a4 a3b4 f6e4 d2e3 a4b4 f4f5 b4c3 e3f4
5rk1/5Rp1/8/p7/4P1P1/7P/2q1PK2/8 b - -,c7c5 d4c5 b4c2 c5c6 e8c6 a3f8 g8f8 a4a2 c6c4 a2c2
6R1/8/7k/r2p3p/4p3/4P1PK/5P2/8 b - -,
6k1/4b1pp/1r6/5p2/8/3rP1N1/2R2PPP/R5K1 b - -,b6d6 g1f1 g7g6 f1e2 h7h5 e2f3 d3d2 c2c7 d6d7 c7d7
8/1r3pk1/5p2/4pP2/p1R1P2P/P2PK3/8/8 b - -,b7b1 c4a4 b1h1 e3d2 h1h4 a4a8 h4h1 d2c2 h1h2 c2c3
8/1kp5/1p4nB/5p2/1PpP4/2P1RPr1/8/K7 b - -,b7c6 e3e2 c6b5 a1b2 g3f3 e2e6 f3g3 h6d2 b5a4 b2c2
2r1r1k1/pp3pp1/3p3p/3Pn3/qP3N2/P1P2bP1/1Q1K1P1P/R4BR1 b - -,f3g4 f1d3 e5f3 d2c1 f3g1 c1b1 g1f3 b1a2 f3e5 d3f1
8/N2k4/2p5/pp6/8/4K3/PP4pr/6R1 b - -,
rn1q1rk1/1pp1bpp1/p2p3p/P2Pp3/2B1P1b1/2P2N1P/1P3PP1/R1BQR1K1 b - -,g4f3 d1f3 e7g5 b2b4 g5c1 a1c1 d8g5 c4b3 b8d7 b3a4
8/1p4p1/p3k2p/P2R3K/8/1P6/5P2/8 b - -,e6d5 f2f3 d5d4 h5g6 d4e3 g6g7 h6h5 g7f6 h5h4 f6e5
rnb3qk/pppp3B/3b1p1B/4pN1Q/4P3/3P4/PPP2PPP/R3K2R b KQ -,e6d5 f2f3 d5d4 h5g6 d4e3 g6g7 h6h5 g7f6 h5h4 f6e5
r1bkr3/bppp2pp/3q1p2/p2Nn3/1PP2B2/P1Q1P3/4BPPP/3R1RK1 b - -,d6e6 f4g3 c7c6 d5f4 e6f7 c4c5 a5b4 a3b4 a7b8 d1a1
6k1/1p4p1/p4p1p/P2pr2P/3R1P2/6P1/1P4K1/8 b - -,e5h5 b2b4 g8f7 g3g4 h5h4 g2g3 g7g5 f4g5 h6g5 d4d5
2bRnk1R/pr6/1pp1p1p1/2p1P3/2P2P2/8/PP4P1/2K5 b - -,f8f7 h8e8 c8d7 e8g8 b7c7 d8f8 f7e7 g8h8 a7a6 f8a8
2r2rk1/1bq2p1p/p5p1/1ppPb3/4B3/P3B2P/1PQ2PP1/3R1RK1 b - -,
r1b1r1k1/p4pp1/2pB2np/4p2P/4NP2/3R4/PPP5/2K3R1 b - -,c8f5 h5g6 e5f4 e4c5 f5d3 c2d3 f7g6 d6f4 g6g5 f4d2
r1R5/p5k1/2p5/1p2p3/8/2N3p1/PPr5/3K3R b - -,g3g2 h1g1 c2f2 g1g2 f2g2 c8a8 g2b2 a8a7 g7f6 a7a6
rnb1k2r/pp2ppbp/1qpp1np1/8/3PP3/2N1B3/PPPQNPPP/2KR1B1R b kq -,
r1bq1rk1/pp2ppbp/5np1/2ppN3/1n3P2/1PP1P3/PB1PB1PP/RN1Q1RK1 b - -,c8f5 c3b4 c5b4 d2d3 h7h5 b1d2 a8c8 f1f2 f6d7 g2g4
r1bq1rk1/4bppp/2pp4/1p1n2P1/p6P/P1PBBN2/1PPQ1P2/2KR3R b - -,c8e6 f3d4 e6d7 f2f4 f8e8 e3f2 d5b6 f4f5 b6c4 d2f4
2r4r/1k3ppp/p1n1b3/Pp6/2P2BP1/7P/2P3B1/R2R2K1 b - -,b5b4 a1b1 c8d8 d1d8 h8d8 b1b4 b7c8 g2c6 d8d1 g1f2
2n3k1/6pp/2bpp1q1/2p2p2/1PP2P2/r1B1P3/3Q2PP/3R1BK1 b - -,c6f3 d1e1 f3c6 b4c5 d6c5 e1a1 a3a1 c3a1 g6e8 d2a5
r1bqk2r/ppp2ppp/3p1n2/4p3/2B1P3/2P1Q3/PP3PPP/RN3RK1 b kq -,f6h5 g2g3 h7h6 b1a3 c8h3 f1d1 d8g5 a3c2 h3e6 c4e6
2r3k1/5p1p/p5pb/3P4/Pp2PqP1/1P3N2/4KP2/1Q5R b - -,c8c3 h1h3 f4g4 h3g3 g4h5 d5d6 h5c5 f3e1 c5d6 b1d1
6R1/8/7k/3p3p/4p2K/4P1P1/r4P2/8 b - -,
r1b1r1k1/p4pp1/2pB1N1p/4p2P/5n2/3R4/PPP5/2K3R1 b - -,
8/5pk1/p1r2p2/4pP1p/4P2P/R2P1KP1/P7/8 b - -,g7f8 g3g4 h5g4 f3g4 a6a5 g4f3 c6a6 a3c3 a5a4 a2a3
3rr1k1/pbq2ppp/1p3n2/2Bp4/P1P5/3BPN2/5PPP/2RQ1RK1 b - -,
8/6p1/5pPp/4pP1P/4k3/8/3K4/8 b - -,e4f5 d2e3 f5g4 e3e4 g4g5 e4e3 f6f5 e3f3 g5h5 f3g3
8/N1k5/2p5/pp6/8/5K2/PP4pr/6R1 b - -,
2r3k1/6p1/4p1p1/3p4/pp1P4/P3Q3/1Pq4P/K4R2 b - -,e6e5 a3b4 a4a3 e3a3 e5e4 a3a6 g8h7 f1e1 c8f8 b4b5
r4rk1/1bp2pp1/pp6/4pPP1/2B1nn1R/2N5/PPPB4/2KR4 b - -,e4f2 d1f1 f4g2 h4h5 b7f3 f1f2 f3h5 f2g2 b6b5 c4d5
8/R7/2pR4/pp2pbk1/8/PK6/1P6/4q3 b - -,e4f2 d1f1 f4g2 h4h5 b7f3 f1f2 f3h5 f2g2 b6b5 c4d5
1r2qrk1/p1p2p1p/5np1/5b2/RnpP1P2/B4NP1/4P1BP/2Q2RK1 b - -,e8a4 a3b4 b8b4 c1e3 a4b3 e3e7 b4b6 h2h3 f6d5 e7c5
rnb1k1nr/p1ppqppp/4p3/2P5/1P6/2p3P1/P3PP1P/R1BQKBNR b KQkq -,c8b7 g1f3 a7a5 d1d4 e7f6 d4f6 g8f6 b4b5 a5a4 c1a3
1r1q1rk1/5ppp/p2pb1n1/1p1Np1b1/4P3/2PQN1P1/PP2BP1P/R4RK1 b - -,g5e3 d5e3 d8g5 g1h1 f8d8 e2f3 g5f6 f3g2 a6a5 h2h4
r1b1N2k/p4pp1/2pB3p/4p2P/5n2/3R4/PPP5/2K3R1 b - -,
8/8/3k2pp/P7/3K2PP/8/8/8 b - -,f4e2 c1d2 e2g1 d6e5 c8f5 d3g3 a8d8 e8d6 f7f6 d2e1
8/5pp1/1n5k/4N3/p1p5/2K1P2P/PP3PP1/8 b - -,h6g5 e5f7 g5h4 f7d6 b6d7 d6c4 d7f6 c4d6 g7g5 c3c4
6k1/5p1p/p5pb/3P4/Pp2PqP1/1Pr2N1R/4KP2/1Q6 b - -,f4g4 h3g3 g4h5 d5d6 h5c5 f3e1 c5d6 b1d1 d6f4 g3c3
3K4/2Q5/3k1p2/8/3p4/3N3q/8/8 b - -,f4g4 h3g3 g4h5 d5d6 h5c5 f3e1 c5d6 b1d1 d6f4 g3c3
r5k1/pp4q1/2p5/3p4/1P1NpR2/P5pb/4P3/3R1Q1K b - -,f4g4 h3g3 g4h5 d5d6 h5c5 f3e1 c5d6 b1d1 d6f4 g3c3
r2q1rk1/pb1nbppp/1p1ppn2/8/3NP3/1P1B4/PBPNQPPP/R4RK1 b - -,d7c5 a1d1 f6d7 c2c4 c5d3 e2d3 d7c5 d3g3 e7f6 b2c3
2bRR3/pr3k2/1pp1p1p1/2p1P3/2P2P2/8/PP4P1/2K5 b - -,c8d7 e8g8 b7c7 d8f8 f7e7 g8h8 a7a5 f8a8 c7c8 a8c8
r4rk1/ppp3p1/4q2b/Q7/3p4/4B3/P3KP2/R6R b - -,c8d7 e8g8 b7c7 d8f8 f7e7 g8h8 a7a5 f8a8 c7c8 a8c8
r1b2r2/p4k1B/2p1pq2/1p3n2/4N3/8/PP4Q1/2K2R1R b - -,f7e8 e4f6 e8d8 h7f5 d8c7 g2g7 c8d7 g7d7 c7b6 d7e6
5k2/8/6p1/4K2p/6P1/5P1P/8/8 b - -,f7e8 e4f6 e8d8 h7f5 d8c7 g2g7 c8d7 g7d7 c7b6 d7e6
1r3r2/p2q2kp/2np1pp1/1pp1pP2/2P1P3/1P1P2P1/P2QN1KP/1R3R2 b - -,f8f7 g3g4 b5b4 f1f2 a7a5 e2g3 b8g8 h2h3 c6d4 b1f1
r2r2k1/pp2pp1p/3p2p1/8/2P1P3/2P1B3/P4PPP/3R1RK1 b - -,d8e8 c4c5 d6c5 d1d7 b7b6 f1d1 f7f6 g2g4 a7a5 e4e5
8/2p5/1pk3nB/5p2/1PpP4/2P1RPr1/1K6/8 b - -,c6d5 e3e8 g3f3 h6d2 f5f4 b2c2 f3g3 c2d1 c7c6 d1e1
r1b1qrk1/1pp2pbp/3p1np1/p1nPp3/2P1P1P1/2N1B2P/PP1NBP2/R2QK2R b KQ -,c7c6 h3h4 a5a4 a2a3 e8e7 h4h5 f6e8 d1c2 g7f6 e3c5
r1bq1rk1/4bppp/2pp4/1p4P1/p7/P1PBQN1P/1PP2P2/2K3RR b - -,c8e6 f3d4 e6d7 h3h4 d6d5 h4h5 e7d6 c1b1 d8e7 e3f3
rnbqkb1r/p4ppp/8/2pNP3/2B5/1p6/PP1B1PPP/R2QK2R b KQkq -,c8e6 d1f3 a7a6 c4b3 a8a7 d2c3 f8e7 a1d1 b8d7 e1h1
rnb1Q2k/pppp3q/3b1p1B/4pN2/4P3/3P4/PPP2PPP/R3K2R b KQ -,c8e6 d1f3 a7a6 c4b3 a8a7 d2c3 f8e7 a1d1 b8d7 e1h1
3q1rk1/r4pp1/2ppbnnp/pp2p3/1P2P3/PBPP1NNP/4QPP1/R3R1K1 b - -,e6b3 c3c4 d8d7 g3f5 b5c4 d3c4 d6d5 f3e5 g6e5 e2b2
6k1/5p1p/p5pb/3P4/Pp2PqP1/1P1Q1N1R/4KP2/2r5 b - -,c1c3 d3b1 f4g4 h3g3 g4h5 d5d6 h5c5 f3e1 c5d6 b1d1
8/6R1/2pR4/pp2pbk1/8/PK6/1P6/2q5 b - -,c1c3 d3b1 f4g4 h3g3 g4h5 d5d6 h5c5 f3e1 c5d6 b1d1
5r1k/3r3p/2p1qp1Q/1p2pN2/p3P3/PnN3RP/1P1n1RP1/6K1 b - -,e6g8 g3g8 h8g8 h3h4 g8f7 h6h7 f7e8 h7h6 f8f7 h6g6
r3r1k1/pR3ppp/2p3n1/3pP3/3P1P2/7P/q1BQ2P1/5R1K b - -,a8d8 f4f5 a2a6 f1b1 g6e7 c2d3 a6a3 b7b3 a3a4
r1bq1rk1/ppp2ppp/3p1n2/4p3/2B1P3/2P1Q3/PP1N1PPP/R4RK1 b - -,f6h5 a2a4 a7a5 g2g3 g8h8 e3e2 g7g6 f1e1 d8g5 d2f3
r1b2r2/p4k2/2p1p1B1/1p2qn2/4N3/8/PP4Q1/2K2R1R b - -,d8e7 f2f3 a7a5 f1d1 f6d7 e3e2 a5a4 d2f1 g7g6 f1e3
1r3r2/p2q2kp/2np1pp1/2p1pP2/2P1P3/3P2P1/P2QN1KP/1R3R2 b - -,b8b1 f1b1 g6f5 e2c3 f8f7 c3d5 f5e4 d3e4 d7g4 d2d3
3rr1k1/pb3pp1/1p1n4/3P2n1/6Pq/1P6/PBQ2NBP/2R1R1K1 b - -,d8c8 c2d2 g5h7 c1c8 b7c8 e1e8 d6e8 b2e5 h4d8 d5d6
R5k1/5pp1/8/8/6P1/5K1P/1r6/8 b - -,
rn1qk1nr/pppb3p/3p1pp1/2bPp3/1P2P3/P7/2P1QPPP/RNB1KBNR b KQkq -,c5b6 c2c4 d8e7 g1f3 f6f5 e4f5 d7f5 h2h3 b8d7 g2g4
r1bqkbnr/1ppn1pp1/p6p/4p3/2B1P1P1/2N2N2/PPP2P1P/R1BQK2R b KQkq -,f8c5 d1e2 c7c6 a2a4 d8e7 h1g1 d7b6 c4d3 g8f6 a4a5
2n3rk/1p1r2np/p1p2p1Q/8/PP1P3R/6P1/2q4P/1B3RK1 b - -,c2b1 f1b1 g7e8 d4d5 c6d5 b1d1 g8g7 h6h5 d7e7 h5d5
r1bkr3/bppp2pp/4qp2/p1PNn3/1P3B2/P1Q1P3/4BPPP/3R1RK1 b - -,g7g5 b4b5 g5f4 e3f4 a7b8 f1e1 e6f5 g2g3 c7c6 d5b6
r1bq1rk1/1p1nb1pp/p2p4/3Ppp2/2P5/2N5/PPQBBPPP/R4RK1 b - -,a8b8 g1h1 e7g5 a1d1 g5d2 c2d2 e5e4 b2b4 b7b6 d2d4
r1bq2n1/pp1p1Q2/2pk1pp1/2b1p3/2BnP3/2N5/PP3PPP/R1BR2K1 b - -,d6c7 c1e3 a7a5 f7g8 d8g8 c4g8 d7d6 g8f7 c8g4 d1d2
r5k1/pp4q1/2p5/3p4/1P1NpR2/P6b/4P1pK/3R1Q2 b - -,d6c7 c1e3 a7a5 f7g8 d8g8 c4g8 d7d6 g8f7 c8g4 d1d2
1r1q1k1r/p5bp/b1Q2pp1/1p1Bp3/3p4/6P1/PP1BPP1P/R4RK1 b - -,b5b4 c6e6 d8e7 e6a6 e7d7 d5e6 d7b7 a6d6 f8e8 e6d5
8/N1k5/2p5/p7/1p6/5K2/PP4Rr/8 b - -,
r1bqr1k1/p5bp/1pn3p1/2Pn1pN1/4p3/1P2PN2/PB1QBPPP/2R2RK1 b - -,c6b4 b2g7 g8g7 a2a3 b4a6 d2d4 d5f6 d4d8 e8d8 c5b6
r3r3/3b1pk1/2p2qp1/8/3PB1n1/5NP1/2Q2PK1/3RR3 b - -,a8a3 d1a1 a3a1 e1a1 f6e6 e4d3 e8h8 d3c4 e6e7 a1e1
8/8/2k3pp/P3K3/6PP/8/8/8 b - -,a8a7 d1a1 a7b7 a1c1 b7b8 c2d2 b8d8 c1c5 e8e6 f3g5
rn1qkbnr/pb3ppp/1p1pp3/2p5/4P3/1P1B1N2/P1PP1PPP/RNBQR1K1 b kq -,b8c6 c1b2 g8f6 d3f1 f8e7 d2d4 c6d4 f3d4 c5d4 d1d4
6k1/1p4p1/p4p1p/P2pr2P/1R6/6P1/1P3PK1/8 b - -,d5d4 b4b7 e5a5 b7d7 a5h5 d7d4 h5b5 b2b4 b5b6 g2h3
8/2B5/8/8/6kp/5p2/7P/6K1 b - -,g4h3 c7b6 h3g4 b6f2 g4h3 f2e3 h3g4
7k/2q3p1/7p/5b2/8/8/1Q3PPP/2R1R2K b - -,c7d6 b2e5 d6e5 e1e5 f5d3 c1c7 h8h7 f2f3 h7g6 e5e6
1rbq1rk1/4bppp/2pp4/1p4P1/p6P/P1PBQN2/1PP2P2/2K3RR b - -,c6c5 e3e4 g7g6 h4h5 c8b7 e4f4 b7a8 h5g6 f7g6 f4h4
3R2R1/pr1b1k2/1pp1p1p1/2p1P3/2P2P2/8/PP4P1/2K5 b - -,b7c7 d8f8 f7e7 g8h8 b6b5 f8a8 c7c8 a8c8 d7c8 h8c8
K7/PP6/2q5/5k2/5P2/8/8/8 b - -,b7c7 d8f8 f7e7 g8h8 b6b5 f8a8 c7c8 a8c8 d7c8 h8c8
2r4r/1k3ppp/p1n1b3/P7/1pP2BP1/7P/2P3B1/1R1R2K1 b - -,h8e8 b1b4 b7a7 f4e3 a7a8 b4b6 e6c4 b6c6 c8c6 g2c6
8/B6p/2k5/4p3/6p1/1r4P1/5P1P/6K1 b - -,b3a3 a7b8 c6d5 g1g2 a3f3 h2h3 h7h5 b8c7 f3b3 c7d8
8/8/8/8/3q4/8/kRK5/3N4 b - -,
r1b1R3/p5kR/2p5/1p2p3/5r2/2N5/PPB3p1/2K5 b - -,g7f6 e8f8 f6e6 f8g8 e6d6 g8g2 f4f1 c1d2 d6c5 g2g8
r4rk1/ppp3p1/4q2b/Q7/8/4pP2/P3K3/R6R b - -,g7f6 e8f8 f6e6 f8g8 e6d6 g8g2 f4f1 c1d2 d6c5 g2g8
r1b1r1k1/p4pp1/2pBp1np/8/4NP2/6R1/PPP4P/2K3R1 b - -,g8h8 d6e5 e8g8 e4d6 g6e5 f4e5 h8h7 d6f7 c8a6 f7d6
3r1r2/pp4k1/2pq1p1p/P4RnQ/1P1PPR2/1B6/6P1/7K b - -,d6b4 f4h4 b4e1 h1h2 e1h4 h5h4 d8d4 h4f4 g7g6 f4e3
r1bq2n1/ppkp1Q2/2p2pp1/2b1p3/N1BnP3/8/PP3PPP/R1BR2K1 b - -,c5e7 f7g8 b7b5 a4c3 d8g8 c4g8 c8a6 g8b3 b5b4 c3a4
2r2rk1/1b3p1p/p2q2p1/1ppPb3/8/P3BB1P/1PQ2PP1/3R1RK1 b - -,
r1b1nrk1/2q1b1P1/p2ppp2/7Q/3BPP2/2pB3R/PPP4P/R5K1 b - -,e8g7 h5g6 c3b2 a1b1 a8a7 e4e5 f6f5 d3e2 e7h4 h3h4
r1bq1rk1/1p3pp1/1bp3np/pP6/PnBPN3/1Q3N1P/5PP1/R1B1R1K1 b - -,d8c7 c1d2 c6b5 a4b5 c8f5 d2b4 a5b4 a1a8 f8a8 e4g3
8/N1k5/2p5/p7/1p6/8/PP4K1/8 b - -,
5r2/p2q2kp/2np1pp1/2p1pP2/2P1P3/3P2P1/P2QN1KP/1R6 b - -,g6f5 e2c3 f8f7 c3d5 f5e4 d3e4 d7g4 d2d3 c6d4 h2h3
8/R4ppk/8/8/6P1/5K1P/1r6/8 b - -,
r1b2r2/p3k3/2p1p1B1/1p2qnQ1/4N3/8/PP6/2K2R1R b - -,b2b3 f3g2 h7g6 h3h4 b3b4 g2g3 f7f6 a7a3 g6h7 a3a6
6k1/5p1p/p5pb/3P4/Pp2P1q1/1Pr2NR1/4KP2/1Q6 b - -,g4h5 d5d6 h5c5 f3e1 c5d6 b1d1 d6f4 g3c3 b4c3 d1d4
1B6/8/8/8/7p/5p1k/7P/6K1 b - -,h3g4 b8c7 g4h3 g1f2 h3g4 c7g3 h4g3 h2g3 g4f5 f2f3
4rrk1/ppp1Npbp/1nq3p1/8/8/P6P/BPP1QPP1/3R1RK1 b - -,e8e7 e2e7 g7f6 e7b4 a7a5 b4b3 a5a4 b3b4 f6e5 c2c3
1rbq1rk1/4bppp/3p4/1pp3P1/p3Q2P/P1PB1N2/1PP2P2/2K3RR b - -,f7f6 e4h7 g8f7 d3g6 f7e6 g6f5 e6d5 f5e4 d5e6 h7f5
8/B6p/2k5/4p3/6p1/6P1/5PKP/1r6 b - -,b1b3 g2f1 c6d5 f1g2 b3a3 a7b6 h7h6 g2g1 a3b3 b6a7
rn2R3/5pkp/p1Q3p1/1p1p4/4B3/8/P1P2P1P/6K1 b - -,b8c6 e8a8 d5e4 a8a6 c6d4 a6a5 h7h5 g1f1 b5b4 a5c5
7k/6p1/3q3p/4Qb2/8/8/5PPP/2R1R2K b - -,d6e5 e1e5 f5d3 e5e7 h8h7 c1c7 h7g6 e7g7 g6f6 g7d7
6k1/1R4p1/p4p1p/P3r2P/3p4/6P1/1P3PK1/8 b - -,e5a5 b7d7 a5h5 d7d4 h5b5 b2b4 b5b6 g2h3 g8f8 d4c4
rq3rk1/1b3pbp/pp2pnp1/P1n3N1/2B5/2N1B2P/QP3PP1/R4RK1 b - -,b8c7 a5b6 c7b6 c4e2 b6c7 a1c1 h7h6 g5f3 c5d7 f1d1
r1b1qr1k/5p1p/p1Np1npQ/1p4P1/2P1P3/2Nn1P2/PP1K4/R6R b - -,f6h5 h1h5 g6h5 h6f6 h8g8 c3d5 a8a7 c6a7 c8e6 d5e7
8/p7/2p2k2/2R5/1P6/K7/P1q5/3b4 b - -,f6h5 h1h5 g6h5 h6f6 h8g8 c3d5 a8a7 c6a7 c8e6 d5e7
r1bq3r/ppp1k1pn/4p1Q1/6N1/1P1p4/8/5PPP/R3K2R b KQ -,h7g5 g6g5 e7f7 g5f4 f7g8 a1d1 c7c5 b4c5 c8d7 f4d4
3rr1k1/pbq2ppp/5n2/2pP4/P7/3BPN2/5PPP/2RQ1RK1 b - -,
2r2rk1/5pB1/6p1/p2P4/1p3QPP/3K4/8/qR3R2 b - -,a1a3 d3d2 g8g7 f4d4 g7g8 b1a1 a3b3 f1c1 b3h3 c1c8
1rbq1rk1/4bp1p/3p2p1/1pp3PP/p3Q3/P1PB1N2/1PP2P2/2K3RR b - -,c8g4 e4g4 g8g7 g4h4 f8h8 g1e1 b8b7 c1b1 d6d5 b1a1
r1bkr3/1p1p2pp/1Pp1qp2/p3n3/1P3B2/P1Q1P3/4BPPP/3R1RK1 b - -,e6a2 e2h5 g7g6 b4b5 a2e6 h5e2 d8e7 b5c6 b7c6 a3a4
4k3/8/r3PK2/5R2/8/5p2/8/8 b - -,e8d8 f5f3 a6a2 f6f7 a2e2 f3f1 e2e3 f1d1 d8c7 d1c1
6k1/5p1p/p5pb/3PP3/Pp3q2/1Pr2NR1/4KP2/1Q6 b - -,h6g7 f3d2 c3g3 f2g3 f4g4 e2f2 g4d4 f2e2 d4d5 b1e4
8/6R1/2pR4/pp2pb2/5k2/P7/KP6/2q5 b - -,h6g7 f3d2 c3g3 f2g3 f4g4 e2f2 g4d4 f2e2 d4d5 b1e4
r1b5/p3k2R/2p1prB1/1p2qnQ1/4N3/8/PP6/2K2R2 b - -,h6g7 f3d2 c3g3 f2g3 f4g4 e2f2 g4d4 f2e2 d4d5 b1e4
8/8/5Kpp/Pk6/6PP/8/8/8 b - -,h6g7 f3d2 c3g3 f2g3 f4g4 e2f2 g4d4 f2e2 d4d5 b1e4
5RR1/p1rb1k2/1pp1p1p1/2p1P3/2P2P2/8/PP4P1/2K5 b - -,f7e7 g8h8 a7a6 f8b8 d7c8 b8c8 c7c8 h8c8 e7d7 c8a8
r4rk1/1bp2pp1/pp6/4pPn1/2B2B1R/2N5/PPP5/2KR4 b - -,a8d8 f4g5 d8d1 c3d1 f8e8 d1e3 b6b5 c4d5 c7c6 d5b3
r2r2k1/1b1nq1p1/p2bp1Qp/1p3p2/1P6/P2BP2P/1B3PP1/RN1R2K1 b - -,d6c7 b2d4 d7f8 g6h5 d8d4 e3d4 e7d6 b1d2 d6h2 g1f1
r3k2r/ppp2ppp/2n5/4qb2/Qb6/P1N1P3/1P1B1PPP/R3KB1R b KQkq -,b4e7 f1b5 e8h8 c3e2 e5b2 d2c3 b2c2 a4c2 f5c2 b5c6
8/5pp1/7k/3nN3/p1K5/4P2P/PP3PP1/8 b - -,d5e7 c4b5 a4a3 b2a3 h6g5 b5c5 g5f6 e5c4 f6e6 a3a4
r1b2rk1/1p1n2pp/p2p4/3Pppq1/2P5/2NB4/PPQ2PPP/R4RK1 b - -,e5e4 d3e2 d7e5 a1d1 c8d7 c4c5 d6c5 d5d6 e5f3 e2f3
5r2/p2q2kp/2np1p2/2p1pP2/2P5/3P2P1/P2QN1KP/1R6 b - -,d7f5 b1b7 f8f7 b7f7 g7f7 e2c3 c6d4 d2d1 h7h5 c3e4
8/R4ppk/8/8/6P1/1r5P/6K1/8 b - -,
2n3k1/6pp/2bpp1q1/5p2/1BP2P2/r3P3/3Q2PP/3R1BK1 b - -,a3a7 c4c5 d6d5 b4c3 h7h6 d1b1 c8e7 c3d4 g8h7 d2c3
5k2/8/1r4p1/4R1Kp/6P1/5P1P/8/8 b - -,h5g4 f3g4 f8g7 e5e7 g7f8 e7c7 b6b3 g5g6 b3h3 c7c8
2rq1rk1/1b3ppp/p7/1p6/2p1BP2/P1P1B2P/5QP1/R4RK1 b - -,b7e4 f1d1 d8f6 e3d4 f6c6 d1e1 f7f5 f2g3 f8f7 a1d1
R7/5pkp/p1n3p1/1p1p4/4B3/8/P1P2P1P/6K1 b - -,d5e4 a8a6 c6d4 a6a5 d4e2 g1f1 e2c3 a5a3 c3d5 c2c3
7k/6p1/7p/4Rb2/8/8/5PPP/2R4K b - -,f5d3 e5e7 h8h7 c1c7 h7g6 e7g7 g6f5 g7d7 d3e4 d7d6
r5k1/6p1/5p2/8/p3P1PP/R7/4PK2/8 b - -,
r1bq1rk1/pp5p/2pp2p1/4b3/2P1PpnP/2NB1N2/PP1Q1BP1/R3K2R b KQ -,c8e6 f2g1 d8a5 g1d4 e5d4 f3d4 a8e8 e1a1 a5c5 d4e6
6k1/3r3p/2p1qp2/1p2pN2/p3P2Q/PnN4P/1P1n1RP1/6K1 b - -,g8f8 f5h6 f8g7 c3e2 d7d3 e2g3 d3g3 h6f5 e6f5 e4f5
5b2/1p4p1/p7/k1P5/8/3N4/P1K3P1/8 b - -,a5b5 d3f4 f8c5 f4e6 g7g6 c2b3 c5e7 a2a4 b5c6 b3c4
8/5p2/p1r2p1k/4pP1p/4P1PP/R2P1K2/P7/8 b - -,a6a5 g4h5 c6a6 a3c3 h6h5 c3c7 a5a4 f3e3 h5h4 c7f7
1rbq1rk1/4bp1p/3p2P1/2p3P1/pp2Q3/P1PB1N2/1PP2P2/2K3RR b - -,c8g4 e4g4 h7h6 g5h6 e7g5 f3g5 b4c3 h6h7 g8g7 g6f7
1r2qrk1/p1p2p1p/5np1/5b2/RnpP1P2/B4NP1/2Q1P1BP/5RK1 b - -,b4c2 a3f8 g8f8 a4a2 e8e3 g1h1 c4c3 h2h3 e3e2 f1e1
8/6p1/5pPp/4pk1P/8/4K3/8/8 b - -,f5g5 e3e4 g5g4 e4e3 f6f5 e3d3 g4g5 d3c3 e5e4 c3d4
6k1/6p1/p4p1p/7r/3R4/6P1/1P3PK1/8 b - -,h5b5 d4d6 a6a5 d6a6 f6f5 b2b3 g8f7 f2f4 g7g5 a6h6
r4rk1/1bp2pp1/pp6/3N1Pn1/2B2p1R/8/PPP5/2KR4 b - -,g7g6 f5f6 b7d5 c4d5 a8e8 d1h1 g5h7 h4h6 g6g5 h6g6
r2qr1k1/2pb1p2/3p1nn1/pP1Pp1B1/B1P1P3/R6P/1P3KP1/1N1QR3 b - -,g6f8 f2g1 f8h7 g5h4 g8h8 c4c5 d6c5 b1d2 d8e7 d2c4
6k1/5p1p/p5pb/3PP3/Pp3q2/1P1Q1NR1/4KP2/2r5 b - -,c1c3 d3b1 h6g7 e5e6 f7e6 d5d6 f4d6 f3g5 d6d5 b1e4
r1bqk1nr/p1pn1pbp/1p1p2p1/8/2BNP3/2P1B2P/PP3PP1/RN1QK2R b KQkq -,c8b7 c4d5 d8c8 d4c6 g8f6 e3d4 e8f8 e1h1 f6d5 e4d5
8/R4ppk/8/8/6P1/6KP/1r6/8 b - -,
2k5/8/2r5/8/3p4/3K1n2/2P1R3/8 b - -,c6c3 d3e4 c8d7 e4f4 d7c6 e2e8 c6d6 e8d8 d6c7 d8d5
5rk1/2R2pp1/8/p7/4P1P1/7P/P1p1PQK1/2q5 b - -,c1d2 f2c5 c2c1q c5c1 d2e2 g2g3 e2a2 c1c2 a2e6 c7c6
1rbq1rk1/4bp2/3p2p1/2p3P1/pp5Q/P1PB1N2/1PP2P2/2K3RR b - -,c1b2 f2e3 b2a2 e3d3 a5a4 c7c2 a2e6 d3d5 e6a6 e4e5
5rk1/pp2b1p1/3qb3/6P1/3p3P/5P2/PP2Q3/1K1RR3 b - -,e6d5 e2e7 d6a6 e7a3 a6a3 b2a3 f8f4 e1e8 g8f7 e8d8
8/6R1/2pR4/pp2p3/5k2/P7/1P6/Kbq5 b - -,e6d5 e2e7 d6a6 e7a3 a6a3 b2a3 f8f4 e1e8 g8f7 e8d8
r2q1rk1/1n3ppp/p7/npppPb2/8/1BP1QN2/PP3PPP/R2R1NK1 b - -,f5e4 f3g5 a5b3 a2b3 e4c2 e5e6 d8f6 d1d5 f7e6 d5d7
2n3k1/r5pp/2bBp1q1/5p2/2P2P2/4P3/3Q2PP/3R1BK1 b - -,c8d6 d2d6 g6e8 d6c5 a7e7 d1d6 c6e4 c5a5 e7d7 c4c5
5R1R/p1rbk3/1pp1p1p1/2p1P3/2P2P2/8/PP4P1/2K5 b - -,a7a6 f8b8 c7c8 b8c8 d7c8 h8c8 e7d7 c8a8 a6a5 a8a7
r3r1k1/pp4pp/3qb3/5pQn/2pPp3/2P4P/PPN1NPP1/R3R1K1 b - -,g7g6 g2g4 h5g7 c2e3 e8f8 e2g3 d6d8 g5d8 a8d8 g4f5
8/1p3k2/p2pr1p1/7p/P1P2Pb1/1P2B1P1/3R1K1P/8 b - -,f7f8 e3a7 f8e7 a7b8 e7d7 c4c5 d6d5 b8e5 d7c6 b3b4
r1bqr1k1/p5bp/1pn3p1/2Pn1pN1/8/1P2PB2/PB1Q1PPP/2R2RK1 b - -,c6b4 b2g7 g8g7 a2a3 d8g5 a3b4 c8e6 f3d5 a8d8 d2c3
2nr1r1k/1p4np/p1p2p1Q/6p1/PP1PqN2/1B5R/6PP/5RK1 b - -,c8e7 b3c2 e4c2 f4d3 c2d3 h3d3 g7f5 h6h5 f5g7 h5d1
r7/5kp1/5p2/8/p3P1PP/R3K3/4P3/8 b - -,
r3rnk1/pp3ppp/2p2P2/3pP3/3P4/7P/q1BQ2P1/1R3R1K b - -,b7b6 c2h7 f8h7 d2a2 e8e6 a2f2 h7f6 e5f6 e6f6 f2g3
r3r1k1/1b2q1p1/p7/1p1P3Q/1P1R4/P7/6PP/5R1K b - -,e8f8 f1d1 f8f6 h5h3 a8e8 h3g3 f6g6 g3f2 e7d6 h2h3
R7/5kpp/1r3b2/5p2/8/3rP1N1/2R2PPP/5K2 b - -,d3d5 f1e2 g7g5 g3h5 f7g6 h5f6 b6f6 g2g3 g6h5 e2f3
2r3k1/6p1/6p1/3pp3/pP1P4/4Q3/1Pq4P/K4R2 b - -,a4a3 e3a3 e5e4 f1e1 c2d2 a3g3 d2b4 a1b1 b4d2 e1e3
7k/2R3p1/7p/4R3/8/3b4/5PPP/7K b - -,h8h7 e5e7 h7g6 e7g7 g6f6 g7d7 d3b5 d7d6 f6e5 d6b6
r1bk4/p6R/2p1prB1/1p2qnQ1/4N3/8/PP6/2KR4 b - -,h8h7 e5e7 h7g6 e7g7 g6f6 g7d7 d3b5 d7d6 f6e5 d6b6
6k1/2Bn2p1/7p/8/2pP3P/2Nb4/5KP1/8 b - -,g8h7 g2g3 h7g6 f2e3 g6f5 d4d5 d7c5 c7d6 c5b7 d6f8
8/8/2k5/6K1/3R4/8/8/8 b - -,g8h7 g2g3 h7g6 f2e3 g6f5 d4d5 d7c5 c7d6 c5b7 d6f8
7k/3r3p/2p1qp1N/1p2p3/p3P2Q/PnN4P/1P1n1RP1/6K1 b - -,d7d6 h4h5 b5b4 a3b4 e6d7 h6f7 h8g7 f7d6 d7d6 h5g4
8/1p6/3p4/p1pP4/P1P2k1p/1P2p2P/4K3/8 b - -,b7b6 e2d1 f4f3 d1c1 e3e2 c1b2 e2e1r b2a2 e1h1 a2b2
r1bkr3/1p1p2pp/1Pp1qp2/4n3/1P3B2/2Q1P3/4BPPP/3R1RK1 b - -,d7d6 d1d6 e6d6 f1d1 d6d1 e2d1 e8e7 d1c2 a8a6 h2h4
r2qk2r/1p2ppQ1/p2p4/2bNnP2/8/6B1/P1P2PPP/1R3RK1 b - -,h8f8 f5f6 e7e6 b1b7 e6d5 b7e7 d8e7 f6e7 e8e7 g3e5
8/5p2/p1r2p1k/4pP2/4P1KP/R2P4/P7/8 b - -,c6d6 g4f3 a6a5 f3e3 d6a6 a3c3 a5a4 c3c7 h6g7 a2a3
rnbqk1nr/ppp3pp/3Bp3/3p1p2/3P4/5N1P/PPP1PPP1/RN1QKB1R b KQkq -,g8f6 d6a3 c7c5 a3c5 f5f4 d1d2 e6e5 f3e5 b8d7 e5d7
8/1k6/2N5/p7/1p6/8/PP4K1/8 b - -,
r2q1rk1/1n3ppp/p7/np1pPb2/2pN4/1BP1Q3/PP3PPP/R2R1NK1 b - -,a5b3 a2b3 f5d3 d4c6 d8e8 c6b4 d3f1 g1f1 e8e6 b4d5
2n3k1/3r2pp/2bBp1q1/2P2p2/5P2/4P3/3Q2PP/3R1BK1 b - -,h7h5 d2a2 d7a7 a2b2 g8h7 d6e5 c8e7 d1d8 a7b7 b2a2
n7/1pr1k1p1/p2Np1bp/P7/2B4P/1P3P2/3RK1P1/8 b - -,b7b5 a5b6 a8b6 c4a6 b6d5 d6e4 c7c1 a6d3 c1h1 g2g3
r1bq2n1/p1kp1Q2/2p2pp1/1pN1p3/2BnP3/8/PP3PPP/R1BR2K1 b - -,d8e7 f7g8 e7c5 c4f1 c5e7 c1e3 d4e6 g8g6 d7d6 g6h5
r1b1k2r/ppq1bppp/2n1p3/2pn4/2N5/P2P1NP1/1PQ1PPBP/R1B2RK1 b kq -,f7f6 c4e3 c7b6 f1d1 c8d7 d3d4 c5d4 e3d5 e6d5 b2b4
rnbqkb1r/pp1p1ppp/5n2/2p5/3pP3/3B1N2/PPP2PPP/RNBQK2R b KQkq -,d7d5 e4d5 d8d5 e1h1 f8e7 f1e1 b8c6 c1f4 e8h8 b1d2
6k1/6p1/p2R1p1p/1r6/8/6P1/1P3PK1/8 b - -,a6a5 d6a6 g8f7 a6a7 f7g6 b2b3 h6h5 f2f4 g6f5 a7g7
r3kb1r/ppq1pp1p/2n5/3p1p2/3Pn3/2P2N1P/PP1N1PP1/R1BQR1K1 b kq -,e7e6 f3e5 c6e5 d4e5 e8a8 d1a4 f8c5 d2e4 d5e4 c1g5
8/5kp1/5p2/r6P/p3P1P1/R3K3/4P3/8 b - -,
r3k2r/ppp2ppp/B1n5/b3qb2/Q7/P1N1P3/1P1B1PPP/R3K2R b KQkq -,f5c8 e1h1 e8h8 a6b5 c8e6 f1c1 f8d8 d2e1 e6d7 c1d1
r1b1kb1r/pp2qpp1/2np3p/2pQ4/4NB2/2P5/PP2PPPP/R3KB1R b KQkq -,c8e6 e4d6 e7d6 d5d6 f8d6 f4d6 b7b6 e2e4 f7f6 b2b3
r3r1k1/2pb1p2/3p2n1/pP1Pp1q1/B1P1R3/6RP/1P3KP1/1N1Q4 b - -,g5e7 b1c3 g8g7 c4c5 d6c5 f2g1 e8h8 b5b6 d7a4 c3a4
r1bq1rk1/pp1nppb1/5np1/2ppN2p/3P1B1P/2PBP3/PP1N1PP1/R2QK2R b KQ -,d7e5 f4e5 f6g4 e5g7 g8g7 d4c5 e7e5 d3e2 d8f6 e2g4
r1br2k1/ppp2pp1/5q1p/b7/B2NPp2/2P4P/P2Q1PP1/2KR1N1R b - -,c7c5 e4e5 f6e7 d4c6 b7c6 d2f4 d8d1 c1d1 a5c3 f1e3
2r3k1/6p1/6p1/3pp3/1P1P4/Q7/1Pq4P/K4R2 b - -,e5e4 f1e1 c2d2 e1e3 d2d4 e3g3 d4f6 b4b5 f6f1 a1a2
8/2R3pk/7p/4R3/8/3b1P2/6PP/7K b - -,h7g6 e5e6 g6h7 e6e7 h7g6 e7g7 g6f5 g7d7 d3b1 d7d6
r3r1k1/1b2q1p1/p7/1p1P3Q/1P6/P2R4/6PP/5R1K b - -,e8f8 f1d1 f8f6 h2h3 e7d6 h1g1 a8f8 h5e2 f6g6 e2e3
8/R4pp1/6k1/8/6PP/6K1/1r6/8 b - -,
r1b1kb1r/pp3ppp/2n5/2pp4/8/2NP1N2/PPP2PPP/R1B1K2R b KQkq -,c8e6 f3g5 e8d7 c1d2 f8e7 h2h4 b7b6 a2a4 a7a6 h4h5
rn1qkb1r/pbp2ppp/1p2pn2/2Pp4/1P1P1B2/P7/4PPPP/RN1QKBNR b KQkq -,
8/8/2k5/p7/1p6/8/PP3K2/8 b - -,
r3r1k1/2pb1p2/3p2n1/pP1Ppq2/B1P1R3/5QRP/1P3KP1/1N6 b - -,g8h8 b1d2 f5f3 d2f3 f7f5 e4e1 e8g8 a4c2 e5e4 f3d4
r2qk2r/ppp1pp1p/2n1bnpb/3p4/3P4/P1NBPN2/1PP2PPP/R1BQ1RK1 b kq -,e6g4 d3e2 h6g7 b2b3 e8h8 c1b2 e7e6 h2h3 g4f3 e2f3
8/5k2/1r4p1/R5Kp/6P1/5P1P/8/8 b - -,h5g4 f3g4 b6b3 a5a7 f7f8 g5g6 b3h3 a7a8 f8e7 a8g8
rnb1k1nr/ppp3pp/3qp3/3p1p2/3P4/4PN1P/PPP2PP1/RN1QKB1R b KQkq -,b8c6 c2c4 c8d7 b1c3 g8f6 a1c1 a7a6 a2a3 c6d8 f3e5
r2qkb1r/pbpn1ppp/1p2pn2/2Pp4/1P1P1B2/P4N2/4PPPP/RN1QKB1R b KQkq -,f6e4 d1c1 c7c6 b1c3 b6c5 b4c5 f8e7 h2h4 e8h8 a1b1
r6r/p4pkp/2p2np1/2P5/3p4/3P4/P3NPPP/1R3RK1 b - -,a8d8 b1b4 f6d7 e2d4 d7c5 d4c6 d8d3 b4c4 c5e6 f2f4
r2k4/p2R3R/2p1prB1/1p2qnQ1/4N3/8/PP6/2K5 b - -,f6d7 e2d4 d7c5 d4c6 c5d3 f1d1 h8c8 c6a7 a8a7 d1d3
8/R4pp1/6k1/8/5KPP/1r6/8/8 b - -,
r1rq2k1/p4pp1/1Pb1p2p/4R3/3PNP2/6P1/3Q1P1P/R5K1 b - -,a7b6 a1e1 a8a5 e4c3 c6b7 e5e3 b6b5 d4d5 b5b4 c3e4
8/2B3p1/5nkp/3P4/2p3PP/2Nb1K2/8/8 b - -,d3f1 c7d8 f1d3 d8a5 d3c2 a5b4 c2d3 b4c5 f6d7 c5e3
r3kb1r/pp3ppp/2n1b3/2pp2N1/8/2NP4/PPP2PPP/R1B1K2R b KQkq -,a8c8 f2f3 h7h5 h2h4 c6d4 e1d1 d4f5 g5e6 f7e6 c1g5
8/6p1/5pPp/4p2P/4K1k1/8/8/8 b - -,f8d6 c1d2 e8d7 h2h4 a7a6 e1a1 a8f8 g5h3 h7h5 h3f4
1r3k1r/p4pbp/b2Q2p1/1p1Bp1q1/3p4/6P1/PP2PP1P/R4RK1 b - -,f8g8 d6b8 g7f8 b8a7 g8g7 a7a6 h7h5 h2h4 g5d8 a6b7
3Rrr1k/ppp1Npbp/1nq3p1/8/8/P6P/BPP1QPP1/5RK1 b - -,e8d8 e7c6 b7c6 c2c3 h8g8 f1e1 d8d6 g2g3 h7h5 g1f1
8/2R3p1/3R3p/5k2/8/3b1P2/6PP/7K b - -,d3f1 c7g7 h6h5 h2h4 f5f4 h1h2 f4e5 d6b6 e5d4 h2g3
r4rk1/p1P1Rpp1/2p4p/2p5/8/2N2P2/PPP2P1P/2KR4 b - -,a7a5 e7d7 f8c8 c3e4 a5a4 e4c5 h6h5 a2a3 h5h4 c5e4
3K1k2/r1N2p2/6p1/5p1p/7P/6P1/4RP2/8 b - -,a7a4 e2e8 f8g7 e8e7 f5f4 g3f4 g7f8 c7d5 a4a8 d8d7
n7/1pr1k1pb/p2Np2p/P7/2B3PP/1P3P2/3RK3/8 b - -,g7g5 h4h5 c7d7 d6c8 e7d8 c8b6 a8b6 a5b6 h7g8 d2c2
7k/pp4pp/6b1/8/7P/5BP1/P4P2/1r2RK2 b - -,
r2qkbnr/pb1n1ppp/1p1pp3/2p5/4P3/1P1B1N2/PBPP1PPP/RN1QR1K1 b kq -,g8e7 d3f1 d6d5 e4d5 e7d5 a2a4 a7a6 b1a3 d5f6 a3c4
8/R4k2/6p1/6Kp/6P1/1r3P1P/8/8 b - -,f7e8 g5g6 h5g4 f3g4 b3h3 g4g5 e8f8 a7a8 f8e7 g6g7
6k1/5pbp/p3P1p1/3P4/Pp3q2/1Pr2NR1/4KP2/1Q6 b - -,f7e6 d5e6 g7h6 e6e7 g8f7 b1b2 f4e4 e2f1 c3f3 g3f3
5b2/1p4p1/p7/1kP5/8/1K1N4/P5P1/8 b - -,f8c5 a2a4 b5c6 b3c4 c5e3 d3b2 c6d6 b2d1 e3b6 d1c3
1Q4kr/p4pbp/b5p1/1p1Bp1q1/3p4/6P1/PP2PP1P/R4RK1 b - -,g7f8 b8a7 g8g7 a7a6 h7h5 h2h4 g5d8 a6b7 d8e7 a1c1
2R5/6pk/1r3p1p/1P2pP2/P1Nn4/6PP/5K2/8 b - -,b6b5 a4b5 d4b5 c8c5 b5d4 c4d6 d4b3 c5c8 h6h5 d6f7
1r2qrk1/p1p2p1p/5np1/4Nb2/RnpP1P2/B5P1/4P1BP/3Q1RK1 b - -,f5c2 g2c6 c2d1 c6e8 d1a4 e8a4 f8d8 f4f5 d8d6 f5g6
8/5p2/2r2p1k/p3pP2/4P2P/R2P1K2/P7/8 b - -,c6c5 f3e3 h6h5 a3b3 c5c7 b3b6 h5h4 b6f6 c7a7 a2a4
8/6p1/R4pk1/8/5KPP/1r6/8/8 b - -,
8/8/8/p1k5/1p6/4K3/PP6/8 b - -,
8/2R3p1/1R5p/5k2/8/5P2/6PP/1b5K b - -,b1a2 c7g7 a2d5 g7e7 h6h5 h2h4 d5c4 h1h2 c4a2 e7g7
2r3k1/6p1/6p1/3p4/1P1p4/Q4R2/1Pq4P/K7 b - -,c2e2 b4b5 c8e8 b5b6 e2b5 a1a2 b5b6 a3a4 e8e3 f3f4
r1bq2n1/p1kp4/2p2pp1/2N1p3/2QnP3/8/PP3PPP/R1BR2K1 b - -,d7d6 d1d4 e5d4 c1d2 a7a5 c5b3 d8e8 b3d4 c8a6 d2a5
7k/pp4pp/8/8/7P/3b2P1/P3BP2/1r2RK2 b - -,
4k3/8/r3PK2/8/8/8/5R2/8 b - -,a6c6 f2h2 e8d8 f6f7 c6c7 f7f8 c7b7 h2d2 d8c7 d2d7
2k2b1r/p3pppp/2B2n2/1q6/3r1B2/6P1/2Q1PP1P/2R3K1 b - -,d4c4 c6b5 c4c2 c1c2 c8b7 c2b2 b7b6 b5e8 b6c5 e8f7
6k1/6bp/p3P1p1/8/Pp3q2/1Pr2NR1/4KP2/1Q6 b - -,g7h6 e6e7 g8f7 b1b2 f4e4 e2f1 c3f3 g3f3 e4f3 b2d4
6k1/pp4p1/q1p3Bb/3rp3/P4P2/1Q1p4/6PP/4R2K b - -,b7b6 e1e5 a6c8 e5e8 c8e8 g6e8 d3d2 e8h5 h6f4 g2g3
7k/pp4pp/8/8/7P/6P1/P3KP2/1r2R3 b - -,
6R1/8/6k1/3p3p/4p2K/4P1P1/r4P2/8 b - -,
2r1r3/1k3ppp/p1n1b3/P7/1RP2BP1/7P/2P3B1/3R2K1 b - -,g6f6 g8f8 f6g6 f8f4 a2c2 h4h3 c2c8 h3g2 c8b8 g2f1
r1b1kb1r/pp2qpp1/3p3p/2pQn3/4NB2/2P1P3/PP3PPP/R3KB1R b KQkq -,a7a6 e1a1 c8e6 e4d6 e7d6 d5d6 f8d6 d1d6 e5g6 f4g3
5bkr/Q4p1p/b5p1/1p1Bp1q1/3p4/6P1/PP2PP1P/R4RK1 b - -,g8g7 a7a6 h7h5 h2h4 g5f5 a1c1 f5d7 a6c6 d7f5 d5e4
4r1k1/2R4p/2p3p1/1p2N1P1/3PP2P/2P1K3/PP6/8 b - -,c6c5 c7c5 e8e6 c5b5 g8f8 e3f4 f8e7 b5b7 e7d8 b7h7
7k/pp4pp/8/8/7P/6P1/P4P2/4K3 b - -,b7b6 e1e2 h8g8 e2d3 g8f7 d3c4 f7e6 c4b5 e6d5 b5a6
rn1q1rk1/ppp1bpp1/3p1n1p/4p3/2B1P1b1/2PP1N2/PP1N1PPP/R1BQR1K1 b - -,c7c6 d2f1 d6d5 e4d5 c6d5 c4b3 b8c6 h2h3 g4h5 f1g3
r2r4/pR3pkp/2p2np1/2P5/3p4/3P4/P3NPPP/5RK1 b - -,d8d5 b7b4 d5c5 e2d4 a8d8 b4a4 c5c3 h2h3 d8d5 f1e1
8/8/8/p7/1pk5/8/PP1K4/8 b - -,
8/1p4p1/p7/1kb5/P7/1K1N4/6P1/8 b - -,b5c6 b3c4 c5e3 d3b4 c6d6 b4a2 d6e5 a2c3 e3b6 c4d3
r1r3k1/pp2pp1p/3p2p1/8/2P1P3/2P1B3/P4PPP/1R3RK1 b - -,c8c4 b1b7 c4e4 f1e1 a7a6 g1f1 f7f6 e3d4 e4e1 f1e1
3r1nk1/5pp1/1p5p/2n5/8/2N3P1/1PP1QPKP/2r2B2 b - -,f8e6 h2h4 g8f8 e2e5 c1c2 c3d5 c2d2 d5b6 d8d4 b6c4
r3qr1k/1p4pp/1npP4/8/p3P1P1/P1B4P/BP2N3/K2R3R b - -,a8d8 h1e1 h7h5 e4e5 b6d5 a2d5 c6d5 e2d4 f8f4 c3a5
8/6p1/R4pk1/8/1r4PP/5K2/8/8 b - -,
8/6R1/1R5p/5k2/8/5P2/b5PP/7K b - -,b4b3 f3e4 g6h6 g4g5 h6g6 g5f6 b3b4 e4f3 g7f6 f3g3
r3r1k1/pp3pPp/2p3n1/3pP3/3P4/7P/q1BQ2P1/1R3R1K b - -,b7b6 b1a1 a2b2 f1b1 b2b1 a1b1 g8g7 b1f1 e8e6 c2f5
1r2qrk1/p1p2p1p/5np1/5b2/RnpP1P2/B5P1/3NP1BP/3Q1RK1 b - -,f5c2 d1c1 e8a4 a3b4 b8b4 f4f5 c4c3 d2f3 b4b1 c1g5
8/8/8/1R1k4/r2P4/4K3/1P6/8 b - -,d5e6 e3d3 e6d6 b5c5 a4a1 d3c4 a1d1 b2b4 d1c1 c4b5
rnb1kbnr/pp2pppp/2p1q3/8/3N4/2N5/PPPPBPPP/R1BQK2R b KQkq -,e6d6 d4f3 c8f5 f3h4 f5g6 d2d4 e7e6 h4g6 h7g6 h2h4
8/5p2/r4p1k/p3pP2/4P2P/2RP1K2/P7/8 b - -,a6a8 f3e3 a8h8 a2a4 h6g7 c3c5 h8a8 c5c7 g7g8 e3d2
2kr3r/p1p2ppp/Q7/b3qb2/8/P1N1P3/1P1B1PPP/R3K2R b KQ -,c8d7 f2f4 e5c5 b2b4 c5d6 a6a5 d6d3 a5b5 d7c8 b5d3
r2qkr2/1p2ppQ1/p2p4/2bNBP2/8/8/P1P2PPP/1R3RK1 b - -,d8a5 f5f6 c5f2 f1f2 a5d5 f6e7 e8e7 g7f6 e7d7 e5d6
r1bqk1nr/p2n1pbp/1p1p2p1/1Np5/2B1P3/2P1B2P/PP3PP1/RN1QK2R b KQkq -,d7e5 b1a3 e5c4 a3c4 d6d5 e4d5 e8f8 e1h1 g8f6 e3f4
r1k5/p2R3R/2p1pNB1/1p2qnQ1/8/8/PP6/2K5 b - -,d7e5 b1a3 e5c4 a3c4 d6d5 e4d5 e8f8 e1h1 g8f6 e3f4
8/5pp1/1n5k/1K2N3/p7/4P2P/PP3PP1/8 b - -,f7f6 e5f3 b6d5 b5a4 h6g6 a4b5 g6f7 b5c5 d5c7 a2a4
3KRk2/2N2p2/6p1/5p1p/r6P/6P1/5P2/8 b - -,f8g7 e8e7 g7f8 f2f4 a4d4 e7d7 d4b4 d7d3 b4b8 d8d7
r2qkb1r/pb1n1ppp/1p1ppn2/2p5/4P3/1PPB1N2/PB1P1PPP/RN1QR1K1 b kq -,f8e7 d3c2 e8h8 d2d4 b6b5 b1d2 d8c7 c2d3 a7a6 a2a4
8/8/5Kp1/Pk4Pp/7P/8/8/8 b - -,f8e7 d3c2 e8h8 d2d4 b6b5 b1d2 d8c7 c2d3 a7a6 a2a4
r2qr1k1/2pb1p2/3p1nn1/pP1Pp3/B1P1P3/5R1P/1P4P1/1N1Q1R1K b - -,f6e4 a4c2 d8h4 c2e4 h4e4 f3g3 e4c4 h1h2 c4h4 d1c2
r2q1rk1/pp2bpp1/2np1n1p/5P2/2B2p1B/2N5/PPPQ2PP/2KR3R b - -,a8c8 c4b3 c6a5 c1b1 a5b3 a2b3 f8e8 d2f4 f6h5 f4f3
4r1k1/7p/6p1/1pR1N1P1/3PP2P/2P1K3/PP6/8 b - -,b5b4 c3b4 h7h6 g5h6 e8e7 b4b5 e7b7 a2a3 g8h7 e5g4
rnbq1rk1/5pbp/3p1np1/pN2p3/Pp2P3/2P1BP2/NP1Q2PP/R3KB1R b KQ -,
8/8/8/8/ppk5/8/PPK5/8 b - -,
r1r3k1/p3pp1p/1p1p2p1/8/1RP1P3/2P1B3/P4PPP/5RK1 b - -,h7h5 f1b1 f7f6 g1f1 g8f7 h2h4 c8c7 b4a4 a8d8 f1e2
2r1r3/k4ppp/pRn1b3/P7/2P2BP1/7P/2P3B1/3R2K1 b - -,f7f5 g2c6 c8c6 b6c6 g7g5 f4g3 f5f4 g3f2 a7b7 d1d6
rnb2bnr/ppp2Bpp/6k1/6q1/4P3/6Q1/PPPP2PP/RNB1K1NR b KQ -,g6f6 g3g5 f6g5 g1f3 g5f6 f7b3 f6e7 e1h1 c8g4 d2d4
6k1/4P2p/p5pb/8/Pp3q2/1Pr2NR1/4KP2/1Q6 b - -,g8f7 b1b2 f4e4 e2f1 c3f3 g3f3 e4f3 b2d4 f3h1 f1e2
r2qkr2/1p2pp2/p7/2bNQP2/8/8/P1P2PPP/1R3RK1 b - -,f8g8 d5f6 e8f8 f6h7 f8e8 e5c5 d8c8 h7f6 e8f8 c5c8
8/6p1/4k3/8/6Pp/7P/8/6K1 b - -,e6e5 g4g5 e5f4 g1g2 f4e3 g5g6 e3e2 g2g1 e2f3 g1f1
r2q1rk1/ppp3pp/1bn1bp2/1B1pP3/3P4/2N2N1P/PP3KP1/R1BQR3 b - -,c6d4 f3d4 f6e5 f2g3 b6d4 g3h2 c7c6 b5d3 d4f2 h2h1
r1b1r1k1/pp3pbp/1qpp2p1/3P4/2B1PP2/2P1p1NP/PP2Q1P1/R4RK1 b - -,g7f6 a2a4 a7a5 f1f3 f6h4 f4f5 h4g3 f3g3 e8e4 c4d3
rn1q1rk1/1pp1bpp1/p2p1n1p/4p3/2B1P1b1/2PP1N1P/PP1N1PP1/R1BQR1K1 b - -,g4h5 d2f1 h5g6 a2a4 c7c6 f1e3 g6h7 a4a5 d6d5 c4a2
r2r2k1/2p2pp1/pp6/3B1Pn1/5p1R/8/PPP5/2K4R b - -,g5h3 h4h3 g8f8 f5f6 g7f6 d5a8 d8d4 h3c3 f6f5 c3c7
8/8/R3k1p1/6Kp/6P1/1r3P1P/8/8 b - -,e6e5 a6f6 h5g4 h3g4 b3b8 g5g6 e5d4 g4g5 b8b1 g6g7
1r2r1k1/pb3ppn/3n4/2Q3q1/4P1Pp/1P6/PB4BP/2RNR1K1 b - -,d6e4 c5g5 h7g5 d1f2 e4f2 g1f2 b7g2 f2g2 g5e6 g2f1
8/2R2p2/r4p1k/4pP2/p3P2P/3P1K2/P7/8 b - -,a6d6 f3e3 h6g7 c7a7 d6d4 e3d2 g7f8 a7a8 f8g7 a2a3
8/6p1/5pPp/4pK1k/8/8/8/8 b - -,e5e4 f5e4 h5g4 e4d5 g4f5 d5c5 h6h5 c5d4 f5g4 d4e3
8/5pkp/R1n3p1/1p6/4p3/8/P1P2P1P/6K1 b - -,c6d4 a6a5 d4e2 g1f1 e2c3 a5a3 c3b1 a3e3 b5b4 f1e1
r5k1/1p3pp1/p1n2np1/8/8/1P2PB1P/PN4P1/2R3K1 b - -,g6g5 f3c6 a8c8 c1c5 c8c6 c5c6 b7c6 b2d3 g8f8 d3b4
1r1q1rk1/5ppp/p2p2n1/1p1Np1b1/4P3/2PQN1Pb/PP2BP1P/R2R2K1 b - -,d8c8 e3f5 h3f5 e4f5 g6e7 e2f3 e7f5 f3g4 g7g6 h2h4
r3r1k1/pp3ppp/2p3n1/3pPP2/3P4/7P/q1BQ2P1/1R3R1K b - -,g6h8 f5f6 h8g6 h3h4 g7f6 f1f6 c6c5 f6f7 a2b1 c2b1
8/2B1p3/4P3/3P2k1/1b4P1/5K1p/P4P2/8 b - -,g5f6 f3g3 f6g7 a2a4 b4e1 g3h3 e1f2 a4a5 f2a7 h3g3
r5k1/2p3bp/bpPp3r/3Pp2q/4P1N1/B1NB1pP1/2Q2P1p/R2R3K b - -,h5g4 d3a6 a8a6 c2d3 a6a5 a3b4 a5a1 d1a1 h6f6 b4d6
8/8/8/8/pp1k4/1P6/P1K5/8 b - -,
r2qr1k1/2pb1p2/3p2n1/pP1Pp3/2P1n3/5R1P/1PB3P1/1N1Q1R1K b - -,d8h4 c2e4 h4e4 h1h2 f7f5 c4c5 f5f4 b5b6 c7b6 c5c6
r7/pR3pkp/2p2np1/2Pr4/3p4/3P4/P3NPPP/2R3K1 b - -,a8e8 g1f1 f6g4 h2h3 g4h2 f1e1 d5g5 e1d2 g5g2 e2d4
6k1/1pb2p2/p3pp2/2P4p/1P3r2/6PP/1B1R1P2/6K1 b - -,f4b4 b2f6 b4b5 f6e7 c7e5 d2c2 b5b2 c2c4 a6a5 g1g2
8/5pkp/R5p1/1p6/3np3/2P5/P4P1P/6K1 b - -,d4e2 g1f1 e2c3 f1e1 e4e3 f2e3 g7f8 e1d2 c3e4 d2c2
B2r1k2/2p2pp1/pp6/5Pn1/5p1R/8/PPP5/2K4R b - -,d8e8 h4h8 f8e7 h1e1 g5e6 h8e8 e7e8 f5e6 f7e6 a8f3
8/2R2pk1/r4p2/4pP2/p3P2P/3PK3/P7/8 b - -,a6a8 a2a3 a8a5 h4h5 a5a8 c7b7 a8a6 h5h6 g7h6 b7f7
8/8/5Rp1/4k1Kp/6P1/1r3P1P/8/8 b - -,b3b1 f6g6 h5g4 f3g4 e5e4 g6f6 b1b7 h3h4 b7g7 f6g6
8/5k2/5pP1/r7/p3P1P1/R3K3/4P3/8 b - -,
r1bq2n1/p1kp1Q2/2p2pp1/2N1p3/2pnP3/8/PP1B1PPP/R2R2K1 b - -,a7a5 d2e3 d8e7 f7c4 d7d6 e3d4 e5d4 c5b3 c8e6 c4d4
r1b1k2r/ppp2ppp/2p5/2b5/2B1P3/P1N3qP/1PPP2P1/R1BQ3K b kq -,c5d6 d1g1 c8h3 d2d4 h3f5 e4e5 d6e5 c4f7 e8f7 d4e5
r3k2r/pp2bppp/2n1N3/2pp4/8/2NP4/PPP2PPP/R1B1K2R b KQkq -,c6d4 e6d4 c5d4 c3d5 e8d7 c2c3 a8e8 e1h1 e7c5 g2g3
3r1nk1/5pp1/1p5p/2n5/7P/2N3P1/1PP1QP2/2r2BK1 b - -,f8e6 g1g2 g8f8 e2e5 c1c2 c3d5 c2d2 d5b6 d8d4 f1c4
rnb2bnr/ppp2Bpp/5k2/6q1/4P3/5Q2/PPPP2PP/RNB1K1NR b KQ -,f6e7 b1c3 g8f6 d2d4 g5a5 f7b3 c8g4 f3d3 b8c6 g1f3
r2q1rk1/ppp3pp/1b2b3/1B1pp3/3N4/2N4P/PP4P1/R1BQR1K1 b - -,d8h4 e1e2 b6d4 g1h1 c7c6 c1e3 d4c3 b2c3 c6b5 h1g1
8/8/5pk1/r7/p3PKP1/R7/4P3/8 b - -,
r5k1/p1r1pp1p/1p1p2p1/8/R1P1P3/2P1B3/P4PPP/5RK1 b - -,a8d8 f1b1 f7f6 g1f1 g8f7 f1e2 h7h5 h2h4 e7e5 a4a6
8/8/1k6/1NQ5/4K3/8/8/8 b - -,
rnbqkbnr/p1p4p/3p4/1p3pp1/4P3/3BN3/PPPP1PPP/RNBQK2R b KQkq -,f5f4 d1h5 e8d7 e3f5 b8c6 d3b5 a8b8 b1c3 b8b5 c3b5
2r1r1k1/pp3pp1/3p3p/3Pn3/qP6/P1PN1bP1/1Q3P1P/R1K2BR1 b - -,f5f4 d1h5 e8d7 e3f5 b8c6 d3b5 a8b8 b1c3 b8b5 c3b5
8/2Bn1kp1/7p/8/2pP4/2N1K3/2b3PP/8 b - -,c2f5 d4d5 f5d3 h2h4 d7f6 g2g3 g7g5 h4g5 h6g5 c7e5
8/8/6K1/k5Pp/7P/8/8/8 b - -,c2f5 d4d5 f5d3 h2h4 d7f6 g2g3 g7g5 h4g5 h6g5 c7e5
8/6p1/R4p1k/6P1/1r5P/5K2/8/8 b - -,
8/6p1/5pPp/7k/4K3/8/8/8 b - -,h6g6 f3g3 b4b2 g5f6 g7f6 a6a7 g6h6 g3g4 b2b4 g4f5
4r1k1/p4pp1/1p5p/2n3q1/8/3pnP1P/B2R2P1/2Q3BK b - -,e3f5 c1c4 f5d6 c4b4 e8e1 h1h2 a7a5 b4d4 g5d2 g1f2
2rq1rk1/pp2bpp1/2np1n1p/5P2/5p1B/1BN5/PPPQ2PP/2KR3R b - -,c6a5 c1b1 a5b3 a2b3 d8a5 h1e1 f8e8 d2d3 a5c5 d1d2
2r1r1k1/pp3pp1/3p3p/3Pn3/qP2bN2/P1P3P1/1Q3P1P/R1K2BR1 b - -,e5f3 c3c4 e4h7 f4g2 f3g1 g2e3 b7b5 b2c3 g1f3 f1e2
r2qr3/5kbp/bn3np1/3Pp3/p3P1P1/1P2B2P/2PQNPB1/R2R2K1 b - -,d8b8 g4g5 f6d7 e2c3 a4b3 c2b3 g7f8 h3h4 f8b4 d1c1
Q1Q5/6pk/5p1p/8/2Nrp3/6PP/5K2/8 b - -,d8b8 g4g5 f6d7 e2c3 a4b3 c2b3 g7f8 h3h4 f8b4 d1c1
2qk4/2p5/2P1pK2/6p1/1Q2p3/8/7p/8 b - -,d8b8 g4g5 f6d7 e2c3 a4b3 c2b3 g7f8 h3h4 f8b4 d1c1
r1b5/p5k1/2p5/1p2R3/8/2P1K1p1/P7/7R b - -,g7f6 e5e8 g3g2 h1g1 c8b7 e8a8 b7a8 g1g2 c6c5 g2h2
8/4B2p/8/3kp3/6p1/1r4P1/5PKP/8 b - -,b3b1 e7f8 b1b6 f8e7 d5c4 e7g5 b6b8 g5e3 c4d3 e3c5
3r2k1/5pp1/1p2n2p/2n5/7P/2N3P1/1PP1QPK1/2r2B2 b - -,g8f8 e2e5 c1c2 c3d5 c2d2 d5b6 d8d4 f1c4 d2c2 b2b3
4r1k1/pbq2ppp/5n2/2pr4/P7/3BPN2/4QPPP/2R2RK1 b - -,
2r1r3/k4ppp/pR2b3/n7/2P3P1/4B2P/2P3B1/3R2K1 b - -,e6d5 b6e6 a7b8 e3f4 b8a7 e6e8 c8e8 c4d5 a5c4 d5d6
r1br2k1/pp3pp1/5q1p/b1p1P3/B2N1p2/2P4P/P2Q1PP1/2KR1N1R b - -,f6e7 d4c6 b7c6 d2f4 d8d1 c1d1 a5c3 f1e3 a8b8 a4b3
r4r1k/1p4pp/1npP4/8/p3q1P1/P1B3NP/BP6/K2R3R b - -,e4f4 g3h5 f4g5 h1e1 b6d5 a2d5 c6d5 h5g7 g5g7 c3g7
1r3r2/p2q2kp/2np1pp1/2p1pP2/2P1P3/1P4P1/P2QN1KP/1R3R2 b - -,f8f7 g2h1 c6d4 g3g4 g6f5 g4f5 d4e2 d2e2 g7h8 f1g1
3r4/p1p2p2/7N/3k4/6Q1/6PK/P2b1q2/3R4 b - -,d8d6 g4f5 f2f5 h6f5 d6a6 d1d2 d5e5 g3g4 c7c5 d2e2
r1b2rk1/pn1q1p1n/1p1p2pb/1NpPp2p/1PP1P2B/P4P2/2QNB1PP/1R3R1K b - -,g8h8 a3a4 c5b4 b1b4 b7c5 b4b1 g6g5 h4f2 g5g4 f2h4
6k1/pp4p1/q1p3Bb/3rp3/P7/3p1P2/Q5PP/4R2K b - -,d3d2 e1d1 a6e2 a2b1 d5d4 g6h7 g8h8 h7c2 h6e3 d1g1
8/5pk1/p4p2/4pP1p/4P2P/R2P1K2/P1r3P1/8 b - -,c2c7 g2g4 h5g4 f3g4 c7a7 g4f3 g7h6 a3c3 h6h5 c3c6
r7/8/5pk1/4P3/p4KP1/R7/4P3/8 b - -,
r5k1/2pbrp2/3p2n1/pP1Pp3/2P1n2q/3Q1R1P/1PB3PK/1N3R2 b - -,e4g5 f3g3 g6f4 g3g5 h4g5 d3h7 g8f8 g2g3 g5h5 h7h5
4r1k1/7p/6p1/2R1N1P1/1P1PP2P/4K3/PP6/8 b - -,g8f8 a2a4 f8e7 c5c7 e7d8 c7d7 d8c8 d7h7 e8f8 e5g6
r3k2r/pp2b1pp/2n1p3/2pp4/8/2NP4/PPP2PPP/R1B2RK1 b kq -,c6b4 c3e2 b4c2 a1b1 b7b5 c1d2 a7a5 b1c1 c2b4 e2f4
3rR1k1/1p3rpp/1b4n1/1PN2bN1/1p1q4/1Q6/5PPP/R5K1 b - -,e7f6 c1d2 e8d7 a1b1 a8c8 f1c1 b7b6 c3e2 h8f8 h2h3
3r1k2/5pp1/1p2n2p/2n1Q3/7P/2N3P1/1PP2PK1/2r2B2 b - -,c1c2 c3d5 c2d2 d5b6 d8d4 b6c4 d2c2 e5b8 d4d8 b8b4
r1bq2n1/p1kp1Q2/2p1Npp1/4p3/2pnP3/8/PP3PPP/R1BR2K1 b - -,d4e6 f7g6 d8f8 f2f4 g8e7 g6g3 e6d4 g3a3 d7d6 a3a5
2n1q1k1/6pp/2bpp3/2P2p2/2P2P2/r1B1P3/3Q2PP/3R1BK1 b - -,e6e5 c3b4 a3a4 c5d6 c8b6 b4c3 e5f4 e3f4 b6c4 d6d7
r5k1/2pbrp2/3p2n1/pP1Pp1n1/2P4q/3Q2RP/1PB3PK/1N3R2 b - -,g6f4 g3g5 h4g5 d3h7 g8f8 h7h8 g5g8 h8g8 f8g8 b1c3
5r2/pb3r2/8/1pp4k/8/2N2p2/PP1R4/2KB2R1 b - -,f7f4 d2h2 f4h4 h2g2 b7c8 g2g3 c8g4 c3e4 f8f4 e4f2
4rr1k/pp3p1p/2p2qpP/1b1p2B1/2nP4/P1P3R1/4PPP1/1RQ1KB2 b - -,e8e2 f1e2 f6e6 e1f1 c4d6 e2b5 c6b5 g3e3 e6f5 e3f3
r7/8/6k1/4K3/p5P1/R7/4P3/8 b - -,
8/4Pk1p/p5pb/8/Pp3q2/1Pr2NR1/1Q2KP2/8 b - -,f4e4 e2f1 c3f3 g3f3 e4f3 b2c2 f3h3 f1g1 h3e6 c2c5
2r1r1k1/pp3pp1/3p3p/3Pnb2/qP3N2/P1P3P1/1Q3P1P/R1K2B1R b - -,c8c7 f1h3 f5h3 b2c2 c7c3 c2c3 e8c8 c1d2 c8c3 d2c3
1r2qrk1/p1p2p1p/5np1/5b2/1RpP1P2/B4NP1/4P1BP/3Q1RK1 b - -,c7c5 b4b8 e8e3 g1h1 f8b8 a3c1 e3e7 f3e5 b8b1 e5c4
r1b1r3/1p1pk1pp/1Pp1qp2/4n3/1P3B2/2Q1P3/3RBPPP/5RK1 b - -,d7d5 h2h3 e7f7 b4b5 f7g8 f1d1 c8d7 e3e4 c6b5 c3c7
2r1r3/kR3ppp/p3b3/8/2n3P1/4B2P/2P3B1/3R2K1 b - -,d7d5 h2h3 e7f7 b4b5 f7g8 f1d1 c8d7 e3e4 c6b5 c3c7
rnbqk1nr/p1pp2pp/1p2p3/5p2/2PP4/2P1P3/P1Q2PPP/R1B1KBNR b KQkq -,d8e7 g1h3 c7c5 d4d5 c8b7 f1d3 e6d5 c4d5 b7d5 e1h1
r1b2rk1/pn1q3n/1p1p2pb/1NpPpP1p/1PP4B/P4P2/2QNB1PP/1R3R1K b - -,g6f5 e2d3 g8h8 b1e1 d7g7 f3f4 f8g8 g2g3 e5e4 d3e2
r1bqkb1r/pp1npppp/2p1P3/3n3Q/8/1BN5/PPP2PPP/R1B1K1NR b - -,g7g6 e6d7 c8d7 h5e5 f7f6 e5e4 d5c3 b2c3 e7e5 a2a4
r1b1k2r/ppp2ppp/2pb4/8/2B1P3/P1N3qP/1PPP2P1/R1BQ2K1 b kq -,c8e6 c4e2 e6h3 e2f3 g7g5 c3e2 g3h2 g1f2 g5g4 d1g1
r2q1rk1/1n3ppp/p7/1pppPb2/8/1PP1QN2/1P3PPP/R2R1NK1 b - -,f7f6 e5f6 f8f6 e3e5 f5e4 f3g5 d8d6 e5d6 f6d6 g5e4
3r1k2/5pp1/1p2n2p/2nNQ3/7P/6P1/1Pr2PK1/5B2 b - -,c2d2 d5b6 d8d4 b6c4 d2c2 e5b8 d4d8 b8b4 d8d4 g2g1
r1bqr1k1/p3n1Bp/1p4p1/2Pn1pN1/8/1P2PB2/P2Q1PPP/2R2RK1 b - -,d5f4 d2d8 e8d8 e3f4 e7d5 g7e5 b6c5 f1e1 c8b7 g5e6
rn1q1rk1/ppp2ppp/3pbn2/2b1p3/2B1P3/P1N2N1P/1PPPQPP1/R1B1K2R b KQ -,b8c6 d2d3 e6c4 d3c4 c6d4 e2d3 f6d7 e1h1 a7a5 b2b3
6k1/1p1q1ppp/8/1Q6/r7/P7/5PPP/2R3K1 b - -,a4c4 b5c4 h7h5 c4c8 d7c8 c1c8 g8h7 c8c1 g7g5 c1e1
3KR3/5pk1/6p1/1N3p1p/r6P/6P1/5P2/8 b - -,a4a5 b5d6 f5f4 g3f4 a5a4 d6e4 a4d4 d8c7 f7f6 c7c6
r7/8/8/6k1/p2K2P1/R7/4P3/8 b - -,
4rk2/7p/6p1/1PR1N1P1/3PP2P/4K3/PP6/8 b - -,f8g8 b5b6 e8e5 d4e5 g8f7 a2a4 f7e7 a4a5 e7d7 a5a6
4qrk1/p1p2p1p/5np1/5b2/1BpP1P2/5NP1/4P1BP/3Q1RK1 b - -,e8b5 b4f8 g8f8 d4d5 b5b6 d1d4 f6d5 d4b6 a7b6 f1c1
6k1/pp4pp/8/8/7P/6P1/P3KP2/8 b - -,h7h6 e2f3 g8f7 f3e4 f7e6 h4h5 b7b5 g3g4 e6f6 f2f4
8/8/5RK1/1r2k2p/6P1/5P1P/8/8 b - -,b5b4 f3f4 e5e4 g6h5 b4b3 h5h6 b3d3 g4g5 d3h3 h6g7
b1r1krnq/pp1p2pp/2n1pb2/2p2p2/2P5/2N1PBP1/PP1PNP1P/B1R1KR1Q b - -,e8f7 b2b3 b7b6 e1d1 g7g5 f3g2 h7h5 d1c2 a7a6 c2b1
k1r1r3/R4ppp/p3b3/8/2n3P1/4B2P/2P3B1/3R2K1 b - -,e8f7 b2b3 b7b6 e1d1 g7g5 f3g2 h7h5 d1c2 a7a6 c2b1
2rq1rk1/pp2bpp1/2np1B1p/5P2/2B2p2/2N5/PPPQ2PP/2KR3R b - -,e7f6 c3d5 f6e5 g2g3 c6d4 c4d3 f4g3 h2g3 c8c5 d3e4
4r1k1/2pb1p2/3p2n1/pP1Pr1n1/2P1p2q/2N1Q1RP/1PB3PK/5R2 b - -,g8g7 c4c5 d6c5 c2d1 e8e7 d1c2 h4h6 h2h1 f7f6 h1h2
2r3k1/p1r1pp1p/1p1p2p1/8/R1P1P3/2P5/P2B1PPP/5RK1 b - -,f7f6 f1b1 h7h5 g1f1 h5h4 f1e2 g6g5 d2e3 g8f7 e2d3
r2q1rk1/p1p3pp/1bp1b3/4p3/3PR3/5N1P/PP3PP1/R1BQ2K1 b - -,e6d5 c1g5 d8c8 e4e5 d5f3 g2f3 c8h3 d1b3 g8h8 b3e3
rnbq1rk1/5pbp/5np1/pN1Pp3/Pp6/2P1BP2/NP1Q2PP/R3KB1R b KQ -,
1r3r2/p2q2kp/3p1pp1/2p1pP2/2PNP3/1P4P1/P2Q2KP/1R3R2 b - -,f8h8 d4e6 g7f7 b1d1 g6f5 d2d6 d7d6 d1d6 f5f4 e6c7
2n1q1k1/6Bp/2b1p3/2p2p2/2P2P2/r3P3/3Q2PP/3R1BK1 b - -,c6e4 g7h8 a3a8 h8b2 a8a2 d2c3 e6e5 c3b3 a2a7 b2e5
rn1qk1nr/pbpp2pp/1p2p3/5p2/2PP4/2P1PP2/P1Q3PP/R1B1KBNR b KQkq -,d7d6 g1h3 d8h4 h3f2 g8f6 f1d3 e8h8 e1h1 b8d7 c1d2
1kr1r3/R4ppp/p3b3/8/2n3P1/4B2P/2P3B1/1R4K1 b - -,d7d6 g1h3 d8h4 h3f2 g8f6 f1d3 e8h8 e1h1 b8d7 c1d2
r2q1rk1/pb1n2np/2pp1pp1/1p2P3/4P3/P1NB3P/1PPQ1PPN/R4RK1 b - -,d7e5 d3e2 d8b6 d2d6 a8d8 d6b4 g7e6 b4b3 b7c8 a3a4
8/5pkp/R5p1/1p6/4p3/2P5/P3nP1P/5K2 b - -,e2c3 f1e1 g7h6 e1d2 c3a4 a6a5 h6g5 a5b5 g5f4 b5b4
n7/2r1k1p1/p2Np2p/Pp6/6PP/1P1R1P2/4K3/8 b - -,c7c1 e2d2 c1c6 d6e4 a8c7 d3c3 e7d7 d2d3 c6c3 d3c3
2rq1rk1/pp3pp1/2np1b1p/3N1P2/2B2p2/8/PPPQ2PP/2KR3R b - -,f6e5 g2g3 c6d4 c4d3 c8c5 d3e4 f8e8 c1b1 d4b5 d2d3
6k1/2pbrp2/1P1p2n1/p2Pr1n1/2P1p2q/2N1Q1RP/1PB3PK/5R2 b - -,c7b6 c3b5 d7b5 c4b5 g8h7 e3b6 e5d5 b6d8 d5b5 d8d6
8/4Pk1p/p5pb/8/Pp3q2/1Pr2N1R/4KP2/1Q6 b - -,f7e8 h3g3 e8e7 b1b2 f4e4 e2f1 c3f3 g3f3 e4f3 b2e5
r3q2k/1p4pp/1npP4/4P3/p5P1/P1B2r1P/BP2N3/K2R3R b - -,a8d8 c3a5 e8e5 a5b6 d8d6 e2d4 f3f8 b6c7 f8e8 c7d6
r7/8/8/8/p2KP1k1/R7/8/8 b - -,
8/pp4pp/4k3/8/7P/2K3P1/P4P2/8 b - -,e6d5 f2f3 h7h5 a2a3 d5c5 g3g4 g7g6 c3d3 c5d5 a3a4
r1bqkb1r/pp1Ppp1p/2p3p1/3n3Q/8/1BN5/PPP2PPP/R1B1K1NR b - -,c8d7 h5f3 f8g7 g1e2 d7e6 c3d5 e6d5 b3d5 d8d5 f3d5
8/1p1rk1p1/pR3p1p/P2p3P/3K4/6P1/1P3P2/8 b - -,e7f8 b2b4 f8e7 b4b5 a6b5 b6b5 e7e6 g3g4 d7c7 b5b6
6k1/3brp2/1Q1p2n1/p2Pr1n1/2P1p2q/2N3RP/1PB3PK/5R2 b - -,d7h3 g3h3 g5h3 g2h3 e5h5 b6e3 f7f5 e3g3 h5g5 g3h4
1r2qrk1/p1p2p1p/5np1/5b2/RBpP1P2/5NP1/4P1BP/3Q1RK1 b - -,f6g4 b4f8 g4e3 d1c1 e3f1 a4b4 e8f8 b4b8 f8b8 g1f1
1r1q1rk1/5ppp/p2pb1n1/1p1Np1b1/4P2P/2PQN1P1/PP2BP2/R2R2K1 b - -,g5h6 e3f5 e6f5 e4f5 g6e7 d5e7 d8e7 d3d6 e7b7 d6d5
r1b1rk2/1p1p2pp/1Pp1qp2/4n3/1P2PB2/2Q5/3RBPPP/5RK1 b - -,d7d6 f1d1 e8d8 h2h3 e5f7 e2d3 e6e7 f4g3 f7e5 d3e2
r1bqr1k1/p3n2p/1p4p1/2Pn1pN1/7Q/1P2PB2/P4PPP/2R2RK1 b - -,d5f6 f3a8 g8g7 f1d1 d8c7 h4c4 e8f8 c5b6 c7c4 c1c4
r7/pb2R3/2pR4/1p5k/8/5Bp1/PP6/2K5 b - -,h5g5 e7b7 a8h8 f3c6 a7a6 b7g7 g5f4 c6g2 h8h2 d6d2
r3k2r/ppp2ppp/2pb4/8/2B1P3/P1N2Qqb/1PPP2P1/R1B3K1 b kq -,g3h2 g1f1 h3e6 c4b3 e8h8 d2d4 a8e8 c3e2 e6b3 c2b3
r3r1k1/1bp2pp1/pp6/3N1Pn1/2B2p1R/8/PPP5/2K4R b - -,g5h3 h4h3 e8e1 h1e1 b7d5 c4d5 a8c8 e1h1 g8f8 h3h8
rn1q1rk1/ppp1bpp1/3p1n1p/4p3/2B1P1b1/2PP1N1P/PP3PP1/RNBQR1K1 b - -,g4h5 b1d2 c7c6 d2f1 f8e8 f1g3 h5g6 c4b3 e7f8 b3c2
2r1r1k1/pp3pp1/3p3p/3Pn3/qP3N2/P1P2bP1/2Q2P1P/R1K2BR1 b - -,a4a6 f1a6 b7a6 g1e1 g7g5 e1e3 g5f4 g3f4 e5c4 e3f3
r1br2k1/pp3pp1/7p/b1p1q3/B2N1p2/2P4P/P3QPP1/2KR1N1R b - -,e5f6 d4b5 d8d1 a4d1 c8f5 e2f3 a8d8 d1c2 f5c2 c1c2
4rr1k/pp3p1p/2pq2pP/1b1p2B1/P1nP4/2P3R1/4PPP1/1RQ1KB2 b - -,e8e4 a4b5 f7f6 g5d2 c6b5 b1b5 f6f5 d2g5 f5f4 g3f3
rnbqkbnr/p1p4p/3p4/1B4p1/4p3/4N3/PPPP1PPP/RNBQK2R b KQkq -,c7c6 d1h5 e8d7 b5e2 d7c7 h2h4 b8d7 h4g5 f8g7 b1c3
8/1p2k3/p2pr1p1/7p/P1PB1Pb1/1P4P1/3R1K1P/8 b - -,
8/8/8/8/1p1k4/1K6/P7/8 b - -,
3KR3/5pk1/3N2p1/7p/r4p1P/6P1/5P2/8 b - -,a4a6 d6e4 f4g3 f2g3 a6a7 e8e7 a7a8 d8d7 g7f8 e7e5
r1b2rk1/6pp/p2p4/1PnPqp2/8/1PN5/P3B1PP/2RQ1RK1 b - -,c8d7 b3b4 c5e4 c3e4 e5e4 b5a6 e4b4 d1b3 b4d4 g1h1
3R3R/p5k1/2p1b3/1p2p3/8/8/PP2K3/6q1 b - -,c8d7 b3b4 c5e4 c3e4 e5e4 b5a6 e4b4 d1b3 b4d4 g1h1
rnbq1rk1/5pbp/5np1/pN1Pp3/P7/1pP1BP2/1P1Q2PP/R1N1KB1R b KQ -,f6d5 e3g5 d8d7 c1b3 d7c6 a1d1 d5b6 b5d6 c6c7 d6c8
8/3brpk1/3Q2n1/p2Pr1n1/2P1p2q/2N3RP/1PB3PK/5R2 b - -,f7f5 c4c5 f5f4 c3e4 f4g3 e4g3 g6f4 g3h5 h4h5 f1f4
r7/pp2kbR1/2p4p/3p4/5P2/3PK3/PP2N2P/8 b - -,e7f6 g7g1 a7a5 e3d2 a5a4 a2a3 a8a5 g1g2 c6c5 e2c3
8/8/1k6/6PK/7P/8/8/8 b - -,d5d4 e3d4 e7f6 g7g3 f7a2 g3h3 f6g6 f4f5 g6f5 h3h6
3r4/8/8/2K5/p3P1k1/R7/8/8 b - -,
r3k2r/ppp2ppp/2pb4/8/2B1P3/P1N2Q1b/1PPP2Pq/R1B2K2 b kq -,h3e6 c4b3 e8h8 d2d4 a8e8 c3e2 h2h1 f1f2 e6b3 c2b3
1r1q1rk1/5ppp/p2pb1n1/1p1NpNb1/4P3/2PQ2P1/PP2BP1P/R2R2K1 b - -,g6e7 d5e7 g5e7 f5e7 d8e7 d3d6 e7d6 d1d6 a6a5 d6a6
6k1/1p1r2p1/pR3p1p/P2p3P/8/5KP1/1P3P2/8 b - -,g8f7 f3e3 d5d4 e3d3 g7g6 g3g4 g6h5 g4h5 f7e7 f2f3
8/2B2kp1/5n1p/3P4/2p5/2N1K3/2b3PP/8 b - -,c2h7 e3d4 h7d3 c7d8 f6g4 h2h3 g4f6 d8f6 f7f6 h3h4
R6R/2rbk3/ppp1p1p1/2p1P3/2P2P2/8/PP4P1/2K5 b - -,c7c8 a8c8 d7c8 h8c8 e7d7 c8a8 b6b5 a8a6 d7c7 a6a7
r2qkb1r/pp1bpp1p/2p3p1/3n4/8/1BN2Q2/PPP2PPP/R1B1K1NR b - -,d7e6 h2h4 f8g7 c3d5 e6d5 b3d5 c6d5 f3b3 a8c8 c2c3
r3r1k1/1bp2ppR/pp6/3N1P2/2B2p2/8/PPP5/2K4R b - -,e8e1 h1e1 g8h7 d5f4 a8f8 c4d5 b7d5 f4d5 h7h6 d5c7
r2q1rk1/pb1n2np/2pp1pp1/1p2p3/3PP3/P2B3P/1PPQNPPN/R4RK1 b - -,e5d4 e2d4 d8b6 d4e2 d7e5 a3a4 c6c5 e2g3 e5d3 d2d3
r1b1k2r/ppq1bppp/4p3/3B4/2Np4/P2P2P1/1PQ1PP1P/R1B2RK1 b kq -,e8h8 c1f4 c7d8 d5g2 h7h5 e2e3 c8d7 e3d4 d7b5 g2b7
3KR3/5pk1/3N2p1/7p/r6P/6P1/8/8 b - -,a4a3 d6e4 a3a8 d8d7 a8a7 d7d6 a7a6 d6d5 a6a5 d5d4
r1bqk1nr/pp2ppbp/2n3p1/1BppP3/2PP4/5N2/PP3PPP/RNBQK2R b KQkq -,c5d4 d1d4 c8d7 d4d5 a7a6 b5c6 d7c6 d5d8 a8d8 b1d2
2r3k1/R3pp1p/1p1p2p1/8/2r1P3/2P5/P2B1PPP/5RK1 b - -,g8f8 f2f3 c4c5 f1b1 d6d5 d2e3 c5c3 e3h6 f8e8 e4d5
r2qkbnr/1p3ppp/p1n1p3/2PpP3/1P6/2P2Q1P/P4PP1/RNB1KB1R b KQkq -,g7g6 f3d1 f8g7 b1d2 c6e5 a1b1 g8e7 f1e2 e8h8 e1h1
r3q2k/1p4pp/3P4/3RP3/p5P1/P1B2r1P/1P2N3/K6R b - -,e8f7 d5d1 f3e3 e2d4 f7d5 d4c2 e3d3 d1d3 d5h1 c2e1
2r3k1/1n3p2/3p1bp1/1r1P3p/2N2P2/2R3P1/P1R2B1P/6K1 b - -,f6c3 c2c3 b5b4 c3a3 b4c4 h2h3 b7c5 f4f5 g6g5 g3g4
r1bqr1k1/p3n3/1p4p1/2Pn1pNB/7Q/1P2P3/P4PPP/2R2RK1 b - -,g8f8 h5f3 f8g7 h4h7 g7f6 h2h4 c8e6 e3e4 e7c6 e4d5
8/8/8/2k5/1p6/PK6/8/8 b - -,
r5k1/1bp2ppR/pp6/3N1P2/2B2p2/8/PPP5/2K1R3 b - -,a8e8 e1h1 e8e1 h1e1 g8h7 d5f4 h7h6 f4d3 h6g5 c4f7
8/5pp1/7k/3nN3/K7/4P2P/PP3PP1/8 b - -,f7f6 e5f3 g7g5 a4b5 f6f5 a2a4 h6g6 a4a5 g5g4 f3d4
6r1/p1pR1p2/8/8/5P2/5k2/P6K/8 b - -,c7c5 d7f7 g8c8 f7a7 c5c4 a7d7 c4c3 d7d1 f3f4 h2h3
rn1r2k1/1b2q1p1/p2bp2p/1p3p2/1P6/P2BP2P/1B2QPP1/RN3RK1 b - -,b8c6 f2f4 a6a5 b1d2 a5b4 a3b4 c6b4 d3b5 g8h7 d2f3
4qrk1/p1p2p1p/5np1/5b2/1RpP1P2/5NP1/4P1BP/3Q1RK1 b - -,e8e6 f3e5 f6d5 g2d5 e6d5 b4c4 f5h3 f1f2 f8b8 c4c1
1r3r2/p2q2kp/3p1pP1/2p5/2PpP3/1P4P1/P2Q2KP/1R3R2 b - -,h7g6 f1f4 b8e8 b1f1 d7b7 f4h4 g6g5 h4g4 e8e5 h2h4
8/2B2kp1/5n1p/3P4/2p1N3/4K3/6PP/8 b - -,f6d7 e3d4 c4c3 d4c3 h6h5 c3c4 h5h4 c4b5 d7f8 b5c6
8/3br1k1/3Q2n1/p2Prpn1/2P1p2q/6RP/1PB1N1PK/5R2 b - -,f5f4 e2f4 g6f4 c4c5 d7f5 g3e3 f4d5 f1f5 e5f5 e3g3
2r1r3/4kpNp/p1p1N1b1/Q3P3/2PP2Pb/8/PP5P/R4RK1 b - -,a5a4 c2d1 f5f4 e2f4 g6f4 d1g4 f4h5 g4h5 h4h5 c4c5
rn1q1rk1/ppp1bpp1/3p1n1p/4p2b/2B1P3/2PP1N1P/PP1N1PP1/R1BQR1K1 b - -,b8d7 d2f1 f8e8 f1g3 h5g6 f3h4 g6h7 h4f5 e7f8 d1b3
8/5pk1/p1r2p2/4pP1p/4P2P/R2PK3/P5P1/8 b - -,g7h6 e3d2 c6b6 a3b3 b6d6 b3b4 d6c6 b4c4 c6b6 d2c2
3r4/8/8/2K1P3/p4k2/R7/8/8 b - -,
r3k2r/ppp2ppp/2pbb3/8/4P3/PBN2Q2/1PPP2Pq/R1B2K2 b kq -,e8h8 d2d4 a8e8 a1b1 e6b3 c2b3 c6c5 c1e3 c5d4 e3d4
1r2b1k1/5pp1/2p4p/3p4/3P4/1r2PBP1/5P1P/R1R3K1 b - -,e8d7 g3g4 b3b2 a1a7 b2b7 c1a1 g7g5 a7b7 b8b7 g1g2
r6k/1p3qpp/3P4/3RP3/p5P1/P1B2r1P/1P2N3/K2R4 b - -,a8d8 c3a5 d8d7 e2c3 h7h6 a5b4 d7d8 d1e1 f3c3 e5e6
r1bq1rk1/pp2ppbp/n4np1/2ppN3/3P1P2/1PP1P3/PB2B1PP/RN1Q1RK1 b - -,a6b8 e2f3 b8c6 b1d2 d8a5 d1e2 c8e6 g1h1 a8c8 g2g4
r1b1rk2/1p4pp/1P2qp2/2Qpn3/1P3B2/8/3RBPPP/5RK1 b - -,f8f7 d2d5 e6e7 e2b5 e8f8 d5d6 f7g8 c5c7 e7c7 b6c7
r7/1bp2ppk/pp6/5P2/2B2N2/8/PPP5/2K1R3 b - -,a8d8 c4f7 d8d7 f7b3 d7d4 f4e6 d4h4 e6c7 h7h6 b3d5
6k1/1n3p2/3p1bp1/1r1P3p/2R2P2/6P1/P1R2B1P/6K1 b - -,b5d5 g1g2 d5d3 c4b4 b7d8 b4b3 d3d1 f2e3 d8e6 c2c1
r1bq1rk1/1p1n2pp/p2p4/3Pbp2/2P2B2/1PN5/P3B1PP/2RQ1RK1 b - -,e5f4 f1f4 d7e5 d1d4 c8d7 c4c5 a8c8 b3b4 d8e7 c3d1
2r1k3/3n1pp1/p2B1n2/4pqN1/P6r/7P/1KPQ1P2/3RR3 b - -,h4a4 f2f4 a4f4 h3h4 f6d5 g5f7 f4f2 d6c5 f2d2 f7d6
8/2B2kp1/7p/3N4/2p5/4K3/2b3PP/8 b - -,c2f5 c7a5 c4c3 d5c3 f5d7 e3f4 f7g8 c3e4 d7c6 g2g3
r1b1kb1r/pppp1ppp/5q2/4p3/2BnP3/2PP4/PP3PPP/RN1QK1NR b KQkq -,d4e6 g1e2 g7g6 a2a4 d7d6 e1h1 f8h6 d3d4 e8h8 a4a5
3r4/8/8/2K1k3/R7/8/8/8 b - -,
r2qkbnr/1p3ppp/p1n1p3/2Pp4/1P6/2P3QP/P3BPP1/RNB1K2R b KQkq -,g7g6 b1d2 g8e7 a1b1 f8g7 e1h1 e8h8 f1d1 e7f5 g3d3
r6k/1p3qpp/3P4/4P3/p5P1/P1B2r1P/1P2N3/K2R3R b - -,h7h6 e5e6 f7e6 e2d4 e6d6 d4f3 d6b6 f3d4 a8d8 h1f1
6k1/1pb2p2/p3pB2/2P4p/1r6/6PP/3R1P2/6K1 b - -,b4b5 f6e7 c7e5 g1f1 a6a5 g3g4 e5c3 d2d8 g8g7 f1e2
r2q1rk1/p4ppp/b1pPp2b/4P3/3Q2PP/2N2N2/PP3P2/R3K2R b KQ -,g7g6 g4g5 c6c5 d4e3 h6g7 h4h5 a6b7 h5h6 g7h8 h1h3
r3k2r/pp2b1pp/4p3/2pp4/3n4/2NP4/PPPB1PPP/R4RK1 b kq -,d4c2 a1d1 c2b4 d3d4 c5c4 f2f4 g7g6 g2g4 e8d7 b2b3
8/3br1k1/1R1Q2n1/p2Pr1n1/2P1p2q/5p1P/1PB1N1PK/5R2 b - -,d7e6 e2g1 f3g2 f1f8 g5h3 b6b3 h3f4 g1h3 e6h3 d6f6
r1b3k1/pp3pp1/8/3p4/6n1/2PBqNPp/PP5P/3QR2K b - -,g4f2 h1g1 f2d1 e1e3 d1e3 f3d4 c8d7 d3e2 e3c4 b2b3
8/2n2kp1/3N3p/8/2pK4/8/6PP/8 b - -,
8/6pk/2pr4/1p3p2/1n1Pp3/4P1P1/1P1R1P2/5BK1 b - -,g7g5 d2d1 h7g7 d1c1 g7g6 f1e2 f5f4 e2g4 b4d5 g3f4
r3r1k1/3b1p2/2p2qp1/3p3p/3P2n1/3BP1N1/2QNRPKP/1R6 b - -,g8g7 g3f1 g4h6 f2f4 d7g4 e2f2 h6f5 b1e1 f5d4 c2c1
8/8/5RK1/1r2k3/6P1/5P2/8/8 b - -,b5b7 g4g5 b7b1 g6h6 b1b3 f3f4 e5d4 g5g6 b3h3 h6g7
8/2n3p1/4k2p/8/2NK4/8/6PP/8 b - -,
r2qkbnr/1p3p1p/p1n1p1p1/2Pp2B1/1P6/2P3QP/P3BPP1/RN2K2R b KQkq -,f8e7 g5e7 g8e7 e1h1 e7f5 g3d3 e8h8 b1d2 a6a5 a2a3
r4rk1/ppp2ppp/2pbb3/8/3PP3/PBN2Q2/1PP3Pq/R1B2K2 b - -,a8e8 c3e2 h2h1 e2g1 e6b3 c2b3 d6h2 c1e3 h2g1 e3g1
7k/pp4pp/8/8/7P/6P1/Pr3P2/4RK2 b - -,g7g5 h4g5 b2a2 f2f4 h8g8 e1b1 b7b6 b1d1 g8f7 d1c1
r3r1k1/3b1p2/2p2qp1/3p4/3P2np/3BP3/2QNRPKP/1R3N2 b - -,a8a3 h2h3 g4h6 b1b7 d7c8 b7c7 f6g5 g2h2 g5d8 c7c8
8/5kp1/5n1p/4B3/2pP4/2N1K3/2b3PP/8 b - -,f6g4 e3f4 g4h2 d4d5 g7g5 f4g3 h2f1 g3f2 f1d2 f2e3
rn1q1rk1/4bpp1/p1pp1n1p/1p2p3/4P3/1BPP1QNP/PP3PP1/R1B1R1K1 b - -,g8h7 g3f5 f6g8 a2a4 b8d7 d3d4 g7g6 f5e7 g8e7 f3d1
r1bq1rk1/1p1n2pp/p2p4/3Pbp2/2P2B2/2N5/PP1QB1PP/2R2RK1 b - -,d8a5 f4e5 d7e5 c3e4 a5d2 e4d2 c8d7 d2f3 f8e8 c4c5
8/4r1k1/1R1Qb1n1/p2Pr1n1/2PNp2q/5p1P/1PB3PK/5R2 b - -,d8a5 f4e5 d7e5 c3e4 a5d2 e4d2 c8d7 d2f3 f8e8 c4c5
3r1k2/5pp1/1N2n2p/2n1Q3/7P/6P1/1P1r1PK1/5B2 b - -,d8d4 b6c4 d2c2 e5b8 d4d8 b8b4 d8d4 g2g1 f8g8 b4b5
r1b1kb1r/pp1p2p1/2n1p2p/2p5/4NB2/2P5/PP2PPPP/R3KB1R b KQkq -,d7d5 e4d6 e8d7 d6c8 a8c8 f4d2 f8d6 g2g3 c8f8 a1d1
r6k/1p4pp/3PP3/8/p1q3P1/P1B2r1P/1P2N3/K2R3R b - -,h8g8 h1e1 c4e6 e2d4 e6d6 d4f3 d6f8 f3d4 a8d8 d1c1
r1b1r1k1/pp3pbp/1q1p2p1/3B4/4PP2/2P1p1NP/PP2Q1P1/R4RK1 b - -,e8f8 a1d1 c8e6 g1h1 a8e8 f1f3 g7h6 c3c4 e6d5 d1d5
8/6p1/4k2p/3n4/3K4/4N3/6PP/8 b - -,
8/4r1k1/1R1QN1n1/p2Pr1n1/2P1p2q/7P/1PB3pK/5R2 b - -,d5b6 d4e4 b6d7 e4f4 g7g5 f4e4 d7f6 e4d4 h6h5 e3f1
r1r3k1/pp2pp1p/3p2p1/2P5/4P3/2P1B3/P4PPP/3R1RK1 b - -,c8c6 c5d6 e7d6 h2h4 a7a6 e3d4 b7b5 h4h5 c6c4 f2f3
rn1qkb1r/pppb2pp/3p1n2/3Pp3/2P1Pp2/2NB1N2/PP3PPP/R1BQK2R b KQkq -,f8e7 b2b4 e8h8 a2a4 d8e8 h2h3 e8g6 e1f1 g8h8 b4b5
rnbq1rk1/4bppp/p2p4/1p1Np3/4n3/1N3B2/PPP2PPP/R1BQ1R1K b - -,c8b7 f3e4 g8h8 f2f4 f7f5 e4f3 b8c6 d5e7 d8e7 c1e3
3r1r2/pp4k1/2p2p1p/P4RnQ/1q1PP2R/1B6/6P1/7K b - -,b4b3 h5h6 g7f7 h6f6 f7e8 f6f8 e8d7 f8g7 d7c8 g7g5
r1bq3r/ppp1k1Qn/4p3/6N1/1n1p4/P7/5PPP/R3K2R b KQ -,e7d6 g5f7 d6c5 f7d8 h8d8 a1c1 c5d5 a3b4 d8d7 g7g3
8/6p1/5p1k/3n4/K1N5/4P2P/PP3PP1/8 b - -,f6f5 a4b5 d5c7 b5b6 c7d5 b6c5 d5c7 a2a4 h6g5 c5c6
1r3rk1/1p2qpp1/p1bp2n1/4p3/P3P3/Q1N1RBP1/1PP2P2/3R2K1 b - -,b8d8 e3d3 e7g5 g1f1 f8e8 d3d6 d8d6 a3d6 g6f8 d6d2
2r3k1/6p1/6p1/3p4/1P1p4/Q4R2/KP5q/8 b - -,h2e2 a3d3 c8a8 a2b3 e2e8 b4b5 a8b8 b3a4 b8c8 a4b3
2k3R1/2r5/8/1P2N1PP/P2PP3/4K3/1P6/8 b - -,c8b7 h5h6 b7b6 g8g6 b6a5 g6a6 a5b4 b5b6 c7h7 b6b7
2r1qr2/1p2b1pk/p1b1p2p/3pPp1B/P4P2/2P1B2Q/1P4PP/R5RK b - -,e8d7 h5d1 d5d4 e3d4 c6d5 d1f3 f8d8 g2g4 e7c5 d4c5
6k1/3p4/2b1p3/2PpPpbp/1Q1P3r/5KN1/8/8 b - -,
5k2/5pp1/4n2p/2n1Q3/2Nr3P/6P1/1P1r1PK1/5B2 b - -,d2c2 e5b8 d4d8 b8b4 d8d4 g2g1 f8g8 b4b5 c5e4 c4e3
r1b5/p5k1/2p5/1p4R1/8/2N1K3/PPr3p1/7R b - -,g7f7 h1h7 f7f8 c3e4 c8g4 g5g4 a8e8 h7g7 c2b2 g4g2
r2q1rk1/1n3ppp/p7/1pppP3/8/1bP1QN2/1P1N1PPP/R1R3K1 b - -,b3a4 b2b3 a4b3 d2b3 d8b6 c1d1 f8d8 b3c1 a6a5 c1e2
r2qk2r/pp1B1ppp/4p1b1/2bp4/3NnPP1/2N1B3/PPP1Q2P/R3K2R b KQkq -,d8d7 f4f5 e6f5 g4f5 c5d4 e3d4 g6f5 d4g7 h8g8 h1g1
2R2r1k/ppp1Qpbp/2q3p1/8/8/P6P/BPP2PP1/5RK1 b - -,f8c8 c2c3 c6e8 e7f7 e8f7 a2f7 c8d8 f1b1 b7b5 g2g3
4rrk1/ppp2ppp/2pbb3/8/3PP3/PB3Q2/1PP1N1Pq/R1B2K2 b - -,h2h1 e2g1 d6h2 c1e3 e6b3 c2b3 h2g1 e3g1 e8e6 f1e2
8/8/5RK1/4k3/5PP1/1r6/8/8 b - -,e5e4 g4g5 e4d3 g6g7 d3c4 g5g6 c4c5 f4f5 b3b4 f6f7
4q2k/rp3rb1/p1n2pQB/1n2pB2/1P1pP2N/3P2P1/7P/4R1K1 b - -,g7h6 g6h6 h8g8 e1f1 e8f8 h6h5 b5d6 f5e6 f8g7 e6f7
r1bq1rk1/pp2npb1/2np2pp/2p1p3/2B1PP2/P1NPB3/1PPN2PP/R2Q1RK1 b - -,e5f4 e3f4 c8e6 g1h1 d6d5 e4d5 e7d5 c3d5 e6d5 d2e4
r6k/1p1P2pp/4P3/8/p5P1/P1B2r1P/1P2q3/K2R3R b - -,h7h5 h1e1 e2e1 d1e1 f3d3 g4h5 h8h7 e1e2 a8d8 a1a2
rnbq1rk1/5pbp/6p1/pN1np3/P7/1NP1BP2/1P1Q2PP/R3KB1R b KQ -,d5e3 d2e3 b8a6 f1d3 c8e6 d3c2 a6c7 e1h1 c7b5 a4b5
r1b1r1k1/1p4pp/1P2qp2/3Qn3/1P3B2/8/3RBPPP/5RK1 b - -,e6d5 d2d5 c8e6 d5c5 a8d8 c5c7 d8d4 f4e5 f6e5 c7b7
7k/8/6PK/6P1/8/8/8/8 b - -,e6d5 d2d5 c8e6 d5c5 a8d8 c5c7 d8d4 f4e5 f6e5 c7b7
8/3br1k1/3Q2n1/p2Pr1n1/2P1pp1q/1R5P/1PB1N1PK/5R2 b - -,f4f3 d6g6 g7g6 b3f3 g5f3 f1f3 e7f7 e2d4 e5g5 g2g4
8/8/4k3/6pp/7P/4K1P1/8/8 b - -,
r2q1rk1/5ppp/p7/1pnpP3/2pN1P2/1bP1Q3/1P1N2PP/R1R3K1 b - -,f8e8 c1e1 a6a5 d4b5 d8b6 b5d4 b3a4 e1e2 a4d7 f4f5
rn1q1rk1/4bpp1/2pp1n1p/pp2p3/4P3/PBPP1QNP/1P3PP1/R1B1R1K1 b - -,a5a4 b3a2 g8h7 g3f5 f6g8 d3d4 b8d7 d4e5 d7e5 f3e2
r1b2k1R/p7/2p5/1p4R1/8/2N1K3/PPr3p1/8 b - -,f8f7 c3e4 c8g4 h8h7 f7f8 g5g4 a8e8 h7g7 c2b2 g4g2
rnbqkbnr/pp1pp1pp/8/2p5/3P4/3B1N2/PPP3PP/RNBQK2R b KQkq -,c5d4 e1h1 g8f6 f3g5 d8b6 a2a4 b8c6 a4a5 b6c5 b1a3
r1r3k1/pp1Rpp1p/6p1/2p5/4P3/2P1B3/P4PPP/5RK1 b - -,c8b8 d7e7 b7b5 e7c7 c5c4 f1b1 a7a6 h2h4 b8d8 g1h2
rnbqkb1r/pp2pppp/8/2p5/8/2N5/PPPPBPPP/R1BQK2R b KQkq -,b8c6 e2f3 c8d7 e1h1 e7e6 d2d3 f8e7 a2a4 e8h8 f1e1
8/8/8/8/2P5/3K4/1k6/8 b - -,d8b6 b2b3 b8c6 c1b2 c6d4 e1h1 c8d7 f1e1 e8a8 c3d5
r3k2r/pp1q1ppp/4p1b1/2bp1P2/3Nn1P1/2N1B3/PPP1Q2P/R3K2R b KQkq -,e6f5 g4f5 c5d4 e3d4 g6f5 e1a1 f7f6 h1g1 e8h8 c3e4
4rrk1/ppp2ppp/2pbb3/8/3PP3/PB3Q2/1PP3P1/R1B2KNq b - -,d6h2 c1e3 h2g1 e3g1 e6b3 c2b3 e8e6 f1e2 f8e8 e4e5
8/8/5RK1/5P2/4k1P1/1r6/8/8 b - -,b3b8 f6a6 b8g8 g6f6 e4f3 a6a4 f3e2 g4g5 e2f3 g5g6
8/8/6k1/3R4/4p2K/4P1P1/5r2/8 b - -,f2h2 h4g4 g6f6 g4f4 h2f2 f4e4 f2f1 d5a5 f6g6 a5a6
8/pp3kpp/8/8/7P/3K2P1/P4P2/8 b - -,f7e7 d3e4 e7e6 h4h5 e6f6 f2f4 g7g5 h5g6 h7g6 g3g4
r1b1r1k1/1p4pp/1P3p2/3Rn3/1P3B2/8/4BPPP/5RK1 b - -,a8a3 e2b5 c8e6 d5c5 e8f8 f4e5 f6e5 c5e5 f8f5 e5f5
r2q1rk1/p4ppp/b2Pp2b/2Q1P3/6PP/2N2N2/PP3P2/R3K2R b KQ -,a6b7 g4g5 b7f3 h1g1 g7g6 g5h6 d8h4 c5e3 h4h5 a1c1
r2qkb1r/pb1n1p1p/1p1ppnp1/2p5/4P3/1PP2N2/PBBP1PPP/RN1QR1K1 b kq -,d8e7 d2d4 f8g7 b1d2 e8h8 a2a4 a7a6 d1e2 f6h5 g2g3
r3brk1/1pp1q1pp/2n1pn2/p2p1p2/2PP4/1PN1QNP1/P3PPBP/R4RK1 b - -,a8d8 c4d5 f6d5 c3d5 e6d5 a1c1 e7e3 f2e3 f8f6 f3e1
r2qk1nr/ppp2ppp/2n1p3/b2p4/3P1Bb1/1QP1PN2/PP1N1PPP/R3KB1R b KQkq -,a5b6 f1b5 f7f6 h2h3 g4h5 g2g4 h5f7 a2a4 a7a5 h1g1
r2qk1nr/1p2bp1p/p1n1p1p1/2Pp2B1/1P5P/2P3Q1/P3BPP1/RN2K2R b KQkq -,h7h6 g5f4 e7f6 b1d2 g8e7 a1d1 e6e5 f4e3 e7f5 g3h3
rnbqkbnr/pp2ppp1/7p/2ppN3/5P2/4P3/PPPP2PP/RNBQKB1R b KQkq -,
r1b2rk1/1p4pp/p2p1q2/2PPnp2/8/2N5/PP1QB1PP/2R2RK1 b - -,f6h4 c5c6 h7h6 b2b3 h4b4 g1h1 g8h7 f1f4 b4a5 b3b4
r1br2k1/pp2qpp1/7p/b3P3/B2R1p2/2P4P/PQ3PP1/2K2N1R b - -,c8f5 d4d8 a8d8 f1d2 d8c8 c3c4 a5d2 c1d2 e7d8 d2e1
r1bqk2r/pp2bppp/8/3pN3/3p1B2/P2P2P1/1PQ1PP1P/R4RK1 b kq -,c8h3 c2a4 e8f8 f1c1 g7g5 f4d2 f8g8 a4d4 h7h5 d2b4
r3k2r/pp2b1pp/4p3/2pp4/8/2NP4/PPnB1PPP/2R2RK1 b kq -,c2a3 b2a3 e8d7 a3a4 b7b6 a4a5 h8b8 c1b1 e7f6 a5a6
r4r1k/1p1P2pp/4P3/8/p5P1/P1B4P/1P2q3/K2RR3 b - -,e2c4 e6e7 c4g8 e7f8q g8f8 c3b4 f8g8 b4e7 h7h5 d7d8q
r3r1k1/3b1p2/2p2qpn/3p3p/3P3n/2QBP1N1/3NRPPP/1R4K1 b - -,h4f5 g3f5 d7f5 d3f5 h6f5 d2f3 e8c8 b1b6 f6d8 b6c6
8/5pk1/R4p2/4pP1p/4P2P/3PK3/P5P1/2r5 b - -,c1b1 e3d2 b1b2 d2c3 b2g2 a2a4 g2h2 a6b6 h2h4 b6b1
r1b3k1/pp3pp1/8/3p4/8/1PPBnNPp/P6P/6K1 b - -,c8g4 d3e2 a8f8 a2a3 g4h5 a3a4 f7f5 f3g5 h5e2 g1f2
8/pp4pp/5k2/8/4K2P/6P1/P4P2/8 b - -,f6f7 e4e5 f7e7 h4h5 e7d7 f2f4 h7h6 g3g4 d7e7 a2a4
2r3k1/1n3p2/1N1p1bp1/1r1P3p/5P2/3R2P1/P1R2B1P/6K1 b - -,b5b1 g1g2 c8c2 b6d7 f6g7 d3b3 b1b3 a2b3 g7d4 g3g4
8/5kp1/3B1n1p/8/2pP4/2N1K3/2b3PP/8 b - -,g7g5 d4d5 c2d3 e3d4 d3f1 g2g3 f1h3 d6b4 f6g4 c3e4
r1bqr1k1/pppnbpp1/7p/3N3n/3P1B2/3BPN2/PPQ2PPP/R3K2R b KQ -,h5f4 d5f4 e7b4 e1e2 b4d6 f4h5 d7f6 h5f6 d8f6 h1d1
2r1k3/5p1p/Q1p1N1b1/4P3/2PP2Pb/8/PP5P/R4RK1 b - -,h5f4 d5f4 e7b4 e1e2 b4d6 f4h5 d7f6 h5f6 d8f6 h1d1
r2r2k1/1b1nq1p1/p2bp2p/1p3p2/1P6/P2BP2P/1B1NQPP1/R4RK1 b - -,d6e5 d2b3 e7f6 b3d4 f5f4 e2g4 d7b6 a1d1 b6c4 b2a1
2rq1rk1/pp2bpp1/2np1n1p/5P2/5Q1B/2N5/PPP3PP/1K1R1B1R b - -,f8e8 f1e2 a7a6 h1e1 c6e5 h4f6 e7f6 c3d5 c8c5 a2a3
4r3/1p1kn2Q/p1p1nR2/4P1p1/PP6/8/6PP/6K1 b - -,g5g4 f6f7 b7b5 h7g6 e8f8 g6d3 d7e8 f7e7 e8e7 d3d6
r1bq1rk1/pp2npb1/2np2pp/2p5/2B1PB2/P1NP4/1PPN2PP/R2Q1RK1 b - -,g8h8 c3b5 c6e5 f4e5 g7e5 f1f7 f8f7 c4f7 c8d7 b5c3
r3r1k1/1R1b1p2/2p3pn/3p2qp/3P3n/2QBP1N1/3NRPPP/6K1 b - -,g5d8 e3e4 d7e6 f2f3 e8e7 b7e7 d8e7 c3c6 a8a1 d2f1
r1b1nrk1/2q1b2p/p2pp1pQ/5pP1/1p1BPP2/2NB3R/PPP4P/R5K1 b - -,e7g5 f4g5 b4c3 e4f5 c3b2 a1e1 f8f5 d3f5 b2b1q e1b1
r3R3/3K1pk1/3N2p1/7p/7P/6P1/8/8 b - -,a8a5 e8e3 g6g5 e3f3 g7g6 d6c8 f7f6 c8e7 g6g7 d7c6
8/pp4pp/4k3/7P/4K3/6P1/P4P2/8 b - -,b7b5 g3g4 g7g6 h5g6 h7g6 f2f4 a7a6 e4d4 e6d6 f4f5
8/8/2k3n1/2p4R/1p5P/1Pb1K1P1/P2N4/8 b - -,c6d7 d2c4 d7e6 e3e4 c3e1 e4f3 e6f7 h5d5 g6e7 d5c5
8/8/R5K1/5P2/5kP1/1r6/8/8 b - -,b3b8 a6a4 f4e5 f5f6 b8g8 g6f7 g8d8 g4g5 d8d7 f7g6
8/8/8/5R2/7P/6K1/3krp2/8 b - -,
r2qk2r/1p2bp1p/p1n1pnp1/2Pp2B1/1P5P/2P3Q1/P2NBPP1/R3K2R b KQkq -,h7h6 g5f4 e6e5 f4e5 c6e5 g3e5 e8h8 h4h5 g6g5 e5f5
8/8/2k5/2R5/r2P4/4K3/1P6/8 b - -,c6d7 e3d3 a4a2 d3c3 a2a1 c5h5 a1a8 b2b3 a8c8 h5c5
1rqr1k2/p4pbp/1pn2np1/2pB1P2/4P3/2P1BQ1P/PP1N2P1/R4RK1 b - -,c6e5 f3g3 f6d5 e4d5 g6f5 d2f3 e5g6 a1d1 f8g8 e3g5
8/5pk1/R4p2/4pP1p/4P2P/3P1K2/P1r3P1/8 b - -,c2c1 a2a4 c1c3 f3e3 c3c2 g2g3 c2g2 a6b6 g2a2 b6b4
4R3/r4pk1/2KN2p1/7p/7P/6P1/8/8 b - -,a7a1 e8e3 a1a7 e3b3 g7f6 b3c3 f6e6 c3e3 e6f6 c6c5
8/2B2kp1/5n1p/8/2pP1K2/2N5/2b3PP/8 b - -,
r1b1k2r/ppp2pp1/2B1p2p/5q2/3PN3/P7/1PP2PPP/R2QK2R b KQkq -,b7c6 d1d3 e8h8 e1a1 e6e5 d4e5 f5f4 d3e3 f4e5 e3d4
r3r1k1/1R3p2/2Q1b1pn/3p2qp/3P3n/3BP1N1/3NRPPP/6K1 b - -,a8a1 d3b1 e8c8 b7c7 c8b8 e2e1 h4g2 g1g2 h5h4 c7b7
7k/p5pp/8/1p6/7P/6P1/P2K1P2/8 b - -,h8g8 d2c3 g8f7 c3b4 f7e6 b4b5 e6d5 b5a6 d5e4 a6a7
8/pp4pp/5k2/7P/4KP2/6P1/P7/8 b - -,a7a6 g3g4 f6e6 e4d4 e6d6 d4c4 h7h6 c4d4 b7b6 f4f5
3rk3/5p1p/2Q1N1b1/4P3/2PP2Pb/8/PP5P/R4RK1 b - -,a7a6 g3g4 f6e6 e4d4 e6d6 d4c4 h7h6 c4d4 b7b6 f4f5
5B2/6p1/4kn1p/8/2pP4/2N1K3/2b3PP/8 b - -,g7g6 f8h6 f6g4 e3d2 g4h6 d2c2 h6f5 c3b5 f5e3 c2c3
2Q2q2/1K6/p7/P2k3p/7P/8/8/8 b - -,g7g6 f8h6 f6g4 e3d2 g4h6 d2c2 h6f5 c3b5 f5e3 c2c3
5n2/1br2kqp/p4p2/3p1Pp1/3P2Q1/2p1PNP1/2B2PK1/7R b - -,b7c6 h1a1 c6b5 f3e1 f8d7 e1d3 f7g8 d3b4 b5c4 g4f3
8/5pk1/R4p2/4pP1p/4P2P/2rPK3/P5P1/8 b - -,c3c8 e3d2 c8b8 g2g3 b8b1 a2a4 b1a1 d2c2 g7f8 c2b2
r2RR3/pb3r2/2p2k2/1p6/4Np2/6p1/PPB5/2K5 b - -,f6f5 e4g3 f5g4 e8g8 g4h3 d8a8 f4g3 a8a7 c6c5 g8h8
8/8/R4PK1/8/6k1/1r6/8/8 b - -,f6f5 e4g3 f5g4 e8g8 g4h3 d8a8 f4g3 a8a7 c6c5 g8h8
2r3k1/1n3p2/3p1bp1/1r1P3p/2N2P2/6P1/P1RR1B1P/6K1 b - -,g6g5 f4g5 f6g5 c4b6 c8c2 d2c2 g5d8 c2c8 g8h7 b6c4
r1b3k1/pp3pp1/8/1B1p4/6n1/1PP2NPp/P6P/6K1 b - -,g4f6 b5f1 c8g4 f3g5 f6e4 g5h3 g4h3 f1h3 e4c3 h3g2
r3k2r/pp2b1pp/4p3/2pp4/3n4/2NPB3/PP3PPP/2R2RK1 b kq -,d4c6 c3e2 b7b6 d3d4 c5c4 b2b3 b6b5 c1b1 e8h8 g2g3
r1b5/p4k1R/2p5/1p4R1/8/2N1K3/PPr3p1/8 b - -,f7f8 h7h8 f8f7 c3e4 c8g4 h8h7 f7f8 g5g4 a8e8 h7g7
8/8/8/5R1P/8/6K1/4rp2/4k3 b - -,
4q2k/rp3rB1/p1n2pQ1/1n2p3/1P1pP2N/3P2PB/7P/4R1K1 b - -,e2e7 h5h6 e7h7 f5f2 h7h6 f2c2 h6g6 g3h2 g6g7 c2a2
2K5/8/p7/P2k3p/7P/8/8/8 b - -,e2e7 h5h6 e7h7 f5f2 h7h6 f2c2 h6g6 g3h2 g6g7 c2a2
1R6/5q2/8/b7/k5K1/4N2R/r7/r7 b - -,e2e7 h5h6 e7h7 f5f2 h7h6 f2c2 h6g6 g3h2 g6g7 c2a2
4rrk1/ppp2ppp/2p1b3/8/3PP3/PB3Q2/1PP2KPb/R1B3Nq b - -,h1g1 f2e2 e6b3 e2d3 f7f5 d3c3 b3e6 b2b3 f5e4 f3e3
8/5k2/6p1/2pr4/p5P1/R4PK1/8/8 b - -,d5d4 a3c3 c5c4 c3a3 f7e6 a3a4 e6e5 a4a5 d4d5 f3f4
r2RR3/pb3r2/2p5/1p3k2/5p2/6N1/PPB5/2K5 b - -,f5g4 e8g8 g4h3 d8a8 f4g3 a8a7 c6c5 g8h8 h3g4 c2d1
8/5kp1/5n1p/2B5/2pP4/2N1K3/2b3PP/8 b - -,g7g5 d4d5 f6g4 e3d4 g4h2 c3b5 h2g4 b5d6 f7g6 d6c4
r4bnr/2p2kpp/pp2bp2/2p5/P3PB2/1N3P2/1PP3PP/RN1R2K1 b - -,a8c8 b1c3 g7g5 f4g3 h7h5 a4a5 b6b5 h2h4 g5h4 g3h4
2r3k1/6p1/6p1/1P1p4/3p4/Q4R2/KP6/7q b - -,
rQ2kbnr/1p3p1p/p1n1p1p1/2Pp2B1/1P6/2P4P/P3BPP1/RN2K2R b KQkq -,a8b8 b1d2 f8g7 a1c1 h7h6 g5f4 b8a8 e1h1 g8e7 d2b3
r3kr2/1pN1pp2/p2q4/2b1QP2/8/8/P1P2PPP/1R3RK1 b - -,e8d7 f1d1 d7c7 d1d6 c5d6 e5a5 c7c8 f5f6 f8e8 f6e7
7k/1p4pp/8/p7/7P/6P1/P3KP2/8 b - -,a5a4 e2d3 a4a3 d3c2 h8g8 c2b3 g8f7 b3a3 f7e7 a3a4
r2qk2r/pb1n1pbp/1p1ppnp1/2p5/3PP3/1PP2N2/PBB2PPP/RN1QR1K1 b kq -,d8c7 d4d5 e8h8 c3c4 a8e8 a2a4 e8e7 d1d2 e6d5 c4d5
r1b1kb1r/pppnpppp/8/3q4/8/4PN2/PP1P1PPP/R1BQKB1R b KQkq -,e7e5 b2b3 e5e4 f3d4 d7c5 d4b5 d5c6 d1h5 a7a6 h5e5
8/5pk1/2R2p2/4pP1p/P3P2P/3PK3/6r1/8 b - -,g2a2 c6c4 a2h2 a4a5 h2a2 c4c5 g7f8 c5d5 f8e7 d3d4
1rbq1rk1/pp4pp/1nn2b2/2ppN3/5P2/1QPP2P1/PP2N1BP/R1B2RK1 b - -,g8h8 c1e3 d5d4 c3d4 c5d4 e3d2 d8e7 a1e1 c8e6 e5c6
r1b1k2r/ppq1bppp/4p3/2pn4/2NN4/P2P2P1/1PQ1PPBP/R1B2RK1 b kq -,c7d8 d4f3 b7b5 f1d1 e8h8 e2e4 b5c4 d3c4 f8e8 h2h4
2r4k/ppp1Qpbp/2q3p1/8/8/P6P/BPP2PP1/3R2K1 b - -,c6e8 e7e8 c8e8 a2f7 e8f8 d1d7 g7b2 a3a4 b2e5 h3h4
8/pp5p/5kP1/8/4KP2/6P1/P7/8 b - -,h7h6 f4f5 a7a6 e4d5 h6h5 d5c5 b7b5 c5b6 f6g7 b6a6
7k/pp4pp/8/8/7P/5KP1/Pr3P2/4R3 b - -,g7g5 h4g5 b2a2 e1c1 h8g7 f3e3 b7b5 f2f4 a2a3 e3e4
r1bq2n1/p1kp1Q2/2p2pp1/2N1p3/2pRP3/8/PP3PPP/R1B3K1 b - -,d8e7 f7e7 g8e7 d4c4 d7d6 c5a4 c8a6 c4c3 a6b5 c3a3
7k/6pp/8/pp6/7P/3K2P1/P4P2/8 b - -,g7g6 d3d4 h8g7 d4c5 b5b4 c5b5 g7f6 b5a5 f6e5 a5b4
8/p7/R7/2p5/7k/1P3K2/P2r1P2/8 b - -,h4g5 f3e4 d2f2 a6a7 f2d2 a7a6 g5g4 a6a5 g4g5 e4e5
r2qnrk1/pp1b2bp/2p1p1p1/2p1P2P/2P2P2/2NB4/PP2N1P1/R2QK2R b KQ -,b7b5 h5h6 g7f6 e5f6 e8f6 d1d2 d8e7 e1a1 a8d8 d3c2
2r2bnr/2p2kpp/pp2bp2/2p5/P3PB2/1NN2P2/1PP3PP/R2R2K1 b - -,g8e7 a4a5 e7c6 a5b6 c7b6 a1a6 c5c4 b3d4 c6d4 a6a7
8/pp6/5kp1/8/4KPP1/8/P7/8 b - -,a7a5 a2a4 f6e6 e4d4 e6d6 d4c4 d6c6 f4f5 g6g5 c4d4
r2R2R1/pb3r2/2p5/1p6/5pk1/6N1/PPB5/2K5 b - -,g4h4 g3f5 f7f5 d8a8 f5g5 g8g5 h4g5 a8b8 b7a6 c1d2
2r1qr2/1p2b1pk/p1b1p2p/3pPp2/P2B1P2/2P4Q/1P4PP/R2B2RK b - -,e8f7 b2b4 g7g6 g2g4 a6a5 b4a5 e7c5 d1e2 c5d4 c3d4
R2R4/p5k1/2p1b3/1p2p3/8/K7/PP6/4q3 b - -,e8f7 b2b4 g7g6 g2g4 a6a5 b4a5 e7c5 d1e2 c5d4 c3d4
r2q1rk1/1n3ppp/p7/npppPb2/5Q2/1BP2N2/PP1N1PPP/R2R2K1 b - -,f5c8 d2e4 a5b3 e4f6 g7f6 e5f6 g8h8 f3g5 c8g4 f4g4
8/5pk1/5p2/4pP1p/P1R1P2P/3PK3/r7/8 b - -,a2b2 d3d4 g7f8 e3d3 b2h2 d4e5 f6e5 a4a5 h2h3 d3c2
rnbq1rk1/pp3pbp/5np1/6N1/4p3/2N4P/PPPBBPP1/R2Q1RK1 b - -,d8e7 d1e1 b8c6 e2c4 c8f5 g2g4 f5d7 c3d5 f6d5 c4d5
r3k2r/pp1q1ppp/6b1/3p1P2/3Bn3/2N5/PPP1Q2P/R3K2R b KQkq -,g6f5 e1a1 f7f6 h1g1 e8h8 c3e4 f5e4 d4f6 f8f7 f6d4
4r3/8/8/3p4/3P1p1k/2PK4/8/6R1 b - -,
5n2/1br1k1qp/p4p2/3p1Pp1/3PP1Q1/2p2NP1/2B2PK1/7R b - -,f8d7 e4e5 e7d8 e5e6 d7b8 f3e1 b8c6 e1d3 g7e7 c2a4
rnbqkbnr/1p2ppp1/p6p/2ppN3/5P2/4P3/PPPPB1PP/RNBQK2R b KQkq -,e7e6 b2b3 f8d6 e2h5 g7g6 h5f3 g8e7 c1b2 e8h8 c2c4
1R6/8/8/b7/k5K1/1q5R/r7/r2N4 b - -,e7e6 b2b3 f8d6 e2h5 g7g6 h5f3 g8e7 c1b2 e8h8 c2c4
2r2bnr/2p2kpp/pp2bp2/8/P1pNPB2/2N2P2/1PP3PP/R2R2K1 b - -,g7g5 d4e6 f7e6 f4g3 g8e7 d1d4 e7c6 d4c4 f8c5 g1f1
r1b1kb1r/ppp1pppp/8/1Bnq4/8/4PN2/PP1P1PPP/R1BQK2R b KQkq -,c7c6 b5e2 c5d3 e2d3 d5d3 d1b3 d3a6 b3c2 c8g4 d2d4
5rk1/2p3bp/PpPp3r/3Pp2q/4P3/B1N1PBP1/6Qp/R2R3K b - -,f8f3 a6a7 f3f8 a3d6 f8a8 d6c7 g7f8 d1f1 h5g4 c3b5
7k/6pp/8/1p6/p6P/P2K2P1/5P2/8 b - -,h7h6 d3c3 h8h7 c3b4 h7g8 b4b5 g8h7 b5a4 g7g6 a4b4
r1bR4/5k2/p1pN4/1p6/8/4K3/PP4pr/6R1 b - -,
8/8/5pp1/3p1k2/p5bP/6K1/1B4P1/8 b - -,g4h5 g3f2 f5e4 f2g3 f6f5 g3f2 e4d3 g2g3 h5g4 f2e1
8/pp6/4k1p1/5P2/4K1P1/8/P7/8 b - -,e6d7 f5g6 d7e7 g6g7 e7f7 e4d5 f7f6 d5d6 b7b5 g7g8r
1r2b3/5pk1/2p4p/3p2p1/3P2BP/4P1P1/1r3PK1/R1R5 b - -,b8b3 g2f1 g5h4 g3h4 g7g6 g4d1 b3b8 f1g2 e8d7 a1a7
8/2B1k1p1/5n1p/3P4/2p2K2/2N5/2b3PP/8 b - -,g7g5 f4e5 f6g4 e5d4 c2d3 h2h3 g4f6 g2g3 e7f7 h3h4
r1bq1rk1/1p4pp/p2p1b2/3Pnp2/2P2B2/2N5/PP1QB1PP/2R2RK1 b - -,e5g6 f4e3 f8e8 e2d3 g6e5 d3e2 c8d7 c4c5 d6c5 d5d6
r2R2R1/pb3r2/2p5/1p3N2/5p1k/8/PPB5/2K5 b - -,f7f5 d8a8 f5g5 g8g5 h4g5 a8b8 b7a6 c1d2 g5f6 b8f8
rn1q1rk1/4bppp/p2p4/1p1Npb2/4n3/1N3B2/PPP1QPPP/R1B2R1K b - -,b8d7 f3e4 f5e4 e2e4 d7f6 d5f6 e7f6 f1d1 a6a5 c1e3
5n2/4k3/8/2R5/1pN1K2P/1Pb3P1/P7/8 b - -,c3e1 e4f3 e7f6 c5e5 e1d2 e5a5 d2c1 f3g4 f8e6 a5a6
r1bbnrk1/2q4p/p2p2pQ/5pP1/1pBB1P2/2N4R/PPP4P/R5K1 b - -,c3e1 e4f3 e7f6 c5e5 e1d2 e5a5 d2c1 f3g4 f8e6 a5a6
8/pp6/4k3/5P2/4K3/8/P7/8 b - -,
r2q1rk1/1n3ppp/p7/npppPb2/8/1BP1QN2/PP1N1PPP/2RR2K1 b - -,a8c8 b3c2 d5d4 c3d4 f5c2 c1c2 c5d4 e3d3 c8c2 d3c2
r1bq1rk1/pp2ppbp/n4np1/3pN3/3P1P2/1P2P3/PB2B1PP/RN1Q1RK1 b - -,a6b4 b1c3 f6e4 a2a3 e4c3 b2c3 b4c6 e5c6 b7c6 b3b4
r1bq2n1/p1kp1Q2/2p1Npp1/8/2ppP3/8/PP3PPP/R1B3K1 b - -,c7b6 e6d8 g6g5 f7g8 b6c7 d8f7 c8b7 g8g6 a8c8 g6f6
r3nrk1/pp1bq1bp/2p1p1p1/2p1P2P/2P2P2/2NB4/PP1QN1P1/R3K2R b KQ -,e8c7 h5g6 h7h6 c3e4 b7b5 b2b3 a7a5 a1d1 a5a4 d3b1
6rk/1p1Q2p1/4Nr1p/8/4R3/6bP/1q4P1/6RK b - -,g3b8 e6d4 b2f2 e4e2 f2g3 d4f3 b7b5 d7g4 b5b4 e2b2
r1bbnrk1/2q4p/p2pp1pQ/5PP1/1p1B1P2/2NB3R/PPP4P/R5K1 b - -,f8f5 d3f5 c7f7 f5g6 f7g6 h6g6 h7g6 h3h8 g8f7 c3e4
r1R5/4k3/p1pN4/1p6/8/4K3/PP4pr/6R1 b - -,a8c8 d6c8 e7d7 c8a7 b5b4 e3f2 c6c5 b2b3 d7c7 g1c1
1r1q1rk1/5ppp/p2pb1n1/1p2p3/4P2P/2PQN1P1/PP2BP2/R2R2K1 b - -,a6a5 d3d6 b5b4 d6c5 b8c8 c5b5 d8f6 d1d6 f6e7 a1d1
2r5/p4pkp/2Nnp1p1/1PR5/P7/2P3P1/3r1P1P/4R1K1 b - -,g7f6 e1b1 f6g7 b1b4 d2a2 h2h4 c8c7 h4h5 d6b7 c5e5
r2q1rk1/pb1n1pbp/1p1ppnp1/2p5/3PP3/1PP2N2/PBBN1PPP/R2QR1K1 b - -,a7a6 e4e5 f6d5 e5d6 c5d4 f3d4 e6e5 d4f3 f7f5 c3c4
r4rk1/p1p3p1/p6b/8/8/4pP2/P3K3/2R4R b - -,h6f4 h1h4 a8d8 h4f4 f8f4 e2e3 d8f8 c1c7 f4f7 c7c5
r1b1k2r/ppq1bppp/4p3/3n4/2Np4/P2P2P1/1PQBPPBP/R4RK1 b kq -,c7d8 f1c1 e8h8 c2b3 h7h6 a3a4 b7b6 a4a5 c8a6 c4e5
6k1/4rp2/1Q1p2n1/p2Pr1n1/2P1p2q/2N3RP/1PB4K/5R2 b - -,g5f3 f1f3 e4f3 b6b8 g8g7 b8d6 h4f4 c3e4 f3f2 c2d3
r3k2r/ppp2ppp/2pb4/8/2B1P3/P1N2Q1b/1PPPK1P1/R1B4q b kq -,h3e6 c4e6 f7e6 f3h3 h1h3 g2h3 e8h8 d2d3 f8f6 c1e3
5n2/1br1k1qp/p4p2/5Pp1/3PB1Q1/2p2NP1/5PK1/7R b - -,h7h5 h1h5 c3c2 h5h1 c2c1r h1c1 c7c1 e4b7 e7d8 b7a6
8/pp6/5k2/5P2/P3K3/8/8/8 b - -,a7a5 e4f4 f6f7 f4e5 f7e7 f5f6 e7f7 e5f5 b7b6 f5e5
rnbq1rk1/pp3pbp/5np1/6N1/8/2N1B2P/PPP1BPP1/R2Q1RK1 b - -,d8e7 e2c4 b8c6 f1e1 c8f5 c4b3 c6a5 e3b6 f6e4 g5e4
4r3/6R1/8/3p4/3P1p1k/2PK4/8/8 b - -,
8/5kp1/5n1p/2BP4/2p5/2NbK3/6PP/8 b - -,f6d7 c5d4 d3f1 e3f3 g7g5 c3e4 f1d3 g2g3 f7g6 f3e3
r1bq3r/ppp2NQn/3kp3/8/1n1p4/P7/5PPP/R3K2R b KQ -,d6e7 f7d8 e7d8 g7h8 d8e7 h8h7 e7d6 a3b4 c8d7 e1h1
2N5/4k3/p1p5/1p6/8/4K3/PP4pr/6R1 b - -,e7d7 c8a7 b5b4 e3f2 c6c5 b2b3 d7c7 g1c1 h2h5 c1e1
2r3k1/6p1/Q5p1/1P1p4/3p4/5R2/KP6/2q5 b - -,c8e8 a6a7 c1c4 a2a3 e8e3 f3e3 d4e3 a7e3 c4b5 e3e6
6Q1/8/8/7r/8/8/6K1/1k6 b - -,c8e8 a6a7 c1c4 a2a3 e8e3 f3e3 d4e3 a7e3 c4b5 e3e6
R5R1/pb6/2p5/1p3r2/5p1k/8/PPB5/2K5 b - -,f5g5 g8g5 h4g5 a8b8 b7a6 c1d2 b5b4 b8b4 a6f1 d2e1
r1b1nrk1/pp2q1bp/2p1p1p1/2p1P2P/2P2P2/2NB4/PP2N1P1/R2QK2R b KQ -,e8c7 h5g6 h7h6 d1d2 b7b5 b2b3 a7a5 c3e4 a5a4 a1d1
8/2B1k3/5n1p/3P2p1/2p5/2N2K2/2b3PP/8 b - -,c2h7 f3e3 h7d3 e3d4 d3f1 g2g3 f1h3 d4c4 f6g4 c3e4
8/4k3/4n3/R7/1pN4P/1P3KP1/P7/4b3 b - -,e7f6 f3g4 e6d8 a5d5 d8f7 d5f5 f6g7 f5f1 e1c3 g4h5
8/6kp/R5p1/1p3p2/4p3/2n5/P2K1P1P/8 b - -,c3a4 a6a5 g7f7 a5b5 f7f6 b5b4 a4c5 a2a4 f6e6 a4a5
8/p7/1p3k2/3K1P2/P7/8/8/8 b - -,f6e7 d5c6 e7f6 c6b7 f6f5 b7a7 f5f4 a7b6 f4e4 a4a5
8/r1NK1pk1/6p1/5p1p/7P/6P1/4RP2/8 b - -,a7a1 d7e7 a1a7 e2c2 a7b7 c2c6 b7a7 c6c3 a7b7 f2f4
1R6/5q2/8/b7/k5K1/R7/r7/r2N4 b - -,a7a1 d7e7 a1a7 e2c2 a7b7 c2c6 b7a7 c6c3 a7b7 f2f4
6k1/4rp2/1Q1p2n1/p2Pr3/2P1p2q/2N2nRP/1PB3K1/5R2 b - -,e5g5 c3e4 h4h3 g2f2 h3h2 f2f3 e7e4 f3e4 h2c2 g3d3
8/2n3p1/5p1k/8/KPN5/4P2P/P4PP1/8 b - -,c7e6 a4a5 g7g5 b4b5 f6f5 b5b6 e6d8 c4d2 h6g7 a2a4
r3k2r/pp3pBp/6b1/3p1q2/4n3/2N5/PPP1Q2P/R3K2R b KQkq -,h8g8 h1f1 f5e6 e2b5 e6c6 c3e4 g6e4 b5c6 b7c6 g7d4
8/N2k4/p1p5/1p6/8/4K3/PP4pr/6R1 b - -,c6c5 e3f2 b5b4 b2b3 d7c7 g1c1 g2g1q f2g1 h2a2 c1c5
1b4rk/1p1Q2p1/5r1p/8/3NR3/7P/1q4P1/6RK b - -,b2f2 e4e2 f2g3 d4f3 b7b5 g1c1 b5b4 c1c8 b8d6 e2e8
8/2B2kp1/5n1p/8/2pPN3/4K3/2b3PP/8 b - -,f6d5 e3f2 c2e4 c7a5 f7e6 a5e1 c4c3 g2g4 c3c2 e1d2
r4rk1/ppnbq1bp/2p1p1P1/2p1P3/2P2P2/2NB4/PP1QN1P1/R3K2R b KQ -,b7b5 b2b3 h7g6 d3g6 f8d8 c3e4 d7e8 g6h7 g8f8 d2a5
r1b4R/p4k2/2p5/1p4R1/4N3/4K3/PPr3p1/8 b - -,c8g4 h8h7 f7f8 g5g4 a8e8 h7g7 c2b2 g4g2 b2g2 g7g2
r1bN2n1/p2p1Q2/2pk1pp1/8/2ppP3/8/PP3PPP/R1B3K1 b - -,g6g5 f7g8 d6e7 g8f7 e7d8 f7f6 d8c7 c1g5 c8b7 g5f4
8/p7/1pK5/5k2/P7/8/8/8 b - -,
r1b2rk1/pp3pbp/2n2np1/8/4N3/2N1B2P/PPP1BPP1/3R1RK1 b - -,a7a6 e4d6 a8b8 c3a4 c8e6 c2c4 f6e8 d6e4 e6f5 e4c3
4r1k1/pb3ppp/3q1n2/2pr4/P7/3BPN2/4QPPP/2R1R1K1 b - -,d5d3 h2h3 h7h6 e1d1 c5c4 f3e1 d3d5 e1f3 d5d1 c1d1
r2q1rk1/pp3pp1/2n2P1p/3Nb3/5p2/8/PPPQ2PP/1K1R1B1R b - -,e5f6 d2f4 f6e5 f4f2 d8d6 f1c4 a8d8 a2a3 e5h2 g2g4
r2q1rk1/4ppbp/p1npb1p1/3Nn1PP/1p2P3/1P3P2/PBPQ4/1K1R1BNR b - -,d8a5 d2h2 f7f5 h5g6 h7g6 f3f4 g8f7 f4e5 f8h8 e4f5
r1bbnrk1/2q4p/p2pp1PQ/5p2/1p1B1P2/2NB3R/PPP4P/R5K1 b - -,a8a7 h3g3 c7g7 g6h7 g8h8 g3g7 a7g7 d4g7 e8g7 c3e2
r1b1nrk1/p3q1bp/2p1p1P1/1pp1P3/2P2P2/2NB4/PP2N1P1/R2QK2R b KQ -,e8c7 h1h7 b5c4 d3c4 c8a6 c4a6 c7a6 a2a3 a8d8 d1a4
2r3k1/6p1/Q5p1/1P1p4/2qp4/5R2/1P6/K7 b - -,c8e8 a6a5 d4d3 b5b6 c4b3 f3f2 d3d2 a5d2 e8a8 a1b1
8/5P2/R5K1/8/6k1/5r2/8/8 b - -,c8e8 a6a5 d4d3 b5b6 c4b3 f3f2 d3d2 a5d2 e8a8 a1b1
r2q1rk1/1p1b2pp/p4b2/2pPnp2/8/2N1B3/PP1QB1PP/2R2RK1 b - -,f8e8 d5d6 e5g4 e2g4 e8e3 c3d5 e3e5 g4f3 d7b5 d5f6
8/2B2kp1/7p/3n4/2p1N3/5K2/6PP/8 b - -,g7g5 c7a5 f7e6 e4c3 d5e7 c3d1 e7c6 a5c3 c6a7 f3e4
8/5kp1/7p/2BN4/2p5/3bK3/6PP/8 b - -,d3f5 c5d4 c4c3 d4c3 g7g5 d5b6 f5e6 e3d4 e6b3 b6c4
8/N2k4/p1p5/8/1p6/8/PP3Kpr/6R1 b - -,c6c5 b2b3 d7c7 g1c1 h2h5 c1e1 h5d5 f2g2 d5d2 g2f3
8/pK6/1p6/4k3/P7/8/8/8 b - -,
6k1/1p4p1/p4p1p/P2p3r/3R1PP1/8/1P4K1/8 b - -,g7g5 g4h5 g8f8 d4b4 f8e8 b4b7 g5g4 f4f5 e8d8 b7b3
1b4rk/1p1Q2p1/5r1p/8/3N4/7P/4RqP1/6RK b - -,f2g3 d4f3 b7b5 g1b1 g8f8 d7g4 g3c7 b1e1 c7c6 e2e7
r1n3k1/6pp/2b1p1q1/2p2p2/2P1PP2/2B5/3Q2PP/3R1BK1 b - -,g6f7 d2d8 f7f8 e4f5 e6f5 d8c7 c8e7 c7e5 a8c8 d1a1
b1rbkrnq/pp1p2pp/2n1p3/2p2p2/2P5/4PBP1/PP1PNP1P/BNR1KR1Q b - -,d8f6 b1c3 e8f7 b2b3 b7b6 e1d1 a7a6 d1c2 g8e7 c2b1
r2q1rk1/4bpp1/2pp1n1p/ppn1pN2/4P3/P1PP1Q1P/BP3PP1/R1B1R1K1 b - -,g8h7 d3d4 c5e6 d4e5 d6e5 e1d1 d8e8 f5e7 e8e7 f3f5
6k1/pp4p1/q1p3Bb/3rp3/P7/3Q1P2/6PP/4R2K b - -,d5d3 g2g3 d3f3 h1g2 f3f8 h2h4 a6a4 g6d3 a4a2 e1e2
8/K7/1p6/8/P2k4/8/8/8 b - -,d4c5 a7b7 c5b4 b7b6 b4a4 b6b7 a4b3 b7c8 b3b2 c8d8
1rqr4/p4kbp/1p3n2/2p1n2Q/8/2P1B2P/PP1N2P1/R4RK1 b - -,f7e6 h5e2 f6d5 d2c4 d8f8 f1e1 d5e3 e2e3 c8c7 a1d1
r1bq2n1/p2p1Q2/2pkNpp1/4P3/2pp4/8/PP3PPP/R1B3K1 b - -,f6e5 e6d8 d6c7 c1d2 a7a5 d8e6 c7b8 e6f8 a8a7 f7g8
8/2n2kp1/3N3p/8/2p5/5K2/6PP/8 b - -,
r2q1rk1/1n3ppp/p5b1/npppP3/5Q1N/1BP5/PP1N1PPP/R2R2K1 b - -,c5c4 h4g6 f7g6 f4e3 c4b3 a2b3 d8d7 e5e6 d7d6 e6e7
8/2B2kp1/7p/3P4/2pK2n1/2N5/2b3PP/8 b - -,c2d3 h2h4 g7g5 h4g5 h6g5 c7d8 d3f1 g2g3 g4h6 d4e5
r4rk1/ppnbq1b1/2p1p1Pp/2p1P3/2P1NP2/3B4/PP1QN1P1/R3K2R b KQ -,d7e8 e4d6 a7a5 a1d1 b7b5 b2b3 a5a4 d2e3 a4b3 a2b3
r1b1r1k1/1p4pp/1P3p2/3R4/1P3B2/8/4BPPP/5RK1 b - -,e8e2 d5d8 g8f7 f1c1 e2e8 c1c7 e8e7 h2h4 e7c7 b6c7
8/1p1k4/p2pr1p1/7p/P1P2Pb1/1P4P1/1B1R1K1P/8 b - -,
r1b1k2r/p1q1bppp/4p3/Bp1n4/2Np4/P2P2P1/1PQ1PPBP/R4RK1 b kq -,c7b8 g2d5 e6d5 c4e5 b8b7 a5b4 e7f6 e5f3 h7h5 f1c1
r3k2r/pp1b1ppp/1qn1p3/2bpP3/6n1/2PB1N2/P2NQPPP/R1B2RK1 b kq -,b6c7 d2b3 c5b6 c1f4 f7f6 a2a4 a7a5 f3d4 g4e5 e2h5
8/8/Kp6/2k5/P7/8/8/8 b - -,c5b4 a6b6 b4a4 b6b7 a4b3 b7c7 b3b2 c7c8 b2c2 c8b8
2r2r2/5pk1/6p1/p2P4/1p1Q2PP/q7/3K4/1R3R2 b - -,g7g8 b1a1 a3b3 a1c1 b3a2 d2e3 f8e8 e3f4 a2h2 f4f3
1b4rk/1p1Q2p1/5r1p/8/8/5NqP/4R1P1/6RK b - -,b7b5 g1b1 g8f8 d7g4 g3c7 e2b2 f6c6 b1e1 c6c1 g4e4
r2q1rk1/pp3pp1/2n4p/3Nb3/8/5Q2/PPP3PP/1K1R1B1R b - -,d8g5 f1c4 g5h4 f3f1 a8e8 a2a3 g7g6 g2g3 h4g4 c2c3
4r3/5R2/8/3p4/3P3k/2PK1p2/8/8 b - -,
1r2r1k1/pb2qpp1/1ppn4/4P1n1/3P2P1/1P5p/PBQ4P/2RNR1KB b - -,g7g6 d1f2 d6b5 c2d3 b5c7 f2h3 g5e6 h3f2 e8d8 f2e4
2r2r2/pp2p1kp/3pp1P1/4n2P/2q1P1P1/2N4Q/PPP5/2KR3R b - -,f8f6 c1b1 b7b5 c3b5 c4c2 b1a1 f6f2 d1b1 c2d3 h5h6
2r3k1/5p2/3p1bp1/Nr1P3p/5P2/6P1/P1RR1B1P/6K1 b - -,c8c2 d2c2 b5a5 f2b6 a5a6 b6e3 g8f8 c2e2 f6d8 g1g2
r2q1rk1/pp2npb1/2np2pp/2pP4/2B2B2/P2P4/1PPN2PP/R2Q1RK1 b - -,c6d4 d2e4 d4f5 c2c3 b7b5 c4a2 c5c4 d3c4 b5c4 a2c4
3R4/6k1/2p5/Rp2pb2/8/1K6/PP6/4q3 b - -,c6d4 d2e4 d4f5 c2c3 b7b5 c4a2 c5c4 d3c4 b5c4 a2c4
5rk1/1bq1bppp/p7/1p1npP2/n7/PNP1R1Q1/2PBB1PP/1K1R4 b - -,e7f6 b3c1 f8c8 c1a2 c7c5 d2c1 e5e4 e2h5 h7h6 h2h4
r2q1rk1/p5pp/b1pPp2b/4P1P1/3Q4/2N2N2/PP3P2/R3K2R b KQ -,d8a5 g5h6 f8f3 e1a1 g7g6 c1b1 c6c5 d4g4 f3f5 g4h4
8/2n3p1/6kp/8/2p1N3/5K2/6PP/8 b - -,c7d5 f3e2 g6h5 e2d2 h5g4 e4d6 c4c3 d2d3 g4f4 d6b5
8/5kp1/7p/2BP4/2pK2n1/2Nb4/6PP/8 b - -,g4f6 h2h4 d3f1 g2g3 f1g2 c5b4 g7g5 h4g5 h6g5 b4d6
r4rk1/pp3pbp/2n2np1/5b2/4N3/2NBB2P/PPP2PP1/3R1RK1 b - -,f8d8 e4f6 g7f6 d3f5 g6f5 c3d5 f6b2 e3g5 f7f6 d5f6
2r5/p4pkp/2N1p1p1/1P6/P1R1n3/2P3P1/r4P1P/3R2K1 b - -,e4g5 d1d7 g5h3 g1f1 a2f2 f1e1 f2h2 d7a7 h2b2 c6e5
r3brk1/ppn1q1b1/2pNp1Pp/2p1P3/2P2P2/3B4/PP1QN1P1/R3K2R b KQ -,a7a5 a1d1 b7b5 b2b3 a5a4 d2e3 a4b3 a2b3 b5c4 b3c4
r1bqkbnr/p1pn3p/3p4/1B4p1/4p3/4N3/PPPP1PPP/RNBQ1RK1 b kq -,g8f6 d2d3 f8e7 d3e4 e8h8 e3f5 d7e5 f5e7 d8e7 c1g5
r1bq1rk1/pp2ppbp/5np1/3pN3/1n1P1P2/PP2P3/1B2B1PP/RN1Q1RK1 b - -,f6e4 a3b4 c8f5 g2g4 f5e6 b1d2 a8c8 f4f5 e6d7 d2e4
8/6p1/R4Pk1/8/1r5P/5K2/8/8 b - -,
6k1/5p2/3p1bp1/Nr1P3p/5P2/6P1/P1R2B1P/6K1 b - -,b5a5 f2b6 a5a6 b6e3 g8f8 c2e2 a6a5 g1f2 f6d8 e2c2
R2R4/6k1/2p5/pp2pb2/8/PK6/1P6/4q3 b - -,b5a5 f2b6 a5a6 b6e3 g8f8 c2e2 a6a5 g1f2 f6d8 e2c2
8/8/3k4/8/4K3/3Q4/4N3/8 b - -,b5a5 f2b6 a5a6 b6e3 g8f8 c2e2 a6a5 g1f2 f6d8 e2c2
8/N2k4/p7/2p5/1p6/1P6/P4Kpr/6R1 b - -,d7c7 g1c1 g2g1r f2g1 h2a2 c1c5 c7d6 c5c6 d6d7 c6c4
rnbqkb1r/1p2ppp1/p4n1p/2ppN3/2P2P2/4P3/PP1PB1PP/RNBQK2R b KQkq -,e7e6 e1h1 f8e7 b2b3 e8h8 e2f3 f6d7 d2d4 c5d4 e3d4
1rbq1rk1/pp4pp/1nn5/2ppP3/8/1QPP2P1/PP2N1BP/R1B2RK1 b - -,c8g4 e2f4 c5c4 b3b5 c6e5 d3c4 g7g5 c4c5 b6d7 f4d5
rnbqkb1r/pppp1ppp/4n3/4p2Q/2B5/2NP1N2/PPP2PPP/R1B1K2R b KQkq -,d7d6 c1g5 f8e7 d3d4 e5d4 g5e7 d8e7 c3d5 e7d8 d5f4
r1bqk2r/pppp1ppp/1bn2n2/3P4/4P3/5N2/PP1B1PPP/RN1QKB1R b KQkq -,f6e4 d2e3 d8e7 f1e2 b6e3 f2e3 c6b8 b1d2 e4f6 e3e4
r3r1k1/pp1n1pbp/3p2p1/q1pP4/2n1PP2/2N2B1P/PPQ2BP1/2R1R1K1 b - -,c4b6 c1d1 c5c4 e4e5 d6e5 f4f5 d7c5 f3e4 c5e4 c3e4
4r1k1/6p1/6p1/QP1p4/2qp4/5R2/1P6/K7 b - -,d4d3 b5b6 c4b3 f3f2 d3d2 a5d2 b3a4 a1b1 a4e4 d2c2
8/2B2kp1/7p/1N1P4/2pK4/8/2b2nPP/8 b - -,f2g4 b5d6 f7f8 d6c4 g4f6 c4e3 c2g6 d4c5 h6h5 h2h3
r4rk1/3bn1pp/1npNp2B/p1qpPp2/1P3P2/P4N2/2PQ2PP/1K1R1B1R b - -,a5b4 a3b4 b6c4 d6c4 f8b8 c2c3 c5a7 d2b2 c6c5 c4d6
1Q6/3p2k1/2b1p3/2PpPpbp/3P4/6K1/8/8 b - -,h5h4 g3g2 g5e3 b8b2 e3g5 g2f3 g7g6 b2a1 g6h5 a1a2
2r1qr2/1p1bb1pk/p3p2p/3pPp2/PP1B1P2/2P4Q/6PP/R2B2RK b - -,g7g6 g2g4 f8g8 g1g2 c8c7 g4f5 e6f5 d1b3 d7e6 a4a5
r4rk1/1bp2pp1/pp6/4pPP1/2B2n1R/2P5/P1PB4/2KR4 b - -,g7g6 d2f4 e5f4 f5g6 g8g7 c4f7 f8h8 h4f4 a8d8 d1e1
r2qk2r/pp1n1ppp/2pbpnN1/8/3P4/5NPP/PPP2PB1/R1BQ1RK1 b kq -,h7g6 f1e1 e8h8 f3e5 d8c7 e5c4 f8d8 a2a4 a7a5 h3h4
r1bq1rk1/pppp1ppp/1bn2n2/4p3/4P3/2PP1N2/PPQ1BPPP/RNB2RK1 b - -,a7a5 b1a3 d7d6 a3c4 b6a7 c1e3 a7e3 c4e3 d6d5 e4d5
r2q1rk1/4ppbp/p1npb1p1/4n2P/1N2P1P1/1P3P2/PBPQ4/1K1R1BNR b - -,d8a5 b4c6 e5c6 d2a5 c6a5 b2g7 g8g7 h5h6 g7g8 g1h3
8/4p2p/p2r1k2/P4b2/1R6/KB5P/P7/8 b - -,f5h3 b4h4 h3f5 h4h1 e7e5 h1h6 f5g6 a3b4 e5e4 b4c5
3r1rk1/pp3p1p/2n2bp1/5B2/8/2N1B2P/PPP2PP1/3R1RK1 b - -,d8d1 f1d1 g6f5 d1d7 f6e5 e3d2 f8d8 d7d8 c6d8 b2b3
6k1/1p4p1/p4p1p/P2R4/5PP1/6K1/1P6/7r b - -,h1b1 d5d2 g8h7 f4f5 h6h5 d2h2 b1g1 g3f3 g1a1 b2b4
6k1/1pb1Bp2/p3p3/1rP4p/8/6PP/3R1P2/6K1 b - -,c7e5 d2c2 b5b2 c2c4 a6a5 g1g2 g8g7 e7h4 b2a2 c5c6
R2R4/6k1/2p5/1p2pb2/p7/P7/KP6/4q3 b - -,c7e5 d2c2 b5b2 c2c4 a6a5 g1g2 g8g7 e7h4 b2a2 c5c6
8/2B2kp1/5n1p/8/2pP4/2N5/2bK2PP/8 b - -,c2e4 g2g3 e4c6 c7d8 f6g4 d4d5 c6b7 h2h3 g4f6 h3h4
8/5P2/5RK1/8/7k/5r2/8/8 b - -,c2e4 g2g3 e4c6 c7d8 f6g4 d4d5 c6b7 h2h3 g4f6 h3h4
8/6p1/6kp/3n4/2N5/2p2K2/6PP/8 b - -,g6f5 c4a5 c3c2 a5b3 f5e5 f3e2 d5f4 e2d2 f4g2 d2c2
5rk1/r4pp1/1qppbnnp/pp2p3/1P2P3/PBPP1NNP/Q4PP1/R3R1K1 b - -,g6f4 b3e6 f7e6 e1e3 a5b4 c3b4 c6c5 b4c5 b6c5 a2b2
r1bR2k1/1p4pp/1P3p2/8/1P3B2/8/4rPPP/5RK1 b - -,g8f7 f1c1 e2e6 g2g3 e6b6 c1c7 f7g6 d8c8 a8c8 c7c8
rnbqkb1r/1pp2pp1/p2p1n1p/4p3/2B1P3/2P2N2/PP1PQPPP/RNB2RK1 b kq -,b8c6 d2d4 c8g4 f1d1 g4h5 c4b3 f8e7 h2h3 d8d7 b3a4
8/2n3k1/8/6PK/1pN4P/1Pb5/P7/3R4 b - -,g7f8 h5g4 f8e7 h4h5 c7e8 h5h6 e7e6 d1d8 e6e7 d8d3
8/2B2kp1/3N3p/3P4/2pK2n1/8/2b3PP/8 b - -,f7f8 d6c4 g4f6 c4e3 c2g6 d4c5 h6h5 h2h3 f6e4 c5c4
8/N1k5/p7/2p5/1p6/1P6/P4Kpr/2R5 b - -,g2g1q f2g1 h2a2 c1c5 c7d6 c5c6 d6d7 c6c4 a6a5 a7b5
8/5kp1/7p/2BP4/2p1K3/8/6Pn/8 b - -,
4r1k1/6p1/1P4p1/Q2p4/2q5/3p1R2/1P6/K7 b - -,c4b3 f3f1 d3d2 b6b7 d2d1q f1d1 b3d1 a1a2 d1f1 a5b6
2r4k/pppRQp1p/2q3p1/8/8/P6P/BbP2PP1/6K1 b - -,c6c3 e7f7 c3g7 d7c7 c8f8 f7g7 b2g7 a2f7 g7d4 c7b7
r7/p4k1R/2p5/1p4R1/4N1b1/4K3/PPr3p1/8 b - -,f7f8 g5g4 a8e8 h7g7 c2b2 g4g2 b2g2 g7g2 f8e7 g2g6
2r3k1/1bq1bppp/p7/1p1nQP2/n7/PNP1R3/2PBB1PP/1K1R4 b - -,c7e5 e3e5 a4c3 d2c3 d5c3 b1c1 e7f6 e5e3 f6g5 d1d3
5rk1/pp3p1p/2n2bp1/5B2/8/2N1B2P/PPP2PP1/3R2K1 b - -,c6b4 a2a3 f6c3 a3b4 c3b2 f5e4 b7b6 g2g4 f8c8 e4b7
4r1k1/2R2pp1/4q3/p7/4P1P1/5Q1P/4P1K1/8 b - -,
8/8/R4pk1/8/1r5P/6K1/8/8 b - -,
3r1rk1/p6p/1q2n1p1/1pp1Pp2/8/P2P1R1P/1P1QN1P1/3R3K b - -,d8d5 b2b4 c5c4 e2c3 d5d4 d2e1 f8d8 d3c4 b5c4 d1d4
2r2rk1/1p1nbpp1/p3pn1p/2Pp1b2/B2P1B2/2N1PN1P/1P3PP1/R4RK1 b - -,f5h7 f1c1 c8a8 a4d1 f8c8 d1e2 a6a5 e2b5 e7d8 f3e5
k7/1p1K4/1P6/8/4B3/8/8/8 b - -,
r1b1nrk1/2q1bppp/p2p4/3Np1PQ/1p1BPP2/3B1R2/PPP4P/R5K1 b - -,c7b7 f4f5 e5d4 f5f6 e7d8 f3f4 h7h6 f6g7 d8g5 g7f8q
r1b1nrkb/pp2q2p/2p1p2P/2p1P1p1/2P2P2/2NB2P1/PP2N3/R2QK2R b KQ -,f8f5 d1c2 h8e5 f4e5 f5e5 c3e4 b7b5 e1a1 c8a6 c2c3
rnbq1rk1/5pbp/6p1/pN2p3/P7/1NP1QP2/1P4PP/R3KB1R b KQ -,b8a6 f1d3 c8e6 d3c2 a6c7 e1h1 c7b5 a4b5 d8b8 e3e2
r4k2/p6R/2p5/1p6/4N1R1/4K3/PPr3p1/8 b - -,a8e8 h7g7 c2b2 g4g2 b2g2 g7g2 f8e7 g2g7 e7d8 g7a7
r4rk1/1bp2pp1/p7/1p2pPP1/5n1R/1BP5/P1PB4/2KR4 b - -,f4g2 h4h3 a8d8 d1h1 g2h4 h1h2 d8d2 h2d2 h4f3 h3f3
8/6p1/6kp/3nN3/8/5K2/2p3PP/8 b - -,g6f5 e5d3 h6h5 d3c1 g7g5 f3e2 d5f4 e2d2 f4g2 c1e2
2krr3/p1p2p1p/2p2p2/8/8/2P2PN1/P1P3PP/5RK1 b - -,f6f5 h2h4 d8d2 g1h2 d2c2 g3f5 c2a2 h2g3 e8g8 g3f4
1b4rk/6p1/5r1p/1Q6/8/5NqP/4R1P1/6RK b - -,f6f5 h2h4 d8d2 g1h2 d2c2 g3f5 c2a2 h2g3 e8g8 g3f4
r2q1rk1/pp3pp1/7p/3Nb3/3nQ3/8/PPP3PP/1K1R1B1R b - -,f8e8 g2g3 d4c6 e4f3 c6d4 f3g2 d8d7 c2c3 d7f5 f1d3
b1r1krnq/pp1p3p/2n1pb2/2p2pp1/2P5/1PN1P1P1/P2P1PBP/B1R1KRNQ b - -,a7a6 g3g4 f5g4 h2h3 b7b5 e1e2 h7h5 h3g4 h5g4 c4b5
r1b2rk1/pp3p1p/4p1q1/3Pn1p1/1b1Nn3/2N1B1P1/PPQ1BP1P/R4RK1 b - -,e4c5 c3b5 c5a6 c2g6 h7g6 d5e6 f7e6 e3g5 e5f7 g5e3
1k6/1p6/1P1K4/8/4B3/8/8/8 b - -,
8/p7/8/R1p4k/3r4/1P2K3/P4P2/8 b - -,d4d7 a5c5 h5g4 f2f3 g4g3 f3f4 d7e7 c5e5 e7c7 e5g5
8/5kp1/7p/2BP4/8/2pK4/6Pn/8 b - -,g7g6 d3c3 h2g4 c3d4 h6h5 d4e4 f7f6 c5d4 f6e7 d4c3
8/2B1k1p1/7p/3P4/2NK2n1/8/2b3PP/8 b - -,h6h5 c7f4 e7f7 c4b6 c2f5 h2h4 g4f6 d4e5 f5g4 b6c4
8/6p1/7p/3n1k2/8/3N1K2/2p3PP/8 b - -,h6h5 d3c1 g7g5 c1b3 f5e5 f3e2 d5f4 e2d2 f4g2 d2c2
2r1qr2/1p1bb1pk/p3p2p/3pPp2/P2B1PP1/2P4Q/1P5P/R2B2RK b - -,f8g8 b2b4 g7g6 a1a2 e8f8 a2g2 f8f7 h3e3 c8f8 d1c2
k7/1p6/1P6/2K5/4B3/8/8/8 b - -,
rn1qkb1r/1pp2pp1/p2p1n1p/4p3/2B1P1b1/2P2N1P/PP1PQPP1/RNB2RK1 b kq -,g4h5 d2d4 b8c6 g2g4 h5g6 f1d1 d8c8 b1d2 h6h5 g4g5
r3k2r/ppqbnpp1/2n1p2p/2ppP3/P2P4/2PB1N2/2PQ1PPP/R1B2RK1 b kq -,c5c4 d3e2 e8a8 c1a3 d7e8 f3h4 g7g5 h4f3 e7g8 f1e1
6k1/4rpp1/4q3/p1R5/4P1P1/5Q1P/4P1K1/8 b - -,g7g6 c5a5 e6e4 f3e4 e7e4 g2f3 e4b4 a5a1 g8g7 h3h4
8/8/R4pk1/8/6KP/1r6/8/8 b - -,
8/6kp/6p1/Rp1n1p2/4p3/8/P2K1P1P/8 b - -,d5b4 a5b5 b4a2 b5b2 a2c1 d2c1 g7f6 c1d2 f5f4 d2e2
8/N1k5/p7/2p5/1p6/1P6/P6r/2R3K1 b - -,h2a2 c1c5 c7b6 c5c4 b6a7 c4b4 a6a5 b4c4 a2b2 g1f1
7k/1q4p1/6Bp/1P6/1p6/8/5rQP/6RK b - -,f2g2 g1g2 b4b3 h2h3 b7b5 g2g1 b3b2 h1h2 b5b6 g1g3
5rk1/r4pp1/1qppbnnp/1p2p3/1P2P3/PB1P1NNP/Q4PP1/R3R1K1 b - -,g6f4 b3e6 f7e6 e1e3 f8a8 a2b2 f6d7 g3e2 f4e2 e3e2
3k1n2/1Br3qp/p4p2/5Pp1/3P2Q1/2p2NP1/5PK1/7R b - -,c3c2 h1c1 c7b7 c1c2 g7d7 g4e4 b7b5 c2e2 b5d5 e2b2
r2qr1k1/pp3pp1/7p/3Nb3/3nQ3/6P1/PPP4P/1K1R1B1R b - -,d4c6 e4f3 c6d4 f3g2 d8d7 a2a3 d7c6 c2c3 d4b5 g2f2
8/5kp1/7p/2BP4/8/8/2K3Pn/8 b - -,
r1b1nrkb/pp2q2p/2p1p2P/2p1P3/2P2P2/2NB4/PP2N3/R2QK2R b KQ -,f8f5 d1d2 g8f8 e1a1 b7b5 e2g3 a8b8 h1g1 f5f7 g3e4
2r3k1/1b2bppp/p7/1p1nRP2/n7/PNP5/2PBB1PP/1K1R4 b - -,a4c3 d2c3 d5c3 b1c1 e7f6 e5e3 f6g5 d1d3 b7e4 h2h4
4Qbkr/pp3n2/4ppp1/2P4p/2B4q/8/PPP2P1P/1K1RR3 b - -,g8g7 e8e6 f7d8 d1d8 g7h6 e6f7 h4f2 e1f1 f2e3 d8f8
4rk1R/p7/2p5/1p6/4N1R1/4K3/PPr3p1/8 b - -,f8f7 h8h7 f7f8 h7g7 c2b2 g4g2 b2g2 g7g2 f8e7 g2g7
3r1r2/pp4k1/2p2p1Q/P4Rn1/3PP2R/1q6/6P1/7K b - -,g7f7 h6f6 f7e8 f6f8 e8d7 f8g7 d7c8 g7g5 b3e6 h4h7
7k/1q4p1/6Bp/1P6/1p6/8/6RP/7K b - -,b4b3 h2h3 b7b5 h1h2 h8g8 g2g3 b5e5 h2g2 e5e2 g2g1
6k1/pp3p1p/2n5/5R2/8/2P1B2P/P1P2PPK/3r4 b - -,b7b6 f5f4 h7h5 f4f5 d1a1 f5h5 a1a2 h5h6 c6e7 e3d4
8/N1k5/p7/2R5/1p6/1P6/r7/6K1 b - -,c7d6 c5f5 a2b2 f5f3 d6c5 g1f1 b2c2 f1e1 c5b6 e1d1
6k1/4rpp1/8/p1R5/4Q1P1/7P/4P1K1/8 b - -,e7e4 g2f3 e4a4 c5c8 g8h7 h3h4 a4a1 c8a8 f7f6 a8a7
r3r1k1/p2n1pbp/3p2p1/qppP4/2n1PPB1/2N4P/PPQ2BP1/2R1R1K1 b - -,d7b6 b2b3 c4a3 c2d3 b5b4 c3e2 a5b5 d3f3 b6d7 e2g3
4r3/p4k1R/2p5/1p6/4N1R1/4K3/PPr3p1/8 b - -,f7f8 h7g7 c2b2 g4g2 b2g2 g7g2 f8e7 g2g6 e7d7 g6g7
8/2B2kp1/5n1p/8/2pP4/2N2K2/2b3PP/8 b - -,
k7/5R2/2N4P/1P6/PP1PP3/3r4/4K3/8 b - -,g7g5 d4d5 c2d3 h2h3 f7g6 c7d8 d3f1 f3f2 f1d3
8/2n3p1/4k2p/8/2N5/5K2/6PP/8 b - -,
6k1/Bp3p1p/2n5/5R2/8/2P4P/P1P2PPK/r7 b - -,g8f8 a7c5 f8g7 c5d4 g7f8 a2a3 c6d4 c3d4 a1a3 f5c5
3r1r2/pp3k2/2p2Q2/P4Rn1/3PP2R/1q6/6P1/7K b - -,f7e8 f6f8 e8d7 f8g7 d7c8 f5f8 b3d1 h1h2 g5f3 f8f3
2r1qr2/1p1bb1pk/p3p2p/3pPp2/P2B1P2/2P1Q3/1P4PP/R2B2RK b - -,b7b5 a4b5 d7b5 g2g4 e8f7 g1g2 g7g6 d1c2 f8g8 a1g1
r1bqkb1r/pp1ppppp/1nn5/1Bp1P3/8/1P3N2/P1PP1PPP/RNBQK2R b KQkq -,b6d5 e1h1 d5c7 b5c6 d7c6 d2d3 c8g4 b1d2 c7e6 h2h3
rkbq2n1/8/5pp1/p1Npp3/1P1n4/2Q5/P2B1PPP/R2R2K1 b - -,d4e2 g1h1 e2c3 d2c3 g8e7 a1b1 d5d4 c3d2 e7d5 f2f4
7k/1q4p1/6Bp/1P6/8/1p6/6RP/6K1 b - -,b7b5 g6e4 b5c4 e4g6 c4c5 g1h1 c5c6 g6d3 g7g5 d3f1
3r2k1/6p1/R4qp1/3p4/8/3Q4/1P6/K7 b - -,f6f5 d3a3 g6g5 a3a5 d8b8 a1a2 f5e5 a5d2 d5d4 d2d3
8/8/1p6/1k4Kp/8/5P1P/8/8 b - -,b5a4 f3f4 b6b5 f4f5 b5b4 f5f6 b4b3 f6f7 b3b2 f7f8q
8/8/3k4/4n3/4Q3/8/4K3/8 b - -,e5f7 e2e3 f7e5 e4d4 d6e6 e3e4 e5d7 d4d5 e6e7 d5c6
2rr2k1/1p1nbpp1/p3pn1p/2Pp1b2/BP1P1B2/2N1PN1P/5PP1/R4RK1 b - -,f5h7 f1c1 c8a8 f3e1 d8c8 a1a2 b7b6 c1a1 a6a5 a4b5
2r3k1/1b2bppp/p7/1p2RP2/n7/PNB5/2P1B1PP/1K1R4 b - -,a4c3 b1c1 e7f6 e5e3 f6g5 d1d3 b7e4 h2h4 g5f4 c1b2
r2qr1k1/1p1b2pp/p2p1bn1/3P1p2/2P5/2N1B3/PP1QB1PP/4RR1K b - -,a8c8 h2h3 f6h4 e1d1 d8e7 e3g1 h4g5 d2c2 g5e3 g1e3
r1b1nr1b/pp2qk1B/2p1p2P/2p1P3/2P2P2/2N5/PP2N3/R2QK2R b KQ -,e7d7 d1b1 e8f6 e5f6 h8f6 b1g6 f7e7 a1d1 d7c7 c3e4
r2q1rk1/1p1nbppp/p3bn2/3Pp3/6P1/1NN1BP2/PPPQ3P/2KR1B1R b - -,e6g4 f3g4 e7b4 d2g2 b4c3 b2c3 a8c8 c1b2 d7b6 e3b6
r3k2r/2qpb1p1/p1b1p3/1p2Pp2/6p1/P1NBQ3/1PPB1PP1/R3R1K1 b kq -,e8a8 a3a4 h8h4 a4b5 d8h8 g1f1 c6g2 f1g2 h4h2 g2f1
3r1r2/pp4k1/2p2p1p/P4RnQ/3PP2R/1B6/6PK/4q3 b - -,g5f7 b3f7 e1h4 h5h4 f8f7 e4e5 d8g8 f5f6 f7f6 h4f6
8/5kp1/8/3P3p/8/4B3/2K3Pn/8 b - -,
3rkQ2/pp6/2p5/P4Rn1/3PP2R/1q6/6P1/7K b - -,e8d7 f8g7 d7c8 f5f8 g5e6 f8d8 e6d8 h4h7 b3f7 g7g4
rnbqkbnr/pp1pp1pp/8/8/3p4/3B1N2/PPP3PP/RNBQ1RK1 b kq -,g8f6 f3g5 d7d6 b1d2 b8c6 d2e4 d8b6 a2a4 c6e5 c1f4
k7/1B6/1P6/1K6/8/8/8/8 b - -,a8b7 b5a5 b7b8 a5b4 b8b7 b4b5 b7b8
5rk1/r4pp1/1qppbn1p/1p2p3/1P2Pn2/PB1PRNNP/Q4PP1/R5K1 b - -,f8a8 b3e6 f4e6 a2b2 f6h7 g3f5 h7g5 f3e1 e6d4 e1c2
8/8/5pp1/3p1k1b/p6P/8/1B3KP1/8 b - -,f5e4 f2e1 e4d3 e1f2 f6f5 f2g3 d3e3 b2c1 e3e4 g3f2
8/1p3kp1/p4p1p/P7/1r1R1PP1/6K1/8/8 b - -,b4d4 g3f3 f6f5 g4f5 f7f6 f3e3 d4d6 e3f3 f6f5 f3e3
r1b2rk1/pp3p1p/4p1n1/3P2p1/3N4/2b1B1P1/P3BP1P/2R2RK1 b - -,c3b4 d5e6 f7e6 e3g5 b4a3 c1c2 b7b6 g5h6 f8f7 e2c4
rnb1kb1r/1p1B1ppp/pq2p3/2ppP1B1/3P4/2N2N2/PPP2PPP/R2QK2R b KQkq -,e8d7 d4c5 b6c5 g5e3 c5c4 c3e2 d7e8 e1h1 c4c7 f1e1
6RR/p5k1/2p1b3/1p2p3/8/8/PP2K3/6q1 b - -,e8d7 d4c5 b6c5 g5e3 c5c4 c3e2 d7e8 e1h1 c4c7 f1e1
8/N7/p2k4/5R2/1p6/1P6/r7/6K1 b - -,a2b2 f5f3 d6c5 g1f1 b2c2 f1e1 c5b6 e1d1 c2c5 d1d2
7k/6p1/7p/1q6/4B3/1p6/6RP/6K1 b - -,b5c4 e4g6 b3b2 g1f2 c4c5 f2f3 c5c6 g6e4 c6e4 f3e4
3r4/pp1k2Q1/2p5/P4Rn1/3PP2R/1q6/6P1/7K b - -,d7c8 f5f8 b3d1 h1h2 g5f3 f8f3 d1d4 g7d4 d8d4 f3f7
2r3k1/1b2bppp/p7/1p2RP2/8/PNn5/2P1B1PP/2KR4 b - -,e7f6 e5e3 f6g5 d1d3 b7e4 h2h4 g5f4 c1b2 e4d3 e3d3
8/2n3p1/3N3p/5k2/8/5K2/6PP/8 b - -,
r3r1k1/p4pbp/1n1p2p1/qppP4/2n1PPB1/1PN4P/P1Q2BP1/2R1R1K1 b - -,g7c3 c2c3 a5c3 c1c3 f7f5 b3c4 f5g4 c4b5 a7a6 b5a6
3r2k1/6p1/R5p1/3p1q2/8/6Q1/1P6/K7 b - -,g7c3 c2c3 a5c3 c1c3 f7f5 b3c4 f5g4 c4b5 a7a6 b5a6
6k1/5pp1/8/R7/4r1P1/7P/4P1K1/8 b - -,e4b4 g2f3 g7g6 h3h4 b4b3 f3f4 b3b1 e2e4 g8g7 e4e5
8/5P2/5K2/8/7k/8/8/8 b - -,e4b4 g2f3 g7g6 h3h4 b4b3 f3f4 b3b1 e2e4 g8g7 e4e5
8/1p6/p1kpr1p1/7p/P1P2Pb1/BP4P1/3R1K1P/8 b - -,
2r1r1k1/p2nqppp/1p1Rp3/2p1P3/2P5/1P3Q2/PB3PPP/R5K1 b - -,c8b8 h2h4 h7h6 f3g4 f7f5 g4g3 d7f8 a1d1 b8d8 b2c3
5rk1/p1p3p1/p1R4b/8/8/3KpP2/Pr6/7R b - -,e3e2 f3f4 f8f4 c6c1 f4f3 d3e4 f3e3 e4d5 b2a2 c1b1
r4bk1/1p3ppp/p2n4/3P2PP/8/1PBB2Q1/q1P1r3/2KR3R b - -,d6e4 d5d6 e4g3 d3e2 g3e2 c1d2 f8d6 g5g6 f7g6 h5g6
8/4Rk2/6p1/2pr4/pp4P1/r4PK1/8/4R3 b - -,f7f6 e1e6 f6g5 e7g7 a3f3 g3f3 d5d3 f3e4 d3d4 e4e3
7k/6p1/6Bp/8/2q5/1p6/6RP/6K1 b - -,b3b2 g1f2 c4d4 f2e2 d4e5 e2f3 e5f6 f3e3 f6b6 e3e2
8/1p3k2/p4p1p/P4Pp1/1r1R2P1/6K1/8/8 b - -,b3b2 g1f2 c4d4 f2e2 d4e5 e2f3 e5f6 f3e3 f6b6 e3e2
6k1/4Rp1p/8/4n3/8/2P4P/2r2PPK/8 b - -,e5d3 f2f3 c2c3 e7e8 g8g7 e8e4 c3c2 e4g4 g7f6 g4d4
r7/2qpbkp1/p1b1p3/1p2Pp2/1B4pr/P2BQ3/1PP1NPP1/R3R1K1 b - -,a8h8 e2g3 h4h2 d3f5 h2g2 g1f1 h8h2 f5e4 e7g5 e3d4
r1bq1rk1/pp2ppbp/2n2np1/3pN3/3P1P2/PPN1P3/1B2B1PP/R2Q1RK1 b - -,a7a5 h2h3 c8e6 a1c1 a8c8 a3a4 f6e8 e2f3 c6b4 b2a3
8/6kp/6p1/1R3p2/1n2p3/8/P2K1P1P/8 b - -,b4a2 b5b2 a2c1 d2c1 f5f4 c1d2 g7f6 d2e2 f6e5 b2b4
r2q1rk1/4bpp1/n1pp1n1p/pp2pN2/4P3/PBPP1Q1P/1P3PP1/R1B1R1K1 b - -,g8h7 f3g3 f6e8 d3d4 a5a4 b3a2 d8c7 c1e3 c6c5 a2d5
2k2Q2/pp6/2p5/P5n1/3PP2R/1q6/6P1/7K b - -,g8h7 f3g3 f6e8 d3d4 a5a4 b3a2 d8c7 c1e3 c6c5 a2d5
8/2n3p1/7p/6k1/4N3/5K2/6PP/8 b - -,
r1n3k1/6pp/2b1p1q1/2p5/2P1pP2/2B1Q3/6PP/3R1BK1 b - -,g8f7 e3c5 c8e7 d1d6 c6e8 c5e5 a8a3 d6e6 e7c6 e5d6
5rk1/r4pp1/1q1pBn1p/1pp1p3/1P2Pn2/P2PRNNP/Q4PP1/R5K1 b - -,f4e6 b4c5 b6c5 a2b2 f8a8 d3d4 e5d4 e3b3 a7a5 g3f5
1r2r1k1/pb2q1p1/1ppn4/4P1n1/6P1/1P5p/PBQ2N1P/2R1R1KB b - -,c6c5 e1e3 b7h1 f2h1 e7b7 h1g3 b8d8 c1d1 d6f7 d1d8
r2qkbnr/pQ1n4/2p1P1p1/4p1Pp/4P2P/2N5/PPP5/R1B1K2R b KQkq -,g8e7 e6d7 d8d7 b7a8 e7c8 c1e3 h8h7 h1f1 d7b7 a8b7
4rk2/p5R1/2p5/1p6/4N3/4K3/Pr4R1/8 b - -,b2g2 g7g2 f8e7 g2g7 e7d8 g7a7 e8e5 e3d3 e5d5 d3c3
5rk1/p1p3p1/p1R4b/8/8/2K1pP2/P2r4/7R b - -,f8f3 h1h6 g7h6 c6a6 d2d8 c3c2 e3e2 a6e6 f3f2 c2b3
rnbqkb1r/1p2ppp1/p4n1p/2p1N3/2Pp1P2/4P3/PP1PB1PP/RNBQ1RK1 b kq -,e7e6 d1e1 f8d6 d2d3 b8d7 e1g3 e8h8 e3e4 d6c7 e5f3
8/5k2/R4p2/7P/6K1/1r6/8/8 b - -,
8/5kp1/8/3P3p/6n1/3KB3/6P1/8 b - -,
1r5k/3Q4/p2p3p/2pPp3/2P1Pp2/P4R2/6KP/8 b - -,g4f6 d3c4 f6g4 e3d2 f7e7 c4d4 e7d7 d2f4 d7e7
r1b2rk1/pp3p1p/5Bn1/3p2p1/8/6P1/P3BP1P/2R2RK1 b - -,h7h6 f1d1 f8e8 e2f3 g6e5 f3d5 c8g4 d5b7 a8b8 d1e1
8/1p2k3/p4p1p/P4Pp1/1r1R2P1/5K2/8/8 b - -,c8f5 f1d1 h7h6 d1d5 f5h3 f2f3 a8c8 c1d1 h3e6 d5d6
8/8/1p1k3p/6p1/1P2K3/5P1P/8/8 b - -,d6e7 e4d5 e7d7 b4b5 d7c7 d5e6 h6h5 e6f5 c7d6 f5g5
r1b2r1b/ppn1qk1B/2p1p2P/2p1P3/2P2P2/2NQ4/PP2N3/R3K2R b KQ -,f8g8 h7g8 f7f8 g8h7 b7b5 d3g6 e7f7 a1d1 f7g6 h7g6
r2q1rk1/1p1nbppp/p4n2/3Pp3/6P1/1NN1B3/PPPQ3P/2KR1B1R b - -,e7b4 d2g2 b4c3 b2c3 a8c8 c1b2 d7b6 e3b6 d8b6 d5d6
8/pp1k4/2p5/P4Qn1/3PP2R/1q6/6P1/7K b - -,e7b4 d2g2 b4c3 b2c3 a8c8 c1b2 d7b6 e3b6 d8b6 d5d6
r2q1rk1/1n3ppp/p7/np1pP3/2p5/2P1QN2/PPRN1PPP/3R2K1 b - -,f7f5 f3d4 d8c8 b2b4 c4b3 d2b3 a5c6 d4c6 c8c6 c2d2
5Q2/8/8/6Kp/2k5/7P/1p6/8 b - -,b2b1q f8f7 c4d4 g5h5 d4e5 f7g7 e5f4 g7g4 f4e5
7k/pp5p/6p1/8/5P1P/6P1/P7/4K3 b - -,h8g7 h4h5 g6h5 e1e2 g7g6 e2f1 g6f5 a2a3 b7b5 f1g1
4rk2/p7/2p5/1p6/4N3/4K3/P5R1/8 b - -,f8e7 g2g6 e7d7 g6g7 d7d8 g7a7 e8e5 e3d3 e5d5 d3c3
8/2n3p1/6kp/8/4N2P/5K2/6P1/8 b - -,
5rk1/p1p3p1/p5Rb/8/8/2K1pP2/r7/7R b - -,f8f3 g6g1 e3e2 c3c4 a2c2 c4d5 g8f7 g1a1 f7f6 d5e4
rkbq2n1/8/5pp1/p1Npp3/1P6/2B5/P4PPP/R2R1K2 b - -,b8a7 d1c1 a8b8 c5b3 a5a4 c3d2 g8e7 f2f4 a4b3 a2b3
r4rk1/1b3pp1/p7/1pp1pPP1/5B1R/1BP5/P1P5/2KR4 b - -,f8e8 f4e3 c5c4 d1d2 a8c8 d2h2 f7f6 g5f6 b7d5 c1b2
5k2/6pp/8/8/8/8/4PKPP/8 b - -,f8f7 f2f3 f7f6 f3e4 f6e6 h2h4 h7h5 e4f4 e6f6 e2e4
r7/1p1q1Npk/1b4nB/pP3b2/1nBP4/1Q6/5PPP/R3R1K1 b - -,a8c8 h6d2 b6d4 f7g5 h7h8 a1d1 b4d3 d2e3 c8c4 b3c4
7k/pp5p/6p1/8/7P/6P1/P3KP2/8 b - -,b7b5 e2d3 h8g7 d3d4 g7f6 d4c5 g6g5 h4g5 f6g5 f2f3
r1b1nrk1/1q2bppp/p7/3NB1PQ/1p2P3/3B1R2/PPP4P/R5K1 b - -,c8e6 d5f6 e7f6 g5f6 g7g6 h5h6 b7b6 g1h1 b6c5 e5g3
rnbq1rk1/ppp1ppb1/3p1n1p/6p1/2PP4/4PNB1/PP3PPP/RN1QKB1R b KQ -,f6h5 b1c3 c7c5 f1e2 c8f5 e2d3 f5d3 d1d3 b8d7 e1h1
r2qr1k1/4bpp1/2pp1n1B/ppn1pN2/4P3/P1PP1Q1P/BP3PP1/R3R1K1 b - -,g7g6 d3d4 c5d7 f3g3 d7f8 h6c1 d6d5 f5h6 g8g7 e4d5
6k1/5p1p/8/8/8/2P1R1KP/2r2nP1/8 b - -,g8g7 g3h2 g7f8 h2g1 f2d1 e3e4 d1c3 e4h4 f8g7 h4g4
8/8/1p2k2p/6p1/1P2KP2/7P/8/8 b - -,
r1bq1rk1/pp1p1pp1/1b3B1p/2p5/2B1P3/2N5/PPP2PPP/R2Q1RK1 b - -,d7d5 f6d8 d5c4 d8e7 c8e6 e7f8 a8f8 d1d6 f8d8 d6e7
7k/6p1/6Bp/8/2q5/7P/1p4R1/6K1 b - -,b2b1q g6b1 c4c1 g1f2 c1b1 g2g3 b1c2 f2g1 h8h7 g3g4
8/1R4kp/6p1/5p2/4p3/8/n2K1P1P/8 b - -,g7f6 b7b2 a2c3 d2c3 f6g5 c3d2 g5f4 d2e2 g6g5 b2b6
2r2k1r/2q3p1/3PQ1Bp/6b1/pp6/8/PPP3PP/1K1R4 b - -,g7f6 b7b2 a2c3 d2c3 f6g5 c3d2 g5f4 d2e2 g6g5 b2b6
5rk1/r4pp1/1q1pnn1p/1pp1p3/1P2P3/P2PRNNP/1Q3PP1/R5K1 b - -,f8a8 g3f5 c5b4 b2b4 a7a4 b4d6 b6d6 f5d6 b5b4 f3e5
8/pp1k4/2p1q3/P5Q1/3PP2R/8/6P1/7K b - -,f8a8 g3f5 c5b4 b2b4 a7a4 b4d6 b6d6 f5d6 b5b4 f3e5
8/5k2/R4p2/7P/1r6/6K1/8/8 b - -,
r1nR2k1/6pp/2b1p3/2p2q2/2P1pP2/2B1Q3/6PP/5BK1 b - -,f5f8 d8f8 g8f8 e3c5 c8e7 c3b4 f8g8 c5e7 g8h8 b4c3
8/2n3p1/7p/7k/4N1PP/5K2/8/8 b - -,h5h4 e4d6 c7e6 d6f5 h4h3 f5e7 e6d4 f3f4 d4e2 f4f3
rnbqkb1r/1p3pp1/p2p1n2/4pNBp/4P3/2N4P/PPP2PP1/R2QKB1R b KQkq -,h5h4 g5h4 b8d7 h4g5 d7b6 d1f3 c8f5 f3f5 a8c8 f1e2
2rq1rk1/1n3ppp/p7/npppPb2/8/2P1QN2/PPBN1PPP/2RR2K1 b - -,f5g4 e3f4 g4h5 d2e4 h5g6 h2h4 c8c6 b2b3 b5b4 f4g4
rkbq2n1/8/5pp1/p1N1p3/1P1p4/8/PB3PPP/R2R1K2 b - -,a5b4 a1b1 d8b6 c5d3 c8f5 f1g1 f5d3 d1d3 a8a2 b2c1
r2qkb1r/4nppp/p1N1p3/4P3/Q1p5/3bB3/PP3PPP/RN3RK1 b kq -,d8d7 b1d2 d7c6 a4c6 e7c6 f1c1 c6e5 f2f4 e5g4 e3d4
8/1p2k3/p4p1p/P4Pp1/1r1R2P1/8/3K4/8 b - -,d8d5 c6e7 d5d7 a4d7 e8d7 f1d1 f8e7 b1d2 h8d8 e3b6
r3r1k1/pp3pp1/3q3p/3Nb3/3nQ3/6P1/PPP3BP/1K1R3R b - -,d4c6 e4g4 a8d8 h1f1 d6e6 g4h5 g7g5 f1e1 e6g6 h5e2
rnbqkb1r/pp1pp1pp/5n2/6N1/3p4/3B4/PPP3PP/RNBQ1RK1 b kq -,d7d6 b1d2 b8c6 d2e4 d8b6 e4f6 g7f6 d1h5 e8d7 g5e6
r1bk2nr/ppp2ppp/2n5/3N2B1/4p3/P7/1PP2PPP/R3KB1R b KQ -,f7f6 g5f4 c6e5 e1a1 c8d7 d5c3 e4e3 c3e4 d8c8 f2e3
8/5kpp/8/8/8/5K2/4P1PP/8 b - -,f7e7 f3e4 e7f6 e4d5 h7h5 e2e4 h5h4 e4e5 f6e7 e5e6
8/pp5p/5kp1/8/4K2P/6P1/P4P2/8 b - -,h7h5 e4d5 f6e7 d5e5 a7a6 e5d5 e7d7 d5c5 d7c7 f2f3
r2q1rk1/pb3pbp/1p1p1npB/2p1p3/P3P3/2PP2PP/1P1QNPB1/R3K2R b KQ -,d6d5 h6g7 g8g7 d2e3 d5e4 d3e4 c5c4 e1h1 d8c7 g3g4
r2qnrk1/pp5p/2pp1bp1/8/2P1PpbP/2NB4/PP2NBP1/R2Q1RK1 b - -,e8g7 c4c5 f6e5 c5d6 g8h8 d3c2 g6g5 f2d4 d8d6 d4e5
r2q1rk1/1p1n1ppp/p4n2/3Pp3/1b4P1/1NN1B3/PPP3QP/2KR1B1R b - -,b4c3 b2c3 a8c8 c1b2 d7b6 e3b6 d8b6 d5d6 f6d7 g2e4
1r4k1/3Q4/p2p3p/2pPp3/2P1Pp2/P4R1K/7P/8 b - -,b4c3 b2c3 a8c8 c1b2 d7b6 e3b6 d8b6 d5d6 f6d7 g2e4
2rq1rk1/1n3ppp/p7/npppP3/8/2P1QN2/PPRN1PPP/3R2K1 b - -,d8d7 d2e4 d7e6 e4g3 c8d8 c2e2 a5c6 f3g5 e6g6 e5e6
8/8/5Bp1/3p3b/p3k2P/8/5KP1/8 b - -,a4a3 f6c3 d5d4 c3a1 a3a2 a1b2 d4d3 f2e1 e4e3 b2c1
r1bqk2r/pp3ppp/2n1pn2/8/3PP3/3B1N2/P4PPP/R1BQ1RK1 b kq -,d8a5 d1e2 c6e7 a2a4 a5d8 c1a3 e8h8 f1c1 c8d7 a1b1
8/5k2/R4p2/7P/5K2/1r6/8/8 b - -,
r1b1nrk1/1q3ppp/p7/2bNB1PQ/1p2P3/3B1R2/PPP4P/R6K b - -,b7c6 a1g1 a8a7 e5g7 c6g6 h5g6 h7g6 g7f8 g8f8 g1f1
8/8/1p2k2p/8/1P3K2/7P/8/8 b - -,
8/pp1kq3/2p5/P4Q2/3PP2R/8/6P1/7K b - -,e6d7 f4f5 d7c6 f5g6 c6b5 h3h4 b5b4 g6h6 b4c4 h6g5
r4rk1/ppR2p2/4bBnp/3p2p1/8/6P1/P3BP1P/3R2K1 b - -,a8b8 d1b1 f8e8 c7b7 b8b7 b1b7 e6h3 b7b2 g6e5 f2f3
r3r1k1/pp3pp1/2nq3p/3Nb3/4Q3/6P1/PPP3BP/1K1RR3 b - -,g7g6 a2a4 g8g7 e4f3 a8d8 c2c3 d6c5 e1f1 d8d7 h2h4
r7/1p1q1N1k/1b4np/pP3b2/1nBP4/4Q3/5PPP/R3R1K1 b - -,h7g8 f7e5 d7d5 e3f3 d5c4 e5c4 a8f8 c4d6 b6d4 d6f5
r4rk1/1b3pp1/p7/1pp2PP1/5p1R/1BP5/P1PR4/2K5 b - -,b7g2 d2g2 f8e8 f5f6 e8e6 g2h2 g7f6 b3e6 f7e6 h4h8
rnbqk2r/p4ppp/3pPn2/1Pp5/1b6/2N2P2/PP2P1PP/R1BQKBNR b KQkq -,f7e6 a2a3 b4a5 e2e3 e8h8 f1d3 f6d5 g1e2 d8h4 g2g3
2rq1rk1/1b2bppp/p2p1n2/1p1N1N2/2n1PpP1/P4B2/1PP2Q1P/R1B2RK1 b - -,f6d5 e4d5 c4e3 f5e3 e7h4 f2e2 f8e8 e2d3 d8b6 f3e4
8/2n3p1/3N3p/8/6Pk/5K2/8/8 b - -,c7e6 d6f5 h4g5 f5d6 e6d4 f3g3 g5f6 g3f4 d4e6 f4g3
2R1r1k1/5pp1/8/p7/4P1P1/7P/q3PQK1/8 b - -,f7f6 c8e8 g8f7 e8a8 a2c4 f2f3 c4b5 a8a7 f7g8 f3d3
6k1/4R2p/1P2p1p1/8/P2PK3/r5P1/8/8 b - -,g8f8 e7c7 a3a4 b6b7 a4b4 c7c8 f8e7 b7b8q b4b8 c8b8
r2qk2r/pp1n1ppp/2pbpnb1/8/3P1N2/5NPP/PPP2PB1/R1BQR1K1 b kq -,g6e4 f4d3 h7h6 c2c4 e8h8 d3e5 e4h7 d1e2 d6e7 e1d1
8/7R/5kp1/5p2/4p3/8/n2K1P1P/8 b - -,
b1rbkrnq/p2ppppp/1pn5/2p5/2P5/1P3NP1/P2PPP1P/BNRBKR1Q b - -,e7e6 h1g1 d8f6 a1f6 g8f6 b1c3 f8g8 d2d4 g7g5 d4c5
8/6pp/5k2/8/4K3/8/4P1PP/8 b - -,f6e6 h2h4 e6d6 e4f5 d6d7 e2e4 d7e7 f5e5 h7h6 e5f5
r2q1rk1/1p1n1ppp/p4n2/3Pp3/6P1/1NP1B3/P1P3QP/2KR1B1R b - -,a8c8 c1b2 d8c7 c3c4 d7b6 c4c5 b6a4 b2a1 f6d7 d5d6
r7/1p1q1Nk1/1b4nQ/pP3b2/1nBP4/8/5PPP/R3R1K1 b - -,g7f6 g2g4 f5g4 f7g5 b4d5 e1e5 b6d4 e5d5 d7d5 c4d5
8/1p2k3/p4p1p/P4Pp1/3r2P1/2K5/8/8 b - -,g7f6 g2g4 f5g4 f7g5 b4d5 e1e5 b6d4 e5d5 d7d5 c4d5
8/5k2/R4p2/5K1P/1r6/8/8/8 b - -,
r2r4/p4kpp/1qQ1p3/3nPp2/8/6P1/PP1B1P1P/2RR2K1 b - -,b6b2 c1b1 b2e5 d1e1 a8c8 b1b7 f7g8 c6a6 e5d6 a6a7
r1bq1rk1/1p2b1p1/p3pP1p/3p3Q/5P2/2PB4/PP4PP/R1B1R2K b - -,e7d6 f6g7 f8f6 c1e3 c8d7 e3d4 d6c7 e1f1 c7b6 d4f6
7r/2qpbkp1/p1b1p3/1p2Pp2/1B4p1/P3Q1N1/1PP2PPr/R3RBK1 b - -,e7b4 a3b4 c7d8 f1c4 h2g2 g1f1 b5c4 f1e2 c6f3 e2d2
2bq4/2k1n3/N4pp1/4p3/1R1p4/8/r4PPP/2BR1K2 b - -,c8a6 f1g1 d8d5 b4b1 e7c6 c1b2 d5e4 d1c1 e4e2 g1h1
b1rbkrnq/p2ppppp/1pn5/2p5/2P5/1PN3P1/P2PPP1P/B1RBKRNQ b - -,f7f5 f2f4 g8f6 g1f3 e7e6 h1g1 d8e7 d2d3 d7d5 e2e3
rnb1kbnr/ppp1q3/3p1p1p/4p1p1/2B1P1PP/3P1N2/PPP2P2/RNBQK2R b KQkq -,c8g4 b1c3 b8c6 c3d5 e7g7 h1g1 g4h5 c2c3 e8a8 a2a4
r1bk2nr/ppp2ppp/2n5/3N4/4pB2/P7/1PP2PPP/R3KB1R b KQ -,c8d7 f4c7 d8e8 e1a1 a8c8 c7f4 g8f6 f1c4 c6d8 d5c7
rnbqkb1r/p2pp1pp/1p3R2/6N1/3p4/3B4/PPP3PP/RNBQ2K1 b kq -,e7f6 d1h5 g7g6 d3g6 h7g6 h5g6 e8e7 g6e4 e7d6 g5f7
8/8/1p3k1p/8/1P4K1/7P/8/8 b - -,f6f7 g4f5 f7g7 h3h4 g7f8 f5g6 b6b5 h4h5 f8e8 g6h6
r2qk2r/pp1n1ppp/2pbpn2/6N1/3PbN2/6PP/PPP2PB1/R1BQR1K1 b kq -,e4g2 g1g2 e8h8 c2c4 f8e8 f4d3 h7h6 g5f3 c6c5 d3c5
r3nrk1/1q3pBp/p3b3/2bN2PQ/1p2P3/3B1R2/PPP4P/R6K b - -,f7f5 g7f8 c5f8 g5g6 h7h6 f3f5 f8g7 a1f1 e8d6 f5e5
8/2n5/7p/5Np1/6Pk/5K2/8/8 b - -,
r4rk1/p1R2p2/Bp2bBnp/3p2p1/8/6P1/P4P1P/3R2K1 b - -,e6c8 a6b5 c8h3 b5d7 h3d7 c7d7 f8c8 d1d5 c8c6 d5f5
4q1k1/2p3b1/p2p2Q1/3P1P1P/2B5/4p3/Pr6/2K2R2 b - -,e6g4 d1d5 f8e8 f2f3 e8e6 f6b2 e6e7 c7e7 g6e7 d5d6
r2qk2r/pp1n1ppp/2p1pn2/8/3PNb2/6PP/PPP2PB1/R1BQR1K1 b kq -,f4c1 a1c1 f6e4 e1e4 e8h8 c2c4 d7f6 e4e3 d8d6 e3b3
2r2rk1/5p2/6p1/p2P3P/1p1Q2P1/q7/3K4/1R3R2 b - -,c8c3 d4c3 a3c3 d2e2 f8e8 e2f2 c3c5 f2g3 e8e3 f1f3
r7/p2r1kpp/2R1p3/3nPp2/8/6P1/PP3P1P/3RB1K1 b - -,a8b8 b2b3 b8b6 c6c2 g7g5 d1d4 f7g6 e1d2 b6b7 h2h4
b1rbkrnq/p2p1ppp/1pn1p3/2p5/2P5/1PN2NP1/P2PPP1P/B1RBKR1Q b - -,f7f5 f3h4 d8f6 f2f4 g7g6 h4f3 a7a6 h1g1 g8e7 h2h4
8/p1p3pk/p3R2b/8/2K5/5r2/3rp3/4R3 b - -,d2c2 c4d4 c2d2 d4c5 h6e3 c5c6 f3f1 e1e2 d2e2 c6d7
8/5k2/R4p2/1r5P/6K1/8/8/8 b - -,
8/6pp/4k3/8/4K2P/8/4P1P1/8 b - -,e6d6 e4d4 d6e6 e2e4 e6d6 e4e5 d6c6 d4c4 c6c7 c4d5
2r3k1/r4pp1/1q1pnn1p/1pp1pN2/1P2P3/P2PRN1P/1Q3PP1/R5K1 b - -,g7g6 b4c5 e6c5 f5h6 g8g7 h6g4 f6g4 h3g4 a7c7 b2b4
r1bqk1nr/1p1nbp1p/4p1p1/pP1pP3/6Q1/P4N2/2P1BPPP/RNB1K2R b KQkq -,f7f6 e5f6 g8f6 g4e6 d7c5 e6e3 e8h8 b1c3 f6g4 e3d4
r1b1k2r/ppp1q1p1/2n1pnB1/6N1/3p4/P1B5/2Q2PPP/R3K2R b KQkq -,e7f7 g6f7 e8d8 c3d2 d4d3 c2d3 c8d7 f7e6 d8c8 e6d7
6k1/7p/2n5/2K5/8/2P1R2P/6r1/8 b - -,g2g6 c3c4 g8f7 e3d3 f7e7 c5b5 g6d6 d3a3 d6h6 c4c5
8/pp5p/4k1p1/8/2K4P/6P1/P4P2/8 b - -,
8/8/1p4kp/8/1P4KP/8/8/8 b - -,g6g7 g4f5 g7f7 h4h5 f7e7 f5g6 b6b5 g6h6 e7f6 h6h7
4r1k1/2q2pp1/3Qn3/p7/2p3PP/2N2P2/P2RP1K1/8 b - -,c7b7 d6d7 e6f4 g2f2 b7b8 f2f1 b8e5 d7d4 e5c7 h4h5
rnbqk1nr/pppp2pp/3b1p2/4p3/4P3/2P2N2/PP1P1PPP/RNBQKB1R b KQkq -,c7c6 d2d4 d6c7 f1d3 g8e7 e1h1 e8h8 b1d2 d7d6 f1e1
2r3k1/1b3ppp/p4b2/1p3P2/8/PNn1R3/2P1B1PP/2KR4 b - -,f6g5 d1d3 b7e4 h2h4 g5f4 c1b2 e4d3 e3d3 c3e2 b3c5
rnbqkb1r/1p3p2/p2p1np1/4pNBp/4PP2/2N4P/PPP3P1/R2QKB1R b KQkq -,b7b5 f4e5 g6f5 g5f6 f8e7 f6h8 e7h4 e1e2 c8e6 c3d5
8/2n5/7N/6p1/6P1/5K1k/8/8 b - -,
2r4k/pppR1p1p/5Qp1/8/8/P6P/BbP2PP1/6K1 b - -,b2f6 d7f7 f6d4 a3a4 d4c5 a2b3 c8e8 g2g3 e8e7 f7f8
8/1p2k3/p4p1p/P4Pp1/3r2P1/8/8/2K5 b - -,b2f6 d7f7 f6d4 a3a4 d4c5 a2b3 c8e8 g2g3 e8e7 f7f8
8/8/1pk4p/5Kp1/1P6/5P1P/8/8 b - -,c6d6 f5g6 d6e6 g6h6 e6f5 h6g7 f5e5 g7g6 e5f4 g6f6
2rq1rk1/1p3ppp/pB3n2/3Pp3/6P1/1NP5/PKP3QP/3R1B1R b - -,d8b6 d5d6 f8d8 f1e2 f6d7 g2e4 d7c5 e4c4 c5d7 c4b4
rnbqk1nr/pp1p2pp/2pb1p2/4p3/3PP3/2P2N2/PP3PPP/RNBQKB1R b KQkq -,d6c7 c3c4 d7d6 b1c3 g8e7 c1e3 e8h8 d1b3 e5d4 f3d4
8/2B2kp1/5n1p/8/2pP4/4K3/2b1N1PP/8 b - -,f6d5 e3d2 c2e4 e2c3 e4g2 c3d5 g2d5 h2h4 f7e6 c7e5
rnbqkb1r/p2p2pp/1p3p2/6NQ/3p4/3B4/PPP3PP/RNB3K1 b kq -,g7g6 d3g6 e8e7 h5e2 e7d6 g5f7 d6c6 f7d8 c6c7 c1f4
8/8/1p4Kp/1k4p1/1P6/5P1P/8/8 b - -,b5c4 g6h6 c4b4 h6g5 b6b5 h3h4 b4c4 h4h5 b5b4 h5h6
1rb3k1/pp4pp/1n3q2/2pBn3/5B2/1QPP2P1/PP2N2P/R4K2 b - -,g8f8 d3d4 e5d3 f1g1 c8h3 d4c5 d3c5 b3a3 b8c8 d5b7
8/pp5p/6p1/4k3/2K4P/5PP1/P7/8 b - -,e5f6 c4d5 f6e7 g3g4 h7h5 g4g5 b7b5 d5e5 b5b4 f3f4
rnbqk2r/p1ppppbp/1p3np1/8/2PP4/4PNP1/PP3P1P/RNBQKB1R b KQkq -,e7e6 f1g2 c8b7 b2b4 e8h8 e1h1 c7c5 b4c5 b6c5 b1c3
3qk3/4n3/b4pp1/4p3/1R1pN3/8/r4PPP/2BRK3 b - -,d8a8 f2f3 a2e2 e1f1 e2e4 f1g1 e4e2 d1f1 a8a7 h2h4
rnbqkb1r/1p3p2/p2p1n2/4PpBp/4P3/2N4P/PPP3P1/R2QKB1R b KQkq -,d8b6 g5f6 h8h6 c3d5 b6c5 d1d2 f5e4 f6g5 h6g6 g5e3
5k2/pp4p1/q1p3Bb/3Qp3/P3R3/3p1P2/6PP/7K b - -,c6d5 e4f4 e5f4 g6d3 a6d3 h1g1 f8e7 h2h4 d3d4 g1f1
3Rr1k1/1b4b1/pP3np1/2B5/N4qP1/7Q/1P3PP1/R5K1 b - -,e8d8 h3b3 b7d5 b3b4 f4g4 b4g4 f6g4 a1d1 g7f6 f2f3
r3r1k1/1b3pp1/p7/1pp2PP1/5p1R/1BP5/P1P4R/2K5 b - -,e8e1 c1d2 g8f8 d2e1 a8e8 e1f1 f8e7 f5f6 g7f6 h4f4
r3r1k1/p5bp/1pn3p1/2p1p3/2B1Pn2/1P3N2/PB1q1PPP/2R2RK1 b - -,d2d5 e4d5 c6a5 c4b5 e5e4 b2g7 e4f3 g7c3 f4e2 b5e2
2r2rk1/1p3ppp/pq1P1n2/4p3/6P1/1NP5/PKP3QP/3R1B1R b - -,f8d8 f1e2 c8c6 h1f1 c6d6 d1d6 d8d6 g4g5 f6d5 g2e4
5b2/1p1N2p1/p7/k1P5/8/8/P1K3P1/8 b - -,g7g5 d7f8 g5g4 c2d3 a5b4 d3d4 b4b5 d4d5 a6a5 f8e6
8/1p2k3/p4p1p/P4Pp1/3r2P1/4K3/8/8 b - -,g7g5 d7f8 g5g4 c2d3 a5b4 d3d4 b4b5 d4d5 a6a5 f8e6
r1bq1rk1/1p4p1/p3pbQp/3p4/5P2/2PB4/PP4PP/R1B1R2K b - -,d8d6 g2g4 c8d7 g4g5 h6g5 g6h5 f8f7 f4g5 d5d4 d3h7
8/8/4n3/5Np1/6P1/5K1k/8/8 b - -,
3qk3/4n3/b4pp1/4p3/1R1pN3/8/4rPPP/2BR1K2 b - -,e2d2 f1e1 d2e2 e1f1 e2e4 f1g1 e8f7 b4b1 e4e2 b1a1
8/5pk1/p1r2p2/4pP1p/4P2P/R2P4/P3K1P1/8 b - -,a6a5 e2d2 c6a6 a3a4 a6a8 a4c4 a8g8 d2c3 g8b8 c3c2
r1nR4/5kpp/2b1p3/2p1Bq2/2P1pP2/4Q3/6PP/5BK1 b - -,f5g6 e3c5 c8e7 d8a8 c6a8 c5a7 a8c6 e5d6 g6f6 h2h3
rnbqkb1r/ppp2ppp/5n2/4p3/8/2NPB3/PPP2PPP/R2QKBNR b KQkq -,c7c5 g2g3 f8e7 f1g2 e8h8 d1d2 b8c6 g2c6 b7c6 g1f3
r3rk2/1b3pp1/p4P2/1pp3P1/5p1R/1BP5/P1P4R/2K5 b - -,e8e1 c1d2 g7f6 h4h8 f8e7 g5f6 e7d6 d2e1 c5c4 h8a8
r2qkb1r/pp3ppp/2bppn2/2p1n3/4P3/2P2PPP/PPQP2K1/RNB2B1R b kq -,e5f3 g2f3 f6e4 d2d3 d8f6 c1f4 e4g3 f3g3 g7g5 c2f2
8/8/1p5K/6p1/1k6/5P1P/8/8 b - -,
r1b2rk1/pp1p1pp1/1b5p/2pN4/2B1P3/2P5/Pq3PPP/R2Q1RK1 b - -,b6d8 a2a4 d7d6 a1a2 b2a2 c4a2 c8e6 a2b1 b7b5 a4b5
rnbq1rk1/ppppppbp/6p1/8/3Pn3/2N2NP1/PPP1PPBP/R1BQ1RK1 b - -,d7d5 c3e4 d5e4 f3d2 d8d4 d2e4 a7a5 a2a4 d4d1 f1d1
r3nr2/1q3pkp/p3bN2/2b3PQ/1p2P3/3B1R2/PPP4P/R6K b - -,e8f6 g5f6 g7h8 e4e5 b7f3 h5f3 f8d8 d3e4 d8g8 e4a8
3r1r2/pp4k1/2p2p1p/P4Rn1/3PP2Q/1B6/6PK/8 b - -,f8h8 h4f4 c6c5 f5c5 d8d7 c5c7 d7c7 f4c7 g7g6 e4e5
r1bqk1nr/pp1p2pp/n1pb1p2/3Pp3/4P3/2P2N2/PP3PPP/RNBQKB1R b KQkq -,g8e7 f1e2 e8h8 e1h1 c6d5 e4d5 b7b6 a2a4 c8b7 b1a3
2r3k1/1b3ppp/p7/1p3Pb1/8/PNn1R3/2PKB1PP/3R4 b - -,c3d1 e2d1 c8e8 g2g3 g5e3 d2c3 g8h8 c3b2 b7d5 h2h4
2r3k1/r4pp1/1q1p1n1p/1pp1pN2/1P1nP1P1/P2PRN1P/1Q3P2/R5K1 b - -,d4f5 g4f5 c5b4 b2b4 a7a4 b4b2 f6h5 f3e1 b6d4 b2b5
8/7p/4k1p1/8/4K1PP/8/4P3/8 b - -,e6f6 e4f4 h7h6 h4h5 g6h5 g4h5 f6e6 f4e4 e6f6 e4d5
2B5/6p1/1r4p1/1P1pP1Bk/3P3P/3n3K/8/8 b - -,b6e6 c8e6 d3f4 g5f4 g6g5 f4g5 h5g6 b5b6 g6h7 e6d5
8/2n3p1/6kp/8/4N1K1/8/6PP/8 b - -,
8/7R/5kp1/5p2/1n2p3/4K3/5P1P/8 b - -,
r3rk2/1b3p2/p4P2/1pp5/5p1R/1BP5/P1P4R/2K5 b - -,e8e1 c1b2 e1g1 c3c4 f4f3 h4f4 b5b4 h2h8 g1g8 h8h5
r4rk1/pp3pp1/2n4p/q2Nb3/8/2P2Q2/PP4PP/1K1R1B1R b - -,g7g6 f1c4 e5g7 c4b3 c6e5 f3f4 a8e8 g2g4 a5c5 h2h4
5r1k/5p2/pr1pb1p1/2pBp3/4Pq1p/R2P3P/1PP1NPP1/3Q2K1 b - -,f4f6 b2b3 e6d5 e4d5 e5e4 d3e4 f8a8 d1d2 b6b4 c2c4
8/8/1p6/6K1/2k5/5P1P/8/8 b - -,c4c5 h3h4 b6b5 h4h5 b5b4 h5h6 b4b3 h6h7 b3b2 h7h8q
2rr2k1/1p3ppp/pq1P1n2/4p3/6P1/1NP5/PKP1B1QP/3R3R b - -,c8c6 h1f1 f6e8 g2f3 d8d7 f3f5 b6d8 f5e5 e8d6 f1e1
6k1/4R2p/8/3K4/2P5/7r/8/8 b - -,h7h5 c4c5 g8f8 e7h7 f8e8 d5d6 h5h4 h7h8 e8f7 c5c6
rnb2rk1/4q1pp/p2p4/1p1Qpp2/4n3/1N3B2/PPP2PPP/R1B2R1K b - -,c8e6 d5a8 d6d5 c1e3 b8d7 a8a7 f8f7 b3d2 e4d6 e3c5
nr2brk1/4q1b1/2pNp1Pp/2p1P3/2P1BP2/Q7/4N1P1/3R1RK1 b - -,a8b6 a3h3 b8a8 e2g3 a8a4 g3h5 a4c4 d6c4 b6c4 h5g7
2r4k/ppp2R1p/5bp1/8/8/P6P/B1P2PP1/6K1 b - -,f6b2 a3a4 b2a3 f7d7 c8e8 g2g3 e8e7 d7d8 h8g7 a2c4
r1b1k1nr/p1p3pp/2pbp3/3p4/3P3q/2PB3P/PP3PP1/RNBQ1RK1 b kq -,g8e7 b1d2 e8h8 d2f3 h4h5 f1e1 e7g6 c1e3 g6f4 e3f4
8/8/6p1/3p3b/p6P/3k4/5KP1/B7 b - -,a4a3 g2g4 h5g4 f2g3 g4h5 g3f4 d3c2 f4e5 c2b1 a1c3
3r2k1/1b4b1/pP4p1/2N5/6n1/4B3/1P3PP1/R5K1 b - -,b7c6 c5e6 d8d6 e6g7 g4e3 g7e8 c6e8 b6b7 d6d8 f2e3
8/1p2k3/p4p2/P4Pp1/6Pp/4K3/8/8 b - -,e7d6 e3f2 d6c5 f2f3 b7b5 a5b6 c5b6 f3e2 a6a5 e2e3
rnb2rk1/ppppqpp1/3b1n1p/4p3/2B1P2B/2NP1N2/PPP2PPP/R2QK2R b KQ -,e7d8 d1d2 b8c6 c3d5 d6e7 d5e7 d8e7 h1g1 e7b4 c2c3
3r1rk1/pp3pp1/2n4p/q2Nb3/2B5/2P2Q2/PP4PP/1K1R3R b - -,a5a4 c4b3 a4h4 a2a3 g8h8 g2g3 h4h3 f3e4 h3e6 h1e1
8/8/7N/6p1/5nP1/5K1k/8/8 b - -,
8/2B2kp1/3P1n1p/8/2p5/2NbK3/6PP/8 b - -,
8/1p2k3/p4p2/P4Pp1/6P1/5K1p/8/8 b - -,e7d6 f3g3 d6c6 g3h3 b7b5 a5b6 a6a5 h3g3 a5a4 g3f3
8/6p1/6kp/3n4/4N1K1/7P/6P1/8 b - -,
4k3/8/4N1N1/NNN1NNNN/8/8/1K6/2r5 b - -,c1c2 b2a3 c2c3 a5b3 c3b3 a3a4 b3b4 a4a5 b4b5 a5a4
r1bqk2r/pp1pn1pp/n1Pb1p2/4p3/4P3/2P2N2/PP3PPP/RNBQKB1R b KQkq -,d7c6 f1a6 b7a6 c1e3 c8e6 b1d2 d8b8 d1c2 a6a5 f3h4
rnbqkb1r/1p3p2/p2p1np1/3NpNBp/4P3/7P/PPP2PP1/R2QKB1R b KQkq -,g6f5 d5f6 d8f6 g5f6 h8h6 f6g5 h6g6 h3h4 f5f4 f1c4
8/3k2Q1/6p1/8/1K2Np2/8/8/5q2 b - -,g6f5 d5f6 d8f6 g5f6 h8h6 f6g5 h6g6 h3h4 f5f4 f1c4
8/2B2kp1/5n1p/8/2pP4/4K3/2b3PP/1N6 b - -,f6d5 e3e2 c2b1 c7e5 b1d3 e2d2 d3e4 g2g4 c4c3 d2e1
6k1/1p4p1/p6p/P2prp1P/3R2P1/5K2/1P3P2/8 b - -,f5g4 f3g4 e5g5 g4h4 g5g2 f2f4 g8f7 d4d5 g2b2 h4g4
8/7R/5kp1/5p2/4p3/8/2nK1P1P/8 b - -,
8/1p1N2p1/p2b4/k1P5/8/1K6/P5P1/8 b - -,d6g3 b3c4 a5a4 d7f8 g3h4 f8e6 h4f6 g2g4 g7g6 e6f8
2r3k1/r4pp1/1q1p1n1p/1pp1pP2/1P2P3/P2PRN1P/1Q3P2/R5K1 b - -,c5b4 a3b4 a7a4 f3h4 b6c6 e3e2 c6c3 b2c3 c8c3 e2a2
8/2B2kp1/5n1p/3P4/2pKb3/2N5/6PP/8 b - -,e4g6 d4c4 f6g4 c4d4 g4f6 c3d1 f6d7 d4c4 g6f5 d1e3
5r1k/1pq3pp/1b2N2N/1P3b2/1p1r1n2/1Q6/5PPP/2R1R1K1 b - -,c7c1 e1c1 f5e6 b3e3 d4d1 c1d1 b6e3 h2h3 e3b6 h6g4
8/p1p3pk/7b/p7/2K5/5r2/4R3/8 b - -,h6e3 c4d5 e3b6 e2g2 f3f2 g2g3 h7h6 g3h3 h6g5 h3h1
r3kb1r/3q1ppp/p3p3/2pnPN2/2Q5/4B3/PP3PPP/R2R2K1 b kq -,d7c6 f5d6 f8d6 e5d6 d5e3 f2e3 a8d8 c4f4 e8h8 a1c1
8/1p6/p2k1p2/P4Pp1/6P1/6Kp/8/8 b - -,d7c6 f5d6 f8d6 e5d6 d5e3 f2e3 a8d8 c4f4 e8h8 a1c1
rnbqkb1r/p2p4/1p3pQ1/6N1/3p4/8/PPP3PP/RNB3K1 b kq -,e8e7 g6e4 e7d6 g5f7 d6c7 c1f4 d7d6 f7d8 c7d8 e4a8
8/6p1/6kp/8/4N3/4n1KP/6P1/8 b - -,
3qk3/8/b1n2Np1/4p3/1R1p4/8/4rPPP/2BR1K2 b - -,e3f5 g3f4 f5e7 e4f2 g6h5 f4f3 h5g5 g2g3 g5g6 f3f4
3r2k1/1p3ppp/pqrP1n2/4p3/6P1/1NP5/PKP1B1QP/3R1R2 b - -,c6d6 d1d6 d8d6 g4g5 f6d5 f1d1 b6d8 g2e4 d5b6 d1d6
2r3k1/6p1/Q5p1/1P1p4/2qp4/K4R2/1P6/8 b - -,
2r4k/ppp2R1p/6p1/4b3/5P2/P6P/B1P3P1/6K1 b - -,e5g7 g1f1 b7b5 c2c4 b5c4 a2c4 c8f8 a3a4 f8f7 c4f7
4R1k1/3K3p/8/7r/2P5/8/8/8 b - -,g8f7 e8e4 f7g6 d7d6 h5h3 e4d4 h7h5 c4c5 h3f3 c5c6
4k3/8/4N1N1/NNN1NNNN/1K6/2r5/8/8 b - -,c3c4 b4a3 c4c3 a3b2 c3c2 b2b1 c2b2 b1c1 b2c2
b1rbkrnq/pp1ppppp/8/2p5/1nP5/1P2P3/P2PBPPP/BNR1KRNQ b - -,b4a2 c1d1 a2b4 b1a3 b7b6 e2f3 a8f3 g1f3 h7h5 d2d4
N2k1r2/1p3p2/p2p4/2b2P2/8/8/P1P2PPP/1R3RK1 b - -,d8d7 a8b6 d7c6 b6a4 c5a7 a4b2 b7b5 f1e1 c6d7 b2d3
rnbqk2r/pppp1ppp/4n3/2b1N2Q/2B5/2NP4/PPP2PPP/R1B1K2R b KQkq -,e8h8 c1e3 c5e3 f2e3 d7d6 e5f3 b8d7 e1h1 d7f6 h5h4
r4r1k/1q3p1p/p3bP2/2b1P2Q/1p6/3B1R2/PPP4P/R6K b - -,b7f3 h5f3 a8d8 d3h7 f8g8 h7f5 e6d5 f5e4 d5e4 f3e4
2kr1bnr/ppp1ppp1/7p/8/Q1Nq2b1/6P1/PP2PPBP/R1B2RK1 b - -,g4e2 a4b5 b7b6 b5a6 c8d7 c1e3 e2c4 a6a7 d4d6 f1d1
6k1/1p4p1/p6p/P2p2rP/3R3K/8/1P3P2/8 b - -,g8f7 f2f4 g5g2 d4d5 g2b2 h4g4 b2b5 d5d8 b5a5 d8d7
2rq4/n3pbk1/1pp2b1Q/p7/P2P1B2/2P5/2B2PPP/1R4K1 b - -,g8f7 f2f4 g5g2 d4d5 g2b2 h4g4 b2b5 d5d8 b5a5 d8d7
8/3KRk1p/8/7r/2P5/8/8/8 b - -,f7f8 e7e2 h5c5 e2c2 f8g7 d7d6 c5c8 c4c5 g7g6 c5c6
8/2B2kp1/5n1p/3P4/2K5/2N5/6bP/8 b - -,
8/7R/5kp1/5p2/3np3/4K3/5P1P/8 b - -,
r3r1k1/p1R2p2/Bp2bBnp/3p2p1/8/3R2P1/P4P1P/6K1 b - -,e6h3 d3e3 e8e3 f2e3 a8e8 f6d4 e8e7 c7c6 g6e5 c6h6
r1bq1rk1/1p4pp/p7/2nPpp2/1PP5/2N5/P3B1PP/R2Q1RK1 b - -,c8d7 b4c5 d8a5 d1b3 a5c5 g1h1 b7b5 c4b5 a6b5 c3b5
4r1k1/4b1P1/1q2nrP1/p2p1p2/1p3B2/5NN1/PPPQ1P2/1K5R b - -,e6f4 d2f4 f6g6 h1h8 g8g7 h8e8 g7f7 e8a8 g6g3 f4g3
r2qk2r/ppb2pp1/2p1pB1p/8/3P4/6PP/PPP2PB1/R2QR1K1 b kq -,d8f6 h3h4 h6h5 b2b4 e8h8 c2c3 a7a5 b4b5 c6b5 d1h5
4B3/8/8/8/1k6/8/3N4/4K3 b - -,b4c3 e1e2 c3d4 e8g6 d4d5 e2d3 d5d6 d3d4 d6e6 g6e4
r4k2/1b3p2/p4P2/1pp5/5p1R/1BP5/P1PK3R/4r3 b - -,a8d8 d2e1 f8e8 h4h8 e8d7 h2d2 d7c6 h8d8 c5c4 d2d7
8/5p2/5k1p/3PpPp1/6P1/p1b2P2/6KP/1B6 b - -,e5e4 f3e4 f6e5 g2f2 c3d2 f2e2 d2f4 d5d6 e5d6 h2h3
8/6p1/6kp/5n2/4NK2/7P/6P1/8 b - -,
r1b2k1r/ppp1q1p1/2n1pnB1/6N1/3p4/P7/2QB1PPP/R3K2R b KQ -,c8d7 e1h1 e7d6 h2h3 d4d3 g6d3 c6d4 c2b2 d6b6 b2a2
r1bqk1nr/pp1p2pp/n2b1p2/3Pp3/8/2P2N2/PP3PPP/RNBQKB1R b KQkq -,g8e7 a2a4 e8h8 b2b4 a6c7 b1d2 c7e8 d1b3 a7a5 f1c4
8/8/4k1pp/8/3K2PP/8/4P3/8 b - -,e6d6 h4h5 d6e6 d4e4 g6g5 e2e3 e6f6 e4d5 f6e7 d5e5
8/4R2p/3K1k2/7r/2P5/8/8/8 b - -,
r2qnrk1/pp5p/2pp1bp1/8/2P1PpbP/2NB4/PP1QNBP1/R3K2R b KQ -,d8c7 e2f4 f6e5 f2g3 c7b6 h4h5 e8f6 h5g6 h7g6 c3e2
3r2k1/1p3ppp/pqrP1n2/8/3Rp1P1/1NP5/PKP1B1QP/5R2 b - -,c6d6 g4g5 f6e8 d4b4 b6c7 g2g3 e4e3 b4e4 d6d7 g3c7
b1rbkrnq/pp1ppppp/8/2p5/1nP5/1P2PB2/P2P1PPP/BNR1KRNQ b - -,
r3k2r/1bqp1pp1/p1n1pb1p/6P1/3N1P1P/2Q1B3/PPP5/2KR1B1R b kq -,f6e7 d4c6 e7f8 g5g6 c7c6 c3d3 f7f5 f1g2 c6c7 g2b7
8/2B2kp1/7p/3P4/2p1K3/8/6PP/8 b - -,f7g6 e4d4 g6f5 d4c4 h6h5 c4d4 g7g6 d5d6 f5e6 d4e4
6k1/1p4p1/p4p1p/P2p4/3R1PPr/6K1/1P6/8 b - -,h4h1 d4d5 h1g1 g3f3 g1b1 d5d2 g8h7 f4f5 b1f1 f3g3
r7/p2r1k2/3Bp3/3nP1p1/2R5/1P4K1/P4P2/2R5 b - -,d7d8 c1h1 f7g6 a2a4 d8h8 h1h8 a8h8 a4a5 g6f5 b3b4
1r4k1/5pp1/2p5/8/2PP2P1/p4P1p/P2R1K1P/8 b - -,g8f8 f2e3 f8e7 f3f4 e7d6 g4g5 c6c5 e3d3 b8b1 d3c3
8/8/1P1k1p2/p4Pp1/6P1/5K1p/8/8 b - -,g8f8 f2e3 f8e7 f3f4 e7d6 g4g5 c6c5 e3d3 b8b1 d3c3
5k2/1p4p1/p4p1p/P2pr2P/3R1PP1/8/1P4K1/8 b - -,e5e2 g2f3 e2b2 d4d5 f8e7 d5c5 b2b3 f3e4 b3b4 e4f3
8/1p3kp1/p6p/P2R3P/5P1K/8/1P4r1/8 b - -,
3r2k1/1q2nppp/1r1p4/Rp2p3/4P2P/2PQ2P1/1P2BP2/3R2K1 b - -,f7f5 e4f5 e5e4 d3d2 d6d5 d1a1 e7f5 a5a7 b7c6 e2g4
1r2brk1/4q1b1/1npNp1Pp/2p1P3/2P1BP2/7Q/4N1P1/3R1RK1 b - -,b6a4 d1d2 e7d7 g1h2 d7e7 e2g3 a4c3 e4c2 b8d8 h3g4
2r3k1/r4pp1/1q1p1n1p/1p2pP2/1Q2P3/P2PRN1P/5P2/R5K1 b - -,a7a4 b4b2 c8c5 a1d1 b6c6 d3d4 c5c2 b2b3 f6e4 d4e5
1rb2rk1/4p1pQ/p2p4/1ppP4/3qP3/2N2PN1/PP4P1/2K4R b - -,g8f7 h7h5 g7g6 h5h7 f7e8 h7g6 e8d8 g6h6 f8g8 g3e2
3r2k1/1b4b1/pP4p1/2N5/8/4P3/1P4P1/R5K1 b - -,d8b8 c5b7 b8b7 a1a6 g7f8 g1f2 f8c5 a6a8 g8f7 a8a7
8/4n1p1/6kp/8/4NK2/6PP/8/8 b - -,
8/7k/4R3/8/8/4K3/8/8 b - -,h6h5 e4f2 e7d5 f4f3 g6f5 f2e4 d5f6 e4f6 f5f6 f3f4
r2qk1nr/1pp2pp1/p1pbb2p/4p3/4P3/P2P1N1P/1PP2PP1/RNBQ1RK1 b kq -,g8e7 c1e3 g7g5 d3d4 e7g6 d4e5 g6e5 f3e5 d6e5 d1d8
2kr1bnr/ppp1ppp1/7p/1Q6/2Nq4/6P1/PP2bPBP/R1B2RK1 b - -,d4c4 b5b7 c8d7 c1f4 e7e5 f1c1 f8d6 c1c4 e2c4 a1e1
rnbq1b1r/p2pk3/1p3p2/6N1/3pQ3/8/PPP3PP/RNB3K1 b - -,e7d6 g5f7 d6c7 c1f4 d7d6 f7d8 h8h4 e4a8 h4f4 a8a7
r1bqkb1r/1p1n1p2/p2p1np1/3Np1Bp/4P3/4N2P/PPP2PP1/R2QKB1R b KQkq -,a8b8 d5f6 d7f6 e3d5 f8e7 d5e7 f6e4 e7c8 d8g5 c8d6
8/8/1P1k1p2/5Pp1/p5P1/4K2p/8/8 b - -,a8b8 d5f6 d7f6 e3d5 f8e7 d5e7 f6e4 e7c8 d8g5 c8d6
8/2n3p1/5k1p/8/2NK4/8/6PP/8 b - -,
5r1k/1pq3pp/Nb5N/1P3b2/1p1r4/1Q6/4nPPP/2R1R2K b - -,c7h2 h1h2 d4h4 b3h3 f5h3 e1e2 h3g4 h2g3 g4e2 h6f7
r3k2r/1bqp1pp1/p1n1pb2/6P1/3N3P/2Q1B3/PPP5/2KR1B1R b kq -,f6e7 d4c6 e7f8 f1g2 b7c6 h4h5 a8c8 g2c6 c7c6 c3d2
8/1p3kp1/p6p/P2R3P/5PK1/8/1r6/8 b - -,
8/5k2/3KR2p/2P4r/8/8/8/8 b - -,h5h2 d6d7 h2c2 c5c6 h6h5 e6h6 h5h4 c6c7 c2d2 h6d6
r3nrk1/pp5p/2pp1bp1/q7/2P1PpbP/2NB4/PP1QNBP1/2KR3R b - -,f6e5 d1e1 h7h5 e2d4 e8f6 c1b1 f6d7 d4f3 a8d8 d3c2
3R3R/p5k1/2p5/1p2p3/6b1/2K5/PP6/3q4 b - -,f6e5 d1e1 h7h5 e2d4 e8f6 c1b1 f6d7 d4f3 a8d8 d3c2
8/7R/5kp1/5p2/4p2P/4Kn2/5P2/8 b - -,
5rk1/pp3pp1/2nr3p/3Nb1q1/8/2P2QP1/PPB4P/1K1R3R b - -,h6h5 a2a3 g7g6 c2b3 g8g7 h1f1 g5g4 f3g2 g4e6 b3a2
8/8/3k4/2R5/r2PK3/8/1P6/8 b - -,a4a2 c5c2 a2a5 e4d3 d6d7 c2c5 a5a2 b2b3 a2b2 d3c3
5bk1/5rp1/p1qp3p/2p1pNr1/1pP1P1P1/1P3P1Q/P2R2P1/3R2K1 b - -,a6a5 f5d6 f8d6 d2d6 c6c7 d6d8 g8h7 d1d5 c7e7 d8a8
2qb1rk1/5rp1/4p2p/1p1pP2P/p1nP1P2/P2QNR2/1P3RK1/3N4 b - -,d8h4 f2f1 c8e8 e3c4 d5c4 d3g6 f7f5 g6e8 f8e8 g2h3
3r2k1/1p3ppp/pq1R1n2/8/4p1P1/1NP5/PKP1B1QP/5R2 b - -,d8d6 g4g5 f6d5 g2e4 b6e3 e4f3 e3f3 f1f3 d5b6 f3d3
8/4n1p1/6k1/7p/5K2/6PP/5N2/8 b - -,
8/N1pk1p1p/8/2p5/8/2P2P2/P1PrrRPP/6K1 b - -,e7d5 f4f3 g6f5 f2e4 d5f6 e4f6 g7f6 f3e3 f5e5 g3g4
8/8/1P1k1p2/5Pp1/p5P1/8/5K1p/8 b - -,e7d5 f4f3 g6f5 f2e4 d5f6 e4f6 g7f6 f3e3 f5e5 g3g4
rnbqkb1r/pp2pppp/5n2/3p4/2pP4/PPP1P3/5PPP/RNBQKBNR b KQkq -,c4b3 b1d2 b8c6 g1f3 e7e6 c3c4 f8d6 c4c5 d6c7 d1b3
r1b2rk1/p1p3pp/2pbp3/3p4/3P2Pq/2PB1N2/PP3PP1/R1BQ1RK1 b - -,c4b3 b1d2 b8c6 g1f3 e7e6 c3c4 f8d6 c4c5 d6c7 d1b3
3R3R/p5k1/2p5/1p2p3/6b1/1K6/PP6/4q3 b - -,c4b3 b1d2 b8c6 g1f3 e7e6 c3c4 f8d6 c4c5 d6c7 d1b3
r7/p1Rr4/3Bp1k1/4P1p1/1P3n2/6K1/P4P2/2R5 b - -,d7c7 c1c7 a7a6 a2a4 a8h8 c7b7 h8h3 g3g4 h3h4 g4f3
8/4Rk2/3K3p/2r5/8/8/8/8 b - -,f7g6 d6c5 h6h5 c5d4 h5h4 e7e8 g6f5 d4e3 f5g4 e8h8
8/p1p3p1/4R1kb/p7/8/1K6/8/2r5 b - -,g6f5 e6e7 g7g5 e7e8 c1c5 e8h8 h6g7 h8a8 g7e5 a8f8
rnbqkb1r/ppp3pp/5pn1/4p3/2Pp4/3P2P1/PP2PPBP/RNBQNRK1 b kq -,b8c6 e1c2 c8g4 h2h3 g4e6 b2b4 d8d7 b4b5 c6d8 g1h2
8/8/3k2pp/8/3KP1PP/8/8/8 b - -,a7a5 e2e3 b8c6 e1c2 f8c5 e3d4 c6d4 c1e3 e8h8 e3d4
rnbq1rk1/ppppp1bp/6p1/5p2/3Pn3/3Q1NP1/PPPNPPBP/R1B2RK1 b - -,e4f6 b2b4 d7d5 c2c4 c7c6 d2b3 f6e4 c1f4 c8e6 c4c5
8/2B2kp1/7p/3n4/2pKN3/8/6PP/8 b - -,f7e6 e4c5 e6f5 d4d5 c4c3 c5b3 c3c2 b3c1 f5f6 d5e4
5k2/1p4p1/p4p1p/P2pr2P/3R2P1/5K2/1P3P2/8 b - -,
5r1k/1p4pp/Nb5N/1P3b2/1p1r4/1Q6/4nPPK/2R1R3 b - -,d4h4 b3h3 f5h3 e1e2 h3g4 h2g3 g4e2 g3h4 b7a6 b5a6
r4k2/1b3p1R/p4P2/1pp5/5p2/1BP5/P1PK3R/6r1 b - -,g1g2 h2g2 a8d8 d2e1 f8e8 b3f7 e8d7 g2d2 d7c6 d2d8
r2qkbnr/pppn4/4P1p1/1Q2p1Pp/4P2P/2N5/PPP5/R1B1K2R b KQkq -,f8e7 c1e3 e7d6 b5b7 g8e7 e6d7 e8d7 e1a1 d7e8 b7b3
8/p1p3p1/R6b/p6k/8/1K6/8/2r5 b - -,c1c5 b3a2 g7g5 a6f6 g5g4 f6f1 h5g5 f1g1 g5f5 g1h1
8/5N2/8/6p1/3K2k1/8/8/8 b - -,
3R3R/p5k1/2p1b3/1p2p3/8/8/PPK5/4q3 b - -,g4f3 d4d3 g5g4 f7e5 f3f4 e5g4 f4f5 d3e2 f5e4 g4e5
r4rk1/1p3pbp/p1n1pnp1/2Pp2B1/PP6/2P4P/3NBPP1/1R3RK1 b - -,h7h6 g5e3 f8d8 f1c1 g6g5 g1f1 g8f8 g2g3 c6e7 e2d3
5k2/7R/3K3p/2r5/8/8/8/8 b - -,
2r3k1/r4pp1/3p1n1p/1pQ1pP2/4P3/P2PRN1P/5P2/R5K1 b - -,c8c5 d3d4 e5d4 f3d4 b5b4 g1g2 b4a3 a1a3 a7a3 e3a3
8/2n2kp1/7p/8/2K1N3/8/6PP/8 b - -,
r3kb1r/pp1b1ppp/1qn1p3/4P3/2B5/5N2/PP1B2PP/R2QR2K b kq -,f8b4 f3g5 h8f8 g5h7 f8h8 h7g5 b6f2 g5e4 f2h4 h2h3
4k3/1p4p1/p4p1p/P2pr2P/1R4P1/5K2/1P3P2/8 b - -,e5e7 b4b6 e8d8 b6d6 e7d7 d6b6 d8c7 b6e6 d7f7 f3e3
6k1/1p3ppp/pq1r1n2/6P1/4p3/1NP5/PKP1B1QP/5R2 b - -,f6d5 g2e4 b6e3 e4f3 e3f3 f1f3 d5b6 f3d3 d6d3 e2d3
8/8/6p1/3p3b/p6P/4K3/2k3P1/B7 b - -,h5g4 e3d4 g4e6 d4e5 e6g8 e5d4 a4a3 g2g4 c2b1 a1c3
rnbqkb1r/1p3p2/p2p1B2/3Npp1p/4P3/7P/PPP2PP1/R2QKB1R b KQkq -,f5e4 f6d8 e8d8 d5b6 c8e6 b6a8 b8c6 c2c3 d6d5 f1c4
3R2k1/1p4p1/p4p1p/P7/5PP1/6K1/1P6/1r6 b - -,g8h7 d8d2 b1g1 g3f3 g1h1 f3e4 h6h5 e4f5 h1h4 g4g5
r1b2rk1/ppq2ppp/4pb2/3n4/2N5/P2PP1P1/1PQB2BP/2R2RK1 b - -,a8b8 b2b4 c7d7 e3e4 f6d4 g1h1 d5b6 c4a5 d7d6 b4b5
rnbqkb1r/pp2pppp/5n2/3p4/3P4/PQP1P3/5PPP/RNB1KBNR b KQkq -,b8c6 g1f3 e7e6 a3a4 c6a5 b3a2 c8d7 f1d3 a8c8 e1h1
rnbq1b1r/p2p1N2/1p1k1p2/8/3pQ3/8/PPP3PP/RNB3K1 b - -,d6c7 c1f4 d7d6 f7d8 c7d8 e4a8 b8d7 b1a3 h8h5 a3c4
3R3R/p5k1/2p5/1p2pb2/8/1K6/PP6/4q3 b - -,d6c7 c1f4 d7d6 f7d8 c7d8 e4a8 b8d7 b1a3 h8h5 a3c4
rnbqk2r/ppp2pp1/4pn1p/8/1b1P4/2N2N2/PPPB1PPP/R2QKB1R b KQkq -,e8h8 a2a3 b4d6 f1c4 b8c6 d1e2 a7a6 e1a1 b7b5 c4d3
1r3k2/5pp1/2p5/8/2PP1PP1/p6p/P2R1K1P/8 b - -,f8e7 f2e2 e7d6 e2d3 b8b1 d3c3 b1c1 c3b3 c1g1 g4g5
8/N1pk1p1p/8/2p5/6P1/2P2P2/P1Pr1r1P/6K1 b - -,f8e7 f2e2 e7d6 e2d3 b8b1 d3c3 b1c1 c3b3 c1g1 g4g5
1r2brk1/4q1b1/2pNp1Pp/2p1P3/n1P1BP2/7Q/3RN1P1/5RK1 b - -,e8d7 d6f7 f8f7 g6f7 e7f7 e4f3 f7e7 f3g4 g8h8 g1h2
1r3rk1/1p1n1pp1/1qp1pb1p/p4b2/P2P4/RQN1PN2/1P2BPPP/2R3K1 b - -,b6b3 a3b3 e6e5 c3b1 f5e6 e2c4 e6c4 c1c4 b7b5 c4c6
2kr1bnr/1Qp1ppp1/p6p/8/2Nq4/6P1/PP2bPBP/R1B2RK1 b - -,c8d7 b7c6 d7c8 c6a6 c8d7 c1e3 d4d6 a6a4 d7e6 c4d6
5k2/7R/4K2p/7r/8/8/8/8 b - -,
rnb1kb1r/1p3p2/p2p1B2/q2Npp1p/1P2P3/7P/P1P2PP1/R2QKB1R b KQkq -,a5b4 d5b4 h8h6 b4d5 b8c6 e4f5 c6e7 d5c7 e8d7 f6e7
5r1k/1p4pp/Nb5N/1P3b2/1p5r/7Q/4nPPK/2R1R3 b - -,f5h3 e1e2 h3g4 h2g3 g4e2 g3h4 b7a6 h6g4 a6b5 c1b1
r3nrk1/pp5p/2pp2p1/q7/2P1Pp1P/2NB4/PP3BP1/2KQ3R b - -,a8d8 h4h5 g6g5 c4c5 d6c5 e4e5 a5c7 d1e2 c7e7 e2e4
8/5k2/5p2/6p1/8/3KR3/2P2P2/4r3 b - -,
4k3/8/b4qp1/8/3p4/5pP1/4r2P/2R3K1 b - -,e1f1 d3e2 f1h1 c2c4 h1c1 e2d3 f6f5 d3d4 f5f4 e3c3
4k1r1/pp3p1p/5Bb1/3p4/1q1Nn3/2r5/PP2Q2P/R2K1R2 b - -,g6h5 e2h5 c3c1 d1c1 b4c4 d4c2 c4f1 h5d1 g8g1 b2b4
8/1p3kp1/p6p/P2R1K1P/1r3P2/8/8/8 b - -,
r1bq1rk1/1p1p1pp1/1b5p/p1pN4/P1B1PP2/8/1PP3PP/R2Q1RK1 b - -,b6a7 a1a3 g8h8 a3g3 d8e8 d1g4 f8g8 g4e2 a7b8 d5b6
6RR/6k1/2p5/pp2pb2/8/1K6/PP6/4q3 b - -,b6a7 a1a3 g8h8 a3g3 d8e8 d1g4 f8g8 g4e2 a7b8 d5b6
3r2k1/p4pp1/1p2nb1p/2p1p3/3N4/1NP1P1BP/PP3PP1/3R2K1 b - -,
5k2/3K3R/7p/8/8/8/8/7r b - -,f8g8 h7e7 h1d1 d7e8 d1a1 e7e3 a1a7 e3e1 h6h5 e1h1
6k1/1p3ppp/pq1r4/3n2P1/4Q3/1NP5/PKP1B2P/5R2 b - -,b6e3 e4f3 e3f3 f1f3 g8f8 c3c4 d5b4 c4c5 d6d5 e2c4
r2qk1nr/3pbppp/p1b1p3/8/1p2PB2/3B4/PPP1QPPP/RN3RK1 b kq -,g8f6 b1d2 e8h8 f1d1 h7h6 a1c1 c6b5 d2c4 d7d5 e4d5
8/1p3kp1/p6p/Pr2RK1P/5P2/8/8/8 b - -,
5R1R/8/2p2k2/pp2pb2/8/1K6/PP6/4q3 b - -,b5b4 e5d5 f7g8 d5e5 g8h7 e5c5 b4b1 c5d5 b1h1 f5g4
3r1bnr/2pkppp1/p1Q4p/8/2Nq4/6P1/PP2bPBP/R1B2RK1 b - -,d7c8 c6a6 c8d7 c1e3 d4d6 a6a4 d7e6 c4d6 d8d6 f1e1
5k2/7R/4K3/7p/8/8/8/7r b - -,
r1bqkbnr/pp2pppp/2n5/3p4/8/6P1/PPPQPPBP/RNB1K1NR b KQkq -,g8f6 b1c3 d5d4 c3e4 e7e5 c2c3 f6d5 e2e3 f7f5 e4g5
rnbqk2r/p1p2ppp/1p1bpn2/3pN1B1/2PP4/2N5/PP2PPPP/R2QKB1R b KQkq -,d5c4 e2e4 e8h8 d1f3 d6e7 e1a1 c8b7 f1c4 f6d7 g5e3
8/1P6/3k1p2/5Pp1/6P1/p7/5K1p/8 b - -,d5c4 e2e4 e8h8 d1f3 d6e7 e1a1 c8b7 f1c4 f6d7 g5e3
r4rk1/pp3pp1/2n4p/3Nb3/7q/2P2Q2/PP4PP/1K1R1B1R b - -,a8d8 g2g3 h4g5 f1c4 h6h5 c4b3 g7g6 h1f1 d8d6 a2a3
r1bqk2r/p1p2ppp/2pb1n2/3pp3/3PP3/5N2/PPP2PPP/RNBQ1RK1 b kq -,f6e4 d4e5 d6c5 d1d3 a7a5 b1d2 c8a6 c2c4 e4d2 c1d2
r1bq1rk1/1p2b1pp/p2p4/3Pnp2/2P5/2N5/PP2B1PP/R1BQ1R1K b - -,e7g5 c4c5 c8d7 b2b4 g5c1 a1c1 d8h4 d1b3 g8h8 c3b1
8/2n3p1/6kp/8/2N5/5K2/6PP/8 b - -,
r4rk1/1p3p2/pn3p1p/q3p3/4P1b1/2N1QN2/BP3PPP/3R2K1 b - -,
8/8/4k1pp/4P3/3K2PP/8/8/8 b - -,a8d8 d1d8 f8d8 h2h3 g4e6 e3h6 e6a2 f3h4 a2e6 h4g6
8/6k1/R4p1P/1r6/6K1/8/8/8 b - -,
1rb2r2/4pkpQ/p2p4/1ppP4/3qP3/5PN1/PP2N1P1/2K4R b - -,d4f6 e4e5 f6e5 h1h5 e5e3 c1d1 c8d7 g3f5 e3d3 d1e1
8/8/2k3Q1/8/1K2Np2/8/8/5q2 b - -,
8/8/R6b/8/2p3pk/8/1K6/2r5 b - -,h6g5 a6e6 g4g3 e6e2 h4h3 e2e5 g5f6 b2c1 f6e5 c1d2
6k1/r4pp1/3p1n1p/1pr1pP2/4P3/P2P1N1P/5P2/R3R1K1 b - -,c5c3 e1b1 c3d3 f3e1 d3a3 a1a3 a7a3 f2f3 a3a5 b1d1
3k4/1p1r2p1/pR3p1p/P2p3P/6P1/5K2/1P3P2/8 b - -,d8c8 b6e6 d5d4 f3e2 d7d5 f2f4 c8d7 e6b6 d7c7 b6e6
1r6/4kpp1/2p5/8/2PP1PP1/p6p/P3RK1P/8 b - -,e7d6 f2e3 b8b1 e2c2 b1e1 e3f3 e1b1 f3e4 b1b2 e4d3
3rnrk1/1q3ppp/p3b3/2b1B1PQ/1p2PN2/3B1R2/PPP3KP/5R2 b - -,g7g6 h5h4 a6a5 f4e6 f7e6 f3f8 c5f8 d3c4 e8g7 h4f4
8/5k2/5p2/6p1/8/4K3/2P2P2/8 b - -,
5Rk1/1p1bq1p1/pn2p2p/2bpB2Q/8/P1NB4/1PP3PP/1K6 b - -,e7f8 h5g6 c5d6 g6h7 g8f7 d3g6 f7e7 e5g7 f8f1 b1a2
r1b2Bk1/pp4p1/2p1pq1p/P1P1R3/4Bn2/2P5/5PPP/R2Q2K1 b - -,
r2qk2r/3pbppp/p1b1pn2/8/1p2PB2/3B4/PPPNQPPP/R4RK1 b kq -,e8h8 a1c1 d8b6 d2c4 b6a7 c2c3 a6a5 f4e5 d7d5 e4d5
r1bqkb1r/pp2pppp/2n2n2/3p4/2PP4/PQ2P3/5PPP/RNB1KBNR b KQkq -,c6a5 b3c3 c8d7 b1d2 g7g6 g1f3 f8g7 f3e5 d7e6 c4d5
r7/p5k1/2p5/1p2R3/5rb1/2N3p1/PPB5/2K1R3 b - -,a8d8 c3e2 g4e2 e5e2 d8d5 e2g2 d5g5 e1g1 g7f6 g2g3
8/R7/1K2p1k1/2B1P3/PP4p1/2n5/2r2P2/8 b - -,g6f5 a4a5 f5e5 b6a6 c3d5 a7g7 e5f5 a6b5 d5c3 b5c6
r1bq1rk1/1pbp1pp1/7p/p1pN4/P1B1PP2/R7/1PP3PP/3Q1RK1 b - -,g8h8 a3g3 c7b8 d1g4 g7g6 g3h3 h8g7 g4f3 d8e8 h3g3
6k1/1p3ppp/p2r4/3n2P1/8/1NP1qQ2/PKP1B2P/5R2 b - -,e3f3 f1f3 g8f8 c3c4 d5b4 c4c5 d6d5 e2c4 d5d7 f3h3
5r2/3k1p2/N2p4/1pb2P2/P7/8/2P2PPP/1R3RK1 b - -,b5b4 a6b4 f8c8 b4d3 c5d4 f1e1 c8c7 e1e2 d4c3 g1h1
1r6/5pp1/2pk4/8/2PP1PP1/p3K2p/P3R2P/8 b - -,b8b1 e2c2 b1e1 e3f3 e1b1 f3e4 b1b2 e4d3 b2b1 g4g5
r3k1nr/1pp2pp1/p2bbq1p/2p1p3/4P3/P1NP1N1P/1PP2PP1/R1BQR1K1 b kq -,g8e7 c3d5 e7d5 e4d5 e6d5 f3e5 e8h8 e5g4 f6g6 g4e3
rnbqkb1r/1p3p2/p2p1N2/4ppBp/4P3/7P/PPP2PP1/R2QKB1R b KQkq -,e8e7 f6d5 e7d7 g5d8 d7d8 e4f5 c8d7 d5b6 d7c6 d1d3
r4rk1/1p3p2/pn3p1p/q3p3/4P1b1/2N2N1P/BP2QPP1/3R2K1 b - -,g4f3 e2f3 f8d8 d1b1 a5c5 f3f6 d8d7 f6g6 g8f8 g6h6
8/1pkr2p1/p3Rp1p/P2p3P/6P1/5K2/1P3P2/8 b - -,c7d8 e6b6 d8c8 b6e6 d5d4 f3e2 d7d5 e6e8 c8d7 e8g8
8/7P/R4pk1/1r6/6K1/8/8/8 b - -,
3r4/ppb1qpk1/2prp1p1/7p/3P3P/P1P1Q1PB/1P2RP2/4R1K1 b - -,a7a5 e3e5 g7g8 e5c5 d6d7 c5c4 g8g7 h3g2 e7d6 g2f3
2b2nk1/2r3qp/p4p2/3p1PNR/3P2Q1/2p1P1P1/2B2PK1/8 b - -,c7a7 g4f4 a6a5 g5e6 g7e7 e6c5 c8d7 f4b8 d7c6 h5h1
rnb1kb1r/pp3ppp/8/2pp4/8/2NP4/PPP2PPP/R1B1K1NR b KQkq -,b8a6 c3d5 a6b4 d5b4 c5b4 a2a3 b4a3 b2b3 b7b5 c1a3
2r4k/ppp2R1p/3b2p1/8/P4P2/7P/B1P3P1/6K1 b - -,
8/4k3/6pp/3KP3/6PP/8/8/8 b - -,b7b6 g1f2 c8f8 f2f3 f8f7 a2f7 d6c5 f3e4 h8g7 f7d5
r3kbnr/pp1q4/2p3p1/4Q1Pp/4P2P/2N5/PPP5/R1B1K2R b KQkq -,e8f7 e5h8 d7e6 c1e3 a8d8 e3d4 f7e8 h1f1 f8d6 e1a1
2kr1bnr/2p1ppp1/Q6p/8/2Nq4/6P1/PP2bPBP/R1B2RK1 b - -,c8d7 c1e3 d4d6 a6a4 d7e6 c4d6 d8d6 f1e1 e2d3 e3f4
r1bq1rk1/1p4pp/p2p1b2/3Pnp2/2P5/2N1B3/PP2B1PP/R2Q1R1K b - -,a8b8 c4c5 f8e8 d1d2 d6c5 e3c5 c8d7 a1d1 b8c8 c5g1
5r1k/1p4pp/Nb5N/1P6/1p5r/7P/4nP1K/2R1R3 b - -,a8b8 c4c5 f8e8 d1d2 d6c5 e3c5 c8d7 a1d1 b8c8 c5g1
1r3rk1/3bqNb1/2p1p1Pp/2p1P3/n1P1BP2/7Q/3RN1P1/5RK1 b - -,f8f7 g6f7 e7f7 e4f3 d7e8 f3g4 g8h8 g4e6 f7f8 e2g3
6k1/1p3ppp/p2r4/3n2P1/8/1NP2R2/PKP1B2P/8 b - -,g8f8 c3c4 d5b4 c4c5 d6d7 f3f1 b4c6 f1d1 d7c7 e2f1
5bk1/6p1/3pr3/p1p2N2/1pP1PRQ1/1P6/P5PK/q7 b - -,a1b2 f5g7 e6h6 g7h5 f8g7 f4f5 g8h8 f5g5 b2c3 g2g3
8/1p4pk/p4p1p/P7/5PP1/6K1/1P1R4/1r6 b - -,b1g1 g3f3 g1h1 b2b4 h6h5 g4h5 h1h5 f3g4 h5b5 d2d4
8/1Q6/5p2/1k3Pp1/6P1/p7/5K2/7q b - -,b1e1 d2d3 e1g1 g3f3 g1h1 f3e4 h6h5 e4f5 h1a1 b2b4
rnbqkbnr/pp1p1p1p/2p5/4P1p1/4Np2/8/PPPP2PP/R1BQKBNR b KQkq -,g5g4 d1e2 d7d5 e5d6 c8e6 d2d4 g8f6 c1f4 f6e4 e2e4
8/1p1Nb1p1/p7/k1P5/8/1K6/P5P1/8 b - -,a5b5 b3c3 b5c6 d7e5 c6c5 e5f3 e7f6 c3c2 c5c4 f3d2
6k1/r4pp1/3p1n1p/1p2pP2/4P3/P1rP1N1P/5P2/RR4K1 b - -,c3d3 f3e1 d3a3 a1a3 a7a3 f2f3 f6h5 h3h4 h5f4 b1b5
r1bqkb1r/pp2pppp/2n2n2/3p4/3P4/PQP1PN2/5PPP/RNB1KB1R b KQkq -,c6a5 b3a2 e7e6 a3a4 c8d7 f1d3 a8c8 e1h1 f8d6 f3e5
8/5pp1/2pk4/8/2PP1PP1/p3K2p/P1R4P/1r6 b - -,f7f6 e3e4 c6c5 d4d5 b1b2 e4d3 b2b1 d3e3 g7g5 c2c3
8/2B2kp1/3P1n1p/8/2p1b3/2N1K3/6PP/8 b - -,e4g2 e3d4 g2f1 c3a4 f6d7 d4d5 f1h3 d5c4 d7e5 c4d5
8/5k2/8/5pp1/2P5/4K3/5P2/8 b - -,
6k1/1R4p1/p6p/P4K1P/5P2/8/8/7r b - -,
r1b1kb1r/ppq2ppp/2np4/2pQ2N1/2B1P3/8/PPP2PPP/R1B1K2R b KQkq -,c6d8 c1d2 f8e7 f2f4 h7h6 g5f7 c8e6 f7h8 e6d5 c4d5
rnbN1b1r/p1k5/1p1p1p2/8/3pQB2/8/PPP3PP/RN4K1 b - -,c7d8 e4a8 b8d7 b1a3 h8h5 a3c4 d8c7 a8a7 c7c6 a7a4
r3q1k1/1b5p/1p1rp3/p3Rp2/P1Pp4/1P3pPQ/3N1K1P/4R3 b - -,e8g6 c4c5 b6c5 d2c4 d6c6 h3h4 a8e8 c4a5 c6c7 a5b7
r1bqkbnr/p1pn4/3p3p/1B4p1/4p3/2N1N3/PPPP1PPP/R1BQ1RK1 b kq -,f8g7 f2f4 g5g4 d1g4 e8f8 c3e4 g7d4 c2c3 d4e3 d2e3
8/7P/R4pk1/6r1/7K/8/8/8 b - -,
3rnrk1/5ppp/p3q3/2b1B1PQ/1p2P3/3B3R/PPP3KP/5R2 b - -,e6g6 h5g6 f7g6 d3c4 g8h8 h3d3 d8d3 f1f8 c5f8 c2d3
r3k2r/1pp1npp1/p2bbq1p/2p1p3/4P3/P1NP1N1P/1PPB1PP1/R2QR1K1 b kq -,e8a8 f3h2 e7c6 a1b1 f6g6 g1h1 c5c4 h2f3 c4d3 c2d3
8/2k2Q2/8/8/1K2Np2/8/8/5q2 b - -,
7k/1p4pp/Nb5N/1P6/1p5r/7P/4nr2/2R1R2K b - -,c7b8 f7e8 b8c7 e8e7 c7b8 e7d8 b8a7 d8c7 a7a8 c7e5
r4k2/1b3B2/p4P2/1pp5/5p1R/2P5/P1PK3R/6r1 b - -,g1d1 d2d1 f8f7 h4h7 f7f6 h7b7 a8e8 h2f2 e8h8 f2f4
r1bq1rk1/pp3ppp/2p2n2/4b3/2B2P2/2N1P3/PP2Q1PP/R1B2RK1 b - -,e5c3 b2c3 c8f5 f1d1 d8c7 h2h3 f8e8 a2a4 h7h6 c1d2
8/3k4/4P1pp/3K4/6PP/8/8/8 b - -,c8g4 e2c2 e5c3 b2c3 b7b5 c4b3 a7a5 a2a4 f8e8 f4f5
r3nrk1/ppqnppbp/6p1/1NpPP3/2P2Bb1/5N2/PP2Q1PP/R3KB1R b KQ -,c7b8 e2e3 g4f3 g2f3 g7e5 f4e5 b8e5 e3e5 d7e5 e1f2
r2qk2r/3nbpp1/p2p1n2/Qp1Pp2p/8/1N2BP2/PPP3PP/2KR1B1R b kq -,h5h4 c1b1 d8a5 b3a5 e7d8 a5c6 d8b6 e3g5 b6f2 f1e2
rn2kb1r/pp3ppp/4b3/2pp4/8/2NP1N2/PPP2PPP/R1B1K2R b KQkq -,f7f6 c3b5 e8d7 c1f4 g7g5 f4g3 b8c6 b5c7 a8d8 c7e6
2kr3r/2p2ppp/2P2n2/8/2Pp1B2/R6P/1P3PP1/R5K1 b - -,b7b6 c3b5 e8d7 c1f4 b8c6 b5c7 a8c8 c7e6 c8e8 e1a1
8/2B2kp1/3P1n1p/8/2pK4/2N5/6bP/8 b - -,g2f1 c3a4 f6d7 d4d5 f1h3 d5c4 d7e5 c4d5 e5f3 a4c5
5k2/1p3ppp/p2r4/3n2P1/2P5/1N3R2/PKP1B2P/8 b - -,d5b4 c4c5 d6d7 f3e3 b4c6 e2f3 d7c7 f3g2 c6d8 g2h3
8/1Q6/5p2/5Pp1/2k3P1/p7/4K3/7q b - -,d5b4 c4c5 d6d7 f3e3 b4c6 e2f3 d7c7 f3g2 c6d8 g2h3
r1b2rk1/1pq3pp/p2p1b2/3Pnp2/N1P5/4B3/PP2B1PP/R2Q1R1K b - -,e5f7 a4b6 a8b8 d1c2 f5f4 e3g1 f6e5 a1c1 f7g5 b6c8
r1b2rk1/ppq2ppp/4pb2/3n4/2Np4/PQ1P2P1/1P1BPPBP/2R2RK1 b - -,c7b8 c4a5 b8d6 b3b5 f8d8 c1c2 a8b8 g2d5 d6d5 b5d5
5r2/pp4k1/2p2p1p/P4Rn1/3rPQ2/1B6/6PK/8 b - -,d4e4 f5g5 f6g5 f4e4 f8f4 e4e7 g7h8 e7e5 h8h7 e5c7
r1bq1rk1/1p1p1pp1/1b5p/p1pN4/P1B1P3/1P6/2P2PPP/R2Q1RK1 b - -,g8h7 d1d3 d7d6 a1d1 c8g4 d1d2 h7g8 d3g3 g4e6 d5b6
4k1r1/pp3p1p/5B2/3p3Q/1q1Nn3/2r5/PP5P/R2K1R2 b - -,g8h7 d1d3 d7d6 a1d1 c8g4 d1d2 h7g8 d3g3 g4e6 d5b6
8/8/8/5K1p/7k/7R/8/8 b - -,
6k1/2p3b1/p2p2Q1/3P1P1P/2B1q3/4p3/P7/2K2R2 b - -,h4h3 f5f4 h3h4 f4f3 h4g5 f3f2 h5h4 f2g1 g5f5 g1h1
6k1/1p2Bp2/p3p3/1rP1b2p/5P2/6PP/3R4/6K1 b - -,b5b1 g1f2 b1b2 f2e3 b2d2 e3d2 e5g7 e7d6 f7f5 d2d3
r3k2r/1p2npp1/p1pbbq1p/2p1p3/4P3/P2P1N1P/1PPBNPP1/R2QR1K1 b kq -,e6h3 g2h3 f6f3 e2g3 f3d1 a1d1 h6h5 h3h4 g7g6 g3f1
8/2k2K2/8/8/1Q6/8/8/8 b - -,e6h3 g2h3 f6f3 e2g3 f3d1 a1d1 h6h5 h3h4 g7g6 g3f1
2r1r1k1/pp1q1pp1/3p3p/3Pn3/1P3N2/P1P2bP1/2QK1P1P/R4BR1 b - -,f3g4 f1g2 g4f5 c2d1 b7b5 h2h3 d7c7 f4e2 c7c4 d2e1
6k1/r4pp1/3p1n1p/1p2pP2/4P3/P2r1N1P/5PK1/RR6 b - -,d3a3 a1a3 a7a3 b1b5 f6e4 b5b4 e4c5 f3e1 a3a2 g2f3
rnbq1rk1/5pbp/6p1/pN1np3/P1B5/1pP1BP2/1P1Q2PP/R1N1K2R b KQ -,d8h4 e3f2 h4c4 b5d6 c4c6 d6c8 f8c8 e1h1 b8d7 c1b3
1r4k1/3bqPb1/2p1p2p/2p1P3/n1P1BP2/7Q/3RN1P1/5RK1 b - -,e7f7 e4f3 g7f8 e2g3 b8b2 d2d3 a4b6 g3h5 f8e7 f3e4
8/1p4pk/p4p1p/P7/5PP1/6K1/1P1R4/7r b - -,h6h5 g4h5 h1h5 b2b4 h5b5 d2d4 h7g8 g3g2 g8f8 g2f3
8/1Q6/5p2/5Pp1/2k3P1/8/p2K4/7q b - -,h1g1 g3h4 g1h1 h4g3 h6h5 g4h5 h1h5 b2b4 h5b5 d2d4
r2qk1nr/3pbppp/p1b1p3/1p6/4PB2/2NB4/PPP1QPPP/R4RK1 b kq -,b5b4 c3b1 g8f6 a2a3 a6a5 a3b4 a5b4 b1d2 e8h8 h2h3
8/8/4k3/5pp1/2P5/4KP2/8/8 b - -,
8/8/1p1k3p/6p1/1P1K1P2/7P/8/8 b - -,
8/6kp/2n3p1/1R3p2/P3p3/8/3K1P1P/8 b - -,f5f4 a4a5 g7f7 b5b7 f7e6 a5a6 h7h6 b7g7 g6g5 g7g6
rnbqkbnr/pp1p1p1p/8/2p5/3PPB2/2P2Q2/PP4PP/RN2KB1R b KQkq -,b8c6 f1c4 d8h4 g2g3 h4f6 e4e5 f6g7 b1a3 a7a6 e1a1
r1r3k1/1p3pbp/p1n1pnp1/2Pp2B1/PP6/2P4P/3NBPP1/1RR3K1 b - -,h7h6 g5e3 g6g5 g1f1 c6e7 e2d3 f6d7 d2b3 d7e5 d3e2
rnbqkb1r/p1p2ppp/1p3n2/4p3/3P4/2N1B3/PPP2PPP/R2QKBNR b KQkq -,b8c6 d4e5 d8d1 a1d1 c6e5 c3b5 f8b4 c2c3 b4d6 b5d6
8/2B2kp1/3P1n1p/2K5/2p5/2N5/7P/5b2 b - -,f7e6 c5d4 e6d7 d4c5 g7g6 c3a4 g6g5 a4b6 d7e6 c5d4
8/8/1p1k3p/8/1P2Kp2/7P/8/8 b - -,
3r1bnr/2p1ppp1/3Nk2p/8/Q7/4B1P1/PP2bPBP/R4RK1 b - -,d8d6 f1e1 f7f5 e3f4 e6f7 f4d6 e2h5 d6c7 g8f6 a4b3
r2qkbnr/pppn1p2/4N1p1/1Q1Pp1Pp/4P2P/2N5/PPP5/R1B1K2R b KQkq -,d8b8 e6f8 e8f8 b5d7 b8c8 d7c8 a8c8 e1h1 f8g7 c1e3
5k2/1p1r1ppp/p7/2P3P1/1n6/1N2R3/PKP1B2P/8 b - -,b4c6 e2f3 d7c7 f3g2 c6d8 g2h3 d8c6 e3e1 f7f6 g5f6
r3kb1r/pp3ppp/2n1b3/2pp4/8/2NP1N2/PPP2PPP/R1B2RK1 b kq -,b7b6 d3d4 e8a8 c1f4 e6g4 d4c5 f8c5 a1d1 h8e8 h2h3
8/6k1/2n3pp/PR3p2/4p3/8/3K1P1P/8 b - -,g7f8 d2e3 f8e7 a5a6 e7d6 b5b6 d6c7 b6b7 c7c8 e3f4
r4rk1/1p3p2/pn3p1p/q3p3/4P3/2N2Q1P/BP3PP1/3R2K1 b - -,f8d8 d1b1 a5c5 f3f6 b6c4 f6h6 d8d6 h6h4 c4b6 h4h5
8/2Q5/5p2/5Pp1/2k3P1/8/3K4/q6q b - -,f8d8 d1b1 a5c5 f3f6 b6c4 f6h6 d8d6 h6h4 c4b6 h4h5
8/8/8/4kpp1/2P2P2/4K3/8/8 b - -,e5f6 f4g5 f6g5 c4c5 g5f6 c5c6 f6e7 c6c7 e7d7 e3f4
1r4k1/3b1qb1/2p1p2p/2p1P3/n1P2P2/5B1Q/3RN1P1/5RK1 b - -,f7e7 f3g4 g8h8 g1h2 b8b7 e2g3 a4b2 g4e2 b7b3 f1a1
r1n3k1/6p1/2b1p1qp/2p2P2/2P2P2/2B5/3Q2PP/3R1BK1 b - -,g6e8 d1e1 c8e7 e1e6 e8f7 d2d6 a8e8 e6e1 c6b7 d6e5
rnbqk1nr/pp3ppp/2p5/6P1/1bpPB3/2N5/PP2PP1P/R1BQK1NR b KQkq -,h7h6 h2h4 b8a6 a2a3 b4c3 b2c3 d8a5 c1d2 c8e6 g1f3
8/2n3p1/3N1k1p/8/2K5/8/6PP/8 b - -,
7k/pp5p/6p1/8/7P/6P1/P2K1P2/8 b - -,b7b6 d2d3 h8g7 d3c4 g7f7 c4b5 f7e6 b5a6 e6d6 a6a7
Qnbk1b1r/p7/1p1p1p2/8/3p1B2/8/PPP3PP/RN4K1 b - -,b8d7 b1a3 h8h5 a3c4 d8c7 a8a7 c7c6 a7a4 c6c7 c4a3
8/p1rpkp1p/3bpp2/q6Q/2p5/4P1P1/P4P1P/1R4K1 b - -,a5h5 b1e1 c4c3 e1c1 c3c2 a2a3 d6a3 h2h3 a3c1 g3g4
8/8/3k4/8/1r1PK3/8/1PR5/8 b - -,b4b8 e4d3 d6d7 c2e2 b8b6 d3c4 b6c6 c4b5 c6d6 e2c2
r1r3k1/1p3pbp/2n1pnp1/pPPp2B1/P7/2P4P/3NBPP1/1RR3K1 b - -,c6d8 c3c4 c8c5 g1f1 h7h6 g5e3 c5c7 e2f3 c7c8 g2g3
r2q1rk1/p5pp/b1pPp3/4P1N1/3Q4/2N5/PP3P2/R3K2R b KQ -,d8b6 e1a1 b6d4 d1d4 c6c5 d4d1 a6b7 h1g1 b7f3 d1d2
r2q1rk1/1p1b2pp/p2p1b2/2PPnp2/8/2N1B3/PP2B1PP/R2Q1R1K b - -,f8e8 d1d2 d6c5 d5d6 d8b6 b2b4 b6b4 a1b1 b4a5 b1b7
5k2/1p1r1ppp/p1n5/2P3P1/8/1N2RB2/PKP4P/8 b - -,d7c7 f3c6 c7c6 e3e4 h7h6 g5h6 g7h6 a2a4 c6c7 e4e5
8/8/5Bp1/3p3b/7P/3k4/p4KP1/8 b - -,d7c7 f3c6 c7c6 e3e4 h7h6 g5h6 g7h6 a2a4 c6c7 e4e5
2r5/p2brRkp/1pp3p1/4N1P1/3PP2P/2P1K3/PP6/5R2 b - -,e7f7 f1f7 g7g8 f7d7 c6c5 d4c5 c8c5 e5g4 g8f8 d7a7
8/pp4kp/6p1/8/5P1P/6P1/P2K4/8 b - -,h7h5 d2e3 g7f6 e3e4 b7b5 a2a3 f6e6 f4f5 g6f5 e4d4
8/8/8/4kp2/2P2p2/5K2/8/8 b - -,
r2r2k1/1p3p2/pn3p1p/q3p3/4P3/2N2Q1P/BP3PP1/R5K1 b - -,g8g7 g1h2 d8d7 c3d1 a8g8 d1e3 a5c5 e3g4 c5c6 f3e3
8/4k3/4P1pp/4K3/6PP/8/8/8 b - -,g8g7 g1h2 d8d7 c3d1 a8g8 d1e3 a5c5 e3g4 c5c6 f3e3
1r4k1/3bq1b1/2p1p2p/2p1P3/n1P2PB1/7Q/3RN1P1/5RK1 b - -,g8h8 g1h2 d7e8 g4e6 a4b6 d2b2 e8g6 e2g3 b8e8 b2b6
8/6k1/6pp/R4p2/4p3/8/3K1P1P/8 b - -,g7f6 d2e3 g6g5 a5b5 f6e6 e3d4 h6h5 b5b6 e6d7 d4e5
8/p1rpkp1p/3bpp2/q6Q/8/2p1P1P1/P4P1P/2R3K1 b - -,a5h5 g1g2 h5d5 g2h3 c3c2 h3h4 d5g5 h4h3 g5f5 h3g2
1r1r4/p4kbp/1p3n2/2p5/4N3/2P1B2P/PP4P1/4RRK1 b - -,f7g6 e3f4 b8b7 e4d6 b7d7 e1e6 h7h5 f4g3 g6h7 f1f6
r1bq1rk1/ppp3bn/3p3p/2PPpppn/1P2P3/2N2NP1/P1QB1PBP/2R2RK1 b - -,f5f4 f1d1 g7f6 c3b5 g5g4 f3e1 h7g5 c5d6 c7d6 c2c7
r2r2k1/pp2qpp1/7p/b3Pb2/B2R1p2/2P4P/PQ1N1PP1/2K4R b - -,a8c8 d4c4 e7e5 b2b5 e5e2 h1d1 a5c3 c4c8 c3d2 c1b2
2rq1rk1/1p1b2pp/p2p1b2/2PPnp2/1P6/2N1B3/P3B1PP/R2Q1R1K b - -,a6a5 c3b5 e5f7 c5c6 b7c6 d5c6 c8c6 b5d4 c6c3 e3g1
8/2n3p1/5k1p/8/2N5/5K2/6PP/8 b - -,
rq2nrk1/pp1nppbp/3P2p1/1Np1P3/2P2Bb1/5N2/PP2Q1PP/R3KB1R b KQ -,e7d6 e5d6 a7a6 b5c3 g7c3 b2c3 e8f6 e1a1 b8d8 c1b2
8/8/6p1/3p3b/7P/3k4/p4KP1/B7 b - -,h5d1 a1b2 d1g4 g2g3 g4h5 b2a1 d3c2 f2e3 c2b1 a1d4
8/8/4k3/5p2/2P2K2/8/8/8 b - -,
r1r3k1/1p3pbp/4pnp1/pPPpn3/P7/2P1B2P/3NBPP1/1RR3K1 b - -,a8b8 d2b3 e5d7 c3c4 g7f8 c5c6 b7c6 c4c5 e6e5 b5c6
2r1r1k1/pp1q1pp1/3p3p/3Pn3/1P3N2/P1P2bP1/1KQ2P1P/R4BR1 b - -,a7a5 f1d3 g7g5 d3f5 d7c7 a1e1 c8a8 f5d3 a5b4 c3b4
8/1p3kp1/p4p1p/P2pr2P/3R1PP1/8/1P4K1/8 b - -,e5e4 d4d3 e4f4 d3b3 g7g5 g2g3 d5d4 b3b7 f7e6 b7b6
r2r2k1/1p3p2/pn3p1p/q3p3/4P3/2N2Q1P/BP3PP1/1R4K1 b - -,a5b4 f3f6 b6c4 f6h6 d8d6 h6h4 a6a5 c3d5 d6d5 e4d5
r2q1rk1/pp2ppbp/2n2np1/3pNb2/3P1PP1/PPN1P3/1B2B2P/R2Q1RK1 b - -,f5e6 a1c1 f6e4 c3e4 d5e4 e5c6 b7c6 c1c6 d8d7 c6a6
r3kb1r/pp1nnppp/2q1p3/3pP3/1P1P4/P1NQ1N2/3B1PPP/R3K2R b KQkq -,a7a6 b4b5 c6c4 d3c4 d5c4 b5a6 b7a6 e1e2 d7b6 h1c1
r1b1n2R/p4r1R/2p3k1/1p2p3/5q2/6N1/PPBQ4/2K5 b - -,g6g5 h7f7 f4d2 c1d2 c8g4 g3e4 g5g6 e4d6 e5e4 h8g8
8/pp5p/5kp1/8/5PPP/8/P2K4/8 b - -,h7h5 g4g5 f6f5 d2e3 b7b5 e3d4 f5f4 d4d5 f4f5 d5c6
5k2/1p3ppp/p1r5/2P3P1/8/1N5R/PKP4P/8 b - -,h7h6 g5h6 g7h6 h3h5 c6e6 b3d4 e6e4 c2c3 f8g7 b2b3
6k1/1p4p1/p4p1p/P7/5PP1/6K1/1P1R4/1r6 b - -,g8h7 f4f5 h6h5 d2h2 b1g1 g3f3 g1f1 f3g3 h7g8 h2h5
r3k2r/1p3pp1/p1pbbqnp/2p1p3/4P3/P2P1NNP/1PPB1PP1/R2QR1K1 b kq -,e8h8 f3h2 g6f4 d1f3 a8d8 g1h1 c5c4 d3c4 d6c5 d2e3
8/1k6/3R4/8/8/4B3/8/6K1 b - -,e8h8 f3h2 g6f4 d1f3 a8d8 g1h1 c5c4 d3c4 d6c5 d2e3
rq2nrk1/pp1n1pbp/3P2p1/1Np5/2P2Bb1/5N2/PP2Q1PP/R3KB1R b KQ -,a7a6 b5c7 e8c7 d6c7 b8c8 e1a1 f8e8 e2d2 g4f3 g2f3
8/1p3kp1/p4p1p/P2p3P/3R1PP1/6K1/1P2r3/8 b - -,e2b2 d4d5 f7e7 d5c5 e7d7 c5d5 d7c6 d5d8 b2e2 d8c8
r5k1/pp2qpp1/7p/b3Pb2/B2P1p2/7P/PQ1N1PP1/2K4R b - -,a8c8 c1d1 a5c3 b2b3 c3d4 g2g4 f4g3 b3g3 d4e5 h1e1
8/8/1p5p/3k1K2/1P6/7P/8/8 b - -,
4k3/8/4PKpp/8/6PP/8/8/8 b - -,d5d4 f5g6 b6b5 h3h4 d4c3 h4h5 c3b4 g6g7 b4a3 g7h6
6k1/1p4p1/p4p1p/P7/5PP1/5K2/1P1R4/6r1 b - -,g1h1 f3g3 h1g1 g3h3 g1b1 h3h4 g8h7 f4f5 b1h1 h4g3
8/1p3kp1/p4p1p/P2R3P/5PP1/6K1/1r6/8 b - -,f7e7 d5c5 e7d7 c5d5 d7c6 d5d8 b2e2 d8c8 c6d7 c8c3
r2r2k1/pp3pp1/q1p1p1N1/6P1/2Pb1B2/1P5Q/P4PK1/R6R b - -,f7e7 d5c5 e7d7 c5d5 d7c6 d5d8 b2e2 d8c8 c6d7 c8c3
8/8/1pk4p/8/1P3K2/7P/8/8 b - -,c6b5 f4f5 b5b4 f5g6 b6b5 g6h6 b4c5 h6g7 b5b4 h3h4
8/3NR1k1/6p1/2p5/1prb2K1/6P1/P7/8 b - -,g7h6 e7e6 d4g7 g4f3 c4c3 f3f4 c3c1 f4g4 c5c4 e6e2
4r2k/5p1q/pp3Pp1/2pbr1Q1/3p3R/2P5/P5PP/2B2K2 b - -,g7h8 e7e4 c4c3 d7f8 d4f2 f8g6 h8g7 g6f4 c3g3 g4f5
r1b1kb1r/ppqp1ppp/4p3/8/2B1P1P1/2N2N2/PP2nPP1/R1B2R1K b kq -,e2c3 c4d3 c3a4 c1e3 f8c5 f1c1 c7b6 f3e5 c5e3 f2e3
r3k2r/1p3pp1/p1pbbq1p/2p1p3/4PB2/P2P1NNP/1PP2PP1/R2QR1K1 b kq -,e5f4 e4e5 f6g6 f3h4 g6h7 e5d6 f4g3 d1f3 e8a8 f3g3
1rr3k1/1p3pbp/4pnp1/pPPpn3/P1P5/4B2P/3NBPP1/1RR3K1 b - -,e5d7 d2b3 g7f8 c5c6 b7c6 c4c5 e6e5 b5b6 d5d4 e3d2
8/8/1p4Kp/8/1Pk5/7P/8/8 b - -,
4r2k/ppp2R1p/3b2p1/8/P4P2/7P/B1P2KP1/8 b - -,e8e4 a2b3 e4f4 f7f4 d6f4 b3d5 b7b6 f2f3 f4e5 g2g4
4k1r1/pp3p1p/5B2/3p3Q/1q1Nn3/8/PP2K2P/R1r2R2 b - -,e8f8 f2f3 f8f7 a2f7 b7b6 f7d5 h8g7 g2g3 d6e7 f3e4
r3kb1r/pp1nnpp1/2q1p2p/1N1pP3/1P1P4/P2Q1N2/3B1PPP/R3K2R b KQkq -,e7f5 a1c1 c6c1 d2c1 a8c8 e1h1 h6h5 b5a7 c8c4 f3d2
8/8/1p5p/1k3K2/1P6/7P/8/8 b - -,
5k2/1p3p2/p1r4p/2P4R/8/1N6/PKP4P/8 b - -,b7b6 c5b6 c6b6 b2a3 f8e7 b3d4 e7d7 c2c3 b6g6 h2h4
8/1p3kp1/p4p1p/Pr5P/5PP1/3R2K1/8/8 b - -,f7e6 d3e3 e6d7 e3a3 d7c6 g3f3 b7b6 a5b6 a6a5 f3e4
r1b1kb1r/p2p2pp/1qp1pN2/8/5P2/P1P5/1P4PP/R1BQKB1R b KQkq -,e8d8 f6e4 d7d5 e4g5 f8c5 d1f3 b6c7 c1e3 c5e3 f3e3
8/3N4/4R1pk/2p5/1prb2K1/6P1/P7/8 b - -,d4g7 g4f3 c4c3 f3f4 c3c1 f4g4 c5c4 e6e2 c1h1 d7c5
r1bq1rk1/ppp2pbn/3p3p/3Pp1pn/1PP1P3/2N2NP1/P1QB1PBP/2R2RK1 b - -,f7f5 e4f5 c8f5 c2d1 d8d7 c4c5 f5g4 c5c6 d7f5 f3h4
r1b1kb1r/ppqp1ppp/4p3/8/2B1P1P1/2N2N2/PP3PP1/2R2R1K b kq -,c7c4 a2a4 a7a6 c3d5 e6d5 c1c4 d5c4 f3d2 b7b5 h1g1
6k1/pp2R1p1/q1p3Bb/3r4/P7/1Q3P2/3p2PP/7K b - -,c7c4 a2a4 a7a6 c3d5 e6d5 c1c4 d5c4 f3d2 b7b5 h1g1
8/8/1p4Kp/8/1k6/7P/8/8 b - -,
8/8/1p5K/8/1k6/7P/8/8 b - -,
8/5k2/1p1P2pp/2N5/8/1P3P1P/8/6K1 b - -,
rq2nrk1/1pNn1pbp/p2P2p1/2p5/2P2Bb1/5N2/PP2Q1PP/R3KB1R b KQ -,e8c7 d6c7 b8c8 e1a1 f8e8 e2d2 g4f3 g2f3 d7e5 d2d6
6k1/1p4p1/p4p2/P5Pp/5P2/6K1/1P1R4/7r b - -,f6g5 f4g5 h1g1 g3h4 g7g6 d2d8 g8f7 d8d7 f7e6 d7b7
4r1k1/5pp1/8/p7/2p1P1P1/7P/Pq2PQK1/3R4 b - -,b2a2 d1d7 e8f8 d7a7 c4c3 a7c7 a2d2 g2f3 a5a4 f2c5
3k4/5Q2/8/2N5/1K3p2/8/8/5q2 b - -,
r1b1k3/p4r1R/2p5/1p2p3/4NQ2/6p1/PPB5/2K5 b - -,f7h7 f4g3 h7h1 c2d1 e8d8 g3d3 d8e8 d3d6 c8b7 d6e5
rn1qkbnr/pbp1pppp/1p6/8/3p4/4PNP1/PPPP1PBP/RNBQ1RK1 b kq -,d4e3 d2e3 d8d1 f1d1 e7e6 a2a4 g8f6 b2b3 f8e7 c1b2
r4rk1/1bp2pp1/pp6/4pPP1/2B1Nn2/8/PPPB4/2KR3R b - -,a8c8 h1e1 b6b5 c4b3 c7c5 e4c5 b7f3 e1e5 f4e2 c1b1
r5k1/p2p1ppp/1pn5/2pR4/2P5/2P1q1P1/P1Q1P1KP/R7 b - -,c6e5 a1f1 e5c4 c2d3 e3d3 d5d3 a8d8 g3g4 h7h6 f1f4
8/pp4kp/6p1/8/7P/5PP1/P2K4/8 b - -,
r3n3/p4rkR/2p2q2/1p2pB2/8/2N5/PP1Q2p1/2K4R b - -,g7g8 d2g2 g8f8 h1f1 f8e7 h7f7 f6f7 g2c6 a8d8 c6b5
rn1qk2r/ppp1ppbp/3p2p1/7n/3PP1b1/2NB1N1P/PPP2PP1/R1BQ1RK1 b kq -,g4f3 d1f3 g7d4 c3e2 d4e5 g2g4 h5g7 f3g2 g7e6 f2f4
5k2/5p2/pr5p/7R/8/KN6/P1P4P/8 b - -,b6g6 b3d4 g6g2 h5h6 a6a5 a3b3 a5a4 b3a3 f7f5 h6h4
3r1r1k/1p4pp/1b4b1/1P4N1/1p1qN3/1Q6/5PPP/R3R1K1 b - -,g6e4 g5e4 d8e8 b3b1 b4b3 g1h1 d4b4 e1e2 b6d4 b1e1
1rr3k1/1p1n1pbp/4pnp1/pPPp4/P1P5/1N2B2P/4BPP1/1RR3K1 b - -,g7f8 c5c6 b7c6 c4c5 e6e5 b5b6 d5d4 e3d2 f6e4 d2a5
r1nQ2k1/6p1/2b1p2p/2p2q2/2P2P2/2B5/6PP/3R1BK1 b - -,g8f7 d8h8 c8e7 h8g7 f7e8 c3f6 e7g6 d1d6 f5e4 d6c6
6k1/pp2R1p1/q1p3Bb/3r4/P7/5P2/6PP/3Q3K b - -,g8f7 d8h8 c8e7 h8g7 f7e8 c3f6 e7g6 d1d6 f5e4 d6c6
r2qk1nr/3pbppp/p1b1p3/8/1p2PP2/3B4/PPP1Q1PP/R1BN1RK1 b kq -,g8f6 c2c4 b4c3 d1c3 e7c5 c1e3 c5e3 e2e3 e8h8 a1c1
r2q1rk1/1p3pp1/1b1pb2p/p1pN4/P1B1P3/1P1Q4/2P2PPP/3R1RK1 b - -,a8b8 f2f4 b6c7 g2g3 b8c8 d1d2 g8h8 f1d1 c7b8 g1g2
2r2k1r/3q1ppp/p1pP4/2Bn1p2/Q7/8/PP3PPP/3RR1K1 b - -,g7g5 e1e7 d7e7 d6e7 f8g7 g2g4 d5f4 d1d7 h8e8 g4f5
6k1/1p4p1/p4p1p/P2p3r/1P1R1P2/6P1/6K1/8 b - -,g8f7 g3g4 h5h4 g2g3 g7g5 f4g5 h6g5 d4d5 f7e6 d5c5
8/8/5kpp/R4p2/4p3/4K3/5P1P/8 b - -,g6g5 a5b5 h6h5 h2h4 g5h4 e3f4 e4e3 b5f5 f6g7 f5g5
r2qkb1r/pbp1pppp/1pnp1n2/8/3PP3/2PB1P2/PP2N1PP/RNBQK2R b KQkq -,e7e6 e1h1 g7g6 c1g5 f8g7 c3c4 e8h8 b1c3 b7a6 d1d2
7k/ppp2R1p/3b2p1/8/P3rP2/1B5P/2P2KP1/8 b - -,e4f4 f7f4 d6f4 f2f3 f4d6 b3d5 b7b6 g2g4 h8g7 h3h4
r1b1kbnr/5ppp/p1p1p3/1p6/P3P3/3BB3/1qPN1PPP/R2QK2R b KQkq -,b2e5 a4b5 c6b5 e1h1 g8f6 c2c4 f8c5 d2f3 e5c7 e3c5
8/6K1/1p6/2k5/8/7P/8/8 b - -,
3rnrk1/5pp1/p5p1/2b1B1P1/1p2PR2/3B3R/PPP3KP/8 b - -,d8d3 h3d3 c5e7 h2h4 f7f6 e5b8 f6g5 f4f8 g8f8 h4g5
rq3rk1/1pPn1pbp/p5p1/2p5/2P2Bb1/5N2/PP2Q1PP/R3KB1R b KQ -,b8c8 e1a1 f8e8 e2d2 g4f3 g2f3 d7e5 d2d6 c8f5 f4d2
k2R4/ppq2pb1/1n1r3p/B1p2Q1P/2p5/P4NP1/KP1R1P2/8 b - -,c7d8 f5f7 d6d2 f3d2 c4c3 f7g7 c3d2 a5d2 d8d5 a2b1
r2q1rk1/1p3pp1/1b1p3p/p1pQ4/P1B1P3/1P6/2P2PPP/3R1RK1 b - -,b6c7 d5b7 a8b8 b7c6 f8e8 g2g3 d8c8 f2f4 e8e7 g1g2
1rb3k1/pp4pp/1n3q2/2ppn3/5B2/1QPP2P1/PP2N1BP/R5K1 b - -,c8g4 d3d4 e5d3 d4c5 d3c5 b3b5 b8c8 e2d4 a7a6 b5a5
b2q1rk1/4bppp/2p5/1p1n4/8/1B1P4/1PP2PPP/1NBQR1K1 b - -,a8b7 c1d2 c6c5 b1c3 d5c3 d2c3 e7f6 c3f6 d8f6 d1h5
r3nk1R/p4r2/2p2q2/1p2pB2/8/2N5/PP1Q2p1/2K4R b - -,a8b7 c1d2 c6c5 b1c3 d5c3 d2c3 e7f6 c3f6 d8f6 d1h5
r2qkbnr/ppp2ppp/2n1p3/3p1b2/8/5NP1/PPPPPPBP/RNBQR1K1 b kq -,g8f6 d2d3 f8e7 a2a3 a7a5 c1f4 h7h6 b1c3 g7g5 f4d2
8/1p4pk/p4p2/P5Pp/5P2/6K1/1P1R4/7r b - -,f6g5 f4g5 h7g6 d2d4 g6g5 g3g2 h1a1 d4d5 g5h6 b2b4
r2q1rk1/ppp2ppp/2nbb1n1/3P4/2P2p2/1BN2N2/PP1B2PP/R2Q1RK1 b - -,e6f5 d5c6 b7c6 g1h1 a8b8 d1c1 c6c5 b3c2 f5g4 c2g6
6k1/1p4p1/p6p/P2prp1P/3R1PP1/8/1P4K1/8 b - -,e5e4 d4d5 e4f4 g4f5 f4b4 g2g3 g8f7 d5d7 f7f6 d7d6
r4k1r/p2q1p2/3p2p1/1NpP1b2/2Pb1P2/5QPp/PP1B3P/R3R2K b - -,d4b2 a1b1 f5b1 e1b1 b2f6 f4f5 g6f5 d2f4 f6e7 b1g1
8/N7/pk6/8/1pR5/1P6/r7/6K1 b - -,
8/2k5/3R4/8/1R6/4K3/8/8 b - -,b6a7 c4b4 a6a5 b4f4 a7b6 g1f1 a2h2 f1e1 b6c6 f4f5
r3kbnr/1b3ppp/p1p1p3/1p6/P3P3/3BB3/1qPN1PPP/R2Q1RK1 b kq -,b2e5 a4b5 a6b5 a1a8 b7a8 d1a1 e5b8 e3f4 b8c8 c2c4
r2qk2r/3pbppp/p1b1pn2/4P3/1p3P2/3B4/PPP1Q1PP/R1BN1RK1 b kq -,
5r1k/2p2pp1/rp2b2p/8/2p4P/1PB5/P1P2PP1/RR4K1 b - -,e6f5 b1b2 c7c5 a1d1 h8h7 a2a4 f5e6 f2f3 c4b3 c2b3
8/1p1Nb1p1/p7/1kP5/P7/1K6/6P1/8 b - -,b5c6 d7b6 e7d8 b6c4 c6c5 c4e3 d8g5 e3c2 c5d5 c2a3
4r1k1/5pp1/8/R7/6P1/5P1P/6K1/8 b - -,
2kr1bnr/pQp1ppp1/7p/8/2q5/6P1/PP2bPBP/R1B2RK1 b - -,c8d7 c1f4 d7e6 f1c1 c4d4 f4c7 e6f6 c7d8 d4d8 c1c8
4r1k1/pb3ppp/3q1n2/2R5/P7/3rPN2/4QPPP/4R1K1 b - -,d3e3 f2e3 d6c5 f3d4 h7h6 h2h3 b7e4 e2b2 c5g5 b2d2
2kr1b1r/pp3ppp/2n1b3/2pp2N1/8/2NP4/PPP2PPP/R1B2RK1 b - -,c6d4 g5e6 f7e6 c1g5 d8e8 a1c1 c8d7 a2a4 f8d6 g5e3
k2r1r2/1pR4R/8/2p5/1p4B1/1Pn2P2/PKP5/8 b - -,c8d7 c3e2 f8d6 c1f4 d6e7 h2h3 b7b5 f1d1 d8a8 d3d4
r2q1rk1/1p3pp1/1N1pb2p/p1p5/P1B1P3/1P1Q4/2P2PPP/R4RK1 b - -,g8h8 b6a8 d8a8 c4e6 f7e6 d3d6 a8c8 c2c4 f8d8 d6b6
3q1rk1/3n1pbp/p2N2p1/1p1Q2P1/3P3P/P7/1n3P1B/2R2BK1 b - -,d7b6 d5b7 b2c4 d6c4 b6c4 f1c4 b5c4 c1c4 g7d4 h2g3
8/1p1R2p1/p5k1/P5Pp/8/6K1/1P6/7r b - -,h1g1 g3h3 g1g5 d7b7 g5a5 b7a7 g6h6 b2b3 a5a3 a7b7
8/4kp2/p6p/3R4/1KP5/1N1r4/P6P/8 b - -,d3h3 d5d2 h3h4 b4c5 h4g4 b3d4 g4g6 h2h4 h6h5 d4c6
r1b2rk1/pp1q1ppp/4pb2/3B4/2Np4/PQ1P2P1/1P1BPP1P/2R2RK1 b - -,a8b8 d5g2 b7b5 c4a5 e6e5 b3d5 d7g4 d5e4 g4h5 h2h4
1rr2bk1/1p1n1p1p/2P1pnp1/pP1p4/P1P5/1N2B2P/4BPP1/1RR3K1 b - -,b7c6 c4c5 e6e5 b5b6 d5d4 e3d2 f6e4 d2a5 e4c5 b3c5
6k1/5pp1/8/R7/6P1/5PKP/4r3/8 b - -,g7g6 h3h4 e2e3 g3f4 e3c3 h4h5 g6h5 a5h5 g8g7 h5a5
r1b1k2r/ppp2ppp/1bq5/8/1PPpN3/8/P4PPP/R1BQR1K1 b kq -,e8h8 c4c5 b6c5 e4c5 b7b6 c5e4 c6d5 c1f4 c8b7 f2f3
8/k7/p7/8/1R6/1P6/r7/6K1 b - -,
6k1/5pp1/3p3p/3RpP2/4n3/7P/5r2/4N1K1 b - -,f2f5 d5a5 g8h7 e1g2 f5f3 a5a7 h6h5 g2e1 f3h3 a7f7
1rb2bk1/pp2qrn1/3pNn1p/3PpPp1/1P4P1/5N1P/P1QB1PB1/2R2RK1 b - -,b7b5 f3h2 g7e8 f1e1 e7d7 c2d3 c8b7 h2f1 f8e7 f1g3
5r1k/2p2pp1/rp5p/5b2/2p4P/1PB5/PRP2PP1/R5K1 b - -,f8c8 b3c4 c7c5 a2a4 c8a8 c3e5 a8a7 e5b8 a7b7 b8g3
3r4/6kp/1p2pp2/pR4p1/P1rP4/4P1P1/1P5P/3R2K1 b - -,d8d6 b2b4 c4c3 d1e1 a5b4 b5b4 h7h5 e1e2 c3d3 g1f2
2r3k1/pp2qpp1/7p/b3Pb2/B2P1p2/7P/PQ1N1PP1/3K3R b - -,a5c3 b2b3 c3d4 g2g4 f4g3 b3g3 d4b2 g3f4 f5d3 d2f3
6R1/P7/1K6/4r3/1P3k2/6p1/8/8 b - -,e5e6 b6b5 f4f5 a7a8q e6e5 b5c4 e5e4 a8e4 f5e4 g8g3
8/4kp2/p6p/8/1KP5/1N5r/P2R3P/8 b - -,h3h4 b4c5 h4g4 b3d4 g4g6 h2h4 h6h5 d4c6 e7f8 d2d5
rnb1kb1r/1pN2p2/p2p1B2/4pp1p/qP2P3/7P/P1P2PP1/R2QKB1R b KQkq -,e8d7 c7d5 d7e8 f6h8 a4c6 f1d3 c8e6 e1h1 b8d7 f1e1
5r1k/5p1P/1q1p4/3R1Pp1/1p2r3/pPp2B1R/PnP1Nb1Q/1K6 b - -,e4h4 f5f6 b6e3 h2g2 h4h3 g2h3 f2h4 h3g4 e3e6 d5f5
r3r1k1/ppp1qppp/2n5/3n4/1b4b1/P3PN2/1B1PBPPP/RN1Q1RK1 b - -,b4c5 d1b3 a8d8 b1c3 d5b6 h2h3 g4h5 d2d4 c5d6 c3b5
r2q2k1/pb4p1/3br2p/nNp1pp2/B4P2/3P4/PPP2QPP/R1B2RK1 b - -,e6g6 c1d2 g6g2 f2g2 b7g2 g1g2 a5c6 a4b3 g8h7 b3e6
rnb1k1nr/ppp1ppbp/3q2p1/8/8/2N2NP1/PP1PPPBP/R1BQK2R b KQkq -,e7e5 b2b4 g8f6 e1h1 e8h8 a2a4 f8e8 c1a3 d6d8 d2d3
3q1rk1/5p1p/6p1/6P1/2Qb3P/P7/5P1B/2R3K1 b - -,
r3k2r/2q1Npp1/pn1p1n2/1p1Pp2p/8/4BP2/PPPQ2PP/2KR1B1R b kq -,f6d7 e7c6 h5h4 c1b1 h8h5 e3b6 d7b6 f1d3 h5h6 g2g4
4r2k/2p2pp1/rp5p/5b2/2p4P/1PB5/PRP2PP1/4R1K1 b - -,f5e6 f2f3 c7c5 e1e3 h8h7 a2a4 c4b3 c2b3 e8c8 g1h2
r3nk1R/p4r2/2p5/1p2pB2/8/2N5/PP1Q2p1/2K5 b - -,f5e6 f2f3 c7c5 e1e3 h8h7 a2a4 c4b3 c2b3 e8c8 g1h2
6k1/5p2/8/6R1/6P1/5PKP/4r3/8 b - -,g8h7 g5a5 e2c2 h3h4 c2c6 h4h5 h7h6 g3f4 c6c4 f4f5
r3R2r/7p/p4pkB/2p2p2/1p2R3/1PPP4/1P3PPP/6K1 b - -,h8e8 e4e3 g6h6 e3h3 h6g7 g2g3 b4c3 b2c3 a6a5 h3h4
8/6Q1/4k2N/7p/5P2/8/5PKP/2r5 b - -,e6d5 g7d7 d5e4 f4f5 c1c2 d7e6 e4d3 e6e3 d3c4 f5f6
8/7P/R4pk1/7r/6K1/8/8/8 b - -,
r4k1r/p2q1p2/3p2p1/1NpP1b2/2P2P2/5QPp/P6P/B3R2K b - -,a8e8 f3f2 f7f6 e1e8 f8e8 a1f6 h8f8 f2b2 e8f7 h1g1
r2q1rk1/1n3ppp/p5b1/npppP3/5Q2/1BP2N2/PP1N1PPP/2RR2K1 b - -,f7f6 b3c2 f6e5 f4e5 f8e8 e5g3 g6c2 c1c2 b7d6 g3f4
1rb2bk1/pp2qrn1/3pN2p/3nNPp1/1P4P1/7P/P1QB1PB1/2R2RK1 b - -,d6e5 g2d5 g7e6 f5e6 f7f6 c2c7 e7c7 e6e7 c8e6 d5e6
1rr2bk1/3n1p1p/2p1pnp1/NP1p4/P1P5/4B2P/4BPP1/1RR3K1 b - -,c6b5 a4b5 f8a3 c1d1 a3c5 a5c6 b8b7 e2f3 g8g7 c4d5
3r1rk1/5pp1/p2B2p1/2b3P1/1p2PR2/3B3R/PPP3KP/8 b - -,c5f2 g2f2 f7f6 d6f8 b4b3 a2b3 d8f8 d3c4 f8f7 c4f7
8/8/6p1/3p3b/4k2P/8/pB3KP1/8 b - -,h5g4 f2f1 e4d3 f1f2 d3d2 b2d4 g4h5 d4a1 d2d3 a1b2
8/1R4p1/p5k1/P5rp/8/7K/1P6/8 b - -,g5a5 b7e7 g6h6 h3h4 a5a4 h4h3 g7g6 b2b3 a4b4 e7e3
r1q2rk1/1pPn1pbp/p5p1/2p5/2P2Bb1/5N2/PP2Q1PP/2KR1B1R b - -,g4f3 g2f3 f8e8 e2d2 d7e5 d2d6 c8f5 f4d2 e5f3 d6d5
3r2k1/B1p1qp2/2P3p1/4p1b1/4P3/5Pp1/3pQ1P1/1R3R1K b - -,a6a5 e2f2 d7e5 d1d5 g4f3 d5e5 g7e5 f4e5 c8f5 e5d6
r1bq2n1/pp1Q4/2pk1pp1/2b1p3/2BnP3/2N5/PPPP1PPP/R1B2RK1 b - -,d6d7 c3e2 d4e2 c4e2 d7c7 c2c3 g6g5 f1d1 d8e7 b2b4
8/k7/8/p7/5R2/1P6/r7/6K1 b - -,
r2q1rk1/pp2ppbp/2n1bnp1/3pN3/3P1PP1/PPN1P3/1B2B2P/2RQ1RK1 b - -,d8d6 e2f3 a8c8 b3b4 a7a6 d1d3 c6a7 d3e2 c8c7 c3a4
3r1bnr/pQpkppp1/7p/8/2q2B2/6P1/PP2bPBP/R4RK1 b - -,d7e6 f1c1 c4d3 f4c7 e6f6 c7d8 d3d8 c1c8 d8d3 c8f8
r3r1k1/ppp1qppp/2nb4/3n4/6b1/P3PN1P/1B1PBPP1/RN1Q1RK1 b - -,g4h5 d1b3 d5f6 d2d4 f6e4 e2d1 h5g6 b3b7 a8b8 b7c6
r1bR4/1p3kpp/1P3p2/8/1P3B2/8/4rPPP/2R3K1 b - -,a8a2 d8c8 e2f2 c8c7 f7e6 f4g3 f2g2 g1h1 g2b2 c1e1
r6r/2q1kpp1/pn1p1n2/1p1Pp1Bp/8/5P2/PPPQ2PP/2KR1B1R b - -,a8d8 f1d3 e7f8 c1b1 d8b8 h1e1 b6c4 d2f2 c7b6 f2b6
7k/1pp2R1p/3b2p1/p7/P3rP2/1B3K1P/2P3P1/8 b - -,e4d4 g2g4 d4b4 f4f5 b7b5 a4b5 g6f5 g4f5 a5a4 b3a2
r1b2rk1/1pq3pp/p2p1b2/3P1p2/N1B5/4B3/PP4PP/R2Q1R1K b - -,f5f4 f1f4 g7g5 f4f6 f8f6 a4b6 a8b8 d1d4 c7g7 b6c8
r3kb1r/pp3pp1/2n1b2p/2pp4/3P4/2N2N2/PPP2PPP/R1B2RK1 b kq -,e8a8 d4c5 f8c5 c1d2 g7g5 f1e1 b7b6 h2h3 h8g8 c3e2
1k2q3/1Pp2r1p/Q7/8/P4p2/2R1P3/4pKPP/8 b - -,f4e3 f2e2 f7f2 e2e1 f2f1 a6f1 e8d8 c3e3 d8h4 f1f2
6k1/1p4p1/p6p/P2R1p1P/4rPP1/8/1P4K1/8 b - -,e4f4 g4f5 f4b4 g2g3 g8f7 d5d7 f7f6 d7d6 f6f5 d6g6
1rb2bk1/pp2qr2/4P2p/3Bp1p1/1P4P1/7P/P1QB1P2/2R2RK1 b - -,f7f6 c2c7 e7c7 e6e7 c8e6 d5e6 f6e6 e7f8r b8f8 c1c7
5k2/5p2/8/4R3/6P1/5PKP/4r3/8 b - -,e2e5 h3h4 e5b5 g3g2 f8g7 g2f2 b5b4 f2g2 b4b3 g2g3
2Rq1rk1/3n1pbp/p2N2p1/1p1p2P1/3P3P/P4Q2/1n3P1B/5BK1 b - -,d8e7 c8c2 g7d4 f3d5 d4g7 c2e2 d7b6 d5a2 e7d7 e2b2
8/6Q1/7N/3k1P1p/8/8/5PKP/2r5 b - -,c1c6 f5f6 d5c4 f6f7 c6c8 g7f6 c8f8 f6e7 f8h8 h6f5
8/4kp2/p6p/2K5/2PN2r1/8/P2R3P/8 b - -,g4g6 h2h4 h6h5 d4c6 e7f6 d2d6 f6g7 c6d4 g6g1 a2a4
r1b2r2/ppp2p1Q/1b1p1k2/3Np1N1/2P1P3/P6P/1PP2qP1/R3R2K b - -,f6g5 h7g7 g5h5 e1f1 f7f5 g7h7 h5g5 f1f2 b6f2 h7g7
R7/7r/5pk1/8/6K1/8/8/8 b - -,
8/k7/8/p7/5R2/1P6/5K2/r7 b - -,
3r1bnr/pQp1ppp1/4k2p/8/2q2B2/6P1/PP2bPBP/R1R3K1 b - -,c4d4 f4c7 e6f6 c7d8 d4d8 c1c8 d8d3 c8f8 g7g5 g2e4
5rk1/3nqpbp/p2N2p1/1p1p2P1/3P3P/P4Q2/1nR2P1B/5BK1 b - -,g7d4 f3d5 d4g7 c2e2 d7b6 d5a2 e7d7 e2b2 g7b2 a2b2
6k1/1p4p1/p6p/P2R1P1P/5r2/8/1P4K1/8 b - -,f4b4 g2g3 g8f7 d5d7 f7f6 d7d6 f6f5 d6g6 b4b3 g3h4
8/8/R5pp/5pk1/4p3/4K3/5P1P/8 b - -,f4b4 g2g3 g8f7 d5d7 f7f6 d7d6 f6f5 d6g6 b4b3 g3h4
r1b1k1nr/ppqpppbp/2N3p1/1B6/4P3/2N5/PPP2PPP/R1BQK2R b KQkq -,b7c6 b5d3 g8f6 e1h1 e8h8 h2h3 a8b8 a1b1 f8d8 f1e1
5QQ1/8/8/5Q2/8/8/1k2K3/q6q b - -,b7c6 b5d3 g8f6 e1h1 e8h8 h2h3 a8b8 a1b1 f8d8 f1e1
8/4kp2/p5rp/2K5/2PN3P/8/P2R4/8 b - -,f7f5 d4f5 e7f7 a2a4 g6g1 d2d6 g1f1 f5d4 f1h1 d6h6
r3r1k1/ppp1qppp/2nb4/3n3b/8/PQ2PN1P/1B1PBPP1/RN3RK1 b - -,d5b6 f1e1 a8d8 d2d3 h5f3 e2f3 d6e5 f3c6 b7c6 b2e5
r2qk2r/p1p2ppp/2p1b3/8/8/2P2P2/P1P1Q1PP/R3KB1R b KQkq -,e8h8 e1f2 e6f5 e2e3 a8b8 f1e2 d8h4 g2g3 h4a4 h1d1
8/2n5/5k1p/6p1/8/4NK2/6PP/8 b - -,
8/8/6p1/7b/3pk2P/8/pB4P1/4K3 b - -,e4d3 g2g3 d3e3 b2c1 e3e4 c1b2 h5g4 e1d2 d4d3 b2a1
3r1bnr/pQB1ppp1/4k2p/8/3q4/6P1/PP2bPBP/R1R3K1 b - -,e6f6 c7d8 d4d8 c1c8 d8d3 c8f8 g7g5 g2e4 d3b5 b7b5
4r1k1/pb4p1/6rp/nNpq1p2/B4Q2/3P2P1/PPP2K1P/R5R1 b - -,e6f6 c7d8 d4d8 c1c8 d8d3 c8f8 g7g5 g2e4 d3b5 b7b5
r3k2r/1pqbnpp1/2n1p2p/p2pP3/P1pP4/B1P2N2/2PQBPPP/R4RK1 b kq -,c6a7 f3h4 d7a4 a3e7 c7e7 a1a4 e7h4 a4a5 b7b6 a5a2
8/8/1p1k3p/6p1/1PK5/5P1P/8/8 b - -,d6c7 c4d5 c7d7 b4b5 d7c7 d5e6 c7c8 e6d6 c8b7 d6d7
1r4k1/1q2nppp/1r1p4/Rp2p3/4P2P/2PQ2P1/1P2BP2/R5K1 b - -,b7c6 h4h5 h7h6 b2b4 g8f8 e2d1 d6d5 e4d5 c6d5 d3e3
8/2n3p1/4k2p/2N5/2K5/8/6PP/8 b - -,
R7/7r/6k1/5p2/8/5K2/8/8 b - -,
r1b3k1/2p3bp/PpPp3r/3Pp2q/4P1n1/B1NB1pPp/2QN1P2/R4R1K b - -,h5f7 c3b5 g7f8 a3c1 h6f6 d2c4 a8a6 a1a6 c8a6 c4e3
8/k7/8/p7/5R2/1P6/4K3/7r b - -,
1rr2bk1/3n1p1p/2p1pnp1/pPPp4/P7/1N2B2P/4BPP1/1RR3K1 b - -,e6e5 b5b6 d5d4 e3d2 f6e4 d2a5 e4c5 b3c5 d7c5 c1c4
8/8/4nk1p/6p1/4K3/4N3/6PP/8 b - -,
4q2k/6p1/7p/5b2/1Q6/1Q5P/1p3PP1/2rR3K b - -,e8c8 b3b2 c1d1 h1h2 d1b1 b2b1 f5b1 b4b1 c8c7 h2g1
rnbqkb1r/p2p1ppp/4pn2/3P4/1pP5/4BN2/1P2PPPP/RN1QKB1R b KQkq -,a7a5 d5e6 f7e6 g2g3 c8b7 f1g2 b8a6 b1d2 a6c5 e1h1
5k2/1p4p1/p4p1p/P2p3P/3R1PP1/5K2/1P2r3/8 b - -,
8/pp4kp/6p1/8/6PP/8/P2K1P2/8 b - -,g7f6 d2e3 f6e5 a2a4 b7b6 h4h5 g6g5 h5h6 a7a6 f2f3
3B1bnr/pQ2ppp1/5k1p/8/3q4/6P1/PP2bPBP/R1R3K1 b - -,d4d8 c1c8 d8d3 c8f8 g7g5 g2e4 d3a6 b7a6 e2a6 f8a8
1Bb3k1/pp4pp/1n3q2/2pp4/8/1QPn2P1/PP2N1BP/R5K1 b - -,f6e7 a1f1 e7e3 g1h1 c8e6 e2f4 d3f2 f1f2 e3f2 b3d1
5QQ1/8/8/5Q2/8/5K2/1k6/q3q3 b - -,
1rr2bk1/3n1p1p/1Pp2np1/p1Ppp3/P7/1N2B2P/4BPP1/1RR3K1 b - -,d5d4 e3d2 f6e4 d2a5 e4c5 b3c5 d7c5 c1c4 f7f5 a5d2
r3kb1r/pp3ppp/8/1P6/2PNq1b1/3Q4/1B2PPPP/R3KBNR b - -,e4d3 f2f3 f8b4 e1f2 d3d2 f3g4 d2b2 a1d1 a8d8 g1f3
3qRrk1/3n1pbp/p2N2p1/1p1p2P1/2nP3P/P4Q2/5P1B/5BK1 b - -,d8e8 d6e8 f8e8 f3d5 d7b6 d5b7 g7d4 b7a6 e8e6 h2c7
8/4kp2/2N3rp/p1K5/2P4P/8/P2R4/8 b - -,e7f6 c5b5 g6g4 c4c5 g4h4 c6a5 h4e4 c5c6 e4e7 b5b6
5rk1/5pQ1/6p1/p2P3P/1p4P1/q1r5/3K4/1R3R2 b - -,e7f6 c5b5 g6g4 c4c5 g4h4 c6a5 h4e4 c5c6 e4e7 b5b6
R7/8/6k1/5p2/5K2/7r/8/8 b - -,
5k2/1p4p1/p4p1p/P2R3P/5PP1/5K2/1r6/8 b - -,f8e7 f3e4 e7e6 d5d8 b2b4 e4f3 f6f5 g4g5 h6g5 f4g5
8/6Q1/7N/7p/2k5/8/5PKP/8 b - -,f8g8 f3e4 g8h7 d5d7 b2a2 d7b7 a2a4 e4e3 a4a5 e3e4
R6R/p5k1/2p1b3/1p2p3/8/2N2K2/PPr3p1/8 b - -,f8g8 f3e4 g8h7 d5d7 b2a2 d7b7 a2a4 e4e3 a4a5 e3e4
r4rk1/1p3pp1/2qp3p/p1p5/P1Q1P3/1P6/2P2PPP/1R1R2K1 b - -,f8e8 f2f3 a8b8 c4d5 e8e6 h2h3 g8f8 d1d2 c6d5 d2d5
2rq1rk1/pp1nbppp/2bp4/4pP2/2B1P3/P1NQB3/1PP3PP/R4R1K b - -,d8c7 c4b3 d7f6 e3g5 f6e8 g5d2 e8f6 a1e1 a7a6 e1e3
8/8/3K4/8/3B4/5B2/8/3k4 b - -,d8c7 c4b3 d7f6 e3g5 f6e8 g5d2 e8f6 a1e1 a7a6 e1e3
4k3/3n1pp1/2rB1n2/p3PqN1/r7/2P4P/1K1Q4/3RR3 b - -,c6b6 d6b4 a5b4 e5f6 e8f8 f6g7 f8g7 c3c4 b6a6 d2d4
1rr3k1/5ppp/3Qn3/8/4P3/B3qPP1/PP4KP/3R1R2 b - -,b8b2 a3b2 c8c2 d6d2 c2d2 d1d2 e3d2 f1f2 d2e1 a2a4
rnbq1rk1/5pbp/6p1/pNBnp3/P7/1pP2P2/1P1Q2PP/R1N1KB1R b KQ -,c8e6 c3c4 d5b4 c5b4 a5b4 d2d8 f8d8 b5c7 a8a7 c7e6
8/6n1/5k1p/6p1/4K1N1/8/6PP/8 b - -,
8/2n3p1/7p/8/2K3k1/8/6PP/4N3 b - -,
1r3bk1/pp6/5R1p/3q2p1/1P4P1/7P/P1QB1P2/2R3K1 b - -,f8g7 d2c3 b8e8 f6g6 e8e7 c3g7 e7g7 g6h6 d5d8 c1e1
2Rq1bnr/pQ2ppp1/5k1p/8/8/6P1/PP2bPBP/R5K1 b - -,d8d3 c8f8 g7g5 g2e4 d3b5 b7b5 e2b5 a2a4 b5c4 f8a8
8/8/8/4K3/3B4/5B2/8/2k5 b - -,d8d3 c8f8 g7g5 g2e4 d3b5 b7b5 e2b5 a2a4 b5c4 f8a8
rn1qk2r/pbp1bppp/1p3n2/3p4/8/1P2PNP1/PB1P1PBP/RN1QK2R b KQkq -,c7c6 b1c3 e8h8 d2d3 f8e8 e1h1 e7f8 c3e2 b8d7 a1c1
8/k7/8/p7/5R2/1P1K4/7r/8 b - -,
5k2/5p2/2N3rp/pK6/2P4P/8/P2R4/8 b - -,f7f5 c4c5 f5f4 c6d4 g6g8 c5c6 f8f7 b5a5 g8c8 a5b6
8/6n1/6kp/4N1p1/4K3/8/6PP/8 b - -,
1r4k1/6pp/8/4ppK1/3n3P/6P1/R2Q1P2/Rr3B1q b - -,g6f6 e5g4 f6g6 g4e3 g7e6 e4d5 e6f4 d5d4 f4e6 d4e4
3qr1k1/p1r3b1/1p2pNQ1/nP1b4/3P4/P6R/5PPP/R5K1 b - -,d8f6 g6e8 f6f8 e8g6 f8f7 g6h7 g8f8 h7h4 f7f6 h4g3
2rr2k1/p4pp1/3b3p/2q1p3/4Q3/2N5/P1PP1PPP/R1B2RK1 b - -,d6c7 a1b1 c5d6 c3b5 d6e6 b5c7 c8c7 c1b2 d8d2 e4e5
rnbq1rk1/pp2b1pp/2p1p3/5p2/2pPBBP1/2N1PN2/PPQ2P1P/R3K2R b KQ -,d8a5 e1h1 b8d7 f3d2 f5e4 d2c4 a5a6 c3e4 c6c5 f4d6
7k/1pp2R1p/3b2p1/p7/Pr3P2/1B3KPP/2P5/8 b - -,b7b5 a4b5 a5a4 b3e6 b4b5 f7d7 b5h5 h3h4 a4a3 f3e4
5Rnr/pQ2ppp1/5k1p/8/8/3q2P1/PP2bPBP/R5K1 b - -,g7g5 g2e4 d3a6 b7b3 e2c4 b3c3 e7e5 a1d1 f6g7 c3e5
5Q2/6Q1/8/5Q2/7K/8/1k4q1/q7 b - -,g7g5 g2e4 d3a6 b7b3 e2c4 b3c3 e7e5 a1d1 f6g7 c3e5
rnb1k2r/p3Nppp/1q2pn2/1p6/2p5/P5P1/P2PPPBP/R1BQK2R b KQkq -,e8e7 g2a8 b8c6 a8c6 b6c6 f2f3 e6e5 c1b2 e5e4 e1h1
k2r1N2/1p1b2P1/1P5r/4R3/1P6/8/K2P4/8 b - -,d7b5 e5b5 d8d2 a2b3 d2g2 b5a5 a8b8 f8d7 b8c8 d7e5
R7/8/6k1/5p2/7r/5K2/8/8 b - -,
r1bqr1k1/1p1n1ppp/5n2/p1bpp3/3P4/5NPP/PPPN1PBK/R1BQ1R2 b - -,c5b6 f3e5 d7e5 d4e5 e8e5 d2f3 e5h5 c1g5 c8d7 d1e2
5k2/8/2N3rp/pKP2p2/7P/8/P2R4/8 b - -,f8g7 c6d4 g7f6 c5c6 g6g7 a2a4 f5f4 b5b6 g7g8 c6c7
8/8/1k3R2/p7/8/1P1K4/7r/8 b - -,
8/6n1/7p/6pk/4K3/5N2/6PP/8 b - -,
r3r1k1/1p3pp1/2qp3p/p1p5/P1Q1P3/1P3P2/2P3PP/1R1R2K1 b - -,a8b8 c4d5 e8e6 h2h3 c6e8 d5d2 b7b6 d2c3 e8d7 d1d5
1r3bk1/3n1p1p/4pnp1/NP1p4/P7/4B2P/4BPP1/2R3K1 b - -,b8a8 a5c6 a8a4 b5b6 d5d4 e3d4 a4d4 c6d4 d7b6 g2g3
3k4/5Q2/8/1KN5/5p2/8/8/4q3 b - -,
r1n2qk1/2Q3p1/2b1p2p/2p5/2P2P2/2B5/6PP/3R1BK1 b - -,c8d6 c7d6 f8d6 d1d6 a8a3 c3e5 c6e4 d6d8 g8h7 d8d7
8/8/R5p1/5pkp/4p3/4KP2/7P/8 b - -,g5h6 f3e4 h6g7 e4f5 g6f5 e3f4 g7h8 f4f5 h8g7 h2h4
6k1/1p2Bp2/p3p3/2P1b2p/5P2/4K1PP/1r1R4/8 b - -,b2d2 e3d2 e5g7 g3g4 h5g4 h3g4 g7f8 e7d8 f8c5 d2d3
K7/2k5/R7/8/5p2/6p1/8/8 b - -,g3g2 a6g6 f4f3 g6g7 c7c6 g7g6 c6d5 g6g5 d5e4 a8b7
8/6p1/4n2p/8/4N1k1/4K3/6PP/8 b - -,
8/6Q1/8/7p/8/4r3/1R6/1K1kq3 b - -,e1g3 g7h7 g3f3 h7g7 f3g4 g7f8 g4g6 b1a1 g6a6 b2a2
5rk1/5p2/6p1/p2P3P/1p1Q2P1/q1r5/3K4/1RR5 b - -,e1g3 g7h7 g3f3 h7g7 f3g4 g7f8 g4g6 b1a1 g6a6 b2a2
rnbqkbnr/pp1p1p1p/2p5/4P1p1/5p2/2N5/PPPPB1PP/R1BQK1NR b KQkq -,d7d6 d2d4 d6e5 d4e5 d8d1 e2d1 b8d7 h2h4 d7e5 h4g5
5Rnr/pQ2pp2/5k1p/6p1/4B3/3q2P1/PP2bP1P/R5K1 b - -,d3b5 b7b5 e2b5 a2a4 b5c4 f8a8 f6g7 e4b7 g8f6 a8h8
7R/R5k1/2p1b3/1p2p3/8/2N1K3/PPr3p1/8 b - -,d3b5 b7b5 e2b5 a2a4 b5c4 f8a8 f6g7 e4b7 g8f6 a8h8
rnbq1rk1/pp2b1pp/2p1p3/8/2pPNBP1/4PN2/PPQ2P1P/R3K2R b KQ -,d8d5 e1a1 b8a6 a2a3 c4c3 e4g5 g7g6 h2h4 e6e5 f3e5
8/6n1/7p/4N2k/4K1p1/8/6PP/8 b - -,
8/8/R5p1/5pkp/8/5K2/7P/8 b - -,h5g5 e5f7 g5g6 f7d6 g7e6 e4e5 e6c5 e5f4 h6h5 d6c4
r1bq1rk1/ppb2ppp/2p2n2/8/5P2/2NBP3/PP2Q1PP/R1B2RK1 b - -,f8e8 h2h3 b7b5 a2a3 c7b6 g1h1 a7a5 f1d1 d8e7 e2f3
8/pp5p/5kp1/8/6PP/4K3/P4P2/8 b - -,f6e5 e3f3 h7h5 g4g5 b7b5 f3e3 a7a5 e3d3 e5f5 d3d4
4r1k1/5pp1/5n2/p7/2R1N1P1/2p2P1P/P3PQK1/2q5 b - -,f6d5 c4c6 d5e3 g2g3 c3c2 g3h2 e8d8 a2a3 f7f6 g4g5
rnb1kb1r/pppp1p1p/4pqp1/8/8/1PN1P3/P1PP1PPP/R2QKBNR b KQkq -,d7d5 d2d4 c7c6 f2f4 f8b4 d1d2 f6e7 f1d3 f7f6 g1f3
rn1q1Bk1/5pbp/4b1p1/pN1np3/P7/1pP2P2/1P1Q2PP/R1N1KB1R b KQ -,d8f8 f1c4 g7h6 d2f2 h6e3 f2f1 b8a6 c4d5 e6d5 f1e2
8/6k1/6rp/pKP2p2/3N3P/8/P2R4/8 b - -,g7f6 c5c6 g6g7 b5b6 f5f4 c6c7 g7g8 b6a5 g8c8 a5b6
8/5R2/8/pk6/8/1P1K4/7r/8 b - -,
3rr1k1/pb4p1/1p1b4/2pPnP1p/q6P/1N3PP1/P1Q3BK/R1B4R b - -,h2h3 d3d2 h3h1 f7f8 h1h2 d2c3 b5c6 f8f6 c6c5 f6f7
r2qkb1r/pp1bp2p/5np1/8/2B5/5Q2/PP3PPP/R1B1R1K1 b - -,f8g7 c1g5 h8f8 a1d1 a8c8 c4e6 c8c6 e6h3 c6c7 g5f4
5r1k/5p1P/1q1p4/3R1Pp1/1p5R/pPp2B2/PnP1Nb1Q/1K6 b - -,
2r3k1/5ppp/3Qn3/8/4P3/4qPP1/PB4KP/3R1R2 b - -,e3a7 f1f2 a7a4 d6d3 h7h6 d3b3 a4a7 h2h4 g7g5 h4g5
r1bqk2r/ppppnppp/8/4n3/1b2P3/2NB4/PPPB1PPP/R2QK1NR b KQkq -,b4c5 d1e2 e8h8 g1f3 e5d3 e2d3 d7d6 c3a4 c5b6 a4b6
r2q1rk1/ppb2ppp/2p2n2/8/5Pb1/2NBP3/PPQ3PP/R1B2RK1 b - -,d8d7 c3e4 f6e4 d3e4 f7f5 e4d3 a8d8 d3c4 g8h8 b2b4
r5k1/1p3pp1/3pr2p/p1pR4/P3P3/1P3P2/2P3PP/1R4K1 b - -,a8a6 g1f2 g7g6 g2g4 a6b6 f2e3 g8f8 h2h4 e6e5 b1d1
2r2rk1/pp1nqppp/2bp4/4pP2/2B1P3/P1NQ4/1PP3PP/3R1R1K b - -,a7a6 c4d5 d7f6 d5c6 c8c6 c3d5 f6d5 e4d5 c6c7 f5f6
8/4p2p/pR1r1k2/P7/8/KB5b/P7/8 b - -,h7h5 b3c4 h3g2 c4a6 h5h4 a6c8 h4h3 c8h3 g2h3 b6b8
rnbqkbnr/ppp3pp/3p4/4ppB1/8/3P1NP1/PPP1PP1P/RN1QKB1R b KQkq -,d8g5 f3g5 f8e7 g5f3 e5e4 d3e4 f5e4 f3d4 e4e3 b1c3
8/8/6p1/3p4/6bP/3k2P1/p4K2/B7 b - -,d3d2 a1d4 d2d3 d4a1 d3e4 a1b2 g4h5 f2f1 e4e3 f1e1
3k2n1/R3rpp1/1p5p/6P1/8/1P2B2P/P4P2/6K1 b - -,e7a7 e3b6 a7c7 g5h6 g8h6 g1g2 h6g8 g2f3 g8f6 a2a3
r1bqk1nr/pp2bppp/2npp3/1N6/2P1P3/6P1/PP3P1P/RNBQKB1R b KQkq -,a7a6 b5c3 c8d7 f1e2 g8f6 c1e3 b7b5 b1d2 e8h8 e1h1
8/6P1/5k1R/8/6K1/5P2/8/3r4 b - -,
r2q1rk1/5ppp/p5b1/npnpP3/2p5/2P1QN2/PPBN1PPP/2RR2K1 b - -,d8c7 c2g6 f7g6 b2b4 c4b3 a2b3 a5b3 d2b3 c5b3 c1b1
r1bqr1k1/1p1n1ppp/1b6/p2p4/3Nn3/2P2NPP/PP3PBK/R1BQ1R2 b - -,a5a4 d1c2 d7f6 f1e1 a4a3 c1e3 c8d7 a1b1 a8c8 c2b3
8/pp5p/6p1/4k3/5PPP/4K3/P7/8 b - -,e5e6 e3f3 b7b6 f3e3 e6f6 h4h5 g6h5 g4h5 f6f5 h5h6
8/8/2P2krp/pK3p2/3N3P/8/P2R4/8 b - -,g6g8 c6c7 g8c8 b5c6 f6e5 a2a4 h6h5 c6b7 c8h8 d4c6
8/6n1/7p/4N1k1/6p1/4K3/6PP/8 b - -,
8/1p1P1kP1/1P6/3K4/1P1N4/8/8/3r4 b - -,g7f5 e3e4 f5d6 e4d4 g5f5 e5d3 d6e8 d4e3 e8g7 d3f4
r4qk1/4n1p1/2bQp2p/2p5/2P2P2/2B5/6PP/3R1BK1 b - -,a8c8 d1e1 f8f7 e1e6 e7f5 d6e5 c6d7 e6a6 d7c6 f1d3
2r2r1k/p4p1p/4pQ2/2p2p2/3R4/P5P1/Pq2PP1P/5RK1 b - -,h8g8 d4g4 f5g4 f6b2 c5c4 b2c3 c8c7 f2f3 g4f3 f1f3
5Rnr/p3pp2/5k1p/6p1/4Q3/6P1/PP2bP1P/R5K1 b - -,f6g7 e4e5 g7f8 e5h8 e2g4 a1c1 e7e5 h8e5 g8e7 e5d6
r4bk1/3n1p1p/1P2pnp1/N2p4/P7/4B2P/4BPP1/2R3K1 b - -,a8a5 e2b5 a5a8 b5c6 a8a5 b6b7 f8d6 g2g4 g6g5 c6d7
rnbq1rk1/p3b1pp/2p1p3/1p2N3/2pPNBP1/4P3/PPQ2P1P/R3K2R b KQ -,d8e8 h2h4 b8d7 e1a1 d7f6 e4f6 e7f6 g4g5 f6e5 f4e5
r1bqkb1r/2ppnppp/2n5/pp1Bp3/4P3/2P2N2/PP1P1PPP/RNBQK2R b KQkq -,e7d5 e4d5 e5e4 d5c6 e4f3 d1f3 d7c6 d2d4 d8d5 f3d5
r4rk1/ppb2ppp/2pq1n2/8/5Pb1/2NBP2P/PPQ3P1/R1B2RK1 b - -,a8d8 h3g4 d6d3 c2d3 d8d3 g4g5 f6g4 f1d1 d3d1 c3d1
8/5R2/8/pk6/8/1P5r/2K5/8 b - -,
6k1/3R2p1/p4p1p/r6P/3p4/6P1/1P3PK1/8 b - -,a5h5 d7d4 h5b5 b2b4 b5b6 d4c4 f6f5 f2f4 g8f7 c4c7
r1q1r1k1/1pPn1pbp/p5p1/2p5/2P2Bb1/5N2/PP1Q2PP/2KR1B1R b - -,g4f3 g2f3 d7e5 d2d6 c8f5 f4d2 e5f3 f1d3 f5h3 d2a5
8/pp5p/6p1/3k4/P4PPP/4K3/8/8 b - -,d5e6 e3e4 b7b6 f4f5 g6f5 g4f5 e6f6 e4d5 a7a6 d5c6
r2r2k1/1q3pp1/p3p2p/1p6/1P1B1nQ1/P3P2P/5PP1/R4RK1 b - -,e6e5 d4e5 f4e6 a1d1 d8d5 e5f6 a8c8 g4e4 d5d7 e4b7
3k2n1/r4pp1/1B5p/6P1/8/1P5P/P4P2/6K1 b - -,a7c7 g5h6 g8h6 g1f1 h6g8 f1e2 g8f6 a2a3 f6d5 b6c7
8/pp5p/5kp1/8/6PP/3K4/P4P2/8 b - -,f6e5 d3e3 h7h5 g4h5 g6h5 e3d3 b7b5 d3e3 a7a6 e3e2
6k1/5ppp/3Qn3/8/4P3/4qPP1/PBr4P/3R1R1K b - -,h7h5 g4h5 g6h5 d3e4 a7a6 f2f3 f6e6 a2a4 b7b6 e4d4
6r1/2P5/5k1p/pK3p2/3N3P/8/P2R4/8 b - -,g8c8 b5c6 f6e5 a2a4 e5f4 d4f5 f4e5 d2d8 c8c7 c6c7
5Q2/5Q2/8/5Q2/7K/1k6/6q1/q7 b - -,g8c8 b5c6 f6e5 a2a4 e5f4 d4f5 f4e5 d2d8 c8c7 c6c7
8/4p3/pR1r1k2/P6p/2B5/K6b/P7/8 b - -,h5h4 c4a6 h3g2 b6b2 d6a6 b2f2 f6e6 f2g2 a6a5 a3b4
4r1k1/pbN3p1/7p/n1pq1p2/B4Q2/3P2P1/PPP1r2P/R4KR1 b - -,d5f7 c7e8 f7e7 f4c7 e7c7 e8c7 b7f3 a1e1 e2h2 e1e3
8/8/7p/4Nnk1/4K1p1/8/6PP/8 b - -,
r4rk1/ppb2ppp/2pqbn2/8/5P2/2NBP2P/PPQ3P1/R1BR2K1 b - -,d6e7 c2e2 c7b6 c3a4 e6d5 a4b6 a7b6 c1d2 f8e8 a2a3
8/5Rk1/5p2/8/6pP/8/8/6K1 b - -,g7f7 g1g2 f7g6 g2f2 g6h5 f2g3 f6f5 g3f4 h5h4 f4f5
3q1rk1/5ppp/pr1p2n1/1p1Qp3/4P2P/2P3P1/PP2BP2/R2R2K1 b - -,g6e7 d5d2 d8b8 d2e3 b8c7 e2g4 b6c6 d1d3 e7c8 g4c8
r1bqkbnr/pp3ppp/2n1p3/3P4/5B2/4Q3/PPP2PPP/RN2KBNR b KQkq -,d8a5 b1c3 f8c5 e3d2 e6d5 c3d5 a5d2 f4d2 e8f8 g1e2
r4rk1/1p3pp1/3p3p/p1pP4/P7/1P6/2P2PPP/1R3RK1 b - -,f8e8 f1e1 g7g5 g2g4 g8g7 g1g2 g7f6 c2c4 e8e5 e1e5
5Q2/5Q2/5Q2/8/7K/2k5/6q1/q7 b - -,f8e8 f1e1 g7g5 g2g4 g8g7 g1g2 g7f6 c2c4 e8e5 e1e5
5bk1/3n1p1p/1P2pnp1/rB1p4/P7/4B2P/5PP1/2R3K1 b - -,a5a8 b5c6 a8a5 b6b7 f8d6 c6b5 g8f8 c1c8 f8e7 g1f1
2r5/2P5/2K2k1p/p4p2/3N3P/8/P2R4/8 b - -,f6g6 a2a4 g6h5 d4f5 h5g4 d2d4 g4f5 d4d8 c8c7 c6c7
8/4R3/2R5/4K3/8/8/2k5/8 b - -,f6g6 a2a4 g6h5 d4f5 h5g4 d2d4 g4f5 d4d8 c8c7 c6c7
8/1N2Q3/2k5/8/8/4K3/8/8 b - -,f6g6 a2a4 g6h5 d4f5 h5g4 d2d4 g4f5 d4d8 c8c7 c6c7
r1bqk2r/pp2bppp/2nppn2/1N6/2P1P3/6P1/PP3PBP/RNBQK2R b KQkq -,a7a6 b5c3 e8h8 e1h1 a8b8 b1a3 c8d7 h2h3 b8c8 d1e2
5k2/6pp/8/8/8/6P1/4PKP1/8 b - -,f8f7 f2e3 f7e6 e3d4 e6d6 g3g4 h7h6 e2e3 d6e6 e3e4
r2q1rk1/5ppp/p7/npnpP3/2p5/2P1QN2/PPRN1PPP/3R2K1 b - -,c5d3 f3e1 d3e1 e3e1 a5c6 d2f3 d8d7 c2e2 f8e8 f3d4
8/8/8/3R3p/8/4r3/4q1Q1/1K1k4 b - -,c5d3 f3e1 d3e1 e3e1 a5c6 d2f3 d8d7 c2e2 f8e8 f3d4
3k4/5Q2/8/2N5/2K2p2/8/8/4q3 b - -,
8/5k2/5p2/7P/6p1/8/8/6K1 b - -,e1c1 c4d5 c1d2 d5c6 d2g2 c6d6 g2d2
4r1k1/1q3pp1/4n3/p3Q3/2p3PP/2N2P2/P2RP1K1/8 b - -,e8c8 d2d5 c8e8 d5d6 e8c8 h4h5 c8c5 e5e4 b7a7 a2a4
6k1/6p1/p4p1p/1r6/1P1R4/6P1/5PK1/8 b - -,b5b6 g2f3 g8f7 d4d7 f7g6 d7a7 f6f5 a7d7 g6f6 d7d5
8/5R2/8/pk6/8/1PK5/7r/8 b - -,
2rqr1k1/1p1b1ppp/1b1n1n2/p2p4/P2N4/2P3PP/1P2NPBK/R2QBR2 b - -,h7h5 h2g1 b6a7 e1d2 f6e4 d2f4 d6c4 b2b3 c4e5 d4b5
8/2n5/7p/5Kp1/8/7k/2N5/8 b - -,c7d5 f5g6 g5g4 g6h6 g4g3 c2e1 h3h4 h6g6 h4g4 g6f7
r2qkb1r/1bpn1ppp/pp3n2/3p4/3P4/1PN1PNP1/PB3P1P/R2QKB1R b KQkq -,f8d6 f1g2 d8e7 e1h1 e8a8 d1c2 c8b8 a2a4 f6e4 f1c1
7k/2p2R1p/3bB1p1/1P6/pr3P2/5KPP/2P5/8 b - -,b4b5 f7d7 b5b8 f3g4 b8e8 e6c4 e8e4 c4d5 e4e7 d7e7
8/8/8/3R3p/8/3r4/4q3/1K1k2Q1 b - -,h7h6 c2c4 b4b3 f3g4 a4a3 c4c5 a3a2 c5d6 a2a1q e6b3
r4rk1/pp1nb1p1/q1p1pP2/3p1nBp/P1PP4/1P3N2/2Q2PP1/R2R1NK1 b - -,d7f6 d1e1 a6b6 a1d1 f6e4 g5e7 f5e7 f1d2 e4d2 c2d2
3k2n1/p3rpp1/1p5P/8/R7/1P2B2P/P4P2/6K1 b - -,
r1n1k2r/1pqbnpp1/4p2p/p2pP3/P1pP3N/B1P3P1/2PQBP1P/R4RK1 b kq -,c8b6 g3g4 b6a4 f2f4 c7d8 g1h1 b7b5 f4f5 e7f5 h4f5
8/8/8/5nkp/4K1p1/3N4/6PP/8 b - -,
8/8/5kPR/8/5PK1/8/8/3r4 b - -,
3k4/5Q2/8/2NK4/5p2/8/4q3/8 b - -,d1g1 g4f3 g1f1 f3e3 f6g7 h6h5 g7g6 h5b5 f1g1 f4f5
4rrk1/1pqb2pp/pN1p1b2/3Pnp2/2P5/4B3/PP1QB1PP/R4R1K b - -,g7g6 a1c1 e5f7 c1c2 c7d8 c4c5 f5f4 f1f4 f6e5 b6d7
r2r1bk1/p1Qn1p2/q1p1p2p/1pPN2p1/3P4/3bB1P1/PP2PPBP/2RR2K1 b - -,e6d5 d1d3 a8c8 d3a3 a6a3 c7d8 a3e3 d8f8 g8f8 f2e3
2r5/2P5/2K3kp/p4p2/P2N3P/8/3R4/8 b - -,g6h5 d4f5 h5g4 d2d8 c8c7 c6c7 g4f5 c7b6 f5g4 d8d1
r2q1rk1/5ppp/p7/np1pP3/2p5/2PnQ3/PPRN1PPP/3RN1K1 b - -,d8c7 d2f3 d3e1 f3e1 a5c6 d1d5 a8e8 e1f3 f7f6 e3c5
r4rk1/pp2nppp/1qn1p3/3pP3/8/2P1PN2/PP1QB1PP/R4RK1 b - -,e7g6 a2a4 b6c7 d2e1 g6e5 f3e5 c7e5 e1f2 e5c7 f2f4
8/5kpp/8/8/8/5KP1/4P1P1/8 b - -,f7e6 f3e4 e6d6 e4d4 d6c6 e2e4 c6d6 e4e5 d6c6 d4c4
r4bk1/3n1p1p/2N1pnp1/1P1p4/P7/4B2P/4BPP1/2R3K1 b - -,a8a4 b5b6 d5d4 e3d4 a4d4 c6d4 d7b6 d4f3 b6d5 g2g3
8/8/3k3p/1p3Kp1/1P6/5P1P/8/8 b - -,d6e7 f5e5 e7f7 e5d5 h6h5 d5c6 f7e6 c6b5 e6f5 b5c4
8/5R2/8/pk6/8/1P5r/1K6/8 b - -,
8/8/5kPR/8/5P2/5K2/8/6r1 b - -,
r1b1nrk1/1q2bppp/p2p1P2/3N2PQ/1p1pP3/3B1R2/PPP4P/R5K1 b - -,e7d8 f6g7 e8g7 h5h6 f7f6 g5f6 f8f7 f3g3 g8h8 f6g7
r2qk2r/1bpn1ppp/pp1b1n2/3p4/3P4/1PN1PNP1/PB3PBP/R2QK2R b KQkq -,d8e7 e1h1 e8a8 a2a4 f6e4 d1c2 c8b8 a4a5 e4c3 c2c3
r1b3k1/2p3bp/PpPp1r2/1N1Pp2q/4P1n1/B2B1pPp/2QN1P2/R4R1K b - -,h5f7 a3d6 c7d6 d2c4 h3h2 b5d6 f7h5 f1b1 g7f8 c4b6
r1nQ2k1/6p1/2b3qp/2p2p2/2P2P2/2B5/6PP/3R1BK1 b - -,g8f7 d8c7 c8e7 d1d6 g6g4 d6c6 a8c8 c7e7 f7e7 c6c8
6k1/6p1/pr3p1p/8/1P1R1P2/6P1/6K1/8 b - -,g8f7 d4d7 f7g6 d7a7 h6h5 g2h3 g6h6 h3h4 g7g5 f4g5
2rQ1bk1/p2n1p2/2p4p/1pPp2p1/3P4/q3B1P1/PP2PPBP/2R3K1 b - -,a3e3 d8f8 g8f8 f2e3 d7f6 h2h3 c8e8 c1c3 a7a5 c3a3
8/8/6p1/3p4/6bP/2B1K1P1/p7/1k6 b - -,a2a1q c3a1 b1a1 e3d4 g4f3 d4e3 f3e4 e3d4 a1b1 g3g4
4k3/3n1pp1/1r3n2/p3PqN1/rB6/2P4P/1K1Q4/3RR3 b - -,a5b4 e5f6 e8f8 f6g7 f8g7 c3c4 b6a6 d2d4 d7f6 g5e4
r3r1k1/1p3pp1/3p3p/p1pP4/P7/1P6/2P2PPP/1R2R1K1 b - -,
8/8/5kPR/8/4KP2/8/8/5r2 b - -,
r4rk1/2q2ppp/p7/np1pP3/2pN1P2/2PnQ3/PPRN2PP/3R2K1 b - -,h7h6 d2f3 a8e8 g2g3 a5b7 a2a3 b7c5 f3e1 d3e1 d1e1
3qr1k1/p1r3bR/1p2p1Q1/nP1b4/3PN3/P7/5PPP/R5K1 b - -,d5e4 g6e4 c7f7 h2h3 a5b7 a1c1 b7d6 e4g6 d8f6 h7g7
r5k1/p1p2ppp/2p2q2/2Q5/2b5/2P2P2/P1P1r1PP/3R1K1R b - -,d5e4 g6e4 c7f7 h2h3 a5b7 a1c1 b7d6 e4g6 d8f6 h7g7
8/8/8/1k1KN3/6p1/6N1/8/8 b - -,
rnbq1rk1/p3b1pp/2p1p3/1p4N1/2pP1BP1/4PN2/PPQ2P1P/R3K2R b KQ -,f8f5 g4f5 e6f5 h1g1 c6c5 a1d1 d8a5 e1f1 a5a2 d4c5
2r2k2/p2n1p2/2p4p/1pPp2p1/3P4/4P1P1/PP2P1BP/2R3K1 b - -,d7f6 h2h3 c8e8 g3g4 e8e3 g1f2 e3e8 c1c3 b5b4 c3e3
8/pp5p/4k1p1/8/3K1PPP/8/P7/8 b - -,h7h5 f4f5 e6f6 f5g6 h5g4 h4h5 b7b5 a2a3 g4g3 d4e3
8/3R1kp1/pr3p1p/8/1P3P2/6P1/6K1/8 b - -,
6k1/1p2Bp2/p3p3/2P1b2p/5P2/6PP/3K4/8 b - -,e5g7 g3g4 h5g4 h3g4 g7f8 c5c6 b7c6 e7h4 f8d6 d2e3
2r1r1k1/1p1bqppp/1b3n2/p1np4/P2N4/1PP2PPP/2Q1N1BK/3RBR2 b - -,b6c7 e1f2 f6h5 e2c1 e7g5 c1e2 g5f6 h2g1 c7b8 f1e1
8/4p3/BR1r1k2/P6p/8/K7/P5b1/8 b - -,h5h4 a6c8 h4h3 c8h3 g2h3 a3b4 f6e6 b4c5 e6d7 b6b7
8/7k/8/5p2/6p1/8/6K1/8 b - -,h5h4 a6c8 h4h3 c8h3 g2h3 a3b4 f6e6 b4c5 e6d7 b6b7
5bk1/3n1p1p/1PN1pnp1/3p4/r7/4B2P/4BPP1/2R3K1 b - -,d5d4 e3d4 a4d4 c6d4 d7b6 d4f3 b6d5 g2g3 f8a3 c1c8
8/8/8/5nk1/4K1pp/3N2P1/7P/8 b - -,
5Q2/3Q4/6Q1/8/7K/8/2k3q1/5q2 b - -,h4g3 h2g3 f5g3 e4e3 g3f5 e3e2 g5h4 d3f2 g4g3 e2f3
8/6pp/5k2/8/4K3/6P1/4P1P1/8 b - -,f6e6 e4d4 e6d6 e2e4 d6c6 e4e5 h7h6 d4e4 h6h5 e5e6
rn1qkbnr/pp3ppp/4p3/3pPb2/3P1P2/3B4/PP4PP/RNBQK1NR b KQkq -,g8h6 b1c3 b8c6 c1e3 f5d3 d1d3 d8h4 g2g3 h4h5 a2a3
8/8/7K/1p4p1/1Pk5/5P1P/8/8 b - -,c4b3 h6g5 b3b4 h3h4 b4c4 h4h5 b5b4 h5h6 b4b3 h6h7
5rk1/5R2/6p1/p2P3P/1p1Q2P1/q1r5/3K4/1R6 b - -,c4b3 h6g5 b3b4 h3h4 b4c4 h4h5 b5b4 h5h6 b4b3 h6h7
8/8/6p1/3p4/3K2bP/6P1/8/k7 b - -,g4f3 d4e3 f3e4 g3g4 a1b2 e3d4 b2c2 h4h5 g6g5 d4e5
r1bbnrk1/1q3pPp/p2p4/3N2PQ/1p1pP3/3B1R2/PPP4P/R5K1 b - -,e8g7 h5h6 f7f5 g5f6 f8f7 f3g3 g8h8 f6g7 f7g7 a1f1
r1bqk2r/1p2bppp/p1nppn2/8/2P1P3/2N3P1/PP3PBP/RNBQK2R b KQkq -,a8b8 b1a3 e8h8 e1h1 c8d7 h2h3 b8c8 d1e2 c6d4 e2d3
8/7k/8/8/5pp1/8/5K2/8 b - -,a8b8 b1a3 e8h8 e1h1 c8d7 h2h3 b8c8 d1e2 c6d4 e2d3
r1bk3r/ppp2ppp/5b2/4n3/4Q3/1B6/PPP2PPP/2K3NR b - -,c7c6 g1f3 e5f3 e4f3 c8d7 h1d1 h8e8 b3f7 e8e7 f7h5
rnbq1rk1/p3b2p/2p1p1p1/1p4N1/2pP1BPP/4PN2/PPQ2P2/R3K2R b KQ -,d8a5 e1f1 e7g5 f3g5 b8d7 h4h5 a5a4 c2a4 b5a4 h5g6
8/8/8/1p4K1/1k6/5P1P/8/8 b - -,b4a5 f3f4 b5b4 f4f5 b4b3 f5f6 b3b2 f6f7 b2b1q f7f8q
r3k2r/1bpnqppp/pp1b1n2/3p4/3P4/1PN1PNP1/PB3PBP/R2Q1RK1 b kq -,e8a8 d1c2 c8b8 a2a4 f6e4 a4a5 e4c3 c2c3 b6b5 f3e5
8/8/7K/3n4/8/6pk/8/4N3 b - -,h3h4 h6g6 h4g4 g6f7 g4f5 f7g7 d5f4 g7f7 f5g5 f7e7
r1bq1rk1/1p3pp1/2n2n1p/2bNp3/pBPp4/P4NP1/1PQ1PPBP/R2R2K1 b - -,c6b4 a3b4 f6d5 b4c5 d5b4 c2d2 b4c6 b2b4 d8c7 d2b2
8/8/8/5nk1/4K1p1/3N2P1/8/8 b - -,
8/8/p1r1ppkp/2Pn4/R2K1P2/3N3P/P7/8 b - -,d5c7 a4b4 g6f5 b4b6 e6e5 f4e5 f6e5 d4c4 c6e6 b6b1
8/7k/8/8/6p1/5pK1/8/8 b - -,d5c7 a4b4 g6f5 b4b6 e6e5 f4e5 f6e5 d4c4 c6e6 b6b1
8/8/2N5/8/2K3p1/k5N1/8/8 b - -,a3a4 c4c5 a4b3 c5d4 b3c2 c6a5 c2b2 d4d3 b2a3 d3c4
rnbqkbnr/p2p1p1p/2p5/4P1p1/1p1P1p2/5N2/PPP1N1PP/R1BQKB1R b KQkq -,f7f6 h2h4 g5g4 e2f4 g4f3 d1f3 d8e7 f1d3 f8h6 e1h1
r1bb1rk1/1q3pnp/p2p3Q/3N2P1/1p1pP3/3B1R2/PPP4P/R5K1 b - -,f7f5 g5f6 f8f7 f3g3 g8h8 f6g7 f7g7 a1f1 c8e6 h6e6
8/3R2p1/pr3pkp/5P2/1P6/6P1/6K1/8 b - -,g6f5 d7g7 b6b4 g7g8 b4a4 g8h8 f5g6 g2f2 h6h5 h8g8
rnbqk1nr/pp2bppp/3p4/2p5/2B1P3/2N1BN2/PP3PPP/R2QK2R b KQkq -,b8c6 d1b3 c6a5 c4b5 c8d7 b3a4 a5c6 e1a1 a7a6 b5c6
8/5R2/8/pk6/8/KP6/7r/8 b - -,
r3kbnr/1pp2ppp/p1p3b1/8/6P1/3P1N1P/PPP1KP2/RNB4R b kq -,f7f6 c1e3 g8e7 b1c3 b7b6 b2b4 a6a5 a2a3 e8d7 e2d2
r1b1k2r/1pq1bppp/p1nppn2/8/2P1P3/2N3P1/PP3PBP/RNBQ1RK1 b kq -,c8d7 a2a4 e8h8 b2b3 f8c8 b1a3 d7e8 a1b1 a8b8 a3c2
8/6pp/4k3/8/4K1P1/8/4P1P1/8 b - -,e6d6 e4f5 d6d5 e2e4 d5d6 e4e5 d6e7 e5e6 e7d6 g4g5
r4k1r/1pp1qpp1/p2p1n1p/3Pp3/B3P3/P1PP1Q2/1P4PP/R3K2R b KQ -,g7g6 e1h1 f8g7 f1f2 f6h7 a1f1 h8f8 f3e2 h6h5 h2h3
r3kb1r/p4ppp/1pn1b3/1Npp4/8/3P1N2/PPP2PPP/R1B2RK1 b kq -,e8a8 f3g5 f8e7 c1f4 c8d7 h2h3 h7h6 g5e6 f7e6 a1e1
8/8/8/8/2KN2p1/6N1/1k6/8 b - -,b2a2 c4c3 a2a3 d4b3 a3a2 b3c5 a2a3 c3c4 a3b2 c4d3
1rb4k/pp5p/1n6/2p1q1p1/4B3/1QPP2P1/PP2N2P/R5K1 b - -,c8e6 b3c2 e6h3 a1e1 b6d7 e2c1 d7f6 c2f2 f6e4 d3e4
8/1p6/p1kpr1p1/P4b1p/2P2P2/BP4P1/3R1K1P/8 b - -,c6c7 c4c5 d6c5 a3c5 e6e4 f2f3 e4e1 b3b4 f5g4 f3g2
4k3/3n1pp1/1r3P2/5qN1/rp6/2P4P/1K1Q4/3RR3 b - -,e8f8 f6g7 f8g7 c3c4 b6a6 d2d4 d7f6 g5e4 a4a2 b2b1
r1q1r1k1/1pP2pbp/p2Q2p1/2p1n3/2P2B2/5P2/PP5P/2KR1B1R b - -,c8f5 f4d2 e5f3 f1d3 f5h3 d2f4 h3g2 d6b6 a8c8 h1f1
4r3/1KP5/6kp/p2R4/P2N3P/8/8/8 b - -,h7h5 f1e2 c8f5 f4d2 e5c6 e2d3 f5e5 d6e5 g7e5 d2e3
8/R5p1/pr3pkp/8/1P3P2/6P1/6K1/8 b - -,f6f5 g2h3 g6f6 a7d7 g7g6 d7c7 f6e6 c7h7 h6h5 h7c7
r1bqkb1r/1pp1n1pp/p1np1p2/4p3/2B1P3/2NPBN2/PPPQ1PPP/R3K2R b KQkq -,b7b5 c4b3 c6a5 e1h1 c7c5 b3d5 a5c6 a2a3 e7d5 c3d5
5bk1/3n1p1p/1PN1pnp1/1B1p4/8/4B2P/r4PP1/2R3K1 b - -,e6e5 b6b7 a2b2 c6a7 g8g7 e3c5 f8c5 c1c5 d5d4 c5c7
r2qr1k1/ppp2pp1/1b1p2np/3P1Q2/2BP1BP1/2P2N2/PP3PK1/R6R b - -,g6f4 f5f4 d8d7 c4d3 c7c5 d5c6 b7c6 g4g5 b6d8 g5h6
8/8/8/1p4K1/2k2P2/7P/8/8 b - -,c4d4 h3h4 b5b4 h4h5 b4b3 h5h6 b3b2 h6h7 d4e3 h7h8q
3k4/8/R7/3PK3/8/8/8/1r6 b - -,
5rk1/5R2/6p1/p2P3P/1p1Q2P1/2r5/q7/1R1K4 b - -,b1g1 a6h6 d8d7 h6h7 d7d8 e5e6 g1g6 e6e5 d8e8 h7h8
7k/2pR3p/3bB1p1/1r6/p4P2/5KPP/2P5/8 b - -,b5h5 h3h4 a4a3 f3e4 h5a5 d7d8 h8g7 d8d7 g7f8 e6a2
rn2k2r/pp2bpp1/q1p1p3/3pPn1p/P2P3P/1NQ2N2/1PP2PP1/R1B2RK1 b kq -,b8d7 c1g5 f7f6 g5f4 a8c8 f1e1 e8f7 c3d2 c6c5 g2g3
8/8/8/4N3/6pk/4K1n1/8/8 b - -,
1rq2rk1/nppbbpp1/p5Np/3p4/2P1B3/2B5/PP2QPPP/R4RK1 b - -,f8e8 g6e7 e8e7 e4h7 g8f8 e2d2 c7c5 c4d5 a7b5 c3f6
8/8/8/5PK1/1pk5/7P/8/8 b - -,c4d4 f5f6 b4b3 f6f7 b3b2 f7f8q b2b1q f8f4 d4c3 f4f3
8/6p1/4N2p/8/6k1/8/6K1/8 b - -,g7g6 e6d4 g4f4 g2h3 f4e4 d4e6 e4e5 e6g7 e5f6 g7h5
8/8/6p1/3p4/3K2PP/5b2/8/k7 b - -,f3g4 d4d5 a1b2 d5e5 g4h5 e5f4 b2c3 f4g3 c3d3 g3f2
rnbq1rk1/5pbp/6p1/pN1np1B1/P7/1pP2P2/1P1Q2PP/R1N1KB1R b KQ -,d8d7 c1b3 d7c6 a1d1 c8e6 c3c4 d5f4 b3a5 a8a5 d2a5
r1b2rk1/1pq1bppp/p1nppn2/8/2P1P3/1PN3P1/P4PBP/RNBQ1RK1 b - -,a8b8 a2a4 f6d7 c1f4 b7b6 b1a3 c8b7 a1b1 f8c8 d1d2
8/8/8/pk3R2/8/KP6/8/7r b - -,
r3k2r/p2p1ppp/1p6/2P1PP2/6P1/2pp1b2/P2P3P/RNBR2K1 b kq -,f3d1 b1c3 d1g4 c3d5 a8c8 f5f6 g7f6 g1f2 g4f5 d5f6
8/6K1/8/3n4/6k1/6p1/8/4N3 b - -,g4g5 e1f3 g5f4 f3e1 f4f5 g7h6 d5f4 h6g7 f5e6 g7h7
rnbq1rk1/ppppppbp/6p1/4P3/2PP2n1/5N2/PP1N1PPP/R1BQKB1R b KQ -,d7d6 h2h3 g4h6 e5d6 e7d6 f1e2 h6f5 d4d5 f8e8 e1h1
r1bqrbk1/4np1p/p5p1/3pP2P/1p4P1/3BPP2/1PQBN3/2KR3R b - -,d8a5 c1b1 f8g7 h5g6 h7g6 f3f4 c8g4 d1g1 g4f5 d3f5
5Q2/3Q4/8/6K1/4Q3/8/7q/2k2q2 b - -,d8a5 c1b1 f8g7 h5g6 h7g6 f3f4 c8g4 d1g1 g4f5 d3f5
8/8/8/8/6pk/4KN2/8/7n b - -,
rnbq1rk1/pp2b1pp/2p1p3/5p2/2BPnBP1/2N1PN2/PPQ2P1P/R3K2R b KQ -,d8a5 h1g1 b7b5 c4b3 c6c5 g4f5 e4c3 c2c3 a5c3 b2c3
8/6p1/4k2p/8/3K2P1/8/4P1P1/8 b - -,e6d6 e2e4 d6c6 d4e5 c6d7 e5d5 d7c7 d5e6 c7b6 e4e5
8/6N1/7p/6p1/6k1/8/6K1/8 b - -,
r2r2k1/p4ppp/1qp1p3/2Rn4/4N3/1P4P1/PQ2PP1P/2R3K1 b - -,d5e7 e4g5 h7h6 g5f3 d8d5 b2a3 a7a5 c5c4 b6d8 e2e4
r2q1rk1/5ppp/p5b1/np1pP3/8/1PPpQN2/P2N1PPP/2RR2K1 b - -,h7h6 f3e1 a5c6 d2f3 d8a5 e1d3 a5a2 d3c5 a2b2 e5e6
1rq2rk1/nppbb1p1/p5pp/3B4/2P5/2B5/PP2QPPP/R4RK1 b - -,f8f7 e2e7 c8e8 f1e1 d7c6 e7c5 c6d5 e1e8 b8e8 c5d5
8/8/R5p1/5pk1/7p/5K1P/8/8 b - -,f8f7 e2e7 c8e8 f1e1 d7c6 e7c5 c6d5 e1e8 b8e8 c5d5
2Q1r3/1K6/6k1/p2R3p/P2N3P/8/8/8 b - -,f8f7 e2e7 c8e8 f1e1 d7c6 e7c5 c6d5 e1e8 b8e8 c5d5
4rrk1/1p1q2pp/p2p4/3Pbp2/2P3n1/8/PP1QB1PP/4RRBK b - -,d7d8 d2d3 d8h4 g2g3 h4g5 e2d1 f5f4 g3f4 e5f4 e1e6
rnbq1rk1/p1ppppbp/1p4p1/4P3/2PP2n1/5N1P/PP1N1PP1/R1BQKB1R b KQ -,g4h6 f1d3 d7d6 e5d6 e7d6 e1h1 h6f5 d3e4 d6d5 e4d5
r1b2rk1/2q1bppp/ppnppn2/8/2P1P3/1PN1B1P1/P4PBP/RN1Q1RK1 b - -,c6e5 h2h3 c8b7 d1e2 h7h5 f1d1 a8c8 a2a4 e5g6 b1d2
8/8/8/8/1K1N2p1/6N1/k7/8 b - -,
1rq3k1/nppbQrp1/p5pp/3B4/2P5/2B5/PP3PPP/R4RK1 b - -,c8e8 f1e1 d7c6 e7c5 c6d5 e1e8 b8e8 c5d5 a7c6 a1d1
k2r4/1ppR4/8/2p5/1p4B1/1Pn2P2/PKP5/8 b - -,d8e8 b2c1 a8b8 g4f5 c3a2 c1d2 a2c3 f5d3 b7b5 f3f4
5rk1/5p2/6p1/p2P3P/1p1Q2P1/2r5/q7/1RRK4 b - -,d8d7 g4d7 c3e2 d7f5 c7c6 a2a4 b4a3 b2a3 a8b8 f5d3
1rb4k/pp5p/1n6/4q1p1/2p1B3/2PP2P1/PPQ1N2P/R5K1 b - -,c8f5 e4f5 e5f5 e2d4 f5d3 c2f2 b6d7 f2e1 b8f8 a1d1
6k1/1p3pp1/3p3p/p1pPr3/P1P5/1P6/5PPP/1R3K2 b - -,
8/8/1k3R2/p7/8/KP6/8/7r b - -,
r1b1kb1r/ppq2ppp/3p4/2pQn1N1/4P3/1B6/PPP2PPP/R1B1K2R b KQkq -,a8b8 c1f4 h7h6 f4e5 h6g5 e5g3 c7a5 e1d1 c8e6 d5g5
r1n1b1k1/6p1/7p/2pR1p2/2P2P2/2B5/6PP/5BK1 b - -,c8e7 d5c5 a8a7 c5a5 a7a5 c3a5 g8f7 g1f2 e8c6 a5b4
rn1qkbnr/pQ3p2/2p3p1/3Pp1Pp/4PN1P/2N5/PPP5/R1B1K2R b KQkq -,f8c5 f4d3 c5d4 d5c6 d4c3 b2c3 g8e7 c6c7 d8c8 b7c8
r1bqk2r/pp1pn1pp/2n1pp2/1Bb5/4P2B/2N2N2/PP3PPP/R2Q1RK1 b kq -,a7a6 b5c6 b7c6 e4e5 e7f5 c3e4 c5e7 h4g3 f6e5 f3e5
2K5/8/6k1/p2R3p/P2N3P/8/8/8 b - -,d7d5 d1c2 e8h8 c3d5 e6d5 c2c5 d5e4 f1d1 d8b6 c5b6
8/8/6p1/3K4/6bP/8/8/k7 b - -,a1b1 d5e5 g4h5 e5f4 b1c2 f4e3 c2c3 e3f2 c3d3 f2f1
8/pp4kp/6p1/8/7P/4K1P1/P4P2/8 b - -,g7f8 e3d4 f8e8 g3g4 e8e7 d4e5 e7d7 g4g5 d7e7 f2f3
r2qk2r/pp1bp1bp/5np1/6B1/2B5/5Q2/PP3PPP/R3R1K1 b - -,h8f8 a1d1 a8c8 c4e6 c8c6 e6h3 c6c7 g5f4 d8c8 f3a3
3r2k1/p4ppp/1p2p3/3bP3/3Pp3/1P1q4/PBr2PPP/1R1QR1K1 b - -,e4e3 e1e3 d3d1 b1d1 c2b2 e3c3 h7h6 d1c1 b2a2 h2h4
3k4/8/R2P4/4K3/8/8/8/7r b - -,
rnbqkb1r/ppp3pp/3p1n2/4ppB1/4P3/3P1NP1/PPP2P1P/RN1QKB1R b KQkq -,b8c6 f1h3 f5e4 g5f6 g7f6 h3c8 d8c8 d3e4 c8h3 d1d3
8/6p1/3k3p/8/3KP1P1/8/6P1/8 b - -,d6e7 d4d5 e7d8 d5d6 g7g6 e4e5 h6h5 g4g5 d8c8 e5e6
rn2r3/ppp2k1p/3b2p1/5b2/3PN3/5P2/PPP3PP/2KR1BNR b - -,d6e7 f1c4 f7g7 g1e2 c7c6 e2g3 b7b5 c4b3 a7a5 a2a4
3R3k/2p5/3bB1p1/1r5p/p4P2/5KPP/2P5/8 b - -,d6f8 d8f8 h8h7 f8f7 h7h8 f7c7 b5a5 g3g4 a5a6 e6a2
8/8/1p1k2pp/8/1P2K3/5P1P/8/8 b - -,
6k1/1p3pp1/3p3p/p1pPr3/P1P5/1P5P/5PP1/1R4K1 b - -,f7f5 g2g3 g8f7 h3h4 f7g6 g1f1 e5e8 f2f3 e8e3 f1f2
1r2q1k1/np1b1rp1/p1p3pp/2QB4/2P5/2B5/PP3PPP/R3R1K1 b - -,c6d5 e1e8 b8e8 c5a7 d7c6 c4d5 c6d5 a7c5 d5c6 a1e1
4r1k1/1p1R3R/6p1/p3b1P1/P3pB2/1P3r1P/8/7K b - -,f3f1 h1g2 f1f4 h7e7 e8e7 d7e7 f4f5 e7e8 g8f7 e8c8
r3k2r/p2p1ppp/1p6/2P1PP2/6P1/2Np4/P2P3P/R1Bb2K1 b kq -,d1g4 c3d5 b6c5 d5c7 e8e7 c7a8 h8a8 c1a3 d7d6 f5f6
8/8/6p1/4K3/6bP/8/1k6/8 b - -,g4h5 e5f4 b2c3 f4g3 c3d3 g3f2 d3d4 f2g2 d4e3 g2g1
8/3K2k1/8/p2R3p/P2N3P/8/8/8 b - -,b2c3 e5f4 g4h5 f4g3 c3d3 g3f2 d3d4 f2g2 d4e3 g2g1
8/2k5/3Q4/8/1K2Np2/8/8/5q2 b - -,c7c8 d6f8 c8c7 f8g7 c7c6 g7f6 c6d7 e4c5 d7e8 f6e6
8/8/1p2k1pp/8/1P2KP2/7P/8/8 b - -,
r2q1rk1/1p1n1pp1/p2p4/3Pp3/6P1/1N2Q3/PPP4P/1K1R3R b - -,b7b5 b3d2 a8c8 h2h4 d7f6 e3f3 d8c7 c2c3 f8e8 d1e1
7k/1q4pb/7p/1P1B3Q/1p6/8/3r2PP/2R4K b - -,b7d5 h5d5 d2d5 c1c8 h7g8 c8c1 b4b3 c1b1 d5b5 h1g1
r2r2k1/1q3pp1/p3p1np/1p6/1P1B1PQ1/P3P2P/6P1/R4RK1 b - -,d8d5 a1d1 a8d8 d1d2 b7d7 d2c2 d8c8 f1c1 c8c2 c1c2
4r1k1/pb3ppp/5n2/2q5/P7/3QPN2/5PPP/4R1K1 b - -,b7f3 g2f3 c5c6 g1g2 c6a4 e1b1 e8a8 b1b5 h7h6 b5c5
2kr1b1r/p4ppp/1pn1b3/1Npp2N1/8/3P4/PPP2PPP/R1B2RK1 b - -,f8e7 c1d2 d8f8 a1e1 c8d7 g5e6 f7e6 f2f4 h7h5 c2c3
r4rk1/pp3ppp/1bp1b3/8/5P2/4P2P/PPB2KP1/R1BR4 b - -,
5k2/5p2/3N2p1/1R5p/7P/4K1P1/8/5r2 b - -,f8e7 d6e4 e7f8 b5b7 f8g8 b7d7 g8f8 e3e2 f1f5 e4d6
5bk1/N2n1p1p/1P2pnp1/1B1p4/8/4B2P/1r3PP1/2R3K1 b - -,e6e5 b6b7 g8g7 e3c5 f8c5 c1c5 d5d4 c5c7 d7b8 b5c4
rnbq1rk1/pp2b1pp/2p1p3/5p2/2BP1BP1/2P1PN2/P1Q2P1P/R3K2R b KQ -,c6c5 g4f5 b7b5 c2e4 b5c4 e4a8 b8a6 a8a7 e7f6 f3e5
8/6p1/4k2p/4P3/3K2P1/8/6P1/8 b - -,c6c5 g4f5 b7b5 c2e4 b5c4 e4a8 b8a6 a8a7 e7f6 f3e5
rn1qkb1r/p1ppp2p/1p3nP1/6Q1/3P4/3B4/PPP2PbP/RNB1K1NR b KQkq -,g2c6 g6h7 d8c8 g1h3 h8h7 d3h7 c6h1 b1c3 e8d8 h7g6
1k2q3/1Pp4p/8/8/P7/2R1p3/6PP/4KQ2 b - -,e8d8 c3e3 d8h4 f1f2 h4b4 f2d2 b4h4 g2g3 h4c4 e3e8
8/3K1k2/8/p4R1p/P2N3P/8/8/8 b - -,e8d8 c3e3 d8h4 f1f2 h4b4 f2d2 b4h4 g2g3 h4c4 e3e8
2R2q1k/6pp/4Q3/Nr3p2/8/6P1/5P1P/6K1 b - -,b5b8 c8f8 b8f8 g1g2 g7g5 a5c6 g5g4 e6e5 h8g8 c6e7
rnb1r1k1/1pq2pbp/p2p1npB/2pP4/P3P3/2N2P2/1P1QB1PP/R3K1NR b KQ -,c7e7 h6g7 g8g7 a4a5 g7g8 e2d1 c8d7 g1e2 d7b5 e1h1
2rq1rk1/5ppp/p5b1/np1pP3/8/1PPpQN2/P4PPP/2RR1NK1 b - -,h7h5 f3e1 a5c6 e1d3 f8e8 h2h3 g6d3 e3d3 c6e5 d3d5
r1b2rk1/pp2np1p/2n1p1p1/q1ppP1B1/3P3Q/P1PB4/2P1NPPP/R3K2R b KQ -,f7f6 e5f6 e7f5 d3f5 e6f5 e1h1 c5d4 a1e1 c8d7 e2f4
r4r1k/2q2ppp/1np1B3/p1b1pNB1/4P3/8/PPP1Q1PP/3R1R1K b - -,c7a7 f5g7 a7a6 e2a6 a8a6 g5f6 f7e6 g7e6 h8g8 e6c5
8/8/4k1pp/1p6/1P2KP1P/8/8/8 b - -,
rnbq1rk1/pp2b1pp/2p1p3/4N3/2BP1Bp1/2P1P3/P1Q2P1P/R3K2R b KQ -,b8d7 c4e6 g8h8 e5f7 f8f7 e6f7 d7f6 e1h1 c8d7 a1b1
R7/2p3k1/3bB1p1/1r5p/p4P2/5KPP/2P5/8 b - -,a4a3 e6c4 b5b2 c4d3 h5h4 g3h4 b2b4 f4f5 g6f5 a8a3
8/8/5Kp1/8/6bP/2k5/8/8 b - -,g4h5 f6e6 c3d2 e6d6 d2e2 d6e6 e2f3 e6e7 f3g4 e7d7
r1b3k1/P4qbp/1pPp1r2/1N1Pp3/4P1n1/3B1pPp/2QN1P2/R4R1K b - -,h3h2 c6c7 f7h5 d2f3 f6f3 b5d6 c8d7 c7c8q d7c8 d6c8
r1b2rk1/pp1q1ppp/4pb2/3n4/2Np4/PQ1P2P1/1PRBPPBP/5RK1 b - -,f8d8 c4a5 b7b6 a5c6 d8e8 f1c1 c8b7 c6b4 h7h6 c2c7
3k4/8/6R1/3PK3/8/8/8/7r b - -,
8/8/k7/P1p5/4K3/8/8/8 b - -,d8e7 g6g7 e7d8 g7a7 h1h5 e5d6 h5h6 d6c5 h6f6 a7b7
2r1rnk1/p3qppp/1p1Rp3/2p1P3/2P5/1P3Q2/PB3PPP/3R2K1 b - -,e7h4 g2g3 h4h3 d1d3 h7h5 a2a4 h3g4 g1g2 f8g6 f3g4
5bk1/NP1n1p1p/5np1/1B1pp3/8/4B2P/1r3PP1/2R3K1 b - -,g8g7 e3c5 f8c5 c1c5 d5d4 c5c7 d7b8 b5c4 f6d7 a7b5
6k1/1p4p1/p4p1p/P3r2P/3R4/6P1/1P3PK1/8 b - -,e5h5 b2b4 h5b5 f2f3 g8f7 g2h3 h6h5 d4d7 f7g6 d7d4
r2qkr2/pp1bp1bp/5np1/6B1/2B5/5Q2/PP3PPP/3RR1K1 b - -,a8c8 c4e6 c8c6 e6h3 c6c7 g5f4 d8c8 f3a3 d7h3 f4c7
8/8/8/p1k2R2/8/KP6/8/7r b - -,
r3kb1r/pbqn1ppp/1p1ppn2/2p5/4P3/1PP2N2/PBBP1PPP/RN1QR1K1 b kq -,a7a6 d2d4 h8g8 d4d5 g7g5 c3c4 g5g4 f3d2 h7h5 a2a4
rn1qkb1r/ppp1np2/6p1/3PQ1Pp/5N1P/2N5/PPP5/R1B1K2R b KQkq -,d8c8 e5h8 c8g4 f4e2 b8d7 h8d4 g4d4 e2d4 e8a8 d5d6
8/5pk1/4r3/6KP/8/5Q2/8/8 b - -,e6h6 f3f4 h6e6 f4d4 g7h7 d4d3 h7g7 d3c3 g7h7 c3c7
8/6p1/4n1kp/8/2N3K1/8/6PP/8 b - -,
4r1k1/1p1R4/6pR/p3b1P1/P3pr2/1P5P/8/7K b - -,e6c5 c4d6 c5e6 d6e4 h6h5 g4h4 e6f4 h4g3 g6f5 e4d6
2rq1rk1/5ppp/p1n3b1/1p1pP3/8/1PPpQ3/P4PPP/2RRNNK1 b - -,h7h6 e1d3 f8e8 d3f4 e8e5 e3d2 d8e8 f1e3 c6e7 h2h3
2n2bk1/1b5p/6p1/4N3/1p1QP3/1P4qP/R5n1/6K1 b - -,h7h6 e1d3 f8e8 d3f4 e8e5 e3d2 d8e8 f1e3 c6e7 h2h3
r1r3k1/2p1nppp/1p1qn3/3p4/p2P4/P2QPN2/1PRN1PPP/5RK1 b - -,c8d8 d2b1 c7c5 b1c3 c5c4 d3d1 e6c7 f3e5 d6e6 d1h5
8/8/6p1/3pB2b/7P/p2k4/5KP1/8 b - -,d3e4 g2g4 h5g4 h4h5 g6h5 e5f6 d5d4 f2g3 d4d3 g3h4
8/pp5p/6p1/4k3/P5PP/4K3/5P2/8 b - -,b7b6 f2f4 e5e6 e3d4 h7h5 f4f5 e6f6 f5g6 h5g4 h4h5
r3r1k1/pp3ppp/1bp1b3/8/5PP1/4P2P/PPB2K2/R1BR4 b - -,e6c4 f2f3 a8d8 d1d8 e8d8 b2b3 c4b5 a2a4 b5d3 c2d3
8/4k1p1/7p/3KP3/6P1/8/6P1/8 b - -,e6c4 f2f3 a8d8 d1d8 e8d8 b2b3 c4b5 a2a4 b5d3 c2d3
2kr3r/p3bppp/1pn1N3/1Npp4/8/3P4/PPP2PPP/R1B2RK1 b - -,e7f6 e6d8 h8d8 b5a3 a7a6 f1d1 c8b7 c2c3 d5d4 c1d2
8/6p1/4n1k1/7p/2N4K/8/6PP/8 b - -,
rnbqkb1r/1pp1ppp1/p4n1p/3p4/3P1B2/2N2NP1/PPP1PP1P/R2QKB1R b KQkq -,c8f5 f1g2 e7e6 f3e5 b8d7 e1h1 f8d6 e5d7 d8d7 f4e5
r4rk1/pp3ppp/4p3/1q1p1n2/1P1B4/P1P2Q2/5PPP/3R1RK1 b - -,a8c8 g2g4 f5d4 c3d4 b5d7 h2h4 e6e5 d4e5 c8c4 f1e1
r2r2k1/2p1nppp/1p1qn3/3p4/p2P4/P2QPN2/1PRN1PPP/3R2K1 b - -,c7c5 d4c5 b6c5 d3e2 d6b8 h2h4 h7h6 d2f1 d5d4 f1g3
rnbq1rk1/6bp/5pp1/pN1np1B1/P1B5/1pP2P2/1P1Q2PP/R1N1K2R b KQ -,c8e6 c1b3 f6g5 e1a1 g5g4 f3g4 g7f6 b3c5 f6g5 c5e6
5bk1/NP1n1p1p/5np1/1B2p1B1/3p4/7P/1r3PP1/2R3K1 b - -,g8g7 g5f6 g7f6 c1c7 d7b8 b5c4 f8e7 a7c8 e7a3 c7f7
8/8/1pk4p/6p1/1P1K4/5P1P/8/8 b - -,g8g7 g5f6 g7f6 c1c7 d7b8 b5c4 f8e7 a7c8 e7a3 c7f7
r5r1/1p1b1p1k/pq1p3n/2pPp2Q/P1P1P2P/2N2RR1/1P3PP1/2K5 b - -,d7f5 f3f5 g8g3 f2g3 h7g8 h5g5 g8f8 g5h6 f8e8 h6g7
8/8/5kR1/8/5P2/5K2/8/8 b - -,f6g6 f3g4 g6f6 f4f5 f6f7 g4f4 f7e7 f4e5 e7f7
8/6p1/4n2k/4N2p/7K/8/6PP/8 b - -,
2r2rk1/p4pp1/3b3p/q3pQ2/8/8/P1PP1PPP/RNB2RK1 b - -,a5a6 b1c3 c8c4 c3e4 d6c7 d2d3 c4c2 c1e3 f8d8 f1c1
r3k2r/pp1b1ppp/2n1pn2/1Bbp4/3N1B2/qN2P3/2P2PPP/R2Q1RK1 b kq -,e8h8 a1a3 c5a3 d4c6 b7c6 b5a6 a3e7 d1a1 c6c5 f1b1
r2qr1k1/3n2pp/2p2p2/pp2pPPP/3pP3/3P3B/1nPB1Q2/R5RK b - -,g8f7 g5g6 h7g6 f5g6 f7e7 f2f5 e7d6 a1a5 a8a5 d2a5
r3k2r/1pqnbpp1/p2pbn2/3Np2p/4P3/4B1PP/PPP1NPB1/R2Q1RK1 b kq -,c7a5 d5e7 e8e7 b2b3 a8c8 a2a4 d7c5 e3g5 h8d8 c2c4
8/8/4n2k/4N1pp/8/6K1/6PP/8 b - -,
1r4k1/1q3ppp/8/3Bp3/3nP2P/1r4P1/R2Q1P2/R5K1 b - -,
8/3k2p1/4P2p/3K4/6P1/8/6P1/8 b - -,b7d5 e4d5 d4f3 g1g2 f3d2 a2d2 b3b7 h4h5 b7d7 a1a5
rn1qkb1r/1pp1ppp1/p4n1p/3p4/3P1Bb1/2N2NP1/PPP1PPBP/R2QK2R b KQkq -,e7e6 f3e5 g4f5 c3a4 f5e4 g2e4 f6e4 e1h1 b8d7 c2c4
4Q1k1/p1r3b1/1p2pq2/nP1b4/3P4/P6R/5PPP/R5K1 b - -,f6f8 e8g6 f8f7 g6h7 g8f8 h7h4 g7f6 h4f4 a5b3 a1e1
2kr3r/p3b1pp/1pn1p3/1Npp4/8/3P4/PPP2PPP/R1B1R1K1 b - -,a7a6 b5a3 e7f6 e1e6 h8e8 e6e8 d8e8 g1f1 b6b5 c2c3
R7/2p3k1/3bB1p1/1r5p/5P1P/p4KP1/2P5/8 b - -,d6c5 e6b3 c5b4 a8a4 b4d6 f3e3 g7h6 e3f3 d6e7 f3e2
r1b1kb1r/ppq2ppp/3p4/1BpQn1N1/4P3/8/PPP2PPP/R1B1K2R b KQkq -,e8e7 e1h1 c8e6 g5e6 f7e6 d5d1 e5c6 f2f4 a8e8 c1e3
r5k1/1p4p1/p2p1q2/2nPpr2/1P4Q1/8/P1PN3P/1K1R2R1 b - -,b7b6 b4c5 f5f4 g4g6 b6c5 g6f6 a8b8 b1c1 f4f6 g1g4
8/8/4n2k/4N1p1/6Kp/8/6PP/8 b - -,
r3k2r/p2p1ppp/1p6/2PNPP2/6b1/3p4/P2P3P/R1B3K1 b kq -,b6c5 d5c7 e8e7 c7a8 h8a8 c1a3 d7d6 f5f6 g7f6 e5d6
rn1qkb1r/1pp2pp1/p3pn1p/3p4/3P1Bb1/2N2NP1/PPP1PPBP/R2Q1RK1 b kq -,b8d7 f1e1 f8b4 f4d2 e8h8 a2a3 b4c3 d2c3 f6e4 c3b4
r4rk1/p4ppp/1qp1pB2/2b5/Q7/2N3P1/PP2PP1P/R4RK1 b - -,g7f6 a4g4 g8h8 b2b3 c5e7 a1c1 f8d8 g4f3 a8c8 c1c2
8/3Q4/3K4/8/Q1q5/4q3/2k5/8 b - -,
r2qkb1r/pb1n1p2/2p1p2p/1p1nP1p1/2pPN3/5NB1/PP2BPPP/R2Q1RK1 b kq -,a7a6 f1e1 c6c5 e4d6 f8d6 e5d6 e8h8 f3e5 c5d4 e5d7
8/4k1p1/4P2p/4K3/6P1/8/6P1/8 b - -,g5g4 f3h4 h6h5 a2a4 f8e7 b2b3 c4b3 d1b3 d8b6 a4b5
r1bqkb1r/1pp2ppp/p1n1pn2/3p4/2PP4/4PNP1/PPQ2P1P/RNB1KB1R b KQkq -,c8d7 b2b3 d5c4 b3c4 e6e5 f3e5 c6e5 d4e5 d7c6 e5f6
8/5pk1/7r/3Q2KP/8/8/8/8 b - -,h6e6 d5d4 g7h7 d4d3 h7g7 d3c3 g7h7 c3c8 h7g7 c8c7
r1b2rk1/p2q1ppp/1p2pb2/3n4/2Np1B2/PQ1P2P1/1PR1PPBP/5RK1 b - -,h7h5 c4e5 d7e8 g2d5 e6d5 e5f3 c8d7 b3d5 d7a4 c2d2
7k/1q4p1/7p/1P6/1p2b1Q1/8/2r1B1PP/6RK b - -,b4b3 e2d1 c2g2 g4g2 e4g2 g1g2 b3b2 d1c2 b7b5 h2h3
r3k2r/pp1b1ppp/2B1pn2/2bp4/3N1B2/1Nq1P3/5PPP/R2Q1RK1 b kq -,c5d4 c6d7 f6d7 b3d4 e8h8 a1c1 c3b4 c1c7 d7f6 d1c2
2r3k1/pp2qpp1/7p/1Q2Pb2/B2b1p2/5N1P/P4PP1/3K3R b - -,a7a6 b5b3 d4e5 h1e1 c8d8 d1e2 e5c3 e2f1 c3e1 b3b2
1r6/5Bbk/R7/4p1KP/8/4Pp2/8/8 b - -,f3f2 f7g6 h7h8 g6d3 g7f8 g5g4 e5e4 d3e2 f8c5 g4f5
2kr3r/4b1pp/ppn1p3/2pp4/8/2NP4/PPP2PPP/R1B1R1K1 b - -,c6d4 a1b1 c8d7 c1e3 d4c2 e1e2 c2d4 e3d4 c5d4 c3d1
8/2R5/4k3/1pP3p1/1r3p2/5P1P/6PK/8 b - -,b4d4 c7g7 d4d5 c5c6 d5c5 c6c7 e6f6 g7h7 c5c1 h7h6
r3kb1r/ppqB1ppp/3p4/2pQn1N1/4P3/8/PPP2PPP/R1B1K2R b KQkq -,e8d7 f2f4 h7h6 f4e5 h6g5 d5f7 d7c6 f7d5 c6b6 d5b3
r4r1k/pR2bp1p/2p1pp2/4q3/4N2Q/6P1/P3PP1P/5RK1 b - -,f6f5 h4e7 e5e4 e2e3 e4e5 f1c1 a8e8 e7g5 a7a5 c1d1
6k1/1R4p1/p4p1p/P2r3P/3p4/6P1/1P3P2/5K2 b - -,d5c5 b2b4 c5e5 f2f4 e5e4 b4b5 d4d3 b5a6 d3d2 b7b8
6k1/5pp1/8/p7/4P1P1/4PK1P/P4Q2/1q6 b - -,
8/8/3K4/8/2Q5/4q3/1k6/8 b - -,
r3k2r/1pqnbpp1/p2pb3/3Pp2p/8/4B1PP/PPP1NPB1/R2Q1RK1 b kq -,h5h4 d5e6 f7e6 d1d3 d7f6 g3g4 d6d5 d3g6 e8d7 a1c1
4k3/6p1/3KP2p/8/6P1/8/6P1/8 b - -,h5h4 d5e6 f7e6 d1d3 d7f6 g3g4 d6d5 d3g6 e8d7 a1c1
r3k2r/pppn1pp1/3Nb2p/8/3P3q/P7/1PP1NPPP/R2QKB1R b KQkq -,e8d8 d4d5 e6d5 d6f5 h4e4 f5e3 d5c6 d1d2 d8e8 e2d4
r3k2r/p2b1ppp/2p1pn2/2bp4/3N1B2/1Nq1P3/5PPP/2RQ1RK1 b kq -,c3b4 b3c5 e8h8 f4d6 a7a5 d6f8 a8f8 d1c2 e6e5 d4f3
8/5N2/7k/6p1/3n2Kp/8/6PP/8 b - -,h6g7 f7g5 h4h3 g5h3 g7g6 h3g1 d4e6 g2g3 g6f7 h2h4
r1nQ4/6pk/2b3qp/2p2p2/2P2P2/2BR4/6PP/5BK1 b - -,c6f3 d3f3 c8b6 d8e7 a8e8 e7b7 e8f8 f3g3 f8f7 g3g6
8/8/7K/5N2/8/6p1/5kn1/8 b - -,
rnbqk1nr/p1ppbppp/4p3/1p4B1/3P3P/5N2/PPP1PPP1/RN1QKB1R b KQkq -,a7a6 b1d2 h7h6 g5e7 g8e7 a2a4 b5b4 e2e4 d7d5 f1d3
rn1q1rk1/6bp/4bpp1/pN1np1B1/P1B5/1NP2P2/1P1Q2PP/R3K2R b KQ -,f6g5 e1a1 g5g4 f3g4 g7f6 b3c5 f6g5 c5e6 g5d2 d1d2
8/6pk/R4p1p/7r/8/3p2P1/1P3P2/4K3 b - -,h5e5 e1d2 e5e2 d2d3 e2f2 b2b4 h6h5 b4b5 g7g5 a6a5
r2b1r2/pR1R1pkp/2p1p3/4qp1Q/4N3/6P1/P3PP1P/6K1 b - -,h7g6 a6d6 h5h1 e1d2 h1b1 d6d3 b1b2 d2e3 b2b7 e3f3
6k1/5pp1/8/p7/4P1P1/4PK1P/P5Q1/7q b - -,
r1b3k1/P1P2qbp/1p1p1r2/1N1Pp3/4P1n1/3B1pP1/2QN1P1p/R4R1K b - -,c8d7 c7c8r d7c8 b5c7 a8a7 a1a7 g7f8 a7a8 c8b7 a8b8
r2q1rk1/4ppbp/3pb1p1/p3n2P/3QP1P1/1P3P2/PBP5/1K1R1BNR b - -,a5a4 h5g6 f7g6 h1h2 g7f6 d4d2 a4b3 a2b3 d8b6 g4g5
8/8/6k1/6N1/3n2Kp/8/6PP/8 b - -,d4e2 g5f3 h4h3 g2g3 g6f6 g4h3 f6f5 h3h4 f5g6 g3g4
8/5k1p/p1p3p1/P1P1KpP1/5P1P/8/8/8 b - -,f7e8 e5d6 e8f7 d6d7 f7f8 d7c6 f8e7 c6b6 e7f7 c5c6
8/8/2k2Qp1/8/1K2Np2/8/8/5q2 b - -,f7g8 e5e6 g8g7 e6d6 g7f7 d6d7 f7f8 d7c6 f8e7 c6b6
rnbqk1nr/p1ppbpp1/4p2p/1p6/3P1B1P/5N2/PPP1PPP1/RN1QKB1R b KQkq -,c7c5 d4d5 d7d6 e2e4 a7a6 a2a4 b5b4 f1c4 g8f6 d5e6
r1b3rk/ppp4p/2np2q1/3Npp2/2P2Pnb/3PP3/PP2N1BP/1RB2QRK b - -,g4f2 f1f2 h4f2 c1d2 g6g4 d2c3 g4e2 d5c7 c8d7 c7a8
r5k1/1q3pp1/p3p1np/1p1r4/1P1B1PQ1/P3P2P/6P1/2R2RK1 b - -,
8/8/P1n3p1/4kp1p/1p5P/1P6/4N1P1/7K b - -,e5e4 h1g1 e4e3 e2c1 e3d4 g1f2 d4c3 c1e2 c3d3 e2f4
3k4/4P1p1/3K3p/8/6P1/8/6P1/8 b - -,e5f6 e2f4 c6a7 f4d5 f6e5 d5b4 e5f6 h1g1 f5f4 g1f1
8/pp5p/4k1p1/8/4KPPP/8/P7/8 b - -,h7h5 e4f3 e6f6 g4g5 f6f5 f3e3 b7b5 e3d4 f5f4 d4d5
5q2/8/8/3K4/2Q5/8/1k6/8 b - -,
rnbqk1nr/p2pbpp1/4p2p/1pp5/3P1B1P/4PN2/PPP2PP1/RN1QKB1R b KQkq -,c8a6 d4d5 d8b6 d5d6 e7d8 b1c3 g8f6 a2a4 b5b4 c3b5
8/2k1Q3/6p1/8/1K2Np2/8/8/5q2 b - -,c8a6 d4d5 d8b6 d5d6 e7d8 b1c3 g8f6 a2a4 b5b4 c3b5
8/8/1p2k1p1/7p/1P2KP1P/8/8/8 b - -,
8/6pk/R4p1p/8/8/3p2P1/1P1K1P2/7r b - -,h1f1 d2d3 f1f2 b2b4 h6h5 b4b5 g7g5 d3c4 h7g6 b5b6
3r2k1/B1p1qp2/2P3p1/4p3/4Pb2/5Pp1/3pQ1P1/1R1R3K b - -,e7h4 h1g1 d8a8 e2b5 h4h2 g1f1 h2h1 a7g1 f4e3 b5e5
8/4kp2/6p1/1R5p/4NK1P/6P1/8/4r3 b - -,e7f8 b5b7 e1f1 f4e3 f1e1 e3f3 f8g8 b7a7 e1f1 f3e2
r3k2r/pppnqpp1/3bb2p/8/3PN3/P2Q4/1PP1NPPP/R3KB1R b KQkq -,d7b6 e4d6 e7d6 d3g3 d6g3 e2g3 e8a8 e1a1 b6d5 h2h4
1rbq1rk1/2ppbppp/2n2n2/3Np3/1p2P3/1B1P1N2/1PP2PPP/R1BQ1RK1 b - -,f6d5 b3d5 e7f6 d5c6 d7c6 b2b3 d8d6 c1e3 c8g4 h2h3
6k1/1p4p1/p4p1p/r6P/1R6/6P1/1P3PK1/8 b - -,a5h5 b4b7 h5b5 b7a7 a6a5 b2b3 h6h5 a7a6 g8f7 a6a7
6k1/5pp1/8/p7/4P1P1/4PK1P/P3Q3/3q4 b - -,
8/8/8/p2Qpkp1/1p2P3/2p4P/2K5/r7 b - -,f5f6 d5d6 f6f7 d6e5 a1a2 c2d3 a2g2 e5f5 f7e7 f5a5
1r3b2/7k/R5B1/4p1KP/8/4Pp2/8/8 b - -,
1R3k2/5p2/6p1/7p/4NK1P/6P1/8/4r3 b - -,f8e7 f4f3 e1a1 b8b7 e7f8 e4d6 a1f1 f3g2 f1f6 b7d7
8/5q2/3K4/8/2Q5/8/1k6/8 b - -,f8e7 f4f3 e1a1 b8b7 e7f8 e4d6 a1f1 f3g2 f1f6 b7d7
rn1qkbnr/pp3pp1/4p2p/1BppPb2/3P4/7P/PPP2PP1/RNBQK1NR b KQkq -,b8c6 g1e2 d8a5 b1c3 g8e7 d4c5 a7a6 b2b4 a5b4 a1b1
1rbq1rk1/2ppbppp/2n5/3Bp3/1p2P3/3P1N2/1PP2PPP/R1BQ1RK1 b - -,c8b7 c1e3 e7f6 d1d2 d8c8 d5c4 d7d6 a1a4 g8h8 f1a1
8/4k2p/p1p3p1/P1P1KpPP/5P2/8/8/8 b - -,e7e8 h5g6 h7g6 e5d6 e8f8 d6c6 f8e7 c6b6 e7e6 c5c6
8/pp6/4k1p1/7P/4KP1P/8/P7/8 b - -,a7a5 h5g6 e6d6 f4f5 b7b5 g6g7 b5b4 h4h5 d6c5
r3k2r/p2b1ppp/2p1pn2/3p4/3P1B2/1Nq5/5PPP/2RQ1RK1 b kq -,c3c1 d1c1 e8h8 b3c5 a7a5 c1a3 d7c8 f4d6 f8e8 d6e5
R7/2p5/3b1kp1/1r5p/2B2P1P/p4KP1/2P5/8 b - -,
5k2/3n1pP1/1r6/5qN1/rp6/2P4P/1K1Q4/3RR3 b - -,f8g7 c3c4 b6a6 d2d4 d7f6 g5e4 a4a2 b2c1 a2a1 c1b2
8/8/4k1p1/1p5p/1P1K1P1P/8/8/8 b - -,
8/5p1k/4r3/6KP/8/8/1Q6/8 b - -,e6h6 b2d4 h6e6 d4d8 h7g7 g5g4 e6h6 d8c7 h6e6 c7g3
4k3/4P1p1/4K2p/8/6P1/8/6P1/8 b - -,e6h6 b2d4 h6e6 d4d8 h7g7 g5g4 e6h6 d8c7 h6e6 c7g3
2b2nk1/2r3qp/p7/3p1PR1/3P2Q1/2p1P1P1/2B2PK1/8 b - -,c7d7 g5g7 d7g7 g4f4 g7f7 f4g5 f7g7 g5d8 c8b7 g2g1
rnbqk1nr/pp3Bpp/1bp5/8/3PPp2/5N2/PPP3PP/RNBQK2R b KQkq -,e8f7 c1f4 g8f6 d1d3 h8e8 e4e5 f7g8 e1h1 f6d5 f4g5
1r4k1/1q3ppp/1rnp4/3Qp3/1p2P2P/2P3P1/RP2BP2/R5K1 b - -,c6e7 d5b7 b6b7 a2a7 b7a7 a1a7 b4c3 b2c3 g8f8 a7d7
r1r3k1/2p1nppp/1p1qn3/3p4/p2P4/P1RQPN2/1P1N1PPP/2R3K1 b - -,c7c5 d4c5 b6c5 c3c2 h7h6 c1d1 c8d8 h2h3 d6b6 d2f1
1r3b1k/8/4R1B1/4p1KP/8/4Pp2/8/8 b - -,f3f2 g6d3 b8b1 e6e5 b1g1 g5f5 g1d1 d3e2 f8g7 e5e6
8/5q2/8/2K5/2Q5/8/1k6/8 b - -,
2r1rbk1/4np1p/p5P1/q2pP3/6P1/2PBP3/2Q1N3/2KR3R b - -,h7h6 g6f7 g8f7 d3a6 c8c6 c2h7 f8g7 c1d2 c6a6 d1f1
1Q3q1k/6p1/7p/2r2b2/8/1Q6/5PPP/1n1RR2K b - -,c5c8 b8b4 f8f6 b3g3 h8h7 d1b1 c8f8 b1c1 f5g6 f2f3
8/8/6p1/1pK2k1p/1P3P1P/8/8/8 b - -,
6k1/1p4p1/p4p1p/P6r/1R6/6P1/1P3PK1/8 b - -,h5b5 b4a4 h6h5 b2b4 g7g5 g2f3 g8f7 f3e4 f7g6 e4e3
8/p6p/1p2k1p1/7P/P4PP1/4K3/8/8 b - -,g6h5 g4h5 e6f5 h5h6 f5g6 e3e4 g6h6 e4d5 h6g7 d5e6
8/8/8/1p4K1/2k4P/5P2/8/8 b - -,c4d5 g5f4 b5b4 f4e3 d5e5 e3d3 e5f6 d3c4 f6f5 c4b4
8/1R3pk1/6p1/7p/4N2P/4K1P1/8/5r2 b - -,g7g8 e3e2 f1f5 e4d6 f5f6 b7d7 g8f8 e2e3 f8g8 d7d8
r3k2r/1pqnbpp1/p2p4/3Ppb1p/8/4B1PP/PPP1NPB1/2RQ1RK1 b kq -,c7d8 f2f4 f5h7 c2c4 e8h8 f4f5 e7g5 d1d2 g5e3 d2e3
8/p6p/4k1p1/1p6/3K1PPP/8/P7/8 b - -,e6d6 h4h5 g6h5 g4h5 h7h6 d4c3 d6e6 c3b4 e6f5 b4b5
r1bq1rk1/1p1n2pp/p2p4/3Pp3/P4p1B/N4P2/1PP1B1PP/R2Q1RK1 b - -,
r1bq1rk1/pppp1ppp/2nb1n2/4p1B1/1PBPP3/5N2/P1P2PPP/RN1Q1RK1 b - -,h7h6 g5h4 c6d4 f3d4 e5d4 f2f4 d6e7 e4e5 f6g4 h4e7
2b1n3/5k1p/p2p2p1/B2Pp1P1/B1P3P1/7P/8/6K1 b - -,c8b7 g1f2 f7e7 f2e3 b7a8 a4b3 e7d7 e3e4 a8b7 b3a4
8/4k2p/p1p5/P1P2KPp/5P2/8/8/8 b - -,e7e8 f5e4 h7h6 g5h6 e8f7 e4f5 h5h4 f5g4 f7g6 f4f5
r1bq1rk1/pp1pppb1/2n3pp/1B1nP3/3P3B/5N2/PP3PPP/RN1Q1RK1 b - -,d7d6 e5d6 g6g5 h4g3 e7d6 h2h3 d8b6 b1a3 c6d4 f3d4
8/pp6/5k2/5P1p/5K1P/8/P7/8 b - -,d5c7 b1a3 c7b5 a3b5 g6g5 h4g3 a7a6 b5c3 d7d5 h2h3
2r2rk1/pp3ppp/2bp1q2/2nBpP2/4P3/P1N1Q3/1PP3PP/3R1R1K b - -,a7a6 d1d2 f8d8 f1d1 a6a5 b2b3 h7h6 e3e1 f6e7 h2h3
r2qk2r/pppb1ppp/2N1pn2/8/QbBP4/2N5/PP3PPP/R1B2RK1 b kq -,d8e7 a4b4 d7c6 b4e7 e8e7 c1e3 h8d8 a1c1 a7a6 f1e1
4b3/2p5/p4k1p/2P3p1/PP1r1p2/5P1P/N5PK/R7 b - -,d4c4 h3h4 e8c6 h4g5 h6g5 h2g1 f6f5 g1h2 c4c2 h2g1
r1bq1rk1/pp3ppp/2p2n2/8/2B2P2/2P1P3/P3Q1PP/R1B2RK1 b - -,c8f5 a2a4 f8e8 a4a5 d8e7 c1a3 c6c5 h2h3 h7h6 c4b5
r1bRr3/1pR2kpp/1P3p2/8/1P3B2/8/5PPP/6K1 b - -,e8e7 h2h4 e7c7 b6c7 h7h5 b4b5 f7e6 f4e3 e6f7 g1h2
R7/2p5/3b1kp1/7p/1r3P1P/pB3KP1/2P5/8 b - -,b4d4 a8d8 d6c5 d8c8 c5b6 c8f8 f6g7 f8g8 g7h7 g8a8
8/p6p/1p2k3/7P/P4P2/4K3/8/8 b - -,e6f5 e3f3 h7h6 f3e3 a7a6 e3f3 b6b5 a4a5 b5b4 f3e2
r3kb1r/pp1b1ppp/4p3/3pR3/8/2qB4/PB1N1PPP/R3Q1K1 b kq -,c3a5 e1e2 f8e7 e5e3 e7f6 d2f3 f6b2 e2b2 e8h8 f3e5
8/8/2k1Q3/8/1K2Np2/8/8/5q2 b - -,c6c7 e4c3 f1c1 c3d5 c7b7 e6d7 b7b8 d7f7 c1c6 f7f4
8/8/6p1/1K5p/1P3k1P/8/8/8 b - -,
r3kb1r/pp1q1ppp/3p4/2pQn1N1/4PB2/8/PPP2PPP/R3K2R b KQkq -,d7c6 e1a1 f8e7 f4e5 e7g5 f2f4 d6e5 f4g5 c6c7 d1d2
r1bqkbnr/1pp2pp1/p1n4p/3p4/3P4/2N2N2/PPP1BPPP/R1BQ1RK1 b kq -,g8f6 f1e1 f8e7 h2h3 e8h8 c1f4 e7d6 f4e5 c8e6 e2d3
rq2nrk1/pp1nppbp/4P1p1/2pP4/2P2Bb1/2N2N2/PP2Q1PP/R3KB1R b KQ -,b8f4 e6d7 e8d6 e2d2 f4f6 d2e3 g4d7 f1e2 e7e5 e1h1
8/6pk/R4p1p/1P6/2K5/6r1/8/8 b - -,
1Q2r1k1/5ppp/p7/8/8/6NP/1P3PP1/3R2K1 b - -,e8b8 d1d2 g7g6 g3e2 a6a5 e2c3 b8a8 g1f1 a5a4 d2d1
8/pp6/4k3/5P1p/4K2P/8/P7/8 b - -,e6f6 e4e3 f6f5 e3f3 b7b5 f3e3 a7a6 e3f2 f5f4 f2e2
6R1/8/6k1/5p2/1r6/5K2/8/8 b - -,
8/8/3k4/8/3PK3/1r6/1P5R/8 b - -,b3g3 h2h6 d6c7 e4d5 g3g2 b2b3 g2c2 b3b4 c7b7 h6h7
3r3k/pp5p/1n6/4q1p1/3N4/2Pp2P1/PP3Q1P/4R1K1 b - -,e5g7 d4e6 d8f8 e6f8 d3d2 e1d1 h8g8 f8e6 g7f7 d1d2
8/5N2/7k/6p1/5nKp/8/6PP/8 b - -,h6h7 f7g5 h7g6 g4f4 g6h6 g5e4 h6g7 f4g4 h4h3 g4h3
rnb1k2r/ppppNppp/3n4/8/8/8/PPPP1PPP/RNB1KB1R b KQkq -,e8e7 b2b3 d6f5 c1b2 d7d6 b1c3 c8e6 e1a1 b8c6 c3e2
8/2p5/p4k1p/2P3p1/bP1r1p2/2N2P1P/6PK/R7 b - -,a4e8 a1a6 f6e5 a6h6 d4b4 h6h7 e8g6 h7g7 b4c4 g7g6
8/2k1Q3/8/8/1K2Np2/8/8/5q2 b - -,
2b1n3/4k2p/p2p2p1/B2Pp1P1/B1P3P1/7P/5K2/8 b - -,c8b7 f2f3 e8g7 f3e3 g7e8 a4b3 e7d7 e3e4 b7a8 h3h4
4r1k1/p4ppp/5n2/2q5/P7/3QPP2/5P1P/4R1K1 b - -,c5c6 g1g2 c6a4 d3c3 e8a8 e1a1 a4d7 a1a6 d7b7 c3c4
r4rk1/pp1bb1pp/n1p1p3/q2pNp2/2PPnBP1/P1NBP3/1PQ1KP1P/R6R b - -,a8d8 b2b4 a5c7 h2h4 e7b4 a3b4 a6b4 c2b2 c6c5 e2f1
1brr2k1/p4pp1/7p/q3p3/4Q3/2N5/P1PP1PPP/R1B2RK1 b - -,a5b6 c3d5 b6c5 c2c4 c5c4 e4c4 c8c4 d5e3 c4b4 f1d1
8/p6p/1p6/5k1P/P4P2/5K2/8/8 b - -,h7h6 f3e3 a7a6 e3f3 b6b5 a4a5 b5b4 f3e3 b4b3 e3d3
r1b3R1/p5R1/1kp5/1p6/4N3/4K3/PP5r/8 b - -,
r1bqrbk1/1p1n1ppp/p1pp1n2/4p3/2PP4/1PN1PNP1/PBQ2PBP/R4RK1 b - -,a6a5 e3e4 b7b5 c4b5 c6b5 c3b5 c8a6 a2a4 a8c8 c2d3
2r2rk1/pp3ppp/2bp1q2/3BpP2/2P1P3/PP2Q3/6PP/3R1R1K b - -,h7h6 a3a4 b7b6 d5c6 c8c6 d1d3 f8d8 h2h3 c6c5 f1g1
r4rk1/pp1n1pp1/3pb2p/6q1/3P3P/P2Q2P1/1PP1NP2/R3KB1R b KQ -,g5d8 e2f4 e6g4 f2f3 f8e8 e1f2 g4e6 a1e1 d8b6 f4e6
r1bqk1nr/pp3pbp/2npp1p1/8/3NP3/4B1P1/PPPQ1PBP/R3K1NR b KQkq -,g8e7 g1f3 e8h8 e1a1 d6d5 d4c6 b7c6 e3h6 g7h6 d2h6
r2qkbnr/pp1npppp/2p5/3p3b/8/1P3NPP/P1PPPPB1/RNBQ1RK1 b kq -,e7e5 d2d3 f7f5 b1d2 g8f6 c2c4 d5d4 f3h4 g7g6 a1b1
r1b1rbk1/1pqn1ppp/p1pp1n2/4p3/2PP4/1PN1PNP1/PBQ2PBP/2R2RK1 b - -,a6a5 f1d1 h7h6 h2h3 f6h7 e3e4 h7g5 f3g5 h6g5 d4d5
8/pp6/4k1p1/5P1p/4K1PP/8/P7/8 b - -,g6f5 e4f4 f5g4 f4g5 g4g3 g5h5 e6f5 h5h6 g3g2 h6g7
R7/6pk/5p1p/1P6/2K5/4r3/8/8 b - -,
8/8/6k1/8/4N1Kp/8/6nP/8 b - -,
8/2p5/R4k1p/1pP3p1/1P1r1p2/5P1P/6PK/8 b - -,f6e5 a6h6 d4b4 h6c6 b4c4 c6c7 b5b4 c7b7 e5d4 c5c6
r7/4nqpk/2bQ3p/2p2p2/2P2P2/2B3R1/6PP/5BK1 b - -,e7g6 d6c6 a8a7 h2h4 a7c7 c6d6 c7d7 d6c5 f7e6 c5e3
r3brk1/pp2b1pp/n1p1p3/q2pNp2/2PPnBP1/P1NBPP2/1PQ1K2P/R6R b - -,e7g5 f3e4 g5f4 e3f4 d5e4 c3e4 f5e4 d3e4 a8d8 a1d1
r1bqkb1r/1p3ppp/p1n1pn2/2Pp4/B7/2N1PN2/PPP2PPP/R1BQK2R b KQkq -,f8c5 e3e4 b7b5 e4d5 f6d5 a4b3 d5c3 d1d8 e8d8 b2c3
8/2p5/1r1b1kp1/7p/R4P1P/pB3KP1/2P5/8 b - -,b6b5 a4a6 b5b6 a6a4 f6g7 b3d5 b6b1 d5e4 g7f6 e4d3
1k1Q4/8/8/8/1K2Np2/8/8/5q2 b - -,b8a7 d8d4 a7b8 d4d6 b8a7 e4c5 f1e1 b4a4 e1a1 a4b3
r5k1/1q3pp1/p6p/1p1rn3/1P1B4/P3P1QP/6P1/2R2RK1 b - -,d5d4 e3d4 e5c4 g1h1 a6a5 c1e1 a5b4 a3b4 a8a3 f1f3
8/5k2/8/5pR1/1r6/5K2/8/8 b - -,
1r4k1/5ppp/p7/5N2/8/7P/1P3PP1/3R2K1 b - -,g7g6 f5e3 b8b2 d1a1 b2b6 g2g4 b6c6 g1g2 g8g7 a1a5
r1bq1rk1/1p1nbppp/p3pn2/2p5/3P1B2/2N1PN2/PP2BPPP/R2Q1RK1 b - -,d8e8 f3e5 c5d4 e3d4 d7b6 f4g3 b6d5 d1b3 b7b6 f1d1
8/3n1pk1/1r6/5qN1/rp1Q4/2P4P/1K6/3RR3 b - -,g7g6 d4d3 b4c3 b2c1 a4a1 c1c2 b6b2 c2c3 a1a3 c3b2
8/1p6/2pp1k1r/1p2p1RP/1PnPP3/2P2N2/5K2/8 b - -,f6e7 f2g3 e7e6 d4e5 d6e5 g3g4 h6f6 g5g7 c4e3 g4g3
8/8/1p2k2p/1P4p1/4K3/5P1P/8/8 b - -,e6e7 e4e5 e7d7 e5d5 d7c7 d5e6 c7b7 e6d7 b7b8 d7c6
r1b2rk1/pp4pp/2n1pp2/q3P3/2PPQ3/P7/4NPPP/R1B2K1R b - -,f6e5 c1e3 c8d7 h2h4 e5d4 e2d4 a5e5 e4e5 c6e5 a1c1
r3brk1/pp2b1pp/n1p1p3/q2pNp2/2PP1BP1/P1PBPP2/2Q1K2P/R6R b - -,a6c7 a1b1 f5g4 b1b7 g4f3 e2f1 f8f5 d3f5 e6f5 e5f3
r3kb1r/pp1q1ppp/2np4/2pQ2N1/4PB2/8/PPP2PPP/2KR3R b kq -,c6b4 d5b3 h7h6 g5f3 g7g5 f4g3 d7e6 c2c3 e6b3 a2b3
8/5p1k/7r/6KP/8/8/8/1Q6 b - -,h7g7 b1b2 g7h7 b2b3 h7g7 b3c3 g7h7 c3f3 h7g7 f3g4
r3kb1r/ppp3p1/2n1bq2/5p1p/Q3pP2/3PN1P1/PP2P1BP/R1B1K2R b KQkq -,f8b4 c1d2 b4d2 e1d2 e8a8 a4a3 h5h4 h1c1 e4d3 g2c6
r1bq1rk1/pp1pppb1/2n4p/1B1nP1p1/3P4/5NB1/PP3PPP/RN1Q1RK1 b - -,d8b6 b5c4 g5g4 c4d5 g4f3 b1c3 b6d4 f1e1 e7e6 d1f3
8/p7/1p5p/5k1P/P4P2/6K1/8/8 b - -,a7a6 g3f3 b6b5 a4b5 a6b5 f3e3 b5b4 e3e2 f5f4 e2d3
8/8/8/8/4N3/4K1p1/8/4k1N1 b - -,
1br3k1/p4pp1/7p/q3pQ2/3r4/2N5/P1PP1PPP/R1B2RK1 b - -,d4d8 a1b1 a5a6 c3e4 c8c6 b1b2 g7g6 f5f3 f7f5 e4g3
3r2k1/p4ppp/1p2p3/3bP3/3P4/1P1qR3/PBr2PPP/1R1Q2K1 b - -,d3d1 b1d1 c2b2 d1c1 b2a2 e3c3 h7h6 h2h3 a7a5 c3c8
r4k2/p7/2p5/1p6/5p2/2N5/PPB3p1/2KR4 b - -,a8e8 c2e4 b5b4 e4g2 b4c3 b2c3 e8e2 d1d2 e2e6 d2d4
r3kb1r/pppn2p1/2nqp1p1/3p2P1/8/1N1PP2B/PPPB1P2/R2QK2R b KQkq -,h8h4 d1e2 f8e7 f2f4 e7g5 e1a1 g5e7 e3e4 d7f8 e4d5
rnb1r1kb/1pq2p1p/p2p1np1/2pP4/P3P3/2N1BP2/1P1QB1PP/R3K1NR b KQ -,c7e7 e1f1 b8d7 g1h3 d7e5 h3f2 a8b8 e3g5 b7b5 h2h4
R7/6pk/1P3p1p/2K5/8/8/1r6/8 b - -,
r1b2rk1/pp4pp/2n1p3/q3P3/2P1Q3/P7/4NPPP/R1B2K1R b - -,a5e5 e4e5 c6e5 f2f3 e5c4 f1f2 e6e5 h1e1 b7b6 f2g1
rnbqkb1r/pppnpp1p/6p1/3pP3/3P3P/5P2/PPP3P1/RNBQKBNR b KQkq -,c7c5 h4h5 g6g5 c1g5 b8c6 g1e2 c5d4 e2d4 d8b6 d4b3
rn1q1rk1/6bp/4b1p1/pN1np1p1/P1B5/1NP2P2/1P1Q2PP/2KR3R b - -,f8f4 c4d5 d8d5 d2d5 e6d5 d1d5 b8c6 d5c5 c6e7 b5c7
7r/8/1N1pk3/pp2p1b1/2P1p3/P7/1P2R1K1/8 b - -,h8g8 g2f1 g5d8 c4c5 d6c5 b6c8 g8f8 f1g1 c5c4 g1h2
8/2p5/7R/1pP1k1p1/1P1r1p2/5P1P/6PK/8 b - -,d4b4 h6c6 b4c4 c6c7 e5d4 c5c6 b5b4 c7b7 d4c3 h3h4
rnbq1rk1/p4ppp/1p1bpn2/2ppN3/3P4/2P1P1B1/PP2BPPP/RN1QK2R b KQ -,d8e7 b1d2 e7c7 a2a4 c8a6 e2b5 a6b7 e1h1 c5c4 a4a5
8/8/1p6/1P1K1kpp/8/5P1P/8/8 b - -,g5g4 f3g4 h5g4 h3g4 f5g4 d5c6 g4f4 c6b6 f4e5 b6c5
4k1r1/pp3p1p/5Bb1/3p4/3Nn3/2q5/P3Q2P/R2K1R2 b - -,c3a1 d1c2 a1f1 e2f1 e4g3 f1d3 g6d3 c2d3 g3e4 f6e5
8/5pk1/7r/6KP/8/8/8/Q7 b - -,g7h7 a1a3 h7g7 a3c3 g7h7 c3a1 h6e6 g5f4 e6h6 f4f3
r5k1/Q1p2ppp/2p2q2/4r3/2b5/2P2P2/P1P3PP/1R4KR b - -,a8e8 a7f2 c4a2 b1d1 a2d5 h2h4 e5e2 f2g3 e2e6 c3c4
r1b3k1/P1N2qbp/1p1p1r2/3Pp3/4P1n1/3B1pP1/2QN1P1p/R4R1K b - -,a8a7 a1a7 f7e7 c7e6 e7a7 c2c8 g7f8 e6f8 g4f2 f1f2
8/5k2/8/5pR1/5K2/1r6/8/8 b - -,
3rr1k1/pp4pp/3Qbn2/5p2/2pPp3/2P4P/PPN1NPP1/R3R1K1 b - -,
6r1/4nqpk/2b4p/2Q2p2/2P2P2/2B3R1/6PP/5BK1 b - -,c6e4 c5c7 f7f8 c7d6 f8f7 d6d7 e4c6 d7c7 f7e6 h2h4
r1bqk2r/pppnppbp/3p1np1/3N4/2PP4/3BP3/PP3PPP/R1BQK1NR b KQkq -,f6d5 c4d5 c7c5 d5c6 b7c6 g1e2 e8h8 e1h1 c6c5 a1b1
8/8/1pK5/1P4pp/5k2/5P1P/8/8 b - -,f4f5 c6b6 f5f4 b6c5 f4f3 b5b6 f3g3 b6b7 g3h3 b7b8q
r4rk1/2p2p2/bp1q1n1p/3P2p1/B1PP1p1P/5R2/PP4P1/R1BQ2K1 b - -,a6c4 a4c6 a8e8 c6e8 f8e8 c1d2 d6d5 f3f2 f6e4 d1f3
r3kb1r/pp1q1pp1/2np3p/2pQ4/4PB2/5N2/PPP2PPP/2KR3R b kq -,a8d8 d1d2 g7g5 f4g3 d7e6 h1d1 h8g8 d5e6 f7e6 g3d6
8/8/6k1/5n2/4N1K1/8/7P/8 b - -,
r1bq1rk1/3nbppp/p3pn2/1pp5/3P1B2/P1N1PN2/1P2BPPP/R2Q1RK1 b - -,c8b7 d4c5 d7c5 b2b4 c5e4 d1d8 f8d8 f4e5 a8c8 f1c1
4k1r1/pp3p1p/5Bb1/3p4/3Nn3/8/P1K1Q2P/q4R2 b - -,a1f1 e2f1 e4g3 f1d3 g6d3 c2d3 g3e4 f6e5 e8d7 a2a3
rnbqk2r/pppp1ppp/8/2b1P3/2P3n1/4P3/PPQ2PPP/RNB1KBNR b KQkq -,g4e5 a2a3 e8h8 b2b4 c5e7 b1c3 a7a5 b4b5 e7f6 f2f4
3b3r/8/3pk3/pp1Np3/2P1p3/P7/1P2R1K1/8 b - -,b5c4 d5c3 d6d5 b2b4 c4b3 e2b2 d5d4 c3e4 e6d5 e4d2
8/6pk/1P3p2/2K4p/R7/8/1r6/8 b - -,
8/2p5/2R5/1pP1k1p1/1r3p2/5P1P/6PK/8 b - -,b4c4 c6c7 b5b4 h3h4 g5h4 c7b7 e5d5 h2h3 d5c6 b7b8
3r3k/pp5p/1n1q4/6p1/3N4/2PpQ1P1/PP5P/4R1K1 b - -,d6f6 e1f1 b6d5 e3d3 f6e7 d3d2 d8e8 d2f2 a7a5 d4c2
4r1k1/pbN3p1/7p/n1p2p2/B4Q2/3P2P1/qPP1r2P/3R1KR1 b - -,e8e5 c7b5 a2e6 b5c3 e2e3 f4f2 e3f3 d1a1 f3f2 f1f2
5rk1/p4ppp/2rp1q2/1P2pP2/4P3/PP2Q3/6PP/3R1R1K b - -,c6b6 a3a4 f8b8 e3d3 h7h6 h2h3 f6d8 f5f6 g7g6 d1c1
8/8/1K6/1P4pp/8/5k1P/8/8 b - -,
8/8/6kn/8/4N3/6K1/7P/8 b - -,
4n3/3b1k1p/p2p2p1/B2Pp1P1/2P3P1/5K1P/2B5/8 b - -,f7g7 a5d2 e8c7 f3e4 a6a5 c4c5 c7b5 d2a5 d6c5 e4e5
8/pp6/5k2/7p/4K2P/8/P4P2/8 b - -,b7b6 a2a4 f6e6 e4f4 a7a6 f4e4 b6b5 a4b5 a6b5 f2f3
r1bqk2r/pppp1ppp/5n2/2bPp3/3nP3/3BBN2/PPP2PPP/RN1QK2R b KQkq -,d4f3 d1f3 c5e3 f3e3 d7d6 b1c3 e8h8 h2h3 a7a6 a2a4
6k1/1p2r1p1/p4p1p/P2p3P/3R4/6P1/1P3PK1/8 b - -,e7d7 g2f1 g8f7 f1e2 f7e6 e2d3 e6f5 d4h4 d7c7 h4d4
8/8/pp5p/5k1P/P4P2/5K2/8/8 b - -,b6b5 a4a5 b5b4 f3e3 b4b3 e3d3 f5f4 d3c3 f4g5 c3b3
4rk2/p7/2p5/1p6/4Bp2/2N5/PP4p1/2KR4 b - -,b5b4 e4g2 b4c3 b2c3 e8e3 c1d2 e3e6 d1e1 e6g6 g2f3
r1bq1rk1/1p3ppp/p1p2n2/8/2B1PP2/2P5/P3Q1PP/R1B2RK1 b - -,d8a5 e4e5 c8g4 e2e3 f6d5 c4d5 a5d5 f4f5 f8e8 e3g5
8/5k2/8/5KR1/1r6/8/8/8 b - -,
Q7/5p1k/7r/6KP/8/8/8/8 b - -,h7g7 a8a7 h6e6 a7a1 g7h7 a1b1 h7g7 b1b2 g7h7 b2c2
1r4k1/1B3ppp/8/4p3/4P2P/1r4P1/R2n1PK1/R7 b - -,
8/5k1p/p1p5/P1P1K1Pp/5P2/8/8/8 b - -,f7g7 f4f5 h5h4 e5f4 h4h3 f4g3 g7h8 g3h3 h8g8 h3h4
r3r2k/ppp2Q1p/q5p1/5pN1/P1nP4/2P3P1/7P/R1B3K1 b - -,e8e1 g1g2 c4e3 g2h3 a6f1 h3h4 e3g2 h4h3
1r3k2/5p1p/p1N3p1/8/8/7P/1P3PP1/3R2K1 b - -,b8b2 d1a1 b2b6 c6e5 f8e7 g1f1 b6d6 e5f3 d6b6 f3e1
1k1Q4/8/6p1/8/1K2Np2/8/8/5q2 b - -,b8b2 d1a1 b2b6 c6e5 f8e7 g1f1 b6d6 e5f3 d6b6 f3e1
8/8/7n/5kN1/8/6K1/7P/8 b - -,
3q1rk1/2nn1pbp/pr1p2p1/2pP4/N3PP2/4BB1P/1P4P1/R2QR1K1 b - -,b6b5 g1h1 d7b6 e4e5 b6a4 a1a4 b5b2 d1c1 b2b5 e3f2
8/8/8/8/8/8/4NKp1/2k3N1 b - -,
5k2/1R3p2/3N2p1/7p/7P/4K1P1/8/5r2 b - -,f7f5 d6f7 f8g7 f7g5 g7h8 b7b6 h8g7 g5e6 g7f7 e6f4
r1bqk2r/pp1p1ppp/2p2n2/2bPp3/3BP3/3B1N2/PPP2PPP/RN1QK2R b KQkq -,e5d4 e1h1 d7d6 d5c6 b7c6 b1d2 c8g4 h2h3 g4f3 d2f3
r4rk1/2p2p2/1p1q1n1p/3P2p1/2bP1p1P/1B3R2/PP4P1/R1BQ2K1 b - -,c4b3 d1b3 f8e8 a2a4 e8e2 b3d3 e2e4 c1d2 d6d5 d2c3
r1bqk2r/pppnppbp/3p2p1/3P4/3P4/3BP3/PP3PPP/R1BQK1NR b KQkq -,c7c5 d5c6 b7c6 g1e2 e8h8 e1h1 a7a5 b2b3 c8b7 a2a4
r3kb1r/pp1b1ppp/4p3/3R4/8/2qB4/P2N1PPP/R1B1Q1K1 b kq -,f8b4 a1b1 e8a8 d5e5 d7c6 d3b5 d8d5 e5e3 c3e3 f2e3
r4rk1/pb1q1ppp/1p2pb2/3nB3/2Np4/PQ1P2P1/1PR1PPBP/5RK1 b - -,f8d8 f1c1 a8c8 e5f6 g7f6 c4d2 c8c2 c1c2 h7h5 c2c4
8/8/8/5kN1/6n1/6KP/8/8 b - -,
8/8/p6p/Pp3k1P/5P2/5K2/8/8 b - -,b5b4 f3e3 b4b3 e3d2 f5f4 d2c1 f4g5 c1b1 g5h5 b1b2
k4q2/pp6/1n5p/B1p4P/8/P2Q2P1/1P1N1P2/K7 b - -,f8e8 d2b1 b6a4 d3b3 a7a6 a5d2 e8c6 b3c2 a8a7 d2f4
2rqkr2/pp1bp1bp/4Bnp1/6B1/8/5Q2/PP3PPP/3RR1K1 b - -,c8c6 e6h3 c6c7 g5f4 d8c8 f4c7 c8c7 f3a3 d7h3 d1c1
4r1k1/2p2ppp/2p2q2/8/2b5/2P2PQ1/P1P1r1PP/1R4KR b - -,c4a2 b1f1 h7h5 h2h4 f6c3 g1h2 a2d5 f1f2 e2c2 f2c2
8/5k2/8/1r4R1/6K1/8/8/8 b - -,
8/8/8/8/8/8/4N1p1/1k2K1N1 b - -,
8/5ppp/4p3/1P6/5P2/P2KP1P1/1kn4P/1N6 b - -,e6e5 b1d2 c2e1 d3c4 b2c2 b5b6 c2d2 b6b7 e5e4 b7b8q
rnbqk2r/pppnppbp/6p1/3pP3/1P1P1P2/8/P1P3PP/RNBQKBNR b KQkq -,d7b6 f1d3 c8f5 d3f5 g6f5 d1h5 b8c6 c2c3 e7e6 g1f3
8/pp6/5kp1/7P/7P/4K3/P4P2/8 b - -,g6g5 h4g5 f6g5 e3d4 g5f5 d4d5 f5g5 f2f4 g5f5 h5h6
6k1/1p2r1p1/p4p1p/P2p3P/1R4P1/8/1P3PK1/8 b - -,e7d7 g2f3 d5d4 f3e2 d7d5 b4b7 d5a5 b7b6 f6f5 g4f5
3r3k/pp2Q2p/1n4q1/6p1/3N4/2Pp2P1/PP5P/4R1K1 b - -,d8g8 e7e5 g6g7 e5e3 g7f7 d4f5 f7d5 f5e7 d5d6 e7g8
r1n1b3/6pk/7p/2pR1p2/2P2P2/2B5/6PP/5BK1 b - -,h7g8 d5c5 c8d6 c5c7 e8f7 c3e5 d6e4 g2g4 g7g6 c4c5
rq2nrk1/pp1nppbp/6p1/2pPP3/2P2Bb1/2N2N2/PP2Q1PP/2KR1B1R b - -,g7e5 f4e5 g4f3 e2f3 b8e5 h2h4 e8d6 f1d3 h7h5 h1e1
r3rbk1/1bqn1ppp/pppp1n2/4p3/2PP4/1PN1PNP1/PBQR1PBP/2R3K1 b - -,a8b8 c1d1 b8d8 f3g5 e5d4 d2d4 h7h6 g5e4 f6e4 c3e4
8/8/8/4nk2/8/5NKP/8/8 b - -,
8/k1Q5/6p1/8/1K2Np2/8/8/5q2 b - -,e5c6 g3f2 c6e7 f3d4 f5f6 f2g3 e7d5 d4e6 d5e7 g3f3
r3kbnr/1pp2pp1/p1p5/4N2p/4P1b1/2Pq3P/PP1P1PP1/RNBQ1RK1 b kq -,d3d6 e5g4 h5g4 d1g4 d6d3 e4e5 g8h6 g4g3 e8a8 g3d3
8/pp6/4k3/7p/5K1P/8/P4P2/8 b - -,a7a5 f4g5 b7b5 f2f4 e6f7 g5f5 a5a4 f5e5 a4a3 e5d4
R5R1/pb3r2/2p2k2/1p6/5p2/2N3p1/PPB5/2K5 b - -,f4f3 c3e4 f6e5 a8e8 e5d4 e8d8 d4c4 c2b3 c4b4 b3f7
rn2kb1r/pp3ppp/4b3/1Npp4/8/3P4/PPP2PPP/R1B1K1NR b KQkq -,b8c6 b5c7 e8d7 c7a8 f8e7 g1e2 f7f6 h2h4 h7h5 a2a4
8/8/8/8/8/8/3KN1p1/k5N1 b - -,
3R1k2/5p1p/p1N3p1/8/8/7P/1r3PP1/6K1 b - -,f8g7 d8d7 b2b1 g1h2 b1b6 c6e5 b6f6 f2f3 g6g5 d7a7
k1Q5/8/6p1/8/1K2Np2/8/8/5q2 b - -,f8g7 d8d7 b2b1 g1h2 b1b6 c6e5 b6f6 f2f3 g6g5 d7a7
r4rk1/2p2p2/1p1q1n1p/3P2p1/3P1p1P/1Q3R2/PP4P1/R1B3K1 b - -,f8e8 c1d2 e8e2 a1d1 a8e8 b3b5 g8g7 a2a4 e8e4 b5d3
5rk1/p4ppp/1prp1q2/3RpP2/2P1P3/PP1Q4/6PP/3R3K b - -,f6g5 d5d6 c6d6 d3d6 g5f4 d6d3 g7g6 h1g1 g6f5 e4f5
r3rbk1/1bqn1ppp/pppp1n2/8/2PN4/1PN1P1P1/PBQR1PBP/2R3K1 b - -,d7c5 c1d1 a8c8 d4f5 d6d5 c3a4 c5e4 b2f6 e4d2 f6g7
r1bqkbnr/2pn4/p2p3p/1B4p1/4p1Q1/2N1N3/PPPP1PPP/R1B2RK1 b kq -,g8f6 g4e6 d8e7 e6e7 e8e7 b5c6 a8a7 c6e4 f6e4 c3e4
3b3r/8/3pk3/p2Np3/2p1p3/P7/1P1R2K1/8 b - -,h8g8 g2h3 e4e3 d5e3 d8g5 e3c4 g5d2 c4d2 e6d5 b2b4
8/8/2K5/1P4pp/8/6kP/8/8 b - -,h5h4 b5b6 g3h3 b6b7 g5g4 b7b8q g4g3 b8b6 h3h2 b6c7
1N3b2/6p1/p7/1k6/8/8/P1K3P1/8 b - -,f8d6 b8a6 b5a6 c2d3 a6a5 d3e4 a5a4 e4f5 a4a3 f5g6
4Q3/5pk1/7r/6KP/8/8/8/8 b - -,h6b6 e8e3 b6e6 e3c3 g7h7 c3d4 e6h6 g5h4 h6e6 d4f4
b5R1/p4r2/2p2k2/1p6/4Np2/6p1/PPB5/2K5 b - -,f6e7 g8a8 g3g2 a8g8 f4f3 e4d2 f3f2 g8g2 f2f1n d2f1
8/5kp1/7p/6N1/2K5/6P1/7P/8 b - -,
rnbq1rk1/ppp1ppbp/5np1/3p2B1/3PP3/2N5/PPPQ1PPP/2KR1BNR b - -,f6e4 c3e4 d5e4 g1e2 b8d7 e2g3 d7f6 h2h4 h7h5 f1c4
3rr1k1/1pp2pp1/p1n2q1p/4p3/1P2Pn2/2P1QNNP/1P3PPK/3RR3 b - -,g7g6 g3f1 f6e6 e3c1 f4d3 d1d3 d8d3 c1h6 e6f6 f1e3
8/8/3k4/8/5P2/8/5K2/8 b - -,
r6k/ppp2Q1p/q5p1/5pN1/P1nP4/2P3P1/6KP/R1B1r3 b - -,c4e3 g2h3 a6f1 h3h4 e3g2 h4h3 g2f4 h3h4
R7/5pkp/p1N3p1/8/8/7P/1r3PP1/6K1 b - -,b2b6 c6e5 b6b5 e5c4 b5c5 c4e3 a6a5 g2g3 g7f6 a8a7
8/8/1PK5/6pp/8/7k/8/8 b - -,g5g4 b6b7 h5h4 b7b8q g4g3 b8b6 h3h2 b6c7 h4h3 c6b5
r1bqkbnr/ppp3pp/2n2p2/3pP3/2P4B/5N2/PP2PPPP/RN1QKB1R b KQkq -,c8e6 c4d5 d8d5 d1d5 e6d5 b1c3 f8b4 e5f6 g8f6 e1a1
8/5kp1/8/3K2p1/8/6P1/7P/8 b - -,
8/3n1pk1/1r6/5qN1/rpP5/7P/1K1Q4/3RR3 b - -,b6a6 d2d4 d7f6 g5e4 a4a2 b2b1 a2a1 b1b2 a6a2 b2b3
8/p7/1p2k3/7p/P4K1P/8/5P2/8 b - -,a7a6 f4e4 e6d6 e4d4 b6b5 a4b5 a6b5 f2f3 b5b4 d4c4
r1bqk1nr/pp1p1p1p/2n1pbp1/2p3B1/2B1P3/3P1N2/PPPQ1PPP/RN3RK1 b kq -,b7b6 g5f6 d8f6 c2c3 g8e7 d3d4 d7d5 e4e5 f6g7 c4b5
r3brk1/pp2b2p/n1p3p1/q2pNp2/2PP1B1P/P1PBPP2/2Q1K3/R6R b - -,a6c7 a1g1 d5c4 e5c4 a5d5 f4c7 c6c5 c7e5 c5d4 e5d4
7r/8/3pk3/p2Np1b1/2p1p3/P7/1P4K1/3R4 b - -,h8b8 b2b4 c4b3 d5c3 b3b2 c3e4 g5e7 e4c3 b8b3 c3b1
7k/5qp1/1P5p/5b2/1R6/5Q2/1pr2PPP/4R2K b - -,f7e7 e1g1 e7b4 f3e3 h8h7 h2h3 c2c6 g2g4 f5g6 f2f3
r3kbnr/pp3ppp/2n1p3/1N1pP3/2pP4/4BN2/PqbQBPPP/RR4K1 b kq -,c4c3 b5c3 b2b1 c3b1 c2g6 d2b2 a8b8 b1d2 g8e7 d2f1
8/1P6/2K5/7p/6p1/7k/8/8 b - -,g4g3 b7b8q h5h4 b8c8 h3h2 c8c7 h4h3 c6b5 h2h1 c7c1
rnbqkb1r/pppn1p1p/4p1p1/3pP3/1P1P4/2P2P2/P5PP/RNBQKBNR b KQkq -,b7b6 f3f4 c7c5 a2a3 b8c6 g1f3 c8b7 f1d3 c5c4 d3c2
R7/p3kr2/2p5/1p6/4Np2/6p1/PPB5/2K5 b - -,g3g2 a8g8 f4f3 e4d2 f3f2 g8g2 f2f1r d2f1 f7f1 c1d2
8/p7/1p3k2/7p/P3K2P/8/5P2/8 b - -,f6e6 e4f4 e6f6 f4e4 a7a6 e4d5 f6f5 f2f3 f5f4 d5c6
8/6p1/5k2/3K2p1/6P1/8/7P/8 b - -,
4k1r1/pp3p1p/5Bb1/3p4/3Nn3/8/P1K4P/5Q2 b - -,e4g3 f1d3 g6d3 c2d3 g3e4 f6e5 e8d7 d4e2 e4c5 d3d2
8/1p1r1kp1/pR3p1p/P6P/3p2P1/8/1P2KP2/8 b - -,
r2q2k1/1p1n2p1/p2p4/3Ppr2/8/1N2Q3/PPP4P/1K1R2R1 b - -,d8e8 e3h3 e8h5 h3c3 f5f7 c3b4 a8e8 b4b7 e5e4 b7a6
3r4/1P5k/1K3p2/6pp/2R5/8/8/8 b - -,d8e8 c4c8 e8e3 b6c5 e3b3 b7b8r b3b8 c8b8 h5h4 c5d4
r3rbk1/1bqn1ppp/p1pp1n2/1P6/3N4/1PN1P1P1/PBQR1PBP/2R3K1 b - -,d7e5 b5c6 b7c8 c3e4 f6e4 c2e4 h7h5 h2h3 a8b8 b2c3
r1bq1rk1/pppnppbp/3p1Np1/8/2PP4/3BP3/PP3PPP/R1BQK1NR b KQ -,d7f6 g1e2 e7e5 e1h1 c7c6 d1c2 d8e7 f2f3 f8e8 d4e5
r3kbnr/p4ppp/b1p1p3/3q4/3Q4/2P1BN2/PP3PPP/RN2K2R b KQkq -,d5b5 c3c4 b5c4 b1c3 g8e7 e1a1 e7d5 h1e1 f7f6 d4c4
1Q6/8/2K5/7p/8/6pk/8/8 b - -,h5h4 b8c8 h3h2 c8c7 h4h3 c6d7 h2h1 c7c3 h1h2 c3e5
2r1r1k1/pp3pp1/3p3p/3P4/qP3Nb1/P1PK1nP1/1Q3P1P/R4B1R b - -,h5h4 b8c8 h3h2 c8c7 h4h3 c6d7 h2h1 c7c3 h1h2 c3e5
8/8/pp3k2/3K3p/P6P/8/5P2/8 b - -,
8/1p1r1kp1/pR3p1p/P6P/6P1/3p4/1P1K1P2/8 b - -,
r3rbk1/1bqn1ppp/p2p1n2/1Pp5/8/1PN1PNP1/PBQR1PBP/2R3K1 b - -,h7h6 a2a4 a6b5 c3b5 c7b8 d2d1 b7e4 c2e2 e4c6 f3d2
4r1k1/5pp1/5n2/p3q3/2pQ2P1/2N2P1P/P3P1K1/3R4 b - -,e5e7 d4c4 e7b4 d1d4 b4b6 a2a4 e8e3 d4d3 e3d3 c4d3
r3r2k/pppQ3p/q5p1/5pN1/P1nP4/2P3P1/7P/R1B3K1 b - -,e8e1 g1f2 e1f1 f2f1 c4e5 d7b5 a6b5 a4b5 e5g4 d4d5
6R1/p3kr2/2p5/1p6/4Np2/8/PPB3p1/2K5 b - -,f4f3 e4d2 f3f2 g8g2 f2f1n d2f1 f7f1 c1d2 e7d6 c2e4
r1n5/5bpk/7p/2p2R2/2P2P2/2B5/6PP/5BK1 b - -,h7g8 f5c5 h6h5 c5c7 c8d6 c3e5 d6e8 c7c6 h5h4 h2h3
r1bQ1k2/pp4p1/2p1p2p/P1P1q3/5n2/2P5/2B2PPP/R5K1 b - -,
6k1/1p1q1Bpp/1b4n1/pP6/1n1P4/BQ6/2b2PPP/R3R1K1 b - -,g8f8 a3b4 a5b4 a1a8 b6d8 b3d5 g6e5 e1e5 d7d5 f7d5
2kr1bnr/1pp2ppp/p1p3b1/8/6PN/3P3P/PPP1KP2/RNB4R b - -,h7h5 h4g6 f7g6 g4g5 g8e7 c1e3 e7f5 b1d2 f8d6 a1e1
4r1k1/p4p1p/5np1/2q5/P7/3QPP2/5P1P/1R4K1 b - -,e8c8 d3b5 c5c2 g1g2 g8g7 b1b2 c2d1 b2b1 d1d2 b1b2
4k1r1/pp3p1p/5Bb1/3p4/3N4/3Q2n1/P1K4P/8 b - -,g6d3 c2d3 g3e4 f6e5 e8d7 d4e2 e4c5 d3d2 b7b6 a2a3
r5k1/1q3pp1/p5np/1p1rP3/1P1B2Q1/P3P2P/6P1/2R2RK1 b - -,b7d7 e5e6 d7e6 g4e6 f7e6 c1c7 e6e5 f1f7 e5d4 f7g7
1r6/KP5k/5p2/6pp/2R5/8/8/8 b - -,
r2qkb1r/ppp1ppp1/2n2n1p/5b2/2pP4/N4NP1/PP2PPBP/R1BQ1RK1 b kq -,e7e6 a3c4 f5e4 c4d2 e4g6 f3e5 c6e5 d4e5 f6d5 d1b3
1rq3k1/5ppp/8/3Bp3/3nP2P/1r4P1/R2Q1PK1/R7 b - -,c8g4 d2g5 g4g5 h4g5 b3b6 a2a8 g7g6 a8b8 b6b8 a1a7
8/pp6/5kp1/7p/6PP/4KP2/P7/8 b - -,c8g4 d2g5 g4g5 h4g5 b3b6 a2a8 g7g6 a8b8 b6b8 a1a7
r3rbk1/1bqn1ppp/P2p4/2p5/4n3/1PN1PNP1/PBQR1PBP/2R3K1 b - -,b7a6 c3e4 a6b7 f3g5 h7h6 e4d6 h6g5 g2b7 a8a2 d6e8
4r1k1/3b1p2/5qp1/2Pp3p/6nn/2rBP1N1/4RPPP/1R1Q1NK1 b - -,g4e5 d3g6 f6g6 b1b4 d7g4 d1a4 e8c8 a4a1 h4f3 g2f3
r6k/pppQ3p/q5p1/5pN1/P1nP4/2P3P1/5K1P/R1B1r3 b - -,e1e2 f2e2 c4b6 d7b5 a6b5 a4b5 h7h6 g5f7 h8g7 f7e5
6R1/p3kr2/2p5/1p6/8/5p2/PPB2Np1/2K5 b - -,f7f6 c2e4 c6c5 c1d2 c5c4 d2e3 f6a6 f2d1 a6a2 e4f3
3k3r/3p1ppp/1N6/5r2/P5b1/B2p4/3P3P/2R3K1 b - -,d7d6 h2h3 f5g5 h3g4 d8e7 a4a5 g5a5 a3d6 e7f6 c1f1
8/pp6/5kp1/6Pp/7P/4K3/P4P2/8 b - -,f6e6 e3f4 e6d5 f4e3 b7b5 f2f4 d5e6 e3e4 b5b4 f4f5
8/1K5k/5p2/6pp/2R5/8/8/8 b - -,
6k1/6p1/pr3p1p/8/1P1R4/5KP1/5P2/8 b - -,g8f7 d4d7 f7g6 d7a7 f6f5 a7d7 g6f6 d7d5 g7g6 d5a5
8/1p1rk1p1/p4p1p/P6P/6P1/1R1p4/1P1K1P2/8 b - -,f6f5 f2f3 e7f6 b3b6 f6g5 b6g6 g5f4 b2b3 f4f3 g4f5
6k1/1R4p1/p4p1p/P2p3r/8/6P1/1P3PK1/8 b - -,d5d4 b2b4 h5d5 b4b5 g8h7 b5a6 d5a5 a6a7 d4d3 b7d7
4k1r1/pp3p1p/5B2/3p4/3N4/3K2n1/P6P/8 b - -,g3e4 f6e5 e8d7 d4e2 e4c5 d3d4 d7c6 d4c3 c5e6 e5g3
1R4k1/5p2/3N2p1/7p/7P/4K1P1/8/5r2 b - -,g8h7 b8f8 f7f5 f8f7 h7h6 f7b7 f1e1 e3f4 g6g5 f4f5
8/8/1QK5/7p/8/7k/6p1/8 b - -,g8h7 b8f8 f7f5 f8f7 h7h6 f7b7 f1e1 e3f4 g6g5 f4f5
r1b1k2r/ppp2ppp/2p5/4n3/2B1P2q/P1N5/1PPP1QPP/R1B1K2R b KQkq -,h4f2 e1f2 e5c4 d2d3 c4d6 h1e1 a7a5 c3a4 e8h8 c1f4
R7/4Npkp/pr4p1/8/8/7P/5PP1/6K1 b - -,b6d6 g2g4 g7f6 e7g8 f6g5 a8f8 d6d7 g1g2 h7h5 g4h5
k2rR3/ppq2pb1/1B1r3p/2p2Q1P/2p5/P4NP1/KP1R1P2/8 b - -,
r3kbnr/pppq1ppp/2n1b3/4P3/2Pp4/PP2PN2/5PPP/RNBQKB1R b KQkq -,g7g5 f3d4 f8g7 a1a2 g7e5 a2d2 c6d4 e3d4 e5f4 b1c3
5rk1/1p4p1/p1p1Rr2/3p3p/P5Pq/2P2P1P/1P2Q1K1/5R2 b - -,g8h8 a4a5 f6e6 e2e6 h4g5 f1e1 g5f4 e1e3 d5d4 c3d4
rn3b1r/pp1k1ppp/4b3/1Npp4/5B2/3P4/PPP2PPP/R3K1NR b KQ -,f8e7 b5c7 g7g5 f4g3 f7f5 g3e5 b8c6 e5h8 d7c7 h8c3
8/8/5k2/1pK4p/7P/8/5P2/8 b - -,
r1bQ4/pp3kpB/2p1p2p/P1P1q3/5n2/2P5/5PPP/R5K1 b - -,
7k/pp4rp/1n4q1/4QNp1/8/2Pp2P1/PP5P/4R1K1 b - -,h7h6 f5g7 b6d7 e5d4 g6b6 g7f5 b6d4 f5d4 d7e5 e1d1
r4rk1/pb1q1ppp/1p2p3/3nN3/3p4/PQ1P2P1/1PR1PPBP/5RK1 b - -,d7e8 e5f3 b7c6 b3a2 d5f6 f3d4 c6g2 g1g2 e6e5 d4c6
8/3R1kp1/pr3p1p/8/1P6/5KP1/5P2/8 b - -,f7g6 d7a7 f6f5 f3g2 g6f6 g2h3 g7g5 f2f4 f6g6 a7c7
r1b5/4kpp1/1p2pN1p/pNb1n2q/2P1P2P/1P1R2P1/P3QP2/2B3K1 b - -,g7f6 e2h5 e5d3 h5h6 c8b7 c1e3 b7e4 e3c5 d3c5 f2f3
8/3n1pk1/r7/5qN1/rpPQ4/7P/1K6/3RR3 b - -,d7f6 g5e4 a4a2 b2b1 a2a1 b1b2 a6a2 b2b3 a1d1 e1d1
r1b1k2r/ppp2ppp/2p5/4n3/2B1P3/P1N5/1PPP1KPP/R1B4R b kq -,e5c4 d2d3 c4d6 h1e1 a7a5 b2b3 b7b6 c1b2 f7f6 c3e2
8/2p1k3/6p1/5P1p/1b2K2P/pB4P1/2P5/8 b - -,e7f6 f5g6 f6g6 b3e6 b4c3 g3g4 g6f6 e6b3 h5g4 e4f4
8/7k/2K2p2/6p1/2R4p/8/8/8 b - -,h7g7 c6d5 g7g6 d5e4 f6f5 e4f3 g6f6 c4c5 f6g6 c5c7
8/1p1rk1p1/p6p/P4p1P/6P1/1R1p1P2/1P1K4/8 b - -,e7f6 b3b6 f6g5 b6g6 g5f4 b2b3 f4f3 g4f5 f3f4 f5f6
r1bqnrk1/pp4bQ/2p1p3/2p1P3/2P2P2/2N3N1/PP4P1/R3K2R b KQ -,g8f7 h7h5 f7g8 a1d1 d8e7 g3e2 e8f6 e5f6 f8f6 h5h7
r5k1/1p1n2p1/p2p1q2/3Ppr2/8/4Q3/PPPN3P/1K1R2R1 b - -,a8d8 d2e4 f6e7 a2a3 f5f4 e4g5 d7f8 g1g3 e7f6 d1g1
5R2/5p1k/3N2p1/7p/7P/4K1P1/8/5r2 b - -,h7g7 e3e2 g7f8 e2f1 f8e7 d6e4 e7d7 f1g2 d7e6 e4g5
4rbk1/2qn1ppp/r2p4/2p5/4b3/1PB1PNP1/P3QPBP/2RR2K1 b - -,a6a7 f3e1 c7b7 d1d2 d7b6 e2g4 h7h6 g2e4 e8e4 g4f3
r3kbnr/ppN2ppp/2n1p3/3pP3/2pP4/4BN2/P2QBPPP/1b4K1 b kq -,e8e7 c7a8 e7d7 d2b2 d7c8 b2b1 c8b8 f3g5 g8h6 g2g4
8/pp6/5kp1/8/6PP/4K3/P7/8 b - -,f6f7 e3e4 f7e6 e4d4 e6d6 h4h5 d6e6 d4c5 e6f7 c5d6
r1b3k1/pp4pp/2n1pr2/q7/2PPQ3/P7/4NPPP/R1B2K1R b - -,a5a4 c1f4 a4c4 a1c1 c4a4 f2f3 c8d7 e4d3 c6e7 f4e5
r1bqr1k1/1pp2pbp/p2p1np1/4n3/3NPQ1P/1BN2P2/PPP2BP1/2KR3R b - -,c7c5 d4f5 g6f5 f2c5 f6h5 f4e3 c8e6 c5d6 f5f4 e3f2
r2qr1k1/2p2p1p/2b1p1pB/p2nR3/2BP3P/2P3Q1/P4PP1/R5K1 b - -,d8d7 c4d5 c6d5 h6g5 d7d6 h4h5 a5a4 g3f4 e8b8 f4f6
8/1p1rk1p1/p6p/P6P/6P1/1R1p4/1P1K4/8 b - -,
4r1k1/p5pp/3rbn2/1p3p2/2pPpN2/2P4P/PPN2PP1/1R2R1K1 b - -,e8c8 h3h4 g7g6 c2e3 e6d7 f2f3 g8g7 b1d1 a7a5 f3e4
r4rk1/pb3ppp/1p1qp3/3n4/3p4/PQ1P1NP1/1PR1PPBP/5RK1 b - -,a8c8 f3d4 c8c2 b3c2 f8c8 c2a4 h7h6 d4b3 b7c6 a4a6
8/R5p1/pr3pkp/8/1P6/5KP1/5P2/8 b - -,f6f5 f3g2 g6f6 g2h3 g7g5 f2f4 f6e6 a7g7 g5g4 h3h4
8/pp6/6p1/4k2p/5PPP/4K3/P7/8 b - -,e5f6 f4f5 h5g4 e3f4 g6f5 h4h5 b7b5 h5h6 f6g6 h6h7
8/2p2k2/7R/1pP3p1/1P1r1p2/5P1P/6PK/8 b - -,f7g7 h6c6 d4b4 c6c7 g7f6 c7b7 f6e6 b7b8 e6d5 b8g8
8/pp6/4k3/7p/P3K2P/8/5P2/8 b - -,
2rq1rk1/p2nbppp/bp6/2pn4/2N5/1P3NP1/PBQ2PBP/R2R2K1 b - -,d5f6 c4e3 f8e8 c2f5 g7g6 f5f4 c5c4 b3c4 f6h5 f4g4
r2r2k1/1b1nqpp1/p3p2p/1p2B3/1P2N3/P2BP2P/4QPP1/R4RK1 b - -,f7f5 e5d6 e7e8 e4c5 d7c5 b4c5 d8d6 c5d6 a8d8 f1d1
K7/3k4/8/8/8/5R2/5p2/8 b - -,f7f5 e5d6 e7e8 e4c5 d7c5 b4c5 d8d6 c5d6 a8d8 f1d1
8/p7/1p3k2/7p/4KP1P/8/P7/8 b - -,f6e6 a2a3 e6f6 a3a4 f6e6 e4d4 e6f5 d4e3 a7a6 e3f3
8/8/5pk1/3K2p1/2R4p/8/8/8 b - -,g6h6 d5e4 h4h3 c4c8 h6g6 e4f3 h3h2 f3g2 h2h1q g2h1
r4b1r/pp1k1ppp/2n1b3/1Npp4/5B2/3P1N2/PPP2PPP/R3K2R b KQ -,a8c8 e1a1 d5d4 f3g5 e6d5 c2c4 d5e6 b5a3 f8e7 g5e6
5R2/5pk1/3N2p1/7p/7P/6P1/4K3/5r2 b - -,g7f8 e2f1 f8e7 d6e4 e7d7 f1e2 d7e6 e4g5 e6e7 e2e3
r4k2/4Rp2/p4p1r/1pp4p/8/1PPP4/1P3PPP/R5K1 b - -,f8e7 g2g3 f6f5 h2h4 e7f8 g1f1 a8e8 b3b4 c5b4 c3b4
2kr1b1r/ppp1pppp/1q3n2/8/Q5b1/1N2P1P1/PB3PBP/R4RK1 b - -,g4d7 a4f4 d7c6 g2c6 b6c6 f1c1 f6d5 f4f3 c6b5 f3f7
r4rk1/pb3ppp/1p1q4/3np3/3p4/PQ1P1NP1/1PR1PPBP/2R3K1 b - -,a7a5 f3d2 a8b8 d2c4 d6e6 e2e3 d4e3 c4e3 d5f4 b3e6
r7/5bpk/3n3p/2R5/2P2P2/2B5/6PP/5BK1 b - -,h7g8 c3e5 d6e4 c5c6 a8a3 c6c8 g8h7 c8d8 e4c5 h2h3
r2q1rk1/5ppp/p5b1/npnpP3/2p2Q2/2P5/PPBN1PPP/2RRN1K1 b - -,g6c2 c1c2 c5e6 f4f5 d5d4 d2e4 d4d3 e1d3 a5c6 c2d2
8/pp6/5k2/7p/4KP1P/8/P7/8 b - -,f6e6 f4f5 e6f6 e4e3 f6f5 e3f3 a7a6 f3e2 f5f4 e2d1
2r1rbk1/4n2p/p5p1/q3P3/3P2P1/2PB4/2QKN3/3R3R b - -,c8c7 c2b3 a5d5 d1b1 a6a5 b3d5 e7d5 d3e4 c7d7 d2d3
3Q4/5pk1/7r/6KP/8/8/8/8 b - -,h6e6 d8d4 g7h7 g5f4 e6h6 d4c5 h7g7 c5e5 g7g8 e5b8
r2q1rk1/pbpnbppp/1p6/3p4/4n3/1P2PNP1/PB1PNPBP/R2Q1RK1 b - -,c7c5 a1c1 a8c8 e2f4 e7d6 f4h5 g7g6 d2d3 e4f6 h5f6
4k3/4P3/5Kpp/8/6P1/8/6P1/8 b - -,c7c5 a1c1 a8c8 e2f4 e7d6 f4h5 g7g6 d2d3 e4f6 h5f6
6k1/1R4p1/p4p1p/P6r/1P1p4/6P1/5PK1/8 b - -,h5d5 b4b5 d4d3 b5a6 d3d2 a6a7 d5a5 b7d7 h6h5 d7d2
1Q6/5qpk/7p/5b2/3R4/5Q2/1p3PPP/2R4K b - -,b2c1r d4d1 c1d1 f3d1 f5e4 b8g3 f7e6 h2h3 e6f7 d1d4
2rq1rk1/p2nbppp/bp3n2/2p5/8/1P2NNP1/PBQ2PBP/R2R2K1 b - -,c5c4 b3c4 d8c7 f3g5 a6c4 e3f5 e7d8 a1c1 h7h6 f5d6
8/2p1k3/8/5K1p/1b5P/pB4P1/2P5/8 b - -,e7d6 g3g4 h5g4 f5g4 d6e5 g4f3 b4e7 h4h5 e7g5 b3a2
8/R5p1/pr4kp/5p2/1P6/6P1/5PK1/8 b - -,g6f6 g2h3 g7g5 f2f4 g5f4 g3f4 f6e6 h3g3 b6c6 a7b7
r1bqkbnr/2pn4/p2p3p/6p1/2B1p3/2N1N3/PPPP1PPP/R1BQ1RK1 b kq -,g8f6 c3e4 d7e5 c4b3 c8b7 e4f6 d8f6 d2d4 e5g6 e3d5
8/2p2k1R/8/1pP3p1/1r3p2/5P1P/6PK/8 b - -,f7g6 h7c7 b4c4 c5c6 g6f6 h3h4 g5h4 c7b7 c4c6 b7b5
N4bnr/pp1k1ppp/2n1p3/3pP3/2pP4/4BN2/P2QBPPP/1b4K1 b - -,b1g6 d2b2 d7c8 e2c4 g8e7 c4b5 c6b8 e3d2 e7c6 a2a4
1b1r2k1/p4pp1/7p/q3pQ2/3r4/2N3P1/P1PP1P1P/R1B2RK1 b - -,d4c4 a1b1 c4c6 f5e4 c6c8 a2a4 d8d4 e4f3 a5d8 a4a5
1r6/4kp2/1prp1qp1/R3pP1p/P1P1P2P/1P2Q1PK/8/5R2 b - -,b6a5 e3a7 e7d8 a7b8 c6c8 b8b6 d8e8 b6a5 g6g5 a5b5
6R1/4Npkp/p2r2p1/8/8/7P/5PP1/6K1 b - -,g7f6 e7c8 d6c6 g8e8 c6c1 g1h2 c1c6 h3h4 a6a5 c8a7
r5k1/1p4p1/p2p1q2/2nPpr2/1P6/4Q3/P1PN3P/1K1R2R1 b - -,c5e6 d2e4 f6e7 d5e6 f5f4 e4d6 e7e6 e3b3 e6b3 a2b3
8/8/5p2/5kp1/2RK3p/8/8/8 b - -,f5e6 c4c6 e6f5 d4e3 f5e5 c6c5 e5d6 c5b5 h4h3 e3e4
7k/pp4N1/6q1/6pp/2nQ4/2Pp2P1/PP5P/4R1K1 b - -,g6d6 e1e8 h8h7 d4c4 h7g7 c4g8 g7f6 e8f8 d6f8 g8f8
4k3/3b2np/p5p1/2BPK1P1/6P1/1B5P/8/8 b - -,a6a5 e5f6 a5a4 b3c2 a4a3 c5a3 g7e6 d5e6 d7b5 h3h4
4r1k1/p4p1p/5np1/6q1/P7/3QPP2/5P1P/1R5K b - -,e8c8 h2h3 g8g7 d3d1 c8c5 b1b4 g5d5 b4d4 d5a2 h1g1
8/p7/5k2/1p5p/3K1P1P/8/P7/8 b - -,f6f5 d4c5 f5f4 c5b5 f4g3 b5a6 g3h4 a2a4 h4g3 a6a7
6k1/6p1/R4p1p/8/8/1r4P1/1P3PK1/8 b - -,
8/1p1r2p1/p4k1p/P6P/6P1/3R4/1P1K4/8 b - -,d7d3 d2d3 f6g5 d3d4 g5g4 d4c5 g4h5 c5b6 g7g5 b6b7
8/2R3p1/pr3k1p/5p2/1P6/6P1/5PK1/8 b - -,f5f4 g3f4 b6b4 c7c6 f6f5 c6a6 b4f4 f2f3 h6h5 a6a5
r2q1rk1/5ppp/p7/npnpP3/2p2Q2/2P5/PPRN1PPP/3RN1K1 b - -,c5e6 f4g4 d5d4 d2e4 d4d3 c2d2 a5c6 e4f6 g8h8 f6h7
r3kb1r/pppnpppp/5n2/q4b2/8/2N1P1P1/PP1PNPBP/R1BQK2R b KQkq -,e7e5 d2d4 c7c6 e1h1 a8d8 d1b3 a5a6 e3e4 f5g6 f1d1
8/p7/8/1pK2k1p/5P1P/8/P7/8 b - -,f5g4 f4f5 g4f5 c5b5 f5g4 b5a6 g4h4 a6a7 h4g3 a7b8
r3kbnr/ppN2ppp/2n1p3/2ppP3/3P4/4BN2/Pqb1BPPP/R2Q1RK1 b kq -,e8e7 d1d2 a8c8 c7d5 e6d5 d4c5 f7f6 a1c1 f6e5 c1c2
k2q4/pp4Q1/1n5p/B1p4P/2p5/P4NP1/KP3P2/8 b - -,d8b8 f3d2 b6a4 d2c4 b7b5 c4e3 b8c8 g7f7 a7a6 a5d2
r2q1rk1/1bpn1ppp/1p1n4/p2p4/8/1P1PPNP1/PQ2NPBP/2R2RK1 b - -,c7c6 e2f4 d8e7 h2h4 h7h6 f4h5 d6e8 f1e1 e8f6 h5f6
rnbqkb1r/p2ppp1p/1p3np1/6B1/2PQN3/8/PP2PPPP/R3KBNR b KQkq -,f6e4 d4e4 b8c6 g1f3 f8g7 e4c2 c8b7 e2e4 c6b4 c2d2
1r6/4kp2/1prp2p1/pR2pPPp/P1P1P3/1P4PK/8/5R2 b - -,c6c8 f5g6 f7g6 f1f6 c8g8 h3h4 g8g7 b3b4 a5b4 b5b4
6k1/6p1/R4p1p/8/8/6P1/1r3PK1/8 b - -,g8f7 a6a7 f7g6 a7a5 b2b4 a5a6 b4b7 g2h3 g6f7 a6a5
r1bqk1nr/pp1p1ppp/1bP5/n3p3/4P3/3B1N2/P1PP1PPP/RNBQK2R b KQkq -,d7c6 b1c3 d8d6 e1h1 g8e7 d3e2 e7g6 c3a4 b6c7 c2c4
3Q3k/pp4q1/8/6pp/2n5/2Pp2P1/PP5P/4R1K1 b - -,h8h7 d8d3 g7g6 d3d7 h7h6 e1e6 b7b5 e6g6 h6g6 d7b5
r1b1k2r/ppp2ppp/2p5/2b1n3/2B1P3/P1N3Pq/1PPPQP1P/R1B1K2R b KQkq -,c8g4 e2f1 e5f3 e1d1 f3h2 c4e2 h2f1 h1h3 g4h3 d1e1
8/1p1r2p1/pR3k1p/P6P/6P1/3p4/1P1K4/8 b - -,
8/2n2kp1/7p/8/2p5/2N2K2/6PP/8 b - -,c7e8 f3e4 f7e6 e4d4 e8d6 c3e2 e6f6 d4d5 d6f5 d5c4
8/8/pr3k1p/2R2pp1/1P6/6P1/5PK1/8 b - -,g5g4 c5a5 f6e7 g2f1 e7e6 f1e2 e6f6 e2f1 h6h5 f1g1
8/8/pK6/1p3k1p/5P1P/8/P7/8 b - -,f5f6 b6a6 b5b4 a6a5 f6g6 a5b4 g6f5 b4b5 f5f6 f4f5
r1b1k2r/2qnbppp/2p1p3/p2n2P1/1p1PN3/3B1N2/PPPBQP1P/1K1R3R b kq -,a5a4 h2h4 a4a3 b2b3 c6c5 h4h5 e8h8 g5g6 h7h6 e4g5
8/R4kp1/5p1p/8/8/6P1/1r3PK1/8 b - -,f7g6 a7a6 b2e2 g2f3 e2e7 f3g2 g6h7 a6a5 e7e5 a5a7
2rqr3/p2nbkp1/bp3n1p/2p5/6N1/1P4P1/PBQ2PBP/R2R2K1 b - -,c8c7 g4f6 d7f6 d1d8 e8d8 a1d1 d8d1 c2d1 c7d7 d1e1
r4rk1/1bp1qppp/1p1n1n2/p2pN3/5N2/1P1PP1P1/PQ3PBP/2R2RK1 b - -,d6f5 d3d4 g7g5 b2c2 f5d6 f4d3 a8c8 g2h3 c7c5 h3c8
4rbk1/q2n1ppp/r2p4/2p5/4b3/1PB1PNP1/P2RQPBP/2R3K1 b - -,e8a8 e2c4 d6d5 d2d5 e4f3 g2f3 d7b6 c4f4 b6d5 f3d5
r4rk1/1bq1bppp/ppnppn2/8/P1P1P3/1PN1B1P1/5PBP/RN1Q1RK1 b - -,f8d8 b1a3 f6d7 a3c2 e7f6 c2d4 d7c5 a1b1 h7h6 d4c6
8/1p1r2p1/p5Rp/P3k2P/6P1/3p4/1P1K4/8 b - -,
r1b3k1/pp4pp/2n1pr2/8/q1PPQ3/P3B3/4NPPP/R4K1R b - -,f6f7 e4d3 e6e5 d4d5 c6a5 c4c5 c8f5 d3c3 a5c4 a1c1
3r1rk1/pb3ppp/1p1q4/3np1N1/3p4/PQ1P2P1/1PR1PPBP/2R3K1 b - -,
r2q1rk1/5ppp/p3n3/np1pPQ2/2p5/2P5/PPRN1PPP/3RN1K1 b - -,a5c6 d2e4 d8c7 e4d6 a8d8 c2d2 c6e5 d2d5 e5g6 d5d2
4NR2/5pk1/5rp1/7p/7P/6P1/4K3/8 b - -,g7f8 e8f6 f8g7 f6e4 g7f8 e2f3 f8e7 e4g5 e7f8 f3e4
r1b2rk1/4bppp/p1q1p3/1p1nP3/8/2N1BB2/PPP3PP/R3QR1K b - -,g8h8 a1d1 c8b7 c3d5 e6d5 f3d5 c6c7 d5b7 c7b7 c2c3
8/8/K7/5k1p/1p3P1P/8/P7/8 b - -,f5e4 a6a5 b4b3 a2b3 e4f5 a5b5 f5e6 b5a6 e6f7 a6a5
4r1k1/p1r1q1bQ/1p2p3/nP1b2N1/3P4/P6R/5PPP/R5K1 b - -,g8f8 h7g6 g7d4 g5h7 e7h7 h3h7 c7h7 g6h7 d4a1 h7c7
1r4k1/1q3ppp/8/4p3/2BnP2P/1r4P1/R2Q1PK1/R7 b - -,b7e4 g2h3 b3b1 c4f7 g8f7 a2a7 f7f8 d2g5 b1h1 a1h1
8/8/2R2p2/6p1/7p/3K1k2/8/8 b - -,
rnbqk2r/ppppbppp/5n2/4B3/8/1P3N2/P1PPPPPP/RN1QKB1R b KQkq -,e8h8 e2e3 c7c5 e5b2 b8c6 f1e2 d7d5 d2d4 c5d4 f3d4
2n3k1/1b5p/6p1/2Q1N3/1p2P3/1P2n1qP/R7/7K b - -,e8h8 e2e3 c7c5 e5b2 b8c6 f1e2 d7d5 d2d4 c5d4 f3d4
2r2b1r/pp1k1ppp/4b3/1NppB3/8/3P4/PPP2PPP/R3K2R b KQ -,a7a6 b5c3 c8e8 e5f4 d5d4 c3e2 g7g5 f4d2 h7h5 f2f3
8/2n3p1/4k2p/8/2p1K3/2N5/6PP/8 b - -,c7e8 e4d4 e8d6 c3d1 h6h5 d1f2 d6f5 d4c4 f5e3 c4d3
R7/6p1/5pkp/8/8/6P1/1r3PK1/8 b - -,g6h7 a8a5 b2e2 a5a6 e2e5 g2h3 e5b5 h3g2 f6f5 a6a7
4rbk1/q2n1ppp/r7/2pp4/4b3/1PB1PNP1/P2RQP1P/2R2BK1 b - -,c5c4 f3g5 d7c5 b3c4 a7e7 g5e4 d5e4 c3b4 e7a7 b4c5
rnb1k2r/p3ppb1/2p3p1/1p2P2p/5BnP/2N2N2/PPPR1PP1/2K2B1R b kq -,b8d7 e5e6 f7e6 f1d3 e8h8 f4g5 g8f7 c3e4 d7e5 f3e5
rnbqk2r/p2pppbp/1p3np1/6B1/2PQN3/6P1/PP2PP1P/R3KBNR b KQkq -,b8c6 e4f6 g7f6 d4d2 f6g5 d2g5 c8a6 g5d2 e8h8 b2b3
8/8/8/K6p/1p3k1P/8/P7/8 b - -,f4e5 a5b4 e5d6 b4b5 d6c7 b5c5 c7d7 c5d5 d7c7 d5e5
r1bqk1nr/ppppppbp/2n3p1/8/2BPP3/4B3/PPP2PPP/RN1QK1NR b KQkq -,h7h6 g1f3 d7d6 e1h1 e7e6 c4d3 g8e7 c2c4 e6e5 d4d5
8/1p1r2p1/p3R2p/P6P/4k1P1/3p4/1P1K4/8 b - -,
rnbqkbnr/p2ppp1p/1p4p1/6B1/2PQ4/2N5/PP2PPPP/R3KBNR b KQkq -,f7f6 g5h4 c8b7 e2e4 b8c6 d4d2 a8c8 e1a1 c6e5 b2b3
4rk2/p1r1q1bQ/1p2p3/nP1b2N1/3P4/P4R2/5PPP/R5K1 b - -,d5f3 g5f3 g7f6 h7h6 e7g7 h6f4 f8g8 a1e1 c7f7 e1e4
8/pp6/6p1/4k2p/6PP/3K1P2/P7/8 b - -,e5f4 g4g5 f4f3 d3d4 f3f4 d4d5 f4f5 d5d6 b7b5 d6c6
6k1/1R4p1/p4p1p/P2r4/1P1p4/6P1/5P2/5K2 b - -,
8/6p1/R4pkp/8/8/6P1/1r3PK1/8 b - -,g6h7 a6a5 b2e2 a5a6 e2e4 a6a5 e4e5 a5a7 e5e6 a7a5
r2q2k1/3nr1pp/2p2p2/pp2pPPP/n2pP3/3P3B/1PPB1Q2/R5RK b - -,g8h8 h5h6 a4b2 f2h4 b2a4 g5g6 d7f8 g1g2 a8a7 h6g7
r1bqk1nr/pp1p1ppp/1bn5/4p3/4P3/3B1N2/PBPP1PPP/RN1QK2R b KQkq -,b6f2 e1f2 d8b6 f2e1 b6b2 b1c3 b2b6 a1b1 b6d8 d1c1
r1bqkbnr/1pp2ppp/p2p4/n2Bp3/4P3/2P2N2/PP1P1PPP/RNBQ1RK1 b kq -,g8f6 d2d4 f8e7 d4e5 d6e5 f3e5 e8h8 b2b4 f6d5 e4d5
r1b1k2r/ppp2ppp/2p5/2b1n3/2B1P3/2NQ2Pq/PPPP1P1P/R1B1K2R b KQkq -,e5d3 c4d3 h3g2 h1f1 c8h3 b2b4 c5d4 c1b2 g2h2 e1a1
r1nqk2r/1p1b1pp1/4p2p/p2pPN2/P1pP1P2/B1P3P1/2PQB2P/R4RK1 b kq -,e6f5 g3g4 f5g4 f4f5 d8g5 d2g5 h6g5 e2g4 f7f6 a1e1
rnbq1rk1/ppppbppp/5n2/4B3/8/1P2PN2/P1PP1PPP/RN1QKB1R b KQ -,c7c5 e5b2 d7d5 f1e2 b8c6 d2d4 c8f5 e1h1 a8c8 d4c5
2r1rbk1/7p/p5B1/q2nP3/3P2P1/2P5/2QKN3/3R3R b - -,f8g7 g6e8 h7h6 e8d7 c8d8 d1a1 a5b6 a1b1 d8d7 b1b6
r2q1rk1/5ppp/p3n3/np2PQ2/2p1N3/2PN4/PPR2PPP/3R2K1 b - -,g7g6 e4f6 g8g7 f5f3 c4d3 d1d3 d8c7 d3d6 h7h5 f6d5
8/8/8/2R2pp1/7p/3K1k2/8/8 b - -,
rnb1kb1r/pp3ppp/2p1p3/q2pP3/3P4/2PB1Q2/P1P1NPPP/R1B1K2R b KQkq -,b8d7 c1d2 a5a3 a1b1 c6c5 d3b5 a8b8 d4c5 a7a6 b5d3
8/8/8/7p/1K4kP/8/P7/8 b - -,b8d7 c1d2 a5a3 a1b1 c6c5 d3b5 a8b8 d4c5 a7a6 b5d3
8/6p1/5pkp/R7/8/6P1/1r3PK1/8 b - -,b2e2 g2f3 e2e6 a5a4 g6h7 a4a8 e6b6 a8a5 h7g6 f3g2
2rr2k1/1b1nqpp1/p3p2p/1p2B3/1P2N3/P2BP2P/4QPP1/R2R2K1 b - -,f7f5 e5d6 e7f7 e4c5 d7b6 d6e5 b6a4 c5a4 b5a4 d3c2
r4rk1/1b2bppp/p1q5/1p1pP3/8/2P1BB2/PP4PP/R3QR1K b - -,a6a5 a1d1 c6e6 e1g3 a8d8 e3d4 e6h6 g3f2 e7h4 f2e3
r5k1/1pp2p1p/3qbQ2/8/1r2P2N/5R1P/6P1/4R2K b - -,b4b3 h4f5 e6f5 f6d6 c7d6 f3b3 a8e8 e1d1 f5e4 d1d6
2rqr3/p2nbkp1/bp5p/2pB4/6n1/1P4P1/PBQ2P1P/R2R2K1 b - -,b4b3 h4f5 e6f5 f6d6 c7d6 f3b3 a8e8 e1d1 f5e4 d1d6
6k1/1b3p1p/6p1/pp2P1b1/6BP/5PP1/PP2Q3/1q1rNR1K b - -,g5e7 e5e6 b7d5 g4h3 g8f8 e6f7 f8f7 b2b3 a5a4 h1h2
r2q1rk1/6bp/n5p1/pN1Qp1p1/P7/1NP2P2/1P4PP/2KR3R b - -,d8d5 d1d5 g5g4 f3g4 f8f4 h1d1 g7h6 c1b1 f4a4 d5d8
2r2b1r/1p1k1ppp/p3b3/2ppB3/8/2NP4/PPP2PPP/R3K2R b KQ -,c8e8 e5f4 d5d4 c3e2 g7g5 f4d2 h7h5 f2f3 f8e7 a2a3
R7/4Npkp/p2r2p1/8/6P1/7P/5P2/6K1 b - -,g7f6 e7g8 f6e6 g4g5 e6d5 g8f6 d5c4 a8a7 c4b4 a7f7
8/6p1/5pkp/8/R7/6P1/1r3PK1/8 b - -,b2e2 g2f3 e2e6 a4a5 e6d6 f3g2 f6f5 a5a7 d6b6 a7a8
5r2/ppQ3k1/2p2p1p/P4Rn1/1r2P3/1B6/6PK/8 b - -,b2e2 g2f3 e2e6 a4a5 e6d6 f3g2 f6f5 a5a7 d6b6 a7a8
r2q1rk1/5ppp/p3n3/np2PQ2/4N3/2PR4/PPR2PPP/6K1 b - -,d8e7 d3h3 h7h6 h3h6 g7h6 e4f6 e7f6 e5f6 a8d8 h2h4
2rqrk2/p2nb1pQ/bp5p/2pB4/6n1/1P4P1/PB3P1P/R2R2K1 b - -,d8e7 d3h3 h7h6 h3h6 g7h6 e4f6 e7f6 e5f6 a8d8 h2h4
3rr1k1/ppp1qpp1/4b2p/5n2/8/P1Q4P/1PP1BPP1/R1B1R1K1 b - -,f5d4 e2f1 e7f6 c1e3 b7b6 a1d1 c7c5 d1d2 e6f5 e3d4
r1bqk1nr/pp3ppp/1bnp4/4p3/4P3/2NB1N2/PBPP1PPP/R2QK2R b KQkq -,g8f6 e1h1 e8h8 d3c4 c8e6 c4b3 a8c8 a1b1 c6d4 f3d4
6k1/1R4p1/p4p1p/P2r4/1P6/3p2P1/5P2/4K3 b - -,
r1b3k1/pp4pp/2n1pr2/6B1/q1PPQ3/P7/4NPPP/R4K1R b - -,e6e5 g5f6 g7f6 f2f3 a4c4 a1c1 c4b5 f1f2 c8f5 e4f5
r4rk1/p4ppp/bqp1p3/3pPn2/1b1P4/P1N2N2/1P3PPP/R1BQR1K1 b - -,c6c5 a3b4 c5d4 c3a4 b6b4 b2b3 f8b8 g2g4 d4d3 g4f5
r1b1k2r/ppp2ppp/2p5/2b1n3/2B1P3/2N3Pq/PPPP1P1P/R1BQK2R b KQkq -,h3g2 h1f1 e5f3 d1f3 g2f3 c4e2 f3f6 f2f4 c8h3 f1f3
8/6p1/5pkp/8/8/R5P1/1r3PK1/8 b - -,b2e2 a3a5 e2e5 a5a6 e5e7 g2f3 g6g5 a6a5 f6f5 a5a2
r1bqkbnr/p2p1ppp/2n5/1ppB4/3pPP2/5N2/PPP3PP/RNBQK2R b KQkq -,g8f6 f3g5 f6d5 e4d5 h7h6 g5e4 c6b4 e1h1 d8b6 f1e1
r2q1r1k/2pb2pp/5p2/p2Q4/3P4/2P3B1/P4PPP/R4RK1 b - -,f8e8 f1e1 c7c6 d5d6 d8c8 c3c4 e8e6 d6a3 c8f8 a3d3
r4rk1/1bq1bppp/pp1ppn2/4n3/P1P1P3/1PN1B1PP/5PB1/RN1Q1RK1 b - -,a8c8 d1e2 f6d7 b1a3 e7f6 f1d1 e5c6 a1c1 d7c5 c3b5
rn1q1rk1/pb3ppp/1p1bpn2/2ppN3/3P4/2P1P1B1/PP1NBPPP/R2QK2R b KQ -,b8c6 e1h1 d8c7 e5c6 b7c6 g3d6 c7d6 a2a4 a7a5 d2f3
8/6p1/5pkp/8/8/6P1/1r3PK1/R7 b - -,g6h7 a1a5 h7g6 a5a3 b2b6 a3a2 f6f5 a2a7 b6f6 a7a8
4rbk1/5pp1/1n2r2p/q1pp4/4b3/1PBBP1P1/P2R1P1P/2RQN1K1 b - -,e4d3 c3a5 d3e4 f2f3 e4g6 a5b6 e6b6 d2d5 c5c4 c1c4
8/1p1r2p1/pR5p/P6P/3k2P1/3p4/1P1K4/8 b - -,
8/8/8/5Rp1/8/3K1k1p/8/8 b - -,
4rb1r/1p1k1ppp/p3b3/2pp4/5B2/2NP4/PPP2PPP/R3K2R b KQ -,d5d4 c3e2 g7g5 f4d2 h7h5 f2f3 f8e7 a2a3 h5h4 h2h3
r5k1/1pp2p1p/3qbQ2/5N2/4P3/1r3R1P/6P1/4R2K b - -,e6f5 f6d6 c7d6 f3b3 a8e8 e1d1 f5e4 d1d6 e8e5 b3g3
k3q3/pp6/1n5p/B1p4P/8/P4QP1/1P1N1P2/K7 b - -,b6d7 f3f5 b7b6 f5d5 a8b8 a5c3 a7a6 d5d6 b8b7 d6h6
2r5/5pkp/3R2p1/8/P3B3/1P3P1b/7P/6K1 b - -,c8b8 e4d5 h3e6 d5e6 f7e6 d6d3 g7f6 g1f2 g6g5 f2e3
r4rk1/1b2qppp/1p1n1n2/p1ppN3/3P1N2/1P2P1P1/PQ3PBP/2R2RK1 b - -,f8e8 c1c2 a8c8 f1c1 d6e4 f4d3 b7a6 g2f1 c8c7 d4c5
4k3/4P3/4K3/6pP/8/8/6P1/8 b - -,d6e4 c1c2 f8e8 f1c1 a8c8 f4d3 b7a6 g2f1 c8c7 d4c5
r1nqk2r/1p1b1pp1/7p/p2pPp2/P1pP1P2/B1P2BP1/2PQ3P/R4RK1 b kq -,c8b6 f1e1 h6h5 a3c5 a8a6 c5b6 a6b6 f3d5 h5h4 d5g2
3rr1k1/ppp1qpp1/4b2p/8/3n4/P1Q4P/1PP2PP1/R1B1RBK1 b - -,e7f6 c1e3 b7b6 a1d1 c7c5 d1d2 e6f5 e1d1 d8d7 e3d4
3r2k1/8/RPb3pb/2N5/8/4P3/1P3KP1/8 b - -,d8e8 e3e4 e8b8 b6b7 c6b7 c5b7 b8b7 a6g6 h6g7 f2g3
8/pp4qk/8/6pp/2n5/2PQ2P1/PP5P/4R1K1 b - -,h7g8 d3c4 g7f7 e1e8 g8g7 c4d4 g7g6 d4d6 g6g7 e8e7
3r1rk1/pb3ppp/1p1q4/3np3/3p4/PQ1P2P1/1PRNPPBP/2R3K1 b - -,f8e8 a3a4 e8e7 a4a5 h7h6 d2c4 d6e6 a5b6 a7b6 g2d5
8/R5p1/5pkp/8/8/6PK/1r3P2/8 b - -,b2f2 g3g4 f2e2 a7b7 e2e5 h3g3 h6h5 g4h5 e5h5 b7b8
8/8/8/5Rp1/4K1k1/7p/8/8 b - -,g4h5 e4f3 h5h4 f5f8 g5g4 f3f4 h4h5 f4g3 h5g5 f8f2
rnb1k2r/p3ppb1/2pp1np1/q6p/Np1PPB1P/1P3P2/P1PQ2P1/2KR1BNR b kq -,f6d7 c1b1 c6c5 d4c5 d7c5 a4c5 a5c5 f1c4 b8d7 f4e3
r3r1k1/1bq1bppp/pp1ppn2/4n3/P1P1P3/1PN1B1PP/R4PB1/1N1Q1RK1 b - -,h7h5 a2c2 e5g6 d1d3 a8d8 b1d2 g6e5 d3e2 h5h4
r5k1/1pp2p1p/3Q4/5b2/4P3/1r3R1P/6P1/4R2K b - -,c7d6 f3b3 a8e8 e1d1 f5e4 d1d6 e8e5 b3g3 g8f8 h1h2
8/pp6/8/4k2p/5P1P/4K3/P7/8 b - -,e5e6 e3e4 b7b6 e4f3 e6f5 f3e3 b6b5 e3f3 b5b4 f3e3
1r6/4kp2/1prp1qp1/pR2pPQp/P1P1P2P/1P4PK/8/5R2 b - -,b8f8 g5e3 g6f5 e4f5 f8e8 e3g5 e8h8 f1f2 f6g5 h4g5
r1r3k1/1b2qppp/3n1n2/p1ppN3/5N2/1P2P1P1/PQ3PBP/2RR2K1 b - -,d6e8 f4d5 f6d5 d1d5 e8f6 d5d2 b7g2 g1g2 a5a4 c1d1
r1b3k1/pp3rpp/2n1p3/6B1/q1PPQ3/P7/4NPPP/2R2K1R b - -,e6e5 d4d5 c8f5 e4f3 c6a5 e2g3 f5g6 f3g4 a5b3 c1e1
r1b1k2r/ppp2ppp/2p5/2b5/2B1P3/2N2nP1/PPPPKPqP/R1BQ1R2 b kq -,c8g4 h2h3 g2h3 b2b4 c5b6 d2d4 f3d4 e2d2 g4d1 c3d1
8/8/8/6p1/4K1k1/8/7p/5R2 b - -,g4h4 e4f3 h4h3 f1a1 g5g4 f3f2 g4g3 f2f3 g3g2 a1a8
8/pp6/8/5k1p/5P1P/5K2/P7/8 b - -,b7b6 a2a3 b6b5 f3e3 a7a5 e3d4 b5b4 a3b4 a5b4 d4c4
r1b2rk1/2p2p2/1p5q/p2P2pn/2PP1p2/1BR5/PP1B2P1/R4QK1 b - -,a5a4 g2g4 h5g3 f1g2 a4b3 c3b3 f8e8 b3g3 f4g3 g2g3
4k3/4P3/5K2/7P/6p1/8/6P1/8 b - -,g8g7 a1e1 f8h8 e1e5 h5g3 f1e1 c8f5 e5f5 h6h1 g1f2
3r2k1/1P6/R1b3pb/2N5/8/4P3/1P4P1/6K1 b - -,h6e3 g1h2 c6d5 c5d7 d5b7 a6g6 g8h7 g6e6 e3f4 g2g3
8/6p1/5pkp/8/8/6P1/Rr3PK1/8 b - -,b2a2 g2f3 g6g5 g3g4 a2a4 f3e2 g5g4 e2e3 h6h5 e3d3
r5k1/1p3p1p/3p4/5b2/4P3/1R5P/6P1/4R2K b - -,a8e8 e1d1 f5e4 b3g3 g8f8 d1d6 e8e5 h1h2 e5b5 d6d8
4rb1r/1p1k1p1p/p3b3/2p3p1/3p4/3P4/PPPBNPPP/R3K2R b KQ -,h7h5 f2f3 f8e7 a2a3 h5h4 h2h3 e7f6 e1f2 e6d5 h1e1
r1bqk2r/pp3ppp/1bnp1n2/4p3/4P2N/2NB4/PBPP1PPP/R2QK2R b KQkq -,f6g4 h4f5 c8f5 e4f5 g4f2 d1h5 f2h1 d3c4 e8h8 e1a1
r1b1k1nr/pppp1ppp/2q5/2b5/4P3/4B3/PPPN1PPP/R2QKB1R b KQkq -,c5e3 f2e3 d7d6 a2a4 a7a6 a1a3 c6b6 a3b3 b6a5 f1d3
5r2/pp4k1/2p2p1p/P4Rn1/1r2P2Q/1B6/6PK/8 b - -,a7a6 h4g3 b4e4 g3c7 g7g6 f5f4 e4f4 c7f4 f8e8 b3c2
r1r3k1/1b2qppp/5n2/p1ppN3/4BN2/1P2P1P1/PQ3P1P/2RR2K1 b - -,c8d8 e4g2 a8b8 e5f3 h7h6 b2e5 e7f8 h2h4 f6e4 f3d2
5r2/ppQ2nk1/2p2R1p/P7/1r2P3/1B6/6PK/8 b - -,b4c4 f6f7 f8f7 c7e5 g7f8 e5b8 f8e7 b3c4 f7f1 b8c7
2k5/ppqr1prp/2p1p1b1/P4p1P/1PBP1P2/2P2QP1/5K2/3RR3 b - -,c8b8 e1h1 d7d8 h5g6 h7g6 f3e3 d8g8 e3e5 a7a6 d1g1
7r/1p1b1kp1/p4b2/3pB1p1/1P1N4/P1P3P1/1K2R2P/8 b - -,f7g6 e5f6 g7f6 e2f2 h8e8 b2b3 b7b6 a3a4 a6a5 h2h4
8/6pk/pR3p1p/P2r4/1P6/3p2P1/5P2/4K3 b - -,
r1b4r/1p1nkp1p/2pn2p1/p3p3/Pb2P3/3BBPN1/1PP3PP/1NKR3R b - -,d7c5 f3f4 c5d3 c2d3 e5f4 e3f4 c8e6 b1c3 e6b3 d1f1
r3k2r/ppp2ppp/2p5/2b5/2B1P1b1/2N2nPP/PPPPKPq1/R1BQ1R2 b kq -,f3g1 e2e1 g4d1 e1d1 a8d8 c4e2 c5f2 f1f2 g2f2 d2d3
2r1r1k1/7B/p7/q2nP3/1b1P2P1/2P5/2QKN3/3R3R b - -,g8f8 d1a1 a5b5 c2f5 f8e7 f5g5 e7d7 h7f5 d7c7 c3b4
8/1R4p1/5pkp/8/8/6P1/1r3PK1/8 b - -,b2b7 g2f3 g6f5 f3e3 f5g4 e3e4 b7b5 e4d4 b5b2 f2f4
R1N5/5p1p/p2r1kp1/8/6P1/7P/5P2/6K1 b - -,d6c6 a8b8 f6e5 c8b6 f7f5 g4f5 e5f5 b8b7 f5e4 g1g2
rn1q1rk1/pb2bppp/1p2pn2/8/3NN3/2PB4/PP3PPP/R1BQR1K1 b - -,f6e4 d3e4 b7e4 e1e4 d8d5 d1e2 b8d7 c1f4 e7f6 d4b3
8/5bpk/3n3p/2R1B3/2P2P2/r7/6PP/5BK1 b - -,d6f5 e5b2 a3b3 c5f5 f7c4 f1c4 b3b2 f5b5 b2b5 c4b5
r3r1k1/1bqnbppp/pp1ppn2/8/P1P1P3/1PN1B1PP/3R1PB1/1N1Q1RK1 b - -,a8c8 d1c2 d7e5 c2b2 h7h5 f1d1 h5h4 g3g4 e5g6 b1a3
r5k1/1p4p1/p2p4/3Ppr2/nP2N2q/4Q3/P1P4P/K2R2R1 b - -,a6a5 e4d6 f5f4 b4a5 h4f6 d6e4 f6f5 e3g3 f5f7 e4g5
8/8/8/6p1/4K3/6k1/7p/1R6 b - -,
8/5k1p/p1p5/P1P3P1/4KP1p/8/8/8 b - -,f7g6 e4e3 g6f5 e3f3 h4h3 f3g3 h3h2 g5g6 h7g6 g3h2
4rb1r/1p1k1ppp/p3b3/2p5/3p1B2/3P4/PPP1NPPP/R3K2R b KQ -,g7g5 f4d2 h7h5 f2f3 f8e7 h2h3 h5h4 a2a3 e7f6 e1f2
r4b1r/pp1k1ppp/4pq2/8/4Q3/1N1B4/P4PPP/2B3K1 b - -,f6c3 e4b7 d7d8 b7a8 c3c8 a8a7 c8c7 a7a8 c7c8 a8e4
8/pp6/5k2/5P1p/P3K2P/8/8/8 b - -,b7b6 e4f4 a7a6 f4e4 b6b5 a4a5 b5b4 e4d3 f6f5 d3c4
8/5kp1/3Nn2p/8/2K5/8/6PP/8 b - -,
r3k2r/3Bbppp/1q2p3/p1nn2P1/1p2N2P/5N2/PPPBQP2/1K1R3R b kq -,c5d7 h4h5 e8h8 g5g6 b6a6 e2a6 a8a6 g6h7 g8h8 d2e3
8/3R2p1/5pkp/8/8/6P1/1r3PK1/8 b - -,b2b4 d7a7 b4b6 a7a5 g6h7 a5a7 b6b5 a7a6 b5b7 a6a5
K7/8/3k4/6R1/5p2/8/8/8 b - -,b2b4 d7a7 b4b6 a7a5 g6h7 a5a7 b6b5 a7a6 b5b7 a6a5
4r1k1/1p3p1p/3p4/5b2/4P3/4R2P/6P1/4R2K b - -,f5g6 e1d1 g6e4 e3g3 g8f8 d1d6 e8e5 h1h2 e5d5 d6b6
r1nqk2r/1p3pp1/4b2p/p2pPp2/P1pP1P2/B1P2BP1/2PQ3P/RR4K1 b kq -,b7b6 d2g2 a8a7 b1b5 a7d7 g3g4 g7g5 g4f5 e6f5 e5e6
r3k2r/pp3pp1/2n5/3p2q1/3P4/3BPQ1p/PP3PNK/R1B2R2 b kq -,b7b6 d2g2 a8a7 b1b5 a7d7 g3g4 g7g5 g4f5 e6f5 e5e6
r2qk2r/pp2bpp1/3ppn1p/2n5/3NP2B/2N2P2/PPPQ2PP/R3K2R b KQkq -,a7a6 e1a1 d8c7 d2e1 b7b5 c1b1 c5d7 g2g4 a8c8 h4g3
2r1r1k1/1bqnbppp/pp1ppn2/8/P1P1PB2/1PN3PP/3R1PB1/1N1Q1RK1 b - -,h7h6 d1c2 e8d8 f4e3 d7e5 f1e1 b7a8 g1h1 e5c6 e1d1
r3k2r/ppp2ppp/2p5/2b5/2B1P1b1/2N3PP/PPPP1Pq1/R1BQKRn1 b kq -,g4d1 d2d4 a8d8 c1e3 d1h5 g3g4 g1f3 e1e2 f3d4 e3d4
8/8/8/8/4K1p1/6k1/7p/2R5 b - -,g3h4 e4f4 h4h3 c1a1 h3g2 a1a2 g2h3
8/pp3r2/2pQ1k1p/P7/1r2P3/8/6PK/8 b - -,f6g7 d6b4 g7h7 b4d6 c6c5 e4e5 f7g7 e5e6 b7b5 e6e7
r1b4r/1p1nkp1p/1bpn2p1/p3p3/P3P3/5PN1/1PPBB1PP/1NKR3R b - -,d7c5 b2b3 c5e6 b1a3 h7h5 e2d3 h5h4 g3e2 g6g5 a3c4
6k1/5p2/6p1/p4Pn1/2p4P/2N1rP2/P3P1K1/2R5 b - -,g5f3 e2f3 g6f5 g2g3 g8g7 c3b5 e3e5 b5d4 e5c5 c1c3
1r6/4k3/1p1p1Rp1/pP2p1Pp/P3P3/1P4PK/8/8 b - -,b8d8 f6g6 d6d5 e4d5 d8d5 g6b6 e5e4 g5g6 e4e3 h3g2
8/6pk/pR3p1p/P7/1P1r4/3p2P1/3K1P2/8 b - -,
2k1rbnr/1pp2ppp/p1p3b1/8/6PN/3PB2P/PPP1KP2/RN5R b - -,f7f6 h4g6 h7g6 b1d2 g8e7 h3h4 e7d5 a2a3 f8c5 d2c4
R5N1/5p1p/p2r1kp1/8/6P1/7P/5P2/6K1 b - -,f6e6 g4g5 e6d5 g8f6 d5c4 a8a7 c4b4 a7b7 b4c4 f6g4
6k1/1b3p1p/6p1/pp2P3/6BP/5PP1/PP1bQ1K1/1q1rNR2 b - -,d2b4 e1d3 d1f1 e2f1 b1a2 f1f2 a2c4 d3b4 c4g4 b4d3
8/8/1p5p/1K2k1p1/1P6/5P1P/8/8 b - -,e5f5 b5b6 f5f4 b4b5 f4e3 b6c6 e3d2 b5b6 d2c2 c6c5
8/6p1/4nk1p/8/2K1N3/8/6PP/8 b - -,
4r1k1/1p3p1p/3p2b1/8/4P3/4R2P/6P1/3R3K b - -,g6e4 e3g3 g8f8 d1d6 e8e5 h1g1 e5d5 d6b6 d5c5 b6b4
r1b2r2/1p3pkp/pb1pp3/q3B1P1/4P3/2NB4/PPP4P/R2Q1R1K b - -,a5e5 d1h5 c8d7 f1f6 b6e3 a1f1 d7e8 h5h6 g7g8 c3d1
2kr1b1r/pp3pp1/2npq2p/2pQ4/4PB2/2P2N2/PP3PPP/2KRR3 b - -,h8g8 f4g3 d8d7 d1d3 f8e7 f3d2 g8d8 c1c2 h6h5 h2h4
8/8/1K5p/6p1/1P3k2/5P1P/8/8 b - -,f4e5 b6c5 h6h5 b4b5 e5f4 b5b6 f4f3 b6b7 f3g2 b7b8q
2r2rk1/1pqnbpp1/p2p4/3Ppb1p/P1P5/1P2B1PP/4NPB1/R2Q1RK1 b - -,c7a5 g3g4 h5g4 e2g3 f5g6 h3g4 a5d8 g2e4 e7g5 e4f5
8/8/8/8/5Kp1/8/6kp/2R5 b - -,h2h1n c1c2 h1f2 c2c3 g2f1 c3a3 f1g2 a3e3 f2d1 e3d3
6k1/7n/6p1/p7/2p4P/2N1rP2/P3PK2/2R5 b - -,e3e8 c3d5 e8e5 e2e4 e5h5 f2g3 g6g5 h4g5 h5g5 g3f4
4rbk1/8/1n5p/2pq4/3prp2/PP1Q1NP1/1BR2P1P/5RK1 b - -,d5f5 c2e2 f5h7 e2e4 h7e4 d3b5 e8b8 f3d2 e4e6 b5d3
6r1/4k3/1p1p1Rp1/pP2p1Pp/P3P2K/1P4P1/8/8 b - -,g8d8 f6g6 d6d5 e4d5 d8d5 h4h5 e5e4 h5g4 e4e3 g4f3
r1bqk2r/ppp3pp/2npp3/4P1B1/1bB5/2nP1N2/PPPQ2PP/R3K2R b KQkq -,c3e4 g5d8 e4d2 f3d2 e8d8 e5d6 c7d6 c2c3 b4a5 c4b5
r1bqkbnr/2pn1ppp/pp1p4/3Pp3/P1B1P3/2N2N2/1PP2PPP/R1BQK2R b KQkq -,d7f6 h2h3 g7g6 g2g4 f8g7 c1e3 g8e7 f3d2 e8h8 d1f3
8/8/7p/2K3p1/1P6/5k1P/8/8 b - -,h6h5 b4b5 g5g4 h3g4 h5g4 b5b6 g4g3 b6b7 g3g2 b7b8q
7r/1p1b1kp1/p2Bpb2/3p2p1/1P1N4/P1P3P1/1K2R2P/8 b - -,d7b5 e2f2 h8d8 d6c7 d8e8 d4c2 f7g6 c7b6 e8c8 b6d4
r1r3k1/1b2qppp/5n2/p1p5/2N1pN2/1P2P1P1/PQ3P1P/2RR2K1 b - -,c8c6 h2h3 a5a4 b3a4 b7a6 b2e5 e7e5 c4e5 c6c7 e5c4
2r2rk1/pp1bppbp/3p1np1/q3n3/4P1P1/1PN1B2P/P1PQNPB1/2KR3R b - -,e5c4 b3c4 c8c4 d1e1 f8c8 e4e5 a5e5 g4g5 e5a5 g5f6
2r2rk1/1pqnbpp1/p2pbn2/3Np2p/P3P3/1P2B1PP/2P1NPB1/R2Q1RK1 b - -,d7c5 d5c7 c8c7 c2c4 c5e4 f2f3 d6d5 f3e4 d5c4 d1c2
4rbk1/8/1n5p/2pq4/3pr3/PP1Q1NP1/1BR2P2/5RK1 b - -,f8g7 b2c1 b6d7 d3c4 d5c4 c2c4 g7f8 g1g2 d7b6 c4c2
r1bq1rk1/ppb2ppp/2np1n2/4p3/4P2N/2NB4/PBPP1PPP/R2QR1K1 b - -,f6g4 h4f3 c7b6 e1e3 c8e6 h2h3 g4e3 d2e3 a8c8 c3d5
4r1k1/p4p1p/6p1/6qn/P7/3QPP2/5P1P/2R4K b - -,g5h4 d3b5 e8d8 b5a5 h5g7 h1g2 g7f5 c1c5 h7h6 a5c3
4r1k1/1p3p1p/3p4/8/4b3/6RP/6P1/3R3K b - -,g8f8 d1d6 e8e5 h1h2 e5d5 d6b6 d5c5 b6b4 e4c6 b4h4
r1b2rk1/2p2p2/1p5q/p2P2pn/2PP1p2/1BR5/PP3QP1/R1B3K1 b - -,g8g7 c1f4 h5f4 c3g3 h6h4 g3e3 h4f2 g1f2 c8f5 b3a4
8/3rk3/8/Q1K5/8/8/8/8 b - -,e7e6 a5e1 e6f5 e1e8 d7a7 c5d4 f5f6 e8c6 f6f7 d4e5
3r2k1/1P6/2R3p1/2b5/8/8/1P4PK/8 b - -,
8/5bpk/7p/2R2n2/2P2P2/r7/1B4PP/5BK1 b - -,a3a4 c5f5 h7g8 f5c5 f7e6 c5c6 e6f5 c6c7 g7g6 c4c5
3r2k1/1P6/3R2p1/8/8/8/1P4PK/8 b - -,a3a4 c5f5 h7g8 f5c5 f7e6 c5c6 e6f5 c6c7 g7g6 c4c5
r5k1/1p4p1/p2N4/3Pp3/nP3r1q/4Q3/P1P4P/K2R2R1 b - -,g8f8 e3e5 h4f6 e5f6 g7f6 d1f1 f4f1 g1f1 a4c3 f1f6
8/6p1/4n2p/5k2/4N3/3K4/6PP/8 b - -,e6f4 d3e3 f4g2 e3f3 g2e1 f3e3 e1c2 e3d3 c2b4 d3e3
8/5k2/p3rP1p/r3P3/4RK2/6RP/8/8 b - -,a5e5 e4e5 e6d6 e5f5 d6d4 f4f3 d4d8 g3g7 f7e6 f3g4
r1nqk2r/5pp1/1p2b2p/p2pPp2/P1pP1P2/B1P2BP1/2P3QP/RR4K1 b kq -,h6h5 b1b5 c8e7 a3e7 e8e7 f3d5 e6d7 d5c6 d7c6 g2c6
rnb2r2/pppp1pk1/3b2n1/4p3/2B1P1QP/3P4/PPP2PP1/R3K2R b KQ -,d6e7 h4h5 d7d5 g4g3 d5c4 h5g6 f7g6 g3e5 e7f6 e5h2
5r2/pp2Q3/2p2pkp/P4Rn1/1r2P3/1B6/6PK/8 b - -,b4e4 f5g5 h6g5 e7e4 f6f5 e4e7 f8f6 b3g8 g5g4 g8h7
4rk2/1p3p1p/3R4/8/4b3/6RP/6P1/7K b - -,e8e5 d6d8 f8e7 g3g8 e4c6 d8d2 c6d5 h1h2 b7b5 g8h8
r2qk2r/pp1nbpp1/3ppn1p/8/3NP2B/2N2P2/PPPQ2PP/2KR3R b kq -,e8h8 d4b5 d8a5 b5d6 d7e5 f3f4 e5g6 h4f6 e7f6 g2g3
8/3r4/4k3/2K5/8/8/8/4Q3 b - -,e6f5 e1b1 f5f6 b1b8 d7f7 c5d6 f6f5 b8c8 f5g5 c8g8
r2r2k1/1p1b1p1p/p1n2q2/2Pp1p2/1P3Q2/P4N2/4B1PP/2R2RK1 b - -,c6e7 f3e5 e7g6 e5d7 d8d7 f4f5 f6f5 f1f5 d5d4 c1d1
3rr3/pkp1qp1p/1p2bnp1/2p5/4P3/2N2P2/PPPNQ1PP/1K1RR3 b - -,a7a6 b2b3 d8d7 b1b2 e8d8 f3f4 e6g4 d2f3 d7d1 e1d1
8/6pk/R4p2/P6p/1P1r4/3p2P1/3K1P2/8 b - -,
8/4p2p/p2r1k2/P7/1R6/K6b/P1B5/8 b - -,h7h5 b4b8 h5h4 b8f8 f6g5 f8g8 g5f4 g8h8 f4g3 h8g8
r1b4R/p5k1/2p5/1p2p3/8/2N1K1p1/PPr5/7R b - -,c2h2 h8h2 g3h2 h1h2 c8f5 c3e4 a8d8 h2f2 f5h7 e4c5
6k1/6r1/1n1b4/P1pq4/3pr2p/1P1Q2P1/1BR2P2/3R1NK1 b - -,h4h3 a5b6 e4e2 d3c4 h3h2 f1h2 d5c4 c2c4 e2b2 h2f1
8/k1Q5/8/8/1K2Np2/8/8/5q2 b - -,a7a8 c7d8 a8a7 d8d7 a7b6 d7e6 b6c7 e6f7 c7d8 f7g8
R5N1/5p1p/p2r2p1/6k1/6P1/5P1P/8/6K1 b - -,g5f4 a8c8 f4g3 g1f1 d6d3 f1e2 d3f3 g4g5 f3f2 e2e1
5rk1/5pp1/8/p7/4P1P1/2R3KP/2q5/8 b - -,g5f4 a8c8 f4g3 g1f1 d6d3 f1e2 d3f3 g4g5 f3f2 e2e1
rnbqk2r/ppp2ppp/3p4/2b1p2Q/2B1PP2/2NP4/PPPB1nPP/R3K1NR b KQkq -,h8f8 f4f5 h7h6 c3a4 f2h1 a4c5 d6c5 e1a1 b8c6 g1f3
8/8/7K/1p6/1k6/7P/8/8 b - -,b4a5 h3h4 b5b4 h6g7 b4b3 h4h5 b3b2 h5h6 b2b1q h6h7
6k1/6r1/1n1b4/P1pq4/3p2r1/1P1Q2P1/1B4R1/3R1NK1 b - -,b6a8 f1e3 g4g3 e3d5 g3g2 g1f1 g2g1 f1e2 g1g2 e2e1
5rk1/5pp1/8/p7/4P1P1/6KP/2R5/8 b - -,a5a4 c2a2 f8a8 a2a3 g7g5 h3h4 g5h4 g3h4 g8f8 h4g3
4rb1r/1p1k1ppp/p7/2pb4/3p1B2/3P1P2/PPP1N1PP/R3K2R b KQ -,g7g5 f4d2 f8d6 e1f2 h7h5 h2h4 g5g4 h1e1 e8g8 a2a3
rnbqk1nr/pp1p2pp/8/4pp2/4P3/N3Q3/PPP1KPPP/R1B2BNR b kq -,g8f6 e2e1 e8h8 e3d3 f6e4 f2f3 e4f6 d3d6 b8c6 g1h3
8/8/6K1/1p6/8/2k4P/8/8 b - -,b5b4 g6h6 b4b3 h6h5 b3b2 h5g4 b2b1q h3h4 b1h1 g4f4
2Rr2k1/bP6/6p1/8/8/8/1P4PK/8 b - -,
2r2rk1/1pqnbpp1/p2pbn2/4p2p/P3PP2/1PN1B1PP/2P1N1B1/R2Q1RK1 b - -,c7a5 d1e1 d7c5 f4f5 e6d7 g3g4 d6d5 c3d5 f6d5 e4d5
R5N1/5p1p/p2r2p1/8/5kP1/5P1P/6K1/8 b - -,d6d2 g2f1 f4f3 f1e1 d2e2 e1d1 e2h2 g8h6 f7f5 g4f5
8/pr1kp1n1/R1pp1p1p/R7/2PP2r1/1P1K1NP1/P6P/8 b - -,d7c7 d4d5 c6c5 a6a7 f6f5 b3b4 c5b4 f3d4 f5f4 d4b5
r1b1k2r/2qnppb1/2pp2P1/p5N1/1p1PPB2/8/PPPQN3/1K1n1B1R b kq -,h8h1 g6f7 e8f8 d2d1 d7f6 e2g3 h1h4 d1f3 c8g4 f3g2
5rk1/5pp1/8/8/p3P1P1/6KP/R7/8 b - -,f8a8 a2a3 g7g5 h3h4 g5h4 g3h4 g8f8 h4g3 f8e7 g4g5
r2r4/1bq2ppk/pp2p3/2p1P3/6Q1/1P2p1R1/P1PP2PP/5RK1 b - -,c7e5 f1f7 h7h8 g4h4 h8g8 h4e7 e5a1 f7f1 a1f1 g1f1
1R3k2/5p2/3N1rp1/7p/7P/4K1P1/8/8 b - -,f8e7 d6e4 f6f1 e3e2 f1f5 b8a8 f5e5 e2f3 e5e6 e4g5
8/8/1ppp1k1r/1p2p1RP/1PnPP3/2P2NK1/8/8 b - -,e5d4 c3d4 f6f7 g3f4 c6c5 d4c5 d6c5 b4c5 b6c5 g5c5
1r4k1/pp4pp/1n3q2/2ppn3/3P1Bb1/1QP3P1/PP2N1BP/R5K1 b - -,c5c4 d4e5 f6f4 e2f4 c4b3 h2h3 g4d7 a2b3 d7c6 a1a7
8/8/7K/1p6/7P/2k5/8/8 b - -,
6k1/3n2r1/3b4/P1p5/2Pp2r1/6P1/1B4R1/3R1NK1 b - -,d7e5 f1d2 g7a7 d1a1 e5d3 d2f1 g4e4 a5a6 d6f8 g2h2
8/6pk/R4p2/P6p/1r6/3K2P1/5P2/8 b - -,
r5k1/5pp1/8/8/p3P1P1/R5KP/8/8 b - -,g7g5 h3h4 g5h4 g3h4 g8f8 h4g3 f8e7 g4g5 e7e6 g3f3
r3qrk1/p2b2pp/1pn1p3/3pP3/3p4/PP1B1NQ1/2P3PP/R4RK1 b - -,c6e7 f3d4 e7f5 d3f5 e6f5 a1e1 d7e6 h2h4 e8f7 g3f4
3R1k2/1p3p1p/8/4r3/4b3/6RP/6P1/7K b - -,f8e7 g3g8 b7b5 h1h2 e4d5 g8e8 e7f6 d8d6 d5e6 e8b8
8/3r4/8/2K2k2/8/8/8/5Q2 b - -,f5e5 f1e2 e5f4 e2f2 f4g4 f2g2 g4f4 g2g6 d7d1 g6c2
r2q1rk1/5ppp/p3n3/np2PQ2/2ppN3/2P5/PPR2PPP/3RN1K1 b - -,h7h6 c3d4 a5c6 e1f3 e6d4 f3d4 c6d4 f5g4 d4c2 d1d8
1bRr2k1/1P6/6p1/8/8/7K/1P4P1/8 b - -,
3rr1k1/ppp1qpp1/4b2p/5n2/6B1/P1Q4P/1PP2PP1/R1B2RK1 b - -,f5h4 f1e1 e7d7 e1d1 d7c8 b2b4 e6g4 c1b2 f7f6 c3c4
4rb1r/1p1k1p1p/p7/2pb2B1/3p4/3P1P2/PPP1N1PP/R3K2R b KQ -,h8g8 h2h4 h7h6 e1f2 h6g5 h4g5 g8g5 a1g1 f8d6 c2c4
4r3/8/6R1/3p4/2PP3k/3K1p2/8/8 b - -,
8/8/2k5/2n5/3Q4/8/2K5/8 b - -,c6b5 c2c3 c5a4 c3d3 a4c5 d3e3 c5b3 d4d5 b5b4 d5c6
6k1/6p1/pR3p1p/r6P/3p4/6P1/1P3P2/5K2 b - -,g8h7 b6d6 a5h5 d6a6 h5b5 a6a4 d4d3 b2b4 h6h5 a4a3
8/1p2rkp1/pR3p1p/P2p3P/8/5KP1/1P3P2/8 b - -,d5d4 b6d6 e7e5 d6d4 e5h5 d4d7 f7g6 d7b7 h5a5 b7a7
r2q1rk1/5ppp/p3n3/np1pP3/2p5/2P1Q3/PPRN1PPP/3RN1K1 b - -,d5d4 c3d4 d8d4 b2b3 f8d8 d1b1 a8c8 b3c4 a5c4 d2c4
r2qk2r/p2b1ppp/1pn1p3/3pP3/3p1P2/P2BnN2/1PPBQ1PP/R3K2R b KQkq -,h7h6 d2e3 d4e3 e2e3 b6b5 c2c3 a8b8 b2b4 d8b6 e3b6
8/6K1/8/1p6/8/2k4P/8/8 b - -,
3R2R1/1p2kp1p/8/4r3/4b3/7P/6P1/7K b - -,b7b5 h1h2 e4d5 g8e8 e7f6 d8d6 d5e6 d6b6 f6g7 b6b8
8/3r4/8/2K1k3/8/8/5Q2/8 b - -,d7d5 c5c4 e5e6 f2e3 d5e5 e3h3 e6e7 c4d4 e5a5 h3d3
8/5k2/p3rP1p/4P3/1r6/3KR2P/8/4R3 b - -,e6e8 e1c1 a6a5 c1c7 f7e6 c7a7 a5a4 a7a6 e6f7 d3e2
8/pp6/5k2/7p/5P1P/5K2/P7/8 b - -,f6f5 f3e3 b7b5 e3f3 a7a5 f3e3 b5b4 e3f3 a5a4 f3e2
r2r2k1/1p1b1p1p/p1n2q2/2PQ1p2/1P6/P4N2/4B1PP/2R2RK1 b - -,d7e6 d5d6 d8d6 c5d6 c6d4 f1e1 a8d8 g1h1 d8d6 f3d4
8/p7/1p2k3/7p/P3KP1P/8/8/8 b - -,a7a6 e4d4 e6f5 d4e3 b6b5 a4a5 b5b4 e3d4 f5f4 d4d3
r2q1rk1/ppp2ppp/2n2n2/4p2b/1bP1P1P1/2NB1N1P/PP3P2/R1BQ1RK1 b - -,h5g6 c3d5 f6e4 d1e2 e4f6 d3g6 h7g6 d5b4 c6b4 f3e5
2n3k1/7p/6p1/2Q5/1p2b3/1P2nNqP/R7/7K b - -,h5g6 c3d5 f6e4 d1e2 e4f6 d3g6 h7g6 d5b4 c6b4 f3e5
1bR2rk1/1P6/6p1/8/6K1/8/1P4P1/8 b - -,
4rbr1/1p1k1p1p/p7/2pb2B1/3p3P/3P1P2/PPP1N1P1/R3K2R b KQ -,h7h6 e1f2 h6g5 h4g5 g8g5 h1h8 e8e2 f2e2 f8g7 h8h2
1r4k1/p4p1p/6p1/6qn/P4P2/3QP3/5P1P/2R4K b - -,g5h4 d3e2 h4h3 h1g1 h5f6 c1d1 h3e6 f2f3 f6d5 e2f2
8/8/2K5/3rk3/8/8/5Q2/8 b - -,d5d6 c6c5 d6d5 c5c4 e5e6 f2b6 d5d6 b6b3 e6e7 c4c5
8/6pk/p2R1p1p/r6P/3p4/6P1/1P3P2/5K2 b - -,a5h5 d6a6 h5b5 a6a4 d4d3 b2b4 h6h5 a4a3 h5h4 g3h4
r4rk1/2p2p2/1p5q/p2P2pn/2PP1pb1/1BR5/PP1B1QP1/R5K1 b - -,g8g7 b3d1 h5f6 g2g3 f8h8 f2g2 g4h3 g2h2 h6g6 d1c2
r6r/1p2kp1p/2pnb1p1/p3p3/P3P3/1P3P2/1KnBN1PP/3R1B1R b - -,c2b4 e2c3 a8d8 f1e2 f7f6 d2e3 d6c8 e3c5 e7f7 c5e3
3r4/7p/r3k3/p1pn1p2/2N1pPP1/1P6/P2R3P/3R2K1 b - -,d8d7 g4f5 e6f5 d2d5 d7d5 c4e3 f5f4 e3d5 f4f5 d5e3
8/rR6/P2b4/2pkn3/3p1Br1/6P1/8/R4NK1 b - -,e5f3 g1g2 f3e1 a1e1 a7a6 f4d6 a6d6 b7f7 g4e4 f7f5
8/p7/1p2k3/7p/P3K2P/5P2/8/8 b - -,a7a6 e4d4 e6f5 d4d5 b6b5 a4b5 a6b5 d5c5 f5f4 c5b5
8/5k2/p3rP1p/1r2P3/4R3/3K3P/8/4R3 b - -,b5b3 d3c4 b3b5 c4d4 e6e8 e1c1 b5b4 d4e3 b4b3 e3f4
8/pp6/8/5k1p/P4P1P/5K2/8/8 b - -,b7b6 f3e3 a7a6 e3f3 b6b5 a4a5 b5b4 f3e3 b4b3 e3d3
8/2p5/3k4/6Kp/1b5P/pB4P1/2P5/8 b - -,d6e5 g5h5 b4d2 g3g4 e5f6 b3g8 c7c5 g4g5 f6f5 g8a2
8/5pkp/3R2p1/6r1/P3B3/1P3P1b/7P/2R4K b - -,h3g2 h1g1 g2f3 g1f2 f3e4 f2e3 f7f5 d6d2 g5h5 e3d4
b2r1rk1/p4ppp/1p1q4/3Bp3/3p4/PQ1P2P1/1PRNPP1P/2R3K1 b - -,d6b8 d5a8 b8a8 c2c7 h7h6 b3c4 d8e8 c4c6 a8c6 c1c6
8/5k2/4rP1p/pr2P3/4R3/3KR2P/8/8 b - -,a5a4 d3c4 b5a5 c4b4 a5d5 b4a4 e6e8 h3h4 f7e6 a4b3
4rbr1/1p1k1p2/p6p/2pb4/3p3P/3P1P2/PPPBN1P1/R3K2R b KQ -,g8g2 e1a1 e8e2 h1e1 e2f2 f3f4 d5f3 e1f1 f3d1 f1f2
8/6pk/p4p1p/7r/3R4/6P1/1P3P2/5K2 b - -,h5b5 b2b4 b5b6 f2f3 h7g8 f1f2 g8f8 d4c4 f8f7 c4c7
r1bqkb1r/2pnn3/p2p3p/6p1/2B1p1Q1/2N1N3/PPPP1PPP/R1B2RK1 b kq -,d7f6 g4e2 c8b7 d2d3 e4d3 e2d3 d8d7 c3d5 f6d5 e3d5
8/p7/1p6/5k1p/P4P1P/4K3/8/8 b - -,f5f6 e3e4 f6e6 f4f5 e6f6 e4d5 f6f5 d5c6 f5g4 c6b7
r2q1rk1/ppp2ppp/2n2n2/4p2b/2P1P1P1/2PB1N1P/P4P2/R1BQ1RK1 b - -,h5g6 d1e2 d8d6 a1b1 a8d8 d3c2 b7b6 f3h4 c6a5 h4f5
R5N1/5p1p/p2r2p1/6k1/6P1/7P/5PK1/8 b - -,f7f5 g4f5 g5f5 g8h6 f5e6 f2f4 e6d5 g2f3 d5c4 h6g4
8/1P4r1/3b4/2pkn3/3p1B2/4N1P1/8/R5K1 b - -,d5c6 e3f5 g7b7 a1a6 b7b6 a6b6 c6b6 f5d6 e5d3 f4g5
8/6pk/p2R1p1p/r7/8/6P1/1P3P2/5K2 b - -,
8/8/pp2k3/7p/P2K3P/5P2/8/8 b - -,e6d6 d4e4 d6e6 e4d4 e6f5 d4d5 b6b5 a4b5 a6b5 d5c5
1R6/4kp2/5rp1/7p/4N2P/4K1P1/8/8 b - -,f6a6 b8b7 e7e8 e3d4 e8f8 e4g5 a6a4 d4c3 a4a3 c3c4
3RR3/p5k1/2p5/1p2p3/8/1b6/4K3/6q1 b - -,b3c4 e2d2 g1f2 d2c1 f2e1 c1b2 e1e2 b2c1 c4b3 d8d7
r3k2r/ppp1bp1p/3p1n2/4p3/1nBP4/2N1Bq2/PPPQ3P/2K2R1R b - -,f3h5 d4e5 d6e5 c3b5 b4a6 d2a5 h8g8 b5c7 a6c7 a5c7
r6r/1p2kp1p/2pnb1p1/p3p3/Pn2P3/1P2BP2/1K2N1PP/3R1B1R b - -,a8d8 e2c3 d6c8 f1e2 h7h5 e3c5 e7e8 f3f4 e5f4 d1d8
b7/p2R4/8/1ppB1k2/5p2/6p1/PP2N3/2K5 b - -,c5c4 d5a8 c4c3 b2c3 f5e6 d7d1 e6f6 a8g2 f4f3 g2f3
8/p7/1p3k2/7p/P3KP1P/8/8/8 b - -,f6e6 f4f5 e6f6 e4d5 f6f5 d5c6 f5g4 c6b5 g4g3 b5c6
8/6pk/R4p1p/1r6/8/6P1/1P3P2/5K2 b - -,b5b2 a6a7 b2b6 f1g2 f6f5 g2f3 h7g6 a7a8 g6g5 a8a7
8/6pk/R4p2/P6p/8/1K4P1/r4P2/8 b - -,
6K1/1q5P/8/8/8/2k5/8/8 b - -,
3Q4/k7/6p1/2N5/1K3p2/8/8/5q2 b - -,b7b3 g8f8 b3b8 f8g7 b8g3 g7h8 g3f3 h8g7
4r3/8/5R2/3p4/3P3k/2PK1p2/8/8 b - -,
8/8/4k3/1pK4p/7P/5P2/8/8 b - -,e6f5 c5b5 f5e5 b5c4 e5f4 c4c3 f4g3 c3d2 g3f3 d2d3
3qr3/p1r4N/1p1kp3/nP1bQ3/3P4/P6R/5PPP/R5K1 b - -,d6d7 h7f6 d7c8 f6e8 d8e8 h3h8 e8h8 e5h8 c8b7 h2h4
r1b1k2r/pp1n1qpp/2n1p3/2bp2B1/8/2NB1N2/PPP1QPPP/R3K2R b KQkq -,c6b4 g5h4 b4d3 c2d3 e8h8 d3d4 c5b6 e1h1 d7f6 a2a4
3r2k1/1P6/R1b3p1/2N5/8/4b3/1P4PK/8 b - -,c6d5 c5d7 d5b7 a6g6 g8h7 g6e6 e3f4 g2g3 f4c1 e6e7
8/p7/1p2k3/5P1p/P3K2P/8/8/8 b - -,e6f6 e4d5 f6f5 d5c6 f5g4 c6b5 g4h4 b5c4 a7a6 c4d5
8/6KP/8/8/8/1qk5/8/8 b - -,
5R2/p2R4/2p2k2/1p1bp3/8/8/4K3/6q1 b - -,d5f7 f8f7 f6e6 f7e7 e6f5 d7a7 f5e4 e7g7 g1e3 e2d1
3qr3/p1rk4/1p2pN2/nP1bQ3/3P4/P6R/5PPP/R5K1 b - -,d7c8 f6e8 c7d7 h3h8 c8b7 e8d6 d7d6 h8d8 d6d8 e5g7
r4rk1/3nbpp1/1q2p1P1/p2n4/1p2N3/5N2/PPPBQP2/1K1R3R b - -,f7g6 h1h3 f8f5 e4g3 b6a6 e2a6 a8a6 g3f5 g6f5 d1g1
8/P7/2k5/8/8/5K2/8/8 b - -,
rn1q1rk1/ppp2pbp/4pnp1/3p4/3P1P2/2NBPQ1P/PPP3P1/R1B2RK1 b - -,c7c5 d4c5 b8d7 e3e4 d7c5 e4e5 f6d7 a1b1 f7f6 e5f6
8/p7/1p3k2/5P1p/P4K1P/8/8/8 b - -,a7a6 f4e4 b6b5 a4a5 b5b4 e4d3 b4b3 d3c3 f6f5 c3b3
8/6pk/2R2p2/P6p/8/1K4P1/5r2/8 b - -,
8/1p3pk1/p1p3n1/P3p1p1/1P2P2p/2P2PPK/3r4/2R2N2 b - -,d2f2 h3g4 h4g3 g4g3 f2e2 c1d1 g6f4 g3g4 g7g6 d1d6
8/1P4r1/3B4/2p5/2npk3/6P1/8/R5K1 b - -,g7d7 a1e1 e4d5 b7b8q c4d6 b8a8 d7b7 a8a2 c5c4 a2g2
2kqN3/p1r5/1p2p3/nP1bQ3/3P4/P6R/5PPP/R5K1 b - -,d8e8 h3h8 e8h8 e5h8 c8b7 h2h4 c7c8 h8g7 c8c7 g7f6
8/1r6/8/2B5/2npk3/6P1/8/R5K1 b - -,d4d3 a1c1 c4e5 c1d1 b7b2 g1f1 e5g4 f1g1 g4e3 d1e1
8/1p1r1k2/pR3p1p/P5pP/6P1/3p1P2/1P1K4/8 b - -,
rn2kbnr/pQ3ppp/4p3/2ppPb2/3P4/2q1BN2/P1P1BPPP/R4RK1 b kq -,c5d4 b7a8 f7f6 a8b8 e8f7 e3d4 c3c2 f1e1 g8e7 b8a7
8/2p5/3k4/7K/7P/pB4P1/2P5/4b3 b - -,e1d2 g3g4 d6e5 h5g6 e5f4 b3e6 f4e5 e6g8 e5f4 g6h5
8/8/pp3k2/5P1p/P6P/4K3/8/8 b - -,e1d2 g3g4 d6e5 h5g6 e5f4 b3e6 f4e5 e6g8 e5f4 g6h5
r2qr1k1/pp3ppp/1bp3b1/3pPn2/N2P4/1Q2BN1P/PP3PP1/2R1R1K1 b - -,a8c8 a4b6 a7b6 a2a3 f5e3 b3e3 h7h6 c1c3 c8a8 e3f4
4k3/1p2r1p1/p2R1p1p/P2p3P/8/5KP1/1P3P2/8 b - -,
8/1r6/8/8/2n1k3/3p2P1/5B2/R5K1 b - -,e4f3 f2d4 b7b3 a1f1 f3e4 f1f4 e4d5 d4g7 d3d2 f4d4
r5k1/2p1qp2/2P3p1/4p3/4Pb2/4BPp1/3pQ1P1/1R1R3K b - -,e7h4 h1g1 a8a3 e3c5 h4h2 g1f1 h2h1 c5g1 f4e3 e2e3
2R5/4kp2/6p1/5r1p/4N2P/6P1/4K3/8 b - -,f5b5 c8c7 e7e6 e4g5 e6e5 c7e7 e5d6 e7f7 b5b3 e2f2
8/1p1rk3/p4p1p/P5pP/1R4P1/3p1P2/1P1K4/8 b - -,
r2q4/pp1n1kpp/2pb4/3pp3/6P1/3P3P/PPP2PB1/R1BQ1K2 b - -,f7g8 c2c4 d5d4 d1e2 a7a5 g2e4 d7c5 c1d2 d6e7 f1g2
r1b2rk1/pp2bppp/4p3/1BPp4/8/1Nq2P2/P1PB1P1P/1R1Q1RK1 b - -,c3e5 f1e1 e5c7 f3f4 b7b6 c5c6 a7a6 b5d3 c7c6 b3d4
8/8/pp3k2/5P1p/P3K2P/8/8/8 b - -,c3e5 f1e1 e5c7 f3f4 b7b6 c5c6 a7a6 b5d3 c7c6 b3d4
8/1p3pk1/p1p3n1/P3p1pp/1P2P3/2P2PPK/3r3N/2R5 b - -,g7f6 c1g1 d2c2 g1d1 f6e7 c3c4 c2c4 h2f1 c4c3 h3g2
3r2k1/1b1nqpp1/p3p2p/1p2b3/1P2N3/P2BP2P/1B2QPP1/2R3K1 b - -,e7h4 f2f4 b7e4 d3e4 e5b2 e2b2 d7b6 b2e2 h4f6 c1d1
bq4k1/4Rppp/4p3/1p6/2r1P3/5P2/1B1Q2PP/6K1 b - -,h7h6 e7d7 c4c8 d2d4 e6e5 d4e5 b8e5 b2e5 b5b4 d7d3
r4rk1/3nb1pp/1q2p1P1/p2n4/1p2N3/5N2/PPPBQP2/1K1R3R b - -,h7g6 h1h3 f8f5 d1h1 f5h5 h3h5 g6h5 h1h5 a8f8 e2d3
8/8/1p1k3p/1P4p1/4KP2/7P/8/8 b - -,g5f4 e4f4 d6c5 f4g4 c5b5 g4h5 b5a5 h3h4 b6b5 h5h6
2k1q2R/p1r5/1p2p3/nP1bQ3/3P4/P7/5PPP/R5K1 b - -,e8h8 e5h8 c8b7 h2h4 a7a6 h4h5 a6b5 h5h6 a5c6 a1e1
6N1/R4p1p/p2r2p1/6k1/6P1/7P/5P2/6K1 b - -,d6d8 g8e7 d8d6 g1g2 g5f6 a7c7 a6a5 e7c6 a5a4 c6b4
8/1p1r4/p3kp1p/P5pP/4R1P1/3p1P2/1P1K4/8 b - -,
rnbqk1nr/pp1p2pp/8/4pp2/4P3/Q7/PPP1KPPP/RNB2BNR b kq -,f5e4 b1c3 d7d5 c3b5 g8e7 b5d6 e8f8 c1d2 b8c6 e2e1
r1bq1rk1/pppnppbp/3p1np1/8/4PP2/2PPBN2/PP1N2PP/R2QKB1R b KQ -,g7h6 f3g5 e7e5 g2g3 d7b6 f1e2 e5f4 e3f4 h6g7 h2h4
3k1Q2/8/8/8/1K2Np2/8/8/5q2 b - -,d8c7 f8e7 c7b8 e7e8 b8c7 e4c3 c7d6 e8d8 d6e5 d8d5
r1bqkb1r/pp1p1ppp/8/2p1B3/4n3/1P1P4/P1P2PPP/RN1QKB1R b KQkq -,d8e7 d3e4 e7e5 b1d2 f7f5 g2g3 f5e4 f1g2 d7d5 e1h1
r1bqkb1r/pp3p1p/n1p1pnp1/3p4/3P1B2/2NBP3/PPP2PPP/R2QK1NR b KQkq -,f6h5 d3a6 h5f4 e3f4 b7a6 c3a4 d8f6 g1e2 a6a5 d1d3
8/8/1p1k3p/1P6/5K2/7P/8/8 b - -,
8/p7/8/1p6/4k3/5p2/PPR3p1/2K3N1 b - -,b5b4 c2f2 e4d5 f2f3 d5c6 c1d1 c6b6 d1e2 b6b5 f3d3
r2q1rk1/1pp1bppn/p1np3p/P2Pp3/2B1P1b1/2P2N2/1P3PPP/RNBQR1K1 b - -,c6b8 h2h3 g4h5 c4e2 h5g6 e2d3 g6h5 g2g4 h5g6 g1g2
rnb2rk1/pp3ppp/4pn2/3q4/2B5/4PN2/PP1N1PPP/R2QK2R b KQ -,d5d6 e1h1 b8c6 d1c2 c6e5 b2b3 c8d7 c4e2 e5f3 d2f3
3r4/4kp1p/rppnb1p1/p3p3/P3P3/1PN1BP2/1K1R2PP/3R4 b - -,
8/8/4p1R1/4P3/4r2P/6k1/8/6K1 b - -,
r1bqkb1r/pp3ppp/2n1p2n/2pp4/2PP4/2N1PN2/PP2BPPP/R1BQK2R b KQkq -,c5d4 e3d4 h6f5 e2d3 d5c4 d3f5 e6f5 e1h1 f8e7 d4d5
8/1p1r4/p4p1p/P2k2pP/4R1P1/3K1P2/1P6/8 b - -,d7c7 e4e8 f6f5 e8f8 f5g4 f3g4 c7c6 b2b3 d5e5 f8f5
8/3k4/3n4/2Q5/8/3K4/8/8 b - -,d7e6 d3d4 d6f5 d4e4 f5d6 e4f4 e6d7 f4e5 d6b7 c5c2
8/p7/8/1p6/8/4kp2/PPR3p1/3K2N1 b - -,b5b4 c2d2 f3f2 d2e2 e3d3 e2f2 d3c4 f2d2 c4b5 d1e2
8/2p5/3k4/8/6KP/pB4b1/2P5/8 b - -,
rnbqk1nr/pp1p2pp/8/4p3/4p3/Q1N5/PPP1KPPP/R1B2BNR b kq -,d7d5 c3b5 g8e7 b5d6 e8f8 c1d2 b8c6 e2e1 a7a5 a1c1
5R2/8/8/8/8/1r4P1/3p1K2/3k4 b - -,d1c2 f8c8 b3c3 c8d8 c3d3 d8c8 c2b3 c8b8 b3c4 b8c8
4r1k1/5p2/5p2/p7/2R1P1P1/2p2P1P/Pq3QK1/8 b - -,e8d8 g2g3 b2b8 f3f4 d8d3 g3h4 g8g7 c4c5 a5a4 c5h5
8/1p1r4/p4p1p/P1k3pP/4R1P1/4KP2/1P6/8 b - -,d7d1 e3f2 c5d6 e4b4 d1d5 b4b7 d5a5 b7h7 a5b5 h7h6
r2qkb1r/pp1b1ppp/2n1p2n/2pp4/2PP4/P1N1PN2/1P2BPPP/R1BQK2R b KQkq -,d5c4 e2c4 h6f5 e1h1 f5h4 f3h4 d8h4 g2g3 h4h3 f1e1
8/2B2kp1/7p/3n4/2p1N3/8/5KPP/8 b - -,g7g6 c7e5 f7e6 e5g7 h6h5 f2f3 d5b4 e4d2 e6d5 d2f1
8/1p3p2/p1p2kn1/P3p1pp/1P2P3/2P2PPK/3r3N/1R6 b - -,g6f8 b4b5 c6b5 h2f1 d2d3 h3g2 d3c3 b1d1 f8e6 d1d6
3r1q2/1b4k1/pQ1pp2p/1p2n1p1/4P1P1/P1N4P/1PP1B3/1K1R4 b - -,d8d7 a3a4 b5a4 b6d4 b7c6 c3a4 c6a4 d4a4 d7b7 e2a6
8/8/p4k2/P4P1p/1p5P/3K4/8/8 b - -,d8d7 a3a4 b5a4 b6d4 b7c6 c3a4 c6a4 d4a4 d7b7 e2a6
8/5pkp/3R2p1/6r1/P3B3/1P3P2/6bP/2R3K1 b - -,g2f3 g1f2 f3e4 f2e3 f7f5 d6d2 e4a8 c1c7 g7h6 b3b4
8/1p2R3/4p1kp/p3Pp1n/1p5K/1P4P1/P7/8 b - -,h5g7 e7b7 h6h5 h4h3 f5f4 g3f4 g7f5 b7b6 g6f7 b6a6
8/6pk/2R2p2/P6p/1K6/5rP1/8/8 b - -,f3f1 a5a6 g7g5 c6c4 f1a1 b4b5 h7g6 c4a4 a1b1 b5a5
1R6/1b1r1kpp/p4p2/8/PP3B2/5P2/5KPP/8 b - -,g7g5 f4e3 h7h5 b4b5 a6b5 a4b5 h5h4 e3c5 f7e6 h2h3
r1b1k2r/pp1n1qpp/2n1p3/2bp2B1/8/2NB1N2/PPPQ1PPP/R3K2R b KQkq -,a7a6 g5h4 h7h6 h4g3 b7b5 e1h1 e8h8 a2a3 c8b7 a1e1
1rbq1rk1/p2nbppp/2n1p3/1pppP3/5PP1/3P1N2/PPP1N1BP/R1BQ1RK1 b - -,f7f6 e5f6 d7f6 g4g5 f6h5 d3d4 g7g6 c1e3 d8b6 d1d2
r1bqk2r/ppp3pB/2n1pn2/6N1/3p4/P1B5/2Q2PPP/R3K2R b KQkq -,e8e7 c3d2 f6h7 g5h7 d8d6 c2g6 d6e5 e1f1 c8d7 a1e1
3r2k1/5p2/5p2/p7/2R1P1P1/2p2PKP/Pq3Q2/8 b - -,b2b8 f3f4 d8d3 g3h4 g8g7 c4c5 a5a4 c5h5 b8b2 f2a7
r4rk1/3nb3/1q2p1PR/p2n4/1p2N3/5N2/PPP1QP2/1K1R4 b - -,e7f6 e2f1 f6g7 f1h3 f8f3 h3f3 d7e5 f3h3 g7h6 h3h6
8/8/p7/P4k1p/1pK4P/8/8/8 b - -,e7f6 e2f1 f6g7 f1h3 f8f3 h3f3 d7e5 f3h3 g7h6 h3h6
8/2n2kp1/7p/8/2p1N3/6K1/6PP/8 b - -,f7e6 g3f4 c7d5 f4f3 e6e5 e4c5 d5f6 f3e2 f6g4 h2h4
b2r1rk1/p4ppp/1p1q4/3np3/P2p4/1Q1P2P1/1PRNPPBP/2R3K1 b - -,d8b8 a4a5 d6d7 b3a3 f8d8 a5b6 a7b6 a3b3 h7h6 c1a1
5rk1/pp4pp/2pb4/4p1B1/1PPp2Pq/3n3P/P1Q2PB1/1R4K1 b - -,h4g5 c2d3 g5f4 c4c5 d6c7 a2a3 g7g6 b1d1 f4f2 g1h1
r2q1rk1/5ppp/p3n3/np2P3/2pP4/4Q3/PPRN1PPP/3RN1K1 b - -,e6c7 d2e4 a5c6 c2d2 c7d5 e3g3 c6e7 e1c2 f7f5 e4c5
8/8/1p5p/1Pk5/5K1P/8/8/8 b - -,
8/p7/8/1p6/8/4k3/PP2Rpp1/3K2N1 b - -,e3f4 e2f2 f4e4 f2c2 e4d5 c2c3 d5d6 c3f3 d6c6 d1e2
r3k2r/ppp1bp1p/2qp1n2/1B2p3/1n1P4/2N1B3/PPPQ3P/2K2R1R b - -,a8b8 c1b1 b4d5 c3d5 f6d5 c2c4 d5b6 d4d5 b6c4 d2b4
r2qkb1r/p1pn1ppp/bp3n2/3p4/8/1P1PPNP1/PB3PBP/RN1QK2R b KQkq -,f8d6 e1h1 e8h8 d1c2 f8e8 b1c3 a8c8 a1c1 c7c5 f1d1
8/2p5/3k4/4bK2/7P/pB6/2P5/8 b - -,
r3kbnr/1pp2ppp/p1p5/7b/6P1/5N1P/PPPPKP2/RNB4R b kq -,e8a8 g4h5 h7h6 b2b3 g8f6 e2f1 f6h5 c1b2 f8b4 a2a3
r3br2/1p3pkp/pb1ppR2/4q1PQ/4P3/2NB4/PPP4P/5R1K b - -,b6e3 h5h6 g7g8 c3d1 e3c1 d1f2 e5g5 f1c1 g5h6 f6h6
8/8/1p5p/3k4/1P3K1P/8/8/8 b - -,
2rr4/4ppbk/p2p2p1/2pR3p/1nP1P3/1P1NBP2/P5PP/4R1K1 b - -,b4c2 e3f4 c2e1 d3e1 a6a5 g1f1 a5a4 e1d3 a4b3 a2b3
8/8/p7/P6p/1K4kP/8/8/8 b - -,g7c3 e1e2 b4d5 e4d5 d8e8 g1f1 a6a5 e3g5 c8c7 d3f2
8/2n3p1/4k2p/8/2p1N2K/8/6PP/8 b - -,e6e5 e4c3 c7d5 c3a2 e5e4 h4h5 d5f4 h5g4 f4g2 a2c3
8/r4n1p/1pp1bkp1/p7/P3NB2/1P4P1/1K5P/3R4 b - -,f6f5 d1e1 a7d7 h2h4 e6d5 e4g5 f7g5 f4g5 f5g4 g5f4
rn1r2k1/p5pp/2pP4/4p3/6b1/1P5P/PP1B2P1/R3K1NR b KQ -,g4h5 d2b4 a7a5 b4a3 b8a6 g1f3 a6b4 a3b4 a5b4 e1h1
2r1r1k1/1bq1bppp/pp1ppn2/4n3/P1P1PB2/1PN3PP/3RQPB1/1N3RK1 b - -,
6k1/1p1r2p1/p4p1p/P2p3P/1R4P1/5K2/1P3P2/8 b - -,f6f5 g4f5 d5d4 f3e2 d7d5 b4b7 d5a5 f5f6 g7f6 b7b6
1rbq1rk1/p2nbppp/2n1p3/1pppP3/5P2/2PP1NP1/PP2N1BP/R1BQ1RK1 b - -,a7a5 c1e3 c8a6 d1c2 a5a4 a2a3 d8b6 g3g4 f8c8 e3f2
r1bqkbnr/ppp2ppp/P1n5/3pp3/3P4/8/1PP1PPPP/RNBQKBNR b KQkq -,e5d4 a6b7 c8b7 g1f3 f8b4 c2c3 d4c3 b2c3 b4d6 d1d5
8/p7/8/1p6/5k2/8/PP3Rp1/3K2N1 b - -,f4g4 f2f8 g4g5 d1e2 g5g6 f8f4 b5b4 e2d3 g6g7 d3e4
2kr3r/pp2bpp1/2npq2p/2pQ4/4PB2/2P2N2/PP3PPP/1K1RR3 b - -,g7g5 f4g3 e6g6 b1c1 g5g4 f3d2 e7g5 c1b1 g5d2 d5d2
r2qkb1r/pbpn1ppp/1p3n2/3p4/8/1P2PNP1/PB1P1PBP/RN1QK2R b KQkq -,b7a6 d1c2 f8d6 b1c3 e8h8 d2d3 d7e5 a1d1 e5f3 g2f3
8/8/p7/P1K4p/7k/8/8/8 b - -,b7a6 d1c2 f8d6 b1c3 e8h8 d2d3 d7e5 a1d1 e5f3 g2f3
r2qr1k1/ppp2pbp/5np1/1b2P1N1/8/8/PP1N1PPP/R1BQR1K1 b - -,f6d5 d2f3 h7h6 g5e4 b5c6 c1d2 g7e5 f3e5 e8e5 d1g4
2kr4/1pp2pp1/p1p2n2/2B1p3/4P1p1/2PP4/PP3PPK/RN1QNq2 b - -,g7h6 g5f7 g8f7 e5f6 b5a4 e1e8 a4d1 e8d8 a8d8 d2e4
8/8/1p5p/8/1Pk3KP/8/8/8 b - -,
2R5/4kp2/6p1/5r1p/4N2P/6P1/6K1/8 b - -,e7e6 c8c5 f5c5 e4c5 e6d5 c5d3 d5e4 d3f2 e4f5 g2f3
8/2n3p1/5N1p/3k4/2p4K/8/6PP/8 b - -,g7f6 h4h5 c4c3 h5h6 c7e6 h6g6 d5e5 g2g3 f6f5 g6h5
8/8/1p5p/1k2K3/7P/8/8/8 b - -,d5d6 f6e4 d6e5 e4c3 c7d5 c3e2 e5e4 e2g3 e4d3 h4g4
4n3/3bk2p/p2p2p1/B2Pp1P1/2P3P1/7P/2BK4/8 b - -,d7c8 d2e3 e7f8 e3e4 c8d7 a5b4 f8g7 c4c5 d6c5 b4c5
r1b1k2r/ppp1bppp/2n5/4p3/PqP5/2NP1P2/1P4PP/R1BQKB1R b KQkq -,c8e6 c1d2 b4d6 d2e3 e8a8 f1e2 d6b4 e3d2 b4b2 a1b1
r2q1rk1/4pp1p/3pbbp1/p3n2P/4P1P1/1P2QP2/PBP5/1K1R1BNR b - -,g6g5 a2a4 d8c7 g1e2 e5c4 b3c4 a8b8 e2d4 c7c5 b1c1
b2r1rk1/p4pp1/1p1q3p/P2np3/3p4/1Q1P2P1/1PRNPPBP/2R3K1 b - -,d6b8 a5b6 a7b6 c1a1 f8e8 c2c4 a8b7 c4a4 e8e6 a4a7
rn1r2k1/p5pp/2pP4/4pb2/1B6/1P5P/PP4P1/R3K1NR b KQ -,a7a5 b4a3 b8d7 g1f3 d8f8 e1h1 f5e4 a1e1 e4f3 g2f3
r1bqkb1r/1p3ppp/2n2n2/pBPpp3/8/P3PN1P/1PP2PP1/RNBQK2R b KQkq -,c8d7 b5c6 d7c6 f3e5 f8c5 e5c6 b7c6 e1h1 e8h8 b1d2
8/8/pK6/P5kp/8/8/8/8 b - -,c8d7 b5c6 d7c6 f3e5 f8c5 e5c6 b7c6 e1h1 e8h8 b1d2
1qr1r1k1/1b2bppp/pp1ppn2/4n3/P1P1PB2/1PN3PP/3RQPB1/1N1R2K1 b - -,f6d7 d2b2 e7f6 c3a2 d7c5 b1c3 b8a8 b2b1 e8d8 e2c2
8/1R4n1/4p1kp/p3Pp2/1p5K/1P4P1/P7/8 b - -,g7h5 b7b6 h5g7 b6a6 h6h5 h4h3 f5f4 g3f4 g6f5 a6a7
1r4k1/8/R5p1/N7/8/4b3/1P4PK/8 b - -,
8/p7/5k2/1p3P1p/5K1P/P7/8/8 b - -,a7a5 f4e4 b5b4 a3a4 b4b3 e4d3 f6f5 d3c3 f5g4 c3b3
5k2/5P2/p3r2p/1p2P3/1K6/5R1P/3r4/6R1 b - -,f6f7 f4e5 a7a5 e5d6 f7f6 d6c5 f6f5 c5b6 b5b4 a3a4
r2qr1k1/ppp2pbp/6p1/1b1nP1N1/8/5N2/PP3PPP/R1BQR1K1 b - -,d5b6 c1d2 h7h6 g5e4 b5c6 d1c1 d8d3 e1e3 d3d5 e3e1
8/8/K7/P5k1/7p/8/8/8 b - -,d5e7 c1d2 b5c6 d1c2 h7h6 g5e4 e7f5 d2c3 f5h4 f3h4
r2qnrk1/3n1pbp/p2p2p1/1ppP2P1/4PP2/5B1P/PP2N3/R1BQ1RK1 b - -,e8c7 h3h4 a6a5 a1b1 a5a4 h4h5 b5b4 g1g2 f7f6 h5g6
2R5/4kp2/6p1/4r1Np/7P/6P1/6K1/8 b - -,e5f5 c8a8 e7d6 a8a7 f7f6 g5e4 d6d5 e4c3 d5c4 c3d1
rn1k4/ppp1r1pp/4p3/8/1P1bPR2/2B5/P1P3PP/RN5K b - -,d4c3 b1c3 b8d7 a1d1 d8e8 d1f1 c7c6 e4e5 e8d8 f4h4
8/6np/p1pk1p2/1pp2P2/2P1PK1P/1P3N2/P7/8 b - -,b5c4 b3c4 d6e7 e4e5 g7e8 e5f6 e8f6 f3e5 h7h6 e5g4
r2r2k1/p5pp/n1pP4/4pb2/8/BP5P/PP4P1/R3K1NR b KQ -,c6c5 a1d1 d8d7 g1f3 a8d8 e1h1 d7d6 d1d6 d8d6 f3e5
8/5pkp/3R2p1/6r1/P3B3/1P3b2/5K1P/2R5 b - -,f3e4 f2e3 f7f5 d6d2 g5h5 e3d4 h5h3 b3b4 h3a3 a4a5
8/8/5k2/pp3P1p/4K2P/P7/8/8 b - -,f3e4 f2e3 f7f5 d6d2 g5h5 e3d4 h5h3 b3b4 h3a3 a4a5
8/6pk/P1R2p2/7p/1K6/6r1/8/8 b - -,g3e3 c6c8 e3e7 b4c5 h5h4 c5b6 f6f5 c8c7 e7e2 a6a7
r1bR4/1p3kpp/1P3p2/8/1P6/4B3/4rPPP/5RK1 b - -,f6f5 f1c1 f5f4 e3f4 a8a2 d8c8 e2f2 c8c7 f7e6 c1e1
8/2n5/5p1p/3k4/2p4K/6P1/7P/8 b - -,f6f5 f1c1 f5f4 e3f4 a8a2 d8c8 e2f2 c8c7 f7e6 c1e1
6k1/1p2r1p1/p4p1p/P6P/3R4/5KP1/1P3P2/8 b - -,e7e6 d4d8 g8h7 d8d5 b7b6 b2b4 h7g8 f3f4 b6a5 b4a5
1r4k1/p4p1p/6p1/P6n/5Pq1/3QP3/5P1P/2R4K b - -,e7e6 d4d8 g8h7 d8d5 b7b6 b2b4 h7g8 f3f4 b6a5 b4a5
8/8/1p5p/7K/1k5P/8/8/8 b - -,
8/8/1p3K1p/8/2k4P/8/8/8 b - -,b6b5 h5h6 b4c5 h6g5 b5b4 h4h5 b4b3 h5h6 b3b2 h6h7
8/8/1K6/P5k1/8/7p/8/8 b - -,b6b5 h5h6 b4c5 h6g5 b5b4 h4h5 b4b3 h5h6 b3b2 h6h7
1kr1r3/7R/p7/q2nPBQ1/1b1P2P1/2P5/3KN3/1R6 b - -,e8h8 c3b4 a5a2 d2e1 h8h7 f5h7 a2c4 e5e6 c8e8 b4b5
r7/1p3pk1/p1p1r1np/P2pp1p1/1P2PB2/2PP1P2/6PK/R4N1R b - -,e5f4 f1d2 d5e4 d3e4 g6e5 d2b3 g5g4 b3d4 e6g6 a1f1
b2r1rk1/p4pp1/3q3p/p2np3/2Np4/1Q1P2P1/1PR1PPBP/2R3K1 b - -,d6e6 c4a5 d8b8 b3a2 b8b6 c2c5 d5f4 a2e6 f4e6 c5c2
6k1/8/6R1/N7/8/4b3/1r4PK/8 b - -,g8f7 g6g4 e3b6 a5c4 b2b3 g4f4 f7g7 c4d2 b3d3 f4g4
7b/2p5/3k4/5K1P/8/pB6/2P5/8 b - -,
r1b1k2r/pp1n1qp1/2n1p2p/2bp4/7B/2NB1N2/PPP1QPPP/R3K2R b KQkq -,c5e7 h4e7 f7e7 d3g6 e8d8 e1h1 e7f6 g6d3 h8e8 f1e1
8/2n5/5p1p/3k2P1/7K/7P/8/2q5 b - -,c5e7 h4e7 f7e7 d3g6 e8d8 e1h1 e7f6 g6d3 h8e8 f1e1
2krr3/pp2bpp1/2npq2p/2p5/4PB2/2P2N2/PP1Q1PPP/1K1RR3 b - -,g7g5 f4g3 e7f6 d2d3 f6e5 g3e5 c6e5 f3e5 e6e5 d3f3
r2R2k1/1b2qp2/p3p2p/2p1b3/P1B1nN2/1P6/4Q1PP/2B2R1K b - -,a8d8 e2h5 e5g7 f4d3 b7d5 c4d5 d8d5 h5f3 e4g5 f3g3
r2q1rk1/4pp1p/3pbbp1/p3n2P/4P1P1/1P3P2/PBPQ4/1K1R1BNR b - -,d8b6 g4g5 f6g7 h5h6 g7h8 a2a4 f8b8 d2d4 b6c6 d4c3
r2qkbnr/pp1n1p1p/2p1b3/3p2p1/3P2P1/2NBP1B1/PP3P1P/R2QK1NR b KQkq -,d7b6 h2h4 h7h5 h4g5 d8g5 g4h5 e6g4 g1e2 h8h5 h1g1
4n3/3b1k1p/pB1p2p1/3Pp1P1/1KP3P1/7P/2B5/8 b - -,f7f8 b4a5 d7c8 b6e3 f8e7 a5b6 a6a5 e3d2 a5a4 c2a4
r2qkb1r/p1pn1ppp/bp3n2/3p4/8/1P2PNP1/PBQP1PBP/RN2K2R b KQkq -,c7c5 a2a4 a8c8 b1c3 f8d6 f3h4 d7e5 c3b5 e8h8 e1h1
r3kb1r/pp1b1ppp/4p3/3pR3/8/1R1q4/P2N1PPP/2B1Q1K1 b kq -,d3b3 d2b3 f8e7 c1d2 a7a5 d2a5 d7a4 b3d4 e8h8 a5b4
1r1q1rk1/5ppp/p1np1n2/8/P1B1P1b1/1P1Q1N2/3N1PPP/R3K2R b KQ -,d6d5 e4d5 c6b4 d3b1 f8e8 e1f1 f6d5 h2h3 g4e6 f1g1
3rr1k1/pb4p1/1p1b4/2pPnp1p/q3P2P/1N3PP1/P1Q3BK/R1B2R2 b - -,f5e4 f3e4 b7a6 c1g5 a6d3 c2d2 d3f1 a1f1 e8f8 g5f4
8/r3kn1p/1pp1b1p1/p5N1/P4B2/1P4P1/1K5P/3R4 b - -,h7h5 h2h4 a7b7 g5h7 b6b5 d1e1 b5a4 f4g5 f7g5 h7g5
8/8/PK6/6k1/8/8/7p/8 b - -,b6b5 g5h7 a7b7 d1e1 b5a4 f4g5 e7d6 g5f4
2b1n3/5k1p/pB1p2p1/K2Pp1P1/2P3P1/7P/2B5/8 b - -,f7f8 b6e3 f8e7 e3d2 e7d8 a5b6 d8e7 b6a7 e7f7 a7b8
3R2k1/1p4p1/p4p1p/P3r2P/8/5KP1/1P3P2/8 b - -,e5e8 d8e8 g8f7 e8b8 f7e6 f3f4 e6d6 b8b7 d6c6 b7b6
r5k1/p4ppp/1p6/2b5/4P3/1b3PK1/1R4PP/5B1R b - -,c5d6 f3f4 b3e6 f1a6 g7g5 e4e5 d6e7 h1d1 a8b8 d1d3
6k1/6p1/p4p1p/r7/3R4/6P1/1P3PK1/8 b - -,a5b5 b2b4 b5b6 f2f4 f6f5 g2h3 g8f7 d4d7 f7f6 d7c7
r2qkb1r/p1p2ppp/bp3n2/2np4/8/1P2PNP1/PBQP1P1P/RN2KB1R b KQkq -,f8e7 b3b4 a6f1 e1f1 c5d7 b4b5 a7a6 a2a4 d7c5 f1g2
r3kbnr/pp1n1p1p/1qp1b3/3p2p1/3P2P1/2NBP1B1/PPQ2P1P/R3K1NR b KQkq -,b6d8 h2h4 e6g4 f2f3 g4e6 e1a1 g5g4 e3e4 g8f6 e4d5
8/1p1R2pk/p4p1p/P3r2P/8/5KP1/1P3P2/8 b - -,e5h5 d7b7 h5a5 b7b6 a5a4 b2b3 a4a3 f3g2 a6a5 b3b4
4rr1k/1p6/p4P1p/2pqP3/3pQ3/7P/PP6/4RRK1 b - -,e8e5 e4d5 e5d5 f1f4 d4d3 e1d1 h8g8 b2b4 c5b4 f4b4
8/8/1p4Kp/3k4/7P/8/8/8 b - -,d5e4 e1e4 e8e6 g1g2 h8g8 e4g4 g8f7 g4g7 f7e8 f1f5
r2q1rk1/4bppp/p3b3/1p1pR3/3P4/2P2Q2/PP3PPP/RNB3K1 b - -,a6a5 h2h3 b5b4 a2a4 a8c8 c1f4 d8b6 e5e1 c8c6 f4e5
2b1n3/4k2p/p2p2p1/K2Pp1P1/2P3P1/4B2P/2B5/8 b - -,c8d7 a5a6 e7d8 a6b7 d7c8 b7a7 c8d7 a7b8 e8g7 e3d2
b6r/k4Ppp/1Bn5/b3N3/2Q5/8/P4PPP/6K1 b - -,a7b8 e5c6 a8c6 c4c6 a5b6 c6b6 b8c8 b6c6 c8b8 c6d6
r1b1k2r/1p1n1qp1/p1n1p2p/2bp4/8/2NB1NB1/PPP1QPPP/R3K2R b KQkq -,c6b4 a2a3 b4d3 c2d3 e8h8 d3d4 c5a7 a1d1 d7f6 e1h1
3R4/1r3k1p/1pp1b1p1/p7/P4B2/1P4P1/1K5P/8 b - -,b6b5 d8b8 b7b8 f4b8 f7f6 b8c7 f6f5 a4b5 c6b5 b2a3
r7/1p3pk1/p1p1r1np/P2p2p1/1P2Pp2/2PP1P2/3N2PK/R6R b - -,d5e4 d3e4 e6d6 d2b3 d6d3 h1c1 a8b8 b3c5 d3e3 c3c4
2R5/6pk/P4p2/7p/1K6/4r3/8/8 b - -,e3e7 b4c5 h5h4 c5b6 f6f5 c8c1 e7e6 b6b7 e6e4 c1c5
r1b3k1/p5pp/1pn1pr2/q7/2PPp3/P3B1N1/2Q2PPP/R4K1R b - -,f6f7 f1g1 c8b7 h2h3 a8d8 g3e2 a5a6 g1h2 c6a5 c4c5
8/pp6/5kp1/7P/5P1P/4K3/P7/8 b - -,g6h5 e3e4 f6e6 e4d4 e6f5 d4e3 a7a6 e3d4 f5f4 d4c5
8/1R4pk/p4p1p/P6r/8/5KP1/1P3P2/8 b - -,h5c5 b2b4 c5c4 f3e3 f6f5 b7b6 f5f4 g3f4 h6h5 f4f5
r2q1rk1/pp2ppbp/2n1b1p1/3pN3/3PNPP1/PP2P3/1B2B2P/2RQ1RK1 b - -,c6d4 d1d4 d5e4 d4e4 a8c8 c1c8 d8c8 f1c1 c8d8 e2f3
r3kbnr/pp1n1p1p/1qp5/3p2p1/3P2bP/2NBP1B1/PPQ2P2/R3K1NR b KQkq -,g8f6 h4g5 f6h5 h1h4 f7f5 g1e2 e8a8 g3h2 f8e7 d3f5
2kr4/1pp2pp1/p1p2n2/2b1p3/4P1p1/2PPB3/PP1N1PPK/R2QNq2 b - -,g8f6 h4g5 f6h5 h1h4 f7f5 g1e2 e8a8 g3h2 f8e7 d3f5
8/pp6/5kp1/6Pp/5P1P/4K3/P7/8 b - -,f6e6 e3d3 e6f5 a2a4 b7b6 d3c4 f5f4 c4d5 f4f5 d5c6
8/8/7K/1pk4P/8/8/8/8 b - -,
r6b/3q2kP/2p2p2/p2p1QR1/1p1P4/8/PPPB4/1K6 b - -,f6g5 f5d7 g7g6 d7c6 g6h7 c6a8 h8d4 a8d5 d4g7 d5g5
r1bq1rk1/1p1n2pp/p1nNpp2/3pP3/3p1P2/3B1N2/PPP1Q1PP/R4RK1 b - -,d8e7 a1d1 g7g6 d1e1 f6e5 f4e5 e7d8 g1h1 d7e5 d6c8
b2r1rk1/p4pp1/7p/p2np3/1qNp4/3P2P1/QPR1PPBP/2R3K1 b - -,a5a4 c1a1 b4e7 a2a3 f8e8 a3e7 e8e7 a1a4 a8c6 a4a5
r2qkb1r/pbp2ppp/1p3n2/2np4/3N4/1P2P1P1/PBQP1P1P/RN2KB1R b KQkq -,a7a6 f1g2 c5e6 d4e6 f7e6 e1h1 f8d6 d2d3 a6a5 b1d2
8/6np/p1pk1P2/1pp1p3/2P3KP/1P3N2/P7/8 b - -,h7h5 g4g5 g7e6 g5g6 e6f4 g6f5 f4e6 f3g5 e6d4 f5g6
r5qr/pp2bk2/2p1pp2/1PP2b2/3PpBp1/4P1P1/P3BPK1/R1Q2R2 b - -,h7h5 g4g5 g7e6 g5g6 e6f4 g6f5 f4e6 f3g5 e6d4 f5g6
r3r1k1/pp3ppp/5n2/2bp3P/3p3q/NP1Q1P2/PB2P1B1/R4RK1 b - -,e8e3 a3b5 e3d3 e2d3 f6h5 f3f4 h5f4 f1f4 h4f4 a1f1
3r1r1k/1p3Bpp/1b4n1/1P2qbN1/1Q2N3/8/5PPP/R3R1K1 b - -,f5e4 g5f3 e5f6 b4e4 f6f7 h2h4 d8e8 e4b4 e8e1 a1e1
8/pp6/6p1/5kPp/5P1P/5K2/P7/8 b - -,b7b6 f3e3 b6b5 e3d3 f5f4 d3d4 b5b4 d4d5 f4f5 d5d6
8/8/1p5K/2k5/7P/8/8/8 b - -,
8/8/8/2k3KP/1p6/8/8/8 b - -,
2r2rk1/1pqnbpp1/p3bn2/3Pp2p/P4P2/1PN1B1PP/2P1N1B1/R2Q1RK1 b - -,f8d8 d5e6 f7e6 d1c1 e7b4 c3a2 b4c5 g1h1 c5e3 c1e3
r7/pp4k1/2p4p/2Rn4/P7/7N/1P4PP/7K b - -,a8e8 h3g1 e8e4 a4a5 a7a6 h2h3 e4b4 g1f3 b4b2 f3d4
8/6pk/pR3p1p/r7/8/5KP1/1P3P2/8 b - -,h7g6 b2b4 a5a4 b6b7 f6f5 f3g2 g6f6 b4b5 a6b5 b7b6
3k4/1Kb5/2P1P3/3B4/8/8/8/8 b - -,c7h2 d5c4 h2d6 c4f1 d6h2 f1h3 h2d6 h3f5 d6h2 b7a6
r4rk1/5ppp/p3n3/np2P3/2p5/4PN2/PPRN2PP/3R2K1 b - -,a8d8 c2c1 d8d3 g1f2 a5c6 d2e4 c6b4 a2a3 d3d1 c1d1
5b2/N5p1/p7/1k6/8/8/P1K3P1/8 b - -,b5b6 a7c8 b6b7 c2d3 b7c8 d3e4 f8e7 e4d5 c8d7 d5c4
2r2rk1/p5pp/2p1R1qn/2P5/2BP1p2/5N1P/P4PP1/2Q3K1 b - -,g6e6 c4e6 h6f7 e6c8 f8c8 c1f4 h7h6 g1h2 a7a6 f4f5
2r2rk1/1pqnbpp1/p4n2/3PPb1p/P7/1PN1B1PP/2P1N1B1/R2Q1RK1 b - -,f6e4 g2e4 f5e4 d5d6 e7d6 d1d6 c7c6 a1d1 c6d6 d1d6
8/p7/6p1/1p3kPp/5P1P/4K3/P7/8 b - -,b5b4 e3d4 f5f4 d4d5 f4f5 d5c5 f5g4 c5b4 g4h4 b4c4
r2q1rk1/5ppp/p2bb3/1p1p4/3P4/2P2Q2/PP3PPP/RNB1R1K1 b - -,f8e8 c1e3 a6a5 h2h3 b5b4 e3f4 d6f8 a2a4 b4a3 b1a3
r7/1p3pk1/p1p1r1np/P5p1/1P2Pp2/2P2P2/3N2PK/R6R b - -,e6d6 d2b3 d6d3 h1c1 a8b8 a1a2 h6h5 b3c5 d3d8 h2g1
7b/2p5/8/2k4P/4K3/pB6/2P5/8 b - -,
6k1/8/6R1/N7/5b2/7K/1r4P1/8 b - -,g8f7 g6g4 f4c7 a5c4 b2c2 g4e4 c7b8 c4e3 c2e2 g2g3
r1bq1rk1/1p4pp/p1nNpp2/3pP3/1P1p1P2/3P1N2/P3Q1PP/R4RK1 b - -,f6e5 f4e5 d8e7 f1b1 c8d7 a2a4 b7b5 a4b5 a6b5 a1a8
r2q2k1/ppp1b1p1/2nppr1p/4p3/4P3/3P1NN1/PPPQ1PPP/R3K2R b KQ -,f6f3 g2f3 c6d4 d2d1 d8f8 e1f1 f8f7 c2c3 d4f3 g3f5
6N1/R4p1p/p2rk1p1/8/6P1/7P/5P2/6K1 b - -,d6b6 h3h4 h7h5 g4g5 e6e5 g1g2 b6b4 g8h6 b4h4 a7a6
8/p7/6p1/5kPp/1p3P1P/5K2/P7/8 b - -,a7a5 f3e3 a5a4 e3d3 f5f4 d3c4 b4b3 a2b3 a4b3 c4b3
7Q/8/8/2k3K1/8/8/8/1q6 b - -,
r4rk1/5ppp/p1n1n3/1p2P3/2p5/P3PN2/1PRN2PP/3R2K1 b - -,f8d8 d1b1 a8c8 g1f2 c6a5 d2e4 a5b3 e4d6 c8c6 a3a4
2k4r/1pp2pp1/p1p2n2/2b1p3/4P1p1/2PPB1K1/PP1N1PP1/R2QNq2 b - -,f8c8 d2e4 c8d8 c2d2 d8d2 d1d2 a8d8 d2d8 c6d8 a3a4
6k1/1b3p1p/4P1p1/pp6/6BP/5PP1/PP2Q1K1/1q1rbR2 b - -,
6k1/6p1/pr3p1p/8/1P1R4/5PP1/6K1/8 b - -,g8f8 d4c4 f8g8 c4d4 g7g5 d4d7 b6b4 d7d6 b4b2 g2g1
8/5kp1/R4p1p/8/1r6/6P1/5PK1/8 b - -,b4b7 a6a5 f7g6 a5a6 g6h7 a6a5 b7b6 a5a7 f6f5 f2f4
3r2k1/1b2qp2/p3p2p/2p1b2Q/P1B1nN2/1P6/6PP/2B2R1K b - -,e5g7 f4d3 b7d5 d3e5 f7f5 c1f4 e7e8 h5e8 d8e8 c4a6
r2r2k1/p5pp/n2P4/2p1p3/4b3/BP5P/PP1R1KP1/6NR b - -,d8f8 g1f3 e4b7 f2g3 f8f5 h1e1 e5e4 f3h2 a8d8 h2g4
r1bqkb1r/pp1p1ppp/2n3n1/2p1p3/2P5/2NP1NP1/PP2PPBP/R1BQK2R b KQkq -,a7a5 a2a3 d7d6 e1h1 f8e7 c1d2 c8e6 h2h4 e8h8 h4h5
r2q1rk1/pp2ppbp/2N1b1p1/8/3PpPP1/PP2P3/1B2B2P/2RQ1RK1 b - -,d8c7 c6e5 c7d8 a3a4 g7e5 d4e5 a8c8 d1d8 f8d8 c1c8
r5k1/pb4pp/1pn1pr2/q7/2PPN3/P3B3/2Q2PPP/R4K1R b - -,f6f5 e4d6 b7a6 d6f5 a5f5 c2f5 a6c4 f1g1 e6f5 h2h4
8/p7/6p1/5kPp/5P1P/1P3K2/8/8 b - -,a7a5 f3e3 f5e6 e3e4 e6d6 f4f5 d6e7 e4e5 e7f7 f5g6
7Q/8/8/2k2K2/8/8/8/6q1 b - -,
8/2B2kp1/3P1n1p/3N4/2pK4/8/7P/5b2 b - -,f6d7 c7d8 f7e6 d5c7 e6f5 c7d5 f1e2 d8e7 e2d3 d5b4
5k2/6p1/pr3p1p/8/1PR5/5PP1/6K1/8 b - -,f8g8 g2h3 f6f5 c4c8 g8f7 c8c7 f7g6 c7a7 g6f6 a7d7
r1n1k2r/pb1p2pp/3q1p2/2p1p3/2P5/3B1PB1/PPQ3PP/R4RK1 b kq -,c8e7 d3h7 a8d8 a1d1 d6e6 h7d3 e8f7 d1e1 d7d6 f3f4
8/5k2/8/N7/5bR1/7K/1r4P1/8 b - -,f4c7 a5c4 b2c2 g4e4 c7b8 c4e3 c2e2 h3g4 b8a7 g4f3
5rk1/pB1p1ppp/1pp5/2b2r2/3P4/2P3Q1/PP5P/RNBR3K b - -,f5f6 d4c5 f6g6 g3h4 b6c5 b1d2 c5c4 d2f3 d7d5 b7a6
r1bqkb1r/pp3pp1/2n1pn1p/2pp4/6P1/1P1PP2P/PBP2PB1/RN1QK1NR b KQkq -,f8d6 b1d2 a7a5 g1e2 e8h8 c2c4 a5a4 e1h1 a4a3 b2c3
2q2rk1/5rp1/4p2p/1p1pP2P/p1nP1P1b/P2QNR2/1P4K1/3N1R2 b - -,c8b7 e3c4 b5c4 d3g6 b7b6 d1e3 g8h8 g6g4 b6b2 g2h1
rn1qkb1r/p2b3p/5pp1/1ppQp3/5P2/1P6/PBPP2PP/RN2K1NR b KQkq -,b8c6 a2a3 c6e7 d5d3 d7c6 d3d8 a8d8 g1f3 e5e4 f3g5
7Q/8/4K3/2k5/8/8/5q2/8 b - -,
7r/1p1nkp2/pr2p2p/4P3/3R4/2N2P2/PPP3P1/2KR4 b - -,h8d8 c3e4 b6c6 e4f6 d7e5 d4d8 e7f6 d1h1 f6g6 c2c3
b6r/k4Ppp/1bN5/8/2Q5/8/P4PPP/6K1 b - -,a8c6 c4c6 g7g5 c6d7 a7a6 d7e8 h8e8 f7e8q h7h5 e8h5
8/4k2p/4Pb2/5P2/1pK5/7P/P7/8 b - -,f6c3 a2a4 c3e1 c4b3 e7d6 a4a5 e1d2 a5a6 d2e3 b3b4
2b1B3/5k1p/pK1p2p1/3Pp1P1/2P3P1/4B2P/8/8 b - -,f7f8 e8c6 h7h5 g5h6 c8f5 b6c7 f5e4 c7d6 f8f7 d6c7
r1b2rk1/1p2q1pp/p1nNpp2/3pP3/1P1p1P2/3P1N2/P3Q1PP/RR4K1 b - -,f6e5 f4e5 c8d7 a2a4 b7b5 a4b5 a6b5 a1a8 f8a8 d6b5
br3rk1/p4pp1/1P1q3p/3np3/3p4/1Q1P2P1/1PRNPPBP/2R3K1 b - -,h6h5 c1a1 b8b6 d2c4 b6b3 c4d6 d5b4 c2c5 b3b2 c5e5
2kr3r/pp2bpp1/2npq2p/2pQ4/4PB2/2P2N2/PP1R1PPP/2K1R3 b - -,h8e8 h2h4 e7f8 d2d1 e6d5 e4d5 c6e7 c3c4 e7g8 c1c2
8/8/6p1/p4kPp/5P1P/1P2K3/8/8 b - -,f5g4 e3e4 g4h4 e4f3 h4h3 f4f5 g6f5 g5g6 h3h4 f3f4
8/8/5k1N/8/4K3/8/2B5/8 b - -,f6g5 h6f5 g5g4 f5d4 g4g5 e4e5 g5g4 c2e4 g4g5 d4e6
r6b/4q1kP/2p2p2/p2p1Qp1/1p1P4/8/PPPB4/1K4R1 b - -,a8e8 d2g5 f6g5 g1g5 e7g5 f5g5 g7f7 g5h5 f7e7 c2c3
8/2B2kp1/3P3p/3K4/2p5/8/7P/5b2 b - -,
7Q/5K2/8/2k5/8/8/8/4q3 b - -,
r1b1kbnr/ppq3pp/2n1pp2/2ppP3/5P2/2PB1N2/PP1P2PP/RNBQ1RK1 b kq -,f8e7 d3c2 g8h6 d2d4 e8h8 e5f6 f8f6 b1d2 h6f5 d2b3
r3k2r/pb1pn1pB/3q1p2/2p1p3/2P5/5PB1/PPQ3PP/R4RK1 b kq -,a8d8 h2h3 g7g5 a2a3 d6e6 h7d3 a7a5 c2d2 a5a4 d2a5
r1bR4/1p2rkpp/1P3p2/8/1P3B1P/8/5PP1/2R3K1 b - -,a8a6 d8c8 a6b6 c8c7 h7h5 f4e3 b6b5 c7e7 f7e7 c1c7
br3rk1/5pp1/1p1q3p/1Q1np3/3p4/3P2P1/1PRNPPBP/2R3K1 b - -,g8h8 c1a1 f8d8 a1a7 d6e6 g2f3 h8h7 f3e4 h7g8 h2h4
6k1/2p1qp2/2P3p1/4p3/3BPb2/5Pp1/3pQ1P1/1R1R3K b - -,
8/R5p1/pr3pkp/8/1P6/5PP1/6K1/8 b - -,f6f5 g2h3 g6f6 a7c7 g7g6 f3f4 g6g5 f4g5 h6g5 c7c5
7Q/8/4K3/2k5/8/8/8/5q2 b - -,
7r/k4Ppp/1bQ5/8/8/8/P4PPP/6K1 b - -,h8b8 g2g3 h7h6 g1g2 b8f8 c6a4 a7b7 a4e4 b7a6 e4e7
6k1/1p1r2p1/p4p1p/P2p3P/3R2P1/8/1P3PK1/8 b - -,g8f7 g2f3 f7e7 f3e2 e7d6 d4b4 d6c5 b4b6 c5c4 e2d2
2R5/4r1pk/P4p2/2K4p/8/8/8/8 b - -,f6f5 c5b6 h5h4 c8c1 e7e8 b6b7 e8e4 c1c5 e4b4 b7c7
6k1/1p4p1/pR3p1p/P3r2P/3p4/6P1/1P3PK1/8 b - -,d4d3 b6d6 e5a5 g3g4 f6f5 d6d3 f5g4 d3d7 a5h5 d7b7
r2qkb1r/1bpn1ppp/pp2pn2/3p4/3P4/1P1BPN2/PBPN1PPP/R2Q1RK1 b kq -,f8b4 a1c1 b4e7 c2c4 e8h8 d1c2 h7h6 f3e5 c7c5 e5d7
8/2b2k2/8/8/2N3R1/7K/1r4P1/8 b - -,b2c2 g4e4 c2c3 h3h4 c3g3 e4g4 g3d3 h4g5 c7h2 g5f5
rnbqkbnr/ppp3pp/8/4p3/2B1p3/5Q2/PPP2PPP/RNB1K1NR b KQkq -,e4f3 g1f3 b8c6 b1c3 c8g4 f3g5 g8h6 e1h1 f8e7 c3e4
8/4k2p/2K1Pb2/5P2/1p6/7P/P7/8 b - -,e7f8 c6b5 f6e7 f5f6 e7f6 b5b4 f8e7 b4c4 e7e6 c4d3
4k3/3b3p/p2K2p1/3Pp1P1/2P3P1/4B2P/8/8 b - -,d7a4 d6c7 e8e7 c4c5 a4b5 c5c6 b5a4 d5d6 e7e6 d6d7
8/6p1/R4pkp/8/1r6/5PP1/6K1/8 b - -,b4b2 g2h3 b2b3 h3g2 g6g5 a6a7 g7g6 a7a5 f6f5 a5a6
2k5/1pp2pp1/p1p2n2/2b1p3/4P1p1/2PPB1KP/PP1N1P2/R2QNq2 b - -,b4b2 g2h3 b2b3 h3g2 g6g5 a6a7 g7g6 a7a5 f6f5 a5a6
r4r2/1p1b1pkp/pb1pp3/4q1PQ/4P3/2NB1R2/PPP4P/R6K b - -,f7f5 a1f1 f8f7 c3d5 e6d5 e4f5 a8h8 f5f6 g7g8 a2a4
r6b/2q3kP/2p2p2/p2p1QB1/1p1P4/8/PPP5/1K4R1 b - -,f7f5 a1f1 f8f7 c3d5 e6d5 e4f5 a8h8 f5f6 g7g8 a2a4
rn1q1rk1/pbpp1ppp/1p2p3/6N1/2PP4/2nQ2P1/PP2PPBP/R3K2R b - -,d8g5 g2b7 c3a2 b7a8 a2b4 d3d2 g5d2 e1d2 a7a5 a8f3
4k3/6p1/1B1P3p/3K4/2p5/8/7P/5b2 b - -,
r4rk1/3nbp2/1q2p1Pp/p2n3P/1p2N3/5N2/PPPQ1P2/1K1R3R b - -,g8g7 g6f7 f8h8 h1g1 g7f7 g1g6 a8g8 g6h6 d5c3 e4c3
r2q1rk1/p3ppbp/2R1b1p1/8/3PpPP1/PP2P3/1B2B2P/3Q1RK1 b - -,a8c8 c6e6 f7e6 e2c4 d8b6 d1d2 a7a5 a3a4 g6g5 f4f5
bq4k1/3QRppp/4p3/1p6/2r5/4PP2/1B4PP/6K1 b - -,b8f8 e7e8 a8c6 e8f8 g8f8 d7d6 f8e8 b2g7 c4c1 g1f2
r1bqk1nr/pp2p2p/2np2pb/4Pp2/5P2/1PN5/P1PQ2PP/R1B1KBNR b KQkq -,d6e5 d2d8 e8d8 c1b2 h6f4 c3d5 f4h6 a1d1 c8d7 g1f3
r7/pp2bk1q/2p1pp2/1PP2b2/3PpBp1/4P1P1/P3BP2/R1Q2RK1 b - -,c6e5 c1b2 g8f6 g1h3 e5f7 e1a1 e8h8 h3g5 e7e6 f1e2
7Q/8/8/2k2K2/2q5/8/8/8 b - -,
r4rk1/p5pp/n2P4/2p1p3/4b3/BP3N1P/PP1R1KP1/7R b - -,e4f3 g2f3 e5e4 f3f4 f8f4 f2e3 f4f6 d6d7 a8d8 h1c1
rnbqk1nr/1pp2ppp/p7/3p4/1b1P4/2N2N2/PPP1BPPP/R1BQK2R b KQkq -,h7h6 e2d3 g8f6 e1h1 e8h8 c3e2 f8e8 h2h3 b4d6 c2c3
r5k1/pb4pp/1pn1p1r1/q7/2PPN3/P3BP2/2Q3PP/R4K1R b - -,c6e7 e4g3 b6b5 f1f2 b5c4 c2c4 e7f5 c4c5 a5d8 g3f5
5q2/1b1r2k1/pQ1Rp2p/1p2n1p1/4P1P1/P1N4P/1PP1B3/1K6 b - -,f8d6 b6f2 e5g6 e2d3 d7f7 f2e3 g7g8 c3e2 d6e5 e3b6
8/8/5Kp1/p5Pp/5P2/1P4k1/8/8 b - -,g3f4 f6g6 h5h4 g6f6 h4h3 g5g6 h3h2 g6g7 h2h1q g7g8q
r3k2r/pp1n1ppp/1qn1p3/2bpP3/1P6/2PN4/P3NPPP/R1BQ1RK1 b kq -,c5f2 f1f2 c6e5 e2d4 e8h8 a2a4 a7a5 c1a3 f8c8 b4a5
r2qnrk1/3n2bp/p2p1pp1/1ppP2P1/4PP1P/5B2/PP2N3/R1BQ1RK1 b - -,d7b6 a1b1 e8c7 e2g3 d8e7 g1h1 a6a5 d1c2 a5a4 f3g4
2r2rk1/1pqnbpp1/p3Pn2/4p2p/P2pP3/1PN1B1PP/2P1N1B1/R2Q1RK1 b - -,d4e3 e6d7 c8d8 f1f6 e7f6 c3d5 c7d7 e2c3 d7d6 d1e2
5rk1/pB1pbppp/1pp4B/5r2/3P4/2P3Q1/PP5P/RN1R3K b - -,g7g5 b1d2 f5d5 d1e1 e7d6 g3g2 f7f6 b7a6 b6b5 d2e4
7r/1p2kp2/pr2p1np/8/3R1PP1/2N5/PPP5/2KR4 b - -,h8g8 a2a4 a6a5 d4d7 e7f8 d7c7 g6f4 d1d7 g8g4 d7f7
7Q/8/8/2kq4/5K2/8/8/8 b - -,
r4rk1/p5pp/n2P4/2p1p3/8/BP3P1P/PP1R1K2/7R b - -,e5e4 f3f4 f8f4 f2e3 f4f6 d6d7 a8d8 h1c1 g8f7 a3c5
r4rk1/5ppp/p3n3/np2P3/2pq4/4QN2/PPRN1PPP/3R2K1 b - -,d4e3 f2e3 a8d8 d1c1 a5c6 a2a3 d8d3 b2b3 d3e3 g1f2
8/8/6K1/p5Pp/5k2/1P6/8/8 b - -,
2rr1nk1/p3qppp/1p1Rp3/2p1P3/2P3Q1/1P6/PB3PPP/3R2K1 b - -,e7c7 h2h4 d8d7 h4h5 h7h6 d1d3 c8d8 b2c3 c7b7 d3g3
r1bqk1nr/pp1p2pp/2n5/4pp2/4P3/P1N1Q3/P1P1KPPP/R1B2BNR b kq -,f5e4 e2e1 g8e7 c3e4 d7d5 e4g3 e8h8 a1b1 e7g6 h2h4
r1bqk2r/pppp1ppp/2n2n2/4p3/P1P5/1PP1P3/5PPP/R1BQKBNR b KQkq -,d7d6 d1c2 e5e4 g1e2 d8e7 e2f4 c6e5 f4d5 f6d5 c4d5
8/pp6/6p1/4k2p/P5PP/4KP2/8/8 b - -,b7b6 f3f4 e5f6 g4g5 f6f5 e3d4 f5f4 d4d5 f4f5 d5c6
3r3k/1q3rp1/3R3p/1P3bN1/1p1b4/7P/4QPP1/4R1K1 b - -,d8a8 g5f7 b7f7 d6d4 b4b3 d4b4 f5d7 e2f3 f7f3 g2f3
r1bqk1nr/pp2p2p/2np2pb/5p2/4PP2/1PN3P1/P1PQ3P/R1B1KBNR b KQkq -,g8f6 c1b2 f5e4 e1a1 c8g4 f1e2 g4e6 g3g4 e6g4 e2g4
r3kb1r/pp1n1p2/1qp2n2/3p3p/3P2bR/2NBP1B1/PPQ1NP2/2KR4 b kq -,f8b4 d1f1 b4e7 c1b1 e8a8 a2a3 b6a5 f2f3 g4e6 c3b5
8/8/8/p5PK/5k1p/1P6/8/8 b - -,f8b4 d1f1 b4e7 c1b1 e8a8 a2a3 b6a5 f2f3 g4e6 c3b5
7Q/8/8/2k5/8/5K2/3q4/8 b - -,
3k4/3N4/5Q2/8/8/4K3/8/8 b - -,d2d5 f3f4 d5c4 f4e3 c4b3 e3f2 b3d3 h8f6 c5c4 f6a6
5k2/5pp1/1N2n2p/2n1Q3/2Br3P/6P1/1P1r1PK1/8 b - -,d2c2 b2b3 f8g8 c4e6 c5e6 b6c4 c2c4 b3c4 d4c4 e5b8
8/4k2p/2K1P3/4bP2/1p5P/8/P7/8 b - -,h7h5 c6c5 e5d6 c5c4 e7f6 c4d5 d6e7 d5e4 e7f8 e4f4
Qn3rk1/p1pp1ppp/1p2p3/6q1/2PP4/6P1/PP2PP1P/R3K2R b - -,g5g6 a8f3 b8c6 a1d1 e6e5 d4e5 c6e5 f3d5 f8e8 e1f1
r2qkb1r/ppp1ppp1/2n2n1p/4Nb2/2pP4/6P1/PP2PPBP/RNBQ1RK1 b kq -,f5e4 g2e4 f6e4 e5c6 b7c6 d1a4 d8d5 c1e3 e7e6 f2f3
R7/4kp2/6p1/5rNp/7P/6P1/6K1/8 b - -,e7d6 a8a2 f7f6 a2a6 d6e7 a6a7 e7d6 g5e4 d6d5 e4c3
3r2k1/1b2qpb1/p3p2p/2p4Q/P1B1n3/1P1N4/6PP/2B2R1K b - -,b7d5 d3e5 f7f5 c1f4 e7e8 h5e8 d8e8 c4a6 d5b3 a6b5
6N1/R4p2/p2rk1p1/7P/8/7P/5P2/6K1 b - -,g6h5 g8h6 f7f5 g1g2 h5h4 h6f7 d6b6 f7g5 e6e5 g5f3
8/8/8/5N1k/5K2/8/2B5/8 b - -,h5g6 f4e5 g6f7 f5d4 f7e7 c2e4 e7d7 e4f3 d7e7 d4e6
r2q1rk1/4pp1p/3pbbp1/4n1PP/p3P3/1P3P2/PBPQ4/1K1R1BNR b - -,f6h8 d2h2 a4b3 h5g6 b3c2 b1c2 d8c7 c2d2 c7a5 d2e2
5rk1/pb4pp/1pn1p1r1/q7/2PPN3/P3BP2/2Q2KPP/R6R b - -,c6d4 e3d4 b7e4 c2e2 a5g5 h1g1 e6e5 e2e4 g5d2 f2f1
r4rk1/5ppp/p3n3/np2P3/2pq4/4Q3/PP1N1PPP/2RRN1K1 b - -,d4b2 c1b1 b2d4 e3d4 e6d4 d2c4 d4e2 g1f1 a5c4 f1e2
r1bqk1nr/pp2p2p/2np2pb/8/4NP2/1P4P1/P1PQ3P/R1B1KBNR b KQkq -,c8f5 f1d3 h6g7 c2c3 d6d5 e4g5 d8d7 g1e2 g8f6 e1h1
r3kb1r/1pp2ppp/p1p2nb1/8/6PN/3P3P/PPP1KP2/RNB4R b kq -,f6d5 c1e3 e8a8 b1c3 d5b4 e2d2 c6c5 h4g6 h7g6 b2b3
3r3k/1q3rp1/3R3p/1P3bN1/1p6/7P/4QbP1/4R2K b - -,d8g8 g5f7 b7f7 e2f2 g8b8 b5b6 b4b3 d6d4 f7g6 d4b4
5b2/1r3p1k/3p2p1/2p4p/2P2P2/rP1R1K2/6PP/1RB5 b - -,a3a2 c1b2 f7f5 b2f6 h7g8 b1a1 a2a1 f6a1 g8f7 f3e2
8/p7/1p4p1/4k2p/P4PPP/4K3/8/8 b - -,e5f6 g4h5 g6h5 e3e4 f6e6 f4f5 e6f6 e4d5 f6f5 d5c6
r3k2r/pp1n1p2/1qp2n1b/3p3p/3P2bR/2NBP1B1/PPQ1NP2/1K1R4 b kq -,b6d8 e3e4 h6g5 d1h1 g4f3 h1e1 f6e4 d3e4 d5e4 h4e4
3r3r/pb1pnkp1/4qp2/2p1p3/2P5/3B1PB1/PPQ3PP/3RR1K1 b - -,g7g5 c2c3 b7a8 a2a3 g5g4 f3g4 e6g4 d3e2 g4g5 e2f3
r1b1kb1r/pp1np1p1/2p4p/q4p2/3P3B/2P2Q2/PP3PPP/R3KBNR b KQkq -,d7f6 h4f6 e7f6 f1c4 c8d7 f3h5 e8d8 g1e2 f8d6 e1h1
8/5kp1/p1p2bR1/3r1p1P/3p1K2/P2Pr3/1P3N2/6R1 b - -,f6e5 f4f5 e3f3 f5g4 f3f2 g6g5 f7e6 b2b4 e6d7 g4h3
r2q1rk1/pp1bbppp/2nppn2/8/2BNPP2/P1N5/1PP3PP/R1BQ1R1K b - -,f6e4 c3e4 d6d5 f4f5 d5c4 f5f6 g7f6 c1h6 f6f5 e4g3
8/6k1/8/1K3p2/8/8/8/8 b - -,c6d4 d1d4 d7c6 c4e2 d8b6 d4b6 a7b6 e2f3 d6d5 e4d5
3r4/4Npkp/2Q3R1/8/8/8/5PPP/6K1 b - -,h7g6 h2h4 d8d1 g1h2 d1d3 e7d5 g7g8 c6e8 g8g7 e8e5
rnbqk2r/ppp2pbp/3ppnp1/6B1/2PPP3/6P1/PP3PBP/RN1QK1NR b KQkq -,e8h8 b1c3 h7h6 g5e3 e6e5 d4d5 f6g4 e3d2 f7f5 e4f5
2R5/4r1pk/PK3p2/8/7p/8/8/8 b - -,f6f5 c8c1 e7e8 b6b7 e8e4 c1c5 e4e7 c5c7 e7e3 a6a7
r3k2r/pp1n1p2/1qp2n2/3p2bp/3P2b1/2NBP1B1/PPQ1NP1R/1K1R4 b kq -,g5h6 a2a3 h8g8 b1a1 g4f3 d1c1 b6d8 e2g1 f3g4 c1f1
r1bqkbnr/5ppp/p1pp4/4P3/4P3/3B4/PPP3PP/RNBQ1RK1 b kq -,g8e7 d3c4 d6d5 c4b3 c8e6 b1c3 d5e4 b3e6 f7e6 d1h5
rnbqk1nr/1pp2pp1/p6p/3p4/1b1P4/2N2N2/PPP1BPPP/R1BQ1RK1 b kq -,g8f6 c1f4 e8h8 h2h3 b8c6 e2d3 f8e8 c3e2 b4d6 f4d6
3r3k/1q3rpN/2R4p/1P6/1p1b4/5P2/4Q1PP/4R2K b - -,h8h7 e1d1 h7h8 e2c4 b7e7 d1b1 d4c3 b5b6 e7e8 g2g3
r1b1kb1r/pp1np3/2p4p/q4ppQ/3P3B/2P5/PP3PPP/R3KBNR b KQkq -,e8d8 h4g5 d7f6 g5f6 e7f6 f1d3 f8a3 b2b4 a5d5 g1e2
6Q1/8/5K2/p7/5k2/1P6/8/7q b - -,
8/2n3p1/4k2p/8/4N3/3K4/6PP/8 b - -,
3r3r/pb1pnk2/4qp2/2p1p1p1/2P5/2QB1PB1/PP4PP/3RR1K1 b - -,g5g4 f3g4 e6g4 d3c2 d7d6 b2b4 e7f5 c2f5 g4f5 d1d2
3q1rk1/5p1p/6p1/6P1/2Q4P/P7/1b3P1B/1R4K1 b - -,
8/p7/1p3kp1/6Pp/P4P1P/4K3/8/8 b - -,f6f5 e3d3 f5f4 d3d4 a7a6 d4c3 f4f5 c3c2 f5g4 c2d2
r5q1/pp2bk2/2p1pp2/1PP2b2/3PpBp1/4P1P1/P3BP1K/R1Q2R2 b - -,f6g7 e3e4 g7f8 e4d5 f8e7 d5c6 e7e6 c6b7 e6f5 b7a7
8/8/1p1k3p/1P6/3K1p2/7P/8/8 b - -,h6h5 d4e4 d6c5 e4f4 c5b5 f4e3 b5c4 e3d2 b6b5 d2c2
8/6np/p1pk4/1pp1pP2/2P1K2P/1P6/P2N4/8 b - -,a6a5 a2a4 g7h5 e4f3 h5f6 c4b5 c6b5 a4b5 d6d7 f3e3
8/2n3p1/7p/4k3/4N3/4K3/6PP/8 b - -,
r4rk1/p5pp/n2P4/2p5/4pP2/BP5P/PP1R1K2/7R b - -,f8f4 f2e3 f4f5 e3e4 f5h5 d6d7 a8d8 d2d6 a6b8 h1d1
3q1rk1/5p1p/6p1/4B1P1/2Q4P/b7/5P2/1R4K1 b - -,
1rbq1rk1/5ppp/2np4/1N1Np1b1/4P3/2P5/1P3PP1/R2QKB1R b KQ -,h7h6 b2b4 c6e7 b5c7 f7f5 f1d3 e7d5 c7d5 c8e6 d3c2
r3k2r/pp1n1p2/1qp2n2/3p2bp/3P4/2NBPbB1/PPQ1NP1R/1K2R3 b kq -,f6g4 d3f5 e8a8 h2h3 f3g2 e2g1 g5f6 e1c1 b6a5 g3d6
8/p4k2/2p1b3/1p2p2R/8/4K3/Pr4p1/6N1 b - -,e6d5 a2a3 f7f6 h5h6 f6g5 h6h7 g5g6 h7h4 b2a2 a3a4
6N1/R4p2/p2rk3/7p/7P/8/5P2/6K1 b - -,e6e5 g1f1 f7f5 a7b7 e5e6 g8h6 a6a5 b7a7 d6d5 f1g2
8/8/6k1/5p2/2K5/8/8/8 b - -,e6e5 g1f1 f7f5 a7b7 e5e6 g8h6 a6a5 b7a7 d6d5 f1g2
8/p7/1p3kp1/7p/P4PPP/5K2/8/8 b - -,a7a6 g4h5 g6h5 f3e4 f6e6 e4d4 e6f5 d4e3 b6b5 a4a5
8/8/1p1k3p/1P6/8/4Kp1P/8/8 b - -,h6h5 e3f3 d6c5 f3e4 c5b5 e4d4 b5a4 d4c3 h5h4 c3b2
rnbq1rk1/p3ppbp/1ppp1np1/P7/3PP3/2N1BN1P/1PP2PP1/R2QKB1R b KQ -,b8a6 e4e5 d6e5 d4e5 d8d1 a1d1 f6d5 c3d5 c6d5 c2c3
2k4r/1pp2pp1/p1p2n2/2B1p3/4P1p1/2PP2K1/PP3PP1/RN1QNq2 b - -,b8d7 e4e5 f6e8 d1d2 d6e5 d4e5 e8c7 e5e6 f7e6 e1a1
r2qrb2/5k1p/bn3np1/3Pp3/p3P1P1/1PN1B2P/2PQ1PB1/R2R2K1 b - -,a6b7 e3b6 d8b6 c3a4 b6b4 c2c3 b4b3 d1b1 a8a4 b1b3
8/8/6k1/8/5K1N/8/2B5/8 b - -,g6f7 f4e5 f7g8 h4g6 g8f7 c2e4 f7g7 e5e6 g7h7 e6f7
r3k2r/pp1n1p2/2p2n2/q2p2bp/3P4/2NBPbB1/PPQ2P1R/1K2R1N1 b kq -,d7c5 g1f3 c5e4 d3e4 d5e4 c3e4 f6e4 c2e4 g5e7 g3d6
1r1q1rk1/2p1bppp/3p1n2/1p1Pp3/1n1P4/1B3N1P/1PP2PP1/R1BQ1RK1 b - -,e5e4 f3g5 d8d7 c2c3 b4d5 b3c2 f8e8 g5e4 f6e4 c2e4
8/7p/p1pk4/1pp1pP1n/2P1K2P/1P3N2/P7/8 b - -,h5g3 e4e3 g3f5 e3e4 f5g3 e4e3 h7h5 f3g5 b5c4 b3c4
8/pp6/6k1/4K2p/7P/8/P4P2/8 b - -,
r2q1rk1/pp2nppp/1b2b3/3p4/3Nn3/1P2PN2/PB2BPPP/2RQ1RK1 b - -,e6c8 a2a4 f8e8 c1c2 e7f5 e2b5 f5d4 b2d4 e8e6 d1c1
1r1q1b1r/pPp2kpp/2Bp1n2/5b2/8/8/PPP2PpP/RNBQR1K1 b - -,d6d5 b1c3 f8d6 d1f3 f5g4 f3g2 h7h6 c3d5 g4d7 d5f6
8/pp6/6p1/4k2p/6PP/P3KP2/8/8 b - -,d6d5 b1c3 f8d6 d1f3 f5g4 f3g2 h7h6 c3d5 g4d7 d5f6
r4rk1/p4ppp/bqp1p3/3pP1P1/3P3b/P1N5/1P3P1P/R1BQR1K1 b - -,f8b8 d1g4 c6c5 g4h4 c5d4 c3e2 a6e2 e1e2 b8c8 e2d2
7r/1p2kp2/pr5p/3Nn3/3R2P1/8/PPP5/2KR4 b - -,e7d6 d5b6 d6c7 b6d5 c7b8 d4e4 e5c6 d5f6 a6a5 d1d5
r5k1/p5pp/n2P4/2p5/4pr2/BP2K2P/PP1R4/7R b - -,f4f5 e3e4 f5h5 h1d1 a8d8 d6d7 h5h4 e4e5 g8f7 d2d6
r2q3k/3nr1pp/2p2pPP/pp2pP2/n2pP2Q/3P3B/2PB4/R5RK b - -,a4b6 h6g7 e7g7 d2h6 d8e7 g1g4 a8g8 a1g1 d7f8 g6h7
r1bq1r2/1pp1n1bk/p1np2pp/8/3PNB2/5N1P/PPBQ1PP1/R4RK1 b - -,e7d5 f4g5 h6g5 e4g5 h7g8 c2b3 c6e7 a1e1 c7c6 f3h4
r3k2r/pp1n1p2/2p2n2/q2p2bp/3PbP2/2NBP1B1/PPQ4R/1K2R1N1 b kq -,f6g4 f4g5 g4h2 g3h2 f7f5 g1h3 d7b6 e1c1 e8a8 c3e4
8/8/6k1/8/3K1p2/8/8/8 b - -,f6g4 f4g5 g4h2 g3h2 f7f5 g1h3 d7b6 e1c1 e8a8 c3e4
8/4r1pk/PK6/5p2/7p/8/8/2R5 b - -,e7e8 b6b7 e8e7 c1c7 e7e1 a6a7 e1b1 b7a6 b1a1 a6b7
8/pp3k2/8/4K2p/7P/5P2/P7/8 b - -,
br1r2k1/5pp1/1p1q3p/1Q1np3/3pN3/3P2P1/1PR1PPBP/2R3K1 b - -,d6g6 c1a1 g6e6 b5b3 a8c6 e4d2 g8h7 a1a7 b8b7 a7b7
r1b2r2/2p2pk1/1p5q/p2P2pn/2PP1p2/1BR5/PP1B1QP1/R5K1 b - -,f8h8 g1f1 c8g4 b3a4 h5g3 c3g3 h6h1 f2g1 f4g3 a4c6
r4rk1/1bpnqppp/pp1bpn2/3pN3/3P4/1P1BP2Q/PBPN1PPP/R4RK1 b - -,a6a5 a2a4 f6e4 f2f4 d7f6 d2f3 f6d7 f3g5 e4g5 f4g5
5r2/7k/4Q1p1/1Np5/4P2p/3P3P/5qPK/8 b - -,a6a5 a2a4 f6e4 f2f4 d7f6 d2f3 f6d7 f3g5 e4g5 f4g5
r6r/1p2bk2/p1q2p2/2p1R1Bp/7P/5R2/PQ3PP1/5K2 b - -,e7d8 f1g1 h8g8 b2c2 c6f3 g2f3 f6e5 c2b3 f7g7 b3b7
8/p7/1p4p1/4k2p/5PPP/P3K3/8/8 b - -,e5f6 g4g5 f6f5 a3a4 a7a6 e3f3 b6b5 a4a5 b5b4 f3e3
r1b5/p4rk1/2p5/1p2R3/5q2/2N3p1/PPBQ4/2KR4 b - -,f4e5 c3e4 e5f4 d2f4 f7f4 e4g3 c8g4 d1d6 a8c8 g3e4
8/8/6k1/8/4K3/5p2/8/8 b - -,f4e5 c3e4 e5f4 d2f4 f7f4 e4g3 c8g4 d1d6 a8c8 g3e4
2r2rk1/p4qpp/2p4R/2P5/2BP1p2/5N1P/P4PP1/2Q3K1 b - -,g7g6 c4f7 f8f7 c1c4 g8f8 f3g5 f7e7 g1h2 c8c7 d4d5
8/2n3p1/7p/8/4N1k1/4K2P/6P1/8 b - -,
6k1/1b5p/4Q1p1/pp6/6BP/5PP1/PP4K1/1q1rbR2 b - -,g8f8 e6f6 f8e8 f6e5 e8f8 e5b8 f8g7 b8b7 g7h6 b7b5
8/7p/p1pk4/1pp1pP2/2P4P/1P2KNn1/P7/8 b - -,g3f5 e3e4 f5g3 e4e3 h7h5 f3g5 d6e7 e3f3 g3f5 f3e4
8/pp6/6p1/4k2P/7P/4KP2/P7/8 b - -,g6h5 a2a4 b7b6 e3e2 e5f4 e2f2 a7a6 f2e2 b6b5 a4a5
r1bq1rk1/pp2bppp/2nppn2/8/2BNP3/P1N5/1PP2PPP/R1BQ1R1K b - -,c6d4 d1d4 c8d7 f2f3 d8c7 f1d1 d7c6 c1g5 h7h6 g5h4
8/p7/5k2/1p3P1p/4K2P/8/P7/8 b - -,a7a6 e4d3 f6f5 d3d4 f5g4 d4e3 b5b4 e3e4 a6a5 e4d5
8/R5pk/1N5p/p4p2/K7/P4P2/7r/8 b - -,h2f2 b6d7 f2f3 d7f8 h7g8 f8g6 f3f1 a4a5 f5f4 a7b7
5rk1/pB1p1ppp/1pp2b1B/5r2/3P4/2P3Q1/PP5P/RN4RK b - -,g7g6 h6f8 g8f8 b1d2 f5g5 g3d6 f6e7 d6b8 f8g7 g1g5
r1bqkb1r/pppp1pp1/2n2n2/3Np2p/4P2P/5Q2/PPPP1PP1/R1B1KBNR b KQkq -,c6d4 f3d1 f6e4 c2c3 d4e6 d1e2 e4c5 b2b4 c5a4 e2e5
rnbq1rk1/ppp1ppb1/3p1npp/3P4/8/6PN/PPP1PPBP/RNBQK2R b KQ -,c7c6 h3f4 g6g5 d5c6 b8c6 f4d3 e7e5 b1c3 d6d5 h2h4
r1bq1r2/1pp3bk/p1np2pp/3n4/3PN3/5NBP/PPBQ1PP1/R4RK1 b - -,f8f3 g2f3 c6d4 c2d1 c8h3 f1e1 d8f8 g1h2 f8f5 e1h1
6N1/5R2/p2r4/4k2p/7P/8/5P2/6K1 b - -,
r5k1/p2P2pp/n7/2p5/4p2r/BP2K2P/PP1R4/7R b - -,a8d8 d2d6 a6b4 a3b4 c5b4 e3d4 h4h5 h1e1 h5b5 e1e4
8/8/p4k2/1p3P1p/4K2P/P7/8/8 b - -,a8d8 d2d6 a6b4 a3b4 c5b4 e3d4 h4h5 h1e1 h5b5 e1e4
r1bqkb1r/5ppp/p1p2n2/4p3/4P3/3B4/PPPN2PP/R1BQ1R1K b kq -,a6a5 d1e1 c8e6 d2c4 f6g4 h2h3 f8b4 e1g3 h7h5 d3e2
8/pp1k4/8/3K3p/7P/P4P2/8/8 b - -,d7c7 d5e6 a7a5 f3f4 b7b5 f4f5 c7d8 e6f7 b5b4 a3b4
8/6p1/4n2p/4K3/4N2k/7P/6P1/8 b - -,
3rr1k1/ppp1qpp1/4B2p/8/7n/P1Q4P/1PP2PP1/R1B2RK1 b - -,e7e6 c3g3 e6c4 c1e3 h4f5 g3f3 f5e3 f2e3 b7b6 f3f2
rnbqk1nr/pp2ppbp/3p2p1/8/3P4/2N2NP1/PP2PP1P/R1BQKB1R b KQkq -,b8c6 f1g2 d6d5 e1h1 g8f6 f3e5 e8h8 c1f4 c8f5 a1c1
r2qkb1r/pppnpppp/3p1n2/8/3PPB2/5P1P/PPP2P2/RN1QKB1R b KQkq -,e7e5 f4e3 d6d5 d4e5 d7e5 f3f4 e5g6 e4e5 d5d4 e5f6
r4rk1/5ppp/p3n3/np2P3/2pq4/Q7/PPRN1PPP/3RN1K1 b - -,a5c6 c2c1 d4e5 d2f3 e5e4 a3e3 e4e3 f2e3 a8c8 b2b3
r1bqk2r/p3nppp/1pn1p3/2ppP3/1P1P4/P1B2N2/2P2PPP/R2QKB1R b KQkq -,c5d4 f3d4 c6e5 d4e6 c8e6 c3e5 e8h8 f1d3 e7g6 e5g3
6k1/6p1/pr3p2/7p/1P1R1P2/6PK/8/8 b - -,g8h7 h3h4 h7g6 d4c4 b6d6 h4h3 d6d1 c4c7 d1h1 h3g2
r1b2rk1/pp1n2n1/2ppp1p1/q6p/2P1PP1P/2P1B1N1/P1B1Q1P1/2KR3R b - -,a5a2 c1d2 a2a5 h1f1 d7f6 e4e5 d6e5 c2g6 g7f5 g6f5
3r2k1/p2P2pp/n2R4/2p5/4p2r/BP2K2P/PP6/7R b - -,a6b4 a3b4 c5b4 e3d4 h4h5 h1e1 h5b5 e1e4 g8f8 d4c4
8/8/5k2/pp1K1P1p/7P/P7/8/8 b - -,a6b4 a3b4 c5b4 e3d4 h4h5 h1e1 h5b5 e1e4 g8f8 d4c4
r1bqkb1r/pppp1pp1/2n5/3Pp2p/7P/5Q2/PPPP1PP1/R1B1KBNR b KQkq -,c6d4 f3d1 g7g6 c2c3 d4f5 d2d4 d7d6 g1f3 f8g7 d4e5
3r1rk1/1pp2pp1/p1nbbq1p/3p4/3P4/2NNP3/PP2BPPP/R2Q1RK1 b - -,c6e7 b2b4 c7c6 c3a4 e6c8 a4b6 c8f5 b6a4 f8e8 a1c1
3r2k1/4qpb1/p3p2p/2pbN2Q/P1B1n3/1P6/6PP/2B2R1K b - -,f7f5 c1f4 e7e8 h5e8 d8e8 c4a6 d5b3 a6b5 e8a8 h2h3
rnbq3r/ppp3p1/3pP1kp/2bQ3P/8/5N2/PPP2nP1/RNB1K2R b KQ -,g6h7 d5f5 h7g8 f5f7 g8h7 f7g6 h7g8 c1g5 d8f8 e6e7
8/p7/1p3kp1/6Pp/5P1P/P3K3/8/8 b - -,f6f5 e3d4 f5f4 d4d5 f4f5 a3a4 a7a6 d5d4 b6b5 a4a5
1qr1r1k1/4bppp/ppbppn2/4n3/P1P1PB2/1PN3PP/3RQPBK/1N1R4 b - -,c6a8 f4e3 e5d7 d2b2 d6d5 c4d5 e6d5 c3d5 a8d5 e4d5
2r2rk1/p4B1p/2p4p/2P5/3P1p2/5N1P/P4PP1/2Q3K1 b - -,g8h8 f7e6 c8c7 d4d5 c7g7 c1a1 c6d5 c5c6 h6h5 c6c7
r2q1rk1/4ppbp/3pb1pP/4n1P1/p3P3/1P3P2/PBPQ4/1K1R1BNR b - -,d8b6 h6g7 f8b8 b3b4 b6b4 d2b4 b8b4 a2a3 b4b6 b1a1
8/8/5k2/p2K1P1p/1P5P/8/8/8 b - -,d8b6 h6g7 f8b8 b3b4 b6b4 d2b4 b8b4 a2a3 b4b6 b1a1
r1b1k2r/pppp1ppp/8/4q3/4N3/3B4/PPPK1PPP/R2Q3R b kq -,d7d5 e4c3 e5g5 d2e2 g5g2 d1g1 g2g4 g1g4 c8g4 f2f3
1k2r3/6QR/p7/q3PB2/1b1P2P1/2n5/3K4/1R6 b - -,c3a2 d2e3 a5b6 e5e6 a2c3 g7d7 e8d8 b1b4 d8d7 b4b6
8/6p1/7p/4K1N1/7k/7P/6P1/8 b - -,
4r3/8/5R2/3p4/2PP4/3K1pk1/8/8 b - -,
8/8/5k2/5P1p/7P/1K6/8/8 b - -,
8/6pk/pr3p2/7p/1P2RP2/6PK/8/8 b - -,b6c6 e4d4 h7g6 d4d5 c6b6 d5d4 g6h6 d4c4 g7g5 f4g5
8/1p5p/2r3p1/1RnNp1k1/4P3/3BP3/4K1PP/8 b - -,h7h5 b5b6 c6e6 b6e6 c5e6 d5b6 e6c5 d3c2 g5f6 b6a4
r1b2rk1/p5n1/2pRp1p1/qpn4p/4PP1P/2P1B1N1/P1B1Q1P1/2K4R b - -,a5a3 c1b1 c5a4 c2a4 b5a4 e2d2 a8b8 b1a1 b8b2 d2b2
6k1/2p1qp2/2P3p1/8/3pPb2/5Pp1/3pQ1P1/1R1R2K1 b - -,d4d3 e2d2 f4d2 d1d2 e7h4 b1b8 g8g7 d2d3 h4h2 g1f1
5k2/1b5p/5Qp1/pp6/6BP/5PP1/PP4K1/1q1rbR2 b - -,f8e8 f6e5 e8f8 e5b8 f8g7 b8b7 g7h6 b7b5 e1b4 b5g5
r2qr1k1/4bpp1/p1n1bn1p/1ppPp3/8/2PP2NP/PPB2PPN/R1BQR1K1 b - -,f6d5 h2g4 e7h4 g4e5 c6e5 e1e5 d8d6 d1e1 e6d7 e5e4
2n3k1/1b5p/6p1/2b5/1p1QP1N1/1P4qP/R5n1/6K1 b - -,f6d5 h2g4 e7h4 g4e5 c6e5 e1e5 d8d6 d1e1 e6d7 e5e4
4r3/8/5R2/8/2KP4/5pk1/8/8 b - -,
2r3k1/p4r1p/2p4p/2P5/2QP1p2/5N1P/P4PP1/6K1 b - -,c8f8 f3e5 g8g7 e5f7 f8f7 d4d5 c6d5 c4d5 h6h5 c5c6
r1b1k2r/p1q1nppp/2n1p3/2PpP3/8/P1B2N2/2P2PPP/R2QKB1R b KQkq -,a8b8 f1e2 e8h8 e1h1 e7g6 e2d3 f8d8 d3g6 h7g6 c3d4
r2q1rk1/p4pbp/1pn1pnp1/2Pp4/5P2/P1NBPQ1P/1PPB2P1/R4RK1 b - -,b6c5 a1d1 d8c7 b2b3 c6a5 d3e2 c5c4 b3b4 a5b7 e3e4
rnbq3r/ppp3pk/3pP2p/2b2Q1P/8/5N2/PPP2nP1/RNB1K2R b KQ -,h7g8 f5f7 g8h7 f7g6 h7g8 c1g5 d8f8 e6e7 b8c6 e7f8r
8/R5pk/1N5p/K4p2/8/P4P2/5r2/8 b - -,
r1b2rk1/p5n1/2pRp1p1/qp5p/n3PP1P/2PQB1N1/P1B3P1/2K4R b - -,a5c3 e4e5 g7f5 d3c3 a4c3 c2f5 g6f5 e3c5 c3e4 g3e4
rn1qkb1r/1p2pppp/p1p2n2/3p4/4P3/2NP1Q1P/PPP1BPP1/R1B1K2R b KQkq -,e7e6 e1h1 d5d4 c3b1 f8d6 b1d2 b8d7 a2a4 d7e5 f3g3
4r1k1/5pp1/2R2n2/p7/4N1P1/2p2P1P/Pq2PQK1/8 b - -,c3c2 f2e3 f6d5 e3d2 e8d8 c6c5 a5a4 h3h4 b2a2 d2g5
r2q1rkb/4pp1p/3pb1pP/4n1P1/p3PP2/1P6/PBPQ4/1K1R1BNR b - -,e5d7 b2h8 a4b3 c2b3 g8h8 g1f3 d7c5 d2b2 f7f6 g5f6
8/6p1/8/5Kp1/7k/7P/6P1/8 b - -,
2rq1rk1/pp1bbppp/2nppn2/5P2/2BNP3/P1N5/1PP3PP/R1BQ1R1K b - -,d6d5 e4d5 c6d4 d1d4 e6f5 c4d3 e7c5 d4h4 f6g4 c1g5
8/8/5pk1/6R1/8/6K1/8/8 b - -,g8h8 c4b3 c6d4 d1d4 e6f5 e4f5 d6d5 d4d3 f8e8 c1e3
rnbq2kr/ppp2Qp1/3pP2p/2b4P/8/5N2/PPP2nP1/RNB1K2R b KQ -,g8h7 f7g6 h7g8 c1g5 d8f8 e6e7 b8c6 e7f8q g8f8 h1f1
3r4/p2P1kpp/R7/2p5/4p2r/BP2K2P/PP6/7R b - -,d8d7 a3c5 d7d3 e3e2 g7g5 a6a7 f7e6 a7e7 e6d5 c5f2
2r1r1k1/1q2bppp/ppbppn2/4n3/P1P1PB2/1PN3PP/2R1QPBK/1N1R4 b - -,h7h5 b1d2 e5g6 f4g5 h5h4 g3h4 f6h7 g5e7 b7e7 e2e3
2r1brk1/1p3p1p/pb1ppRPQ/4q3/4P3/2NB4/PPP4P/5R1K b - -,h7h5 b1d2 e5g6 f4g5 h5h4 g3h4 f6h7 g5e7 b7e7 e2e3
8/8/6k1/8/8/5K2/5p2/8 b - -,h7h5 b1d2 e5g6 f4g5 h5h4 g3h4 f6h7 g5e7 b7e7 e2e3
8/6pk/p1r2p2/7p/1P1R1P2/6PK/8/8 b - -,
r4rk1/5ppp/p1nQn3/1p2P3/2pq4/8/PPRN1PPP/3RN1K1 b - -,d4b6 g1f1 a8d8 d6a3 f8e8 a3e3 b6e3 f2e3 e6c5 c2c1
2r2rk1/1b1qbppp/p2ppn2/1p6/3NPP2/PPN4R/1P2QBPP/5RK1 b - -,b7a8 g1h1 c8c3 h3c3 f6e4 c3c2 e6e5 f4e5 d6e5 d4f3
r1b2r2/2p2pk1/1p5q/p1PP2pn/3P1p2/1BR5/PP3QP1/R1B3K1 b - -,f8h8 c5c6 h5g3 f2g3 f4g3 c3g3 h6h4 g3g5 g7f8 g5e5
8/pp6/6p1/4k1Pp/7P/4KP2/P7/8 b - -,b7b5 e3d3 a7a5 d3c3 e5f4 c3d4 b5b4 d4c5 f4f3 c5b5
r2qkb1r/pbp2ppp/np2pn2/8/2P5/4PNP1/PB1P1PBP/RN1QK2R b KQkq -,c7c5 e1h1 d8c8 d2d4 c5d4 e3d4 f8e7 d1a4 b7c6 a4b3
5rk1/3nqpbp/p2N2p1/1p1p2P1/2nP3P/P4Q2/4RP1B/5BK1 b - -,e7d8 e2e8 d8e8 d6e8 f8e8 f3d5 d7b6 d5b7 g7d4 b7a6
8/8/5pk1/6r1/6RK/8/8/8 b - -,
3r2k1/4q1b1/p3p2p/2pBNp1Q/P3n3/1P6/6PP/2B2R1K b - -,d8d5 e5c4 g8h7 h5f3 e7b7 a4a5 d5d4 c4b6 b7e7 b6c4
r4b1r/pp3kpp/2p1pn2/q5PP/2BPnB2/2P5/PP2QP2/R3K2R b KQ -,b7b5 c4b3 b5b4 g5f6 a5f5 f6g7 f8g7 e2e3 e4f6 h5h6
8/8/6K1/6p1/7k/7P/6P1/8 b - -,
2r4k/3PR1p1/p4p1p/7P/b5P1/6r1/2BR4/2K5 b - -,c8d8 c2a4 g3g1 c1c2 g1g4 e7e8 h8h7 e8d8 g4a4 d8e8
4r1k1/p4r1p/2p4p/2P1N3/2QP1p2/7P/P4PP1/6K1 b - -,e8e5 d4e5 a7a5 c4e6 g8f8 e6c6 f8g8 g1h2 g8g7 c6d6
8/p2r1kpp/R7/2B5/4p2r/1P2K2P/PP6/7R b - -,d7d3 e3e2 g7g5 a6a7 f7e6 a7e7 e6d5 c5f2 h4h3 e7h7
r4rk1/5ppp/p1nPn3/1p6/2p5/8/PPRN1PPP/3RN1K1 b - -,e6d4 d2b1 d4c2 e1c2 f8e8 a2a4 e8e2 b1a3 a8d8 a4b5
8/7k/p1r2p2/6Pp/1P1R4/6PK/8/8 b - -,
8/1p5p/2r3p1/RBnNp1k1/4P3/4P3/4K1PP/8 b - -,c6d6 b5d3 c5d7 a5a8 d7c5 a8c8 d6c6 c8c6 b7c6 d5b4
6N1/5R2/p5r1/4k2p/7P/8/5P2/5K2 b - -,
rn2kb1r/p4ppp/b1p1p3/q2pP3/1pPP4/P2B1Q2/2PBNPPP/R3K2R b KQkq -,f8e7 e1h1 a6c4 d3c4 d5c4 a3b4 a5b6 f3g4 g7g6 d2h6
r1b1kb1r/pp2pppp/1qnp1n2/6B1/7Q/2N2N2/PPP1PPPP/2KR1B1R b kq -,h7h6 g5f6 g7f6 e2e4 c8e6 c3d5 b6a5 d1d3 a8c8 c1b1
5b2/1p4p1/p7/k1P1N3/8/1K6/P5P1/8 b - -,a5b5 a2a4 b5c5 e5d7 c5d6 d7f8 d6e7 f8g6 e7f6 g6h4
8/p7/6p1/1p2k1Pp/7P/3K1P2/P7/8 b - -,a7a5 d3c3 e5f4 c3d4 b5b4 d4d5 a5a4 d5e6 b4b3 a2b3
r2qkb1r/pbp2ppp/1p2pn2/2n5/2PP4/4PNP1/PB3PBP/RN1QK2R b KQkq -,c5a6 e1h1 f8e7 d1e2 e8h8 f1d1 d8c8 b1c3 f6e4 a1c1
8/pp6/4k3/7p/4K2P/5P2/P7/8 b - -,b7b6 a2a4 a7a6 e4d4 e6f5 d4d5 b6b5 a4b5 a6b5 d5c5
r1b2rk1/p1q1nppp/2n1p3/2P1P3/3N4/P1BB4/2P2PPP/R2QK2R b KQ -,c6e5 d3e4 c8a6 d4e6 f7e6 e4a8 f8a8 d1d6 c7d6 c5d6
5rk1/pb4pp/1pn1p1r1/q7/2PP4/P3BPN1/2Q3PP/R4K1R b - -,a5a6 f1f2 c6a5 a1c1 f8c8 c4c5 b7d5 h2h4 a5b3 c1b1
8/8/8/5K2/6pk/7P/6P1/8 b - -,
8/p4kpp/R7/2B5/4p2r/1P1r3P/PP2K3/7R b - -,d3h3 a6a7 f7e6 h1h3 h4h3 a7g7 h3h1 g7g1 h1h5 c5f2
8/8/6k1/8/8/4Kp2/8/8 b - -,
2r1br2/1p3pkp/pb1ppR1Q/4q1P1/4P3/2NB4/PPP4P/5R1K b - -,g6h5 e3f3 h5g5 f3e4 g5f6 e4f4 f6e6 f4g5 e6d7 g5f6
8/7k/p1r5/3R2pp/1P6/6PK/8/8 b - -,
8/5k1p/p1p3p1/P1P1PpP1/5P2/3K3P/8/8 b - -,f7f8 e5e6 f8e7 d3c4 e7e6 c4d4 e6e7 d4e5 e7d7 e5f6
8/R5pk/1N5p/K4p2/P7/5r2/8/8 b - -,
r1bR4/1p3kpp/1P3p2/8/1P6/4B3/r4PPP/4R1K1 b - -,f7g6 d8d1 c8e6 h2h3 h7h5 e3c5 a8e8 e1e3 a2a8 e3c3
r2qkb1r/pbp2ppp/1p2pn2/8/2PPn3/4PNP1/PB3PBP/RN1Q1RK1 b kq -,a7a5 d1a4 d8d7 a4c2 a5a4 f3e5 d7c8 b1a3 f8e7 f2f3
8/1p4p1/p7/k1b1N3/P7/1K6/6P1/8 b - -,a5b6 b3c4 c5a3 e5f3 a3b2 f3d2 b6c6 d2b3 b7b6 b3d2
8/8/3p4/4bp2/1BP3k1/8/8/5K2 b - -,g4f3 c4c5 d6d5 b4a5 f3e3 c5c6 e3e4 c6c7 e5c7 a5c7
3rr1k1/p5p1/bp1b4/2pPn2p/q3PR1P/1N4P1/P1Q3BK/R1B5 b - -,e5d3 f4f1 d3b4 c2d1 a6f1 d1f1 b4c2 f1e2 c2a1 b3a1
bq6/3Q1kpp/4p3/1p6/2r5/4PP2/1B4PP/6K1 b - -,f7f8 d7g7 f8e8 g7g8 e8e7 g8b8 a8f3 g2f3 b5b4 b8b7
1R4k1/6p1/p4p1p/r6P/3p4/6P1/1P3PK1/8 b - -,g8f7 b8d8 a5h5 d8d4 h5b5 d4d7 f7g8 d7a7 a6a5 b2b3
6k1/4q1b1/p1N1p2p/2pr1p1Q/P3n3/1P6/6PP/2B2R1K b - -,e7d7 c6b8 d7d6 c1h6 d6b8 h5g6 b8f8 h6g7 f8g7 g6e6
8/8/8/5K2/6Pk/7p/8/8 b - -,e7d7 c6b8 d7d6 c1h6 d6b8 h5g6 b8f8 h6g7 f8g7 g6e6
4r1k1/pB1p1ppp/1pp2b1B/5r2/3P4/2P3Q1/PP1N3P/R5RK b - -,g7g6 a1e1 f5e5 d4e5 f6g7 h6g7 g8g7 d2e4 e8f8 e4d6
6r1/7R/p7/4k2p/7P/8/5P2/5K2 b - -,
r2qkbnr/pp1b1ppp/2n1p3/1Bpp4/4P3/2PP1N2/PP3PPP/RNBQ1RK1 b kq -,g8f6 f1e1 f8e7 b5a4 h7h6 e4e5 f6h7 c1e3 e8h8 b1d2
8/8/3p4/2P1bp2/1B6/5k2/8/5K2 b - -,d6d5 b4a5 f3e3 c5c6 e3d4 c6c7 e5c7 a5c7 d4d3 f1f2
r1b1kb1r/pp1pppp1/1qn2B1p/8/7Q/2N5/PPP1PPPP/2KR1BNR b kq -,g7f6 e2e4 d7d6 c3d5 b6a5 g1e2 c8d7 c1b1 f6f5 e2c1
8/5kp1/p1p3R1/3rbpKP/3p4/P2P1r2/1P6/3N2R1 b - -,d5c5 b2b4 c5c2 d1f2 c2f2 g6c6 e5f4 g5f5 f4h2 f5g4
8/pp6/5kp1/7p/5PPP/5K2/P7/8 b - -,h5g4 f3g4 b7b5 f4f5 g6f5 g4g3 b5b4 g3f3 a7a5 f3e3
8/1kp5/1pR5/1P3p2/2pP1r2/2P2P2/8/K7 b - -,
8/8/8/2B1bp2/8/5k2/8/5K2 b - -,
r3k2r/ppp1bp1p/2qp1n2/4P3/1nB5/2N1B3/PPPQ3P/2K2R1R b - -,h8g8 c4b5 b4a2 c3a2 c6b5 e5f6 e7d8 a2c3 b5h5 c1b1
8/p7/6p1/1p2k1Pp/5P1P/4K3/P7/8 b - -,e5f5 e3d4 f5f4 d4d5 f4f5 d5c6 f5g4 c6b5 g4h4 b5c4
r4rk1/5ppp/p2Qn3/1p2n3/2Nq4/8/PPR2PPP/3RN1K1 b - -,d4d1 d6d1 b5c4 g2g3 e6c5 e1f3 e5d3 d1d2 a8b8 d2a5
r1b1Rknr/pp4pp/1qn2P2/2bp4/8/3B1N2/PP3PPP/R1BQ2K1 b - -,f8e8 f6g7 c5f2 g1h1 f2d4 f3d4 b6d4 d1h5 e8d8 g7h8r
8/pp6/5kp1/8/5PKP/8/P7/8 b - -,a7a6 g4f3 f6f5 h4h5 g6h5 f3e2 f5f4 e2d3 b7b5 d3d4
8/1kp5/1p6/1P3p2/2RP4/2P2r2/8/K7 b - -,
6k1/p1r2r1p/2p4p/2P1N3/2QP1p2/7P/P4PP1/6K1 b - -,a7a5 e5f7 c7f7 d4d5 c6d5 c4d5 g8g7 g1h2 h6h5 d5g5
r5k1/ppp3pB/2b5/3p3Q/8/q1N5/P1PK1PPP/1R6 b - -,g8f8 h5f5 f8e8 b1e1 a3e7 f5g6 e8d7 e1e7 d7e7 g6g7
8/4kp2/5rp1/6Np/7P/6P1/R5K1/8 b - -,f6c6 a2a7 e7f6 a7f7 f6e5 g5f3 e5d5 f7e7 c6c2 g2h3
8/R4kpp/8/2B5/4pr2/1P1r3P/PP2K3/7R b - -,f7f6 b3b4 f4f5 h1f1 d3f3 f1f3 e4f3 e2f2 f5h5 f2f3
r1b2rk1/p3nppp/2n1p3/2q5/8/P1BB4/2P1NPPP/R2Q1RK1 b - -,f8d8 d1c1 e6e5 c3b4 c6b4 a3b4 c5b4 c1e3 c8f5 d3f5
R7/1p3kpp/1P2bp2/8/1P6/4B3/r4PPP/4R1K1 b - -,a2a8 h2h4 h7h5 g1h2 a8e8 e1a1 e6d7 a1c1 e8c8 c1c7
r3brk1/1p3p1p/p2ppR1Q/4q1P1/4P3/3Bb3/PPP4P/3N1R1K b - -,e3c1 d1f2 e5g5 f1c1 g5h6 f6h6 g8g7 h6h4 e8c6 h1g1
3r2k1/1b1n1pp1/p3p2p/1pN1b3/1P5q/P2BP2P/1B2QPP1/2R3K1 b - -,d7c5 b4c5 e5b2 e2b2 d8d3 c5c6 b7c8 b2e5 d3d2 c1f1
r1bqk1nr/pp1p1pp1/2n1p2p/8/1b1PPB2/2N2N2/PP3PPP/R2QKB1R b KQkq -,d7d5 e4e5 g8e7 f1d3 c8d7 e1h1 b4c3 b2c3 c6a5 d1e2
3R2k1/6p1/p4p1p/7P/6P1/6r1/2B5/2K5 b - -,g8f7 c2f5 a6a5 d8a8 g3a3 f5g6 f7e7 a8a7 e7f8 a7f7
3q3r/3rkpp1/1p2b2p/pR1pPp2/P1pP1PP1/2P2B2/2P3QP/R6K b - -,f5g4 f3g4 e6g4 g2g4 e7f8 a1g1 g7g6 f4f5 d8g5 f5g6
rnbqk2r/ppp1ppbp/3p1np1/8/P2PP3/2N5/1PP1NPPP/R1BQKB1R b KQkq -,e8h8 e2g3 b8c6 h2h3 e7e5 d4d5 c6e7 f1c4 c7c6 e1h1
r2qkb1r/p2b3p/2n2pp1/1pp1P3/8/1P6/PBPPQ1PP/RN2K1NR b KQkq -,f8g7 e5f6 e8f7 g1f3 g7f6 b2f6 d8f6 e1h1 f7g7 b1c3
8/R5pp/5k2/2B5/1P2pr2/3r3P/PP2K3/7R b - -,g7g5 a7a3 d3d7 h1d1 d7b7 a3c3 g5g4 a2a3 h7h5 d1d6
r3kbnr/1p3ppp/1p2p3/3pP3/1P1P4/P4N2/1B2KPPP/R6R b kq -,
8/8/pr4k1/6pp/1P6/R5PK/8/8 b - -,
r2q1rk1/4pp1p/3pbbp1/4n1PP/p3P3/1P2QP2/PBP5/1K1R1BNR b - -,a4b3 a2b3 f6g7 h5h6 g7h8 e3c3 d8b6 g1e2 f8c8 c3d4
r1b2rk1/pp1n1qpp/2n1p3/2bp2B1/8/2NB1N2/PPP1QPPP/2KR3R b - -,c5b6 c1b1 h7h6 g5h4 d7f6 c3b5 c8d7 h1e1 f6h5 b5d6
4k3/1b5p/4Q1p1/pp6/6BP/5PP1/PP4K1/1q1rbR2 b - -,e8d8 e6b6 d8e8 b6b5 e8d8 b5b6 d8e8 b6e6 e8f8 e6f6
8/p7/1p3k2/3K1P1p/P6P/8/8/8 b - -,f6f5 d5c6 f5g4 c6b7 g4h4 b7a7 h4g5 a7a6 h5h4 a6b5
8/P3r1p1/1K5k/5p2/7p/8/8/2R5 b - -,
1r4k1/p4p1p/6p1/P6n/5P2/3QPq2/5P1P/2R3K1 b - -,e7a7 b6a7 h6g5 a7b6 g5f4 c1f1 f4e4 f1g1 f5f4 g1g7
3R4/5kp1/p4p1p/5B1P/6P1/6r1/8/2K5 b - -,g3g2 d8d2 g2g1 c1c2 f7e7 d2d7 e7f8 c2b2 g1e1 d7d8
r1bq1rk1/ppppnppp/5n2/4p3/1bP5/P1N1P1P1/1P1PNPBP/R1BQK2R b KQ -,b4c3 e2c3 d7d5 c4d5 e7d5 c3d5 f6d5 b2b4 c7c6 c1b2
8/2R5/2P1k3/1p4p1/2r2p2/5P1P/6PK/8 b - -,
8/4k3/N7/3KB3/8/8/8/8 b - -,e6d5 c7g7 b5b4 g7g5 d5c6 g5g8 c6c7 g8g7 c7b6 g7g8
6k1/5ppp/p7/5b2/Pn6/1P1q1N1P/1Q1NrPPK/7R b - -,d3d6 h2g1 d6b8 b2d4 b4d3 d2f1 e2f2 f1g3 f2f3 g3f5
2rq1rk1/pp1bbppp/3ppn2/5P2/2BQP3/P1N5/1PP3PP/R1B2R1K b - -,d6d5 e4d5 e6f5 c4b3 e7c5 d4h4 f6g4 h4g3 f8e8 h2h3
3r1r1k/1p3Bp1/1b4np/1P2qbN1/1p6/1Q4N1/5PPP/R3R2K b - -,e5f6 g3f5 g6f4 g2g3 h6g5 g3f4 f8f7 f5g3 g5f4 g3e4
3rr1k1/p5p1/bp1b4/2pP3p/q3P2P/1N1n2P1/P1Q3BK/R1B2R2 b - -,d3b4 c2f2 a6f1 f2f1 b4c2 f1e2 c2a1 b3a1 a4d4 a1c2
rnbqk2r/ppp1npp1/7p/3p4/3P4/8/PPPNQPPP/R3KBNR b KQkq -,b8c6 c2c3 e8h8 e2f3 f8e8 e1a1 a8b8 f1b5 a7a6 b5d3
2k1r2r/1pp2pp1/p1p2np1/8/6P1/2NPPK1P/PPP5/R6R b - -,f6d5 e3e4 d5c3 b2c3 e8e5 a2a4 e5a5 h3h4 b7b6 h1f1
r1br2k1/p3nppp/2n1p3/2q5/8/P1BB4/2P1NPPP/R1Q2RK1 b - -,a7a5 a1b1 c8a6 d3a6 a8a6 c1b2 f7f6 b2b5 c5b5 b1b5
r3brk1/1p3p1p/p2ppR1Q/4q1P1/4P3/3B4/PPP2N1P/2b2R1K b - -,e5g5 f1c1 g5h6 f6h6 g8g7 h6h4 e8c6 h1g1 f8g8 c1e1
4n3/7p/p1pk4/1pp1pPK1/2P1N2P/1P6/P7/8 b - -,d6c7 g5h6 c7b6 h6h7 b6a5 h7g6 a5b4 h4h5 b5c4 b3c4
r7/1p3kpp/1P2bp2/8/1P6/4B3/5PPP/3R2K1 b - -,h7h5 h2h4 a8c8 e3c5 g7g5 d1d4 c8a8 g1h2 a8a2 d4d8
r1bqr1k1/1p3pbp/p2p1np1/3P4/P1B1NP2/2N4P/1P4P1/R1BQ1RK1 b - -,f6e4 c3e4 e8e4 c4d3 e4d4 c1e3 d4b4 f4f5 d8e7 f1e1
8/p7/1pK5/5k1p/P6P/8/8/8 b - -,f6e4 c3e4 e8e4 c4d3 e4d4 c1e3 d4b4 f4f5 d8e7 f1e1
r1b4r/2p2pk1/1p5q/p1PP2pn/3P1p2/1BR5/PP3QP1/R1B2K2 b - -,h5f6 f2g1 c8a6 f1e1 h6h1 g1h1 a8e8 e1d1 h8h1 d1c2
r7/ppp3pB/2bk4/3pQ3/8/q1N5/P1PK1PPP/4R3 b - -,a5a4 b3c2 c8a6 f1e1 a8e8 e1d1 e8e2 f2e2 a6e2 d1e2
rnbq2kr/ppp2Qp1/3pP3/2b3pP/8/5N2/PPP2nP1/RN2K2R b KQ -,g8h7 h5h6 h8g8 h1h5 f2g4 h6g7 g4h6 e6e7 d8e7 f7e7
r2qkb1r/p2b3p/2n3p1/1pp1B3/8/1P6/P1PPQ1PP/RN2K1NR b KQkq -,f8e7 e5h8 e8f7 h8c3 e7h4 e1d1 b5b4 g1f3 h4f6 c3f6
7k/6N1/7p/8/8/8/5PPP/6K1 b - -,h8g7 f2f4 g7h8 g1f2 h8g7 f2f3 g7f6 f3e4 f6g6 g2g4
r3k2r/p4ppp/2R1p1q1/3pQ3/8/8/P2N1PPP/2B3K1 b kq -,g6h6 e5d6 a8d8 d6c5 f7f5 c6c7 d8d7 c5c6 e8h8 c6d7
r1b1k1nr/pp4Pp/1qn5/2bp4/8/3B1N2/PP3PPP/R1BQ2K1 b - -,c8e6 g7h8q h7h6 d1e2 e8d7 h8h7 g8e7 c1h6 a8g8 a1e1
8/4R1pp/8/2B1k3/1P2pr2/3r3P/PP2K3/7R b - -,e5d5 c5e3 d5d6 e3f4 d6e7 f4e3 d3d5 a2a4 d5d3 h1c1
6k1/6p1/p4p1p/1r6/R7/6P1/1P3PK1/8 b - -,a6a5 b2b3 g8f7 g2f1 h6h5 f1e1 f7e6 e1f1 e6e7 f1e2
rnbq3r/ppp2Qpk/3pP2P/2b3p1/8/5N2/PPP2nP1/RN2K2R b KQ -,g8h7 a4a6 b5b2 a6a7 h7g6 a7c7 b2b4 c7d7 f6f5 d7a7
r4rk1/p4ppp/b1p1p3/3pPn2/P2P4/B1q2N2/5PPP/R2QR1K1 b - -,a8c8 a3f8 g8f8 a1c1 c3b4 c1b1 b4c3 d1b3 c3b3 b1b3
2r1r1k1/1q1nbppp/ppbpp3/4n3/P1P1PB2/1PN3PP/2RNQPBK/3R4 b - -,d7c5 f4e3 e5d3 e3d4 d3b4 c2b2 e7f8 f2f4 c8d8 h3h4
r1bq2k1/1p3pbp/p2p2p1/3P4/P1B1rP2/1Q5P/1P4P1/R1B2RK1 b - -,c8h3 g2h3 d8c8 f4f5 e4c4 c1e3 c4e4 e3b6 c8e8 f1f2
r1bqk2r/pp1p1pp1/2n1pn1p/8/1b1PPB2/2N2N2/PPQ2PPP/R3KB1R b KQkq -,d7d5 e4e5 f6e4 f1d3 c8d7 e1h1 e4c3 b2c3 b4e7 h2h3
1k3r2/ppp2Npp/2n1B3/4P3/1b2PP2/8/PP3KPP/R1B4r b - -,b4c5 f2g3 c6d4 f7g5 h7h6 g5h7 f8h8 e6c4 b7b5 c4d5
r1bqk1nr/p1p2p1p/2pb2p1/3pp3/8/1P2P3/PBPP1PPP/RN1QK1NR b KQkq -,d8g5 g2g3 g5e7 d2d4 f7f6 g1e2 g8h6 c2c4 d5c4 d1c2
6k1/3q2b1/p3p2p/N1pr1p1Q/P7/1P6/5nPP/2B2RK1 b - -,f2g4 a5c4 d5d1 c4e3 d1f1 e3f1 d7d4 c1e3 g4e3 f1e3
8/K5p1/7k/5p2/7p/8/8/2R5 b - -,
r7/ppp3pB/2b5/2kpQ3/8/q1N5/P1PK1PPP/1R6 b - -,f5f4 a7b6 f4f3 c1f1 h6g5 f1f3 g5g4 f3f7 g7g5 b6c5
8/pK6/1p6/7p/P5kP/8/8/8 b - -,f5f4 a7b6 f4f3 c1f1 h6g5 f1f3 g5g4 f3f7 g7g5 b6c5
8/7k/7p/5N2/8/8/5PPP/6K1 b - -,h7g6 f5d4 g6h5 f2f3 h5g5 g1f2 g5f4 d4e2 f4f5 f2e3
r6r/1p2bk2/p1q2p2/2p1Q1Bp/7P/5R2/P4PP1/4RK2 b - -,h8h7 e5e7 f7g8 e7f6 c6f6 g5f6 h7f7 e1e5 g8h7 e5h5
r1br2k1/p3nppp/2n5/2q1p3/8/P1BBQ3/2P1NPPP/R4RK1 b - -,c5e3 f2e3 e7d5 e3e4 d5c3 e2c3 c8e6 f1b1 a8b8 c3d5
8/4R1pp/8/3k4/1P2pr2/3rB2P/PP2K3/7R b - -,f4f5 b4b5 d3e3 e2e3 d5d6 e7e4 f5b5 b2b4 b5d5 a2a4
r4rk1/1pqnbppp/4p3/p2pPP2/1P1B4/2PN4/P5PP/R2Q1RK1 b - -,g8h8 d3f4 d7e5 f5e6 f7e6 d1h5 f8f4 f1f4 e5g6 f4g4
rnbqk2r/1p3ppp/p1pbpn2/2Pp4/3P4/2N2NP1/PP2PPBP/R1BQK2R b KQkq -,d6c7 e1h1 b8d7 e2e4 d5e4 f3d2 e8h8 f1e1 h7h6 c3e4
r1bqn1k1/p6p/2p1p1p1/1pp1P3/2P4r/2PB2N1/P2Q2P1/2K2R1R b - -,e8d6 e5d6 e6e5 h1h4 d8h4 g3e4 c8f5 g2g4 f5g4 c4b5
r1bqk2r/pp3pp1/2n1pn1p/3pP3/1b1P1B2/2N2N2/PPQ2PPP/R3KB1R b KQkq -,f6e4 f1d3 c8d7 e1h1 e4c3 b2c3 b4e7 f1b1 b7b6 a2a4
r1bqk2r/pp1p1ppp/2n1pn2/2b5/4P2B/2N2N2/PPP2PPP/R2QKB1R b KQkq -,d8a5 f3d2 c5d4 f1d3 e8h8 e1h1 a5h5 h4g3 d7d5 a1b1
8/K7/1p6/7p/P6k/8/8/8 b - -,d8a5 f3d2 c5d4 f1d3 e8h8 e1h1 a5h5 h4g3 d7d5 a1b1
8/5k2/4R2P/5P2/5K2/8/8/1r6 b - -,
8/1p3kpp/1P2bp2/8/1P6/4B2P/r4PP1/3R2K1 b - -,a2c2 e3c5 h7h5 d1d8 g7g5 h3h4 g5h4 g1h2 c2c1 d8b8
8/4p2p/pR1r1k2/P7/1K6/1B6/P7/5b2 b - -,h7h5 b6b8 f6g5 b8f8 d6f6 f8g8 f6g6 g8f8 f1e2 b3d5
2n3k1/1b5p/6p1/2b5/1p1QPnN1/1P4qP/R7/5K2 b - -,f1g2 b4c5 f6e5 b3f7 g2f1 b6b1 f1d3 b1b7 e5f6 f7d5
r1bqk2r/pp3pp1/2n1p2p/3pP3/1b1Pn3/2N2N2/PPQB1PPP/R3KB1R b KQkq -,d8b6 f1d3 e4d2 c2d2 c8d7 a2a3 b4e7 c3a4 b6d8 a4c3
r1br2k1/p3nppp/2n5/4p3/8/P1BBP3/2P1N1PP/R4RK1 b - -,e7d5 e3e4 d5c3 e2c3 c8e6 a1b1 a8b8 b1b5 b8b5 c3b5
2b1Q3/k1p5/p2b4/N2P4/1P5p/p6P/K1R3P1/3q4 b - -,c8g4 e2g3 e7d5 c3d2 d5b6 f1b1 g4e6 d2e1 a8c8 a3a4
r2q1rk1/4ppbp/3pb1pP/4n1P1/p3P3/1P2QP2/PBP5/1K1R1BNR b - -,d8a5 h6g7 f8c8 c2c3 a4b3 a2a3 c8c4 d1d4 c4a4 d4a4
r1b4r/2p2pk1/1p3n1q/p1PP2p1/3P1p2/2R5/PPB2QP1/R1B2K2 b - -,c8a6 c2d3 f6g4 f2g1 a6d3 f1e1 a8e8 e1d2 d3a6 d2c2
2r2k2/p4r1p/2p4p/2P1N3/2QP1p2/7P/P4PP1/6K1 b - -,f7g7 c4e6 c8e8 e6f6 f8g8 f6c6 g7e7 e5f3 e7e1 g1h2
r3k2r/ppp1bp1p/2qp1n2/4p3/1nBP4/2N1B3/PPP1Q2P/2K2R1R b - -,e5d4 e3d4 e8f8 c4b5 b4a2 c3a2 c6d5 f1e1 d5e6 h1f1
8/8/7N/6k1/6P1/8/5P1P/6K1 b - -,g5g6 h2h4 g6h6 g1g2 h6g6 h4h5 g6f6 g2g3 f6e5 g3f3
5bk1/NPRn1p1p/6p1/1B1pp3/4n3/4B2P/1r3PP1/6K1 b - -,d5d4 c7d7 e4c5 b7b8q c5d7 b8d8 d4e3 f2e3 d7c5 b5c4
2rq1rk1/p4pbp/1pn1pnp1/2Pp4/1P3P2/P1NBPQ1P/2PB2P1/R4RK1 b - -,b6c5 b4c5 f6d7 a1b1 d7c5 f1d1 d8e7 d3e2 c5d7 c3a2
8/8/1K6/6kp/P7/8/8/8 b - -,b6c5 b4c5 f6d7 a1b1 d7c5 f1d1 d8e7 d3e2 c5d7 c3a2
8/6np/p1p5/1pN1kPK1/2P4P/1P6/P7/8 b - -,b5c4 f5f6 g7e6 c5e6 c4b3 f6f7 b3b2 f7f8q b2b1q f8f6
r1bq4/1pp3bk/p1np2pp/3n4/3PN3/5PBP/PPBQ1P2/R4RK1 b - -,c6d4 c2d1 c8h3 f1e1 d8f8 g1h2 f8f5 a2a4 a8f8 a1a3
r1br2k1/p4ppp/2n5/3np3/8/P2BP3/2PBN1PP/R4RK1 b - -,d5b6 f1b1 c8e6 d2e1 e6c4 b1d1 f7f6 e2c3 c4d3 c2d3
r3k2r/pp1n1p2/2p2n2/q2p2bp/3P1P2/2NQP1B1/PP5R/1K2R1N1 b kq -,e8a8 f4g5 f6e4 c3e4 d5e4 d3f1 d8g8 g3h4 d7b6 g1e2
rnbqk2r/pp1pppbp/6p1/3nP3/3p4/2P2NP1/PP3PBP/RNBQK2R b KQkq -,d7d6 e5d6 d8d6 f3d4 b8c6 e1h1 c6d4 c3d4 e8h8 b1c3
3r4/ppp1Q1pB/2b5/2kp4/8/q1N5/P1PK1PPP/1R6 b - -,b8c6 e1h1 e8h8 f3d4 d5b6 d4c6 d7c6 d1e2 d8c7 f1e1
8/4k2p/p1p1P1p1/P1P2pP1/2K2P2/7P/8/8 b - -,b8c6 e1h1 e8h8 f3d4 d5b6 d4c6 d7c6 d1e2 d8c7 f1e1
rnbq1rk1/pppp1pp1/5n1p/2b1p3/4P3/2NP1N2/PPPB1PPP/R2QKB1R b KQ -,f6g4 d2e3 g4e3 f2e3 d7d5 c3d5 c7c6 d3d4 e5d4 e3d4
rn2kb1r/p4ppp/b1p1p3/q1PpP3/1p1P4/3B1Q2/P1PBNPPP/R3K2R b KQkq -,a5a4 e1h1 a6d3 f3d3 a4b5 f1b1 b5d3 c2d3 b8a6 d2b4
3r2k1/1p2q1pp/4bp2/pB6/Q7/P3P3/1r3PPP/R4RK1 b - -,d8d5 f1b1 d5b5 a4b5 b2b5 b1b5 a5a4 b5b4 e6b3 a1c1
rnb2k1r/pp2Rqpp/1bp4n/3p4/3P3B/1BNQ1N2/PPP3PP/5K1R b - -,f7g6 d3d2 h6f5 d2f4 b8d7 g2g4 d7f6 g4f5 g6f5 f4f5
8/6P1/7N/8/8/8/4kP1P/6K1 b - -,f7g6 d3d2 h6f5 d2f4 b8d7 g2g4 d7f6 g4f5 g6f5 f4f5
8/ppp3pB/2br4/2kp4/8/q1N1Q3/P1PK1PPP/1R6 b - -,f7g6 d3d2 h6f5 d2f4 b8d7 g2g4 d7f6 g4f5 g6f5 f4f5
r3k2r/pp1n1p2/2p2n1b/q2p3p/3PPP2/2NQ2B1/PP5R/1K2R1N1 b kq -,e8d8 e4e5 f6e4 c3e4 d5e4 e1e4 a5d5 e4e1 d7c5 d3c2
1k2r3/4b1QR/p7/q2PPB2/6P1/3K4/8/1n6 b - -,a5d2 d3e4 b1c3 e4f3 d2d1 f3g2 d1e2 g2g3 e2e3 g3g2
r1bqk2r/pp1n1ppp/2pbpn2/3p4/3P3B/2P1P3/PP1N1PPP/R2QKBNR b KQkq -,e6e5 d4e5 d7e5 g1f3 e5f3 d2f3 d6e7 d1c2 f6e4 h4e7
8/3R2pp/8/3k4/1P2p3/3rBr1P/PP2K3/7R b - -,d5e6 d7d3 h7h5 d3d4 f3f8 h1c1 g7g5 c1c6 e6e7 e3g5
8/5k1P/4R3/5P2/8/4K3/8/5r2 b - -,
1nR2bk1/NP3p1p/6p1/1B1pp3/4n3/4B2P/1r3PP1/6K1 b - -,g8g7 c8b8 f8d6 b8d8 d6c7 d8d5 e4d6 b5a6 b2a2 a6f1
r1bq1rk1/p3ppbp/nPpp1np1/8/3PP3/2N1BN1P/1PP2PP1/R2QKB1R b KQ -,f6e4 c3e4 a7b6 f1e2 c8b7 e1h1 c6c5 e4g3 a6c7 d1d2
6k1/5p2/8/1p6/3p4/8/r7/3KR2q b - -,f6e4 c3e4 a7b6 f1e2 c8b7 e1h1 c6c5 e4g3 a6c7 d1d2
r1b3k1/1pq2pbp/p2p2p1/3P4/P3rP2/1Q1B3P/1P4P1/R1B2RK1 b - -,c7c5 g1h2 e4b4 b3d1 c5d5 d3c2 c8e6 d1e1 b4c4 e1f2
rnbq1rk1/ppp2pp1/3p1n1p/2b1p3/4P3/2NP1N2/PPPBBPPP/R2QK2R b KQ -,a7a5 c3a4 c5a7 c2c4 c7c6 a2a3 d6d5 e4d5 c6d5 f3e5
2rq1rk1/pp1bbppp/4pn2/3P1P2/2BQ4/P1N5/1PP3PP/R1B2R1K b - -,e6f5 c4d3 e7c5 d4h4 f6g4 c1g5 f7f6 g5d2 g7g6 h2h3
8/8/1K5k/5pp1/7p/8/8/2R5 b - -,
1r3rk1/1p1n1pp1/2p1pb1p/p4b2/P2P4/1RN1PN2/1P2BPPP/2R3K1 b - -,e6e5 c3b1 f8d8 d4e5 d7e5 f3d4 f5h7 b1d2 f6e7 d2c4
r1b1kb1r/2q2ppp/p1p2n2/4p3/2N1P3/3B4/PPP3PP/R1BQ1R1K b kq -,a8a7 c1d2 c8e6 d1e1 f8e7 e1g3 e8h8 a1e1 f8c8 g3e5
r3brk1/1p3p1p/p2ppR1Q/4q1P1/4P3/3B4/PPPb1N1P/6RK b - -,e5b2 f2g4 e8c6 f6f2 b2g7 g4f6 g8h8 f2d2 f8g8 h6h4
r4rk1/5ppp/p1n1n3/1p2P3/2p3q1/Q4N2/PPR2PPP/3R1NK1 b - -,c6e5 c2d2 e6f4 f1g3 e5d3 f3e1 f8d8 a3e7 d8e8 e7b7
8/5bpk/5p1p/1PK2p2/2P2Q1P/4N1P1/1q6/8 b - -,b2a2 e3f5 a2a7 c5b4 a7g1 f5e3 g1a1 e3d5 h7h8 f4c7
r7/p4k2/2p1b3/1p2R3/5r2/6p1/PPB1N3/2K3R1 b - -,f4f6 e2g3 a8g8 e5e3 f6f2 g1e1 e6d5 g3e4 d5e4 c2e4
8/8/8/8/2K5/8/k1N5/1Q6 b - -,
2rr2k1/p3qppp/1p1Rp1n1/2p1P3/2P3QP/1P6/PB3PP1/3R2K1 b - -,e7f8 h4h5 g6e7 h5h6 e7f5 h6g7 f8e7 g4f4 d8e8 g2g4
r1bq4/1pp3bk/p2p2pp/3n4/3nN3/5PBP/PPBQ1PK1/R4R2 b - -,d8d7 f1h1 d7f7 c2d1 b7b5 a2a4 b5b4 h3h4 c8b7 a4a5
8/6pp/8/8/1Pk1p3/3RBr1P/PP2K3/7R b - -,f3f2 e2f2 e4d3 f2f3 c4b4 e3d2 b4c5 h1g1 g7g6 f3e4
r6r/2p2pk1/bp3n1q/p1PP2p1/3P1p2/2R5/PPB2QP1/R1B1K3 b - -,a8e8 e1d2 h6h1 c2d3 h8h2 d2c2 h2g2 c1d2 h1h2 f2g2
r4rk1/1bpnqpp1/pp1bpn1p/3pN3/3P1P2/1P1BP2Q/PBPN2PP/R4RK1 b - -,b6b5 f1f3 d6e5 d4e5 f6e4 d3e4 d5e4 f3g3 g8h8 h3g4
2b5/1pp3kp/p5p1/2N1n3/1P5P/P3P1P1/5K2/8 b - -,e5c4 a3a4 b7b6 c5e4 c4e5 e4c3 e5d3 f2f3 d3b4 g3g4
r4rk1/1pqnbppp/8/p2pPR2/1P1B4/2PN4/P5PP/R2Q2K1 b - -,c7c4 f5f4 c4c6 d1g4 c6e6 g4g3 a5b4 c3b4 h7h5 a2a4
2r2k2/p3r2p/Q1p4p/2P1N3/3P1p2/7P/P4PP1/6K1 b - -,c8e8 a6c6 h6h5 c6f6 f8g8 g1h2 h5h4 c5c6 e7g7 d4d5
r1b3k1/1p3pbp/p2p2p1/2qP4/P3rP2/1Q1B3P/1P4P1/R1B2R1K b - -,e4b4 b3d1 c5d5 d3e2 c8e6 e2f3 d5d1 f1d1 d6d5 f3d5
6k1/3q2b1/p3p2p/2pr1p1Q/P1N3n1/1P6/6PP/2B2RK1 b - -,d5d1 c4e3 d1f1 e3f1 d7d4 c1e3 g4e3 f1e3 d4e3 g1f1
1r2r1k1/5ppp/p7/3q1b2/Pn6/1P3N1P/1Q1N1PP1/R4K1R b - -,b8d8 b2c3 b4d3 f1g1 e8e2 a1f1 h7h6 c3c7 d8c8 c7b6
2rq1rk1/pp1bbppp/3P1n2/5p2/2BQ4/P1N5/1PP3PP/R1B2R1K b - -,d7e8 c1f4 f6g4 c4d3 g7g6 a1d1 e8c6 h2h3 e7f6 d4a7
8/1p3kpp/1P2bp2/2B5/1P6/7P/2r2PP1/3R2K1 b - -,
r3k2r/p2bb2p/6p1/1pp5/8/1P3N2/P1PP2PP/RN2K2R b KQkq -,e7f6 c2c3 e8h8 e1h1 b5b4 a2a3 d7c6 a3b4 c5b4 f1d1
r4rk1/5ppp/p3n3/1p2n3/2p3q1/Q4NN1/PPR2PPP/3R2K1 b - -,e6d4 c2c3 a8d8 d1d4 e5f3 g2f3 g4d4 a3a6 d4d5 c3e3
r1bqk2r/pppn1pbp/3ppnp1/6B1/2PPP3/6P1/PP2NPBP/RN1QK2R b KQkq -,e8h8 e1h1 h7h6 g5e3 f6g4 e3d2 g4f6 h2h3 a8b8 d2e3
2rr2k1/p4pp1/3b3p/4pQ2/1q6/2N5/P1PP1PPP/R1B2RK1 b - -,c8c6 a1b1 b4c4 c1b2 d6c7 d2d3 c4h4 f5e4 h4e4 d3e4
r7/p4k2/2p1b3/1p2R3/8/6N1/PPB2r2/2K3R1 b - -,e6d5 g3e4 a8g8 g1e1 f2h2 e5f5 f7g6 f5f1 g6h6 e4d6
6N1/R4p2/p2r4/4k2p/7P/8/5P2/5K2 b - -,d6g6 g8e7 g6e6 a7b7 e6f6 f1g2 f6f4 b7b6 f4h4 e7c6
2kr3r/pp1n1p2/2p2n1b/q2pP2p/3P1P2/2NQ2B1/PP5R/1K2R1N1 b - -,f6g8 h2h5 a5a6 d3a6 b7a6 g1e2 h6g7 h5h8 g7h8 e1h1
8/5k1p/p1p1P1p1/P1P2pP1/2K2P2/7P/8/8 b - -,f6g8 h2h5 a5a6 d3a6 b7a6 g1e2 h6g7 h5h8 g7h8 e1h1
r1b3k1/1p3pbp/p2p2p1/2qP4/Pr3P2/3B3P/QP4P1/R1B2R1K b - -,c8d7 f4f5 b4a4 a2a4 d7a4 a1a4 b7b5 a4a3 c5d5 f5f6
r2qr1k1/ppp2ppp/2n2n2/3p1P2/8/1BPPBQ2/PP4PP/RN3K1R b - -,c6e5 f3g3 e5d3 b3c2 f6e4 g3f3 e4g5 f3e2 d3b2 b1d2
rn3rk1/1b1pbppp/pq2pn2/1pp5/2PPP3/1PN2NP1/P4PBP/R1BQR1K1 b - -,b6a5 c1b2 c5d4 f3d4 b5c4 b3c4 b8c6 d4b3 a5c7 e4e5
6k1/Qpp3p1/p2q1p1p/3npP2/1P6/2P2NPP/1P3P1K/8 b - -,
r1bqkbnr/pppppp1p/6p1/3P4/1nP1P3/8/PP3PPP/RNBQKBNR b KQkq -,f8g7 b1c3 a7a5 f2f4 d7d6 g1f3 g8f6 f1e2 c7c6 c1e3
6k1/2p2p2/Q1P3p1/8/3pPb1q/5Pp1/3p2P1/1R1R2K1 b - -,
2rqr1k1/p4pbp/1pn1pnp1/2Pp4/1P3P2/P1NBPQ1P/2PB2P1/R2R2K1 b - -,b6c5 a1b1 c5c4 d3e2 d8c7 d2e1 h7h6 g1h1 c6e7 g2g4
8/1p5p/2r3p1/2nNp1k1/4P3/3BP3/R3K1PP/8 b - -,c6d6 a2c2 c5d7 c2c7 b7b6 d3c4 h7h5 c4b5 d7c5 c7e7
r1bqk2r/pp1pbppp/2n1pn2/2P5/4P2B/2N5/PPP2PPP/R2QKBNR b KQkq -,d8a5 d1d3 a5c5 e1a1 e8h8 d3b5 a7a6 b5c5 e7c5 c1b1
1k2r3/4b1QR/p7/3PPB2/2K3P1/8/3q4/1n6 b - -,d8a5 d1d3 a5c5 e1a1 e8h8 d3b5 a7a6 b5c5 e7c5 c1b1
6k1/5p2/8/1p6/3p4/8/3K4/r3R2q b - -,d8a5 d1d3 a5c5 e1a1 e8h8 d3b5 a7a6 b5c5 e7c5 c1b1
rnbq3r/ppp3pp/3pP1k1/2bQ4/6P1/5N2/PPP2n1P/RNB1K2R b KQ -,h8f8 d5h5 g6f6 c1g5 f6e6 g5d8 f2h1 d8h4 e6d7 b1d2
2b5/1pp3kp/p5p1/2N5/1P4nP/P3PKP1/8/8 b - -,b7b6 c5d3 g7f6 f3f4 h7h6 a3a4 g6g5 h4g5 h6g5 f4e4
r4rk1/1bpnqpp1/pp1bp2p/3pN3/3PnP2/1P1BPN1Q/PBP3PP/R4RK1 b - -,e7e8 f3h4 f7f5 d3e4 f5e4 c2c4 a6a5 f4f5 b7c8 h3g3
8/pp6/8/5k1p/5P1P/P4K2/8/8 b - -,b7b6 f3e3 a7a6 e3d4 f5f4 d4c3 b6b5 c3b2 a6a5 b2c2
2qb1rk1/5rp1/4p2p/1p1pPP1P/p1nP4/P2QNR2/1P4K1/3N1R2 b - -,
r1bqk2r/pp3pp1/2n1p2p/3pP3/1b1PnB2/P1N2N2/1PQ2PPP/R3KB1R b KQkq -,b4c3 b2c3 d8a5 f3d2 a5c3 c2c3 e4c3 a1c1 c3a4 f1b5
8/p6p/1p4p1/4k3/P4PPP/4K3/8/8 b - -,e5e6 e3d4 h7h5 f4f5 e6f6 f5g6 h5g4 h4h5 a7a6 d4d5
rn1q1rk1/ppp2pbp/4bpp1/3p4/3P4/2NBPN2/PPP2PPP/R2Q1RK1 b - -,f8e8 c3e2 e6c8 h2h3 c7c6 b2b3 b7b6 c2c3 a7a5 d1c2
r1b2rk1/p4n1p/2p1p1p1/1p2PP1Q/2q1pP2/P1B1P2P/1P6/2KR2R1 b - -,g6g5 f4g5 c4f1 d1f1 a7a6 g5g6 f7g5 h5g5 h7h6 g5h6
8/7p/N1p5/1p2knK1/2P4P/1P6/P7/8 b - -,f5d6 c4b5 d6f7 g5h5 c6b5 a6c7 f7d6 h5g5 d6f7 g5g4
r4rk1/5ppp/p1n1n3/1p2P3/2p3q1/Q4N1P/PPRN1PP1/3R2K1 b - -,g4g6 c2c1 e6f4 g2g3 f4e2 g1h2 e2c1 d1c1 g6e6 c1e1
rn3rk1/1b1pbppp/pq2pn2/1p6/2PNP3/1PN3P1/P4PBP/R1BQR1K1 b - -,e7c5 c1e3 f6g4 d1g4 c5d4 a1c1 d4e3 e1e3 b5c4 c3a4
r6r/2p2pk1/bp3n2/p1PP2p1/3P1p2/2R5/PPBK1QP1/R1B4q b - -,h8h2 c3h3 h2h3 g2h3 a8e8 a2a4 e8e2 f2e2 a6e2 d2e2
2rq2k1/pp1b1rpp/3Q1n2/5p2/8/P1N5/1PP3PP/R1B2R1K b - -,d8e8 c1d2 d7c6 a1e1 f6e4 c3e4 c6e4 d2c3 c8c6 d6f4
8/6R1/2P5/1p1k2p1/2r2p2/5P1P/6PK/8 b - -,b5b4 g7g5 d5c6 g5g8 c4c5 g8e8 c6b5 h3h4 b4b3 e8e1
8/R3Np2/p5r1/4k2p/7P/8/5P2/5K2 b - -,g6e6 a7b7 e6f6 f1g2 f6f4 b7b6 f4g4 g2f1 g4h4 b6a6
r1bqk2r/pp1n1ppp/2pbpn2/3p4/3P1P2/2P1P1B1/PP1N2PP/R2QKBNR b KQkq -,d8b6 a1b1 f6e4 f1d3 f7f5 g1f3 e8h8 g3h4 b6c7 c3c4
r5k1/1p1b1pbp/p2p2p1/2qP4/Pr3P2/1P1B3P/Q5P1/R1B2R1K b - -,g7a1 a2a1 c5d4 c1a3 d4a1 f1a1 b4d4 d3f1 d4d5 h1g1
2k1r1nr/1pp2pp1/p1p3p1/8/6P1/2NPP2P/PPP1K3/R6R b - -,g8e7 a1f1 f7f6 h3h4 c6c5 b2b3 h8h7 c3e4 b7b6 e4g3
6r1/p4k2/2p1b3/1p2R3/8/6N1/PPB2r2/2K1R3 b - -,e6d5 g3e4 f2h2 e4g5 f7g7 e5e7 g7h8 g5f7 d5f7 e7f7
r3k2r/p2b3p/5bp1/1pp5/8/1PP2N2/P2P2PP/RN2K2R b KQkq -,e8h8 e1h1 b5b4 a2a3 d7b5 f1c1 c5c4 a3b4 c4b3 b1a3
r1b1k2r/pp3pp1/2n1p2p/q2pP3/1b1Pn3/P1N2N2/1PQB1PPP/R3KB1R b KQkq -,e4d2 c2d2 b4c3 d2c3 a5c3 b2c3 c6a5 a1b1 b7b6 b1b4
2krn2r/pp1n1p2/2p4b/q2pPP1p/3P4/2NQ2B1/PP5R/1K2R1N1 b - -,a5a6 d3a6 b7a6 g3h4 f7f6 h2g2 e8g7 e5e6 g7f5 e6d7
8/1p2N2p/2r3p1/R1n1p1k1/4P3/3BP3/4K1PP/8 b - -,c6c7 e7d5 c7c8 d5b6 c8c7 a5b5 h7h5 b6c4 g5f6 b5b6
8/p7/1p6/5k1p/5P1P/P3K3/8/8 b - -,b6b5 e3d4 a7a6 d4d5 f5f4 d5d6 f4g4 d6e7 a6a5 e7d6
8/6pp/8/8/1Pk5/3pBK1P/PP6/7R b - -,f5f6 e3e4 f6e6 e4d4 e6f5 d4d5 f5f4 d5c6 f4g3 a3a4
8/p6p/1p2k1p1/8/P3KPPP/8/8/8 b - -,h7h5 e4f3 e6f6 g4g5 f6f5 f3e3 a7a6 e3d4 b6b5 a4a5
4rk2/p3r2p/2Q4p/2P1N3/3P1p2/7P/P4PP1/6K1 b - -,f8g7 c6d6 e7e6 d6d5 g7f6 c5c6 f6g5 e5f3 g5g6 g1h2
8/8/2K5/8/7p/6pk/8/1Q6 b - -,
8/pp5p/5kp1/8/7P/3K1PP1/P7/8 b - -,
r1b1k2r/pp3pp1/2n1p2p/q2pP3/1b1P4/P1N2N2/1P1Q1PPP/R3KB1R b KQkq -,
br1r1bk1/5p2/Bn3np1/4p1Np/4P2P/P3BPP1/N1PQ4/1K2R3 b - -,b6c4 b1c1 f8a3 c1d1 c4d2 e3d2 a8c6 a2c3 a3b2 d1e2
r4rk1/p2b3p/5bp1/1pp5/8/1PP2N2/P2P2PP/RN3RK1 b - -,b5b4 a2a3 d7b5 f1c1 c5c4 a3b4 c4b3 b1a3 b5d3 a1b1
6k1/5pp1/8/p7/2p1P1P1/5K1P/Pq2PQ2/8 b - -,b2f6 f3g2 f6c6 e2e3 c6e4 f2f3 e4c2 g2g3 c2d3 g3f2
2krn2r/pp1n1p2/2p1P3/q2p1Pbp/3P4/2NQ2B1/PP5R/1K2R1N1 b - -,e8g7 e6d7 d8d7 g1f3 g5f6 g3e5 g7e8 a2a3 h5h4 b1a2
r2qrQk1/6p1/pn1p2p1/1p2P1N1/3p4/1n6/PP3PP1/R1B1R1K1 b - -,e8f8 a2b3 d6e5 c1d2 f8f5 g5f3 d8f6 a1c1 a8f8 f3e5
6k1/5p2/8/1p6/3p4/8/r7/4K3 b - -,g8f8 a2b3 d6e5 c1d2 f8g8 a1c1 b6d5 c1c6 d8d7 c6g6
8/p4k2/2p1R3/1p6/8/6r1/PPB2r2/2K1R3 b - -,f2f1 c2b3 f1e1 e6e1 f7f8 e1e5 a7a5 b3c2 f8f7 c2d1
3r1r1k/1p3Bp1/1b3qnp/1P3NN1/1p6/1Q6/5PPP/R3R2K b - -,g6f4 g2g3 h6g5 g3f4 f8f7 f5g3 f6f4 e1e4 f4f3 b3f3
1Q4k1/1pp3p1/pq3p1p/3npP2/1P6/2P2NPP/1P3P1K/8 b - -,
r1bqkbnr/5ppp/p1p5/4p3/4P3/3B4/PPP3PP/RNBQ1R1K b kq -,h7h5 b1d2 g8f6 h2h3 h5h4 d3c4 a8a7 d1f3 a6a5 a2a4
8/8/2K5/8/7p/8/5Qpk/8 b - -,
6k1/2p2p2/Q1P3p1/8/3pP2q/4bPp1/3p2P1/1R1R1K2 b - -,
3R4/1p3kp1/1P2bp2/2B4p/1P6/7P/2r2PP1/6K1 b - -,e6f5 d8f8 f7g6 f8e8 c2d2 h3h4 d2d5 f2f3 f5d7 e8e7
rnbq3r/ppp3pp/3pP1k1/2bQ4/7P/5N2/PPP2nP1/RNB1K2R b KQ -,h7h5 g2g4 d8f8 g4h5 g6h7 f3g5 h7h6 b1c3 b8c6 e1h1
r2qkbnr/ppp3pp/2Bp4/5b2/4pP2/2N2N2/PPPP2PP/R1BQK2R b KQkq -,
8/6pp/8/8/1k2K3/3pB2P/PP6/7R b - -,b7c6 d1e2 g8f6 c3e4 f6e4 f3d4 g7g6 d2d3 d8e7 d4c6
2b5/2p3kp/pp4p1/8/1P4nP/PN2PKP1/8/8 b - -,g4e5 f3e4 g7f6 e4f4 h7h6 b3d2 g6g5 f4e4 c8b7 e4d4
bq4k1/3R1ppp/4p3/1p6/2r5/4PP2/1B1Q2PP/6K1 b - -,c4c8 b2e5 a8c6 e5b8 c6d7 b8e5 d7c6 e3e4 h7h6 d2d4
r5k1/1p1b1p1p/p2p2p1/2qP4/P2r1P2/1PbBB2P/5QP1/5R1K b - -,c5d5 e3d4 d5d4 d3c4 d4f2 f1f2 c3d4 f2c2 d7c6 b3b4
r4rk1/1bp1qpp1/pp1bp2p/3pP3/4nP2/1P1BPN1Q/PBP3PP/R4RK1 b - -,e4c5 f4f5 c5d3 e5d6 e7d6 c2d3 e6f5 f3d4 f7f6 d4f5
r1bqk2r/pp2p1bp/2np2pn/5P2/2P5/1N2B3/PP2BPPP/RN1QK2R b KQkq -,c8d7 e3h6 g7h6 f5g6 h7g6 b1c3 h6g7 e1h1 d7f5 d1d2
8/p7/8/1p3k1p/5P1P/P4K2/8/8 b - -,c8d7 e3h6 g7h6 f5g6 h7g6 b1c3 h6g7 e1h1 d7f5 d1d2
br1r1bk1/5p2/B4np1/4p1Np/4P2P/P4PP1/N1PB4/2K1R3 b - -,f8a3 c1d1 a8c6 a2c3 a3b2 d1e2 b2c3 d2c3 c6b5 a6b5
1Q6/1pp3pk/pq3p1p/3npP2/1P6/2P2NPP/1P3PK1/8 b - -,
4rrk1/1bpnqppp/pp1b4/3p4/3Pn3/1P1BPN2/PBR1NPPP/Q4RK1 b - -,d7f6 h2h3 c7c5 a2a4 h7h6 a1d1 e8c8 f3h4 g7g6 h4f3
2r1r1k1/1q1nbppp/3pp3/1Q2n3/P3PB2/1P4PP/2RN1PBK/3R4 b - -,b7b5 c2c8 e8c8 a4b5 h7h6 g2f1 c8c3 h2g2 g8f8 f4e3
r4rk1/2q2ppp/p2b4/1p1p1b2/3P4/2P1R2P/PP1N1PP1/R1BQ2K1 b - -,f8e8 d2b3 f5e4 b3c5 d6c5 d4c5 c7c5 e3g3 e8e6 c1e3
8/8/2K5/8/8/5Q1p/6p1/7k b - -,
6k1/NP3p1p/2Rb1np1/1B2p3/3p4/7P/1r3PP1/6K1 b - -,d6b8 c6c8 g8g7 c8b8 f6e4 b8d8 b2f2 b7b8q f2f5 d8g8
6k1/5pp1/8/p7/3QP1P1/2p2K1P/Pq2P3/8 b - -,b2d2 d4e3 a5a4 f3f2 d2a2 e3c3 a2e6 e4e5 e6b6 f2e1
6k1/2p2p2/Q1P3p1/8/3pP3/3KbPp1/3p2q1/1R1R4 b - -,
8/6pp/8/8/2k1K3/3pB2P/PP6/2R5 b - -,g2f3 a6c8 g8g7 d3c4 e3f4 d1h1 f3c3 c4b5 c3d3 b5a5
rnb2k1r/pp2R1pp/1bp3qn/3p4/3P3B/1BN2N2/PPPQ2PP/5K1R b - -,h6f5 d2f4 b8d7 g2g4 d7f6 g4f5 g6f5 f4f5 c8f5 e7b7
2rq1rk1/p3ppbp/4R1p1/8/3PpPP1/PP2P3/1B2B2P/3Q1RK1 b - -,h7h5 e6e4 h5g4 f4f5 g6f5 f1f5 e7e6 f5f2 f7f5 e4e6
8/7p/N1p5/4knK1/2P4P/8/P7/8 b - -,f5e3 a6b4 c6c5 b4c6 e5e4 c6a5 e4d4 h4h5 e3c4 a5b3
8/p3Rk2/2p5/1p6/8/8/PPB2r2/2K1R1r1 b - -,f7f6 e7e6 f6f7 c2b3 g1e1 e6e1 f7f8 b3c2 f2f7 c1d2
rn2kbnr/ppp2ppp/8/3p1b2/3P4/2N5/PPP2PPP/R1B1KBNR b KQkq -,c7c6 e1d1 a7a5 g1e2 h7h5 e2g3 f5g6 h2h4 g8h6 f2f3
r4rk1/p2b3p/5bp1/2p5/1p6/PPP2N2/3P2PP/RN3RK1 b - -,d7c6 a3b4 c5b4 f1e1 f8e8 g1f1 c6b5 f1f2 b5d3 e1e3
r2nR1kr/pp3pbp/3B2p1/1qpP3n/P7/2P2N2/1P1N1PPP/R5K1 b - -,b5e8 d2c4 e8d7 h2h3 f7f5 f3e5 g7e5 d6e5 d8f7 e5h8
8/R2N1p2/2k1P3/8/8/8/8/6K1 b - -,b5e8 d2c4 e8d7 h2h3 f7f5 f3e5 g7e5 d6e5 d8f7 e5h8
2R1r1k1/3nbppp/3pp3/1q2n3/P3PB2/1P4PP/3N1PBK/3R4 b - -,e8c8 a4b5 h7h6 g2f1 c8c3 h2g2 g8f8 f4e3 e7g5 e3a7
r3kbnr/1pp2pp1/p2q4/2p1N3/3PPBp1/2P5/PP3PP1/RN1Q1RK1 b kq -,c5d4 c3d4 g7g5 e5f7 d6e6 f7h8 g5f4 b1c3 f8g7 c3d5
3r2k1/p3bppp/4p3/1rp5/2R5/1P2B1P1/P3PP1P/2R3K1 b - -,d8d5 c1c2 f7f5 e3d2 a7a5 g1f1 g8f7 e2e3 h7h5 f1e2
8/6pp/8/8/1k6/3KB2P/PP6/2R5 b - -,d8d5 c1c2 f7f5 e3d2 a7a5 g1f1 g8f7 e2e3 h7h5 f1e2
R3R3/pb4k1/2p5/1p2p3/5r2/2N3p1/PPB5/2K5 b - -,b7a8 e8e5 f4g4 e5e4 g4g5 e4e1 c6c5 e1g1 b5b4 c2e4
1R6/NP3pkp/5np1/1B2p3/3p4/7P/1r3PP1/6K1 b - -,e5e4 b8a8 b2b1 g1h2 f6d7 a8d8 e4e3 f2e3 d4e3 d8d7
2krn2r/pp3p2/2p1Pn2/q2p1Pbp/3P4/2NQ1NB1/PP5R/1K2R3 b - -,g5e3 e1e3 f6g4 e6f7 g4h2 g3h2 e8f6 h2e5 h8h6 f3g5
8/8/8/pp3k1p/5P1P/P3K3/8/8 b - -,g5e3 e1e3 f6g4 e6f7 g4h2 g3h2 e8f6 h2e5 h8h6 f3g5
r2q1rk1/4ppPp/3pb1p1/4n1P1/4P3/1p2QP2/PBP5/1K1R1BNR b - -,f8e8 a2b3 d8a5 g1e2 e6b3 c2b3 a5a2 b1c2 e8c8 e2c3
r1bq1rk1/ppp1nppp/4pn2/4P3/3P4/B1PB1N2/P4PPP/R2Q1RK1 b - -,f6h5 f3g5 g7g6 g5h7 f8e8 a3c1 c7c5 h7g5 c5d4 g2g4
2r3k1/p3qppp/1p1Pp1n1/2p5/2P3Q1/1P4P1/PB3P1P/3R2K1 b - -,e7e8 d6d7 e8d8 d7c8q d8c8 h2h4 f7f6 h4h5 g6f8 b2f6
8/p7/2p1Rk2/1p6/8/8/PPB2r2/2K1R1r1 b - -,f6f7 c2b3 g1e1 e6e1 f7f8 b3c2 f2f4 e1e5 f4c4 b2b3
4R1k1/3nbppp/3pp3/4n3/P3PB2/1P4PP/3NqPBK/3R4 b - -,e7f8 d1f1 h7h5 a4a5 h5h4 g3h4 e2b5 f1a1 d7b8 e8c8
R7/p5k1/2p5/1p2p3/5r2/2N3p1/PPB5/2K5 b - -,
rn3rk1/1b1p1ppp/pq2pn2/1N6/2P1P3/1Pb1B1P1/P4PBP/R2QR1K1 b - -,a6b5 e3b6 b5c4 b3c4 c3e1 d1e1 f8c8 e4e5 b7g2 g1g2
rn2kb1r/ppp2ppp/5n2/3p1bB1/3P4/2N5/PPP2PPP/R3KBNR b KQkq -,
3R4/1p3kp1/1P2bp2/2B4p/1P6/7P/5PPK/2r5 b - -,c1c4 d8f8 f7g6 f8e8 e6d5 e8e7 c4c2 e7d7 d5c6 d7c7
2krn2r/pp3p2/2p1Pn1b/q2pNP1p/3P4/2NQ2B1/PP5R/1K2R3 b - -,h6f8 e6f7 e8d6 e5g6 h5h4 g3e5 f6e4 g6h8 d6b5 e1c1
r7/p5k1/2p5/1p2R3/5rb1/2N3p1/PPB5/2K3R1 b - -,g7f6 e5e1 g4f5 c2f5 f4f5 g1g3 a8d8 c3e4 f6e6 g3g6
rnbqkbnr/p1p2ppp/8/1p1p4/1P2p3/P2PP3/1BP2PPP/RN1QKBNR b KQkq -,e4d3 f1d3 c7c6 g1f3 g8f6 b1d2 a7a5 c2c3 f8d6 a3a4
4rrk1/3nb1p1/1q4PB/p2p1p1P/1p6/5NN1/PPPQ1P2/1K5R b - -,d7c5 h6f4 e7d6 h5h6 d6f4 d2f4 b6g6 h6g7 g6g7 g3h5
2r2rk1/2q2pp1/p2p1n2/1p1Pp2p/7P/3Q1P2/PPP3P1/1K1RRN2 b - -,f8e8 c2c3 c7d7 f1g3 g7g6 g3e4 f6e4 e1e4 f7f5 e4b4
bqr3k1/3R1ppp/4p3/1p2B3/8/4PP2/3Q2PP/6K1 b - -,a8c6 e5b8 c6d7 b8e5 d7e8 d2d6 c8a8 e5c3 f7f6 d6e6
8/2p3kp/pp2b1p1/8/1P4nP/P3PKP1/3N4/8 b - -,g7f6 f3f4 h7h6 d2e4 f6e7 e4c3 e7d6 b4b5 a6a5 e3e4
4Rbk1/3n1ppp/3pp3/4n3/P3PB2/1P4PP/3NqPBK/5R2 b - -,h7h5 a4a5 h5h4 g3h4 g8h7 h4h5 g7g5 f4e5 d7e5 a5a6
5k2/8/p3rP1p/4P3/1K6/6RP/3r4/4R3 b - -,d2d5 g3e3 d5b5 b4c4 f8f7 e3e4 e6e8 c4d4 f7e6 d4e3
r2qkb1r/pp1n1ppp/2p1pn2/3p4/3P2b1/1P2PNP1/P1P2PBP/RNBQ1RK1 b kq -,f6e4 c2c4 f8d6 h2h3 g4f3 d1f3 f7f5 c4d5 c6d5 b1d2
8/p7/5k2/1p5p/4K2P/P7/5P2/8 b - -,
2r2rk1/p3Rqpp/2p4n/2P5/2BP1p2/5N1P/P4PP1/2Q3K1 b - -,c8d8 g1h2 f7c4 c1c4 g8h8 c4e6 d8c8 d4d5 c6d5 c5c6
4r3/3r4/p2p2p1/1p1qp1b1/8/P4R1k/1PP1Q2P/4B1K1 b - -,c8d8 g1h2 f7c4 c1c4 g8h8 c4e6 d8c8 d4d5 c6d5 c5c6
r1bqk2r/pppn1pb1/3ppnpp/8/2PPP3/4B1P1/PP2NPBP/RN1QK2R b KQkq -,a8b8 e1h1 e8h8 d1c2 b7b5 c4b5 b8b5 h2h3 c7c5 b1c3
r1br2k1/ppp2p2/2n2bpp/4p3/2P1N3/5NP1/PP2PPBP/R4RK1 b - -,f6g7 a1d1 d8d1 f1d1 f7f5 e4c3 e5e4 f3e1 g7c3 b2c3
r2qrbk1/pp1n1ppp/5n2/3ppN1b/8/NP1P2PP/PB2PPB1/R2Q1RK1 b - -,h7h6 a3c2 h5g6 f5h4 g6h7 a1c1 a8c8 d3d4 e5e4 c2e3
2kr3r/pp3p2/2pnPn1b/q2pNP1p/3P3B/2NQ4/PP5R/1K2R3 b - -,h6g7 h2g2 f6g4 h4d8 a5d8 e5f7 d8e7 c3d5 c6d5 g2c2
r1b2r2/1p4kp/p2ppp2/4q1bQ/4P2P/2NB1R2/PPP5/6RK b - -,c8d7 h4g5 f6f5 e4f5 f8f5 h5h6 g7h8 d3f5 e6f5 g5g6
2r2rk1/5pp1/p2p1n2/1p1Pp2p/2q4P/3QNP2/PPP3P1/1K1RR3 b - -,c4a4 e3f5 c8c5 g2g3 g7g6 f5d6 f6d5 d3b3 a4b3 a2b3
4rrk1/1bpnq1pp/pp1b1p2/3p4/P2Pn3/1P1BPN2/1BR1NPPP/Q4RK1 b - -,d7b8 e2g3 e4g3 h2g3 b8c6 a1b1 g7g6 b2c3 c6b4 c3b4
r4rk1/5ppp/p1nR4/1p2P2q/2p4N/Q4N1P/PP3PP1/2n2K2 b - -,c6e5 a3e3 e5f3 h4f3 c1d3 f1g1 a8e8 e3d4 h5f5 d6a6
r1b3k1/pp4pp/2n1pr2/q7/2PPp3/P5N1/2Q2PPP/R1B2K1R b - -,c6d4 c2e4 a5c3 a1b1 e6e5 f1g1 c8d7 c1b2 c3d2 b2d4
2kr1bnr/1pp2pp1/p2q4/2p1N3/3PPBQ1/2P5/PP3PP1/RN3RK1 b - -,f7f5 g4f5 c8b8 e5f7 g8h6 f4d6 f8d6 f7d6 d8d6 f5c5
3b4/3k3p/4p3/prp1p3/R7/1P4P1/P2BKP1P/8 b - -,d7d6 g3g4 d6c6 f2f3 c6d6 e2d3 d6d5 d2e1 d8c7 h2h4
r7/2p2pk1/bp3n2/p1PP2p1/3P1p2/7R/PPBK1QPr/R1B4q b - -,h2h3 b2b4 h3g3 c1b2 h1g2 f2g2 g3g2 d2c1 f4f3 b2c3
8/8/5k2/pp5p/4K2P/P4P2/8/8 b - -,
1Q6/1pp3pk/p4p1p/1q1npP2/1P5N/2P3PP/1P3PK1/8 b - -,
8/p4k2/2p5/1p6/8/1B6/PP3r2/2K1R3 b - -,f7f8 b3c2 f2f7 c1d2 c6c5 e1e5 f7c7 d2c3 a7a6 c2e4
r1bq1rk1/1p3pp1/5n1p/2bNp3/pPPp4/5NP1/1PQ1PPBP/R2R2K1 b - -,d4d3 e2d3 c5d6 d5c3 d6b4 f3e5 f6g4 e5f3 b4c3 c2c3
r2q1rk1/4ppPp/3pb1p1/4n1P1/4P3/4QP2/PBK5/3R1BNR b - -,d8c7 c2d2 f8b8 b2e5 a8a2 d2e1 b8b3 f1d3 c7a5 e1f1
8/8/4k3/pp5p/3K3P/P4P2/8/8 b - -,
2Q3k1/2p2p2/2P3p1/8/3pP3/3Kbqp1/3p4/1R1R4 b - -,
4rrk1/3nb3/1q4PQ/p2p1p1P/1p6/5NN1/PPP2P2/1K5R b - -,f8f7 g3f5 d5d4 g6f7 g8f7 h6h7 f7e6 f3d4 b6d4 f5d4
5rk1/p2nbppp/q1p1p3/P7/1r1PN3/1N2P3/2Q2PPP/R1R3K1 b - -,a6b5 e4c5 d7c5 b3c5 f8c8 c2d1 e7c5 c1c5 b5b7 a1c1
r4rk1/p6p/2b2bp1/8/1p6/1PP2N2/3P2PP/RN1R2K1 b - -,a8e8 a1a6 c6f3 g2f3 e8e2 d1f1 b4c3 b1c3 f6d4 g1h1
2b5/2p3kp/pp4p1/4n3/1P2K2P/PN2P1P1/8/8 b - -,g7f6 e4d4 e5c6 d4e4 g6g5 h4h5 c8f5 e4d5 c6e7 d5d4
br1r2k1/5pp1/1p1q3p/1Q1np3/3p4/3P2P1/1PRNPPBP/R5K1 b - -,g8h7 a1a7 d6e6 c2c1 h7h8 g2f3 h8g8 h2h3 a8b7 h3h4
2N5/2R2p2/p2r1k2/7p/7P/8/5P2/5K2 b - -,d6e6 c7c5 e6e5 c5c4 e5e6 c4a4 f6e5 a4a5 e5f4 a5h5
r1bqkb1r/2p2n1p/p1Np4/5PpQ/8/2N1B3/PPP2PPP/R3K2R b KQkq -,d8f6 e3d4 f6f5 d4h8 f5g4 h5g4 c8g4 c3d5 e8d7 c6d4
rn1qr1k1/1pp2pbp/p3bpp1/3p4/3PP3/2NB1N2/PPPQ1PPP/R4RK1 b - -,d5e4 c3e4 e6d5 f1e1 f6f5 e4g5 h7h6 e1e8 d8e8 g5h3
r7/2p2pk1/bp3n2/p1PP2p1/3P1p2/7P/PPBK1Q2/R1B4q b - -,a8e8 b2b3 f6e4 c2e4 h1e4 d2c3 e4d3 c3b2 e8e2 f2e2
8/8/8/ppK2k1p/7P/P4P2/8/8 b - -,
rn3rk1/1b1p1ppp/p3pn2/q3P3/2PB4/PP4P1/5PBP/R2QR1K1 b - -,f6d5 b3b4 a5c7 c4d5 b7d5 g2d5 e6d5 d4c5 f8e8 d1d5
6k1/6p1/p4p1p/1r5P/3R4/6P1/1P3PK1/8 b - -,a6a5 d4a4 b5h5 b2b4 a5b4 a4b4 h5a5 b4b8 g8h7 b8b7
8/8/7k/2K2p2/6pp/8/8/2R5 b - -,
5k2/p7/2p5/1p6/8/8/PPB2r2/2K1R3 b - -,f2f4 e1e5 f4c4 b2b3 c4c3 c1d2 c3h3 b3b4 h3h4 d2c3
rnbqkbnr/3ppppp/1pp5/p7/P2PP3/5N2/1PP2PPP/RNBQKB1R b KQkq -,e7e6 h2h4 d7d5 e4e5 h7h5 c1g5 f8e7 b1c3 c8a6 c3e2
8/4kp2/4b3/2rp4/8/3Q2P1/q3PPBP/5RK1 b - -,a2b2 g2f3 b2c2 d3d4 c2c3 d4h4 c3f6 h4b4 f6c3 b4b1
8/8/8/p4k1p/Pp3P1P/4K3/8/8 b - -,a2b2 g2f3 b2c2 d3d4 c2c3 d4h4 c3f6 h4b4 f6c3 b4b1
8/8/3pk3/7p/r3PB2/5KP1/8/8 b - -,a4a3 f3f2 a3a8 f2f3 e6d7 f3e3 a8a3 e3e2 d7c6 e2f2
5b2/NP1n1pkp/5np1/1B1pp1B1/8/7P/1r3PP1/2R3K1 b - -,f6e4 b5d7 b2b7 d7c6 b7a7 g5e3 a7a5 e3b6 a5a6 b6c7
r1bqrbk1/4np1p/p5p1/2pNP2P/1p4P1/P2BPP2/1PQB4/2KR3R b - -,g8h8 d5f6 h7h6 d3c4 e7f5 f6e8 d8e8 h5g6 e8e5 g4f5
r4rk1/p6p/2b2bp1/8/1p6/1PP2N2/3P2PP/RN2R1K1 b - -,a8e8 e1e8 f8e8 g1f2 c6e4 f3e1 e4f5 g2g3 f6g7 e1g2
6k1/6p1/p4p1p/7P/R7/6P1/1r3PK1/8 b - -,b2b5 a4a6 b5h5 f2f4 h5f5 g2f3 g8h7 g3g4 f5d5 a6a7
r1b2Bk1/pp3pbp/1q2p1p1/3Pn3/3NPP2/1pP5/P5PP/R2Q1RK1 b - -,e5c4 f8g7 b3b2 a1b1 g8g7 d1e2 e6d5 f4f5 g7g8 f5g6
r4rk1/1bp1qpp1/pp2p2p/2bpP3/3NnP2/1P1BP2Q/PBP3PP/R4RK1 b - -,b6b5 f4f5 e6f5 d4f5 e7g5 b2d4 a8e8 a2a4 c5d4 e3d4
r4rk1/5p2/p2p1np1/Rp1Pp2p/7P/4NP2/PPP3P1/1K2R3 b - -,f8c8 a2a4 b5a4 a5a4 a6a5 e1d1 g8f8 b2b3 f6d7 e3c4
8/8/8/pK5p/5k1P/P4P2/8/8 b - -,
8/1p3kp1/1P1Rbp2/2B4p/1Pr5/7P/5PPK/8 b - -,c4c1 f2f3 h5h4 d6c6 c1d1 c6c7 d1d7 c5f2 g7g5 f2e1
r1b2rk1/p5n1/2pRp1p1/1p2P2p/5P1P/2n1B1N1/P1B3P1/2K4R b - -,b5b4 c2g6 c3a2 c1d2 a2c3 e3c5 c8b7 c5b4 c3d5 d6d5
8/8/8/p4k1p/P4P1P/1p6/3K4/8 b - -,b5b4 c2g6 c3a2 c1d2 a2c3 e3c5 c8b7 c5b4 c3d5 d6d5
2Q5/2p2pk1/2P3p1/8/3pP3/3Kbqp1/3p4/1R5R b - -,d2d1r h1d1 e3c1 d3c4 f3e2 c4b4 e2d1 c8c7 c1d2 b4c4
2kr4/pp3pRr/2pnPn2/q2pNP1p/3P3B/2NQ4/PP6/1K2R3 b - -,d6b5 g7h7 b5c3 b2c3 f6h7 e6f7 d8f8 h4e7 c8c7 e7f8
5k2/p7/2p5/1p2R3/5r2/8/PPB5/2K5 b - -,a7a6 e5c5 f4f6 c2e4 f6e6 e4f3 e6f6 f3g2 f6g6 g2c6
6k1/5pp1/8/p7/4P1P1/2p1QK1P/P2qP3/8 b - -,d2a2 e3c3 a5a4 f3f2 a2b3 c3a5 b3c4 e4e5 c4d4 f2f3
8/8/4k3/3P3p/r4B2/5KP1/8/8 b - -,e6d5 f3g2 a4a1 g2h3 d5e4 f4d6 e4f5 d6c7 a1d1 c7f4
3R2k1/6p1/p4p1p/7P/8/6P1/1r3PK1/8 b - -,
1r3rk1/p5pp/2pb1P2/q2p4/2p2P2/2P1P2P/PPB1Q3/2KR3R b - -,b8b2 d1g1 g7g6 f4f5 a5c3 f5g6 h7h6 g6g7 f8f6 c1d1
8/8/8/K6p/7P/P4Pk1/8/8 b - -,g3h3 a5b6 h3h4 a3a4 h4g3 f3f4 h5h4 f4f5 h4h3 f5f6
2kr4/pp3pr1/2pnPB2/q2pNP1p/3P4/2NQ4/PP6/1K2R3 b - -,g7g4 e5g4 h5g4 d3g3 f7e6 f5e6 a5c7 f6d8 c8d8 b1a1
5r1k/1p6/p4P1p/2pQr3/3p4/7P/PP6/4RRK1 b - -,e5g5 d5g5 h6g5 e1e7 c5c4 e7b7 a6a5 b7d7 c4c3 b2c3
r3kb1r/pp1b1ppp/4p1q1/3pR3/8/6R1/P2N1PPP/2B1Q1K1 b kq -,a8c8 g3g6 h7g6 d2f3 f8e7 c1d2 e7f6 e1b1 e8h8 e5e1
rn3rk1/1b1p1ppp/p3pP2/q3R3/2PB4/PP4P1/5P1P/R2Q2K1 b - -,a5e5 d4e5 b8c6 d1h5 c6e5 h5e5 g7f6 e5f6 b7e4 c4c5
4Rrk1/p6p/2b2bp1/8/1p6/1PP2N2/3P2PP/RN4K1 b - -,c6d5 e8f8 g8f8 a1a7 g6g5 b1a3 b4a3 a7a3 g5g4 f3d4
5rk1/1p1qp1bp/p5p1/n7/3PP1P1/4B2P/P3N1P1/2RQ2K1 b - -,e7e6 d1e1 d7a4 e2c3 a4a3 e4e5 f8c8 g1h2 c8c4 c3e4
8/8/8/3k3p/r4B2/6P1/6K1/8 b - -,a4a1 g2h3 d5e6 f4g5 a1h1 h3g2 h1b1 g5f4 e6f5 g2h3
r1bq1rk1/1p2ppbp/2np1np1/p7/P1P1P3/1NN5/1P2BPPP/R1BQ1RK1 b - -,c6b4 c1e3 b7b6 d1d2 c8b7 f2f3 f6d7 a1d1 d7c5 b3d4
2b5/2p4p/pp3kp1/4n3/1P1K3P/PN2P1P1/8/8 b - -,e5c6 d4e4 g6g5 h4h5 c8f5 e4d5 c6e7 d5d4 f5e6 b3d2
2rq1rk1/p3p1bp/4p1p1/8/2BPpPP1/PP2P3/1B5P/3Q1RK1 b - -,g8h8 c4e6 c8c6 e6c4 d8c8 b2c3 c6c4 b3c4 c8c4 c3b4
R7/5kp1/p4p1p/7P/8/6P1/1r3PK1/8 b - -,b2b5 a8a7 f7g8 a7a6 b5h5 a6a8 g8h7 a8a4 h5g5 g2f3
r1b2Bk1/pp3pbp/1q2p1p1/3Pn3/3NPP2/2P5/Pp4PP/1R1Q1RK1 b - -,e5c4 f8g7 g8g7 d1e2 b6c5 e2f2 c5b6 f4f5 e6f5 g1h1
8/8/1K6/7p/7k/P4P2/8/8 b - -,
8/8/8/5pk1/3K2pp/8/8/2R5 b - -,
8/pp6/5k2/7p/5K1P/8/P4P2/8 b - -,b7b5 f4e4 b5b4 e4d5 f6f5 d5c5 f5g4 c5c4 g4h4 c4d3
3rr1k1/2p2ppp/p1R5/3P2q1/4n3/5Q2/P3NPPP/2R3K1 b - -,e4d2 f3f4 g5d5 c6c5 d5a2 c5c2 a2d5 c2c5 d5c5 c1c5
2N5/5p2/R7/4k2p/3r3P/8/5P2/5K2 b - -,d4h4 c8e7 h4e4 a6a5 e5f6 e7d5 f6g7 d5e3 g7g6 f1g2
4r1k1/R6p/2b2bp1/8/1p6/1PP2N2/3P2PP/1N4K1 b - -,b4c3 d2c3 c6f3 a7a6 g8g7 a6a7 g7h6 a7f7 e8e1 g1f2
r1r3k1/3n1p2/p2p2p1/Rp1Pp2p/P6P/2P1NP2/1P4P1/1K2R3 b - -,d7c5 a4b5 a6b5 a5b5 e5e4 f3e4 c5e4 b1c2 f7f5 b5b6
4rrk1/1b1nq1pp/pp1b1p2/2pp4/P2Pn3/1P1BPN2/1BR1NPPP/3Q1RK1 b - -,e7f7 e2f4 e8c8 f3h4 g7g6 f2f3 d6f4 e3f4 e4d6 f1e1
8/8/8/p6p/P4k1P/1pK5/8/8 b - -,e7f7 e2f4 e8c8 f3h4 g7g6 f2f3 d6f4 e3f4 e4d6 f1e1
r1bqk1nr/1p1nbp2/4p3/pP1pP2p/3N2p1/P3Q3/1BP2PPP/RN2KB1R b KQkq -,e7g5 e3e2 g5f4 g2g3 f4e5 d4e6 f7e6 b2e5 d7e5 e2e5
r1bq1rk1/pppn1ppp/3b1n2/3P4/3P1p2/1B3N2/PPP3PP/RNBQ1RK1 b - -,c7c5 d5c6 b7c6 b1a3 c8a6 a3c4 a6c4 b3c4 d8c7 f3h4
rnbqkb1r/pp3ppp/4p3/2pn4/2B5/3P1N2/PPP2PPP/RNBQ1K1R b kq -,f8e7 h2h4 b8c6 b1c3 a7a6 a2a4 e8h8 d1e2 a8b8 h1h3
5k2/p7/2p5/5R2/1p3r2/8/PPB5/2K5 b - -,f4f5 c2f5 f8e7 c1c2 e7d6 f5e4 c6c5 c2d3 d6e5 b2b3
8/7p/N1pn4/2P1k1K1/7P/8/P7/8 b - -,d6c4 h4h5 c4b2 g5h6 b2a4 h6h7 e5f6 h5h6 f6f7 a6b4
r4rk1/2q2ppp/p7/1p1p1b2/3P1b2/2P4P/PP1N1PP1/R1BQR1K1 b - -,a8e8 d2f1 e8e1 d1e1 f4d6 c1g5 f5d7 e1d1 f8e8 d1f3
2rr2k1/5pp1/1p1qp2p/p1p5/PnRP4/4PBP1/1P1Q1P1P/3R2K1 b - -,d6e7 d2c1 d8d6 b2b3 c8c7 f3e2 d6c6 c1c3 c7d7 d4c5
rn1q1rk1/1b1p1ppp/p3pP2/7R/2PB4/PP4P1/5P1P/R2Q2K1 b - -,d8a5 h5a5 b7e4 a5g5 e4g6 f6g7 f8e8 d4c3 a6a5 g5g6
2b5/2p4p/pp3kp1/8/1P2K2P/PN2PnP1/8/8 b - -,f3e5 e4f4 h7h6 e3e4 e5c4 b3d4 g6g5 f4f3 c4a3 f3e3
8/6kp/2RN2p1/5p2/8/8/5PPP/6K1 b - -,g7h6 h2h3 h6g7 g1h2 g6g5 d6f5 g7g8 h2g3 h7h5 c6a6
8/8/8/p6p/P4k1P/8/1K6/8 b - -,g7h6 h2h3 h6g7 g1h2 g6g5 d6f5 g7g8 h2g3 h7h5 c6a6
r4rk1/2q2p1p/1np1BB2/p1b1p3/4P3/8/PPP1Q1PP/3R1R1K b - -,g7h6 h2h3 h6g7 g1h2 g6g5 d6f5 g7g8 h2g3 h7h5 c6a6
q5kr/5ppp/4p1n1/1B6/4P3/4B3/1PP2PPP/4Q1K1 b - -,a8b7 e1e2 b7e4 e2d2 h7h6 b5d3 e4a4 b2b4 g8h7 b4b5
8/8/8/7p/r3kB2/6PK/8/8 b - -,a4a1 f4c7 e4f5 c7f4 a1h1 h3g2 h1d1 g2h3 d1d3 h3h4
5k2/p7/2p5/5B2/1p6/8/PP6/2K5 b - -,c6c5 b2b3 f8f7 c1c2 f7f6 f5e4 f6e5 c2d3 c5c4 b3c4
3KQ3/8/8/7p/6k1/8/8/8 b - -,c6c5 b2b3 f8f7 c1c2 f7f6 f5e4 f6e5 c2d3 c5c4 b3c4
r1bq1rk1/1p2ppbp/3p1np1/p7/PnP1P3/1NN1B3/1P2BPPP/R2Q1RK1 b - -,a8b8 c4c5 b8a8 c5d6 d8d6 d1d6 e7d6 a1c1 d6d5 e3c5
r4rk1/2q4p/1np1pB2/p1b1p3/4P1Q1/8/PPP3PP/3R1R1K b - -,a8b8 c4c5 b8a8 c5d6 d8d6 d1d6 e7d6 a1c1 d6d5 e3c5
8/R4kp1/p4p1p/7P/8/6P1/r4PK1/8 b - -,f7e8 a7g7 a2a5 g7g6 e8f7 g6h6 a5g5 h6h7 f7g8 h7a7
r5k1/8/p2p2p1/R2Ppp1p/2r4P/2P2PP1/1PK5/4R3 b - -,g8f8 b2b3 c4c7 e1a1 c7a7 b3b4 f8f7 b4b5 g6g5 a5a6
8/8/p2K1k2/P7/7p/1B6/P7/5b2 b - -,h4h3 d6c5 f1g2 b3c4 h3h2 c4a6 h2h1q a6c4 h1g1 c5b5
2r3k1/3r1pp1/1p1qp2p/p1p5/PnRP4/4PBP1/1P3P1P/2QR2K1 b - -,d6b8 d4c5 d7d1 c1d1 b6c5 f3e2 g8f8 d1d2 b8e5 d2d7
8/8/8/5pk1/6p1/4K2p/8/2R5 b - -,
6k1/1Qp1n1p1/p2q1p1p/4pP2/1P6/2P2NPP/1P3P1K/8 b - -,d6d3 f3h4 d3f1 b7a7 g8h7 a7c5 e7c8 c5c7 f1f2 h4g2
8/2p4p/pp3kp1/8/1P3KbP/PN2PnP1/8/8 b - -,g4e6 b3c1 f3e5 c1e2 h7h6 f4e4 e5c4 a3a4 c7c5 b4c5
4r1k1/R6p/2b2bp1/8/8/1PP2N2/6PP/1N4K1 b - -,c6f3 a7a6 g8g7 a6a7 g7h6 a7f7 e8e1 g1f2 e1b1 f7f6
8/8/8/7p/4kB2/6P1/7K/r7 b - -,e4f3 f4e5 a1e1 e5c7 f3g4 h2g2 e1a1 c7b8 a1a2 g2f1
8/8/8/p6p/P5kP/2K5/8/8 b - -,e4f5 h2h3 a1b1 f4c7 b1h1 h3g2 h1c1 c7f4 c1c2 g2h3
2R5/4kp2/6p1/4r2p/4N2P/5KP1/8/8 b - -,f7f5 e4g5 e5b5 c8c6 b5b3 f3g2 b3b4 c6e6 e7d7 g2f3
r1b1k2r/2q1bppp/p1p2n2/4p3/2N1P3/3B4/PPP3PP/R1B1QR1K b kq -,f6h5 c1d2 h5f4 d2a5 c7b8 c4b6 a8a7 b6c8 b8c8 e1f2
k4r2/p4N1p/2p1P3/5n2/1bp2B2/8/PP3KPP/3R4 b - -,b4c5 f2e1 c5b6 f4g5 f8e8 e6e7 b6a5 e1e2 h7h6 g5f6
8/1pp5/2p1kpp1/p5Pp/4PK1P/5P2/PPP5/8 b - -,e6e7 g5f6 e7f6 e4e5 f6g7 f4g5 c6c5 e5e6 c5c4 e6e7
8/8/8/5k1p/1K5P/5P2/8/8 b - -,
4k3/p7/2p5/5B2/1p6/8/PPK5/8 b - -,c6c5 b2b3 e8e7 c2d3 e7f6 f5e4 f6e5 e4g2 e5f5 d3c4
8/pp6/4k1p1/5P1p/6PP/4K3/P7/8 b - -,e6e5 f5g6 e5f6 g4h5 f6g7 e3e4 g7f6 e4d4 a7a6 d4c5
8/8/5k2/pp5p/4KP1P/P7/8/8 b - -,f6e6 e4d4 e6f5 d4c5 f5f4 c5d4 f4g4 d4c5 b5b4 a3b4
2r2rk1/p5pp/2p2R1n/2P2q2/2BP1p2/5N1P/P4PP1/2Q3K1 b - -,f5e6 f6f8 g8f8 c4e6 c8d8 c1f4 f8e8 f4c7 g7g5 g1h2
8/5p2/R2N4/4k2p/7r/8/5P2/5K2 b - -,h4f4 d6e8 e5f5 e8f6 f5g5 f6d5 f4g4 d5e3 g4f4 a6a5
5rk1/p5pp/2pb1P2/q2p4/2p2P2/2P1P2P/PKB1Q3/3R3R b - -,d6a3 b2b1 f8b8 c2b3 c4b3 d1c1 b3a2 b1a1 a5b6 e2a2
8/8/8/7p/4kB2/6P1/6K1/r7 b - -,a1a2 g2h3 a2b2 f4c1 b2b1 c1f4 e4f5 f4c7 b1h1 h3g2
rn1qr1k1/1p3pbp/p1p1b1p1/5p2/3P4/2NBQN2/PPP2PPP/R4RK1 b - -,e6d5 e3f4 d5f3 g2f3 g7d4 a1e1 d4c3 b2c3 b8d7 e1e8
8/8/8/p6p/P1K4k/8/8/8 b - -,c6c5 d4c5 b8d7 f1e1 d8c7 d3f1 d7c5 f3g5 c7c6 e3f4
2k5/1p6/1P1K4/8/1P3B2/8/8/8 b - -,c8d8 d6e6 d8c8 f4e5 c8d8 e5f6 d8c8 f6c3 c8d8 e6f6
rn1qk2r/p1pb1ppp/4p3/3n4/2QP4/3B1N2/P4PPP/R1B2RK1 b kq -,e8h8 c4c2 f7f5 c1a3 f8e8 f1e1 a7a6 c2d2 h7h6 d3c4
r3kr2/2Q4p/1np1pB2/p1b1p3/4P3/8/PPP3PP/3R1R1K b - -,e8h8 c4c2 f7f5 c1a3 f8e8 f1e1 a7a6 c2d2 h7h6 d3c4
6k1/6p1/pr3p1p/8/1P1R4/6PK/5P2/8 b - -,g8f8 d4c4 f6f5 f2f4 f8e7 c4c7 e7f6 c7d7 g7g6 d7d8
1r1r2k1/2n2pp1/1p1q3p/4p3/2Qp4/3P2P1/1PRNPPKP/R7 b - -,c7e6 a1a7 d8d7 a7d7 d6d7 c4c6 d7c6 c2c6 e6d8 c6d6
8/8/8/7p/5k1P/2K2P2/8/8 b - -,
r1bq1rk1/1p2ppbp/B1pp1np1/p7/P2PP3/2N1BN1P/1PP2PP1/R2QK2R b KQ -,c8h3 h1h3 a8a6 d1e2 d8b6 b2b3 f6g4 e3d2 h7h5 e1f1
5k2/p7/2p5/8/1p2B3/8/PPK5/8 b - -,c6c5 c2b3 f8e7 b3c4 e7d6 e4d5 a7a6 d5g2 b4b3 a2b3
8/pp6/4k3/5p1P/7P/4K3/P7/8 b - -,
r3k2r/1p1qbpp1/p2p4/3Pp3/2P3np/4B3/PP2NPB1/2RQ1R1K b kq -,g7g6 e2c3 g4f6 c4c5 d7f5 f1g1 e8f8 g2f1 a8c8 g1g5
5b2/NP1B1pkp/6p1/3pp1B1/4n3/7P/1r3PP1/2R3K1 b - -,b2b7 d7c6 b7a7 g5e3 a7a5 e3b6 a5a6 b6c7 f8d6 c6d5
8/2p5/pp3kp1/7p/1P2PKbP/PN3nP1/8/8 b - -,g6g5 h4g5 f3g5 f4e3 g5f7 b3c1 f7e5 e3d4 f6e6 c1b3
8/1p3kp1/1P2bp2/2B4p/1P1R4/2r4P/5PPK/8 b - -,
r1q1k2r/1b1nbpp1/1pn1p2p/p1ppP2N/3P4/2PB1N2/PP2QPPP/R1BR2K1 b kq -,g7g6 h5g3 b7a6 c1e3 a6d3 e2d3 g6g5 h2h3 c8a6 d3d2
rn1q1rk1/3p1pP1/p3p1b1/8/2PB4/PP4PQ/5P1P/R5K1 b - -,f7f6 h3h8 g8f7 g7f8r d8f8 h8f6 f7e8 f6g6 f8f7 g6h6
8/8/8/7p/3K3P/5Pk1/8/8 b - -,
8/1p5p/2r3p1/R1n1p1k1/1N2P3/3BP3/4K1PP/8 b - -,c6c8 b4d5 h7h5 d5b6 c8c6 a5b5 h5h4 d3c4 h4h3 g2h3
5b2/3N2p1/p1p5/1k6/8/1K6/P5P1/8 b - -,f8d6 a2a4 b5a5 g2g4 d6e7 d7e5 a5b6 b3c4 b6c7 e5f3
rnbqk1nr/4ppbp/2pp2p1/pp6/3PP1P1/2N1BP2/PPPQ3P/R3KBNR b KQkq -,b8d7 h2h4 h7h5 g4h5 h8h5 g1e2 b5b4 c3a4 g8f6 e2f4
5k2/5p2/3N2p1/1R5p/5K1P/6P1/8/4r3 b - -,e1d1 b5b8 f8g7 d6e8 g7h6 f4e5 d1f1 e8d6 h6g7 b8b7
r2q1rk1/4ppbp/3pb1pP/4n1P1/4P3/1P3P2/1BPQ4/1K1R1BNR b - -,e5c4 f1c4 g7b2 b1b2 e6c4 g1h3 c4e6 d2d4 f7f6 h3f4
1qrr2k1/3n1ppp/bp1N1n2/p1pP4/8/NP4P1/PBQ2PBP/R3R1K1 b - -,b6b5 d6c8 d8c8 c2d2 b5b4 a3c2 c8e8 e1e8 f6e8 a1e1
5k2/p7/8/2p5/1p2B3/1K6/PP6/8 b - -,f8g7 b3c4 g7h6 c4c5 h6g5 e4d5 g5h6 c5b4 h6g7 b4b5
8/8/8/7p/7k/4KP2/8/8 b - -,
r1bqk1nr/1p1n1p2/4p3/pP1pP1bp/3N2p1/P7/1BP1QPPP/RN2KB1R b KQkq -,d7b6 a3a4 b6c4 b2c3 d8c7 b5b6 c7b6 d4b5 c8d7 b1a3
r1bqnrk1/pp2b2p/2p1p1p1/2p1P3/2P2P1P/2NB1QN1/PP4P1/R3K2R b KQ -,e8g7 e1a1 d8e8 g3e4 b7b5 g2g4 e8f7 c3e2 c8b7 f3h3
2n3k1/7p/R5p1/2b5/1p1QPnN1/1P4qP/8/5K2 b - -,e8g7 e1a1 d8e8 g3e4 b7b5 g2g4 e8f7 c3e2 c8b7 f3h3
8/8/5k2/7p/1p1K3P/5P2/8/8 b - -,
r1bqrbk1/4np1p/p5P1/2ppP3/1p4P1/P1NBPP2/1PQB4/2KR3R b - -,b4a3 g6f7 g8f7 h1h7 f8g7 b2a3 e8h8 c3d5 e7d5 d3c4
8/8/8/6k1/5pp1/7p/5K2/2R5 b - -,
8/8/8/7p/4kB2/6PK/8/1r6 b - -,b1h1 h3g2 h1d1 g2h3 e4f5 f4c7 d1d2 c7b8 d2d7 b8f4
4R3/2q3pk/7p/4Qb2/8/8/5PPP/3R3K b - -,c7e5 e8e5 f5c2 d1d7 c2b3 e5e7 h7g6 d7d6 g6f5 d6b6
3q3r/3rkp2/1p2b1pp/pR1pPp2/P1pP1PP1/2P2B2/2P3QP/1R5K b - -,e7f8 g4f5 e6f5 b5b6 f8g7 b6f6 g7f8 f6f5 g6f5 b1g1
8/8/8/7p/5P2/4K1k1/8/8 b - -,
8/8/8/5k1p/1pK4P/5P2/8/8 b - -,
3rr1k1/pb4p1/1p1b4/2pP1P1p/q6P/1N3BP1/P1Q4K/R1B4R b - -,f5e6 c4b4 e6e5 b4c3 e5f4 c3d3 f4f3 d3d2 f3f4 d2e2
8/p5k1/8/2p5/1pK1B3/8/PP6/8 b - -,g7f6 c4c5 f6e6 c5b4 e6e5 e4d3 e5f4 d3c4 f4e3 b4b5
6k1/2p2p2/Q1P3p1/8/3pP3/4bPp1/3pK1P1/1R1R3q b - -,
4rr2/1p5k/p4P1p/2pqP3/3p4/3Q3P/PP6/4RRK1 b - -,h7h8 g1h2 f8g8 d3d2 g8g6 e5e6 e8e6 f6f7 d5d6 d2f4
r3k2r/1p1qbpp1/p2p4/3Pp3/2P3np/4B3/PP2NPB1/2RQ1RK1 b kq -,f7f5 g2h3 g7g5 h3g4 f5g4 d1d3 e8a8 e3a7 h8f8 b2b4
2r2rk1/p5pp/2p4n/2P1Rq2/2BP1p2/5N1P/P4PP1/2Q3K1 b - -,f5e6 c4e6 g8h8 e6c8 h6g8 c8e6 g7g5 f3g5 h7h5 g1h2
5k2/5p2/4r1p1/1R5p/2N2K1P/6P1/8/8 b - -,e6e1 c4e5 e1f1 e5f3 f8g8 b5b7 f1f2 b7d7 f2f1 f4e4
8/pp6/4k1p1/7P/7P/P3KP2/8/8 b - -,g6h5 e3e4 b7b5 e4d4 e6f5 d4d5 f5f4 d5c5 f4f3 c5b5
br1r2k1/3n1p2/B2b1np1/Q3p1Np/4P2P/4BPP1/NPP5/1K2R3 b - -,d6f8 e3a7 a8d5 a7b8 d8b8 e4d5 e5e4 b2b4 b8a8
5rk1/p5pp/2p2P2/q2p4/2p2P2/b1P1P2P/P1B1Q3/K2R3R b - -,d6f8 e3a7 a8d5 a7b8 d8b8 e4d5 e5e4 b2b4 b8a8
8/6pk/7p/4Rb2/8/8/5PPP/3R3K b - -,f5c2 d1d7 c2b3 e5e7 h7g6 d7d6 g6f5 d6b6 b3c4 e7g7
8/8/8/7p/1K3k1P/5P2/8/8 b - -,
8/8/8/5P2/7p/4K1k1/8/8 b - -,h4h3 f5f6 h3h2 f6f7 h2h1q f7f8q h1e1 e3d3 e1d1 d3c4
r2qkb1r/pp2nppp/2n1p3/1BPpPb2/8/2P1B3/PP3PPP/RN1QK1NR b KQkq -,h7h6 b1d2 d8a5 a2a4 a5c7 g1f3 a7a6 b5c6 e7c6 e1h1
k4r2/5Nnp/p1p1P2B/2b5/2p3P1/8/PP5P/3RK3 b - -,f8g8 h6g7 g8g7 d1d8 a8b7 d8d7 b7b6 e6e7 c5e7 d7e7
8/p7/5k2/2K5/1p2B3/8/PP6/8 b - -,f6e7 c5b4 e7e6 b4b5 e6d6 b5a6 d6e5 a6a7 e5e4 a7b6
r3rbk1/pp1n1pp1/5nbp/q2ppN2/4P1P1/1P1P3P/PBN2PB1/R2Q1RK1 b - -,d5d4 b3b4 a5a4 a2a3 a7a5 f2f4 g6f5 e4f5 a5b4 c2b4
8/pp6/4k3/7p/4K2P/P4P2/8/8 b - -,b7b5 e4d4 e6f5 d4c5 f5f4 c5c6 f4g3 f3f4 g3g4 f4f5
rn1q1rk1/3p1ppp/p3pP2/7R/2PBb1Q1/PP4P1/5P1P/R5K1 b - -,d8f6 d4f6 e4g6 f6c3 b8c6 h5c5 a8c8 h2h4 d7d5 c5c6
k4r2/5N1p/p1p1P3/2b2n2/2p2BP1/8/PP5P/3RK3 b - -,f5g7 f4h6 f8g8 h6g7 g8g7 d1d8 a8b7 e6e7 c5e7 d8d7
r1bq1rk1/p3b1np/2p1p1p1/1pp1P3/2P2P1P/2N2QN1/PPB3P1/2KR3R b - -,d8b6 h4h5 g6g5 c4b5 c5c4 h5h6 g7f5 g3f5 e6f5 f3c6
8/8/8/PK6/5k2/7p/8/8 b - -,d8b6 h4h5 g6g5 c4b5 c5c4 h5h6 g7f5 g3f5 e6f5 f3c6
2r1r1k1/p1q2pbp/1pn2np1/2PpP3/1P6/P2BPQ1P/2PBN1P1/R2R2K1 b - -,c6e5 f3f2 b6c5 b4c5 c7c5 d2b4 c5b6 a1b1 e5c4 d3c4
r3k2r/1p1qbpp1/p2p4/3Pp3/2P3n1/4BB1p/PP2NP2/2RQ1RK1 b kq -,f7f5 e2g3 g4e3 f3h5 e8d8 f2e3 d8c7 h5g6 f5f4 e3f4
rn3rk1/3p1ppp/p3pP2/q7/2PB4/PP4P1/5PbP/R2QR1K1 b - -,g7f6 g1g2 a5f5 e1e3 e6e5 d4c3 f8d8 e3f3 f5e6 f3d3
1rr3k1/1p1n1pp1/2p1pb1p/p4b2/P2P4/R1N1PN2/1P2BPPP/2R3K1 b - -,e6e5 c1d1 c8d8 g1f1 g8f8 h2h3 e5d4 f3d4 f6d4 d1d4
4r1k1/R6p/5bp1/8/1p6/1PP2P2/3P3P/1N4K1 b - -,b4c3 d2c3 e8e1 g1g2 e1b1 a7a8 g8g7 a8a7 g7h6 a7f7
8/2BP1kp1/5n1p/8/2p5/2N1K3/6bP/8 b - -,f6d7 e3d4 g2f1 c3e4 d7f8 c7g3 f8e6 d4c3 e6g5 e4d2
r1bq1rk1/pppn1pb1/3ppnpp/8/2PPP3/4B1PP/PP2NPB1/RN1QK2R b KQ -,a8b8 d1d2 b7b5 c4b5 a7a6 e3h6 a6b5 e1h1 c7c5 h6g7
r1b2rk1/1p3pp1/2nq1n1p/3Np3/p1Pp4/P4NP1/1PQ1PPBP/2RR2K1 b - -,f8e8 d5b6 a8a5 b6c8 e8c8 e2e3 c8d8 c4c5 d6c7 e3d4
8/p3k3/8/8/1K2B3/8/PP6/8 b - -,e7e8 b4b5 e8d8 b5a6 d8c8 e4d5 c8c7 d5c4 c7d6 b2b3
rnbqk1nr/4ppbp/2pp2p1/1p6/p2PP1P1/P1N1BP2/1PPQ3P/R3KBNR b KQkq -,b8a6 d4d5 c8d7 d5c6 d7c6 g1e2 b5b4 a3b4 a6b4 e2d4
r1b2rk1/pp1pppbp/6p1/3BP1B1/3N4/1Q6/P4PPP/qN3RK1 b - -,d7d6 b1c3 a1f1 g1f1 e7e6 d5e4 d6e5 d4e2 f7f5 e4c2
6k1/4n1p1/Q1pq1p1p/4pP2/1P6/2P2NPP/1P3P1K/8 b - -,g8h7 a6e2 e7f5 f3d2 f5e7 d2e4 d6d5 e4c5 f6f5 g3g4
8/8/P7/1K6/5k2/8/7p/8 b - -,g8h7 a6e2 e7f5 f3d2 f5e7 d2e4 d6d5 e4c5 f6f5 g3g4
r1bq1rk1/ppp1nppB/1n2p3/4P3/2PP4/B4N2/P4PPP/R2Q1RK1 b - -,g8h7 f3g5 h7h6 d1g4 e7f5 a3c1 h6g6 g5e6 g6h7 e6d8
4rr2/4b1k1/1q4P1/p2p1p2/1p3Q2/5NN1/PPP2P2/1K5R b - -,b6g6 g3h5 g7g8 h1g1 g6g1 f3g1 f8f7 g1f3 e7d8 f4g3
r1bqk1nr/pppnbppp/3pp3/8/3PP3/3B1N2/PPP2PPP/RNBQK2R b KQkq -,c7c5 c2c3 b7b6 e1h1 c8b7 b1d2 g8f6 f1e1 e8h8 d2f1
1R4k1/2p2p2/2P3p1/8/3pPb1q/5Pp1/3pQ1P1/3R2K1 b - -,g8g7 e2c4 h4h2 g1f1 h2h1 f1e2 h1g2 e2d3 g2f3 d3c2
r3k2r/1p1qbpp1/p2p4/3Pp3/2P5/4PB1p/PP2N3/2RQ1RK1 b kq -,e7g5 g1h1 g5e3 c1c3 e3a7 e2g3 h8h4 b2b4 a7d4 c3c2
r1b1k2r/pp2b2p/1qn1pp1p/3pP3/1P6/2P2N2/P1QN1PPP/R3KB1R b KQkq -,c6e5 f1e2 e5g6 a2a3 e8h8 c3c4 g6f4 e2f1 d5c4 c2c4
1r4k1/p5pp/2p2P2/q2p4/2p2P2/bBP1P2P/P3Q3/1K1R3R b - -,c4b3 d1c1 b3a2 b1a1 a5b6 e2a2 a3b2 a1b1 b2c1 b1c1
7k/1pB3p1/1p4np/8/1PP2p2/8/6PP/6K1 b - -,h8h7 g1f2 h7g8 f2f3 g8f7 c7f4 g6h4 f3f2 b6b5 c4b5
r1bqrbk1/4n2p/p5p1/2pNP3/1p4P1/P2BPP2/1PQB4/2KR3R b - -,g8h8 d5f6 h7h6 d3g6 e7d5 g6e8 d5f6 e8c6 f6g4 c6a8
rn1q1rk1/p1pb1ppp/4p3/3n4/3P4/3B1N2/P1Q2PPP/R1B2RK1 b - -,d5f6 f3e5 d7c8 c1g5 d8d5 g5f6 c8b7 e5f3 g7f6 a1b1
8/p7/4k3/1p5p/4KP1P/P7/8/8 b - -,a7a6 e4e3 e6f5 e3f3 a6a5 f3e3 b5b4 a3a4 f5g4 e3e4
R7/pb6/2p5/1p4R1/5p1k/8/PPB5/2K5 b - -,h4g5 a8b8 b7a6 c1d2 b5b4 b8g8 g5f6 g8f8 f6g5 c2d3
br1r1bk1/3n1p2/B4np1/4p1Np/4P2P/4BPP1/NPPR4/1K2R3 b - -,g8g7 a6c4 d8c8 c4f7 d7c5 a2c3 b8b4 f7a2 c8b8 b2b3
8/8/p4kp1/2N4p/4PKbP/P4nP1/8/8 b - -,a6a5 c5b3 a5a4 b3c5 f3d4 e4e5 f6f7 c5a4 d4b5 a4c5
4k3/p7/8/1K6/4B3/8/PP6/8 b - -,e8f8 e4d5 f8g7 b5a6 g7h6 d5c4 h6h5 a6a7 h5g4 b2b3
8/P7/8/1K6/5k2/8/8/7q b - -,e8f8 e4d5 f8g7 b5a6 g7h6 d5c4 h6h5 a6a7 h5g4 b2b3
1r2r3/3n1pkp/b2p2p1/qB1Pp3/N3P3/2Q5/P4PPP/1R3RK1 b - -,b8b5 c3a5 b5a5 a4b2 a6f1 b1f1 e8c8 a2a4 a5a8 h2h4
rnb1kbnr/pp2pppp/5q2/2p5/2PP1P2/8/PP2N1PP/RNBQKB1R b KQkq -,b8a6 d4d5 c8d7 b1c3 e8a8 c1e3 e7e6 d1d2 g8h6 e1a1
r1r3k1/p4ppp/b1p1p3/2BpPn2/P2P4/2q2N2/5PPP/R2QR1K1 b - -,f5h6 e1e3 c3b2 h2h3 h6f5 e3e1 c8e8 g2g4 f5e7 a1b1
r2qkb1r/2p3pp/p1Pp1n2/5b2/p2Np3/8/PPP2PPP/RNBQ1RK1 b kq -,f5g4 f2f3 e4f3 f1e1 f8e7 g2f3 g4c8 d1e2 e8f7 d4e6
1R6/pb6/2p5/1p4k1/5p2/8/PPB5/2K5 b - -,b7a6 c1d2 g5f6 b8f8 f6e5 f8f5 e5d6 f5f4 d6c5 d2e3
1R6/2p2pk1/2P3p1/8/2QpPb1q/5Pp1/3p2P1/3R2K1 b - -,h4h2 g1f1 h2h1 f1e2 h1g2 e2d3 g2f3 d3c2 f3e4 c2b2
8/3R2pk/7p/4R3/8/8/2b2PPP/7K b - -,h7g6 e5b5 g6f6 b5b6 f6e5 d7g7 e5d4 h2h4 h6h5 g7d7
k4r2/4nN1p/p1pRP3/8/2p3P1/8/PP5P/4K3 b - -,f8e8 e1d2 e7d5 d6c6 a8b8 c6a6 b8c7 f7e5 d5b6 e6e7
r1bqkbnr/pp3ppp/4p3/n2pP3/3P1P2/5N2/PP4PP/RNBQKB1R b KQkq -,c8d7 b1c3 f8b4 f1d3 a8c8 e1h1 b4c3 b2c3 g8e7 c1d2
4rrk1/1b1nq1pp/pp1b4/2pp1p2/P2PnN2/1P1BPN2/1BR2PPP/3Q1RK1 b - -,e8d8 a4a5 g7g5 f4e2 g5g4 f3e5 d6e5 d4e5 d7e5 b2e5
8/p7/4k3/1p5p/3K3P/P4P2/8/8 b - -,e6f5 d4d5 f5f4 d5c5 f4g3 f3f4 g3g4 f4f5 g4f5 c5b5
r1bqk2r/pppp1ppp/6n1/4N3/1b6/2N5/PPPBPPPP/R2QKB1R b KQkq -,g6e5 e2e4 d7d6 f1e2 e8h8 e1h1 f8e8 a2a3 b4c5 g1h1
r1b1rk2/1p4pp/1Pp1qp2/3Pn3/1P3B2/2Q5/3RBPPP/5RK1 b - -,c6d5 c3c5 e6e7 d2d5 c8e6 d5d6 e6f7 f1c1 g7g5 f4e5
r4rk1/p6p/2b2bp1/2p5/1P6/1PP2N2/3P2PP/RN3RK1 b - -,f8b8 b4c5 b8b3 f3d4 f6d4 c3d4 a8d8 f1f6 c6e8 f6e6
r5k1/p4rpp/2n5/4p3/8/4B2P/PPP1K1P1/R6R b - -,c6d4 e3d4 e5d4 a1c1 a8e8 e2d3 f7f2 h1e1 e8b8 b2b3
4r1k1/pB1p1p1p/1pp2bpB/5r2/3P4/2P3Q1/PP1N3P/4R1RK b - -,e8e5 d4e5 f6g7 h6g7 g8g7 e1f1 f5h5 g3f4 h5h2 f4h2
8/8/8/7p/4kB2/6P1/7K/1r6 b - -,e4f3 f4e5 f3g4 e5c7 b1c1 c7d6 c1a1 d6b8 a1a2 h2h1
5k2/p7/K7/8/4B3/8/PP6/8 b - -,b1b2 h2h3 e4f5 f4c7 b2c2 c7f4 c2c6 f4e3 c6c3 e3f4
rn1q1rk1/p1pb1pp1/4p2p/3n4/3P4/B2B1N2/P1Q2PPP/R4RK1 b - -,b8c6 d3h7 g8h8 a3f8 d8f8 h7e4 f8d6 f1c1 c6e7 a1b1
3rr1k1/pb4p1/1p1b4/2pP1P1p/q6P/1N3nPK/P1Q3B1/R1B4R b - -,b8c6 d3h7 g8h8 a3f8 d8f8 h7e4 f8d6 f1c1 c6e7 a1b1
r4rk1/1p1nbpp1/p3pn1p/2Pp1b2/B2P1B2/2N1PN1P/1P3PP1/R3K2R b KQ -,f8d8 e1h1 d8c8 f1c1 g8f8 g2g4 f5g6 f3e5 d7e5 f4e5
r3kb1r/p2bQ2p/6p1/1pp5/8/1P6/P1PP2PP/RN2K1NR b KQkq -,f8e7 g1f3 e7f6 c2c3 e8h8 e1h1 b5b4 a2a3 d7b5 f1c1
8/Pq6/8/8/2K2k2/8/8/8 b - -,e8e7 b1c3 f8g7 e1a1 d7c6 g1f3 a8e8 d1e1 e7d7 h1f1
8/p7/8/1pK2k1p/7P/P4P2/8/8 b - -,f5f4 c5c6 f4f3 c6b5 f3g4 b5a6 g4h4 a6a7 h4g4 a7b8
rnbqk2r/ppp1bppp/5n2/8/3p4/2PP1N2/PP2BPPP/RNBQ1RK1 b kq -,c7c5 c3d4 c5d4 d1a4 b8c6 f3e5 c8d7 e5d7 f6d7 b1d2
2rq1rk1/pp1bppbp/3p1np1/4n3/3NP1P1/1PN1B2P/P1PQ1PB1/2KR3R b - -,d8a5 c3d5 a5a3 c1b1 f6d5 e4d5 f7f5 e3h6 e5d3 d2d3
2r5/1p5p/6p1/R1n1p1k1/1NB1P3/4P3/4K1PP/8 b - -,b7b6 a5b5 g5h6 b5b6 c5e4 b6c6 c8b8 b4d3 e4c3 e2d2
3q1k1r/3r1p2/1p2b1pp/pR1pPP2/P1pP1P2/2P2B2/2P3QP/1R5K b - -,e6f5 b5b6 f8e7 b6b5 h8e8 f3d5 e7f8 d5e4 f5e4 g2e4
8/8/8/7P/8/6K1/4r3/4kR2 b - -,
7k/5pNp/b7/2R5/8/8/5PPP/6K1 b - -,h8g7 f2f3 a6d3 g1f2 h7h6 f2e3 d3g6 e3f4 g6h7 g2g4
r1b2rk1/p3b1np/2p1p3/qpp1P3/2P2P1P/2N2QN1/PP4P1/1BKR3R b - -,b5b4 c3e4 g7f5 e4g5 h7h6 g3h5 b4b3 a2a3 a5a4 f3e4
1R6/2p2pk1/2P3p1/8/2QpPb2/5Pp1/3pK1P1/3R3q b - -,h1g2 e2d3 g2f3 d3c2 f3e4 c2b3 g3g2 b3a4 e4e3 b8b1
2r1r1k1/p1q2pbp/1p3np1/2Ppn3/1P6/P2BP2P/2PBNQP1/R2R2K1 b - -,b6c5 b4c5 c7c5 d2b4 c5b6 a1b1 e5c4 b4c3 b6e3 f2e3
8/K3k3/8/8/4B3/8/PP6/8 b - -,b6c5 b4c5 c7c5 d2b4 c5b6 a1b1 e5c4 b4c3 b6e3 f2e3
8/8/3B4/7p/8/5kP1/7K/1r6 b - -,f3g4 d6e5 b1c1 h2g2 c1c2 g2h1 g4h3 h1g1 c2c4 g1f2
r1b1k2r/pp2b1pp/1qn1pp1B/3pP3/1P6/2P2N2/P1Q2PPP/RN2KB1R b KQkq -,g7h6 b1d2 c6e5 f1e2 e5g6 e1h1 e6e5 c3c4 e5e4 f3e1
r5k1/p4rpp/8/4p3/1n6/2P1B2P/PP2K1P1/R6R b - -,b4d5 h1d1 d5f4 e3f4 e5f4 a1c1 a7a5 b2b3 f7b7 d1d5
8/p7/8/1K5p/5k1P/P4P2/8/8 b - -,f4g3 b5c4 g3h4 c4d3 h4g3 d3e4 h5h4 f3f4 h4h3 f4f5
rnbqk1nr/4ppbp/2pp2p1/p7/1p1PP1P1/4BP2/PPPQ3P/R2NKBNR b KQkq -,a5a4 d2b4 g8f6 b4d2 h7h5 g4h5 f6h5 g1e2 b8d7 h1g1
8/3R2R1/5k1p/8/8/8/2b2PPP/7K b - -,h6h5 h2h4 c2d3 d7f7 f6e6 f7b7 e6d5 b7b6 d5c5 b6f6
1R6/2p2pk1/2P3p1/8/2QpPb2/3K1Pp1/3p2q1/3R4 b - -,g2f3 d3c2 f3e4 c4d3 e4c6 c2b3 f4e3 d1d2 c6d5 b3b2
4rrk1/1b1nq2p/pp1b4/2pp1pp1/P2PBN2/1P2PN2/1BR2PPP/3Q1RK1 b - -,g5f4 d4c5 f5e4 c5d6 e7d6 f3h4 f4f3 g2f3 e8c8 c2c8
8/5pkp/b7/6R1/8/8/5PPP/6K1 b - -,g7h8 g5c5 a6d3 f2f3 h8g7 g1f2 f7f6 g2g4 h7h6 f2g3
rnbqk2r/pp3p2/2p1p2p/6p1/2BP4/2b2NB1/P4PPP/1R1Q1RK1 b kq -,d8e7 f3e5 b8d7 e5d7 e7d7 g3e5 h8f8 b1b3 f7f6 d1h5
r1bqkbnr/pp3ppp/4p3/nB1pP3/3p1P2/2P2N2/PP4PP/RNBQK2R b KQkq -,
r5k1/p4rpp/8/4p3/8/2P1B2P/PPn1K1P1/3R3R b - -,c2e3 e2e3 a7a5 d1d5 a5a4 d5e5 a8b8 h1b1 b8c8 b1c1
8/p7/2K5/1p5p/5k1P/P4P2/8/8 b - -,f4g3 f3f4 g3f4 c6b5 f4g3 b5a6 g3h4 a6a7 h4g4 a3a4
3r1rk1/1bp1qpp1/pp2p2p/2bpPP2/3Nn3/1P1BP2Q/PBP3PP/R4RK1 b - -,c5d4 f5f6 d4e3 h3e3 e7b4 f1f4 g7g5 f4g4 g8h7 a2a3
8/8/1K1k4/8/4B3/8/PP6/8 b - -,c5d4 f5f6 d4e3 h3e3 e7b4 f1f4 g7g5 f4g4 g8h7 a2a3
r2q1rk1/pb3ppp/1pnbpn2/2ppN3/3P4/2P1PNB1/PP2BPPP/R2QK2R b KQ -,c6e7 a2a4 e7f5 a4a5 b6a5 d1a4 d8b6 d4c5 d6c5 a4a5
2r2r1k/p5pp/2p4n/2P2R2/2BP1p2/5N1P/P4PP1/2Q3K1 b - -,f8e8 f5f4 c8c7 f3g5 a7a5 g1h2 c7a7 c1c2 g7g6 c2c3
r1b1k2r/pp2b1pp/1qn1pp1n/3pP3/1P3B2/2PB1N2/P1Q2PPP/RN2K2R b KQkq -,b6c7 e5f6 c7f4 f6e7 e6e5 d3e2 e5e4 c2d2 f4f6 f3d4
k4r2/p4N1p/2p1P3/5n2/1bp2BP1/8/PP3K1P/7R b - -,f5d4 f4h6 f8e8 f7g5 d4e6 g5e6 e8e6 h6f4 b4d6 f4d6
2kr3r/ppp2pp1/2p5/2b4p/4P3/2NP1PP1/PPP4P/R1B2K2 b - -,c5d4 h2h4 c6c5 c3b5 a7a6 b5d4 c5d4 c1f4 h8e8 a2a4
8/8/8/4B2p/6k1/6P1/7K/1r6 b - -,b1d1 e5c7 d1d2 h2g1 g4h3 c7f4 d2c2 g1f1 c2c4 f4b8
r5k1/p4rpp/8/4p3/8/2P1K2P/PP4P1/3R3R b - -,a7a5 d1d5 f7b7 b2b3 a8c8 e3d3 a5a4 d3c2 a4b3 a2b3
8/p7/2K5/1p5p/5P1P/P5k1/8/8 b - -,g3g4 f4f5 g4f5 c6b5 f5g4 b5a6 g4h4 a6a7 h4g5 a3a4
8/8/4pRp1/4P3/5r1P/6k1/4K3/8 b - -,
r1bq1r2/ppp1npp1/1n2p1k1/4P1N1/2PP2Q1/B7/P4PPP/R4RK1 b - -,f7f5 e5f6 g6f6 a1e1 c8d7 g4h5 e7g6 a3f8 d8f8 g5h7
r2qkbnr/1p3ppp/p3p3/2Ppn3/1P6/2P3QP/P4PP1/RNB1KB1R b KQkq -,e5c6 f1e2 g7g6 b1d2 f8g7 a1b1 g8e7 e1h1 e7f5 g3d3
r1b5/p3qkn1/2p1p2Q/1p4N1/8/6p1/PPB5/2KR4 b - -,e5c6 f1e2 g7g6 b1d2 f8g7 a1b1 g8e7 e1h1 e7f5 g3d3
1R6/2p2pk1/2P3p1/8/2QpPb2/5qp1/2Kp4/3R4 b - -,f3e4 c2b2 g3g2 b8d8 f4e3 c4d5 e4d5 d8d5 g2g1q d1g1
4rrk1/1b1nq2p/pp1b4/2Pp2p1/P3pN2/1P2PN2/1BR2PPP/3Q1RK1 b - -,e4f3 c5d6 e7d6 d1d4 d7e5 f4d3 f3g2 g1g2 e8e7 d3e5
8/R5p1/p3kp1p/7P/6P1/8/r4PK1/8 b - -,
rn1qk2r/pbppnpbp/1p2p1p1/8/2BPP3/2N1BN1P/PPP2PP1/R2QK2R b KQkq -,d7d5 e4d5 e6d5 c4d3 e8h8 d1d2 c7c5 e3h6 c5c4 h6g7
8/4k3/1KB5/8/8/8/PP6/8 b - -,d7d5 e4d5 e6d5 c4d3 e8h8 d1d2 c7c5 e3h6 c5c4 h6g7
r1b2rk1/p3b1np/2p1p3/q1p1P3/2P1NP1P/Pp3QN1/1P4P1/1BKR3R b - -,a8b8 e4g5 h7h6 g3h5 a5a6 f3d3 g7f5 g2g4 h6g5 d3e4
4q1k1/1b3r1p/p4pp1/1p6/2P2n2/1P3N2/1B3PPP/R2Q3K b - -,b5c4 b3c4 e8c8 a1a3 c8g4 d1f1 f7d7 h2h3 d7d1 h3g4
r1b1k2r/pp2bnpp/1qn1pP2/3p4/1P3B2/2PB1N2/P1Q2PPP/RN2K2R b KQkq -,e7f6 e1h1 e6e5 f1e1 e5e4 f4e3 b6c7 e3c5 c6e7 d3e4
2kr3r/ppp2pp1/2p5/7p/3bP3/2NP1PP1/PPP1K2P/R1B5 b - -,c6c5 c3d5 d4e5 f3f4 e5d4 d5e7 c8d7 e7f5 g7g6 f5e3
5r2/pp2Qnk1/2p2p1p/P4R2/1r2P3/1B6/6PK/8 b - -,b4b3 e7f6 g7h7 f6e6 b3b5 f5f7 f8f7 e6f7 h7h8 e4e5
r2q1rk1/pp2p1bp/2npb1pn/8/2PN4/2N1B3/PP2BPPP/R2Q1RK1 b - -,e6c8 e2f3 c8d7 f1e1 g8h8 c4c5 h6f7 c5d6 e7d6 f3e4
2r1r1k1/p1q2pbp/1p3np1/2Pp4/1P6/P2PP2P/3BNQP1/R2R2K1 b - -,b6c5 b4c5 c7c5 a3a4 c5c2 e2f4 f6d7 a1c1 c2a4 f4d5
8/5R1R/8/4k2p/8/8/2b2PPP/7K b - -,c2g6 f7a7 e5f5 a7a5 f5f6 a5a6 f6f5 h7g7 h5h4 a6g6
r2qkbnr/pp1b1ppp/4p3/nB1pP3/Q2p1P2/2P2N2/PP4PP/RNB1K2R b KQkq -,a5c6 c3d4 g8e7 b1c3 e7f5 a4d1 a8c8 g2g4 f5h4 c1e3
8/pK6/8/1p5p/5PkP/P7/8/8 b - -,g4h4 f4f5 h4g5 f5f6 g5f6 b7c6 f6f5 c6d5 h5h4 d5c5
8/5kp1/7p/8/6n1/2K5/2pB3P/8 b - -,g4h2 c3c2 f7e6 d2c3 g7g5 c2d3 e6f5 d3e2 h2g4 e2f1
r2q1rk1/4ppbp/3pb1pP/4n1P1/4P3/1P2QP2/1BP5/1K1R1BNR b - -,d8c7 h6g7 f8c8 h1h2 c7a5 g1e2 e6b3 e3b3 c8b8 e2d4
8/8/1KBk4/8/P7/8/1P6/8 b - -,d8c7 h6g7 f8c8 h1h2 c7a5 g1e2 e6b3 e3b3 c8b8 e2d4
6k1/R5p1/p4p1p/r6P/3p4/6P1/1P3PK1/8 b - -,d4d3 a7d7 a5h5 d7d3 h5b5 d3d6 a6a5 d6a6 f6f5 a6a7
2k5/1p6/8/1P3K2/1P6/4B2n/8/8 b - -,d4d3 a7d7 a5h5 d7d3 h5b5 d3d6 a6a5 d6a6 f6f5 a6a7
r2qr1k1/4bpp1/p1n2n1p/1pp1pP2/3p4/2PP1Q1P/PPB2PPN/R1B1R1K1 b - -,d8d5 f3g3 g8h7 c1d2 a8d8 c3c4 d5d7 c2b3 d7f5 g3f3
4r1k1/5p2/6p1/p2P3P/1p4P1/2r5/q2Q4/1RRK4 b - -,d8d6 h2g4 a8d8 f3g3 f6g4 g3g4 e7f8 c1d2 d4c3 b2c3
8/7R/8/4k2p/8/8/5PPP/7K b - -,d8d6 h2g4 a8d8 f3g3 f6g4 g3g4 e7f8 c1d2 d4c3 b2c3
3q1k1r/3r1p2/1p4pp/pR1BPb2/P1pP1P2/2P5/2P3QP/1R5K b - -,d7d5 b5d5 d8h4 d5d6 f8g7 d6b6 h8d8 g2g3 h4h5 h1g1
8/p7/2K5/1p3P1p/6kP/P7/8/8 b - -,g4f5 c6b5 f5g4 a3a4 g4h4 a4a5 h4g5 b5a6 h5h4 a6a7
r1b1k2r/pp3npp/1qn1pb2/3p4/1P3B2/2PB1N2/P1Q2PPP/RN3RK1 b kq -,e6e5 f1e1 e5e4 f4e3 b6c7 e3c5 c6e7 d3e4 d5e4 c2e4
6k1/4n1p1/2p2p1p/3qpP2/1P6/2P2NPP/1P2QP1K/8 b - -,e7f5 c3c4 d5d6 e2c2 d6d7 c2e4 f5e7 e4e2 e7f5 g3g4
r1b1k1nr/pp2qppp/2nb4/2ppp3/4P3/3P1NP1/PPPN1PBP/R1BQ1RK1 b kq -,d5d4 f3h4 d6c7 h4f5 e7f8 b2b4 c6b4 f2f4 e5f4 d2c4
8/6R1/p3kp1p/7P/r5P1/8/5PK1/8 b - -,
2r5/7p/1p4p1/1Rn1p1k1/1NB1P3/4P3/4K1PP/8 b - -,g5h6 b5b6 c5d7 b6c6 c8c6 b4c6 h6g7 c4d5 g7f6 c6b4
1R3k2/5p2/3Nr1p1/7p/5K1P/6P1/8/8 b - -,f8e7 d6e4 f7f6 b8b7 e7f8 f4f3 e6a6 b7d7 a6a5 d7d6
r2q1b1r/1Pp2kpp/3p1n2/1p6/3N2b1/5p2/PPP3PP/RNB1QRK1 b - -,a8a6 h2h3 f3g2 f1f6 g7f6 h3g4 d6d5 b1c3 b5b4 c3e2
8/2B5/8/7p/6k1/6P1/7K/3r4 b - -,d1c1 c7d6 c1c6 d6e5 c6c2 h2h1 g4h3 h1g1 c2c4 e5d6
8/p7/8/1K3k1p/7P/P7/8/8 b - -,f5g4 b5a6 g4h4 a3a4 h4g3 a6a7 h5h4 a7b8 h4h3 a4a5
R7/p5k1/2p5/1p2p3/5q2/8/PPK5/8 b - -,f4a4 c2c1 a4a2 a8c8 b5b4 b2b3 g7f6 c8a8 f6g5 a8g8
8/4k3/1KB5/P7/8/8/1P6/8 b - -,f4c4 c2b1 c4d3 b1c1 a7a5 a8e8 d3c4 c1b1 c4e4 b1c1
r1b1kbnr/pp2pppp/n4q2/2pP4/2P2P2/8/PP2N1PP/RNBQKB1R b KQkq -,c8d7 b1c3 e8a8 d1b3 e7e6 c1e3 g8h6 e1a1 h6f5 e3f2
r1bqn1k1/pp1nb2p/2ppp1p1/4PN2/2P2PQ1/2NBB3/PP4P1/R3K2R b KQ -,e6f5 d3f5 d7e5 f5e6 c8e6 g4e6 e5f7 h1h7 e7h4 e1d2
1R6/2p2pk1/2P3p1/8/2Qpqb2/6p1/1K1p4/3R4 b - -,g3g2 b8d8 f4e3 c4d5 e4d5 d8d5 g2g1q d1g1 e3g1 b2c2
8/8/4K3/4B1k1/4N3/8/8/8 b - -,g5g4 e4d2 g4h3 e6f5 h3g2 e5d4 g2h3 f5g5 h3g3 d4b6
1r4k1/p4rpp/8/4p3/8/1PP1K2P/P5P1/3R3R b - -,f7f6 h1f1 a7a5 f1f6 g7f6 d1d7 a5a4 b3b4 f6f5 d7c7
8/8/4p3/4P3/6R1/6k1/8/6K1 b - -,
1k6/1p6/8/1P6/1P4K1/4B2n/8/8 b - -,g3g4 g1g2 g4f4 g2f2 f4e5 f2e3 e5f5 e3f3 e6e5 f3e3
r1b1kb1r/ppp2ppp/2n1p3/1Nqn4/Q3P3/1p3NP1/P2P1PBP/R1B2RK1 b kq -,d5b6 a4b3 c5e7 c1a3 e7d8 a3f8 h8f8 d2d4 a7a6 b5a3
8/5kp1/7p/8/3K3P/8/2pB1n2/8 b - -,f7g6 d4e3 f2g4 e3d3 g6h5 d3c2 h5h4 c2d3 g4f6 d2b4
8/pp3p2/3R2k1/8/1P4P1/P7/rr6/2K1R3 b - -,
r1b1k2r/pp3npp/1qn2b2/3pp3/1P3B2/2PB1N2/P1Q2PPP/RN2R1K1 b kq -,e5e4 f4e3 b6c7 d3e4 d5e4 c2e4 c6e7 e3c5 e8h8 c5e7
rn1qr1k1/p1pb1pp1/4p2p/3nN3/3P4/B2B4/P1Q2PPP/R4RK1 b - -,d8f6 a1e1 c7c5 a3c5 e8d8 e1e3 b8c6 e3f3 d5f4 e5d7
rnbqk2r/4ppbp/2pp1np1/p7/1p1PP1PP/4BP2/PPPQ4/R2NKBNR b KQkq -,a5a4 h4h5 g6h5 g4h5 a4a3 h5h6 g7f8 g1h3 b8d7 b2b3
r3kbnr/1bqppppp/npp5/p2P4/P1B1P3/2N2N2/1PP2PPP/R1BQK2R b KQkq -,e7e6 d5e6 d7e6 g2g3 g8f6 c1f4 c7c8 d1e2 f8b4 f4e5
r2qkbnr/pp1b1ppp/2n1p3/1B1pP3/Q2N1P2/2P5/PP4PP/RNB1K2R b KQkq -,a7a6 d4c6 a6b5 c6d8 b5a4 d8b7 g8h6 b1a3 d7c6 b7d6
r3r1k1/pp1n2pp/2p1q1b1/3n1p2/3Pp2N/P3P1PP/1PRBQPB1/1R4K1 b - -,g6f7 g3g4 f5g4 e2g4 d7f6 g4e6 f7e6 b1f1 a8d8 d2c1
8/8/8/7P/6K1/8/4r3/5k2 b - -,
r5k1/p2bq1n1/2p1pN1Q/1p6/8/6p1/PPB5/2KR4 b - -,f1g2 h5h6 e2e8 g4g5 e8d8 g5f6 g2g3 h6h7 g3f4 f6g7
8/8/3B4/7p/6k1/6P1/7K/2r5 b - -,c1c6 d6b4 c6c2 h2g1 g4h3 b4d6 c2c4 g1f1 c4g4 f1f2
8/p7/8/PK5p/7k/8/8/8 b - -,h4h3 b5a6 h3g3 a6a7 h5h4 a7b8 h4h3 a5a6 h3h2 a6a7
3R4/5pk1/3Nr1p1/7p/5K1P/6P1/8/8 b - -,e6f6 f4g5 f6f3 d6e8 g7f8 e8f6 f8e7 d8e8 e7d6 f6e4
k7/1p6/8/1P6/1P6/4B2K/8/8 b - -,e6f6 f4g5 f6f3 d6e8 g7f8 e8f6 f8e7 d8e8 e7d6 f6e4
8/8/8/6k1/5p2/5Kpp/8/2R5 b - -,
8/P7/1KB5/4k3/8/8/1P6/8 b - -,g5f5 c1c8 h3h2 c8f8 f5e6 f8e8 e6f7 e8e1 f7g6 f3g2
8/5Q1k/6p1/p7/4P1P1/2p2K1P/P2qP3/8 b - -,h7h6 h3h4 g6g5 h4g5 d2g5 f7e6 h6h7 e6d7 h7g8 d7c8
1r6/7p/1p4p1/1Rn1p1k1/2B1P3/3NP3/4K1PP/8 b - -,c5d3 e2d3 g5f6 b5d5 h7h5 h2h4 b8f8 d5d6 f6g7 d6b6
r1b1k2r/pp3npp/1qn2b2/3p4/1P2p3/2PBBN2/P1Q2PPP/RN2R1K1 b kq -,b6c7 d3e4 d5e4 c2e4 c6e7 e3c5 e8h8 c5e7 f8e8 e7d8
r1bqn1k1/pp1nb2p/2pp2p1/4PB2/2P2PQ1/2N1B3/PP4P1/R3K2R b KQ -,d7e5 f5e6 c8e6 g4e6 e5f7 e1a1 e8g7 e6h3 h7h6 h3g3
6k1/6p1/2p2p1p/3qpn2/1PP5/5NPP/1P2QP1K/8 b - -,d5d8 e2c2 f5e7 c2d2 d8c7 h3h4 h6h5 h2g1 g8f7 d2d3
1r1r2k1/5pp1/1p1qn2p/4p3/2QpN3/3P2P1/1PR1PPKP/R7 b - -,d6f8 c4b5 e6c5 e4d2 f8e7 b2b4 e7b7 g2g1 b7d7 b5d7
8/8/2r5/4B2p/6k1/6P1/7K/8 b - -,c6c2 h2h1 g4h3 h1g1 c2c4 g1f1 c4g4 f1f2 h3h2 e5c3
1k6/1p6/8/1P6/1P4K1/4B3/8/8 b - -,c6c1 h2g2 c1c2 g2f1 g4h3 e5d6 c2c1 f1f2 c1c4 d6b8
2R5/4rpk1/3N2p1/7p/5K1P/6P1/8/8 b - -,e7e1 c8c7 e1f1 f4e3 g7g8 c7c8 g8g7 e3e2 f1g1 e2f2
r5k1/p4ppp/b1p1p3/2BpPn2/P2P4/1rq2N2/R4PPP/3QR1K1 b - -,a6d3 f3d2 b3b2 a2b2 c3b2 d2f3 d3e4 f3g5 h7h6 g5e4
8/p7/K7/P5kp/8/8/8/8 b - -,
Q7/8/1KB5/5k2/8/8/1P6/8 b - -,g5h6 a6a7 h5h4 a5a6 h4h3 a7b8 h3h2 a6a7 h2h1q a7a8q
r1b5/p6R/2p1k3/1p4R1/4N3/4K1p1/Pr6/8 b - -,b2a2 g5g6 e6d5 e4c3 d5c4 c3a2 c8f5 g6c6 c4b3 h7b7
k7/1p6/8/1P3K2/1P6/4B3/8/8 b - -,b2a2 g5g6 e6d5 e4c3 d5c4 c3a2 c8f5 g6c6 c4b3 h7b7
r3r1k1/pp1n1bpp/2p1q3/3n1p2/3Pp1PN/P3P2P/1PRBQPB1/1R4K1 b - -,f5g4 e2g4 d7f6 g4e6 f7e6 b1f1 a8d8 g1h2 g7g5 f2f3
4r1k1/p4rpp/8/4p3/8/1PP1K2P/P5P1/3R1R2 b - -,f7c7 c3c4 a7a5 d1d5 a5a4 e3e4 h7h6 f1f2 c7c6 f2f3
5Bk1/p2b1p2/1p3Rpp/8/P3P2P/1PP5/6K1/8 b - -,g8f8 g2f2 h6h5 e4e5 d7e6 b3b4 e6d7 a4a5 d7e6 a5b6
2r4r/1p1bkpp1/p1n1p2p/3pP3/3P4/P1RB1N2/1P1K1PPP/2R5 b - -,f7f6 d2e3 g7g5 e5f6 e7f6 h2h3 e6e5 d4e5 c6e5 c3c8
2Rrr1k1/pp2qppp/1b4n1/3p4/PP1Nn3/1Q2PN1P/1B2BPP1/5RK1 b - -,b6d4 c8d8 e8d8 b2d4 g6h4 f3h4 e7h4 b3c2 e4g5 c2c7
4r3/p5pp/8/5k2/7n/2R1p3/PPP3PP/4R1K1 b - -,e8d8 c3e3 h4g6 e1f1 f5g5 e3e2 h7h5 e2f2 d8d4 c2c3
8/8/7p/1p5K/1Pk4P/8/8/8 b - -,
8/8/8/4B2p/6k1/6P1/2r5/7K b - -,c2c1 h1g2 c1c2 g2g1 g4h3 e5b8 c2c4 g1f2 c4g4 b8d6
8/K7/8/P5k1/7p/8/8/8 b - -,
r1bqn1k1/pp2b2p/2ppB1p1/4n3/2P2PQ1/2N1B3/PP4P1/R3K2R b KQ -,e5f7 e6f7 g8f7 h1h7 e8g7 g4f3 d8g8 h7h1 c8e6 g2g4
8/8/3k4/3P4/3K4/1r6/1P5R/8 b - -,b3f3 h2h6 d6c7 d4c5 f3f7 d5d6 c7d7 h6h5 f7f2 h5h7
r3k2r/1p1qbpp1/p2p1n2/3Pp3/2P3Pp/4B3/PP2NPBK/2RQ1R2 b kq -,e5e4 g2h3 f6g4 h3g4 d7g4 f1g1 g4h5 e2c3 h5e5 h2h1
r1b1k2r/ppq2npp/2n2b2/3p4/1P2B3/2P1BN2/P1Q2PPP/RN2R1K1 b kq -,d5e4 c2e4 c6e7 e3c5 e8h8 c5e7 f8e8 e7d8 e8e4 d8c7
Q7/p7/3p4/1P1k1K2/2p2P2/8/8/q7 b - -,d5c5 a8c6 c5b4 c6d6 b4b3 b5b6 a1a5 f5g4 a5b6 d6d1
5b2/6p1/p7/k1p5/2N5/1K6/P5P1/8 b - -,
2r2rk1/p1q2pbp/1p3np1/2Pp4/1P6/P1BPP2P/4NQP1/R2R2K1 b - -,c7e7 d1f1 f6d7 c3g7 g8g7 d3d4 f7f5 e2f4 d7f6 a1e1
6k1/6p1/2p2p1p/3qpn2/1P6/2P3PP/1P1NQP1K/8 b - -,f5d6 g3g4 g8f7 b2b3 f7e6 h2g1 g7g6 e2e3 d6f7 c3c4
7k/8/6Q1/p7/4P1P1/2p2K1P/P2qP3/8 b - -,d2e1 g6f6 h8g8 f6g5 g8h8 h3h4 a5a4 g5f6 h8g8 f6d8
5Q2/8/1KB5/8/5k2/8/1P6/8 b - -,d2e1 g6f6 h8g8 f6g5 g8h8 h3h4 a5a4 g5f6 h8g8 f6d8
8/1K6/8/P5k1/8/7p/8/8 b - -,d2e1 g6f6 h8g8 f6g5 g8h8 h3h4 a5a4 g5f6 h8g8 f6d8
1k6/1p6/4K3/1P6/1P6/4B3/8/8 b - -,d2e1 g6f6 h8g8 f6g5 g8h8 h3h4 a5a4 g5f6 h8g8 f6d8
r3k2r/2q1bppp/p1p1bn2/4p3/2N1P3/3B2Q1/PPP3PP/R1B2R1K b kq -,g7g6 g3e5 c7e5 c4e5 f6g4 e5g4 e6g4 d3c4 g4e6 c4e6
8/6k1/2p5/4p3/pp6/4q3/K6R/8 b - -,g7g6 g3e5 c7e5 c4e5 f6g4 e5g4 e6g4 d3c4 g4e6 c4e6
8/8/8/4B2p/8/6Pk/2r5/6K1 b - -,c2c5 e5f4 c5c4 f4e5 c4g4 g1f2 h3h2 e5f4 h2h1 f4d6
r3r1k1/pp1n1bpp/2p1q3/3n4/3Pp1QN/P3P2P/1PRB1PB1/1R4K1 b - -,d7f6 g4e6 f7e6 b1f1 a8d8 f2f3 e4f3 f1f3 f6e4 g1h2
r1b1k2r/ppq2npp/2n2b2/8/1P2Q3/2P1BN2/P4PPP/RN2R1K1 b kq -,c6e7 e3c5 e8h8 c5e7 f8e8 e7d8 e8e4 d8c7 e4e1 f3e1
1r1r2k1/pb1p1p1p/2p2p2/4p3/2B1P3/2P5/P1P2PPP/1R1R2K1 b - -,g8f8 b1b3 d7d5 c4e2 b7a8 b3a3 d5e4 d1d8 b8d8 a3a7
k7/1p1K4/8/1P6/1P6/4B3/8/8 b - -,g8f8 b1b3 d7d5 c4e2 b7a8 b3a3 d5e4 d1d8 b8d8 a3a7
8/8/3k4/1r1P4/2K5/8/1P5R/8 b - -,b5d5 h2h6 d6e5 h6h5 e5d6 h5d5 d6e6 d5h5 e6e7 h5h6
3k3r/5p1p/2r2p2/1B6/4R3/P7/1PP3PP/2K5 b - -,c6c5 b5e2 c5e5 e4b4 d8e7 e2f3 e5e1 c1d2 e1h1 a3a4
3q1b1r/1Pp2kpp/r2p1n2/1p6/6b1/5N2/PPP3PP/RNB1QRK1 b - -,g4f3 f1f3 d6d5 c1e3 a6e6 b1c3 d5d4 a1d1 d8b8 d1d4
8/8/8/4B2p/8/6Pk/5K2/2r5 b - -,c1c5 e5b8 c5c4 b8e5 c4g4 e5b8 h3h2 b8f4 h2h1 f2f3
1K6/8/8/P5k1/8/7p/8/8 b - -,
r2q1rk1/npp1bppn/p2p3p/P2Pp3/2B1P1b1/2P2N1P/1P3PP1/RNBQR1K1 b - -,g4h5 c4e2 c7c6 c3c4 c6d5 e4d5 f7f5 d1b3 h5f3 e2f3
4r1k1/p5pp/8/4p3/8/1PP1K2P/P5P1/5R2 b - -,e8e6 e3e4 e6f6 f1f3 f6g6 g2g4 g6f6 c3c4 g8f7 f3f5
r1b1k2r/1pqp1ppp/p1n1pn2/2b5/3NPP2/2NBB3/PPP3PP/R2Q1R1K b kq -,c5d4 e3d4 c6d4 e4e5 f6g8 d1g4 g7g6 a1d1 h7h5 g4g3
5rk1/ppp4p/2bqp1p1/3pNr2/3P4/2P3PP/PP2QP1K/4RR2 b - -,c6e8 f2f4 g8g7 h3h4 a7a5 e2d2 b7b6 b2b4 e8b5 f1f3
r1bq1rk1/pp1n1ppp/2p2n2/2b1p3/2P5/2N2NP1/PPQ1PPBP/R1B2RK1 b - -,h7h6 c3a4 c5e7 a2a3 f8e8 f1d1 e7f8 f3d2 d8e7 b2b4
8/8/1KB5/8/8/4kQ2/1P6/8 b - -,h7h6 c3a4 c5e7 a2a3 f8e8 f1d1 e7f8 f3d2 d8e7 b2b4
2r2rk1/p2qp1bp/4p1p1/8/2BPpPP1/PP2P3/1BQ4P/5RK1 b - -,c8c4 b3c4 e6e5 d4e5 d7g4 c2g2 g4e6 c4c5 e6c6 b2d4
3rr1k1/pp1bqppp/1b4n1/3p4/PP1Nn3/1Q2PN1P/1B2BPP1/2R2RK1 b - -,b6d4 b2d4 g6h4 b3b2 d7f5 g2g4 h4f3 e2f3 e4g5 f3e2
4rrk1/1b1nq1pp/pp1b4/2Pp1p2/P3n3/1P1BPN2/1BR1NPPP/3Q1RK1 b - -,e4c5 b3b4 c5d3 d1d3 e7e4 d3d4 e4d4 f3d4 g7g6 e2f4
1K6/8/P7/6k1/8/8/7p/8 b - -,
1k6/1p1K4/1B6/1P6/1P6/8/8/8 b - -,g5g4 a6a7 h2h1q a7a8q h1a8 b8a8 g4g5 a8b7 g5f4 b7c6
5b2/6p1/p7/k1p1N3/P7/1K6/6P1/8 b - -,a5b6 e5d7 b6a5 d7f8 c5c4 b3c4 a5a4 f8e6 g7g6 e6c5
8/8/3k4/2rP4/1K6/8/1P5R/8 b - -,c5c3 b2c3 d6e5 h2h6 e5d5 h6a6 d5e4 c3c4 e4f5 b4c5
8/8/2p2k2/4p3/pp1q4/8/K6R/8 b - -,c5c3 b2c3 d6e5 h2h6 e5d5 h6a6 d5e4 c3c4 e4f5 b4c5
k7/p6p/2p4B/2b1N3/2pn2PK/P6P/1r6/5R2 b - -,c4c3 e5d3 c5e7 h6g5 b2d2 d3e1 e7g5 h4g5 c3c2 e1c2
8/8/8/6k1/5p2/6p1/6Kp/2R5 b - -,
r2qk2r/p4ppp/Q1p2P2/n2p1b2/1bP2B2/2N1P3/PP3PPP/R3KBNR b KQkq -,b4c3 b2c3 f5c8 f6g7 h8g8 f4g5 d8c7 g5f4
r1bq1rk1/5pp1/2n2n1p/2pNN3/p1Pp4/P5P1/1PQ1PPBP/R2R2K1 b - -,a8a6 e5c6 a6c6 c2a4 c6e6 e2e3 f6d5 c4d5 e6a6 a4c4
7k/3q4/5Q2/p7/4P1P1/2p2K1P/P3P3/8 b - -,d7g7 f6g7 h8g7 f3e3 g7f6 e3d3 f6e5 h3h4 c3c2 d3c2
r1b5/p6R/2p3R1/1p6/2k5/4K1p1/N7/8 b - -,a7a5 h7h4 c4b3 a2c1 b3c2 g6c6 c2b2 c1d3 b2b3 c6g6
r1bqn1k1/pp2bB1p/2pp2p1/8/2P2PQ1/2N1B3/PP4P1/R3K2R b KQ -,g8f7 h1h7 e8g7 g4f3 d8g8 h7h1 c8e6 e1a1 a8f8 c3e4
r3r3/p4pkp/2p2np1/2P5/3pN3/3P4/P4PPP/1R2R1K1 b - -,a8b8 b1b8 e8b8 e4f6 g7f6 g2g4 b8b4 h2h4 b4a4 e1e4
rnbqkb1r/pp3ppp/8/2pp4/8/3P1N2/PPP2PPP/RNBQ1RK1 b kq -,f8e7 d3d4 b7b6 b1c3 b8c6 f1e1 e8h8 h2h3 c8e6 c3e2
8/8/2p2k2/4p3/pp3q2/8/KR6/8 b - -,d5d4 d1e2 f8e7 f1e1 b8c6 f3e5 c6b4 c1g5 e8h8 e5c6
1r1r2k1/pb3p1p/2p2p2/3Pp3/2B5/2P5/P1P2PPP/1R1R2K1 b - -,b7a8 b1b8 d8b8 d5d6 b8d8 c4d3 a8b7 d6d7 c6c5 d3f5
k7/1pBK4/8/1P6/1P6/8/8/8 b - -,b7a8 b1b8 d8b8 d5d6 b8d8 c4d3 a8b7 d6d7 c6c5 d3f5
r3k2r/1p1qbpp1/p2p4/3Pp3/2P3n1/4BB1p/PP2NP2/2RQ1R1K b kq -,f7f5 f3g4 f5g4 f1g1 e8a8 b2b4 c8b8 c4c5 d8c8 e2g3
r3b3/1p1nkp1p/p1p1p1p1/P1P5/1PBR2P1/8/5P1P/R5K1 b - -,g6g5 a1e1 h7h6 d4d6 d7f8 e1e3 f8d7 h2h4 d7f8 e3e1
8/8/2p2k2/4p3/ppq5/8/1R6/1K6 b - -,g6g5 a1e1 h7h6 d4d6 d7f8 e1e3 f8d7 h2h4 d7f8 e3e1
8/8/8/5K1P/8/8/6r1/5k2 b - -,
8/kpBK4/1P6/8/1P6/8/8/8 b - -,a7a8 c7d8 a8b8 d8e7 b8a8 e7g5 a8b8 g5h6 b8a8 h6d2
r1bqk2r/1p1nbp2/4p1pn/pP1pP2p/8/P2B1NQ1/1BP2PPP/RN2K2R b KQkq -,d7c5 e1h1 h5h4 g3f4 b7b6 a3a4 c8b7 b1d2 a8c8 f1c1
8/8/2p2k2/4p3/p1q5/1p6/5R2/1K6 b - -,a5a4 h2h3 d7c5 f3d4 h6f5 d3f5 h5h4 g3e3 g6f5 b1d2
2R4r/n2bkpp1/p3p2p/1p1pP3/1P1P4/P2B1N2/3K1PPP/2R5 b - -,h8c8 c1c3 a7c6 d2e3 f7f6 d3e2 c8g8 c3c1 g8b8 c1c5
8/8/3B4/7p/2r5/6Pk/5K2/8 b - -,c4g4 d6e5 h3h2 f2f3 h2g1 e5c7 g4g7 c7b8 g7f7 b8f4
r1bqk1nr/1p1nbppp/p1ppp3/8/3PP3/1BN2N2/PPP2PPP/R1BQ1RK1 b kq -,b7b5 a2a4 b5b4 c3e2 g8f6 e2g3 e8h8 f1e1 d8c7 c1g5
r3r3/p4pkp/2p3p1/2P5/3pR3/3P4/P4PPP/1R4K1 b - -,
r1b2rk1/pp1nqppp/2p2n2/2b1p3/2P4N/2N3P1/PPQ1PPBP/R1B2RK1 b - -,g7g6 a2a3 a7a5 c1g5 e7e6 c3a4 c5e7 h4f3 d7c5 g5h6
1r3rk1/p5p1/5p1p/4p3/2qnN3/5P2/PR4PP/1Q2R1K1 b - -,d4f3 g2f3 c4d4 b2f2 b8b1 e1b1 f6f5 e4f6 f8f6 b1f1
8/8/1p1k2pp/8/3K4/1P3P1P/8/8 b - -,
8/4p3/p2R1k2/P6p/1K6/1B6/P7/5b2 b - -,e7d6 b4c3 h5h4 c3d2 h4h3 d2e1 h3h2 e1f1 h2h1q f1f2
2K5/kpB5/8/1P6/1P6/8/8/8 b - -,e7e6 d6e6 f6f5 b4c5 h5h4 e6e8 f1d3 e8e1 f5f4 b3e6
4rrk1/1b1nq2p/p2b2p1/2pp1p2/P3n3/1P1BPNN1/1BR1QPPP/5RK1 b - -,d7b8 f1c1 h7h5 g3f1 h5h4 h2h3 f8f7 f1d2 b8c6 b2a3
3r3k/p3bp1p/4rp1q/8/5R2/P1B5/KP4QP/6R1 b - -,e7c5 f4h4 h6g6 h4g4 c5g1 g4g6 h7g6 g2g1 a7a6 g1c5
rq2r1k1/pp1n1ppp/2p3b1/8/3Pp2N/P1P1P1PP/4QPB1/R1R3K1 b - -,b8d6 a1b1 a8b8 e2c2 d6e6 c3c4 c6c5 d4d5 e6d6 a3a4
8/8/3k4/3r4/1K6/8/1PR5/8 b - -,d6e6 b4a4 d5f5 b2b4 f5f8 c2c6 e6d5 a4b5 f8b8 c6b6
r1bqk2r/p1ppppbp/1pn2np1/8/3P4/1P3NP1/P1P1PPBP/RNBQ1RK1 b kq -,d7d5 c2c4 e7e6 c1a3 c8b7 b1c3 a7a5 a1c1 c6b4 a3b2
r3k2r/pp1b2p1/2p1p1Q1/2qpP2p/2P1p3/1P4P1/P3PP1P/RN3RK1 b kq -,e8f8 g6g5 h5h4 g3g4 c5e7 g5e3 c6c5 f2f3 f8g8 b1d2
3q1b1r/1Pp2kpp/r2p1n2/1p6/8/5R2/PPP3PP/RNB1Q1K1 b - -,d6d5 c1e3 d8b8 b1c3 b8b7 e1h4 a6e6 a1f1 c7c6 c3e2
5rk1/3r1p1p/6p1/8/qQ6/P6P/6P1/R4R1K b - -,
k1K5/1p6/3B4/1P6/1P6/8/8/8 b - -,a4b4 a3b4 f8b8 f1f4 d7b7 a1b1 b7b5 f4c4 b8b6 g2g3
r7/p4pkp/2p3p1/2P5/3pP3/8/P4PPP/1R4K1 b - -,
8/8/8/4B2p/6r1/6Pk/5K2/8 b - -,h3h2 f2f3 h2g1 e5c7 g4g7 c7f4 g1f1 f4e3 g7f7 e3f4
r2q1rk1/pp2p1bp/3pb1pn/8/2PB4/2N5/PP2BPPP/R2Q1RK1 b - -,e6c8 d4g7 g8g7 d1d2 b7b6 f1e1 c8b7 a1d1 a8c8 b2b3
8/1p6/p4kp1/7P/5PK1/8/P7/8 b - -,g6h5 g4g3 f6f5 g3h4 f5f4 h4h5 b7b5 h5h4 a6a5 h4h3
2R5/n2bkpp1/p3p2p/1p1pP3/1P1P4/P2B1N2/3K1PPP/8 b - -,a7c8 f3g1 c8b6 h2h4 d7c6 f2f3 b6c4 d3c4 d5c4 d2e3
r1bq1rk1/pp1n1pbp/2p2np1/P3p3/2B1P3/2N1BN1P/1PP2PP1/R2QK2R b KQ -,f8e8 f3g5 e8f8 d1d6 f6e8 d6d2 d8e7 e1h1 h7h6 g5f7
5b2/3N2p1/pk6/2p5/P7/1K6/6P1/8 b - -,b6c6 d7f8 c6d5 b3c3 d5d6 c3c4 d6e7 f8h7 e7e6 c4c5
1n5k/3r1p1p/p2pqpr1/4pN2/Pp2P2Q/4B2R/1PP3PP/7K b - -,b6b7 d7f8 b7c7 b3c4 c7d6 f8g6 d6e6 g6f4 e6f5 f4d3
8/8/2p1k3/4p3/p7/K7/1p3q2/8 b - -,b6b7 d7f8 b7c7 b3c4 c7d6 f8g6 d6e6 g6f4 e6f5 f4d3
8/pp6/5kp1/7p/4KPPP/8/P7/8 b - -,h5g4 h4h5 g6h5 f4f5 g4g3 e4f3 f6f5 f3g3 f5e4 g3f2
8/1p6/p4k2/7K/5P2/8/P7/8 b - -,f6f5 h5h4 f5f4 h4h3 b7b5 h3g2 f4e3 g2f1 e3d2 f1g2
4rrk1/1b2q2p/3b1np1/p1pp1p2/P3n3/1P1BPNN1/1BR2PPP/3RQ1K1 b - -,e7d8 g3f1 d8b6 f3d2 e8e7 f2f3 e4d2 e1d2 f5f4 d3c4
8/1p5p/2r3p1/R1nNp1k1/2B1P3/4P3/4K1PP/8 b - -,c5e4 c4d3 e4c5 a5b5 g5h6 d5c3 c6c7 c3e4 c5d7 b5d5
rn2kb1r/p4ppp/b1B1p3/q3P3/3P4/p1p1BQ2/2P1NPPP/R3K2R b KQkq -,e8d8 c6a8 b8d7 e1h1 f8b4 f1d1 d8e7 a8c6 a6c4 c6d7
r2q1rk1/pp2p2p/3pb1pn/8/2PQ4/2N5/PP2BPPP/R4RK1 b - -,d8d7 d4d2 h6f5 b2b3 f8f7 a1e1 a8f8 e2g4 b7b6 h2h3
8/3P3k/n6p/2p1K1n1/1b4N1/2p1p1P1/8/3B4 b - -,b4a5 g4e3 a6b4 e5d6 g5e4 d6e5 e4f2 d1a4 h7g6 e5e6
3r1rk1/1bp1qpp1/pp5p/2bpPN2/4n3/1P1BP2Q/PBP3PP/R4RK1 b - -,c5e3 h3e3 e7g5 e3g5 h6g5 f5e7 g8h7 f1f3 g5g4 f3f4
1rbq1rk1/pppn1pb1/3ppnpp/8/2PPP3/4B1PP/PP1QNPB1/RN2K2R b KQ -,b7b5 c4b5 a7a6 e3h6 a6b5 e1h1 c7c5 f1d1 b5b4 d4c5
8/8/4K3/2k1Q3/8/8/4q3/8 b - -,
2n5/3bkpp1/p3p2p/1p1pP3/1P1P4/P1KB1N2/5PPP/8 b - -,c8b6 c3b3 b6c4 f3e1 c4d2 b3a2 d7e8 f2f4 f7f6 d3e2
6k1/1pb2p2/p3pB2/2P4p/5P2/6PP/3K4/8 b - -,g8f8 d2e3 f8e8 e3f3 c7d8 f6g5 f7f6 g5h6 f6f5 f3e3
r7/p5kp/2p3p1/2P2P2/3p4/8/P4PPP/1R4K1 b - -,a8e8 f5g6 g7g6 f2f3 g6f5 g1f2 h7h5 g2g3 e8e5 b1b4
2K5/1p6/1k6/1P6/1P6/8/8/6B1 b - -,a8e8 f5g6 g7g6 f2f3 g6f5 g1f2 h7h5 g2g3 e8e5 b1b4
rnbqk2r/pp2bppp/8/2pp4/8/3P1N2/PPP2PPP/RNBQR1K1 b kq -,b8c6 d3d4 e8h8 d4c5 e7c5 b1c3 d5d4 c3e4 c5b6 c1f4
8/1p6/p7/5k2/5P1K/8/P7/8 b - -,c8g4 d3d4 e8h8 d4c5 b8c6 b1c3 d5d4 c3e4 d8d5 h2h3
r1b1k2r/1pqp1ppp/p1n1pn2/2b5/3NPP2/3BB3/PPP1N1PP/R2Q1RK1 b kq -,f6g4 d1c1 d7d6 c2c3 g4e3 c1e3 e6e5 f4e5 d6e5 e3g3
3qrrk1/1b5p/3b1np1/p1pp1p2/P3n3/BP1BPNN1/2R2PPP/3RQ1K1 b - -,c5c4 a3d6 c4d3 d6c7 d3c2 c7d8 c2d1r e1d1 e8d8 f3d4
r3k2r/1p1qb3/p2p2p1/3Ppp2/1PP1P3/5B1p/P3N3/2RQ1R1K b kq -,a6a5 c4c5 e7g5 c1b1 a5b4 c5c6 b7c6 d5c6 d7c6 e4f5
2K5/kp6/8/1P6/1P6/8/7B/8 b - -,a6a5 c4c5 e7g5 c1b1 a5b4 c5c6 b7c6 d5c6 d7c6 e4f5
5k1r/3r1p2/1p4pp/pR2Pb2/P1pPBP1q/2P5/2P3QP/1R5K b - -,f5e4 g2e4 f8g7 b5b6 h8f8 e4f3 d7d8 b1f1 g7g8 f4f5
rnbk1b1r/pp1pqBp1/5n1p/2pPN3/4P3/8/PPP2PPP/RNBQK2R b KQ -,e7e5 f7g6 d7d6 f2f4 e5d4 d1d4 c5d4 b2b3 b8a6 e1h1
r4rk1/ppp1bppp/2n5/8/3p4/5P1P/PPP2P2/RNB1R1K1 b - -,f8d8 c1f4 d8d7 a2a4 f7f6 g1f1 a8d8 b1a3 g8f7 a3c4
rn1q1rk1/ppb2ppp/2p2n2/2Pp2B1/3P2b1/2NB1N2/PP1Q1PPP/R4RK1 b - -,b8d7 f3e1 g4h5 h2h3 b7b6 b2b4 b6c5 b4c5 h7h6 g5h4
8/3bkpp1/pn2p2p/1p1pP3/1P1P4/P1KB4/3N1PPP/8 b - -,
4r1k1/p5pp/8/8/2P1p3/1P2K2P/P5P1/5R2 b - -,h7h6 b3b4 h6h5 c4c5 e8b8 a2a3 a7a5 f1b1 g8f7 e3e4
8/8/p2p1k2/P6p/8/1BK5/P7/5b2 b - -,h5h4 c3d2 h4h3 d2e1 h3h2 b3d5 f6e5 d5b7 f1c4 b7g2
8/1p6/p7/8/5k2/7K/P7/8 b - -,f6f5 c3d2 f5f4 d2e1 f1b5 e1f2 b5d7 f2g2 h5h4 b3d5
1br2rk1/p4ppp/8/1P2p3/2N3n1/6P1/P2BPP1P/2R2RK1 b - -,h7h5 c4a5 g8h7 a2a4 h5h4 a5c6 f7f5 g1g2 f5f4 f2f3
4rknr/5pp1/p1p3q1/3p4/1Q6/2P3Bp/PP3P2/R3R1K1 b - -,g8e7 e1e7 e8e7 a1e1 h3h2 g1h1 f8g8 b4e7 h8h5 e7d6
r1b2rk1/ppq3pp/2n1p1p1/3pP3/P1pP2Q1/2P5/2P1NPPP/R1B2RK1 b - -,c6e7 a4a5 e7f5 h2h4 c8d7 g4h3 c7d8 c1g5 f5e7 g2g4
3r3k/p3bp1p/4rp1q/8/8/P1B2R2/KP4QP/6R1 b - -,e7c5 f3d3 d8b8 d3h3 h6g6 h3g3 c5g1 g3g6 h7g6 g2g1
rq2r1k1/pp1n1ppp/2p2nb1/8/1P1p4/2N1PNPP/1P1BQPB1/R2R2K1 b - -,d4c3 d2c3 a7a6 f3h4 b8c7 h4g6 h7g6 e3e4 f6d5 c3d2
r3kb1r/1p2pppp/pnq5/8/3P2Q1/8/PP3PPP/RNB2RK1 b kq -,g7g6 b1c3 f8g7 g4h4 a8d8 f1d1 e8h8 c1h6 d8d7 d4d5
8/8/4p1p1/4P3/4Pk1P/8/5K2/8 b - -,f4g4 f2e3 g4h4 e3d4 g6g5 d4c5 g5g4 c5d6 g4g3 d6e6
2r2rk1/p1q2pnp/1p4p1/2Pp4/1P3Q2/P2PP2P/4N1P1/R2R2K1 b - -,b6c5 f4c7 c8c7 e2f4 f8d8 e3e4 d5e4 d3e4 d8d1 a1d1
8/8/4k3/3P4/4K3/1r6/1P5R/8 b - -,e6f6 e4d4 f6e7 d4c5 b3d3 d5d6 e7d7 h2h7 d7e6 h7e7
r1b1r1k1/pp1nqppp/2p2n2/2b1p3/N1P4N/6P1/PPQ1PPBP/R1B2RK1 b - -,d7f8 a4c5 e7c5 b2b3 f8e6 c2b2 e6d4 c1g5 a7a5 h2h3
rn2kbnr/pp2pppp/2p3b1/q2pP3/5NP1/2P4P/PP1P1P2/RNBQKB1R b KQkq -,b8d7 d2d4 e7e6 b1d2 c6c5 h3h4 c5d4 d2b3 a5c7 b3d4
k1K5/1p6/8/1P6/1P6/8/8/6B1 b - -,b8d7 d2d4 e7e6 b1d2 c6c5 h3h4 c5d4 d2b3 a5c7 b3d4
r1bq1rk1/5pp1/5N1p/2p1n3/p1Pp4/P5P1/1PQ1PPBP/R2R2K1 b - -,g7f6 g2a8 d8d7 a8d5 g8g7 e2e3 d4e3 f2e3 f8e8 d1d2
rn1qkb1r/1bppnppp/pp2p3/8/B3P3/3P1N2/PPP2PPP/RNBQ1RK1 b kq -,b6b5 a4b3 e7g6 c1e3 f8e7 a2a4 e8h8 b1d2 d7d6 d3d4
r1bqk2r/1p1nbp2/4p1pn/pP1pP3/5Q1p/P2B1N2/1BP2PPP/RN2K2R b KQkq -,g6g5 f4e3 g5g4 f3d4 e7g5 e3e2 d8c7 e1h1 h4h3 f2f4
8/1p5R/8/P2p2p1/6k1/2r3P1/4K3/8 b - -,c3b3 h7g7 b3b5 e2f2 b5a5 g7b7 a5a2 f2f1 g4g3 b7b3
rq2r1k1/pp1n1ppp/2p2nb1/8/1P6/2B1PNPP/1P2QPB1/R2R2K1 b - -,a7a6 f3h4 b8c7 h4g6 h7g6 e3e4 f6d5 c3d2 a8d8 e2c4
r1r3k1/pp3pNp/1bn1qB2/3pP3/3P4/3Q4/P4PPP/R4RK1 b - -,e6g4 g7f5 g4g6 a1c1 c8e8 d3h3 e8e6 c1c3 e6f6 e5f6
r1b2rk1/pp2ppbp/6pn/q1nNP3/3B4/5N1P/PPPQ2P1/1K1R1B1R b - -,c5b3 d5e7 g8h8 a2b3 a5d2 d1d2 c8e6 c2c4 f8e8 e7d5
8/3bkpp1/p3p2p/1p1pP3/1PNP4/P1KB4/5PPP/8 b - -,
r3k2r/pp1q1ppp/2n2b2/3p1p2/3P4/1QPB3P/PP3PP1/RN3RK1 b kq -,a7a6 f2f4 g7g6 b1d2 e8h8 d2f3 b7b5 f3e5 d7d6 a2a4
r1b1kb1r/2pq1n1p/p2p4/5PpQ/3N4/2N1B3/PPP2PPP/R3K2R b KQkq -,f8g7 d4e6 g7c3 b2c3 d7c6 e1h1 c8e6 f5e6 e8h8 a1e1
k7/2K5/1p6/1P6/1P6/8/8/6B1 b - -,f8g7 d4e6 g7c3 b2c3 d7c6 e1h1 c8e6 f5e6 e8h8 a1e1
r1bqk2r/1ppp1ppp/p1n2n2/8/1bP1N3/2N3P1/PP1PPPBP/R1BQK2R b KQkq -,f6e4 c3e4 e8h8 a2a3 f7f5 a3b4 f5e4 g2e4 c6b4 e4g2
rnbq1rk1/pp2bppp/8/2pp4/8/2NP1N2/PPP2PPP/R1BQR1K1 b - -,d5d4 c3e4 b8c6 c1f4 d8d5 c2c4 d4c3 b2c3 c8e6 e1e3
r5k1/1r1np2p/3pNnp1/P1pP4/4P3/2P5/R2NK1PP/7R b - -,b7a7 h1a1 h7h6 h2h4 g8f7 e2d3 d7e5 d3e3 f6g4 e3f4
rnbqk2r/ppp3pp/4pn2/3p1p2/1b1P4/P1NBPN2/1PP2PPP/R1BQK2R b KQkq -,b4d6 e1h1 e8h8 c3e2 b7b6 c2c4 c8b7 f1e1 d8e8 e2f4
8/8/pp6/8/5k2/8/P5K1/8 b - -,b4d6 e1h1 e8h8 c3e2 b7b6 c2c4 c8b7 f1e1 d8e8 e2f4
r7/8/4kp2/7P/6P1/6K1/p4P2/R7 b - -,
8/k1K5/1B6/1P6/1P6/8/8/8 b - -,a8a5 g3f4 e6f7 f4e3 a5a3 e3e4 f7g7 f2f4 a3a4 e4e3
r4rk1/5ppp/p2b2q1/1p1p4/3Pb1Q1/2P1B2P/PP3PP1/RN2R1K1 b - -,f8c8 b1d2 h7h5 g4g6 e4g6 d2b3 a6a5 b3c5 a5a4 a2a3
1R6/4p3/p2r1k2/P6p/1K6/1B6/P7/5b2 b - -,f6g5 b8g8 d6g6 g8f8 f1e2 f8e8 g6g7 b3e6 g5f4 e8h8
rnbqk2r/ppp3pp/3bpn2/3p1p2/3P4/P1NBPN2/1PP2PPP/R1BQ1RK1 b kq -,b8d7 c3b5 d6f8 c2c4 f6e4 b5c3 c7c6 c3e2 f8d6 b2b4
r2q1rk1/1bp1bppp/p2p1n2/1p1Pp3/4P3/1QP2N1P/PP3PP1/RNB1R1K1 b - -,c7c6 c3c4 d8d7 d5c6 b7c6 b1c3 h7h6 f3d2 d7e6 c3d5
r3kb1r/pp1b1ppp/4pq2/3pR3/8/5NR1/P4PPP/2B1Q1K1 b kq -,f6e7 e5e3 f7f6 c1a3 e7f7 a3f8 f7f8 e3e6 d7e6 f3d4
8/1p5p/2r3p1/R2Np1k1/4n3/3BP3/4K1PP/8 b - -,c6c5 a5c5 e4c5 d5c3 c5e6 c3e4 g5h6 e4f6 e6c5 f6g4
r2qrbk1/5pp1/p1n1bn1p/1pp1pN2/3pP1P1/2PP1Q1P/PPB2P1N/R1B1R1K1 b - -,d8a5 c1d2 d4c3 d2c3 a5d8 f3g3 g7g6 h2f3 f6d7 h3h4
1r1r2k1/pb3p1p/5p2/3pp3/8/1BP5/P1P2PPP/1R1R2K1 b - -,a7a5 b3a4 b7a6 b1b8 d8b8 a4b3 a6c4 f2f4 g8g7 d1e1
5Rk1/p5pp/8/8/2P1p3/1P2K2P/P5P1/8 b - -,g8f8 e3e4 f8f7 e4d5 g7g5 c4c5 h7h5 b3b4 a7a6 c5c6
r7/p5kp/2p5/2P2p2/3p4/8/P4PPP/1R3K2 b - -,g7f6 f1e2 a8e8 e2d3 e8e5 b1b4 e5c5 b4d4 c5a5 a2a4
r7/5k2/5p2/7P/5PP1/6K1/p7/R7 b - -,
1r1r2k1/5pp1/1pQqn2p/4p3/3p4/3P2P1/1PRNPPKP/R7 b - -,d6d5 c6d5 d8d5 b2b4 d5d7 a1c1 g8h7 c2c6 b6b5 d2f3
8/4p3/p2r4/P1K3k1/4R2p/1B6/P7/5b2 b - -,f1g2 e4e7 d6c6 c5d4 h4h3 b3e6 h3h2 e7h7 h2h1q h7h1
8/8/pp6/8/8/4k3/P7/5K2 b - -,f1g2 e4e7 d6c6 c5d4 h4h3 b3e6 h3h2 e7h7 h2h1q h7h1
r1b1kbnr/pp2pppp/2n2q2/2p5/2P2P2/6PP/PP1PN3/RNBQKB1R b KQkq -,c8f5 f1g2 f6e6 b1c3 e6c4 c3d5 a8d8 d5e3 c4d3 e3f5
6k1/1R4p1/p4p1p/P2r4/1P6/6P1/3p1P2/3K4 b - -,
8/8/1R4p1/1P3pk1/p7/1r5P/6K1/8 b - -,b3b2 g2f3 b2b3 f3g2 a4a3 b6a6 b3b2 g2f3 b2b5 a6a3
8/4p3/pR1r1k2/P6p/1K6/8/P7/3B1b2 b - -,h5h4 b4c5 f1g2 d1g4 f6e5 b6b2 h4h3 b2e2 e5f6 e2f2
r3nrk1/pb2n1pp/1p1qp3/2ppNp2/3P1PP1/2PBPN1Q/PP5P/R3K2R b KQ -,b7c6 d3c2 c5c4 f3g5 e8f6 g4f5 e6f5 e1a1 b6b5 d1g1
5k2/p5pp/8/8/2P1K3/1P5P/P5P1/8 b - -,f8f7 e4d5 f7g6 c4c5 g6h5 c5c6 h5h4 c6c7 h4g3 b3b4
r5k1/5ppp/1p2p3/p1P5/Pn2P3/2Q2NPP/1P2bPK1/3r4 b - -,d1d3 c3e5 e2f3 g2h2 b6c5 g3g4 b4c6 e5c5 f3e4 h3h4
r2r2k1/ppp1bppp/2n5/8/3p4/5P1P/PPP2P2/RNBR2K1 b - -,d8d5 a2a4 a8d8 g1g2 f7f6 b1a3 a7a6 c1d2 d4d3 c2c3
r1b1k2r/1pqp1ppp/p1n1pn2/2b5/3NPP2/2N1B3/PPP1B1PP/R2Q1RK1 b kq -,c7b6 c3a4 c5d4 a4b6 d4e3 g1h1 e3b6 e2f3 h7h5 c2c3
rnbq1rk1/pp2bppp/8/2p5/3pN3/3P1N2/PPP2PPP/R1BQR1K1 b - -,b8c6 c1f4 a7a5 c2c3 h7h6 c3d4 c5d4 a1c1 a5a4 h2h3
r3k2r/1p1qb3/p2p2p1/2PPp3/1P2Pp2/5B1p/P3N3/2RQ1R1K b kq -,d7b5 c5c6 e8h8 e2g1 h3h2 g1h3 g8g7 a2a4 b5b4
2r3k1/p1P2ppp/8/8/8/4pPP1/P3P2P/3R2K1 b - -,g8f8 d1d8 f8e7 d8c8 e7d7 c8a8 d7c7 a8a7 c7c6 a7a3
4k3/p5pp/8/3K4/2P5/1P5P/P5P1/8 b - -,e8d8 b3b4 d8c7 c4c5 h7h6 b4b5 g7g6 c5c6 g6g5 d5c5
8/5k2/5p2/7P/5PPK/r7/p7/R7 b - -,f7g7 g4g5 f6f5 g5g6 g7h6 g6g7 h6g7 h4g5 a3a5 h5h6
8/3bkpp1/p3p2p/3pP3/1PpP4/P1K5/2B2PPP/8 b - -,
rb1q1rk1/pp1n1ppp/2p2n2/2Pp2B1/3P2b1/2NB1N2/PP1Q1PPP/4RR1K b - -,g4f3 g2f3 d8c7 f3f4 h7h6 g5f6 d7f6 e1e5 c7d8 f1g1
1r1r2k1/5pp1/1pR1n2p/4p3/3p4/3P2P1/1P1NPPKP/R7 b - -,h6h5 d2c4 e5e4 d3e4 d4d3 e2d3 d8d3 c6b6 b8b6 c4b6
B1b2rk1/5pp1/5q1p/2p1n3/p1Pp4/P5P1/1PQ1PP1P/R2R2K1 b - -,h6h5 c2a4 h5h4 a4c2 f8e8 a8d5 e5g4 d1f1 f6h6 c2a4
4R3/4p3/p2r4/P4k1p/1K6/1B6/P7/5b2 b - -,h5h4 e8e7 h4h3 b3c2 f5g5 e7g7 g5h4 b4c5 d6e6 g7h7
8/8/pp6/8/8/8/P2k1K2/8 b - -,d6f6 e8e7 h5h4 b3a4 h4h3 a4d7 f5g6 e7e8 f6f7 d7e6
8/8/8/r2p2p1/6k1/1R4P1/4K3/8 b - -,g4h3 g3g4 h3g4 b3d3 d5d4 d3d4 g4h3 d4d3 h3g2 d3d4
8/k1nr2pp/p3p1b1/PpR1P1P1/1N5n/2B5/1P3r1P/3BR2K b - -,a5c5 b3d3 d5d4 e2f2 c5c2 f2g1 c2c4 g1g2 g4f5 d3d2
r1bqk2r/pppp1ppp/2n5/8/1bPNn3/6P1/PP1PPPBP/R1BQK2R b KQkq -,c6d4 g2e4 d7d5 e4d5 c7c6 d5g2 c8g4 f2f3 g4f5 e2e4
8/4R3/p1r5/P5k1/1K5p/1B6/P5b1/8 b - -,h4h3 e7e2 g5h4 e2e7 c6h6 e7e1 h3h2 e1b1 h4g3 b4c5
3r3k/p3bp1p/4rp1q/8/8/P1B5/KP4QP/3R2R1 b - -,h6f8 c3d4 h7h6 d1d3 e6e5 g2f3 d8d4 d3d4 f8c8 f3b3
r1bq1rk1/pp2bppp/2n5/2p5/3pNB2/3P1N2/PPP2PPP/R2QR1K1 b - -,a7a5 c2c3 a8a6 a1c1 h7h6 c3d4 c5d4 f3e5 c6e5 f4e5
3k4/3b1pp1/p3p2p/3pP3/PPpP4/2K5/2B2PPP/8 b - -,
2r3k1/B5p1/3b1p1p/3P1b2/2p5/2P5/PrNR1PPP/2R3K1 b - -,d6e5 a7d4 e5d4 c2d4 b2d2 d4f5 c8a8 f5e3 a8a2 c1f1
8/8/p7/1p6/8/5K2/P2k4/8 b - -,g8f7 a7e3 b2a2 c2d4 a2d2 e3d2 f5e4 d4b5 d6f8 d2f4
5rk1/p2bp1bp/3p2pB/8/2pNP1P1/2P5/PqPK3Q/R6R b - -,g7d4 c3d4 b2d4 d2c1 d4a1 c1d2 a1d4 d2c1 f8f2 h2f2
r1bq1rk1/pp2bppp/2n2n2/2p5/3p4/NP3NP1/PBPP1PBP/R2QR1K1 b - -,c8f5 c2c3 d4d3 f3e5 c6e5 e1e5 f5g4 d1e1 e7d6 e5e3
5rk1/1b1qbppp/p2ppn2/1p6/3NPP2/PPP4R/4QBPP/5RK1 b - -,g7g6 h3e3 f6h5 f2g3 f8c8 f4f5 e6e5 f5g6 h7g6 d4f5
6k1/1R4p1/p4p1p/r6P/1P1p4/6P1/5PK1/8 b - -,a5d5 g2f1 d4d3 f1e1 d5h5 b7b6 h5b5 b6a6 b5b4 a6d6
8/pk4pp/3K4/2P5/1P6/7P/P5P1/8 b - -,a5g5 b7d7 g8f8 d7d4 f8e7 d4d3 a6a5 b4a5 g5a5 d3c3
r1b1kb1r/ppp2ppp/1nn1p3/1Nq5/4P3/1Q3NP1/P2P1PBP/R1B2RK1 b kq -,c5e7 c1a3 e7d8 a3f8 h8f8 d2d4 a7a6 b5a3 c6d4 f3d4
8/4R3/p2r4/P4k2/1K5p/1B6/P7/5b2 b - -,h4h3 b3c2 f5g5 e7g7 g5h4 b4c5 d6e6 c2a4 h3h2 g7h7
r3k2r/1p1qb3/p2p4/2PPp1p1/1P2Pp2/5B1p/P3N3/2RQ2RK b kq -,e8f8 e2c3 f8g7 c3b1 d7b5 c5d6 e7d8 f3h5 b5b4 b1d2
8/6pk/7p/3p1p1Q/3PbPP1/2p3KP/2P2B2/1rb5 b - -,g7g6 h5h4 c1f4 g3f4 g6g5 h4g5 h6g5 f4g5 b1f1 f2e3
2r5/7p/8/4p1P1/5k2/8/4KP1P/8 b - -,e4c2 g4f5 b1b6 f2e1 b6c6 g3f2 c1d2 h5f7 d2e1 f2e1
5k1r/3r1p2/1p4pp/pR2PB2/P1pP1q2/2P5/2P3QP/1R5K b - -,g6f5 b5b6 f4g5 b6f6 g5g4 g2g4 f5g4 h1g2 d7e7 g2g3
8/8/1p6/2k3K1/8/5P1P/8/8 b - -,c5c4 g5f4 b6b5 h3h4 b5b4 f4e3 c4c3 h4h5 b4b3 h5h6
8/8/8/r2p2p1/8/3R2Pk/4K3/8 b - -,g5g4 e2f2 h3h2 d3d2 d5d4 d2d4 a5a2 f2e3 h2g3 d4d5
8/8/8/pp6/4K3/8/P2k4/8 b - -,h3g2 g3g4 a5a4 d3d5 a4g4 e2d3 g4g3 d3e4 g2h3 d5b5
rnb1kbnr/pp3ppp/2p5/3pP3/3P3q/6PP/PPP1P3/RNBQKBNR b KQkq -,h4g3 e1d2 b8d7 g1f3 g8f6 e5f6 d7f6 h1g1 f6e4 d2d3
1R6/2p2pk1/2P3p1/2Q5/3pqb2/8/1K1p2p1/3R4 b - -,g7f6 b2a2 e4e6 b8b3 f4e3 c5c2 f6g7 a2a3 e6d6 a3a4
r1b1k2r/1p1p1ppp/pqn1pn2/2b5/N2NPP2/4B3/PPP1B1PP/R2Q1RK1 b kq -,c5d4 a4b6 d4e3 g1h1 e3b6 e2f3 e8h8 e4e5 f6e8 d1d2
8/8/8/1pk3K1/5P2/7P/8/8 b - -,
b4b2/6k1/1r3np1/4N2p/2B1P2P/5PP1/KPP5/4R3 b - -,f8d6 e5g6 g7g6 e4e5 d6b4 c2c3 f6d5 c3b4 d5b4 a2b1
8/8/3pk3/7p/4PB2/r5P1/5K2/8 b - -,e6d7 f4g5 a3a5 g5f4 a5a8 f2e3 a8a3 e3f2 d7c6 f4e3
2rqrbk1/4np1p/p3P1p1/3p3P/8/2BBPb2/1PQ1N3/2KR3R b - -,f7f6 h5g6 f3h1 g6h7 g8h8 d1h1 d8d6 e2d4 c8c3 b2c3
r1b1kb1r/ppp2ppp/1n2p3/nNqP4/4P3/3Q1NP1/P4PBP/R1B2RK1 b kq -,a7a6 b5d4 f8e7 c1f4 c5a3 d3e2 e6d5 f4c7 b6c4 e4d5
8/pp6/6p1/3k3P/5P1P/4K3/P7/8 b - -,g6h5 f4f5 d5e5 f5f6 e5f6 e3d3 f6f5 d3d4 b7b5 d4c5
8/8/8/pp1K4/8/2k5/P7/8 b - -,g6h5 f4f5 d5e5 f5f6 e5f6 e3d3 f6f5 d3d4 b7b5 d4c5
r2qr1k1/3n1pb1/p2p1npp/1p1P4/2p1PPP1/4BBNP/PP5K/R2Q1R2 b - -,a8c8 a1c1 d7c5 e3c5 c8c5 c1c2 f6h7 d1d2 a6a5 h2g2
2r2rk1/p2qp2p/4p1pb/8/2BPQPP1/PP2P3/1B5P/5RK1 b - -,g8h8 c4e6 d7c7 d4d5 h6g7 b2g7 h8g7 e4d4 f8f6 g4g5
r4rk1/p2qppbp/1pnp2p1/3N2B1/Q1P1P3/8/P5PP/1R3R1K b - -,d7g4 d5e7 c6e7 g5e7 f8c8 e7d6 g4e4 b1c1 e4c6 a4a3
8/2R5/3n4/7k/5K2/8/8/8 b - -,c6b8 a4d7 b8d7 g5e7 f8c8 e7d6 g7f8 d6c7 c8e8 a2a4
8/3bkpp1/p3p2p/3pP3/PPpP1P2/2K5/2B3PP/8 b - -,e7d8 c2d1 d8c7 h2h4 g7g6 c3d2 c7c6 g2g3 c6c7 d1c2
r7/8/3pk3/7p/4PB2/5KP1/8/8 b - -,e6d7 f3e3 a8a3 e3f2 d7c6 f4e3 a3a8 f2e2 c6b5 e3f4
r1b2rk1/p1q2ppp/4pn2/2p1N3/2P4P/4Q3/PPB2PP1/2KR3R b - -,h7h6 g2g4 f6d7 h1e1 d7e5 e3e5 c7e5 e1e5 a7a5 e5c5
rnb1kbnr/pp3ppp/2p5/3pP3/3P4/6qP/PPPKP3/RNBQ1BNR b kq -,b8d7 g1f3 g8f6 e5f6 d7f6 d1e1 f6e4 d2e3 g3d6 b1c3
8/4R3/p2r4/P4k2/1K6/7p/P1B5/5b2 b - -,f5f6 e7h7 f6g5 h7g7 g5h4 b4c5 d6e6 g7h7 h4g3 h7g7
r1b2r1k/p6p/2p1P1R1/1p2Pp1Q/2q1p3/P1B1P2P/1P6/2KR4 b - -,f5f4 e7f7 f4e3 f7f1 d6d4 b4c3 d4h4 f1h1 h3h2 c2b3
3qrrk1/1b5p/3b1np1/p2p1p2/P1p1B3/BP2PNN1/2R2PPP/3RQ1K1 b - -,d6a3 e4d5 f6d5 b3c4 d8c7 g3e2 f5f4 e2d4 d5f6 d4b5
8/pp6/6p1/3k1P1p/6PP/4K3/P7/8 b - -,
1rb1k2r/1pq3pp/pNn1p1p1/2BpP3/7Q/4R3/PP3PP1/2R3K1 b - -,h7h6 h4g4 d5d4 g4g6 c7f7 g6f7 e8f7 e3f3 f7g6 c5d6
8/8/8/p1K5/1p6/2k5/P7/8 b - -,h7h6 h4g4 d5d4 g4g6 c7f7 g6f7 e8f7 e3f3 f7g6 c5d6
8/3bkp2/p3p2p/3pP1P1/PPpP4/2K5/2B3PP/8 b - -,h6g5 g2g3 f7f5 e5f6 e7f6 h2h4 d7e8 c2d1 g5h4 g3h4
2k5/p5pp/2PK4/8/1P6/7P/P5P1/8 b - -,h6g5 g2g3 f7f5 e5f6 e7f6 h2h4 d7e8 c2d1 g5h4 g3h4
8/8/8/r2p4/6p1/1R4Pk/4K3/8 b - -,a5a2 e2f1 a2a1 f1f2 h3h2 b3b2 a1a3 b2d2 a3a5 d2d3
r1b1k2r/1p1p1ppp/pNn1pn2/8/3bPP2/4B3/PPP1B1PP/R2Q1RK1 b kq -,d4e3 g1h1 e3b6 e2f3 h7h5 e4e5 f6g8 d1d2 g8e7 f3e4
r7/3k4/3p4/7p/4PB2/4K1P1/8/8 b - -,a8a3 e3f2 a3a2 f2e3 d7c6 f4g5 c6c5 g5f4 a2a3 e3e2
3r1rk1/1bp1qpp1/pp2p2p/3pPP2/3Bn3/1P1BP2Q/P1P3PP/R4RK1 b - -,f8e8 d3e4 d5e4 f5f6 e7f8 f6g7 f8g7 f1f4 g8f8 a1f1
3qrrk1/1b5p/5np1/p2B1p2/P1p5/bP2PNN1/2R2PPP/3RQ1K1 b - -,f6d5 b3c4 d8c7 f3d4 d5b4 c2c3 a3b2 g3e2 f5f4 c3b3
r3r1k1/2qn1pp1/3ppn1p/p1P5/2P1b3/Q4NP1/P2BPP1P/2RR1BK1 b - -,d6c5 d2c3 e8b8 c3a1 b8b4 f1h3 a8a6 a3c3 b4a4 f3d2
2r1r1k1/pp1q1pNp/1b4n1/3p4/PP2n3/1Q2PN1P/1B2BPP1/5RK1 b - -,e8f8 e2b5 d7c7 b5d3 a7a6 a4a5 b6a7 g7h5 f8d8 b4b5
b7/6k1/1r1b1nN1/7p/2B1P2P/5PP1/KPP5/4R3 b - -,b6c6 c4d3 g7g6 e4e5 g6g7 e5d6 c6d6 e1e7 g7f8 e7e3
5k1r/3r1p2/1R5p/p3Pp2/P1pP1q2/2P5/2P3QP/1R5K b - -,d7d8 b1f1 f4g5 b6f6 h8g8 g2f3 g8g7 f6f5 g5e7 f5f6
rnb1kbnr/pp3ppp/2p5/3pP1q1/3P4/4P2P/PPPK4/RNBQ1BNR b kq -,f7f6 g1f3 g5h6 b1c3 f6e5 f3e5 g8f6 f1d3 f8d6 e5g4
r1b1r1k1/pp1nqppp/2p2n2/2b2N2/N1P1p3/6P1/PPQ1PPBP/R1B2RK1 b - -,e7d8 a4c5 d7c5 f1d1 d8a5 f5d6 e8d8 c1e3 c8g4 h2h3
r1b1k2r/1p1p1ppp/pNn1pn2/8/4PP2/4b3/PPP1B1PP/R2Q1R1K b kq -,e3b6 e2f3 e8h8 e4e5 f6e8 d1d3 b6c7 a1d1 d7d6 e5d6
4n3/4R3/8/7k/5K2/8/8/8 b - -,e3b6 e2f3 e8h8 e4e5 f6e8 d1d3 b6c7 a1d1 d7d6 e5d6
8/6R1/p2r4/P7/1K4k1/7p/P1B5/5b2 b - -,d6g6 c2g6 g4h4 g6e4 h4h5 b4c5 h5h6 g7f7 f1e2 f7h7
8/8/8/1K6/pp6/2k5/P7/8 b - -,d6g6 c2g6 g4h4 g6e4 h4h5 b4c5 h5h6 g7f7 f1e2 f7h7
1rbq1rk1/p1pn1pb1/1p1ppnpB/8/2PPP3/6PP/PP1QNPB1/RN2K2R b KQ -,g7h6 d2h6 b6b5 c4b5 b8b5 b2b3 c7c5 e1h1 c8a6 b1c3
2k5/6pp/p1PK4/8/PP6/7P/6P1/8 b - -,g7h6 d2h6 b6b5 c4b5 b8b5 b2b3 c7c5 e1h1 c8a6 b1c3
8/4Pk2/r4B2/p3K1P1/8/1P6/P7/8 b - -,a6e6 e5f5 e6e2 g5g6 f7e8 g6g7 e8f7 a2a3 e2f2 f5e5
b7/8/1r1b1nk1/4P2p/2B4P/5PP1/KPP5/4R3 b - -,d6e7 e5f6 e7f6 c4d3 g6g7 d3e4 b6e6 c2c4 a8e4 f3e4
1qr1r1k1/1bbn1ppp/p3p3/2p1n3/N2NP3/P4P2/1R1Q2PP/1R3BBK b - -,e8d8 d4e6 f7e6 b2b7 b8a8 d2a2 g8h8 a4c5 d7c5 g1c5
r3kb1r/pp1bqppp/4p3/3pR3/8/5NR1/PB3PPP/4Q1K1 b kq -,f7f6 e5e2 e7f7 f3d4 e6e5 f2f4 e5e4 e2c2 f8d6 b2a3
8/k1nr2pp/p3p3/PpR1P1P1/1N2b2n/2B5/1P3r1P/3BR1K1 b - -,e7b4 b2c3 b4c5 f3d4 h7h5 h2h4 a8c8 a2a4 h8h7 c3b2
3rq1k1/5p1p/p5p1/5p2/2n5/2PN4/Q4PPP/3R2K1 b - -,d8d3 d1a1 e8e6 h2h3 d3d6 a2b1 h7h5 b1e1 e6e1 a1e1
4r1k1/5p1p/p4PpQ/1pp5/3q4/5R2/PP2r1PP/R4K2 b - -,d4f6 f3f6 e2e7 f1g1 c5c4 a1f1 c4c3 b2c3 e8f8 h6f4
8/8/8/r2p4/6p1/3R2P1/4K1k1/8 b - -,a5a2 e2e1 d5d4 d3d4 g2g3 e1f1 a2a1 f1e2 g3h3 d4d7
2r3k1/5p2/2p3RQ/1q6/p2Pr3/1p5P/1P3PP1/1K1R4 b - -,f7g6 h6g6 g8f8 g6e4 c8e8 e4f4 f8g7 d4d5 c6d5 f4g5
8/4R3/5n2/5K1k/8/8/8/8 b - -,f7g6 h6g6 g8f8 g6e4 c8e8 e4f4 f8g7 d4d5 c6d5 f4g5
r3k2r/1p1qb3/p1Pp4/3Pp1p1/1P2Pp2/5B1p/P3N3/2RQ1R1K b kq -,e8f7 c6d7 a8g8 f3g4 f7g7 c1c7 h8h4 g4e6 e7d8 c7b7
2r3k1/6p1/5p1p/3Pbb2/2pB4/2P5/PrNR1PPP/2R3K1 b - -,e5d4 c2d4 b2d2 d4f5 c8a8 f5e3 a8a2 c1f1 d2d3 e3c4
rnbqkbnr/pp2p1pp/2p2p2/4P3/2Bp4/5N2/PPPP1PPP/RNBQK2R b KQkq -,b8d7 e1h1 b7b5 c4b3 d7c5 d2d3 e7e6 c2c3 d4c3 b1c3
b7/8/1r3Pk1/7p/1bB4P/5PP1/KPP5/4R3 b - -,b4e1 f6f7 g6g7 g3g4 a8f3 g4h5 f3h5 c4d5 g7f8 d5b3
7k/pp3Q2/2p4p/P7/4P3/1r6/6PK/8 b - -,b3c3 e4e5 c3e3 f7b7 e3e4 b7a7 e4h4 h2g3 h4h5 a7b8
8/5K1p/p1pk1P2/1pp4n/2P4P/1P3N2/P3p3/8 b - -,b5b4 f3e1 d6e5 e1d3 e5f5 f7e7 h5f6 e7d6 f5e4 d3e1
5N2/8/5K1k/8/8/8/6B1/8 b - -,d6d7 f3e1 d7d6 e1d3 h5f4 d3e1 d6e5 c4b5 c6b5 e1f3
8/1R3pk1/6p1/7p/4NK1P/6P1/8/4r3 b - -,e1f1 f4e3 g7f8 e4d6 f1f6 b7d7 f8g8 d7d8 g8h7 d6e4
2r3k1/pp1qrpNp/1b4n1/1B1p4/PP2n3/1Q2PN1P/1B3PP1/5RK1 b - -,d7d6 a4a5 a7a6 g7f5 d6e6 f5e7 g6e7 b5d3 b6a7 b2a1
8/8/8/1K6/p7/Ppk5/8/8 b - -,d7d6 a4a5 a7a6 g7f5 d6e6 f5e7 g6e7 b5d3 b6a7 b2a1
4r2r/1p2bk2/p1q2p2/2p2QBp/7P/5R2/P4PP1/4RK2 b - -,c5c4 e1e7 f7e7 g5f6 e7d6 f6h8 c6d5 f5d5 d6d5 h8c3
8/8/8/p7/2p3Q1/1kP3P1/5P1P/6K1 b - -,c5c4 e1e7 f7e7 g5f6 e7d6 f6h8 c6d5 f5d5 d6d5 h8c3
r1b1r1k1/pp1n1ppp/2p2n2/2b1qN2/N1P1p3/6PB/PPQ1PP1P/R1B2RK1 b - -,c5f8 a2a3 e5c7 h3g2 d7e5 f5e3 e5g4 e3g4 c8g4 b2b4
2qb1rk1/5rp1/7p/1p1pPR1P/p1nP4/P2QN3/1P4K1/3N1R2 b - -,
8/3bkp2/p3p3/3pP1p1/PPpP4/2K3P1/2B4P/8 b - -,f7f5 e5f6 e7f6 h2h4 d7e8 c2d1 g5h4 g3h4 e6e5 d4e5
r4r1k/p6p/2pRb1R1/1p2Pp1Q/2q1p3/P1B1P2P/1P6/2K5 b - -,e6f7 e5e6 c4c3 b2c3 f7g6 h5g5 f8g8 h3h4 a8f8 e6e7
r1bqk1nr/pppnbppp/3p4/4p3/2PP4/2N2N2/PPQ1PPPP/R1B1KB1R b KQkq -,a7a6 e2e4 c7c6 c1e3 g8f6 h2h3 b7b5 a2a3 e8h8 f1e2
2k5/2P4p/p2K4/6p1/PP6/7P/6P1/8 b - -,a7a6 e2e4 c7c6 c1e3 g8f6 h2h3 b7b5 a2a3 e8h8 f1e2
8/8/2k5/1p3PKp/8/7P/8/8 b - -,c6c5 f5f6 c5d6 g5g6 d6e6 f6f7 e6e7 g6g7 e7e6 f7f8q
6n1/7R/8/5K1k/8/8/8/8 b - -,c6c7 f5f6 c7d7 g5h6 d7e8 h6g7 e8d7 f6f7 d7e6 f7f8q
3qrrk1/1b5p/3B1np1/p2p1p2/P1p1n3/1P1BPNN1/2R2PPP/3RQ1K1 b - -,c4b3 d6c7 b3c2 c7d8 c2d1r e1d1 e8d8 g3e2 f6g4 d3b5
r2qr1k1/4bpp1/p1n1bn1p/1pp1p3/3PP3/3P1QNP/PPB2PPN/R1B1R1K1 b - -,c6d4 f3d1 c5c4 h2f3 d4c2 d1c2 c4d3 c2b1 a8c8 c1e3
3r2k1/5p1p/p5p1/5p2/2n1q3/2PN4/5PPP/1Q1R2K1 b - -,e4e2 h2h4 c4d2 d1e1 d2b1 e1e2 d8d3 c3c4 d3d1 g1h2
1r1r2k1/4qpp1/RpQ1n2p/4p3/3p4/3P2P1/1PRNPPKP/8 b - -,e7f6 d2e4 f6g6 g2g1 b6b5 f2f3 g6f5 b2b4 d8c8 c6c8
8/8/8/3p4/6p1/3RK1P1/r5k1/8 b - -,g2g3 e3d4 g3f2 d4d5 g4g3 d3d1 g3g2 d5d6 a2a6 d6d5
r1bq1rk1/pp2b1pp/2n5/2p2pN1/3p1B2/3P1N2/PPP2PPP/R2QR1K1 b - -,a7a5 d1e2 d8d5 f3e5 e7g5 e5c6 d5c6 f4g5 c8d7 f2f3
8/6R1/p2r4/P4B2/1K5k/7p/P7/5b2 b - -,h3h2 g7h7 h4g3 b4c5 d6f6 f5e4 f6f4 e4b7 f4c4 c5d6
5rk1/p3p1Bp/3p2p1/8/b1pNP1P1/2P5/PqPK3Q/R6R b - -,b2c2 d4c2 h7h5 g7f8 g8f8 g4h5 f8e8 h5g6 a7a5 g6g7
1r1r2k1/p4p1p/b4p2/3pp3/8/1BP5/P1P2PPP/2RR2K1 b - -,a6c4 b3c4 d5c4 d1d8 b8d8 g2g3 d8b8 c1e1 b8b2 e1e4
6k1/3R2p1/p4p1p/P6r/3p4/6P1/1P3PK1/8 b - -,h5a5 b2b4 a5b5 d7d4 b5b6 g2h3 g8f8 d4c4 f8f7 c4c7
4Rbk1/5ppp/3pp3/2n1n3/P3PB2/1P4PP/3NqPB1/5RK1 b - -,c5d3 a4a5 d3f4 g3f4 e5g6 d2c4 g6f4 a5a6 e2a2 e8a8
3r1r1k/1q3Bp1/2R4p/1P3bNQ/3b4/1p6/5PPP/4R2K b - -,f5h7 f7b3 h6g5 b3c2 g7g6 c2g6 d8d7 c6e6 b7b5 h5h6
8/pp6/2k1N3/4n1P1/8/P7/1P6/2K5 b - -,e5g6 c1c2 c6d5 e6g7 g6f4 g7e8 d5c5 c2b3 c5d5 b3b4
6rk/R7/6p1/7p/8/5KPP/5P2/8 b - -,g8f8 f3e3 h8g8 a7b7 f8f6 b7e7 g8f8 e7d7 f8g8 g3g4
3qrrk1/1bB4p/5np1/p2p1p2/P3n3/1P1pPNN1/2R2PPP/3RQ1K1 b - -,d3c2 c7d8 c2d1r e1d1 e8d8 f3d4 e4g3 h2g3 d8a8 f2f3
r7/4b3/2ppk2p/1N1Rp1p1/4PpP1/3R4/1PK2P1P/8 b - -,e6f7 d5d6 c6b5 d6h6 e7c5 d3d7 f7g8 f2f3 a8c8 h6h5
8/6B1/2k5/5N2/4K3/8/8/8 b - -,e6f7 d5d6 c6b5 d6h6 e7c5 d3d7 f7g8 f2f3 a8c8 h6h5
b7/8/1r3nk1/4P2p/1bB4P/2P2PP1/KP6/4R3 b - -,
r5k1/6p1/3b1p1p/3P1b2/2p5/2P1B3/PrNR1PPP/2R3K1 b - -,f5d3 c2b4 b2d2 e3d2 d6b4 c3b4 a8a2 d2e3 g8f7 h2h3
8/2k4p/8/8/8/3K4/3B4/5N2 b - -,h7h5 d2f4 c7c6 d3c4 h5h4 f4h2 h4h3 f1d2 c6b6 d2b3
8/8/8/3R4/6p1/4K1k1/r7/8 b - -,g3g2 d5g5 g4g3 g5g7 a2a3 e3e2 g2g1 g7h7 g3g2 h7h5
8/8/8/8/K2k4/Pp6/8/8 b - -,a2f2 d5g5 f2a2 g5g7 a2a4 g7d7 a4a3 e3e4 g3g2 d7d1
r1b1kb1r/p1qp3p/2p1ppn1/2p5/8/2NP1N2/PPP2PPP/R1BQR1K1 b kq -,d7d5 c3a4 e6e5 c2c4 h8g8 c4d5 c6d5 b2b4 c5c4 d3c4
r1b3k1/p2r2p1/1ppBpq1p/2P1R3/P4n2/2P5/5PPP/RB2Q1K1 b - -,b6c5 d6c5 c8a6 h2h3 a8d8 c5d4 c6c5 e5c5 f4e2 g1h2
r7/4Pk2/3K1B2/p5P1/8/1P6/P7/8 b - -,f7g6 d6c7 g6h5 a2a3 h5h4 b3b4 h4h3 b4b5 a8a7 c7c6
r1b1rbk1/pp1n1ppp/2p2n2/4qN2/N1P1p3/6PB/PPQBPP1P/R4RK1 b - -,e5c7 h3g2 d7c5 f5e3 c5a4 c2a4 h7h5 d2a5 c7e7 h2h4
3Brrk1/1b5p/5np1/p2p1p2/P3n3/1P2PNN1/2p2PPP/3RQ1K1 b - -,c2d1r e1d1 e8d8 f3d4 e4g3 h2g3 d8a8 f2f3 g8f7 d1d3
3r1r1k/1q4pb/2R4p/1P4NQ/3b4/1B6/5PPP/4R2K b - -,h6g5 b3c2 g7g6 c2g6 d8d7 c6e6 b7b5 h5h6 d4c5 g6h7
r1bqk2r/pppnbppp/5n2/4p3/2P5/1PN2N2/P1Q1PPPP/R1B1KB1R b KQkq -,e7d6 g2g3 e8h8 c1b2 f8e8 f1g2 c7c6 e1h1 d6f8 a2a3
6k1/6p1/3b1p1p/3P1b2/2pN4/2P1B3/rr1R1PPP/2R3K1 b - -,b2d2 e3d2 f5e4 d2e3 e4d5 c1c2 a2a5 f2f3 d5f7 d4e2
8/5K1p/2pk1P2/p1p4n/2P4P/8/P3p3/4N3 b - -,d6e5 e1d3 e5f5 d3e1 h5f6 f7e7 f5e5 e1c2 a5a4 c2e1
r3kb1r/pp1bq1pp/4pp2/3p4/8/5NR1/PB2RPPP/4Q1K1 b kq -,e7f7 f3d4 e6e5 f2f4 e5e4 e2c2 f8d6 b2a3 d6a3 g3a3
7k/p4Q2/2p1P2p/Pp6/8/4r3/6PK/8 b - -,b5b4 f7f6 h8h7 e6e7 a7a6 f6f7 h7h8 e7e8r e3e8 f7e8
8/7R/p2r4/P4B2/1K5k/8/P6p/5b2 b - -,d6h6 h7h6 h4g3 f5e4 g3f2 h6h2 f2e3 e4b7 e3d4 h2h4
8/8/7P/5K2/8/8/5kr1/8 b - -,
5Q2/8/2k5/6Kp/8/7P/1p6/8 b - -,b2b1b f8c8 c6d6 c8b8 d6e7 b8b1 h5h4 b1b4 e7d7 b4h4
1rbq1rk1/p1pn1p2/1p1ppnpQ/8/2PPP3/6PP/PP2NPB1/RN2K2R b KQ -,b6b5 c4b5 b8b5 b2b3 c7c5 e1h1 c8a6 b1c3 b5b4 f1d1
r3nrk1/pb2nppp/1p1qp3/2ppN3/3P1PP1/2PBP2Q/PP1N3P/R3K2R b KQ -,e8f6 e1a1 c5d4 g4g5 f6e4 d2f3 e7g6 d3e4 d5e4 d1d4
r1b3k1/p2r2p1/2p1pq1p/2B1R3/P4n2/2P5/5PPP/RB2Q1K1 b - -,c8a6 c5d4 c6c5 e5d5 c5d4 d5d7 d4d3 e1e4 a8f8 b1a2
3r1rk1/1bp1qpp1/pp5p/3pPQ2/3Bn3/1P1BP3/P1P3PP/R4RK1 b - -,d8e8 c2c4 b7c8 f5f4 e4c5 d4c5 e7c5 b3b4 c5c6 a1c1
7r/1p1b1kp1/p2Bpb2/3p4/1P4p1/PNP3P1/1K2R2P/8 b - -,e6e5 e2f2 f7g6 b3c5 d7c6 a3a4 h8d8 d6c7 d8c8 c7d6
6k1/pp3rp1/4n2p/8/4pP1P/P1B5/1PP2P2/2KR4 b - -,
r1r3k1/pp3p1p/1bn2B2/3pPN2/3P2q1/3Q4/P4PPP/R4RK1 b - -,g4g6 a1c1 c8e8 d3h3 e8e6 c1c3 e6f6 e5f6 g8h8 c3g3
5r1k/4R3/6p1/7p/6P1/7P/5PK1/8 b - -,h5g4 h3g4 f8b8 e7a7 b8b2 g2f3 h8g8 f3g3 b2b4 g3h4
r3k2r/1p1qb1p1/p2p4/3Ppp2/2P3np/4B2B/PP2NP2/2RQ1R1K b kq -,a8d8 e2c3 b7b5 c4b5 a6b5 f1g1 g4e3 f2e3 g7g5 e3e4
7k/p3PQ2/2p4p/P7/1p6/4r3/6PK/8 b - -,a8d8 e2c3 b7b5 c4b5 a6b5 f1g1 g4e3 f2e3 g7g5 e3e4
rnb1kbnr/ppp1qppp/8/3pp3/3P1P2/4PNP1/PPP4P/RNBQKB1R b KQkq -,e5d4 f1g2 e7b4 c2c3 d4c3 b1c3 g8f6 a2a3 b4d6 d1c2
r1b2rk1/p1q2ppp/4pn2/2p1N3/2P5/3RQ3/PPB2PPP/2K4R b - -,h7h6 h1d1 c8b7 d3d7 f6d7 d1d7 c7b8 e3d3 f7f5 d3g3
rn2kbnr/pppq1ppp/4b3/3p4/8/1B3N2/PPPPQPPP/RNB1K2R b KQkq -,b8c6 e1h1 e8a8 b3a4 e6g4 d2d4 f8d6 c2c4 d5c4 d4d5
3r2k1/1b2qpp1/p2bpn1p/1p6/1P2P2r/P1N4P/1B1NQPP1/2RR2K1 b - -,d6f4 c1c2 f4c7 d2f3 h4h5 d1d3 d8d3 e2d3 c7b6 b2c1
3r1rk1/1b5p/5np1/p2p1p2/P2Nn3/1P2P1N1/5PPP/3Q2K1 b - -,e4g3 h2g3 d8a8 f2f3 g8f7 d1e2 a8a6 e2b5 b7c8 g1h2
8/3bk3/p3p3/P2pPpp1/1PpP4/2K3P1/2B4P/8 b - -,
8/2k5/8/7p/5B2/3K4/8/5N2 b - -,c7c6 d3c4 h5h4 f4e5 c6b6 e5h2 h4h3 f1d2 b6c6 d2b3
8/8/8/1K6/3k4/P7/1p6/8 b - -,c7c6 d3c4 h5h4 f4e5 c6b6 e5h2 h4h3 f1d2 b6c6 d2b3
b7/8/1r4k1/3nP2p/1PB4P/5PP1/KP6/4R3 b - -,d5e7 c4d3 g6g7 b4b5 a8f3 a2a3 b6b8 e1f1 f3d5 b2b3
8/8/8/p6P/8/1k4P1/2Q2P2/6K1 b - -,b3c2 h5h6 a5a4 h6h7 c2b3 h7h8q b3c4 g1g2 a4a3 h8a1
4q1k1/1b3r1p/p4pp1/1p6/2P5/1P3N2/1B3PKP/R2Q4 b - -,f7d7 d1e1 b7f3 g2g1 e8e1 a1e1 g8f7 c4b5 a6b5 b2c3
r1bqkb1r/ppp1p1pp/2np1n2/5p2/3P4/1QP1PN2/PP3PPP/RNB1KB1R b KQkq -,
4Rbk1/5ppp/3pp3/4B3/P3P3/1P1n2PP/3NqPB1/5RK1 b - -,d6e5 d2f3 g7g5 e8d8 g8g7 d8d7 h7h6 a4a5 f8c5 g1h2
6k1/6p1/3b1p1p/3P4/2pNb3/2P1B3/r4PPP/2R3K1 b - -,e4d5 c1c2 a2a8 f2f3 d5f7 c2d2 f7g6 d4e2 g6d3 e2c1
8/8/1p1k2p1/7p/1P1K1P2/7P/8/8 b - -,
4R2k/p4Q2/2p4p/P7/8/1p2r3/6PK/8 b - -,d6e6 b4b5 e6f5 d4d5 f5f4 d5c6 g6g5 c6b6 g5g4 h3g4
8/8/2K5/8/3k4/P7/8/1q6 b - -,d6e6 b4b5 e6f5 d4d5 f5f4 d5c6 g6g5 c6b6 g5g4 h3g4
8/8/2k5/7p/2K2B2/8/8/5N2 b - -,c6b6 f1d2 b6c6 d2b3 c6b6 f4h2 b6c6 b3a5 c6d7 c4d5
5b2/3N4/pkp5/6p1/P7/1K6/6P1/8 b - -,b6a5 d7f8 g5g4 f8d7 g4g3 d7c5 a5b6 c5e4 b6c7 b3c4
5rk1/p3rp1p/1p4p1/2Pp1n2/1P6/P2PPR1P/4N1P1/R5K1 b - -,b6c5 b4c5 f5h4 f3f6 e7e3 e2f4 f8c8 a1c1 h4f5 f6a6
r1bqr1k1/5ppp/p2b4/1p1p4/8/2P1RQ2/PP1P1PPP/RNB3K1 b - -,c8e6 d2d4 d8c7 g2g3 c7d7 b1d2 a6a5 d2f1 b5b4 c1d2
2r1rbk1/4n2p/p5p1/q2pP3/6P1/2PBP3/2QKN3/3R3R b - -,f8g7 d1a1 a5c7 d3a6 c8a8 a6d3 c7e5 a1a8 e8a8 c2b3
r1b1rbk1/ppqn1ppp/2p2n2/5N2/N1P1p3/6P1/PPQBPPBP/R4RK1 b - -,d7c5 f5e3 c5a4 c2a4 h7h5 d2b4 f8b4 a4b4 h5h4 f1e1
r3k2r/1p1qb3/p2p4/2PPppp1/6np/4B2B/PP2NP2/2RQ1R1K b kq -,e8f7 c5d6 d7d6 e3c5 d6d7 d5d6 e7d8 d1d5 f7g6 f1g1
8/8/7P/p7/8/k5P1/2Q2P2/6K1 b - -,e8f7 c5d6 d7d6 e3c5 d6d7 d5d6 e7d8 d1d5 f7g6 f1g1
r1b1kbnr/ppp1qppp/2n5/1B1pp3/3P1P2/4PNP1/PPP4P/RNBQK2R b KQkq -,e5d4 e1h1 e7c5 a2a4 d4e3 f1e1 e3e2 g1g2 c8e6 e1e2
8/7R/p2r4/P1K2B2/8/6k1/P6p/5b2 b - -,d6f6 f5e4 f6f4 e4b7 f4c4 c5d6 c4b4 b7c8 b4d4 d6e5
b7/8/1r4k1/4P2p/1nB4P/5PP1/1P6/1K2R3 b - -,b6b8 e1e3 a8d5 c4d5 b4d5 e3d3 d5e7 g3g4 b8h8 d3d6
8/3k4/3p4/7p/3KPB2/r5P1/8/8 b - -,a3f3 f4d2 f3g3 d2e1 g3g1 e1f2 g1g4 d4e3 d7e6 e3f3
rn1qk2r/ppp2ppp/3bbn2/3p4/3P4/1B5P/PPP1QPP1/RNB1K1NR b KQkq -,b8c6 g1f3 e8h8 b1c3 f8e8 c1e3 c6a5 e1h1 c7c6 e2d2
8/8/6q1/1K6/3k4/P7/8/8 b - -,h7h6 e2f3 c7c5 g1e2 e8h8 c2c3 b8c6 e1h1 f6e4 c1f4
r1bqkbnr/pp1p1ppp/4p3/4n3/4P3/1Q1B4/PPP2PPP/RNB1K1NR b KQkq -,f8c5 c1f4 e5g4 g1h3 g8f6 b1c3 e6e5 f4d2 h7h6 c3a4
8/p3Q1k1/2p4p/P7/8/1p6/6PK/8 b - -,f8c5 c1f4 e5g4 g1h3 g8f6 b1c3 e6e5 f4d2 h7h6 c3a4
8/8/3R4/8/r5p1/4K1k1/8/8 b - -,g3h3 d6g6 h3g2 g6g8 a4a3 e3d4 g4g3 d4c5 g2g1 c5d6
3Brrk1/1b5p/5np1/p2p1p2/P3n3/1P2PNN1/5PPP/3Q2K1 b - -,e8d8 f3d4 e4g3 h2g3 d8a8 f2f3 g8f7 g1h2 a8a6 d1c1
k7/1p6/1P2K3/8/1P6/4B3/8/8 b - -,a8b8 e3c5 b8a8 c5d4 a8b8 e6d5 b8c8 d4e5 c8d8 e5f6
3r3k/1p1R1Bpp/8/1P2bb2/1p6/1Q6/5PPP/6K1 b - -,d8c8 d7d1 e5f6 b3b4 h7h6 g2g4 f5h7 d1d7 h7c2 h2h4
5r1k/8/6p1/8/4R1Pp/7P/5PK1/8 b - -,h8g7 g4g5 f8f5 f2f4 f5b5 g2f3 b5b1 f3g4 b1f1 e4a4
r2q1rk1/pp3ppp/5n2/2Ppn3/2P3b1/P3PN2/4BPPP/R1BQ1RK1 b - -,e5f3 e2f3 g4f3 d1f3 d5c4 c1b2 a8c8 f3b7 d8d7 b7d7
6k1/6p1/3b1p1p/3b4/2pN4/2P1BP2/r5PP/2R3K1 b - -,d6e5 d4f5 d5e6 f5e7 g8h7 e3d4 e5d6 c1e1 e6d7 e1b1
8/8/6q1/1K1k4/P7/8/8/8 b - -,d5f7 d4f5 d6c7 c1b1 f7g6 f5e7 g8f7 e7g6 f7g6 b1b4
r5rk/p6p/2p1R1R1/1p2Pp1Q/2q1p3/P1B1P2P/1P6/2K5 b - -,a8b8 g6g8 b8g8 e6d6 g8g1 d6d1 g1d1 h5d1 h8g8 d1d8
R7/1p5p/2r3p1/2nNp1k1/4P3/3BP3/4K1PP/8 b - -,g5h6 a8b8 h6g5 b8e8 g5h6 e8e5 c6c8 d5e7 c8c7 e7g8
8/7r/3K4/1k6/1p6/8/1R6/8 b - -,h7h3 d6d5 b4b3 b2b1 b5b4 d5d4 h3h2 d4e3 b3b2 e3f3
8/3k4/3p4/7p/4PB2/r5P1/4K3/8 b - -,d7c6 e2f2 a3b3 f4h6 b3b7 f2e2 c6c5 h6f4 b7b8 e2e3
3r1rk1/1b2qpp1/pp5p/2ppPQ2/4n3/1P1BP3/PBP3PP/R4RK1 b - -,e7e6 f5h5 b6b5 f1f4 b7c8 c2c4 b5c4 b3c4 e4d2 c4d5
1r1r2k1/p4p1p/5p2/3pp3/2b5/1BP4P/P1P2PP1/2RR2K1 b - -,b8c8 d1d2 d8d6 c1d1 d6a6 b3c4 d5c4 d2d6 c8c6 d6c6
r1bqR1k1/5ppp/p2b4/1p1p4/8/2P2Q2/PP1P1PPP/RNB3K1 b - -,d6f8 e8d8 b5b4 c3b4 c8b7 d8d7 b7c6 f3f7 g8h8 d7c7
r3r1k1/5pp1/1q1ppn1p/p1n5/2PNb3/Q3B1P1/P3PP1P/2RR1BK1 b - -,f6g4 d4b5 g4e3 a3e3 e8d8 e3f4 a8a6 h2h4 e4a8 c1b1
r1bqkbnr/p2p1ppp/1pn5/2p5/2B1P3/5Q2/PPP2PPP/RNB1K1NR b KQkq -,c6e5 f3e2 e5c4 e2c4 c8b7 b1c3 f7f5 g1f3 f5e4 c1g5
8/7R/p4r2/P1K5/4B3/6k1/P6p/5b2 b - -,f6f4 e4b7 f4c4 c5d6 c4b4 b7c8 b4d4 d6e5 d4a4 h7g7
8/8/K7/3k4/P7/8/8/1q6 b - -,f1e2 h7g7 g3f4 e4h1 f6f5 c5b6 f5g5 g7e7 e2d3 e7f7
7r/1p1k1ppp/2nBp3/3pP3/5PP1/8/r6P/1R1B1RK1 b - -,c6d4 b1b7 d7c6 b7b4 d4c2 b4b3 c2d4 b3c3 c6b7 d6c5
r3k2r/1p1qb3/p2p4/2PPppp1/7p/4P2B/PP2N3/2RQ1R1K b kq -,d7c7 f1f5 d6c5 d1a4 b7b5 a4e4 a8a7 e2c3 c7d6 e4g4
8/1Np3pp/2n5/8/1P1p4/R4kP1/P1P4P/4R2K b - -,f3g4 a3d3 g4f5 b4b5 c6e5 b5b6 c7b6 d3d4 e5g4 b7d6
6k1/5bp1/3b1p1p/8/2pN4/2P1BP2/r5PP/3R2K1 b - -,d6e5 d1d2 a2a3 d4e2 e5c3 e2c3 a3c3 d2d8 g8h7 g1f2
7k/Q7/2p4p/P7/8/1p6/6PK/8 b - -,g8h7 d4f5 d6e5 e3d4 e5f4 d4e3 f4e5
3N4/pp6/3k4/4n1P1/8/P7/1P6/2K5 b - -,b7b5 c1c2 d6e7 d8b7 e5f3 g5g6 f3e5 b7d6 e5g6 d6c8
8/5R2/2k5/2p4p/1p5P/1Pb2KP1/P7/3N4 b - -,c3h8 d1e3 c5c4 e3c4 c6d5 f7d7 d5c5 d7h7 h8f6 h7h5
r2q1rk1/pp2bppp/2n1b3/2p1N3/3pNB2/3P4/PPP2PPP/R2QR1K1 b - -,c6b4 f4d2 a8c8 e4g3 e7d6 f2f4 d8c7 a2a3 b4d5 d1f3
6rk/4R3/6p1/6Pp/8/7P/5PK1/8 b - -,g8a8 e7e4 h8g8 h3h4 a8a3 e4f4 a3a2 f4f6 g8h7 g2g3
6k1/5p2/5p2/p7/4PqP1/5P1P/P1Rr1QK1/8 b - -,d2f2 c2f2 f4c1 g2h2 c1c3 h2g2 g8f8 f2e2 f8e7 g2g3
1Q5k/8/2p4p/P7/8/8/1p4PK/8 b - -,d2f2 c2f2 f4c1 g2h2 c1c3 h2g2 g8f8 f2e2 f8e7 g2g3
8/6pk/2pnq2p/5p2/1P2p3/2P3PP/1PN1QP1K/8 b - -,e6d5 c2e3 d5f7 h2g1 f7g6 g1f1 g6e6 f1e1 g7g5 e2a6
rn2kbnr/ppp2ppp/3qb3/8/2B1Np2/5N2/PPPP2PP/R1BQK2R b KQkq -,d6c6 c4d3 b8d7 f3d4 c6d5 d4e6 d5e6 e1h1 e8a8 f1f4
r1b2rk1/ppbn3p/2p1pq2/2Pp1p2/PP1Pn1p1/2NBP3/1BQN1PPP/R4RK1 b - -,c7h2 g1h2 f6h4 h2g1 f8f6 f2f3 f6h6 c3e4 d5e4 f3g4
R3R3/p5k1/2p1b3/1p2p3/5r2/8/PPB1N1p1/2K5 b - -,g7f6 e8e6 f6e6 a8g8 f4f2 c1d2 e6f7 c2b3 f7e7 d2e3
8/7P/8/5K2/8/6k1/6r1/8 b - -,
8/8/2kp4/7p/4PB2/r5P1/5K2/8 b - -,a3b3 f4e3 c6b5 e3g5 b5c5 g5f4 b3b2 f2e3 b2b6 e3f3
8/5k2/5p2/6PP/r4P2/8/p5K1/R7 b - -,
8/3K4/2P5/5k2/2r5/8/6p1/4R3 b - -,
r2q1rk1/pp2bppp/4b3/2p1B3/3pN3/3P4/PPP2PPP/R2QR1K1 b - -,a8c8 e5f4 c8c6 d1h5 h7h6 e4d2 f8e8 h2h3 e6d7 f4g3
8/6k1/2p4p/P7/8/8/1Q4PK/8 b - -,f8e8 d1f3 f7f6 e5f4 a8c8 b2b3 c8c6 f3g3 e6d5 e4d6
6k1/5p2/5p2/p7/4PqP1/5P1P/P4RK1/8 b - -,f4c1 g2h2 c1c3 h2g2 g8f8 f2e2 f8e7 g2g3 e7d6 h3h4
rnbq1rk1/pppp1pp1/5n1p/4N3/1b1PP2B/2N5/PPP2PPP/R2QKB1R b KQ -,g7g5 h4g3 d7d6 e5d3 b4c3 b2c3 f6e4 f2f3 e4g3 h2g3
8/8/3p4/2k4p/4PB2/r5P1/4K3/8 b - -,a3b3 e2f2 b3a3 f2e2 a3c3 f4e3 c5b5 e3f4 b5c6 e2f2
5r1k/8/4R1p1/6Pp/8/7P/5PK1/8 b - -,h8g7 e6e4 f8b8 e4c4 b8a8 g2g3 a8a3 f2f3 a3a2 c4d4
4Rbk1/5ppp/3pp3/P3n3/4PB2/1P1n2PP/3NqPB1/5RK1 b - -,d3f4 g3f4 e5g6 d2c4 g6f4 a5a6 e2a2 e8a8 g7g5 c4e3
2q1rrk1/7p/2N2np1/p4p2/PbP5/4P1N1/2R2PPP/3R1QK1 b - -,c8c6 c4c5 e8e5 g3e2 e5c5 e2d4 c6e4 c2c5 b4c5 f1b5
6k1/6p1/2Nb1p1p/8/2pB4/2Pb1P2/r5PP/3R2K1 b - -,a2a3 d1e1 a3b3 g2g3 h6h5 e1e6 d6a3 e6e8 g8h7 e8b8
r2q1rk1/pp3ppp/5n2/2Pp4/2nQ2b1/P3PN2/4BPPP/R1B2RK1 b - -,f8e8 a1b1 d8e7 h2h3 g4h5 c1b2 a8c8 b2a1 c4a3 b1b3
8/5k2/8/6PP/r7/8/p5K1/R7 b - -,
8/8/P1p3kp/8/8/8/1Q4PK/8 b - -,a4a7 g2f3 a7a3 f3f4 a3a4 f4e3 a4a3 e3d2 a3g3 g5g6
5r2/6k1/6p1/6Pp/4R3/7P/5PK1/8 b - -,f8a8 e4c4 a8a2 h3h4 a2a1 g2g3 a1a3 f2f3 a3a7 c4f4
8/p7/2Qp4/1Pk2K2/2p2P2/8/8/q7 b - -,c5d4 c6d6 d4e3 d6e6 e3f3 e6c4 a1b1 f5f6 b1b2 f6e6
8/8/8/8/r5p1/4K2k/3R4/8 b - -,g4g3 d2d6 a4a3 e3f4 h3h2 d6h6 h2g1 f4g4 g3g2 h6f6
8/6B1/1k6/3K4/8/4N3/8/8 b - -,b6b7 d5c5 b7c7 e3c4 c7b7 c5d6 b7a7 d6c7 a7a8 c7b6
r3k2r/1p1qb3/p1Pp4/3Ppp2/6pp/4P2B/PP2N3/2RQ1R1K b kq -,e8h8 c6d7 g8h8 e2c3 b7b5 e3e4 f8f7
1r1q1rk1/p1p2ppp/2n1p3/1p1n4/3PP3/1QPB1P2/P2B1P1P/2KR3R b - -,d5b6 b3b5 d8d6 b5c5 d6c5 d4c5 b6a4 d3c2 a4b2 d1g1
r1r1b1k1/pp2nqpp/4p1p1/3pP3/P1pP2QP/2P2PN1/2P2KP1/R1B4R b - -,h7h6 a4a5 c8c6 c1a3 c6a6 a3b4 b7b6 g3e2 b6a5 g4f4
r2qr1k1/pp3ppp/5n2/2Pp4/2BQ2b1/P3PN2/5PPP/R1B2RK1 b - -,g4f3 c4d3 f3e4 d3e2 e8e6 c1b2 h7h5 a3a4 d8e7 f1c1
r1bqkbnr/pp1pn1pp/2p5/4pp2/Q2PP3/2PB1N2/PP3PPP/RNB2RK1 b kq -,f5e4 d3e4 d7d5 e4c2 e5e4 f3e5 g8f6 c3c4 e7f5 c1e3
6k1/6p1/2Nb1p1p/8/2pB4/2Pb1P2/1r4PP/4R1K1 b - -,b2b3 c6a5 b3b2 a5c6 g8h7 c6b4 d3f5 b4d5 h6h5 e1d1
r1b1kb1r/pp1pqppp/2n4n/4p3/2BpP3/5Q1N/PPP2PPP/RNB1K2R b KQkq -,e7f6 h3g5 f6f3 g5f3 f7f5 c1h6 f5e4 f3g5 g7h6 g5e4
1r4k1/pN3pp1/2n4p/4r1b1/8/1P3B2/P4PPP/3R1RK1 b - -,b8b7 f3c6 b7c7 c6d5 e5e2 b3b4 e2b2 d1b1 c7c2 g2g3
6k1/5p2/5p2/p5q1/4P1P1/5PKP/P4R2/8 b - -,g5c1 g3g2 c1g5 g2g3 g5e5 g3g2 e5e7 g2g3 e7c7 g3g2
rnbqkbnr/2pp1ppp/pp2p3/7Q/2B1P3/2N5/PPPP1PPP/R1B1K1NR b KQkq -,g8f6 h5h4 c8b7 d2d3 f8e7 h4g3 d7d5 e4d5 e6d5 c4b3
5B2/1k6/8/3K4/8/4N3/8/8 b - -,b7c7 d5c5 c7b8 f8d6 b8b7 c5d5 b7b6 e3c4 b6b7 d6e5
3r3k/p4p1p/4rp1q/2b5/7R/P1B5/KP4QP/6R1 b - -,h6g6 h4g4 c5g1 g4g6 h7g6 g2g1 a7a6 g1c5 h8g7 h2h4
8/6k1/6p1/5rPp/4R2P/8/5PK1/8 b - -,f5b5 e4a4 b5b7 g2f3 b7b3 f3e4 b3b2 f2f3 b2b7 e4d4
7R/1p5p/2r3p1/3Np1k1/4P3/1n1BP3/4K1PP/8 b - -,b3c1 e2d2 c1b3 d2d1 b3c5 d1e2 h7h5 h8e8 c6e6 e8c8
8/6pk/2pn3p/3q1p2/1P1Np3/2P3PP/1P2QP1K/8 b - -,d6b5 d4c2 b5d6 c2e3 d5f7 e2d2 f7f6 h2g1 g7g5 d2d1
5r2/6kp/6p1/p1Pn1p2/Pb6/4P3/2R1NPPP/6K1 b - -,f8c8 e2d4 d5c3 h2h3 c3a4 c2c4 g7f6 d4b3 a4c3 g2g4
r2r2k1/5pp1/1q1ppn1p/pNn5/2P1b3/Q3B1P1/P3PP1P/2RR1BK1 b - -,a8c8 f2f3 e4f5 g3g4 f5g6 e3f2 d8d7 d1d2 f6e8 h2h4
8/5k2/p7/8/3K4/8/4b3/8 b - -,f7g6 d4c3 g6f5 c3c2 f5e4 c2c3 e2h5 c3b2 e4d4 b2b1
r2q1rk1/1n3ppp/p5b1/np1pP3/2p2Q2/2P2N2/PPBN1PPP/2RR2K1 b - -,d8b6 d2f1 a8d8 f1e3 b7c5 d1d5 d8d5 e3d5 b6b7 d5b4
2r2nk1/p2q1ppp/1p1Pp3/2p5/2P3Q1/1P4P1/PB3P1P/3R2K1 b - -,g7g6 g4g5 c8e8 g5f6 e6e5 b2e5 e8e5 f6e5 f8e6 d1e1
8/8/r2p4/2k4p/4PB2/3K2P1/8/8 b - -,a6a3 d3e2 a3b3 e2f2 b3b2 f2e3 b2b6 e3f3 c5c4 g3g4
3r3k/p4p1p/4rpq1/2b5/6R1/P1B5/KP4QP/6R1 b - -,c5g1 g4g6 h7g6 g2g1 a7a6 g1c5 h8g7 h2h4 d8h8 c5c4
R7/p5k1/2p1R3/1p2p3/8/8/PPBKNrp1/8 b - -,g2g1b e6g6 g7f7 a8a7 f7f8 g6g1 f2f7 a7a8 f8e7 g1g6
b7/4bNk1/1r3np1/4p2p/2B1P2P/3R1PP1/KPP5/8 b - -,a8b7 f7g5 b7c8 c2c3 b6c6 c4b5 c6c5 b5a4 c5a5 a2b3
r1bqkb1r/ppp3pp/2nppn2/5pN1/3P4/1QP1P3/PP3PPP/RNB1KB1R b KQkq -,d8e7 c3c4 g7g6 b1c3 f8g7 f1e2 e8h8 e1h1 a7a5 d4d5
Rr4k1/4qpp1/1pQrn2p/4p3/3p4/3P2P1/1PRNPPKP/8 b - -,e7f8 a8b8 f8b8 c6c8 d6d8 c8b8 d8b8 c2c6 b6b5 d2f3
8/8/p3k3/2K5/8/8/4b3/8 b - -,e2h5 c5b6 h5e2 b6c5 e6e5 c5b4 e5d4 b4b3 e2f3 b3b2
8/5rk1/6p1/6Pp/1R5P/8/5PK1/8 b - -,g7h8 g2g3 f7a7 b4d4 a7e7 d4a4 e7d7 a4a3 d7e7 a3a6
6Q1/8/2p5/8/7K/3k1P2/1p6/8 b - -,g7h8 g2g3 f7a7 b4d4 a7e7 d4a4 e7d7 a4a3 d7e7 a3a6
7R/8/8/8/5p2/8/1r5k/5K2 b - -,
rnbqkb1r/2pp1ppp/pp2pn2/8/2B1P3/2N2Q2/PPPP1PPP/R1B1K1NR b KQkq -,c8b7 c4b3 b6b5 d2d3 c7c5 g1e2 b8c6 e1h1 f8e7 f3g3
3R2k1/pr3pp1/2n4p/4r1b1/8/1P3B2/P4PPP/5RK1 b - -,g5d8 f3c6 b7b8 b3b4 g7g5 f1d1 d8b6 c6f3 b8d8 d1d8
6k1/5p2/5p2/p7/4P1P1/5P1P/P4R1K/2q5 b - -,c1f4 h2g2 f4g5 g2g3 g5c1 g3h2 g8g7 h2g2 c1g5 g2g3
8/6np/p1pk1P2/1pp5/2P1p1KP/1P6/P2N4/8 b - -,g7e8 d2e4 d6e6 g4g5 e6f7 g5f5 f7g8 f5e6 g8f8 e4c5
r1b1q1k1/5ppp/p2b4/1p1p4/8/2P1Q3/PP1P1PPP/RNB3K1 b - -,c8d7 d2d4 f7f6 b1d2 e8h5 d2f1 a8e8 e3d2 e8e2 d2d1
8/1R4k1/6p1/5rPp/7P/8/5PK1/8 b - -,g7g8 g2g3 f5a5 b7b6 g8h7 b6b4 a5a3 g3g2 a3a7 b4f4
3r1rk1/2p2np1/3P2q1/ppP2pP1/5P2/1B4Q1/P5K1/R4R2 b - -,d8a8 f1e1 a8e8 d6c7 g6c6 g3f3 e8e4 a1d1 b5b4 b3d5
3r3k/p4p1p/4rpR1/8/8/P1B5/KP4QP/6b1 b - -,h7g6 g2g1 a7a6 g1c5 h8g7 h2h4 d8h8 c5c4 h8h6 a3a4
r1bqk2r/p4pp1/2p2n1p/n1b5/B3p3/8/PPPPQPPP/RNB1K1NR b KQkq -,e8h8 b1c3 f8e8 h2h3 d8b6 a4b3 c5d4 c3a4 b6c7 c2c3
8/8/p3k3/8/8/2K5/4b3/8 b - -,e6d5 c3b2 e2b5 b2c2 d5d4 c2b2 b5c4 b2c2 c4d5 c2b2
rn1qkbnr/pp3ppp/2p1p1b1/8/3PN1P1/2PB4/PP3P1P/R1BQK1NR b KQkq -,b8d7 g4g5 h7h6 g1f3 h6g5 e4g5 g6d3 d1d3 d8a5 c1d2
r1r3k1/pp3p1p/1bn2Bq1/3pPN2/3P4/3Q4/P4PPP/2R2RK1 b - -,c8e8 d3h3 e8e6 c1c3 e6f6 e5f6 g8h8 c3g3 g6f6 g3g7
2R3k1/3qp1bp/p5p1/1p2P3/3P2P1/4Q2P/P3N1P1/6K1 b - -,g8f7 e3b3 d7e6 b3f3 g7f6 c8c6 e6c6 f3c6 f6h4 g2g3
r2q1rk1/1bp2pbp/1p1p1np1/p1nP4/2PNp3/PPN1P3/1BQ1BPPP/R4RK1 b - -,f8e8 c3b5 c5d7 a1d1 h7h5 h2h3 d7e5 b5c3 e5d7 d1b1
8/5k2/8/6rP/8/5K2/R7/8 b - -,
3r3k/p4p2/4rpp1/8/8/P1B5/KP5P/6Q1 b - -,a7a6 g1c5 h8g7 h2h4 d8h8 c5c4 h8h6 a3a4 h6h5 a4a5
7R/1p5p/2r3p1/3Np1k1/4P3/3BP3/3K2PP/2n5 b - -,c1b3 d2d1 c6c1 d1e2 g5h6 h8e8 c1c5 e8e5 c5a5 e5e7
8/8/p7/3k4/8/8/1K2b3/8 b - -,d5d4 b2b3 e2g4 b3b2 d4c4 b2b1 c4b3 b1a1 b3c2 a1a2
2Q3k1/pp3pqp/8/4r3/3R4/6P1/P1B2P1P/2R3K1 b - -,e2d3 b2a3 d5c4 a3b2 d3e4 b2a2 c4c3 a2a1 c3c2 a1a2
4b3/4k3/p3p3/P2pPpp1/1PpP4/2K3PP/2B5/8 b - -,
6k1/6p1/3b1p1p/8/1Np5/2PbBP2/r5PP/3R2K1 b - -,a2a4 b4d3 c4d3 h2h3 d6e5 d1d3 g7g5 g1f1 g8f7 f1e2
2rq1rk1/pp2bppp/4b3/2p1B3/3pN3/3P1Q2/PPP2PPP/R3R1K1 b - -,c8c6 f3g3 f7f6 e5f4 e6d5 g3h3 f6f5 c2c4 d5f7 e4g3
r1bq1rk1/p4pp1/2p2n1p/n1b5/B3p3/8/PPPP1PPP/RNB1KQNR b KQ -,f6g4 g1h3 f8e8 b1c3 d8h4 g2g3 h4f6 c3d5 c6d5 a4e8
r2q1rk1/pp2p2p/2npb1pn/8/2PB4/2N5/PP2BPPP/R2Q1RK1 b - -,a7a6 d4e3 h6f5 e3g5 h7h6 g5c1 d8a5 f1e1 c6e5 e2f1
8/8/p7/8/2k5/8/4b3/K7 b - -,c4b3 a1b1 e2g4 b1a1 b3a3 a1b1 g4f5 b1a1 f5d7 a1b1
8/6pk/2p4p/3q1p2/1PnNp3/2P3PP/1P2QP2/6K1 b - -,c4e5 e2d2 e5d3 b2b3 d5f7 d2e3 f7d5 g1g2 d5e5 f2f3
rnbqkbnr/ppp3pp/4p3/3pp3/3P4/2P5/PPQ2PPP/RNB1KBNR b KQkq -,e5d4 c3d4 f8d6 b1c3 b8c6 g1f3 c8d7 c3b5 g8e7 c1d2
8/8/3k4/3P4/1r6/2K5/1P5R/8 b - -,b4b7 c3c4 b7c7 c4d4 c7h7 h2e2 h7b7 e2e6 d6d7 d4c3
3r1rk1/5np1/3p2q1/ppP2pP1/5P2/1B4Q1/P5K1/R6R b - -,d6c5 h1d1 c5c4 b3c2 g6e6 d1d8 f8d8 a1e1 e6d5 g2f2
r1bq1rk1/1p2bppp/p1np1n2/3Np3/4P3/N3BP2/PPP3PP/R2QKB1R b KQ -,f6d5 e4d5 c6d4 e3f2 b7b5 f1d3 g7g6 e1h1 c8d7 c2c3
7R/1p5p/2r3p1/3Np1k1/4P3/1n1BP3/6PP/3K4 b - -,c6c1 d1e2 g5h6 h8e8 c1a1 e8e5 a1a2 e2f3 b3a5 f3g3
r1bq1rk1/1p3pp1/7p/2Pnp3/p1Pp4/5NP1/1PQ1PPBP/R2R2K1 b - -,d5f6 f3e5 d8e7 c5c6 e7e5 c6b7 c8f5 c2f5 e5f5 b7a8r
1k6/6p1/8/8/8/8/1K4P1/8 b - -,
8/5Rk1/6p1/6Pp/7P/8/5PK1/8 b - -,g7f7 g2f3 f7e7 f3e4 e7f7 f2f4 f7e6 f4f5 e6d7 f5g6
rnbqkb1r/1p1p1ppp/p4n2/4p3/P3P3/1N1B4/1PP2PPP/RNBQK2R b KQkq -,f8e7 e1h1 d7d5 e4d5 f6d5 d1f3 b8c6 f1d1 d5f6 d3a6
1r1r2k1/p4p1p/5p2/3pp3/8/1PP4P/P4PP1/2RR2K1 b - -,g8f8 f2f4 f8e7 d1d3 b8c8 g2g4 h7h5 g1f2 e7e6 f4f5
8/pp6/8/3k1PPp/6P1/4K3/P7/8 b - -,d5e5 g5g6 e5f6 g4h5 f6g7 e3f4 g7f6 h5h6 f6e7 f4e5
8/p7/3Q4/1P3K2/1kp2P2/8/8/q7 b - -,
2rq1rk1/pp2b1pp/4bp2/2p5/3pN3/3P1QB1/PPP2PPP/R3R1K1 b - -,f8e8 g3f4 c8c6 h2h4 h7h6 f3g3 g8h7 h4h5 e6f7 g3g4
rb3rk1/ppq2ppp/2pB4/2Pp4/8/2NB1b2/PP1Q1P1P/4RRK1 b - -,c7d8 d2f4 f3h5 c3e2 h5g6 d3g6 h7g6 e2d4 d8d7 d4f3
8/1k6/1p1p3p/p1pPp1p1/P1K1P1PP/1P4P1/8/8 b - -,b7a6 c4c3 b6b5 c3c2 a6b6 c2c3 c5c4 b3b4 a5b4 c3b4
8/p7/2pn2k1/3p2N1/2n3PP/4PP2/8/B6K b - -,a7a6 h1g1 c4e3 g5e6 a6a5 h4h5 g6h6 g1f2 e3c4 f2g3
r1bqk1nr/pppp2pp/2n5/8/1bBNPp2/2N5/PPP2PPP/R1BQK2R b KQkq -,d8f6 d4b5 e8d8 c4g8 h8g8 c1d2 f6e5 e1h1 c6e7 c3d5
8/7r/6k1/8/4K3/8/8/8 b - -,d8f6 d4b5 e8d8 c4g8 h8g8 c1d2 f6e5 e1h1 c6e7 c3d5
1r6/3k2pp/4pp2/8/nP2P3/3NKPP1/7P/R7 b - -,a4b6 a1a7 d7c6 a7g7 b8d8 g7e7 b6c4 e3e2 c6d6 e7a7
2rr2k1/p4pp1/3b3p/8/5p2/2N5/PBPP1PPP/R4RK1 b - -,d6e5 f1d1 g7g5 a1b1 e5g7 g1f1 c8c4 a2a3 c4c8 b2a1
7R/1p5p/6p1/3Np1k1/4P3/1n1BP3/4K1PP/2r5 b - -,g5h6 h8e8 c1a1 e8e5 a1a3 e2f2 a3a2 f2f3 a2d2 d5f4
6k1/6p1/5p1p/8/1Pp5/3bBP2/r5PP/3R2K1 b - -,a2b2 e3d2 g8f7 d2c3 b2c2 c3a1 f7e6 b4b5 e6d5 b5b6
rnbqkbnr/ppp3pp/4p3/3p4/3Pp3/2P2P2/PPQ3PP/RNB1KBNR b KQkq -,f8d6 f3e4 d8h4 e1d1 h4e4 f1d3 e4g4 d3e2 g4f5 c2f5
r1q1k2r/4b3/p1Pp4/4pp2/6pp/2N1P2B/PP6/2RQ1R1K b kq -,a6a5 c3d5 g4h3 c6c7 e8f7 d1c2 h8h5 c2e4 e7f6 e4f3
3r1rk1/1b3pp1/pp2q2p/2ppP2Q/4n3/1P1BP3/PBP3PP/R4RK1 b - -,e6e7 f1f4 b6b5 a1e1 b5b4 e5e6 f7f6 e1f1 e7e6 d3e4
r2q1rk1/pp2p2p/2npb1pB/8/2Pb4/2N5/PP2BPPP/R2Q1RK1 b - -,f8f6 c3d5 f6f7 d1d2 d8d7 a1e1 e6f5 e2f3 e7e5 b2b3
5k2/1R6/6p1/5rPp/7P/6K1/5P2/8 b - -,f5a5 b7b4 a5a3 g3g2 f8g7 b4d4 a3a7 d4c4 a7d7 g2f3
4q1k1/1b1r3p/p4pp1/1p6/2P5/1P3N2/1B3PKP/R3Q3 b - -,b7f3 g2g1 e8e1 a1e1 g8f7 c4b5 a6b5 b2c3 d7c7 e1e3
rnbqk2r/p3ppbp/3p1np1/3P4/1pP1P3/4BN2/1PQ2PPP/RN2KB1R b KQkq -,a7a5 f1e2 b8a6 b1d2 a6c5 e1h1 e8h8 h2h3 d8c7 f3d4
5r1k/8/pr1pp1p1/2p1p1q1/4P2p/1PNP3P/2P2PP1/R2Q2K1 b - -,h8h7 d1e1 b6b7 c3d1 b7f7 e1e2 d6d5 e4d5 e6d5 a1a6
8/6pk/2p4p/3qnp2/1P2p3/2P3PP/1PN1QP2/6K1 b - -,e5f3 g1g2 f5f4 g3f4 d5f5 e2e3 h7h8 c3c4 h8g8 b4b5
2kr1b1r/1bpq1n1p/p2p4/5PBQ/3N4/2N5/PPP2PPP/R4RK1 b - -,f8g7 f5f6 f7g5 h5g5 h8g8 f2f3 g7h8 g5f4 d8f8 c3e4
8/pp6/6P1/5k1P/8/4K3/P7/8 b - -,f5e6 h5h6 e6f6 g6g7 f6f7 e3d4 f7g8 a2a4 g8f7 d4c5
r2q1rkb/4pp1p/3pb1pP/4n1P1/4PP2/1P2Q3/1BP5/1K1R1BNR b - -,e5g4 e3d2 d8b6 b2h8 e6b3 h8b2 f8c8 f1d3 b3a2 b1c1
8/1p6/p4kp1/8/P4PKP/8/8/8 b - -,b7b5 a4b5 a6b5 g4f3 f6f5 f3e3 b5b4 e3d4 f5f4 d4c4
r1b1kbnr/pp2pppp/2n5/8/Q2q4/2N1P3/PP3PPP/R1B1KBNR b KQkq -,d4a4 c3a4 g8f6 g1f3 e7e6 f1e2 f8b4 c1d2 b4d2 f3d2
8/4p3/pP3k2/7p/1K6/8/P7/3B1b2 b - -,f1h3 b6b7 a6a5 b4a5 h3f5 b7b8q f6g5 b8e5 h5h4 e5g7
1r4k1/4qpp1/Rp1rn2p/4p3/3p4/3P1QP1/1PRNPPKP/8 b - -,e6g5 a6a8 g5f3 a8b8 d6d8 b8d8 e7d8 e2f3 d8d7 g2f1
r1q1k2r/4b3/p1Pp4/3Npp2/7p/4P2p/PP6/2RQ1R1K b kq -,e5e4 d5b6 c8e6 b6a8 e8f7 a8b6 e6e5 d1d5 f7g6 d5e5
8/8/p4kp1/1P6/5PKP/8/8/8 b - -,a6b5 h4h5 g6h5 g4f3 f6f5 f3e3 b5b4 e3d3 f5f4 d3c4
8/3P1n2/n5kp/2pK3N/1b4P1/2p1p3/8/3B4 b - -,g6g5 h5g3 a6b8 d5e4 b8d7 e4e3 d7f6 d1c2 f6g4 e3e4
5rk1/2R2pp1/8/p7/2p1P1P1/4Q2P/q3P1K1/8 b - -,a5a4 e4e5 a2b3 e3d4 b3c2 d4e3 f8e8 e3f3 g8h7 g4g5
1rbq1rk1/p1pn1p1n/1p1pp1pQ/8/2PPP3/6PP/PP2NPB1/RN3RK1 b - -,b6b5 c4b5 a7a6 f1d1 a6b5 b2b4 f8e8 h6e3 e6e5 b1d2
7r/pp1k1ppp/3Np3/1P2n2q/1Q1p3P/P3PbP1/1B3P2/2R3K1 b - -,f3g4 b5b6 e5c6 c1c6 b7c6 d6e4 h5d5 e4c5 d7e7 e3e4
3N4/p7/1p1k4/4n1P1/8/P7/1PK5/8 b - -,d6e7 g5g6 e5g6 d8c6 e7d6 c6a7 d6c5 c2c3 b6b5 a7b5
r1bqk1nr/1pp2pbp/p1n3p1/3pp3/3PP3/2PB1N2/PP1N1PPP/R1BQK2R b KQkq -,e5d4 c3d4 d5e4 d2e4 g8e7 e1h1 e8h8 f1e1 h7h6 c1f4
8/8/p4k2/2p2p2/P2p4/1P3K2/2P2P2/8 b - -,
8/8/5kp1/1p6/5P1P/5K2/8/8 b - -,f6g5 f3g3 f5f4 g3h3 a6a5 f2f3 g5h5 h3g2 h5g6 g2h3
r1bqk2r/pp2ppbp/2p3pn/2p1P3/4N3/3P1N1P/PPP2PP1/R1BQK2R b KQkq -,f7f6 e1h1 e8h8 a2a4 b7b6 a4a5 c8e6 d1e2 e6d5 c2c4
6k1/1R4p1/p4p1p/P2r3P/8/3p2P1/1P3P2/4K3 b - -,d5c5 b2b4 c5c2 b7a7 c2e2 e1d1 e2b2 a7a6 b2b4 d1d2
r3kb1r/1bpq1n1p/p2p4/5PpQ/3N4/2N1B3/PPP2PPP/R4RK1 b kq -,e8a8 d4e6 d8e8 a1e1 h8g8 e3d4 f7e5 d4e5 d6e5 e1e3
r1bq1rk1/1p3pp1/7p/2P1p3/pnPp4/5NP1/1P1QPPBP/R2R2K1 b - -,b4a6 a1a4 f8e8 a4a5 a8b8 b2b4 d8f6 d2b2 b7b6 c5b6
5B2/8/1k6/3K4/8/8/8/3N4 b - -,b6b7 d1e3 b7c7 f8d6 c7b6 d6e5 b6b7 e3c4 b7a6 d5c6
8/ppk4p/1p2pn2/3p2p1/4p3/PP2PbP1/2P2P1K/4RB2 b - -,f6g4 h2g1 g4e5 e1c1 c7d6 c2c4 f3g4 c4d5 e6d5 c1c2
8/6pk/2p4p/3q1p2/1P2p3/2P2nPP/1PN1QPK1/8 b - -,f5f4 g3f4 d5f5 e2e3 h7h8 c3c4 h8g8 b4b5 c6b5 c4b5
8/8/6p1/1p3k2/5P1P/4K3/8/8 b - -,f5f4 g3f4 d5f5 e2e3 h7h8 c3c4 h8g8 b4b5 c6b5 c4b5
4Rbk1/5ppp/4p3/4p3/P1N1P3/1P1n2PP/4qPB1/5RK1 b - -,
r4rk1/ppp1qppp/3bp3/8/1nPPQ3/1P3N2/PB3PPP/R4RK1 b - -,c7c6 a1e1 f8e8 e1e2 f7f6 b2a3 a7a5 c4c5 d6c7 a3b4
8/pp6/5kP1/7P/3K4/8/P7/8 b - -,f6g7 d4c5 g7f6 c5d6 a7a5 a2a4 b7b5 a4b5 f6g7 d6d5
2r5/2P1k2p/6p1/pNn2p2/1b5R/4P1P1/5P1P/6K1 b - -,h7h5 h4c4 c5e6 h2h3 e7d7 g3g4 b4c5 g1g2 c5b6 c4c3
rnbqk1nr/pp2ppbp/3p2p1/2p5/4PP2/3P1N2/PPPQ2PP/RNB1KB1R b KQkq -,b8c6 b1c3 a7a6 a2a4 a8b8 b2b3 g8f6 g2g3 b7b5 c1b2
r2q1rkb/4pp1p/3pb1pP/6P1/4PPn1/1P6/1BPQ4/1K1R1BNR b - -,d8b6 g1e2 h8b2 b1b2 g4e3 e2d4 e3d1 d2d1 e6g4 f1e2
r2qrbk1/5ppn/p1n1b2p/1pp1pN2/3pP1PP/2PP1Q2/PPB2P1N/R1B1R1K1 b - -,c5c4 d3c4 b5c4 c2a4 a8c8 c1d2 d8a5 a4c6 c8c6 g4g5
4r1k1/5ppp/p7/1p1p1b2/3P1b2/2P1B3/PP3PPP/RN4K1 b - -,h7h5 a2a4 b5a4 c3c4 d5c4 b1c3 f4e3 f2e3 e8e3 a1a4
8/8/6p1/5k2/1p3P1P/3K4/8/8 b - -,g7g5 g2g3 f4e3 f2e3 e8e3 g1f2 e3d3 f2e2 b5b4 a2a3
5k2/R7/6p1/2r3Pp/7P/6K1/5P2/8 b - -,c5c3 f2f3 c3c4 g3h3 c4c3 a7a8 f8g7 h3g3 c3c7 a8a4
r2qk2r/ppp1bppp/2np1n2/4p3/3PP1b1/2PB1P2/PP1NN1PP/R1BQK2R b KQkq -,g4h5 d1b3 d8c8 d2f1 h5g6 f1e3 a7a5 b3d1 c8d8 d4d5
4r3/3k4/3p4/7p/3KPB2/6P1/8/8 b - -,d7c6 d4d3 e8b8 f4e3 b8b3 d3e2 c6b5 e3f4 b5c5 e2f2
5rk1/p2bp2p/3p2pB/8/2pqP1P1/8/P1P1K2Q/R6R b - -,d7e6 d4e3 e6d7 e3f3 e8f8 f3g2 d7c6 g2h3 f8e8 h3h4
6k1/pr3pp1/2B4p/4r1b1/8/1P6/P4PPP/3R1RK1 b - -,b7c7 c6d5 e5e2 b3b4 e2b2 d1b1 c7c2 g2g3 g7g6 b1b2
6k1/6p1/3b1p1p/8/2p5/2PNBP2/4r1PP/3R2K1 b - -,d6f8 d1e1 e2c2 d3f4 c2c3 g1f2 f8a3 f4e2 c3c2 e1a1
r1bqkb1r/1pp2ppp/p1n1pn2/8/4p3/1PN4N/PBPPQPPP/2KR1B1R b kq -,c6d4 e2e1 c7c5 c3e4 f6e4 e1e4 c8d7 c1b1 d7c6 e4e5
8/pp6/4k1PP/8/3K4/8/P7/8 b - -,e6f6 h6h7 f6g7 d4d5 a7a6 d5e6 g7g6 h7h8q g6g5 h8b8
r1b1n1k1/p2q3p/2p1p1pQ/1pp1P3/2P5/2PB2N1/P5P1/2K4R b - -,e8d6 d3g6 d7g7 g6h7 g8f7 h6g7 f7g7 e5d6 c8d7 h7c2
4r3/8/2kp4/7p/4PB2/3K2P1/8/8 b - -,e8c8 d3e3 c8b8 f4g5 c6c5 g5f4 b8b6 e3f3 c5c4 g3g4
3qk3/pppppppp/8/8/8/5N2/PPPPPPPP/1N2KB2 b - -,c7c6 e2e3 d8b6 b2b3 b6c5 f1d3 b7b5 a2a4 b5a4 b3a4
8/8/5k2/p1p2p2/P2p1K2/1P6/2P2P2/8 b - -,f6e6 f4g5 e6e5 f2f3 f5f4 g5g4 e5e6 g4f4 e6d5 f4f5
r1b2rk1/1pp2pp1/p1nq3p/8/P1Bp4/3P4/1PPN1PPP/R2QR1K1 b - -,d6f6 d2e4 f6g6 e4g3 c8d7 d1d2 g6f6 e1e4 a8e8 a1e1
6R1/8/8/8/5p2/5k2/4r3/5K2 b - -,
5k2/8/R5p1/5rPp/7P/6K1/5P2/8 b - -,f8g7 a6a7 g7g8 a7a8 g8g7 a8c8 f5f7 c8c4 f7b7 c4a4
rn3rk1/p4ppp/b1p1p3/q3P3/1b1PBB2/p4Q2/N1P2PPP/R4RK1 b - -,a6f1 a1f1 b4e7 f3d3 g7g6 h2h4 e7h4 g2g4 b8d7 g1g2
8/p2k1N2/1p4n1/8/8/P7/1PK5/8 b - -,
8/8/6p1/8/1pK2k1P/8/8/8 b - -,d7c6 c2c3 c6c5 f7g5 g6f4 g5e4 c5c6 c3c4 b6b5 c4c3
5rk1/2R2pp1/8/4P3/p1p3P1/4Q2P/q3P1K1/8 b - -,a2b3 e3c5 b3c2 c5e3 f8e8 e3f3 g8h7 g4g5 c2g6 h3h4
8/pp4P1/5k1P/8/3K4/8/P7/8 b - -,f6f7 d4d5 b7b5 d5c5 a7a6 c5b6 f7g8 b6a6 b5b4 a6b5
r1bqk1nr/1pp2pbp/p1n3p1/3pP3/8/2PBPN2/PP1N1PPP/R1BQK2R b KQkq -,g8e7 e3e4 e8h8 e1h1 c6e5 f3e5 g7e5 d2f3 e5g7 c1g5
3r1rk1/1b3pp1/pp2q2p/3pP2Q/2p1n3/1P2P3/PBP1B1PP/R4RK1 b - -,e4g5 b2d4 b6b5 e2g4 e6e7 f1f4 b7c8 a1f1 c4b3 a2b3
8/1p5p/2r3p1/2nNp1k1/4P3/3BP3/4K1PP/R7 b - -,c6d6 a1b1 d6c6 b1b2 c6d6 b2c2 c5d7 c2c7 b7b6 d3b5
8/pp6/5kp1/5P1p/6PP/4K3/P7/8 b - -,h5g4 e3e2 g6f5 h4h5 f6g5 e2d2 g5h6 d2d1 h6h5 d1e2
4Rbk1/5p1p/3Np3/4p1p1/P3P3/1P1n2PP/4qPB1/5RK1 b - -,
6R1/8/8/8/5p2/5k2/5r2/6K1 b - -,
6k1/1R4p1/p4p1p/r6P/6P1/3p4/1P3P2/4K3 b - -,a5g5 f2f3 f6f5 b7b4 f5g4 f3g4 a6a5 b4c4 g5b5 c4c8
r1b2rk1/1pq1bppp/p2ppn2/6P1/3QPP2/2N1B3/PPP1B2P/R4RK1 b - -,f6d7 a2a4 b7b6 f4f5 g8h8 a1d1 c8b7 f5e6 f7e6 d4c4
r2qk1nr/ppp1bppp/1n1Pb3/8/4P3/1B3N2/PPP2PPP/RNBQK2R b KQkq -,e7d6 d1d4 e6b3 d4g7 d8f6 g7f6 g8f6 a2b3 f6e4 e1h1
8/6k1/R5p1/5rPp/7P/5PK1/8/8 b - -,f5f7 a6a4 f7b7 a4f4 b7a7 f4e4 a7a1 e4e7 g7g8 e7e6
8/pp3kP1/7P/3K4/8/8/P7/8 b - -,f5f7 a6a4 f7b7 a4f4 b7a7 f4e4 a7a1 e4e7 g7g8 e7e6
r3k2r/3qb3/p1Pp4/4pp2/6pp/4P2B/PP2N3/2RQ1R1K b kq -,d7d8 c6c7 d8c8 d1a4 c8d7 c7c8q a8c8 c1c8 e7d8 a4c4
4q1k1/3r3p/p4pp1/1p6/2P5/1P3K2/1B3P1P/R3Q3 b - -,e8a8 f3e3 d7e7 e3d2 a8d8 d2c2 e7e1 a1e1 d8c8 c2d2
6k1/6p1/3b1p1p/8/2p5/2P1rP2/1N4PP/3R2K1 b - -,d6a3 b2a4 e3e2 d1d4 a3c1 g1f1 e2c2 d4c4 c1e3 c4e4
5rk1/2R2pp1/8/4P3/p1p3P1/4Q2P/2q1P1K1/8 b - -,f8e8 e3f3 g8h7 g4g5 c2g6 h3h4 e8e5 c7c4 e5f5 f3e4
6R1/8/8/8/5p2/5k2/3r4/5K2 b - -,f8e8 e3f3 g8h7 g4g5 c2g6 h3h4 e8e5 c7c4 e5f5 f3e4
7r/3rkp2/4R2p/p3Pp2/P1pP1q2/2P5/2P3QP/1R5K b - -,f8e8 e3f3 g8h7 g4g5 c2g6 h3h4 e8e5 c7c4 e5f5 f3e4
1r4k1/5pp1/5n2/p4N2/3R2P1/2p2P1P/P3PQK1/2q5 b - -,c1b2 g4g5 c3c2 g5f6 c2c1q f5e7 g8f8 f6g7 f8e7 f2h4
8/8/6p1/8/7k/2K5/8/8 b - -,c1b1 f5e7 g8f8 e7c6 b8e8 e2e4 b1b5 d4d6 b5c4 c6a5
rnbqk1nr/ppp3pp/3bp3/3p4/3PP3/2P5/PPQ3PP/RNB1KBNR b KQkq -,c7c5 e4e5 d6c7 g1f3 b8c6 f1d3 c5d4 c1g5 g8e7 e1h1
4R3/8/8/r7/8/8/6p1/4K1k1 b - -,a5a3 e8h8 a3e3 e1d2 g1f2 h8h5 g2g1q h5h1 g1h1 d2c2
rn2kbnr/pp3ppp/2pp2q1/4p3/2BPP3/2N2NPb/PPP2P1P/R1BQ1RK1 b kq -,h3f1 c4f1 b8d7 a2a4 g8f6 a1a3 e5d4 f3d4 g6h5 d1h5
r2qkb1r/ppp1pppp/2n2n2/5b2/2BPp3/2N3N1/PPP2PPP/R1BQK2R b KQkq -,c6d4 c3d5 c7c6 d5f6 e7f6 c1e3 f5e6 c4e6 d4e6 e1h1
8/p4kP1/7P/8/1K6/8/P7/8 b - -,c6d4 c3d5 c7c6 d5f6 e7f6 c1e3 f5e6 c4e6 d4e6 e1h1
4r1k1/2R2pp1/8/4P3/p1p3P1/5Q1P/2q1P1K1/8 b - -,g8h7 g4g5 c2g6 c7c4 g6g5 c4g4 g5e5 g4a4 e5e2 f3e2
4k3/p4p2/4p1p1/1pqp4/P6p/2P4P/1Q4P1/7K b - -,b5a4 b2b8 e8e7 b8f4 c5c4 f4g5 e7f8 g5e5 c4e4 e5h8
r4rk1/pb2nppp/1p1qp3/2ppN1P1/3PnP2/2PBP2Q/PP1N3P/2KR3R b - -,e7f5 h3f3 g8h8 h1g1 f7f6 g5f6 g7f6 d4c5 e4c5 d3f5
r1bq3r/ppp1b1pp/2nk4/3n4/2B5/2p3Q1/PPP2PPP/R1B1R1K1 b - -,d6c5 b2c3 c5c4 g3d3 c4c5 a1b1 a7a6 c1a3 d5b4 a3b4
rn3rk1/pp2ppbp/1q1pbnp1/2p5/3PPB2/2P2N2/PP1NBPPP/R2Q1RK1 b - -,c5d4 f3d4 e6d7 d2c4 b6c7 e4e5 d6e5 c4e5 f6d5 e5d7
3k4/p5pp/8/3K4/1PP5/7P/P5P1/8 b - -,d8c7 b4b5 c7b7 c4c5 b7c7 c5c6 c7b6 d5d6 b6b5 c6c7
r1bqr1k1/p4pp1/2p2n1p/n1b5/B3p3/8/PPPPNPPP/RNB1KQ1R b KQ -,f6g4 b1c3 c5f2 f1f2 g4f2 e1f2 a5c4 h1f1 d8b6 f2e1
3qk3/2pppppp/1p6/p7/8/2NBPN2/PPPP1PPP/4K3 b - -,e7e5 h2h4 d8f6 h4h5 g7g6 a2a4 g6h5 b2b3 f6g7 e1f1
4Rb2/1N3pkp/4p3/4p1p1/P3P3/1P1n2PP/4qPB1/5RK1 b - -,d3e1 e8f8 g7f8 b7c5 e2d2 c5d7 f8g7 d7e5 d2c3 g2h1
r1r3k1/pb3ppp/1p2p3/n2q4/3P1B2/P2QPP2/1P4PP/R3KB1R b KQ -,h7h5 b2b4 a5c4 e3e4 d5d7 f1e2 a7a5 e1f2 b7a6 h1c1
r1q1k2r/4b3/p1Pp4/3Bpp2/6p1/4P2p/PP2N3/2RQ1R1K b kq -,e7d8 e2g3 h8f8 d1c2 a8a7 f1f5 f8f5 g3f5 c8c7 c1f1
8/5kP1/p6P/K7/8/8/P7/8 b - -,e7d8 e2g3 h8f8 d1c2 a8a7 f1f5 f8f5 g3f5 c8c7 c1f1
8/4p3/pR1r1k2/P7/1K4Bp/8/P7/5b2 b - -,f6e5 b4c5 f1g2 b6b2 h4h3 b2e2 e5f6 e2f2 f6g5 g4h3
8/R5k1/6p1/4r1Pp/7P/5PK1/8/8 b - -,g7g8 a7c7 e5b5 c7c8 g8g7 c8c6 b5b7 c6c4 b7e7 g3g2
1r3r2/pp1q2kp/2np1pp1/2p1pP2/2P1P2P/2QP2P1/PP2N1K1/1R3R2 b - -,b7b5 b2b3 g6f5 f1f5 c6e7 f5f2 b5b4 c3d2 d7g4 d2e3
6k1/6P1/K6P/8/8/8/P7/8 b - -,a7a5 c3d2 b7b5 c4b5 b8b5 e2c3 b5b8 f5g6 h7g6 f1f2
4r3/2R2Qpk/8/4P3/p1p3P1/7P/2q1P1K1/8 b - -,c2e2 f7f2 e2e5 f2c2 h7h8 c7c4 e5d5 g2h2 a4a3 c4c5
5k2/R7/6p1/4r1Pp/5K1P/5P2/8/8 b - -,e5e1 f4g3 f8g8 a7a4 e1b1 a4d4 b1b7 g3f4 b7e7 d4e4
r3k2r/1pp1npp1/p1pb1q2/4P2p/4P1b1/2P2N1P/PP1N1PP1/R1BQ1RK1 b kq -,f6e5 h3g4 e5e6 g4g5 e8a8 f3d4 e6g6 d1f3 f7f6 g5f6
r4rk1/1ppq1ppp/p1npbn2/2b1p3/4P3/2PP1N2/PPBN1PPP/R1BQR1K1 b - -,f6g4 e1e2 c5f2 e2f2 g4e3 d1e2 e3c2 a1b1 e6a2 b2b3
8/8/3k4/1r1P3R/8/2K5/1P6/8 b - -,b5c5 c3b4 c5c1 b2b3 c1g1 b4c4 g1g8 h5h6 d6d7 b3b4
5k2/R7/6p1/5rPp/4K2P/5P2/8/8 b - -,f5b5 a7d7 f8g8 d7d4 g8f7 e4e3 b5b7 d4e4 b7b3 e3f2
r2qr1k1/p4pp1/b1p2n1p/n1b5/B3p3/2N5/PPPPNPPP/R1B1KQ1R b KQ -,f6g4 c3d1 g4e5 d1e3 f7f5 b2b4 c5b4 e3f5 e5d3 c2d3
r4rk1/pp2qppp/2pbp3/8/1nPPQ3/1P3N2/PB3PPP/R3R1K1 b - -,f8e8 e1e2 f7f6 b2a3 a7a5 c4c5 d6c7 a3b4 a5b4 e4c2
7r/3rk1Q1/4p2p/p3Pp2/P1pP1q2/2P5/2P4P/1R5K b - -,f8e8 e1e2 f7f6 b2a3 a7a5 c4c5 d6c7 a3b4 a5b4 e4c2
8/6Pk/7P/1K6/8/8/P7/8 b - -,f8e8 e1e2 f7f6 b2a3 a7a5 c4c5 d6c7 a3b4 a5b4 e4c2
rn2k2r/pbpp1pp1/1p2pq1p/8/2PP4/P1Q2N2/1P2PPPP/R3KB1R b KQkq -,c7c5 a1d1 e8h8 d4d5 f6c3 b2c3 f8e8 g2g3 e6d5 c4d5
5B2/2k5/8/3K4/8/2N5/8/8 b - -,c7b7 c3d1 b7b6 d1e3 b6c7 f8d6 c7b7 d6g3 b7b6 d5d6
r2q1rk1/pp3ppp/2pP4/3p3b/5Q2/2NBR3/PP3P1P/5RK1 b - -,g7g5 f4d4 f7f6 f2f4 d8d6 c3e4 c6c5 e4d6 c5d4 e3e7
rnb2rk1/pppp1p1p/8/b3P1pn/2BP1p1q/2PN4/PP1NQ1PP/R1B2RK1 b - -,d7d5 d2f3 c8g4 c4d5 c7c6 d5c4 b7b5 c4b3 h5g7 d3f2
1r4k1/5pp1/5n2/p4N2/3R2P1/2p1QP1P/Pq2P1K1/8 b - -,b8e8 f5e7 g8f8 d4c4 e8e7 c4c8 e7e8 e3c3 b2e2 g2g1
r1bq1rk1/1p3ppp/p2p1b2/3Pp3/3n1P2/N2BB1P1/PPP4P/R2Q1RK1 b - -,f8e8 f4e5 d6e5 d3e4 g7g6 c2c3 d4f5 e4f5 c8f5 c3c4
5rk1/p3p2p/3p2pB/8/2pqP1b1/8/P1P4Q/R3K2R b - -,f8e8 f4e5 d6e5 d3e4 g7g6 c2c3 d4f5 e4f5 c8f5 c3c4
3r1rk1/1b3pp1/pp2q2p/3pP2Q/4n3/BPp1P3/P1P1B1PP/R4RK1 b - -,e4d2 a3f8 d8f8 f1f2 b7c8 e2d3 e6e7 f2f4 a6a5 a1e1
r1b1R3/p5k1/2p5/1p2p3/5r2/2N3p1/PPB5/2K4R b - -,g3g2 h1h7 g7f6 e8f8 f6e6 f8g8 f4f1 c1d2 e6d6 g8g2
1r1r1k2/p4p1p/5p2/3pp3/2P5/1P5P/P4PP1/2RR2K1 b - -,b8b4 c4d5 b4b5 d5d6 b5b6 d6d7 b6b7 c1c8 f8e7 c8d8
8/8/1p1p1k1r/1pp1p1RP/1PnPP2K/2P2N2/8/8 b - -,c5d4 c3d4 e5d4 f3d4 h6h7 g5g6 f6e5 d4f3 e5f4 f3g5
r1b2rk1/2qnbppp/2pp1n2/pp2p1B1/3PP3/N1PB1N2/PPQ2PPP/3R1RK1 b - -,h7h6 g5h4 f8e8 h2h3 d7f8 f1e1 f8g6 h4f6 e7f6 d4d5
8/6P1/7k/1K6/P7/8/8/8 b - -,f8e8 f1e1 h7h6 g5h4 d7f8 h2h3 f8g6 h4f6 e7f6 d4d5
8/4rpk1/6p1/3RN2p/5K1P/6P1/8/8 b - -,e7e8 d5d7 g7g8 e5f7 e8f8 f4g5 f8f7 d7d6 f7h7 d6g6
r1b1nk2/p6Q/2p1p1p1/1pp1P3/2P5/2Pq2N1/P5P1/2K2R2 b - -,d3f1 g3f1 a8b8 f1d2 b8b7 h7h8 f8e7 h8h4 e7f8 d2e4
r1b1kb1r/5ppp/p1pq4/3p4/3N1p2/5QP1/PPP2P1P/2KR1B1R b kq -,f8e7 f3f4 d6f4 g3f4 c8d7 h2h4 e8h8 f1h3 d7e8 d4f5
r1r3k1/pb3ppp/1p2p3/n7/3P1B2/PQ2PP2/1P4PP/R3KB1R b KQ -,b7a6 b3d1 a6f1 h1f1 a5c4 b2b3 c4a5 d1d3 c8d8 b3b4
8/4p3/pR1r1k2/P7/1K4B1/7p/P7/5b2 b - -,f1g2 g4h3 g2h3 b4c5 f6e5 b6b2 h3f5 b2b7 f5d7 c5c4
q5k1/3r3p/p4pp1/1p6/2P5/1P4K1/1B3P1P/R3Q3 b - -,d7d3 e1e3 d3e3 f2e3 b5c4 a1f1 a8b8 g3g2 b8b7 g2g1
5rk1/p3rp1p/1p4p1/2PN1n2/1P6/P2PPR1P/6P1/R5K1 b - -,e7e6 c5c6 g8g7 b4b5 e6d6 d5b4 d6e6 g1f2 f8e8 d3d4
6k1/6p1/3R1p1p/8/2p5/2r2P2/1N4PP/6K1 b - -,g7g5 b2a4 c3c1 g1f2 c4c3 d6c6 c3c2 a4b2 c1h1 c6c2
5k2/3R4/6p1/1r4Pp/4K2P/5P2/8/8 b - -,f8g8 d7d4 g8f7 e4e3 b5b7 d4e4 b7b3 e3f2 b3b2 f2g3
8/1p1r2p1/p3kp1p/P2p3P/1R1K2P1/8/1P3P2/8 b - -,e6d6 b4b6 d6c7 b6e6 c7d8 b2b4 d8c8 e6e3 c8c7 e3c3
rnbqk2r/pp3ppp/3bpn2/8/3P4/2N2N2/PP3PPP/R1BQKB1R b KQkq -,e8h8 c1g5 h7h6 g5h4 b8c6 f1b5 c8d7 e1h1 d6e7 d1e2
r2qr1k1/p4pp1/b1p4p/n1b5/B3p1n1/8/PPPPNPPP/R1BNKQ1R b KQ -,g4e5 d1e3 f7f5 b2b4 c5b4 f1g1 a6e2 a1b1 b4c5 e1e2
8/1p1r1kp1/p4p1p/P2p3P/1R4P1/4K3/1P3P2/8 b - -,f6f5 f2f3 f5g4 f3g4 f7f6 b4b6 f6e5 b6g6 d7e7 e3d3
8/3R1pk1/4r1p1/4N2p/5K1P/6P1/8/8 b - -,e6a6 d7f7 g7h6 f7c7 a6a4 c7c4 a4a5 c4c6 a5a4 f4f3
5k2/8/P7/1K6/8/8/8/8 b - -,e6a6 d7f7 g7h6 f7c7 a6a4 c7c4 a4a5 c4c6 a5a4 f4f3
r2qkb1r/ppp2ppp/8/4p2b/3n2P1/2NP1N1P/PPP2P2/R1BQ1RK1 b kq -,h5g6 f1e1 f7f6 f3e5 f6e5 e1e5 e8f7 e5d5 d8f6 g4g5
4k3/pR3pp1/4p2p/3n4/8/3q1N2/PP3PPP/2R3K1 b - -,d5c3 b2c3 g7g5 b7b1 d3f5 c3c4 g5g4 f3d2 f5c5 d2e4
r1b1k2r/1p1nbp1p/1q2p1p1/pN1pP3/6Q1/3B4/PP3PPP/R1B1R1K1 b kq -,d7c5 c1e3 b6d8 b5d6 e7d6 d3b5 c8d7 e5d6 c5e4 b5d3
r1q1k2r/8/p1Pp4/3Bpp2/6pb/1P2P2p/P3N3/2RQ1R1K b kq -,e8d8 e3e4 a8a7 e4f5 g4g3 e2g3 h4g3 d1g4 g3h4 g4g6
r3k2r/1pp1npp1/p1p2q2/4b2p/4P1b1/1QP2N1P/PP1N1PP1/R1B2RK1 b kq -,b7b5 f3e5 f6e5 b3c2 e7g6 d2b3 g6f4 c1f4 e5f4 h3g4
5k2/2R5/6p1/5rPp/4K2P/5P2/8/8 b - -,f5b5 c7c4 f8g7 e4d4 b5b7 f3f4 b7d7 d4e5 d7f7 c4c6
4R3/8/8/8/8/r7/4K1p1/6k1 b - -,f5b5 c7c4 f8g7 e4d4 b5b7 f3f4 b7d7 d4e5 d7f7 c4c6
r3kb1r/pp1q1ppp/2n1p3/3p2Bn/3P2b1/1QPB2N1/PP1N1PPP/R3K2R b KQkq -,f8d6 d2f1 h7h6 g5d2 h5g3 f1g3 d6g3 h2g3 e8h8 e1h1
rR4k1/3n1pp1/2bq3p/p1pNp3/2PnP3/Q4PP1/P2B1K1P/3R1B2 b - -,a8b8 d2c3 c6d5 c4d5 d6g6 a3a4 d7b6 a4a3 g6h5 f1g2
r1b1R2R/p5k1/2p5/1p2p3/5r2/2N5/PPB3p1/2K5 b - -,g2g1q c3d1 g1c5 b2b4 c5b4 h8g8 g7f7 e8c8 a8c8 g8c8
5k2/2R5/6p1/1r4Pp/4KP1P/8/8/8 b - -,f8g8 c7d7 b5a5 e4d4 a5f5 d4e3 f5b5 d7d4 g8f7 d4a4
r1q1k2r/8/p1Pp4/3Bpp2/7b/1P2P1Np/P7/2RQ1R1K b kq -,h4e7 g3f5 a8a7 f5g7 e8d8 g7e6 c8e6 d5e6 h3h2 f1f7
8/4p3/pR1r1k2/P1K5/8/7b/P7/8 b - -,f6e5 b6b7 h3d7 b7c7 e7e6 a2a4 d7a4 c7c8 a4b5 c8g8
8/3k4/8/3K4/7B/4N3/8/8 b - -,d7c8 d5c6 c8b8 c6b6 b8a8 e3f1 a8b8 h4f2 b8a8 b6c6
1r1q1rk1/pbpn1p1n/1p1pp1pQ/8/2PPP3/2N3PP/PP2NPB1/R4RK1 b - -,a7a6 a2a4 d8e7 h6e3 c7c6 f1d1 e6e5 d1d2 h7f6 g3g4
4r1k1/5pp1/5n2/p4NQ1/3R2P1/2p2P1P/Pq2P1K1/8 b - -,a7a6 a2a4 d8e7 h6e3 c7c6 f1d1 e6e5 d1d2 h7f6 g3g4
5k2/1R6/6p1/5rPp/4KP1P/8/8/8 b - -,f8g8 b7a7 g8f8 a7d7 f5a5 d7d5 a5a7 f4f5 g6f5 e4f5
r1b2rk1/1p1nbp1p/1q2p1pB/pN1pP3/6Q1/3B4/PP3PPP/R3R1K1 b - -,f8d8 a1c1 d7c5 g4d4 c5d7 d4f4 d7c5 d3f1 c8d7 b5d6
rnbq1rk1/2ppppbp/pp3np1/8/P2PP3/2N2N2/1PP1BPPP/R1BQ1RK1 b - -,b8c6 e4e5 f6e8 c3d5 d7d6 c1f4 f7f6 d5e3 f6e5 d4e5
3rr1k1/1b3pp1/pp2q2p/3pP2Q/4n1B1/BPp1P3/P1P3PP/R4RK1 b - -,g7g6 g4e6 g6h5 e6f7 g8g7 e5e6 b7c6 e6e7 d8b8 f7h5
rn1qkb1r/p2bpp1p/2pp1np1/1p6/3PP1P1/2N1BP2/PPPQ3P/R3KBNR b KQkq -,d7c8 a2a3 f8g7 f1d3 h7h5 g4g5 f6d7 f3f4 d7b6 g1f3
8/8/1p1p1k1r/1pp3RP/1PnPP2K/5N2/8/8 b - -,f6e7 d4c5 d6c5 b4c5 h6f6 f3d4 b6c5 d4f5 e7e6 h5h6
r3r1k1/pp3pbp/1q1pb1p1/3B4/4PP2/2P1p1NP/PP2Q1P1/3R1RK1 b - -,a8c8 d5e6 e8e6 h3h4 h7h5 d1d3 e6e8 d3e3 b6d8 e2f3
2r2rk1/p3p2p/2q1B1pb/8/3PQPP1/PP2P3/1B5P/5RK1 b - -,c6e6 e4e6 g8h8 d4d5 h6g7 b2g7 h8g7 e6e7 g7g8 e7e6
r1bqkbnr/pp2pppp/2n5/2p5/3pPPP1/3P4/PPP3BP/RNBQK1NR b KQkq -,e7e5 f4f5 d8h4 e1f1 c8d7 b1a3 g7g6 d1e1 h4e7 a3c4
5k2/1R6/6p1/2r3Pp/3K1P1P/8/8/8 b - -,c5a5 b7c7 f8g8 c7c5 a5a7 d4d5 a7f7 d5e4 f7e7 c5e5
3r1rk1/5Bp1/3p2q1/ppP2pP1/5P2/6Q1/P5K1/R4R2 b - -,g8f7 c5c6 f8e8 a1e1 g6h5 g3b3 d6d5 e1e8 h5g4 b3g3
r4rk1/1ppq1ppp/p1npb3/2b1p3/4P1n1/2PP1N2/PPBNRPPP/R1BQ2K1 b - -,c5f2 e2f2 g4e3 d1e2 e3c2 a1b1 e6a2 b2b3 a2b1 d2b1
r2qrbk1/5ppn/p1n1b2p/1p2pNP1/2ppP2P/2PP1Q2/PPB2P1N/R1B1R1K1 b - -,a8c8 d3c4 b5c4 c2a4 d8a5 a4c6 c8c6 g1h1 h6g5 h4g5
8/3k4/8/3K3p/8/4N3/8/4B3 b - -,d7c7 e3c4 c7d7 e1g3 d7e7 c4e3 h5h4 g3f4 h4h3 f4h2
r1q1k2r/8/p1Pp4/3Bpp2/8/1P2P1bp/P7/2RQ2RK b kq -,a8a7 g1g3 c8c7 d1g1 h8f8 g3g8 c7h7 g8f8 e8f8 g1g5
rnb1k1nr/pp3ppp/1q2p3/2bp4/3BP3/1PN5/P1P1NPPP/R2QKB1R b KQkq -,g8f6 e4d5 e6d5 d1d2 c5d4 d2d4 b6a5 d4a4 a5a4 c3a4
r2q1rk1/pb2bppp/1pn1pn2/6B1/Q2P4/2N2N2/PP2BPPP/R2R2K1 b - -,d8d6 c3b5 d6b8 b5c3 b8e8 f3e5 a7a6 e2f3 b6b5 a4b3
r1b2R2/p6R/2p2k2/1p2p3/5r2/2N5/PPB3p1/2K5 b - -,f6e6 f8g8 e6d6 g8g2 d6c5 g2g8 f4f1 c3d1 c8b7 g8a8
8/6pk/2p4p/3q1pn1/1P2p3/2P1N1PP/1P2QPK1/8 b - -,d5f7 e3f1 g5f3 f1d2 f3e5 h3h4 f7d5 f2f3 e4f3 d2f3
8/2k5/8/3K3p/7B/4N3/8/8 b - -,c7d7 e3c4 d7c7 h4g3 c7b7 d5d6 h5h4 g3f4 b7c8 f4h2
r1bq1rk1/ppp1n1pp/2n1p3/4Pp2/3P4/P1N2N2/1PB2PPP/R2QK2R b KQ -,e7d5 c3d5 d8d5 e1h1 d5b5 f1e1 h7h6 c2b3 f8d8 e1e3
5Q2/8/8/8/2K5/8/pk6/8 b - -,e7d5 c3d5 d8d5 e1h1 d5b5 f1e1 h7h6 c2b3 f8d8 e1e3
8/8/8/8/8/3rk3/1R3pK1/8 b - -,
r2q1rk1/pp3ppp/2pP4/3p1B1b/5Q2/2N3R1/PP3P1P/5RK1 b - -,h5g6 f5h3 f7f5 f1e1 f8f6 c3e2 d8d6 f4d6 f6d6 e2d4
3rr1k1/1b3pp1/pp2P1qp/3p3Q/4n1B1/BPp1P3/P1P3PP/R4RK1 b - -,g8h8 h5g6 f7g6 e6e7 d8b8 f1f8 h8h7 f8e8 b8e8 g4d7
r7/8/2kp4/7p/4PB2/5KP1/8/8 b - -,a8e8 f4c1 e8e6 c1b2 c6c5 f3f4 e6g6 b2a3 c5d4 f4f5
r1bqkbnr/pp3ppp/2n5/2p1pP2/3pP1P1/3P4/PPP3BP/RNBQK1NR b KQkq -,f8e7 g1f3 h7h6 b1d2 g8f6 h2h3 b7b5 a2a4 b5b4 d2c4
r1br2k1/p5p1/1ppBpq1p/2P1R3/P3Qn2/2P5/5PPP/RB4K1 b - -,c8a6 b1a2 f4e2 g1h1 e2c3 a2e6 f6e6 e5e6 c3e4 e6e4
1r2n1k1/5pp1/8/p4NQ1/2R3P1/5P1P/Pqp1P1K1/8 b - -,c2c1n c4c1 b2e2 g2g3 b8b2 g5e3 e2h2 g3h4 e8d6 f5d6
4b3/5k2/p3p3/P2pPpp1/1PpP2P1/2K4P/2B5/8 b - -,
rn3rk1/pp1nppbp/1q2b1p1/2ppP1N1/3P1B2/2P5/PP1NBPPP/R2Q1RK1 b - -,c5d4 d2f3 d4c3 b2c3 b8c6 f3d4 c6e5 f4e3 b6d6 d4b5
r1b2R2/p5R1/2p1k3/1p2p3/5r2/2N5/PPB3p1/2K5 b - -,f4f8 g7g2 e6e7 g2g7 f8f7 g7g8 c8b7 g8g5 f7f1 c1d2
1r4k1/4qpp1/Rp1rn2p/8/3pN3/3P1QP1/1PR1PPKP/8 b - -,d6d5 e4f6 g7f6 f3d5 e6c7 c2c7 e7c7 a6a4 b8d8 d5f3
2kr3r/1pp1npp1/p1p2q2/4N2p/4P1b1/1QP4P/PP1N1PP1/R1B2RK1 b - -,g7g5 d2f3 g4f3 e5f3 g5g4 f3g5 d8f8 c3c4 e7g6 f2f4
r1bqk2r/3n1pbp/2pp1np1/p3P2P/1p2P1P1/4BP2/PPPQ4/R2NKBNR b KQkq -,f6h5 g4h5 d7e5 a2a3 a8b8 a3b4 a5b4 f3f4 e5g4 e3d4
3r3k/1p3Bpp/1b6/1Pq2b2/1p6/1Q6/5PPP/R3R1K1 b - -,c5f2 g1h1 f5c2 b3e6 h7h6 f7g6 b4b3 e6e8 f2f8 e8f8
r1b2Bk1/1p2bp1p/1q2p1p1/pNnpP3/6Q1/3B4/PP3PPP/R3R1K1 b - -,g8f8 g4d4 c8d7 b5d6 b6b4 d4e3 e7d6 e5d6 c5d3 e3d3
r4rk1/pb2nppp/1p1qp3/4N3/Q2P4/8/PP2BPPP/2RR2K1 b - -,f8d8 a2a3 f7f6 e5c4 d6d7 a4d7 d8d7 c4e3 b7c6 c1c3
8/8/8/8/8/4k3/3R1pK1/8 b - -,f2f1n d2b2 f1d2 g2g3 d2e4 g3g4 e4c5 g4f5 c5d3 b2b8
r3k2r/pp2qpRp/2b1p3/3p4/8/1R3N2/P4PPP/4Q1K1 b kq -,e8a8 f3e5 h8f8 e1c1 e7c7 e5c6 b7c6 c1c5 c8d7 b3a3
3r1rk1/5qp1/3p2P1/ppP2p2/5P2/6Q1/P5K1/R4R2 b - -,f7e8 f1e1 e8c6 g3f3 c6f3 g2f3 d6c5 e1e5 d8c8 a1c1
r1b1kbnr/pp3ppp/2n5/2p1pP2/3pP1Pq/3P4/PPP3BP/RNBQ1KNR b kq -,g7g6 h2h3 c8d7 a2a4 h4e7 g1f3 e8a8 b1a3 g6f5 g4f5
r2qrbk1/1bp2pp1/p2p1n1p/np1Pp3/4P3/1BP2NNP/PP3PP1/R1BQR1K1 b - -,d8c8 b3c2 c7c6 d5c6 c8c6 a2a4 a5c4 f3h2 d6d5 h2g4
r1bq1rk1/ppp1n1pp/8/3pPp2/1P1P4/P4N2/2B2PPP/R2Q1RK1 b - -,e7g6 d1d2 g6h4 f3h4 d8h4 f2f4 c7c6 a3a4 c8e6 h2h3
r3kb1r/1p1b1p1p/pqnppp2/8/4PP2/1NNQ4/PPP3PP/2KR1B1R b kq -,h7h5 f1e2 e8a8 c1b1 c8b8 d1d2 f6f5 e4f5 d6d5 h1d1
8/1K3bk1/3q1p1p/1P1N1Qp1/2P4P/6P1/8/8 b - -,f7g8 b5b6 g8f7 d5c7 d6g3 h4g5 f6g5 b7c8 g3d6 b6b7
r1b2rk1/2q1bppp/1npp1n2/pp2p1B1/3PP3/N1PB1N1P/PPQ2PP1/3R1RK1 b - -,b6d7 g5h4 f8e8 f1e1 d7f8 d3f1 h7h6 h4f6 e7f6 d4d5
rnb2rk1/p1q1ppbp/3p1np1/3P4/1pP1P3/4BN2/1PQNBPPP/R3K2R b KQ -,b8a6 d2b3 a6c5 b3c5 d6c5 f3d2 e7e6 e1h1 a7a5 h2h3
r4rk1/1ppq1ppp/p1npb3/4p3/4P1n1/2PP1N2/PPBN1RPP/R1BQ2K1 b - -,f7f5 e4f5 f8f5 f2e2 d6d5 h2h3 g4f6 d1e1 h7h6 f3h2
r3r1k1/pp3pb1/1q1p2p1/3R3p/4PP1P/2P1p1N1/PP2Q1P1/5RK1 b - -,a8d8 f1f3 g7h6 d5d3 e8e6 d3e3 d8e8 e2f2 f7f5 e3e2
8/8/2kpr3/7p/4PB2/5KP1/8/8 b - -,c6c5 f3e3 c5c4 e4e5 c4d5 e3f3 d6e5 f4c1 e6g6 c1e3
r1bq1rk1/pp2n1pp/2p5/3pPp2/1P1P4/PB3N2/5PPP/R2Q1RK1 b - -,f5f4 f1e1 c8g4 h2h3 g4h5 b3c2 a7a5 a1b1 a5b4 b1b4
5N2/p4k2/2p2n1P/3pBK2/8/8/8/8 b - -,f5f4 f1e1 c8g4 h2h3 g4h5 b3c2 a7a5 a1b1 a5b4 b1b4
2kr1b1r/1p1b1p1p/pqnppp2/8/4PP2/1NNQ4/PPP1B1PP/2KR3R b - -,h8g8 g2g3 c8b8 c1b1 d8c8 h1e1 f8e7 d3d2 g8d8 e2h5
r1b3k1/1p2Bp1p/1q2p1p1/pN1pP3/6Q1/3n4/PP3PPP/R3R1K1 b - -,b6f2 g1h1 d3e1 h2h3 c8d7 b5d4 h7h5 g4g5 e1g2 a1d1
rnbqr1k1/ppp2ppp/4p3/4R1N1/3P4/B2Q4/P4PPP/R5K1 b - -,d8g5 e5g5 b8c6 d3f3 h7h6 g5g3 c6d4 g3g7 g8g7 f3g4
r1bq1rk1/pp4pp/2p3n1/3pPp2/1P1P4/PB3NP1/5P1P/R2Q1RK1 b - -,f5f4 d1d3 c8f5 d3c3 f5g4 b3d1 d8d7 c3d3 g4f5 d3c3
r2qrbk1/1bp2pp1/p2p1n1p/1p1Pp3/4P3/1QP2NNP/PP3PP1/R1B1R1K1 b - -,c7c6 c3c4 d8c8 f3d2 c8c7 d2f1 b5c4 b3c4 e8c8 d5c6
8/8/1k6/3K1N1p/7B/8/8/8 b - -,b6a6 d5c5 a6a7 f5e3 a7b7 e3d5 b7a7 c5c6 a7a6 d5b4
r1bRR3/p4rk1/2p5/1p6/4N3/5pp1/PPB5/2K5 b - -,c8e6 e8g8 g7h6 d8a8 f3f2 g8h8 f7h7 e4g3 h7h8 a8h8
8/6pk/2p4p/4qpn1/1PN1p3/2P3PP/1P2QPK1/8 b - -,
8/6pk/2Np3p/P1pPp2P/2P5/1Q4qP/5B2/7K b - -,g3g5 b3f3 e5e4 f3e4 h7h8 a5a6 g5h5 h1h2 h5f7 h2g2
rn1qkbnr/ppp3pp/5p2/4pb2/1PPP4/P7/1B1P1PPP/RN1QKBNR b KQkq -,
3r3k/1p3Bpp/1b2Q3/1P6/1p6/8/2b2qPP/R3R2K b - -,h7h6 f7g6 b4b3 e6e8 f2f8 e8f8 d8f8 g6c2 b3c2 a1a2
1r4k1/4qpp1/Rp1r3p/4p1n1/3p2Q1/3P2P1/1PRNPPKP/8 b - -,e7b7 g2g1 b7a6 h2h4 g5h7 d2e4 d6e6 g1g2 b8f8 g4f5
rnb2rk1/pp1p1p1p/2p5/b3P1pn/2BPNp1q/2PN4/PP2Q1PP/R1B2RK1 b - -,d7d5 e5d6 c8g4 e2f2 b8d7 g2g3 f4g3 h2g3 h4h3 c1g5
8/8/8/1k1K3p/3N3B/8/8/8 b - -,b5a4 d5c4 a4a5 d4c6 a5b6 c6b4 b6b7 b4c2 b7c8 c4c5
4b3/5k2/p3p3/P2pP1p1/1PpP1pP1/7P/2BK4/8 b - -,
3r2k1/1b3pp1/pp2r1qp/3p4/4n1BQ/BPp1P3/P1P3PP/R4RK1 b - -,e6e8 a3e7 d5d4 g4h5 g6h5 h4h5 e8e7 e3d4 d8d4 a1d1
1q1r2k1/p4p2/5Np1/1P6/P7/3r3P/2Q2PP1/2R2RK1 b - -,g8f8 f6g4 b8f4 c1d1 d3d2 d1d2 f4d2 c2c7 d2d6 c7c3
r2q1rk1/pp4pp/2p3n1/3pP3/1P1P1pb1/P4NP1/3Q1P1P/R2B1RK1 b - -,d8d7 a3a4 a7a6 a1a3 d7f5 f3e1 g4d1 d2d1 f5h3 a3d3
8/8/1k1K4/7p/3N3B/8/8/8 b - -,b6b7 d6c5 b7a6 d4f5 a6a5 f5g3 a5a6 g3e4 a6b7 e4c3
2r1r3/2k5/p7/q2nPBQ1/1b1P2P1/2P5/3KN3/1R5R b - -,c8b8 c3b4 b8b4 b1b4 a5b4 d2d1 b4a4 d1e1 a4a1 g5c1
3r1rk1/1p3ppp/1b4n1/1PN2bN1/1pBq4/1Q6/5PPP/R2R2K1 b - -,d4c5 d1d8 b6d8 g5f7 d8f6 a1d1 g6f4 g1f1 h7h5 g2g3
5rk1/p3p2p/3p2pB/8/2p1P1b1/8/P1PK3Q/q6R b - -,a1d4 d2c1 f8f2 h2f2 d4f2 h6d2 f2f3 h1h4 f3f6 d2a5
8/8/8/k1K4p/3N3B/8/8/8 b - -,a5a6 h4g3 a6b7 c5b5 h5h4 g3f4 b7a8 f4h2 h4h3 d4c6
8/2n3p1/6kp/8/3KN3/8/6PP/8 b - -,
r1b3k1/1p2Bp1p/4p1p1/pN1pP3/6Q1/7P/PP3qP1/R3n2K b - -,h7h5 g4g5 c8d7 b5d4 e1g2 a1d1 g2f4 g5g1 f4h3 g1g2
8/1p5p/2r3p1/3Np1k1/4P3/1n1BP3/1R2K1PP/8 b - -,b3c5 b2c2 c5a4 c2c6 b7c6 d5e7 g5f6 e7c6 f6e6 c6b4
rn2kb1r/ppp1qppp/3p1n2/5N2/4P3/2N5/PPP1QPPP/R1B1K2R b KQkq -,e7e6 e2b5 b8d7 b5b7 a8b8 b7c7 f6e4 f5d4 e6f6 c1e3
r1bqk2r/3n1pbp/2p2np1/p3p2P/1p2P1P1/4BP2/PPPQ1N2/R3KBNR b KQkq -,g7f8 e1a1 f8e7 h5g6 f7g6 g1h3 d7f8 d2e1 d8c7 h3g5
8/8/8/2K4p/k2N4/8/8/4B3 b - -,g7f8 e1a1 f8e7 h5g6 f7g6 g1h3 d7f8 d2e1 d8c7 h3g5
r1bq1rk1/4Pppp/p2p1b2/1p1Nn2Q/3NP3/8/PPP4P/1K1R1B1R b - -,d8e8 d5f6 g7f6 h1g1 e5g6 e7f8q e8f8 f1d3 a6a5 h5d5
rn1qkb1r/3bpp2/2pp1npp/pp6/3PP1PP/2NBBP2/PPPQ4/R3K1NR b KQkq -,b5b4 c3e2 d8c7 c2c3 c6c5 e1f2 b8c6 a1c1 f8g7 g1h3
r2qrbk1/5ppn/p1n1b2p/1pp1pN2/3pP1P1/2PP2QP/PPB2P1N/R1B1R1K1 b - -,a6a5 h2f3 a5a4 c3d4 e5d4 a2a3 c5c4 c1d2 h7g5 f3g5
8/6p1/7p/3n1k2/4N3/5K2/6PP/8 b - -,
r1bq1rk1/4bppp/p2p4/1p1NQ3/3NP3/8/PPP4P/1K1R1B1R b - -,e7g5 e5g3 g5h4 g3f4 d8g5 f4g5 h4g5 h1g1 g5d8 d4f5
r1bqkb1r/pp1p1ppp/4pn2/4P3/3n4/2P5/PP1N1PPP/R1BQKB1R b KQkq -,d4c6 e5f6 d8f6 d2f3 h7h6 f1d3 b7b6 e1h1 c8b7 f1e1
8/1p5p/2r3p1/2nNp1k1/4P3/3BP3/2R1K1PP/8 b - -,c5d7 c2c6 b7c6 d5b4 g5f6 b4c6 g6g5 c6b4 g5g4 d3b5
3rqk2/1b3pr1/1pn2Q2/p2pP2p/5B2/1PPBP2P/6P1/6K1 b - -,f8g8 f6h4 e8e6 h4h5 b7c8 g1h2 d8e8 d3b5 e6g6 h5g6
2k2b1r/1pp1n2p/p3b3/2p2Pp1/8/4N1B1/PPP1NPPP/3K3R b - -,e7f5 e3f5 e6f5 g3e5 h8g8 h2h4 g5h4 h1h4 f8e7 h4h2
rn1qkbnr/ppp3pp/5p2/5b2/1PPp4/P4Q2/1B1P1PPP/RN2KBNR b KQkq -,g8e7 f3b7 b8c6 b7a6 c6e5 f2f4 e5d3 f1d3 f5d3 g1e2
4rqk1/1pp2pp1/p6p/P2n3P/5Q2/4R3/1P3PP1/5BK1 b - -,d5f4 e3e8 f8e8 g2g3 f4h5 f1d3 e8e5 b2b4 e5e1 g1g2
8/8/7p/3n1kp1/4N1P1/5K2/7P/8 b - -,
3r4/6pk/2p5/1p3p2/1n1Pp3/4P1P1/1P3P2/3R1BK1 b - -,g7g5 d1c1 h7g6 c1c5 g5g4 f1e2 g6f6 g1g2 d8e8 g2h2
8/8/2kp4/7p/4PB2/1r4P1/4K3/8 b - -,b3c3 f4e3 c3a3 e2f2 a3a2 f2f3 a2a8 f3e2 a8e8 e2d3
2k2b1r/1pp4p/p3b3/2p2Np1/8/6B1/PPP1NPPP/3K3R b - -,b7b5 f5e3 e6a2 d1c1 a2f7 h2h4 g5h4 g3e5 h8g8 h1h4
r2qkb1r/ppp2ppp/6b1/4N3/3n2P1/2NP3P/PPP2P2/R1BQ1RK1 b kq -,f8d6 e5g6 h7g6 g1g2 f7f5 c1e3 d4e6 f2f4 d8e7 d1f3
8/6pk/2p4p/3q1pn1/1PN1p2P/2P3P1/1P2QPK1/8 b - -,g5f3 c4e3 d5e5 e3c2 e5d5 c2e1 f3e5 f2f3 h7h8 h4h5
8/5Q1p/6p1/5N1k/R4PP1/P7/7K/4qr2 b - -,g5f3 c4e3 d5e5 e3c2 e5d5 c2e1 f3e5 f2f3 h7h8 h4h5
4rrk1/pp2q1pp/2p3n1/3pP2B/1P1P4/P5P1/4Q2P/4RRK1 b - -,f8f1 e1f1 e8f8 f1e1 e7g5 e5e6 f8e8 h5g4 g6e7 a3a4
R7/p3k3/2p5/1p3b2/4N3/5pp1/PPB5/2K5 b - -,g3g2 a8g8 a7a5 g8g7 e7f8 g7g3 a5a4 e4d2 f5e6 d2f3
2r2r2/p3p1kp/2q1B1pb/3P4/4QPP1/PP2P3/1B5P/5RK1 b - -,g3g2 a8g8 a7a5 g8g7 e7f8 g7g3 a5a4 e4d2 f5e6 d2f3
Q1bqB3/p1p2kpp/5n2/2b5/3p4/8/PP1P1PPP/RNB1K2R b KQ -,d8e8 e1d1 c8g4 f2f3 e8a8 h1f1 g4f5 b2b3 a8c6 f1e1
3R4/1N3pkp/4p3/4p1p1/Pb2P3/1P1n2PP/4qPB1/5RK1 b - -,
r3nrk1/pb2np1p/1p1qp1pQ/2ppN3/3P1PP1/2PBP3/PP1N3P/R3K2R b KQ -,c5d4 e3d4 f7f5 h2h4 f5g4 h4h5 e7f5 h6g5 g8g7 h5g6
1r4k1/1q3pp1/Rp1r3p/4p1n1/3pN1Q1/3P2P1/1PR1PPKP/8 b - -,g5e4 g4e4 b7a6 h2h4 a6a8 e4a8 b8a8 c2c7 d6d8 h4h5
8/8/8/5N1p/2K5/8/1k6/4B3 b - -,d6g6 a6a1 b8f8 h2h4 f7f5 g4h5 g6e6 h4g5 f5e4 f2f3
8/8/3p4/2k4p/4PB2/1r4P1/5K2/8 b - -,b3a3 f2e2 a3c3 f4e3 c5b5 e3f4 b5c6 e2f2 c3a3 f4e3
2k2b1r/1pp4p/p7/2p1Bbp1/8/8/PPP1NPPP/3K3R b - -,f5c2 d1c2 h8g8 e2g3 f8d6 e5c3 g5g4 g3e4 b7b5 b2b3
8/pp6/5k2/7p/3K1P1P/8/P7/8 b - -,f6f5 d4c4 f5f4 c4b5 f4g4 b5c5 g4h4 c5c4 a7a6 c4d3
r3k2r/1p1qb1p1/pB1p4/3Ppp2/2P3np/8/PP2NPB1/2RQ1R1K b kq -,g7g6 g2h3 e8f7 d1b3 g4f6 f1g1 a8c8 g1g2 f6h5 b3d3
r1b1k2r/2qn1pbp/2p2np1/p3p2P/1p2P1P1/4BP2/PPPQ1N2/2KR1BNR b kq -,d7b6 h5g6 f7g6 g1h3 g7f8 c1b1 c8e6 h3g5 e6g8 f3f4
r1b2rk1/1pqnb1pp/p2p1pP1/4pP2/4P3/2N1B3/PPPQB2P/R4RK1 b - -,c7c6 g6h7 g8h8 g1h1 d7c5 e2f3 b7b5 f1g1 f8f7 e3c5
r2q1rk1/pp2p2p/3pb1p1/5n2/2P1Q3/2N5/PP2BPPP/R4RK1 b - -,e6f7 b2b3 b7b6 e2g4 e7e6 a1d1 d8f6 d1d3 e6e5 e4f3
rnb2rk1/pp3p1p/2pP4/b5pn/2BPNp1q/2PN4/PP2Q1PP/R1B2RK1 b - -,c8g4 e2f2 h4f2 d3f2 g4f5 e4g5 b8d7 f2h3 a5d8 h3f4
8/1N1R1pkp/4p3/4p1p1/Pb2P3/1P4PP/4qPB1/4nRK1 b - -,
3r2k1/1pq2Npp/1b6/1PN2b2/1p1P1n2/1Q6/5PPP/2R1R1K1 b - -,g8f8 f7d8 c7d8 b3b4 b6a5 c5e6 f8g8 e6d8 a5b4 e1e8
r3k2r/1p1qb3/pB1p4/3Pppp1/2P3np/2N5/PP3PB1/2RQ1R1K b kq -,h8h6 c4c5 d6c5 c3a4 c5c4 c1c4 a8c8 c4c8 d7c8 g2h3
2r2qk1/r2n2p1/p3p2p/2p5/2RpP3/Q7/PP2BPPP/5RK1 b - -,d7b6 c4c1 c5c4 a3g3 f8e7 e2g4 c8c6 e4e5 b6d5 f1d1
r1bqk2r/pp2bppp/2n1p3/2pB2B1/8/3P1N2/PPP2PPP/RN1Q1RK1 b kq -,c6d4 g5e7 d8d5 f3d4 d5d4 e7g5 d4b2 b1d2 c8d7 g5e3
r1bq1rk1/p2nbpp1/1pp2n1p/3p4/3P3B/P1NBPN2/1PQ2PPP/R3K2R b KQ -,a7a6 e1h1 c8b7 f1e1 c6c5 d3f5 c5c4 a1d1 b6b5 f3e5
8/8/8/7p/2K5/k3N3/8/4B3 b - -,a7a6 e1h1 c8b7 f1e1 c6c5 d3f5 c5c4 a1d1 b6b5 f3e5
r1bqrbk1/2p2pp1/p2p1n1p/1p1Pp3/4P3/1QP3NP/PP3PPN/R1B1R1K1 b - -,c7c6 d5c6 d8b6 b3d1 b6c6 h2g4 f6g4 h3g4 c8e6 g4g5
1r1qr1k1/2p2p2/p1n2n1p/P5p1/R3p3/1BP3P1/5PP1/1N1QRNK1 b - -,e4e3 d1d8 c6d8 b3c2 b8b2 f1e3 e8e3 f2e3 b2c2 a4d4
3r1rk1/6p1/3p2P1/ppPq1p2/5P2/5RQ1/P5K1/R7 b - -,f8f6 c5c6 d5c6 g2h2 d8e8 a1g1 e8e6 f3e3 f6g6 g3g6
r2r4/p4kp1/bppBpq1p/2P1R3/P3Qn2/2P5/5PPP/RB4K1 b - -,a6c4 b1c2 c4d3 c2d3 f4d3 e5h5 f6f2 g1h1 d3c5 d6c5
6k1/pp2q1p1/2p3p1/3pP3/1P1P1Q2/P5P1/7P/6K1 b - -,
rnbqkbnr/ppp3pp/4p3/3p4/3P4/2P2N2/PPQ3PP/RNB1KB1R b KQkq -,f8e7 f1d3 g8f6 f3g5 f6e4 g5e4 d5e4 d3e4 e8h8 b1d2
rnbqkbnr/pp4pp/2pp1p2/4p3/2B1P3/5Q2/PPPP1PPP/RNB1K1NR b KQkq -,f6f5 e4f5 g8f6 g2g4 d6d5 c4e2 g7g6 b1c3 g6f5 g4g5
2r1r3/2k5/p7/q2nPBQ1/3P2P1/2bK4/4N3/1R5R b - -,e8e7 h1c1 d5b4 b1b4 a5b4 e2c3 c7d8 f5c8 b4b5 d3d2
rn2kb1r/ppp2ppp/3p1n2/4qN2/4P3/2N3P1/PPP1QP1P/R1B1K2R b KQkq -,f6d7 c3d5 b8a6 c1f4 e5e6 e1h1 d7b6 e2a6 b7a6 d5c7
r2qk2r/ppp2ppp/3b2b1/4N3/3n2P1/2NP3P/PPP2P2/R1BQR1K1 b kq -,e8h8 e5f3 c7c5 f3d4 c5d4 c3d5 f7f5 c1f4 f8f7 e1e6
2kr3r/1pp1npp1/p1p5/7p/2N1q1b1/1QP2P1P/PP4P1/R1B2RK1 b - -,e4d5 f3g4 h5g4 c4e3 d5b3 a2b3 g4h3 f1f7 e7g6 a1a5
r4rk1/2pqb1pp/p1nppn2/1p2p3/3PP3/2P2N1P/PP1N1PP1/R1BQR1K1 b - -,e5d4 c3d4 a6a5 d1e2 a8b8 d2f1 d6d5 f1g3 d5e4 g3e4
r1bq1rk1/5ppp/p2p1b2/3P4/3p1P2/P2B2P1/P2B3P/R2Q1RK1 b - -,c8d7 a3a4 h7h6 a1b1 d7h3 f1f2 a8b8 b1b8 d8b8 f4f5
1r4k1/5pp1/qp1N3p/4p1n1/3p2Q1/3P2P1/1PR1PPKP/8 b - -,e5e4 d6e4 a6a8 h2h4 g5e6 g4f5 b8d8 f5b5 a8a5 b5c6
1B6/8/8/8/6kp/5p2/7P/6K1 b - -,g4h3 b8e5 h3g4 e5f6 g4h3 f6d4 h3g4 d4f2 g4h3
r2qr1k1/p4pp1/b1p4p/n1b5/B5n1/2NpB3/PPP1NPPP/R3KQ1R b KQ -,d3e2 f1e2 a6e2 a1d1 e2d1 c3d1 c5e3 e1h1 e3b6 h2h3
r3k2r/1p1qb3/pB1p1n2/3Pppp1/Q1P5/2N2B1p/PP3P2/2R2R1K b kq -,a8c8 c4c5 d7a4 c3a4 h8h4 c5c6 b7c6 c1c6 h4c4 c6c8
8/5kp1/4n2p/3K4/4N3/8/6PP/8 b - -,e6f4 d5e5 f4g2 e4d6 f7g6 d6f5 g2e1 e5f4 g6f6 f5g3
6Q1/4K3/6pk/6p1/4p1q1/8/8/8 b - -,e6d8 d5e5 f7g6 e4c5 d8f7 e5f4 f7d8 c5d3 h6h5 d3e5
1r3r1k/p2q3p/2np1pp1/1pp1pP2/2P1P1PP/3P4/PP1QN1K1/1R3R2 b - -,b5c4 d3c4 g6f5 e4f5 f8g8 g2h3 d7g7 f1g1 c6d4 b1f1
r3k2r/pp1q1ppp/2nbp3/3p2Bn/3P2b1/1QPB2N1/PP1N1PPP/R4RK1 b kq -,h5f4 f2f3 f4d3 f3g4 d6g3 h2g3 e6e5 d4e5 h7h6 g5f4
r2q1rk1/ppp1bppp/2np1n2/1B2p3/4P1b1/2PPBN2/PP1N1PPP/R2Q1RK1 b - -,g4h5 h2h3 a7a6 b5a4 b7b5 a4c2 d6d5 g2g4 h5g6 f3h4
r2qkb1r/ppp1pppp/5n2/5b2/1nBPp3/2N1B1N1/PPP2PPP/R2QK2R b KQkq -,f5g6 a2a3 b4d5 c4d5 f6d5 c3d5 d8d5 c2c4 d5d7 d1b3
8/8/8/7p/2K4B/4N3/k7/8 b - -,f5g6 a2a3 b4d5 c4d5 f6d5 c3d5 d8d5 c2c4 d5d7 d1b3
8/pp6/4k3/7p/3K1P1P/8/P7/8 b - -,e6f6 d4e4 b7b6 a2a3 f6e6 e4d4 e6f5 d4e3 a7a6 e3d3
rn1qkb1r/3bpp2/2pp1npp/p7/1p1PP1PP/3BBP2/PPPQN3/R3K1NR b KQkq -,d8c7 c2c3 c6c5 a1c1 b8c6 e1f2 f8g7 f2g2 c7b7 g1h3
r2qr1k1/p4pp1/b1p4p/n1b5/B5n1/2N1B3/PPP1QPPP/R3K2R b KQ -,g4e3 f2e3 a6e2 c3e2 d8h4 g2g3 h4a4 h1f1 a4b4 c2c3
8/2B5/8/8/7p/5p1k/7P/6K1 b - -,h3g4 c7d8 g4h3 d8b6 h3g4 g1f1 g4h3
r1bqk2r/pp2Bppp/2n5/2pp4/8/3P1N2/PPP2PPP/RN1Q1RK1 b kq -,d8b6 e7d6 c8g4 f1e1 e8d7 d6g3 a8e8 b1d2 e8e1 d1e1
rnb1kb1r/ppqp1ppp/2pPp1n1/8/2P1P3/5N2/PP3PPP/RNBQKB1R b KQkq -,c7d8 b1c3 g6h4 f3h4 d8h4 g2g3 h4d8 c1e3 g7g6 d1d4
R7/p5k1/2p1b3/1p2p3/8/2NK4/PPr4R/6q1 b - -,c7d8 b1c3 g6h4 f3h4 d8h4 g2g3 h4d8 c1e3 g7g6 d1d4
1r2r3/2p2k2/p1n2n1p/P5p1/R3p3/2P3P1/5PP1/1N1R1NK1 b - -,b8b5 a4c4 e8e6 b1d2 b5a5 d1e1 a5e5 f1e3 e5b5 e1a1
2b2q1k/6p1/7p/8/8/8/1Q3PPP/3RR2K b - -,c8f5 d1c1 f8d6 b2e5 d6e5 e1e5 f5d3 e5e7 h8h7 c1c7
2kr3r/1pp1npp1/p1p5/4q2p/2N1P1b1/1QP4P/PP3PP1/R1B2RK1 b - -,e5e4 f2f3 e4e2 f3g4 h5g4 c4e3 g4h3 b3f7 h3g2 e3g2
r3k2r/1bqn1pbp/2p2np1/p3p2P/1pB1P1P1/4BP2/PPPQ1N2/2KR2NR b kq -,g6g5 h5h6 g7f8 g1h3 b7a6 c4f7 e8f7 h3g5 f7e7 f3f4
8/8/5B2/7p/2K5/4N3/1k6/8 b - -,g6g5 h5h6 g7f8 g1h3 b7a6 c4f7 e8f7 h3g5 f7e7 f3f4
r2qr1k1/p4pp1/2p4p/n1b5/B5n1/2N1B3/PPP1KPPP/R6R b - -,g6g5 h5h6 g7f8 g1h3 b7a6 c4f7 e8f7 h3g5 f7e7 f3f4
8/5kp1/pr3p1p/8/1P1R1P2/5KP1/8/8 b - -,f7e6 g3g4 f6f5 g4f5 e6f5 d4c4 f5e6 c4c7 g7g6 c7c5
r3k2r/pR1bbppp/4p1q1/3pR3/8/5N2/P4PPP/2B1Q1K1 b kq -,g6c2 e5e3 c2c8 b7b3 f7f6 e3c3 c8a6 h2h4 e7d6 h4h5
r2k2r1/1p1b1p1p/p3p1p1/4P1N1/8/8/PP3PPP/2R2RK1 b - -,d7c6 g5f7 d8e7 f7d6 a8d8 f2f4 e7d7 h2h4 h7h6 g1f2
1r3r1k/p2q3p/2np1p2/1pp1pP2/2P3PP/3P4/PP1QN1K1/1R3R2 b - -,b5c4 d3c4 e5e4 e2g3 c6e5 g3e4 e5g4 g2h3 f8g8 b2b3
rnbqk2r/pp1nbpp1/4p2p/1NppP1BQ/3P3P/8/PPP2PP1/R3KBNR b KQkq -,g7g6 g5e7 d8a5 b2b4 a5b4 c2c3 b4a5 e7c5 g6h5 b5d6
r2qr1k1/p4pp1/2p4p/n7/B5n1/2N1P3/PPP1K1PP/R6R b - -,g7g6 g5e7 d8a5 b2b4 a5b4 c2c3 b4a5 e7c5 g6h5 b5d6
1r1q1rk1/pbp2p1n/1p1ppnpQ/4P3/2PP4/2N3PP/PP2NPB1/R4RK1 b - -,f6e8 a1d1 c7c5 g2b7 b8b7 h6e3 d8c8 d4c5 d6e5 c5b6
r2qkb1r/ppp2ppp/2n2n2/3pp3/8/NP2PQ1P/PBPP1PP1/R3KB1R b KQkq -,f8b4 f1b5 e8h8 b5c6 b7c6 e1h1 d8e7 a3b1 a7a5 a2a3
5q1k/6p1/7p/5b2/8/8/1Q3PPP/2R1R2K b - -,f8d6 b2e5 d6e5 e1e5 f5d3 c1c7 h8h7 e5e7 h7g6 e7g7
1K6/2Q2bk1/1PN2p1p/6p1/7P/6P1/q7/8 b - -,g7g6 b6b7 f7d5 b8c8 d5c6 c7c6 a2g8 c8c7 g8f7 c6d7
8/pp6/8/5k1p/5P1P/4K3/P7/8 b - -,b7b5 e3d2 f5f4 d2d1 a7a6 d1e1 b5b4 e1d2 a6a5 d2c2
8/5p1p/8/7k/5P2/5PK1/8/8 b - -,
r4rk1/pp2p2p/1q1pb1p1/4n3/2P1N3/1P6/P2QBPPP/3RK2R b - -,a7a5 f2f4 e5g4 d2d4 b6d4 d1d4 g4e3 e1f2 e3c2 d4d2
rnbq1rk1/pp4pp/4pn2/2Pp4/1bP5/2NB1N2/PPQ2PPP/R1B1K2R b KQ -,b8c6 e1h1 b4c5 c2e2 c6d4 f3d4 c5d4 c1g5 h7h6 g5h4
r4rk1/2q2ppB/1n1p1b2/pp1bp3/8/N1P2N1P/PPQ2PP1/3R1RK1 b - -,g8h8 c2f5 g7g6 f5f6 h8h7 a3b5 c7d8 f6d6 d5f3 d6d8
r2qrbk1/2pb1pp1/p2p1n1p/1p1Pp3/4P3/1QP3NP/PP3PP1/R1B1RNK1 b - -,c7c6 f1e3 d8c8 c1d2 c6d5 e4d5 h6h5 b3c2 g7g6 c3c4
rn2kb1r/ppp2ppp/3p1n2/q4N2/4P3/2N3P1/PPPBQP1P/R3K2R b KQkq -,e8d7 c3d5 a5a6 d5f6 g7f6 c2c4 b8c6 d2c3 f8e7 a2a4
r2q1rk1/ppp1bpp1/2np1n1p/1B2p3/4P1b1/2PPBN1P/PP1N1PP1/R2Q1RK1 b - -,g4h5 d1a4 d8d7 d3d4 h5f3 d2f3 a7a6 b5c6 d7c6 a4c6
3r2k1/6p1/3p1rP1/ppPq1pQ1/5P2/5R2/P5K1/R7 b - -,d8e8 c5c6 e8e2 g2g3 d5c6 g5h5 c6e8 h5h7 g8f8 h7h8
r5k1/p4pp1/2p2q1p/n7/B5n1/2N1r3/PPP3PP/R5KR b - -,g8f8 g5h5 d8e8 h5h8 d5g8 h8g8 f8g8 a1c1 f6g6 g2f2
5rk1/p3p2p/3p2pB/8/2p1P1b1/2q5/P1PQ4/R3K2R b - -,g8f8 g5h5 d8e8 h5h8 d5g8 h8g8 f8g8 a1c1 f6g6 g2f2
8/5kp1/4n2p/8/4N3/3K4/6PP/8 b - -,e6f4 d3e3 f4g2 e3f3 g2e1 f3g4 f7g6 e4d6 e1c2 d6f5
r1bq1rk1/1p1nb1pp/p2p1p2/3NpPP1/2B1P3/4B3/PPPQ3P/R4RK1 b - -,f6g5 d5e7 g8h8 e7d5 b7b5 e3g5 d7f6 d5f6 g7f6 c4d5
r1q1kb1r/1pp2ppp/3p1n2/p7/2PQ4/5BPP/PP2PP2/R1B1K2R b KQkq -,f8e7 b2b3 e8h8 c1b2 a5a4 e1f1 f6e8 f1g2 e7f6 d4d2
8/6pk/2p4p/3q1pn1/1PN4P/2P1pPP1/1P2Q1K1/8 b - -,g5f3 c4e3 f3h4 g2f2 d5h1 g3h4 h1h4 f2g2 g7g6 e2f3
r1bqk2r/pp2nppp/8/2pp4/8/3P1N2/PPP2PPP/RN1QR1K1 b kq -,a7a5 d1d2 e8h8 d3d4 c5c4 b1c3 a8a6 b2b3 c4b3 a2b3
8/pp6/8/7p/4KPkP/8/P7/8 b - -,a7a5 d1d2 e8h8 d3d4 c5c4 b1c3 a8a6 b2b3 c4b3 a2b3
5rk1/p4p1p/1p4p1/2Pp1N2/1P6/P2PrR1P/6P1/R4K2 b - -,e3f3 g2f3 g6f5 d3d4 f7f6 f1e2 f5f4 b4b5 g8f7 a3a4
r2qk2r/1ppb1pbp/n2p1np1/p2Pp1B1/2P1P3/2NB1N1P/PP3PP1/R2QK2R b KQkq -,a6c5 d3c2 e8h8 a2a4 a8c8 d1d2 d8e8 g5e3 c5a6 e1a1
r3nrk1/pb1qn2p/1p2p1pQ/2ppP2P/3P2P1/2PBP3/PP1N4/R3K2R b KQ -,e7c6 h5g6 e8c7 g6g7 d7g7 h6g7 g8g7 h1h7 g7g8 h7c7
r5k1/p4pp1/2p2q1p/n7/B5n1/2N5/PPP3PP/4R1KR b - -,e7c6 h5g6 e8c7 g6g7 d7g7 h6g7 g8g7 h1h7 g7g8 h7c7
4r1k1/1pp2pp1/p6p/P1q4P/5Q2/4P3/1P3KP1/5B2 b - -,c5a5 b2b4 a5d5 f2g1 d5d7 b4b5 a6b5 f4d4 d7d4 e3d4
r1bq1r1k/1p1nb1pp/p2p1pP1/3NpP2/2B1P3/4B3/PPPQ3P/R4RK1 b - -,f8g8 f1f3 d7f8 d5b6 c8d7 d2d5 d7e6 f5e6 f8g6 b6a8
rnbq1rk1/ppp2ppp/4p3/3n4/2BP4/B2Q1N2/P4PPP/R3R1K1 b - -,d5f6 a3f8 d8f8 f3e5 f8d6 a1c1 h7h6 d3f3 a7a6 c4b3
8/1r6/3k4/3P3R/1P6/2K5/8/8 b - -,b7c7 c3b3 c7c1 b3a4 c1a1 a4b5 a1d1 b5b6 d1b1 h5h6
8/pp6/8/5P1p/4K2k/8/P7/8 b - -,b7e7 c3b3 e7e8 h5h6 d6d5 b3a4 e8a8 a4b5 a8b8 b5a5
r3k2r/p1pp1p1p/4p3/1p6/PP4pP/8/2PPPPP1/2KR3R b kq -,b5a4 c2c3 a7a5 b4b5 e8e7 c1c2 h8b8 d1a1 b8b5 a1a4
rn2kbnr/pp3ppp/1q2p3/1b1pP3/1P1N4/P1P5/5PPP/RNBQKB1R b KQkq -,b5c6 c1e3 b6c7 f2f4 c6d7 f1d3 b8c6 b1d2 c6d4 e3d4
3r4/6pk/2p5/1p3p2/1n1Pp3/4PPP1/1P1R4/5BK1 b - -,e4f3 g1f2 h7g6 f2f3 g6g5 d2g2 b4d5 g2e2 d8d6 f1g2
r1bq1rk1/pp2nppp/8/2pp4/3P4/5N2/PPP2PPP/RN1QR1K1 b - -,d8d6 d4c5 d6c5 d1d4 c5c7 b1c3 c8e6 f3g5 c7d7 d4d3
3r2k1/6p1/3p1rP1/ppPq1p2/5P2/5RQ1/P5K1/7R b - -,d6c5 a2a4 d8d6 h1h5 f6g6 h5g5 g6g5 f4g5 b5b4 g5g6
5rk1/ppp2p2/2n2p2/7R/4PPPQ/2P2NK1/PP4P1/q4r2 b - -,f1h1 h4h1 a1h1 h5h1 f8e8 h1e1 a7a5 a2a4 e8d8 g3h4
r2qk2r/ppp2ppp/3b2N1/8/3n2P1/2NP3P/PPP2P2/R1BQ1RK1 b kq -,h7g6 g1g2 f7f5 c1e3 d4e6 d1f3 d8d7 f3b7 e8h8 g4f5
8/1p5p/3r2p1/2nNp1k1/4P3/3BP3/1R2K1PP/8 b - -,g5h6 b2c2 c5e6 c2c8 g6g5 d5f6 h6g6 f6g4 g6g7 g4e5
r5k1/p4pp1/2p4p/n7/B2q2n1/2N5/PPP3PP/4RK1R b - -,g5h6 b2c2 c5e6 c2c8 g6g5 d5f6 h6g6 f6g4 g6g7 g4e5
1r3r1k/p2q3p/2np1p2/2p1pP2/2P3PP/8/PP1QN1K1/1R3R2 b - -,e5e4 e2g3 c6e5 g3e4 e5g4 g2h3 f8g8 b1e1 d6d5 b2b3
8/pp6/8/4KPkp/8/8/P7/8 b - -,d7f7 b2b3 f8g8 g2h3 g8g4 h3g4 b8g8 g4f3 f7h5 f3e3
r6r/1p2bk2/pB1p1n2/2PPpp2/N5p1/7p/PP2BP2/2R2R1K b - -,f7g6 c5c6 f6d5 c6c7 d5f4 e2d1 e5e4 d1b3 e7f6 b6e3
2rq1rk1/1p2bppp/p2pbB2/4p3/4P3/1PN2N2/1PP2PPP/R2QR1K1 b - -,d8c7 f6e7 c7e7 d1d2 h7h6 e1e3 b7b5 f3e1 b5b4 c3e2
r2qrbk1/2pb1pp1/3p1n1p/pp1Pp3/4P3/1QP1N1NP/PP3PP1/R1B1R1K1 b - -,c7c6 b3d1 c6d5 e3d5 f6d5 d1d5 d8c8 d5d3 c8b7 e1d1
r2q1rk1/p1p1bpp1/2pp1n1p/4p2b/4P3/2PPBN1P/PPQN1PP1/R4RK1 b - -,h5g6 b2b4 f8e8 d2b3 d8d7 g1h2 f6h7 g2g4 h6h5 g4g5
3rr1k1/1b3pp1/pp4qp/3p3B/4n2Q/BPp1P3/P1P3PP/R4RK1 b - -,g6f6 f1f6 e4f6 a1f1 f6h5 h4h5 d8d7 h5g4 b7c6 g4d4
3r2k1/1p3Qpp/1b6/1PN2b2/1p1P1n2/8/5PPP/2R1R1K1 b - -,g8f7 c5b7 d8d7 b7c5 d7d4 g2g3 f4d5 c5b3 d4d3 g3g4
rnbq1rk1/pp2bppp/2p1pn2/3p4/Q1PP4/2NBPN2/PP3PPP/R1B1K2R b KQ -,d5c4 a4c4 b7b5 c4b3 b8d7 b3c2 b5b4 c3e4 c8b7 e4f6
r2k4/1p1b1prp/p3p1p1/4P1N1/8/8/PP3PPP/2RR2K1 b - -,h7h5 g5e4 a8c8 c1c8 d8c8 e4f6 d7c6 d1d4 c8c7 f2f3
8/pp6/5P2/4K1k1/7p/8/P7/8 b - -,h7h5 g5e4 a8c8 c1c8 d8c8 e4f6 d7c6 d1d4 c8c7 f2f3
r1bq1rk1/1pp2ppp/1b3nn1/pP1p4/P2PP3/3B1N2/3N1PPP/R1BQ1RK1 b - -,c8g4 c1b2 d5e4 d2e4 g6h4 e4d2 h4f3 d2f3 g4f3 d1f3
8/pp6/4KPk1/8/7p/8/P7/8 b - -,g6f4 d3c2 c8g4 h2h3 g4h5 c1b2 d5e4 d2e4 f8e8 e4g3
Q3q3/p1p2kpp/5n2/2b5/3p2b1/5P2/PP1P2PP/RNBK3R b - -,e8a8 h1f1 g4f5 b2b3 a8c6 f1e1 c6a6 b1a3 c5a3 c1a3
r1b1k2r/1p1nbp2/1qn1p3/p2pP2p/3P2P1/P2B1N2/1P3PP1/R1BQRNK1 b kq -,c6d4 g4g5 d4f3 d1f3 b6d4 g5g6 f7g6 d3g6 e8d8 c1e3
r1bq1rk1/pppnbppp/3p1n2/1B1Pp3/4P3/5P2/PPP1N1PP/RNBQ1RK1 b - -,c7c6 d5c6 b7c6 b5c4 d6d5 e4d5 e7c5 g1h1 d7b6 c4d3
r2r2k1/p5pQ/bppBpq1p/2P1R3/P4n2/2P5/5PPP/RB4K1 b - -,
1R4k1/4qpp1/1pr1n2p/4p3/3p4/3P2P1/1PRNPPKP/8 b - -,c6c8 c2c8 g8h7 h2h4 h6h5 b8b6 e7d7 c8c6 d7d5 g2g1
8/pp3P2/4K1k1/8/8/7p/P7/8 b - -,c6c8 c2c8 g8h7 h2h4 h6h5 b8b6 e7d7 c8c6 d7d5 g2g1
2rq1rk1/1p3ppp/p2pbb2/4p3/4P3/1PN2N2/1PP1RPPP/R2Q2K1 b - -,c8c6 c3d5 g7g6 e2d2 f6g7 d1e2 g7h6 d2d1 f7f5 c2c4
r5r1/1p2bk2/pBPp1n2/3Ppp2/N5p1/7p/PP2BP2/2R2R1K b - -,e5e4 c6b7 a8b8 e2a6 f5f4 c1c8 f4f3 c8g8 f6g8
r1bq2rk/1p1nb1pp/p2p1pP1/3NpP2/2B1P3/4BR2/PPPQ3P/R5K1 b - -,d7f8 d5b6 f8g6 f5g6 c8g4 f3g3 f6f5 e4f5 g4f5 c4g8
rnb1kb1r/ppp2ppp/3q4/7n/2BP1p2/5N2/PPP3PP/RNBQK2R b KQkq -,b8c6 e1h1 f8e7 b1c3 e8h8 c3e4 d6h6 c2c3 c8f5 e4g3
r6r/p3kppp/2b1p1q1/3pR3/8/B4N2/P4PPP/4Q1K1 b - -,e7d7 e5e3 f7f6 e3e6 a8e8 e6d6 d7c8 e1c1 g6f7 f3d4
8/pp6/5k2/7p/5P1P/8/P3K3/8 b - -,f6f5 e2f3 b7b5 f3e3 a7a6 e3f3 b5b4 f3e3 a6a5 e3d4
5Q2/pp6/4K1k1/8/8/8/P6p/8 b - -,f6f5 e2f3 b7b5 f3e3 a7a6 e3f3 b5b4 f3e3 a6a5 e3d4
6k1/6p1/R4p1p/pr6/8/6P1/1P3PK1/8 b - -,g8f7 a6a7 f7g8 a7a6 f6f5 a6a7 g8f8 b2b3 g7g5 g2f1
1R6/4qppk/1pR1n2p/4p3/3p4/3P2P1/1P1NPPKP/8 b - -,e7g5 d2e4 g5g4 f2f3 e6f4 g2f2 f4h3 f2f1 g4d7 b8b6
8/6p1/4n1kp/1K6/4N3/7P/6P1/8 b - -,e6f4 b5c4 f4g2 c4d4 g2f4 e4f2 g6g5 d4e5 f4e2 e5e6
1rr3k1/1p1n1pp1/2p1pb1p/p4b2/P2P4/1RN1PN1P/1P2BPP1/2R3K1 b - -,c8d8 g2g4 f5h7 g1f1 g7g5 f3d2 c6c5 d2c4 c5d4 e3d4
rn1r2k1/p4ppp/2N1p3/q3P3/3PBB2/p6Q/2P1bPPP/R5K1 b - -,g7g6 c6a5 b8d7 h3a3 d7b6 a5c6 d8e8 c6e7 g8g7 f4g5
r3k2r/1pp1npp1/p1p3q1/4N2p/4P1b1/1QP4P/PP1N1PP1/R1B2RK1 b kq -,g4e6 b3b7 e6c8 e5g6 c8b7 g6h8 f7f6 d2b3 e8a8 h8f7
r1b1k2r/1p1nbp2/1qn1p3/p2pP3/3P2p1/P2B4/1P3PPN/R1BQRNK1 b kq -,b6d4 h2g4 d7c5 d3e2 d4d1 e1d1 c5b3 a1b1 c6d4 f1g3
3r1r1k/1q3Bp1/3R3p/1P3bN1/1p1b4/8/4QPPP/4R1K1 b - -,d8d6 e2e8 d6d8 e8c6 b7c6 b5c6 h6g5 f7b3 d4b6 e1c1
r2R2k1/pp2bbpr/2n3Np/2P1p3/2B5/4B3/PPP1QPPP/2K5 b - -,c6d8 g6e7 g8f8 e2d3 f7c4 e7g6 f8g8 d3c4 d8f7 g6e7
r1bq1nrk/1p2b1pp/p2p1pP1/3NpP2/2B1P3/4B2R/PPPQ3P/R5K1 b - -,f8g6 h3h7 h8h7 d2d1 g6f4 d5f4 g7g6 c4g8 d8g8 f4g6
8/pp6/5k2/7p/P4P1P/4K3/8/8 b - -,b7b6 e3e4 f6e6 e4e3 e6f5 e3d4 f5f4 d4c3 a7a6 c3d4
6Q1/pp6/4K1k1/8/8/8/P7/7q b - -,b7b6 e3e4 f6e6 e4e3 e6f5 e3d4 f5f4 d4c3 a7a6 c3d4
3r4/1p3kpp/1b6/1P3b2/1p1P1n2/1N6/5PPP/2R1R1K1 b - -,f4d3 h2h3 d3c1 e1c1 f5e6 b3c5 b4b3 c5e6 f7e6 c1b1
r3k2r/1bqn1pbp/2p2n2/p3p1Pp/1pB1P3/4BP2/PPPQ1N2/2KR2NR b kq -,f6d5 e4d5 c6d5 c4d5 b7d5 d2d5 a8d8 d5d6 c7d6 d1d6
rn2kb1r/ppp2p1p/3p1np1/q2N1N2/4P3/6P1/PPPBQP1P/R3K2R b KQkq -,a5d5 e4d5 e8d8 d2g5 b8d7 e1h1 g6f5 f1e1 f8g7 e2e7
8/r3k3/1R2p3/5p2/6p1/6P1/5PK1/8 b - -,e7d7 b6b8 d7d6 b8d8 d6e7 d8b8 a7a2 b8b7 e7f6 b7b1
3r4/4k1Q1/5rP1/pppq1p2/5P2/5R2/P5K1/8 b - -,e7d7 b6b8 d7d6 b8d8 d6e7 d8b8 a7a2 b8b7 e7f6 b7b1
r5r1/2P1bk2/pB3n2/3ppp2/N5p1/7p/PP2BP2/2R2R1K b - -,a6a5 c1c6 e7b4 f1d1 g8h8 a2a3 b4e7 a4c3 d5d4 e2c4
3q1rk1/1p3ppp/p1rpbb2/3Np3/4P3/1P3N2/1PP1RPPP/R2Q2K1 b - -,e6d5 d1d5 d8b6 f3e1 g7g6 g2g3 g8g7 e1d3 b6d4 d5d4
1R6/5ppk/1p2n2p/4p3/1q1p4/3P2P1/1PRNPPKP/8 b - -,b4b5 h2h4 e6c5 d2f3 e5e4 d3e4 d4d3 e2d3 b5d3 c2d2
5k2/6p1/pr3p1p/8/1PR5/6PK/5P2/8 b - -,f8f7 c4c7 f7g6 c7a7 f6f5 f2f4 g6f6 a7d7 g7g6 d7c7
7Q/pp6/4K2k/8/8/8/P7/7q b - -,f8f7 c4c7 f7g6 c7a7 f6f5 f2f4 g6f6 a7d7 g7g6 d7c7
8/2R1R1pk/7p/8/8/3b4/5PPP/7K b - -,h7g6 e7g7 g6f6 g7d7 d3b5 d7d6 f6e5 d6b6 b5a4 c7e7
3r4/1N3kpp/1b6/1P3b2/1p1P1n2/8/5PPP/2R1R1K1 b - -,d8d7 b7c5 d7d4 g2g3 f4d5 e1e5 f7f6 e5e8 d5c3 c5b3
3r2k1/pp2bBpr/2n3Np/2P1p3/8/4B3/PPP1QPPP/2K5 b - -,g8f7 e2h5 e7f6 g6e5 f7e6 e5g6 e6f7 c2c3 a7a5 h5f5
8/6pk/2p4p/5p2/1Pq4P/2P1Q1P1/1P4K1/8 b - -,c4d5 e3f3 d5d7 f3f4 d7d5 g2f2 d5e6 f4d2 e6a2 f2f3
r6r/p2k1ppp/2b1p1q1/3R4/8/B4N2/P4PPP/4Q1K1 b - -,d7c7 a3d6 c7d8 f3e5 g6c2 e5f7 d8d7 f7e5 d7e8 e5c6
6k1/3R2p1/p4p1p/7P/1P1p4/6P1/r4PK1/8 b - -,
8/pp6/4K3/6k1/8/8/P7/7Q b - -,a6a5 d7d4 g8h7 b4a5 a2a5 g3g4 f6f5 f2f3 f5g4 f3g4
8/2R3R1/6kp/8/8/3b4/5PPP/7K b - -,g6f5 g7d7 d3e4 d7d6 f5e5 d6b6 e5d5 c7d7 d5c4 b6f6
8/3p1p2/1p3P1P/5P2/ppkP4/8/1K1P4/8 b - -,a4a3 b2a2 c4b5 h6h7 b5a4 h7h8q b4b3 a2a1 a4b5 h8c8
6k1/6p1/R6p/pr3p2/8/5KP1/1P3P2/8 b - -,g8f7 f3g2 f7e7 g2f3 e7e8 f3e3 e8f7 e3d4 f7g8 f2f4
r2q1rk1/p1p1bpp1/3p1n1p/2p1p2b/4P3/2PPBN1P/PPQN1PP1/2R2RK1 b - -,a7a5 d3d4 f6d7 d4c5 d6c5 g2g4 h5g6 d2c4 e7d6 a2a4
8/2R2kp1/pr3p1p/8/1P6/6PK/5P2/8 b - -,f7g6 c7a7 f6f5 f2f4 g6f6 a7c7 g7g6 c7a7 g6g5 a7c7
8/2B5/p3k3/Pp1ppp2/1P4p1/2P2bPr/2K2R1P/8 b - -,h3h7 c7b6 f5f4 g3f4 e5f4 c2d3 f3e4 d3d2 e6f5 b6d4
8/4bpk1/5N1P/4PKp1/8/8/8/8 b - -,g7h6 f6g8 h6h5 g8e7 h5h4 f5f6 h4h5 f6f7 g5g4 e7f5
8/6pk/R6p/pr3p2/8/4K1P1/1P3P2/8 b - -,b5b3 e3f4 b3b5 f4e3 g7g5 f2f4 b5b3 e3d4 b3g3 d4e5
1krnR3/ppp4p/8/7Q/3p4/8/PPP2PPP/6K1 b - -,b7b5 h5b5 d8b7 e8c8 b8c8 b5f5 c8d8 f5d5 b7d6 d5d4
8/6pk/2p4p/5Q2/1Pq4P/2P1p1P1/1P4K1/8 b - -,h7g8 f5c8 g8h7 g2f3 e3e2 c8f5 h7h8 f5e5 c4d3 f3f2
rn3rk1/p5pp/2p5/4p3/6b1/1P3N2/1PPB2PP/R4RK1 b - -,b8d7 d2c3 a7a6 a1a5 g4f3 f1f3 f8f3 g2f3 c6c5 g1g2
6k1/6p1/p4p1p/7P/rP1R4/6P1/5PK1/8 b - -,
r3knnr/pp2ppp1/1qp4p/8/3P4/3Q1N2/PPP2PPP/R1B1K2R b KQkq -,g8f6 e1h1 f8e6 a2a4 a7a5 c2c4 a8d8 c1e3 f6g4 h2h3
8/8/3kp3/5p2/6p1/4R1P1/5PK1/r7 b - -,a1a6 e3e2 a6a5 e2d2 d6e7 d2b2 e7f6 b2b8 a5a2 b8b7
r1b1k2r/1p1nbp2/1qn1p3/p2pP1pp/3P4/P2B1N1P/1P3PP1/R1BQRNK1 b kq -,g5g4 h3g4 h5g4 f3h2 b6d4 h2g4 d7c5 d3e2 d4d1 e1d1
2r2rk1/p2b1ppp/4p3/1p1pP3/5Pn1/3B1N1P/P2K2P1/RN3R2 b - -,g4h6 b1c3 b5b4 c3e2 a7a5 f1c1 h6f5 d3f5 e6f5 f3d4
2rr2k1/p4pp1/3b3p/4p3/1q2Q3/2N5/P1PP1PPP/1RB2RK1 b - -,b4a5 a2a4 a5c5 c1b2 d6e7 e4f3 c8b8 b2a1 b8b1 f1b1
r1b2rk1/1pqnbpp1/p2p1n1p/4p3/P1B1P2N/2NQB3/1PP2PPP/R4RK1 b - -,d7b6 c4b3 c8e6 h4f5 e6f5 e4f5 a8c8 e3b6 c7b6 f1e1
r1b1k2r/1pqp1ppp/p1n1pn2/2b1P3/3N1P2/2NBB3/PPP3PP/R2Q1RK1 b kq -,f6g8 d4f5 c5e3 f5e3 d7d6 e5d6 c7d6 c3e4 d6d8 e3c4
r1bq1rk1/pp2ppbp/2n2np1/2p5/2Pp4/P2P1NP1/1P1NPPBP/1RBQ1RK1 b - -,a7a5 f3g5 d8c7 g5e4 f6d7 f2f4 e7e6 d2f3 f7f5 e4g5
8/pQ6/4K3/1p4k1/8/8/P7/8 b - -,e7e5 b2b4 d8e7 b4c5 h7h6 a3a4 e7c5 d1b3 f8d8 c1a3
3rr1k1/1b3Bp1/ppq4p/3p4/4n2Q/BPp1P3/P1P3PP/R4RK1 b - -,g8h8 f7e8 d8e8 f1f8 e8f8 a3f8 e4g5 h4g4 c6e8 a1f1
8/7k/R6p/pr3pp1/5P2/4K1P1/1P6/8 b - -,g5g4 e3d4 h6h5 a6a7 h7g8 a7a8 g8f7 a8a7 f7e6 a7a6
6k1/R5p1/pr3p1p/8/1P6/6PK/5P2/8 b - -,f6f5 h3g2 g8h7 f2f4 h7g6 g2h3 g6f6 a7d7 g7g6 d7c7
rn1qk2r/pp1b1pbp/3p1np1/1BpP4/8/2N2N2/PPP2PPP/R1BQR1K1 b kq -,f6e4 e1e4 e8f8 c1g5 d8b6 a2a4 g7c3 b2c3 d7b5 a4b5
4r3/p5k1/2p1b3/1p2p3/8/4K1p1/PPr1N3/7R b - -,g3g2 h1g1 c2e2 e3e2 e6d5 g1d1 e8f8 d1g1 g7f6 e2d2
r1bq1rk1/pp1n1pp1/2pbp2p/3p3Q/3P1P2/3BPN2/PPP3PP/R1B1K2R b KQ -,c6c5 c2c3 d7f6 h5h4 f6e4 h4d8 f8d8 a2a4 c8d7 e1e2
r2r2k1/p5p1/bppBpq1p/2P1R3/P3Qn2/2P5/B4PPP/R5K1 b - -,f4e2 g1h1 e2c3 a2e6 f6e6 e5e6 c3e4 e6e4 d8e8 a1e1
r4rk1/pp2p2p/1q1pb1p1/4np2/2P1P3/1PN5/P2QBPPP/3RK2R b - -,f5e4 c3e4 e6f5 e4c3 f5h3 e2f1 h3g4 c3d5 b6c5 f2f4
2r2rk1/p2b1ppp/4p2n/1p1pP3/5P2/2NB1N1P/P2K2P1/R4R2 b - -,b5b4 c3e2 a7a5 e2d4 c8c3 f1c1 c3a3 c1c7 d7a4 c7a7
r1b2rk1/p1q2p1p/4pnp1/2p1N3/2P3P1/3Q4/PPB2P1P/2KR3R b - -,c7e5 h1g1 a8b8 d3a3 b8b4 g4g5 f6h5 c1b1 e5c7 a3c3
rn2kb1r/ppp2p1p/3p1Np1/2q2N2/4P3/6P1/PPPBQP1P/R3K2R b KQkq -,e8d8 f5e3 f8g7 f6d5 b8d7 e1a1 a7a5 d2c3 g7c3 d5c3
r2qk2r/ppp2ppp/3b2b1/8/3n2P1/2NP1N1P/PPP2P2/R1BQ1RK1 b kq -,d4e6 c3b5 e8h8 f1e1 d6c5 d3d4 a7a6 d4c5 a6b5 c1e3
rnbqkbnr/1p3ppp/1N6/2P1p3/1p6/8/P1P1PPPP/R1BQKBNR b KQkq -,a8a5 d1d8 e8d8 g1f3 c8e6 f3e5 g8f6 e5c4 a5a6 c1e3
3r4/6pk/2p5/1p3p2/1n1P4/4PpP1/1P1R1K2/5B2 b - -,h7g6 f2f3 g6g5 d2g2 d8h8 g2e2 h8h1 f3g2 h1h6 g2f3
b7/5p2/1N3k2/5P2/1p4PP/8/3bK3/8 b - -,d2f4 b6a8 f4g3 a8b6 b4b3 e2d3 g3h4 d3c3 f6g5 b6c4
r4rk1/p1pqbpp1/3p1n1p/2p1p2b/3PP3/2P1BN1P/PPQN1PP1/2R2RK1 b - -,c5d4 c3d4 e5d4 f3d4 c7c5 d4f5 h5g6 f5e7 d7e7 f2f3
Q1b1q3/p1p2kpp/5n2/2b5/3p4/8/PP1P1PPP/RNB2K1R b - -,c5d4 c3d4 e5d4 f3d4 c7c5 d4f5 h5g6 f5e7 d7e7 f2f3
r5nr/1bqQ1kbp/2p5/p3p1Pp/1p2P3/4BP2/PPP2N2/2KR2NR b - -,f7f8 d7c7 g8e7 c7b7 f8f7 d1d7 a8e8 f2d3 h8f8 c1d1
rn3rk1/p5pp/2p5/4p3/8/1P3R2/1PPB2PP/R5K1 b - -,f8f3 g2f3 g8f7 d2e3 f7e6 a1a7 a8a7 e3a7 b8d7 b3b4
3r4/8/8/1K1P2k1/8/8/8/5R2 b - -,d8d6 b5c5 d6d8 f1d1 g5f4 d5d6 f4e5 d1e1 e5f5 c5c6
4r3/p5k1/2p1b3/1p2p3/8/4K3/PPr1N1p1/6R1 b - -,c2e2 e3e2 e6d5 e2d2 g7f6 d2c3 f6f5 b2b3 e8g8 g1a1
r1bqr1k1/ppp1bppp/5nn1/3p4/8/1P1P1N2/PBPN1PPP/R2QRBK1 b - -,c7c6 c2c4 c8f5 a2a3 a7a5 h2h3 d8b6 f3d4 f5d7 d4f3
8/7k/R6p/pr3p2/3K1Pp1/6P1/1P6/8 b - -,h6h5 a6a7 h7g6 a7a6 g6g7 a6a7 g7f6 a7a6 f6e7 a6a7
rnb2r1k/pp1p1p1p/2pN4/b3P1pn/2BP1p1q/2PN4/PP2Q1PP/R1B2RK1 b - -,h5g3 e2e1 a5c7 c1f4 g3f1 e1h4 g5h4 d6f7 f8f7 c4f7
2r2rk1/p2b1ppp/4p2n/3pP3/1p3P2/3B1N1P/P2KN1P1/R4R2 b - -,f7f6 f1c1 a7a6 a1b1 a6a5 e2d4 h6f7 d3a6 c8a8 a6b7
rn1qkbnr/1bpppppp/pp6/7Q/2B1P3/2N5/PPPP1PPP/R1B1K1NR b KQkq -,e7e6 d2d3 g8f6 h5h3 d7d5 e4d5 e6d5 c4b3 d8d7 e1f1
8/7p/1pr3p1/2nNp1k1/4P3/3BP3/2R1K1PP/8 b - -,c6e6 d5b6 e6b6 c2c5 g5f6 e2f3 h7h5 h2h4 b6e6 d3c4
r2q1rk1/1pp2ppp/1b3nn1/pP1pP3/P2P2b1/3B1N2/3N1PPP/R1BQ1RK1 b - -,b6d4 e5f6 d4a1 f6g7 f8e8 d1c2 a1g7 h2h3 g4d7 d2b3
8/8/1p1k4/1P4pp/2K5/5P1P/8/8 b - -,d6e5 c4d3 e5f4 d3e2 f4g3 e2e3 h5h4 e3e4 g3h3 f3f4
r4rk1/pp2pp1p/1q1pb1p1/4n3/2P1P3/1PN5/P2Q1PPP/3RKB1R b - -,a7a6 f2f4 e5g4 h2h3 g4e3 d2f2 b6a7 d1d3 e3f1 h1f1
R5k1/6p1/p4p1p/8/1r6/6PK/5P2/8 b - -,g8h7 a8a6 f6f5 h3g2 f5f4 a6a5 f4g3 f2g3 b4b2 g2h3
r3kb1r/3b1p2/nqppp1pp/p2nP3/3P2PP/2PB1P1N/P2QNB2/R3K2R b KQkq -,d6e5 d4e5 a6c5 e1h1 b6c7 c3c4 d5b4 d3b1 e8a8 d2e3
rn3Rk1/p5pp/2p5/8/4p3/1P6/1PPB2PP/R5K1 b - -,g8f8 a1a4 b8d7 a4e4 a8e8 e4f4 f8g8 f4a4 e8e2 a4d4
7k/4bp2/5N1P/4P1K1/8/8/8/8 b - -,
3r4/6pk/2p5/1p3p2/1n1Pp1P1/4P3/1P1R1P2/5BK1 b - -,c6c5 g4f5 c5d4 d2d4 d8d4 e3d4 h7h6 f1g2 b4d3 d4d5
8/8/1p2k3/1P4pp/3K4/5P1P/8/8 b - -,e6f7 d4e5 f7g6 e5e6 h5h4 e6e5 g6h6 e5f5 h6h5 f5f6
8/8/1p1k4/1P4pp/4K3/5P1P/8/8 b - -,d6c5 e4f5 c5b5 f5g5 b5c6 f3f4 c6d7 g5f6 b6b5 f4f5
4r3/p5k1/2p1b3/1p2p3/8/8/PP2K1p1/6R1 b - -,e6d5 e2d3 g7f6 d3c3 f6f5 b2b3 e8g8 c3b4 f5f4 b4c5
8/2R3R1/4k3/8/7p/3bKP2/6PP/8 b - -,e6d5 e2d3 g7f6 d3c3 f6f5 b2b3 e8g8 c3b4 f5f4 b4c5
2r2rk1/3b1ppp/4p2n/p2pP3/1p1N1P2/3B1N1P/P2K2P1/R4R2 b - -,c8c7 a1c1 c7b7 c1c5 a5a4 f1c1 f8b8 c5c7 g7g6 g2g4
r6r/1R2nkbp/2p5/p3p1Pp/1p2P3/4BP2/PPP2N2/2K3NR b - -,h8c8 h1h5 c8b8 b7b8 a8b8 h5h7 a5a4 f2d3 c6c5 e3c5
rnb1k1nr/ppp3pp/3bp3/3p4/3PP2q/2P5/PPQ3PP/RNBK1BNR b kq -,h4e4 f1d3 e4g4 d3e2 g4f5 c2f5 e6f5 c3c4 g8f6 g1f3
8/7k/R6p/p3Kp2/5Pp1/6P1/1r6/8 b - -,
r4rk1/p1pqbpp1/3p1n1p/4p2b/3PP3/4BN1P/PPQN1PP1/2R2RK1 b - -,e5d4 f3d4 c7c5 d4f5 h5g6 f5e7 d7e7 f2f3 e7e6 d2c4
rn3k2/p5pp/2p5/8/4p3/1P6/1PPB1KPP/R7 b - -,a7a6 f2e3 b8d7 e3e4 f8f7 a1a5 h7h5 e4d3 g7g6 b3b4
1n3r1k/3rqp1p/p4N2/3pp3/Pp2P2Q/8/1PP3PP/5R1K b - -,e7f6 h4f6 h8g8 f1f3 f8c8 f3g3 g8f8 f6h8 f8e7 h8e5
8/6pk/R4p1p/8/1r6/6PK/5P2/8 b - -,b4b2 h3g2 h7g6 a6a5 b2e2 a5a6 g6f7 a6a5 e2e1 a5a7
3r4/6Q1/4krP1/pppq1p2/5P2/5R2/P4K2/8 b - -,b4b2 h3g2 h7g6 a6a5 b2e2 a5a6 g6f7 a6a5 e2e1 a5a7
r4qk1/1pp1npp1/p6p/P2b1r2/4N1Q1/7R/1P3PP1/4RBK1 b - -,d5e6 h3h6 e7g6 h6g6 f7g6 g4g6 f8f7 g6g3 e6d5 f1d3
r2q1rk1/pp2pp1p/2bp1bp1/8/4P3/2P3P1/PP3PBP/R1BQ1RK1 b - -,a7a5 f1e1 a5a4 c1h6 f8e8 d1d2 d8c7 a1c1 c6d7 g2f3
r1bqk2r/1ppp1pp1/p1n2n1p/4p3/1b2P3/2NP2P1/PPP1NPBP/R1BQ1RK1 b kq -,b4c5 h2h3 d7d6 g1h2 c5a7 a2a4 c8d7 a4a5 h6h5 c3d5
r2r2k1/p5p1/bppBpq1p/2P1R3/P3Q3/2P5/B3nPPP/R6K b - -,e2c3 a2e6 f6e6 e5e6 c3e4 e6e4 d8e8 a1e1 e8e4 e1e4
rn1k1b1r/ppp2p1p/3p1Np1/2q5/4P2N/6P1/PPPBQP1P/R3K2R b KQ -,c5c6 e1h1 f8g7 e2f3 c6c2 d2c3 b8d7 f6d7 g7c3 b2c3
2r2rk1/3b1ppp/4p2n/3pP3/pp1N1P2/3B1N1P/P2K2P1/R1R5 b - -,f7f6 a1b1 c8b8 c1c7 f8f7 g2g4 d7e8 d4e6 b4b3 a2b3
r1bqr1k1/1pp1bpp1/5np1/3p4/p7/1P1P1N2/PBP2PPP/R2QRBK1 b - -,b7b5 b2e5 c8d7 c2c4 e7b4 e1e2 d7g4 a1b1 a4a3 c4b5
r4k2/p5pp/R1p5/8/4p3/1P6/1PPB1KPP/8 b - -,a8e8 a6c6 e4e3 d2e3 f8g8 c6c7 e8d8 f2e2 a7a6 b3b4
8/5p2/6k1/5p1p/5K1P/5PP1/8/8 b - -,g6g7 f4f5 f7f6 f5e6 g7g6 f3f4 f6f5 e6e5 g6g7 e5f5
r2r2k1/p4ppQ/2n1p3/q3P3/3PBB2/p7/2P1bPPP/R5K1 b - -,g6g7 f4f5 f7f6 f5e6 g7g6 f3f4 f6f5 e6e5 g6g7 e5f5
6k1/5pp1/p7/3p1b1p/3P4/P1Pr4/R3K1PP/1N6 b - -,h5h4 a2d2 h4h3 e2f2 h3g2 d2d3 f5d3 b1d2 d3f1 h2h4
r4rk1/p1pqbpp1/3p1n1p/7b/3NP3/4B2P/PPQN1PP1/2R2RK1 b - -,c7c5 d4f5 h5g6 f5e7 d7e7 f2f3 e7e6 d2c4 f8c8 c2d2
3r4/6Q1/4krP1/ppp2p2/5P2/5RK1/P2q4/8 b - -,c7c5 d4f5 h5g6 f5e7 d7e7 f2f3 e7e6 d2c4 f8c8 c2d2
8/3p1p2/1pk2P2/p4P2/1p1P3P/1K6/3P4/8 b - -,c6d5 h4h5 d5e4 h5h6 e4f5 h6h7 f5f6 h7h8q f6g5 h8g8
2R2rk1/3b1ppp/4p2n/3pP3/p2N1P2/1p1B1N1P/P2K2P1/R7 b - -,f8c8 a2b3 a4b3 a1a7 d7e8 d4b3 g7g6 g2g4 g8g7 b3d4
r1bq1rk1/1p3pb1/3p1np1/2nNp1Bp/p1P1P1P1/5PNP/PP1Q4/R3KB1R b KQ -,h5h4 g3f5 g6f5 g4f5 f6e4 f3e4 c5e4 g5d8 e4d2 d8e7
R7/6pk/p4p1p/7P/8/6P1/1r3PK1/8 b - -,b2b5 a8a6 b5h5 a6b6 h5g5 b6b8 h6h5 g2h3 g5f5 h3g2
8/7k/R7/pr3pKp/5Pp1/6P1/8/8 b - -,
8/2k5/4p3/r4p2/6p1/6P1/5PK1/2R5 b - -,c7d6 c1c4 a5a8 c4c2 e6e5 c2b2 a8c8 b2b6 c8c6 b6b8
4r1k1/5pp1/8/R7/p3P1P1/7P/q3PQK1/8 b - -,
8/5kp1/pr3p1p/5P2/1P1R4/6P1/6K1/8 b - -,b6b5 g3g4 f7f8 g2g3 h6h5 g4h5 b5f5 h5h6 f5g5 g3f3
8/2R3R1/3k4/1b4P1/7p/4KP2/7P/8 b - -,b5e8 c7c8 e8a4 g5g6 a4c6 c8d8 d6c5 g7e7 c6d5 e3f4
4rk2/p5pp/2R5/8/4p3/1P6/1PPB1KPP/8 b - -,e8e5 f2e1 f8g8 c6c8 g8f7 c8c7 f7g8 c7a7 e4e3 d2c3
3r4/6p1/2p3k1/1p3p2/1n1P4/4PKP1/1P1R4/5B2 b - -,g6h5 f1h3 h5g5 h3f1 d8d6 d2e2 g7g6 f1g2 b4d3 g2f1
r5r1/1p2bk2/pB1p1n2/2PPpp2/N5p1/7p/PP2BP2/2R3RK b - -,e5e4 c5c6 h3h2 g1f1 b7c6 d5c6 f5f4 c6c7 d6d5 c1c6
1rb1r2k/4q1bp/6p1/1pB1pp2/4P3/1Q1N1PP1/P5BP/1R3RK1 b - -,e7c7 c5f2 c8e6 b3b2 e6c4 f1d1 b8a8 d3b4 c7f7 a2a3
rnbqkbnr/ppp3pp/3p4/3Ppp2/8/6P1/PPP1PPBP/RNBQK1NR b KQkq -,g8f6 c2c4 f8e7 b1c3 e8h8 e2e4 a7a5 e4f5 c8f5 g1f3
r1bqr1k1/1p2bpp1/5np1/2pp4/1P6/p1BP1N2/P1P2PPP/R2QRBK1 b - -,c5b4 c3d2 c8g4 a1b1 a8c8 d2b4 e7b4 e1e8 d8e8 b1b4
2r3k1/3b1ppp/4p2n/3pP3/p2N1P2/1P1B1N1P/3K2P1/R7 b - -,a4b3 a1a7 d7e8 d4b3 c8b8 f3d4 g7g6 g2g4 g8f8 b3c5
rnb1kb1r/ppppq1pp/5n2/8/8/1P2P3/P1P2PPP/RNBQKBNR b KQkq -,b8c6 c1b2 g7g6 f1e2 f8g7 g1f3 b7b6 c2c4 f6e4 b2g7
r2q1rk1/pb2bpp1/1p5p/2ppP2n/8/P1NBPN2/1PQ2PPP/R4RK1 b - -,d8b8 f1e1 g7g6 e3e4 c5c4 d3f1 d5e4 f1c4 b8c8 e1e4
2Rk4/1p1b1prp/p3p1p1/4P1N1/8/8/PP3PPP/3R2K1 b - -,d8c8 g5e4 c8c7 f2f3 d7b5 e4f6 a6a5 h2h4 a5a4 g1f2
8/p2p1p2/1pk2P2/5Pp1/1p1P4/1K4PP/3P4/8 b - -,c6d5 b3b4 d5d4 b4b5 a7a5 b5a4 d4e5 a4b5 e5f5 b5c4
8/5kp1/p4p1p/1r3P2/1P1R2P1/8/6K1/8 b - -,h6h5 g4h5 b5f5 d4d7 f7f8 h5h6 f5g5 g2f2 g7h6 d7d6
5rk1/p4p1p/1p4p1/2Pp1n2/1P1N4/P2PrR1P/6P1/R5K1 b - -,e3f3 d4f3 b6c5 b4c5 f8c8 a1c1 h7h5 d3d4 f7f6 c1b1
5rk1/p3p2p/3p2pB/8/2p1P1b1/4q3/P1P1Q3/R3K2R b - -,e3f3 d4f3 b6c5 b4c5 f8c8 a1c1 h7h5 d3d4 f7f6 c1b1
r2q1rk1/pp1b1pbp/2n1p1p1/2NnN3/3P1P2/6P1/PP3BBP/R2Q1RK1 b - -,c6e5 d4e5 d7c6 d1e2 d8c7 c5e4 f8d8 h2h4 h7h5 a2a3
5k2/p5pp/2R5/4r3/4p3/1P2B3/1PP2KPP/8 b - -,h7h5 f2e1 h5h4 c6c8 f8f7 c8c7 f7g8 c7a7 e5h5 h2h3
rnb1k1nr/ppp3pp/3bp3/8/3Pp3/2P5/PP1N2PP/R1BK1BNR b kq -,g8f6 g1e2 b8c6 d2c4 e6e5 d4e5 c6e5 e2d4 e8h8 c4e5
1n3r1k/3r1p1p/p4Q2/3pp3/Pp2P3/8/1PP3PP/5R1K b - -,h8g8 f1f3 f8c8 f3g3 g8f8 f6h8 f8e7 h8e5 e7f8 e5h8
4b3/2R1R3/3k4/6P1/7p/4KP2/7P/8 b - -,h8g8 f1f3 f8c8 f3g3 g8f8 f6h8 f8e7 h8e5 e7f8 e5h8
R7/6pk/p4p1p/7P/8/5KP1/r4P2/8 b - -,
r5r1/1p2bk2/pB1p1n2/2PPp3/N4pp1/7p/PP2BP1K/2R3R1 b - -,a8c8 c5c6 f4f3 e2f1 e5e4 c6c7 f6d7 c1c4 e7f6 c4e4
r1bk3r/1pp1n3/p2p1Q1p/8/5Pq1/3B2P1/P1P4P/4RRK1 b - -,c8e6 e1e6 g4g8 f6e7 d8c8 f4f5 c8b8 f5f6 g8g5 f6f7
1RR5/5ppk/1p1qn2p/4p3/3p4/3P2P1/1P1NPPKP/8 b - -,f7f6 d2f3 h7g6 b8b7 g6h7 c8e8 h6h5 b7b8 d6c6 e8c8
2r3k1/R2b1ppp/4p2n/3pP3/3N1P2/1p1B1N1P/3K2P1/8 b - -,d7e8 d4b3 c8b8 f3d4 f7f6 e5f6 g7f6 d3h7 g8h8 h7c2
5k2/p5pp/2R5/5r2/4p3/1P2B3/1PP3PP/4K3 b - -,h7h5 c6c8 f8f7 c8c7 f7e6 c7a7 g7g5 b3b4 f5b5 e3d2
8/6p1/6kp/1K4n1/8/6P1/5N1P/8 b - -,g6f5 b5c4 g5e4 f2d1 e4g3 h2g3 f5e4 d1c3 e4f3 c4d4
r4qk1/1pp1npp1/p7/P2b1r1R/4N1Q1/8/1P3PP1/4RBK1 b - -,d5e4 e1e4 g7g6 h5h3 e7d5 g4f5 g6f5 h3g3 f8g7 g3g7
r5k1/2p3pp/3n4/1r1P1p2/1R6/p1P5/P1K2P1P/2BR4 b - -,g8f8 b4b5 d6b5 c3c4 b5d6 c4c5 d6e4 c5c6 a8a5 c1f4
1q5k/5rp1/5Q1p/8/8/8/5PPP/3RR2K b - -,f7f6 e1e2 h8h7 d1e1 f6g6 f2f3 b8b5 h2h3 g6g5 e2e6
8/5kp1/p4p2/1r3P1P/1P1R4/8/6K1/8 b - -,b5f5 d4d7 f7g8 h5h6 g7h6 d7a7 f5b5 a7a6 g8f7 a6a4
8/2R1R3/3k2b1/6P1/5P1p/4K3/7P/8 b - -,f7e7 d4f4 e7f7 g2f3 f7g8 h5h6 g7h6 f3g4 g8g7 g4h4
8/K7/8/1P6/6p1/5k2/8/8 b - -,f7e7 d4f4 e7f7 g2f3 f7g8 h5h6 g7h6 f3g4 g8g7 g4h4
r1bq1rk1/1p3pb1/3p1np1/2nPp1Bp/p3P1P1/2N2PNP/PP1Q4/R3KB1R b KQ -,b7b5 f1b5 h5h4 g3e2 d8b6 g5h4 c8d7 b5d3 f6h7 a1b1
rnbqk2r/p4p2/2p1pn1p/1p2N3/1bpPP1p1/2N3B1/PPQ1BPPP/R3K2R b KQkq -,d8d4 e1h1 d4b6 f1d1 b8d7 e5d7 c8d7 g3e5 b4e7 c2d2
r2r1k2/p4ppQ/2B1p3/q3P3/3P1B2/p7/2P1bPPP/R5K1 b - -,d8d4 e1h1 d4b6 f1d1 b8d7 e5d7 c8d7 g3e5 b4e7 c2d2
rnbqkbnr/p2p1ppp/1pp5/4p3/4P3/1B6/PPPP1PPP/RNBQK1NR b KQkq -,g8f6 b1c3 f8c5 g1e2 e8h8 e1h1 f8e8 d2d3 b6b5 c1g5
rn1k1b1r/ppp2p1p/3p1Np1/8/4P2N/6P1/PPqBQP1P/R4RK1 b - -,c2a4 d2c3 f8g7 e2f3 b8c6 a1d1 a4b5 f3g4 c6e7 h4f3
r1bqkb1r/1pp2ppp/2np4/p7/2P1n3/4PNPP/PPQP1PB1/R1B2RK1 b kq -,e4g5 f3g5 d8g5 d2d4 g5g6 c2e2 f8e7 d4d5 c6e5 e3e4
8/5p2/5k2/5p1p/5KPP/5P2/8/8 b - -,f5g4 f3g4 h5g4 f4g4 f6g7 g4g5 f7f6 g5f4 g7g6 h4h5
r1bq1rk1/pp2npb1/2n3pp/2pp4/8/P1NPBN2/BPP2PPP/R2Q1RK1 b - -,d5d4 e3h6 g7h6 c3e4 b7b6 f3g5 g8g7 g5f7 f8f7 a2f7
1R4k1/6p1/p4p1p/P2r3P/3p4/6P1/1P3PK1/8 b - -,d5d8 b8d8 g8f7 d8d4 f7f8 d4d1 f6f5 f2f4 g7g5 h5g6
rn1qkbnr/1bpp1ppp/pp2p3/8/2B1P3/2N5/PPPPQPPP/R1B1K1NR b KQkq -,c7c5 d2d3 b8c6 g1f3 d8c7 c4b3 g8f6 c3d1 e8a8 c2c3
r7/1p2bkr1/pBPp1n2/3Pp3/N4pp1/7p/PP2BP1K/2R3R1 b - -,a8b8 b6a7 b7c6 a7b8 c6d5 a4b6 f7e6 e2a6 g4g3 f2g3
8/R5pk/5p1p/p6P/8/5KP1/r4P2/8 b - -,
rnb1k1nr/ppp3p1/3bp2p/8/3Pp2B/2P5/PP4PP/RN1K1BNR b kq -,g8f6 b1d2 g7g5 h4e1 b8c6 h2h4 g5g4 g1e2 c8d7 d2c4
8/2r5/3k4/3P3R/1P1K4/8/8/8 b - -,c7c1 h5h7 c1d1 d4c4 d1b1 c4b5 d6d5 h7h4 b1b2 h4h6
2r3k1/3R1ppp/4p2n/3pP3/3N1P2/3B1N1P/1p1K2P1/8 b - -,g7g6 d7b7 h6f5 d3f5 e6f5 b7b2 c8a8 d4c2 h7h6 f3d4
8/6p1/7p/5kn1/2K5/6P1/5N1P/8 b - -,g5e4 f2d1 e4g3 h2g3 f5e4 d1c3 e4f3 c4d4 f3g3 d4e3
r1bq1rk1/1p3pb1/3p1np1/2nPp3/p3P1PB/2N2PNP/PP1Q4/R3KB1R b KQ -,c8d7 h4g5 d8a5 h3h4 f6h7 g5e3 b7b5 h4h5 f8c8 e1f2
7Q/8/4krP1/ppp2p2/5P2/5RK1/P2q4/8 b - -,c8d7 h4g5 d8a5 h3h4 f6h7 g5e3 b7b5 h4h5 f8c8 e1f2
8/3R1kp1/p4p2/5r1P/1P6/8/6K1/8 b - -,f7g8 h5h6 g7h6 d7a7 f5g5 g2f2 g5b5 a7a6 g8f7 a6a4
r1bq1rk1/p4pbp/2p1p1p1/2Nn4/3P1P2/6P1/PP1Q1BBP/R4RK1 b - -,d8b6 a1c1 a7a5 a2a3 h7h5 f1e1 f8d8 h2h3 a8b8 c1c2
r4rk1/p2qbpp1/3p1n1p/2p2N1b/4P3/4B2P/PPQN1PP1/2R2RK1 b - -,h5g6 f5e7 d7e7 f2f3 e7e6 d2c4 f8c8 c2d2 d6d5 e4d5
1r3rk1/2p2ppp/2n3n1/1p1P4/p4P1q/Q1PBB3/P4P1P/2KR2R1 b - -,b5b4 a3a4 c6e7 c3c4 g6f4 a4c2 f4d3 c2d3 e7g6 c4c5
r2Q1rk1/ppp1n1pp/8/8/8/5N2/PP3PPP/R3R1K1 b - -,e7f5 d8c7 b7b5 g1h1 g8h8 c7c5 b5b4 c5b4 f5h6 b4a4
1n3rk1/3r1p1p/p4Q2/3pp3/Pp2P3/5R2/1PP3PP/7K b - -,f8d8 e4d5 e5e4 f3g3 g8f8 g3g7 d7e7 g7h7 f8e8 d5d6
r1bkr3/1pp1n3/p2p1Q1p/8/5Pq1/3BR1P1/P1P4P/5RK1 b - -,c8d7 f1e1 c7c5 f6d6 a8c8 e3e7 e8e7 d6e7 d8c7 e7c5
2k5/1p1b1prp/p3p1p1/4P3/4N3/8/PP3PPP/3R2K1 b - -,d7a4 d1d4 a4b5 f2f3 c8c7 e4f6 g6g5 g1f2 a6a5 d4g4
6k1/R5p1/5p1p/p6P/6P1/5K2/r4P2/8 b - -,
8/8/K7/1P6/6p1/5k2/8/8 b - -,
6k1/3R2p1/p4p1P/5r2/1P6/8/6K1/8 b - -,f5g5 g2f2 g5f5 f2g2 g7h6 d7d6 g8f7 d6a6 f5b5 a6a4
r2q1rk1/npp2ppn/p2p3p/P2Pp1b1/2B1P3/2P2Q1P/1P1N1PP1/R1B1R1K1 b - -,a7c8 f3d3 c8e7 c4b3 h6h5 b3d1 e7g6 d3c2 h5h4 d1e2
1q5k/6p1/5r1p/8/8/8/4RPPP/3R3K b - -,h8h7 h2h3 f6g6 f2f3 b8b5 d1e1 g6c6 h1g1 b5b6 g1h2
r5k1/p4ppp/2p1p3/2BpPn2/P2P4/1rqb4/R2N1PPP/3QR1K1 b - -,b3b6 a2a3 c3c2 d1c2 d3c2 g2g4 f5d4 e1e3 c2d1 c5d4
r4qk1/1pp1npp1/p7/P4r1R/4R1Q1/8/1P3PP1/5BK1 b - -,
r1bq1rk1/pp2npb1/2n3pp/2p5/3p4/P1NP1N2/BPPB1PPP/R2Q1RK1 b - -,d4c3 d2c3 e7d5 c3g7 g8g7 f1e1 d5f4 e1e4 d8f6 d1d2
7Q/8/4k1r1/ppp2p2/5P1K/5R2/P2q4/8 b - -,c8e6 c3e4 e6a2 a1a2 d8d5 a2a1 f7f5 e4g3 g6g5 h2h3
8/2R3R1/3k2b1/6P1/5P2/4K2p/7P/8 b - -,c8e6 c3e4 e6a2 a1a2 d8d5 a2a1 f7f5 e4g3 g6g5 h2h3
8/8/8/7p/p1K2k1P/8/1P6/8 b - -,c8e6 c3e4 e6a2 a1a2 d8d5 a2a1 f7f5 e4g3 g6g5 h2h3
2R2k2/p5pp/8/r7/4p3/1P2B3/1PP3PP/4K3 b - -,f8f7 c8c7 f7f6 c7a7 a5h5 h2h3 h5f5 e3d4 f6e6 a7g7
1r4k1/3R1ppp/2N1p2n/3pP3/5P2/3B1N1P/1p1K2P1/8 b - -,b8a8 d7b7 g7g6 c6d4 h6f5 d3f5 e6f5 b7b2 h7h6 f3e1
r1bqkbnr/pppp1p1p/6p1/n3p3/2B1P3/3P4/PPP2PPP/RNBQK1NR b KQkq -,a5c4 d3c4 d7d6 b1c3 f7f5 h2h4 d8d7 h4h5 d7g7 h5g6
1kr1r3/7R/p7/q2nPBQ1/1b1P2P1/2P5/4N3/3RK3 b - -,a5a3 c3b4 e8h8 h7h8 c8h8 f5e4 a3b4 e1f2 b4f8 f2g3
rnb1k2r/p4p2/2p1pn1p/1p2N3/1bpqP1p1/2N3B1/PPQ1BPPP/R4RK1 b kq -,d4b6 f1d1 h6h5 g3h4 b8d7 e5d7 f6d7 e4e5 b4e7 h4e7
6k1/8/p2R1p1p/5r2/1P6/8/6K1/8 b - -,f5g5 g2h3 g8f7 d6a6 g5b5 a6a4 f7g6 h3g3 b5g5 g3h3
8/8/KP6/8/8/5kp1/8/8 b - -,
rn1r2k1/ppp2ppp/3q1n2/4b1B1/4P1b1/1BP1QN2/PP1N1PP1/R3K2R b KQ -,b8c6 e1a1 d6d3 e3d3 d8d3 f3e5 c6e5 f2f3 g4e6 b3e6
6k1/R5p1/5p1p/7P/p5P1/6K1/r4P2/8 b - -,
1R6/6pk/p4p1p/P2r3P/3p4/6P1/1P3P2/5K2 b - -,d5a5 b8b6 d4d3 f1e1 a5h5 b6a6 h5h1 e1d2 h1f1 d2d3
8/8/1R2k3/4pp2/6p1/6P1/2r2PK1/8 b - -,e6e7 b6b7 e7d6 b7b6 c2c6 b6b7 c6a6 b7h7 a6a2 h7h6
r1b3B1/1p2q1p1/p2p1pk1/4p3/4P3/4B3/PPPQ3P/R5K1 b - -,c8h3 g8d5 a8h8 g1h1 h3e6 d2g2 g6f7 c2c4 f7e8 a1f1
rn1k1b1r/ppp2p1p/3p2p1/3N4/4P2N/6P1/Pq1BQP1P/R4RK1 b - -,f7f6 e2f3 f8e7 d2c3 b2a3 d5e7 b8d7 e7d5 d8c8 a1c1
7k/5p2/3b1N1P/4PK2/8/8/8/8 b - -,
8/1P6/K7/8/8/5k2/6p1/8 b - -,
3q1rk1/5ppp/2B5/p1nnpN1b/P2p4/2rP2PP/2N1PP2/R2Q1RK1 b - -,d5f4 g3f4 c5d3 f4e5 d8g5 f5g3 d3f4 c2d4 c3g3 f2g3
8/1N1R1pkp/4p3/4p1p1/Pb2P3/1P4PP/4qPK1/5R2 b - -,
rnbqkbnr/ppp3pp/3p4/3P1p2/4p3/5PP1/PPP1P1BP/RNBQK1NR b KQkq -,g7g6 g1h3 g8f6 e1h1 f8g7 f3e4 f5e4 b1c3 e8h8 h3g5
8/8/8/7p/pK4kP/8/1P6/8 b - -,g7g6 g1h3 g8f6 e1h1 f8g7 f3e4 f5e4 b1c3 e8h8 h3g5
8/5k2/R4p1p/5r2/1P6/8/6K1/8 b - -,f5g5 g2f3 g5b5 a6a4 f7g6 f3g3 b5g5 g3f3 g5f5 f3g3
6k1/R5p1/5p1p/7P/6P1/p4PK1/r7/8 b - -,
8/p5Rp/4k3/r7/4p3/1P2B3/1PP3PP/4K3 b - -,a5h5 h2h3 h5d5 g7h7 d5d8 h7h4 e6e5 h4g4 d8c8 g4g5
1Q6/8/K7/8/8/5k2/8/6q1 b - -,
r4qk1/1pp1npp1/p7/P6Q/4R3/8/1P3PP1/5BK1 b - -,g7g6 h5e5 e7c6 e5c7 f8c8 c7b6 c8d7 b2b4 a8d8 e4e3
2r5/p3p1kp/2P1Brpb/8/4QPP1/PP2P3/1B5P/5RK1 b - -,g7g6 h5e5 e7c6 e5c7 f8c8 c7b6 c8d7 b2b4 a8d8 e4e3
5r2/4Npkp/pp4p1/2Pp4/1P6/P2P1P1P/8/R5K1 b - -,f8e8 e7d5 b6c5 b4c5 e8e5 d5b4 e5c5 b4a6 c5a5 a6b4
8/pp6/8/4k2p/P6P/4KP2/8/8 b - -,b7b6 e3d3 e5f4 d3c4 f4f3 c4d5 f3g3 d5d6 g3h4 d6c7
r1bq1rk1/pp2npb1/6pp/2p5/3n4/P1BP1N2/BPP2PPP/R2QR1K1 b - -,e7c6 c3d4 c5d4 d1d2 a7a5 h2h3 d8f6 h3h4 a5a4 e1e4
8/8/8/7p/K6k/8/1P6/8 b - -,e7f5 f3e5 g7e5 e1e5 d8d6 e5d5 d6c7 b2b4 b7b6 d1d2
8/R5R1/3k4/6Pb/5P2/4K2p/7P/8 b - -,e7f5 f3e5 g7e5 e1e5 d8d6 e5d5 d6c7 b2b4 b7b6 d1d2
r2q1rk1/pb2bppB/1p5p/2p1P2n/3p4/P1N1PN2/1PQ2PPP/R4RK1 b - -,g8h8 h7e4 b7e4 c3e4 f7f5 e5f6 e7f6 a1d1 d8d5 e4g3
r4rk1/p2qbpp1/3p1nbp/2p5/4P3/4B1NP/PPQN1PP1/2R2RK1 b - -,d6d5 e3c5 f8c8 b2b4 a7a5 a2a3 d5e4 c2b2 e7c5 c1c5
8/6pk/2p4p/3q1p2/1P5P/2P1Q1P1/1P3K2/8 b - -,d5a2 e3d2 a2a1 d2e2 a1a7 f2g2 a7a2 g2f3 a2d5 f3f4
8/p5Rp/4k3/8/4p3/1P2B3/1PP1K1PP/r7 b - -,a1a5 g7h7 a7a6 h7h4 a5e5 e2e1 e6f7 e3d2 e5e8 d2c3
1Q6/8/1K6/8/8/5k2/8/q7 b - -,
rnbqk2r/ppp3pp/3b1n2/3PN3/5P2/8/PPP3PP/RNBQKB1R b KQkq -,e8h8 b1c3 b8d7 e5d3 d7b6 f1e2 b6d5 c3d5 f6d5 e1h1
r7/1p2bkr1/pB1p1n2/2PPp3/N4p2/5PpK/PP2B3/2R3R1 b - -,e8h8 b1c3 b8d7 e5d3 d7b6 f1e2 b6d5 c3d5 f6d5 e1h1
8/R4k2/5p1p/1r6/1P6/8/6K1/8 b - -,f7g8 a7a8 g8g7 a8a4 g7f7 g2h3 f7g6 h3g3 b5g5 g3f3
r6r/p3kppp/2b1p1q1/3R4/8/5N2/P4PPP/2B1Q1K1 b - -,f7f6 f3h4 c6d5 h4g6 h7g6 e1a5 h8c8 c1e3 e7f7 h2h3
1r1qrbk1/2pb1pp1/3p1n1p/pp1PpN2/4P3/1QP3NP/PP3PP1/R1B1R1K1 b - -,c7c6 b3d1 c6d5 e4d5 b8c8 d1d3 c8c5 f5e3 h6h5 b2b3
R5k1/6p1/5p1p/7P/6P1/p4PK1/8/r7 b - -,
8/1N1R1pkp/4p3/4p1p1/Pb2q3/1P4PP/5P2/5RK1 b - -,
1Q6/2K5/8/8/8/5k2/8/1q6 b - -,
8/p7/1p6/4k2p/P4P1P/4K3/8/8 b - -,e5f5 e3d4 f5f4 d4d5 f4g4 d5c6 g4h4 c6d5 h4g4 d5e4
8/R6p/4k3/8/4p3/1P2B3/rPP1K1PP/8 b - -,a2b2 e2d2 b2b1 a7h7 b1f1 h7h4 e6f5 h2h3 f1a1 h4f4
rnbqkb1r/p2p1ppp/1pp2n2/4p3/4P3/1B1P4/PPP2PPP/RNBQK1NR b KQkq -,a7a5 a2a4 d7d5 g1f3 f8d6 e4d5 f6d5 e1h1 e8h8 f1e1
7Q/8/4k1r1/ppp2p2/5P1K/5R2/P5q1/8 b - -,a7a5 a2a4 d7d5 g1f3 f8d6 e4d5 f6d5 e1h1 e8h8 f1e1
R7/8/5pkp/1r6/1P6/8/6K1/8 b - -,h6h5 a8a4 b5g5 g2h3 g5g4 h3h2 g4h4 h2g3 h4d4 a4a5
8/R5R1/4k3/6Pb/4KP2/7p/7P/8 b - -,b5b4 g2h3 b4e4 a8g8 g6h5 h3g3 e4a4 g8g7 a4a5 g3h3
2R5/r4ppk/8/4P3/p3Q1P1/7P/q3P1K1/8 b - -,b5b4 g2h3 b4e4 a8g8 g6h5 h3g3 e4a4 g8g7 a4a5 g3h3
8/1b2bNk1/1r3np1/4p2p/2B1P2P/1R3PP1/KPP5/8 b - -,e7c5 b3b6 c5b6 b2b4 b6f2 f7d6 b7a8 c4f1 f2g3 a2b3
8/p7/1p6/5k1p/P4P1P/5K2/8/8 b - -,a7a6 f3e3 b6b5 a4a5 b5b4 e3d4 f5f4 d4c4 f4g3 c4d4
8/R4kp1/5p1p/7P/6P1/p4PK1/8/r7 b - -,
8/R6p/4k3/8/4p3/1P2B3/1rPK2PP/8 b - -,b2b1 a7h7 b1a1 h7h4 e6f5 h4f4 f5e5 f4g4 e5d6 g4e4
n1r2r2/4qpk1/b3pN1p/p2BP3/Pb1P1Q1P/6P1/5P2/R1R3K1 b - -,f8d8 f6h5 g7f8 f4h6 f8e8 h5f6 e7f6 h6f6 d8d5 c1c8
r1bqk2r/pp2bppp/2n1p3/2pn4/2B5/2NP1N2/PPP2PPP/R1BQR1K1 b kq -,a7a6 c4d5 e6d5 f3e5 e8h8 e5c6 b7c6 d1f3 c8e6 c1d2
2R5/5ppk/1p1qn2p/4p3/3p4/3P2P1/1PRNPPKP/8 b - -,f7f5 c8c6 d6d8 b2b4 d8d5 f2f3 e6c5 c6b6 c5a4 b6a6
1r1qrbk1/2p2pp1/3p1n1p/pp1PpN2/4P3/1QP4P/PP3PP1/R1B1R1K1 b - -,g8h7 a2a4 d8d7 f5e3 f6e4 b3c2 f7f5 e3f5 d7f5 e1e4
1r4k1/3R1ppp/2N1p2n/3pP3/5P2/5N1P/3K2P1/1B6 b - -,b8a8 d7b7 g8f8 c6d4 f8e8 b1d3 a8a3 b7b1 a3a8 d4c2
r4qk1/1pp2pp1/p5n1/P6Q/8/4R3/1P3PP1/5BK1 b - -,a8e8 h5f3 e8e3 f3e3 f8b4 e3e8 g6f8 e8b8 c7c5 b8c8
2rq1rk1/1p2pp1p/2bp1bp1/p7/3BP3/2P3P1/PP3PBP/R2Q1RK1 b - -,f6e5 h2h4 e5d4 d1d4 a5a4 f1e1 d8a5 e4e5 c6g2 g1g2
rnb1k2r/p4p2/2p1pn1p/1p2N3/2p1q1p1/2P3B1/P2QBPPP/R4RK1 b kq -,e4h7 e2g4 e8h8 g4f3 f6d5 a2a4 f7f6 e5g4 h6h5 g4e3
8/p7/1p6/5k1p/P2K1P1P/8/8/8 b - -,f5f4 d4d5 f4g3 d5c6 g3h4 c6b7 h4g5 b7a7 h5h4 a7b6
r1bq1rk1/1p3pb1/3p1np1/2nPp1B1/p3P1Pp/2N2P1P/PP1QN3/R3KB1R b KQ -,c8d7 e2c1 d8a5 c1d3 f8c8 d3c5 f6h7 c3d1 a5c5 g5h4
r7/1p2bkr1/pB1p1n2/2PPp3/N4p2/5Ppp/PP2B3/2R3RK b - -,f7g6 c5c6 g6g5 c6c7 a8c8 a4c3 g5h4 a2a4 e7f8 e2d3
8/p3p1kp/2Q1Brpb/8/5PP1/PP2P3/1B5P/5RK1 b - -,f7g6 c5c6 g6g5 c6c7 a8c8 a4c3 g5h4 a2a4 e7f8 e2d3
r1bq1nrk/1p2b1pp/pN1p1pP1/4pP2/2B1P3/4BR2/PPPQ3P/R5K1 b - -,c8d7 g6h7 f8h7 c4g8 h8g8 d2d5 g8h8 d5b7 a8b8 b7d7
8/R5R1/5PP1/7b/2k1K3/7p/7P/8 b - -,c8d7 g6h7 f8h7 c4g8 h8g8 d2d5 g8h8 d5b7 a8b8 b7d7
3rqkr1/1b3p2/1pn2Q1B/p2pP2p/8/1PPBP2P/6P1/6K1 b - -,c8d7 g6h7 f8h7 c4g8 h8g8 d2d5 g8h8 d5b7 a8b8 b7d7
R4k2/6p1/5p1p/7P/6P1/p4PK1/8/r7 b - -,
1rbq1rk1/2p2p1p/p4bpB/4p3/2R5/6P1/PP2PPBP/3Q1RK1 b - -,b8b2 d1c1 c8e6 c1b2 e6c4 b2c2 c4e6 f1d1 d8e7 h6f8
8/p7/1p6/7p/P1K2k1P/8/8/8 b - -,f4g3 c4c3 g3h4 c3b4 h4g4 b4b5 h5h4 b5a6 h4h3 a6a7
r1bqk2r/pp2bppp/2n1p3/2p5/2B5/2PP1N2/P1P2PPP/R1BQR1K1 b kq -,d8a5 a1b1 e8h8 f3g5 e7g5 c1g5 a5c3 e1e4 a7a6 g5d2
8/R4PR1/6P1/7b/4K3/2k4p/7P/8 b - -,d8a5 a1b1 e8h8 f3g5 e7g5 c1g5 a5c3 e1e4 a7a6 g5d2
r1b2rk1/1p3pb1/3p1np1/q1nPp3/p3P1PB/2N2P1P/PP1QN3/R3KB1R b KQ -,c8d7 e2g3 b7b5 c3d1 b5b4 f1e2 d7b5 h4g5 f6d7 e1h1
rn1k1b1r/ppp2p2/3p2pp/3N2B1/4P2N/6P1/Pq2QP1P/R4RK1 b - -,d8d7 e2b2 h6g5 b2h8 b8c6 d5f6 d7e7 h4f3 c6b4 a1b1
5rk1/2R2pp1/8/p7/4P1P1/7P/PqpQP1K1/8 b - -,f8e8 c7c2 b2b7 d2d5 b7b4 e4e5 b4f4 c2c4 f4e5 d5e5
6k1/1p3rpp/1b2B1n1/1Pr5/1p1q4/1Q6/5PPP/R3R1K1 b - -,c5c7 g1h1 g6f8 a1d1 d4c3 e6f7 c7f7 b3d5 c3c7 d1d3
rnb1kb1r/ppq2ppp/4pn2/2p1N1B1/3P4/2P5/PP3PPP/RN1QKB1R b KQkq -,c5d4 c3d4 b8c6 f1b5 f8d6 e1h1 f6d5 b1c3 d5c3 b2c3
r5k1/1pp2pp1/p2q2n1/P6Q/8/7R/1P3PP1/5BK1 b - -,a8e8 h3d3 d6b4 h5d5 c7c6 d3b3 b4e7 d5d4 e7c7 d4d2
8/7R/4k3/8/4p3/1P2B3/2PK2PP/1r6 b - -,b1a1 h7h4 a1a8 h4e4 e6d5 e4g4 a8a1 h2h3 a1b1 g4g5
8/R3k1p1/5p1p/7P/6P1/p4PK1/8/r7 b - -,
3rqk2/1b3pQ1/1pn4B/p2pP2p/8/1PPBP2P/6P1/6K1 b - -,e7e6 g3f4 a3a2 a7a8 e6f7 f4f5 a1f1 a8a7 f7g8 a7a2
2br1rk1/pp4q1/7p/3P1pp1/2P2Pnn/2QN4/P3N1BP/4R1RK b - -,f8e8 e2d4 g5f4 c3b2 e8e1 d3e1 d8e8 e1f3 e8e3 b2d2
2q2rk1/1p3ppp/p2Q1b2/2r1p3/4P3/1PP2N2/1P2RPPP/R5K1 b - -,c5b5 d6d1 c8c6 b3b4 h7h5 e2e3 g7g6 h2h4 f6g7 e3e2
r1bkr1q1/1pp1n3/p2p1Q1p/8/5P2/3BR1P1/P1P4P/4R1K1 b - -,c8d7 e3e7 d8c8 e7e8 d7e8 e1e7 c8b8 d3h7 g8a2 e7e8
8/8/8/3k3R/4p3/1P2B3/2PK2PP/1r6 b - -,d5e6 h5g5 b1h1 h2h3 h1b1 h3h4 e6f7 h4h5 f7f6 h5h6
r4rk1/p2qbpp1/5nbp/2Bp4/4P3/6NP/PPQN1PP1/2R2RK1 b - -,f8c8 b2b4 a7a5 a2a3 d5e4 c2b2 e7c5 c1c5 c8c5 b4c5
4rk2/5ppp/bp2B3/p1qnQ3/P2N3P/6P1/1P2PP2/3R2K1 b - -,d5c3 e5f4 c3e2 d4e2 e8e6 d1d7 f7f6 f4g4 e6e7 e2d4
8/6pk/2p4p/5p2/1P5P/1qP3P1/1P2QK2/8 b - -,b3d5 e2f3 d5d7 f2e2 d7e6 e2d2 h7g8 f3d3 g8f8 h4h5
1q6/6pk/5r1p/8/8/8/4RPPP/4R2K b - -,b8b4 e1f1 b4b6 h1g1 b6b5 f1e1 f6g6 e2e5 b5c6 g2g3
8/1R4pk/p4p1p/PP5r/3p4/6P1/5PK1/8 b - -,a6b5 a5a6 b5b4 b7b4 h5a5 b4d4 a5a6 d4d5 h7g6 g2f3
8/8/2k5/7R/4p2P/1P2B3/2PK2P1/1r6 b - -,b1f1 h5g5 c6d6 h4h5 f1b1 h5h6 b1h1 g5g7 d6e6 h6h7
8/6R1/3k1p1p/7P/6P1/p4PK1/8/r7 b - -,a3a2 g7a7 a1g1 g3h3 a2a1q a7a1 g1a1 h3h2 d6e5 g4g5
2qr2k1/1p3ppp/pQ3b2/2r1p3/4P3/1PP2N2/1P2RPPP/R5K1 b - -,c5c6 b6e3 c6d6 e2d2 d6d2 f3d2 h7h5 b3b4 g7g6 e3e2
3q1r2/3bppk1/3p2p1/p2P3p/1pr3PP/5P2/PPPQN3/1K1R3R b - -,f8h8 b2b3 c4c8 g4h5 d7f5 d1c1 h8h5 e2g3 d8h8 g3h5
r1bkrQ2/1pp1n3/p2p3p/8/5P2/3BR1P1/P1P4P/4R1K1 b - -,c7c5 f8f7 d8c7 f7e8 e7c6 e3e7 c7b6 e1b1 b6a5 e7c7
rq3rk1/1p3pp1/p3pn1p/3n4/bb1N1P1B/1N1QPB2/PP4PP/3R1R1K b - -,b8c7 g2g4 a8c8 f1g1 b4e7 g4g5 h6g5 h4g5 f8d8 g1g2
r1bqk2r/pp2bppp/2n1p3/2pB4/8/3P1N2/PPP2PPP/RNBQR1K1 b kq -,d8c7 d5c6 c7c6 d1e2 b7b6 f3e5 c6b7 b1c3 e8h8 a2a4
rn1k1b1r/ppp2p2/3p2p1/3N2p1/4P2N/6P1/PQ3P1P/R4RK1 b - -,g5h4 b2b7 b8a6 b7a8 d8d7 a8a7 f8e7 a7a6 e7d8 g1g2
r2qk1nr/ppp1bppp/1n1p4/4P3/4P1b1/1B3N2/PPP2PPP/RNBQ1RK1 b kq -,g4e6 e5d6 d8d6 b1c3 d6d1 f1d1 a7a6 b3e6 f7e6 e4e5
4r1k1/1pp2pp1/p2q2n1/P6Q/8/3B3R/1P3PP1/6K1 b - -,e8e1 d3f1 d6d2 h3e3 e1e3 f2e3 d2e3 g1h1 c7c6 h5d1
8/R5p1/3k1p1p/7P/5KP1/p4P2/8/r7 b - -,
r1bq1rk1/n1p1bpp1/p4n1p/1p1P4/3P4/5NBP/PPB2PP1/RN1QK2R b KQ -,c7c6 e1h1 c6d5 f3e5 c8e6 b1c3 a8c8 d1d3 f8e8 a1e1
rnb2r1k/ppbp1p1p/2p5/4PNpn/2BP1p1q/2PN4/PP2Q1PP/R1B2RK1 b - -,d7d5 f5h4 d5c4 e2h5 c4d3 h4f3 c7d8 f3g5 d8g5 h5g5
3r1rk1/2p2np1/6q1/ppPP1pP1/5P2/1B4Q1/P5K1/R6R b - -,c7c6 a1e1 c6d5 g3h4 f7h6 b3d1 d8c8 d1h5 g6c6 g5h6
6k1/1pr2rpp/1b2B1n1/1P6/1p1q4/1Q6/5PPP/R3R2K b - -,g6f8 e6f7 c7f7 a1d1 d4c3 b3d5 c3c7 f2f3 b6c5 b5b6
r1bq1nrk/1p2b1pP/p2p1p2/3NpP2/2B1P3/4BR2/PPPQ3P/R5K1 b - -,f8h7 d5b6 a8b8 f3g3 d6d5 c4d5 g7g5 d5g8 d8g8 d2d3
8/1R4pk/p4p1p/PP5r/8/3p1KP1/5P2/8 b - -,h5d5 f3e4 d5d8 b5a6 d3d2 b7b1 d2d1q b1d1 d8d1 a6a7
r7/1p2bkr1/pB1p1n2/2PPp3/N4pp1/5P1p/PP2B2K/2R3R1 b - -,g4f3 g1g7 f7g7 e2f3 e5e4 c1e1 e4f3 e1e7 g7h6 c5d6
2qr2k1/1p3ppp/p4b2/1r2p3/4P3/1PP1QN2/1P2RPPP/R5K1 b - -,c8c7 b3b4 b5b6 e2d2 d8d2 f3d2 b6d6 e3e2 b7b5 d2b3
1k2r3/7R/p7/4PBQ1/1q1P2P1/2nK4/8/8 b - -,c3a2 g5g7 b4b6 e5e6 a2b4 d3e4 b6c6 e4f4 b4d5 f4g5
4Q3/4p1kp/4Brpb/p7/5PP1/PP2P3/1B5P/5RK1 b - -,c3a2 g5g7 b4b6 e5e6 a2b4 d3e4 b6c6 e4f4 b4d5 f4g5
r1b2rk1/5pb1/3p1np1/qpnPp3/p3P1PB/2N2PNP/PP1Q4/R3KB1R b KQ -,c8d7 c3d1 b5b4 h4g5 a4a3 b2b3 f6d5 e4d5 e5e4 a1c1
r1bk1r2/1pp1R3/p2p3p/8/5P2/3B2P1/P1P4P/4R1K1 b - -,a8a7 e7h7 a6a5 h2h4 a5a4 h7h6 a7a5 h6g6 b7b6 g1g2
8/1b2bNk1/5np1/4p2p/4P2P/1B3PP1/KPP5/8 b - -,b7c8 f7g5 e7c5 g5e6 c8e6 b3e6 c5f2 a2b3 g7f8 b3c4
r1r3k1/p2qbpp1/5nbp/2Bp4/1P2P3/6NP/P1QN1PP1/2R2RK1 b - -,d5e4 c2b2 a8b8 c5e7 d7e7 a2a3 e4e3 f2e3 c8c1 b2c1
5rk1/5pp1/8/p7/4P1P1/7P/P3P1K1/2R5 b - -,a5a4 g2f3 f8a8 h3h4 a8a5 c1c4 a4a3 c4d4 g8h7 d4d7
1R4R1/pb6/2p2r2/1p6/5p1k/8/PPB5/2K5 b - -,a5a4 g2f3 f8a8 h3h4 a8a5 c1c4 a4a3 c4d4 g8h7 d4d7
r3k1nr/pp3ppp/2p3q1/3p1b2/1n1P4/2N1PN2/PP2BPPP/2RQ1RK1 b kq -,g6d6 a2a3 b4a6 e2a6 b7a6 d1a4 g8e7 a4a6 e8h8 f3e5
8/8/2k5/6RP/4p3/1P2B3/2PK2P1/1r6 b - -,c6d6 h5h6 b1h1 g5g7 d6e5 h6h7 e5f6 e3d4 f6e6 b3b4
8/p2p1p2/1p3P2/5P2/1K1k3P/8/3P4/8 b - -,a7a5 b4a4 d4e5 a4b5 e5f6 d2d4 f6f5 d4d5 f5f6 b5a4
8/R5p1/3k1p1p/5K1P/6P1/5P2/p7/r7 b - -,
r2qkb1r/ppp2ppp/8/4p2b/6P1/2NP1Q1P/PPP2P2/R1B2RK1 b kq -,h5g6 f3b7 a8b8 b7a7 f8d6 a7a4 e8f8 a4c6 h7h5 g4g5
rn1r2k1/p4ppp/2N1p3/q3P3/3PBB2/p7/2P1QPPP/R5K1 b - -,a5c3 a1a3 c3a3 c6d8 a3a1 e2f1 a1d4 e4a8 d4f4 d8c6
8/8/1p5Q/2k5/3P4/8/Pn3PPP/6K1 b - -,c5b4 h6e6 b4c3 h2h4 b2c4 h4h5 b6b5 h5h6 c3b2 h6h7
3rqk2/1b3pB1/1pn2Q2/p2pP2p/8/1PPBP2P/6P1/6K1 b - -,c5b4 h6e6 b4c3 h2h4 b2c4 h4h5 b6b5 h5h6 c3b2 h6h7
1r1q1rk1/2p2p1p/p3bbpB/4p3/R7/6P1/PP2PPBP/3Q1RK1 b - -,e6d7 a4a5 c7c6 a5a6 f8e8 b2b3 d8c8 a6a7 d7e6 d1c2
1r6/4pk1p/p1bp4/5P2/P1Pr1P2/K2BR2P/P3R3/8 b - -,b8b7 d3c2 d4f4 c2b3 f4f5 c4c5 c6d5 c5d6 e7d6 b3c2
rn1k1b1Q/ppp2p2/3p2p1/3N4/4P2p/6P1/P4P1P/R4RK1 b - -,d8e8 d5c7 e8e7 h8h4 e7d7 c7a8 g6g5 h4g5 d7e8 a8c7
6k1/3R2p1/p4p1p/r6P/8/3p2P1/1P3P2/4K3 b - -,a5h5 d7d3 h5b5 d3d6 a6a5 d6a6 g8h7 e1f1 h7g6 a6a7
8/8/2k5/6RP/1P2p3/4B3/2PK2P1/7r b - -,g8h7 d7a7 a5e5 e1d2 a6a5 g3g4 f6f5 f2f3 e5b5 d2d3
2q2rk1/1p3ppp/p2p1b2/2r1p3/4P3/1PPQ1N2/1P2RPPP/R5K1 b - -,c8c6 a1d1 f8d8 b3b4 c5b5 e2d2 h7h5 g2g3 d6d5 e4d5
3N4/3R1pkp/4p3/4p1p1/Pb6/1P3qPP/5P2/5RK1 b - -,f3c3 d8f7 g7f6 a4a5 b4c5 g1h2 c3a5 f7d6 c5d6 d7d6
r2qkb1r/pQp2ppp/6b1/4p3/6P1/2NP3P/PPP2P2/R1B2RK1 b kq -,f8d6 f2f4 e5f4 b7c6 e8f8 c1f4 h7h5 a1e1 h5g4 e1e6
r1bq2rk/1p2b1pn/p2p1p2/3NpP2/2B1P3/4B2R/PPPQ3P/R5K1 b - -,a8b8 d5b6 g7g5 c4g8 d8g8 d2d3 h8g7 a1f1 g8e8 d3d1
r2qkb1r/ppp2ppp/2npb3/4N2n/4P3/3PN3/PPP2PPP/R1BQKB1R b KQkq -,d6e5 d1h5 d8d7 h5f3 e8a8 c2c3 g7g6 e3d5 f7f5 c1g5
4rk2/5ppp/bp2Bn2/p1q2Q2/P2N3P/6P1/1P2PP2/3R2K1 b - -,a6e2 f5c5 b6c5 d4e2 e8e6 e2c3 f8e7 b2b3 e6d6 d1c1
r5k1/2p2pp1/pp1q2n1/P6Q/8/3B3R/1P3PP1/6K1 b - -,a8e8 h5h7 g8f8 h3g3 e8e1 g1h2 e1e5 a5b6 c7b6 h2g1
8/1R4pk/p4p1p/PP5r/8/3p2P1/5P2/5K2 b - -,h5h1 f1g2 d3d2 g2h1 d2d1q h1h2 d1e2 b5a6 e2f2 h2h3
3q1r2/3bppk1/3p2PQ/p2P4/1pr5/8/PPP1p3/1K1R3R b - -,h7g6 f1e1 a6b5 a5a6 b5b4 b7b4 h5a5 b4b6 g6f5 f2f3
1RR5/5ppk/1p2n2p/3qp3/3p4/3P1PP1/1P1NP1KP/8 b - -,f7f6 d2e4 d5d7 h2h4 h7g6 b2b4 f6f5 e4f2 d7a7 c8g8
3q1rk1/5ppp/6b1/p1nBpN2/P2p4/2rP2PP/2N1PP2/R2Q1RK1 b - -,g6f5 d5g2 f5d7 c2e1 d8c7 g1h2 c5b3 a1a2 f8b8 e2e3
r1bq1rk1/n3bpp1/p1P2n1p/1p6/3P4/5NBP/PPB2PP1/RN1QK2R b KQ -,a7c6 e1h1 c8b7 b1c3 d8b6 a2a4 b5b4 c3e2 f8d8 a1c1
8/8/2k5/1P4RP/4p3/4B3/2PK2P1/5r2 b - -,a7c6 e1h1 c8b7 b1c3 d8b6 a2a4 b5b4 c3e2 f8d8 a1c1
8/5K2/1k5Q/8/8/7R/8/8 b - -,a7c6 e1h1 c8b7 b1c3 d8b6 a2a4 b5b4 c3e2 f8d8 a1c1
6k1/6p1/p4p1p/7r/8/3R2P1/1P3P2/4K3 b - -,h5b5 d3d6 a6a5 d6a6 g8h7 e1f1 h7g6 a6a7 h6h5 f1g2
rq1r2k1/1p3pp1/p3pn1p/3n4/bb1N1PPB/1N1QPB2/PP5P/3R1R1K b - -,a4e8 f1g1 b4e7 g4g5 h6g5 f4g5 f6d7 h4g3 d7e5 d3e4
r1b2rk1/5pb1/3p1np1/q1nPp3/pp2P1PB/5PNP/PP1QN3/R3KB1R b KQ -,f6d5 e4d5 e5e4 e2d4 f8e8 d4c6 e4f3 e1f2 a5b6 f2f3
8/1R4pk/P4p1p/P6r/8/3p2P1/5PK1/8 b - -,h5f5 a6a7 f5a5 b7d7 a5a3 d7d3 a3a7 d3d5 a7e7 g2f3
r1bqk2r/pp2bppp/2n5/2pp2B1/8/3P1N2/PPP2PPP/RN1QR1K1 b kq -,f7f6 g5e3 d5d4 e3f4 c8g4 b1d2 g7g5 f4g3 f6f5 g3e5
3q1r2/3bppP1/3p1k1Q/p2P4/1pr5/8/PPP1p3/1K1R3R b - -,f6e5 g7f8q e2d1r h1d1 d8f8 h6f8 c4d4 f8e7 d7e6 d1d4
1r3rk1/2p2p1p/p3bbpB/4p3/R7/6P1/PP2PPBP/3R2K1 b - -,b8d8 d1c1 f6g7 h6e3 e6c8 g2e4 f7f5 e4d3 f5f4 g3f4
8/1b4k1/5np1/4N2p/4P1PP/1B3P2/KPP2b2/8 b - -,h5g4 f3g4 f2h4 b3e6 h4g3 e5d7 b7e4 c2c4 e4f3 c4c5
1r1qrb2/2p2ppk/3p1n1p/pp1PpN2/4P3/2P4P/PPQ2PP1/R1B1R1K1 b - -,h7g8 a2a4 c7c6 d5c6 d8c7 a4b5 b8b5 c3c4 c7c6 f5e3
8/1k4R1/8/1P5P/4p3/4B3/2PK2P1/5r2 b - -,h7g8 a2a4 c7c6 d5c6 d8c7 a4b5 b8b5 c3c4 c7c6 f5e3
2R3R1/p7/2p2r2/1p6/4Bp2/7k/PP6/2K5 b - -,h7g8 a2a4 c7c6 d5c6 d8c7 a4b5 b8b5 c3c4 c7c6 f5e3
5nk1/1pr2Bpp/1b6/1P6/1p1q4/1Q6/5PPP/R3R2K b - -,c7f7 a1d1 d4c3 b3d5 c3c7 f2f3 b6c5 b5b6 c7c6 d5c4
rnbqk1nr/p1pp1pbp/1p2p1p1/8/3PP3/2N2N2/PPP2PPP/R1BQKB1R b KQkq -,d7d6 h2h4 h7h6 f1d3 b8c6 c1e3 g8f6 d1e2 f6g4 e1a1
r5kr/ppp2p1p/8/2B4p/2B1P2q/2PP1P1b/PP1QK2P/R7 b - -,h3f5 a1g1 f5g6 d2h6 h4h2 c5f2 h2g1 f2g1 a8d8 g1h2
3q1Q2/3bpp2/3p3Q/p2Pk3/1pr5/8/PPP1p3/1K1R3R b - -,d8f8 h6f8 e2d1b h1d1 c4d4 f8e7 d7e6 d1d4 e5d4 d5e6
3N4/5Rkp/4p3/4p1p1/Pb6/1q4PP/5P2/5RK1 b - -,g7g6 f7b7 b3a3 b7b6 b4c5 b6e6 g6g7 g1g2 a3a4 e6c6
r2k1r2/ppp1Q2p/6p1/8/q7/N7/PP3PPP/4R1K1 b - -,g7g6 f7b7 b3a3 b7b6 b4c5 b6e6 g6g7 g1g2 a3a4 e6c6
8/6pk/2p4p/5p2/qP5P/2PQ2P1/1P3K2/8 b - -,a4a7 f2f3 g7g6 h4h5 a7f7 h5g6 f7g6 d3d7 h7h8 f3g2
8/PR4pk/5p1p/P6r/8/6P1/3p1PK1/8 b - -,a4a7 f2f3 g7g6 h4h5 a7f7 h5g6 f7g6 d3d7 h7h8 f3g2
1k6/6R1/7P/1P6/4p3/4B3/2PK2P1/5r2 b - -,a4a7 f2f3 g7g6 h4h5 a7f7 h5g6 f7g6 d3d7 h7h8 f3g2
1r1q1rk1/pbp2p1n/1p1pp1pQ/4P2n/2PP4/2N3PP/PP2NPB1/3R1RK1 b - -,h5g7 g3g4 b6b5 c4b5 a7a6 g2b7 b8b7 a2a4 a6b5 a4b5
2R5/p5R1/2p2r2/1p6/4B3/5p1k/PP6/2K5 b - -,h5g7 g3g4 b6b5 c4b5 a7a6 g2b7 b8b7 a2a4 a6b5 a4b5
rnbqkb1r/pp1ppp1p/2p2np1/8/3P4/1P2P3/PBP2PPP/RN1QKBNR b KQkq -,f8g7 c2c4 e8h8 g1f3 d7d6 f1e2 b8d7 d1c2 e7e5 b1c3
3q1Q2/3bpp2/3p3Q/p2Pk3/1pr5/8/PPP5/1K1R4 b - -,d8f8 h6f8 c4d4 f8e7 d7e6 d1d4 e5d4 d5e6 f7e6 e7d6
8/1p2k1p1/2p4p/p1p1K2P/2P2PP1/2P5/P7/8 b - -,
r7/1p2bkr1/pB1P4/3Pp2n/N4p2/5Ppp/PP2B3/2R3RK b - -,e7g5 e2d3 g5d8 d6d7 h5f6 c1c8 f6d7 c8a8 d7b6 a8d8
8/1b4k1/5np1/2b1N2p/4P2P/1B3PP1/KPP5/8 b - -,c5d6 e5d3 d6g3 b3e6 g3h4 b2b4 b7c6 a2b3 h4g3 b3c4
r1bqkb1r/ppppnp1p/2n1p1p1/8/3PP3/2NB1N2/PPP2PPP/R1BQK2R b KQkq -,f8g7 c1e3 d7d5 d1d2 h7h6 e4e5 c6b4 d3e2 e7f5 a2a3
3r2k1/1b1rqpp1/p2bpn1p/Np6/1P6/P1N1P2P/1B2QPP1/2RR2K1 b - -,b7a8 a5b3 f6e8 d1d4 d6b8 d4d7 e7d7 b3c5 d7c6 f2f3
r3k2r/p4ppp/2b1pq2/3pR3/1Q1N4/B7/P4PPP/6K1 b - -,f6h4 b4d6 c6d7 d4f5 h4f6 f5g7 e8d8 e5d5 f6a1 d5d1
1r4k1/r5p1/pn2B2p/2q1P3/3p1P2/8/PP4PP/2R2RK1 b - -,g8h7 c1c5 b6d7 c5c6 d7f8 e6b3 d4d3 c6d6 a6a5 b3c4
8/3R2pk/P4p1p/P6r/8/6P1/3p1PK1/8 b - -,h5a5 d7d2 a5a6 d2d5 a6a4 g2f3 a4a3 f3g2 a3a6 d5b5
r2r2k1/ppp2ppp/2n2B2/8/4P1b1/2N1Q3/PP3PPP/R2BK1NR b KQ -,d8d6 d1g4 c6b4 e3e2 g7f6 g1f3 b4d3 e1f1 a7a5 h2h4
1k3r2/6R1/1P5P/8/4p3/4B3/2PK2P1/8 b - -,d8d6 d1g4 c6b4 e3e2 g7f6 g1f3 b4d3 e1f1 a7a5 h2h4
8/3p1p2/1p3P2/p4P2/K2k3P/8/3P4/8 b - -,d4e5 a4b5 e5f6 d2d4 f6f5 d4d5 f5f6 b5a4 f6g6 a4b5
1r4k1/pp3pp1/2nN3p/3Rr1b1/8/1P3B2/P4PPP/5RK1 b - -,e5d5 f3d5 b8d8 d5c6 d8d6 c6b7 d6d2 f2f4 g5d8 a2a4
r7/1p2bkr1/pBPp4/3Pp2n/N4p2/5Ppp/PP2B3/2R3RK b - -,a8h8 c6b7 g7g8 e2d3 h5f6 d3f5 g8b8 c1c8 h8f8 c8b8
2R5/p5R1/2p4r/1p6/8/5B1k/PP6/2K5 b - -,a8h8 c6b7 g7g8 e2d3 h5f6 d3f5 g8b8 c1c8 h8f8 c8b8
2k2b2/ppp3pp/2Q3r1/6r1/1P2p3/2P1P3/PB2BPbK/3R2R1 b - -,g6c6 g1g2 c6h6 h2g1 h6g6 g2g5 g6g5 g1f1 f8d6 d1d4
6k1/5p2/7p/p5p1/5bP1/3K1P1P/8/8 b - -,f4d6 d3c4 a5a4 c4d5 d6f8 d5c4 a4a3 c4b3 f8d6 b3a2
r1r3k1/p2q1pp1/5nbp/2Pp4/4P3/6NP/P1QN1PP1/2R2RK1 b - -,d5e4 c2c3 d7d3 d2b3 d3c3 c1c3 f6d5 c3c4 e4e3 f1d1
r2r2k1/ppp2p1p/2n2p2/8/4P1B1/2N1Q3/PP3PPP/R3K1NR b KQ -,c6b4 e3e2 b4d3 e1f1 d8d6 g1f3 a8d8 g4f5 d3e5 f3e5
8/6pk/P4p1p/r7/8/6P1/3R1PK1/8 b - -,a5a6 d2d5 a6e6 f2f4 e6e7 g2h3 e7e4 h3g4 e4a4 g4f3
r1k2Q2/ppp4p/6p1/8/q7/N7/PP3PPP/4R1K1 b - -,h7g6 d2d6 a5a3 d6b6 h6h5 g2h3 g6h6 b6c6 a3a2 h3g2
2rq1rk1/2pB1pp1/4pn1p/p5B1/QbPp4/3P2P1/P3PP1P/RN3RK1 b - -,h6g5 d7c8 d8c8 a2a3 b4e7 b1d2 g7g6 a4a5 g8g7 a5g5
r1bqk1nr/ppp2ppp/1bnp4/4p3/1P2P3/P1N2NP1/2PP1P1P/R1BQKB1R b KQkq -,f7f5 e4f5 c8f5 f1g2 g8f6 d2d3 d8d7 e1h1 f5g4 c1e3
3N4/1R5p/4p1k1/4p1p1/Pb6/1q4PP/5P2/5RK1 b - -,b3a3 b7b6 b4c5 b6e6 g6g7 g1g2 a3a4 e6c6 a4a8 f1d1
rnbqkb1r/1ppp1ppp/p3pn2/8/5P2/1P2P3/PBPP2PP/RN1QKBNR b KQkq -,g7g6 g2g4 f8g7 g4g5 f6h5 b2g7 h5g7 b1c3 b8c6 h2h4
8/8/4k3/4R3/8/8/3K1P2/8 b - -,g7g6 g2g4 f8g7 g4g5 f6h5 b2g7 h5g7 b1c3 b8c6 h2h4
6R1/p5R1/2p5/1p6/7r/5B1k/PP6/2K5 b - -,g7g6 g2g4 f8g7 g4g5 f6h5 b2g7 h5g7 b1c3 b8c6 h2h4
8/3bQ3/3p1p2/p2Pk3/1pr5/8/PPP5/1K1R4 b - -,g7g6 g2g4 f8g7 g4g5 f6h5 b2g7 h5g7 b1c3 b8c6 h2h4
r1bq1rk1/pp2b1pp/2n2p2/2pp4/8/3P1NB1/PPP2PPP/RN1QR1K1 b - -,c8g4 c2c3 f6f5 g3e5 c6e5 e1e5 e7f6 e5e6 d5d4 e6e1
3r2k1/1b1rqpp1/p2bpn1p/1pN5/1P6/P1N1P2P/1B2QPP1/2RR2K1 b - -,d6b8 c5d7 d8d7 c3b1 d7d1 e2d1 f6e4 b1d2 e4d2 d1d2
r1r3k1/p2q1pp1/5nbp/2P5/4N3/6NP/P1Q2PP1/2R2RK1 b - -,f6e4 g3e4 d7d4 f1e1 c8e8 e1d1 d4e4 c2e4 g6e4 c5c6
r2qkb1r/ppp2ppp/2npb3/4p2n/4P3/3PNN1P/PPP2PP1/R1BQKB1R b KQkq -,h5f6 c2c4 g7g6 f1e2 f8g7 e3d5 e6d5 c4d5 c6e7 e1h1
1r1qrb2/2p2p1k/3p1npp/pp1Pp3/4P3/1QP2PNP/PP4P1/R1B1R1K1 b - -,a5a4 b3c2 c7c6 d5c6 d8b6 c1e3 b6c6 e3f2 h6h5 a2a3
1k2r3/6QR/p7/q3PB2/1b1P2P1/4K3/8/1n6 b - -,e8e5 g7e5 a5e5 d4e5 b1d2 e5e6 a6a5 e6e7 d2c4 e3d4
r4Q2/pppkR2p/6p1/8/q7/N7/PP3PPP/6K1 b - -,e8e5 g7e5 a5e5 d4e5 b1d2 e5e6 a6a5 e6e7 d2c4 e3d4
rnb1k1nr/ppp2ppp/4p3/3q4/1b1P4/2N5/PP1QPPPP/R1B1KBNR b KQkq -,d5a5 g1f3 g8f6 a2a3 e8h8 a1b1 b4c3 d2c3 a5c3 b2c3
r2r1k2/1p3pRQ/p4P1p/8/bb1p3q/1N2n3/PP4BP/3R3K b - -,h4f6 g7g8 f8e7 h7e4 f6e6 e4h4 e6f6
r3k2r/pppqnppp/8/8/1Q1P4/5N2/PP3PPP/R3R1K1 b kq -,f7f6 e1e7 d7e7 a1e1 e7e1 b4e1 e8d7 d4d5 a8e8 e1c3
8/8/3p1Q2/p2P4/1pr2k2/8/PPP5/1K1R4 b - -,f7f6 e1e7 d7e7 a1e1 e7e1 b4e1 e8d7 d4d5 a8e8 e1c3
r1bqr3/ppp3pp/8/3k4/8/2p2Q2/PPP2PPP/4R1K1 b - -,
6R1/p5R1/2p5/1p6/2r5/5B1k/PP6/1K6 b - -,d5c4 f3c3 c4d5 c3d3 d5c5 d3c3 c5d5
r2k1b2/pppn1p2/3p2p1/3N4/4P2Q/6P1/P4P1P/R4RK1 b - -,d8c8 h4h7 c8d8 h7f7 g6g5 a1b1 b7b6 d5f6 d7f6 f7f8
8/6pk/3b4/3N1p2/2pB4/2Pb1PPp/1r5P/4R1K1 b - -,g7g5 d4f2 h7g8 d5e3 b2a2 e3d5 g8f7 d5e3 d6f8 e3d5
r7/ppp1R2p/2k2Qp1/8/q7/N7/PP3PPP/6K1 b - -,b2a2 d5f4 d6f4 g3f4 a2g2 g1h1 g2c2 e1g1 g7g6 g1g3
8/R5p1/4kp1p/7P/5KP1/p4P2/8/r7 b - -,
rn1qkbnr/ppp2pp1/4p2p/3p1b2/3P4/2N2NB1/PPP1PPPP/R2QKB1R b KQkq -,
r1bqk2r/1p1nbp1p/2n1p3/p1PpP1p1/P7/2PB1N2/1P1N1PPP/R1BQ1RK1 b kq -,d7c5 d3b5 c8d7 d1e2 e8h8 b2b3 g8h8 c1a3 f8g8 g2g3
8/8/3pQp2/p2P4/1pr2k2/8/PPP5/1K3R2 b - -,d7e5 f3e5 c6e5 d3b5 c8d7 d1e2 e5g6 d2f3 d7b5 a4b5
rn2kb1r/ppp1pppp/5n2/1N3bN1/3qp3/3P4/PPP2PPP/R1BQKB1R b KQkq -,d4b4 c2c3 b4b5 d3e4 b5e5 f2f4 e5c5 e4f5 h7h6 g5e4
rnb1k1nr/ppp2ppp/4p3/q7/1b1P4/P1N5/1P1QPPPP/R1B1KBNR b KQkq -,g8f6 e2e3 b7b6 f1b5 c7c6 b5d3 c6c5 g1e2 e8h8 e1h1
6k1/5r2/3R2p1/6Kp/7P/6P1/8/8 b - -,f7f3 d6g6 g8h7 g5h5 f3f5 g6g5 f5f6 g5a5 f6h6 h5g5
8/1p1N4/p3P3/8/8/PK2k3/1P6/1r6 b - -,e3f4 e6e7 b1e1 d7f6 e1e7 f6d5 f4f5 d5e7 f5e6 e7c8
r1b1k3/ppN2ppN/4p3/2p5/1p1r3Q/8/PP3PPP/R4RK1 b - -,e8d7 h4g3 g7g6 c7a8 d7e8 g3c7 b7b6 c7c8 d4d8 c8b7
8/1R5p/4N1k1/4p1p1/qb6/6PP/5P2/5RK1 b - -,g6f5 b7b6 h7h5 e6g7 f5e4 g7h5 e4d3 h5f6 b4c3 f6g4
8/6p1/2p3kp/5p2/qP4PP/2PQ4/1P3K2/8 b - -,g6f7 d3f5 f7e7 f2e3 a4a6 f5a5 a6b7 a5e5 e7f8 e5f5
4r1k1/pp1p1p1p/8/2pP1q1B/P2brBP1/7b/1PQ2RNP/R5K1 b - -,g6f7 d3f5 f7e7 f2e3 a4a6 f5a5 a6b7 a5e5 e7f8 e5f5
r1bq1rk1/1pp2ppp/1b4n1/pP6/P1BP1n2/BQ3N2/3N1PPP/R4RK1 b - -,c8f5 a3f8 d8f8 h2h3 a8d8 f1e1 h7h6 a1d1 f5c8 d2f1
r2q1b1r/pppbk2p/3p1pB1/3Pp1Q1/2P5/4B2P/PP3PP1/R3K2R b - -,h7g6 g5g6 d8e8 g6d3 e8f7 h3h4 f7h7 e1d2 h7d3 d2d3
r5k1/ppp2p1p/2nr1p2/8/4P1B1/2N1QN2/PP3PPP/R3K2R b KQ -,c6b4 e3e2 b4d3 e1f1 a7a5 h2h4 a5a4 a2a3 g8f8 g4f5
r1b2rk1/1pqnppb1/2n3pp/p1p5/2PpN3/P2P1NP1/1P2PPBP/1RBQ1R1K b - -,f7f5 e4d2 b7b6 b2b3 c8b7 h1g1 g8h7 f3e1 a8e8 e1c2
1rq1k2r/pb4Qp/1p1R2p1/6B1/1n2P3/8/PP3PPP/1K1R4 b - -,f8e8 e2e3 f7f5 e4d2 d4e3 f2e3 d7f6 d3d4 e7e6 b2b3
8/4p3/pR1r1k2/P1K5/8/7B/P5b1/8 b - -,d6b6 a5b6 g2b7 h3d7 f6g5 a2a4 g5h6 d7c6 b7c8 b6b7
rn2kb1r/ppp1pppp/5n2/5bN1/1q2p3/2NP4/PPP2PPP/R1BQKB1R b KQkq -,e4d3 f1d3 f5d3 d1d3 b8c6 a2a3 b4g4 e1h1 a8d8 d3b5
8/8/3p1p2/p2P4/1pr5/4Q1k1/PPP5/1K3R2 b - -,e4d3 f1d3 f5d3 d1d3 b8c6 a2a3 b4g4 e1h1 a8d8 d3b5
6k1/p4ppp/1p3b2/2p1N2q/1P1pP3/B5Pb/P1PQ1P1P/6KB b - -,g7g5 e5f3 g5g4 f3e1 c5c4 a3c1 h5b5 a2a3 a7a5 h1g2
r1b1k2r/p2n1p2/2p1pn1p/1p2N3/2p1q1p1/2P2PB1/P2QB1PP/R4RK1 b kq -,e4d5 d2f4 d5c5 g1h1 c5e7 f3g4 f6d5 f4f7 e7f7 e5f7
5r2/pb3r2/6R1/1pp4k/8/2N2p2/PP6/2KB2R1 b - -,f7d7 g6e6 b5b4 c3e4 b7e4 e6e4 a7a5 e4e5 h5h4 e5e6
rn1qk2r/ppp2pp1/3bpn1p/3pNb2/3P4/2N1P1B1/PPP2PPP/R2QKB1R b KQkq -,
8/1p1NP3/p7/8/8/PK2k3/1P6/2r5 b - -,e3d2 e7e8q a6a5 d7e5 a5a4 e8a4 d2e3 a4g4 c1f1 e5c4
r1b2rk1/5pb1/3p2p1/q1nQp3/p3P1PB/1p3PNP/PP2NK2/R4B1R b - -,c8e6 d5d6 b3a2 f2g2 a4a3 b2a3 a5a3 h4e7 f8c8 d6b6
r4r1k/1p3p2/p2pB1p1/P1p1p1qn/4P2p/2NPR2P/1PP2PP1/R2Q2K1 b - -,b7b5 d1g4 g5h6 e6d5 a8a7 g4h4 g6g5 h4g4 f7f5 e4f5
7k/B1p3p1/p2p3p/1p1Bp3/4P3/N1PP1r2/Pr5p/4R2K b - -,f3d3 a7b8 d3c3 a3b1 c3c5 b8a7 c5c2 d5b3 c2g2 b1c3
2r2rk1/2pn1pp1/4p2p/p7/1bPp4/3P2P1/P2BPP1P/RN3RK1 b - -,c8a8 f1c1 e6e5 d2e1 f8b8 g1f1 f7f5 b1d2 c7c5 c1b1
rn2k2r/ppp2ppp/3qpn2/3p4/3P4/4PQ1P/PPP2PP1/RN2KB1R b KQkq -,d6b4 b1d2 b4b2 f3d1 c7c5 a1b1 b2a2 d1c1 a2a5 b1b5
r3k2r/p2b1ppp/4pq2/3pRN2/1Q6/B7/P4PPP/6K1 b - -,h7h6 f5d6 e8f8 d6e4 f8g8 e4f6 g7f6 e5e3 h8h7 b4b7
8/8/8/5k2/5b2/B4K2/2p5/8 b - -,f4g5 a3b2 g5h6 f3g3 f5e4 g3h4 h6f4 h4h5 e4d5 h5g4
r1b1rbk1/ppqn1p1p/2p2np1/8/N1P1p3/4N1P1/PPQBPPBP/R4RK1 b - -,h7h5 h2h4 d7c5 a4c5 f8c5 b2b4 c5d4 d2c3 d4c3 c2c3
r1b1k1nr/pp2ppbp/1Bnp2p1/8/4P3/1NN5/PPP2PPP/R2QKB1R b KQkq -,c8g4 f2f3 a7b6 f3g4 g7c3 b2c3 g8f6 b3d2 d6d5 f1b5
6k1/1b3pp1/p3p2p/1p4b1/6N1/2P5/PP2qQPP/5R1K b - -,e2f2 g4f2 a6a5 f2d3 a5a4 d3e5 f7f5 c3c4 b5c4 e5c4
r1r3k1/p2q1pp1/6bp/2P5/4N3/7P/P1Q2PP1/2R2RK1 b - -,d7d4 f1e1 c8e8 e1d1 d4e4 c2e4 g6e4 c5c6 e4f5 d1d5
r2q1rk1/pb2bppp/np2pn2/2ppN3/2PP4/1PN3P1/PB2PPBP/2RQ1RK1 b - -,f8e8 d4c5 a6c5 b3b4 c5d7 e5d3 a8c8 c4d5 f6d5 c3d5
3bR2r/1p3k2/p1q2p2/2p2QBp/7P/5R2/P4PP1/5K2 b - -,c6e8 g5f6 e8e6 f6h8 e6f5 f3f5 f7g6 f5c5 a6a5 c5d5
2r5/1p2P3/p4N2/8/8/PK2k3/1P6/8 b - -,e3d4 e7e8q c8e8 f6e8 d4c5 b3a4 b7b6 e8c7 a6a5 c7b5
3r2k1/ppp2p1p/2nr1p2/8/4P1B1/2N1QN2/PP3PPP/R4RK1 b - -,c6e7 g1h1 a7a5 h2h3 a5a4 c3e2 d6d3 e3c1 a4a3 b2b3
8/6p1/R3kp1p/7P/5KP1/5P2/p7/r7 b - -,
8/8/3p1p1Q/p2P4/1pr4k/8/PPP5/1K3R2 b - -,e6f7 a6a7 f7g8 a7a4 g8h7 a4a8 a1f1 a8a2 f1b1 a2a7
r4rk1/5pb1/3Qb1p1/q1n1p3/p3P1PB/1p3PNP/PP2NK2/R4B1R b - -,f8d8 h4d8 a8d8 d6e7 a5b6 f2g2 b3a2 e7g5 c5d3 h1g1
3r1rk1/2p2np1/6q1/ppPP1pP1/5P2/6Q1/P1B3K1/R4R2 b - -,d8d7 a1d1 d7e7 d1e1 f8e8 e1e7 e8e7 c2d3 c7c6 g3f3
8/1R4Np/8/4p1p1/qb2k1P1/7P/5P2/5RK1 b - -,a4a3 g7e6 h7h6 f1d1 a3c3 d1b1 b4d6 b1b3 c3c4 e6g7
2r2rk1/1p2qp1p/2bp2p1/p3p3/4PP2/2P1Q1P1/PP4BP/R4RK1 b - -,g8g7 f4f5 f7f6 a1d1 e7f7 b2b3 f7c7 d1d3 a5a4 c3c4
2k2b2/ppp3pp/7r/6r1/1P2p3/2P1P3/PB2BPR1/3R2K1 b - -,h6g6 g2g5 g6g5 g1f1 f8d6 d1d4 d6h2 e2c4 c7c6 c4e6
8/p7/8/R5pk/1r6/5K2/8/8 b - -,b4f4 f3g3 f4f7 a5a2 f7g7 a2a6 g5g4 a6a5 h5h6 a5a4
1r1qrb2/2pn1p1k/3p2pp/pp1Pp3/4P3/1QP1BPNP/PP4P1/R3R1K1 b - -,d7c5 b3c2 c7c6 b2b4 c5a4 d5c6 d8c7 b4a5 c7c6 a1b1
8/8/4N1p1/1k4P1/2p4p/2B5/4Kn2/8 b - -,f2e4 c3e5 c4c3 e2f3 e4d2 f3g4 h4h3 g4h3 b5c4 h3g4
6k1/2R3p1/p4p1p/r6P/3p4/6P1/1P3PK1/8 b - -,a5h5 c7d7 h5b5 d7d4 b5b2 d4a4 b2b6 f2f4 g8f7 g3g4
3r4/6pk/2p5/1p3p2/1n1Pp3/4P1P1/1P1R1PK1/5B2 b - -,g7g5 f2f3 b4d5 d2e2 h7g6 g2f2 f5f4 g3f4 g5f4 f3e4
1k2r3/4b2R/p5Q1/q3PB2/3P2P1/4K3/8/1n6 b - -,
rnbqkb1r/1ppp1ppp/p3pn2/8/P7/1P2P3/1BPP1PPP/RN1QKBNR b KQkq -,f8b4 g1f3 d7d5 f1e2 b7b6 e1h1 e8h8 d2d4 b8d7 b1d2
3br3/1p3k1Q/p1q2p2/2p3Bp/7P/5R2/P4PP1/5K2 b - -,f7e6 f3e3 e6d6 g5f4 e8e5 f4e5 f6e5 e3d3 d6e6 h7g8
8/6pk/3b4/3N1p2/2pB4/2Pb1PPp/6rP/4R2K b - -,g2b2 h1g1 b2g2 g1h1 g2a2 d5f4 d6f4 g3f4 d3e2 h1g1
2r2rk1/pbqn1ppp/1p2pn2/2pp4/P1PP4/1PQ1PN2/4BPPP/R1BR2K1 b - -,f8e8 c1b2 d5c4 e2c4 h7h6 a1c1 e8d8 h2h3 c7b8 d4c5
4r2k/1b4p1/ppq4p/3p4/4n2Q/BPp1PR2/P1P3PP/R5K1 b - -,c6g6 a1f1 b7c6 f3f8 h8h7 f8f7 e8g8 f1f4 d5d4 f7e7
r1b1k2r/p2n1p2/2p1pn1p/1p1qN3/2p2Qp1/2P2PB1/P3B1PP/R4RK1 b kq -,d5c5 g1h1 c5e7 f3g4 f6d5 f4f7 e7f7 e5f7 h8h7 f7d6
rn2k2r/ppp2ppp/4pn2/3p4/1q1P4/4PP1P/PPPN1P2/R2QKB1R b KQkq -,c7c5 d4c5 b4b2 d1c1 b2c3 a1b1 b8d7 b1b7 e8h8 c1b2
8/3k4/7R/1P1P4/3K4/8/8/2r5 b - -,c1a1 d4c5 a1a2 c5b6 a2b2 h6h7 d7d6 h7h5 b2b3 h5h6
2rb2k1/5pp1/3p4/2rPpPqN/pp5p/8/PPPRQRPP/7K b - -,a4a3 b2a3 b4a3 g2g4 c5c4 h2h3 d8b6 f2g2 e5e4 e2d1
8/1R4Np/8/2b1p1p1/q3k1P1/7P/5P2/4R1K1 b - -,e4d5 b7f7 a4c2 f7f5 c2c3 e1d1 c5d4 g1g2 c3b3 d1f1
8/1p2k1p1/2p4p/p1p2K2/2P2PPP/2P5/P7/8 b - -,
3r2k1/ppp2p1p/2n2p2/8/4PQB1/2Nr1N2/PP3PPP/R4RK1 b - -,a7a5 g4h5 d8f8 f4f6 d3d6 f6g5 d6g6 g5f4 c6b4 h2h3
r7/1pB2kr1/p2b4/3Pp2n/N4p2/5Ppp/PP2B3/2R3RK b - -,d6e7 d5d6 e7h4 d6d7 b7b5 c7e5 h5f6 a4b6 a8g8 e5f4
8/1b4k1/4Bn2/7p/2N1P3/5Pb1/KPP5/8 b - -,f6h7 e6h3 h7g5 h3g2 g7f6 a2b3 h5h4 b3a4 b7c8 a4b5
3br3/1p5Q/p1q1kp2/2p3Bp/7P/4R3/P4PP1/5K2 b - -,e6d6 g5f4 e8e5 f4e5 f6e5 e3d3 d6e6 h7g8 e6e7 g8d8
r1b2rk1/5pb1/3p2p1/q1nQp3/pp2P1PB/5PNP/PP2N3/R3KB1R b KQ -,b4b3 e2c3 c8e6 d5d2 b3a2 a1a2 e6a2 c3a2 a5d2 e1d2
rnbqkb1r/5ppp/p2ppn2/1pp5/3PP3/PBN2N2/1PP2PPP/R1BQK2R b KQkq -,f8e7 e1h1 e8h8 f1e1 c5c4 b3a2 d8c7 a2b1 c8b7 h2h3
8/6pk/3b4/3N1p2/2pB4/2P2PPp/1r2bK1P/4R3 b - -,e2d3 f2g1 b2g2 g1h1 g2a2 h1g1 g7g5 d4f2 h7g8 f3f4
r2qk1nr/pp2bppp/2n1p3/3pPb2/NPpP4/2P1BN2/P2QBPPP/R4RK1 b kq -,f5g6 a4b2 h7h5 a2a4 g8h6 e3f4 h6f5 h2h3 a8b8 a4a5
2rb2k1/5pp1/3p4/2rPpPqN/1p5p/P7/P1PRQRPP/7K b - -,b4a3 g2g4 d8a5 d2d3 g5c1 e2f1 c5c2 f1c1 c2c1 h1g2
7Q/4B3/8/8/p4p2/P2K1P2/8/k7 b - -,b4a3 g2g4 d8a5 d2d3 g5c1 e2f1 c5c2 f1c1 c2c1 h1g2
8/6k1/2b1Bn2/7p/4P3/4NPb1/KPP5/8 b - -,h5h4 c2c4 g7g6 e3g2 g6g5 b2b4 c6d7 e6d7 f6d7 g2h4
r2q1rk1/pb2bppp/np2p3/2P1N3/2P1p3/1P4P1/PB2PPBP/2RQ1RK1 b - -,b6c5 d1c2 a6b4 c2b1 f7f5 f1d1 d8e8 b1a1 a7a5 a2a3
r1b2rk1/1pqnppbp/2n3p1/p1p3N1/2PpN3/P2P2P1/1P2PPBP/1RBQ1R1K b - -,h7h6 g5h3 f7f5 e4d2 g6g5 e2e4 d4e3 f2e3 d7e5 h3f2
8/5pp1/7p/7k/7P/r5P1/P2K1P2/R7 b - -,h5g4 d2e1 g7g6 e1f1 g4h3 f1g1 f7f6 g1f1 f6f5 f1g1
8/pr6/8/R5pk/8/6K1/8/8 b - -,
8/5k2/p3p3/Pb1pP1p1/1PpP1pP1/7P/2B1K3/8 b - -,
1k6/5p2/P5p1/1K5p/R6P/5PP1/3r4/8 b - -,d2d3 a4f4 f7f5 b5c6 d3e3 c6d5 e3a3 d5e5 b8c8 f4c4
r1b2rk1/5pb1/3p2p1/q1nQp3/p3P1PB/1pN2PNP/PP6/R3KB1R b KQ -,c8e6 d5d2 b3a2 a1a2 e6a2 c3a2 c5e6 f1c4 a5d2 e1d2
r2q1rk1/p1pbbppp/2pp1n2/6B1/3NP3/2N2Q2/PPP2PPP/R4RK1 b - -,a7a5 f1e1 h7h6 g5f4 f6h7 b2b3 f8e8 a1d1 e7f8 f3g3
r1bq1rk1/1pp2ppp/1b6/pP1n4/P1BP1n2/1Q3NP1/3N1P1P/R1B2RK1 b - -,c8e6 g3f4 d5f4 c4e6 f7e6 c1a3 f8f5 d2e4 d8d5 b3d5
2kr1b1r/pp2pppp/2n2q2/6n1/2N1B1b1/1PP2N2/PB1P1PPP/R2QRK2 b - -,h7h5 d2d4 g5e4 e1e4 g7g5 d1e2 e7e6 a1e1 g4f5 e4e3
r3k2r/p2b1p1p/3Npqp1/3pR3/1Q6/B7/P4PPP/6K1 b - -,e8f8 d6e4 f8g7 e4f6 h8b8 f6h5 g7g8 b4e1 d7a4 h2h4
1r1qr3/2pnbp1k/3p2pp/pp1Pp3/4P3/2P1BPNP/PPQ3P1/R3R1K1 b - -,a5a4 g3f1 e7h4 e1d1 e8f8 c3c4 b5b4 c2a4 f7f5 e4f5
r4Bk1/1b2b3/ppq1pp2/2pp3Q/5P2/1P2P3/P1PP2PP/R4RK1 b - -,c6d7 f8h6 e7f8 h5g6 f8g7 f1f3 a8f8 f3g3 f8f7 a1e1
3br3/1p5Q/p1qk1p2/2p4p/5B1P/4R3/P4PP1/5K2 b - -,e8e5 f4e5 f6e5 e3d3 d6e6 h7g8 e6e7 g8d8 e7f7 d3e3
8/1R5p/8/2b1pNp1/q5P1/3k3P/5P2/4R1K1 b - -,h7h5 b7d7 d3c3 e1c1 c3b2 d7d1 a4a3 c1c4 a3h3 d1d2
8/6k1/2b1Bn2/5N2/4P2p/5Pb1/KPP5/8 b - -,g7f8 e6c4 f6h5 c4f1 h5f4 b2b4 g3f2 c2c4 h4h3 f1h3
rnbqkb1r/ppp1nppp/4p3/3pP3/2PP4/5N2/PP1N1PPP/R1BQKB1R b KQkq -,b8c6 c4c5 e7f5 d2b3 b7b6 f1d3 f5h4 e1h1 b6c5 d3b5
1rbqnrk1/1p1n1pbp/p2p2p1/2pP4/P3P3/2N2PNP/1P2B1P1/R1BQ1RK1 b - -,b7b6 f3f4 e8c7 e4e5 f7f5 e5f6 d8f6 g1h2 c8b7 f4f5
1r4k1/pp3pp1/2BN3p/4r1b1/8/1P6/P4PPP/3R1RK1 b - -,b7c6 f2f4 g5f4 f1f4 b8d8 d1d2 e5e7 d6c4 d8d2 c4d2
2r2rk1/2pn1pp1/7p/4p3/1pPp4/3P2P1/P2NPP1P/R4RK1 b - -,c8a8 a2a4 d7c5 a4a5 a8a6 f1b1 f8b8 f2f4 f7f6 h2h4
r1bq1rk1/pp1n2n1/2ppp1p1/7p/2P1PP1P/2PBB1N1/P3Q1P1/2KR3R b - -,d8a5 c1b1 b7b5 c4b5 a8b8 e2b2 c8a6 b2b4 a5c7 b1a1
rnbqk2r/ppp2ppp/5n2/3pp3/1b1P4/1BP1P2N/PP3PPP/RNBQK2R b KQkq -,b4d6 d4e5 d6e5 h3f4 c7c6 e1h1 e8h8 b1d2 c8g4 f2f3
5k2/8/2b1Bn2/5N2/4P2p/1K3Pb1/1PP5/8 b - -,g3f2 e6c4 h4h3 c4f1 h3h2 f1g2 f8f7 b3c3 f6h5 g2h1
8/5pp1/7p/8/6kP/r5P1/P1K2P2/R7 b - -,g4f3 c2b2 a3a8 a1d1 f3f2 d1d3 f7f5 b2b3 g7g5 h4g5
6k1/1R4p1/p4p1p/r6P/3p2P1/8/1P3PK1/8 b - -,a5d5 g2f1 d5g5 b7b6 g5g4 b2b4 d4d3 f1e1 g4f4 e1d2
r1bqkb1r/1p1n1pp1/p1n1p3/2ppP3/5PQN/1P6/PBPP2PP/RN2KB1R b KQkq -,d8h4 g4h4 h8h4 g2g3 h4h8 f1g2 c6b4 e1d1 b7b5 d2d3
8/3R3p/8/2b1pNp1/6P1/3k3P/q4P2/4R1K1 b - -,d3c4 f5d6 c5d6 d7d6 a2b3 d6e6 b3h3 e1e4 c4d5 e6e5
6k1/5ppp/p7/1p1p1b2/P2P4/2Pr4/1P3KPP/RN6 b - -,g7g5 a4b5 a6b5 f2e2 g5g4 a1a5 g4g3 h2g3 d3g3 e2f2
r1b2rk1/p1q2pp1/4pn1p/2p1N3/2P3PP/4Q3/PPB2P2/2KR3R b - -,f8e8 g4g5 f6d5 c4d5 e6d5 d1d5 h6h5 d5c5 c7b6 c5c3
r3k1nr/pp1qbppp/2n1p3/3pPb2/NPpP4/2P1BN2/P2Q1PPP/R2B1RK1 b kq -,b7b6 a4b2 h7h6 a2a4 e7d8 h2h4 f5g6 f1e1 a8b8 g2g3
r6r/p1nk3p/1ppbpp2/6pq/2PPQ3/4BN2/PP3PPP/2RR2K1 b - -,h5e8 h2h3 d7c8 c4c5 d6e7 c5b6 c7d5 e4e6 c8b7 b6a7
r7/1p3kr1/pB1b4/2NPp2n/5p2/5Ppp/PP2B3/2R3RK b - -,d6e7 c5b7 a8b8 c1c7 f7f6 d5d6 e7d6 b7d6 g7c7 b6c7
r6r/2ppkp1p/4p3/pp6/1P1PP1pP/P7/1KP2PP1/3R3R b - -,a5b4 a3b4 a8a4 b2c3 a4a3 c3d2 h8a8 h1e1 a3a4 d1b1
r3b1k1/pp3qpp/r1n1p1p1/P2pP3/2pP2PP/2P2PNQ/2P2K2/R1B4R b - -,f7d7 f3f4 h7h5 h1g1 a6a5 a1a5 h5g4 h3g4 c6a5 f2e3
rn1q1rk1/ppb2ppp/2p2nb1/2PpN1B1/3P2P1/2NB3P/PP3P2/R2Q1RK1 b - -,g6d3 d1d3 b8d7 f2f4 d8c8 a1e1 f8e8 b2b4 d7f8 f4f5
2r3k1/5pp1/3p4/b1rPpPqN/6Pp/p2R4/P1P1QR1P/7K b - -,g5c1 d3d1 c1c2 e2f1 c2e4 f1g2 e4g2 h1g2 c5c3 h2h3
r2qr3/5k1p/bB3np1/3Pp3/pb2P1P1/1PN4P/2PQ1PB1/R2R2K1 b - -,b4c3 b6d8 c3d2 d8f6 d2c3 g4g5 c3a1 d1a1 a4b3 c2b3
r1bqk2r/p3ppbp/1pp3pn/2p1P3/4N1P1/3P1N1P/PPP2P2/R1BQK2R b KQkq -,f7f5 e5f6 e7f6 e1h1 e8h8 f1e1 c8d7 e4g3 f6f5 c1h6
r3k2r/ppp3pp/2qp4/4p1bQ/8/N7/PP3PPP/R3R1K1 b kq -,g7g6 h5g5 e8h8 g5d2 f8f4 a1c1 c6b6 a3c4 b6d4 e1e2
4k2r/pprb1p2/4pp1p/3p3P/8/1N1BR3/P4PP1/2R3K1 b - -,c7c1 b3c1 e8e7 f2f4 h8c8 c1e2 c8c5 g2g4 e7d6 e3g3
rnbqkb1r/pp2nppp/4p3/2PpP3/2P5/5N2/PP1N1PPP/R1BQKB1R b KQkq -,b8c6 b2b4 c6b4 c4d5 e6d5 d2b3 e7f5 c1d2 a7a5 d2b4
1r1qr3/2pn1p1k/3p2pp/pp1Pp3/4P2b/2P1BPNP/PPQ3PK/R3R3 b - -,d8f6 e1b1 h4g5 e3f2 f6f4 h2h1 f4d2 c2d2 g5d2 g3f1
r4bk1/1b6/ppq1pp2/2pp3Q/5P2/1P2PR2/P1PP2PP/R5K1 b - -,a8e8 f3g3 f8g7 h5g6 c6d7 g6f6 e8f8 f6g6 d5d4 a1e1
r1b1rbk1/pp1n1p1p/2p2np1/7q/N1P1pP2/4N1PP/PPQBP1B1/R4RK1 b - -,h5e2 c2c1 e2d3 d2c3 d3d6 b2b4 d6e7 f1d1 b7b5 c4b5
8/3R3p/8/2b1pNp1/2k3P1/7P/q4P2/2R3K1 b - -,c4b5 f5e3 c5e3 f2e3 a2a3 c1e1 b5c6 d7h7 a3f8 e1c1
r4rk1/5pb1/3pb1p1/q1n1p3/p3P1PB/2N2PNP/pP1Q2B1/R3K2R b KQ -,c5b3 d2d1 b3a1 e1h1 a4a3 b2b4 a5b4 d1a1 f8c8 c3a2
r3k2r/pp1nqppp/2b1p3/3n4/2BP4/2N2N2/PP3PPP/R2Q1RK1 b kq -,d7b6 c4d5 c6d5 c3d5 b6d5 d1a4 e7d7 a4a3 f7f6 f3d2
r1b1k2r/p4p2/2p1pn1p/1p2B3/2p3p1/2P2P2/P3B1PP/R4RK1 b kq -,f6d5 e5h8 g4g3 h8d4 c6c5 d4c5 d5c3 f1e1 g3h2 g1h2
5k2/3B4/5n2/5N2/4P2p/1K3Pb1/1PP5/8 b - -,f6d7 b3c4 g3e1 f5h4 e1h4 c4d5 f8e7 b2b4 h4g3 c2c4
2r3k1/5pp1/3p4/b1rPpP1N/6Pp/p7/P1P1QR1P/2qR3K b - -,c1c2 e2f1 c2e4 f1g2 e4g2 h1g2 c5c3 f2f3 e5e4 f3c3
r7/1p3kr1/pB6/2RPp2n/5p2/5Ppp/PP2B3/6RK b - -,h3h2 c5c7 f7f6 g1d1 g7c7 b6c7 h5g7 d5d6 g7e6 c7b6
r1bqB1k1/ppp2p1p/5Pp1/3p2P1/3Pn3/B1P2Q2/P1P4P/R4RK1 b - -,d8e8 a1e1 e8a4 c3c4 a4c4 f3d3 c4c6 c2c4 c8f5 c4d5
rnbqk2r/p1ppbppp/1p2pn2/8/2PP4/P1N4P/1P2PPP1/R1BQKBNR b KQkq -,d7d5 c4d5 f6d5 e2e4 d5c3 b2c3 e8h8 f1d3 c7c5 g1f3
8/8/1p2k3/1P4pp/4KP2/7P/8/8 b - -,e6f6 f4g5 f6g5 e4d5 g5h4 d5c6 h4h3 c6b6 h3g4 b6c5
8/6p1/2k4p/5K2/8/6P1/4P3/8 b - -,e6f6 f4g5 f6g5 e4d5 g5h4 d5c6 h4h3 c6b6 h3g4 b6c5
8/6p1/6kp/1p3p2/1PP3PP/8/1P3K2/8 b - -,g6f6 c4b5 f6e5 b5b6 e5d6 g4f5 d6c6 f2f3 c6b6 f3g4
8/8/1p5p/1k4p1/1P6/2K2P1P/8/8 b - -,b5a4 b4b5 a4b5 f3f4 g5f4 h3h4 b5c5 h4h5 b6b5 c3d3
5k2/3n4/8/5N2/2K1P2p/5Pb1/1PP5/8 b - -,g3f2 f5h4 f2h4 c2c3 d7e5 c4d5 h4g3 b2b4 f8e7 b4b5
rnbqkb1r/ppp3pp/4p3/3p4/3Pn3/2P2N2/PPQ3PP/RNB1KB1R b KQkq -,f8e7 f1d3 e8h8 e1h1 c7c5 d3e4 d5e4 c2e4 b8c6 c1e3
8/8/8/7p/5Bk1/6P1/r7/6K1 b - -,c8d7 f1d3 f8d6 d3e4 d5e4 c1g5 d8c8 c2e4 e8h8 b1d2
r5k1/1b4b1/ppq1pp2/2pp3Q/5P2/1P2P1R1/P1PP2PP/R5K1 b - -,d5d4 a1e1 c6e8 h5g4 e8f7 e3d4 f6f5 g4e2 a8e8 d4c5
8/3R3p/8/1kb1p1p1/6P1/4N2P/q4P2/2R3K1 b - -,c5e3 f2e3 a2a3 c1e1 b5c6 d7d2 a3c3 e1e2 c3a1 g1h2
4r1k1/1p6/4R1Pp/8/1q2r3/5Q1P/6K1/3R4 b - -,b4b2 g2h1 e8f8 f3e4 b2c3 e4g4 c3c8 g6g7 f8d8 d1d8
6k1/R5p1/p4p1p/7P/r2p4/6P1/1P3PK1/8 b - -,g8h7 g2f3 a4a2 a7a8 d4d3 b2b4 a2a4 a8b8 d3d2 f3e2
2r3k1/5pp1/3p4/b1rPpPPN/7p/p7/P1q1QR1P/3R3K b - -,c2e2 f2e2 h4h3 h1g1 a5b6 g1f1 c5c3 e2e4 c3f3 f1e2
8/r4pp1/7p/8/P6P/5kP1/1K3P2/R7 b - -,f3f2 h4h5 f7f5 a1a3 a7a8 a4a5 a8a6 b2c1 f2g2 c1c2
r1b2rk1/p1q2pp1/4pn1p/2p1N1P1/2P5/4Q3/PPB2P1P/2KR3R b - -,f6d7 e5d7 c8d7 g5h6 d7c6 h6g7 f8d8 e3h6 d8d1 c2d1
3r2k1/ppp2p1p/2nr1p2/7B/4PQ2/2N2N2/PP3PPP/R4RK1 b - -,d8d7 g1h1 c6e5 f3e5 f6e5 f4g4 g8f8 c3d5 c7c6 d5e3
8/8/1p2k3/1P3P1p/4K1p1/7P/8/8 b - -,e6e7 h3g4 h5h4 g4g5 e7f7 e4f3 h4h3 f3g3 h3h2 g3h2
1kqQb3/pp6/8/5B2/8/8/1K6/8 b - -,e6d6 h3g4 h5h4 e4f4 d6c5 g4g5 h4h3 f4g3 h3h2 g3h2
8/8/1p5p/6p1/kPK5/5P1P/8/8 b - -,h6h5 c4c3 b6b5 c3c2 a4b4 c2d3 b4c5 d3c3 b5b4 c3d3
6k1/5ppp/p7/1P1p1b2/3P4/2P5/1P3KPP/RN1r4 b - -,f5c8 b5a6 g7g5 a6a7 c8b7 a1a6 d1b1 a6b6 b7a8 b6b8
r7/1pBr4/p2P1k2/2R1p2n/5p2/5Ppp/PP2B3/6RK b - -,h5g7 g1e1 a8e8 e2f1 g3g2 f1g2 h3g2 h1g2 g7f5 e1h1
8/3R3p/8/1k2p1p1/6P1/4P2P/q7/2R3K1 b - -,a2a3 c1e1 b5c6 d7d2 a3c3 e1e2 c3c1 g1g2 c1b1 e3e4
2r3k1/5pp1/3p4/b1rPpPPN/7p/p7/P3R2P/3R3K b - -,h4h3 h1g1 a5b6 g1f1 c5c3 e2e4 c3f3 f1e2 f3f5 h5g3
8/k4p2/P5p1/1K5p/1R5P/5PP1/3r4/8 b - -,d2d3 b4f4 f7f5 b5c4 d3e3 c4d4 e3e1 d4d5 a7a6 g3g4
rnb1k1nr/pp3ppp/1q2p3/2bp4/4P3/2N5/PPPN1PPP/R1BQKB1R b KQkq -,d2d3 b4f4 f7f5 b5c4 d3e3 c4d4 e3e1 d4d5 a7a6 g3g4
8/6pk/3b4/5p2/2pB4/2P1NPPp/4b1rP/4R2K b - -,g2f2 h1g1 f2f3 e1e2 f5f4 e3f5 d6a3 g3f4 f3f4 f5e3
r1b1k1nr/4ppb1/pnpp2p1/qp4Pp/3PPP1P/2NBB3/PPPQ4/1K1R2NR b kq -,a8b8 d2f2 b6c4 e3c1 c6c5 g1f3 c8g4 f4f5 c4a3 b2a3
8/8/7p/1pK3p1/kP6/5P1P/8/8 b - -,a8b8 d2f2 b6c4 e3c1 c6c5 g1f3 c8g4 f4f5 c4a3 b2a3
r1b4r/p3kp2/2p1pn1p/1p2B3/2p3P1/2P5/P3B1PP/R4RK1 b - -,f6d5 e5h8 a7a5 h8g7 c8a6 e2f3 b5b4 g7d4 e7d6 f3d5
6k1/6p1/R4p1p/7P/1r1p4/6P1/1P3PK1/8 b - -,
8/p7/8/R5pk/8/1r6/5K2/8 b - -,
rnbqk2r/pp1p1ppp/2p2n2/2b5/2B1P3/5N2/PPPP1PPP/RNBQK2R b KQkq -,f6e4 d2d4 c5b6 b1d2 d7d5 d2e4 d5c4 e1h1 e8h8 c1f4
rnbqk1nr/ppppppb1/6p1/7p/3PP3/5NP1/PPP2P1P/RNBQKB1R b KQkq -,g8f6 e4e5 f6h7 f1g2 d7d6 e1h1 e8h8 b1c3 d6e5 f3e5
1rb1r2k/3n2bp/5qp1/1pB1pp2/4P3/1QNN1PP1/P5BP/1R3RK1 b - -,d7c5 d3c5 f6d6 b3d5 g7f8 d5d6 f8d6 c5d3 c8d7 c3d5
8/8/8/6b1/4k3/B7/2p5/4K3 b - -,d7c5 d3c5 f6d6 b3d5 g7f8 d5d6 f8d6 c5d3 c8d7 c3d5
8/8/1p3k2/1P3P1p/4K1P1/8/8/8 b - -,h5h4 e4f4 f6e7 g4g5 e7d6 f4g4 d6c7 g4h4 c7d7 f5f6
r4rk1/5pb1/3pb1p1/q1n1p3/p3P1PB/1pN2PNP/PP1Q4/R3KB1R b KQ -,b3a2 a1a2 e6a2 c3a2 c5e6 f1c4 a5d2 e1d2 a8b8 h1b1
8/5kp1/4n2p/8/2K1N3/6P1/7P/8 b - -,
rn1q1rk1/ppb2pp1/2p2n1p/2PpN3/3P2PB/2NQ3P/PP3P2/R4RK1 b - -,b8d7 f2f4 d8c8 b2b4 d7e5 f4e5 f6h7 c3e2 c7d8 h4d8
2r3k1/5pp1/3p4/b1rPpPPN/8/p6p/P3R2P/3R2K1 b - -,a5b6 g1f1 c5c3 e2e4 c3f3 f1e2 f3f5 h5g3 f5f2 e2d3
r2q1rk1/pp2b1pp/2n5/2pp1p2/6b1/2PP1NB1/PP1N1PPP/R2QR1K1 b - -,f5f4 d1a4 g4f3 d2f3 f4g3 h2g3 d8d7 e1e2 a8d8 a4b3
rnbqk1nr/ppp1ppb1/3p2p1/7p/3PP3/5NP1/PPP2PBP/RNBQK2R b KQkq -,c7c5 d4c5 d8a5 c2c3 a5c5 h2h3 c5c7 e1h1 g8f6 d1e2
rnb1kbnr/pp3ppp/8/q1pp2B1/3P4/5N2/PP1QPPPP/RN2KB1R b KQkq -,a5d2 g5d2 b8c6 b1c3 c8e6 d4c5 f8c5 e2e3 g8f6 f1b5
r1bqkb1r/ppp2ppp/5n2/n2Np3/2B1P3/2Q5/PPPP1PPP/R1B1K1NR b KQkq -,a5c4 d5f6 g7f6 c3c4 h8g8 g2g3 d8d7 a2a4 a7a5 g1f3
r7/1BBr4/p2P1k2/2R1p3/5p2/4nPpp/PP6/6RK b - -,a5c4 d5f6 g7f6 c3c4 h8g8 g2g3 d8d7 a2a4 a7a5 g1f3
8/1p5p/3k4/p7/P2K4/8/6PP/8 b - -,h7h6 d4c4 d6e5 c4b5 e5d5 g2g4 d5e4 b5a5 e4f3 a5b6
8/8/1p3k2/1P3P2/5Kp1/8/8/8 b - -,g4g3 f4g3 f6f5 g3f2 f5e4 f2e1 e4d3 e1d1 d3c4 d1c2
r3r3/5k1p/bq3np1/3Pp3/Nb2P1P1/1P5P/2PQ1PB1/R2R2K1 b - -,b6d6 c2c3 b4a5 d1c1 a6b5 a4b2 a5b6 c3c4 b5d7 a1a8
3rq1k1/1b3pr1/1pn2Q1B/p2pP2p/8/1PPBP2P/6P1/6K1 b - -,e8e5 f6f3 e5g3 h6g7 g3f3 g2f3 g8g7 g1f2 d8g8 f3f4
8/5pk1/8/8/8/5K2/5P1P/8 b - -,e8e5 f6f3 e5g3 h6g7 g3f3 g2f3 g8g7 g1f2 d8g8 f3f4
r1b1rbk1/pp1n1p1p/2p2np1/8/N1P1pP2/4N1PP/PPQBq1B1/3R1RK1 b - -,d7c5 g3g4 a7a5 a4b6 a8b8 f1e1 e2d3 d2c3 d3c2 e3c2
8/8/1p3k2/1P3P2/8/6K1/8/8 b - -,f6g5 f5f6 g5f6 g3f4 f6e6 f4e4 e6d6 e4d4 d6e6
r1b2rk1/1p2qppp/p2p3n/3Pp3/P1N4P/1QP5/1P3PP1/R3KB1R b KQ -,a6a5 h4h5 f7f5 f2f3 e7g5 b3b6 a8a6 b6f2 f5f4 e1a1
rnb1kbnr/pp3ppp/8/2pp4/3P4/5N2/PP1BPPPP/RN2KB1R b KQkq -,b8c6 b1c3 c8e6 d4c5 f8c5 e2e3 g8f6 f1b5 a7a6 b5c6
rnbqk2r/pp3ppp/2p2n2/2bP4/2B5/5N2/PPPP1PPP/RNBQK2R b KQkq -,c6d5 c4b3 e8h8 d2d4 f8e8 c1e3 c5d6 b1c3 b8c6 e1h1
8/8/4N1p1/1k4P1/2p1n2p/8/4K3/B7 b - -,
8/6p1/6kp/1p3p2/1P4PP/2P3K1/1P6/8 b - -,g6f6 c3c4 b5c4 b4b5 c4c3 b2c3 f5f4 g3f4 f6e6 f4e4
2r3k1/5pp1/1b1p4/2rPpPPN/8/p6p/P3R2P/3R1K2 b - -,c5c3 e2e4 c3f3 f1e2 f3f5 h5g3 f5f2 e2d3 b6a5 g3e2
1r1qr3/2p2p1k/3p2pp/pp1Pp2n/4P2b/2P2PNP/PPQ2BP1/R3R1K1 b - -,h5g3 a2a4 b5a4 a1a4 g3h5 e1a1 h4f2 c2f2 f7f5 e4f5
7r/1BBr4/p2P1k2/4p3/5p2/4nPpp/PP6/2R3RK b - -,h3h2 g1g2 e3g2 h1g2 d7h7 c1h1 h8b8 c7b8 h7b7 b8c7
rn1qkbnr/ppp2ppp/3pb3/4pP2/4P3/3P4/PPP3PP/RNBQKBNR b KQkq -,e6f5 e4f5 b8c6 g1f3 d6d5 b1c3 f8c5 d1e2 g8e7 f5f6
1rbq1rk1/1pnn1pbp/p2p2p1/2pP4/P3PB2/2N2PNP/1P2B1P1/R2Q1RK1 b - -,d7f6 d1d2 b7b5 a4a5 f8e8 a1d1 b5b4 c3a4 c8d7 a4b6
r3b1k1/pp3qpp/4p3/n2pP2N/2pP2P1/2P2P1Q/2P2K2/2B4R b - -,a5c6 h5f4 h7h6 g4g5 h6h5 g5g6 f7f5 h3f5 e6f5 c1a3
6k1/1R6/p4pPp/P3r3/3p4/6P1/1P3PK1/8 b - -,h6h5 b2b4 d4d3 b7d7 e5e4 d7d3 g8g7 d3d7 g7g6 d7b7
r3k1nr/4ppb1/pn1p2P1/q5Pp/1ppPP1bP/3BB3/PPPQ4/1K1N1RNR b kq -,e8d7 d3e2 f7g6 e2g4 h5g4 d2g2 b4b3 c2b3 c4b3 a2b3
rnbqk2r/pp3ppp/5n2/1Bbp4/8/5N2/PPPP1PPP/RNBQK2R b KQkq -,b8c6 e1h1 e8h8 d2d4 c5d6 h2h3 h7h6 f1e1 a7a6 b5d3
r4rk1/pp1n2pp/3bp3/q2p1P1P/P2P4/3B1Q2/1PP2P2/R1B2RK1 b - -,a8e8 h5h6 g7g6 c1g5 e6f5 c2c4 d6e7 g5f4 d7f6 c4d5
8/5p2/4k3/8/4K3/5P2/7P/8 b - -,a8e8 h5h6 g7g6 c1g5 e6f5 c2c4 d6e7 g5f4 d7f6 c4d5
rnbqk1nr/ppp3b1/3p1pp1/3Pp2p/4P3/5NP1/PPP2PBP/RNBQ1RK1 b kq -,g7h6 b1d2 g8e7 d2c4 h6c1 a1c1 a7a5 f3d2 h5h4 f2f4
8/1p5p/2k5/p7/P1K5/8/6PP/8 b - -,b7b6 g2g4 c6d6 c4b5 d6e5 b5b6 e5f4 h2h3 f4g3 b6a5
r1bq1rk1/pp1nbppp/2n1p3/3pP3/3P4/5N2/PPB2PPP/RNBQR1K1 b - -,f7f6 e5f6 d7f6 b1c3 c8d7 a2a3 a8c8 c1g5 h7h6 g5h4
2r3k1/5pp1/1b1p4/3PpPPN/8/p1r4p/P2R3P/3R1K2 b - -,c3f3 f1e2 f3f2 e2e1 f2f5 h5g3 f5f4 g3h5 f4g4 e1e2
r1b2rk1/1p2q1pp/pN1p3n/3Ppp2/P6P/1QP5/1P3PP1/R3KB1R b KQ -,c8d7 b6a8 f8a8 b3b7 e7e8 f1a6 f5f4 e1h1 e8d8 a6b5
5rk1/ppp2p1p/2nr1p2/3N3B/4PQ2/5N2/PP3PPP/R4RK1 b - -,f6f5 f4f5 g8g7 g1h1 a7a5 d5e3 f7f6 f5g4 g7h8 e3f5
rn1q1rk1/ppb2ppp/2p2n2/2Pp2Bb/3P2P1/2NB1N1P/PP3P2/R2Q1RK1 b - -,h5g4 h3g4 b8d7 d1d2 h7h6 g5h4 d8b8 g1g2 f6g4 a1e1
r2qkb1r/1b1n1pp1/p1n1p3/1pppPP2/6Qp/1P3N2/PBPPB1PP/RN3RK1 b kq -,d8e7 f5e6 e7e6 g4e6 f7e6 f3g5 h4h3 g5e6 h3g2 f1f5
r1bqk2r/p3ppbp/1pp3pn/2p1P3/4N3/3P1N1P/PPP1QPP1/R1B1K2R b KQkq -,c8e6 e1h1 e8h8 f1e1 h6f5 c2c3 e6d5 c1f4 g7h8 g2g4
8/5p2/4k3/8/4K2P/8/5P2/8 b - -,c8e6 e1h1 e8h8 f1e1 h6f5 c2c3 e6d5 c1f4 g7h8 g2g4
3r4/7k/2p3p1/1p3p2/1n1Pp1P1/4P2B/1P1R1P2/6K1 b - -,d8d5 g4f5 g6f5 f2f3 e4f3 g1f2 h7g7 f2f3 c6c5 f3e2
r2r2k1/pb2bpp1/1p2p3/7p/1P1nP1q1/P2B1NBP/5PP1/R2R1QK1 b - -,d4f3 g1h1 g4g5 g2f3 h5h4 g3c7 d8d7 c7h2 a8c8 d3e2
8/8/3B4/7p/6k1/6P1/r7/7K b - -,a2a1 h1g2 a1a2 g2f1 g4h3 d6f4 a2a8 f4d6 a8a4 f1f2
8/5p2/4k3/8/3K4/8/5P1P/8 b - -,g4h3 h1g1 a2a6 d6f4 a6g6 f4e5 g6g4 g1f2 h3h2 e5f4
2kr1b1r/pp3ppp/2n1pq2/6n1/2NPB1b1/1PP2N2/PB3PPP/R2QRK2 b - -,h7h5 e4c6 b7c6 e1e3 g4f3 g2f3 g5h3 f3f4 h3f4 c4e5
1n3rk1/5p1p/p4Q2/3pp3/Pp2P3/8/1PP2RPP/7K b - -,b8d7 f6g5 g8h8 g5e7 h7h6 f2f7 f8f7 e7f7 d7b6 f7f6
r1b1rbk1/pp1n1p1p/2p2np1/8/N1P1pP2/3qN1PP/PP1B2B1/2QR1RK1 b - -,d7c5 d2b4 c5b3 a2b3 f8b4 d1d3 e4d3 f1d1 c8f5 e3f5
rn1q1rk1/ppb2ppp/2p2n2/2Pp2B1/3P2b1/2NB1N1P/PP3PP1/R2Q1RK1 b - -,g4f3 d1f3 b8d7 b2b4 f8e8 b4b5 h7h6 g5h4 d7f8 h4f6
2r3k1/5pp1/1b1p4/3PpPPN/8/p4r1p/P2RK2P/3R4 b - -,f3f2 e2d3 f2f5 d1b1 e5e4 d3e4 f5e5 e4f3 c8c3 f3g4
r2qk2r/p1p2ppp/2Qb2b1/4p3/6P1/2NP3P/PPP2P2/R1B2RK1 b kq -,e8f8 f2f4 e5f4 c1f4 h7h5 c3d5 a8c8 a1e1 h5g4 e1e6
8/p7/8/R5pk/8/4K3/1r6/8 b - -,h5h4 a5a7 g5g4 e3f4 b2b4 f4e3 h4g3 a7g7 b4b2 g7g5
5k2/3n4/8/8/2K1P2N/5P2/1PP2b2/8 b - -,f2h4 c4d5 f8e7 c2c4 h4g3 b2b4 d7e5 b4b5 e7d7 c4c5
b4rk1/6b1/1R6/p1p5/P6P/2PP4/1P1N1n1K/5R2 b - -,f8f7 h4f5 d7e5 c4d5 e5f3 e4e5 f7e8 e5e6 f2g1 c2c4
r1b1k2r/1p1n1npp/4pq2/pP1p4/8/P1PB1N2/5PPP/RN1Q1RK1 b kq -,e8h8 d3c2 d7c5 d1d4 b7b6 f1e1 c8b7 b1d2 a8e8 d4f6
rn1q1rk1/p1p2ppp/1p2pn2/8/2BP4/PPQ1PP2/5P1P/R1B1K2R b KQ -,a7a6 e3e4 f6h5 h1g1 d8d6 e4e5 d6c6 c3e3 b6b5 c4e2
6k1/3R4/p4pPp/r7/3p4/6P1/1P3PK1/8 b - -,a5g5 b2b4 d4d3 f2f4 g5g6 d7d3 f6f5 d3d8 g8f7 d8d7
8/6k1/p3p3/Pb1pP1p1/1PpP1pP1/5K1P/2B5/8 b - -,
r4r2/pppq1k1p/6p1/4Q3/2N5/8/PP3PPP/R5K1 b - -,f7g8 c4e3 a8d8 a1f1 c7c6 e5c3 f8f7 c3b3 g8g7 g2g3
r1bqkb1r/pp3ppp/2p2N2/nB2p3/4P3/5Q2/PPPP1PPP/R1B1K1NR b KQkq -,g7f6 b5d3 h7h5 g1e2 c8g4 f3e3 d8c7 b2b3 f8h6 e3c5
6r1/7k/2p3p1/1p3p2/1n1Pp1P1/4P2B/1P1R1P1K/8 b - -,
r3r3/p2n1pkp/2p3p1/2Pp4/3P1P2/2N5/P5PP/R3R1K1 b - -,d7f8 e1e8 a8e8 g1f2 f8e6 c3e2 e8b8 f2e3 b8b4 a1d1
4r2k/1b4p1/ppq2n1p/3p4/7Q/BPp1PR2/P1P3PP/5RK1 b - -,f6h7 a3f8 c6g6 f8g7 h8g7 h4d4 g7g8 f3g3 h7g5 h2h4
8/7p/k7/4p1p1/6P1/1R2P2P/q7/1R4K1 b - -,f6h7 a3f8 c6g6 f8g7 h8g7 h4d4 g7g8 f3g3 h7g5 h2h4
7r/1BBr4/p2P1k2/4p3/5p2/4nPp1/PP4Rp/2R4K b - -,e3g2 h1g2 d7h7 c1h1 h8b8 c7b8 h7b7 b8c7 b7b2 g2h3
r1b2rk1/1p2q1pp/pQ1p3n/3Ppp2/P1N4P/2P5/1P3PP1/R3KB1R b KQ -,h6f7 e1a1 c8d7 b2b3 a8c8 f1e2 f5f4 c1b2 e5e4 h4h5
r1bqk1nr/ppp1p1b1/2np1p1p/6p1/3P4/3BPN1P/PPP2PPB/RN1QK2R b KQkq -,f6f5 b1d2 a7a6 e3e4 e7e6 c2c3 f5f4 e4e5 d6e5 d3g6
2r3k1/5pp1/1b1p4/3PpPPN/8/p2K3p/P2R1r1P/3R4 b - -,f2f3 d3e2 f3f2 e2e1 f2f5 h5g3 f5f4 g3h5 f4g4 h5g3
1r1qr3/2p2p1k/3p2pp/pp1Pp2n/4P3/2P2P1P/PP3QPK/R3RN2 b - -,f7f5 f2d2 d8h4 b2b4 h4f4 d2f4 h5f4 a2a4 b5a4 a1a4
8/6p1/6kp/1p6/1P4KP/2P5/1P6/8 b - -,g6f7 g4h5 f7f6 b2b3 f6f5 c3c4 g7g5 c4c5 g5g4 c5c6
r5k1/p2q1pp1/2r3bp/2P5/4N3/7P/P1Q2PP1/2R1R1K1 b - -,d7e7 c2c4 c6e6 f2f3 a8c8 g1f1 g8h7 c4d4 c8e8 d4b4
1k2r3/4b1QR/p7/3PPB2/6P1/2n1q3/6K1/8 b - -,d7e7 c2c4 c6e6 f2f3 a8c8 g1f1 g8h7 c4d4 c8e8 d4b4
5rk1/ppp2p1p/2nr4/3N1Q1B/4P3/5N2/PP3PPP/R4RK1 b - -,g8g7 g1h1 d6h6 f5g5 h6g6 g5f4 g6h6 h5g4 h6d6 f1e1
5r2/7k/2p3p1/1p3P2/1n1Pp3/4P2B/1P1R1P1K/8 b - -,
6k1/8/p4pPp/1r6/3R4/6P1/1P3PK1/8 b - -,h6h5 d4d7 b5b2 d7a7 a6a5 a7a5 g8g7 a5h5 g7g6 h5a5
7r/1BBr4/p2P1k2/4p3/5p2/5Pp1/PP4Kp/2R5 b - -,d7h7 c1h1 h8b8 c7b8 h7b7 b8c7 b7b2 g2h3 b2d2 h1c1
8/p7/8/R5pk/8/8/1r6/4K3 b - -,h5g4 e1f1 b2b7 a5a4 g4f5 f1g1 f5e5 g1f2 b7g7 f2f3
r1b1rbk1/pp1n1p1p/2pq1np1/8/N1P1pPP1/4N2P/PP1B2B1/2QR1RK1 b - -,b7b5 d2e1 d6b8 a4c3 b5b4 c3a4 d7c5 a4c5 f8c5 e1f2
r1bq1rk1/pp3ppp/4pn2/b7/2BN4/P3P3/1P3PPP/R1BQ1RK1 b - -,d8c7 c4e2 a5b6 c1d2 b6d4 e3d4 c7b6 d2b4 f8d8 d1e1
8/8/8/6b1/8/3k4/1Bp5/4K3 b - -,e6e5 d4b3 a5c7 c1d2 a7a5 d2c3 d8e7 d1f3 a8b8 a3a4
rnbqkb1r/pp2pppp/3p1n2/8/1PB1P3/P7/2PP1PPP/RNBQK1NR b KQkq -,f6e4 g1f3 d6d5 c4b5 c8d7 b5e2 e4f6 e1h1 e7e6 c1b2
rnbqk2r/ppp2ppp/5n2/b2pP3/8/1BP1P2N/PP3PPP/RNBQK2R b KQkq -,f6g4 d1d5 d8d5 b3d5 g4e5 d5e4 b8d7 e4c2 b7b5 e1h1
5r2/7k/2p5/1p3p2/1n1Pp3/4PP1B/1P1R3K/8 b - -,
r3k2r/pp1nqppp/2b1p3/8/2BP4/2P2N2/P4PPP/R2Q1RK1 b kq -,e8h8 f1e1 a8c8 c4b3 f8d8 f3e5 d7e5 e1e5 e7c7 d1g4
8/3R1pk1/6p1/5r1p/2N1K2P/6P1/8/8 b - -,g7f8 c4d6 f5f1 e4e3 f1f6 d6e4 f6f5 e3e2 f5e5 e2f3
7r/1BB4r/p2P1k2/4p3/5p2/5Pp1/PP4Kp/7R b - -,h8b8 c7b8 h7b7 b8c7 b7b2 g2h3 b2d2 h1e1 f6e6 d6d7
3r2k1/p4ppp/2n1p3/4P3/Q3B3/p1P5/5PPP/6K1 b - -,a7a6 h2h3 c6e5 a4a3 g7g6 a3a6 d8f8 g1h2 e5d7 a6d6
8/6k1/p3p3/Pb1pP1p1/1P1P1pPP/2p2K2/2B5/8 b - -,
8/3k4/1K5R/1P1P4/8/8/8/2r5 b - -,c1c4 b6b7 c4c7 b7a6 c7c3 h6c6 c3b3 b5b6 b3a3 a6b7
6k1/5ppp/p7/3p1b2/p2P4/2Pr4/1P2K1PP/RN6 b - -,h7h5 b1d2 f7f6 d2f3 d3f3 e2f3 f5e4 f3f2 e4c2 c3c4
1R6/7p/k7/q3p1p1/6P1/4P2P/8/1R4K1 b - -,h7h5 b1d2 f7f6 d2f3 d3f3 e2f3 f5e4 f3f2 e4c2 c3c4
8/6k1/p4pPp/1r6/6R1/6P1/1P3PK1/8 b - -,
8/6pk/3b4/3N1p2/2pB4/2Pb1PPp/2r4P/4R1K1 b - -,c2g2 g1h1 g2a2 h1g1 g7g5 d4f2 h7g8 f3f4 g5g4 f2d4
2kr2nr/3bp1b1/pn1p2Q1/q3P1Pp/1p1P3P/1Pp1B3/P1P1B3/1K1N1RNR b - -,g7h6 g5h6 d6e5 g6h5 g8h6 h5e5 a5e5 d4e5 c8c7 e3f4
8/5p2/5K2/5P2/5k2/7P/8/8 b - -,g7h6 g5h6 d6e5 g6h5 g8h6 h5e5 a5e5 d4e5 c8c7 e3f4
5r2/7k/2p5/1p3p2/1n1P4/4PpKB/1P1R4/8 b - -,
5k2/3n4/8/3K4/4P2b/5P2/1PP5/8 b - -,f8e7 b2b4 h4g3 b4b5 d7e5 f3f4 g3f4 c2c4 e7d7 c4c5
r3k2r/1b1n4/p1nb1p2/1ppp1B2/7p/1P3N2/PBPP2PP/RN3RK1 b kq -,d5d4 a2a4 c6e7 f5h3 d7e5 f3e5 d6e5 a4b5 a6b5 a1a8
b4rk1/6b1/1R6/p1p5/P6r/2PP2P1/1P1N1n2/5RK1 b - -,d7e5 b2e5 f6e5 b1c3 e5e4 f5g6 e8d7 g6f5 d7d8 f3g5
8/6k1/p3p3/Pb1pP3/1P1P1KPp/2p5/2B5/8 b - -,
5rk1/ppp4p/2nr1p2/3N1Q1B/4P3/5N2/PP3PPP/2R2RK1 b - -,a7a5 g1h1 a5a4 h2h3 g8h8 f3g5 d6d7 f1d1 d7g7 g5e6
2kr1b1r/pp2pppp/2n2q2/8/2N5/1PP2Q2/PB1P1PPP/R3RK2 b - -,b7b5 c4e5 c6e5 f3a8 c8d7 a8d5 d7c7 d5e5 f6e5 e1e5
rnbqkb1r/5ppp/p2ppn2/1pp5/3PP3/P1N2N2/1PP1BPPP/R1BQK2R b KQkq -,c5d4 f3d4 c8b7 e1h1 b8d7 d1e1 a8c8 c1e3 f8e7 f2f3
2kr1b1r/1bpq3p/p2p4/5PQ1/3N4/2N5/PPP2PPP/R4RK1 b - -,d7f7 f2f3 h8g8 g5e3 d8e8 e3d3 d6d5 a1e1 f8c5 e1e8
6k1/6p1/pr3p1p/R6P/8/6P1/5PK1/8 b - -,b6b5 a5a6 b5h5 a6a8 g8h7 a8a7 h5c5 a7a6 c5f5 a6b6
4r3/p1p3pp/5nk1/2b5/2Qpq3/6P1/PP1P1P1P/RNB3KR b - -,b6c6 g2f3 c6d6 f3g4 g8f7 g4f4 d6c6 f4f5 c6b6 f5f4
r3k2r/pp1nbppp/2p5/1PPpPb2/1P3P2/2N5/5PPP/R3KBNR b KQkq -,e8h8 g1f3 d7c5 b4c5 e7c5 e1d2 d5d4 c3a2 d4d3 b5c6
2R5/1R5p/8/3n4/1k3pP1/4p3/3r2P1/5K2 b - -,e8h8 g1f3 d7c5 b4c5 e7c5 e1d2 d5d4 c3a2 d4d3 b5c6
r5k1/p3qpp1/2r3bp/2P5/4N3/5P1P/P1Q3P1/2R1R1K1 b - -,a8c8 c2a4 c6e6 a4c4 e6e5 c5c6 e7c7 e1d1 e5e6 c4a6
8/3nk3/8/3K4/1PP1P3/5Pb1/8/8 b - -,g3e1 b4b5 d7b6 d5c6 b6c4 f3f4 e1f2 f4f5 e7f6 c6d5
2r3k1/5pp1/1b1p4/3PprP1/8/p5Np/P2R3P/3RK3 b - -,f5f4 e1e2 b6a5 d1h1 a5d2 e2d2 f4d4 d2e3 c8c3 e3e2
1r1qr3/2p2p1k/3p2pp/pp1Pp3/4Pn2/2P1NP1P/PP3QPK/R3R3 b - -,f4d3 f2c2 d3e1 a1e1 e8f8 g2g3 b5b4 b2b3 b4c3 c2c3
6k1/6p1/7p/5p2/2PN4/r1nP2P1/p1K1P2P/R7 b - -,g7g5 c2b2 c3e2 b2a3 e2d4 a1a2 d4c6 a3b2 h6h5 b2c3
k7/1R3p2/PK4p1/7p/7P/5rP1/8/8 b - -,
3r2k1/ppp4p/2nr1N2/5Q1B/4P3/5N2/PP3PPP/2R2RK1 b - -,f3b3 b6c5 b3f3 c5b5 g6g5 h4g5 f3g3 b5b6 g3b3 b6c7
8/8/6p1/6P1/1kp1nN1p/8/4K3/B7 b - -,
3r4/pp3Rk1/2pq3p/P3p2Q/1P1P4/8/6P1/7K b - -,e4g5 f4g6 h4h3 e2f2 h3h2 f2g2 g5f3 g6e7 b4b3 e7d5
1rb2rk1/1p2q1pp/pN1p3n/3Ppp2/P6P/1QP5/1P3PP1/2KR1B1R b - -,h6g4 d1d2 e5e4 g2g3 e4e3 f2e3 e7e4 f1g2 e4e3 b6c4
r2q1rk1/1pp2ppp/p2p1n2/1PN1p3/4P1b1/3PBN2/1PP2PPP/R2Q1RK1 b - -,a6b5 a1a8 d8a8 c5b3 h7h6 b3d2 a8a2 d1a1 f8a8 a1a2
1rb2rk1/1pnnqpbp/p2p2p1/2pP4/P3PB2/2N2PNP/1P1QB1P1/R4RK1 b - -,b7b6 f4g5 f7f6 g5h4 d7e5 f3f4 e5f7 e4e5 d6e5 g3e4
3R1rk1/p7/1p4Pp/4B1qn/4Q3/1P1P2p1/P5K1/8 b - -,h5f6 e4c4 g8g7 e5f6 g5f6 c4c7 g7g6 d8d6 b6b5 d6f6
8/3R1pk1/3N2p1/7p/4K2P/6P1/8/5r2 b - -,f1e1 e4f4 e1f1 f4e3 g7f8 d7c7 f8g8 c7c8 g8g7 e3e2
6k1/6p1/pr3p1p/7P/R7/5KP1/5P2/8 b - -,b6b5 a4a6 b5h5 a6a8 g8h7 f3g2 h5g5 a8a4 g5d5 a4a6
3n4/5k2/p4p2/Ppp1p2N/4P2P/1PP3PK/8/8 b - -,d8c6 g3g4 c6a5 b3b4 c5b4 c3b4 a5c6 h5g3 c6b4 g3f5
1RR5/5ppk/1p2n2p/4p3/2Np4/3P1PP1/qP2P1KP/8 b - -,g7g6 b8b7 h7g7 c4e5 e6g5 e5f7 g5f7 c8c7 h6h5 c7f7
1Q1k2nr/p1pq2pp/5p2/6B1/1b2p3/2N5/PP3PPP/2KR3R b - -,g7g6 b8b7 h7g7 c4e5 e6g5 e5f7 g5f7 c8c7 h6h5 c7f7
3r4/8/8/8/3PK3/8/8/k7 b - -,g7g6 b8b7 h7g7 c4e5 e6g5 e5f7 g5f7 c8c7 h6h5 c7f7
8/8/3B4/7p/8/6Pk/r7/6K1 b - -,a2a1 g1f2 a1a2 f2f1 a2a6 d6b8 a6a4 f1g1 a4g4 g1f2
r1bqkb1r/ppp2ppp/8/n2Np3/2B1P1n1/2Q4N/PPPP1PPP/R1B1K2R b KQkq -,c7c6 d5b4 a5c4 c3c4 f8d6 e1h1 e8h8 b4d3 g4f6 d3e1
8/p7/8/R5pk/8/8/1r6/5K2 b - -,h5h4 f1g1 b2b7 g1g2 h4g4 a5a4 g4f5 a4a5 f5f4 g2f2
rn2k2r/p4ppp/1ppqpnN1/3p4/2PP2P1/1QN1P2P/PP3P2/R3KB1R b KQkq -,h7g6 g4g5 d5c4 b3c4 f6d5 f1g2 a7a5 a1c1 a8a7 h3h4
8/6k1/5pPp/pr6/5PR1/6P1/1P4K1/8 b - -,b5b2 g2f3 f6f5 g4h4 a5a4 h4h1 a4a3 h1c1 b2b3 f3f2
8/6k1/p3p3/P2pP3/1P1P2Pp/2p1K3/2B1b3/8 b - -,h4h3 e3f2 g7h6 f2g3 h6g5 g3h3 e2g4 h3g3 g4f5 b4b5
2kr1bnr/3bp3/pn1pP1Q1/q5Pp/1p1P3P/1Pp1B3/P1P1B3/1K1N1RNR b - -,g8f6 e6d7 f6d7 g6e6 c8b7 e2d3 d8c8 f1f5 d6d5 d3e4
8/8/3B4/7p/8/6Pk/5K2/r7 b - -,a1a2 f2f1 a2a1 f1f2 a1a6 d6b8 a6a4 b8f4 a4c4 f4d6
8/R5pk/5p1p/7P/p5P1/5K2/r4P2/8 b - -,
8/1p6/2k4p/p7/P1K3P1/8/7P/8 b - -,a2a3 f3f4 a3a1 f2f3 a4a3 f4f5 a3a2 f3f4 a1c1 a7a2
8/5kp1/pr3p1p/7P/R5K1/6P1/5P2/8 b - -,f7e7 g4f5 e7f7 f5g4 f7g8 a4a5 b6b4 g4f3 b4b5 a5a6
6k1/1q1n1pp1/pr5p/2B5/2R1P3/5P1P/P1Q3PK/8 b - -,b7c7 f3f4 b6c6 e4e5 c6c5 c4c5 d7c5 c2e2 a6a5 e2e3
2r3k1/5pp1/1b1p4/3Pp1P1/5r2/p5Np/P2R3P/1R2K3 b - -,b6a5 e1e2 a5d2 e2d2 f4f2 d2e3 f2a2 g3e2 a2b2 b1a1
3rq1k1/1b3p2/1pn4B/p2pPQ1p/8/1PPBP1rP/6P1/6K1 b - -,g3g6 h6f4 b7c8 f5h5 f7f5 d3e2 g6g7 h5h4 e8e7 h4f6
5r2/7k/2p5/1p3p2/1n1P4/4PK1B/1P4R1/8 b - -,h7h6 g2g1 b4d5 f3f2 d5e7 f2e2 f8a8 e2d2 a8a2 d2c2
1r1qr3/2p2p1k/3p2pp/pp1Pp3/4Pn2/2P2P1P/PP3QPK/3RRN2 b - -,e8f8 f1e3 f7f5 e4f5 g6f5 g2g3 f4g6 f3f4 d8f6 e3g2
r2q1rk1/pb2bppp/n3p3/2p1N3/2P1p3/1P4P1/PBQ1PPBP/2R2RK1 b - -,f7f5 f1d1 d8c8 a2a3 f8d8 b2c3 e7f6 c2b2 c8c7 b3b4
3q2k1/1N1rnppp/p7/3RP3/1b3P2/1P4PP/P3Q1K1/3R4 b - -,d8b6 d5d7 e7f5 g2h2 b6g6 d7d8 b4f8 d8f8 g8f8 e2f2
1r2k2r/pb4Qp/1p1R2p1/6B1/1n2P3/8/PPq2PPP/K2R4 b - -,d8b6 d5d7 e7f5 g2h2 b6g6 d7d8 b4f8 d8f8 g8f8 e2f2
8/6k1/p3p3/P2pP3/1P1P2P1/2p4p/2B1bK2/8 b - -,g7h6 f2g3 h6g5 g3h3 e2g4 h3g3 g4f5 b4b5 f5c2 b5b6
2r3k1/p3qpp1/2r3bp/2P5/Q3N3/5P1P/P5P1/2R1R1K1 b - -,c6e6 a4c4 e6e5 c5c6 e7c7 c4a6 e5e6 e1d1 g6e4 f3e4
r6r/p4pkp/2p2np1/2Pp4/8/2NP4/P4PPP/R3R1K1 b - -,h8e8 a1b1 d5d4 c3e4 a7a5 g1f1 f6d5 b1b3 a5a4 b3b7
8/1p6/p3P3/4N3/8/PK2k3/1P6/4r3 b - -,e1d1 e6e7 d1d5 e7e8q e3d4 e5d7 d5a5 b3a2 a5b5 e8g6
r2q1Bk1/1pp2ppp/5n2/pP2p3/4P1b1/3P1N2/1PP2PPP/R2Q1RK1 b - -,g4f3 d1f3 d8f8 f3f5 f8e7 f2f4 f6d7 g1h1 h7h6 f4e5
k7/2K2p2/PR4p1/7p/7P/6r1/8/8 b - -,g3f3 b6b7 f3f6 c7d8 f6d6 d8e8 f7f5 e8f7 d6a6 b7b4
8/6k1/5pPp/p7/5PR1/6PK/1r6/8 b - -,f6f5 g4h4 a5a4 h4h5 g7g6 g3g4 f5g4 h3g4 b2g2 g4f3
8/2k5/1p5p/1P2K1p1/8/5P1P/8/8 b - -,c7d8 e5d6 d8e8 d6c6 e8d8 c6b6 d8d7 b6a7 d7e8 b5b6
8/4k3/8/2PKn3/1P2P3/5Pb1/8/8 b - -,e7d7 f3f4 g3f4 b4b5 d7c7 d5d4 f4g3 d4d5 e5f3 d5c4
8/8/5k2/4b3/4RP2/8/3K4/8 b - -,e5c7 d2e3 c7a5 e3f3 a5b6 e4b4 b6d8 b4b5 f6e6 f3e4
8/8/r7/4B2p/8/6Pk/5K2/8 b - -,a6g6 e5f4 g6g4 f4b8 h3h2 b8f4 h2h1 f2f3 h1g1 f4h6
8/6p1/pr2kp1p/R6P/6K1/6P1/5P2/8 b - -,b6d6 a5a3 e6e5 a3a1 f6f5 g4f3 d6f6 f3e3 f6b6 a1a5
8/p7/8/R5pk/8/8/1r6/6K1 b - -,b2b7 g1g2 h5g4 a5a4 g4f5 a4a5 f5f4 a5a4 f4e3 a4a1
rnbqkb1r/3p1ppp/1pp2n2/p3p3/4P3/PB1P4/1PP2PPP/RNBQK1NR b KQkq -,d7d5 g1f3 a5a4 b3a2 f8d6 e4d5 c6d5 c1g5 a8a5 b1c3
rn2k2r/p4pp1/1ppqpnp1/3p2P1/2PP4/1QN1P2P/PP3P2/R3KB1R b KQkq -,d5c4 b3c4 f6d5 f1g2 a7a5 a2a3 b8d7 a1c1 d5e7 c3e4
1n3rk1/5p1p/p4Q2/4pR2/Pp2p3/8/1PP3PP/7K b - -,d5c4 b3c4 f6d5 f1g2 a7a5 a2a3 b8d7 a1c1 d5e7 c3e4
r1b1k2r/1pqp1p1p/p3pp2/2b5/3nNP2/3BB3/PPP3PP/R2Q1RK1 b kq -,b7b6 b2b4 d4f5 e3c5 b6c5 e4f6 e8e7 d1h5 c5b4 f1e1
8/5k2/p1n2p2/Ppp1p2N/1P2P2P/2P3PK/8/8 b - -,c6b4 g3g4 b4c6 h5g3 b5b4 c3b4 c5b4 h4h5 b4b3 g3e2
Q1R5/8/1K6/6p1/7k/r7/8/8 b - -,f7g6 g3g4 c5b4 c3b4 c6b4 h3g2 b4c6 g2f2 c6a5 h5g3
r1b2rk1/ppq2pbp/n1p3p1/3pP1B1/2P1P1n1/2N2N2/PPQ1BPPP/3R1RK1 b - -,h7h6 g5f4 d5e4 c3e4 c8f5 e2d3 a6b4 c2e2 b4d3 d1d3
8/3k4/1p3K1p/1P4p1/8/5P1P/8/8 b - -,d7e8 f6e6 e8d8 e6d6 d8c8 d6c6 c8b8 c6b6 h6h5 b6c6
r2q1rk1/pp2Rppp/2pP4/3p1B1b/5Q2/2N5/PP3P1P/5RK1 b - -,d8b6 c3e2 h5g6 e2g3 d5d4 d6d7 c6c5 f1e1 g6f5 f4f5
r2q1rk1/pp4pp/5b2/2pp1p2/6b1/2PPRN2/PP3PPP/RN1Q2K1 b - -,d8b6 d1b3 b6b3 a2b3 d5d4 c3d4 g4f3 e3f3 f6d4 b1c3
8/R5pk/5p1p/7P/6P1/p7/5PK1/r7 b - -,
2kr1b1r/1b1q3p/p2pN3/2p2PQ1/8/2N5/PPP2PPP/R4RK1 b - -,d8e8 f2f3 h7h6 g5d2 h8g8 a1d1 e8e6 f5e6 d7e6 g1h1
1rb2rk1/1p2q1pp/pN1p4/3Pp3/P4pnP/1QPB4/1P1R1PP1/2K4R b - -,f4f3 g2f3 f8f3 h1g1 g4f6 b3d1 e5e4 b6c8 b8c8 g1e1
r2qk2r/p1p2ppp/2Q3b1/2b1p3/6P1/2NP3P/PPP2P2/R1B2RK1 b kq -,e8f8 c6c5 f8g8 f2f4 e5f4 c3d5 h7h6 d5f4 h6h5 f4g6
r2q1rk1/pb2bppp/4p3/2p1N3/1nP1p3/1P4P1/PB2PPBP/1QR2RK1 b - -,d8c7 g2e4 b7e4 b1e4 b4a2 c1d1 a8d8 e4c6 c7c8 c6a4
8/p7/4k2P/1p3p2/7P/4K3/P7/8 b - -,
8/8/p3p2k/P2pP3/1P1P2P1/2p3Kp/2B1b3/8 b - -,e2f1 g3h2 h6g5 h2g3 f1e2 g3h3 e2g4 h3g3 g4f5 b4b5
1r2r3/2pq1p1k/3p2pp/pp1Pp3/4Pn2/2P1NP1P/PP3QPK/3RR3 b - -,f7f5 f2d2 e8f8 d1c1 d7e7 c3c4 f5e4 f3e4 e7h4 e1f1
3r2k1/1b2qp2/7p/NB2pQpn/P1P2n2/5PB1/6PP/5R1K b - -,e5e4 a5c6 b7c6 b5c6 h5g3 h2g3 f4e2 h1h2 e7d6 f3f4
r4rk1/1bq1ppbp/1pn3p1/p1p5/2PPN3/P2P2P1/1P3PBP/1RBQ1RK1 b - -,c6d4 f1e1 f8d8 c1e3 h7h5 h2h4 a8a7 g1h2 c7c8 b2b4
R7/8/1K6/6p1/7k/8/8/8 b - -,f7f5 d4d5 f5e4 d5c6 b7c6 d1e2 a8d8 d3e4 c7d7 b2b4
8/3k4/8/1PPKn3/4P3/5Pb1/8/8 b - -,d7c7 d5d4 e5f3 d4c4 g3e5 c4d5 e5h2 d5c4 h2g3 c4d5
1rb2rk1/2nnqpbp/p2p2p1/1ppP2B1/P3P3/2N2PNP/1P1QB1P1/R4RK1 b - -,d7f6 g1h2 b5a4 a1a4 f8e8 f3f4 c8d7 a4a3 c7b5 e4e5
1rb2rk1/1p2q1pp/pN1p4/3Ppp2/P5nP/1QP5/1P1R1PP1/2K2B1R b - -,f5f4 f2f3 g4e3 c3c4 e3f1 h1f1 c8f5 c4c5 e5e4 d2d4
r1bq1rk1/ppb2ppp/5n2/4p3/2B5/PN2P3/1P1B1PPP/R2Q1RK1 b - -,c7d6 d2c3 d8e7 b3d2 c8f5 h2h3 f8d8 a1c1 a8c8 d1e2
8/p7/5k1P/1p3p2/5K1P/8/P7/8 b - -,
r3k2r/pp1nb1pp/2p1Pp2/1PPp1b2/1P3P2/2N5/5PPP/R3KBNR b KQkq -,a7a5 e6d7 e8d7 c3a4 d7c7 g1f3 a5b4 f3d4 e7c5 d4f5
8/R5pk/5p1p/7P/5PP1/8/p5K1/r7 b - -,h7g8 a7a8 g8f7 f4f5 f7e7 a8a7 e7d8 a7a3 d8d7 a3a6
8/3k4/1p5p/1P1K2p1/8/5P1P/8/8 b - -,h6h5 d5e5 d7e7 e5f5 g5g4 f3g4 h5g4 h3g4 e7f7 f5e5
2r3k1/5pp1/3p4/3Pp1P1/5r2/p5Np/P2K3P/1R6 b - -,f4f2 d2d3 f2a2 g3f5 c8a8 f5d6 a2h2 d6f5 a3a2 b1a1
8/6k1/6Pp/p4p2/5P1R/6PK/1r6/8 b - -,f4f2 d2d3 f2a2 g3f5 c8a8 f5d6 a2h2 d6f5 a3a2 b1a1
8/3k4/8/1PP5/2K1P3/5nb1/8/8 b - -,d7e6 c4d3 g3e5 d3c4 e5h2 b5b6 f3e5 c4b3 e5c6 b3c3
4r3/p1p3pp/5nk1/2b5/3p4/5qP1/PP1P1P1P/RNB2QKR b - -,f3e5 c4d5 g3f4 c5c6 d7c7 d5c5 f4e3 c5d5 e5f3 e4e5
6k1/7p/5K1P/2B5/7P/6p1/8/8 b - -,g3g2 f6e7 g2g1r c5g1 g8h8 g1a7 h8g8 a7c5 g8h8 c5b4
1rbq1bk1/1p4pp/p2pp3/4n1PB/2NQP3/4B3/PPP4P/5RK1 b - -,e5c4 d4c4 f8e7 h2h4 g8h8 h5f7 c8d7 c4e2 d8a5 e2g4
8/6kP/8/pp3K2/7P/8/P7/8 b - -,
r1br2k1/pp3ppp/4p3/n3P3/3P4/P7/B3NPPP/R3K2R b KQ -,b7b6 f2f3 c8a6 a1c1 h7h5 e1f2 a6e2 f2e2 d8d4 h1d1
8/3k4/8/1PPKn3/4P3/6b1/8/8 b - -,g3h2 c5c6 d7c7 d5c5 h2g1 c5d5 e5f3 e4e5 f3d4 b5b6
8/4k3/1pK4p/1P4p1/8/5P1P/8/8 b - -,e7f7 c6b6 f7g6 b6c6 g6f5 b5b6 f5f4 b6b7 f4e3 b7b8q
7k/1b4p1/ppq2n1p/3p4/4r3/BPp1PRQ1/P1P3PP/5RK1 b - -,e4e6 a3f8 c6d7 g3g6 b7c8 f3g3 f6e8 f8g7 d7g7 g6g7
8/R5pk/5p1p/7P/6P1/5K2/p4P2/r7 b - -,
rn2k2r/p4pp1/1ppqp1p1/6P1/2PPp3/1Q2P2P/PP3PB1/R3K2R b KQkq -,h8h4 e1a1 e8f8 c1b1 d6e7 h1g1 c6c5 f2f4 b8d7 g2e4
rn1qk2r/pb3p2/2p1pn1p/1p2N3/1bpPP1p1/2N3B1/PPQ1BPPP/R4RK1 b kq -,h6h5 a1d1 b8d7 d4d5 e6d5 e4d5 c6d5 c3b5 h5h4 g3f4
r2q1rk1/1p2b1pp/2n1Rn2/p7/P2P4/3B4/3N1PPP/R1BQ2K1 b - -,c6d4 e6e3 e7c5 d2e4 f6e4 e3e4 d8f6 c1e3 a8d8 a1c1
r1bq1rk1/1p2npbp/p1np2p1/2p2pN1/2B1P2Q/2NP4/PPP3PP/R1B2RK1 b - -,h7h5 g2g4 g7f6 g4h5 g8g7 h5g6 f8h8 h4g3 f7g6 g5f7
r1bqkb1r/pp2pp1p/2p3p1/2p1P3/3nN3/2PP1N1P/PP3PP1/R1BQK2R b KQkq -,d8a5 f3h2 d4f5 e1h1 f5g7 c1e3 c5c4 d3d4 c8f5 e4d2
rn1q1rk1/p4ppp/1pp1pn2/8/2BP4/PPQ1PP2/4KP1P/R1B4R b - -,a7a5 h2h4 b8d7 h4h5 h7h6 e3e4 g8h8 a3a4 f8e8 c1e3
6k1/6p1/7p/1N3p2/2P5/r1nP2P1/p2KP2P/R7 b - -,c3b1 d2c2 a3a6 c2b2 b1d2 a1a2 a6f6 a2a1 f5f4 g3f4
4r3/8/8/3K4/3P4/8/8/k7 b - -,
3R4/6pk/p4p1p/r6P/3p4/6P1/1P3P2/5K2 b - -,a5h5 b2b4 h5b5 d8d4 b5b6 f2f3 h7g6 f1e2 h6h5 d4c4
8/3k4/6n1/1PP5/2K1P3/6b1/8/8 b - -,d7e6 b5b6 g6e5 c4b5 e6d7 c5c6 e5c6 e4e5 g3e5 b6b7
r1bqkb1r/ppp2ppp/2np1n2/1B2p3/2PPP3/5N2/PP3PPP/RNBQK2R b KQkq -,e5d4 f3d4 c8d7 e1h1 f8e7 b5c6 b7c6 b1c3 e8h8 f1e1
r2q1rk1/1p2ppbp/4b1p1/p1Pn2B1/N7/Q3P3/1P3PPP/R3KB1R b KQ -,d5b4 a1c1 d8d5 g5e7 f8d8 e7d6 a8c8 a4c3 g7c3 b2c3
2r3k1/5pp1/3p4/3Pp1P1/8/p2K2Np/P4r1P/1R6 b - -,f2a2 g3f5 c8a8 b1h1 a2b2 f5d6 a3a2 h1a1 b2h2 d6e4
8/1p6/3k3p/pK6/P5P1/8/7P/8 b - -,f2a2 g3f5 c8a8 b1h1 a2b2 f5d6 a3a2 h1a1 b2h2 d6e4
6k1/1q1n1pp1/pr5p/2p5/2R1PB2/5P1P/P1Q3PK/8 b - -,b6b2 c2a4 g7g5 f4g3 b7b5 h2g1 b2e2 a4b3 e2d2 g1h2
8/6k1/6Pp/5p1R/p4P2/6PK/1r6/8 b - -,b6b2 c2a4 g7g5 f4g3 b7b5 h2g1 b2e2 a4b3 e2d2 g1h2
2kr1bnr/4p3/pnbpP1Q1/q4RPp/1p1P3P/1Pp1B3/P1P1B3/1K1N2NR b - -,c6e4 f5a5 e4g6 d4d5 c8c7 e3d4 g6e4 h1h3 g8f6 g5f6
8/3k4/2P5/1P2P3/2K2n2/8/5b2/8 b - -,d7d8 b5b6 f2b6 c4b3 b6c7 b3c4 d8e7 c4c5 e7e6 c5b5
3rr1k1/1pp2p2/p1n2qpp/4p3/1P2Pn2/1PP1QNNP/5PPK/3RR3 b - -,f6e6 d1d8 e8d8 g3e2 g6g5 e1b1 e6f6 e2f4 e5f4 e3c5
8/4k3/1K6/1P4pp/8/5P1P/8/8 b - -,f6e6 d1d8 e8d8 g3e2 g6g5 e1b1 e6f6 e2f4 e5f4 e3c5
rnbqkb1r/5ppp/1pp2n2/p2pp3/4P3/PB1PB3/1PP2PPP/RN1QK1NR b KQkq -,d5e4 b1c3 c8f5 d3e4 d8d1 a1d1 f6e4 c3e4 f5e4 g1f3
rn1q1rk1/pp3pbp/2ppbnp1/4p1B1/2P1P3/2NP2P1/PP2NPBP/R2Q1RK1 b - -,a7a5 d1d2 d8d7 b2b3 f6g4 d3d4 f7f6 g5e3 g4e3 d2e3
r4rk1/1p2b1pp/2n1Rn2/p7/P2q4/1N1B4/5PPP/R1BQ2K1 b - -,d4d5 d1e2 g8h8 d3c4 d5f5 c1e3 f6d5 b3d4 c6d4 e3d4
2rr2k1/p4pp1/3b3p/4p3/1q2Q3/2N5/P1PP1PPP/R1B1R1K1 b - -,b4b6 a1b1 b6c5 e1f1 c5d4 e4f5 d4f4 f5f4 e5f4 b1b5
r1bqkb1r/ppp2ppp/2np1n2/1B6/2PNP3/8/PP3PPP/RNBQK2R b KQkq -,c8d7 e1h1 c6d4 b5d7 f6d7 d1d4 d8f6 d4d2 g7g6 d2a5
8/K7/3k4/1P4pp/8/5P1P/8/8 b - -,c8d7 e1h1 c6d4 b5d7 f6d7 d1d4 d8f6 d4d2 g7g6 d2a5
6k1/6p1/7p/1P3p2/8/r2P2P1/p2KP2P/R7 b - -,g8f7 b5b6 g7g6 h2h4 a3b3 a1a2 b3b6 a2a7 f7f6 a7a1
1r4k1/1p2qrpp/pN1p4/3Pp3/P1P2pnP/1Q6/1P1R1PP1/1K5R b - -,e5e4 h1e1 e4e3 f2e3 f4e3 b1a2 e7h4 d2d1 b8d8 c4c5
7k/pp4p1/3b4/2p3P1/2Pp1B1P/PP3b2/8/2K2R2 b - -,d6f4 c1b2 f4g5 h4g5 f3g2 f1f2 g2e4 f2e2 e4d3 e2e5
k7/P1K2p2/R5p1/7p/5r1P/8/8/8 b - -,f4h4 a6f6 h4a4 c7d8 a8a7 f6f7 a7b8 f7d7 a4c4 d7d6
1r1q3k/1p1b2pp/p2pB3/6b1/3BP3/1Q6/PPP4P/5RK1 b - -,d8e7 e6d5 g5f6 d4f6 g7f6 g1h1 d7g4 f1f2 g4h5 b3e3
rn1q1rk1/pp3pb1/2ppbBpp/4p3/2P1P3/2NP2P1/PP2NPBP/R2Q1RK1 b - -,d8d7 f6g7 g8g7 f2f4 b8a6 d3d4 e6c4 d4e5 d6d5 e4d5
8/8/6N1/6n1/1kp4p/8/4K3/B7 b - -,
8/K7/1P6/2k3pp/8/5P1P/8/8 b - -,h4h3 e2f2 h3h2 f2g2 g5f3 g6e7 b4c5 a1c3 h2h1q g2h1
6k1/1q1n1pp1/p6p/2p5/Q1R1PB2/5P1P/Pr4PK/8 b - -,g7g5 f4g3 b7b5 h3h4 g5h4 g3h4 d7e5 a4b5 a6b5 c4c5
8/R5p1/pr3pkp/8/1P6/6PK/5P2/8 b - -,f6f5 f2f3 g6f6 a7c7 g7g6 f3f4 g6g5 f4g5 h6g5 c7c5
1k6/pP3pp1/3P4/7p/8/2Pb4/PPNq2p1/R5K1 b - -,d3c2 d6d7 d2d7 a1e1 d7d2 e1e8 b8b7 b2b4 b7c6 a2a3
8/6k1/6Pp/5R2/5P2/p5PK/1r6/8 b - -,b2b1 f5a5 g7g6 a5a6 g6f7 a6a3 f7f6 a3a6 f6g7 h3g4
1B6/8/6r1/7p/8/6Pk/5K2/8 b - -,g6g4 b8c7 h3h2 c7f4 h2h1 f4d2 g4g6 f2f3 h1g1 d2f4
4Q3/p1q1n1kp/5Rpb/2p2b2/Pp1p4/3P2P1/1PPN1PBP/4R1K1 b - -,e7g8 f6f8 b4b3 f8g8 g7f6 d2b3 h6e3 e8f8 f6g5 f2e3
2kr1bnr/4p3/pnbpP1Q1/5RPp/1p1P3P/qPp5/P1P1B3/1KBN2NR b - -,g8f6 c1a3 h8g8 g6g8 f6g8 d4d5 b6d5 a3c1 d5f6 e2f3
1RR5/5ppk/1p2n2p/4N3/3p4/3P1PP1/1P2P1KP/1q6 b - -,g7g5 c8h8 h7g7 e5g4 f7f5 h8g8 g7f7 g4h6 f7e7 b8b7
r1b5/ppN2ppN/3k4/2p1p3/1p1r4/6Q1/PP3PPP/R4RK1 b - -,d6c7 g3e5 c7c6 a1c1 d4d5 e5e8 c6c7 e8f7 c7c6 f1d1
R4k2/6p1/5p1p/7P/5KP1/8/p4P2/r7 b - -,
8/p7/8/R5pk/8/6K1/1r6/8 b - -,
8/4kpp1/7p/1p3P2/1p2B1PP/1n2K3/r1P5/7R b - -,b3c5 h1e1 c5e4 e3e4 e7d6 e4d3 a2a3 d3d2 a3g3 f5f6
1rb2rk1/2nnq1bp/p2p1pp1/1ppP4/P3PB2/2N2PNP/1P1QB1P1/R4RK1 b - -,b8b7 f1e1 h7h5 g3f1 d7e5 f4h2 e5f7 a4a5 f6f5 e4f5
rn1q1rk1/p1p1ppbp/1p1p2pB/7P/3Pb3/8/PPPQ1PP1/2KR1BNR b - -,g6h5 h1h5 g7f6 h5h3 e4g6 f2f4 d8d7 f1d3 b8c6 h6f8
r1bqk2r/ppppnpbp/6p1/nB1Pp3/2P1P3/5N2/PP3PPP/RNBQK2R b KQkq -,a7a6 b5a4 a5c4 a4b3 c4a5 b3c2 d7d6 b2b4 a5c4 b1c3
r3k2r/pp1n1pb1/q2Pp1p1/2p1P2p/P1pnNB1P/5N2/1P3PP1/R2Q1RK1 b kq -,a6c6 f1e1 c6d5 g1f1 d4f3 d1f3 e8h8 e4d2 b7b6 a1c1
1Q4nr/p1pk2pp/5p2/6B1/1b2p3/2N5/PP3PPP/2K4R b - -,a7a5 c3e4 d7e6 h1d1 h7h6 g5e3 e6f7 d1d7 f7g6 b8e8
R7/4k1p1/5p1p/5K1P/6P1/8/p4P2/r7 b - -,
8/KP6/8/2k3p1/7p/5P1P/8/8 b - -,a1b1 a8a7 e7f8 a7a2 b1b5 f5f4 b5g5 a2a8 f8f7 f4g3
8/pp6/6p1/3k3p/5PPP/3K4/P7/8 b - -,h5g4 f4f5 g6f5 a2a4 d5e5 a4a5 e5f6 d3e3 b7b5 h4h5
8/8/6kp/R7/5P2/p5PK/1r6/8 b - -,b2b6 a5a3 b6b1 a3a6 g6h7 a6a7 h7g6 g3g4 b1g1 a7a6
1k6/pP3pp1/3P4/7p/8/2PbN3/PP4p1/R5K1 b - -,d3b5 a1d1 b5d7 e3c4 f7f6 d1e1 b8b7 c4a5 b7b6 e1e7
6k1/1q1n1p2/p6p/2p3p1/Q1R1P3/5PBP/Pr4PK/8 b - -,b7b5 h3h4 g5h4 g3h4 b2d2 a4b3 d7e5 b3b5 a6b5 c4c5
8/2pk4/p2R3p/1p3Kp1/3P1p2/1PP2P2/P6P/8 b - -,d7d6 c3c4 a6a5 h2h3 b5b4 f5g6 c7c5 d4d5 d6e7 g6h6
r2q1rk1/1p1bppb1/p1Np1np1/7p/4P2P/1BN1BP2/PPPQ2P1/R3K2R b KQ -,d8c7 c6e7 g8h7 e7d5 f6d5 c3d5 c7d8 e3b6 d8e8 b6d4
6k1/5ppp/8/Pp1p1b2/3r4/8/1P3KPP/RN6 b - -,g7g5 a5a6 f5c8 a6a7 c8b7 a7a8r b7a8 a1a8 g8g7 a8e8
8/2B5/8/7p/6r1/6Pk/5K2/8 b - -,h3h2 c7f4 h2h1 f4b8 g4g6 b8e5 g6g5 e5f4 g5g7 f2f3
8/5k2/p1n2p2/Pp2p2N/1P2P2P/6PK/8/8 b - -,c6b4 h3g2 b4c6 g2f2 c6a5 g3g4 a5b3 h5g3 a6a5 g3f5
r3k2r/pp1n1pb1/2qPp1p1/2p1P2p/P1pnNB1P/5N2/1P3PP1/R2QR1K1 b kq -,c6d5 g1f1 d4f3 d1f3 e8h8 e4d2 d5f3 d2f3 f7f6 e5f6
6k1/7p/5K1P/8/7P/8/6p1/6B1 b - -,g8f8 g1h2 f8g8 f6e7 g2g1r h2g1 g8h8 e7e6 h8g8 g1d4
2r3k1/5pp1/3p4/3PpNP1/8/p2K3p/r6P/1R6 b - -,c8a8 b1h1 a2b2 f5d6 a3a2 h1a1 b2h2 d6e4 h2b2 e4c3
r1b2r1k/p7/2p1p1Q1/1p2P3/2q1pP2/P1B1P2P/1P6/2K3R1 b - -,c8a8 b1h1 a2b2 f5d6 a3a2 h1a1 b2h2 d6e4 h2b2 e4c3
1b1r2k1/1b1rqpp1/p3pn1p/1p6/1P6/PNN1P2P/1B2QPP1/2RR2K1 b - -,d7d1 c1d1 d8d1 e2d1 e7c7 g1f1 c7h2 d1d8 g8h7 d8d3
rn1qk2r/ppp2ppp/4pn2/1B6/1b1PP1b1/2N2N2/PP3PPP/R1BQK2R b KQkq -,c7c6 b5d3 g4f3 d1f3 d8d4 e1h1 b8d7 d3c2 e8a8 h2h3
k7/P4p2/5Rp1/K6p/5r2/8/8/8 b - -,c7c6 b5d3 g4f3 d1f3 d8d4 e1h1 b8d7 d3c2 e8a8 h2h3
8/8/k7/2B5/8/3KN3/8/8 b - -,a6b5 c5d4 b5a6 d3c4 a6b7 c4d5 b7c8 d5c6 c8b8 c6c5
8/7k/3b4/3N1pp1/2pB4/2Pb1PPp/1r5P/R5K1 b - -,h7g8 d5f6 g8f7 a1a7 f7g6 a7a1 g5g4 a1a6 g4f3 a6d6
3r4/8/8/4K3/3P4/8/8/k7 b - -,b2b5 d5b4 d6b4 c3b4 b5b4 g1f2 b4b3 a1a7 h7g6 a7a6
8/8/4k3/4P3/4R3/8/3K4/8 b - -,b2b5 d5b4 d6b4 c3b4 b5b4 g1f2 b4b3 a1a7 h7g6 a7a6
1r1q3k/1p1bbBpp/p2pp3/6P1/4P2P/1Q2B3/PPP5/5RK1 b - -,d6d5 e4d5 d8c7 f1f3 e6d5 b3c3 c7c3 b2c3 b8f8 f3f2
rnbq1br1/ppppk3/5p2/6pQ/4Pp1P/2N5/PPPP2P1/R1B1K2R b KQ -,c7c6 d2d4 d7d6 h4g5 f6g5 g2g3 d8e8 h5f3 e7d8 g3f4
R7/6p1/3k1pKp/7P/6P1/8/p4P2/r7 b - -,
2kr1b1r/1b5p/p1qpN3/2p2PQ1/8/2N2P2/PPP3PP/R4RK1 b - -,d8d7 a1d1 d6d5 c3d5 c8b8 c2c4 f8d6 d5f6 d7f7 f6e4
8/pp6/6p1/3k3p/5PPP/5K2/P7/8 b - -,
3rr1k1/1pp2p2/p1n2qpp/4p3/1P2Pn1P/2P1QNN1/1P3PPK/3RR3 b - -,f6e6 g3e2 d8d1 e1d1 e6g4 e2f4 e5f4 e3c5 e8e4 b4b5
1r1q1rk1/pbp2p1n/1p2p1pQ/4P2n/2P5/2N3PP/PP2NPB1/3R1RK1 b - -,d8g5 h6g5 h7g5 g3g4 h5g7 g2b7 b8b7 f2f4 g5h7 e2d4
8/R5p1/pr4kp/5p2/1P6/5PPK/8/8 b - -,g6f6 a7c7 g7g6 f3f4 g6g5 f4g5 h6g5 c7c5 b6e6 c5a5
r1b1kb1r/1pppqppp/p1n2n2/4p1N1/4P3/1B1P4/PPP2PPP/RNBQK2R b KQkq -,
6k1/3qbQp1/4p2p/ppp1P3/8/2PP4/PP3RPP/6K1 b - -,g8h7 f2f3 d7d8 f7e6 b5b4 g1h1 h6h5 e6c4 d8b8 c4e4
5rk1/1p3ppp/p2pqb2/2r1p3/1P2P3/2PQ1N2/1P2RPPP/R5K1 b - -,c5c8 e2d2 f6e7 b4b5 a6b5 d3b5 c8c7 d2d5 g7g6 f3d2
8/8/8/1PK5/6p1/5k2/8/8 b - -,g4g3 c5d6 g3g2 d6e5 g2g1q e5f6 g1b6 f6g7 b6b7 g7h6
rn1q1rk1/pbp2ppp/4pn2/2Qp4/3P4/P3PN2/1P3PPP/R1B1KB1R b KQ -,a7a5 c5c2 b8d7 c1d2 c7c5 d4c5 f6e4 f1e2 d7c5 b2b4
8/6pk/p4p1p/1r6/1P1R4/6P1/5P2/5K2 b - -,b5b6 f2f3 h7g6 f1e2 f6f5 d4d5 g6g5 d5a5 g7g6 e2e3
8/8/6N1/6n1/1kp5/7p/5K2/B7 b - -,
r5k1/5pp1/3N4/3Pp1P1/8/p2K3p/r6P/1R6 b - -,a2h2 d6e4 a3a2 b1a1 h2b2 e4c3 h3h2 c3a2 b2a2 a1h1
rnb2rk1/ppp1bppp/5n2/q7/2BN4/2N5/PPP2PPP/R1BQR1K1 b - -,e7d8 h2h3 b8d7 a2a3 a5c5 c4a2 d7e5 d4b3 c5d6 d1d6
8/k4p2/5rp1/3K4/7p/8/8/8 b - -,e7d8 h2h3 b8d7 a2a3 a5c5 c4a2 d7e5 d4b3 c5d6 d1d6
3R1rk1/p7/1p4Pp/4B2n/4Q1K1/1P1P2p1/P6q/8 b - -,e7d8 h2h3 b8d7 a2a3 a5c5 c4a2 d7e5 d4b3 c5d6 d1d6
4q2k/1bQ3p1/pp3n1p/3p4/4r3/BPp1PR2/P1P3PP/5RK1 b - -,e4e6 c7b7 d5d4 e3e4 h6h5 e4e5 e6e5 b7b6 d4d3 c2d3
8/8/8/5kb1/8/B7/2p1K3/8 b - -,f5e4 a3b2 g5h6 b2a3 e4d4 e2f3 d4c4 f3g2 h6g5 g2f3
rnbqk2r/pp1nbppp/4p3/2ppP3/5P2/1P3NP1/PBPP3P/RN1QKB1R b KQkq -,b8c6 b1c3 a7a6 h2h4 b7b5 h4h5 h7h6 f1g2 e8h8 d2d4
8/1p6/7p/K2k4/P5P1/8/7P/8 b - -,e8h8 a2a4 a7a6 f1h3 b8c6 e1h1 a8b8 b1c3 d5d4 c3e4
r1b5/ppk2ppN/8/2p1Q3/1p1r4/8/PP3PPP/R4RK1 b - -,c7c6 a1c1 d4d5 e5e8 c6b6 e8f7 d5f5 f7g6 b6a5 f1e1
r4rk1/1p1bppbp/2n3p1/qNB1P3/p4Pn1/2N5/PP1QB1PP/R4RK1 b - -,a8d8 h2h3 b7b6 b2b4 a5a6 c5d4 g4h6 a1d1 c6d4 b5d4
8/8/2K5/1P6/6p1/5k2/8/8 b - -,f3g2 b5b6 g2f1 b6b7 g4g3 b7b8q g3g2 b8f4 f1e1 f4g3
8/6p1/3k1pKp/7P/6P1/8/R4P2/6r1 b - -,
r2q1rk1/4p2p/3pbbp1/4n1P1/p3P3/1P2QP2/PBP5/1K1R1BNR b - -,f6g7 e3d2 a4b3 a2b3 d8c7 f3f4 c7a7 f4e5 g7e5 b2e5
1r1q1rk1/2p1b1pp/p1nppn2/1p2p3/3PP3/1QP2N1P/PP3PP1/RNB1R1K1 b - -,d8d7 d4e5 c6e5 f3e5 d6e5 b1d2 h7h6 d2f3 e7d6 a2a4
8/3k4/K6R/1P1P4/8/8/8/1r6 b - -,d7c8 h6h8 c8c7 d5d6 c7d7 h8h7 d7d6 h7h6 d6c5 h6h5
r1b1kb1r/1pppqppp/p4n2/4p1N1/2BnP3/3P4/PPP2PPP/RNBQK2R b KQkq -,h7h6 g5f3 d7d5 e4d5 c8g4 b1d2 e8a8 e1h1 f6d5 c2c3
rn1qkbnr/pp2p1p1/2pp1p2/7p/3P1BbP/2P1PN2/PP3PP1/RN1QKB1R b KQkq -,e7e5 d4e5 d6e5 d1d8 e8d8 f4h2 a7a5 a2a4 g8e7 f3d2
7k/7p/5K1P/8/7P/8/5Bp1/8 b - -,h8g8 f6e7 g8h8 f2g1 h8g8 g1d4 g2g1r d4g1 g8h8 g1d4
r3b1k1/pp4Np/4p3/n2pP3/2pP2P1/2P2PKQ/2q5/2B4R b - -,a8d8 g7e6 d8d7 h3h6 d7f7 e6f4 a5c6 f4d5 c2g6 h6g6
1b1r2k1/1b2qpp1/p3pn1p/1p6/1P6/PNN1P2P/1B2QPP1/3R2K1 b - -,f6d7 b2a1 b7a8 e2d3 b8c7 d3c2 d8c8 c2b2 d7e5 f2f4
8/4p3/pR1r1k2/P1K5/6B1/7p/P7/5b2 b - -,f6e5 b6b7 e5f6 b7b6 h3h2 g4f3 f6g5 b6b2 g5f4 b2h2
8/1p6/7p/K1k5/P5PP/8/8/8 b - -,f6g5 g4h3 f1h3 b6d6 e7d6 c5d6 g5f4 d6c5 f4e3 c5c4
4r3/8/5K2/8/3P4/8/8/k7 b - -,
8/1rB5/p2P1k2/4p3/5p2/5Pp1/PP4Kp/7R b - -,b7b2 g2h3 b2d2 h1e1 f6e6 d6d7 d2d7 c7e5 d7h7 h3g2
8/k4K2/6p1/8/8/8/8/7q b - -,f6g6 b2b3 g6f5 d6d7 b7c7 d7d8q c7c2 g2h3 c2a2 d8d5
1r4k1/p4pp1/2p4p/4r1b1/2N5/1P6/P4PPP/3R1RK1 b - -,e5e2 f2f4 g5e7 d1d2 e7c5 g1h1 b8e8 d2e2 e8e2 a2a4
r5k1/5pp1/8/3Pp1P1/4N3/p2K3p/7r/1R6 b - -,a3a2 b1a1 h2b2 e4c3 h3h2 c3a2 b2a2 a1h1 g8h7 d3e4
6k1/3n1p2/p6p/1qp3p1/Q1R1P2P/5PB1/Pr4PK/8 b - -,g5h4 g3h4 b2d2 a4b3 d7e5 b3b5 a6b5 c4c5 e5f3 h2h3
1k6/pP1P1pp1/8/7p/8/2Pb4/PPq3p1/R5K1 b - -,b8b7 d7d8q d3e4 d8d7 b7b6 d7d4 b6b7 a1e1 f7f5 d4g7
1r2r3/2p1qp1k/3p2pp/1p1Pp3/p3Pn2/2P1NP1P/PP3QPK/3RR3 b - -,e8f8 g2g3 f4h5 e1e2 f7f5 e4f5 g6f5 f3f4 e5f4 g3f4
6k1/3R1p2/3N2p1/7p/7P/4K1P1/8/5r2 b - -,f1e1 e3f3 e1f1 f3g2 f1f6 d7d8 g8h7 d6e4 f6a6 e4g5
rnbqkb1r/pp3ppp/4pn2/2p5/Q2P4/2N1PN2/PP3PPP/R1B1KB1R b KQkq -,c8d7 a4b3 c5d4 e3d4 d7c6 f1b5 d8b6 a2a4 f8d6 c1e3
r5k1/1b2br2/ppq1ppQB/2pp4/5P2/1P2P3/P1PP2PP/R4RK1 b - -,c8d7 a4b3 c5d4 e3d4 d7c6 f1b5 d8b6 a2a4 f8d6 c1e3
8/2B5/p2P1k2/4p3/5p2/5Pp1/Pr5p/5K1R b - -,c8d7 a4b3 c5d4 e3d4 d7c6 f1b5 d8b6 a2a4 f8d6 c1e3
8/6pK/3k1p1p/6rP/5P2/8/R7/8 b - -,
r3kb1r/pp3Rp1/2b1p2p/3RN2q/8/8/P4PPP/2B1Q1K1 b kq -,c6d5 c1b2 f8b4 e1a1 h8f8 f7g7 b4d6 h2h3 h5f5 b2d4
1r3rk1/2pqb1pp/p1nppn2/1p2p1N1/3PP3/1QP4P/PP3PP1/RNB1R1K1 b - -,d6d5 b3d1 f6e4 g5e4 d5e4 b1d2 e5d4 d2e4 b8d8 c1g5
r1bqkb1r/pp2pp1p/2p3p1/2p1P3/4N3/2PP1Q1P/PP3PP1/R1B1K2R b KQkq -,b7b6 c1g5 d8c7 g5f4 c8e6 a2a4 c7b7 a4a5 f8g7 f3e3
r1bqk2r/pp1nbppp/2n1p3/2ppP3/5P2/1P3NPB/PBPP3P/RN1QK2R b KQkq -,b7b5 e1h1 e8h8 b1c3 d8b6 d2d3 a7a5 a2a4 b5b4 c3b5
6k1/3n1p2/p6p/1qp5/Q1R1P2B/5P2/Pr4PK/8 b - -,b2d2 a4b3 d7e5 b3b5 a6b5 c4c5 e5f3 h2h3 f3h4 h3h4
8/6K1/3k1p1p/7r/5P2/8/R7/8 b - -,
8/2B5/p2P1k2/4p3/5p2/5P2/Pr4pp/4K2R b - -,f6f5 a2a6 d6e7 a6h6 h5h6 g7h6 e7f7 h6g5 f7g7 g5f5
rnb2rk1/ppp2ppp/3b1n2/qN6/2BN4/8/PPP2PPP/R1BQR1K1 b - -,h7h6 c2c3 a5b6 b5d6 c7d6 c1e3 b6d8 c4b3 d6d5 f2f3
8/2R3p1/pr3k1p/5p2/1P6/5PPK/8/8 b - -,f6g6 f3f4 g6f6 h3h4 g7g6 h4h3 g6g5 f4g5 h6g5 c7c5
r5k1/5pp1/8/3Pp1P1/4N3/3K3p/p6r/3R4 b - -,h2g2 e4f2 h3h2 f2h3 a8a3 d3e4 a2a1r d1a1 a3a1 h3f4
8/5k2/p4p2/np2p2N/4P2P/6P1/4K3/8 b - -,a5c6 g3g4 c6d4 e2d2 d4f3 d2c3 a6a5 g4g5 f6g5 h4g5
r1b2rk1/p1q2p1p/4pnp1/2p1N3/2P3PP/4Q3/PPB2P2/2KR3R b - -,f6d5 c4d5 e6d5 d1d5 c8e6 d5c5 c7b6 h1d1 f8e8 h4h5
r1bqkbnr/ppp1pp2/2np3p/6p1/3P4/5N1P/PPP1PPPB/RN1QKB1R b KQkq -,f8g7 e2e3 c8d7 f1e2 e7e5 d4e5 d6e5 b1c3 g8e7 e2c4
8/2n5/1kPb4/8/2K5/8/8/8 b - -,d6e7 c4d3 e7c5 d3c4 c5g1 c4d3 b6b5 d3e4 g1c5 e4d3
r6k/1b2bQ2/ppq1pp1B/2pp4/5P2/1P2P3/P1PP2PP/R4RK1 b - -,b6a6 c4c3 a6b5 c3d3 b5b4 d3d4 d6c5 d4e4 b4c4 e4f3
r3b3/pp4kp/4p2Q/n2pP3/2pP2P1/2P2PK1/2q5/2B4R b - -,g7g8 h6e6 e8f7 e6d7 a8e8 c1h6 c2g6 h1h5 g8h8 h6g5
4rrk1/1pqb2bp/p1nppn2/2p2p2/P4P2/2NPBNPP/1PPQ2B1/R3R1K1 b - -,b7b6 g1h2 g8h8 d2f2 d6d5 e3d2 c6b4 a1c1 d5d4 c3e2
r2q1rk1/3bppb1/p2p1npB/1p2n2p/3NP1PP/1BN2P2/PPPQ4/2KR3R b - -,e5c4 b3c4 b5c4 g4h5 f6h5 h6g7 g8g7 d4f5 d7f5 e4f5
8/p7/8/1p3k1p/5P1P/4K3/P7/8 b - -,a7a6 e3d4 f5f4 d4c5 f4g4 c5b6 g4h4 b6c6 h4g3 a2a3
1Q6/p1kP1pp1/8/7p/8/2Pb4/PPq3p1/R5K1 b - -,c7d7 b8a7 d7e6 a7a8 g7g5 a8g2 c2g2 g1g2 f7f5 a2a4
8/8/2K5/8/1Q2k3/8/8/6q1 b - -,
3k4/8/3p1P2/qp5p/1p1P3P/1Pp1N3/P1P5/1K3RNR b - -,a5a8 f6f7 d8e7 g1e2 a8d8 f7f8q d8f8 f1f8 e7f8 h1f1
r3b1k1/pp5p/4Q3/n2pP3/2pP2P1/2P2PK1/2q5/2B4R b - -,e8f7 e6d7 a8e8 c1h6 c2g6 h1h5 g8h8 h6g5 h8g8 g5h6
8/8/p7/1p3k1p/5P1P/5K2/P7/8 b - -,e8f7 e6d7 a8e8 c1h6 c2g6 h1h5 g8h8 h6g5 h8g8 g5h6
1k1Q4/p4pp1/8/7p/8/2Pb4/PPq3p1/R5K1 b - -,b8b7 d8d7 b7b6 d7d6 b6b7 a1e1 d3e4 d6b4 b7c6 b4c4
8/8/6N1/6n1/1k6/2B4p/5K2/8 b - -,
r5k1/p3qpp1/2r3bp/2P5/4N3/5P1P/P1Q3P1/2RR2K1 b - -,a8c8 d1d5 c6e6 c2d3 g6e4 f3e4 e6e4 c5c6 e4e1 c1e1
r1b1r1k1/1pqnb2p/p2pp1p1/3N2PB/3QP3/4B3/PPP4P/R4RK1 b - -,c7d8 d5e7 d8e7 h5e2 d7e5 a1d1 c8d7 c2c4 e5f7 f1f6
rnbqkbnr/ppp3pp/4p3/3p4/8/2pB1N2/PPQ2PPP/RNB1K2R b KQkq -,c3b2 c1b2 g8f6 f3g5 f8b4 b1d2 d8e7 e1h1 b8c6 a2a3
8/5k2/p4p2/1p2p2N/2n1P2P/3K2P1/8/8 b - -,a6a5 g3g4 a5a4 d3c3 a4a3 c3b3 b5b4 h5g3 c4e3 b3a2
1B6/8/8/7p/6r1/6P1/5K1k/8 b - -,g4g8 b8d6 g8d8 d6e7 d8d7 e7h4 d7g7 f2f3 h2g1 h4d8
rn1qkbnr/pp2p1p1/2pp1p2/7p/3P1BbP/3BPN2/PPP2PP1/RN1QK2R b KQkq -,d8d7 d3g6 e8d8 f4h2 e7e5 c2c3 d7e6 b1d2 b8d7 g6d3
r1bqk2r/p2nbppp/2n1p3/1pppPP2/8/1P3NPB/PBPP3P/RN1QK2R b KQkq -,e6f5 h3f5 e8h8 e1h1 d5d4 d1e2 d8c7 b1a3 a7a6 a1e1
6k1/8/pr3p2/6p1/1P1R2Pp/5P2/6K1/8 b - -,g8f8 d4e4 f8f7 g2h2 b6d6 e4e2 f7g6 e2a2 d6b6 a2a5
8/2n5/2kb4/8/3K4/8/8/8 b - -,d6c5 d4e4 c7b5 e4f3 c6d5 f3e2 d5e4 e2e1 e4e3 e1f1
r1bq1rk1/ppp2ppp/2np1n2/1Bb1p3/4P3/2NP1N1P/PPPB1PP1/R2QK2R b KQ -,c6e7 e1h1 c7c6 b5c4 e7g6 c4b3 a7a5 d2e3 c5e3 f2e3
rn1qkbnr/pp2p1p1/2pp1p2/7p/2PP1BbP/4PN2/PP3PP1/RN1QKB1R b KQkq -,e7e5 d4e5 d6e5 d1d8 e8d8 f4h2 b8d7 b1c3 a7a5 f3d2
8/2R3p1/pr4kp/5p2/1P3P2/6PK/8/8 b - -,g6f6 h3h4 g7g6 h4h3 g6g5 f4g5 h6g5 c7c5 b6e6 c5a5
r5k1/pp1Q1b1p/8/n2pP3/2pP2P1/2P2PK1/2q5/2B4R b - -,a5b3 c1h6 c2g6 d7b7 a8e8 h1h5 g8h8 b7a7 f7g8 h6g5
r2q1rk1/3bppB1/3p1np1/pp2n2p/3NP1PP/1BN2P2/PPPQ4/2KR3R b - -,f6g4 g7f8 a5a4 b3d5 b5b4 c3b1 d8f8 f3g4 d7g4 d5a8
1R6/6pk/p4p1p/P2r3P/8/3p2P1/1P3P2/4K3 b - -,d3d2 e1d1 d5a5 b8b6 a5h5 d1d2 h5a5 b2b4 a5a4 d2e2
8/8/8/p4k1p/1p1K1P1P/8/P7/8 b - -,d3d2 e1d1 d5a5 b8b6 a5h5 d1d2 h5a5 b2b4 a5a4 d2e2
8/pk1Q1pp1/8/7p/8/2Pb4/PPq3p1/R5K1 b - -,b7b6 d7d6 b6b7 a1e1 d3e4 d6b4 b7c6 b4c4 c6b6 c4e4
6rk/1b2bQ2/ppq1pp1B/2pp4/5P2/1P2PR2/P1PP2PP/R5K1 b - -,b7b6 d7d6 b6b7 a1e1 d3e4 d6b4 b7c6 b4c4 c6b6 c4e4
8/6pk/p2R1p2/1r5p/1P6/6P1/5P2/5K2 b - -,h5h4 f1g2 h4g3 f2f3 a6a5 b4a5 b5a5 g2g3 h7h6 d6d4
r3k2r/pp1nb1pp/2p1bp2/1PPp4/1P3P2/2N2N2/5PPP/R3KB1R b KQkq -,f6f5 c3e2 a7a5 b5a6 a8a6 a1a6 b7a6 e2d4 e8f7 f1a6
r1b1k2r/1p1p1ppp/p3pn2/2b1q3/3N4/2NBB3/PPP3PP/R2Q1R1K b kq -,h8f8 f1f6 g7f6 d1g1 b7b6 a1e1 c8b7 e3f2 e5f4 d3e4
r1bqk2r/p1p2ppp/1pnp1n2/2b1p1B1/2B1P3/3P1N1P/PPPN1PP1/R2QK2R b KQkq -,c6a5 c4b3 a5b3 a2b3 b6b5 c2c3 h7h6 g5h4 g7g5 h4g3
rn2kbnr/pp2p1p1/2pp1p2/q6p/2PP1BbP/2N1PN2/PP3PP1/R2QKB1R b KQkq -,e7e5 d1b3 a5b6 f4h2 b6b3 a2b3 b8a6 a1a4 c6c5 f1d3
8/8/8/p1K4p/1p3k1P/8/P7/8 b - -,e7e5 d1b3 a5b6 f4h2 b6b3 a2b3 b8a6 a1a4 c6c5 f1d3
8/2p5/p2k3p/1p3Kp1/2PP1p2/1P3P2/P6P/8 b - -,c7c6 h2h3 d6d7 f5g6 d7e6 g6h6 b5c4 b3c4 e6f6 h6h5
8/8/3B4/7p/6r1/6P1/5K1k/8 b - -,g4g6 d6e7 g6g7 e7h4 g7f7 f2e3 h2g2 e3d4 f7f3 d4c5
r1bqk2r/p2nbppp/2n5/1pppPB2/8/1P3NP1/PBPP3P/RN1QK2R b KQkq -,e8h8 e1h1 d5d4 d1e2 d8c7 e5e6 f7e6 f5e6 g8h8 d2d3
2r3k1/p3qpp1/2r3bp/2P5/Q3N3/5P1P/P5P1/2RR2K1 b - -,
4r3/p1p3pp/5nk1/2b5/8/2Np1qP1/PP1P1P1P/R1B2QKR b - -,g6e4 a4e4 e7e4 f3e4 c6c5 c1c5 c8c5 d1d8 g8h7 d8d7
8/p4pp1/1k1Q4/7p/8/2Pb4/PPq3p1/R5K1 b - -,b6b7 a1e1 d3e2 d6e7 b7b6 e7e2 c2e2 e1e2 a7a5 e2g2
r2q1rk1/pp2ppbp/4Nnp1/8/2p3PP/2N1BP2/PPPQ4/2KR3R b - -,d8c8 e6g7 f8d8 d2d8 c8d8 d1d8 a8d8 e3h6 g8h8 a2a4
1RR5/5ppk/1p2n2p/q3p3/3pN3/3P1PP1/1P2P1KP/8 b - -,a5b4 h2h4 h7g6 b8b7 b4e1 b2b4 e1e2 e4f2 g6f6 b7b6
2r2knr/p2qb1p1/2n1p1B1/1p1p4/1PpP4/P3B3/1N1Q1PPP/R4RK1 b - -,e6e5 a3a4 d7g4 a4b5 c6d4 e3d4 e5d4 a1a6 g8f6 g6b1
8/2R3p1/pr3k1p/5p2/1P3P1K/6P1/8/8 b - -,f6g6 c7a7 g6h7 h4h3 h7g8 h3h4 g7g6 a7c7 b6b4 c7c6
6k1/3R4/6p1/1r5p/4KPP1/7P/8/8 b - -,h5g4 h3g4 b5a5 d7b7 g8f8 e4d4 f8g8 b7c7 g8f8 c7c5
r5k1/p4ppp/2p1p3/2BpPn2/P2P4/3b1N2/1q3PPP/3QR1K1 b - -,d3e4 f3g5 b2c3 g5e4 d5e4 e1e4 a8d8 d1b1 h7h5 h2h3
r1b5/pp3ppN/1k6/2p1Q3/1p1r4/8/PP3PPP/2R2RK1 b - -,b6a6 e5c5 d4g4 c5d6 b7b6 d6d3 a6a5 d3d5 a5a6 f2f3
8/p4pp1/3Q4/1k5p/P7/2Pb4/1Pq3p1/R5K1 b - -,b6a6 e5c5 d4g4 c5d6 b7b6 d6d3 a6a5 d3d5 a5a6 f2f3
R7/6pk/p4p1p/r6P/8/3p2P1/1P3P2/4K3 b - -,a5h5 a8a6 h5e5 e1d2 e5e2 d2d3 e2f2 b2b4 f6f5 b4b5
8/8/6N1/6n1/8/2k3Kp/8/8 b - -,
6r1/1BB4r/p2P1k2/4p3/1P3p2/5Pp1/P5Kp/7R b - -,g8e8 b7e4 h7d7 a2a4 f6e6 h1d1 e8c8 e4d5 e6f6 b4b5
8/7P/3k4/6K1/Np1n4/2p5/6P1/8 b - -,c3c2 h7h8q c2c1q g5g4 c1d1 g4g3 d1e1 g3h2 d4f3 g2f3
1r1q1r2/3b1p1p/3p3k/pp1P2pP/4P3/3B4/PP1B1Q1P/5RK1 b - -,
R7/p5k1/5pp1/2p2b2/Pp1p4/3P2P1/1PPb1PBP/6K1 b - -,a7a5 a8a5 b4b3 a5c5 g7f8 c2b3 f5d3 c5d5 d3f5 d5d4
rnbqk2r/pp1p1pbp/4pnp1/2p5/2BP1B2/2P1PN2/PP3PPP/RN1QK2R b KQkq -,d7d5 c4e2 e8h8 b1d2 d8e7 h2h4 b8c6 f3e5 f6d7 e5d7
r1b1k2r/ppp2pp1/2p5/2b4p/3qP3/2NP3P/PPP1BRP1/R1BQ2K1 b kq -,d4f2 g1h1 c8g4 c1d2 c5d4 d1f1 f2f1 e2f1 e8a8 a1b1
7k/7p/5K1P/8/7P/8/8/6B1 b - -,h8g8 f6e7 g8h8 g1d4 h8g8 d4f2 g8h8 f2g3 h8g8 g3f4
6rk/1b2bQ2/ppq1pp1B/2p5/3p1P2/1P2P2R/P1PP2PP/R5K1 b - -,h8g8 f6e7 g8h8 g1d4 h8g8 d4f2 g8h8 f2g3 h8g8 g3f4
r1q2rk1/1b4pp/4pb2/p1p1Np2/1nP1p3/PP4P1/1B2PPBP/1Q1R1RK1 b - -,b4c6 e5d7 c6d4 b2d4 c5d4 d7f6 g7f6 d1d4 c8c5 b1b2
8/KQr5/P5P1/pP5P/1q2P3/8/1p1R1R2/1kr5 b - -,c7b7 a6b7 a5a4 d2b2 b4b2 f2b2 b1b2 g6g7 a4a3 g7g8q
2r1nrk1/p3qp1p/1p4pQ/nP1p4/8/P2B3P/1BP2PP1/3R2K1 b - -,f7f6 b2a1 f8f7 h3h4 e8g7 g2g4 e7d7 h6f4 a5c4 h4h5
r2qnr2/3bppk1/3p2p1/pp2n1Pp/3NPP1P/1BN5/PPPQ4/2KR3R b - -,e5c6 d4b5 d7g4 d1f1 d8b6 a2a4 e8c7 b5c7 b6c7 f4f5
1r2r3/2p2p1k/3p2pp/1p1Pp3/p3Pn2/2P1NPKP/PP4P1/3RR3 b - -,e8f8 e3c2 f4h5 g3f2 f7f5 c2b4 f5e4 e1e4 h5f6 e4e1
r1b1r1k1/1pqnb2p/p2p2p1/3Q2PB/4P3/4B3/PPP4P/R4RK1 b - -,g8h8 d5f7 d7e5 f7e8 h8g7 e3d4 c8e6 e8a8 g6h5 a8e8
8/1BB3rr/p2P1k2/4p3/1P3p2/5Pp1/P5Kp/2R5 b - -,g7g8 a2a4 f6e6 b7a6 g8h8 c1h1 e5e4 f3e4 h8a8 a6c4
8/8/8/6b1/2k5/8/1Bp1K3/8 b - -,g7g8 a2a4 f6e6 b7a6 g8h8 c1h1 e5e4 f3e4 h8a8 a6c4
r2q1rk1/1p4pp/2n1Rn2/p1bp4/P7/2PB1N2/5PPP/R1BQ2K1 b - -,f8e8 e6e8 d8e8 c1f4 f6e4 f4g3 h7h6 d1b3 e8f7 b3b5
6k1/3n1p2/p6p/1qp5/2R1P2B/1Q3P2/P2r2PK/8 b - -,d7e5 b3b5 a6b5 c4c5 e5f3 h2h3 f3h4 h3h4 b5b4 c5c8
6k1/3R4/6p1/7P/4KP2/1r5P/8/8 b - -,g6h5 d7d3 b3b1 e4f5 g8g7 d3d7 g7h6 d7d6 h6g7 f5g5
rn1qkb1r/1bpp2pp/1p2pn2/p4p2/2PP4/2NBPN2/PPQ2PPP/R1B1K2R b KQkq -,f8b4 e1h1 e8h8 f3d2 d8e7 b2b3 d7d5 a2a3 b4c3 c2c3
r3k2r/pp1q1pp1/2nbp1p1/3Q2B1/3P4/2P3P1/PP1N1PP1/R3R1K1 b kq -,d6c7 d5e4 e8h8 a2a4 f8e8 a1d1 c6e7 g5e7 e8e7 e4b7
8/R5p1/pr4kp/5p2/1P3P1K/6P1/8/8 b - -,g6h7 h4h3 h7g8 h3h4 g7g6 a7c7 b6b4 c7c6 g8f7 c6a6
6k1/1Qp4p/5n1B/RP2pP2/8/3P4/1PP2PPK/5R2 b - -,g6h7 h4h3 h7g8 h3h4 g7g6 a7c7 b6b4 c7c6 g8f7 c6a6
7r/1BB3r1/p2P1k2/4p3/PP3p2/5Pp1/6Kp/2R5 b - -,g7g8 c1d1 f6e6 d6d7 h2h1q d1h1 e6d7 c7e5 h8h1 g2h1
2r5/p3qppk/2r3bp/2P5/Q3N3/5P1P/P5P1/2R1R1K1 b - -,
1RR5/5ppk/1p2n2p/4p3/3p3P/3P1PP1/1P2qNK1/8 b - -,e6c5 h4h5 g7g5 h5g6 h7g6 b8b6 c5e6 c8e8 g6f6 b2b4
2k1rb1r/1b5p/p1qpN3/2p2PQ1/8/2N2P2/PPP3PP/4RRK1 b - -,h7h6 g5g6 c8b8 f5f6 e8c8 f6f7 d6d5 g6f6 f8d6 e1d1
r2qk1nr/pppbppb1/2np3p/6p1/2PP4/4PN1P/PP3PPB/RN1QKB1R b KQkq -,e7e5 b1c3 e5d4 e3d4 g8e7 d4d5 c6b4 a2a3 b4a6 a1c1
r4rk1/1pq3pp/2n1Rn2/p1bp4/P7/2PB1N2/R4PPP/2BQ2K1 b - -,a8e8 e6e8 f8e8 g2g3 c7f7 g1g2 h7h6 h2h3 e8e7 a2e2
7r/1BB4r/p2P1k2/4p3/PP3p2/5Pp1/6Kp/7R b - -,e5e4 b7e4 h7g7 h1d1 h8h5 d1e1 h2h1q e1h1
6k1/3R4/8/7p/4KP1P/1r6/8/8 b - -,
rn2kbnr/ppp1pppp/8/3qN3/2BP4/8/PP3PPP/R1BQK2R b KQkq -,d5a5 c1d2 a5b6 c4f7 e8d8 f7b3 d8e8 e5f7 g8h6 f7h8
6k1/5ppp/p7/1P1p1b2/P2r4/8/1P3KPP/RN6 b - -,a6a5 b1c3 g8f8 f2e3 d4b4 c3d5 b4e4 e3f2 e4d4 d5c7
1r2qrk1/pBp2p1n/1p2p1pQ/4P2n/2P5/2N3PP/PP2NP2/3R1RK1 b - -,b8b7 g3g4 h5g7 c3e4 e8c8 e2d4 c7c6 e4d6 c8a8 d6b7
r2q1rkb/4p2p/3pb1p1/4n1P1/p3P3/1P2QP1B/PBP5/1K1R2NR b - -,e6h3 h1h3 a4b3 c2b3 d8a5 a2a3 e5g4 e3d2 h8b2 d2b2
3r2k1/p4ppp/4p3/4n3/Q1P1B3/7P/p4PP1/6K1 b - -,d8c8 a4a2 c8c4 a2a5 c4c1 g1h2 e5g6 a5d8 g6f8 e4h7
8/8/8/7p/5Br1/6P1/5K1k/8 b - -,h2h1 f2f3 g4g8 f4h6 h1h2 h6f4 h2h3 f4d6 g8g6 d6c7
6k1/1Qp4p/5n1B/RP2pP1q/8/3P4/1PP2PPP/5RK1 b - -,h5h4 f2f3 h4h3 f3f2 h2h1 f2f1 g4g7 f4d6 g7f7 d6f4
2b1q2k/2Q3p1/pp3n1p/3p4/4r3/BPp1PR2/P1P3PP/5R1K b - -,h8g8 c7c3 d5d4 e3d4 c8b7 h1g1 e8d7 c3c4 g8h8 f3f4
3R4/8/8/8/7p/5Q2/3r4/1K1kq3 b - -,
r2qnr2/3bppk1/3p2p1/p4PPp/2pNP2P/2N5/PPPQ4/2KR3R b - -,e8c7 h1f1 a8b8 d2e3 g7g8 e4e5 d8e8 e3f4 b8b6 e5d6
1K6/8/2k1n3/2b5/8/8/8/8 b - -,e8c7 h1f1 a8b8 d2e3 g7g8 e4e5 d8e8 e3f4 b8b6 e5d6
rnbqkbnr/pp3p1p/2p1p3/3PB1p1/3P4/8/PP2PPPP/RN1QKBNR b KQkq -,f7f6 e5b8 a8b8 d5e6 c8e6 b1c3 f6f5 e2e3 f8d6 h2h4
rnbqkb1r/5ppp/1p2pn2/p1Pp4/1P6/2P1PN2/PB3PPP/RN1QKB1R b KQkq -,b6c5 b4c5 f8c5 f1b5 b8d7 c3c4 e8h8 e1h1 d5c4 b1d2
R7/6pk/p4p1p/7P/1P6/3p2P1/r4P2/4K3 b - -,a2e2 e1f1 e2b2 f1e1 b2b4 a8a6 b4b5 a6d6 b5h5 d6d3
3R4/8/2Q5/8/7p/8/3rq3/1K1k4 b - -,
6k1/5p2/p6p/1Qp1n3/2R1P2B/5P2/P2r2PK/8 b - -,
6k1/3R1p2/3N2p1/7p/7P/5KP1/8/4r3 b - -,e1a1 f3f2 a1a6 f2e3 f7f6 d6e4 g6g5 h4g5 f6g5 e4g5
4r3/p1p3pp/6k1/2b5/6n1/2NQ1qP1/PP1P1P1P/R1B3KR b - -,e1a1 f3f2 a1a6 f2e3 f7f6 d6e4 g6g5 h4g5 f6g5 e4g5
r2q1rk1/p3ppbp/bp1p1np1/2nP4/1P2PPP1/2N1BN1P/P1B5/R2QK2R b KQ -,f6e8 d1d2 c5d7 f3d4 a8c8 c2b3 g7d4 d2d4 e8c7 g4g5
r3k2r/pp1q1ppp/2nbp3/3p2B1/3P2b1/1QPB2P1/PP1N2PP/R4RK1 b kq -,g4h5 a1e1 e8h8 d2f3 a8e8 f3h4 h5g6 h4g6 h7g6 a2a4
8/8/8/6b1/8/1k6/2p1K3/2B5 b - -,g4h5 a1e1 e8h8 d2f3 a8e8 f3h4 h5g6 h4g6 h7g6 a2a4
4rr1k/pp1b2p1/8/2p5/2PpBN1P/PP4P1/2QK4/R6R b - -,f8f4 g3f4 e8g8 a1e1 g7g6 h4h5 h8g7 h5g6 g7f6 g6g7
6k1/5p2/7p/1pR1n3/4P2B/5P2/P2r2PK/8 b - -,
8/1p6/5kp1/p7/5PKP/P7/8/8 b - -,b7b5 g4f3 b5b4 a3b4 a5b4 f3e2 f6f5 e2e3 b4b3 e3d2
4r1k1/1pq3pp/2n2n2/p1bp4/P7/2PB1N2/4RPPP/2BQ2K1 b - -,h7h6 d3f5 c7f7 d1d3 e8e2 d3e2 g8f8 g2g3 f7e8 e2d1
2r5/p3qppk/2r4p/2P5/Q3R3/5P1P/P5P1/2R3K1 b - -,e7c7 e4c4 c8d8 a4c2 g7g6 c2e4 h6h5 g1h1 d8d2 c4c2
r3b1k1/pp3qpp/r1n1p3/P2pP2p/2pP1NP1/2P2P1Q/2P2K2/R1B4R b - -,a8b8 f4h5 f7g6 f2g3 h7h6 c1h6 g7h6 h5f4 g6g7 f4e6
1RR5/5ppk/1p2n2p/4p3/3pN2P/3P1PP1/1P2P1K1/4q3 b - -,h6h5 c8h8 h7g6 b8b6 e1e2 e4f2 e2d2 b2b4 d2b2 h8c8
6k1/3R4/8/5P1p/7r/3K4/8/8 b - -,h4f4 f5f6 f4f6 d7d5 f6h6 d3e3 h5h4 e3f2 h4h3 f2g1
8/6pk/3R1p1p/7P/1r6/3p2P1/5P2/4K3 b - -,b4b5 d6d3 b5h5 e1f1 h5e5 f1g2 e5e6 d3d5 h7g6 g2f3
4N1k1/p4pp1/2p4p/4q3/8/7P/P5P1/4QK2 b - -,
8/R5pk/pr5p/5p1K/1P3P2/6P1/8/8 b - -,b6b4 h5h4 b4b1 h4h3 b1h1 h3g2 h1a1 a7a8 a6a5 a8a6
7r/2B4r/3Pk3/1P6/4Bp2/5Pp1/6Kp/7R b - -,h7h3 e4c6 h3h5 d6d7 h5e5 c7e5 e6e5 h1d1 e5f5 c6e4
6k1/5ppp/8/pP1p1b2/P2r4/2N5/1P3KPP/R7 b - -,f5e6 b5b6 d4b4 c3b5 e6c8 a1e1 g8f8 e1c1 b4b2 f2f3
8/8/8/7p/5Br1/5KP1/8/7k b - -,h1h2 f4b8 g4g8 b8d6 g8d8 d6f4 h2h3 f3f2 d8f8 f2f3
4r3/p1p3pp/6k1/2b5/6n1/2Nq2P1/PP1P1PKP/R1B4R b - -,g4g7 f4e5 g7g8 e5f4 h1g1 f4e3 g1h2 e3f4 h2h3 f4d6
6k1/3R4/5P2/7p/5r2/3K4/8/8 b - -,
6k1/3R1p2/3N2p1/7p/7P/6P1/6K1/5r2 b - -,f1b1 d7f7 b1e1 f7d7 e1e5 d6f7 e5e6 f7g5 e6f6 g5e4
8/6p1/pr3pkp/8/1P1R4/5PP1/4K3/8 b - -,g6f7 d4d7 f7g6 d7d4 g6f5 d4d5 f5e6 d5a5 f6f5 e2f2
2k1rb1r/1b5p/pq1pNQ2/2p2P2/8/2N2P2/PPP3PP/4RRK1 b - -,h8g8 f6f7 f8h6 e6g7 h6g7 e1e8 g8e8 f7e8 b6d8 e8d8
3R4/8/8/8/7p/2Q5/3rq3/1K2k3 b - -,h8g8 f6f7 f8h6 e6g7 h6g7 e1e8 g8e8 f7e8 b6d8 e8d8
r4rk1/1p1q1ppp/1b4n1/pP3bN1/1nBPNB2/1Q6/5PPP/R3R1K1 b - -,g6f4 b3f3 f4d5 e4c5 b6c5 d4c5 h7h6 g5e4 f5e4 f3e4
8/6pk/5p1p/3R3P/8/1r1p2P1/5P2/4K3 b - -,
7k/pp1b2p1/8/2p5/2P2Q1P/PP4P1/3K4/R6R b - -,b3b2 g3g4 h7g8 f2f3 b2e2 e1f1 e2d2 f1e1 d2h2
6k1/8/5r2/7p/3R4/3K4/8/8 b - -,
1r6/p5kp/4Qpn1/3p2nR/1p1P1q1N/2PB4/PP3PP1/6K1 b - -,f4c1 g1h2 g5e6 h4f5 g7g8 f5e3 e6f4 d3g6 f4h5 g6h5
r1bqk1nr/p2nppb1/2pp2p1/1p4Pp/3PPP1P/2N1B3/PPPQ4/R3KBNR b KQkq -,c8b7 f4f5 b5b4 c3e2 c6c5 e2g3 d8a5 g1f3 c5d4 e3d4
4r3/p1q1n1kp/3QRppb/2p2b2/Pp1p4/3P2P1/1PPN1PBP/4R1K1 b - -,g7f8 e6f6 f8g7 d6c7 g7f6 c7e5 f6f7 g2d5 e7d5 e5e8
8/5p1p/8/7k/5p1P/5PP1/6K1/8 b - -,h5g6 g3g4 g6f6 g2f1 f6e5 f1e2 e5d4 e2d2 f7f6 g4g5
6k1/5p2/7p/1pR5/4P2B/5n1K/P2r2P1/8 b - -,
rnbq1rk1/pp2ppbp/3p1np1/2p5/4P3/2N2N2/PPPPBPPP/R1BQR1K1 b - -,b8c6 d2d4 c6d4 f3d4 c5d4 d1d4 c8e6 d4b4 d8c7 a2a4
7k/pp4p1/8/2p5/2P3QP/PP4P1/3K4/R6R b - -,e7e5 e2c4 h7h6 d2d3 b8c6 a2a4 g8h7 h2h3 a8b8 c1d2
r1q2rk1/1b1N2pp/2n1pb2/p1p2p2/2P1p3/PP4P1/1B2PPBP/1Q1R1RK1 b - -,c8c7 b2f6 g7f6 d7f8 a8f8 b1b2 f8f7 b2d2 g8g7 f1e1
4r3/p1p3pp/6k1/8/6n1/P1Nq2P1/1P1P1bKP/R1B4R b - -,c8c7 b2f6 g7f6 d7f8 a8f8 b1b2 f8f7 b2d2 g8g7 f1e1
2r5/p4ppk/2r4p/2P3q1/Q7/5P1P/P5P1/2R1R1K1 b - -,c6g6 c1c2 c8c5 c2e2 c5c1 e1c1 g5c1 g1h2 c1c7 f3f4
r1bqk1nr/p2nppb1/2pp2p1/1p4Pp/3PP2P/2N1BP2/PPPQ4/2KR1BNR b kq -,b5b4 c3e2 a8b8 f3f4 d7b6 e2g3 d6d5 g1f3 d5e4 f3e5
6k1/5p2/7p/1pR5/4P2K/8/P2r2P1/8 b - -,
r4rk1/pp1n2p1/2p4p/3p4/3Pp3/2P3P1/PPB3PP/R4RK1 b - -,a7a5 a2a4 f8f1 a1f1 a8f8 f1f4 d7f6 c2d1 g8f7 g3g4
rnbqk2r/1p3ppp/p7/3np3/1b6/PNN2P2/1PP3PP/R1BQKB1R b KQkq -,c8f5 a3b4 d5b4 d1d8 e8d8 e1f2 b4c2 a1a5 b8c6 a5c5
8/1K1k4/7R/1P1P4/8/8/8/r7 b - -,a1a3 b5b6 a3e3 d5d6 e3a3 h6h4 d7d6 h4h6 d6c5 b7c7
r1bqrb2/3nnk1p/pp4p1/2pp4/3PP1P1/P1NB1P2/1PQB3P/2KR3R b - -,c5d4 e4d5 d7e5 d3e4 d8d6 c3a4 e7d5 d2c3 d5c3 a4c3
R5k1/1Qp4p/5n1q/1P2pP2/8/3P4/1PP2PPP/5RK1 b - -,b6b5 e4d5 c8b7 d4c5 d7c5 d3e4 c5e4 f3e4 f7g8 h2h4
rnbqk2r/pppp1ppp/8/2b5/PP1pP1n1/2N2N2/2P2PPP/R1BQKB1R b KQkq -,
5r1k/pp4p1/3b3n/2p5/2PpQPPP/PP6/3BN3/2K1R2b b - -,h1e4 e2d4 f8e8 d4b5 d6b8 e1g1 e4f3 g4g5 h6f5 h4h5
8/6r1/3B4/7p/8/5KP1/8/7k b - -,g7g8 d6f4 h1g1 f4d6 g8g7 d6f4 g1f1 f4e5 g7f7 f3e4
rn1qrb2/5p1k/p1bp1Ppp/1p1Np3/4P3/1N1B2R1/PPP1Q1PP/5R1K b - -,c6b7 h2h4 b8d7 h4h5 g6g5 c2c3 h7h8 d3c2 d7c5 g3f3
5r2/p1p3pp/6k1/8/6n1/P2q2P1/1P1PNbKP/R1B4R b - -,c6b7 h2h4 b8d7 h4h5 g6g5 c2c3 h7h8 d3c2 d7c5 g3f3
2b1q2k/6p1/pQ3n1p/3p4/7r/BPp1PR2/P1P3PP/5R1K b - -,f6g8 b6c7 h4g4 f3f8 e8e4 f8g8 h8g8 c7c8 g8h7 c8f5
6k1/5p2/7p/1R6/1p2P2K/8/P2r2P1/8 b - -,
3R2k1/5p2/3N1rp1/7p/7P/6P1/6K1/8 b - -,g8g7 d6e8 g7f8 e8f6 f8e7 d8d7 e7f6 g2f3 f6e6 d7a7
7r/2B5/2BPk3/1P5r/5p2/5Pp1/6Kp/7R b - -,h5e5 g2f1 e5c5 c6d5 c5d5 c7b6 d5d1 f1e2 d1h1 e2d3
1RR5/5ppk/1p2n2p/q3p3/2Np4/3P1PP1/1P2P1KP/8 b - -,a5b4 c4e5 g7g5 c8h8 h7g7 e5g4 f7f5 b8g8 g7f7 g4e5
6k1/8/7r/7p/R7/3K4/8/8 b - -,
r1bqk1nr/1ppp2pp/p1n2p2/2b1p3/2P5/PP2P3/1BQP1PPP/RN2KBNR b KQkq -,d7d5 g1f3 g8e7 b3b4 c5a7 c4d5 d8d5 b1c3 d5f7 f1e2
R7/2Q3kp/5n1q/1P2pP2/8/3P4/1PP2PPP/5RK1 b - -,d7d5 g1f3 g8e7 b3b4 c5a7 c4d5 d8d5 b1c3 d5f7 f1e2
1q1R3k/1Pr3p1/7p/5b2/8/8/1Q3PPP/4R2K b - -,b8d8 b7b8q d8b8 b2b8 c7c8 e1e8 c8e8 b8e8 h8h7 h2h4
8/8/8/8/7p/8/3R4/1K3k2 b - -,
7Q/8/3k4/6K1/Np1n4/8/2p3P1/8 b - -,
6k1/8/7r/8/7p/3K4/8/R7 b - -,
5r2/p1p3pp/6k1/8/6n1/PP4P1/3PqbKP/R1B4R b - -,h4h3 d3e3 h3h2 a1h1 g8f7 e3f3 f7g6 f3g3 g6f5 h1h2
r2q1rk1/pp2ppbp/4Nnp1/3p4/2n3PP/2N1BP2/PPPQ4/2KR1B1R b - -,a8c8 f1c4 f7e6 c4b3 d8d6 c3b5 d6a6 d2e2 f6d7 c1b1
r3b1k1/pp3qpp/4p3/n2pP2P/2pP1N2/2P2P1Q/2P2K2/2B4R b - -,e8d7 h5h6 g7g6 f4g6 a5c6 g6h4 c6e7 h3g2 g8h8 c1g5
2r5/p4ppk/7p/2R3q1/Q7/5P1P/P5P1/4R1K1 b - -,
r1bq1rk1/p2nppbp/1p1p1np1/3P4/4PPP1/2N1BN1P/PP2B3/R2QK2R b KQ -,h7h6 g4g5 h6g5 f3g5 b6b5 a2a3 a8b8 h3h4 b5b4 a3b4
6k1/5p2/7p/8/1R2P2K/8/r5P1/8 b - -,
8/5r2/8/7p/5B2/5KP1/8/7k b - -,f7g7 f4e5 g7g6 e5f4 g6g4 f4b8 h1g1 b8a7 g1f1 a7b6
3R4/5p1k/5rp1/7p/4N2P/6P1/6K1/8 b - -,f6c6 d8d7 c6c2 g2f3 h7g8 e4d6 c2c1 f3f2 f7f5 f2f3
8/5kp1/5p1p/3R3P/8/1r1pK1P1/5P2/8 b - -,
6k1/8/7r/8/8/3K3p/8/1R6 b - -,
3r3k/p3bp1p/4rp1q/5R2/8/P1B5/KP4QP/6R1 b - -,e6e5 c3e5 f6e5 f5h5 h6e6 a2b1 e6g6 g2g6 f7g6 g1g6
r6r/p4p1p/1pP1bk2/3p2p1/6P1/4P3/PP1KBP2/2R4R b - -,f6e7 f2f4 f7f5 g4f5 e6f5 f4g5 h8g8 h1h5 f5g6 h5h4
rnbqk2r/1p3ppp/p7/3np3/8/PNP2P2/2P3PP/R1BQKB1R b KQkq -,c8f5 c3c4 d5e7 d1d8 e8d8 f1d3 b8d7 a3a4 a8c8 e1h1
4qrk1/prp2p1n/1p2p1pQ/4P2n/2P3P1/2N4P/PP2NP2/3R1RK1 b - -,h5g7 c3e4 e8c8 e2d4 c7c6 e4d6 c8b8 d6b7 b8b7 d4f3
6k1/5ppp/p7/1P1p1b2/P2P4/1r6/1P3KPP/RN6 b - -,a6a5 b1c3 b3b2 f2e3 b2b3 a1c1 g7g5 e3d2 g8f8 c3d5
r1q2rk1/1b4pp/4pN2/p1p2p2/2Pnp3/PP4P1/1B2PPBP/1Q1R1RK1 b - -,f8f6 e2e3 e6e5 e3d4 c5d4 b2d4 e5d4 d1d4 c8c5 b1b2
6k1/8/7r/8/8/3K4/7p/7R b - -,
8/6p1/4kp1p/7P/8/1r1RK1P1/5P2/8 b - -,
4r1k1/1pq2rpp/pN1p1n2/P2Pp3/2P2p1P/1Q6/1P2RPP1/1K2R3 b - -,h7h5 b3f3 f7f8 f3c3 e5e4 f2f3 e4e3 g2g3 f4g3 e1g1
r2qr1k1/2pb1pbp/p1n2np1/1p2p3/4P3/1NP2N1P/PPB2PP1/R1BQR1K1 b - -,d8e7 c1e3 e8d8 d1c1 d7e8 b3c5 f6d7 b2b4 a6a5 c5d7
1nq2rk1/3b1pb1/2pPp1pp/p2n4/3P1PPP/P1PB2BN/3QN3/1R4K1 b - -,c6c5 c3c4 d5f6 h3f2 c8c6 h4h5 c6f3 h5g6 f7g6 f4f5
R7/3Q2kp/7q/1P2pP2/8/3P4/1PP2PPP/5RK1 b - -,c6c5 c3c4 d5f6 h3f2 c8c6 h4h5 c6f3 h5g6 f7g6 f4f5
6k1/p1R3pp/8/4Nb2/8/1P2pPP1/r7/4K3 b - -,h7h5 g3g4 h5g4 f3g4 f5e6 b3b4 g8h7 c7c3 a2b2 c3e3
2r5/p4ppk/7p/2q5/Q7/5P1P/P5P1/4R2K b - -,
r1b1k2r/pp2p1bp/4q1p1/8/2P1pB1Q/2P5/PP2nPPP/3R1R1K b kq -,h7h6 f4d2 g7f6 h4h3 e6h3 g2h3 c8h3 d2e3 h3g4 f2f3
r1bqk2r/ppp2pp1/2p5/2b4p/4P1n1/2NP3P/PPP1BPP1/R1BQK2R b KQkq -,g4f2 d1d2 d8h4 e1f1 f2h1 d2f4 h1g3 f1e1 c5e7 f4f2
rnbqkb1r/pp3ppp/5n2/1Q1pp3/8/2N5/PPPP1PPP/R1B1KBNR b KQkq -,b8c6 b5e2 c8g4 f2f3 g4e6 g2g3 f8c5 d2d3 e8h8 e2d1
8/1p6/p3P3/4N3/3k4/PK6/1P6/1r6 b - -,b1h1 e6e7 h1h8 e5f7 h8e8 f7d6 e8e7 d6f5 d4d5 f5e7
5r2/7k/2p3p1/1p3p2/1n1Pp1P1/4P3/1P1R1PBK/8 b - -,h7h6 g4f5 g6f5 f2f3 e4f3 g2f3 f8g8 d2e2 g8e8 h2g3
r3k2r/1pp1n1pp/p1p1bp2/8/2NBP3/5N2/PPP2PPK/R4R2 b kq -,e6c4 f1e1 e8f7 a2a4 a8d8 a4a5 h8e8 d4e3 c4e6 f3d4
2r5/p4ppk/7p/2q5/Q7/5P1P/P5PK/4R3 b - -,
rnbqk2r/pppp1ppp/8/8/Pb1QP1n1/2N2N2/2P2PPP/R1B1KB1R b KQkq -,b4c3 d4c3 e8h8 f3d4 g4f6 f2f3 d7d5 c1a3 f8e8 e1a1
r2q1rk1/pp2p1bp/4pnp1/8/2p3PP/2N1BP2/PPP1Q3/2KR3R b - -,d8a5 e3d4 g8f7 h4h5 f8d8 h5h6 g7f8 a2a3 d8d6 d1e1
r1b1k2r/pp2p1bp/4q1p1/8/2P1pQ2/2P5/PP3PPP/3R1R1K b kq -,c8d7 f4e3 e8h8 h1g1 g7f6 a2a4 f8f7 b2b4 a8f8 e3a7
4r1k1/pp1p1p1p/8/2pP3q/P2br3/7b/1P3RNP/R2Q1K2 b - -,c8d7 f4e3 e8h8 h1g1 g7f6 a2a4 f8f7 b2b4 a8f8 e3a7
r3r3/2p2p1k/3p2pp/1p1Pp3/p3Pn2/2P1NP1P/PP4PK/3RR3 b - -,a8a6 d1d2 e8b8 e1c1 f4h5 e3c2 a6b6 c2b4 h5f6 b4d3
8/6k1/7r/8/8/3K3p/8/R7 b - -,
4r1k1/1pq1r1pp/pN1p1n2/P2Pp3/2P2p1P/1Q3P2/1P2R1P1/1K2R3 b - -,f6d7 b3b4 d7c5 b4c3 e5e4 f3e4 c5e4 c3c2 e4f6 e2e7
2r1k3/5ppp/1p1Rpn2/pP6/4P2P/6P1/1P3P2/5BK1 b - -,f6d7 d6d2 f7f6 b2b4 a5b4 d2b2 c8c3 b2b4 d7c5 b4b1
2r1nrk1/p3q2p/1p2pppQ/nP1b4/6R1/P2B4/1BP2PPP/3R2K1 b - -,f8f7 h6h4 d5b7 h2h3 e6e5 a3a4 c8d8 d1e1 f7g7 b2c3
r2q1rk1/pp2p2p/2npb1p1/8/2P5/2N1P3/PP2B1PP/R2Q1RK1 b - -,f8f1 e2f1 d8a5 d1d3 a8c8 a1c1 a5e5 b2b3 c8f8 f1e2
1r4k1/5ppp/8/1r6/8/7P/3Q1PPK/8 b - -,b5e5 h3h4 e5e6 d2c3 b8d8 h2h3 d8f8 f2f3 f8e8 c3d3
8/6p1/5p1p/4k2P/8/3K1PP1/8/8 b - -,
1nq2rk1/3b1pb1/2pPpnpp/p7/3P1PPP/P1PB2B1/3QNN2/1R4K1 b - -,c6c5 h4h5 c8c6 h5g6 c6f3 g6f7 g8f7 c3c4 d7c6 d4d5
r1bqkbnr/p2p1ppp/2n5/1pp5/3pPP2/5N2/PPP1B1PP/RNBQK2R b KQkq -,c8b7 c2c3 a7a6 c3d4 c5d4 f3d4 g8f6 b1c3 f8c5 d4f5
4r1k1/pp1p1p1p/8/2pP2qB/P2bQ3/7b/1P3RNP/R5K1 b - -,g8f6 e4e5 f6e4 e1h1 a7a6 a2a4 b5a4 b1d2 e4d2 c1d2
6k1/5p2/7p/4P3/1R5K/8/6r1/8 b - -,
5q2/1b4pk/1p2p1n1/rP1pPp2/3P1P1p/3N1R1P/1Q4PK/3B4 b - -,
rnbqkb1r/ppp3pp/4pn2/3pP3/8/2P5/PPQ2PPP/RNB1KBNR b KQkq -,f6h5 g2g4 b8c6 g4h5 c6e5 c1e3 f8e7 h5h6 e8h8 h6g7
r5k1/pp1b1q1p/4p1NP/n2pP3/2pP4/2P2P1Q/2P2K2/2B4R b - -,a5b3 c2b3 c4b3 g6h4 g8h8 c1g5 h8g8 h1g1 g8f8 g5c1
8/6r1/8/7p/5B2/5KP1/8/6k1 b - -,g7g8 f3e4 g1g2 e4f5 g8g3 f4g5 g2f3 g5f6 g3g4 f5e5
1q5k/1PrR2p1/6bp/4Q3/8/8/5PPP/4R2K b - -,g7g4 f4e3 g1h1 e3c1 g4g7 c1h6 g7g8 h6f4 h1g1 f4e3
7r/1BB4r/3Pk3/1P6/4Pp2/6p1/6Kp/7R b - -,h8f8 b7d5 e6f6 b5b6 h7g7 e4e5 f6e5 d5f3 e5e6 h1e1
r3kb1r/ppp5/2b3Q1/5p2/3qp3/P7/1PP2PPP/R1B1K2R b KQkq -,e8e7 c1g5 e7d7 g6f5 d7d6 a1d1 d4d1 e1d1 h8g8 g5e3
rnbq1rk1/1p3ppp/p7/3np3/2P5/PN3P2/2P3PP/R1BQKB1R b KQ -,d5f6 d1d8 f8d8 f1d3 d8e8 e1h1 c8d7 a1b1 e5e4 f3e4
2r1k3/5ppp/1p2p3/pP1n4/4P2P/6P1/1P3P2/3R1BK1 b - -,d5f6 d1d6 f6d7 d6d2 h7h6 b2b4 a5b4 d2b2 g7g5 b2b4
8/8/6kr/8/8/7p/4K3/R7 b - -,
4r3/8/3K4/8/3P4/8/8/k7 b - -,
8/6p1/5p1p/5k1P/3K4/5PP1/8/8 b - -,
8/8/7r/6k1/8/7p/8/R4K2 b - -,
8/6r1/3B4/7p/8/5KP1/8/5k2 b - -,f1g1 d6f4 g1f1 f4c1 g7f7 c1f4 f7f8 g3g4 h5h4 f3e4
r1b1k2r/ppppqppp/2P5/b7/4n3/3B1N2/PPQ2PPP/R1BK3R b kq -,e4c5 d3h7 e7d6 d1e2 b7c6 h7d3 c5d3 c2d3 d6d3 e2d3
6k1/p5p1/8/4Nb1p/8/1PR1pPP1/r7/4K3 b - -,a2g2 g3g4 h5g4 f3g4 f5g4 c3e3 g4h5 e5c6 g2a2 b3b4
r4rk1/pp2p1bp/4pnp1/q7/2Q3PP/2N1BP2/PPP5/2KR3R b - -,f6e8 c4e6 f8f7 d1d3 a5a6 e6a6 b7a6 e3c5 a8c8 c3e4
4r1k1/1pq1r1pp/pN1p4/P2Pp2n/2P2p1P/1Q3P2/1PR3P1/1K2R3 b - -,h5f6 c4c5 e7f7 b3b4 d6c5 c2c5 c7e7 b4c4 g8h8 e1d1
5r2/8/2p4k/1p3p2/1n1Pp3/4PP2/1P1R2BK/8 b - -,h6g5 f3e4 f5e4 g2e4 f8e8 d2g2 g5h4 e4f3 e8e3 g2g4
r6k/pp1b1q1P/4p1p1/n2pP1B1/2pP4/2P2P1Q/2P2K2/7R b - -,h6g5 f3e4 f5e4 g2e4 f8e8 d2g2 g5h4 e4f3 e8e3 g2g4
8/8/7r/8/6k1/7p/8/1R3K2 b - -,
8/4p3/pR1r1k2/P1K5/8/5B2/P6p/5b2 b - -,f6g5 b6b2 g5f4 f3h1 f4g3 a2a4 d6e6 h1b7 f1e2 b2b3
rnbqkb1r/p3pppp/2p5/1p1pP3/3PnB2/2N2N2/PPP2PPP/R2QKB1R b KQkq -,e4c3 b2c3 a7a5 f1d3 e7e6 f3g5 b5b4 d1g4 h7h6 g5h7
kqbrbnrn/pppppppp/8/8/8/P7/1PPPPPPP/KBQRBNRN b - -,c7c5 e2e3 d7d5 d2d4 c5d4 e3d4 h8g6 h1g3 f8e6 g3e2
5r2/2B4r/3Pk3/1P1B4/4Pp2/6p1/6Kp/7R b - -,e6e5 d6d7 e5d4 d7d8q f8d8 c7d8 d4e3 b5b6 h7g7 h1e1
r4rk1/1pq3pp/2n1Rn2/p1bp4/P7/2PB4/1P3PPP/R1BQ1NK1 b - -,a8d8 d1e2 f6e4 c1e3 c5e3 f1e3 c7d7 e6e4 d5e4 d3e4
8/8/7r/8/8/1R4kp/8/5K2 b - -,
r1bqr1k1/1pp2ppp/1b1p1nn1/pP6/P1BPP3/1Q3N2/3N1PPP/R1B2RK1 b - -,g6h8 e4e5 d6d5 c4d3 f6h5 g2g3 h8g6 b3c2 g6f8 d2b3
6n1/2nbppbk/p2p2pp/2pPP3/2P2P1P/2N1B1P1/4N3/1B4K1 b - -,c7a8 b1d3 a8b6 c3e4 d7f5 e2c3 a6a5 d3e2 b6d7 e5d6
8/1p6/p3P3/8/3k4/PK3N2/1P6/4r3 b - -,d4c5 f3e1 c5d6 e1d3 d6e7 b3c4 b7b6 d3b4 a6a5 b4d5
8/7p/8/5p1k/5p1P/5PPK/8/8 b - -,
2rr2k1/pp2qppp/1n2p3/3P4/8/1BP2Q2/P4PPP/2R1R1K1 b - -,b6c4 d5e6 b7b5 f3g4 d8e8 e6f7 e7f7 c1d1 e8f8 f2f3
6k1/pp1p1p1p/8/2pP2qB/P2br3/7b/1P3RNP/R6K b - -,b6c4 d5e6 b7b5 f3g4 d8e8 e6f7 e7f7 c1d1 e8f8 f2f3
rnbqkb1r/4pppp/p1p5/1p1pP3/3PnB2/2NB1N2/PPP2PPP/R2QK2R b KQkq -,e4c3 b2c3 e7e6 e1h1 h7h6 a2a4 c8b7 f3d2 b8d7 d1g4
5r2/2Bk3r/3P4/1P1BP3/5p2/6p1/6Kp/7R b - -,f8e8 d5c6 d7e6 c6e8 f4f3 g2f3 h7g7 f3g2 g7h7 g2g3
3R4/8/8/8/Q6p/8/3rq3/1K1k4 b - -,d1e1 a4h4 e1d1 h4h1 e2e1 h1f3 e1e2 f3c6 e2e3 c6a4
8/8/7r/8/8/7p/1R5k/5K2 b - -,
r3rn2/2q2pk1/p2bNnpp/1p1p1P2/1P1P2P1/2PB3Q/P2B3P/4RRK1 b - -,f8e6 h3h6 g7g8 f5g6 d6h2 h6h2 c7h2 g1h2 g8g7 d2h6
5r2/8/2p4k/1p3p2/1n1P4/4PB2/1P1R3K/8 b - -,
rq5r/p2nk1pp/3bp3/1Np2p2/Q4P2/4P3/PP4PP/R1BR2K1 b - -,d7b6 a4c2 b6d5 b5d6 b8d6 e3e4 f5e4 c2e4 g7g6 b2b3
8/p7/8/R5pk/8/1r6/7K/8 b - -,
r1bqk2r/pp2bppp/2n1p3/2pn4/2B5/3P1N1P/PPP2PP1/RNBQR1K1 b kq -,e8h8 c1d2 b7b6 b1c3 d5f6 d2f4 c8b7 a2a4 f6h5 f4h2
r2qk2r/pbpp1ppp/1pn1pn2/8/1b1PPP2/2NBB3/PPP1Q1PP/R3K1NR b KQkq -,d7d5 e4e5 f6e4 e2g4 e4c3 a2a3 d8e7 a3b4 e7b4 g1e2
r1b2rk1/pp2Q1bp/6p1/5q2/2P1p3/2P5/PP3PPP/3R1R1K b - -,c8e6 h2h3 a8e8 e7b7 g8h8 b7b5 f5f4 b5c5 f4f7 c5c6
r2q2k1/1pp2ppp/1b1prnn1/pP6/P2PP3/1Q3N2/3N1PPP/R1B1R1K1 b - -,d8c8 c1b2 c8d7 d4d5 e6e7 b2f6 g7f6 d2f1 g6f4 f3h4
r2q1rk1/1p1b1pb1/n1pp1npB/3Pp2p/p1P1P3/2NB3P/PP1QNPP1/R4R1K b - -,c6d5 e4d5 f6h7 h6e3 a6c5 f2f4 c5d3 d2d3 f7f5 a1d1
6k1/pp1p1p1p/8/2pP2q1/P3r3/5B1b/1P3bNP/R6K b - -,c6d5 e4d5 f6h7 h6e3 a6c5 f2f4 c5d3 d2d3 f7f5 a1d1
r1b1k2r/1p1p1ppp/p3pn2/2b2N2/8/2NBq3/PPP3PP/R2Q1R1K b kq -,d7d6 f5e3 c5e3 d1f3 e3d4 c3e4 d4e5 a1e1 c8d7 e4f6
8/2kb4/p1p2p2/2Pp1P2/3N4/1P4K1/P7/8 b - -,c7b7 g3g4 d7e8 d4e6 b7c8 b3b4 e8f7 e6d4 c8b7 a2a4
r2qrb2/3n1p1k/p1bp1Ppp/1p1Np3/4P3/1N1B1R2/PPP1Q1PP/5R1K b - -,e8e6 e2f2 d7c5 b3c5 d6c5 c2c4 e6d6 b2b3 d8d7 h2h3
r2qr1k1/1pp2ppp/1b1pBnn1/pP6/P2PP3/1Q3N2/3N1PPP/R1B2RK1 b - -,d6d5 e6d5 f6d5 e4d5 g6f4 d2c4 f4e2 g1h1 b6d4 c1b2
1RR5/5ppk/4n2p/1p1qp3/3p4/3P1PP1/1P1NPK1P/8 b - -,h6h5 h2h4 f7f6 d2e4 f6f5 e4d2 h7g6 b8b6 g6h7 c8c6
r1bqk1nr/1pp1bpp1/p1npp2p/8/2BPP3/2N2N2/PPP2PPP/R1BQR1K1 b kq -,b7b5 c4d3 g8f6 a2a4 b5b4 c3e2 c6a5 d4d5 e8h8 d5e6
r2q1rk1/pp2ppbp/4bnp1/3p4/2BN2PP/2N1BP2/PPPQ4/2KR3R b - -,e6d7 c3d5 f6d5 c4d5 d8c7 d2e2 e7e5 d4b3 e5e4 d5e4
4r1k1/1p2r1pp/pN1p4/P1qPp3/1PP2p1P/2Q2Pn1/2R3P1/1K2R3 b - -,c5e3 e1e3 f4e3 c3e3 e5e4 f3e4 g3e4 b1b2 e4f6 e3d2
6k1/pp1p1p1p/8/2pP2q1/P1r5/1P3B1b/5bNP/R6K b - -,c5e3 e1e3 f4e3 c3e3 e5e4 f3e4 g3e4 b1b2 e4f6 e3d2
5rk1/1p3ppp/p2pqb2/1r2p3/1P2P3/2PQ1N2/1P1R1PPP/R5K1 b - -,e6g4 d3d6 g4e4 a1e1 e4c6 d6c6 b7c6 d2e2 e5e4 f3d2
rn2kb1r/ppp2ppp/3p1n2/4qN2/4PP2/2N5/PPP1Q1PP/R1B1K2R b KQkq -,e5a5 e4e5 e8d8 c1d2 f6e8 e1a1 a5a6 e2f3 b8c6 h1e1
r1b1k2r/ppQ1p1bp/6p1/5q2/2P1p3/2P5/PP3PPP/3R1R1K b kq -,c8e6 c7b7 e8h8 f1e1 e4e3 f2e3 g7e5 g2g3 g8h8 b7g2
2b4k/6p1/pQ3n1p/3pq3/7r/BPp1PRP1/P1P4P/5R1K b - -,c8g4 g3h4 g4f3 f1f3 e5e8 b6d4 e8c6 f3f6 g7f6 a3c5
r1bq1rk1/pp1n2np/2pppbp1/8/2P1PP1P/2NBB1N1/PP2Q1P1/R3K2R b KQ -,e6e5 f4f5 d7c5 d3c2 f6h4 e2g4 h4g3 g4g3 g6f5 e3g5
8/8/1p2k3/1P5p/5K2/7P/8/8 b - -,h5h4 f4g4 e6d5 g4h4 d5c5 h4g4 c5d5 h3h4 d5d6 g4f4
r4rk1/1p1bpp1p/pBn3p1/P7/4Pq2/3B1P2/6PP/1R1Q1RK1 b - -,e7e5 d1e1 c6d4 b6d4 e5d4 b1b7 f8d8 e1c1 f4f6 c1d2
8/8/7r/8/8/7p/R7/5K1k b - -,
r1b1kb1r/pp1npppp/1qn1P3/3p4/B1p5/2P2N1P/PP1P1PP1/RNBQK2R b KQkq -,d7f6 e6f7 e8f7 b2b3 c4b3 a2b3 c8f5 d2d4 e7e6 c1f4
rnbqkb1r/ppp2ppp/3p1n2/4P3/8/4P2N/PPP2PPP/RNBQKB1R b KQkq -,c8g4 f2f3 g4h3 e5f6 h3e6 b1c3 g7g6 e3e4 b8d7 c1e3
r4rkb/4p2p/3pq1p1/4n1P1/p3PP2/1P2Q3/PBP5/1K1R2NR b - -,e5c4 b3c4 f8b8 b1c1 b8b2 d1d5 b2a2 f4f5 a2a1 c1d2
rnbq1rk1/pppp1ppp/5n2/8/3pP3/3B1N2/PPPQ1PPP/RN3RK1 b - -,b8c6 b1a3 a7a6 e4e5 f6g4 a1e1 d7d6 e5d6 c7d6 d3c4
4r3/8/2p4k/1p3p2/1n1P4/4PBK1/1P1R4/8 b - -,
8/3R1p1k/r5p1/7p/4N2P/6P1/6K1/8 b - -,a6a2 g2f3 h7g8 e4d6 a2a1 f3f2 f7f6 d6e4 f6f5 e4g5
6k1/p5p1/8/4Nb1p/6P1/1PR1pP2/6r1/4K3 b - -,h5g4 f3g4 f5g4 c3e3 g4h5 e5c6 g2a2 b3b4 h5f7 e3e5
1k4rr/3qbppb/p1n1p3/Pp1pPn1P/1PpP1NB1/2P1B1P1/1N2QP2/2R2RK1 b - -,f7f6 g1g2 f6e5 d4e5 g7g5 f4g6 h7g6 h5g6 d7e8 e3b6
4r1k1/1pq1r1pp/pN1p4/P1PPp3/1P3p1P/2Q2Pn1/2R3P1/1K2R3 b - -,h7h5 c5d6 c7d6 b6c8 d6d5 c8e7 e8e7 c3c4 d5c4 c2c4
8/8/7r/8/8/8/1R5p/5K1k b - -,
rnbr2k1/1p3ppp/p7/4p3/2P5/PNn2P2/1BP3PP/R3KB1R b KQ -,c8e6 b2c3 b8d7 e1a1 d8c8 c3b4 b7b5 b3a5 d7c5 f1e2
B5k1/5p1p/4p3/5p2/3b4/6P1/4PP1P/6K1 b - -,
6k1/1r3ppp/p7/P2N1b2/3P4/8/6PP/R5K1 b - -,f7f6 d5b6 b7c7 d4d5 g8f7 a1d1 f7e8 h2h3 c7c5 g2g4
1R4k1/5p2/7p/4P3/7K/8/4r3/8 b - -,
1R1R4/5ppk/7p/1pnqp3/3p4/3P1PP1/1P1NPK1P/8 b - -,c5d7 d2e4 h7g6 b8c8 d5e6 c8c7 d7f6 e4f6 g6f6 d8f8
1r4k1/p4pp1/2pN3p/4r1b1/5P2/1P6/P5PP/3R1RK1 b - -,g5f4 f1f4 b8d8 d1d2 e5e6 f4d4 c6c5 d4d5 g7g5 g1f2
r3nrk1/pb2n1pp/1p1qp3/2ppNp2/3P1PP1/2PBP2Q/PP1N3P/2KR3R b - -,c5c4 d3c2 b6b5 h1g1 b7c6 g4f5 e6f5 g1g5 b5b4 d2b1
5r2/R1R2p2/4p1k1/3p1p1p/3P1K1P/4PPP1/5r2/8 b - -,
r1bq1rk1/pp2bppp/2n1p3/2p5/2B5/2PP1N1P/P1P2PP1/R1BQR1K1 b - -,e7f6 d3d4 c5d4 c3d4 c6d4 a1b1 d4f5 c4d3 d8c7 b1b4
r2qk2r/pppnppbp/3p1np1/8/4PB2/3P1N2/PPP2PPP/RN1Q1RK1 b kq -,e7e5 f4d2 e8h8 c2c4 d7c5 d2e3 f6g4 e3g5 d8d7 h2h3
4qrk1/prp2pnn/1p2p1pQ/4P3/2P1N1P1/7P/PP2NP2/3R1RK1 b - -,e8c8 e2d4 c7c6 e4d6 c8a8 d6b7 a8b7 d4f3 b6b5 c4c5
2rqrb2/3n1p1k/p1bp1Ppp/1p1Np3/4P3/3B1R2/PPPNQ1PP/5R1K b - -,d7c5 c2c3 c6d5 e4d5 e5e4 d2e4 e8e5 f3e3 c5d3 e2d3
8/8/1p6/1P1k3p/5K1P/8/8/8 b - -,d5d4 f4g5 d4e5 g5h5 e5f5 h5h6 f5f6 h4h5 f6f7 h6g5
6k1/p5p1/8/4Nb2/6P1/1PR1p3/6r1/4K3 b - -,f5g4 c3e3 g4h5 e5c6 g2a2 e3e5 h5f3 c6d4 f3g2 e5e7
8/3R1pk1/r2N2p1/7p/7P/6P1/6K1/8 b - -,g7f6 d6f7 a6a2 g2h3 a2b2 f7g5 b2b6 d7d5 f6e7 g5e4
8/1p2P3/p7/4N3/3k4/PK6/1P6/7r b - -,h1h3 b3b4 a6a5 b4a5 h3h8 e5f7 h8a8 a5b5 d4d3 f7d6
rnbq1rk1/pp3pbp/3ppnp1/6B1/2BNP3/2N5/PPP2PPP/R2QR1K1 b - -,h7h6 g5e3 b8c6 d4b5 f6e8 d1d2 a7a6 b5d4 c6d4 e3d4
8/p7/8/R5pk/8/7K/1r6/8 b - -,
8/8/5r2/8/8/8/5R1p/5K1k b - -,
8/8/5k2/pr4pp/2R5/1P6/5PK1/8 b - -,f6e5 g2f1 e5d5 c4a4 d5c6 a4c4 c6b6 c4c8 g5g4 f1e2
8/1p6/p1kpr1p1/P6p/2P1bP2/1P4P1/1B1R1K1P/8 b - -,
8/1p4k1/p1b5/P7/6pP/5PB1/6P1/6K1 b - -,
8/4p3/p2r4/P1K3k1/8/5B2/P6p/1R3b2 b - -,d6f6 f3h1 f1e2 c5d4 g5f4 b1b3 f6d6 d4c5 d6d1 b3b4
rnbr2k1/1p3ppp/p7/4B3/n1P5/PN3P2/2P3PP/R3KB1R b KQ -,f7f6 e5c7 d8e8 e1f2 c8f5 b3d4 f5d7 f1d3 b8c6 d4b3
8/5R2/4p1p1/4P3/4rP1P/6k1/8/6K1 b - -,f7f6 e5c7 d8e8 e1f2 c8f5 b3d4 f5d7 f1d3 b8c6 d4b3
r1bqk2r/2p2pp1/p1np1n1p/2bNp3/Pp2P3/1BPP1N2/1P3PPP/R1BQK2R b KQkq -,c6a5 b3c2 e8h8 e1h1 c8g4 d3d4 b4b3 c2b1 c5a7 d4e5
7Q/8/3kn3/5K2/Np6/8/2p3P1/8 b - -,c2c1q h8e5 d6c6 f5e6 c1c4 e6f6 c4f1 f6e7 f1g2 e5c5
1RR5/5ppk/2q4p/1pn1p3/3p4/3P1PP1/1P1NPK1P/8 b - -,c6d7 c8c5 d7e7 b8b5 f7f6 c5c1 h7g8 b5c5 e7e6 f2e1
8/8/2p4k/1p3p2/1n1P1K2/4rB2/1P1R4/8 b - -,e3e6 f4f5 e6e3 f5f4 e3e8 f3e4 h6g7 d2g2 g7f8 g2g6
4R3/5pk1/7p/4P3/7K/8/4r3/8 b - -,
6k1/b4p1p/4p3/5p2/8/6P1/4PPBP/6K1 b - -,
2rqrb2/3n1p1k/p2p1Ppp/1p1Pp3/8/3B1R2/PPPNQ1PP/5R1K b - -,c8c7 d2e4 d7c5 e4c5 c7c5 d3e4 d8d7 f3a3 h7h8 a3a6
r3B2k/1pp4n/3p4/2nP2b1/p1P1P1b1/2Nq4/PP5Q/K4R1R b - -,g4h3 h2h3 d3h3 h1h3 a8e8 f1f7 h8g8 f7h7 g5f6 h7c7
r4rk1/1p2pp1p/pBb3p1/P3n3/4P3/5P2/4B1PP/1RR3K1 b - -,f7f6 h2h4 g8f7 g1f2 h7h5 f2e3 a8c8 c1c3 f8e8 b1c1
5r2/4K3/8/8/3P4/8/8/k7 b - -,
3r2k1/1q3pp1/p2bp2p/1p6/1P2b1Q1/PN2P2P/1B3PP1/2R3K1 b - -,e6e5 c1d1 e4d5 b3c5 d6c5 b4c5 b7e7 f2f4 d8d7 g4f5
r5k1/1b5p/1p1rp1q1/p1P1Rp2/P2p4/1P3pPQ/3N1K1P/4R3 b - -,g6g5 d2f3 b7f3 c5d6 f3d5 e5e6 d5e6 e1e6 d4d3 h3h6
8/8/3k1P2/P4P1p/7P/1pK5/8/8 b - -,g6g5 d2f3 b7f3 c5d6 f3d5 e5e6 d5e6 e1e6 d4d3 h3h6
1r6/p5kR/4ppn1/3p2n1/1p1P1qQN/2PB4/PP3PP1/6K1 b - -,g7h7 g4f4 g5e4 h4g6 h7g6 f4b8 b4c3 b2c3 f6f5 b8a7
rnbqk2r/p1pp1ppp/1p2p3/8/1bPP4/2P1PN2/P2B1PPP/R2QKB1R b KQkq -,b4e7 f1d3 d7d6 d1c2 c8b7 e3e4 b8d7 d2e3 e6e5 a2a4
r1b1k2r/1p1p1ppp/p3pn2/4q3/3b1B2/2NB4/PPP3PP/R2Q1R1K b kq -,e5f4 f1f4 d4e5 f4f1 d7d6 d1f3 e8h8 a1e1 e5c3 b2c3
4R3/5pk1/7p/4P3/4r3/6K1/8/8 b - -,
1r2r1k1/p4Qp1/2pN3p/2q1P3/8/7P/P5P1/1B5K b - -,g8h8 f7g6 c5c1 h1h2 c1f4 h2h1 b8b1 g6b1 e8e5 b1b8
r5k1/1b5p/3rp1q1/p1p1Rp2/P1Np4/1P3pPQ/5K1P/4R3 b - -,d6a6 e5c5 g6g7 h3h4 a8f8 h4f4 b7e4 c5c7 g7f6 c4e5
rn2qrk1/p3ppbp/b1Np2p1/2pP4/4PPPP/2N5/PP1Q2B1/2KR3R b - -,e7e6 c6a5 g7c3 d2c3 a6e2 d1d2 e2g4 d5e6 b8a6 a2a3
r3kn1r/p3b1pp/2p1Pp2/2Pp1b2/1P3P2/2N5/4NPPP/R3KB1R b KQkq -,e7c5 b4c5 f8e6 e2g3 g7g6 g3f5 g6f5 a1a6 e8d7 c3a4
6k1/R7/4r2p/5p2/6p1/3PP1P1/3K3P/8 b - -,h6h5 d3d4 e6b6 d2c3 b6c6 c3d3 c6c1 a7a5 c1d1 d3e2
8/8/4K3/5r2/3P4/8/8/k7 b - -,
r1b3Q1/p1k4N/2p1p3/1p3B2/8/8/PP4p1/2K5 b - -,e6f5 g8g2 c8e6 g2g7 c7b6 h7f6 a7a5 g7g1 b6b7 g1c5
r4r1k/1pq3pp/2n1Rn2/p1b3B1/P2p4/2PB4/1P3PPP/R2Q1NK1 b - -,d4c3 g5f6 f8f6 e6f6 c3b2 a1a2 g7f6 a2b2 a8f8 f1g3
r1bq1rk1/pp3ppp/2n1pb2/2p5/2B5/2PP1N1P/PBP2PP1/R2QR1K1 b - -,b7b6 d3d4 c8b7 c4d3 c5d4 c3d4 c6b4 c2c4 d8c7 f3e5
8/4p3/p4r2/P1K3k1/8/5B2/P6p/5R2 b - -,f6f3 f1f3 h2h1q f3b3 e7e5 c5b6 h1a8 b3c3 e5e4 c3c5
3r2k1/1q4p1/p2bp1Qp/1p3p2/1P2b3/PN2P2P/1B3PP1/2R3K1 b - -,e6e5 b3c5 b7f7 g6f7 g8f7 c5e4 f5e4 c1c6 f7e6 c6a6
7r/2BP4/4k3/1P5r/4Bp2/5Pp1/6Kp/7R b - -,h8f8 e4c6 h5h8 b5b6 f8g8 c7f4 h8h5 b6b7 h5c5 b7b8q
5rk1/1bqr1pbp/1pn1p1p1/p1p5/2P5/P1NPBQP1/1P3PBP/3RR1K1 b - -,c7c8 f3e2 c6e7 e3g5 e7f5 g2b7 c8b7 e2e4 b7c8 h2h4
6k1/p5p1/8/4N3/6b1/1P2R3/6r1/4K3 b - -,g4h5 e5c6 g2a2 e3e5 h5f7 b3b4 f7c4 b4b5 g8h7 e5c5
8/1p4k1/p7/P3B3/7P/5b2/8/6K1 b - -,
8/6p1/7p/4KpkP/8/5PP1/8/8 b - -,
1nq2rk1/3b1pb1/1RpPpnpp/p7/3P1PPP/P1PB2B1/1Q2NN2/6K1 b - -,c6c5 d4c5 f6d5 b6b7 d7c6 b7a7 b8d7 d3e4 d7c5 e4d5
4R3/5pk1/7p/4P3/r7/5K2/8/8 b - -,
8/8/4p1p1/4P3/5R1P/6k1/8/6K1 b - -,g3f4 g1g2 f4g4 g2f2 g4h4 f2f3 h4g5 f3e4 g5g4 e4e3
8/4p3/p7/P1K3k1/8/5r2/P6p/7R b - -,f3h3 c5d5 h3h6 d5d4 g5f4 h1f1 f4g3 f1h1 g3g2 h1h2
8/5k2/5p2/2K5/4pN1P/6P1/8/1q6 b - -,b1g1 c5d5 e4e3 d5e4 g1g3 f4e2 g3f2 e4d3 f6f5 h4h5
7k/pp4p1/2qb3n/2p5/2Pp1PPP/PP1Q4/1K1BR3/7b b - -,d6f8 g4g5 h6f7 d3f5 h8g8 g5g6 f7h6 f5e6 c6e6 e2e6
3r2k1/5Qp1/p2bp2p/1p3p2/1P2b3/PN2P2P/1B3PP1/2R3K1 b - -,g8f7 b3c5 d6c5 c1c5 d8d1 g1h2 d1d2 c5c7 f7g8 b2e5
r2q2k1/pp2p2p/2npb1p1/8/2P5/2N1P3/PP4PP/R2Q1BK1 b - -,d8a5 d1d3 a8f8 f1e2 a5e5 b2b3 e5g5 d3e4 e6f5 e4f4
rnbq1rk1/1p3pbp/p2p1np1/4p1B1/2B1P3/N1N5/PPP2PPP/R2QR1K1 b - -,b7b5 c4d5 a8a7 a3b1 c8e6 b2b4 a7c7 a2a4 b5a4 d5e6
8/8/6Pp/4Kpk1/8/5PP1/8/8 b - -,
6k1/R7/4r3/5p1p/3P2p1/4P1P1/3K3P/8 b - -,h5h4 g3h4 e6f6 d2d3 g8f8 a7a5 f8f7 a5c5 f5f4 e3f4
r1b1r1k1/1pB2ppp/p1n5/8/n1P5/PN3P2/2P2KPP/R4B1R b - -,h7h5 f1d3 c8e6 h1e1 a8c8 c7f4 e8d8 f4g5 d8d7 a1b1
r1bqk2r/2p2pp1/p1np1N1p/2b1p3/P3P3/1BpP1N2/1P3PPP/R1BQK2R b KQkq -,d8f6 b3d5 c8d7 b2c3 a8b8 e1h1 e8h8 c1e3 c5e3 f2e3
8/8/4p1p1/4P2P/5k2/8/8/6K1 b - -,d8f6 b3d5 c8d7 b2c3 a8b8 e1h1 e8h8 c1e3 c5e3 f2e3
r1b5/p1k4N/2p5/1p3p2/8/8/PP4Q1/2K5 b - -,c8e6 g2g7 c7b6 h7f6 a8b8 g7e7 e6d5 f6d7 b6b7 d7c5
rn1qkb1r/1p4p1/p1nNp1p1/2ppP2P/3P3P/8/PPPB1P2/R2QKB1R b KQkq -,f8d6 e5d6 c6d4 c2c3 d4f5 d1e2 e8d7 h1g1 g6h5 c3c4
8/p7/8/R5pk/8/1r6/6K1/8 b - -,
3r1rk1/2p2np1/6q1/ppPP1pP1/5P2/1B4Q1/P5K1/4RR2 b - -,a5a4 e1e6 g6h5 b3d1 h5h8 f1h1 d8d5 h1h8 f7h8 g3e1
3r1r1k/1q3BpN/2R4p/1P5Q/1p6/4b3/6PP/5R1K b - -,f8f7 f1b1 h8h7 h5e2 b7e7 e2c4 f7f4 c4c2 h7h8 b5b6
r2qr1k1/1pp2pp1/pbn2n1p/3Pp3/PP6/1QPP1N1P/3N1PP1/R1B1R1K1 b - -,f6d5 d2c4 d8f6 c1d2 f6f5 b4b5 a6b5 a4b5 a8a1 e1a1
rnbq1rk1/pp3pbp/3p1np1/1N2p1B1/2B1P3/2N5/PPP2PPP/R2QR1K1 b - -,h7h6 g5f6 g7f6 b5d6 b8c6 d6c8 a8c8 c3d5 g8g7 c2c3
r1b1k2r/2p2pp1/p1np1q1p/2bBp3/P3P3/2pP1N2/1P3PPP/R1BQK2R b KQkq -,c6d4 b2c3 d4f3 d1f3 a8b8 f3f6 g7f6 e1e2 c8g4 f2f3
8/5k2/5p2/3K4/4pN1P/6P1/2q5/8 b - -,c6d4 b2c3 d4f3 d1f3 a8b8 f3f6 g7f6 e1e2 c8g4 f2f3
r1bq1rk1/pp3pbp/2np1np1/4p3/2P1P3/2NBB3/PP3PPP/RN1Q1RK1 b - -,f6g4 e3c1 f7f5 h2h3 g4f6 c1g5 f5f4 c3d5 c8e6 b1c3
8/8/4p1P1/4P1k1/8/8/8/6K1 b - -,g5h6 g1f2 h6g6 f2e3 g6f5 e3f3 f5e5 f3e3 e5f5 e3f3
2r2nk1/3P1qpp/1p3p2/p1p1p3/2P1Q3/PPB3P1/5P1P/3R2K1 b - -,c8b8 d7d8n b8d8 d1d8 g7g6 d8b8 b6b5 e4d5 b5b4 a3b4
8/8/4K1k1/5p1p/5P2/6P1/8/8 b - -,g6g7 e6f5 g7f7 f5g5 f7e6 f4f5 e6e7 g5h5 e7f6 h5g4
rn1qk2r/1p4p1/p1nPp1p1/2pp3P/3P3P/8/PPPB1P2/R2QKB1R b KQkq -,c6d4 c2c3 d4f5 d1e2 e8d7 h1g1 g6h5 c3c4 d5d4 f1g2
8/2p5/p2k1p2/1pp2P1p/2P1P2P/1P2K3/P7/8 b - -,d6e5 c4b5 a6b5 a2a4 c5c4 a4a5 c4b3 e3d2 e5e4 a5a6
r2q1rk1/1p1b1pb1/n2p1npB/3Pp2p/p1P5/2NB3P/PP1QNPP1/R4R1K b - -,f6h7 h6e3 a6c5 f2f4 c5d3 d2d3 f7f5 a1d1 h7f6 b2b3
r3b1k1/pp3qpp/4p1p1/n2pP2P/2pP2P1/2P2PNQ/2P2K2/2B4R b - -,a5c6 h5h6 g7h6 h3h6 a7a5 g3h5 g6h5 g4h5 f7g7 h6e6
rnbqk2r/pp3pbp/3ppnp1/6B1/2BNP3/2N5/PPP2PPP/R2Q1RK1 b kq -,a7a6 f2f4 d8b6 g1h1 b8c6 d4c6 b6c6 f4f5 c6c4 d1d6
r4r1k/1p3qpp/2n1R3/p1b5/P1B5/8/1B3PPP/R2Q1NK1 b - -,a7a6 f2f4 d8b6 g1h1 b8c6 d4c6 b6c6 f4f5 c6c4 d1d6
2b4k/6p1/pQ3n1p/3p3q/8/BPp1PRP1/P1P5/5RK1 b - -,c8d7 f3f6 h5h3 f6h6 h3h6 b6h6 g7h6 a3b4 h8g7 b4c3
3r4/5kp1/p2bp2p/1pN2p2/1P2b3/P3P2P/1B3PP1/2R3K1 b - -,e4d5 c5a6 g7g5 a6c5 d8c8 f2f3 h6h5 g1f2 f7g6 e3e4
2R3k1/5pp1/8/p7/4r1P1/7P/q3PQK1/8 b - -,e4d5 c5a6 g7g5 a6c5 d8c8 f2f3 h6h5 g1f2 f7g6 e3e4
8/8/2p4k/1p3K2/3P4/3n4/1P6/3B4 b - -,b5b4 b2b3 d3c1 f5f6 h6h7 f6e6 h7g7 e6d7 g7f8 d7c6
2rr2k1/p1nq3p/1p2p1NQ/3b1pN1/3P4/P6R/1P3PPP/3R2K1 b - -,d7g7 h6h7 g7h7 h3h7 d8e8 h2h4 d5e4 d1c1 c7d5 c1c8
8/8/3kn3/4QK2/Np6/8/6P1/2q5 b - -,
2r1n1k1/p3q1rp/1p2pBBQ/1P1b4/2n4R/P7/2P2PPP/3R2K1 b - -,e8f6 g6h7 g7h7 h6f4 h7h4 f4h4 g8f7 h2h3 c8g8 g2g4
8/3k4/3P1K2/6P1/8/B2b4/8/8 b - -,d3c4 g5g6 d7e8 a3b4 c4b3 f6g7 b3c2 g7h7 c2d3 b4e1
r3r1k1/1pp2pp1/pbn2n1p/3qp3/PPP5/1Q1P1N1P/3N1PP1/R1B1R1K1 b - -,d5d8 c4c5 b6a7 c1a3 d8d7 d2e4 a8d8 b4b5 c6d4 f3d4
rnbqkb1r/ppp2ppp/5n2/3pP3/2B5/4P2N/PPP2PPP/RNBQK2R b KQkq -,c8h3 e5f6 h3e6 c4b3 d8f6 b3d5 b8c6 d5c6 b7c6 d1f3
r7/1bq2k1p/2n1pp2/p1p2p2/2P1pP2/PP2P1P1/4Q1BP/3R1RK1 b - -,c6e7 g2h3 b7c6 g1h1 h7h5 e2h5 f7g7 h5e2 a8h8 h3g2
2rr2k1/pp1nqppp/3P4/4p2Q/8/1BP5/P4PPP/2R1R1K1 b - -,e7e8 c1d1 e8f8 h5g5 c8c3 g5e7 c3c8 h2h4 b7b6 h4h5
3r3k/1q3rpN/2R4p/1P5Q/1p6/4b3/6PP/4R2K b - -,h8h7 h2h3 e3g5 h3h4 g5f4 g2g3 f4g3 h5g6 h7h8 g6g3
r3k2r/2pb1pp1/p1np1q1p/2bBp3/P3P3/2PP1N2/5PPP/R1BQK2R b KQkq -,a8b8 e1h1 e8h8 c1e3 c5e3 f2e3 c6e7 d5c4 a6a5 d1e1
1r6/p5k1/4ppB1/3p2n1/1p1P1Q1N/2P5/PP3PP1/6K1 b - -,b8b6 f4c7 g7g8 c7d8 g8g7 d8e7 g7g8 e7f6 b4c3 b2c3
r1b1k2r/1p1p1ppp/p3pn2/q7/3b1B2/2NB1Q2/PPP3PP/R4R1K b kq -,d4c3 b2c3 a5d5 f3f2 b7b5 a1e1 c8b7 f4e5 f6g4 f2g3
r1bqkb1r/ppp1n1pp/2n1p3/3pNp2/3P1P2/3BP3/PPP3PP/RNBQK2R b KQkq -,c6e5 f4e5 c7c5 c2c3 e7c6 e1h1 c8d7 d1h5 g7g6 h5e2
r3r1k1/1pB2ppp/p1n5/5b2/n1P5/PN1B1P2/2P2KPP/R6R b - -,a8c8 h1e1 e8e1 a1e1 f5d3 c2d3 f7f6 c7d6 c8d8 c4c5
6k1/p5p1/2N5/5b2/8/1P2R3/6r1/4K3 b - -,f5c2 b3b4 c2a4 c6a7 g2b2 a7c8 b2b4 c8e7 g8f8 e1f2
8/8/2p4k/1p3K2/3P4/5B2/1n6/8 b - -,
2R5/5ppk/8/p7/4r1PQ/7P/q3P1K1/8 b - -,h6h7 f5f6 b5b4 f3c6 b2c4 c6a4 c4e3 a4b3 h7h6 f6e5
6k1/6p1/pR3p1p/P3r2P/8/3p2P1/1P3PK1/8 b - -,e5d5 b6c6 d3d2 b2b4 d2d1q c6c5 g8h7 c5d5 d1d5 f2f3
rn1qk2r/1p4p1/p2Pp1p1/2pp3P/3n3P/2P5/PP1B1P2/R2QKB1R b KQkq -,d4f5 d1e2 e8d7 h1g1 g6h5 e1a1 b8c6 f1h3 d8f6 h3f5
r3k2r/bpp2p2/2npbp1p/p2Bp3/NP2P3/P1PPB2P/5PP1/R4RK1 b kq -,h8g8 b4b5 c6e7 d5e6 f7e6 b5b6 a7b6 a4b6 c7b6 a1b1
rn1qkb1r/pb2pp1p/1p3np1/1Bpp4/3P4/2P1PN2/PP1N1PPP/R1BQK2R b KQkq -,d8d7 b5d7 b8d7 e1f1 c5d4 e3d4 e7e5 f3e5 d7e5 d4e5
2k5/7q/8/6N1/8/3B3P/6PK/8 b - -,h7d3 g5f3 d3d6 h2g1 c8d7 g1f2 d7e6 h3h4 e6f5 f2e3
r7/pp1b2kp/2q1p2p/3pP3/4N3/8/PP1Q1PPP/3R2K1 b - -,d5e4 d2d7 c6d7 d1d7 g7g6 d7b7 a7a5 g1f1 a8c8 f1e2
r2qkb1r/ppp2ppp/2n5/3pBb2/3PN3/4P1P1/PPP2P1P/R2QKBNR b KQkq -,f5e4 f2f3 e4f5 f1b5 f7f6 e5f4 g7g5 g3g4 g5f4 g4f5
R7/6pk/p4p1p/7P/6P1/8/r4PK1/8 b - -,a2a3 a8f8 a6a5 f8a8 a3a4 g2g3 g7g5 a8a7 h7g8 a7a8
rn1qkbnr/ppp2ppp/4p3/4Nb2/2BP4/2N2Q2/PP3PPP/R1B1K2R b KQkq -,g8f6 f3b7 b8d7 e5c6 d8c8 c4a6 c8b7 a6b7 a8b8 c6b8
3R4/8/8/8/Q7/8/3rq3/1K1k4 b - -,d1e1 a4h4 e1d1 h4h1 e2e1 h1f3 e1e2 f3c6 e2e3 c6a4
4r2k/6bp/1p4p1/8/1pPp4/3P1pPb/2N1qP1P/Q3R1KB b - -,h7h6 e1e2 f3e2 c2e1 g7f8 a1a4 e8d8 f2f4 h3d7 a4a2
r2qr1k1/2pb1pbp/3p1np1/1p4B1/1n1PP3/pP3NNP/P4PP1/RB1QR1K1 b - -,h7h6 g5f4 d7e6 d1d2 g6g5 f4d6 d8d6 e4e5 d6f8 e5f6
5r2/1q3rpk/2R4p/1P6/1p5P/4b3/4Q1P1/4R2K b - -,e3a7 e2d3 h7h8 h1h2 b4b3 h2h3 a7b8 d3d4 h8g8 d4d5
2q2rk1/4brp1/4p2p/3pP2P/pPnP1P2/3QNR2/1P4K1/3N1R2 b - -,e7b4 e3c4 d5c4 d3e4 a4a3 b2a3 b4d2 d1c3 d2c3 f3c3
4R3/5pk1/4P3/7p/r7/5K2/8/8 b - -,
4r1k1/1p2r1pp/pN1n4/P2Pp3/1P3p1P/2R2P2/1K4P1/4R3 b - -,g8f7 b6c4 d6c4 c3c4 e7d7 c4c5 f7f6 b2c3 f6f5 c3c4
1r2r3/2p2pk1/3p2pp/1p1Pp3/p3Pn2/2P1NP1P/PP4PK/3RR3 b - -,b8b7 e3c2 f7f5 c2b4 f4h5 e1e2 h5f6 d1f1 f5f4 e2c2
4k3/8/3P1KP1/8/8/B2b4/8/8 b - -,d3c2 a3c5 c2b1 c5b4 b1d3 f6g5 d3c4 g5h6 c4d5 h6g7
r3r1k1/1ppq1pp1/pbn2n1p/2P1p3/PP6/1Q1P1N1P/3N1PP1/R1B1R1K1 b - -,e5e4 d2e4 f6e4 e1e4 e8e4 d3e4 b6a7 c1b2 d7e7 b3c3
2R5/5pp1/6k1/p6Q/4r1P1/7P/q3P1K1/8 b - -,e5e4 d2e4 f6e4 e1e4 e8e4 d3e4 b6a7 c1b2 d7e7 b3c3
3R4/8/2Q5/8/8/8/3rq3/1K2k3 b - -,e5e4 d2e4 f6e4 e1e4 e8e4 d3e4 b6a7 c1b2 d7e7 b3c3
r3k2r/bpp1np2/3p1p1p/p2Pp3/NPP5/P2PB2P/5PP1/R4RK1 b kq -,e7f5 e3a7 a8a7 b4b5 b7b6 a4c3 f5d4 f2f4 a7a8 a1e1
rn1qk2r/1p4p1/p2Pp1p1/2pp1n1P/6QP/2P5/PP1B1P2/R3KB1R b KQkq -,
r1bq1rk1/pp3ppp/4pb2/n1p5/8/1BPP1N1P/PBP2PP1/R2QR1K1 b - -,c5c4 d3c4 d8c7 d1e2 b7b6 c4c5 c7c5 f3e5 c8a6 c3c4
r1b1k2r/1p1p1ppp/p3pn2/q7/5B2/2PB1Q2/P1P3PP/R4R1K b kq -,e8h8 f4d6 a5d5 f3f4 b7b5 a1d1 d5c6 f4g3 f6e8 d3h7
8/2p5/5p2/p1p2P1p/1pPkPK1P/1P6/P7/8 b - -,a5a4 b3a4 d4c4 e4e5 f6e5 f4e5 c4d3 f5f6 d3c2 f6f7
8/5k2/5p2/3K3P/4pN2/6P1/5q2/8 b - -,f2g3 d5e4 g3e1 e4f3 f6f5 f4e2 e1h1 f3e3 h1h3 e3d4
3r4/p4kpp/1n2p3/2p2p2/4PP2/1PQ5/P4KPP/R1Bq4 b - -,f5e4 c1e3 d1h5 f2g1 d8d3 c3c5 b6d5 a1e1 f7g6 c5c4
r1bq1rk1/pp3pbp/2np2p1/4p3/2P1P1n1/2NB4/PP1B1PPP/RN1Q1RK1 b - -,f7f5 h2h3 g4f6 d2g5 h7h6 g5f6 g7f6 a2a4 c8e6 c3d5
8/3kb3/p1n1p3/Pp1pP3/1PpP1Rq1/2P1B1P1/5RK1/8 b - -,g4g8 e3d2 d7e8 f2f1 g8g7 f1h1 e8d7 h1f1 g7g6 f1f2
rnbqkbnr/pp2pppp/8/8/2PQ4/4PN2/PP4PP/RNB1KB1R b KQkq -,c8d7 b1c3 b8c6 d4f4 g8f6 f1e2 h7h6 c3d5 a8c8 c1d2
r4rk1/1pp1n1pp/p3bp2/2p5/2N1P3/4BN2/PPP2PPK/3R1R2 b - -,e6c4 f1e1 b7b6 d1d7 e7c6 d7c7 a8c8 c7b7 c8b8 b7b8
5r2/bq3rpk/2R4p/1P6/1p5P/3Q4/6P1/4R2K b - -,h7h8 g2g3 a7b8 e1e2 f7f6 d3d5 b8g3 c6d6 b7d5 d6d5
8/8/2B4k/1p3K2/3P4/3n4/8/8 b - -,h6h7 c6b5 d3b4 f5e6 h7g6 b5a4 g6g5 e6d6 g5f6 a4b3
8/2r5/8/1k6/7p/8/p4K2/8 b - -,h6h7 c6b5 d3b4 f5e6 h7g6 b5a4 g6g5 e6d6 g5f6 a4b3
rn2k2r/pp1qppbp/6pn/3pP3/3P4/5N2/PP3PPP/RNBQ1RK1 b kq -,h6f5 g2g4 f5h6 h2h3 e8h8 b1c3 b8c6 f1e1 h6g4 e5e6
6k1/5ppp/P7/1p1p4/3P4/4K3/1r4PP/Rb6 b - -,b1e4 a6a7 h7h6 a7a8q g8h7 a8f8 b2b3 e3d2 b5b4 a1a8
8/pp2k1pp/3bpp2/1P6/P7/3KP3/5PPP/2B5 b - -,g7g6 h2h3 f6f5 c1b2 e7d7 d3c4 a7a6 b2c3 d6e7 f2f3
2R5/5pp1/5k2/p4Q2/4r1P1/7P/q3P1K1/8 b - -,f6f5 h2h3 g7g6 d3c4 e7d7 c1b2 a7a6 b2c3 d6e7 f2f3
4r1k1/pp1b1ppp/1q2p3/3pP3/1B3Pn1/3B1N2/P3Q1PP/RNK2R2 b - -,b6b4 e2d2 b4c5 c1d1 g4e3 d1e2 e3f1 e2f1 e8c8 a2a4
8/5k2/5p2/3K3P/4p3/6q1/4N3/8 b - -,b6b4 e2d2 b4c5 c1d1 g4e3 d1e2 e3f1 e2f1 e8c8 a2a4
rn1qk2r/1p4p1/p2Pp1Q1/2pp1n1p/7P/2P5/PP1B1P2/R3KB1R b KQkq -,
7k/pp4p1/3b4/2p5/2Pp1PnP/PP1Q1qB1/1K6/2N4b b - -,f3d3 c1d3 h1e4 d3c1 g4e3 g3e1 d4d3 b3b4 e3c4 b2c3
r1b1k2r/1p1p1ppp/p3pn2/8/5B2/2qB1Q2/P1P3PP/4RR1K b kq -,h7h6 e1e6 d7e6 d3b5 a6b5 f3c3 e8h8 f4h6 f6e8 h6e3
1r1q2k1/p1p1prb1/1pB2nbp/3p4/2PP2pP/1Q4P1/PP1N2P1/R3K1NR b KQ -,d5c4 b3c4 b6b5 c4e6 d8d4 g1e2 d4b2 e1h1 b2d2 e2f4
8/1R3kp1/p4p1p/P3r2P/8/3p2P1/1P3PK1/8 b - -,e5e7 b7e7 f7e7 g2f3 f6f5 f3e3 f5f4 e3d3 f4f3 d3e3
r4rkb/4p2p/3pq1p1/6P1/p1P1PP2/4Q3/PBP5/1K1R2NR b - -,f8b8 e4e5 a4a3 e3e4 b8b2 b1a1 a8c8 g1f3 e6c4 e4c4
r1bq1rk1/p4ppp/1p2pb2/n1p1N3/8/1BPP3P/PBP2PP1/R2QR1K1 b - -,c8b7 d1e2 d8c7 b3a4 c7e5 e2e5 f6e5 e1e5 c5c4 b2a3
2r3k1/p3q1rp/1p2pnBQ/1P1b4/2nR3R/P7/2P2PPP/6K1 b - -,g7g6 h6g6 h7g6 d4d1 g8g7 h4h3 c4e5 h3e3 e5f7 d1d2
1R1qnrk1/3b1pb1/2pPp1pp/p7/3P1PPP/P1PB2B1/1Q2NN2/6K1 b - -,d7c8 b2b7 c8b7 b8d8 e8f6 d8f8 g8f8 g4g5 h6g5 h4g5
rnbqkb1r/pp3ppp/8/2ppPp2/3P4/2P5/PP2NPPP/RNBQK2R b KQkq -,b7b6 e1h1 f8e7 e2f4 g7g5 f4h5 f5f4 f1e1 b8c6 b2b4
8/2p5/3k1P2/5P1p/Pp5P/2pK4/P7/8 b - -,d6e5 f6f7 c7c5 a4a5 c5c4 d3c2 b4b3 a2b3 e5f4 f7f8q
1b3r1k/1q3rp1/2R4p/1P6/1p5P/3Q2P1/6K1/4R3 b - -,f7f2 g2h3 f2f3 e1e3 f3e3 d3e3 b7f7 c6c1 b4b3 e3d4
8/pp2k1pp/3bp3/1P3p2/P7/3KP3/1B3PPP/8 b - -,e6e5 h2h3 g7g6 f2f3 e7e6 d3c4 d6e7 b2c3 e7h4 g2g4
3R3R/p5k1/2p5/1p2p3/6b1/3K4/PP6/6q1 b - -,e6e5 h2h3 g7g6 f2f3 e7e6 d3c4 d6e7 b2c3 e7h4 g2g4
6k1/1p4pp/pN1n4/P2P4/1P3p1P/1K3R2/4r1P1/8 b - -,e2g2 f3f4 h7h5 b6d7 g7g5 f4f6 g2g3 b3c2 d6f7 f6e6
8/r4pk1/3K2p1/3N1p1p/7P/6P1/4RP2/8 b - -,a7a5 e2c2 a5a7 d6c5 a7a4 c5b5 a4a3 b5c4 a3a1 c4d4
8/8/8/7P/K2k4/p7/8/8 b - -,a7a6 d6c5 a6a1 e2c2 a1a5 c5d4 a5a4 d4d3 a4a1 d3e3
5r2/R7/3k4/8/4B3/4KPr1/8/8 b - -,g3g2 e3d4 g2d2 d4e3 d2b2 a7a5 f8b8 a5a6 d6c5 a6a5
8/8/7k/5K2/Bp1P4/3n4/8/8 b - -,
8/8/8/3pk3/P6p/8/5K2/8 b - -,d3c1 d4d5 c1d3 d5d6 d3c5 f5e5 h6g7 e5d4 c5e6 d4c4
6k1/8/4r2p/R4p2/6p1/3P2P1/3KP2P/8 b - -,f5f4 g3f4 e6f6 d2e3 g8f7 f4f5 f6b6 a5a7 f7g8 a7e7
4r2k/p4Np1/2p3Qp/4P3/8/7P/P5PK/1rq5 b - -,h8g8 f7h6 c1h6 g6b1 h6f4 h2h1 f4e5 b1b3 e5e6 b3d3
3R4/8/8/8/8/8/3rq3/1K1k3Q b - -,e2e1 h1f3 e1e2 f3c6 e2e3 c6a4 d1e1 d8e8 e1f2 e8e3
r2qr1k1/2pb1pbp/3p1np1/1p2P1B1/1n1P4/pP3NNP/P1B2PP1/R2QR1K1 b - -,c7c5 g3e4 d6e5 d4e5 d7f5 e4f6 g7f6 g5f6 f5c2 d1c1
8/pp2k2p/3bp3/1P3pp1/P7/3KP2P/1B3PP1/8 b - -,e7f7 g2g4 a7a6 b5a6 b7a6 f2f3 f5g4 f3g4 f7e8 b2c3
1RR5/5ppk/7p/1pnqp3/3p3P/3P1PP1/1P1NPK2/8 b - -,g7g5 c8h8 h7g7 b8g8 g7f6 h8h6 f6e7 g8g5 c5e6 g5f5
8/8/8/4k3/P2p3p/8/4K3/8 b - -,g7g5 c8h8 h7g7 b8g8 g7f6 h8h6 f6e7 g8g5 c5e6 g5f5
rnbq1rk1/p3bppp/2p1pB2/8/PpBP4/5N2/NP3PPP/R2QR1K1 b - -,g7f6 a2c1 a7a5 c1b3 b8d7 c4d3 f6f5 d1e2 e7f6 f3e5
1r4k1/p6R/4Qpn1/3p2n1/1p1P1q1N/2PB4/PP3PP1/6K1 b - -,g8h7 e6d7 h7g8 d7d5 g5f7 d3g6 f4c7 g2g3 b4c3 b2c3
8/2R1kpp1/8/p4Q2/4r1P1/7P/q3P1K1/8 b - -,g8h7 e6d7 h7g8 d7d5 g5f7 d3g6 f4c7 g2g3 b4c3 b2c3
r3r1k1/1pB2ppp/p1n5/8/n1P5/PN1P1P2/5KPP/R6R b - -,b7b5 h1c1 a4b2 c1c3 b5c4 d3c4 a8c8 c7g3 c8d8 c3c2
r1bqr1k1/p1p2p1p/1p1p4/2nP1pP1/1P3B1P/3p3N/P1PK4/Q4B1R b - -,c5e4 d2d1 d3c2 d1c2 c7c6 h4h5 d8c7 h5h6 c6d5 c2b3
2bQ3k/6p1/p6p/3p3q/6n1/BPp1PRP1/P1P5/5RK1 b - -,h8h7 d8h4 h5g6 a3c5 g4e5 f3f8 c8e6 c5d4 e5f7 f8f7
r1bq1rk1/p4ppp/1p2pb2/2p1N3/8/1PPP3P/1BP2PP1/R2QR1K1 b - -,c8d7 d3d4 d8c7 e1e3 f6e5 d4e5 d7c6 d1g4 g8h8 a1e1
2rr1qk1/pp1n1ppp/3P4/4p2Q/8/1BP1R3/P4PPP/2R3K1 b - -,d7f6 h5f5 f8d6 f5e5 d6e5 e3e5 g8f8 e5a5 a7a6 a5f5
8/pp2k2p/3bp3/1P3p2/P1K3p1/4P2P/1B3PP1/8 b - -,a7a6 b2g7 e7e8 g7h6 g4h3 g2h3 e8f7 h6g5 f7f8 b5a6
8/8/2k1Q3/5K2/Np6/8/6P1/2q5 b - -,
r1bqk2r/p3ppbp/1pp3pn/2p1P3/4N3/2PP1N1P/PP3PP1/R1BQK2R b KQkq -,f7f6 c1h6 g7h6 e1h1 f6f5 e4g5 h6g5 f3g5 h7h6 d1a4
7k/pp4p1/8/2p5/2Pp1bnP/PP3QB1/1K6/2N4b b - -,f4c1 b2c1 h1f3 c1d2 g4f6 g3b8 a7a6 b3b4 f3e4 b8f4
r2q1rk1/pp1nppbp/2n1b1p1/3pP3/3N2PP/2N1BP2/PPPQ4/2KR1B1R b - -,d8b8 h4h5 c6d4 e3d4 d7e5 d2e3 g6g5 e3g5 h7h6 g5e3
r3k2r/pp1q1ppp/2nbp3/3p2B1/3P1nb1/2PB2N1/PPQN1PPP/R4RK1 b kq -,f4d3 c2d3 f7f6 g5e3 d6g3 f2g3 e8h8 h2h3 g4f5 d3e2
8/5p1p/8/7k/7P/5PK1/8/8 b - -,
8/6k1/4R3/7p/r7/5K2/8/8 b - -,
3R4/8/8/8/8/5Q2/3r4/1K1kq3 b - -,e1e2 f3c6 e2e3 c6a4 d1e1 d8e8 e1f2 e8e3 f2e3 a4b3
8/5p2/8/5k2/8/4KP2/3P4/8 b - -,f5e5 d2d3 f7f6 f3f4 e5d5 d3d4 f6f5 e3d3 d5d6 d3c4
3R4/8/2Q5/8/8/8/3rq3/1K1k4 b - -,e2e3 c6a4 d1e2 d8e8 e2f2 e8e3 f2e3 a4b3 d2d3 b3e6
8/2n2kp1/7p/8/3KN3/6P1/7P/8 b - -,
7k/pp4p1/3b4/2p5/2Pp1PnP/PP1N2B1/1K6/7b b - -,h1e4 d3e1 h8h7 a3a4 g4e3 a4a5 e3f1 g3f2 d6f4 f2g1
8/6p1/7p/4K1kP/5pP1/5P2/8/8 b - -,g5h4 e5f4 h4h3 f4f5 h3g3 f5g6 g3f4 g6g7 f4g5 g7f7
rnbqkb1r/ppp2ppp/3p1n2/8/8/P2P1N2/1PP2PPP/RNBQKB1R b KQkq -,c7c6 d3d4 d6d5 f1d3 f8d6 d1e2 d6e7 c1g5 e8h8 e1h1
8/8/4k3/2B1N3/2K5/8/8/8 b - -,
rn3rk1/pp1qppbp/6pn/3pP3/3P4/2N2N2/PP3PPP/R1BQ1RK1 b - -,e7e6 c1g5 g8h8 a1c1 b8c6 f1e1 h6f5 g2g4 f5e7 g5f6
8/8/2k5/8/P5K1/3p3p/8/8 b - -,e7e6 c1g5 g8h8 a1c1 b8c6 f1e1 h6f5 g2g4 f5e7 g5f6
2rq1b2/3n1p1k/p2p1Ppp/1p1Pr3/4N3/3B1R2/PPP2QPP/5R1K b - -,e5d5 f2h4 d7c5 e4c5 d6c5 d3e4 d5e5 h4g4 d8e8 f3e3
r2qkbnr/pp1bp1pp/2p5/5pB1/3Pp3/2N5/PPP2PPP/R2QKB1R b KQkq -,g8f6 f2f3 d8a5 d1d2 e4f3 g2f3 e7e6 e1a1 f8d6 g5f6
r3qrk1/p4pbp/b1Np2p1/3P4/2p2PP1/2Nn3P/PP1Q2B1/1K1RR3 b - -,h7h6 e1e8 f8e8 g2f1 a8c8 f4f5 g6g5 f1d3 c4d3 d1e1
3R3R/p5k1/2p5/1p2p3/6b1/8/PPK5/4q3 b - -,h7h6 e1e8 f8e8 g2f1 a8c8 f4f5 g6g5 f1d3 c4d3 d1e1
6k1/8/5p2/2q5/2pN4/2P5/3K4/8 b - -,c5g5 d2e2 g5c1 e2f3 c1c3 f3e4 c3d3 e4d5 g8f7 d5c5
8/6k1/4K3/8/Bp1P4/3n4/8/8 b - -,
r3nrk1/pb2n1pp/1p1qp1P1/2ppNp2/3P1P2/2PBP2Q/PP1N3P/2KR3R b - -,e7g6 e5g6 h7g6 d2f3 e8f6 f3e5 b7c6 e5g6 c5c4 d3c2
4r2k/2Q3b1/1p4p1/7p/1NPp4/3P1pPb/2N2K1P/1R5B b - -,e7g6 e5g6 h7g6 d2f3 e8f6 f3e5 b7c6 e5g6 c5c4 d3c2
8/8/8/7p/4kB2/6PK/r7/8 b - -,e4f5 f4c7 a2c2 c7d6 c2c1 d6f4 c1c3 f4d2 c3d3 d2f4
8/8/3k1p2/8/3PKP2/8/8/8 b - -,a2c2 f4g5 e4f5 g5h6 f5g6 h6f4 c2b2 f4c7 b2b1 c7d6
2r3k1/p3q2p/1p2pn2/1P1b2r1/2n4R/P2R4/2P2PPP/6K1 b - -,a2c2 f4g5 e4f5 g5h6 f5g6 h6f4 c2b2 f4c7 b2b1 c7d6
5r2/pp1b2kp/2q1p2p/3pP3/3N4/8/PP1Q1PPP/3R2K1 b - -,c6c7 d2e3 c7b6 b2b3 d7e8 e3h3 e8f7 h3g4 g7h8 g4f4
8/pp2k3/3bp3/1P3p1p/P1KB2p1/4P2P/5PP1/8 b - -,d6b8 d4c5 e7e8 c4d4 e8d7 e3e4 g4h3 g2h3 f5e4 d4e4
r1bq1rk1/p3ppbp/1pp3pn/2p1P3/4N3/2PP1N1P/PP2QPP1/R1B1K2R b KQ -,d8d7 c1f4 f7f6 a2a4 c8a6 c3c4 h6f5 a4a5 f5d4 f3d4
8/5k2/5p2/3K3P/4p1q1/8/8/2N5 b - -,d8d7 c1f4 f7f6 a2a4 c8a6 c3c4 h6f5 a4a5 f5d4 f3d4
6k1/8/4r2p/R4p2/6p1/3P2P1/4PK1P/8 b - -,e6b6 a5f5 b6b7 f2e3 b7e7 e3d2 e7a7 f5f2 g8h7 e2e4
rnbqkb1r/ppp2ppp/5n2/3p4/P7/3P1N2/1PP2PPP/RNBQKB1R b KQkq -,f8d6 f1e2 e8h8 e1h1 f8e8 d3d4 h7h6 b1d2 c8f5 c2c3
8/8/8/7p/5B1K/5kP1/r7/8 b - -,a2h2 h4g5 f3e4 f4c7 h2c2 c7f4 c2c5 g5h4 c5b5 f4g5
8/8/3k1p2/3P4/4K3/5P2/8/8 b - -,f3e4 h4h5 e4f5 h5h6 a2h2 h6g7 h2b2 g7h6 b2b6 h6g7
1r1q2k1/p1p1prb1/1p5p/3B4/2PPb1pP/1Q4P1/PP4P1/R3K1NR b KQ -,e4d5 c4d5 c7c6 g1e2 d8d5 b3d5 c6d5 a1c1 b8f8 c1c7
8/1p6/p7/P7/5k1P/5b2/3B4/6K1 b - -,
8/5k2/5p2/7q/2K1p3/8/8/2N5 b - -,f4e4 d2g5 f3h5 g1f1 h5g4 f1e1 e4e5 e1d2 g4f3 d2d3
5rk1/prp1qpnn/1p2p1pQ/4P3/2PNN1P1/7P/PP3P2/3R1RK1 b - -,f8c8 d4c6 e7f8 e4f6 h7f6 e5f6 g7f5 h6f8 c8f8 g4f5
8/2n2k2/7p/4K1p1/4N3/6P1/7P/8 b - -,c7e8 e4g5 h6g5 e5f5 e8c7 f5g5 c7e6 g5f5 e6g7 f5f4
6k1/1R4p1/p4p1p/r6P/8/6P1/1P1K1P2/8 b - -,a5d5 d2e2 d5h5 b7b6 a6a5 b2b4 a5b4 b6b4 h5a5 e2e3
8/Bp2k3/3b4/1P2pp1p/P1K3p1/4P2P/5PP1/8 b - -,e5e4 c4d5 d6c7 a7c5 e7d7 c5d4 b7b6 d4f6 c7d6 f6e5
2r3k1/p3q2p/1p2pn2/1P1b4/2n4R/P2R4/2P2PrP/7K b - -,e5e4 c4d5 d6c7 a7c5 e7d7 c5d4 b7b6 d4f6 c7d6 f6e5
5k2/3K4/8/8/Bp1P4/3n4/8/8 b - -,
r3r1k1/1pB2ppp/p1n5/8/2PP4/PN3P2/1n3KPP/R6R b - -,c6e7 b3a5 e8c8 h1b1 b2c4 b1b7 c4a5 c7a5 c8c2 f2g1
2r3k1/3qpp1p/p5pB/1b1P4/3QP3/5P1P/6P1/1R4K1 b - -,c8c1 b1c1 f7f6 e4e5 d7d8 d5d6 d8f8 h6f8 g8f8 d6d7
rn1qk1nr/ppp1ppb1/3p3p/8/3PP1b1/3B1N2/PPPN1PP1/R1BQK2R b KQkq -,g7d4 c2c3 d4g7 d2f1 b8d7 c1e3 g8f6 d1d2 e7e6 f3d4
7k/pp4p1/8/2p5/2Pp1BnP/PP1N4/1K6/7b b - -,h8h7 d3c5 h7g6 f4b8 a7a6 c5e6 g4e3 b8e5 g6f5 e5d4
2k1rb1r/1b5p/pq1pNQ2/5P2/2p5/2N2P2/PPP3PP/4RR1K b - -,h8g8 f6f7 f8h6 e6g7 h6g7 e1e8 g8e8 f7e8 b6d8 e8e6
r2q1rk1/pp2ppbp/2n1b1p1/3pn3/3N2PP/2N1BP2/PPPQB3/2KR3R b - -,b7b5 c3b5 a7a6 d4e6 f7e6 b5d4 d8b8 h1h3 e5c4 e2c4
r1b1k2r/3nbppp/ppq5/2PpPp2/8/2N1BN2/PPPQ2PP/2KR3R b kq -,f5f4 e3f4 d7c5 c3d5 e7d8 d5f6 d8f6 e5f6 e8h8 d2d6