1r1k1b1r/p1p2ppp/8/8/2Np4/3n4/PP3PPP/R1B2RK1 b - -,c7c5 f1d1 d3b4 c1f4 b8b5 a1c1 d8d7 a2a4 b5b7 c4a5,-91
8/8/1p6/p1p2kP1/P7/1P1p1p2/5K2/8 b - -,d3c1 a1c1 f7f6 f1d1 c7c5 d1d3 b8b7 d3a3 h7h5 h2h4,Mate
r1bqk2r/pppp1ppp/2n5/2b1p3/2B5/2P2N2/P1PPQPPP/R1B2RK1 b kq -,d7d5 f3e5 e8h8 e5c6 b7c6 d2d4 f8e8 c1e3 c5d6 c4d3,-42
r4rk1/1b3pbp/pp1p2p1/2pPn3/2P2P1q/P1N1B2P/1PQ1B1P1/R4RK1 b - -,h4h6 c3e4 b7c8 c2d2 e5d7 e4d6 h6h4 d6e4 h4d8 a1d1,251
8/7p/6b1/K7/2k4R/P7/1P3r2/8 b - -,c4b3 a3a4 f2b2 a5b6 b3c3 b6c7 b2b4 h4h3 c3c4 a4a5,-360
r4rk1/pbpnqpbp/1p4p1/4p3/2N1n3/2P1PN1P/PPQ1BPPB/3R1RK1 b - -,g8h8 a2a4 a7a5 c4d2 d7c5 b2b4 e4c3 c2c3 c5a4 c3c2,-39
1rbq1rk1/1pRp2bp/p2Pppp1/8/1P1B4/5B2/P2Q1PPP/5RK1 b - -,h7h6 d2e3 g8h7 a2a4 d8e8 a4a5 b8a8 f1e1 e8f7 h2h4,276
8/5pk1/6p1/3pP2p/4rP1P/r2N2P1/1N1K4/2R5 b - -,g7g8 c1c2 e4d4 c2c3 a3c3 d2c3 d4e4 c3d2 e4d4 b2d1,162
5bk1/1q3ppp/8/P7/5Q2/1P1r1RP1/5PKP/8 b - -,d3d6 b3b4 d6a6 f4c1 f8b4 c1d1 b4a5 g2g1 a5b6 f3f5,-557
2kr2nQ/p1p1q2p/2p1b1p1/3p4/3Pp3/1PN1P1P1/PBP4P/R3K2R b KQ -,g8f6 b2a3 e7f7 h8d8 c8d8 h2h3 e6c8 g3g4 c8a6 e1a1,8
4rr2/2pqb2k/p1p1Rnpp/3pN3/2P5/1P1Q4/PB3PPP/4R1K1 b - -,g8f6 b2a3 e7f7 h8d8 c8d8 h2h3 e6c8 g3g4 c8a6 e1a1,Mate
8/8/5n1R/7p/8/8/3K3k/1r6 b - -,b1f1 h6g6 f1f2 d2d3 f2f3 d3d2 h2h3 g6g1 f6g4 d2e2,-1074
8/8/8/3k2N1/1b1p1p2/nP3P2/4K3/8 b - -,a3c2 g5h3 b4d6 e2d2 c2b4 h3f2 d4d3 d2c3 d6e5 c3b4,-872
8/8/1p6/p1p2kP1/P7/1P3K2/3p4/8 b - -,a3c2 g5h3 b4d6 e2d2 c2b4 h3f2 d4d3 d2c3 d6e5 c3b4,Mate
r3r1k1/ppp2ppp/1bn5/8/3NnBb1/1NPB4/PP3PPP/R4RK1 b - -,c6d4 b3d4 g4h5 a2a4 a7a5 f4e3 h5g6 f1d1 a8d8 d3c2,-16
2k3r1/pPp3q1/3b4/P2p4/3P3p/2PB1N1b/6rP/R4Q1K b - -,c6d4 b3d4 g4h5 a2a4 a7a5 f4e3 h5g6 f1d1 a8d8 d3c2,Mate
5r2/R2R2pk/4pp1p/8/7P/8/Pr3PP1/6K1 b - -,,0
rnbqk2r/pp3ppp/8/2bp4/8/3B1N2/PPP2PPP/R1BQK2R b KQkq -,h7h6 e1h1 e8h8 c2c3 b8d7 f1e1 d7f6 c1e3 c5e3 e1e3,39
r1bq1rk1/3n1ppp/p1n1p3/3pP3/1p1N1P2/4B3/PPPQ2PP/2KR1B1R b - -,d7b8 h2h4 c6d4 e3d4 a6a5 d4c5 f8e8 c5d6 c8a6 h4h5,115
rn2kb1r/ppp2ppp/8/4p3/4P1b1/5N1P/PPP2PP1/R1BK1B1R b kq -,g4e6 f3e5 f8d6 c1f4 b8c6 f1b5 e6d7 e5d7 d6f4 b5c6,106
2q1r3/4pk2/3pRp2/2pP1Qp1/6P1/pPP4r/P1K1R3/8 b - -,,0
B7/8/8/5K2/8/6kP/8/8 b - -,,0
r2qkb1r/ppp1nppp/3pb3/8/3QPB2/2N5/PPP2PPP/2KR1B1R b kq -,d8d7 d4b4 e8a8 f1b5 e7c6 b4a4 d7e8 b5c6 e8c6 a4a7,161
r1bqk1nr/ppp1bppp/3p4/nP2p3/3PP3/1B3N2/P1P2PPP/RNBQK2R b KQkq -,a7a6 b5a6 a8a6 b3a4 c8d7 a4d7 d8d7 b1c3 e5d4 f3d4,-9
r1b1kb1r/1p1n1p2/p3pq2/7p/2NN2p1/4B3/PP3PPP/R2QR1K1 b kq -,e6e5 f2f4 g4f3 d4f3 h8g8 a1c1 e5e4 f3g5 g8g5 e3g5,174
rnbqk2r/pppnp1bp/3p2pB/4p3/3P4/2N2N2/PPPQ1PPP/R3KB1R b KQkq -,g7f8 h6f8 h8f8 f3g5 d7f6 d4e5 d6e5 d2d8 e8d8 e1a1,134
r1bqkbnr/pp1n1ppp/4p3/3pP3/3Q4/2N2P2/PPP3PP/R1B1KBNR b KQkq -,g8e7 f3f4 e7f5 d4d1 f8b4 g1f3 d7c5 c1d2 c8d7 a2a3,-75
2kr3Q/p1p1q2p/2p1bnp1/3p4/3Pp3/BPN1P1P1/P1P4P/R3K2R b KQ -,e7f7 h8d8 c8d8 h2h3 e6c8 e1a1 c8a6 g3g4 f6d7 d1e1,8
6r1/R3R1pk/4pp1p/8/7P/8/Pr3PP1/6K1 b - -,,0
8/8/7R/7p/4n3/8/2K4k/1r6 b - -,b1b5 c2d3 e4f2 d3d4 b5g5 d4e3 h2g3 h6a6 h5h4 a6a1,-1376
1rbq1rk1/1pRp2bp/p2Ppp2/6p1/1P1B4/5B2/P2Q1PPP/2R3K1 b - -,d8e8 b4b5 b7b6 d2e3 h7h5 h2h3 a6b5 d4b6 c8a6 c7a7,288
rn2kb1r/ppp2ppp/8/4p3/4P3/5P1P/PPP2P2/R1BK1B1R b kq -,a7a5 f3f4 b8c6 c2c3 e5f4 c1f4 e8a8 d1c2 f8d6 f4e3,19
r3r1k1/1ppq1ppb/p4n1B/n1b1p3/4P2N/1BP2QNP/PP3PP1/R3R1K1 b - -,c5a7 g3f5 a5b3 f5g7 d7c6 a2b3 f6e4 e1e4 h7e4 f3g3,269
r1bq1rk1/3n1ppp/p3p3/3pP3/1p1B1P2/8/PPPQ2PP/2KR1B1R b - -,a8b8 c1b1 d8c7 d2e3 a6a5 g2g4 c8b7 f1d3 f8c8 f4f5,106
8/7p/6b1/K7/1R6/Pk6/1P3r2/8 b - -,b3a2 a3a4 f2b2 b4h4 a2b3 a5b6 b3c3 b6c7 b2b4 h4h3,-381
1k6/8/1R6/5n2/8/8/8/2K5 b - -,b8c7 b6a6 f5d6 c1d2 c7d7 d2e3 d6f7 e3d4 f7d8 d4d5,12
r1bqk2r/p1p2ppp/8/2PpP3/1b6/5N2/PP1N1PPP/R2QK2R b KQkq -,b4c5 d1c1 c5b6 c1c6 c8d7 c6d5 e8h8 e1h1 d7e6 d5e4,22
2r1r1k1/pp3pbp/2p2np1/4B3/4P2P/2NB1P2/PPP2P2/2KR3R b - -,f6h5 e5g7 g8g7 c3e2 c8d8 d3c4 g7f8 c2c3 h5f6 e2g3,546
r1b1kb1r/3n1p2/p3Nq2/1p5p/2N3p1/4B3/PP3PPP/R2QR1K1 b kq -,f8e7 e3g5 f7e6 g5f6 d7f6 c4b6 a8b8 b6c8 b8c8 d1e2,528
rnbq1rk1/ppp1b1pp/3p1n2/5p2/2PPP3/2N4N/PP2P1PP/R1BQKB1R b KQ -,f5e4 g2g3 c7c6 f1g2 b8d7 d1b3 d7b6 h3f4 g7g5 f4h3,-22
r1b5/1pk1r1p1/2q2p1p/p2Q1P2/3p4/8/P5PP/2RR3K b - -,,0
r2k4/ppp2prp/2n5/5bN1/2p2P2/2N5/PP4PP/3R1RK1 b - -,,0
1k4r1/pPp3q1/3b4/P2p4/3P3p/2PB1N1b/R5rP/5Q1K b - -,d8c8 d1d5 c6e7 d5d4 b7b6 f1e1 e7g6 d4c4 c8b7 g2g3,Mate
3qQ1k1/1br2p1p/5np1/pP1p2B1/Nb1N4/1P3P2/2B1R1PP/6K1 b - -,g8g7 e8d8 f6e4 d8c7 e4g5 c7b7 b4e1 b7d5 g7h6 b5b6,1303
8/4B2p/3P2k1/4n1p1/4R3/2P1pP2/1r5P/5K2 b - -,g8g7 e8d8 f6e4 d8c7 e4g5 c7b7 b4e1 b7d5 g7h6 b5b6,Mate
r3r1k1/1ppq1ppb/p4n1B/2b1p3/4P2N/1PP2QNP/1P3PP1/R3R1K1 b - -,d7e6 b3b4 c5f8 h6g5 f6d7 h4f5 g8h8 h3h4 d7b6 h4h5,175
8/8/1p6/p1p2kP1/P7/1P2K3/8/3q4 b - -,d7e6 b3b4 c5f8 h6g5 f6d7 h4f5 g8h8 h3h4 d7b6 h4h5,Mate
r1bq1rk1/3n1ppp/4p3/p2pP3/1p1B1PP1/8/PPPQ3P/2KR1B1R b - -,c8b7 h2h4 d8c7 c1b1 d7c5 h4h5 c5e4 d2e3 f8c8 d1c1,53
r1b1kb1r/3n1p2/p3q3/1p4Bp/2N3p1/8/PP3PPP/R2QR1K1 b kq -,f8e7 c4d6 e8f8 e1e6 f7e6 d1d4 h8h7 d4e4 e7d6 e4h7,637
3qr1k1/1r2p2p/p1bp1p2/2PNnPp1/4P3/3P2PP/P2Q2BK/1R3R2 b - -,d8d7 d3d4 e5f7 e4e5 d6e5 d5b6 b7b6 c5b6 c6g2 d2g2,153
8/8/8/1k1B4/3K4/6B1/8/8 b - -,d8d7 d3d4 e5f7 e4e5 d6e5 d5b6 b7b6 c5b6 c6g2 d2g2,Mate
r2qk2r/p1p2ppp/2p2n2/2b5/4P3/2NP4/PPP3PP/R1BQK2R b KQkq -,a7a5 d1f3 e8h8 c1g5 c5d4 c3a4 h7h6 g5d2 f6d7 e1a1,134
r3r1k1/ppp2ppp/1b6/8/3PnBb1/1N1B4/PP3PPP/R4RK1 b - -,e4f6 f1c1 c7c6 a2a4 a8d8 f4e3 a7a5 d3f1 b6c7 e3d2,-22
3B4/7p/KPk3p1/8/4p3/7P/6P1/6b1 b - -,,0
r2qkb1r/ppp2ppp/2n1pn2/3pNb2/3P4/P1N3P1/1PP1PP1P/R1BQKB1R b KQkq -,c6e5 d4e5 f6d7 f2f4 d7c5 f1g2 d8d7 c1e3 e8a8 e3d4,-41
rn1q1rk1/1bp3pp/pp1bp3/3P1p2/3Pn3/1PNBPN2/PBQ2PPP/R4RK1 b - -,d8e8 c3e4 f5e4 d3e4 e8h5 f3e5 e6d5 e4d3 b8c6 c2e2,351
r3k2r/p2q1pp1/bp1p4/n1pPp3/2P1PnBp/P1P1N2P/5PP1/R1BQ1RK1 b kq -,f7f5 e3f5 g7g5 g2g3 h4g3 f2g3 e8d8 g3f4 g5f4 f1f4,278
1k4r1/pPp3q1/3b4/P2p4/3P3p/2PB1N1Q/r6P/7K b - -,f7f5 e3f5 g7g5 g2g3 h4g3 f2g3 e8d8 g3f4 g5f4 f1f4,Mate
r3kb1r/pp2pp1p/1qn3p1/3p3n/3P2b1/1PPB1NBP/P2N1PP1/R2QK2R b KQkq -,h5g3 f2g3 g4f3 g2f3 e7e5 d4e5 e8a8 d1e2 f8g7 f3f4,-91
r1b3k1/3pq1pp/p1pR1p2/2B5/4P3/PP3QP1/5P1P/6K1 b - -,h7h6 f3f4 a6a5 h2h4 e7e5 f4e5 f6e5 g3g4 a8b8 b3b4,73
rnb1k2r/pp2qppp/8/2bp4/8/3B1N2/PPP1QPPP/R1B1K2R b KQkq -,f7f6 c1e3 c5e3 f2e3 b8c6 e1a1 c8e6 h1e1 e8h8 e3e4,41
rnbk1bnr/pp1p1ppp/3P1q2/2p5/8/2P4N/PP2QPPP/RNB1KB1R b KQ -,f6e6 c1e3 h7h6 b1a3 g8f6 e1a1 f8d6 e2d2 d6e5 f1c4,185
n4rk1/1r1qpp1p/1pR1P1pb/p2P4/3B4/5B2/PQ3PPP/5RK1 b - -,f7e6 f3g4 a8c7 d4e5 d7d5 c6c7 b7c7 e5c7 d5e4 h2h3,653
8/7p/6b1/K7/PR6/8/kP3r2/8 b - -,f2b2 b4h4 a2b3 a5b6 b3c3 b6c7 b2b4 h4h3 c3c4 a4a5,-414
r2q1rk1/3n1ppp/b3p3/p2pP3/1p1B1PP1/8/PPPQ2BP/2KR3R b - -,a5a4 d2b4 a6e2 d1d2 e2g4 b4d6 g4f5 h1g1 g7g6 g2f1,35
r7/1p1n4/2p1kp1p/p1P3p1/4BP2/PPR1P3/5K1P/8 b - -,f6f5 e4d3 a8d8 f2f3 e6f6 d3c2 g5g4 f3f2 d8e8 c3c4,-34
r2qkb1r/ppp2ppp/4pn2/3pPb2/8/P1N3P1/1PP1PP1P/R1BQKB1R b KQkq -,f6e4 c3e4 f5e4 f2f3 e4f5 h2h4 h7h6 e2e3 f8e7 f1d3,-55
8/8/1p6/p1p2kP1/P2q4/1P3K2/8/8 b - -,f6e4 c3e4 f5e4 f2f3 e4f5 h2h4 h7h6 e2e3 f8e7 f1d3,Mate
4r1k1/2p3p1/1p6/p4n2/2PnNK2/P4p2/1P5P/5R2 b - -,e8f8 c4c5 b6c5 e4c5 d4e2 f4f3 f5g3 f3e3 f8e8 e3f2,-592
r2q1kr1/pQp4p/2np4/2b1p3/4P1p1/2P2P2/PP1P1P1P/RNB2R1K b - -,g4f3 d2d4 g8g2 c1h6 f8g8 f1g1 g2g1 h1g1 d8e8 g1h1,-64
r3k2r/p2qppbp/2p1n1p1/2p1P3/8/NP4PP/PBPP3K/R2Q1R2 b kq -,e6g5 d1g4 d7d2 h2h1 a8d8 h3h4 d2d5 h1h2 d5e4 g4f4,-35
2r1r1k1/pp3pbp/2p2np1/4n3/4P2P/2N2PB1/PPP1BP2/2KR3R b - -,f6h5 f3f4 g7h6 e2h5 g6h5 c1b1 e5c4 e4e5 f7f5 c3e2,285
r1b1kb1r/ppp2pp1/2n2n1p/3qp3/2PP4/5N1P/PP3PP1/RNBQKB1R b KQkq -,d5e4 c1e3 f8b4 b1c3 e5d4 f3d4 e8h8 d4c6 e4c6 d1b3,-82
rnbq1rk1/pppp2pp/4p3/3P4/2P1p3/2B1P3/PP3PPP/R2QK1NR b KQ -,b8a6 b2b4 d8h4 g1h3 d7d6 d5e6 c8e6 h3f4 f8f7 d1d4,68
2rq1bk1/1pN1rp2/1P1p1np1/3Pp2p/1R2P3/1P1Q2PP/5PB1/5RK1 b - -,f8h6 h3h4 c8b8 g2h3 f6e8 c7e8 e7e8 f1a1 g8g7 d3e2,178
5bk1/1q3ppp/P7/8/5Q2/1r3RP1/5PKP/8 b - -,b7d5 f4f5 d5f5 f3f5 b3a3 h2h4 a3a6 g2h3 f8d6 f5d5,-433
2r1r3/1b3kp1/4pq1p/pp6/3P4/1B5P/P2Q1PP1/3RR1K1 b - -,f6g6 d4d5 f7g8 d2a5 b7d5 b3d5 e6d5 a5b5 e8e1 d1e1,36
8/8/7R/1r5p/4n3/3K4/7k/8 b - -,e4f2 d3d4 b5g5 d4e3 h2g3 h6b6 h5h4 b6b1 g5e5 e3d4,-9605
r5k1/2Rbpp1p/6p1/2N5/p2rP3/5P2/P5PP/5RK1 b - -,d7c8 a2a3 g8f8 f1c1 f8e8 g1f2 d4d2 f2g3 d2a2 c1c3,23
r4rk1/1b1n1pbp/pp1p2p1/2pP4/2P2P1q/P1N4P/1PQ1BBP1/R4RK1 b - -,h4h6 c3e4 h6f4 f2c5 f4e5 c5d6 e5b2 c2b2 g7b2 a1b1,102
5rk1/1q3p2/1p2p1p1/p1pn4/6N1/2P2QP1/PP3P1P/4R1K1 b - -,b7c6 h2h4 c6a4 f3e2 a4a2 c3c4 d5e7 h4h5 e7f5 h5g6,220
n4rk1/1r1qp2p/1pR1p1pb/p2P4/3B2B1/8/PQ3PPP/5RK1 b - -,a8c7 d4e5 d7d5 c6c7 b7c7 e5c7 d5e4 h2h3 g8f7 b2a3,659
r5k1/ppq2p1p/2nb2p1/4r1B1/PP1N3Q/2P4P/2B2PP1/3R1RK1 b - -,c6d4 h4d4 e5g5 d4d6 c7c3 d6f4 g5h5 d1d7 a8f8 d7c7,512
4r1k1/p4ppp/1pb1B3/8/7P/3Q1nP1/PP3K2/2N5 b - -,h7h6 e6f5 f3e5 d3c3 c6b5 c1d3 b5d3 f5d3 h6h5 d3e2,333
2r2rk1/1p3pp1/p1npN2p/2b1p3/2B1P3/3P1P1P/PPP2P2/R4RK1 b - -,c5f2 f1f2 f8e8 e6g7 g8g7 f3f4 b7b5 c4b3 e8f8 f4e5,208
1k4r1/pPp3q1/3b4/P2p4/3P3p/2PB1N2/7Q/7K b - -,c5f2 f1f2 f8e8 e6g7 g8g7 f3f4 b7b5 c4b3 e8f8 f4e5,Mate
rnbk1bnr/pp1p1ppp/3q4/2p5/5B2/2P4N/PP2QPPP/RN2KB1R b KQ -,d6a6 b1a3 a6e2 f1e2 d7d5 a3b5 b8a6 e1a1 c8e6 h3g5,198
r1bqk2r/p1p2ppp/8/2bpP3/8/5N2/PPQN1PPP/R3K2R b KQkq -,c5b6 a2a4 a7a5 c2c6 c8d7 c6d5 e8h8 d5e4 d7e6 d2c4,19
rn1qk2r/ppp1p1bp/1n3pp1/3pPb2/3P1P2/1B3N2/PPP3PP/RNBQ1RK1 b kq -,e8h8 h2h3 a7a5 a2a4 b8a6 c1e3 b6c4 b3c4 d5c4 f3h4,91
r1b1k2r/pp2Qppp/2n5/2bp4/8/3B1N2/PPP2PPP/R1B1K2R b KQkq -,c5e7 c1e3 c8g4 d3e2 e8a8 e1a1 d5d4 e3d2 h8e8 h1e1,25
r1b1kb1r/3n4/p3pq2/1p5p/2NB2p1/8/PP3PPP/R2QR1K1 b kq -,b5c4 d4f6 d7f6 d1a4 c8d7 e1e6 f8e7 e6a6 d7a4 a6a8,185
8/7p/8/5K2/2k2P2/8/8/8 b - -,c4d5 f5f6 h7h5 f6g5 d5e6 f4f5 e6e7 g5h5 e7f7 h5g5,Mate
8/5pk1/6p1/4PP1p/3pr2P/3N2P1/rNRK4/8 b - -,f7f6 c2c7 g7f8 e5f6 g6f5 d2c2 e4e3 d3f4 e3c3 c7c3,156
8/8/7R/1r5p/8/8/3K1n1k/8 b - -,h2g3 h6h8 b5g5 d2c3 h5h4 c3b2 g5f5 h8e8 f2g4 b2c3,-9605
r4rk1/2p3pp/p1nq4/3b1pN1/8/2Q5/PP3PPP/R1B1R1K1 b - -,a8d8 g5h3 d6b4 c1d2 b4d4 e1d1 d4c3 d2c3 d5f7 a2a3,22
q2rk3/4bpp1/2b1p2r/p1p1P2p/P2p1N1P/1P4PQ/2PN1P1K/R4R2 b - -,g7g5 h4g5 e7g5 f2f3 e8e7 d2e4 c6e4 f3e4 a8e4 f4d3,-321
r7/1p6/2p1kn1p/p1P2pp1/5P2/PP1RPB2/5K1P/8 b - -,e6e7 d3d6 a8h8 b3b4 a5b4 a3b4 h8a8 b4b5 a8a2 f2f1,-19
2r2r2/p4pk1/1bp4p/1p2n1p1/4P3/1P4P1/P2RNPBP/3R1K2 b - -,f7f5 e4f5 f8f5 e2d4 f5f6 d2e2 c8d8 e2e5 d8d4 e5e7,-18
r1bqrk2/ppp2Bp1/1b1p1n1p/n7/3PP2B/2N2N2/PPQ2PPP/R4RK1 b - -,f8f7 e4e5 d8d7 e5f6 d7f5 c2f5 c8f5 f6g7 a5c6 c3d5,94
2rq1bk1/1pP2p2/3p1np1/3Pp2p/1R2P3/1P1Q2PP/5PB1/5RK1 b - -,d8e8 b4b7 h5h4 g1h2 e8e7 d3c3 g8h7 b3b4 f8h6 b4b5,446
r2r2k1/p4ppp/1pb1B3/2b1n3/7P/1Q1p1PP1/PP1Rp1K1/2R3N1 b - -,c5g1 e6f7 g8h8 f7h5 g1c5 c1e1 d8d4 d2e2 d3e2 e1e2,-311
2r5/1p1k3p/1B4p1/p4pP1/P3r3/1PPK3P/8/5R2 b - -,d7c6 b6d4 c8e8 f1f2 e4e1 h3h4 e1h1 d3c4 h1h4 f2b2,-560
6r1/4b3/1p1pp1k1/1Ppnp3/2P3Pp/5N1P/P2B2P1/3R2K1 b - -,d5b4 g4g5 g8a8 f3h4 g6g7 g2g3 a8a3 h4g2 a3g3 h3h4,-107
r1b2rk1/4bppp/p1qpp2Q/6P1/4P3/1P6/1BP2P1P/2KR2R1 b - -,e6e5 b2e5 c6c2 c1c2 d6e5 h6b6 c8e6 c2d3 f8b8 b6c7,91
r1bqk2r/p1p2ppp/1b6/3pP3/P7/5N2/1PQN1PPP/R3K2R b KQkq -,a7a5 c2c6 c8d7 c6d5 e8h8 d2c4 d7e6 d5e4 a8b8 a1c1,6
r1b1kb1r/3n4/p4q2/1p2N2p/3B2p1/8/PP3PPP/R2QR1K1 b kq -,d7e5 d4e5 f6f5 d1d5 f8e7 d5c6 e8f7 e5h8 c8e6 c6a8,656
rnb2rk1/pppp2pp/4p3/3P2q1/2P1p3/2B1P1P1/PP3P1P/R2QK1NR b KQ -,g5f5 d1e2 d7d6 g3g4 f5g6 h2h4 e6e5 h4h5 g6g5 g1h3,-144
r2qk2r/ppp1p1bp/1nn2pp1/3pPb2/3P1P1P/1B3N2/PPP3P1/RNBQ1RK1 b kq -,e8h8 c2c3 e7e6 b1d2 a7a5 b3c2 a5a4 c2f5 g6f5 f1f2,33
rn2kb1r/ppp2ppp/8/4p2b/4P1P1/5N1P/PPP2P2/R1BK1B1R b kq -,b8d7 g4h5 e8a8 d1e1 d7f6 c1g5 f8c5 g5f6 g7f6 h3h4,442
2r1r3/1b3kp1/4pq1p/1p6/p2P4/7P/P1BQ1PP1/3RR1K1 b - -,f7g8 c2d3 e8f8 a2a3 b7d5 e1e5 d5b3 d1e1 f6f4 e1e3,8
q2rk3/4bp2/2b1p2r/p1p1P1pp/P2p3P/1P1N2PQ/2PN1P1K/R4R2 b - -,g5g4 f2f3 g4h3 h2h3 e8f8 h3h2 a8a7 d2c4 f8g8 c4d6,-1058
r4rk1/pbpnq1bp/1p4p1/N3pp2/4n3/2P1PN1P/PPQ1BPPB/3R1RK1 b - -,b7c8 e2c4 g8h8 c4d5 b6a5 d5a8 e4c5 a8d5 c8a6 c3c4,176
r1b2rk1/4bppp/p1qp3Q/4B1P1/4P3/1P6/2P2P1P/2KR2R1 b - -,c6c2 c1c2 d6e5 h6b6 c8e6 c2d3 f8b8 b6c7 e7f8 d3e2,93
8/7p/1K6/8/PR6/3b4/kP3r2/8 b - -,f2b2 b4b2 a2b2 b6c5 b2c3 c5d5 c3b4 d5d4 d3g6 d4d5,-1472
8/8/7R/7p/8/8/1r3n1k/4K3 b - -,f2b2 b4b2 a2b2 b6c5 b2c3 c5d5 c3b4 d5d4 d3g6 d4d5,Mate
r1b1k2r/ppppqppp/2n5/8/2BPR3/2n2N2/P4PPP/R1BQ2K1 b kq -,c3e4 d4d5 c6e5 f3e5 e7e5 a1b1 e8h8 c1b2 e5f4 d1d4,-477
r1bqk2r/2p2ppp/1bQ5/p2pP3/P7/5N2/1P1N1PPP/R3K2R b KQkq -,c8d7 c6d5 e8h8 e1h1 d7e6 d5e4 d8e7 d2c4 a8b8 c4b6,4
r1bqkbnr/pp1n1ppp/2p5/3pp3/4P3/2NP2B1/PPP2PPP/R2QKBNR b KQkq -,d8a5 a2a3 d5d4 b2b4 a5c7 c3a2 g8e7 f1e2 a7a5 c2c3,-57
2k3r1/pp3R2/3p2q1/2pQb3/4P2p/2P3rP/PP4B1/R6K b - -,g6f7 d5f7 g3g2 f7g8 g2g8 a1g1 e5g3 g1f1 c8c7 b2b4,-542
3k1b1r/p1p2pp1/8/2q4p/8/2Np1B1P/PP1P1PP1/R1BK3R b - -,g7g5 f3e4 c5f2 e4d3 f2g2 d3e4 g2f2 d1c2 f7f5 e4d3,18
6r1/R3R1pk/4pp1p/8/7P/8/P4PPK/1r6 b - -,,0
r1bq1rk1/p1pp1ppp/1p3n2/8/3QP3/2N5/PPP1BPPP/2KR3R b - -,d7d6 e4e5 f6e8 e2f3 a8b8 h1e1 c8e6 d4f4 b6b5 f3c6,142
5rk1/2p3p1/8/2p2n2/p2n1K2/P4p2/1P1N1R1P/8 b - -,f5h6 f4e4 h6g4 f2f3 d4f3 d2f3 g4f2 e4e3 f2d1 e3e4,-684
rnbqk2r/p2p1ppp/1p2pn2/2p5/1bPP4/2N1P3/PP1BBPPP/R2QK1NR b KQkq -,,0
8/6R1/8/8/3n3P/3kpp2/8/5K2 b - -,d4f5 g7g8 f5h4 g8d8 d3e4 d8f8 h4g6 f8e8 e4f4 f1e1,-50
5rk1/1q3p2/1p2p1p1/p2n4/2p3NP/2P2QP1/PP3P2/4R1K1 b - -,g8g7 h4h5 g6h5 g4f6 f8d8 f6h5 g7g8 f3g4 g8f8 g4c4,230
r1bqr3/ppp2kp1/1b1p1n1p/n3P3/3P3B/2N2N2/PPQ2PPP/R4RK1 b - -,d8d7 e5f6 d7f5 c2f5 c8f5 f6g7 f7g7 c3d5 a5c6 f1c1,86
8/pppnkppp/8/8/8/1P6/P1P1KPPP/2B5 b - -,e7d6 c1f4 d7e5 e2e3 d6d5 c2c4 d5e6 f4e5 e6e5 f2f4,9
5rk1/2p3p1/7p/1p3p2/3p4/3r4/PP2RPPP/2R2K2 b - -,,0
5bk1/5ppp/P7/8/8/1r3QP1/5PKP/8 b - -,b3b6 a6a7 b6a6 a7a8q a6a8 f3a8 g7g6 g2f3 g8g7 a8a7,532
rnbq1rk1/ppp1b1pp/3p1n2/8/2PPp3/2N3PN/PP2P2P/R1BQKB1R b KQ -,b8d7 h3f4 d7b6 d1b3 c7c6 f1g2 g7g5 f4h3 h7h6 d4d5,8
rn2kb1r/ppp2ppp/6b1/4N3/4P1P1/7P/PPP2P2/R1BK1B1R b kq -,b8d7 e5g6 h7g6 c2c3 e8a8 d1c2 f7f6 h3h4 f8d6 f1c4,102
rn1qk2r/pb1p1ppp/1p2pn2/2p5/1bPP4/2N1PB2/PP1B1PPP/R2QK1NR b KQkq -,b8c6 a2a3 b4c3 d2c3 c5d4 c3d4 e8h8 g1e2 d7d5 c4d5,3
r2qk2r/ppp1p1bp/1nn2pp1/3pPb2/3P1P1N/1B6/PPP3PP/RNBQ1RK1 b kq -,f5e6 c2c3 e8h8 b3c2 f6e5 f4e5 f8f1 d1f1 d8d7 b1d2,115
3k4/8/2BK4/8/4N3/8/8/8 b - -,f5e6 c2c3 e8h8 b3c2 f6e5 f4e5 f8f1 d1f1 d8d7 b1d2,Mate
2r2r2/5pk1/1bp4p/pp2n1p1/4P3/1P4P1/P2R1PBP/2NR1K2 b - -,f7f5 e4f5 f8f5 d2e2 g5g4 d1d2 c8f8 h2h3 h6h5 g2e4,-10
rr4k1/5p1p/6p1/2p1P3/p1PpRqb1/1P1Q4/P2N1PPP/1R4K1 b - -,f4f5 h2h3 g4h5 g2g4 f5e6 g4h5 a4b3 a2b3 g6h5 g1h1,347
8/4k3/p4p2/P2p2p1/2rNb1P1/2P1P1K1/8/2R5 b - -,c4a4 d4c6 e7d6 c6d4 a4a3 c1d1 a3c3 g3f2 c3a3 d1c1,-114
6R1/8/8/8/3n3P/3kpp2/8/5K2 b - -,d4e6 g8e8 e6f4 f1e1 f4g2 e1f1 g2h4 e8d8 d3e4 d8e8,-28
r1bqk1nr/pppp1ppp/1bn5/4p3/1P2P3/P1NP4/2P1NPPP/R1BQKB1R b KQkq -,g8f6 c3a4 d7d5 e4d5 f6d5 c2c4 d5f4 e2f4 b6d4 f4h5,2
r1bqn1k1/p6p/1p1p4/2pPbr2/2P3R1/2N5/PP2B2P/R1BQ2K1 b - -,g8h8 g4g2 d8h4 c1d2 e8g7 g1h1 f5f7 d2g5 h4d4 d1d4,-74
8/pp1nkppp/2p5/8/2P5/1P6/P3KPPP/2B5 b - -,,0
2r3k1/2p3p1/7p/1p3p2/3p4/3r4/PPR2PPP/2R2K2 b - -,c7c5 c2c5 c8c5 c1c5 d3d2 c5b5 d4d3 f2f4 d2e2 b5b3,16
r1r3k1/2qn1ppp/b3p3/p2pP3/1p1B1PP1/8/PPPQ2BP/1KR4R b - -,c7c4 f4f5 c4e2 c1d1 a5a4 h1e1 e2c4 g2f1 c4c7 f1a6,37
r1bqk1nr/ppp2ppp/3p4/2bQp3/2P1P3/5N2/PPP2PPP/RNB2RK1 b kq -,g8e7 d5d3 e7g6 b1c3 e8h8 c1e3 b7b6 e3g5 f7f6 d3d5,-50
8/8/8/8/5k2/3n4/6K1/4q3 b - -,f7f6 d5d3 g8e7 b1c3 e8h8 c1e3 c5e3 d3e3 b7b6 f3d2,Mate
8/8/1K6/P6p/1R6/3b4/kP3r2/8 b - -,f7f6 d5d3 g8e7 b1c3 e8h8 c1e3 c5e3 d3e3 b7b6 f3d2,Mate
r2r2k1/p4Bpp/1pb5/4n3/7P/1Q1p1PP1/PP1Rp1K1/2R3b1 b - -,g8h8 f7h5 g1c5 c1e1 d8d4 d2e2 d3e2 e1e2 c5d6 b3e6,-315
3r2k1/p4p2/4q1p1/2pNb3/P6p/2PQ2P1/5P1P/3R2K1 b - -,e5d4 d5e3 d4f6 e3d5 g8g7 a4a5 h4h3 g1f1 e6c6 d3c4,-120
8/5p1p/1B2p1p1/1Pk5/K4P2/8/6PP/8 b - -,c5b6 a4b4 b6c7 b4c5 c7b7 h2h3 b7c7 h3h4 c7d7 c5b6,642
r1b1k2r/ppppRppp/2n5/8/2BP4/2n2N2/P4PPP/R1BQ2K1 b kq -,c6e7 d1c2 c3d5 c4d5 e7d5 c2c5 d7d6 c5d5 e8h8 h2h3,593
6r1/2n1b3/1p1pp1k1/1Pp1p3/2P3Pp/5N1P/P5P1/3RB1K1 b - -,,0
5r2/p5b1/2p3Rk/1p2P3/7P/3B1P2/PPP5/1K6 b - -,h6h5 g6g7 h5h4 d3e4 f8e8 f3f4 e8d8 g7g1 d8d4 e4c6,655
5rk1/1rnqp2p/1pR1p1pb/p2PB3/6B1/8/PQ3PPP/5RK1 b - -,d7d5 c6c7 b7c7 e5c7 d5e4 h2h3 h6g7 b2b6 g7d4 b6e6,660
r4rk1/1b2bppp/p1qpp2Q/6P1/1p1BP3/1PN5/1PP2P1P/2KR2R1 b - -,e6e5 c3d5 c6d5 e4d5 g7h6 g5h6 g8h8 d4e3 f8g8 g1g8,-318
r3kb1r/pppq1ppp/2n1b3/1B2P3/4Q3/8/PPPPN1PP/R1B1K2R b KQkq -,e6d5 e4e3 a7a6 b5a4 e8a8 e1h1 f7f6 e5f6 d8e8 e3f2,-50
r3k2r/p2qppbp/2p1n1p1/2p1P3/8/1P4PP/PBPPQ2K/RN3R2 b kq -,e6d4 e2e4 d7d5 b1c3 d5e5 a1e1 e5d6 c3b5 d6d7 b5d4,-32
r1bqk2r/ppp2ppp/3p1n2/2b1p3/2P1P3/3Q1N2/PPP2PPP/RNB2RK1 b kq -,c8e6 b2b3 e8h8 b1c3 a7a5 c1e3 f6d7 d3d2 h7h6 f3e1,-35
1rr3k1/2qn1ppp/b3p3/p2pPP2/1p1B2P1/8/PPPQ2BP/1KR4R b - -,c7d8 f5f6 a5a4 d2e3 d7b6 h2h4 b6c4 e3g5 d8f8 h1h3,103
5rk1/1q3p2/1p2pNp1/p2n4/2p5/2P2QP1/PP3P1P/4R1K1 b - -,d5f6 f3b7 f6d5 b7c6 f8d8 c6c4 d5f6 c4e2 d8d5 e1d1,601
8/8/PK6/8/1R5p/3b4/kP3r2/8 b - -,d5f6 f3b7 f6d5 b7c6 f8d8 c6c4 d5f6 c4e2 d8d5 e1d1,Mate
3r4/1p2k3/2p2n1p/p1P2pp1/5P2/PP2PB2/3RK2P/8 b - -,d8d2 e2d2 g5g4 f3g2 h6h5 d2e1 h5h4 h2h3 e7e6 b3b4,-160
rnbqk2r/pppnp1bp/3p2p1/4P1B1/8/2N2N2/PPPQ1PPP/R3KB1R b KQkq -,b8c6 e5d6 c7d6 g5h6 g7h6 d2h6 d7f6 f1b5 c8f5 e1a1,133
r1b1k2r/ppppnppp/8/8/2BP4/1Qn2N2/P4PPP/R1B3K1 b kq -,d7d5 c4d3 c3e4 c1a3 c7c6 f3e5 e8h8 a3e7 f8e8 e7a3,575
r3kbnr/pp1q1ppp/3p4/4p3/Q3P3/2N5/PPP2PPP/R1B1K2R b KQkq -,d7a4 c3a4 f7f5 e4f5 g8e7 c1d2 e7f5 e1a1 e8d7 f2f4,25
8/5pk1/8/4Pp1p/3p3P/3N2P1/2rNK3/8 b - -,g7h7 d3e1 c2c5 d2f3 c5c3 f3d4 c3g3 d4f5 g3a3 e1f3,126
rnbqkb1r/2p2ppp/p3pn2/8/PppPPB2/5N2/NP3PPP/R2QKB1R b KQkq -,f6e4 f1c4 f8d6 f4d6 e4d6 c4d3 a6a5 a2c1 b8d7 c1b3,-83
2kr1b1r/ppp1pppp/2nq1n2/4N3/3P4/4B3/PPP1NPPP/R2QK2R b KQ -,c6e5 e3f4 f6d7 d4e5 d7e5 d1d6 e7d6 e1a1 d8e8 h1e1,-183
2rq1rk1/p2p1ppp/bp2pn2/8/2P5/PPQ1PN2/4BPPP/R4RK1 b - -,d7d5 f1d1 b6b5 c3d4 b5c4 d4a7 c8a8 a7d4 c4b3 e2a6,-21
r1bq1rk1/p1pp1ppp/1p3n2/4P3/3Q4/2N5/PPP2PPP/2KR1B1R b - -,f6h5 h2h4 c8b7 f1e2 g7g6 e2h5 g6h5 h1h3 f7f6 h3g3,361
rnb1k1nr/bp2qppp/p7/3p4/8/1N3N2/PPP1BPPP/R1BQK2R b KQkq -,h7h6 e1h1 g8f6 e2d3 e8h8 f1e1 e7d6 c1e3 a7e3 e1e3,50
5r2/p5b1/2R5/1p2P2k/7P/3B1P2/PPP5/1K6 b - -,g7h6 a2a3 h6e3 e5e6 f8e8 d3b5 e8e7 b5c4 h5h4 b1a2,580
r1b1k2r/ppppnBpp/8/8/3Pn3/1Q3N2/P4PPP/R1B3K1 b kq -,e8d8 f3g5 h7h6 g5e4 d7d6 c1a3 h8f8 f2f3 c8d7 a1e1,675
r2r3k/p5pp/1pb5/4n2B/7P/1Q1p1PP1/PP1Rp1K1/2R3b1 b - -,g1c5 c1e1 d8d4 b3e6 c5d6 e1e2 d3e2 d2e2 c6d7 e6b3,-310
2r2nk1/pr3pp1/8/p2Pp2p/1b1qP2B/2p2PNP/RPQ3P1/3R3K b - -,c3b2 c2b1 d4d1 b1d1 c8c1 h1h2 c1d1 a2b2 f8g6 h4g5,-650
5rk1/2p3p1/8/2p5/p2nK1n1/P4R2/1P1N3P/8 b - -,d4f3 d2f3 g4f2 e4e3 f2d1 e3e4 d1b2 f3h4 b2c4 h4f5,-713
r5k1/ppq2p1p/3b2p1/4r1B1/PP1R3Q/2P4P/2B2PP1/5RK1 b - -,a8e8 g5f4 e5e6 c2b3 c7c3 d4d6 c3b3 d6e6 b3e6 f4h6,502
rnbqk2r/ppp1p1bp/3p2p1/4N1B1/8/2N5/PPPQ1PPP/R3KB1R b KQkq -,h7h6 e5g6 h6g5 g6h8 g7h8 e1a1 c7c6 h2h4 g5g4 d1e1,371
2r1r3/5kp1/4pq1p/1p1b4/p2P4/3B3P/P2Q1PP1/3RR1K1 b - -,f7g8 d3b5 e8f8 b5d3 a4a3 e1e3 c8b8 d3c2 f6g5 f2f3,24
8/8/7p/3p2p1/1k1P1pP1/3K1P1P/8/8 b - -,f7g8 d3b5 e8f8 b5d3 a4a3 e1e3 c8b8 d3c2 f6g5 f2f3,Mate
1n6/pp2kppp/2p5/8/2P2B2/1P6/P3KPPP/8 b - -,a7a5 f4b8 a5a4 b3a4 h7h5 b8f4 g7g6 f4e3 f7f5 a4a5,500
r4rk1/1b2bppp/p1qpp3/6PQ/1p1BP1R1/1PN5/1PP2P1P/2KR4 b - -,f7f5 g4h4 e7g5 h5g5 c6d7 d1d3 e6e5 d3h3 d7d8 g5g1,465
r1bq1rk1/ppp2ppp/3p1n2/2b1p1N1/2P1P3/3Q4/PPP2PPP/RNB2RK1 b - -,a7a6 a2a4 h7h6 g5f3 c8e6 b1c3 f6d7 c1e3 f7f5 e4f5,-76
r1b2rk1/1pp1b2p/n5q1/p2Pp3/2P3p1/2N1B1PP/PP1QB3/2KR3R b - -,g4h3 g3g4 a6b4 h1h3 f8f4 e3f4 e5f4 d5d6 c7d6 e2f3,230
2rq1rk1/p4ppp/bp2pn2/3p4/2P5/PPQ1PN2/4BPPP/R2R2K1 b - -,b6b5 c4c5 b5b4 c3e1 a6e2 e1e2 b4a3 d1c1 f6e4 c5c6,-20
r2qk2r/2pb1ppp/1b6/p2QP3/P7/5N2/1P1N1PPP/R3K2R b KQkq -,e8h8 e1h1 d7e6 d5e4 h7h6 d2c4 a8b8 a1c1 d8e7 c4b6,4
rn1q1rk1/pbp1npbp/1p4p1/3pP3/3P1P2/2N1BN2/PP1Q2PP/R3KB1R b KQ -,f7f6 e1a1 c7c5 e5f6 g7f6 c1b1 e7f5 d4c5 f5e3 d2e3,96
4R3/8/8/8/3n3P/4pp2/3k4/5K2 b - -,,0
r3k2r/ppB2ppp/b4n2/8/4P3/NPP2P2/P2R2PP/2KR4 b kq -,e8h8 c1b2 f6e8 c7g3 b7b5 a3c2 f7f5 e4f5 e8f6 c2e3,485
r1bk3r/ppppnBpp/8/6N1/3P4/1Q6/P4PPP/R5K1 b - -,h7h6 a1e1 h6g5 b3e3 c7c6 e3e7 d8c7 d4d5 a7a6 d5d6,673
5r2/P7/1K6/8/1R5p/3b4/kP6/8 b - -,h4h3 b4h4 d3f1 h4f4 f8f4 a7a8q a2b2 a8d8 b2c3 d8d6,2
rnb1k2r/bp2qppp/p4n2/3p4/8/1N3N2/PPP1BPPP/R1BQ1RK1 b kq -,b8d7 f1e1 f6e4 f3d4 e8h8 c1e3 d7e5 c2c3 f8e8 d4c2,33
2r3k1/pbr1qppp/1p1p1n2/4p3/PPP1n3/4PN2/1Q2BPPP/R1R1B1K1 b - -,e7e6 a4a5 g7g5 e2d3 h7h6 a5b6 a7b6 a1a7 b7c6 a7c7,41
r3k2r/p2qppbp/2p3p1/2p1P3/3nQ3/1P4PP/PBPP3K/RN3R2 b kq -,d7d5 b1c3 d5e5 a1e1 e5c7 c3b5 c7d7 b5d4 c5d4 b2a3,-26
r4rk1/pbpnq1bp/6p1/p3pp2/4n3/1QP1PN1P/PP2BPPB/3R1RK1 b - -,e7e6 b3e6 g8h8 e6d7 e4c5 d7c7 a8c8 c7a5 f5f4 e3f4,817
r1bqr1k1/ppp2pp1/1bnp1n1p/8/2BPP2B/1QN2N2/PP3PPP/R4RK1 b - -,c6a5 c4f7 g8f8 b3c2 f8f7 e4e5 d8d7 e5f6 d7f5 c2f5,91
r1b2k2/1p1p2pp/p1pR1p2/2P1q3/2Q2B2/PP4P1/4PP1P/6K1 b - -,b7b5 c5b6 e5b5 d6d7 b5c4 f4d6 f8g8 d7d8 g8f7 b3c4,460
rn2kb1r/ppp2ppp/8/1B2N3/4b1P1/7P/PPP2P2/R1BK3R b kq -,e4c6 e5c6 b8c6 h1e1 f8e7 c2c3 e8a8 d1c2 e7c5 f2f4,66
r3kbnr/pp3ppp/3p4/4p3/N3P3/8/PPP2PPP/R1B1K2R b KQkq -,g7g6 c2c4 f8e7 f2f3 f7f5 a4c3 g8f6 e1e2 a8c8 b2b3,42
rnbqkb1r/pp1p1ppp/4pn2/3P4/8/5N2/PP2PPPP/RNBQKB1R b KQkq -,f6d5 e2e4 f8b4 b1d2 d5b6 f1d3 e8h8 e1h1 b8c6 d1e2,-55
r3kb1r/pppq1ppp/2n5/1B1bP3/8/3Q4/PPPPN1PP/R1B1K2R b KQkq -,a7a6 b5c6 d7c6 d3c3 d5g2 c3c6 g2c6 h1g1 e8a8 d2d4,-39
r2q1rk1/ppp3pp/1bn2p2/3pP3/3Pn1b1/2N1BN1P/PP2BPP1/R2Q1RK1 b - -,g4f5 e5f6 f8f6 a1c1 g8h8 e2b5 c6e7 b5d3 e7g6 d3e4,42
q2rk3/4bp2/2b1p2r/p1p1P1Pp/P2p1N2/1P4PQ/2PN1P1K/R4R2 b - -,e7g5 f2f3 e8e7 d2e4 h5h4 h3g4 h4g3 h2g2 g5f4 g4f4,-314
5r2/1q3pk1/1p2pNp1/p2n4/2p5/2P2QP1/PP3P1P/3R2K1 b - -,b7c7 f6d5 e6d5 f3d5 f8e8 g1f1 e8e6 h2h4 e6f6 f1g2,190
rnbqkbnr/pp3ppp/3p4/1BpP4/8/2P2N2/PP3PPP/RNBQK2R b KQkq -,b8c6 d5c6 b7c6 b5c6 c8d7 c6a8 d8a8 e1h1 d7c6 c3c4,602
r1bk3r/ppp3pp/8/3Q2N1/3P4/8/P4PPP/R5K1 b - -,b8c6 d5c6 b7c6 b5c6 c8d7 c6a8 d8a8 e1h1 d7c6 c3c4,Mate
5rk1/2p3p1/8/2p5/p3K1n1/P4N2/1P5P/8 b - -,g4f2 e4e3 f2d1 e3e4 d1b2 f3g1 b2c4 e4d5 c4a3 d5c5,-714
r2q1rk1/pp1b1ppp/5b2/2pB1P2/5B2/2P3P1/PP2Q2P/R4RK1 b - -,d7f5 d5b7 f5d3 e2f3 d3f1 a1f1 a8b8 f4b8 d8b8 f1f2,9
rnbqk1nr/p4ppp/1pp1p3/3P4/3P4/P1P1P3/5PPP/R1BQKBNR b KQkq -,c6d5 a3a4 c8a6 f1a6 b8a6 c1a3 g8e7 g1f3 e8h8 d1d3,37
1r1q1rk1/pp1b1pbp/2nppnp1/2p2P2/P3PB2/2NP2PP/1PP1N1B1/R2Q1RK1 b - -,f6e8 f5e6 f7e6 d1d2 c6e5 g1h2 e5f7 a1b1 e8f6 b2b4,-2
r3kb1r/pp3ppp/3p1n2/4p3/N3P3/5P2/PPP3PP/R1B1K2R b KQkq -,,0
4rrk1/1b3pbp/pp1p2p1/2pPn3/2P1N2q/PP2B2P/2Q1BPP1/R4RK1 b - -,e5c4 b3c4 e8e4 a1d1 f8e8 c2d2 e4e3 f2e3 b7c8 f1f3,-123
r1b2b1q/3n1k2/p3R3/7p/2Q3p1/8/PP3PPP/R5K1 b - -,f7g7 c4d4 g7f7 d4d5 d7f6 e6f6 f7f6 d5d4 f6g6 d4h8,590
6rk/7p/p2p3q/1ppPb3/2P5/3Q4/P4R1P/5R1K b - -,,0
r4rk1/1b2bppp/p1qpp3/6PQ/3BP2R/1Pp5/1PP2P1P/2KR4 b - -,e7g5 h5g5 f7f6 g5h5 f8f7 h5h7 g8f8 e4e5 f6e5 d4e3,314
5r2/PK6/8/8/1R6/3b3p/kP6/8 b - -,h3h2 b4a4 a2b3 a4h4 h2h1q h4h1 d3e4 b7c7 e4h1 c7d6,-644
2r2rk1/p1q2ppp/bp2pn2/3p4/2P5/PPQ1PN2/4BPPP/2RR2K1 b - -,f8d8 f3d4 d5c4 b3c4 h7h6 h2h3 d8d7 c3b4 c7c5 b4a4,-22
4r1k1/ppq2p1p/3b2p1/4r3/PP1R1B1Q/2P4P/2B2PP1/5RK1 b - -,e5e6 c2b3 c7c3 d4d6 c3b3 d6e6 b3e6 f4h6 e6d6 h4c4,521
2bq1rk1/Q4p1p/2p2np1/3p4/1r3P1P/2N5/PPP3P1/2KR1B1R b - -,d8d6 f1d3 c6c5 h1f1 c8g4 a2a3 b4b6 c3a4 b6c6 d1e1,-108
r1b1kb1r/ppp1qppp/2n5/4P3/3PQB2/5N2/PPP3PP/R3KB1R b KQkq -,g7g6 c2c3 c8f5 e4e3 e7e6 f1e2 e8a8 e1h1 h7h6 e3f2,266
rn2kb1r/pp3ppp/2p5/1B2N3/4b1P1/7P/PPP2P2/R1BKR3 b kq -,f7f5 b5d3 b8d7 e5d7 e8d7 d3e4 f5e4 e1e4 f8c5 c1e3,176
r1b4r/ppp1k1pp/8/3Q2N1/3P4/8/P4PPP/4R1K1 b - -,f7f5 b5d3 b8d7 e5d7 e8d7 d3e4 f5e4 e1e4 f8c5 c1e3,Mate
r4rk1/1b2bppp/p1qpp3/6PQ/3BP2R/1P6/1KP2P1P/3R4 b - -,c6e4 h4e4 b7e4 h5e2 e4f5 d1a1 f8c8 c2c3 e6e5 d4b6,50
3r4/1q3pk1/1p2pNp1/p2n4/P1p5/2P2QP1/1P3P1P/3R2K1 b - -,d5f4 d1d5 d8d5 f6d5 f4d5 h2h4 b7e7 f3e2 d5f6 e2c4,-451
5r2/p5R1/2p5/1p2P2k/7P/3B1P2/PPP5/1K6 b - -,f8f3 g7h7 h5g4 d3e2 g4f5 e2f3 c6c5 h7a7 f5e5 a7a5,3485
r1b4r/ppp3pp/5k2/4Q1N1/3P4/8/P4PPP/4R1K1 b - -,f8f3 g7h7 h5g4 d3e2 g4f5 e2f3 c6c5 h7a7 f5e5 a7a5,Mate
r3kb1r/pp3ppp/3p1n2/4p3/4P3/2N5/PPP2PPP/R1B1K2R b KQkq -,a8c8 c1g5 f8e7 f2f3 e8d7 e1a1 c8c6 g5f6 e7f6 c3d5,50
5rk1/2p3p1/8/2p5/p7/P3KN2/1P3n1P/8 b - -,f2d1 e3e4 d1b2 f3g1 b2c4 g1e2 f8e8 e4f3 c4d2 f3f2,-751
r1bqkb1r/ppp1pp1p/2n3p1/3n4/8/3P1N2/PPP1BPPP/RNBQ1RK1 b kq -,d5b6 d3d4 f8g7 c2c3 e7e5 d4e5 d8d1 f1d1 c6e5 a2a4,49
8/6k1/p1r1pq1p/1p1p1pP1/P2R4/2P1Q3/1K2R3/8 b - -,h6g5 a4b5 a6b5 e2h2 g7g6 e3h3 g6f7 d4b4 c6c4 b4b5,252
r2q1rk1/2pb1ppp/1b6/p2QP3/P7/5N2/1P1N1PPP/R4RK1 b - -,d7e6 d5e4 h7h6 a1a3 a8b8 e4c2 d8e7 a3c3 e7b4 h2h3,2
r1b5/1pkr2p1/2q2p1p/p4P2/3pQ3/8/P5PP/2RR3K b - -,a8a6 e4f4 d7d6 d1d4 c6c1 f4c1 a6c6 c1f4 c8f5 d4d6,11
rnbqkb1r/2p2ppp/p3p3/8/PpBPnB2/5N2/NP3PPP/R2QK2R b KQkq -,f8d6 f4d6 e4d6 c4d3 a6a5 a2c1 c8b7 c1b3 b8d7 a1c1,-90
r1b4r/ppp3pp/6k1/4Q3/3P4/5N2/P4PPP/4R1K1 b - -,f8d6 f4d6 e4d6 c4d3 a6a5 a2c1 c8b7 c1b3 b8d7 a1c1,Mate
r3kb1r/pp2pp1p/1qn3p1/3p3n/3P2bB/1PPB1N2/P2N1PPP/R2QK2R b KQkq -,h5f4 d3f1 c6d8 d1c1 f8h6 f3e5 g4f5 h2h3 a8c8 e5g4,-168
rnbqkb1r/pp1p1ppp/5n2/3p4/8/2N2N2/PP2PPPP/R1BQKB1R b KQkq -,f8b4 c1d2 e8h8 a2a3 b4c3 d2c3 d7d6 e2e3 b8c6 f1e2,-21
r3k2r/p3ppbp/2p3p1/2pqP3/3nQ3/1PN3PP/PBPP3K/R4R2 b kq -,d5d7 c3a4 d7d5 a1e1 a8d8 f1f2 h7h5 h3h4 d4e6 d2d3,63
6k1/p5p1/3p4/2b1p2p/2P1P1R1/5K2/1P1BQP2/8 b - -,h5g4 f3g4 a7a5 d2a5 g7g6 e2d3 c5d4 d3b3 d4b2 c4c5,1571
r6k/p6p/1p1p1q2/2pP4/2Pb4/8/P3Q1RP/5R1K b - -,f6e5 e2e5 d4e5 a2a4 e5d4 g2e2 d4e5 f1f7 h8g8 e2f2,314
8/4P3/1B6/8/8/5r2/7K/5k2 b - -,,0
r1b2rk1/1p2bppp/p1nqpn2/8/P1BP4/4BN2/1P3PPP/RN1Q1RK1 b - -,c6a5 b1d2 c8d7 c4d3 d7c6 f3e5 c6d5 b2b3 a8c8 d2c4,-34
5rk1/1p1r1ppp/p4n2/8/3R4/1PN3P1/PB2RPKP/8 b - -,d7d4 c3a4 d4d7 b2f6 g7f6 a4b6 d7d6 b6c4 d6d8 c4e3,-229
r1b2k2/1p1p2pp/p1pR1p2/2P5/2Q2B2/PP4P1/4PPKP/q7 b - -,a1e5 f4e5 f6e5 c4e4 f8g8 e4e5 g8f8 g3g4 a6a5 f2f3,776
2r2rk1/p1q2ppp/b3pn2/1pPp4/8/PPQ1PN2/4BPPP/2RR2K1 b - -,b5b4 c3c2 a6e2 c2e2 a7a5 a3b4 a5b4 e2e1 c7a5 d1d4,-29
Q4r2/1K6/8/8/1R6/3b4/kP5p/8 b - -,b5b4 c3c2 a6e2 c2e2 a7a5 a3b4 a5b4 e2e1 c7a5 d1d4,Mate
rn2kb1r/ppp2ppp/8/4N3/4b1P1/3B3P/PPP2P2/R1BK3R b kq -,e4h1 d3c4 f8d6 e5f7 h8f8 f7d6 c7d6 c1e3 b8d7 c4d3,-455
r2qk2r/ppp3bp/1nn1pp2/3pPp2/3P1PP1/1BN5/PPP4P/R1BQ1RK1 b kq -,c6e7 g4f5 e7f5 d1h5 e8e7 g1h1 a7a5 f1e1 h8f8 a2a4,84
r6r/ppp3pp/6k1/4Qb2/3P3N/8/P4PPP/4R1K1 b - -,c6e7 g4f5 e7f5 d1h5 e8e7 g1h1 a7a5 f1e1 h8f8 a2a4,Mate
2b5/1pkr2p1/r1q2p1p/p4P2/3p1Q2/8/P5PP/2RR3K b - -,,0
6r1/p2nb3/1n1pp1k1/NPp5/4p1Pp/2P4P/P2B2P1/3RN1K1 b - -,d6d5 a2a4 d7e5 d2f4 b6c4 a5c4 e5c4 g2g3 e7f6 g3h4,-239
r6k/p3q2p/1p1p1n2/2pP1bN1/2Pb4/3B4/P5RP/1R1Q3K b - -,f5e4 d3e4 f6e4 d1e2 e4f2 g2f2 e7g5 f2g2 g5h6 b1f1,258
5rk1/2p3p1/8/2p5/p3K3/P4N2/1P5P/3n4 b - -,d1b2 h2h4 b2c4 h4h5 c4a3 h5h6 g7h6 f3d2 f8d8 e4e3,-764
r4q1k/r5p1/P1R2pQp/4pP2/4P3/4PK1P/8/R7 b - -,f8d8 c6e6 d8d7 g6g2 d7c7 g2f1 h8h7 f1g1 c7f7 g1g4,40
2kr1b1r/ppp1pppp/3q1n2/4P3/6b1/2N1B3/PPP1BPPP/R2QK2R b KQ -,d6e6 d1c1 g4e2 c3e2 e6e5 e1h1 f6g4 e2g3 g4e3 f1e1,-178
r2Q1rk1/2p2ppp/1b2b3/p3P3/P7/5N2/1P1N1PPP/R4RK1 b - -,f8d8 f1c1 d8d3 h2h3 a8d8 d2c4 e6c4 c1c4 d3d1 a1d1,-2
r1b2b1q/3n2k1/p3R3/7p/3Q2p1/8/PP3PPP/R5K1 b - -,g7g8 d4d5 g8h7 d5e4 h7g8 e6g6 f8g7 e4a8 d7f8 a8c8,604
r6r/ppp3pp/8/4QNk1/3P4/8/P4PPP/4R1K1 b - -,g7g8 d4d5 g8h7 d5e4 h7g8 e6g6 f8g7 e4a8 d7f8 a8c8,Mate
r3kb1r/1b3ppp/2p1pn2/p2q4/8/3BPN2/1B2QPPP/R4RK1 b kq -,f8b4 f3e5 e8h8 f1d1 d5c5 e5g4 c5g5 g4f6 g7f6 f2f4,-39
2b2rk1/Q4p1p/2pq1np1/3p4/1r3P1P/2N3P1/PPP5/2KR1B1R b - -,c8g4 a2a3 g4d1 a3b4 d1f3 h1g1 d5d4 c3d1 d6b4 a7a3,-168
8/4k3/p4p2/PN1p2p1/2r3P1/2PbP1K1/8/2R5 b - -,a6b5 c1h1 c4a4 h1h8 a4a5 h8c8 a5a3 g3f2 a3a2 f2g3,-674
2b5/1pk3p1/r1qr1p1p/p4P2/3p4/6Q1/P5PP/2RR3K b - -,c8f5 g3g7 c7c8 c1c6 a6c6 g7f8 d6d8 f8h6 f5e4 h6f4,-37
rn1q1rk1/pbppnpbp/1p2p1p1/8/2PPPP2/2N1BN2/PP1Q2PP/R3KB1R b KQ -,b8a6 h2h4 h7h5 e1a1 f7f5 e4e5 d7d5 f3g5 d8c8 c4c5,125
8/1p6/2p1kn2/p1P2p2/3K1Ppp/PP2P2P/6B1/8 b - -,g4h3 g2h3 f6e4 h3f1 e4f2 e3e4 h4h3 d4e3 h3h2 e4f5,-317
7k/8/6p1/8/r5Pp/1R3K1P/5P2/8 b - -,a4a5 f3e4 h8g7 f2f4 a5a4 e4f3 a4a1 b3b7 g7g8 f3e4,16
2r2rk1/p1q2ppp/b3pn2/2Pp4/1p6/PP2PN2/4BPPP/2RRQ1K1 b - -,a6e2 e1e2 a7a5 a3b4 a5b4 d1d4 c7a5 e2e1 c8c5 c1a1,-28
5rk1/2p3p1/8/2p1N3/p3K3/P7/1n5P/8 b - -,f8e8 e4d5 c5c4 e5c6 c4c3 c6b4 e8e2 d5d4 c3c2 b4a2,-875
r1b2b1q/3n3k/p6R/7p/3Q2p1/8/PP3PPP/R5K1 b - -,h7g8 h6h8 g8f7 h8h7 f7g6 d4e4 g6f6 e4c6 f6g5 c6d5,1342
r1b1k2r/3n1ppp/p1q1p3/1pbpP3/5P1P/4B3/PPPQN1P1/2KR1B1R b kq -,e8h8 e2d4 c6c7 h4h5 b5b4 g2g4 a6a5 g4g5 a5a4 c1b1,93
8/P1R5/4kpp1/7p/7P/1K4P1/8/r7 b - -,,0
1rr3k1/p5bp/2Q1ppp1/8/5PP1/2P5/PP3B1P/3R1RK1 b - -,e6e5 c6e6 g8h8 f2a7 b8a8 e6f7 c8g8 f4e5 f6e5 g4g5,850
r2qkb1r/p4p1p/2pp2p1/np1Pp3/8/2P1PBP1/PP3PP1/RN1QK2R b KQkq -,c6c5 f3e2 a8b8 b2b4 c5b4 c3b4 a5c4 a2a4 c4b2 d1c2,122
K7/8/8/8/1R6/3b4/kP5p/8 b - -,c6c5 f3e2 a8b8 b2b4 c5b4 c3b4 a5c4 a2a4 c4b2 d1c2,Mate
6k1/5ppp/P7/2b5/8/6P1/4KP1P/8 b - -,f7f5 e2f3 g8f7 f3e2 f7e6 f2f3 c5a7 e2d3 e6e5 d3c2,-479
2r2rk1/p1q2ppp/4pn2/2Pp4/1p6/PP2PN2/4QPPP/2RR2K1 b - -,a7a5 a3b4 a5b4 e2e1 c7a5 d1d4 c8c5 c1a1 a5c7 d4b4,-30
r1b2rk1/1p2bppp/p1nqp3/3n4/P1BP4/2N1BN2/1P3PPP/R2Q1RK1 b - -,f8d8 a1c1 h7h6 c3e4 d6b4 b2b3 e7f8 e3d2 b4e7 f1e1,-20
8/1pk3Q1/r1qr1p1p/p4b2/3p4/8/P5PP/2RR3K b - -,c7c8 c1c6 a6c6 g7h6 f5e4 h6f4 f6f5 h1g1 d4d3 g2g4,-39
r4r2/ppp3Np/8/4Q1k1/3P4/8/P4PPP/4R1K1 b - -,c7c8 c1c6 a6c6 g7h6 f5e4 h6f4 f6f5 h1g1 d4d3 g2g4,Mate
8/pp2kppp/n1p5/8/2P5/1P6/P2BKPPP/8 b - -,g7g6 b3b4 a6b8 d2f4 b8d7 e2d3 a7a6 f4g3 f7f6 d3c3,5
r1b2b1q/3n3k/p3R3/7p/4Q1p1/8/PP3PPP/R5K1 b - -,h7g8 e6g6 f8g7 e4a8 d7f8 a8c8 h8h7 g6g5 h7h6 c8f5,Mate
r1bq1rk1/pp2bppp/2np1n2/2p1p3/4P3/2NPB1PP/PPP1NPB1/R2QK2R b KQ -,a8b8 a2a4 a7a6 e1h1 b7b5 a4b5 a6b5 e3d2 d8c7 f2f4,4
r4rk1/ppp2ppp/1bn5/7b/4nBP1/1NP2N1P/PP2BP2/R4RK1 b - -,h5g6 f3h4 a7a5 a2a4 h7h6 e2f3 a8e8 g1g2 g6h7 h4f5,9
2rq1bk1/1pN1rp2/1P1p1np1/3Pp2p/1pR1P3/1P4PP/2Q2PB1/5RK1 b - -,g8h8 f1a1 f6d7 c7b5 c8b8 c4b4 d8b6 c2c3 h8h7 b5a7,47
r4r2/ppp4p/6k1/4Q2N/3P4/8/P4PPP/4R1K1 b - -,g8h8 f1a1 f6d7 c7b5 c8b8 c4b4 d8b6 c2c3 h8h7 b5a7,Mate
r5k1/pp3ppp/2n5/1BbR4/8/5P2/PPP2PKP/R1B1r3 b - -,c6d4 d5c5 b7b6 c5d5 d4c2 a1b1 c2b4 d5d7 a8c8 b5c4,271
r2q1rk1/2p2ppp/1b2b3/p3P3/P3Q3/5N2/1P1N1PPP/R4RK1 b - -,a8b8 d2c4 h7h6 a1c1 d8e7 c4b6 b8b6 f3d4 b6b2 d4e6,4
r1bq1rk1/p1pp1ppp/1p6/4P2n/3Q3P/2N5/PPP2PP1/2KR1B1R b - -,d7d5 f1e2 c7c5 d4d5 d8d5 c3d5 g7g6 g2g4 h5g7 h4h5,388
2k1r3/ppp3q1/B1Pb4/P2p1b2/3P3p/2PQ1N1P/6rP/R6K b - -,d7d5 f1e2 c7c5 d4d5 d8d5 c3d5 g7g6 g2g4 h5g7 h4h5,Mate
r3kb1r/pp3ppp/5n2/3Pp3/N7/5P2/PPP3PP/R1B1K2R b KQkq -,,0
rn1q1rk1/pbp2pbp/1p4p1/3pPn2/3P1P2/2N2N2/PP1Q1BPP/R3KB1R b KQ -,d8d7 f1b5 c7c6 b5a4 d7c8 g2g4 f5d4 f3d4 c6c5 c3d5,135
1QR2bk1/4q3/3pB1p1/3Pp3/4Pp1p/4nP1P/6P1/7K b - -,d8d7 f1b5 c7c6 b5a4 d7c8 g2g4 f5d4 f3d4 c6c5 c3d5,Mate
2b2rk1/Q4p1p/2pq1np1/3p4/5P1P/2N3P1/PKP5/3R1B1R b - -,c8g4 d1d4 g4f3 h1h2 c6c5 d4d3 f8b8 b2c1 d5d4 c3b5,265
8/1pkb4/r1qr1p1Q/p7/3p4/8/P5PP/2RR3K b - -,d4d3 c1c6 a6c6 h2h4 c6c4 h4h5 d7c6 h6g7 c7b6 h5h6,4
r4r2/1pp4p/p5k1/4Q3/3P1N2/8/P4PPP/4R1K1 b - -,d4d3 c1c6 a6c6 h2h4 c6c4 h4h5 d7c6 h6g7 c7b6 h5h6,Mate
r1b1r1k1/pp1n1pbp/6p1/3Bp1B1/4P3/5N2/PP2KPPP/R6R b - -,h7h6 g5e3 d7f6 d5b3 f6e4 h1d1 c8e6 b3e6 e8e6 d1d7,-44
r4rk1/pp1b1ppp/1q3b2/2pB1P2/P4B2/2P3P1/1P2Q2P/R4RK1 b - -,a7a5 f1f2 a8d8 e2c4 h7h6 c4b3 b6b3 d5b3 f8e8 b3c4,-6
8/K7/8/8/1R6/3b4/kP6/7q b - -,a8e8 a4a5 e8e2 a5b6 a7b6 f1f2 e2f2 g1f2 d7f5 d5b7,Mate
5k2/5ppp/P7/2b5/5P2/6P1/4K2P/8 b - -,f7f5 e2d3 f8e7 d3e2 e7d6 e2d3 c5a7 d3c3 d6d5 c3b4,-504
r1bq1rk1/ppp2pb1/3p2np/2PP2p1/PP1NPp2/2N4P/4BPP1/2RQ1RK1 b - -,a7a5 c5c6 a5b4 c6b7 c8b7 c3b5 g7d4 b5d4 g6e5 c1b1,41
r3k2r/p2qppbp/2p1n1p1/2p1P3/8/1P3QPP/PBPP3K/RN3R2 b kq -,e8h8 b1a3 d7d2 f3g2 a8d8 a3c4 d2d7 a1e1 h7h5 f1f2,-45
2kr1b1r/ppp1pppp/4qn2/4P3/6b1/2N1B3/PPP1BPPP/R1Q1K2R b KQ -,g4e2 c3e2 e6e5 e1h1 f6g4 e2g3 g4e3 f1e1 e7e6 e1e3,-194
r1b2rk1/p1ppqppp/2p5/6B1/2Q5/2P2N2/P4PPP/R4RK1 b - -,e7e6 c4a4 c6c5 f1e1 e6a6 a4a6 c8a6 g5e7 f8b8 e7c5,350
r3kbnr/1pqbpppp/p1np4/2p5/4P3/2PP1PP1/PP3N1P/RNBQKB1R b KQkq -,h7h5 f3f4 h5h4 f1g2 e8a8 b1d2 e7e6 d2f3 h4g3 h2g3,-25
r1b2bkq/3n4/p5R1/7p/4Q1p1/8/PP3PPP/R5K1 b - -,h8g7 g6g7 g8g7 e4a8 g4g3 a8c8 g3f2 g1f1 d7f6 a1d1,Mate
8/5k2/7R/5KP1/8/8/1r6/8 b - -,,0
r2q1rk1/ppp3pp/1bn2p2/3pP3/3Pn3/2N1BB1P/PP3PP1/R2Q1RK1 b - -,a8b8 c3e4 d5e4 f3e4 c6d4 a2a4 a7a5 e5f6 d8f6 d1g4,93
rnbqk2r/1pp2ppp/p3pn2/3P2B1/1bB1P3/2N5/PP3PPP/R2QK1NR b KQkq -,b4c3 b2c3 h7h6 g5f6 d8f6 g1e2 e8h8 e1h1 e6d5 c4d5,2
4r1k1/2p3p1/2N5/3K4/p1p5/P7/1n5P/8 b - -,c4c3 c6b4 e8e2 d5d4 c3c2 b4a2 e2h2 d4c3 b2d1 c3b4,-1172
1Q3R1k/4q3/3pB1p1/3Pp3/4Pp1p/4nP1P/6P1/7K b - -,c4c3 c6b4 e8e2 d5d4 c3c2 b4a2 e2h2 d4c3 b2d1 c3b4,Mate
r1b4r/ppp1k1pp/3q4/3pN3/3Pn3/1Q6/PP3PPP/RN2K2R b KQ -,d6b6 b3d5 e4d6 e1h1 c8e6 d5f3 b6d4 f1e1 h8f8 f3g3,142
r2q1rk1/pbpp1ppp/1p6/4P2n/3Q3P/2N5/PPP1BPP1/2KR3R b - -,c7c5 d4g4 g7g6 d1d7 d8c8 h1d1 b7c6 d7d6 c8g4 e2g4,397
rnbqkbnr/ppp2ppp/8/3N4/3PP3/8/PPP3B1/R1BQ2KR b kq -,c7c6 d5f4 b8a6 c2c3 a6c7 d1f3 c7e6 f3g3 g8f6 e4e5,-352
r1b2rk1/ppp3pp/3pp3/2nP1q2/2P1p3/2B1P1P1/PP1Q1P1P/1K3RNR b - -,e6e5 g1e2 f5g6 h2h3 c8d7 g3g4 b7b5 b2b3 a7a5 c3a5,-202
2b2rk1/Q4p1p/2p2np1/3p4/1q3P1P/2N3P1/P1P5/2KR1B1R b - -,c8f5 a7d4 b4a3 c1d2 f6h5 h1g1 a3b2 f1d3 c6c5 d1b1,268
r4r2/ppp3k1/1b1pNp1p/1P2n2Q/4P3/8/1PP2PPP/5RK1 b - -,g7g8 g1h1 f8e8 h5f5 e8e6 f5e6 g8g7 f2f4 e5g6 e6d7,Mate
r2q1rk1/pppb1ppp/3p1n2/2b1p1N1/2P1P3/2NQ4/PPP2PPP/R1B2RK1 b - -,h7h6 g5f3 c5b4 c3d5 f6d5 c4d5 f7f5 e4f5 d7f5 d3c4,-45
r4rk1/ppp2ppp/1bn3b1/8/4nBPN/1NP4P/PP2BP2/R4RK1 b - -,a7a5 a2a4 h7h6 h4g6 f7g6 f4h2 a8d8 g1g2 f8f2 f1f2,1
r2q1rk1/2p3pp/p1nN4/3b1pN1/8/2p5/PPQ2PPP/R1B1R1K1 b - -,c6b4 c2c3 d8d6 c1e3 f8e8 a2a3 f5f4 e3c5 d6g6 h2h4,60
r4r2/1pp4p/p6k/7Q/3P1N2/8/P4PPP/4R1K1 b - -,c6b4 c2c3 d8d6 c1e3 f8e8 a2a3 f5f4 e3c5 d6g6 h2h4,Mate
2rq1bk1/1pNnrp2/1P1p2p1/3Pp2p/1R2P3/1P4PP/2Q2PB1/5RK1 b - -,d7b6 b4b6 e7c7 c2d2 h5h4 g3g4 d8e7 d2a2 c7c2 a2a5,-123
r1bqk1nr/ppp1nppp/3b4/3p4/3P4/2PB2N1/PP3PPP/RNBQK2R b KQkq -,g8f6 c1g5 c8g4 d3e2 d6g3 h2g3 f6e4 e2g4 e4g5 b1d2,29
8/4kppp/P7/2b5/5P2/3K2P1/7P/8 b - -,f7f5 d3d2 e7d6 d2e2 d6e6 e2f3 e6d5 g3g4 g7g6 f3g3,-639
5r2/8/PK6/8/7R/3b4/kP6/8 b - -,,0
r2q1rk1/2p1bpp1/p1np1n1p/1p2p2b/3PP1P1/2P2N1P/PPBN1P2/R1BQR1K1 b - -,h5g4 h3g4 f6g4 d2f1 e7h4 e1e2 h4f6 d1d3 b5b4 f1h2,296
r2qr1k1/ppp2pp1/1bnpbn1p/3P4/2B1P2B/1QN2N2/PP3PPP/R4RK1 b - -,c6a5 d5e6 a5b3 e6f7 g8h7 f7e8q d8e8 a2b3 f6h5 a1d1,355
1Q6/4qRk1/3pB1p1/3Pp3/4Pp1p/4nP1P/6P1/7K b - -,e7f7 e6f7 g7f7 b8d6 e3c4 d6d7 f7g8 d5d6 c4d6 d7d6,Mate
r3k2r/p3qp2/bp1p2p1/n1pPp2B/2P1P2p/P1P1N2P/5PP1/R1BQ1RK1 b kq -,e8d8 h5e2 d8c7 f2f4 f7f6 a1a2 a8f8 e2g4 c7b8 a2f2,451
8/4k3/p4p2/P2p1Np1/2r3P1/2PbP1K1/8/2R5 b - -,d3f5 g4f5 e7d6 g3f3 d6e5 c1b1 g5g4 f3f2 c4c3 b1d1,-360
4r1k1/ppq2p1p/3br1p1/8/PP1R1B1Q/1BP4P/5PP1/5RK1 b - -,d6f4 h4f4 e6e5 f4d2 e5e7 h3h4 h7h5 g2g3 g8g7 b3d1,518
r4rk1/p1n2p2/4b2p/3pP3/2p4Q/q1PB1R2/P3N1PP/7K b - -,f7f5 e5f6 f8f7 h4h6 a3d6 d3g6 c7e8 g6f7 e6f7 f3g3,521
2k3r1/ppp3q1/B1Pb4/P2p1b2/3P3p/2P2N1P/4R1rP/R2Q3K b - -,b7a6 d1f1 g2e2 f1e2 f5e4 a1f1 c8d8 e2f2 g7f6 f2e2,-9605
rnb1kbnr/pp3ppp/1q2p3/2p1P1B1/2Bp4/3P1N2/PPP2PPP/RN1QK2R b KQkq -,b8c6 e1h1 g8e7 b1d2 e7g6 f1e1 h7h6 g5h4 g6h4 f3h4,-4
r1bq1rk1/1pp2pb1/3p2np/pPPP2p1/P2NPp2/2N4P/4BPP1/2RQ1RK1 b - -,d6c5 d4f5 b7b6 f5g7 g8g7 e2h5 g6e5 c3b1 d8d6 b1d2,-66
r2q1rk1/ppp3pp/1bn5/4p3/3PB3/4B2P/PP3PP1/R2Q1RK1 b - -,d8f6 d4e5 f6e5 d1d5 e5d5 e4d5 g8h8 d5c6 b7c6 f1c1,73
r1bqkb1r/ppp2pp1/2n2n2/3pp2p/8/3PP1P1/PPPNNPBP/R1BQK2R b KQkq -,h5h4 h2h3 h4g3 e2g3 c8e6 a2a3 d8d7 b2b4 c6e7 d2f3,-97
3qr1k1/1b2p2p/p4p2/2pNnPp1/4P3/3P2PP/P2Q2BK/2R5 b - -,d8d6 d2e3 e8c8 d3d4 c5d4 c1c8 b7c8 e3d4 c8b7 d4b6,-43
4r1k1/2p3p1/8/3K4/pN6/P1p5/1n5P/8 b - -,e8e2 d5d4 c3c2 b4a2 e2h2 d4c3 b2d1 c3d3 g8h7 a2c1,-1217
1r1q1rk1/2p2ppp/1b2b3/p3P3/P1N1Q3/5N2/1P3PPP/R4RK1 b - -,d8e7 a1c1 h7h6 f3d4 b6d4 e4d4 f8d8 d4c3 e6c4 c3c4,4
2kr1b1r/ppp1pppp/4qn2/4P3/8/4B3/PPP1NPPP/R1Q1K2R b KQ -,e6e5 e1h1 f6g4 e2g3 g4e3 f1e1 e7e6 e1e3 e5a5 c2c3,-189
r4rk1/p2qppbp/2p1n1p1/2p1P3/8/1P1P1QPP/PBP4K/RN3R2 b - -,e6d4 b2d4 d7d4 b1d2 d4c3 d2e4 c3e5 a1e1 a8d8 e1e2,-60
r2q1rk1/ppp2ppp/2bp1n2/2b1p1N1/2P1P3/2N4Q/PPP2PPP/R1B2RK1 b - -,h7h6 h3h4 f8e8 f1e1 h6g5 c1g5 d8e7 c3d5 f6d5 g5e7,-212
r2q1rk1/2p1bpp1/p1np3p/1p2p2b/3PP1P1/2P2N2/PPBN1P2/R1BQR1K1 b - -,c6b4 g4h5 b4c2 d1c2 d8d7 f3h2 f7f5 d2f3 e5d4 c3d4,528
rnb1kbnr/ppp2ppp/8/3N4/3PP3/6q1/PPP3B1/R1BQ2KR b kq -,b8a6 c1f4 g3g4 d1f1 c7c6 d5e3 g4g6 e3f5 g8h6 a1e1,-260
8/ppn1kppp/2p5/8/2P3P1/1P6/P2BKP1P/8 b - -,e7f6 e2d3 f6e6 d2e3 b7b6 b3b4 c7e8 e3d4 g7g6 a2a4,18
2r2rk1/p1q2ppp/bp2pn2/8/2P5/P1Q1PN2/4BPPP/2RR2K1 b - -,f6e4 c3c2 a6b7 f3d4 c7b8 c1a1 e4c5 c2b2 b7e4 a3a4,-29
rnbqkb1r/pp2pp1p/2pp1np1/4P1B1/3P4/2N2N2/PPP2PPP/R2QKB1R b KQkq -,f6d5 c3e4 f7f6 g5d2 f6e5 d4e5 d6e5 f1d3 f8g7 d1e2,80
8/5ppp/P3k3/2b5/2K2P2/6P1/7P/8 b - -,c5a7 c4d3 f7f5 d3c4 e6d6 c4d3 d6d5 d3d2 d5e4 d2c3,-677
r4rk1/ppB2ppp/b4n2/8/4P3/NPP2P2/PK1R2PP/3R4 b - -,a8c8 c7e5 f8e8 e5f6 g7f6 d2d5 b7b6 a3c2 a6b7 d5d7,492
8/5pk1/8/4Pp1p/3p1N1P/6P1/r2NK3/8 b - -,a2a3 d2f3 g7f8 f3d4 a3g3 d4f5 g3a3 f5d4 a3a5 f4d3,161
1r2qb2/2pb1p1k/5n1p/2pP2pP/2N1P1P1/2N2P2/5Q2/3B1RK1 b - -,c7c6 f2d2 b8b4 d5c6 d7c6 d1e2 f8g7 f1c1 e8e6 d2d3,-25
8/2R2ppk/p3p2p/1p4B1/3Pp3/1P4P1/P6P/6K1 b - -,h7g8 g5e3 h6h5 c7c1 f7f6 c1f1 g8f7 e3d2 f7g8 g1h1,634
8/p2B4/4Pbk1/2R5/8/P7/1PP2r2/1K6 b - -,f6d8 c5c8 d8e7 c8c7 a7a5 d7b5 g6f6 c7a7 f2f4 a7a5,535
r1bq1rk1/1pp2pb1/2Pp2np/p2P2p1/PP1NPp2/2N4P/4BPP1/2RQ1RK1 b - -,a5b4 c6b7 c8b7 c3b5 g7d4 b5d4 g6e5 c1b1 c7c5 d5c6,42
6k1/6pp/p2Qn3/8/2r1q3/P3P2P/1B3PP1/5RK1 b - -,h7h5 d6a6 g8h7 b2e5 c4c5 e5g3 c5d5 f1c1 e6c5 a6e2,416
r2q1rk1/2p1bpp1/p1np3p/1p1Pp3/4P1b1/2P2N2/PPBN1P2/R1BQR1K1 b - -,g4f3 d2f3 c6a5 g1h1 d8d7 e1g1 g7g6 g1g3 g8g7 d1d3,341
5n2/pp2kppp/2p5/8/2P3P1/1P3P1P/P2BK3/8 b - -,b7b6 e2e3 g7g6 d2e1 f7f6 e1h4 f8d7 h4g3 e7e6 g3c7,9
r4k1r/ppp2ppp/2n2P2/2bq4/2ppN3/5Q1P/PPP2PP1/R1B1R1K1 b - -,g7g6 c1h6 f8g8 e4c5 c6b4 f3e2 d5c6 e2c4 b7b6 c4b4,641
rnb1k2r/ppq1bppp/2pp1n2/4p3/3PP3/2P2N2/PPB2PPP/RNBQ1RK1 b kq -,c8g4 h2h3 g4h5 c1e3 b8d7 b1d2 d6d5 g2g4 h5g6 f3e5,43
r1bqk2r/ppp1ppbp/2n3p1/3n4/8/2PP1N2/PP2BPPP/RNBQ1RK1 b kq -,e7e5 f1e1 e8h8 e2f1 h7h6 b1a3 b7b6 c1d2 c8f5 a3c4,-36
1r4k1/p4pbp/2p1p1p1/2P1P3/3n1P2/q1Q1n2P/PN1B2P1/1KR5 b - -,b8b2 c3b2 a3d3 b1a1 d4c2 a1b1 c2a3 b1a1 e3c2 c1c2,-678
2rq1bk1/1p2rp2/1P1p2p1/1NnPp2p/1R2P3/1P4PP/2Q2PB1/5RK1 b - -,c5a4 c2a2 a4b6 h3h4 c8a8 a2d2 a8a6 g2h3 g8h7 d2c2,53
rnbq1rk1/1pp2ppp/3p1n2/p3p3/1bB1P3/2NP1P2/PPP1N1PP/R1BQ1RK1 b - -,c7c6 a2a4 c8e6 g1h1 d6d5 c4a2 b8d7 e4d5 f6d5 c3d5,3
1r3rk1/2p1qppp/1b2b3/p3P3/P1N5/5N2/1PQ2PPP/R4RK1 b - -,,0
r1bq1rk1/pp4b1/3p1npp/2p5/2PnPB2/2NB1N2/PP4PP/1R1Q1RK1 b - -,d4f3 g2f3 f6h5 f4e3 c8e6 c3d5 g7e5 d1d2 e6d5 e4d5,-99
8/5pk1/r3p1p1/7p/7P/5RPK/5P2/8 b - -,e6e5 f3b3 g7f6 h3g2 f6e6 b3b8 e6d5 b8b7 f7f6 b7g7,-4
5r2/P7/1K6/8/7R/3b4/1k6/8 b - -,,0
2r2rk1/p1q2ppp/bp2p3/8/1QP1n3/P3PN2/4BPPP/2RR2K1 b - -,a6b7 f3d4 h7h6 d4b5 c7b8 d1d4 c8c5 e2f3 e4f6 f3b7,-32
r2q1rk1/ppp3pp/1bn5/7Q/3pB3/4B2P/PP3PP1/R4RK1 b - -,h7h6 e3h6 d8e8 e4g6 e8g6 h5g6 f8f7 h6g5 c6b4 g1h1,521
r4rk1/p2qppbp/2p3p1/2p1P3/3B4/1P1P1QPP/P1P4K/RN3R2 b - -,c5c4 d4c3 c4d3 b1a3 d3c2 a3c2 a8d8 a1e1 f7f6 e5e6,364
6r1/p2nb3/3pp1k1/1Pp1p3/2N3Pp/3R1N1P/P3nBP1/5K2 b - -,e2d4 f2h4 e5e4 d3a3 d4b5 a3b3 e7h4 f3h4 g6g5 b3b5,-50
8/5Rpk/p3p3/1p4p1/3Pp3/1P4P1/P6P/6K1 b - -,h7g6 f7f1 g5g4 f1f4 e4e3 f4g4 g6f7 g4e4 f7e7 e4e3,767
r1bq1rk1/2p2pb1/1pPp2np/pP1P2p1/P2NPp2/2N4P/4BPP1/2RQ1RK1 b - -,d8f6 d4f3 f8e8 f3d2 g6e5 c1c2 h6h5 e2h5 f6h6 c3a2,57
r1bqkbnr/ppp1pppp/3p4/3Pn3/5P2/6P1/PPP1P2P/RNBQKBNR b KQkq -,e5c4 e2e4 c4b6 a2a4 a7a5 b1c3 g7g6 c1e3 f8g7 e3b6,106
rn1qkbnr/pp3pp1/4p2p/2ppP3/2PP1Pb1/5N2/PP2B1PP/RNBQK2R b KQkq -,c5d4 c4d5 d8a5 b1d2 a5d5 h2h3 g4f5 e2c4 d5c5 b2b4,30
8/pp2kppp/2p3n1/8/2P3P1/1P2BP1P/P3K3/8 b - -,e7d7 e3a7 g6f4 e2e3 f4h3 f3f4 h7h6 a7d4 g7g6 a2a4,207
r4r2/p1n2p1k/4b2p/3pP3/7Q/q1Pp3R/P3N1PP/7K b - -,e6h3 g2h3 d3e2 h4e1 a3a6 e1d2 a6g6 d2e2 f8g8 e2g4,-1297
6r1/p2nb3/3pp1k1/1Pp1p3/2N3Pp/2nR1N1P/P4BP1/6K1 b - -,c3b5 d3b3 g8b8 f2h4 g6f7 h4e7 f7e7 c4a5 e7f6 a2a4,-150
r4rk1/p3ppbp/2p3p1/2p1P3/3q4/1P1P1QPP/P1PN3K/R4R2 b - -,d4c3 d2e4 c3e5 a1e1 a8d8 e1e2 e5d5 f3e3 d5d4 e3f4,-60
4rrk1/1b3pbp/pp1p2p1/2pP4/2P1N2q/P3B2P/2Q1BPP1/R4RK1 b - -,e8e4 a1b1 f8e8 e2d3 e4e3 f2e3 e8e3 b1b6 g7d4 g1h1,-117
QR6/8/5P2/3k4/8/8/8/K7 b - -,g7a1 e2f3 e8e4 c2e4 h4e4 f3e4 a1g7 f1b1 b6b5 c4b5,Mate
4r1k1/pp3p1p/4R1p1/8/PP3B1Q/1q5P/5PP1/5RK1 b - -,b3e6 f4e3 a7a6 b4b5 h7h5 f1d1 g8h7 h4f4 h7g8 b5a6,544
6k1/2p3p1/8/2K5/p7/P7/Nnp1r2P/8 b - -,e2h2 c5d4 h2h3 a2c1 g8h7 d4d5 h3a3 d5e4 h7h6 e4d4,-2004
r2q1rk1/pppb1ppp/3p4/2b1p1Nn/2P1P3/2N5/PPP1QPPP/R1B2RK1 b - -,g7g6 g5f3 f7f6 c1e3 c5e3 e2e3 b7b6 a2a4 a7a5 c3d5,-45
7k/8/6p1/r7/5KPp/1R5P/5P2/8 b - -,g6g5 f4e3 a5e5 e3d4 e5e2 b3b5 e2f2 b5g5 f2a2 d4c4,7
3r2k1/pb3pbp/1p2r3/1Pp1pN1n/2P1P3/3PBPPP/P3K3/1R5R b - -,b7c8 e3f2 g7f8 f5e3 e6g6 h1g1 f7f5 e3d5 h5f6 a2a4,-250
rn1q1rk1/2p1bpp1/p2p3p/1p1Pp3/4P1b1/2P2N2/PPBNQP2/R1B1R1K1 b - -,d8d7 a2a4 f7f5 e4f5 g4f5 c2f5 d7f5 a4b5 b8d7 b5a6,207
2r1r1k1/3b1ppp/3p4/q2P4/8/2RB4/PP1Q1PPP/3K3R b - -,a5a2 c3c8 d7c8 d2c2 a2d5 h1e1 c8e6 f2f3 d5d4 c2c3,-225
1r3rk1/2p1qpp1/1N2b2p/p3P3/P7/5N2/1PQ2PPP/R4RK1 b - -,,0
8/PK6/5r2/8/7R/3b4/1k6/8 b - -,,0
6rr/1nkn1R2/ppNp3p/2pPp3/4P1P1/4P3/PPP3PN/4R1K1 b - -,b7d8 c6d8 c7d8 b2b3 h6h5 g4h5 h8h5 h2f1 b6b5 a2a4,118
rnbqk2r/ppp2ppp/3p1n2/4p3/1bB1P3/2N2P2/PPPPN1PP/R1BQK2R b KQkq -,e8h8 a2a3 b4a5 e1h1 c7c6 d2d3 c8e6 g1h1 d6d5 c4a2,8
3K4/8/8/5B2/8/2k5/4N3/8 b - -,c3d2 e2d4 d2c3 d4f3 c3c4 d8c7 c4b4 c7c6 b4c3 c6c5,210
2rq1bk1/1pN1rp2/1R1p2p1/3Pp2p/4P3/1P4PP/2Q2PB1/5RK1 b - -,e7c7 c2d2 h5h4 g3g4 d8e7 b6b4 c7c2 d2e3 g8h7 b4c4,-104
8/4R1pk/p3p3/1p4p1/3P4/1P2p1P1/P6P/6K1 b - -,e7d7 b6b7 d7c7 b7c7 c8c7 c2d2 d8c8 f1a1 c7c2 d2e3,Mate
7k/8/8/r5p1/6Pp/1R2K2P/5P2/8 b - -,a5e5 e3d4 e5e2 b3b5 e2f2 b5g5 f2a2 g5h5 h8g7 h5h4,6
rnbqkb1r/pp2pp1p/2pP2p1/3n2B1/3P4/2N2N2/PPP2PPP/R2QKB1R b KQkq -,c8g4 c3d5 c6d5 d6e7 f8e7 g5e3 d8b6 f1d3 b8c6 h2h3,136
rnbq1rk1/pp2np1p/4p1p1/2ppP3/3P3P/P1P5/2P2PP1/R1BQKBNR b KQ -,f7f6 h4h5 f6e5 g1f3 b8c6 f3g5 d8c7 g5h7 f8f5 h5g6,184
8/3Bb3/1P2Pk2/8/8/1KPr4/8/4R3 b - -,d3h3 e1f1 f6g6 b6b7 h3h8 d7c6 e7d6 b3c4 d6e7 f1f7,754
r1b1r1k1/pp1n1pb1/6pp/3Bp3/4P3/4BN2/PP2KPPP/R6R b - -,d7f6 d5b3 f6e4 h1d1 c8e6 b3e6 e8e6 d1d7 b7b6 a1c1,-43
4brk1/pp2q1pp/1nn1pr2/3pN3/3P4/P1NBR3/1P3PPP/R2Q2K1 b - -,c6e5 e3e5 f6f2 d1g4 e8d7 g4h3 h7h6 h3g3 e7f7 b2b3,-132
6k1/2p3p1/8/2K5/p7/P7/1np4r/2N5 b - -,h7h5 e5c6 b7c6 f2f3 e8g6 d3f1 h5h4 h2h3 g6f5 g1h1,Mate
rn1q1rk1/2p1b1p1/p2p3p/1p1PpP2/6b1/2P2N2/PPBNQP2/R1B1R1K1 b - -,e7g5 a2a4 d8e8 d2f1 g5c1 a1c1 g4f5 c2f5 f8f5 f3d4,203
r1b1kbnr/ppp1pppp/3q4/1P6/3n4/2N2N2/P1PP1PPP/R1BQKB1R b KQkq -,d6e6 f1e2 d4f3 g2f3 g8f6 a2a4 e6h3 e2f1 h3h5 c1b2,-77
8/b4ppp/P3k3/1K6/5P2/6P1/7P/8 b - -,e6d5 f4f5 h7h5 b5b4 d5e5 f5f6 e5f6 h2h3 f6f5 b4b5,-886
r2qr1k1/pb1n1p2/1p5p/1B1pN1p1/2pP4/P3P1P1/1P3PP1/2RQ1RK1 b - -,d7e5 b5e8 e5d3 e8a4 d3c1 d1c1 d8d6 c1c3 a7a6 a4c2,-15
8/6pk/p3R3/1p4p1/3P4/1P4P1/P3p2P/6K1 b - -,d7e5 b5e8 e5d3 e8a4 d3c1 d1c1 d8d6 c1c3 a7a6 a4c2,Mate
r5k1/pp1R1ppp/1b6/8/3n4/3B1P2/PPP2PKP/R1B1r3 b - -,h7h6 c2c4 d4e2 d3e2 e1e2 b2b4 b6f2 g2f1 a8e8 d7d2,19
1r2qb2/3b1p1k/2p2n1p/2pP2pP/2N1PPP1/2N5/5Q2/3B1RK1 b - -,g5f4 f2f4 c6d5 c4e5 b8b6 e5f7 d5e4 g4g5 h6g5 f7g5,36
r4r1k/p1n2p2/4bRpQ/2ppP3/8/q1PB4/P3N1PP/1R5K b - -,g5f4 f2f4 c6d5 c4e5 b8b6 e5f7 d5e4 g4g5 h6g5 f7g5,Mate
rn1qk1nr/pbppbppp/1p2p3/8/4P3/1PN5/PBPPQPPP/R3KBNR b KQkq -,g8h6 e1a1 e8h8 d2d4 d7d5 c1b1 d5e4 c3e4 a7a5 e4c3,76
r2q1rk1/pppb1ppp/3p4/2b5/2P1Pp2/2N2N2/PPP1QPPP/R4RK1 b - -,f8e8 e2d3 g7g5 a1d1 d7c6 f3d4 d8f6 a2a3 a7a5 f2f3,-31
1K6/P4r2/8/8/7R/3b4/1k6/8 b - -,,0
5rk1/2p1qpp1/1r2b2p/p3P3/P2N4/8/1PQ2PPP/R4RK1 b - -,,0
8/3Bb3/1P1rPk2/8/8/1KP5/8/5R2 b - -,f6g5 b3c4 d6b6 f1f7 e7d6 e6e7 d6e7 f7e7 b6b1 c4d5,611
rnbqkb1r/pp2pp1p/2pP2p1/6B1/3P4/2P2N2/P1P2PPP/R2QKB1R b KQkq -,h7h5 f1d3 d8d6 e1h1 b8d7 f1e1 d7f6 a2a4 f8g7 d1d2,160
3r2k1/1pp2P1R/p7/5n2/1b3PR1/4pQ2/qPP5/2K5 b - -,h7h5 f1d3 d8d6 e1h1 b8d7 f1e1 d7f6 a2a4 f8g7 d1d2,Mate
3r2k1/pp1R2pp/4p3/4Q2P/1q6/3B1P2/P7/5K2 b - -,d8d7 e5e6 g8f8 e6d7 b4c5 d7b7 c5h5 b7a8 h5e8 a8e8,462
r2qr1k1/pp2bppp/2n2n2/2ppNb2/8/PP1P2P1/1B1NPPBP/R2Q1RK1 b - -,c6e5 b2e5 d8d7 a1c1 a8c8 e2e4 f5g4 d1c2 b7b5 a3a4,-45
6k1/p4pbp/2p1p1p1/2P1P3/3n1P2/3qn2P/PQ1B2P1/K1R5 b - -,e3c2 c1c2 d4c2 a1b1 d3d2 b2c2 d2f4 c2e2 f4b4 b1c2,-692
8/pp3ppp/2p1k1n1/8/2P3P1/1P3P1P/P3KB2/8 b - -,f7f5 g4f5 e6f5 f2a7 g6f4 e2e3 f4h3 a2a4 h3g5 a4a5,18
1rNq1rk1/1p3pbp/p1n2np1/2p2P2/P3PN2/3P2PP/1PP3B1/R2Q1RK1 b - -,b8c8 h3h4 c6e5 g2h3 c8c6 b2b3 g7h6 c2c3 c6d6 d1e2,-296
r1bk3r/ppp1n1pp/8/3B2N1/3P4/1Q6/P4PPP/R5K1 b - -,e7f5 g5f7 d8d7 f7h8 c7c6 d5e4 f5d6 e4h7 d7c7 h8f7,861
7k/1r3ppn/3p3p/8/3P2P1/5P2/1b4KP/1RB5 b - -,b2c1 b1b7 h8g8 b7b8 h7f8 h2h4 g7g6 d4d5 g8g7 b8b6,-205
r1q4r/p2nk1pp/1pp5/Pb6/3P4/6PB/Q3PP1P/R1R3K1 b - -,c8c7 a2e6 e7d8 d4d5 h8e8 e6f5 e8e5 f5h7 d7f6 h7g6,207
8/5pk1/6p1/4p2p/6PP/5K2/5P2/8 b - -,h5g4 f3g4 g7h6 g4f3 h6h5 f3e4 f7f6 e4e3 h5h4 e3d3,-871
r1b2rk1/bp2q1pp/p7/3pnp2/4n3/4BN2/PPPNBPPP/R2QR1K1 b - -,e4f2 e3a7 a8a7 f3e5 f2d1 e2d1 g7g5 d1h5 g5g4 d2b3,-616
6k1/pp1r2pp/4Q3/7P/1q6/3B1P2/P7/5K2 b - -,g8f8 e6d7 g7g6 d7h7 g6h5 h7h5 b4b2 h5c5 f8g8 c5d5,451
2k3r1/ppp3q1/B1Pb4/P2p4/3Pb2p/2P2N1P/4R1rP/R4Q1K b - -,g8f8 e6d7 g7g6 d7h7 g6h5 h7h5 b4b2 h5c5 f8g8 c5d5,Mate
7k/8/8/4r1p1/3K2Pp/1R5P/5P2/8 b - -,e5e2 b3b5 e2f2 b5g5 f2f4 d4c5 f4a4 g5h5 h8g7 h5h4,7
6k1/2p3p1/8/2K5/p7/P6r/1np1N3/8 b - -,e5e2 b3b5 e2f2 b5g5 f2f4 d4c5 f4a4 g5h5 h8g7 h5h4,Mate
8/3BbR2/1P1rP3/4k3/8/1KP5/8/8 b - -,e7g5 b3c4 d6b6 e6e7 g5e7 f7e7 e5f4 e7e6 b6b8 c4c5,671
r3qrk1/5ppp/8/p1n1N1P1/1pBpb2Q/8/PPP2P1P/2KRR3 b - -,e4g6 e5g6 h7g6 e1e8 f8e8 h4d4 c5e6 d4d7 a8d8 c4e6,684
rkbr4/pp1q2pp/5pP1/8/2Qp4/B7/P5PP/1R3R1K b - -,,0
1r2qb2/3b1p1k/5n1p/2pp2PP/2N1P1P1/2N5/5Q2/3B1RK1 b - -,f6g4 f2f7 h7h8 c3d5 d7b5 g5g6 f8g7 c4d6 e8e5 f7f4,126
8/8/p3kp2/P2p2p1/2rN2P1/2PbP1K1/8/2R5 b - -,e6f7 d4b3 d3g6 b3d4 c4c5 c1a1 c5c3 g3f3 g6e4 f3e2,-132
6k1/p4pbp/2p1p1p1/2P1P3/5P2/3qn2P/PQnB2P1/1KR5 b - -,c2d4 b1a1 d4c2 a1b1 c2a3 b1a1 e3c2 c1c2 a3c2 a1b1,-700
rnbq1rk1/pp3ppp/2p1pn2/8/1bBP4/2N1PN2/PP2QPPP/R1B2RK1 b - -,c6c5 d4c5 c8d7 e3e4 b4c3 b2c3 d7c6 c1g5 d8a5 g5f6,72
5rk1/1b3pbp/pp1p2p1/2pP4/2P1r2q/P3B2P/2Q1BPP1/1R3RK1 b - -,b7c8 c2c1 e4e5 c1d2 f8e8 b1b6 c8h3 g2h3 h4h3 f1b1,-129
7r/8/5kp1/4p3/4P1p1/2R3K1/6PP/8 b - -,,0
r3kbnr/ppp1pppp/3q4/1P6/3n2b1/2N2N2/P1PPBPPP/R1BQK2R b KQkq -,g4f3 e2f3 d6e5 e1f1 e8a8 a2a4 e7e6 a4a5 g8f6 a5a6,-45
5rk1/1n5p/p3pqp1/8/1pp3Q1/5P2/PPP3PP/R5K1 b - -,b7d6 a1e1 e6e5 g4d7 f8d8 d7c6 f6h4 e1d1 d6f7 d1d8,-421
5rk1/2p1qpp1/1r5p/p2bPN2/P7/8/1PQ2PPP/R4RK1 b - -,,0
r1bqk2r/ppp1nppp/2n5/1BbpN3/4P3/3P4/PPP2PPP/RNBQ1RK1 b kq -,c5b6 e4d5 d8d5 e5c6 e7c6 b1c3 d5f5 d1e2 c8e6 b5c6,146
7k/8/8/1R4p1/3K2Pp/7P/4rP2/8 b - -,e2f2 b5g5 f2f4 d4c5 f4a4 g5h5 h8g7 h5h4 a4a5 c5c4,5
r4rk1/p1n2pp1/4b2R/2ppP3/7Q/q1PB4/P3N1PP/1R5K b - -,f7f5 e5f6 f8f6 h6f6 g7f6 h4h7 g8f8 b1f1 c5c4 f1f6,Mate
rkbr4/pp1q2p1/5pp1/8/2Qp4/B7/P5PP/2R2R1K b - -,a7a5 f1e1 a8a6 e1e7 d7c6 c4d3 c6d5 c1c5 d5a2 h2h3,-68
r1bq1rk1/pp4b1/3p1npp/2p5/2P1PB2/2NB1Q2/PP4PP/1R3RK1 b - -,f6h5 g2g3 c8h3 c3d5 d8d7 b2b4 h3f1 d3f1 c5b4 b1b4,-219
8/3BbR2/1r2P3/4k3/2K5/2P5/8/8 b - -,e7g5 e6e7 g5e7 f7e7 e5f4 e7e6 b6b2 c4c5 f4g3 d7c6,656
r1bqkbnr/ppp2ppp/2Bp4/4p3/3P4/6P1/PPP1PP1P/RNBQK1NR b KQkq -,e8e7 c6g2 g8f6 b1c3 e7e8 e2e4 h7h5 h2h4 d6d5 e4d5,549
1rb1kb1B/3nq3/p3p3/7p/2Q3p1/8/PP3PPP/R3R1K1 b - -,d7f6 a1d1 g4g3 h2g3 f6g4 h8e5 g4e5 e1e5 c8d7 c4a6,261
rn1qkb1r/pp2pppp/2p1bB2/3p4/3PP3/2N2P2/PPP3PP/R2QKBNR b KQkq -,e7f6 d1d2 f8b4 g1e2 e8h8 e2f4 d8d6 f1e2 b8d7 e1h1,-26
rnq2rk1/2p1bpp1/p2p3p/1p1Pp3/4P1b1/2P2N2/PPBN1P2/R1B1RQK1 b - -,g4h3 f3h4 h3f1 h4f5 e7g5 d2f1 c8d8 f1g3 g8h7 g1f1,-404
8/pp4pp/2p1kp2/4n3/2P3P1/1P3P1P/P3KB2/8 b - -,h7h5 f2a7 h5g4 f3g4 f6f5 g4f5 e6f5 e2e3 e5d7 a7d4,186
rnbq1rk1/pp3ppp/2p1pn2/8/2BP4/2P1PN2/P3QPPP/R1B2RK1 b - -,c6c5 e3e4 c5d4 f1d1 b8c6 c3d4 h7h6 c4d3 c6e7 f3e5,132
r2q1kr1/pQp4p/2np4/2b1p3/3PP3/2P2p2/PP3P1P/RNB2R1K b - -,c6e7 d4c5 a8b8 c1h6 f8e8 b7a6 d8d7 b1d2 d7h3 f1g1,174
8/b4ppp/P7/1K1k4/5PP1/8/7P/8 b - -,f7f5 g4f5 h7h5 b5a5 d5e4 a5b5 e4f4 b5c6 f4f5 c6b7,-6050
r3kbnr/ppp1pppp/3q4/1P6/3n4/2N2B2/P1PP1PPP/R1BQK2R b KQkq -,d6e5 e1f1 e8a8 a2a4 g8f6 a4a5 e7e6 a1b1 f8c5 a5a6,-51
8/8/7p/3p2p1/2kP1pP1/5P1P/4K3/8 b - -,d6e5 e1f1 e8a8 a2a4 g8f6 a4a5 e7e6 a1b1 f8c5 a5a6,Mate
r1bqk1nr/1ppp1ppp/6n1/p1bPp3/2P1P3/P4N2/1P1N1PPP/R1BQKB1R b KQkq -,d7d6 h2h3 g8f6 f1d3 e8h8 d2f1 f6h5 g2g3 f7f5 e4f5,-48
8/6k1/5pp1/4p3/5PKP/8/8/8 b - -,f6f5 g4g5 e5f4 g5f4 g7f6 f4f3 f6e5 f3g3 f5f4 g3f3,-1200
5rk1/6p1/7p/1pR2p2/3p4/3r4/PP2RPPP/5K2 b - -,f5f4 f1e1 f4f3 g2f3 d3f3 c5b5 f3h3 e1f1 h3h2 e2d2,7
r1b1kb1r/pp2pppp/1qn2n2/1Bpp4/P4P2/4PN2/1PPP2PP/RNBQ1RK1 b kq -,g7g6 b1c3 f8g7 a4a5 b6c7 d2d3 e8h8 b5c6 c7c6 f3e5,-8
8/8/p4p2/P2pk1p1/2r3P1/2PbPNK1/8/2R5 b - -,e5e6 f3d2 c4c7 g3f3 e6d6 f3g3 c7c5 d2b3 c5b5 b3d4,-91
QK6/5r2/6b1/8/7R/8/1k6/8 b - -,f7f8 b8b7 f8a8 b7a8 b2c3 a8a7 g6f7 h4f4 f7d5 a7b6,10
rn2kb1r/ppp2ppp/3qpn2/8/3PN1b1/3B1N2/PPP2PPP/R1BQK2R b KQkq -,f6e4 d3e4 f7f5 c1f4 d6b6 e4d3 b8c6 c2c3 e8a8 e1h1,17
2br2k1/p4pbp/1p2r3/1Pp1pN1n/2P1P3/3PBPPP/P3K3/6RR b - -,d8e8 a2a4 e6g6 g3g4 h5f4 e3f4 e5f4 f5g7 g8g7 g1a1,-199
r2r2k1/pb3pp1/2p1p3/3n2Q1/3q4/P1NB3P/1PP2P2/2KR2R1 b - -,d4f4 g5f4 d5f4 c3e4 f4h3 g1g3 h3f4 e4c5 a8b8 g3g4,25
3k4/p3b3/1pp1P2p/4B1p1/2P2r2/3P3P/P6R/3K4 b - -,f4f1 d1e2 f1f5 d3d4 e7f6 e5f6 f5f6 d4d5 c6d5 c4d5,-53
8/2p3pk/8/8/p2K4/P6r/1np1N3/8 b - -,f4f1 d1e2 f1f5 d3d4 e7f6 e5f6 f5f6 d4d5 c6d5 c4d5,Mate
1rN2rk1/1p3pbp/p1n2np1/2p2P2/P2qPN2/3P2PP/1PP3BK/R2Q1R2 b - -,b8c8 c2c3 d4d6 f5g6 h7g6 d1e2 c8d8 a4a5 d6e7 a1e1,-284
r1bqkbnr/p1p2ppp/2pp4/4P3/8/6P1/PPP1PP1P/RNBQK1NR b KQkq -,c8b7 g1f3 c6c5 c2c4 d8d7 b1c3 e8a8 c1e3 d7e8 e5d6,70
r2qr1k1/pppb1ppp/3p4/2b5/2P1Pp2/2NQ1N2/PPP2PPP/R4RK1 b - -,g7g5 a1d1 d7c6 f3d4 d8f6 f2f3 e8e5 g1h1 a8e8 d4f5,-24
1rb1kb1B/4q3/pn2p3/7p/6p1/1Q6/PP3PPP/R3R1K1 b - -,e7g5 a1c1 c8d7 h8d4 g5d5 b3d3 d5g5 d4e3 g5f6 e3c5,201
6r1/p2nb3/3pp1k1/1Pp1p3/2Nn2PB/3R1N1P/P5P1/5K2 b - -,g6f7 d3a3 d4b5 a3a5 e7h4 f3h4 d6d5 a5b5 d5c4 g2g3,-43
6k1/pp3rpp/4Q3/7P/1qB5/5P2/P7/5K2 b - -,b4f8 a2a4 b7b6 c4b3 g8h8 e6f7 f8c8 f1g2 h7h6 b3e6,486
8/4Q3/2Rp2kq/3Pp3/4Pp1p/4nP1P/6P1/7K b - -,b4f8 a2a4 b7b6 c4b3 g8h8 e6f7 f8c8 f1g2 h7h6 b3e6,Mate
8/6k1/5pp1/8/5K1P/8/8/8 b - -,g7f7 f4g4 f7e6 g4f4 e6d5 f4e3 d5e5 e3d3 f6f5 d3c4,-1648
1r2qb2/3b1Q1k/7p/2p3PP/2N1p1P1/8/8/3B1RK1 b - -,f8g7 g5h6 e8f7 f1f7 d7e8 f7g7 h7h6 g7e7 b8d8 d1e2,485
5rk1/6p1/7p/1pR2p2/3p4/8/PP3PPP/3rRK2 b - -,d1d3 f1e2 f8e8 e2d3 e8e1 c5b5 e1d1 d3c2 d1a1 b5f5,315
r1b4r/pp2k1pp/3q4/3NN3/3pn3/1Q6/PP3PPP/R3K2R b KQ -,e7e6 d5b6 e6e5 b6c4 e5f6 b3f3 c8f5 c4d6 e4d6 e1h1,528
r2q1rk1/pB3ppp/5b2/2p2b2/5B2/2P3P1/PP2Q2P/R4RK1 b - -,c5c4 f1f2 a8c8 b7c8 d8c8 a1e1 h7h6 h2h4 f5d3 e2f3,146
r1bq1rk1/ppp1nppp/2N5/1Bbp4/4P3/3P4/PPP2PPP/RNBQ1RK1 b - -,c5f2 f1f2 b7c6 b5a4 f7f5 b1c3 d5d4 a4b3 g8h8 c3e2,425
rnbq1rk1/pp3p1p/4p1p1/2ppPn2/3P2PP/P1P5/2P2P2/R1BQKBNR b KQ -,f5g7 h4h5 g6g5 g1h3 f7f6 e5f6 g7e8 c1g5 e8f6 f1g2,271
6r1/p2nBk2/3pp3/1Pp1p3/2Nn2P1/3R1N1P/P5P1/5K2 b - -,f7e7 d3a3 d4b5 a3b3 a7a6 a2a4 d6d5 c4e5 d7e5 f3e5,-165
r1b2rk1/ppp3pp/3p4/2nPpq2/2P1p3/2B1P1P1/PPQ2P1P/1K3RNR b - -,f5f7 h2h4 b7b5 h4h5 b5c4 h5h6 g7g6 c2d2 a7a5 g1e2,-287
r1bQkbnr/p1p2ppp/2p5/4p3/8/6P1/PPP1PP1P/RNB1K1NR b KQkq -,e8d8 b1c3 g8f6 g1f3 f6d7 c1d2 f7f6 e1a1 a7a5 f3e1,5
r3k2r/2pbq1pp/p1pb1p1n/3pp3/5P2/1PNPPNPP/PBP1Q3/2KR3R b kq -,h6f7 c1b1 e8h8 e2d2 f8e8 g3g4 e5f4 e3f4 e7e3 d2e3,2
rkbr4/pp1q2p1/5pp1/8/2Qp4/B7/P5PP/1R2R2K b - -,,0
4r1k1/pp3p1p/4q1p1/8/PP5Q/4B2P/5PP1/5RK1 b - -,a7a6 b4b5 e6d6 b5a6 b7a6 e3h6 f7f6 h4c4 d6e6 c4c7,532
8/5k2/5pp1/8/6KP/8/8/8 b - -,f7e6 g4f4 e6d5 f4g3 d5e4 g3g4 e4e3 g4h3 f6f5 h3g3,-9605
r3r1k1/pp3pb1/4b1pp/2R1p3/4P3/4BN2/PP2KPPP/R7 b - -,b7b6 c5c3 e8c8 a1c1 c8c3 c1c3 a8c8 e3d2 f7f6 b2b3,-51
6k1/pp3rpp/8/7P/2Q5/5P2/P7/5K2 b - -,g8f8 c4c8 f8e7 c8b7 e7e6 b7c6 e6e7 c6d5 f7f8 f1g2,582
8/5p2/7k/4Pp1p/3p1N1P/6P1/3NK3/r7 b - -,a1c1 d2f3 c1c5 e2d2 c5a5 f4e2 a5a2 d2e1 d4d3 e2f4,205
7k/8/8/1R4p1/6Pp/4K2P/3r1P2/8 b - -,d2d7 b5g5 d7f7 g5h5 h8g7 h5h4 f7f8 h4h5 f8b8 e3f3,639
Q4r2/K7/6b1/8/7R/8/1k6/8 b - -,f8a8 a7a8 b2c3 a8a7 g6f7 h4f4 f7d5 a7b6 c3d3 b6c5,10
8/1p4pp/p1p1kp2/4n3/2P3P1/1P2KP1P/P4B2/8 b - -,c6c5 e3e4 b7b6 f3f4 e5f7 b3b4 f7d6 e4d3 d6b7 f4f5,26
2r2rk1/1p3pbp/p1n2np1/2p2P2/P2qPNP1/3P3P/1PP3BK/R2Q1R2 b - -,d4d6 h3h4 h7h6 f5g6 f7g6 h2h1 g6g5 h4g5 h6g5 f4h3,-330
r2q1rk1/pp2bppp/2n2n2/2p2b2/1P1p4/P2P1NP1/1B1NPPBP/R2Q1RK1 b - -,f5e6 d2b3 d8b6 a1b1 f8d8 b3c5 e7c5 b4c5 b6c5 b1c1,35
8/8/p3kp2/P2p2N1/2r3P1/2PbP1K1/8/2R5 b - -,f6g5 c1h1 c4c3 h1h5 d5d4 h5h6 e6d5 e3d4 d5d4 g3f2,-562
rnbqkb1r/2p1pppp/p2p1n2/8/NpPP4/1P3N2/P3PPPP/R1BQKB1R b KQkq -,c8b7 g2g3 g7g6 f1g2 f8g7 e1h1 e8h8 c1b2 b8d7 f1e1,48
8/2p3pk/8/8/p2K4/r7/1np5/2N5 b - -,c8b7 g2g3 g7g6 f1g2 f8g7 e1h1 e8h8 c1b2 b8d7 f1e1,Mate
r1bq1rk1/pp1n1ppp/2p1pn2/8/2BP4/B1P1PN2/P3QPPP/R4RK1 b - -,c6c5 e3e4 d8a5 a3c1 b7b5 c4b5 c8b7 c1d2 c5c4 b5d7,119
7k/1R3ppn/3p3p/8/3P2P1/5P2/6KP/2b5 b - -,h8g8 b7b8 h7f8 h2h4 g7g6 d4d5 g8g7 b8b6 c1f4 b6b4,-219
r2q2k1/pQp4p/2np3B/2b1p3/3PP3/2P2p2/PP3P1P/RN4K1 b - -,c6d4 b7d5 g8h8 c3d4 d8g8 d5g8 a8g8 g1h1 c5d4 b1d2,272
rn1qkb1r/pp3ppp/2pp1n2/4p1N1/4P1b1/2NP4/PPP1BPPP/R1BQK2R b KQkq -,g4e2 d1e2 h7h6 g5f3 b8d7 e1h1 g7g6 d3d4 d8c7 d4e5,20
r2q1rk1/pppb1ppp/3p4/2b1p1N1/2P1PB2/2N5/PPP1QPPP/R4RK1 b - -,f7f6 g5h7 g8h7 f4e3 c5e3 e2e3 f6f5 e4f5 d7f5 c4c5,154
5rk1/2p2pp1/1r5p/p2bqN2/P7/8/1PQ2PPP/R3R1K1 b - -,d5b3 e1e5 b3c2 f5e3 b6b2 e5a5 f8b8 h2h3 b2b1 a1b1,2
8/3BbR2/1r2P3/4k3/K7/2P5/8/8 b - -,e7f6 e6e7 f6e7 f7e7 e5d5 d7b5 b6h6 a4b4 h6h4 c3c4,667
8/5k2/6p1/5pK1/7P/8/8/8 b - -,e7f6 e6e7 f6e7 f7e7 e5d5 d7b5 b6h6 a4b4 h6h4 c3c4,Mate
r3r1k1/p4pb1/1p2b1pp/4p3/4P3/2R1BN2/PP2KPPP/R7 b - -,a8c8 a1c1 c8c3 c1c3 e8c8 e3d2 c8c3 d2c3 e6c4 e2e1,-50
rn1qkb1r/pp3ppp/2p1bp2/3p4/3PP3/2NB1P2/PPP3PP/R2QK1NR b KQkq -,d5e4 d3e4 b8d7 g1e2 d7b6 f3f4 f6f5 e4f3 d8c7 b2b3,-94
K7/8/6b1/8/7R/8/1k6/8 b - -,b2c3 h4f4 c3d3 a8b7 g6e4 b7c7 e4d5 c7d6 d5a2 d6e5,10
rkbr4/ppq3p1/5pp1/8/3p4/BQ6/P5PP/1R2R2K b - -,b7b6 b1c1 c7f4 b3f7 d4d3 c1c8 b8c8 g2g3 f4c7 e1c1,46
3k4/p7/1pp1Pb1p/4B1p1/2P5/3P3P/P1K1R3/5r2 b - -,d8e7 d3d4 e7e6 e5f6 e6f6 d4d5 c6d5 c4d5 f1a1 c2b3,-45
6r1/1nknNR2/pp1p4/2pPp2r/4P3/4P3/PPP3PN/4R1K1 b - -,b7d8 e7g8 d8f7 e1f1 h5h7 h2g4 f7g5 g8f6 d7f6 g4f6,239
8/6qk/3R4/3Pp3/4Pp1Q/4nP1P/6P1/7K b - -,b7d8 e7g8 d8f7 e1f1 h5h7 h2g4 f7g5 g8f6 d7f6 g4f6,Mate
2k3r1/ppp3q1/B1Pb4/P2p4/3Pb2p/2P2N1P/4R2P/R5QK b - -,b7d8 e7g8 d8f7 e1f1 h5h7 h2g4 f7g5 g8f6 d7f6 g4f6,Mate
r4rk1/p1n2pp1/4b2R/3pP3/2p4Q/q1PB4/P3N1PP/5R1K b - -,b7d8 e7g8 d8f7 e1f1 h5h7 h2g4 f7g5 g8f6 d7f6 g4f6,Mate
2r2rk1/5p2/1bp4p/p3n1p1/Pp2P3/6P1/1P1R1PBP/2NR1K2 b - -,f7f5 e4f5 f8f5 f1g1 c8f8 d1f1 f5f6 d2e2 e5f3 g1h1,-92
r1b2rk1/2p2pb1/1pPp1q1p/pP1Pn1p1/P3Pp2/1NN2P1P/4B1P1/2RQ1RK1 b - -,h6h5 b3d4 g8h8 c3b1 f8g8 b1a3 g5g4 f3g4 h5g4 h3g4,-39
r4rk1/p1pb2pp/3p4/1pnPpq2/2P1p2P/2B1P1PN/PPQ2P2/1K3R1R b - -,a7a5 f1g1 b5b4 g3g4 f5f3 h3g5 f3f2 c2f2 f8f2 c3e1,-288
rnbqk1nr/ppp3bp/8/3p4/8/8/PPPKPPPP/RNBQ1BNR b kq -,b8c6 d2e1 d8e7 c2c3 c8g4 g1f3 e8a8 f3d4 c6e5 c1f4,30
2r2rk1/1p3pbp/p1n2np1/2p1qPP1/P3PN2/3P3P/1PP3BK/R2Q1R2 b - -,f6h5 d1g4 h5f4 f1f4 e5b2 a1f1 c6e5 g4g3 f8d8 h3h4,-406
rnbqk2r/1p3pbp/1n2p1p1/p1p1P1N1/P2P4/1BP5/1P4PP/RNBQK2R b KQkq -,h7h6 g5e4 d8h4 e4g3 e8h8 e1h1 b6d5 b1a3 c8d7 a3b5,56
r3kbnr/ppp1pppp/8/1P2q3/3n4/2N5/P1PPBPPP/R1BQK2R b KQkq -,e7e6 e1h1 f8d6 f2f4 d4e2 d1e2 e5d4 g1h1 g8f6 a2a4,-66
1r1q1rk1/pp1bbppp/2np1n2/2p1p3/4PP2/2NPB1PP/PPP1N1B1/R2Q1RK1 b - -,b7b5 d1d2 a7a5 g1h2 b5b4 c3d1 a5a4 e3f2 b8a8 d1e3,-7
8/3BbR2/1r1kP3/8/K1P5/8/8/8 b - -,b6b8 c4c5 d6c5 f7e7 b8b4 a4a3 b4g4 e7f7 g4g3 a3b2,536
r4rk1/pbppqppp/1p3n2/4P3/3Q4/2N2P2/PPP1B1PP/2KR3R b - -,f6e4 f3e4 b7c6 c3d5 c6d5 e4d5 f8e8 e2f3 e7e5 d4e5,466
8/8/bK1N3k/6p1/8/8/2B5/8 b - -,g5g4 b6a6 h6g5 c2e4 g5f4 e4c6 f4e3 d6f5 e3f2 f5h4,251
2r1r1k1/p4pb1/1p2b1pp/4p3/4P3/2R1BN2/PP2KPPP/2R5 b - -,c8c3 c1c3 e8c8 e3d2 f7f6 b2b3 c8c3 d2c3 e6c8 f3e1,-38
r1bqr1k1/pp1n1ppp/2p1pn2/8/2BP4/B1P1PN2/P3QPPP/3R1RK1 b - -,f6d5 e2b2 a7a5 c4d3 b7b5 c3c4 b5c4 d3c4 h7h6 b2d2,83
r2q1rk1/pppnn1bp/3p2p1/3P4/2PBPp2/2N2B1P/PP1Q1P2/R4RK1 b - -,g7d4 d2d4 d7e5 f3g4 c7c5 d4d2 e5c4 d2c1 c4e5 b2b4,-200
rn1qr1kb/pp2pp1p/2p3p1/3p1b2/2PP1B2/5NP1/PP1QPPBP/R4RK1 b - -,h8g7 b2b3 f5e4 f1d1 b8d7 a1c1 a7a5 f4h6 g7h6 d2h6,32
1r2qb2/3b1p1k/5Q1p/2p3PP/2p1P1P1/2N5/8/3B1RK1 b - -,f8g7 c3d5 h6g5 f6g5 e8e4 d5f6 g7f6 g5f6 d7e6 g4g5,-79
rnbq1bnr/ppppkp1p/8/3NP1p1/5p2/5N2/PPPPQ1PP/R1B1KB1R b KQ -,e7e8 d5f6 e8e7 d2d4 h7h6 h2h4 g5g4 f6g4 f8g7 c1f4,405
1r2kb2/3bq3/pn2p3/7p/3B2p1/1Q6/PP3PPP/R3R1K1 b - -,b8b7 a1c1 e7d6 b3e3 b6d5 e3g5 d6e7 g5h5 e8d8 h5g4,267
8/2p3p1/7k/8/p2K4/r7/1np1N3/8 b - -,b8b7 a1c1 e7d6 b3e3 b6d5 e3g5 d6e7 g5h5 e8d8 h5g4,Mate
4r1k1/1p3p1p/p3q1p1/1P6/P6Q/4B2P/5PP1/5RK1 b - -,a6b5 a4b5 e6d5 h4f6 e8e6 f6b2 h7h5 f1c1 g8h7 g1h1,533
8/8/1k2p3/6K1/8/8/6P1/8 b - -,,0
5rk1/2p2pp1/1r5p/p3RN2/P7/1b6/1PQ2PPP/R5K1 b - -,b3c2 e5a5 f8b8 f5e3 b6b2 h2h4 b2b1 a1b1 b8b1 g1h2,9
7r/1nknNR2/pp1p4/2pPp2r/4P3/4PN2/PPP3P1/4R1K1 b - -,c5c4 f7g7 c7b8 f3g5 b7c5 e7f5 h5h1 g1f2 h1e1 f2e1,200
r1bk1bnr/p1p2ppp/2p5/4p3/8/2N3P1/PPP1PP1P/R1B1K1NR b KQ -,c8d7 c1e3 f8b4 g1f3 f7f6 e1a1 b4c3 b2c3 d8e8 f3d2,34
7k/8/8/6R1/3K2Pp/7P/5r2/8 b - -,f2f4 d4c5 f4a4 g5h5 h8g7 h5h4 a4a5 c5c4 a5g5 c4d4,5
r2qk2r/1bppPppp/p7/1p6/8/1P3N2/1pP2PPP/R1BQR1K1 b kq -,b2a1q e7d8q e8d8 c1g5 a1f6 g5f6 g7f6 d1a1 d8c8 a1f6,541
r4rk1/2pbq1pp/p1pb1p1n/3pp3/5P2/1PNPPNPP/PBPQ4/2KR3R b - -,,0
8/P7/2R1kpp1/7p/7P/1K4P1/8/r7 b - -,,0
8/8/7p/3p2p1/3k1pP1/5P1P/3K4/8 b - -,e6f5 c6c5 f5e6 c5c7 e6f5 b3c2 a1a3 c7g7 g6g5 h4g5,Mate
r2q1rk1/pB3ppp/5b2/2p5/5B2/2P3P1/PP3Q1P/5RK1 b - -,c5c4 b7a8 d8a8 f4e3 a7a6 e3d4 f6d4 f2d4 a8c6 f1f4,-7
rnbqkb1r/1p2pp1p/p2p1np1/8/3PPB2/2NB4/PP3PPP/R2QK1NR b KQkq -,b8c6 g1e2 e7e5 f4g5 e5d4 c3d5 f8g7 e1h1 e8h8 a1c1,31
4r1k1/p4pb1/1p2b1pp/4p3/4P3/2R1BN2/PP2KPPP/8 b - -,e8c8 e3d2 c8c3 d2c3 e6c4 e2e3 f7f6 f3d2 c4b5 g2g3,-32
rnbqkbnr/pppp1p1p/5N2/4P1p1/5p2/5N2/PPPPQ1PP/R1B1KB1R b KQ -,e8e7 d2d4 h7h6 h2h4 g5g4 f6g4 f8g7 c1f4 e7f8 g4e3,405
r1b1kb1r/1p2pppp/pqB2n2/2pp4/P4P2/4PN2/1PPP2PP/RNBQ1RK1 b kq -,b6c6 d2d3 e7e6 b2b3 c6c7 c1b2 b7b6 d1e2 c8b7 f3e5,7
r1bqk1nr/ppp3bp/2np2p1/4Pp2/5P2/3BPN2/PPP3PP/RNBQ1RK1 b kq -,d6e5 e3e4 f5e4 d3e4 d8d1 f1d1 e5f4 b1c3 c8d7 f3g5,30
8/1p4pp/p1p1kp2/4n3/2P3P1/PP3P1P/4KB2/8 b - -,,0
r3kbnr/ppp2ppp/4p3/1P2q3/3n4/2N5/P1PPBPPP/R1BQ1RK1 b kq -,f8d6 f2f4 d4e2 d1e2 e5d4 g1h1 g8f6 e2f3 e8h8 a1b1,-64
2r2rk1/p1q2ppp/b3pn2/1p1p4/2P5/PPQ1P3/3NBPPP/2RR2K1 b - -,f8d8 c3a1 b5c4 b3c4 c7a5 c1c2 c8c7 d1c1 d5c4 d2c4,-31
rn2k1nr/p2qbppp/3p4/1ppP4/8/2P2N2/PP2QPPP/RNB1R1K1 b kq -,g8f6 c1g5 e8d8 a2a4 b5a4 a1a4 h8e8 g5f6 e7f6 a4e4,266
rkbr4/p1q1R1p1/1p3pp1/8/3p4/BQ6/P5PP/1R5K b - -,,0
2r2rk1/5p2/1b5p/p1p1n1p1/Pp2P3/3N2P1/1P1R1PBP/3R1K2 b - -,e5d3 d2d3 c5c4 d3d7 c4c3 b2c3 c8c3 e4e5 c3c2 d7d2,-39
8/p7/1pp1kB1p/6p1/2PP4/7P/P1K1R3/5r2 b - -,e6f6 d4d5 c6d5 c4d5 f1a1 c2b3 a1d1 b3c4 h6h5 e2e6,-26
1r2kb2/3b4/pn2R3/7p/1q1B2p1/1Q6/PP3PPP/R5K1 b - -,f8e7 e6e7 e8e7 b3b4 e7f7 b4d6 d7e6 d6b8 b6d5 b8d6,1337
K7/8/6b1/8/6R1/2k5/8/8 b - -,g6f7 a8a7 f7d5 a7b6 d5f7 b6c5 c3d3 g4g3 d3e4 c5d6,9
8/2p3p1/7k/2K5/p7/3r4/1np1N3/8 b - -,g6f7 a8a7 f7d5 a7b6 d5f7 b6c5 c3d3 g4g3 d3e4 c5d6,Mate
rnb1kb1r/ppp1qBpp/3p1n2/4p1N1/3Pp3/2P5/PP3PPP/RNBQK2R b KQkq -,e8d7 f7e6 e7e6 g5e6 d7e6 e1h1 e6f7 f2f3 e4f3 d1f3,408
rnbqk1nr/pp3pp1/2p1p2p/3pB3/3P4/2N1P3/PPP2PPP/R2QKB1R b KQkq -,d8g5 h2h4 g5g6 h4h5 g6g5 e5f4 g5e7 d1g4 f7f5 g4g3,203
7r/1nknNR2/pp1p4/2pPp3/4P3/4PN2/PPP2KP1/4R2r b - -,h1e1 f2e1 c5c4 f3g5 c7b8 b2b4 c4b3 a2b3 a6a5 e7c6,334
2r2rk1/1p3pbp/p1n3p1/2p1qPPn/P3PNQ1/3P3P/1PP3BK/R4R2 b - -,h5f4 f1f4 e5b2 a1f1 c6e5 g4d1 f8d8 d1b1 b2b1 f1b1,-422
rnbq1bnr/ppppkp1p/5N2/4P1p1/3P1p2/5N2/PPP1Q1PP/R1B1KB1R b KQ -,h7h6 h2h4 g5g4 f6g4 f8g7 c1f4 e7f8 g4e3 d7d5 e5d6,414
r1b1r1k1/ppqn1ppp/2p1pn2/8/2BPP3/B1P2N2/P3QPPP/3R1RK1 b - -,b7b5 c4b3 a7a5 e4e5 f6d5 a3d6 c7d8 e2d3 d7f8 d6c5,104
r2k1bnr/p1p2ppp/2p1b3/4p3/8/2N2NP1/PPP1PP1P/R1B1K2R b KQ -,f8b4 f3e5 b4c3 b2c3 g8e7 f2f3 f7f6 e5d3 e6c4 a2a4,172
2r3k1/p4pb1/1p2b1pp/4p3/4P3/2R2N2/PP1BKPPP/8 b - -,f7f6 b2b3 e6g4 e2d1 c8c3 d2c3 g7f8 h2h3 g4c8 f3d2,-39
rnb2rk1/1pq2ppp/p4n2/3p4/1b2P3/2NB1N2/PPP2PPP/R1BQ1RK1 b - -,b4c3 e4d5 c3b4 c2c3 b4d6 h2h3 b8d7 c3c4 b7b5 c4b5,-211
rn1qkb1r/1bp1pppp/p2p1n2/8/NpPP4/1P6/P2NPPPP/R1BQKB1R b KQkq -,e7e6 d2f3 b8d7 g2g3 c7c5 f1g2 c5d4 e1h1 f8e7 f3d4,-7
r3k1nr/ppp2ppp/3bp3/1P2q3/3n1P2/2N5/P1PPB1PP/R1BQ1RK1 b kq -,d4e2 d1e2 e5d4 g1h1 g8f6 e2f3 e8h8 a1b1 b7b6 b1b3,-60
1R3nk1/5pp1/3p3p/8/3P2PP/5P2/6K1/2b5 b - -,g7g6 h4h5 g6h5 g4h5 g8g7 g2h3 f8e6 b8b6 d6d5 b6d6,-250
1r2kb2/8/pn2Q3/7p/1q1B2p1/8/PP3PPP/R5K1 b - -,e8d8 a1d1 b4d6 d4f6 d8c7 f6e5 b8d8 e5d6 f8d6 g2g3,646
4r1k1/1b3pbp/pR1p2p1/2pP4/2P1r2q/P3B2P/2Q1BPP1/5RK1 b - -,g7d4 e2d3 e4e3 f2e3 e8e3 g1h1 d4e5 c2f2 h4f2 f1f2,-146
r4rk1/2pbqnpp/p1pb1p2/3pp3/5P2/1PNPPNPP/PBPQ4/1K1R3R b - -,,0
r3r3/2p3k1/p1nq2p1/1p2pbP1/2B5/P3P3/1PP4B/2KR3Q b - -,b5c4 d1d6 c7d6 h1c6 a8d8 h2g3 e8f8 c1b1 f5h3 b1a2,121
7k/8/8/R7/3K2Pp/7P/7r/8 b - -,,0
r4rk1/p1pb2p1/3p3p/1pPPpq2/1P2p2P/2BnP1PN/P1Q2P2/1K3R1R b - -,a7a5 c5c6 d7c8 a2a3 a5b4 c3b4 a8a4 c2c3 f5f7 c3b3,-417
rnq2rk1/2p1bpp1/p2p3p/1p1Pp3/4P1b1/2P2N2/PPB1QP2/R1B1RNK1 b - -,a6a5 f1e3 e7g5 e3f5 g4f5 e4f5 g5c1 a1c1 b8d7 f3d2,267
2r2rk1/p1q2ppp/b3pn2/3p4/2P5/P1Q1P3/3NBPPP/2RR2K1 b - -,f8d8 c3a1 c7e7 d1e1 h7h6 e2f1 d5c4 d2c4 f6e4 c4e5,-23
r1b1kb1r/p2p2pp/1qp1pP2/3n4/4NP2/5Q2/PPP3PP/R1B1KB1R b KQkq -,g7f6 c2c4 f6f5 f3h5 e8d8 c4d5 f5e4 d5e6 f8b4 e1d1,30
r2k1bnr/p1p3pp/2p1bp2/4p3/8/2N1BNP1/PPP1PP1P/R3K2R b KQ -,d8e8 f3d2 f8d6 e1a1 g8e7 c3e4 e7f5 e3c5 e8e7 h2h3,41
r2qk2r/ppp2ppp/1bn5/1B1pP3/3PN1b1/5N2/PP3PPP/R1BQK2R b KQkq -,e8h8 b5c6 b7c6 e4c5 f7f6 e5e6 d8e7 e1h1 b6c5 d4c5,401
r2q2k1/pb3B2/1p5p/3p2p1/2pP4/P2nP1P1/1P3PP1/2RQ1RK1 b - -,g8f7 c1c2 d8e7 f2f4 f7g6 b2b3 a8f8 b3c4 d5c4 c2c4,-114
5rk1/2p2pp1/1r5p/R4N2/P7/8/1Pb2PPP/R5K1 b - -,,0
4r1k1/1p3p1p/4q1p1/1P6/7Q/4B2P/5PP1/5RK1 b - -,e6d7 h4a4 e8d8 e3g5 d7d4 a4c2 d8a8 g5h6 a8e8 c2c7,552
7r/1nknNR2/pp1p4/2pPp3/4P3/4P3/PPP2KP1/4N3 b - -,h8f8 f7f8 d7f8 e1f3 c5c4 f3d2 b7c5 d2c4 c5e4 f2f3,345
rn1qk1nr/ppp2ppp/3bp3/3p4/3P1Bb1/2P2N1P/PP2PPP1/RN1QKB1R b KQkq -,g4f3 f4d6 f3g2 d6c7 d8c7 f1g2 b8d7 e1h1 a8c8 b1d2,-24
8/8/7p/3p2p1/2k2pP1/5P1P/2K5/8 b - -,g4f3 f4d6 f3g2 d6c7 d8c7 f1g2 b8d7 e1h1 a8c8 b1d2,Mate
rn1qr1kb/pp2pp1p/2p3pB/3p1b2/2PP3N/6P1/PP1QPPBP/R4RK1 b - -,f5g4 a1d1 d5c4 f2f4 g4h5 h2h3 e7e6 g3g4 h5g4 h4g6,69
r1qkr3/p2n2pp/1ppQ4/Pb6/3P4/6PB/4PP1P/R1R3K1 b - -,c8c7 d6a3 a8b8 e2e4 b6a5 e4e5 a5a4 c1c2 d7b6 c2c5,-84
rnb2rk1/1pq2ppp/p4n2/3P4/8/2bB1N2/PPP2PPP/R1BQ1RK1 b - -,c3b4 c2c4 c8g4 h2h3 g4f3 d1f3 b4d6 c1d2 a6a5 d2c3,-238
8/8/1K5k/5Np1/8/8/2B5/5b2 b - -,h6h5 f5g3 h5g4 g3f1 g4f3 b6c5 f3f2 f1d2 g5g4 d2e4,284
rnbq1bnr/ppppkp1p/5N2/4P1N1/5p2/8/PPPPQ1PP/R1B1KB1R b KQ -,d7d5 e2h5 c8e6 d2d4 g8f6 e5f6 e7d7 g5e6 f7e6 c1f4,399
rn1q1rk1/pp3ppp/4p3/2bn3b/8/2N2N1P/PPPBBPP1/R2Q1RK1 b - -,c5e7 c3d5 d8d5 c2c4 d5d6 d2e3 d6c7 f3d4 h5e2 d1e2,20
r6r/p1Pkb1pp/1p2pn2/3P3b/8/2N5/PP1Q1PPP/1R2K3 b - -,a8c8 d5e6 d7e6 d2f4 e7d6 f4c4 e6d7 c4a4 d7e7 e1f1,90
7k/8/8/R5P1/3K3p/7r/8/8 b - -,,0
1r2kb2/4q3/pn4Q1/7p/3B2p1/8/PP3PPP/R5K1 b - -,e8d8 d4b6 b8b6 g6b6 d8e8 b6g6 e7f7 a1e1 f8e7 g6h6,655
rk6/p1qb2p1/1p3pp1/8/3p4/BQ6/P5PP/2R4K b - -,c7e5 h2h3 f6f5 b3f3 g6g5 c1c8 b8c8 f3a8 e5b8 a8d5,-74
r3k1nr/ppp2ppp/3bp3/1P2q3/5P2/2N5/P1PPQ1PP/R1B2RK1 b kq -,e5d4 g1h1 g8f6 e2f3 e8h8 a1b1 a8e8 f3b7 e6e5 b7f3,-54
3r2k1/2R3p1/7p/1p3p2/3p4/3r4/PP3PPP/4RK2 b - -,b5b4 f1e2 d8e8 e2d3 e8e1 c7c2 e1d1 c2d2 d1c1 d3d4,125
8/1p3npp/p1p1kp2/8/2P3P1/PP2BP1P/4K3/8 b - -,,0
K7/8/8/5b2/5R2/2k5/8/8 b - -,f5e6 a8b7 e6d5 b7a7 c3d3 a7b6 d3e3 f4b4 d5a2 b6c5,10
8/2p3p1/7k/8/pK6/8/1np1N3/3r4 b - -,f5e6 a8b7 e6d5 b7a7 c3d3 a7b6 d3e3 f4b4 d5a2 b6c5,Mate
r4rk1/ppp2ppp/1bn5/7b/4nB2/1NP2N1P/PP2BPP1/4RRK1 b - -,a8e8 g2g4 h5g6 f3h4 h7h6 h4g6 f7g6 f4e3 b6e3 e2c4,8
r4rk1/p2b2p1/2p4p/1pPPpq2/4p2P/2BnPPPN/P1Q5/1K3R1R b - -,e4f3 d5d6 d3c5 h3f2 c5a4 c3a1 f5c2 b1c2 a8e8 e3e4,-356
r2q1rk1/3bbppp/3p4/1N1P4/3Q4/8/PP3PPP/2KR1B1R b - -,e7f6 d4b4 a8a2 b5c3 f6c3 b4c3 d8b6 f1c4 a2a1 c1d2,-893
r1b1kb1r/p2p3p/1qp1pp2/3n4/2P1NP2/5Q2/PP4PP/R1B1KB1R b KQkq -,f6f5 c4d5 f5e4 f3h5 e8d8 d5e6 f8b4 e1d1 h8e8 f4f5,33
r3r1k1/2pbqnpp/p1pb1p2/3pp3/5PP1/1PNPPN1P/PBPQ4/1K1R3R b - -,,0
rnbqk1nr/1pp2ppp/4p3/p2p4/1bPP4/1QN2N2/PP2PPPP/R1B1KB1R b KQkq -,b8c6 e2e3 g8f6 f1d3 e8h8 e1h1 b7b6 c4d5 e6d5 a2a3,35
5rk1/2p2pp1/7p/R7/P7/4N3/1rb2PPP/R5K1 b - -,f8b8 h2h4 b2b1 a1b1 b8b1 g1h2 c2e4 f2f3 b1e1 e3c4,3
2rr2k1/p1q2ppp/b3pn2/3p4/2P5/P3P3/1Q1NBPPP/2RR2K1 b - -,d5c4 d2c4 d8d1 c1d1 f6d5 d1d4 c8b8 b2c1 d5b6 c1f1,-68
r1bqk2r/pp3ppp/2n1p3/3pP3/5P2/2N5/PPP2QPP/2KR1B1R b kq -,d8b6 f2g3 e8h8 f1d3 f7f5 e5f6 f8f6 h1e1 c6b4 a2a3,69
4r1k1/1b2p2p/p2q1p2/Q1pNnPp1/4P3/3P2PP/P5BK/2R5 b - -,e5d7 e4e5 d6e5 a5c7 b7d5 c7e5 d7e5 g2d5 g8f8 c1c5,-39
r1bqk1nr/ppp2ppp/2n1p3/1Nb5/3pP3/1B3N2/PPPP1PPP/R1BQK2R b KQkq -,a7a6 b5a3 g8e7 d2d3 e8h8 d1e2 b7b5 c2c4 d4c3 b2c3,-50
r1b1r1k1/ppqn1pp1/2p1pn1p/8/2BPP3/B1P2N1P/P3QPP1/3R1RK1 b - -,c6c5 f3d2 e6e5 d4d5 d7f8 e2e3 b7b6 f1e1 c8d7 c4f1,100
r2k2nr/p1p3pp/2p1bp2/4p3/1b6/2N1BNP1/PPP1PP1P/2KR3R b - -,b4d6 h1g1 d8e7 f3d2 f6f5 f2f3 g8f6 e3f2 a7a5 e2e4,51
7k/8/6P1/R7/3K3p/6r1/8/8 b - -,,0
r2q1rk1/1b2ppbp/1P1p1np1/p1n5/4PP2/2N1BN2/PPB1Q1PP/R3K2R b KQ -,b7a6 e2d2 a8c8 e3c5 c8c5 e4e5 f6d7 c2d3 a6d3 d2d3,-139
3r2k1/2R1R1p1/7p/1p3p2/3p4/8/PP1r1PPP/5K2 b - -,,0
2r1r1k1/1p1q1pb1/1P1p1np1/1p1Pp2p/4P3/NP1Q2PP/5PB1/2R2RK1 b - -,h5h4 a3b5 h4g3 f2g3 c8c5 c1c5 d6c5 b5a3 e8d8 g1h2,111
r2q1rk1/ppp1n2p/3p2p1/3Pn3/2PQPp2/2N4P/PP3PB1/R4RK1 b - -,f4f3 g2h1 d8d7 g1h2 f8f4 f1g1 f4h4 g1g3 e7f5 d4e5,-407
rnq2rk1/4bpp1/p1pp3p/1p1Pp3/4P1b1/2P1NN2/PPB1QP2/R1B1R1K1 b - -,a8a7 g1h1 g4h5 e3f5 h5g6 c1e3 a7c7 e1g1 c6d5 e3h6,321
6k1/p4pb1/1p2b1pp/4p3/2r1P3/2R1KN2/PP1B1PPP/8 b - -,c4a4 c3c6 h6h5 e3d3 e6d7 c6c7 d7b5 d3c3 g7f8 f3g5,-41
rnb1kb1r/3ppppp/p4P2/q1pP4/2P5/8/PB2KPPP/R2Q1BNR b kq -,g7f6 f2f4 a5c7 g2g3 f8g7 e2f2 d7d6 f1d3 b8d7 d1c2,123
8/8/7p/6p1/2k2pP1/3p1P1P/8/3K4 b - -,h8g8 f6e7 f8e7 e2f3 d7d6 g2g3 b8d7 f3g2 a8b8 d1c1,Mate
8/2R2p2/5kp1/pp2p3/n6P/R5P1/3r4/6K1 b - -,a4b2 a3a5 b2c4 a5b5 c4e3 b5b6 f6g7 b6b7 d2g2 g1h1,4
2r2rk1/5p2/1b5p/p1p3p1/Pp2P3/3R2P1/1P3PBP/3R1K2 b - -,c5c4 d3d7 c4c3 b2c3 c8c3 e4e5 c3c2 d7d2 f8c8 g2e4,-48
rn1q1rk1/2p3pp/pp1b4/3pNp2/3Pn3/1P1BP3/PBQ2PPP/R4RK1 b - -,d6e5 d4e5 b8d7 b3b4 d8e7 f2f3 e4g5 f3f4 g5e4 c2c7,466
8/8/4pqk1/1p1p1pp1/2r4R/2P4Q/1K4R1/8 b - -,,0
8/8/1K6/6pk/8/6N1/2B5/5b2 b - -,h5g4 g3f1 g4f3 b6c5 f3f2 f1d2 g5g4 d2e4 f2g2 e4g5,284
7r/1nknNR2/pp1p4/2pPp3/4P3/4PN2/PPP3P1/4K3 b - -,b6b5 f3g5 c7b6 e7f5 h8h1 e1f2 d7b8 f5e7 b8d7 e7c6,391
1r2kb2/5q2/pn4Q1/7p/3B2p1/8/PP3PPP/4R1K1 b - -,f8e7 g6c6 b6d7 d4e5 b8d8 e5d6 h5h4 d6e7 f7e7 c6g6,Mate
8/2p3p1/7k/8/pK6/8/1np5/2N1r3 b - -,f8e7 g6c6 b6d7 d4e5 b8d8 e5d6 h5h4 d6e7 f7e7 c6g6,Mate
rnbq1bnr/ppp1kp1p/5N2/3pP1NQ/5p2/8/PPPP2PP/R1B1KB1R b KQ -,c8e6 d2d4 g8f6 e5f6 e7d7 g5e6 f7e6 c1f4 b8c6 h5f7,404
rnbqk1nr/pppp1ppp/3B4/4p3/2P5/8/P2PPPPP/RN1QKBNR b KQkq -,c7d6 g2g3 d8a5 f1g2 g8f6 b1c3 b8c6 e2e3 e8h8 g1e2,-9
8/8/1K6/6p1/6k1/8/2B5/5N2 b - -,g4f3 b6c5 f3f2 f1d2 g5g4 d2e4 f2f3 e4f6 f3e3 c5d5,284
1r4k1/2p2pp1/7p/R7/P6P/4N3/1rb2PP1/R5K1 b - -,b2b1 a1b1 b8b1 g1h2 c2e4 f2f3 b1e1 e3c4 e4c6 a5a7,3
2r2rk1/1p3pbp/p1n2Pp1/2p1q1P1/P3PnQ1/3P3P/1PP3BK/R4R2 b - -,f4e2 h2h1 e2g3 h1g1 g3f1 a1f1 g7h8 g4f4 e5f4 f1f4,-537
2r2nk1/pr3pp1/8/p2Pp2p/1b1qP2B/1Pp2PNP/R1Q3P1/2R4K b - -,g7g6 g3f1 b4c5 f1g3 d4e3 g3e2 c5b4 c1d1 b7c7 d1d3,-70
rnbqk1nr/1pp2ppp/4p3/p2P4/1b1P4/1QN5/PP2PPPP/R1B1KBNR b KQkq -,e6d5 a2a3 b4c3 b3c3 g8f6 c1f4 b8c6 e2e3 f6e4 c3c2,20
2r2rk1/3R1p2/1b5p/p5p1/Ppp1P3/6P1/1P3PBP/3R1K2 b - -,c4c3 b2c3 c8c3 e4e5 c3c2 d7d2 f8c8 g2e4 c2d2 d1d2,-27
rnq2rk1/4bpp1/p2p3p/1p1Pp3/6b1/2P1NN2/PPB1QP2/R1B1R1K1 b - -,e7d8 g1h1 h6h5 e3g4 h5g4 f3g5 d8g5 c1g5 f7f5 f2f3,286
r4rk1/p2b2p1/4q2p/1pPpp3/4pPPP/2BnP2N/P1Q5/1K3R1R b - -,d5d4 f4f5 e6d5 e3d4 e5d4 c3a5 a8c8 h3f4 d3f4 f1f4,-327
1r2k3/4bq2/pnQ5/7p/3B2p1/8/PP3PPP/4R1K1 b - -,e8f8 c6h6 f8e8 h6h8 f7f8 e1e7 e8e7 d4c5 e7d7 c5f8,Mate
7k/8/6r1/8/3K4/7p/8/1R6 b - -,,0
rnbqk2r/ppp1pp1p/5np1/3p4/8/1PBP1NP1/P1P1PPBP/R2QK2R b KQkq -,c8g4 f3e5 g4e6 c3b2 e8h8 c2c4 c7c6 d1d2 b8d7 e5f3,133
4r1k1/1b3p1p/pR1p2p1/2pP4/2Pb3q/P2BP2P/2Q3P1/5RK1 b - -,h4d8 b6b7 e8e3 g1h1 d8e8 c2d2 h7h5 b7b1 e3g3 b1e1,402
1r1r2k1/p1q2ppp/b3pn2/3p4/2P5/P3P3/Q2NBPPP/2RR2K1 b - -,d8c8 h2h3 b8b6 c4c5 b6c6 e2a6 c6a6 c1c3 a6c6 d1c1,-11
4r2k/2p4p/5p2/3p4/5Q2/1P1R4/P1P1q1PP/6K1 b - -,e8f8 f4d2 e2d2 d3d2 f8d8 d2d3 c7c5 a2a4 h8g7 d3c3,317
r1b1r1k1/p1qn1pp1/2p1pn1p/1p6/3PP3/BBP2N1P/P3QPP1/3R1RK1 b - -,c6c5 e4e5 f6d5 b3d5 e6d5 f3h4 a7a5 e2h5 b5b4 a3c1,55
rn1qr1kb/pp2pp1p/2p1b1pB/3p4/2PP1P1N/6P1/PP1QP1BP/R4RK1 b - -,d5c4 f4f5 d8d4 d2d4 h8d4 e2e3 d4b2 f5e6 f7f6 a1b1,112
r5k1/1pp2r1p/n6R/p2Pp3/2P1N1q1/4Q1P1/PP6/2K4R b - -,a8d8 h6h5 g8f8 h5h7 f7h7 h1h7 g4g6 h7h6 g6g7 h6e6,462
r1bk3r/p1p2Qpp/3b4/1B4q1/3p1n2/6P1/PP1P1P1P/RNB2RK1 b - -,f4h3 g1g2 g5b5 d2d3 b5c6 f2f3 c6e8 f7e8 h8e8 b1d2,-542
r4rk1/1bpnqpbp/1p4p1/p3p3/2N1n3/2PBPN1P/PPQ2PPB/3R1RK1 b - -,e4c5 d3e2 b7e4 c2c1 a5a4 c4a3 e4b7 a3b5 e5e4 f3e1,-75
1r4k1/2p2pp1/7p/R7/P6P/4N3/2b2PP1/1R4K1 b - -,b8b1 g1h2 c2e4 f2f3 b1e1 e3c4 e4c6 a5a7 e1e2 h2g3,4
r2q1rk1/pp3ppp/2n1p3/2bn3b/8/2N4P/PPPBBPP1/R2QNRK1 b - -,c5f2 f1f2 h5e2 d1e2 d5e7 e1f3 d8b6 e2b5 b6b5 c3b5,336
8/2p3p1/7k/8/p7/2K5/1np5/2r5 b - -,c5f2 f1f2 h5e2 d1e2 d5e7 e1f3 d8b6 e2b5 b6b5 c3b5,Mate
rn1qk1nr/pbpp2bp/1p2ppp1/8/2B1P3/2NPBN2/PPP2PPP/R2QK2R b KQkq -,f6f5 d1e2 b8c6 h2h4 g8f6 e1a1 c6a5 h4h5 a5c4 d3c4,64
n1r1r1k1/1p1q1pb1/1B1p1np1/Pp1Pp2p/4P3/NP1Q2PP/5PB1/2R2RK1 b - -,a8c7 b6e3 h5h4 g3g4 f6h7 b3b4 g7f6 d3d2 d7e7 c1c2,195
1r2k3/3nbq2/p1Q5/2B4p/6p1/8/PP3PPP/4R1K1 b - -,f7f6 e1e7 f6e7 c5e7 e8e7 c6a6 b8b6 a6a3 b6d6 g1f1,525
8/8/8/2K3p1/8/5k2/2B5/5N2 b - -,f3f2 f1d2 g5g4 d2e4 f2f3 e4f6 f3e3 c2e4 g4g3 c5d5,284
r4rk1/p2b2p1/4q2p/2Ppp3/1p2pPPP/3nP2N/PBQ5/1K3R1R b - -,d7b5 f1d1 d5d4 h3f2 d4e3 f2e4 e5f4 g4g5 b5c6 g5h6,-404
7k/8/8/8/3K4/6r1/7p/7R b - -,,0
3bR3/2kBP3/3r4/8/1KP5/8/8/8 b - -,g3g4 d4e3 g4g3 e3f4 g3g2 f4e4 h8g7 e4f3 g2a2 f3g3,Mate
1qr3k1/5p2/4pNp1/pp1nQ3/2pR4/2P3P1/PP3P1P/6K1 b - -,g8f8 f6d7 f8e7 d7b8 f7f6 e5e4 e7d6 e4g6 c8b8 g6f6,850
rnbqk1nr/1pp2ppp/8/p2p4/1b1P4/1QN1P3/PP3PPP/R1B1KBNR b KQkq -,,0
8/1nknNR2/pp1p4/2pPp3/4P3/4PN2/PPP2KP1/7r b - -,c7b8 e7f5 c5c4 f7d7 b7c5 d7d6 c5e4 f2e2 e4d6 f5d6,431
8/4k3/3pR3/3PbPp1/8/5Pn1/3K4/8 b - -,e7f8 d2d3 f8f7 d3e3 g3f5 e3e4 f5g3 e4d3 e5f4 e6h6,-292
rkbr4/1p1q2p1/5pp1/p7/2Qp4/B7/P5PP/2R1R2K b - -,a8a6 e1e7 d7c6 c4d3 c6d5 c1c5 d5a2 h2h3 a5a4 c5b5,-51
r2q1rk1/ppp2ppp/2np1n2/2b1p3/2P3b1/P1NPP1P1/1P2NPBP/R1BQK2R b KQ -,a7a5 h2h3 g4d7 e1h1 c6e7 d3d4 c5a7 e3e4 e7c6 c1e3,61
8/7p/8/5P2/2Pk4/5K2/8/8 b - -,d4e5 f3g4 h7h5 g4g5 h5h4 f5f6 e5e6 g5g6 h4h3 f6f7,Mate
2r2nk1/p1r2pp1/8/p2Pp2p/1b1qP2B/1Pp2PNP/R1Q3P1/3R3K b - -,d4d1 c2d1 c3c2 a2c2 c7c2 h4g5 c2a2 d5d6 f8d7 g3f5,-78
r2q1rk1/pppnn2p/3p2p1/3P4/2PQPp2/2N2B1P/PP3P2/R4RK1 b - -,d7e5 d4d1 g8h8 a1c1 c7c5 d5c6 e7c6 c3d5 d8h4 g1h2,-204
r4rk1/p5p1/4q2p/1bPpp3/1p2pPPP/3nP2N/PBQ5/K4R1R b - -,e6a6 f1f2 d5d4 g4g5 b5c4 a2a3 h6h5 f4e5 d3f2 h3f2,-496
6k1/2p2pp1/7p/R7/P6P/4N3/2b2PPK/1r6 b - -,c2e4 f2f3 b1e1 e3c4 e4c6 a5a7 e1e2 h2g3 g8h7 a7c7,3
1rq1bb2/5p1k/2p2n1p/2pP2pP/2N1PPP1/2N5/5Q2/3B1RK1 b - -,h7h8 f4g5 c6d5 e4d5 f6h7 g5h6 b8b4 f2f4 f8h6 f4h6,110
6k1/1b3p1p/pR1p2p1/2pP4/2Pb3q/P2Br2P/2Q3P1/5R1K b - -,d4e5 c2f2 h4f2 f1f2 e3d3 f2f1 b7d5 c4d5 c5c4 b6a6,-156
rnq2rk1/4bp2/p2p2pp/1p1Pp3/6b1/2P1NN2/PPB1QPK1/R1B1R3 b - -,g4h3 g2g3 h6h5 e1h1 h3g4 c1d2 e7g5 a1g1 f8e8 g3g2,285
3r4/1pp2P1k/p7/5n2/1b3PR1/4p2Q/qPP5/2K5 b - -,g4h3 g2g3 h6h5 e1h1 h3g4 c1d2 e7g5 a1g1 f8e8 g3g2,Mate
2r2rk1/1p3pbp/p1n2Pp1/2p1q1P1/P3P1Q1/3P2nP/1PP3B1/R4RK1 b - -,g3f1 a1f1 g7h8 c2c3 c8d8 f1d1 h7h6 h3h4 h6h5 g4f3,-561
r2q1rk1/2pn2pp/ppQb4/3pNp2/3Pn3/1P1BP3/PB3PPP/R4RK1 b - -,e4g5 c6d7 d6e5 d7d8 e5h2 g1h2 a8d8 h2g1 d8e8 a1e1,769
K7/8/8/8/8/2kb1R2/8/8 b - -,c3d4 a8a7 d3e4 f3f4 d4e3 f4h4 e3d4 h4g4 d4d5 a7b6,9
rnb2rk1/pp2qppp/2pb1p2/8/2BP4/4BN2/PPP1QPPP/R3K2R b KQ -,b8d7 c4d3 f8e8 e1h1 d7f8 h2h3 c8e6 e2d1 e7d7 f1e1,4
8/8/8/8/3K2p1/5k2/2B5/5N2 b - -,f3f2 f1e3 g4g3 c2e4 f2e1 d4d3 g3g2 e4g2 e1f2 d3d4,20000
1rq1bb2/5p1k/5n1p/2pp2PP/2N1P1P1/2N5/5Q2/3B1RK1 b - -,f6d7 e4d5 h7h8 g5h6 f8h6 c3e4 c8a6 f2e2 h6g7 g4g5,176
2rq1rk1/pbpn1pp1/1p3b1p/3p4/1P1P4/2NBPN2/P4PPP/2RQ1RK1 b - -,c7c6 d1b3 f8e8 c1c2 a7a6 a2a4 b6b5 d3f5 c8a8 a4a5,40
8/5k2/3pR3/3Pbnp1/4K3/5P2/8/8 b - -,f5g7 e6h6 e5f4 h6h8 f7g6 h8g8 f4e5 g8a8 g7h5 a8g8,-308
r2r2k1/pb3pp1/2p1p3/3n2Q1/5q2/P1NB3P/1PP2P2/1K1R2R1 b - -,d5c3 b2c3 f4g5 g1g5 d8d5 h3h4 c6c5 d1g1 d5g5 h4g5,-7
2rR2k1/5p2/1b5p/p5p1/Ppp1P3/6P1/1P3PBP/3R1K2 b - -,b6d8 g2h3 c8b8 e4e5 c4c3 b2c3 b4c3 d1c1 b8b3 f1e2,-12
6k1/2p2pp1/7p/R7/P3b2P/4NP2/6PK/1r6 b - -,,0
r1b1k2r/p2p3p/1qp1pp2/3n4/1bP1NP2/5Q2/PP4PP/R1BK1B1R b kq -,f6f5 f3h5 e8d8 c4d5 f5e4 d5e6 h8e8 f4f5 b6d4 d1c2,32
1kbr4/1p1qR1p1/r4pp1/p7/2Qp4/B7/P5PP/2R4K b - -,d7c6 c4d3 c6d5 c1c5 d5a2 h2h3 a5a4 c5b5 b8a8 a3c5,-39
8/8/4pqk1/1p1p1pp1/2R5/2P1Q3/1K4R1/8 b - -,g5g4 c4b4 f6e7 g2h2 e7f6 e3h6 g6f7 h6h5 f6g6 h5h8,666
r2q1rk1/pB3ppp/5b2/2Q5/2p2B2/2P3P1/PP5P/5RK1 b - -,,0
r3r1k1/2pbqnpp/p1pb1p2/8/3NpPP1/1PN1P2P/PBPQ4/1K1R3R b - -,d6a3 d4e2 a8d8 d2e1 a3b2 b1b2 f7d6 h1g1 d8b8 b2b1,121
r1bqk2r/ppp2ppp/2n1pn2/1Nb5/3pP3/1B3N2/PPPPQPPP/R1B1K2R b KQkq -,e6e5 d2d3 d8e7 c1d2 c8g4 h2h3 g4h5 g2g4 h5g6 e1h1,-43
r3k2r/p1Pqb1pp/1p2pn2/1B5b/3P1Q2/2N5/PP3PPP/1R2K3 b - -,d7b5 c3b5 e8d7 d4d5 f6d5 f4a4 a7a6 b5d4 b6b5 a4c2,63
r2q1rk1/ppp1n2p/3p2p1/3Pn3/2PQPpB1/2N4P/PP3P2/R4RK1 b - -,e5g4 h3g4 f4f3 e4e5 e7f5 d4f4 f5e3 f4g3 e3f1 a1f1,-259
8/8/7p/6p1/3k1pP1/3p1P1P/8/3K4 b - -,h7h5 g4e6 g8h7 g1h1 c7c5 d4d1 f4f3 b2b4 c5b4 c3b5,Mate
r1bk3r/p1p2Qpp/2Bb4/6q1/3p1n2/8/PP1P1PPP/RNB2RK1 b - -,f4e2 g1h1 g5h6 g2g3 d6g3 f7d5 g3d6 f2f4 e2g3 h1g1,-588
r3r1k1/3b1ppp/3p1b2/q2P4/8/2NB4/PP1Q1PPP/R2K3R b - -,f6c3 b2c3 d7a4 d1c1 g7g6 a1b1 e8c8 c3c4 a5d5 b1b4,-408
n1rqr1k1/1p3pb1/1B1p1np1/Pp1Pp2p/2N1P3/1P1Q2PP/5PB1/2R2RK1 b - -,c8c7 b6c7 a8c7 c4b6 g7h6 c1c2 h5h4 b3b4 e8f8 g1h1,269
rnbk1b1r/ppp1q1pp/3p1n2/4p1N1/2BPp3/2P5/PP3PPP/RNBQK2R b KQ -,b7b5 g5f7 d8e8 c4b3 c8g4 d1d2 h8g8 d4e5 g4e6 f7d6,111
r2k1bnr/p1p2ppp/2p1b3/4p3/5P2/2N3P1/PPP1P2P/R1B1K1NR b KQ -,f8b4 f4e5 b4c3 b2c3 g8e7 g1f3 h8e8 c1e3 e7g6 e3d4,29
r1bqkb1r/p1p2ppp/1p2pn2/4N3/3P4/5Q2/PPP2PPP/R1B1KB1R b KQkq -,c8d7 f1d3 a8c8 e1h1 f8e7 f1e1 e8h8 f3h3 d7e8 c1g5,151
rnq2rk1/4bp2/p2p2pp/1p1Pp3/8/2P1NNKb/PPB1QP2/R1B1R3 b - -,e7f6 e1h1 h3d7 e3g2 h6h5 h1h5 d7g4 h5h1 f6g7 g2e3,340
3K4/8/8/8/3k2N1/5B2/8/8 b - -,d4d3 d8c7 d3c2 g4f6 c2d3 f3g4 d3c2 g4f5 c2c3 c7d6,200
rn1q1rk1/2p3pp/pp1bp3/3N1p2/3Pn3/1P1BPN2/PBQ2PPP/R4RK1 b - -,d8e8 d5f4 b8c6 a2a3 g7g5 f4e2 g5g4 d3e4 f5e4 f3d2,989
8/2p3p1/7k/8/p1n5/3K4/2p5/2r5 b - -,d8e8 d5f4 b8c6 a2a3 g7g5 f4e2 g5g4 d3e4 f5e4 f3d2,Mate
3R2k1/5p2/1b5p/p5p1/Ppp1P3/6P1/1P3PBP/5K2 b - -,,0
2r2rk1/1p3pbp/p1n2Pp1/2p1q1P1/P3P1Q1/3P3P/1PP3B1/5RK1 b - -,g7h8 b2b3 c8d8 h3h4 h7h5 g4d1 c6d4 d1d2 f8e8 d2f2,-551
1kbr4/1p2R1p1/r1q2pp1/p7/3p4/B2Q4/P5PP/2R4K b - -,c6d5 c1c5 d5a2 h2h3 a5a4 c5b5 b8a8 a3c5 a2g8 b5b4,-28
1r1r2k1/p3qppp/b3pn2/3p4/2P5/P3P3/Q2N1PPP/2RR1BK1 b - -,d5c4 d2c4 d8d1 c1d1 h7h6 h2h3 f6d5 d1d4 e7c7 a2a1,-10
r1b1r1k1/2qn1pp1/2p1pn1p/p7/1P1PP3/B4N1P/P1B1QPP1/3R1RK1 b - -,c8a6 c2d3 c7b7 d3a6 b7a6 e2e3 a6b6 b4a5 a8a5 d1d3,28
1rq1bb2/5p1k/5Q1p/2p3PP/2p1P1P1/2N5/8/3B1RK1 b - -,f8g7 f6f3 g7d4 g1h1 c8d8 f3g3 b8b2 d1a4 h6g5 a4e8,-219
r4rk1/1bpnqpbp/1p4p1/p1n1p3/2N5/2P1PN1P/PPQ1BPPB/3R1RK1 b - -,b7e4 c2c1 a5a4 f3e1 e4b7 e1c2 f7f5 c2b4 f5f4 f2f3,-60
r2q4/pb3k2/1p5p/3p2p1/2pP4/P2nPQP1/1P3PP1/2R2RK1 b - -,f7g8 c1c4 d5c4 f3b7 a8c8 f2f4 g5f4 g3f4 c8c7 b7e4,-89
5r1k/6p1/2p4p/1p6/3Pp3/8/PPQ2qPP/2R4K b - -,f7g8 c1c4 d5c4 f3b7 a8c8 f2f4 g5f4 g3f4 c8c7 b7e4,Mate
r1bq1rk1/pp1n1ppp/2pbpn2/8/3P4/5BN1/PPP2PPP/RNBQR1K1 b - -,d6c7 b1c3 f8e8 a2a4 h7h6 h2h3 d7f8 c3e4 f6e4 f3e4,30
8/3k4/3P4/5P2/8/5Kp1/8/8 b - -,,0
8/8/8/8/3KB3/5kp1/8/5N2 b - -,d7d6 f3g3 d6e5 g3g4 e5f6 g4f4 f6f7 f4g5 f7g7 f5f6,Mate
8/8/6K1/8/3k4/8/5R2/8 b - -,d7d6 f3g3 d6e5 g3g4 e5f6 g4f4 f6f7 f4g5 f7g7 f5f6,Mate
n1r1r1k1/1p3pb1/3p1np1/qN1Pp2p/4P3/1P1QB1PP/5PB1/2R2RK1 b - -,e8f8 b5d6 c8c1 f1c1 h5h4 g3h4 f6h5 d6b7 a5a3 g2f1,398
r4rk1/6p1/5P2/p1qpQ1Pp/1p2p2P/4P2N/P7/K4R2 b - -,c5c3 e5c3 b4c3 a1b1 a8b8 b1c1 g7f6 g5f6 c3c2 f1f2,-446
3b2k1/5p2/7p/p3P1p1/Ppp5/6P1/1P3PBP/5K2 b - -,,0
rnbqkbnr/pp1p2p1/2p2p2/7p/2P1p3/4N1P1/PP1PPP1P/RNBQKB1R b KQkq -,d7d5 c4d5 c6d5 d2d3 d5d4 e3c2 b8c6 f1g2 g8e7 g2e4,15
8/2kR4/8/8/1KP5/8/8/8 b - -,d7d5 c4d5 c6d5 d2d3 d5d4 e3c2 b8c6 f1g2 g8e7 g2e4,Mate
8/1K6/8/8/3k4/3b1R2/8/8 b - -,,0
8/1bR2p1k/p6p/1p1p2p1/3P4/1P2B1P1/P6P/6K1 b - -,b7c6 c7c6 a6a5 c6a6 b5b4 a6a5 h7g6 a5a6 g6g7 g1f2,872
r1q1r3/p2nk1pp/1pp1Q3/Pb6/3P4/6PB/4PP1P/R1R3K1 b - -,e7d8 e6g4 c8c7 d4d5 d7f6 a5b6 c7b6 g4g7 c6d5 a1a3,105
r1bqk2r/p1pp1pp1/1pn2n1p/2b1p3/P1B1P3/2NP1N2/1PP2PPP/R1BQ1RK1 b kq -,e8h8 c3d5 f8e8 c2c3 f6d5 c4d5 a8b8 d3d4 e5d4 c3d4,69
8/8/5RK1/8/8/4k3/8/8 b - -,e8h8 c3d5 f8e8 c2c3 f6d5 c4d5 a8b8 d3d4 e5d4 c3d4,Mate
2r2rkb/1p3p1p/p1n2Pp1/2p1q1P1/P3P1Q1/3P1B1P/1PP5/5RK1 b - -,c5c4 d3c4 c8d8 f3g2 h7h6 h3h4 h6h5 g4e2 e5d4 e2f2,-596
rn1q1rk1/1bp3pp/pp1b4/3pNp2/3Pn3/1PNBP3/PBQ2PPP/R4RK1 b - -,e4c3 b2c3 g7g6 f2f4 d8e7 b3b4 b8d7 a2a4 c7c6 a1b1,131
8/2K5/8/8/8/4N3/4B3/k7 b - -,a1b2 c7d6 b2c3 e3c4 c3c2 d6c5 c2c3 e2d1 c3d3 c5b4,196
7k/8/8/8/3K4/7p/6r1/R7 b - -,,0
r1bq1rk1/pp4b1/3p1npp/2p5/2P1PB2/2NB1P2/PP5P/1R1Q1RK1 b - -,f6h5 f4e3 g7e5 c3d5 g6g5 d1d2 c8e6 b2b4 c5b4 d5b4,-109
6k1/2p2pp1/R1b4p/8/P6P/4NP2/6PK/1r6 b - -,,0
8/2p3p1/7k/8/p3K3/n7/2p5/2r5 b - -,b1b6 a6a7 b6b3 e3g4 b3a3 a7c7 c6a4 h2g3 a3a2 c7b7,Mate
1r1r2k1/p3qppp/b3pn2/8/2PP4/P7/Q2N1PPP/2RR1BK1 b - -,d8d4 d2f3 d4d1 c1d1 a6b7 f3e5 b7e4 a2a1 b8c8 a3a4,6
8/8/8/8/3KB3/4N1p1/5k2/8 b - -,d8d4 d2f3 d4d1 c1d1 a6b7 f3e5 b7e4 a2a1 b8c8 a3a4,Mate
5rk1/1pp4p/n4N1R/p2Pp3/2P3q1/3Q1rP1/PP6/2K4R b - -,f8f6 d3h7 g8f8 h6f6 f3f6 h7h8 f8e7 h1h7 e7d6 h8f6,Mate
r1bqkb1r/3p1ppp/p1n1pn2/1pp5/4P3/1PNP1N2/P1P1BPPP/R1BQK2R b KQkq -,f8e7 e1h1 e8h8 f1e1 d7d5 e2f1 d5d4 c3e2 e6e5 a2a4,-84
8/8/1K6/8/8/4N3/4B3/1k6 b - -,b1c1 e3c4 c1c2 b6c5 c2c3 e2d1 c3d3 d1f3 d3c2 c5d4,193
rnb1qrk1/pp4n1/4p1pB/2ppP3/3P2P1/P1PQ4/2P2P2/R3KBNR b KQ -,e8f7 f2f4 g7e8 d3h3 c5c4 g1f3 f7h7 f3g5 h7h8 e1a1,632
r1bq1rk1/pp1n1ppp/2pb1n2/4pN2/3P4/5B2/PPP2PPP/RNBQR1K1 b - -,d6b4 c2c3 e5e4 f3g4 b4e7 b1d2 d7b6 d2e4 f6g4 d1g4,132
8/1b3R1k/p6p/1p1p4/3P2p1/1P2B1P1/P6P/6K1 b - -,d6b4 c2c3 e5e4 f3g4 b4e7 b1d2 d7b6 d2e4 f6g4 d1g4,Mate
1r1k4/4b3/pn4Q1/7p/1q1B2p1/8/PP3PPP/3R2K1 b - -,b4d6 d4b6 b8b6 d1d6 b6d6 g6c2 a6a5 g2g3 d6d5 g1g2,440
r3k2r/pp3ppp/2Bb4/q7/8/P1Nb1P2/1P3QPP/R1B1K2R b - -,b7c6 f2e3 a5e5 e1d1 e5e3 c1e3 f7f5 d1e1 c6c5 c3a4,-10
8/5bk1/7p/1B4p1/3R4/6nP/8/6K1 b - -,f7e6 g1h2 g3h5 d4a4 h5f4 h3h4 g7f6 b5e8 f6e7 e8c6,13
r4rk1/2pnqpbp/1p4p1/p1n1p3/2N1b3/2P1PN1P/PP2BPPB/2QR1RK1 b - -,a5a4 f3d2 e4c6 c4a3 c6b7 d2c4 f7f5 c1c2 b7e4 c2c1,-72
rn1qr1k1/p1p2p1p/1p1p2pQ/6N1/8/3B4/bPP2PPP/2KRR3 b - -,e8e5 e1e5 d8g5 e5g5 b8d7 b2b3 a8e8 d3b5 e8e5 b5d7,866
1rq1bb2/5p1k/5P1p/2p4P/2p1P1P1/2N5/5Q2/3B1RK1 b - -,f8d6 f2f5 c8f5 f1f5 e8c6 e4e5 d6c7 d1a4 c6a4 c3a4,-6
8/8/7p/6p1/5pP1/3pkP1P/8/4K3 b - -,c8e6 f2f5 e6f5 f1f5 e8d7 f5f2 f8d6 f2d2 d6e5 d2d7,Mate
1r4k1/p3qppp/b3pn2/8/2P5/P4N2/Q4PPP/3R1BK1 b - -,a6b7 f3e5 b7e4 a2a1 b8c8 a3a4 a7a5 a1d4 e4c2 d1d2,8
r2k2nr/p1p2ppp/2p1b3/4P3/1b6/2N3P1/PPP1P2P/R1B1K1NR b KQ -,d8c8 c1d2 g8e7 g1f3 h8e8 e1a1 e7g6 c3a4 b4e7 b2b3,92
r1bq1rk1/ppbn1ppp/2p2n2/4pNB1/3P4/5B2/PPP2PPP/RN1QR1K1 b - -,f8e8 b1d2 h7h6 g5h4 d7f8 d4e5 c8f5 e5f6 e8e1 d1e1,-20
6k1/R1p2pp1/1rb4p/8/P6P/4NP2/6PK/8 b - -,,0
6k1/1b3p1p/pR1p2p1/2pPb3/2P4q/P2Br2P/5QP1/5R1K b - -,h4h3 g2h3 e3h3 h1g1 e5d4 d3e4 d4f2 g1f2 h3a3 b6b7,539
8/8/4pqk1/3p1pp1/2p5/2P1Q3/1K5R/8 b - -,f6e7 b2c2 f5f4 e3h3 g6f6 h2e2 e7d6 h3h6 f6f5 e2g2,231
r3kbnr/ppp1pppp/2nq4/5b2/1P6/P1N2N2/2PP1PPP/R1BQKB1R b KQkq -,e8a8 f1e2 e7e5 d2d3 g8f6 e1h1 g7g6 c1b2 h7h5 f1e1,-9
rn1k1b1r/ppp1q1pp/3p1n2/4p1N1/2BPp1b1/1QP5/PP3PPP/RNB1K2R b KQ -,d6d5 b3b7 d5c4 h2h3 g4h5 d4d5 e7d6 b7a8 d8c8 c1e3,220
6k1/5p2/1b5p/p3P1p1/Ppp5/6P1/1P2KPBP/8 b - -,b6d4 g2d5 d4e5 d5c4 e5b2 g3g4 g8g7 e2d3 f7f5 g4f5,-3
1r1k4/3nb3/p7/7Q/1q1B2p1/8/PP3PPP/3R2K1 b - -,b4d6 h5g4 d8c7 d4b6 b8b6 d1d6 e7d6 g4e2 d6c5 g1h1,306
r1q1r3/3nk1pp/1pp1Q3/1b6/3P4/6PB/4PP1P/R1R3K1 b - -,e7f8 e6d6 f8g8 h3d7 a8a1 c1a1 c8d8 a1a7 g8h8 a7c7,381
r2q1rk1/pppb1ppp/3p1n2/3Np1N1/1bP1P3/3Q4/PPP2PPP/R1B2RK1 b - -,f6d5 c4d5 h7h6 g5f3 f7f5 e4f5 f8f5 c1e3 b4a5 f3d2,-47
8/8/7p/6p1/5pP1/4kP1P/3p4/3K4 b - -,c7c5 d5b4 c5b4 d3d6 f8e8 d6b4 h7h6 g5f3 d7c6 f3d2,Mate
8/1R6/p5kp/1p1p4/3P2p1/1P2B1P1/P6P/6K1 b - -,c7c5 d5b4 c5b4 d3d6 f8e8 d6b4 h7h6 g5f3 d7c6 f3d2,Mate
r2k2nr/p1p2ppp/2p1b3/4P3/8/2P3P1/P1P1P2P/R1B1K1NR b KQ -,e6d5 g1f3 g8e7 h1f1 e7g6 c1f4 h8e8 f3d4 d8e7 c3c4,50
2r2rkb/1p3p1p/p1n1qPp1/2p3P1/P3P2Q/3P1B1P/1PP5/5RK1 b - -,e6e5 b2b3 f8e8 f1f2 c8d8 g1g2 e5d6 f3g4 c6e5 f2f1,-530
7k/8/8/8/3K4/7p/7r/1R6 b - -,,0
8/8/8/8/3K4/4N1p1/4k1B1/8 b - -,h8g7 d4e4 h2a2 e4f4 h3h2 b1h1 g7f6 f4g3 a2a3 g3h2,Mate
rnbqkb1r/4Pppp/p2p4/2pP4/2P5/2p5/PP3PPP/R1BQKBNR b KQkq -,f8e7 b2c3 e7f6 d1e2 e8f8 e2c2 d8e7 e1d1 b8d7 g1f3,40
6k1/R1p2pp1/2b4p/5N2/P6P/1r3P2/6PK/8 b - -,,0
6k1/5p2/7p/p2BP1p1/Pppb4/6P1/1P2KP1P/8 b - -,d4e5 d5c4 e5b2 e2e3 g8g7 g3g4 g7g6 f2f3 f7f5 c4d3,-23
r2q1rk1/pppb1ppp/3p4/3Pp1N1/1b2P3/3Q4/PPP2PPP/R1B2RK1 b - -,a7a5 c1e3 b7b6 b2b3 b4c5 a2a3 h7h6 e3c5 b6c5 g5f3,-59
r2qkb1r/pp2pppp/2n5/3np3/3P4/2N2B1P/PP3PP1/R1BQK2R b KQkq -,e7e6 c3d5 e6d5 d4e5 d8a5 c1d2 f8b4 d2b4 a5b4 d1d2,8
R1qkr3/3n2pp/1pp1Q3/1b6/3P4/6PB/4PP1P/2R3K1 b - -,e8e6 a8c8 d8c8 h3e6 c8c7 g1f1 d7f6 e6b3 f6g4 h2h4,512
r1qbr1k1/ppp2pPp/3p2n1/3P4/7P/1Q2B3/PPP1BP2/2K3RR b - -,c7c5 h4h5 g6e5 b3a4 d8b6 c2c4 c8f5 a4c2 f5c2 c1c2,316
r1bqk2r/ppp2ppp/2n5/8/2BPp3/2P2N2/P4PPP/R1B1Q1K1 b kq -,c8f5 c1a3 d8f6 f3d2 e8a8 d2e4 f6g6 f2f3 c8b8 e1f2,-268
r4rk1/p1pq1p2/2pb3p/4B1pn/4P1b1/3P1N2/PPPN2PP/R3QRK1 b - -,d6e5 f3e5 d7d4 e1f2 d4e5 d2c4 e5e7 c4e3 g4d7 a1e1,-269
8/8/1K6/8/2N5/8/4B3/2k5 b - -,c1c2 b6c5 c2c3 e2f1 c3c2 c5b4 c2b1 f1d3 b1a2 d3c2,197
6k1/pp3pp1/2p4p/8/8/1P4PP/P5P1/6K1 b - -,f7f5 g1f2 g8f7 f2e3 c6c5 e3d3 b7b5 b3b4 f7e6 b4c5,-416
r3r1k1/2qn1pp1/b1p1pn1p/p7/1P1PP3/B2B1N1P/P3QPP1/3R1RK1 b - -,c7b7 b4a5 a6d3 d1d3 a8a5 a3d6 b7a6 f1c1 a5a2 e2e3,30
6k1/1b3p1p/pR1p2p1/2pPb3/2P5/P2Br2P/5RP1/7K b - -,b7d5 c4d5 e3d3 f2f1 c5c4 b6a6 c4c3 a6c6 d3d5 f1c1,-169
r1bqk2r/ppp2ppp/2n5/8/2BPp3/2P2N2/P3QPPP/R1B3K1 b kq -,e8h8 e2e4 f8e8 c4f7 g8f7 e4h7 e8h8 f3g5 d8g5 h7h8,-263
rnb1k2r/ppp1ppbp/1n1q2p1/8/3P4/1B3N1P/PPP2PP1/RNBQK2R b KQkq -,e8h8 e1h1 c7c5 d4c5 d6d1 f1d1 b6d7 b1c3 d7c5 c3d5,19
8/8/pR4kp/3p4/1p1P2p1/1P2B1P1/P6P/6K1 b - -,e8h8 e1h1 c7c5 d4c5 d6d1 f1d1 b6d7 b1c3 d7c5 c3d5,Mate
6k1/R1pbNpp1/7p/8/P6P/1r3P2/6PK/8 b - -,,0
3r1rk1/p1q1b1pp/1p2pB2/nP3p1Q/2P5/3B1N2/P4PPP/R4RK1 b - -,f8f6 f3g5 h7h6 g5e6 f6e6 h5f5 c7e5 f5h7 g8f7 h2h4,-235
2r2rkb/1p3p1p/p3qPp1/2p3P1/P2nP1BQ/3P3P/1PP5/5RK1 b - -,e6e5 c2c3 c8d8 a4a5 d4c6 g4e2 f8e8 g1h1 c5c4 d3d4,-552
8/8/8/6k1/8/4K2p/7r/1R6 b - -,,0
r1b1qrk1/pp1n2n1/4p1pB/2ppP3/3P2P1/P1P4Q/2P2P2/R3KBNR b KQ -,f8f7 h6e3 g7h5 g4h5 f7h7 h3g3 d7f8 g1f3 b7b6 e1d2,716
8/K7/8/8/3k4/3b1R2/8/8 b - -,d3e4 f3f4 d4e3 f4h4 e3d4 h4g4 d4d5 a7b6 e4b1 b6b5,9
8/8/8/8/4K3/4N1p1/5kB1/8 b - -,d3e4 f3f4 d4e3 f4h4 e3d4 h4g4 d4d5 a7b6 e4b1 b6b5,Mate
1r3qk1/ppN1n3/3Q3b/3Pp3/4P1b1/3N4/PP2p1B1/2R1R1K1 b - -,h6e3 g1h1 e3d4 c7b5 b8d8 e1f1 e2f1r c1f1 d8d6 f1f8,34
rnb1kb1r/4qppp/p2p4/2pP4/2P5/2p5/PP2BPPP/R1BQK1NR b KQkq -,g7g5 e1f1 f8g7 b2c3 f7f5 d1a4 b8d7 e2h5 e8f8 c1d2,70
r1bk3r/p1p2Qpp/2Bb4/4q3/3p1P2/7n/PP1P2PP/RNB2R1K b - -,e5e2 c6b5 d4d3 b5d3 e2d3 f1e1 h8f8 f7b3 h3f4 b1a3,-749
r3r1k1/2qn1pp1/b1p1pn1p/8/1B1PP3/3B1N1P/P3QPP1/3R1RK1 b - -,a6d3 d1d3 c7b6 a2a3 e6e5 d4e5 d7e5 f3e5 e8e5 d3e3,57
r2q1rk1/pppb1ppp/3p4/2bPp1N1/4P3/P2Q4/1PP2PPP/R1B2RK1 b - -,a7a5 c1e3 b7b6 f1e1 c5e3 d3e3 h7h6 g5f3 f7f5 e4f5,-66
5k2/R1pb1pp1/7p/3N4/P6P/1r3P2/6PK/8 b - -,,0
2kr1bnr/ppp1pppp/2nq4/5b2/1P6/P1NP1N2/2P2PPP/R1BQKB1R b KQ -,e7e5 f1e2 g8f6 e1h1 g7g6 f1e1 f8g7 c1b2 c6d4 h2h3,-8
rn1q2k1/p1p2p1p/1p1p2pQ/6N1/8/3B4/bPP2PPP/2K1R3 b - -,d8g5 h6g5 b8c6 f2f4 a2e6 f4f5 e6f5 d3f5 a8d8 e1e3,Mate
2brr1k1/p4pNp/1p6/1Pp1p2n/2P1P3/3PBPPP/P3K3/6RR b - -,d8d3 g7e8 d3a3 g3g4 a3a2 e2d3 a2a3 d3d2 h5f4 e8f6,496
8/7k/p6R/3p4/1p1P2p1/1P2B1P1/P6P/6K1 b - -,d8d3 g7e8 d3a3 g3g4 a3a2 e2d3 a2a3 d3d2 h5f4 e8f6,Mate
rnb2rk1/ppp1ppbp/1n1q2p1/8/3P4/1B3N1P/PPPN1PP1/R1BQK2R b KQ -,c8f5 a2a4 a7a5 e1h1 b8c6 g2g4 f5e6 d2e4 d6d8 c2c3,27
8/8/8/1K6/2N5/1k6/8/3B4 b - -,b3c3 b5c5 c3d3 d1b3 d3e4 b3c2 e4f4 c5d4 f4f3 d4e5,9605
r3kb1r/pb1p1ppp/1qp1p3/4P3/1nP1NP2/8/PP3QPP/R1B1KB1R b KQkq -,b6f2 e1f2 c6c5 e4c3 f8e7 a2a3 e7h4 f2g1 b4c2 a1b1,-37
r7/5pkp/3p1rp1/4n3/P1pRP3/4NP2/1P4PP/R5K1 b - -,a8a6 e3c4 a6c6 c4e5 d6e5 d4d2 c6c4 a4a5 f6a6 d2d5,323
rnb1kb1r/pp1ppp1p/5np1/2q5/4P3/2P1BN2/PP3PPP/RN1QKB1R b KQkq -,c5c7 e4e5 f6g4 e3d4 f8g7 b1a3 b8c6 a3b5 c7a5 e5e6,33
r1b2r2/1p1nbppk/p1n1p3/q1ppP1N1/3P1N1P/2P5/PP3PP1/R1BQK2R b KQ -,c5c7 e4e5 f6g4 e3d4 f8g7 b1a3 b8c6 a3b5 c7a5 e5e6,Mate
8/8/8/8/5K2/4N1p1/4k1B1/8 b - -,e2d3 e3f5 d3c3 f4e5 c3c4 g2e4 c4b5 e5d4 b5b6 d4d5,284
b3r1k1/p3qnbp/1p4p1/2p1p3/P6P/1P1PN1P1/1BPQ1R2/4R1K1 b - -,a7a6 e1f1 f7h6 d2c3 b6b5 g1h2 e7d6 a4b5 a6b5 c3a5,152
rnbqkb1r/ppp1pp1p/5np1/3p4/2PP4/1P4P1/P3PP1P/RNBQKBNR b KQkq -,d5c4 f1g2 c7c5 g1f3 f8g7 e1h1 e8h8 c1b2 f6e4 f3e5,-56
2r2rkb/1p3p1p/p4Pp1/2p1q1P1/P2nP1BQ/2PP3P/1P6/5RK1 b - -,c8d8 c3d4 d8d4 a4a5 d4d3 g4f3 f8d8 g1h1 h7h5 f3g2,-550
8/K7/8/8/3kb3/R7/8/8 b - -,d4c5 a3g3 e4d5 g3g1 d5f3 g1c1 c5d5 a7b6 f3e2 c1g1,9
1r4k1/p4ppp/b3pn2/2q5/2P5/P4N2/Q4PPP/1R3BK1 b - -,,0
rnb1kb1r/pp1ppp1p/2q2np1/4P3/8/2P1BN2/PP3PPP/RN1QKB1R b KQkq -,f6d5 e3d4 f8g7 d1d2 e8h8 b1a3 d5c7 h2h4 h7h5 f1d3,62
rn1qkb1r/pb3ppp/1p2pn2/2pp4/5B2/2NP1NP1/PPP1PPBP/R2Q1RK1 b kq -,f6h5 f4d2 h5f6 e2e4 d5d4 c3b1 f8e7 a2a4 b8c6 b1a3,19
r4rk1/6p1/5P2/p2p2Pp/4p2P/2p1P2N/P7/K1R5 b - -,g7f6 a2a3 d5d4 e3d4 e4e3 h3g1 f6g5 h4g5 f8f2 g1h3,-554
8/5N2/6p1/4p1P1/4Pk1P/8/n7/7K b - -,a2c1 h4h5 g6h5 g5g6 f4e4 g6g7 c1d3 g7g8q d3f2 h1g1,707
rnk2b1N/ppp1q1pp/8/3np3/3Pp1b1/1QP5/PP3PPP/RNB1K2R b KQ -,g4e6 e1h1 d5e3 c3c4 e3f1 d4d5 e6f5 g1f1 e7f6 b1c3,-113
r1b1k1nr/pppq1p1p/2n1p1p1/3pP1B1/3P2Q1/2PB4/P1P2PPP/R3K1NR b KQkq -,b7b6 h2h4 h7h6 g5d2 c8b7 g4h3 e8a8 h4h5 g6h5 g1e2,70
r1b1q1k1/pp1n1rB1/4p1p1/2ppP3/3P2P1/P1P4Q/2P2P2/R3KBNR b KQ -,f7g7 g1f3 e8e7 h3h8 g8f7 h1h7 g7h7 h8h7 f7e8 h7g6,Mate
r3kb1r/pb1p1ppp/2p1p3/4P3/1nP1NP2/8/PP3KPP/R1B2B1R b kq -,c6c5 e4c3 f7f6 e5f6 g7f6 a1b1 f6f5 a2a3 b4c2 f1d3,-35
2r2k2/1q3p2/3Qp1p1/pp1n4/2pR2N1/2P3P1/PP3P1P/6K1 b - -,f8g7 d6e5 g7f8 e5h8 f8e7 h8g7 e7d6 g4e5 c8c7 a2a4,320
8/8/8/5N2/5K2/3k2p1/6B1/8 b - -,d3c3 f4e5 c3c4 e5d6 c4b4 d6c6 b4c4 c6b6 c4b4 f5e3,9605
8/4q3/4p1k1/3p1pp1/2p5/2P1Q3/2K4R/8 b - -,f5f4 e3h3 e7f7 c2c1 g6f6 h2e2 f6e7 c1b2 f7f6 e2e1,237
rnb1k2r/4qpbp/p2p2p1/2pP4/2P5/2P5/P1Q1BPPP/R1B1K1NR b KQkq -,c8f5 c2d2 b8d7 g1f3 d7f6 e1h1 f6e4 d2c2 e4c3 e2d3,-165
1r3qk1/ppN1n3/3Q4/3Pp3/4P1b1/3Nb3/PP2p1B1/2R1R2K b - -,e3d4 c7b5 b8d8 e1f1 e2f1b c1f1 d8d6 f1f8 g8f8 b5d6,42
5rk1/1pp2r1p/n4N1R/p2Pp3/2P5/3Q1qP1/PP6/2K4R b - -,f3f6 h6f6 f7g7 f6f8 g8f8 h1f1 g7f7 f1f7 f8f7 d3h7,Mate
6k1/8/R7/3p4/1p1P2p1/1P2B1P1/P6P/6K1 b - -,f3f6 h6f6 f7g7 f6f8 g8f8 h1f1 g7f7 f1f7 f8f7 d3h7,Mate
6k1/6p1/P2p4/2b1p2p/2P3Q1/5K2/1P3P2/4B3 b - -,h5g4 f3e4 g8f7 b2b4 c5d4 e4d5 f7e7 d5c6 e5e4 b4b5,859
7r/pp3kpp/8/4R3/8/5P2/PP4rP/1K2R3 b - -,,0
r3nrk1/pbp1qppp/1p1p4/4P3/2BQ4/2N2P2/PPP3PP/2KRR3 b - -,e7g5 d4e3 g5e3 e1e3 g8h8 c4b3 b7c6 b3d5 c6d5 c3d5,170
8/8/8/8/6k1/4K2p/6R1/8 b - -,,0
r7/pb3k2/1p3q1p/3p2p1/2RP4/P2nPQP1/1P3PP1/5RK1 b - -,d3c5 f3h5 f7g8 c4c2 c5e4 f1c1 a8f8 g1h2 b7a6 c2c6,84
r4rk1/1bp1nqb1/p2p1n1p/R2Pp3/1PP2p2/2N2P2/2NQBBPP/5R1K b - -,a8b8 f1d1 f7g6 b4b5 a6b5 c4b5 b8a8 e2d3 g6h5 a5a8,119
2Rk4/3n2pp/1pp1r3/1b6/3P4/6PB/4PP1P/2R3K1 b - -,d8c8 h3e6 c8c7 g1f1 d7f6 e6b3 f6g4 h2h3 g4f6 f1e1,511
2r1r1k1/3b1ppp/3p1b2/q2P4/8/2NB4/PP1Q1PPP/2RK3R b - -,f6c3 c1c3 a5a2 c3c8 d7c8 d2c2 a2d5 h1e1 c8e6 f2f3,-282
3r2k1/p4ppp/b3pn2/2q5/2P5/P4N2/1Q3PPP/1R3BK1 b - -,f6e4 b2c2 f7f5 f1d3 h7h6 d3e4 f5e4 c2e4 a6c4 e4e3,-8
r2r2k1/pb3pp1/2p1p3/6Q1/5q2/P1PB3P/2P2P2/1K1R2R1 b - -,,0
r2qkb1r/pp2pppp/2n5/4p3/3P4/2P2B1P/P4PP1/R1BQK2R b KQkq -,e7e6 a1b1 d8d7 d4e5 b7b6 d1d7 e8d7 c1f4 f8e7 b1d1,10
r1br4/pp1k2pp/4qpn1/8/1Q1p1P2/B7/P5PP/1R3R1K b - -,,0
r3kb1r/ppp1pppp/5n2/q2Pnb2/8/1BN2P2/PPP1Q1PP/R1B1K1NR b KQkq -,e5g6 g2g4 f5d7 h2h4 h7h5 g4g5 f6g8 c1d2 e8a8 e1a1,162
r1b1k2r/pp4pp/8/3Nq3/3pn3/1Q6/PP3PPP/R3R1K1 b - -,e8d8 f2f3 e4c5 e1e5 c5b3 a2b3 a7a5 e5e4 a8a6 e4d4,222
8/8/4K3/8/3k4/8/6P1/8 b - -,,0
rn1qkb1r/1p1b1pp1/p2pp2p/8/4PP2/2N2N2/PPPQ2PP/2KR1B1R b kq -,f8e7 c1b1 b8c6 f1c4 d8c7 c4b3 e8a8 d2e3 c6a5 f4f5,22
8/8/8/P2kNp2/1n1P2P1/1P6/3K4/8 b - -,f5g4 e5g4 d5d4 g4f2 b4c6 a5a6 d4c5 f2d3 c5b6 d2c3,4
2kr1b1r/ppp1pppp/2nq1n2/5b2/1P6/P1NP1N2/2P1BPPP/R1BQK2R b KQ -,,0
r2r2k1/4N1p1/5P2/p5Pp/3Pp2P/8/P1p5/K1R5 b - -,g8f7 c1c2 g7f6 e7f5 f6g5 h4g5 f7g6 c2c5 g6g5 f5g3,-439
r2r2k1/pb3pp1/2p1p3/6R1/8/P1PB3P/2P2P2/1K1R4 b - -,d8d5 h3h4 g8f8 d1g1 d5g5 h4g5 c6c5 g1g4 b7d5 b1c1,-14
2k5/3n2pp/1pp1B3/1b6/3P4/6P1/4PP1P/2R3K1 b - -,c8c7 g1f1 d7f6 e6b3 f6e4 f1e1 e4d6 g3g4 h7h6 f2f3,513
r3r1k1/2qn1pp1/2p1pn1p/8/1B1PP3/3Q1N1P/P4PP1/3R1RK1 b - -,a8a2 f1e1 a2a4 d3c3 c7b8 d1b1 b8a8 c3d3 a8a7 e1c1,5
1r1qbb2/5p1k/5P1p/2p1P2P/2p3P1/2N5/5Q2/3B1RK1 b - -,d8c8 d1c2 h7h8 f2f5 c8f5 g4f5 e8c6 g1f2 b8b7 f2e3,318
7r/pp2R1pp/6k1/8/8/5P2/PP4rP/1K2R3 b - -,,0
2R1r1k1/3b1ppp/3p4/3P4/8/3B4/qP1Q1PPP/3K3R b - -,d7c8 d2c2 a2d5 h1e1 c8e6 f2f3 d5d4 c2c3 d4h4 e1e2,-259
r2q1rk1/1ppb1ppp/p2p1n2/2b1p1N1/P1P1P3/2NQ4/1PP2PPP/R1B2RK1 b - -,h7h6 g5f3 d7e6 a4a5 f6d7 c1e3 f7f5 d3e2 a8c8 e3c5,-57
r1b2b1r/1pkn2pp/n1p2p2/p3p3/N1P1P3/P2BBN2/1P3PPP/R4RK1 b - -,a6c5 a4c5 f8c5 e3d2 a5a4 d2b4 c5b6 a1c1 d7c5 c1c3,-134
5K2/6r1/4b3/3k4/8/8/8/8 b - -,b7b6 d3c2 d7c5 a4c3 c5b7 b2b3 c8e6 c3a4 b7c5 a4c3,Mate
2r2rk1/2q1bpp1/B1np1n1p/p3p2b/P3P3/B1P1NN1P/5PP1/R2QR1K1 b - -,c8e8 a6b5 e8d8 d1e2 h5g6 e2c4 d8c8 f3d2 f8d8 e3d5,112
bq3rk1/4Rpp1/2pp1n1p/Qp2p3/4P3/1B1PBN1P/1PP2PP1/6K1 b - -,c6c5 f3d2 c5c4 d3c4 b5c4 b3c4 f6e4 b2b4 e4d2 e3d2,792
8/8/8/8/2k2K2/6N1/6B1/8 b - -,c6c5 f3d2 c5c4 d3c4 b5c4 b3c4 f6e4 b2b4 e4d2 e3d2,Mate
2r1kbr1/Bp2p2p/4p1p1/8/2n1N3/5P2/PPP2P1P/R3K2R b KQ -,f8h6 a2a4 g8f8 e1e2 c4b2 c2c3 c8a8 a7d4 e6e5 d4e5,7
r1b1q1k1/pp1n2r1/4p1p1/2ppP3/3P2P1/P1P2N1Q/2P2P2/R3KB1R b KQ -,g8f7 f3g5 f7e7 h3h4 e8g8 c3c4 c5d4 e1a1 d7c5 d1d4,484
rn1q1rk1/1bp3pp/pp1bp3/3P1p2/3P4/1PBBPN2/P1Q2PPP/R4RK1 b - -,g7g6 f3e5 b7d5 e3e4 f5e4 d3e4 d6e5 d4e5 b8c6 e4d5,97
r7/5pkp/3p2p1/4N3/P2RP3/1r6/1P4PP/R5K1 b - -,a8a7 e5d3 a7a6 a4a5 f7f6 d4d5 g6g5 a1c1 h7h6 g1f1,535
rnb1kbnr/ppp2ppp/8/3qN3/2B1p3/8/PPPP1PPP/RNBQK2R b KQkq -,d5e5 e1h1 f8d6 g2g3 b8c6 c2c3 g8f6 d2d4 e5f5 f2f3,-505
2kr1b1r/ppp2ppp/2nq1n2/4pb2/1P6/P1NP1N2/2P1BPPP/R1BQ1RK1 b - -,g7g6 f1e1 f8g7 c1b2 c6d4 h2h3 h8e8 e2f1 c8b8 f3d4,-3
b3r1k1/p3qnb1/1p4p1/2p1p2p/P6P/1P1P2P1/1BPQ1RN1/4R1K1 b - -,e7b7 d2e2 b7d7 e2f1 f7h6 g2e3 g8h7 e1e2 a8b7 f2h2,24
rnbqkb1r/4ppPp/p2p4/2pP4/2P5/2p5/PP3PPP/R1BQKBNR b KQkq -,h8g8 g7f8r e8f8 b2c3 b8d7 g1f3 d8a5 c1d2 e7e5 d5e6,532
rn1k1bnr/p2q1ppp/3p4/1ppP4/P7/2P2N2/1P3PPP/RNBQR1K1 b - -,b5a4 b1d2 h7h6 d2c4 g8f6 c1f4 a4a3 a1a3 d7c7 f4g3,428
r3kb1r/ppp1pppp/5nn1/q2P1b2/6P1/1BN2P2/PPP1Q2P/R1B1K1NR b KQkq -,f5d7 h2h4 h7h5 g4g5 f6g8 c1d2 e8a8 e1a1 e7e6 d5e6,148
r3r1k1/1pRq1pb1/1P1p1np1/1p1Pp2p/4P3/NP1Q2PP/5PB1/5RK1 b - -,e8b8 c7d7 f6d7 a3b5 g7f8 h3h4 d7b6 g2h3 a8a2 d3c3,484
r2q1rk1/pp3ppp/2n1p1b1/2bn4/8/2NN3P/PPPBBPP1/R2Q1RK1 b - -,d5c3 d2c3 c5d4 c3d4 c6d4 f1e1 a8c8 a1c1 c8c6 e2f3,-51
2rq1rk1/pb3pp1/5b1p/2np4/3N4/2NBP3/P4PPP/2RQ1RK1 b - -,c5d3 d1d3 c8c4 c3e2 d8a5 f1d1 c4c1 e2c1 b7a6 d3d2,-53
2b2b1r/3nkp2/1Np3q1/1p2p3/2P3pp/4B3/PP3PPP/R2QR1K1 b - -,f8g7 b6d7 c8d7 e3c5 e7e8 c4b5 f7f5 b5b6 d7c8 d1a4,499
r3kb1r/pppq1ppp/2n1b3/1B1pP3/3Nn3/2N2Q2/PPPP2PP/R1B1K2R b KQkq -,f8c5 b5c6 b7c6 d4e6 d7e6 c3e4 e6e5 d2d3 e8a8 c1f4,-82
8/1p3r1k/5p1Q/p2qppP1/1b1p4/1P5P/P4P2/2R3K1 b - -,,0
R4k2/2pb1pp1/7p/3N4/P6P/3r1P2/6PK/8 b - -,d7e8 d5c7 f8e7 c7e8 g7g5 e8g7 d3d5 a4a5 g5h4 a5a6,582
r4rk1/2q1bpp1/2np1n1p/pB2p2b/P3P3/B1P1NN1P/5PP1/R2QR1K1 b - -,f8c8 e3f5 e7f8 a3d6 f8d6 d1d6 h5f3 d6c6 c7a7 c6d6,115
8/8/4pK2/8/3k2P1/8/8/8 b - -,,0
8/K7/8/8/R1k1b3/8/8/8 b - -,c4d5 a7b6 e4d3 a4a5 d5d4 b6c7 d3c2 c7c6 c2d3 c6d6,10
r3kb1r/pppbpppp/5nn1/q2P4/6PP/1BN2P2/PPP1Q3/R1B1K1NR b KQkq -,h7h5 g4g5 f6g8 c1d2 e8a8 e1a1 e7e6 d5e6 f7e6 b3e6,160
2rq3r/4kppB/5n2/p3p3/1b6/4PQ2/1B3PPP/R2R2K1 b - -,h8h7 d1d8 c8d8 b2e5 h7h6 e5c7 d8d5 e3e4 d5c5 c7b6,374
8/4N3/6p1/4p1P1/4k3/8/n6P/7K b - -,,0
rn1qkbnr/pbp2ppp/1p2p3/1B6/3PN3/5P2/PPP3PP/R1BQK1NR b KQkq -,c7c6 b5c4 f8e7 c2c3 g8f6 e4f6 e7f6 g1h3 e8h8 e1h1,-20
r3kb1r/1b1npppp/p4n2/qp1P4/3P4/1QN5/PP1BBPPP/R3K1NR b KQkq -,,0
8/8/5p2/3K1P1k/p7/P7/8/8 b - -,b5b4 b3a4 a5a4 c3a4 f6d5 g1f3 e7e6 a1c1 f8e7 e1h1,Mate
3r4/5k2/1p3b2/2p2p1p/p1b2B2/P1P3PP/1P2NK2/4R3 b - -,h5h4 g3h4 f6h4 f4g3 h4e7 g3f4 d8d3 e2g3 e7h4 e1e5,-115
2rq1rk1/1p1nbppp/3pbn2/pB2p3/4P1P1/1NN1BP2/PPP2Q1P/2KR3R b - -,e6c4 b5c4 c8c4 g4g5 f6e8 h2h4 a5a4 b3d2 c4c3 b2c3,104
r1bqkbnr/1p1ppppp/2n5/p1p5/2PP4/P3P3/1P3PPP/RNBQKBNR b KQkq -,c5d4 e3d4 d7d5 c4d5 d8d5 g1f3 e7e6 b1c3 d5d8 f1c4,69
1r2bb2/5p1k/5P1p/2p1P2P/2pq2P1/2N5/2B2Q2/5RK1 b - -,d4d3 c2d3 c4d3 f2f5 h7h8 e5e6 e8c6 e6e7 h8g8 f5f4,Mate
8/8/8/5N2/3k1K2/8/6B1/8 b - -,d4d3 g2e4 d3c3 f4e5 c3c4 f5e3 c4c3 e5d5 c3b4 d5d4,20000
8/4q3/4p1k1/3p2p1/2p2p2/2P4Q/2K4R/8 b - -,g6f6 h2e2 e7d6 h3h6 f6f5 e2g2 d6e7 h6h3 f5f6 c2d1,266
rn1qr3/p1p2bk1/1p1p2p1/6N1/4B2P/8/1PP2PP1/2KR3R b - -,d8g5 h4g5 e8e4 d1d3 b8d7 d3c3 e4a4 c3c7 a4a1 c1d2,-674
r4rk1/1p2qppp/p1n1pb2/8/3P4/P1NQB3/1P3PPP/R2R2K1 b - -,f8d8 d3e4 d8d7 d1d3 a8d8 a1d1 g7g6 g1f1 f6g7 d4d5,-37
8/pp3pp1/3k3p/2p5/2K5/1P4PP/P5P1/8 b - -,a7a6 c4c3 d6d5 g3g4 b7b5 c3d3 a6a5 d3c3 d5e4 a2a3,-432
r1b1qn1Q/pp3kr1/4p1p1/2ppP1N1/3P2P1/P1P5/2P2P2/R3KB1R b KQ -,d6c6 c4d3 b7b5 d3e4 c6d6 a2a3 f7f5 e4e3 d6d5 e3d3,Mate
r3nrk1/pbp1qppp/1p1p4/4P3/2BQ4/2N2P2/PPP3PP/1K1R3R b - -,d6e5 d4e3 e8f6 h1e1 f8e8 b2b3 a8d8 d1d8 e7d8 e1d1,-51
r2q1rk1/pp3ppp/2n1p1b1/3n4/3b4/2NN3P/PPPBBPP1/1R1Q1RK1 b - -,d5b4 d3e1 b4d5 e2d3 d4c3 b2c3 d8c7 e1f3 a8c8 c3c4,-66
8/K7/8/8/4R3/2k5/8/8 b - -,e6e5 e2h5 f8e8 h5g6 h7g6 f1e1 d5f6 d1f3 d8d7 b1d1,Mate
r3r1k1/ppB2ppp/b4n2/8/2P1P3/NP3P2/PK1R2PP/3R4 b - -,a8c8 c7f4 f6h5 f4d6 f7f5 e4f5 b7b6 a3c2 c8d8 g2g4,500
r1b1qn2/pp2k1Q1/4p1p1/2ppP1N1/3P2P1/P1P5/2P2P2/R3KB1R b KQ -,e7d8 h1h8 c5c4 h8f8 b7b6 g5f7 d8d7 f7d6 e8e7 g7e7,Mate
2r2rkb/1p3p1p/p3nP2/2p1qBP1/P3P2Q/2PP3P/1P6/6K1 b - -,h7h5 h4h5 e5g3 g1h1 g3g2 h1g2 e6f4 g2f3 f4h5 d3d4,-648
5rk1/prp2p1p/1p2p1pQ/4P3/3P3P/2P5/PP3Pq1/1K1R3R b - -,g2f3 h6e3 f3e3 f2e3 f7f6 e5f6 f8f6 b1c2 c7c6 c2d3,24
2kr1b1r/ppp2ppp/3q1n2/4pb2/1P1n4/P1NP1N2/2P1BPPP/R1BQR1K1 b - -,c8b8 a1b1 h7h5 c1g5 d8e8 g5e3 d6d7 c3e4 f5e4 d3e4,2
8/8/8/4KN2/8/3k4/6B1/8 b - -,d3c2 e5d5 c2c3 g2f3 c3b4 f3e4 b4c3 f5e3 c3b3 d5d4,20000
r2q1rk1/1ppb1ppp/3p1n2/p1b1p3/P1P1P3/2NQ1N2/1PP2PPP/R1B2RK1 b - -,f6h5 c1g5 f7f6 g5e3 b7b6 c3d5 c5e3 d3e3 g7g5 f3d2,-55
rnbqkb1r/5ppp/p2p1p2/2pP4/2P5/2PB4/P4PPP/R1BQK1NR b KQkq -,b8d7 g1f3 d8e7 e1f1 d7e5 h2h4 h7h5 f3e5 d6e5 d3c2,-15
rn1qkb1r/pp3ppp/4bn2/3pp1B1/4P3/1N3P2/PPPN2PP/R2QKB1R b KQkq -,d5d4 f3f4 h7h6 f1b5 b8c6 g5f6 d8f6 e1h1 e5f4 d1e2,-20
1r3rk1/2q1bpp1/2np1n1p/pB2p2b/P3P3/B1P1NN1P/5PP1/R2QR1K1 b - -,f8c8 e3f5 b8b6 c3c4 c8d8 d1d3 e7f8 f3h4 g7g6 f5e3,93
r1b1kb1r/ppppqppp/2n5/4N1n1/8/1P1P4/PBP1QPPP/RN2KB1R b KQkq -,c6e5 b2e5 d7d5 e5b2 e7e2 f1e2 c7c6 e1h1 g5e6 f1e1,-28
r7/pbR2k2/1p5p/3p2p1/3P4/P2nPqP1/1P3PP1/5RK1 b - -,f7e6 g2f3 b7a6 b2b3 h6h5 g3g4 h5h4 f1d1 h4h3 g1h2,195
r1b2rk1/pp1nbpp1/2n1p2p/q1ppP3/3P1N1P/2PB1N2/PP3PP1/R1BQ1RK1 b - -,c5d4 c3d4 a5b6 d3c2 a7a5 g1h1 f7f6 d1d3 f6f5 a2a3,230
8/P1R5/4kp2/6pp/1K5P/6P1/8/r7 b - -,,0
rn1k1bnr/p2q1ppp/3p4/2pP4/p7/N1P2N2/1P3PPP/R1BQR1K1 b - -,f8e7 a3c4 g8f6 a1a4 h8e8 c4b6 a7b6 a4a8 d8c8 c1g5,432
8/K7/8/8/7R/3k4/8/8 b - -,f8e7 a3c4 g8f6 a1a4 h8e8 c4b6 a7b6 a4a8 d8c8 c1g5,Mate
r3k2r/pp4pp/8/3Nqb2/3pn3/1Q3P2/PP4PP/R3R1K1 b - -,h8f8 f3e4 f5g6 b3b7 a8d8 d5c7 e8e7 a1c1 f8f7 b7b4,281
6k1/5p2/7p/p5p1/PpB3P1/8/1b2KP1P/8 b - -,g8g7 e2d3 g7g6 h2h3 f7f5 c4e6 f5g4 h3g4 g6f6 e6b3,-17
r1bk3r/p1p2Qpp/3b4/1B1n2q1/3p4/8/PP1P1PPP/RNB2RK1 b - -,d5f4 g2g3 f4h3 g1g2 g5b5 d2d3 b5c6 f2f3 c6e8 f7e8,-549
5rk1/prp2p1p/1p2p1pQ/4P3/3Pq2P/2P5/PP3P2/K2R3R b - -,e4f3 h4h5 c7c6 d1g1 c6c5 h1h4 f3f5 h4f4 f5h3 d4d5,89
4r1k1/2qn1pp1/2p1pn1p/8/1B1PP3/3Q1N1P/r4PP1/2R2RK1 b - -,,0
8/8/5p2/5P2/p3K1k1/P7/8/8 b - -,c7b8 b4d2 b8b5 d3e3 e8a8 f1e1 a8a3 d2c3 b5a6 f3d2,Mate
r1bk1n2/pp3Q2/4p1p1/2ppP3/3P2P1/P1P5/2P2P2/R3KB1R b KQ -,c7b8 b4d2 b8b5 d3e3 e8a8 f1e1 a8a3 d2c3 b5a6 f3d2,Mate
rnbqkb1r/p4ppp/3p1n2/1ppP4/5B2/2N2N2/PP2PPPP/R2QKB1R b KQkq -,a7a6 e2e4 b8d7 f1d3 f6h5 f4g5 f8e7 g5e3 g7g6 h2h3,50
r4rk1/1ppq1ppp/2np1n2/p1b1p3/2P3b1/PPNPP1PP/4NPB1/R1BQK2R b KQ -,g4h5 g3g4 h5g6 f2f4 e5f4 d3d4 c5a7 e2f4 a8e8 e1h1,92
3r2k1/p4pp1/b3pn1p/2q5/2P5/P4N2/1Q3PPP/2R2BK1 b - -,f6e4 c1b1 f7f5 a3a4 g8h7 a4a5 a6c4 b1c1 d8b8 b2d4,-45
r1bq1rk1/pp2bppp/1n1p4/4p3/2P5/1PN3P1/PB1QPPBP/R2R2K1 b - -,c8e6 c3b5 b6c8 g2b7 a8b8 b7f3 e7g5 d2d3 g5e7 d3c2,287
r1b1kb1r/ppppqppp/8/4B1n1/8/1P1P4/P1P1QPPP/RN2KB1R b KQkq -,d7d5 e5b2 e7e2 f1e2 g5e6 b1d2 a7a5 g2g3 a5a4 a2a3,-29
2kr1b1r/ppp2ppp/3q1n2/4p3/1P1N2b1/P1NP4/2P1BPPP/R1BQR1K1 b - -,d6d4 c1d2 h7h5 e2f3 d8e8 h2h3 g4f3 d1f3 d4d7 a1b1,91
r1bqkbnr/pp3p1p/2n1p3/1BppP1p1/8/2N2NP1/PPPP1P1P/R1BQK2R b KQkq -,c8d7 b5c6 d7c6 d2d4 g5g4 f3h4 c5d4 d1d4 d8b6 c1e3,-33
r5k1/5p1p/p2p2p1/q1pPb3/5B2/4QB1P/5PP1/r3RRK1 b - -,a1e1 e3e1 a5e1 f1e1 e5f4 e1e4 f4e5 e4a4 a6a5 f3e2,-370
3r3r/pp1k1ppp/3b4/q2B4/1P6/2NQ1P2/6PP/R1B1K2R b - -,a5a1 e1f2 d7c7 h1d1 c7b8 c3b5 a1e5 d3e3 e5e3 c1e3,449
5k2/R1N2pp1/2b4p/8/P6P/1r3P2/6PK/8 b - -,,0
6k1/1b3p1p/pR1p2p1/2pPb3/2P5/P2r3P/6P1/5R1K b - -,b7d5 c4d5 c5c4 b6a6 c4c3 a6c6 d3d5 h1g1 g8g7 h3h4,-179
8/5pk1/7p/p5p1/PpB3P1/3K4/1b3P1P/8 b - -,g7g6 h2h3 f7f5 c4e6 f5g4 h3g4 g6f6 e6b3 f6e5 f2f3,-16
r2k1Q2/pp1b4/4p1p1/2ppP3/3P2P1/P1P5/2P2P2/R3KB1R b KQ -,g7g6 h2h3 f7f5 c4e6 f5g4 h3g4 g6f6 e6b3 f6e5 f2f3,Mate
1r1n1rk1/2q1bpp1/3p1n1p/pB2pN1b/P3P3/B1P2N1P/5PP1/R2QR1K1 b - -,f6e8 b5e8 f8e8 g2g4 e7f8 g4h5 d8e6 g1h2 c7c3 e1e3,292
2r2rkb/1p3p2/p3nP2/2p1qBPQ/P3P3/2PP3P/1P6/6K1 b - -,e5g3 g1f1 g3d3 f1e1 d3e3 e1d1 c8d8 d1c2 e3d3 c2b3,-732
8/8/2K5/8/7R/5k2/8/8 b - -,e5g3 g1f1 g3d3 f1e1 d3e3 e1d1 c8d8 d1c2 e3d3 c2b3,Mate
r2q1rk1/pb1n1ppp/1p6/2p1P3/2P2p2/2PB1N2/P3QPPP/1R3RK1 b - -,b7f3 e2f3 d7e5 d3h7 g8h7 f3h5 h7g8 h5e5 f4f3 g2f3,-62
r1b1kb1r/3nqppp/p2p1p2/2pP4/2P5/2PBBN2/P4PPP/R2QK2R b KQkq -,g7g6 e1h1 f8g7 h2h4 e8h8 h4h5 f8e8 d3c2 d7e5 f3e5,-32
8/8/2k5/P4p2/1nNP1Pp1/1P6/3K4/8 b - -,b4d5 c4e3 d5f4 e3f5 c6b5 d2e3 f4e6 d4d5 e6c5 e3f4,9
r2r2k1/pb3pp1/4p3/2R5/8/P1PB3P/2P2P2/1K1R4 b - -,d8c8 c5c8 a8c8 b1b2 g8f8 b2b3 b7f3 d1e1 c8c5 e1e3,14
8/8/6p1/4pNP1/4P3/4k3/n6P/7K b - -,g6f5 g5g6 f5e4 g6g7 a2b4 g7g8q b4d3 h1g1 e3d2 g8a2,510
2R3k1/1p3r2/5p1Q/p2qppP1/1b1p4/1P5P/P4P2/6K1 b - -,,0
n1rqr1k1/1p1b1pb1/p2p1np1/P2Pp2p/2N1P3/1PNQB1PP/5PB1/2R2RK1 b - -,d8c7 f2f4 f6h7 f4f5 c7b8 h3h4 h7f6 g2h3 e8f8 f1f2,274
8/7p/1b3kp1/8/1N2p3/1P5P/5PP1/5K2 b - -,b6a5 b4c2 f6e5 b3b4 a5d8 f1e2 d8g5 g2g3 e5d5 c2e3,42
r1b2rk1/pp1nbpp1/2n1p2p/q1ppP3/3P1N1P/2PB1N2/PP3PP1/R1BQ1K1R b - -,f7f6 f4e6 d7e5 f3e5 f6e5 e6f8 e7f8 d4e5 c6e5 d3e2,194
8/7p/1b4p1/4k3/4p3/1P5P/2N2PP1/5K2 b - -,e5d6 f1e2 b6d8 c2e3 d8e7 e2d2 d6c5 e3g4 c5d4 d2e2,30
5k2/R1N2pp1/2b4p/P7/1r5P/5P2/6PK/8 b - -,,0
r1b1kb1r/ppp1qppp/3p4/6n1/8/1P1P4/PBP1QPPP/RN2KB1R b KQkq -,c7c6 e2e7 e8e7 c2c4 h7h5 h2h4 g5e6 g2g3 h8g8 d3d4,23
8/8/4Kp2/5P2/p5k1/P7/8/8 b - -,c7c6 e2e7 e8e7 c2c4 h7h5 h2h4 g5e6 g2g3 h8g8 d3d4,Mate
8/4q3/4p3/3p1kp1/2p2p2/2P4Q/2K4R/8 b - -,f5f6 h2e2 e7d6 h3h6 f6f5 e2g2 d6e7 h6h3 f5f6 c2d1,287
r1bqr1k1/pp1n1pbp/2pp1np1/8/2PN1B2/2N3P1/PPQ1PPBP/R2R2K1 b - -,d7c5 b2b4 c5e6 d4e6 c8e6 d1d6 d8e7 c4c5 a7a5 b4b5,91
1r3qk1/pp2n3/3Q4/1N1Pp3/3bP1b1/3N4/PP2p1B1/2R1R2K b - -,b8d8 e1f1 e2f1r c1f1 d8d6 f1f8 g8f8 b5d6 g4e2 d3c1,46
8/8/2K5/8/R7/6k1/8/8 b - -,b8d8 e1f1 e2f1r c1f1 d8d6 f1f8 g8f8 b5d6 g4e2 d3c1,Mate
6k1/p4pp1/b3p2p/2q1Q3/2P1n3/P4N2/3r1PPP/4RBK1 b - -,c5f2 g1h1 a6c4 e5e4 c4f1 f3d2 f1g2 e4g2 f2e1 d2f1,-15
2r1kb1N/1p1bn1pp/1q2p3/4P3/1p5P/P2B4/5PP1/R2QR1K1 b - -,e7f5 d1h5 e8d8 a3b4 f8b4 e1b1 b6d4 d3f5 b4c5 h8f7,383
4r1k1/2qn1pp1/2p1pn1p/8/r2PP3/3Q1N1P/3B1PP1/2R2RK1 b - -,,0
8/1nknNR2/pp1p4/2pPp3/4P2r/4PK2/PPP3P1/4N3 b - -,h4h1 e1d3 b7d8 f7g7 c5c4 d3b4 h1f1 f3g3 a6a5 b4a6,291
r2q1rk1/ppp2pp1/2bp1n1p/2bNp1N1/2P1P3/7Q/PPP2PPP/R1B2RK1 b - -,f6d5 c4d5 c6d7 h3g3 h6g5 c1g5 f7f6 g5e3 c5e3 f2e3,-385
2R2bk1/1p3r2/5P1Q/p2qpp2/3p4/1P5P/P4P2/6K1 b - -,,0
r1b2rk1/2q1bppp/p2p1n2/nppPp3/4P3/1PP1BN1P/P1B2PP1/RN1QR1K1 b - -,g8h8 b1d2 g7g6 d1e2 a8b8 g1h2 f6h5 g2g3 h8g7 d2f1,95
5k2/R1N2pp1/2b4p/8/Pr5P/5PK1/6P1/8 b - -,,0
7r/1B2kp2/7p/p3p1p1/b5P1/8/1PP2PP1/2K4R b - -,f7f6 b7e4 e7d6 b2b3 a4d7 f2f3 a5a4 c1b2 a4b3 c2b3,61
r2r2k1/pb3pp1/4p3/2p3R1/8/P1PB3P/2P2P2/1K4R1 b - -,g8f8 g5g7 f8e7 g1g4 e6e5 g7g5 e7e6 b1c1 b7f3 g4g1,48
2r2rkb/1p3p2/p3nP2/2p2BPQ/P3P3/2PP2qP/1P6/5K2 b - -,g3d3 f1e1 d3e3 e1d1 c8d8 d1c2 e3d3 c2b3 d3d1 h5d1,-735
2r2k2/4qp2/Q3p1p1/pp1n4/2pR2N1/2P3P1/PP3P1P/6K1 b - -,c8b8 g4e5 e7c7 e5g6 f8g7 g6f4 c7b6 a6b6 d5b6 f4g2,60
r1bqkb1r/ppp2p1p/2n2np1/3p4/3PP3/2P1P1P1/PP1N3P/R1BQKBNR b KQkq -,f8h6 e4e5 f6g4 d2f3 h6e3 f1b5 e8h8 c1e3 g4e3 d1c1,57
r3nrk1/pbp2ppp/1p1p4/4P1q1/2BQ4/2N2P2/PPP3PP/1K1RR3 b - -,a8b8 f3f4 g5g2 c3d5 g2f3 e1e3 f3h5 d5e7 g8h8 d4d3,144
8/7p/1b4p1/8/3kp1N1/1P5P/4KPP1/8 b - -,h7h5 g4e3 b6d8 g2g3 d4c5 e3g2 g6g5 g2e3 c5b4 e3f1,42
8/8/4Kp2/5Pk1/p7/P7/8/8 b - -,h7h5 g4e3 b6d8 g2g3 d4c5 e3g2 g6g5 g2e3 c5b4 e3f1,Mate
1r1r2k1/p5b1/4Qppp/8/5PP1/2P5/PP3B1P/5RK1 b - -,g8h7 f4f5 g6g5 b2b4 d8c8 e6b3 a7a6 f1d1 c8c6 c3c4,650
r2qk2r/pp2bppp/2n1bn2/1B1pp1B1/4P3/1N3P2/PPPNQ1PP/R3K2R b KQkq -,d5d4 e1h1 e8h8 f3f4 e5f4 b5c6 b7c6 e4e5 f6d5 g5e7,-38
3Q2k1/p4qpp/8/8/6r1/1Pr5/P4PbP/R1B1R1K1 b - -,f7f8 d8f8 g8f8 c1a3 f8f7 e1e7 f7g6 a3b2 g2h3 g1h1,Mate
r2q1rk1/ppp2pp1/3p1n2/2bPp1B1/4P3/7Q/PPP2PPP/R4RK1 b - -,d8d7 h3h4 f6h7 g5e3 f7f5 e3c5 d6c5 f2f3 f8f6 e4f5,-359
3qr1k1/3n1pp1/2R1pn1p/8/r2PP3/3Q1N1P/3B1PP1/5RK1 b - -,d7e5 f3e5 a4d4 e5f7 g8f7 c6c7 d8c7 d3d4 e8d8 d4b4,16
r2qkb1r/1b1npppp/p4n2/1p1P4/3P4/2N2N2/PP2BPPP/R1BQK2R b KQkq -,b5b4 c3a4 b7d5 c1f4 e7e6 a1c1 f8e7 f4c7 d8c8 a4b6,7
r1b2rk1/1p2bppp/p1nqpn2/2p5/P1BP4/2P1BN2/1P3PPP/RN1Q1RK1 b - -,f8d8 d1e2 c5d4 f3d4 e6e5 d4c6 d6c6 b1d2 c8g4 f2f3,-40
r3r1k1/p1B2ppp/b4n2/1P6/4P3/NP3P2/PK1R2PP/3R4 b - -,a6b7 a3c4 b7e4 c4d6 f6d5 f3e4 d5c7 d6e8 a8e8 d2d8,598
2R2bk1/1p1q1r2/5PQ1/p3pp2/3p4/1P5P/P4P2/6K1 b - -,,0
k2r2r1/1R6/P2b1P2/P2P4/3QN1p1/2P2p2/7q/3B1K2 b - -,h2h1 d4g1 g4g3 b7a7 a8b8 a7b7 b8c8 e4d6 d8d6 g1h1,-417
5rk1/pbp2ppp/3p2q1/2p5/5Q2/2P1RN2/P4PPP/4R1K1 b - -,h7h6 f3h4 g6g5 f4g5 h6g5 h4f5 g7g6 f5g3 b7c6 c3c4,472
r4rk1/pppq1pp1/3p1n2/2bPp1B1/4P3/6Q1/PPP2PPP/R4RK1 b - -,f6e4 g3h4 e4g5 h4g5 a7a5 g1h1 f7f5 f2f4 e5e4 g2g4,-490
4r1k1/R6p/1p6/3p3R/1p1P4/1P3PP1/1r2n1K1/5N2 b - -,e2f4 g2g1 f4h5 a7d7 e8e1 d7d5 h5g3 d5g5 g8f8 g5g3,-760
r2qkb1r/pppb1ppp/5n2/3P4/2P1p3/4Q3/PP1P1PPP/RNB1KB1R b KQkq -,f8e7 d2d4 e8h8 b1c3 f6g4 e3e2 f7f5 g2g3 d7e8 e2c2,58
r2qkbnr/pp1b1p1p/2n1p3/2ppP1p1/8/2N2NPP/PPPP1PB1/R1BQK2R b KQkq -,h7h6 e1h1 g8e7 c3b5 e7f5 g3g4 c6e7 c2c4 d7b5 c4b5,-48
r1bqr1k1/pp3pbp/2pp1np1/4n3/2PN1B2/1PN3P1/P1Q1PPBP/R2R2K1 b - -,f6h5 f4c1 a7a5 c1a3 f7f5 e2e3 e5f7 a3b2 h5f6 c3a4,75
2R2b1k/1p1q1r2/5P2/p3pp1Q/3p4/1P5P/P4P2/6K1 b - -,,0
r2qk1nr/pp2b1pp/2np4/2pP1b2/4p3/2P2NP1/PP3PBP/RNBQ1RK1 b kq -,e4f3 d1f3 f5d7 d5c6 d7c6 f3h5 g7g6 g2c6 b7c6 h5f3,190
rn1k1bnr/p2q1ppp/3p4/1ppP4/5B2/2P2N2/PP3PPP/RN1QR1K1 b - -,g8f6 a2a4 b5b4 c3b4 c5b4 b1d2 b8a6 d2c4 a8c8 c4a5,372
1rq2rk1/pp1bbppp/2np1n2/2p1p3/4PPP1/2NPB2P/PPP1N1B1/R2Q1RK1 b - -,e5f4 e2f4 h7h6 a2a4 c8d8 d1d2 d7e6 c3d5 e6d5 e4d5,41
6k1/1p3p2/1P4p1/7p/1r6/4B2P/5PP1/4R1K1 b - -,f7f5 g2g3 h5h4 g3h4 g8f7 g1g2 f5f4 e3c5 b4b5 c5d4,556
8/6k1/5p1p/p5p1/PpB1K1P1/8/1b3P1P/8 b - -,,0
rnb1kb1r/ppp3pp/3p1q2/8/2B5/2P2Q2/PP3PPP/RNB1K2R b KQkq -,f6f3 g2f3 b8c6 c1e3 c6e5 c4e2 f8e7 h2h4 h7h5 b1a3,-65
2b2rk1/Q4p1p/2p2np1/3p4/5P1P/2q3PB/P1P5/2KR3R b - -,f6e4 a7d4 c3a3 d4b2 a3e3 c1b1 e4c3 b1a1 c3d1 h1d1,-524
r4rk1/1R2Npp1/B2pnn1p/p3p2b/P3P3/B3qN1P/5PP1/3Q2K1 b - -,g8h8 f2e3 a8a6 g2g4 f6g4 h3g4 h5g4 d1f1 f8a8 f1g2,486
rnbqkb1r/ppp2ppp/5P2/8/8/2P2p2/PP3PPP/RNBQKB1R b KQkq -,d8d1 e1d1 c8g4 f1b5 b8c6 h1e1 g4e6 b5c6 b7c6 f6g7,-79
1r2bb1k/5p2/5P1p/2p1P2P/2p3P1/2N5/2B2K2/3R4 b - -,b8c8 c2e4 f8g7 f2e3 e8c6 f6g7 h8g7 e3f4 c6e4 f4e4,498
r7/pbR5/1p4kp/3p2p1/3P4/P2nPPP1/1P3P2/5RK1 b - -,b7c8 b2b3 h6h5 c7c6 g6g7 f1d1 c8a6 c6c3 a8f8 d1d3,214
8/pp3k1P/8/2p5/8/8/5PP1/6K1 b - -,f7g7 h7h8r g7h8 g1f1 a7a5 f1e2 a5a4 e2f1 a4a3 g2g3,-847
2brr1k1/p4pbp/1p6/1Pp1pN2/2P1PBP1/3P1P1P/P3K3/6RR b - -,e5f4 f5g7 g8g7 h3h4 c8e6 a2a4 d8d7 g1c1 e8d8 c1c3,-450
6k1/N4pp1/b3p2p/8/2P5/P2n4/3r2PP/4RBK1 b - -,d3e1 a7c6 a6b7 c6b4 e1g2 c4c5 g2e1 f1h3 e1f3 g1f1,-609
r4rk1/pppq1pp1/3p4/2bPp1Q1/8/8/PPP2PPP/R4RK1 b - -,e5e4 b2b4 c5d4 a1d1 d4f6 g5e3 a8e8 f2f4 e4f3 e3f3,-493
rnb1kb1r/ppp2ppp/5P2/8/8/2P2p2/PP3PPP/RNBK1B1R b kq -,g7f6 g2f3 c8f5 c1e3 b8d7 b1d2 e8a8 h2h4 f8c5 d1e2,-60
rnb1kb1r/ppp3pp/3p4/8/2B5/2P2P2/PP3P1P/RNB1K2R b KQkq -,b8c6 c1e3 c6e5 c4e2 f8e7 h2h4 h7h5 b1a3 a7a6 e3d4,-78
5k2/8/5p1p/p5p1/Pp2K1P1/1B6/1b3P1P/8 b - -,,0
r1bqk2r/ppp2pp1/2nb1n1p/1P1pp3/4P3/2PP1N2/P2N1PPP/R1BQKB1R b KQkq -,c6e7 f1e2 e7g6 e1h1 e8h8 a2a4 a7a6 b5a6 b7b6 e4d5,-71
q3r1k1/2Rn1pp1/4pn1p/8/r2PP3/3Q1N1P/3B1PP1/5RK1 b - -,a4a3 d3e2 e8c8 c7c8 a8c8 d2f4 d7f8 f1e1 f8g6 f4d6,38
5k2/R1N2pp1/2b4p/P7/7r/5PK1/6P1/8 b - -,,0
5r2/1R2Nppk/r2pnn1p/p3p2b/P3P3/B3PN1P/2Q3P1/6K1 b - -,f8a8 f3d2 e6c5 b7c7 a6b6 a3c5 d6c5 c2c5 b6b2 c5e5,464
8/8/3N4/8/3KB3/8/4k3/8 b - -,f8a8 f3d2 e6c5 b7c7 a6b6 a3c5 d6c5 c2c5 b6b2 c5e5,Mate
r1bqk1nr/2pnppbp/p2p2p1/1p4B1/3PPP2/2N5/PPPQ2PP/2KR1BNR b kq -,b5b4 c3a4 g8f6 f1d3 e8h8 g1f3 c8b7 e4e5 f6e4 d2b4,46
r4rk1/p2nbpp1/bpn1p2p/q2pP3/3P1N1P/5N2/PP3PP1/RBBQ2KR b - -,a8c8 h1h3 c6d4 f3d4 c8c1 d1c1 d7e5 f4d3 f8c8 c1d1,280
r4rk1/pppq1p2/3p2p1/2bPp1Q1/7P/8/PPP2PP1/R4RK1 b - -,g8g7 b2b4 c5b4 a1b1 b4c5 b1b7 f8h8 f1e1 h8h5 g5g3,-526
r3nrk1/pbppqppp/1p6/4P3/2BQ4/2N2P2/PPP3PP/2KR3R b - -,g8h8 h1e1 a8d8 d4f4 c7c5 a2a4 e8c7 c3b5 c7e6 f4g4,175
5r2/1R3p1k/r2pnn1p/p2Np1pb/P3P3/B3PN1P/2Q3P1/6K1 b - -,f6d7 b7d7 h5f3 d7d6 a6d6 a3d6 f8d8 d6e7 d8b8 g2f3,675
2r2rk1/pb2qppp/1p3n2/4p3/1PR1n3/P3PN2/1Q2BPPP/R3B1K1 b - -,f8e8 c4c8 b7c8 a1c1 c8d7 c1c7 e7d6 c7a7 d6b8 a7a6,109
r1b2rk1/4bppp/ppnqpn2/8/P1BP4/2N1BN2/1P3PPP/R2Q1RK1 b - -,c6a5 c4d3 f8d8 d1e2 c8b7 a1d1 h7h6 f3e5 a5c6 h2h3,-23
8/4k3/5p1p/p2K2p1/Pp4P1/1B6/1b3P1P/8 b - -,,0
5R2/pp1k4/8/2p5/7P/8/5PP1/6K1 b - -,c5c4 g1f1 d7e6 f1e2 e6e7 f8a8 e7d7 h4h5 d7e6 a8b8,1026
2r3k1/3b1ppp/3p4/3P4/8/3B4/qP1QKPPP/7R b - -,c8b8 h1b1 g7g6 e2f1 a2d5 d2c2 d7e6 f1g1 b8b3 d3f1,-65
1r1r3k/p4Qb1/5ppp/8/5PP1/2P5/PP3B1P/5RK1 b - -,h6h5 g4h5 g6g5 f4g5 d8f8 f7e6 f6g5 f2a7 f8f1 g1f1,682
r3k2r/pp4pp/8/3Nqb2/4P3/1Q1p4/PP4PP/R3R1K1 b - -,f5c8 b3d3 c8d7 e1f1 a8d8 d3a3 d7c6 a1d1 e5d6 a3c3,369
r3kb1r/ppp2p1p/2n1bp2/4p3/2P5/2N1PN2/PP3PPP/2KR1B1R b - -,f8d6 g2g3 d6e7 c3d5 e7d8 f3h4 a7a5 f2f4 c6b4 d5c3,14
8/8/7p/6p1/5pPP/3k1P2/3p4/3K4 b - -,f8d6 g2g3 d6e7 c3d5 e7d8 f3h4 a7a5 f2f4 c6b4 d5c3,Mate
2brr1k1/p4pNp/1p6/1Pp5/2P1PpP1/3P1P1P/P3K3/6RR b - -,e8f8 g7h5 a7a6 a2a4 g8h8 h5f4 f7f5 g4f5 c8f5 e2e3,520
r1b1r1k1/p4pb1/1p4pp/3Rp3/4P3/4BN2/PP2KPPP/2R5 b - -,c8g4 d5d6 e8c8 c1c8 a8c8 h2h3 g4e6 b2b3 g7f8 d6d1,-39
5r2/1R3p2/r2pnk1p/p3p1pb/P1Q1P3/B3PN1P/6P1/6K1 b - -,e6d8 c4a6 d8b7 a6b7 h5f3 a3d6 f8e8 b7c6 e8e6 g2f3,820
6k1/8/4P3/8/4K3/8/8/8 b - -,g8f8 e4d3 f8e7 d3c3 e7e6 c3d4 e6f5 d4d5 f5f6 d5d6,Mate
r2q1rk1/2p1npbp/bp4p1/3Pp3/1B2P3/2N2N2/P2Q1PPP/R3R1K1 b - -,a6c4 c3d1 f8e8 d2c2 c4a6 d1e3 e7c8 a2a4 c8d6 h2h4,76
2b2rk1/Q4p1p/2p2np1/3p4/5P1P/6PB/P1PK4/q2R3R b - -,f6e4 d2e2 a1c3 h3c8 e4g3 e2f2 g3e4 f2e2 f8e8 h1e1,-507
5k2/R1N2pp1/P1b4p/8/2r5/5PK1/6P1/8 b - -,c4b4 c7a8 b4b8 a8c7 g7g6 g3f4 b8b2 g2g3 g6g5 f4e5,-157
r1b2rk1/2p2pb1/1pPp1qnp/pP1P2p1/P3Pp2/1NN4P/4BPP1/2RQ1RK1 b - -,g6e5 f1e1 f8e8 e2h5 g5g4 h5g4 c8g4 h3g4 h6h5 g4h5,53
r7/p1R5/bp4kp/3p2p1/3P4/P2nPPP1/1P3P2/3R2K1 b - -,d3b2 d1b1 b2c4 g1g2 h6h5 g3g4 h5g4 f3g4 a6c8 g2g3,48
r1bqk2r/p2pbppp/2n2n2/2p1p1B1/2B1P3/2N2P2/PPPQ2PP/R3K1NR b KQkq -,e8h8 b2b3 d7d6 g1e2 c8e6 e1h1 a8b8 e2g3 c6d4 g5f6,24
r2qkb1r/pp1n1ppp/2b1p3/3pP3/3Q4/2N1BN2/PPP2PPP/R3K2R b KQkq -,d8b6 d4b6 d7b6 e3b6 a7b6 a2a3 f8c5 e1h1 h8g8 f1e1,-29
rnbqkb1r/4pppp/p2p1P2/2pP4/2P5/2p2N2/PP3PPP/R1BQKB1R b KQkq -,g7g6 b2c3 e7f6 f1d3 d8e7 e1d2 e7d8 h2h4 b8d7 h4h5,22
r1b1kbnr/pppp1p1p/2n5/2qNP1p1/3PQp2/5N2/PPP3PP/R1B1KB1R b KQkq -,c5a5 c1d2 c6b4 f1c4 c7c6 d5f6 g8f6 e5f6 e8d8 c4f7,447
r2r1k2/pb3pR1/4p3/2p5/8/P1PB3P/2P2P2/1K4R1 b - -,f8e7 g1g4 e6e5 g7g5 e7e6 b1c1 b7f3 g4g1 e5e4 d3c4,42
4k3/4P3/6p1/6Pp/2Pp1P2/rP6/2R2KP1/8 b - -,e8e7 f2f3 a3b3 f3e4 e7e6 e4d4 e6f5 c4c5 f5f4 c5c6,379
4r1k1/3b1ppp/3p4/3P4/8/3B1K2/qP1Q1PPP/7R b - -,a2d5 f3g3 e8e4 f2f3 e4d4 h1d1 g7g6 d2e3 d5c5 g3f2,-53
6k1/p4pp1/b1N1p2p/8/2P5/P2n4/3r2PP/1R3BK1 b - -,a6c4 c6a7 d3e5 b1c1 c4f1 c1f1 e5g4 f1a1 g4e3 g2g3,-208
r1bqr1k1/1p3pbp/2pp1np1/p3n3/2PN1B2/1PN3PP/P1Q1PPB1/R2R2K1 b - -,d8e7 e2e4 h7h6 a1c1 f6h7 f4e3 h7g5 f2f4 g5h3 g2h3,103
rn1qk2r/pp3ppp/4bp2/2bp4/8/3BPN2/PPP2PPP/RN1QK2R b KQkq -,d8b6 d1c1 b8c6 c2c3 c6e5 d3e2 e5f3 e2f3 a8c8 b1d2,-24
r2q1rk1/ppp2pp1/2bp1n2/2bNp1B1/2P1P3/7Q/PPP2PPP/R4RK1 b - -,c6d5 c4d5 d8d7 h3h4 f6h7 g5e3 f7f5 e3c5 d6c5 f2f3,-362
2b2rk1/Q4p1p/2p3p1/3p4/4nP1P/6PB/P1P5/q2RK2R b - -,a1c3 e1f1 c3f3 f1g1 c8h3 h1h3 f3d1 g1g2 d1c2 g2g1,-9605
r4r1k/pp5p/2p2qp1/4Rbn1/2B5/2N3P1/PPP2QP1/4R1K1 b - -,b7b5 c4b3 h7h6 f2e3 f5d7 e3c5 a7a5 c3e4 g5e4 e5e4,101
5rk1/pbp2pp1/3p2qp/2p5/8/2P1RNQ1/P4PPP/4R1K1 b - -,g6g3 f2g3 b7c6 g3g4 a7a5 g4g5 f8b8 e3e7 b8b7 g5h6,440
8/P7/5pR1/7p/1K5P/6k1/8/r7 b - -,,0
r2k3r/ppp3pp/2nbpn2/4p3/4P3/2N1BP2/PPP1N1PP/R3K2R b KQ -,h7h6 e1a1 d8c8 c3b1 a7a5 c2c3 a5a4 c1c2 b7b5 e2c1,65
r3kb1r/pp1n1ppp/1Qb1p3/3pP3/8/2N1BN2/PPP2PPP/R3K2R b KQkq -,d7e5 b6d4 e5f3 g2f3 b7b6 d4f4 e8a8 f4f7 d5d4 f7e6,665
r1bqr1k1/1p3pbp/2pp2p1/p3n2n/2PN4/1PN3PP/P1Q1PPB1/R1BR2K1 b - -,d8e7 e2e4 e5d7 c1e3 d7c5 d1e1 c8d7 a1d1 a8d8 c2d2,103
r1b1kbnr/pppp1p1p/8/2qNP1p1/3Q1p2/5N2/PPP3PP/R1B1KB1R b KQkq -,c5d4 f3d4 e8d8 h2h4 c7c6 d5c3 f8g7 d4f3 g5g4 f3g5,448
8/8/8/5N2/4B3/2K5/4k3/8 b - -,c5d4 f3d4 e8d8 h2h4 c7c6 d5c3 f8g7 d4f3 g5g4 f3g5,Mate
3n4/p3kp1p/1p2pp2/8/4NP2/2P5/PP4PP/6K1 b - -,a7a6 g2g4 f6f5 g4f5 e6f5 e4f2 e7d6 g1g2 a6a5 g2f3,33
rnbqk2r/ppp1bppp/3p1n2/4p3/2P5/2NP2P1/PP1BPP1P/R2QKBNR b KQkq -,c7c6 g1f3 e8h8 f1g2 c8e6 e1h1 b8d7 e2e4 a7a6 d1e2,18
r1b2bk1/1pq2r1p/3p1np1/p1PPppB1/1P1pP3/P2B1P2/2NQ2PP/1RR3K1 b - -,c8d7 c5d6 f8d6 b4a5 f5e4 f3e4 a8a5 c1f1 f6e8 f1f7,107
2r2k2/2q2p2/4p1p1/pQ1n4/2pR2N1/2P3P1/PP3P1P/6K1 b - -,f8g7 b5a4 c8b8 d4c4 c7b7 a4d1 b7b2 d1d4 g7f8 c4c5,164
6k1/N4pp1/4p2p/8/2b5/P2n4/3r2PP/1R3BK1 b - -,d3e5 a7b5 d2a2 f1c4 e5c4 b1b3 g7g5 b3c3 a2b2 c3c4,-185
4r1k1/3b1ppp/3p4/3q4/8/3B2K1/1P1Q1PPP/7R b - -,e8e4 f2f3 e4d4 h1d1 g7g6 d2e3 d5c5 g3f2 c5b4 b2b3,-66
3r1rk1/1p3ppp/p3b3/4R3/2P5/1P1R2P1/P3PPBP/6K1 b - -,b7b5 c4b5 a6b5 e5b5 d8d3 e2d3 f8d8 b5b6 g7g6 g2e4,432
r2r4/1pkn2pp/2p1bp2/2b1p3/p1P1P3/P2B1P2/1P1N1BPP/3R1RK1 b - -,c5f2 g1f2 d7c5 d3e2 d8d4 f2e3 a8d8 f1e1 f6f5 e4f5,-247
8/7P/3k4/ppp1R3/8/8/5PP1/6K1 b - -,e6g8 g2g3 c5f2 g1f2 d7c5 d3e2 c5d3 f2e3 d3b2 d1b1,Mate
2b2rk1/Q4p1p/2p3p1/3p4/4nP1P/2q3PB/P1P1K3/3R3R b - -,e6g8 g2g3 c5f2 g1f2 d7c5 d3e2 c5d3 f2e3 d3b2 d1b1,Mate
8/P5R1/5p2/7p/1K5k/8/8/r7 b - -,,0
r2q1rk1/pp2Bppp/2n1b3/1B1np3/8/1N3P2/PPPNQ1PP/R3K2R b KQ -,c6e7 e2e5 a8c8 b5d3 e7c6 e5e4 g7g6 e1h1 e6f5 e4a4,-85
2r5/p3p1kp/1q4p1/5b2/8/3QB3/PPPR1rPP/2K4R b - -,f5d3 e3b6 c8c2 d2c2 f2c2 c1d1 a7b6 h1e1 c2c7 e1e3,-615
r1bq1rk1/pp1p1ppp/2n1p3/2b4n/2P5/P1N2NB1/1PQ1PPPP/R3KB1R b KQ -,g7g6 a1d1 b7b6 e2e3 c8b7 c2d2 c5e7 d2d7 d8c8 d7c8,44
q3r1k1/3n1pp1/2R1pn1p/8/3PP3/5N1P/r2B1PP1/2Q2RK1 b - -,f6e4 c6c2 d7f6 d2f4 f6d5 f4e5 a8a4 c2a2 a4a2 c1b1,-36
3Q4/1b2rkp1/2r1pq1p/pp6/3P4/1B5P/P4PP1/3RR1K1 b - -,c6c8 d8a5 f6g5 g2g4 c8a8 a5b4 a8a4 b4d6 a4a6 d6b8,239
r1b1k1nr/ppp2ppp/3p4/3P4/4P3/3B4/PB1Q1PPP/q4RK1 b kq -,a1b2 d2b2 g8f6 d3b5 c7c6 d5c6 e8h8 f2f3 b7c6 b5c6,370
Nnbk1bnr/pp3p1p/8/6q1/3PP3/8/PPP3B1/R2Q2KR b - -,g8f6 d1f3 h8g8 e4e5 f6g4 h1h7 g4e3 h7h2 b8c6 a1e1,-316
8/8/8/5N2/4B3/8/3K1k2/8 b - -,b8c6 d1f3 g8f6 a1f1 f8e7 e4e5 c6d4 f1d1 g5e5 c2c3,Mate
rnb1k2r/pppqbppp/3p1n2/4p3/2P5/2NP2P1/PP1BPPBP/R2QK1NR b KQkq -,e8h8 g1f3 c7c6 e2e4 b7b5 c4b5 c6b5 a2a3 b8c6 e1h1,45
r1bq1rk1/pp1p2pp/2n1p3/2b2p1n/2P5/P1N1PNB1/1PQ2PPP/R3KB1R b KQ -,h7h6 f1e2 b7b6 b2b4 c5e7 e1h1 h5g3 h2g3 e7f6 a1d1,68
2N3k1/5pp1/4p2p/3b4/8/P2n4/3r2PP/1R3BK1 b - -,g8f8 c8b6 d5e4 b1a1 d2c2 a3a4 d3f4 g2g3 f4d3 a1d1,-107
1r4k1/p2n1p1p/2pP2pB/q1PnNp2/3P4/3Q4/P5PP/5RK1 b - -,,0
r1b1r1k1/1pq2pbp/2pp2p1/p3n2n/2PNP3/1PN3PP/P1Q2PB1/R1BR2K1 b - -,g7f8 d1e1 e5d7 c1e3 d7c5 a1d1 h5g7 c2d2 c8e6 g3g4,120
r1b1kbnr/pppp1p1p/2n5/q2NP1p1/3PQp2/5N2/PPPB2PP/R3KB1R b KQkq -,c6b4 f1c4 c7c6 d5f6 g8f6 e5f6 e8d8 c4f7 g5g4 f3e5,448
r1b1r1k1/pp3pb1/6pp/3Rp3/4P3/4BN2/PP2KPPP/R7 b - -,b7b6 a1c1 c8g4 d5d6 e8c8 c1c8 a8c8 h2h3 g4e6 b2b3,-41
6k1/5p2/7p/p3b1p1/PpB5/6P1/1P2KP1P/8 b - -,e5b2 g3g4 g8g7 e2e3 g7g6 f2f3 f7f5 c4d3 g6f6 d3f5,-23
r1bqk2r/1p2bppp/2n1pn2/2pp4/p3P3/P1PP1NP1/1P1N1PBP/R1BQ1RK1 b kq -,b7b5 d3d4 e8h8 f3e5 c6a5 e4d5 f6d5 d4c5 d8c7 c3c4,-29
8/R4pp1/N1b2k1p/P7/2r5/5PK1/6P1/8 b - -,,0
1r1r3k/5Qb1/p4ppp/2B5/5PP1/2P5/PP5P/5RK1 b - -,d8d2 f7g6 d2e2 f1f2 e2e1 g1g2 h8g8 c5d4 e1e7 g2f3,712
k7/R7/P2b1P2/P2P4/3Q2p1/1KP5/4rq2/8 b - -,a8b8 d4b6 f2b6 a5b6 d6c5 a7b7 b8a8 b3c4 c5b6 b7b6,831
r2q2k1/pppnnrbp/3p2p1/3Pp1B1/2P1PpB1/2N3PP/PP1Q1P2/R4RK1 b - -,g7f6 g3f4 e5f4 g5f4 g6g5 f4g5 f6g5 d2g5 f7g7 g5h4,145
Nn5r/pp1k1ppp/3b1n2/8/8/4B3/PPP2PPP/R3K1NR b KQ -,b8c6 e1a1 h8a8 e3f4 f6e8 g1f3 a8d8 h1e1 d7c8 f4d6,516
5rk1/pbp2pp1/3p3p/2p2N2/8/2P1R1Q1/q4PPP/4R1K1 b - -,b8c6 e1a1 h8a8 e3f4 f6e8 g1f3 a8d8 h1e1 d7c8 f4d6,Mate
r2qk2r/pp1nbpp1/2p1p2p/8/3P4/2PQPNN1/PP4PP/R3K2R b KQkq -,d8c7 e1h1 e8h8 f1f2 c6c5 a1f1 d7f6 f3e5 e7d6 f2f6,-27
r4rk1/pbp1qppp/1p1p1n2/8/3QP1PP/2N2P2/PPP1B3/2KR3R b - -,a8d8 d4d2 f8e8 e2c4 c7c6 c4b3 f6d7 h4h5 d7e5 f3f4,100
3r2k1/1p3p1p/6p1/p7/3B2P1/P1P4P/1P1K4/8 b - -,a5a4 d2c2 f7f5 b2b4 a4b3 c2b3 g8f7 b3c4 f7e6 d4e3,-653
2brr3/p4pkp/1p6/1Pp5/2P1PpP1/3P1P1P/P3K3/R6R b - -,d8d4 a1c1 c8e6 h1d1 e8d8 a2a4 h7h5 c1a1 d4d7 a1b1,-476
rnb1k2r/pp1qbppp/2pp1n2/4p3/2P1P3/2NP2P1/PP1B1PBP/R2QK1NR b KQkq -,e8h8 g1e2 b7b5 c4b5 c6b5 e1h1 c8b7 c3d5 b8a6 d3d4,35
r1b1k1nr/ppp2ppp/3p4/3P4/4P3/3B4/qB1Q1PPP/R5K1 b kq -,a2b3 b2g7 f7f6 g7h8 c8d7 h2h3 b3b6 a1b1 b6d4 b1b7,189
8/5ppk/1N2p2p/3b4/8/P2n4/3r2PP/1R3BK1 b - -,d5e4 b1a1 d2c2 a3a4 d3f4 g2g3 f4d3 f1d3 e4d3 a4a5,-135
8/p4pkp/3n1p2/1p2pP2/6P1/1NP1K3/PP5P/8 b - -,g7f8 b3d2 f8e7 e3d3 e7d7 c3c4 b5c4 d2c4 d6c4 d3c4,42
r3r1k1/1pp1nppp/p2q1n2/3p4/3P4/2PQ1N2/PPB2PPP/R4RK1 b - -,c7c5 d4c5 d6c5 f1e1 e7c6 d3f5 c5b5 c2b3 e8e2 e1e2,25
1k6/R7/PQ1b1P2/P2P4/6p1/1KP5/4rq2/8 b - -,f2b6 a5b6 d6c5 a7b7 b8a8 b3c4 c5b6 b7b6 e2e4 c4b5,Mate
r1b1kbnr/pppp1p1p/8/q2NP1p1/1nBPQp2/5N2/PPPB2PP/R3K2R b KQkq -,c7c6 d5f6 g8f6 e5f6 e8d8 c4f7 g5g4 f3e5 d7d6 e1h1,422
r3k2r/pp4pp/6b1/1Q1Nq3/4P3/3p4/PP4PP/R3R1K1 b - -,e8f7 b5b7 f7g8 d5e7 e5e7 b7e7 h7h6 a1d1 g8h7 d1d3,641
r3kb1r/ppp2p1p/2n1b3/4ppN1/2P5/2N1P3/PP3PPP/2KR1B1R b - -,h8g8 c3d5 e6d5 g5h7 f8e7 c4d5 c6b4 a2a3 g8h8 a3b4,32
2r2rkb/1p3p1p/p2qnPp1/2pR2P1/P3P1BQ/2PP3P/1P6/6K1 b - -,d6f4 h4f2 f4f2 g1f2 e6f4 g4c8 f4d5 e4d5 f8c8 c3c4,-553
5k2/p4p1p/3n1p2/1p2pP2/6P1/2P1K3/PP1N3P/8 b - -,a7a6 b2b3 f8e7 c3c4 b5c4 b3c4 d6b7 d2b1 e7d6 b1c3,46
r1bq1rk1/ppp2pp1/3p1n1p/2b1p3/2P1P3/3Q1N2/PPP2PPP/RNB2RK1 b - -,c8e6 c1e3 c5e3 f2e3 f6d7 b1c3 d7c5 d3e2 d8e7 b2b3,-74
3r2k1/1B3p1p/4b1p1/p7/2P5/1P1PR1P1/P4P1P/5K2 b - -,a5a4 b7c6 a4a3 f1e2 d8b8 c6a4 b8b6 e2d2 e6d7 a4d7,517
rnb1kbnr/pp4pp/5p2/4p3/4N3/4BN2/PPP2PPP/R2K1B1R b kq -,c8d7 f1c4 b8c6 d1c1 e8a8 h1d1 c8b8 a2a4 d7e8 d1d8,22
r1b1kbnr/pppp1p1p/8/q2NP1p1/1n1PQp2/P4N2/1PPB2PP/R3KB1R b KQkq -,a5d5 e4d5 b4d5 f3g5 f8e7 g5h3 d7d6 h3f4 d5f4 d2f4,-282
r3r1k1/1pp2p1p/p3qRp1/3pP3/3P4/2PQ4/PPB3PP/R5K1 b - -,e6e7 d3f3 e8f8 a1f1 c7c6 h2h4 c6c5 c2b3 c5d4 c3d4,592
8/R1N2pp1/P1b2k1p/8/2r5/5PK1/6P1/8 b - -,c4c2 g3h2 g7g5 h2g1 c2b2 c7a8 b2b8 a8c7 b8b1 g1h2,-226
r2q2k1/pppnr1b1/3p2pp/3Pp3/2P1PpB1/2N3PP/PP2QP2/R4RK1 b - -,h6h5 g4e6 g8h8 g3g4 d7f8 g4h5 f8e6 d5e6 e7e6 g1h2,-34
1r1q1rk1/pp2n1bp/3p2p1/n1pPpp2/P4P2/N2P2P1/1PP3BP/R1BQ1RK1 b - -,b7b6 a1b1 d8d7 c2c3 h7h6 b2b4 a5b7 d1b3 g8h7 a3c4,69
1r3k2/2q2p2/Q3p1p1/p2n4/2pR2N1/2P3P1/PP3P1P/6K1 b - -,c7b6 a6b6 b8b6 d4d2 f7f6 f2f4 a5a4 a2a3 b6b5 g1f2,125
6k1/1p6/1P6/5pBp/1r6/6PP/5P2/4R1K1 b - -,b4b6 g1g2 g8f7 h3h4 f7g6 e1e5 b6b4 e5e6 g6g7 g5e3,572
r1bq1rk1/1pp2ppp/pbnp1n2/4p3/1PBPP3/2P2N2/P4PPP/RNBQR1K1 b - -,e5d4 c3d4 c8g4 c1b2 g4f3 d1f3 b6d4 b2d4 c6d4 f3d1,-119
r1bq1rk1/1pp1npb1/3P3p/p2P2pB/1P1NPp2/2N5/P4PPP/2RQ1RK1 b - -,c7d6 b4a5 a8a5 c1b1 a5a3 c3a4 a3a2 d1b3 a2f2 f1d1,16
2r2rk1/pp2bppp/3p1n2/4p1B1/4P3/2N2P2/PPP3PP/R4RK1 b - -,e7d8 a1b1 d8a5 g5f6 a5c3 b2c3 g7f6 b1b7 c8c3 h2h4,12
6k1/1p6/1P4p1/5p1p/1r6/4B1PP/5P2/4R1K1 b - -,g6g5 e3g5 b4b6 g1g2 b6b3 e1e5 g8f7 e5f5 f7e6 f5f6,560
rnb1kb1r/4Pp1p/p2p2p1/q1pP4/2P5/2p2N2/PP2QPPP/R1B1KB1R b KQkq -,c3b2 e2d2 a5d2 f3d2 b2a1q e7f8r e8f8 d2b3 a1a2 c1h6,-788
8/p4pnk/2p4p/2R5/1PP5/4N1P1/P2r1P1P/6K1 b - -,d2a2 c5c6 g7e6 g1g2 e6g5 e3g4 g5e6 b4b5 h6h5 g4e3,403
r2q1rk1/ppp2pp1/3pbn1p/2b1p3/2P1P3/1P1Q1N2/P1P2PPP/RNB2RK1 b - -,f6d7 c1e3 f7f5 e4f5 e6f5 d3d2 f8f7 f3e1 d8f6 b1c3,-93
r2qr1k1/ppp2pp1/1b1p1P1p/n7/2bP3B/2N2N2/PP3PPP/R2Q1RK1 b - -,g7g5 f3g5 d8f6 g5f3 f6g7 f1e1 e8e1 d1e1 a5c6 d4d5,-3
r6r/ppp1k1p1/2nbpn1p/4p3/4P2P/2N1BP2/PPP1N1P1/2KR3R b - -,b7b6 c3b5 a8b8 d1d2 h8d8 h1d1 d8d7 b2b3 a7a6 b5d6,70
3Q4/1b2rkp1/2r1pq1p/1p1P4/p7/1B5P/P4PP1/3RR1K1 b - -,h6h5 d5c6 b7c6 d8b6 c6e8 b3c2 f7g8 b6d8 f6f8 d8d3,540
r1b4r/pp2k1pp/3q4/2ppN3/3Pn3/1QN5/PP3PPP/R3K2R b KQ -,h8f8 c3d5 e7d8 d5e3 c5d4 e3c4 d6d5 e1h1 c8e6 b3a3,203
8/8/8/5N2/8/8/4B1k1/4K3 b - -,h8f8 c3d5 e7d8 d5e3 c5d4 e3c4 d6d5 e1h1 c8e6 b3a3,Mate
2r2rkb/1p3p1p/p3nPpQ/2pR2P1/P3PqB1/2PP3P/1P6/6K1 b - -,h8f6 h6h4 f4c1 g1g2 f6g7 g2f3 c8e8 h4g3 c1b2 g3f2,-828
r3k2r/ppp1b2p/2n1p3/4pp2/2P5/2N1P3/PP2BPPP/2KR3R b - -,e7f6 g2g4 e5e4 g4f5 f6c3 b2c3 e6f5 h1g1 a8d8 e2h5,50
8/8/4pqk1/1p1p1pp1/2r5/2P1Q2R/1K4R1/8 b - -,f5f4 e3d3 c4e4 d3b5 g6f5 b5d7 e4c4 g2g1 c4b4 b2a2,235
r3k2r/pp1bnppp/1qn1p3/3pP3/1b1P4/1P1BBN2/P2N1PPP/R2QK2R b KQkq -,b4a3 e1h1 c6b4 f3e1 a3b2 a1b1 b2d4 e3d4 b6d4 d2f3,-137
r1b1r1k1/1pqn1pbp/2pp2p1/p6n/2PNP3/1PN1B1PP/P1Q2PB1/R2R2K1 b - -,a5a4 c3a4 d7c5 a4c3 f7f5 e4f5 e8e3 f2e3 c8f5 d4f5,134
r1b1kbnr/pp1p1p1p/2p2N2/q3P1p1/1nBPQp2/5N2/PPPB2PP/R3K2R b KQkq -,g8f6 e5f6 e8d8 c4f7 g5g4 f3e5 d7d6 e1h1 d6e5 d4e5,455
rn1qk1nr/pp3ppp/2p1b3/2bp4/8/3B1N2/PPPPQPPP/RNB1K2R b KQkq -,g8f6 d3f5 e8h8 f5e6 f8e8 e1h1 e8e6 e2d1 b8d7 d2d3,-65
1r4k1/p2n1p1p/2pP2pB/q1Pn1p2/3P4/3Q1N2/P5PP/1R4K1 b - -,f7f6 b1e1 a5a2 f3d2 a2a4 g1h1 d7f8 h2h3 g8f7 d2c4,89
5k2/2q2p2/Q3p1p1/p2n4/2R3N1/2P3P1/Pr3P1P/6K1 b - -,c7b7 a6b7 b2b7 c4c8 f8g7 c3c4 d5c3 c4c5 b7b1 g1g2,29
4rrk1/1b2qpbp/pp1p2p1/2pPn3/2P1NB2/PP5P/2Q1BPP1/R4RK1 b - -,e5c4 c2c4 e7e4 e2f3 b7d5 c4d5 e4f4 g2g3 f4e5 a1d1,-215
r1q4r/p4kpp/1ppP4/Pbn5/8/4Q1P1/4PPBP/R1R3K1 b - -,c8e6 e3f3 e6f6 f3h5 g7g6 h5h6 g6g5 h6h5 f7g7 c1d1,-205
8/8/8/2p1k3/pp3P1Q/8/6P1/6K1 b - -,e5d6 f4f5 d6d7 f5f6 d7e6 h4c4 e6f6 c4c5 b4b3 c5c6,1528
rn2kb1r/1pqb1pp1/p2pp2p/8/4PP2/2N2N2/PPPQ2PP/1K1R1B1R b kq -,f8e7 h2h4 b8c6 f1c4 e8a8 c4b3 c6a5 h1e1 d7c6 d2f2,23
4r1k1/3b1ppp/3p4/4q3/5Q2/3B2K1/1P3PPP/7R b - -,g8f8 f4e5 e8e5 g3f4 g7g5 f4f3 f7f5 h1c1 d7b5 d3b5,-1
8/6p1/r4pk1/7p/7P/5PPK/P3R3/8 b - -,,0
2r2rk1/pp2bpp1/3p1n1p/4p3/4P2B/2N2P2/PPP3PP/R4RK1 b - -,g7g5 h4g3 d6d5 e4d5 e7c5 g3f2 c5b4 f1e1 b4c3 b2c3,5
r3k2r/ppq2ppp/2n1bb2/1BNpp3/4P3/5P2/PPPNQ1PP/R3K2R b KQkq -,e8h8 d2b3 a7a6 b5d3 f6g5 c5e6 f7e6 e1h1 c6b4 e4d5,-52
5k2/p5p1/8/7p/5Br1/1P2P3/P5bP/R5K1 b - -,g2b7 g1f1 g7g5 f4b8 g4g2 a1c1 g2a2 c1c5 a2g2 c5b5,1
r4rk1/1p1nbppp/pq1ppn2/8/2PNP3/1PN5/PB2QPPP/R4RK1 b - -,d7b8 f1d1 b8c6 d4c6 b6c6 a1c1 c6c7 g2g3 f6d7 c1c2,53
6k1/1p6/1P4p1/5p2/1r5P/4B2P/5P2/4R1K1 b - -,g8f7 g1g2 b4b5 g2f3 b5b4 e1c1 b4h4 c1c7 f7f6 f3g2,611
r4rk1/1p1bq3/p2pp1B1/3P1p1Q/2n1p1pP/P1N3P1/1P2K3/R4R2 b - -,e7g7 d5e6 d7e6 g6f5 e6f7 h5g5 g7g5 h4g5 c4b2 f1f4,-91
r1b1kb1r/pp1p1p1p/2p2P2/q5p1/1nBPQp2/5N2/PPPB2PP/R3K2R b KQkq -,e8d8 c4f7 g5g4 f3e5 d7d6 e1h1 d6e5 d4e5 a5c5 g1h1,469
8/p4pnk/2R4p/8/1PP5/4N1P1/r4P1P/6K1 b - -,g7e6 g1g2 e6g5 e3g4 g5e6 b4b5 h6h5 g4e3 h5h4 g3h4,407
r2qr1k1/ppp2pP1/1b1p3p/n7/3P3B/2N2N2/PP3PPP/R2Q1bK1 b - -,,0
8/8/3k4/2p2P2/pp5Q/8/6P1/6K1 b - -,d8d7 d1f1 d6d5 f1c1 g8g7 h4f6 g7f6 c1h6 f6e7 h6g5,Mate
r1bq1rk1/1p2npb1/3p3p/pN1P2pB/1P1NPp2/8/P4PPP/2RQ1RK1 b - -,a5b4 d1d2 c8d7 d2b4 a8a2 b4d6 e7c8 d6c7 a2b2 c7d8,-3
5r2/pbp2p1k/3p2pN/2p5/7Q/2P1R3/q4PPP/4R1K1 b - -,a5b4 d1d2 c8d7 d2b4 a8a2 b4d6 e7c8 d6c7 a2b2 c7d8,Mate
r1bq1rk1/1pp2ppp/pb1p1n2/8/1nBPP3/2N2N2/P4PPP/R1BQR1K1 b - -,h7h6 a2a3 b4c6 h2h3 b6a5 c1d2 a5c3 d2c3 d6d5 e4d5,-33
8/p4pkp/3n1p2/1p2pP2/6P1/1PP1K3/P2N3P/8 b - -,h7h5 e3f3 g7f8 f3g3 h5g4 g3g4 f8e8 h2h4 a7a5 h4h5,222
r1bk1b1r/pp1p1B1p/2p2P2/q5p1/1n1PQp2/5N2/PPPB2PP/R3K2R b KQ -,g5g4 f3e5 d7d6 e1h1 d6e5 d4e5 a5c5 g1h1 c5c2 e4d4,457
8/5PK1/8/8/2kp4/8/p1P5/8 b - -,a2a1q f7f8q d4d3 g7h7 a1a7 h7g6 a7g1 g6h5 g1h2 h5g6,-533
rn2kb1r/4Pp1p/p2p2p1/q1pP4/2P3b1/1Pp2N2/P3QPPP/R1B1KB1R b KQkq -,f8g7 e2c2 g4f5 f1d3 f5d3 c2d3 c3c2 c1d2 g7a1 d3c2,-182
5rk1/2R2p2/6pp/1p6/p1Np4/P1n3KP/2B2PP1/8 b - -,b5c4 c7c4 g8g7 c2d3 f8d8 h3h4 g7f6 g3f3 f6e5 c4c5,-30
rnbqk1nr/pp3ppp/2p1p3/3p4/1bPP4/6P1/PPQNPP1P/R1B1KBNR b KQkq -,c6c5 g1f3 g8f6 a2a3 b4d2 c1d2 c5d4 f3d4 e8h8 f1g2,52
rnbqk2r/pp3pp1/5p1p/1Bpp4/1b1P4/2N1PN2/PPP2PPP/R2QK2R b KQkq -,e8f8 b5e2 c5c4 d1d2 b8c6 a2a3 b4c3 d2c3 g7g6 e1h1,-19
rn1k1b1r/p2qn1pp/3p1p2/1PpP4/8/2P2N2/1P1B1PPP/RN1QR1K1 b - -,a7a6 c3c4 g7g5 d2c3 f8g7 b2b4 e7g6 b4c5 d6c5 b5b6,499
8/8/8/2p1kP2/pp4PQ/8/8/6K1 b - -,a4a3 h4e1 e5d6 e1e6 d6c7 f5f6 a3a2 e6a2 c7d6 a2b3,1916
2r2rkb/1p3p1p/p3nPpQ/2pR2P1/P3P1B1/2PP2qP/1P6/5K2 b - -,e6f4 c3c4 f8e8 b2b3 c8d8 b3b4 c5b4 h3h4 g3g4 f1f2,-1004
r2q1rk1/pbpn1ppp/1p1ppn2/8/2PP4/2N2NP1/PP1QPPBP/R2R2K1 b - -,d6d5 f3e5 d8e7 d2f4 f8d8 a2a4 a7a5 a1c1 a8c8 c4d5,48
3r2k1/1p5p/8/p4p2/3B4/P1P1K2P/1P6/8 b - -,a5a4 e3f4 d8d5 d4e5 d5d2 f4f5 d2b2 e5d6 b2c2 d6b4,-664
r6k/1ppqr1b1/3p2pp/p2Pp3/2P1PpP1/2N4P/PP2QP2/R4RK1 b - -,g7f6 g1g2 f6h4 f2f3 e7h7 f1h1 h6h5 a1g1 h8g7 g2f1,-33
2r1r1k1/1p3pp1/p1np3p/2N1p3/2B1P3/3P1P1P/PPP2P2/R4RK1 b - -,c6a5 c5b3 a5c4 d3c4 c8c4 c2c3 f7f5 f1e1 f5e4 b3d2,405
r3kbnr/pppq1pp1/2np4/4p2p/4PPb1/2NP4/PPP1B1PP/R1BQK1NR b KQkq -,g8e7 g1f3 g7g6 e1h1 c6d4 f4e5 g4f3 e2f3 d6e5 c1g5,-21
r3kb1r/pp2qp2/2ppbn1p/4P1p1/2B5/2NQ2B1/PPP2PPP/R4RK1 b kq -,e8a8 e5f6 e7f6 c4e6 f7e6 f2f4 f6f5 d3f5 e6f5 f4g5,440
rnbqkbnr/1ppp1ppp/p7/3P4/4PB2/8/PPP3PP/RN1QKBNR b KQkq -,f8c5 b1c3 d7d6 d1d2 b8d7 g1f3 g8e7 h2h4 e7g6 f4g5,28
2r2rk1/1p1qppbp/p2p1np1/P1p2P2/2BnP2Q/2NP4/1PP2RPP/R1B3K1 b - -,d6d5 c3d5 f6d5 c2c3 b7b5 c4d5 d4f5 h4h3 e7e6 e4f5,19
r2q1rk1/pbpn1ppp/1p1pp3/8/2PPN3/5NP1/PP1QPPBP/R2R2K1 b - -,b7e4 d2e3 d7f6 f3d2 e4g2 g1g2 h7h6 a1c1 f6h7 d2e4,21
5Q2/6K1/8/8/2kp4/8/2P5/q7 b - -,d4d3 g7g6 a1g1 g6h7 g1h2 h7g6 h2g2 g6h6 g2h3 h6g6,-747
2r2rk1/pp2bpp1/3p1B1p/4p3/4P3/2N2P2/PPP3PP/R4RK1 b - -,e7f6 f1f2 c8c5 c3d5 f6d8 f2d2 f7f5 c2c3 g7g6 b2b3,54
2br4/p4pkp/1p2r3/1Pp5/2P1PpPP/3P1P2/P3K3/R6R b - -,e6d6 a1d1 a7a6 b5a6 c8a6 a2a4 a6c8 d1d2 c8e6 h1d1,-495
4r1k1/6qp/8/2Nb4/3P1p2/2Q1P1pP/P2B4/4R1K1 b - -,f4f3 e3e4 f3f2 g1g2 f2e1n d2e1 d5e4 c5e4 e8e4 c3b3,-38
rnb2rk1/pp2ppbp/2pq2p1/3n4/2BP4/5N1P/PPPN1PP1/R1BQ1RK1 b - -,b7b5 c4b3 d6c7 f1e1 c8b7 a2a4 a7a6 d2e4 b8d7 e4c5,60
5rk1/5p2/6pp/8/p1Rp4/P1n3KP/2B2PP1/8 b - -,g8g7 c2d3 f8d8 h3h4 d8d7 f2f3 d7d6 c4c7 g7f6 c7a7,-28
rnb1kbnr/ppp2ppp/3q4/4p3/1P6/2N2N2/P1PP1PPP/R1BQKB1R b KQkq -,,0
8/p4pkp/5p2/1p2pP2/2n1K1P1/1NP5/PP5P/8 b - -,c4b2 b3d2 b2d1 d2b1 g7h6 h2h4 h6g7 a2a3 g7f8 e4f3,-175
8/r4p2/4p1p1/6P1/4k1KP/5R2/8/8 b - -,e6e5 f3b3 e4d4 b3b4 d4c5 b4b1 a7d7 g4f3 c5d6 f3g4,-21
3r1rk1/pbp1qppp/1p1p1n2/7P/3QP1P1/2N2P2/PPP1B3/2KR3R b - -,h7h6 d1g1 d6d5 g4g5 h6g5 g1g5 d5e4 d4e3 f8e8 f3f4,64
7k/3K4/p1p3B1/Pp1pP2P/1P1P4/2P5/8/8 b - -,h7h6 d1g1 d6d5 g4g5 h6g5 g1g5 d5e4 d4e3 f8e8 f3f4,Mate
7k/6p1/3b3p/2qP4/1p6/pQ3P2/2R2P1P/6K1 b - -,c5c2 b3c2 h8g8 g1g2 h6h5 c2a4 h5h4 f3f4 g8h7 g2f3,577
8/8/8/8/8/2k2B2/5N2/4K3 b - -,c3d4 e1d2 d4e5 d2e3 e5e6 e3e4 e6d6 f2d3 d6e6 e4f4,200
1r3rk1/3qppbp/p2p1np1/2p2P2/Pp1nP1PQ/3P4/BPP2R1P/R1BN2K1 b - -,d4c2 f2c2 b4b3 c2f2 b3a2 d1c3 c5c4 g4g5 f6e8 f5f6,-113
r3r1k1/pb1R1pb1/1p4pp/4p3/4P3/4BN2/PP2KPPP/2R5 b - -,b7e4 c1c7 e8f8 g2g4 a8c8 f3d2 c8c7 d7c7 e4d5 c7a7,-9
r2q1rk1/pp1b1ppp/2n2n2/1Bbp1N2/5B2/P1NQ4/1PP2PPP/R4RK1 b - -,a7a6 b5c6 b7c6 b2b4 c5a7 a1e1 h7h6 f5d6 f6h5 f4e3,-29
4r1k1/6qp/8/2Nb4/3PP3/2Q2ppP/P2B4/4R1K1 b - -,f3f2 g1g2 f2e1r d2e1 d5e4 c5e4 e8e4 c3b3 g7f7 b3g3,-35
rnb1kbnr/1ppp1ppp/p7/3P4/4P2q/6B1/PPP3PP/RN1QKBNR b KQkq -,h4e4 g1e2 g8f6 b1c3 f8b4 d1d2 e4d5 c3d5 b4d2 e1d2,-30
8/6K1/5P2/8/2kp4/p7/2P5/8 b - -,a3a2 f6f7 a2a1q f7f8q d4d3 g7g6 a1g1 g6h7 g1h1 h7g7,-441
r1b1r1k1/1pq2pbp/2pp1np1/p1n5/2PNPB2/1PN3PP/P1Q2PB1/2RR2K1 b - -,c8e6 d1d2 a8d8 c1d1 e6c8 d4e2 g7f8 f4g5 f8e7 g5e3,109
3qr1k1/1p5p/p2P2p1/1b2b3/4N1Q1/2P5/PP4PP/3R3K b - -,b5d7 g4g5 d8g5 e4g5 e5f6 g5h3 e8e2 h3f4 e2b2 c3c4,-466
r1bqkb1r/1p1pnppp/p1n1p3/2p3B1/4P3/1B1P1N2/PPP2PPP/RN1QK2R b KQkq -,h7h6 g5e3 d7d5 e1h1 d5d4 e3d2 g7g5 c2c3 f8g7 c3d4,-28
2r2rk1/pp3pp1/3p1b1p/4p3/4P3/2N2P2/PPP2RPP/R5K1 b - -,f6g5 f2e2 c8c5 c3d5 f7f5 c2c3 g7g6 a2a4 g8f7 b2b3,57
r2q1rk1/pppn1pp1/3pb2p/2b1p3/2P1P3/1P1QBN2/P1P2PPP/RN3RK1 b - -,f7f5 e4f5 e6f5 d3d2 f8f7 f3e1 d8f6 b1c3 f6g6 c3d5,-93
4rrk1/1b2qpbp/pp1p2p1/2pPn1B1/2P1N3/PP5P/2Q1BPP1/R4RK1 b - -,e7d7 g5f6 d7c7 c2c3 g7h6 a1e1 b7c8 f6e5 d6e5 e4f6,278
r3rbk1/1ppq1pp1/p1n2n1p/4pN2/4P3/1BP3QP/PP3PP1/R1B1R1K1 b - -,e8e6 c1h6 f6h5 g3h4 h5f6 a1d1 d7c8 h4g3 f6e8 h6c1,433
r1bq1rk1/1pp2ppp/pb3n2/3P4/1nBP4/2N2N2/P4PPP/R1BQR1K1 b - -,c8g4 c1g5 g4f3 g2f3 d8d6 g5f6 d6f6 c3e4 f6f5 d1b3,18
r6k/1ppqr3/3p1bpp/p2Pp3/2P1PpP1/2N2P1P/PP2Q3/R4RK1 b - -,h6h5 g1g2 e7h7 f1h1 f6h4 a1g1 h8g7 g2f1 h5g4 h3g4,-40
r4rk1/ppq3pp/2n1pb2/1B1pp3/4P3/2P2P2/PP1NQ1PP/R3K2R b KQ -,f6g5 e1h1 g5d2 b5c6 d2c3 c6a4 c3d4 g1h1 g8h8 a4b3,-68
r1bqnrk1/p2n2bp/1p1p2p1/2pPpp2/2P1PP2/2NN4/PP2B1PP/R1BQ1RK1 b - -,e5f4 d3f4 g7c3 b2c3 f5e4 f4e6 f8f1 d1f1 d8e7 c1g5,15
1r1q1rk1/pp2n2p/3p2p1/2pPbp2/P1P5/2P3P1/1P4BP/R1BQ1RK1 b - -,g8g7 a4a5 d8d7 c1e3 e7g8 d1d2 h7h6 a1a2 b8e8 b2b4,-54
2r2rkb/1p1R1p1p/p4PpQ/2p3P1/P3PnB1/2PP2qP/1P6/5K2 b - -,c8d8 h6f8 d8f8 d7d5 f4d5 e4d5 g3d3 f1f2 d3d2 g4e2,-1335
r1q4r/p4kpp/1pP5/Pbn5/8/4Q1P1/4PPBP/R1R3K1 b - -,c8f5 e3d2 h8e8 d2a2 c5e6 c1c3 f5g4 c6c7 a8c8 a5b6,228
4r1k1/6qp/8/2Nb4/3PP3/2Q3pP/P2B1pK1/4R3 b - -,f2e1q d2e1 d5e4 c5e4 e8e4 c3b3 g7f7 b3g3 f7g7 e1f2,-34
4r1k1/3b1ppp/3Q4/8/8/3B2K1/1q3PPP/7R b - -,,0
rnb1kbnr/ppp2p1p/8/3NP1p1/3P4/6q1/PPP3B1/R1BQ2KR b kq -,b8a6 c1d2 c7c6 d5e3 g8e7 d1e2 a6c7 e2d3 e7g6 d2e1,-254
r2q1rk1/pppn2p1/3pb2p/2b1pP2/2P5/1P1QBN2/P1P2PPP/RN3RK1 b - -,e6f7 b1c3 c7c6 e3c5 d7c5 d3e3 f7h5 f3e5 d8f6 e5g6,95
r1b2rk1/p2nbpp1/2n1p2p/qpppP3/3P1N1P/2P2N2/PP3PP1/RBBQ1RK1 b - -,b5b4 d1c2 f7f5 e5f6 d7f6 c2g6 e7d6 f4h5 f8f7 h5f6,323
r3k2r/p1p1b2p/1pn1p3/4pp2/2P3P1/2N1P3/PP2BP1P/2KR3R b - -,h8g8 c4c5 e8f8 d1d7 a8c8 g4f5 c6b8 f5e6 b8d7 e6d7,180
r1bq1rk1/1pp2ppp/pb6/3N4/1nBP4/5N2/P4PPP/R1BQR1K1 b - -,b4d5 c1a3 c8e6 a3f8 g8f8 d1b3 h7h6 e1e5 c7c6 a1e1,170
r4rk1/pb3ppp/1pnqpn2/2pp4/3P1PP1/2PBP2N/PP1N3P/R2Q1RK1 b - -,c6e7 h3f2 c5d4 c3d4 a8c8 a2a3 d6d7 d1f3 b7c6 g4g5,13
8/8/8/6N1/8/4kB2/8/4K3 b - -,,0
8/1nkn1R2/pp1p2N1/2pPp3/4P2r/4P3/PPP2KP1/4N3 b - -,b7d8 f7d7 c7d7 g6h4 d8b7 g2g4 c5c4 f2f3 b6b5 g4g5,603
r4rk1/pR3p2/2p4p/3pP3/4p1qp/4P2Q/P1P2PP1/5RK1 b - -,g4h3 g2h3 g8g7 a2a4 a7a5 f1b1 a8e8 b7c7 e8c8 c7e7,-6
rn2kbnr/ppp2ppp/3q4/4p3/1P4b1/2N2N1P/P1PP1PP1/R1BQKB1R b KQkq -,g4e6 f1d3 b8c6 e1h1 g8f6 f1e1 c6b4 c1a3 d6d8 d3e4,52
r3r1k1/p1RR1pb1/1p4pp/4p3/4b3/4BN2/PP2KPPP/8 b - -,e8f8 g2g4 a8c8 f3d2 c8c7 d7c7 e4d5 c7a7 b6b5 a7a5,-10
r2q1rk1/pppn2p1/3p3p/2b1pb2/2P5/1P2BN2/P1PQ1PPP/RN3RK1 b - -,f8f7 f3e1 d8f6 b1c3 f6g6 c3d5 c7c6 e3c5 d7c5 d5e3,-89
8/6p1/4P1Kp/5n2/p2k1P1P/P2p4/5R2/4r3 b - -,f5h4 g6g7 e1e6 f4f5 h4f5 g7f7 e6e1 f7f6 d4c3 f2f5,-802
r1q4r/p4kpp/1pB5/P1n5/8/4Q1P1/4PP1P/R1R3K1 b - -,c8c6 a5b6 a7b6 e3f4 c6f6 f4c7 f7g6 a1b1 a8a6 c1c4,-139
6K1/8/5P2/8/2kp4/p7/2P5/8 b - -,a3a2 f6f7 a2a1q f7f8q a1g1 g8h8 g1h2 h8g7 h2g3 g7h6,-4
8/5ppk/1N2p2p/3b4/5n2/P5P1/3r3P/1R3BK1 b - -,d5a2 b1a1 f4d5 b6d5 a2d5 a3a4 g7g5 a4a5 d5a8 a5a6,-39
rn2k2r/4Ppbp/p2p2p1/q1pP4/2P5/1P1Q1N2/P1pB1PPP/R3K2R b KQkq -,a5c7 e1h1 g7a1 f1a1 e8e7 a1e1 e7d7 f3g5 d7c8 d3c3,320
rn1k1b1r/pq2n1pp/3p1p2/2pP4/2P5/1P3N2/3B1PPP/RN1QR1K1 b - -,b8d7 e1e6 e7c8 d2a5 d7b6 b1c3 a8b8 d1e2 b7d7 c3b5,465
5rk1/pbp1Np2/3p2p1/2pq4/7Q/2P1R3/5PPP/4R1K1 b - -,b8d7 e1e6 e7c8 d2a5 d7b6 b1c3 a8b8 d1e2 b7d7 c3b5,Mate
rn1qk1nr/pp3ppp/2p5/3pP3/1b2P1b1/2N2N2/PPP2PPP/R1BQKB1R b KQkq -,b4c3 b2c3 b8d7 e4d5 d7e5 d1e2 f7f6 d5c6 b7c6 h2h3,81
r2br1k1/ppp2pPp/3p2n1/3P1q1P/8/1Q2B3/PPP1BP2/2K3RR b - -,g6f4 e2g4 f5e5 g4d7 f4e2 c1b1 e2g1 d7e8 e5e8 h1g1,310
r2qr1k1/ppp2pp1/1b1p1n1p/n3P3/2bP3B/2N2N2/PP3PPP/R2QR1K1 b - -,d6e5 c3e4 g7g5 f3g5 f6e4 e1e4 h6g5 h4g5 d8g5 e4g4,-360
3r1rk1/pbp1qppp/1p1p1n2/6P1/3QP2P/2N2P2/PPP1B3/2KR3R b - -,f6h5 e2c4 e7e5 a2a4 g7g6 c3b5 e5f4 c1b1 f4f3 h1e1,43
r1bq1rk1/1pp2ppp/pb6/3n4/2BP4/B4N2/P4PPP/R2QR1K1 b - -,c8e6 a3f8 g8f8 d1b3 f8g8 e1e6 f7e6 a1e1 g8h8 e1e6,200
r3rb1k/1ppq1pp1/p1n2n1B/4pN2/4P3/1BP3QP/PP3PP1/R3R1K1 b - -,f6h5 h6g7 h8g8 g3g6 f8g7 g6h5 c6d8 e1e3 d7c6 e3g3,763
r2q1rk1/pp3ppp/2n1p1b1/3n4/8/2BN3P/PPP1BPP1/1R1Q1RK1 b - -,d5c3 b2c3 d8c7 d1c1 c6a5 d3f4 c7c3 f4g6 h7g6 e2f3,-107
8/6k1/8/5PPn/6KP/8/8/8 b - -,d8d6 e2f3 d5c3 b2c3 d6c7 f3c6 c7c6 d3e5 c6c7 e5g6,Mate
2b2rk1/Q4p1p/2p2np1/3p4/P4P1P/2q3P1/2P5/2KR1B1R b - -,c3a1 c1d2 f6e4 d2e3 a1d1 f1d3 d1h1 f4f5 h1g1 e3f3,-1451
r1n2rk1/2qbbp1p/p2p1np1/P1pPp3/1pP1P3/1P3N1P/2B1NPP1/R1BQR1K1 b - -,f8e8 g1h1 e7f8 c1e3 f8g7 e1g1 h7h5 f3h2 f6h7 g2g4,130
2r2rk1/p4p2/1b5p/2p1n1p1/Pp2P3/6P1/1P1R1PBP/2NR1K2 b - -,f8e8 d2d5 c5c4 a4a5 b6c5 f2f4 g5f4 g3f4 e5g6 c1e2,-179
r4rk1/1pq3pp/p1n1pb2/3pp3/B3P3/2P2P2/PP1NQ1PP/R3K2R b KQ -,d5d4 a4b3 c7b6 g2g3 a8d8 a1d1 g8h8 e1f1 f6g5 h2h4,-84
r2q1rk1/1p1nbppp/p7/2ppP3/3P4/1PB2N2/P3QPPP/R4RK1 b - -,f8e8 e5e6 e7f6 e6f7 g8f7 e2d3 c5d4 c3d4 f6d4 d3d4,48
8/5ppk/1N2p2p/8/5n2/P5P1/b2r3P/R4BK1 b - -,f4d5 b6d5 a2d5 a3a4 d5a8 a4a5 h6h5 a5a6 g7g5 a6a7,-34
1n5r/p4ppp/1Nkb1n2/8/8/4B3/PPP2PPP/2KR2NR b - -,a7b6 g1f3 b8d7 h1e1 d7c5 c1b1 c5e4 e3d4 h8f8 c2c3,567
r2k1b1r/pq1nn1pp/3pRp2/2pP4/2P5/1P3N2/3B1PPP/RN1Q2K1 b - -,e7c8 d2a5 d7b6 b1c3 a8b8 d1e2 b7d7 c3b5 a7a6 b5c3,489
r1bq1rk1/1pp1npb1/3p3p/p1PP2pB/1P1NPp2/P1N5/5PPP/2RQ1RK1 b - -,c7c6 h2h3 c6d5 e4d5 a5b4 a3b4 d6c5 b4c5 e7d5 c3b5,32
8/8/8/8/8/2K5/6R1/4k3 b - -,c7c6 h2h3 c6d5 e4d5 a5b4 a3b4 d6c5 b4c5 e7d5 c3b5,Mate
5k2/1RP2n1p/3p1pp1/3Pp3/4PP2/2r3P1/7P/7K b - -,f6f5 b7b8 f8g7 c7c8r c3c8 b8c8 f5e4 c8c4 e4e3 c4e4,254
r1b2rk1/4bppp/ppnqp3/3n4/P1BP4/2N1BN2/1P1Q1PPP/R4RK1 b - -,d5e3 f2e3 c6b4 f3e5 c8b7 d2e2 g7g6 a1d1 g8g7 e3e4,-20
r2q1rk1/pp3ppp/2n1p1b1/8/8/2PN3P/P1P1BPP1/1R1Q1RK1 b - -,d8c7 d1c1 c6a5 d3f4 c7c3 f4g6 h7g6 e2f3 a8b8 f1d1,-117
r2q2k1/pppn1rp1/3p3p/2B1pb2/2P5/1P3N2/P1PQ1PPP/RN3RK1 b - -,d7c5 b1c3 c5e6 g1h1 a7a6 f3e1 d8h4 f2f3 a8f8 e1d3,-99
r2q1rk1/pb1pb2p/1pn1p3/5p2/1PPN2p1/P1N1P1P1/2Q1BPP1/R2R2K1 b - -,c6d4 d1d4 e7f6 d4d2 f6e5 a1d1 d8f6 d2d7 b7c6 d7d4,-34
8/1b2rkp1/2r1p2p/pp1P4/8/1B5P/P4PP1/3RR1K1 b - -,c6c3 d5d6 e7e8 e1e6 c3b3 e6e8 f7e8 a2b3 b7c6 f2f3,365
2b2rk1/Q4p1p/2p2np1/3p4/P4P1P/6P1/2PK4/q2R1B1R b - -,c6c3 d5d6 e7e8 e1e6 c3b3 e6e8 f7e8 a2b3 b7c6 f2f3,Mate
1r1r3k/6b1/5pQp/p1B5/5PP1/2P5/PP5P/5RK1 b - -,d8c8 c5d4 c8c7 f1e1 h8g8 e1e8 b8e8 g6e8 g8h7 g1f2,851
8/5ppk/4p2p/3N4/8/P5P1/b2r3P/R4BK1 b - -,a2d5 a3a4 g7g5 a4a5 d5a8 a5a6 h7g7 a1a5 g7f6 g3g4,-36
r3rb1k/1ppq1p2/p1n2n1p/4pN2/4P3/1BP3QP/PP3PP1/3RR1K1 b - -,e8d8 g3h4 f6g8 d1d7 d8d7 e1d1 a8d8 d1d7 d8d7 h4h5,469
2br4/p4pkp/1p1r4/1Pp5/2P1PpPP/3P1P2/P3K3/3R3R b - -,a7a6 b5a6 c8a6 a2a4 a6c8 d1d2 c8e6 h1c1 h7h5 g4g5,-518
8/2N2pp1/R1b4p/P5k1/2r2P2/6K1/6P1/8 b - -,g5f5 a6b6 c4c2 a5a6 c2g2 g3h3 c6e4 a6a7 g2a2 b6a6,-185
6K1/5P2/8/8/2kp4/8/p1P5/8 b - -,a2a1q f7f8q a1g1 g8h8 g1h2 h8g7 h2c7 g7h6 c7c6 h6g5,-2
8/6k1/5pp1/7p/5P1P/r5P1/PR5K/8 b - -,,0
r2k1b1r/pq1n2pp/3pRpn1/B1pP4/2P5/1P3N2/5PPP/RN1Q2K1 b - -,b7c7 d1e1 f8e7 a5c7 d8c7 e6e7 g6e7 e1e7 h8e8 e7g7,727
r4rk1/R2R1pb1/1p4pp/4p3/4b3/4BN2/PP2KPPP/8 b - -,b6b5 g2g3 a8a7 d7a7 f8d8 e3b6 d8d6 f3d2 e4d3 e2e3,-32
2r5/3K2k1/3RP3/8/8/8/8/8 b - -,,0
8/5ppk/4p2p/3b4/P7/6P1/3r3P/R4BK1 b - -,g7g5 a4a5 d5a8 a5a6 h7g6 a6a7 h6h5 a1a4 g5g4 h2h3,-31
2r2rkb/1p1R1p1p/p4PpQ/2p3P1/P3P1B1/2Pn2qP/1P2K3/8 b - -,g7g5 a4a5 d5a8 a5a6 h7g6 a6a7 h6h5 a1a4 g5g4 h2h3,Mate
r3r1k1/pp3ppp/1bp5/2N4b/3PnB2/3B4/PP3PPP/2R2RK1 b - -,b6c5 d4c5 a8d8 d3c2 e4c5 c2h7 g8h7 c1c5 h5g6 f4e3,-1
r3rb1k/1ppR1p2/p1n4p/4pN2/4n3/1BP3QP/PP3PP1/4R1K1 b - -,c6d4 e1e4 d4f5 g3f3 e8d8 d7d8 a8d8 f3f5 d8d1 b3d1,980
8/p4pk1/3n1p2/1p2pP1P/8/1PP1K3/P2N3P/8 b - -,a7a5 c3c4 d6f5 e3e4 f5d4 c4c5 g7h6 e4d5 h6h5 c5c6,197
r1bqkbnr/pp1p1ppp/4p3/1Bp5/3NPP2/2N3P1/PPPP3P/R1BQK2R b KQkq -,c5d4 c3e2 g8f6 e4e5 f6d5 c2c3 d4c3 e2c3 f8e7 d2d4,-3
5QK1/8/8/8/2kp4/8/2P5/q7 b - -,a1g1 g8h8 g1h2 h8g7 h2g3 g7h6 g3h4 h6g6 h4g4 g6h6,-1
r1br2k1/p2nbpp1/2n1p2p/qpppP2N/3P3P/2P2N2/PP3PP1/RBBQ1RK1 b - -,c5d4 c1h6 g7h6 d1d3 e7c5 d3h7 g8f8 b2b4 a5a3 h7h6,387
8/2p4p/8/pp6/8/1Pk4P/2P5/2K5 b - -,c5d4 c1h6 g7h6 d1d3 e7c5 d3h7 g8f8 b2b4 a5a3 h7h6,Mate
r1b1kb1r/pp2nppp/4p3/q1ppP3/3n4/PP1B4/1BPN1PPP/R2QK1NR b KQkq -,a5c7 g1f3 d4f3 d1f3 c8d7 e1h1 d7c6 f3e2 e8a8 c2c4,-96
r1b1kb1r/pp3ppp/5p2/8/2B2B2/2N2N2/PP3PPP/3R1RK1 b kq -,f8b4 c4b5 e8e7 f1e1 c8e6 c3d5 e7f8 d5b4 g7g5 f4e3,875
r3rb1k/1ppR1p2/p1n4p/4pN2/8/1BP3PP/PP4P1/4R1K1 b - -,f8c5 g1h2 e5e4 d7c7 c5f2 e1e2 e4e3 c7f7 c6a5 b3c2,326
8/8/8/7p/4R2P/5K2/8/5k1r b - -,f8c5 g1h2 e5e4 d7c7 c5f2 e1e2 e4e3 c7f7 c6a5 b3c2,Mate
2r2rk1/p4p2/1b5p/3Rn1p1/Ppp1P3/6P1/1P3PBP/2NR1K2 b - -,f8e8 a4a5 b6c5 h2h3 b4b3 a5a6 g8g7 f2f4 g5f4 g3f4,-198
r1b2k1r/pp4pp/3q4/3NN3/3pn3/1Q6/PP3PPP/R4RK1 b - -,c8e6 b3f3 f8g8 d5e7 d6e7 f3e4 e6f7 a1d1 h7h5 e4d4,193
r1bqk1nr/1ppnbppp/p2pp3/8/2PPP3/5N2/PPQ1BPPP/RNB1K2R b KQkq -,c7c5 d4d5 d7f8 a2a4 g8f6 b1c3 f8g6 h2h4 e6d5 h4h5,89
r6r/1p1bkpp1/p3p2p/3pP2P/3N1P2/3P3R/PP4P1/2KR4 b - -,a6a5 c1d2 h8g8 h3g3 a5a4 d1c1 a8a7 c1c7 e7d8 c7c5,105
8/1b2rkp1/r2Pp2p/pp6/8/1B5P/P4PP1/3RR1K1 b - -,f7f6 d6e7 f6e7 b3d5 b7d5 d1d5 b5b4 d5b5 e7f8 b5b8,538
rnb1kb1r/pp2pppp/2p2N2/q7/8/5N2/PPPPQPPP/R1B1KB1R b KQkq -,g7f6 c2c3 c8e6 f3d4 e6c8 d4c2 h7h5 c2e3 c8e6 d2d4,70
r1b5/p1R5/1p4kp/3p2p1/3P4/PP1nPPP1/5P2/1R4K1 b - -,h6h5 c7c6 g6f5 b1d1 c8a6 g1g2 a8f8 c6c3 g5g4 c3d3,212
8/7p/8/ppp5/8/1Pk4P/2P5/3K4 b - -,h6h5 c7c6 g6f5 b1d1 c8a6 g1g2 a8f8 c6c3 g5g4 c3d3,Mate
5k2/4qp2/4p1p1/Q2n4/2R3N1/2P3P1/Pr3P1P/6K1 b - -,b2b1 g1g2 f8g7 a5a8 b1b2 c4c8 d5f6 g4f6 e7f6 a8f3,67
3r1rk1/pbp1qppp/1p1p4/6Pn/3QPP1P/2N5/PPP1B3/2KR3R b - -,h5f4 e2c4 e7e5 d4f2 b7c8 h1f1 c8e6 c4d5 f4g6 d1e1,-80
r3k2r/pbppnppp/1pn4q/2b1P3/3N1P2/2P1B3/PP1NB1PP/R2Q1RK1 b kq -,e7d5 e3f2 d5f4 e2f3 e8h8 g1h1 f4d3 f2g3 c5d4 c3d4,-71
2r1r1k1/p4p2/1b5p/P2Rn1p1/1pp1P3/6P1/1P3PBP/2NR1K2 b - -,b6c5 h2h3 b4b3 a5a6 g8g7 f2f4 e5g6 c1e2 g5f4 g3f4,-229
4rrk1/1b2qpbp/pp1p2p1/2pPn3/2P1N3/PP2B2P/3QBPP1/R4RK1 b - -,f7f5 e4g5 e5c4 b3c4 g7a1 g5e6 a1e5 e6f8 e8f8 e3g5,-47
1R6/r4p2/2KP1kp1/2p4p/2p2P2/2P3P1/4Nn1P/8 b - -,f6f5 d6d7 a7d7 c6d7 f2d3 d7e7 g6g5 e7f7 h5h4 f4g5,585
r2k1b1r/pq4pp/1n1pRpn1/B1pP4/2P5/1PN2N2/5PPP/R2Q2K1 b - -,f8e7 c3b5 g6f4 e6e1 h8e8 g2g3 f4g6 d1e2 g6e5 f3e5,500
8/7p/8/1pp5/P7/2k4P/2P5/3K4 b - -,f8e7 c3b5 g6f4 e6e1 h8e8 g2g3 f4g6 d1e2 g6e5 f3e5,Mate
8/5ppk/7p/P2bp3/8/6P1/3r3P/R4BK1 b - -,h7g6 a5a6 d5a8 a6a7 f7f6 a1c1 d2a2 c1c7 f6f5 h2h4,-25
1r1r3k/6Q1/5p1p/2B5/p4PP1/2P5/PP5P/5RK1 b - -,,0
3qr1k1/1p1Q3p/p2b2p1/8/4N3/2P4P/PP4P1/3R3K b - -,,0
r1b1k2r/pp3ppp/5p2/8/2B2B2/P1N2N2/P4PPP/3R1RK1 b kq -,g7g5 f4d6 c8e6 c4b5 e8d8 f1e1 a7a6 b5a4 b7b5 a4c2,922
2k2br1/1pp2p1p/p1b1pp2/8/3Q1B2/3P4/PPP2PPP/R3K2R b KQ -,g8g2 d4f6 f8d6 f4e3 b7b5 f6f7 g2h2 f7e6 c8b7 h1h2,1215
r1bq1rk1/ppp3pp/1bn5/1B1pP3/8/2P2N1P/P4PP1/R1BQ1RK1 b - -,c8f5 a2a4 f5e4 b5c6 b7c6 a4a5 e4f3 g2f3 b6c5 f3f4,28
8/7p/8/2p5/p7/2k4P/2P5/2K5 b - -,c8f5 a2a4 f5e4 b5c6 b7c6 a4a5 e4f3 g2f3 b6c5 f3f4,Mate
2r2rkb/1p3n1p/p3BPpQ/2p3P1/P3P3/2P3qP/1P2K3/8 b - -,c8f5 a2a4 f5e4 b5c6 b7c6 a4a5 e4f3 g2f3 b6c5 f3f4,Mate
5rk1/R4pb1/6pp/1p2N3/4b3/4B3/PP2KPPP/8 b - -,e4g2 f2f4 g6g5 a7a5 f8b8 e2f2 g2e4 e5d7 b8d8 d7c5,-14
r3rb1k/1pp2R2/p1n2p1p/4pN2/8/1BP3PP/PP4P1/4R1K1 b - -,f8c5 g1h2 c6e7 f5h4 e8f8 f7e7 c5e7 h4g6 h8g7 g6e7,331
8/7p/8/2p5/8/p1k4P/2P5/1K6 b - -,f8c5 g1h2 c6e7 f5h4 e8f8 f7e7 c5e7 h4g6 h8g7 g6e7,Mate
r1b2k1r/pp4pp/8/3Nq3/3pn3/1Q6/PP3PPP/4RRK1 b - -,g7g6 f2f4 e5e6 b3c4 e6c6 c4d4 c6c5 e1e4 c5d4 e4d4,200
r1n1r1k1/2qbbp1p/p2p1np1/P1pPp3/1pP1P1P1/1P3N1P/2B1NP2/R1BQR1K1 b - -,e7d8 e2g3 g8g7 d1d2 f6g8 g1h1 g7h8 e1g1 f7f6 d2e2,128
r4rk1/1pq3pp/p1n1pb2/4p3/B3P3/2P2P2/P2NQ1PP/R4RK1 b - -,c6a5 a1c1 f6g5 c1c2 a8d8 f1b1 b7b5 a4b3 c7c5 g1h1,-85
r4rk1/pp3ppp/2n1p1b1/q7/8/2PN3P/P1P1BPP1/1R2QRK1 b - -,b7b6 d3b4 c6b4 c3b4 a5a2 b1c1 a8d8 e2f3 d8c8 f3e4,-144
r2q2k1/ppp2rp1/3p3p/2n1pb2/P1P5/1P3N2/2PQ1PPP/RN3RK1 b - -,d8f6 b1c3 a8f8 c3d5 f6e6 f3e1 e6g6 f2f3 e5e4 f3e4,-137
r2q1rk1/pb1p3p/1p2pb2/5p2/1PP3p1/P1N1P1P1/2QRBPP1/R5K1 b - -,f6e5 a1d1 d8f6 d2d7 b7c6 d7d6 a8c8 c4c5 e5d6 d1d6,-26
rn1q1b1r/pp2k1pp/2p5/4p3/3Pn1b1/1B3N2/PPP1Q1PP/RNB1K2R b KQ -,d8a5 b1d2 e4g5 e1h1 g5f3 d2f3 b8d7 c1d2 a5b5 c2c4,407
1r1q2kr/5p1p/2n1p2Q/3p2P1/3P1P2/2P4B/ppP2K2/1R6 b - -,d8a5 b1d2 e4g5 e1h1 g5f3 d2f3 b8d7 c1d2 a5b5 c2c4,Mate
8/7p/8/2p5/8/2k4P/p1P5/K7 b - -,d8a5 b1d2 e4g5 e1h1 g5f3 d2f3 b8d7 c1d2 a5b5 c2c4,Mate
8/8/8/3N4/4N3/8/k1K5/8 b - -,,0
4K1k1/6pp/8/6N1/8/8/8/B7 b - -,a2a1 d5e3 a1a2 c2c3 a2a1 c3b3 a1b1 e4d2 b1c1 d2c4,Mate
2b2rk1/Q4p1p/2p3p1/3p4/P3nP1P/6P1/2P5/q2RKB1R b - -,a2a1 d5e3 a1a2 c2c3 a2a1 c3b3 a1b1 e4d2 b1c1 d2c4,Mate
2q1bb2/2p2p1k/5n1p/2pP2pP/1rN1P1P1/2N2P2/4BQ2/5RK1 b - -,c8d8 f1d1 f6d7 e4e5 h7g8 d5d6 c7d6 e5d6 f8g7 c3d5,77
1r1qnrk1/3bppbp/p1np2p1/1pp1P3/2P2P2/2NPB1PP/PP1QN1B1/R4RK1 b - -,c6a5 b2b3 d7c6 a1d1 c6g2 g1g2 b8c8 c3e4 a5b7 g3g4,20
1n5r/5ppp/1pkb1n2/8/8/4BN2/PPP2PPP/2KR3R b - -,f6d5 f3d4 c6c5 d4b3 c5c6 e3d4 f7f6 c1b1 b8d7 h1e1,564
2r1r1k1/p4p2/7p/P1bRn1p1/1pp1P3/6P1/1P2NPBP/3R1K2 b - -,e5d3 d1b1 e8d8 f2f4 c5e3 f4g5 h6g5 g2f3 g8f8 h2h4,-303
8/p4p1p/5p1k/4pP2/2N1K1PP/8/P7/3n4 b - -,d1c3 e4e3 c3a2 c4d6 a2c3 d6e8 a7a5 e8f6 c3b5 g4g5,-121
8/7p/8/2p5/7P/8/p1k5/K7 b - -,a7a6 a2a3 h6g7 c4b6 d1c3 e4d3 c3b5 a3a4 b5d6 b6d5,Mate
5Q2/7K/8/8/2kp4/8/2P5/6q1 b - -,g1h2 h7g7 h2g3 g7h6 g3h4 h6g6 h4g4 g6h6 c4c3 f8c5,-1
2k1rb1r/ppp3pp/2np1q2/3B1b2/5P2/2P1BQ2/PP1N1P1P/R3K2R b KQ -,f5d7 h2h4 f6g6 d5e4 g6g4 e1a1 g4f3 e4f3 c6e7 h4h5,-26
r1q3kr/p5pp/1P6/1bnB4/5Q2/6P1/4PP1P/R1R3K1 b - -,f6g6 d5c6 b7c6 f3c6 g6h5 h1g1 f5d3 c6a8 c8d7 a8f3,Mate
4r3/1p1N1k1p/p2b2p1/8/8/2P4P/PP4P1/3R3K b - -,,0
r4rk1/3nqp1p/p5p1/2pPP3/2P5/1PB5/P1Q3PP/4R1K1 b - -,e7h4 e1e4 h4g5 c3b2 g5f5 c2e2 h7h5 h2h3 a8e8 b2c3,-225
2b2rk1/Q4p1p/2p3p1/3p4/P3nP1P/2q3P1/2P1K3/3R1B1R b - -,a6a5 c3b2 a8a6 c2c3 h7h5 c3d2 f8e8 d2h6 e7f8 h6g5,Mate
8/5pnk/2R4p/pP6/2P5/4N1P1/r4P1P/6K1 b - -,g7e6 c6a6 a5a4 b5b6 a4a3 e3d5 h6h5 a6a7 h5h4 g1g2,379
r1br2k1/p2nbpp1/2n1p2B/q1ppP2N/1p1P3P/2P2N2/PP3PP1/RB1Q1RK1 b - -,b4c3 h6g7 f7f6 e5f6 d7f6 g7f6 e7f6 d1c2 g8f8 b2c3,538
8/1nknNR2/pp1p4/3Pp3/1Np1P3/4PK2/PPP3P1/7r b - -,h1f1 f3g3 f1f7 b4a6 c7d8 e7c6 d8e8 a6c7 e8f8 c7e6,-350
2q1b3/2p2pbk/5n1p/2pP2pP/1rN1PPP1/2N5/4BQ2/5RK1 b - -,f6h5 f2c5 g7c3 g4h5 c8h3 d5d6 c7d6 c5d6 h3g3 g1h1,-261
r5k1/2p3b1/3p3p/p1pPp1p1/2P1Nr2/5P2/PP4PP/1R3RK1 b - -,f4f7 f1c1 a8b8 h2h3 b8b4 b2b3 f7f8 a2a3 b4b6 e4c3,21
8/pbk3pp/1p6/2p2P2/8/8/PP4PP/3R2K1 b - -,b7e4 d1e1 e4f5 e1e7 c7c6 e7a7 f5d7 g1f2 h7h5 f2e3,441
rn3b1r/pp2k1pp/2p5/q3p3/3Pn1b1/1BP2N2/PP2Q1PP/RNB1K2R b KQ -,g4f3 g2f3 e4f6 d4e5 f6d5 c1g5 e7e8 b1d2 a5a6 d2c4,409
rn1qk2r/ppp1ppbp/5np1/3p1b2/3P3N/P5P1/1PP1PPBP/RNBQK2R b KQkq -,f5c8 h4f3 e8h8 e1h1 a7a5 c1f4 b8d7 a3a4 c7c6 c2c3,-7
8/r5k1/8/2R4p/7P/7K/P7/8 b - -,,0
8/p4p1p/5p1k/4pP2/2N3PP/5K2/P4n2/8 b - -,f2h3 c4d6 h3f4 d6f7 h6g7 f7d6 h7h6 f3e4 g7f8 a2a4,48
5rk1/R4pb1/6pp/1p2N3/5P2/4B3/PP2K1bP/8 b - -,g6g5 a7a5 f8b8 e2f2 g7e5 f2g2 g5f4 e3d2 b8b6 g2f3,-15
3r4/p4pkp/1p1rb3/1Pp5/P1P1PpPP/3P1P2/4K3/3R3R b - -,h7h5 g4g5 d6d4 h1g1 f7f6 a4a5 b6a5 g5f6 g7f6 g1g5,-551
r5k1/ppp2rp1/3p1q1p/2n1pb2/P1P5/1PN2N2/2PQ1PPP/R4RK1 b - -,a8f8 c3d5 f6e6 f3e1 e6g6 f2f3 e5e4 d5f4 g6f6 a1d1,-134
6rk/3b2bp/3N1p2/p3pP1N/q5Q1/1p2R3/1Pr3P1/3R3K b - -,d7e8 g4a4 e8h5 e3h3 c2c7 a4h4 g7f8 h4f6 f8g7 f6h4,1029
R7/5pp1/7p/P1r3k1/8/5PK1/6P1/8 b - -,,0
5k2/p5p1/8/7p/4bBr1/1P2P3/P6P/R4K2 b - -,,0
5k2/1q3p2/4p1p1/2Qn4/2R3N1/2P3P1/Pr3P1P/6K1 b - -,f8e8 h2h4 b2e2 c5c8 b7c8 c4c8 e8d7 c8a8 d5c3 a8a3,97
3r2k1/p4p2/4q1p1/2p5/P2b3p/2PQN1P1/5P1P/3R2K1 b - -,d4f6 e3d5 g8g7 a4a5 h4h3 g1f1 e6d7 d3c4 d7f5 c4d3,-118
1r1r3k/6b1/5pQp/8/p2B1PP1/2P5/PP5P/5RK1 b - -,b8c8 f1e1 c8c7 d4f6 d8a8 e1e8 a8e8 g6e8 h8h7 e8e4,942
8/p4p1p/3N1p1k/4pP2/6PP/3n1K2/P7/8 b - -,d3e1 f3g3 e1d3 d6e8 d3b4 a2a4 b4d5 a4a5 d5e3 e8f6,50
r1b2b1r/1pkn2pp/n1p2p2/p3p3/N1P1P3/3BBN2/PP3PPP/3R1RK1 b - -,d7c5 a4c3 c5d3 d1d3 f8c5 c3a4 c5e3 d3e3 c8e6 f1c1,-108
2r2rk1/p2R2pp/4p3/1pb1npB1/4b1P1/2P4N/PP2QP1P/5RK1 b - -,e5d7 g5h4 h7h6 h4g3 g7g5 f1d1 d7f6 g4f5 e4f5 g1g2,98
r4rk1/1pq3pp/p3pb2/n3p3/B3P3/2P2P2/P2NQ1PP/1R3RK1 b - -,f6g5 a4b3 a5b3 b1b3 a8d8 d2b1 d8d6 g2g3 f8d8 h2h4,-124
r3k2r/pp3ppp/5p2/8/2B2B2/P1N2N1P/P4P1P/3R1RK1 b kq -,h7h6 f1e1 e8f8 d1d7 f8g8 c4f7 g8h7 f4c7 h8f8 g1g2,1189
5b1r/1q1k2pp/pN1pRpn1/B1pP4/2P5/1P3N2/5PPP/R2Q2K1 b - -,b7b6 a5b6 f8e7 b3b4 d7e8 b4c5 e8f7 c5d6 h8b8 d6e7,1446
8/6k1/8/2R4p/7P/r7/P5K1/8 b - -,,0
r3r2k/1pp2R2/p1n2p1p/2b1pN2/8/1BP3PP/PP4PK/4R3 b - -,c5f8 e1e4 c6e7 f7f8 e8f8 f5e7 f8d8 e4h4 h6h5 e7f5,419
6r1/6P1/6K1/4k3/8/8/8/6R1 b - -,c5f8 e1e4 c6e7 f7f8 e8f8 f5e7 f8d8 e4h4 h6h5 e7f5,Mate
8/6k1/8/2R4p/7P/5K2/r7/8 b - -,,0
1B3k2/p7/8/6pp/4b3/PP2P3/6rP/R4K2 b - -,f8f7 a1d1 g2b2 d1d4 e4g2 f1e1 b2b3 b8a7 b3a3 a7c5,-4
r1n1rbk1/2qb1p1p/p2p1np1/P1pPp3/1pP1P1P1/1P3NNP/2B2P2/R1BQR1K1 b - -,e8d8 f3h2 f8g7 g4g5 f6e8 h3h4 c8e7 h4h5 f7f6 d1f3,174
5rk1/5pb1/7p/Rp2N1p1/5P2/4B3/PP2K1bP/8 b - -,f8b8 e2f2 g7e5 f2g2 g5f4 e3d2 b8b6 g2f3 e5b2 f3f4,-22
5Q2/6K1/8/8/2kp4/8/2P4q/8 b - -,,0
2q1b3/2p2pbk/5n1p/2pPP1pP/1rN3P1/2N2P2/4BQ2/5RK1 b - -,b4b3 e5f6 g7f6 c3d1 f6d4 c4e3 f7f5 e2c4 b3e3 d1e3,212
8/R4p2/6pp/P1r3k1/8/5PK1/6P1/8 b - -,,0
r2k1q1r/p4p2/bp1N2p1/n1pPp3/Q1P1PP1p/P1P4P/6P1/R1B2RK1 b - -,h8h7 f4e5 d8c7 c1g5 f8g8 f1f6 a8d8 a1f1 d8d7 a4d1,632
r7/5KP1/8/4k3/8/8/8/6R1 b - -,h8h7 f4e5 d8c7 c1g5 f8g8 f1f6 a8d8 a1f1 d8d7 a4d1,Mate
r1b2rk1/4bppp/pp1qp3/n2B4/P2P4/2N1BN2/1P1Q1PPP/R4RK1 b - -,a8a7 d5a2 a7d7 d2e2 c8b7 a1d1 d6c7 d4d5 e6d5 c3d5,497
rnbqk2r/pp2ppbp/6p1/2Pp4/4n3/P4NP1/1PP1PPBP/RNBQ1RK1 b kq -,b8c6 f3g5 e4g5 c1g5 h7h6 g5c1 c8e6 c2c3 d5d4 c3d4,30
3r4/5pkp/pp1rb3/1Pp3P1/P1P1Pp1P/3P1P2/4K3/3R3R b - -,a6b5 a4b5 d6d3 d1d3 e6c4 h1d1 g7g6 e4e5 g6h5 d1a1,-799
r4r1k/1pp2R2/p1n2p1N/2b1p3/8/1BP3PP/PP4PK/4R3 b - -,a8c8 f7d7 c6b8 d7d5 c5a7 e1e4 c7c6 d5d6 c8c7 e4h4,427
8/2kr2b1/3rp3/4pp1p/1RB3P1/2P2P1P/2K1R3/8 b - -,c7d8 g4f5 e6f5 e2g2 g7h6 g2g8 d8e7 g8h8 h6e3 b4b5,10
rnb1k2r/1p2qppp/p4n2/3pN3/1b2PP2/2NB4/PPP3PP/R1BQK2R b KQkq -,d5d4 a2a3 d4c3 a3b4 c3b2 c1b2 e7b4 d1d2 b4b2 e1h1,-218
r1br2k1/p2nbp2/2n1p2p/q1ppP2N/1p1P3P/2PQ1N2/PP3PP1/RB3RK1 b - -,d7f8 d3e3 e7g5 h4g5 f8g6 g5h6 d8f8 b1g6 f7g6 e3g5,664
1B3k2/p7/8/8/3Rb1pp/PP2P3/6rP/5K2 b - -,e4a8 d4f4 f8e7 f4f2 g2f2 f1f2 a7a6 b8f4 e7e6 f2e2,5
8/R7/P5pp/2r2pk1/8/5PK1/6P1/8 b - -,,0
4N3/p4pkp/5p2/4pP2/6PP/3n1K2/P7/8 b - -,g7h6 e8f6 h6g7 g4g5 d3c1 a2a4 a7a5 f3e3 c1b3 f6d7,239
r1k2b1r/ppp2p1p/2n1b3/4ppN1/2P5/2N1P3/PP3PPP/2KR1B1R b - -,c6d8 g5e6 f7e6 g2g4 f5g4 h2h3 g4h3 f1h3 a7a5 d1d5,100
1B3k2/p7/8/8/3R2pp/PP2Pb1P/6r1/5K2 b - -,a7a6 h3g4 f8e7 d4f4 f3c6 f4c4 c6f3 c4c7 e7f6 c7c8,13
7k/2R4p/p2pbr2/1p3p2/3p4/1P3P1P/P5P1/1B4K1 b - -,f6f8 c7e7 e6c8 g1f2 h7h5 h3h4 h8g8 e7c7 f5f4 b1h7,121
rn2kb1r/pp4pp/2pn4/q3P1B1/6b1/1BP2N2/PP2Q1PP/RN2K2R b KQ -,g4f3 g2f3 d6f7 g5h4 b8a6 f3f4 f8e7 h4e7 e8e7 b1d2,396
1r4k1/5pb1/7p/Rp2N1p1/5P2/4B3/PP3KbP/8 b - -,g2h1 b2b4 g8h7 e5f3 g5f4 e3f4 b8b6 f2e3 b6c6 f4e5,-17
2r1r2b/1p3k1Q/p4Pp1/2p3P1/P3P3/2P3qP/1P2K3/8 b - -,f7e6 h7g6 g3g2 e2e3 g2h3 e3f4 h3f1 f4g4 h8f6 g6f6,-1014
2q2b2/5k2/1p3p2/pP1p2p1/Pn1Pb3/3NQ1P1/5P2/4NBK1 b - -,f8e7 f1g2 b4d3 e1d3 c8g4 g2e4 g4e4 g1h2 e7d6 d3c1,-64
8/R7/P5pp/2r3k1/5p2/5P2/6PK/8 b - -,,0
r1bqk2r/ppp1nppp/2nb4/3p4/3P4/1QPB4/PP2NPPP/RNB1K2R b KQkq -,h7h6 b3c2 c8g4 h2h3 g4h5 e2f4 d6f4 c1f4 e7g6 f4e3,32
2rq1rk1/pb1nbppp/1p2pn2/P1pp4/2PP4/1P3NP1/Q3PPBP/RNBR2K1 b - -,b6a5 c1d2 a5a4 a2a4 d5c4 b3c4 c5d4 a4a7 d7c5 a7a2,-39
rr4k1/4ppbp/2np1np1/q1p5/p3PPPP/R1PPB3/1P1QB1K1/3N1R2 b - -,e7e6 g4g5 f6h5 e2f3 c6e7 f4f5 e6f5 f3h5 g6h5 e4f5,34
8/8/6k1/7p/5R1P/5K2/r7/8 b - -,,0
5r2/8/6k1/3RN3/4p3/3nP1K1/5P2/8 b - -,g6h6 e5d3 f8g8 g3f4 e4d3 d5d3 g8f8 f4g3 f8g8 g3f3,563
3r1rk1/pbp1qppp/1p1p1n2/8/4P1PP/2N2P2/PPP1B3/2KR2QR b - -,e7e5 g1d4 e5d4 d1d4 f8e8 h1d1 g8f8 e2b5 e8e5 d4c4,46
2q1b3/2p2pbk/7p/2pPP1pP/1rN3P1/2N5/4BQ2/5RK1 b - -,b4b3 c3e4 h7g8 f2f5 c8d7 f5d7 e8d7 f1a1 d7b5 a1a8,403
rn1q1rk1/pp2bppp/2p2n2/3p1b2/8/P2P1NP1/1P1NPPBP/R1BQ1RK1 b - -,c6c5 e2e4 f5e6 e4d5 e6d5 d2c4 b8c6 f1e1 h7h6 c1d2,-18
1r1r1bk1/6Q1/7p/8/p2B1PP1/2P5/PP5P/5RK1 b - -,f8g7 b2b3 g7d4 c3d4 d8d4 b3a4 b8b2 f1c1 d4f4 h2h3,-424
2r1r2b/1p6/p3kPQ1/2p3P1/P3P3/2P3qP/1P2K3/8 b - -,g3g2 e2e3 g2h3 e3f4 h3f1 f4g4 h8f6 g6f5 f1f5 e4f5,-1115
r1b2k1r/pp4pp/8/3N1q2/1Q1pn3/8/PP3PPP/4RRK1 b - -,f8g8 d5e7 g8f7 e7f5 c8f5 b4b7 f7g6 e1e4 h7h5 e4e7,Mate
4rrk1/1b2qpbp/pp1p2p1/2pP4/2Q1NB2/PP5P/4BPP1/R4RK1 b - -,e7e4 e2f3 b7d5 c4d5 e4f4 g2g3 f4e5 d5b7 e5e6 a1d1,-228
1nrqr1k1/pbp1bppp/1p1p4/1N1P4/8/P2BPNP1/1P4PP/2RQ1RK1 b - -,c7c5 b5a7 c8c7 a7b5 c7c8 c1c2 b7a6 b5a7 c8c7 d3a6,111
r2qk2r/pp1n1ppp/2pbpn2/2Pp4/3P4/2NQPN2/PP3PPP/R1B2RK1 b kq -,d6e7 b2b4 e8h8 a2a4 a7a5 b4b5 b7b6 b5c6 d7b8 c6c7,29
r3k2r/pp3p1p/8/6B1/2B5/P1N4P/P4P1P/3R1RK1 b kq -,h7h5 f1e1 e8f8 d1d7 h8h7 g1h1 a8c8 c3e4 f8g8 g5f6,Mate
8/1R6/P4kpp/2r5/5p2/5P2/6PK/8 b - -,,0
8/p3k3/8/6P1/R7/PP2Pb2/7r/5K2 b - -,e7e6 g5g6 f3d5 a4a6 e6e7 f1e1 d5b3 g6g7 h2c2 a6a7,21
r3kb1r/pp1n2pp/2p5/q3PnB1/2N3b1/1BP2N2/PP2Q1PP/R3K2R b KQ -,a5b5 e2e4 g4f3 e4f3 g7g6 g2g4 d7e5 f3e4 f5d6 e4e5,577
5Q2/8/6K1/4q3/2kp4/8/2P5/8 b - -,,0
r1b2b1r/1pkn2pp/n1p2p2/p3p3/N1P1P3/3BBN2/PP3PPP/2R2RK1 b - -,d7c5 a4c5 f8c5 e3d2 h8d8 d3e2 b7b6 a2a3 c8e6 f1d1,-170
1r4k1/5p2/7p/Rp2b1p1/5P2/4B3/PP4KP/8 b - -,g5f4 e3d2 g8h7 g2f3 e5b2 d2f4 b8b6 a2a4 b5a4 a5a4,-19
r6r/1p1bkpp1/p3p2p/3pP2P/3N1P2/3R3R/PPP3P1/2K5 b - -,a8b8 d3b3 b7b5 h3g3 h8g8 b3a3 b8a8 a3c3 a8c8 c3c8,110
2r2nk1/p1r2pp1/8/p2Pp2p/1b2P2B/1Pp2PNP/R5P1/3Q3K b - -,a5a4 d1c2 a4b3 c2b3 c3c2 a2c2 c7c2 b3b4 a7a5 b4a5,332
r4rk1/2q3pp/p3pb2/1p2p3/4P3/1RP2P2/P2NQ1PP/5RK1 b - -,a8d8 g2g3 d8d7 f1b1 f8d8 b1b2 f6e7 g1g2 e7c5 g2h3,-119
2q1b3/2p2pbk/7p/2pPP1pP/2B3P1/2N5/5Q2/5RK1 b - -,h7g8 f2f5 c8f5 f1f5 g8f8 c3e4 f8e7 g1g2 e7d8 e4c5,564
r7/p7/bp4kp/3p2p1/3P2P1/PPRnPP2/5P2/3R2K1 b - -,d3b2 d1d2 b2d3 d2d3 a6d3 c3d3 a8c8 g1g2 g6f6 e3e4,333
r1br1nk1/p3bp2/2n1p2p/q1ppP2N/1p1P3P/2P2N2/PP1Q1PP1/RB3RK1 b - -,e7g5 h4g5 f8g6 g5h6 a5c7 d2g5 c7e7 h5f6 g8h8 b1g6,693
8/1nknNR2/pp1p4/3Pp3/1Np1P3/4P1K1/PPP3P1/5r2 b - -,f1f7 b4a6 c7d8 e7c6 d8e8 a6c7 e8f8 c7e6 f8g8 e6g5,-333
8/1q3pk1/2Q1p1p1/3n4/2R3N1/2P3P1/Pr3P1P/6K1 b - -,b7c6 c4c6 b2a2 c3c4 d5f6 g4f6 g7f6 c6c8 a2c2 g1g2,32
3r2k1/pbQ2p2/1p2pq1p/8/3PP1nP/5P2/P5P1/1B1R2K1 b - -,d8d4 c7c1 d4d1 c1d1 g4e5 d1d6 g8g7 b1d3 b7c6 d3e2,-443
8/1R6/P4kpp/7r/5p2/5P2/6P1/6K1 b - -,,0
8/R7/4k3/6P1/8/PP2Pb2/7r/5K2 b - -,f3d5 g5g6 e6f6 g6g7 d5b3 e3e4 h2a2 e4e5 f6g5 e5e6,15
8/5pkp/1N3p2/2n1pP2/p5PP/P3K3/8/8 b - -,,0
8/6pk/7p/PB1bpp2/8/6P1/3r3P/R5K1 b - -,d2g2 g1f1 g2h2 f1e1 h2h1 b5f1 h7g6 a5a6 d5g2 e1e2,-234
r3kb1r/pp1n2pp/2p5/1q2PnB1/2N3b1/1BP2N2/PP2Q1PP/2KR3R b - -,d7c5 b3c2 g7g6 h1e1 e8f7 b2b4 h7h6 e5e6 f7g8 e6e7,483
1r3rk1/1ppb1pb1/p1nq2pp/2Np4/3P4/P2BPN1P/1PQ2PP1/2R2RK1 b - -,f8c8 b2b4 c8d8 c2c3 c6e7 f3e5 d7b5 f2f4 b5d3 c3d3,85
5rk1/2R1Bppp/p3p3/8/1p2n3/1P4P1/P4PKP/8 b - -,f8e8 e7b4 e8a8 g2f3 e4f6 b4c5 f6d5 c7b7 h7h5 b3b4,137
8/8/4Rb2/1k5p/4B3/2P3PP/3r4/1K6 b - -,d2f2 g3g4 h5g4 h3g4 f6c3 g4g5 b5c5 g5g6 c3h8 b1c1,11
2rq1rk1/pb5p/1p2pb2/1N1p1p2/1PP3p1/P3P1P1/2QRBPP1/3R2K1 b - -,a7a5 c2b3 d8e7 c4d5 b7d5 d2d5 e6d5 b3d5 g8h8 d5f5,82
8/5pp1/n2k4/4p3/8/1R2P2P/5PP1/6K1 b - -,d6c7 b3b5 f7f6 b5a5 c7b6 a5a1 a6c5 h3h4 c5e6 a1a8,520
8/1nknNr2/Np1p4/3Pp3/2p1P3/4P1K1/PPP3P1/8 b - -,c7d8 e7c6 d8e8 a6c7 e8f8 c7e6 f8g8 e6g5 f7f1 b2b4,-347
4b3/2p2pbk/7p/2pPP1pP/2B3q1/2N5/6Q1/5RK1 b - -,g4h4 g2e4 h4e4 c3e4 g7e5 e4f6 e5f6 f1f6 h7g7 f6a6,520
r1b1kbnr/ppp2p1p/n7/3NP1p1/3P4/4B1q1/PPP3B1/R2Q2KR b kq -,c7c6 e3f2 g3g4 d5c3 g4d1 a1d1 c8g4 d1d2 g4e6 d4d5,-353
2r1r1k1/1N3pp1/p2p3p/4p3/2BnP3/3P1P1P/PPP2P2/R4RK1 b - -,e8e6 c4e6 d4e6 b7d6 c8c2 d6c4 f7f6 g1h2 e6f4 c4e3,501
r4rk1/1b2bppp/ppnqp3/3N4/P1BP4/4BN2/1P1Q1PPP/R4RK1 b - -,b6b5 d5e7 c6e7 c4e2 b5a4 a1a4 f8c8 a4a5 h7h6 a5c5,427
r1b5/pp4pk/2n1p3/3p4/3P1q1B/5P2/PP3PKb/2RQ3R b - -,c8d7 h4g3 f4f5 h1h2 h7g8 h2h4 a8f8 d1b3 f8f6 c1h1,319
r1bqkb1r/p4pp1/2n2n1p/3p4/4p3/2NP2PN/PP2PP1P/R1BQKB1R b KQkq -,f8b4 a2a3 b4c3 b2c3 e8h8 f1g2 c8f5 e1h1 f8e8 d3e4,-42
r4k2/pp3pb1/2p2n1p/6p1/8/2NP4/PP3PPP/3RR1K1 b - -,a8b8 e1e2 b8d8 d3d4 f6d5 g1f1 d5b6 c3e4 b6d5 e4g3,259
1r1r1bkQ/8/7p/8/p2B1PP1/2P5/PP5P/5RK1 b - -,a8b8 e1e2 b8d8 d3d4 f6d5 g1f1 d5b6 c3e4 b6d5 e4g3,Mate
8/1q3pk1/2Q1p1p1/3n4/2R3N1/2P3P1/P4PKP/1r6 b - -,b7b8 c4c5 b8b2 c5d5 b2e2 d5d6 e2g4 d6d2 b1a1 h2h4,84
r1bq1rk1/1p3ppp/pbp5/3B4/3P4/1Q3N2/P4PPP/R1B1R1K1 b - -,c6d5 c1a3 b6c7 a3e7 d8d7 e7f8 g8f8 a1c1 c7d6 f3e5,252
4rrk1/1b3pbp/pp1p2p1/2pP4/2Q1qB2/PP3B1P/5PP1/R4RK1 b - -,b7d5 c4d5 e4f4 g2g3 f4h6 a1e1 h6h3 e1e8 f8e8 d5c6,-218
8/4R3/8/6P1/4k3/PP2Pb2/7r/5K2 b - -,e4d5 g5g6 h2g2 g6g7 d5d6 e7a7 f3d5 b3b4 d6c6 a3a4,35
8/5pk1/1N3p2/2n1pP1p/p5PP/P4K2/8/8 b - -,h5g4 f3g3 c5e4 g3g4 e4c3 g4f3 g7h6 f3g4 e5e4 b6c4,-1
r1bq1rk1/1pp2ppp/p1n2n2/2bpp1B1/B3P3/2PP1N2/PP3PPP/RN1Q1RK1 b - -,a8b8 b1d2 b7b5 e4d5 d8d5 a4c2 d5d6 f1e1 c8f5 a2a4,53
2r2rk1/1b2q2p/pp2pb2/3p1p2/1PPN2p1/P3P1P1/Q2RBPP1/3R2K1 b - -,f6g7 d2c2 h7h5 c4d5 b7d5 e2c4 d5c4 c2c4 c8c4 a2c4,54
rn1qk2r/ppp2ppp/5n2/3p3b/1b1P1B2/P1N2N1P/1PP2PP1/R2QKB1R b KQkq -,h5f3 d1f3 b4a5 e1a1 e8h8 g2g4 a5c3 f3c3 f6e4 c3e3,92
8/r7/1R3k2/7p/7P/6K1/8/8 b - -,,0
r1b1k1nr/pppp1ppp/5q2/3P4/4P3/3B4/PB1Q1PPP/5RK1 b kq -,f6g6 d5d6 g8h6 d6c7 e8h8 f1d1 d7d6 e4e5 c8f5 d3f5,-167
r1k4r/p1p1b2p/1pn1p3/4pp2/2P3P1/2N1P3/PP2BP1P/2KR3R b - -,h8g8 g4f5 e6f5 e2h5 c8b7 h5f7 g8g2 h1f1 a8f8 f7d5,78
2r2nk1/p1r2pp1/8/p2Pp2p/1b2P2B/1P3PNP/2R3P1/3Q3K b - -,f8g6 c2c7 c8c7 h4g5 f7f6 g5e3 g6e7 g3h5 b4d6 h1h2,531
1n3k2/rbRp3p/1p2p3/1P3p2/1P6/Pn1B1P2/6PP/3R2K1 b - -,b7f3 c7a7 f3d1 a7b7 b8c6 b5c6 d7c6 b7b6 b3d4 b4b5,460
1r4k1/5p2/7p/Rp2b3/5p2/8/PP1B2KP/8 b - -,g8h7 g2f3 e5b2 d2f4 b8b6 a2a4 b5a4 a5a4 h7g6 f3g2,-17
r1b2rk1/1pp2ppp/p1nq1n2/2bpp1B1/B1P1P3/3P1N2/PP3PPP/RN1Q1RK1 b - -,d5e4 d3e4 f6e4 g5e3 c5e3 f2e3 d6c5 d1e1 c5c4 a4b3,-188
5Q2/8/4q3/6K1/2kp4/8/2P5/8 b - -,,0
8/6pk/P6p/3bpp2/8/6P1/3r3P/R4BK1 b - -,e5e4 a1a5 e4e3 a6a7 d5a8 a5e5 d2a2 e5e3 a2a7 f1d3,-9
r1b4r/pp2Qkpp/8/3N1q2/3pn3/8/PP3PPP/4RRK1 b - -,f7g6 e1e4 f5d5 e4e5 d5e5 e7e5 h7h5 e5g3 g6h7 g3d3,Mate
1r4k1/3b1ppp/3p4/3P4/8/3B4/qP1QKPPP/1R6 b - -,g7g6 e2f1 a2d5 d2c2 b8b4 b1a1 d7e6 f1g1 d5e5 c2c3,-57
5rk1/p2q1ppp/Q1n1pn2/1N1p4/3P4/8/PrP1NPPP/R1R3K1 b - -,c6b8 a6a7 d7b5 a7a3 b8c6 h2h3 b2b4 a3d3 b5a5 a2a3,-431
rn1qk2r/ppp2ppp/5n2/3p3b/3P1B2/P1P2N1P/2P2PP1/R2QKB1R b KQkq -,e8h8 g2g4 h5g6 f1g2 f6e4 e1h1 b8c6 c3c4 d5c4 f1e1,-46
r2qkb1r/p4pp1/2n2n1p/3p4/4P1b1/2N3PN/PP2PP1P/R1BQKB1R b KQkq -,d8a5 e4d5 a8d8 h3f4 g7g5 c1d2 c6e5 c3e4 a5b6 e4f6,230
8/5pk1/1N3p2/2n2P1p/p5PP/P3pK2/8/8 b - -,h5g4 f3e3 g7h6 e3f4 h6h5 f4g3 c5e4 g3g2 e4c3 g2g3,-398
r4b1r/pp1k2p1/2p4p/1q2PnB1/2N3b1/1BPQ1N2/PP4PP/2K4R b - -,d7c7 g5f4 a8d8 d3e4 f8e7 c4d6 e7d6 e5d6 c7b6 f3e5,222
3k4/1n1n1r2/Np1p4/3PpN2/2p1P3/4P1K1/PPP3P1/8 b - -,d7f6 g3f3 f7f8 f5h6 f6h7 f3e2 h7g5 h6f5 g5e4 g2g4,-404
1r6/5p1k/7p/Rp2b3/5p2/2B5/PP4KP/8 b - -,f7f6 a5a6 b5b4 c3e5 f6e5 a6e6 b8b5 g2f3 h7g7 f3e4,-19
r1bq1rk1/1p3ppp/pb6/3p4/3P4/BQ3N2/P4PPP/R3R1K1 b - -,b6c7 a3e7 d8d7 e7f8 g8f8 a1c1 c7d6 f3e5 d7b5 b3f3,273
r1b1k1nr/pppp1ppp/6q1/3PP3/8/3B4/PB1Q1PPP/5RK1 b kq -,g6h6 d2d1 g8e7 d5d6 c7d6 e5d6 h6d6 f1e1 e8d8 b2e5,-247
r1b2rk1/1pp2ppp/p1Bq1n2/2b1p1B1/2PpP3/3P1N2/PP3PPP/RN1Q1RK1 b - -,h7h6 g5f6 d6f6 c6a4 g7g5 f3e1 g5g4 f2f3 g4g3 h2g3,328
8/5pk1/1N3p2/2n2P2/p5pP/P3K3/8/8 b - -,g7h6 e3f4 h6h5 f4g3 c5e4 g3h2 e4c3 h2g3 c3e2 g3f2,-505
rnbqk1nr/pppp1ppp/1b6/8/1PBPP3/8/P4PPP/RNBQK1NR b KQkq -,d7d6 g1e2 g8f6 b1c3 e8h8 a2a4 a7a5 b4b5 f6e4 c3e4,80
r1b3k1/pp4pB/2n1p3/3p4/3P1q1B/5P2/PP3PKb/2RQ1R2 b - -,g8h8 h4g3 f4d4 d1d4 c6d4 h7g6 h2g3 f2g3 d4c6 g6e8,378
r2qkb1r/p4pp1/2n2n1p/8/3pP1b1/6PN/PP2PP1P/RNBQKB1R b KQkq -,c6b4 a2a3 d8a5 c1d2 d4d3 a3b4 a5a1 h3f4 d3e2 f1e2,-68
r1n1rbk1/2qb1p2/p2p1npp/P1pPp3/1pP1P1P1/1P3NNP/2B2PK1/R1BQR3 b - -,a8a7 e1h1 c8e7 c1e3 f8g7 g4g5 h6g5 f3g5 e8f8 d1d2,131
r4k2/pp5p/5B2/8/2B5/P1N4P/P4P1P/3RR1K1 b - -,a8a7 e1h1 c8e7 c1e3 f8g7 g4g5 h6g5 f3g5 e8f8 d1d2,Mate
r1br1nk1/p3b3/2n1pP1p/q1pp3N/1p1P3P/2P2N2/PP1Q1PP1/RB3RK1 b - -,e7d6 d2h6 a5c7 b1g6 d8d7 f3g5 b4c3 b2c3 c5d4 f6f7,679
1rq2rk1/pp1bbppp/2np1n2/2p5/4PNP1/2NPB2P/PPP3B1/R2Q1RK1 b - -,h7h6 a2a4 c8d8 d1d2 d7e6 f4d5 e6d5 e4d5 c6e5 b2b3,28
r1b2rk1/1pq2ppp/pbp5/3n2B1/2BP4/1Q3N2/P4PPP/1R2R1K1 b - -,b6a5 e1c1 c7d6 c4d3 a5d8 g5d8 d6d8 c1e1 a6a5 f3e5,-78
rn1q1rk1/ppp2ppp/5n2/3p3b/3P1B2/P1PB1N1P/2P2PP1/R2QK2R b KQ -,f8e8 f4e3 b8d7 e1h1 f6e4 c3c4 d7b6 g2g4 h5g6 c4c5,-71
r4b1r/ppk3p1/2p4p/1q2PnB1/2N3b1/1BPQ1N2/PP4PP/2KR4 b - -,a8c8 h2h3 g4f3 g5f4 f3d5 d3f5 d5c4 f5d7 c7b8 e5e6,137
rnbqk2r/pppp1ppp/1b3n2/8/PPBPP3/8/5PPP/RNBQK1NR b KQkq -,a7a6 a4a5 b6a7 e4e5 d7d5 c4b3 f6e4 c1e3 b8c6 g1e2,66
8/5p2/1N3p1k/2n2P2/p4KpP/P7/8/8 b - -,h6h5 f4g3 c5e4 g3g2 e4c3 g2g3 c3e2 g3f2 e2d4 b6a4,-578
8/3R1k2/r7/5K1p/7P/8/8/8 b - -,,0
r3kb1r/p4pp1/1qn2n1p/8/3pP1b1/5PPN/PP1BP2P/RN1QKB1R b KQkq -,a8b8 b1a3 f8a3 b2a3 g4d7 d2f4 b8b7 h3f2 e8h8 f1g2,106
r1b1r1k1/1p2qpbp/p1pp2p1/PP3p2/2PPn3/2NQP1P1/4NPBP/R4RK1 b - -,c8e6 e2f4 a6b5 c4b5 d6d5 a5a6 c6b5 f4d5 e6d5 c3d5,135
8/8/PR4pp/6k1/5p2/5P2/r5P1/6K1 b - -,,0
r1bqkbnr/pp3ppp/2n1p3/1BpP4/5P2/2N2NP1/PPPP3P/R1BQK2R b KQkq -,e6d5 f3e5 d8d6 d2d4 c5d4 d1d4 f7f6 e5c6 b7c6 b5a4,29
rnbqk2r/1p3ppp/p4n2/4N3/8/2BQ4/PPP2PPP/R3K2R b KQkq -,e8h8 e1a1 d8d3 e5d3 f6d5 c3e1 b8c6 b2b3 c8e6 d3c5,-327
rnb2r2/pp2kppp/2pb1n2/4p1N1/P1B1P3/2N5/1PP2PPP/R1B2RK1 b - -,b8d7 a4a5 h7h6 g5f3 d7c5 f1e1 c8e6 b2b4 e6c4 b4c5,1
r3kb1r/p4pp1/2n2n1p/8/3pP1b1/5PPN/Pq1BP2P/RNQ1KB1R b KQkq -,b2b5 f3g4 c6e5 f1g2 b5a6 e1h1 a8c8 c1e1 f8d6 h3f2,244
8/5Q2/8/3k4/4n3/8/8/3K4 b - -,b2b5 f3g4 c6e5 f1g2 b5a6 e1h1 a8c8 c1e1 f8d6 h3f2,Mate
r1bk1b1r/1p1n2pp/2p2p2/p1n1p3/2P1P3/P1N1BN2/1PB2PPP/R4RK1 b - -,a5a4 f1d1 d8c7 f3e1 h7h5 e1d3 b7b6 a1c1 g7g5 h2h3,-60
6k1/1p3p1p/pq2p1p1/3nP3/4NP2/P6P/1P1Q2PK/8 b - -,,0
2k1rb1r/pppb2pp/2np1q2/3B4/5P1P/2P1BQ2/PP1N1P2/R3K2R b KQ -,f6g6 d5e4 g6f7 h4h5 f8e7 a2a3 c6a5 e4d5 d7e6 d5e6,-24
8/8/3kb3/1Q6/8/2K5/8/8 b - -,f8e7 h4h5 c8b8 e1a1 f6f5 h1g1 e7f6 d2e4 e8e7 e4f6,Mate
r4rk1/1pq2ppp/p1p5/b2n2B1/2BP3P/1Q3P2/P3RP2/1R4K1 b - -,h7h6 c4d5 h6g5 d5c4 g5h4 e2e4 b7b5 c4d3 c7d8 g1g2,-119
5r2/p7/bp4kp/3p2p1/3P2P1/PPRnPP2/5PK1/3R4 b - -,g6f6 c3c6 f6g7 c6c7 f8f7 c7c3 g7f6 g2g3 f7h7 c3d3,335
rn1qr1k1/ppp2ppp/5n2/3p3b/3P4/P1PBBN1P/2P2PP1/R2QK2R b KQ -,b8d7 e1h1 f6e4 c3c4 d7b6 c4c5 b6c4 d3c4 d5c4 g2g4,-66
8/8/8/4qQK1/2kp4/8/2P5/8 b - -,,0
r6k/pppbb1pp/3p2q1/4p3/8/2PB1N2/PPQ2PPP/4R2K b - -,g6h5 c3c4 a8f8 h1g1 a7a6 d3e4 c7c6 e1e3 d7e6 c2b3,-89
r3R1k1/1pq2ppp/p1p5/b2n2B1/2BP3P/1Q3P2/P4P2/1R4K1 b - -,a8e8 c4d5 c6d5 b3d5 a5b6 h4h5 h7h6 g5h4 c7f4 h4g3,5
r1br1nk1/p7/2nbpP1Q/q1pp3N/1p1P3P/2P2N2/PP3PP1/RB3RK1 b - -,d8d7 f3g5 a5c7 b1g6 d6f4 h5f4 c7f4 f6f7 f4f7 g5f7,698
r2qr1kb/pp1npp1p/2p3p1/3pN3/2PPbB2/6P1/PP1QPPBP/R2R2K1 b - -,h8e5 d4e5 e4g2 g1g2 d7b6 c4c5 b6d7 e2e4 d7c5 e4d5,32
4rrk1/5p1p/p1pb4/1p1n1bpq/P2P4/1BP3P1/1P1N1P1P/R1B1RQK1 b - -,f5h3 b3d1 h5h6 f1e2 e8e2 e1e2 h6g6 a4b5 a6b5 e2e1,-457
rn3r2/pp2kppp/2pb1n2/4p1N1/P1B1PPb1/2N5/1PP3PP/R1B2RK1 b - -,h7h6 f4e5 d6e5 g5f3 b8d7 f3e5 d7e5 b2b3 f8d8 c1a3,44
7r/3n1ppp/1pkb1n2/8/8/4BN2/PPP2PPP/2KRR3 b - -,b6b5 f3d4 c6b7 d4b5 d6h2 e3d4 f6g4 c1b1 d7e5 d4e5,579
8/8/8/5K2/2kp4/8/2P5/8 b - -,,0
8/5p2/5p2/2nN1P1k/p4KpP/P7/8/8 b - -,h5h4 d5c3 h4h3 c3e2 c5d3 f4e3 d3e5 e2f4 h3h2 e3d2,-862
8/6pk/P6p/1B1b1p2/4p3/6P1/3r3P/R5K1 b - -,g7g5 a6a7 d5a8 a1c1 e4e3 b5c6 e3e2 c6a4 f5f4 a4b3,-212
r4rk1/2p2pp1/p1pq1B1p/2b1p3/2PpP1b1/3P1N2/PP1N1PPP/R2QR1K1 b - -,g7f6 h2h3 g4d7 d2f1 a8b8 f1g3 b8b2 f3h4 f8b8 h4f5,152
4rrk1/1b3p1p/pp1p2p1/2pP4/2P2B2/P4B1P/5PP1/R5K1 b - -,e8d8 a3a4 b6b5 c4b5 a6b5 a4b5 d8d7 b5b6 f8a8 a1e1,-217
8/8/8/8/3pK3/2k5/2P5/8 b - -,,0
8/5Q2/8/4k3/4n3/3K4/8/8 b - -,c3c2 e4d4 c2b3 d4d5 b3c3 d5c5 c3d3 c5c6 d3e3 c6b7,Mate
1n3rk1/p2q1ppp/4pn2/1N1p4/3P4/Q7/PrP1NPPP/R1R3K1 b - -,b2b5 c2c4 b5b7 e2f4 d5c4 c1c4 b8c6 a1d1 c6d4 a3e3,-457
6k1/ppp1R1pp/3p4/8/3p1r2/1PP5/P4PPP/6K1 b - -,g8f8 e7e2 d4c3 e2c2 b7b5 c2c3 c7c5 g1f1 a7a5 c3h3,-280
1rk5/2p2p1p/2p1pp2/8/5Q2/3P1qBb/2K4P/2R4R b - -,f3g3 f4g3 b8b5 g3h3 h7h5 h1g1 c8d7 g1g7 d7e8 h3f3,763
r4rk1/pR3p2/2p4p/3pP1q1/4p2p/4P2Q/P1P2PP1/5RK1 b - -,a8e8 f2f4 e4f3 h3f3 g5g7 b7a7 e8e5 a7a4 f8e8 a4a7,-14
2r2nk1/p4pp1/8/p2Pp1Bp/1b2P3/1P3PNP/2r3P1/3Q3K b - -,c2a2 d5d6 f8d7 g3e2 c8c6 d1f1 b4d6 f1d1 d7f8 d1d5,-157
rn1qkbnr/pp2ppp1/2p4p/5b2/2B5/2N2N2/PPPP1PPP/R1BQK2R b KQkq -,g8f6 d2d4 b8d7 c4d3 f5d3 d1d3 e7e6 c1d2 a7a5 a2a4,-4
r2q1rk1/pp2bppp/2n2n2/2pp1b2/8/PP1P1NP1/1B1NPPBP/R2Q1RK1 b - -,a8c8 d3d4 b7b6 a1c1 f8e8 e2e3 h7h6 f3e5 c6e5 d4e5,-38
r2qkb1r/ppp1pppp/2npbn2/1B6/4P3/3P1Q2/PPP2PPP/RNB1K1NR b KQkq -,g7g6 b5c6 b7c6 b1c3 f8g7 f3g3 a7a5 f2f4 a5a4 a2a3,-16
rn3r2/pp2kpp1/2pb1n1p/4P1N1/P1B1P1b1/2N5/1PP3PP/R1B2RK1 b - -,h6g5 e5d6 e7d6 e4e5 d6e5 c1g5 e5d6 g5f6 g7f6 c3e4,306
4r1k1/1Qq2ppp/p1p5/b2n2B1/2BP3P/5P2/P4P2/1R4K1 b - -,,0
r2qr1k1/pppn1ppp/5n2/3p3b/3P4/P1PBBN1P/2P2PP1/R2Q1RK1 b - -,f6e4 c3c4 d7b6 g2g4 h5g6 c4c5 b6c4 d3c4 d5c4 f3e5,-84
r7/1pp2Nk1/p1n5/2b1pp2/8/1BP3PP/PP4PK/4R3 b - -,a8b8 e1f1 e5e4 f1f5 e4e3 b3c4 c5a7 f7g5 b8e8 f5f1,223
5rk1/2p3b1/3p3p/p1pPp1p1/2P1Nr2/5P2/PP4PP/3R1RK1 b - -,g8f7 g2g3 f4f5 g3g4 f5f4 d1d3 f8b8 d3b3 b8b3 a2b3,45
r3kb1r/2pq1ppp/p1n5/1p1p4/3Pp3/1BP5/P1P2PPP/R1BQ1RK1 b kq -,c6a5 a2a4 a5b3 c2b3 b5b4 c3c4 f8d6 c4c5 d6e7 a4a5,-114
1n3k2/rbRp3p/1p2p3/1P3p2/PP1n4/3B1P2/6PP/3R2K1 b - -,e6e5 a4a5 b6a5 b5b6 b8a6 c7d7 a7a8 d7b7 a5b4 b7a7,506
r1b1k2r/ppppb1pp/6q1/4Q3/8/5N2/PPPP1PPP/R1B2RK1 b kq -,e8h8 e5e7 f8f3 d2d3 f3f8 e7c5 d7d6 c5c7 c8g4 f2f4,161
r2k3r/p1q2p2/bp4p1/n1pPP1B1/Q1P1P2p/P1P4P/6P1/R4RK1 b - -,c7e7 f1f7 h8e8 g5e7 e8e7 f7f8 d8c7 d5d6 c7b7 d6e7,5263
r2qr1kb/pp1npp1p/2p3p1/3pN3/2PP1B2/6P1/PP1QPPKP/R2R4 b - -,f7f6 e5d7 d8d7 c4d5 d7d5 g2g1 a7a5 d2c2 f6f5 a2a4,20
r1bqk2r/1p1pnpbp/p1n1p1p1/3P4/2B1P3/2N1BN2/PP3PPP/R2QK2R b KQkq -,b7b5 c4b3 c6a5 d5e6 f7e6 b3e6 d7e6 d1d8 e8d8 e3b6,101
r2qk2r/ppbn1ppp/2p1pn2/2Pp4/1P1P4/2NQPN2/P4PPP/R1B2RK1 b kq -,e6e5 f3e5 d7e5 d4e5 c7e5 a1b1 e8h8 c3e2 f6d7 d3c2,2
rnbqkb1r/pppp1p1p/5P2/6p1/5p2/5N2/PPPPQ1PP/R1B1KB1R b KQkq -,f8e7 f6e7 d8e7 e2e7 e8e7 f3g5 b8c6 c2c3 h8e8 g5f3,483
r3r1k1/pp3ppp/1bp5/2P4b/5B2/3B4/PP3PPP/2R2RK1 b - -,,0
r1b4r/pp2Q1pp/6k1/3N1q2/3pR3/8/PP3PPP/5RK1 b - -,h7h5 e4e5 h8f8 e5f5 c8f5 h2h4 g6h7 e7g5 f8f7 g5h5,542
1r3rk1/2p2pp1/p1p2q1p/4p3/PbPpP1b1/3P1N2/1P1NRPPP/1R1Q2K1 b - -,b4d2 e2d2 f6f4 b2b4 f7f5 d2b2 f5e4 d3e4 f4e4 f3d2,-239
r4r2/pp1nkpp1/2p2n1p/4N3/P1B1P1b1/2N5/1PP3PP/R1B2RK1 b - -,a7a5 e5d3 g4e6 c4e6 f7e6 b2b3 f6g4 c1a3 c6c5 d3c5,550
r7/1pp2N2/p1n2k2/2b1pp2/8/1BP3PP/PP4PK/5R2 b - -,a6a5 f7h6 f5f4 g3f4 f6g6 h6f7 e5f4 f1f4 c5e3 f4f3,282
8/P7/6R1/7p/5p1k/5P2/r5P1/6K1 b - -,,0
rnbq1rk1/ppp2ppp/5n2/2bP4/2P1PP2/2N5/PP4PP/R1BQKBNR b KQ -,c7c6 f1e2 c6d5 c4d5 c5b4 d1d4 d8b6 d4b6 b4c3 b2c3,81
r1b1k2r/ppp1b1pp/3p2q1/1Q6/8/5N2/PPPP1PPP/R1B2RK1 b kq -,c8d7 b5b7 e8h8 d2d3 d7g4 f3d4 e7f6 b7d5 g6f7 d5f7,119
r1b1kb1r/4pppp/pnpq4/8/3P4/5N2/PP3PPP/RNBQ1RK1 b kq -,c8e6 f1e1 g7g6 b2b3 f8g7 c1a3 d6d7 b1c3 e8h8 a3c5,53
rn3r2/pp2kpp1/2p2n1p/4b3/P1B1P1b1/2N2N2/1PP3PP/R1B2RK1 b - -,f6d7 c3d1 e5d6 d1e3 g4e6 c1d2 a7a5 c4e6 f7e6 e3c4,78
3r1rk1/p1q1bppb/1p2p2p/2p2n2/1P3PN1/P1BP2PP/2P2QB1/4RR1K b - -,c5b4 c3b4 e7c5 b4c5 c7c5 f2c5 f5g3 h1g1 b6c5 f1f2,-90
r1b2nk1/p2r4/2nbpP1Q/q1pp2NN/1p1P3P/2P5/PP3PP1/RB3RK1 b - -,a5d8 b1g6 d8c7 f2f4 b4c3 f4f5 d7f7 g6f7 c7f7 g5f7,775
r1k4r/p1q2p2/bp1P2p1/n1p1P1B1/Q1P1P2p/P1P4P/6P1/R4RK1 b - -,c8b7 d6c7 a6c4 f1f7 c4f7 a4d7 a8c8 d7f7 a5c6 e5e6,656
rnb1k2r/ppppQp1p/8/6p1/5p2/5N2/PPPP2PP/R1B1KB1R b KQkq -,e8e7 f3g5 b8c6 c2c3 d7d6 d2d4 c8f5 e1f2 e7d7 g5h3,476
r3r1k1/1p1bqpbp/p1Pp2p1/P4p2/2PPn3/2NQP1P1/4NPBP/R4RK1 b - -,d7e6 c6b7 e7b7 c3e4 f5e4 g2e4 b7c8 e4a8 c8a8 e2f4,375
8/5k2/8/3R2KP/r7/8/8/8 b - -,,0
6k1/1Qq2ppp/p1p5/b2n2B1/2BP3P/5P2/P4P2/4R1K1 b - -,d5f6 b7a8 c7d8 a8d8 a5d8 g5f6 g7f6 e1e8 g8g7 e8d8,9605
r4qk1/1pp1nrbp/p2p2p1/2nPp1BP/1PP1PpB1/2N3P1/P2Q1P2/R4RK1 b - -,g7h6 g5h6 f8h6 b4c5 g8h8 c5d6 c7d6 a1b1 e7g8 c4c5,251
8/4k1p1/4q2p/Q7/8/7P/P5P1/6K1 b - -,,0
2k1rb1r/pppb2pp/2np1q2/3B4/5P2/2P1BQ2/PP1N1P1P/2KR3R b - -,f6h4 d2b3 f8e7 b3d4 c6d8 f4f5 h8f8 f3g2 c7c6 d5f3,-33
rnbq1rk1/1p3ppp/p4n2/4N3/8/2BQ4/PPP2PPP/2KR3R b - -,d8d3 e5d3 f6d5 c3e1 b8c6 b2b3 c8e6 d3c5 b7b6 c5e6,-329
r2br1k1/pp3ppp/2p5/2P4b/8/3BB3/PP3PPP/2R2RK1 b - -,d8f6 h2h3 a8d8 d3c2 g7g5 b2b4 a7a6 a2a4 g8g7 g2g4,-14
6k1/2p1B2p/1p4pb/8/N3P3/P4PP1/1P4KP/3r4 b - -,d1d4 e7b4 c7c5 a4c5 b6c5 b4c3 d4a4 g2f2 g8f7 f2e2,-385
2R5/4r1kp/p2p1p2/8/1P3KbP/8/8/8 b - -,d1b1 e7f6 h6f8 b2b4 b1b3 g3g4 b6b5 a4c3 c7c6 c3e2,Mate
r3k2r/2pqnppp/p2b4/1p1p4/3PpP2/1BP5/P1P1Q1PP/R1B2RK1 b kq -,c7c6 a2a4 e8h8 g2g4 e7g6 f4f5 g6h4 f1f2 h4f3 g1h1,-260
r1b4r/pp2Q1pp/6k1/3qR3/3p4/8/PP3PPP/5RK1 b - -,h7h6 e5d5 c8f5 d5f5 a8e8 e7b7 g6h7 f5f7 h8g8 b7d5,904
1r4k1/2p2pp1/p1pb1q1p/4p3/PrPpP1b1/1P1P1N1P/3N1PP1/1R1QR1K1 b - -,g4d7 g1f1 b4b7 f1e2 d6b4 e1h1 b4c3 d1c1 a6a5 g2g4,-107
rnb4r/ppppkp1p/8/6N1/5p2/8/PPPP2PP/R1B1KB1R b KQ -,b8c6 c2c3 h8e8 g5f3 d7d6 d2d4 c8f5 e1f2 e7d7 f1c4,474
2kr3r/ppp2ppp/2nb4/8/4P3/5N1q/PPP1BP2/R1BQ1RK1 b - -,h8e8 e4e5 h3g4 g1h1 d6e5 f3e5 g4h3 h1g1 c6e5 c1f4,-528
1n3k2/rbRp3p/1p6/PP2pp2/1P1n4/3B1P2/6PP/3R2K1 b - -,f8e8 a5b6 e8d8 b6a7 d8c7 d1c1 b8c6 b5c6 d7c6 g1h1,589
2r2rk1/pp2bp2/3p1n1p/4p1p1/4P3/2N2P2/PPP2BPP/R4RK1 b - -,,0
1r1qr1k1/3bpp1p/2np2pB/1pp1bP2/1P2P3/3P2PP/P2QN1BK/1R3R2 b - -,c5b4 d3d4 e5f6 h3h4 b8a8 f5g6 h7g6 h4h5 d8b6 f1f6,12
8/4k1p1/7p/Q7/5q2/7P/P5P1/4K3 b - -,,0
r1b1k2r/pp2b1pp/2pp2q1/8/8/1Q3N2/PPPP1PPP/R1B2RK1 b kq -,a7a5 f1e1 a5a4 b3e3 e8h8 e3e7 f8f3 d2d3 h7h6 e7e8,97
rnb2rk1/1p3ppp/p4n2/8/8/2BN4/PPP2PPP/2KR3R b - -,f6d5 c3e5 b8c6 d3c5 d5e3 e5g7 e3d1 g7f8 d1f2 h1f1,-336
8/8/1p6/p1pk1pP1/P2p1K2/1P6/8/8 b - -,d5e6 f4f3 e6f7 f3g3 d4d3 g3f4 f7g6 f4e3 g6g5 e3d3,-984
r2qr1k1/pp1n1ppp/2p2n2/3p2Bb/3P4/P1PB1N1P/2P2PP1/R2Q1RK1 b - -,d8c7 g2g4 h5g6 d1c1 f6e4 g5f4 c7d8 f1e1 e4c3 e1e8,-89
2r2nk1/p1r2pp1/8/p2Pp2p/1b2P2B/1P3PNP/R1p3P1/2Q4K b - -,b4d2 c1d2 c2c1q h1h2 c1d2 a2d2 c7c2 g3f5 c2d2 f5e7,-271
r3k2r/2pqnppp/p2b4/1p1p3Q/3PpP2/1BP5/P1P3PP/R1B2RK1 b kq -,g7g6 h5h4 d7e6 a2a4 e8d7 h4f2 h7h5 c1a3 e7f5 a3c5,-267
2Q3k1/pp3pp1/1q3b1p/2nr4/2P5/1P3NN1/P5PP/5R1K b - -,f6d8 c4d5 c5d3 g3e4 d3f4 d5d6 f4d5 c8c5 d5e3 c5b6,573
r3kb1r/1p1qpppp/p1n2n2/3p4/B2P1Bb1/1QP5/PP3PPP/RN2K1NR b KQkq -,b7b5 a4b5 a6b5 a2a4 e7e5 d4e5 f6e4 g1f3 e4c5 b3d1,-409
8/r4p2/5RP1/3k3K/4p3/8/8/8 b - -,f7g6 h5g6 e4e3 f6f8 a7e7 g6f6 e7e6 f6f5 e6e5 f5f4,-470
r4qk1/1ppnnr1p/p2p1bP1/3PppB1/2P1P3/2N2BP1/PP1Q1P2/R4RK1 b - -,f5f4 g6f7 f8f7 g5f6 d7f6 g1g2 a8f8 f1h1 e7g6 g3g4,425
3r1rk1/pbp1qpp1/1p1p1n1p/7P/4P1P1/2N2P2/PPP1B3/2KR2QR b - -,e7e5 g1d4 f8e8 d4e5 e8e5 e2c4 g8f8 b2b4 d8e8 c1b2,26
r2q1rk1/1b1nbppp/1p1p4/pBpPp2n/P3P3/1PP2N2/1B1N1PPP/R2QR1K1 b - -,h5f4 g2g3 f4h3 g1g2 h3g5 d2c4 g5f3 d1f3 f7f5 e4f5,139
r4rk1/pb3ppp/1pnqpn2/2pp4/3P1P2/2PBP2N/PP1NQ1PP/R4RK1 b - -,c6e7 d2f3 f6e4 g2g4 c5d4 e3d4 f7f6 a1e1 e7g6 e2e3,-6
7r/3n1ppp/1pkb4/8/3Nn3/4B3/PPP2PPP/2KRR3 b - -,c6c7 d4b5 c7c6 b5d6 e4d6 e3f4 d6c8 a2a4 d7c5 b2b3,585
2b2rk1/R4pp1/5n1p/p7/1b1pP3/3P1PP1/P3BK1P/1R6 b - -,c8e6 a2a3 b4d2 e2d1 h6h5 h2h4 f8c8 d1b3 c8b8 b3a2,-29
r1bqkb1r/pp2nppp/2n1p3/2pp4/2P1P3/2NP3P/PP2NPP1/R1BQKB1R b KQkq -,d5d4 c3b1 e6e5 g2g3 e7g6 h3h4 f8e7 b1d2 g6f8 f1g2,-96
r4r2/pp2kpp1/2p1bn1p/4n3/P3P3/1BN1B3/1PP3PP/R4RK1 b - -,f8d8 e3c5 e7e8 b3e6 f7e6 c5e3 e8e7 a4a5 f6d7 b2b3,31
r2q1rk1/1b1nbppp/1p1p4/pBpPp3/P1N1Pn2/1PP2N2/1B3PPP/R2QR1K1 b - -,a8b8 b2c1 f4g6 h2h4 d7f6 g2g3 b7c8 f3h2 f6e8 h4h5,160
3r1rk1/p1q1bppb/1p2p3/2p2n1p/1P3P2/P1BPN1PP/2P2QB1/4RR1K b - -,f5d4 g3g4 h5g4 h3g4 d8d7 b4b5 c7d8 g4g5 e6e5 e3g4,-53
1r4k1/2p3b1/3p3p/p1pPp1p1/2P1Nr2/1P3P2/P5PP/3R1RK1 b - -,b8a8 g2g3 f4f7 d1b1 g8h7 g1g2 a8f8 e4c3 h7g6 b1e1,29
2r2nk1/p1r2pp1/8/p2Pp2p/4P2B/1P3PNP/R1pQ2P1/7K b - -,c2c1b d2a5 c7c5 a5a7 c8c7 a7b6 f8d7 b6a6 c1f4 a2a1,384
8/2R5/7k/5K1P/r7/8/8/8 b - -,,0
5k2/2N2pp1/6rp/p2Bp3/4P3/3P1n1P/PPP2P2/R4R1K b - -,g6g5 f1g1 f3g1 a1g1 g5g6 g1g6 f7g6 d5c4 a5a4 c7d5,706
8/8/3Q4/3n4/2k5/8/4K3/8 b - -,d5b4 e2e3 c4b5 e3d4 b4c6 d4c3 c6a5 d6b4 b5a6 b4c5,9605
2b1r1k1/5ppp/3p4/3P4/8/3B4/qP1Q1PPP/3KR3 b - -,a2a1 d1c2 e8e1 d2b4 a1b1 c2c3 e1c1 c3d4 c1d1 b4b5,-944
8/2Q1k1p1/7p/8/8/7P/P5q1/3K4 b - -,,0
4rrk1/1b2qpbp/pp1p2p1/2pP4/2n1NB2/PP1B3P/2Q2PP1/R4RK1 b - -,c4e5 a1e1 b7d5 d3a6 d5c6 a3a4 e7d8 a6e2 d6d5 e4d2,-228
4r1k1/1Q3ppp/p1pq4/b2B2B1/3P3P/5P2/P4P2/1R4K1 b - -,,0
1r4k1/2p2pp1/2pbbq1p/p3p3/PrPpP3/1P1P1NPP/3NQP2/1R2R1K1 b - -,e6h3 c4c5 d6c5 d2c4 b4b3 b1b3 b8b3 f3e5 c5b4 e1d1,-199
r3r1k1/pR3p2/2p4p/3pPQ2/4pP1p/4P1q1/P1P3P1/5RK1 b - -,g3g6 f5g6 f7g6 a2a4 e8b8 f1b1 b8b7 b1b7 a7a5 b7c7,29
3r2k1/pp3pp1/1q3b1p/2n5/2P3Q1/1P3NN1/P5PP/5R1K b - -,f6b2 g3e4 b6c7 e4c5 c7c5 g4f4 c5c6 f4e3 a7a6 e3f4,-55
5rk1/R4pp1/4bn1p/p7/1b1pP3/P2P1PP1/4BK1P/1R6 b - -,b4c5 a7a5 c5d6 b1c1 f6d7 f3f4 g7g6 c1c6 d6e7 a3a4,122
8/8/3Q4/8/2k5/2n5/3K4/8 b - -,,0
5rk1/RR3pp1/4bn1p/p7/3pP3/P2P1PP1/3bBK1P/8 b - -,d2e3 f2f1 e6c8 b7e7 c8h3 f1e1 e3g1 e2d1 g1h2 d1b3,-75
4r1k1/1Q3ppp/p2q4/b2p2B1/3P3P/5P2/P4PK1/1R6 b - -,a5c7 b1h1 e8b8 b7a7 b8b2 f3f4 h7h6 a7c5 d6e6 c5c3,-464
r2qr1k1/pp1n1pp1/2p2n1p/3p3b/3P3B/P1PB1N1P/2P2PP1/R2Q1RK1 b - -,g7g5 g2g4 g5h4 g4h5 f6e4 d1c1 e8e6 c1f4 d8f6 f4f6,-58
1r1k1r2/p2n2pp/2B5/8/3p4/6bP/PPPNRnP1/R1B3K1 b - -,d7e5 d2f1 d4d3 c2d3 f2d3 f1g3 e5c6 e2d2 c6e5 b2b3,318
6k1/2p1B2p/1p4pb/8/3rP3/P1N2PP1/1P4KP/8 b - -,g8f7 e7h4 d4d2 g2h3 g6g5 c3d5 d2b2 h4g5 h6g5 d5c7,-403
rn1qkbnr/pp2p1pp/2p1Pp2/3p1b2/3P1B2/8/PPP2PPP/RN1QKBNR b KQkq -,f5e6 g1f3 g7g5 f4g3 h7h5 h2h3 g8h6 f1d3 d8d7 e1h1,-76
8/7k/P6p/1B1b2p1/4pP2/8/3r3P/5RK1 b - -,e4e3 f1b1 g5f4 a6a7 f4f3 g1f1 d2f2 f1g1 f2a2 g1f1,-496
r7/1pp5/p1nb1k1N/4pp2/8/1BP3PP/PP4PK/5R2 b - -,c6a5 h6f5 a5b3 f5d6 f6e6 d6e4 b3a5 b2b3 b7b5 g3g4,423
r4rk1/2pqnppp/p2b4/1p1p1P1Q/3Pp3/1BP5/P1P3PP/R1B2RK1 b - -,g7g6 f5g6 f7g6 f1f8 a8f8 h5e2 g8g7 c1g5 c7c6 g2g3,-273
5r2/p7/1p6/3p2pk/3P4/PP1RPP2/5PK1/8 b - -,f8c8 e3e4 h5g6 d3e3 g6f6 e4d5 c8c1 e3e6 f6f7 e6e5,408
r1bq1rk1/ppp3pp/2n2p2/bB1pP3/3Pn3/5N1P/PP2NPP1/R1BQ1RK1 b - -,f6e5 b5c6 b7c6 f3e5 d8e8 a2a3 a5b6 c1e3 c8a6 b2b4,32
2r2rk1/4bp2/p2p1n1p/1p2p1p1/4P3/5P2/PPP1NBPP/2R2RK1 b - -,d6d5 e4d5 f6d5 f1d1 f8d8 c2c3 f7f6 d1d3 g8f7 c1d1,-28
3r2k1/RR3pp1/4bn1p/p7/3pP3/P2P1PP1/3bB1KP/8 b - -,g7g5 e2d1 f6d7 g2f1 d2e3 f1e2 h6h5 a7a5 d8c8 a5a7,-89
r3kb1r/4pppp/pnpq4/8/3P2b1/5N1P/PP3PP1/RNBQ1RK1 b kq -,g4d7 f1e1 g7g6 b1c3 b6d5 f3e5 f8g7 c3e4 d6c7 c1d2,107
r4r2/pp1nkpp1/2p1B2p/4n3/P3P3/2N1B3/1PP3PP/R4RK1 b - -,f8d8 e6a2 d7b6 e3f4 b6c4 a2c4 e5c4 b2b3 g7g5 f4c1,539
rn1qkb1r/pp1bnppp/2p1p3/8/3Pp3/6PN/PPPN1PBP/R1BQ1RK1 b kq -,e7f5 d2e4 f8e7 c2c3 e8h8 a2a4 a7a5 f1e1 d7c8 h3g5,97
rn1qkb1r/pp3ppp/4pn2/2pp4/3P4/2N1PB2/PPP2PPP/R1BQ1RK1 b kq -,b8c6 c3e2 d8c7 b2b3 c5d4 e3d4 f8e7 c2c4 e8h8 a1b1,5
2rq1rk1/pp1bbppp/8/3pN2Q/3n4/3B4/PP3PPP/R1B1R1K1 b - -,h7h6 c1h6 g7h6 e5d7 e7g5 d7f8 g8f8 h2h4 g5d2 e1e5,437
1rk5/2p2p1p/2p1pp2/8/2K2Q2/3P2Bb/1q5P/2R4R b - -,h7h6 c1h6 g7h6 e5d7 e7g5 d7f8 g8f8 h2h4 g5d2 e1e5,Mate
1rq2rk1/pp1bbppp/2np1n2/2p5/4PBP1/2NP3P/PPP1N1B1/R2Q1RK1 b - -,b7b5 d1d2 b5b4 c3d1 f6e8 e2g3 e7f6 g3f5 f6e5 a2a3,28
1r4k1/2p3b1/3p3p/2pPp1p1/P1P1Nr2/5P2/P5PP/3R1RK1 b - -,b8b6 d1d3 b6b4 d3a3 f4f8 a4a5 g8h7 f1c1 h7g6 g2g4,103
8/7k/P6p/1B1b2p1/5P2/4p3/3r3P/4R1K1 b - -,g5f4 b5e2 h7g6 g1f1 d2a2 h2h3 g6f5 e1d1 d5g2 f1g2,-563
r2qk2r/1pbn1ppp/p1p1pn2/2Pp4/1P1P4/2NQPN2/PB3PPP/R4RK1 b kq -,h7h6 c3e2 e8h8 a2a4 d8e7 f3d2 a6a5 b4b5 e6e5 d4e5,13
r2qkb1r/pbpp1ppp/1pn2n2/8/3N4/1PN3P1/P1P1PPBP/R1BQK2R b KQkq -,d8e7 c1f4 e8a8 d4b5 c6e5 b5a7 c8b8 g2b7 b8b7 a7b5,60
2r2rk1/4bp2/p2p1n1p/1p2p1p1/4P3/P1N2P2/1PP2BPP/2R2RK1 b - -,c8c6 f1d1 f8c8 d1d2 g5g4 c1d1 g8f8 f2e3 f8g7 g1f1,37
r4rk1/1pq3pp/p3pb2/4p3/B2nP3/4QP2/PP1N2PP/R3K2R b KQ -,f6h4 e1f1 c7d8 a4b3 b7b5 a1d1 a6a5 d2b1 a8a6 d1d4,-378
r1b2r1k/ppq3pp/2P2p2/7n/1b1N4/4P3/P1Q1BPPP/RN1K3R b - -,f8d8 e2h5 c7e5 h5f3 d8d4 e3d4 e5d4 d1c1 d4f4 c1b2,-32
8/P7/5R2/7p/5p1k/5P2/r5PK/8 b - -,h4g5 f6f7 a2a1 f7g7 g5f6 g7b7 f6f5 b7c7 f5g6 c7c6,2
r1b1k2r/ppq3pp/2nbpn2/3pN3/3P4/3B4/PP2NPPP/R1BQ1RK1 b kq -,c6e5 d4e5 d6e5 f2f4 e5d6 c1e3 e8h8 e2d4 c8d7 a1c1,-65
r1bqk2r/pp3ppp/2n5/1B1PP3/1p6/5Q2/PPP3PP/R3K2R b KQkq -,d8a5 f3e2 a7a6 e5e6 b4b3 c2c3 e8h8 b5d3 a5d5 d3c4,-316
r1b1kbnr/pp3p1p/n1p5/4P1p1/3P4/2N5/PPP2BB1/3R2KR b kq -,c8g4 d1d2 f8b4 f2e3 g4e6 e3g5 a6c7 d2f2 b4c3 b2c3,-362
1rbq1r2/pp2ppkp/3p1np1/2p5/3nP3/3P2PP/PPPQ1PB1/R2NK1NR b KQ -,e7e5 c2c3 d4e6 d1e3 b7b5 g1e2 c8b7 e1h1 d6d5 e4d5,-21
r7/1pp5/p1nb1k1N/4p3/5P2/1BP4P/PP4PK/5R2 b - -,a8f8 f4e5 f6g6 b3f7 g6h6 e5d6 c7d6 f7c4 f8d8 c4d5,457
rnbqk2r/pp1p1ppp/4pn2/8/1bPN4/2N5/PP1QPPPP/R1B1KB1R b KQkq -,e8h8 e2e3 e6e5 d4c2 f6e4 d2d3 b4c3 b2c3 e4c5 d3d6,-36
3r2k1/pp3pp1/4Qb1p/2n5/2P5/1P3NN1/P5PP/5R1K b - -,d8f8 e6f5 b7b6 g3h5 f6c3 h5f4 f8d8 f4d5 g7g6 f5c2,669
8/7k/8/r7/3K4/8/1R6/8 b - -,,0
8/P4R2/8/6kp/5p2/5P2/r5PK/8 b - -,,0
2n1rrk1/pp1Q1pbp/2pBp1p1/3p4/3qP3/2NP3P/PPP1BPP1/1R3RK1 b - -,e8d8 d7b7 d8d6 e4d5 c6d5 c3b5 d6b6 b5d4 b6b7 d4b3,32
2rq1rk1/pp1bbp1p/6N1/3p3Q/3n4/3B4/PP3PPP/R1B1R1K1 b - -,,0
r4rk1/1p2bppp/p3p3/q2p4/2nP1P2/P1N1P1B1/1P2Q1PP/2R2RK1 b - -,c4d6 g3e1 a5d8 c3a4 a6a5 h2h3 b7b6 e1g3 a8c8 c1c8,-62
r2q1rk1/1p3ppp/2n2n2/2N2b2/p7/2RP1NP1/4PPBP/3Q1RK1 b - -,a4a3 d1a1 d8e7 c5b7 e7b7 f3d4 f5e4 g2e4 f6e4 c3c6,28
r4rk1/1pq3pp/p3p3/4p3/B2nP2b/4QPP1/PP1N3P/R3K2R b KQ -,c7a5 e1h1 a5a4 g3h4 d4c2 e3c3 c2a1 f1a1 a4d4 c3d4,-421
4r1k1/1Q3ppp/p2q4/b2p2B1/3P3P/5P2/P4P2/2R3K1 b - -,h7h6 c1c6 d6b4 b7b4 a5b4 g5e3 e8e6 c6c8 g8h7 h4h5,2
r2q1rk1/1b2bppp/1p1p1n2/pBpPp3/P1N1Pn2/1PP2N2/5PPP/R1BQR1K1 b - -,f4h5 h2h3 g7g6 a1b1 g8g7 b1b2 a8b8 g2g4 h5f4 c1f4,179
r1k4r/p3R3/bp1P2p1/2p1n1B1/2P1P2p/P1P4P/6P1/R5K1 b - -,h8f8 e7e5 c8b7 e5e7 b7c6 a1d1 a6c4 e7c7 c6b5 d6d7,542
r4rk1/pb3ppp/1pnqpn2/3p4/3P1PP1/2PB3N/PP1N3P/R2Q1RK1 b - -,c6e7 d1e2 a8c8 a1e1 c8c7 a2a3 b7c6 f1f2 f8c8 f2g2,45
2nr1rk1/pQ3pbp/2pBp1p1/3p4/3qP3/2NP3P/PPP1BPP1/1R3RK1 b - -,d8d6 e2f3 d4c5 b7b3 c5a5 a2a3 f8d8 f1e1 d6d7 c3a4,32
8/P7/6k1/7p/5R2/5P2/r5PK/8 b - -,a2a7 f4f8 a7a1 h2g3 a1g1 f8g8 g6f6 g3h2 g1f1 g8h8,20
r1b1kb1r/pp1n1ppp/2n5/q3Pp2/2pP4/2N1BN2/PPP3PP/R2QKB1R b KQkq -,f8a3 b2a3 a5c3 e3d2 c3a3 f1c4 d7b6 c4b3 c8e6 e1h1,91
r1bqkb1r/pppppppp/2n5/1BP1P3/8/2P5/PP3PPP/R1BQK1NR b KQkq -,c6e5 g1f3 e5f3 d1f3 c7c6 b5d3 e7e5 f3g3 d8f6 e1h1,-30
r3kbnr/pp2pppp/2n5/2pq4/8/2N2N2/PPPP1PPP/R1BQR1K1 b kq -,d5h5 d2d4 c6d4 f3d4 h5d1 e1d1 c5d4 d1d4 e7e6 d4c4,76
rnbqk1nr/1pp2ppp/1b2p3/pP1p4/P2PP3/2P5/3N1PPP/R1BQKBNR b KQkq -,d5e4 d2e4 b8d7 g1f3 g8f6 e4f6 d7f6 c1a3 c7c6 f1d3,167
r4rk1/1p2bppp/p3p3/q2p4/3P1P2/P1N1P1B1/1Q4PP/2R2RK1 b - -,a8c8 c3b1 a5b5 b2b5 a6b5 c1c8 f8c8 g3e1 h7h6 e1d2,288
rnbqk2r/pp1p1ppp/4p3/8/1bPNn3/2NQ4/PP2PPPP/R1B1KB1R b KQkq -,e4c3 b2c3 b4e7 e2e4 e8h8 f1e2 d7d6 c1a3 a7a6 d4b3,-20
r2q1rk1/1pbn1ppp/p1p1pn2/2Pp4/PP1P4/2NQPN2/1B3PPP/R4RK1 b - -,f8e8 c3e2 b7b6 f1c1 b6c5 b4c5 f6e4 a1b1 d8f6 d3c2,14
2kr1b1r/ppp1pppp/2nq1n2/8/3P2b1/P1N1BN2/1PP1BPPP/R2QK2R b KQ -,g4f3 e2f3 c6d4 e3d4 d6d4 d1e2 d4c5 e1h1 e7e6 c3e4,-84
8/6k1/P6p/3b2p1/5P2/3Bp3/3r3P/2R3K1 b - -,d2d3 f4g5 h6g5 c1a1 e3e2 a1e1 d5c4 e1e2 d3d1 g1f2,-651
4rrk1/1b2qp1p/pp1p2p1/2pP4/2P1NB2/P2B3P/2Q2PP1/b4RK1 b - -,a1e5 f4h6 e5g7 h6g5 f7f6 g5f4 e8d8 f1b1 b6b5 f4d2,-185
r4rk1/pR3ppp/2n1p1b1/8/8/2PN3P/q1P1BPP1/4QRK1 b - -,a2c2 d3f4 c2f5 e1d2 f8d8 d2e3 a7a5 b7b5 f5e4 e2f3,-36
r1k4r/p1R5/bp1P2p1/2p1n1B1/2P1P2p/P1P4P/6P1/R5K1 b - -,c8b8 g5f6 h8c8 c7g7 e5c6 f6h4 c8f8 a1e1 a6c4 e4e5,203
r4rk1/ppBnnpbp/2pQp1p1/3p4/3qP3/2NP3P/PPP1BPP1/1R3RK1 b - -,a8e8 d6d7 e7c8 c7d6 e8d8 d7b7 d8d6 e2f3 d4c5 b7b3,32
5rk1/pR1Q1p2/5r2/2p4p/2P1PP1P/8/P5P1/5RK1 b - -,f6g6 f4f5 g6b6 b7b6 a7b6 f5f6 f8a8 d7d5 a8a7 d5g5,9605
6K1/3nkP2/8/6N1/8/8/8/8 b - -,e7d6 g8g7 d6e5 g5h7 d7c5 g7g8 c5d7 g8h8 e5f4 h8g7,875
r1b2r1k/ppq3pp/2P2p2/8/1b1N1P2/8/P1Q1BPPP/RN1K3R b - -,c7f4 c2d3 f8d8 d3e3 d8d4 d1c1 b7c6 a2a3 b4c5 e3f4,-442
r2q1rk1/1b2bppp/1p1p1nn1/pBpPp3/P1N1P3/1PP2N1P/5PP1/R1BQR1K1 b - -,a8a7 b3b4 f6e8 b4a5 b6a5 c4e3 b7c8 a1b1 h7h6 b5c6,123
2b1r1k1/5ppp/3p4/3P4/1P6/3B4/q2Q1PPP/3K3R b - -,a2b3 d2c2 b3b4 c2c6 g8f8 d1c2 c8f5 c6e8 f8e8 d3f5,-552
4r1k1/1Q3pp1/p2q3p/b2p4/3P3P/4BP2/P4PK1/1R6 b - -,d6g6 g2f1 g6f5 f1e2 e8c8 b1b2 c8c3 b7a6 c3a3 e2f1,-244
r4rk1/1p4pp/p3p3/q3p3/3nP2b/4QPP1/PP1N3P/R2BK2R b KQ -,f8f3 e3f3 d4f3 d1f3 h4g5 e1h1 a5d2 h2h4 g5e3 g1h1,-522
2n2r2/5R2/2R1Pkpp/5P2/p2p2P1/P1bP1KP1/8/8 b - -,f6e5 f7f8 c8e7 c6a6 g6f5 g4f5 c3b2 a6a5 e5d6 a5a4,Mate
8/7k/1PB3pp/2P1B3/5P2/3P3b/r4P1P/6K1 b - -,a2c2 f2f3 c2c5 b6b7 c5c1 g1f2 c1b1 f2e3 h7g8 b7b8r,754
rnb2rk1/1p3ppp/p7/3n4/8/3N4/PPPB1PPP/2KR3R b - -,c8f5 d2b4 f8c8 b4d6 b8d7 d1d2 d7f6 f2f3 c8c6 d6e5,-385
1r4k1/2p2pp1/2pb1q1p/p3p3/PrPpP2N/1P1P2Pb/3NQP2/1R2R1K1 b - -,b4b7 g1h2 h3d7 e1f1 f6g5 h4f5 d7f5 e4f5 g5f5 h2g2,-263
r4rk1/pR3ppp/2n1p1b1/2N5/8/2P4P/2q1BPP1/4QRK1 b - -,a8c8 e2d1 c2a2 e1e3 a2a5 c5d7 f8d8 d1f3 c8c7 b7c7,-54
r7/1pp5/p1nb4/6k1/5pN1/1BP2R1P/PP4PK/8 b - -,c6a5 b3d5 a8e8 g4f2 g5h6 f2e4 d6e5 e4d2 e5f6 h2h1,113
8/8/n3p2k/3pPpp1/R4P1p/7P/2B3PK/8 b - -,a6b8 c2f5 g5f4 f5e6 b8c6 a4f4 d5d4 f4h4 h6g5 h4g4,599
3r1rk1/pbp1qpp1/1p1p1n1p/7P/4P1P1/2N1QP2/PPP1B3/2KR3R b - -,f6h7 e3f2 h7g5 e2d3 g5e6 f3f4 e6c5 h1e1 c5d3 d1d3,38
r2r1k2/pp1n2p1/2p2p1p/4nN2/P2BP3/8/1PP3PP/3R1RK1 b - -,g7g6 f5h4 f8g7 b2b3 h6h5 h2h3 a7a5 h4f3 e5f3 g2f3,30
5k2/R7/p1r3p1/3P4/1p4K1/5P2/P1P5/8 b - -,c6c2 a7a6 c2d2 a6a4 d2d4 g4g3 f8g7 a2a3 d4d5 a4b4,3
rn1qkb1r/pp3pp1/2p1pn1p/3P1b2/8/1P1PPN2/PB3PPP/RN1QKB1R b KQkq -,c6d5 f1e2 f8d6 e1h1 a7a6 b1d2 b8c6 a2a3 e8h8 b3b4,-34
8/2p2k1p/1p4pb/8/1B1rP3/P1N2PP1/1P4KP/8 b - -,d4d2 g2h3 c7c5 c3d5 c5b4 a3b4 b6b5 d5c7 d2b2 c7b5,-414
r1b1k2r/pppqbppp/2nP4/1B1n4/P2N4/2P5/1P3PPP/RNBQ1RK1 b kq -,e7d8 c3c4 d5b4 d4c6 b4c6 c1f4 e8h8 d6c7 d8f6 f4d6,346
4r1k1/1Q3pp1/p5qp/b2p4/3P3P/4BP2/P4P2/1R3K2 b - -,g6f5 b1b3 e8e6 b7c8 g8h7 c8c5 a5d8 f1e2 d8h4 c5c1,-260
8/r7/6k1/7p/1R6/5P2/6PK/8 b - -,a7a1 b4b5 g6h6 b5b3 h6g6 h2h3 a1h1 h3g3 h1g1 b3b7,23
r4rk1/1b3ppp/1pnqpn2/p2p2P1/3P1P2/2PB3N/PP1N3P/R2Q1RK1 b - -,f6e8 d1h5 g7g6 h5e2 d6d7 h3f2 f7f5 d2f3 e8d6 a1e1,65
rnb2rk1/ppp1p1bp/3p1np1/5p2/2qPP3/2N2NP1/PP3P1P/R1BQRBK1 b - -,c4f1 e1f1 f5e4 f3g5 b8c6 c1e3 h7h6 g5e4 f6e4 c3e4,455
rnbqkbnr/2pppp2/8/pp4pp/PP1P2PP/8/2P1PP2/RNBQKBNR b KQkq -,c8b7 e2e4 h5g4 a4b5 b7e4 h1h2 g5h4 b4a5 c7c6 b5b6,-91
r1b2r1k/pp4pp/2P2p2/8/1b1N1q2/3Q4/P3BPPP/RN1K3R b - -,f8d8 d3e3 d8d4 d1c1 b7c6 a2a3 b4c5 e3f4 d4f4 h1f1,-448
2r2rk1/4bp2/p2p3p/1p2p1pn/4P3/5P2/PPP1NBPP/2RR2K1 b - -,f7f5 e4f5 f8f5 c2c3 h5f4 e2g3 f5f8 f2e3 d6d5 g1f1,-23
r1b1k1nr/pppp1ppp/3b1q2/8/2B1PP2/2PP4/P5PP/RNBQ1RK1 b kq -,d6e7 d3d4 b7b6 e4e5 f6c6 d1e2 c8b7 c1e3 g8h6 f4f5,257
4r1k1/1Q3pp1/p6p/b2p4/3P3P/3qBP2/P4P2/1R4K1 b - -,d3f5 g1g2 e8e6 b1c1 e6g6 g2h2 f5f3 c1g1 g6e6 b7b8,-262
2r3r1/1p2kpp1/p3b2p/2npP2P/3N4/3B2R1/PPPK2P1/5R2 b - -,c5d3 c2d3 e6d7 b2b4 c8f8 f1c1 f8c8 c1c8 d7c8 d2e3,95
6k1/5pp1/8/1p2P3/1Pp4p/5Q1P/1P3P2/1R5K b - -,c5d3 c2d3 e6d7 b2b4 c8f8 f1c1 f8c8 c1c8 d7c8 d2e3,Mate
1r6/2p2ppk/2pb1q1p/p3p3/PrPpP2N/1P1P1PPb/3NQ3/1R2R1K1 b - -,b4b6 g1h2 h3e6 e1f1 h7g8 c4c5 d6c5 f3f4 e5f4 f1f4,-264
b7/6pk/P6p/1B3p2/4p3/6P1/3r3P/4R1K1 b - -,g7g5 e1e2 d2d1 g1f2 f5f4 g3f4 g5f4 e2b2 h7g6 b5c4,-214
8/8/6k1/7p/8/1R3P2/6PK/r7 b - -,a1f1 h2g3 g6h6 b3b5 f1g1 b5b2 h6g6 b2b4 g1h1 b4b6,22
rk5r/p1R5/bp1P1Bp1/2p1n3/2P1P2p/P1P4P/6P1/R5K1 b - -,a6c4 f6h8 e5f7 h8f6 a7a5 c7e7 f7d8 a1d1 c4b3 d1d2,621
8/2p2k1p/1p4pb/8/1B2P3/P1N2PPK/1P1r3P/8 b - -,c7c5 c3d5 c5b4 a3b4 b6b5 d5c3 d2b2 c3b5 b2b4 b5c7,-420
8/2p3p1/2p1kp1p/1p1b4/P7/3B1P2/1PP3PP/4K3 b - -,b5b4 a4a5 f6f5 a5a6 c6c5 a6a7 d5b7 e1f2 e6e5 g2g3,397
1r2brk1/1pp2pb1/p1nq2pp/2Np4/1P1P4/P2BPN1P/2Q2PP1/2R2RK1 b - -,c6d8 a3a4 c7c6 c2c3 d8e6 c1b1 d6e7 f3e5 g7e5 d4e5,104
4r1k1/1Q3pp1/p6p/b2p4/3P1Pq1/4B3/P4P2/1R3K2 b - -,g4h3 f1g1 e8e6 f4f5 h3f5 b7b8 g8h7 e3f4 e6g6 f4g3,-644
2rqr1k1/3bpp1p/5bpB/1pp2P2/1n2P3/6PP/P2QN1BK/2RR4 b - -,g6f5 e4e5 f6e5 a2a3 b4a6 d2d7 d8d7 d1d7 c8d8 d7b7,204
r3k2r/pp1n1pp1/2p1pnp1/q7/1bBP4/2N5/PPPBQPPP/1K1R3R b kq -,d7b6 c4b3 h8h4 a2a3 b4c3 d2c3 a5b5 e2f3 a8d8 d4d5,25
r2qkbnr/pp2pppp/2n5/1N6/3p4/5N2/PPP2PPP/R1BQR1K1 b kq -,a8c8 c1g5 h7h6 g5h4 g8f6 h4f6 g7f6 f3d4 c6d4 b5d4,67
rnb2rk1/ppp1pqbp/3p1np1/5pN1/3PP3/2N3P1/PP3P1P/R1BQRBK1 b - -,e7e5 g5f7 e5d4 c3b5 f8f7 f1c4 b8a6 c4f7 g8f7 e4f5,620
6k1/6p1/8/1p2PQ2/1Pp4p/7P/1P3P2/1R5K b - -,e7e5 g5f7 e5d4 c3b5 f8f7 f1c4 b8a6 c4f7 g8f7 e4f5,Mate
2krr3/ppp2ppp/2nb4/8/4P3/5N1q/PPP1BP2/R1B1QRK1 b - -,e7e5 g5f7 e5d4 c3b5 f8f7 f1c4 b8a6 c4f7 g8f7 e4f5,Mate
r3nrk1/1b3ppp/1pnqp3/p2p2PQ/3P1P2/2PB3N/PP1N3P/R4RK1 b - -,g7g6 h5e2 d6d7 h3f2 f7f5 d2f3 e8d6 a1e1 a8e8 h2h4,65
r2qr1k1/pp1n1p2/2p4p/3p2pb/3Pn3/P1PB1NBP/2P2PP1/RQ3RK1 b - -,d7b6 f1e1 h5f3 g2f3 e4g3 f2g3 d8d7 g1g2 b6c4 d3c4,-83
8/7k/2B3pp/rPP1Bp2/8/3P2Pb/5P1P/6K1 b - -,f5f4 g3f4 h3c8 f2f3 g6g5 g1f2 h7g6 f2e3 g6f5 e3d4,617
r3r1k1/p1q2ppp/2pbpn2/8/2PR1P2/1P4P1/P3Q1BP/R1B3K1 b - -,d6c5 c1e3 e6e5 d4d2 e5f4 e3c5 e8e2 d2e2 f4g3 h2g3,-366
1r4kr/4qp1p/2n1p2Q/3p2P1/3P1P2/2P4B/ppP2K2/4R3 b - -,b2b1q h3f1 b1e1 f2e1 a2a1q e1f2 b8b2 f1d3 b2b1 c3c4,-1906
8/8/6k1/7p/6P1/1R3P2/7K/5r2 b - -,,0
8/1p5p/1P4k1/5p2/r2B1K2/2P4P/8/8 b - -,a4a5 h3h4 a5b5 d4e3 g6f6 h4h5 b5b2 e3d4 f6e6 f4g5,-485
8/8/n6k/3RPpp1/5P1p/7P/6PK/8 b - -,h6g7 f4g5 f5f4 e5e6 f4f3 g2f3 g7g6 d5d7 a6c5 d7f7,1101
r3nrk1/1b3p1p/1pnqp1p1/p2p2P1/3P1P2/2PB3N/PP1NQ2P/R4RK1 b - -,d6d7 h3f2 f7f5 d2f3 e8d6 a1e1 a8e8 h2h4 d7c7 g1g2,71
r6k/p3q2p/1p1p4/2pP1bN1/2PbB3/8/P5RP/1R1Q3K b - -,e7g5 g2g5 f5e4 g5g2 a8g8 d1e2 e4g2 e2g2 g8g2 h1g2,384
5r2/p7/1p6/3p4/3P2k1/PPR1P3/5PK1/8 b - -,g4f5 g2f1 f5e6 c3c7 f8a8 c7h7 e6d6 h7h6 d6e7 f1e2,457
r2qkbnr/pp3ppp/2n1p3/1N6/3p1B2/5N2/PPP2PPP/R2QR1K1 b kq -,f8c5 b5c7 e8e7 f3g5 g8f6 g5e6 f7e6 c7e6 d8b6 e6c5,347
rnbQ1bnr/ppp1kBpp/8/4p3/8/2p5/PP3PPP/RNB1K1NR b KQ -,e7d8 b1c3 f8d6 g1f3 b8c6 e1h1 g8f6 f7b3 h7h6 f1e1,-55
2kr1b1r/ppp1pppp/2nq1n2/8/3P4/P1N1BB2/1PP2PPP/R2QK2R b KQ -,c6d4 e3d4 d6d4 d1e2 d4c5 c3e4 c5e5 e1h1 e7e6 e4f6,-99
8/8/6k1/8/6P1/1R6/7K/5r2 b - -,,0
1rbq1r2/p3ppkp/3p1np1/1pp5/3nP3/2PP2PP/PP1Q1PB1/R2NK1NR b KQ -,b5b4 c3d4 c5d4 g1f3 e7e5 e1h1 a7a5 b2b3 a5a4 d1b2,230
rnbqk2r/ppppppbp/5np1/6B1/3P4/2N5/PPP1QPPP/2KR1BNR b kq -,c7c6 h2h4 d7d5 e2d2 h7h6 g5f4 c8f5 g1e2 h6h5 e2g3,-85
6k1/r7/5K2/1Q6/8/8/8/8 b - -,c7c6 h2h4 d7d5 e2d2 h7h6 g5f4 c8f5 g1e2 h6h5 e2g3,Mate
r1b1kb1r/1p2n1pp/p1nN1p2/1B2p3/8/4BN2/PPP1KPPP/R6R b kq -,e8d8 b5c6 e7c6 d6f7 d8c7 f7h8 c8e6 f3d2 f8e7 f2f4,156
5k2/8/R5p1/3P4/1p4K1/5P2/P1r5/8 b - -,c2d2 a6a4 d2d4 g4g3 f8g7 a2a3 d4d5 a4b4 d5d1 b4b6,6
r4rk1/1p3ppp/p3p3/q2p4/3P1P2/b1N1P1B1/6PP/Q1R2RK1 b - -,b7b6 c1b1 f8c8 g3e1 a3b4 a1a5 b6a5 c3a4 a8b8 a4c5,244
rnbqkbnr/ppp3pp/8/3p1p1Q/3P4/8/PPPN1PPP/R1B1KBNR b KQkq -,g7g6 h5e2 f8e7 d2f3 g8f6 c1h6 f6g4 h6g5 e8f7 g5e7,48
r1b1k1nr/ppppbppp/5q2/8/2BPP3/2P5/P4PPP/RNBQ1RK1 b kq -,d7d6 b1d2 g8h6 f2f4 g7g6 d2f3 f6g7 d1d2 e8h8 c4b3,185
5r1k/p3R1p1/1p1N1p1p/3b1P2/2p5/2P4P/PP4P1/6K1 b - -,f8a8 g2g4 h8g8 d6b5 a7a5 b5d4 a8d8 g1f2 g8f8 e7c7,127
3r1rk1/pbp1qpp1/1p1p1n1p/7P/3QP1P1/2N2P2/PPP1B3/2K3RR b - -,c7c5 d4d2 f6h7 e2c4 h7g5 g1f1 f8e8 c4b5 e8f8 c3d5,78
r3r1k1/1p2qpbp/p1bp2p1/P4p2/2PPnN2/2NQP1P1/5PBP/R4RK1 b - -,e4f6 f4d5 e7d8 h2h4 a8b8 f1b1 b8c8 b1b4 f6d7 d5b6,212
r1bqkb1r/pp2pp1p/2n3p1/1B1N4/8/5N2/PP1P1PPP/R1BQK2R b KQkq -,a7a6 b5c6 b7c6 d5c3 c6c5 d2d3 f8g7 e1h1 a8b8 f1e1,404
2r3k1/4b3/p2p3p/1p2prpn/6P1/5P2/PPP1NB1P/2RR2K1 b - -,h5f4 e2g3 f5f6 f2e3 g8f7 c2c3 f4g6 g3f5 f7e6 h2h3,-30
8/8/6k1/8/6P1/1R5K/8/r7 b - -,,0
3r2k1/p4p2/4qbp1/2pN4/P6p/2PQ2P1/5P1P/3R2K1 b - -,f6d4 d5e3 d4f6 d3b1 d8d1 b1d1 h4g3 h2g3 f6c3 d1d5,-114
2krr3/ppp2ppp/2nb4/8/4P3/3Q1N1q/PPP1BP2/R1B2RK1 b - -,e8e6 e4e5 d6e5 f3e5 d8d3 e2g4 d3g3 f2g3 h3g3 g1h1,-577
rk2r3/p3R3/bp1P1Bp1/2p1n3/2P1P2p/P1P4P/6P1/R5K1 b - -,e5c4 e7e8 b8b7 d6d7 a6b5 e8a8 b5d7 a8f8 d7c6 f6g5,625
1r6/2p2ppk/2pb3p/p3p1q1/PrPpP2N/1P1P1PPb/3N1Q2/1R2R1K1 b - -,b4b6 f2h2 h3e6 g1h1 g5h5 e1f1 g7g5 h4f5 h5h2 h1h2,-272
rnb1qr1k/ppp1p1bp/3p1np1/4PpN1/2BP4/2N3P1/PP3P1P/R1BQR1K1 b - -,f6e4 c3e4 f5e4 e1e4 h7h6 e4h4 b7b5 c4b3 d6e5 g5f3,246
2rq1rk1/pp1bbppB/8/3pN3/3n4/8/PP3PPP/R1BQR1K1 b - -,g8h8 d1h5 e7g5 h7d3 g5h6 c1h6 d7f5 h6g5 h8g8 d3f5,927
1r4kr/4qp1p/2n1R2Q/3p2P1/3P1P2/2P4B/p1P2K2/1q6 b - -,g8h8 d1h5 e7g5 h7d3 g5h6 c1h6 d7f5 h6g5 h8g8 d3f5,Mate
8/8/6k1/8/6P1/1R4K1/8/7r b - -,,0
8/8/8/4Q3/8/6k1/3K2n1/8 b - -,g6g5 b3b6 h1g1 g3f2 g1a1 b6b7 g5f6 g4g5 f6g6 b7b6,Mate
rnb1kb1r/4qppp/p2p4/2pP4/2P5/2p5/PP2QPPP/R1B1KBNR b KQkq -,h7h6 b2c3 b8d7 a1b1 e8d8 e1d1 d8c7 g1f3 e7e2 f1e2,38
6k1/5pp1/8/1pb5/2p2r1p/2P4P/1P1NqPQ1/6RK b - -,g7g6 f2f3 e2e3 g1f1 c5b6 h1h2 g8g7 h2h1 e3d3 f1e1,-468
2rq1r2/pp1bbppk/8/3pN3/3Q4/8/PP3PPP/R1B1R1K1 b - -,e7c5 d4d5 d7e6 d5f3 d8f6 f3g3 c5b6 c1e3 b6c7 e3d4,42
8/2p3p1/2p1kp1p/3b4/p1P5/3B1P2/1P4PP/4K3 b - -,e6d6 c4d5 c6d5 d3b5 d6c5 b5a4 c5d4 a4c6 d4c5 c6e8,354
2b1r1k1/5ppp/3p4/3P4/1P6/3B4/5PPP/q1QK3R b - -,a1d4 c1d2 d4a1 d2c1 a1a4 c1c2 a4b4 c2c6 g8f8 d1c2,-545
4r1k1/pp1Nqnpp/2p1pr2/5p2/2PP4/3B3Q/PP2RPPP/4R1K1 b - -,e7d7 d3c2 d7d4 c2f5 h7h6 f5c2 d4c4 h3a3 a7a6 a3e3,33
r1b1k2r/bpqp1ppp/p1n1pn2/6B1/2P1P3/PNN5/1PQ1BPPP/R3K2R b KQkq -,d7d6 f2f4 c8d7 h1f1 h7h5 h2h3 c6d4 b3d4 a7d4 e1a1,56
8/8/6k1/8/6P1/1R3K2/8/6r1 b - -,,0
7r/1k1n1ppp/1p1b4/5N2/4n3/4B3/PPP2PPP/2KRR3 b - -,b7c6 f2f3 d6h2 f3e4 h8a8 c1b1 h2e5 c2c3 c6c7 d1d5,623
rnbqk1nr/ppp1b2p/6p1/3pQp2/3P4/8/PPPN1PPP/R1B1KBNR b KQkq -,g8f6 e5e2 e8h8 e2d1 f8e8 f1e2 e7d6 d2f3 f5f4 f3e5,-80
r2qr1k1/pp1n1p2/2p4p/3p2p1/3Pn3/P1PB1PBP/2P2P2/RQ3RK1 b - -,f7f5 f3e4 d5e4 d3c4 g8h7 b1b7 f5f4 g3h2 e8e7 b7c6,204
8/2p2k1p/1p4pb/8/3rP2B/P1N2PP1/1P4KP/8 b - -,d4d2 g2h3 g6g5 c3d5 g5h4 d5c7 h4g3 h2g3 d2b2 a3a4,-406
4rrk1/pR3p2/2p4p/3pP1q1/7p/4PQ2/P1P3P1/5RK1 b - -,g5g7 b7a7 e8e5 a2a4 e5g5 g1h2 g5g3 f3f2 g7e5 f2f4,-6
rnbqkbnr/1p2pppp/8/p1Pp4/2P5/5N2/PP2PPPP/RNBQKB1R b KQkq -,d5c4 d1d8 e8d8 b1a3 e7e6 f3e5 d8e8 a3c4 b8d7 e5d3,158
r2q1rk1/1b2bpp1/1p1p2np/pBpPp3/P3n3/1PPQNN1P/5PP1/R1B1R1K1 b - -,e4f2 g1f2 g6f4 d3c2 e7h4 f3h4 d8h4 f2f1 f7f5 c2f2,138
2r3k1/4b3/p2p3p/1p2prp1/5nP1/5PN1/PPP2B1P/2RR2K1 b - -,f5f6 f2e3 g8f7 c2c3 f7e6 e3f4 f6f4 d1d3 d6d5 c1d1,-15
8/8/6k1/8/6P1/1R6/6K1/7r b - -,,0
2rq1r2/pp2bppk/8/3pNb2/5Q2/8/PP3PPP/R1B1R1K1 b - -,,0
r1b4r/pp4pp/6k1/4Q3/3p4/8/PP3PPP/5RK1 b - -,h7h5 f1c1 c8f5 c1c7 h8g8 h2h4 a8f8 e5d4 g6h7 c7b7,461
1r6/2p1bppk/2p1b2p/p3p1q1/PrPpP1PN/1P1P1P2/3N1Q1K/1R2R3 b - -,g5f4 h2g2 e7h4 f2h4 f4d2 h4f2 d2d3 g4g5 b4b3 b1b3,-640
5r2/8/3R4/pp1p4/3P2k1/PP2P3/5PK1/8 b - -,g4f5 g2f3 f5g5 f3e2 f8f5 a3a4 b5a4 b3a4 g5h4 d6a6,582
3rr1k1/p1q2ppp/3bp3/2P5/2Pp1P2/4n1P1/PB2Q1BP/R2R2K1 b - -,d6c5 d1d3 e6e5 f4e5 e3c4 b2c1 c7e5 e2f2 e5e6 c1f4,-391
4rrk1/pR6/2p2P1p/3p2q1/7p/4PQ2/P1P3P1/5RK1 b - -,e8e3 f3f4 g5f4 f1f4 f8f7 f4g4 g8f8 b7b8 e3e8 g4g8,-2
3q1rk1/p3b1pp/1r2pn2/1p1p4/2p2BP1/2P2P2/PPPQ3P/1K1RRB2 b - -,f6d7 f4e3 b6c6 g4g5 d8a5 f1h3 c6a6 h3e6 g8h8 d2d5,-40
4r3/1pp5/p1nb4/6k1/5pN1/2P2R1P/PP4PK/3B4 b - -,e8e6 g4f2 g5h4 f2d3 c6e5 d3e5 d6e5 h2g1 e6d6 d1b3,25
rnb1kb1r/pp3ppp/5n2/3qp3/1p1P4/P4N2/2PN1PPP/R1BQKB1R b KQkq -,e5e4 f1c4 d5h5 d1e2 c8f5 f3e5 h5e2 e1e2 b8c6 c4f7,21
4r3/2p5/1p1kR3/p1p5/P6p/7P/1PP3PK/8 b - -,d6e6 g2g4 h4g3 h2g3 e6e5 g3f3 e8h8 f3g3 e5d5 g3f3,-1081
r2qkb1r/pppb1ppp/2n1p3/4P3/3P4/2P2N2/P4PPP/R1BQKB1R b KQkq -,c6a5 f1d3 c7c5 e1h1 d7c6 d1e2 h7h6 a1b1 b7b6 f1d1,75
3rr1k1/p1q2ppp/3Pp3/8/2Pp1P2/6P1/PB2Q1BP/R2n2K1 b - -,c7d6 a1d1 d4d3 e2e5 d6e5 b2e5 d8c8 g2f1 f7f6 e5b2,148
r1b1k2r/bpqp1ppp/p3pn2/2P1n1B1/4P3/PNN5/1PQ1BPPP/R3K2R b KQkq -,b7b5 f2f4 e5c4 e4e5 f6d5 c3d5 e6d5 e1h1 c8b7 g1h1,84
r2q1rk1/ppp3pp/1bn5/3pPp2/3Pn1b1/2N1BN1P/PP2BPP1/R2Q1RK1 b - -,f5f4 h3g4 f4e3 f2e3 e4g3 d1b3 c6a5 b3d5 d8d5 c3d5,60
r3kb1r/4pppp/pnpq4/7b/3P4/5N1P/PP1N1PP1/R1BQ1RK1 b kq -,h5g6 f1e1 e7e6 d2e4 g6e4 e1e4 d6d5 e4g4 f7f6 c1d2,63
r1b1k2r/3nbppp/p2p4/2pP4/2P5/2P5/P4PPP/R1B1KBNR b KQkq -,a8b8 g1f3 e7f6 c1d2 d7b6 f1d3 e8d7 e1h1 a6a5 d2g5,-32
3r2k1/pp3pp1/4nb1p/8/2P1N3/1P3N2/P5PP/5R1K b - -,f6e7 e4f2 f7f6 f1d1 d8d1 f2d1 g8f7 g2g3 e6d8 d1c3,-50
rnb2rk1/ppp1p1bp/3p1np1/4Pp2/2qP4/2N2NP1/PP3PBP/R1BQR1K1 b - -,f6g4 h2h3 b8c6 g2f1 c4f7 f3g5 g4f2 g1f2 f7e8 c3d5,310
r2q1rk1/1b2bpp1/1p1p2np/pBpPpNn1/P7/1PPQ1N1P/5PP1/R1B1R1K1 b - -,e5e4 e1e4 g5e4 d3e4 e7f6 c1d2 a8a7 a1e1 b7c8 b5d3,-103
rn1qkb1r/pp3ppp/2p1pn2/7N/3P4/3Q3P/PPP2PP1/R1B1KBNR b KQkq -,f8b4 c2c3 b4c3 d3c3 f6h5 f1e2 h5f6 g1f3 f6d5 c3a3,474
2b1r1k1/5ppp/3p4/3P4/1P1q4/3B4/3Q1PPP/3K3R b - -,d4a1 d2c1 a1a4 c1c2 a4b4 c2c6 g8f8 d1c2 c8f5 c6e8,-548
r1br4/1p1k2pp/4qpn1/p7/Q2p1P2/B7/P5PP/1R3R1K b - -,,0
b3B3/7k/P6p/5pp1/4p3/6P1/3r3P/4R1K1 b - -,f5f4 g3f4 g5f4 g1f1 d2h2 f1g1 h2a2 e8f7 a2a6 e1f1,-450
8/8/6k1/8/6P1/1R3K2/8/r7 b - -,,0
r1b1k1nr/ppp1bppp/3p1q2/8/2BPP3/2P5/P2N1PPP/R1BQ1RK1 b kq -,g8h6 f2f4 g7g6 d2f3 f6g7 d1d2 e8h8 f4f5 h6g4 f5g6,211
r1bqkb1r/ppp1pppp/2n2n2/1N1p4/2PP4/8/PP2PPPP/R1BQKBNR b KQkq -,d5c4 g1f3 a7a6 b5c3 e7e5 d4d5 c6a5 g2g3 c7c6 d5c6,-95
r1q1kb1r/pp2pppp/2n2n2/2pp4/6b1/P2P1NP1/1PPNPPBP/R1BQ1RK1 b kq -,a7a5 e2e4 g7g6 e4d5 f6d5 d2e4 f8g7 c2c4 d5f6 e4c5,38
2rq1r2/pp2bppk/4b3/3pN3/5Q2/8/PP1B1PPP/R3R1K1 b - -,h7g8 d2b4 e7b4 f4b4 c8c2 b4b7 d8h4 b7a7 d5d4 g2g3,2
5k2/8/R2P2p1/8/1p4K1/5P2/P2r4/8 b - -,,0
1r6/2p1bppk/2p1b2p/p3p3/PrPpP1PQ/1P1P1P2/3N3K/1R2R3 b - -,e7h4 e1e2 h4g5 h2g2 g5f4 g2f2 f4d2 e2d2 b4b3 b1b3,-610
r2qr1k1/ppp2p2/1b3n2/n3p1B1/2bP4/2N2Q2/PP3PPP/R3R1K1 b - -,d8d4 f3f6 e8e6 f6f3 d4d3 g5e3 a5c6 a1d1 d3g6 e3b6,-305
r4rk1/1pq3pp/p1n1pb2/4p3/3pP3/1BP2P2/PP1NQ1PP/R3K2R b KQ -,c7b6 g2g3 a8d8 a1d1 g8h8 e1f1 f6g5 h2h4 g5h6 d2b1,-84
4r1k1/pp1q1npp/2p1p3/5Q2/2PP4/8/PP2RPPP/4R1K1 b - -,f7d6 f5d3 b7b5 b2b3 b5c4 b3c4 h7h6 d4d5 e6d5 c4d5,494
4r1k1/p1q2ppp/3rp3/8/2Pp1P2/6P1/PB2Q1BP/3R2K1 b - -,e8b8 d1d2 c7a5 g2f1 h7h5 e2d3 b8c8 d2f2 c8d8 b2a3,191
r2qr1k1/pQ1n1p2/2p4p/3p2p1/3P4/P1PB1PBP/2Pn1P2/R4RK1 b - -,d7b6 b7c6 e8e6 c6b5 d8f6 f1d1 d2f3 g1g2 f3h4 g2h2,-43
8/8/r5k1/8/5KP1/1R6/8/8 b - -,,0
5rk1/pR6/2p2P1p/3p2q1/5Q1p/4r3/P1P3P1/5RK1 b - -,g5f4 f1f4 f8f7 f4g4 g8f8 b7b8 e3e8 g4g8 f8g8 b8e8,-2
r7/pk2P3/bp4p1/2p1B3/2P1P2p/P1P4P/6P1/R5K1 b - -,b7c6 a1d1 a8e8 d1d6 c6b7 d6d7 b7c8 d7c7 c8b8 c7c5,568
1rb1nq1k/5rbB/p2p1p2/P1pPn2N/2P3P1/7R/2QB3N/5R1K b - -,b8b7 h5f4 f7c7 h7f5 g7h6 f5c8 c7c8 f4g6 e5g6 c2g6,539
r4r1k/pp5p/2p2qp1/4Rb2/2B1N3/6P1/PPP2QP1/4R1K1 b - -,f6e5 e4g5 e5g7 f2c5 b7b6 c5e7 h7h6 g5f7 h8h7 e7h4,-125
4r3/6pp/2B5/pk2p3/4K3/P7/2R3PP/8 b - -,f6e5 e4g5 e5g7 f2c5 b7b6 c5e7 h7h6 g5f7 h8h7 e7h4,Mate
rn1qkb1r/pppb1ppp/8/3n4/8/5N2/PP1PBPPP/RNBQK2R b KQkq -,d7e6 b1c3 f8d6 f3d4 b8c6 d4e6 f7e6 e1h1 e8h8 e2g4,-9
8/8/6k1/8/r5P1/1R3K2/8/8 b - -,,0
1r4kr/4q2p/2n1B2Q/3p2P1/3P1P2/2P5/p1P2K2/1q6 b - -,,0
2rr2k1/4ppbp/bq1p1np1/p1n5/4PP2/2N1BN1P/PPBQ1KP1/1R5R b - -,b6b4 e3c5 b4c5 d2e3 f6h5 e3c5 c8c5 g2g3 g7c3 b2c3,-273
5rk1/pR6/2p2P1p/3p4/5R1p/4r3/P1P3P1/6K1 b - -,f8f7 f4g4 g8f8 b7b8 e3e8 g4g8 f8g8 b8e8 f7f8 e8e7,-4
r7/1pp1r1k1/p2pBqpb/3Pp3/2P5/6PR/PP2QPK1/7R b - -,e5e4 h3h6 f6f3 e2f3 e4f3 g2f3 a8f8 f3g4 g7f6 h6h7,581
r2q1rk1/1b3pp1/1p1p1bn1/pBpPpNp1/P5P1/1PPQ3P/5P2/R1B1R1K1 b - -,g6f4 c1f4 e5f4 h3h4 g5h4 g1h2 a8a7 e1e4 g7g6 a1e1,-200
4r3/1pp5/p2b4/4N1k1/5p2/2P2R1P/PP4PK/3B4 b - -,g5f6 e5c4 d6c5 f3f4 f6g7 d1f3 b7b5 f4g4 g7h8 c4d2,571
4B3/6pp/1k6/p3p3/4K3/P7/2R3PP/8 b - -,g5f6 e5c4 d6c5 f3f4 f6g7 d1f3 b7b5 f4g4 g7h8 c4d2,Mate
rnbqk2r/pp1pppbp/2p2np1/6B1/3P4/4PN2/PPPN1PPP/R2QKB1R b KQkq -,e8h8 f1d3 d7d5 e1h1 b8d7 h2h3 c6c5 a2a4 b7b6 c2c3,27
rn1r2k1/1p2bppp/p1qp1n2/4pPP1/4P3/1NN1BQ2/PPP4P/R4RK1 b - -,a6a5 g5f6 e7f6 c3d5 b8d7 c2c3 g8h8 g1h1 d8g8 f1g1,528
r1bqk1nr/1p1p1pbp/p1n1p1p1/8/2BPP3/P1N2N2/1P3PPP/R1BQK2R b KQkq -,d7d6 e1h1 g8f6 c4a2 e8h8 c1f4 c6e7 f1e1 b7b5 e4e5,75
r2qr1k1/pQ1n1p2/2p4p/3p2p1/3P4/P1PB1PBP/2P2P2/R4K2 b - -,d7f6 a1b1 d8d7 b7d7 f6d7 b1b7 d7b6 g3e5 e8f8 b7c7,-29
2r3k1/pbrn1pp1/1p1p2qp/PP2p3/2P1N3/4P2P/1Q2BPP1/R2RB1K1 b - -,c7c4 e2c4 b7e4 c4f1 c8c2 b2a3 d7c5 g1h2 e4f5 a5a6,406
r1b1k2r/ppp1bppp/3p1q1n/8/2BPPP2/2P5/P2N2PP/R1BQ1RK1 b kq -,g7g6 d2f3 f6g7 d1d2 e8h8 f4f5 h6g4 f5g6 g7g6 h2h3,218
1r6/2p2ppk/2p1b2p/p3p1b1/PrPpP1P1/1P1P1PK1/3N4/1R5R b - -,g5d2 b1b2 d2f4 g3g2 b4b3 b2b3 b8b3 h1d1 b3b2 g2g1,-987
r2qk2r/1ppbbppp/p1n1p3/4P3/3P4/2PB1N2/P1Q2PPP/R1B1K2R b KQkq -,c6a5 e1h1 c7c5 d3h7 c5d4 c3d4 a8c8 c2b1 d7c6 h7e4,54
2kr3r/pQp2ppp/3p4/3n1b2/2q5/2P1pPP1/P2B3P/R2KR3 b - -,c6a5 e1h1 c7c5 d3h7 c5d4 c3d4 a8c8 c2b1 d7c6 h7e4,Mate
8/8/1R4k1/r7/6P1/5K2/8/8 b - -,,0
rn1qkb1r/pp3ppp/2p5/3pNb2/4B3/8/PPPP1PPP/RNBQK2R b KQkq -,d5e4 d2d4 b8d7 e1h1 f8d6 f2f4 e8h8 d1h5 g7g6 h5e2,-61
r1b1k2r/5ppp/pn1p1b2/2pP4/2P5/2P2N2/P2B1PPP/R3KB1R b KQkq -,c8f5 a2a4 e8h8 a4a5 b6d7 f1e2 a8b8 e1h1 b8b2 f1e1,-71
rnb1k1nr/ppp2pbp/3p2p1/3P4/4PB1q/2N3P1/PPP4P/R2QKBNR b KQkq -,,0
r1br4/1p1k2pp/2q2pn1/pR6/Q2p1P2/B7/P5PP/5R1K b - -,,0
rnb2rk1/ppp1p1bp/5np1/4Np2/2qP4/2N3P1/PP3PBP/R1BQR1K1 b - -,c4f7 e5f7 f8f7 g2f1 b8c6 d4d5 f6d5 c3d5 e7e6 c1f4,625
1r6/2p2ppk/2p1b2p/p3p3/PrPpP1P1/1P1P1PK1/3b4/5R1R b - -,b4b3 g3g2 d2f4 g4g5 f4g5 h1h2 b3d3 g2h1 e6c4 h2c2,-1203
6k1/5p2/6p1/1pb5/2p2r1p/2P2P1P/1P1Nq1Q1/6RK b - -,e2e3 g1f1 c5b6 h1h2 g8g7 d2e4 e3d3 h2h1 f4f5 f3f4,-473
rn1q1rk1/ppp3p1/3p1n1p/2b2b2/7N/1P4P1/P1P1PPBP/RNBQ1RK1 b - -,f5d7 b1c3 d7c6 c3d5 f8f7 c2c4 f6d5 c4d5 c6b5 b3b4,177
r1bqkb1r/pp1n1ppp/2p1pn2/8/P1NP4/2N5/1P2PPPP/R1BQKB1R b KQkq -,f8b4 e2e3 e8h8 f1d3 b7b5 c4e5 d7e5 d4e5 f6d7 e1h1,-21
r3k2r/pp3ppp/2n5/3pP3/5P1q/3B4/PP1Q1P1P/R4RK1 b kq -,,0
r1bq1rk1/5pp1/1p1p1bn1/pBpPpNp1/P5P1/1PPQ3P/5P1K/R1B1R3 b - -,g6f4 d3f3 g7g6 f5g3 g8g7 g3e4 f8h8 c1f4 g5f4 e1g1,-193
r2q1rk1/4b1pp/p2p1n2/Np1Pp2n/8/4BP2/PPPQ3P/2KR1B1R b - -,d8c7 a5c6 e7d8 c2c4 b5c4 c1b1 c7d7 f1c4 d7h3 d1c1,102
r2qk2r/nppbbppB/p3p3/4P3/3P4/2P2N2/P1Q2PPP/R1B1K2R b KQkq -,c7c5 d4c5 e7c5 e1h1 d8c7 a1b1 a8c8 h7e4 a7c6 g2g3,114
8/1pp5/p2b4/4r1k1/2P2p2/5R1P/PP4PK/3B4 b - -,e5e1 c4c5 d6e5 d1b3 e1c1 b3d5 c7c6 d5e6 c1c5 e6c8,-30
r1b4r/pp1nk2p/4pp2/3pP3/5P2/3B1N2/PPP4P/R3K2R b KQ -,d7c5 h1g1 f6e5 f4e5 c8d7 g1g7 e7f8 g7g3 c5d3 c2d3,93
r2qr1k1/ppp2p2/1b1p1n2/n3P1B1/2bP4/2N5/PP3PPP/R2QR1K1 b - -,d6e5 c3e4 f6e4 g5d8 e4f2 d1h5 a8d8 h5g5 g8f8 g5h6,-265
rn1q1bnr/ppp1kp1p/4NN2/3pP2Q/5p2/8/PPPP2PP/R1B1KB1R b KQ -,g8f6 h5f5 f7e6 f5f6 e7d7 f6h8 d8h4 e1d1 h4g4 f1e2,349
2r2rk1/4b3/p2p3p/1p2pPpn/8/5P2/PPP1NBPP/2RR2K1 b - -,f8f5 f2e3 f5f8 e2c3 g8f7 a2a4 b5a4 c3a4 c8c6 c2c4,-12
1R6/8/8/r5k1/6P1/5K2/8/8 b - -,,0
1r6/2p2ppk/2p1b2p/p3p3/P1PpPbP1/3r1P1R/5K2/7R b - -,a5a3 f3g2 a3a4 b8b5 g5g4 g2f2 a4a2 f2e3 a2a3 e3e2,Mate
2b1rrk1/4qpbp/pp1p2p1/2pPn3/2P1NB2/PP5P/2Q1BPP1/4RRK1 b - -,h7h6 e4d2 c8f5 c2d1 e7f6 f4h2 e5d3 d2e4 e8e4 e2d3,-41
r2r2k1/1p2qppp/p1n1pb2/8/3PQ3/P1N1B3/1P3PPP/R2R2K1 b - -,d8d7 d1d3 a8d8 a1d1 g7g6 g1f1 f6g7 d4d5 e6d5 e4e7,-30
2kQ4/ppp2ppp/2n1r3/4b3/8/5N1q/PPP1BP2/R1B2RK1 b - -,c6d8 f3e5 e6e5 f1e1 d8e6 c1d2 e6d4 e2d1 e5e1 d2e1,-635
r1b1k2r/ppp1bp1p/3p1qpn/8/2BPPP2/2P2N2/P5PP/R1BQ1RK1 b kq -,f6g7 d1d2 e8h8 f4f5 h6g4 f5g6 h7g6 f3g5 g4h6 a2a4,220
3r2k1/pp2bpp1/4n2p/8/2P5/1PN2N2/P5PP/5R1K b - -,d8d3 c3d5 e7d6 g2g3 b7b5 h1g2 b5c4 b3c4 d3a3 f1f2,-66
4r3/pk2P3/1p3Bp1/2p5/2b1P2p/P1P4P/6P1/3R2K1 b - -,a7a5 d1d8 c4b5 f6h4 b5c6 g1f2 b6b5 f2e3 b7b6 h4f6,532
r2qkb1r/pp2pp1p/2b3p1/3nN3/8/2N2Q2/PP1P1PPP/R1B1K2R b KQkq -,d8a5 f3f7 e8d8 e1h1 d5c3 e5c6 b7c6 d2c3 a5d5 f7f4,356
rnbqk2r/ppp2pp1/4pB1p/8/1bpP4/2N2NP1/PP2PP1P/R2QKB1R b KQkq -,d8f6 d1a4 b8c6 a2a3 b4c3 b2c3 e8h8 f1g2 e6e5 a4c4,-7
r1b2rk1/pp2pp1p/6pb/n2P4/q1p5/P1P2NB1/1Q1N1PPP/4RRK1 b - -,f8e8 b2b4 c8d7 e1e7 h6f8 e7e8 a8e8 g3d6 f8g7 b4a4,-40
rn1q1bnr/ppp1kp1p/4bN2/3pP1NQ/3P1p2/8/PPP3PP/R1B1KB1R b KQ -,g8f6 e5f6 e7d7 g5e6 f7e6 c1f4 b8c6 h5f7 d7c8 f7e6,407
r4rk1/p1p2ppp/2p1pq2/2bpN2n/3P1Pb1/1P2P3/PBP3PP/RN2QRK1 b - -,c5b6 e5g4 f6f5 g4e5 f7f6 e5d3 e6e5 f4e5 f5e6 b2a3,507
2r2rk1/4bp2/p2p3p/1p2p1p1/4PN2/5P2/PPP2BPP/2RR2K1 b - -,g5f4 c2c3 f7f5 e4f5 f8f5 c1a1 f5f8 a2a4 g8f7 a4b5,-22
8/2b5/4ppp1/3k3p/7P/4B1P1/P3KP2/8 b - -,,0
1R6/8/8/6k1/6P1/r7/6K1/8 b - -,,0
r1brk3/1p4pp/2q2pn1/pR6/Q2p1P2/B7/P5PP/4R2K b - -,g6e5 e1c1 c6d7 f4e5 a8a6 e5f6 g7f6 h2h3 a6e6 a4a5,59
8/8/n2R4/4Pppk/5P1p/7P/6PK/8 b - -,a6c7 e5e6 g5g4 e6e7 c7e8 d6d8 h5g6 d8e8 g6f7 e8h8,788
r2qr1k1/pp1n1p2/2p4p/3p2pb/3P4/P1PB1NPP/2P3P1/RQ3RK1 b - -,b7b6 b1b3 c6c5 b3d5 d7e5 d5d8 e5f3 f1f3 a8d8 g3g4,56
rn1q1b1r/ppp1kp1p/4bP2/3p2NQ/3P1p2/8/PPP3PP/R1B1KB1R b KQ -,e7d7 g5e6 f7e6 c1f4 b8c6 h5f7 d7c8 f7e6 d8d7 e6d7,411
2kr1b1r/ppp1pppp/3q1n2/8/3B4/P1N2B2/1PP2PPP/R2QK2R b KQ -,d6d4 d1e2 d4c5 c3e4 f6e4 e2e4 c7c6 e1h1 e7e6 b2b4,-82
2r1r1k1/4pp1p/1qb2bpB/1pp2P2/1n2P3/P3Q1PP/4N1BK/2RR4 b - -,b6b8 a3b4 c5b4 h6f4 b8b7 e2d4 f6d4 d1d4 b4b3 f4h6,293
rn2kbnr/pppqpppp/8/3p1b2/8/1QP1P3/PP1P1PPP/RNB1KBNR b KQkq -,c7c5 g1f3 e7e6 f1e2 b8c6 d2d4 g8f6 b1d2 f8d6 f3h4,-61
2r2rk1/4bp2/p2p3p/1p2p1p1/4Pn2/5PN1/PPP2BPP/2RR2K1 b - -,d6d5 g3f5 f8e8 g1f1 d5e4 f5h6 g8g7 h6f5 g7g6 f3e4,48
r1bqk2r/1p1pnpbp/p1n1p1p1/8/2BPP3/P1N2N2/1P3PPP/R1BQ1RK1 b kq -,d7d5 c4a2 d5e4 c3e4 e8h8 d1d3 c6d4 c1g5 d4c6 d3e2,9
r3k2r/pp1q1ppp/2nbpn2/1B1p2B1/3P4/2N5/PPP2PPP/R2Q1RK1 b kq -,a7a6 b5c6 d7c6 g5f6 g7f6 d1h5 c6c7 a1c1 e8a8 c3e2,-13
r1b4k/ppq3p1/2n1p1Bp/3p4/3P1N1B/5P2/PPQ2P1b/R4R1K b - -,h8g8 h4g3 h2g3 f2g3 c8d7 a1e1 c7d8 g6h7 g8h8 h7d3,500
r1b2rk1/pppnqpbp/3p2p1/2P1p3/3P4/2P1PN1P/P3BPPB/R2Q1RK1 b - -,e5d4 c5d6 c7d6 c3d4 d7f6 e2d3 c8e6 d1a4 f8c8 f1c1,50
2rr2k1/4ppbp/b2p1np1/p1B5/1q2PP2/2N2N1P/PPBQ1KP1/1R5R b - -,b4b8 c5e3 d6d5 e4e5 f6e4 c3e4 d5e4 f3d4 g6g5 g2g3,248
r1b1kb1r/p1qp1ppp/2p1pn2/4P3/8/2N5/PPP1BPPP/R1BQK2R b KQkq -,c7e5 e1h1 d7d5 c3a4 f8e7 c2c4 e8h8 f1e1 e5b8 d1b3,-142
1r2b1k1/1pp2rb1/p1nq2p1/2Np1p1p/1P1P3P/P2BPNP1/2Q2P2/2R1R1K1 b - -,a6a5 b4b5 c6d8 d3f1 g7f6 c5d3 f7e7 c1b1 g8g7 a3a4,153
r1b3r1/pp1nk2p/4pp2/3pP3/5P2/3B1N2/PPP2K1P/R6R b - -,f6e5 f4e5 g8f8 f2e2 b7b6 a1g1 f8f7 g1g5 d7c5 g5g8,131
rnbqkb1r/pp3ppp/2pp1n2/8/2PQP3/4BP2/PP4PP/RN2KBNR b KQkq -,f8e7 b1c3 e8h8 e1a1 c8e6 g1e2 b8d7 e2f4 a7a6 g2g4,48
8/8/8/8/1R4k1/r7/6K1/8 b - -,,0
2kr4/ppp2ppp/2n1r3/4N3/8/3Q3q/PPP1BP2/R1B2RK1 b - -,d8d3 e2g4 d3g3 f2g3 h3g3 g1h1 c6e5 g4e6 f7e6 c1f4,-565
6k1/pR3r2/2p2P1p/3p4/6Rp/4r3/P1P3P1/6K1 b - -,g8f8 b7b8 e3e8 g4g8 f8g8 b8e8 f7f8 e8e6 f8c8 e6d6,-1
r1b1r1k1/pp2pp1p/3P2pb/n7/q1p5/P1P2NB1/1Q1N1PPP/4RRK1 b - -,c8f5 e1e7 e8e7 d6e7 a8e8 b2b4 a4b4 a3b4 a5b3 d2c4,-38
8/1pp5/3b4/p3r1k1/2P2p1P/5R2/PP4PK/3B4 b - -,g5f6 h2h3 e5e1 f3d3 f6f5 d1g4 f5f6 g4f3 f6f5 d3d1,48
r2br1k1/pp3ppp/2p5/2P4b/5B2/3B4/PP3PPP/2R1R1K1 b - -,d8f6 g1f1 f6b2 c1b1 b2d4 b1b7 d4c5 e1e8 a8e8 b7c7,-3
8/8/8/8/8/6k1/4K3/r6Q b - -,d8f6 g1f1 f6b2 c1b1 b2d4 b1b7 d4c5 e1e8 a8e8 b7c7,Mate
7r/5Rpp/1pk5/2b2N2/4n3/4B3/PPP2PPP/2K1R3 b - -,e4d6 f5d6 c6d6 f7g7 c5e3 e1e3 h7h6 e3d3 d6e6 g7g6,770
8/7R/2p3p1/3n1k1p/5P1P/R5P1/2r5/7K b - -,c6c5 h7d7 d5c3 d7d6 c3b5 d6d5 f5g4 a3e3 g4h3 h1g1,1
rnb2rk1/ppp1p1bp/5np1/4Np2/1q1P4/P1N3P1/1P3PBP/R1BQR1K1 b - -,b4d4 d1d4 e7e6 d4c4 b8c6 g2c6 b7c6 e5c6 f8e8 c1f4,691
rnbqk2r/1pp2p1p/p3pp2/8/3PQ3/2P2N2/P1P2PPP/R3KB1R b KQkq -,d8d6 f1e2 f6f5 e4e3 b8d7 f3d2 b7b5 e2f3 a8b8 e1h1,86
r3qrk1/4b1pp/p1Np1n2/1p1Pp2n/8/4BP2/PPPQ3P/2KR1B1R b - -,e7d8 f1h3 g8h8 d1e1 d8c7 h1f1 f6g8 f3f4 h5f4 e3f4,142
r2rk3/1R4pp/2q1bpn1/p7/Q2p1P2/B7/P5PP/4R2K b - -,d8d6 a4c6 d6c6 f4f5 g6e5 f5e6 c6e6 b7g7 a8a6 h2h3,-121
r3kbnr/pp1n1ppp/1qp1p3/3p1b2/3P3B/1P1BPN2/P1P2PPP/RN1QK2R b KQkq -,f5d3 d1d3 g8h6 e1h1 h6f5 h4g3 f5g3 h2g3 f8e7 c2c4,-6
rnbqk1nr/ppp2ppp/3p4/2bPp3/4P3/2P2P2/PP4PP/RNBQKBNR b KQkq -,a7a5 c3c4 g8e7 b1c3 e8h8 d1e2 c7c6 c1e3 b8a6 e2d2,-98
8/4k3/1p1p1pp1/R3p2p/P1PnP2P/2K3P1/5P2/3B4 b - -,,0
2r1r1k1/4pp1p/nqb2bpB/1pp2P2/4P2P/P3Q1P1/4N1BK/2RR4 b - -,g6f5 e2c3 b5b4 a3b4 a6b4 e4e5 c6g2 e5f6 e7f6 e3f4,-51
rn1r2k1/1p1nbppp/p1qp4/3NpPP1/4P3/1N2BQ2/PPP4P/R4RK1 b - -,e7g5 e3g5 f7f6 d5e7 g8h8 e7c6 b8c6 g5e3 c6d4 e3d4,633
4k3/8/1r2pN1p/2p5/Pb4r1/4Q1P1/1P5q/1R1K4 b - -,e7g5 e3g5 f7f6 d5e7 g8h8 e7c6 b8c6 g5e3 c6d4 e3d4,Mate
r3r1k1/ppqn1p2/2p4p/3p2pb/3P2P1/P1PB1N1P/2P3P1/RQ3RK1 b - -,e8e3 g4h5 c6c5 b1c1 c5d4 c3d4 a8e8 f3e5 e8e5 d4e5,399
r2r2k1/1p2qppp/p1n1pb2/8/2QP4/P1N1B3/1P3PPP/R2R2K1 b - -,e7d7 d4d5 f6c3 c4c3 e6d5 e3d4 f7f6 d4b6 d8e8 b2b4,-63
r3r1k1/pp3ppp/2p2b2/2P4b/5B2/3B4/PP3PPP/2R1RK2 b - -,f6b2 c1b1 b2d4 b1b7 d4c5 b7c7 c5b6 c7c6 h5g4 e1c1,-2
r1bq1rk1/1p1pnpbp/p1n1p1p1/3P4/2B1P3/P1N2N2/1P3PPP/R1BQ1RK1 b - -,b7b5 c4a2 b5b4 c3a4 e6d5 e4d5 c6e5 f3e5 g7e5 d5d6,96
rnb2rk1/ppp1p1bp/1q3np1/4Np2/N2P4/P5P1/1P3PBP/R1BQR1K1 b - -,b6e6 e5g6 e6e1 d1e1 h7g6 a4c5 b8c6 c5e6 f8f7 e6c7,369
rnbqk2r/p1ppnpbp/1p2p1p1/6N1/2B1P3/2NP4/PPP2PPP/R1BQK2R b KQkq -,h7h6 g5f3 d7d5 c4b3 c7c5 e1h1 e8h8 e4d5 e6d5 h2h3,-68
2r3k1/p1rn1pp1/1p1p2qp/PP2p3/2P1b3/4PP1P/1Q2B1P1/R2RB1K1 b - -,e4a8 b2d2 e5e4 f3f4 d6d5 c4d5 g8h7 d2d4 c7c5 a5b6,156
8/8/8/6k1/8/4r3/5K2/1R6 b - -,,0
r4rk1/1p4pp/p1nqp3/4p1b1/3pP3/1BP2P2/PP1NQ1PP/3R1RK1 b - -,a8d8 g2g3 d4d3 e2f2 c6a5 h2h4 g5h6 d2c4 a5c4 b3c4,-80
3r2k1/pp2bpp1/7p/3N4/2Pn4/1P3N2/P5PP/5R1K b - -,d4c6 g2g4 g8f8 h2h4 c6b4 d5e7 f8e7 h1g2 d8d3 f1e1,-21
3k4/8/1r2p2p/2p5/Pb4N1/4Q1P1/1P5q/1R1K4 b - -,e7c5 b3b4 d4f3 g2f3 c5f8 h1g2 f7f5 h2h4 g8f7 a2a4,Mate
r1b2rk1/ppp1bp1p/3p1qpn/5P2/2BPP3/2P2N2/P5PP/R1BQ1RK1 b - -,f6g7 f5f6 e7f6 d1d2 g6g5 f3g5 g8h8 f1f3 b7b5 c4d5,291
r2q1rk1/ppp3pp/1bn5/3pPp2/3Pn3/2N1BB1P/PP3PP1/R2Q1RK1 b - -,d8d7 c3e2 c6d8 a2a4 a7a5 d1b3 d8e6 a1d1 b6a7 e2g3,53
2b1rrk1/4qpbp/pp1p2p1/2pPB3/2P1N3/PP5P/2Q1BPP1/R4RK1 b - -,g7e5 a1d1 e7h4 e4g3 f7f5 e2f3 g6g5 f1e1 e8e7 g3e2,-239
rn2kbnr/pp1qpppp/2p5/3p1b2/8/1QP1PN2/PP1P1PPP/RNB1KB1R b KQkq -,g8f6 d2d4 e7e6 c3c4 f8d6 f1e2 e8h8 e1h1 d7c7 h2h3,-23
r3k2r/1p1q1ppp/p1nbpn2/1B1p2B1/3P4/2N5/PPP1QPPP/R4RK1 b kq -,a6b5 g5f6 g7f6 c3b5 h7h5 c2c4 e8f8 c4d5 e6d5 f1c1,-347
8/5k2/R2P2p1/6K1/1p6/5P2/P2r4/8 b - -,,0
r1b3r1/pp1nk2p/4pp2/3pP3/5P2/3B1N2/PPP1K2P/R6R b - -,d7f8 a1g1 f8g6 e5f6 e7f6 e2e3 c8d7 h2h4 d7c6 f3d4,117
8/8/8/6k1/8/r7/5K2/5R2 b - -,,0
rn2k2r/pp2bppp/2p1pnb1/q7/3P1B2/P1NB1N1P/1PP2PP1/R2Q1RK1 b kq -,e8h8 b2b4 a5d8 c3a4 a7a5 d3g6 h7g6 a4c5 b7b6 c5d3,22
rnb2rk1/ppp1p1bp/3q1np1/2N1Np2/3P4/P5P1/1P3PBP/R1BQR1K1 b - -,b8c6 d1b3 e7e6 e5c6 b7c6 c5e6 a8b8 b3b8 c8e6 b8a7,299
r3qr1k/3nb1pp/p1Np4/1p1Pp2n/8/3BBP2/PPPQ3P/2KR2R1 b - -,e7h4 d2b4 h5f4 c1b1 h4e7 d3e4 d7c5 e3c5 d6c5 b4d2,108
3k4/8/3rp2p/2p5/Pb4N1/4Q1P1/1P5q/1RK5 b - -,e7h4 d2b4 h5f4 c1b1 h4e7 d3e4 d7c5 e3c5 d6c5 b4d2,Mate
1r2r1k1/2qnppb1/3p2p1/1bp3B1/p3P3/2P2NP1/PPQ2PB1/1R2R1K1 b - -,c5c4 f3d4 c7a5 c2d2 d7e5 b2b4 a4b3 a2b3 e5d3 b1a1,-68
rnb1kb1r/ppp2ppp/8/4p3/4nP2/2NK4/PPPP1qPP/R1BQ1BNR b kq -,b8a8 b2b3 a4b3 a2b3 a8a3 b1a1 a3a5 a1a5 c7a5 g5d2,Mate
r2q1rk1/2p1bpp1/p1npbn1p/1p2p3/3PP3/2P2N2/PPBN1PPP/R1BQR1K1 b - -,c6a5 d4e5 d6e5 f3e5 c7c5 e5d3 c5c4 d3f4 e6g4 f2f3,140
7r/1p4k1/p1prBqpb/3PQ3/1P6/6PR/P4PK1/4R3 b - -,d6e6 e5e6 f6e6 d5e6 h8c8 f2f4 b7b6 e6e7 c8e8 h3h1,556
2r2rk1/4bp2/p2p3p/1p2p3/4Pp2/5PP1/PPP2B1P/2RR2K1 b - -,f4g3 f2g3 f7f5 c2c4 b5c4 f3f4 f5e4 f4e5 d6e5 d1d5,-117
r2q1rk1/1pbn1ppp/p1p2n2/P1Ppp3/1P1P4/2NQPN2/1B3PPP/R4RK1 b - -,e5e4 d3e2 e4f3 e2f3 f8e8 f3e2 d7f8 c3a4 e8e6 b2c3,-416
r1b5/pp1nk2p/4pp2/3pP3/5P2/3BKN2/PPP3rP/R6R b - -,h7h5 h1g1 g2g4 h2h3 d5d4 f3d4 g4g1 e5f6 d7f6 a1g1,274
8/8/8/6k1/8/1r6/8/5RK1 b - -,,0
r1b1qrk1/p1pn1pbp/1p1p2p1/4p3/P1PP4/2P1PN1P/4BPPB/R2Q1RK1 b - -,a7a5 f1e1 c8b7 f3d2 e8e7 e2f3 e5e4 f3e2 a8c8 f2f3,-37
r1b2rk1/ppp1bpqp/3p1Ppn/8/2BPP3/2P2N2/P5PP/R1BQ1RK1 b - -,e7f6 d1d2 g6g5 f3g5 f6e7 f1f3 b7b5 c4b3 a7a5 f3g3,276
1r6/2p2ppk/2p1b2p/p3p3/P1PpPbP1/5P1R/3r4/4K2R b - -,e7f6 d1d2 g6g5 f3g5 f6e7 f1f3 b7b5 c4b3 a7a5 f3g3,Mate
2b1r1k1/5ppp/2Qp4/3P4/1q6/3B4/5PPP/3K3R b - -,g8f8 d1c2 c8f5 c6e8 f8e8 d3f5 b4c5 c2b1 g7g6 f5h3,-555
r2bqr1k/3n2pp/p1Np4/1p1Pp2n/1Q6/3BBP2/PPP4P/2KR2R1 b - -,a6a5 b4d6 f8f6 d6a3 b5b4 a3a4 f6f3 c6d8 f3e3 d8e6,153
3r2k1/pp3pp1/7p/2bN4/2PN4/1P6/P5PP/5R1K b - -,a7a6 d4f5 g8f8 g2g4 b7b5 f5g3 c5a3 f1f3 d8e8 f3e3,466
r1bq1rk1/3pnpbp/p1n1p1p1/1p1P4/4P3/P1N2N2/BP3PPP/R1BQ1RK1 b - -,b5b4 c3a4 e6d5 e4d5 c6e5 f3e5 g7e5 d5d6 e7c6 a2d5,116
8/8/8/6k1/8/6r1/7K/5R2 b - -,,0
rnb1kb1r/ppp2ppp/8/2n1p3/2K2P2/2N5/PPPP1qPP/R1BQ1BNR b kq -,g3b3 h2g1 g5g4 f1f8 g4g3 g1f1 b3b2 f1e1 b2b1 e1d2,Mate
2k5/ppp2ppp/2n1r3/4N3/8/3P3q/PP2BP2/R1B2RK1 b - -,g3b3 h2g1 g5g4 f1f8 g4g3 g1f1 b3b2 f1e1 b2b1 e1d2,Mate
r2rk3/1p4pp/2q1Rpn1/pR6/Q2p1P2/B7/P5PP/7K b - -,c6e6 b5e5 e8f7 e5e6 f7e6 a4b3 e6f5 a3c1 g6f4 b3f3,127
r4rk1/1b2bppp/ppnq4/3p4/P2P4/4BN2/BP1Q1PPP/R4RK1 b - -,f8c8 f1e1 d6d7 d2d1 e7b4 e3d2 c8e8 e1e8 a8e8 a1c1,34
6k1/2p3b1/3p3p/P1pPp1p1/1rP1Nr2/5P2/P5PP/3R1RK1 b - -,f4f8 d1b1 b4c4 b1b7 f8a8 b7c7 a8a5 e4d6 c4c2 a2a4,92
2r1r1k1/4pp1p/nqb2b1B/1pp2p2/4P2P/P1N1Q1P1/6BK/2RR4 b - -,b6c7 h6f4 f6e5 e4f5 e5f4 g3f4 c6g2 d1g1 g8h8 g1g2,-38
r1bq1rk1/ppppbppp/5n2/4N1B1/2N1P3/2PP4/PP3PPP/R2QK2R b KQ -,d7d5 e4d5 d8d5 d1f3 f8e8 e1h1 c8e6 f1e1 d5f3 e5f3,62
8/8/8/6k1/8/1r6/7K/6R1 b - -,,0
r1bq1rk1/ppp2p1p/3p2p1/2PP4/2P1PpP1/2bB1N1P/P4P2/R2Q1RK1 b - -,h7h5 a1c1 h5g4 h3g4 d8f6 c5d6 c7d6 d1b3 c3a5 c4c5,-137
r3r1k1/ppqn1p2/2p3bp/3p2p1/3P2P1/P1PB1N1P/2P3P1/R1Q2RK1 b - -,g6d3 c2d3 e8e2 c1d1 e2e6 a1a2 d7f8 a2f2 f7f6 f3e1,-43
8/1pp5/3b4/p3r3/2P2R1k/8/PP4PK/3B4 b - -,h4g5 g2g3 e5e3 f4f3 e3e4 f3f2 e4c4 h2g2 a5a4 b2b3,-7
r3k2r/1p1q1ppp/2nbpn2/1Q1p2B1/3P4/2N5/PPP2PPP/R4RK1 b kq -,c6d4 b5d3 d4c6 g5f6 g7f6 a2a4 h8g8 f1d1 f6f5 a4a5,-450
r1b1k2r/pppqppbp/2n3pB/1B1pP3/3P4/5N1P/PPP2PP1/RN1QK2R b KQkq -,g7h6 b5a4 e8h8 e1h1 a7a6 c2c4 d7d8 c4d5 c6b4 b1c3,60
3qr1k1/pb3pp1/4pn1p/1pN5/3PPQ2/1Br1R2P/P4PP1/3R2K1 b - -,g7g5 f4e5 c3e3 c5b7 d8b6 e5f6 e3b3 a2b3 b6b7 f6h6,305
rnb2rk1/ppp1p1bp/3q2p1/2N1Np2/3Pn3/PQ4P1/1P3PBP/R1B1R1K1 b - -,d6d5 b3d5 e7e6 c5e6 c8e6 d5e6 g8h8 g2e4 b8d7 e6d7,973
2r2rk1/4bp2/p2p3p/1p2p3/4P3/5PP1/PPP2B2/2RR2K1 b - -,e7g5 c1a1 c8c2 d1d6 f7f5 f3f4 f5e4 f2e3 e5f4 g3f4,-139
r1bqkbnr/pp1ppp1p/2n3p1/2p5/4P3/2N3P1/PPPPQP1P/R1B1KBNR b KQkq -,d7d6 f1g2 g8f6 d2d3 f8g7 a2a4 e8h8 g1f3 b7b6 h2h3,-38
r2rk3/1p4pp/4qpn1/p3R3/Q2p1P2/B7/P5PP/7K b - -,e8f7 e5e6 f7e6 a4b3 e6f5 a3c1 g6f4 b3f3 f5e6 c1f4,130
rn1qk2r/ppp2ppp/4pn2/3p2B1/1bPP2b1/1QN1P3/PP3PPP/R3KBNR b KQkq -,b8c6 h2h3 g4f5 g5f6 g7f6 c4d5 d8d5 b3d5 e6d5 g1e2,69
r2q1rk1/1pbn1ppp/p1p2n2/2PpP3/PP6/2NQPN2/1B3PPP/R4RK1 b - -,c7e5 d3c2 a6a5 b4b5 d8e7 b2a3 f8e8 h2h3 e5c3 c2c3,25
r1b1qrk1/2pn1pbp/1p1p2p1/p3p3/P1PP4/2P1PN1P/4BPPB/1R1Q1RK1 b - -,c8b7 f3d2 a8a7 d1b3 g8h8 f1e1 e8e7 f2f3 f7f5 g1h1,-46
r3qr1k/2bn2pp/p1Np4/1p1Pp2n/7Q/3BBP2/PPP4P/2KR2R1 b - -,d7f6 g1g5 e8f7 d1g1 a8e8 c1b1 f8g8 f3f4 g7g6 f4f5,221
rn2kbnr/pp1qp1pp/2p2p2/3p1b2/2P5/1Q2PN2/PP1P1PPP/RNB1KB1R b KQkq -,,0
3r2k1/pp3pp1/7p/3N4/2Pb4/1P6/P5PP/3R3K b - -,f7f5 d1d4 d8e8 h1g1 e8e2 d4f4 e2a2 f4f5 a7a5 f5f1,461
8/8/8/8/8/1r2k1K1/8/5R2 b - -,,0
r1bq1rk1/ppp1bppp/5B2/n2pN3/2B1P3/2PP4/PP1N1PPP/R2QK2R b KQ -,g7f6 e5f7 g8f7 c4d5 f7g7 a2a3 f6f5 e1h1 d8d6 f1e1,-72
2k5/ppp2ppp/2n1r3/8/8/3N3q/PPP1BP2/R1B2RK1 b - -,g7f6 e5f7 g8f7 c4d5 f7g7 a2a3 f6f5 e1h1 d8d6 f1e1,Mate
rn2kbnr/pp1q2pp/2p2p2/3ppb2/2P5/1QN1PN2/PP1P1PPP/R1B1KB1R b KQkq -,,0
8/8/8/8/4k3/1r6/6K1/5R2 b - -,,0
8/5k2/R2P2p1/8/1p3K2/5P2/P5r1/8 b - -,,0
r3r1k1/pp3ppp/2p5/2P4b/5B2/3B4/Pb3PPP/1R2RK2 b - -,,0
r2r4/1p3kpp/4Rpn1/p7/Q2p1P2/B7/P5PP/7K b - -,f7e6 a4b3 e6f5 a3c1 g6f4 b3f3 f5e6 c1f4 d4d3 f4d2,132
6k1/2p3b1/3p3p/P1pPp1p1/2r2r2/5P2/P2N2PP/3R1RK1 b - -,c4a4 d2e4 a4a5 d1b1 a5a2 b1b8 g7f8 b8c8 a2a7 h2h3,-98
r1bqk2r/pp1nppb1/2pp3p/6pn/2PP4/2N1PNB1/PPQ2PPP/R3KB1R b KQkq -,e8h8 f1d3 d7f6 e1h1 h5g3 h2g3 a8b8 e3e4 f6g4 b2b4,33
8/1pp5/3b4/p3r1k1/2P3R1/8/PP4PK/3B4 b - -,g5h6 g2g3 e5g5 h2h3 h6g6 g4g5 g6g5 h3g2 g5f6 g2f3,9
6k1/5p2/6p1/1pb5/2p2r1p/2P1qP1P/1P1N2Q1/5R1K b - -,c5b6 d2e4 e3d3 e4d2 g8g7 f1e1 f4f6 g2e2 d3d7 e2g2,-499
8/8/8/8/4k3/8/1r6/5RK1 b - -,,0
rnbqkb1r/1pp1pppp/p4n2/8/2NP4/5N2/PP2PPPP/R1BQKB1R b KQkq -,c8e6 c4d2 b8c6 e2e3 g7g6 f1e2 f8g7 e1h1 e6f5 d1b3,46
r1bqkb1r/pp1n1ppp/2pp1n2/4p3/3PP3/2N1BP2/PPP3PP/RQ2KBNR b KQkq -,d6d5 e4d5 f8b4 d5c6 b7c6 b1c1 f6d5 e3d2 b4c3 d2c3,-70
r3r1k1/ppqn1p2/2p4p/3p2p1/3P2P1/P1PP1N1P/6P1/R1Q2RK1 b - -,e8e6 c3c4 e6e2 f1e1 e2e1 c1e1 d7f8 c4d5 c6d5 a1c1,-18
r1r2qk1/pR3pp1/4p3/6P1/8/4PQ2/5PP1/5RK1 b - -,c8b8 b7b8 a8b8 g5g6 f7g6 f3f8 g8f8 f1a1 b8b7 g1h2,7
4Rr2/pR1Q1Pk1/8/2p2P1p/r7/8/P5P1/6K1 b - -,c8b8 b7b8 a8b8 g5g6 f7g6 f3f8 g8f8 f1a1 b8b7 g1h2,Mate
r3kbnr/pp1b1ppp/1qn1p3/3pP1B1/2Pp4/1P3N2/P4PPP/RN1QKB1R b KQkq -,g8e7 f1e2 e7g6 e1h1 f8c5 b1d2 h7h6 g5h4 g6h4 f3h4,-254
4r1k1/pp3pp1/7p/3N4/2Pb4/1P4P1/P6P/3R3K b - -,d4e5 h1g2 g8f8 g2f3 g7g6 c4c5 e8d8 f3e4 e5b2 b3b4,17
4r1k1/p3b1p1/r3pn2/1p2B1p1/1Pp5/2p2P1B/P1P4P/1K1RR3 b - -,g8f7 f3f4 g5f4 e5f4 e7b4 h3g2 b4c5 f4c7 e8e7 c7e5,-233
8/8/8/4k3/8/8/1r3R2/6K1 b - -,,0
4r1k1/p4ppp/8/1pP1PP2/2n2B2/8/P5PP/2R3K1 b - -,g7g5 f4g5 e8e5 g5h6 e5c5 c1d1 c5c8 f5f6 b5b4 d1d7,58
r1bqk2r/pppp1ppp/2N2n2/2b5/2B1P3/2N1B3/PPP2PPP/R2QK2R b KQkq -,b7c6 e3c5 d7d6 c5a3 e8h8 d1d2 f6e4 c3e4 f8e8 f2f3,516
4k3/8/1r2p2p/2p5/Pb2N1r1/6P1/1P2Q2q/1R1K4 b - -,h2h1 d1c2 h1e4 e2e4 g4e4 b1h1 e4e2 c2d3 e2b2 d3e4,-923
r1br2k1/ppp2Nbp/3qp1p1/8/3nRB2/P3Q1P1/1P3PBP/R5K1 b - -,d4c2 f4d6 c2e3 f7d8 e3g2 d6e5 c8d7 e5g7 g8g7 a1d1,446
r3r1k1/ppqn4/2p2p1p/3p2p1/3P2PP/P1PP1N2/6P1/R1Q2RK1 b - -,d7f8 c1d2 f8e6 f3h2 e6f4 a1e1 c7h7 e1e3 g8f8 g2g3,-48
1r3knr/3qbp1p/R3p1p1/1p1pP3/1PnP1B2/2N2P2/2B3PP/Q4R1K b - -,e7b4 f1b1 b4c3 a1c3 h7h6 c3e1 f8g7 f4c1 d7c8 a6a7,-52
8/8/8/4k3/8/8/8/1r3RK1 b - -,,0
r1b2rk1/ppp1bpqp/3p2Pn/8/2BPP3/2P2N2/P5PP/R1BQ1RK1 b - -,g7g6 d1d2 g8g7 c4d3 f7f5 e4e5 h6f7 e5d6 c7d6 d2e1,189
r4rk1/2q3pp/p4b2/np1pp3/8/2PQ1P2/PPBN2PP/R3K2R b KQ -,e5e4 d3d5 g8h8 d2e4 a8d8 d5c5 c7c5 e4c5 a5c4 e1h1,108
r2q1rk1/ppp4B/3p4/2PPp2P/2P2pp1/5N1b/P4P1K/1Q2R3 b - -,g8h8 c5d6 c7d6 h7e4 d8e8 f3e5 d6e5 e4g6 e8d7 b1d3,-324
8/8/8/8/1k4K1/8/8/1Q6 b - -,g8h8 c5d6 c7d6 h7e4 d8e8 f3e5 d6e5 e4g6 e8d7 b1d3,Mate
4r1k1/p5p1/r3pn2/1p2B1p1/1bp5/2p2P1B/P1P4P/1K1R2R1 b - -,g8f7 g1g5 g7g6 h3g2 b4e7 f3f4 b5b4 d1g1 e8g8 g2b7,-167
r1bqk1nr/pppp1ppp/8/2b5/2nPP3/2P5/PP3PPP/RNBQK2R b KQkq -,c5e7 e1h1 c4b6 a2a4 a7a5 c3c4 b6c4 b1c3 c4b6 d4d5,-566
r1bq1rk1/3pnpbp/p3p1p1/np1P4/4P3/P1N2N2/BP3PPP/R1BQ1RK1 b - -,a5c4 a2c4 b5c4 c1g5 h7h6 g5f4 c8b7 f4e5 f7f6 e5d6,51
r3R1k1/pp3ppp/2p5/2P4b/5B2/2bB4/P4PPP/1R3K2 b - -,,0
8/1pp5/3b4/p3rk2/2P3R1/7K/PP4P1/3B4 b - -,f5f6 g4d4 f6g5 b2b3 e5e3 d1f3 b7b6 d4g4 g5f6 h3h4,6
4r1k1/pp3pp1/7p/3N4/2P5/1P4P1/P2R1b1P/7K b - -,e8e1 h1g2 f2c5 b3b4 c5f8 c4c5 f7f5 a2a3 a7a5 g2f2,26
r1b5/pp1nk2p/4pp2/3pP3/5Pr1/3B1N2/PPP1K2P/R5R1 b - -,f6f5 g1g4 f5g4 f3h4 d7b6 d3h7 c8d7 e2f2 e7f7 f2g3,241
3r1rk1/pbp1qpp1/1p3n1p/3p2PP/4P3/2N2P2/PPP1B3/2KR2QR b - -,h6g5 g1g5 d8d7 h1g1 f6e8 g5e7 d7e7 c3d5 e7e5 d5f4,214
1r4nr/3qbpkp/R3p1p1/1p1pP3/1PnP1B2/2N2P2/2B3PP/QR5K b - -,e7d8 a6a8 b8a8 a1a8 g8e7 a8a6 d7c6 b1a1 c6b6 a6b6,-28
r4rk1/1b3ppp/1pnqpn2/p1pp4/3P1PP1/2PBP3/PP1N1N1P/R2Q1RK1 b - -,c5d4 c3d4 b7a6 d3a6 a8a6 a1c1 c6e7 d2f3 a6a8 d1d2,-26
4k3/8/1r2p2p/2p5/Pb2N1r1/6P1/1PK1Q3/1R5q b - -,h1e4 e2e4 g4e4 b1c1 e4c4 c2b1 c4c1 b1c1 b4a5 c1b1,-1049
Q1bqr3/p1p2kpp/5n2/1Bb5/3p4/8/PP1P1PPP/RNBK3R b - -,c8g4 f2f3 d8a8 f3g4 a8g2 h1f1 e8e5 b2b3 f7e7 b5c4,-514
4r1k1/pp3ppp/2p5/2P4b/5B2/2bB1P2/P5PP/1R3K2 b - -,,0
8/8/R2Pk1p1/8/1p6/4KP2/P5r1/8 b - -,,0
4rr2/ppp3kB/5qN1/2PP3P/2P2pp1/3Q3b/P4P1K/8 b - -,g6g5 a2a4 b4a3 a6a3 e6d6 a3d3 d6e5 d3d2 g2d2 e3d2,Mate
r1bqk1nr/3pppbp/ppn3p1/2p3N1/2B1P3/2NPB3/PPP2PPP/R2QK2R b KQkq -,e7e6 d1f3 f7f6 g5h3 c8b7 c4b3 c6d4 e3d4 c5d4 c3e2,-69
rnbqkb1r/2p2ppp/p3pn2/1p2N1N1/3P4/8/PP2PPPP/R1BQKB1R b KQkq -,f8b4 c1d2 d8d4 d2b4 d4b4 d1d2 b4d2 e1d2 h7h6 g5f7,-182
4r1k1/pp3pp1/7p/3N4/2P5/1P4P1/P1R4P/4b2K b - -,h6h5 h1g2 f7f5 h2h4 g8f7 g2f3 e8e4 d5f4 g7g6 c4c5,13
1r4nr/3qbpk1/R3p1p1/1p1pP2p/1PnP1B2/2NB1P2/6PP/QR5K b - -,d7c8 c3d1 e7d8 d3c4 b5c4 b4b5 g8h6 d1e3 b8b7 h2h3,-30
8/P5R1/5p2/1K4pp/6kP/6P1/8/r7 b - -,,0
3r1rk1/pbp1qpp1/1p3n2/3p2QP/4P3/2N2P2/PPP1B3/2KR3R b - -,d8d7 h1g1 f6e8 g5e7 d7e7 c3d5 e7e5 d5f4 e8f6 e2c4,226
r1bqk2r/pp1n1pb1/2ppp2p/6p1/2PP4/2NBPNP1/PPQ2PP1/R3K2R b KQkq -,d8c7 a1b1 b7b6 b2b4 c8b7 e1h1 e8h8 f1d1 a7a5 a2a3,40
r1bqkbnr/pp2pppp/2np4/2pN4/4P3/8/PPPPQPPP/R1B1KBNR b KQkq -,e7e6 d5e3 g8f6 d2d3 d6d5 g2g3 f8e7 g1f3 d5e4 d3e4,-62
r1b2rk1/p3ppbp/2p3p1/6B1/NnP5/5B2/PP3PPP/R4RK1 b - -,f7f6 g5e3 c8e6 f1c1 b4d3 a4c5 d3c5 e3c5 g8f7 c1c2,104
3R3k/2q4p/p1r4r/1p4Q1/8/1NP2PbP/PP4P1/5R1K b - -,c7d8 g5d8 h8g7 d8e7 g7g8 e7e8 g8g7 b3d4 c6f6 e8d7,843
2kr1b1r/ppp1pppp/5n2/8/8/P1N2B2/1PP2PPP/3R1RK1 b - -,f6d7 c3e4 h7h6 h2h4 e7e6 f3h5 g7g6 h5e2 f8e7 h4h5,-139
r1bqk1nr/3p1pbp/ppn1p1p1/2p3N1/2B1P3/2NPBQ2/PPP2PPP/R3K2R b KQkq -,f7f6 g5h3 g8e7 h3f4 e8h8 h2h4 f6f5 f3g3 b6b5 h4h5,-74
r3kb1r/ppp1qppp/2b5/3pP3/4n3/1Q3N2/PPP2PPP/RNB2RK1 b kq -,e8a8 b1d2 e7e8 a2a4 f8c5 b3d3 f7f6 e5f6 g7f6 d2b3,-58
4r3/ppp2r1B/5q1k/2PP4/2P2Np1/3Q3b/P4P1K/8 b - -,f7f6 b1d2 e8a8 f3d4 e7e5 d4c6 b7c6 b3a4 f8c5 d2e4,Mate
r1bqkbnr/pp3ppp/2npp3/2p5/4P3/4N3/PPPPQPPP/R1B1KBNR b KQkq -,g8f6 d2d3 d6d5 e4d5 c6d4 e2d1 e6d5 c2c3 d4c6 g1f3,-68
7r/5Rpp/1pk5/8/3N4/4R3/PPP2nPP/2K5 b - -,g8f6 d2d3 d6d5 e4d5 c6d4 e2d1 e6d5 c2c3 d4c6 g1f3,Mate
r3r1k1/pp1n4/2p2p1p/3p2P1/3P2P1/P1PP1Nq1/6P1/R1Q2RK1 b - -,e8e2 f3e1 a8e8 c1f4 g3f4 f1f4 e2e1 a1e1 e8e1 g1f2,-527
3qr1k1/pbr2pp1/4pn1p/1p2N3/3PPQ2/1B2R2P/P4PP1/3R3K b - -,d8d6 a2a4 b5a4 b3a4 e8c8 a4b3 a7a5 d4d5 e6d5 e4d5,-50
Q1bqr3/p1p2kpp/5n2/2b5/3p4/8/PP1PBPPP/RNB1K2R b KQ -,e8e2 e1e2 c8a6 d2d3 d8a8 f2f3 a8d5 e2f2 a6d3 h1e1,-661
1rbq1r2/p3ppkp/3pnnp1/1pp5/4PP2/2PP2PP/PP1Q2B1/R2NK1NR b KQ -,c8b7 f4f5 e6c7 g3g4 g7h8 d1e3 d6d5 e4e5 d5d4 g2b7,-8
r1bq1rk1/3pnpbp/p3p1p1/np1P4/4P3/PBN1BN2/1P3PPP/R2Q1RK1 b - -,a5b3 d1b3 e6d5 e4d5 e7f5 e3f4 c8b7 c3e4 a8c8 f1e1,32
8/Q7/4pqk1/3p1pp1/1pr5/2P4R/1K4R1/8 b - -,f6f8 a7h7 g6f6 h3h6 f6e5 g2e2 c4e4 h7c7 f8d6 e2e4,543
rn1qkb1r/pp3ppp/2p1p3/7n/3P2P1/3Q3P/PPP2P2/R1B1KBNR b KQkq -,d8a5 c1d2 a5d5 g1f3 h5f6 f1e2 b8d7 c2c4 d5e4 e1a1,86
8/3k1p1p/p1p2p2/1p1b4/3K1P2/P7/1P2RP1r/3R4 b - -,d7d6 d1g1 h2h4 d4e3 d6e6 f2f3 e6f5 e2f2 h7h5 g1g8,-66
r6r/pR3R2/1k5p/1Bp5/4P3/2N5/PP6/2Kb2Bq b - -,a6a5 d4c5 a5a4 d1e1 d5e6 c5b6 h2h5 e1g1 e6c4 e2e1,Mate
r1bqk2r/p2nbppp/2Pp1n2/4p3/1p2P3/2N1BP2/PPPQ2PP/2KR1BNR b kq -,d7b6 c6c7 d8c7 c3b5 c7b8 b5d6 e8f8 f3f4 f6g4 f4e5,225
2b1rrk1/5p1p/pp1p2p1/2pPb3/2P1N2q/PP1Q3P/4BPP1/4RRK1 b - -,c8f5 e2f3 f5h3 e4g3 h3f5 d3d2 e5g3 f2g3 h4g3 e1e3,-380
r1bq1rk1/4bppn/2n1p2p/1pppP3/p6P/P2P1NP1/1PP1QPB1/R1B1RNK1 b - -,d8c7 c1f4 c8d7 f1e3 c7a7 c2c3 f8b8 e2d1 h7f8 f4h6,-51
5rk1/5p2/p2R3p/1p2p1b1/4P3/5PP1/PPr2B2/1R4K1 b - -,f7f5 b1d1 f5e4 d6g6 g8h7 g6a6 f8f7 f3f4 e5f4 g3f4,-169
r3qrk1/1bpn1pbp/1p1p2p1/p1P1p3/P2P4/2P1PN1P/4BPPB/1R1Q1RK1 b - -,b7e4 b1b2 d6c5 f1e1 e8e7 f3d2 e4b7 e2b5 f8d8 b2b1,-69
rnbq1rk1/p4ppp/3ppn2/b1pP4/2B1P3/P1N2PN1/1P4PP/R1BQK2R b KQ -,d8c7 e1h1 a5c3 b2c3 e6d5 e4d5 b8d7 c4b5 c5c4 d1d4,66
6k1/pp3pp1/7p/3Nr3/1PP5/6P1/P1R4P/4b2K b - -,b7b5 d5f4 b5c4 c2c4 g7g5 f4h5 f7f5 c4c7 g8f8 c7a7,-11
r3k2r/1ppbnpqp/p5p1/4p1N1/2B5/4Q3/PPP2PPP/2KR3R b kq -,d7f5 c4f7 e8f8 f7b3 a6a5 e3f3 g7f6 g5e6 f8f7 e6c7,400
2r1rnk1/pb3qpp/1p6/8/2PBNb2/3Q1N1P/P4PP1/1BRR2K1 b - -,c8d8 e4g5 f7e7 d1e1 f4c1 e1e7 e8e7 d3f5 b7c8 f5b5,332
r4rk1/1R2bpp1/B2pnn1p/p3pN1b/P3P3/B1q1RN1P/5PP1/3Q2K1 b - -,f8c8 f5e7 g8h7 e3c3 c8c3 a3d6 h5f3 g2f3 e6g5 g1g2,546
r1bqk2r/p2Pbppp/3p1n2/4p3/4P3/2p1BP2/PPPQ2PP/2KR1BNR b kq -,f6d7 d2c3 e8h8 g1e2 d7b6 c3a5 b6c4 a5d8 f8d8 e3f2,101
r4rk1/2q3pp/p1n1pb2/1p1pp3/4P3/2P2P2/PPBNQ1PP/R3K2R b KQ -,c6d4 c3d4 c7c2 d2b3 a8c8 b3c5 c2e2 e1e2 d5e4 f3e4,-153
rnbqk2r/p1pp1ppp/1p2pn2/8/2PP4/5N2/PPQBPPPP/R3KB1R b KQkq -,e8h8 e2e4 d7d5 f1d3 c8b7 e4e5 f6e4 e1h1 c7c5 d4c5,85
1r5r/3qbpk1/R3p1pn/1p1pP2p/1PBP1B2/2N2P2/6PP/QR5K b - -,b5c4 f4h6 g7h6 b4b5 b8b7 b5b6 h8b8 a1a5 e7d8 g2g3,-21
8/8/8/4p3/5k2/8/2P1K3/8 b - -,,0
r1qb2k1/6pp/p2p4/np1Ppr2/4R3/RPP2N1P/1B3PP1/3Q2K1 b - -,h7h6 e4g4 d8b6 d1c2 f5f6 c3c4 c8c5 b3b4 c5b4,73
1r4kr/4qp1p/2n1B2Q/3p2P1/3P1P2/2P5/p1P2K2/1q2R3 b - -,h7h6 e4g4 d8b6 d1c2 f5f6 c3c4 c8c5 b3b4 c5b4,Mate
r2qk2r/p2bbppp/3p1n2/4p3/4P3/2Q1BP2/PPP3PP/2KR1BNR b kq -,a7a5 g2g4 e8h8 g4g5 f6e8 h2h4 d7e6 c1b1 d8b8 f1c4,77
rnb1kbnr/pp1p1ppp/2p3q1/4P1N1/3PNp2/8/PPP1Q1PP/R1B1KB1R b KQkq -,e8d8 c1f4 h7h6 g5f3 g8e7 c2c4 b8a6 g2g3 b7b5 f1g2,285
6k1/3pbppp/4p3/4P3/5P2/8/q1RKQ1PP/1r5R b - -,e8d8 c1f4 h7h6 g5f3 g8e7 c2c4 b8a6 g2g3 b7b5 f1g2,Mate
r1b2nk1/p1qr4/2nbpP1Q/2pp2NN/1p1P3P/2P5/PP3PP1/RB2R1K1 b - -,a7a6 b1g6 a8a7 f6f7 d7f7 g6f7 c7f7 g5f7 a7f7 h6g5,696
r4r2/1R2Nppk/B2pnn1p/p3p2b/P3P3/B3PN1P/6P1/3Q2K1 b - -,e6c5 a3c5 a8a6 c5a3 a6a8 g2g4 h5g6 e7g6 h7g6 f3e5,546
6k1/1b2rpbp/3B2p1/1qpP4/1pp1n3/5N1P/1PB2PP1/R3Q1K1 b - -,e7e8 c2e4 c4c3 f3g5 c3b2 a1d1 g7f6 h3h4 b5c4 f2f3,-234
3r1rk1/pbp1qpp1/1p3n1P/6Q1/4p3/2N2P2/PPP1B3/2KR3R b - -,g7g6 e2c4 g8h8 f3e4 d8e8 g5f4 f6e4 c3e4 b7e4 d1d7,-31
r1bqk2r/p1pp1ppp/2p2n2/8/2B1P3/2N1Q3/PPP2PPP/R3K2R b KQkq -,e8h8 e1a1 d7d6 f2f4 c8g4 d1d2 g4e6 c4d3 a8b8 b2b3,85
r2q1rk1/pp2bppp/2npbn2/2p1p3/2B1P3/2NPNP2/PPP3PP/R1BQ1K1R b - -,f6d7 c3d5 d7b6 c2c3 e7g5 h2h4 g5h4 e3f5 e6f5 e4f5,-40
rn1qk2r/pbpp1ppp/1p2pn2/8/2PP4/4PN2/PPQB1PPP/R3KB1R b KQkq -,c7c5 d4c5 b6c5 f1e2 a7a5 d2c3 d7d6 e1h1 e8h8 f3d2,46
8/5p1k/R3n2p/pP6/2P5/4N1P1/r4P1P/6K1 b - -,a5a4 b5b6 a4a3 e3d5 h6h5 a6a7 h5h4 g3h4 e6d8 g1g2,418
r1bq1rk1/4npbp/p2pp1p1/np1P4/4P3/P1N1BN2/BP3PPP/R2Q1RK1 b - -,e6d5 c3d5 e7d5 a2d5 c8b7 d5b7 a5b7 e3d4 g7d4 d1d4,39
r3qrk1/1bpn1pbp/1p4p1/pBp1p3/P2P4/2P1PN1P/5PPB/1R1Q1RK1 b - -,e8e7 f1e1 e5e4 f3d2 a8c8 h2g3 h7h5 d1b3 f8d8 e1d1,-59
rnbq1rk1/p4ppp/3p4/b1pQ4/4P3/P1N2PN1/1P4PP/R1B1K2R b KQ -,a5c3 b2c3 d8b6 g3h5 b8d7 d5g5 g7g6 e1h1 a8b8 f1d1,103
8/4R3/4k3/8/5Q2/4K3/8/8 b - -,a5c3 b2c3 d8b6 g3h5 b8d7 d5g5 g7g6 e1h1 a8b8 f1d1,Mate
r3k2r/pp1bqpb1/2pppn1p/6p1/2PPN3/2NBP1P1/PPQ2PP1/2KR3R b kq -,e8f8 e4f6 g7f6 c3e4 b7b6 e4f6 e7f6 f2f4 c6c5 d3e4,48
6k1/3p1ppp/4p3/4P3/1b3P2/4K3/q1R1Q1PP/1r5R b - -,e8f8 e4f6 g7f6 c3e4 b7b6 e4f6 e7f6 f2f4 c6c5 d3e4,Mate
r4rk1/1b3ppp/1pnqpn2/p1pp2P1/3P1P2/2PBP2N/PP1N3P/R2Q1RK1 b - -,f6d7 d1e2 c6e7 d2f3 a5a4 a2a3 d6c7 f3e5 c7c8 e2h5,41
2b1rrk1/5p1p/pp1p2p1/2pPb3/2P1N2q/PP4PP/2Q1BP2/4RRK1 b - -,h4h3 e2f3 h3h6 c2d2 h6d2 e4d2 g8g7 g1g2 c8d7 f1h1,-272
r1b2rk1/p3p1bp/2p2pp1/8/NnP5/4BB2/PP3PPP/R4RK1 b - -,b4c2 f3c6 c2e3 f2e3 a8b8 b2b3 f6f5 a1d1 h7h5 c6d7,125
8/5pk1/6p1/1pb5/2p1Nr1p/2P1qP1P/1P4Q1/5R1K b - -,c5b6 e4d6 e3d3 d6b5 f4f5 b5d4 f5e5 f3f4 e5e3 d4f3,-423
r2qkbnr/pp1bpppp/2np4/2p5/2B1P3/1QP2N2/PP1P1PPP/RNB1K2R b KQkq -,d7e6 c4e6 f7e6 b3b7 d8c8 b7c8 a8c8 d2d3 g7g6 b1a3,161
5k2/pp3pp1/7p/3Nr3/1PP5/6P1/P1R3KP/4b3 b - -,a7a5 a2a3 a5b4 a3b4 b7b5 d5b6 f8e8 c4c5 e8d8 c5c6,25
Q1b1q3/p1p2kpp/5n2/2b5/3p4/8/PP1P1PPP/RNBK3R b - -,c8g4 f2f3 e8a8 h1f1 g4f5 f1e1 a8c6 b2b3 c6a6 c1a3,-670
r1bqk1nr/pp3pbp/2npp1p1/1N6/4P3/2N1BP2/PPP3PP/R2QKB1R b KQkq -,g7f8 e3f4 e6e5 c3d5 e5f4 b5c7 e8d7 c7a8 d8h4 e1d2,200
1r4kr/5p1p/2n1Q3/3p2P1/3P1P2/2P5/p1P5/4K3 b - -,g7f8 e3f4 e6e5 c3d5 e5f4 b5c7 e8d7 c7a8 d8h4 e1d2,Mate
2k4r/2p5/2p4p/p5pR/3P1P2/P5P1/1P6/2K5 b - -,g5f4 g3f4 c8d7 f4f5 a5a4 c1c2 h8f8 c2c3 f8b8 h5h6,18
8/1p6/1k1P2b1/8/1P1N4/8/8/2K5 b - -,g6h5 c1d2 h5e8 d2d3 b6a7 d3e4 a7b8 d4e6 b8c8 e4e5,32
3r1k2/1q3p2/4pNp1/pp1nQ3/2pR4/2P2PP1/PP5P/6K1 b - -,b7c6 f6g4 f8g8 g1g2 b5b4 g4f6 g8f8 d4h4 f8e7 f6e4,72
r3nrk1/1b3ppp/1pnqp3/p1pp2PQ/3P1P2/2PBP2N/PP1N3P/R4RK1 b - -,g7g6 h5e2 a5a4 a2a3 d6d7 h3f2 d7c8 d2f3 f7f5 g5f6,32
2q1r2k/4p2P/p2p1p2/2r2Np1/P1pRP1n1/Q7/1PP5/1K5R b - -,c4c3 b2b4 c5c4 h1d1 d6d5 d4c4 c8c4 d1d4 c4f1 b1a2,-157
r2qkbnr/pp1b1ppp/2npp3/2p5/2B1P3/2P2N2/PPQP1PPP/RNB1K2R b KQkq -,g8f6 e1h1 f8e7 f1e1 d6d5 e4d5 e6d5 c4b5 e8h8 b5c6,-32
rnbq2k1/ppp4p/3p2p1/3Pp2n/2P1P2b/2N1BrP1/PP1QN3/2KR1B1R b - -,h5g3 e2g3 h4g3 c3e2 g3h4 c1c2 c8g4 f1g2 b8d7 d1g1,-157
5r1k/1n5p/p2p4/3P4/2PRN3/8/P6P/7K b - -,f8f4 d4d1 f4e4 d1b1 e4e7 h1g2 b7c5 b1b6 e7d7 g2f3,-337
r1b1nrk1/pp6/5pQ1/3pP3/8/qP3N2/P4PPP/R4RK1 b - -,e8g7 e5f6 f8f6 g6f6 c8d7 f6g5 d7f5 f3d4 a8f8 f1e1,567
r1b2rk1/ppp1bpq1/3p2pn/8/2BPP3/2P2N2/P2Q2PP/R1B2RK1 b - -,g8h7 f3g5 h7h8 a1b1 c7c6 a2a4 b7b6 b1b2 c8d7 d2e1,210
r1bq1rk1/4npbp/p2p2p1/np1Pp3/1P2P3/P1N1BN2/B4PPP/R2Q1RK1 b - -,a5b7 a3a4 a6a5 c3b5 a5b4 f3d2 f7f5 d2c4 a8a6 f2f3,140
R7/5p1k/7p/pPn5/2P5/4N1P1/r4P1P/6K1 b - -,a5a4 b5b6 a2b2 e3d5 h7g7 a8a5 c5d7 a5a4 d7b6 d5b6,437
2b1rrk1/5p1p/pp1p2p1/2pPb3/2P1N3/PP3BPq/2Q2P2/4RRK1 b - -,h3d7 g1g2 d7h3 g2g1 g8g7 e1e2 h3d7 g1g2 h7h5 e4g5,-278
r2qk1nr/pp1bbppp/2npp3/2p5/2BPP3/2P2N2/PPQ2PPP/RNB1K2R b KQkq -,c5d4 c3d4 a8c8 c2d1 c6b4 b1a3 g8f6 e4e5 d6e5 d4e5,-74
rnbqkb1r/pp4pp/2p1p3/3p1p2/2PPn3/3BPN1P/PP1N1PP1/R1BQK2R b KQkq -,f8d6 b2b3 e8h8 a2a4 d8e7 e1h1 c8d7 f3e5 d7e8 c1b2,-10
2r1r1k1/4pp1p/nqb2b1B/1pp1Pp2/7P/P3Q1P1/4N1BK/2RR4 b - -,c8a8 e5f6 e7f6 e3f2 c6g2 h2g2 e8e5 f2f3 a8e8 e2f4,285
8/3k1p2/p1p5/1pKb1p1p/5P2/P7/1P1R1P1r/3R4 b - -,d7e7 c5b6 h5h4 d1g1 e7e6 g1e1 e6f6 b6a6 h2h3 e1f1,-67
6k1/3p1ppp/4p3/4P3/1b3P2/1r6/q1R1QKPP/7R b - -,a6a5 d1e1 h2h4 d2e2 d5e6 e1d1 e6d5,Mate
rn1qkb1r/pp3ppp/2p1p3/7n/3P4/3Q1N1P/PPP2PP1/R1B1KB1R b KQkq -,f8d6 g2g3 e8h8 f1g2 b8d7 e1h1 d8c7 c2c4 h5f6 a2a3,80
1r5r/3q1pk1/RP2p1p1/3pP2p/3P4/2N1bP2/Q5PP/1R5K b - -,e3d4 c3e2 d4e5 a6a7 b8b7 a7b7 d7b7 h2h3 e5f6 a2a4,-155
r4rk1/1b2bppp/ppnq4/3p4/P1BP1B2/5N2/1P1Q1PPP/R4RK1 b - -,d6d7 c4d3 e7b4 d2c2 g7g6 a1c1 b4d6 c2d2 d6b4 d2e3,49
rnbq2k1/ppp4p/3p2p1/3Pp3/2P1P2b/2N1BrN1/PP1Q4/2KR1B1R b - -,h4g3 c3e2 g3h4 c1c2 c8g4 f1g2 b8d7 d1g1 d8e7 g2f3,-138
r4rk1/1bpBqpbp/1p4p1/p1p1p3/P2P4/2P1PN1P/5PPB/1R1Q1RK1 b - -,c5d4 d7b5 c7c6 b5c4 b6b5 a4b5 c6b5 b1b5 d4e3 f2e3,124
2k1rb1r/ppp2ppp/2n2n2/7q/6b1/2NP1N1P/PPP1BPP1/R1BQ1RK1 b - -,g4h3 g2h3 h5h3 f3g5 h3d7 e2f3 h7h6 g5e4 h6h5 f3g2,181
rnb1kbnr/pp1p2pp/2p2Pq1/6N1/3PNp2/8/PPP1Q1PP/R1B1KB1R b KQkq -,e8d8 f6g7 g6g7 e2h5 g8f6 e4f6 g7f6 g5f7 d8c7 f7h8,461
4k3/pp3pp1/7p/3Nr3/1PP5/6P1/P1R4P/4bK2 b - -,e8d8 a2a3 b7b5 c2e2 e5e2 f1e2 e1g3 h2g3 b5c4 d5e3,316
r1b1kb1r/pppnqppp/5n2/6B1/3PN3/3B4/PP3PPP/R2QK1NR b KQkq -,h7h6 g5f6 d7f6 d1e2 f6e4 d3e4 e7b4 e2d2 c8g4 h2h3,-91
r1b2r2/ppp1bpqk/3p2pn/6N1/2BPP3/2P5/P2Q2PP/R1B2RK1 b - -,h7h8 a1b1 a8b8 a2a4 b7b6 d2e1 c8d7 e1h4 h8g8 b1b2,210
r1bq1rk1/4npbp/p2p2p1/1p1Pp3/1Pn1P3/PBN1BN2/5PPP/R2Q1RK1 b - -,c4e3 f2e3 g7h6 d1e1 c8d7 a3a4 g8g7 h2h3 d8b6 c3d1,-119
rnbq2k1/ppp4p/3p2p1/3Pp3/2P1P3/4Brb1/PP1QN3/2KR1B1R b - -,g3h4 c1c2 c8g4 f1g2 d8e7 d1g1 b8d7 g2f3 g4f3 h1h3,-146
8/8/8/8/2q5/5k2/3Q4/4K3 b - -,,0
r1bqk1nr/pp3pbp/2npp1p1/8/3NP3/2N1BP2/PPPQ2PP/R3KB1R b KQkq -,g8e7 e1a1 d6d5 h2h4 h7h5 c1b1 c6d4 e3d4 e6e5 f1b5,134
r4rk1/1b1qbppp/ppn5/3p4/P2P1B2/1B3N2/1P1Q1PPP/R4RK1 b - -,f8e8 a1c1 a6a5 f1e1 b7a6 f3e5 c6e5 e1e5 a6b7 h2h3,25
2r2rk1/1b1qbppp/ppn5/3p4/P2P1B2/1B3N2/1P1Q1PPP/2R2RK1 b - -,f7f6 b3c2 g7g6 f4h6 f8e8 h2h3 c6b4 c2b1 a6a5 h3h4,40
r4rk1/pp1qbppp/2n1p3/3pP3/3P3P/P2Q1N2/1P3PP1/R1B1R1K1 b - -,,0
r1bqk2r/bpp2ppp/p1np1n2/4p3/PPB1P3/1QPP1N2/5PPP/RNB1K2R b KQkq -,e8h8 e1h1 c6e7 b3c2 c7c6 a4a5 c8g4 f3h4 h7h6 b1d2,-39
2r2rk1/4bp2/p2p3p/1p2p3/4P3/5PB1/PPP4P/2RR2K1 b - -,f7f5 e4f5 f8f5 d1d3 g8f7 c2c3 c8g8 c1c2 h6h5 g1f1,-111
8/pR1Q1P2/8/2p2P1p/5kR1/8/P5P1/6K1 b - -,f7f5 e4f5 f8f5 d1d3 g8f7 c2c3 c8g8 c1c2 h6h5 g1f1,Mate
r1b2rk1/p1ppqppp/2p2n2/8/2B1P3/2N1Q3/PPP2PPP/3R1RK1 b - -,f8e8 b2b3 a7a5 f1e1 d7d6 h2h3 h7h6 d1d2 c8a6 c4a6,54
rnb1kbnr/pp1p3p/2pN1pq1/6N1/3P1p2/8/PPP1Q1PP/R1B1KB1R b KQkq -,e8d8 g5f7 d8c7 e2e8 g6f7 d6f7 f8e7 c1f4 d7d6 f4d6,1259
r4rk1/2pBqpbp/1p4p1/p1p1p3/P2P4/2P1PQ1P/5PPB/1R3RK1 b - -,c5d4 d7c6 a8d8 e3d4 e5d4 c3d4 d8d4 f1e1 d4b4 b1c1,346
2r2rk1/1b1qbppp/pp6/n2p4/P2P1B2/5N2/BP1Q1PPP/2R2RK1 b - -,d7a4 d2e3 c8c1 f1c1 f8e8 a2b1 g7g6 b1c2 a4b5 c2d3,-40
6k1/q2p1ppp/4p3/4P3/1b3P2/1r6/2R1Q1PP/5K1R b - -,f8e8 c1c8 e8c8 b2b3 a5c6 a2b1 e7b4 d2d3 g7g6 h2h3,Mate
r1b1nr1k/pp6/5PQ1/3p4/8/qP3N2/P4PPP/R4RK1 b - -,a3d6 g6h5 h8g8 a1e1 d6f6 e1e8 c8f5 e8a8 f8a8 f1d1,425
r2q1rk1/4npbp/p2p2p1/1p1Pp3/1Pn1P1b1/PBN1BN1P/5PP1/R2Q1RK1 b - -,c4e3 f2e3 g4d7 a3a4 g7h6 d1d3 d8b6 f1e1 g8h8 a4b5,-94
8/5k2/4R3/5PPP/8/6K1/8/8 b - -,c4e3 f2e3 g4d7 a3a4 g7h6 d1d3 d8b6 f1e1 g8h8 a4b5,Mate
r2q1rk1/p2bbppp/3p1n2/4p3/4P1P1/2Q1BP2/PPP4P/2KR1BNR b - -,a8c8 c3d2 d6d5 g4g5 f6e4 f3e4 d5d4 g1f3 d7g4 f1e2,-52
Q1bqr3/p1p2kpp/5n2/1Bb5/3p4/8/PP1P1PPP/RNB2K1R b - -,c8a6 b5a6 d8a8 d2d3 f7f8 a6c4 f6g4 b1d2 g4e5 h2h4,-354
8/pp1k1pp1/7p/3Nr3/1PP5/P5P1/2R4P/4bK2 b - -,e1g3 h2g3 b7b5 c2e2 e5f5 f1g2 b5c4 e2d2 f5e5 d5e3,330
r1bn1nk1/p1qr1P2/3bp2Q/2pp2NN/1p1P3P/2P5/PP3PP1/RB2R1K1 b - -,d7f7 g5f7 c7f7 h5f6 f7f6 h6f6 d8f7 b1g6 f7h8 g6d3,Mate
r1b2r2/ppp2pqk/3p2pn/6Q1/2BPP3/2P5/P5PP/R1B2RK1 b - -,c8e6 c4d3 f7f6 g5h4 a8b8 a2a4 b8e8 a1b1 b7b6 b1b2,227
r4rk1/2pq1pbp/1p4p1/p1P1p3/P7/2P1PQ1P/5PPB/1R3RK1 b - -,d7a4 c5b6 c7b6 b1b6 a4c4 f3g4 c4c5 b6b2 a5a4 b2a2,-157
2k2b1r/ppp1pppp/5n2/8/8/P1N2B2/1PP2PPP/3R2K1 b - -,h7h6 c3d5 f6d7 d5e3 c7c6 g2g3 e7e6 e3c4 c8c7 a3a4,-139
rnbk1bnr/pp1p1N1p/2pN1pq1/8/3P1p2/8/PPP1Q1PP/R1B1KB1R b KQ -,g6f7 d6f7 d8c7 e2e8 f8e7 c1f4 d7d6 f4d6 c7b6 d6e7,1243
2R5/5pk1/7p/pPn5/2P5/4N1P1/r4P1P/6K1 b - -,c5d3 b5b6 a2b2 c4c5 b2b5 e3c4 d3c5 c4a3 b5b6 c8c5,479
8/3k4/K1p2p2/1p1b1p2/5P1p/P7/1P1R1P1r/3R4 b - -,h4h3 d1c1 h2g2 c1c3 h3h2 c3h3 d7d6 a6b6 d6e7 b6c5,128
8/8/R2Pk3/6p1/1p1K4/5P2/P5r1/8 b - -,,0
1n3rk1/p4ppp/1q1pb3/b1p5/4P3/P1NQ1P2/1P4PP/R1B1K2R b KQ -,h7h6 e1h1 b8d7 c3d5 d7e5 d3e2 e6d5 e4d5 c5c4 c1e3,121
r1bqk2r/pp2npbp/2npp1p1/8/3NP3/2N1BP2/PPPQ2PP/2KR1B1R b kq -,d6d5 h2h4 h7h5 d4b3 c8d7 e4d5 e6d5 c3d5 d7e6 d5f4,143
r3k3/ppppp1pp/5p2/8/6PP/8/PPPPPP2/4K2R b - -,h7h5 g4g5 a7a5 d2d3 a5a4 g5f6 g7f6 h1g1 e8f8 e1d2,1
2k5/ppp3pp/5p2/2b5/1P6/8/P1r2r1P/5RK1 b - -,h7h5 g4g5 a7a5 d2d3 a5a4 g5f6 g7f6 h1g1 e8f8 e1d2,Mate
5Q2/8/8/1P6/2P5/4k1K1/4r2P/8 b - -,e3d3 f8d6 d3c4 b5b6 e2e3 g3f4 e3d3 d6d3 c4d3 b6b7,1772
rn2kb1r/1p1b1pp1/p2ppq1p/8/4PP2/2N2N2/PPPQ2PP/R3KB1R b KQkq -,g7g5 g2g3 b8c6 e1a1 e8a8 f1e2 h8g8 d2e3 f6e7 f3d2,20
r2q1r1k/1b1nb1pp/1p2Q3/p2pNp2/3Pn3/1P4P1/PB2PPBP/RN1R2K1 b - -,d7e5 g2e4 e5g4 e4f5 b7c8 f5g4 c8e6 g4e6 e7b4 e6g4,-207
r1b1kb1r/pppnqpp1/5B1p/8/3PN3/3B4/PP3PPP/R2QK1NR b KQkq -,e7e4 d3e4 d7f6 e4f3 f8b4 e1f1 e8h8 g2g3 f8d8 a2a3,481
r1bq1rk1/1p3ppp/p1nb1n2/4p3/3pP3/P2B1N2/1PP1NPPP/R1BQ1RK1 b - -,c8e6 c1d2 h7h6 b2b4 f6d7 c2c3 d4c3 d2c3 a6a5 e2g3,-48
2k1r2r/ppp2ppp/2nb1n2/6Nq/8/2NPB2b/PPP1BPP1/R2Q1RK1 b - -,d6h2 g1h2 h3g4 g5h3 h5e5 h2h1 h7h5 h3g1 g4e2 d1e2,306
r2q1rk1/4npbp/p2p2p1/1p1Pp3/1Pn1P3/PBN1BQ1P/5PP1/R4RK1 b - -,c4e3 f3e3 a8b8 a3a4 b5a4 a1a4 d8b6 e3e2 g7h6 f1d1,13
r3nrk1/1b3pp1/1pnqp2p/p1pp2PQ/3P1P2/2PBP2N/PP1N1R1P/R5K1 b - -,c6e7 g5h6 g7g6 h5e2 a5a4 d2f3 c5c4 d3b1 a4a3 f3e5,128
3qr1k1/p4pp1/4p2p/1p1bP3/3P1Q2/2rN2RP/P4PP1/3R2K1 b - -,g7g6 f4h6 d5e4 g3g4 c3d3 d1d3 e4d3 g4h4 d8h4 h6h4,147
6k1/3p1ppp/4p3/4P3/1b3P2/1r6/2R1QKPP/q6R b - -,g7g6 f4h6 d5e4 g3g4 c3d3 d1d3 e4d3 g4h4 d8h4 h6h4,Mate
r5k1/6pp/pQ4r1/np1P4/5N2/RPP2q1P/1B2RPP1/6K1 b - -,b5b4 b6g6 h7g6 g2f3 b4a3 b2a3 a5b3 d5d6 b3c5 g1h2,591
r3nr2/p3qpkp/1p4p1/2pPp3/2P1P3/3B1R2/PP2Q1PP/R5K1 b - -,,0
r1bq1rk1/bpp2ppp/p1np1n2/4p3/PPB1P3/1QPP1N2/5PPP/RNB2RK1 b - -,c6e7 b3c2 c8g4 b1d2 d8d7 d3d4 e5d4 c3d4 e7c6 c1b2,-40
r5k1/5ppp/3Pp3/3p4/rP6/8/5PPP/1R1R1K2 b - -,a4a6 b4b5 a6d6 b5b6 a8b8 b6b7 g8f8 b1b2 f8e7 h2h4,-56
r1br4/1pk3pp/2q2pn1/p7/3p1P2/BQ6/P5PP/1RR4K b - -,a8a6 c1c6 a6c6 a3c5 d8d7 c5b6 c7b8 b3b5 a5a4 b5a4,273
r1bq1rk1/ppp2ppp/3p1n2/2b1p3/2BnP3/3P1N2/PPP1NPPP/R1BQR1K1 b - -,d4f3 g2f3 f6h5 d3d4 e5d4 e2g3 d8h4 d1d2 h7h6 g1h1,-154
r3k3/ppppp1p1/5p1p/7P/6P1/8/PPPPPP2/4K2R b - -,a7a5 h1h3 d7d5 d2d4 e8d7 e2e3 d7d6 h3f3 c7c5 e1d2,6
2k5/ppp3pp/5p2/2b5/1P6/8/P1r3rP/5R1K b - -,a7a5 h1h3 d7d5 d2d4 e8d7 e2e3 d7d6 h3f3 c7c5 e1d2,Mate
rnb2rk1/pp2bppp/1q3n2/1Q1p2B1/8/2N1PN2/PP3PPP/R3KB1R b KQ -,b6b5 f1b5 c8e6 e1a1 f8d8 f3d4 h7h6 g5h4 d8c8 c1b1,25
r1b2r1k/pp6/5nQ1/3p4/8/qP3N2/P4PPP/R3R1K1 b - -,a3b4 e1e5 b4g4 g6h6 f6h7 f3g5 c8f5 e5e7 g4d4 a1f1,391
rn1qk2r/pp3ppp/2pbp3/7n/3P4/3Q1NPP/PPP2P2/R1B1KB1R b KQkq -,h5f6 f1g2 e8h8 e1h1 d8c7 c2c4 a7a5 c1e3 b8d7 d3c2,82
rnb1Qbnr/ppkp1N1p/2pN1pq1/8/3P1p2/8/PPP3PP/R1B1KB1R b KQ -,g6f7 d6f7 f8b4 c2c3 g8h6 c1f4 d7d6 f7h8 b4a5 e8e7,1352
r1bqk2r/pp2npbp/2npp1p1/1N6/4P3/2N1BP2/PPPQ2PP/R3KB1R b KQkq -,d6d5 e4d5 e6d5 e1a1 c8e6 h2h4 h7h5 b5d4 a8c8 c1b1,41
6k1/3p1ppp/4p3/4P3/1b1q1P2/1r6/2R1Q1PP/5K1R b - -,d6d5 e4d5 e6d5 e1a1 c8e6 h2h4 h7h5 b5d4 a8c8 c1b1,Mate
Qn3rk1/p4ppp/1q1p4/b1p2P2/8/P1N2P2/1P4PP/R1B1K2R b KQ -,c5c4 a8e4 b8d7 e1f1 b6b3 e4e2 d7e5 g2g3 e5d3 f1g2,372
4rrk1/5p1p/pp1p2p1/2pPbb2/2P1N1Pq/PP1Q3P/4BP2/4RRK1 b - -,f5e4 d3e3 f7f5 a3a4 e5d4 e2f3 h4h3 f3e4 d4e3 e1e3,-648
r4r2/ppp2pqk/3pB1pn/6Q1/3PP3/2P5/P5PP/R1B2RK1 b - -,f7e6 c1f4 h6f7 g5e7 e6e5 f4e3 a8c8 a1c1 b7b6 c1d1,173
rnbqkb1r/pp3ppp/2p2N2/4P3/8/8/PPPP2PP/R1BQKBNR b KQkq -,d8f6 e5f6 g7f6 d2d4 c8f5 f1d3 f5d3 d1d3 b8d7 d3h3,721
r3kbnr/ppp2p1p/n4N2/4P1p1/3P2b1/8/PPP2BB1/R5KR b kq -,g8f6 g2b7 a8b8 b7a6 f6d5 a6c4 d5f4 f2e3 h7h5 c4b3,-409
r1bq1rk1/bpp2pp1/p1np1n1p/4p3/PPB1P3/1QPP1N2/3N1PPP/R1B2RK1 b - -,f6h5 g1h1 h5f4 b3c2 c6e7 d3d4 e7g6 g2g3 f4h3 d2b3,-23
r1b2r2/pp1nk1pp/4p3/3pP3/7P/3B1N2/PPP3P1/R3K2R b KQ -,f8h8 h4h5 d7c5 h1h4 c8d7 e1d2 a8g8 a1h1 d7e8 h4g4,102
r1b1kb1r/ppp1qpp1/5n1p/8/3PN3/3B4/PP2QPPP/R3K1NR b KQkq -,f6e4 d3e4 e7b4 e2d2 c8d7 e1a1 e8a8 d2b4 f8b4 g1e2,-98
8/8/8/8/4q3/5k2/3Q4/3K4 b - -,,0
8/p2k1pp1/7p/1p1Nr3/1PP5/P5P1/4R2P/4bK2 b - -,e5d5 c4d5 e1c3 e2f2 f7f6 f2c2 c3d4 c2c6 h6h5 f1e2,433
6k1/3p1ppp/4p3/4P3/1b1q1P2/8/2R3PP/1r1Q1K1R b - -,e5d5 c4d5 e1c3 e2f2 f7f6 f2c2 c3d4 c2c6 h6h5 f1e2,Mate
r4k1r/ppq2ppp/2n5/8/8/Q4PP1/PPP5/R2K1B1R b - -,f8g8 f3f4 a8c8 f1d3 a7a5 a3c5 c7d8 c5g5 d8g5 f4g5,-97
8/5k2/8/4p1pp/4P1n1/3KP1P1/8/4B3 b - -,f7e6 d3e2 g4f6 e2d3 e6f7 e1b4 f6d7 d3e2 f7e6 e2d3,-46
r1b2rk1/p1p1qppp/2p2n2/3P4/2B5/2N1Q3/PPP2PPP/3R1RK1 b - -,e7e3 f2e3 f6g4 f1e1 c8d7 d5c6 d7c6 c3d5 a8e8 d5c7,197
rn1qkb1r/pp3ppp/1n2p3/2p2b2/2PP4/P3BN2/1P2BPPP/RN1QK2R b KQkq -,f8e7 b1c3 b8d7 e1h1 e8h8 d4c5 e7c5 d1d2 a7a5 e3c5,78
r2q1rk1/4n1bp/p2p2p1/1p1Ppp2/1Pn1P3/PBN1BQ1P/5PP1/R3R1K1 b - -,f5e4 f3e2 c4e3 e2e3 e7f5 e3e4 f5d4 b3d1 a6a5 a1b1,-64
Qn1q1rk1/p4ppp/3pb3/b1p5/4P3/P1N2PN1/1P4PP/R1B1K2R b KQ -,a5c3 b2c3 d8b6 g3f5 e6f5 a8d5 f5e6 d5d3 b8c6 c1f4,246
6r1/pppppkp1/5p1p/7P/6P1/R7/PPPPPP2/4K3 b - -,a7a6 a3c3 c7c6 c3b3 g8b8 d2d3 e7e5 e1d2 b7b6 c2c4,15
r4nrk/1b3pQp/2n1pPp1/p2pP2N/2pP3R/2P1B3/pqP1B1PP/5RK1 b - -,a7a6 a3c3 c7c6 c3b3 g8b8 d2d3 e7e5 e1d2 b7b6 c2c4,Mate
2kr3r/ppp2pb1/2n1b2p/3NP1p1/2PnB3/1P4B1/P4PPP/2KR2NR b - -,d8d7 f2f4 g5f4 g3f4 a7a5 d1d2 h8d8 g1e2 d4e2 d2e2,15
8/8/8/8/8/5k2/8/1qQK4 b - -,,0
2r2rk1/1b1qbppp/pp6/n2p4/P2P1B2/5N2/1PBQ1PPP/2R2RK1 b - -,e7d6 f3e5 d6e5 d4e5 d5d4 f2f3 f8e8 f1d1 a5c6 d2f2,79
2k5/ppp5/4p3/4P3/PPP5/4KP1P/7r/4R3 b - -,a7a6 e1g1 h2h3 g1g8 c8d7 g8g7 d7d8 e3f4 h3h5 a4a5,275
4rrk1/5p1p/pp1p2p1/2pPbb2/2P1N2q/PP1Q1B1P/5PP1/4RRK1 b - -,f5h3 e4g3 h3f5 d3d2 h7h5 e1e2 e5f4 d2c3 e8e2 f3e2,-391
8/8/1P6/8/2P4P/6K1/1k6/4Q3 b - -,b6b5 c4b5 a6b5 d3b5 f5h3 g2g3 h4d8 f3g2 h3d7 b5a6,Mate
r4R2/ppp3qk/3pp1pn/6Q1/3PP3/2P5/P5PP/R1B3K1 b - -,a8f8 g5h4 g6g5 c1g5 f8g8 h4h6 g7h6 g5h6 h7h6 a1f1,187
r1bqk2r/pp2npbp/2n1p1p1/1N1P4/8/2N1BP2/PPPQ2PP/R3KB1R b KQkq -,e6d5 h2h4 c8e6 e1a1 a7a6 b5d4 h7h5 d1e1 a8c8 d4e6,41
6r1/1ppppkp1/p4p1p/7P/6P1/1R6/PPPPPP2/4K3 b - -,b7b6 f2f3 e7e5 e2e4 g8b8 e1e2 f7e7 b3c3 c7c5 e2e3,16
r3r1k1/pp3ppp/2p2b2/2P4b/8/1P1BB3/P4PPP/2R2RK1 b - -,a8d8 d3c4 g8f8 b3b4 e8e4 b4b5 f6b2 c1c2 b2d4 e3d4,-44
r4rk1/5p1p/p2b1Q2/1p4B1/3Pp1q1/2P3P1/PP3P1P/RN4K1 b - -,f8e8 g5e3 g4d1 g1g2 e8e6 f6f5 a8e8 a2a4 b5b4 d4d5,-154
8/p2k1pp1/7p/1p1Nr3/1PP5/P5P1/4R3/5K2 b - -,e5e2 f1e2 b5c4 d5e3 d7e6 e3c4 f7f6 c4d2 e6f5 e2e3,348
4r1k1/1b3pbp/6p1/1qpPB3/1pp1n3/5N1P/1PB2PP1/R3Q1K1 b - -,b4b3 c2e4 g7e5 f3e5 e8e5 f2f3 b7d5 e1c3 b5e8 e4d5,-249
1r1n2kr/4qp1p/4R2Q/3p1PP1/3P4/2P4B/1pP2K2/q7 b - -,e4c3 b2c3 b4b3 c2f5 g6f5 e1d2 f7f6 e5g3 b5d7 a1d1,Mate
3K4/3P4/8/8/1r6/4k3/1p6/3R4 b - -,,0
2k1r2r/ppp2ppp/2nb1n2/1N6/6q1/3PBN2/PPP1BP2/R2Q1R1K b - -,g4h3 h1g1 h3g4 g1h1 g4h5 h1g1 h5b5 f1e1 e8e3 f2e3,-307
r5kr/ppq2ppp/2n5/8/5P2/Q5P1/PPP5/R2K1B1R b - -,a8c8 f1d3 a7a5 a3c5 c7d8 h1h5 g7g6 h5d5 d8f6 d1d2,-103
r4rk1/2pq1pbp/1p4p1/p1p1B3/P2P4/2P1PQ1P/5PP1/1R3RK1 b - -,g7e5 d4e5 d7a4 f3b7 a8c8 f1d1 a4c2 b1c1 c2b3 c3c4,-121
6r1/2pppkp1/p4p1p/1p5P/6P1/R7/PPPPPP2/4K3 b - -,g8a8 a3a5 c7c6 a2a4 f7e6 b2b4 d7d5 f2f4 e6d6 e2e3,36
r1b1kb1r/ppp1qpp1/7p/8/3PB3/8/PP2QPPP/R3K1NR b KQkq -,e7b4 e2d2 c8d7 e1a1 e8a8 a2a3 b4c4 d2c2 c4c2 e4c2,-100
4Q2k/6p1/p2P1r2/1p6/3q4/1P4PP/R4PK1/8 b - -,h8h7 d6d7 d4d5 g2h2 f6d6 a2a6 d5f3 e8e3 f3e3 f2e3,Mate
r4n1k/1b3pPp/2n1p1p1/p2pP2N/2pP3R/2P1B3/pqP1B1PP/5RK1 b - -,h8h7 d6d7 d4d5 g2h2 f6d6 a2a6 d5f3 e8e3 f3e3 f2e3,Mate
r2qk2r/pp1n1ppp/2pbp3/7n/3P4/3Q1NPP/PPP2PB1/R1B1K2R b KQkq -,a7a5 e1h1 h5f6 c2c4 e8h8 d3c2 c6c5 f1d1 d8b6 c1e3,86
2q4k/4bprp/p1rp1p2/1p2pP2/4P3/2PQ4/PPN3PP/3R1R1K b - -,c6c7 c2e3 c8b7 f1f3 c7c8 e3d5 a6a5 d1d2 b5b4 c3c4,262
1r4k1/5ppp/1P1rp3/3p4/8/8/5PPP/1RR2K2 b - -,g8f8 b6b7 f8e7 b1b4 e7d8 f1e2 d6a6 c1b1 a6a7 g2g3,-48
r3kb1r/pBp2p1p/n4n2/4P1p1/3P2b1/8/PPP2B2/R5KR b kq -,a8b8 b7a6 f6d5 a6c4 d5f4 h1h2 g4e6 c4b3 h7h5 c2c4,-392
rn1qkb1r/pp3ppp/2p1p3/3n4/2BP2b1/4PN2/PP3PPP/RNBQK2R b KQkq -,f8e7 e1h1 e8h8 c4e2 c6c5 d4c5 e7c5 c1d2 b8c6 b1c3,4
5r2/ppp3qk/3pp1pn/8/3PP2Q/2P5/P5PP/R1B3K1 b - -,g6g5 c1g5 f8g8 h4h6 g7h6 g5h6 h7h6 a1f1 h6g7 g2g4,212
r2q1rk1/1pb2ppp/p1p2n2/1PPpn3/P7/2NQPN2/1B3PPP/R4RK1 b - -,e5d3 b2a3 d3e5 f3d4 e5c4 b5c6 b7c6 f1d1 d8e8 a3c1,-719
8/8/K7/8/1Q6/4q3/3k1p2/8 b - -,d2e2 b4g4 e3f3 g4e6 e2d1 e6d6 d1e1 d6b4 e1f1 a6b6,-646
r1b2rk1/p1p2ppp/2p2n2/3P4/2B5/2N1P3/PPP3PP/3R1RK1 b - -,f6g4 f1e1 g4e5 c4e2 c6d5 d1d5 f7f6 b2b3 c7c6 d5a5,183
6k1/3p1ppp/4p3/4P3/1b3P2/8/2R2KPP/1r1q3R b - -,f6g4 f1e1 g4e5 c4e2 c6d5 d1d5 f7f6 b2b3 c7c6 d5a5,Mate
r2q1rk1/4n1bp/p2p2p1/1p1Pp3/1Pn1Pp2/PBN2Q1P/5PP1/R1B1R1K1 b - -,a8c8 a3a4 d8b6 a4b5 a6b5 e1e2 c8a8 a1a8 f8a8 e2a2,78
2rq1rk1/p2bbppp/3p1n2/4p3/4P1P1/4BP2/PPPQ3P/2KR1BNR b - -,d6d5 g4g5 f6e4 f3e4 d5d4 c1b1 d7a4 b2b3 d4e3 d2d8,-32
r1bqk2r/pp2npbp/2n3p1/1N1N4/8/4BP2/PPPQ2PP/R3KB1R b KQkq -,e7d5 d2d5 d8d5 b5c7 e8f8 c7d5 g7b2 a1d1 f8g7 c2c3,30
r4nk1/1b3pPp/2n1pNp1/p2pP3/2pP3R/2P1B3/pqP1B1PP/5RK1 b - -,e7d5 d2d5 d8d5 b5c7 e8f8 c7d5 g7b2 a1d1 f8g7 c2c3,Mate
2r1rnk1/pb3qpp/1p6/8/2PBnb2/3Q1N1P/P2N1PP1/1BR1R1K1 b - -,c8d8 a2a3 f7g6 f3h4 g6h5 d2e4 h5h4 c1d1 f8e6 d4f6,-97
r2qkb1r/pp1n1ppp/1n2p3/2p2b2/2PP4/P3BN2/1P2BPPP/RN1Q1RK1 b kq -,f5g6 b1c3 f8e7 d4c5 d7c5 e3c5 e7c5 b2b4 c5e7 c4c5,115
3K4/3P4/8/8/1r6/4k3/8/1R6 b - -,,0
rnb1kbnr/pp3ppp/5q2/3N4/2p1P3/2PN4/PP1P1PPP/R1BQKB1R b KQkq -,f6g6 d3f4 g6e4 d1e2 e4e2 f1e2 f8d6 e1h1 h7h5 e2c4,369
8/p2k1pp1/7p/1p1N1r2/1PP5/P5P1/5R2/5K2 b - -,f5h5 f2f7 d7c6 d5c3 b5c4 f7g7 a7a5 g7g4 a5b4 a3b4,453
r2qk2r/ppp1ppbp/2np1np1/1B1P4/4P1b1/2N2N2/PPP2PPP/R1BQK2R b KQkq -,a7a6 b5a4 b7b5 c3b5 e8h8 b5c7 d8c7 a4c6 a8b8 d1d3,73
r3nrk1/1b3p1p/1pnqp1p1/p1pp2P1/3P1P2/2PBP2N/PP1NQ2P/R4RK1 b - -,d6d7 h3f2 f7f5 g5f6 e8f6 d2f3 c6e7 f3e5 d7c8 f2g4,38
2rq1rk1/pb2bppp/1pn1pn2/6B1/2BP4/P1NQ1N2/1P3PPP/R3R1K1 b - -,h7h6 g5h4 f6h5 h4g3 e7f6 a1d1 c6e7 f3e5 e7d5 c3e4,-21
r1b1k1nr/pppp1qpp/8/2Q5/3pP3/8/PPPP1PPP/RNB1K2R b KQkq -,d7d5 e1h1 g8e7 c5d4 d5e4 b1c3 e8h8 c3e4 e7f5 d4c3,195
8/3k4/K1p2p2/1p1b1p2/1P3P2/P6p/3R1P1r/3R4 b - -,d7d6 a3a4 b5a4 b4b5 h2g2 a6b6 g2g8 b5c6 g8b8 b6a5,392
r2q1rk1/1p3ppp/p1nbbn2/4p1N1/3pP3/P2B4/1PP1NPPP/R1BQ1RK1 b - -,e6d7 e2g3 h7h6 g5f3 a8c8 d1e2 d7e6 f3h4 f8e8 h4f5,-52
r4n2/1b3pkp/2n1pNpB/p2pP3/2pP3R/2P5/pqP1B1PP/5RK1 b - -,e6d7 e2g3 h7h6 g5f3 a8c8 d1e2 d7e6 f3h4 f8e8 h4f5,Mate
r1br4/1pk3pp/4qpn1/pQ6/3p1P2/B7/P5PP/1RR4K b - -,c7b8 b5c5 e6d6 c5d6 d8d6 a3d6 b8a7 b1b5 b7b6 c1b1,487
4r3/1pp5/3b4/p4k2/2P3R1/7K/PPB3P1/8 b - -,e8e4 g4e4 f5f6 e4e1 a5a4 h3g4 d6e5 c2a4 e5b2 g4h5,734
8/r5pp/p4p2/1nk5/R2P1PPP/4NK2/5P2/8 b - -,c5d6 e3d1 a6a5 f3e4 d6c6 g4g5 b5d6 e4d3 h7h5 d1c3,49
r2q1rk1/pp1n1ppp/2pbp3/7n/3P4/3Q1NPP/PPP2PB1/R1B2RK1 b - -,d8c7 c2c4 f8d8 a2a3 h5f6 d3e2 a7a5 c1d2 d8e8 f1e1,82
r1bqk2r/pp3pbp/2n3p1/1N1Q4/8/4BP2/PPP3PP/R3KB1R b KQkq -,d8d5 b5c7 e8f8 c7d5 g7b2 a1d1 f8g7 c2c3 c8e6 d1b1,22
r1b2rk1/bpp1qpp1/p1np1n1p/4p3/PPB1P3/1QPP1N2/1B1N1PPP/R4RK1 b - -,f6h5 g2g3 e7f6 b3d1 c8h3 f1e1 a8e8 d3d4 h3g4 c4e2,-19
4Q3/3P2pk/p2r4/1p1q4/8/1P4PP/4RP2/6K1 b - -,h7h6 e2e4 d5e4 e8e4 g7g5 e4f5 d6d2 g1g2 a6a5 f5f6,928
8/2KP4/8/8/8/4k3/8/1r6 b - -,,0
r4B1k/1b3p1p/2n1pNp1/p2pP3/2pP3R/2P5/pqP1B1PP/5RK1 b - -,b1c1 c7d8 c1d1 d8e7 d1d3 e7e8 e3e4 d7d8r d3d8 e8d8,Mate
8/p2k1pp1/7p/1p1N4/1PP5/P5P1/5K2/8 b - -,d7c6 d5e7 c6d6 e7f5 d6e5 f5g7 b5c4 f2e3 c4c3 e3d3,456
2krr3/ppp2pb1/2n4p/3NP1p1/2PnBPb1/1P3NB1/P5PP/2KR3R b - -,g5f4 g3h4 d4e2 c1c2 d8d5 d1d5 c6b4 c2d2 b4d5 e4d5,55
2rq1rk1/pb2bpp1/1pn1pn1p/8/2BP3B/P1NQ1N2/1P3PPP/R3R1K1 b - -,f6h5 h4g3 e7f6 a1d1 c6e7 c4a2 h5g3 h2g3 d8c7 f3e5,-19
3rr1k1/pp3ppp/2p2b2/2P4b/8/1P2B3/P4PPP/1BR2RK1 b - -,f6b2 c1c2 b2d4 e3d4 d8d4 f2f3 h5g6 c2c1 g6b1 c1b1,-38
rnb1kb1r/ppppqp2/5n1p/4P1p1/3P1p2/5NP1/PPP1Q2P/RNB1KB1R b KQkq -,g5g4 e5f6 e7e2 f1e2 g4f3 e2f3 d7d6 b1c3 b8c6 c3b5,123
r1b2rk1/pp6/3q1n1Q/3pR3/8/1P3N2/P4PPP/R5K1 b - -,c8h3 e5g5 g8f7 g5g7 f7e8 h6h3 f8g8 a1e1 e8d8 g7g8,648
r3nrk1/1b1q1p1p/1pn1p1p1/p1pp2P1/3P1P2/2PBP3/PP1NQN1P/R4RK1 b - -,f7f5 h2h4 a5a4 a2a3 e8g7 d2f3 d7c8 g1h1 g7h5 f1g1,37
r1b1k2r/ppN2pbp/2n3p1/3q4/8/4BP2/PPP3PP/R3KB1R b KQkq -,e8f8 c7d5 g7b2 a1d1 f8g7 c2c3 c8e6 d1b1 b2a1 e1f2,21
8/8/K7/8/7Q/4q3/5p2/4k3 b - -,e1d2 h4b4 d2e2 b4g4 e3f3 g4e6 e2d1 e6d6 d1e1 d6b4,-824
r2q1rk1/4n1bp/p2p4/1p1Pp1p1/PPn1Pp2/1BN2Q1P/5PP1/R1B1R1K1 b - -,d8d7 b3c4 b5c4 c1a3 f8f6 b4b5 e7g6 f3g4 d7e8 g4h5,162
r1b5/pp1nk1pp/4p3/3pP3/7P/3B1P2/PPP5/R3K2R b KQ -,e7f8 f3f4 f8g8 h1g1 a7a5 e1a1 d7c5 d3b5 a5a4 f4f5,354
8/8/8/8/8/6k1/8/Q5K1 b - -,e7f8 f3f4 f8g8 h1g1 a7a5 e1a1 d7c5 d3b5 a5a4 f4f5,Mate
rnbq1rk1/p4ppp/3ppn2/bppP4/2P1P3/P1N2PN1/1P4PP/R1BQKB1R b KQ -,d8b6 c1d2 e6d5 c4d5 c5c4 b2b4 c4b3 c3b5 a5d2 d1d2,-24
8/1kr5/4Q3/8/3K4/8/8/8 b - -,c7c6 e6e3 b7c7 e3e7 c7b6 d4d5 c6c7 e7b4 b6a6 d5d6,266
r2q1rk1/pb2ppbp/2n3p1/2B5/2B1P3/2P5/P3NPPP/2RQ1RK1 b - -,d8a5 c5e3 c6e5 c4b3 b7e4 e2f4 f8d8 d1e2 e4b7 f1d1,-44
rkbr4/1p4pp/4qpn1/p1Q5/3p1P2/B7/P5PP/1RR4K b - -,e6d6 c5d6 d8d6 a3d6 b8a7 c1c5 b7b6 c5b5 c8b7 b5b6,491
2r2rk1/pb2bppp/1p1qpn2/4N1B1/1n1P4/2N5/PP1QBPPP/2RR2K1 b - -,b4d5 e2f3 d5c3 f3b7 f6e4 b7e4 c3e4 g5e7 d6e7 d2f4,-10
r2q1rk1/1pb2ppp/p1p2n2/2PpN3/PP6/2NQP3/1B3PPP/R4RK1 b - -,d8e7 e5f3 a6a5 b4b5 f6d7 d3d4 f7f6 c3e2 c7e5 d4d2,434
2r2rk1/1b2bppp/pp6/n2p4/q2P1B2/5N2/1P1Q1PPP/1BR2RK1 b - -,g7g6 c1c8 f8c8 f4h6 a4b4 d2f4 b4d6 f4g4 a5c6 f1e1,-45
r4B1k/1b3p2/2n1pNp1/p2pP2B/2pP3R/2P5/pqP3PP/5RK1 b - -,a4b4 c1c3 g7g6 f1e1 a5c4 d2c1 e7d6 f4d6 c4d6 h2h4,Mate
r1b2k1r/pp3pbp/2n3p1/3N4/8/4BP2/PPP3PP/R3KB1R b KQ -,g7b2 a1d1 f8g7 c2c3 c8e6 d1b1 b2a1 e1f2 e6d5 b1a1,21
r5k1/1pbq3p/5p2/p1Pp2P1/3P4/PP5P/3BQ2P/5R1K b - -,f6f5 f1e1 b7b6 e2e7 a8d8 e7d7 d8d7 b3b4 a5b4 a3b4,379
2r2rk1/5p2/p2p3p/1p2p1b1/4Pp1P/5PP1/PPP2B2/2RR2K1 b - -,f4g3 h4g5 g3f2 g1f2 h6g5 d1d6 f8d8 d6a6 d8d2 f2g3,11
8/8/4k3/4p1pp/4P1n1/4P1P1/4K3/4B3 b - -,e6d7 e1c3 d7c6 c3b4 g4h6 b4f8 h6f7 f8e7 c6d7 e7b4,-43
r3k2r/pp3ppp/2p1p3/3pB2b/N3q2P/4PP2/P4K2/R2Q1B1R b - -,e4e5 a1c1 a8d8 f1e2 d5d4 d1d2 d4e3 d2e3 e5e3 f2e3,70
8/8/1Kpk1p2/1p1b1p2/1P3P2/P6p/3R1P1r/3R4 b - -,h2f2 d2f2 d6e6 f2e2 d5e4 b6c5 e6f7 d1d7 f7g6 e2e3,1130
8/p2k1pp1/7p/3N4/1Pp5/P3K1P1/8/8 b - -,c4c3 d5c3 d7c7 e3d4 c7c6 a3a4 h6h5 c3d5 g7g5 d5e7,409
3rr1k1/pp3ppp/2p5/2P4b/8/1P2B3/PbR2PPP/1B3RK1 b - -,b2d4 e3d4 d8d4 f2f3 h5g6 c2b2 g6b1 f1b1 g7g5 g1f2,-41
r1bqkbnr/1p4pp/p1np4/4pp2/2N1P3/2N5/PPP2PPP/R1BQKB1R b KQkq -,c8e6 e4f5 e6f7 c4e3 g8f6 g2g4 d6d5 g4g5 d5d4 g5f6,119
r1b1kb1r/ppp2pp1/7p/8/1q1PB3/8/PP2QPPP/R4KNR b kq -,f8e7 g1f3 e8h8 h2h3 e7f6 a2a3 b4b6 g2g4 f6d4 f3d4,-119
r1b5/pp2k1pp/4p3/3p4/7P/3P1P2/PP3K2/R6R b - -,g7g6 h4h5 c8d7 h5g6 h7g6 a1g1 e7f6 h1h6 d7e8 h6h8,247
1rb2rk1/p1p2ppp/8/3B4/8/1P2P3/P1P3PP/3R1RK1 b - -,g7g6 f1f4 c8f5 e3e4 f5e6 d5e6 f7e6 f4f8 b8f8 d1d3,266
1b3rq1/B3k1p1/p1p1r1Bp/Pp1pPQ2/8/2P5/3N2PP/R5K1 b - -,b8a7 g1h1 f8f5 g6f5 e6e5 a1f1 e7d8 f5g6 g8e6 d2f3,-748
2r2rk1/1b2bppp/pp6/3p4/q1nP1B2/3Q1N2/1P3PPP/1BR2RK1 b - -,a4c2 d3c2 g7g6 c2b3 a6a5 b1d3 b7a6 b3a2 a6b5 f4h6,Mate
2r2rk1/5p2/p2R4/1p2p1p1/4P3/5P2/PPP2K2/2R5 b - -,f8d8 d6a6 d8d2 f2g3 c8c2 c1c2 d2c2 b2b3 g8g7 a6a5,13
r1b2nk1/p7/2nbpQB1/2pp4/3P3P/2P5/P4PP1/R3R1K1 b - -,a8b8 g6f7 g8h7 h4h5 b8b7 h5h6 b7f7 f6f7 h7h6 f7f6,1053
5r2/ppp3qk/3pp2n/6B1/3PP2Q/2P5/P5PP/R5K1 b - -,f8g8 h4h6 g7h6 g5h6 h7h6 a1f1 h6g7 g2g4 g7h8 h2h3,242
4r3/1pp5/3b1kR1/p7/2P5/7K/PPB3P1/8 b - -,f6e7 g6g5 b7b6 g5f5 e7d8 f5f2 e8e1 h3g4 d6c5 f2d2,13
r1bqk1nr/ppp2ppp/3p4/2P5/2n1P3/2P5/PP3PPP/RNBQK2R b KQkq -,c8e6 b2b3 c4e5 c5d6 d8d6 d1d6 c7d6 c3c4 e5d3 e1e2,-315
2r2rk1/5p2/p2p3p/1p2p1P1/4P3/5P2/PPP2K2/2RR4 b - -,f7f5 e4f5 h6g5 d1d6 f8f5 f2e2 c8c4 d6a6 e5e4 f3e4,14
7k/1q2bprp/p1rp1p2/1p2pP2/4P3/2PQN3/PP4PP/3R1R1K b - -,c6c7 e3d5 c7c8 d1d2 g7g5 f1f3 a6a5 f3h3 b5b4 c3c4,257
2rq1rk1/p2bbppp/5n2/3pp1P1/4P3/4BP2/PPPQ3P/2KR1BNR b - -,d7a4 g5f6 a4c2 g1e2 e7f6 e4d5 c2f5 e2c3 d8a5 h1g1,34
8/p4pp1/2k4p/3N4/1PpK4/P5P1/8/8 b - -,c4c3 d5c3 h6h5 c3e4 f7f5 e4g5 c6b5 g5e6 g7g6 d4c3,500
1r3k2/1P3ppp/3rp3/3p4/8/8/5PPP/1RR2K2 b - -,f8e7 b1b4 g7g5 c1b1 h7h6 f1e2 d6a6 g2g3 e7d7 e2f3,-33
r4rk1/1bq1bppp/p1n5/1p5Q/8/P4N2/1P3PPP/RBB1R1K1 b - -,h7h6 c1h6 g7g6 b1g6 c7d6 g6e4 d6f6 h5g4 g8h8 h6d2,700
4r3/1pp5/3b2R1/p3k3/2P3K1/8/PPB3P1/8 b - -,e8a8 g4f3 a8f8 f3e2 b7b6 g6g4 d6c5 g4e4 e5d6 e2d2,4
2r2rk1/1b2b1pp/pp6/3p1p2/q1nP1B2/1P1Q1N2/5PPP/1BR2RK1 b - -,a4a3 b3c4 d5c4 c1c4 a3d3 b1d3 b6b5 c4c8 b7c8 d3b1,337
5r2/1R3pk1/r2pnN1p/p3p1pb/P3P3/B3PN1P/2Q3P1/6K1 b - -,g5g4 f6h5 g7g8 h5f6 g8g7 f6g4 f8a8 f3h4 e6d8 b7b1,848
8/K7/8/8/7Q/5q2/5p2/4k3 b - -,f3e3 a7a6 e1d2 h4b4 d2e2 b4g4 e3f3 g4e6 e2d1 e6d6,-825
2r2rk1/2q3pp/3Q1p2/4p3/4P3/5P2/PP3P1P/3R1RK1 b - -,c7f7 a2a3 g8h8 b2b4 h7h6 d1d3 h8h7 d6d7 f7d7 d3d7,150
rnb1kbnr/ppp2ppp/8/8/4Q3/2N3P1/qPPP1P1P/R1B1KBNR b KQkq -,g8e7 a1a2 b8c6 c3b5 c8f5 e4f4 a8c8 b5a7 g7g5 f4g5,805
r1bqk2r/ppp3b1/3p1p1p/3Pn1p1/3NP3/2N5/PPPQBP2/2KR3R b kq -,h6h5 e2h5 e8e7 c3e2 c7c5 d4e6 d8g8 e2g3 c8e6 d5e6,398
8/4q3/2p5/n7/pk6/Q3N3/P7/1K6 b - -,h6h5 e2h5 e8e7 c3e2 c7c5 d4e6 d8g8 e2g3 c8e6 d5e6,Mate
r1bq1rk1/1p3pp1/p1nb1n1p/4p3/3pP3/P2B1N2/1PPBNPPP/R2Q1RK1 b - -,c8e6 b2b4 a8c8 a1c1 f8e8 f1e1 a6a5 c1b1 f6d7 c2c3,-44
2rq1rk1/pb2Bpp1/1pn1p2p/7n/2BP4/P1NQ1N2/1P3PPP/R3R1K1 b - -,c6e7 c4b3 h5f4 d3d1 e7g6 e1e3 f4g2 g1g2 g6h4 g2h3,-108
2rq1rk1/p2bbppp/8/3pp1P1/4P3/4B3/PPPQ3P/2KR1BNR b - -,d8c7 e4d5 e7b4 d2d3 c7a5 c1b1 g7g6 f1h3 d7b5 d3e4,168
6r1/ppp3qk/3pp2Q/6B1/3PP3/2P5/P5PP/R5K1 b - -,g7h6 g5h6 h7h6 a1f1 g8g5 f1f6 h6h5 f6e6 g5a5 e6e7,228
1r6/1PR1kppp/3rp3/3p4/8/8/5PPP/1R3K2 b - -,d6d7 b1c1 b8b7 c7c3 h7h5 h2h4 e7f6 g2g3 e6e5 c3c8,-351
r1bqkbnr/6pp/p1np4/1p2pp2/4P3/2N1N3/PPP2PPP/R1BQKB1R b KQkq -,c6d4 e3f5 c8f5 e4f5 d6d5 d1h5 e8d7 f1d3 g8f6 h5h3,156
2r2rk1/5p2/p2p3p/1p2p1P1/4P3/5Pp1/PPP2B2/2RR2K1 b - -,g3f2 g1f2 f7f5 e4f5 h6g5 d1d6 f8f5 f2e2 c8c4 d6a6,16
r2q1rk1/5p2/p1n2p1p/1pbp4/7N/2B5/1P2QPPP/R2R2K1 b - -,f6f5 h4f5 g8h7 e2f3 c6b4 c3d2 f8g8 f5h6 g8g6 f3f7,510
4k3/1p4pp/8/8/8/8/PPK3P1/8 b - -,,0
r1bqk2r/1ppnppbp/p2p1np1/8/3PPB2/2NB1N2/PPPQ1PPP/R3K2R b KQkq -,c7c5 d4d5 b7b5 f4h6 e8h8 e1h1 c5c4 h6g7 g8g7 d3e2,5
rnbqkb1r/p1pppp1p/1p4p1/4P2n/5P2/2N5/PPPPB1PP/R1BQK1NR b KQkq -,h5f4 e2f3 c7c6 d2d4 f4e6 h2h4 h7h5 c3e4 f8g7 c2c3,24
8/3k4/8/4p1pp/4P1n1/2B1P1P1/4K3/8 b - -,d7c6 c3a5 g4h6 a5b4 h6f7 b4c3 c6d7 e2d3 d7d6 c3e1,-43
rnb1kbnr/ppp2ppp/4Q3/8/8/2N3P1/1PPP1P1P/R1B1KBNR b KQkq -,f8e7 e6c8 e7d8 c8b7 g8e7 b7a8 b8d7 a8a7 d7b6 f1g2,1353
2kr2r1/ppp1qppp/2n1bn2/3Bp1B1/4P3/2P5/PP1NQ1PP/R4R1K b - -,e6g4 e2e3 e7d7 g5f6 g7f6 f1f6 g4e6 d5e6 f7e6 f6f2,53
2kr3r/pp1bq1b1/2ppp2p/5pp1/2PP2P1/2NBP3/PPQ2PP1/2KR3R b - -,f5g4 d3g6 c8b8 g6h5 d7e8 h5g4 h6h5 g4e2 d6d5 c1b1,-92
8/p4pp1/7p/1k6/1PpK4/P1N3P1/8/8 b - -,b5b6 c3d5 b6c6 d4c4 c6d6 a3a4 f7f5 d5f4 g7g5 f4h5,545
r1bq1rk1/pp2npbp/2Npp1p1/8/4P3/2N1BP2/PPPQ2PP/2KR1B1R b - -,e7c6 c1b1 d8a5 c3b5 a5d2 d1d2 d6d5 b5c7 a8b8 e4d5,163
8/8/1k2Q3/8/3K4/8/8/2r5 b - -,c1c6 e6e5 c6c1 e5e3 c1c5 e3a3 c5c7 a3d6 b6b7 d6e6,260
rnb1kbnr/pp1pqp1p/2p3p1/4P3/3PNp2/5N2/PPP1Q1PP/R1B1KB1R b KQkq -,e8d8 c1f4 f8h6 f4g3 e7f8 e4d6 g8e7 e2f2 e7f5 f1d3,397
r3r1k1/pB2qpbp/1p1p2p1/PPp2p2/2PP1N2/2nQP1P1/5P1P/R4RK1 b - -,c5d4 b7a8 e8a8 e3d4 c3e4 a5b6 e7b7 b6a7 e4g5 f4d5,423
r3r1k1/2qbbppp/p2p1n2/nppPp3/4P3/1PP2N1P/P1B2PPK/RNBQR3 b - -,e8c8 c1e3 g7g6 b1d2 f6h5 g2g3 e7f6 d1e2 c8e8 d2f1,78
6r1/ppp4k/3pp2B/8/3PP3/2P5/P5PP/R5K1 b - -,h7h6 a1f1 h6g7 g2g4 g8b8 g1g2 b7b5 h2h4 a7a5 h4h5,243
r4rk1/1bq1bp1p/p1n3pQ/1p6/8/P4N2/1P3PPP/RBB1R1K1 b - -,c7d7 c1g5 f8e8 g5e7 e8e7 b1a2 a8e8 e1e7 d7e7 h2h4,101
r2q1rk1/1p3pp1/p1nbbn1p/4p3/3pP3/P1PB1N2/1P1BNPPP/R2Q1RK1 b - -,d4c3 d2c3 f6h5 d3b1 e6g4 e2g3 d8f6 g3h5 g4h5 b1a2,-44
3r2k1/5p2/p7/1p2p1p1/4P3/4KP2/PPP5/2R5 b - -,d8c8 c2c3 g8g7 b2b3 g7f6 c3c4 b5c4 b3c4 c8c5 e3d3,5
1r3rk1/p1p2ppp/8/3B4/3R2b1/1P2P3/P1P3PP/5RK1 b - -,h7h5 d4f4 g4e6 d5e6 f7e6 f4a4 f8d8 a4a7 b8c8 h2h3,321
rnb2rk1/p4ppp/1q1ppn2/bppP4/2P1P3/P1N2PN1/1P2B1PP/R1BQK2R b KQ -,f8e8 e1h1 b5c4 e2c4 c8a6 c3a4 b6b7 c4a6 b7a6 d5e6,43
rnbqk2r/ppp1bppp/3ppn2/6B1/3P3P/4PN2/PPP2PP1/RN1QKB1R b KQkq -,h7h6 g5f6 e7f6 b1d2 a7a6 c2c3 b8d7 f1d3 c7c5 d1e2,1
4rrk1/5p1p/pp1p2p1/2pPb3/2P1b1Pq/PP2Q2P/4BP2/4RRK1 b - -,e5d4 e2f3 f7f5 g4g5 d4e3 e1e3 h4g5 g1h2 g5f4 h2g2,-934
8/1p1k2pp/8/8/8/3K4/PP4P1/8 b - -,,0
1r3Bk1/1bq2p1p/p4Pp1/4p3/2p1r1NQ/6PP/PPP2K2/1R3R2 b - -,h7h5 d3e4 d7e6 a2a4 g7g5 b2b4 h5h4 e4f3 e6f5 b4b5,Mate
2kr2r1/ppp1qppp/2n2n2/3Pp1B1/8/2P5/PP1NQ1PP/R4R1K b - -,c6b4 c3b4 d8d5 d2e4 d5d4 e4f6 g7f6 g5f6 e7d7 a1d1,407
2r2rk1/1b2bppp/pp6/3p4/q2P1B2/1n1Q1N2/1P3PPP/1BR2RK1 b - -,c8c2 b1c2 g7g6 c2b3 a4b4 c1c7 b7a8 f4h6 b4d6 f1c1,Mate
2krr3/ppp2pb1/2n4p/3NP1p1/2P1BPb1/1P3NB1/P1K1n1PP/3R3R b - -,d8d7 d1d2 g4f3 e4f3 e2d4 c2c1 d4f3 g2f3 g5f4 g3f4,17
8/p4pp1/2k4p/8/1PK5/P1N3P1/8/8 b - -,g7g6 c3d5 a7a6 a3a4 f7f6 d5f4 c6d7 c4c5 d7e8 b4b5,565
r1b1nr1k/pp6/5pQ1/3pP3/8/qP3N2/P4PPP/4RRK1 b - -,a3e7 e5f6 e7f6 g6h5 h8g7 e1e8 c8e6 e8a8 f8a8 h2h4,416
r2q1rk1/1p3pp1/p1nbbn1p/4p3/4P3/P1BB1N2/1P2NPPP/R2Q1RK1 b - -,f6h5 d3b1 e6g4 e2g3 d8f6 h2h3 d6c5 g3h5 g4h5 b1a2,-43
rnb1k1nr/pp1pqpbp/2pN2p1/4P3/3P1p2/5N2/PPP1Q1PP/R1B1KB1R b KQkq -,e8d8 c1f4 b7b6 e1a1 g8h6 f3g5 c6c5 e2f3 b8c6 f1b5,561
2B5/4k3/6b1/8/5K2/5P1P/8/8 b - -,e7f8 f4g5 f8g7 h3h4 g6c2 c8f5 c2b3 f3f4 b3a4 f5g6,465
r1bq1b1r/p1k1n1p1/1pp4p/1B6/3pNQ2/8/PPP2PPP/R3R1K1 b - -,c7b7 e4d6 b7b8 d6c8 d8c7 f4c7 b8c7 c8e7 c6b5 a1d1,169
r1bq1rk1/pp2npbp/2npp1p1/8/3NP3/2N1BP2/PPPQ2PP/1K1R1B1R b - -,d6d5 d4c6 b7c6 h2h4 a8b8 c3a4 d8c7 h4h5 d5e4 h5h6,99
1K6/8/8/8/7Q/q7/5p2/4k3 b - -,a3e3 h4b4 e1e2 b4g4 e2d2 g4b4 d2d3 b4b1 d3e2 b1a2,-903
r3r1k1/pq3pbp/1p1p2p1/PPp2p2/2PP1N2/2Q1P1P1/5P1P/R4RK1 b - -,h7h5 f4d5 b6a5 c3a5 c5d4 e3d4 g7d4 a1d1 d4e5 f1e1,25
2rq1rk1/p2bbppp/8/4p1P1/3pP3/4B3/PPPQ3P/1K1R1BNR b - -,d7e6 e3f2 e7g5 d2d3 c8c6 f2e1 d8c7 g1f3 g5e7 h2h4,33
2krr3/ppp2pb1/2n4p/3NP1p1/2P2P2/1P3BB1/P1K1n1PP/3R3R b - -,e2f4 d5f4 d8d1 h1d1 g5f4 f3c6 b7c6 g3f4 g7e5 d1e1,122
4r3/1pp5/3b2R1/p7/2Pk2K1/1B6/PP4P1/8 b - -,e8e2 g4f3 e2b2 g6g4 d4d3 g4g5 b7b6 g5d5 d3c3 g2g4,-20
8/1p1k2p1/8/7p/4K3/8/PP4P1/8 b - -,,0
r1b3k1/ppN2p1p/3r1bp1/2n1p3/2P1P3/5N1P/PP3PP1/2KR1B1R b - -,d6c6 c7a8 c5e4 h1g1 e4f2 d1d2 f2e4 d2d5 c8e6 d5a5,186
8/8/2p1kp2/Kp1b1p2/1P3P2/P6p/3R1P1r/3R4 b - -,e6d6 a3a4 b5a4 a5b6 d6e6 b4b5 c6b5 d2d5 h2f2 d5d4,304
8/8/2k5/4p1pp/4P1n1/4P1P1/4K3/4B3 b - -,c6b5 e2d3 b5c5 e1c3 c5c6 d3e2 c6d7 c3a5 g4f6 e2d3,-44
r1bq1b1r/p2kn1p1/1ppQ3p/1B6/3pN3/8/PPP2PPP/R3R1K1 b - -,d7e8 b5c6 e7c6 d6c6 e8f7 c6a8 f8e7 a8c6 h8e8 a1d1,456
8/p4p2/2k4p/6p1/1PK3P1/P1N5/8/8 b - -,c6c7 c4d5 f7f6 c3e4 c7b6 a3a4 b6c7 e4g3 c7b6 g3f5,702
2k2b1r/ppp2ppp/4pn2/1N6/8/P4B2/1PP2PPP/3R2K1 b - -,c7c6 b5d4 f8e7 a3a4 h8d8 a4a5 c8c7 d4b3 d8d1 f3d1,-167
rnbk2nr/pp1pqpbp/2pN2p1/4P3/3P1B2/5N2/PPP1Q1PP/R3KB1R b KQ -,h7h6 e1a1 g6g5 f4g3 f7f5 e5f6 e7e2 d6f7 d8e8 f1e2,557
3r4/5pk1/p7/1p2p1p1/4P3/1P2KP2/P1P5/2R5 b - -,f7f6 c2c4 b5c4 c1c4 d8d6 b3b4 g7g6 c4c1 f6f5 e4f5,3
r1bq1rk1/pp2npbp/2n1p1p1/3P4/3N4/2N1BP2/PPPQ2PP/1K1R1B1R b - -,e7d5 c3d5 e6d5 f1b5 c8d7 b5c6 b7c6 d4b3 f8e8 h2h4,55
3r1rk1/pbp1qpp1/1p3n2/6QP/4p3/2N2P2/PPP1B3/2K3RR b - -,f6g4 g5e7 f8e8 e7g5 d8d5 g5g4 g8f8 e2c4 e8d8 c4d5,Mate
3r1k2/1q3p2/4pNp1/pp1nQ3/2pR4/P1P3P1/1P3P1P/6K1 b - -,b7b6 d4h4 f8e7 f6g4 b6b8 e5d4 d8g8 h4h7 b8b6 d4e5,210
rnbqkb1r/2p1pppp/5n2/pp1P4/8/PBN2P2/1PPP2PP/R1BQK1NR b KQkq -,a5a4 b3a2 c7c6 d5c6 e7e6 d2d4 b5b4 a3b4 f8b4 a2c4,62
r1bqk2r/ppp3b1/3p1p1p/1B1Pn3/3NP1p1/2N5/PPPQ1P2/2KR3R b kq -,e5d7 d4e6 d8e7 e6c7 e8f7 c7a8 h6h5 b5d7 c8d7 c1b1,526
r1bqkb1r/p3n1p1/1pBQ3p/8/3pN3/8/PPP2PPP/R3R1K1 b - -,e7c6 d6c6 e8f7 c6a8 d8d7 a1d1 f7g8 a8b8 h6h5 c2c3,478
r4rk1/bpp1qpp1/p1np3p/8/PPQPN3/5N2/1B3PPP/R4RK1 b - -,,0
r1bq1rk1/pp2npbp/2n3pB/3p4/3N4/2N2P2/PPPQ2PP/1K1R1B1R b - -,g7d4 h2h4 f8e8 h4h5 d4c3 d2c3 d5d4 c3d2 c8e6 g2g4,-297
1rq2rk1/pp1bbpp1/3p1n1p/2pNpP2/3nP1P1/3PB1NP/PPP3BK/R2Q1R2 b - -,f6d5 e4d5 f7f6 e3d2 a7a5 b2b3 b7b6 g2e4 d4b5 h3h4,205
r4n1k/p2bb3/2n1p1B1/2pp4/3P1Q1P/2P1R3/P4PP1/R5K1 b - -,f6d5 e4d5 f7f6 e3d2 a7a5 b2b3 b7b6 g2e4 d4b5 h3h4,Mate
8/1p4p1/4k3/7p/P3K3/8/1P4P1/8 b - -,,0
8/5pk1/p7/4p1p1/Pr2P3/1PR1KP2/8/8 b - -,,0
1r3rk1/p1pb1ppp/8/3B4/5R2/1P2P3/P1P3PP/5RK1 b - -,d7e8 f1d1 c7c6 d5f3 b8c8 f4c4 f7f5 d1d6 g7g5 h2h3,314
1k1r3r/pp1bq1b1/2ppp2p/2P3p1/3PN1p1/3BP3/PPQ2PP1/2KR3R b - -,d6d5 e4d6 e6e5 d3f5 h6h5 f5d7 d8d7 e3e4 e5d4 e4d5,-113
2krr3/ppp2pb1/2n4p/3NP1p1/2P2P2/1P3PB1/P6P/1K1R3R b - -,g7h8 d1e1 c6d4 f4g5 d4f3 e1e3 f3g5 h1f1 d8d7 a2a4,27
r2q1rk1/1p3pp1/p1nbb2p/4p2n/4P3/P1B2N2/1PB1NPPP/R2Q1RK1 b - -,d8b6 e2g3 h5g3 h2g3 f8d8 d1e2 d6c5 f3e5 c6d4 c3d4,-58
4r3/p1p2kpp/5n2/1Qb5/3pq3/6P1/PP1P1P1P/RNB3KR b - -,d8b6 e2g3 h5g3 h2g3 f8d8 d1e2 d6c5 f3e5 c6d4 c3d4,Mate
8/8/2pk1p2/3b1p2/KP3P2/7p/3R1P1r/3R4 b - -,d6d7 b4b5 d7c7 a4a5 h2g2 d1c1 d5f3 b5b6 c7c8 c1h1,316
rn1qkb1r/ppp1pppp/4b3/3pN3/3Pn3/4PP2/PPP3PP/RNBQKB1R b KQkq -,e4d6 b1c3 f7f6 e5d3 e6f7 e3e4 e7e6 c1e3 f8e7 f1e2,11
r2br1k1/ppp2pPp/3p4/3P1q1P/5nB1/1Q2B3/PPP2P2/2K3RR b - -,f5e4 g4d7 f4e2 c1b1 e2g1 h1g1 d8f6 d7e8 e4e8 h5h6,319
r1b1nr1k/pp6/5q2/3p3Q/8/1P3N2/P4PPP/4RRK1 b - -,h8g8 e1e8 c8f5 e8a8 f8a8 f1d1 f6g6 h5g6 f5g6 d1d5,438
r1b1kb1r/p2q2p1/1pQN3p/8/3p4/8/PPP2PPP/R3R1K1 b - -,h8g8 e1e8 c8f5 e8a8 f8a8 f1d1 f6g6 h5g6 f5g6 d1d5,Mate
3qr1k1/pb3pp1/4pn1p/1pN5/3PP3/1B2Q2P/P4PP1/3R2K1 b - -,b7a8 a2a4 a8c6 a4b5 c6b5 e3g3 b5c6 d4d5 e6d5 e4d5,27
r3k2r/1b3ppp/p1n1pn2/2bq4/Pp6/3BPN2/1P2QPPP/RNBR2K1 b kq -,c5d6 h2h3 d6c7 e3e4 d5h5 b1d2 g7g5 e4e5 g5g4 e5f6,28
rnbq1rk1/ppn1bppp/2p1p3/4P3/2PP4/2N2N2/PPB3PP/R1BQK2R b KQ -,f7f5 e5f6 g7f6 e1h1 g8h8 c1f4 b8d7 d1e2 f8g8 a1d1,425
rnb2rk1/p2n1ppp/1q1p4/bp1P4/2p1PB2/P1N2PN1/1P2B1PP/R2QK2R b KQ -,b8a6 g3f5 d7c5 f5e7 g8h8 e7c6 a5c3 b2c3 c8d7 c6d4,-44
rnbr2k1/1p2qpp1/2p1p2p/p3P3/PnNP4/N3Q1P1/5PBP/R1R3K1 b - -,e7g5 e3c3 g5e7 c3d2 a8a7 a1b1 b8d7 a3c2 c6c5 c2b4,57
r4rk1/bpp2pp1/p1np3p/1P6/P1QPq3/5N2/1B3PPP/R4RK1 b - -,c6e7 c4c7 e7f5 f1e1 e4d5 c7c3 h6h5 c3a5 f8c8 a1c1,-2
r1bkRb1r/p2q2p1/1pQN3p/8/3p4/8/PPP2PPP/R5K1 b - -,c6e7 c4c7 e7f5 f1e1 e4d5 c7c3 h6h5 c3a5 f8c8 a1c1,Mate
r2qk2r/pp1nbppp/1n2p3/2p2b2/2PP4/P1N1BN2/1P2BPPP/R2Q1RK1 b kq -,f5g6 d4c5 d7c5 f3d2 e8h8 b2b4 c5d3 d2e4 e7f6 e4f6,99
8/8/8/7R/2k1B3/2b3PP/7r/2K5 b - -,c4d4 e4b7 d4d3 b7a6 d3e3 a6c4 c3b2 c1b1 b2d4 h5h7,9
2k2r2/ppp1qp1N/2nr4/4p3/8/2P5/PP2Q1PP/R4R1K b - -,f7f5 h7f8 e7f8 a1d1 d6h6 h2h3 c8b8 b2b4 f8h8 b4b5,333
r4nk1/p2bb3/2n1p1BQ/3p4/3p3P/2P3R1/P4PP1/R5K1 b - -,f7f5 h7f8 e7f8 a1d1 d6h6 h2h3 c8b8 b2b4 f8h8 b4b5,Mate
8/p7/2k4p/5Pp1/1PK5/P1N5/8/8 b - -,g5g4 c3e4 c6d7 c4d5 d7e7 f5f6 e7f7 d5e5 h6h5 e5f5,811
r4rk1/1p2qpp1/p1nbb2p/4p2n/4P3/PBB2N2/1P2NPPP/R2Q1RK1 b - -,f8d8 b3e6 e7e6 d1d5 e6g6 e2g3 h5f4 d5b3 b7b5 f1d1,-25
r2q1rk1/5p2/p4p1p/1pbpnN2/8/2B5/1P2QPPP/R2R2K1 b - -,g8h7 e2h5 e5g4 h5g4 f8g8 g4f3 d8b6 g2g3 g8g5,566
8/8/8/1k2p1pp/4P1n1/3KP1P1/8/4B3 b - -,g4h2 e1c3 h2g4 d3e2 b5c6 c3e1 c6d7 e1a5 d7e7 a5b4,-44
8/1p6/4k3/6pp/PP2K3/8/6P1/8 b - -,,0
r1bq1rk1/pp2npbp/2n3p1/3p4/3N3P/2N1BP2/PPPQ2P1/1K1R1B1R b - -,e7f5 d4f5 c8f5 c3d5 c6e7 e3g5 d8d5 d2d5 e7d5 d1d5,107
rnbqk2r/1pppbppp/p3pn2/8/3P1B1P/2N1P3/PPP2PP1/R2QKBNR b KQkq -,b7b5 d1f3 d7d5 h4h5 c7c5 d4c5 c8b7 f3g3 e7c5 g1f3,7
r2q1rk1/pp1nbppp/1n2p3/2P2b2/2P5/P1N1BN2/1P2BPPP/R2Q1RK1 b - -,d7c5 f3d4 f5g6 b2b4 c5e4 c3e4 g6e4 d1b3 a7a6 f2f3,87
r3kb1r/pp1bnppp/1qn1p3/3PP1B1/3p4/1P3N2/P4PPP/RN1QKB1R b KQkq -,b6a5 g5d2 a5d5 f1c4 d5e4 d1e2 e4e2 c4e2 e7g6 a2a4,-263
r1bkQb1r/p5p1/1p1N3p/8/3p4/8/PPP2PPP/R5K1 b - -,e7d5 f1c4 b6a5 g5d2 d5c3 d1c1 c6e5 b1c3 d4c3 d2c3,Mate
8/8/5k2/8/6B1/4KP1P/2b5/8 b - -,c2b1 f3f4 b1c2 h3h4 c2a4 h4h5 f6g7 e3d3 g7f6 d3d4,32
r1bqk1nr/ppp2ppp/8/2p5/Q1n1P3/2P5/PP3PPP/RNB1K2R b KQkq -,d8d7 a4c4 b7b6 b1a3 a7a5 c1f4 c8a6 c4d5 d7d5 e4d5,-4
rn1qkb1r/pp1np1pp/2p2P2/3p2B1/2PP4/8/PP3PPP/RN1QKB1R b KQkq -,g7g6 f6f7 e8f7 b1c3 f8g7 h2h4 g7f6 d1f3 e7e5 e1a1,233
r4rk1/pp2bppp/2p1pnb1/q3B3/3P4/P1NB3P/1PP1QPP1/R4RK1 b - -,f6d7 e5g3 f8d8 c3e4 a5d5 c2c3 c6c5 e4c5 d7c5 d3g6,-12
r3r3/1R3p2/4n1kp/p3B1pb/P3P1P1/4PN1P/8/5QK1 b - -,g6d3 e2d3 f6d7 e5g3 f8d8 f1d1 d7f8 c3e4 d8d7 b2b4,Mate
r1b1Rr2/pp4k1/5q2/3p3Q/8/1P3N2/P4PPP/5RK1 b - -,c8f5 e8a8 f8a8 f3d4 f5d3 h5g4 f6g6 g4d7 g6f7 d7f7,423
r1b1Qb1r/p1k3p1/1p5p/1N6/3p4/8/PPP2PPP/R5K1 b - -,c8f5 e8a8 f8a8 f3d4 f5d3 h5g4 f6g6 g4d7 g6f7 d7f7,Mate
Q7/ppqbkp2/4p3/3pPn2/3n1P2/P1N5/1BP3PP/2KR1B1R b - -,d4c6 d1d5 c7b8 a8b8 c6b8 d5d3 d7c6 a3a4 b8d7 b2a3,1064
3r1k2/5p2/2q1pNp1/pp1n2Q1/2pR4/P1P3P1/1P3P1P/6K1 b - -,b5b4 a3b4 a5b4 c3b4 c6b7 f6e4 d8a8 d4c4 f8g8 h2h4,225
r2qr1k1/ppp3pp/1nn1bp2/2R1p3/7N/1P4PP/PB1PPPB1/3Q1RK1 b - -,d8e7 d1c1 a8d8 d2d3 b6d5 a2a3 a7a5 c5b5 c6d4 b2d4,32
r2q1rk1/pp1n1ppp/1n2p3/2b2b2/2PN4/P1N1B3/1P2BPPP/R2Q1RK1 b - -,a8c8 c3b5 a7a6 d4f5 e6f5 e3c5 d7c5 b5d6 c8c7 b2b4,99
8/p7/2k4p/5P2/1P1K2p1/P1N5/8/8 b - -,c6c7 c3e4 c7d8 f5f6 h6h5 d4d5 g4g3 e4g3 h5h4 g3h1,884
8/p7/1p1p2k1/1P1p1p1p/3P3P/2P2KP1/5P2/8 b - -,g6f7 f3f4 f7e6 f2f3 e6d7 f4f5 d7c8 f3f4 c8c7 f5g5,1178
8/2k5/2p2p2/K2b1p2/1P3P2/7p/3R1P1r/3R4 b - -,d5e6 d2e2 e6d5 b4b5 c7d6 b5b6 h2g2 b6b7 g2g8 a5b6,522
3r4/2q1bP1k/2P1Q1p1/p3p2p/4B3/P5P1/5P1P/3R2K1 b - -,d8d1 g1g2 d1d6 e6e5 h5h4 e5h5 h7g7 h5e5 g7f7 e4d5,-236
r1bqk2r/1pppbppp/p1n1pn2/7P/3P1B2/2N1P3/PPP2PP1/R2QKBNR b KQkq -,b7b5 h5h6 g7g6 a2a3 c8b7 e3e4 b5b4 a3b4 c6b4 e4e5,17
8/1p6/4k3/6p1/PP5p/5K2/6P1/8 b - -,,0
8/8/5k2/8/6B1/5P1P/3K4/3b4 b - -,f6f7 d2d1 f7f8 d1d2 f8g7 d2d3 g7f7 f3f4 f7e7 d3e3,896
r4nk1/p2b4/2nbp1BQ/3p4/3p1P1P/2P3R1/P5P1/R5K1 b - -,f6f7 d2d1 f7f8 d1d2 f8g7 d2d3 g7f7 f3f4 f7e7 d3e3,Mate
3n2kr/pp3p2/6p1/3P4/3QP3/6P1/P6R/R2B2K1 b - -,f6f7 d2d1 f7f8 d1d2 f8g7 d2d3 g7f7 f3f4 f7e7 d3e3,Mate
rn1qkb1r/ppp1pppp/4b3/3pN3/2PPn3/4P3/PP3PPP/RNBQKB1R b KQkq -,d5c4 f1c4 e6c4 e5c4 e4d6 b2b3 g7g6 d1f3 c7c6 a2a4,42
r3r1k1/1bq1bp1p/p1n3pQ/1p6/1P6/P4N2/5PPP/RBB1R1K1 b - -,e7f6 c1e3 f6g7 h6h4 g7a1 b1a2 e8e3 f2e3 c6e5 f3g5,-340
r1b2rk1/bp2q1pp/p7/4np2/3Bn3/5N2/PPPNBPPP/R2QR1K1 b - -,e4d2 d1d2 f8d8 d2c3 a7d4 f3d4 e7f6 a1d1 e5g6 e2c4,430
r2q1rk1/pp1nb1p1/3ppn1p/2p5/4P3/P1N1BN2/1PP2PPP/R2Q1RK1 b - -,d8e8 f1e1 a8d8 d1e2 e8g6 e3f4 f6h5 f4g3 a7a6 a1d1,-16
1rbq1r2/p1n1ppkp/3p1np1/1pp5/4PP2/2PP2PP/PP1QN1B1/R2NK2R b KQ -,g7g8 g3g4 b5b4 e1h1 b4c3 b2c3 c8a6 d1e3 d6d5 e4e5,47
1kNr1r2/pp2q1b1/2p1p2p/2Pp2p1/3P2p1/3BP3/PPQ2PP1/2KRR3 b - -,e7f7 c8d6 f7c7 e1e2 h6h5 c2b3 b8a8 c1b1 h5h4 d1h1,322
2k2b1r/Np3ppp/2p1pn2/8/8/P4B2/1PP2PPP/3R2K1 b - -,c8b8 a7c6 b7c6 f3c6 f8e7 d1d3 h8c8 d3b3 b8c7 c6f3,-224
2kr4/ppp1qp1N/2nr4/4p2Q/8/2P5/PP4PP/R4R1K b - -,b7b6 h7g5 d8f8 g5e4 d6g6 h5f5 e7e6 a1d1 c6a5 f5e6,103
r5k1/1p1rqppp/p1n1pb2/3P4/4Q3/P1N1B3/1P3PPP/R2R2K1 b - -,e6d5 e4e7 c6e7 e3d4 f6d4 d1d4 a8d8 a1d1 d7d6 g2g3,-71
r3k2r/pp1nppb1/3p3p/q1pP1bp1/2P1n3/2N1PPB1/PP2N1PP/R1Q1KB1R b KQkq -,a7a6 f3e4 f5e4 c1d2 e4g6 e2c1 e8h8 a2a4 a5b4 c1d3,198
r3k2r/pp3ppp/2p1p3/3pq2b/N6P/4PP2/P3BK2/R2Q3R b - -,a8d8 a1c1 d5d4 d1d2 e5e3 d2e3 d4e3 f2e3 e8d7 h1g1,51
r4rk1/bpp2pp1/p1n4p/1P1p4/P2Pq3/2Q2N2/1B3PPP/R4RK1 b - -,c6d8 f1e1 e4f4 b2a3 d8e6 a3f8 a8f8 b5a6 b7a6 a1d1,153
2krr3/ppp2pb1/2n4p/3NP3/2PnBpbB/1P3N2/P5PP/2KR3R b - -,d8d7 f3d4 c6d4 d1d4 g7e5 d4d2 c7c6 d5e7 e8e7 h4e7,94
r4rk1/6pp/p7/1p1p4/3b4/5P2/P1qNQ1PP/4RR1K b - -,f8e8 e2d1 c2d1 e1d1 e8e2 d2b3 d4f6 b3c1 e2c2 d1d5,-301
r1bqk2r/1pppbpp1/p1n1pn1p/7P/3P1BP1/2N1P3/PPP2P2/R2QKBNR b KQkq -,b7b5 f1g2 d7d5 g4g5 h6g5 f4g5 c8b7 h5h6 g7h6 d1f3,-23
3r1k2/1q3p2/4pNp1/pp1n2Q1/2pR4/P1P3PP/1P3P2/6K1 b - -,b5b4 g1h2 b7b6 a3b4 a5b4 g5h6 f8e7 f6g4 b4c3 b2c3,256
1r3rk1/p1pb1Bpp/8/8/8/1P2P3/P1P2RPP/5RK1 b - -,g8h8 f7c4 f8f2 f1f2 g7g6 f2f7 d7f5 f7c7 f5c2 c7a7,437
r1b2rk1/1p2q1pp/p7/4np2/3Nn3/8/PPPNBPPP/R2QR1K1 b - -,e7c7 c2c3 c8d7 d1b3 g8h8 d2c4 a8e8 b3b6 c7b8 c4e5,307
8/p7/2k4p/5P2/1P6/P1N1K1p1/8/8 b - -,a7a5 b4a5 h6h5 c3e4 h5h4 e3f3 c6d7 e4g3 h4g3 f3g3,786
8/1p6/8/P4kp1/1P5p/5K2/6P1/8 b - -,,0
rnb1kbnr/ppq1pppp/2pp4/8/3PP3/2P2N2/PP1B1PPP/RN1QKB1R b KQkq -,g7g6 c3c4 f8g7 b1c3 c8g4 d2e3 g4f3 d1f3 c7a5 f3h3,78
rnbqk2r/1p2bppp/p2p1n2/2p1p1B1/4P3/P1NP1N1P/1PP2PP1/R2QKB1R b KQkq -,b8c6 g2g3 c8e6 f1g2 e8h8 e1h1 d8d7 g5f6 e7f6 c3d5,-18
r1bqk2r/ppp3b1/2np1p1p/3P2p1/4P3/2N2N2/PPPQBP2/2KR3R b kq -,c6a5 f3d4 e8h8 f2f4 d8e7 f4f5 a7a6 d1g1 b7b5 d4e6,373
rn1qkb1r/ppp1pppp/4b3/4N3/2BPn3/4P3/PP3PPP/RNBQK2R b KQkq -,e6c4 e5c4 e4d6 b2b3 g7g6 d1f3 c7c6 e1h1 f8g7 f1d1,42
5rk1/nq1r1pp1/p2p2bp/Bp1Pp3/4P3/Q4PP1/PP4BP/R2R2K1 b - -,f7f6 g3g4 b5b4 a3b4 a7b5 a1c1 h6h5 c1c6 h5g4 f3g4,133
1r6/1P2kppp/3rp3/3p4/8/8/2R2PPP/1R3K2 b - -,e7d7 c2b2 d6a6 h2h4 h7h5 f1e2 d7d6 g2g3 a6a7 e2d3,-40
4R3/6pk/b6p/8/8/8/P1Bb2PP/6K1 b - -,g7g6 g1h1 a6b5 e8b8 b5c4 b8d8 d2e3 d8d7 h7g8 c2b3,506
r4rk1/bpp1npp1/p6p/1P1p4/P2Pq3/2Q2N2/1B3PPP/4RRK1 b - -,e4f5 e1e7 a6b5 a4b5 a7b6 c3b3 f8e8 e7e8 a8e8 b2c1,361
5k2/p1q2p2/1r2N3/3p4/1b4N1/1P3Q2/P5P1/5K2 b - -,e4f5 e1e7 a6b5 a4b5 a7b6 c3b3 f8e8 e7e8 a8e8 b2c1,Mate
8/p7/2k4p/5P2/1P6/P1N5/5Kp1/8 b - -,e4f5 e1e7 a6b5 a4b5 a7b6 c3b3 f8e8 e7e8 a8e8 b2c1,Mate
2rq1rk1/pp1n1ppp/1n2p3/2b2N2/2P5/P1N1B3/1P2BPPP/R2Q1RK1 b - -,b6c4 e2c4 e6f5 e3c5 d7c5 d1d8 f8d8 a1d1 d8e8 f2f3,416
r1bq1Bk1/pp2np1p/2n3p1/3p4/3b4/2N2P2/PPPQ2PP/1K1R1B1R b - -,g8f8 h2h4 d8a5 h4h5 c8e6 f1d3 d4g7 a2a3 a8c8 h5g6,-542
7r/p2k1ppp/Q1nqpn2/1B1p4/2NP2b1/2P2N2/Pr3PPP/R3K2R b KQ -,d5c4 b5c6 d7c7 a6a7 c7c8 f3e5 g4e2 a1c1 e2d3 c6f3,214
3qr1k1/pN3pp1/4pn1p/1p6/3PPQ2/1B2r2P/P4PP1/3R2K1 b - -,e3e4 f4e4 f6e4 b7d8 e8d8 f2f3 e4c3 d1d3 c3e2 g1f2,-275
r3kb1r/ppp2ppp/2n2n2/8/2BP2b1/5N2/PPPN1P1P/R1B1K2R b KQkq -,e8a8 c2c3 d8e8 e1f1 g4h3 f1g1 g7g5 d2f1 g5g4 f3g5,-70
2kr1b1r/1pqn1ppp/p1npb3/4p3/1P2P1P1/P1N1B2P/2P1NPB1/R2QK2R b KQ -,f8e7 b4b5 a6b5 e1h1 e6c4 c3d5 c7a5 e2c3 h7h6 a3a4,121
rnb1kb1r/ppq1pppp/2pp1n2/8/3PP3/2PB1N2/PP1B1PPP/RN1QK2R b KQkq -,e7e5 h2h3 g7g6 e1h1 f8g7 d2e3 e8h8 b1d2 b7b6 d4e5,73
2k1r3/pppr1pb1/2n4p/3NP3/2PNBpbB/1P6/P5PP/2KR3R b - -,g7e5 e4f5 g4f5 d4f5 e8g8 g2g3 f4g3 h4g3 g8g5 h1f1,379
rn1qkb1r/pp1n2pp/2p2p2/3p4/2PP4/4B3/PP3PPP/RN1QKB1R b KQkq -,f8b4 b1c3 d8e7 d1b3 f6f5 e1a1 b4c3 b3c3 e8h8 e3f4,159
2kr4/ppp1qR1N/2n5/4p2Q/8/2P5/PP1r2PP/R6K b - -,d2d1 a1d1 d8d1 h5d1 e7f7 h7g5 f7f4 g5h3 f4c4 a2a3,127
Q2q1r2/p4p1k/5p1p/2b1p3/2B5/3P1P1b/PPP1NP1P/R2QR1K1 b - -,c5f2 g1f2 d8a8 e2g3 a8c6 d1e2 f8b8 e2e4 c6e4 g3e4,811
r2q1rk1/pppn1ppp/3pb3/8/4PQP1/2N2P2/PPP4P/2KR1B1R b - -,d7b6 h2h4 d8e7 f1d3 a8d8 g4g5 f7f6 f4g3 e7f7 f3f4,86
8/1k6/2p2p2/K2b1p2/1P3P2/7p/3R1P1r/4R3 b - -,h2h1 e1h1 d5h1 d2d7 b7c8 d7h7 h1g2 a5b6 c8d8 f2f3,574
8/p7/2k4p/5P2/1P6/P1N5/8/6K1 b - -,h2h1 e1h1 d5h1 d2d7 b7c8 d7h7 h1g2 a5b6 c8d8 f2f3,Mate
r1b2r1k/pp3p1p/1q6/5P2/nQ6/2P5/P1P3PP/1K1R1BNR b - -,a4c3 b1c1 b6b4 d1d6 c3a2 c1d1 b4d6 d1e1 f8e8 f1e2,-1591
r1bqk2r/p2nbppp/2pp1n2/1p1Pp3/4P3/2N1BP2/PPPQN1PP/R3KB1R b KQkq -,c8b7 d5c6 b7c6 a2a3 a7a5 e2g3 b5b4 c3d5 c6d5 e4d5,39
8/8/8/1k2p1pp/4P3/2BKP1P1/7n/8 b - -,h2g4 c3e1 g4h6 e1d2 h6f7 d2c3 b5c6 c3e1 f7h6 e1a5,-43
3r1N2/2q1b2k/2P1Q1p1/p2Bp2p/8/P5P1/5P1P/3R2K1 b - -,e7f8 e6g8 h7h6 g8h8 h6g5 h2h4 g5f5 h8g8 f5f6 d1d3,1192
r1b2b1r/pk4p1/1p5p/1N6/3pQ3/8/PPP2PPP/R5K1 b - -,e7f8 e6g8 h7h6 g8h8 h6g5 h2h4 g5f5 h8g8 f5f6 d1d3,Mate
1r6/1P1rkppp/4p3/3p4/8/8/1R3PPP/1R3K2 b - -,h7h5 h2h4 d7c7 b2b4 c7c6 b4a4 e7d6 f1e1 c6c7 a4b4,-39
2k1r3/pppr1pb1/2n4p/3NPN2/2P1Bp1B/1P6/P5PP/2Kb3R b - -,d1b3 f5g7 e8e5 a2b3 e5e4 d5f6 e4e2 f6d7 c6d4 c1b1,194
8/8/P1k5/2N1p1pp/8/2p3K1/8/8 b - -,,0
rnb1kb1r/ppq2ppp/2pp1n2/4P3/4P3/2PB1N2/PP1B1PPP/RN1QK2R b KQkq -,d6e5 a2a4 f8e7 b1a3 c8e6 e1h1 e8h8 b2b4 f8d8 d1e2,8
8/4bpk1/6p1/1p6/2p1Nr1p/2P1qP1P/1P3Q2/5R1K b - -,e3f2 f1f2 f4f5 f3f4 e7d8 e4d2 d8g5 d2f3 f5f4 h1g2,-351
rkb2b1r/p1N3p1/1p5p/8/3pQ3/8/PPP2PPP/R5K1 b - -,b8c7 e4a8 f8c5 a8a7 c8b7 a7a4 h8d8 a1d1 d8d5 a4c4,449
r6k/pp5p/2p2rp1/8/2B1R3/2N3P1/PPP3P1/6K1 b - -,f6f8 e4e7 b7b5 c4d3 f8e8 e7f7 e8f8 f7f4 a8d8 c3e4,254
r1b2rk1/ppp2qbp/2np2p1/4Pp2/2P1n3/1PN1PNP1/PB3PBP/R2QR1K1 b - -,g8h8 f3d4 c6e5 d1c2 e4c3 b2c3 e5g4 a1d1 g4f6 d4e2,113
1kbr1r2/pp2q3/2pNp2p/2Pp2p1/3bP1p1/3B4/PPQR1PP1/2K1R3 b - -,d4c5 c2c5 e7d6 c5d6 d8d6 e4e5 d6d8 e1h1 f8h8 d3g6,-347
rn1q1rk1/pp1n2pp/2p2p2/3p4/1bPP4/1QN1B3/PP3PPP/R3KB1R b KQ -,d8b6 f1d3 d5c4 b3c4 g8h8 e1h1 b6a5 a2a3 b4c3 b2c3,199
r1br2k1/1p3pp1/2p1p2p/3nP3/PnNP4/6P1/3N1PBP/R1R3K1 b - -,d5e7 d2b3 g8f8 a4a5 a8a7 g2e4 e7f5 c4b6 b4d5 e4d5,98
4rrk1/5p1p/pp1p2p1/2pP4/2PbbQPq/PP5P/4BP2/4RRK1 b - -,f7f5 b3b4 f5g4 f4g4 d4f2 g1h2 f2e1 e2f3 h4g4 h3g4,-1125
rn1qkb1r/pp3pp1/2p2n2/5pBp/3P3P/5P2/PPP1N1P1/R2QKB1R b KQkq -,f8e7 d1d2 e8h8 e1a1 d8d6 c2c4 b8d7 c4c5 d6c7 g5f4,103
r1b2rk1/ppp2qbp/2n3p1/4pp2/2P1N3/1P2PNP1/PB3PBP/R2QR1K1 b - -,a7a5 e4c3 e5e4 f3g5 f7f6 g5h3 g6g5 a1b1 f6h6 c3b5,376
r1q1k2r/p2n1ppp/b1p1pn2/p3N3/1NPP4/6P1/3BPPBP/R2Q1RK1 b kq -,a5b4 d1a4 a6b7 d2b4 d7e5 d4e5 f6d7 b4d6 f7f5 f1b1,535
8/4R2k/b5pp/8/8/8/P1Bb2PP/6K1 b - -,h7g8 g1h1 g8f8 e7d7 d2g5 c2g6 a6c8 d7c7 c8e6 a2a4,505
q4r2/p4p1k/5p1p/4p3/2BN4/5P1b/PPP2P1P/R2QR1K1 b - -,h7g8 g1h1 g8f8 e7d7 d2g5 c2g6 a6c8 d7c7 c8e6 a2a4,Mate
r1bq1rk1/pp2npBp/6p1/3p4/3n4/2N2P2/PPPQ2PP/1K1R1B1R b - -,d4f3 d2f4 g8g7 f1e2 f3h4 f4h4 c8e6 e2f3 d8c7 h1e1,-8
8/K7/8/8/3Q4/5q2/3k1p2/8 b - -,d2e2 d4b2 e2f1 b2c1 f1g2 c1g5 f3g3 g5d5 g2h2 d5h5,-825
rn1qkb1r/2p1pppp/b4n2/pp1P4/8/PBN2P2/1PPPN1PP/R1BQK2R b KQkq -,c7c6 e2f4 g7g5 f4d3 c6d5 d3c5 a5a4 b3a2 d5d4 c3e2,52
1r3r1k/p1pb2pp/8/8/2B5/1P2P3/P1P2RPP/5RK1 b - -,f8e8 f2f7 b8d8 f1d1 d7e6 d1d8 e6f7 d8d4 f7g6 c4b5,449
8/4Q3/2p5/nk6/p7/4N3/P7/1K6 b - -,f8e8 f2f7 b8d8 f1d1 d7e6 d1d8 e6f7 d8d4 f7g6 c4b5,Mate
r1b2rk1/ppp2qbp/2n3p1/4p3/2P1p3/1P2P1P1/PB1N1PBP/R2QR1K1 b - -,c6b4 d2e4 c8f5 e1f1 a8d8 d1e2 f7e6 f1d1 e6c6 d1d8,206
r6k/pp5p/2p2rp1/8/2B1N3/6P1/PPP3P1/4R1K1 b - -,a8e8 e1e2 f6f8 c4d3 h8g7 g3g4 e8e5 a2a3 a7a5 e2f2,224
4Q3/2kr4/8/4K3/8/8/8/8 b - -,a8e8 e1e2 f6f8 c4d3 h8g7 g3g4 e8e5 a2a3 a7a5 e2f2,Mate
r1bq1rk1/pp3pBp/6p1/3p1n2/5Q2/2N2n2/PPP3PP/1K1R1B1R b - -,g8g7 d1d5 d8g5 f4f3 g5e3 f3d1 c8e6 d5d2 e3b6 f1d3,-31
2rq1rk1/pp1n1ppp/1n6/2b2p2/2P2B2/P1N5/1P2BPPP/R2Q1RK1 b - -,g7g5 f4d6 c5d6 d1d6 f8e8 f1d1 g8g7 d6b4 d8e7 e2f1,69
r1q1k2r/p2n1ppp/b1p1pn2/4N3/1BPP4/6P1/4PPBP/R2Q1RK1 b kq -,a6b7 d1a4 d7e5 d4e5 f6d7 b4d6 c6c5 g2b7 c8b7 d6c5,532
1rq1r1k1/pp1b1pp1/3p1b1p/2p1pP1N/3nP1P1/3PB2P/PPP3BK/R2Q1R2 b - -,f6h4 d1d2 c8d8 c2c3 d4c6 f5f6 g7g5 e3f2 h4f2 f1f2,177
8/5k1p/pbpB1p2/2p2p2/2P5/4KP1P/PP3P2/8 b - -,b6a7 d6c7 f7e6 e3d2 e6d7 c7f4 d7e6 f4e3 e6f7 d2c3,63
8/1k6/2p2p2/K2b1p2/1P3P2/7p/3R1Pr1/7R b - -,b6a7 d6c7 f7e6 e3d2 e6d7 c7f4 d7e6 f4e3 e6f7 d2c3,Mate
r1b2rk1/ppp3bp/2n3p1/4p3/2P1p3/1P2P1P1/PB1N1qBP/R2QR2K b - -,g8h8 b2a3 f8d8 d2e4 d8d1 e4f2 d1e1 a1e1 a7a5 e1d1,52
r2q1rk1/pp3ppp/2npb3/2pNp1bn/2B1P3/2NP1PP1/PPP4P/R1BQ1RK1 b - -,b7b5 f3f4 h5f4 g3f4 g5f4 c1f4 b5c4 f4g3 c4d3 d1d3,208
4Q3/2k5/8/8/5K2/8/3r4/8 b - -,d2d5 f4e4 d5d1 e8f7 d1d7 f7g8 c7d6 e4d4 d7e7 g8d5,259
k7/p1Q5/1p5p/2b2b2/8/8/PPP2PPP/3R2K1 b - -,d2d5 f4e4 d5d1 e8f7 d1d7 f7g8 c7d6 e4d4 d7e7 g8d5,Mate
3r1bQ1/2q4k/2P3p1/p2Bp2p/8/P5P1/5P1P/3R2K1 b - -,h7h6 g8h8 h6g5 h2h4 g5f5 h8g8 f5f6 d1d3 e5e4 g8e6,1286
r1b1kb1r/ppp2ppp/2nq4/3pp3/8/1BP2N2/P1PPQPPP/R1B2RK1 b kq -,c8f5 f3d4 f5e6 d4c6 d6c6 e2e5 a7a5 a2a4 h7h5 c1a3,-81
r1b1kbnr/ppp2p1p/n7/4P1p1/3P4/2P1N3/PP3BB1/R5KR b kq -,g8e7 b2b4 c7c6 b4b5 c6b5 a2a4 b5b4 c3b4 a6b4 a4a5,-357
r2q1rk1/pp3ppp/2npb3/2pNp2n/2B1P3/2NP1PP1/PPP4P/2RQ1RK1 b - -,d8g5 d1e1 c6d4 g1h1 g5h6 a2a4 a8e8 g3g4 h5f4 d5f4,-30
rn2kbnr/1p3ppp/pq2p3/2ppP3/3P4/1PP1BQ1P/P4PP1/RN2KB1R b KQkq -,b8c6 d4c5 f8c5 e3f4 f7f6 e5f6 g8f6 b1d2 e6e5 b3b4,-144
r5k1/1p1rQppp/p1n2b2/3p4/8/P1N1B3/1P3PPP/R2R2K1 b - -,c6e7 e3d4 f6d4 d1d4 a8d8 a1d1 d7d6 g1f1 f7f5 g2g3,-63
3n2kr/pp3p2/6p1/3P4/3PP3/4q3/P4QR1/R2B2K1 b - -,e3h6 g2h2 h6g5 g1f1 h8h2 f2h2 g5e3 d1g4 e3d4 a1e1,492
3R1r2/pp2qpkp/4b1p1/5n2/8/2N2Q2/PPP3PP/1K3B1R b - -,f8d8 f1d3 h7h5 f3f2 b7b6 b2b3 e7h4 g2g3 h4d4 f2d4,-42
6k1/4R3/b5Bp/8/8/8/P2b2PP/6K1 b - -,d2g5 e7e8 g8g7 g6h5 a6b5 e8b8 b5a4 b8b4 a4c6 g1h1,493
2br2k1/5pp1/3Np2p/1p1nP3/1n1P4/6P1/3N1PBP/R5K1 b - -,d5c7 a1c1 b4a6 d2b3 c8d7 f2f4 d8b8 g1f2 f7f6 f2e1,132
k2R4/p1Q1b3/1p5p/5b2/8/8/PPP2PPP/6K1 b - -,e7d8 c7d8 a8b7 d8d5 b7b8 d5f5 b8c7 f2f3 h6h5 f5e5,942
rnbq1rk1/ppp1ppbp/5np1/8/3PP3/2N2N2/PPQ1BPPP/R1B1K2R b KQ -,c8g4 c1e3 c7c5 d4c5 b8c6 e1h1 g4f3 e2f3 c6d4 c2a4,123
2r2nk1/pr3pp1/8/p2Pp2p/1bq1P2B/2p2PNP/RPQ3P1/2R4K b - -,c4a2 b2c3 a2c2 c1c2 c8c3 c2a2 g8h7 g3h5 h7g6 h5g3,-599
rnbqk2r/5p2/p3pn1p/1p4p1/2BPP3/2P2PB1/6PP/RQ2K1NR b KQkq -,c8b7 g1e2 f6h5 g3f2 b8d7 e1h1 a8c8 c4a2 d7b6 d4d5,208
r3r1k1/1bq2p1p/p1n2bpQ/1p4N1/1P6/P7/5PPP/RBB1R1K1 b - -,c8b7 g1e2 f6h5 g3f2 b8d7 e1h1 a8c8 c4a2 d7b6 d4d5,Mate
8/5r1p/p1p5/1p1p2k1/4b3/P1P1KB1P/1PPR4/8 b - -,f7f3 e3d4 h7h5 d4c5 g5h4 c5b6 h4h3 b6a6 h5h4 a6b6,-781
r3k2r/1b3ppp/p3pn2/n1b4q/Pp6/1P1BPN2/3NQPPP/R1BR2K1 b kq -,c5e7 c1b2 e8h8 a1c1 f8d8 h2h3 h7h6 e3e4 f6d7 e2e3,20
rn2kb1r/pp3pp1/2p2n2/q4pBp/3P3P/5P2/PPP1NKP1/R2Q1B1R b kq -,f6h7 d1d2 a5d2 g5d2 h7f6 a1e1 f8e7 e2f4 e8f8 f1c4,160
8/1pp5/3b1KR1/p3r3/2Pk4/1B6/PP4P1/8 b - -,,0
r6k/pp1b2p1/2n1pnBp/3p4/3P1q2/2R2PB1/PPQ2PK1/5R2 b - -,f4f5 g6f5 e6f5 f1e1 f5f4 g3f4 c6d4 c2d3 d4f5 g2g1,561
r4rk1/1pp1Rpp1/pb5p/PP1p4/3P1q2/2Q2N2/1B3PPP/5RK1 b - -,f4f6 e7e5 b6a7 b5a6 f6a6 e5d5 a7b8 d5c5 f8e8 d4d5,465
rnbq1rk1/ppp1ppbp/5np1/8/3PP3/5N1P/PPQ1BPP1/RNB1K2R b KQ -,b7b6 c1e3 c7c5 d4c5 b6c5 e1h1 c8b7 b1c3 b8d7 f1d1,79
3r1b1Q/2q5/2P3p1/p2Bp1kp/7P/P5P1/5P2/3R2K1 b - -,g5f5 h8g8 f5f6 d1d3 e5e4 g8e6 f6g7 d5e4 d8d6 e6e5,1235
r4rk1/ppp3bp/2n3p1/4pb2/2P1p3/1P2P1P1/PB1NRqBP/R2Q3K b - -,f5c8 e2f2 f8f2 b2c3 f2g2 h1g2 c8e6 d2e4 a8d8 d1e2,450
2r1r1k1/4pp1p/1qb2b1B/2p2p2/1n2P2P/2N1Q1PB/7K/2RR4 b - -,c8d8 e4e5 d8d1 c3d1 b4d5 e3c5 b6c5 c1c5 f6e5 c5c6,96
r2qk1nr/pppb1ppp/8/2p5/2Q1P3/2P5/PP3PPP/RNB1K2R b KQkq -,b7b6 e1h1 d8f6 b2b4 c5b4 c3b4 g8e7 b1c3 d7e6 c4b5,3
r2qkbnr/5ppp/p1pp4/7b/3p2P1/5N1P/PPP2P2/RNBQ1RK1 b kq -,c6c5 g4h5 d8d7 g1h2 g8f6 c2c3 d6d5 f1e1 f8e7 c3d4,335
2kr1b1r/1pqb1pp1/p1npp2p/8/4PPPP/2N2N2/PPPQ4/1K1R1B1R b - -,c8b8 h4h5 g7g6 f1c4 g6h5 h1h5 h8g8 g4g5 h6g5 f3g5,6
8/2b5/1pB3pk/p4p1p/P2P3P/4P1P1/5PK1/8 b - -,h6h7 f2f3 c7d6 e3e4 d6b4 g2f2 b4c3 f2e3 h7g7 e4e5,155
4R1k1/8/b5Bp/6b1/8/8/P5PP/6K1 b - -,g8g7 g6h5 a6b5 e8b8 b5a4 b8b4 a4c2 g1h1 g7f6 h5f3,526
1r3r1k/p1pb3p/6p1/8/2B5/1P2P3/P1P2RPP/5R1K b - -,f8f2 f1f2 d7f5 h2h3 b8e8 f2e2 h8g7 c4d3 g7f6 e3e4,322
2r2rk1/1b2bp1p/pp4p1/3p4/q2P1B2/1n1Q1N2/1PB2PPP/2R2RK1 b - -,a4c4 d3b3 c4b3 c2b3 a6a5 h2h4 b6b5 b3c2 a5a4 f4d2,377
rn2kbnr/pp3bp1/2p1p3/3p2Pp/3P1P1P/6q1/PPP1K3/RNBQ1BNR b kq -,f8d6 g1f3 g8e7 h1g1 g3g4 e2f2 f7g6 g1g4 h5g4 f3e1,253
3r1rk1/pbp1qp2/1p3nP1/6Q1/4p3/2N2P2/PPP1B3/2K3RR b - -,f8d6 g1f3 g8e7 h1g1 g3g4 e2f2 f7g6 g1g4 h5g4 f3e1,Mate
r3r1k1/2qbbp1p/p2p1np1/nppPp3/4P1P1/1PP2N1P/P1B2P1K/RNBQR3 b - -,b5b4 c3c4 a5b7 e1g1 a6a5 a2a4 g8g7 d1d2 f6g8 d2e3,73
r4rk1/1b3ppp/p3pn2/n1b4q/Pp6/1P1BPN2/3NQPPP/1RBR2K1 b - -,c5e7 c1b2 f8d8 h2h3 f6d7 f3e5 h5e2 d3e2 d7c5 b2d4,6
rnbq1rk1/ppppp1bp/5pp1/7n/3P4/2P1PN1P/PP3PPB/RN1QKB1R b KQ -,f6f5 g2g4 f5g4 h3g4 h5f6 g4g5 f6g4 h2g3 d7d5 h1h4,92
2r2nk1/prq2pp1/8/p2Pp2p/1bp1P2B/5PNP/RPQ3P1/2R4K b - -,c7b6 g3f5 g7g6 h4f2 b4c5 f2c5 b6c5 f5g3 f8d7 c2d2,-42
4rrk1/7p/pp1p2p1/2pP1p2/2PbBQP1/PP5q/5P2/4RRK1 b - -,f5e4 f4h2 h3g4 h2g2 g4f4 e1d1 e8e5 d1d4 c5d4 c4c5,-1446
8/1pp5/3b1K2/p7/2Pk2R1/1B6/PP2r1P1/8 b - -,d6f4 g2g3 e2g2 g4f4 d4e3 f4g4 g2b2 c4c5 b2h2 b3e6,534
r3nrk1/1b1q1p1p/1pn1p1p1/p2p2P1/3P1P2/2PB4/PP1NQN1P/R4RK1 b - -,f7f5 d2f3 e8d6 a1e1 d6e4 d3b5 d7d6 b5c6 b7c6 f3e5,68
r3kbnr/1p3ppp/pqn1p3/2ppP3/3P4/1PP1BQ1P/P2N1PP1/R3KB1R b KQkq -,c5d4 c3d4 c6d4 f3d1 g8e7 f1d3 e7c6 e1h1 c6e5 d2e4,-193
r2qkbnr/5ppp/p1pp2b1/8/3N2P1/7P/PPP2P2/RNBQ1RK1 b kq -,d8d7 f1e1 f8e7 b1c3 a8d8 f2f4 c6c5 d4f3 h7h5 f4f5,118
rnbq1rk1/pp2ppbp/5np1/2P5/4P3/5N2/PPQ1BPPP/RNB2RK1 b - -,b7b6 c5b6 d8b6 b1c3 b6b7 c1e3 b8c6 h2h3 a8b8 f1c1,143
r2R4/4K1P1/8/8/8/2k5/8/8 b - -,a8a7 e7f6 a7g7 f6g7 c3c4 d8f8 c4d3 f8h8 d3d4 h8e8,5425
2R2rk1/1b2bp1p/pp4p1/3p4/q2P1B2/1n1Q1N2/1P3PPP/1B3RK1 b - -,b3a5 c8c7 e7d8 c7c1 d8e7 h2h4 f8c8 h4h5 c8c1 f1c1,525
8/8/3k1Q2/8/4K3/8/8/3r4 b - -,b3a5 c8c7 e7d8 c7c1 d8e7 h2h4 f8c8 h4h5 c8c1 f1c1,Mate
8/p4p1p/5p1k/Np2pP2/4K1PP/2P5/Pn6/8 b - -,b2d1 c3c4 b5c4 a5c4 d1c3 e4e3 c3a2 c4d6 a2c3 d6f7,-138
rnbq1rk1/ppp1b1pp/4pn2/3pBp2/3P4/4PN2/PPP1BPPP/RN1Q1RK1 b - -,c7c6 h2h3 f6e4 c2c4 b8d7 e5h2 e7d6 h2d6 e4d6 b1d2,69
3n2k1/pp3p2/6p1/3P4/3PP3/8/P5R1/R2BqQ1K b - -,e1f1 h1h2 f1f4 h2h3 f4e4 d1b3 g8g7 g2g4 e4e3 g4g3,-318
4rrk1/7p/pp1p2p1/2pP4/2Pbp1P1/PP5q/5P1Q/4RRK1 b - -,e1f1 h1h2 f1f4 h2h3 f4e4 d1b3 g8g7 g2g4 e4e3 g4g3,Mate
2r3k1/1b2bp1p/pp4p1/3p4/q2P1B2/1n1Q1N2/1PB2PPP/5RK1 b - -,a4a2 d3b3 a2b3 c2b3 a6a5 f1a1 g8g7 h2h4 h7h5 g2g3,366
rnbq1rk1/p4ppp/3p1n2/bp1P4/2p1P3/P1N1BPN1/1P4PP/R2QKB1R b KQ -,b8a6 f1e2 c8d7 a3a4 b5b4 c3b5 b4b3 e3d2 a6b4 b5a3,17
r1b1qrk1/ppp2ppp/2np1B2/2bNp3/2B1P3/3P1N2/PPP2PPP/R2QK2R b KQ -,h7h6 d5c7 e8d7 c7a8 g7f6 e1h1 c6e7 d3d4 e5d4 f3d4,476
rnbqk1nr/pp2bppp/2p5/8/2PpN3/5N1P/PP1P1PP1/R1BQKB1R b KQkq -,c6c5 d2d3 f7f5 e4g3 g8f6 g3e2 b8c6 g2g3 e8h8 f1g2,-39
3R4/r5P1/5K2/8/8/2k5/8/8 b - -,a7g7 d8c8 c3d4 f6g7 d4d3 c8f8 d3c3 f8d8 c3c2 d8b8,15265
r2qkb1r/2pnpppp/b4n2/pp1P4/5N2/PBN2P2/1PPP2PP/R1BQK2R b KQkq -,g7g6 h2h4 d7b6 d2d3 h7h6 c1e3 f8g7 d1d2 d8d6 a1d1,82
5r2/2q1b2k/2P1Q1p1/p3p2p/4B3/P5P1/5P1P/3R2K1 b - -,f8f6 e6d7 c7d7 d1d7 f6f8 d7e7 h7g8 c6c7 g6g5 e4h7,1334
1B6/7p/pbp1kp2/2p2p2/2P5/4KP1P/PP3P2/8 b - -,b6d8 e3d3 e6f7 b8g3 f7g6 d3c2 d8a5 c2d1 a5b6 d1e2,32
8/1pp3pk/p1np3p/P3pQ2/1P6/2PP3q/1B1N1b1N/6RK b - -,h3f5 g1f1 f5d3 f1f2 d3c2 h2f1 c2b2 b4b5 a6b5 d2e4,-557
r4rk1/1b3ppp/p4n2/n1b1p2q/Pp2P3/1P1B1N2/3NQPPP/1RBR2K1 b - -,f8d8 h2h3 c5e7 e2e3 f6d7 d2c4 a5c4 d3c4 d7c5 d1d8,4
4rrk1/ppqb2pp/2nbpn2/3pN1B1/3P4/3B4/PP3PPP/2RQRNK1 b - -,e8c8 f1g3 g8h8 d3b1 d7e8 e5c6 b7c6 e1e6 e8d7 e6e2,140
2R5/5pk1/4n2p/pPP5/8/4N1P1/r4P1P/6K1 b - -,a2b2 b5b6 b2b5 e3f5 g7f6 f5d6 b5b1 g1g2 e6c5 c8c5,578
8/2qQb2k/2P2rp1/p3p2p/4B3/P5P1/5P1P/3R2K1 b - -,c7d7 d1d7 h7g8 c6c7 f6f8 d7e7 g6g5 e4h7 g8h8 h7f5,1380
r3kbnr/1p3ppp/pqn1p3/3pP3/3P4/1P2BQ1P/P2N1PP1/R3KB1R b KQkq -,c6d4 f3d1 g8e7 f1d3 e7c6 e1h1 c6e5 d2e4 e5c6 e4g5,-172
1r6/1Pkr1ppp/4p3/3p4/8/8/1R3PPP/1R3K2 b - -,h7h5 h2h4 d7d6 b2b4 c7d7 b4a4 d7c6 f1e2 d6d7 a4a6,-39
2r1r1k1/4bp1p/1qb1p2B/2p1Pp2/1n4PP/2N1Q2B/7K/2RR4 b - -,b6b8 g4f5 g8h8 f5e6 f7e6 d1g1 e8g8 h3e6 e7f6 h6f4,49
8/1pp5/1k1b1K2/pR6/2P5/1B6/PP2r1P1/8 b - -,b6c6 b3a4 d6c5 b5b3 b7b5 a4b5 c6b7 b5d7 b7a7 g2g4,182
r2qkbnr/5ppp/p2p2b1/2p5/3N2P1/7P/PPP2P2/RNBQR1K1 b kq -,e8d7 d4b3 f8e7 c1f4 d7e8 b1c3 h7h5 g4g5 e8f8 d1d5,258
r1b2rk1/pp2b1np/1qp1p1p1/2P5/4N3/5N2/PPQ1BPPP/3R1RK1 b - -,b6c7 f1e1 b7b6 e2c4 b6c5 e4g5 e7f6 h2h3 a7a5 a2a4,210
rnb2rk1/ppq1ppbp/5np1/2P5/4P3/2N2N2/PPQ1BPPP/R1B2RK1 b - -,c8e6 c3b5 c7c8 c1e3 b8c6 h2h3 a7a5 c2a4 e6h3 g2h3,158
r1b1kbnr/p1pp2pp/2p5/4NPq1/8/8/PPPP1PPP/RNBQK2R b KQkq -,g5f5 e1h1 f8d6 e5c4 d6h2 g1h2 f5f4 h2g1 f4c4 f1e1,103
r1br2k1/ppp3bp/2n3p1/4p3/2P1p3/1P2P1P1/PB1NRqBP/R2Q3K b - -,d8d2 d1d2 f2f5 e2f2 f5g5 g2e4 c8h3 a1e1 a8d8 d2e2,286
r2q1r1k/1b4pp/1p1b4/pQ3p2/3Pp3/1P4P1/PB2PP1P/RN1R2K1 b - -,e4e3 f2f3 d8g5 g1g2 b7a6 b5d5 a8d8 b1c3 d6g3 h2g3,-300
8/p4p1p/5p1k/4pP2/2N3PP/2n1K3/P7/8 b - -,c3a2 c4d6 a2c3 d6f7 h6g7 f7d6 a7a5 e3d3 c3d5 d6e8,-152
r1b2rk1/ppq1b1np/2p1p1p1/2P5/4N3/5N2/PPQ1BPPP/3RR1K1 b - -,b7b6 e2c4 b6c5 e4g5 e7f6 c2c1 a7a5 e1e6 g7e6 g5e6,212
r1bq1rk1/p2n1ppp/3p1n2/bp1P4/2p1P3/P1N1BPN1/1P2B1PP/R2QK2R b KQ -,f8e8 a3a4 b5b4 c3b5 d7e5 e1h1 h7h5 b5d4 a5b6 a4a5,23
r2qkb1r/2pnpppp/b4n2/pp1P4/3N4/PBN2P2/1PPP2PP/R1BQK2R b KQkq -,d7b6 d4c6 d8c8 d2d4 a6b7 e1h1 b6d5 c3d5 b7c6 d5f6,144
1r6/p1pb2kp/6p1/8/2B5/1P2P1P1/P1P2R1P/7K b - -,b8f8 f2f8 g7f8 h1g2 f8e7 g2f3 d7c6 f3f2 h7h6 c4d3,338
rnb2rk1/pp2ppbp/5np1/2q5/4P3/2N1BN2/PPQ1BPPP/R4RK1 b - -,c5c6 h2h3 c6c7 f1d1 c8e6 a2a3 f8d8 f3g5 b8c6 g5e6,169
1r6/1P1r1ppp/1Rk1p3/3p4/8/8/5PPP/1R3K2 b - -,c6c7 h2h4 d7d6 b6b4 h7h5 b4f4 d6d7 f4b4 c7d6 f1e1,-43
r1br2k1/ppp3bp/2n3p1/4p3/2P1p3/1PB1P1P1/P2N1qBP/R2QR2K b - -,f2f7 e1f1 f7e7 d1e2 a7a5 d2e4 c8f5 c4c5 h7h5 h2h3,64
r4rk1/1p1qnpbp/p1ppb1p1/4p3/PPP1P3/2N1P1P1/1B2QPBP/R4RK1 b - -,b7b5 a4b5 a6b5 c4b5 c6b5 e2d2 e6c4 f1d1 a8a1 b2a1,28
5k2/8/8/6K1/5PB1/7P/8/3b4 b - -,d1g4 g5g4 f8g7 g4g5 g7f7 f4f5 f7e7 f5f6 e7d7 g5g6,1693
rnb1kbnr/pp1p1ppp/4p3/8/1q6/2N1BN2/PPP1PPPP/R1Q1KB1R b KQkq -,b8c6 a2a3 b4a5 b2b4 a5d8 e3f4 f8e7 e2e4 d7d6 c1d2,46
rr4k1/4ppbp/2np2p1/q2Q4/p1P1nPPP/R1P1B3/1P2B1K1/3N1R2 b - -,a5d5 c4d5 c6d8 e2f3 e4f6 f1e1 g8f8 g4g5 f6d7 f3g4,45
r1bqk2r/pp3ppp/2nbpn2/2pp4/3P4/PP1BPN2/1BPN1PPP/R2QK2R b KQkq -,a7a5 d4c5 d6c5 c2c4 e8h8 e1h1 h7h6 c4d5 e6d5 d1c2,48
7r/2q2P1k/2Pb1Qp1/p2Bp2p/8/P5P1/5P1P/3R2K1 b - -,c7e7 f6e7 d6e7 d5e6 h7g7 c6c7 a5a4 d1d7 g7f6 d7d8,802
r2qkb1r/2p1pppp/bnN2n2/pp1P4/8/PBN2P2/1PPP2PP/R1BQK2R b KQkq -,d8c8 d2d4 a5a4 b3a2 a6b7 e1h1 b6d5 c3d5 b7c6 d5f6,142
8/1k6/5p2/Kp3R2/5P2/8/5r1p/7R b - -,f2c2 a5b5 c2b2 b5c4 b2d2 f5f6 b7c7 c4c3 d2a2 c3d3,614
5k2/8/8/5BK1/5P2/7P/2b5/8 b - -,f8e7 f5c2 e7d7 f4f5 d7c6 f5f6 c6d5 h3h4 d5d4 c2f5,1891
1brr2k1/pb1nqppp/1p2pn2/3P4/2P5/3B1N1P/PB1NQPP1/3RR1K1 b - -,d7c5 d3c2 d8e8 d2b3 c5d7 b3d4 e7b4 d5e6 f7e6 f3g5,79
2k1r3/ppp2pb1/7p/3Pn3/4BpbB/1P3N2/P1K1n1PP/3R3R b - -,e2c3 f3e5 g7e5 e4f3 g4f3 g2f3 c3d1 h1d1 c8d7 h4f2,-141
rnb2rk1/pp2ppbp/5np1/q7/4P3/2N1BN1P/PPQ1BPP1/R4RK1 b - -,c8e6 f3d4 e6d7 f1d1 f8c8 a1c1 a5c7 c2d2 b8c6 f2f4,140
r2k3r/ppp2ppp/2p5/2b3q1/4Q1b1/3P4/PPP1BPPP/RN1K3R b - -,f7f5 h2h4 g5f6 e4c4 f6b2 e2g4 b2a1 c4c5 f5g4 d1d2,-329
r1bq1rk1/3n1ppp/pb1p1n2/1p1P4/2p1P3/P1N1BPN1/1P1QB1PP/R4RK1 b - -,h7h5 g3f5 b6e3 f5e3 a8b8 e2d1 d7c5 d1c2 f8e8 a1e1,17
r3kbnr/1p3ppp/pq2p3/3pP3/3B4/1P3Q1P/P2N1PP1/R3KB1R b KQkq -,b6d8 f1d3 g8e7 a2a3 e7c6 d4b2 d8b6 e1h1 f8c5 f3e2,387
6k1/4R1p1/3Np2p/1p2P3/3r4/2n3P1/5PKP/8 b - -,d4d1 e7e6 d1d2 e6e8 g8h7 e8e7 c3d5 e7b7 d2e2 d6f7,124
rq3rk1/1b1p2pp/1p2p3/p1n1Bp1n/2P5/P1N2P2/QPN1B1PP/3R1RK1 b - -,b8e5 a2b1 f8f6 b1c1 h5f4 c1e3 e5e3 c2e3 a5a4 f1e1,-139
8/5pk1/1N3p2/2n2P1p/p3p1PP/P5K1/8/8 b - -,g7h6 g3f4 h5g4 f4g4 h6g7 b6c4 g7h6 c4d6 e4e3 g4f3,1
r3k1nr/pppq1ppp/2np4/2b1p3/2BPP1b1/1QP2N2/PP3PPP/RNB2RK1 b kq -,g4f3 g2f3 c5b6 a2a4 e5d4 c4b5 a7a5 f1d1 d7h3 c3d4,-61
r2q1rk1/1p3ppp/p1p2n2/2Ppb3/PP6/2N1P3/1BQ2PPP/R4RK1 b - -,,0
2r2rk1/1b2b1pp/pp6/5p2/1qpP1B2/3Q1N2/B4PPP/2R2RK1 b - -,b7f3 c1c4 c8c4 a2c4 g8h8 g2f3 b6b5 c4a2 b4a5 a2b1,378
8/8/K7/8/8/4qp2/8/3Q1k2 b - -,f1g2 d1d5 e3e7 a6b5 g2g3 d5g8 g3h2 g8h8 h2g2 h8g8,-418
3rr1k1/pp3ppp/2p5/2P4b/3B4/1P6/P4PPP/1BR2RK1 b - -,d8d4 f2f3 e8d8 c1e1 h5g6 b1g6 h7g6 e1e7 d4d7 f1e1,-5
r1bqkb1r/pppp1p1p/2n2np1/4p3/2B1P3/4QN2/PPPP1PPP/RNB1K2R b KQkq -,f8g7 b1c3 e8h8 e1h1 f6h5 e3e1 d7d6 e1d1 c8g4 h2h3,-52
r2qk2r/4bppp/p2p1nb1/2p3P1/8/5N1P/PPP2P2/RNBQR1K1 b kq -,f6d7 d1d6 f7f6 c1f4 d7e5 d6d8 a8d8 f4e5 f6e5 f3e5,154
r1b2rk1/bp2q1pp/p7/3pnp2/8/5N2/PPPNBBPP/R2QR1K1 b - -,a7c5 f3e5 c5f2 g1f2 e7e5 d2f3 e5c7 f2g1 c7b6 g1h1,772
3r4/pp2p1kp/1n1q2p1/1Q2p3/4P2P/1P4PB/P4P1K/2R5 b - -,h7h5 h2g2 g7f7 b5e2 e7e6 g2g1 d8d7 a2a4 d7c7 e2f3,139
3r1rk1/pb2qP2/1p3n2/2p3Q1/4p3/2N2P2/PPP1B3/2K3RR b - -,h7h5 h2g2 g7f7 b5e2 e7e6 g2g1 d8d7 a2a4 d7c7 e2f3,Mate
r1b2rk1/pp2ppbp/2n2np1/q7/4P3/P1N1BN1P/1PQ1BPP1/R4RK1 b - -,f8d8 b2b4 a5c7 a1c1 c6e5 f3d4 a7a6 c2a2 c8d7 c3a4,152
r3r1k1/1nqbbp1n/p2p2p1/1p1Pp1Pp/PPp1P3/2P2N1P/2B2P1K/RNBQ2R1 b - -,c7d8 c1e3 g8g7 d1f1 e8g8 f1g2 g8h8 b1a3 d7g4 h3h4,153
rnbq1rk1/pp3pbp/3p1np1/2pP2B1/4P3/2N2N2/PP1Q1PPP/R3KB1R b KQ -,f8e8 f1d3 c8g4 e1h1 g4f3 g2f3 a7a6 g1h1 b8d7 a2a4,9
2r2rk1/1b2b1pp/p7/1p3p2/1qpP1B2/5N2/B3QPPP/2R2RK1 b - -,b7f3 e2f3 g8h8 f4e5 e7f6 f3f5 f6e5 f5e5 c8e8 e5g3,221
k7/1b6/2Q5/2K5/8/8/8/8 b - -,,0
4R1k1/6p1/3N3p/3rP3/1p6/2n3P1/5PKP/8 b - -,g8h7 d6c4 d5b5 e5e6 h7g6 e8f8 c3d5 f2f4 b4b3 c4b2,40
3Q4/2n3pk/6rp/pp6/8/PPP4P/N3qBP1/R5K1 b - -,,0
4r1k1/pp3ppp/2p5/2P4b/3r4/1P6/P4PPP/1BR1R1K1 b - -,e8d8 f2f3 g7g5 g1f2 h5g6 e1e7 g6b1 c1b1 d4d7 e7d7,-13
4r3/p1p2kpp/5n2/2b5/3p4/1Q3qP1/PP1P1P1P/RNB3KR b - -,e8e6 b3f3 h7h5 g1g2 c7c6 d2d3 c5b4 a2a3 b4a5 h1f1,1028
rn2kbnr/pp4p1/2p1p1b1/3p2Pp/3P1P1P/6q1/PPPNK3/R1BQ1BNR b kq -,g3f4 d2f3 f4c7 f3e5 g6e4 g1f3 b8d7 f1h3 d7e5 f3e5,-182
r2qr1k1/p2p1ppp/1pn5/2pn4/1bN4N/P5P1/1PQ1PP1P/R1B2RK1 b - -,d8e7 c2d1 d5c3 b2c3 b4c3 a1b1 e7e4 d1d3 c6d4 d3e4,140
5k2/p1pb3p/6p1/8/2B5/1P2P1P1/P1P3KP/8 b - -,f8e7 g2f3 d7c6 f3e2 e7f6 c4d3 c6e8 e2d2 f6g5 d3e2,357
rn1q1rk1/pbp2ppp/1p1ppn2/8/1bPPP3/2NB4/PPQ1NPPP/R1B2RK1 b - -,b4c3 b2c3 b8d7 e2g3 f8e8 h2h3 c7c5 a2a4 c5d4 c3d4,123
7r/2q1bP1k/2P1Q1p1/p2Bp2p/8/P5P1/5P1P/3R2K1 b - -,c7d6 c6c7 d6e6 d5e6 h7g7 d1d7 g7f6 e6d5 h8c8 a3a4,839
r1b1r1k1/3n1ppp/pq1p1n2/1p1P4/2p1P3/P1N2PN1/1P1QB1PP/R4R1K b - -,h7h6 e2d1 a6a5 h2h3 d7c5 d1c2 c8d7 c3d1 b5b4 a3b4,15
1brr2k1/pb2qppp/1p2pn2/2nP4/2P5/5N1P/PBBNQPP1/3RR1K1 b - -,b6b5 d2b3 c5a4 b2a1 b5c4 b3d4 f6d5 c2a4 c4c3 a4c2,103
rnb2rk1/pp2qpbp/3p1np1/2pP2B1/4P3/2NB1N2/PP1Q1PPP/R3K2R b KQ -,c8g4 f3g1 b7b5 d3b5 h7h6 g5f6 g7f6 g1e2 a7a6 b5c6,50
2rq1rk1/p1n2pbp/2P3p1/3p4/PP2B3/2P1P1P1/4QPP1/RN1R2K1 b - -,d8f6 e4d5 c7d5 d1d5 f6c6 e2d3 c6c7 a1a2 g7f6 d3d1,305
6r1/p6k/1p4p1/3p1b2/7q/1P4P1/PB5P/4R2K b - -,d8f6 e4d5 c7d5 d1d5 f6c6 e2d3 c6c7 a1a2 g7f6 d3d1,Mate
r2qk2r/4bppp/p2p2b1/2p3Pn/8/2N2N1P/PPP2P2/R1BQR1K1 b kq -,f7f6 d1e2 a8a7 c3d5 g6f7 f3h4 e8f8 h4f5 f7d5 e2h5,166
r4rk1/pp2ppbp/2n1bnp1/q7/1P2P3/P1N1BN1P/2Q1BPP1/R4RK1 b - -,a5h5 b4b5 c6e5 f3g5 e6g4 f2f3 a8c8 f3g4 h5h4 c2d2,275
3Q4/2n3pk/6rp/pp6/4q3/PPP3PP/N4B2/R5K1 b - -,,0
8/1pp5/k2b1K2/pR6/2P3P1/1B6/PP2r3/8 b - -,d6e7 f6f7 e7b4 b5f5 e2b2 g4g5 b4c3 f5f3 c3h8 f7g8,33
5qk1/pp3rpp/4Q2P/8/2B5/5P2/P7/5K2 b - -,g7h6 e6g4 g8h8 c4f7 f8f7 g4c8 h8g7 c8g4 f7g6 g4d7,-2
R7/2p2P2/8/8/2p5/p1k5/K7/5r2 b - -,f1f7 a8a5 c7c5 a5c5 c3b4 c5c6 f7f2 a2b1 c4c3 c6c7,-452
6k1/8/6B1/5PK1/8/1b5P/8/8 b - -,g8h8 f5f6 h8g8 h3h4 b3e6 g5f4 e6a2 f4e5 a2b3 h4h5,1862
3k4/b5p1/p1p1q2p/Pp1p4/8/2P5/3N1rQP/R5K1 b - -,g8h8 f5f6 h8g8 h3h4 b3e6 g5f4 e6a2 f4e5 a2b3 h4h5,Mate
7k/R4B2/5p1p/8/b7/3P4/PP3PKP/8 b - -,a4d1 b2b4 f6f5 f7c4 d1h5 b4b5 h5e8 a2a4 e8g6 a4a5,1277
1k2rr2/pp4b1/2p4p/2Ppq1p1/8/3BPPp1/PPQ3P1/2K1RR2 b - -,e5f6 f1h1 e8e5 c1b1 f8e8 c2c3 f6f7 c3c1 h6h5 f3f4,-225
6k1/8/5PB1/6K1/8/7P/2b5/8 b - -,e8e7 f1h1 f8h8 d3g6 e5f6 g6h5 h8d8 c1b1 e7e5 e1e2,Mate
8/6pk/4n1rp/pp6/4q3/PPP3PP/N4B2/R2Q2K1 b - -,,0
rnb2rk1/p3qpbp/3p1np1/1NpP2B1/4P3/3B1N2/PP1Q1PPP/R3K2R b KQ -,c8g4 d2f4 c5c4 d3c2 g4f3 g2f3 e7b7 a2a4 b8d7 f4d6,61
r2q1rk1/pp1n1ppp/1n2p1b1/2b5/1PPN4/P1N1B3/4BPPP/R2Q1RK1 b - -,c5e7 c4c5 b6d5 c3d5 e6d5 c5c6 b7c6 d4c6 d8e8 c6e7,234
8/2p5/8/8/2p5/K1k4R/8/5r2 b - -,c3d4 h3h4 d4d5 h4h5 d5c6 a3b4 f1f4 h5c5 c6b6 c5b5,-2
7q/2p1k3/p5N1/6p1/p2PP3/8/P2P4/4K3 b - -,e7f6 g6h8 f6g7 e1f2 g7h8 f2f3 h8g7 a2a3 g7f6 f3g4,815
8/5p2/5N2/2n2P2/p4Kpk/P7/8/8 b - -,c5d3 f4e3 g4g3 e3f3 d3e1 f3e3 g3g2 e3f2 h4h3 f6d5,-981
rn3rk1/pp3ppp/2p2n2/q1Pp1b2/P2P1B2/1P3N2/1b1NBPPP/R2Q1RK1 b - -,b2a1 d1a1 f8e8 f1e1 b8a6 d2f1 a6b4 f1e3 e8e3 f2e3,-190
rn1qkb1r/ppp1p1pp/4b3/3Pp3/3P4/4P3/PPP3PP/RNBQKB1R b KQkq -,e6d5 b1c3 e5d4 e3d4 b8c6 f1d3 d8d7 e1h1 e8a8 c3d5,96
rn2kbnr/pp4p1/2p1p1b1/3p2Pp/3P1P1P/5Nq1/PPP1K3/RNBQ1B1R b kq -,b8d7 h1g1 g3g4 g1g4 h5g4 f3e1 h8h4 e2f2 g8e7 f2g1,225
r1bqk2r/pp1p1ppp/2p5/3np3/4P3/1Q3NP1/PP1B1PBP/R3K2R b KQkq -,d5c7 f3e5 e8h8 e1h1 d7d5 a1d1 a7a5 b3c2 f8e8 d2c3,407
8/6pk/6rp/pp4n1/4q3/PPP3PP/N4B2/R4QK1 b - -,,0
3r2k1/pp3ppp/2p5/2P4b/3r4/1P6/P4PPP/1BR1RK2 b - -,h5g4 e1e4 d4e4 b1e4 d8d2 c1e1 g7g5 f2f3 g4e6 e1e2,-27
r2q1rk1/pp1nbppp/1n2p1b1/2P5/1P1N4/P1N1B3/4BPPP/R2Q1RK1 b - -,e6e5 d4b3 f7f5 c5b6 f5f4 e3c5 a7b6 c5e7 d8e7 e2d3,322
r4rk1/pb2nppp/1p1qpn2/2pp4/3P1PP1/2PBP3/PP1N1N1P/R2Q1RK1 b - -,c5d4 c3d4 f8c8 g4g5 f6e8 f2g4 e7f5 d2f3 d6e7 g1h1,17
r2q1rk1/pp2bpp1/2p1pnp1/4B3/3P4/P1N4P/1PP1QPP1/3R1RK1 b - -,,0
4R3/6pk/4P2p/1r6/1pN5/2n3P1/5PKP/8 b - -,b5b7 e6e7 h7g6 c4e5 g6f6 e8f8 f6e7 f8f7 e7e6 f7b7,473
r4rk1/ppq1ppbp/2n1bnp1/6N1/1P2P3/P1N1B2P/2Q1BPP1/R4RK1 b - -,c6d8 a1c1 a8c8 c2a4 e6d7 a4a7 d8c6 a7c5 h7h6 g5f3,161
2kr3r/pp1nqRbp/2n1p1P1/3pP3/2pP2Q1/2P5/PPB3P1/RNB3K1 b - -,e7e8 f7g7 h7g6 g4g6 h8g8 g7g8 e8g8 b1d2 g8g6 c2g6,590
r1b1kbnr/pppp1B1p/2n2p2/4p3/4P3/8/PPPP1PPP/RNB1K1NR b KQkq -,e8f7 g1e2 d7d5 d2d3 c8g4 f2f3 g4d7 e1h1 g8e7 f3f4,-414
2r2r1k/5p1p/1q2pP2/2pRP3/7P/4Q2B/7K/2R5 b - -,b6b4 d5c5 c8c5 c1c5 f8g8 c5c2 b4h4 c2g2 g8g6 g2g1,328
r2qr1k1/pbpn1ppp/1p1ppn2/8/1bPPP3/2NB2N1/PPQ2PPP/R1B1R1K1 b - -,e6e5 d4d5 a7a5 a2a3 b4c3 c2c3 a5a4 d3c2 b7c8 f2f3,75
5qk1/pp3rpp/4Q3/7P/P1B5/5P2/8/5K2 b - -,g7g6 h5g6 h7g6 e6g6 f8g7 c4f7 g8f8 g6g7 f8g7 f7a2,591
2r1r1k1/1b2b1pp/p3Q3/1p3p2/1qpP1B2/5N2/B4PPP/2R2RK1 b - -,g8h8 f3e5 e8f8 c1b1 f8f6 e6d7 b4a5 d7b7 a5d8 h2h4,Mate
8/2p5/8/8/1Kp5/2R5/2k5/4r3 b - -,,0
8/2p5/8/8/1KR5/8/1k6/4r3 b - -,,0
2k2b1r/1pp2ppp/p3pn2/8/3N4/P4B2/1PP2PPP/3R2K1 b - -,c7c6 d4b3 f8e7 a3a4 f6d7 a4a5 c8c7 g2g3 g7g6 f3e2,-142
r2qr1k1/4bppp/p2p2b1/2pN2Pn/7N/7P/PPP2P2/R1BQR1K1 b - -,c5c4 c1d2 a8b8 d1e2 e7f8 e2e8 d8e8 e1e8 b8e8 h4g6,151
1B6/7p/pbp1kp2/2p2p2/2P2K2/1P3P1P/P4P2/8 b - -,h7h5 f4g3 e6f7 b8f4 b6a5 g3h4 f7g6 f4e3 a5c3 h4g3,35
r1b2rk1/2q1bppn/2n1p2p/2ppP3/pp3B1P/P1PP1NP1/1P2QPB1/R3RNK1 b - -,b4b3 a1d1 a8a7 c3c4 c7b6 g2h3 d5d4 f1h2 c8d7 f3d2,-36
8/6pk/3r3p/pp4n1/2P1q3/PP4PP/N4B2/R4QK1 b - -,,0
2r1r2k/1b2b1pp/p7/1p3Q2/1qpP1B2/5N2/B4PPP/2R2RK1 b - -,b4b2 a2b1 b2b1 c1b1 e8f8 f5d7 b7f3 g2f3 e7f6 d7b7,528
8/4bpk1/6p1/1p6/2p1Nr1p/2P2P1P/1P3R2/7K b - -,f4f5 h1g2 f5e5 f2e2 e7g5 e2c2 g5f4 b2b4 c4b3 c2b2,-348
8/1p6/k1pb1K2/p4R2/2P3P1/1B6/PP2r3/8 b - -,e2b2 c4c5 d6h2 g4g5 h2g1 g5g6 a6b5 f6f7 g1d4 g6g7,40
8/R4Bk1/3P1p1p/8/1P6/3b4/P4PKP/8 b - -,e2b2 c4c5 d6h2 g4g5 h2g1 g5g6 a6b5 f6f7 g1d4 g6g7,Mate
8/5p2/5N2/2n2P2/p6k/P4Kp1/8/8 b - -,c5d3 f6d5 d3e1 f3e2 e1c2 e2f1 c2a3 d5c3 h4h3 c3a4,-903
8/5p2/4p2p/1Q2q2p/P3k1r1/1P3PP1/7K/8 b - -,,0
8/2p5/K1R5/4r3/8/1k6/8/8 b - -,,0
5q1k/pp3Qpp/8/7P/P1B5/5P2/8/5K2 b - -,f8d8 f1g2 h7h6 g2h3 d8c8 c4e6 c8b8 f7f5 b8a8 e6a2,629
1br1r1k1/pb2qppp/1p2pn2/2nP4/2P5/1N3N1P/PBB1QPP1/3RR1K1 b - -,e6e5 b3c5 e7c5 c2a4 e8e7 f3d4 g7g6 e2e3 c5d6 d4c6,199
r1bq1rk1/pp3ppp/2nbpn2/3p4/3P4/PP1B1N2/1BPN1PPP/R2Q1RK1 b - -,a7a5 f3e5 c6e7 c2c4 b7b6 a1c1 c8b7 c4c5 d6e5 d4e5,20
r2qk1nr/pppn1ppp/8/3P1b2/1b1Pp3/4P2P/PP1N1PP1/R1BQKBNR b KQkq -,g8f6 g2g4 f5g6 d1b3 d8e7 g4g5 f6h5 h3h4 d7b6 a2a3,33
8/6pk/3r3p/p5n1/2p1q3/PPN3PP/5B2/R4QK1 b - -,,0
r1b2rk1/p1n3pp/1pn1pp2/q1P5/2Q1PP2/P1P1BN2/6PP/R3KB1R b KQ -,c8a6 c4a2 b6c5 e1f2 f8b8 a1c1 a6f1 h1f1 a5a4 f3d2,33
r5k1/1p1rnppp/p4b2/2Bp4/8/P1N5/1P3PPP/R2R2K1 b - -,f6c3 b2c3 e7g6 d1b1 a8c8 c5d4 f7f6 b1b6 g6e5 f2f3,-107
8/5p2/8/5P2/p3N2k/P2n1Kp1/8/8 b - -,d3e1 f3e2 g3g2 e2f2 h4h3 e4c3 h3h2 c3e2 e1c2 e2g1,-1267
1kr2r2/pp4b1/2p4p/2Ppq1p1/8/3BPPp1/PPQ3P1/2K1R2R b - -,c8e8 a2a4 e8e7 c1b1 f8d8 e1e2 a7a6,-178
2r2r1k/1b2b1pp/p7/1p6/1qpP1BQ1/5N2/B4PPP/2R2RK1 b - -,b4a3 a2b1 b7f3 g2f3 e7d6 g4h5 g7g6 b1g6 c8c7 c1a1,369
2kr1b1r/ppp3pp/2b1p3/4P1N1/4p3/8/PPP2PPP/R1B2RK1 b - -,c6b5 f1e1 d8d5 c1f4 b5d7 c2c4 d5d3 a1d1 d3d1 e1d1,68
7N/2p5/p4k2/6p1/p2PP3/8/P2P4/4K3 b - -,f6g7 e1f2 g7f6 f2g3 f6g7 g3g4 g7h8 a2a3 h8g8 g4g5,837
8/ppR1p1kp/1n4p1/4p3/4P2P/1P4PB/P2r1PK1/8 b - -,d2b2 c7e7 g7f6 e7h7 b2a2 h7b7 a2e2 b7a7 e2e4 a7c7,406
rnb2rk1/1p2qpbp/p2p1np1/2pP2B1/4P3/2NB1N2/PP1Q1PPP/R4RK1 b - -,b7b5 f1e1 b8d7 a2a4 b5b4 c3d1 d7e5 f3e5 e7e5 h2h3,45
3r1k2/pp3ppp/2p5/2P4b/8/1P3P2/P2rR1PP/1BR2K2 b - -,h5g6 b1g6 h7g6 c1c4 d2d5 c4e4 g6g5 e4e7 d5d7 e7d7,-4
rn1qk1nr/ppp2ppp/8/3p1b2/1bPPp3/4P2P/PP1N1PP1/R1BQKBNR b KQkq -,b8d7 a2a3 b4d2 c1d2 d5c4 f1c4 d7b6 c4a2 g8f6 g1e2,38
r3kb1r/pp1bnppp/2n1p3/q2PP3/3p4/1P3N2/P2B1PPP/RN1QKB1R b KQkq -,a5d5 f1c4 d5e4 d1e2 e4e2 c4e2 e7g6 a2a4 a8c8 b1a3,-265
1r6/2Rrk3/3p4/p2Pp1p1/P3PpP1/5Pb1/3NK3/2R5 b - -,b8b4 c7d7 e7d7 c1c6 b4b2 e2d1 d7e7 c6a6 b2b4 a6a5,82
r4rk1/p1n3pp/bpn1pp2/q1P5/4PP2/P1P1BN2/Q5PP/R3KB1R b KQ -,f6f5 f1a6 a5a6 e4f5 c7d5 e1f2 f8f5 c5b6 a7b6 h1e1,41
r2qk2r/ppp2ppp/1bnp1n2/3Pp3/2B5/3PBN1P/PPP2PP1/R2QK2R b KQkq -,c6e7 e3g5 c7c6 d5c6 b7c6 d1e2 d6d5 c4b3 f6d7 c2c3,-25
2B2r1k/5p1p/1q3P2/2ppP3/7P/4Q3/7K/2R5 b - -,b6b5 c1g1 b5c4 e3g3 c4c2 g1g2 c2g6 g3f4 g6e4 f4e4,452
rnb1qrk1/1pppppbp/p4np1/6B1/3PP3/3B1N1P/PPP2PP1/RN1Q1RK1 b - -,d7d6 f1e1 e7e5 d4e5 d6e5 c2c4 b8d7 b1c3 d7c5 d3c2,67
r2qr1k1/pbpn1ppp/1p1p1n2/3Pp3/1bP1P3/2NB2N1/PPQ2PPP/R1B1R1K1 b - -,a7a5 a2a3 b4c3 c2c3 a5a4 d3c2 b7c8 f2f3 d7c5 c1g5,76
8/8/8/KR6/2k2P2/8/5r1p/7R b - -,f2g2 b5h5 g2g4 f4f5 c4d5 h1h2 g4f4 a5b6 d5e4 h2h4,601
rn3rk1/pp3ppp/2p2n2/q1Pp1b2/P2P1B2/1P3N2/3NBPPP/Q4RK1 b - -,f8e8 f1e1 b8a6 f3h4 f5c2 a1c1 a5c3 f4e5 a6b4 d2f3,-190
4k3/1p4p1/8/7p/8/3K4/PP4P1/8 b - -,,0
3rk3/Rb3p2/3p4/4pBQp/1q3r2/7P/6P1/1R5K b - -,f4g4 h3g4 b4b1 f5b1 d8d7 h1h2 b7d5 a7a5 d7b7 a5d5,1268
8/R5k1/3PBp1p/5b2/1P6/8/P4PKP/8 b - -,f4g4 h3g4 b4b1 f5b1 d8d7 h1h2 b7d5 a7a5 d7b7 a5d5,Mate
2q4k/pp3Qpp/4B3/7P/P7/5P2/8/5K2 b - -,c8d8 f1g2 b7b6 g2h3 a7a6 f7f4 h7h6 f4f5 d8a8 e6b3,669
3r1k2/pp3ppp/2p5/2P4b/8/1P3P2/P5PP/1BRrRK2 b - -,d1c1 e1c1 d8d2 b1h7 d2a2 h7d3 a7a5 d3c4 g7g5 b3b4,-17
7N/2p3k1/p7/6p1/p2PP3/8/P2P1K2/8 b - -,g7f6 f2f3 f6g7 e4e5 g7h8 f3g4 h8g8 g4g5 a4a3 g5f6,989
rnb2rk1/ppp2qbp/3p2p1/3Ppp2/2P1n3/1PN1PNP1/PBQ2PBP/R3R1K1 b - -,g7h6 c3e4 f5e4 c2e4 b8d7 e1f1 d7c5 e4h4 f7g7 f3d2,117
r1bqk1nr/3p2bp/ppn1ppp1/2p5/2B1P3/2NPBQ1N/PPP2PPP/R3K2R b KQkq -,g8e7 c4b3 c8b7 f3g3 f6f5 e1h1 c6d4 a1e1 e8h8 e4e5,-64
rnbqkb1r/pp1pp1pp/5n2/2p2p2/2P5/1P2P3/PB1P1PPP/RN1QKBNR b KQkq -,e7e6 g2g3 b8c6 f1g2 d7d5 c4d5 c6b4 d2d3 f8e7 a2a3,83
r2qk2r/ppp1nppp/1b1p1n2/3Pp1B1/2B5/3P1N1P/PPP2PP1/R2QK2R b KQkq -,c7c6 d5c6 b7c6 d1e2 d6d5 c4b3 f6d7 c2c3 f7f6 g5d2,-42
8/5p2/8/5P2/p7/P2n1KNk/8/8 b - -,,0
rnb2rk1/4qpbp/p2p1np1/1ppP2B1/4P3/2NB1N2/PP1Q1PPP/4RRK1 b - -,b8d7 b2b3 f8e8 h2h3 c8b7 f3h2 a8c8 h2g4 h7h5 g4f6,47
2r4k/5p1p/1q3P2/2ppP3/7P/4Q3/7K/6R1 b - -,c8g8 g1g8 h8g8 e3g5 g8f8 g5g7 f8e8 g7g8 e8d7 g8f7,Mate
2r1r2k/1b2b1pp/p3Q3/1p2Np2/1qpP1B2/8/B4PPP/2R2RK1 b - -,h7h5 e6f5 e8f8 e5g6 h8g8 f5d7 e7f6 d7b7 f8d8 b7e4,Mate
8/2q1bPk1/2P3p1/p3p2p/4B3/P5P1/2Q2P1P/6K1 b - -,g7f7 e4g6 f7e6 c2c4 e6d6 g6e4 e7d8 h2h4 d6e7 c4e2,910
3qr1k1/p4pp1/2b1pn1p/1pN5/3PP3/1B2Q2P/P4PP1/2R3K1 b - -,d8b8 f2f3 b8b6 e3c3 a7a5 a2a3 c6a8 a3a4 b5a4 c5a4,27
r1b2rk1/ppq2ppp/2nbpn2/3pN3/3P4/PP1B4/1BPN1PPP/R2Q1RK1 b - -,c6e5 d4e5 d6e5 b2e5 c7e5 f1e1 e5c7 c2c4 f8d8 a1c1,-137
8/1p6/k1pb1K2/p4RP1/2P5/1B6/Pr6/8 b - -,d6g3 g5g6 g3f2 c4c5 f2d4 f6f7 a6b5 g6g7 d4g7 f7g7,44
r2qr1k1/1n1b3n/3p1bQB/pp1Pp3/1Pp1P2N/2P2N1P/P1B2P1K/R7 b - -,g8h8 f3g5 h7g5 h6g5 f6g5 g6h5 h8g7 a1g1 e8g8 g1g5,Mate
r1bq4/pppnkp2/4rn2/4P1B1/2pN1P1Q/4R2P/P5P1/6K1 b - -,e6b6 d4f5 e7e6 e5f6 e6d5 h4f2 d5c6 f5d4 c6d6 f2d2,288
r1bqk2r/3pn1bp/ppn1ppp1/2p5/2B1P3/3PBQ1N/PPP1NPPP/R3K2R b KQkq -,b6b5 c4b3 c5c4 d3c4 b5c4 b3a4 d8a5 e2c3 a8b8 e3c1,-178
2R5/3rk3/3p4/p2Pp1p1/P3PpP1/5Pb1/1r1NK3/2R5 b - -,d7d8 c8d8 e7d8 c1c6 d8e7 e2d1 b2a2 d2c4 a2f2 c4d6,76
r1b2rk1/2q1bppn/2n1p2p/2ppP3/p1P2B1P/Pp1P1NP1/1P2QPB1/R3RNK1 b - -,c7b6 f1e3 f8d8 e2d1 c8b7 c4d5 e6d5 e5e6 f7e6 e3g4,-32
1B6/7p/p1p1kp2/b1p2p2/2P5/1P2KP1P/P4P2/8 b - -,a5b4 e3e2 e6f7 b8f4 f7g6 e2f1 g6h5 f4c1 h5h4 f1g2,5
2r2r1k/1b2bNpp/p3Q3/1p3p2/1qpP1B2/8/B4PPP/2R2RK1 b - -,f8f7 e6f7 c8f8 f7e6 f8f6 e6d7 b7e4 a2b1 e7f8 b1e4,Mate
rn3rk1/1p2qpbp/p2p1np1/2pP2B1/4PQb1/2NB1N2/PP3PPP/R4RK1 b - -,g4f3 f4f3 b7b5 a1e1 b8d7 f3h3 c5c4 d3c2 b5b4 e4e5,17
8/1p6/k1pb1KP1/p4R2/2P5/1B6/P3r3/8 b - -,d6e7 f6f7 e7a3 g6g7 e2e7 f7f6 e7e8 f5g5 b7b5 g7g8q,430
7k/pQ4pp/4B3/7P/P7/5P2/6K1/3q4 b - -,d1e2 g2g3 e2e6 b7b8 e6g8 b8a7 h7h6 a7d7 g8b8 g3g4,9
1k6/pppRq1rp/8/6p1/2P3P1/P4Q1P/1P6/K7 b - -,e7d7 f3f8 d7c8 f8g7 c8d8 g7h7 a7a5 a1b1 b7b6 h7c2,12
r2q1rk1/pb1nbppp/1p3n2/2pp4/3P4/1P2PN2/PB1NBPPP/2RQ1RK1 b - -,e7d6 c1c2 f8e8 d1a1 d6f8 f1d1 d8e7 e2b5 e8d8 f3e5,21
8/7p/8/5kPK/8/8/8/8 b - -,,0
2r4k/1b2bQpp/p7/1p3p2/1qpP1B2/8/B4PPP/2R2RK1 b - -,c8d8 f4e5 e7f6 f7b7 b4e7 b7e7 f6e7 f2f4 e7a3 c1d1,592
r3kbnr/1pp2ppp/p1p3b1/8/3qP1P1/2N2N1P/PPPP1P2/R1BQK2R b KQkq -,d4d7 d2d3 f7f6 f3h4 g6f7 d1f3 e8a8 c1e3 b7b6 a2a3,143
rnb2rk1/ppp2qb1/3p2pp/3Ppp2/2P5/1PN1P1P1/PB1Q1PBP/R3R1K1 b - -,c8d7 b3b4 d7e8 f2f4 a7a5 b4a5 e5e4 a1b1 b8d7 c3b5,45
r5k1/5ppp/p3p3/2b5/Pp2B1q1/1n2BN2/1P2QPPP/3R2K1 b - -,a8e8 e4h7 g8h8 h7c2 c5e3 f2e3 b3c1 d1c1 e6e5 c2b3,621
r2qr2k/1n1b1Q1n/3p1b1B/pp1Pp3/1Pp1P2N/2P2N1P/P1B2P1K/R7 b - -,d7f5 e4f5 e8g8 h4g6 g8g6 f5g6 d8g8 f7b7 a8b8 g6g7,Mate
2r2nk1/prq2pp1/8/p2Pp2p/1b2P2B/2p2PNP/RP4P1/2RQ3K b - -,c3b2 c1c7 b7c7 a2b2 c7c1 d1c1 c8c1 h1h2 g7g6 h4g5,-71
rn1qkb1r/pp4pp/3pbn2/2p1pp2/2P5/1P1PPN2/PB2BPPP/RN1QK2R b KQkq -,g7g6 e1h1 f8h6 b3b4 c5b4 a2a3 b4a3 b2a3 e8h8 d1b3,52
1k3Q2/pppq2rp/8/6p1/2P3P1/P6P/1P6/K7 b - -,d7c8 f8g7 c8d8 g7h7 a7a5 h7c2 b8a7 a1a2 c7c6 b2b4,6
r1bq2nr/pppk1B1p/2nb4/8/3P1BQ1/2N5/PPP3PP/R3K2R b KQ -,d7e7 g4g7 d8e8 f4d6 c7d6 e1h1 e7d8 f7e8 c6e7 f1f8,1432
r1bq1rk1/ppppbppp/2n2n2/4p3/2B1P3/1P3N2/PBPP1PPP/RN1Q1RK1 b - -,f6e4 c4d5 e4g5 f3g5 e7g5 d5c6 d7c6 b2e5 f8e8 f1e1,-41
r1bq4/pppnkp2/1r3n2/4PNB1/2p2P1Q/4R2P/P5P1/6K1 b - -,e7e6 e5f6 e6d5 h4f2 d5c6 f5d4 c6d6 f2d2 b6b1 g1h2,327
8/1p6/4k3/P5pp/4K3/8/1P4P1/8 b - -,,0
r3k2r/pppqnp1p/1b1p1p2/3Pp3/P1B5/3P1N1P/1PP2PP1/R2QK2R b KQkq -,a7a6 c2c3 e8a8 d3d4 h8g8 g2g3 d8e8 e1f1 e7g6 h3h4,-11
2k4r/1pp2ppp/p3pn2/2b5/1P1N4/P4B2/2P2PPP/3R2K1 b - -,c5d4 d1d4 c7c6 g1f1 h8d8 d4d8 c8d8 f1e2 d8c7 e2d3,-176
rnbk2r1/ppp2pPp/8/8/1bp4P/8/PB3PP1/RN3KNR b - -,a7a5 h4h5 c8f5 g1f3 h7h6 f1g1 a8a6 h1h4 a6d6 f3d4,-121
1br1r1k1/pb1nqppp/1p2pn2/3P4/2PN4/5N1P/PBB1QPP1/3RR1K1 b - -,e6e5 d4f5 e7b4 c2b3 b6b5 c4b5 b4f4 f3h4 g7g6 g2g3,112
5R2/6p1/4Pnk1/7p/3K1P2/1pr3PP/1N6/8 b - -,c3g3 e6e7 g3g2 f8f6 g6f6 e7e8q g2b2 e8h5 f6e7 d4c3,347
r2qk2r/1pp2pp1/1pnp1n1p/3Np2b/2B1P3/3P1N1P/PPP2PP1/R2QR1K1 b kq -,h5f3 d1f3 c6d4 f3d1 c7c6 d5e3 e8h8 c2c3 d4e6 c4e6,20
r1bqkbnr/p1pp1ppp/2p5/4p3/8/4P1P1/PPPP1P1P/RNBQK1NR b KQkq -,d7d5 d2d4 e5e4 c2c4 h7h5 d1a4 c8d7 h2h4 g8f6 g1e2,-117
7R/3rk3/3p4/p2Pp1p1/P3PpP1/5Pb1/r2NK3/2R5 b - -,a2a4 h8h7 e7d8 h7h5 a4a2 h5g5 d7h7 g5g8 d8d7 e2d3,128
2kr1b1r/ppp2ppp/2b1q3/3pP3/4n3/1QN1BN2/PPP2PPP/R4RK1 b - -,e6e7 a2a3 e4c5 b3a2 c5e6 a1d1 e7d7 b2b4 h7h5 f3d4,45
1kq5/ppp3Qp/8/6p1/2P3P1/P6P/1P6/K7 b - -,c8d8 g7h7 a7a5 a1a2 a5a4 h7c2 d8d7 b2b3 a4b3 a2b3,4
rn3rk1/1p2qpbp/p2p1np1/2pP2B1/4P3/2NB1Q2/PP3PPP/R4RK1 b - -,b7b5 a1e1 b8d7 f3h3 c5c4 d3c2 b5b4 c3a4 f8e8 f2f4,19
r4rk1/pb1nnppp/1p1qp3/2pp2P1/3P1P2/2PBP3/PP1N1N1P/R2Q1RK1 b - -,a7a5 d1e2 d6c6 f1e1 c6c8 e2g4 f7f5 g5f6 d7f6 g4h3,25
r5rk/1n1bqQ1n/3p1bNB/pp1Pp3/1Pp1P3/2P2N1P/P1B2P1K/6R1 b - -,g8g6 f7g6 a8f8 b4a5 d7e8 f3h4 b7a5 f2f4 f6h4 h6g7,80
r2k1bnr/pppn1ppp/4b3/4p3/5P2/2N3P1/PPP1P1BP/R1B1K1NR b KQ -,g8f6 g2b7 a8b8 b7g2 e5f4 g3f4 f8c5 e2e4 f6g4 g1e2,70
r1bq4/pppn1p2/1r2kP2/5NB1/2p2P1Q/4R2P/P5P1/6K1 b - -,e6d5 h4f2 d5c6 f5d4 c6d6 f2d2 b6b1 g1h2 d6c5 d4e6,378
5rk1/pp1bq1pB/1n6/3pp3/3n4/P4PN1/1P3P1P/R2QR1K1 b - -,g8h8 d1d4 e5d4 e1e7 h8h7 a1d1 h7g8 g3e2 d7h3 e2d4,389
r1bqkbnr/p1p2ppp/2p5/3pp3/8/4P1P1/PPPPNP1P/RNBQK2R b KQkq -,g8f6 d2d4 f8d6 d4e5 d6e5 b1d2 e8h8 e1h1 c6c5 d2f3,-145
r1bq2nr/ppp1kB1p/2nb4/8/3P1BQ1/2N5/PPP3PP/2KR3R b - -,c8g4 d1f1 e7f7 f4d6 f7g6 h2h3 g4d7 d4d5 c7d6 d5c6,-670
1r1qr1k1/p4pp1/Q7/1p1p2p1/3P2P1/2N3P1/PP3KP1/3RR3 b - -,b8b6 a6b6 a7b6 e1e8 d8e8 c3d5 e8e6 d5e3 e6a2 d1d2,-127
rnbqkb1r/pp3pp1/2p1p1n1/3p3p/3PP2P/2NB1N2/PPP2PP1/R1BQ1RK1 b kq -,g6h4 f1e1 f8e7 f3h4 e7h4 d1f3 e8f8 e4e5 f8e8 c3e2,84
rn3rk1/4qpbp/p2p1np1/1ppP2B1/4P3/2NB1Q2/PP3PPP/R3R1K1 b - -,h7h6 g5h4 b8d7 f3e2 g6g5 h4g3 f8e8 d3c2 c5c4 a2a3,-41
r3kb1r/pp1n1ppp/2p1pnb1/q7/2BPN2N/8/PPPB1PPP/R2Q1RK1 b kq -,a5h5 h4g6 h7g6 d1h5 g6h5 e4g5 d7b6 c4b3 a8d8 c2c3,49
8/8/5R2/K7/5P2/4k3/5r1p/7R b - -,e3d4 f6f5 d4e4 f5f8 e4d5 f4f5 d5c5 a5a4 c5c4 h1c1,541
r2qk2r/1pp2pp1/1p1p1N1p/4p2b/2BnP3/3P1N1P/PPP2PP1/R2QR1K1 b kq -,e8e7 f6h5 d4e6 d3d4 g7g6 h5g3 h6h5 c4e6 e7e6 d4e5,723
8/8/2k2Q2/3r4/8/1K6/8/8 b - -,c6c5 b3c3 d5d6 f6f8 c5d5 f8f5 d5c6 c3c4 c6b7 f5e4,9605
5r1k/1n1bq2n/3p1bQB/pp1Pp3/1Pp1P2N/2P4P/P1B2P1K/6R1 b - -,e7e8 h6g7 h8g8 g6e8 f8e8 g7f6 g8f7 g1g7 f7f6 g7d7,376
r1bqk1nr/p1p2ppp/2pb4/3pp3/8/4P1P1/PPPPNP1P/RNBQ1RK1 b kq -,c8h3 d2d4 h3f1 d1f1 e5e4 c2c4 g8f6 b1c3 d8d7 e2f4,-261
8/5p2/8/2n2P1N/p7/P4Kpk/8/8 b - -,h3h4 h5g3 h4g5 f3e3 g5g4 g3e2 g4f5 e3d4 c5b3 d4d3,-3
8/3r2p1/4kp2/2r1P3/3pR1P1/3R1K2/8/8 b - -,f6e5 d3d1 e6d5 d1e1 c5c3 f3f2 d7f7 f2g2 f7e7 g4g5,-522
6k1/1b2rpbp/3B1np1/1qpP4/1pp1P3/5N1P/1PBQ1PP1/R5K1 b - -,f6e4 d2e3 e4d6 e3e7 g7f8 e7d8 b4b3 f3e5 b7c8 c2e4,-88
6k1/5p1p/6p1/4p3/6P1/3P4/1R2PPKP/r7 b - -,a1a4 f2f3 g6g5 h2h4 h7h5 b2b5 h5g4 b5e5 g4f3 g2f3,44
r1bqk2r/p1p2p2/1pn1pn1p/6p1/2BPP3/P1P2PB1/6PP/R2QK1NR b KQkq -,c6a5 c4d3 f6h5 g1e2 h5g3 e2g3 d8e7 e1h1 c8b7 e4e5,98
r1bqk1nr/ppp3pp/2np4/2b1p3/2B1Pp2/1PNP1N2/P1P2PPP/R1BQ1RK1 b kq -,c8g4 b3b4 c5b6 h2h3 g4h5 c3d5 c6d4 f3d4 h5d1 d4e6,-81
r1bq2nr/ppp1kBQp/2nb4/8/3P1B2/2N5/PPP3PP/R3K2R b KQ -,d8e8 f4d6 c7d6 e1h1 e7d8 f7e8 c6e7 f1f8 c8e6 e8h5,1638
rn3rk1/4qpbp/p2p1np1/1ppP2B1/4P3/2NB1Q2/PP3PPP/4RRK1 b - -,b8d7 f3h3 c5c4 d3c2 a8e8 a2a3 d7c5 f2f4 e7b7 g1h1,24
8/1r2Rk1p/5P2/6K1/6P1/8/8/8 b - -,b7e7 f6e7 f7e7 g5f5 e7f7 g4g5 f7g7 f5g4 g7g6 g4f4,Mate
4r1k1/p4pp1/1qb1pn1p/1pN5/3PP3/1B2QP1P/P5P1/2R3K1 b - -,e8d8 a2a3 a7a5 b3a2 f6d7 g1f2 d7c5 c1c5 c6d7 d4d5,-9
8/1p6/4k3/P5p1/1P2K2p/8/6P1/8 b - -,,0
8/2q1bk2/2P3B1/p3p2p/8/P5P1/2Q2P1P/6K1 b - -,f7g7 g6h5 e5e4 c2e4 e7d8 e4e6 g7f8 g1g2 c7e7 e6f5,936
8/8/3r4/2k2Q2/8/1K6/8/8 b - -,c5d4 f5f4 d4d5 b3c3 d5e6 f4h6 e6e7 h6g7 e7e8 c3c4,246
4k3/p1p4p/6p1/1P6/PKP5/4P1P1/7P/8 b - -,e8d7 b4c5 g6g5 c5d5 h7h5 e3e4 d7e7 d5c6 e7d8 e4e5,782
8/8/5R2/K4P2/8/5k2/5r1p/7R b - -,f3g4 f6f8 f2a2 a5b5 g4g5 b5b4 a2f2 b4c3 f2a2 f5f6,510
8/5p2/8/2n2P2/p4N2/P4K1k/6p1/8 b - -,,0
r1bqk2r/5p2/p3pb2/1p1p1P1p/8/2N3Q1/PPP1B1PP/2KR3R b - -,b5b4 c3e4 e8f8 e4f6 d8f6 f5e6 c8e6 h1f1 h5h4 g3e3,208
r2qkb1r/pb1ppppp/2n2n2/1Bp5/4PB2/2N2P2/PPPQ2PP/R3K1NR b KQkq -,d7d6 e1a1 f6d7 g1e2 a7a6 b5a4 d7b6 e4e5 b6a4 c3a4,78
rn3rk1/4qpbp/p2p1np1/1p1PP1B1/2p5/2NB1Q2/PP3PPP/4RRK1 b - -,d6e5 d5d6 e7d6 g5f6 d6f6 f3a8 c4d3 e1e3 f8d8 f1d1,121
r2k1bnr/pp1n1ppp/2p1b3/4p3/5P2/2N2NP1/PPP1P1BP/R1B1K2R b KQ -,g8f6 f4e5 f6g4 c1f4 f8c5 g2h3 c5f2 e1f1 f2b6 f1g2,78
rn1qkb1r/pp1n1ppp/4p3/2PpP3/8/2N5/PPP2PPP/R1BQK1NR b KQkq -,d7e5 f2f4 e5c6 g1f3 f8c5 d1e2 e8h8 c1d2 b8d7 e1a1,-155
r3k2r/1ppqnp1p/1b1p1p2/p2Pp3/P1B5/3P1N1P/1PPQ1PP1/R3K2R b KQkq -,h8g8 g2g3 e8a8 f3h4 c7c6 d5c6 d7c6 h1f1 d6d5 c4b3,-31
6k1/5p1p/6p1/4p3/r5P1/3P1P2/1R2P1KP/8 b - -,g6g5 h2h4 h7h5 b2b5 h5g4 b5e5 g4f3 g2f3 g5h4 e5e4,75
r1b1k2r/1pq1bppp/p1nppn2/8/2BNP3/2N1BP2/PPP1Q1PP/2KR3R b kq -,c8d7 c4b3 b7b5 c1b1 e8h8 h2h4 b5b4 c3a4 c6d4 e3d4,-10
1q4k1/1r2n1p1/p2p1pbp/Bp1Pp3/4P1P1/P3QP2/1P4BP/2R3K1 b - -,g8h8 h2h4 g6e8 h4h5 h8h7 g1h2 e8d7 e3c3 b8a7 c1c2,127
2r2nk1/pr3pp1/8/p2Pp2p/1bq1P2B/1Pp2PNP/R5P1/2RQ3K b - -,c4d4 d1e2 f8g6 g3f5 d4c5 h4f2 g6f4 e2c2 c5b5 f2e3,-69
8/8/3r4/8/3k4/1K6/2Q5/8 b - -,d6b6 b3a3 b6a6 a3b2 a6e6 c2a4 d4e5 b2c3 e6f6 a4d4,229
6k1/5pp1/8/1p2q3/2P5/2P5/5K2/1N6 b - -,e5f5 f2e3 b5c4 e3d4 f5d3 d4c5 d3b1 c5c4 b1b2 c4d3,-1194
r1b2qnr/ppp1kBQp/2nB4/8/3P4/2N5/PPP3PP/R3K2R b KQ -,e5f5 f2e3 b5c4 e3d4 f5d3 d4c5 d3b1 c5c4 b1b2 c4d3,Mate
2r2r1k/4b1pp/p7/1p6/1qpP1BQ1/5P2/B4P1P/2R2RK1 b - -,f8f4 g4c8 f4f8 c8h3 f8f4 a2b1 g7g6 c1e1 f4h4 h3c8,348
8/8/1r6/8/3k4/K7/2Q5/8 b - -,b6e6 a3b2 e6e5 c2f2 d4d3 b2c1 e5e2 f2f5 e2e4 f5f3,225
1r2r1k1/pp1b1pp1/2np1q2/2p1pPp1/4P1Q1/2PPB2P/PP4BK/R4R2 b - -,f6h6 e3g5 h6h7 g4g3 g8h8 f5f6 g7g6 f1f2 c6d8 g2f3,158
1k2r3/pp2q1b1/2p4p/2Ppr1p1/5P2/3BP1p1/PPQ1R1P1/1K2R3 b - -,e8f8 f4e5 g7e5 e3e4 d5d4 c2c1 a7a6 e1f1 f8f1 c1f1,324
r1bqk2r/1p1nbppp/2n1p3/2ppP3/p2P1N2/P1PB1N2/1P3PPP/R1BQK2R b KQkq -,d7b6 e1h1 c5d4 c3d4 c8d7 h2h4 b6c4 f4h5 g7g6 h5f6,72
r2k1bnr/pp1n1ppp/2p1b3/8/5P2/2N2N2/PPP1P1BP/R1B1K2R b KQ -,e6g4 e2e4 d8c7 c1e3 a8e8 e1a1 f8b4 e3d2 b4c5 h2h3,47
r3kb1r/ppq2pp1/2p1pnp1/8/2BP4/7P/PPPB1PP1/R2Q1RK1 b kq -,a8d8 c2c3 f8d6 d1f3 c6c5 a1c1 e8h8 f1d1 d6e7 d4c5,17
r1b2qnr/pp2kBQp/2np4/3N4/3P4/8/PPP3PP/R3K2R b KQ -,a8d8 c2c3 f8d6 d1f3 c6c5 a1c1 e8h8 f1d1 d6e7 d4c5,Mate
3r1r2/pb2qk1R/1p3n2/2p3Q1/4p3/2N2P2/PPP1B3/2K3R1 b - -,a8d8 c2c3 f8d6 d1f3 c6c5 a1c1 e8h8 f1d1 d6e7 d4c5,Mate
6k1/5pp1/8/4q3/2p5/2P5/3N1K2/8 b - -,a8d8 c2c3 f8d6 d1f3 c6c5 a1c1 e8h8 f1d1 d6e7 d4c5,Mate
5r1k/4b1pp/p1r5/1p6/1qpP1BQ1/5P2/5P1P/1BR2RK1 b - -,g7g6 g1g2 f8f4 g4f4 c6f6 f4g4 b4d6 f1e1 f6f4 g4e6,399
r1b2rk1/ppp2q2/3p2pp/1NnP1p2/2P1p3/1P2P1P1/PQ3P1P/2R1RBK1 b - -,a8b8 b3b4 c5d7 c4c5 d7e5 f1e2 f7e7 b5a7 h6h5 a2a4,76
6k1/5p1p/8/1R2p1p1/r5P1/3P1P2/4P1KP/8 b - -,f7f6 b5b7 h7h5 b7b8 g8g7 g4h5 a4h4 b8b7 g7g8 b7c7,40
rn1q1rk1/pp2bpp1/2p2n1p/3p3b/3P3B/2NBPN1P/PP3PP1/R2Q1RK1 b - -,,0
r1bq4/pppnkp2/4rn2/4PNB1/2p2P1Q/6RP/P5P1/6K1 b - -,e7e8 f5g7 e8e7 g3e3 d8g8 e5f6 e7d6 g7e6 f7e6 h4h5,304
r1b2rk1/p4ppp/1pnqpn2/2pp4/3P1P2/2PBP2N/PP1N2PP/R2Q1RK1 b - -,c6e7 d1e2 c8b7 g2g4 f6e4 g1h1 c5d4 e3d4 f7f5 f1g1,5
4r3/4P1p1/5n2/1R3k1p/3K1P2/1p4PP/1N6/8 b - -,f6d5 b5d5 f5f6 d5h5 e8e7 h5b5 e7e6 b2d3 e6a6 g3g4,547
7k/2p5/p7/6p1/p2PP3/P7/3P1K2/8 b - -,h8g8 f2f3 g8f7 f3g4 f7g6 e4e5 c7c6 d2d3 a6a5 d4d5,1221
8/8/5R2/K4P2/8/8/5rkp/R7 b - -,f2f3 a5b6 g2g3 f6f8 g3f4 f5f6 f4f5 a1h1 f3f2 b6c5,529
7k/8/1p1q4/p7/P3B1QP/6PK/1b6/8 b - -,d6c7 e4d5 c7d8 g4h5 h8g7 h5f7 g7h8 g3g4 b2a3 g4g5,386
8/1p6/4k3/PP6/4K1pp/8/6P1/8 b - -,,0
4r1k1/7p/5pp1/2pb4/4n3/2P2N1P/2p1qPPB/R4QK1 b - -,e4c3 h2d6 e2f1 g1f1 d5f3 g2f3 c3e2 d6c5 c2c1r a1c1,-662
4r3/p1p2kpp/5n2/1Qb5/3pq3/6P1/PP1P1P1P/RNB2KR1 b - -,f6g4 b5d7 f7f8 d7g4 e4g4 d2d3 g4h3 g1g2 h3f5 g2g1,-718
8/7p/5k1K/6P1/8/8/8/8 b - -,f6f5 h6h5 f5e4 h5g4 e4d3 g4f4 d3e2 f4e4 e2f2 e4f5,Mate
r4bnr/ppkn1ppp/2p1b3/8/4PP2/2N2N2/PPP3BP/R1B1K2R b KQ -,e6g4 c1e3 a8e8 h2h3 g4h5 f3d4 g8h6 c3e2 f7f6 e2g3,41
r2q1rk1/pp1nbpp1/2p2n1p/3p3b/3P3B/2N1PN1P/PP2BPP1/R2Q1RK1 b - -,e7d6 f3d2 h5g6 f2f4 g6h7 f4f5 g7g5 f5g6 f7g6 e3e4,-13
r1bq1rk1/pp1p1ppp/2n2n2/4pN2/1b2P3/2N3P1/PPP2PBP/R1BQ1RK1 b - -,d7d5 c3d5 f6d5 d1d5 d8d5 e4d5 c8f5 d5c6 b7c6 c2c3,117
rn1qkb1r/pp1n1pp1/2p1p2p/3pP2b/3P4/2N2N1P/PPP1BPP1/R1BQ1RK1 b kq -,f8e7 f3e1 h5e2 c3e2 c6c5 c2c3 b8c6 c1e3 d8b6 a1b1,44
3rkr2/pb2R3/1p3n2/2p3Q1/4p3/2N2P2/PPP1B3/2K3R1 b - -,f8e7 f3e1 h5e2 c3e2 c6c5 c2c3 b8c6 c1e3 d8b6 a1b1,Mate
rnbk2r1/1pp2pPp/8/p7/1bp4P/5N2/PB3PP1/RN3K1R b - -,c8f5 h4h5 h7h6 f1g1 b8d7 a2a3 b4e7 b1d2 a8a6 d2c4,-107
5r1k/4b1pp/p1r5/1p6/1q1P1B2/2p2P1Q/5P1P/1BR2RK1 b - -,c3c2 c1c2 b4b1 c2c6 b1b3 f4e5 e7d8 h3g4 b3f7 f3f4,502
r3k1nr/ppp2ppp/2nb4/3p4/3P2bq/N1PBB3/PP2NPPP/R2QK2R b KQkq -,e8a8 a3b5 g8f6 d1d2 g4e2 b5d6 d8d6 d2e2 g7g6 e1h1,67
r2qk2r/1pp2pp1/1p1p1n1p/3Np2b/2BnP1P1/3P1N1P/PPP2P2/R2QR1K1 b kq -,h5g4 h3g4 d4e6 d5f6 d8f6 c4e6 f7e6 g1g2 f6f4 f3h2,239
r1bqk1nr/ppp2B1p/2nb4/8/3P1B2/2N2Q2/PPP3PP/R3K2R b KQkq -,e8f7 f4g5 g8f6 e1h1 d6e7 c3e4 h7h5 e4f6 c6d4 f3e4,328
r1b5/pp2kpR1/4pnP1/3pq3/1P6/P2B4/R1P2PP1/1NB2K2 b - -,,0
1rbq1r2/p1n1ppkp/3p1np1/2p5/1p2PP2/2PP2PP/PP1QN1B1/R2N1RK1 b - -,e7e6 c3c4 a7a5 g3g4 f6d7 d1e3 g7g8 f1f2 a5a4 a1f1,69
r1bqk2r/pp1n1ppp/2pbpn2/3P4/8/1PN1PN2/P1QP1PPP/R1B1KB1R b KQkq -,e6d5 c1b2 e8h8 g2g3 d7e5 f3e5 d6e5 f1g2 f8e8 e1h1,-29
7k/6p1/p1p4p/1p3r2/3P4/PPP5/Q4RPK/2q5 b - -,f5h5 h2g3 c1c3 f2f3 c3e1 a2f2 e1e4 f3f4 h5g5 g3h3,-398
3r1r2/pb2k3/1p3n2/2p1Q3/4p3/2N2P2/PPP1B3/2K3R1 b - -,f5f2 a2f2 c1a3 b3b4 a3b3 f2f5 b3c4 f5c8 h8h7 c8f5,Mate
8/2p3k1/p7/6p1/p2PP3/P4K2/3P4/8 b - -,g7g6 f3g4 g6f6 g4h5 a6a5 h5g4 f6g6 e4e5 g6h6 g4f5,1551
5r1k/4b1pp/p1r5/1p6/1q1P1B2/5P1Q/2B2P1P/2R2RK1 b - -,g7g6 f4e5 h8g8 c2e4 c6f6 c1c7 g8g7 f3f4 b4c4 c7c4,842
6k1/5pp1/8/8/2p2q2/2P2N2/5K2/8 b - -,g7g6 f4e5 h8g8 c2e4 c6f6 c1c7 g8g7 f3f4 b4c4 c7c4,Mate
rn3rk1/4qpbp/p2P1np1/1p2p1B1/2p5/2NB1Q2/PP3PPP/4RRK1 b - -,e7d6 g5f6 d6f6 f3a8 c4d3 e1e3 f8d8 f1d1 d3d2 c3e4,121
rn1qkbnr/pppb1ppp/4p3/1B1p4/3PP3/2P5/PP3PPP/RNBQK1NR b KQkq -,d7b5 a2a4 b5d7 e4e5 c7c5 d4c5 a7a5 b1a3 f8c5 d1g4,-439
4r3/1R2P1p1/5nk1/7p/3K1P2/1p4PP/1N6/8 b - -,e8g8 b2c4 g8a8 b7b3 f6e8 b3b5 h5h4 g3g4 g6f7 b5e5,198
2kr3r/ppq2pp1/2pbpnp1/8/1PBP4/2P4P/P2B1PP1/R2Q1RK1 b - -,d6h2 g1h1 h2f4 d2f4 c7f4 h1g1 g6g5 d1c1 f4h4 f2f3,-42
r2qr1k1/pp1nbpp1/2p2n1p/3p3b/3P3B/1QN1PN1P/PP2BPP1/R4RK1 b - -,d8b6 f1c1 b6b3 a2b3 h5f3 e2f3 e7d6 c3e2 g7g6 h4g3,-7
4r1k1/5ppp/2Qp4/3P4/1q4b1/3B1P2/6PP/3K3R b - -,e8c8 h1e1 g8f8 c6b5 b4f4 d1e2 f4h2 f3g4 h2g2 e2d1,-107
5k2/pp3ppp/2p5/2P4b/8/1P3P2/P2r2PP/1B2RK2 b - -,h5g6 b1g6 h7g6 e1e2 d2d1 f1f2 d1c1 b3b4 g6g5 f2g3,-13
3r2k1/4ppbp/b2p1np1/p1r5/1q2PP2/2N2N1P/PPBQ1KP1/1R2R3 b - -,f6h5 g2g3 g7c3 b2c3 b4c3 d2c3 c5c3 b1b2 d8c8 c2b1,-190
r7/pp1bkR2/4pnP1/3pq3/1P6/P2B4/R1P2PP1/1NB2K2 b - -,e7d6 c1b2 e5h5 b1c3 d5d4 c3e2 d7c6 f1e1 h5h1 e1d2,16
7k/6p1/p1p4p/1p5r/3P4/PPP3K1/Q4RP1/2q5 b - -,c1c3 f2f3 c3e1 a2f2 e1e4 f3f4 h5g5 g3h3 e4e6 g2g4,-409
r3k2r/1ppqnp1p/3p1p2/p2P4/P1BQ4/7P/1PP2PP1/R3K2R b KQkq -,h8g8 d4f6 e8f8 g2g4 e7g6 e1d2 h7h5 g4h5 d7e7 f6e7,135
r3r1k1/pp1nbpp1/1qp2n1p/3p3b/3P3B/1QN1P2P/PP1NBPP1/R4RK1 b - -,h5e2 c3e2 b6b3 d2b3 g7g5 h4g3 a7a5 b3d2 e7b4 f1d1,-15
rn1qkb1r/pppB1ppp/4pn2/3p4/3PP3/2P5/PP3PPP/RNBQK1NR b KQkq -,b8d7 e4e5 f6g8 g1e2 c7c5 e1h1 g8e7 a2a4 a8c8 b1d2,28
r1bqkb1r/1p3ppp/p3pn2/2pP4/3P1P2/2N2N2/PPP3PP/R1BQK2R b KQkq -,e6d5 e1h1 f8e7 c1e3 b7b6 f3e5 c8b7 c3e2 e8h8 e2g3,-34
8/5pkp/6p1/1R2p3/r5P1/3P1P2/4P1KP/8 b - -,g7f6 b5b6 f6e7 b6c6 h7h6 c6c1 a4a6 g2f2 g6g5 f2e3,94
rnb1k1nr/ppp2ppp/3bpq2/7Q/2N1p3/2N5/PPPP1PPP/R1B1KB1R b KQkq -,d6e7 d2d3 b8c6 d3e4 a7a6 a2a4 c8d7 f1d3 e8a8 e4e5,34
2r5/5k1p/8/p4Q2/1b1P4/3R3P/1Pq2PP1/6K1 b - -,f7e8 g2g3 e8d8 d4d5 b4c5 g1g2 c5f2 f5g5 d8d7 g5g4,Mate
8/4k3/5p2/3p1K2/8/3P4/5P2/8 b - -,f7e8 g2g3 e8d8 d4d5 b4c5 g1g2 c5f2 f5g5 d8d7 g5g4,Mate
r1bqkb1r/p3pppp/2np1n2/2p5/4PB2/2N2P2/PPPQ2PP/2KR1BNR b kq -,f6d7 h2h4 a8b8 h4h5 d8a5 b2b3 h8g8 a2a4 g7g6 h5g6,57
r1bqk3/pppn1pN1/4rn2/4P1B1/2p2P1Q/6RP/P5P1/6K1 b - -,e8e7 g3e3 d8g8 e5f6 e7d6 g7e6 f7e6 h4h5 a7a5 f4f5,323
r1bbk1nr/ppp2ppp/2n5/4p3/2B1P3/1P3N2/P1P2PPP/RNB1K2R b KQkq -,c8g4 c4b5 g4d7 b1c3 f7f6 c1e3 a7a6 b5e2 d8e7 c3d5,32
8/8/8/5B1R/3k4/2b3PP/7r/2K5 b - -,c3b4 g3g4 b4a3 c1d1 d4e3 f5e6 h2d2 d1e1 a3b4 h5b5,17
4r3/p1p2kpp/5n2/8/2Q5/3p1qP1/PP1P1P1P/RNB3KR b - -,c3b4 g3g4 b4a3 c1d1 d4e3 f5e6 h2d2 d1e1 a3b4 h5b5,Mate
r7/pp1b1R2/3kpnP1/3pq3/1P6/P2B4/RBP2PP1/1N3K2 b - -,e5h5 b1c3 d5d4 c3e2 d7c6 f1e1 h5h1 e1d2 f6e4 d3e4,24
1k6/ppp1q1rp/8/5Qp1/2P3P1/P6P/1P6/K2R4 b - -,a7a6 d1d5 e7e3 a1a2 g7g6 f5d3 e3d3 d5d3 g6f6 d3d8,1
rn1k2r1/1pp2pPp/8/p4b2/1bpN3P/8/PB3PP1/RN3K1R b - -,f5d3 f1g1 a8a6 h4h5 a6b6 b1c3 b4d6 d4b5 d6e5 h5h6,-248
r1bqk2r/1p1nbppp/2n1p3/p2pP3/2pP1N1P/P1P2N2/1P3PP1/R1BQKB1R b KQkq -,a5a4 f3g5 d7f8 d1h5 e7g5 h4g5 f8g6 f1e2 c6a5 a1b1,104
2R4k/4b1pp/p7/1p6/1q1P1r2/5P1Q/5P1P/5RK1 b - -,e7d8 c8d8 f4f8 h3c8 h8g8 c8e6 g8h8 d8f8 b4f8 f1c1,1422
r3r1k1/pp1nbpp1/2p2n1p/3p3b/3P3B/1NN1P2P/PP2BPP1/R4RK1 b - -,h5e2 c3e2 g7g5 h4g3 a7a5 a2a4 f6e4 f1c1 h6h5 c1c2,-12
r2q1rk1/1p1n1ppp/p1p5/2Ppb3/PP6/2N1P3/RBQ2PPP/5RK1 b - -,a6a5 b4b5 d8h4 f2f4 e5f6 e3e4 f6d4 g1h1 a8e8 e4e5,-60
r1bq1rk1/pp1p1ppp/2n2n2/4pN2/4P3/2P3P1/P1P2PBP/R1BQ1RK1 b - -,d8a5 d1d2 f6e8 a2a4 d7d6 f5e3 c8e6 c1a3 a8c8 f2f4,68
r2qk2r/1pp2pp1/1p1p1n1p/3Np2b/2B1P1P1/3P1Q1P/PPP2P2/R3R1K1 b kq -,f6g4 h3g4 h5g6 g1g2 c7c6 d5e3 h6h5 f3g3 h5h4 g3f3,350
8/4bpk1/6p1/8/1pp1Nr1p/2P2P1P/1P3RK1/8 b - -,b4b3 f2d2 f4f5 d2d7 g7f8 g2f2 f5a5 e4d2 a5a1 d2c4,-100
rn1qkb1r/pppn1ppp/4p3/3pP3/3P4/2P5/PP3PPP/RNBQK1NR b KQkq -,c7c5 g1e2 b8c6 e1h1 f8e7 b1d2 d8b6 d2f3 e8h8 e2f4,-13
rnbqkbnr/1pp1p1pp/3p4/p4p2/2PP4/2N3P1/PP2PP1P/R1BQKBNR b KQkq -,g8f6 g1f3 g7g6 f1g2 f8g7 e1h1 e8h8 f1e1 b8c6 d4d5,54
5R2/8/8/K4P2/8/8/5r2/7k b - -,h1g1 a5b6 g1f1 f5f6 f1e1 b6c7 e1d2 c7d6 d2c3 f6f7,574
2r3k1/5ppp/2Qp4/3P4/1q4b1/3B1P2/6PP/3KR3 b - -,g8f8 c6b5 b4f4 d1e2 f4h2 f3g4 h2g2 e2d1 g2g4 e1e2,-92
r1bqkb1r/1p3ppp/p4n2/2pp4/3P1P2/2N2N2/PPP1Q1PP/R1B1K2R b KQkq -,f6e4 c3e4 d5e4 e2e4 d8e7 e4e7 f8e7 c1e3 c5d4 e3d4,46
r2qk1nr/ppp3pp/2np4/2b1p3/2B1Ppb1/1PNP1N1P/P1P2PP1/R1BQ1RK1 b kq -,h7h5 c3d5 c6d4 h3g4 h5g4 d5c7 d8c7 f3d4 c5d4 d1g4,-109
r2qk1nr/pppn1ppp/3b4/3ppb2/1P6/P2BPN2/1BPP1PPP/RN1QK2R b KQkq -,f5d3 c2d3 c7c6 b1c3 g8f6 e1h1 e8h8 c3a4 f8e8 d1c2,-74
8/1p3K2/k1p3P1/p1b5/2P5/1B3R2/P3r3/8 b - -,b7b5 g6g7 e2e7 f7f6 e7e8 c4b5 c6b5 g7g8q e8g8 b3g8,399
rn1qk2r/pp1b1ppp/3bpn2/1Bpp4/P1PP4/4PN2/1P3PPP/RNBQ1RK1 b kq -,d5c4 b1d2 e8h8 d2c4 d6e7 c1d2 b8c6 c4e5 c6e5 d4e5,13
r7/pp1b1R2/3kpnP1/3p3q/1P6/P1NB4/RBP2PP1/5K2 b - -,d5d4 c3e2 d7c6 f1e1 h5h1 e1d2 f6e4 d3e4 c6e4 b2d4,18
r2qk2r/1pp2pp1/1p1p3p/3Bp2b/4P1P1/3P1Q1P/PPP2P2/R3R1K1 b kq -,e8h8 g4h5 c7c6 d5b3 g8h8 e1e3 f7f5 e4f5 d8g5 f3g4,421
r3r1k1/pp1nBpp1/2p4p/3p4/3Pn3/1N2P2P/PP2NPP1/R4RK1 b - -,e8e7 f1c1 a7a5 c1c2 a5a4 b3c1 e4d6 c1d3 h6h5 h3h4,3
rn1k2r1/1pp2pPp/8/p7/1bpN3P/3b4/PB3PP1/RN4KR b - -,a8a6 h4h5 b4e7 d4b5 a6b6 a2a4 c7c6 b2d4 b8d7 b5a3,-246
1r6/3rk3/3p4/p2Pp1p1/P1R1PpP1/5Pb1/3NK3/R7 b - -,d7b7 a1h1 g3h4 h1c1 b7b2 c4c7 e7d8 c1c2 h4g3 c2b2,63
r1b1kbnr/pppp1p2/2n1pqpp/8/2BPP3/1QP2N2/PP3PPP/RNB1K2R b KQkq -,c6a5 b3a4 a5c4 a4c4 f6d8 a2a4 d7d6 e1h1 f8g7 f1e1,4
rn1qkb1r/pp1n1ppp/4p3/2ppP3/3P4/2P2N2/PP3PPP/RNBQK2R b KQkq -,f8e7 d1e2 b8c6 e1h1 e8h8 f1d1 d8b6 d4c5 d7c5 b1a3,-32
r1bq1rk1/1p2npbp/p1n3p1/2p1P3/P2pP3/1B1P1N2/1PP1N1PP/R1B1QRK1 b - -,c6e5 f3e5 g7e5 e1h4 e7c6 c1g5 d8d6 e2f4 c8e6 f4d5,196
r1b5/pp2kR2/4p1P1/3pq3/1P4n1/P2B4/R1P2PP1/1NB2K2 b - -,e7e8 c1f4 e5d4 d3b5 c8d7 b5d7 e8d8 f4g5 d8c7 b1d2,430
8/5k2/5p2/3p1K2/3P4/8/5P2/8 b - -,e7e8 c1f4 e5d4 d3b5 c8d7 b5d7 e8d8 f4g5 d8c7 b1d2,Mate
3r4/1p2p1kp/pn1q2p1/4p2P/4P3/1P4PB/P3QPK1/2R5 b - -,d8e8 h3g4 e7e6 c1d1 d6c6 e2d3 e8f8 g2g1 f8c8 d3d2,220
8/pp1b4/3k1pp1/8/2q2Q2/5P2/5KP1/8 b - -,d8e8 h3g4 e7e6 c1d1 d6c6 e2d3 e8f8 g2g1 f8c8 d3d2,Mate
r5k1/pp1nrpp1/2p4p/3p4/3Pn3/1N2P2P/PP2NPP1/2R2RK1 b - -,,0
r1bqk2r/5p2/p3p3/1p1pQP1p/7b/2N5/PPP1B1PP/2KR3R b - -,d8g5 c1b1 g5f6 e5c7 c8d7 f5e6 f7e6 c3e4 f6e7 e4d6,475
8/2B4p/p1p1kp2/2p2p2/2P5/1Pb1KP1P/P4P2/8 b - -,e6f7 c7d6 c3b4 e3e2 f7g6 d6f4 g6h5 e2f1 h5g6 f4e3,13
5R2/8/5P2/K7/5r2/8/8/7k b - -,h1h2 f6f7 h2g2 f8g8 g2f3 f7f8q f4f8 g8f8 f3e4 a5b6,574
r2qk1nr/pppn1ppp/3b4/3pp3/1P4b1/P2BPN1P/1BPP1PP1/RN1QK2R b KQkq -,g4f3 g2f3 c7c6 c2c4 d5d4 d1e2 g8f6 f3f4 e5e4 e3d4,-71
rn1qkb1r/pp1n1ppp/4p3/3pP3/3P4/5N2/PP3PPP/RNBQK2R b KQkq -,,0
5b1k/6p1/p6p/1p1P4/1q6/5P1Q/5P1P/3R2K1 b - -,a6a5 h3e6 b4c4 e6f5 c4c5 d1e1 h8g8 e1e8 b5b4 f5e6,392
2k4r/1pp2ppp/p3pn2/8/1P1R4/P4B2/2P2PPP/6K1 b - -,c7c6 d4c4 h8d8 g1f1 c8c7 f1e1 e6e5 g2g3 c7d6 f3h1,-182
2r5/3b1kpp/4p3/3nP1p1/2BN4/1Pp3PP/5P2/2R2K2 b - -,c8c5 f1e2 d5b4 d4f3 c3c2 e2d2 f7e7 f3d4 c5e5 d4c2,11
2r5/4k2p/8/p4Q2/1b1P4/4R2P/1Pq2PP1/6K1 b - -,e7d8 f5f4 c2b1 g1h2 b1g6 g2g3 d8d7 f4f3 d7c7 f3e2,Mate
2r3k1/pp1nrpp1/2p4p/3p4/3PnN2/1N2P2P/PP3PP1/2R2RK1 b - -,d7f6 f4d3 e4d6 g2g3 f6e4 c1c2 g7g5 f1c1 c8e8 b3c5,12
1r1q1rk1/p3n1bp/b2pp3/2p2p2/1p3PP1/2PP3P/PP1BQ1B1/R2N1RK1 b - -,g8h8 d1e3 d6d5 c3b4 c5b4 a2a3 b4b3 d2b4 f5g4 e3g4,-95
rnbqk1nr/ppp1bppp/3p4/4p1N1/3P3P/8/PPP1PPP1/RNBQKB1R b KQkq -,h7h6 g5h3 e5d4 d1d4 g8f6 g2g3 b8c6 d4d1 c6e5 f1g2,-93
5b1k/6p1/7p/pp1P4/1q4Q1/5P2/5P1P/3R2K1 b - -,b4b3 d1d4 b3a3 d4e4 a3c5 e4e8 b5b4 g1g2 b4b3 g4f5,404
2r1r1k1/pp1n1pp1/2p4p/3p4/3PnN2/1N2P2P/PPR2PP1/5RK1 b - -,e4d6 f4d3 e8e7 g2g3 g7g6 f1c1 g8g7 b3c5 d7c5 d3c5,20
r3k2r/pp3ppp/2nb4/3pN3/2pPbP2/2P1B3/PP2B1PP/R4RK1 b kq -,c6e7 e5f3 h7h5 f1e1 h5h4 f3d2 e4f5 a2a4 h8h6 a4a5,-52
r1b1kbnr/pppp1p2/4pqpp/n7/Q1BPP3/2P2N2/PP3PPP/RNB1K2R b KQkq -,a5c4 a4c4 f6d8 d4d5 f8g7 d5e6 f7e6 c1e3 d7d6 a2a4,4
1b3r2/2nq1p1k/p2p1Pp1/1p2p1Pp/4P1bN/P2PB1N1/1P3Q1P/6RK b - -,d6d5 g3f5 d5e4 g1g4 e4d3 g4e4 c7e6 f5e7 b8a7 h4f3,-22
rn1qkbnr/pp2pppp/2p5/3p4/6bP/3P1NP1/PPP1PP2/RNBQKB1R b KQkq -,g8f6 f3e5 g4f5 c1f4 b8d7 b1d2 d7e5 f4e5 f6d7 e2e4,-39
8/1p3KP1/k1p5/p7/2Pb4/1B3R2/P3r3/8 b - -,e2h2 g7g8q h2h8 g8g5 a6b6 f7e6 d4c5 f3f7 a5a4 g5g7,619
8/5p2/5p2/3N1P1k/p5pP/P2n2K1/8/8 b - -,,0
5R2/8/1K3P2/5r2/8/8/8/7k b - -,f5h5 f6f7 h5h6 b6c5 h6h7 c5d6 h1h2 d6e6 h7h6 e6e7,912
r2q1rk1/1p1n2p1/p1p3Qp/2Ppb3/PP3p2/2N1P3/RB3PPP/5RK1 b - -,f4e3 g2g3 e3f2 g1g2 a6a5 g6e6 g8h8 c3d1 f8e8 e6g4,-365
1r4k1/5pbp/Rp4p1/1P1P4/4rp2/5qP1/3Q1P1P/3R1NK1 b - -,g7d4 d2d4 e4d4 d1d4 b8e8 d4d2 h7h5 a6a4 g6g5 a4d4,-128
5b1k/6p1/3q3p/pp1P4/6Q1/5P2/5P1P/R5K1 b - -,d6e7 a1c1 a5a4 c1c8 h8g8 g4e6 e7f7 c8c7 f7e6 d5e6,271
r1bqk2r/3pn1b1/pp2ppp1/2p1n2p/2B1PQ2/2PPB2N/PP2NPPP/R3K2R b KQkq -,b6b5 e1h1 b5c4 d3d4 e5f7 f4g3 d7d5 e2f4 g6g5 f4h5,-439
r1bk4/pp3RP1/4p2B/3pq3/1P6/P2B4/R1P2PP1/1N3K2 b - -,e5g7 h6g7 c8d7 g7f6 d8c7 f6e5 c7d8 b1d2 a8c8 e5f6,1377
1r4k1/p1p4p/Q2pp1p1/2p1q3/4P3/1P6/P1P3PP/5RK1 b - -,e5d4 g1h1 c5c4 h2h3 c4b3 c2b3 d4c5 f1f3 b8f8 f3f8,-30
1rb5/4kp1p/p3pp2/1Nq1n3/7P/8/P2QBPP1/3R2K1 b - -,c8b7 d1c1 c5b6 d2b4 e7d7 c1c7 b6c7 b5c7 d7c7 b4e7,389
8/1p4K1/k1p5/p7/2P5/1B3R2/P3r3/8 b - -,e2d2 f3f8 b7b5 c4b5 c6b5 f8f6 a6b7 b3f7 a5a4 g7g6,20
2r1r1k1/pp1n1p2/2p4p/3p2p1/3Pn3/1N1NP2P/PPR2PP1/5RK1 b - -,e8e7 a2a4 d7b6 f1a1 b6c4 a4a5 h6h5 b3c5 e4c5 d3c5,16
5b1k/6p1/3q3p/1p1P4/p3Q3/5P2/5P1P/R5K1 b - -,d6d8 a1e1 a4a3 e4e8 d8f6 d5d6 f6d6 e8b5 d6g6 g1f1,37
r2qk1nr/ppp3pp/2np4/1Bb1p2b/4Pp2/1PNP1N1P/P1P2PP1/R1BQ1RK1 b kq -,g8e7 c3a4 a7a6 a4c5 d6c5 g2g4 h5g6 b5c4 b7b5 c4e6,-123
1k6/pp4b1/2p3Bp/2qp1P2/8/6p1/PP2Q1P1/1K6 b - -,c5g1 b1c2 g1f2 g6h5 f2f5 c2b3 a7a6 a2a3 f5f2 b3a2,-399
5R2/5P2/1K6/5r2/8/8/6k1/8 b - -,g2g3 f8g8 g3f4 f7f8q f5f8 g8f8 f4e5 b6c6 e5e6 c6c7,824
8/2p5/p5k1/6p1/p2PP1K1/P7/3P4/8 b - -,g2g3 f8g8 g3f4 f7f8q f5f8 g8f8 f4e5 b6c6 e5e6 c6c7,Mate
r1bq1rk1/pp3ppp/2n2n2/3PpN2/8/2P3P1/P1P2PBP/R1BQ1RK1 b - -,c6b8 f5e3 f8e8 a2a4 b8d7 c1a3 e5e4 e3c4 b7b6 c4d6,204
2k1r2r/Qpp1np1p/3p1p2/p2P1q2/P1B5/R6P/1PP2PP1/5RK1 b - -,c8d8 a7b7 h8g8 b7a8 f5c8 a8a5 e7g6 a3g3 f6f5 c4b5,406
r3k2r/pp3ppp/2p1p1b1/3pP3/Nq3BnP/4P3/P3KP2/R2Q1B1R b kq -,b4c4 e2e1 c4b4 e1e2 g4e5 f4e5 b4e4 f2f3 e4e5 d1d4,-48
r1b1kb1r/ppp1np1p/n7/4P1p1/1P1P4/2P1N3/P4BB1/R5KR b kq -,c7c6 a2a4 f8g7 b4b5 a6c7 e3c4 e8h8 c4d6 c7e6 a4a5,-352
6k1/5pp1/5q2/8/2p5/2P2N2/4K3/8 b - -,a6b8 d4d5 b8d7 d5d6 c7d6 e5d6 e7g6 e3c4 f7f6 a1e1,Mate
r3k2r/pp3ppp/3b4/3pP3/2p1bP2/2P1B3/PP2B1PP/R4RK1 b kq -,d5d4 e3d4 d6e7 e2c4 e8h8 f1e1 e4f5 e5e6 f7f6 h2h3,350
8/5p2/7k/5P2/p5KP/P7/8/8 b - -,h6h7 g4g5 h7g7 g5f4 f7f6 f4e4 g7h6 e4d5 h6h5 d5e6,9605
5k2/pp3ppp/2p3B1/2P5/8/1P3P2/P2r2PP/4RK2 b - -,h7g6 e1e2 d2d1 f1f2 d1c1 b3b4 g6g5 f2g3 c1d1 e2b2,-11
r2q1rk1/pp3ppp/2P2n2/4pb2/8/2P3P1/P1P2PBP/R1BQ1RK1 b - -,d8e7 c6b7 a8b8 d1e2 b8b7 c1a3 e7a3 g2b7 e5e4 e2e3,219
8/2K4p/1P4p1/P1P5/8/4P1Pk/7P/8 b - -,d8e7 c6b7 a8b8 d1e2 b8b7 c1a3 e7a3 g2b7 e5e4 e2e3,Mate
8/3rk3/2Rp4/p2Pp1p1/P3PpP1/5Pb1/1r1NK3/R7 b - -,g3h4 e2d1 d7b7 a1c1 b2a2 c6c7 b7c7 c1c7 e7f8 d2c4,59
5b1k/6p1/3q3p/1p1P4/8/p2Q1P2/5P1P/R5K1 b - -,d6b8 a1a3 f8a3 d3a3 b5b4 a3b3 b8b6 b3d1 b6d6 d1d3,12
8/2p5/p6k/5Kp1/p2PP3/P7/3P4/8 b - -,d6b8 a1a3 f8a3 d3a3 b5b4 a3b3 b8b6 b3d1 b6d6 d1d3,Mate
1r2r1k1/pp1n4/2p4p/N2p1pp1/1P1Pn3/3NP2P/P1R2PP1/5RK1 b - -,e4d6 f1c1 e8e7 d3c5 e7g7 a2a4 d7f6 c2b2 b8e8 c5d3,10
5k2/pp3pp1/2p3p1/2P5/8/1P3P2/P2rR1PP/5K2 b - -,d2d1 f1f2 d1c1 b3b4 g6g5 f2g3 c1d1 e2b2 a7a6 f3f4,-12
rnbqkb1r/ppp1pppp/8/3P4/2P1p3/8/PP2PPPP/R1BQKBNR b KQkq -,e7e5 e2e3 a7a5 c1d2 f7f5 g1e2 f8d6 a2a3 e8h8 b2b4,-58
1r4k1/5pbp/Rp4p1/1P1P4/3Q1p2/5qP1/5P1P/3R1NK1 b - -,h7h5 d4d3 f3g4 a6a7 f4g3 h2g3 b8d8 f1e3 g4d7 a7d7,614
rnbq1rk1/pp4pp/1bpP4/4pp2/8/5P2/PPPP1NPP/R1BQKB1R b KQ -,c8e6 f1e2 d8d6 e1h1 c6c5 d2d3 b8c6 c2c3 a8d8 c1g5,-216
5R2/2K2P2/5r2/8/8/8/6k1/8 b - -,g2h3 c7d8 h3h4 f8h8 h4g5 h8g8 f6g6 g8g6 g5g6 d8e7,5883
2r2k2/5ppp/3p4/1Q1P4/1q4b1/3B1P2/6PP/3KR3 b - -,b4f4 d1e2 f4h2 f3g4 h2g2 e2d1 g2g4 e1e2 g4g5 e2e4,-96
r1bqk2r/1p2bppp/p4n2/2Pp4/5P2/2N2N2/PPP1Q1PP/R1B1K2R b KQkq -,d5d4 c3e4 e8h8 e1h1 f8e8 e4f6 e7f6 f3e5 d8d5 e2f2,-81
r1b1kb1r/pppnqppp/8/3pP3/4n3/2P2N2/PP1NQPPP/R1B1KB1R b KQkq -,d7c5 e2e3 c7c6 f1e2 g7g6 e1h1 f8g7 c3c4 e8h8 c4d5,9
6k1/7p/5pp1/4p3/8/3P2P1/1R2PPKP/4r3 b - -,g8g7 h2h4 h7h5 b2b7 g7h6 g2f3 g6g5 h4g5 h6g5 b7b4,71
r1b2rk1/1pNn1q2/3p3p/3P1pp1/1PP5/4PpP1/1Q5P/2R1RBK1 b - -,a8a6 c7a6 b7a6 c4c5 d7f6 c5d6 f6g4 c1c2 f3f2 c2f2,125
rn1qk2r/pp1nbppp/4p3/3pP3/P2P4/5N2/1P3PPP/RNBQK2R b KQkq -,b8c6 e1h1 e8h8 b1c3 d8b6 c3e2 a8c8 c1d2 c8c7 h2h4,-11
r2qkbnr/pp1n1ppp/2p5/3pp3/6bP/1P1P2P1/P1P1PP1N/RNBQKB1R b KQkq -,g4e6 b1d2 f8b4 c1b2 g8h6 a2a3 b4d6 e2e4 e8h8 f1g2,-83
1k6/pp4b1/2p3Bp/3p1P2/3q4/6p1/PP2Q1P1/2K5 b - -,a7a5 a2a3 d4g1 c1c2 a5a4 g6h5 g7f6 h5f3 b8c7 e2d2,-440
6k1/5pp1/8/8/2p5/2q5/4K3/4N3 b - -,b8c7 g6h5 d4f4 c1c2 f4f5 c2b3 g7f6 h5f3 f5f4 a2a3,Mate
6k1/p3r1p1/1pq1p1bp/3pN3/3P4/2P5/PP1Q2PP/5RK1 b - -,c6d6 e5g6 e7f7 f1e1 f7f5 d2e3 d6d7 g6e5 d7e7 e5f3,565
r1bqk2r/1p2bpp1/2n1pn1p/2pp4/p3P2P/P2P1NP1/1PPN1PB1/R1BQR1K1 b kq -,e8h8 c2c3 f6g4 e4d5 e6d5 d2f1 c8e6 c1f4 d8b6 a1b1,-42
2k1r2r/Qp2np1p/2pp1p2/p2P1q2/P1B5/1R5P/1PP2PP1/5RK1 b - -,c8d7 e4e5 f6g4 g2h3 h6h5 d2f1 f7f5 e5f6 g7f6 c2c3,Mate
8/5p2/r5p1/P2k2Pp/5R1P/3K4/5P2/8 b - -,a6a5 f4f7 a5a4 f7f6 a4h4 f6g6 d5e5 g6f6 h4d4 d3e2,1
r2q1rk1/p4ppp/2p2n2/4pb2/8/B1P3P1/P1P2PBP/R2Q1RK1 b - -,d8c7 a3d6 c7a5 d6f8 a8f8 d1d6 f5c2 f1c1 c2g6 d6c6,196
8/2k5/8/1B3K2/4N3/8/8/8 b - -,c7b6 b5c4 b6a5 f5e5 a5a4 e5d4 a4b4 e4d2 b4a3 d4c3,190
5b1k/6p1/7p/2qP4/1p6/pQ3P2/R4P1P/6K1 b - -,,0
5R2/3K1P2/5r2/8/8/5k2/8/8 b - -,f3f4 d7e7 f4f5 f8h8 f6f7 e7f7 f5e5 h8d8 e5f5 d8f8,5309
6k1/pp4pp/2p3n1/2Pp4/P2P1p2/1PQq1N1P/4rPP1/4B1K1 b - -,d3c3 e1c3 e2c2 c3e1 g6f8 h3h4 f8e6 g1f1 c2b2 b3b4,-439
1r2r1k1/pp6/1np4p/N1Rp1pp1/1P1P4/4P2P/P4PP1/5RK1 b - -,a7a6 c5c1 e8e7 f1d1 b8e8 g1f1 b6c8 a5b3 c8d6 b3c5,-21
8/8/5p1k/5P1P/p5K1/P7/8/8 b - -,,0
8/4bpk1/6p1/5r2/1Pp1N2p/5P1P/1P3RK1/8 b - -,f5b5 f2c2 b5b4 e4d2 e7d6 d2c4 d6f4 g2f2 b4a4 f2g2,-31
N1b2rk1/1p3q2/3p3p/3Pnpp1/1PP5/4PpP1/1Q5P/2R1RBK1 b - -,f7e8 a8c7 e8e7 c7e6 c8e6 d5e6 e5g4 c1c2 e7e6 b2d4,303
5k2/pp3pp1/2p3p1/2P5/8/1P3P2/P5PP/3rRK2 b - -,d1d5 b3b4 g6g5 f1e2 f8e7 e1d1 d5d1 e2d1 e7e6 d1d2,-17
6k1/1R5p/5pp1/4p3/8/3P1KP1/4PP1P/4r3 b - -,h7h5 b7d7 e1g1 h2h4 g8f8 f3e3 g1e1 d7a7 e1f1 e3f3,69
r1bqk2r/pppp1pp1/2n5/2b1p2p/2B1P1n1/2NP1N2/PPP2PPP/R1B1QRK1 b kq -,c6d4 f3d4 c5d4 c1e3 e8h8 e3d4 e5d4 c3e2 d7d5 c4d5,98
8/Q7/4pqk1/3p1pp1/1p5R/2P5/1K4R1/8 b - -,f6c3 b2a2 b4b3 a2b1 c3e1 b1b2 e1h4 g2e2 h4h8 b2b3,40
8/8/5p1k/5P1P/p3K3/P7/8/8 b - -,h6g5 e4d3 g5h5 d3c4 h5g5 c4b5 g5f5 b5a4 f5g4 a4b4,Mate
1rb1r1k1/5ppp/1q1p1n2/ppnP4/2p1P3/P4PN1/1PBQ2PP/R2N1R1K b - -,b6d8 g3e2 d8b6 d1e3 f6d7 e2d4 d7e5 a3a4 c5a4 c2a4,58
8/6K1/k1p2R2/pp6/2P5/1B6/P3r3/8 b - -,a6b6 c4b5 b6b5 f6f4 e2e3 g7f6 e3c3 f6e7 b5b6 e7d6,214
r1bqk2r/ppp1bppp/2n1pn2/1B1p4/3P4/N1P1P2N/PP3PPP/R1BQK2R b KQkq -,a7a6 b5c6 b7c6 e1h1 c6c5 h3f4 e8h8 b2b3 c5d4 c3d4,-78
1r2r1k1/pp1n4/2p4p/N2p1pp1/1P1P4/2R1P2P/P4PP1/5RK1 b - -,d7f6 c3c2 f6e4 a2a4 a7a6 a5b3 e8e7 b3c5 e4d6 g2g4,-2
rnbqk2r/ppp3pp/4pn2/5pB1/3Pp3/P1N2P2/1PP3PP/R2QKB1R b KQkq -,d8e7 f3e4 h7h6 g5h4 g7g5 h4f2 f5e4 f1e2 b7b6 f2g3,137
5R2/4KP2/5r2/8/4k3/8/8/8 b - -,f6a6 f8e8 e4e5 e7d7 e5d5 f7f8q a6a7 d7d8 a7a8 d8e7,5887
6n1/6p1/7k/6Rp/4KP2/r2N2PP/8/8 b - -,a3a6 e4e3 g8f6 g5b5 a6a3 b5b6 h6g6 b6e6 g6f5 e6d6,8
1kbr1b2/1pq2pp1/p2pp2r/4nPN1/4P2P/2N4B/PPPQ4/K4R1R b - -,d8e8 d2g2 c7d8 f5e6 f7e6 c3e2 e5c4 f1f3 d8a5 g2g3,-91
5k2/pp3pp1/2p3p1/2Pr4/1P6/5P2/P5PP/4RK2 b - -,g6g5 f1f2 f7f6 e1e3 a7a5 e3b3 a5b4 b3b4 d5c5 b4b7,-12
rnb1k1nr/pp3ppp/2p3q1/2b1P3/7K/8/PPP3PP/RNBQ1BNR b kq -,g6g5 f1f2 f7f6 e1e3 a7a5 e3b3 a5b4 b3b4 d5c5 b4b7,Mate
r1bqk2Q/pppn1p2/4rn2/4PNB1/2p2P2/6RP/P5P1/6K1 b - -,,0
r3k2r/1pp2pp1/1p1p1q1p/4p2b/2BnP3/3PRN1P/PPP2PP1/R2Q2K1 b kq -,d4f3 g2f3 e8h8 g1g2 g8h8 d1h1 f6g5 g2f1 f7f5 h1g2,-223
1r2r1k1/1p1n4/p1p4p/3p1pp1/1P1P4/1NR1P2P/P4PP1/5RK1 b - -,,0
8/5k1p/5pp1/4p3/5P2/3P2P1/1R2P1KP/4r3 b - -,h7h5 f4e5 f6e5 g2f3 f7e6 f3e4 e6f6 e2e3 f6g7 b2b5,231
8/Q7/4p1k1/3p1pp1/1p5R/2q5/K5R1/8 b - -,f5f4 a7h7 g6f6 h7h8 f6f5 g2g5 f5e4 h4f4 e4f4 h8h4,3254
6k1/5pp1/8/8/2p5/8/1q6/3KN3 b - -,f5f4 a7h7 g6f6 h7h8 f6f5 g2g5 f5e4 h4f4 e4f4 h8h4,Mate
8/4k3/5pK1/3p4/3P4/8/5P2/8 b - -,f5f4 a7h7 g6f6 h7h8 f6f5 g2g5 f5e4 h4f4 e4f4 h8h4,Mate
rn1qk1nr/pp2ppbp/2pp2p1/8/2PP4/5BP1/PPQ1PP1P/RNB1K2R b KQkq -,g7d4 e1h1 d4g7 b1c3 b8d7 f3g2 g8f6 b2b4 e8h8 f1d1,-65
3r1rk1/pbp1qp1P/1p3np1/6Q1/4p3/2N2P2/PPP1B3/2KR3R b - -,g8h8 d1e1 e4e3 h1h3 f8e8 f3f4 f6d5 c3d5 e7g5 f4g5,-126
6k1/5pp1/8/8/8/2p5/1qN5/3K4 b - -,g8h8 d1e1 e4e3 h1h3 f8e8 f3f4 f6d5 c3d5 e7g5 f4g5,Mate
r1bq1rk1/4bpp1/p1np1n1p/1pp1p3/3PP3/2P2N2/PPB2PPP/R1BQRNK1 b - -,f8e8 d4d5 c6a5 b2b3 f6h7 d1e2 h7g5 f3d2 g5h7 f1e3,102
1r1q1rk1/4ppbp/2np1np1/2p5/pp2PPP1/2PPB2P/PP1QB3/R2N1RK1 b - -,a4a3 c3b4 a3b2 a1b1 c6b4 b1b2 d8a5 d1c3 f6d7 e2f3,-92
r1bq1rk1/1p2bpp1/2n1pn1p/2ppP3/p6P/P2P1NP1/1PPN1PB1/R1BQR1K1 b - -,f6h5 f3h2 g7g6 d2f3 g8h7 d1d2 f8h8 d2h6 h7g8 h6d2,188
1r3rk1/1p1n4/p1p4p/3p1pp1/1P1P4/PNR1P2P/5PP1/5RK1 b - -,f8f7 b3c5 d7b6 g2g3 b6c4 a3a4 b8a8 f1b1 c4d2 b1d1,7
1r1q1rk1/p5bp/b2pp3/2p2n2/1p3P2/2PP3P/PP1BQ1B1/R2N1RK1 b - -,f8f6 g1h2 f6g6 d2e1 d6d5 a1c1 b4c3 b2c3 d8d6 h2h1,-217
8/p1p2kpp/8/8/6q1/PP1p4/3PN2P/R1BKb3 b - -,f8f6 g1h2 f6g6 d2e1 d6d5 a1c1 b4c3 b2c3 d8d6 h2h1,Mate
7k/2p5/p7/6p1/p2PP3/6K1/P2P4/8 b - -,a4a3 g3g4 h8g8 g4g5 g8g7 g5f5 g7f7 f5e5 f7e7 e5d5,938
r3kb1r/pp1bnppp/2n1p3/q2PP1B1/3p4/1P3N2/P2N1PPP/R2QKB1R b KQkq -,e7d5 a2a3 h7h6 b3b4 a5c7 g5h4 a7a5 b4a5 c6e5 f3d4,-330
r1b2rk1/ppq2ppp/2n2n2/3N4/1bB5/8/PB3PPP/R2Q1KNR b - -,f6d5 c4d5 f8d8 d1h5 c7f4 g2g3 f4f5 h5f5 c8f5 d5f3,-303
r1bqkn1Q/ppp2p2/4rB2/4PN2/2p2P2/6RP/P5P1/6K1 b - -,,0
2r2rk1/pp3ppp/1n2qn2/2b2p2/1PP2B2/P1N5/2Q1BPPP/3R1RK1 b - -,c5f2 f1f2 b6c4 c2b3 f8e8 c3d5 b7b5 d5f6 e6f6 b3f3,280
r2qkbnr/ppp3pp/3p4/4pb2/QnPP4/2N2N2/PP3PPP/R1B1KB1R b KQkq -,f5d7 a4b4 e5d4 c3d5 c7c6 c1g5 g8f6 d5f6 g7f6 g5f4,384
3rk1Q1/Rb3p2/3p4/4pr1p/1q6/7P/6P1/1R5K b - -,e8d7 a7b7 b4b7 b1b7 d7c6 g8d8 f5f1 h1h2 c6b7 d8d7,708
r3k2r/1pp2pp1/1p1p1q1p/4p2b/2B1P3/3PRP1P/PPP2P2/R2Q2K1 b kq -,e8h8 g1g2 g8h8 d1h1 f6g5 g2f1 f7f5 h1g2 g5e7 e4f5,-215
rn1qk2r/1p1nbppp/4p3/p2pP3/P2P4/5N2/1P3PPP/RNBQ1RK1 b kq -,e8h8 b1a3 b8c6 f1e1 e7b4 c1d2 b4d2 d1d2 h7h6 a3b5,17
8/Q7/4p1k1/3p1pp1/7R/1pq5/6R1/1K6 b - -,c3e1 b1b2 e1h4 g2e2 h4h8 b2b3 h8c8 b3b2 c8c6 a7b8,10
rn2kb1r/1b1p2pp/1q2pn2/2p5/4P3/2N5/PPQB1PPP/R3KBNR b KQkq -,b8c6 g1f3 c6d4 c2d1 f6e4 f3d4 c5d4 c3e4 b7e4 f1c4,-147
rn1qk1nr/pp2ppbp/2pp2p1/8/2PP2b1/5NP1/PPQ1PPBP/RNB1K2R b KQkq -,g4f3 e2f3 g7d4 b1c3 c6c5 e1h1 b8c6 f1d1 h7h5 c3b5,-38
r1bq1rk1/4bpp1/p1np1n1p/1p2p3/3PP3/5N2/PPB2PPP/R1BQRNK1 b - -,c8g4 d4e5 g4f3 g2f3 d6e5 c1e3 f6h5 f1g3 h5f4 g3f5,-50
8/8/4kpK1/3p4/3P1P2/8/8/8 b - -,d8c7 c1e3 c8g4 d4d5 c6b4 c2b3 a6a5 a1c1 c7b7 f1g3,Mate
rnbq1rk1/p4ppp/3p1n2/b1pP4/1P2P3/2N2PN1/1P4PP/R1BQKB1R b KQ -,a5c7 b4c5 d6c5 f1e2 c7e5 e1h1 f8e8 d1c2 b8d7 g1h1,282
r4rk1/pbq2ppp/1pnbpn2/2PpN3/5P2/1P1BP3/PBPN2PP/R2Q1RK1 b - -,c6e5 c5d6 e5d3 d6c7 d3b2 d1c1 a8c8 c1b2 c8c7 c2c3,492
3K4/8/PPP3p1/7p/8/4P1k1/8/8 b - -,c6e5 c5d6 e5d3 d6c7 d3b2 d1c1 a8c8 c1b2 c8c7 c2c3,Mate
1r3r2/1p1n2k1/p1p4p/3p1pp1/1P1P4/PNR1P2P/5PP1/1R4K1 b - -,f8f7 b3c5 d7b6 a3a4 b8e8 g2g3 b6c4 b4b5 c6b5 a4b5,3
r1b1kb1r/pp2np1p/n1p5/4P1p1/PP1P4/2P1N3/5BB1/R5KR b kq -,a6c7 e3c4 e7g6 c4d6 f8d6 e5d6 c7d5 b4b5 c8d7 a4a5,-354
3r4/1p4kp/pn1qp1p1/4p2P/4P1Q1/1P4PB/P4PK1/2R5 b - -,b6c8 h5g6 h7g6 g4e6 c8a7 e6d6 d8d6 c1c7 g7f6 h3d7,299
8/5k2/8/3p4/8/8/8/7K b - -,b6c8 h5g6 h7g6 g4e6 c8a7 e6d6 d8d6 c1c7 g7f6 h3d7,Mate
r2k1b1r/3n1ppp/1p2pn2/1B1p4/3P1B2/4PN2/PP2KPPP/R6R b - -,d8e7 a2a4 f6e8 h1c1 f7f6 h2h4 h8g8 g2g4 a8a7 c1c8,411
N1b2rk1/1p3q2/3p3p/3P1pp1/1PP3n1/4PpP1/1QR4P/4RBK1 b - -,f8e8 c2f2 g4f2 b2f2 f5f4 a8b6 f4g3 h2g3 g5g4 c4c5,331
8/5kpp/8/3R4/3prP2/4p1P1/4K2P/8 b - -,f7e7 e2f1 h7h5 f1e1 h5h4 e1e2 g7g6 f4f5 g6f5 d5f5,-267
r1bqkb1r/pp1p1ppp/2n1pn2/8/4P3/2N3P1/PPPQ1P1P/R1B1KBNR b KQkq -,d7d5 e4d5 e6d5 f1g2 d5d4 c3e2 f8c5 g1f3 e8h8 e1h1,-73
r2qk2r/ppp1n1pp/2np4/1Bb1p2b/4Pp2/1PNP1N1P/PBP2PP1/R2Q1RK1 b kq -,c5d4 g1h2 a7a6 b5c6 e7c6 g2g4 h5f7 f3d4 c6d4 c3d5,-123
4B3/8/1k6/5K2/4N3/8/8/8 b - -,b6a5 f5e5 a5b4 e8f7 b4a3 e5d4 a3b2 e4c5 b2c1 c5e6,181
6k1/5pp1/8/8/8/2p5/2N1K3/1q6 b - -,b6a5 f5e5 a5b4 e8f7 b4a3 e5d4 a3b2 e4c5 b2c1 c5e6,Mate
1r3r2/1p1n4/p1p3kp/2Np1pp1/1P1P4/P1R1P2P/5PP1/1R4K1 b - -,d7b6 f2f4 f8e8 b1f1 b6c4 c5d7 c4d2 f1d1 d2e4 c3c2,7
rnbqkb1r/pp1pp1pp/5B2/2p2p2/8/1P2P3/P1PP1PPP/RN1QKBNR b KQkq -,e7f6 g1h3 g7g6 h3f4 b8c6 f4d5 b7b6 g2g3 c8b7 f1g2,96
8/Q7/4p1k1/3p1pp1/7R/1p6/1K4R1/4q3 b - -,e1h4 g2e2 h4h8 b2b3 h8c8 a7d4 f5f4 b3b2 c8a6 e2e5,15
8/6K1/8/kpR5/p1P5/1B6/P3r3/8 b - -,e2h2 c5b5 a5a6 g7f7 a4b3 a2b3 h2e2 f7f6 a6a7 f6f5,447
r1b2rk1/ppq2ppp/2n5/3Q4/1bB5/8/PB3PPP/R4KNR b - -,f8e8 g1f3 c8e6 d5e4 a8d8 c4e6 e8e6 e4c4 c7b6 g2g4,-355
8/5k1p/5pp1/8/5P2/3P4/1R2P1KP/4r3 b - -,f7e6 g2f3 e1f1 f3g3 f1g1 g3f2 g1h1 b2b6 e6f5 f2f3,46
8/p1p2kpp/8/2b5/8/2Np4/PP1P1PqP/R1BKR3 b - -,f7e6 g2f3 e1f1 f3g3 f1g1 g3f2 g1h1 b2b6 e6f5 f2f3,Mate
8/6K1/k1R5/1p6/p1P5/1B6/P3r3/8 b - -,a6a5 c6c5 a4b3 c5b5 a5a6 a2b3 e2f2 g7g6 f2f3 g6g5,236
1r6/1p1n1r2/p1p3kp/2Np1pp1/1P1P4/P1R1P2P/5PP1/1R3K2 b - -,,0
r4rk1/pbq2ppp/1pN1pn2/2bp4/5P2/1P1BP3/PBPN2PP/R2Q1RK1 b - -,f8e8 c6d4 e6e5 f4e5 c7e5 f1f3 b7c8 h2h3 g7g5 f3f6,405
3r2Q1/1R2kp2/3p4/4pr1p/1q6/7P/6P1/1R5K b - -,d8d7 b7b4 e7f6 g8h8 f6g6 b4b8 f5f4 b8g8 g6f5 h8h6,Mate
8/4k3/5pK1/3p1P2/3P4/8/8/8 b - -,d8d7 b7b4 e7f6 g8h8 f6g6 b4b8 f5f4 b8g8 g6f5 h8h6,Mate
r1bqk2r/pp1p1ppp/2n1pn2/2b5/4P3/2N3P1/PPPQ1PBP/R1B1K1NR b KQkq -,e8h8 g1e2 d7d5 e1h1 f8e8 b2b3 c5b4 a2a3 f6e4 g2e4,-55
r1bqk2r/pp3ppp/2np1n2/2b1p3/8/2N1PNB1/PPP2PPP/R2QKB1R b KQkq -,c5b4 f3d2 e8h8 f1e2 c8e6 e1h1 a8c8 g3h4 d6d5 e3e4,-67
8/6p1/4k2p/R7/3prP2/4p1P1/4K2P/8 b - -,d4d3 e2e1 e3e2 a5a1 e6f5 h2h3 e4e3 e1d2 f5e4 h3h4,-632
r2qkb1r/1ppb1ppp/p1n1p3/8/B2PP3/2PQ4/P4PPP/R1B1K1NR b KQkq -,c6a5 a4d7 d8d7 g1f3 f8e7 f3e5 d7b5 a1b1 b5d3 e5d3,18
1r6/1p3r2/pnp3kp/3p1pp1/1P1P4/P1RNP2P/5PP1/1R3K2 b - -,,0
r4rk1/ppq2ppp/2n1b3/8/1bB1Q3/8/PB3PPP/R4KNR b - -,f8e8 g1f3 a8d8 c4e6 e8e6 e4c4 c7b6 g2g3 b4c5 f1g2,-355
2rr2k1/4ppbp/b2p1np1/p1q5/4PP2/P1NBRN1P/1P1Q1KP1/1R6 b - -,a6d3 d2d3 e7e5 g2g3 g7h6 f2g2 e5f4 e3e2 f4g3 c3d5,-271
r1bq1rk1/pp1p1ppp/2n1pn2/2b5/4P3/2N3P1/PPPQNPBP/R1B1K2R b KQ -,f8e8 h2h3 d7d5 e1h1 a7a5 e2f4 d5d4 c3b5 e6e5 f4d3,-66
r1b2rk1/ppqn1ppp/4pn2/1B6/1b2P3/1NN5/PP1B1PPP/2RQ1RK1 b - -,c7d6 a2a3 b4c5 d1e2 b7b6 b3c5 b6c5 f1d1 a7a6 d2g5,153
r2q1rk1/pp2ppbp/6p1/n7/3pP1P1/2PBB3/P3N1PP/R2Q1RK1 b - -,d4e3 g2g3 a8c8 a1c1 e7e6 g1g2 a5c6 e2f4 d8a5 d1b3,-311
r2qkbnr/ppp3pp/2np4/3Ppb2/Q1P5/2N2N2/PP3PPP/R1B1KB1R b KQkq -,d8d7 d5c6 d7c6 a4c6 b7c6 f1e2 f8e7 e1h1 g8f6 c1e3,384
rn1q1rk1/pp1n2p1/4pp1p/1BbpP3/5B2/2N2Q1P/PPP2PP1/R4RK1 b - -,f6e5 f3g4 e5f4 g4e6 g8h8 a1d1 d7f6 c3d5 f6d5 d1d5,-257
8/5pk1/6p1/5r2/1bp1N2p/5P1P/1PR3K1/8 b - -,b4a5 c2c4 f5b5 c4c2 a5b6 g2f1 b5a5 c2c6 b6a7 c6d6,-35
1r6/1p3r2/p1p3kp/3p1pp1/1PnP4/P1RNP2P/4KPP1/1R6 b - -,f5f4 c3c4 d5c4 d3e5 g6f6 e5f7 f6f7 e2d2 b8e8 b1e1,-7
7R/3rk3/3p4/p2Pp1p1/P3PpP1/5Pb1/1r1NK3/2R5 b - -,d7b7 h8h7 e7d8 h7b7 b2b7 c1c6 b7b2 c6d6 d8c7 d6c6,315
r4rk1/pbq2ppp/1pN1pn2/3p4/5P2/1P1Bb3/PBPN2PP/R2Q1R1K b - -,b7c6 b2f6 e3f4 d1g4 f4h6 g4h5 c6b5 d3b5 h6d2 f6g7,374
1rbq1rk1/4ppbp/p1np2p1/1pp2PB1/2PnP3/1PNP2PP/P3N1BK/1R1Q1R2 b - -,b5c4 d3c4 d4e2 c3e2 a6a5 a2a4 c8b7 d1d2 g7e5 g5h6,-25
5Q2/2P5/8/4N3/8/8/5PP1/k5K1 b - -,c8b7 c3d5 d4e2 d1e2 c6d4 e2g4 b7d5 c4d5 g7e5 g5h6,Mate
r2qk2r/1ppbbppp/p1n1p3/4P3/B2P4/2PQ4/P4PPP/R1B1K1NR b KQkq -,c6e5 a4d7 d8d7 d3e4 d7c6 e4c6 e5c6 f2f4 f7f6 g1f3,-199
r4rk1/ppq2ppp/2n5/8/1bQ5/8/PB3PPP/R4KNR b - -,c7b6 g1f3 b4c5 c4c3 f7f6 g2g3 c5f2 f1g2 a8c8 c3c4,-258
5rk1/1RR2p1p/1p4p1/1Pb5/5P2/6K1/3r1P1P/8 b - -,c5f2 g3h3 f2g1 f4f5 d2h2 h3g3 h2h5 f5g6 h7g6 c7c1,-600
8/6p1/5n1k/4K1R1/r4PP1/3N4/8/8 b - -,,0
r3k2r/pp3ppp/2nqpn2/3p4/3P2b1/2N2N2/PPP1BPPP/R2QR1K1 b kq -,e8h8 a2a3 d6c7 f3e5 g4e2 e1e2 f8c8 e5c6 c7c6 c3a2,-21
r1bqk2r/5p2/p3p3/1p1N1Pbp/8/4Q3/PPP1B1PP/2KR3R b - -,g5e3 d5e3 d8b6 d1d3 e6f5 e3d5 b6h6 c1b1 c8e6 h1d1,-428
r2qk2r/1p1nbppp/n3p3/p2pP3/P2P4/2N2N2/1P3PPP/R1BQ1RK1 b kq -,e8h8 f3e1 d8b6 d1g4 f7f5 g4d1 f8c8 c3e2 c8c4 g2g3,27
5k2/pp3ppp/8/2q5/1Qn2B2/P7/5PPP/4R1K1 b - -,b7b6 b4c4 g7g5 c4c5 b6c5 f4g5 f7f6 g5f6 f8f7 f6c3,1091
4r3/1p3r2/p1p3kp/3p1pp1/1PnP4/P1RNP2P/4KPP1/2R5 b - -,f7f6 c3c4 d5c4 c1c4 f5f4 a3a4 g6g7 d3e5 f6d6 c4c1,-26
2R5/6pk/7p/p3pp2/7P/1P1P2PK/r1P2P2/7Q b - -,f7f6 c3c4 d5c4 c1c4 f5f4 a3a4 g6g7 d3e5 f6d6 c4c1,Mate
B3k3/2q4p/p4Rp1/1p2p3/8/2P1B3/P1PR2PP/6K1 b - -,e5e4 a8c6 e8e7 f6f1 c7e5 g1h1 g6g5 d2d1 h7h5 c6e4,820
rnb1k1nr/pp3ppp/2p3q1/2b1P3/8/5K2/PPP3PP/RNBQ1BNR b kq -,e5e4 a8c6 e8e7 f6f1 c7e5 g1h1 g6g5 d2d1 h7h5 c6e4,Mate
8/4KP2/8/4k1R1/8/8/8/5r2 b - -,e5e4 g5g4 e4d3 g4g6 d3d2 g6f6 f1e1 e7d7 e1a1 f6d6,Mate
8/6p1/4k2p/R7/4KP2/6P1/4p2P/8 b - -,e2e1q e4f3 e1a5 h2h4 a5c3 f3e4 c3g3 f4f5 e6f6 h4h5,-894
r1b2rk1/1pNn1q2/3p3p/3P1pp1/1PP1p3/4P1P1/1Q3P1P/2R1RBK1 b - -,a8a6 c7a6 d7e5 f2f4 e5f3 g1h1 f3e1 c1e1 b7a6 e1c1,241
rn1qk2r/1p1nbppp/4p3/p2pP3/P2P4/5N2/1P2NPPP/R1BQ1RK1 b kq -,b8c6 e2c3 e8h8 f1e1 e7b4 c1d2 d8b6 c3b5 b4d2 d1d2,20
2R4R/3r4/3p1k2/p2Pp1p1/P3PpP1/5Pb1/1r1NK3/8 b - -,d7b7 e2d1 b2a2 h8h6 f6g7 h6d6 a2a1 c8c1 a1a4 d2c4,135
r2qkb1r/pp3ppp/2n1pn2/3p2B1/3P4/P1N2Q1P/1PP2PP1/R3KB1R b KQkq -,c6d4 f3d3 d4c6 e1a1 f8e7 f2f4 h7h6 g5h4 e8h8 f4f5,-133
8/6p1/4k2p/R7/4rP2/3Kp1P1/7P/8 b - -,g7g5 d3e4 e3e2 a5a1 g5f4 e4f4 e6d5 a1e1 d5d4 e1e2,816
4r3/1p3r2/p1p3kp/3p2p1/1PRP1p2/P2NP2P/4KPP1/2R5 b - -,,0
r1bqk2r/5p2/p3p3/1p3P1p/8/4N3/PPP1B1PP/2KR3R b - -,d8g5 d1d3 e6f5 e2f3 a8a7 c1b1 e8f8 e3d5 g5h6 f3h5,-460
r2qk2r/ppp2ppp/2nbpn2/3pN3/2PP1Bb1/1Q2P3/PP3PPP/RN2KB1R b KQkq -,,0
1k6/1p1r1p2/1RR1p1p1/7p/3P4/1P3P2/r5PP/3NK3 b - -,a2g2 b6b4 g2h2 d1f2 h5h4 f3f4 h2g2 c6c3 d7d5 c3h3,123
r2q1Bk1/pp3ppp/2n2n2/3ppb2/4P3/2P3P1/P1P2PBP/R2Q1RK1 b - -,f5e4 f2f3 d8b6 g1h1 e4g6 f8a3 h7h6 a3c1 b6c5 d1e1,-96
r2qk2r/1p1nbppp/n3p3/p2pP3/P2P4/3Q1N2/1P2NPPP/R1B2RK1 b kq -,a6b4 d3d1 b4c6 g2g3 a8c8 h2h4 e8h8 g1g2 d8b6 h4h5,23
r1bq1rk1/pp3ppp/2nppn2/2b5/4P3/2N3P1/PPPQNPBP/R1B2RK1 b - -,a7a6 b2b3 a8b8 a2a4 b7b5 a4b5 a6b5 c1b2 c6e5 e2f4,-32
r4rk1/p1q2ppp/1pb1pB2/3p4/5P2/1P1Bb3/P1PN2PP/R2Q1R1K b - -,f8c8 d3h7 g8f8 f6e5 c7b7 d2f3 d5d4 f4f5 e6f5 e5d6,457
rn1qkb1r/pp1n1pp1/4p2p/2PpP2b/8/2N2N1P/PPP1BPP1/R1BQ1RK1 b kq -,b8c6 f3d4 h5e2 c3e2 f8c5 f2f4 e8h8 c1e3 f7f6 d4e6,-16
r3k2r/1pp2pp1/1p1p3p/4p2b/2B1P2q/3PRP1P/PPP1QP2/R5K1 b kq -,h4h3 e2f1 h3f1 g1f1 e8e7 a1d1 f7f6 c4d5 h5e8 d3d4,-186
N1b2rk1/1p3q2/3p3p/3Pnpp1/1PP1p3/4P1P1/1Q3P1P/2R1RBK1 b - -,e5f3 g1h1 f7h5 h2h4 g5h4 g3g4 f5g4 c4c5 g4g3 b2e2,-346
4r3/1p3r2/p1p3kp/4N1p1/1PpP1p2/P3P2P/4KPP1/2R5 b - -,,0
r1b3k1/pp3qpp/2n1p3/3p4/3P1n1B/3B1P2/PPQ2P2/2R2RK1 b - -,e6e5 h4g3 f4h3 g1g2 h3g5 d3h7 g5h7 f1h1 h7g5 c2d1,-420
2kr1b1r/ppp2Qpp/8/4p3/4q3/3P4/PP3P1P/RNBK1R2 b - -,e4d3 c1d2 d3f1 d1c2 f1d3 c2d1 f8b4 f7h5 b4d2 h5e2,-705
3Qr3/p1p2kpp/b4n2/1Bb5/3p4/8/PP1P1PPP/RNB2K1R b - -,f8e7 b1d2 e4d3 f1e1 e7g5 e1e2 g5f4 d1e1 d8d5 f7g7,Mate
1rbq1r2/2n1ppkp/3p1np1/p1p5/1p2PP2/2PPN1PP/PP1QN1B1/R4RK1 b - -,g7h8 f1f2 b4c3 b2c3 c8b7 f4f5 d6d5 e4e5 d5d4 c3d4,77
r2qk2r/1pp3pp/p1np4/2bNp2b/4Pp2/1P1P1N1P/PBP2PP1/R2Q1RK1 b kq -,c6d4 b2d4 c5d4 c2c3 d4a7 d3d4 a6a5 d4e5 d6e5 d1e2,-129
rnb1k2r/pp2qp1p/2p2n2/1B1N4/3P1B2/5Q2/PPP3PP/5RK1 b kq -,f6d5 f3d5 h8g8 b5a4 c8e6 d5a5 b8d7 f4g3 e7d8 a5b4,-358
r1bqkb1r/1pp2ppp/p1n1pn2/3p4/2PP1P2/4PN2/PP1N2PP/R1BQKB1R b KQkq -,f6g4 d2b1 c6e7 f3g5 g4f6 b1c3 g7g6 f1d3 d5c4 d3c4,-14
8/6p1/4k2p/8/4rP2/3K2P1/4p2P/R7 b - -,e2e1q a1e1 e4e1 g3g4 e6d5 f4f5 d5e5 d3d2 e1a1 d2d3,-889
8/1p3r2/p1p3kp/4P1p1/1Pp2p2/P3P2P/4KPP1/2R5 b - -,,0
5QR1/4K3/8/4k3/8/8/8/5r2 b - -,b7b5 c1d1 g6f5 d1d6 f5e5 d6h6 f4e3 f2e3 f7c7 h6h5,Mate
rnbqkb1r/pp1p2pp/5p2/2p2p2/8/1P2P2N/P1PP1PPP/RN1QKB1R b KQkq -,b8c6 h3f4 g7g6 f4d5 b7b6 h2h4 h7h5 g2g3 c8b7 f1g2,95
r1b1k2r/ppppqppp/2n2B2/2bQ4/2B1P3/2p2N2/PP3PPP/RN2K2R b KQkq -,c5f2 e1f2 e7f6 b1c3 d7d6 c4b5 e8h8 b5c6 b7c6 d5d2,312
8/1k6/8/8/8/PK6/P7/8 b - -,,0
1b6/1p2B3/p7/5k1p/1P3Np1/P3K1P1/b6P/8 b - -,a2f7 f4d3 f7e8 e7d8 b8d6 d3c5 e8c6 c5d3 d6f8 d8c7,-34
8/7p/pBp1kp2/2p5/1PPb1p2/5P1P/P3KP2/8 b - -,,0
N1b2rk1/1p3q2/3p3p/3P1pp1/1PP1p3/4PnP1/1Q3P1P/2R1RB1K b - -,f7h5 h2h3 f5f4 h3h4 c8g4 c1c2 f3e1 f1g2 f4e3 h1g1,-562
r2qk2r/ppp2ppp/2np1n2/2b5/2BNP1b1/2N1BP2/PPP3PP/R2QK2R b KQkq -,c6d4 e3d4 g4e6 c4e6 f7e6 d4c5 d6c5 d1e2 e8h8 a1d1,77
r1b1k2r/5p2/p3p3/1p3Pqp/8/4N3/PPPRB1PP/2K4R b - -,g5e3 h1d1 e6f5 e2f3 a8a7 c1b1 e8f8 d2d3 e3b6 d3d6,-551
r2q1rk1/pp2bpp1/2p1p1p1/4B3/3P4/P1Q4P/1PP2PP1/3R1RK1 b - -,d8b6 d1b1 f8d8 c3g3 a8c8 b2b4 e7f6 b1d1 f6e5 d4e5,-28
r3r1k1/1p1qnpp1/p3bn1p/2bp4/5B2/2NB2NP/PPPQRPP1/4R1K1 b - -,e7g6 d3g6 f7g6 f4e5 f6h7 e5d4 c5f8 c3a4 d7c6 a4c5,40
r1bqkb1r/pp1p2pp/2n2p2/2p2p2/5N2/1P2P3/P1PP1PPP/RN1QKB1R b KQkq -,g7g6 f4d5 h7h5 h2h4 b7b6 g2g3 c8b7 f1g2 e8f7 c2c4,96
r1b2rk1/pp2qppp/2nppn2/2b5/4P3/1PN3P1/P1PQNPBP/R1B2RK1 b - -,c8d7 c3a4 f8d8 c2c4 e6e5 e2c3 c6d4 a4c5 d6c5 c3d5,28
r4rk1/p1q2p1B/1pb1pp2/3p4/5P2/1P2b3/P1PN2PP/R2Q1R1K b - -,g8g7 d1g4 g7h7 f1f3 c7f4 f3f4 e3f4 g4f4 f8g8 f4h4,556
r3k2r/1pp2pp1/1p1p3p/4p2b/2B1P2q/3PRP1P/PPP2P2/R4QK1 b kq -,e8h8 f1g2 g8h8 g2g3 h4d8 g1h1 b6b5 c4b3 f7f5 a1g1,-145
r1bqkb1r/1pp2ppp/p1n1pn2/3p4/2PP1P2/P3PN2/1P4PP/RNBQKB1R b KQkq -,f8e7 d1c2 e8h8 b1c3 b7b6 b2b4 d5c4 f1c4 c8b7 e1h1,42
RQ6/5pk1/6pp/8/3Pn3/4P2P/2r2PPK/5q2 b - -,f8e7 d1c2 e8h8 b1c3 b7b6 b2b4 d5c4 f1c4 c8b7 e1h1,Mate
8/6K1/8/kR6/2P5/1p6/P3r3/8 b - -,a5a4 a2b3 a4a3 g7f6 a3b2 c4c5 b2c3 c5c6 e2e8 c6c7,813
r1bqkbnr/pp1p1pp1/2n1p3/1B5p/3NP3/2P5/PP3PPP/RNBQK2R b KQkq -,d8a5 d4c6 b7c6 b5d3 g8f6 e1h1 a5c7 b1d2 d7d5 h2h3,50
r3k2r/pp3ppp/2p1p1b1/3pB3/Nq5P/4P3/P3KP2/R2Q1B1R b kq -,b4e4 f2f3 e4e5 d1d4 e5g3 h4h5 g6f5 a1c1 h7h6 d4h4,-39
r1bqkb1r/pp1p3p/2n2pp1/2pN1p2/8/1P2P3/P1PP1PPP/RN1QKB1R b KQkq -,h7h5 g2g3 b7b6 h2h4 e8f7 f1g2 c8b7 c2c4 c6b4 b1c3,89
8/8/k7/8/P7/1K6/P7/8 b - -,,0
r2qk2r/1pp3pp/p2p4/2bNp2b/3BPp2/1P1P1N1P/P1P2PP1/R2Q1RK1 b kq -,e5d4 d5f4 h5f7 d1d2 d8f6 f4d5 f7d5 e4d5 e8h8 a1e1,156
2R4k/6p1/3b3p/3P4/1p1q4/pQ3P2/5P1P/6K1 b - -,h8h7 b3c2 g7g6 c8d8 d6c5 d8d7 h7h8 c2e2 c5f8 h2h4,Mate
1rbq1rk1/4ppbp/p1np2p1/1pp2P2/2PnP3/1PNP2PP/PB2N1BK/1R1Q1R2 b - -,e7e6 e2d4 c6d4 f5g6 h7g6 c3e2 c8d7 d1d2 b5c4 e2d4,-38
1b6/1p3b2/p3k3/2B4p/1P4p1/P2NK1P1/7P/8 b - -,e6d5 c5d4 f7e8 d3c5 b8a7 d4g7 a6a5 e3f4 b7b5 c5a6,-82
r4r1k/1p3ppp/p1ppbqn1/P3p3/1P1PPn2/2P1RN1P/2QN1PPK/R4B2 b - -,f4h5 a1e1 a8d8 g2g3 f6e7 c3c4 h5f6 c2c3 h7h6 d4e5,86
8/1p2r3/p1p3kp/4P1p1/1PR2p2/P3P2P/4KPP1/8 b - -,,0
3r1r1k/pbp1qp1P/1p3np1/6Q1/4N3/5P2/PPP1B3/2KR3R b - -,b7e4 f3e4 d8d1 h1d1 f8e8 e2b5 f6e4 g5d5 e8f8 d5d4,-126
1rb2rk1/pp2qppp/2nppn2/2b5/4P3/1PN3P1/PBPQNPBP/R4RK1 b - -,b7b5 e2f4 a7a6 f4d3 c5a7 c3d1 f8d8 d1e3 c8b7 a2a4,-28
8/8/1k6/P7/8/1K6/P7/8 b - -,,0
r3r1k1/1p1qnp1B/p3b2Q/8/8/6bP/PPP1RPP1/4R1K1 b - -,g8h8 h7f5 h8g8 h6h7 g8f8 f5e6 f7e6 f2g3 d7d4 e2f2,541
r1bq1rk1/pp2ppbp/3p1np1/8/1n1PP3/2N2N1P/PPB2PP1/R1BQ1RK1 b - -,b7b6 c2b1 c8b7 d4d5 b4a6 c1g5 d8d7 b1c2 e7e6 a1c1,70
r1bqk2r/p4ppp/1Npp1n2/4p1B1/4P3/2PB4/PP3PPP/R2Q1RK1 b kq -,a7b6 g5h4 h7h6 f2f3 c8e6 a2a4 g7g5 h4f2 e8h8 d1d2,58
r1bqkbnr/6pp/p1pP1p2/2p1p3/8/3P1N2/PPP2PPP/RNBQ1RK1 b kq -,c8g4 h2h3 g4e6 b1c3 f8d6 c3e4 g8e7 c1e3 e8h8 e3c5,101
r2q1Bk1/pp3ppp/2n2n2/3pp3/4b3/2P2PP1/P1P3BP/R2Q1RK1 b - -,e4c2 d1c2 d8f8 g1h1 a8e8 g3g4 h7h6 c2d2 c6a5 d2f2,-95
8/2k5/P7/8/8/1K6/P7/8 b - -,,0
8/1p6/p1p3kp/4r1p1/1PR1Pp2/P6P/4KPP1/8 b - -,a6a5 e2d3 a5b4 a3b4 e5e6 c4d4 g6f6 d4d7 f6e5 d7b7,8
r4rk1/7p/p2R4/1p1p2p1/3P1pb1/2P3P1/PP3P1P/RNB2K2 b - -,,0
2R5/6pk/3b3p/3P4/1p1q4/p4P2/5P1P/1Q4K1 b - -,g7g6 c8d8 d6h2 g1g2 h6h5 d8e8 h2e5 e8e6 e5f6 b1c1,Mate
r4r1k/1p2qppp/p1ppb1n1/P3p3/1P1PPn2/2P1RNPP/2QN1P1K/R4B2 b - -,f4h5 c3c4 h5f6 d4e5 d6e5 c4c5 a8d8 f1c4 e6c8 c4d3,85
r1b1k2r/5p2/p7/1p3p1p/8/4q3/PPPRB1PP/1K1R4 b - -,c8e6 e2f3 e8e7 d2e2 e3b6 f3a8 h8a8 d1e1 e7f6 a2a3,-626
r4r2/p1q2p1k/1pb1pp2/3p3Q/5P2/1P2b3/P1PN2PP/R4R1K b - -,h7g8 h5g4 g8h7 f1f3 c7f4 f3f4 e3f4 g4f4 f8g8 f4h4,557
8/6K1/k7/1R6/2P5/1P6/4r3/8 b - -,e2e7 g7g6 e7e2 g6f6 e2e8 f6f5 e8e3 b5b4 a6a5 b4b8,466
8/1p3k2/p1p4p/4r1p1/1PR1Pp2/P4P1P/4K1P1/8 b - -,a6a5 e2d3 f7e6 c4c1 e5b5 d3c4 h6h5 c1d1 e6e7 d1d3,8
1k6/P7/8/8/8/1K6/P7/8 b - -,,0
r1b1k2r/ppppqp1p/2n2p2/2bQ4/2B1P3/2N2N2/PP3PPP/R3K2R b KQkq -,d7d6 d5h5 c8d7 a1c1 e8a8 e1h1 c8b8 f1d1 c5b6 h5f7,-69
3r2Q1/1R2kp2/3p4/4pr1p/8/7P/6P1/7K b - -,d8d7 b7b8 d7a7 g8e8 e7f6 e8f8 f6e6 b8b6 f5f1 h1h2,Mate
r1bqkb1r/1pp1nppp/p2p1n2/3Pp1B1/4P3/2N2NP1/PPP2P1P/R2QKB1R b KQkq -,h7h6 g5f6 g7f6 f3h4 f6f5 d1h5 f5e4 e1a1 e7g8 c3e4,52
r1bnkb1r/pppp1ppp/5n2/4p1N1/2B1P3/3P4/PPP2PPP/RNB1K2R b KQkq -,h7h6 g5f3 d7d6 b1c3 c7c6 c4b3 b7b5 a2a4 b5b4 c3e2,7
r2qkbnr/pp3ppp/2n1p3/2pp1bB1/2PP4/5NP1/PP2PPBP/RN1QK2R b KQkq -,f8e7 c4d5 e6d5 g5e7 d8e7 d4c5 g8f6 e1h1 e7c5 b1c3,42
r3kb1r/pp3ppp/1qn1p3/1B1pP3/3N4/8/PPP2PPP/R2Q1RK1 b kq -,f8c5 c2c3 e8h8 b5c6 b7c6 a1b1 c5e7 b2b3 c6c5 d4f3,-50
r2q1Bk1/pp3ppp/2n2n2/3pp3/8/2P2PP1/P1Q3BP/R4RK1 b - -,d8a5 f8b4 a5b6 g1h1 d5d4 c2d3 f6d5 b4a3 d5e3 f1b1,322
8/1p2k3/p1p4p/4r1p1/1PR1Pp2/P2K1P1P/6P1/8 b - -,a6a5 d3d4 e7d6 d4c3 b7b6 c4d4 d6e7 d4d2 e5b5 c3c4,4
1qr3k1/5ppp/2Qp4/3P4/6P1/3B4/6PP/3KR3 b - -,g8f8 c6a6 g7g6 d1e2 c8e8 e2f1 e8e1 f1e1 b8b4 e1f1,358
Q7/1k6/8/8/8/1K6/P7/8 b - -,,0
3R4/7k/3b2pp/3P4/1p1q4/p4P2/5P1P/1Q4K1 b - -,,0
r4r2/p1q2pk1/1pb1pp2/3p4/5PQ1/1P2b3/P1PN2PP/R4R1K b - -,g7h8 f1f3 c7f4 f3f4 e3f4 g4f4 c6b5 c2c4 f6f5 c4b5,Mate
8/1p2k3/p1p1r2p/6p1/1P1RPp2/P2K1P1P/6P1/8 b - -,,0
r2qk1nr/pp2Bppp/2n1p3/2pp1b2/2PP4/5NP1/PP2PPBP/RN1QK2R b KQkq -,d8e7 c4d5 e6d5 b1c3 a8d8 e1h1 g8f6 d4c5 e7c5 a1c1,38
1q4k1/5ppp/2Pp4/8/6P1/3B4/6PP/3KR3 b - -,g8f8 d3e4 d6d5 e4f3 b8b5 e1e2 b5c6 e2d2 c6a4 d1e2,-194
3r1r1k/p1p1qp1P/1p3np1/6Q1/4P3/8/PPP1B3/2KR3R b - -,d8d1 h1d1 f8e8 e2b5 f6e4 g5d5 e8f8 d5d4 e4f6 d1d3,-136
Q7/2k5/8/8/8/PK6/8/8 b - -,d8d1 h1d1 f8e8 e2b5 f6e4 g5d5 e8f8 d5d4 e4f6 d1d3,Mate
r2q1rk1/1pp2ppp/p2bp2B/4N3/b2P4/2P3Q1/P4PPP/R3K2R b KQ -,d8f6 h6f4 f6f5 e1h1 f7f6 e5d3 d6f4 d3f4 a8d8 f4d3,-192
r3kb1r/1b1p2pp/1qn1pn2/2p5/4P3/2NB1N2/PP1B1PPP/R2QK2R b KQkq -,c6b4 d3c4 b7e4 c3e4 f6e4 e1h1 e4d2 d1d2 f8e7 d2e2,60
1q2b1k1/1r2n1p1/p2p1p1p/Bp1Pp1P1/4P2P/P3Q3/1P3PB1/2R3K1 b - -,f6f5 g5h6 e7g6 e4f5 g6f4 g2e4 b5b4 g1h2 b4a3 b2a3,259
r1b1k2r/4qp2/p7/1p3p1p/8/5B2/PPPR2PP/1K1R4 b - -,a8b8 d2e2 e7e2 f3e2 e8e7 e2f3 c8e6 d1d3 h5h4 h2h3,-556
1kbr1b2/1pq2pp1/p3p2r/3PnPN1/7P/2N4B/PPPQ4/K4R1R b - -,e6d5 c3d5 c7c4 h3g2 h6d6 f1f4 d6d5 d2d5 c4d5 g2d5,-188
8/ppk3p1/2p4p/5p2/2P1pN1P/1PK1P1P1/P2rb1B1/8 b - -,d2a2 g2h3 e2g4 h3g4 f5g4 c3d4 c7c8 d4c3 a2f2 c3d4,-537
2kr1b1r/ppp1pppp/5n2/8/3q4/P1N2B2/1PP2PPP/R2Q1RK1 b - -,d4d1 a1d1 f6d7 c3e4 h7h6 e4d2 e7e6 d2c4 c7c6 b2b4,-135
r2qk2r/1pp3pp/p2p4/3Np2b/3bPp2/1P1P1N1P/P1P2PP1/1R1Q1RK1 b kq -,c7c6 c2c3 d4a7 d5b4 d8e7 d1e2 e8h8 g1h2 g7g5 b4c2,-189
4rrk1/7p/p2R4/1p1p2p1/3P1p2/2P3Pb/PP1B1P1P/RN4K1 b - -,,0
r4r2/p1q2p1k/1pb1pp2/3p4/5PQ1/1P2bR2/P1PN2PP/R6K b - -,c7f4 f3f4 e3f4 g4f4 f6f5 a1f1 f8d8 f4g3 d8g8 g3h3,Mate
Q7/8/1k6/8/P7/1K6/8/8 b - -,c7f4 f3f4 e3f4 g4f4 f6f5 a1f1 f8d8 f4g3 d8g8 g3h3,Mate
3r1r1k/1p2qppp/p1p1b1n1/P1N1p2n/1P2P3/2P1RNPP/2Q2P1K/R4B2 b - -,h5f6 h2g1 e6c8 a1e1 h7h6 e3d3 d8d3 c2d3 f8d8 d3e3,75
r1bqk2r/pp1n1ppp/2p1pn2/2bp4/2P5/1PN1PN2/PBQP1PPP/R3KB1R b KQkq -,e8h8 d2d4 c5d6 f1d3 e6e5 c4d5 c6d5 d4e5 d7e5 f3e5,58
8/3R3k/3b2pp/3Pq3/1p6/p4P2/5P1P/1Q4K1 b - -,d6e7 b1b4 e5g5 g1f1 g5c1 b4e1 c1e1 f1e1 h7g7 d7e7,1387
1k3q2/pp4b1/2p3Bp/2Pp4/5P2/6p1/PP2Q1P1/1K6 b - -,f8c5 e2e8 b8c7 a2a4 c5d4 e8e7 c7b6 a4a5 b6a6 e7a3,-326
r1bqk1nr/6pp/p1pb1p2/2p1p3/8/3P4/PPPN1PPP/RNBQ1RK1 b kq -,c8e6 d2e4 g8e7 e4d6 d8d6 b1d2 d6d4 f1e1 e8h8 d2b3,92
1r1q1rk1/4ppbp/2np1np1/2p5/1p2PPP1/P1PPB2P/P2QB3/R2N1RK1 b - -,b4c3 d1c3 d6d5 g4g5 d5d4 g5f6 d4e3 d2e3 g7f6 e4e5,-134
r4qk1/pp3ppp/2n2n2/3pp3/4P3/2P3P1/P1P3BP/R2Q1RK1 b - -,a8d8 e4d5 f8c5 g1h1 c6a5 d1b1 c5c8 d5d6 b7b6 b1b5,62
Q7/8/8/P1k5/8/1K6/8/8 b - -,a8d8 e4d5 f8c5 g1h1 c6a5 d1b1 c5c8 d5d6 b7b6 b1b5,Mate
8/8/k4K2/1R6/2P5/1P6/6r1/8 b - -,g2h2 f6e6 h2d2 b5b8 a6a7 b8b4 d2h2 e6d5 h2h5 d5d4,537
1rb2rk1/p3qppp/1pnppn2/2b5/4P3/PPN3P1/1BPQNPBP/R4RK1 b - -,c6a5 b3b4 c5f2 f1f2 a5c4 d2c1 f6g4 f2f3 f7f5 h2h3,137
r2qk2r/1b1n1p2/p1p1p2p/1p1nP3/P1pP3P/2P2P2/4NB2/1R1QKBR1 b kq -,d7b6 a4b5 a6b5 d1c1 e8d7 f1h3 d7c7 e1f1 d8e7 g1g7,-247
8/1p6/p1pk3p/6p1/1P1KPp2/P4P1P/6P1/8 b - -,,0
5k2/5p1p/1p2pb2/p4p2/3q1N2/1P3PP1/P3QPKP/8 b - -,,0
r5k1/1p1rnppp/p4b2/3p4/3B4/P1N5/1P3PPP/R2R2K1 b - -,f6d4 d1d4 a8d8 a1d1 d7d6 g2g3 f7f5 g1f1 g8f7 c3a4,-71
3Rr2k/p1p1qp1P/1p3np1/6Q1/4P3/8/PPP1B3/2K4R b - -,,0
2br1r1k/1p2qppp/p1p3n1/P1N1p2n/1P2P3/2P1RNPP/2Q2P1K/3R1B2 b - -,d8d1 c2d1 f8d8 e3d3 d8d3 d1d3 h5f6 f3d2 f6e8 d2c4,98
rn1qkb1r/p3pppp/1pp2n2/3pN2b/2PP4/1QN1P3/PP3PPP/R1B1KB1R b KQkq -,d5c4 f1c4 e7e6 a2a4 f8d6 e1h1 e8h8 f2f4 a7a6 c1d2,78
2R5/6pk/2Q4p/p3pp2/7P/1P1P2P1/r1P2P1K/5q2 b - -,,0
4rrk1/7p/p2R4/1p1p2p1/3P4/2P3Pb/PP1B1P2/RN4K1 b - -,,0
1b6/1p3b2/p7/2B1k3/PP3NpP/4K3/7P/8 b - -,e5f5 f4e2 b8h2 e3f2 h2e5 b4b5 a6b5 a4b5 f5e4 e2g3,-26
r3k2r/pp3ppp/2p1p3/3pB2b/Nq5P/4PP2/P3K3/R2Q1B1R b kq -,b4e4 h1h3 e4e5 d1d4 e5d4 e3d4 b7b6 e2f2 a8c8 f3f4,-19
Q7/8/P7/1k6/8/1K6/8/8 b - -,b4e4 h1h3 e4e5 d1d4 e5d4 e3d4 b7b6 e2f2 a8c8 f3f4,Mate
r2qk2r/1p4pp/p1pp4/3Np2b/3bPp2/1PPP1N1P/P4PP1/1R1Q1RK1 b kq -,d4a7 d5b4 d8e7 d1e2 e8a8 f1e1 h8e8 e1c1 c8b8 d3d4,-200
8/8/pppk3p/6p1/PP1KPp2/5P1P/6P1/8 b - -,,0
r1b1kbnr/pp1p1pp1/2n1p3/1B5p/3NP2q/2P5/PP3PPP/RNBQ1RK1 b kq -,h4e4 f1e1 e4h4 h2h3 h4d8 c3c4 f8e7 b1c3 g8f6 c1g5,51
Q7/P7/1k6/8/8/1K6/8/8 b - -,h4e4 f1e1 e4h4 h2h3 h4d8 c3c4 f8e7 b1c3 g8f6 c1g5,Mate
1r6/3R4/2B1kppp/pPb1p3/P7/3K1PPP/8/8 b - -,c5b6 d7g7 b8d8 d3c3 d8d4 g7g6 h6h5 g3g4 d4a4 g4h5,9
3qr2k/p1p2p1P/1p3np1/6Q1/4P3/8/PPP1B3/2KR4 b - -,d8e7 e2b5 f6e4 g5d5 e8f8 a2a4 h8h7 d1e1 f7f5 d5d4,-139
r1b2rk1/ppppnppp/2n2q2/1Bb1p3/3PP3/2P2N1P/PP3PP1/RNBQ1RK1 b - -,e5d4 c1g5 f6g6 b5d3 d7d6 c3d4 c5d4 g5e7 c8h3 f3g5,-11
QQ1K4/2P5/8/8/6p1/4P1k1/8/6q1 b - -,e5d4 c1g5 f6g6 b5d3 d7d6 c3d4 c5d4 g5e7 c8h3 f3g5,Mate
r1bq1rk1/1p2bppp/1nn1p3/2ppP3/p2P1N1P/P1PB1N2/1P3PP1/R1BQ1RK1 b - -,g7g6 d3c2 c5d4 c3d4 c8d7 h4h5 a8c8 d1d2 b6c4 d2d3,130
1rb2rk1/p3qppp/1pnppn2/2b5/4P3/1PN3P1/PBPQNPBP/3R1RK1 b - -,a7a5 c3b5 e6e5 a2a4 f8d8 h2h3 c8b7 c2c4 h7h5 b2c1,67
1r3rk1/p4ppp/Q1nq1n2/3pP3/1P4b1/2PB1N2/P2N1PPP/R3K2R b KQ -,d6e6 e1h1 b8b6 a6a3 c6e5 f3e5 e6e5 f1e1 e5c7 h2h3,174
r3k2r/1pp2pp1/1p1p3p/4p2b/2B1PP2/3PR2q/PPP1QP2/R5K1 b kq -,h3h4 e2f1 e5f4 e3h3 h4g5 f1g2 h5g4 h3h2 e8e7 g1h1,-350
rnbq1rk1/ppp2ppp/4pn2/b1Pp4/3P4/P1N2N2/1P1BPPPP/R2QKB1R b KQ -,c7c6 b2b4 a5c7 d2g5 b8d7 e2e3 f8e8 f1e2 e6e5 g5h4,-11
r1bqk2r/4n1pp/p1pb1p2/2p1p3/4N3/3P4/PPP2PPP/RNBQ1RK1 b kq -,e8h8 e4d6 d8d6 b1d2 e7d5 b2b3 c8f5 d2c4 d6c7 f2f3,82
r4r2/p1q2p1k/1pb1pp2/3p4/5bQ1/1P5R/P1PN2PP/R6K b - -,e8h8 e4d6 d8d6 b1d2 e7d5 b2b3 c8f5 d2c4 d6c7 f2f3,Mate
r3kb1r/1b1p2pp/1q2pn2/2p5/1nB1P3/2N2N2/PP1B1PPP/R2QK2R b KQkq -,b7a6 b2b3 d7d5 e4d5 e6d5 d1e2 f8e7 c4a6 b6a6 c3b5,70
1r1q1rk1/pbp1bppp/1p2pn2/8/PnQP4/2N1PNP1/1P3PBP/R1BR2K1 b - -,,0
8/ppk3p1/2p4p/5p2/2P1pN1P/1PK1P1PB/r3b3/8 b - -,e2g4 h3g4 f5g4 c3d4 c7c8 c4c5 a2b2 d4c3 b2b1 f4h5,-547
r2qkb1r/pp2pppp/2n2n2/3p4/3P1B2/2NQ1P2/PPP2P1P/R3KB1R b KQkq -,e7e6 d3d2 f8b4 a2a3 d8a5 e1a1 b4c3 d2c3 a5c3 b2c3,-82
r2q1Bk1/pp3ppp/2n2n2/3pp3/4B3/2P3P1/P1P2P1P/R2Q1RK1 b - -,a7a5 f8g7 f6e4 g7h6 d8d6 h6d2 b7b5 a2a4 b5b4 c3b4,155
r2qk2r/1p4pp/p2p4/3pp2b/3PPp2/1P1P1N1P/P4PP1/1R1Q1RK1 b kq -,a8c8 d4e5 d6e5 b1c1 e8h8 c1c8 d8c8 e4d5 c8d8 f1e1,19
1q3k2/5ppp/2Pp4/8/4B1P1/8/6PP/3KR3 b - -,d6d5 e4f3 b8b5 e1e2 b5c6 e2d2 c6a4 d1e2 a4c4 e2f2,-187
2rr2k1/qb2ppbp/3p1np1/p7/4PP2/P1NBRN1P/1P1Q1KP1/1R6 b - -,g7h6 f3g5 e7e5 g2g3 d6d5 e4d5 e5f4 g3f4 a7d4 c3e2,-417
5k2/pp4p1/2p3p1/2Pr1p2/1P6/5P2/P3R1PP/5K2 b - -,g6g5 e2e3 d5d2 a2a3 f8f7 e3e5 g7g6 e5e3 f7f6 e3e8,-13
r2q1rk1/1pp2ppp/p3p2B/4P3/b7/2P3Q1/P4PPP/R3K2R b KQ -,g7g6 g3f4 a4c6 a1d1 d8e7 e1h1 f7f5 h6f8 a8f8 d1d3,96
5rk1/7p/p2R4/1p1p2p1/3P4/2P1B1Pb/PP2rP2/RN4K1 b - -,,0
8/8/8/N3k3/2P5/6P1/6K1/8 b - -,e5e6 c4c5 e6f5 a5b3 f5e5 g2f3 e5d5 g3g4 d5e5 g4g5,9605
3R3k/8/3b2pp/3Pq3/1p6/p4P2/5P1P/1Q4K1 b - -,d6f8 d8f8 h8g7 f8a8 b4b3 a8a7 g7f6 a7a6 f6e7 a6a3,Mate
8/8/pppk4/P5pp/1P1KPp2/5P1P/6P1/8 b - -,d6c7 a5b6 c7b6 e4e5 b6c7 d4c5 c7d7 c5b6 d7e6 b6c6,651
1r1q1rk1/4ppbp/2np1np1/2p5/4PPP1/P1NPB2P/P2QB3/R4RK1 b - -,d8a5 a1c1 a5a3 c3b1 a3a7 e2d1 f6d7 b1c3 a7a3 f1f2,-106
r5k1/1p1rnppp/p7/3p4/3R4/P1N5/1P3PPP/R5K1 b - -,a8d8 a1d1 d7d6 g1f1 f7f5 g2g3 g8f7 c3a4 d8c8 a4c3,-61
QQQK4/8/8/8/6p1/4q1k1/8/8 b - -,a8d8 a1d1 d7d6 g1f1 f7f5 g2g3 g8f7 c3a4 d8c8 a4c3,Mate
r2q1rk1/p3bppp/1p3n2/2pNn3/6PP/4QP2/PPPBB3/2KR2NR b - -,d8d5 b2b3 d5d4 e3d4 c5d4 g4g5 f6d5 f3f4 e5g6 e2f3,42
3R1k2/4qp2/p1B1b2r/1p3p1p/8/8/PPP3PP/1K1R4 b - -,e7e8 d8e8 f8g7 c6f3 h5h4 h2h3 h6g6 e8a8 g6g3 a8a6,602
8/8/k3K3/1R6/2P5/1P6/7r/8 b - -,h2a2 e6d6 a2d2 d6c6 d2h2 c6c5 h2h3 b5b8 a6a7 b8b4,718
r1bqkb1r/pp1p1p1p/2n2np1/2pN2B1/2P5/8/PP2PPPP/R2QKBNR b KQkq -,f8g7 d1d2 d7d6 g2g3 e8h8 f1g2 f8e8 a1d1 c8e6 e1f1,6
8/pp3kp1/2p3p1/2Pr1p2/1P6/5P2/P1R3PP/5K2 b - -,f7f6 c2c3 d5d1 f1e2 d1h1 h2h3 h1a1 a2a3 a1a2 e2f1,-25
8/3B4/8/8/7p/6k1/6b1/4K3 b - -,g3f3 d7e6 f3e3 e6c8 g2f3 e1f1 e3f4 c8h3 f3e4 f1f2,-2
r2qk2r/ppp1bpp1/4bP1p/8/3p1B2/1PNP1N1P/1PPQ2P1/R3K2R b KQkq -,,0
2kr1bnr/1ppq1ppp/p1p5/4p3/4P3/2NPBQ1P/PPP2PP1/R3K2R b KQ -,g8f6 e1a1 d7e6 c1b1 f6d7 f3g4 d8e8 d1f1 f8c5 c3d1,37
4Rk2/5p2/p1B1b2r/1p3p1p/8/8/PPP3PP/1K1R4 b - -,f8g7 c6f3 h6g6 e8a8 h5h4 h2h3 g6g3 a8a6 f5f4 a6a3,621
1r1q1rk1/p1p1bppp/bp2pn2/8/Pn1P4/1QN1PNP1/1P3PBP/R1BR2K1 b - -,a6b7 f3e5 b7g2 g1g2 c7c5 e3e4 d8c8 c1f4 c8b7 f2f3,15
8/4k3/8/Q7/B7/4K3/8/8 b - -,a6b7 f3e5 b7g2 g1g2 c7c5 e3e4 d8c8 c1f4 c8b7 f2f3,Mate
8/3R2k1/3b2pp/3Pq3/1p6/p4P2/5P1P/1Q4K1 b - -,d6e7 b1b4 g7f6 b4c4 e5f5 c4d4 f6f7 d7a7 f5g5 g1f1,470
rn2k2r/pp3pp1/2p1pq1p/3pN3/1b1P1P2/P1N3Q1/1PP2PPP/2KR3R b kq -,b4c3 b2c3 b8d7 h2h4 h6h5 d1d3 a8c8 g3g5 c6c5 d3f3,-17
8/pp3kp1/2p3p1/2P2p2/1P1r4/P4P2/2R3PP/5K2 b - -,g6g5 f1e2 f7e6 c2c3 f5f4 g2g3 e6d5 g3f4 d4f4 c3e3,-10
8/1p2k1pp/8/8/8/5K2/PP4P1/8 b - -,,0
5B2/1p3b2/p4b1k/P6P/1P4p1/6N1/5K2/8 b - -,f6g7 g3f5 h6h5 f5g7 h5g6 f2g3 f7b3 g7e8 g6f7 e8d6,15
8/8/k6r/1R1K4/2P5/1P6/8/8 b - -,h6h5 d5c6 h5h6 c6c5 h6h3 c5b4 h3f3 b5a5 a6b7 c4c5,786
rnb1k2r/1p2qppp/p1p5/3p3n/3P4/2N1PN2/PPQ2PPP/R3KB1R b KQkq -,b8d7 a1c1 e8h8 f1d3 g7g6 e1h1 h5g7 c3a4 f8e8 h2h3,21
r1bq1rk1/4n1pp/p1pN1p2/2p1p3/8/3P4/PPP2PPP/RNBQ1RK1 b - -,c8d7 d6c4 e7g6 d1e1 f6f5 c4e5 f5f4 e5g6 h7g6 f2f3,443
r2q2k1/pp3ppp/2n5/3pp3/1B2n3/2P3P1/P1P2P1P/R2Q1RK1 b - -,a7a5 f2f3 e4g3 h2g3 a5b4 c3b4 a8a3 c2c3 a3c3 a1c1,-116
r4r2/p1q2p1k/1pb1pp1b/3p4/7Q/1P5R/P1PN2PP/R6K b - -,d8d7 f2f3 e4f6 a2a4 h7h6 a4a5 a8e8 b4c5 d7c7 a5a6,Mate
r1b2rk1/1p3ppp/1nn1p3/2ppP3/p2P1N1q/P1PB2P1/1P3P2/R1BQ1RK1 b - -,h4d8 d3h7 g8h7 g1g2 f8h8 f1h1 h7g8 h1h8 g8h8 d1h5,299
8/8/3K4/3pB3/3Pk1p1/6P1/5b2/8 b - -,f2d4 e5f4 d4e3 f4e5 d5d4 e5g7 d4d3 g7c3 e3f2 c3e5,-1158
R1k5/8/8/3Q4/8/1K6/8/8 b - -,f2d4 e5f4 d4e3 f4e5 d5d4 e5g7 d4d3 g7c3 e3f2 c3e5,Mate
r4k2/2p1qp1p/p1b1p1p1/1p2P3/3R4/2P3Q1/P4PPP/3R2K1 b - -,c6d5 h2h4 c7c5 d4d2 h7h5 g3f4 c5c4 f4f6 e7f6 e5f6,96
5k2/p1p4p/2Qpp1p1/8/2pqP3/1P5P/P1P3P1/7K b - -,c4b3 a2b3 d4c5 c6a8 f8f7 a8h8 c5h5 h8c3 c7c5 c3a1,-29
1r3rk1/pb2qppp/1pnppn2/2b5/4P3/1P4P1/PBPQNPBP/1N1R1RK1 b - -,b6b5 e2f4 c6e5 d2e2 b5b4 b1d2 a7a5 c2c4 b4c3 b2c3,-41
8/5k2/Q7/8/B7/4K3/8/8 b - -,f8d8 c2c4 a7a6 a2a4 f6d7 h2h3 c5b4 d2e3 h7h5 g1h2,Mate
2R5/1P3K2/P1B3P1/p2N1P1P/1p3b1p/1b1p2p1/3k4/4r3 b - -,,0
r2br1k1/ppp2pPp/3p4/3P3P/2P1qnB1/1Q2B3/PP3P2/2K3RR b - -,f4d3 c1d2 d3f2 g4d7 f2h1 d7e8 e4e8 g1h1 d8f6 h5h6,-41
r2qk2r/ppp1bpp1/4bP1p/8/5B2/1PPP1N1P/2PQ2P1/R3K2R b KQkq -,e7f6 e1h1 e8h8 a1e1 a7a5 c3c4 a5a4 b3a4 a8a4 f4e5,4
3kn3/5K2/8/5Q2/8/8/8/8 b - -,,0
8/8/k6r/1RK5/2P5/1P6/8/8 b - -,h6h3 c5b4 h3h8 b5f5 a6b7 f5f6 b7c7 c4c5 h8h3 f6a6,804
rn1qkb1r/pp2nppp/2p1p3/3pP3/3P2b1/5N2/PPPN1PPP/R1BQKB1R b KQkq -,c6c5 c2c3 e7c6 f1e2 a7a5 a2a4 c5d4 c3d4 f8e7 d2b3,-32
1r3rk1/pb2qpp1/1pnppn1p/2b1P3/8/1P4P1/PBPQNPBP/1N1R1RK1 b - -,d6e5 d2e1 f8d8 e2c3 c6d4 b1d2 d4c2 e1e5 b7g2 g1g2,-236
r1b2rk1/4n1pp/p1pq1p2/2p1p3/8/3P4/PPPN1PPP/R1BQ1RK1 b - -,e7g6 d2c4 d6e7 f2f4 e7d8 d1e1 e5f4 c1f4 f8e8 e1f2,83
8/1p4pp/4k3/8/6K1/8/PP4P1/8 b - -,e6e5 a2a4 e5d5 g4f5 d5c4 f5e6 c4b3 a4a5 b3b2 e6d7,-8
6k1/6p1/3b2q1/1p1p4/3P4/2P3P1/1P4KP/4R1N1 b - -,b5b4 e1e2 g6d3 e2e6 d6f8 e6e8 g8f7 e8e2 f8e7 g2f2,-399
r2qk2r/1p4pp/p2p4/4p2b/3PPp2/1P3N1P/P4PP1/1R1Q1RK1 b kq -,d8c7 d1d3 c7e7 b1c1 h5f3 d3f3 e8h8 f1d1 a8c8 c1c8,64
4R3/5pk1/p1B1b2r/1p3p1p/8/3R4/PPP3PP/1K6 b - -,f5f4 c6f3 e6g4 e8e1 h6e6 e1d1 f7f5 h2h3 g7f6 h3g4,598
6k1/2p2p2/1rpqp2p/1n1p3P/1r1P1P2/1P1PQ3/2R1NPK1/6R1 b - -,b4b3 f4f5 g8h7 g2h3 d6e7 e2f4 b5d6 e3g3 e7g5 f5e6,90
r2qkb1r/pp3ppp/4pn2/3p2B1/3n4/P1NQ3P/1PP2PP1/R3KB1R b KQkq -,d4c6 e1a1 f8e7 c1b1 e8h8 g2g4 a7a6 g5c1 b7b5 g4g5,-137
8/8/k7/1R5r/1KP5/1P6/8/8 b - -,h5h3 b5a5 a6b7 c4c5 b7c6 a5a6 c6d7 b4a4 d7c7 a6b6,804
r2qk2r/ppp2pp1/4bb1p/8/5B2/1PPP1N1P/2PQ2P1/R4RK1 b kq -,e8h8 a1e1 a7a5 c3c4 a5a4 b3a4 a8a4 f4e5 f6e5 e1e5,2
r2q1rk1/p3bppp/1p3n2/2pbQ3/6PP/2N2P2/PPPBB3/2KR2NR b - -,e7d6 e5f5 d5e6 f5g5 b6b5 c3e4 f6e4 g5d8 a8d8 f3e4,378
r5rb/pbn1q2k/1p1pBNp1/1P1Pp1P1/2P1P3/2N1BP2/3K3R/7R b - -,h7g7 f6g8 c7e6 g8e7 e6f8 h2h8 a7a5 e3b6 a5a4 b6c7,909
5k2/p1p4p/2Qpp1p1/8/3qP3/1P5P/2P3P1/7K b - -,d4c5 c6a8 f8f7 a8h8 c5h5 h8c3 h5d1 h1h2 c7c5 e4e5,-25
8/p7/1Pp5/4kpp1/1P2p3/2K1P1P1/P5N1/8 b - -,a7b6 c3c4 e5e6 a2a4 e6d6 g2e1 f5f4 e3f4 e4e3 f4g5,562
2k4r/1b3p2/2p1p2p/qp2P2P/n1pP4/2N2P1B/8/R1Q1K1B1 b - -,a5c3 c1c3 a4c3 e1d2 c3d5 g1f2 c8c7 d2c2 h8g8 f2e1,-547
QQ1K4/3Q4/8/8/6p1/4q3/5k2/8 b - -,h8g8 a1a4 b5a4 g1e3 c6c5 d4d5 b7d5 e1f2 d5c6 c3a2,Mate
4r1k1/3N1pp1/1q2p2p/pp1bP3/3P4/6QP/P4PP1/2R3K1 b - -,b6a6 d7f6 g8f8 f6e8 f8e8 g3g7 d5c4 g7h8 e8d7 h8f6,467
r3k2r/1pp2pp1/1p1p3p/4p3/2B1PP2/3P3R/PPP1bP2/R5K1 b kq -,e5f4 f2f3 g7g5 a1e1 g5g4 f3g4 e2g4 h3h2 a8a5 e1f1,-209
r1b2rk1/1pp2q2/3p3p/3Pn3/1PPN1p2/4P1P1/1Q5P/2R1RBK1 b - -,f4f3 c1c2 h6h5 c2f2 f7g7 g1h1 e5g4 c4c5 h5h4 g3h4,-161
rnbqkb1r/ppp2pp1/5n1p/3p4/3P4/N1PB4/PP3PPP/R1BQK1NR b KQkq -,b8c6 a3c2 f8d6 g1e2 c6e7 c1f4 e8h8 e1h1 e7g6 f4g3,8
6k1/6p1/3b4/1p1p4/3P4/2P3P1/1Pq1R1KP/6N1 b - -,c2d3 g2f2 g7g5 e2e8 g8g7 g1e2 g5g4 e8a8 b5b4 a8d8,-391
1r3rk1/pb2qpp1/1pnppn1p/2b5/4PQ2/1P4P1/PBP1NPBP/1N1R1RK1 b - -,b6b5 b2f6 e7f6 f4f6 g7f6 e2f4 f8c8 c2c3 b5b4 c3b4,-66
8/1p4pp/8/4k3/P5K1/8/1P4P1/8 b - -,,0
3r1rk1/1ppb2pp/1b6/p2Pnp2/4p3/P1N1P1P1/1P1BBP1P/3RR1K1 b - -,d7e8 d1b1 e8f7 e1d1 f7d5 c3d5 d8d5 b2b4 a5a4 d2c3,-52
5Q2/4K3/8/6R1/5k2/8/8/5r2 b - -,b6c5 g1g2 d7e8 d1c1 c5b6 e1d1 g7g5 b2b4 a5b4 a3b4,Mate
8/3k1p1b/2p2Kp1/8/6P1/2P2P2/4P3/8 b - -,h7g8 f6g7 d7e7 g7g8 g6g5 g8h7 e7e6 h7g7 c6c5 c3c4,690
r2q1rk1/ppp2pp1/4bb1p/R7/5B2/1PPP1N1P/2PQ2P1/5RK1 b - -,e6d5 f4e5 f6e5 f3e5 f8e8 e5g4 d8d6 c3c4 d5e6 d2f2,-14
4R3/5pk1/p1B4r/1p3p1p/2b5/6R1/PPP3PP/1K6 b - -,g7f6 e8e1 h5h4 g3g8 h6g6 g8d8 f6g7 c6f3 h4h3 g2g3,594
r3kb1r/pp3ppp/1qn1pn2/1B1p4/3P1B2/2N2Q1P/PPP2PP1/2KR3R b kq -,a8c8 b5a4 f8e7 f3d3 e8h8 c1b1 c6a5 f4c1 a5c4 f2f3,-78
r3k2r/1pp2pp1/1p1p3p/8/2B1Pp2/3P1P1R/PPP1b3/R5K1 b kq -,g7g5 a1e1 g5g4 f3g4 e2g4 h3h4 h6h5 e1f1 h8g8 g1h2,-222
8/8/8/8/7p/6kB/8/4K3 b - -,,0
8/4Q1kp/p2Nq3/6p1/4P3/2PPK1P1/P7/8 b - -,e6e7 d6f5 g7f7 f5e7 f7e7 g3g4 a6a5 c3c4 e7e6 d3d4,Mate
4r1k1/pp3Bpp/3p4/8/8/2Pn1P2/P2N2K1/4q3 b - -,e6e7 d6f5 g7f7 f5e7 f7e7 g3g4 a6a5 c3c4 e7e6 d3d4,Mate
1rr3k1/pb2qpp1/1pnppn1p/2b1P3/5Q2/1P4P1/PBP1NPBP/1N1R1RK1 b - -,c6e5 b2e5 d6e5 f4e5 b7g2 g1g2 e7b7 g2g1 f6e4 h2h4,-243
r2q1rk1/1p4pp/p2p4/4P2b/4Pp2/1P3N1P/P4PP1/1R1Q1RK1 b - -,g8h8 e5d6 h5f3 d1f3 d8d6 b1d1 d6c6 d1c1 c6e6 c1c7,235
8/6k1/Q7/8/8/4K3/2B5/8 b - -,g8h8 e5d6 h5f3 d1f3 d8d6 b1d1 d6c6 d1c1 c6e6 c1c7,Mate
r1b1k2r/1p1pbppp/n1q5/1N2p1Pn/4P3/3BBP2/PPPQ3P/R3K1NR b KQkq -,a6b4 g1e2 e8h8 b5c3 b4d3 d2d3 d7d6 c3d5 e7d8 a2a3,137
r1b2rk1/ppqn1ppp/3bpn2/1B6/4P3/1NN5/PP1B1PPP/2RQ1R1K b - -,d7b6 d2g5 c7e7 g5f6 g7f6 f2f4 a7a6 b5d3 e6e5 d1h5,117
1Q1K4/3Q4/8/8/8/4q1p1/5k2/Q7 b - -,d7b6 d2g5 c7e7 g5f6 g7f6 f2f4 a7a6 b5d3 e6e5 d1h5,Mate
r2qk2r/p1p2ppp/2p2n2/2p4b/2B1P3/2N2P2/PPP3PP/R2Q1RK1 b kq -,d8e7 d1e1 a8d8 c3e2 e8h8 e1c3 h5g6 e2c1 f8e8 c1b3,191
r2q1rk1/ppp2pp1/5b1p/R2b4/2P2B2/1P1P1N1P/2PQ2P1/5RK1 b - -,d5f3 f1f3 c7c5 f4e3 b7b6 a5a2 a7a5 c2c3 f8e8 d3d4,-7
5k2/p1p4p/2Qpp1p1/8/3qP3/1P5P/P5P1/7K b - -,d4a1 h1h2 a1e5 h2h1 d6d5 c6c5 e5d6 c5d4 f8e8 d4h8,-79
r5Nb/pbn1q1k1/1p1pB1p1/1P1Pp1P1/2P1P3/2N1BP2/3K3R/7R b - -,a8g8 e6g8 g7f8 h2h8 e7g7 g8e6 g7h8 h1h8 f8e7 h8h7,1264
5Q2/4P1k1/1p4P1/pb1p4/3P4/8/1P6/6K1 b - -,a8g8 e6g8 g7f8 h2h8 e7g7 g8e6 g7h8 h1h8 f8e7 h8h7,Mate
8/8/k7/3R4/1KP4r/1P6/8/8 b - -,a6b7 d5d6 b7c7 d6f6 c7d7 b4b5 h4g4 c4c5 d7e7 f6b6,988
1r3rk1/p3n1bp/b2pp3/q1p2pP1/5P2/2PP3P/P2BQ1B1/R2N1RK1 b - -,e6e5 c3c4 a5a3 d2c3 e7g6 g2d5 g8h8 h3h4 b8e8 f4e5,-49
8/pp4p1/2p1k1p1/2P2p2/1P1r4/P1R2P2/6PP/5K2 b - -,g6g5 f1e2 f5f4 g2g3 g7g6 g3f4 g5f4 h2h4 e6d5 c3c1,-7
r1bq1rk1/pp3ppp/2n2n2/2b1p3/2B5/2N2PN1/PPPP2PP/R1BQK2R b KQ -,f6h5 g3h5 d8h4 h5g3 h4c4 b2b3 c4h4 c1b2 c6d4 c3e4,-84
r3r1k1/1pp3p1/2pb1p1p/p7/1BPP4/3N2PP/PP3PK1/3RR3 b - -,b7b6 b4c3 e8d8 c4c5 b6c5 d4c5 d6f8 g2f1 d8d5 h3h4,483
8/1p4pp/8/5K2/P2k4/8/1P4P1/8 b - -,,0
8/3R4/3b1kpp/3Pq3/1p6/p4P2/5P1P/1Q3K2 b - -,e5d5 d7d8 f6e7 d8d6 d5d6 b1e4 e7f6 e4c4 h6h5 h2h3,-316
r3k2r/1pp2p2/1p1p3p/6p1/2B1Pp2/3P1P1R/PPP1b3/4R1K1 b kq -,g5g4 f3g4 e2g4 h3h2 a8a5 g1f2 h6h5 e1g1 a5g5 d3d4,-217
8/5k2/5pp1/4pP1p/8/3P2P1/1R2P1KP/4r3 b - -,,0
6k1/4PPN1/1p4P1/pb1p4/3P4/8/1P6/6K1 b - -,g6f5 h2h4 f7g6 g2f2 e1a1 b2b4 a1h1 b4c4 h1d1 c4c2,Mate
1rr3k1/pb2qpp1/1pn1pn1p/2b1B3/5Q2/1P4P1/P1P1NPBP/1N1R1RK1 b - -,c6e5 f4e5 b7g2 g1g2 e7b7 g2g1 f6e4 h2h4 c5f2 f1f2,-250
rn1qk2r/p1p2ppp/bp1bpn2/3p4/2PP4/5NP1/PPQNPPBP/R1B1K2R b KQkq -,b8d7 e1h1 e8h8 f1e1 a6b7 e2e4 f6e4 d2e4 d5e4 f3g5,23
5k2/p5N1/1p2PPP1/1b1p4/3P4/8/1P6/6K1 b - -,b8d7 e1h1 e8h8 f1e1 a6b7 e2e4 f6e4 d2e4 d5e4 f3g5,Mate
r3k2r/1pp2p2/1p1p3p/8/2B1PpP1/3P3R/PPP1b3/4R1K1 b kq -,e8e7 e1e2 a8g8 e2g2 g8g5 c4b3 b6b5 d3d4 c7c5 d4c5,378
6Bb/pbn1q1k1/1p1p2p1/1P1Pp1P1/2P1P3/2N1BP2/3K3R/7R b - -,g7f8 h2h8 e7g7 g8e6 f8e7 h1h7 g7h7 h8h7 e7d8 e6f7,2117
3r2k1/1p1rnppp/p7/3p4/3R4/P1N5/1P3PPP/3R2K1 b - -,d7d6 g1f1 f7f5 g2g3 g8f7 c3a4 d6c6 h2h4 d8d7 d4d3,-58
2rR2k1/p4p2/2p4p/bp2n3/4P1p1/1P4P1/P1R1NPBP/5K2 b - -,c8d8 c2c1 d8d2 h2h3 h6h5 a2a4 b5b4 c1b1 a5b6 f1e1,-492
r1bqk2r/ppp1nppp/2np4/2b1p3/2P1P3/P1NP4/1P2NPPP/R1BQKB1R b KQkq -,e8h8 e2g3 f7f5 e4f5 e7f5 g3f5 c8f5 f1e2 c6d4 c1e3,-75
r2qkbnr/ppp2ppp/3pb3/4p3/1n2P3/5N2/PPPPBPPP/RNBQ1RK1 b kq -,,0
8/5k2/8/8/2Q5/4K3/2B5/8 b - -,b4a2 d2d4 a2c1 d1c1 e5d4 f3d4 e6d7 c1e3 g8f6 e3b3,Mate
8/4k2p/p7/4P1p1/8/2PPK1P1/P7/8 b - -,e7f7 g3g4 f7g6 c3c4 h7h5 g4h5 g6h5 c4c5 h5g6 c5c6,761
4R3/3B1p1k/p4r2/1p3p1p/2b5/7R/PPP3PP/1K6 b - -,f6d6 d7f5 h7g7 e8e1 d6h6 b2b3 c4d5 h3g3 g7f8 f5h3,648
r4b1r/p1p1qkpp/5n2/8/3p2b1/1Q6/PP1PBPPP/RNB1K2R b KQ -,f7g6 b3d3 g6f7 f2f3 g4e6 d3d4 a8d8 d4a4 e7c5 b1c3,82
5kBR/pbn1q3/1p1p2p1/1P1Pp1P1/2P1P3/2N1BP2/3K4/7R b - -,f7g6 b3d3 g6f7 f2f3 g4e6 d3d4 a8d8 d4a4 e7c5 b1c3,Mate
5k2/2p2p2/1rpqp2p/1n1p3P/1r1P1P2/1P1PQ2K/2R1NP2/6R1 b - -,f8e8 c2a2 e8d7 a2a8 d6e7 g1g8 b5d6 e3e5 f7f6 e5e3,194
8/p5p1/2kn2Bp/5p1P/1P1K1P2/6P1/8/8 b - -,c6c7 d4e5 c7d7 g6f5 d7e7 f5d3 d6b7 d3e4 b7d6 e5d5,330
2rq1rk1/1p3pb1/2pp4/p2Pp1pp/2P1PB2/2Nn1P2/PPQN2PP/R4R1K b - -,d3e1 a1e1 e5f4 d5c6 b7c6 e1d1 f8e8 d2b3 c8a8 b3d4,434
r1b2rk1/1pp2q2/3p3p/3Pn3/1PPN4/4PpP1/1QR4P/4RBK1 b - -,h6h5 c2f2 f7g7 g1h1 e5g4 e3e4 h5h4 g3h4 g4f2 b2f2,-187
r1bq1rk1/ppp2ppp/1bp2n2/8/3PP3/2P2P2/PP2B1PP/RNBQK2R b KQ -,c6c5 d4c5 b6c5 d1d8 f8d8 c1f4 c7c6 b1d2 c8e6 d2c4,139
rnb1kb1r/ppp2ppp/5n2/3qp3/3P4/2P2N2/PP1N1PPP/R1BQKB1R b KQkq -,e5d4 f1c4 d5h5 f3d4 h5e5 c4e2 f8c5 d2f3 e5d6 e1h1,56
r3kbnr/pp1b1ppp/1qn1p3/4P1B1/2Bp4/1P3N2/P4PPP/RN1QK2R b KQkq -,c6e5 b1d2 e5f3 d2f3 f8b4 g5d2 d7c6 f3e5 b6a5 d2b4,-263
8/4k3/p7/4P1pp/4K3/2PP2P1/P7/8 b - -,e7f7 d3d4 a6a5 c3c4 h5h4 g3h4 g5h4 e4f3 f7f8 d4d5,732
3K4/3Q4/8/8/8/Q5p1/1Q6/4qk2 b - -,e7f7 d3d4 a6a5 c3c4 h5h4 g3h4 g5h4 e4f3 f7f8 d4d5,Mate
r2q1rk1/ppp2pp1/5b1p/R7/2P2B2/1P1P1R1P/2PQ2P1/6K1 b - -,c7c5 f4e3 b7b6 a5a2 f8e8 c2c3 e8e6 e3f2 f6g5 d2d1,-7
r1bq1rk1/pppn1ppp/3bpn2/6B1/3P4/3B1NN1/PPP2PPP/R2QK2R b KQ -,h7h6 g5h4 d6e7 d1e2 c7c5 e1a1 c5d4 f3d4 d7c5 d3c4,-12
8/p5p1/3n2Bp/1k2Kp1P/1P3P2/6P1/8/8 b - -,b5c6 g6f5 d6b5 g3g4 b5c7 g4g5 c7b5 f5e6 b5c3 g5h6,473
3r2k1/4R2p/6pQ/8/1pp1B1q1/8/1P3P1P/5K2 b - -,b5c6 g6f5 d6b5 g3g4 b5c7 g4g5 c7b5 f5e6 b5c3 g5h6,Mate
1r1q1rk1/p1p1bppp/1p2pn2/3NN3/Pn1P4/1Q2P1P1/1P3PBP/R1BR2K1 b - -,e6d5 c1d2 a7a5 d1c1 h7h5 h2h4 b8a8 d2b4 e7b4 e5c6,179
r2q1rk1/1p4pp/p2p4/4P3/4Pp2/1P3Q1P/P4PP1/1R3RK1 b - -,d8b8 e5d6 b8d6 b1d1 d6c6 d1d5 a8e8 e4e5 h7h6 f1e1,223
r2qk2r/p1p2ppp/2p2n2/2p4b/2B1P3/2NQ1P2/PPP3PP/R3K2R b KQkq -,d8e7 e1a1 e8h8 g2g4 h5g6 h2h4 a8d8 d3e3 h7h5 e3g5,225
3qr2k/p1p2p1P/1p3np1/4P1Q1/8/8/PPP1B3/2K4R b - -,f6e4 g5d8 e8d8 h1g1 h8h7 e5e6 e4d6 e6f7 d6f7 g1g3,-121
8/k7/8/1K1R4/2P4r/1P6/8/8 b - -,a7b7 d5d7 b7c8 d7g7 c8d8 c4c5 d8e8 b3b4 e8f8 g7d7,1430
r1bq1rk1/pppn1pp1/3bpn1p/8/3P3B/3B1NN1/PPP2PPP/R2QK2R b KQ -,,0
r2q1rk1/ppp2pp1/7p/R7/2Pb1B2/1P1P1R1P/2PQ2P1/7K b - -,c7c5 a5a2 f8e8 c2c3 d4f6 f4e3 f6g5 e3g5 h6g5 a2a1,8
r1bqkbnr/pppn2pp/4p3/3p1p2/2PP4/5NP1/PP2PPBP/RNBQK2R b KQkq -,f8b4 c1d2 b4d6 c4c5 d6e7 d1a4 a7a5 b2b4 g8f6 f3g5,69
rnb1kb1r/ppp2ppp/5n2/3q4/2Bp4/2P2N2/PP1N1PPP/R1BQK2R b KQkq -,d5h5 f3d4 h5d1 e1d1 f8e7 d4b5 e8d8 h1e1 b8c6 c4f7,63
r1r3k1/pb2qpp1/1p2pn1p/2b5/2P2Q2/1P4P1/PB2NP1P/1N1R1RK1 b - -,e7e8 b2d4 e8c6 f2f3 e6e5 f4e5 c8e8 e5f5 e8e2 d4c5,-409
8/Q3k3/8/8/8/4K3/2B5/8 b - -,c8d8 b2f6 e7f6 f4f6 g7f6 e2f4 b7f3 d1d2 d8d2 b1d2,Mate
8/1p6/p5k1/P1B4b/1P3bp1/6N1/6K1/8 b - -,f4e5 g2f2 e5c7 f2g2 c7d8 g3e4 g6h6 c5e3 h6g7 g2g3,-5
r3k2r/1pp2pp1/1p1p3p/4p3/2B1PPb1/3P2R1/PPP2P2/R5K1 b kq -,f7f5 f4e5 h6h5 e4f5 d6e5 a1e1 e8e7 e1e5 e7f6 e5e6,125
r2qk2r/3p1ppp/2b1p1n1/1p4P1/p3PP2/1PQ1B3/1PP3BP/3RKR2 b kq -,a4a3 c3g7 a3a2 d1a1 h8f8 e3d2 d8e7 g7d4 e6e5 f4e5,127
rn1qk2r/p2p1ppp/bp2pn2/2p5/2PP4/P4NP1/1PQBPP1P/R3KB1R b KQkq -,c5d4 f3d4 a6b7 f2f3 d7d5 c4d5 e8h8 a1d1 d8d5 d2c3,58
8/4k3/p7/3PPK1p/6p1/2P3P1/P7/8 b - -,e7f7 f5f4 f7e8 c3c4 a6a5 c4c5 a5a4 c5c6 h5h4 g3h4,1444
8/8/5kQ1/4N3/8/8/6K1/8 b - -,a6a5 f5f4 e7e8 c3c4 e8f8 c4c5 f8e7 a2a4 e7d7 f4g5,Mate
r1bq1rk1/p3ppbp/1n3np1/1N1P4/2B5/1Q1P1N2/PP3PPP/R1B1K2R b KQ -,h7h6 c1d2 c8b7 e1h1 b7d5 b5d4 b6c4 d3c4 a8b8 b3a3,28
5rk1/7p/p7/1p1p2p1/3P4/N1P3PR/PP1r4/R5K1 b - -,,0
r1bqkbnr/pp2ppp1/2n4p/1B1pN3/8/8/PPPP1PPP/RNBQK2R b KQkq -,c8d7 b5c6 d7c6 d1f3 g8f6 e1h1 e7e6 d2d4 d8c7 f1e1,-9
r1bn1rk1/2q1bppp/p2p1n2/1ppPp3/1P2P3/2P2N1P/P1BN1PP1/R1BQR1K1 b - -,a6a5 b4c5 c7c5 a1b1 c8a6 a2a4 b5a4 c3c4 d8b7 c2a4,73
8/5k2/8/4N3/6Q1/8/6K1/8 b - -,a6a5 b4c5 c7c5 a1b1 c8a6 a2a4 b5a4 c3c4 d8b7 c2a4,Mate
2rq1rk1/1p3pb1/2pp4/p2Pp1pp/2P1Pn2/2N2PP1/PPQN3P/R4R1K b - -,a5a4 g3f4 e5f4 d5c6 b7c6 c3a4 f8e8 a4c3 d6d5 a1d1,328
r1r1q1k1/pb3pp1/1p2pn1p/2b5/2P2Q2/1P4P1/PB1NNP1P/3R1RK1 b - -,e8c6 d2f3 c6f3 f4f3 b7f3 d1e1 c8d8 e2c3 d8d2 b2c1,-529
k7/8/8/1K1R4/1PP4r/8/8/8 b - -,h4g4 d5d7 g4h4 c4c5 h4g4 c5c6 g4e4 b5c5 a8b8 d7g7,1808
rnbqkb1r/pp3pp1/5n1p/2pp4/3P4/N1PB3P/PP3PP1/R1BQK1NR b KQkq -,b8c6 g1e2 c5c4 d3c2 f8d6 c1f4 e8h8 e1h1 a8b8 d1d2,-19
r1r2qk1/1R1R1pp1/4p3/6P1/p7/4PQ2/5PP1/6K1 b - -,,0
8/8/8/5B1R/6P1/4k2P/1b5r/3K4 b - -,h2f2 f5e6 f2d2 d1e1 d2c2 e1f1 c2f2 f1g1 b2d4 h5d5,2
5rk1/2R3p1/7p/1p2Rp2/3n4/5r2/PP3PPP/6K1 b - -,f3d3 h2h4 f5f4 e5e4 g8h7 g1h2 d3d2 h2h3 f8d8 f2f3,-354
5B2/1p6/p6k/P6b/1P3bp1/6N1/6K1/8 b - -,h6h7 g3h5 f4e5 h5g3 h7g6 f8c5 g6f7 g2f2 f7e6 g3e4,15
r2qk2r/ppp2ppp/3p1n2/2b1p1B1/2B1P3/2NP1P1b/PPP2P2/R2Q1R1K b kq -,h7h6 g5h4 h3f1 d1f1 g7g5 h4g3 h6h5 g3h2 d8e7 f1h3,-365
rn1qkb1r/pp2pppp/2p2n2/3p1b2/3P1BP1/2N2N2/PPP1PP1P/R2QKB1R b KQkq -,f5g4 f3e5 g4f5 h2h4 g7g6 d1d2 f8g7 e1a1 b8d7 e2e3,-133
r1bqkb1r/pp2n1pp/2n2p2/2ppp3/8/1QPP2P1/PP2PPBP/RNB1K1NR b KQkq -,h7h5 h2h4 a7a6 g1f3 c8e6 c3c4 d5c4 d3c4 d8c7 b1c3,-96
r1bq1rk1/pp2n1p1/1bn1p1p1/3pP2p/1P5N/P2B4/1BP2P1P/RN1QK2R b KQ -,b6f2 e1d2 f2h4 d2c1 d5d4 h1e1 d8c7 d3e4 c6e5 d1d4,-660
r2qkbnr/pp3ppp/2n1b3/2p1P3/2Pp4/P2BPN2/1P3PPP/RNBQK2R b KQkq -,d8d7 d3e4 e6c4 e3d4 c6d4 f3d4 c5d4 b1d2 c4a6 b2b4,73
8/pp3kp1/2p3p1/2P2p2/1P6/P2r1P2/R5PP/5K2 b - -,g6g5 f1e2 d3d4 a2c2 f7e6 c2c3 f5f4 g2g3 e6d5 g3f4,-5
r1bqkbnr/1p2ppp1/p1N4p/1B1p4/8/8/PPPP1PPP/RNBQK2R b KQkq -,d8d7 c6e7 a6b5 e7c8 a8c8 e1h1 f8d6 d2d4 g8e7 c2c3,76
r2qk2r/ppp2pp1/3p1B1p/2b1p3/2B1P3/2NP1P1b/PPP2P2/R2Q1R1K b kq -,d8f6 f1g1 f6h4 g1g2 h3g2 h1g2 h4f2 g2h1 f2h4 h1g2,-496
rn1qk1nr/pbp1ppbp/1p1p2p1/3P4/4P3/2N2N1P/PPP2PP1/R1BQKB1R b KQkq -,a7a6 a2a4 c7c6 f1c4 g8f6 e1h1 e8h8 f1e1 b8d7 f3d4,22
6k1/7p/p7/1p1p2p1/1P1P4/N1P3PR/P2r1r2/R5K1 b - -,,0
r1bq1rk1/ppp1nppp/2np4/2b1p3/2P1P3/P1NP2N1/1P3PPP/R1BQKB1R b KQ -,f7f5 e4f5 e7f5 g3f5 c8f5 f1e2 a7a5 e1h1 c6d4 e2f3,-91
5rk1/3pb1pp/b1q1pn2/2p5/1r2PB2/2N2N2/PPQ2PPP/2KRR3 b - -,f6g4 c2d2 b4d4 f3d4 c5d4 d2d4 f8f4 f2f3 g4f6 c1b1,-49
r1r1q1k1/pb3pp1/1p2pn1p/2b5/2P2Q2/NP4P1/PB2NP1P/3R1RK1 b - -,e8c6 d1d5 f6d5 f4e4 d5f4 e2c3 f4e2 g1h1 e2c3 e4c6,-783
r1bqk2r/pppp1ppp/2n2n2/2b1p3/4P3/3B1Q1N/PPPP1PPP/RNB2RK1 b kq -,d7d5 d3b5 d5e4 b5c6 b7c6 f3g3 e8h8 b1c3 f8e8 d2d3,-228
k2R4/7r/8/1K6/1PP5/8/8/8 b - -,a8b7 c4c5 b7c7 d8a8 c7b7 a8a6 h7h4 a6f6 b7c7 f6f7,1430
r1r2qk1/1R3Rp1/4p3/6P1/8/p3PQ2/5PP1/6K1 b - -,a8a5 f7g7 f8g7 b7g7 g8g7 f3f6 g7g8 f6e6 g8h7 e6c8,622
r1bq1rk1/4bppp/2n1p3/1p1pP3/p1nP1N1P/P4NP1/1PB2P2/R1BQ1RK1 b - -,f7f6 e5f6 e7f6 f1e1 a8a7 e1e6 c6a5 h4h5 a5b3 c2b3,139
8/3kn2p/p1nq2p1/2p1p3/Q3P3/2PPNNP1/P3K3/8 b - -,d7e6 e3c4 d6b8 a4a6 b8b1 a6a3 h7h6 a3c5 b1c2 e2e3,268
3R2k1/Q4pp1/1p2pn2/2p5/B7/5q2/PPP2PpP/6K1 b - -,g8h7 a7f7 f3e2 g1g2 e2e4 g2f1 e4a4 f7e6 h7g6 e6b3,493
3r2k1/2p2ppp/1p1q1n2/p2p4/Pb1P4/3QP1P1/1P3PBP/2RR2K1 b - -,d6e7 c1c6 g7g6 d1c1 b4d6 d3c2 d8e8 g2f1 g8g7 f1b5,200
8/8/1k6/8/pK6/P7/P7/8 b - -,,0
r1b1k2r/p4ppp/2nqpn2/1ppp4/3P1P2/2PBPN2/PP1N2PP/R2QK2R b KQkq -,b5b4 f3e5 e8h8 e1h1 b4c3 b2c3 c6e7 g2g4 c5c4 d3c2,-4
r1bqk2r/p2nppbp/5np1/1N1P4/Q7/6P1/PP1P1PBP/R1B1K1NR b KQkq -,d8b6 d2d4 e8h8 b5c3 c8b7 g1f3 f8d8 e1h1 f6d5 c1g5,67
rnbqkb1r/1p2pppp/5n2/pN6/3p4/1B3Q2/PPPP1PPP/R1B1K1NR b KQkq -,b8c6 f3e2 e7e5 g1f3 f8c5 d2d3 e8h8 e1h1 a5a4 b3c4,-70
2rq1rk1/pp1bpp1p/n1n3pB/2P5/8/b4NP1/3NPPBP/1R1Q1RK1 b - -,c8b8 h6f8 g8f8 d1b3 a3c5 d2e4 d7e6 b3b2 c5d4 f3d4,132
rnb2kn1/p2p2p1/5r2/1pP1P2p/8/N2p2PB/PP3q1P/R1B2N1K b - -,c8b8 h6f8 g8f8 d1b3 a3c5 d2e4 d7e6 b3b2 c5d4 f3d4,Mate
8/6kp/p7/1p1p2p1/1P1P2P1/N1P4R/P2r2r1/R6K b - -,,0
3R4/k6r/8/1KP5/1P6/8/8/8 b - -,d2a2 a1a2 g2a2 a3b5 a6b5 h3e3 a2c2 e3e5 g7g6 e5d5,Mate
6k1/1p3ppp/2pN2q1/1p4b1/8/2Q5/rPP2PPP/4R1K1 b - -,h7h6 d6b7 b5b4 c3b3 g6e6 b3e6 f7e6 h2h4 g5h4 g2g3,-37
r1bqkb1r/p2ppp1p/1np1P1p1/8/2BQ4/8/PPP2PPP/RNB1K2R b KQkq -,d7d6 e6f7 e8d7 d4h8 b6c4 e1h1 d7c7 b1d2 c4b6 d2e4,397
8/3kn2p/p1nq2p1/2p1p3/Qp2P3/2PPNNP1/PP2K3/8 b - -,d7e8 e3c4 d6f6 c3b4 c5b4 c4e5 e8d8 e2f2 g6g5 d3d4,202
r1b1k2r/p4ppp/2nqpn2/2ppN3/1p1P1P2/2PBP3/PP1N2PP/R2QK2R b KQkq -,c5c4 d3c2 e8h8 g2g4 c6e7 e1h1 b4c3 b2c3 a8b8 d1e1,-5
r2qkb1r/pp3ppp/2n1pn2/3p2B1/8/P1NQ3P/1PP2PP1/2KR1B1R b kq -,h7h6 g5d2 f8e7 c1b1 e8h8 g2g4 b7b5 g4g5 h6g5 h1g1,-133
8/6kp/p7/1p1p2p1/1P1P2P1/N1P4R/R5r1/7K b - -,,0
8/5pk1/6p1/r7/1bR1N2p/5P1P/1P4K1/8 b - -,b4f8 c4c7 a5b5 b2b3 b5b3 e4g5 b3b2 g2g1 b2b5 g5f7,-5
8/2B5/2B1k3/6pp/p7/2P3P1/p1P4P/R5K1 b - -,b4f8 c4c7 a5b5 b2b3 b5b3 e4g5 b3b2 g2g1 b2b5 g5f7,Mate
3R4/kr6/8/K1P5/1P6/8/8/8 b - -,b7f7 d8d6 a7b8 a5b5 b8b7 d6a6 f7f5 a6h6 f5f7 h6d6,1432
r2q2k1/pp3ppp/1np1rn2/6B1/1b1P1N2/2NQ4/PP3PPP/R4RK1 b - -,h7h6 f4e6 f7e6 g5f6 d8f6 a2a3 b4e7 a1e1 a8d8 d3h3,349
1rbqr1k1/4pp1p/p2p2pB/1pp2P2/2PbP3/1P1P2PP/P3Q1BK/1R3R2 b - -,d4g7 e2d2 a6a5 h3h4 b5c4 b3c4 b8b4 h4h5 g7f6 h6g5,12
r1b1k2r/p4ppp/2nqpn2/3pN3/1ppP1P2/2P1P3/PPBN2PP/R2QK2R b KQkq -,,0
8/6kp/p7/1N1p2p1/1P1P2P1/2P4R/r7/7K b - -,,0
r3k2r/pp2pp2/2npb1p1/q5Np/4P1nQ/2NB4/PPP2PPP/R4RK1 b kq -,a8c8 g1h1 g4e5 f2f4 e5d3 c2d3 e6g4 h4g3 f7f6 g5f3,49
r2q1rk1/1p4pp/p7/4p3/4Pp2/1P3Q1P/P4PP1/3R1RK1 b - -,d8e7 d1d5 a8d8 f1d1 d8d5 d1d5 h7h6 f3g4 b7b5 f2f3,75
rn1qk2r/pb1p1ppp/4pn2/2p5/1PP5/P4NP1/2QBPP1P/R3KB1R b KQkq -,e8h8 f1g2 b7e4 c2b2 d7d6 e1h1 b8d7 a1c1 d8e7 f1d1,43
8/3kn2p/p1nq2p1/1pp1p3/4P3/Q1PPNNP1/PP2K3/8 b - -,e7g8 e3d5 c6d8 c3c4 g8e7 c4b5 e7d5 e4d5 a6b5 a3a8,102
r1bqk2r/p3ppbp/1n3np1/QN1P4/8/6P1/PP1P1PBP/R1B1K1NR b KQkq -,d8d7 g1f3 f6d5 e1h1 b6c4 a5a4 c4b6 a4b3 c8a6 a2a4,44
r2q1rk1/pp3pp1/2pbp1p1/4B3/3P4/PQ5P/1PP2PP1/3R1RK1 b - -,d8e7 e5d6 e7d6 c2c4 b7b6 d1d2 a8d8 f1d1 d8d7 g2g3,3
r3k1nr/pppbqppp/8/2p5/2Q1P3/2P5/PP3PPP/RNB2RK1 b kq -,e8a8 c1e3 d7c6 f2f3 f7f5 c4c5 e7c5 e3c5 f5e4 c5d4,-1
r2q1rk1/p1p2pp1/1p3b1p/7R/2P2B2/1P1P1R1P/2PQ2P1/6K1 b - -,d8d4 g1h2 a8e8 f4c7 d4a1 c7d6 f6d4 d6f8 a1g1 h2g3,7
rnb2rk1/pppp2p1/4pq1p/5p2/1bPP4/1QN1PN2/PP3PPP/R3KB1R b KQ -,b4c3 b3c3 b7b6 a1c1 c8b7 f1e2 a7a5 c4c5 b6c5 c3c5,20
8/2kp4/8/3PK3/8/3P4/8/8 b - -,c7d8 e5f6 d8e8 d3d4 e8d8 d5d6 d8e8 f6g7 e8d8 g7f8,7084
8/6p1/3n2Bp/2K2p1P/1P3k2/8/8/8 b - -,f4e3 c5d6 f5f4 d6e5 f4f3 g6f5 f3f2 f5h3 e3d3 b4b5,791
r2qk2r/pb2ppbp/1n3np1/QN1P4/8/6P1/PP1PNPBP/R1B1K2R b KQkq -,b7d5 g2d5 f6d5 b5c3 e8h8 e1h1 d8d7 c3d5 b6d5 d2d4,-14
1r1q1r2/1bn1ppkp/3p1np1/p1p5/1p2PPP1/2PPN2P/PP1QN1B1/R4RK1 b - -,f6d7 f1f2 e7e6 e2g3 g7g8 g4g5 f7f5 h3h4 d6d5 h4h5,68
r2q1rk1/p1p2pp1/1p5p/7R/2Pb1B2/1P1P1R1P/2PQ2P1/7K b - -,d8e7 c2c3 d4f6 f4h6 f8e8 d2f4 e7d6 f4d6 c7d6 d3d4,59
3Qr2k/p1p2p1P/1p4p1/4P3/4n3/8/PPP1B3/2K4R b - -,e8d8 e2b5 e4g5 b5c6 g5h7 h1h4 h8g8 h4a4 a7a5 c2c3,-90
1r3rk1/p3n2p/b2p4/q1p1bpP1/2P5/3P3P/P2BQ1B1/R2N1RK1 b - -,a5d8 d1c3 a6b7 g2b7 b8b7 a1b1 b7b1 f1b1 f5f4 e2f3,-52
r3k2r/p1p2ppp/2p2n2/7b/2BpP3/5P2/PPP1N1PP/R4RK1 b kq -,f6d7 e2d4 d7e5 c4e2 e8a8 a1d1 g7g5 d4b3 d8d6 b3c5,300
2k5/ppp3R1/4pK2/4P3/PPr5/5P2/8/8 b - -,c4b4 f6e6 c7c5 e6d6 b4d4 d6c5 d4a4 e5e6 a4a5 c5d6,485
r1b2rk1/4b2p/2nqpp2/1p1p4/p1nP1N1P/P5P1/1PB2P1N/R1BQR1K1 b - -,f6f5 a1b1 e7f6 h2f3 c8d7 b2b3 a4b3 b1b3 a8a5 c2b1,135
2rqr1k1/p2Rpp1p/2n3pB/2n5/8/b4NP1/3NPPBP/3Q1RK1 b - -,c8b8 d7d8 e8d8 d1c2 d8d2 c2c3 c6d4 c3a3 d4e2 g1h1,590
1rbqr1k1/4p2p/p2p1ppB/1pp2P2/2PbPR2/1P1P2PP/P3Q1BK/1R6 b - -,b8b7 e4e5 d4e5 g2d5 e7e6 d5b7 c8b7 f5g6 h7g6 f4g4,12
8/3kn3/p1nq2pp/1pp1p3/4P3/Q1PPNNP1/PP1K4/8 b - -,c5c4 a3d6 d7d6 d3c4 e7g8 c4b5 a6b5 b2b4 g8f6 d2d3,157
r5k1/p2q2p1/2n1b3/1p1R3p/4Q3/2P3P1/PBP3BP/R5K1 b - -,e6f5 d5f5 a8e8 e4c6 d7c6 g2c6 e8d8 a1f1 h5h4 g3h4,1157
8/3p4/8/2kPK3/8/3P4/8/8 b - -,e6f5 d5f5 a8e8 e4c6 d7c6 g2c6 e8d8 a1f1 h5h4 g3h4,Mate
8/6kp/8/1p1p2p1/1P1P2P1/2P1R3/r7/7K b - -,,0
r3k2r/ppp2pp1/3p1q1p/2b1p3/2B1P3/2NP1P1b/PPP2P2/R2Q2RK b kq -,f6h4 g1g2 h3g2 h1g2 h4f2 g2h3 c7c6 d1e2 a7a5 a2a4,-484
r4rk1/1p1R2pp/p7/q3p3/4P1Q1/1P3p1P/P4PP1/5RK1 b - -,f8f7 g4e6 a8f8 f1c1 g7g6 b3b4 a5b4 d7f7 f8f7 c1c7,Mate
r1b1k2r/p1ppqppp/2p2n2/8/4P3/2P2N2/P1PP1PPP/R1BQK2R b KQkq -,e7e4 d1e2 e4e2 e1e2 c6c5 d2d3 c8b7 a1b1 b7c6 f3e5,-14
8/1k6/8/8/K7/P7/P7/8 b - -,,0
r5k1/p2q1rp1/1p2bn1p/4B3/2Pp4/P2B3P/1PQ2PP1/R3R1K1 b - -,a8d8 a1d1 f7e7 e5f6 g7f6 c2e2 e7e8 e2f3 d7g7 e1e4,323
r3k2r/ppp2pp1/3p1q1p/3Np3/2B1P3/3P1P1b/PPP2b2/R2Q2RK b kq -,f6h4 g1g2 c7c6 g2h2 f2g3 d1e2 c6d5 c4d5 h4h5 f3f4,-551
r1bqk1nr/pppp1ppp/1bn5/4p3/2BPP3/2P2N2/P2N1PPP/R1BQK2R b KQkq -,d7d6 a2a4 g8f6 c4b5 e5d4 c3d4 b6a5 e1h1 e8h8 d4d5,-38
rnbq2r1/pppnk1BQ/4p3/1B1p4/1b6/8/P4PPP/RN3KNR b - -,g8g7 h7g7 e7d6 g7g3 e6e5 h2h4 a7a6 b5d7 c8d7 g1f3,41
rnb1k2r/1pq2ppp/p2p1n2/4p3/4P3/1BB2N2/PPP2PPP/R2QK2R b KQkq -,f6e4 d1d3 e4c5 d3d2 a6a5 a1d1 c5e4 d2d3 e4c3 b2c3,-127
r2qk2r/3bbp1p/pnn1p1P1/1p1pP1N1/2pP4/P1P3P1/1PB1QP2/R1B1KN1R b - -,e7g5 h1h7 h8h7 g6h7 g5c1 h7h8q e8e7 h8f6 e7e8 a1c1,657
r1bqk2r/ppp2ppp/2n2n2/2bpp3/4P1P1/3B1Q1N/PPPP1P1P/RNB2RK1 b kq -,h7h5 h3g5 h5g4 f3h1 g4g3 h2h4 g3f2 g1g2 d8d7 h1h3,-579
r1bqk2r/p2nppbp/5np1/1Q1P4/8/2N3P1/PP1P1PBP/R1B1K1NR b KQkq -,h7h5 d2d4 a8b8 b5a4 h5h4 a4a7 b8b6 a7a4 c8a6 g1f3,102
r1bqk2r/p3npbp/2p1p1p1/3P2B1/2B5/2N5/PPP2PPP/R2Q1RK1 b kq -,f7f6 g5e3 c6d5 c4b3 d8a5 d1d2 e8f7 c3e4 a5c7 e3f4,87
2k4r/1b3p2/1np1p2p/qp1nP2P/2pP4/2P2P1B/2Q1N3/1R3KB1 b - -,a5a3 c2c1 a3c1 b1c1 c8d7 f3f4 h8a8 f4f5 a8a3 f5e6,-346
r2q1rk1/pp4b1/3p1n1p/2p1pb2/2PN4/2NB4/PP4PP/R1BQ1RK1 b - -,f5d7 d4f5 d7f5 d3f5 e5e4 c1e3 d8e7 d1d2 f6h5 c3d5,536
8/8/k7/8/1K6/P7/P7/8 b - -,,0
3R4/k3r3/8/KPP5/8/8/8/8 b - -,a6b7 b4c3 b7b8 c3c4 b8b7 c4d5 b7a6 d5d4 a6b5 d4d3,Mate
r1bq1knr/pp3ppp/2n1p3/2ppP3/3P1PQ1/P1P5/2P3PP/R1B1KBNR b KQ -,c5d4 c3d4 c6d4 g4d1 d4f5 g1f3 h7h5 f1d3 g8e7 a3a4,-3
6k1/2pr1ppp/1pRbqn2/pQ1p4/PP1P4/4P1P1/5PBP/2R3K1 b - -,a5b4 a4a5 b6a5 b5b8 e6e8 b8e8 f6e8 c6a6 e8f6 a6a5,312
r2q1rk1/pp3pp1/2p1p1p1/4P3/8/PQ5P/1PP2PP1/3R1RK1 b - -,d8g5 f2f4 g5e7 d1d6 a8d8 f1d1 e7c7 g1h2 d8d6 d1d6,43
rnb2kn1/pp1p2p1/5r2/2P1P2p/8/3p2PB/PP3q1P/RNB2N1K b - -,b7b5 c5c6 f6c6 c1e3 f2b2 b1d2 b2a1 h3g2 a1e5 d2b3,-1098
r1b2rk1/pp1p1ppp/4pn2/2q1n3/2P5/2Q1P1P1/PPN2PBP/R1B2RK1 b - -,f8d8 b2b3 e5c6 c1a3 c5h5 a3d6 b7b6 a1d1 c8b7 e3e4,130
8/7k/1p6/8/1p1p4/4pKR1/q6P/6R1 b - -,a2d5 f3e2 d5b5 e2f3 b5f5 f3e2 b4b3 g3g7 h7h6 g7g8,-426
r4rk1/p1p2ppp/2p2n2/2p4b/2BqP3/1PN2P2/P1P3PP/R2Q1R1K b - -,d4c3 d1e1 c3e5 a2a4 h5g6 e1a5 f6d7 f3f4 e5e4 f4f5,-276
2k4r/1b3p2/2p1p2p/qp1nP2P/n1pP4/2P2P1B/2Q1N3/2R2KB1 b - -,a5d8 c2d2 d8e7 f1g2 e7a3 g2h2 b5b4 c3b4 b7a6 d2e1,-221
8/4B3/4B1k1/8/4R3/2P3K1/2P5/8 b - -,a4b6 c2b2 a5a4 c1a1 a4b3 b2c1 b6a4 a1b1 b3a2 b1a1,Mate
8/8/1k6/8/PK6/8/P7/8 b - -,,0
r2q1rk1/ppp2ppp/1bnp1n2/3Pp3/8/2N1P1P1/PP2NPBP/R1BQ1RK1 b - -,c6b8 a1b1 b8d7 h2h3 a7a5 g1h2 d8e7 d1c2 d7c5 e3e4,452
2r1r1k1/p2qp2p/2n2ppB/2n5/8/Q4NP1/3NPPBP/5RK1 b - -,d7d6 g2h3 c8b8 d2c4 d6d5 c4e3 d5h5 h3g4 h5h6 a3c5,336
r2qk3/3b1p1P/pnn1p3/1p1pP1b1/2pP4/P1P3P1/1PB1QP2/R1B1KN2 b - -,g5f6 e2h5 f6h8 c1g5 d8c8 g5f6 h8f6 e5f6 e8d8 h7h8q,659
rnb1k1nr/ppp2ppp/1b1q4/8/3P4/4PN2/PPP3PP/RNBQKB1R b KQkq -,g8f6 f1d3 c7c5 b1a3 d6e7 e1h1 e8h8 a3c4 b6c7 e3e4,97
2k4r/1pp3Rp/p5p1/5p2/5P2/P5P1/1PP4P/2K5 b - -,a6a5 a3a4 b7b6 b2b3 c8b7 c1b2 b7c6 b2c3 c6d6 c3c4,171
8/6p1/1PKn3p/4k2P/8/3B4/5p2/8 b - -,f2f1r d3f1 d6f7 c6d7 e5f4 b6b7 f7e5 d7d6 e5g4 b7b8q,705
r1b1k2r/p1pp1ppp/2p2n2/8/4q3/2P2N2/P1PPQPPP/R1B1K2R b KQkq -,c6c5 e2e4 f6e4 c3c4 e4d6 d2d3 d6f5 a1b1 d7d6 h2h4,-17
r2q1rk1/p1p2pp1/1p5B/2b4R/2P5/1P1P1R1P/2PQ2P1/7K b - -,d8d4 d2c1 g7g6 h5d5 d4h8 h6f8 a8f8 f3f1 f7f5 d5d7,375
r1bqkbnr/2p2ppp/p1n1p3/1p1p4/3P1B2/1PPBP3/P4PPP/RN1QK1NR b KQkq -,g7g5 f4g3 h7h5 h2h4 f8d6 g3d6 c7d6 b3b4 c8d7 a2a4,41
r1b2rk1/p4ppp/2nqpn2/3pN3/1ppP1P2/2P1P3/PPBN2PP/R2Q1RK1 b - -,,0
r1b2knr/pp3ppp/1qn1p3/2ppP3/3P1P2/P1P5/2P3PP/R1BQKBNR b KQ -,c5d4 g1e2 d4c3 e2c3 g8e7 a3a4 h7h5 d1d2 f8g8 a1b1,9
r3kb1r/pp1n1ppp/1B1p1n2/q2p1b2/8/2P2N2/P3Q1PP/R3KB1R b KQkq -,f8e7 b6a5 e8h8 e2d1 f6g4 d1d2 d7c5 f1e2 c5e4 d2f4,287
2R5/6pk/3b3p/3P4/1p1q4/p4P2/2Q2P1P/6K1 b - -,g7g6 c8d8 d6c5 d8d7 h7h8 c2e2 c5f8 h2h4 d4h4 e2e5,Mate
8/2R2pk1/6p1/r7/4N2p/5P1P/1P4K1/4b3 b - -,,0
r1b1k2r/p1pp1ppp/2p2n2/8/8/2P2N2/P1PPKPPP/R1B4R b kq -,c6c5 h1e1 d7d6 c3c4 a8b8 d2d3 e8d7 e2f1 c8b7 f3h4,-18
6k1/2pr1ppp/3R1n2/pQ1p4/1p1P4/4P1Pq/5P1P/2R3K1 b - -,h7h6 d6d7 h3d7 b5a5 c7c6 a5b4 g8h7 b4b1 g7g6 b1b8,259
1rbqr1k1/4p2p/p2p1ppB/1pp1bP2/2P1P2R/1P1P2PP/P3Q1BK/1R6 b - -,e8f8 h4g4 d8e8 h3h4 b5c4 d3c4 g8h8 f5g6 h7g6 h6f8,17
8/1k6/8/8/PK6/P7/8/8 b - -,,0
2k4r/1b3p2/1np1p2p/qp1nP2P/2pP4/2P2P1B/4N3/1RQ1K1B1 b - -,b6a4 g1e3 a4c3 e2c3 a5c3 c1c3 d5c3 b1c1 c3d5 e3d2,-465
3q4/5pk1/2P1p3/1K2P2p/8/2Q3P1/8/8 b - -,d8b8 b5a4 b8a8 a4b3 f7f5 e5f6 g7g6 c3c5 a8b8 b3c4,426
r1bqk2r/ppp2pp1/2n2n2/2bpp2P/4P3/3B1Q1N/PPPP1P1P/RNB2RK1 b kq -,c6d4 f3e3 d5e4 d3e4 f6e4 e3e4 c8h3 d2d3 h8h5 c1e3,-671
r2q1rk1/pp4b1/3pNn1p/2p1p3/2P5/2Nb4/PP4PP/R1BQ1RK1 b - -,e5e4 e6d8 a8d8 f1f4 b7b5 f4h4 h6h5 c1g5 d8e8 g5f6,486
3R4/k6r/2P5/KP6/8/8/8/8 b - -,e5e4 e6d8 a8d8 f1f4 b7b5 f4h4 h6h5 c1g5 d8e8 g5f6,Mate
r3k2r/1pp2pp1/1p1p4/4p2p/2B1PPb1/3P1PR1/PPP5/R5K1 b kq -,g4d7 g3g7 e5f4 g7f7 a8a5 f7g7 h5h4 g1h2 a5h5 a1g1,107
8/pp4p1/2p1k1p1/2P5/1P1r1p2/P4P2/2R3PP/5K2 b - -,g6g5 c2e2 e6f6 e2e8 a7a5 b4a5 d4a4 e8f8 f6g6 f8b8,-18
r4rk1/1ppb4/3p3p/3P2q1/1PP1R3/2Q2pP1/5P2/2R2BK1 b - -,d7f5 e4e3 f5g4 c1e1 h6h5 e3e4 f8f7 e4e8 a8e8 e1e8,99
1r4k1/3Q1pp1/7p/p2p4/8/4P1P1/1r3P1P/1R4K1 b - -,b2b1 g1g2 b8a8 d7c6 b1b8 c6a4 b8c8 h2h4 c8c4 a4d1,-323
3R4/7k/3b2pp/3P4/1p1q4/p4P2/2Q2P1P/6K1 b - -,d6h2 g1g2 h2e5 d8d7 e5g7 d7d6 g7f6 c2c7 f6g7 c7f7,160
1q2b1k1/1r4p1/pn1p1p1p/Bp1Pp2P/4P1P1/P1R1QP2/1P4B1/6K1 b - -,b6c4 e3c1 c4a5 g1h2 e8d7 g2h3 a5c4 h2g2 c4b6 c1h1,-314
8/p2Rq1k1/1pP2pp1/2n4p/2P4P/Q4rP1/P4P2/6K1 b - -,f3a3 d7e7 g7f8 c6c7 f8e7 c7c8q c5d7 c8g8 d7e5 g8g7,226
8/8/1k6/8/P1K5/P7/8/8 b - -,,0
3r1b2/p5kp/8/2pp3p/5P2/8/PP1NR1PP/5R1K b - -,a7a5 f4f5 a5a4 f5f6 g7g8 d2f3 h7h6 e2e6 d5d4 e6a6,614
2k4r/2p3Rp/p5p1/1p3p2/1P3P2/P5P1/2P4P/2K5 b - -,h8e8 g7h7 e8e6 c1d2 e6d6 d2c3 d6c6 c3b3 c6e6 h7g7,184
8/3p4/3k4/8/2K5/3P4/3P4/8 b - -,d6c6 d3d4 d7d6 c4d3 c6d5 d3e3 d5e6 e3e4 d6d5 e4f4,5481
r4rk1/p1p2ppp/2p2n2/2p4b/2BqP3/2N2P2/PPP1Q1PP/R4R1K b - -,h7h6 g2g4 h5g6 a1d1 d4e5 f3f4 g6e4 h1g1 e5e8 g4g5,217
r1bqkbnr/2p2p1p/p1n1p1p1/1p1p4/3P1B2/1PPBP3/P2N1PPP/R2QK1NR b KQkq -,f8d6 g1f3 d6f4 e3f4 b5b4 a1c1 g8e7 h2h4 d8d6 g2g3,77
8/pp4p1/2p3p1/2Pk4/1P1r1p2/P1R2P2/6PP/5K2 b - -,d4c4 c3d3 c4d4 d3c3 d4d1 f1e2 d5d4 c3c2 d1d3 a3a4,-170
8/3p4/2k5/8/2KP4/8/3P4/8 b - -,d4c4 c3d3 c4d4 d3c3 d4d1 f1e2 d5d4 c3c2 d1d3 a3a4,Mate
r1bq1rk1/1pp1nppp/pb1P4/6B1/Q7/2P2N2/PP3PPP/RN3RK1 b - -,d8d6 b1a3 d6c6 a4c6 e7c6 a3c4 b6a7 g5f4 c8e6 c4e3,-28
8/6k1/8/7P/7K/8/p1N5/8 b - -,,0
r1k2b1r/1pp2ppp/2n1bN2/2P1p3/pP6/P3P1PP/1B1RNPB1/2KR4 b - -,g7f6 b4b5 a8a5 e2c3 f8c5 b5c6 b7c6 g2c6 e6b3 c6d5,390
r3kb1r/pp1npppp/3N1n2/q2p1b2/8/2P1BN2/P3Q1PP/R3KB1R b KQkq -,e7d6 e3b6 f8e7 b6a5 e8h8 e2d1 b7b6 a5b4 a7a5 b4a3,292
rnb2kn1/p2p2p1/5r2/1pP1P2p/8/3p2P1/PP3qBP/RNB2N1K b - -,e7d6 e3b6 f8e7 b6a5 e8h8 e2d1 b7b6 a5b4 a7a5 b4a3,Mate
3r2k1/4R2p/6pQ/8/1pp1B3/8/1P3PKP/3q4 b - -,e7d6 e3b6 f8e7 b6a5 e8h8 e2d1 b7b6 a5b4 a7a5 b4a3,Mate
2rq1Bk1/pp1bpp1p/2n3p1/2n5/8/b4NP1/3NPPBP/1R1Q1RK1 b - -,a7a5 f8h6 a3b4 b1c1 a5a4 c1c5 b4c5 d2e4 c5b4 d1a4,330
8/8/2k5/P7/2K5/P7/8/8 b - -,,0
8/3R3k/3b2pp/3Pq3/1p6/p4P2/2Q2P1P/6K1 b - -,d6e7 c2c5 h7g7 d7e7 g7f6 e7e5 f6e5 c5b4 e5d5 b4a3,Mate
br3rk1/3nbppp/p1n1p3/q1p1P2Q/2Pp1B1P/P2P2P1/5PBN/R3RNK1 b - -,b8b3 h2g4 f8b8 g2e4 g7g6 h5h6 e7f8 h6g5 a5d8 f1d2,35
7r/1kp3Rp/p5p1/1p3p2/1P3P2/P5P1/1KP4P/8 b - -,b7c8 b2b3 c8b7 a3a4 h8e8 a4b5 a6b5 g7h7 e8e6 h7g7,180
r1bqr1k1/pppn1ppp/3bpn2/8/3P4/2N2BN1/PPP2PPP/R1BQ1RK1 b - -,h7h6 c3e4 f6e4 g3e4 e6e5 e4d6 c7d6 d4e5 d7e5 f3d5,38
3r2k1/6p1/1qb1Bn1p/pp6/3PP3/4QP1P/P4KP1/2R5 b - -,g8h8 d4d5 b6e3 f2e3 c6d5 c1d1 d5e6 d1d8 h8h7 d8a8,59
6k1/2pR1pp1/8/pQ1p3p/1p1P2n1/4P1Pq/2R2P1P/6K1 b - -,c7c6 d7d8 g8h7 b5d3 g7g6 f2f3 g4h6 c2f2 h3e6 d8a8,423
r4Nk1/pp2q1b1/3p1n1p/2p1p3/2P5/2Nb4/PP4PP/R1BQ1RK1 b - -,d3f5 c3d5 f6d5 d1d5 g8h8 f1f5 a8f8 f5f8 e7f8 c1e3,589
6R1/ppk5/2p1p3/4P3/PPP2K2/5P1r/8/8 b - -,b7b6 g8g7 c7d8 g7a7 h3h4 f4g5 h4c4 b4b5 c4d4 g5f6,409
8/2p1kp2/3b1p2/p1p1pP2/Pp2P2N/3P3P/1PP1KP2/8 b - -,c7c6 h4f3 e7f8 f3h2 d6c7 h2g4 f8g7 e2d2 c7b6 c2c3,395
r5k1/5pp1/1Q2pn2/2p5/B7/5q2/PPPR1PpP/6K1 b - -,a8a4 b6b8 g8h7 b8b3 f3b3 a2b3 a4a2 c2c3 a2a8 g1g2,-471
r2q1rk1/pb1n1ppp/1pp2n2/3pN3/1P1P4/3BP3/P2N1PPP/2RQ1RK1 b - -,a7a5 e5c6 b7c6 c1c6 a5b4 d1b1 a8a3 d3b5 d8e7 c6c7,74
r2qr1k1/1b3p1p/p1n1p1B1/1pbp4/5PQ1/1P2P2R/PBPN2PP/R5K1 b - -,h7h5 g6f7 g8f8 g4g7 f8e7 f7h5 e7d6 h5e8 c5d4 b2d4,961
r1b2rk1/1pp1nppp/pb1q4/6B1/Q7/2P2N2/PP3PPP/RN1R2K1 b - -,d6c6 a4c6 e7c6 d1e1 c8e6 b1d2 f8e8 g5e3 b6e3 e1e3,-83
2Q3k1/3R4/3b2pp/3Pq3/1p6/p4P2/5P1P/6K1 b - -,d6f8 c8c4 f8d6 g1f1 e5a1 f1g2 a1e5 c4c8 d6f8 h2h4,Mate
r1bqk2r/p1pp1ppp/2p5/4N3/4n3/2P5/P1PP1PPP/R1BQ1RK1 b kq -,e8h8 f1e1 e4g5 f2f4 f7f6 e5c4 g5f7 c4a5 c6c5 d1f3,45
2r2qk1/pp1bpp1p/2n3p1/2n5/2N5/b4NP1/4PPBP/1R1Q1RK1 b - -,e7e5 c4a3 c8d8 b1b2 e5e4 f3d4 c5d3 e2d3 f8a3 d4c6,320
3r3k/p1p2p1P/1p4p1/4P3/4n3/3B4/PPP5/2K4R b - -,e4g5 d3c4 d8e8 h1f1 e8e7 c1d2 h8h7 d2c3 e7e5 c4f7,-180
r1k2b1r/1pp2p1p/2n1bp2/1PP1p3/p7/P3P1PP/1B1RNPB1/2KR4 b - -,a8a5 e2c3 f8c5 b5c6 b7c6 g2c6 e6b3 d1g1 c8b8 c6d5,396
8/8/2kp4/3P4/2K5/8/3P4/8 b - -,a8a5 e2c3 f8c5 b5c6 b7c6 g2c6 e6b3 d1g1 c8b8 c6d5,Mate
2r2nk1/p1r2pp1/8/p2Pp2p/1b2P2B/1Pp2PNP/R1Q3PK/3q4 b - -,d1d2 g3f5 f8g6 h4f2 g8f8 h3h4 d2c2 a2c2 g6f4 f2e3,-641
8/1p6/p5k1/P6b/1b3Np1/4B3/6K1/8 b - -,g6f5 f4h5 b4a5 e3a7 b7b5 h5g7 f5e5 g2f2 a5c7 f2e3,-143
rn1qkb1r/ppp2ppp/4pn2/3p1b2/2PP4/4P2P/PP3PP1/RNBQKBNR b KQkq -,c7c5 c4d5 f6d5 g1f3 b8c6 b1c3 a7a6 c3d5 d8d5 d4c5,-39
r3kb1r/pp1npppp/5n2/qN1p1b2/8/2P2N2/P3QBPP/R3KB1R b KQkq -,e7e6 f3d4 a7a6 d4f5 a6b5 f2d4 e8d8 f5h6 g7h6 e2f3,-507
r2qrbk1/ppp3pp/8/n7/4N3/Pb1PP1P1/1Q4BP/2R1NRK1 b - -,g8h8 f1f5 c7c5 e4c5 b3g8 c5e4 a8b8 c1c3 a5c6 e1f3,28
8/1R3pk1/6p1/8/4N2p/5P1P/rP4K1/4b3 b - -,,0
7k/8/8/2P5/2K5/7p/8/8 b - -,g7f8 e4g5 f7f5 g5e6 f8g8 g2f1 e1g3 f3f4 g8h8 b7b6,Mate
r2qk2r/ppp2pR1/3p3p/3Np3/2B1P3/3P1P1b/PPP2b2/R2Q3K b kq -,d8h4 d5f6 h4f6 c4f7 e8f8 f3f4 f6g7 d1f3 h3g4 f3f2,-666
r5k1/pp2q1b1/3p1nNp/2p1p3/2P5/2N5/PP4PP/R1BQ1bK1 b - -,e7d8 d1f1 e5e4 h2h3 d8e8 g6h4 e8e5 c1e3 b7b5 h4g6,439
r3k2r/ppp1qp1p/2npbp2/2b5/2B1P3/2NQ1N2/PP3PPP/R4RK1 b kq -,c6e5 f3e5 d6e5 c3d5 e6d5 c4d5 c7c6 a1c1 a8d8 d3e2,-74
r1bq1rk1/p1pp1ppp/2p5/4N3/4n3/2PP4/P1P2PPP/R1BQ1RK1 b - -,e4c3 d1f3 d8f6 f1e1 f6f3 e5f3 c3d5 c1d2 d7d6 c2c4,-48
r1bqr1k1/pppn1ppp/3b1n2/1N2p3/3P4/5BN1/PPP2PPP/R1BQ1RK1 b - -,d6b4 c1g5 c7c6 g5f6 d7f6 d4e5 f6d7 b5d6 e8e5 c2c3,21
r2qr1k1/1b5R/p1n1p1p1/1pbp4/5PQ1/1P2P3/PBPN2PP/R5K1 b - -,d6b4 c1g5 c7c6 g5f6 d7f6 d4e5 f6d7 b5d6 e8e5 c2c3,Mate
7k/8/8/1KP5/8/8/7p/8 b - -,d6b4 c1g5 c7c6 g5f6 d7f6 d4e5 f6d7 b5d6 e8e5 c2c3,Mate
8/4pk2/8/8/4P3/8/5K2/8 b - -,,0
r4rk1/p1p2pp1/1p5B/2b4R/2Pq4/1P1P3P/2PQ2P1/5R1K b - -,c5e7 h6f4 d4f6 d2e2 e7d6 f4d6 f6d6 e2g4 g7g6 h5d5,246
r2qk2r/pp3pR1/2pp1N1p/4p3/2B1P3/3P1P1b/PPP2b2/R2Q3K b kq -,d8f6 c4f7 e8f8 f3f4 f6g7 d1f3 g7g3 f3g3 f2g3 f7h5,Mate
3r3k/6p1/2b1Bn1p/pp1P4/4P3/4KP1P/P5P1/2R5 b - -,c6d7 e6d7 f6d7 c1c7 b5b4 c7b7 h8g8 e3d4 g8f8 b7a7,104
r1b1kb1r/pp3ppp/1qn1p3/3pPn2/3P4/4BN2/PP1QBPPP/RN2K2R b KQkq -,f7f6 e5f6 g7f6 b1c3 c8d7 e1h1 e8a8 a1c1 c8b8 e3f4,20
8/1k6/8/PK6/8/P7/8/8 b - -,,0
r3r1k1/ppB2ppp/2b5/2P5/2n5/4P1PB/P4P1P/R4RK1 b - -,,0
2r2qk1/pp1bpp1p/2n3p1/2n1N3/1bN5/6P1/4PPBP/1R1Q1RK1 b - -,c8c7 g2c6 d7h3 c6g2 h3g2 g1g2 a7a5 c4b6 e7e6 e5f3,375
3r1r2/ppk5/2pp3p/6pB/4P3/2N3P1/PP4K1/3R4 b - -,f8f6 d1d2 d8f8 h5g4 a7a6 c3d1 f6f7 d1f2 f8d8 f2d3,-32
r3k2r/pp3R2/2pp1q1p/4p3/2B1P3/3P1P1b/PPP2b2/R2Q3K b kq -,a7a5 c3e2 f8f6 e2d4 d8h8 d1e1 a5a4 h5g4 h8e8 g4f5,Mate
r1br2k1/p4p1p/2p3p1/4B3/3P4/4P2P/P2KBPP1/R7 b - -,a7a5 a1c1 c8d7 a2a3 a5a4 e5c7 d8e8 c7d6 a8a7 f2f3,63
r2qr3/1b5k/p1n1p1p1/1pbp4/5P2/1P2P2Q/PBPN2PP/R5K1 b - -,a7a5 a1c1 c8d7 a2a3 a5a4 e5c7 d8e8 c7d6 a8a7 f2f3,Mate
r2qr1k1/1bpn1ppp/1p1p1n2/p2Pp3/2P1P3/P1QB2N1/1P3PPP/R1B1R1K1 b - -,a5a4 h2h3 b7c8 d3c2 d7f8 c1d2 f8g6 g3f5 h7h6 g1h2,78
8/pp4p1/2p3p1/2Pk4/1Pr2p2/P2R1P2/6PP/5K2 b - -,c4d4 d3c3 d4d1 f1e2 d5d4 c3c2 d1d3 a3a4 g6g5 g2g3,-169
8/8/3p4/1k1P4/3K4/3P4/8/8 b - -,c4d4 d3c3 d4d1 f1e2 d5d4 c3c2 d1d3 a3a4 g6g5 g2g3,Mate
8/4p3/5k2/8/4P3/4K3/8/8 b - -,,0
r3k2q/5p1P/pnb1pB2/1p1p3Q/2pP4/P5P1/1PB2P2/R3KN2 b - -,h8f6 h7h8q f6h8 h5h8 e8d7 h8f6 d7c7 f6f7 b6d7 f7h7,690
r4rk1/p1p3B1/1p3p2/2b4R/2Pq4/1P1P3P/2PQ2P1/5R1K b - -,d4e3 d2e3 c5e3 g7f6 f8f6 f1f6 e3d2 h5h4 a7a5 h4g4,568
2k4r/1b3p2/pnp1p2p/qP1nP2P/2pP4/2P2P1B/2Q1N3/1R2K1B1 b - -,c6b5 g1f2 b7c6 e1d2 c8b7 c2c1 h8g8 h3g4 b6a4 f2h4,-366
r3k2r/pp3R2/2pp3p/4p3/2B1P2q/3P1P1b/PPP1Qb2/R6K b kq -,a6b5 c2d2 c8c7 e1f2 a5a3 f2g3 b6a4 b1c1 b5b4 c3b4,Mate
8/2B4p/p1p1kp2/1Pp5/P1Pb1p2/5P1P/4KP2/8 b - -,e6d7 b5b6 d7c8 c7f4 c8b7 f4c7 f6f5 e2f1 d4f6 f1g2,122
r1bq1rk1/pp3ppp/2n5/2b1p2n/2B5/2NP1PN1/PPP3PP/R1BQK2R b KQ -,h5f4 e1f1 a7a6 a2a4 c5a7 h2h4 g8h8 d1e1 f7f5 c1e3,-158
r1bq1rk1/1pp2ppp/1bp2n2/p7/P1BPP3/2P2P2/1P4PP/RNBQK2R b KQ -,b6a7 b1a3 c6c5 d4d5 f6d7 e1h1 c7c6 c1f4 d7b6 f1e1,219
8/6k1/8/6KP/8/8/p7/4N3 b - -,a2a1q e1d3 a1d4 d3f4 d4e4 f4g6 e4d5 g5g4 g7f6 g6f4,-690
8/k7/8/P1K5/8/P7/8/8 b - -,,0
3k4/1Q4K1/7r/8/8/8/8/8 b - -,h6d6 b7e4 d6b6 g7f7 b6b7 f7f6 b7b6 f6e5 d8d7 e4c4,243
3rr3/3kbQpp/p3Bp2/8/3p4/5P1q/PP1B1P1P/4R1K1 b - -,h6d6 b7e4 d6b6 g7f7 b6b7 f7f6 b7b6 f6e5 d8d7 e4c4,Mate
r5k1/pp3qb1/3p1n1p/2p1N3/2P5/2N5/PP4PP/R1BQ1bK1 b - -,f7f8 d1f1 d6e5 h2h3 b7b6 c1e3 f8f7 a1d1 a8f8 b2b3,94
8/8/3p4/3P4/1k6/3PK3/8/8 b - -,f7f8 d1f1 d6e5 h2h3 b7b6 c1e3 f8f7 a1d1 a8f8 b2b3,Mate
r1bqk2r/1p1p1ppp/p1n2n2/3Np3/1b2P3/5N2/PPPB1PPP/R2QKB1R b KQkq -,b4d2 f3d2 e8h8 f1c4 d7d6 d5f6 d8f6 e1h1 c8e6 c2c3,12
4k3/2Q1n2p/p2Nq3/6p1/4P3/2PPK1P1/P7/8 b - -,e6d6 c7d6 h7h5 d6h6 h5h4 g3h4 g5h4 e3d4 h4h3 d4c5,968
rnb4q/pppn1k1p/4p3/1B1p4/1b6/P7/5PPP/RN1Q1KNR b - -,h8a1 a3b4 a7a5 g2g3 f7e7 g1f3 a5b4 f1g2 a1f6 d1c2,-266
8/4p3/8/6k1/4P3/5K2/8/8 b - -,,0
1rbq1rk1/p3ppbp/5np1/3Pn3/3Q4/2N3P1/PP1PNPBP/R1B1K2R b KQ -,f6g4 e1h1 g4h2 d4a7 e5f3 g2f3 h2f3 g1g2 c8g4 d2d3,-164
r1bQrbk1/ppp2ppp/5n2/1N2n3/8/5BN1/PPP2PPP/R1B2RK1 b - -,a7a6 d8c7 e5f3 g2f3 a6b5 f1d1 c8e6 c7b7 e8b8 b7c6,504
rnb1kb1r/pp2pppp/2q5/2p5/P4P2/5Q2/1PPP2PP/R1B1KBNR b KQkq -,,0
2Q5/p3k3/1p3pp1/2n4p/2P4P/r5P1/P4P2/6K1 b - -,c5d7 c8g8 d7e5 g8g7 e7e6 g1f1 a3a2 f2f4 a2a1 f1e2,259
r1bqk2r/5p2/p3p3/3p1P1p/1p2N2b/7Q/PPP1B1PP/2KR3R b - -,a8a7 e4d6 d8d6 h3h4 a7c7 c1b1 h8g8 f5e6 c8e6 d1d2,182
r2qrbk1/ppp3pp/1nn1b3/5p2/4p3/PPN1PPP1/1B1P2BP/2RQNRK1 b - -,d8d7 f3e4 c6a5 c3d5 f5e4 d5c7 a5b3 c7e6 d7e6 c1c3,102
8/1p6/p7/b5B1/2k5/8/4K3/8 b - -,a5b4 g5f4 a6a5 e2d1 b4c3 f4c1 a5a4 c1a3 b7b5 a3d6,-1668
8/8/3p4/2kP4/4K3/3P4/8/8 b - -,a5c3 e2d1 c4b3 d1e2 a6a5 e2f3 a5a4 f3f4 b3c4 g5f6,Mate
3r3k/3n2p1/7p/pp1P4/3KP3/5P1P/P5P1/2R5 b - -,h8g8 c1c7 d7f8 c7b7 b5b4 b7a7 g7g5 a7a5 f8g6 g2g3,128
8/8/k7/P7/2K5/P7/8/8 b - -,,0
r3k2Q/5p2/pnb1pq2/1p1p3Q/2pP4/P5P1/1PB2P2/R3KN2 b - -,f6h8 h5h8 e8e7 h8h4 e7d7 h4f6 a8f8 f6g7 f8e8 g7f7,696
r1bQrbk1/ppp2ppp/5n2/1N6/8/5PN1/PPP2P1P/R1B2RK1 b - -,c8h3 d8c7 a8c8 c7b7 h7h5 c1e3 h5h4 b5d4 h4g3 f1d1,534
r2qkb1r/pp3pp1/2n1pn1p/3p4/8/P1NQB2P/1PP2PP1/2KR1B1R b kq -,a7a6 f2f4 b7b5 f4f5 b5b4 a3b4 c6b4 d3d4 f8d6 f5e6,-159
7r/2p3Rp/pk4p1/1p3p2/1P3P2/PK4P1/2P4P/8 b - -,b6c6 a3a4 h8e8 a4b5 a6b5 g7h7 e8e3 b3b2 e3e2 b2c3,174
r2r2k1/pp2ppbp/2n3p1/2R5/3P1Bb1/4PN2/P2KBPPP/2R5 b - -,h7h6 a2a3 e7e6 f4c7 d8d7 c7g3 a7a6 h2h3 g4f5 f3e5,40
r5k1/pp1q1rp1/4p1Q1/3pB3/3P2PP/P7/1P3PK1/R7 b - -,d7a4 h4h5 a4b3 a1f1 b3f3 g2h2 a8e8 h5h6 e8e7 e5g7,44
4k3/2Q1n2p/p7/6p1/2N1P3/2PPK1Pq/P7/8 b - -,h3h6 c4d6 h6d6 c7d6 h7h5 e3d4 h5h4 g3h4 g5h4 d4c5,1010
2r2qk1/pp1bpp1p/6p1/2n1n3/1RN5/6P1/4PPBP/3Q1RK1 b - -,d7a4 b4a4 c5a4 c4e5 a4c3 d1d3 c8c7 g2b7 c3e2 d3e2,278
r1bqk2r/1p1p1ppp/p1n2n2/3Np3/4P3/5N2/PPPQ1PPP/R3KB1R b KQkq -,f6e4 d2e3 d8a5 f3d2 a5d5 d2e4 d5a5 c2c3 d7d5 e4d6,-102
r1br1bk1/ppN2ppp/5n2/8/8/5PN1/PPP2P1P/R1B2RK1 b - -,c8e6 c7a8 d8a8 c1e3 a8c8 c2c3 a7a5 f1d1 a5a4 d1d2,262
8/8/4p3/8/4P1k1/3K4/8/8 b - -,,0
8/3b4/8/5k2/6P1/7P/5K2/5B2 b - -,f5e5 f2g3 d7e8 f1e2 e8h5 e2f3 e5f6 g3f4 f6e6 f3e4,655
8/8/3p4/1k1P1K2/8/3P4/8/8 b - -,f5e5 f2g3 d7e8 f1e2 e8h5 e2f3 e5f6 g3f4 f6e6 f3e4,Mate
1Q4k1/2pr1ppp/2Rbqn2/p2p4/1p1P4/4P1P1/5PBP/2R3K1 b - -,e6e8 b8e8 f6e8 c6a6 e8f6 a6a5 d7d8 g2d5 f6d5 a5d5,320
2r2qk1/pp1bpp1p/6p1/2n5/2R5/6P1/4PPBP/3Q1RK1 b - -,f8d8 d1d5 b7b6 f1d1 c8c7 d5e5 f7f6 e5e3 e7e5 h2h4,115
8/3b4/8/8/5kP1/7P/4BK2/8 b - -,d7c8 f2e1 f4g3 g4g5 c8f5 e2g4 f5g6 e1e2 g3h4 e2f3,2
r1bqkb1r/p2ppp1p/1pn2np1/2p5/2P5/3P1NP1/PP2PPBP/RNBQ1RK1 b kq -,h7h5 d3d4 c5d4 f3d4 c8b7 b1c3 f8g7 c1f4 e8h8 a1c1,50
5r2/5qkp/p2Q4/1p1p1p2/3P3B/2P3P1/PP3PKP/RN2r3 b - -,f5f4 d6f4 f7e6 f4g5 g7h8 g5e7 e6e7 h4e7 e1e7 g2f1,-25
1rbr1bk1/ppN2ppp/5n2/6B1/8/5PN1/PPP2P1P/R4RK1 b - -,f8e7 f1e1 g8f8 c7b5 c8d7 b5d4 b8c8 c2c3 h7h6 g5e3,28
8/8/8/3K4/7B/5Q2/8/5k2 b - -,f8e7 f1e1 g8f8 c7b5 c8d7 b5d4 b8c8 c2c3 h7h6 g5e3,Mate
1k6/3pp2R/1qp5/8/8/8/PPP5/K1R5 b - -,b6e3 a1b1 b8c7 a2a4 e3e4 h7g7 d7d6 c1f1 c7b6 b2b3,32
7r/6Rp/pkp3p1/1p3p2/1P3P1P/PK4P1/2P5/8 b - -,h8c8 g7h7 c8e8 b3b2 e8e3 h4h5 g6h5 h7h5 e3g3 h5f5,17
r1b1kb1r/p2Qp2p/1np2pp1/8/2B5/8/PPP2PPP/RNB1K2R b KQkq -,,0
3k4/1Q5K/5r2/8/8/8/8/8 b - -,f6e6 h7g8 e6f6 g8g7 f6d6 b7e4 d6b6 g7f7 b6b7 f7f8,20000
1q3k2/5ppp/2P5/3p4/6P1/5B2/6PP/3KR3 b - -,b8b5 e1e2 b5c6 e2d2 c6a4 d1e2 d5d4 e2f2 f8e8 d2d3,-196
1rbq1rk1/p2nppbp/5np1/3P4/Q7/2N3P1/PP1PNPBP/R1B1K2R b KQ -,d7e5 e1h1 a7a5 d2d3 c8a6 d3d4 e5d3 b2b3 f8e8 h2h3,52
r1bqk2r/ppp1nppp/5n2/8/Qb1P4/2Np1N2/PP3PPP/R1B1R1K1 b kq -,c7c6 a4b4 h7h6 d4d5 c6d5 b2b3 a7a5 b4c5 d3d2 c1d2,37
r1bqk2r/1p1p1ppp/p1n2n2/3Np3/4P3/8/PPPN1PPP/R2QKB1R b KQkq -,d7d6 d2c4 e8h8 d5f6 d8f6 c4e3 c8e6 c2c3 a8b8 g2g3,28
8/8/3pK3/3P4/1k6/3P4/8/8 b - -,d7d6 d2c4 e8h8 d5f6 d8f6 c4e3 c8e6 c2c3 a8b8 g2g3,Mate
1r1r1bk1/ppN2ppp/5B2/8/8/5PNb/PPP2P1P/R4RK1 b - -,d8d7 f1d1 g7f6 c7d5 g8h8 d5f6 d7d8 f6d5 f8h6 d1d3,113
8/8/k7/P7/1K6/P7/8/8 b - -,,0
1n3r1k/rp1n1ppp/4p3/pQ1pP1B1/P2P3q/6R1/1P2NPP1/5RK1 b - -,h4e4 e2c3 e4c2 f1c1 c2f5 g5e3 h7h6 b5e2 a7a6 e2d2,141
3r1rk1/1p2npbp/p1n3q1/2N1p3/P2p4/1B1P4/1PPB2PP/R3QRK1 b - -,b7b6 c5a6 e7d5 f1f3 g8h8 b3d5 d8d5 f3g3 g6f5 a6b4,142
3R4/4rp1k/2P2qpp/8/8/2B3P1/2Q2bKP/8 b - -,f2d4 c3d4 e7e2 c2e2 f6d8 e2e5 f7f6 e5f6 d8f6 d4f6,736
6n1/2p5/6Qp/7p/8/p1K1p1p1/1p3p2/qk3r1n b - -,b1a2 g6f7 a2b1 f7f5 b1a2 f5d5 a2b1,Mate
1r1r1bk1/ppN2p1p/5p2/8/8/5PNb/PPP2P1P/R2R2K1 b - -,h3e6 g3h5 f6f5 h5f6 g8g7 c7e6 f7e6 f6d7 b8c8 c2c3,59
Q7/4kp2/pnb1p3/1p1p4/2pP4/P5P1/1PB2P2/R3KN2 b - -,c6a8 f1e3 e7f8 g3g4 e6e5 a1d1 e5d4 d1d4 b6d7 e1f1,509
4Q1k1/2pr1ppp/2Rb1n2/p2p4/1p1P4/4P1P1/5PBP/2R3K1 b - -,f6e8 c6a6 e8f6 a6a5 d7d8 g2d5 f6d5 a5d5 d8b8 d5a5,313
1r3rk1/p2q1ppp/Q1n1pn2/1B1p4/1P1P2b1/2P2N2/P2N1PPP/R3K2R b KQ -,c6b4 b5d7 b4a6 f3e5 g4f5 d2b3 b8b7 d7c6 b7b6 c6a4,-27
4r3/1kpRbbpp/2p1Np2/2P2P2/pP2P3/P1B3P1/8/2K5 b - -,f7e6 f5e6 b7c8 c1c2 h7h5 c2d3 e8d8 d7d8 c8d8 d3c4,29
rqb2rk1/pp1n1ppp/3bpn2/1B6/4PP2/1NN5/PP1B2PP/2RQ1R1K b - -,h7h6 e4e5 d7e5 f4e5 d6e5 d1e2 a7a6 b5d3 f8d8 d3b1,291
r7/1ppbRrk1/3p3p/3P4/1PP5/5pP1/5P2/4RBK1 b - -,g7f6 e7e4 f6g5 c4c5 a8a4 e4c4 d7g4 c5c6 b7b6 c4e4,-10
4r3/7R/pkp3p1/1p3p2/1P3P1P/PK4P1/2P5/8 b - -,e8e6 c2c3 e6e3 h4h5 g6h5 h7h5 e3g3 h5f5 b6c7 b3c2,6
2rq1rk1/pp2ppbp/6p1/n2pP2P/3P4/2P2N2/P1Q2PP1/R1B1R1K1 b - -,c8c6 h5h6 g7h8 c2a4 c6c4 a4a3 d8d7 c1g5 f8e8 e1e2,85
r3k2r/1q2b1pp/4p1b1/2ppBP2/2B3Q1/8/PP4PP/R4RK1 b kq -,g6f5 f1f5 e6f5 g4g7 h8f8 e5d6 e8a8 g7e7 d5c4 e7b7,142
1rbq1rk1/p3ppbp/5np1/2nP4/8/2N3P1/PPQPNPBP/R1B1K2R b KQ -,c8f5 d2d3 c5d3 e1f1 d3f2 c2d2 f2h1 e2d4 h1g3 h2g3,-415
8/8/3pK3/2kP4/3P4/8/8/8 b - -,f6g4 e1h1 c8f5 c2d1 c5d3 h2h3 g4e5 b2b3 d8b6 c1a3,Mate
b7/4kp2/pn2p3/1p1p4/2pP4/P3N1P1/1PB2P2/R3K3 b - -,a8c6 g3g4 a6a5 f2f4 c6d7 g4g5 d7e8 e1f2 b5b4 a3b4,490
1R6/r4pk1/1n4p1/7p/P7/1bPB4/5PPP/6K1 b - -,b6a4 b8b3 a4c5 b3b1 c5d3 h2h3 a7a2 b1f1 a2c2 c3c4,-454
8/k5r1/8/1KPR4/1P6/8/8/8 b - -,a7a4 h2h3 b3c4 d3g6 b6d7 b8b7 d7f6 g6b1 c4e6 b7b5,Mate
8/1k6/8/P7/PK6/8/8/8 b - -,,0
rnbqkb1r/pp3ppp/2p5/3np3/8/1BNP4/PPP2PPP/R1BQK1NR b KQkq -,f8d6 c3d5 c6d5 c2c3 c8e6 g1h3 e8h8 h3g5 b8c6 e1h1,8
4n1k1/2pr1ppp/R2b4/p2p4/1p1P4/4P1P1/5PBP/2R3K1 b - -,e8f6 a6a5 d7d8 g2d5 f6d5 a5d5 d8b8 d5a5 f7f6 g1f1,325
6n1/2p5/4Q2p/7p/8/p1K1p1p1/kp3p2/q4r1n b - -,,0
rn1qk2r/pp2bppp/2p1pn2/3p1b2/2PP2P1/4P2P/PP1N1P2/R1BQKBNR b KQkq -,f6g4 h3g4 f5g6 g1e2 e6e5 f1g2 b8a6 a2a3 e5d4 e3d4,293
rn1qkb1r/pp3ppp/2pppn2/7b/2PP4/2N1PN1P/PP2BPP1/R1BQK2R b KQkq -,f8e7 d4d5 e8h8 e1h1 b8a6 e3e4 c6d5 e4d5 e6e5 c1e3,51
6k1/1p3ppp/2p3q1/1p4N1/8/2Q5/rPP2PPP/4R1K1 b - -,a2a8 g5f3 g6d6 g2g3 c6c5 c3b3 b5b4 f3e5 d6e7 b3f3,426
rnbqk1Q1/pppn2B1/4p3/1B1p4/1b6/8/P4PPP/RN3KNR b - -,e8e7 g8d8 e7d8 h2h4 b4f8 g7f8 d7f8 h4h5 e6e5 b5d3,Mate
rnb1kb1r/pp3ppp/1qp5/3Np3/8/1B1P4/PPP2PPP/R1BQK1NR b KQkq -,c6d5 g1f3 b8c6 e1h1 c8e6 f3g5 h7h5 g5e6 f7e6 d1f3,92
8/2kp4/8/2KP4/8/8/3P4/8 b - -,c6d5 g1f3 b8c6 e1h1 c8e6 f3g5 h7h5 g5e6 f7e6 d1f3,Mate
2r2qk1/pp2pp1p/4b1p1/2n5/1R6/6P1/4PPBP/3Q1RK1 b - -,f8e8 d1a1 a7a6 b4b6 e8d8 a1b1 e6f5 b1b4 a6a5 b4a5,57
rnbQ4/pppnk1B1/4p3/1B1p4/1b6/8/P4PPP/RN3KNR b - -,e7f7 d8c8 f7g7 b5d7 b8d7 c8a8 d7c5 a8d8 a7a5 d8c7,Mate
8/8/k7/P7/P7/1K6/8/8 b - -,,0
8/1kp4R/2p5/2P5/pP3P2/r7/3K4/8 b - -,a3f3 d2c2 f3f4 c2c3 f4f3 c3c4 f3f2 h7h1 f2f4 c4c3,-10
7r/4R2p/pkp3p1/1p3p2/1P3P2/PK4P1/2P4P/8 b - -,h8g8 e7h7 g8e8 h7h6 e8e2 b3c3 e2f2 c3d4 f2c2 h2h4,213
r3kbnr/3p1pp1/p1b1p2p/q1N5/1pP1P3/1Q1P1N2/PP3PPP/R1B1K2R b - -,a5c5 d3d4 c5e7 b3e3 c6b7 d4d5 e6d5 e4d5 e7e3 c1e3,-290
r3k2r/1q2b1pp/6b1/2ppBp2/2B5/5Q2/PP4PP/R4RK1 b kq -,g6f7 e5g7 h8g8 g7e5 f7e6 a1e1 e8a8 c4d3 d8f8 e5g3,194
r1b1k2r/pp2ppbp/1qnp1np1/2P5/4P3/1NN2P2/PP4PP/R1BQKB1R b KQkq -,b6c7 c1f4 c7d8 c5d6 f6h5 f4g5 g7f6 g5f6 h5f6 d6e7,129
2kr2r1/Qpp4p/2b5/8/5pP1/8/5P1P/R4RK1 b - -,b6c7 c1f4 c7d8 c5d6 f6h5 f4g5 g7f6 g5f6 h5f6 d6e7,Mate
8/1kp2R2/2p5/2P5/pP3P2/5r2/3K4/8 b - -,f3b3 f7h7 b3b4 f4f5 a4a3 h7h1 b4b3 f5f6 b3f3 h1a1,-15
rnbk4/pppn2B1/4p3/1B1p4/1b5P/8/P4PP1/RN3KNR b - -,d8e7 h4h5 d7f6 h5h6 c8d7 b5d7 b8d7 h6h7 d7c5 h7h8q,578
8/3p4/3k4/3P4/2K5/8/3P4/8 b - -,d8e7 h4h5 d7f6 h5h6 c8d7 b5d7 b8d7 h6h7 d7c5 h7h8q,Mate
r1bqr1k1/pp1n1ppp/2pbpn2/8/3PN3/5BN1/PPP2PPP/R1BQ1RK1 b - -,f6e4 g3e4 d6c7 f1e1 h7h6 b2b3 e6e5 d4d5 c6d5 d1d5,32
1q2b1k1/1r4p1/pn1p1p1p/Bp1Pp2P/4P1P1/P1R1Q3/1P3P2/5BK1 b - -,b6c8 f1h3 e8d7 c3c6 b7a7 g4g5 h6g5 h3d7 a7d7 e3h3,174
2rq1rk1/pp3pbp/4p1pP/n2pP3/3P4/2P2N2/P1Q2PP1/R1B1R1K1 b - -,f7f5 c1g5 d8e8 h6g7 g8g7 g5f6 g7g8 c2c1 f8f7 f3g5,430
2r2nk1/p1r2pp1/8/p1qPp2N/1b2P2B/1Pp2P1P/R1Q3P1/3R3K b - -,c5b5 h4f2 c7b7 h5g3 f8g6 d5d6 g6f4 g3f5 c8d8 f2g3,26
rqb2rk1/1p1B1ppp/p2b1n2/4pP2/4P3/1NN5/PP1B2PP/2RQ1R1K b - -,a6a5 d7b5 a5a4 b5a4 f6e4 c3e4 a8a4 d1g4 a4e4 g4e4,479
3qr2k/p1p2p1P/1p3np1/6Q1/4P3/3B4/PPP5/2K4R b - -,f6d7 g5f4 d7e5 c1b1 e8e6 d3e2 f7f6 h1f1 e6d6 a2a3,-71
Q2k4/7K/3r4/8/8/8/8/8 b - -,d8d7 a8e4 d6c6 e4d5 c6d6 d5b3 d6e6 h7g7 d7d6 g7f7,232
r5k1/pp4b1/3pqn1p/2p1N3/2P5/2N5/PP4PP/R1B2QK1 b - -,d6d5 e5f3 d5d4 c3d1 a8d8 d1f2 d4d3 f2d3 f6g4 c1f4,414
r3k2r/1pp2pp1/1p1p4/7p/2B1PpP1/3P2R1/PPP5/R5K1 b kq -,f4g3 g1g2 h5h4 a1f1 f7f6 a2a4 e8e7 b2b3 c7c6 d3d4,-439
r5k1/pp4bp/6P1/8/5p2/5P2/PP1Nr1PP/1K1R3R b - -,,0
8/kr6/8/K1PR4/1P6/8/8/8 b - -,h7g6 h1e1 e2g2 e1g1 g2g1 d1g1 a8d8 b1c2 d8c8 c2b1,Mate
r4rk1/1p1R3p/p5p1/q3p3/4P2Q/1P3p1P/P4PP1/5RK1 b - -,f8f7 d7f7 g8f7 h4h7 f7f8 f1d1 a8d8 h7h8 f8e7 h8g7,Mate
r1bqr1k1/pp1n1ppp/2pbp3/8/3PN3/5B2/PPP2PPP/R1BQ1RK1 b - -,d6c7 c1g5 f7f6 g5h4 d7f8 f3h5 f8g6 h4g3 c7g3 h2g3,53
2rq1rkb/pp3p1p/4p1pP/n2pP1B1/3P4/2P2N2/P1Q2PP1/R3R1K1 b - -,d8c7 f3h2 f7f6 e5f6 h8f6 g5f6 f8f6 h2g4 f6f4 f2f3,133
2k5/ppp5/4p3/4P3/PPP1KP2/7r/8/2R5 b - -,a7a6 a4a5 h3g3 c1f1 c8d7 f1h1 g3c3 h1h7 d7c6 e4d4,211
r1bq1rk1/p1pp1ppp/2p5/4N3/8/2nP4/P1PQ1PPP/R1B2RK1 b - -,c3d5 c1a3 c6c5 c2c4 d5e7 d3d4 d7d6 e5f3 c5d4 c4c5,-51
r1bq1rk1/1pppnpp1/pb5p/2n1P1B1/B6Q/2P2N2/PP3PPP/RN3RK1 b - -,e7g6 g5d8 g6h4 d8h4 c5a4 b2b3 a4c5 b1d2 b6a7 a2a4,-50
8/5p2/r4Pp1/P5Pp/2k2K1P/8/8/4R3 b - -,a6a5 e1e7 c4d4 e7d7 a5d5 d7f7 d5f5 f4g3 d4e3 f7e7,358
r3k2r/1pp2pp1/1p1p4/7p/2B1Ppb1/3P1P2/PPP3R1/R5K1 b kq -,g4f3 g2g7 b6b5 c4b3 e8a8 g7f7 d8f8 f7g7 f3g4 g1f2,-66
2r2rkb/pp1q1p1p/4p1pP/n2pP1B1/3P4/2P2N2/P1Q2PP1/2R1R1K1 b - -,f7f6 e5f6 h8f6 e1e2 a5c4 c1e1 c8e8 c2c1 f6g5 c1g5,114
3qr2k/p1p2p1P/1p3np1/6Q1/4P3/5B2/PPP5/2K4R b - -,d8d4 a2a4 f6e4 f3e4 e8e4 c1b1 a7a5 g5h6 e4e8 h6g5,-114
1r1q1rn1/1bn1ppkp/3p2p1/p1p3P1/1p2PP2/2PPN2P/PP1QN1B1/R4RK1 b - -,b4c3 d2c3 e7e5 f4e5 c7b5 c3c1 d6e5 c1c5 d8g5 e3c4,102
8/3p4/8/2KPk3/8/8/3P4/8 b - -,b4c3 d2c3 e7e5 f4e5 c7b5 c3c1 d6e5 c1c5 d8g5 e3c4,Mate
r3k2r/1pp2pR1/1p1p4/7p/2B1Pp2/3P1b2/PPP5/R5K1 b kq -,b6b5 c4b3 e8a8 g7f7 d8f8 f7g7 f3g4 g1f2 f8e8 a2a3,-53
1q2b1k1/1r4p1/p2p1p1p/Bp1Pp2P/2B1P1P1/P1R1Q3/1P3P2/6K1 b - -,g7g6 c4e2 b7g7 h5g6 e8g6 g1f1 b8e8 f1e1 h6h5 a5b4,480
Q7/3k2K1/3r4/8/8/8/8/8 b - -,d7e6 a8e4 e6d7 g7f7 d7c7 e4b4 d6b6 b4a4 c7d6 a4d4,20000
2r4k/5Bp1/4N1Pp/1p5r/7P/5PK1/P4R2/8 b - -,b5b4 f2e2 h5a5 e6d4 a5c5 f3f4 h6h5 f7b3 c8f8 d4f3,567
r1b2r1k/p1p3pp/1p1pRnn1/5B2/2PP1P2/5NP1/PP1N1P1P/R5K1 b - -,f8d8 f3g5 c8e6 g5e6 d8c8 d2f3 a8b8 b2b3 b6b5 e6g5,149
rnbq1rk1/p4ppp/1b1p1n2/3P4/1p1NP3/5PN1/1P4PP/R1BQKB1R b KQ -,a7a5 f1e2 b6c5 b2b3 b8d7 e1h1 h7h5 c1b2 d7e5 g1h1,70
4rk2/p1p2bpQ/2B5/2p5/8/1Pq2P2/P1Pr2nP/R4R1K b - -,e8e6 a1d1 e6c6 d1d2 c3d2 h7d3 d2d3 c2d3 c6g6 h2h4,-724
Q1bq1rk1/1p1nppbp/2n3p1/8/1PP5/B2P1NP1/P2N1PBP/R4RK1 b - -,g7a1 c4c5 a1g7 b4b5 d7e5 b5c6 e5c6 d3d4 g7d4 d2b3,315
7r/4R2p/1kp3p1/1p3p2/pP3P2/P1P3P1/2K4P/8 b - -,h8f8 h2h4 f8h8 c2d3 h8d8 d3e2 h7h5 e7e6 d8g8 e2d3,6
8/k1r5/8/KPPR4/8/8/8/8 b - -,h8f8 h2h4 f8h8 c2d3 h8d8 d3e2 h7h5 e7e6 d8g8 e2d3,Mate
8/p2qbpkp/7r/3pPP2/2nPb1pN/2P3P1/P4K1Q/R1B5 b - -,h6h4 f5f6 g7g6 g3h4 d7f5 h2f4 e7d8 f2g3 f5f4 c1f4,-292
r3kbnr/pppq2pp/2n2p2/3pp3/8/2PP1NPB/PP1NPP1P/R1BQ1RK1 b kq -,f6f5 e2e4 d5e4 d3e4 d7d3 f3g5 f8d6 e4f5 g8f6 d2e4,607
7R/2p2r2/8/8/2p5/K1k5/8/8 b - -,f7d7 a3a4 c3c2 a4b4 c4c3 b4c4 c7c5 c4c5 c2b2 h8b8,-453
2r3k1/p1r2pp1/6n1/p1qPp2N/1b2P3/1Pp2P1P/R1Q2BP1/3R3K b - -,c5d6 h5g3 g6h4 g3f1 d6f6 f1e3 f6g5 a2a1 c7b7 d1d3,69
r1bqr1k1/ppbn2pp/2p1pp2/8/3PN3/4BB2/PPP2PPP/R2Q1RK1 b - -,e8e7 e4g3 e7f7 d1d2 d7b6 f1e1 b6c4 d2c3 c4e3 e1e3,33
r1b1k2r/pp1nppbp/1qn3p1/2p5/4P3/1NN1BP2/PP1Q2PP/R3KB1R b KQkq -,b6b4 a1d1 a8b8 h2h4 h7h5 c3d5 b4d2 d1d2 b7b6 f1b5,-38
r4rk1/5pb1/p1nN3p/1p2P3/3PN1p1/1QP1q1P1/1P4KP/R4R2 b - -,c6d4 b3d5 d4c2 f1f7 g8h8 a1g1 a8e8 e4f6 g7f6 d6e8,83
1R6/5pk1/1n4p1/7p/r7/1bPB3P/5PP1/6K1 b - -,b6d7 b8b3 d7c5 b3b4 a4b4 c3b4 c5d3 b4b5 g7f6 g1h2,-303
2kr3r/1pp2R2/1p1p4/7p/2B1Pp2/3P1b2/PPP5/R5K1 b - -,d8f8 f7g7 f3g4 a2a4 f8d8 g1f2 c7c6 d3d4 g4d7 a4a5,-42
2r4k/5Bp1/4N1Pp/1p6/5K1P/5P2/P2R4/4r3 b - -,b5b4 e6d8 e1h1 f7b3 c8a8 d8f7 h8g8 f7h6 g8h8 h6f7,586
r2q1rk1/7p/3p1bp1/2pPnP2/p1P5/2B5/PPB1Q1PP/3R1RK1 b - -,d8e7 f5g6 h7g6 e2e4 e7g7 a2a3 g7h6 f1f4 f6g5 f4f8,240
8/3p4/3K4/3P4/4k3/8/3P4/8 b - -,d8e7 f5g6 h7g6 e2e4 e7g7 a2a3 g7h6 f1f4 f6g5 f4f8,Mate
rnbq1rk1/5ppp/1b1p1n2/p2P4/1p1NP3/5PN1/1P2B1PP/R1BQK2R b KQ -,g7g6 e1h1 h7h5 c1g5 d8e7 f3f4 e7a7 g5f6 b8d7 g1h1,102
r2qrnk1/pbp2ppp/1p1p1n2/3Pp3/1bP1P3/2NB2N1/PP2QPPP/R1B1R1K1 b - -,b4c3 b2c3 b7c8 d3c2 c8d7 g3f5 h7h6 f2f3 a7a6 f5e3,27
8/k6r/2P5/KP1R4/8/8/8/8 b - -,b4c3 b2c3 b7c8 d3c2 c8d7 g3f5 h7h6 f2f3 a7a6 f5e3,Mate
r3kbnr/ppp3pp/2n2p2/3pp3/8/1QPP1NPq/PP1NPP1P/R1B2RK1 b kq -,a8d8 b3b7 g8e7 b2b4 h7h5 b4b5 d8b8 b7c7 b8c8 c7b7,115
r5k1/1p3R1p/p5p1/q3p3/4P2Q/1P3p1P/P4PP1/5RK1 b - -,g8f7 f1d1 f7e8 h4h7 a8d8 h7g6 e8e7 g6g5 e7e8 g5h5,Mate
r1bq1rk1/ppp1ppbp/2np1np1/8/4PP2/3P1N2/PPP1B1PP/RNBQ1R1K b - -,b7b5 a2a4 b5b4 a4a5 e7e6 b1d2 c8a6 d1e1 a8b8 d3d4,24
2k5/p1p5/4p3/P3P3/2P1KP2/7r/8/2R5 b - -,h3h7 c1g1 c8d7 g1g6 h7h1 g6g7 d7d8 g7f7 a7a6 e4d4,302
r1bn1rnk/2q2p1p/p2p2p1/1p1Pp3/2p1P1Pb/2P3NP/PPB2PKN/R1BQ1R2 b - -,c7e7 h2f3 h4g3 f2g3 f7f6 c1e3 d8f7 g2h2 e7c7 a2a4,93
1rb2rk1/pp3ppp/2nqpn2/2ppN3/3P1P2/2PBP3/PP1N2PP/R2QK2R b KQ -,b7b5 a2a3 a7a5 e1h1 c5c4 d3c2 b5b4 a3b4 a5b4 g2g4,27
r1b1kb1r/ppn2p1p/8/1P2P1p1/2PP1n2/4N3/5B2/R4BKR b kq -,f8g7 a1d1 e8h8 f2e1 f8d8 e1c3 f7f6 d4d5 f6e5 c4c5,-359
r4rk1/1ppb4/3p3p/3P3q/1PP4R/2Q2pP1/5P2/2R2BK1 b - -,h5e8 c1e1 e8g6 e1e7 f8f7 e7f7 g6f7 h4f4 f7g7 c3f3,216
r2qr1k1/1b3p1R/p1n1p1B1/1p1p4/3b1PQ1/1P2P3/PBPN2PP/R5K1 b - -,d4f6 g6f7 g8f8 g4g8 f8e7 f7e8 e7d6 d2e4 d5e4 a1d1,Mate
8/8/8/3K2Q1/7B/8/8/5k2 b - -,d4f6 g6f7 g8f8 g4g8 f8e7 f7e8 e7d6 d2e4 d5e4 a1d1,Mate
r7/1p3k1Q/p5p1/q3p3/4P3/1P3p1P/P4PP1/5RK1 b - -,f7f6 f1d1 a8d8 h7h4 g6g5 h4h6 f6f7 h6h7 f7f8 h7h8,792
8/pp4p1/2p5/2Pk2p1/1P1r1p2/P4P2/2R3PP/5K2 b - -,d4d3 c2e2 d3a3 e2e7 b7b6 c5b6 a7b6 e7g7 d5c4 g7g5,-127
rn1qk1nr/pbpp1ppp/1p1bp3/8/4P3/2NB1P2/PPPPQ1PP/R1B1K1NR b KQkq -,b8c6 g1h3 c6b4 b2b3 d6c5 h3f4 g7g5 f4h5 g8f6 h5g3,-49
8/5K2/2r5/2k3Q1/8/8/8/8 b - -,c5b4 g5e7 c6c5 f7e6 b4c4 e6d6 c5d5 d6c6 d5d2 e7e4,196
2rq1rk1/pp3pbp/4p1P1/n2pP3/3P4/2P2N2/P1Q2PP1/R1B1R1K1 b - -,h7g6 f3g5 f8e8 c2d3 f7f6 d3g6 f6g5 e1e3 e8e7 e3h3,213
7r/6R1/1kp4p/1p3pP1/pP6/P1P3P1/2K4P/8 b - -,c6c5 g7g6 b6c7 g5h6 c5c4 c2d2 c7d7 d2e3 d7e7 e3f4,498
r1bqr1k1/pp3ppp/2p2n2/b3P3/3P4/2N1BP2/PP2B1PP/R2Q1RK1 b - -,f6d5 c3d5 d8d5 d1c2 a5b6 e2c4 c8f5 c2c3 d5d7 a1d1,130
1rbq1rk1/p3ppbp/5np1/2nP4/3Q4/2N3P1/PP1PNPBP/R1B1K2R b KQ -,d8a5 e1h1 c5b3 d4f4 c8f5 e2d4 b3d4 f4d4 f6g4 d4c4,-54
3nr3/p4pk1/7p/1p6/8/6R1/PPpBp1PP/4K3 b - -,,0
7k/6p1/7p/4p3/Q7/7P/6PK/8 b - -,g7h7 g3c3 d8e6 c3c2 e6d4 c2c3 d4f5 c3c6 f5d4,Mate
r2qrnk1/pbp2ppp/1p1p1n2/3Pp3/2P1P3/2PB2N1/P3QPPP/R1B1R1K1 b - -,b7c8 d3c2 c8d7 f2f3 h7h5 e2f2 f8h7 g3f1 g8h8 h2h3,32
2rq1rk1/pp3pb1/4p1p1/n2pP1N1/3P4/2P5/P1Q2PP1/R1B1R1K1 b - -,d8e7 c2d3 c8c6 d3h3 f8c8 h3h7 g8f8 g5h3 f7f5 e5f6,263
r4rk1/1ppb4/3p3p/3Pq3/1PP4R/2Q2pP1/2R2P2/5BK1 b - -,a8a1 h4h6 a1d1 c3e3 e5e3 f2e3 d7f5 c2f2 f5d3 h6h4,-94
2r3k1/p1r2pp1/6n1/pq1Pp2N/1b2P3/1Pp1BP1P/R1Q3P1/3R3K b - -,c7b7 d1d3 f7f6 h5g3 g6h8 g3f5 h8f7 d5d6 c8d8 d3d5,27
rn1qkbnr/ppp2ppp/4b3/3p4/2PP4/7N/PP3PPP/RNBQKB1R b KQkq -,e6h3 g2h3 b8c6 b1c3 g8f6 c4c5 d8e7 c1e3 g7g6 f1g2,-15
r1b1r1k1/ppbnq1pp/2p1pp2/8/3PN3/4BB2/PPPQ1PPP/R4RK1 b - -,e8d8 a1d1 d7e5 f3e2 e5f7 d2c1 e6e5 d4e5 d8d1 f1d1,24
rn2k1nr/pbpp1ppp/1p1bp3/8/4P2q/2NB1P2/PPPP1QPP/R1B1K1NR b KQkq -,h4f2 e1f2 b8c6 a2a3 e8a8 g1e2 g8e7 b2b4 a7a5 c3b5,-42
r2br1k1/ppp2pPp/3p4/3P3P/2P1q1B1/1Q1nB3/PP1K1P2/6RR b - -,d3f2 g4d7 f2h1 d7e8 e4e8 g1h1 d8f6 h5h6 e8e5 d2c1,-18
r2qr1k1/1b3Rb1/p1n1p3/1p1p3B/5PQ1/1P2P3/P1PN2PP/R5K1 b - -,d8f6 f7f6 e8e7 d2f3 a8a7 h5f7 e7f7 f6f7 g8f7 f3g5,Mate
8/k2R4/2P5/KP6/8/8/8/7r b - -,d8f6 f7f6 e8e7 d2f3 a8a7 h5f7 e7f7 f6f7 g8f7 f3g5,Mate
r1bqk2r/ppp2pp1/5n2/2bpp2P/3nP3/3B3N/PPPP1PQP/RNB2RK1 b kq -,h8h5 g2g3 c8h3 b1c3 f6e4 d3e4 d5e4 f1d1 d8g5 g1h1,-789
r1b1r1k1/ppbnq1pp/2p1p3/5p2/3P4/4BBN1/PPPQ1PPP/R4RK1 b - -,e7d6 d2c1 d6f8 e3f4 e6e5 d4e5 d7e5 f3h5 g7g6 h5e2,-11
4k3/2Q1n2p/p3q3/6p1/2N1P3/2PP2P1/P3K3/8 b - -,h7h5 c4d6 e8f8 c7d8 f8g7 d8e7 e6e7 d6f5 g7f7 f5e7,493
1r3rk1/p1q2ppp/Q1n1pn2/3p4/1P1P2b1/2PB1N2/P2N1PPP/R4RK1 b - -,g4f3 d2f3 e6e5 f3e5 c6e5 d4e5 c7e5 h2h3 e5c3 a2a3,93
5rk1/pp1q1rp1/4p1Q1/3pB3/3P2PP/P7/1P3PK1/5R2 b - -,d7a4 h4h5 a4b3 g6e6 b3f3 g2g1 f3h3 e5d6 f8a8 f2f3,98
rnbq1rk1/p4ppp/1b1p1n2/1N1P4/1p2P3/5PN1/1P2B1PP/R1BQK2R b KQ -,c8a6 b5d4 a6e2 g3e2 f6d7 e1h1 a7a5 g1h1 g7g6 b2b3,111
r2qr1k1/pbp2ppp/1p1p1nn1/3Pp3/2P1P3/2P3N1/P1B1QPPP/R1B1R1K1 b - -,b7c8 g3f5 f6d7 g1h1 d7c5 g2g3 h7h6 c1e3 d8f6 e2h5,39
k7/3R4/1KP5/1P6/8/8/8/7r b - -,b7c8 g3f5 f6d7 g1h1 d7c5 g2g3 h7h6 c1e3 d8f6 e2h5,Mate
Q3n1k1/2p1rppp/1pRbq3/p2p4/P2P4/4P1P1/1P3PBP/2R3K1 b - -,h7h5 c6c3 h5h4 a8d5 e6d7 d5c6 d7g4 c6f3 g4g6 g2f1,370
r2q1rk1/7p/3p1b2/2pPnB2/p1P5/2B5/PP2Q1PP/3R1RK1 b - -,g8h8 g1h1 d8e7 e2h5 a8b8 h5h3 e7g7 d1e1 f8f7 e1e4,339
rn2k1nr/pbpp1ppp/1p1bp3/8/4P3/2NB1P2/PPPP1KPP/R1B3NR b kq -,b8c6 a2a3 e8a8 g1e2 g8e7 h2h4 a7a6 d3c4 d6c5 f2e1,-42
r1bqk2r/3nppbp/2p2np1/pp1p4/3P1B2/P1NBPN1P/1PP2PP1/R2Q1RK1 b kq -,c8b7 e3e4 b5b4 a3b4 a5b4 e4e5 b4c3 e5f6 g7f6 b2c3,49
r7/1p5Q/p4kp1/q3p3/4P3/1P3p1P/P4PP1/3R2K1 b - -,a5b4 d1d7 b4f8 d7d3 f8e8 d3d6 e8e6 d6e6 f6e6 h7b7,810
r7/pp3kb1/6R1/8/5p2/5P2/PP1N3r/1K4R1 b - -,,0
3r1rk1/1pq1bppp/2p2nb1/p3B3/N1P1P3/1P1n1N1P/P1QR1PP1/R5K1 b - -,d3e5 f3e5 d8d2 c2d2 c7e5 a1d1 f6e4 d2e3 e5c7 d1d4,-621
r1b1k2r/p2pppbp/2p3p1/q2BP3/3Q4/2N5/PPP2PPP/R1B1K2R b KQkq -,a5b6 d4b6 a7b6 d5b3 g7e5 e1h1 d7d5 f1e1 e5g7 a2a4,317
r2qkb1r/1b1n1ppp/p3pn2/1pp5/3P4/2NBPN2/PP1B1PPP/2RQ1RK1 b kq -,f8d6 d3b1 e8h8 h2h3 a8c8 d1e2 c5d4 e3d4 d8b6 f1d1,-39
r1b4k/4b1rp/2nqpp1N/1p1p3N/p1nP3P/P5P1/1PB2P2/R1BQR1K1 b - -,e7f8 h5g7 a8a7 g7f5 d6d8 d1h5 f8h6 c1h6 d8g8 c2d3,510
7r/2p1R2p/pk4p1/1p3p2/1P3P2/P5P1/1KP4P/8 b - -,c7c6 c2c4 b5c4 b2c3 h8d8 c3c4 h7h5 e7g7 d8d2 h2h4,178
r1b1qrk1/p1p2pp1/3p3p/8/3NP3/2P5/P1P2PPP/R1BQ1RK1 b - -,e8e4 f1e1 e4d5 d4b3 d5d1 e1d1 c8d7 c3c4 f8e8 c1e3,408
r1b1r1k1/ppbn2pp/2pqp3/5p2/3P4/4BBN1/PPPQ1PPP/3R1RK1 b - -,f5f4 g3e4 d6f8 f3h5 g7g6 h5g4 d7f6 e4f6 f8f6 d4d5,-191
4r2k/6p1/4N1Pp/8/1p5P/1B1R1P2/P4K2/2r5 b - -,e8c8 h4h5 c8g8 d3d7 g8f8 d7f7 f8f7 g6f7 c1c8 f7f8r,803
1rb2rk1/p4ppp/2nqpn2/1pppN3/3P1P2/P1PBP3/1P1N2PP/R2QK2R b KQ -,a7a5 e1h1 b5b4 a3b4 c5d4 c3d4 c6b4 d3b1 c8a6 f1f2,32
r2qk2r/1b2ppbp/1np2np1/pp1pN3/3PPB2/P1NB3P/1PP2PP1/R2Q1RK1 b kq -,d5e4 d3e4 b6d5 d1f3 d5f4 f3f4 a8c8 e4f3 e8h8 f1e1,32
1r3rk1/p3n1bp/b2p4/q1p1PpP1/8/2PP3P/P2BQ1B1/R2N1RK1 b - -,d6e5 c3c4 a5d8 a1c1 a6b7 d2e3 d8c8 d1c3 f5f4 e3d2,-95
r3k1nr/pbpp1ppp/1pnbp3/1N6/4P2q/3B1P2/PPPPQ1PP/R1BK2NR b kq -,d6e5 c2c3 a7a6 b5a3 g8e7 d3c2 d7d5 d2d4 e5d4 c3d4,-51
r4r2/1ppb3k/3p3p/3P4/1PP4R/5pP1/5P2/3R1BK1 b - -,a8a4 c4c5 f8f7 d1e1 h7g7 h4c4 b7b6 c5c6 d7f5 b4b5,6
r1b1k2r/p2pppbp/6p1/q2QP3/8/2N5/PPP2PPP/R1B1K2R b KQkq -,a5b6 d5a8 e8h8 c3d5 b6e6 d5e3 g7e5 a8d5 e6d5 e3d5,490
r7/pp3k2/5bR1/8/5p2/5P2/PP1N2Rr/1K6 b - -,,0
Q3n1k1/2p1rp1p/1p1bq1p1/p2p4/P2P4/4P1P1/1PR2PBP/2R3K1 b - -,e6d7 g2d5 g8g7 a8c6 d7d8 d5f3 h7h5 e3e4 d6b4 c1d1,404
8/pp4p1/2p5/2Pk2p1/1P3p2/P2r1P2/R5PP/5K2 b - -,d5c4 a2a1 a7a6 f1e2 d3d7 g2g3 c4b3 e2f1 d7d2 a1e1,-258
r1b1r1k1/ppbn2pp/2pqp3/5p2/3P4/2Q1BBN1/PPP2PPP/R4RK1 b - -,d7f6 e3g5 f6d5 c3d3 a7a5 c2c3 h7h6 g5d2 b7b5 f1d1,-10
4k3/2Q1n2p/p3q3/4N1p1/4P3/2PPK1P1/P7/8 b - -,a6a5 c7b8 e7c8 e5f3 e8d8 b8b3 e6b3 a2b3 h7h6 f3e5,472
2rq1rk1/pb2bppp/1p2p3/n2nN3/3P1B2/P1NB4/1P1Q1PPP/3RR1K1 b - -,a5b3 d2c2 d5f4 d3h7 g8h8 h7e4 b3d4 c2a4 c8c3 b2c3,-153
rn1qk1nr/ppp2ppp/3p4/2b1P3/5Pb1/5N2/PPPNP1PP/R1BQKB1R b KQkq -,b8c6 d2b3 c5b6 a2a4 a7a6 a4a5 b6a7 e2e3 d6e5 d1d8,6
7r/7p/pk2R1p1/1pp2p2/1P3P2/P5P1/1KP4P/8 b - -,b6c7 e6a6 h8d8 a6a7 c7d6 a7h7 d8e8 h7g7 e8e6 g7g8,352
r1b1r1k1/pp3ppp/2p3q1/b3P3/2BP4/1P2BP2/P5PP/1R1Q1RK1 b - -,c8f5 b1c1 a8d8 f3f4 a5b6 d1d2 f5e4 f4f5 e4f5 f1f5,89
2bRQrk1/1p3pp1/2p4p/6r1/p7/2P5/PP3PPP/3B2K1 b - -,f8e8 d8e8 g8h7 e8c8 g5b5 b2b4 a4b3 d1b3 b5e5 g1f1,510
r1bn1rnk/4q1bp/p2p1pp1/1p1Pp3/4P1P1/1PP1BNNP/2BQ1PK1/R4R2 b - -,a8b8 c2d3 d8f7 c3c4 g7h6 f1c1 b5c4 b3c4 h6e3 d2e3,144
1rb2rk1/5ppp/2nqpn2/ppppN3/3P1P2/P1PBP3/1P1N2PP/R2Q1RK1 b - -,c5c4 d3c2 b5b4 a3b4 a5b4 g2g4 f6d7 d2f3 f7f6 d1b1,39
3r4/1p6/p4k1Q/q3p1p1/4P3/1P3p1P/P4PP1/3R2K1 b - -,f6f7 h6h7 f7f8 h7h8 f8e7 h8g7 e7e6 g7g6 e6e7 g6g5,792
r4rk1/pp1bbppp/2n2n2/2pN2B1/2P5/6P1/PP2NPBP/R4RK1 b - -,f6d5 c4d5 e7g5 d5c6 b7c6 e2c3 a8b8 b2b3 c5c4 b3c4,-64
rnbqr1k1/5ppp/1b1p1n2/p2P4/1p1NP3/1P3PN1/4B1PP/R1BQK2R b KQ -,b8d7 e1h1 h7h5 e2b5 a8b8 g3e2 f6e4 f3e4 e8e4 c1b2,82
r4r2/1ppb2k1/3p3p/3P4/1PP4R/5pP1/5P2/4RBK1 b - -,f8e8 e1d1 a8a3 c4c5 a3c3 c5d6 c7d6 g1h2 c3c2 h2g1,-18
r1b1k2r/1p3ppp/p4q2/3ppP1Q/3b4/1B6/PPP3PP/R1B1R2K b kq -,e8h8 e1f1 h7h6 g2g4 c8d7 g4g5 g7g6 g5f6 g6h5 c1h6,12
2kr2nr/pppbqppp/8/2p5/2Q1P3/2P1B3/PP3PPP/RN3RK1 b - -,d7c6 f2f3 f7f5 c4c5 e7c5 e3c5 f5e4 c5d4 g8f6 b1d2,-3
7r/7P/R7/6k1/8/7K/8/8 b - -,,0
r7/pp3k2/5b2/8/5p2/5P2/PP1N2R1/1K6 b - -,,0
r1b1kb1r/ppp1qppp/2nppn2/1B6/3P1B2/4PN2/PPP2PPP/RN1QK2R b KQkq -,c8d7 e1h1 a7a6 b5a4 b7b5 a4b3 c6a5 h2h3 h7h6 b1d2,32
7k/3R2N1/6Pp/8/1p3K1P/1B3P2/Pr6/4r3 b - -,b2d2 d7f7 d2g2 h4h5 e1g1 g7e6 g2g6 h5g6 g1g6 f7f8,Mate
2k5/pppbB2p/2n1p1r1/5q1n/5p1Q/P1N5/1PP3PP/2KR2R1 b - -,f5g4 d1d2 e6e5 g1d1 c6d4 h4e1 g6e6 e7c5 h5g7 c3d5,117
1rb2rk1/p3ppbp/5np1/q2P4/3Q4/1PN3P1/1P1PNPBP/R1B2RK1 b - -,a5b4 d4b4 b8b4 a1a7 f6e8 d2d3 c8f5 c1g5 e8f6 g5f6,542
r3r1k1/p4ppp/2p3q1/bp2PB2/3P4/1P2BP2/P5PP/1R1Q1RK1 b - -,g6f5 b1c1 a8d8 f3f4 d8d5 c1c6 a5b6 c6c3 f5d7 c3d3,135
r2r2k1/1p3p1p/1p3Pp1/2qpP3/3p4/1P3R1P/P2Q2P1/2R3K1 b - -,c5c1 d2c1 g8h8 c1h6 d8g8 e5e6 a8f8 e6e7 f8e8 h6g5,732
3r4/1p3k1Q/p7/q3p1p1/4P3/1P3p1P/P4PP1/3R2K1 b - -,f7f6 h7f5 f6e7 f5g5 e7e8 d1d8 a5d8 g5e5 e8f8 e5h8,807
2r3k1/p1rq1pp1/6n1/p2Pp3/1b2P3/1Pp1BPNP/R1Q3P1/3R3K b - -,d7b5 d5d6 c7d7 g3f5 g6f4 e3f4 e5f4 f5e7 d7e7 d6e7,60
r1b1kbnr/pppp1p1p/1Q4n1/3PP1p1/5p1P/5N2/PPP3P1/RNB1KB1R b KQkq -,a7b6 h4h5 g6e7 b1c3 f7f6 d5d6 e7f5 f1d3 f5g3 c3b5,95
r1b1k2r/1pp1qppp/p1pb1n2/4P3/3Q4/2N1BN2/PPP2PPP/R3K2R b KQkq -,c6c5 d4f4 c8g4 h2h3 g4f3 e5d6 e7d6 f4f3 e8a8 e1h1,450
4r3/5k2/2pp1p1p/pp4p1/2nP2P1/P1PN1K1P/1PR2P2/8 b - -,e8e7 c2e2 e7e2 f3e2 f7e6 f2f3 e6d5 h3h4 c4b6 h4g5,-79
8/p4pkp/7q/3pP3/2nPb1p1/2P5/P6Q/R5K1 b - -,h6e3 h2f2 e3f2 g1f2 g7g6 f2g3 g6g5 a1f1 e4f5 f1e1,-964
1rb2rk1/p3ppbp/5np1/3P4/1P1Q4/2N3P1/1P1PNPBP/q1B2RK1 b - -,c8g4 d4e3 b8b4 e2d4 f6d5 c3d5 b4d4 d5e7 g8h8 e7c6,-53
8/2B4p/4kp2/1P6/2pb1p2/5P1P/3K1P2/8 b - -,e6d5 c7f4 d4f2 f4c7 f2d4 c7a5 f6f5 a5b4 d4b6 d2c3,-31
r1bq1rk1/pp2ppbp/2n3p1/2BN4/4P3/5P2/PP1Q2PP/R3KB1R b KQ -,c8e6 f1e2 e6d5 e4d5 c6e5 e1h1 a8c8 c5f2 d8d6 a1c1,-28
r4rk1/1ppbR3/3p3p/3P4/1PP4R/5pP1/5P2/5BK1 b - -,a8d8 h4h6 f8e8 h6g6 g8h8 g6g7 e8e7 g7e7 h8g8 g1h2,271
rn1qkb1r/ppp3pp/3ppn2/6N1/3PPp2/8/PPP3PP/RNBQK2R b KQkq -,d8c8 c1f4 h7h6 g5f3 f6e4 d1d3 e4f6 d3g6 e8d8 f4g3,34
2Q5/1p3rpk/1b4qp/p3B3/4PP2/P4K1P/2P5/3R4 b - -,g6h5 c8g4 h5e5 f4f5 e5c3 f3g2 c3c2 g2h1 b6c7 h1g1,-525
3r4/pp3k2/5b2/8/5p2/5P2/PPKN2R1/8 b - -,,0
2rq1rk1/1p3pb1/2pp4/p2Pp1pp/1nP1PB2/2N2P2/PP1N2PP/R2Q1R1K b - -,b4a2 f4e5 g7e5 a1a2 d8e7 f3f4 e5f4 a2a5 f7f5 d5c6,399
8/8/1p6/1Ppk1pp1/P3p3/2K1P1P1/8/4N3 b - -,d5d6 e1c2 d6d7 c2a3 d7c7 a3c4 g5g4 c3d2 c7b7 d2c2,933
r2qk2r/1b1nbppp/p3pn2/1pp5/3P4/2N1PN2/PP1B1PPP/1BRQ1RK1 b kq -,e8h8 d1e2 c5d4 e3d4 a8c8 f1d1 d8b6 a2a3 f8d8 h2h3,-43
8/2p1k3/1p3p2/p3p1p1/2P1P3/1P4P1/P3Q1KP/2q5 b - -,,0
2r2rk1/ppq1ppbp/6p1/n2pP2P/3P4/2P2N2/P1QB1PP1/R3R1K1 b - -,c7c6 c2d1 a5c4 h5h6 g7h8 a2a4 c6d7 a4a5 c8c6 d1a4,80
8/6p1/5p2/2K1k2P/8/8/6P1/8 b - -,,0
4n3/2p1rpkp/1pQb2p1/p4q2/P2PP3/6P1/1PR2PBP/2R3K1 b - -,f5h5 e4e5 d6b4 f2f4 h5f5 g1h1 g7f8 c6f3 h7h5 g2f1,445
r2qk2r/ppp2pp1/1bnp1n1p/4p3/2P1P3/2N1BN1P/PPP1QPP1/2KR3R b kq -,f6d7 h3h4 d7c5 c3d5 c5e6 c1b1 b6e3 e2e3 d8d7 h4h5,58
8/8/8/5B2/6p1/k7/8/K6b b - -,g4g3 f5e4 a3b4 e4h1 b4b3 a1b1 b3c3 b1c1 c3d3 c1d1,-7
6k1/1p3Np1/2p3qp/1p6/8/2Q5/rPP2PPP/4R1K1 b - -,g6f7 g2g3 f7c4 c3e5 a2a8 e1e2 a8d8 f2f4 c4d5 e5d5,13
r1b2rnk/4qnbp/p2p1pp1/1p1Pp3/4P1P1/1PPBBNNP/3Q1PK1/R4R2 b - -,e7b7 c3c4 g7h6 e3h6 g8h6 a1a2 b5c4 b3c4 b7c7 f1a1,135
r3r1k1/p1b2ppp/2p5/1p2Pq2/1P1P4/4BP2/P5PP/2RQ1RK1 b - -,a8d8 f3f4 c7b6 c1c6 g7g6 c6c3 d8c8 c3b3 c8c4 d1d3,117
k7/3R4/K1P5/1P6/8/8/8/7r b - -,a8d8 f3f4 c7b6 c1c6 g7g6 c6c3 d8c8 c3b3 c8c4 d1d3,Mate
8/4N2p/p4k2/6p1/4P3/2PPK1P1/P7/8 b - -,f6f7 e7f5 h7h5 c3c4 f7f8 e4e5 a6a5 a2a4 f8e8 c4c5,987
rn1qkb1r/pp2ppp1/2p2nb1/3p2Pp/3P1B1P/2N2N2/PPP1PP2/R2QKB1R b KQkq -,f6h7 f3e5 g6f5 e2e4 d5e4 d1h5 g7g6 h5e2 f8g7 e1a1,204
2r2rk1/ppq1ppbp/6pP/3pP3/2nP4/2P2N2/P1QB1PP1/R3R1K1 b - -,c4d2 c2d2 g7h8 e1e3 c7d7 a2a4 d7g4 e3e1 f7f6 a1b1,143
3r4/1p6/p4k2/q3pQp1/4P3/1P3p1P/P4PP1/3R2K1 b - -,f6e7 f5g5 e7e8 d1d8 a5d8 g5e5 e8f7 e5d5 f7e7 d5d8,Mate
r4rk1/p4pp1/3p3p/2pQ1b1q/8/2P2P2/P1P3PP/R1B1R1K1 b - -,h5g6 c1f4 f8d8 f4g3 a8b8 g3h4 d8d7 a1b1 b8c8 h4g3,-30
8/4rpkp/p2r2p1/4p1b1/1Q2N3/3P1P2/PP2K2P/8 b - -,,0
1k6/3R4/1KP5/1P6/8/8/8/7r b - -,d6d4 b4a3 g5h4 a3a6 e7d7 a2a3 h4e7 b2b4 h7h5 h2h3,Mate
rn3rk1/ppp2ppp/3qb3/4N3/2BP4/8/PPP3PP/R2Q1RK1 b - -,b8d7 c4e6 d6e6 e5f3 f8e8 c2c3 a7a5 d1b3 e6b3 a2b3,-10
1r3rk1/p3n1bp/b7/q1p1ppP1/2P5/3P3P/P2BQ1B1/R2N1RK1 b - -,a5d8 d2c3 a6b7 c3e5 b7g2 g1g2 e7g6 e5g7 g8g7 e2d2,-81
1rb2rk1/p3ppbp/5np1/q1nP4/3Q4/2N3P1/PP1PNPBP/R1B2RK1 b - -,b8b4 d4e3 f6g4 e3f3 c5b3 a2b3 a5a1 c3a4 g4h6 d2d4,-43
r4rnk/3bqnbp/p2p1pp1/1p1Pp3/2P1P1P1/1P1BBNNP/3Q1PK1/R4R2 b - -,e7d8 a1a5 g7h6 f1a1 b5c4 b3c4 d8c8 g2g1 h6e3 d2e3,160
8/3R1p2/r4Pp1/P1k3Pp/7P/5K2/8/8 b - -,a6a5 f3f4 a5a1 d7f7 c5d6 f7g7 a1a4 f4e3 a4a3 e3e2,500
2kr3r/pppbqppp/5n2/2B5/2Q1P3/2P5/PP3PPP/RN3RK1 b - -,e7e4 c4e4 f6e4 c5e3 d7e6 f1e1 b7b6 b2b3 d8d3 e3d4,-32
rnbq2r1/pppn2BQ/3kp3/1B1p4/Pb6/8/5PPP/RN3KNR b - -,c7c6 b1a3 g8g7 h7g7 d8f6 g7f6 d7f6 b5e2 b8d7 h2h4,-142
r7/4b1kp/2nq1p2/1p1ppB1Q/p1nP3P/P5P1/1P3P2/R1B1R1K1 b - -,g7f8 c1h6 f8g8 h5g4 g8f7 d4e5 f6e5 g4g7 f7e8 g7g8,Mate
8/8/N7/8/5PP1/8/6P1/k5K1 b - -,g7f8 c1h6 f8g8 h5g4 g8f7 d4e5 f6e5 g4g7 f7e8 g7g8,Mate
r3k2r/1pp3p1/1p1pp3/4P2p/4P3/3P1PR1/PPP5/R5K1 b kq -,e8h8 g1f2 h5h4 g3g5 f8f4 a1g1 f4f7 a2a3 a8f8 e5d6,53
r1bq1rk1/1p1p1ppp/p1n2n2/3Np3/4P3/2P5/PP1N1PPP/R2QKB1R b KQ -,d7d6 d5f6 d8f6 d2c4 f6g6 f2f3 c8e6 d1d2 g6f6 f1d3,9
r1b1k2r/1pp1qppp/p2b1n2/2p1P3/5Q2/2N1BN2/PPP2PPP/R3K2R b KQkq -,c8g4 h2h3 g4h5 e5d6 e7d6 f4d6 c7d6 e1a1 e8a8 e3g5,446
r3r1k1/p4ppp/2p5/bp2Pq2/1P1P4/4BP2/P5PP/1R1Q1RK1 b - -,a5b6 d1d2 a8d8 d2c3 f5e6 f1d1 e6a2 c3c6 a2d5 c6d5,48
8/8/N7/5PP1/8/8/6P1/k5K1 b - -,a5b6 d1d2 a8d8 d2c3 f5e6 f1d1 e6a2 c3c6 a2d5 c6d5,Mate
r1r2qk1/1R4R1/4p3/6P1/8/4PQ2/p4PP1/6K1 b - -,,0
2r3k1/p1rq1pp1/8/p2PpN2/1b2Pn2/1Pp1BP1P/R1Q3P1/3R3K b - -,c8e8 h1h2 g7g6 f5h6 g8f8 h6g4 d7d6 g2g3 f4h5 e3f2,100
rnbq2r1/pppn2BQ/3kp3/1B1p4/1b6/P7/5PPP/RN3KNR b - -,b4a5 h2h4 b8c6 g1f3 g8g7 h7g7 d8f6 g7f6 d7f6 b1d2,-48
r1b2k1r/5p2/p2q4/3p1p1B/1p5Q/8/PPP3PP/2KR3R b - -,d6h6 c1b1 h6h5 h4b4 f8g8 d1d3 f5f4 b4f4 h8h6 h1f1,-140
3r4/1p2k3/p7/q3p1Q1/4P3/1P3p1P/P4PP1/3R2K1 b - -,e7e6 d1d8 a5d8 g5d8 f3g2 g1g2 e6f7 d8d7 f7f6 g2g3,9605
2r2rkb/ppq1pp1p/6pP/3pP3/P2P4/2P2N2/3Q1PP1/R3R1K1 b - -,b7b6 e1e3 c7d7 a4a5 b6b5 a5a6 c8c7 g2g3 f8b8 d2b2,147
r1r3k1/6R1/4p3/6P1/8/4PQ2/p4PP1/6K1 b - -,,0
r1bq1rk1/1p3ppp/p7/3ppP1Q/3b3R/1B6/PPP3PP/R1B4K b - -,h7h6 c1h6 g7h6 h5h6 d8h4 h6h4 c8f5 c2c3 d4a7 b3d5,428
6k1/1p4pp/p4r2/3n4/3N4/1PPn1N1P/P4PP1/3R2K1 b - -,d3f4 d1c1 f6g6 f3h4 g6f6 c1c2 a6a5 h4f5 a5a4 g1h2,279
rn3rk1/ppp3pp/3qp3/4N3/3P4/8/PPP3PP/R2Q1RK1 b - -,f8f1 g1f1 b8c6 e5f3 a8f8 f1g1 d6b4 a1b1 b4c4 b2b3,-16
1r1q1rk1/p3n1bp/b7/2p1ppP1/2P5/2BP3P/P3Q1B1/R2N1RK1 b - -,a6b7 c3e5 b7g2 g1g2 e7g6 e5g7 d8g5 g2h1 g8g7 d1c3,-77
rnbq2r1/pppn2BQ/3kp3/1B1p4/1b5P/8/P4PP1/RN3KNR b - -,c7c6 b5e2 d8e8 g7b2 e6e5 g1f3 d7f6 h7h6 g8g6 h6c1,-43
rqb2rk1/1p1n1ppp/p2b4/3NpP2/4P3/1N6/PP1B2PP/2RQ1R1K b - -,b7b5 f5f6 f8e8 d2h6 d7b6 d5b6 b8b6 h6g7 b6e3 d1d6,434
6k1/5pp1/p5qp/8/1p1PP3/1P3P1b/1P3Q1P/2B4K b - -,g6c6 c1e3 c6b5 d4d5 h6h5 f2e1 b5d3 h1g1 d3b3 e1c1,-38
2Q5/6pk/7p/P3p3/5r2/7P/6PK/8 b - -,f4f1 c8c2 h7h8 c2e4 h6h5 e4e5 f1f6 e5b8 h8h7 b8b7,953
5rk1/pp3rp1/4p1Q1/1q1pB1P1/3P3P/P7/1P3PK1/5R2 b - -,b5b3 g6e6 b3f3 g2g1 g8h8 h4h5 f3h5 e6h6 h5h6 g5h6,27
8/K5p1/3n2Bp/5p1P/1k3P2/6P1/8/8 b - -,b4a5 a7b8 a5b6 g6h7 b6c6 h7g6 c6d7 g6h7 d7e6 b8c7,-40
r1q2rk1/pb2bppp/1p2pn2/2pP4/2P2B2/5NP1/PP2QPBP/2RR2K1 b - -,f6h5 f4d2 f8e8 g2h3 e7f6 f3e5 f6e5 e2e5 f7f5 d2c3,140
8/8/4B2p/6pP/2Pk4/5P2/P1K2b2/8 b - -,f2e3 a2a4 e3f4 e6g8 f4c7 c2d2 c7b6 d2e2 b6a5 e2f2,17
rnbqkbnr/ppp3pp/5p2/4P3/2PpPP2/8/PP4PP/RNBQKBNR b KQkq -,d8d7 g1f3 b8c6 f1d3 f6e5 e1h1 g8h6 f4f5 h6f7 c4c5,92
r4rk1/1p1b1pn1/1n2pqpp/p1p1p3/P3NPP1/1BPP1Q2/1P5P/R3NRK1 b - -,g7h5 e4f6 h5f6 f4e5 f6d5 c3c4 d5e7 f3f2 d7a4 b3a4,630
r3r1k1/ppq2ppp/2n1pn2/3p3b/2PP4/1Q1B1N1P/PP1N1PP1/4RRK1 b - -,d5c4 b3c4 e8d8 e1c1 c7f4 g2g3 f4h6 f1d1 h5f3 d2f3,-121
rn3rk1/ppp3pp/3qp3/8/3P4/2P2N2/PP4PP/R2Q1RK1 b - -,b8d7 d1b3 d6d5 f1e1 f8f6 c3c4 d5c6 a1d1 h7h6 e1e3,72
r1bq1rk1/1p3ppp/p1np1n2/3Np3/2B1P3/2P5/PP1N1PPP/R2QK2R b KQ -,f6d5 c4d5 d8g5 d1f3 c6e7 d5b3 b7b5 h2h4 g5h6 h4h5,-3
r2q1rk1/1p3ppp/p7/3ppb1Q/3R4/1B6/PPP3PP/R1B4K b - -,f5e4 h5e5 f8e8 e5g3 e8e6 c1g5 d8d7 a1d1 a8e8 h2h3,301
3Rk3/1p6/p7/q3p1Q1/4P3/1P3p1P/P4PP1/6K1 b - -,a5d8 g5e5 e8f7 e5d5 d8d5 e4d5 a6a5 h3h4 f7f6 h4h5,Mate
7Q/R7/8/5k2/8/7K/8/2r5 b - -,,0
2r2rkb/pp2pp1p/6pP/3pP3/P2P4/2q2N2/4QPP1/R3R1K1 b - -,c8c7 a1c1 c3a5 e2a2 e7e6 c1c7 a5c7 a2a3 f8c8 a4a5,128
8/R6P/8/5k2/8/7K/2r5/8 b - -,,0
8/4rpkp/p2r2p1/4p1b1/4N3/1Q1P1P2/PP2K2P/8 b - -,d6c6 e4g5 f7f5 b3d5 c6b6 d5c5 b6b2 e2e3 b2b7 c5d6,358
rnb1k2r/ppq1bppp/4p3/8/2BP4/2PQ1N2/P4PPP/R1B1K2R b KQkq -,,0
8/5R2/5Pp1/r1k3Pp/7P/5K2/8/8 b - -,c5d5 f7g7 a5a3 f3e2 a3a2 e2d3 a2a3 d3c2 d5c4 g7g6,696
r1bq1rk1/1p3ppp/p1np4/3Bp3/4P3/2P5/PP1N1PPP/R2QK2R b KQ -,,0
r2qr1k1/pbpn1ppp/1p2pn2/3pN3/1bPP4/1P4P1/PB1NPPBP/R2Q1RK1 b - -,a8c8 a1c1 d7e5 d4e5 f6e4 d2b1 a7a5 h2h4 d8e7 e2e3,20
r4rk1/pppn2pp/3qp3/8/3P4/1QP2N2/PP4PP/R4RK1 b - -,d6d5 c3c4 d5c6 a1e1 h7h6 f1f2 f8f6 f2e2 d7f8 f3e5,62
r3k2r/1pp3R1/1p1pp3/4p2p/4PP2/3P1P2/PPP5/R5K1 b kq -,e8d8 f4e5 d6e5 g1g2 h5h4 a2a3 b6b5 a1g1 d8c8 g2h3,117
rnbq2r1/pppn2BQ/3kp3/bB1p4/8/P4N2/5PPP/RN3K1R b - -,c7c6 b5d3 g8g7 h7g7 d8f6 g7f6 d7f6 b1d2 e6e5 a1d1,-44
r3r1k1/p1bq2pp/5p2/1pR1P3/1P1P4/4BP2/P5PP/3Q1RK1 b - -,c7b6 f3f4 b6c5 b4c5 d7d5 d1f3 d5f3 g2f3 a8d8 g1f2,94
4rr1k/pppq1pNp/6n1/2pPP3/2P1P1P1/2Q5/PP3R1P/5R1K b - -,e8e5 g7e6 f7e6 f2f8 g6f8 c3e5 h8g8 e5g5 d7g7 g5g7,529
r2q1rk1/1p3p1p/p5p1/3ppb1Q/6R1/1B6/PPP3PP/R1B4K b - -,d8f6 h5h4 f6h4 g4h4 f8d8 c1g5 d8d6 h4b4 b7b5 a2a4,257
r1bqkb1r/pp1n1ppp/2p1pn2/3p4/3P1BPP/2N1P3/PPP2P2/R2QKBNR b KQkq -,f8b4 a2a3 b4c3 b2c3 h7h6 h4h5 d8e7 g4g5 h6g5 f4g5,-9
6k1/1p4pp/p4r2/3n4/3N1n2/1PP2N1P/P4PP1/2R3K1 b - -,f6g6 f3h4 g6f6 c1c2 a6a5 a2a3 f4d3 h4f3 d3c5 f3e5,272
r1bQ1k1r/5p2/p7/3p1p1q/1p6/8/PPP3PP/1K1R3R b - -,f8g7 d8d5 c8e6 d5e5 g7g8 d1d3 f5f4 e5f4 h8h6 f4b4,-189
3qk3/1p6/p7/4Q3/4P3/1P3p1P/P4PP1/6K1 b - -,e8d7 e5d5 d7c8 d5d8 c8d8 g2f3 d8e7 f3f4 e7f6 g1g2,1015
8/7p/5p2/BP1k4/2pb1p2/5P1P/3K1P2/8 b - -,d4f2 a5b4 f2d4 d2c2 f6f5 b4c3 d4b6 c3f6 d5c5 f6e5,-119
6k1/p4r1p/1p4p1/2ppq3/3Pn3/1PN1P2P/PQ4P1/4R1K1 b - -,e5g3 e1c1 g3e3 g1h1 e4g3 h1h2 e3f4 h2g1 f4d4 g1h2,-683
rnbq2r1/pp1n2BQ/2pkp3/b2p4/8/P2B1N2/5PPP/RN3K1R b - -,g8g7 h7g7 d8f6 g7f6 d7f6 b1d2 e6e5 a1d1 b8d7 d3f5,-48
r1b2rk1/1p3ppp/p1np4/3Bp1q1/4P3/2P2Q2/PP1N1PPP/R3K2R b KQ -,c6e7 d5b3 b7b5 h2h4 g5h6 f3d3 a8b8 d2f1 a6a5 d3e3,-2
8/6R1/5Pp1/r2k2Pp/7P/5K2/8/8 b - -,a5a4 g7g6 d5e5 f3e3 a4f4 g6g8 f4h4 g8e8 e5f5 f6f7,707
2b1r1k1/5ppp/2Qp4/3P4/8/1q6/2B2PPP/3K3R b - -,c8g4 f2f3 g4f3 g2f3 b3f3 d1d2 e8e2 d2c1 f3h1 c1b2,-898
r1bqk1nr/pp1n1ppp/4p3/2bpP3/6Q1/2N2P2/PPP3PP/R1B1KBNR b KQkq -,g8e7 f3f4 d8b6 g1f3 c5f2 e1d1 e8h8 a2a4 d7c5 a4a5,-66
3qr2k/p1p2p1P/1p3np1/6Q1/4P3/8/PPP1B3/2K2R2 b - -,,0
r1bq1rk1/ppp1bppp/2n5/4p3/3PB3/5N1P/PPP2PP1/R1BQ1RK1 b - -,e7d6 e4c6 b7c6 d4e5 d6e7 d1e2 h7h6 f1d1 d8e8 b2b3,101
r1b4r/5pk1/p7/3Q1p1q/1p6/8/PPP3PP/1K1R3R b - -,f5f4 d5a8 c8f5 a8d5 h8c8 b1a1 h5g4 d5d4 g7g8 h1f1,387
r4rk1/pQpn2pp/4p3/3q4/3P4/2P2N2/PP4PP/R4RK1 b - -,d5b7 b2b4 b7c6 f1e1 a8e8 a2a4 c6c3 b4b5 d7f6 a1c1,-635
r4rk1/p4pp1/3p3p/2pQ4/8/2q2PPb/PR3K1P/2B1R3 b - -,f8e8 e1d1 h3e6 d5d2 c3d2 b2d2 a7a5 c1a3 e8c8 g3g4,-189
rnbq4/pp1n2Q1/2pkp3/b2p4/8/P2B1N2/5PPP/RN3K1R b - -,d8e7 g7g3 e6e5 h2h4 d7f6 b1d2 c8g4 d2b3 a5b6 h4h5,57
r2qr3/pp2Bkpp/1np5/8/3Pn3/3Q4/PP2NPPP/R4RK1 b - -,d8e7 e2f4 b6d5 f4d5 c6d5 a1e1 e7b4 e1e2 e4f6 e2e5,-432
2r3k1/p1rq1pp1/3P4/p3pN1n/1b2P3/1Pp1BP1P/R1Q3P1/3R3K b - -,c7c5 g2g4 h5f6 e3c5 c8c5 c2c1 f6h7 f5e7 g8f8 a2c2,259
6k1/6PR/4K2p/6b1/8/8/8/8 b - -,h6h5 h7h5 g5f6 h5h2 f6g7 h2g2 g8f8 g2f2 f8g8 e6e7,Mate
4r1k1/5ppp/2Qp4/3P4/6b1/1q3P2/2B3PP/3K3R b - -,g4f3 g2f3 b3f3 d1d2 e8e2 d2c1 f3h1 c1b2 h1e4 c6a8,-915
r3r1k1/p1bq2pp/8/1pR1P3/1P6/4BP2/P5PP/3Q1RK1 b - -,d7d1 f1d1 c7e5 c5b5 e5c3 g1f2 a7a5 b4a5 c3a5 a2a4,245
r1b2rk1/1p2nppp/p2p4/4p1q1/4P3/1BP2Q2/PP1N1PPP/R3K2R b KQ -,,0
rn1qkb1r/pp1n2p1/2p1pp1p/3pP2b/3P3N/2N4P/PPP1BPP1/R1BQ1RK1 b kq -,h5e2 c3e2 f6e5 h4g6 h8g8 d4e5 b8a6 e2d4 d7c5 b2b4,253
6k1/1p4pp/p5r1/3n4/3N1n1N/1PP4P/P4PP1/2R3K1 b - -,g6d6 g1f1 g8f7 h4f5 d6d8 g2g3 f4h3 f5g7 d8c8 g7e6,262
r2q1r1k/1p3p1p/p5p1/3ppb2/6RQ/1B6/PPP3PP/R1B4K b - -,f5g4 h4g4 f7f5 g4f3 d5d4 c1h6 f8e8 f3g3 a6a5 h6g5,193
r3r1k1/1p3ppp/p3pn2/n1PpN3/8/1P1B3P/P4PP1/4RRK1 b - -,a5c6 e5c6 b7c6 b3b4 f6d7 e1b1 a6a5 a2a3 a5b4 a3b4,-200
5r1k/pppq1p1p/4N1n1/2pPr3/2P1P1P1/2Q5/PP3R1P/5R1K b - -,f7e6 f2f8 g6f8 c3e5 h8g8 e5g5 f8g6 d5e6 d7e6 g5d8,574
8/4rpkp/p1r3p1/4p1N1/8/1Q1P1P2/PP2K2P/8 b - -,c6c7 e2d2 h7h6 g5e4 f7f5 e4c3 c7b7 b3a3 e7e6 c3a4,359
2r2rkb/pp2pp1p/2q3pP/3pP3/P2P4/5N2/4QPP1/R1R3K1 b - -,c6b6 c1b1 b6c6 a4a5 c8b8 b1c1 c6d7 e2a2 b7b5 a5b6,110
5r1k/pp3rp1/7Q/3pB1P1/3P3P/P7/1q3PK1/5R2 b - -,h8g8 h6e6 g8h8 g2g1 b2a3 h4h5 a3e7 e6e7 f7e7 e5d6,22
2r3k1/p2qNpp1/2rP4/p3p2n/1b2P3/1Pp1BP1P/R1Q3P1/3R3K b - -,g8h8 e7c8 c6c8 c2d3 h8g8 a2c2 a5a4 b3a4 d7a4 d6d7,214
r6r/1pp2kp1/1p1Pp3/7p/4P3/3P1PR1/PPP5/R5K1 b - -,g7g5 g3g5 c7d6 g5b5 h5h4 b5b6 f7f6 b6b7 a8g8 g1h2,167
r2br1k1/ppp2pPp/3p4/3P3P/2P1q1B1/1Q6/PP1K1B2/6RR b - -,d8g5 d2c3 e4f4 b3c2 g5f6 c3d3 b7b5 c4b5 e8e5 c2c4,-64
r4r1k/5Rb1/p2N3p/1p2P3/4N1p1/2Pq2P1/1Pn3KP/1QR5 b - -,f8f7 d6f7 h8g8 b1c2 d3c2 c1c2 g8f7 c2e2 g7e5 e4f2,57
r4rk1/6pp/1p3nq1/4R3/pPPp1pP1/P2P3P/1B3PKN/3Q4 b - -,f8e8 e5f5 a8d8 h2f3 f6g4 f5g5 g4f2 g2f2 g6f6 b2c1,88
r2q1r1k/1p3p1p/p5p1/3pp3/6Q1/1B6/PPP3PP/R1B4K b - -,f7f5 g4f3 d5d4 c1h6 f8e8 f3g3 f5f4 g3g4 d8d6 g4h4,184
rnb5/pp6/2pkpn2/b2p4/8/P2B1N2/3N1PPP/R4K1R b - -,e6e5 a1d1 e5e4 d3e4 d5e4 d2e4 d6e7 e4f6 e7f6 h2h4,-71
r4rk1/1p1b1pn1/1n2p1pp/p1p1p3/P3NqP1/1BPP3Q/1P5P/R3NRK1 b - -,f4g4 h3g4 f7f5 g4g6 f5e4 e1g2 c5c4 d3c4 d7c6 g2e3,590
r3r1k1/p1b3pp/8/1pR1P3/1P6/4BP2/P5PP/3R2K1 b - -,c7e5 c5b5 e5c3 g1f2 a7a5 b4a5 c3a5 a2a4 h7h6 d1d7,238
8/6pB/1K1n3p/5p1P/1k3P2/6P1/8/8 b - -,,0
8/8/3K4/4R3/5k2/4p3/8/8 b - -,f4f3 d6e6 e3e2 e6f5 f3f2 f5g4 e2e1q e5e1 f2e1 g4f4,Mate
5R1k/pppq3p/4p1n1/2pPr3/2P1P1P1/2Q5/PP5P/5R1K b - -,g6f8 c3e5 h8g8 e5g5 f8g6 d5e6 d7e6 g5d8 g8g7 d8c7,566
2r2rkb/pp2pp1p/6pP/3pP3/P2P4/5N2/4QPP1/2R3K1 b - -,c8a8 g1h2 a7a6 a4a5 f7f6 e5f6 h8f6 e2e6 g8h8 c1c7,623
rnb1k2r/ppq1bppp/4p3/8/3P4/2PB1N2/P4PPP/R1BQK2R b KQkq -,c7c3 d1d2 c3a1 e1h1 b8c6 d3e4 c8d7 h2h4 c6b4 d2f4,-338
r1bqkb1r/5ppp/p1p1pn2/2pp4/4P3/1PN2N2/P1PP1PPP/R1BQR1K1 b kq -,c8b7 d2d3 f8e7 c3a4 e8h8 c1f4 c5c4 e4e5 f6d7 d3c4,137
r3r1k1/1p1n1pp1/2pqb2p/p1Pp4/8/P2BPNP1/1PQ2PP1/2R1R1K1 b - -,d6e7 f3d4 d7e5 d3f5 e5c4 e3e4 e7f6 f5e6 f6d4 e4d5,15
r6k/5Nb1/p6p/1p2P3/4N1p1/2Pq2P1/1Pn3KP/1QR5 b - -,h8g8 b1c2 d3c2 c1c2 g8f7 c2e2 g7e5 e4f2 a8e8 f2g4,49
rnbq1rk1/ppp2pbp/5p2/3p4/4P3/2NP2Q1/PPP2PPP/R3KBNR b KQ -,d5d4 c3d5 b8a6 f1e2 g8h8 g1h3 f6f5 e1h1 f5e4 d3e4,91
3r3k/p1p2R1n/1p4p1/8/4P3/8/PPP1B3/2K5 b - -,d8c8 e2c4 h7g5 f7e7 g5f3 c4e6 c8f8 e7c7 f8f6 e6c8,113
rn1qkbnr/pp2pppp/2p5/1P1pPb2/8/8/P1PP1PPP/RNBQKBNR b KQkq -,a7a6 b5a6 b8a6 g1f3 e7e6 f1e2 a6b4 d2d3 b4a2 c1d2,-91
1r4k1/r4p2/1n1R2p1/7p/PR6/1bPB4/5PPP/6K1 b - -,b3a4 d6b6 b8b6 b4b6 a7d7 d3f1 d7d1 f2f3 a4c2 g1f2,15
r3r1k1/p5pp/8/1R2b3/1P6/4BP2/P5PP/3R2K1 b - -,e5c3 g1f2 a7a5 b4a5 c3a5 a2a4 h7h6 d1a1 a8a6 a1a2,254
8/5kpp/5p2/8/4R3/5P2/5KPP/8 b - -,f7g6 f2e3 g6g5 e4a4 g5f5 a4a5 f5g6 e3e4 g6f7 e4f5,802
r4rk1/1p1b1pn1/1n1ppqpp/p1p1P3/P4PP1/1BPP1Q2/1P1N3P/R3NRK1 b - -,b6c4 e5f6 c4d2 f3d1 d2f1 f6g7 f8e8 d1e2 d7c6 e2f1,556
5rkb/pp2pp1p/6pP/3pP3/P2P4/5N2/4QPPK/2r5 b - -,e7e6 e2b5 c1c4 g2g3 c4c7 f3g5 b7b6 h2h3 f8c8 b5a6,136
8/4R1pk/P2p4/1b5p/R3pK2/1Br4P/6P1/6b1 b - -,b5a4 b3a4 g1h2 f4f5 c3c5 f5e6 c5a5 a4c2 a5a6 c2e4,-16
rn1qk2r/1b1pppbp/p4np1/1PpP4/4P3/2N2N2/PP3PPP/R1BQKB1R b KQkq -,e8h8 b5a6 b7a6 f1a6 b8a6 e1h1 d7d6 a2a4 d8c8 c1f4,81
8/6pB/2Kn3p/5p1P/2k2P2/6P1/8/8 b - -,g7g5 c6d6 c4c3 h7f5 c3d2 d6e6 d2c3 f4g5 h6g5 h5h6,898
rn2k2r/pp2ppbp/2p2np1/3P1b2/3P1B2/1PN1PN2/1P3PPP/R3KB1R b KQkq -,c6d5 f4b8 a8b8 f1b5 f5d7 b5d7 f6d7 a1a7 e7e6 e1e2,134
rnbqrbk1/pp3ppp/8/8/2P3N1/1N1Pp1P1/PB3PBP/R2Q1RK1 b - -,e3e2 g4h6 g7h6 d1d2 e2f1q a1f1 f8g7 b2g7 g8g7 f1e1,-342
r2qkb1r/1p3ppp/p1n1pn2/7b/3P4/5N1P/PPP1BPP1/RNBQ1RK1 b kq -,f8d6 c2c3 f6d5 f1e1 e8h8 b1d2 a8c8 e2d3 d6b8 d2f1,107
2kr3r/pppb1ppp/5n2/2B5/4Q3/2P5/PP3PPP/RN3RK1 b - -,f6e4 c5e3 h8e8 b1a3 e4d6 a1e1 a7a6 b2b3 d6f5 a3c2,-41
r1b2rk1/4b2p/2nqp3/1p1p1p2/p1nP1N1P/P4NP1/1PB2P2/R1BQR1K1 b - -,c8d7 b2b3 a4b3 c2b3 e7d8 f3g5 f8f6 a3a4 h7h6 g5f3,139
r3k2r/pp3ppp/2p1p3/3pP3/Nq2bBnP/4PP2/P3K3/R2Q1B1R b kq -,,0
r1b1k2r/5ppp/1qp1p1n1/p1bpP3/8/P1P2N2/1PB2PPP/R1BQ1RK1 b kq -,a5a4 d1d2 e8h8 f1e1 c8d7 h2h4 f7f6 c2g6 h7g6 d2c2,11
5n1k/pppq3p/4p3/2pPQ3/2P1P1P1/8/PP5P/5R1K b - -,h8g8 e5g5 f8g6 d5e6 d7e6 g5d8 g8g7 d8c7 g7h6 g4g5,580
2r3kb/pp2pp1p/6pP/1Q1pP3/P2P4/5N2/5PPK/2r5 b - -,c1c7 b5d5 e7e6 d5d6 c7c6 d6b4 c6c7 f3g5 b7b6 f2f4,262
r1bqkb1r/5ppp/p1p1pn2/2pp4/4P3/1PN2N2/P1PPQPPP/R1B2RK1 b kq -,a6a5 d2d3 f8e7 c3a4 f6d7 c1a3 e8h8 c2c4 c8a6 a1c1,117
8/8/5kp1/2r4p/6PP/5PK1/3R4/8 b - -,c5c4 d2d6 f6f7 g4g5 f7g7 d6e6 g7f7 e6e4 c4c1 g3f4,8
2N2k2/p2q1pp1/2rP4/p3p2n/1b2P3/1Pp1BP1P/R1Q3P1/3R3K b - -,f7f6 c8e7 c6d6 e7d5 h5g3 h1g1 f6f5 a2a1 f5f4 e3f2,392
r1bqkb1r/pp1nnppp/4p3/3pP3/3Q1P2/2N5/PPP3PP/R1B1KBNR b KQkq -,e7f5 d4d1 f8b4 g1f3 d7c5 c1d2 c8d7 a2a3 b4c3 d2c3,-72
r2qr1k1/ppp2pp1/1Bn1b2p/3np3/8/1BPP1NN1/PP1Q1PPP/R3K2R b KQ -,a7b6 e1h1 e6g4 b3d1 d5f4 d3d4 g4f3 d1f3 d8g5 g3e4,-38
8/8/5PR1/4k1Pp/r6P/6K1/8/8 b - -,a4a3 g3g2 a3a2 g2f3 a2a4 g6g8 a4a3 f3e2 a3a2 e2d3,870
rn1qkb1r/pp2ppp1/2p3b1/3p2Pp/3P1BnP/2N2N1B/PPP1PP2/R2QK2R b KQkq -,f7f6 e2e4 d5e4 f3h2 e7e5 d4e5 d8d1 a1d1 f6e5 f4g3,70
r4rk1/1bq1ppbp/6p1/pBp5/8/PP3P1P/2P1QBP1/3R1RK1 b - -,b7c6 b5c6 c7c6 e2e7 g7d4 a3a4 a8e8 e7g5 e8e2 f2d4,53
3q4/1p1k4/p7/5Q2/4P3/1P3p1P/P4PP1/6K1 b - -,d7e8 f5h5 e8f8 h5h8 f8e7 h8d8 e7d8 g2f3 d8e8 f3f4,1014
5rk1/p4ppp/1r1q1n2/3pN3/1P4b1/Q1PB4/P2N1PPP/R3K2R b KQ -,d6e5 e1f1 f8c8 a1e1 c8c3 e1e5 c3a3 d3b1 b6b4 f2f3,-276
r1b1kb1r/pp2pppp/2n2n2/qNpp4/5B2/2PP1N2/PP2PPPP/R2QKB1R b KQkq -,a5b5 a2a4 b5a5 e2e4 d5d4 f1e2 d4c3 e1h1 c3b2 a1b1,-447
2rqr1k1/pR1bpp1p/2n3pB/2n5/8/b4NP1/3NPPBP/Q4RK1 b - -,c6d4 a1d4 e7e5 f3e5 d8f6 d2e4 f6e5 d4e5 e8e5 e4f6,485
8/P3R1pk/3p4/1b5p/R3pK2/1r5P/6P1/6b1 b - -,g1e3 f4f5 b5c6 a7a8q b3b5 f5e6 c6a8 a4a8 e3f4 e7f7,-4
4r1k1/1B4pp/2p1pp2/3pn3/8/1P5P/P5P1/4R1K1 b - -,e8b8 b7c6 e5c6 e1e6 c6b4 a2a4 g8f7 e6e1 b4d3 e1b1,-459
r1bqkb1r/pp1n1ppp/4p3/3pPn2/5P2/2N5/PPP3PP/R1BQKBNR b KQkq -,f8b4 g1f3 d7c5 c1d2 c8d7 a2a3 b4c3 d2c3 c5e4 c3d4,-67
r1b4r/2Q5/p4pk1/5p1q/1p6/3R4/PPP3PP/1K5R b - -,a6a5 d3g3 h5g4 h2h3 c8e6 g3g4 f5g4 h1f1 a8f8 b2b3,432
r6r/1p3kp1/1p1pp3/7p/4P3/3P1PR1/PPP2K2/R7 b - -,g7g6 a2a3 e6e5 a1d1 a8c8 c2c3 f7f6 d3d4 c8d8 g3g2,25
r1r3k1/1p2pp1p/1n1p2p1/3P4/pP2P3/5P2/P3B1PP/2RR2K1 b - -,f7f5 a2a3 g8g7 e2b5 f5e4 f3e4 g7f6 g1f2 e7e6 d5e6,79
rn1qk2r/1b1p1pbp/p3pnp1/1PpP4/P3P3/2N2N2/1P3PPP/R1BQKB1R b KQkq -,e8h8 f1e2 a6b5 e2b5 e6d5 e4d5 d8e8 c1e3 f6g4 d1d3,47
1r4k1/6pp/2B1p3/3pp3/8/1P5P/P5P1/6K1 b - -,g8f7 g1f2 e5e4 c6a4 f7e7 g2g4 g7g5 f2g2 e7d6 g2g3,-647
r1b1k2r/pp3pp1/2nqpn1p/2pp4/3P1P2/2PBPN2/PP1N2PP/R2QK2R b KQkq -,c5d4 c3d4 c8d7 a2a3 c6e7 e1h1 a7a6 a3a4 e8h8 f3e5,30
4r1k1/5ppp/2Qp4/3P4/8/1q3P2/2B4P/3K3R b - -,b3f3 d1c1 f3h1 c2d1 h1e1 h2h4 e8b8 h4h5 e1e3 c1c2,-913
2r3kb/pQ3p1p/4p1pP/3pP3/P2P4/5N2/5PPK/2r5 b - -,a7a5 f3g5 c1c7 b7b6 c7c4 b6a6 c4c7 a6a5 c7c2 a5a6,275
5nk1/pppq3p/4p3/2pP2Q1/2P1P1P1/8/PP5P/5R1K b - -,f8g6 d5e6 d7e6 g5d8 g8g7 d8c7 g7h6 g4g5 h6g5 c7c5,590
rnb1k2r/1p3pp1/p2Bp2p/2N5/3N4/4K3/6PP/3R3R b kq -,b8d7 c5d7 c8d7 d1c1 e6e5 d4f3 d7c6 f3e5 f7f6 e5c6,148
rn1qkb1r/pp1n2p1/2p1pp1p/3pP3/3P3N/2N4P/PPP1QPP1/R1B2RK1 b kq -,h6h5 h4g6 h8h7 g6f4 e8f7 e5f6 d8f6 f1e1 b8a6 f4h5,292
r1bqk2r/ppppnppp/8/2b1n1NQ/2BpP3/8/PPP2PPP/RNB2RK1 b kq -,g7g6 h5e2 d7d6 b2b4 c5b6 a2a4 a7a5 b4b5 e5c4 e2c4,-96
r2qr1k1/ppp2pp1/1bnpb2p/4p3/4P1n1/1BPPBNN1/PP1Q1PPP/R4RK1 b - -,d6d5 e3b6 a7b6 d2c2 g4f6 h2h3 d8e7 a1d1 d5e4 d3e4,3
k6r/3R4/K1P5/1P6/8/8/8/8 b - -,d6d5 e3b6 a7b6 d2c2 g4f6 h2h3 d8e7 a1d1 d5e4 d3e4,Mate
3qr1k1/5pp1/r2p1nn1/pN1P1NQ1/1bp1P3/5PB1/1P4KP/R4R2 b - -,d8d7 b5d4 b4c5 g3f2 e8e5 d4c6 a6c6 d5c6 d7c6 f2g3,106
3q4/1p6/p1k5/8/4P3/1P3Q1P/P4PP1/6K1 b - -,c6c5 g2g4 b7b5 f3c3 c5b6 c3e3 b6c6 g1g2 d8f6 e3f3,667
3R2k1/p3Bp2/7p/3P2p1/4PN2/5P1K/Pr5P/R7 b - -,c6c5 g2g4 b7b5 f3c3 c5b6 c3e3 b6c6 g1g2 d8f6 e3f3,Mate
r6r/1p4p1/1p1ppk2/7p/4P3/3P1PR1/PPP2K2/6R1 b - -,h8h6 g3g7 h5h4 g7d7 h4h3 d7d6 b6b5 d6b6 h3h2 g1h1,221
r1bqkbnr/5ppp/p1p1p3/2pp4/4P3/1P3N2/P1PPQPPP/RNB2RK1 b kq -,f7f6 e4e5 g8e7 b1c3 e7g6 c3a4 d8c7 f1e1 a8b8 g2g3,121
r2qkbnr/ppp3pp/2np1p2/5b2/3p1BPP/1P2P3/P1P2P2/RN1QKBNR b KQkq -,f5e6 e3d4 d6d5 b1c3 f8b4 d1d3 e6g4 g1e2 d8e7 e1a1,-91
r2qk2r/pbpnppbp/1p1p1np1/3P4/2P1PB1P/2N5/PP2BPP1/R2QK1NR b KQkq -,a8c8 a1c1 e8h8 h4h5 c7c6 h5h6 g7h8 g1f3 d7c5 f3d2,34
r2q1rk1/3n3p/3p1Bp1/2pP4/p1P1p3/8/PPB1Q1PP/3R1RK1 b - -,,0
8/6p1/3K1n1p/5B1P/3k1PP1/8/8/8 b - -,f6e4 d6e7 e4f2 e7f7 g7g5 f4g5 h6g5 h5h6 d4e3 f7g6,840
r1b1kb1r/pp2pppp/2n2n2/q1pp4/5B2/2NP1N2/PPP1PPPP/R2QKB1R b KQkq -,d5d4 d1d2 d4c3 d2c3 a5c3 b2c3 g7g6 f4d2 f8g7 e2e4,-419
8/p4ppk/7p/2p5/8/5PPb/P1rRK2P/8 b - -,c2d2 e2d2 h3e6 d2e3 h7g6 e3e4 e6a2 f3f4 a2e6 f4f5,-770
8/8/4K3/4R3/3kp3/8/8/8 b - -,c2d2 e2d2 h3e6 d2e3 h7g6 e3e4 e6a2 f3f4 a2e6 f4f5,Mate
2r3kb/p1r2p1p/Q3p1pP/3pP3/P2P4/5N2/5PPK/8 b - -,c8b8 a4a5 b8b7 a6d6 c7d7 d6c6 h8g7 h6g7 g8g7 a5a6,313
1rb1r1k1/3qp2p/p2p1ppB/1pp1bP2/2P1P2R/1P1P2PP/P3Q1BK/5R2 b - -,a6a5 h6f4 b5c4 d3c4 b8b6 e2g4 e8d8 f5g6 d7g4 g6h7,46
3Q1nk1/ppp3qp/4p3/2pP4/2P1P1P1/8/PP5P/5R1K b - -,e6e5 d5d6 c7d6 d8d6 b7b5 d6d5 g8h8 f1f7 b5c4 f7g7,839
r3k2r/1p3ppp/p4q2/3ppb1Q/3b4/1BP5/PP4PP/R1B1R2K b kq -,d4c5 b3d5 e8h8 c1g5 f6d6 h5f3 f5e6 d5b7 a8a7 b2b4,5
2rqr1k1/pp1bp2p/5ppB/n2P4/4PN1P/3B1P2/P5P1/Q4R1K b - -,d8b6 d3e2 a5c4 f4d3 c4d6 f1b1 b6a5 b1b2 d7b5 h6d2,-157
r3k2r/3b1pbp/p1n1pnp1/2p1P3/1p3B2/2N2N2/PP2BPPP/R3K2R b KQkq -,f6h5 f4e3 b4c3 b2c3 c6e5 e1h1 e8h8 a1c1 d7c6 f3e5,-434
1k5r/3R4/KPP5/8/8/8/8/8 b - -,f6g4 c3a4 c6e5 a4c5 d7c6 f3d4 c6g2 h1g1 g2d5 c5a6,Mate
5r1k/pp3rp1/4Q3/3pB1P1/3P3P/P7/1q3P2/5RK1 b - -,b2c2 h4h5 c2f5 e6f5 f7f5 f2f4 h8h7 g1g2 g7g6 h5h6,128
r2q1rk1/ppp2pp1/1b1pbn1p/4p3/3BP3/1BNP1N1P/PPP1QPP1/2KR3R b - -,b6a5 d4e3 a5c3 b2c3 c7c5 c1b2 b7b5 b3e6 f7e6 d1b1,358
r3kb1r/3p2pp/bq2pn2/2p5/1n2P3/P1N2N2/1P1B1PPP/RB1QK2R b KQkq -,b4c6 e4e5 f6d5 b1e4 b6b2 e4d5 e6d5 c3d5 a8c8 d2c3,28
r2qkb1r/pp1nppp1/2p3b1/3p2P1/3P1BpP/2N5/PPP1PP1N/R2QK2R b KQkq -,e7e5 d4e5 d8b6 h2g4 d5d4 c3b1 b6b2 b1d2 g6c2 d1c1,-238
r2qr1k1/ppp2pp1/1bnpb2p/4p3/4P3/1BPPPNN1/PP1Q2PP/R4RK1 b - -,d6d5 e4d5 e6d5 a1e1 a7a5 d2c2 d5b3 a2b3 d8d7 d3d4,24
6k1/r4p2/1R4p1/7p/PR6/1bP5/5PPP/4rBK1 b - -,b3a4 b4b1 a7e7 f2f3 a4c2 b1e1 e7e1 g1f2 e1c1 b6c6,23
r4rk1/ppq2pp1/2p1p1p1/4P3/8/P5QP/1PP2PP1/3R1RK1 b - -,c7b6 g3c3 a7a5 d1d7 a5a4 f1d1 a8a5 d7b7 b6b7 c3a5,36
8/2kpp2R/2p5/8/8/1P2q3/P1P5/1KR5 b - -,,0
4r1k1/5ppp/2Qp4/3P4/8/5q2/2BK3P/7R b - -,f3e3 d2d1 e3f3 d1d2 e8e2 d2c1 f3h1 c1b2 h1e4 c6a8,-919
3q3k/p1p2p1P/1p3Qp1/8/4r3/8/PPP1B3/2K2R2 b - -,,0
r3r1k1/p2q2pp/1b3p2/1p2P3/1P1P4/2R1BP2/P5PP/3Q1RK1 b - -,a8d8 d1b3 d7f7 b3f7 g8f7 c3a3 e8e7 f1f2 b6d4 e3d4,70
r1r3k1/1p2pp1p/1n1p2p1/p2P4/4P3/5P2/PP2BKPP/2RR4 b - -,b6a4 e2b5 a4b2 d1e1 a5a4 a2a3 c8c1 e1c1 a8a5 b5e2,55
rnbq3r/ppp2k1p/4pn2/1B1p4/1b6/5N2/PB3PPP/RN1Q1K1R b - -,c7c6 b5d3 f7e8 b1d2 h8f8 f3e5 b8d7 d2f3 d7e5 f3e5,-121
6k1/r4p2/1R4p1/7p/P2R4/2P5/2b2PPP/4rBK1 b - -,,0
3q4/1p6/p7/1k2P3/8/1P3Q1P/P4PP1/6K1 b - -,b5b4 f3e2 d8e7 e5e6 a6a5 h3h4 b7b5 g2g3 b4c3 h4h5,834
7k/p1p2p1P/1p3Rp1/8/4r3/8/PPP1B3/2K5 b - -,,0
kr1b4/p7/p4p2/2p2P2/b1npP3/3P1n2/P3NK2/R1B2R2 b - -,c4e5 f2g2 f3g5 c1g5 f6g5 a1b1 b8b1 f1b1 e5d3 b1h1,-414
r3k2r/p4ppp/2p1p1b1/1p1pP3/Nq3BnP/4PP2/P3K3/R2Q1B1R b kq -,b5a4 f3g4 g6e4 h1h2 c6c5 e2f2 a8b8 h4h5 h7h6 f2g1,54
3Q1nk1/ppp3qp/3P4/2p1p3/2P1P1P1/8/PP5P/5R1K b - -,c7d6 d8d6 h7h6 d6d5 g8h8 f1f7 b7b6 f7g7 h8g7 d5e5,870
r2qr1k1/1bp1nppp/1p1p1n2/p2Pp3/2P1P3/2P3N1/P1B1QPPP/R1B1R1K1 b - -,b7c8 c1g5 f6d7 g3f5 f7f6 g5e3 d7c5 h2h4 c8d7 a1b1,18
rn2k2r/pp2ppbp/5np1/1N1p1b2/3P1B2/1P2PN2/1P3PPP/R3KB1R b KQkq -,b8c6 b5c7 e8d7 c7a8 h8a8 h2h3 a8c8 f1e2 f6e4 e1h1,240
r2q1rk1/pp2ppbp/3p1np1/n1pP4/2P3b1/1PN2NP1/P1Q1PPBP/R1B2RK1 b - -,g4f5 c2d2 f6e4 c3e4 g7a1 e4c3 f7f6 h2h4 b7b6 h4h5,23
8/1q4kp/pp2P1p1/3p4/P2Q1Pn1/1Pn5/6K1/3R4 b - -,g4e5 d4e5 g7g8 e6e7 b7e7 e5e7 c3d1 e7d8 g8g7 d8b6,744
1k4r1/2PR4/KP6/8/8/8/8/8 b - -,g4e5 d4e5 g7g8 e6e7 b7e7 e5e7 c3d1 e7d8 g8g7 d8b6,Mate
1r1q1rk1/p3n1bp/b2pp3/2p2pP1/5P2/2PPB2P/P3Q1B1/R2N1RK1 b - -,e6e5 f4e5 e7g6 e5d6 d8d6 e2f2 b8c8 e3f4 g6f4 f2f4,-159
r2br1k1/pppB1pPp/3p4/3P3P/4qn2/1Q2B3/PPP2P2/2K3RR b - -,f4e2 c1b1 e2g1 h1g1 d8f6 d7e8 a8e8 b3b7 f6d4 b7c7,305
rn1qkb1r/pb3ppp/1p1ppn2/1Np1P3/3P1B2/5P2/PPP3PP/R2QKBNR b KQkq -,f6d5 f4g3 c5d4 e5d6 b8c6 b5d4 f8d6 d1d2 e8h8 d4c6,-96
rn1qk1nr/ppp1ppbp/6p1/8/4PP2/6P1/PPP3BP/R1BQK1NR b - -,b8c6 c2c3 e7e5 d1b3 a8b8 g1f3 d8e7 c1e3 g8h6 f3g5,100
5nk1/pp4qp/3Q4/2p1p3/2P1P1P1/8/PP5P/5R1K b - -,b7b5 d6d5 g8h8 f1f7 b5c4 f7g7 h8g7 d5e5 g7f7 e5f5,892
r1bq1rk1/p1p1bppp/2p5/8/3Q4/5N1P/PPP2PP1/R1B2RK1 b - -,c8e6 c1f4 e7f6 f4e5 d8d4 e5d4 f6e7 d4e5 f8c8 f3d4,15
r2q1rk1/pbpn1pbp/1p4p1/3pPn2/3P1PP1/2N2N2/PP1Q1B1P/R3KB1R b KQ -,f5h6 h1g1 c7c5 e1a1 c5d4 f3d4 d7c5 g4g5 h6f5 d4f5,221
8/6p1/5n1p/4KBPP/5P2/5k2/8/8 b - -,f6e8 f5d7 e8c7 g5h6 g7h6 f4f5 c7a6 e5d6 a6b4 f5f6,868
2kR2r1/2P5/KP6/8/8/8/8/8 b - -,f6e8 f5d7 e8c7 g5h6 g7h6 f4f5 c7a6 e5d6 a6b4 f5f6,Mate
2r1r2k/R6R/6P1/8/8/7P/6PK/5b2 b - -,h8g8 a7g7 g8f8 g7f7 f8g8 f7f1 c8c6 g6g7 g8h7 f1f8,443
2r2rk1/pb1qbppp/1p2p3/n3P3/3PN3/P2B4/1B2QPPP/2R2RK1 b - -,f8d8 c1d1 d7d5 e2g4 g8f8 b2c3 a5c4 f1e1 a7a5 h2h4,-14
6k1/5ppp/2Qp4/3P4/8/5q2/2B1r2P/3K3R b - -,d7d5 e2g4 g8h8 g4h3 h7h6 c1e1 f8d8 b2c1 d5d4 e4d6,Mate
rn1qkbnr/ppp2ppp/4b3/3p4/2PP4/8/PP2NPPP/RNBQKB1R b KQkq -,f8b4 b1c3 d5c4 e2f4 e6d5 f4d5 d8d5 f1e2 b8c6 e2f3,21
6k1/bpB3pp/p4p2/8/8/1PP5/P3r1PP/3R3K b - -,h7h5 a2a4 h5h4 d1b1 g8f7 c3c4 f7e6 h2h3 a7f2 c7h2,-168
r3k2r/5ppp/bqp1p1n1/p1bpP3/8/P1PB1N2/1P3PPP/R1BQ1RK1 b kq -,a6d3 d1d3 a5a4 h2h4 h7h5 c3c4 a8b8 c1d2 b6b3 d3b3,-67
3r1k2/6p1/2b1Bn1p/pp1P4/4P3/4KP1P/P5P1/2R5 b - -,c6e8 c1c7 e8d7 e6d7 d8d7 c7c8 f8e7 e3d4 a5a4 d4c5,37
rn2k1nr/ppp1ppbp/6p1/8/4PP2/6P1/PPP3BP/R1BK2NR b - -,b8c6 c2c3 g8f6 d1c2 e7e6 a2a4 a7a5 a1a3 a8d8 a3b3,102
r1bq1rk1/ppp1bppp/3p1n2/3P4/2P5/3NB3/PP1N1PPP/2RQ1RK1 b - -,h7h6 f1e1 f8e8 h2h3 c8f5 d3f4 c7c5 d5c6 b7c6 d1f3,25
r2b2k1/pQpB1pPp/3p4/3Pr2P/4qn2/4B3/PPP2P2/2K3RR b - -,e4d5 d7c6 d5a2 b7a8 f4e6 h5h6 d6d5 a8a7 a2a7 e3a7,639
r3kb1r/3p2pp/bq2pn2/2p5/1n2P3/2N1BN2/PP3PPP/RB1QK2R b KQkq -,f6g4 e3d2 b4c6 h2h3 g4e5 f3e5 c6e5 d1b3 b6d8 c3b5,-76
2r1r1k1/7R/6P1/8/8/7P/6PK/5R2 b - -,c8c6 g6g7 g8h7 f1f8 h7g7 f8e8 c6c4 e8e6 g7f7 e6b6,608
r3Q2k/1p4pp/R2q4/r4P2/2np3P/6P1/2PB1P2/2K1R3 b - -,d6f8 e8f8 a8f8 a6a5 c4a5 d2a5 h7h6 e1e5 f8f6 a5e1,Mate
r1bq1rk1/pp2bppp/2Pp1n2/8/2P5/3NB3/PP1N1PPP/2RQ1RK1 b - -,f8e8 c6b7 c8b7 f1e1 h7h6 h2h3 d8d7 e3d4 f6h7 d1g4,111
r3k2r/pb1ppp1p/6p1/3Nb3/8/8/PPP2PPP/R1B1R1K1 b kq -,e5h2 g1h2 b7d5 e1e5 d5e6 e5a5 e8h8 b2b4 a7a6 a2a4,-86
r2q1rk1/1b1p1pbp/n3pnp1/1BpP4/P3P3/2N2N1P/1P3PP1/R1BQK2R b KQ -,a6c7 b5e2 e6d5 e4d5 f6d5 c3d5 b7d5 e1h1 d5c6 f1e1,-63
1r4k1/5p2/1n1R2p1/7p/r7/1RPB4/5PPP/6K1 b - -,b8c8 d6b6 a4a1 d3f1 a1c1 b6b8 c1c3 b3c3 c8b8 c3c7,426
r3kb1r/ppp2ppp/2n1b3/3qP3/3PpB2/2P5/PP1Q2PP/R3KBNR b KQkq -,e8a8 g1e2 d5a5 a2a3 c8b8 b2b4 a5a4 d2c1 f7f6 e5f6,-57
r3r1k1/p2q2pp/1b6/1p1Pp3/1P6/2R1BP2/P5PP/3Q1RK1 b - -,e8d8 e3b6 a7b6 a2a3 d7d5 d1d5 d8d5 h2h4 h7h5 f1c1,62
r1q1r1k1/pb2bppp/1pp1pn2/2P5/3P1B2/5NP1/PP2QPBP/2RR2K1 b - -,b7a6 e2c2 f6d5 a2a3 d5f4 g3f4 a6b7 b2b4 a7a5 f3e5,82
6k1/3r2p1/5p1p/8/q4B2/6PP/5P2/2R3K1 b - -,d7d1 c1d1 a4d1 g1g2 d1d5 f2f3 d5e6 g2f2 e6h3 g3g4,-758
2kr2r1/1pp1qp1p/p1Bpbp2/2b5/4P3/2NQ1N2/PP3PPP/R4RK1 b - -,b7c6 d3a6 c8b8 a6c6 e7e8 c6e8 d8e8 f1e1 f6f5 e4e5,66
r5r1/1p4p1/1p1ppk2/7p/2P1P3/3P1PR1/PP3K2/6R1 b - -,f6f7 g3g5 a8a2 g5b5 h5h4 b5b6 f7f6 b6b7 g7g5 b7b5,45
r1bqr1k1/1pppnpp1/pb5p/2n1P1B1/7Q/2P2N2/PPB2PPP/RN3RK1 b - -,c5e6 g5e7 d8e7 h4e4 g7g6 b1d2 d7d6 d2c4 e6g5 f3g5,33
2kR4/8/KP6/8/8/8/8/8 b - -,c5e6 g5e7 d8e7 h4e4 g7g6 b1d2 d7d6 d2c4 e6g5 f3g5,Mate
8/8/7p/2kB2pP/2P5/5P2/PK1b4/8 b - -,c5d6 b2c2 d2e1 d5g8 e1f2 c2c3 f2b6 c3b3 b6c5 b3a4,71
r1b2rk1/pp2bpp1/2n2n1p/2pp4/8/3PBNP1/PPPN1PBP/R4RK1 b - -,d5d4 e3f4 g7g5 f4e5 f6d5 h2h3 d5b4 a2a3 b4c2 a1c1,-141
1rbr2k1/3qp2p/p2p1pPB/1pp1b3/2P1P2R/1P1P2PP/P3Q1BK/5R2 b - -,e7e6 e2h5 b5c4 d3c4 c8b7 h4g4 g8h8 g6h7 d8f8 h6f8,353
2kr2r1/2p1qp1p/Q1ppbp2/2b5/4P3/2N2N2/PP3PPP/R4RK1 b - -,c8d7 c3a4 d7e8 a4c5 d6c5 f1d1 d8d6 a2a4 e8d7 a4a5,162
r2r2k1/pp3pbp/2n1p1p1/2R5/3P1Bb1/4PN2/P3BPPP/2R1K3 b - -,g7f8 c5b5 d8d7 f3d2 g4e2 e1e2 a8c8 c1c4 h7h5 d2e4,55
rn1qkb1r/pp1n2p1/2p1pP2/3p3p/3P3N/2N4P/PPP1QPP1/R1B2RK1 b kq -,e8f7 f1e1 d8e8 f6g7 f8g7 c1g5 b8a6 e2d2 f7g8 c3e2,433
6k1/3r2p1/5p1p/8/4q3/4B1PP/5P2/2R3K1 b - -,e4f3 g1h2 d7d1 c1d1 f3d1 h2g2 d1c2 g3g4 g8f7 g2g3,-768
r3k3/1Rp2p2/p4b2/P1KP3p/2N3p1/6P1/5P1P/8 b - -,a8c8 b7a7 e8d8 a7a6 f6c3 c5c6 c8b8 a6a7 b8b4 a7a8,412
3R2k1/1q5p/pp2P1p1/8/P4Pn1/1Pp3K1/8/8 b - -,,0
r1bq1rk1/pppnbppp/3p4/3P4/8/2PNB3/PP1N1PPP/2RQ1RK1 b - -,d7f6 c3c4 c7c5 d5c6 b7c6 b2b4 d6d5 f1e1 f8e8 d2b3,17
r4rk1/bp3ppp/p2q4/3BpR1Q/8/2P5/PP4PP/R1B4K b - -,d6d5 f5e5 a8e8 c1f4 e8e5 h5e5 d5e5 f4e5 f7f6 e5f4,-98
r1b1r1k1/1pq2pp1/p1p2n1p/3p2n1/PP1P4/2NBP1NP/2Q2PP1/1RR3K1 b - -,e8e3 c3e2 e3e8 b4b5 a6b5 a4b5 c8d7 b5c6 b7c6 b1a1,-77
6k1/ppp3b1/4P1p1/8/3pp3/5r2/PP3PK1/3R3R b - -,g7e5 h1h4 f3f5 h4e4 g8f8 d1e1 e5f6 e1h1 f5h5 h1h5,165
8/p4ppk/7p/2p5/8/5PPb/P2K3P/8 b - -,h3e6 d2c1 h7g6 c1b2 g6f5 a2a4 f5e5 b2c3 e5d5 c3d3,-802
r4Q1k/1p4pp/R7/r4P2/2np3P/6P1/2PB1P2/2K1R3 b - -,a8f8 a6a5 c4a5 d2a5 h8g8 e1e5 f8f6 a5b4 h7h6 b4c5,608
8/8/n7/4p3/6p1/3pkb2/7K/8 b - -,a8f8 a6a5 c4a5 d2a5 h8g8 e1e5 f8f6 a5b4 h7h6 b4c5,Mate
r1bqk2r/p2nppbp/3p1np1/2pP4/PpP5/6PN/1P1NPPBP/R1BQ1RK1 b kq -,d7e5 a1a2 f6g4 a4a5 h7h5 h3g5 h5h4 g3h4 g4h6 h4h5,27
r2qr1k1/ppp1bppp/3p1n2/3P1b2/2P5/3NBN2/PP3PPP/2RQR1K1 b - -,c7c5 d5c6 b7c6 f3d4 f5d7 h2h3 c6c5 d4b5 d7c6 b5c3,19
r1b1k2r/ppqnbppp/4p3/8/2BP4/2PQ1N2/P4PPP/R1B2RK1 b kq -,,0
rnbqk2r/5ppp/4Pn2/pp6/2p1P3/2B2N2/1P3PPP/R2QKB1R b KQkq -,d8d1 a1d1 f7e6 d1d6 f6e4 d6b6 e4c3 b2c3 c8d7 f3d4,-112
r3k2r/1ppqnp1p/3p1p2/p1bP4/P1BN4/7P/1PPQ1PP1/R3K2R b KQkq -,h8g8 g2g4 f6f5 f2f3 h7h5 g4h5 e8d8 b2b3 g8h8 e1a1,102
1rbr2k1/3qp3/p2p1ppB/1pp1b3/2P1P2R/1P1P1BPP/P3Q2K/5R2 b - -,b8b7 h6d2 d7e8 d2a5 d8d7 e2d2 e7e6 a5c3 e8d8 f3g4,16
r1bqkb1r/5ppp/p1p1pn2/2pp4/4P3/1P1P1N2/P1PN1PPP/R1BQ1RK1 b kq -,f8e7 f3e5 d8c7 f2f4 e8h8 d1f3 f6d7 c1b2 f7f6 e5d7,95
6k1/5ppp/2Qp4/3P4/8/5q2/2K4P/7R b - -,h7h6 h1c1 f3a3 c6c8 g8h7 c8c4 h7g8 c1b1 a3a7 b1b4,460
r1bqk2r/1p1n1p2/p2p1bp1/3Np2P/4P3/4B3/PPP2P2/R2QKB1R b KQkq -,d8a5 b2b4 a5d8 d1f3 g6g5 f1h3 h8h6 h3f5 a6a5 b4b5,318
r2qr1k1/ppp2pp1/1bnp3p/4p3/4P1n1/1PPPBNN1/1P1Q1PPP/R4RK1 b - -,g4e3 f2e3 d6d5 e4d5 d8d5 b3b4 a7a5 c3c4 d5d7 c4c5,15
r2q1rk1/pb1n3p/1p4pb/2ppPp2/3P1P2/2N2N1P/PP1Q1B2/2KR1B1R b - -,a8c8 c1b1 c5d4 f2d4 d7c5 h3h4 c5e6 c3e2 d8e8 h4h5,412
4r1k1/p4ppp/1r3n2/3pq3/1P4b1/Q1PB3P/P2N1PP1/R4K1R b - -,g4e2 d3e2 e5e2 f1g1 e2d2 a3a7 d2c3 a7b6 c3a1 g1h2,-478
r3k2r/3pb1pp/bqn1p3/2p5/4PBn1/P1N2N1P/1P3PP1/RB1QK2R b KQkq -,b6b2 f4d2 g4f2 e1f2 b2a1 c3d5 e8h8 d5e7 c6e7 d2e3,-373
r2q1rk1/1b1p1pbp/4Pnp1/1Bp5/Pn2P3/2N2N1P/1P3PP1/R1BQK2R b KQ -,,0
3qr1k1/5pp1/r2p1nn1/pNpP1NQ1/1b2P3/5PB1/1P5P/R4RK1 b - -,f6h7 g5d8 e8d8 b5d6 h7g5 h2h4 g5h3 g1h2 h3f4 d6c4,304
r2qr1k1/ppp1bppb/3p1n1p/3P4/2PN4/1Q1NB3/PP3PPP/2R1R1K1 b - -,d8c8 h2h3 e7f8 a2a4 c7c5 d4e2 a7a6 a4a5 a8b8 c1a1,-20
r1b2rk1/ppqnbppp/4p3/8/3P4/1BPQ1N2/P4PPP/R1B2RK1 b - -,b7b6 b3c2 g7g6 f1e1 c8b7 h2h4 f8d8 h4h5 a8c8 c1d2,3
1r4k1/5p2/1n1R2p1/7p/8/1RP5/5PPP/r4BK1 b - -,b8c8 d6b6 a1c1 b6b8 c1c3 b3c3 c8b8 c3c7 h5h4 c7c4,424
8/6K1/3k4/8/P7/1p6/1N6/8 b - -,,0
r2qr1k1/1bp2pp1/1p1p1nnp/p2Pp3/2P1P3/2P3N1/P1BBQPPP/R3R1K1 b - -,f6d7 g3f5 b7c8 g2g3 g6e7 g3g4 e7f5 g4f5 d8h4 g1h1,42
5rk1/pp3rp1/4Q3/3pB1P1/3P3P/P7/1q3PK1/5R2 b - -,b2a3 g5g6 a3f3 g2g1 a7a5 g6f7 g8h7 e5g3 f3f7 e6f7,328
r1bq1rk1/3n1pbp/1p1p2p1/2nPp3/p3P1P1/P1N1B2P/1PQN1P2/2KR1BR1 b - -,c8b7 c1b1 d8b8 d1c1 f8c8 c2d1 b6b5 f1b5 b7a6 b5a6,132
1r1q1rn1/1bn1p1kp/3p1pp1/p1p3P1/1p2PP1P/2PPN3/PP1QN1B1/R4RK1 b - -,e7e6 a1d1 g7h8 d3d4 c5d4 d2d4 d6d5 e4d5 b4c3 e2c3,92
r2qr1k1/ppp2pp1/1bnp3p/4p3/4P3/1PPPPNN1/1P1Q2PP/R4RK1 b - -,d6d5 e4d5 d8d5 f3h4 a8d8 d2f2 c6e7 c3c4 d5e6 b3b4,24
6k1/5ppp/4n3/1p6/1N6/8/P1P2PPP/2K2R2 b - -,e6c5 c1b1 c5e4 b1a1 g8f8 b4d5 e4d6 f1d1 d6e4 a2a3,636
r1q1r1k1/1pp1bpp1/p2p1n1p/3P4/3QP3/1P4PP/PB3PBK/R3R3 b - -,a6a5 a1c1 a5a4 b3b4 a4a3 b2a1 a8a4 d4d2 c7c6 d5c6,300
8/8/5K2/2k5/P7/1p6/1N6/8 b - -,,0
5r1k/1p4pp/8/R4P2/2np3P/6P1/2PB1P2/2K1R3 b - -,d4d3 c2d3 c4a5 d2a5 h8g8 e1e5 f8f7 c1d2 f7d7 a5c3,612
2kr3r/Bppb1ppp/8/8/4n3/2P5/PP3PPP/RN3RK1 b - -,b7b6 b1a3 c8b7 a7b6 b7b6 a3c4 b6a6 f1e1 h8e8 e1e3,-277
5R1k/pppq3p/4p3/2pPr3/2P1P1P1/2Q5/PP5P/7K b - -,h8g7 c3e5 g7f8 e5h8 f8f7 h8h7 f7e8 h7d7 e8d7 d5e6,558
8/p4ppk/4b2p/8/2pK4/5PP1/P6P/8 b - -,h7g6 d4e4 g6g5 h2h4 g5f6 g3g4 g7g5 h4g5 f6g5 e4e3,-775
r2qr1k1/ppp1bppb/3p3p/3P4/2PN4/1Q1NR3/PP3PPP/3R2K1 b - -,e7f6 d3e1 e8e3 b3e3 d8e8 e3d2 f6d4 d2d4 e8a4 d1a1,-49
rnbqkbnr/pp3ppp/2pp4/8/2Pp4/4P1P1/PP3PBP/RNBQK1NR b KQkq -,d4e3 c1e3 b8d7 b1c3 d7e5 d1e2 c8g4 g1f3 g8f6 a1d1,-50
6k1/6p1/5p1p/8/4q3/3rB1PP/5P1K/2R5 b - -,e4f3 g3g4 g8f7 c1f1 d3d1 f1d1 f3d1 h2g2 d1c2 g2g3,-763
r3k2r/5ppp/bqp1p1n1/p1bpP3/1P6/P1P2N2/2B2PPP/R1BQ1RK1 b kq -,c5e7 f1e1 a5b4 c1e3 b6b7 c3b4 e8h8 h2h4 b7c7 e3d2,82
r1b2rk1/p1qnbppp/1p2p3/8/3P4/1BPQ1N2/P2B1PPP/R4RK1 b - -,c8b7 f1e1 e7d6 a2a4 b7f3 d3f3 d6h2 g1f1 h2d6 e1e4,-7
3n1b2/p4p1k/4rPRp/1p6/8/6R1/PPpBp1PP/4K3 b - -,c2c1q d2c1 f8b4 g3c3 b4c3 b2c3 f7g6 c1a3 d8f7 a3c5,-623
r2r2k1/pp3pbp/4p1p1/1R6/1n1P1Bb1/4PN2/P3BPPP/2R1K3 b - -,b4d5 f4c7 d5c7 c1c7 b7b6 f3d2 g4e2 e1e2 d8c8 c7c4,49
r2br1k1/pppB1pPp/3p4/3P3P/4q3/1Q2B3/PPP1nP2/1K4RR b - -,e2g1 h1g1 d8f6 d7e8 e4e8 h5h6 c7c5 e3d2 f6d4 g1e1,317
2b1Qk2/1p3pp1/2p4p/6r1/p5q1/2P5/PPB2PPP/3R2K1 b - -,f8e8 d1e1 e8d8 g2g3 g5d5 h2h3 g4h3 b2b4 a4b3 a2b3,-964
1rbrq1k1/4p3/p2p1ppB/1pp1b3/2P1P1BR/1P1P2PP/P3Q2K/5R2 b - -,e7e6 h6f4 e5d4 f4e3 d4e5 c4b5 a6b5 b3b4 f6f5 g4f3,16
r1b2rk1/pp2bp2/2n2n1p/2p1B1p1/3p4/3P1NP1/PPPN1PBP/R4RK1 b - -,f6d5 h2h3 d5b4 a2a3 b4c2 a1c1 c8f5 c1c2 f5d3 f3e1,-191
rnbqkbnr/pp3ppp/2pp4/8/2P5/4B1P1/PP3PBP/RN1QK1NR b KQkq -,b8d7 b1c3 d7e5 b2b3 g8e7 g1e2 g7g6 e1h1 f8g7 d1d2,-37
rn1qkb1r/pp1nppp1/2p3b1/3p2Pp/3PPB1P/2N2N2/PPP2P2/R2QKB1R b KQkq -,g6e4 c3e4 d5e4 f3d2 g7g6 d2e4 f8g7 f1h3 e8h8 e1h1,167
rnbqkb1r/ppp1p2p/3p1np1/6B1/3P4/3B1N2/PPP3PP/RN1Q1RK1 b kq -,f8g7 b1d2 e8h8 d1e2 b8c6 c2c3 a7a5 a1e1 a5a4 d4d5,52
5r1k/1p4pp/8/B4P2/3p3P/6P1/2P2P2/2K1R3 b - -,f8a8 e1e5 h8g8 c1d2 a8a6 e5b5 a6d6 d2d3 d6a6 a5b6,614
4r1k1/5p2/1R1R2p1/7p/8/2P5/5PPP/r4BK1 b - -,a1c1 g2g3 e8e1 g1g2 e1f1 b6c6 g8g7 d6d7 f1g1 g2f3,18
2rr2k1/pb1q1ppp/1p3n2/8/1P1PN1P1/P2Q1PRP/4N3/R5K1 b - -,f6d5 g3g2 c8c6 a1d1 d7c7 h3h4 d8e8 d1e1 c6e6 e1c1,-81
r2q1rk1/1b1p2bp/4pnp1/1Bp5/Pn2P3/2N2N1P/1P2QPP1/R1B1K2R b KQ -,h7h6 e1h1 d7d5 f1d1 d5d4 e4e5 f6h5 c3e4 h5f4 c1f4,46
5R2/pppq2kp/4p3/2pPQ3/2P1P1P1/8/PP5P/7K b - -,g7f8 e5h8 f8e7 h8h7 e7d8 h7d7 d8d7 d5e6 d7e6 h1g2,655
r3kb1r/pppq1p1p/3p1pn1/3Pp3/4P3/2P2N2/PP1N1PPP/R2QK2R b KQkq -,f6f5 d1c2 f5e4 d2e4 f8e7 e1a1 e8a8 h2h4 f7f5 e4g5,-44
r2r2k1/pp3pbp/2n1p1p1/2R5/3P1Bb1/2K1PN2/P3BPPP/2R5 b - -,g7f8 c5c4 e6e5 f4e5 g4e6 c1b1 e6c4 e2c4 a8c8 b1b7,-27
2kr2r1/1pp1qp1p/p1npbp2/2b5/B3P3/2NQ1N2/PP3PPP/R3R1K1 b - -,c6e5 f3e5 f6e5 b2b4 c5d4 a1c1 c8b8 b4b5 a6a5 a4b3,-276
rqb2rk1/1p1n2pp/p2b1p2/N2NpP2/4P3/8/PP1B2PP/2RQ1R1K b - -,d7c5 d2e3 c5e6 f5e6 c8e6 a5c4 d6c7 c4b6 c7b6 d5b6,551
r5r1/1p6/1p1ppk2/6pp/2P1PP2/3P2R1/PP3K2/6R1 b - -,g5g4 g3g2 a8a2 f2g3 b6b5 g2e2 f6g6 g1d1 a2a6 e4e5,-100
r3r1k1/p5pp/3P4/1p2p3/1P3q2/P2R1P2/6PP/3Q1RK1 b - -,a8d8 d1c1 f4f7 c1c5 a7a6 f1e1 f7c4 d3d5 e8e6 d6d7,286
r3k1nr/p4ppp/1qpbp1b1/3pN3/3P2P1/2P4P/PP2QP2/RNB2RK1 b kq -,g8f6 c1f4 d6e5 f4e5 e8h8 f1e1 a7a5 b2b3 f6d7 b1d2,-45
8/p5p1/3n1pBp/3K3P/1k3P2/6P1/8/8 b - -,b4c3 d5d6 c3d2 d6e7 d2e3 e7f8 a7a5 f8g7 e3f2 g6f7,715
6k1/5ppp/8/1p6/1N1n4/2P5/P4PPP/2K2R2 b - -,d4e6 c1b2 e6c5 f1e1 h7h5 b2a1 g7g6 f2f3 c5b7 g2g4,651
rn2k2r/p3ppbp/6p1/qppP1b2/3Pn3/1P3N2/PB1NPPPP/R1Q1KB1R b KQkq -,b8a6 d4c5 e4d2 f3d2 g7b2 c1b2 e8h8 f2f3 a6c5 b3b4,132
6k1/6p1/5p1p/8/8/3rBqPP/5P1K/1R6 b - -,d3d1 b1d1 f3d1 h2g2 d1c2 g2f1 g8f7 f2f3 c2h2 e3f2,-756
2k5/3NK3/8/8/8/5B2/8/8 b - -,d3d1 b1d1 f3d1 h2g2 d1c2 g2f1 g8f7 f2f3 c2h2 e3f2,Mate
3r1k2/6p1/4Bn1p/pp1b4/4P3/4KP1P/P5P1/3R4 b - -,f8e7 e6d5 a5a4 d1d2 b5b4 e3d4 f6d5 e4d5 d8c8 d2e2,107
r2br1k1/pppB1pPp/3p4/3P3P/4q3/1Q2B3/PPP2P2/1K4R1 b - -,d8f6 d7e8 e4e8 h5h6 a7a6 e3c1 a8b8 b3f3 f6d4 g1g4,332
4r1k1/3q1p2/r2p1Qn1/p2P1N2/1b1NP3/5PB1/6KP/q4R2 b - -,d7f5 e4f5 e8e2 g2g1 a1d4 f6d4 b4c5 d4c5 d6c5 f5g6,-411
6k1/5p2/1R1R2p1/7p/8/2P3P1/5P1P/r3rBK1 b - -,g8g7 g1g2 e1f1 b6b7 f1g1 g2f3 a1a5 d6d2 a5f5 f3e3,20
2rr2k1/pb1q1p1p/1p4p1/3n4/1P1PN1P1/P2Q1PRP/4N3/R5K1 b - -,d7a4 a1b1 g8g7 g3g2 c8c2 d3b3 a4b3 b1b3 d5c7 g2f2,-59
8/5B2/7p/2k3pP/2P5/1K3P2/P7/4b3 b - -,e1f2 b3c3 c5d6 c3b4 f2g1 f7d5 g1d4 d5e4 d4c5 b4c3,52
r2q1rk1/1p2n1pp/pppQbp2/8/4P3/4BN2/PPP2PPP/2KR3R b - -,d8d6 d1d6 g8f7 a2a4 a8e8 h1d1 f8g8 b2b3 g7g5 f3g1,81
8/1R4p1/4r1kp/5p2/PP3n2/2R5/3r2PP/5K2 b - -,d8d6 d1d6 g8f7 a2a4 a8e8 h1d1 f8g8 b2b3 g7g5 f3g1,Mate
6k1/6p1/5p1p/8/8/3r2PP/5B1K/1R6 b - -,g8f7 h2g2 f7g6 b1b7 d3c3 f2d4 c3c8 g2f3 h6h5 d4e3,151
2rq1rk1/pp1bpp1p/2n3pB/2n5/2N5/b4NP1/4PPBP/1R1Q1RK1 b - -,d7f5 h6f8 d8f8 c4a3 f5b1 d1b1 e7e5 a3c2 f8e7 f3d2,246
2rr2k1/pb3p1p/1p4p1/3n4/qP1PN1P1/P4PRP/3QN3/R5K1 b - -,c8c2 e2c3 d5c3 d2g5 c3e2 g1g2 e2d4 g2h1 d4e6 e4f6,-338
r2r2k1/pp3pbp/4p1p1/1R6/1n1P1B2/4PP2/P3BP1P/2R1K3 b - -,b4d5 f4g3 b7b6 e2c4 a8c8 b5b1 g7f6 c4a6 c8c1 b1c1,29
r4rk1/p2P2pp/8/1p1Rp3/1P5q/P4P2/6PP/3Q1RK1 b - -,h4e7 f1e1 a8d8 e1e5 e7f7 e5e4 h7h6 h2h3 f7g6 d5d6,539
8/p5p1/4KpBp/1n5P/1k3P2/6P1/8/8 b - -,b4c5 e6f7 a7a5 f7g7 a5a4 g7h6 b5c3 g6f7 a4a3 h6g6,403
r2qr1k1/1Qp2ppb/3p1b1p/p2P4/2P5/3NR3/PPN2PPP/3R2K1 b - -,a8b8 b7c6 f6b2 d3b2 h7c2 c6e8 d8e8 e3e8 b8e8 d1c1,-100
r2qr1k1/pp3ppp/1np2b2/5B2/3Pn3/3QB3/PP2NPPP/R4RK1 b - -,e4d6 f5h7 g8h8 a1e1 d8d7 e3f4 g7g6 h7g6 f7g6 d3g6,55
r6k/1p4pp/8/B3RP2/3p3P/6P1/2P2P2/2K5 b - -,h8g8 c1d2 a8f8 a5b4 f8d8 b4c5 g8f7 d2d3 f7f6 c5d4,632
8/1k3R2/r7/8/1P6/1K6/8/8 b - -,,0
8/pppqk2Q/4p3/2pP4/2P1P1P1/8/PP5P/7K b - -,e7d8 h7d7 d8d7 d5e6 d7e6 h1g2 e6d6 h2h4 d6e6 g2f3,742
4r1k1/p4ppp/1r3n2/3p4/1P6/Q1P4P/P2NqPP1/R5KR b - -,e2d2 a3c1 d2e2 g1h2 e2e5 g2g3 b6e6 c1f4 e5c3 h1c1,-480
4r1k1/3q1pN1/r2p1Qn1/p2P4/1b1NP3/5PB1/6KP/R7 b - -,e8e5 g7f5 g8f8 f6g7 f8e8 g7g8 g6f8 f5g7 e8d8 g8f8,551
6k1/5p2/1R1R2p1/7p/8/2P3P1/5PKP/r4r2 b - -,f1e1 d6d4 g8g7 b6c6 g6g5 h2h3 e1g1 g2f3 a1a2 d4d5,16
8/1R4p1/4r1kp/5p2/PP3n2/2R2K2/3r2PP/8 b - -,f4g2 f3g3 g2e1 b7b6 e6b6 c3e3 b6b4 e3e6 g6h5 e6e1,-906
1r1qr1k1/2p2ppb/2Qp1b1p/p2P4/2P5/3NR3/PPN2PPP/3R2K1 b - -,f6b2 d3b2 h7c2 e3e8 d8e8 c6e8 b8e8 d1c1 c2f5 c4c5,-59
r4rk1/1bqp2bp/4pnp1/1Bp5/Pn2P3/2N2N1P/1P2QPP1/R1B2RK1 b - -,d7d5 f3g5 b7c8 e4d5 e6d5 g5e6 c8e6 e2e6 g8h8 c1g5,125
r3k2r/p4ppp/2p1pnb1/3pQ1B1/3P2P1/2P4P/Pq1N1P2/R4RK1 b kq -,e8h8 g5f6 g7f6 e5e3 b2c2 d2b3 c2d3 b3c5 d3e3 f2e3,-46
r1r5/6k1/4pQ2/6P1/8/4P3/p4PP1/6K1 b - -,,0
3n1b2/p4p1k/4rPRp/1p6/8/6R1/PP2p1PP/2B1K3 b - -,f8b4 g3c3 b4c3 b2c3 f7g6 c1f4 d8f7 f4g3 e6e4 e1d2,-674
Q4rk1/1pp2ppp/1p3q2/8/8/P1P4P/1P3PP1/R3R1K1 b - -,f8a8 a1d1 h7h5 d1d5 f6g6 d5e5 g6c2 e5e2 c2a4 e2e4,-387
r4rk1/p2P2pp/8/1R2p1q1/1P6/P4P2/6PP/3Q1RK1 b - -,a8d8 f1e1 g5e7 b5d5 f8f5 d1d3 f5g5 e1d1 e7e6 d5d6,480
2rq1rk1/pp1bpp1p/2n3pB/2n5/8/b4NP1/2QNPPBP/1R3RK1 b - -,d7f5 c2c3 c5e6 c3a3 f5b1 h6f8 b1f5 f8h6 d8a5 a3a5,250
3r4/1p2k3/p1pbpn1p/8/5N2/P1P2PB1/1P4PK/3R4 b - -,d6f4 d1d8 f4g3 h2g3 e7d8 g3f4 d8e7 f4e5 f6d7 e5f4,-514
8/p4pp1/4b2p/5k2/2pK1P2/P5P1/7P/8 b - -,f5g4 d4e3 h6h5 e3e4 g4h3 a3a4 c4c3 e4d3 h3h2 d3c3,-1059
8/8/P1B2p2/8/6k1/4b1p1/6K1/8 b - -,,0
4r1k1/5ppp/2Qp4/3P4/8/1q3b2/2B3PP/2K4R b - -,f6f5 c6d7 g4f4 d7e6 e3c5 e6b3 c5f2 b3g8 f2a7 g8c4,Mate
8/8/8/3r2p1/4k3/R3p2P/8/4K3 b - -,d5d7 a3a5 e4f4 a5a4 f4f3 a4a5 d7g7 e1f1 f3g3 a5e5,-22
8/5Kp1/5pBp/pn5P/1k3P2/6P1/8/8 b - -,b4c3 f7g7 a5a4 g7h6 b5d4 g6f7 d4b3 h6g6 a4a3 f7b3,373
8/1R4p1/4r1kp/P4p2/1P6/2R2K2/3r2nP/8 b - -,b4c3 f7g7 a5a4 g7h6 b5d4 g6f7 d4b3 h6g6 a4a3 f7b3,Mate
r3k2r/8/8/3q4/8/4Q3/8/R3K2R b - -,e8d7 a1a7 a8a7 e3a7 d7d6 a7a3 d6d7 a3a4 d7e7 a4b4,302
r3kb1r/1b1p2pp/1q2pn2/2p5/1n2P3/2N2N2/PP1B1PPP/RB1QK2R b KQkq -,b6a6 d2g5 f8e7 a2a3 e8h8 e4e5 f6d5 a3b4 a6a1 c3d5,26
8/1Q6/p7/1k2P3/8/1P5P/P2q1PP1/6K1 b - -,b5c5 b3b4 c5c4 b7c7 c4d3 c7d8 d3c3 d8d2 c3d2 e5e6,9605
8/8/rk3R2/8/1P6/1K6/8/8 b - -,b6b7 f6a6 b7a6 b3c4 a6b6 b4b5 b6b7 c4c5 b7c7 b5b6,Mate
r5k1/1p4pp/8/B3RP2/3p3P/6P1/2PK1P2/8 b - -,a8a6 e5b5 a6c6 a5b6 c6d6 d2d3 d6d7 b5e5 g8f8 b6c5,635
r4rk1/ppp2p1p/nbb1p1pB/6N1/8/PBPP4/1P3PPP/R4RK1 b - -,a6c5 b3c4 f8d8 d3d4 c5e4 g5e4 c6e4 f1e1 e4d5 c4f1,17
6rk/5qp1/6Qp/8/8/8/6PP/6K1 b - -,a6c5 b3c4 f8d8 d3d4 c5e4 g5e4 c6e4 f1e1 e4d5 c4f1,Mate
r2r2k1/pp3pbp/2n1p1p1/2R1N3/3P1Bb1/4P3/P2KBPPP/2R5 b - -,g4e2 e5c6 b7c6 d2e2 d8d5 c5c6 g8f8 c1c5 d5c5 f4d6,275
8/3B4/P7/5p2/6k1/4b1p1/6K1/8 b - -,,0
8/1R4p1/4r1kp/P4p2/1P6/2R3K1/3r3P/4n3 b - -,g4f4 d7f5 e3c5 a6a7 c5a7 f5c8 a7d4 c8e6 d4c5 e6c4,Mate
3r2k1/pb3p1p/1p4p1/3n4/qP1PN1P1/P2Q1PRP/2r1N3/R5K1 b - -,b7a6 e2c3 d5c3 d3e3 c3e4 f3e4 c2e2 e3f4 a4e8 f4e5,-495
r3k2r/pb3pp1/1pnqpn1p/2ppN3/3P1P2/2PBP3/PP1N2PP/R2Q1RK1 b kq -,d6c7 f1f2 c6e7 g2g4 c5c4 d3c2 e7c6 d1e2 e8a8 a1f1,68
r4rk1/1bqp2b1/4pnpp/1Bp5/Pn2P3/2N2N1P/1P1BQPP1/R4RK1 b - -,d7d5 e4e5 f6h5 f3h4 c7f7 e2g4 g6g5 h4f3 b7a6 h3h4,98
r4k1r/8/8/3q4/8/5Q2/8/R3K2R b - -,,0
1r1q2k1/2p2ppb/2Qp1b1p/p2P4/2P5/3NN3/PP3PPP/3R2K1 b - -,f6d4 b2b3 d4e3 f2e3 a5a4 c6a4 b8a8 a4b4 a8a2 b4c3,-60
1rbrq1k1/4p3/p2p1ppB/2p1b3/2P1P1BR/1P4PP/P3Q2K/5R2 b - -,a6a5 g4f5 a5a4 h4g4 c8f5 e4f5 g6g5 e2f3 a4b3 a2b3,11
r3r1k1/p2P2pp/8/1p2p3/1P5q/P2R1P2/6PP/3Q1RK1 b - -,e8f8 f1e1 h4e7 d3d5 a8d8 e1e5 e7f7 e5e4 a7a6 d5d6,528
r1bqk2r/pppp1ppp/2n2n2/b2Np3/1PB1P3/2P5/P2P1PPP/R1BQK1NR b KQkq -,a5b6 g1f3 d7d6 a2a4 a7a5 d5b6 c7b6 b4b5 c6e7 d2d3,72
8/8/P7/5p2/B4k2/4b1p1/6K1/8 b - -,,0
4r2k/p1p1qp1P/1p3np1/8/4P2Q/8/PPP1B3/2KR4 b - -,f6e4 h4h2 e7c5 e2a6 c5e3 c1b1 e4d2 b1a1 e3e1 h2h1,-366
r1b1k2r/p4pp1/1pnqpn1p/2ppN3/3P1P2/2PBP3/PP1N2PP/R2QK2R b KQkq -,d6c7 e1h1 c8b7 d1f3 c6e7 g2g4 e7c6 f3e2 f6d7 a2a3,66
r1b1kbnr/pp1p1ppp/1qn5/1N2p3/4P3/1P6/P1PB1PPP/RN1QKB1R b KQkq -,b6d8 d2e3 g8f6 b1c3 d7d6 c3d5 f6d5 d1d5 f8e7 d5d2,52
r5k1/6pp/1B6/4RP2/3p3P/6P1/2PK1P2/8 b - -,h7h6 b6d4 a8a6 d2d3 g7g6 f5g6 a6g6 e5b5 g6g4 b5b7,709
r2qr3/1bp2ppk/1p1p1nnp/p2PpN2/2P1P3/2P5/P1BBQPPP/R3R1K1 b - -,h7h8 g1h1 b7c8 g2g3 g6e7 f5e3 g7g5 e1g1 e8g8 f2f4,60
8/ppp5/4k3/2p5/2P1P1P1/8/PP4KP/8 b - -,e6d7 g2f3 b7b5 f3f4 b5c4 h2h4 d7e6 g4g5 a7a5 h4h5,861
1r1q2k1/2p2ppb/2Qp3p/p2P4/2P5/4N3/PN3PPP/3R2K1 b - -,h7g6 b2d3 g6d3 d1d3 b8b2 d3d1 b2a2 c4c5 d8b8 c5d6,351
3r2k1/pb3p1p/1p4p1/3n4/qP1PN1P1/P4PRP/2r1N3/R2Q2K1 b - -,a4b3 f3f4 b3c4 a1c1 c2c1 e2c1 d5f4 d1d2 d8d4 d2f4,-411
r7/1pp2Nk1/p1n2p2/2b1p3/4R3/1BP3PP/PP4PK/8 b - -,c6a5 e4g4 g7f8 f7h6 a8d8 g4g8 f8e7 h6f5 e7d7 g8d8,263
4r1k1/3q1p2/r2p1Qn1/p2P1N2/1b1NP3/5PB1/1q3RKP/8 b - -,g6h4 g3h4 d7f5 e4f5 b2d2 f2d2 b4d2 d4e6 f7e6 f6g6,654
1r1R2k1/r4p2/1n4p1/7p/P2R4/1bPB4/5PPP/6K1 b - -,g8h7 d8b8 b6a4 b8b3 a4c5 b3b1 a7a3 d3f1 a3c3 d4d2,528
2r2nk1/p1r2pp1/8/p2Pp2p/4P2B/1P3PNP/3R2PK/8 b - -,c7c2 g3f5 c2d2 f5e7 g8h7 e7c8 d2b2 h4e1 b2b3 e1a5,-291
4R1k1/8/7P/5pp1/8/5P1P/6K1/8 b - -,f7f6 d5d6 c7d7 g3h5 g8f7 h4f2 c8c3 h5g3 c3b3 g3f5,Mate
r1bqk2r/4bppp/p1p1pn2/2pp4/4P3/1P1P1N2/PBPN1PPP/R2Q1RK1 b kq -,a6a5 f3e5 d8c7 e5g4 h7h5 g4f6 g7f6 g1h1 c7f4 d1e2,102
r3k2r/5ppp/2p1p1n1/p1qpP3/8/P1P2N2/2B2PPP/R1B2QK1 b kq -,c5c3 c2a4 c3a1 a4c6 e8f8 c6a8 g6e5 f3e5 a1e5 a8b7,15
1r4k1/6pp/8/4RP2/3B3P/6P1/2PK1P2/8 b - -,g8f7 e5a5 f7f8 d2d3 g7g6 f5g6 h7g6 a5a6 b8b1 a6g6,771
3rk3/2Rn2p1/7p/pp1P4/3KP3/5P1P/P5P1/8 b - -,d8b8 e4e5 e8d8 d5d6 b8b6 f3f4 a5a4 c7a7 b6c6 d4d5,158
6k1/5ppp/8/1p6/1N1n4/8/P1P2PPP/2K1R3 b - -,g7g6 c2c3 d4f5 c1b1 g8g7 b4c2 f5d6 c2d4 h7h5 b1a1,671
rn1qkb1r/1p2pppp/p5b1/2ppN3/3P1BnP/2N1P3/PPP2P2/R2QKB1R b KQkq -,g4f2 e1f2 e7e6 h4h5 g6f5 f1h3 c5d4 e3d4 f5h3 h1h3,235
rnb2k1q/pppn3p/4p3/1B1p3Q/1b6/2N5/P4PPP/R4KNR b - -,h8c3 a1b1 b4d6 h5h7 b8c6 g1f3 c3g7 h7c2 d7c5 h2h4,-344
r5k1/pp3rp1/4p1Q1/1q1pB2P/3P2P1/P7/1P3PK1/R7 b - -,,0
4r1k1/5ppp/2Qp4/3P4/8/4qb2/1KB3PP/7R b - -,a8f8 a1f1 b5e2 g6e6 g8h7 e6g6 h7g8 g6e6,Mate
R4k1r/8/8/8/8/5q2/8/4K2R b - -,,0
4k3/7R/2r2PK1/8/8/8/8/8 b - -,c6c3 h7h8 e8d7 f6f7 c3g3 g6f6 g3f3 f6g7 f3g3 g7f8,925
rn1qkb1r/pp1n2p1/2p1ppN1/3pP2p/3P4/2N4P/PPP1QPP1/R1B2RK1 b kq -,h8g8 e2h5 f6e5 d4e5 d8c7 h5h7 e8f7 h7h5 f7e8 g6f4,510
8/5p2/5P1k/3K4/5P2/8/8/8 b - -,h8g8 e2h5 f6e5 d4e5 d8c7 h5h7 e8f7 h7h5 f7e8 g6f4,Mate
r3k2r/3b1pbp/p3p1p1/2N1n3/1p3B2/8/PP2BPPP/R3K2R b KQkq -,d7b5 e2b5 a6b5 f4e5 g7e5 c5d3 e5d6 e1d2 e8d7 d2c2,-155
8/8/7p/2kB2pP/K1P5/5P2/P7/4b3 b - -,c5d6 a4b5 e1f2 b5a6 d6c7 d5e4 f2c5 e4f5 c7c6 f5g6,52
6k1/pp6/6pQ/2Pp3p/4r3/7K/PP2P3/R3R3 b - -,c5d6 a4b5 e1f2 b5a6 d6c7 d5e4 f2c5 e4f5 c7c6 f5g6,Mate
r2qk2r/1p2bppp/p1bppn2/2p5/4PP2/2NP1N2/PPPB2PP/R3QRK1 b kq -,d8c7 b2b3 h7h6 c3d1 b7b5 e1g3 f6h5 g3h3 g7g6 a2a4,18
r6r/p1k2p2/2R1pQb1/3pN2p/3P2P1/q6P/P4P2/5RK1 b - -,c5c4 g1h1 c4d3 c2d3 e8h8 f3d4 a8c8 d4c6 b7c6 f4f5,Mate
r2qr3/1bp1nppk/1p1p1n1p/p2PpN2/2P1P3/2P2Q2/P1BB1PPP/R3R1K1 b - -,e7f5 e4f5 b7a6 f3h3 e8h8 c2d3 a8c8 d2g5 h7g8 g5h4,24
8/8/Q7/2k1P3/8/1P5P/P2q1PP1/6K1 b - -,d2b2 a6d6 c5b5 e5e6 b2a2 e6e7 a2a8 d6e5 b5b6 e7e8q,847
rnb2k1q/pppn3p/4p3/1B1p3Q/8/2b5/P4PPP/2R2KNR b - -,c7c6 b5e2 f8e7 g2g4 c3b2 c1c2 c6c5 c2b2 h8b2 h5h7,-342
r5k1/pp3rp1/4p1Q1/3pB2P/3P2P1/P7/1q3PK1/5R2 b - -,,0
3r2k1/pb3p1p/1p4p1/3n4/1P1PNPP1/Pq4RP/2r1N3/R2Q2K1 b - -,b3c4 g3d3 b7a6 d3d2 c2d2 d1d2 c4e2 d2e2 a6e2 g4g5,-461
r1bq1rk1/4bppp/p1p1pn2/2pp4/4P3/1P1P1N2/PBPNQPPP/R4RK1 b - -,d8c7 a2a4 f6d7 e4e5 a6a5 h2h3 c8a6 c2c4 a8e8 a1e1,94
3r2k1/6pp/8/4RP2/3B3P/2P3P1/3K1P2/8 b - -,g8f7 g3g4 h7h5 g4h5 d8h8 e5a5 h8h5 a5a7 f7f8 a7g7,752
8/p1qRr1k1/1pP2pp1/2Q4p/2P4P/5rP1/P4P2/3R2K1 b - -,b6c5 a2a4 g7h6 d7c7 e7c7 d1d6 f3a3 d6f6 a3a4 g1g2,-520
r6r/pk3p2/2R1pQN1/3p3p/3P2P1/q6P/P4P2/5RK1 b - -,b7c6 f6f7 a3b2 f7e6 c6b7 e6d5 b7a6 g6h8 a8h8 d5e6,632
r3k2r/pb1qbp2/2p5/1p1pP2p/2pP1BPP/5B2/PP6/R2QK2R b KQkq -,b7c8 g4h5 d7f5 d1c1 c8e6 c1e3 a7a5 a2a3 h8g8 h5h6,-91
r3k2r/1bqnbppp/p2pp3/6P1/Np1NP2P/1P2BP2/1PP1Q3/2KR3R b kq -,d7c5 c1b1 c5a4 b3a4 d6d5 e4e5 c7e5 f3f4 e5c7 h1e1,153
8/6K1/6Bp/pn3p1P/1k3P2/6P1/8/8 b - -,b5c3 g7h6 c3e4 h6g7 e4g3 h5h6 g3e2 h6h7 e2f4 g6f5,684
7r/R5k1/8/8/8/5q2/8/4K2R b - -,g7g6 h1h8 f3c3 e1d1 c3d4 d1c2 d4a7 h8h3 a7a2 c2c1,-273
r3k2r/5ppp/2p1p1n1/p1qpP3/8/P1P2N2/2B2PPP/R1BQ1K2 b kq -,c5c3 c1d2 c3c4 f1g1 e8h8 g2g3 h7h6 d2e3 f8c8 a1c1,149
r2qk1nr/pp1bbppp/2n1p3/2ppP3/3P4/2P2N2/PP1NBPPP/R1BQK2R b KQkq -,a8c8 e1h1 c5d4 c3d4 g8h6 d2b3 h6f5 g2g4 f5h4 f3h4,35
8/8/8/3r2p1/4k3/R3Pp1P/8/4K3 b - -,d5d3 a3a7 d3e3 e1d2 e3e2 d2d1 e4f4 a7f7 f4e3 h3h4,-807
R7/7P/6k1/5pp1/8/5P1P/6K1/8 b - -,g6h7 a8a6 h7g7 h3h4 g5h4 g2h3 g7f8 h3h4 f8f7 h4g5,1752
r2r2k1/1bqp2b1/4pnpp/1Bp5/Pn2P3/2N2N1P/1P1BQPP1/2R2RK1 b - -,d7d6 f1d1 e6e5 f3h2 g8h7 h2g4 f6h5 g2g3 c7f7 d2e3,165
1r1q1k1r/p1p1ppbp/6p1/2NP4/Q1P5/1P2P1Pb/P2N3P/4R1KR b - -,b8b6 d2e4 d8c8 e4f2 g7c3 e1e2 f8g7 f2h3 c8h3 a4d7,58
rnbqk2r/ppp1ppbp/6p1/3n4/3P4/1QN3P1/PP2PP1P/R1B1KBNR b KQkq -,d5c3 b2c3 c7c5 g1f3 e8h8 f1g2 b8c6 e1h1 c5d4 f3d4,-46
3r4/5kpp/8/4RP2/3B1P1P/2P3P1/3K4/8 b - -,g7g6 f5g6 h7g6 g3g4 d8e8 e5e8 f7e8 d2d3 e8e7 f4f5,728
2rr2k1/5p1p/p3pp1Q/1pp5/3q2N1/2n2BP1/5P1P/R2R2K1 b - -,c3d1 g4f6 d4f6 h6f6 d1b2 f6b2 b5b4 g1g2 d8d4 b2c1,600
2rr4/pb3pkp/1p4p1/3n4/qP1PNNP1/P4PRP/3Q4/R5K1 b - -,a4b3 a1e1 h7h6 h3h4 b3a3 f4d5 b7d5 f3f4 a3a2 d2a2,-66
2k4r/p1p1B1pp/4p3/2p5/8/8/P2R1PPP/n5K1 b - -,h8e8 e7c5 e8d8 d2d8 c8d8 g1f1 d8d7 f1e2 d7c6 c5a7,57
2r3k1/pb1qbppp/1p2p3/n3P3/3PN1Q1/P2B4/1B3PPP/2R3K1 b - -,g8f8 c1c8 b7c8 e4g3 d7a4 g3h5 g7g6 h5f6 a5c4 d3c4,35
r1bqr3/2p1nppk/1p1p1n1N/p2Pp3/2P1P3/2P2Q2/P1BB1PPP/R3R1K1 b - -,e8f8 h6f5 f8h8 d2g5 e7f5 e4f5 h7g8 f3g3 c8a6 c2d3,151
r7/2k2ppp/p1prp3/8/6R1/1P2K1P1/P3PP1P/2R5 b - -,a8g8 g4h4 g8h8 b3b4 c7b6 a2a4 d6d5 h4f4 h8f8 h2h4,39
r2q1rk1/ppp1bppp/2n2n2/4p3/2B1P3/2NP1Q1P/PPP3P1/R1B2RK1 b - -,g8h8 c1e3 c6d4 f3d1 c7c6 a2a3 b7b5 c4a2 e7c5 g1h2,39
8/p4ppk/7p/8/2p1rP2/6Pb/P3RK1P/8 b - -,e4e2 f2e2 h3e6 e2e3 h7g6 e3d4 g6f5 h2h3 h6h5 a2a4,-865
7r/5Rk1/8/8/8/8/8/4K2R b - -,e4e2 f2e2 h3e6 e2e3 h7g6 e3d4 g6f5 h2h3 h6h5 a2a4,Mate
2r2nk1/p4pp1/8/p2PpN1p/4P2B/1P3P1P/2rR2PK/8 b - -,c2d2 f5e7 g8h7 e7c8 d2b2 h4e1 b2b3 e1a5 a7a6 c8a7,-317
2r1k3/3n2p1/7p/1R1P4/p2KP3/5P1P/P5P1/8 b - -,c8c1 b5a5 c1c2 a5a4 c2g2 a4a8 e8e7 a2a4 g2h2 a4a5,21
r1bqkb1r/pp2ppp1/2n2n2/3p3p/3P1B2/3BPN2/PP3PPP/RN1QK2R b KQkq -,c8g4 b1d2 e7e6 e1h1 f8d6 f4g5 g4f3 d2f3 a7a6 a1c1,75
rnbqk2r/ppp1ppbp/6p1/8/3P4/2Q3P1/PP2PP1P/R1B1KBNR b KQkq -,d8d4 c3d4 g7d4 f1g2 e8h8 g1f3 d4g7 c1f4 b8c6 e1h1,-158
4r1k1/1p1r1pp1/1p5p/3pPP2/3R4/1P5P/P5PK/4R3 b - -,g8h7 h3h4 h6h5 h2g3 g7g6 f5f6 h7h6 g3f4 e8a8 e1e2,160
3r4/5kp1/8/4RP1p/3B1P1P/2P1K1P1/8/8 b - -,d8d7 e5e6 d7d8 e6g6 f7e7 e3e4 d8c8 g6g7 e7d6 f5f6,947
2q4r/1R2k2p/5pp1/4p3/8/1Q2P1P1/P4PP1/R5K1 b - -,d8d7 e5e6 d7d8 e6g6 f7e7 e3e4 d8c8 g6g7 e7d6 f5f6,Mate
8/p4ppk/7p/8/2p2P2/6Pb/P3K2P/8 b - -,h3e6 e2e3 h7g6 e3d4 g6f5 h2h3 h6h5 d4e3 c4c3 e3d3,-725
6k1/5p2/r2p1Qn1/p2P1P2/1b1N4/5PB1/4r2P/q4RK1 b - -,a1d4 f6d4 b4c5 d4c5 d6c5 f5g6 e2d2 d5d6 a5a4 f1f2,-436
1r1q1k1r/p1p1ppbp/6p1/2NP4/Q1P5/1P3NPb/P4K1P/4R2R b - -,g7f6 c5e4 f8g7 e1e2 h3g4 e4f6 e7f6 a4a7 d8c8 h1e1,49
7r/5k2/8/8/8/8/8/4KR2 b - -,,0
8/8/Q7/2k1P3/8/1P5P/P4PPK/4q3 b - -,c5d4 a6d6 d4c3 e5e6 c3b2 e6e7 b2a2 d6f6 a2a3 g2g3,972
8/8/5PR1/4k1Pp/7P/r7/5K2/8 b - -,a3a4 f2g3 a4a7 g3f3 a7a3 f3e2 a3a2 e2d3 a2a3 d3c2,883
r5r1/1p6/1p1ppk2/7p/2P1PPp1/3P2R1/PP3K2/R7 b - -,e6e5 f4f5 h5h4 g3g1 b6b5 g1c1 b5c4 c1c4 g8c8 a2a4,-215
3r4/5k2/6P1/4R2p/3B1P1P/2P1K1P1/8/8 b - -,f7g6 e3e4 g6f7 e5h5 d8e8 h5e5 e8g8 e5f5 f7e8 h4h5,Mate
rn1qkbnr/pp3ppp/8/3pp3/6b1/2N2N1P/PPPPQPP1/R1B1KB1R b KQkq -,g4f3 e2f3 g8f6 f1b5 b8c6 e1h1 f8e7 f3f5 d5d4 c3e2,9
2kr3r/B1pb1ppp/1p6/8/4n3/2P5/PP3PPP/RN2R1K1 b - -,e4c5 c3c4 c8b7 a7b6 c7b6 b2b3 d7e6 b1c3 d8d3 a1c1,-281
r2q1rk1/1p1nbppp/p1bpp3/2p2P2/4P3/2NP1NQ1/PPPB2PP/R4RK1 b - -,a8c8 f5e6 f7e6 f3g5 e7g5 d2g5 d8c7 h2h4 f8f1 a1f1,57
8/R1p4p/3R1kp1/4pp2/4P1qP/4B1P1/5PK1/8 b - -,f6e7 f2f3 g4e4 f3e4 e7d6 a7a6 d6e7 g2f2 e7d7 f2f3,660
8/7k/R7/5pp1/8/5P1P/6K1/8 b - -,f6e7 f2f3 g4e4 f3e4 e7d6 a7a6 d6e7 g2f2 e7d7 f2f3,Mate
r2q1rk1/ppp1bppp/4pn2/3p1b2/2PP4/1PB1P3/P2NBPPP/R2Q1RK1 b - -,d8b8 b3b4 b7b6 d1b3 a7a5 a2a3 c7c6 c4c5 f6e4 d2e4,23
q5rk/1bR2pp1/pp3n1p/2P2n2/1P1Q4/P6P/3N1P2/BR3BK1 b - -,b7d5 d4e5 a8b8 c5b6 b8b6 b1c1 f5h4 e5f4 h4g6 f4g3,823
r3kb1r/3p2pp/bqn1pn2/2p5/4P3/P1N2N2/1P3PPP/RBBQK2R b KQkq -,f8e7 b1d3 c5c4 d3e2 f6g4 e1h1 e7c5 d1e1 b6c7 h2h3,-6
8/7Q/4p1k1/3p1p2/1p4pR/2q5/6R1/1K6 b - -,f6g4 h2h3 g4e5 f3e5 c6e5 d1h5 e5f7 h5d1,Mate
r2r2k1/p1R2pp1/1p1p3p/3Pp3/4P2P/1P4P1/P4P2/4R1K1 b - -,a7a5 e1c1 b6b5 a2a3 g7g6 g1f1 g8f8 f1e2 f8e8 e2d3,169
r1b1kb1r/p1n2p1p/1p6/1P2P1p1/2PP1n2/4N3/5B1R/R4BK1 b kq -,h7h5 f2e1 f7f6 e5f6 h8h6 h2a2 h6f6 a2a7 a8a7 a1a7,-308
r1bqk2r/1p1pppbp/p1n2np1/8/Q3PB2/2N2N2/PPP2PPP/2KR1B1R b kq -,e8h8 h2h3 d7d6 e4e5 f6e8 e5d6 e8d6 a4a3 c8e6 f3g5,-19
5rk1/pp3rp1/4Q3/3pB2P/3P2P1/P7/1q3PK1/5R2 b - -,b2a3 f2f4 a3d3 g4g5 d3f5 e6f5 f7f5 f1c1 f5f4 e5f4,21
r3k2r/1bq1bppp/p2pp3/2n3P1/Np1NP2P/1P2BP2/1PP1Q3/1K1R3R b kq -,a8c8 h4h5 c5a4 b3a4 d6d5 e4e5 c7e5 f3f4 e5e4 h5h6,170
r1bq1rk1/ppp1bppp/2n5/3pN3/2BPN3/7P/PPP2PP1/R1BQ1RK1 b - -,f7f5 c4d5 d8d5 e4c3 d5d8 e5c6 b7c6 c1f4 a8b8 b2b3,133
3r4/8/6k1/4RP1p/3B3P/2P1K1P1/8/8 b - -,g6f7 f5f6 d8d7 e5h5 d7d6 h5h7 f7e6 f6f7 d6d8 d4c5,Mate
r2q1rk1/1p1nbppp/p1bp4/2p2P2/8/2NP1NQ1/PPPB2PP/R4RK1 b - -,d8b6 f1e1 f8e8 b2b3 e7f8 g1h1 d6d5 h2h3 a8c8 a1d1,-57
4r1k1/p4ppp/1r3n2/3p4/1P6/Q1P4P/P2q1PPK/R6R b - -,b7b5 d2f4 f8e8 f4d6 e7d6 g3d6 c6f3 g2f3 d8g5 g1h1,Mate
r2qk1nr/pp3ppp/2nbp3/2pp4/3P2b1/2P2NP1/PP1NPPBP/R1BQ1RK1 b kq -,g4f3 d2f3 g8f6 c1e3 d8b6 c3c4 e8h8 a1c1 d6e7 d4c5,45
2k4r/p1p3pp/4p3/8/2p5/B7/P2R1PPP/n5K1 b - -,h8d8 d2d8 c8d8 a3b2 a1c2 b2g7 c2b4 g1f1 b4a2 f1e2,-214
4k3/3n2p1/7p/1R1PP3/p2K4/5P1P/P1r3P1/8 b - -,,0
r4rk1/1b3ppp/ppn1pn2/2b5/P1B5/2B1PN2/1P2NPPP/2RR2K1 b - -,,0
r2qk2r/ppp2ppp/3p4/3Bp3/1b1nP1b1/2PP1N2/PP3PPP/R1BQ1RK1 b kq -,d4f3 g2f3 g4h3 d5b7 d8f6 g1h1 h3f1 b7a8 b4c5 a8c6,110
6k1/3R1p2/1r4p1/7p/P7/1bPB4/5PPP/6K1 b - -,b6e6 f2f3 b3a4 d7d4 a4c6 g1f2 g8f8 h2h4 e6e5 d3e4,122
8/R6p/3p1kp1/4ppB1/4P1qP/6P1/5PK1/8 b - -,g4g5 h4g5 f6e6 f2f3 f5f4 g2h3 d6d5 a7a6 e6d7 e4d5,682
rnb1kbnr/pppp2pp/8/4PPq1/8/8/PPP2PPP/RNBQKBNR b KQkq -,g5f5 g1f3 b7b6 f1d3 f5h5 d3e2 c8a6 c2c4 b8c6 f3g5,267
r5kr/ppp1b3/2n4p/q3P1p1/1P1p2b1/P4NB1/2P2PPP/R2QK1NR b - -,a5a6 d1b1 a6c4 h2h3 g4f5 b1b3 c4b3 c2b3 a8d8 g1e2,-17
1R3k2/5p2/6p1/8/4N2p/5P1P/rP4K1/4b3 b - -,,0
1r1qr1k1/p2npp1p/b4bp1/3P4/8/1PNnQ1P1/P2PNPBP/R1B2RK1 b - -,d7b6 e2d4 f6d4 e3d4 e7e5 d4e4 f7f5 e4e3 d3b4 c1b2,55
8/8/Q7/2k1q3/8/1P4PP/P4P1K/8 b - -,e5h8 a6c4 c5d6 c4f4 d6d7 f4f3 d7e6 h2g2 e6e7 a2a4,811
3r4/5k2/8/4RP1p/3B1K1P/2P3P1/8/8 b - -,d8g8 f5f6 f7f6 e5h5 f6e6 h5f5 g8b8 h4h5 b8b7 h5h6,3332
r4rk1/pbppbppp/1np1q3/4P3/2P1Q2P/2N5/PP1B1PP1/2KR1B1R b - -,b7a6 d2g5 f7f5 e5f6 e7f6 e4e6 d7e6 g5f6 f8f6 b2b3,132
8/8/5PR1/4k1Pp/7P/r7/6K1/8 b - -,a3a2 g2f3 a2a3 f3e2 a3a2 e2d3 a2a3 d3c2 a3a2 c2b3,902
8/R7/5kp1/8/2r3PP/6K1/8/8 b - -,f6e5 a7a5 e5f6 a5a6 f6g7 a6a7 g7f8 g3f3 c4b4 a7a3,3
2r5/4qpk1/6pp/p7/2rPP1P1/P2RQ1KP/8/3R4 b - -,c8d8 d1d2 a5a4 g3g2 d8d6 d2e2 d6b6 d4d5 b6b3 d3b3,30
r3k2r/3pb1pp/bqn1pn2/8/2p1P3/P1N2N2/1P2BPPP/R1BQK2R b KQkq -,f6g4 e1h1 e7c5 d1e1 b6c7 e1d2 c6d4 d2f4 d4e2 c3e2,-27
7r/8/4k3/8/8/8/8/3K1R2 b - -,,0
rnbqk2r/pp2ppbp/6p1/2P5/8/1QP3P1/P3PP1P/R1B1KBNR b KQkq -,d8a5 c1d2 b8a6 c5c6 a6c5 b3b2 e8h8 f1g2 f8d8 a1c1,-125
5nk1/1p4pp/p1n1rr2/6N1/1P6/1BP4P/P2N1PP1/R5K1 b - -,g8h8 g5e6 f8e6 d2e4 f6f4 a1e1 e6d8 e4c5 g7g5 b3d5,513
r1bqkbnr/pp3ppp/n3p3/1BppP3/3P4/2N2N2/PPP2PPP/R1BQK2R b KQkq -,c8d7 e1h1 c5d4 d1d4 a6b4 c1g5 d8c7 d4g4 a7a6 b5d7,43
r2qk2r/ppp2ppp/3p4/3Bp3/1b2P1b1/2PP1P2/PP3P1P/R1BQ1RK1 b kq -,g4h3 d5b7 a8b8 b7c6 e8f8 f3f4 b4c5 f1e1 d8h4 d1f3,100
r2qr3/1bp2ppk/1p1p1n1p/p2PpQ2/2P1P3/2P5/P1BB1PPP/R3R1K1 b - -,h7h8 f5f3 b7c8 c2a4 e8g8 a4c6 a8b8 a2a4 c8g4 f3d3,-24
8/5k2/3r4/4RPKp/3B3P/2P3P1/8/8 b - -,h7h8 f5f3 b7c8 c2a4 e8g8 a4c6 a8b8 a2a4 c8g4 f3d3,Mate
2b1r1k1/5ppp/2Qp4/3P4/8/1q1B4/3K1PPP/7R b - -,b3b2 d3c2 b2d4 d2c1 d4f4 c1b2 f4e5 c6c3 e5d5 h1d1,-527
6k1/2p2pp1/1p1p1b1p/pP1P4/2P5/3NP3/1P4PP/6K1 b - -,a5a4 g1f2 f6b2 g2g3 a4a3 d3b4 g8h7 f2e2 b2c3 b4a2,-382
r1b1kb1r/2qp1ppp/p3pn2/1p2P3/2nN1P2/2N1B1Q1/PPP3PP/2KR1B1R b kq -,c4b2 e5f6 b2d1 c1d1 g7f6 c3e4 c7d8 f1d3 c8b7 h1e1,120
r4q1k/ppp4p/nbb2Qp1/8/4N3/PBPP4/1P3PPP/R4RK1 b - -,f8f6 e4f6 a8f8 f6g4 a6c5 b3c4 c5a4 a1b1 c6d7 g4e5,460
1r1r2k1/4pq2/p2p1pp1/2p1b3/2P1P1QR/1P4PP/P2B3K/5R2 b - -,,0
4r1k1/Q4ppp/1r3n2/3p4/1P6/2P4P/P2q1PP1/R5KR b - -,d2c3 a7b6 c3a1 g1h2 a1e5 g2g3 h7h5 b6e3 e5b2 e3f4,-482
r2qk1nr/pppn2b1/7p/4pQp1/8/2N1PNB1/PPP2PPP/R4RK1 b kq -,g8e7 f5e6 a7a5 a1d1 a8a6 e6g4 d8c8 g4h5 a6g6 c3d5,374
8/R7/5kp1/8/5KPP/2r5/8/8 b - -,c3c6 a7a4 c6c1 a4a6 f6g7 a6d6 c1a1 d6d4 g7f6 g4g5,1
rn1qk1nr/ppp1p1bp/2b3p1/5p2/4NP2/3P2P1/PPP1Q1BP/R1B1K1NR b - -,f5e4 d3e4 e7e5 h2h4 d8e7 g1f3 b8d7 h4h5 g8h6 c1d2,-278
2br1rk1/p4pp1/1p1qN1np/3P3Q/2BR4/8/P4PPP/3R2K1 b - -,c8e6 d5e6 d6d4 e6f7 g8h7 d1d4 d8d4 c4b3 g6h8 h5e5,287
1B6/4k2p/pbp2p2/2p2p2/2P2K2/5P1P/PP3P2/8 b - -,e7f7 f4f5 b6d8 b8f4 d8e7 f4e3 e7d6 f3f4 d6f8 e3d2,184
8/8/5PR1/4k1Pp/7P/6K1/r7/8 b - -,e5e6 g6h6 a2a8 g3f2 a8a4 h6h5 a4a2 f2e3 a2a3 e3d4,717
2rr2k1/1b3p2/1p1q2p1/pB1p3p/P3n3/1P2P1P1/4NPP1/2RRQ1K1 b - -,d6e5 b3b4 a5b4 e1b4 c8c1 d1c1 d8c8 b4a3 c8c1 a3c1,21
r1bqk2r/3pppbp/p1n2np1/1N6/Q3PB2/5N2/PPP2PPP/2KR1B1R b kq -,e8h8 b5c3 f6h5 f4e3 g7c3 b2c3 d8c7 e3h6 f8d8 f1c4,70
5n1k/1p4pp/p1n1Nr2/8/1P6/1BP4P/P2N1PP1/R5K1 b - -,f8e6 d2e4 f6f4 a1e1 e6d8 g2g3 f4f8 e4c5 g7g6 g1g2,521
2r2rk1/p4ppp/4pn2/q2p4/Bb1P1Bb1/2NQ4/PPP2PPP/R4RK1 b - -,b4c3 b2c3 a5a4 f1b1 g4f5 d3f3 f5g6 f3e3 f8e8 h2h3,-430
r3k2r/3p2pp/bqn1p3/2b5/2p1P1n1/P1N2N2/1P2BPPP/R1B1QRK1 b kq -,b6b8 h2h3 h7h5 e1d2 c6d4 e4e5 g4f2 f3d4 e8h8 e2f3,58
8/5k2/r7/4RP1K/3B3P/2P3P1/8/8 b - -,a6a8 e5b5 f7e7 f5f6 e7f7 b5b7 f7e6 f6f7 e6f5 b7b5,Mate
2rr2k1/5p1p/p3pp1Q/1pp5/3q2N1/5BP1/5P1P/3R2K1 b - -,d4g4 f3g4 d8d1 g4d1 f6f5 h6g5 g8f8 d1h5 c8a8 g5f6,695
4k3/3n2p1/7p/1R1PP3/p7/4KP1P/P2r2P1/8 b - -,d2c2 e5e6 c2g2 f3f4 g2a2 b5b7 a2a1 b7d7 a4a3 d7g7,10
3r3r/1b1qkp1p/p2p1p1b/1p2p2Q/4P3/2P3P1/PPN2PBP/R3K2R b - -,h6f4 g3f4 b5b4 c3c4 h8g8 g2f3 d7e6 b2b3 e5f4 c2d4,416
r2qk2r/pBp2ppp/3p4/4p3/1b2P3/2PP1P1b/PP3P1P/R1BQ1RK1 b kq -,a8b8 b7c6 e8f8 f3f4 b4c5 f1e1 d8h4 d1f3 a7a5 c6d5,89
r2q1rk1/ppp1bppp/5n2/4p3/2BnP3/2NP3P/PPP3P1/R1BQ1RK1 b - -,a7a5 a2a4 c7c6 c4a2 g8h8 g1h2 d8c7 c3e2 f6h5 g2g3,52
8/5R2/rk6/8/1PK5/8/8/8 b - -,a6a4 f7f6 b6b7 c4b5 a4a3 f6f7 b7c8 b5b6 a3b3 f7f8,440
r1bqkb1r/pppn1ppp/2nP4/8/4P3/2P2N2/PP3PPP/RNBQKB1R b KQkq -,f8d6 c1g5 d7f6 b1d2 h7h6 g5h4 d8e7 f1b5 c8d7 b5c6,92
r3r1k1/p2q2pp/1b3p2/1pR1P3/1P1P1P2/4B3/P5PP/3Q1RK1 b - -,b6c5 b4c5 d7d5 d1f3 d5f3 g2f3 e8d8 f1b1 a7a6 g1f2,71
8/R6p/3p1kp1/4ppP1/4P3/6P1/5PK1/8 b - -,f6g5 a7h7 f5e4 h7d7 g5h5 d7d6 h5h6 g2h3 h6g7 h3g4,1056
r2q1rk1/p3ppbp/4bnp1/1B1p4/8/2N1BP2/PPPQ2PP/2KR3R b - -,d8a5 d2e1 f8b8 b5a4 f6d7 e3d4 g7d4 d1d4 a5b6 a4d7,-164
5rk1/pp3rp1/4Q3/3pB2P/3P1PP1/q7/6K1/5R2 b - -,a3e7 e6d5 f8c8 g4g5 c8c2 f1f2 e7d7 d5f3 d7c6 d4d5,55
r1bqkb1r/pp2ppp1/2n2n2/3p3p/3N1B2/2PBP3/PP3PPP/RN1QK2R b KQkq -,e7e5 d4c6 b7c6 f4g5 d8b6 d1c2 h5h4 b1d2 h4h3 g2h3,-85
3r1rk1/p4pp1/1p1qP1np/7Q/2BR4/8/P4PPP/3R2K1 b - -,d6d4 e6f7 g8h7 d1d4 d8d4 c4b3 g6h8 h5e5 d4d8 e5e4,310
5R2/3k1p2/4p1p1/3pP2p/5P1P/2r3P1/5K2/8 b - -,d7e7 f8a8 c3c2 f2f3 c2c7 a8g8 c7a7 f3f2 e7d7 g8f8,-41
rn1qkbnr/pp3ppp/8/3pp3/8/2N2Q1P/PPPP1PP1/R1B1KB1R b KQkq -,g8f6 f1b5 b8c6 e1h1 f8e7 f1e1 e5e4 f3e2 e8h8 b5c6,6
6k1/2p2pp1/1p1p1b1p/1P1P4/p1P5/3NP3/1P3KPP/8 b - -,f6b2 f2e2 a4a3 d3b4 b2c3 b4a2 c3e5 e2d2 e5h2 d2c2,-479
4r1k1/3q1p2/r2p2n1/p2P1N2/1b1QP3/5PB1/5RKP/8 b - -,e8e5 d4d3 a6a8 g3e5 d6e5 f3f4 b4c5 f2f1 e5f4 d5d6,-304
2b1r1k1/5ppp/2Qp4/3P4/8/8/1qBK1PPP/7R b - -,b2b4 d2c1 g8f8 c6a4 b4c5 h1d1 c8f5 d1d2 c5c3 c1d1,-568
5bk1/p4p1p/6p1/1r1Bpb2/8/4B3/PPr2PPP/KR1R4 b - -,f8c5 a2a4 b5b4 b2b3 c5d4 e3d4 b4d4 d1d4 e5d4 g2g4,-123
r1bqk2r/pppn1ppp/2nb4/1B6/4P3/2P2N2/PP3PPP/RNBQK2R b KQkq -,e8h8 e1h1 d7e5 b1d2 d8e7 f3d4 c8d7 d4f5 d7f5 e4f5,85
3r4/8/4k3/8/8/8/4K3/5R2 b - -,,0
7k/1p4pp/p1n1nr2/8/1P2N3/1BP4P/P4PP1/R5K1 b - -,f6f4 a1e1 e6d8 g2g3 f4f8 e4c5 c6b8 g1g2 b7b6 c5a4,517
r3r1k1/p2q2pp/5p2/1pP1P3/3P1P2/4B3/P5PP/3Q1RK1 b - -,d7d5 d1f3 d5f3 g2f3 e8d8 f1d1 d8d5 g1f2 g8f7 f2e2,59
2k4r/p1p3pp/4p3/8/8/B1p5/P3RPPP/n5K1 b - -,h8d8 h2h4 d8d1 g1h2 c3c2 e2e6 c2c1q a3c1 c8d7 e6a6,-354
r2qk1nr/pppn2b1/7p/4ppp1/8/2NQPNB1/PPP2PPP/3R1RK1 b kq -,g8f6 d3c4 d8e7 c3b5 e8f8 b5c7 b7b5 c4b3 d7c5 f3e5,421
4k3/3n2p1/4P2p/1R1P4/p7/4KP1P/r5P1/8 b - -,a4a3 e6d7 e8d7 b5b7 d7d6 b7g7 d6d5 g2g4 d5c4 h3h4,20
r3k2r/5ppp/2p1p1n1/p2pP3/8/P1q2N2/2BB1PPP/R2Q1K2 b kq -,c3c4 f1g1 e8h8 d2e3 c4g4 e3c5 f8b8 h2h3 g4c4 c5d6,140
r2r2k1/pp3pbp/4p1p1/2R1B3/3P2b1/4P3/P2KBPPP/2R5 b - -,h7h5 e5g7 g8g7 f2f3 g4f5 e3e4 f5e4 f3e4 d8d4 d2e3,261
4r2k/p1p1qp1P/1p4p1/8/4n2Q/8/PPP1B3/2K4R b - -,e7g5 h4g5 e4g5 e2c4 e8e7 h1g1 g5h7 c4f7 e7f7 g1g6,-365
2krr3/B1pb1ppp/1p6/8/2P1n3/8/PP3PPP/RN2R1K1 b - -,c8b7 a7b6 b7b6 f2f3 e4c5 b1c3 e8e1 a1e1 d7e6 b2b4,-314
r7/5k2/8/4RPK1/3B3P/2P3P1/8/8 b - -,c8b7 a7b6 b7b6 f2f3 e4c5 b1c3 e8e1 a1e1 d7e6 b2b4,Mate
r2q1rk1/5ppp/p1n1bn2/1pbp1N2/5B2/PBNQ4/1PP2PPP/3R1RK1 b - -,a8a7 c3d5 f6d5 b3d5 e6f5 d3f5 c6d4 f5g5 a7d7 c2c4,59
8/8/8/2k5/2Q5/1P4PP/Pq3P1K/8 b - -,c5b6 c4e6 b6c7 e6f7 c7c6 a2a4 b2e5 f7c4 c6d6 c4b4,844
8/R7/5kp1/8/4K1PP/2r5/8/8 b - -,c3c5 a7a6 f6g7 a6a4 g7f6 e4d4 c5c1 a4a6 f6g7 d4e5,2
rr4k1/6p1/1n1R1pB1/7p/PR6/1bP5/5PPP/6K1 b - -,b6a4 g6h5 a4c3 b4b8 a8b8 h2h4 g8f8 h5f3 b3f7 g2g4,-310
r2q1rk1/1b2bppp/p1p1pn2/2ppN3/4P3/1P1P4/PBPNQPPP/R4RK1 b - -,d8c7 c2c4 a6a5 a2a4 f6e8 f2f4 f7f6 e5g4 h7h5 g4e3,151
6k1/2p2pp1/1p1p3p/1P1P4/pNP5/4P3/1b3KPP/8 b - -,a4a3 f2e2 b2c3 b4a2 c3e5 e2d3 e5h2 a2c3 g8h7 d3c2,-512
8/8/5PR1/4k1Pp/7P/5K2/r7/8 b - -,a2a3 f3e2 a3a2 e2d3 a2a3 d3c2 e5d6 g6g7 a3a2 c2c3,853
r3k2r/5ppp/2p1p1n1/p2pP3/2q5/P4N2/2BB1PPP/R2Q2K1 b kq -,e8h8 g2g3 h7h6 d2e3 c6c5 a1c1 d5d4 e3h6 c4d5 h6d2,145
2kr3r/Qppqnp1p/3p1p2/p2P4/P1B5/7P/1PP2PP1/R3K2R b KQ -,d7e8 e1h1 c7c5 a1a3 e8d7 a3b3 d7c7 b3b7 c7b7 c4a6,537
rn1qkb1r/ppp1pppp/6b1/3n4/6P1/5N1P/PPPP1PB1/RNBQ1RK1 b kq -,b8c6 d2d4 e7e6 c2c4 d5b4 b1c3 f8d6 c1g5 f7f6 g5h4,71
r4rk1/p2qbp1p/1pn5/3pP1p1/N2P1pb1/2B2NP1/PP3P1P/2RQ1RK1 b - -,b6b5 a4c5 e7c5 d4c5 d5d4 h2h3 g4f3 d1f3 d4c3 g3f4,-305
6r1/5k2/8/4RP2/3B1K1P/2P3P1/8/8 b - -,g4h5 d1d3 a8c8 f3d2 c6d8 d3a6 f7f6 e5f6 f8f6 f1e1,Mate
4r2k/p1p2p1P/1p4p1/6Q1/4n3/8/PPP1B3/2K4R b - -,e4g5 e2b5 e8e5 b5c4 e5e7 h1g1 g5h7 c4f7 e7f7 g1g6,-369
r1b1kb1r/pp1nppp1/1qp2n1p/3p4/N2P1B2/4PN1P/PPP2PP1/R2QKB1R b KQkq -,b6a5 c2c3 a5d8 b2b4 e7e6 f1d3 b7b6 d1e2 f8e7 e1h1,30
2r2nk1/p3N1p1/5p2/p2Pp2p/4P2B/1P3P1P/2rR2PK/8 b - -,g8f7 e7c8 c2d2 c8d6 f7g8 h4e1 d2a2 d6b7 a5a4 b3a4,-312
1r1q1rk1/4ppbp/p3bnp1/3p4/8/1BN1BP2/PPPQ2PP/2KR3R b - -,d8d7 h1e1 a6a5 c1b1 f6e8 e3d4 g7d4 d2d4 e8c7 d4c5,75
3r3r/1b1qkpbp/p2p1p2/1p2p2Q/4P3/2P1N1P1/PP3PBP/R3K2R b - -,g7f8 e1f1 e7e8 a1d1 b5b4 c3c4 d7a4 d1d2 b4b3 a2b3,303
6k1/p4p1p/6p1/1rBBpb2/8/8/PPr2PPP/KR1R4 b - -,c2c5 d5f3 f5b1 a1b1 c5c7 d1d2 b5b4 d2d8 g8g7 d8e8,-377
6k1/pb2bppp/1pq1p3/n3P3/3PN1Q1/P2BB3/5PPP/6K1 b - -,a5c4 e3h6 g7g6 h2h4 b6b5 h6g5 c6e8 d3c4 b5c4 e4d6,75
r2q1rk1/1b3pbp/4pnp1/1Bp5/Pn2P3/2N2N1P/1P2QPP1/R1B1K2R b KQ -,b4c6 b5c6 b7c6 c1f4 d8b6 e1h1 b6b4 f1e1 f6d7 e1d1,43
r1bqkbnr/pp1n1ppp/4p3/3pP3/3Q1P2/2N2N2/PPP3PP/R1B1KB1R b KQkq -,f8c5 d4d2 g8e7 b2b3 a7a6 c1b2 b7b5 c3e2 b5b4 e2d4,48
6k1/2p2pp1/1p1p3p/1P1P4/1NP1P3/p7/1b3KPP/8 b - -,g8h7 f2e2 b2d4 e2d3 d4c5 b4a2 h7g6 a2c3 g6f6 d3c2,-515
7k/1p4pp/p1n1n3/8/1P2Nr2/1BP4P/P4PP1/4R1K1 b - -,e6d8 g2g3 f4f5 e4d6 f5e5 e1e5 c6e5 g1f1 b7b5 f2f4,524
r1r3k1/8/4Q3/6P1/8/4P3/p4PP1/6K1 b - -,,0
2kr2r1/1pp1qp1p/p2pbp2/2b1N3/B3P3/2NQ4/PP3PPP/R3R1K1 b - -,f6e5 b2b4 c5d4 g2g3 h7h5 a1c1 h5h4 g1g2 c8b8 b4b5,-288
8/8/1k2Q3/8/8/1P4PP/Pq3P1K/8 b - -,b6b7 e6f7 b7b6 a2a4 b2d2 h2g2 b6c6 h3h4 c6d6 f7f4,885
5r2/5k2/8/4RP2/3B1KPP/2P5/8/8 b - -,b6b7 e6f7 b7b6 a2a4 b2d2 h2g2 b6c6 h3h4 c6d6 f7f4,Mate
1r4k1/r5p1/1n1R1pB1/7p/P2R4/1bP5/5PPP/6K1 b - -,a7a8 g6h5 b6c4 d6d5 c4e5 d5d6 b3a4 f2f4 e5f7 d6e6,-251
2b1r1k1/5ppp/2Qp4/3P4/8/3B4/1q3PPP/3K3R b - -,c8g4 f2f3 g4d7 d3h7 g8h7 c6c2 b2c2 d1c2 e8e2 c2d3,-569
4r2k/p1p2p1P/1p4p1/6n1/2B5/8/PPP5/2K4R b - -,e8e7 h1g1 g5h7 c4f7 e7f7 g1g6 h7f6 a2a4 f6e4 b2b3,-365
3r1rk1/p3qPp1/1p4np/7Q/2BR4/8/P4PPP/3R2K1 b - -,f8f7 d4d8 g8h7 c4f7 e7f7 d8d6 a7a5 d6g6 f7g6 h5g6,703
rnb1k2r/pp3ppp/4pn2/4P1B1/1bpN4/2N5/PP3PPP/R3KB1R b KQkq -,f6e4 g5e3 e4c3 a2a3 b4a5 e3d2 c8d7 f1c4 b8c6 d4c6,-198
rnbqkbnr/pp4pp/4p3/3p1p2/2pP4/1P2PN2/P1P1BPPP/RNBQK2R b KQkq -,c4b3 a2b3 c8d7 c2c4 g8f6 f3e5 b8c6 e1h1 f8e7 c1a3,71
6k1/2p2pp1/1p1p3p/1P1P4/2P1P3/p1b5/N4KPP/8 b - -,c3e5 h2h3 g8h7 f2e1 h7g6 e1d1 g6g5 d1c2 g5f4 c2b3,-530
3r4/8/8/4k3/8/4K3/8/5R2 b - -,,0
1rb1k2r/5pb1/p1pp4/4pNP1/3qP2p/5P2/P1PQB1P1/2R1K2R b - -,d4d2 e1d2 c8f5 e4f5 f7f6 c1b1 b8b1 h1b1 f6g5 b1b7,9
r1r3k1/p1R2pp1/1p1p3p/3Pp3/4P2P/1P4P1/P4P2/2R3K1 b - -,c8d8 c7e7 d8e8 e7e8 a8e8 c1c7 g7g5 c7a7 b6b5 a7a6,276
3r1rk1/ppq2pp1/2p1p1p1/4P3/8/P5QP/1PP2PP1/3RR1K1 b - -,c7a5 g3e3 a5a4 e3c3 d8d5 b2b3 a4b5 a3a4 b5b6 d1d5,-10
4r1k1/5ppp/2Qp4/3P4/6b1/3B1P2/1q4PP/3K3R b - -,g4d7 d3h7 g8h7 c6c2 b2c2 d1c2 e8e2 c2d3 e2g2 d3e3,-577
r6r/1p6/1p1ppk2/7p/2P1PPp1/3PK1R1/PP6/R7 b - -,e6e5 a2a3 h8f8 f4f5 f6g5 a1g1 b6b5 c4b5 d6d5 g1c1,-195
2N2n2/p4kp1/5p2/p2Pp2p/4P2B/1P3P1P/2rR2PK/8 b - -,c2c1 c8d6 f7g8 h4f2 c1b1 d6f5 b1b3 d2a2 f8d7 a2a5,534
2rr2k1/5p1p/p3pN1Q/1pp5/8/5BP1/1q3P1P/3R2K1 b - -,b2f6 h6f6 d8d4 f3h5 d4d1 h5d1 h7h6 f6h6 c8c7 d1c2,805
r3k2r/1bq1bppp/p2pp3/6P1/Pp1NP2P/4BP2/1PP1Q3/1K1R3R b kq -,e8h8 e3c1 c7d7 b2b3 a8c8 c1b2 f7f5 e4e5 f8e8 h1e1,208
r4rk1/1bq2pbp/4pnp1/1Bp5/Pn2P3/2N2N1P/1P2QPP1/R1B2RK1 b - -,h7h6 f1d1 g6g5 c1d2 f8d8 a1c1 a8c8 b5c4 c7b8 a4a5,101
1r1q1k1r/p1p2ppp/2Bp4/4p3/1b2PP2/2PP3b/PP3P1P/R1BQ1RK1 b - -,b4c5 f1e1 d8h4 d1f3 a7a5 c6d5 f7f6 f4e5 h3g4 f3g2,96
6k1/p4p1p/6p1/1rr1pb2/8/5B2/PP3PPP/KR1R4 b - -,f5b1 a1b1 b5b4 a2a3 b4d4 d1d4 e5d4 b2b4 c5c7 f3e2,-404
rnbqk2r/pp2ppbp/1n4p1/2pP4/4P3/2N2N1P/PP3PP1/R1BQKB1R b KQkq -,c8d7 f1e2 e8h8 e1h1 b8a6 a2a4 a6b4 a4a5 b6c8 c1e3,202
4r1k1/5p2/r2pNQn1/p2P1P2/1b6/5PB1/5RKP/1q6 b - -,b1a1 f6a1 f7e6 a1f6 g6f4 g3f4 a6a7 f4h6 e8c8 d5e6,636
8/2R2kp1/5r1p/1R1r1p2/P4n2/8/1P3KPP/8 b - -,f7g6 b5d5 f4d5 c7d7 d5b4 a4a5 f6e6 g2g4 f5g4 d7d4,-207
8/8/8/5Rp1/2k5/5P1P/6K1/8 b - -,f7g8 b5d5 f4d5 c7d7 d5b4 d7b7 b4d3 f2e3 d3c5 b7b8,Mate
3R2k1/p3qrp1/1p4np/7Q/2B5/8/P4PPP/3R2K1 b - -,g8h7 c4f7 e7f7 d8d6 a7a5 d6g6 f7g6 h5g6 h7g6 d1b1,753
1rb1k2r/5pb1/p1pp4/4pNP1/4P2p/5P2/P1PKB1P1/2R4R b - -,c8f5 e4f5 f7f6 c1b1 b8b1 h1b1 f6g5 b1b7 g7f6 b7c7,12
6k1/2p2pp1/1p1p3p/1P1Pb3/2P1P3/p4K2/N5PP/8 b - -,e5h2 a2b4 h2e5 f3e2 h6h5 e2d1 g7g5 d1c2 g5g4 c2b3,-649
1r3rk1/4ppbp/p3bnp1/q2p4/8/1B2BP2/PPPQN1PP/2KR3R b - -,a5b4 d2b4 b8b4 e2f4 f8d8 c2c3 b4b5 f4e6 f7e6 b3a4,117
r2q1rk1/1p1n1ppp/p1bQ1b2/2p2P2/8/2NP1N2/PPPB2PP/R4RK1 b - -,d7e5 d6d8 e5f3 g2f3 a8d8 d2e3 f8e8 e3c5 f6c3 b2c3,-25
r1r3k1/p1q2ppp/Q1p1pn2/2bpNb2/3P1P2/2N1P3/PP1B2PP/R3K2R b KQ -,c5f8 c3a4 c6c5 a4c5 f6e4 c5e4 f5e4 a1c1 c7c1 d2c1,-86
8/p4ppk/7p/8/2pr1P2/2R1K1P1/P6P/1b6 b - -,d4d3 c3d3 b1d3 e3d4 h7g6 g3g4 h6h5 g4h5 g6h5 d4c3,-749
1r1q1k1r/p1p2ppp/2Bp4/7Q/1b2Pp2/2PP3b/PP3P1P/R1B2RK1 b - -,h3f1 g1f1 b4c5 d3d4 c5b6 c1f4 d8f6 f4e3 h7h6 f1e2,140
rn1R4/ppp2kqp/4p1r1/6BQ/4p3/P7/1PP4P/2K2R2 b - -,h3f1 g1f1 b4c5 d3d4 c5b6 c1f4 d8f6 f4e3 h7h6 f1e2,Mate
8/2k2Q2/8/8/8/1P4PP/Pq3P1K/8 b - -,c7c6 a2a4 b2h8 h3h4 h8d8 f7e6 c6b7 h2g2 d8d1 e6c4,891
5K2/6p1/5pBp/1n5P/pk3P2/6P1/8/8 b - -,f6f5 g6f7 b5c3 f7e8 a4a3 e8f7 c3e2 f8g7 e2c1 g7h6,-19
r1b2rk1/pp2bpp1/2n2n1p/2p5/3p1B2/3P1NP1/PPPN1PBP/R4RK1 b - -,g7g5 f4e5 f6e8 g3g4 f7f6 e5g3 c8g4 d2c4 a8c8 a2a4,-138
1r1q1rk1/3bppbp/p2p1np1/nppP4/2P5/1PN3PP/PBQNPPB1/4RRK1 b - -,e7e5 d5e6 d7e6 c4b5 a6b5 c3e4 f6e8 b2g7 e8g7 c2c3,59
8/8/8/5Rp1/7P/1k3P2/6K1/8 b - -,e7e5 d5e6 d7e6 c4b5 a6b5 c3e4 f6e8 b2g7 e8g7 c2c3,Mate
r4rk1/1bq2pb1/4pnpp/1Bp5/Pn2P3/2N2N1P/1P1BQPP1/R4RK1 b - -,f8d8 f1d1 f6h5 d2e3 h5f6 a1c1 b7e4 c3e4 f6e4 d1d8,100
8/p4ppk/7p/8/2p2P2/3RK1P1/P6P/1b6 b - -,b1d3 f4f5 d3f5 e3d4 f5e6 a2a4 h7g6 d4e3 g6h5 a4a5,-807
r1b1kbnr/1ppp1p1p/1p4n1/3PP1pP/5p2/5N2/PPP3P1/RNB1KB1R b KQkq -,g6e7 b1c3 f7f6 d5d6 e7f5 f1d3 f5g3 c3b5 a8a5 b5c7,108
1r1q1k1r/p1p2ppp/2Bp4/8/4Pp2/2bP3Q/PP3P1P/R1B2RK1 b - -,d8g5 h3g2 g5g2 g1g2 c3e5 d3d4 e5d4 c1f4 d4b2 a1b1,376
r3kb1r/1pp2ppp/p1n1b3/3qP3/3PpB2/2P5/PP1QN1PP/R3KB1R b KQkq -,d5a5 g2g3 e8a8 f1g2 h7h6 h2h4 f8e7 g2e4 c8b8 e1h1,35
1r2k2r/5pb1/p1pp4/4pPP1/7p/5P2/P1PKB1P1/2R4R b - -,f7f6 c1b1 b8b1 h1b1 f6g5 b1b7 g7f6 b7c7 h4h3 g2h3,6
1B6/7p/pbp1kp2/2p2p2/2P5/5PKP/PP3P2/8 b - -,e6f7 g3h4 b6d8 b8d6 f7g6 h4g3 d8b6 g3f4 b6a5 d6c5,50
3r2k1/3rnppp/p7/1p1p4/P2R4/2N5/1P3PPP/3R2K1 b - -,b5a4 d4a4 d7d6 g2g3 g7g6 g1f1 g8g7 d1d2 d6b6 h2h4,-31
1r1q1rn1/1bn3kp/3pppp1/p1p3P1/1p2PP1P/2PPN1N1/PP1Q2B1/R4RK1 b - -,d6d5 d2f2 c7b5 a1c1 b4c3 b2c3 g7h8 e3g4 d5e4 d3e4,106
4rk2/ppp3q1/5pp1/2QR3p/7P/1P2P1P1/P4PK1/8 b - -,e8e7 d5d8 f8f7 c5c4 e7e6 c4c7 e6e7 c7c4 e7e6 e3e4,623
r2q1rk1/2p1bppp/p1p5/3nPb2/3N4/2P4P/PP3PP1/RNBQR1K1 b - -,f5d7 b1d2 c6c5 d4b3 a6a5 d2e4 c5c4 d1d5 c4b3 a2b3,156
8/5Q2/2k5/8/1P6/6PP/Pq3P1K/8 b - -,b2d4 a2a4 d4b4 f7e8 c6c7 e8e5 c7d8 e5g5 d8c7 g5f4,889
3r1rk1/ppN1p2p/5ppB/P7/2n3q1/1bQ3P1/4PPBP/5RK1 b - -,c4d2 h6d2 g4c4 c3c4 b3c4 d2h6 d8d7 h6f8 g8f8 f1c1,234
r1b1k2r/2qp1ppp/ppn1pn2/2b3Q1/2P1P3/2N2N2/PP2BPPP/R1B2RK1 b kq -,c5f8 e4e5 h7h6 g5g3 f6h5 g3h3 g7g6 g2g4 h5g7 c3e4,152
r2q1rk1/1p1n1ppp/p1bp1b2/2p2P2/8/2NP1NQ1/PPPB2PP/4RRK1 b - -,d8b6 g3d6 b6b2 e1b1 b2c2 f1c1 f6d4 f3d4 c2d3 d4b5,-57
8/8/8/5RpP/8/5P2/k5K1/8 b - -,d7e5 c3e4 c6e4 e1e4 b7b5 f3e5 f6e5 e4e5 d6e5 f5f6,Mate
1r1q1rk1/3b1pbp/p2pPnp1/npp5/2P5/1PN3PP/PBQNPPB1/4RRK1 b - -,d7e6 c4b5 a6b5 c3e4 b5b4 e4f6 g7f6 e1d1 f6b2 c2b2,36
4r1k1/5p2/r2p1Qn1/p2P1P2/1b1N4/5PB1/2R3KP/1q6 b - -,b4c3 c2c3 g6e7 f6g5 g8h8 f5f6 b1g6 g5h4 h8g8 f6e7,480
1r4k1/r5p1/1n1R1p2/7p/PR6/1bPB4/5PPP/6K1 b - -,b8c8 b4b3 b6a4 d3g6 a4c3 g2g3 a7c7 h2h4 c8f8 g6h5,93
4rk2/ppp1q3/5pp1/3R3p/3Q3P/1P2P1P1/P4PK1/8 b - -,a7a6 d5d7 e7e4 d4e4 e8e4 d7c7 e4b4 g2f1 a6a5 f1e2,240
4r1k1/Q4ppp/4rn2/1P1p4/8/2P4P/P2q1PP1/R5KR b - -,a7a6 d5d7 e7e4 d4e4 e8e4 d7c7 e4b4 g2f1 a6a5 f1e2,Mate
r7/8/8/4k3/8/4K3/8/4R3 b - -,,0
r4rk1/1bq2pp1/p6p/np4NQ/8/P5R1/BP3PPP/R5K1 b - -,c7f4 a2f7 f8f7 g5f7 f4f7 h5h6 a8f8 a1f1 a5c6 h6d2,77
rnbqk1nr/ppp1p1bp/3p2p1/5p2/2P5/1QNP1N2/PP2PPPP/R1B1KB1R b KQkq -,c7c5 g2g3 b8c6 f1g2 e7e5 a2a3 h7h6 b3c2 a7a5 e2e3,-4
r3r1k1/p5pp/1b3p2/1p1qP3/1P1P4/2R1BP2/P5PP/3Q1R1K b - -,f6e5 d4e5 d5e5 d1b3 g8h8 e3b6 a7b6 a2a3 e5g5 b3d1,120
r2q1rk1/1p3ppp/p1bp1b2/2p1NP2/8/2NP2Q1/PPPB2PP/4RRK1 b - -,a8b8 e5f3 f8e8 d2g5 e8e1 f1e1 b7b5 g5f6 d8f6 g3g5,448
rnb1kbnr/p1pp1qpp/1p6/4P3/8/2NB1N2/PPP2PPP/R1BQK2R b KQkq -,h7h6 c3b5 b8a6 e1h1 g8e7 f1e1 e7c6 f3h4 c6e7 d3e4,465
1r1q1rk1/5pbp/p2pbnp1/nPp5/8/1PN3PP/PBQNPPB1/4RRK1 b - -,a6b5 e1d1 b5b4 c3e4 f6e8 b2g7 g8g7 d2f3 d8e7 f1e1,29
8/Q7/4pk1R/3p1pp1/1p6/2q5/6R1/1K6 b - -,a6b5 e1d1 b5b4 c3e4 f6e8 b2g7 g8g7 d2f3 d8e7 f1e1,Mate
6k1/p4p1p/6p1/1rrBpb2/P7/8/1P3PPP/KR1R4 b - -,b5b4 b2b3 f5b1 a1b1 g8f8 b1b2 f8e7 d5f3 b4f4 d1d2,-420
rnb1k2r/ppppq1pp/8/4P3/1b2Q3/P7/1B3PPP/RN3KNR b - -,b4d6 g1f3 d6c5 b1c3 e7f7 h2h4 e8d8 h4h5 h7h6 a1d1,67
4rk2/ppp5/5pp1/3R3p/4Q2P/1P2P1P1/P4PK1/8 b - -,e8e4 g2f3 e4e6 d5d8 f8e7 d8b8 e6b6 e3e4 a7a5 f3e3,Mate
1r2k2r/6b1/p1pp1p2/4pPP1/7p/5P2/P1PKB1P1/1R5R b - -,b8b1 h1b1 f6g5 b1b7 g7f6 b7c7 h4h3 g2h3 h8h3 c7c6,5
r2r2k1/1bq2pb1/4pnpp/1Bp5/Pn2P3/2N2N1P/1P1BQPP1/2R2RK1 b - -,b4c6 d2e3 c7b6 f1e1 c6d4 e2c4 f6e8 b2b4 c5b4 c4b4,87
1r1q1rk1/5pbp/3pbnp1/npp5/4N3/1P4PP/PBQNPPB1/4RRK1 b - -,f6e8 b2g7 g8g7 c2c3 g7g8 c3e3 d8e7 e1c1 b8c8 f1d1,63
8/8/7P/5Rp1/8/5P2/6K1/k7 b - -,f6e8 b2g7 g8g7 c2c3 g7g8 c3e3 d8e7 e1c1 b8c8 f1d1,Mate
8/5pkp/6p1/1p2Nn2/1R6/2P5/P4PPP/2K5 b - -,f5d6 b4d4 d6c8 d4d7 g7f6 f2f4 c8e7 d7b7 h7h5 b7b5,665
1kbr4/1pq3p1/p7/4pP1P/3pB3/6Q1/PPr5/K4R1R b - -,c2e2 g3g4 e2e3 a2a3 d4d3 f1f3 e3f3 g4f3 d3d2 a1b1,-170
rn1qkb1r/1p3ppp/p2pbn2/4p3/4P3/2NB2N1/PPP2PPP/R1BQK2R b KQkq -,g7g6 e1h1 b8c6 h2h3 f8g7 c1g5 d8a5 d1d2 e8h8 f1d1,13
r1bqk1nr/p3nppp/2pp4/b3p3/2B1P3/1QP2N2/P4PPP/RNB1K2R b KQkq -,f7f5 c4f7 e8f8 f3g5 g8f6 b1d2 f5e4 c1a3 d6d5 a1b1,-83
4r2k/p1p1qp1P/1p3np1/1B4Q1/4P3/8/PPP5/2KR4 b - -,f6e4 g5d5 e4f6 d5d2 e8f8 d2g5 f8d8 d1f1 h8g7 f1h1,-131
r4rk1/p2q1p1p/2n5/1pP1P1p1/3p1pb1/5NP1/PP3P1P/2RQBRK1 b - -,d7d5 f3d4 g4d1 d4c6 d5c6 c1d1 f4f3 e1c3 c6c5 d1d6,-503
8/6p1/6kp/8/4K1P1/6P1/8/8 b - -,d7f5 f3d4 c6d4 d1d4 a8d8 d4b4 g4e2 f2f3 e2f1 g1f1,Mate
3k4/8/3Q4/8/2p5/6P1/5P1P/6K1 b - -,d7f5 f3d4 c6d4 d1d4 a8d8 d4b4 g4e2 f2f3 e2f1 g1f1,Mate
r3r1k1/p5pp/1b3P2/1p6/1P1P4/2R1BP2/q5PP/3Q1R1K b - -,g7f6 d1c1 a8d8 f1e1 g8f7 h2h3 e8e7 c3c6 d8g8 c6c2,105
7r/3Qpqk1/p2p1pp1/2p1b3/2P1P3/1P4PP/P2B2K1/5R2 b - -,h8b8 f1f3 f7e8 d7e8 b8e8 h3h4 e8b8 g3g4 e5d4 f3h3,-12
rnb1k2r/ppppq1pp/8/b3P3/4Q3/P1N5/1B3PPP/R4KNR b - -,a5c3 b2c3 b8a6 g1f3 a6c5 e4d5 c5e6 f3d4 e6f4 d5c4,-53
r3k2r/pb1qbp2/8/1pppP2P/2pP1B1P/5B2/PP6/R2QK2R b KQkq -,d7f5 f4e3 c5d4 e3d4 e7b4 e1e2 h8g8 h5h6 e8a8 h6h7,-115
1kbr4/1pq3p1/p7/4pP1P/3p4/6Q1/PP2r3/KB3R1R b - -,e5e4 g3c7 b8c7 f1g1 c8f5 g1g5 f5h7 g5g7 d8d7 h5h6,-335
8/7P/8/5Rp1/8/5P2/6K1/1k6 b - -,e5e4 g3c7 b8c7 f1g1 c8f5 g1g5 f5h7 g5g7 d8d7 h5h6,Mate
8/8/8/4k3/8/r7/5K2/4R3 b - -,,0
rnb1k2r/ppppq1pp/8/4P3/4Q3/P1B5/5PPP/R4KNR b - -,b8a6 g1f3 a6c5 e4d5 c5e6 f3d4 e6d4 d5d4 b7b6 e5e6,-55
8/p5p1/1Pp5/3k2p1/1P1r1p2/P4P2/2R3PP/5K2 b - -,,0
5k2/1R3N2/6p1/r7/7p/5P1P/1P4K1/4b3 b - -,e1g3 f7h6 a5a4 b7f7 f8e8 f7f6 a4b4 f6g6 b4b2 g2f1,3
8/6p1/7p/6k1/6P1/5KP1/8/8 b - -,e1g3 f7h6 a5a4 b7f7 f8e8 f7f6 a4b4 f6g6 b4b2 g2f1,Mate
5rk1/p5p1/1p6/3pBrPP/3P1P2/6K1/8/1R6 b - -,b6b5 g3g4 b5b4 b1b4 f5f7 g5g6 f7d7 b4b5 f8a8 h5h6,362
r1bqk2r/ppp2pp1/4p2p/3pP3/3P4/2bB1N2/P1P2PPP/1R1Q1RK1 b kq -,a7a6 b1b3 c3a5 f3d2 b7b5 b3b1 c8d7 d2b3 a5b6 c2c3,-107
4r2k/p1p1qp1P/1p4p1/1B1Q4/4n3/8/PPP5/2KR4 b - -,e8f8 a2a4 h8h7 d1e1 f7f5 e1h1 h7g7 d5d4 e4f6 d4h4,-146
1r1q1rk1/3b1pbp/p2p1np1/nppPp3/2P1P3/1PN3PP/PBQN1PB1/4RRK1 b - -,b5c4 b3c4 g7h6 c3b1 f6h5 g1h2 f7f5 e4f5 g6f5 b2a1,33
r2q1rk1/ppp2pp1/1b1p1n1p/8/4P3/1B1P1N1P/PKP1QPP1/3R3R b - -,a7a5 a2a4 c7c6 g2g4 b6a7 g4g5 h6g5 h1g1 b7b5 g1g5,-16
rnb1kb1r/pp1p1ppp/4pB2/q3P3/3p4/8/PPPN1PPP/R2QKBNR b KQkq -,b8c6 f6h4 a5e5 f1e2 d7d5 g1f3 e5c7 c2c4 d4c3 b2c3,231
2rr2k1/5p1p/p3pp2/1pp5/1q1P2N1/2n2BP1/3Q1P1P/R2R2K1 b - -,d8d5 g4f6 g8g7 f6d5 e6d5 d2g5 g7h8 d4c5 b4c5 d1e1,483
6k1/pb2bppp/1pq1pN2/4P3/2nP2Q1/P2BB3/5PPP/6K1 b - -,g8h8 d4d5 c4e3 d5c6 e3g4 c6b7 g7f6 b7b8q h8g7 e5f6,546
rnb1k2r/ppp1q1pp/8/3QP3/8/P1B5/5PPP/R4KNR b - -,h8f8 c3b4 e7f7 d5b5 c8d7 b5c5 f8h8 a1e1 d7e6 g1f3,21
7Q/8/8/5Rp1/8/5P2/6K1/k7 b - -,h8f8 c3b4 e7f7 d5b5 c8d7 b5c5 f8h8 a1e1 d7e6 g1f3,Mate
4k2r/6b1/p1pp1p2/4pPP1/7p/5P2/P1PKB1P1/1R6 b - -,f6g5 b1b7 g7f6 b7c7 e5e4 c7c6 h4h3 g2h3 h8h3 c6d6,9
r2r2k1/1bqn1pb1/4p1pp/1Bp5/Pn2P3/2N2N1P/1P1BQPP1/2RR2K1 b - -,b4c6 d2e3 c6a5 f3d2 a8c8 b2b4 c5b4 c3a2 c7b8 a2b4,143
r2q1rk1/ppp2pbp/2npb1p1/8/2P5/1PN3P1/P2BPPBP/R2Q1RK1 b - -,h7h6 a1c1 a7a5 f1e1 f8e8 d2e3 g8h7 d1d2 d8d7 c3d5,74
r5kr/ppp1b3/2n4p/q3P1p1/1P1p2b1/P4NB1/2PQ1PPP/R3K1NR b - -,e7b4 a3b4 a5a1 d2d1 a1c3 d1d2 c6b4 g1e2 c3d2 e1d2,-362
8/8/1k6/8/2Q3P1/8/5P1P/6K1 b - -,c6b4 e1f1 c7c5 h2h4 a5a6 g1e2 b4c2 d2c2 d4d3 c2b2,Mate
rnb1kb1r/pp1p1p1p/4pP2/q7/3p4/8/PPPN1PPP/R2QKBNR b KQkq -,a5e5 g1e2 b8c6 g2g3 h7h5 h2h4 e5d5 f2f3 d4d3 c2d3,-108
r1b2rk1/1ppp1pp1/pb5p/2n1P3/B6B/2P2N2/PP3PPP/RN3RK1 b - -,g7g5 a4c2 g5h4 f3h4 f8e8 h4f3 d7d6 e5d6 c7d6 b1d2,235
2r1k3/1p2bp2/pBB1p1p1/4P2p/1P3P2/PKR3P1/7P/8 b - -,e8f8 c6b7 c8b8 c3c8 b8c8 b7c8 f8g7 c8a6 f7f6 b6g1,627
r1bq1rk1/3pppbp/p1n2np1/8/Q3PB2/2N2N2/PPP2PPP/2KR1B1R b - -,f6h5 f4e3 g7c3 b2c3 d8c7 f1c4 d7d6 c4d5 c8d7 a4c4,59
r3k2r/pb2bp2/8/1pppPq1P/2pP3P/4BB2/PP6/R2QK2R b KQkq -,c5d4 e3d4 h8g8 d1e2 e7b4 e1d1 g8g3 h1f1 g3h3 a2a3,-105
rn1q1rk1/p4pbp/1p2pnp1/3pNbB1/3P4/1QN3P1/PP2PPBP/R4RK1 b - -,h7h5 a1c1 a7a6 e2e4 d5e4 g2e4 b8d7 e5d7 d8d7 e4a8,191
8/8/6pp/6k1/6P1/6P1/6K1/8 b - -,h7h5 a1c1 a7a6 e2e4 d5e4 g2e4 b8d7 e5d7 d8d7 e4a8,Mate
8/5BK1/7p/5p1P/pk3P2/2n3P1/8/8 b - -,c3b5 g7h6 b5d6 f7a2 d6e4 h6g6 e4g3 h5h6 g3e2 h6h7,741
r1b1k2r/ppp1q1pp/2n5/3QP3/8/P1B2N2/5PPP/R4K1R b - -,c8e6 d5b5 a8d8 h2h4 e7d7 a1c1 h8f8 f3g5 f8f4 g5e6,-30
rnbqr1k1/ppp1bppp/3p1n2/8/2PNP3/2NB4/PP3PPP/R1BQ1RK1 b - -,b8d7 d3c2 e7f8 c1g5 c7c6 h2h3 a7a6 b2b3 h7h6 g5h4,77
2r2rk1/1b2qppp/pn2p3/1pn5/8/2N1QNP1/PP2PPBP/R1R3K1 b - -,b6c4 e3g5 e7g5 f3g5 b7g2 g1g2 c4b2 g5e4 b2c4 c1d1,-161
r4rk1/1bq2pp1/p6Q/1p4N1/2n5/P5R1/BP3PPP/R5K1 b - -,b7e4 g5e4 c7g3 e4f6 g7f6 f2g3 f8d8 h6f6 d8d6 f6f3,666
r2r2k1/p4p1p/1p2p1p1/4R3/3P4/4P3/P3KPPP/2R5 b - -,a8c8 e2d2 c8c1 d2c1 a7a6 g2g4 g8f8 g4g5 f8e7 h2h4,-23
8/8/1k4P1/8/2Q5/8/5P1P/6K1 b - -,a8c8 e2d2 c8c1 d2c1 a7a6 g2g4 g8f8 g4g5 f8e7 h2h4,Mate
r2q1rk1/1p3ppp/p1b2b2/2p1pP2/8/2NP2Q1/PPPB2PP/4RR1K b - -,f6h4 g3g4 h4e1 f5f6 g7g6 d2e1 f8e8 g4h4 e8e6 h2h3,-159
6k1/p4p1p/6p1/2rBpb2/Pr6/1P6/5PPP/KR1R4 b - -,f5b1 a1b1 g8f8 b1b2 f8e7 g2g3 b4d4 d1d4 e5d4 d5c4,-425
2br1rk1/p5p1/1p1qP1np/7Q/2BR4/8/P4PPP/3R2K1 b - -,d6d4 d1d4 d8d4 e6e7 g8h8 e7f8r g6f8 c4e2 c8e6 a2a3,288
8/5P2/r5R1/4k1Pp/7P/8/6K1/8 b - -,a6a8 g6g8 a8a2 g2f3 a2b2 g8e8 e5d4 f7f8q d4c4,994
2r2rk1/pB3ppp/4pn2/q2p4/1b1P1Bb1/2NQ4/PPP2PPP/R4RK1 b - -,c8c4 c3d1 g4f5 d3e3 c4c2 e3b3 b4d2 f4d6 f8d8 d6e7,-159
rnb2rk1/ppppqppp/5n2/4N3/1b1PP3/2NB1Q2/PPP2PPP/R1B1K2R b KQ -,d7d6 e5c4 d6d5 c4d2 b4c3 b2c3 d5e4 f3e2 f8e8 d3c4,-88
4r1k1/Q4ppp/4rn2/1P1p4/5q2/2P3PP/P4P2/R5KR b - -,e6e1 a1e1 e8e1 g1g2 f4e4 f2f3 e1e2 a7f2 e2f2 g2f2,-908
8/8/6pp/8/6k1/6P1/5K2/8 b - -,e6e1 a1e1 e8e1 g1g2 f4e4 f2f3 e1e2 a7f2 e2f2 g2f2,Mate
r2r2k1/p4pbp/1pR1p1p1/4B3/3P2b1/4P3/P2KBPPP/2R5 b - -,g7e5 e2g4 e5d4 d2e2 d4e5 g2g3 g8g7 g4f3 a8b8 f3e4,-29
3k3r/2p2p2/1p1p1n1q/p2PpP2/2P5/2P1Q1RP/P1B2PP1/6K1 b - -,h6h4 e3e2 h4f4 g3e3 d8e7 g2g3 f4h6 g3g4 e7f8 e3g3,120
r1b1k2r/pp2bppp/1qnppn2/8/4P3/1NNB4/PPP1QPPP/R1B2RK1 b kq -,e8h8 c1e3 b6d8 f2f4 c6b4 a1d1 b4d3 c2d3 c8d7 h2h3,29
3rr3/1kpb1ppp/1B6/8/2P1n3/8/PP3PPP/RN2R1K1 b - -,b7b6 b2b4 b6b7 e1c1 e4d6 b1d2 d7a4 d2b3 a4b3 a2b3,-308
r1b1k2r/pp1p1ppp/2n2n2/qN2p3/1bB1P3/2N5/PPP2PPP/R1BQ1RK1 b kq -,a5d8 c1g5 e8h8 c3d5 b4e7 d5e7 d8e7 b5c7 d7d5 c7d5,221
2r1k3/4bp2/pBp1p1p1/4P2p/KP3P2/P1R3P1/7P/8 b - -,g6g5 a4a5 c8a8 f4g5 e7g5 c3c6 h5h4 g3h4 g5h4 c6c4,440
rnbq1rk1/ppp1ppbp/3p1np1/8/P2P4/BP2P3/2P1BPPP/RN1QK1NR b KQ -,e7e5 d4e5 f6e4 g1f3 b8c6 e1h1 c6e5 f3d2 e4c5 b1c3,-30
8/6R1/4kr1p/1R1r1p2/P4n2/8/1P3KPP/8 b - -,d5b5 a4b5 f4d5 g7g8 e6e5 g8e8 e5d4 e8b8 f6e6 b2b3,-171
r2q1rk1/1b2bppp/2p1pn2/p1ppN3/P3P3/1P1P4/1BPNQPPP/R4RK1 b - -,f6e8 f2f4 f7f6 e5f3 e8c7 a1e1 d8d7 h2h4 c7a6 h4h5,142
8/8/8/5k2/8/r7/5K2/5R2 b - -,,0
1r1q1rk1/3b1p1p/p2p1npb/nppPp3/2P1P3/1P4PP/PBQN1PB1/3NRRK1 b - -,f6h5 d1e3 d8e8 g1h2 f7f5 e4f5 g6f5 g2f3 h5f6 f1g1,56
1r3rk1/4ppbp/p3bnp1/q2p4/8/1BN1BPP1/PPPQ3P/2KR3R b - -,h7h5 h1e1 f8c8 e3d4 b8b3 a2b3 a5a1 c3b1 e6f5 e1e7,55
6k1/p4p1p/6p1/2rBp3/Pr6/1P6/5PPP/1K1R4 b - -,g8f8 b1b2 f8e7 g2g3 b4d4 d1d4 e5d4 d5c4 g6g5 c4d3,-437
8/8/8/8/pb1B4/1k6/8/K7 b - -,,0
r1bqk1nr/pp1n1ppp/4p3/2bpP3/5P2/2N5/PPPQ2PP/R1B1KBNR b KQkq -,g8e7 f1d3 a7a6 g1f3 e8h8 c3e2 d8b6 e2d4 e7c6 c2c3,-4
3r4/1p2k3/p1p1pn1p/8/5B2/P1P2P2/1P4PK/3R4 b - -,d8d1 b2b4 e7f7 f4h6 d1d8 h6g5 e6e5 h2g1 e5e4 g1f2,-564
6k1/p3bpp1/6p1/3NPP2/2pP2Q1/8/3q2PP/5K2 b - -,d2c1 f1e2 c1c2 e2f1 e7b4 d5b4 c2b1 f1e2 g6f5 g4g5,-3
8/K7/P4k2/1R6/8/8/8/3r4 b - -,f6e6 a7b6 d1d6 b6a5 d6d7 b5c5 d7a7 a5b6 a7a8 a6a7,1012
r2r2k1/1bq2pb1/1n2p1pp/1Bp5/Pn2P3/1PN2N1P/3BQPP1/2RR2K1 b - -,b4c6 c3a2 c7e7 d2e3 d8d1 c1d1 b6d7 e2c4 a8d8 c4c2,151
3r2k1/3rnppp/p7/3p4/R7/2N5/1P3PPP/3R2K1 b - -,d7d6 g2g3 g7g6 c3e2 d8b8 d1d2 g8g7 g1g2 h7h5 e2c3,-24
4k2r/1R4b1/p1pp4/4pPp1/7p/5P2/P1PKB1P1/8 b - -,g7f6 b7c7 h4h3 g2h3 h8h3 c7c6 e5e4 c6d6 e4f3 e2a6,7
r1bq1rk1/pp3ppp/5n2/2pp4/2P5/NP1pP3/PB1P1PPP/R2QK2R b KQ -,f8e8 e1h1 d5d4 e3d4 e8e2 f1e1 d8e7 d1c1 f6h5 e1e2,-54
r1r3k1/pR3pp1/1p1p3p/3Pp3/4P2P/1P4P1/P4P2/4R1K1 b - -,g7g5 b7d7 c8c2 d7d6 g8g7 d6d7 c2a2 e1e3 g5g4 e3c3,78
8/8/6pp/8/6k1/6P1/7K/8 b - -,g7g5 b7d7 c8c2 d7d6 g8g7 d6d7 c2a2 e1e3 g5g4 e3c3,Mate
r4rk1/1p3ppp/pqb2b1B/2p1pP2/8/2NP2Q1/PPP3PP/4RR1K b - -,c6g2 g3g2 g8h8 h6c1 a8c8 c3d5 b6c6 f1g1 f8g8 b2b3,498
r1b2rk1/pp1p1ppp/2n2n2/qN2p1B1/1bB1P3/2N5/PPP2PPP/R2Q1RK1 b - -,b4c3 b5c3 f6e8 c3d5 a5c5 b2b3 c5d6 d1h5 h7h6 g5e3,226
r1b2rk1/pp2bp2/2n4p/2pnB1p1/3p4/3P1NP1/PPPN1PBP/R3R1K1 b - -,d5b4 a1d1 b4c2 e1e2 c2b4 d2c4 c8e6 e5d6 f8e8 f3e5,-290
1r1q1rk1/3b1p1p/p2p1npb/n1pPp3/2P1P3/6PP/PBQN1PB1/3NRRK1 b - -,h6d2 c2d2 a5c4 d2c3 c4b2 d1b2 d7b5 b2d3 a6a5 f2f4,-196
1r3rk1/4ppbp/p3bnp1/q2p4/6P1/1BN1BP2/PPPQ3P/2KR3R b - -,f8c8 c1b1 a5b4 h1e1 b4b7 e3d4 a6a5 d2e3 h7h5 h2h3,100
rn1qkb1r/ppp1pppp/5nb1/3p4/3P4/3BPN2/PPP2PPP/RNBQ1K1R b kq -,c7c5 d3g6 h7g6 g2g3 d8d7 h2h4 b8c6 f1g2 e8a8 b1d2,-32
7Q/8/5P2/6R1/8/3k4/6K1/8 b - -,c7c5 d3g6 h7g6 g2g3 d8d7 h2h4 b8c6 f1g2 e8a8 b1d2,Mate
rn1qkb1r/pp1n1pp1/2p1p1b1/3p2Pp/3PPB1P/2NB1N2/PPP2P2/R2QK2R b KQkq -,d8b6 e1h1 f8e7 f1e1 e8h8 a2a3 f8d8 b2b4 d5e4 c3e4,166
r2r2k1/p4p1p/1p2p1p1/4b3/2RP2B1/4P3/P2K1PPP/2R5 b - -,e5d6 f2f4 b6b5 c4c6 a7a5 g4f3 a8a7 g2g4 b5b4 h2h4,37
2bR1rk1/p3q1p1/1p2P1np/7Q/2B5/8/P4PPP/3R2K1 b - -,c8e6 c4e6 e7e6 h5d5 e6d5 d1d5 g6e7 d8f8 g8f8 d5d8,509
4r3/4p1k1/p2p1pp1/2p1b3/2P1P2P/1P4P1/P2B2K1/5R2 b - -,,0
r1bq1rk1/1pppnpp1/pb5p/2n1P3/B1Q4B/2P2N2/PP3PPP/RN3RK1 b - -,g7g5 a4c2 d7d5 e5d6 c7d6 h4g3 d6d5 c4e2 e7c6 b1d2,-137
6k1/p3Npp1/6p1/4PP2/3P2Q1/2p5/3q2PP/5K2 b - -,,0
r1r3k1/1q2bppp/2p1p1n1/3pP3/1P1B4/P2Q1N2/5PPP/1RR3K1 b - -,,0
4r2k/pp3Qp1/3b3p/1qpB4/P7/2P4P/1P2bPP1/4R1K1 b - -,e2h5 f7g8 e8g8 a4b5 g8e8 e1a1 e8e7 g2g4 h5e8 a1a7,-315
2rr2k1/5p1p/p3pp1Q/1pp5/1q1P2N1/5BP1/5P1P/R2n2K1 b - -,b4e1 g1g2 e1f2 g4f2 d1f2 g2f2 c5d4 h6f6 d8d7 f6g5,618
2krqbnr/pbpp2pp/1pn5/4P3/2B5/2N1BN2/PPP1QPPP/2KR3R b - -,c6e5 c4a6 e5c6 e2c4 g8f6 e3f4 f8c5 h1e1 e8f8 f4g3,87
r1b1qrk1/1p2b3/2p1pn1p/3p1pp1/2PP4/pPN2PP1/P1Q1PBBP/R2R2K1 b - -,b7b5 a1b1 c8a6 c4b5 c6b5 b3b4 e7d6 b1b3 h6h5 d1c1,-42
2rr2k1/pp3pb1/2n3pp/1N2p3/2P5/4PBPP/PP3P2/R2R2K1 b - -,c6a5 b5a7 d8d1 a1d1 c8c4 b2b3 c4c2 d1d7 c2a2 f3d5,250
2r2rk1/1b2qppp/pn2p3/1pn5/5Q2/2N2NP1/PP2PPBP/R1R3K1 b - -,h7h6 f3e5 b7g2 g1g2 c5d7 e5d3 f7f5 g2g1 b6c4 b2b3,-18
6q1/2p1kp2/1p1p1n2/p2PpP2/2P5/2P3QP/P1B2PP1/6K1 b - -,g8g3 f2g3 f6h7 g3g4 e7f8 h3h4 f7f6 g1f2 f8g8 c2a4,222
6k1/p4p1p/6p1/2rBp3/P2R4/1P6/5PPP/1K6 b - -,e5d4 d5c4 c5f5 f2f3 f5g5 b3b4 g8f8 a4a5 f8e7 c4f1,-395
r2q1rk1/ppp2pp1/1b1pbn1p/3N4/3pP3/1B1P1N1P/PPP1QPP1/2KR3R b - -,f6d5 b3d5 e6d5 e4d5 f8e8 e2d2 d8d7 d2b4 d7f5 b4c4,-72
1k5r/1pp1R2p/p2p2p1/5p2/5P2/P2P2P1/1PP4P/1K6 b - -,b7b6 h2h4 b6b5 b1c1 a6a5 c1d2 b8b7 d2e3 b7c6 b2b3,133
2r1k3/1p3pb1/pBn1p1p1/4P2p/5P2/P4B2/1P4PP/1KR5 b - -,g7f8 b2b4 f8e7 g2g3 h5h4 c1d1 g6g5 b1a2 e7f8 f3e4,111
5k2/1R6/6pN/r7/7p/5PbP/1P4K1/8 b - -,,0
r2q1rk1/ppp2pb1/2npbnpp/8/3Pp3/PP4P1/1BPNPPBP/R2QNRK1 b - -,d6d5 c2c4 d5c4 d2c4 h6h5 e1c2 h5h4 c2e3 h4h3 g2h1,-95
1r1q1r1k/p3n1bp/3pQ3/2p2p2/1p3PP1/2Pb3P/PP1B2B1/R2NR1K1 b - -,e7g6 e6e3 c5c4 d1f2 d6d5 e3g3 b4c3 b2c3 d5d4 c3d4,-109
8/1K6/P4k2/1R6/8/8/8/4r3 b - -,e1e7 b7b6 e7e6 b6a5 e6e7 b5c5 f6e6 a5b6 e6d6 c5a5,968
rn1qkbnr/pp3ppp/4p3/2p2bN1/3P4/4BN2/PPP2PPP/R2QKB1R b KQkq -,f7f6 g5h3 b8c6 d4c5 d8a5 c2c3 f8c5 f1c4 c5e3 f2e3,11
r2r2k1/1b2qpb1/1n2p1pp/1Bp5/Pn2P3/1PN4P/3BQPP1/2RRN1K1 b - -,b4c6 b5c6 b7c6 d2e3 d8b8 c3b1 b6d7 b1d2 c6b7 d2c4,135
2kr3r/1q4Qp/R2Ppp2/B2b4/8/8/1PP3PP/2K4R b - -,b7f7 g7f7 d8d7 f7f6 h8g8 f6c3 c8b8 c3b4 b8c8 b4c5,7012
6k1/p4p1p/6p1/2r5/P1Bp4/1P6/5PPP/1K6 b - -,c5f5 f2f3 f5g5 c4f1 d4d3 h2h4 g5d5 b1c1 d5c5 c1d2,-399
4r1k1/5ppp/3p4/3P4/6b1/1q1B1P2/2Q3PP/3K3R b - -,b3b4 c2c6 e8c8 h1e1 g8f8 c6b5 b4f4 d1e2 f4h2 f3g4,-100
rnbqrbk1/ppp2ppp/3p1n2/8/2PNP3/2N5/PPB2PPP/R1BQ1RK1 b - -,c7c6 h2h3 b8d7 c1e3 a7a6 a2a4 a6a5 d1e2 d7c5 f2f3,77
8/Q7/4pqk1/3p1pp1/1p5r/2P3RR/1K6/8 b - -,h4h3 g3h3 b4c3 b2c2 f6g7 a7b6 g7d7 c2c3 g5g4 h3e3,92
r2r2k1/p4pbp/1p2p1p1/4B3/2RP2b1/4P3/P2KBPPP/2R5 b - -,h7h6 e5c7 g4e2 d2e2 d8d5 c4a4 d5b5 c1c6 b5b2 e2f3,102
rnbq3r/pppp1k1p/5p2/8/1b6/1Q6/PB3PPP/RN3KNR b - -,f7f8 b3b4 d7d6 b1c3 b8c6 b4f4 c6e5 c3d5 h8g8 g1e2,347
r2q1rk1/p2n1pbp/1p2pnp1/3pNbB1/3P2P1/1QN5/PP2PPBP/R4RK1 b - -,f5e4 f2f3 h7h6 e5d7 d8d7 g5f6 g7f6 f3e4 f6d4 g1h1,344
6R1/5P2/8/4k1Pp/7P/r7/4K3/8 b - -,f5e4 f2f3 h7h6 e5d7 d8d7 g5f6 g7f6 f3e4 f6d4 g1h1,Mate
r1bq1rk1/ppp1npbp/2Np2p1/8/2P5/2N3P1/PP2PPBP/R1BQ1RK1 b - -,e7d5 c6d8 d5c3 b2c3 f8d8 a1b1 g7c3 g2d5 c8e6 b1b7,681
2bq2k1/p3P1p1/1p4np/7Q/2B5/8/P4PPP/6K1 b - -,e7d5 c6d8 d5c3 b2c3 f8d8 a1b1 g7c3 g2d5 c8e6 b1b7,Mate
B2r2k1/p4p1p/4p1p1/4b3/2pP4/4P3/P2K1PPP/2R5 b - -,h7h5 a8e4 e5h2 g2g3 h5h4 g3h4 d8b8 c1c4 b8b2 c4c2,14
r2qr1k1/ppp1npp1/3p1n1p/4p3/4P2N/1PPPP1NP/1P1Q2P1/R4RK1 b - -,f6h7 d2e2 e7g6 h4f5 g6e7 f1f2 e7f5 g3f5 e8e6 a1f1,46
r1bqnrk1/pppn2bp/3p4/3PpP2/2P5/2N1BN1P/PP3P2/R2QKB1R b KQ -,e5e4 e3g5 d7e5 c3e4 e8f6 h1g1 g8h8 f3e5 d8e8 e4g3,185
r4rk1/1p3pBp/p1b2b2/2p1pP2/8/2NP2Q1/PqP3PP/4RR1K b - -,f6h4 g3g4 h7h5 g4h4 b2c3 h4g5 c3d2 g5d2 f7f6 d2h6,Mate
r3r1k1/p2q2pp/8/1p1Pp3/1P6/4RP2/P5PP/3Q1RK1 b - -,a8d8 e3d3 d7d6 d1e1 a7a5 b4a5 d6c5 g1h1 d8d5 d3d5,123
r5k1/p1R2pp1/1p1p3p/3Pp3/4P2P/1P4P1/P4P2/6K1 b - -,g8f8 g1f1 f8e8 f1e2 b6b5 c7b7 a7a6 h4h5 a8c8 e2d2,268
4k2r/2R5/p1pp1b2/4pPp1/7p/5P2/P1PKB1P1/8 b - -,h4h3 g2h3 h8h3 c7c6 e5e4 c6d6 e4f3 e2a6 e8e7 d6e6,7
6k1/p4p1p/6p1/6r1/P1Bp2P1/1P3P2/7P/1K6 b - -,g5e5 b3b4 g8f8 b1b2 f8e7 a4a5 e7d6 b4b5 e5e3 c4f7,-413
4r1k1/Q4ppp/4rn2/1P1p4/8/2P2qPP/P4P2/5RKR b - -,e6e1 g1h2 e1e2 h1g1 f6e4 g1g2 e4d2 f1d1 f3c3 d1d2,-611
r2q1rk1/ppp2pp1/1b1p3p/3P4/3p4/3P1N1P/PPP1QPP1/2KR3R b - -,f8e8 e2d2 d8d7 d2b4 d7f5 b4c4 f5f4 c1b1 e8e2 d1f1,-69
r2r2k1/p4pbp/1p2p1p1/1R2B3/3P2b1/4P3/P2KBPPP/2R5 b - -,g7e5 b5e5 g4e2 d2e2 a8c8 e2d2 a7a6 g2g4 c8c1 d2c1,-30
r1bqkbnr/ppNp1npp/4pp2/8/2P2B2/2N5/PP3PPP/R2QKB1R b KQkq -,d8c7 f4c7 f8b4 d1b3 a7a5 f1e2 h7h5 h2h4 g8e7 e1h1,573
rnbq3r/ppp2k1p/5p2/3p4/1Q6/8/PB3PPP/RN3KNR b - -,h8g8 g1e2 b8c6 b4h4 c8f5 b1d2 d8d6 e2f4 c6e5 h4h5,230
8/2p1kp1q/1p1p1n2/p2PpPQ1/2P5/2P4P/P1B2PP1/6K1 b - -,h7h8 h3h4 h8h5 g5h5 f6h5 g2g4 h5f4 g4g5 f7f6 g1h2,300
r1bq1rk1/3pppbp/p1n2np1/1N6/Q3PB2/5N2/PPP2PPP/1K1R1B1R b - -,d8b6 b5c3 f6e4 a4e4 g7c3 b2b3 c3g7 e4e3 b6a5 f4h6,-104
8/5kp1/p4p2/2B2P1p/4K3/1P6/P1P3PP/8 b - -,f7e8 b3b4 e8f7 a2a4 g7g6 f5g6 f7e6 g6g7 e6f7 g7g8q,1264
8/8/8/8/6k1/r7/5K2/6R1 b - -,,0
rnbqkbnr/ppp3pp/4Pp2/8/2PpP3/8/PP3PPP/RNBQKBNR b KQkq -,c8e6 g1e2 b8c6 e2f4 e6f7 f1e2 c6e5 e1h1 g8e7 b1a3,-56
r1bqkbnr/pppp2pp/2n5/4pp2/2P4P/3P2P1/PP2PP2/RNBQKBNR b KQkq -,d7d5 c4d5 d8d5 g1f3 g8f6 b1c3 d5d7 f1g2 h7h6 d1b3,-15
r2r2k1/4qpb1/1nB1p1pp/2p5/Pn2P3/1PN4P/3BQPP1/2RRN1K1 b - -,b4c6 d2e3 d8d1 e2d1 a8d8 d1e2 c6d4 e3d4 c5d4 c3b5,140
rn1qkb1r/2ppp1pp/p4N2/1p6/8/8/PPPP1PPP/RNBQK2R b KQ -,e7f6 e1h1 d7d5 b1c3 c7c6 f1e1 e8f7 d2d4 f8d6 d1f3,72
3q2k1/p3P1p1/1p2B1np/7Q/8/8/P4PPP/6K1 b - -,e7f6 e1h1 d7d5 b1c3 c7c6 f1e1 e8f7 d2d4 f8d6 d1f3,Mate
r4rk1/1p3pBp/p1b5/2p1pP2/6Qb/2NP4/PqP3PP/4RR1K b - -,c6g2 g4g2 b2c2 g2g4 h7h5 g4h4 c2e2 e1e2 f7f6 g7f6,3235
r1b2rk1/pppnn1pp/3q4/3Ppp2/2P1P3/2N2P2/P2B2PP/R2QKB1R b KQ -,a7a6 f1e2 d7c5 e1h1 e7g6 d2e3 c8d7 e2d3 f5f4 e3f2,51
r3r1k1/pppqnpp1/3p1R1p/4p3/4P2N/1PPPP1NP/1P1Q2P1/R5K1 b - -,g7f6 g3h5 g8h8 h5f6 d7e6 f6e8 a8e8 d2f2 a7a6 a1f1,249
3r2k1/p4p1p/4p1p1/8/2pPB3/4P3/P2K1PPb/2R5 b - -,c4c3 c1c3 h2d6 c3c6 h7h5 f2f4 d6b4 d2d3 d8d7 c6c4,11
2rr2k1/5p1p/p3pp1Q/1pp5/3P2N1/5BP1/5PKP/R2nq3 b - -,e1f2 g4f2 d1f2 g2f2 c5d4 h6f6 d8d7 f6g5 g8f8 a1c1,623
8/8/8/8/5k2/r7/5K2/5R2 b - -,,0
r2r2k1/4qpb1/1nn1p1pp/1Np5/P3P3/1P5P/3BQPP1/2RRN1K1 b - -,c5c4 d2e3 c4b3 c1c6 b6a4 d1b1 e7b7 c6c7 b7c7 b5c7,118
8/P1pk1p2/1p4p1/3Pp1K1/5p2/R5P1/1PP5/7q b - -,c5c4 d2e3 c4b3 c1c6 b6a4 d1b1 e7b7 c6c7 b7c7 b5c7,Mate
r1bqk1nr/p3nBpp/2pp1p2/b3p3/4P3/1QP2N2/P4PPP/RNB1K2R b KQkq -,e8f8 f7e6 c8e6 b3e6 d6d5 f3d2 d8c8 e6c8 a8c8 d2b3,-121
7q/2p1kp2/1p1p1n2/p2PpPQ1/2P3P1/2P4P/P1B2P2/6K1 b - -,h8h3 c2d1 h3c3 g5e3 c3c4 g4g5 f6d5 f5f6 e7d8 e3f3,-200
8/1k6/8/1pP5/p6P/P5K1/8/8 b - -,b5b4 a3b4 a4a3 g3f4 a3a2 h4h5 a2a1q h5h6 a1c1 f4g4,-3589
5QR1/8/r7/4k1Pp/7P/1K6/8/8 b - -,b7c7 h4h5 b5b4 h5h6 b4b3 h6h7 b3b2 h7h8q b2b1q h8e5,Mate
rn2k2r/p2qnppp/4p3/3pP3/1PpQ4/P1B2N2/2P2PPP/R4RK1 b - -,d7a4 d4d2 b8c6 f1b1 a8b8 f3d4 a7a6 h2h3 h7h6 c3b2,57
1k5r/1pp3R1/p2p2p1/5p1p/5P2/P2P2P1/1PP4P/1K6 b - -,b7b6 h2h4 h8e8 g7g6 e8e1 b1a2 e1g1 g6g5 b8c8 a2b3,246
8/8/8/8/5k2/8/r7/5RK1 b - -,,0
r1b1kb1r/2n2p1p/1p6/pP2P1p1/2PP1n2/8/5B1R/R2N1BK1 b kq -,f8g7 d1c3 e8h8 c3a4 a8b8 a1e1 f8e8 f2e3 c8f5 e1d1,-299
rn2kb1r/1b1p2pp/1q2p3/2p1P3/4n3/2NB4/PP1B1PPP/R2QK1NR b KQkq -,e4d2 d1d2 b7g2 d3e4 g2h1 e4h1 a8a7 e1a1 c5c4 d2g5,-258
8/8/8/7p/6p1/6Pk/5K2/8 b - -,e4f2 d1h5 g7g6 d3g6 h7g6 h5g6 e8d8 g6f6 d8c7 f6f2,Mate
2rq3r/5k2/pp1p2p1/2nNp3/4P1Qb/4B3/PPP2P2/2KR3R b - -,d8e8 h1h4 e8e6 g4f3 f7g7 h4g4 h8f8 f3g2 g7f7 c1b1,621
r1bqnrk1/ppp3bp/n2p4/3PpP2/1PP5/P1N1BN1P/5P2/R2QKB1R b KQ -,e5e4 f3d4 c7c5 d5c6 b7c6 c3e4 c6c5 d4c6 d8h4 f1g2,198
r1bqkb1r/pppn1ppp/3p1n2/4p3/2P5/2N3P1/PPQPPPBP/R1B1K1NR b KQkq -,d7b8 g1f3 b8c6 e1h1 g7g6 a1b1 a7a5 a2a3 f8g7 d2d3,96
r1bqrbk1/pppn1ppp/3p1n2/8/2PNPP2/2N5/PPB3PP/R1BQ1RK1 b - -,d7c5 f1e1 a7a6 b2b4 c5e6 d4b3 c7c5 b4c5 e6c5 b3c5,64
r1b2rk1/3pppbp/pqn2np1/8/Q3PB2/2N2N2/PPP2PPP/1K1R1B1R b - -,f6e4 a4e4 g7c3 b2b3 c3g7 f1c4 d7d6 f4e3 b6c7 c4d5,-105
5k2/1R6/6pN/6r1/1P5p/5PbP/6K1/8 b - -,g5h5 h6g4 h5d5 b7b6 g6g5 g2f1 d5d1 f1e2 d1h1 b6b5,2
1k6/1Rb5/p1B5/8/3p4/8/K7/8 b - -,b8c8 b7a7 c7b6 a7d7 d4d3 c6a4 b6c7 a2b3 c7f4 d7f7,291
rn2kb1r/pp1n1pp1/1qp1p1b1/3p2Pp/3PPB1P/3B1N2/PPP1NP2/R2QK2R b KQkq -,d5e4 d3e4 g6e4 e2g3 b6a5 e1f1 e4d5 f1g2 f8e7 a1c1,-399
1k2r3/1pp5/p2p2R1/5p1p/5P2/P2P2P1/1PP4P/1K6 b - -,e8e2 g6g8 b8a7 h2h4 e2g2 g8g5 a7b6 b2b4 b6c6 b1b2,268
r1bq1knr/p3nBpp/2pp1p2/b3p3/4P3/BQP2N2/P4PPP/RN2K2R b KQ -,d6d5 f7g8 h8g8 e1h1 c8e6 b3a4 f8f7 a3e7 f7e7 a4c6,-162
3r2k1/pp4pp/2b4r/2p2p2/2P3n1/PPQ1P3/1R1N3R/5BK1 b - -,h6h2 e3e4 f5e4 d2e4 h2b2 c3b2 c6e4 f1e2 h7h5 e2g4,28
1k1rq2r/pbppn1pp/1pn5/4P3/2B5/2Q1BN2/PPP2PPP/1K1RR3 b - -,h7h6 e3c1 e8g6 c4f1 h8e8 h2h3 g6f7 f1c4 f7f8 a2a3,152
3rr3/1k1b1ppp/1p6/8/2P1n3/2N5/PP3PPP/R3R1K1 b - -,e4c3 b2c3 e8e1 a1e1 d7e6 f2f3 d8c8 g2g4 c8c4 e1e3,-536
8/1k6/8/2P5/pP5P/6K1/8/8 b - -,a4a3 g3f4 a3a2 f4g5 a2a1q h4h5 a1e5 g5g6 e5g3 g6f5,-20000
r2r2k1/4qpb1/1nn1p1pp/1N6/P1P1P3/7P/3BQPP1/2RRN1K1 b - -,b6a4 e1d3 d8d3 e2d3 a4b2 d3c2 b2d1 c1d1 e7h4 c4c5,50
4r1k1/Q4ppp/5n2/1P1p4/8/2P2qPP/P4P1R/4rRK1 b - -,b6a4 e1d3 d8d3 e2d3 a4b2 d3c2 b2d1 c1d1 e7h4 c4c5,Mate
8/2k5/5B2/3K4/2N5/8/8/8 b - -,c7d7 f6e5 d7d8 c4b6 d8e7 e5c3 e7f7 d5e5 f7g6 c3d2,206
8/8/8/7p/6p1/6P1/7k/5K2 b - -,c7d7 f6e5 d7d8 c4b6 d8e7 e5c3 e7f7 d5e5 f7g6 c3d2,Mate
2r5/1bq2pk1/6p1/pB1p3p/P2R4/4P1P1/3Q1PP1/5K2 b - -,c7c2 d2e1 c8c5 e1a1 c2c1 a1c1 c5c1 f1e2 g6g5 d4d2,-17
6k1/pb3p1p/1pq1pPp1/8/2nP1Q2/P2BB3/5PPP/6K1 b - -,c7c1 d2c1 c8c1 f1e2 g6g5 d4d2 g7f6 e2d3 f6e7 d2b2,Mate
1r6/4p1k1/p2p1pp1/2p1b3/2P1P2P/1P3KP1/P2B4/5R2 b - -,g7f7 f1b1 f7e6 b1h1 b8f8 h1b1 e5d4 b1h1 e6f7 h1b1,-2
r2qkb1r/pQpnpp1p/5np1/8/3PP3/2N2P2/PP3P1P/R1B1KB1R b KQkq -,f8g7 c3b5 e8h8 b7c7 a7a6 c7d8 f8d8 b5a3 a8b8 b2b3,238
8/Q7/4pqk1/3p1pp1/7r/2p3RR/2K5/8 b - -,,0
r1b1k2r/ppp2ppp/2n1pn2/3qN3/2QP4/2B5/PP2PPPP/R3KB1R b KQkq -,c8d7 e2e3 c6e5 d4e5 d5c4 f1c4 f6d5 c3d2 e8a8 a1c1,45
1k6/1pp5/p2p2R1/5p1p/5P2/P2P2P1/KPP4P/4r3 b - -,b8c8 g6h6 e1e2 h6h5 e2c2 a2b3 c2g2 h5f5 b7b5 b3c3,298
r1bqkb1r/1p1npp1p/p4np1/3P4/1QB5/2N5/PP1P1PPP/R1B1K1NR b KQkq -,b7b5 c4e2 e7e5 d5d6 c8b7 g1f3 d7b6 d2d3 f8d6 b4h4,-65
r1bq1rk1/1pp1npp1/pb1P3p/2n5/B1Q4B/2P2N2/PP3PPP/RN3RK1 b - -,d8d6 f1d1 c8e6 d1d6 e6c4 d6b6 e7d5 b6b7 c5b7 a4c6,78
r1b1k2r/1p2q1pp/pppQ1pn1/8/4P3/4BN2/PPP2PPP/2KR3R b kq -,e7d6 d1d6 b6b5 f3d2 e8e7 d6d3 h8e8 h1d1 e7f7 f2f4,78
r1b2rk1/5pp1/p1nQ3p/1p2p1q1/4P3/1N3P2/PPPR2PP/2K2B1R b - -,c8b7 f1d3 f8d8 d6c7 a8b8 h1d1 b7a8 c1b1 a6a5 d3f1,101
1r4k1/r3pp1p/3p2p1/1pnPP3/pR3P2/8/PP1RB1PP/6K1 b - -,a4a3 b2a3 a7a3 b4b5 b8a8 e2f3 a3a2 d2a2 a8a2 e5d6,-9
r2qnrk1/ppp3bp/n2p4/3PpbN1/1PP5/P1N1B2P/5P2/R2QKB1R b KQ -,h7h6 g5e4 d8h4 e4g3 f5h7 d1h5 f8f4 e3f4 h4f4 g3e2,143
r2qkb1r/pp3ppp/2n1pn2/2pp4/5Pb1/2PPPN2/PP1NB1PP/R1BQK2R b KQkq -,f8d6 e1h1 d8c7 g2g3 e8h8 e3e4 e6e5 f3e5 g4e2 d1e2,-59
r2r2k1/p4pBp/1p2p1p1/2R5/3P2b1/4P3/P2KBPPP/2R5 b - -,g4e2 c5c7 g8g7 d2e2 d8d5 c7e7 d5a5 c1c7 a5a2 e2f3,85
rnbqk1nr/pppp1ppp/8/4P3/1bB5/1Q6/PB3PPP/RN3KNR b kq -,a7a5 c4f7 e8e7 g1f3 d8f8 f7c4 e7d8 b1c3 a5a4 c3a4,149
8/p4pp1/4b3/1r4Pk/3R1K1P/8/8/8 b - -,a7a5 d4d8 b5b4 f4e3 b4h4 d8a8 a5a4 g5g6 h5g6 e3d2,-693
r1bq1kBr/p3n1pp/2p2p2/b2pp3/4P3/BQP2N2/P4PPP/RN2K2R b KQ -,h8g8 e1h1 c8e6 b3a4 f8f7 a3e7 f7e7 a4c6 a8c8 c6a4,-181
r1bqkb1r/pp1n1ppp/4pn2/2Pp4/1P3B2/2N1P3/P1P2PPP/R2QKBNR b KQkq -,f8e7 a2a3 e8h8 f1d3 e6e5 f4g3 d8c7 g1f3 b7b6 c3b5,89
r1b2rk1/1pp1npp1/pb1q3p/2n5/B1Q4B/2P2N2/PP3PPP/RN1R2K1 b - -,d6e6 c4e6 c8e6 h4e7 c5a4 e7f8 g8f8 b2b3 a4c5 b1d2,260
r2q1rk1/1ppb1pp1/p1n4p/4pN2/4P1Q1/1BP5/PP3PPP/R1bR2K1 b - -,g7g5 d1d7 d8f6 a1c1 f6g6 c1d1 g8h8 d7c7 a8d8 b3d5,580
1k6/2Q5/8/R7/8/4K3/8/8 b - -,g7g5 d1d7 d8f6 a1c1 f6g6 c1d1 g8h8 d7c7 a8d8 b3d5,Mate
r3r1k1/pb1n1ppp/1pp1pn2/2P5/3PN3/qPN3P1/P1Q2PBP/R2R2K1 b - -,a8b8 e4d6 e8f8 d6b7 b8b7 g2c6 b7b8 c6d7 f6d7 c5c6,346
rnbqkbnr/ppp3pp/5p2/4P2Q/2PpP3/8/PP3PPP/RNB1KBNR b KQkq -,e8e7 g1f3 b8c6 f1e2 g7g6 e5f6 g8f6 h5h4 e7f7 e1h1,149
r1b2rk1/3pppbp/pqn3p1/8/4QB2/2N2N2/PPP2PPP/1K1R1B1R b - -,g7c3 b2b3 c3g7 f4e3 b6c7 h2h4 h7h5 f1c4 e7e6 e4f4,-92
r1b1k2r/1p4pp/pppR1pn1/8/4P3/4BN2/PPP2PPP/2K4R b kq -,b6b5 h2h3 a6a5 f3d2 e8e7 d6d3 g6e5 d3a3 c8e6 e3c5,57
8/3KPk2/8/8/5B2/8/8/8 b - -,b6b5 h2h3 a6a5 f3d2 e8e7 d6d3 g6e5 d3a3 c8e6 e3c5,Mate
1k6/1pp5/p2p2R1/5p1p/5P2/PK1P2P1/1PP1r2P/8 b - -,b7b5 h2h4 b8c8 g6h6 e2g2 h6h5 g2g3 h5f5 g3h3 h4h5,290
1r3rk1/4ppbp/p3bnp1/3p4/8/1B2BP2/PPPRN1PP/2K4R b - -,e6d7 c2c3 e7e6 b3c2 a6a5 h1e1 f8c8 e3f4 b8b7 f4e5,-36
5k2/p4p1p/6p1/P2B4/1P1p2P1/5r2/1K5P/8 b - -,f3c3 d5e4 f8e7 b4b5 c3c5 e4d3 e7d6 h2h3 c5c3 d3e4,-504
r2qk1nr/pppn2b1/7p/6p1/4Q3/4PNB1/PPP2PPP/3R1RK1 b kq -,g8e7 g3e5 e8h8 e5g7 g8g7 e4e6 f8f6 e6d7 d8d7 d1d7,469
5k2/1R6/6pN/6r1/1P3b1p/5P1P/8/5K2 b - -,f8e8 h6g4 e8d8 b7b6 g5d5 b6g6 d5d1 f1e2 d1d2 e2e1,12
1k1rq2r/pbppn2p/1pn3pB/4P3/2B5/2Q2N2/PPP2PPP/1K1RR3 b - -,c6a5 c4b5 b7c6 a2a4 a5b7 h6g7 h8g8 g7f6 b7c5 b5c4,284
r1bq1kr1/p3n1pp/2p2p2/b2pp3/4P3/BQP2N2/P4PPP/RN3RK1 b - -,c8e6 b3a4 f8f7 a3e7 f7e7 b1d2 d8c7 a1c1 a8b8 a4c2,-181
r3nr1k/2qbbppp/p2ppP1B/1p6/3RP3/1BN3Q1/PPP3PP/5RK1 b - -,e7f6 f1f6 c7c5 h6g7 e8g7 g3f2 d7c6 c3e2 c5g5 f6f3,21
1r1q1rk1/3bpp1p/p2p1npb/nppP4/2P2P2/1PN3PP/PBQNP1B1/1R3RK1 b - -,b5c4 b3c4 h6g7 e2e4 f6h5 c3e2 d7a4 c2a4 b8b2 b1b2,92
2r4k/6pp/2q5/2p5/2Q5/P7/KR5P/8 b - -,c6f6 b2c2 f6b6 c2b2 b6a7 b2b4 a7e7 b4b6 e7c7 b6b2,-121
r1b1k2r/ppp2ppp/4p3/4P3/8/2P5/P3PPPP/R3KB1R b KQkq -,c8d7 e1a1 e8e7 e2e3 a8d8 h2h4 d7c6 d1d4 h8g8 f2f3,-36
8/p4pp1/4b3/1r4P1/R4K1k/8/8/8 b - -,a7a5 f4f3 h4h5 g5g6 f7f6 f3e3 h5g5 a4a1 e6g4 a1c1,-703
rnb1k1nr/ppppqppp/8/4P3/1bB5/1QN5/PB3PPP/R4KNR b kq -,b8c6 c3d5 c6a5 b3d3 a5c4 d3c4 e7c5 c4c5 b4c5 d5c7,192
r2r2k1/p1R2pBp/1p2p1p1/8/3P4/4P3/P2KbPPP/2R5 b - -,e2a6 g7f6 d8d5 e3e4 d5a5 c1c2 g6g5 h2h4 g5h4 d2e3,166
2rr2k1/5p1p/p3pp1Q/1pp5/3P2N1/4PBP1/6KP/R3q3 b - -,e2a6 g7f6 d8d5 e3e4 d5a5 c1c2 g6g5 h2h4 g5h4 d2e3,Mate
r4rk1/1b1qbppp/2p1p3/p1pp4/P3P1Q1/1P1P4/1BPN1PPP/R4RK1 b - -,d5d4 d2c4 f7f5 g4e2 e7d6 f2f4 d6c7 b2a3 f5e4 e2e4,276
1r3rk1/3bppbp/p4np1/3p4/3B4/1B3P2/PPPRN1PP/2K4R b - -,g7h6 f3f4 f6e4 d2d3 d7g4 h1e1 g4e2 e1e2 h6f4 c1b1,-62
3r2k1/4qpb1/1nn1p1pp/1NP5/r3P3/7P/3BQPP1/2RRN1K1 b - -,b6d7 d2f4 d7e5 e1d3 e5d3 d1d3 d8a8 f4e3 e7b7 b5d6,87
r1b1k2r/ppp2ppp/4p3/3nP3/8/2B5/PP2PPPP/R3KB1R b KQkq -,d5c3 b2c3 c8d7 e1a1 e8e7 e2e3 d7c6 d1d4 a8d8 f2f3,-38
rn2k2r/p2qnppp/4p3/3pP3/1Pp5/P1B2N2/2P1QPPP/R4RK1 b - -,d7a4 c3d4 b8d7 h2h3 h7h6 e2d2 a7a6 g1h2 e7f5 d4c3,86
4r2r/ppqn1k1p/2p2n2/3b4/N2B4/3P1P2/PP4Kb/R2Q1R2 b - -,d7a4 c3d4 b8d7 h2h3 h7h6 e2d2 a7a6 g1h2 e7f5 d4c3,Mate
3kb3/p2r2Q1/1p3p2/2p2P2/8/2R5/P1qB2PP/5K2 b - -,c2f5 c3f3 f5b1 f1f2 d7g7 f3f6 b1c2 f6d6 d8c7 d6d5,-1441
1k1r2qr/pbppn2p/1pn3p1/4P1B1/2B5/2Q2N2/PPP2PPP/1K1RR3 b - -,g8e8 g5f6 h7h6 f6h8 e8h8 h2h4 c6a5 c4d3 b7f3 g2f3,415
r2k4/ppp1RB2/3p1p1p/8/8/N1P5/PPb2PPP/4R1K1 b - -,c2a4 e7e8 a4e8 e1e8 d8d7 e8a8 d7e7 f7h5 a7a6 g1f1,933
r1b2rk1/1pq1bppp/p1n1p3/2p1P3/P1BP2n1/2N2N2/1P2QPPP/R1BR2K1 b - -,f8d8 d4d5 c6e5 f3e5 g4e5 c1f4 e7d6 d5e6 e5c4 c3d5,100
1k5r/1pp1R3/p2p2p1/5p1p/5P1P/P2P2P1/1PP5/1K6 b - -,b7b5 e7g7 h8e8 g7g6 e8e1 b1a2 e1g1 g6g5 b8c8 g5f5,256
2Q2k2/p5p1/6P1/4P3/3P4/8/2pq2PP/5K2 b - -,,0
5r1k/r3qpp1/2b1p1Np/4P3/2pPp3/1pP1P1P1/1P3Q1P/1R3RK1 b - -,h8h7 g6e7 a7e7 b1a1 c6d5 g3g4 f7f5 e5f6 g7f6 f2h4,490
2kr1qr1/1pp2p1p/p1Bpbp2/2b5/4P3/2NQ1N2/PP3PPP/R3R1K1 b - -,b7c6 d3a6 c8b8 a6c6 f8e8 c6e8 g8e8 b2b4 c5a7 c3d5,128
rnb1k1nr/ppppqppp/8/4P3/2B5/2Q5/PB3PPP/R4KNR b kq -,e7g5 h2h4 g5h5 e5e6 f7f6 c3g3 h5g6 g3c7 b8c6 e6d7,191
8/6K1/4B2p/2k2p1P/p4P2/2n3P1/8/8 b - -,c3d1 g7h6 c5d6 e6a2 d1c3 h6g6 c3a2 h5h6 a2c3 h6h7,716
1r1q1rk1/3bppbp/p2p1np1/nppP4/2P2P2/1P4PP/PBQNP1B1/1R1N1RK1 b - -,b5c4 b3c4 b8b4 b2c3 d7a4 c2d3 b4b1 d3b1 a4d1 f1d1,96
8/1pQ2pk1/5n1p/p3p1p1/1Pb5/P1P1BPPK/2B4P/8 b - -,f8e8 g1h2 b5c4 b3c4 b8b4 e2e4 d7a4 c2c1 e7e6 d1e3,Mate
r2r4/p1R2pkp/1p2p1p1/8/3P4/4P3/P3KPPP/2R5 b - -,g6g5 a2a4 g5g4 h2h3 h7h5 c1c6 g7f8 e2d3 f8e8 c7b7,105
r2q1rk1/pp1nppbp/2ppb1p1/8/3PPB2/1P2P1P1/P1P1N1BP/R2QK2R b KQ -,g6g5 d1d2 g5f4 g3f4 e6g4 e2g3 e7e5 h2h3 e5f4 h3g4,-287
5k2/p4p1p/6p1/PP1B4/3p2P1/2r5/1K5P/8 b - -,c3c5 d5c6 d4d3 a5a6 d3d2 c6f3 c5b5 b2c2 b5b6 c2d2,-613
r1r3k1/1q2bppp/2p1p1n1/3pP3/1P1B4/P2Q1NP1/5P1P/R1R3K1 b - -,g6f8 c1c3 h7h6 d3c2 f8d7 a1b1 e7d8 b1c1 d8b6 c2e2,29
1r3rk1/3b1pbp/p3pnp1/3p4/3B2P1/1B3P2/PPPRN2P/2K4R b - -,f8c8 c2c3 f6e8 d4g7 g8g7 h1e1 a6a5 d2d4 e8d6 h2h4,-45
r2q3k/pp4p1/2p3P1/8/2B2rP1/8/PPK1Qb2/7R b - -,d8h4 h1h4 f2h4 c2b1 h4g5 c4f7 g5h6 a2a3 b7b5 e2g2,352
r3k1nr/pQpnq1b1/7p/6p1/8/4PNB1/PPP2PPP/3R1RK1 b kq -,a8d8 g3c7 g5g4 c7d8 e7d8 b7e4 d8e7 e4g6 e8f8 g6g4,540
r2qk1nr/1pp2ppp/p1np4/3P4/QbB1P1b1/5N2/PP3PPP/RNB2K1R b kq -,g4f3 d5c6 b7b5 a4b4 f3e4 c4f7 e8f7 b4e4 g8f6 e4c2,423
r3nr1k/3b1pBp/p2ppR2/1pq5/3RP3/1BN3Q1/PPP3PP/6K1 b - -,e8g7 g3f2 d7c6 c3e2 c5g5 f6f3 a8d8 f3f7 f8f7 f2f7,12
3R4/1p2k3/p1p1pn1p/8/5b2/P1P2PB1/1P4PK/8 b - -,f4g3 h2g3 e7d8 g3f4 d8e7 f4e5 f6d7 e5f4 e7d6 f4g3,-521
r1bn1rk1/5pp1/p2Q3p/1p2p1q1/4P2P/1N3P2/PPPR2P1/2K2B1R b - -,g5g3 b3c5 d8b7 c5b7 c8b7 d6b6 a8b8 b6f2 g3f2 d2f2,113
r1b1kbnr/1p1p1ppp/pqn5/1N1Np3/4P3/8/PPPB1PPP/R2QKB1R b KQkq -,a8b8 b5c7 b6c7 d5c7 e8d8 c7d5 b7b5 d2g5 c6e7 c2c3,666
3r1k2/pR3B1p/3P2pB/2p2b2/8/2b5/P5PP/5K2 b - -,c3g7 f7g6 g7h6 g6f5 d8d6 b7a7 d6d2 f5h7 h6e3 h7e4,55
5Q1k/r3q1p1/2b1p1pp/4P3/2pPp3/1pP1P1P1/1P5P/1R3RK1 b - -,h8h7 f8e7 a7e7 b1a1 g6g5 a1a6 c6d5 g3g4 e7d7 a6a3,258
1r1q1rk1/3bppbp/p2p1np1/n1pP4/2P2P2/6PP/PBQNP1B1/1R1N1RK1 b - -,f8e8 g3g4 b8b4 b2c3 d7a4 c2d3 b4b1 d3b1 a4d1 b1d1,114
5k2/p4p1p/2B3p1/PPr5/3p2P1/8/1K5P/8 b - -,d4d3 a5a6 d3d2 c6f3 c5b5 b2c2 b5b6 f3e2 b6d6 h2h4,-625
8/8/1p1p4/p1pP4/P5q1/1P6/4k2K/8 b - -,d4d3 a5a6 d3d2 c6f3 c5b5 b2c2 b5b6 f3e2 b6d6 h2h4,Mate
6k1/q1p3r1/P2p1p2/3P4/1P3QNP/2P4K/5b2/R7 b - -,g7g4 f4g4 g8f7 g4f3 c7c6 a1f1 a7d7 h3h2 f2h4 f3h5,675
rnbq1rk1/p3bppp/1p1p1n2/2pP4/4P3/2NB1N1P/PP3PP1/R1BQK2R b KQ -,a7a6 a2a4 b8d7 e1h1 f6e8 c1e3 e7f6 a1b1 e8c7 d1c2,110
4r1k1/3Q1ppp/3p4/3P4/8/3B1P2/1q4PP/3K3R b - -,e8a8 d3a6 b2a1 d1d2 a1h1 d7d6 h1g2 d2c3 g2f3 c3b4,-692
4r2r/pp1n1k1p/2p2n2/3b4/N2B4/3P1Pq1/PP5b/R2Q1R1K b - -,b2a1 d1d2 a1a2 d2c3 a2a3 c3c2 a3a2,Mate
2rr2k1/5p1p/p3pp1Q/1pp5/3P2N1/4PBPK/3q3P/R7 b - -,b2a1 d1d2 a1a2 d2c3 a2a3 c3c2 a3a2,Mate
rnb1k2r/pp2pppp/2p5/5q2/3Pn3/3B1Q2/PPPB1PPP/R3K1NR b KQkq -,e4d2 f3f5 c8f5 d3f5 d2c4 e1a1 c4d6 f5d3 b8d7 g1f3,25
2r3Qk/6pp/8/2p5/8/P7/KR5P/8 b - -,,0
r4r1k/3b1pnp/p2ppR2/1pq5/3RP3/1BN5/PPP2QPP/6K1 b - -,d7c6 d4d3 b5b4 c3a4 c5f2 f6f2 g7e8 d3f3 h8g7 f3e3,13
r1b1k2r/ppp2ppp/2n1pn2/3q4/Q1NP4/2B5/PP2PPPP/R3KB1R b KQkq -,b7b5 a4d1 b5c4 f2f3 d5g5 e2e4 c8a6 d1e2 e8h8 e2f2,-322
8/6K1/7p/2k2p1P/5P2/pBn3P1/8/8 b - -,c3d1 g7h6 c5b4 b3f7 d1b2 f7a2 b2d3 h6g6 d3c1 h5h6,697
8/r3Q1pk/2b1p1pp/4P3/2pPp3/1pP1P1P1/1P5P/1R3RK1 b - -,a7e7 b1a1 g6g5 g3g4 c6d5 g1g2 h7g6 f1f8 e7c7 g2g1,232
4r2r/pp1n1k1p/2p2n2/3b4/N2B4/3P1P1q/PP3R1b/R2Q3K b - -,a7e7 b1a1 g6g5 g3g4 c6d5 g1g2 h7g6 f1f8 e7c7 g2g1,Mate
5k2/p4p1p/P1B3p1/1Pr5/6P1/3p4/1K5P/8 b - -,d3d2 c6f3 c5b5 b2c2 b5b6 c2d2 b6a6 h2h4 a6d6 d2c3,-635
rnb1k1nr/p1ppqppp/8/1B2P3/8/2Q5/PB3PPP/R4KNR b kq -,a7a5 e5e6 g8f6 b2a3 e7e6 a1e1 f6e4 c3b2 f7f5 f2f3,147
r1r3k1/4bq2/2b1p3/3pPp2/2nP1Pp1/p1N3P1/P1Q2B2/1RR2BK1 b - -,f7h5 f1c4 d5c4 d4d5 g8f7 d5c6 c8h8 g1f1 h5h3 f1e2,-115
r1b1k1nr/pp1p1ppp/1qn5/1Nb1p3/4P3/1P3Q2/P1PB1PPP/RN2KB1R b KQkq -,g8f6 f1d3 d7d5 e4d5 e5e4 f3g3 e8h8 d3c4 c6e7 b3b4,-34
rnbqkb1r/pp3ppp/4p2n/2p5/2B2P2/2NP1N2/PPP3PP/R1BQK2R b KQkq -,f8e7 e1h1 e8h8 f3e5 c8d7 c3e4 b8c6 c2c3 d7e8 a2a4,-10
r3r1k1/pb3ppp/2p1pn2/2n5/4N3/qP4P1/P1Q2PBP/RN1R2K1 b - -,a3a6 e4c5 a6b6 c5b7 b6b7 g2c6 a8c8 c2h7 f6h7 c6b7,579
4r2r/pp1n1k1p/2p2n2/3b4/N2B4/3P1P1q/PP3R2/R2Q2K1 b - -,a3a6 e4c5 a6b6 c5b7 b6b7 g2c6 a8c8 c2h7 f6h7 c6b7,Mate
2kr3r/1q1P2Qp/R3pp2/3b4/8/8/1PPB2PP/2K4R b - -,c8b8 d2f4 b7c7 a6b6 d5b7 g7f6 h7h5 h1d1 e6e5 f4e5,1660
8/2kpp2R/2p5/8/P7/4q3/1PP5/1KR5 b - -,e3e4 h7g7 c6c5 c1g1 d7d6 b2b3 d6d5 g7g4 e4e2 g1g3,35
rqb2rk1/1p1n2pp/p2b1p2/3NpP2/4P3/1N6/PPQB2PP/2R2R1K b - -,f8e8 d2e3 a6a5 f1d1 g8h8 e3b6 e8g8 h2h3 h7h6 b3d2,238
r2q1rk1/p2nbppp/1p1p1n2/2pP4/P3P3/2NQ1N1P/1P3PP1/R1B2RK1 b - -,f8e8 c1f4 e7f8 f3d2 a7a6 f4h2 d7e5 d3e2 e5g6 f2f4,122
5k2/p4p1p/P5p1/1Pr5/6P1/5B2/1K1p3P/8 b - -,c5b5 b2c2 b5b6 c2d2 b6a6 h2h4 a6d6 d2c2 d6b6 f3d1,-644
8/8/3nkpN1/1p4p1/8/2P5/P4P1P/1RK5 b - -,d6e4 b1b5 e4c3 b5a5 c3e4 f2f3 e4f2 c1d2 e6f7 g6h8,571
rn2kb1r/1b1p2pp/1q2p3/2p1P3/4N3/8/PP1B1PPP/R2QKBNR b KQkq -,c5c4 e4d6 f8d6 e5d6 e8h8 d2e3 b6b2 a1b1 b2c3 d1d2,346
r1b1k1nr/1p1p1ppp/pqn5/2b1p3/4P3/NP3Q2/P1PB1PPP/RN2KB1R b KQkq -,d7d5 e4d5 c6d4 f3g3 d4f5 g3f3 g8f6 a3c4 b6d8 f1d3,-73
6k1/pb3p1p/1pq1pPp1/8/2nP4/P2BB1Q1/5PPP/6K1 b - -,e6e5 e3h6 c4a3 d4e5 a3c4 e5e6 c4d6 h2h4 d6e8 e6f7,139
r3kb1r/2n2p1p/1p6/pP2P1p1/2PP1nb1/2N5/5B1R/R4BK1 b kq -,f8g7 c3e4 h7h5 d4d5 g7e5 a1e1 e8h8 f2b6 c7b5 c4b5,-273
rnb1k1nr/p1pp1ppp/4q3/1B2P3/8/2Q5/PB2NPPP/R4K1R b kq -,e6b6 a2a4 g8e7 b2a3 b8c6 a1b1 b6a5 f2f4 a5c3 e2c3,78
3kb3/p2r4/1p3Q2/2p2P2/8/3R4/P1qB2PP/5K2 b - -,d8c7 f6e5 c7b7 e5e4 d7d5 e4d5 e8c6 d5f7 b7a6 d3a3,682
4Q3/8/2k5/8/1q6/6PP/P4P1K/8 b - -,c6d5 e8g8 d5e5 g8g5 e5d6 g5f4 b4f4 g3f4 d6e6 a2a4,892
3r2k1/3nqpb1/2n1p1pp/1NP5/r3P3/4B2P/4QPP1/2RRN1K1 b - -,a4e4 d1d6 d8c8 b5c3 g7c3 e2a6 e7e8 d6c6 c8a8 a6d3,71
3k4/1p6/p1p1pn1p/8/5B2/P1P2P2/1P4PK/8 b - -,f6g8 h2g3 d8e7 f4e5 g8f6 g3h4 f6d7 e5f4 d7c5 f4d2,159
r1b1k2r/ppq1bppp/2pp1nn1/4p3/2PPP3/P1N2N1P/1P2BPP1/R1BQR1K1 b kq -,a7a5 c1e3 h7h6 d1c2 e8h8 e2f1 f6h7 d4e5 d6e5 c3a4,82
6Q1/8/4p3/3p1pk1/3q3r/2p4R/2K5/8 b - -,,0
r1r3k1/1q2bppp/2p1p1n1/3pP3/1P1B4/P3QN2/5PPP/R1R3K1 b - -,,0
r1b1k2r/ppp2ppp/2n1pn2/3qN3/Q1pP4/2B1P3/PP3PPP/R3KB1R b KQkq -,a7a6 a4c4 c6e5 d4e5 d5c4 f1c4 f6d5 c3d2 c8d7 f2f3,49
r1b2rk1/1pq1bppp/p3p3/4P3/P1Bp2Q1/2N5/1P3PPP/R1BR2K1 b - -,b7b5 a4b5 d4c3 b5a6 c3c2 d1d2 c8b7 g4e2 f8d8 d2d8,204
6k1/5pp1/8/1p2P3/2p4p/2P2Q2/1q1NK3/5R2 b - -,b7b5 a4b5 d4c3 b5a6 c3c2 d1d2 c8b7 g4e2 f8d8 d2d8,Mate
8/p4k2/3r1P2/8/pP6/2rpR3/P2R2PK/8 b - -,,0
8/8/8/4B3/pb6/1k6/8/1K6 b - -,,0
5k2/p4p1p/P5p1/1r6/6P1/5B2/2Kp3P/8 b - -,b5b6 c2d2 b6a6 d2e3 a6d6 f3e4 a7a5 e4c2 d6c6 e3d3,-647
8/pr3pp1/4b3/4K1P1/R6k/8/8/8 b - -,h4g5 e5d6 e6g4 a4a5 f7f5 d6e5 g5h4 a5a6 b7f7 a6a2,-701
r1b1k1nr/1p1p1ppp/pq6/2b1p3/3nP3/NP4Q1/P1PB1PPP/RN2KB1R b KQkq -,g8f6 f1d3 e8h8 c2c3 b6c6 e1h1 d4e6 g3e5 f8d8 a3c4,-52
r1bq1r1k/pp3pp1/4p3/4n3/1bPp4/3B4/PPQ1NPPP/R1B2RK1 b - -,f8e8 e2f4 a7a5 d3e4 f7f5 c2e2 f5e4 e2h5 h8g8 h5e5,-50
r7/6pp/4k3/8/1Kp5/P7/3R3P/8 b - -,h7h5 d2d4 g7g5 a3a4 e6f5 a4a5 g5g4 d4c4 h5h4 h2h3,-6
4r1k1/Q4ppp/5n2/1P1p4/8/2P2qPP/P4P1R/5K2 b - -,h7h5 d2d4 g7g5 a3a4 e6f5 a4a5 g5g4 d4c4 h5h4 h2h3,Mate
3rR3/1k1b1ppp/1p6/8/2P5/2n5/PP3PPP/R5K1 b - -,d8e8 b2c3 e8c8 f2f3 d7e6 a2a4 b7a6 g2g4 c8c4 h2h4,-560
2kr1qr1/2p2p1p/Q1ppbp2/2b5/4P3/2N2N2/PP3PPP/R3R1K1 b - -,c8d7 c3a4 f8g7 g2g3 g7g4 a4c5 d6c5 e1e3 g4h5 a6a7,230
2rr2k1/5p1p/p3pN1Q/1pp5/3P4/3qPBPK/7P/R7 b - -,c8d7 c3a4 f8g7 g2g3 g7g4 a4c5 d6c5 e1e3 g4h5 a6a7,Mate
rnb1k1nr/p1ppqppp/8/1p2P3/2B5/B1Q5/P4PPP/R4KNR b kq -,e7d8 c3g3 g7g6 c4f7 e8f7 g3f3 f7g7 f3a8 b8c6 a3b2,203
r4rk1/1pp1npp1/pb1qb2p/2n5/B6B/2P2N2/PP2QPPP/RN1R2K1 b - -,d6f4 h4e7 f4a4 d1d4 a4b5 c3c4 b5a5 e7f8 a8f8 b1d2,145
r1b2rk1/3pppbp/pqn2np1/8/Q3P3/2N1BN2/PPP2PPP/2KR1B1R b - -,b6b8 h2h3 c8b7 f3d2 c6a7 a4b3 a7b5 f1b5 a6b5 b3b5,67
r2r3k/1ppb2p1/2np1q1p/1B1P1p2/p7/P1Q1PN2/1P3PPP/2R2RK1 b - -,c6e5 b5e2 d8c8 f3e5 f6e5 c3e5 d6e5 f1d1 h8g8 f2f4,38
r4rk1/pp2bpp1/2n1bn1p/2p5/3p1B2/3P1NP1/PPPN1PBP/R3R1K1 b - -,g7g5 f4e5 f6d7 g3g4 h6h5 h2h3 h5g4 h3g4 c6b4 e1c1,-159
r2q1rk1/p3bppp/5n2/p1pPp3/4P3/2NQB2P/1P3PP1/R4RK1 b - -,a8c8 c3b5 c5c4 d3e2 f6e4 b5a7 c8a8 a7c6 d8d7 e2c4,122
rr4k1/2qnbppp/p2pbn2/1p2p3/4P1PP/PNN1BP2/1PPQ4/1K1R1B1R b - -,d7c5 c3d5 e6d5 e4d5 c5a4 h4h5 b8c8 h1h2 h7h6 g4g5,82
r2qkb1r/pp1B1ppp/5n2/n1pPp1N1/8/3P4/PPP2PPP/RNBQK2R b KQkq -,e8e7 d7f5 f6d5 e1h1 g7g6 f5e4 d5f4 f1e1 f8g7 e4b7,576
8/2kpp1R1/2p5/8/P3q3/8/1PP5/1KR5 b - -,c6c5 a4a5 c7c6 c1d1 d7d6 g7g3 c6b5 g3g1 b5a5 d1e1,30
r4rk1/pb4pp/2nqpn2/3p1p2/2pN4/2P1PN2/PP3PPP/1BRQ1RK1 b - -,c6d8 d1a4 g7g6 b2b3 a8c8 d4b5 d6b6 b5a3 c8c5 a4b4,-52
r7/7p/4k3/6p1/1Kp5/P7/2R4P/8 b - -,e6d5 c2d2 d5e4 d2c2 h7h5 a3a4 g5g4 c2c4 e4e3 a4a5,-1
r3r1k1/pp1q1pbp/1npp1np1/4p3/1PP1P1P1/P1NP1P1b/1BQN3P/R3R1KB b - -,h7h5 c3d1 a8d8 c4c5 b6c8 d2c4 h5g4 d1f2 f6h5 c5d6,-178
8/5Q2/8/3k4/1q6/6PP/P4P1K/8 b - -,d5d4 f7f4 d4c3 f4b4 c3b4 h3h4 b4c4 h4h5 c4d5 h5h6,1674
5n1Q/pb3k2/1p3np1/4Br2/PP2qP2/2P5/5RPP/5RK1 b - -,f8d7 e5d4 e4e7 h8h3 a7a5 h3d3 a5b4 d3c4 b7d5 c4b4,95
2r2rk1/p3bp2/2n2Bp1/qp1pP2p/N2P4/1P1Q4/P5PP/2R2RK1 b - -,e7f6 f1f6 c6e5 d3b1 a5d2 c1d1 d2e3 g1h1 e5g4 f6f3,-345
8/5BK1/7p/5p1P/1k3P2/p1n3P1/8/8 b - -,c3b1 g7h6 b1d2 f7a2 d2b3 h6g6 b3c1 h5h6 c1a2 h6h7,710
r4rk1/p1qn1p1p/1p2p1p1/3bp1P1/3P4/2PBR2Q/P2B2PP/5RK1 b - -,c7b7 h3h4 d5g2 f1f2 e5e4 d3e2 g2f3 e2f3 e4f3 e3f3,89
r1b1k1nr/1p1p1ppp/pq2n3/2b1p3/2N1P3/1P4Q1/P1PB1PPP/RN2KB1R b KQkq -,b6c7 b1c3 b7b5 c3d5 c7b8 b3b4 c5a7 c4e5 c8b7 e1a1,159
r4rk1/1b1qbppp/2p1p3/p1p5/P2pPPQ1/1P1P4/1BPN2PP/R4RK1 b - -,b7a6 f4f5 e6f5 e4f5 f7f6 b2a3 a8e8 a1e1 e7d6 e1e6,219
r7/8/4k3/6pp/1KR5/P7/7P/8 b - -,,0
rnb1k1nr/p1ppqppp/8/4P3/1BB5/2Q5/P4PPP/R4KNR b kq -,e7g5 c3f3 e8d8 f3a8 g5e5 a1e1 e5d4 a8b8 d4c4 g1e2,430
4r1k1/Q4ppp/5n2/1P1p4/8/2P3PP/P4PKR/3q4 b - -,d1d3 a7a4 h7h5 b5b6 e8b8 b6b7 d3c3 a4a8 c3c7 h2h1,-427
rr4k1/2qnbppp/p2pbn2/4p3/1P2P1PP/1NN1BP2/1PPQ4/1K1R1B1R b - -,e7f8 h4h5 a6a5 c3b5 b8b5 f1b5 a5b4 h5h6 g7g6 g4g5,150
r3k2r/1ppqbppp/p1n5/4Pb2/3PpN2/2P1B3/PP1QB1PP/R3K2R b KQkq -,e7h4 g2g3 h4e7 a2a4 a8d8 d2c2 e7g5 f4g2 h7h6 e1h1,154
8/2kpR3/2p5/8/q7/8/1PP5/1KR5 b - -,a4d4 e7f7 d4d2 c1g1 d2e2 g1h1 e2e6 f7f1 e6e2 f1e1,30
4R3/2k2K2/3r1P2/8/4N3/8/1p6/3n4 b - -,d6d7 f7g8 b2b1q f6f7 b1b6 e8f8 b6g6 g8h8 g6e4 h8g8,-840
r3kb1r/pp1q1ppp/5n2/n1pPp1N1/2P5/3P4/PP3PPP/RNBQK2R b KQkq -,f8e7 e1h1 e8h8 g5f3 e7d6 b2b3 a8e8 f1e1 e5e4 d3e4,226
4b3/p1kR4/1p3Q2/2p2P2/8/8/P1qB2PP/5K2 b - -,,0
8/7p/p1p1kp2/b1p2p2/2P2B2/5PKP/PP3P2/8 b - -,a5b4 f4e3 a6a5 a2a3 b4e1 b2b3 e6e5 e3c5 e1d2 g3g2,146
5k2/5R2/6pN/8/1P3b1p/5PrP/8/5K2 b - -,f8e8 f7f4 g3h3 h6g4 h3h1 f1g2 h1b1 g2h3 b1h1 g4h2,506
r1bq1r1k/pp3pp1/8/4p3/1bPp1P2/3Q4/PP2N1PP/R1B2RK1 b - -,c8g4 f4e5 g4e2 d3e2 d4d3 e2h5 h8g8 c1e3 d3d2 h5e2,32
r1b1k1nr/1pqp1ppp/p3n3/3Np3/2NbP3/1P4Q1/P1PB1PPP/R3KB1R b KQkq -,c7c5 c2c3 g8f6 c3d4 c5d4 d5f6 g7f6 a1c1 e8e7 g3d3,560
rnb1k1nr/p1pp1ppp/8/3BP3/1B5q/2Q5/P4PPP/R4KNR b kq -,b8a6 b4a3 a8b8 g1f3 h4h5 h2h4 g8e7 a3e7 e8e7 h1h3,196
k7/8/1P4p1/K5pb/6p1/6N1/8/8 b - -,a8b8 a5a6 b8a8 b6b7 a8b8 g3e2 g4g3 e2d4 g3g2 d4c6,457
r5k1/2qnbppp/p2pbn2/3Np3/1r2P1PP/1N2BP2/1PPQ4/1K1R1B1R b - -,c7d8 d5e7 d8e7 d2b4 f6e8 b3a5 d7c5 f1c4 e6c4 a5c4,551
r1b1k2r/2p2pp1/ppn1q2p/3pP3/Pb1P4/1PN2N2/3BQPPP/2R2RK1 b - -,c8d7 e2e3 b4a3 c1b1 g7g5 f3e1 a3f8 e1c2 c6e7 b1c1,109
1r1q1rk1/p3bppp/5n2/p1pPp3/4P3/2NQB2P/RP3PP1/5RK1 b - -,d8c8 d3c2 b8b4 a2a5 c8b8 a5a2 f8c8 f1a1 a7a5 f2f3,104
8/8/4p1p1/5p2/8/2k5/7r/K7 b - -,h7h6 f1a1 d8b6 c3b1 c5c4 d3c4 b6b4 b1d2 b4c4 d2c4,Mate
1r4k1/p6p/2B1p1p1/b4p2/3P4/2p1P3/P1K2PPP/1R6 b - -,b8b2 b1b2 c3b2 c2b2 a5e1 f2f3 e1f2 d4d5 e6d5 c6d5,8
r3r1k1/pp1q1pb1/1npp1np1/2P1p2p/1P2P1P1/P1NP1P1b/1BQN3P/R3R1KB b - -,d6c5 c3d1 c5b4 a3b4 h5g4 d1f2 f6h5 f3g4 h3g4 h1f3,-268
5k2/6r1/1p1p4/p1pP1p2/P1B1pn1q/1PP1R2P/5P1K/4Q3 b - -,f4g2 e1g1 g2e3 f2e3 g7g1 h2g1 h4g3 g1f1 g3f3 f1e1,-1082
q2r2rk/1bb1Rpp1/pp3n1p/2P5/1P6/P6P/1Q1NNPn1/BR3BK1 b - -,g2h4 e2d4 c7f4 b1d1 f4d2 d1d2 d8d4 d2d4 h4f3 g1h1,-325
6k1/5Qp1/8/4P3/1pp4p/2P5/1q1NK3/5R2 b - -,c7f4 d2c4 g2h4 e2f4 h4f3 g1h1 a8b8 b2c1 d8d1 c1d1,Mate
8/p1k1p2p/6p1/8/2P1rP2/6P1/1P1K1P1P/7R b - -,a7a5 h1e1 e4e1 d2e1 c7b7 e1d2 b7b6 d2e2 b6c5 e2d3,451
rqb1k1nr/1p1p1ppp/p3n3/3Np3/2NbP3/1PP3Q1/P2B1PPP/R3KB1R b KQkq -,g8f6 d5f6 g7f6 c3d4 b7b5 c4e3 c8b7 d4d5 e6d4 g3g7,550
1k1rq2r/pbppn2p/1pn1P1p1/6B1/2B5/2Q2N2/PPP2PPP/1K1RR3 b - -,d7e6 c4e6 d8d1 e1d1 a7a5 g5e7 c6e7 d1d7 e7d5 d7d5,370
3rk3/1p3p2/p1b3r1/5pN1/5P2/2P1B2P/PP3K2/R5R1 b - -,a6a5 a1e1 e8f8 g5f3 c6f3 f2f3 a5a4 e3c5 f8g8 c5d4,574
6k1/7q/P1Pp1p2/8/1P4rP/2P5/5Q2/3R1K2 b - -,g4h4 f2g2 g8h8 f1g1 h4h5 c6c7 h7c7 g2f3 c7b6 d1d4,268
r1b2rk1/5pp1/p1nR3p/1p2p3/4P3/1N3P2/PPP3PP/2K2B1R b - -,c6d8 b3a5 h6h5 h2h4 d8e6 a5c6 f7f6 b2b3 f8f7 c1b2,229
8/4k2N/5p2/1R4p1/8/2n5/P4P1P/2K5 b - -,c3b5 a2a4 b5d4 c1d2 e7f7 d2d3 d4c6 d3e4 f7g7 h7g5,50
r1bq1r1k/pp4p1/5p2/4p3/1bPp1P2/P2Q4/1P2N1PP/R1B2RK1 b - -,b4e7 c1d2 h8g8 e2g3 c8e6 a1e1 d8d7 b2b3 b7b5 c4b5,37
8/p1kb4/1p3Q2/2p2P2/5B2/8/P1q3PP/5K2 b - -,c7b7 f6f7 c2f5 f7f5 d7f5 f1e1 b6b5 e1d2 a7a5 a2a3,-7
r1b1k1nr/1pqp1ppp/p3n3/2b1p3/2N1P3/1PN3Q1/P1PB1PPP/R3KB1R b KQkq -,h7h5 c3d5 c7b8 g3e5 b8e5 c4e5 b7b5 e5d3 c5a7 d3f4,210
8/1k5P/8/1p6/p7/Pp4K1/8/8 b - -,b3b2 h7h8q b2b1q h8g7 b7c6 g7f6 c6d5 f6f7 d5d4 f7d7,Mate
r2r3k/1ppb2p1/2np3p/1B1P1p2/p7/P1R1PN2/1P3PPP/5RK1 b - -,c6e5 f3d4 d7b5 d4b5 c7c5 d5c6 b7c6 b5d4 d6d5 d4c6,54
r1b1k1nr/p1p2ppp/2Q5/4P3/1B5q/8/P4PPP/R4KNR b kq -,c8d7 c6a8 h4d8 a8d8 e8d8 g1f3 g8e7 f1g1 d7c6 a1d1,Mate
r5k1/2qnbppp/p2pb3/3Pp3/1r4PP/1N2BP2/1PPQ4/1K1R1B1R b - -,b4a4 d5e6 f7e6 g4g5 d7f8 f3f4 d6d5 f4e5 a6a5 e3d4,259
2r2rk1/p3bp2/2n2Bp1/qp1pPR1p/N2P4/1P1Q4/P5PP/3R2K1 b - -,,0
4r3/1k1b1ppp/1p6/8/2P5/2P5/P4PPP/R5K1 b - -,e8c8 a1c1 d7e6 f2f3 c8c4 g2g4 c4a4 g1f2 a4a2 f2g3,-571
r2qnrk1/pp4bp/n1pp4/3PpbN1/1PP5/P1N1B2P/5PB1/R2QK2R b KQ -,c6c5 g5e6 d8h4 e6f8 c5b4 d1f3 f5d3 c3e4 g7f8 e4g5,170
2kr3r/1qQ4p/R2Ppp2/3b4/8/8/1PPB2PP/2K4R b - -,b7c7 d6c7 c8c7 d2a5 c7b7 a6b6 b7a7 h1d1 d8c8 b6d6,213
r5k1/3nqpb1/2nNp1pp/2P5/r3P3/4B2P/4QPP1/2RRN1K1 b - -,c6d4 e3d4 g7d4 e4e5 a4a2 c1c2 a2c2 e2c2 d4e5 c2e4,21
8/5BK1/8/5p1P/1k3P2/p5P1/8/2n5 b - -,b4c5 h5h6 a3a2 f7a2 c1a2 g7g6 c5b5 h6h7 a2b4 h7h8q,863
r3r1k1/pp1q1pb1/1np2np1/2P1p2p/4P1P1/P1NP1P1b/1BQN3P/R3R1KB b - -,b4c5 h5h6 a3a2 f7a2 c1a2 g7g6 c5b5 h6h7 a2b4 h7h8q,Mate
r1bqkbnr/p5pp/2p2p2/2ppp3/7N/1P2P3/PBPP1PPP/RN1QK2R b KQkq -,g8h6 d2d3 f8e7 d1h5 h6f7 b1c3 d5d4 c3a4 d8a5 e1d1,-64
7Q/1k6/8/1p6/p7/P5K1/1p6/8 b - -,b2b1q h8g7 b7c6 g7f6 c6d5 f6f7 d5d4 f7d7 d4c3 d7c6,Mate
r1r3k1/4bppp/2p1p1n1/1Q1pP3/1P1B4/P4N2/5PPP/1RR3K1 b - -,c6b5 c1c8 a8c8 d4b2 g8f8 b1c1 c8c4 f3d4 g6e5 d4b5,-15
8/1pQ2pk1/4bn1p/p3p1p1/1P6/P1P1BPP1/2B3KP/8 b - -,f6d7 b4a5 h6h5 g2f2 f7f5 c2a4 f5f4 a4d7 e6d7 c7d7,Mate
8/p1k1p2p/6p1/8/2r2P2/6P1/1P1K1P1P/2R5 b - -,c7d6 c1c4 d6e6 d2d3 e6f5 d3d4 f5e6 c4a4 h7h5 a4c4,729
6k1/p6p/2B1p1p1/5p2/3P4/4PP2/PK4PP/4b3 b - -,e1f2 d4d5 e6d5 c6d5 g8g7 e3e4 g7f6 b2c3 h7h5 d5c6,11
rnbqr1k1/ppp2pp1/3bp2p/8/2PPQ3/P4NP1/1P3PBP/R1BR2K1 b - -,a7a5 c4c5 d6f8 f3e5 b8d7 e4c2 d7f6 h2h4 f6d5 g2e4,138
3q1rk1/p3bppp/5n2/p1pPp3/1r2P3/2NQB2P/RP3PP1/R5K1 b - -,e7d6 a2a5 d8b8 a5a7 b4b2 a7a6 f8c8 a6c6 b2b3 d3c4,132
rnbqk2r/ppp2pbp/5np1/4N3/5B2/2P1P3/PP3PPP/RN1QKB1R b KQkq -,d8d1 e1d1 f6h5 e5d3 h5f4 d3f4 b8c6 f4d5 g7e5 e3e4,96
2B1r3/2k2p1p/p2b2p1/p1pP4/2P2P2/P4K2/5P1P/8 b - -,c7c8 a3a4 c8d8 f4f5 g6f5 f3g2 d8e7 g2f1 d6h2 f1e1,-1057
k7/8/KP4p1/6pb/6p1/8/4N3/8 b - -,g4g3 b6b7 a8b8 e2d4 h5d1 d4c6 b8c7 b7b8q c7c6 b8b5,596
2r2rk1/p3bp2/5Bp1/qp1pPR1p/N2Q4/1P6/P5PP/3R2K1 b - -,e7f6 f5f6 b5a4 b3b4 a5c7 d4d5 g8g7 d1f1 c8e8 f6d6,20
r1b2rk1/1q1pppbp/p1n2np1/8/4P3/1QN1BN2/PPP2PPP/2KR1B1R b - -,b7c7 e3b6 c7f4 f3d2 a8b8 f2f3 d7d5 g2g3 f4d6 e4d5,7
5rk1/p3qp2/2p2np1/4p1b1/4P1PP/1P6/PP2N1Q1/1K1R4 b - -,g5f4 g2f3 f8d8 d1d8 e7d8 a2a3 d8d2 g4g5 f6h7 f3g4,-414
r4rk1/1pp2pp1/pb1qb2p/2nn4/B7/2P2NB1/PP2QPPP/RN1R2K1 b - -,d5f4 e2f1 e6d5 a4c2 d6f6 b1d2 a8d8 d1e1 d5c6 d2e4,-73
rnbqr1k1/pp3pp1/2pbp2p/8/2PPQ3/P4NP1/1P3P1P/R1BR1BK1 b - -,d6c7 c1f4 c7f4 e4f4 b8d7 f1g2 d7f8 f4e3 f7f6 c4c5,113
rn2kb1r/3p2pp/4p3/2p1P1N1/4b3/8/Pq1B1PPP/R2QKB1R b KQkq -,e4c2 d1c1 b2e5 f1e2 c2d3 d2e3 d3e2 e1e2 b8c6 h1d1,-284
r1bq1rk1/pp2npbp/3p1np1/2pPp3/1P2P3/2P2N1P/P1B2PP1/RNBQ1RK1 b - -,b7b6 f1e1 f6h5 a2a4 a8b8 a4a5 h5f4 a5b6 a7b6 b4b5,64
r1bq1r1k/pp4p1/5p2/2b1p3/1PPp1P2/P2Q4/4N1PP/R1B2RK1 b - -,c5b6 f4e5 f6e5 c1g5 d8e8 f1f8 e8f8 e2g3 c8e6 a1e1,117
3b4/7p/p1p1kp2/2p2p2/2P2B1K/5P1P/PP3P2/8 b - -,d8b6 h4h5 e6f7 h5h6 f7g8 f4d6 b6a5 d6c5 a5d2 c5e3,174
r1r3k1/4bppp/4p1n1/1p1pP3/1P6/P4N2/1B3PPP/1RR3K1 b - -,,0
r1bq1rk1/ppp2pbp/n2p1np1/3Pp3/2P1P3/P1N3N1/1P3PPP/R1BQKB1R b KQ -,h7h5 c1g5 d8d7 h2h4 f6h7 g5e3 c7c6 f1e2 d7d8 a1b1,69
4r2k/p1p1qp1n/1p4p1/8/4PQ2/8/PPP1B3/2KR4 b - -,e7e4 f4f7 e4e2 f7g6 e8f8 g6d3 e2d3 d1d3 h7g5 b2b4,-364
2r3k1/1b3p2/1q4p1/pB1p3p/P7/4P1P1/1Q1R1PP1/5K2 b - -,b6c5 b5d3 c5c6 f1e2 d5d4 e3e4 c8b8 b2b5 c6b5 a4b5,-3
2rqrbk1/8/1p1p1pnp/p1nPp1p1/P1N1P1P1/2N1B1P1/1P1Q1P1K/2R1R3 b - -,c5b3 d2e2 b3c1 e1c1 g6f4 g3f4 c8c4 e2c4 g5f4 e3d2,229
1k1q3r/pbp1n2p/1pn1B1p1/6B1/8/2Q2N2/PPP2PPP/1K2R3 b - -,h7h6 g5e7 c6e7 f3e5 e7d5 e5d7 b8a8 e6d5 b7d5 e1d1,342
6K1/5B1P/8/5p2/1k3P2/1n4P1/8/q7 b - -,,0
8/1k5P/8/1p6/p7/p5K1/8/8 b - -,b3c5 h7h8q a1h8 g8h8 c5e4 h8g7 e4g3 f7a2 g3e2 g7g6,Mate
1r6/4pk2/p2p1pp1/2p1b3/2P1P1PP/1P3K2/P2B4/5R2 b - -,,0
rnb4r/ppppkppp/5n2/8/4P3/2N5/PPP2PPP/R1B1KB1R b KQ -,d7d6 c1g5 c8e6 f2f4 h7h6 g5f6 g7f6 f4f5 e6c8 c3d5,139
r1bq1rk1/pp2npbp/3p1np1/3Pp3/1P2P3/5N1P/P1B2PP1/RNBQ1RK1 b - -,c8d7 a2a4 a8c8 f1e1 f6h5 a1a3 f7f5 b1c3 h5f6 a4a5,57
5rk1/ppq2pp1/4p1p1/3pP3/8/P5QP/1PP1RPP1/6K1 b - -,f8c8 c2c3 c7c4 g3e3 b7b6 e2d2 c4a2 f2f3 a2b1 g1f2,-18
r1bq1rk1/ppp2pbp/3p1np1/2nPp3/1PP1P3/P1N3N1/5PPP/R1BQKB1R b KQ -,f6e4 g3e4 c5e4 c3e4 f7f5 e4d2 e5e4 a1a2 a7a5 b4a5,225
r2q1rk1/pp1nppbp/2ppb3/6B1/3PP3/1P2P1P1/P1P1N1BP/R2QK2R b KQ -,d8a5 d1d2 a5g5 e1a1 e6g4 h2h3 g4e2 d2e2 g7h6 c1b1,-362
r3kb1r/5p1p/1p2n3/pP2P1p1/2PP1nb1/2N1B3/7R/R4BK1 b kq -,e8a8 d4d5 f8c5 e3c5 e6c5 h2h6 f4g6 c3a4 c5a4 a1a4,-327
2B1r3/2k4p/p2b2p1/p1pP1p2/P1P2P2/5K2/5P1P/8 b - -,c7c8 f3g2 c8d8 g2f1 e8e4 h2h4 e4e8 f2f3 d6f4 f1f2,-1071
r2qkb1r/pp3p1p/2b1p2p/2PpP3/8/2P2N2/PP3PPP/RN1QK2R b KQkq -,h8g8 g2g3 d5d4 c3d4 g8g4 b1c3 f8c5 h2h3 g4d4 f3d4,3
r1bq1r1k/pp4p1/5p2/2b5/1PPpQP2/P7/4N1PP/R1B2RK1 b - -,c5b6 c4c5 f8e8 e4f3 d4d3 e2g3 d8d4 g1h1 c8d7 c1d2,120
1q3rk1/p3bppp/5n2/R1pPp3/1r2P3/2NQB2P/1P3PP1/R5K1 b - -,e7d6 a5a7 b4b2 a7a6 b2b3 d3c2 b3b6 c3d1 b6b4 f2f3,139
4k3/8/6pN/8/1P3R1p/5PrP/8/5K2 b - -,g3h3 h6g4 h3h1 f1g2 h1a1 g2h3 a1h1 g4h2 h1d1 f4h4,510
2r2Bk1/p4p2/8/q2pPp1p/p2Q4/1P6/P5PP/3R2K1 b - -,c8f8 d4f4 a5b6 g1h1 a4b3 a2b3 b6e6 h2h3 f8e8 d1e1,1
rn2kb1r/3p2pp/4p3/2p1P1NQ/8/8/PqbB1PPP/R3KB1R b KQkq -,g7g6 h5d1 c2d1 a1d1 f8h6 f1e2 h6g5 d2g5 b2e5 g5c1,-622
r5k1/3nqpb1/3Np1pp/2P5/r2nP1Q1/4B2P/5PP1/2RRN1K1 b - -,h6h5 g4g5 g7f6 g5h6 d4e2 g1f1 e2c1 d1c1 a4a1 e1d3,-278
r1b2rk1/3pppbp/p1n2np1/8/4P3/1PN1BN2/1PP2PPP/2KR1B1R b - -,f6g4 e3b6 a8b8 h2h3 b8b6 h3g4 b6b8 f1c4 e7e6 c1b1,100
7Q/1k6/8/1p6/p7/6K1/p7/8 b - -,f6g4 e3b6 a8b8 h2h3 b8b6 h3g4 b6b8 f1c4 e7e6 c1b1,Mate
r4rk1/p1qn3p/1p2pPp1/3bp3/3P4/2PBR2Q/P2B2PP/5RK1 b - -,f8f6 f1f6 d7f6 e3e5 a8f8 a2a4 f6e8 h3g3 e8g7 g3e1,61
8/8/8/8/1b1B4/pk6/8/1K6 b - -,,0
6k1/3Q4/1pn2rp1/p1p1p3/P1Pp2P1/8/1PP4K/8 b - -,g6g5 h2g2 g8f8 d7c8 f8f7 c8c7 c6e7 c7e5 f6g6 g2g3,91
r1bn1rk1/5pp1/p2R3p/Np2p3/4P3/5P2/PPP3PP/2K2B1R b - -,h6h5 h2h4 f7f6 f1e2 d8e6 h1d1 e6f4 e2f1 f4g6 g2g3,232
r1b1r1k1/pp2qpp1/2pbpn1p/4N3/2PP4/P2B2P1/1P2QP1P/R1BR2K1 b - -,a7a5 c1f4 c6c5 d3c2 a5a4 d4c5 d6c5 e2f3 a8a7 f4e3,100
8/p5kp/6p1/3B1p2/4P3/5P1P/PK4P1/6b1 b - -,g7f6 b2a3 h7h5 a3a4 f6e5 a4a5 h5h4 a5b5 g1e3 b5c6,6
rnbqk1nr/p1p2ppp/4p3/8/QbpPP3/2N2N2/1P3PPP/R1B1KB1R b KQkq -,c8d7 a4b4 a7a5 b4c4 g8f6 f1e2 e8h8 e1h1 b8c6 c4d3,542
r1bq1rk1/pppnn1b1/3p3p/4ppp1/1PP5/1QNP1NP1/P2BPPBP/1R3RK1 b - -,g8h7 c4c5 f5f4 c5d6 c7d6 c3e4 d7f6 b4b5 f6e4 d3e4,30
r5k1/3Q1ppp/B2p4/3P4/8/5P2/1q4PP/3K3R b - -,b2a1 d1d2 a1h1 d7d6 h1g2 d2c3 g2f3 c3b4 f3e4 a6c4,-711
2r2r1k/1Q4R1/p1n4p/q3P3/8/1B6/PKP3PP/4R3 b - -,a5c3 b2c3 c6a5 c3b2 a5b7 g7b7 f8f2 e5e6 f2g2 e6e7,Mate
2r3k1/1b3p2/6p1/pBqp3p/P2Q4/4P1P1/3R1PP1/5K2 b - -,c5d4 d2d4 c8c2 g3g4 h5g4 d4g4 b7c8 g4d4 c8e6 f1e1,-15
7N/5k2/3n1p2/1p4p1/8/2P5/P4P1P/1RK5 b - -,f7g8 c1c2 f6f5 b1d1 d6e4 d1d5 g8h7 d5b5 e4f2 a2a4,639
r1bqnrk1/pp2npbp/3p2p1/1P1Pp3/4P3/5N1P/P1B2PP1/RNBQ1RK1 b - -,c8d7 a2a4 a8c8 f1e1 f7f5 b1d2 f5e4 d2e4 f8f3 g2f3,63
8/pr3p2/4b1p1/R3K1k1/8/8/8/8 b - -,e6g4 a5c5 f7f6 e5d6 g5h4 d6d5 f6f5 c5c8 f5f4 c8h8,-1101
r1bqk2r/1p3ppp/p1n1p3/2b5/P1B1P1n1/5N1P/1P2QPP1/RNB2RK1 b kq -,g4h6 f1d1 d8c7 b1c3 c8d7 c1d2 e8h8 d2h6 g7h6 e4e5,254
5Q1Q/8/8/6R1/8/8/6K1/1k6 b - -,g4h6 f1d1 d8c7 b1c3 c8d7 c1d2 e8h8 d2h6 g7h6 e4e5,Mate
r3r1k1/1pq1bpp1/p2p1n2/N2P4/1PP1pPp1/4B3/P2Q2PP/2R2RK1 b - -,a8c8 f1d1 e8d8 g2g3 c7d7 a2a4 c8b8 b4b5 a6b5 c4b5,96
5rk1/p3qp2/2p2np1/4p3/4PNPP/1P6/PP4Q1/1K1R4 b - -,e5f4 b1c2 e7e6 c2c1 f8e8 g2f3 e6e4 f3e4 f6e4 d1f1,-532
2kr1bnr/ppp2ppp/2n5/q2Pp3/6b1/2N1PN2/PP1B1PPP/R2QKB1R b KQ -,d8d5 c3d5 a5d5 d2c3 d5d1 a1d1 f7f6 f1c4 g8e7 a2a3,137
2r2k2/p4p2/8/q2pPp1p/p2Q4/1P6/P5PP/3R3K b - -,,0
r5k1/3Q1ppp/B2p4/3P4/8/5P2/3K2PP/q6R b - -,a1h1 d7d6 h1g2 d2c3 g2f3 c3b4 f3e4 b4c3 e4b1 a6c4,-710
rn1qk2r/1p3ppp/p2pbn2/4p3/4P3/1NN5/PPPQ1PPP/R3KB1R b KQkq -,,0
2r2rk1/p4ppp/2B1pn2/qQ1p4/3P1Bb1/2P5/P1P2PPP/R4RK1 b - -,a5c3 c6b7 c8c4 f4d6 g4e2 f1e1 f8d8 d6e5 f6e4 b7a6,-67
rn2kb1r/3p2pp/4p3/2p1P1N1/8/8/PqbB1PPP/R1Q1KB1R b KQkq -,b2e5 f1e2 c2d3 d2e3 d3e2 e1e2 b8c6 f2f4 e5d5 g5f3,-307
r4rk1/1b1qb1pp/2p1p3/p1p2p2/P2pPP2/1P1P4/1BPNQ1PP/R4RK1 b - -,a8b8 d2c4 b7a6 c4a5 e7d8 a5c4 a6c4 d3c4 d8a5 e2d3,242
r1bqk1nr/pppp1ppp/8/4p3/2BnP3/2P2N2/PPP2PPP/R1BQK2R b KQkq -,d4f3 g2f3 g8e7 h2h4 e8h8 h4h5 h7h6 c1e3 d7d6 h1g1,67
rnb2rk1/pppp1ppp/7n/2qN4/2B1P3/P1Q2N2/1B3PPP/R4RK1 b - -,d4f3 g2f3 g8e7 h2h4 e8h8 h4h5 h7h6 c1e3 d7d6 h1g1,Mate
r1bqnrk1/pp2n1bp/3p2p1/1P1Ppp2/4P3/5N1P/P1BN1PP1/R1BQ1RK1 b - -,b7b6 f1e1 h7h6 a2a4 c8b7 c1a3 a8c8 a1c1 g8h7 e4f5,60
r4rk1/2q1bppp/1B1p1n2/p2Pp2P/1p4P1/1N3P2/PPPQ4/1K1R1B1R b - -,c7c8 b6a5 h7h6 a5b4 c8c7 b3a5 f8b8 a5c6 a8a4 b4a5,507
1r1q1rk1/3b1pbp/p2p1np1/nppPp3/2P1P3/1P4PP/PBQNNPB1/R4RK1 b - -,b5c4 b3c4 b8b4 a1e1 d7a4 c2c3 a4e8 a2a3 b4b8 b2a1,49
8/p2r1p2/4b1p1/1R2K1k1/8/8/8/8 b - -,b5c4 b3c4 b8b4 a1e1 d7a4 c2c3 a4e8 a2a3 b4b8 b2a1,Mate
q5rk/1bb1Rpp1/pp3n1p/2P5/1P1Q3n/P6P/3N1P2/BR3BK1 b - -,f6e4 e7e4 a8b8 f1c4 h4f5 d4d7 c7h2 g1f1 b7e4 d2e4,334
r5k1/3nqpb1/3Np1p1/2P4p/r2nP3/4B1QP/5PP1/2RRN1K1 b - -,d4e2 g1h1 e2g3 f2g3 a4a1 e1f3 a1c1 d1c1 a8a1 c1a1,-465
rn2kb1r/pp2pppp/2p5/5q2/3Pn3/3B1Q2/PPPB1PPP/R3K1NR b KQkq -,f5f3 g1f3 e4d2 e1d2 e7e6 c2c3 b8d7 a2a4 a7a5 a1e1,10
1r3rk1/p1q1bppp/5n2/p1pPp3/4P3/2NQB2P/RP3PP1/R5K1 b - -,c7b6 a2a5 b6b2 a1b1 c5c4 d3c4 b8c8 c4c8 b2b1 c3b1,156
r1bq1rk1/1ppnn1b1/3p3p/P3ppp1/P1P5/2NP1NP1/3BPPBP/1R1Q1RK1 b - -,g8h8 e2e3 a8a5 h2h4 g5g4 f3e1 e7c6 c3e2 a5a8 d2c3,37
7N/8/3nkp2/1R4p1/8/2P5/P4P1P/2K5 b - -,d6b5 c1c2 b5d6 c2d3 f6f5 h8g6 e6f6 g6f8 g5g4 a2a4,245
4k3/8/6p1/8/1P3RNp/5P1r/8/5K2 b - -,h3h1 f1g2 h1b1 g2h3 b1h1 g4h2 e8e7 f4h4 e7f6 h3g2,510
4r1k1/pp3qp1/7p/1bP2p2/3Rr3/P1Q3P1/1B3P1P/R5K1 b - -,e4e2 h2h4 b5c6 a1f1 g8h7 d4d2 e2e4 d2d4 f7g6 f1d1,-156
r1bn1rk1/5pp1/p2R4/Np2p2p/4P2P/5P2/PPP3P1/2K2B1R b - -,f7f6 f1e2 d8e6 h1d1 e6f4 e2f1 f4g6 g2g3 g6e7 f1e2,234
r1bq1r1k/pp2b1p1/4p3/4np2/2Pp1P2/P2B4/1PQ1N1PP/R1B2RK1 b - -,e5f7 b2b3 a7a5 c1b2 e7c5 c2d2 d8e7 e2d4 f8d8 d3c2,58
3r1qr1/2pk1p1p/Q1ppbp2/2b5/4P3/2N2N2/PP3PPP/3RR1K1 b - -,,0
r1bqk1nr/pppp1ppp/8/4p3/2B1P3/2P2P2/PPP2P1P/R1BQK2R b KQkq -,g8e7 h1g1 e8h8 h2h4 g8h8 h4h5 h7h6 f3f4 d7d5 e4d5,89
r1bk2nr/ppp2ppp/4p1n1/2b5/4PP2/5N2/PPPB2PP/RN2KB1R b KQ -,a7a6 b1c3 g8f6 e1a1 d8e8 d1e1 b7b5 f4f5 g6e7 f1d3,84
r1b2rk1/3pppbp/p1n3p1/3N4/4P1n1/1P2BN2/1PP2PPP/2KR1B1R b - -,g4e3 d5e3 a8b8 h2h4 a6a5 f1c4 a5a4 b3a4 g7b2 c1d2,85
r6k/1pprn1p1/3p3p/3P1p2/p7/P1R1PN2/1P3PPP/3R2K1 b - -,,0
r5k1/4bppp/4p3/1p1pP3/1P1N4/P1r5/5PPP/1R1R1K2 b - -,c3a3 d4b5 a3a4 b5d6 f7f6 d6b5 g8f7 e5f6 g7f6 f2f4,-103
r1bq1rk1/1pp3b1/2np3p/P1n1ppp1/P1P5/2NP2P1/2NBPPBP/1R1Q1RK1 b - -,f5f4 c3e4 c5a4 c2a1 c6d4 a1b3 d4e6 e2e3,34
5rk1/p3qp2/2p2np1/6P1/4Pp1P/1P6/PP4Q1/1K1R4 b - -,e7e4 g2c2 e4c2 b1c2 f6d5 c2d2 f8e8 a2a3 g8f8 d1f1,-557
r1bn1rk1/6p1/p2R1p2/Np2p2p/4P2P/5P2/PPP1B1P1/2K4R b - -,d8e6 h1d1 e6f4 e2f1 f4g6 g2g3 g6e7 a5c6 e7c6 d6c6,233
2r2k2/p4p2/4P3/q2p1p1p/3Q4/1p6/P5PP/3R3K b - -,,0
r4rk1/p1qn1p1p/1p2p1p1/3b2P1/3P4/3BR2Q/P2B2PP/5RK1 b - -,,0
8/3r1p2/p3b1p1/R3K1k1/8/8/8/8 b - -,f7f5 g5f6 d7f6 e3e6 d5e6 h3e6 g8g7 d2b4 c7f7 d3c4,Mate
8/6b1/7k/6Qb/7K/8/8/8 b - -,f7f5 g5f6 d7f6 e3e6 d5e6 h3e6 g8g7 d2b4 c7f7 d3c4,Mate
8/Q7/4pqk1/3p1pp1/1p6/2P4R/1K6/8 b - -,b4c3 b2c2 f6g7 a7b6 g7d7 c2c3 d7e7 h3e3 g6f6 c3d2,119
r1bq1rk1/1pp3b1/3p3p/n1n1ppp1/PNP5/2NP2P1/3BPPBP/1R1Q1RK1 b - -,c7c6 f2f4 c8e6 b4c2 e5e4 d2e1 d8e7 h2h3 h6h5 f4g5,-60
r1bqnrk1/pp2n1b1/3p3p/1P1Pppp1/P3P3/7P/2BN1PPN/R1BQ1RK1 b - -,e8f6 c1a3 g5g4 h3g4 f6g4 h2g4 f5g4 d2c4 f8f6 a3c1,99
r4rk1/2qnbppp/3p1n2/3Pp2P/pp4P1/4BP2/PPPQ4/1KNR1B1R b - -,a8a5 c1d3 f6d5 d3b4 d5b4 d2b4 f8b8 b4a3 d7b6 b1a1,-113
rnbqk1nr/ppp1bppp/3p4/8/3Pp3/8/PPPNPPPP/RNBQKB1R b KQkq -,f7f5 c2c4 g8f6 b1c3 e8h8 e2e3 c7c5 d2b3 a7a5 a2a4,-47
6k1/1p4pp/p7/8/2PN1n2/1P1R1N1P/P4Pr1/5K2 b - -,f4h3 d3d2 g2g6 d4e2 h7h5 d2d8 g8h7 d8d5 h7h6 c4c5,522
rqb1k1nr/3p1ppp/p3n3/1p1Np3/2NPP3/1P4Q1/P2B1PPP/R3KB1R b KQkq -,c8b7 c4e5 b8d8 f1d3 g8f6 d5f6 d8f6 e1h1 h7h5 h2h4,573
1r3rk1/p1q2ppp/5n2/p2Pp3/1bp1P3/2N1BP1P/RPQ3P1/R5K1 b - -,b8b7 g1h2 f8c8 c2e2 f6e8 a2a4 c7b8 a1c1 e8d6 c1c2,-30
3r2k1/4nppp/p2r4/3p4/R7/2N5/1P3PPP/3R1K2 b - -,d6b6 d1d2 g7g6 g2g3 g8g7 h2h4 h7h5 d2d3 b6c6 d3d2,-26
r2r2k1/p4p1p/1p2p1p1/4P3/2R5/4P3/P3KPPP/2R5 b - -,,0
r1bqk1nr/p2pppbp/1pn3p1/2p5/3PP3/2PB1N2/PP3PPP/RNBQ1RK1 b kq -,d7d6 h2h3 a7a6 d4d5 c6a5 c1g5 g8f6 b1d2 h7h6 g5f6,79
2kr3r/1q4Qp/3Ppp2/R2b4/8/8/1PPB2PP/2K4R b - -,d8d7 a5c5 d5c6 g7h8 d7d8 h8f6 b7b6 f6c3 c8b7 d2e3,1130
r5k1/4bppp/3Np3/3pP3/rP6/8/5PPP/1R1R1K2 b - -,f7f6 f2f4 f6e5 f4e5 e7g5 g2g3 a4a2 f1g1 a2e2 b1a1,-115
r2q1rk1/1ppb2b1/3p3p/n1nNppp1/P1P5/2NP2P1/3BPPBP/1R1Q1RK1 b - -,d7e8 c3b5 c7c6 d5c7 c6b5 c7a8 b5b4 d2b4 d8a8 g2d5,-29
r1bqk2r/1p3ppp/p1n1p3/2b5/P1B1PBn1/5N2/1P2QPPP/RN3RK1 b kq -,f7f6 b1d2 e6e5 f4g3 d8e7 a1c1 c5a7 b2b4 g4h6 b4b5,135
rqb1k1nr/3p1ppp/p3n3/3Np3/2BPP3/1P4Q1/P2B1PPP/R3K2R b KQkq -,c8b7 d4e5 h7h5 h2h3 h5h4 g3c3 d7d6 e5d6 b8d6 e1h1,443
r1bqnrk1/pp2n1b1/3p3p/1P1Pp1p1/P3Pp2/B6P/2BN1PPN/R2Q1RK1 b - -,e7g6 c2d3 f8f7 d3e2 g7f8 e2h5 g8h7 d1e2 e8f6 f1c1,89
r1b2rk1/6p1/p2Rnp2/Np2p2p/4P2P/5P2/PPP1B1P1/2KR4 b - -,e6d4 e2d3 f8e8 c2c3 d4e6 d3c2 g8h7 d1d2 a8a7 a5c6,244
8/8/8/8/1b1B4/1k6/p7/K7 b - -,,0
r4rk1/pp2pp1p/1bnp2b1/6R1/4P3/3Q3P/PPP3P1/R6K b - -,b6d4 g5b5 a8b8 c2c3 d4e5 a2a4 g8h8 a4a5 f7f6 a5a6,-277
5rk1/p4p2/2p2np1/6P1/4qp1P/1P6/PPQ5/1K1R4 b - -,e4c2 b1c2 f6d5 c2d2 f8e8 d1f1 g8f8 f1f3 f8e7 b3b4,-546
6k1/1b3p2/3q2p1/pB1p3p/P7/4P1P1/2Q2PP1/5K2 b - -,,0
8/p7/8/1p2p1pp/1P6/P3PP1k/7P/7K b - -,g5g4 f3f4 h3h4 h1g2 e5e4 g2g1 g4g3 h2g3 h4g4 g1g2,667
rnbqk1nr/ppp1b1pp/3p4/5p2/2PPp3/8/PP1NPPPP/RNBQKB1R b KQkq -,c7c6 b1c3 g8f6 d4d5 f6g4 h2h3 g4e5 e2e3 e8h8 f1e2,-46
rqb1k1nr/3p1pQp/p7/3Np3/2BnP3/1P6/P2B1PPP/R3K2R b KQkq -,d4c6 g7h8 c6e7 d5f6 e8d8 d2a5 b8c7 a5c7 d8c7 f6g8,1159
4rrk1/1b1qb1pp/2p1p3/p1p2p2/P1NpPP2/1P1P4/1BP1Q1PP/R4RK1 b - -,b7c8 c4a5 c8a6 a5c4 a6c4 b3c4 e7d6 e4e5 d6e7 a4a5,273
5rk1/2qnbppp/3p1n2/r2Pp2P/pQ4P1/4BP2/PPP5/1KNR1B1R b - -,f8b8 b4a3 f6d5 e3d2 a5a7 c1d3 a7b7 c2c3 e7g5 d3b4,-150
r5k1/p4p1p/1p2p1p1/3rP3/2R2P2/4P3/P3K1PP/2R5 b - -,,0
r3k1nr/ppp2ppp/1qn1p3/3P4/6b1/P1B1PN2/1P3PPP/R2QKB1R b KQkq -,e8a8 c3g7 d8d5 d1a4 g8f6 g7f6 h8g8 f6c3 g4f3 g2f3,396
rnb3k1/pp1n1N2/4p2Q/3pP3/3p4/2N5/PPP2PP1/R3K2R b KQ -,e8a8 c3g7 d8d5 d1a4 g8f6 g7f6 h8g8 f6c3 g4f3 g2f3,Mate
r1bq1r1k/pp2b1p1/4p3/5p2/2Pp1Pn1/P2B1R2/1PQ1N1PP/R1B3K1 b - -,b7b5 c4c5 c8b7 f3g3 e7h4 g3g4 f5g4 c5c6 a8c8 c2b3,-105
4r3/3b1ppp/1pk5/8/2P5/2P3P1/P4P1P/R5K1 b - -,e8a8 h2h3 c6c5 g3g4 c5c4 f2f4 b6b5 g1f2 d7e6 f4f5,-567
rqb1k1nr/3p1pQp/p7/3Np3/2B1P3/1P6/P1nB1PPP/R4K1R b kq -,b8b4 d2b4 c2b4 d5b4 e8e7 b4d5 e7e6 g7h8 c8b7 d5c7,1536
3r1k2/1p3p2/p5r1/1b3pN1/3B1P2/2P4P/PP3K2/4R1R1 b - -,f8g8 g5f3 g8f8 g1g6 f7g6 f3e5 b5e8 f2g3 f8g8 g3h4,645
r4rk1/pp2p2p/1bnp1pb1/8/4P3/3Q2RP/PPP3P1/R6K b - -,g8h8 c2c3 c6e5 d3e2 f8g8 a2a4 a7a6 a4a5 b6a7 a1f1,-261
r1bq1rk1/pp2n1b1/3p1n1p/1P1Pp1p1/P1N1Pp2/B6P/2B2PPN/R2Q1RK1 b - -,g5g4 c4d6 g4h3 g2g4 f4g3 f2g3 h6h5 d6c8 a8c8 d5d6,237
5rk1/p4p2/2p2np1/6P1/5p1P/1P6/PPK5/3R4 b - -,f6d5 c2d3 f8e8 d1f1 g8f8 f1h1 e8e6 d3d4 f8e7 b3b4,-566
r4rk1/pp2bpp1/2n1b2p/2p1B3/1n1p4/3P1NP1/PPPN1PBP/R1R3K1 b - -,b4a2 a1a2 e6a2 b2b3 a7a5 c1a1 c6b4 e5c7 a8a6 f3e5,-360
rn1q1rk1/pb2bppp/5n2/2pp4/5B2/2NBPN2/PP2QPPP/R4RK1 b - -,f8e8 f1d1 e7d6 f4d6 d8d6 a2a3 a7a6 e2c2 d5d4 e3d4,36
8/6k1/2Pp1p2/8/1P5P/2P1K3/5Q2/1q6 b - -,b1g6 e3d4 g6g4 d4d5 g4h5 d5c4 f6f5 f2d4 g7f7 d4d6,624
rn2kb1r/pp2pppp/2p5/8/3Pn3/3B1N2/PPPB1PPP/R3K2R b KQkq -,e4d2 f3d2 g7g6 f2f4 e7e6 a2a4 b8d7 e1a1 d7f6 d2f3,14
8/p7/4p3/1p4pp/1P6/P3PP1k/7P/6K1 b - -,g5g4 e3e4 g4g3 f3f4 g3h2 g1h1 h3g4 f4f5 e6f5 e4e5,-976
rqb1k1nr/2Np1pQp/p7/4p3/2B1P3/1P6/P2B1PPP/n4K1R b kq -,e6e5 g1h1 h3h4 h1g2 a7a6 g2g1 e5e4 f3e4 g5g4 e4e5,Mate
2r3k1/ppq2pp1/4p1p1/3pP3/8/P3Q2P/1PP1RPP1/6K1 b - -,b7b5 c2c3 a7a5 e2d2 b5b4 c3b4 a5b4 a3b4 c7c4 d2d3,-21
2r2k2/p1q2p2/4PQ2/3p1p1p/8/7P/p5P1/3R3K b - -,,0
1r4k1/2qnbppp/3p1n2/r2Pp2P/p5P1/Q3BP2/PPP5/1KNR1B1R b - -,f6d5 e3d2 a5a7 c1d3 a7b7 c2c3 e7g5 d3b4 d5b4 c3b4,-165
5b2/7p/p1p1kp1B/2p2p1K/2P5/5P1P/PP3P2/8 b - -,e6e7 h6f8 e7f8 h5h4 f8e7 h4g3 e7d6 g3f4 d6e6 a2a3,110
3R4/1p2k3/p1p1pn1p/8/8/P1P2PK1/1P4P1/8 b - -,e7d8 g3h4 e6e5 a3a4 d8d7 a4a5 d7e6 h4g3 e6f5 g3f2,-535
r1b2rk1/6p1/p2R1p2/Np2p2p/3nP2P/3B1P2/PPP3P1/2KR4 b - -,g8h7 d3f1 a8a7 a5c6 d4c6 d6c6 h7g6 b2b3 g6f7 c2c4,244
6k1/pq4p1/2R3Qp/3P4/P6P/7r/1P3PP1/1R4K1 b - -,g8h7 d3f1 a8a7 a5c6 d4c6 d6c6 h7g6 b2b3 g6f7 c2c4,Mate
r1bq1rk1/1pp1npbp/3p1np1/3Pp3/P1P1P3/R1N2N2/4BPPP/2BQ1RK1 b - -,b7b6 f3d2 c7c5 f1e1 f6e8 h2h3 f7f5 d2f3 h7h6 d1c2,55
3r2r1/2pk1pqp/Q1ppbp2/2b5/4P1P1/2N2N2/PP3P1P/3RR1K1 b - -,b7b6 f3d2 c7c5 f1e1 f6e8 h2h3 f7f5 d2f3 h7h6 d1c2,Mate
r4rk1/p1qn3p/1p2pPp1/3b4/3P4/3BR2Q/P2B2PP/5RK1 b - -,,0
3r2k1/p1R2p1p/1p2p1p1/3rP3/5P2/4P3/P3K1PP/2R5 b - -,,0
4r1k1/pp4p1/2b1q2p/2P2p2/3R4/P1B3P1/3Q1P1P/6K1 b - -,e6b3 d4d8 e8d8 d2d8 g8h7 d8d3 c6e4 d3d2 b3b1 d2e1,-43
5rk1/p4p2/2p3p1/3n2P1/5p1P/1P1K4/PP6/3R4 b - -,f8e8 d1f1 g8f8 b3b4 d5b4 d3d4 b4d5 a2a4 f8e7 d4e4,-579
1r3rk1/p1q1bppp/Q4n2/p1pPp3/4P3/2N1B2P/RP3PP1/5RK1 b - -,h7h6 a6a5 c7a5 a2a5 b8b2 a5a7 f8e8 f1c1 b2b3 c1c2,98
rqbk2nr/2Np1pQp/p7/B3p3/2B1P3/1P6/P4PPP/n4K1R b - -,h7h6 a6a5 c7a5 a2a5 b8b2 a5a7 f8e8 f1c1 b2b3 c1c2,Mate
8/p3p2p/2k3p1/8/5P2/6P1/1PK2P1P/8 b - -,c6d6 c2c3 d6c5 b2b4 c5d5 c3d3 d5d6 d3d4 d6c6 d4c4,410
r1bq1rk1/p1p2ppp/2pp1n2/8/1b2P3/2NB1Q2/PPP2PPP/R1B2RK1 b - -,a8b8 c1g5 h7h6 g5f6 d8f6 f3f6 g7f6 c3e2 b4c5 b2b3,26
8/8/8/4B3/8/1k6/p7/K3b3 b - -,,0
r1bqr1k1/bp3ppp/2pp1nn1/p3p3/P3P3/1BPP1NNP/1P3PP1/R1BQR1K1 b - -,c8e6 d3d4 h7h6 b3c2 a7b8 d1d3 b8c7 c1e3 a8b8 c3c4,59
r1b2r2/6pk/p1NR1p2/1p2p2p/3nP2P/3B1P2/PPP3P1/2KR4 b - -,d4c6 d6c6 c8d7 c6d6 a8a7 d3e2 d7c8 d6c6 g7g5 h4g5,280
rn3b1r/5kpp/4R3/2p4q/8/2Qb4/P2B1PPP/R5K1 b - -,h5d5 e6e5 d5d7 d2g5 c5c4 a1d1 h7h6 g5c1 f7g8 e5e4,-493
8/1r3p2/p3b1p1/R5k1/3K4/8/8/8 b - -,g5h4 a5a6 g6g5 a6a8 g5g4 d4e3 h4h3 a8h8 h3g2 h8h5,-792
8/6Bp/p1pbkp2/2p2p1K/2P5/5P1P/PP3P2/8 b - -,e6f7 h5h6 d6e5 h6h7 e5b2 g7h6 b2a3 h6d2 a3b2 h7h6,23
r4rk1/1pp1qpp1/pb2b2p/3R4/n6B/2P2N2/PP2QPPP/RN4K1 b - -,f7f6 d5d1 a8d8 d1d8 f8d8 b2b3 a4c5 b1d2 e7f7 a1e1,-185
8/p5k1/7p/4q3/5p2/1P6/P2Qn1PK/5R2 b - -,e7e8 d5e5 e8c6 e2c2 a8e8 b1d2 f7f6 e5e1 e6f7 h4g3,Mate
1r4k1/2qnbppp/3p4/r2np2P/p5P1/Q4P2/PPPB4/1KNR1B1R b - -,a5a7 c1d3 a7b7 c2c3 e7g5 d3b4 g5d2 d1d2 d5b4 c3b4,-156
2r3k1/p1q2p2/4P3/3p1pQp/8/7P/p5P1/3R3K b - -,,0
2R3k1/p2r1p1p/1p2p1p1/3rP3/5P2/4P3/P3K1PP/2R5 b - -,,0
r2q1rk1/ppp2ppp/2n5/2bnp3/P1B3b1/2PP1N1P/1P3PP1/RNBQ1RK1 b - -,g4f3 d1f3 d5f6 c1g5 c5e7 a4a5 a7a6 b1d2 g8h8 b2b4,104
8/p7/4p3/1p5p/1P3Pp1/P3P2k/7P/6K1 b - -,g4g3 e3e4 g3h2 g1h1 h3g4 f4f5 e6f5 e4e5 g4g5 e5e6,-1378
8/Q7/4pqk1/3p1pp1/8/2p4R/2K5/8 b - -,f6g7 a7b6 g7d7 c2c3 d7e7 h3e3 g6f7 c3d2 e7f6 e3e2,73
r4rk1/pppq1pbp/2npb1p1/8/2P5/1PN3P1/P2BPPBP/R1Q2RK1 b - -,a7a5 d2h6 e6h3 h6g7 g8g7 g2h3 d7h3 f2f4 f7f6 c1d2,63
6k1/5p2/p2Br3/2p5/8/P2r3P/1PR2PPK/8 b - -,d3d6 c2c5 g8g7 b2b4 d6d2 b4b5 a6b5 c5g5 e6g6 g5f5,-437
r4rk1/pp2bpp1/2n1b2p/2pn4/2Np1B2/3P1NP1/PPP2PBP/R3R1K1 b - -,c6b4 e1e2 d5f4 g3f4 b7b5 c4a5 e7f6 f3e5 a8c8 a2a4,-32
r1bqkbnr/pp2ppp1/2n4p/3p4/8/2NB1N2/PPPP1PPP/R1BQ1RK1 b kq -,a7a6 h2h3 g7g5 d3e2 c8f5 d2d4 e7e6 e2d3 f5d3 d1d3,-25
2r2k2/p1q2p2/4P2Q/3p1p1p/8/7P/p5P1/3R3K b - -,,0
3r2r1/2pk1pqp/Q1ppbp2/2b5/4P3/2N2NP1/PP3P1P/3RR1K1 b - -,e6g4 c3a4 c5b4 f3d4 d7e8 a6c6 g4d7 c6c7 b4e1 d1e1,211
4rrk1/1bq1b1pp/2p1p3/p1p2p2/P1NpPP2/1P1P4/1BP1Q1PP/4RRK1 b - -,g7g6 e4f5 e6f5 e2e6 g8g7 e6e5 c7e5 c4e5 f8f6 b2a3,332
8/8/8/8/8/1kB5/p7/K7 b - -,,0
r4r1k/pp2p2p/1bnp1pb1/3Q4/4P3/6RP/PPP3P1/R6K b - -,b6d4 g3g4 d4e5 d5b5 a8b8 a1f1 g6f7 c2c3 f7e6 f1f5,-289
r4rk1/p1q4p/1p2pnp1/3b4/3P4/3B2RQ/P2B2PP/5RK1 b - -,,0
r2q1rk1/ppp2pbp/2n2np1/4p3/2P5/2N1PBPP/PP3P2/R1BQ1RK1 b - -,f8e8 f3c6 b7c6 e3e4 f6d7 g1g2 d7c5 c1e3 c5e6 d1d8,36
8/p7/4p3/1p5p/1P3P2/P3P1Pk/8/6K1 b - -,h3g3 g1f1 g3f3 a3a4 b5a4 f1e1 f3e3 e1f1 a4a3 f1e1,-1776
2r3k1/1b3p2/3q2p1/pB1p3p/P7/3QP1P1/2R2PP1/5K2 b - -,,0
4r1k1/Q4ppp/5n2/1P1p4/8/2P3PP/P3qPKR/4rR2 b - -,c8c2 d3c2 d5d4 c2d1 d6d5 f2f3 d4e3 d1d5 b7d5 f1e2,Mate
rn2kb1r/pp2pppp/2p5/8/3P4/3B4/PPPN1PPP/R3K2R b KQkq -,b8d7 h2h4 e7e6 h4h5 c6c5 d4c5 f8c5 d2e4 a8d8 d3b5,5
r4rk1/pp1qb1p1/2n1pp1B/3pP3/3P2PP/P2Q1N2/1P3PK1/R3R3 b - -,f6e5 f3e5 c6e5 e1e5 e7f6 h6f4 f6e5 f4e5 f8f7 g2g3,45
r1bq1r1k/pp4p1/4pb2/5p2/1PPp1P2/P2Q4/4N1PP/R1B2RK1 b - -,b7b5 c4c5 c8b7 c1b2 b7e4 d3h3 h8g8 e2g3 f8f7 g3e4,-73
2r5/p1q1kpQ1/4P3/3p1p1p/8/7P/p5P1/3R3K b - -,c7c3 g7f7 e7d6 f7d7 d6e5 d7d5 e5f6 d5a2 c8e8 a2d5,3
2r5/1B1kbp2/pB2p1p1/4P2p/PnR2P2/2K5/6PP/8 b - -,b4a2 c3d4 c8c4 d4c4 a2b4 b6c5 e7c5 c4c5 b4d3 c5b6,397
8/p3p2p/6p1/2k5/5PP1/2K5/1P3P1P/8 b - -,c5d6 c3d4 h7h5 g4g5 e7e6 b2b4 a7a6 d4e4 h5h4 h2h3,311
r1bq1rk1/ppp2ppp/1b3n2/8/3PP3/4BP2/PP2B1PP/RN1QK2R b KQ -,c8e6 e1h1 f6e8 d1d3 f7f5 b1c3 e8f6 c3a4 f8e8 a4b6,164
r4r1k/pp2p2p/2np1pb1/3Q4/3bP3/2P3RP/PP4P1/R6K b - -,d4e5 g3g4 g6f7 d5b5 a8b8 a1f1 f7e6 f1f5 d6d5 f5h5,-303
7N/8/3nkp2/1p4p1/8/2P2P2/P6P/1RK5 b - -,f6f5 b1b4 e6f6 b4d4 d6e8 d4d5 g5g4 f3g4 f5g4 d5d4,605
r1br2k1/pp3pbp/2n2np1/2p1p3/P3P3/2P2N1P/1PB2PP1/RNB2RK1 b - -,,0
R7/P7/4k3/8/8/8/6K1/r7 b - -,b7b6 f1e1 h7h6 c2b3 c8d7 b3a2 f6e8 b1a3 c6a5 f3h4,Mate
q2r3k/1bR2pp1/pp3B1p/2P5/1P6/P6P/3N1P2/1R3BK1 b - -,g7f6 d2c4 b7e4 b1b3 d8g8 b3g3 g8g3 f2g3 a8d8 c4d6,-571
4k3/8/6p1/8/1P3RNp/5P2/6K1/7r b - -,h1b1 g2h3 b1h1 g4h2 e8e7 f4h4 e7f7 h4f4 f7g7 f4e4,525
8/2p1kp2/1p1p1n2/p2PpP2/2P3P1/2P1Q2q/P1B2P2/6K1 b - -,h3g4 e3g3 g4c4 c2b3 c4e4 c3c4 e4f5 g1g2 f5e4 g3f3,-449
r1bqk2r/1p2bppp/p1nppn2/8/4PP2/PNN1BB2/1PP3PP/R2QK2R b KQkq -,e8h8 d1d2 d8c7 h2h4 b7b5 h4h5 a8b8 g2g4 f6d7 h5h6,39
8/p6p/4p1p1/2k5/1P3PP1/2K5/5P1P/8 b - -,c5b5 h2h4 a7a6 c3b3 h7h6 b3c3 h6h5 f2f3 b5b6 g4h5,496
r5k1/P1P5/3p1p2/8/1P5P/2P5/8/R4K2 b - -,d6d5 b4b5 g8h7 b5b6 f6f5 b6b7 a8a7 a1a7 f5f4 c7c8r,3423
r4rk1/1ppqbppp/p1n5/4Pb2/3PpNP1/2P1B3/PP1QB2P/R3K2R b KQ -,f5g4 e1a1 g4e2 d2e2 e7g5 h1g1 g5f4 e3f4 c6e7 e2e4,124
6k1/5p2/p2r4/2R5/8/P2r3P/1P3PPK/8 b - -,d3d2 c5f5 d2b2 h3h4 g8g7 a3a4 d6f6 f5g5 g7h6 g5a5,-473
1r1b1rk1/p1q2ppp/Q4n2/p1pPp3/4P3/2N1B2P/RP3PP1/R5K1 b - -,c7b7 a6b7 b8b7 e3c5 f8e8 a1c1 d8c7 c5e3 e8c8 a2a1,85
2r5/p3kQ2/4P3/3p1p1p/8/7P/p5P1/2qR3K b - -,e7d6 f7d7 d6e5 d7g7 e5e6 g7g6 e6e7 g6g7,Mate
6KQ/5B2/8/5p2/1k3P2/1nq3P1/8/8 b - -,b3d2 h8e5 c3g3 g8f8 d2e4 e5d4 b4a5 d4d5 a5b4 d5c4,19
r4rk1/pp1qb3/2n1ppQp/3pP3/3P2PP/P4N2/1P3PK1/R3R3 b - -,,0
8/p6p/4p1p1/3k4/1P3PP1/3K4/5P1P/8 b - -,d5d6 d3e4 d6d7 e4e5 d7e7 h2h3 e7f7 h3h4 h7h6 f2f3,620
r4r1k/pp2p2p/2np1pb1/3Qb3/4P3/2P1R2P/PP4P1/R6K b - -,g6e8 d5b3 c6d8 h1g1 f8g8 a1f1 g8g7 f1f2 a7a6 a2a4,-317
r1bqkbnr/1p3ppp/p1p1p3/2p5/4P3/P4N2/1PPP1PPP/RNBQ1RK1 b kq -,b7b6 d2d3 d8c7 a3a4 a6a5 b1d2 g8e7 h2h4 e6e5 d2c4,66
r1bqk2r/ppp1nppp/2np4/b5B1/Q1BNP3/2P5/P4PPP/RN2K2R b KQkq -,d8d7 d4c6 e7c6 g5e3 b7b6 e1h1 c8b7 c4d5 a8b8 a4c2,-107
8/pp4pk/2b4p/2P2p2/7P/P3Q1P1/5P2/3qB1K1 b - -,c6d5 g1f1 d5e4 e3d2 d1g4 d2e3 a7a6 e1c3 g4d1 c3e1,-32
rnb1k1nr/1pppqppp/8/3Pp3/1pP5/8/PP2PPPP/RN1QKBNR b KQkq -,d7d6 e2e3 g8f6 g1f3 c7c6 f1e2 e8h8 e1h1 c6d5 c4d5,-83
r4rk1/5pb1/p2N3p/1p2P3/3nN1p1/2P1q1P1/QP4KP/R4R2 b - -,d4c2 a1c1 e3d3 f1f7 g8h8 a2b1 f8f7 d6f7 h8g8 b1c2,53
8/5p2/p3b1p1/8/3K1k2/1R6/8/8 b - -,d4c2 a1c1 e3d3 f1f7 g8h8 a2b1 f8f7 d6f7 h8g8 b1c2,Mate
r4r1k/2qbbppp/p3pn2/1p1P1P2/3R4/1BN1B2Q/PPP3PP/5RK1 b - -,e6f5 g1h1 e7d6 e3g1 a8e8 h3d3 e8e7 a2a4 c7b8 a4b5,-113
r4r1k/pp1qb3/2n1pp1Q/3pP3/3P2PP/P4N2/1P3PK1/R3R3 b - -,,0
2r5/p2Q4/3kP3/3p1p1p/8/7P/p5P1/2qR3K b - -,d6e5 d7d5 e5f6 d5d4 f6g6 e6e7 c1b1 d4d7 a2a1q e7e8q,Mate
r4rk1/p1q4p/1p2p1p1/3b4/3PB3/6RQ/P2B2PP/5RK1 b - -,,0
6K1/5BQ1/8/5p2/1k3P2/1n4q1/8/8 b - -,,0
5rk1/5pbp/2b1p1p1/8/5B2/3B4/Pr3PPP/RR4K1 b - -,f8a8 f4c1 b2b1 a1b1 h7h5 b1b6 c6d5 b6a6 a8a6 d3a6,-24
8/2p1kp2/1p1p1n2/p2PpPQ1/2P3P1/2P4q/P4P2/3B2K1 b - -,h3c3 g5e3 c3c4 g4g5 f6d5 f5f6 e7d8 e3f3 e5e4 f3f5,-219
4k3/8/6p1/8/1P3RNp/5P1K/8/1r6 b - -,b1h1 g4h2 e8e7 f4h4 e7f6 h4f4 f6g5 f4e4 g5f5 h3g3,549
r4rk1/pp1qb3/2n1ppQ1/3pP3/3P2PP/P4N2/1P3PK1/R3R3 b - -,,0
r1bqk2r/1p2bppp/p1nppn2/8/4PP2/PNN1B3/1PPQB1PP/R3K2R b KQkq -,c6a5 e1a1 b7b5 e4e5 a5b3 c2b3 d6e5 d2d8 e7d8 e2f3,92
r1b1r1k1/pp3ppp/2p5/b2qP3/3P4/1P2BP2/P3B1PP/R2Q1RK1 b - -,c8f5 g2g4 f5g6 f3f4 g6e4 a1c1 d5d7 e2f3 e4f3 d1f3,115
r2qk3/5r2/1pRp3p/1P1Pp1pP/p3P1P1/Pp3R2/8/1K3Q2 b - -,f7f4 f1e2 d8f6 f3c3 f4f2 e2e3 f2f1 b1b2 a8d8 c6b6,-13
2rr2k1/qb3pbp/3p1np1/p3p3/4PP2/P1NBRNPP/1P1Q1K2/1R6 b - -,d6d5 e4d5 e5f4 g3f4 g7h6 f3g5 f6d5 c3d5 d8d5 f2f1,-449
1r1q1rk1/3b1pb1/p2p1np1/nppPp2p/2P1P3/1P4PP/PBQNNPB1/4RRK1 b - -,f6h7 b2c3 h5h4 f2f4 h4g3 c2d3 b5b4 c3a1 d8h4 d2f3,79
8/8/6k1/6Pp/5K2/1P2R1P1/1r6/8 b - -,b2f2 f4e4 f2d2 e3d3 d2b2 e4d4 g6g5 d4c3 b2b1 b3b4,425
8/7p/p3p1p1/3k4/1P3PPP/3K4/5P2/8 b - -,d5d6 d3d4 d6e7 d4e5 h7h6 f2f3 e7f7 h4h5 g6h5 g4h5,689
r4rk1/pp1nppbp/2ppb3/q5B1/3PP3/1PP1P1P1/P3N1BP/R2QK2R b KQ -,a5g5 d1d2 e6g4 h2h3 g4e2 e1e2 g5g3 a1g1 g3h4 g2f3,-414
8/pp4pk/2b4p/2P2p2/7P/P3K1P1/8/4B3 b - -,g7g5 h4g5 h6g5 e1c3 c6e8 c3e5 h7g6 e5b8 a7a6 b8c7,-13
r2q1rk1/pbp2ppp/2pp1n2/8/1b2P3/2NB2Q1/PPP2PPP/R1B2RK1 b - -,d8c8 e4e5 d6e5 c1h6 c8g4 c3e4 g4g6 h6g7 g6g3 e4f6,64
4r1k1/Q4ppp/5n2/1P1p4/8/2P3PP/P3qP1R/4R1K1 b - -,e2e1 g1g2 e1e4 g2g1 h7h5 a7d4 e4b1 g1g2 e8e1 g3g4,-684
2r5/p7/4P3/3Qkp1p/8/7P/p5P1/2qR3K b - -,e5f4 d5d4 f4g5 d4g7 g5f4 g7h6 f4e5 d1c1 c8c1 h6c1,770
r1bqkb1r/3pnppp/p2P1n2/1p6/8/2N2N2/PP3PPP/R1BQR1K1 b kq -,c8b7 f3e5 d8b8 c1f4 b8a7 d1b3 e8a8 f4e3 a7b8 d6e7,637
r2q1rk1/ppp2ppp/2n5/P1bnp2b/2B5/2PP1N1P/1P3PP1/RNBQ1RK1 b - -,c5e7 a5a6 b7a6 b1d2 g8h8 c4a6 a8b8 d1a4 d8d6 a6b5,79
r1b1k2r/pppqnppp/2np4/bB4B1/Q2NP3/2P5/P4PPP/RN2K2R b KQkq -,a7a6 b5e2 b7b5 a4d1 c6d4 d1d4 e8h8 e1h1 c8b7 a2a4,-206
3r1k2/1p3p2/p5r1/2B2pN1/5P2/2Pb3P/PP3K2/4R1R1 b - -,f8g8 c5d4 d3c4 g5f3 c4d5 f3e5 d8d6 e5g6 f7g6 e1e8,632
rn1qk2r/pppb1ppp/4pn2/8/1QpPP3/2N2N2/PP3PPP/R1B1KB1R b KQkq -,b8c6 b4c4 b7b5 c4d3 b5b4 c3e2 b4b3 a2a3 e8h8 e2c3,528
1r6/4pk2/3p1pp1/p1p1b2P/2P1P1P1/1P3K2/P2B4/5R2 b - -,,0
r3k2r/ppp2ppp/2bb4/7Q/3q4/3B4/PPPn1PPP/R1B1R1K1 b kq -,,0
2r5/p7/4Pk2/5p1p/3Q4/7P/p5P1/2qR3K b - -,,0
8/7p/p5p1/3kpP2/1P4PP/3K4/5P2/8 b - -,d5d6 d3e4 d6d7 f5g6 h7g6 e4e5 d7e7 h4h5 g6h5 g4h5,856
r4rk1/pppq1pbp/2npb1p1/8/2P5/1PN3P1/P2BPPBP/R2QR1K1 b - -,a7a5 a1c1 e6h3 g2h1 f8e8 c3d5 c6b4 d2b4 a5b4 d1d2,58
8/6q1/1Q2p1k1/3p1pp1/8/2p4R/2K5/8 b - -,g7d7 c2c3 d7e7 h3e3 g6f6 c3d2 f5f4 e3e1 f6f5 b6b1,106
2r3k1/p2r1pp1/4p3/1q2P1Pp/5Qn1/4B3/PPP3PP/1K3R1R b - -,c8c2 e3c1 g4e5 f4g3 e5d3 b1c2 b5c4 c2b1 d3b4 g3b3,-314
rn1qkb1r/ppp2pp1/4pB2/5b1p/3Pp2P/2N2P2/PPP3P1/R2QKBNR b KQkq -,g7f6 c3e4 b8d7 c2c3 d8e7 d1b3 e8a8 e1a1 e6e5 f1d3,-95
rnb1k2r/1pppqppp/5n2/3Pp3/1pP5/8/PP1NPPPP/R2QKBNR b KQkq -,d7d6 e2e4 b8a6 f1d3 e8h8 d3c2 c8d7 g1e2 a6c5 a2a3,-78
r5k1/p1q4p/1p2p1p1/3b4/3PB3/6RQ/P2B2PP/5K2 b - -,,0
2rqrbk1/8/1p1p1pnp/pNnPp1p1/P1N1P1P1/4B1P1/1P3P1K/2RQR3 b - -,g8g7 h2g2 g7f7 e3c5 b6c5 c1c3 f7g8 e1h1 c8a8 c3b3,346
r1bqk2r/2p2p2/p2p1p1p/npbNp3/4P2N/1B1P4/PPP2PPP/R2QK2R b KQkq -,c7c6 d5e3 c5d4 d1c1 d4b6 e1h1 c8e6 g1h1 d8d7 f2f4,107
4r1k1/Q4ppp/5n2/1P1p4/8/2P3PP/P4PKR/4q3 b - -,e1e4 g2g1 h7h5 a7d4 e4b1 g1g2 e8e1 b5b6 e1g1 g2f3,-692
r4rk1/pppq1pbp/2np2p1/8/2P5/1PN3Pb/P2BPP1P/R2QR1KB b - -,g6g5 b3b4 f7f5 b4b5 c6d8 a1c1 f5f4 h1f3 g8h8 c4c5,59
1r1b1rk1/p3qppp/5n2/p1pPp3/2Q1P3/2N1B2P/RP3PP1/R5K1 b - -,f6d7 c3b5 d8b6 b2b3 f7f5 e4f5 f8f5 b5c3 e7d6 a2d2,106
r4r1k/pp1qb3/2n1p1Q1/3pN1P1/3P3P/P7/1P3PK1/R3R3 b - -,f8f2 g2f2 c6e5 g6h6 h8g8 e1e5 e7f8 h6e6 d7e6 e5e6,533
r5rk/pp2p2p/2np1pb1/3Qb3/4P1P1/2P1R2P/PP6/R6K b - -,c6d8 d5c4 g6e8 a1f1 e8c6 a2a4 g8g7 h1g1 c6d7 a4a5,-321
8/4b2p/p1p1kp2/2p2p1K/2P2B2/5P1P/PP3P2/8 b - -,e7d8 h5h6 e6f7 f4d6 f7g8 d6c5 d8c7 a2a4 c7f4 h6h5,298
1r1q1rk1/3b1pb1/p2p1np1/nppPp2p/2P1PP2/1P4PP/PBQNN1B1/R4RK1 b - -,e5f4 g3f4 b5c4 b2c3 b8b4 c3b4 c5b4 b3c4 d8b6 g1h1,75
6r1/4P3/1k6/4K3/4R3/8/8/8 b - -,e5f4 g3f4 b5c4 b2c3 b8b4 c3b4 c5b4 b3c4 d8b6 g1h1,Mate
rnbqkb1r/pp2n1pp/2pp4/4pp2/2P1P3/2NP2P1/PP3PBP/R1BQK1NR b KQkq -,g7g6 d3d4 f8g7 d4e5 d6e5 d1d8 e8d8 g1f3 b8a6 b2b3,82
r1bqr1k1/bp3ppp/2pp1nn1/p3p3/P1B1P3/2PP1NNP/1P1B1PP1/R2QR1K1 b - -,d6d5 e4d5 c6d5 c4b5 c8d7 b5d7 d8d7 d2g5 e8e6 d3d4,-41
r4rk1/1pp2pp1/pbq1b2p/4R3/n6B/N1P2N2/PP2QPPP/R5K1 b - -,f8e8 a1e1 e6d7 e2d2 f7f6 e5e7 a8d8 h4f6 c6f6 e7d7,-155
r4k1r/ppp2ppp/2bb4/7Q/3q4/3B4/PPPB1PPP/R3R1K1 b - -,,0
rn1qk1nr/ppp2ppp/3Bp3/3p4/3P4/2P2b1P/PP2PPP1/RN1QKB1R b KQkq -,f3g2 d6c7 d8c7 f1g2 b8c6 b1d2 g8f6 e2e3 e8h8 e1h1,-21
7Q/pb1n1k2/1p3np1/5r2/PP1BqP2/2P5/5RPP/5RK1 b - -,e4e7 h8h3 a7a5 h3d3 a5b4 d3c4 b7d5 c4b4 d5c6 b4e7,96
r2q1rk1/pbp2ppp/2pp1n2/8/4P3/2PB2Q1/P1P2PPP/R1B2RK1 b - -,f6h5 g3h3 h5f6 c1g5 d8d7 h3h4 f6g4 f2f4 f7f6 e4e5,112
1r1q1rk1/3b1pb1/p2p1np1/nppP3p/2P1PP2/1P5P/PBQNN1B1/R4RK1 b - -,b5c4 b2c3 b8b4 c3b4 c5b4 b3c4 d8b6 g1h2 h5h4 a1e1,70
8/3q4/1Q2p1k1/3p1pp1/8/2K4R/8/8 b - -,g5g4 h3e3 g6f7 c3d3 f7e7 b6d4 d7d6 d3e2 e7f7 e3e5,89
r2r2k1/p4pbp/1p2p1p1/4B3/2RP4/4P3/P3KPPP/2R5 b - -,,0
r1b1k2r/1p2bppp/p2ppn2/q7/4PP2/P1N1BB2/1PPQ2PP/R3K2R b KQkq -,e6e5 f4f5 b7b5 e1a1 a8b8 g2g4 b5b4 c3a2 c8b7 d2b4,112
r2q1rk1/ppp2ppp/2n2n2/P1b1p2b/1PB5/2PP1N1P/5PP1/RNBQ1RK1 b - -,d8e8 b4c5 e5e4 d3e4 a8d8 d1e2 c6e5 b1d2 d8d2 c1d2,285
r1bqk1nr/1ppp1ppp/pbn5/8/4P2P/1NN5/PPP2PP1/R1BQKB1R b KQkq -,g8f6 c3d5 f6d5 e4d5 d8e7 f1e2 c6e5 d5d6 e7d6 d1d6,36
rnbqkb1r/pp4pp/2pp2n1/4pp1Q/2P1P3/2NP2P1/PP3PBP/R1B1K1NR b KQkq -,b8d7 e4f5 d7f6 h5f3 g6e7 g3g4 h7h6 g1e2 g7g6 c3e4,177
1k1qr3/pbp1n2p/1pn1B1p1/4N1B1/8/2Q5/PPP2PPP/1K2R3 b - -,c6e5 c3e5 e7c6 e5f4 d8d4 f4d2 a7a5 f2f3 a5a4 g5h6,102
3Q4/p4kpp/8/3R4/1P6/P7/6PP/6K1 b - -,c6e5 c3e5 e7c6 e5f4 d8d4 f4d2 a7a5 f2f3 a5a4 g5h6,Mate
8/2p1kp2/1p1p1n2/p3pP2/8/2PBQ1K1/q4P2/8 b - -,a2a1 g3g2 a1c3 e3e2 e5e4 d3e4 c3e5 f2f3 d6d5 e2b5,-650
7N/8/3nk3/1p3pp1/P7/2P2P2/7P/1RK5 b - -,b5a4 b1b4 a4a3 c1c2 d6e8 b4a4 e6f6 a4a3 g5g4 a3a6,551
r1b2r2/6pk/p1R2p2/1p2p2p/4P2P/3B1P2/PPP3P1/2KR4 b - -,c8d7 c6d6 d7e8 d6b6 e8f7 d3e2 f8b8 d1d6 b8b6 d6b6,280
8/3q4/1Q2p1k1/3p1p2/6p1/2K1R3/8/8 b - -,g6f7 c3d3 f7e7 b6d4 d7d6 d3e2 e7f7 e2f1 d6c7 f1g1,113
3n4/1p4k1/2p1p3/N1P2p2/1P3K1p/5P2/3P3P/8 b - -,g7g6 a5c4 g6f6 c4e5 f6g7 f4g5 h4h3 g5f4 g7f6 d2d4,262
r2n2rk/pp2p2p/3p1pb1/3Qb3/4P1P1/2P1R2P/PP6/6RK b - -,g6e8 d5c4 e8c6 a2a4 c6d7 a4a5 d8e6 g1f1 a8c8 c4d5,-324
1r1q1rk1/3b1pb1/p2p1np1/n1pP3p/2P1PP2/7P/PBQNN1B1/R4RK1 b - -,b8b2 c2b2 f6e4 b2g7 g8g7 d2e4 a5c4 a1b1 c4e3 f1f2,-409
2k5/4bp2/pB4p1/3pP2p/P2K1P2/8/6PP/8 b - -,e7a3 d4d5 c8d7 b6c5 a3c1 d5e4 d7e6 c5b4 c1b2 h2h3,281
4k3/8/8/5Rp1/1P4Np/5P1K/8/1r6 b - -,b1h1 h3g2 h1a1 f5g5 e8f7 g2h3 a1h1 g4h2 f7f6 g5h5,566
r1b2rk1/1pq1bpp1/p2ppn1p/4P3/1n3P1B/1NNB4/PPP1Q1PP/4RRK1 b - -,d6e5 f4e5 f6d5 c3d5 e6d5 h4e7 c7e7 b3d4 e7g5 e5e6,31
r4rk1/5pb1/p2N3p/1p2P3/4N1p1/2P1q1P1/QPn3KP/2R2R2 b - -,e3d3 f1f7 g8h8 a2b1 f8f7 d6f7 h8g8 b1c2 d3c2 c1c2,53
3R2k1/1p3p2/p5r1/2r2pN1/5P2/2P4P/PP3K2/6R1 b - -,g8g7 g5f3 g6g1 f2g1 c5c6 g1f2 c6h6 h3h4 h6e6 d8d7,609
3n4/1p6/2p1pk2/N1P2p2/1P1P1K1p/5P2/7P/8 b - -,f6g6 a5c4 g6f6 c4d6 h4h3 d6c4 d8f7 f4g3 f7d8 f3f4,356
r1bqk2r/3n1ppp/p3pn2/1pb5/4N3/3BPN2/PP3PPP/R1BQ1RK1 b kq -,e8h8 a2a4 b5a4 c1d2 c8b7 a1a4 b7e4 d3e4 f6e4 a4e4,7
r1bqk1nr/pp2ppbp/2np2p1/8/4PP2/2N1BN2/PPP3PP/R2QKB1R b KQkq -,,0
4rrk1/1bq1b1pp/2p1p3/p1p1Pp2/P1Np1P2/1P1P4/1BP1Q1PP/R4RK1 b - -,e8b8 e2e1 b8a8 b2a3 f8b8 h2h3 h7h6 g2g4 g8h7 e1g3,177
2b1r1k1/5ppp/2Qp4/3P4/3q4/8/2B2PPP/2K4R b - -,d4a1 c1d2 a1d4 d2c1 d4f4 c1b2 f4b4 b2c1 g8f8 c6a4,-569
8/7p/p7/3k1P2/1P2p2P/4K3/5P2/8 b - -,h7h6 f5f6 d5d6 e3e4 d6e6 f2f4 h6h5 f6f7 e6f7 f4f5,949
3q1rk1/3b1pb1/p2p1np1/n1pP3p/2P1PP2/7P/PQ1NN1B1/R4RK1 b - -,f6e4 b2g7 g8g7 d2e4 a5c4 e4g5 c4e3 f1f2 d8b6 g2e4,-431
r4r2/3b2pk/p2R1p2/1p2p2p/4P2P/3B1P2/PPP3P1/2KR4 b - -,d7c8 d3e2 f8f7 d6c6 f7d7 d1d2 d7d2 c1d2 c8d7 c6d6,284
8/8/1BK2N2/8/2k5/8/8/8 b - -,c4d3 f6d5 d3e2 b6c5 e2d3 c6d6 d3e2 d5f4 e2f1 d6e6,178
2r2rk1/p4p2/2n2Bp1/qp1pPR1p/Nb1P4/1P1Q4/P5PP/2R3K1 b - -,c6e5 d3f1 c8c1 f1c1 e5g4 f5f1 b5a4 f6g5 a5b6 g5h4,-545
8/3q1k2/1Q2p3/3p1p2/6p1/3KR3/8/8 b - -,f7e7 b6d4 d7d6 d3e2 e7f7 e2f1 d6c7 f1g1 c7c1 g1f2,115
r2n2rk/pp2pb1p/3p1p2/4b3/4P1P1/2P1R2P/PP1Q4/6RK b - -,e5f4 d2e2 f4e3 e2e3 d8c6 a2a4 c6e5 a4a5 f7g6 g1g3,-366
6k1/6p1/5p2/7p/7P/4RP2/6P1/6K1 b - -,g8f7 e3e1 g7g6 g1h2 f7g7 h2g3 g7f8 g3f4 f8f7 e1a1,756
rnb1kbnr/p1pp1ppp/1p2pq2/4P3/3P4/5QP1/PPP2P1P/RNB1KBNR b KQkq -,,0
8/8/8/7p/2K3k1/1P2R1P1/8/1r6 b - -,b1h1 b3b4 h1c1 c4b3 c1b1 b3c3 b1c1 c3b2 c1c6 b2b3,434
8/r2k3R/8/8/8/8/6K1/8 b - -,b1h1 b3b4 h1c1 c4b3 c1b1 b3c3 b1c1 c3b2 c1c6 b2b3,Mate
r3k2r/ppp2ppp/2bb1q2/8/3Pn3/1Q1B4/PPP2PPP/RNB2RK1 b kq -,f6d4 b1d2 e8h8 d2e4 c6e4 d3e4 d4e4 c1e3 b7b6 a1d1,-6
rnbqkbnr/ppp3pp/8/3ppp2/3P4/5PP1/PPP1P1BP/RNBQK1NR b KQkq -,e5d4 d1d4 b8c6 d4f2 b7b6 e2e3 d8d7 b1c3 g8f6 g1e2,-78
7N/8/3nk3/5pp1/pR6/2P2P2/7P/2K5 b - -,a4a3 c1c2 e6e7 c2b3 e7f8 b4b6 a3a2 b3a2 d6c4 b6g6,595
2b1r1k1/5ppp/2Qp4/3P4/5q2/8/2B2PPP/1K5R b - -,c8d7 c6b6 d7f5 h1c1 f5c2 b1c2 f4c4 c2b1 c4d5 c1c2,-647
4k3/8/8/6R1/1r4Np/5P1K/8/8 b - -,b4f4 g4e5 e8d8 g5h5 d8c7 h5h4 f4f8 h3g3 c7d6 h4e4,635
rn1qkb1r/pp1n2p1/4pp1p/2ppP2b/3P1B1N/2N4P/PPP1BPP1/R2Q1RK1 b kq -,h5f7 e2h5 f6f5 h4g6 h8g8 c3b5 b8c6 c2c4 d7b6 a1c1,207
r4rk1/pp1qb1p1/2n1p1QB/3pp3/3P2PP/P4N2/1P3PK1/R3R3 b - -,e7f6 d4e5 c6e7 g6d3 g7h6 e5f6 f8f6 f3e5 d7d6 e1e2,108
3rr1k1/pp2bppp/7n/3Pp3/4N1P1/4B2P/P4P2/R2R2K1 b - -,e7a3 e3h6 g7h6 e4f6 g8f8 f6e8 f8e8 d1d3 a3c5 g1g2,225
r1b2rk1/4ppbp/pNnp2p1/8/4P1n1/1P2BN2/1PP2PPP/2KR1B1R b - -,g4e3 f2e3 a8a7 b6c8 f8c8 c2c3 g7h6 d1e1 c8b8 c1c2,83
r2n2rk/pp2pb1p/3p1p2/4b3/4P1P1/2PQR2P/PP6/6RK b - -,a7a6 d3d1 g8g7 d1a4 d8c6 g1f1 a8g8 a4d1 c6d8 h1g1,-347
2kr3r/1Q5p/R2Ppp2/3b4/8/8/1PPB2PP/2K4R b - -,d5b7 a6b6 b7g2 h1g1 h8g8 c2c4 g2e4 g1g8 d8g8 b2b4,251
rnbqkbnr/4pppp/p2p4/8/2BP1B2/5N2/PP3PPP/RN1QK2R b KQkq -,e7e6 e1h1 b8d7 f1e1 f8e7 d1a4 e8f8 a4d1 g8f6 b1c3,64
8/5kp1/5p2/7p/7P/4RP2/5KP1/8 b - -,f7f8 e3e1 f8f7 f2g3 f7g8 e1e7 g8f8 e7b7 g7g6 g3f4,871
8/2k5/8/8/5P2/7P/P4P1K/8 b - -,f7f8 e3e1 f8f7 f2g3 f7g8 e1e7 g8f8 e7b7 g7g6 g3f4,Mate
q5rk/2R2p2/pp1N1p1p/2P5/1P2b3/P6P/5P1K/1R3B2 b - -,e4b1 d6f7 h8h7 f7d8 g8g7 c7g7 h7g7 d8e6 g7f7 e6d4,-707
1r6/5pkp/4p1p1/p2p2Pn/2rR4/P4P2/1PP1N2P/1K2R3 b - -,c4d4 e2d4 b8c8 e1e3 h7h6 g5h6 g7h6 b2b4 a5b4 a3b4,-21
r3r1k1/2p3pp/4p1q1/3p4/3N4/2Nb2PP/7R/1RKQ4 b - -,d3b1 c3b1 g6g3 h2b2 c7c5 d4c2 g3h3 d1e2 e8f8 b2b6,-504
r2r2k1/5p1p/p3p1p1/1pR1P3/5P2/4P3/P3K1PP/2R5 b - -,,0
r1bq1rk1/1p2bppp/p1nppn2/8/4PP2/PNN1BB2/1PPQ2PP/R3K2R b KQ -,e6e5 e1a1 e5f4 e3f4 c6e5 d2e2 d8b6 b3d4 f8e8 h1g1,47
4r1k1/Q4ppp/5n2/1P1p4/4q3/2P3PP/P4P1R/5K2 b - -,e4b1 f1g2 b1e4 f2f3 e4c2 a7f2 e8e2 g2g1 c2b1 f2f1,-676
r3kb1r/pp1n1ppp/2p1p3/2Pp1b2/1P1PnB2/2N1P3/1P2NPPP/R3KB1R b KQkq -,g7g5 f4c7 a8c8 c7g3 a7a6 h2h4 g5g4 g3f4 h7h5 f2f3,51
rnb1kbnr/p1pp1ppp/1p2p3/4P3/3P4/5NP1/PPP2P1P/RNB1KB1R b KQkq -,,0
r1bqkbnr/ppp3pp/2n5/3p1p2/8/5PP1/PPP1PQBP/RNB1K1NR b KQkq -,g8f6 g1h3 b7b6 c2c3 d8d7 e1h1 c8b7 h3f4 e8a8 f4d3,-97
r1b1k2r/pppqBppp/3p4/Q7/2BnP3/2P5/P4PPP/RN2K2R b KQkq -,d4c6 a5a4 c6e7 c4b5 c7c6 b5e2 d6d5 b1d2 d7c7 e1h1,-132
r1b1k2r/pp3p2/2nqpn1p/2pp2p1/3P1P2/2PBPN2/PP1NQ1PP/R3K2R b KQkq -,g5f4 d4c5 d6c5 e3f4 c8d7 d2b3 c5b6 e1a1 e8a8 f3e5,77
5r2/pp3pR1/5k1P/2p4n/3R4/P7/B4PK1/8 b - -,c5d4 g7g4 d4d3 g2f3 f8h8 f3e3 h8h6 g4a4 h5g7 e3d3,-1
1r1q1rk1/3b1pb1/p2p1np1/n1pP3p/2p1PP2/1PB4P/P1QNN1B1/R4RK1 b - -,b8b4 c3b4 c5b4 b3c4 f8e8 a1e1 a5b7 e2c1 h5h4 e4e5,78
6k1/5p2/p6r/2R5/PP6/7P/5PPK/3r4 b - -,d1d2 c5f5 g8g7 b4b5 a6a5 h2g1 d2a2 b5b6 h6b6 f5g5,-423
r2k2nr/pppb1ppp/4p1n1/2b5/4PP2/2N2N2/PPPB2PP/R3KB1R b KQ -,g8e7 e1a1 e7c6 f1d3 c6d4 f3d4 c5d4 c3e2 d4b6 h2h4,95
3r2r1/2pk1p1p/Q1ppbp2/2b5/4P1q1/2N2NP1/PP3P1P/2R1R1K1 b - -,g4f3 a6f1 g8g3 h2g3 f3g3 f1g2 c5f2 g1h1 f2e1 g2g3,-652
1r6/4pk2/3p1pp1/2p1b2P/P1P1P1P1/5K2/P2B4/5R2 b - -,,0
2r2rk1/p4p2/6p1/qp1pBR1p/Nb1P4/1P1Q4/P5PP/2R3K1 b - -,c8c1 f5f1 c1f1 d3f1 b4e7 a4b2 a5d2 b2d3 d2e3 g1h1,-563
1r1q1rk1/3b1pb1/p2p1np1/n1pP3p/4PP2/1PB4P/2QNN1B1/R4RK1 b - -,b8b4 c3b4 c5b4 e4e5 d6e5 f4e5 f6d5 g2d5 d7h3 e2f4,125
5B2/8/2p4P/1p6/3P4/2Pb1kp1/8/6K1 b - -,,0
r1q2rk1/pbpn1ppp/2pp3B/8/4P3/2PB2Q1/P1P2PPP/1R3RK1 b - -,g7g6 h6f8 d7f8 e4e5 d6e5 g3e5 b7a6 c3c4 f8e6 f1d1,Mate
2r5/5pkp/4p1p1/p2p2Pn/2rR4/P1P2P2/1P2N2P/1K2R3 b - -,a5a4 e1d1 f7f6 f3f4 g7f7 d4c4 c8c4 d1d4 h5g7 e2g3,-27
r2qkb1r/ppp1pppp/1nnp4/4P3/3P1Pb1/1B3N2/PPP3PP/RNBQK2R b KQkq -,d6e5 f4e5 e7e6 c2c3 f8e7 b1d2 e7h4 g2g3 h4e7 d1e2,42
3rr1k1/pp2b1pp/7n/3PpP2/4N3/4B2P/P4P2/R2R2K1 b - -,b7b6 d5d6 e7h4 e3h6 g7h6 d1d5 d8d7 a1c1 d7f7 d6d7,188
r1b1kb1r/ppp2ppp/2n5/3qp1N1/8/8/PPPPBPPP/R1BQK2R b KQkq -,d5g2 e2f3 g2g5 f3c6 b7c6 d1f3 g5f6 f3c3 e5e4 c3f6,-544
r1bqk2r/5p2/p1pp1p1p/1pb1p3/4P2N/1P1PN3/1PP2PPP/R2QK2R b KQkq -,e8d7 e1h1 d7c7 c2c3 c5e3 f2e3 c8e6 c3c4 h8g8 d1c2,131
1k1qr3/pbp1n3/1pN1B1p1/6Bp/8/2Q5/PPP2PPP/1K2R3 b - -,b7c6 c3f6 c6d5 e6d5 d8d5 e1e7 e8e7 f6e7 d5g2 e7e5,425
r1b1k2r/pppqBppp/2np4/6Q1/2B1P3/2P5/P4PPP/RN2K2R b KQkq -,d7e7 g5e3 c8e6 c4b5 e8h8 e1h1 f7f5 b5c6 b7c6 b1d2,-150
7r/pp3p2/5k1P/7n/4K1R1/P2p4/B4P2/8 b - -,d3d2 a2b3 f6e7 e4e3 h8h6 g4e4 e7f8 e3d2 h5g7 e4a4,-34
r2q1rk1/ppp2ppp/2nb1n2/P3p2b/1PB5/2PP1N1P/3N1PP1/R1BQ1RK1 b - -,a8c8 a5a6 b7b6 f1e1 h7h6 d1b3 h5g6 c1a3 g6f5 b3a4,88
r1bq1rk1/pp2bppp/2nppn2/2p5/2B1PB2/2NP1N2/PPPQ1PPP/R4RK1 b - -,a7a6 a2a4 d6d5 e4d5 e6d5 c4b3 f8e8 h2h3 c8e6 c3e2,-42
r1b2rk1/pp5p/2p1Nqpb/4R3/4Q2P/2pB2P1/PPP3P1/4R1K1 b - -,f6f2 g1h2 c8e6 e5e6 f8f4 e6e8 a8e8 e4e8 f4f8 e8e6,78
8/pp6/8/4kp2/P3N2R/r7/5K2/8 b - -,f5e4 h4h7 a3a4 h7b7 a7a5 b7d7 a4a3 d7e7 e5d5 e7d7,-516
2r5/5pkp/4p1p1/3p2Pn/p1rR4/P1P2P2/1P2N2P/1K1R4 b - -,h7h6 h2h4 f7f6 f3f4 h6g5 h4g5 g7f7 b1c2 h5g7 b2b3,-12
rn2kb1r/3p2pp/1q2p3/2p1P3/4b3/8/PP1B1PPP/R1Q1KBNR b KQkq -,b8c6 g1f3 f8e7 f1e2 e8h8 d2c3 c6d4 c3d4 c5d4 e1h1,-162
1r4k1/1r3p1p/3p2p1/1pnP1P2/pR6/8/PP1RB1PP/6K1 b - -,g6f5 e2d1 c5e4 d2e2 b8c8 d1c2 c8c5 c2e4 f5e4 b4e4,-83
r3kb1r/pp1npppp/2p5/8/3P4/3B4/PPPN1PPP/R4RK1 b kq -,,0
8/4pk2/3p1pp1/2p1b2P/P1P1P1P1/4K3/Pr1B4/5R2 b - -,,0
q5rk/2R2N2/pp3p1p/2P5/1P6/P6P/5P1K/1b3B2 b - -,h8h7 f7d6 g8g7 c5b6 a8b8 d6c4 g7c7 b6c7 b8c7 h2g1,-554
r3k2r/1pp1Qppp/p1p2n2/8/4P3/2N5/PPP2PPP/R3K2R b KQkq -,e8e7 a1d1 a8d8 e1e2 f6d7 f2f4 f7f6 d1d2 d7c5 d2d8,46
8/8/2pB3P/1p3b2/3P4/2P2kp1/8/6K1 b - -,,0
r1b1k2r/1p3ppp/p1n1pq2/2b5/P1B1P1n1/5NB1/1P2QPPP/RN3RK1 b kq -,h7h5 e4e5 f6h6 h2h4 c5a7 b1c3 e8h8 c3e4 c6e7 e4d6,169
8/1N3n2/2p1pk2/2P2p2/1P1P1K1p/5P2/7P/8 b - -,f7h8 f4e3 h8g6 b7d8 g6e7 e3d2 h4h3 f3f4 f6g6 d2e2,370
3rr1k1/p4ppp/q3p3/2R4Q/2P2P2/4n1P1/PB1p2BP/R5K1 b - -,d2d1q a1d1 d8d1 h5d1 e3d1 b2d4 a6d6 g2d5 e6d5 c5d5,-692
7N/8/3nk3/5pp1/1R6/p1P2P2/7P/1K6 b - -,e6d5 h8g6 d5c5 g6e5 d6b5 e5d3 c5c6 b4c4 c6d7 b1a1,546
6k1/5pbp/p2ppqp1/1np5/2B1P2P/5P2/PPPQ2P1/1KB5 b - -,b5a3 b1a1 a3c4 d2g5 h7h5 c2c3 f6g5 c1g5 d6d5 a2a3,-478
r1q2Bk1/pbpn1p1p/2pp2p1/8/4P3/2PB2Q1/P1P2PPP/1R3RK1 b - -,c6c5 f8h6 c5c4 d3c4 d7e5 c4e2 b7a6 c3c4 c8e6 f2f4,578
1k1qr3/p1p1n3/1pQ1B1p1/6Bp/8/8/PPP2PPP/1K2R3 b - -,e7c6 g5d8 c6d8 b1c1 e8e6 e1e6 d8e6 c1d2 b8c8 d2e3,-405
5k2/8/5p2/6Pp/8/4RP2/6P1/5K2 b - -,f6g5 e3e5 h5h4 f1f2 g5g4 e5h5 f8f7 h5h4 f7g6 h4g4,1154
rn1q1b1r/pp1nk1p1/4ppNp/3pP2B/3p1B2/2N4P/PPP2PP1/R2Q1RK1 b - -,e7e8 g6h4 g7g6 h5g6 e8e7 c3d5 e6d5 e5f6 d7f6 f1e1,1077
5k2/5p1p/4p1p1/3p2Pn/p1rR4/P1P2P2/1P2N2P/1K6 b - -,f7f6 f3f4 f8e7 b1c2 e7d6 c2d3 f6g5 f4g5 c4d4 c3d4,9
r2q1rk1/1pp2ppp/p1nb1n2/P3p2b/1PB1N3/2PP1N1P/5PP1/R1BQ1RK1 b - -,g8h8 c1g5 d6e7 e4g3 h5g6 f3h4 f6e8 h4g6 h7g6 g5e7,101
rqb1k1nr/3p1ppp/p7/3NQ3/2BnP3/1P6/P2B1PPP/R3K2R b KQkq -,e8f8 d2b4 b8b4 d5b4 g8e7 e5d4 a6a5 b4d5 c8b7 d5e7,Mate
rqb3k1/1p1n1rpp/p2b1p2/N2NpP2/4P1Q1/8/PP1B2PP/2R2R1K b - -,d7c5 f1f3 b7b6 b2b4 c5e4 a5c6 c8b7 c6b8 b7d5 c1e1,380
8/1N3n2/2p2k2/2P1Pp2/1P3K1p/5P2/7P/8 b - -,f6e7 b7a5 e7e6 a5c6 e6d5 c6e7 d5e6 e7g6 f7d8 b4b5,627
6k1/1p1R1p2/p5r1/2r2pN1/5P2/2P4P/PP3K2/6R1 b - -,c5b5 d7d2 b5a5 b2b3 a5a3 h3h4 f7f6 h4h5 f6g5 h5g6,590
5r2/pp3p2/5k1P/7n/6R1/P2p1K2/B4P2/8 b - -,,0
rnbq1rk1/ppp3b1/3p2p1/3P4/2P2B2/2N4P/PP1Q1P2/R3KB1R b KQ -,d8h4 f4g5 h4h8 f1e2 c8f5 h3h4 b8d7 g5e3 d7c5 h4h5,101
5k2/5p1p/4p1p1/3p2Pn/p2P4/P4P2/1P2N2P/1K6 b - -,f7f6 g5f6 f8f7 b1c2 f7f6 e2c3 h5g7 c3a4 g7f5 c2c3,205
r1b2r2/pp1n1pkp/6p1/3P4/4N3/1PqB1PnP/P4RPN/R2Q2K1 b - -,g3e4 f3e4 d7e5 d3f1 c8d7 a1c1 c3e3 d1d2 e3d2 f2d2,146
1B4k1/5pbp/2b1p1p1/8/8/3B4/Pr3PPP/RR4K1 b - -,b2b1 a1b1 g7f6 b1c1 c6d7 b8f4 e6e5 f4e3 f6g7 d3e2,566
2R2rk1/p4p2/5Bp1/qp1pnR1p/Nb1P4/1P1Q4/P5PP/6K1 b - -,e5d3 c8f8 b4f8 b3b4 a5a4 f5f1 f8g7 f6g7 g8g7 h2h3,-835
r1b1k2r/ppp1qpQp/2np4/8/2B1P3/2P5/P4PPP/RN2K2R b KQkq -,e7e4 c4e2 h8f8 g7g3 c8f5 b1d2 e4c2 g3g5 f7f6 g5e3,-162
2rqrbkn/N7/1p1p1p1p/p1nPp1p1/P1N1P1P1/4B1P1/1P3P1K/2RQR3 b - -,c8a8 e3c5 b6c5 a7c6 d8c7 e1e3 h8g6 e3b3 g6e7 b3b6,327
4r2k/p1p1qp1n/1p4p1/8/4P3/8/PPP1B2Q/2KR4 b - -,h8g7 d1h1 e7g5 c1b1 h7f6 e2b5 e8d8 b5d3 g5h5 e4e5,-101
r1r3k1/pp2bpp1/q1n1p3/3pP1p1/3P3P/P3QN2/1P1B1P2/R5RK b - -,g8f8 f3g5 f8e8 e3f4 e7g5 g1g5 g7g6 h4h5 a6d3 h5g6,78
5k2/8/8/4R1pp/8/5P2/6P1/5K2 b - -,g5g4 e5h5 f8g7 f1f2 g4f3 g2f3 g7g6 h5b5 g6f6 f2g3,1515
4k3/8/8/6R1/6NK/5P2/8/1r6 b - -,b1h1 h4g3 e8f7 g5e5 f7g6 e5e6 g6g7 f3f4 h1f1 g4e3,635
rn2kb1r/3p2pp/1q2p3/2p1P3/4b3/2B5/PP3PPP/R2QKBNR b KQkq -,b8c6 f1d3 e4g2 d1h5 g7g6 d3g6 e8d8 h5g5 d8c7 g5g2,-50
3rr1k1/p4ppp/q3p3/1Rb4Q/2P2P2/4nBP1/PB1p3P/R5K1 b - -,e3f5 g1h1 g7g6 h5h3 c5d4 h3g2 d4b2 b5b2 f5e3 g2d2,-560
5rk1/6rp/2p1p3/p1PpP1pq/3Bn3/4QpPP/PP3P2/3R2KR b - -,h5f7 e3e1 h7h5 b2b3 g8h7 e1a5 g5g4 h3h4 f7a7 a5a7,-200
4rr1k/1bq1b1pp/2p1Q3/p1p2p2/P1Np1P2/1P1P4/1BP3PP/4RRK1 b - -,b7a6 b2a3 a6c4 e6c4 f8g8 a3c5 e7c5 c4c5 e8e1 f1e1,442
r2qrbkn/8/1pNp1p1p/p1nPp1p1/P1N1P1P1/4B1P1/1P3P1K/2RQR3 b - -,d8c7 e3c5 d6c5 d1b3 h8f7 b3b6 c7d7 c4e3 f7d6 f2f3,315
8/8/2p2k2/N1P1np2/1P3K1p/5P2/7P/8 b - -,e5g6 f4e3 g6e7 e3d4 h4h3 a5b7 e7g6 b7d6 g6h4 d4e3,140
r1bq1rk1/6pp/2p2p1n/pp1pp3/4P3/1PNPPNQ1/1PP2RPP/5RK1 b - -,h6g4 f2e2 g4e3 e2e3 d5d4 e3e1 d4c3 b2c3 a5a4 b3a4,-60
r1b1k2r/1p3ppp/p1n1pq2/2b1N3/P1B1P3/6B1/1P2QPPP/RN3RK1 b kq -,h7h5 e5c6 b7c6 e4e5 f6f5 c4d3 f5g4 e2c2 h5h4 c2c5,932
7N/4k3/3n4/5pp1/1R6/p1P2P2/K6P/8 b - -,g5g4 f3g4 d6e4 b4c4 e7f6 g4f5 e4f2 c4d4 f6f5 a2a3,609
r2q1rk1/pbpn1ppp/2pp4/8/4P3/2PB2Q1/P1P2PPP/1RB2RK1 b - -,d8c8 c1h6 g7g6 h6f8 d7f8 e4e5 d6e5 g3e5 b7a6 c3c4,406
r1b2rk1/4ppbp/pNnp2p1/8/4P3/1P2PN2/1PP3PP/2KR1B1R b - -,a8a7 b6c8 f8c8 c2c3 g7h6 d1e1 c8b8 c1c2 a6a5 f3d4,67
r1b1k2r/ppp2pQp/2np4/8/4q3/2P5/P3BPPP/RN2K2R b KQkq -,h8f8 g7g3 c8d7 b1d2 e4e7 e1h1 e8a8 g3d3 d8e8 a1e1,-158
q5r1/2R2N1k/pP3p1p/8/1P6/P6P/5P1K/1b3B2 b - -,g8g7 f7d6 a8d5 c7g7 h7g7 d6c4 d5f3 f1g2 f3f4 h2g1,-753
8/5k2/8/6Rp/8/5P2/6P1/5K2 b - -,h5h4 f1f2 f7f6 g5b5 f6f7 f2e3 f7e6 e3e4 e6d6 b5g5,1785
r1b1kbnr/pp1p2pp/1q2p3/1N2p2Q/2P5/2N5/PP3PPP/R3KB1R b KQkq -,g7g6 h5e5 e8f7 e5h8 g8f6 f1d3 f8g7 c4c5 b6c5 h8d8,362
r3rbkn/2q5/1pNp1p1p/p1BPp1p1/P1N1P1P1/6P1/1P3P1K/2RQR3 b - -,d6c5 d1b3 h8f7 b3b6 c7d7 c4e3 e8c8 b2b3 f7d6 f2f3,345
r5k1/p1qn3p/1p2pRp1/3bp3/3P4/2PBR2Q/P2B2PP/6K1 b - -,e5d4 f6g6 h7g6 e3g3 d7e5 d3g6 g8f8 h3h4 e5f7 g6f7,587
7N/8/3nk3/5pp1/1R6/K1P2P2/7P/8 b - -,e6e5 h8g6 e5d5 a3b3 d5c5 g6e5 f5f4 b4d4 d6f5 d4c4,642
r2q1rk1/pp2bpp1/5np1/3p2B1/7P/2NRPP2/PPQ3P1/2K4R b - -,d8a5 c1b1 a8c8 c2b3 c8c5 h1d1 a5a6 a2a3 f8e8 d3d2,113
2r5/1p1kbp2/pBn1p1p1/4P3/P1R2PP1/1P3B2/4K3/8 b - -,c8h8 f3g2 g6g5 g2c6 b7c6 c4d4 d7e8 f4f5 h8h2 e2f1,36
4k3/5p1p/pp2pb2/6p1/P3PP2/1P2BKPn/2N5/8 b - -,b6b5 a4b5 a6b5 f3g4 h3f4 g3f4 g5f4 g4f4 e8d7 e3c5,180
8/8/2p2k2/N1P2p2/1P5p/3nKP2/7P/8 b - -,d3e1 a5c6 f6e6 c6d4 e6d7 b4b5 f5f4 e3e4 d7c7 h2h3,565
2k1rb1r/ppp2ppp/8/4P3/2n2B2/8/PP3PPP/RNR3K1 b - -,c4b2 e5e6 e8e7 f4g3 b2d3 c1c3 d3b4 b1a3 b4c6 e6f7,-255
r1bqk2r/5p2/p1pp1p2/1pb1p2p/4P2N/1P1PN3/1PP2PPP/R2Q1RK1 b kq -,c5d4 d1c1 e8d7 e3f5 d4b6 c2c4 b5b4 f1d1 d7c7 d3d4,157
8/n4k1p/4p1pB/1b6/p2P2P1/1p2K2P/5R2/8 b - -,f7e7 h6f8 e7d8 e3d2 b5c6 d2c3 a7b5 c3c4 d8c7 f8c5,Mate
3rr1k1/p4ppp/q3p3/2Q5/2P2P2/5BP1/PR5P/6K1 b - -,d8b8 b2c2 e8c8 c5d4 b8b4 f3e2 a6c6 c2d2 c6b6 d4b6,-408
r5k1/p1q4p/1p2pnp1/3bP3/8/2PBR2Q/P2B2PP/6K1 b - -,a8f8 e5f6 f8f6 h3g3 c7g3 e3g3 d5a2 d2h6 f6f7 h2h4,399
r1b1k2r/1p3ppp/p3pq2/2b1n3/P1B1P3/6B1/1P1NQPPP/R4RK1 b kq -,h7h5 g3e5 f6e5 d2f3 e5c7 f1c1 e8h8 c4d3 c7e7 e4e5,71
r4rk1/1ppqbppp/p1n5/4Pb2/3PpN2/2P1B3/PP1QB1PP/2KR3R b - -,a8d8 g2g4 f5g4 e2g4 d7g4 h1g1 g4h4 d2g2 g7g6 d1f1,244
8/8/4k3/7R/8/5P2/6P1/5K2 b - -,a8d8 g2g4 f5g4 e2g4 d7g4 h1g1 g4h4 d2g2 g7g6 d1f1,Mate
4r3/pp2p3/4PpPk/3q4/8/8/P1Q3PP/5R1K b - -,,0
5r2/pprbN1kp/3R2p1/6Bn/4P3/5P2/PPP5/1K5R b - -,d7e8 e7d5 c7d7 d6e6 e8f7 e6e7 d7e7 g5e7 f8e8 h1e1,200
rn1qk2r/1b1p1pbp/p3pnp1/1PpP4/4P3/2N2N2/PP2BPPP/R1BQK2R b KQkq -,a6b5 e2b5 e6d5 e4d5 d8e7 b5e2 b7a6 e1h1 a6e2 c3e2,101
8/8/2p2k2/N1P2p2/1n1K3p/5P2/7P/8 b - -,f6e6 d4c4 b4d5 a5c6 d5e3 c4d3 e3g2 c6d4 e6e5 c5c6,222
4r3/3b1ppp/1pk5/8/2P5/2P4P/P4PP1/R5K1 b - -,e8a8 g2g4 c6c5 a1e1 d7e6 e1e4 a8a2 g4g5 a2c2 e4h4,-532
5rk1/prq2ppp/5n2/p2Pp3/1bp1P3/2N1BP1P/RPQ3P1/R6K b - -,f8c8 a2a4 f6d7 a1d1 h7h6 c2e2 d7f6 d1c1 f6e8 e3f2,-47
4rr2/pppq2kp/3p1pp1/3R4/2P5/1P4P1/PQ2PPKP/5R2 b - -,d7e7 e2e3 e7e4 g2g1 e8e5 d5d4 e4c6 h2h4 b7b6 f1d1,13
8/2P3p1/6P1/8/7r/3K2k1/7p/7R b - -,h4h8 h1e1 h8c8 e1e3 g3g4 e3e4 g4g5 e4e1 c8c7 e1h1,-8
r2q1rk1/ppp2pp1/3pbn1p/3N4/3pP3/1B1P3P/PPP1QPP1/2KR3R b - -,f6d5 b3d5 e6d5 e4d5 d8g5 c1b1 g5d5 e2e4 d5e4 d3e4,-147
rn1q1rk1/ppp3b1/3p2p1/3P1b2/2P2B2/2N4P/PP1Q1P2/2KR1B1R b - -,d8f6 f4g5 f6f7 h3h4 b8d7 f1e2 d7f6 d1g1 a8e8 g5e3,133
r2qkb1r/ppp2ppp/2np1n2/4p3/2B1P1P1/5Q1P/PPPP1P2/RNB2RK1 b kq -,c6d4 f3d1 h7h5 c2c3 d4c6 d1b3 d8d7 g4g5 d6d5 c4d5,-156
5rk1/prq2pp1/5n2/p2Pp1Bp/1bp1P3/2N2P1P/RPQ3P1/R6K b - -,f6e8 g5e3 e8d6 a1d1 f7f6 d1c1 f8c8 c2e2 a7a6 a2a1,-38
rn1qk2r/1b1p1pbp/p4np1/1PppP3/8/2N2N2/PP2BPPP/R1BQK2R b KQkq -,f6e4 c3d5 d8a5 e1f1 e8h8 d1d3 f7f5 e5f6 e4f6 d5e7,111
8/8/2p2k2/N1P2p2/7p/2K2P2/2n4P/8 b - -,c2a3 a5c6 f6e6 c6d4 e6d5 c5c6 a3c4 d4f5 c4b6 c6c7,261
8/n3k2p/4p1pB/1b6/p2P2P1/1p5P/3K1R2/8 b - -,b5c6 h6f8 e7e8 f8c5 a7b5 f2f8 e8d7 f8f7 d7c8 d2c1,-5
2r2rk1/p4p2/2n2Bp1/qpNpPp1p/1b1P4/1P1Q4/P5PP/2R2RK1 b - -,b4a3 c1d1 c6d4 c5d7 d4e6 d7f8 a3f8 d3d5 a5a2 d5b5,21
7N/8/3nk3/6p1/R4p2/K1P2P2/7P/8 b - -,d6b7 a3b4 b7d8 a4a6 e6d7 h8g6 d8e6 g6e5 d7e7 a6a7,685
8/8/3k4/7R/6P1/5P2/8/5K2 b - -,d6e6 h5f5 e6e7 f1g2 e7e6 f5f4 e6e5 g4g5 e5f4 g5g6,1785
q7/2R3rk/pP1N1p1p/8/1P6/P6P/5P1K/1b3B2 b - -,a8b8 d6c4 g7c7 b6c7 b8c7 h2g1 h7h8 a3a4 c7f4 c4e3,-612
8/pr3kpp/4pr2/3p1p2/b1pP4/2P4P/PPB1RPP1/4R1K1 b - -,a4b5 e2e5 a7a5 b2b3 g7g5 c2d1 b7b6 g2g4 f5g4 h3g4,12
r2q1r1k/1pp2ppp/p1nb4/P3p2b/1PB1P3/2PQ1N1P/5PP1/R1B2RK1 b - -,d6e7 c4d5 d8d7 f1d1 f7f6 g2g4 h5f7 f3h4 f7d5 d3d5,76
2b2rk1/r3ppbp/pNnp2p1/8/2B1P3/1P2PN2/1PP3PP/2KR3R b - -,c8b7 h1f1 a6a5 f1f2 f8b8 e4e5 g7h6 f2e2 b7a6 c4a6,45
2rq1r1k/pb3ppp/1pn1pb2/3P4/4P3/P2B1N2/1B2QPPP/3R1RK1 b - -,c6a5 e4e5 f6e7 d5d6 e7g5 f3g5 d8g5 f2f4 g5h4 f4f5,323
4rr2/pppq2kp/3p1pp1/3P4/8/1P4P1/PQ2PPKP/3R1R2 b - -,d7f7 d1d4 e8e5 b2d2 f8e8 e2e3 g6g5 f1c1 a7a5 h2h3,43
rn1qk2r/1b1p1pbp/p5p1/1PpNP3/4n3/5N2/PP2BPPP/R1BQK2R b KQkq -,e8h8 e1h1 d7d6 b5b6 d6e5 d5c7 b8c6 c7a8 d8a8 f1e1,106
2r1b3/4kppp/2P1p3/4P3/5P2/p7/1p1R1KPP/1B6 b - -,e8c6 d2d3 c8a8 b1a2 c6d5 d3d5 e6d5 f4f5 a8c8 g2g4,-719
r1bk1bnr/pp1p2pp/1q2p3/1N2Q3/2P5/2N5/PP3PPP/R3KB1R b KQ -,g8f6 e1a1 b6c5 e5f4 b7b6 f1e2 c8a6 f4f3 a8c8 b5a7,148
r2qkbnr/1b1p1ppp/p1n1p3/1p1B4/4P3/2N2N2/PP3PPP/R1BQR1K1 b kq -,f8e7 d5c6 d7c6 d1e2 g8f6 e4e5 f6d7 e2e4 b5b4 c3a4,-82
8/4pk2/3p1pp1/P1p1b2P/2P1P1P1/3K4/r2B4/5R2 b - -,,0
4br2/ppr3kp/3R2p1/3N2Bn/4P3/5P2/PPP5/1K5R b - -,c7c5 d6d8 c5c6 b2b3 c6e6 d5c7 e6e5 g5d2 e8f7 d2h6,634
rn1qkb1r/pp2pppp/3p1n2/2p5/2B1PQb1/8/PPPPNPPP/RNB1K2R b KQkq -,e7e5 f4e3 b8c6 d2d3 f8e7 b1c3 e8h8 e3d2 c6d4 a2a4,-30
rnbqk2r/pp3pp1/4pn1p/2p1P3/1bpP3B/2N2N2/PP3PPP/R2QKB1R b KQkq -,g7g5 e5f6 g5h4 f1c4 c5d4 f3d4 d8f6 e1h1 e8h8 f1e1,-24
5R2/P2k1p2/8/4P3/8/8/6K1/r7 b - -,g7g5 e5f6 g5h4 f1c4 c5d4 f3d4 d8f6 e1h1 e8h8 f1e1,Mate
rnbqkb1r/1p2pppp/p1p2n2/3p4/P1PP4/1Q3N2/1P2PPPP/RNB1KB1R b KQkq -,c6c5 d4c5 b8d7 c1e3 e7e6 g2g3 d7c5 b3c2 f6g4 e3c5,-35
8/8/4k2R/8/6P1/5P2/8/5K2 b - -,b8d7 c4d5 c6d5 c1f4 e7e6 b1c3 d8a5 f4d2 a5c7 e2e3,Mate
r1rq2k1/pp2bpp1/2n1p2p/3pP3/3P2PP/P2Q1N2/1P1B1P2/R3R2K b - -,d8f8 e1g1 f7f6 e5f6 f8f6 g4g5 h6g5 d2g5 f6f5 d3f5,102
2b1r1k1/5ppp/2Qp4/3P4/5q2/8/1KB2PPP/7R b - -,f4d4 b2b1 d4b4 b1c1 g8f8 c6a4 b4c5 h1d1 c8f5 d1d2,-581
rn1q1rk1/1b1p1pbp/p5p1/1PpNP3/4n3/5N2/PP2BPPP/R1BQ1RK1 b - -,d7d6 b5b6 d6e5 d5c7 b8c6 c7a8 d8a8 f1e1 f8d8 d1a4,121
r4r1k/1pp1qppp/p1nb4/P3p2b/1PB1P3/2PQ1N1P/5PP1/R1B1R1K1 b - -,f8e8 c4d5 c6d8 g2g3 f7f6 g1g2 c7c6 d5c4 h5f7 e1d1,57
2r3k1/2q2pp1/p3p1p1/1p1pP3/P7/1Q5P/1PP1RPP1/6K1 b - -,c8b8 a4b5 b8b5 b3a2 b5a5 a2b3 a5a1 g1h2 a6a5 b3b5,-47
r1b1kbnr/1pppnp1p/1p6/3PP1pP/5p2/2N2N2/PPP3P1/R1B1KB1R b KQkq -,a8a5 b2b4 a5d5 c1b2 g5g4 f1c4 c7c6 c4d5 e7d5 c3d5,93
rn1qkb1r/pp2pppp/3p1n2/2p5/4PQ2/8/PPPPBPPP/RNB1K2R b KQkq -,g7g6 d2d3 f8g7 a2a4 b8c6 f4h4 a7a6 e1h1 e8h8 b1d2,10
8/pb1nqk2/1p3np1/5r2/PP1B1P2/2P4Q/5RPP/5RK1 b - -,a7a5 h3d3 a5b4 d3c4 b7d5 c4b4 d5c6 b4e7 f7e7 h2h3,97
2r1k1r1/1p1n1ppp/p3bn2/2qP2BN/8/3B4/PPPQ2PP/R4R1K b - -,f6h5 a1e1 d7f6 d5e6 f7e6 d3h7 g8h8 h7g6 e8f8 g6h5,471
2b1rr1k/2q1b1pp/2p5/p1p1Qp2/P1Np1P2/1P1P4/1BP3PP/4RRK1 b - -,c7b7 b2a3 f8f6 c4a5 b7a8 e5c7 f6e6 e1e6 c8e6 c7c6,471
r1b1k2r/pp2bppp/1qnppn2/8/4PP2/1NNB4/PPP1Q1PP/R1B1K2R b KQkq -,c6b4 c1e3 b4d3 c2d3 b6a6 e1h1 e6e5 h2h3 e8h8 g1h1,45
r3qrk1/pppn2b1/3p2p1/3P1bB1/2P4P/2N5/PP1Q1P2/2KR1B1R b - -,f8f7 d1e1 e8f8 f1e2 a8e8 h4h5 d7c5 h5g6 f5g6 g5e3,140
R7/P3kp2/8/4P3/8/8/6K1/r7 b - -,a1a2 g2f3 a2a3 f3e4 a3a1 e5e6 e7e6 a8e8 e6d7 e8f8,582
8/1p1kbp2/pBB1p1p1/4P3/PPR2PP1/4K3/1r6/8 b - -,b7c6 c4d4 d7e8 b6a5 b2c2 e3d3 c2a2 d4c4 e8d7 c4d4,Mate
3rr1k1/p4ppp/q3p3/1Rb4Q/2P2P2/4n1P1/PB5P/R2B2K1 b - -,c5b6 d1e2 g7g6 b5b6 a6b6 h5b5 b6b5 c4b5 d8d2 a1b1,-502
r2q1rk1/pp1nbpp1/2p2np1/3p2B1/3P1N1P/2N1PP2/PPQ3P1/R3K2R b KQ -,f6h7 g5e7 d8e7 e3e4 d5e4 f3e4 h7f6 e1a1 f6h5 f4h5,17
r4rk1/1p2qppp/p2pbn2/8/3PN3/1PN1PQ2/1PP3PP/R4RK1 b - -,f6e4 f3e4 f8e8 h2h3 f7f6 e4f3 e7d7 e3e4 b7b5 f1e1,98
rn1q1rk1/1b3pbp/pP1p2p1/2pNP3/4n3/5N2/PP2BPPP/R1BQ1RK1 b - -,d6e5 d5c7 b8c6 c7a8 d8a8 f1e1 f8d8 d1a4 c6d4 f3d4,124
r3kb1r/3p3p/1qn1p1B1/2p1P2Q/8/2B5/PP3PbP/R3K1NR b KQkq -,e8d8 h5g5 d8c7 g5g2 h7g6 g2e4 f8e7 g1f3 a8f8 h1g1,-42
8/8/2pB3P/1p6/3P4/2P1kpp1/6b1/6K1 b - -,f3f2 g1g2 e3e2 g2g3 f2f1q h6h7 f1f6 g3g4 f6g6 g4f4,-3509
r1bq1rk1/ppp2ppp/2np1n2/1N2p3/1bB1P3/3P1N2/PPP2PPP/R1BQ1RK1 b - -,a7a6 b5c3 c6a5 c4b3 c8g4 h2h3 g4h5 c1g5 a5b3 a2b3,-29
r1b1k2r/1ppqnppp/p1Bp4/b5B1/Q2NP3/2P5/P4PPP/RN2K2R b KQkq -,e7c6 g5e3 c6d4 a4d4 e8h8 b1d2 a5b6 d4d3 b6e3 d3e3,-214
rnbqk2r/pp3p2/4pP1p/2p3p1/1bpP3B/2N2N2/PP3PPP/R2QKB1R b KQkq -,g5h4 f1c4 c5d4 f3d4 d8f6 e1h1 e8h8 f1e1 g8h8 d1b3,-21
r1bq1rk1/1p1nppbp/p4np1/1B1P4/Q7/2NP1N2/PP3PPP/R1B1K2R b KQ -,d7b6 a4h4 a6b5 d5d6 d8d6 e1h1 b5b4 c3e4 d6d7 h2h3,-477
7Q/1p2kpb1/p2p3q/3np3/8/1P1N2Pp/P1P2R1P/4R1K1 b - -,g7h8 d3b2 f7f5 b2c4 b7b5 c4a5 e7e8 a5c6 d5e3 c2c4,-487
1r1q1rk1/3b1pb1/p2p1np1/nppPp3/2P1PP1p/1P4PP/PBQNN1B1/4RRK1 b - -,f8e8 f4f5 h4g3 e2g3 b5c4 b3c4 g7h6 f1f3 b8b4 g2f1,65
rqb3k1/3n1rpp/ppNb1p2/3NpP2/4P1Q1/8/PP1B2PP/2R2R1K b - -,g8h8 c6b8 a8b8 g4e2 c8b7 b2b4 b7d5 e4d5 f7f8 c1c6,651
8/8/6PR/4k3/8/5P2/8/5K2 b - -,e5f6 g6g7 f6g7 h6e6 g7f7 e6b6 f7e7 f1g2 e7d7 g2g3,1664
2r2rk1/p4p2/2n1pBp1/qpNpP2p/1b1P1P2/1P1Q4/P5PP/2R2RK1 b - -,b4a3 c1c2 a5c7 c5e6 c6e5 d3g6 e5g6 c2c7 g6h4 f6h4,130
r1b2r2/3pNpkp/3pn1P1/2pN4/2PnP3/4KP2/4B1P1/1R5R b - -,f7g6 h1d1 a8a3 d1d3 a3a7 b1b6 c8a6 d3d1 d4e2 e3e2,-84
rn1q1rk1/1bN2pbp/pP4p1/2p1p3/4n3/5N2/PP2BPPP/R1BQ1RK1 b - -,b8c6 c7a8 d8a8 f1e1 f8d8 d1a4 c6d4 f3d4 c5d4 f2f3,136
2k4q/1pp5/p7/8/8/8/4RPPP/3Q2K1 b - -,c8b8 e2e1 b8a8 d1c2 h8d8 h2h4 d8d6 h4h5 c7c5 c2c1,628
r2q1rk1/pp1nbppp/2p2nB1/3p2B1/3P1N2/2N1PP2/PPQ3PP/R3K2R b KQ -,f7g6 f4e6 d8b6 e6f8 a8f8 e1a1 b6a5 c1b1 d7b6 e3e4,259
7r/1Q2kpb1/p2p3q/3np3/8/1P1N2Pp/P1P2R1P/4R1K1 b - -,f7g6 f4e6 d8b6 e6f8 a8f8 e1a1 b6a5 c1b1 d7b6 e3e4,Mate
r2k3r/pppb1ppp/4p1nn/2b5/4PP2/2NB1NP1/PPP4P/R1B1K2R b KQ -,h6g4 h1f1 f7f6 h2h3 g4h6 e4e5 f6e5 c3e4 c5b4 c2c3,84
r1b2rk1/1pq1bppp/p3p3/2p1P3/P1BN2n1/2N5/1P2QPPP/R1BR2K1 b - -,c5d4 e2g4 d4c3 b2c3 c7e5 c1e3 g7g6 c4e2 e5c3 e2f3,-22
r1b1k2r/pp4pp/2n2p2/2b1p3/1P2B3/2P2N2/P3KPPP/R1B4R b kq -,,0
r1b1k2r/1ppq1ppp/p1np4/b4NB1/Q3P3/2P5/P4PPP/RN2K2R b KQkq -,e8h8 e1h1 f8e8 f2f3 d6d5 f1d1 f7f6 g5e3 d7f7 d1d5,-233
1r3k2/2r4p/n2p2p1/1p1P4/p5RP/8/PP1R2P1/5BK1 b - -,c7c1 g4f4 f8g7 g1h2 a6c5 a2a3 c5d7 f1e2 c1c5 f4b4,-12
r2qk2r/ppp1bppp/2np1n2/4p1P1/2B1P3/5Q1P/PPPP1P2/RNB2RK1 b kq -,c6d4 f3g2 f6h5 d2d3 d4c2 g2f3 h5f4 c1f4 e5f4 h3h4,-277
r3k1nr/pppn1p2/5q1p/4p3/6p1/2NQP3/PPPN1PPP/R4RK1 b kq -,f6e6 c3b5 e6c6 d3c4 c6c4 d2c4 e8e7 f2f4 g4f3 f1f3,97
1r3rk1/1p1qppbp/p2p1np1/P1p2P2/2BnP1PQ/2NP4/1PP2R1P/R1B3K1 b - -,d7d8 g1h1 e7e6 g4g5 f6h5 f5f6 g7h8 c1e3 f8e8 b2b4,172
r2k1b1r/3p3p/1qn1p1B1/2p1P1Q1/8/2B5/PP3PbP/R3K1NR b KQ -,d8c7 g5g2 h7g6 g2e4 g6g5 g1f3 f8e7 h1g1 h8f8 f3g5,-33
r1bqkbnr/pp3ppp/3p4/1Np5/2Pp4/6P1/PP1PPPBP/R1BQK2R b KQkq -,d8b6 e1h1 a7a6 b5a3 h7h5 e2e3 d4d3 d1f3 h5h4 b2b3,118
8/8/2K5/5r2/4k1Q1/8/8/8 b - -,f5f4 g4e2 e4d4 c6b5 f4f5 b5b4 f5e5 e2b2 d4e4 b4c4,203
4k3/5p2/pB2pb2/6pp/P3PP2/1P3KPn/2N5/8 b - -,e6e5 f4g5 h3g5 f3e3 f6e7 e3d3 e8d7 c2e3 g5e6 e3d5,27
r1bqk2r/5p2/p1pp1p1p/1p2p3/4P2N/1P1PP3/1PP3PP/R2QK2R b KQkq -,e8e7 e1h1 d8g8 d1e1 h6h5 f1f3 g8g5 h2h3 a6a5 e1f2,160
N2q1rk1/1b3pbp/pPn3p1/2p1p3/4n3/5N2/PP2BPPP/R1BQ1RK1 b - -,d8a8 f1e1 a6a5 e2f1 c6d4 f3d4 c5d4 f2f3 e4c5 c1g5,132
2b2rk1/r3ppbp/pN1p2p1/4N3/2B1P3/1P2P3/1PP3PP/2KR3R b - -,g7e5 c2c3 c8g4 d1f1 a7b7 b6d5 a6a5 c1c2 g6g5 c4a6,100
r3qrk1/ppp3b1/3p2p1/3P1bP1/2P2P2/2N5/PP3Q2/2KR1B1R b - -,a7a6 f1d3 e8f7 c3e2 f5d3 d1d3 a8e8 d3f3 e8e4 f4f5,81
Q3k2r/5pb1/p2p3q/3np3/8/1P1N2Pp/P1P2R1P/4R1K1 b - -,a7a6 f1d3 e8f7 c3e2 f5d3 d1d3 a8e8 d3f3 e8e4 f4f5,Mate
r1r2k2/pp2bpp1/q1n1p3/3pP1N1/3P3P/P3Q3/1P1B1P2/R5RK b - -,g7g6 g5h7 f8e8 g1g4 e8d7 g4f4 c6d8 d2c3 c8c4 e3f3,129
5b2/7p/p1p1kp2/2p2p1K/2P2B2/1P3P1P/P4P2/8 b - -,f8g7 f4h6 e6f7 h6g7 f7g7 h5h4 g7g6 h4g3 g6f7 g3f4,98
8/5p2/p5p1/8/5k2/1bK5/8/8 b - -,f8g7 f4h6 e6f7 h6g7 f7g7 h5h4 g7g6 h4g3 g6f7 g3f4,Mate
rnbq1rk1/ppp1ppbp/1n4p1/8/3P1B2/2N2NP1/PP2PPBP/R2QK2R b KQ -,c7c6 h2h4 c8g4 f3e5 g4e6 h4h5 b8d7 h5g6 h7g6 e5f3,74
r1bqk2r/3pn1b1/pp2pp2/2p1n1Np/2B1PQ2/2PPB3/PP2NPPP/R3K2R b KQkq -,h5h4 e3d2 e7g6 f4e3 f6g5 f2f3 d8f6 e1h1 h4h3 g2g3,-388
4k3/8/8/6R1/6N1/5PK1/8/7r b - -,h1a1 g5f5 a1g1 g3h4 e8d7 f5f6 d7e7 f6g6 g1f1 g4e5,635
1r1q1rk1/3b1pb1/p2p1np1/nppPp3/2P1P1Pp/1P5P/PBQNNPB1/4RRK1 b - -,f6h7 f2f4 d8b6 b2c3 f7f6 d2f3 g6g5 c2d2 b5b4 c3b2,69
8/8/2pB3P/1p6/3P4/2P1k1p1/5pK1/8 b - -,e3e2 g2g3 f2f1q g3g4 f1f6 d6e5 f6g6 g4f4 g6h6 f4f5,-3574
r2br1k1/3q1pp1/2Pp1n2/8/1p2pPp1/1N2B3/P2Q2PP/2RR2K1 b - -,d7c8 d2b4 g4g3 h2h3 a8a2 b4b5 d8c7 b5g5 a2a3 b3d4,-45
r1bN2k1/1q1n1rpp/pp1b1p2/3NpP2/4P1Q1/8/PP1B2PP/2R2R1K b - -,a6a5 d8f7 g8f7 g4h5 f7g8 c1c7 b7d5 h5e8 d7f8 e4d5,625
8/5p2/p7/6p1/5k2/1K6/8/8 b - -,a6a5 d8f7 g8f7 g4h5 f7g8 c1c7 b7d5 h5e8 d7f8 e4d5,Mate
r2qk2r/5p2/p1pp3p/1p2pP2/8/1P1PP3/1PP3PP/R2QK2R b KQkq -,d8b6 d3d4 e8a8 e1h1 f7f6 a1a3 c8b7 d1h5 b6c7 c2c4,135
r1bqkbnr/1p3ppp/p2p4/2p5/2Pp4/N5P1/PP1PPPBP/R1BQK2R b KQkq -,g7g6 d2d3 f8g7 e1h1 g8e7 a1b1 e8h8 b2b4 f8e8 b4c5,51
5k2/p4ppp/4p3/3p4/2rP2P1/8/P1P3PP/1R4K1 b - -,g7g5 b1b3 c4d4 h2h3 d4a4 a2a3 a4c4 c2c3 f8g7 g1f1,-349
8/6P1/5k1R/8/8/5P2/8/5K2 b - -,g7g6 b1b3 c4d4 g4g5 d4a4 a2a3 f8g7 g2g3 h7h6 g5h6,Mate
4k3/p3bppp/np2p3/8/3PP3/P7/1B3PPP/2N2K2 b - -,a6c7 f1e2 e8d7 e2d3 b6b5 c1a2 d7c6 a2b4 c6b7 d3c2,-71
r1b1k2r/1ppq2pp/p1np1p2/b4N2/Q3P3/2P1B3/P4PPP/RN2K2R b KQkq -,e8h8 e1h1 d7f7 f5d4 a5b6 d4c6 b6e3 f2e3 c8d7 c6e7,-164
Q6r/3k1pb1/p2p3q/2Nnp3/8/1P4Pp/P1P2R1P/4R1K1 b - -,e8h8 e1h1 d7f7 f5d4 a5b6 d4c6 b6e3 f2e3 c8d7 c6e7,Mate
q4rk1/1b3pbp/pPn3p1/2p1p3/4n3/5N2/PP2BPPP/R1BQR1K1 b - -,f8d8 d1a4 c6d4 f3d4 c5d4 f2f3 e4c5 a4a3 d8c8 b2b4,130
rn1qkb1r/1p2pppp/p1p2n2/5b2/P1QP4/2N2N2/1P2PPPP/R1B1KB1R b KQkq -,b7b5 c4b3 b8d7 c1f4 e7e6 e2e3 f8e7 f1e2 b5b4 c3b1,20
1r1q1rk1/3b1p2/p2p1npb/nppPp3/2P1PPPp/1P5P/PBQNN1B1/4RRK1 b - -,e5f4 e2f4 b5c4 e4e5 d6e5 b2e5 c4b3 a2b3 h6g7 f4g6,217
r2q1rk1/pp1nbppp/2p2n2/3p2B1/3P1N2/2NQPP2/PP4PP/2KR3R b - -,,0
6k1/1p2Qpp1/p1b3q1/8/4P3/2P2P2/PP6/2K4R b - -,f7f5 e4f5 g6f5 h1g1 f5f4 c1b1 f4h6 b1a1 g8h8 f3f4,504
8/5p2/p7/8/K4kp1/8/8/8 b - -,f7f5 e4f5 g6f5 h1g1 f5f4 c1b1 f4h6 b1a1 g8h8 f3f4,Mate
6k1/1p2P2p/p5p1/6b1/3N4/1P4Pb/PB5P/5QKR b - -,g5e3 f1f2 e3f2 g1f2 g8f7 h1e1 h3d7 b2a3 b7b5 e7e8q,Mate
2b2rk1/r3pp1p/pN1p2p1/4b3/2B1P3/1PP1P3/1P4PP/2KR3R b - -,c8g4 d1f1 g4h5 c1c2 e7e6 c4d3 f7f5 b3b4 f5e4 f1f8,148
2r1k1r1/1p1n1ppp/p3bn2/3q2B1/8/3B2N1/PPPQ2PP/R4R1K b - -,d7e5 g5f6 g7f6 g3e4 e5d7 a1d1 g8g4 f1e1 c8c6 d2h6,230
rn1qk2r/pp1n2p1/4pp1p/1BbpP2b/5B2/2N2N1P/PPP2PP1/R2Q1RK1 b kq -,f6e5 f4e5 e8h8 e5g3 h5f3 g2f3 a7a6 b5e2 b8c6 f3f4,-106
r1bq1rk1/4ppbp/pn3np1/1B1P4/1Q6/2NP1N2/PP3PPP/R1B2RK1 b - -,a6b5 d5d6 f6d5 d6e7 d5b4 e7d8q f8d8 c1g5 d8d3 c3b5,-353
r3k2r/5p2/p1pp3p/1p2pPq1/8/1P1PPQ2/1PP3PP/R3K2R b KQkq -,e8f8 h2h4 g5d8 f5f6 d8c8 f3e4 h8g8 e1h1 g8g6 f1f5,210
r2k3r/3pb3/1qn1p1Q1/2p1P3/8/2B5/PP3P1P/R3K1NR b KQ -,c6b4 g1e2 c5c4 a1d1 b4d3 d1d3 c4d3 g6d3 e7c5 e1h1,-78
4n1k1/4Pp2/2B5/1p3P1p/p7/8/2K4P/8 b - -,e8c7 e7e8r c7e8 c6e8 g8g7 e8b5 g7f6 b5d7 h5h4 c2c3,365
4r3/3b1ppp/1p6/2k5/2P5/2P4P/P4PP1/2R3K1 b - -,e8a8 c1c2 d7e6 h3h4 e6c4 c2d2 c4e6 h4h5 a8a2 d2d8,-592
1r6/1r1n2kp/3p2p1/1p1P2P1/pR5P/8/PP3R2/5BK1 b - -,d7c5 a2a3 c5a6 b4d4 a6c5 f2f4 b8e8 d4b4 e8e1 g1g2,39
3rr1k1/p4ppp/4p3/2R4Q/q1P2P2/4nBP1/PB1p3P/R5K1 b - -,a4c2 a1d1 c2b2 h5e5 e3d1 f3d1 b2c1 e5e2 d8c8 c5c8,-548
r4r1k/1pp1qppp/p2bn3/P3p2b/1PB1P2N/2PQ2PP/5P2/R1B1R1K1 b - -,f7f6 c4d5 a8b8 h4f5 e7d7 g3g4 h5f7 e1d1 f8d8 d3f3,81
7r/3k1pb1/p6q/2pQp3/8/1P4Pp/P1P2R1P/4R1K1 b - -,f7f6 c4d5 a8b8 h4f5 e7d7 g3g4 h5f7 e1d1 f8d8 d3f3,Mate
8/5p2/p7/K7/5k2/6p1/8/8 b - -,f7f6 c4d5 a8b8 h4f5 e7d7 g3g4 h5f7 e1d1 f8d8 d3f3,Mate
q4rk1/1b3pbp/1Pn3p1/p1p1p3/4n3/5N2/PP3PPP/R1BQRBK1 b - -,f8d8 d1a4 c6d4 f3d4 c5d4 f2f3 e4c5 a4a3 c5e6 c1d2,157
rn1qk1nr/pbp2ppp/1p1Pp3/8/3P4/2B5/PPP2PPP/R2QKBNR b KQkq -,c7d6 f1b5 b8d7 g1f3 g8e7 e1h1 e8h8 f1e1 a8c8 b5d3,11
8/6p1/8/1b1kp2p/7P/2B5/5KP1/8 b - -,,0
r2r2k1/p4p1p/4p1p1/1p2b3/2RP4/4PB2/P2K1PPP/2R5 b - -,b5c4 f3a8 e5h2 a8e4 h2c7 c1c4 c7a5 d2d3 a5b6 d3e2,2
r2r2k1/p4p1p/4p1p1/1p2b3/1R1P2B1/4P3/P2K1PPP/2R5 b - -,e5g7 f2f4 a7a6 g4f3 a8a7 c1c6 d8d7 b4b1 d7c7 b1c1,28
r1b1k2r/2pq2pp/p1np1p2/bp3N2/4P3/2P1B3/P4PPP/RN1QK2R b KQkq -,d7f7 e1h1 e8h8 a2a4 f8e8 a4b5 a6b5 d1d3 f7c4 d3c4,-190
1r1q1rk1/3b1p2/p2p1npb/nppP4/2P1PNPp/1P5P/PBQN2B1/4RRK1 b - -,d7e8 e4e5 d6e5 b2e5 b5c4 b3c4 b8b4 e5c3 b4c4 d2c4,281
r5k1/p1q4p/1p2p1p1/3bP2n/6Q1/2PBR3/P2B2PP/6K1 b - -,,0
2r2rk1/p4p2/2n1pBp1/1pNpPP1p/1b1P4/qP1Q4/P5PP/2R2RK1 b - -,c6d4 f5g6 d4f5 g6g7 b4c5 g1h1 f8e8 d3f3 c5e3 f3h5,55
8/8/8/8/p7/Bk1K4/8/8 b - -,,0
R7/P3kp2/r3P3/8/8/8/6K1/8 b - -,a6a2 g2f3 a2a3 f3e4 a3a4 e4d3 a4a3 d3c2 f7f6 a8g8,474
8/6k1/8/8/7R/5P2/8/5K2 b - -,a6a2 g2f3 a2a3 f3e4 a3a4 e4d3 a4a3 d3c2 f7f6 a8g8,Mate
r2q1rk1/ppp2pp1/3pb2p/3P4/3p4/1B1P3P/PPP1QPP1/2KR3R b - -,e6d5 b3d5 d8g5 c1b1 g5d5 e2e7 c7c5 d1e1 d5c6 e7e4,-168
8/2k2K2/8/3N4/8/5B2/8/8 b - -,c7d6 f7f6 d6c5 f6e5 c5c4 d5f6 c4d3 f6e4 d3c4 f3e2,236
r1bq1rk1/ppp1ppbp/1nn3p1/8/3P1B2/2N1PNP1/PP3PBP/R2QK2R b KQ -,c6b4 f4e5 c7c5 e5g7 g8g7 e1h1 c5d4 e3d4 c8f5 a2a3,39
r4rk1/pp2p2p/1bnp1p2/3Q1P1b/8/7P/PPP3P1/R4R1K b - -,h5f7 d5e4 g8h8 a2a4 d6d5 e4e2 b6c7 c2c3 f8g8 a1d1,-256
8/5p2/K7/8/5k2/8/6p1/8 b - -,f8f7 g2g4 g8h8 g4h5 f7g7 f1g1 g7g1 a1g1 b6g1 h1g1,Mate
4r1k1/Q4pp1/1P3n1p/3p4/4q3/2P3PP/P4P1R/5K2 b - -,f8f7 g2g4 g8h8 g4h5 f7g7 f1g1 g7g1 a1g1 b6g1 h1g1,Mate
5rk1/prq2pp1/5n1p/p2Pp3/1bp1P1P1/2N1BP1P/RPQ5/R6K b - -,f8c8 a1c1 f6d7 c2e2 d7f8 c3b1 c7b8 c1c4 c8c4 e2c4,-70
r2qkbnr/pp1n1pp1/2pp4/3Pp2p/2P1P1b1/2N2N2/PP2BPPP/R1BQK2R b KQkq -,g8f6 f3g5 c6d5 e4d5 f8e7 h2h3 g4e2 d1e2 f6d5 c3d5,77
r1b1k2r/pp1pbppp/1qn1pn2/8/4PP2/1NNB4/PPP3PP/R1BQK2R b KQkq -,a7a5 d1e2 a5a4 c1e3 b6d8 b3d4 a4a3 b2a3 d7d5 e4e5,24
r1b1k2r/1p3ppp/p3pq2/2b5/P1N1P3/6B1/1P2QPPP/R4RK1 b kq -,h7h5 g3d6 c5a7 d6a3 c8d7 a1c1 d7c6 c4d6 e8d7 f1d1,551
r1bqk1nr/pp1p1ppp/2n1p3/2b5/3NP3/1P2B3/P1P2PPP/RN1QKB1R b KQkq -,d8b6 c2c3 g8f6 d1d3 c6e5 d3e2 e5g4 b3b4 c5e7 e4e5,-56
8/5r2/p1pk2Kp/4R1pP/1P6/P5P1/8/8 b - -,f7b7 e5c5 b7e7 g6h6 e7e3 g3g4 e3a3 h6g5 a3b3 h5h6,587
q2r2k1/1b3pbp/1Pn3p1/p1p1p3/Q3n3/5N2/PP3PPP/R1B1RBK1 b - -,c6d4 f3d4 c5d4 f2f3 e4c5 a4a3 g7f8 e1e5 a8b8 e5c5,157
8/8/2pB3P/1p6/3P4/2P3K1/4kp2/8 b - -,f2f1q g3g4 f1f6 d6e5 f6g6 g4f4 g6h6 f4f5 h6h3 f5f6,-20000
r1b1k2r/2p2qpp/p1np1p2/bp3N2/4P3/2P1B3/P4PPP/RN1Q1RK1 b kq -,e8h8 d1c2 f8e8 b1d2 d6d5 f5g3 d5e4 d2e4 c8e6 f1d1,-193
rnbqk2r/pp3p2/4pP1p/2p5/1bBP3p/2N2N2/PP3PPP/R2QK2R b KQkq -,c5d4 f3d4 d8f6 e1h1 e8h8 f1e1 g8h8 d1b3 a7a5 a2a3,-22
4k3/5ppp/pp2pb2/3n4/P3P3/1P4PP/2N1KP2/2B5 b - -,d5e7 c2b4 a6a5 b4c2 e8d7 e2d3 h7h5 f2f4 e7c6 c1a3,55
2r2k2/1p3ppp/p3p3/8/2pP1P2/4P3/3N2PP/2R3K1 b - -,h7h6 c1c4 c8c4 d2c4 f8e7 g1f2 e7d7 c4e5 d7e7 f2e2,342
8/5p2/8/1K6/5k2/8/8/6q1 b - -,h7h6 c1c4 c8c4 d2c4 f8e7 g1f2 e7d7 c4e5 d7e7 f2e2,Mate
r1b1kb1r/ppp2ppp/2n5/4p1N1/8/8/PPPP1PqP/R1BQKB1R b KQkq -,g2h1 d2d3 h1d5 d1h5 c6d4 h5d1 h7h6 g5e4 c8f5 c1e3,-607
6k1/3n1p2/5P2/1pnBPP1p/p7/4B3/2K4P/8 b - -,d7e5 e3c5 e5g4 h2h3 g4f6 d5c6 h5h4 c2d2 b5b4 c5b4,487
r1bQkb1r/ppp2pp1/2n2n1p/4P3/4p2B/5N2/PPP2PPP/RN2KB1R b KQkq -,c6d8 e5f6 e4f3 g2f3 g7g6 b1c3 f8b4 e1a1 b4c3 b2c3,96
3k4/5K2/8/8/8/4NB2/8/8 b - -,c6d8 e5f6 e4f3 g2f3 g7g6 b1c3 f8b4 e1a1 b4c3 b2c3,Mate
r2r2k1/p4p1p/2R1p1p1/1p2b3/3P2B1/4P3/P2K1PPP/2R5 b - -,e5d4 d2e2 d4b6 g4f3 a8b8 c1b1 b6a5 b1b2 g8g7 c6a6,-24
r2br1k1/2q2pp1/2Pp1n2/8/1Q2pPp1/1N2B3/P5PP/2RR2K1 b - -,a8a6 b4d6 a6a2 d6c5 c7b8 c1b1 g4g3 h2h3 d8c7 c5g5,60
8/8/5k1R/8/8/5P2/8/5K2 b - -,a8a6 b4d6 a6a2 d6c5 c7b8 c1b1 g4g3 h2h3 d8c7 c5g5,Mate
5rk1/bp3pp1/2npp2p/8/2r5/3R3Q/P4PPP/1B3RK1 b - -,c6e5 d3g3 g8h8 g3c3 c4f4 c3c2 a7d4 h3g3 g7g5 h2h3,392
r4rk1/pp2pb1p/1bnp1p2/5P2/8/3Q3P/PPP3P1/R4R1K b - -,g8h8 a2a4 f8g8 d3e4 d6d5 e4e2 b6c7 c2c3 d5d4 c3d4,-292
r4rk1/pbq2pbp/1p2n1p1/2p5/2P1PP2/1P1p4/P3B1NP/RQB1RNK1 b - -,d3e2 e1e2 g7d4 g1h1 f7f5 f1g3 a8d8 c1e3 d4a1 b1a1,-460
8/5k2/8/6R1/5PN1/6K1/8/7r b - -,h1g1 g3f3 g1b1 f3e4 b1b4 e4f5 f7e7 g5g6 b4b5 g4e5,635
3r1r1k/1pp1qppp/p2bn3/P3pN1b/1PB1P3/2PQ2PP/5P2/R1B1R1K1 b - -,b7b5 f5e7 d6e7 c4b5 c7c5 g3g4 h5g6 d3f1 a6b5 b4c5,408
q2r2k1/1b3pbp/1P4p1/p1p1p3/Q2Nn3/8/PP3PPP/R1B1RBK1 b - -,c5d4 f2f3 e4c5 a4a3 c5e6 c1d2 d4d3 a1c1 d8d5 b2b4,141
2r2rk1/p4p2/4pBp1/qpNpP2p/1b1Q1P2/1P6/P5PP/2R2RK1 b - -,f8e8 f4f5 e6f5 f6g5 c8c5 c1c5 b4c5 d4c5 e8e5 g5f6,323
r4rk1/1pp2pp1/pb4qp/4R3/n1Q4B/N1P2P2/PP3P1P/R6K b - -,a4b2 c4e2 b2d3 a1g1 d3e5 g1g6 e5g6 h4g3 b6c5 a3c2,-294
1r6/1bqnr2k/2p3pp/1p1pP3/3Pp3/R7/1PB2PPP/2BQR1K1 b - -,c6c5 a3h3 h6h5 d1d2 h7g8 h3g3 e7g7 e5e6 d7f8 d4c5,190
8/5p2/K7/8/3q1k2/8/8/8 b - -,c6c5 a3h3 h6h5 d1d2 h7g8 h3g3 e7g7 e5e6 d7f8 d4c5,Mate
r1bq1rk1/ppp2ppp/1b3n2/2p5/3PP3/2P1BP2/PP2B1PP/RN1QK2R b KQ -,d8e7 d4d5 f6e4 f3e4 e7e4 d1d3 e4d3 e2d3 f8e8 e1f2,115
5b2/5k1p/p1p2p1B/2p2p1K/2P5/1P3P1P/P4P2/8 b - -,f8d6 h6d2 f7g8 d2a5 g8f7 a5d8 d6f8 d8c7 f7e7 c7g3,10
6k1/3n1p2/5P2/1pBBP2p/p4P2/8/2K4P/8 b - -,d7c5 f4f5 c5d7 e5e6 d7f6 e6e7 b5b4 d5c6 a4a3 c2b3,22
3k4/5K2/1N6/8/8/5B2/8/8 b - -,d7c5 f4f5 c5d7 e5e6 d7f6 e6e7 b5b4 d5c6 a4a3 c2b3,Mate
4r3/p1p1qpkn/1p4p1/8/4PQ2/8/PPP1B3/1K1R4 b - -,e7e4 f4e4 e8e4 e2b5 f7f5 b1c1 h7f6 d1d8 e4e7 b5d3,-471
8/4pk2/3p1pp1/P1p1b2P/2P1P1P1/5R2/r2BK3/8 b - -,,0
r1bqk2r/pppp1ppp/2n2n2/4p3/2BBP3/1P3N2/P1PP1PPP/RN1QK2R b KQkq -,d7d5 d4b2 d5c4 f3e5 c6e5 b2e5 c4b3 a2b3 d8e7 e5f6,100
4r1k1/Q4pp1/1P3n1p/3p4/8/2P3PP/P4PKR/1q6 b - -,d7d5 d4b2 d5c4 f3e5 c6e5 b2e5 c4b3 a2b3 d8e7 e5f6,Mate
r2q1rk1/pp1nppbp/2p1b1p1/3P4/4PB2/1P4P1/P1P1N1BP/R2QK2R b KQ -,d8b6 d5e6 d7e5 d1c1 a8d8 a1b1 e5g4 h1f1 f7e6 h2h3,116
8/K4p2/8/8/1q3k2/8/8/8 b - -,d8b6 d5e6 d7e5 d1c1 a8d8 a1b1 e5g4 h1f1 f7e6 h2h3,Mate
Q1bq1rk1/4ppbp/1n3np1/1p1P4/8/2NP1N2/PP3PPP/R1B2RK1 b - -,b6a8 f3e5 b5b4 e5c6 d8d7 c6b4 d7b7 b4c6 a8b6 c6a5,-555
8/5K2/p1p4p/4k1pP/1P6/P5P1/8/8 b - -,e5d6 f7g7 g5g4 g7h6 d6e7 h6g7 e7d6 g7g6 c6c5 b4c5,851
q2r2k1/1b3pbp/1P4p1/p3p3/Q2pn3/5P2/PP4PP/R1B1RBK1 b - -,e4c5 a4a3 g7f8 b2b4 a5b4 a3a8 b7a8 e1e5 c5d7 e5b5,154
r1b1k1nr/pp1p1ppp/1qN1p3/8/4P3/1P2P3/P1P3PP/RN1QKB1R b KQkq -,b6e3 d1e2 e3c1 e2d1 c1d1 e1d1 b7c6 b1d2 e8e7 f1d3,-174
2r3k1/q4p1p/6pb/p2r2Nn/5P2/P2BRK1P/1P1Q4/2R5 b - -,c8d8 h3h4 d5d4 c1e1 a7b7 f3f2 d4f4 f2e2 f4h4 e2d1,-589
r2q1rk1/pb1nbppp/B7/2ppB2n/8/2N1PN2/PP2QPPP/R4RK1 b - -,b7c6 f1d1 h5f6 e5f6 d7f6 a6c4 a8c8 f3e5 d5d4 e5c6,112
6k1/5p2/5P2/1pnBPP1p/p7/8/2K4P/8 b - -,c5d7 e5e6 d7f6 e6e7 b5b4 d5c6 a4a3 e7e8r f6e8 c6e8,42
rnbqk2r/pp3p2/4pP1p/8/1bBN3p/2N5/PP3PPP/R2QK2R b KQkq -,d8f6 e1h1 e8h8 f1e1 g8h8 d1b3 a7a5 a2a3 b4e7 a1d1,-28
r4rk1/pp2pb1p/1b1p1p2/4nP2/4Q3/7P/PPP3P1/R4R1K b - -,g8h8 e4b7 f8e8 b2b4 a8b8 b7e4 b8c8 a2a4 c8c4 e4b7,-273
r1b1k2r/ppp1bppp/2n5/3qp1N1/8/3P4/PPP1BPPP/R1BQK2R b KQkq -,e7g5 e2f3 d5a5 c2c3 g5c1 a1c1 a5b6 e1h1 e8h8 d3d4,-433
5rk1/bp3pp1/3pp2p/4n3/2r4Q/3R4/P4PPP/1B3RK1 b - -,c4h4 d3b3 f8b8 g1h1 h4f4 f1c1 g7g5 f2f3 a7c5 g2g3,-571
4r3/3b1ppp/1p6/8/2k5/P1P4P/5PP1/2R3K1 b - -,b6b5 c1d1 d7f5 f2f4 f5d3 g1f2 c4c3 h3h4 e8a8 f2e3,-635
8/5R2/1k6/p7/2r5/3K4/8/8 b - -,,0
r1b1k2r/p1p2ppp/2n1pn2/1p1qN3/Q1BP4/2B1P3/PP3PPP/R3K2R b KQkq -,b5c4 a4c6 d5c6 e5c6 c8b7 c6e5 f6d5 e5c4 d5c3 b2c3,70
r2r2k1/p4p1p/4p1p1/1pR1b3/3P2B1/4P3/P2K1PPP/2R5 b - -,e5d4 e3d4 d8d4 d2e3 d4g4 g2g3 g4b4 c1d1 a7a6 d1d7,-282
2r3k1/prq2pp1/5n1p/p2Pp3/1bp1P1P1/2N1BP1P/RPQ5/2R4K b - -,f6d7 c2e2 d7f8 c3b1 c7b8 c1c4 c8c4 e2c4 f8g6 c4e2,-72
6k1/1p1R1p2/p5r1/5pN1/2r2P2/2P2K1P/PP6/6R1 b - -,c4c8 h3h4 g6g7 h4h5 f7f6 d7g7 g8g7 g5e4 g7f8 e4f6,749
q2r2k1/1b3pbp/1P4p1/p1n1p3/3p4/Q4P2/PP4PP/R1B1RBK1 b - -,c5e6 c1d2 d4d3 a1c1 d8d7 g1h1 g7f8 b2b4 a8d8 a3a5,152
r1br2k1/1pq1bppp/p3pn2/n1p5/P1BP4/1PN1PN2/1B2QPPP/2RR2K1 b - -,a5c4 b3c4 c5d4 e3d4 e7f8 d1d3 c8d7 f3e5 a8c8 d3g3,-5
2N2rk1/r4p1p/p2pp1p1/4b3/2B1P3/1PP1P3/1P4PP/2KR3R b - -,f8c8 c1d2 a6a5 d1a1 e5f6 h1d1 g8f8 c4e2 f6d8 d2c2,72
7q/kpp5/p7/8/8/8/5PPP/Q3R1K1 b - -,h8h7 a1c3 a7b8 e1e8 b8a7 h2h4 h7h5 e8e5 h5g6 e5e1,659
7R/P3k3/r3p3/8/8/8/6K1/8 b - -,a6a2 g2f3 a2a3 f3e4 a3a4 e4d3 a4a3 d3c2 a3a2 c2b3,20000
r4r1k/pQ2pb1p/1b1p1p2/4nP2/8/7P/PPP3P1/R4R1K b - -,f8e8 b7e4 a8b8 f1f4 e8g8 g2g4 b6c5 b2b3 d6d5 e4e2,-268
7N/6k1/8/6PR/2P5/5p2/1K5P/8 b - -,,0
r2qk2r/ppp2pp1/3p3p/2bNp2b/2B1P3/3P1P1P/PPP2P2/1R1Q1R1K b kq -,c7c6 d5e3 e8h8 b2b4 c5b6 a2a4 d8h4 h1g2 h4g5 g2h1,-401
7N/6k1/8/6PR/2P2p2/K7/7P/8 b - -,e8h8 b2b4 c5d4 c2c3 d4b6 d1e2 c7c6 d5b6 d8f6 e2e3,Mate
8/8/2p1k1Kp/P5pP/8/P5P1/8/8 b - -,e6d5 a5a6 c6c5 a6a7 c5c4 a7a8q d5d4 a8c6 d4d3 c6d5,1369
r2qkb1r/3pnppp/p1b1p3/1p2N3/4P3/2N5/PP2QPPP/R1B2RK1 b kq -,e7g6 e5c6 d7c6 c1e3 f8b4 a1c1 e8h8 a2a3 b4d6 f2f4,-103
r6k/pp1n2p1/1bp4p/4n2q/4Q1b1/1BN3P1/PPPB3P/4RR1K b - -,e5f3 e1e2 d7f6 e4f4 f3g5 e2g2 a8d8 d2e1 g5h3 f4c4,-290
r1b2rk1/1p3ppp/p3pq2/2b5/PPN1P3/6B1/4QPPP/R4RK1 b - -,c5b4 c4b6 b4a5 b6a8 c8d7 g3c7 a5c7 a8c7 f6e5 a1c1,623
5Bk1/p4ppp/4p3/3p4/2rP2P1/8/P1P3PP/Rn4K1 b - -,g8f8 a1b1 g7g5 b1b2 c4d4 h2h3 d4a4 g1f2 f8g7 c2c3,-376
5rk1/p1q4p/1p2p1p1/3bP2n/2P3Q1/3BR3/P2B2PP/6K1 b - -,d5a8 g4e6 f8f7 e6d6 h5f4 c4c5 c7c5 d6c5 b6c5 e5e6,114
2r2rk1/pp3p2/2n1pBp1/q2pP2p/Nb1P1P2/1P1Q4/P5PP/2R2RK1 b - -,c6e7 h2h3 c8c1 f1c1 f8c8 c1c8 e7c8 g2g4 c8e7 g1f1,-47
r1bqk1nr/1ppp1ppp/2n5/8/1pP5/P7/1P2PPPP/RN1QKBNR b KQkq -,d8f6 d1c1 b7b6 g2g3 g8e7 f1g2 c8b7 g1h3 h7h5 h3f4,-65
r1b1k2r/p1p2ppp/2n1pn2/1B2N3/Q2P4/2B1P3/PP3PqP/R3K2R b KQkq -,c8b7 b5c6 b7c6 a4c6 g2c6 e5c6 f6e4 h1g1 g7g5 a1c1,493
2r2rk1/bp2npp1/p2pp2p/Q7/2P5/NP6/P2R1PPP/1B3RK1 b - -,a7c5 g1h1 e7c6 a5a4 d6d5 c4d5 e6d5 a3c2 f8e8 d2d5,644
r1rb2k1/pp1qnpp1/4p2p/3pP3/3P2PP/P1BQ1N2/1P3PK1/R3R3 b - -,e7g6 g2g3 g6e7 h4h5 d7a4 e1e3 a7a5 f3d2 a4c6 e3f3,21
rn1qk2r/pp1n2p1/4pP1p/2bp3b/5B2/2N2N1P/PPP1BPP1/R2Q1RK1 b kq -,e8h8 f4b8 a8b8 f6g7 f8f7 d1d2 d8f6 f3h2 h5e2 d2e2,114
r3kbnr/pp1npppp/1qpp4/8/2BPP3/2P2Q1P/PP3PP1/RNB1K2R b KQkq -,d7f6 e4e5 d6e5 d4e5 f6d5 e5e6 f7e6 b1d2 g7g6 e1h1,139
rnb1kb1r/pp2pppp/5n2/8/P1pNP3/2N5/1P3PPP/R1B1KB1R b KQkq -,b8d7 d4b5 e8d8 f2f3 e7e6 c1f4 f8c5 e1a1 a7a6 b5a3,70
r1b1k2r/p1p2ppp/2n1pn2/1B2N3/Q2P4/2B1P3/PP1K1P1P/R6q b kq -,h1h2 b5c6 e8d8 a1f1 a8b8 d2e1 c8b7 f1h1 h2h1 c6h1,403
8/kpp4q/p7/8/3Q4/8/5PPP/4R1K1 b - -,b7b6 d4c3 h7f7 c3c6 b6b5 h2h4 b5b4 c6c5 a7a8 c5b4,855
8/8/8/R3k3/8/5P2/8/5K2 b - -,b7b6 d4c3 h7f7 c3c6 b6b5 h2h4 b5b4 c6c5 a7a8 c5b4,Mate
1r4k1/2r2p1p/n2p2p1/1p1P1P2/p5RP/8/PP1RB1P1/6K1 b - -,g8g7 g4f4 f7f6 e2f1 a6c5 f4b4 g6g5 d2c2 c7e7 h4g5,-27
r2q1rk1/1b1p1pbp/n3pnp1/1BpP4/P3P3/2N2N2/1P3PPP/R1BQ1RK1 b - -,e6d5 e4d5 d7d6 b5c4 a6b4 c1f4 b7a6 b2b3 d8d7 a1c1,73
2r1k1r1/1p1n1pp1/p3bn1p/3q4/5B2/3B2N1/PPPQ2PP/R4R1K b - -,d7e5 f4e5 d5e5 a1e1 e5b2 d3h7 c8d8 d2f4 g8h8 h7g6,221
r1rb2k1/1p1qnpp1/4p2p/p2pP2P/3P2P1/P1BQ1N2/1P3PK1/R3R3 b - -,d7a4 g2h1 a4c4 d3d2 c4b3 e1e3 b7b5 h1g2 b3c4 e3e1,30
2r2r2/p4kbQ/6Bp/q7/P1pP4/8/5PPP/5R1K b - -,f7f6 g6c2 a5h5 g2g4 h5g4 f2f3 g4h5 h7e4 f6f7 f1g1,-208
2r2rk1/p4p2/2n1pBp1/qp1pPP1p/Nb1P4/1P1Q4/P5PP/2R2RK1 b - -,c6e7 c1c8 f8c8 f6e7 b4e7 f5g6 b5a4 d3f3 f7g6 f3f7,50
4R3/P4p2/r3k3/8/8/8/6K1/8 b - -,c6e7 c1c8 f8c8 f6e7 b4e7 f5g6 b5a4 d3f3 f7g6 f3f7,Mate
r1bqr1k1/pp3ppp/2p5/b2NP3/3P4/4BP2/PP2B1PP/R2Q1RK1 b - -,d8d5 d1c2 a5b6 e2c4 c8f5 c2c3 d5d7 a2a4 a7a5 h2h3,132
r4rk1/1pp2pp1/pb4qp/4R3/7B/N1Pn1P2/P3QP1P/6RK b - -,d3e5 g1g6 e5g6 h4g3 a8e8 e2c2 e8e1 h1g2 h6h5 h2h4,-316
r1b1k2r/p1p2ppp/2B1pn2/4N3/Q2P4/2B1P3/PP1K1P1P/q7 b kq -,c8d7 c6d7 e8f8 a4a3 f8g8 a3e7 a8f8 d7e6 f6e4 d2c2,493
4r3/3b1ppp/1p6/8/2k5/2P4P/P4PP1/3R2K1 b - -,d7e6 a2a4 c4c3 h3h4 c3b4 d1d6 e8b8 d6d4 b4a5 d4e4,-603
rn1qk2r/pp2ppbp/2p5/3pP3/3P4/3Q4/PPP2PPP/RN2K1NR b KQkq -,c6c5 b1d2 b8c6 g1e2 c5d4 f2f4 f7f6 e2d4 c6d4 d3d4,92
r3r2k/pQ2pb1p/1b1p1p2/4nP2/6P1/7P/PPP5/R4R1K b - -,a8c8 c2c3 c8c5 a1d1 f7a2 d1d4 a2c4 d4c4 c5c4 b7d5,-267
r2q1r1k/1pp1n1pp/p1pb1p2/2B1P3/2Q3b1/2N2N2/PPP2PPP/2KR3R b - -,f6e5 c4g4 e7f5 f3e5 d6c5 d1d8 a8d8 g4h3 c5f2 e5g6,457
2r2rk1/p5bQ/7p/q7/P1pP4/8/2B2PPP/5R1K b - -,,0
r2q1rk1/1b3pbp/n2p1np1/2pP4/P1B5/2N2N2/1P3PPP/R1BQ1RK1 b - -,a6b4 c1g5 h7h6 g5h4 d8d7 h4f6 g7f6 f1e1 b7a6 c4a6,67
6k1/3n1p2/4PP2/1p1B1P1p/p7/8/2K4P/8 b - -,d7f6 e6e7 b5b4 d5c6 a4a3 e7e8r f6e8 c6e8 g8g7 e8b5,32
r1bqk2r/ppppbppp/2n5/3nP3/3P3P/5N2/PP3PP1/RNBQKB1R b KQkq -,d7d6 b1c3 d5c3 b2c3 d6e5 d4d5 c6b8 f3e5 e8h8 f1d3,-70
8/6K1/p1p4p/5kpP/1P6/P5P1/8/8 b - -,f5e4 g7h6 e4f5 h6g7 g5g4 h5h6 f5e4 g7g6 e4f3 g6g5,1006
8/pR6/8/K7/P4k2/8/4p3/5b2 b - -,e2e1q b7b4 e1e4 b4e4 f4e4 a5b4 e4d3 b4b3 d3d2 b3b2,-39
8/R7/3k4/8/8/5P2/8/5K2 b - -,f4e3 b7e7 e3f2 e7f7 f2g2 f7e7 g2g1 a5b4 g1f2 e7f7,Mate
7N/4k3/8/6P1/5R2/K1P5/7P/8 b - -,f4e3 b7e7 e3f2 e7f7 f2g2 f7e7 g2g1 a5b4 g1f2 e7f7,Mate
2r2rk1/p4ppp/3Bp3/3p4/2QP2P1/8/P1P3PP/Rn4K1 b - -,c8c4 d6f8 g8f8 a1b1 g7g5 b1b3 c4d4 h2h3 d4a4 a2a3,-351
rnRbk2r/5p1p/p1P1p3/1p1p4/1PbP1N1P/4PP2/1P1K2P1/R2B4 b kq -,b8c6 c8a8 c6b4 b2b3 e8h8 b3c4 d5c4 d1c2 d8e7 a8f8,386
rnbqkb1r/pp2ppp1/7p/2pp4/3PN2B/8/PPP2PPP/R2QKBNR b KQkq -,c5d4 e4d2 b8c6 g1f3 g7g5 h4g3 d8b6 a2a4 f8g7 f1b5,146
r2q1rk1/1b3pbp/3p1np1/2pP4/PnB2B2/2N2N2/1P3PPP/R2Q1RK1 b - -,b7a6 d1b3 f6h5 f4d2 a6c4 b3c4 d8d7 a1d1 f8b8 b2b3,68
2rr2k1/6pp/q4p2/p3p3/1p2P2Q/1Pn2P1P/2P3P1/4RRNK b - -,c8c5 h4f2 a6c6 g1e2 d8d2 f2e3 c6d6 e2c3 c5c3 e3a7,-153
rn2kb1r/3p2pp/1q2p1b1/4P3/2p5/2B2Q2/PP3PPP/R3KBNR b KQkq -,a8a4 g1h3 b8c6 f3d1 f8b4 f1e2 b4c3 b2c3 a4a5 e1h1,-96
R7/P3kP2/8/8/8/r7/6K1/8 b - -,f8c5 g1h3 a8a4 f1e2 b8c6 e2d1 h8f8 h3f4 c6d4 f3g4,Mate
6k1/p1q4p/1p2p1p1/3bP1Qn/2P2r2/3BR3/P2B2PP/6K1 b - -,d5c4 h2h3 c7d7 g1h2 c4d3 e3d3 d7d3 d2f4 h5f4 g5f4,-34
5rk1/bp3pp1/3pp2p/4n3/2r5/3RQ3/P4PPP/1B3RK1 b - -,c4a4 e3d2 d6d5 d3g3 a4h4 g1h1 e5c4 d2e2 f8c8 g3b3,370
r2q1r1k/1pp1n1pp/p1pP1p2/2B5/2Q5/2N2b2/PPP2PPP/2KR3R b - -,e7d5 d6c7 d8c7 g2f3 d5c3 c4c3 f8e8 c5e3 a8d8 c3b3,462
8/8/p1p4K/6pP/1P4k1/P5P1/8/8 b - -,g4g3 h6g5 g3f2 h5h6 f2e3 h6h7 e3f3 h7h8q f3g2 g5f5,1320
r1b1k2r/ppp1bppp/2n5/4p1N1/8/3P4/PPP2PqP/R1BQKB1R b KQkq -,g2h1 c2c3 e7g5 c1g5 c8h3 e1d2 h3f1 d1f1 h1f3 g5e3,-618
r2q1rk1/5pbp/b2p1np1/2pP4/PnB2B2/1QN2N2/1P3PPP/R4RK1 b - -,a6c4 b3c4 f6h5 f4g5 d8d7 a1d1 h7h6 g5c1 f8b8 h2h3,73
6k1/4Pp2/5n2/1p1B1P1p/p7/8/2K4P/8 b - -,b5b4 d5c6 a4a3 e7e8q f6e8 c6e8 g8g7 e8b5 g7f6 b5d3,32
2r1r2k/pQ2pb1p/1b1p1p2/4nP2/6P1/2P4P/PP6/R4R1K b - -,c8b8 b7e4 e8g8 a2a4 f7e8 e4e2 e8c6 h1h2 h7h5 f1f4,-281
r4rk1/ppq1bppp/2n1bn2/4p3/2pPP1P1/2P2NNP/P1Q1BP2/R1B1K2R b KQ -,e5d4 f3d4 a8d8 c1e3 c6d4 e3d4 b7b5 e1h1 a7a5 a1d1,-75
8/R7/8/3k4/5P2/8/8/5K2 b - -,e6d7 e1h1 b7b5 c1e3 a8c8 f3e5 c6e5 d4e5 c7e5 g4g5,Mate
1q3rk1/p2b1ppp/2n1pn2/2p5/2Pp4/3P1NP1/P3PPBP/1R1Q1RK1 b - -,b8c7 d1b3 c6a5 b3a3 f8e8 f3g5 e6e5 f1e1 h7h5 e2e3,317
3k4/5K2/8/8/2N1B3/8/8/8 b - -,b8c7 d1b3 c6a5 b3a3 f8e8 f3g5 e6e5 f1e1 h7h5 e2e3,Mate
B1b2k1r/p1p2ppp/4pn2/4N3/Q2P4/2B1P3/PP1K1P1P/q7 b - -,,0
r2q1rk1/ppp2pp1/3pb2p/3B4/3pP3/3P3P/PPP1QPP1/2KR3R b - -,e6d5 e4d5 d8g5 c1b1 g5d5 e2g4 a8e8 h1e1 c7c5 a2a3,-164
3B1b2/7p/p1p1kp2/2p2p1K/2P5/1P3P1P/P4P2/8 b - -,e6f7 f3f4 f7g7 d8c7 g7g8 h5h4 g8f7 h4g3 f7g7 c7b6,13
rnbqkb1r/pp2ppp1/7p/2P5/4p2B/8/PPP2PPP/R2QKBNR b KQkq -,d8a5 c2c3 g7g5 d1d4 h8g8 h4g3 f8g7 d4e3 b8c6 f1c4,-122
r2r2k1/5p1p/4p1p1/pR2b3/3P2B1/4P3/P2K1PPP/2R5 b - -,e5g7 g4f3 d8b8 a2a4 b8b5 a4b5 a8b8 f3e2 g7f8 c1c6,165
r2qkb1r/ppp2ppp/3p1n2/4p3/2BnP1P1/7P/PPPP1P2/RNBQ1RK1 b kq -,h7h5 c2c3 d4c6 d1b3 d8d7 g4g5 d7h3 c4f7 e8e7 f1e1,-157
r1bqkb1r/1p2nppp/p1n1p3/2pp4/B3P3/P1PP1N2/1P3PPP/RNBQK2R b KQkq -,e7g6 h2h4 h7h5 b1d2 f8e7 d3d4 b7b5 a4b3 c5d4 c3d4,-22
r1bqk2r/8/pp2p1n1/8/3Pp2p/1pK1B2Q/PP3PPP/R6R b kq -,e6e5 g2g4 c8e6 a2b3 d8d5 c3d2 e5d4 d2c1 d4e3 h3e3,-653
r2r2k1/1pqbbppp/p3pn2/n1p1N3/P1BP4/1PN1P3/1B2QPPP/2RR2K1 b - -,d7e8 c3b1 a5c4 e5c4 b7b5 a4b5 a6b5 c4e5 a8a2 b1c3,-35
r2q1rk1/5pbp/3p2p1/2pP2Bn/PnQ5/2N2N2/1P3PPP/R4RK1 b - -,d8d7 a1d1 h7h6 g5c1 f8b8 h2h3 d7f5 f3h2 h5f6 b2b3,53
6k1/p1q4p/1p2p1p1/4P1Qn/2b2rP1/3BR3/P2B3P/6K1 b - -,c4d3 e3d3 f4f8 g4h5 c7c2 g5e3 c2d1 d2e1 d1h5 h2h3,194
r2r2k1/5p1p/4p1p1/pR6/3b2B1/4P3/P3KPPP/2R5 b - -,d8c8 c1c8 a8c8 e3d4 c8c2 e2e3 c2a2 g4e2 h7h5 h2h4,342
r2k3r/pppb2pp/4ppnn/2b5/4PP2/2NB1NP1/PPPB3P/R3K2R b KQ -,h6f7 h2h4 g6e7 e1a1 d8e8 g3g4 a8d8 e4e5 f6e5 c3e4,88
6k1/1P3pp1/5n1p/3p4/8/2P2PPP/P3qQKR/4r3 b - -,e2f2 g2f2 e1b1 c3c4 b1b7 f2e3 g8f8 c4d5 f8e7 h2d2,-377
r1b1r1k1/p4ppp/2p3q1/bp2P3/3P4/1P1BBP2/P5PP/1R1Q1RK1 b - -,c8f5 d3f5 g6f5 b1c1 a8d8 f3f4 a5b6 c1c6 d8d5 c6c3,150
6k1/1p3p2/p5r1/3R1pN1/4rP2/2P2K1P/PP6/6R1 b - -,f7f6 d5d8 g8g7 d8d7 g7g8 g5e4 f5e4 f3e4 g6g1 d7b7,631
3r2k1/3n1pp1/1qb1p2p/1p6/p2PP1P1/3NQP1P/P1B2K2/2R5 b - -,d8c8 c2b1 c6b7 c1c8 b7c8 h3h4 c8b7 h4h5 b6d6 f2g2,-28
8/p7/8/8/PK3k2/8/8/5b2 b - -,f4e4 b4c3 e4e3 a4a5 f1d3 a5a6 d3g6 c3b3 e3d2 b3b2,-30
2k4r/1p4pp/p3pb2/8/PPp5/2PnB3/5PPP/R2N2K1 b - -,d3b4 a1b1 b4d5 e3d2 h8d8 g2g4 d5b6 b1b6 d8d2 d1b2,-245
6k1/p1q4p/1p2p1p1/4P1Qn/5rP1/3R4/P2B3P/6K1 b - -,f4f8 g4h5 c7c2 g5e3 c2d1 d2e1 d1h5 h2h3 g6g5 e1b4,199
6k1/n6p/4p1pB/1b6/p2PK1P1/1p3R1P/8/8 b - -,b5c6 d4d5 c6d5 e4d3 d5f3 h6c1 f3d5 d3c3 a7b5 c3b4,Mate
8/7P/2p5/p5K1/1P6/P2k2P1/8/8 b - -,a5b4 a3b4 d3c4 h7h8q c4b4 h8b2 b4c4 g5f5 c6c5 f5e5,Mate
r1b2rk1/1p3ppp/p3pq2/4P3/PPNb4/6B1/4QPPP/R4RK1 b - -,f6g6 a1d1 d4a7 a4a5 g6g5 d1d6 h7h5 e2e4 g5g4 e4g4,329
r4rk1/ppq1bppp/2n1bn2/8/2pNP1P1/2P3NP/P1Q1BP2/R1B1K2R b KQ -,a8d8 c1e3 c6d4 c3d4 e7d6 e2f3 d6g3 f2g3 e6d5 e3f4,-65
8/5R2/8/8/4kP2/8/8/5K2 b - -,e7c5 c1e3 c6d4 c3d4 c5d6 h1g1 a8c8 e1f1 d6g3 g1g3,Mate
6k1/2q2pp1/p3p1p1/1r1pP3/8/Q6P/1PP1RPP1/6K1 b - -,c7c4 g1f1 c4d4 c2c3 d4d1 e2e1 d1d3 e1e2 d3b1 e2e1,-82
2r3k1/r4p1p/p2pp1p1/4b3/2B1P3/1PP1P3/1PK3PP/3R3R b - -,a6a5 c4d3 a5a4 b3b4 a4a3 d1a1 g8g7 h1b1 c8a8 h2h3,49
8/5p2/p3p1p1/1p1kP2p/1b3P1P/1P3KP1/P7/6B1 b - -,a6a5 g1f2 a5a4 f2e3 b4e1 e3g1 e1c3 g1e3 c3d4 e3d2,-19
2k4r/p1p2ppp/4p3/1p3q2/2Q5/2P1NR1N/PP5P/2K4R b - -,f5f3 c4f1 f3e3 c1b1 h8d8 h1g1 d8d2 f1b5 e3h3 g1g7,-9
8/7P/2p5/6K1/1P6/3k2P1/8/8 b - -,f5f3 c4f1 f3e3 c1b1 h8d8 h1g1 d8d2 f1b5 e3h3 g1g7,Mate
2rR2k1/6pp/q4p2/p3p3/1p2P2Q/1Pn2P1P/2P3P1/5RNK b - -,c8d8 f1e1 d8d2 f3f4 a5a4 f4e5 a4a3 g1f3 d2e2 e1e2,-81
rn1qkbnr/ppp2ppp/8/3b4/3P4/8/PP2NPPP/RNBQKB1R b KQkq -,f8b4 b1c3 d8e7 c1e3 g8f6 e2f4 g7g5 f4d5 f6d5 d1d3,17
r2q1rk1/bpp2pp1/2np1n1p/p3p3/P1B1P1b1/2PP1N1P/1P3PP1/R1BQRNK1 b - -,g4f3 d1f3 g8h7 f3d1 d6d5 e4d5 f6d5 d1f3 d5e7 b2b3,75
7Q/8/2p5/5K2/1k6/6P1/8/8 b - -,g4f3 d1f3 g8h7 f3d1 d6d5 e4d5 f6d5 d1f3 d5e7 b2b3,Mate
r4rk1/3q1pbp/3p2p1/2pP2Bn/PnQ5/2N2N2/1P3PPP/3R1RK1 b - -,h7h6 g5c1 f8b8 h2h3 d7f5 f1e1 h5f6 e1e2 b8e8 e2e8,62
r2q1r1k/1p2n1pp/p1pR1p2/2B5/2Q5/2N2b2/PPP2PPP/2K4R b - -,d8c7 g2f3 b7b6 c5a3 c6c5 h1d1 e7c6 b2b3 f8d8 d6d8,477
r4rk1/ppq1bppp/4bn2/8/2pPP1P1/6NP/P1Q1BP2/R1B1K2R b KQ -,e7d6 h1g1 f8d8 d4d5 e6d7 c2c4 c7c4 e2c4 d8e8 c1e3,-57
8/8/4p1p1/5p2/8/3k4/7r/1K6 b - -,b7b5 e1h1 a8c8 g1h2 h7h6 c1e3 b5b4 d4d5 f6d5 e4d5,Mate
5k2/pp4p1/2p3p1/2Pr1p2/1P6/5P2/P3K1PP/4R3 b - -,g6g5 e1h1 a7a5 a2a3 a5b4 a3b4 d5d4 h1b1 f5f4 b4b5,-5
2r2rk1/p4ppp/3Bp3/3p4/3P2P1/3Q4/P1q3PP/3R2K1 b - -,c2d3 d1d3 c8c1 g1f2 f8c8 d3b3 c8c2 f2e3 c2c3 e3d2,-489
8/8/p7/8/P4k2/2K5/8/5b2 b - -,f4e3 a4a5 e3e4 c3b2 e4d4 b2b3 d4d3 b3b2 d3c4 b2b1,-38
7Q/8/8/2p2K2/1k4P1/8/8/8 b - -,f1e2 c3c2 f4e3 a4a5 e2d3 c2b2 d3c4 b2a3 e3d3 a3b2,Mate
2r3k1/r4p1p/3pp1p1/p3b3/4P3/1PPBP3/1PK3PP/3R3R b - -,a5a4 b3b4 a4a3 d1a1 g8g7 h1b1 c8a8 h2h3 g7f6 c2b3,46
rnbqk2r/pp3p2/4pP1p/8/1bBQ3p/2N2N2/PP3PPP/R3K2R b KQkq -,d8d4 f3d4 b8d7 c4b5 e8h8 b5d7 c8d7 e1a1 a8c8 d4f5,-70
4nrk1/prq2pp1/8/p2Pp2p/1bp1P3/2N1BP1P/RPQ3P1/R6K b - -,e8d6 a1c1 f8b8 c2e2 a7a6 e3f2 c7e7 c3a4 b7b5 a4c3,-36
rnbqkbnr/p4ppp/2p1p3/8/PppP1B2/4P3/1P3PPP/RN1QKBNR b KQkq -,d8d5 d1c2 g8f6 g1f3 c8a6 b1d2 c4c3 b2c3 b4c3 c2c3,28
r2qkb1r/ppp2ppp/3p1n2/4p3/2BnP1P1/3Q3P/PPPP1P2/RNB2RK1 b kq -,h7h5 g4g5 d6d5 c4b5 c7c6 g5f6 g7f6 g1h2 h8g8 f1g1,-237
r1b2rk1/1p2qppp/p3p3/4P3/PPNb4/6B1/4QPPP/3R1RK1 b - -,f8d8 e2g4 h7h5 g4f4 g7g5 f4e4 d4a7 d1d8 e7d8 c4d6,396
rqb5/3n1kpp/pp1b1p2/3NpP1Q/4P3/8/PP1B2PP/2R2R1K b - -,f7g8 c1c7 b8c7 d5c7 a8a7 f1c1 d6f8 h5e8 d7c5 e8c8,Mate
8/8/8/5K2/1kp3P1/8/1Q6/8 b - -,f7g8 c1c7 b8c7 d5c7 a8a7 f1c1 d6f8 h5e8 d7c5 e8c8,Mate
8/4pp2/4n3/4P1PQ/4K3/5n2/6k1/8 b - -,f3d2 e4f5 e6g7 f5g4 g7h5 e5e6 f7e6 g4h5 g2g3 g5g6,-9605
8/5k2/8/6R1/5PN1/8/5K2/6r1 b - -,g1c1 f2g3 c1c8 g3h4 f7e6 g5e5 e6d6 f4f5 d6c6 h4g5,635
r1b2k1r/ppppq1p1/2n4p/2BQP3/8/2N2N2/PPP3PP/2KR3n b - -,d7d6 e5d6 e7f7 d6d7 f8g8 d5c6 f7f4 f3d2 b7c6 d7d8q,343
r4rk1/3q1pb1/3p2pp/2pP3n/PnQ5/2N2N2/1P3PPP/2BR1RK1 b - -,f8b8 h2h3 d7f5 f1e1 b4c2 e1e4 b8b4 c4e2 h5f6 e4b4,58
2r2rk1/pp3p2/2n1p1p1/q2pP2p/Nb1P1P1B/1P1Q3P/P5P1/2R2RK1 b - -,b4a3 c1d1 c6d4 d3d4 b7b5 h4e1 a5c7 b3b4 b5a4 f1f3,-22
r1bqkbnr/pppp1ppp/6n1/3Pp3/2B1P2P/8/PPP2PP1/RNBQK1NR b KQkq -,g6h4 g1f3 h4f3 d1f3 d8f6 f3g3 f8c5 b1c3 d7d6 f2f4,-30
5rk1/7p/3p2p1/3P4/2P1P3/3b2P1/5qBP/4R2K b - -,g6h4 g1f3 h4f3 d1f3 d8f6 f3g3 f8c5 b1c3 d7d6 f2f4,Mate
8/8/p7/P7/8/2K1k3/8/5b2 b - -,f1d3 c3b2 e3d2 b2b3 d3g6 b3b2 g6c2 b2a1 d2c3 a1a2,-30
r4rk1/pppb1pp1/4pq1p/2PpP3/3P4/2PB2P1/P4P1P/R2Q1RK1 b - -,f6e7 d3c2 d7b5 f1e1 b7b6 a2a4 b5c4 c5b6 a7b6 h2h4,-2
8/8/6P1/5K2/k7/2Q5/8/8 b - -,f6e7 d3c2 d7b5 f1e1 b7b6 a2a4 b5c4 c5b6 a7b6 h2h4,Mate
r2q1rk1/ppp2pp1/3p1n1p/3Np3/2BbP1QB/3P4/P1P2PPP/1R3RK1 b - -,f6g4 h4d8 a8d8 b1b7 d8b8 b7b3 g4f6 d5e7 g8h7 e7c6,102
5rk1/bp2npp1/p2pp2p/2Q5/2P5/NP6/P2R1PPP/1B3RK1 b - -,e7c6 c5d6 g7g6 d6c7 a7b8 c7b7 c6e5 g1h1 a6a5 f1d1,1023
3B1b2/7p/p1p2p2/2p1kp1K/2P2P2/1P5P/P4P2/8 b - -,e5e6 d8b6 e6f7 h5h4 f7e6 b6c7 e6f7 c7a5 f7g6 h4g3,10
rqb3k1/2Rn2pp/pp1b1p2/3NpP1Q/4P3/8/PP1B2PP/5R1K b - -,d6c5 h5e8 c5f8 d5e7 g8h8 c7c8 b8c8 e7c8 h7h5 e8d7,1251
r1b2rk1/bp2qppp/p2Np3/4P3/PP6/6B1/4QPPP/3R1RK1 b - -,h7h6 d1d3 c8d7 g3f4 f7f5 e2d2 d7a4 d3g3 g8h7 g3h3,299
3r4/3b1ppp/1p6/8/2kR4/2P4P/P4PP1/6K1 b - -,c4b5 g1h2 b5c6 d4c4 c6d6 c4d4 d6c7 d4h4 h7h6 h4c4,-478
r1b2k1r/ppp1q1p1/2nP3p/2BQ4/8/2N2N2/PPP3PP/2KR3n b - -,e7f7 d6d7 f8g8 d5c6 f7f4 f3d2 b7c6 d7d8q g8h7 d8d4,330
r4rk1/ppq2ppp/3bbn2/4P3/2pP2P1/6NP/P1Q1BP2/R1B1K2R b KQ -,c7a5 e1f1 d6e7 e5f6 e7f6 c1e3 a8d8 a1d1 e6d5 h1g1,192
r2r2k1/5p1p/4p1p1/pR6/3P2B1/8/P2K1PPP/2R5 b - -,d8d4 d2e1 d4g4 g2g3 g4e4 e1f1 a8a7 a2a3 g8g7 h2h4,-63
r1r3k1/3q1pb1/3p2pp/2pP3n/PnQ5/1PN2N2/5PPP/2BR1RK1 b - -,c8e8 c3e4 g6g5 f1e1 h5f6 e4f6 g7f6 e1e8 a8e8 f3d2,92
5k2/5pnp/4p1p1/3p2P1/p2P4/P4PN1/1P5P/1K6 b - -,f8g8 b1c2 e6e5 d4e5 g7e6 c2c3 d5d4 c3d3 e6g5 f3f4,138
rnbq1rk1/1pp1ppbn/3p2p1/p6p/2PPP3/2N1B1NP/PP2BPP1/R2QK2R b KQ -,b8a6 h3h4 h7f6 f2f3 c8d7 d1d2 e7e5 d4d5 f8e8 e1a1,73
8/5R2/5P2/8/5k2/8/8/5K2 b - -,b8a6 h3h4 h7f6 f2f3 c8d7 d1d2 e7e5 d4d5 f8e8 e1a1,Mate
8/8/4p1p1/5p2/8/1k6/7r/1K6 b - -,b8a6 h3h4 h7f6 f2f3 c8d7 d1d2 e7e5 d4d5 f8e8 e1a1,Mate
r2k3r/pppb2pp/4ppnn/2b5/4PP2/P1NB1NP1/1PP4P/R1B1K2R b KQ -,a7a6 c1d2 h6g4 c3d1 c5a7 h2h3 g4h6 d1e3 h6f7 e1a1,71
2r3k1/r4p1p/3pp1p1/4b3/P3P3/2PBP3/1PK3PP/3R3R b - -,a7a4 g2g4 a4a2 c2b3 a2a7 d3e2 g8g7 h2h3 c8a8 b3c2,25
rnb1k2r/pp3p2/4pP1p/8/1bBN3p/2N5/PP3PPP/R3K2R b KQkq -,b8d7 c4b5 e8h8 b5d7 c8d7 e1a1 a8c8 d4f3 d7c6 f3e5,-76
r2q1rk1/p3bppp/Q7/2ppN2n/8/2N1P3/PP3PPP/R4RK1 b - -,d8d6 e5c6 e7g5 a1d1 h5f6 c3b5 d6d7 c6e5 d7f5 f2f4,112
r4rk1/pp3p2/2n1p1p1/q2pP2p/Nb1P1P1B/1P1Q4/P5PP/2R2RK1 b - -,c6e7 a2a3 b4a3 h4e1 a3b4 c1c5 b4e1 c5a5 e1a5 a4c5,-24
2k4r/p1p2ppp/4p3/2b5/2p3N1/2P2R1N/PP5P/2K5 b - -,f7f6 h3f4 c8d7 f3h3 h7h6 f4g6 h8b8 g4e3 c5e3 h3e3,90
8/4pk2/3p1pp1/P1p4P/2P1P1P1/5R2/rb1B4/3K4 b - -,,0
rnb2rk1/pp2qppp/8/3pP1P1/4n3/2N2Q2/PPP4P/R1B1KB1R b - -,b8c6 c3e4 d5e4 f3a3 e7e5 a3g3 e5g3 h2g3 c6d4 e1f2,-310
1r3r1k/3bbppp/p3pn2/1p1pqP2/3B3R/1BN4Q/PPP3PP/5RK1 b - -,e5d4 h4d4 e7c5 h3h4 b5b4 c3d5 e6d5 g1h1 d7c6 c2c3,125
r1r3k1/3q1p2/3p2pp/2pP3n/Pn6/1PQ2N2/5PPP/2BR1RK1 b - -,b4a2 c3e3 a2c1 d1c1 g6g5 f3d2 c8e8 d2e4 f7f5 e3h3,104
r1b1kb1r/ppqn1ppp/2pp1n2/4p3/1PP5/2N3P1/PBQPPPBP/R3K1NR b KQkq -,h7h6 g1f3 d7b6 d2d3 f8e7 e1h1 e8h8 a2a4 a7a5 b4b5,75
1k5q/1pp1R3/p7/8/8/8/5PPP/3Q2K1 b - -,h8f6 e7e1 a6a5 g2g3 c7c5 h2h4 b8a7 d1d2 a7a6 h4h5,672
r4rk1/1pp2pp1/pb4np/8/8/N1P2PB1/P3QP1P/7K b - -,b6c5 a3c4 b7b5 c4d2 a8e8 e2d1 e8d8 d1c2 c5e7 f3f4,-288
r3k2r/5p2/p1p4p/1p1ppPq1/8/1P1PPQ2/1PP3PP/R4RK1 b kq -,h8g8 e3e4 d5d4 f3f2 a6a5 a1c1 e8d7 c2c3 d4c3 b2c3,184
8/5p2/4p1p1/pp1kP2p/1b3P1P/1P3KP1/P4B2/8 b - -,a5a4 f2g1 b4c3 g1e3 f7f5 e5f6 c3f6 e3c1 f6d4 c1d2,-19
rn1qk2r/pp4p1/4pn1p/2bpN2b/5B2/2N4P/PPP1BPP1/R2Q1RK1 b kq -,e8h8 e5d3 h5e2 d1e2 c5d4 e2e6 g8h7 c3b5 b8c6 b5d6,176
8/1b1nqk2/1p3np1/P4r2/P2B1P2/2P4Q/5RPP/5RK1 b - -,b6a5 h3d3 d7c5 d3c4 c5e6 f2e2 b7d5 c4c8 e7d6 f1e1,69
8/5pnp/3k2p1/3pP1P1/p7/P1K2PN1/1P5P/8 b - -,d6c6 c3b4 g7e6 g3e2 e6g5 e2d4 c6b6 f3f4 g5e4 e5e6,120
r2qk2r/ppp1bppp/3p1n2/1B2p3/3nP1P1/3Q3P/PPPP1P2/RNB2RK1 b kq -,c7c6 b5a4 f6d7 b2b4 h7h5 c2c3 d4e6 g4g5 e7g5 a4b3,-334
r5k1/5p1p/4p1p1/pR6/3r2B1/8/P4PPP/2R1K3 b - -,d4g4 g2g3 g4e4 e1f1 a8a7 a2a3 g8g7 h2h4 e4d4 c1c3,-60
r2q1rk1/bpp2pp1/2np1nbp/p3p3/P1B1P1P1/2PP1NNP/1P3P2/R1BQR1K1 b - -,c6e7 f3h4 g8h8 d1f3 f6h7 c4a2 c7c6 g1g2 a7b6 c1d2,70
r4rk1/3b1ppp/2n5/pN6/2B1n3/2B5/1P3PPP/R4RK1 b - -,,0
r4rk1/pp3p2/2n1p1p1/q1RpP2p/Nb1P1P2/1P1Q4/P5PP/4BRK1 b - -,b4e1 c5a5 e1a5 a4c5 g8g7 c5b7 a5b6 b7c5 f8c8 f1c1,163
r1r3k1/3q1p2/3p2pp/2pP3n/P7/1P2QN2/n4PPP/2BR1RK1 b - -,c5c4 b3c4 a2c1 d1c1 a8a4 f3d2 d7f5 e3h6 a4a2 h6e3,94
2r2kr1/3n1pp1/p3bn1p/1p1q4/P4B2/3B2N1/1PPQ2PP/4RR1K b - -,d7c5 g3f5 e6f5 e1e5 c8d8 e5d5 d8d5 d2b4 f5d3 c2d3,348
2R5/6R1/4kr1p/3r1p2/P4n2/8/1P3KPP/8 b - -,d5d2 f2e3 d2g2 g7g2 f4g2 e3f3 g2h4 f3e2 f6g6 e2d3,-187
1r3r1k/3bbppp/p3pn2/1p1p1P2/3R4/1BN4Q/PPP3PP/5RK1 b - -,e7c5 h3h4 b5b4 c3d5 e6d5 g1h1 d7c6 f1d1 c5d4 h4d4,127
5rk1/bp2npp1/p2pp2p/2r5/2P5/NPQ5/P2R1PPP/1B3RK1 b - -,e7g6 g1h1 g6e5 h2h3 f7f5 d2d6 a7b8 d6e6 e5d7 b3b4,694
5rk1/prq2ppn/8/p2Pp2p/1bp1P2B/2N2P1P/RPQ3P1/R6K b - -,f8c8 c2c1 f7f6 h4f2 h7g5 a2a4 g5f7 c3a2 f7d6 c1c2,-21
5K2/r4P2/5R2/8/4k3/8/8/8 b - -,e4d3 f6d6 d3c4 d6c6 c4d5 c6h6 d5d4 h6h3 a7a2 h3g3,5103
r3r1k1/1pp2pp1/pb4np/8/2Q5/N1P2PB1/P4P1P/7K b - -,h6h5 h2h4 a8d8 a3c2 g6e5 c4e2 e5d3 c2e3 c7c6 h1h2,-400
r4rk1/3b1ppp/2n5/pN6/2B5/2P5/5PPP/R4RK1 b - -,a5a4 c4e2 a8a5 c3c4 f8e8 e2d1 e8a8 b5c7 a8c8 c7d5,-1
8/5p2/4p1p1/1p1kP2p/pb3P1P/1P3KP1/P7/6B1 b - -,b4c5 g1e3 c5d4 e3d2 d4a1 d2e3 f7f5 e5f6 a1f6 e3f2,-22
B1b2k1r/Q1p2ppp/4pn2/4N3/3P4/2B1P3/PP1K1P1P/5q2 b - -,h7h5 a7c7 f1f2 d2d1 f8g8 c7c8 g8h7 c8a6 f6g4 e5g4,154
2r3k1/5p1p/3pp1p1/4b3/r3P3/1KPBP3/1P4PP/3R3R b - -,a4a7 g2g4 e5c3 b2c3 c8b8 b3c2 a7a2 c2c1 b8b3 d1d2,13
r1r3k1/3q1p2/3p2pp/3P3n/P1P5/4QN2/n4PPP/2BR1RK1 b - -,a2c1 d1c1 a8a4 f3d2 d7f5 e3h6 a4a2 h6e3 h5f4 g2g3,101
rqb3k1/3n1Npp/pp1b1p2/3NpP2/4P1Q1/8/PP1B2PP/2R2R1K b - -,d6b4 d2h6 b4f8 f7d8 b8d6 c1c6 d6d5 e4d5 e5e4 c6c7,1006
5R2/5P2/8/5k2/8/8/8/5K2 b - -,d6b4 d2h6 b4f8 f7d8 b8d6 c1c6 d6d5 e4d5 e5e4 c6c7,Mate
r4rk1/5p2/p1p4p/1p1ppPq1/8/1P1PP3/1PP1Q1PP/R4RK1 b - -,g8h8 e3e4 g5f6 b3b4 h8h7 c2c3 f8g8 f1f3 g8g4 f3f2,147
1r3r1k/3b1ppp/p3pn2/1pbp1P2/3R3Q/1BN5/PPP3PP/5RK1 b - -,b5b4 c3d5 e6d5 g1h1 d7c6 f1d1 f8e8 h2h3 e8e5 c2c4,115
r2qk2r/pp2bppp/2pp1n2/1B2p3/3nP1P1/2PQ3P/PP1P1P2/RNB2RK1 b kq -,d4b5 d3e2 e8h8 d2d4 b5c7 d4e5 d6e5 f1d1 f6d7 b1d2,-520
8/P1pk4/1p6/3p4/8/1P6/1KP4r/4R3 b - -,,0
1r1q1rk1/3b1pb1/p2p1np1/n1pP4/2P1PP1p/7P/PBQNN1B1/4RRK1 b - -,b8b2 c2b2 f6e4 b2c1 e4d2 c1d2 a5c4 d2d3 d7b5 g1h1,-296
r4rk1/3b1ppp/8/pN2n3/8/2P5/4BPPP/R4RK1 b - -,f8c8 a1a4 d7b5 e2b5 c8c3 f1a1 c3c5 a4a5 a8a5 a1a5,-4
r1b2k1r/pppP1qp1/2n4p/2BQ4/8/2N2N2/PPP3PP/2KR3n b - -,f8g8 d5c6 f7f4 f3d2 b7c6 d7d8q g8h7 d8d4 f4d4 c5d4,328
r1bq1rk1/1p2bppp/p1n1pn2/8/P1BP1B2/2N2N2/1P3PPP/R2Q1RK1 b - -,d8b6 d1d3 h7h6 a1d1 c8d7 d3d2 b6a5 d2e3 a8d8 d4d5,-7
rnb2rk1/pp2qppp/8/3pp1P1/4NP2/5Q2/PPP4P/R1B1KB1R b - -,d5e4 f3e4 b8c6 e1f2 f7f5 f1c4 c8e6 c4e6 e7e6 e4a4,-157
1k2R3/1pp5/p4q2/8/8/8/5PPP/3Q2K1 b - -,b8a7 d1c1 f6g6 e8e1 a7b6 h2h4 a6a5 c1g5 g6c6 h4h5,729
1r4k1/prq2ppn/8/p2Pp2p/1bp1P2B/5P1P/RPQ1N1P1/R6K b - -,h7f8 h4f2 f8d7 e2g3 g7g6 g3f1 c4c3 b2c3 c7c3 h1h2,-20
r1b2rk1/1p3ppp/p3pq2/2b1n3/P1B1P3/6B1/1P1NQPPP/3R1RK1 b - -,e5c4 d2c4 a6a5 g3e5 f6e7 b2b3 a8a6 e2d3 f7f6 e5d6,92
r3r1k1/p1bq2pp/8/1pRPp3/1P6/4BP2/P5PP/3Q1RK1 b - -,a7a5 c5c6 a5b4 e3c5 a8a2 c5b4 a2a4 d1b3 g8h8 h2h3,98
3q1rk1/3b1pb1/p2p1np1/n1pP4/2P1PP1p/7P/PQ1NN1B1/4RRK1 b - -,f6e4 b2c1 e4d2 c1d2 a5c4 d2d3 d7b5 a2a4 c4b2 d3d2,-282
B1b2k1r/Q1p2ppp/4pn2/4N3/3P4/2B1P3/PP3q1P/3K4 b - -,h7h6 a7c7 f8g8 c7c8 g8h7 c8a6 f2g1 c3e1 h8b8 b2b3,200
r1r3k1/3q1p2/3p2pp/3P3n/P1P5/4QN2/5PPP/2R2RK1 b - -,a8a4 f3d2 d7f5 e3h6 a4a2 h6e3 h5f4 g2g3 f4h3 g1g2,86
1r4k1/5R2/p3pPp1/Q3P2p/2bBn3/8/P5PP/4K3 b - -,a8a4 f3d2 d7f5 e3h6 a4a2 h6e3 h5f4 g2g3 f4h3 g1g2,Mate
r1bq1rk1/ppp3bp/n2p4/3Ppp2/2P2n1N/2N1B1PP/PP1Q1P2/R3KB1R b KQ -,a6c5 e1a1 f4h5 h1g1 g8h8 g3g4 f5g4 h3g4 d8h4 g4h5,92
rn1qk1nr/ppp2ppp/3bp1b1/1B6/3P4/5NN1/PPP2PPP/R1BQK2R b KQkq -,e8f8 e1h1 c7c6 b5a4 b8d7 c2c4 g8e7 f1e1 d7f6 d1e2,88
8/4pp2/4n3/4P1PQ/8/4K3/3n2k1/8 b - -,d2f1 e3d3 e6f4 d3e4 f4h5 e4f5 f1e3 f5e4 e7e6 e4e3,-3786
2r1r1k1/1pqn1ppp/p3p3/P2p3R/3NbPP1/2P3Q1/1P5P/4RBK1 b - -,g7g6 h5h3 c7a5 g3h4 d7f8 h3e3 a5b6 e1e2 e6e5 f4e5,-231
8/4KP2/5R2/8/4k3/8/8/r7 b - -,a1a7 e7f8 e4e5 f6h6 e5d4 f8g8 a7a8 f7f8q a8f8 g8f8,15265
rn2kb1r/pp1qpppp/5n2/1B1p1b2/3P4/1Q2PN2/PP3PPP/RNB1K2R b KQkq -,a7a6 b5d7 b8d7 b3b7 a8b8 b7a6 e7e6 e1h1 f8e7 b1c3,559
5k2/5pnp/4p1p1/3p2P1/p2P4/P4P2/1PK1N2P/8 b - -,f7f6 g5f6 g7h5 c2c3 h5f6 c3b4 f6e8 b4a4 e8d6 b2b3,317
5rk1/bp3pp1/p2pp1np/2r5/2P5/NP6/P1QR1PPP/1B3RK1 b - -,c5c8 b3b4 f7f5 g1h1 g6e5 d2d1 b7b5 c2d2 h6h5 h2h3,658
1r4k1/4nppp/p2r4/3p4/R7/2N5/1P1R1PPP/5K2 b - -,g7g6 h2h4 g8g7 g2g3 b8b6 h4h5 g6h5 f1g2 d6d7 a4h4,-27
3q1rk1/3b1pb1/p2p2p1/n1pP4/2P1nP1p/7P/P1QNN1B1/4RRK1 b - -,e4d2 c2d2 a5c4 d2d3 d7b5 a2a4 c4b2 d3d2 b5d3 g1h2,-302
1r3nk1/prq2pp1/8/p2Pp2p/1bp1P2B/5P1P/RPQ1N1P1/2R4K b - -,b4e7 h4e7 c7e7 e2g3 e7g5 g3f5 b7b6 c1e1 f8g6 f5e3,22
1r3r1k/3b1ppp/p4n2/1pbppP2/3R3Q/1BN5/PPP3PP/5R1K b - -,e5d4 c3d5 f6d5 b3d5 f7f6 h4f4 b5b4 f1e1 d7b5 e1e6,135
r1bq1r1k/1pp3pp/p1pB1pn1/8/2Q1P3/2N2N2/PPP2PPP/2KR3R b - -,c7d6 c4d4 c8g4 d4d6 d8d6 d1d6 g4f3 g2f3 f6f5 h1d1,78
3k4/5K2/8/4N3/8/5B2/8/8 b - -,c7d6 c4d4 c8g4 d4d6 d8d6 d1d6 g4f3 g2f3 f6f5 h1d1,Mate
3q1rk1/3b1pb1/p2p2p1/n1pP4/2P2P1p/7P/P2QN1B1/4RRK1 b - -,a5c4 d2c1 c4b2 g2e4 d7h3 f1f3 h3g4 f3e3 f8e8 g1h2,-307
r1b1k2r/pp1n1p2/4pP1p/1N6/1bB4p/2N5/PP3PPP/R3K2R b KQkq -,e8h8 a2a3 b4a5 e1h1 d7f6 c4e2 c8d7 e2f3 d7c6 f3c6,-92
r4rk1/pp2bp2/2n1p1p1/q2pP2p/N2P1P2/1P1Q4/P5PP/2R1BRK1 b - -,a5c7 a4c5 c7c8 e1f2 f8d8 h2h3 b7b6 c5a6 e7a3 c1b1,25
r2qk2r/ppp1bppp/3p1n2/8/4P1b1/2N2B2/PPP2PPP/R1BQ1RK1 b kq -,g4e6 a2a4 a7a5 e4e5 d6e5 f3b7 a8b8 d1f3 e8h8 f1d1,56
4R3/kpp5/p4q2/8/8/7P/5PP1/3Q2K1 b - -,a6a5 d1c1 f6g6 e8e1 a7b8 h3h4 b7b6 c1d1 g6c6 h4h5,610
r1b1kb1r/pp1p1ppp/1q1Ppn2/2p1n3/2P1P3/2N2N2/PP3PPP/R1BQKB1R b KQkq -,f8d6 c3b5 e5f3 d1f3 e8h8 b5d6 b6d6 f1d3 b7b6 f3e2,-57
6k1/p2q3p/1p2p1p1/4P1QP/2b2r2/3BR3/P2B3P/6K1 b - -,d7d4 g5f4 d4f4 h5g6 f4g4 g1f2 h7g6 d3c4 g4c4 e3e2,-402
5rk1/pp2pp1p/6pB/P2B4/2n5/1b4P1/4PP1P/R5K1 b - -,,0
8/5p2/4p1p1/1p1kP2p/1b3P1P/1P3KP1/8/6B1 b - -,b4c3 g1e3 c3b2 e3f2 f7f6 e5f6 b2f6 f2g1 f6d4 g1e3,-18
r4r1k/pp2pp1p/1bnp4/5P2/7Q/7P/PPP1b1P1/R4R1K b - -,e2f1 a1f1 f7f6 h4e4 a8d8 g2g4 d6d5 e4e2 d5d4 f1d1,-274
r1bqkbnr/p2ppp1p/1pn3p1/8/2BNP3/8/PPP2PPP/RNBQ1RK1 b kq -,c8b7 d4c6 b7c6 d1d4 g8f6 b1c3 f8g7 e4e5 d7d5 c4b5,84
r2qk2r/pp2bppp/2pp1n2/1n2p1P1/4P3/2PQ3P/PP1P1P2/RNB2RK1 b kq -,f6h5 d3f3 g7g6 h3h4 d8d7 d2d4 e8h8 a2a4 b5c7 d4e5,-593
rn1q1rk1/pp4p1/4pn1p/2bp4/5B2/2NN3P/PPP1QPP1/R4RK1 b - -,c5b6 e2e6 g8h7 e6f5 g7g6 f5e6 b8c6 a1e1 h7g7 e6e2,201
8/R4ppp/4pk2/3p4/3P2P1/8/P1r3PP/6K1 b - -,c2c4 g4g5 f6g6 a2a4 c4d4 a4a5 d4a4 g1f2 e6e5 h2h4,-285
rn1qk2r/pp1b1pp1/4p2p/4P3/3P4/5N2/P2QBPPP/R3K2R b KQkq -,d7c6 h2h4 e8h8 h1h3 c6e4 d2f4 e4g6 h4h5 g6h7 h3g3,-42
r1b1kb1r/p1qn1ppp/4pn2/1p6/P1pP4/2P2NN1/1PB2PPP/R1BQK2R b KQkq -,b5b4 e1h1 c8b7 d1e2 a7a5 f1e1 b4b3 c2b1 h7h6 g3f5,-23
5rk1/bp3pp1/p2pp1np/6r1/2P5/NPQ5/P2R1PPP/1B3RK1 b - -,g6f4 g2g3 e6e5 c3f3 d6d5 g1h1 f4h3 g3g4 h3f4 c4d5,632
r1b3kr/pppP1qp1/2Q4p/2B5/8/2N2N2/PPP3PP/2KR3n b - -,f7f4 f3d2 b7c6 d7d8q g8h7 d8d4 f4d4 c5d4 h1g3 h2g3,342
1q6/Rk1n1npp/1Pr1p3/2ppPp2/3P1P2/3PB3/6PP/Q5K1 b - -,b7c8 a1a6 c8d8 d4c5 d8e8 a7a8 b8a8 a6a8 f7d8 a8a4,563
1r3r1k/3b1ppp/p4n2/1p1NpP2/3b3Q/1B6/PPP3PP/5R1K b - -,e5e4 c2c3 d4e5 d5e3 b5b4 g2g4 b4c3 b2c3 d7b5 b3c4,152
4r3/p1p1qpkn/1p4p1/1B6/4PQ2/8/PPP5/2KR4 b - -,e7e5 f4e5 e8e5 b5c6 e5e6 c6d5 e6e7 c1d2 h7f6 d2e3,-270
5k2/5p1p/4p1p1/3p1nP1/p2P4/P1K2P2/1P2N2P/8 b - -,f5e3 e2c1 e3d1 c3c2 d1e3 c2d2 e3f5 d2c3 f8e7 f3f4,107
r3r1k1/p5pp/3P4/1p2pq2/1P6/4RP2/P5PP/3Q1RK1 b - -,f5e6 f3f4 e5e4 f4f5 e6f7 f5f6 g7f6 d1g4 g8h8 e3e4,308
r1bqk2r/pp2ppbp/2n2np1/2pp4/8/2PPP1P1/PP2NPBP/RNBQ1RK1 b kq -,h7h5 b2b4 c5b4 c3b4 c6b4 d1a4 b4c6 b1c3 e8h8 a1b1,-68
r1b2rk1/ppqn1pbp/2pp1np1/4p3/1PP1P3/2N2NP1/PBQP1PBP/R4RK1 b - -,f8d8 d2d3 a7a5 b4b5 d7c5 b2c1 c5e6 c1e3 d8e8 a1b1,46
r4r1k/pp2pp1p/1bnp4/5R2/4P2Q/7P/PPP1b1P1/R6K b - -,f7f6 a2a4 a8c8 a1a3 f8f7 h4e1 e2c4 a3c3 c4e6 f5d5,-207
r1b1k1nr/ppp2pp1/2n1p3/1B5p/1b1qp2Q/2N5/PPPB1PPP/2KR2NR b kq -,c8d7 g1e2 d4f6 h4e4 f6e7 e4c4 g8f6 d2g5 e8a8 a2a3,-60
6k1/1p6/p4pr1/5RN1/4rP2/2P2K1P/PP6/6R1 b - -,e4e8 h3h4 f6g5 f5g5 g6g5 h4g5 e8d8 g1g2 b7b5 f3g4,639
rn1qk2r/pp4p1/4pn1p/2bpN3/5B2/2N4P/PPP1QPP1/R4RK1 b kq -,a7a6 e5g6 e8f7 g6h8 d8h8 a1e1 h8e8 c3b1 b8c6 c2c3,276
8/5p2/4p1p1/1p1kP2p/5P1P/1Pb1BKP1/8/8 b - -,c3b4 e3f2 b4c5 f2e3 c5d4 e3d2 d4b2 d2e3 f7f6 e5f6,-5
1k1r3r/1ppq2pp/1nn1pp2/p2PPb2/PbP5/2N1BNQ1/1P2B1PP/R4RK1 b - -,b6d5 c4d5 e6d5 a1d1 b4c3 b2c3 f5e4 e2b5 e4f3 f1f3,310
3r4/3b1ppp/1p6/8/8/2k4P/P4PP1/3R2K1 b - -,c3b4 f2f4 b6b5 f4f5 b4c5 d1d3 c5c6 a2a3 d8a8 d3c3,-539
r1b2rk1/5ppp/pp2pq2/2b1n2Q/P1B1P3/6B1/1P1N1PPP/3R1RK1 b - -,e5g6 d2b3 c5b4 e4e5 f6e7 h2h4 c8d7 b3d4 f8c8 c4b3,68
2r2kr1/5pp1/p3bn1p/1pnqR3/P4B2/3B2N1/1PPQ2PP/5R1K b - -,d5c6 d3b5 a6b5 e5c5 c6c5 f4d6 f8e8 d6c5 c8c5 d2f2,451
5k2/5p1p/4p1p1/3p2P1/pK1P4/P3nP2/1P2N2P/8 b - -,e3f1 b4a4 f1h2 f3f4 f8e8 a4a5 f7f6 a5b6 f6g5 f4g5,339
8/2p3B1/p3kp2/7p/2P5/1P1K1P2/P5PP/8 b - -,e6e5 g7h6 e5f5 h6d2 h5h4 b3b4 f5e6 d3e4 e6d6 d2e1,906
r2q1rk1/ppp2pp1/3p1B1p/3Np3/2BbP1b1/3P1Q2/P1P2PPP/1R3RK1 b - -,g4f3 f6d8 f8d8 g2f3 d4b6 f3f4 e5f4 d5f4 c7c6 g1h1,407
r2q1rk1/bpp2pp1/2np1nbp/p3p3/P1B1P2N/2PP2NP/1P3PP1/R1BQR1K1 b - -,g6h7 d1f3 g8h8 h4f5 f6g8 a1a3 h7f5 g3f5 c6e7 a3b3,68
r3k2r/pppb1ppp/5b2/8/2B5/4B3/PPP2PPP/R4RK1 b kq -,,0
5R2/5P2/4k3/8/8/8/6K1/8 b - -,e8h8 c2c3 a7a5 a2a4 d7c6 e3f4 a8c8 c4b5 c6d5 b5d7,Mate
5rk1/bp3pp1/p2pp2p/Q5r1/2P2n2/NP6/P2R1PPP/1B3RK1 b - -,f4e2 d2e2 g5a5 a3c2 b7b5 c4b5 a6b5 f1d1 d6d5 g2g3,309
4R3/kpp5/5q2/p7/Q7/7P/5PP1/6K1 b - -,f6f5 a4d4 a7a6 e8a8 a6b5 a8a7 b5c6 g2g4 f5g5 d4e4,595
r4rk1/5p2/p1p2P1p/1p1pp1q1/8/1P1PPQ2/1PP3PP/R4RK1 b - -,a8e8 e3e4 e8a8 a1e1 g8h8 f3e2 f8e8 f1f5 g5g6 e2h5,274
1rbr2k1/pp3pbp/1qn1p1p1/2pNP3/5P2/4BNP1/PPP3BP/R1Q1K2R b KQ -,e6d5 e1h1 c8f5 e3f2 d5d4 c2c3 b8c8 f1e1 h7h5 f3g5,-26
r1bQ2kr/p1p2qp1/2p4p/2B5/8/2N2N2/PPP3PP/2KR3n b - -,g8h7 d8d4 h8e8 d1h1 a7a5 b2b3 c8e6 c1b2 a8d8 d4f2,389
r1bqk1nr/ppp2pb1/2np2pp/1B2p3/4P3/2NPBN2/PPP2PPP/R2QK2R b KQkq -,g8f6 h2h3 a7a6 b5c6 b7c6 d1d2 c6c5 c3e2 f6h5 e1h1,-17
r3r1k1/p5pp/3P4/1p2p1q1/1P6/3R1P2/P5PP/3Q1RK1 b - -,a8d8 d1b3 g8h8 b3d5 h7h6 d6d7 e8e7 d5b5 e5e4 b5g5,335
2r1q1k1/5pp1/7p/1pnNr3/3Q4/7P/P1R2PP1/5RK1 b - -,c8d8 c2c5 g8h8 g1h2 e5e2 d4c3 e8d7 d5f4 e2e4 c5d5,346
rn1qk2r/p1p2ppp/bp2pb2/3p4/2PP4/1PN1PN2/P4PPP/R2QKB1R b KQkq -,d5c4 f1c4 a6c4 b3c4 e8h8 a1c1 c7c5 e1h1 b8d7 h2h3,-3
8/4pp2/4n3/4P1PQ/2n1K3/8/6k1/8 b - -,c4d2 e4e3 d2f1 e3e4 f1g3 e4d5 g3h5 g5g6 e6f4 d5c5,-914
1qk5/R2n1npp/QPr1p3/2ppPp2/3P1P2/3PB3/6PP/6K1 b - -,c8d8 d4c5 d8e8 a7a8 f7d8 a8b8 d7b8 a6a7 b8d7 a7a4,588
4R3/2pk4/Pp6/3p4/8/1P6/1KP4r/8 b - -,d7e8 a6a7 e8d7 a7a8q d7d6 b3b4 h2e2 b4b5 e2e7 a8c6,547
2r2kr1/3q1pp1/p3bn1p/1pn1R3/PQ3B2/3B2N1/1PP3PP/5R1K b - -,g8h8 e5c5 f8g8 c5c8 d7c8 a4b5 a6b5 f4d2 c8c7 b4d4,573
r4rk1/pppb1ppp/5b2/8/2B5/2P1B3/PP3PPP/R4RK1 b - -,,0
r2r2k1/4qpb1/1nn1p1pp/1N6/P1p1P3/1P2B2P/4QPP1/2RRN1K1 b - -,c4b3 c1c6 b6a4 d1b1 e7b7 c6c7 b7c7 b5c7 a4c3 e2c4,121
4rrk1/pppq1ppp/2np1n2/2b1p2b/2B1P3/2PP1NNP/PP3PP1/R1BQR1K1 b - -,h5f3 d1f3 g8h8 b2b4 c5b6 g3f5 a7a5 b4b5 c6e7 f5e7,152
2r1r1k1/p4ppp/4p3/2Bp4/3P2P1/3Q4/P1q3PP/3R2K1 b - -,c2d3 d1d3 h7h6 h2h4 e6e5 d3g3 e5d4 c5d4 c8c1 g1h2,-481
1k1r3r/1ppq2pp/1n2p3/p2Ppb2/PbP5/4B1Q1/NP2B1PP/R4RK1 b - -,d7d6 a2b4 d6b4 g3e5 b6d7 e5g7 h8g8 g7d4 b7b6 e3f4,118
2r2nk1/pr3pp1/1q6/p2PpN1p/1bp1P2B/5P1P/RPQ3P1/2R4K b - -,g7g6 h4f2 b4c5 f2c5 b6c5 f5g3 f8d7 g3f1 b7b4 f1d2,-43
2r1q1k1/5pp1/7p/1pnN4/4r3/7P/PQR2PP1/5RK1 b - -,c5a4 c2c8 a4b2 c8e8 e4e8 f1b1 e8e5 d5f6 g7f6 b1b2,7
3r1r1k/1p3pp1/p2p1qbp/P2B4/1P2PpP1/2P2Q1P/5PK1/R3R3 b - -,h8g8 d5b7 d8b8 b7d5 f8c8 a1c1 f6e5 h3h4 h6h5 g4g5,189
rn1qkb1r/pp2pp1p/2p2n2/3pNp2/3P4/4P3/PPPN1PPP/R1BQK2R b KQkq -,,0
r3k2r/pp2bp2/2n1p1p1/q2pP2p/N2P1P2/1P1Q4/P4BPP/2R2RK1 b kq -,a8c8 h2h3 e7a3 c1c3 e8d7 f2e1 a5a6 d3d1 a3e7 e1h4,-22
rnbqkb1r/ppp4p/3p1np1/4p3/4P3/2N2NP1/PPP2PBP/R1BQK2R b KQkq -,b8a6 e1h1 f8g7 a2a4 e8h8 h2h3 c8d7 a4a5 d8e8 d1e2,44
2rq1rk1/bp2npp1/p2pp2p/7Q/2P5/NP6/P2R1PPP/1B3RK1 b - -,d6d5 f1d1 d8a5 a3c2 a5c3 c4d5 e7d5 c2d4 d5f6 h5f3,-197
r1b2rk1/5ppp/pp2pq2/2b4Q/P1N1P3/6B1/1P3PPP/3R1RK1 b - -,c8b7 a4a5 b7e4 a5b6 f6e7 f1e1 e4b7 g3c7 a8c8 d1c1,153
8/5p2/4p1p1/1p1kP2p/1b3P1P/1P3KP1/5B2/8 b - -,b4a3 f2g1 a3c5 g1e3 c5d4 e3c1 d4c3 c1e3 c3b2 e3f2,-3
r1b1k2r/pp3p2/2n1pn1p/2qp4/5P2/2PB1N2/PP1NQ1PP/R3K2R b KQkq -,c8d7 d2b3 c5b6 e1a1 e8a8 f3e5 h8g8 e5f7 d8f8 f4f5,72
r3kb1r/pp1n1ppp/2p1p3/8/3P4/P2B4/1PPN1PPP/R4RK1 b kq -,c6c5 c2c3 c5d4 c3d4 e8a8 f1d1 f8e7 d3e2 d7b6 d2f3,-14
8/pp3kp1/2p3p1/2Pr1p2/1P6/5P2/P3K1PP/2R5 b - -,g6g5 c1c4 f7e6 h2h4 g5h4 c4h4 a7a5 a2a3 a5b4 h4b4,-6
rnb1k2r/p3pp1p/2p3p1/q3P3/1p2N1n1/8/PPPQ1PPP/2KR1BNR b kq -,e8h8 f1c4 a5e5 e4g5 e5c5 c4f7 f8f7 g5f7 g8f7 g1f3,25
r2r2k1/2R1qpb1/4p1pp/1N6/n3P3/1p2B2P/4QPP1/3RN1K1 b - -,e7b4 e2f3 d8f8 c7b7 b3b2 e1d3 b4c4 b5d6 c4c6 e3h6,31
5k2/5p1p/4p1p1/3p2P1/K1nP4/P4P2/1P2N2P/8 b - -,c4b2 a4b5 f8e7 b5c6 e7d8 e2c1 b2c4 a3a4 c4a5 c6b5,35
rnbqk2r/ppp3bp/3p1np1/4p1B1/4P3/2N2NP1/PPP2PBP/R2QK2R b KQkq -,b8a6 e1h1 e8h8 g5e3 f6g4 e3d2 d8e8 a2a4 g4f6 d2e3,29
r4rk1/1ppb1ppp/5b2/p7/2B5/2P1B3/PP3PPP/R3R1K1 b - -,,0
1r3r1k/3b1ppp/p7/1p1BpP2/3b3Q/8/PPP3PP/5R1K b - -,f7f6 f1f3 h7h6 h4g4 b8e8 c2c3 d4b6 g4e4 e8d8 h2h4,215
rnb1k2r/pp3p2/4pP1p/8/2BN3p/2P5/P4PPP/R3K2R b KQkq -,b8d7 f2f4 d7f6 f4f5 e6e5 d4f3 e5e4 f3e5 e8h8 a1d1,-37
rqb3k1/3n2pp/pp1b1p2/3NpP1Q/4P3/5R2/PP1B2PP/2R4K b - -,b8b7 f3g3 d7f8 d2h6 b7f7 h5f7 g8f7 g3g7 f7e8 d5f6,1540
r2r2k1/2R2pb1/4p1pp/1N6/nq2P3/1p2BQ1P/5PP1/3RN1K1 b - -,d8f8 c7b7 b3b2 e1d3 b4c4 b5d6 c4c6 e3h6 g7h6 d3e5,29
2r2nk1/pr3p2/1q4p1/p2PpN1p/1bp1P3/5P1P/RPQ2BP1/2R4K b - -,b4c5 f2c5 b6c5 f5g3 f8d7 g3f1 b7b5 c2c3 c5d4 f1e3,-41
r2q1rk1/ppp2pp1/3p1N1p/4p3/2BbP1bB/3P1Q2/P1P2PPP/1R3RK1 b - -,d8f6 f3g4 g7g5 h4g3 a8b8 b1b3 a7a6 c2c3 d4a7 b3b1,356
8/2p3B1/p4p2/4k3/1PP4p/4KP2/P5PP/8 b - -,e5e6 e3d4 f6f5 d4c5 e6f7 g7c3 f7g6 c3d2 g6h5 c5c6,982
r1br2k1/1pq1bppp/p3pn2/n1P5/P1B5/1PN1PN2/1B2QPPP/R2R2K1 b - -,c7c5 d1d8 e7d8 c4d3 a5b3 a1d1 c8d7 c3e4 f6e4 d3e4,3
4R3/kpp5/8/pQ6/8/2q4P/5PP1/6K1 b - -,c7c6 b5f5 a5a4 g1h2 a7b6 e8a8 a4a3 f5f8 c3d4 f8a3,573
r2r2k1/5p1p/4pbp1/pR6/P5B1/4P3/4KPPP/2R5 b - -,,0
rnbq1rk1/ppp3bp/3p1np1/4p1B1/4P3/2N2NP1/PPPQ1PBP/R3K2R b KQ -,b8c6 e1h1 d8e8 h2h3 c6d8 c3d5 d8e6 g5f6 g7f6 d5f6,34
r4r1k/pp2p2p/1bnp1p2/5R2/4P1PQ/7P/PPP1b3/R6K b - -,f8g8 h4e1 e2c4 e1d2 c4e6 a2a4 b6d4 f5b5 a8b8 c2c3,-299
rnbqkbnr/pp5p/2p2p2/3P2p1/2B2p2/3P1N2/PPP3PP/RNBQ1RK1 b kq -,c6d5 c4b3 b8c6 d1e1 e8f7 b1c3 g8e7 g1h1 h7h6 c1d2,-67
r1b1k1nr/ppp2pp1/2n1p3/1Bq4p/1b2p2Q/2N5/PPPBNPPP/2KR3R b kq -,c8d7 h4f4 a7a6 b5c6 d7c6 a2a3 b4c3 d2c3 g8e7 c3b4,-44
rnb1kb1r/pp2pppp/1qp2n2/3p4/3P1P2/2N1PN2/PPP3PP/R1BQKB1R b KQkq -,c8f5 f3e5 b8d7 f1e2 h7h6 e1h1 e7e6 g2g4 f5h7 e2d3,-2
r1bqkb1r/ppp2ppp/2p5/2n1p3/8/5N2/PPPP1PPP/RNBQR1K1 b kq -,c8g4 e1e5 c5e6 h2h3 g4f3 d1f3 d8f6 e5f5 f6e7 f5e5,-82
r1b1k2r/pp1n1p2/4pP1p/1N6/2B4p/2P5/P4PPP/R3K2R b KQkq -,e8h8 e1a1 d7f6 b5d6 c8d7 d1d4 d7c6 h1d1 g8g7 d4h4,-37
2nb4/3k2pp/1p2pp2/p7/P3PP2/1P1KB1PP/2N5/8 b - -,e6e5 f4e5 f6e5 c2a3 c8d6 a3c4 d6c4 d3c4 d7c6 g3g4,55
r2R1qk1/2R2pb1/4p1pp/1N6/n3P3/1p2BQ1P/5PP1/4N1K1 b - -,a8d8 b5a3 b3b2 e4e5 d8b8 a3b1 g7e5 c7c2 e5g7 f3e4,75
4k3/P1p5/1p6/3p4/8/1P6/1KP4r/8 b - -,e8d7 a7a8q d7d6 b3b4 h2e2 b4b5 d6d7 a8d5 d7c8 d5a8,564
8/2p3B1/p3kp2/1P6/2P4p/4KP2/P5PP/8 b - -,a6b5 c4b5 e6f7 g7h6 f7g6 h6f4 f6f5 e3d4 g6h5 d4d5,939
1r1q1rk1/3b1pb1/p2p1np1/nppPP3/2P1P3/1P4pP/PBQNN1B1/4RRK1 b - -,f6h7 e5d6 g7b2 c2b2 b5c4 b2c3 c4b3 a2b3 d8b6 e4e5,241
1k1r3r/1pp1q1pp/1n2p3/p2Ppb2/PNP5/4B1Q1/1P2B1PP/R4RK1 b - -,b6d7 d5e6 f5e6 b4a2 h7h5 g3g5 d7f6 h2h3 e7f7 a2c3,430
5k2/5p1p/4p1p1/3p2P1/pKnP4/P1N2P2/1P5P/8 b - -,f7f6 g5f6 f8f7 c3a4 c4d2 f3f4 d2c4 b4c3 f7f6 a4c5,298
4rrk1/pppq1ppp/2np1nb1/2b1p3/2B1P2N/2PP2NP/PP3PP1/R1BQR1K1 b - -,d6d5 e4d5 f6d5 h4g6 h7g6 a2a4 a7a5 g3e4 c5e7 d1b3,154
5r1k/1p1r1pp1/p2p1qbp/P2B4/1P2PpP1/2P2Q1P/5PK1/3RR3 b - -,f6g5 h3h4 g5e5 h4h5 g6h7 f3d3 e5g5 f2f3 d7e7 d3d4,91
8/2p3B1/4kp2/1P6/7p/4KP2/P5PP/8 b - -,e6d6 g7f6 d6c5 a2a4 c5b4 e3d4 b4a4 d4c5 a4b3 f6h4,1103
1q1k4/R2n1npp/QPr1p3/2PpPp2/5P2/3PB3/6PP/6K1 b - -,d8e8 a7a8 b8a8 a6a8 f7d8 a8a4 c6c8 a4a6 c8c6 d3d4,603
r3r1k1/1ppb1ppp/5b2/p7/2B5/2P1B3/PP3PPP/3RR1K1 b - -,,0
r1b1k2r/ppp2ppp/2n5/3q4/Q2P4/5N2/PP1N1PPP/R3K2R b KQkq -,d5e6 e1f1 e6d5 a4c4 d5c4 d2c4 c8e6 c4e5 c6e5 d4e5,-146
8/1p6/p2k4/P2n3r/1P2K3/3R1N2/8/8 b - -,,0
r1bq1rk1/ppp3bp/2np1np1/4p1B1/4P3/2N2NP1/PPPQ1PBP/2KR3R b - -,a8b8 c1b1 a7a5 h2h4 c8g4 d1e1 d8d7 g5f6 g7f6 c3d5,49
1r3r1k/3b2pp/p4p2/1p1BpP2/3b3Q/5R2/PPP3PP/7K b - -,h7h6 h4g4 f8e8 c2c3 d4c5 b2b4 c5d6 g4e4 e8c8 h2h4,207
r1b3k1/1pq1bppp/p3pn2/n1P5/P1B5/1PN1PN2/1B2QPPP/3R2K1 b - -,c7c5 c4d3 c8d7 c3e4 f6e4 d3e4 d7e8 h2h4 a5b3 e4b7,2
rn1qk2r/p4ppp/bp2pb2/2pp4/2PP4/1PN1PN2/P3BPPP/R2QK2R b KQkq -,d5c4 b3c4 a6b7 e1h1 c5d4 f3d4 e8h8 e2f3 b7f3 d1f3,-44
8/6Bp/p1pb1p1K/2p1kp2/2P5/5P1P/PP3P2/8 b - -,e5d4 h6h7 d4c4 h3h4 d6e5 h7g6 e5b2 h4h5 b2c1 f3f4,507
k2r4/2R5/PB2Q3/1qn5/8/8/8/K7 b - -,e5d4 h6h7 d4c4 h3h4 d6e5 h7g6 e5b2 h4h5 b2c1 f3f4,Mate
2r2nk1/pr3p2/1q4p1/p1bPpN1p/2Q1P3/5P1P/RP3BP1/2R4K b - -,c5f2 c4c8 g6f5 c8f5 f2e3 c1f1 f8g6 f5h5 b6a6 f1e1,-50
8/pp3kp1/2p3p1/2P2p2/1P1r4/P4P2/4K1PP/2R5 b - -,,0
r4r1k/pp2p2p/1b1p1p2/4n2R/4P1PQ/7P/PPP1b3/R6K b - -,e2f3 h1h2 f3e4 a1f1 e4g6 h5e5 d6e5 g4g5 f8f7 h4c4,-430
r1rq3k/p5p1/1p5p/PPp5/2Pp4/R2P3P/5RP1/Q6K b - -,a8b8 a1f1 b8b7 a5a6 b7e7 a3a1 h8g8 f1d1 d8d7 d1h5,31
4rrk1/pp2bpp1/2n1b2p/2pnB3/2Np4/3P1NP1/PPP2PBP/R3R1K1 b - -,b7b5 c4a3 a7a6 e1e2 g7g5 a3b1 g5g4 f3d2 d5b4 g2c6,-193
r3r1k1/1pp2pp1/pb5p/3Qn3/8/N1P2PB1/P4P1P/7K b - -,a8d8 d5b7 e5d3 f3f4 d3f2 h1g2 f2e4 a3c4 e4c3 c4e5,-392
1r1q1rk1/3b1pb1/p2P2p1/nppP3n/2P1P3/1P4pP/PBQNN1B1/4RRK1 b - -,g7b2 c2b2 b5c4 b2c3 c4b3 a2b3 a5b3 d2b3 d8h4 f1f3,265
1k1r3r/1pp3pp/1n2p3/p2PQb2/PqP5/4B3/1P2B1PP/R4RK1 b - -,g7g6 g2g4 f5g4 f1f7 b6d5 e2g4 d5e3 e5e3 b4b2 a1f1,132
r2q1rk1/ppp2p2/3p1p1p/4p3/2BbP1QB/3P4/P1P2PPP/1R3RK1 b - -,g8h7 g4f5 h7g7 b1b7 f8g8 b7b3 g8h8 c2c3 d4b6 g1h1,607
r1b1qrk1/ppp3bp/2np1Bp1/4p3/4P3/2N2NP1/PPPQ1PBP/2KR3R b - -,c8g4 f6g7 g8g7 f3g5 g4d1 h1d1 c6d4 c3d5 e8a4 c2c3,326
4r3/p1p1qpkn/1p4p1/8/4PQ2/3B4/PPP5/2KR4 b - -,e7g5 d1f1 g5f4 f1f4 f7f6 c1d2 h7g5 b2b4 g5f7 d2e3,-263
5rk1/pB3p2/3b1n1p/2p2b2/2P2N2/6P1/PP3P1P/3NR1K1 b - -,d6f4 g3f4 f8b8 b7f3 a7a5 e1e5 f5c2 b2b3 a5a4 e5c5,242
r2qkb1r/ppp1pppp/2n2n2/3b4/2NP4/4PN2/PP2BPPP/R1BQK2R b KQkq -,e7e6 e1h1 f6d7 b2b3 f8e7 f3e1 e8h8 c1b2 a7a5 a2a3,62
r1bq1rk1/pppn1ppp/3b1n2/3p2B1/3P4/3B1Q1P/PPP1NPP1/RN2K2R b KQ -,h7h6 g5f4 d6f4 f3f4 f8e8 b1c3 d7f8 e1h1 f8e6 f4d2,-13
r1bQ3r/p1p2qpk/2p4p/2B5/8/2N2N2/PPP3PP/2K4R b - -,h8d8 h1e1 c8f5 c5d4 d8e8 d4e5 a8d8 b2b3 f7g6 e1e2,-673
8/1b1nqk2/5np1/p4r2/P2B1P2/2PQ4/5RPP/5RK1 b - -,d7c5 d3c4 c5e6 f1e1 b7d5 d4f6 f7f6 c4c8 e7d6 g2g3,76
r3k2r/pp2bp2/2n1p1p1/q1NpP2p/3P1P2/3Q4/PP3BPP/2R2RK1 b kq -,a5b6 c5e6 c6b4 d3b5 b6b5 e6c7 e8d7 c7b5 h8c8 b5c3,67
3r1qk1/2R2pb1/4p1pp/8/n3P3/4BQ1P/1p3PP1/1N2N1K1 b - -,,0
Rq2k3/3n1npp/QPr1p3/2PpPp2/5P2/3PB3/6PP/6K1 b - -,b8a8 a6a8 f7d8 a8a4 d5d4 e3d4 g7g6 d4e3 e8e7 d3d4,618
1r1q1rk1/3b1p2/p2P2p1/nppP3n/2P1P3/1P4pP/PQ1NN1B1/4RRK1 b - -,b5c4 b2c3 c4b3 a2b3 a5b3 d2b3 d8h4 f1f3 f7f6 e2g3,273
r4rk1/p2n1ppp/1pp1p3/q5B1/2QP4/b1P1PN2/P1R2PPP/5RK1 b - -,a8c8 c4b3 a3d6 e3e4 h7h6 g5e3 c6c5 a2a4 a5a6 f1c1,-22
r3r1k1/1pp2ppp/5b2/p4b2/2B5/P1P1B3/1P3PPP/3RR1K1 b - -,,0
r1b1k2r/p1p2ppp/2n1pn2/3BN3/p2P4/2B1P3/PP3PPP/R3K2R b KQkq -,c6e5 d5a8 e5d3 e1e2 c8a6 a8c6 e8e7 e2f3 h8b8 h1b1,190
r1b1qrk1/ppp4p/2np1bp1/3Np3/4P3/5NP1/PPPQ1PBP/2KR3R b - -,e8f7 h2h4 f6d8 d1f1 f7g7 c1b1 c8d7 h4h5 g6h5 d5e3,78
2r2rk1/pb1nq3/1pp2b1p/4p1p1/2PpN3/3Q2P1/PP1BPPBP/R2R2K1 b - -,c8e8 b2b4 c6c5 d1b1 b7a8 a2a4 f6g7 a4a5 e7f7 a5b6,68
rn3rk1/pp2q1p1/4pn1p/2Np4/5B2/2N4P/PPP1QPP1/R4RK1 b - -,e6e5 c5d3 d5d4 d3e5 d4c3 e2c4 g8h7 c4c3 e7e6 c3d3,446
r1b1k2r/ppp1bppp/2n5/4p1N1/8/3P1B2/PPP2PqP/R1BQK2R b KQkq -,g2g5 f3c6 b7c6 c1g5 e7g5 h1g1 g5h6 d1h5 c8e6 g1g5,292
1k1r3r/1ppn2Qp/4p3/p2P1b2/PqP5/4B3/1P2B1PP/R4RK1 b - -,h8e8 g7d4 b7b6 e3g5 d8c8 a1e1 d7c5 d5d6 c7d6 d4d6,143
rn1q1rk1/p4ppp/bp2pb2/2pp4/2PP4/1PN1PN2/P3BPPP/R2Q1RK1 b - -,d5c4 b3c4 a6b7 d1d3 c5d4 e3d4 b8c6 f1d1 g7g6 a1b1,-46
8/5k2/8/5PR1/6N1/8/5K2/7r b - -,f7e7 g5g6 h1h5 g4h6 e7d7 f2g3 h5h1 g3f4 h1e1 f4g5,821
r4rk1/p2P2pp/8/6R1/1P2p3/P4P2/6PP/3Q1RK1 b - -,f7e7 g5g6 h1h5 g4h6 e7d7 f2g3 h5h1 g3f4 h1e1 f4g5,Mate
r2q1rk1/ppp1ppbp/1nn1b1p1/8/3P1B2/Q1N1PN2/PP2BPPP/R3K2R b KQ -,h7h6 e1h1 e6c4 e2c4 b6c4 a3c5 c4d6 a1c1 a7a5 a2a3,115
r1b1k2r/p1p2ppp/2N1p3/3n4/p2P4/2B1P3/PP3PPP/R3K2R b KQkq -,a4a3 e1d2 c8b7 c6e5 f7f6 e5d3 e8a8 d3c5 e6e5 c5b7,28
r2q1rk1/pp2bppp/2pp1P2/1n2p3/4P3/2PQ3P/PP1P1P2/RNB2RK1 b - -,e7f6 a2a4 b5c7 d3g3 f6g5 d2d4 g5c1 f1c1 f7f5 b1d2,-328
2r3k1/3q1pp1/7p/1pn5/8/4N2P/P1R2PP1/2Q2K2 b - -,d7d6 c1a3 g8h7 a3c3 d6d7 f1g1 c8c7 c2d2 c5e4 d2d7,20
r3r1k1/1pp2ppp/5b2/p4b2/P1B5/2P1B3/1P3PPP/3RR1K1 b - -,,0
r1bbqrk1/ppp4p/2np2p1/3Np1N1/4P3/6P1/PPPQ1PBP/2KR3R b - -,a7a5 h2h4 a5a4 f2f4 c6d4 c2c3 d4e6 g5e6 c8e6 h4h5,16
r1b3k1/1p2bppp/p3pn2/n1q5/P1B5/1PN1P3/1B1NQPPP/3R2K1 b - -,a5c4 e2c4 c5c4 d2c4 c8d7 e3e4 d7c6 f2f3 b7b5 c4e5,-5
1kq2Q2/p1p1B3/1p6/5R1p/8/1P5P/PKP2P2/8 b - -,c8f8 f5f8 b8b7 f8f5 c7c5 b2c3 b7c6 f5h5 c6d7 e7h4,1114
1rrq3k/p5p1/1P5p/1Pp5/2Pp4/R2P3P/5RP1/Q6K b - -,a7b6 a3a7 c8c7 a7c7 d8c7 a1e1 c7d7 f2e2 d7f5 e2e4,27
2R2qk1/5pb1/4p1pp/8/n3P3/4BQ1P/1p3PP1/1N2N1K1 b - -,,0
r1b1k2r/p1p2ppp/2N1p3/8/p2P4/2P1P3/P4PPP/R3K2R b KQkq -,a7a5 a1b1 f7f6 c3c4 c8d7 c6a5 e8e7 a5b7 h8b8 e1e2,82
r3k2r/pp2bp2/1qn1p1p1/3pP2p/N2P1P2/3Q4/PP3BPP/2R2RK1 b kq -,b6d8 a4c5 e7c5 c1c5 e8h8 f1c1 a7a6 h2h3 f7f5 d3g3,50
r1b1k1nr/ppp1qppp/2n5/b3p3/2B1P3/1QP2N2/P4PPP/RNB2RK1 b kq -,a5b6 b1d2 f7f6 a2a4 c6a5 b3a2 a5c4 d2c4 b6c5 f1d1,-60
r1bqk2r/pppp1ppp/2nb1N2/4p3/2B1P3/5N2/PPPP1PPP/R1BQK2R b KQkq -,d8f6 e1h1 d6e7 a2a4 d7d6 a4a5 a7a6 c2c3 c8g4 d2d3,17
2Q2nk1/pr3p2/1q4p1/p2PpN1p/4P3/5P1P/RP3bP1/2R4K b - -,b7b8 f5e7 g8g7 c8c7 b8b7 c7b6 a7b6 e7c6 f2g3 b2b4,292
4R3/kp6/2p5/p7/Q7/2q4P/5PP1/6K1 b - -,a7a6 a4f4 a6b5 g1h2 c6c5 f4e4 c5c4 e4b7 b5a4 e8e4,610
r1b3k1/1p2bppp/p3pn2/2q5/P1Q5/1PN1P3/1B1N1PPP/3R2K1 b - -,c5c4 d2c4 c8d7 e3e4 d7c6 f2f3 b7b5 c4e5 c6e8 a4b5,-9
2b1rr1k/4b1pp/2p5/p1p1Rp2/P1Np1P2/1P1P4/1BP3PP/5RK1 b - -,h8g8 f1e1 g8f7 b2a3 g7g6 g1f1 c8a6 e5e7 e8e7 e1e7,651
r1bq1rk1/1p2bppp/p3pn2/4N3/PnBP1B2/2N5/1P3PPP/R2Q1RK1 b - -,d8b6 a4a5 b6d8 f1e1 b7b5 a5b6 d8b6 c3a4 b6a7 a4c5,39
1r1r2k1/pbq1bppp/5n2/2pp1B2/N7/1P2PN2/P3QPPP/2RR2K1 b - -,c5c4 a4c3 g7g6 f5h3 f6e4 e2c2 c7a5 c3e4 d5e4 f3d4,-48
1k6/pp3Np1/2p2n1p/8/8/1P4P1/PP3P1P/5RK1 b - -,f6e4 f7e5 e4d2 f1e1 b8c7 e1d1 d2e4 b3b4 e4d6 d1e1,623
r1b1k2r/pppp1ppp/2nb1q2/4p3/2B1P3/1P3N2/P1PP1PPP/R1BQK2R b KQkq -,,0
3br1k1/2P2pp1/3R1n2/8/1p2pPp1/1N2B3/r5PP/2R3K1 b - -,g8h7 d6d8 a2a8 d8a8 e8a8 c7c8q a8c8 c1c8 f6d5 e3c1,560
rn1q1rk1/pb3pp1/1p2pn1p/2p5/2BP3B/P1P1PN2/5PPP/R2Q1RK1 b - -,a7a6 c4d3 b8d7 e3e4 d8c7 h4g3 c7c6 f1e1 b6b5 h2h3,68
r3k1nr/pppb1pp1/2n1p3/1Bq4p/1b2p2Q/2N1B3/PPP1NPPP/2KR3R b kq -,c5f5 e2d4 f5g4 h4g4 h5g4 c3e4 b4e7 b5c6 d7c6 d4c6,-70
8/pp4p1/2p1k1p1/2P2p2/1P1r4/P1R2P2/4K1PP/8 b - -,,0
r1bbqrk1/ppp5/2np2pp/3Np3/4P3/6PN/PPPQ1PBP/2KR3R b - -,c6d4 c2c3 c8h3 g2h3 d4f3 d2e2 e8f7 h3g2 d8g5 c1b1,46
r1b4r/p1p2qpk/2p4p/2B5/3Q4/2N2N2/PPP3PP/2KR3n b - -,a7a5 d1h1 h8e8 b2b3 c8f5 h1f1 f7h5 d4h4 h5g6 h4f2,388
4rrk1/pppq1pp1/2np1nNp/2b1p3/2B1P3/2PP2NP/PP3PP1/R1BQR1K1 b - -,c5b6 g6f8 g8f8 d1f3 e8e6 g3f5 c6e7 f5h6 g7h6 c1h6,912
4r2k/1B1r1pp1/p2p1qbp/P7/1P2PpP1/2P2Q1P/5PK1/3RR3 b - -,e8d8 b7d5 d7c7 c3c4 d8b8 d1b1 b8c8 f3d3 h8g8 b4b5,247
r1bq1rk1/p1pn1ppp/1p1b1n2/3p2B1/3P4/3B1Q1P/PPP1NPP1/RN3RK1 b - -,h7h6 g5h4 f8e8 b1c3 c7c6 e2g3 d6f8 g3f5 g7g6 f5e3,55
r3k2r/pp2bpp1/1qn1p3/3pP2p/3P1P2/2NQ4/PP3BPP/2R2RK1 b kq -,c6b4 d3h3 g7g6 a2a3 b4c6 b2b4 e7d8 c3a4 b6b5 f4f5,50
2q3k1/5pb1/4p1pp/8/n3P3/5Q1P/1p1B1PP1/1N2N1K1 b - -,,0
r2q1rk1/p4ppp/bpn1pb2/2pP4/3P4/1PN1PN2/P3BPPP/R2Q1RK1 b - -,a6e2 d1e2 c5d4 e3d4 e6d5 f1d1 a8c8 a1c1 f6g5 f3g5,-1
rq2k2r/pp1nppbp/1n4p1/2pPP3/2P2B2/2N2P2/PP2QK1P/R4B1R b kq -,e8h8 a1e1 f7f6 f1h3 g8h8 b2b3 d7e5 f4g3 b8d8 f3f4,162
3rr1k1/1pp2ppp/5b2/p4b2/P7/1BP1B3/1P3PPP/3RR1K1 b - -,b7b6 d1d8 e8d8 f2f3 g8f8 g1f2 h7h5 e3f4 d8d7 e1d1,-2
5nk1/pr3p2/1q6/p2PpQ1p/4P3/5P1P/RP3bP1/2R4K b - -,f2e3 c1f1 f8g6 f5h5 b6a6 f1e1 e3d4 h5g4 g8g7 h1h2,-64
2n5/2bk3p/1p2ppp1/p7/P2NPPP1/1P1KB2P/8/8 b - -,e6e5 f4e5 c7e5 d3c4 e5d6 d4e2 d7c6 g4g5 f6g5 e3g5,65
r1b1kb1r/p1qn1ppp/4pn2/8/PPpP4/5NN1/1PB2PPP/R1BQK2R b KQkq -,f8b4 c1d2 a8b8 e1h1 e8h8 f1e1 c8a6 a1b1 f8d8 g3e4,-76
5r2/P1pk3r/3p2p1/5p2/8/6P1/4RPK1/4R3 b - -,,0
r3kb1r/p2n1ppp/2p1p3/1p6/2PP4/P2B4/1P1N1PPP/R4RK1 b kq -,b5c4 d2c4 a8d8 c4a5 d7b8 d3e4 d8d4 e4c6 e8e7 g2g3,25
8/4k1K1/5p2/3n4/6P1/8/8/5R2 b - -,d5c7 f1e1 c7e6 g7g6 e7d7 g6f6 e6f4 e1e5 d7d6 f6f5,Mate
r3r1k1/1p3pp1/pbp4p/4n3/8/NQP2PB1/P4P1P/7K b - -,b6c5 b3b7 a8b8 b7a6 b8a8 a6b7 a8a3 g3e5 c5f2 b7b1,-225
r3k2r/pp2bpp1/1qn1p1b1/3pP2p/3P1P2/2NB4/PP3BPP/2RQ1RK1 b kq -,a8d8 c3a4 b6c7 d3g6 f7g6 d1d3 e8f7 c1c3 c7d7 a2a3,63
4r1k1/2R2pp1/3R1n2/8/1p2pPp1/1N2B3/r5PP/6K1 b - -,a2a3 b3d4 a3e3 d4f5 e3a3 d6d1 a3d3 d1e1 f6d5 c7b7,-348
r2q1r2/ppp2pk1/3p1p1p/4pQ2/2BbP2B/3P4/P1P2PPP/1R3R1K b - -,d8e7 f2f4 h6h5 f4e5 e7e5 f5f3 a7a6 h4f2 d4c3 b1b7,548
r2q1rk1/ppp1ppbp/2n1b1p1/3N4/3P1B2/Q3PN2/PP2BPPP/R3K2R b KQ -,g6g5 d5c7 g5f4 c7a8 f4e3 f2e3 a7a5 a1c1 d8a8 e1h1,324
r1b3k1/1p2bppp/p3pn2/8/P1N5/1PN1P3/1B3PPP/3R2K1 b - -,c8d7 e3e4 d7e8 e4e5 f6d7 c3e4 f7f5 e5f6 d7f6 e4g5,-8
2bbrr1k/6pp/2p5/p1p1Rp2/P1Np1P2/1P1P4/1BP3PP/4R1K1 b - -,c8e6 e5e6 e8e6 e1e6 h7h5 e6c6 d8e7 g1f1 h8g8 b2c1,930
6k1/5pp1/p1q1p1p1/1r1pP3/Q7/1P5P/2P1RPP1/6K1 b - -,a6a5 g2g3 c6c5 g1g2 b5b8 a4d7 g6g5 g2f1 b8f8 d7a4,-19
r3k2r/pp2bpp1/1qn1p3/1B1pPb1p/3P1P2/2N5/PP3BPP/2RQ1RK1 b kq -,,0
r4rk1/5p2/p1p2q1p/1p1ppP2/4P3/1P1P4/1PP1Q1PP/R4RK1 b - -,g8g7 b3b4 g7h7 f1f3 f8c8 c2c3 c6c5 e4d5 c5b4 c3b4,147
3r4/3b1ppp/1p6/3R4/8/7P/P1k2PP1/6K1 b - -,b6b5 f2f4 c2b2 d5d2 b2c3 d2d6 c3b4 f4f5 b4c5 d6d3,-549
1Q4k1/5pp1/5n1p/3p4/8/2P2PPP/P4QKR/3qr3 b - -,e1e8 b8b3 d1d3 b3c2 d3a6 h2h1 e8a8 h1e1 f6d7 c2d2,424
r2q1rk1/p4ppp/1pn1pb2/2pP4/3P4/1P2PN2/P3NPPP/R2Q1RK1 b - -,d8d5 e2f4 d5f5 a1c1 c6d4 e3d4 f5f4 d4c5 a8c8 c5b6,-23
6k1/5pb1/4p1pp/8/n3P3/3Q3P/1p1B1PP1/1Nq1N1K1 b - -,,0
r1bqkb1r/pp1p1pp1/2n1pn1p/2p1P3/8/2N3Q1/PPPP1PPP/R1B1KBNR b KQkq -,f6h5 g3e3 d7d5 f1b5 g7g5 b5c6 b7c6 c3e2 c8a6 g2g4,-55
3Rr1k1/2p2ppp/1p3b2/p4b2/P7/1BP1B3/1P3PPP/4R1K1 b - -,,0
8/2p3B1/3k1p2/1P6/3K3p/5P2/P5PP/8 b - -,c7c6 b5c6 f6f5 g7e5 d6c6 e5f4 c6b5 f4g5 f5f4 g5h4,1268
r2bqrk1/pp6/2pp2pp/4p3/3nP3/4N1PB/PPPQ1P1P/1K1R3R b - -,h6h5 c2c3 d4f3 d2d6 f8f6 d6d3 f3g5 h3d7 e8e7 e3c4,128
r3r1k1/ppp2pp1/3pq2p/8/3pP3/3P3P/PPP1QPP1/1K1R3R b - -,a7a5 f2f4 a5a4 h1e1 a4a3 b2b3 e8e7 g2g4 d6d5 e4e5,-6
r1bqk2r/pppp3p/1bn2p1B/8/2BP4/5N1P/PP3PP1/RN1QK2R b KQkq -,a7a6 b1c3 d8e7 e1f1 d7d5 c3d5 c8e6 d5e7 e6c4 f1g1,581
4Rr2/2pk3r/P2p2p1/5p2/8/6P1/5PK1/4R3 b - -,h7h8 e8e7 d7c6 e1c1 c6d5 e7c7 f8a8 a6a7 g6g5 c1d1,220
2bb1r1k/6pp/2p5/p1p1Rp2/P1Np1P2/1P1P4/1BP3PP/6K1 b - -,g7g5 f4g5 f5f4 e5c5 h8g8 b2d4 f4f3 g2g3 f8e8 c5e5,715
r2q1rk1/ppp1ppbp/2n3p1/3b4/3P1B2/Q3PN2/PP2BPPP/R4RK1 b - -,h7h6 f4g3 g6g5 a1c1 f7f5 e2c4 d5c4 c1c4 f5f4 e3f4,56
6k1/p1b2p2/3q1n1p/3P3n/3P1Rp1/8/PP1BQ1PP/R5K1 b - -,a7a5 f4g4 f6g4 e2g4 h5g7 g4h3 g8h7 d2e3 a5a4 a1f1,551
r1bq1rk1/1p3pbp/p3p1p1/8/3PN3/8/PPPQB1PP/3R1RK1 b - -,b7b5 c2c3 c8b7 e4c5 b7d5 d2e3 d8d6 g1h1 a8d8 e2f3,-40
r1b4r/2p2qpk/2p4p/p1B5/3Q4/2N2N2/PPP3PP/2K4R b - -,h8e8 b2b3 c8f5 h1f1 f7h5 d4h4 h5g6 h4f2 f5g4 c1b2,395
4rr1k/pppq1ppp/2np1nb1/2b1pN2/2B1P3/2PP2NP/PP3PP1/R1BQR1K1 b - -,d6d5 c4b3 g6f5 g3f5 d5e4 d3e4 d7d1 b3d1 g7g6 f5h4,70
3r2k1/2p2ppp/1p3b2/p4b2/P7/1BP1B1P1/1P3P1P/4R1K1 b - -,g7g5 e1d1 d8e8 g1f1 h7h6 b3c4 g8f8 d1d2 e8e5 f1e2,-2
r3qrk1/pp2b3/2pp2pp/4p3/3nPP2/4N1PB/PPPQ3P/1K1R3R b - -,g8g7 h1f1 a8d8 c2c3 d4b5 f4f5 e7g5 d2e2 g5e3 e2e3,156
r2q1rk1/1p1bbppp/p3pn2/4N3/PnBP1B2/2N2Q2/1P3PPP/R4RK1 b - -,b7b6 f1d1 d8e8 c4b3 a8c8 a1c1 d7c6 e5c6 c8c6 f4e5,37
6k1/5pp1/5q1p/Np6/8/1P6/5PPR/2rb1QK1 b - -,c1a1 h2h3 d1c2 a5b7 a1f1 g1f1 f6a1 f1e2 a1d1 e2e3,-896
r4rk1/ppp2ppp/2n1b3/3q4/Q2P4/1P3N2/P2N1PPP/2KR3R b - -,b7b5 a4a3 c6d4 a3a5 e6g4 h1e1 d5c6 c1b1 g4f3 d2f3,-294
6k1/5pbp/p2pp1p1/2p5/2B1P2P/P4P2/PBPQ2P1/1K6 b - -,g7d4 b2d4 c5d4 c4a6 g8f8 b1b2 e6e5 d2h6 f8e7 b2b3,1398
rr1q3k/p5p1/1P5p/1Pp5/2Pp4/R2P3P/5RP1/Q6K b - -,a7b6 a3a8 b8a8 a1e1 d8d6 f2e2 d6g6 e2e4 h8h7 h1h2,8
r1b2r1k/ppp1Npbp/1n4p1/8/5P2/2N5/PP2PPBP/R2R2K1 b - -,c8g4 g2b7 a8e8 e7c6 g4e2 c3e2 e8e2 a2a4 a7a5 c6a5,-15
1r1q1rk1/3b1p2/p2P2p1/n1pP3n/2p1P3/1PQ3pP/P2NN1B1/4RRK1 b - -,c4b3 a2b3 d7b5 e4e5 a5b7 c3e3 f8e8 e2g3 h5g3 e3g3,303
2r1r1k1/B4ppp/8/3pp3/3P2P1/3Q4/P1q3PP/3R2K1 b - -,c2a2 a7c5 e5e4 d3f1 e4e3 d1a1 a2c2 f1f5 c8a8 a1f1,-510
8/2pk2B1/5p2/1P1K4/7p/5P2/P5PP/8 b - -,c2d3 d1d3 c8c1 g1f2 e5e4 d3b3 c1c2 f2g3 c2a2 a7c5,Mate
8/pp4p1/2p1k1p1/2P5/1P1r1p2/P4P2/2R1K1PP/8 b - -,g6g5 g2g3 f4g3 h2g3 e6d5 c2c1 a7a6 e2e3 g5g4 f3f4,-6
r4rk1/pb4pp/1pnqpn2/2Pp1p2/8/2P1PN2/PP1N1PPP/1BRQ1RK1 b - -,d6e7 c5b6 a7b6 d1b3 f6d7 f1e1 g7g5 f3d4 c6e5 f2f4,120
5k2/5p1p/4p1p1/3p2P1/pKnP4/PP3P2/4N2P/8 b - -,,0
r5k1/1Q3pp1/p1p4p/2b1r3/8/N1P2P2/P4P1P/7K b - -,a8d8 h2h4 c5a3 b7a6 a3c5 a2a4 d8d2 a6b7 e5e1 h1h2,-708
4R3/2pk3r/P2p2p1/5p2/8/6P1/5PK1/8 b - -,d7e8 a6a7 h7e7 a7a8q e8f7 a8d8 f7f6 d8f8 e7f7 f8h8,423
r3k2r/pp1b1p2/2nqpn1p/2pp2p1/3P1P2/2PBPN2/PP1NQ1PP/R4RK1 b kq -,g5f4 e3f4 c5d4 f3d4 e8a8 d4b5 d6c5 g1h1 h6h5 d2b3,59
r4rk1/p4ppp/1pn1pb2/2pq4/3P4/1PN1PN2/P4PPP/R2Q1RK1 b - -,d5f5 c3e2 f8d8 d1c1 a8c8 c1a3 f5d3 f1e1 a7a5 a1d1,-91
4r2k/1r3pp1/p2p1qbp/P3P3/1P3pP1/2P2Q1P/5PK1/3RR3 b - -,f6e6 f3b7 d6e5 b7d7 f7f6 d7e6 e8e6 d1d8 h8h7 c3c4,339
r2q1rk1/1p2bppp/p1N1pn2/8/PnBP1B2/2N2Q2/1P3PPP/R4RK1 b - -,a8c8 c6d8 c8c4 d8b7 c4d4 b7a5 f8d8 g1h1 h7h6 h2h3,663
5rk1/p4q1p/1p2p1p1/3bP2n/2P4Q/3BR3/P2B2PP/6K1 b - -,d5b7 d2b4 f8c8 b4a3 h7h6 a3d6 g6g5 h4h3 h5f4 h3h6,70
2r2nk1/prR2pp1/8/p2Pp2p/1b2P2B/5PNP/Rp4P1/3Q3K b - -,b2b1q d1b1 b7c7 h4g5 f8h7 g5e3 g7g6 g3e2 h7f6 h1h2,396
r3qrk1/pp2b3/2pp2pp/8/4PP2/4Nn1B/PPP3QP/1K1R3R b - -,f3d4 d1d4 f8f4 c2c3 e7g5 e3c4 e8f8 d4d6 f4f2 g2g4,373
r4rk1/1b3ppp/pp2pq2/2b4Q/PPN1P3/6B1/5PPP/3R1RK1 b - -,b6b5 c4a5 c5b4 a5b7 b5a4 b7c5 f6g6 h5g6 h7g6 c5a4,441
1r1q1rk1/3b1p2/p2P2p1/n1pP3n/4P3/1PQ3pP/3NN1B1/4RRK1 b - -,d7b5 e2f4 h5g7 f1f3 c5c4 b3c4 b8c8 g2f1 a5c4 d2c4,334
r4rk1/ppp2ppp/2n1b3/3q4/Q2P2P1/5N2/PP1N1P1P/2KR3R b - -,e6g4 a4b3 d5b3 a2b3 c6b4 h1g1 g4h5 g1g3 h5g6 d1f1,-427
5k2/5p1p/4p1p1/3p2P1/2nP4/PK3P2/4N2P/8 b - -,,0
6k1/5pb1/4p1pp/8/1B2P3/1n5P/1pQ2PP1/1Nq1N1K1 b - -,,0
r1bqkbnr/pp3ppp/4p3/2p1P3/1nPp1P2/3P4/PP2N1PP/R1BQKBNR b KQkq -,b7b5 a2a3 d8a5 e1f2 b4c6 g1f3 a8b8 h2h3 f8e7 f2g1,-38
r2q1rk1/1p3pbp/p1b1p1p1/8/3PN3/2P2B2/PP1Q2PP/3R1RK1 b - -,d8b6 d2f2 a8d8 e4c5 c6d5 a2a3 h7h5 f3d5 d8d5 c5d3,-40
5k2/5p1p/4p1p1/3p2P1/1K1P4/P4P2/3nN2P/8 b - -,d2b1 e2c1 b1d2 f3f4 f8e7 c1d3 d2c4 d3e5 c4d6 b4c5,157
6k1/5pp1/7p/Np6/8/1P3P2/6PR/q1rb1QK1 b - -,a1d4 g1h1 c1a1 h2h3 d1b3 f1a1 d4a1 h1h2 a1a5 h3h4,-2082
8/6kp/3p1pp1/3P4/1pQ1PP1P/1P3qP1/6RK/r7 b - -,,0
8/8/2p5/kp5P/8/8/5PP1/6K1 b - -,b5b4 h5h6 b4b3 h6h7 b3b2 g1h2 b2b1q h7h8q b1e4 h8a8,3
rnbq1rk1/pp2Nppp/8/6P1/4Qp2/8/PPP4P/R1B1KB1R b - -,g8h8 f1d3 c8f5 e4f5 d8e7 e1f2 g7g6 f5f4 h8g8 h1e1,512
5K2/8/8/5b2/8/8/1k6/1N6 b - -,,0
2bbr2k/6pp/2pN4/p1p2p2/P2p1P2/1P1P4/1BP3PP/5RK1 b - -,e8e6 d6c8 e6e2 c8d6 d8c7 d6c4 h8g8 b2c1 e2c2 c1d2,730
rr4k1/3b1ppp/3N4/p3n3/8/2P5/4BPPP/R4RK1 b - -,a5a4 f2f4 e5g4 e2f3 a8a7 f1e1 g4f6 a1a3 g8f8 c3c4,-32
r1bq1rk1/p2n1ppp/1p1b1n2/2pp2B1/3P4/2PB1Q1P/PP2NPP1/RN3RK1 b - -,h7h6 g5h4 f8e8 b1a3 c5d4 c3d4 d6e7 e2c3 c8b7 a1e1,42
r1b1k2r/ppp1bppp/2n5/4p1B1/8/3P1B2/PPP2P1P/R2QK2R b KQkq -,e7g5 h1g1 g5h6 f3c6 b7c6 d1h5 c8e6 g1g5 e8a8 g5e5,300
r3r1k1/pp3pp1/3p2qp/2p5/3pP1Q1/3P3P/PPP2PP1/1K1R1R2 b - -,b7b5 g4g6 f7g6 f2f4 a7a5 b1c1 a5a4 c1d2 b5b4 h3h4,14
5bk1/5p2/4p1pp/8/4P3/1nB4P/1pQ2PP1/1Nq1N1K1 b - -,,0
5k2/5p1p/4p1p1/3p2P1/PK1P4/5n2/4N2P/8 b - -,h7h6 a4a5 h6g5 a5a6 f3h2 a6a7 f8g7 a7a8q h2f3 b4c3,514
r3q1k1/pp6/2pN2pp/6b1/4Pr2/5n1B/PPP3QP/1K1R3R b - -,e8e7 e4e5 f3e5 d6c8 e7c5 c8d6 f4f2 g2e4 a8d8 h3e6,-71
r1bqk1nr/pppn1pbp/3p2p1/4p3/3PP3/4BN1P/PPP2PP1/RN1QKB1R b KQkq -,d8e7 d4e5 d6e5 d1d3 g8f6 b1d2 b7b6 d3c4 c7c5 a2a4,35
r4rk1/1b3ppp/pp2pq2/2b4Q/P1N1P2B/8/1P3PPP/3R1RK1 b - -,g7g5 h4g5 f6g6 h5g6 f7g6 b2b4 b6b5 c4a5 c5b4 a5b7,484
8/pp4p1/2p3p1/2Pk4/1P1r1p2/P1R2P2/4K1PP/8 b - -,d4c4 e2d3 c4d4 d3e2 g6g5 c3c2 g7g6 c2c3 a7a6 e2e1,-7
rr4k1/3b1ppp/3N4/4n3/p4P2/2P5/4B1PP/R4RK1 b - -,e5g4 e2f3 a8a6 d6b7 g4f6 c3c4 g7g6 f1c1 d7g4 b7c5,-15
r2q1rk1/pp2bppp/2n1pn2/3p4/5B2/PN1QPN2/1PP2PPP/R3K2R b KQ -,f6e4 e1h1 g7g5 f4g3 a8c8 d3e2 e7f6 a1b1 h7h5 h2h3,-69
r3k2r/pp1b1p2/2nqpn1p/2pp4/3P1P2/2PB1N2/PP1NQ1PP/R4RK1 b kq -,c5d4 f3d4 e8a8 d4b5 d6c5 g1h1 h6h5 d2b3 c5e7 e2e3,50
r1b1k1nr/ppp1q1pp/2n2p2/b3p3/2B1P2B/1QP2N2/P4PPP/RN2K2R b KQkq -,g8h6 a2a4 c8d7 b1d2 a5b6 c4d5 c6a5 b3c2 h6f7 e1h1,-177
5b1r/R2Pk3/8/8/3p2B1/3p4/5K2/8 b - -,,0
2r2nk1/p1r2pp1/8/p2Pp2p/1b2P2B/5PNP/1R4P1/3Q3K b - -,f8d7 b2b1 g7g6 d5d6 c7c4 h4e7 c4d4 d1f1 d7c5 f1b5,387
r1bqk1nr/pp1n1pbp/3p2p1/2p1p3/3PP3/2P1BN1P/PP3PP1/RN1QKB1R b KQkq -,g8f6 d4e5 d6e5 b1d2 e8h8 a2a4 b7b6 f1d3 c8b7 e1h1,53
3r2k1/r4p1p/4pbp1/pR6/P7/4PB2/4KPPP/2R5 b - -,,0
r4rk1/ppp2ppp/2n5/3q4/Q2P2b1/5N2/PP1N1P1P/2KR2R1 b - -,g4f3 d2f3 d5f3 d4d5 c6e7 a4d4 e7g6 g1g3 f3h5 h2h4,-532
5rk1/pB3p2/5n1p/2p2b2/2P2P2/8/PP3P1P/3NR1K1 b - -,f5g6 g1g2 f8d8 b7f3 d8d4 b2b3 d4f4 e1e7 f6e4 e7a7,240
4r2k/1r2qpp1/p2P2bp/P7/1P3pP1/2P2Q1P/5PK1/3RR3 b - -,g6e4 d6e7 e4f3 g2f3 h8h7 f3f4 b7c7 e1e3 g7g6 d1d6,518
r2q1rk1/pp2bppp/3ppn2/2n5/3NPP2/2N1BQ2/PPP3PP/R4RK1 b - -,a8c8 a1d1 d8b6 d4b3 f6d7 b3c5 d7c5 e3d4 f7f5 e4f5,62
1k6/p4Np1/2p2n1p/1p6/8/1P4P1/PP3P1P/3R2K1 b - -,b8c7 f7e5 c7b6 f2f3 f6d5 d1c1 d5e7 g1h1 g7g5 b3b4,634
rr4k1/3b1ppp/3N2n1/8/p1B2P2/2P5/6PP/R4RK1 b - -,a4a3 c4f7 g8f8 f7a2 d7c6 g2g3 g6e7 f1f2 e7d5 a2d5,3
rn2k2r/1bq1bppp/p2ppn2/8/NpPNPB2/6P1/PP3PBP/R2QR1K1 b kq -,e8h8 c4c5 e6e5 c5d6 c7d6 d4f5 d6e6 f4e3 b8c6 f5e7,199
8/1p6/p4k2/8/r4P2/P1P2K1P/1P6/6R1 b - -,a4c4 h3h4 c4c7 h4h5 c7e7 g1g6 f6f7 f3g4 e7d7 g6b6,622
1k3R2/p1p1B3/1p6/7p/8/1P5P/PKP2P2/8 b - -,b8b7 f8f5 c7c5 b2c3 b7c6 f5h5 c6d7 e7h4 d7c6 c3c4,1170
r2qk2r/pp2nppp/2pb1n2/3p4/3P2b1/1PNB1N2/PBP1QPPP/R4RK1 b kq -,e8h8 h2h3 g4h5 e2e3 e7g6 c3e2 f8e8 f3e5 f6d7 e2g3,-75
r4rk1/ppp2ppp/2n5/3q4/Q2P4/5N2/PP3P1P/2KR2R1 b - -,d5f3 d4d5 c6e7 a4d4 e7g6 h2h4 a8d8 c1b1 f8e8 a2a3,-534
r4rk1/p2q1ppp/1pn1pb2/2p5/3PN3/1P2PN2/P4PPP/R2Q1RK1 b - -,c5d4 e4f6 g7f6 f3d4 c6d4 d1g4 g8h8 a1d1 f6f5 d1d4,14
r5k1/pp3pbp/2bq2P1/2pNr3/2P5/1P1B1Q2/P4PPP/2R2RK1 b - -,f7g6 d3e4 a8f8 f3d3 e5h5 g2g3 g7d4 c1c2 g8g7 c2e2,83
r1b1k1Br/ppp1q1pp/2n2p2/b3p1B1/4P3/1QP2N2/P4PPP/RN2K2R b KQkq -,f6g5 g8h7 e7f6 h2h4 g5g4 f3g5 a5b6 h7f5 c8f5 e4f5,-166
6k1/5pp1/7p/Np6/8/1P3b2/6PR/q1Q3K1 b - -,a1c1 g1f2 f3d5 f2e2 c1c2 e2e1 c2c3 e1d1 c3d3 d1c1,-7742
5r1r/2pkR3/P2p2p1/5p2/8/6P1/5PK1/4R3 b - -,d7c6 e1c1 c6d5 e7c7 f8a8 a6a7 g6g5 c1d1 d5e6 d1e1,239
rnbq1r1k/pp2Nppp/8/6P1/4Qp2/3B4/PPP4P/R1B1K2R b - -,c8f5 e4f5 d8e7 e1f2 g7g6 f5f4 h8g8 h1e1 e7d8 c1e3,522
6k1/5pp1/pq2p1p1/1r1pP3/Q7/1P5P/2P2PP1/4R1K1 b - -,a6a5 e1d1 b6c5 c2c4 d5c4 a4c4 c5c4 b3c4 b5e5 d1d7,-29
rn1q1rk1/pp1n2p1/4pp1p/1BbNP2b/5B2/5N1P/PPP2PP1/R2Q1RK1 b - -,f6e5 f4g3 e6d5 d1d5 g8h8 a1d1 d8b6 b5d7 b8d7 d5d7,-74
8/1p6/p4k2/r5R1/5P2/P1P2K1P/1P6/8 b - -,a5a4 h3h4 a4c4 h4h5 c4c7 f3g4 a6a5 g5a5 b7b6 a5g5,628
rnb1kb1r/pp2pppp/1q3n2/2pp4/3P4/2P1PN2/PPQ2PPP/RNB1KB1R b KQkq -,g7g6 c3c4 f8g7 c4d5 f6d5 a2a3 b6c7 b1c3 d5c3 c2c3,-19
r5k1/pp2q3/2pN2pp/4n1b1/4Pr2/8/PPP1B1QP/1K1R3R b - -,a8f8 h2h4 f4f2 g2g3 f2e2 g3b3 g8h7 h4g5 h6h5 d6f5,-95
2r2nk1/p4pp1/8/p2Pp2p/1b2P2B/5PNP/1R4P1/2Q4K b - -,c8c3 b2c2 c3c2 c1c2 g7g6 h1h2 a7a6 c2c6 b4d2 d5d6,741
6k1/5pp1/7p/Np6/8/1P3b2/5KPR/2q5 b - -,c8c3 b2c2 c3c2 c1c2 g7g6 h1h2 a7a6 c2c6 b4d2 d5d6,Mate
8/pp4p1/2p3p1/2Pk4/1Pr2p2/P2R1P2/4K1PP/8 b - -,c4d4 d3c3 g6g5 c3c1 d5e6 c1c2 e6e5 c2c3 g7g6 c3b3,-8
7Q/8/2p5/k7/8/8/1p3PP1/6K1 b - -,b2b1q g1h2 b1e4 h8c3 a5b5 c3b2 b5a4 b2c1 a4b5 c1f1,5
4k3/5p1p/4p1p1/1K1p2P1/P2P4/5n2/4N2P/8 b - -,,0
rq4k1/1b1n2pp/pp1b1p2/3NpP1Q/4P3/7R/PP1B2PP/2R4K b - -,b8e8 h5h7 g8f7 d5c7 e8f8 c7e6 d6c5 h7g6 f7e7 e6f8,1152
r1bqk2r/pp1p1ppp/2n1p3/4PnN1/2B1N3/4P3/PP4PP/R2Q1RK1 b - -,c6e5 f1f5 e6f5 e4d6 e8f8 g5f7 d8f6 d1d5 e5g4 f7h8,370
r1b1k2r/ppp1q1pB/2n5/b3p1p1/4P3/1QP2N2/P4PPP/RN2K2R b KQkq -,e7f6 h2h4 g5g4 f3g5 a5b6 h7f5 c8f5 e4f5 f6f5 b3e6,-206
8/1p6/p4k2/6R1/r4P1P/P1P2K2/1P6/8 b - -,a4c4 h4h5 c4c7 f3g4 c7e7 h5h6 a6a5 g5h5 e7h7 f4f5,637
rn2kbnr/pp1qpppp/2p5/3p1b2/5B2/3P1NP1/PPP1PPBP/RN1QK2R b KQkq -,f7f6 d3d4 e7e6 c2c4 g8e7 b1c3 b8a6 e1h1 e7g6 f4d2,28
7Q/8/2p5/k7/8/8/5PPK/1q6 b - -,b1e4 h8a1 a5b5 a1b2 b5a6 b2c3 a6b5 f2f3 e4h4 h2g1,1
3r2k1/rR2bp1p/4p1p1/p7/P7/4PB2/4KPPP/2R5 b - -,a7a8 b7e7 a8b8 e7b7 h7h5 c1c7 b8c8 c7c8 d8c8 e2d3,497
r2q1rk1/pb3pp1/1pn1pn1p/2p5/2BP3B/P1P1PN2/5PPP/R2QR1K1 b - -,c6a5 c4a2 d8c7 h4f6 g7f6 d4d5 c5c4 e3e4 g8h7 f3d4,77
r2q1rk1/1p2bppp/p2ppn2/2n2P2/3NP3/2N1BQ2/PPP3PP/R4RK1 b - -,d8d7 a1d1 e6e5 d4e2 c5a4 e3c1 a8c8 g2g4 h7h6 g1h1,49
8/p1p2kpp/8/2b1q3/4B3/3p4/PP1P1PPP/RNB2K1R b - -,d8d7 a1d1 e6e5 d4e2 c5a4 e3c1 a8c8 g2g4 h7h6 g1h1,Mate
8/1p6/p4k2/6RP/2r2P2/P1P2K2/1P6/8 b - -,f6f7 f3g4 c4c6 g5g6 c6c5 g6b6 c5c7 g4g5 f7g7 f4f5,650
1r1q1rk1/3b1pb1/p2p1np1/nppPpP2/2P1P3/1P4pP/PBQNN1B1/4RRK1 b - -,b5c4 b3c4 g7h6 b2c3 f6g4 e2g3 h6e3 g1h1 g4f2 h1h2,-100
3r4/3b1ppp/8/1pR5/8/7P/P1k2PP1/6K1 b - -,c2b2 c5g5 g7g6 g5e5 b2a2 e5e7 b5b4 e7f7 b4b3 f7f4,-705
8/3k1p1p/1K2p1p1/3p2P1/P2P4/5n2/4N2P/8 b - -,f3h4 a4a5 h4f5 a5a6 f5d6 e2c3 d6c4 b6c5 d7c8 c3b5,187
rr4k1/6pp/3Np1n1/5P2/p7/2P5/6PP/R4RK1 b - -,e6f5 f1f5 b8b3 c3c4 h7h6 f5f3 b3f3 g2f3 a8a6 c4c5,-13
r4rk1/p2qbppp/1pn1p3/2P5/4N3/1P2PN2/P4PPP/R2Q1RK1 b - -,d7d1 f1d1 b6c5 a1c1 f8c8 d1d7 g8f8 d7d2 c6b4 g2g4,55
5rk1/p3q3/2pN2pp/1p2n1b1/4Pr2/2Q5/PPP1B2P/1K1R3R b - -,g8h7 h2h3 f8d8 c3c5 e5f7 e4e5 f7e5 d6b7 d8d1 h1d1,-204
8/6k1/8/1B2p1K1/4P2P/8/6n1/8 b - -,g7h7 h4h5 g2f4 b5e8 h7g7 g5f5 f4d3 e8g6 g7h8 f5f6,23
5r1r/2p1R3/P1kp2p1/5p2/8/6P1/5PK1/2R5 b - -,c6d5 e7c7 g6g5 a6a7 f8a8 c1d1 d5e6 d1e1 e6d5 g2f3,241
7r/p1k2pp1/2p1p2p/q3P3/1r6/2R5/2Q1BPPP/6K1 b - -,b4b1 e2f1 a5b5 c3c6 c7b7 c6c7 b7b8 c7c4 h8d8 g2g3,-532
5r1r/2R5/Pk1p2p1/5p2/8/6P1/5PK1/2R5 b - -,f5f4 g3g4 h8h4 a6a7 f8a8 c1c6 b6b5 c6d6 h4g4 g2f3,373
r2q1rk1/1p2bppp/p2p1n2/2n1pP2/4P3/1NN1BQ2/PPP3PP/R4RK1 b - -,h7h6 b3c5 d6c5 g2g4 b7b5 g4g5 h6g5 e3g5 f6h7 g5e3,112
2r1r1k1/1pqbppbp/p4np1/2P1n3/4P3/2N1BP2/P1NQB1PP/1R1R2K1 b - -,h7h5 c2b4 e7e6 f3f4 e5g4 e4e5 a6a5 b4c2 g4e3 c2e3,48
r3k2r/pp2bpp1/1qn1p3/3pPb1p/3P1P2/2NBB3/PP4PP/2RQ1RK1 b kq -,g7g6 c3a4 b6a5 d3f5 g6f5 f1f3 e8d7 e3f2 a8c8 f2e1,60
rn1qkbnr/ppp1pppp/8/8/2B5/5Q1P/PPPP1P2/RNB1K2R b KQkq -,e7e6 f3b7 b8d7 b2b3 a8b8 b7g2 g7g6 c1b2 g8f6 h3h4,10
3r2k1/1B2bp1p/4p1p1/p7/P7/4P3/4KPPP/2R5 b - -,,0
8/5K2/8/4p3/3kP3/p1b2P2/B7/8 b - -,c3d2 f7e8 d2f4 e8d8 d4c3 d8c7 c3b2 a2e6 a3a2 c7c6,-790
Q7/8/2p5/k7/8/8/5PPK/4q3 b - -,a5b4 a8b8 b4a5 b8d8 a5b5 d8d3 b5b4 d3d4 b4b5 d4b2,65
rn2k2r/1bq1bppp/p2p1n2/2P2N2/Np2Pp2/6P1/PP3PBP/R2QR1K1 b kq -,f4g3 c5d6 g3f2 g1f2 e7d6 f5d6 e8f8 d6b7 b8d7 e4e5,456
r5k1/3nqpb1/3Np1pp/2P5/r2BP3/7P/4QPP1/2RRN1K1 b - -,g7d4 e4e5 a4a2 c1c2 a2c2 e2c2 d4e5 c2e4 a8a2 e4c4,25
7N/pp2k1pp/2p5/3Pp3/3n3b/2NP3b/PPP4P/R1B3KR b - -,g7d4 e4e5 a4a2 c1c2 a2c2 e2c2 d4e5 c2e4 a8a2 e4c4,Mate
3R4/p1k2Np1/2p2n1p/1p6/8/1P4P1/PP3P1P/6K1 b - -,f6e4 d8d1 e4c5 f2f4 h6h5 f7e5 a7a5 g1h1 g7g6 d1e1,625
2k5/5p1p/1K2p1p1/P2p2P1/3P4/5n2/4N2P/8 b - -,c8d7 a5a6 f3g5 a6a7 g5e4 a7a8q d7e7 b6c6 g6g5 a8b8,758
r5k1/pp3pbp/2bq2p1/2pNrP2/2P5/1P1B1Q2/P4PPP/3R1RK1 b - -,c6d5 c4d5 a8e8 f5g6 h7g6 d3c4 e5f5 f3d3 a7a6 a2a4,15
rr4k1/6pp/6n1/5N2/p7/2P5/6PP/R4RK1 b - -,a4a3 f1f2 g6e5 f5d4 e5c4 f2e2 b8b6 h2h3 h7h6 g1h2,-123
4r3/2p3Rk/1r1p3b/p1q1p3/8/P2P1p2/BPPQ1P1P/3K2R1 b - -,b8b3 f1f2 b3c3 f2a2 a8a5 f5d4 c3c4 d4b3 a5a8 b3d2,Mate
2rq1rk1/pb1n1pp1/1p1ppn1p/2pP4/2P4B/P1N1P3/1PQ2PPP/R3KB1R b KQ -,d8e8 a1d1 a7a6 f1d3 b6b5 d5e6 f7e6 e1h1 b5c4 d3c4,78
6k1/4K1p1/6Pp/7P/7B/8/8/8 b - -,g8h8 h4g3 h8g8 e7d6 g8h8 g3e5 h8g8 d6d5 g8h8 d5d4,32
rnbqk2r/pp2ppbp/3p1np1/2P5/2B2B2/2N1P3/PPP2PPP/R2QK1NR b KQkq -,d8c7 c4b5 f6d7 c5d6 g7c3 b2c3 c7c3 e1f1 a7a6 g1e2,109
r5k1/3nqp2/3Np1pp/2P1P3/r2b4/7P/4QPP1/2RRN1K1 b - -,a4a2 c1c2 a2c2 e2c2 d4e5 c2e4 a8a2 e4c4 a2a8 f2f4,25
r2qk2r/ppp2pp1/2np1n1p/2b1p2b/2B1P3/2NPBN1P/PPP2PP1/R2Q1RK1 b kq -,f6d7 a2a3 c6d4 g2g4 h5g6 b2b4 d4f3 d1f3 c5b6 g1g2,19
5k2/p5pp/8/2R3p1/1rP5/6P1/4PP1P/6K1 b - -,g7g6 c5g5 b4c4 g5a5 c4c7 f2f4 f8e7 e2e4 e7d6 g1g2,264
r4rk1/p3bppp/1pn1p3/2P5/4N3/1P2PN2/P4PPP/R2R2K1 b - -,b6c5 a1c1 f8c8 g1f1 c6b4 a2a3 b4d5 e4d2 f7f5 g2g3,47
4r3/p1p1qpkn/1p4p1/8/4PQ2/8/PPP1B3/2K4R b - -,h7g5 f4h2 e7c5 e2d3 g7f8 h2h6 f8e7 h6h4 e7d7 h1d1,-83
rnbqkb1r/ppp2ppp/3p1n2/4p3/1PP4P/8/PB1PPPP1/RN1QKBNR b KQkq -,a7a5 b4b5 a5a4 a2a3 b8d7 g1f3 d7c5 b1c3 c8f5 g2g3,-55
r2B2k1/1b3ppp/p7/3p4/6n1/2N5/PPP2QPP/R5K1 b - -,g4f2 d8b6 f2e4 c3e4 d5e4 a1d1 a8e8 c2c4 f7f5 b6e3,61
R7/2q3pk/3b2pp/3p4/1n1PP3/7p/2r5/3Q2K1 b - -,g4f2 d8b6 f2e4 c3e4 d5e4 a1d1 a8e8 c2c4 f7f5 b6e3,Mate
5r1r/8/k2p2p1/5p2/8/6P1/2R2PK1/2R5 b - -,g4f2 d8b6 f2e4 c3e4 d5e4 a1d1 a8e8 c2c4 f7f5 b6e3,Mate
r1bqkb1r/pp3ppp/2n5/2pp4/8/5NP1/PPPPQPBP/R1B1K2R b KQkq -,f8e7 e1h1 e8h8 c2c3 d5d4 c3d4 c8f5 f1e1 f8e8 d2d3,-47
1k6/1P6/1K4p1/6p1/8/8/4N1p1/8 b - -,c8e6 c2c3 f8e7 d2d4 c5d4 f3d4 c6d4 c3d4 e8h8 e1h1,Mate
r5k1/3nqp2/3Np1pp/2P1P3/3b4/7P/r1R1QPP1/3RN1K1 b - -,a2c2 e2c2 d4e5 c2e4 a8a2 e4c4 a2a8 c4b5 e5d6 c5d6,18
rr4k1/6pp/6n1/5N2/2P5/p7/6PP/R4RK1 b - -,g6e5 f5e7 g8h8 c4c5 h7h6 f1f2 a8a7 e7d5 b8b2 d5c3,-132
r5k1/pp3pbp/3q2p1/2pPrP2/8/1P1B1Q2/P4PPP/3R1RK1 b - -,d6d5 f3g4 d5c6 f5g6 h7g6 f2f4 e5d5 f4f5 g6f5 d3f5,24
1k6/5p1p/PK2p1p1/3p2P1/3P4/5n2/4N2P/8 b - -,e6e5 e2c3 f3d4 a6a7 b8a8 c3d5 d4e6 h2h3 e5e4 h3h4,Mate
4r3/2p3bk/1r1p4/p1q1p1Q1/8/P2P1p2/BPP2P1P/3K2R1 b - -,e6e5 e2c3 f3d4 a6a7 b8a8 c3d5 d4e6 h2h3 e5e4 h3h4,Mate
rnbqkbnr/1ppppp1p/6p1/4P3/p7/5Q2/PPPP1PPP/RNB1KBNR b KQkq -,b8c6 f3c3 f8g7 d2d4 d7d6 g1f3 d6e5 d4e5 d8d5 c1f4,-67
6k1/5pp1/7p/Np1b4/8/1P6/4K1PR/2q5 b - -,f8g7 f1c4 e7e6 f3e2 d7d5 e5d6 c7d6 g1f3 b8c6 c2c3,Mate
r2qk2r/ppp2pp1/3p1n1p/2b1p2b/2BBP3/2NP1N1P/PPP2PP1/R2Q1RK1 b kq -,h5f3 d1f3 c5d4 c3d5 f6d5 c4d5 e8h8 c2c3 c7c6 c3d4,35
5k2/p5pp/8/2R5/1rP3p1/6P1/4PPKP/8 b - -,b4a4 f2f4 g4f3 g2f3 a7a5 c5c7 a4a2 f3e3 a5a4 e3d3,117
r5k1/3nqp2/3Np1pp/2P1P3/3b4/7P/2Q2PP1/3RN1K1 b - -,d4e5 c2e4 a8a2 e4c4 a2a8 e1f3 e5d6 c5d6 e7f6 c4c1,12
8/8/6K1/4p3/4P3/p1b1kP2/B7/8 b - -,e3d4 g6f5 c3d2 a2f7 d2f4 f7a2 d4c3 a2f7 c3b2 f5e6,-862
2r5/1p6/p4k2/6RP/4KP2/P1P5/1P6/8 b - -,c8e8 g5e5 e8c8 h5h6 f6g6 e5e6 g6h7 e6b6 c8e8 e4d5,617
1kbr1b1r/p1p2p2/1BP3pp/3P4/QP2pP1q/2N5/P5PP/R4RK1 b - -,c7b6 c6c7 b8a8 c7d8r h4d8 c3b5 a7a6 a1c1 c8b7 b5c7,327
r1rq3k/p5p1/1p5p/1Pp5/P1Pp4/R2P3P/R5P1/Q6K b - -,d8h4 a4a5 c8e8 a5b6 e8e1 h1h2 h4f4 g2g3 f4f1 a1e1,-11
r2qkb1r/ppp1n1pp/2n2p2/1B1pN3/Q3P1b1/2PP4/PP3PPP/RNB1K2R b KQkq -,g4d7 e5d7 d8d7 e4d5 e7d5 e1h1 e8a8 d3d4 a7a6 b5d3,174
rn3rk1/ppq1bppp/2b1pn2/3P2B1/8/1BN2P2/PP2N1PP/2RQ1RK1 b - -,f6g4 g5f4 c7b6 g1h1 g4f2 f1f2 b6f2 c3e4 f2b6 d5c6,124
r3k2r/pp2bpp1/1qn1p2p/1B1pPb2/3P1P2/2N1B3/PP4PP/2RQ1RK1 b kq -,h6h5 b5d3 f5d3 d1d3 g7g6 c3a4 b6b4 a4c5 a8c8 a2a3,30
r6k/pp1n2p1/1bp4p/7q/4Q1b1/1BN2nP1/PPPBR2P/5R1K b - -,d7f6 e4f4 f3g5 e2g2 a8d8 d2e1 g5h3 f4c4 g4f3 c4h4,-297
r4rk1/1p2bppp/pq1p1n2/2n1pP2/4P3/1NN1BQ2/PPP3PP/3R1RK1 b - -,h7h5 c3d5 f6d5 e4d5 h5h4 f3g4 e7f6 e3c5 d6c5 b3d2,206
q5rk/2R2p2/pp3p1p/2P5/1PN1b3/P6P/5P1K/2R2B2 b - -,a8d5 c7c8 g8c8 c1c3 d5f5 c3g3 f5f2 f1g2 c8g8 g3g8,-971
r2Br1k1/1b3ppp/p7/2bp4/6n1/2N5/PPP2PPP/R2QR1K1 b - -,c5f2 g1f1 e8e1 d1e1 f2e1 a1e1 a8d8 e1e7 b7c6 e7c7,-448
r1bq1rk1/pp2bppp/2n5/2pp4/3P4/5NP1/PPP1QPBP/R1B2RK1 b - -,c5d4 e2b5 a7a6 b5b3 c8f5 c1d2 d8d7 f3e1 f5e4 e1d3,-80
5rk1/pB3p2/5nbp/2p5/2P2P2/8/PP3PKP/3NR3 b - -,f8d8 b7f3 d8d4 b2b3 d4f4 e1e7 f6e4 e7a7 e4g5 f3d5,274
rnbq1rk1/ppp1bppp/3p1n2/4p3/1PP4P/2N2N2/PB1PPPP1/R2QKB1R b KQ -,c7c6 e2e3 e5e4 f3d4 c6c5 b4c5 d6c5 d4e2 e7d6 c3d5,-61
2B3k1/5p1p/4p1p1/p7/Pb6/4P3/4KPPP/8 b - -,,0
2B3k1/5p1p/4p1p1/p7/P7/b3P2P/4KPP1/8 b - -,,0
r4r1k/pBp1Npbp/1n4p1/8/5Pb1/2N5/PP2PP1P/R2R2K1 b - -,a8e8 e7c6 b6c4 a1c1 c4b2 d1d5 g7c3 c1c3 e8e2 c6e5,-19
r5k1/3nqp2/3Np1pp/2P1b3/4Q3/7P/5PP1/3RN1K1 b - -,a8a2 e4c4 a2a8 f2f4 e5d6 c5d6 e7d8 e1f3 d8b6 g1h2,12
2R5/6R1/4kr1p/5p2/P4n2/4K3/1P1r2PP/8 b - -,d2g2 g7g2 f4g2 e3f2 g2f4 a4a5 e6e5 f2f3 f4e6 c8e8,-174
3r4/3b1ppp/8/1p5R/8/7P/Pk3PP1/6K1 b - -,b2a2 h5h4 d7f5 h4b4 f5d3 b4g4 g7g6 g4h4 d3c4 h4h7,-735
r2qkb1r/ppp1n1pp/2n5/1B1Pp3/Q5b1/2PP4/PP3PPP/RNB1K2R b KQkq -,a7a6 b5c6 b7c6 a4g4 c6d5 e1h1 e7g6 g4e6 f8e7 c3c4,188
rnbq1rk1/pp2ppbp/3p1np1/2p1P3/2PP4/2NB4/PP2NPPP/R1BQK2R b KQ -,f6g4 e5d6 c5d4 c3b5 b8c6 c1g5 h7h6 d6e7 c6e7 g5f4,-96
r3k2r/pp1b1p2/2nqpn1p/3p4/3N1P2/2PB4/PP1NQ1PP/R4RK1 b kq -,e8a8 d2f3 h8g8 a1e1 g8g7 g2g3 c6d4 c3d4 f6e4 d3e4,45
r1bq1rk1/pp2bppp/2n5/3p4/3N4/6P1/PPP1QPBP/R1B2RK1 b - -,c6d4 e2d1 d4c6 g2d5 c8h3 f1e1 d8d7 d5e4 d7d1 e1d1,-405
3r1rk1/pRp2pp1/3p3p/3Np3/2BbP1n1/3P4/P1P2PPP/5RK1 b - -,d8b8 b7b3 g4f6 d5e7 g8h7 e7c6 b8b3 c2b3 d4b6 b3b4,86
2Rr2k1/1B3p1p/4p1p1/p7/Pb6/4P3/4KPPP/8 b - -,,0
r4rk1/1p2bppp/p1qp1n2/2nNpP2/4P3/1N2BQ2/PPP3PP/3R1RK1 b - -,c6e8 d5c7 e8a4 c7a8 f8a8 b3c5 d6c5 b2b3 a4a2 e3g5,182
2rq1rk1/1b1n1pp1/pp1p1n1p/3P4/P1p4B/2N1P3/1PQ1BPPP/R3K2R b KQ -,d8e7 e3e4 b6b5 a4b5 a6b5 f2f3 b5b4 c3b5 f8e8 h4g3,58
1kbr1b1r/p1P2p2/1p4pp/3P4/QP2pP1q/2N5/P5PP/R4RK1 b - -,b8a8 c7d8n h4d8 c3b5 a7a6 a1c1 c8b7 b5c7 a8a7 c7a6,350
r4k1r/pp2bpp1/1qn1p2p/1B1pPb2/3P1PP1/2N1B3/PP5P/2RQ1RK1 b - -,f5e4 b5c6 b7c6 c3e4 d5e4 d1e2 b6b7 f4f5 e6f5 g4f5,206
8/1PK5/5B2/8/8/4kP1P/P6P/8 b - -,f5e4 b5c6 b7c6 c3e4 d5e4 d1e2 b6b7 f4f5 e6f5 g4f5,Mate
rn1q1r1k/pp1n2p1/4Pp1p/1BbQ3b/5B2/5N1P/PPP2PP1/R4RK1 b - -,h5f3 g2f3 d7e5 d5c5 b8c6 b5c6 e5c6 a1d1 d8a5 c5a5,303
6k1/3nqp2/3Np1pp/2P1b3/2Q5/7P/r4PP1/3RN1K1 b - -,a2a8 f2f4 e5d6 c5d6 e7d8 e1f3 d8b6 g1h2 b6e3 c4c1,11
r2q1rk1/4bppp/p1p1pn2/8/PnBP1B2/5Q2/1P2NPPP/R4RK1 b - -,h7h6 f4e5 f6d7 b2b3 d7e5 d4e5 d8b6 e2f4 a8d8 a1e1,11
5k2/R4p1p/6p1/3rP3/2B2n2/8/6PP/6K1 b - -,f4e2 g1f2 d5e5 c4e2 f8g8 a7d7 e5f5 e2f3 g8g7 f2e3,199
r4rk1/1p2bppp/p1qp4/2nRpP2/4P3/1N2BQ2/PPP3PP/5RK1 b - -,c5d7 d5d2 a6a5 d2f2 d7f6 e3g5 f8c8 g5f6 e7f6 b3d2,-55
1r1q1rk1/5pb1/p2p2p1/1bpPpP1n/4P3/1P4pP/PB2N1B1/2Q1RRK1 b - -,g8h7 c1c3 d8h4 c3f3 g7h6 b2c3 h5f4 c3a5 f4h3 g2h3,-274
rn2kb1r/3p2pp/1q2p3/4P3/2p1b3/2B2N2/PP3PPP/R2QKB1R b KQkq -,f8c5 f1c4 c5f2 e1e2 e8h8 d1d2 b6b7 e2d1 f2c5 h1e1,-141
2br1b1r/Q1k2p2/1p4pp/3P4/1P2pP1q/2N5/P5PP/R4RK1 b - -,c8b7 c3b5 c7d7 a7b7 d7e8 b7c6 d8d7 d5d6 f8g7 a1e1,651
2R5/8/4kr1p/5p2/P7/5K2/1P4nP/8 b - -,g2h4 f3e2 f6g6 e2d3 h4f3 c8c6 e6d5 c6g6 f3e5 d3e3,-200
6k1/1P3pp1/5n1p/3p4/8/2P2PPP/P4K1R/4r3 b - -,e1b1 f2e3 g8f8 a2a4 b1b7 h2a2 f8e7 c3c4 d5c4 e3d4,-369
6k1/5pp1/7p/Np6/6b1/1P5R/5KP1/2q5 b - -,e1b1 f2e3 g8f8 a2a4 b1b7 h2a2 f8e7 c3c4 d5c4 e3d4,Mate
r2Br1k1/1b3ppp/p7/3p4/6n1/2N5/PPP2bPP/R2QRK2 b - -,e8e1 d1e1 f2e1 a1e1 a8d8 c3a4 b7c6 a4c5 d5d4 e1c1,-454
1r1q1rk1/5pb1/p2p2p1/2pPpP1n/4P3/1P4pP/PB2R1B1/2Q2RK1 b - -,d8h4 f1f3 g8h7 c1f1 g7h6 e2e1 g6g5 f1a6 g5g4 h3g4,-238
rq3nk1/1b4pp/pp1b1N2/4pP1Q/4P3/7R/PP1B2PP/2R4K b - -,d8h4 f1f3 g8h7 c1f1 g7h6 e2e1 g6g5 f1a6 g5g4 h3g4,Mate
r2r2k1/1b2bppp/ppqppn2/6B1/2B1P3/2NQ4/PPP2PPP/3RR1K1 b - -,b6b5 c4b3 b5b4 c3e2 c6e4 d3e4 b7e4 e2d4 e4b7 d4f5,-98
r4rk1/p3bppp/2n1p3/2p5/4N3/1P2PN2/P4PPP/R1R3K1 b - -,f8c8 g1f1 c6b4 a2a3 b4d5 e4d2 a7a5 d2c4 e7f6 a1b1,35
r5k1/3nqp2/3Np1pp/2P1b3/2Q2P2/7P/6P1/3RN1K1 b - -,e5d6 c5d6 e7d8 e1f3 d8b6 g1h2 b6e3 c4c1 e3c1 d1c1,12
2rqr1k1/1b2ppbp/pB3np1/3Pn1N1/2B5/Q1NP4/PP3PPP/R3R1K1 b - -,d8d7 e1e5 f6h5 e5e4 h5f6 e4e1 f6d5 c4d5 b7d5 c3d5,464
6rk/2R2p2/pp3p1p/2Pq4/1PN1b3/P6P/5P1K/4RB2 b - -,d8d7 e1e5 f6h5 e5e4 h5f6 e4e1 f6d5 c4d5 b7d5 c3d5,Mate
r5k1/pp1qr1b1/4bnQB/2p5/3p4/2P3P1/PP2PPBP/R4RK1 b - -,e6f5 g6g5 f6h7 g5f4 g7h6 f4h6 e7e2 c3d4 c5d4 f1e1,-172
r3kb1r/ppp3pp/2n5/4p3/6Q1/2PqB3/PP3PPP/RN2K2R b KQkq -,d3d7 g4d7 e8d7 b1d2 a8e8 b2b4 d7c8 d2e4 c6d4 e1a1,59
1r1r2k1/5pp1/p1pqpn1p/8/PnBP3P/2N2QP1/1P3PK1/2RR4 b - -,,0
8/2K5/5B2/8/8/1Q3P1P/P3k2P/8 b - -,d6c7 b2b3 c7d6 f3e2 a6a5 c3e4 f6e4 e2e4 b4a2 c1c2,Mate
rq3n1k/1b3Q1p/pp1b1p2/4pP2/4P3/6R1/PP1B2PP/2R4K b - -,d6c7 b2b3 c7d6 f3e2 a6a5 c3e4 f6e4 e2e4 b4a2 c1c2,Mate
rn2kb1r/pp1qpp1p/2p2np1/3p1b2/5B2/3P1NP1/PPPNPPBP/R2Q1RK1 b kq -,f8g7 f1e1 e8h8 e2e4 f5h3 e4e5 h3g2 g1g2 f6e8 h2h4,58
rnb2rk1/pp2ppbp/6p1/q7/3PP3/4BN2/P2QBPPP/R3K2R b KQ -,a5a4 a1b1 b7b6 e2b5 a4a3 b1b3 a3d6 e3f4 d6d8 e1h1,130
6k1/5pp1/7p/Np6/8/1P5P/5K2/2q5 b - -,a5a4 a1b1 b7b6 e2b5 a4a3 b1b3 a3d6 e3f4 d6d8 e1h1,Mate
4r3/p1p2p1k/1p4p1/6Q1/4P3/8/PPP1B3/2K5 b - -,e8e4 e2d3 e4d4 g5f6 d4d7 d3c4 b6b5 c4f7 d7d6 f6e7,836
2k5/5p1p/2K1p1p1/P2p2P1/3P4/8/3nN2P/8 b - -,d2b3 a5a6 b3a5 c6d6 c8b8 d6e7 a5c6 e7f7 e6e5 d4e5,39
r2q1rk1/1p3pbp/p1b3p1/3Pp3/4N3/2P2B2/PP1Q2PP/3R1RK1 b - -,,0
8/8/8/4pK2/4P3/p1b2k2/B7/8 b - -,f3e3 a2d5 e3d4 f5g4 c3d2 g4f3 d4c3 f3e2 d2f4 d5a2,-965
6R1/p1k2N2/2p2n2/1p4pp/8/1P4P1/PP3P1P/6K1 b - -,f6g8 f7g5 g8f6 f2f3 c7d6 g1f2 d6e5 f2e3 f6d5 e3d2,414
8/8/4K3/1b6/8/k7/3B4/8 b - -,,0
r5k1/3nqp2/3Pp1pp/8/2Q2P2/7P/6P1/3RN1K1 b - -,e7d8 e1f3 d8b6 g1h2 b6e3 c4c1 e3c1 d1c1 a8a6 c1c8,11
r2B2k1/1b3ppp/p7/3p4/6n1/2N5/PPP2bPP/R3QK2 b - -,f2e1 a1e1 a8d8 e1e7 b7c6 e7c7 c6e8 f1g1 g4e3 h2h3,-470
rnbq1rk1/ppp3b1/3p1n1p/3Pp3/2P4N/2N3PP/PP1B4/R2QKB1R b KQ -,b8d7 f1g2 f6h7 d1c2 d7c5 d2e3 b7b6 b2b4 c5d7 h4f5,131
rn1qk1nr/ppp2ppp/4b3/3P4/1b1P4/8/PP1N1PPP/R1BQKBNR b KQkq -,e6d7 d1b3 b8a6 f1a6 b4d2 c1d2 b7a6 b3e3 d8e7 g1f3,146
5rk1/p4q1p/1p2p1p1/4P2n/1BP4Q/3BR3/P5bP/6K1 b - -,g2c6 b4f8 f7f8 d3e2 h5g7 e3d3 f8c5 h4d4 c5b4 e2f1,122
8/1b2qk2/5np1/p1n2r2/P1QB1P2/2P5/5RPP/5RK1 b - -,c5e6 f1e1 b7d5 d4f6 f7f6 c4c8 e7d6 g2g3 f6f7 f2e2,72
1rbqnrk1/4ppbp/p1np2p1/1pp1P3/2P2P2/2NP2PP/PP2N1B1/1RBQ1RK1 b - -,c6d4 b2b4 d4e2 d1e2 d6e5 a2a3 c8f5 c3e4 b5c4 d3c4,-107
r2qk2r/ppp2pp1/3p1n1p/4p2b/2BbP3/2NP1N1P/PPP1QPP1/R4RK1 b kq -,d8d7 a2a4 e8h8 c3d1 c7c6 c2c3 d4c5 d1e3 d6d5 c4b3,-86
r1b1k1Br/ppp1q1pp/1bn2p2/4p3/4P2B/1QP2N2/P4PPP/RN2K2R b KQkq -,c6a5 b3b5 c7c6 b5e5 e7e5 f3e5 h8g8 e5f3 c8e6 f3d4,-182
r1bqk2r/pppp1Bpp/2n5/4p3/1b2N3/8/PPPP1PPP/RNBQK2R b KQkq -,e8f7 a2a3 b4e7 c2c4 c6d4 d2d3 h8f8 b1c3 f7g8 e1h1,-40
R7/6pk/6pp/3p4/1n1PP3/7p/2Q4K/4q3 b - -,e8f7 a2a3 b4e7 c2c4 c6d4 d2d3 h8f8 b1c3 f7g8 e1h1,Mate
2kr3r/pp1b1p2/2nqpn1p/3p4/1P1N1P2/2PB4/P2NQ1PP/R4RK1 b - -,c6d4 c3d4 d7a4 e2e5 f6g4 e5d6 d8d6 d2f3 h8g8 a1c1,54
r4rk1/2q2ppp/p1pBp3/3n4/PnBP4/5Q2/1P2NPPP/2R2RK1 b - -,c7d7 d6f8 a8f8 f1d1 f8b8 b2b3 d5f6 e2f4 a6a5 f4d3,550
5R2/pkp1B3/1p6/7p/P7/1P5P/1KP2P2/8 b - -,b7c6 e7h4 c6d5 f8f5 d5d4 f5h5 c7c5 h4g3 d4e4 b2c3,966
4rrk1/1bq1b1p1/2p1Q2p/p1p2p2/P1Np1P2/1P1P4/1BP3PP/4RRK1 b - -,f8f7 c4e5 e8f8 b2a3 b7a6 e5g6 e7d6 g6f8 d6f8 e6e8,723
5k2/5pp1/pq2p1p1/1r1pP3/Q7/1P5P/2P2PP1/R5K1 b - -,b5c5 a4d4 a6a5 a1a5 b6a5 b3b4 a5b5 d4c5 b5c5 b4c5,1
r2q2k1/3n1p2/3Pp1pp/8/2Q2P2/5N1P/6P1/3R2K1 b - -,d8b6 g1h2 b6e3 c4c1 e3c1 d1c1 a8a6 c1c8 g8g7 f3e5,12
rnb2rk1/pp2ppbp/6p1/8/3PP3/4BN2/P2KBPPP/R6R b - -,h7h6 a1b1 f8d8 e2d3 e7e6 f3e5 g6g5 d2e2 f7f6 e5f3,30
2rBr1k1/1b2ppbp/p4np1/3P2N1/2n5/Q1NP4/PP3PPP/R3R1K1 b - -,c4e3 e1e3 e8d8 g5f7 d8f8 e3e7 f8f7 e7f7 g8f7 d5d6,615
r4rk1/1bq2pp1/p6p/1p2n1NQ/8/P3R3/BP3PPP/4R1K1 b - -,a8c8 g5e6 f7e6 a2e6 e5f7 h5g6 c7f4 e6c8 b7c8 e3e8,28
6k1/5pp1/7p/Npq5/8/1P5P/4K3/8 b - -,a8c8 g5e6 f7e6 a2e6 e5f7 h5g6 c7f4 e6c8 b7c8 e3e8,Mate
r2q1rk1/1p3pbp/p5p1/1b1Pp3/4N3/2P2B2/PP1Q1RPP/3R2K1 b - -,f7f5 e4c5 e5e4 f3e2 d8b6 b2b4 a8e8 d2e3 f5f4 f2f4,-96
1B4k1/5pp1/5n1p/3p4/8/2P2PPP/P4K1R/1r6 b - -,b1b2 f2g1 b2b8 h2c2 b8a8 h3h4 a8a4 g3g4 g8f8 c2e2,-415
8/p7/7p/PP3k2/8/2N5/8/6K1 b - -,f5e5 a5a6 e5d4 b5b6 a7b6 a6a7 h6h5 a7a8q h5h4 a8d8,1171
r1b1k1Br/ppp1q1pp/1b3p2/n2Qp3/4P2B/2P2N2/P4PPP/RN2K2R b KQkq -,e7f8 f3e5 f8g8 d5g8 h8g8 e5d3 c8e6 f2f3 e8a8 d3f4,-211
rr1q3k/p5p1/1p5p/PPp5/2Pp4/R2P3P/R5P1/Q6K b - -,d8h4 a5b6 b8b6 a2e2 h4f4 a1e1 b6g6 e2e4 f4f7 e4e7,120
r1b1k2r/ppppqp2/2n2p1p/4n3/2P5/NQP5/P2BPPPP/R3KB1R b - -,e5d3 e1d1 d3f2 d1e1 f2h1 g2g3 c6e5 f1g2 e7c5 e2e3,-482
rn1q1rk1/p4pbp/2pp1npB/1p2P3/4P1bP/P1N2N2/1PPQ1PP1/R3KB1R b KQ -,b5b4 a3b4 g7h6 d2h6 d6e5 f3g5 a7a5 b4b5 d8d4 h4h5,333
r4rk1/p3bpp1/1qp1p2p/3pPb2/3P1P2/2N1B3/PP3RPP/2RQ2K1 b - -,e7h4 f2d2 h4e7 d2f2 a7a5 c3a4 b6b7 h2h3 f5e4 a4c3,-5
1k6/1P6/2K3p1/8/6p1/8/4N1p1/8 b - -,a7a5 c3a4 b6b7 h2h3 f5e4 a4c3 e4h7 c3a4 a8b8 d1e2,Mate
3r1rk1/R4pp1/2pp3p/4p3/2B1P3/2NP3P/P1P2KP1/8 b - -,d8a8 a7c7 a8c8 c7b7 c8b8 b7b3 b8b3 c2b3 f8a8 a2a4,303
6k1/5pp1/7p/2q5/1pN5/1P5P/4K3/8 b - -,c5h5 e2d3 h5h3 c4e3 g7g5 d3d4 g5g4 e3d5 h3b3 d5f6,-7281
6B1/8/8/4pK2/4P3/p1b1k3/8/8 b - -,e3d4 f5g4 c3d2 g4f3 d4c3 f3e2 d2f4 g8e6 c3b2 e2f3,-3595
1r1r2k1/pb2bp1p/5np1/q1pp4/N7/1P2PN2/P2Q1PPP/1BRR2K1 b - -,a5c7 d2e2 c5c4 f3d4 d8c8 h2h3 e7b4 e2f3 g8g7 a4c3,-79
2rBr1k1/1b2Rpbp/p4np1/3P2N1/8/n1NP4/PP3PPP/R5K1 b - -,e8e7 d8e7 a3c2 a1c1 f6d5 c3d5 b7d5 g5e4 d5e4 d3e4,-378
r5k1/3n1p2/1q1Pp1pp/8/2Q2P2/5N1P/6PK/3R4 b - -,b6e3 c4c1 e3c1 d1c1 a8a6 c1c8 g8g7 f3e5 a6d6 c8d8,15
r1b2rk1/pp2ppbp/2n3p1/8/3PP3/4BN2/P2KBPPP/R2R4 b - -,g6g5 h2h3 h7h6 d2e1 e7e6 a1b1 f8d8 d4d5 e6d5 e4d5,32
rn1q1rk1/p3bppp/bp1p1n2/2pP4/4P3/2NB1N1P/PP3PP1/R1BQ1RK1 b - -,d8c8 c1f4 f6e8 d3a6 c8a6 a2a4 b8d7 d1c2 a6b7 f4h2,135
r4rk1/1p2bppp/p2p1P2/3Pp1P1/2q5/1N2BQ2/PPP4P/5RK1 b - -,e5e4 f3f4 c4d5 f6e7 f8e8 b3d4 e8e7 d4f5 e7e5 h2h4,194
r1bqk2r/pppp1ppp/5n2/2b1P3/7Q/8/PPP2PPP/RNB1KB1R b KQkq -,d8e7 f1e2 e7e5 b1c3 d7d5 c1f4 e5e7 e1h1 c7c6 a1e1,-92
8/6QK/6P1/8/k7/8/8/1q6 b - -,b1d3 g7a7 a4b3 a7f2 b3a3 h7h6 d3d6 h6g5 d6e7 f2f6,26
r2qk2r/pppb1ppp/2nb4/8/3N4/2P1P3/P1Q1BPPP/R1B1K2R b KQkq -,e8h8 e1h1 f8e8 a1b1 b7b6 e2f3 c6d4 c3d4 a8c8 f3b7,-10
r1bq1rk1/pp2npbp/2n3p1/2pp4/8/2NP1NP1/PP1BPPBP/R1Q2RK1 b - -,d5d4 c3e4 b7b6 a2a3 a7a5 d2g5 f7f6 c1c4 g8h8 g5f4,-64
rn1qkbnr/pb3ppp/2p1p3/1p6/3pP3/1B4Q1/PPPPNPPP/R1B1K1NR b KQkq -,c6c5 d2d3 c5c4 d3c4 g8f6 f2f3 b5c4 b3c4 d8b6 a2a3,-9
5k2/R4p1p/6p1/4P3/2B2n2/8/5KPP/3r4 b - -,d1d4 a7f7 f8e8 f7c7 e8d8 c7c5 d4d7 f2f3 f4d3 c5b5,91
8/7p/4p3/p3k3/2p3P1/P1P1K3/7P/8 b - -,e5d5 e3f4 e6e5 f4f5 e5e4 f5f4 d5c5 a3a4 c5d5 h2h4,683
8/8/8/2Q5/4k3/2N5/8/6K1 b - -,e5d5 e3f4 e6e5 f4f5 e5e4 f5f4 d5c5 a3a4 c5d5 h2h4,Mate
r2qk2r/ppp2pp1/3p1n1p/4p2b/2BbP1P1/2NP1N1P/PPP2P2/R2Q1RK1 b kq -,h5g6 f3d4 e5d4 c3b5 e8h8 c4b3 c7c5 f2f4 f8e8 d1d2,94
8/4kpnp/4p1p1/3p2P1/p2P4/P4PN1/1PK4P/8 b - -,e6e5 d4e5 g7e6 c2c3 e6g5 f3f4 g5f3 g3f1 h7h6 c3b4,14
r4qk1/pp1npb1p/5pp1/3P4/8/1P4P1/P1P1N1BP/Q4RK1 b - -,a8c8 e2d4 f8d8 c2c4 d8b6 a1c3 b6c5 c3e3 d7e5 f1e1,47
3r4/3b1ppR/8/1p6/8/7P/k4PP1/6K1 b - -,b5b4 h7h5 b4b3 h5a5 a2b1 f2f3 b3b2 a5e5 d7e6 h3h4,-833
r1bq1rk1/ppp3b1/3p1n1p/2nPp3/2P4N/2N3PP/PP1B2B1/R2Q1RK1 b - -,a7a6 b2b4 c5d3 d2h6 g7h6 d1d3 d8e8 g3g4 c8d7 a1e1,206
r2q1rk1/1p4bp/p5p1/1bNPpp2/8/2P2B2/PP1Q1RPP/3R2K1 b - -,e5e4 f3e2 d8b6 b2b4 a8e8 d2c2 e4e3 f2f3 g7c3 e2b5,-99
1r1r2k1/pb2bp1p/5np1/2pp4/N7/1P2PN2/P2R1PPP/1BR3K1 b - -,d8c8 d2d1 c5c4 a4c3 e7b4 c3e2 g8g7 h2h3 b7a6 b3c4,-66
r4rk1/1p2bppp/p1n2n2/q2B4/P4B2/2N2Q2/1P3PPP/3R1RK1 b - -,e7c5 d5c6 b7c6 f3c6 a8c8 c6b7 f8e8 f4d6 a5b6 b7b6,62
7R/p1k5/2p2n2/1p4Np/8/1P4P1/PP3P1P/6K1 b - -,a7a5 g5f3 c7d7 h8a8 f6d5 a8a5 d7e8 a5a8 e8d7 a8a7,720
2r3k1/1b2Bpbp/p4np1/3P2N1/8/2NP4/PPn2PPP/2R3K1 b - -,f6d5 c3d5 b7d5 g5e4 d5e4 d3e4 g7b2 c1b1 c2d4 g1f1,-377
8/5pnp/3kp1p1/3p2P1/p2P4/P1K2PN1/1P5P/8 b - -,,0
r2qkb1r/1pp2ppp/p1n2n2/3pp3/3P4/2PBPP1P/PP1N1P2/R1BQ1RK1 b kq -,f8d6 g1g2 h7h6 f1h1 d8d7 a2a3 e8h8 b2b4 a8e8 c1b2,-56
6k1/6p1/7p/2q2p2/1pN4P/1P6/4K3/8 b - -,c5e7 e2f1 e7h4 c4d2 f5f4 f1e2 h4g4 e2e1 g4h3 e1e2,-7232
r5k1/3n1p2/3Pp1pp/8/5P2/4qN1P/6PK/2QR4 b - -,e3c1 d1c1 a8a6 c1c8 g8g7 f3e5 a6d6 c8d8 d7e5 d8d6,17
5R2/1kp1B3/1p6/p6p/P7/KP5P/2P2P2/8 b - -,b7c6 f8f5 c6d7 e7h4 d7e6 f5h5 e6f7 h5h7 f7e6 h7c7,1309
r1br2k1/bp2q1pp/p1n2n2/4p3/1PPp3Q/P4NP1/1B1N1PBP/4RRK1 b - -,e7e8 c4c5 a7b8 d2c4 c8f5 c4b6 a8a7 f3e5 b8e5 f2f4,201
r3r1k1/1Q3pp1/p1p4p/2b5/2N5/2P2P2/P4P1P/7K b - -,a8d8 h1g2 e8e2 b7c6 c5f2 g2f1 e2e6 c6c7 f2h4 c4e5,-194
3r2k1/5pp1/1qb1p2p/2R5/ppBPP1P1/4QP1P/P4K2/8 b - -,c6e8 c4d3 b4b3 a2b3 a4b3 d3b1 b6b4 c5c3 e8a4 h3h4,-88
8/7p/4p3/p2k4/2p2KP1/P1P5/7P/8 b - -,e6e5 f4f5 e5e4 f5f4 e4e3 f4e3 d5d6 h2h4 h7h6 a3a4,748
R7/6pk/6pp/3p4/3PP3/7K/2n5/4q3 b - -,e6e5 f4f5 e5e4 f5f4 e4e3 f4e3 d5d6 h2h4 h7h6 a3a4,Mate
r1r3k1/pp1q2p1/2n1pb2/3p2P1/3P4/P2Q1N2/1P1B1P2/R3R1K1 b - -,e6e5 d4e5 f6e7 e5e6 d7e8 d3d5 e8h5 d5e4 h5h3 a1c1,277
3r1rk1/pR3pp1/2pp3p/4p3/2BPP3/2N4P/P1P2KP1/8 b - -,e5d4 c3e2 d8b8 b7a7 c6c5 f2e1 g8h8 e1d2 f7f5 e4f5,192
rnbqk1nr/pppp1ppp/8/2b1p3/1P2P3/2P5/P2PBPPP/RNBQK1NR b KQkq -,c5f2 e1f2 d7d5 d2d3 g8f6 g1f3 d5e4 f3e5 e8h8 h1e1,287
7K/6Q1/6P1/8/k7/8/2q5/8 b - -,c2h2 h8g8 h2d6 g7f7 d6b8 g8g7 b8e5 f7f6 e5c7 g7g8,23
8/7p/8/p2kpK2/2p3P1/P1P5/7P/8 b - -,e5e4 f5f4 d5e6 f4e4 a5a4 g4g5 e6f7 e4f5 f7g7 h2h4,760
4q2k/1r3pp1/p2P2bp/P7/1P1R1pP1/2P2Q1P/5PK1/8 b - -,e8b5 c3c4 b5b4 d6d7 b7d7 d4d7 b4c4 g2h2 h8h7 d7d8,134
r1br2k1/pp2ppbp/2n3p1/8/3PP3/4BN2/P3BPPP/R2RK3 b - -,c6b4 d1d2 e7e6 a1b1 b4c6 e3g5 f7f6 g5f4 g6g5 d4d5,50
6k1/6p1/7p/2q5/1pN2p1P/1P3K2/8/8 b - -,c5f5 h4h5 f5d3 f3f4 d3b3 c4d6 b3d3 d6f5 d3f1 f4e5,-7269
4rr1k/pBp1Npbp/1n4p1/3N4/5Pb1/8/PP2PP1P/R2R2K1 b - -,g7b2 a1b1 b2a3 d5f6 e8e7 f6g4 e7e2 b1b5 a3d6 b5a5,-168
3r4/1p6/p4k1P/6R1/4KP2/P1P5/1P6/8 b - -,d8h8 g5d5 f6g6 d5d6 g6h5 c3c4 h5g4 d6d7 h8h6 d7g7,619
r2b1r2/1p3pkp/p2p4/3Pp1PQ/2q5/1N2B3/PPP4P/5RK1 b - -,c4c2 b3d2 c2g6 h5g6 h7g6 f1c1 f8h8 d2e4 h8h3 g1f2,-321
r5k1/3n1p2/3Pp1pp/8/5P2/5N1P/6PK/2R5 b - -,f7f6 c1c7 a8d8 f3d4 d7f8 d4b5 f8d7 h3h4 f6f5 h4h5,10
r1b2rk1/p1qn1ppp/1p1b1n2/2pp4/3P1B2/2PB1Q1P/PP2NPP1/RN3RK1 b - -,c7b8 b1a3 f8e8 a1e1 d7f8 d3b5 e8e6 f4d6 e6d6 a3c2,39
8/7p/8/p2k4/2p1pKP1/P1P5/7P/8 b - -,d5e6 a3a4 e6d5 h2h4 e4e3 f4e3 d5e5 g4g5 e5d6 e3d4,780
8/5pnp/6p1/3pk1P1/pK6/P4PN1/1P5P/8 b - -,e5d6 b4a4 g7e6 h2h4 e6d4 f3f4 d6c5 g3f1 d4f5 b2b4,145
8/p3k1p1/r6p/2pB4/b1P1PP2/8/R6P/6K1 b - -,g7g5 f4g5 h6g5 e4e5 a6a5 g1f2 a5a6 f2e3 e7f8 e3d3,427
r4rk1/pp2bpp1/1qn1p2p/1B1pPb2/3P1PP1/2N1B3/PP5P/2RQ1RK1 b - -,f5e4 b5c6 b7c6 f4f5 b6b2 c3e4 d5e4 f5f6 g7f6 e5f6,111
k7/R7/PB6/1qnr4/8/8/8/K7 b - -,f5e4 b5c6 b7c6 f4f5 b6b2 c3e4 d5e4 f5f6 g7f6 e5f6,Mate
7r/1p6/p4k1P/7R/4KP2/P1P5/1P6/8 b - -,h8e8 h5e5 e8h8 f4f5 b7b5 e5e6 f6f7 e6a6 h8e8 a6e6,682
3r2k1/p4p2/5nbp/2p5/2P2P2/5B2/PP3PKP/3NR3 b - -,d8d4 b2b3 d4d2 e1e5 d2a2 f4f5 g6h5 e5c5 g8g7 f3h5,286
r3k2r/pp1b1p2/2n1pn1p/2ppN3/3P1q2/2PB4/PP1NQ1PP/R4RK1 b kq -,f4g5 e5c6 c5c4 c6e5 c4d3 e2f2 h8g8 g2g3 g5f5 f2e3,239
8/7p/4k3/p7/P1p1pKP1/2P5/7P/8 b - -,e4e3 f4e3 e6f6 h2h4 f6e5 e3f3 e5d5 f3f4 d5c6 g4g5,870
3knqr1/p5NR/1p1p1pPB/n1pPpP2/b1P1P3/2PBQ3/6K1/8 b - -,e8g7 h6g7 g8g7 e3h6 g7g8 h6f8 g8f8 g6g7 f8g8 h7h8,414
6k1/6p1/7p/8/1pNq1pKP/1P6/8/8 b - -,e8g7 h6g7 g8g7 e3h6 g7g8 h6f8 g8f8 g6g7 f8g8 h7h8,Mate
2rr2k1/pp3pp1/1q3b1p/2nR4/2P3Q1/1P3NN1/P5PP/5R1K b - -,d8d5 c4d5 c8d8 g4c4 c5d7 f1d1 b6c5 c4d3 c5f2 g3e4,-22
2r3k1/1b2Bpbp/p5p1/3N2N1/8/3P4/PPn2PPP/2R3K1 b - -,b7d5 g5e4 d5e4 d3e4 g7b2 c1b1 c2d4 g1f1 c8c1 b1c1,-387
6K1/6Q1/6P1/8/k7/8/7q/8 b - -,h2d6 g7f7 d6d8 g8g7 d8d4 f7f6 d4d7 g7f8 d7c8 f8f7,20
R7/6pk/6pp/3P4/3P4/4n2K/8/4q3 b - -,h2d6 g7f7 d6d8 g8g7 d8d4 f7f6 d4d7 g7f8 d7c8 f8f7,Mate
8/7p/4k3/p7/P1p3P1/2P1K3/7P/8 b - -,e6f6 h2h4 f6g6 e3e4 g6f6 g4g5 f6g6 e4f4 g6h5 f4g3,970
8/8/1B6/3k4/8/8/8/1B3K2 b - -,e6f6 h2h4 f6g6 e3e4 g6f6 g4g5 f6g6 e4f4 g6h5 f4g3,Mate
3r2k1/2Rn1p2/3Pp1pp/8/5P2/5N1P/6PK/8 b - -,f7f6 f3d4 d7f8 d4b5 f8d7 h3h4 f6f5 b5d4 d7f6 c7g7,3
rr1q3k/6p1/Rp5p/1Pp5/2Pp4/3P3P/5RP1/Q6K b - -,a8a6 b5a6 b8a8 a1a4 a8a7 f2e2 d8f6 e2e8 h8h7 e8e1,5
5k2/5pp1/1q2p1p1/pr1pP3/8/QP5P/2P2PP1/R5K1 b - -,b6c5 h3h4 d5d4 a3c5 b5c5 a1d1 c5e5 d1d4 e5e1 g1h2,-4
r4rk1/pp2bppb/1qn1p2p/1B1pPP2/3P2P1/2N1B3/PP5P/2RQ1RK1 b - -,c6e5 d1e2 e5c6 e2f2 e7f6 c1d1 f8e8 g1h1 a8d8 b5a4,-119
3b2k1/6pp/p3pp2/1P6/1B6/1P6/1P3PPP/6K1 b - -,d8b6 b5a6 g8f7 b4d6 f7e8 d6b8 e8d7 a6a7 b6a7 b8a7,507
5k2/7R/4p1p1/4P3/8/8/5KPP/3r4 b - -,d1d3 h7h3 d3d2 f2f3 f8g7 h3g3 g7h6 g3g4 d2d3 f3e2,2
r1b1k2r/p1qnbppp/4pn2/P7/1ppP4/2P2NN1/1PB2PPP/R1BQ1RK1 b kq -,a8b8 d1e2 e8h8 f1e1 c8b7 f3e5 b4b3 e5d7 c7d7 c2b1,-51
r3k2r/pp1b1p2/2N1pn1p/2pp2q1/3P4/2PB4/PP1NQ1PP/R4RK1 b kq -,c5c4 c6e5 c4d3 e2f2 h8g8 g2g3 g5f5 f2e3 f6g4 f1f5,269
r1bkr3/ppppn2p/5Q2/3NN3/4P3/8/q1P1BPPP/3R1RK1 b - -,c5c4 c6e5 c4d3 e2f2 h8g8 g2g3 g5f5 f2e3 f6g4 f1f5,Mate
6k1/8/6pp/8/1pNq1p1P/1P3K2/8/8 b - -,c5c4 c6e5 c4d3 e2f2 h8g8 g2g3 g5f5 f2e3 f6g4 f1f5,Mate
8/p3k3/r7/2pBP1p1/b1P5/8/R6P/6K1 b - -,a6a5 g1f2 a5a6 f2e3 e7d7 e5e6 d7e7 e3d3 e7f6 d3e4,463
2rq1rk1/pb3ppp/1p6/4N3/3bP3/P7/4QPPP/1B1R1RK1 b - -,c8c7 e2d2 c7c5 e5f7 g8f7 d2d4 d8d4 d1d4 f7e7 f1d1,108
8/5k2/5P2/6R1/6N1/8/5K2/r7 b - -,a1a3 g5g7 f7e6 g7e7 e6d6 e7e5 a3a8 f2g3 d6c6 g3f4,635
r2q1rk1/1p4bp/p3N1p1/1b1P1p2/4p3/2P2B2/PP1Q1RPP/3R2K1 b - -,d8b6 d1e1 e4f3 c3c4 b5d7 c4c5 b6b5 e6g7 g8g7 d2d4,-235
3r2k1/2Rn4/3Ppppp/8/3N1P2/7P/6PK/8 b - -,d7f8 d4b5 f8d7 h3h4 f6f5 h4h5 g6h5 h2h3 d7f6 h3h4,4
r2r2k1/bp2q1pp/p1n2n2/1P2p3/2Pp2bQ/P4NP1/1B1N1PBP/4RRK1 b - -,g4f3 d2f3 c6a5 b5a6 a5c4 a6b7 e7b7 f3e5 b7b2 e5c4,306
rnbqrbk1/p4ppp/1p3n2/2PpN3/8/2NBP3/PP1B1PPP/R2Q1RK1 b - -,e8e5 c5b6 a7b6 a1c1 b8a6 c3e2 a6c5 d3b5 c5e4 e2d4,-341
4q2k/1Q3pp1/p2P2bp/P7/1P3pP1/2P4P/5PK1/3R4 b - -,e8e6 d1d4 g6e4 b7e4 e6d7 e4f4 f7f6 f4f3 h8g8 b4b5,855
8/7p/5k2/p7/P1p3PP/2P1K3/8/8 b - -,f6e6 e3e4 e6f7 g4g5 f7g6 e4f4 g6h5 f4g3 h5g6 g3g4,1114
r1bq1rk1/pp1nppbp/3p2p1/2pP4/2P1PBn1/2NB1N1P/PP3PP1/R2QK2R b KQ -,g7h6 f4h6 g4h6 d1d2 g8g7 d3e2 f7f6 f3h2 f6f5 e4f5,153
8/5pnp/6p1/4k1P1/K2p4/P4PN1/1P5P/8 b - -,d4d3 a4b3 g7e6 g3e4 e5d4 h2h4 d4e3 b3c4 e6d4 a3a4,56
rn2k2r/3p2pp/1q2p3/2bbP3/2p5/2B2NP1/PP2QP1P/R3KB1R b KQkq -,b6c6 f1g2 e8h8 a1d1 d5f3 g2f3 c6f3 e2f3 f8f3 e1h1,-461
r4rk1/1p3ppp/p3n3/2QN4/5B2/8/5PPP/R4RK1 b - -,g8h8 c5e3 a8d8 d5e7 d8d7 e7f5 d7d5 e3e4 f8d8 f4e3,783
rq3nk1/1b5p/pp1b1p2/4pP1Q/4P3/6R1/PP1B2PP/2R4K b - -,g8h8 c5e3 a8d8 d5e7 d8d7 e7f5 d7d5 e3e4 f8d8 f4e3,Mate
r1b1r1k1/p1qn1ppp/1p1b1n2/2pp4/3P1B2/2PB1Q1P/PP1NNPP1/R4RK1 b - -,d7f8 f4g5 e8e6 e2f4 e6e8 d4c5 b6c5 f4d5 f6d5 f3d5,26
r4rk1/pp2bppb/1qn1p2p/1B1pP3/3P1PP1/2N1B3/PP1Q3P/2R2RK1 b - -,f7f6 e5f6 e7f6 c1d1 f6e7 f4f5 e6f5 b5d3 f5g4 c3d5,-37
r1bq1rk1/ppp3bn/3p3p/2nPp3/2P4N/2N3PP/PPQB2B1/2KR3R b - -,a7a6 d1f1 a6a5 c3e4 b7b6 e4c5 b6c5 g2e4 h7g5 f1f8,163
8/5pnp/6p1/4k1P1/8/PK1p1PN1/1P5P/8 b - -,e5d5 b3c3 g7e6 g3e4 e6d4 e4d2 d4e6 h2h4 e6f4 a3a4,358
r1b1kb1r/p1qn1ppp/4pn2/8/PppP4/2P2NN1/1PB2PPP/R1BQ1RK1 b kq -,c8b7 d1e2 a7a5 f1e1 b4b3 c2b1 h7h6 g3f5 f6d5 f3d2,-25
r4rk1/3b3p/6p1/ppqpQp2/Pn1p4/1B1P4/1PPB2PP/4RR1K b - -,a8c8 d2b4 a5b4 b3d5 f8f7 a4a5 c5f8 e5d4 d7c6 d5e6,470
1kN5/8/2K1B3/8/8/8/8/8 b - -,a8c8 d2b4 a5b4 b3d5 f8f7 a4a5 c5f8 e5d4 d7c6 d5e6,Mate
8/7p/4k3/p5P1/P1p4P/2P1K3/8/8 b - -,e6f5 e3f3 f5g6 f3g4 g6f7 g4f5 f7e7 f5e4 e7d6 e4d4,1157
4rr1k/pBp1Np1p/1n4p1/3N4/5Pb1/8/Pb2PP1P/1R1R2K1 b - -,b2a3 d5f6 e8e7 f6g4 e7e2 f4f5 a3d6 g4e3 h8g7 b1a1,-146
r3k2r/pp3p2/2b1pn1p/2pp1Rq1/3P4/2PB4/PP1NQ1PP/R5K1 b kq -,g5g6 a1f1 f6e4 f5f7 e8a8 f1f6 g6f6 f7f6 e4f6 e2e6,283
3r1nk1/2R5/3Ppppp/1N6/5P2/7P/6PK/8 b - -,,0
8/p7/r2kP3/2pB2p1/b1P5/8/R4K1P/8 b - -,a4b5 c4b5 a6b6 d5c4 b6b7 a2d2 d6e7 f2f3 b7b5 d2d7,646
r4Nk1/1p4bp/pq4p1/1b1P1p2/4p3/2P2B2/PP1Q1RPP/3R2K1 b - -,e4e3 d2c2 e3f2 c2f2 b6f2 g1f2 g8f8 d5d6 a8b8 g2g4,-408
4k3/5pp1/1q2p1p1/pr1pP3/Q7/1P5P/2P2PP1/R5K1 b - -,,0
r4rk1/1bq1Rpp1/p6p/1p4NQ/2n5/P7/BP3PPP/4R1K1 b - -,c7c5 e7f7 c5g5 h5g5 h6g5 f7b7 f8f7 a2c4 b5c4 b7b4,160
2r3k1/r4p1p/3pp1p1/4b3/4P3/1KPBP3/1P4PP/1R5R b - -,,0
5B2/7p/6p1/1p1k1p2/1P1bp3/1P3P2/2K3PP/8 b - -,e4f3 g2f3 g6g5 h2h3 h7h5 c2d1 g5g4 h3g4 f5g4 d1e2,-422
4k3/2P4R/ppr5/2p3p1/5PP1/1P5P/8/6K1 b - -,c5c4 b3c4 b6b5 f4g5 e8f8 c7c8q c6c8 h7h8 f8f7 h8c8,742
rnbqrbk1/p4ppp/1p3n2/2ppN3/3P1P2/2NBP3/PP1B2PP/R2Q1RK1 b - -,d8d6 d2e1 a7a6 g2g4 c5d4 e3d4 c8b7 g4g5 f6e4 a2a4,92
r1bq1rk1/pp1p1pbp/3Pp1p1/2p1nn2/2P1P3/2N3P1/PP2NPBP/R1BQK2R b KQ -,e5c4 e4f5 a8b8 e1h1 b7b5 b2b3 b5b4 c3e4 g7a1 f5g6,310
6k1/8/7p/6P1/1pNq1p2/1P3K2/8/8 b - -,h6g5 f3g4 d4d1 g4f5 f4f3 f5e4 f3f2 c4e3 d1b3 e4d4,-7513
1r3rk1/R4pp1/7p/3p4/3p4/1B5P/P1P1NKP1/8 b - -,d4d3 c2d3 f8d8 a7a5 g8f8 a5d5 d8d5 b3d5 b8b1 f2e3,370
rn1r4/p4pkp/2p2np1/1p2N3/4P1bP/P1N5/1PP2PP1/R3KB1R b KQ -,g7f8 e5g4 f6g4 h4h5 g6g5 f1e2 g4h6 f2f3 b8d7 e1f2,202
r3k2r/pp3p2/2b1pnqp/2pp1R2/3P4/2PB4/PP1NQ1PP/5RK1 b kq -,f6e4 f5f7 e8a8 f1f6 g6f6 f7f6 e4f6 e2e6 f6d7 d2f3,275
3k1q2/p5rR/1p1p1pPQ/n1pPpP2/b1P1P3/2PB4/6K1/8 b - -,g7g8 h6f8 g8f8 g6g7 f8g8 h7h8 d8e8 h8g8 e8f7 g8d8,445
1r1q3k/6p1/Pp5p/2p5/2Pp4/3P3P/5RP1/Q6K b - -,,0
1kbr3r/2p2p2/1pP3pp/1NPP4/Q4P2/4K3/P5PP/R4R2 b - -,b8a8 f2b2 a8a7 b2e2 d8c8 e2a2 h8h7 h1h2 c8a8 h2g1,Mate
r2q1rk1/1p2bppp/p1n1pn2/8/P1BP1B2/2N2Q2/1P3PPP/3R1RK1 b - -,c6b4 f3b7 d8c8 b7c8 f8c8 c4e2 b4d5 f4d2 d5b4 d1c1,79
rbbr2k1/1p2q1pp/p1n2n2/1P2p3/2Pp3Q/P4NP1/1B1N1PBP/4RRK1 b - -,c6a5 b2d4 a6b5 f3e5 e7f8 c4b5 c8f5 d4c3 f6d5 c3a5,339
rq4k1/1b5p/pp1b1pP1/4p2Q/4P3/6R1/PP1B2PP/2R4K b - -,c6a5 b2d4 a6b5 f3e5 e7f8 c4b5 c8f5 d4c3 f6d5 c3a5,Mate
rn1qrbk1/pb3ppp/1p3n2/2PpN3/5P2/2NBP3/PP1B2PP/R2Q1RK1 b - -,a7a5 c5b6 b8d7 d3b5 e8e6 e5f3 d7c5 a1c1 e6b6 a2a4,76
6k1/8/8/6p1/1pNq1pK1/1P6/8/8 b - -,a7a5 c5b6 b8d7 d3b5 e8e6 e5f3 d7c5 a1c1 e6b6 a2a4,Mate
3r1k2/r3Nppp/p1Q5/1q6/1P6/8/5PPP/2RR2K1 b - -,a7a8 c6b5 d8d1 c1d1 a6b5 e7d5 a8d8 d5e3 d8d1 e3d1,511
5R2/2p1B3/k7/P6p/K7/7P/2P2P2/8 b - -,a7a8 c6b5 d8d1 c1d1 a6b5 e7d5 a8d8 d5e3 d8d1 e3d1,Mate
8/5k1p/8/p4KP1/P1p4P/2P5/8/8 b - -,f7g7 h4h5 g7h8 f5e4 h8g7 e4d5 g7h8 d5c4 h8g7 g5g6,1367
r1bq1rk1/pp4b1/3pNn1p/2p1pP2/2Pn4/2NB4/PP4PP/R1BQ1RK1 b - -,d8d7 e6f8 g8f8 c3e4 d7e7 e4f6 e7f6 d3e4 a8b8 a2a4,333
r4Nk1/1p4bp/pq4p1/1b1P1p2/8/2P1pB2/PPQ2RPP/3R2K1 b - -,e3f2 c2f2 b6f2 g1f2 g8f8 d5d6 a8b8 g2g4 f5g4 f3g4,-423
4k3/2P4R/ppr5/2p5/5pP1/1P5P/5K2/8 b - -,e8f8 c7c8r c6c8 h7h8 f8e7 h8c8 e7d7 c8a8 d7e6 g4g5,801
rnbqk1nr/pppp1ppp/1b6/4p3/1P2P3/2P2N2/P2PBPPP/RNBQK2R b KQkq -,c7c6 f3e5 g8f6 d2d3 d7d5 e4d5 d8d5 e5f3 a7a5 b1a3,79
rn1q1rk1/pp1n2p1/4p2p/1Bbpp3/5BQ1/2N4P/PPP2PP1/R4RK1 b - -,e5f4 g4e6 g8h8 c3d5 f4f3 b2b4 f3g2 g1g2 b8c6 c2c4,-318
3b4/8/4ppp1/3k3p/7P/6P1/P2BKP2/8 b - -,,0
r3k2r/pp2bpp1/1qn1p2p/1B1pPb2/3P2P1/2N1B3/PP3P1P/2RQ1RK1 b kq -,f5g6 f2f4 f7f5 b5d3 e8h8 f1f2 e7b4 h2h4 a8c8 f2g2,78
r1bq2k1/ppp3bn/3p3p/2nPp3/2P4N/2N3PP/PPQB2B1/2K2R2 b - -,e5e4 c3e4 c5e4 g2e4 h7g5 e4f5 c8d7 d2c3 g7c3 c2c3,299
5k2/p5pp/r7/2pB2p1/b1P2P2/6P1/4P2P/R5K1 b - -,g5g4 a1a2 g7g6 g1f2 f8e7 e2e4 e7d8 f2e3 d8e7 e4e5,286
8/6kp/8/p4KPP/P1p5/2P5/8/8 b - -,g7f7 f5e4 f7f8 e4d5 f8g8 d5c4 g8f7 g5g6 h7g6 h5g6,1523
r4Nk1/1p4bp/pq4p1/1b1P1p2/8/2P2B2/PP3QPP/3R2K1 b - -,b6f2 g1f2 g8f8 d5d6 a8b8 g2g4 f5g4 f3g4 b8d8 g4f3,-436
rn1qkb1r/ppp1pppp/3p4/5Q2/2PP4/2n3P1/PP2PP1P/R1B1KBNR b KQkq -,c3a4 f5b5 d8d7 b5b7 a4b6 f1h3 e7e6 d4d5 f8e7 d5e6,238
4R3/R7/3k1r1p/3r1p2/P7/8/1n4PP/5K2 b - -,d6c5 e8e1 b2d3 e1a1 f6e6 a1d1 c5d4 a4a5 d4e4 a7a8,-188
r1bq1rk1/pp1p1pbp/3Pp1p1/2p1n3/2PnPP2/2N3P1/PP2N1BP/R1BQK2R b KQ -,e5g4 h2h3 g4h6 c1e3 d8b6 d1d2 d4e2 e1e2 f7f6 b2b3,152
3r2k1/1p3pp1/1q2p1np/7Q/p3P3/P5RP/1Pr2PP1/5RK1 b - -,b6b2 h5a5 d8c8 g3f3 c2c1 f1c1 c8c1 g1h2 b2a1 h2g3,-596
r1q2rk1/1p1nbpp1/p2p1n2/N2Pp2p/2P5/4BP2/PP1QB1PP/R3K2R b KQ -,g7g6 b2b4 e7d8 e1h1 f8e8 a1d1 d8a5 b4a5 c8c7 d1b1,57
8/5k1p/6P1/p4K1P/P1p5/2P5/8/8 b - -,f7f8 g6h7 f8g7 f5e4 g7h8 h5h6 h8h7 e4d5 h7h6 d5c4,1648
4rr1k/pBp2pbp/1nN3p1/8/5Pb1/2N5/PP2PP1P/R2R2K1 b - -,f8g8 f2f3 g4e6 b7a6 e6d7 c6e5 g7e5 f4e5 e8e5 a1c1,37
8/3B1p2/8/4kP1p/1p6/p7/K6P/8 b - -,,0
rn1qkb1r/ppp1pppp/3p4/5Q2/n1PP4/6P1/PP2PPBP/R1B1K1NR b KQkq -,c7c6 g1f3 e7e6 f5c2 a4b6 e1h1 a7a5 b2b3 f8e7 f1d1,117
r1bqkbnr/ppp2ppp/4p3/n7/2pPP3/2N2N2/PP1B1PPP/R2QKB1R b KQkq -,b7b6 f1c4 a5c4 d1a4 d8d7 a4c4 f8d6 a1c1 c7c6 e4e5,56
r3k2r/pp3R2/2b1p1qp/2pp4/3Pn3/2PB4/PP1NQ1PP/5RK1 b kq -,e8a8 f1f6 g6g5 d2e4 d5e4 d3e4 c6e4 e2e4 g5d5 e4f4,300
r4Nk1/1p4bp/p5p1/1b1P1p2/8/2P2B2/PP3KPP/3R4 b - -,g8f8 d5d6 a8b8 g2g3 b5d7 d1e1 b8e8 e1e8 f8e8 f3b7,-409
r5k1/6pp/6n1/5N2/2P5/p7/1r4PP/R1R3K1 b - -,a3a2 c1f1 a8d8 f1f2 d8d2 f2d2 b2d2 h2h4 g6f4 f5e3,-313
rnb1kbnr/pppp1ppp/3q4/3Np1N1/4P3/8/PPPP1PPP/R1BQKB1R b KQkq -,g8f6 f1c4 b8c6 d2d4 f6d5 c4d5 c6d8 d4e5 d6e5 e1h1,149
rnbqk2r/pppp1ppp/1b3n2/4N3/1P2P3/2P5/P2PBPPP/RNBQK2R b KQkq -,c7c6 d2d3 d7d5 e4d5 f6d5 e1h1 e8h8 d3d4 c8f5 c1d2,75
3r4/r3kppp/p1Q5/1q6/1P6/8/5PPP/2R1R1K1 b - -,c7c6 d2d3 d7d5 e4d5 f6d5 e1h1 e8h8 d3d4 c8f5 c1d2,Mate
r2qk2r/3pbppp/p1b3n1/1p4N1/8/1B2B3/PP2QPPP/R4RK1 b kq -,e8h8 g5h7 g8h7 e2h5 h7g8 h5g6 e7f6 a1d1 d7d5 g6c2,28
5k2/7P/8/p4K1P/P1p5/2P5/8/8 b - -,f8g7 h7h8q g7h8 f5e4 h8h7 e4d5 h7h6 d5c4 h6g5 c4b5,1794
r2qkb1r/ppp1n1pp/2n2p2/1B1Pp3/Q5b1/2PP1N2/PP3PPP/RNB1K2R b KQkq -,g4d7 d5c6 e7c6 a4e4 a7a6 b5a4 d8e7 d3d4 e8a8 d4d5,394
r3k2r/p3bppb/1qp1p2p/3pP3/N2P2P1/4B3/PP3P1P/2RQ1RK1 b kq -,,0
r1r3k1/pp1qb1p1/4p3/3pR1P1/3P4/P2Q4/1P1B1P2/R5K1 b - -,c8c6 g5g6 e7h4 d3h3 d7e8 h3h4 e8g6 e5g5 g6h7 h4h7,426
1r4k1/r4p1p/3pp1p1/4b3/4P3/2PBP3/1PK3PP/1R5R b - -,,0
rnbqkbnr/pp2pppp/3p4/4P3/3P4/8/PP1B1PPP/RN1QKBNR b KQkq -,d6e5 d4e5 c8d7 g1f3 e7e6 f1d3 g8e7 b1c3 d7c6 d1e2,55
5b1r/3P4/4R3/R7/3pk3/3pp3/8/4K3 b - -,,0
r4rk1/1p2bppp/p1q2n2/2pNpP2/4P3/4BQ2/PPP3PP/3R1RK1 b - -,c6e8 d5c7 e8a4 c7a8 f8a8 b2b3 a4a2 e3g5 c5c4 g5f6,163
4k3/6p1/1q2ppp1/pr1pP3/Q1P5/1P5P/5PP1/R5K1 b - -,e8d8 a4b5 b6b5 c4b5 d8c7 e5f6 g7f6 a1a5 c7b6 a5a6,663
6B1/8/8/4p3/3kP1K1/p1b5/8/8 b - -,c3d2 g4f3 d2f4 g8e6 d4c3 f3e2 c3b2 e2d3 f4c1 e6f5,-20000
3r4/5pR1/8/1p3b2/8/7P/k4PP1/6K1 b - -,f5e6 g7g5 d8d5 g5g8 b5b4 g8a8 a2b2 f2f3 b4b3 a8a6,-660
r4rk1/2q2ppp/p1p1p3/3nP3/PnB1Q3/8/1P2NPPP/R2R2K1 b - -,f8d8 e2d4 h7h6 a1c1 a8b8 d4b3 a6a5 g2g3 d5b6 d1d8,10
2Q1k3/7R/ppr5/2p3p1/6P1/1P5P/5P2/6K1 b - -,c6c8 h7a7 b6b5 a7a6 c5c4 b3c4 b5c4 g1f1 c4c3 a6a1,3
r1bq1r1k/1p4pp/p1pp1pn1/8/3QP3/2N2N2/PPP2PPP/2KR3R b - -,c8g4 d4d6 d8d6 d1d6 g4f3 g2f3 f6f5 h1d1 a8e8 a2a4,65
8/6kP/8/p3K2P/P1p5/2P5/8/8 b - -,c8g4 d4d6 d8d6 d1d6 g4f3 g2f3 f6f5 h1d1 a8e8 a2a4,Mate
r4rk1/1ppb1pb1/3p1np1/3Pp1Bp/p1P1P1PP/1nN1NP2/PP2B3/1K1R3R b - -,b3a5 c4c5 d6c5 d5d6 c7d6 d1d6 d7e6 e3d5 f6d5 e4d5,182
2kr3r/pp3R2/2b1pRqp/2pp4/3Pn3/2PB4/PP1NQ1PP/6K1 b - -,g6f6 f7f6 e4f6 e2e6 f6d7 d2f3 c8b8 d3g6 b8a8 e6e7,285
r2qk2r/ppp2pp1/2np1n1p/4p2b/2B1P3/2NPPN1P/PPP3P1/R2Q1RK1 b kq -,e8h8 a2a4 h5g6 d1e1 c6b4 c4b3 g8h7 f3h4 b4a6 c3d5,65
r3k2r/p3bppb/q1p1p2p/3pP3/N2P2P1/4BP2/PP5P/2RQ1RK1 b kq -,,0
8/3B1p2/8/4kP2/1p5p/p6P/K7/8 b - -,,0
r2qkb1r/ppp1n1pp/2P2p2/1B2p3/Q7/2PP1b2/PP3PPP/RNB1K2R b KQkq -,f3g2 c6b7 c7c6 b7a8r d8a8 h1g1 c6b5 a4b5 e8f7 b1d2,242
3r1rk1/5p1p/1P6/R1pPP1p1/2P2nb1/8/7R/5BK1 b - -,d8a8 a5c5 a8a1 c5c7 f4h3 g1g2 a1a3 b6b7 a3b3 h2h1,-261
6k1/5pbp/2b1p1p1/8/P7/3B4/3B1PPP/R5K1 b - -,f7f5 a1c1 c6d5 a4a5 g7b2 c1c8 g8f7 c8c7 f7g8 a5a6,621
r1bqkbnr/pp3ppp/4p3/n1p5/2pPP3/2N1BN2/PP3PPP/R2QKB1R b KQkq -,c5d4 f3d4 a7a6 f1e2 b7b5 e1h1 c8b7 e2f3 g8f6 e4e5,-10
5k2/7R/4p1p1/3rP3/8/6P1/5K1P/8 b - -,,0
3r1k2/r4ppp/p2Q4/1q6/1P6/8/5PPP/2R1R1K1 b - -,d5a5 f2f3 a5e5 h7d7 e5f5 f3g4 f5a5 h2h4 a5a3 d7h7,Mate
8/7k/8/p2K3P/P1p5/2P5/8/8 b - -,d5a5 f2f3 a5e5 h7d7 e5f5 f3g4 f5a5 h2h4 a5a3 d7h7,Mate
r4rk1/ppq2pbp/1npp1np1/4p3/1PP1P1b1/2NP1NP1/PBQ2PBP/R3R1K1 b - -,f8e8 f3d2 a7a5 b4b5 f6d7 h2h3 g4e6 a2a4 d7c5 a1b1,58
6k1/8/8/6K1/1pN2p2/1P6/8/3q4 b - -,f8e8 f3d2 a7a5 b4b5 f6d7 h2h3 g4e6 a2a4 d7c5 a1b1,Mate
rn1qkbnr/ppp2ppp/8/3P1b2/2BP4/8/PP3PPP/RNBQK1NR b KQkq -,f8d6 b1c3 b8d7 g1f3 g8f6 e1h1 e8h8 f1e1 f8e8 e1e8,96
8/8/4Bp2/4kP2/1p5p/p6P/K7/8 b - -,e5f4 a2b3 f4g3 b3b4 g3h3 b4a3 h3g4 a3b2 h4h3 b2c3,10
4rr2/1bq1b1pk/2p1Q2p/p1p1Np2/P2p1P2/1P1P4/1BP3PP/4RRK1 b - -,f8f6 e6d7 c7c8 b2a3 f6e6 d7c8 b7c8 e5c4 e7h4 e1e6,341
r4rk1/1p2bppp/p1q5/2pRpP2/4P3/4BQ2/PPP3PP/5RK1 b - -,f8e8 c2c4 b7b5 f1c1 b5c4 c1c4 a8d8 b2b3 d8d5 e4d5,52
r4rk1/p5pp/b1nqpn2/2pp1p2/8/1NP1PN2/PP3PPP/1BRQR1K1 b - -,f8d8 b3d2 a8b8 d1a4 a6c8 b2b4 c5c4 f3d4 c6e7 f2f4,-47
5k2/p5pp/r7/1bpB4/2P2P2/8/4P2P/1R4K1 b - -,a6g6 g1f2 b5d7 b1b7 f8e8 b7a7 g6h6 f2g2 h6h4 e2e3,174
Qk1r4/2R5/PB6/1qn5/8/8/8/K7 b - -,a6g6 g1f2 b5d7 b1b7 f8e8 b7a7 g6h6 f2g2 h6h4 e2e3,Mate
1r4k1/4np1p/p2r2p1/3p4/R7/2N3P1/1P1R1P1P/5K2 b - -,b8b7 h2h3 g8g7 h3h4 d6b6 d2e2 d5d4 a4d4 b6b2 e2b2,-25
5k2/7R/4p1p1/4r3/8/5KP1/7P/8 b - -,,0
5b1r/3P4/6R1/R7/3p2k1/3pp3/8/4K3 b - -,,0
r1b2rk1/pp1pnpbp/2n1p1p1/q1P5/Q1P5/2N1P1P1/PP2NPBP/R1B1K2R b KQ -,a5b4 a4b4 c6b4 e1h1 a8b8 f1d1 b7b6 c5b6 b8b6 e3e4,196
8/8/4N3/3r4/8/5k2/8/4K3 b - -,a5b4 a4b4 c6b4 e1h1 a8b8 f1d1 b7b6 c5b6 b8b6 e3e4,Mate
6k1/8/8/6K1/1p6/1P1N4/5p2/3q4 b - -,a5b4 a4b4 c6b4 e1h1 a8b8 f1d1 b7b6 c5b6 b8b6 e3e4,Mate
r1r3k1/6pp/6n1/5N2/2P5/p7/6PP/R1R3K1 b - -,c8b8 c4c5 a3a2 c5c6 g6f4 a1a2 a8a2 c6c7 a2g2 g1f1,-14
2r2rk1/pb2qNpp/1p6/8/3bP3/P7/4QPPP/1B1R1RK1 b - -,d4c5 b1a2 f8f7 e2g4 e7e4 a2f7 g8f7 d1d7 f7e8 g4e4,-209
6k1/p4p2/5nbp/2p5/2Pr1P2/1P3B2/P4PKP/3NR3 b - -,d4f4 e1e7 a7a6 e7a7 f6e4 a7a6 e4g5 f3d5 f4g4 g2f1,291
r3r1k1/pbqn1ppp/1p1b1n2/2pp4/3P1B2/2PB1Q1P/PP1NNPP1/2R2RK1 b - -,a8d8 f4d6 c7d6 f1e1 d7f8 d2f1 g7g6 f3f4 f6h5 f4d6,4
r2q1rk1/4bppp/p1p1p3/3nB3/PnBP4/5Q2/1P2NPPP/R4RK1 b - -,a8c8 e2c3 c6c5 d4c5 c8c5 c4d5 e6d5 f3g4 f7f6 e5d4,28
8/4pp2/4n3/4PKPQ/8/8/3n2k1/8 b - -,e6g7 f5g4 g7h5 g4h5 e7e6 h5h6 g2f3 h6g7 d2e4 g7f8,-9605
8/8/8/4p3/3kP1K1/p7/B2b4/8 b - -,d4d3 g4f3 d3c3 f3e2 d2f4 a2f7 c3c2 f7c4 f4c1 c4e6,-20000
2k1r3/ppp4p/5B2/6p1/2b2p2/2P4P/P1Pr2P1/R4BKR b - -,b7b5 f1c4 b5c4 h1h2 h7h6 g2g4 d2h2 g1h2 e8e2 h2g1,224
8/8/3B4/1p6/1P1bk1p1/1P6/4K3/8 b - -,d4e5 d6e7 g4g3 e7h4 e5d6 h4d8 d6f4 d8e7 f4b8 e2e1,-3579
8/5kR1/5P2/8/r5N1/8/5K2/8 b - -,f7e6 g7e7 e6d5 e7e5 d5c6 f2g3 a4a7 g3f4 a7c7 f4g5,1088
r5k1/6pp/6n1/2r5/2P5/p5N1/6PP/R1R3K1 b - -,g6e5 c1c3 c5a5 g3e2 h7h5 h2h3 g7g6 c4c5 e5c6 g1h2,-7
r1bk4/ppppN2p/2n2Q2/4n3/4P3/5N2/q1P1BPPP/3R1RK1 b - -,h7h5 c1c3 c5a5 g3e2 g6e5 h2h3 h5h4 g1h2 g7g5 c4c5,Mate
7k/8/7P/p2K4/P1p5/2P5/8/8 b - -,h7h5 c1c3 c5a5 g3e2 g6e5 h2h3 h5h4 g1h2 g7g5 c4c5,Mate
r3kb1r/pp3pp1/1qn1p2p/1B1pPb2/3P4/1QN1B3/PP3PPP/R4RK1 b kq -,f8e7 c3a4 b6c7 f1c1 e8h8 c1c3 a8b8 a1c1 a7a6 b5c6,54
6Qk/p6p/2p5/4q3/2P5/1P6/P6P/7K b - -,f8e7 c3a4 b6c7 f1c1 e8h8 c1c3 a8b8 a1c1 a7a6 b5c6,Mate
2r3k1/r4p1p/3pp1p1/4b3/4P3/2PBP2P/1PK3P1/1R5R b - -,a7a2 c2b3 c8a8 g2g4 g8g7 h1f1 a2a4 d3c4 a4a7 b3c2,20
r5k1/6pp/8/2r1n3/2P5/p1R3N1/6PP/R5K1 b - -,c5a5 g3e2 h7h5 h2h3 h5h4 g1h2 e5c6 c3b3 g8f7 e2c3,-7
r1qb1rk1/1p1n1pp1/p2p1n2/N2Pp2p/1PP5/4BP2/P2QB1PP/R3K2R b KQ -,h5h4 g2g4 e5e4 f3f4 d8a5 b4a5 d7c5 g4g5 f6g4 e3c5,59
r1bq1rk1/pp1nppbp/3p2p1/2pPB3/2P1P3/2NB1N1P/PP3PP1/R2QK2R b KQ -,d7f6 e5h2 b7b5 c4b5 a7a6 e1h1 a6b5 d3b5 d8b6 a2a4,502
rnbqr1k1/p4ppp/1p3n2/2pp4/1b1P4/P1NBPN2/1P1B1PPP/R2Q1RK1 b - -,c8a6 d3a6 b4c3 a6b7 c3d2 b7a8 d2a5 b2b4 c5b4 a3b4,325
8/8/8/1pB1b3/1P2k1p1/1P6/4K3/8 b - -,g4g3 e2e1 e4f3 e1d2 g3g2 d2d3 e5h2 d3d2 h2g3 d2d3,-3589
4r1k1/3Q1ppp/3p4/3P4/5q2/8/1KB2PPP/7R b - -,,0
2k1r3/ppp4p/5B2/6p1/5p2/2P4P/P1Pr2P1/5RKR b - -,h7h6 f6g7 h6h5 g1h2 d2c2 h3h4 e8g8 g7e5 g5h4 h1g1,91
r1b3k1/pp1nqpbp/3p1np1/2pP4/2P1P3/2NB1N1P/PP1Q2P1/R3K2R b KQ -,a7a6 e1h1 f6h5 f1f2 d7e5 c3e2 c8d7 a1f1 a8f8 b2b3,81
5k2/7R/4p1p1/5r2/6K1/6P1/7P/8 b - -,,0
rnbq1rk1/ppp2ppp/3p1n2/2b1p1B1/4P3/2NP2Q1/PPP2PPP/R3KBNR b KQ -,c7c6 f1e2 a7a5 a2a3 b8d7 g5h6 f6e8 g1f3 a5a4 e1h1,-16
8/7k/7P/p7/P1K5/2P5/8/8 b - -,c7c6 f1e2 a7a5 a2a3 b8d7 g5h6 f6e8 g1f3 a5a4 e1h1,Mate
3b4/8/4pp2/3k2pp/6PP/8/P2BKP2/8 b - -,h5g4 h4h5 d8e7 h5h6 e7f8 h6h7 f8g7 e2d3 d5c5 d3c3,257
rnbqk2r/ppp2ppp/1b1p1n2/8/1PN1P3/2P5/P2PBPPP/RNBQK2R b KQkq -,c8e6 c4b6 a7b6 d2d3 e8h8 e1h1 a8a2 a1a2 e6a2 b1a3,186
r2q1r1k/1p4pp/p1pQ1pn1/8/4P1b1/2N2N2/PPP2PPP/2KR3R b - -,d8d6 d1d6 g4f3 g2f3 f6f5 h1d1 a8e8 a2a4 f5e4 c3e4,87
3kr3/p1nbq1pR/1p1p1pP1/n1pPpP1N/P1P1P3/2P1B3/2B1Q1K1/8 b - -,e8g8 h5g7 a5c4 e3h6 d8c8 g2f2 c4a3 g7e6 e7e8 c2d1,424
8/1b2qk2/5np1/p1n2r2/P2B1P2/2P5/5RPP/3Q1RK1 b - -,c5e6 h2h3 f6e4 f2b2 b7c6 d1b3 e7d6 b3c4 d6d5 c4d5,44
r1b2rk1/pp1pnpbp/2n1p1p1/2q5/Q1P5/1PN1P1P1/P3NPBP/R1B1K2R b KQ -,d7d5 c1a3 c5b6 e1h1 f8d8 a1d1 c8d7 c4d5 e6d5 c3d5,96
1r4k1/3Q1ppp/3p4/3P4/5q2/1B6/1K3PPP/7R b - -,d7d5 c1a3 c5b6 e1h1 f8d8 a1d1 c8d7 c4d5 e6d5 c3d5,Mate
r3kb1r/pp3ppb/1qn1p2p/1B1pPN2/3P4/2N1B3/PP3PPP/R2Q1RK1 b kq -,a8c8 f5g3 a7a6 b5c6 c8c6 d1e2 f8e7 f2f4 e7b4 a1c1,387
8/8/8/4p3/4P1K1/p2k4/3b4/1B6 b - -,d3c3 g4f5 d2f4 b1a2 c3b2 a2d5 a3a2 d5a2 b2a2 f5g6,-20000
8/8/6kP/pK6/P7/2P5/8/8 b - -,d3d4 g4f3 d4c3 f3e2 d2f4 b1a2 c3b2 a2d5 f4h6 e2f2,Mate
8/8/1B6/1p2b3/1P2k3/1P4p1/4K3/8 b - -,d3d4 g4f3 d4c3 f3e2 d2f4 b1a2 c3b2 a2d5 f4h6 e2f2,Mate
rnb1kb1r/ppppqppp/8/4P2Q/2B5/2N5/PB3PPP/R3K1NR b KQkq -,c7c6 e1a1 g7g6 h5h3 e7b4 d1d4 e8d8 h3d3 b7b5 c4b3,408
r1b3k1/pp2qpbp/3p1np1/2pPn3/2P1P3/2NB1N1P/PP1Q2P1/R4RK1 b - -,f6h5 c3e2 c8d7 f1f2 e5f3 f2f3 a8f8 a1f1 g7e5 b2b3,79
r3kb1r/pp3pp1/1qn1p2p/1B1pPb2/3P4/2N1B3/PP3PPP/2RQ1RK1 b kq -,f8b4 b5e2 b4c3 b2c3 e8h8 g2g4 f5e4 h2h4 f7f6 e5f6,20
r1bq1rk1/pp2ppbp/3p2p1/2pPN3/2P1P3/2NB3P/PP3PP1/R2QK2R b KQ -,d8a5 e5f3 g7c3 b2c3 a5c3 e1e2 c3g7 d1d2 c8d7 a1b1,361
8/3B1p2/5k2/5P2/1p5p/pK5P/8/8 b - -,,0
rnbqr1k1/p4ppp/1p3n2/2pp4/3P4/P1BBPN2/1P3PPP/R2Q1RK1 b - -,c8g4 d4c5 b6c5 a1c1 f6e4 h2h3 g4h5 d3e4 e8e4 c3a5,81
r4r1k/1p4pp/p1pR1pn1/8/4P1b1/2N2N2/PPP2PPP/2K4R b - -,g4f3 g2f3 f6f5 h1d1 a8e8 a2a4 f5e4 c3e4 g6e5 e4c5,88
4k3/2P4R/ppr5/2p3P1/5p2/1P5P/8/6K1 b - -,f4f3 g1f2 b6b5 g5g6 e8f8 h7h8 f8g7 c7c8q c6c8 h8c8,862
5r1k/p4q1p/1p2p3/3bP2n/2P4Q/3BR3/P2B2PP/6K1 b - -,d5a8 d2b4 f8e8 b4d6 e8g8 g2g3 g8g7 h4d8 g7g8 d8e7,240
1r4k1/3Q1ppp/3p4/3P4/8/KB6/3q1PPP/7R b - -,d5a8 d2b4 f8e8 b4d6 e8g8 g2g3 g8g7 h4d8 g7g8 d8e7,Mate
r4rk1/1b2Rpp1/p1q4p/1p4NQ/2n5/P4P2/BP4PP/4R1K1 b - -,h6g5 h2h4 g5g4 a2b1 g7g6 h5g4 f8e8 g4g5 e8e7 g5e7,-242
8/2B5/8/1p6/1P1bk3/1P4p1/4K3/8 b - -,c6d5 a2b1 d5c5 g1h1 c5g5 h5g5 h6g5 e7b7 f8e8 b1e4,Mate
rq4k1/1b1n4/pp1b1pQp/3NpP2/4P3/7R/PP4PP/2R4K b - -,c6d5 a2b1 d5c5 g1h1 c5g5 h5g5 h6g5 e7b7 f8e8 b1e4,Mate
8/8/7k/K7/P7/2P5/8/8 b - -,c6d5 a2b1 d5c5 g1h1 c5g5 h5g5 h6g5 e7b7 f8e8 b1e4,Mate
r1bqkb1r/pp1pnp1p/2n1p1p1/1Bp5/4PP2/1PN2N2/P1PP2PP/R1BQK2R b KQkq -,d7d6 c1b2 f8g7 e4e5 d6d5 b2a3 b7b6 d2d4 f7f6 e1h1,27
rnbqk2r/pp3pbp/1n1Pp1p1/2p1P3/2P2B2/2N5/PP4PP/R2QKBNR b KQkq -,a7a6 g1f3 b6d7 d1e2 b8c6 e2e3 e8h8 h2h4 c6d4 e1a1,127
r2qkb1r/1b1p1ppp/p5n1/1p1PN3/8/1B2B3/PP2QPPP/R4RK1 b kq -,g6e5 e3d4 f8d6 f2f4 d8h4 e2e3 e8h8 f4e5 f8e8 f1f4,199
4r3/p1p2pkR/1p4p1/6q1/4PQ2/8/PPP1B3/2K5 b - -,g7g8 f4g5 g8h7 g5f6 h7h6 f6f7 e8e4 e2d3 e4g4 f7c7,950
8/8/8/4pK2/4P3/p1k5/3b4/1B6 b - -,g7g8 f4g5 g8h7 g5f6 h7h6 f6f7 e8e4 e2d3 e4g4 f7c7,Mate
r4rk1/1Q1N1pp1/p1p4p/2b5/8/2P2P2/P4P1P/7K b - -,c5f2 d7f8 a8f8 b7a6 f8d8 a6c6 g7g5 a2a4 d8d2 a4a5,415
4r3/1bqQb1pk/2p2r1p/p1p1Np2/P2p1P2/1P1P4/1BP3PP/4RRK1 b - -,e8c8 b2c1 c5c4 d7c7 c8c7 e5c4 b7a6 c1a3 e7a3 c4a3,422
rn1q1rk1/p4pbp/2pp2pB/1p2p2n/3PP3/P1N2P2/1PPQ1P2/2KR1B1R b - -,b8d7 h6g7 g8g7 d4e5 d7e5 f3f4 e5c4 f1c4 b5c4 f4f5,170
r1bq1rk1/pp1nppbp/3p2p1/2pPN3/2P1PB2/2NB3P/PP3PP1/R2QK2R b KQ -,d8b6 e5d7 b6b2 c3a4 b2a3 f4c1 a3b4 c1d2 b4a3 d7c5,424
8/3b4/8/8/8/7k/8/4N2K b - -,,0
2B5/5p2/8/4kP2/1p5p/pK5P/8/8 b - -,,0
r5k1/3Q1ppp/3p4/3P4/B7/K7/3q1PPP/7R b - -,d2c3 a3a2 c3b4 d7e8 a8e8 a4e8 b4e4 e8d7 e4d5 a2a3,-575
8/8/8/K5k1/P1P5/8/8/8 b - -,d2d3 a3b4 d3d4 b4b3 a8b8 a4b5 d4c5 d7e8 b8e8 b5e8,Mate
r1b2rk1/ppp2p1p/3p2p1/3P3n/4PP2/2NB2bP/PP4P1/R1B2RK1 b - -,,0
r3r1k1/pbqn1ppp/1p1b4/2pp4/3PnB2/2PB1Q1P/PP1NNPP1/2RR2K1 b - -,e4d2 d1d2 d7f6 f4d6 c7d6 f3f4 d6c6 e2g3 c5c4 d3c2,14
r1b1kb1r/ppppqppp/2n5/3NP2Q/2B5/8/PB3PPP/R3K1NR b KQkq -,e7c5 a1c1 c6b4 d5c7 c5c7 c4f7 e8d8 c1c7 d8c7 e1d2,553
8/5pR1/8/1p3b2/8/7P/k4PPK/3r4 b - -,f5e6 g7g8 b5b4 g8b8 b4b3 h2g3 d1d4 g3f3 a2b2 f3e3,-697
r2q1rk1/ppp2pp1/2np1n1p/4p2b/2B1P3/2NPPN1P/PPP3P1/R3QRK1 b - -,h5g6 a2a4 c6b4 c4b3 g8h7 f3h4 f6d7 d3d4 b4c6 a1d1,76
rq3k2/1b1n4/pp1b1p1Q/3NpP2/4P3/7R/PP4PP/2R4K b - -,h5g6 a2a4 c6b4 c4b3 g8h7 f3h4 f6d7 d3d4 b4c6 a1d1,Mate
8/5pnp/6p1/2kpP1P1/p4P2/P1K3N1/1P5P/8 b - -,g7e6 b2b4 a4b3 g3e2 d5d4 c3b3 d4d3 e2g3 c5d4 g3f1,-22
2r4b/p1rn1k2/2qp2R1/6P1/Pp1pPQ2/5P2/P1P1N3/1KR5 b - -,d7f6 g6f6 f7g8 e2d4 c6e8 d4b5 e8e5 f4e5 d6e5 f6a6,431
1r1r2k1/pbqnbp1p/6p1/2Np4/8/1P2PN2/P3QPPP/1BRR2K1 b - -,b8c8 c5b7 c7b7 f3d4 a7a5 c1c8 d8c8 g2g3 d7f6 e2b5,234
3b4/8/4pp2/3k3P/7p/8/P2BKP2/8 b - -,f6f5 h5h6 d8f6 e2f3 e6e5 a2a4 d5c4 f3g2 f5f4 a4a5,517
r5k1/3Q1ppp/3p4/3P4/B7/2q5/K4PPP/7R b - -,c3b4 d7e8 a8e8 a4e8 b4e4 e8d7 e4d5 a2a3 d5g2 h1c1,-581
8/8/8/K1P5/P4k2/8/8/8 b - -,c3c4 a2a3 c4c3 a3a2 c3b4 d7e8 a8e8 a4e8 b4e4 e8d7,Mate
r2qkb1r/1b1p1ppp/p7/1p1Pn3/3B4/1B6/PP2QPPP/R4RK1 b kq -,f8d6 f2f4 d8h4 e2e3 a8c8 a1e1 e8h8 f4e5 d6b4 e1d1,163
3r2k1/1R3p2/7p/3p2p1/P2N4/1B5P/2P2rPK/8 b - -,g8h7 a4a5 f2d2 d4f3 d2d1 b7f7 h7h8 f3e5 d1a1 f7b7,417
r1r3k1/5p1p/3pp1p1/4b3/4P3/2PBP2P/1PK3P1/1R1R4 b - -,a8a2 c2b3 c8a8 g2g4 g8g7 d1f1 e5g3 b3c2 a2a7 c2d2,23
r3kb1r/pp2nppb/1qn1p2p/1B1pP3/3P3N/2N1B3/PP3PPP/R2Q1RK1 b kq -,a7a6 b5d3 h7d3 d1d3 a8c8 f1c1 b6d8 f2f4 c6b4 d3e2,38
4r3/1b1Nb1pk/2p2r1p/p1p2p2/P2p1P2/1P1P4/1BP3PP/4RRK1 b - -,h7g6 d7f6 g6f6 e1e2 e8d8 f1e1 e7d6 b2c1 f6f7 c1d2,625
r2qk2r/ppp1bppp/3p1n2/4p1Bb/4P3/1P1P1N1P/1PPN1PP1/R2Q1RK1 b kq -,f6d5 g5e7 d5e7 f1e1 e8h8 b3b4 a7a6 c2c3 f7f6 b4b5,-15
r3r1k1/ppq2pbp/1npp1np1/4p3/1PP1P1b1/P1NP1NP1/1BQ2PBP/R3R1K1 b - -,a7a6 a3a4 a6a5 b4b5 b6d7 f3d2 d7c5 h2h3 g4e6 d2f3,64
rn2k2r/3p2pp/1q2p3/2b1P3/2p1b3/2B2N2/PP1Q1PPP/R3KB1R b KQkq -,a8a4 f3g5 e4g6 h2h4 e8h8 g5f3 b8c6 h4h5 g6e4 a1c1,-185
5k2/6pp/3rP3/R2P4/4K3/8/5P1P/8 b - -,d6d8 e4e5 d8b8 d5d6 h7h5 a5a7 h5h4 e5f5 h4h3 a7f7,1355
1r3k2/5ppp/2q2bb1/3p4/4p3/p1p3R1/B5QP/2B1R2K b - -,f8g8 c1a3 b8a8 a3c1 f6h4 g3g6 h7g6 e1f1 h4f6 f1e1,-355
8/kP6/2K3p1/8/8/6pN/6p1/8 b - -,f8g8 c1a3 b8a8 a3c1 f6h4 g3g6 h7g6 e1f1 c6b5 f1g1,Mate
7r/8/pp3k1P/3K3R/5P2/P1P5/1P6/8 b - -,f6g6 h5h2 g6h7 f4f5 h8d8 d5e6 d8e8 e6d6 e8e4 h2f2,698
5r1k/p4q1p/1p2p3/4P2n/2P4Q/3BR3/P2B2KP/8 b - -,h5f4 g2h1 f4d3 h4f6 f7f6 e5f6 d3c5 d2c3 h7h5 h1g2,23
6k1/1q2n1pp/5p2/2Rp4/3P4/4QN2/nP3PPP/r1B3K1 b - -,,0
r3kb1r/pp2npp1/1qn1p2p/1B1pPb2/3P3N/2N5/PP3PPP/R1BQ1RK1 b kq -,f5h7 c1e3 g7g5 h4f3 a8c8 b5d3 e7f5 c3a4 b6a5 f3e1,17
1r1r2k1/pbq1bp1p/6p1/2np4/1P6/4PN2/P3QPPP/1BRR2K1 b - -,b7a6 e2e1 a6c4 b4c5 e7c5 b1d3 c4a2 e1c3 a2c4 d3c4,-35
rn2kb1r/pQpqpppp/3p4/8/n1PP4/6P1/PP2PP1P/R1B1KBNR b KQkq -,a4b6 f1g2 e7e6 c1f4 c7c6 b7d7 b6d7 g1f3 f8e7 e1h1,228
r1b2rk1/pp2npbp/2n1p1p1/2qp4/Q1P5/BPN1P1P1/P3NPBP/R3K2R b KQ -,c6b4 a3b4 c5c7 a4a3 f8e8 c3b5 c7d8 a1d1 c8d7 b5d6,490
2k5/ppp4p/4r3/6B1/5p2/2P4P/P1Pr2P1/R4K1R b - -,b7b5 h1h2 d2c2 f1g1 e6e4 g2g4 c2c3 a1f1 f4f3 h2f2,200
2r5/7P/pp3k2/3K3R/5P2/P1P5/1P6/8 b - -,c8c5 d5d6 c5h5 d6c7 b6b5 c7b6 h5h7 b6a6 h7h5 a6b6,-478
8/8/5B2/7p/4Kbk1/8/8/8 b - -,,0
r2qk2r/pp2bppp/2pp4/1n2p1Pn/2P1P3/3Q3P/PP1P1P2/RNB2RK1 b kq -,h5f4 d3g3 f4e2 g1h2 e2g3 f2g3 b5d4 b1c3 e7g5 f1f2,-767
rq2k3/1b1n4/pp1b1pQ1/3NpP2/4P3/7R/PP4PP/2R4K b - -,h5f4 d3g3 f4e2 g1h2 e2g3 f2g3 b5d4 b1c3 e7g5 f1f2,Mate
8/8/8/4pK2/4P3/p2B4/1k1b4/8 b - -,h5f4 d3g3 f4e2 g1h2 e2g3 f2g3 b5d4 b1c3 e7g5 f1f2,Mate
3b4/8/4pp2/3k2pP/6p1/8/P2BKP2/8 b - -,f6f5 h5h6 d8f6 h6h7 f6g7 d2g5 d5c5 g5e7 c5b5 e2e3,360
r2qkb1r/1b3ppp/p2p4/1p1Pn3/3B1P2/1B6/PP2Q1PP/R4RK1 b kq -,f7f6 a1e1 d8d7 f4e5 d6e5 d4e5 f6e5 e2h5 e8d8 f1f7,237
r1b1kb1r/pp1n1ppp/4p3/q1pp2B1/2PPn3/PQN1PN2/1P3PPP/R3KB1R b KQkq -,e4g5 f3g5 d5c4 b3b5 a5d8 g5f3 a7a6 b5c4 b7b5 c4d3,-61
rnbq1rk1/ppp2pp1/3p1n1B/2b1p3/4P3/2NP2Q1/PPP2PPP/R3KBNR b KQ -,c5f2 g3f2 f6g4 f2d2 d8h4 g2g3 h4h6 c3d5 b8a6 d5e7,7
1r4k1/5ppp/2q2bb1/3p4/4p3/p1p3R1/B5QP/2B2R1K b - -,d5d4 h2h4 g8h8 g3h3 b8b5 c1a3 b5h5 a2b3 c6a6 b3d1,-327
r1b3k1/1p5p/p2p3b/2pP1pp1/P1P1BN1q/4QR1P/1P4P1/5RK1 b - -,h6g7 f4e2 h4e4 e3g5 e4e2 g5d8 g7f8 f3g3 g8f7 d8g5,301
4rr1k/pBp2pbp/1nN3p1/8/5P2/2N5/PP2bP1P/R3R1K1 b - -,e2f3 c6d8 f3b7 d8b7 g7c3 b2c3 h8g7 b7c5 b6d5 f4f5,-87
r3kb1r/1p2npp1/pqB1p2p/3pPb2/3P3N/2N5/PP3PPP/R1BQ1RK1 b kq -,b7c6 b2b3 b6b4 c3a4 f5e4 c1b2 e7f5 f2f3 e4d3 d1d3,36
2rqr1k1/1b1n1pb1/p2Ppnpp/1p6/4NB2/QBNP4/PP3PPP/R3R1K1 b - -,f6g4 h2h3 g4e5 f4e5 g7e5 a1d1 d8b6 a3b4 b7c6 d3d4,-91
4k3/2P4R/p1r5/1pp3P1/6P1/1P5P/8/6K1 b - -,e8f8 c7c8q c6c8 h7h8 f8e7 h8c8 e7f7 c8c5 f7g7 g1g2,894
r1bq1rk1/pp2ppbp/3p2p1/2pPn3/2P1PB2/2N4P/PP2BPP1/R2QK2R b KQ -,c8d7 e1h1 f7f5 d1d2 d8a5 e4f5 d7f5 g2g4 f5d7 f4h6,64
6k1/3n1p2/4PP2/2nB1P1p/pp6/4B3/2K4P/8 b - -,f7e6 f5e6 d7f6 e6e7 g8h7 e3c5 h7g6 d5c6 g6f7 c6a4,633
r2qk2r/ppn1bppp/2pp4/4p1Pn/2P1P3/5Q1P/PP1P1P2/RNB2RK1 b kq -,g7g6 d2d4 e7g5 c1g5 d8g5 f3g4 g5h6 d4e5 d6e5 b1c3,-652
5r1k/p6p/1p2pP2/2n5/2P5/2B1R3/P6P/6K1 b - -,h7h5 g1g2 h8h7 e3g3 f8g8 g3g7 g8g7 f6g7 c5e4 c3d4,18
5qk1/pp1n3p/4rpp1/3B4/8/1P4P1/P1P4P/Q4RK1 b - -,f8c5 f1f2 c5d5 a1c3 d7e5 a2a4 g8g7 c3c7 e5f7 c7c3,-537
rq1k4/1b1n4/pp1b1NQ1/4pP2/4P3/7R/PP4PP/2R4K b - -,f8e7 a1d4 g8g7 d5e6 e7e6 f1d1 d7e5 d4e4 h7h5 c2c4,Mate
8/8/2P5/K7/P7/4k3/8/8 b - -,f8e7 a1d4 g8g7 d5e6 e7e6 f1d1 d7e5 d4e4 h7h5 c2c4,Mate
r1b2rk1/pp2npbp/1qn1p1p1/3P4/Q7/BPN1P1P1/P3NPBP/R3K2R b KQ -,c6e5 a3e7 c8d7 a4h4 e5d3 e1d2 d3c5 h1d1 d7b5 e7f8,360
r2q1rk1/1pp2pp1/p1np1n1p/4p2b/2B1P3/2NPPNQP/PPP3P1/R4RK1 b - -,g8h7 a2a4 c6e7 a4a5 c7c6 c4b3 h5g6 g3e1 d8c7 e1h4,68
rn1q1rk1/p4pbp/2pp1npB/1p5P/3pP3/P4P2/1PPQNP2/R3KB1R b KQ -,g7h6 d2h6 c6c5 h5g6 f7g6 e2f4 g8f7 e1a1 b8c6 f1h3,216
4r1k1/Q4ppp/5n2/1P1p4/4q3/2P3PP/P4P1R/6K1 b - -,e4e1 g1g2 e1e4 g2g1 h7h5 h2h1 e4f3 g1h2 h5h4 g3h4,-674
2r2rk1/pp1q2p1/2n1pb2/3p2P1/3P4/P2Q1N2/1P1B1P2/R3R1K1 b - -,f6e7 f3e5 d7e8 d3h3 c6e5 e1e5 e8f7 h3e6 f7e6 e5e6,85
8/7P/pp1K1k2/2r4R/5P2/P1P5/1P6/8 b - -,c5h5 d6c7 b6b5 c7b6 h5h7 b6a6 h7h5 a6b6 f6e7 b6c6,-485
r1bk1bBr/pppp2pp/4n3/4q3/4P3/2P5/PP1P1PPP/RNBQ1RK1 b - -,h8g8 f1e1 g7g6 d2d4 e5h5 d1b3 a7a5 a2a4 g6g5 b1a3,-173
8/4k3/4p3/4Kp1p/r6P/4PP2/6P1/5R2 b - -,a4a3 f1e1 a3a5 e5f4 e7f6 f4g3 f6g6 e1e2 a5a3 g3f2,20
8/8/1b3Bp1/1p1k1p1p/1P2pP2/1P5P/3K2P1/8 b - -,b6d4 f6d8 d5e6 d8g5 d4b6 g5h4 b6c7 g2g3 c7b8 d2c3,-177
r3k2r/pp3ppp/2p1p3/3pB2b/N3q2P/4PP1R/P3K3/R2Q1B2 b kq -,e4e5 d1d4 e5d4 e3d4 b7b6 a1c1 a8c8 h3g3 h8g8 e2d2,-15
r3kb1r/1p2npp1/p1q1p2p/3pPb2/3P3N/2N1B3/PP3PPP/R2Q1RK1 b kq -,a8b8 f2f4 h6h5 a1c1 c6d7 c3a4 b7b6 h2h3 f5e4 a4c3,29
3r2k1/1q2n1pp/2n2p2/2Rp4/Q2P4/4BN2/1P3PPP/6K1 b - -,d8a8 a4c2 a8a1 e3c1 b7b4 g2g3 c6d4 f3d4 b4d4 g1g2,3
r2q1rk1/1pp2pp1/2np1n1p/p3p2b/2B1P2N/2NPP1QP/PPP3P1/R4RK1 b - -,g8h8 f1f2 c6b8 h4f5 h5g6 a1f1 b8d7 c3d5 f6d5 c4d5,104
r1qbr1k1/1p3pp1/p2p1n2/N1PPn2p/1P6/4BP2/P2QB2P/2R2RK1 b - -,d8a5 b4a5 d6c5 e3c5 c8f5 d5d6 a8c8 c5a3 h5h4 g1h1,-73
6k1/p3Rp2/5nbp/2p5/2P2r2/1P3B2/P4PKP/3N4 b - -,f6e4 e7a7 e4g5 f3d5 f4g4 g2f1 g5h3 a7d7 g8f8 a2a4,272
rq2kb1r/3n1ppp/p4n2/1ppB4/8/4PN2/PP2QPPP/R1BR2K1 b kq -,f6d5 d1d5 f8e7 e3e4 b8c7 e4e5 d7b6 d5d1 e8h8 e5e6,-1
r1bqkbnr/pp2pp2/2np2p1/2p3Pp/4P2P/2NP4/PPP2P2/R1BQKBNR b KQkq -,f8g7 f1g2 e7e6 g1e2 g8e7 f2f4 e8h8 e1h1 a8b8 a2a4,-75
2r3k1/2q2p1p/pp1p1Q2/3P3R/4r1P1/8/PPPR1P2/2K5 b - -,f8g7 f1g2 e7e6 g1e2 g8e7 f2f4 e8h8 e1h1 a8b8 a2a4,Mate
2rqr1k1/1b1n1pb1/p2Pp1pp/1p6/4NB2/QB1P4/PP3PPP/R3R1K1 b - -,b7c6 a3a6 g7b2 a1b1 b2e5 f4e3 d7b8 a6b6 c6e4 d3e4,46
rnbqkb1r/pp2npp1/4p2p/2PpP3/8/2NBB3/PPP2PPP/R2QK1NR b KQkq -,b8a6 g1f3 e7c6 d3a6 b7a6 c3e2 a8b8 a1b1 a6a5 c2c3,160
2Q5/p6p/K7/4k1p1/8/5qP1/PP5P/8 b - -,f3d3 a6a7 d3d4 a7a8 d4a4 a8b8 a4b5 c8b7 b5e8 b8c7,131
8/2P5/8/K7/P7/8/3k4/8 b - -,f3d3 a6a7 d3d4 a7a8 d4a4 a8b8 a4b5 c8b7 b5e8 b8c7,Mate
8/7P/ppK2k2/7r/5P2/P1P5/1P6/8 b - -,b6b5 c6b6 h5h7 b6a6 h7h5 a6b6 f6e6 b6c6 h5f5 b2b3,-485
rn4k1/ppp2p1p/6p1/4b3/2PrP3/7P/PP3KP1/1RB2B1R b - -,b8c6 f1e2 d4e4 h1d1 a8e8 e2d3 e5d4 f2g3 e4e7 c1f4,-175
4r1k1/Q4pp1/1P3n1p/3p4/4q3/2P3PP/P4P1R/6K1 b - -,d4e4 f1d3 e5d4 f2g3 e4e7 b2b4 b8c6 b4b5 d4e5 g3f2,Mate
r1bqk1nr/pp2ppb1/2np2p1/2p3Pp/4P2P/2NP4/PPP2PB1/R1BQK1NR b KQkq -,e7e6 g1e2 g8e7 e1h1 a8b8 a2a4 a7a6 e2g3 b7b5 a4b5,-66
rnbq1rk1/p3bppp/2Np1n2/2p5/BpP1P3/3P4/PP3PPP/RNBQK2R b KQ -,d8e8 c6b8 c8g4 a4e8 g4d1 e1d1 f8e8 b8c6 e7f8 c6a5,480
6k1/5p1p/4p1p1/pB6/P7/b3P2P/4KPP1/8 b - -,,0
4k3/2P4R/2r3P1/ppp5/6P1/1P5P/8/6K1 b - -,g8f8 b5d3 a3c5 f2f3 c5d6 e2f2 f8e7 f3f4 e7f6 f2f3,Mate
r2qkb1r/ppp1n1pp/2n2p2/1B1pp3/Q3P1b1/2PP1N2/PP1N1PPP/R1B1K2R b KQkq -,a7a6 b5c6 e7c6 f3e5 f6e5 e4d5 g4f5 d5c6 b7b5 a4d1,-19
r1bq2k1/1p5p/p2p4/2pP4/P1P2R2/5Q1P/1P4P1/6K1 b - -,c8f5 f4f5 d8h4 g1h2 a8e8 a4a5 h4h6 f3g3 g8h8 f5f7,357
r2r2k1/pp3pbp/4p1p1/1R6/3P1Bb1/4PN2/n1R1BPPP/4K3 b - -,g4f5 c2a2 f5e4 f3d2 e4g2 f2f3 b7b6 b5b2 g2h3 e2a6,357
7r/p1Q5/1pp2ppk/8/6q1/5P2/PP1R3r/5KN1 b - -,g4c4 d2e2 h2h1 c7e7 c4c1 e2e1 c1f4 e7e3 f4e3 e1e3,-861
rnb1kbnr/ppq1pppp/2p5/8/3pP3/N2P4/PPP2PPP/R1BQKBNR b KQkq -,e7e5 f2f4 e5f4 g1e2 c8g4 d1d2 g8f6 e2d4 b8d7 f1e2,-30
rn1q1rk1/p1p1bppp/bp3n2/3p4/3P4/5NP1/PP2PPBP/RNBQ1RK1 b - -,c7c6 f3e5 a6b7 d1c2 c6c5 d4c5 b6c5 b1c3 b8d7 c1f4,19
2k5/Rpp4p/8/8/8/5P2/P2r4/5b1K b - -,c8b8 a7a3 b7b5 h1g1 f1c4 a3c3 d2a2 f3f4 b8b7 f4f5,-732
1r3k2/5ppp/2q2bR1/8/3pp3/p1p5/B5QP/2B1R2K b - -,h7g6 e1e4 c6a8 g2f3 b8d8 f3d3 d8e8 c1a3 f6e7 h1g1,-391
4rrk1/1bq1b1p1/2p1p2p/p1p2p2/P1NpPP2/1P1P4/1BPQ2PP/4RRK1 b - -,e8a8 d2e2 a8e8 e4f5 e6f5 e2d2 e8a8 e1e6 e7f6 b2a3,323
2Q5/8/8/K7/P7/4k3/8/8 b - -,f5e4 e1e4 b7a6 d2a5 c7a5 c4a5 e7d8 a5c4 a6c4 b3c4,Mate
r2q1rk1/1pp2pp1/2np1n1p/4pN1b/p1B1P3/2NPP1QP/PPP3P1/R4RK1 b - -,h5g4 h3g4 c6a5 c4d5 c7c6 g3h4 f6d5 h4d8 f8d8 e4d5,837
r2q1rk1/pb2bppp/1pn1pn2/2ppN3/3P4/1P1BP2P/PBPN1PP1/R2Q1RK1 b - -,c6b4 d3b5 c5d4 b2d4 a7a6 b5e2 a8c8 c2c3 b4c6 e5c6,-18
2r3k1/2q2p1p/pp1p1Q2/3P3R/6P1/8/PPP2P2/2KRr3 b - -,c6b4 d3b5 c5d4 b2d4 a7a6 b5e2 a8c8 c2c3 b4c6 e5c6,Mate
r4rk1/1bqpnppp/B1n1p3/8/1b1PP3/1N1QBN2/1P3PPP/R4RK1 b - -,a8a6 a1a6 b7a6 d3a6 f7f5 e4f5 e7f5 a6c4 c7b6 e3g5,32
7Q/8/8/8/2N3p1/6K1/1P3P2/1k6 b - -,a8a6 a1a6 b7a6 d3a6 f7f5 e4f5 e7f5 a6c4 c7b6 e3g5,Mate
8/5pnp/6p1/2kpP1P1/p7/P1K2P2/1P2N2P/8 b - -,c5b6 e2d4 b6c5 b2b3 a4b3 d4b3 c5b5 b3d4 b5a4 c3b2,291
8/8/8/6Bp/4K1k1/8/8/8 b - -,,0
r1bn1rk1/2q2ppp/3Q1n2/p1p1p3/PpN1P3/2P4P/1PB2PP1/R1B1R1K1 b - -,a8a7 d6e5 c7e5 c4e5 a7e7 c1f4 f8e8 a1d1 d8b7 e5c6,449
r2q1rk1/pppbbppp/1n2pn2/8/2pPP3/2N1BNP1/PP2QPBP/R4RK1 b - -,b6a4 c3a4 d7a4 f3e5 c7c5 d4c5 d8c7 e5c4 e7c5 e4e5,60
8/8/7b/Bp1k1p1p/1P2pPP1/1P2K1P1/8/8 b - -,h5g4 a5d8 h6f8 d8a5 f8g7 a5c7 g7c3 e3e2 c3b4 c7e5,-368
3brrk1/1bq3p1/2p1p2p/p1p2p2/P1NpPP2/BP1P4/2PQ2PP/4RRK1 b - -,b7a6 a3c5 d8e7 c5e7 c7e7 c4a5 c6c5 e4f5 f8f5 e1e4,503
r4rk1/pb2bppp/1npN4/3p4/2P2B1P/8/PP3PP1/2KR1B1R b - -,e7d6 f4d6 f8e8 c4c5 b6c4 f1c4 d5c4 h1e1 f7f6 e1e7,112
r5k1/r4p1p/3pp1p1/4b3/4P3/2PBP2P/1PK3P1/1R1R4 b - -,,0
8/8/8/K7/P3k1Q1/8/8/8 b - -,h7h5 g2g4 h5g4 h3g4 g8g7 d1g1 a8h8 g1h1 h8a8,Mate
r1bk1br1/pppp2pp/4n3/4q3/4P3/2P5/PP1P1PPP/RNBQR1K1 b - -,g7g6 d2d4 e5h5 d1b3 a7a5 a2a4 f8h6 c1h6 h5h6 b1a3,-170
rnbqk2r/ppp2ppp/1b1p4/8/1PN1n3/2P2P2/P2PB1PP/RNBQK2R b KQkq -,g7g6 d2d4 e5h5 d1b3 a7a5 a2a4 f8h6 c1h6 h5h6 b1a3,Mate
r4rk1/ppp2ppp/2nb1q2/8/N7/3Q4/PPP1BPPP/R4RK1 b - -,f6f4 g2g3 f4a4 d3b3 a4b3 a2b3 g7g5 e2f3 f7f5 f3c6,-442
5k2/6R1/5P2/8/r5N1/4K3/8/8 b - -,a4a6 g7g5 f8f7 e3f4 a6a1 g5g7 f7e6 g7e7 e6d6 f4g5,1061
r1b1kb1r/pp1n1ppp/4p3/q1pp2B1/2PP4/PQP1PN2/5PPP/R3KB1R b KQkq -,f8d6 f1e2 d5c4 e2c4 c5d4 e3d4 a5c7 e1h1 e8h8 c4e2,-14
5k2/7R/4p1p1/6K1/r7/6PP/8/8 b - -,a4a3 g3g4 a3f3 g5g6 e6e5 g4g5 f3f4 h7a7 e5e4 a7a5,417
2k5/R1p4p/8/1p6/8/5P2/P2r4/5bK1 b - -,f1c4 a2a3 d2a2 a7a8 c8b7 a8d8 a2a3 g1f2 a3d3 d8h8,-751
2r2rk1/pp1qb1p1/2n1p3/3pN1P1/3P4/P2Q4/1P1B1P2/R3R1K1 b - -,d7d8 d3g6 c6d4 d2c3 f8f5 g1f1 e7g5 c3d4 d8f6 e1e2,153
6k1/4n1pp/4Qp2/2Rp4/3P4/5N2/nq3PPP/r1B3K1 b - -,,0
r1r3k1/1Q3pp1/p1p4p/2b1N3/8/2P2P2/P4P1P/7K b - -,c5f2 b7f7 g8h8 h1g2 f2e3 h2h4 e3d2 f7c4 c8b8 f3f4,257
rnbqk2r/ppp2ppp/4p3/8/1b1P4/2P5/P1QBPPPP/R3KBNR b KQkq -,a7a5 c3b4 a5b4 g1f3 b8c6 e2e3 e8h8 f1d3 e6e5 d3h7,389
r3r1k1/pbqn1ppp/1p1b4/8/2pPpB2/2P1Q2P/PP1NNPP1/2RR2K1 b - -,b6b5 a2a4 a7a6 e3g3 d6f4 e2f4 e4e3 f2e3 d7f6 c1a1,50
r2r2k1/pp3pbp/6p1/1R2N3/3P1Bb1/4P3/n1R1BPPP/4K3 b - -,g7e5 f4e5 g4e6 b5b2 a7a5 b2a2 e6a2 c2a2 a5a4 e1d2,353
1r3k2/5ppp/2q2bb1/8/3pp2P/p1p3R1/B5Q1/2B1R2K b - -,f8g8 e1f1 g8h8 g3h3 b8b5 c1a3 b5h5 a2b3 h7h6 b3d1,-350
4N3/8/8/3r4/8/5k2/8/4K3 b - -,f8g8 e1f1 g8h8 g3h3 b8b5 c1a3 b5h5 a2b3 h7h6 b3d1,Mate
2R5/1R4p1/3k1r1p/1P1r1p2/P7/3nK3/6PP/8 b - -,f6e6 e3f3 d3e5 f3f2 e5g4 f2g3 g7g5 c8c3 g4f6 b7b6,-257
8/8/8/1K2k3/P5Q1/8/8/8 b - -,d3b4 c8d8 d6e5 d8e8 f6e6 e8e6 e5e6 b7g7 d5d3 e3e2,Mate
r1b5/1p3k1p/p2p1q2/2pP4/P1P1R3/4Q2P/1P4P1/6K1 b - -,,0
6k1/1RR2p1p/3p4/2p5/2P2Pp1/1BP3P1/6KP/r3r3 b - -,f7g8 e3g3 f6g6 e4e8 g8f7 g3e1 g6f6 a4a5 f6d4 g1h1,Mate
r4rk1/p1n2p1p/1pp3p1/4p1bn/3qP3/3N1Q1P/PP1P1P2/1RB2RK1 b - -,a8d8 d3e1 c7e6 d2d3 g5c1 b1c1 d4b2 c1c2 b2b5 f3g4,-715
3k4/5R2/3N3p/3B2p1/P2p4/7P/2r3PK/8 b - -,c2c7 f7c7 d8c7 d6c4 c7b8 d5e4 b8a7 h2g3 h6h5 e4d3,792
6k1/pp1n3p/4rpp1/2qB4/3Q4/1P4P1/P1P4P/5RK1 b - -,c2c7 f7c7 d8c7 d6c4 c7b8 d5e4 b8a7 h2g3 h6h5 e4d3,Mate
r2qkb1r/pp2npp1/2n1p2p/1B1pPb2/3P3N/8/PP3PPP/RNBQ1RK1 b kq -,a8c8 c1e3 a7a6 b5e2 f5h7 b1c3 c6a5 e2d3 h7d3 d1d3,-22
4r3/p3qpkn/1p4pQ/2p5/4P3/8/PPP1B3/2K4R b - -,g7f6 h1f1 f6e6 h6h7 e6d6 e2b5 e7g5 c1b1 e8e4 h7h8,Mate
r2q1rk1/ppp1nppp/3p4/4p2b/4P3/1PPP1N1P/1P1N1PP1/R2QR1K1 b - -,a7a5 d1c2 e7g6 d3d4 g6f4 g1h2 f7f6 b3b4 a5b4 a1a8,-20
8/8/5k2/PK6/6Q1/8/8/8 b - -,f7f6 b3b4 g8h8 d2f1 f6f5 e4f5 e7f5 f1g3 f5g3 f2g3,Mate
4q2k/3r1pp1/p2P2bp/P7/1P1R1QP1/2P4P/5PK1/8 b - -,g6c2 f4e3 e8b8 e3e2 b8b7 e2f3 b7c8 c3c4 c2a4 g2g3,-26
3k4/5R2/3N3p/P1rB2p1/3p4/7P/6PK/8 b - -,c5d5 a5a6 d5d6 a6a7 d8e8 f7h7 d6a6 h7h8 e8e7 a7a8q,632
r1b1k2r/ppp1qppp/2nb4/3p4/3PB3/2P2Q1P/PP1N1PP1/R1B1K1NR b KQkq -,e8h8 g1e2 d5e4 d2e4 f8e8 e4d6 e7d6 e1h1 c6e7 e2g3,139
r2q1rk1/bpp2pp1/2np2bp/p3p3/P1B1R2N/2PP2NP/1P3PP1/R1BQ2K1 b - -,g6h7 e4g4 g8h8 h4f5 d8f6 f5g7 f6f2 g1h2 c6e7 g7h5,333
4r3/1p3k1p/p2p1q2/2pP1b2/P1P2R2/7P/1P3QP1/6K1 b - -,f7g7 f4f5 f6d4 f5g5 g7h6 f2d4 c5d4 g5g4 d4d3 g4d4,157
5R2/1k2B3/2p5/P1K4p/8/7P/2P2P2/8 b - -,f7g7 f4f5 f6d4 f5g5 g7h6 f2d4 c5d4 g5g4 d4d3 g4d4,Mate
5r1k/p4q1p/1p2p3/4P3/2P2n1Q/3BR3/P2B3P/6K1 b - -,f4d3 h4f6 f7f6 e5f6 d3c5 d2c3 h7h5 g1g2 h8h7 e3g3,21
2rqr1k1/3n1pb1/p2Pp1pp/1p6/4RB2/QB1P4/PP3PPP/R5K1 b - -,d7c5 a3b4 g6g5 f4e3 d8d6 e3c5 c8c5 a1d1 e8d8 d3d4,-131
3b4/8/4p2P/3k1pp1/6p1/8/P2BKP2/8 b - -,d8f6 h6h7 f6h8 d2g5 d5c5 e2e3 e6e5 e3d3 c5b4 g5e7,363
1r3rk1/5p1p/1P1P4/R1p1P1p1/2P2nb1/8/7R/5BK1 b - -,b8b6 a5c5 b6b1 c5b5 b1c1 h2b2 g4f5 e5e6 f5e6 b2b1,-409
3brrk1/1bq3p1/2p1p2p/p1p5/P1NpRP2/BP1P4/2PQ2PP/5RK1 b - -,c7e7 e4d4 d8c7 d4e4 g7g5 f4f5 c7f4 f1f4 g5f4 d2f4,584
8/5R2/8/1p3b2/8/7P/k2r1PPK/8 b - -,f5d3 f7a7 a2b2 a7c7 b5b4 h2g3 b4b3 g3f3 d3b5 c7c5,-461
6k1/3n4/4PP2/2nB3p/pp6/4B3/2K4P/8 b - -,g8h7 e6e7 b4b3 c2b1 d7f6 e3c5 h7g6 d5c6 g6f7 c6a4,708
4r3/1p5p/p2p1qk1/2pP1b2/P1P2RP1/7P/1P3Q2/6K1 b - -,f6e5 f4f5 e5e1 f2e1 e8e1 g1g2 e1e4 f5f8 e4c4 f8d8,49
2k5/ppp4p/8/6B1/5p2/2P4P/P1Prr1PR/R4K2 b - -,c7c5 f1g1 d2c2 g5f4 b7b5 h3h4 c2a2 a1a2 e2a2 g2g4,233
5r1k/p4q1p/1p2pQ2/4P3/2P5/3nR3/P2B3P/6K1 b - -,h8g8 e3g3 f7g6 g3g6 h7g6 f6g6 g8h8 g6d3 f8g8 g1f2,806
r4rk1/p3bppp/bnpN4/2Pp4/5B1P/8/PP3PP1/2KR1B1R b - -,g7g5 h4g5 a6f1 c5b6 f1g2 b6b7 a8b8 h1h6 d5d4 d1d4,445
5r1k/p6p/1p2pP2/8/2P5/3nR3/P2B3P/6K1 b - -,d3c5 d2c3 h7h5 c3d4 h8h7 g1g2 h7g6 g2h3 h5h4 h3h4,18
5R2/2k1B3/P1p5/2K4p/8/7P/2P2P2/8 b - -,d3c5 d2c3 h7h5 c3d4 h8h7 g1g2 h7g6 g2h3 h5h4 h3h4,Mate
rnbqkb1r/pp3p1p/4pnp1/1N6/Q1pP4/5N2/PP3PPP/R1B1KB1R b KQkq -,b8c6 f1c4 a7a6 b5c3 f8g7 e1h1 e8h8 f1d1 c6a5 c4f1,-54
r4rk1/1ppb1pB1/3p2p1/3Pp3/2P1P2P/1p3p2/1P1QB3/qNKR1N1R b - -,a8a2 e2d3 g8g7 h4h5 f8h8 h5h6 g7h7 d2c3 g6g5 f1d2,502
r1bqkb1r/ppppnpp1/2n5/1B2p2p/3PP3/2N2N2/PPP2PPP/R1BQK2R b KQkq -,e5d4 f3d4 c6d4 d1d4 e7c6 d4e3 a7a6 b5a4 b7b5 a4b3,103
8/1p5p/p2p1qk1/2pPrb2/P1P2RP1/7P/1P3Q1K/8 b - -,,0
r5k1/5p1p/3pp1p1/4b3/r3P3/1PPBP2P/2K3P1/1R1R4 b - -,a4a2 b1b2 a2a3 c2d2 h7h5 d3c4 g8f8 b2c2 f8e7 d1b1,-9
2kr3r/1ppbn1pp/p1pb1p2/2N5/4P3/2N1B3/PPP2PPP/2KR3R b - -,e7g6 c5d7 d8d7 h2h4 h7h5 f2f3 b7b6 c3e2 c6c5 b2b3,-10
rn1qkbnr/pp2pppp/2p3b1/8/3pPPP1/3P3P/PPP1N3/R1BQKBNR b KQkq -,e7e5 h3h4 f7f6 g1f3 b8d7 f1h3 d8c7 f4e5 f6e5 h4h5,82
8/8/4pb1P/3k1pp1/1B4p1/8/P3KP2/8 b - -,f5f4 h6h7 f4f3 e2d2 e6e5 a2a4 e5e4 a4a5 g4g3 f2g3,345
6k1/1P3pp1/5n1p/3p4/8/2P1KPPP/P6R/1r6 b - -,b1b7 a2a4 b7a7 h2a2 a7a5 e3d4 g8f8 c3c4 f8e7 c4d5,-370
2rqr1k1/pbpn1ppp/1p2pn2/3p4/1bPP4/1P2PNP1/PB1N1PBP/2RQ1RK1 b - -,c7c5 c4d5 e6d5 a2a3 b4a5 g2h3 c8c7 d1c2 a5d2 f3d2,26
rn2kb1r/pQpqpppp/1n6/2P5/8/6P1/PP2PP1P/R1B1KBNR b KQkq -,c7c6 b7d7 b6d7 c1e3 e7e6 a1c1 a7a5 f1g2 a5a4 g1f3,185
r1bqk2r/pppp1pp1/2n4p/2b1p3/4P1n1/2NP2P1/PPP1NPBP/R1BQ1RK1 b kq -,a7a6 h2h3 g4f6 c3d5 d7d6 g1h2 f6d5 e4d5 c6e7 d3d4,80
rq6/3n1kp1/pp1b1pQ1/3bpP2/4P3/7R/PP1B2PP/2R4K b - -,f7e7 e4d5 d6c5 b2b4 e7d6 b4c5 b6c5 g6f7 b8e8 f7e6,Mate
rn4k1/ppp2p1p/6p1/4b3/2P1r3/4B2P/PP3KP1/1R3B1R b - -,b8c6 f1d3 e5g3 f2f3 e4e6 h1d1 g3d6 g2g4 c6e5 f3f2,-218
r4rk1/1ppb1pB1/3p2pQ/3Pp3/2P1P2P/1p6/1P2p3/qNKR1N1R b - -,e5f4 e3f4 e4f4 f2g3 f4e4 b1d1 b8a6 d1d7 e4e1 g3h2,Mate
rnbq1rk1/pp2bppp/4pn2/2pP4/3P4/P1N1PP2/1P4PP/R1BQKBNR b KQ -,f6d5 f1d3 b8c6 g1e2 c5d4 e3d4 e6e5 d4e5 d5c3 e2c3,-80
rnb1kb1r/ppq1pppp/2p2n2/8/3pP3/N2P2P1/PPP2P1P/R1BQKBNR b KQkq -,e7e5 f2f4 f8b4 c1d2 b4a3 b2a3 c6c5 g1f3 b8c6 f1g2,-42
2rqr1k1/5pb1/p2Pp1pp/1pn5/5B2/QB1PR3/PP3PPP/R5K1 b - -,a6a5 d6d7 c5d7 a3d6 g6g5 f4g3 d7c5 a1b1 c5b3 a2b3,-259
1r4k1/5ppp/2q2bb1/8/3pp2P/p1p3R1/B5Q1/2B1R1K1 b - -,f6h4 e1f1 h4g3 g2g3 b8f8 c1a3 f8e8 g3f4 c6d7 a3c5,-467
r1bk1br1/p1pp2pp/1p2n3/4q3/3PP3/2P5/PP3PPP/RNBQR1K1 b - -,e5f6 b1d2 c8b7 d4d5 e6f4 d2f3 g7g5 c1e3 f8d6 c3c4,-163
r2q1rk1/bpp2pp1/2n3Np/p2pp3/P1B1R3/2PP2NP/1P3PP1/R1BQ2K1 b - -,f8e8 c4d5 d8d5 g6h4 a8d8 d1g4 e8e6 g3f5 g7g6 f5h6,511
2R5/1R4p1/3kr2p/1P1r1p2/P7/3n1K2/6PP/8 b - -,d6e5 c8c6 e6c6 b5c6 d5c5 c6c7 e5d6 c7c8q c5c8 b7g7,-270
r3kb1r/pbqn1ppp/4pn2/8/PppP4/2P2NN1/1PB2PPP/R1BQR1K1 b kq -,f8e7 c3b4 e7b4 c1d2 a7a5 a1c1 c7b6 g3e4 e8h8 f3e5,-28
r2qk2r/ppp2ppp/1bnpbn2/3Np3/2B1P3/3PBN1P/PPP2PP1/R2QK2R b KQkq -,e6d5 e4d5 c6e7 e3g5 d8d7 a2a4 f6d5 a4a5 b6c5 d3d4,-32
r4rk1/1ppbqp1n/n2p2pb/p2Pp3/2P1P2p/PPN2P2/3NBBPP/1R1Q1R1K b - -,h6f4 f1g1 g8g7 d1e1 f4g5 b3b4 a5b4 a3b4 f8h8 d2f1,-25
r1b1k2r/ppp1qp1p/2np1p2/2bQ4/2B1P3/2N2N2/PP3PPP/R4RK1 b kq -,c8e6 d5d3 c6e5 f3e5 f6e5 b2b4 c5b4 c4e6 b4c3 e6f7,-85
rnbqk2r/1pp2ppp/3p1n2/4p3/1PP5/2Q2NP1/3PPP1P/R1B1KB1R b KQkq -,f6e4 c3b2 a8a1 b2a1 e4f6 f1g2 e8h8 d2d3 f8e8 e1h1,65
4r3/p3qp1n/1p3kp1/2p5/4PQ2/8/PPP1B3/2K4R b - -,f6e6 h1h7 a7a6 e2g4 f7f5 e4f5 g6f5 f4f5 e6d6 h7e7,1151
7k/p4r1p/1p2pP2/2n5/2PB4/4R3/P6P/6K1 b - -,h8g8 g1f2 g8f8 d4c5 b6c5 e3e6 f7d7 f2e3 f8f7 e6e5,16
r4rk1/1ppb1pB1/3p2pQ/3Pp3/2P1P2P/1p6/1P2p3/1K1R1N1R b - -,h8g8 g1f2 g8f8 d4c5 b6c5 e3e6 f7d7 f2e3 f8f7 e6e5,Mate
r3r1k1/pbqn1ppp/3b4/1p6/2pPpB2/2P1Q2P/PP1NNPP1/2R1R1K1 b - -,f7f5 e3g3 d6f4 e2f4 h7h6 h3h4 d7f6 d2f1 b7c8 f1e3,48
r1bqk2r/pppp1pp1/2n2n1p/1Bb1N3/4P3/8/PPPP1PPP/RNBQ1RK1 b kq -,e8h8 b5c6 b7c6 d2d4 c5b6 a2a4 a7a5 b1c3 f8e8 f1e1,95
rnbqkbnr/pp2pp1p/2p3p1/3P4/8/3B4/PPPP1PPP/RNBQK1NR b KQkq -,c6d5 d3b5 b8c6 d2d4 f8g7 c2c3 a7a6 b5c6 b7c6 g1f3,-22
2n5/2bk3p/1p3pp1/p5P1/P1KNP3/1P2B2P/8/8 b - -,c7e5 d4f3 e5a1 g5f6 a1f6 e4e5 f6d8 c4b5 h7h5 f3g5,119
2r1r1k1/p1q2pbp/1p1p2p1/2nP4/5BP1/2N2Q2/PPPR1P1P/2K4R b - -,b6b5 c3d1 c7b7 h2h4 h7h6 c1b1 c5e4 d2e2 b7d5 b1a1,-128
8/7P/4pb2/3k1pp1/6p1/8/P2BKP2/8 b - -,f6h8 d2g5 d5c4 g5e7 c4b5 e2e3 e6e5 e3d3 h8g7 d3c3,292
rnbq1rk1/ppp2pp1/3p4/2b1p3/4P1n1/2NPB1Q1/PPP2PPP/R3KBNR b KQ -,g4e3 f2e3 c7c6 g1h3 d6d5 f1e2 d5d4 c3d1 c8h3 g3h3,56
r1bq1rk1/pp2pp1p/3p2p1/2pPb3/2P1P3/2NB3P/PP3PP1/R2Q1RK1 b - -,e7e6 d1d2 g6g5 a2a4 b7b6 a1a3 g8h8 d3e2 a8b8 a3b3,-51
rr6/2p1k1pp/2nbpn2/pp2p3/4P3/P3B2P/1PPNNPP1/2KR3R b - -,a5a4 c2c3 c6a5 c1c2 c7c5 e2c1 b5b4 c1d3 b8c8 g2g4,-19
r2q1rk1/pp2ppbp/3P1np1/n6b/3N4/1BN1B1Q1/PPP2PPP/R3K2R b KQ -,a7a6 d6e7 d8e7 e1h1 f8e8 h2h3 h7h6 a1e1 e7d7 b3a4,57
3k4/1N3R2/7p/2rB2p1/P2p4/7P/6PK/8 b - -,a7a6 d6e7 d8e7 e1h1 f8e8 h2h3 h7h6 a1e1 e7d7 b3a4,Mate
rnbq1rk1/pp2p1bp/2pp1np1/5p2/2PP4/2N1P1P1/PP2NPBP/R1BQ1RK1 b - -,e7e5 d4d5 e5e4 d5c6 b7c6 b2b3 b8a6 d1d2 a6b4 c3a4,29
3br1k1/1bq3p1/2p1p2p/p1p1Rr2/P1Np1P2/BP1P4/2PQ2PP/5RK1 b - -,f5e5 f4e5 d8e7 d2a5 c7a5 c4a5 b7a6 a5c6 e7g5 a3c1,516
8/5R2/8/1p3b2/8/6KP/k4rP1/8 b - -,f2f1 g3h2 b5b4 g2g4 f5d3 f7d7 d3c2 g4g5 b4b3 d7a7,-483
r5k1/r4p1p/3pp1p1/4b3/2B1P3/1PP1P2P/2K3P1/1R1R4 b - -,h7h5 g2g4 h5g4 h3g4 g8g7 c2d3 a8c8 b1a1 a7e7 a1c1,-2
2r2rk1/pp1qbpp1/2n1p2p/3pP3/3P2PP/P2Q1N2/1P1B1P2/R3R1K1 b - -,f7f6 d2f4 h6h5 g4h5 f6e5 f4e5 d7e8 h5h6 e8h5 g1g2,-33
8/5K2/5QP1/8/k7/5q2/8/8 b - -,f3b7 f6e7 b7f3 f7g8 f3a8 g8g7 a4b3 e7e3 b3b2 e3e2,20
5k2/4n1p1/1p1pPp1p/p1pP3P/P1P1K1P1/1P6/1B6/8 b - -,f6f5 g4f5 e7g8 f5f6 g7f6 e4f5 f8g7 e6e7 g8e7 f5e6,897
4k3/6p1/1q2p1p1/pP1pp3/Q7/1P5P/5PP1/R5K1 b - -,e8d7 a4a5 b6a5 a1a5 d7c7 g1f1 g6g5 a5a6 g5g4 h3g4,728
1r3k2/5ppp/2q2bb1/8/3pp1R1/p1p5/B5QP/2B1R2K b - -,d4d3 c1a3 f8g8 a3c1 c6d7 g4g3 d3d2 c1d2 c3d2 e1d1,-543
6k1/p4r1p/4RP2/2p5/2P5/8/P6P/6K1 b - -,g8f8 e6c6 f7b7 c6c5 f8f7 a2a4 f7f6 a4a5 f6e6 g1f2,66
r1bkr3/pppp2Qp/2n2p2/3N3B/4P3/8/q1P2PPP/3R1RK1 b - -,g8f8 e6c6 f7b7 c6c5 f8f7 a2a4 f7f6 a4a5 f6e6 g1f2,Mate
r4rk1/1ppb1pB1/3p2p1/3Pp3/2P1P2P/1p6/1P6/1KQq1N1R b - -,g8f8 e6c6 f7b7 c6c5 f8f7 a2a4 f7f6 a4a5 f6e6 g1f2,Mate
r1bk1br1/p1pp2pp/1p2nq2/8/3PP3/2P5/PP1N1PPP/R1BQR1K1 b - -,c8b7 e4e5 f6g6 d2f3 f8e7 d4d5 e6c5 e1e3 g8f8 c3c4,-143
r1bqkb1r/pp3p1p/2n1pnp1/1N6/Q1pP1B2/5N2/PP3PPP/R3KB1R b KQkq -,f6d5 f4g5 f7f6 g5d2 a7a6 b5c3 b7b5 a4d1 f8g7 f1e2,-163
r2qkb1r/pp2npp1/2n1p2p/3pPb2/3P3N/2N5/PP2BPPP/R1BQ1RK1 b kq -,f5e4 f2f4 e7f5 h4f5 e4f5 g2g4 f5h7 f4f5 d8d7 e2d3,53
r3k2r/pbqnbppp/4pn2/8/PPpP4/5NN1/1PB2PPP/R1BQR1K1 b kq -,e7b4 c1d2 a7a5 a1c1 b7d5 c2d3 e8h8 d2b4 a5b4 d3c4,-13
r4rk1/1Q3pp1/p1p4p/2b1N3/8/2P2P2/P4PKP/8 b - -,c5d6 e5c6 a8e8 b7a6 e8e1 a2a4 f8e8 h2h4 e8e6 a6c8,112
2r3k1/2q1rpbp/pp1p2p1/2nP2B1/6PP/2N2Q2/PPPR1P2/2K4R b - -,g7c3 f3c3 c5e4 c3c7 e7c7 d2e2 e4g5 h4g5 c7c4 f2f3,80
7k/1p2P2p/p2p4/2pP4/P1P5/7P/1P3rRK/8 b - -,g7c3 f3c3 c5e4 c3c7 e7c7 d2e2 e4g5 h4g5 c7c4 f2f3,Mate
7r/3P4/5R2/2R1k3/3p4/3pp3/8/4K3 b - -,g7c3 f3c3 c5e4 c3c7 e7c7 d2e2 e4g5 h4g5 c7c4 f2f3,Mate
r2q1rk1/ppp1nppp/3p2b1/8/3NP1P1/1P5P/1PPN1P2/R2QR1K1 b - -,c7c5 d4f5 g6f5 g4f5 e7c6 d2c4 d8g5 d1g4 g5g4 h3g4,29
rn1qkbnr/pp2pp1p/6p1/3p4/6b1/2NB1N2/PPPP1PPP/R1BQK2R b KQkq -,g8f6 d3b5 b8c6 d2d4 f8g7 h2h3 g4f3 d1f3 e8h8 b5c6,-52
r6k/pp4p1/1bp2n1p/7q/5Qb1/1BN2nP1/PPPBR2P/5R1K b - -,f3g5 e2g2 a8d8 d2e1 g5h3 f4c4 g4f3 c4h4 h5f5 b3c4,-308
8/6QK/8/6P1/k7/8/8/2q5 b - -,,0
8/6Q1/7K/6P1/k7/8/8/3q4 b - -,,0
rq4k1/3n2pR/pp1b1pQ1/3bpP2/4P3/8/PP1B2PP/2R4K b - -,d1h1 h6g6 h1b1 g6h5 b1d1 h5h4 d1e1 h4h3 e1f1 h3g3,Mate
r2q1rk1/bpp3p1/2n3pp/p2pp3/P3R3/1BPP2NP/1P3PP1/R1BQ2K1 b - -,g8h7 e4e2 c6e7 d1e1 c7c6 c1e3 c6c5 e3c1 d8d6 b3c2,352
7k/1p2P2p/p2p4/2pP4/P1P3R1/7P/1P2rQ1K/8 b - -,g8h7 e4e2 c6e7 d1e1 c7c6 c1e3 c6c5 e3c1 d8d6 b3c2,Mate
6k1/5P2/5n2/2nB1P1p/pp6/4B3/2K4P/8 b - -,g8h7 e4e2 c6e7 d1e1 c7c6 c1e3 c6c5 e3c1 d8d6 b3c2,Mate
rn1qr1k1/2pb1p2/5bR1/p2Pp3/2p1QP2/P1N1B3/1PBK4/7R b - -,g8h7 e4e2 c6e7 d1e1 c7c6 c1e3 c6c5 e3c1 d8d6 b3c2,Mate
r1bqk2r/pppp1pp1/2n2n1p/1B2N3/4P3/8/PPPP1RPP/RNBQ2K1 b kq -,c6e5 d2d4 e5g6 b1c3 e8h8 e4e5 f6h7 b5c4 d7d6 d1h5,173
2r3k1/2q2pbp/pp1p1Bp1/2nPr3/6PP/2N2Q2/PPPR1P2/2K4R b - -,e5e8 f6g7 g8g7 h4h5 c7e7 h5g6 f7g6 f3h3 g7g8 f2f4,181
6k1/1p2q2p/p2p1P2/2pPr3/P1P4R/7P/1P3Q1K/8 b - -,e7f8 h4g4 g8f7 g4g7 f8g7 f6g7 f7g7 f2g3 g7f7 g3f4,608
8/1Q6/8/8/1k6/8/5qPK/8 b - -,b4a5 b7a8 a5b5 a8d5 b5a4 d5e4 a4b5 h2h3 f2f1 h3g4,35
1q5k/3r2p1/p2P1pbp/P7/1P1R1QPP/2P3K1/5P2/8 b - -,g6c2 f2f3 c2a4 g3f2 a4c6 g4g5 f6g5 h4g5 h6g5 f4g5,-41
r1b1kb1r/pp3ppp/1n2p3/q1pp2B1/P1PP4/1QP1PN2/5PPP/R3KB1R b KQkq -,b6c4 f1c4 d5c4 b3c4 f7f6 g5f4 c5d4 e3d4 c8d7 e1h1,-42
2k5/ppp4p/8/6B1/5p2/2P4P/P1Prr1P1/R4KR1 b - -,a7a5 g5h4 d2c2 a2a4 c2b2 h4e1 e2c2 h3h4 b7b6 h4h5,78
r2k1br1/pbpp2pp/1p2nq2/4P3/3P4/2P5/PP1N1PPP/R1BQR1K1 b - -,f6f5 d2f1 d7d5 f2f4 g7g6 f1e3 f5f7 e3g4 g8h8 d1f3,-172
3rr2k/pp2Np1p/6p1/P5B1/2n5/1b4P1/4PPBP/R5K1 b - -,d8d6 e7d5 e8e2 g5e7 d6e6 e7b4 e2c2 b4c3 c2c3 d5c3,-160
8/5p1p/4n1p1/2kpP1P1/p6P/P1K2P2/1P2N3/8 b - -,c5b5 e2d4 b5c5 d4e6 f7e6 b2b3 a4b3 a3a4 b3b2 c3b2,264
r2r2k1/pb3ppp/1npB4/2Pp4/7P/8/PP3PP1/2KR1B1R b - -,b6c8 d6c7 d8e8 h4h5 c8e7 d1e1 e7f5 f1d3 g7g6 c1d2,265
rnbqkbnr/pp3ppp/2p5/4p3/P1pP4/5NP1/1P2PPBP/RNBQK2R b KQkq -,g8f6 f3e5 f8b4 c1d2 d8d4 d2b4 d4e5 e1h1 c6c5 b4c3,77
rq3bk1/3n2pR/pp3p2/3bpP1Q/4P3/8/PP1B2PP/2R4K b - -,g8f6 f3e5 f8b4 c1d2 d8d4 d2b4 d4e5 e1h1 c6c5 b4c3,Mate
6k1/1p2q2p/p2p1P2/2pP4/P1P3R1/7P/1P2rQ1K/8 b - -,g8f6 f3e5 f8b4 c1d2 d8d4 d2b4 d4e5 e1h1 c6c5 b4c3,Mate
rnb2rk1/ppq3bp/2pp1np1/4pp2/2PP4/1PN1P1P1/P1Q1NPBP/R1B2RK1 b - -,,0
r1bqkbnr/pppp2pp/2n5/1B1Qp3/4P3/8/PPP2PPP/RNB1K1NR b KQkq -,g8f6 d5d3 c6b4 d3e2 a7a6 b5a4 b7b5 a4b3 c7c5 c2c3,-43
5rk1/1ppb1pB1/3p2p1/3Pp3/2P1P2P/1p6/1P6/K1Qq1N1R b - -,g8f6 d5d3 c6b4 d3e2 a7a6 b5a4 b7b5 a4b3 c7c5 c2c3,Mate
r4rk1/1Q3pp1/p1N4p/8/8/b1P2P2/P4PKP/8 b - -,a8e8 b7a6 e8e6 h2h4 a3c5 h4h5 f8e8 f3f4 e6f6 a6a4,85
r4k2/r4p1p/3pp1p1/4b3/2B1P3/1PP1P2P/2K3P1/1R3R2 b - -,a7a2 b1b2 f8e7 g2g4 a2a3 c2d2 h7h5 f1g1 a8a7 g4h5,-9
5k2/6R1/5P2/8/5KN1/r7/8/8 b - -,a7a2 b1b2 f8e7 g2g4 a2a3 c2d2 h7h5 f1g1 a8a7 g4h5,Mate
6k1/R4p2/6bp/2p5/2P1nr2/1P3B2/P4PKP/3N4 b - -,h6h5 d1e3 e4d2 f3d5 h5h4 a7c7 g6e4 d5e4 d2e4 e3d1,277
r3k2r/pbqn1ppp/4pn2/8/PbpP4/5NN1/1PBB1PPP/R2QR1K1 b kq -,a7a5 a1c1 c7b6 g3e4 e8h8 f3e5 b7e4 e5d7 f6d7 c2e4,-20
r4rk1/1ppbqp1n/n2p2p1/p2Pp3/2P1Pb1p/PPN2P2/1R1NBBPP/3Q1R1K b - -,h7f6 b3b4 a5b4 a3b4 f6h5 d1e1 f4g5 c4c5 d6c5 b4b5,-27
8/6B1/4kb1P/4ppp1/6p1/8/P3KP2/8 b - -,g4g3 f2g3 f6g7 h6g7 e6f7 a2a4 f7g7 a4a5 g7g8 a5a6,627
r4rk1/p3b1pp/1pn1p3/2P2pN1/8/1P2PN2/P4PPP/R2R2K1 b - -,f8f6 c5b6 a7b6 f3d4 e6e5 d4b5 h7h6 g5f3 e5e4 f3d4,78
r1bqkb1r/pp3p1p/2n1pnp1/1N2N3/Q1pP4/8/PP3PPP/R1B1KB1R b KQkq -,f8b4 e1e2 f6d5 a2a3 e8h8 a3b4 c6e5 d4e5 c8d7 h2h4,-289
r5k1/ppp2p1p/2n3p1/4b3/2P1r3/1P2B2P/P4KP1/1R3B1R b - -,a8e8 e3g5 e5d4 f2g3 h7h5 g3h2 d4e5 g2g3 h5h4 h1g1,-383
rnb1kb1r/ppq2ppp/2p2n2/4p3/3pP3/N1PP2P1/PP3P1P/R1BQKBNR b KQkq -,f8a3 b2a3 d4c3 d1b3 e8h8 b3c3 f8e8 f2f4 e5f4 g3f4,-91
r1bqk2r/pppp1pp1/2n2n1p/1B2P3/3P4/8/PPP2RPP/RNBQ2K1 b kq -,f6e4 f2e2 d7d5 e5d6 f7f5 e2e4 f5e4 d1h5 e8f8 d4d5,259
3Q1k2/6pp/5p2/3p4/3P4/5N2/nq3PPP/r1B3K1 b - -,,0
3r2k1/3b1pp1/1q2p2p/2R3P1/ppBPP3/4QP1P/P4K2/8 b - -,h6g5 e3g5 d7e8 f2g2 b4b3 a2b3 a4a3 b3b4 d8b8 d4d5,-122
r2q1rk1/1pp2pp1/2np1nQp/4pN2/p1B1P3/2NPP2P/PPP3P1/R4RK1 b - -,d8c8 g5h6 g7h6 e4e5 g8g7 h3h4 c8c5 d4c5 b6a5 e3d4,Mate
r3k2r/ppp2ppp/2n5/4p1N1/8/3P3b/PPPQ1PBP/R3K2R b KQkq -,h3g2 h1g1 h7h6 g1g2 h6g5 d2g5 g7g6 g5f6 h8h7 e1f1,505
r2qkb1r/1pp3pp/p1n1bp2/3pp3/Q3P3/2PP1N1P/PP3PP1/R1B1KN1R b KQkq -,d5e4 d3e4 d8d3 c1e3 b7b5 a4d1 d3e4 f1g3 e4d5 d1b1,-215
5k2/R7/4p1p1/5r2/6K1/6PP/8/8 b - -,,0
rn1qr1k1/2pb4/5bQ1/p2Pp3/2p2P2/P1N1B3/1PBK4/7R b - -,f5h5 a7a6 f8f7 h3h4 h5f5 a6a3 f7g7 g4h3 g7f6 a3a6,Mate
8/5Pk1/5n2/2BB1P1p/pp6/8/2K4P/8 b - -,f5h5 a7a6 f8f7 h3h4 h5f5 a6a3 f7g7 g4h3 g7f6 a3a6,Mate
6k1/1r3pp1/5n1p/3p4/3K4/2P2PPP/P6R/8 b - -,b7c7 h2b2 c7c4 d4d3 c4a4 d3c2 g8f8 c2b3 a4a7 b2e2,-375
4k3/5R2/7p/2NB2p1/P2p4/7P/6PK/8 b - -,b7c7 h2b2 c7c4 d4d3 c4a4 d3c2 g8f8 c2b3 a4a7 b2e2,Mate
8/6p1/8/8/4KPk1/8/8/5bB1 b - -,,0
r1bqkb1r/ppppnpp1/2n5/1B5p/3NP3/2N5/PPP2PPP/R1BQK2R b KQkq -,a7a6 b5a4 c6d4 d1d4 b7b5 a4b3 d7d6 d4d3 c7c5 b3d5,97
r4rk1/1b3ppp/pp2pq2/P1b4Q/2N1P3/6B1/1P3PPP/3R1RK1 b - -,e6e5 a5b6 f6c6 h5e5 c5b6 e5d5 a8c8 c4d6 c6d5 e4d5,194
r3r1k1/pbq2ppp/3B1n2/1p6/2pPp3/2P1Q2P/PP1NNPP1/2R1R1K1 b - -,c7c6 d6e5 f6d5 e3g3 f7f6 d2e4 f6e5 d4e5 c6c7 f2f4,371
r3kbnr/pp3ppp/8/1BpP1b2/8/8/PPP2PPP/RNB1K2R b KQkq -,f5d7 b5d3 e8a8 e1h1 f8d6 c2c4 f7f5 c1d2 g8f6 b1c3,153
r2b1r2/1p3pkp/p2p4/3Pp1P1/4q3/1N2B2Q/PPP4P/5RK1 b - -,e4c2 b3d2 g7h8 f1f2 c2g6 f2f5 d8e7 d2f3 f8c8 g1h1,-311
rn2kbnr/ppp1pppp/8/q7/P2P4/2N5/1PP1NPPP/R1BQK2R b KQkq -,b8a6 e1h1 g8f6 e2g3 e7e6 c3e4 f6e4 g3e4 a5d5 d1e2,72
r1bqkbnr/1p4pp/p1np4/1N2ppB1/2P1P3/2N5/PP3PPP/R2QKB1R b KQkq -,g8f6 g5f6 g7f6 d1h5 e8d7 h5f5 d7e8 f5h5 e8d7 c3d5,233
5Q2/6k1/8/2Bn1P1p/pp6/8/2K4P/8 b - -,g8f6 g5f6 g7f6 d1h5 e8d7 h5f5 d7e8 f5h5 e8d7 c3d5,Mate
r7/r3kp1p/3pp1p1/1B2b3/4P3/1PP1P2P/2K3P1/1R3R2 b - -,a8c8 b5a4 c8c3 c2d2 c3c8 b1c1 c8b8 c1c4 h7h5 g2g4,-70
2R5/1R4p1/3k1r1p/1P1r1p2/P7/3n1K2/6PP/8 b - -,d3e5 f3e2 f6e6 b7b6 d6d7 b6e6 d7c8 h2h4 c8d7 e6a6,-146
8/5kP1/8/4ppp1/P5p1/8/4KP2/8 b - -,g4g3 f2g3 f5f4 a4a5 f4g3 a5a6 g3g2 e2f2 g2g1q f2g1,960
8/3Q1kpp/5p2/3p4/3P4/5N2/nq3PPP/r1B3K1 b - -,,0
r1bqk2r/pppp1pp1/2n4p/1B2P3/3Pn3/5Q2/PPP2RPP/RNB3K1 b kq -,e4f2 f3f2 e8h8 b1c3 d7d6 e5d6 d8d6 c1e3 a7a6 b5c4,-118
r4rk1/1q2Bppp/pn6/1pp5/4P3/5N2/PP2QPPP/R2R2K1 b - -,b7e7 b2b3 f8e8 a1c1 h7h6 h2h3 c5c4 e2e3 e7e6 e3c5,-16
rnbq1rk1/ppp2pp1/3p4/4p3/4P1n1/2NPP1Q1/PPP3PP/R3KBNR b KQ -,c7c6 h2h3 g4f6 f1e2 f8e8 h3h4 b8d7 h4h5 f6h7 g1f3,116
r2k1br1/pbpp2pp/1p2n3/4Pq2/3P4/2P2N2/PP3PPP/R1BQR1K1 b - -,b7f3 g2f3 g7g5 d1e2 g5g4 f3f4 c7c6 e2c4 a8c8 c1e3,-294
6k1/pp1n3p/4rpp1/2qB4/8/1P4P1/P1P2R1P/Q5K1 b - -,c5d5 a1c3 d7e5 h2h3 g8g7 g3g4 g6g5 c3c7 e5f7 c7c3,-548
8/1K6/7p/6k1/8/8/8/R7 b - -,h6h5 b7c6 h5h4 a1h1 g5g4 c6d6 g4g3 d6e6 h4h3 e6f6,Mate
rn2kb1r/3p2pp/1q2p3/4P3/2pQb3/2B5/PP3PPP/R3KBNR b KQkq -,b6d4 c3d4 f8b4 d4c3 b4c3 b2c3 b8c6 h2h4 c6e5 h1h3,-146
2rq1rk1/pb1nbppp/1p2pn2/2pP4/3P4/1P1BPN1P/PB1N1PP1/2RQ1RK1 b - -,,0
r3kb1r/pp2nppp/1qn1p3/3pPb2/3P4/5N2/PP2BPPP/RNBQ1RK1 b kq -,f5e4 c1e3 e4f3 e2f3 b6b2 b1d2 e7f5 d2b3 b2a3 a1b1,-95
4r3/p3qp1n/1p3kpQ/2p5/4P3/8/PPP1B3/2K2R2 b - -,f6e6 e2c4 e6d7 f1f7 e7f7 c4f7 h7f8 h6d2 d7e7 f7e8,813
r1bqkb1r/ppppnpp1/8/1B5p/3QP3/2N5/PPP2PPP/R1B1K2R b KQkq -,e7c6 d4e3 a7a6 b5a4 f8b4 c1d2 d7d6 a4c6 b7c6 e3d4,94
rn3rk1/ppq3bp/2ppbnp1/4pp2/2PP4/BPN1P1P1/P1Q1NPBP/R4RK1 b - -,e5e4 d4d5 e6f7 d5c6 b7c6 c2d2 f8d8 a1d1 c7b7 h2h3,46
6k1/4n1p1/1p1pPp1p/p1pP3P/P1P1K1P1/1P6/8/2B5 b - -,g8h7 c1f4 e7c8 e6e7 c8e7 f4d6 e7c8 d6c7 g7g6 h5g6,662
8/8/5B2/7p/6k1/4K1b1/8/8 b - -,,0
5k2/5pp1/8/1pb1P3/2p2P1p/2P5/1P4K1/1N3R2 b - -,f8e7 b1a3 b5b4 c3b4 c5b4 a3c4 e7e6 g2h3 e6d5 c4d6,567
r3r1k1/pb3ppp/3q1n2/1p6/2pPp3/2P3QP/PP1NNPP1/2R1R1K1 b - -,d6d7 d2f1 a7a5 a2a3 a5a4 f1e3 a8d8 g3h4 h7h6 e2g3,27
r4rk1/1ppb1p1n/n2p2p1/3Pp1q1/1PP1Pb1p/2N2P2/1R1NBBPP/3Q1R1K b - -,a6b4 c4c5 h4h3 g2g3 f4d2 b2d2 b4a6 c5d6 c7d6 d2b2,-54
r4rk1/4qppp/pn6/1pp5/4P3/1P3N2/P3QPPP/R2R2K1 b - -,f8e8 a1c1 h7h6 h2h3 c5c4 e2e3 e7e6 e3c5 a8c8 c5a3,-15
8/8/2K5/6kp/8/8/8/R7 b - -,h5h4 c6d5 g5f4 d5d4 h4h3 a1h1 f4g3 h1g1 g3f2 g1d1,Mate
2r5/r3kp1p/3pp1p1/4b3/2B1P3/1PP1P2P/2K3P1/1R3R2 b - -,d6d5 e4d5 e6d5 c4b5 a7a2 c2d1 e5c3 b1c1 a2d2 d1e1,-335
r2qr1k1/1b3pb1/pn1Ppnpp/1p6/4NB2/QBNP4/PP3PPP/R3R1K1 b - -,f6d5 b3d5 b6d5 c3d5 b7d5 a1c1 g6g5 f4e3 f7f5 e4c3,84
2rq1rk1/pb1nbppp/1p2p3/2pn4/3PP3/1P1B1N1P/PB1N1PP1/2RQ1RK1 b - -,d5f4 d3b5 c5d4 c1c8 d8c8 b2d4 d7c5 d4e3 c8b8 f3d4,-80
1q4k1/3r1bp1/p2P1p1p/P7/1P1R1QPP/2P3K1/5P2/8 b - -,d7d8 d6d7 b8f4 g3f4 g8f8 d4d6 f7c4 d6c6 c4d3 c3c4,-52
3r1rk1/p1n2p1p/1pp3p1/4p2n/1N1qP2b/1P3Q1P/P2P1P2/1RB2RK1 b - -,d4b4 d2d4 d8d4 c1e3 c7e6 b1d1 h5f4 e3f4 e6f4 a2a3,-797
R7/1p6/k1p5/p7/Q7/2q4P/5PP1/6K1 b - -,a6b6 a4e4 b6c7 e4f4 c7b6 g1h2 c6c5 f4e4 c3d4 e4e6,603
r4bnr/pp1k1ppp/8/2pP4/2P5/8/PP3PPP/RNB1K2R b KQ -,a8e8 c1e3 f7f5 e1h1 g8f6 b1c3 f8d6 c3b5 e8e4 a1c1,133
r4qk1/3n2pR/pp1b1pQB/3bpP2/4P3/8/PP4PP/2R4K b - -,a8e8 c1e3 f7f5 e1h1 g8f6 b1c3 f8d6 c3b5 e8e4 a1c1,Mate
5r1k/p7/1p2pP2/2n4p/2P5/2B4R/P6P/6K1 b - -,,0
r5k1/ppp2p1p/2n3p1/8/2Pbr3/1P2BK1P/P5P1/1R3B1R b - -,e4e3 f3f2 e3b3 f2e2 a8e8 e2d2 b3b1 f1e2 b1h1 e2f3,-1318
8/8/8/3K2k1/7p/8/8/R7 b - -,g5f4 a1a4 f4g3 a4a3 g3g4 a3a2 h4h3 d5e5 g4g3 a2a3,Mate
r2qr1k1/1b3pb1/pn1Pp1pp/1p6/4PB2/QBN5/PP3PPP/R3R1K1 b - -,h6h5 a3b4 b6d7 a1c1 a8c8 c3e2 b7c6 b4d2 a6a5 a2a3,136
r5k1/6pp/8/2r2N2/2n5/p1R5/6PP/R5K1 b - -,c5f5 c3c4 f5b5 c4c2 g8f7 a1a2 f7e6 h2h3 b5b3 c2d2,-216
rn3rk1/ppq3bp/2ppbnp1/5p2/2PPp3/BPN1P1P1/P1Q1NPBP/3R1RK1 b - -,e6f7 d4d5 c6c5 e2f4 c7e7 f2f3 e4f3 g2f3 b8d7 f4e6,38
5k2/5p2/6p1/1pb1P3/2p2P2/N1P4K/1P6/5R2 b - -,f7f6 e5f6 f8f7 a3b5 f7f6 h3g4 f6g7 f1d1 g7f7 b5d6,797
2rq1rk1/pb1nbppp/1p2p3/2pn4/3P4/1P1BPN1P/PB1NQPP1/2R2RK1 b - -,,0
r2k1br1/p1pp2pp/1p2n3/4Pq2/3P4/2P2Q2/PP3PPP/R1B1R1K1 b - -,f5f3 g2f3 c7c6 a2a4 f8e7 a4a5 b6b5 e1d1 a7a6 c1e3,-290
1rbk1b1r/ppP1pppp/3q4/3N4/2P1n3/8/PP1N1PPP/R2QKB1R b KQ -,d8d7 d2e4 e7e5 e4d6 f8d6 d1g4 d7c6 c7b8n d6b8 g4g7,1267
2rqr1k1/pb2Bp1p/1pn1p1p1/3n4/B2P4/P1NQ1N2/1P3PPP/3RR1K1 b - -,,0
2rr4/1b1pkp1N/4p1p1/p7/2P5/1P6/P4PPP/3RR1K1 b - -,f7f6 d1d4 c8c5 e1d1 b7c6 d4f4 c5f5 d1d4 d8h8 f4f5,-167
R7/1p6/1kp5/Q7/8/2q4P/5PP1/6K1 b - -,c3a5 a8a5 b6a5 f2f4 c6c5 f4f5 c5c4 g1f2 a5a4 f5f6,377
6k1/pp1n3p/4rpp1/3q4/8/1P4P1/P1P4P/5RK1 b - -,c3a5 a8a5 b6a5 f2f4 c6c5 f4f5 c5c4 g1f2 a5a4 f5f6,Mate
rn1qkbnr/ppp2ppp/8/3p4/2PP4/7P/PP3P1P/RNBQKB1R b KQkq -,b8c6 b1c3 g8f6 c4d5 f6d5 f1g2 d8e7 c3e2 e8a8 e1h1,-12
2rb1r2/1p3pkp/p2p4/3Pp1P1/4q3/4B2Q/PPPN3P/5RK1 b - -,e4a4 h3c8 d8g5 c8h3 g5e3 h3e3 f8g8 g1h1 a4c2 e3f3,377
r2qk2r/1bp1b1p1/p3pn1p/3pN3/R2Pn3/2PB4/1P1N1PPP/2BQR1K1 b kq -,e7d6 e5g6 h8f8 f2f3 e4d2 c1d2 f8g8 d1c2 e8d7 b2b3,375
5k2/6R1/5P2/5K2/r5N1/8/8/8 b - -,e7d6 e5g6 h8f8 f2f3 e4d2 c1d2 f8g8 d1c2 e8d7 b2b3,Mate
2n3k1/6p1/1p1pPp1p/p1pP1K1P/P1P3P1/1P6/8/2B5 b - -,g8h8 e6e7 c8e7 f5e6 e7g8 c1f4 f6f5 g4f5 g8f6 f4d6,743
r3k2r/pp3ppp/2p1p3/3pP2b/Nq3BnP/4PP2/P3K3/R2Q1B1R b kq -,g4e5 f4e5 b4e4 e2f2 e4e5 f1e2 e8h8 a4c5 e5c7 d1d2,-25
3br1k1/2q3p1/b1p1p2p/p1p2R2/P1Np1P2/BP1P4/2PQ2PP/5RK1 b - -,d8e7 f5e5 a6c4 b3c4 e7d6 e5e4 e8f8 a3c1 f8f6 d2e2,936
r1bq1rk1/pp2ppbp/3p2p1/2pP4/2P1PP2/2NB3P/PP4P1/R2Q1RK1 b - -,e7e6 d1c2 e6d5 c3d5 c8e6 a1e1 e6d5 c4d5 a8b8 b2b3,-17
5k2/R7/4p1p1/1r6/6KP/6P1/8/8 b - -,,0
r4rk1/pb2bppp/1n1N4/3p4/5B1P/8/PP3PP1/2KR1B1R b - -,b7c8 d6c8 a8c8 c1b1 f8d8 h4h5 e7f6 g2g4 b6a4 d1d2,104
r1bqk2r/pppp1pp1/2n2n1p/4N3/4P3/1B6/PPPP1RPP/RNBQ2K1 b kq -,c6e5 d2d4 e5g4 f2f4 d7d5 e4e5 g7g5 f4f6 g4f6 e5f6,281
8/4k3/3p1pp1/p3p2p/P1PnP1PP/2K5/5P2/3B4 b - -,g6g5 g4h5 g5h4 d1g4 d4e6 h5h6 e6g5 f2f3 e7f7 c4c5,-222
rnb2rk1/ppp2pp1/3p4/4p1q1/4P1n1/3PP1Q1/PPP3PP/R2NKBNR b KQ -,g5h6 h2h4 b8c6 f1e2 g4f6 g1f3 d6d5 f3g5 a7a5 e4d5,128
r3r1k1/pb3ppp/5n2/1p1q4/2pPpN2/2P3QP/PP1N1PP1/2R1R1K1 b - -,d5c6 d2f1 h7h6 b2b3 g8h7 f1e3 g7g5 f4e2 f6d5 c1b1,65
2rq1rk1/pb1nbppp/1p2p3/3n4/3N4/1P1BP2P/PB1NQPP1/2R2RK1 b - -,,0
8/6p1/3p4/3k1pp1/r2P4/P2R3P/4KP2/8 b - -,d5e4 d3e3 e4d4 e3d3 d4e5 d3e3 e5f6 e3d3 a4e4 e2f3,-41
8/4R1p1/5r1p/PPnk1p2/8/5K2/6PP/8 b - -,c5b3 e7g7 b3d4 f3g3 d4b5 g3f4 b5c3 f4f3 d5d4 g2g4,-102
5k2/6p1/1q2p1p1/QP1pp3/8/1P5P/5PP1/R5K1 b - -,b6d4 b5b6 f8f7 b6b7 g6g5 b7b8q f7g6 b8e8 g6h6 e8h8,1792
r2k1br1/p1pp2pp/1p2n3/4P3/3P4/2P2P2/PP3P1P/R1B1R1K1 b - -,c7c6 b2b4 d7d5 f3f4 g7g6 g1f1 d8d7 a2a4 a7a5 b4a5,-298
4r2k/1p4p1/1pb5/8/3P1n2/2P3N1/PP3K1P/R1B2R2 b - -,c7c6 b2b4 d7d5 f3f4 g7g6 g1f1 d8d7 a2a4 a7a5 b4a5,Mate
rnbqkb1r/ppp3p1/3p1n1p/4pPP1/5P2/8/PPPP2BP/RNBQK1NR b KQkq -,h6g5 f4g5 f6g8 d2d4 b8c6 d4d5 c6e7 b1c3 c8f5 c1e3,40
2r5/r3kp1p/4p1p1/3Pb3/2B5/1PP1P2P/2K3P1/1R3R2 b - -,e6d5 c4b5 a7a2 c2d1 e5c3 b1c1 a2d2 d1e1 d2g2 e1d1,-354
8/1p6/1kp5/R7/8/7P/5PP1/6K1 b - -,b6a5 f2f4 c6c5 f4f5 c5c4 g1f2 a5a4 f5f6 c4c3 f6f7,437
1rbk1b1r/ppN1pppp/8/8/2P1n3/8/PP1N1PPP/R2QKB1R b KQ -,d8c7 d2e4 c8d7 d1d5 b8e8 e1a1 d7c6 d5a5 c7c8 e4g5,884
4rb1r/pp1k1ppp/5n2/2pP4/2P5/4B3/PP3PPP/RN3RK1 b - -,f8d6 b1c3 f6g4 h2h3 g4e3 f2e3 e8e7 f1f3 g7g6 a1f1,117
8/pp4p1/2p5/2Pk2p1/1P1r1p2/P4P2/2R1K1PP/8 b - -,,0
rn3rk1/ppq2bbp/2pp1np1/5p2/2PPpN2/BPN1P1P1/P1Q2PBP/3R1RK1 b - -,g6g5 f4e2 b8d7 f2f3 e4f3 f1f3 f7g6 d1f1 a8e8 c2d2,-30
5r2/p6k/1p2pP2/2n4R/2P5/2B5/P6P/6K1 b - -,h7g6 h5h4 g6f5 h4h3 c5e4 c3b2 e4d2 c4c5 b6c5 h3h5,3
6k1/pp1n3p/5pp1/3q4/8/1P4P1/P1P1rR1P/6K1 b - -,h7g6 h5h4 g6f5 h4h3 c5e4 c3b2 e4d2 c4c5 b6c5 h3h5,Mate
8/4k3/3p1pp1/p3p3/P1PnP1BP/2K5/5P2/8 b - -,,0
8/8/8/7p/6kB/4K3/8/8 b - -,,0
r3k2r/pppqnppp/1b1p1B2/3Pp3/2B5/3P1N1P/PPP2PP1/R2QK2R b KQkq -,g7f6 c2c3 e8a8 d1e2 a7a6 g2g3 c8b8 e1a1 f6f5 d3d4,6
4r3/p1k1qR1n/1p4p1/2p5/2B1P3/8/PPPQ4/2K5 b - -,a7a6 d2h2 c7d7 h2h7 b6b5 c4d5 g6g5 h7f5 d7c7 f7e7,900
3q1rk1/pb1nbppp/1p2p3/3n4/3N4/1P1BP2P/PB1NQPP1/2R3K1 b - -,,0
rnbqkb1r/ppp3p1/3p1n2/4pPP1/8/8/PPPP2BP/RNBQK1NR b KQkq -,f6g8 d2d4 b8c6 d4d5 c6d4 g1e2 d4f5 d1d3 f8e7 g2e4,60
8/1p6/2p5/k7/7P/8/5PP1/6K1 b - -,b7b5 h4h5 b5b4 h5h6 b4b3 h6h7 b3b2 h7h8q b2b1q g1h2,17
rn1q1rk1/p4ppp/bp2p3/2bn4/8/P4NP1/1P1NPPBP/R1BQR1K1 b - -,b8d7 e2e4 d5f6 b2b4 c5e7 e4e5 f6d5 f3d4 a6b7 d1g4,67
5k2/8/5KP1/8/4R3/8/6r1/8 b - -,,0
8/5p1p/6p1/4P1P1/p2p1k1P/P2K4/1P6/8 b - -,f4e5 b2b4 a4b3 a3a4 e5d5 d3d2 d5c5 d2d3 c5b4 a4a5,-793
r1bqk2r/pppp1pp1/2n2n1p/4P3/3P4/1B6/PPP2RPP/RNBQ2K1 b kq -,d7d5 e5f6 g7g5 b3a4 d8d6 c2c4 c8e6 c4c5 d6d7 b2b4,530
r2qk2r/1p2bp1p/p1bppp2/8/3QP3/4NN2/PPP2PPP/R4RK1 b kq -,d8d7 f3d2 h8g8 c2c4 b7b5 f1c1 d7b7,50
1q4k1/3r2p1/p2Pbp1p/P5P1/1P1R1Q1P/2P3K1/5P2/8 b - -,h6g5 h4g5 b8b5 g5f6 b5f1 g3f3 d7f7 d6d7 e6d7 f4b8,-124
5b1r/N1p1pppp/2R5/1R1rkn2/5P2/4B3/P3K1PP/8 b - -,e5e4 c6c4 f5d4 c4d4 e4f5 d4d5 f5g6 f4f5 g6h5 f5f6,1553
3r2k1/p1nr1p1p/1pp3pB/4p2n/1P2P2b/P2P1Q1P/2q2P2/1R1R2K1 b - -,d7d3 d1c1 c2c1 b1c1 d3f3 h6e3 h5f4 e3f4 e5f4 c1f1,-1346
3q1rk1/pb2bppp/1p2p3/2nn4/3N4/1P2P2P/PB1NQPP1/1BR3K1 b - -,,0
8/5R2/8/1p3b2/7K/7P/k5P1/5r2 b - -,a2b2 g2g4 f5d3 f7d7 b2c3 d7c7 d3c4 g4g5 b5b4 h4h5,-575
r4rk1/pb3ppp/1n1B4/3p4/7P/8/PP3PP1/2KR1B1R b - -,f8c8 c1b1 a7a5 d6e5 b6c4 e5d4 a5a4 h4h5 h7h6 h1h3,121
5k2/6R1/5PK1/r7/6N1/8/8/8 b - -,f8c8 c1b1 a7a5 d6e5 b6c4 e5d4 a5a4 h4h5 h7h6 h1h3,Mate
1r4k1/5ppp/2q2bb1/3p4/4p3/B1p3R1/B5QP/4R2K b - -,b8a8 a3c1 f6h4 g3g6 h7g6 e1f1 h4f6 f1g1 a8b8 g2c2,-349
r1bq1rk1/pp2p1bp/3p2p1/2pP1p2/2P1PP2/2NB1Q1P/PP4P1/R4RK1 b - -,d8b6 a1b1 b6a5 e4f5 c8f5 d3f5 f8f5 f3e2 a8f8 e2e7,34
5k2/5p2/6p1/2b1P3/1Pp2P2/N6K/1P6/5R2 b - -,c5b4 a3c4 f8e7 h3g4 e7f8 f1d1 b4e7 d1d7 g6g5 f4g5,848
8/8/4K3/4P1b1/8/5k2/8/8 b - -,,0
3r2k1/1b3ppp/p7/3p4/8/2N5/PPP2KPP/3R4 b - -,g8f8 c3e2 d8d6 d1d3 d6b6 b2b3 b6h6 d3c3 d5d4 c3c7,40
3q1rk1/pb2bppp/1p2pn2/2n5/2NN4/1P2P2P/PB2QPP1/1BR3K1 b - -,,0
5b1r/N1p1pppp/8/1R1r1n2/2R1kP2/4B3/P3K1PP/8 b - -,f5d4 c4d4 e4f5 d4d5 f5g6 f4f5 g6h5 f5f6 h5g6 f6g7,Mate
8/1K6/8/6kp/8/8/8/6R1 b - -,g5f5 b7c6 h5h4 c6d5 f5f4 g1f1 f4g3 d5e4 h4h3 f1g1,Mate
8/5p1p/6p1/P2k2P1/3p3P/1p1K4/8/8 b - -,d5c6 a5a6 c6b6 a6a7 b6a7 d3d2 a7a6 d2d3 a6a5 d3d2,-830
1r1r2k1/pbqnbp1p/6p1/2pp4/N6P/1P2PN2/P3QPP1/1BRR2K1 b - -,b7c6 e3e4 d5d4 b1d3 d8e8 c1c2 e7d6 d1c1 c7b7 f3d2,-103
1R6/4r3/3k3p/P5p1/3pB3/7P/6PK/8 b - -,,0
rn3rk1/ppq2bbp/2pp1n2/5pp1/2PPp3/BPN1P1P1/P1Q1NPBP/3R1RK1 b - -,c7e7 f2f3 e4f3 g2f3 f7g6 c2d2 b8d7 d1e1 a7a5 f3g2,-39
5k2/5p2/6p1/4P3/1bN2P2/7K/1P6/5R2 b - -,f8e8 h3g4 e8e7 f1d1 f7f6 e5f6 e7f6 d1d6 f6e7 g4g5,930
8/8/2p4P/k7/1p6/8/5PP1/6K1 b - -,b4b3 h6h7 b3b2 h7h8q b2b1q g1h2 b1e4 h8c3 a5b5 f2f3,4
r2q1rk1/bpp2pp1/2np3p/p3p3/P1B1P2N/2P3NP/1P3PP1/R1BQ2K1 b - -,c6e7 g3h5 d6d5 d1g4 g7g6 c1h6 d8d6 c4d5 g8h7 h6f8,353
3Q1k2/6p1/4p1p1/1P1pp3/3q4/1P5P/5PP1/R5K1 b - -,c6e7 g3h5 d6d5 d1g4 g7g6 c1h6 d8d6 c4d5 g8h7 h6f8,Mate
r4rk1/1p2bppp/p1n1pn2/q2P4/P1B2B2/2N2Q2/1P3PPP/3R1RK1 b - -,f8c8 d5c6 c8c6 c4b3 a8c8 c3e4 a5f5 e4g3 f5g4 f3g4,352
rn1q1rk1/1p2bppp/p2pbn2/4p3/4PP2/2NB4/PPP1N1PP/R1BQ1R1K b - -,b7b5 a2a4 b5b4 c3d5 e6d5 e4d5 b8d7 e2g3 f8e8 a4a5,52
r2k1br1/p2p2pp/1pp1n3/4P3/1P1P4/2P2P2/P4P1P/R1B1R1K1 b - -,d7d5 a2a4 f8e7 b4b5 d8d7 c1e3 g8c8 f3f4 g7g6 e1c1,-303
8/8/3K4/4P1b1/4k3/8/8/8 b - -,,0
r3k2r/1q2b1pp/pn3p2/1ppR4/4PB2/5N2/PP2QPPP/3R2K1 b kq -,e8h8 d5d2 c5c4 f4d6 a8e8 d6e7 e8e7 d2d6 b6a4 e4e5,-8
r3k2r/pp2nppp/3np3/q2p1b2/3N4/1PP1P3/P2NBPPP/R1Q1K2R b KQkq -,a8c8 c3c4 d6e4 a2a3 d5c4 b3b4 a5d5 e2c4 d5d7 c1b2,-16
8/4k3/3p1p2/p3p1pP/P1PnP2P/2K5/5P2/3B4 b - -,g5h4 d1g4 d4e6 h5h6 e6g5 c4c5 d6c5 c3c4 e7f7 f2f3,-202
q4rk1/pb2bppp/1p2pn2/2n1N3/3N4/1P2P2P/PB2QPP1/1BR3K1 b - -,,0
8/1K6/8/7p/5k2/8/8/7R b - -,f4g4 h1g1 g4f3 g1f1 f3g2 f1a1 h5h4 b7c6 h4h3 a1a3,Mate
rnbqk2r/p2p1ppp/2p2n2/bp2p1B1/4P3/1BPP1N2/PP3PPP/RN1QK2R b KQkq -,d7d6 b1d2 e8h8 e1h1 h7h6 g5h4 b8d7 f1e1 a8b8 h2h3,29
7r/3P4/8/R1b1k3/3p4/3pp3/8/4KR2 b - -,d7d6 b1d2 e8h8 e1h1 h7h6 g5h4 b8d7 f1e1 a8b8 h2h3,Mate
3r2k1/1b4pp/p4p2/3p4/N7/8/PPP2KPP/3R4 b - -,b7c6 a4c5 d8b8 b2b3 a6a5 d1d2 g8f7 f2e3 b8b4 c2c3,42
rn3rk1/ppq3bp/2pp1nb1/5pp1/1PPPp3/B1N1P1P1/P1Q1NPBP/3R1RK1 b - -,b8d7 b4b5 c6c5 h2h4 g5h4 e2f4 a8e8 g2h3 c5d4 d1d4,-55
5r2/1p3pkp/p2p2q1/3Pp1b1/8/2Q1B3/PPPN3P/5RK1 b - -,h7h6 e3g5 f7f5 d2c4 h6g5 c3b4 f8f6 b4b7 g7h6 c4e3,317
8/8/3p2p1/3k1pp1/r2P4/P2R3P/3K1P2/8 b - -,f5f4 d2c2 a4a5 c2d2 a5a7 d2e2 d5e4 d4d5 a7a5 e2d2,-82
r1bqk2r/pp3p1p/2n1pnp1/1N2N3/QbpP4/8/PP2KPPP/R1B2B1R b kq -,f6d5 a2a3 e8h8 a3b4 c6e5 d4e5 c8d7 h2h4 a7a6 a4d1,-259
5b1r/N1p1pppp/8/1R1r4/3RkP2/4B3/P3K1PP/8 b - -,e4f5 d4d5 e7e5 d5e5 f5f6 e3d4 h7h6 e5e8 f6g6 b5b8,Mate
r1bqk2r/ppp2ppp/2np1n2/b2B2B1/Q2pP3/2P2N2/P4PPP/RN2K2R b KQkq -,a5b6 g5f6 g7f6 f3d4 a8b8 d4c6 b7c6 d5c6 e8f8 e1h1,-67
8/p5p1/1Pp5/3k2p1/1P1r1p2/P4P2/2R1K1PP/8 b - -,,0
6k1/R4p2/6b1/2p4p/2P1nr2/1P2NB2/P4PKP/8 b - -,e4d2 f3d5 d2e4 d5e4 g6e4 g2g1 f7f5 a7c7 f4f3 c7c5,323
r1b2rk1/ppp2pp1/2np4/4p1q1/4P1n1/3PP1QP/PPP3P1/R2NKBNR b KQ -,c6b4 h3g4 b4c2 e1d2 c2a1 g1f3 g5g6 f1e2 f7f6 d1c3,269
8/8/4K3/4P3/4kb2/8/8/8 b - -,,0
r4rk1/ppqn2bp/2pp1nb1/2P2pp1/1P1Pp3/B1N1P1P1/P1Q1NPBP/3R1RK1 b - -,d6d5 a3c1 a7a6 a2a4 a8e8 b4b5 f8f7 c1d2 h7h5 b5a6,-120
6k1/p1n2p1p/1pp3p1/4p2n/1P2P2b/P3B2P/5PK1/3q4 b - -,d6d5 a3c1 a7a6 a2a4 a8e8 b4b5 f8f7 c1d2 h7h5 b5a6,Mate
rnbqkb1r/pp3ppp/5n2/1Bp5/3p4/2N1PNP1/PP1P1P1P/R1BQK2R b KQkq -,b8c6 e3d4 c5d4 c3e2 f8c5 b5c6 b7c6 e1h1 e8h8 b2b4,-131
r1bqk2r/pppp1Pp1/7p/6B1/3n4/1B3Q2/PPP2RPP/RN4K1 b kq -,e8f8 g5d8 d4f3 f2f3 g7g6 d8c7 d7d5 c7d6 f8g7 d6e5,1084
5k2/5p2/6p1/4P3/5P2/7K/1P1N4/5R2 b - -,e8f8 g5d8 d4f3 f2f3 g7g6 d8c7 d7d5 c7d6 f8g7 d6e5,Mate
r1bq1rk1/pp2p1bp/3p2p1/2pP4/2P1NP2/3B1Q1P/PP4P1/R4RK1 b - -,e7e5 d5e6 c8e6 e4g5 d8f6 a1d1 a8e8 b2b3 e6c8 d3e4,57
8/5p1p/P5p1/2k3P1/3p3P/1p1K4/8/8 b - -,e7e5 d5e6 c8e6 e4g5 d8f6 a1d1 a8e8 b2b3 e6c8 d3e4,Mate
r3k2r/pp2nppp/3np3/q2p1b2/3P4/1PP2N2/P2NBPPP/R1Q1K2R b KQkq -,a8c8 c3c4 d5c4 b3c4 d6c4 e2c4 b7b5 e1h1 b5c4 d2c4,-214
8/8/2Q5/8/1k6/8/5PPK/4q3 b - -,e1f2 c6e4 b4b5 h2h3 f2f1 h3g4 f1d1 g4f4 d1d2 f4f5,27
8/8/8/8/4K2p/6k1/8/7R b - -,h4h3 h1g1 g3f2 g1g8 h3h2 g8h8 f2g1 e4f3 h2h1q h8h1,Mate
r4rk1/1q2b1pp/pn3p2/1pp5/4PB2/5N2/PP1RQPPP/3R2K1 b - -,c5c4 f4d6 b6a4 e4e5 f6e5 f3e5 c4c3 b2c3 a4c3 e2g4,-14
r1qb1rk1/1p3pp1/p2p1n2/N2Pn2p/1PP1p3/4BP2/P2QB1PP/2R2RK1 b - -,h5h4 f3f4 e5g4 e3d4 f8e8 h2h3 e4e3 d2c2 g4h6 e2d3,56
rnbq1rk1/pp2bppp/2p2n2/3P4/3P4/2N3P1/PP3PBP/R1BQK1NR b KQ -,e7b4 d5c6 f8e8 g1e2 b8c6 e1h1 b4c3 b2c3 c8g4 f1e1,55
rnb1k2r/ppp2ppp/1b1p4/8/1PN1n2q/2P2PP1/P2PB2P/RNBQK2R b KQkq -,e7b4 d5c6 f8e8 g1e2 b8c6 e1h1 b4c3 b2c3 c8g4 f1e1,Mate
8/4K3/8/4P3/4kb2/8/8/8 b - -,,0
8/6p1/1pp5/3k2p1/1P1r1p2/P1R2P2/4K1PP/8 b - -,,0
r2k1br1/p5pp/1ppPn3/8/1P1P4/2P2P2/P4P1P/R1B1R1K1 b - -,d8d7 a2a4 f8d6 b4b5 c6b5 a4b5 g8c8 d4d5 e6c5 c1e3,-328
r1bB1k1r/pppp1Pp1/7p/8/3n4/1B3Q2/PPP2RPP/RN4K1 b - -,d4f3 f2f3 b7b5 d8c7 g7g5 c7d6 f8g7 d6e5 g7f8 e5h8,1162
rnbqk2r/ppp2pbp/4pnp1/3p4/1P6/2NBPN2/P1PP1PPP/R1BQ1RK1 b kq -,e8h8 d3e2 a7a6 a2a4 b7b6 d2d4 b8d7 b4b5 c8b7 c1a3,-32
8/4k3/3p1p2/p3p2P/P1PnP1Bp/2K5/5P2/8 b - -,d4e6 h5h6 e6g5 c4c5 d6c5 c3c4 e7f7 f2f3 h4h3 g4h3,-211
5k2/8/5Pp1/8/5P2/7K/1P1N4/5R2 b - -,d4e6 h5h6 e6g5 c4c5 d6c5 c3c4 e7f7 f2f3 h4h3 g4h3,Mate
r1bqk2r/ppp2ppp/2np1n2/3B2B1/Q2pP3/2N2N2/P4PPP/R3K2R b KQkq -,d4c3 e4e5 h7h6 e5f6 h6g5 f6g7 h8g8 f3d4 c8d7 d4c6,102
r1bqkb1r/pp3ppp/2n2n2/1Bp5/3P4/2N2NP1/PP1P1P1P/R1BQK2R b KQkq -,c5d4 c3e2 f8c5 b5c6 b7c6 e1h1 e8h8 b2b4 c5b4 e2d4,-118
8/5p1p/k5p1/6P1/3p3P/1p6/8/2K5 b - -,d8e7 d1e2 c8h3 d4d5 a7a6 d5c6 a6b5 c3b5 e8a8 f3g5,Mate
8/6Q1/8/8/k7/6P1/7K/4q3 b - -,,0
8/6rk/6pp/1p2P2q/3p1P1Q/3Pb1PK/1P6/R7 b - -,h5f5 h4g4 f5d3 a1d1 d3e4 g4e2 h6h5 d1f1 d4d3 e2f3,-585
q1R3k1/pb2bppp/1p2pn2/4N3/nP1N4/4P2P/PB2QPP1/1B4K1 b - -,a8c8 b4b5 a4c3 e2d3 c3b1 d3b1 e7f8 d4c6 a7a6 a2a4,-10
r3r1k1/1q2b1pp/pn2Pp2/1p6/2p2B2/5N2/PP1RQPPP/3R2K1 b - -,e7b4 d2c2 b6d5 e2e4 a8d8 h2h4 b7c6 f3d4 c6b6 f4g3,-50
r1bB1k1r/pppp1Pp1/7p/8/8/1B3R2/PPP3PP/RN4K1 b - -,d7d5 d8c7 c8f5 f3f5 g7g6 f5f1 d5d4 c7e5 f8e7 e5d4,1211
rnbq1rk1/pp2ppbp/3p1npB/2P5/8/2N2N2/PPP1PPPP/R1Q1KB1R b KQ -,e7e5 h6g7 g8g7 c5d6 d8d6 e2e3 b8c6 f1e2 c8f5 a2a3,74
8/6Q1/8/8/k5P1/7K/8/3q4 b - -,,0
r3r1k1/pb3ppp/5n2/1p3q2/2pPpN2/1PP3QP/P2N1PP1/2R1R1K1 b - -,h7h5 h3h4 f6d5 f4d5 b7d5 b3c4 d5c4 d2c4 b5c4 c1b1,37
r1bqk2r/ppp2ppp/2np1B2/3B4/Q3P3/2p2N2/P4PPP/R3K2R b KQkq -,g7f6 d5c6 b7c6 a4c6 c8d7 c6c3 e8h8 e1h1 f8e8 f1e1,11
6k1/5p1p/4b1p1/8/8/1pP1P1P1/5PKP/3R4 b - -,g8f8 d1d6 f8e7 d6b6 e7d7 b6b4 g6g5 g2f3 d7d6 c3c4,593
7r/3P4/8/2R5/3pk3/3pp3/8/4KR2 b - -,g8f8 d1d6 f8e7 d6b6 e7d7 b6b4 g6g5 g2f3 d7d6 c3c4,Mate
8/5p1p/6p1/1k4P1/3p3P/1p6/1K6/8 b - -,g8f8 d1d6 f8e7 d6b6 e7d7 b6b4 g6g5 g2f3 d7d6 c3c4,Mate
r2qkb1r/1pp3pp/p1n1bp2/4p3/4Q3/2PP1N1P/PP3PP1/R1B1KN1R b KQkq -,d8d7 f1g3 e8a8 e1h1 d7d3 e4a4 g7g6 c1e3 f8e7 f1c1,-311
r1bqk1nr/1p2B1pp/p1np4/1N2pp2/2P1P3/2N5/PP3PPP/R2QKB1R b KQkq -,d8d7 e7d6 a6b5 c4b5 c6d8 d6e5 d7e7 e5d6 e7g5 e4e5,492
6k1/4rpp1/5n1p/3p4/P2K4/2P2PPP/7R/8 b - -,e7a7 h2a2 a7a5 c3c4 g8f8 d4c3 f8e7 c3b4 a5a7 b4b5,-343
rnbqkb1r/2p2ppp/4pn2/1B1p4/3P4/2N1P3/PP1B1PPP/R2QK1NR b KQkq -,c7c6 b5d3 b8d7 g1f3 f8d6 e1h1 e8h8 d1c2 e6e5 f3e5,93
r4rk1/1p2bppp/p1n5/q2R4/P1B2B2/5Q2/1P3PPP/5RK1 b - -,e7c5 f4e3 c5e3 d5a5 c6a5 c4f7 f8f7 f3e3 a8d8 f1e1,339
r4rk1/1ppb1p1n/n2p2p1/p2Pp1q1/1PP1Pb1p/P1N2P2/1R1NBBPP/3Q1R1K b - -,h4h3 g2g3 a5b4 a3b4 a6b4 c4c5 f4d2 b2d2 b4a6 c5d6,-57
r1bk2nr/ppp2ppp/2n5/4P3/1bp2P2/2N5/PP1BP1PP/R3KBNR b KQ -,c8d7 e2e4 b7b5 g1f3 a7a6 f4f5 d8c8 e1a1 b4c5 d2f4,160
5k2/8/5P2/6P1/8/7K/1P1N4/5R2 b - -,c8d7 e2e4 b7b5 g1f3 a7a6 f4f5 d8c8 e1a1 b4c5 d2f4,Mate
8/6Q1/8/8/k5PK/8/8/2q5 b - -,,0
r2qk2r/ppp2pp1/2np3p/2bNp2b/2B1P3/3P1N1P/PPP2PP1/1R1Q1RK1 b kq -,c5b6 a2a3 c6d4 g2g4 h5g6 d5b6 d4f3 d1f3 a7b6 f3e3,5
7k/p4r1p/1p2pP2/2n5/2P5/2B1R3/P5KP/8 b - -,h8g8 g2f3 f7d7 f3e2 g8f7 c3a1 f7e8 a1e5 d7b7 e5d4,17
r1b2k1r/ppB2Pp1/3p3p/8/8/1B3R2/PPP3PP/RN4K1 b - -,g7g5 c7d6 f8g7 d6e5 g7h7 e5h8 c8h3 f7f8r a8f8 f3f8,1448
r1bqk2r/ppp2p1p/2Bp1p2/8/Q3P3/2p2N2/P4PPP/R3K2R b KQkq -,b7c6 a4c6 c8d7 c6c3 a8b8 e1h1 e8h8 f1e1 f8e8 e1e3,11
4r2k/1p4p1/1pb5/8/3P4/2Pn2N1/PP5P/R1B2RK1 b - -,h8g8 c1g5 e8e6 a1d1 d3b2 d4d5 b2d1 d5e6 d1c3 e6e7,568
8/6p1/1pp5/3k2p1/1Pr2p2/P2R1P2/4K1PP/8 b - -,,0
1r5r/p4p2/2p1nk1p/5N2/4P1p1/1P3P2/P1P3PP/3R1RK1 b - -,h8d8 f5d6 g4f3 f1f3 f6g6 e4e5 d8d7 f3f6 g6h7 d1f1,479
r1b2rk1/p2npp1p/2pp1npQ/7P/1p1PP1P1/5P2/qPP5/1NKR1BNR b - -,c8a6 f1a6 a2a6 h5g6 f7g6 g4g5 f6h5 h1h5 f8f7 h5h2,156
8/6Q1/8/6P1/k6K/8/8/3q4 b - -,,0
r2q1r2/p4k1p/3p1npQ/1pp1n3/3pPN2/P4P1B/1PP2P2/2KR3R b - -,e5f3 f4e6 d8e7 h6g7 f7e8 g7f8 e7f8 e6f8 e8f8 h3g2,288
2K5/8/6p1/7p/6kP/4R3/4p3/8 b - -,,0
2n5/3k3p/1p3bp1/p7/P1K1P3/1P2BN1P/8/8 b - -,f6d8 e3f4 d8f6 e4e5 f6d8 f3d4 c8e7 f4e3 e7g8 e5e6,118
r1bq1rk1/pp1nppbp/5np1/2Pp4/1P3B1P/2NBP3/P1P2PP1/R2QK1NR b KQ -,a7a5 d1b1 e7e5 f4g5 h7h6 g5f6 d7f6 c3b5 f6g4 d3e2,-205
r1bqkbnr/1p1p1ppp/2n1p3/p1p5/2P5/P1N1P3/1PQP1PPP/R1B1KBNR b KQkq -,h7h6 g1f3 g8f6 b2b3 f8e7 c1b2 e8h8 d2d4 c5d4 e3d4,31
8/6Q1/8/6PK/k7/8/8/2q5 b - -,,0
7r/3P4/8/2R5/3pk3/4p3/3p4/3K1R2 b - -,c1h1 h5g4 h1g2 g4f4 g2f1 f4e4 f1b1 e4d5 b1b3 d5c6,Mate
2r3k1/4bppp/1r2p3/qb1N4/5B2/6R1/PP3PPP/2R1Q2K b - -,a5e1 c1e1 e6d5 e1e7 b6f6 f4c7 g8f8 g3e3 d5d4 e3e1,-264
5k2/8/6PK/8/4R3/8/8/r7 b - -,,0
8/5k2/5P2/6P1/8/1P5K/3N4/5R2 b - -,a1h1 h6g5 h1g1 e4g4 g1c1 g4d4 c1c2 d4d5 f8g7 d5d7,Mate
r4br1/p2k2pp/1ppPn3/8/1P1P4/2P2P2/P4P1P/R1BR2K1 b - -,f8d6 d4d5 c6d5 d1d5 g8d8 g1f1 d7e8 c1e3 a8c8 a1e1,-339
6k1/p4r1p/1p2pP2/2n5/2P5/2B1RK2/P6P/8 b - -,f7d7 f3e2 g8f7 c3e5 d7d8 e3a3 d8a8 a3h3 f7g6 e5b2,12
8/6rk/6pp/1p2Pq2/3p1PQ1/3Pb1PK/1P6/R7 b - -,f5d3 g4d1 d3f5 d1g4 f5e4 g4c8 d4d3 c8a8 e4f5 h3g2,-552
6k1/5pp1/5n1p/3p4/P2K4/2P2PPP/R7/4r3 b - -,e1d1 d4e5 g8f8 a4a5 f8e7 a5a6 f6d7 e5f4 d7b6 a2b2,-163
4k3/4n1p1/1p1pPp1p/p1pP3P/P1P1K1P1/1P6/8/2B5 b - -,e7c8 c1h6 g7h6 e4f5 c8e7 f5f6 e8f8 g4g5 e7g8 f6g6,462
r2q1rk1/ppp1n1pp/3p2b1/4Pp2/3P4/1P3N1P/1P1N1PP1/R2QR1K1 b - -,g6h5 b3b4 d6e5 d4e5 d8d5 a1c1 c7c6 c1c5 h5f3 d1c1,52
r1bq1rk1/pp2p1bp/3p2p1/2pP4/2P1QP2/2NB3P/PP4P1/R4RK1 b - -,g7c3 b2c3 f8f7 e4e3 d8f8 a1e1 c8d7 d3e2 f8h6 e2g4,29
rn1qkbnr/pppb1ppp/8/3Pp3/3P4/8/PPP1QPPP/RNB1KBNR b KQkq -,e5e4 f2f3 g8f6 f3e4 c7c5 c1g5 d8b6 b1d2 b6b2 a1b1,186
r1bqk2r/p1p2p1p/2Qp1p2/8/4P3/2p2N2/P4PPP/R3K2R b KQkq -,c8d7 c6c3 e8h8 e1h1 f8e8 f1e1 a8b8 h2h3 b8b5 a1c1,8
8/p4R1k/8/3P2p1/3N2b1/2r5/P5P1/6K1 b - -,h7g8 f7a7 c3d3 d4c6 g4d1 a2a4 d1b3 a4a5 b3d5 a7d7,150
rnb1k2r/ppp2ppp/3p4/8/1PN1n2q/2P2PP1/P2PBb1P/RNBQ1K1R b kq -,h7g8 f7a7 c3d3 d4c6 g4d1 a2a4 d1b3 a4a5 b3d5 a7d7,Mate
3r2k1/p3bpp1/1p2pn1p/4q3/2P5/1P2BQN1/P4PPP/2R3K1 b - -,e5b2 f3e2 b2e2 g3e2 e7a3 c1e1 a3b4 e1f1 d8d6 f1a1,-46
r4rk1/1p2bppp/p1n5/3R4/q1B2B2/1P3Q2/5PPP/5RK1 b - -,a4a5 d5a5 c6a5 c4d5 a8d8 h2h4 e7c5 b3b4 d8d5 f3d5,475
5k2/6P1/7K/8/4R3/8/8/5r2 b - -,,0
2rqr1k1/pb3ppp/1p6/1B6/3bP3/P4N2/4QPPP/3R1RK1 b - -,d4f6 d1d8 e8d8 b5a6 b7a6 e2a6 c8c3 a6b7 f6d4 f3d4,513
r1bqk2r/pp1n1pbp/2nPp1p1/2p1P3/2P2B2/2N2N2/PP2Q1PP/R3KB1R b KQkq -,a8b8 e2e3 f7f6 e1a1 e8h8 h2h4 c6d4 f3d4 c5d4 d1d4,134
6k1/pp1n3p/5pp1/3q4/8/1P4P1/P1P4P/4rRK1 b - -,a8b8 e2e3 f7f6 e1a1 e8h8 h2h4 c6d4 f3d4 c5d4 d1d4,Mate
8/8/5Pk1/6P1/1P6/7K/3N4/5R2 b - -,a8b8 e2e3 f7f6 e1a1 e8h8 h2h4 c6d4 f3d4 c5d4 d1d4,Mate
r4rk1/1ppb1p1n/3p2p1/3Pp3/1RP1Pb1q/2N2P2/3NB1PP/3Q1R1K b - -,a8b8 e2e3 f7f6 e1a1 e8h8 h2h4 c6d4 f3d4 c5d4 d1d4,Mate
5k2/p4r1p/1p2pP2/2n5/2P2K2/2B1R3/P6P/8 b - -,f7d7 f4e5 d7d1 c3b4 f8f7 b4c5 b6c5 e3h3 d1e1 e5d6,24
2r5/r3kp1p/6p1/3Bb3/8/1PP1P2P/2K3P1/1R3R2 b - -,c8c3 c2d1 c3d3 d1e2 d3d5 f1d1 a7a2 e2f3 d5d1 b1d1,-420
r2q1rk1/1p2b1pp/p2ppn2/2n5/2B1P3/2N1B3/PPP3PP/R2Q1R1K b - -,g8h8 d1e2 d8c7 e3c5 d6c5 e4e5 f6d7 c4e6 d7e5 e6h3,49
2r2rk1/p3np2/1p1qp2p/5p2/P2P4/4PQP1/5P1P/R1R2BK1 b - -,f8d8 f3e2 e7d5 f1g2 g8g7 e2b5 c8c7 g2d5 c7c1 a1c1,16
rnbq1rk1/pp2bppp/8/3p4/3P4/6P1/PP2NPBP/R1BQK2R b KQ -,e7f6 e1h1 c8g4 c1e3 f8e8 f1e1 b8c6 h2h3 g4f5 a1c1,37
8/8/5P2/1P4k1/8/7K/3N4/5R2 b - -,e7f6 e1h1 c8g4 c1e3 f8e8 f1e1 b8c6 h2h3 g4f5 a1c1,Mate
8/4k3/3p1p2/p3p1Pp/P1PnP1P1/2K5/5P2/3B4 b - -,h5h4 c4c5 d6c5 g5g6 h4h3 g4g5 h3h2 g6g7 e7f7 g5f6,-631
1q4k1/3r1bp1/p2P4/P3Q1p1/1P1R4/2P2PK1/8/8 b - -,f7h5 e5d5 h5f7 d5e5 f7e8 e5d5 d7f7 d4e4 g8f8 c3c4,-32
rn1qkb1r/p1p1pppp/4bn2/1B1P4/4p3/2N5/PPP2PPP/R1BQK1NR b KQkq -,b8c6 d5e6 d8d1 c3d1 e8a8 b5c6 d8d6 c6b5 d6e6 c1e3,663
6k1/pp1n3p/5pp1/2q5/8/1P4P1/P1P3KP/4rR2 b - -,b8c6 d5e6 d8d1 c3d1 e8a8 b5c6 d8d6 c6b5 d6e6 c1e3,Mate
6k1/pp4p1/2p3np/2Pp4/P2P1p2/1P3NPP/2r2P2/4B1K1 b - -,f4g3 f2g3 c2a2 e1c3 g6f8 g1f1 f8e6 h3h4 h6h5 a4a5,-456
2r4r/1b1pk2N/4ppp1/p7/2P5/1P5R/P4PPP/3R2K1 b - -,d7d5 f2f4 d5c4 b3c4 c8c4 h7f6 h8h3 f6g8 e7e8 g2h3,-112
r1bq1r2/pp2npkp/2n1p1p1/2pp3P/4P3/2NP1N2/PPP1BPP1/R1Q1K2R b KQ -,e7g8 c1f4 h7h6 h5g6 f7g6 f4g3 d5d4 c3b1 d8f6 b1a3,54
r5r1/p2k2pp/1ppbn3/3P4/1P6/2P2P2/P4P1P/R1BR2K1 b - -,c6d5 d1d5 g8d8 c1e3 a8c8 f3f4 d7e7 a1e1 d6f4 d5d8,-367
8/8/1P3Pk1/8/8/7K/3N4/5R2 b - -,c6d5 d1d5 g8d8 c1e3 a8c8 f3f4 d7e7 a1e1 d6f4 d5d8,Mate
8/r3kp1p/6p1/3Bb3/8/1Pr1P2P/3K2P1/1R3R2 b - -,a7a2 d2e1 c3e3 e1d1 e3d3 d1c1 d3d5 f1e1 e7f6 e1e5,-810
8/5KQ1/6P1/7q/k7/8/8/8 b - -,,0
r3r1k1/pp1q1pbp/1npp1np1/4p3/1PP1P1b1/P1NP2P1/1BQN1PBP/R3R1K1 b - -,a7a5 c4c5 b6c8 d2c4 a5b4 a3b4 a8a1 b2a1 h7h5 c3a4,81
r3k2r/1ppqnp1p/3p1p2/p1bPp3/P1BP4/5N1P/1PPQ1PP1/R3K2R b KQkq -,c5b6 e1h1 d7f5 f1e1 h8g8 g1h2 e7g6 a1a3 e8f8 g2g3,55
8/6p1/1k5p/5R2/4K3/7P/6P1/8 b - -,c5b6 e1h1 d7f5 f1e1 h8g8 g1h2 e7g6 a1a3 e8f8 g2g3,Mate
8/1q2QK2/6P1/8/k7/8/8/8 b - -,b7f3 f7g8 f3a8 g8g7 a4b3 e7e3 b3b2 e3f2 b2a1 f2f6,20
8/1P3k2/5P2/8/8/7K/3N4/5R2 b - -,b7f3 f7g8 f3a8 g8g7 a4b3 e7e3 b3b2 e3f2 b2a1 f2f6,Mate
8/5R2/8/1p3b2/6PK/1k5P/8/5r2 b - -,f5d3 f7b7 b5b4 h4g5 b3c3 g5h4 f1f4 b7c7 f4c4 c7a7,-644
r1b1kb1r/pp2qp1p/2n1Pnp1/1N1p4/2P2B2/8/PP3PPP/R2QKBNR b KQkq -,e7e6 f1e2 f8b4 f4d2 e8h8 g1f3 d5c4 d2b4 c6b4 e1h1,-39
3Q4/5kp1/4p1p1/1P1pp3/3q4/1P5P/5PP1/2R3K1 b - -,e7e6 f1e2 f8b4 f4d2 e8h8 g1f3 d5c4 d2b4 c6b4 e1h1,Mate
4k3/p4r1p/1p2pP2/2n1K3/2P5/2B1R3/P6P/8 b - -,f7c7 e3g3 c7c6 g3g8 e8f7 g8g7 f7e8 f6f7 e8e7 g7h7,189
4k3/1P3P2/8/8/8/7K/3N4/5R2 b - -,f7c7 e3g3 c7c6 g3g8 e8f7 g8g7 f7e8 f6f7 e8e7 g7h7,Mate
8/5p1p/k5p1/6P1/7P/1p1p4/1K6/8 b - -,f7c7 e3g3 c7c6 g3g8 e8f7 g8g7 f7e8 f6f7 e8e7 g7h7,Mate
6k1/5pp1/5n1p/3pK3/P7/2P2PPP/R7/3r4 b - -,g8f8 a4a5 f8e7 a5a6 f6d7 e5f4 d7b6 a2b2 b6a8 b2b7,-183
8/5K2/8/4P1b1/4k3/8/8/8 b - -,,0
r2qk2r/p1pb1p1p/3p1p2/8/4P3/2Q2N2/P4PPP/R3K2R b KQkq -,e8h8 e1h1 f8e8 f1e1 a8b8 a1c1 b8b6 f3d2 b6c6 c3g3,23
r1b1kbnr/pp3p1p/2nqp1p1/1Bp5/5P2/2N2N2/PPPP2PP/R1BQK2R b KQkq -,c8d7 d2d3 f8g7 c3e4 d6c7 c1d2 a7a6 b5a4 g8e7 d2c3,-39
q4r2/p2Q1pk1/6pp/2p5/2bb1B2/6P1/PP2PP1P/R4RK1 b - -,c4e6 d7e7 f8e8 e7h4 g6g5 f4g5 h6g5 h4g5 g7f8 a1d1,-70
r2q1rk1/p3bppp/4pn2/1p6/2pP1B2/2P2N1P/PP2QPP1/R4RK1 b - -,f6d5 f4g3 d8b6 f3e5 b6b7 a2a4 a7a6 e5g4 f8c8 g4e3,-13
r2q1rk1/pp2p1bp/3p2p1/2pP1b2/2P2P2/2NBQ2P/PP4P1/R4RK1 b - -,g7d4 e3d4 c5d4 c3e4 f5e4 d3e4 d8b6 g1h2 g8h8 a1b1,-548
8/8/P6p/r2Rk1p1/3p4/5B1P/6PK/8 b - -,a5d5 f3d5 e5d5 a6a7 d4d3 a7a8q d5c4 a8c6 c4b4 c6c1,1807
rn1qrkR1/2pb1p2/5b2/p2Pp3/2p1QP2/P1N1B3/1PBK4/7R b - -,a5d5 f3d5 e5d5 a6a7 d4d3 a7a8q d5c4 a8c6 c4b4 c6c1,Mate
r2qk2r/pp2bppp/4pn2/3p4/Q2P4/P3PN2/1P3PPP/R3KB1R b KQkq -,d8d7 f1b5 e7d6 e1h1 e8e7 b5d7 f6d7 g1h1 h8c8 f1c1,571
r1b2rk1/ppp2pp1/2np3n/4p1Q1/4P3/3PP2P/PPP3P1/R2NKBNR b KQ -,c8e6 g1f3 b7b5 g5h4 a7a5 f1e2 a5a4 a2a3 d6d5 e1d2,728
r4rk1/1pq1b1pp/p2ppn2/2B5/2B1P3/2N5/PPP3PP/R2Q1R1K b - -,g8h8 e4e5 d6c5 e5f6 e7f6 c4d3 g7g6 d1e2 b7b5 d3e4,376
6k1/pp1n3p/5pp1/2q5/8/1P4PK/P1P1r2P/5R2 b - -,g8h8 e4e5 d6c5 e5f6 e7f6 c4d3 g7g6 d1e2 b7b5 d3e4,Mate
7r/3P4/8/4R3/3p4/3kp3/3p4/3K1R2 b - -,g8h8 e4e5 d6c5 e5f6 e7f6 c4d3 g7g6 d1e2 b7b5 d3e4,Mate
r2q1rk1/p3bppp/4p3/1p1n4/2pP4/2P2NBP/PP2QPP1/R4RK1 b - -,d8c8 f3e5 c8b7 e5g4 f8c8 g4e3 e7f8 a2a3 a7a5 e2f3,-12
8/8/6K1/4P1b1/5k2/8/8/8 b - -,,0
r1bqkb1r/3n1ppp/p3pn2/1p1pN1B1/2pP4/2N1P3/PPP1BPPP/R2Q1RK1 b kq -,b5b4 c3b1 f8d6 g5f4 d8c7 e5d7 c8d7 f4d6 c7d6 b2b3,-28
r1bq1rn1/pp3pkp/2n1p1pP/2pp4/4P3/2NP1N2/PPP1BPP1/R1Q1K2R b KQ -,,0
rn1qkbnr/pppb2pp/8/3PP3/5B2/8/PPP1QPPP/RN2KBNR b KQkq -,f8b4 f4d2 b4d2 e2d2 d7f5 b1c3 g8e7 f2f4 b8d7 g1f3,478
r2qk2r/ppp2pp1/3p3p/4p2b/2BbP1P1/2NP1N2/PPP2P2/R2Q1RK1 b kq -,d4c3 g4h5 c3b2 a1b1 b2d4 g1h1 d8d7 f3h2 c7c6 d1g4,498
6k1/R4p2/6b1/2pB3p/2P2r2/1P2N3/P2n1PKP/8 b - -,d2e4 d5e4 g6e4 g2g1 f4f3 a7c7 f7f5 c7c5 g8f7 b3b4,337
r2qkbnr/2pb1Bpp/3p4/1p6/4P3/2Pp4/1P3PPP/RNBQK2R b - -,e8f7 d1h5 f7e7 a1a8 d8a8 c1g5 g8f6 e1d2 a8a2 g5f6,-414
3Q4/2R2kp1/4p3/1P1pp1p1/3q4/1P5P/5PP1/6K1 b - -,e8f7 d1h5 f7e7 a1a8 d8a8 c1g5 g8f6 e1d2 a8a2 g5f6,Mate
rnb2rk1/ppq1b1pp/2pp1n2/4pp2/2PP4/2N1P1P1/PPQ1NPBP/R1B2RK1 b - -,b8a6 e3e4 a6b4 c2b3 b4d3 c1e3 e5d4 e2d4 d3c5 b3c2,26
r3r1k1/1q4pp/pn2Pp2/1p6/1bp2B2/5N2/PPR1QPPP/3R2K1 b - -,b6d5 f4g3 a8d8 a2a3 b4a5 c2c1 b7b6 f3d4 d5f4 g3f4,-84
8/8/6Rp/8/k3K3/7P/6P1/8 b - -,b6d5 f4g3 a8d8 a2a3 b4a5 c2c1 b7b6 f3d4 d5f4 g3f4,Mate
r2q1rk1/pp2p2p/3p2p1/2pP1B2/2Pb1P2/2N1Q2P/PP4P1/R4RK1 b - -,d4e3 g1h2 g6f5 a1e1 e3d4 g2g4 g8h8 g4g5 f8f7 c3b5,-678
8/5K2/8/4P1b1/6k1/8/8/8 b - -,,0
r1bq1rk1/pp1nppbp/6p1/2Pp3n/1P3B1P/2NBP3/P1P1NPP1/R2QK2R b KQ -,a7a5 c3d5 h5f4 d5f4 g7a1 d1a1 e7e5 f4d5 a5b4 h4h5,-133
7k/p5p1/2p2p1p/4p3/R7/2P5/bP1NKPPP/r7 b - -,f6f5 d2b3 a1g1 a4a2 g1g2 h2h3 g2h2 a2a7 h2h3 a7a5,346
8/p2k1r1p/1p2pP2/2n1K3/1BP5/4R3/P6P/8 b - -,c5b7 e3d3 d7e8 b4e7 f7e7 f6e7 e8e7 d3h3 h7h5 h3h5,550
r4rk1/1ppb1p1n/3p2p1/3Pp3/1nP1Pb1q/2N2P1P/1R1NB1P1/3Q1R1K b - -,c5b7 e3d3 d7e8 b4e7 f7e7 f6e7 e8e7 d3h3 h7h5 h3h5,Mate
5k2/6R1/5PKN/8/r7/8/8/8 b - -,c5b7 e3d3 d7e8 b4e7 f7e7 f6e7 e8e7 d3h3 h7h5 h3h5,Mate
r2q1rk1/1p2ppbp/p3b1p1/n7/Q2PP3/3BBP2/P3N1PP/R1R3K1 b - -,b7b5 a4b4 e6c4 b4d2 d8d7 e3f2 a8c8 h2h3 e7e6 g1h1,-54
r5kr/ppp2Npp/2n5/4p3/6b1/3P4/PPPQ1PBP/R3R1K1 b - -,g8f7 g2c6 b7c6 e1e5 h7h5 d2f4 f7g8 f4c4 g8h7 c4e4,804
r1bB1rk1/pppn1ppp/4p3/3n4/3P4/P1P2N2/4PPPP/R2QKB1R b KQ -,f8d8 e2e4 d5f6 e4e5 f6d5 h2h4 c7c5 a1c1 b7b5 f3g5,558
rnbqr1k1/ppp1ppBp/3p1np1/8/3P4/2N2N2/PPP1PPPP/R1Q1KB1R b KQ -,b7b5 g7f6 e7f6 c3b5 c8g4 e2e3 g4f3 g2f3 c7c5 c1d2,514
r1b1k2r/pp3p1p/2n1pnp1/QN2N3/1bpP4/8/PP2KPPP/R1B2B1R b kq -,b4a5 e5c4 f6d5 c4a5 c6a5 f2f3 c8d7 e2f2 d7b5 f1b5,-15
3r1rk1/5p1p/1P6/R1pPP1p1/6b1/8/7R/5BK1 b - -,d8b8 h2b2 f8e8 b6b7 e8e5 d5d6 g8g7 a5a8 e5e8 f1g2,226
r4r2/pp1qnpkp/2n1b1p1/2pp2N1/8/2NP2P1/PP2PPBP/R1Q2RK1 b - -,b7b6 a2a3 d5d4 c3e4 f7f6 g5e6 d7e6 c1b1 a7a5 b1a2,-12
r1b1kb1r/pp2qp1p/2nN1np1/3pP3/2P2B2/8/PP3PPP/R2QKBNR b KQkq -,e8d7 g1f3 f6g4 d1d5 d7c7 f1e2 c8e6 d5b5 c7b8 h2h3,465
6k1/5pp1/5n1p/P2pK3/8/2Pr1PPP/R7/8 b - -,d3c3 a5a6 f6d7 e5d5 d7b6 d5d4 c3c4 d4d3 c4c7 a6a7,-97
r4rk1/1pq1b1pp/p3pn2/2p5/2B1P3/2N5/PPP1Q1PP/R4R1K b - -,e7d6 a1e1 d6e5 c4e6 g8h8 c3d5 c7d6 d5f6 d6e6 f6d5,47
8/5K2/4P3/8/5bk1/8/8/8 b - -,,0
r4rk1/1p2bppp/p1n5/q2N4/P4B2/5Q2/1P3PPP/3R1RK1 b - -,f8c8 f4d2 a5a4 d5b6 a4b5 b6c8 a8c8 d2c3 b5g5 f1e1,351
r1bq1rk1/1pp2ppp/p1np1n2/8/2BPP3/2N2N2/PP1Q1PPP/R4RK1 b - -,f6e4 c3e4 d6d5 c4d3 d5e4 d3e4 c6e7 a1e1 c7c6 e4b1,6
5k2/4n1p1/1p1pPp1p/p1pP3P/P1P1KBP1/1P6/8/8 b - -,g7g6 h5g6 b6b5 a4b5 h6h5 g4h5 f6f5 e4d3 a5a4 b3a4,819
2rqrbk1/pb3p1p/1pn1p1p1/6B1/B2P4/P1PQ1N2/5PPP/3RR1K1 b - -,d8d5 g5f6 d5a5 a4b5 a7a6 b5c6 c8c6 d4d5 c6c7 f3e5,40
6k1/pp1n3p/5pp1/2q5/8/1P4P1/P1P1r2P/5R1K b - -,d8d5 g5f6 d5a5 a4b5 a7a6 b5c6 c8c6 d4d5 c6c7 f3e5,Mate
8/6k1/8/3B1K2/8/1N6/8/8 b - -,g7h6 f5f6 h6h7 b3d4 h7h6 d5e4 h6h5 f6e5 h5g4 d4e6,206
8/8/P6p/3Bk1p1/3p4/7P/6PK/8 b - -,d4d3 a6a7 e5d5 a7a8q d5d4 a8a5 d4e3 a5e1 e3d4 e1d2,1802
r2q1rk1/bpp2pp1/2np3p/p3p3/P1B1b1QN/2PP2NP/1P3PP1/R1B3K1 b - -,e4h7 c1h6 d8f6 h6g5 f6f2 g1h1 e5e4 d3d4 a7d4 c3d4,417
r2qk2r/1bpnbpp1/p2ppn1p/1p6/P2PP3/2PB1N2/1P3PPP/R1BQRNK1 b kq -,e8h8 f1g3 c7c5 e4e5 f6h7 d1c2 h7g5 f3g5 h6g5 e5d6,109
r3k2r/3p2pp/2n1p3/4P3/2p1bP2/2P5/P5PP/R3KBNR b KQkq -,e8h8 g1e2 g7g5 f4g5 a8a3 e2d4 c6e5 d4b5 a3a5 b5d4,-180
8/8/2R5/8/1k2K3/7P/6P1/8 b - -,a8a3 h2h4 e8h8 g1e2 c6e7 h1h3 e7d5 h3g3 f8b8 h4h5,Mate
r2qk1nr/ppp2ppp/3pb3/2bNp3/2PnP3/3P1N2/PP2BPPP/R1BQK2R b KQkq -,c7c6 f3d4 c5d4 d5e3 g8e7 e1h1 e8h8 e2g4 d8d7 g4e6,-34
8/4K3/8/3k4/8/3B2B1/8/8 b - -,d5d4 d3a6 d4e4 g3e1 e4e3 a6f1 e3f3 e7f6 f3f4 f6e6,239
r4rk1/1ppb1p2/3p1np1/3Pp3/1RP1Pb1q/2N2P1P/3NB1P1/3Q1R1K b - -,d5d4 d3a6 d4e4 g3e1 e4e3 a6f1 e3f3 e7f6 f3f4 f6e6,Mate
2r1k3/1q3b2/1P1N3B/1b3r2/2p5/8/4R3/3RK3 b - -,,0
6k1/5pp1/P4n1p/3pK3/8/2r2PPP/R7/8 b - -,f6d7 e5d5 d7b6 d5d4 c3c4 d4d3 c4c7 a6a7 b6a8 f3f4,-91
rn3rk1/ppq1bppp/2b1pn2/6B1/3PN3/1B3P2/PP2N1PP/2RQ1RK1 b - -,f6e4 g5e7 c7e7 f3e4 c6e4 e2c3 e4g6 d4d5 b8a6 d5e6,-58
rnb2rk1/1pq1b1pp/2pp1n2/p3pp2/2PP4/P1N1P1P1/1PQ1NPBP/R1B2RK1 b - -,c8e6 b2b3 e5e4 d4d5 e6f7 e2d4 g7g6 c1b2 b8d7 f2f3,11
8/6p1/1p6/2Pk2p1/3r1p2/P1R2P2/4K1PP/8 b - -,,0
8/6R1/8/8/7R/5k2/8/6K1 b - -,b6c5 c3d3 d5c4 d3d4 c4d4 e2d2 d4c4 d2c2 c4d4,Mate
r7/p3ppkp/2p1bqp1/7r/1P6/2N1Q3/P1P2PPP/3RR1K1 b - -,h5h4 c3e4 f6e5 g2g3 h4h5 e3a3 e6d5 f2f4 e5f5 a3c3,55
r7/8/8/3NK3/8/6k1/8/8 b - -,a8a5 e5e4 g3g4 d5e3 g4g5 e3c2 a5a4 e4e5 a4a2 c2e3,-20
8/P7/7p/3k2p1/3p4/7P/6PK/8 b - -,d5c4 a7a8q h6h5 a8c6 c4b4 c6d5 g5g4 d5d4 b4b5 h3g4,1829
2n2k2/4P1p1/1p1p1p1p/p1pP3P/P1P1KBP1/1P6/8/8 b - -,c8e7 f4d6 f8f7 d6e7 f7e7 e4f5 e7d6 f5g6 d6e5 g6g7,Mate
6k1/pp1n3p/5pp1/3q4/8/1P3RP1/P1P1r2P/7K b - -,c8e7 f4d6 f8f7 d6e7 f7e7 e4f5 e7d6 f5g6 d6e5 g6g7,Mate
3q1rk1/pr2npbp/1p1pp1p1/n1p5/2PP4/PPN1P1PP/2Q1NP2/1RB2RK1 b - -,d8d7 f1d1 f8d8 c1b2 c5d4 e2d4 d7c8 a3a4 d6d5 c4d5,30
r1bqkb1r/pp3ppp/2n2n2/3pp3/8/3PPNP1/PP3PBP/RNBQK2R b KQkq -,f8d6 e1h1 e8h8 b1c3 h7h6 b2b3 f8e8 c1b2 c8e6 c3b5,-63
8/6p1/8/2pk2p1/3r1p2/P2R1P2/4K1PP/8 b - -,,0
r1bqk2r/ppp1bppp/2nP4/8/5Qn1/5N2/PPP2PPP/RNB1KB1R b KQkq -,e7d6 f4e4 d6e7 f1e2 e8h8 e1h1 g4f6 e4a4 c8f5 f1d1,-43
2r2rk1/pbq5/1pp1Rpp1/3P3p/2P5/1P3Q1P/PB3PP1/3R2K1 b - -,c6d5 e6f6 c7h7 c4d5 g6g5 f3e3 f8f6 b2f6 h7g6 e3e6,515
Q7/8/2k4p/6p1/3p4/7P/6PK/8 b - -,c6d5 e6f6 c7h7 c4d5 g6g5 f3e3 f8f6 b2f6 h7g6 e3e6,Mate
r2qk2r/p1pb1pbp/3p1npN/2p3B1/4P3/2N2Q2/PPP2PPP/R3K2R b KQkq -,g7h6 g5f6 d7g4 f6d8 g4f3 d8f6 f3g2 h1g1 g2e4 c3e4,297
r7/3P4/8/8/3p4/3kR3/3p4/3K1R2 b - -,g7h6 g5f6 d7g4 f6d8 g4f3 d8f6 f3g2 h1g1 g2e4 c3e4,Mate
r1b2rk1/2qn1ppp/pp1bpn2/2ppN3/3P1P2/2PBPQB1/PP1N2PP/R3K2R b KQ -,a6a5 a2a4 c8a6 d3a6 a8a6 e1h1 a6a8 g3h4 c7b7 b2b3,8
6k1/pp1n3p/5pp1/8/8/1P3qP1/P1P1r2P/6K1 b - -,a6a5 a2a4 c8a6 d3a6 a8a6 e1h1 a6a8 g3h4 c7b7 b2b3,Mate
8/8/8/1p6/6PK/1k1b3P/8/5R2 b - -,a6a5 a2a4 c8a6 d3a6 a8a6 e1h1 a6a8 g3h4 c7b7 b2b3,Mate
r1b2rk1/ppp3p1/2np1pQn/4p3/4P3/3PP2P/PPP3P1/R2NKBNR b KQ -,c8e6 g6h5 f6f5 g1f3 d6d5 f3g5 e6f7 h5e2 d5d4 c2c3,715
4r1k1/1R3ppp/1p6/2p5/P7/1r6/6PP/5RK1 b - -,b3b4 f1f7 b4g4 f7f5 g4a4 b7b6 a4a1 g1f2 a1a2 f2f3,-23
2r5/1N1k1b2/1P5B/1b3r2/2p5/8/4R3/3RK3 b - -,f7d5 h6f4 c8h8 d1d4 h8h1 e1f2 c4c3 e2e5 h1f1 f2g3,-45
8/6kP/pK6/7r/5P2/P1P5/1P6/8 b - -,h5h6 b6a7 g7f8 b2b4 f8e8 c3c4 e8d7 a3a4 h6h7 a7a6,-268
rn3rk1/1pq1b1pp/2ppbn2/p3pp2/2PP4/PPN1P1P1/2Q1NPBP/R1B2RK1 b - -,b8a6 c1b2 a8e8 a1c1 e7d8 f1d1 e6f7 c4c5 e5e4 c5d6,9
r1bq1rn1/pp3pkp/2n1p1p1/2pP3P/8/2NP1N2/PPP1BPP1/R1Q1K2R b KQ -,e6d5 c1d2 c8g4 h5g6 f7g6 e1a1 f8f5 d1f1 g4f3 e2f3,59
r5r1/p1nk2pp/1pPb4/8/1P6/2P2P2/P4P1P/R1BR2K1 b - -,d7c6 a2a4 d6e5 c1g5 e5f6 b4b5 c6b7 g5f6 g7f6 g1f1,-317
1r1q2kr/p1p1Np1p/2Q4B/4p3/4P3/8/PP3P1P/n4K2 b - -,d8e7 c6c1 e7e6 b2b3 e6a6 f1e1 b8e8 c1d2 a6g6 e1d1,-1261
r2qkbnr/pp3ppp/2pp4/2n1pb2/2P5/2N1P1P1/PP1PNPBP/R1BQ1RK1 b kq -,f5d3 b2b4 c5d7 b4b5 a8c8 a2a4 a7a5 b5a6 b7a6 c1a3,12
r1bqk2r/ppp2ppp/2nb4/8/4Q1n1/5N2/PPP2PPP/RNB1KB1R b KQkq -,d6e7 b1c3 e8h8 f1b5 g4f6 e4e2 f8e8 e1h1 e7d6 e2d3,-40
8/6p1/8/2p3p1/2kR1p2/P4P2/4K1PP/8 b - -,,0
r4rk1/1pq1b1pp/n1ppbn2/p3pp2/2PP4/PPN1P1P1/1BQ1NPBP/R4RK1 b - -,a8e8 a1c1 e7d8 f1d1 f6g4 h2h3 g4f6 d1d2 c7c8 d4d5,20
8/8/2R5/k7/4K1P1/7P/8/8 b - -,a8e8 a1c1 e7d8 f1d1 f6g4 h2h3 g4f6 d1d2 c7c8 d4d5,Mate
r7/p3ppkp/2p1b1p1/7r/1P5q/2N1Q2P/P1P2PP1/3RR1K1 b - -,c6c5 b4b5 a8c8 a2a4 h7h6 c3e2 h5f5 e2g3 f5g5 g3e4,140
r2Q4/8/8/8/8/3kp3/3p4/3K1R2 b - -,c6c5 b4b5 a8c8 a2a4 h7h6 c3e2 h5f5 e2g3 f5g5 g3e4,Mate
8/6kP/K7/1r6/5P2/P1P5/1P6/8 b - -,,0
r3k2r/pp2nppp/3np3/q2p1b2/3P4/1P2PN2/P2NBPPP/R1Q1K2R b KQkq -,a8c8 c1b2 c8c2 b3b4 c2b2 b4a5 f7f6 h1g1 e8f7 g2g4,-226
r2q1rk1/4ppbp/p5p1/np1P4/2b1P3/3BBP2/P1Q1N1PP/2R2RK1 b - -,d8d6 f1d1 a8c8 f3f4 d6a3 e4e5 a3a2 c2a2 c4a2 c1a1,-44
1q3k2/3r1bp1/p2P4/P5Q1/1P1R4/2P2PK1/8/8 b - -,b8d8 g5d8 d7d8 c3c4 f7e8 d4f4 f8g8 f4f5 d8b8 f5c5,23
4Q3/2R3p1/4p1k1/1P1pp1p1/3q4/1P5P/5PP1/6K1 b - -,b8d8 g5d8 d7d8 c3c4 f7e8 d4f4 f8g8 f4f5 d8b8 f5c5,Mate
r5k1/6pp/8/2r5/2nN4/2R5/p5PP/R5K1 b - -,,0
r2q1rk1/pp2p1bp/3p2p1/2pP1b2/2P2P2/2NB3P/PP2Q1P1/R4RK1 b - -,g7c3 b2c3 d8d7 a1e1 a8e8 g2g4 f5d3 e2d3 f8f7 e1e6,53
rn1qr1kR/2pb1p2/5b2/p2Pp3/2p1QP2/P1N1B3/1PBK4/8 b - -,g7d4 g1h2 a7a6 d3f5 f8f5 g2g4 f5f7 c3e4 d8f8 e4g5,Mate
r1bk2nr/ppp3pp/2n2P2/8/1bp2P2/2N5/PP1BP1PP/R3KBNR b KQ -,b4c3 d2c3 g8f6 g2g3 h8e8 g1f3 e8e7 f1g2 a7a5 e1h1,125
8/5B2/7k/5K2/8/1N6/8/8 b - -,h6g7 f7d5 g7h7 f5f6 h7h8 d5f7 h8h7 f7c4 h7h8 b3c1,203
2r2rk1/1pq1b1pp/n1ppbn2/p3pp2/2PP4/PPN1P1P1/1BQ1NPBP/2R2RK1 b - -,c8e8 f1d1 e6f7 g2h3 g7g6 h3f1 e5e4 c2d2 f6d7 c3a4,34
8/6kP/K7/8/2P2P2/P7/1r6/8 b - -,,0
q4r2/p2Q1pk1/6pp/2p5/2bb4/P5P1/1P2PP1P/R1B2RK1 b - -,f8e8 d7a4 e8e2 c1e3 d4e3 a4c4 a8f3 c4c3 f7f6 c3e3,-60
8/8/1K6/pb6/1k6/8/8/3B4 b - -,b5c4 d1c2 c4e2 c2b3 e2f3 b3c2 f3g4 b6c6 g4e2 c6b6,-2
r1bq1rn1/pp3pkp/2n1p1P1/2pp4/4P3/2NP1N2/PPP1BPP1/R1Q1K2R b KQ -,f7g6 e4d5 e6d5 c1d2 b7b5 a2a3 f8e8 d3d4 b5b4 a3b4,47
r3q1r1/p4k1p/3pNnpQ/1pp1n3/3pPP2/P6B/1PP2P2/2KR3R b - -,e8b8 e6g5 f7e8 f4e5 d6e5 h3e6 e8e7 e6g8 b8g8 g5h7,559
2r3k1/pbq5/1p3Qp1/3p3p/2P5/1P5P/PB3PP1/3R2K1 b - -,c7h7 c4d5 c8f8 f6d4 b7c8 d1c1 c8d7 d5d6 a7a6 c1c7,576
r1bq1rk1/1pp2ppp/p1np4/8/2BPN3/5N2/PP1Q1PPP/R4RK1 b - -,d6d5 e4g5 d5c4 d2c2 g7g6 c2c4 c6e7 f1e1 e7d5 g5e4,11
r5r1/p1n3pp/1pkb4/8/PP6/2P2P2/5P1P/R1BR2K1 b - -,d6e5 c1g5 e5f6 g5f6 g7f6 g1h1 a8d8 d1e1 g8e8 e1g1,-323
r1b1k1nr/pppq1ppp/2np4/b3p1B1/2BPP3/2P2N2/P4PPP/RN1Q1RK1 b kq -,h7h6 g5h4 g8e7 h4e7 c6e7 d4e5 e8h8 e5d6 d7d6 d1d6,-52
rnbqkbnr/3ppppp/p7/1p6/3PPB2/8/1PP2PPP/RN1QKBNR b KQkq -,c8b7 b1d2 g8f6 f1d3 d7d6 g1f3 e7e6 e1h1 f8e7 d1e2,60
8/6kP/1K6/2P5/5P2/r7/8/8 b - -,,0
3r4/8/8/8/8/3kp3/3p1R2/3K4 b - -,a3a1 h7h8q g7h8 c5c6 a1b1 b6a7 b1c1 a7b7 h8g7 c6c7,Mate
6k1/pp1n3p/5pp1/2q5/8/1P4P1/P1P4P/5K2 b - -,a3a1 h7h8q g7h8 c5c6 a1b1 b6a7 b1c1 a7b7 h8g7 c6c7,Mate
r1bqk2r/ppp1bppp/2n5/1B6/4Q1n1/5N2/PPP2PPP/RNB1K2R b KQkq -,d8d1 e1d1 g4f2 d1e2 f2e4 h1e1 e4d6 b5c6 b7c6 e2f1,-125
r1bq1rk1/ppp3bn/n2p3p/3Pp3/2P2p1N/2NB2PP/PP1B1P1K/R2Q1R2 b - -,d8e8 g3f4 a6c5 d3c2 e5f4 h4g6 h7g5 g6f8 c8h3 f8h7,121
8/8/8/1p4P1/7K/1k5P/8/5b2 b - -,d8e8 g3f4 a6c5 d3c2 e5f4 h4g6 h7g5 g6f8 c8h3 f8h7,Mate
r1b1k1nr/pppq1pp1/2np3p/b3p3/2BPP2B/2P2N2/P4PPP/RN1Q1RK1 b kq -,g8e7 h4e7 c6e7 d4e5 e8h8 a2a4 d7c6 c4a2 d6e5 f3e5,-45
r4rk1/1p2bppp/pq1p1n2/2n1pP2/2N1P3/2N1BQ2/PPP3PP/3R1RK1 b - -,b6a7 b2b4 a8d8 b4c5 d6c5 c3d5 f6d5 e4d5 e5e4 f3g3,475
rnbqk2r/ppp2ppp/1b1p4/8/1PN1n3/2P5/P2PBPPP/RNBQ1RK1 b kq -,e4f6 d2d4 d6d5 c4b6 a7b6 e2d3 e8h8 c1g5 h7h6 g5h4,57
rnb1kb1r/ppq2ppp/2p2n2/4p3/4P3/N1PP2P1/P4P1P/R1BQKBNR b KQkq -,f8c5 a3c2 e8h8 f1g2 f8d8 g1e2 c5b6 d3d4 c6c5 d4d5,-40
2r3k1/pb5q/1p3Qp1/3P3p/8/1P5P/PB3PP1/3R2K1 b - -,c8f8 f6d4 b7c8 d5d6 c8d7 d1c1 a7a6 c1c7 b6b5 c7a7,662
r1bqk1nr/2pnbppp/p2pp3/1p6/3PP3/2NBBN2/PPP2PPP/R2Q1RK1 b kq -,g8f6 e4e5 d6e5 d4e5 f6d5 c3d5 e6d5 c2c3 c7c5 a2a4,107
8/r3kp1p/6p1/3Bb3/8/1Pr1P2P/6P1/1R1K1R2 b - -,c3d3 d1e2 d3d5 f1f2 d5b5 g2g4 a7a3 b3b4 a3a2 e2f3,-431
8/5p2/3r3p/P1k4P/5R2/4K3/5P2/8 b - -,d6d5 a5a6 c5b6 f4f6 b6c7 f6f7 c7b8 f2f4 d5h5 f4f5,524
6k1/5p2/8/1P5p/6p1/5QP1/5PKP/N2r4 b - -,g4f3 g2f3 d1a1 g3g4 a1b1 g4g5 g8g7 f3e3 b1b5 f2f4,-795
8/2P3kP/1K6/8/5r2/8/8/8 b - -,,0
1qr2rk1/1p2b1pp/n1ppbn2/p3pp2/2PP4/PPNQP1P1/1B2NPBP/2R2RK1 b - -,e5e4 d3d2 d6d5 f2f3 e7d6 c3a4 c8e8 d2a5 h7h5 f3f4,-27
r2q1rk1/pp2p1bp/3p2p1/2pP4/2P2P2/2NQ3P/PP4P1/R4RK1 b - -,d8b6 d3e2 b6b4 a1b1 f8f7 c3e4 h7h6 b2b3 b7b5 g1h1,46
2r5/1N1k4/1P6/1b1b1r2/2p2B2/8/4R3/3RK3 b - -,c8h8 d1d4 c4c3 e2e5 h8h1 e1f2 f5e5 f4e5 d7e6 d4d5,-31
r3r1k1/1q4pp/pn2Pp2/1p6/1bpR1B2/5N2/PP2QPPP/3R2K1 b - -,b4c5 d4e4 b6d5 f4h6 a8d8 e4g4 g7g6 h2h4 f6f5 g4d4,-94
r7/p3ppkp/2p1b1p1/7r/1q6/4Q2P/P1P1NPP1/3RR1K1 b - -,e6a2 d1a1 a2c4 e2f4 h5f5 e3d4 g7g8 f4d3 b4b5 d3e5,-22
r2q1rk1/1pp2ppp/p1np1n2/8/2BPP1b1/2N5/PP1Q1PPP/R3NRK1 b - -,f6e4 c3e4 d6d5 f2f3 g4c8 c4d5 d8d5 e1c2 c8f5 e4c3,-7
rnbqkb1r/pp3ppp/3ppn2/2p1P3/2PP4/5N2/PP3PPP/RNBQKB1R b KQkq -,d6e5 d4e5 d8d1 e1d1 f6g4 d1e1 b8c6 c1f4 c6b4 b1a3,-44
r1b1k2r/pppqnpp1/2np3p/b2Pp3/2B1P2B/2P2N2/P4PPP/RN1Q1RK1 b kq -,c6b8 h4e7 e8e7 f3d2 a5b6 a2a4 a7a6 g1h1 d7g4 c4e2,-91
8/4k3/8/8/1N3p1p/1N3p1p/5p1p/5NbK b - -,e7f6 b4d3 f6f5 b3d2 f5g4 d2e4 g4f5 e4d6 f5f6 d6c4,97
r2qk2r/ppp2pp1/3p3p/2bNp3/2BnP1P1/3P1N2/PPP2P2/1R1Q1RK1 b kq -,d4e6 b2b4 c5d4 d5e3 d8f6 g1h1 f6f4 f3h2 h6h5 g4g5,446
r1r1k3/4pp2/2n5/1QR1q3/8/6P1/5PK1/1R6 b - -,e5e4 g2h2 a8b8 c5c6 b8b5 c6c8 e8d7 b1b5 d7c8 b5b3,-362
r1bq1rk1/p1p1bppp/2Q5/8/6n1/5N2/PPP2PPP/RNB1K2R b KQ -,e7b4 b1c3 f8e8 c1e3 g4e3 f2e3 e8e3 e1f2 e3e6 c6c4,-435
6k1/5p2/8/1P5p/8/5KP1/5P1P/N2r4 b - -,d1a1 f3f4 a1b1 f4e4 b1b5 f2f3 g8h7 e4d4 h7g7 d4c3,-813
7k/pp3p1p/3r1Bp1/P2N4/2n5/1b4P1/4rPBP/R5K1 b - -,d6f6 d5f6 h8g7 f6g4 e2a2 a1a2 b3a2 g2d5 a2b3 d5c4,-217
4rrk1/7p/p2R4/1p1p2p1/2PP1p2/5bP1/PP1B1P1P/RN4K1 b - -,f4g3 h2g3 e8e2 d2b4 d5c4 b1c3 e2b2 a2a3 f8a8 c3d5,269
r1bq1rk1/pp4b1/3pPn1p/2p1p3/2P5/2NB4/PP4PP/R1BQ1RK1 b - -,b7b6 d3f5 d8e7 c3d5 f6d5 c4d5 e7h4 c1e3 c8b7 d1d3,235
rnb1k2r/pppqBpp1/3p3p/b2Pp3/2B1P3/2P2N2/P4PPP/RN1Q1RK1 b kq -,e8e7 f3d2 a5b6 a2a4 a7a6 g1h1 g7g5 c4e2 b6a7 d2c4,-90
r1r3k1/1Q3pp1/p6p/4N3/8/b1P2P2/P4PKP/8 b - -,f7f6 e5g6 a6a5 b7d5 g8h7 g6f4 a5a4 c3c4 a3f8 f4e6,296
4r1k1/p4ppp/2P5/1p2nP2/5B2/8/P5PP/2R3K1 b - -,f7f6 f4e5 f6e5 g1f2 g8f7 g2g4 a7a5 f2e3 b5b4 e3e4,330
8/r3kp1p/6p1/3Bb3/8/1P1rP2P/4K1P1/1R3R2 b - -,d3d5 g2g4 a7a2 e2f3 e5d6 b3b4 a2h2 f1h1 h2h1 b1h1,-425
r7/8/8/3N4/3K4/5k2/8/8 b - -,f3g4 d4e4 a8e8 e4d4 e8e1 d5e3 g4f3 e3d5 e1e4 d4d3,-15
r1bnk2r/ppp1qppp/8/2PBp3/8/5Q2/PPP2PPP/RNB2RK1 b - -,c7c6 d5b3 c8e6 f3g3 e6b3 a2b3 d8e6 g3e5 f7f6 e5e4,539
r5k1/2r3pp/8/8/2nN4/8/p1R3PP/R5K1 b - -,,0
3r4/8/8/8/4k3/4p3/3pR3/3K4 b - -,c7d7 c2c4 a8d8 a1a2 d7d4 c4d4 d8d4 g1f2 h7h6 f2g3,Mate
5r2/1KP3kP/8/8/8/8/8/8 b - -,,0
3q1rk1/p1r2pbp/1pn1p1p1/3N4/3P4/PP1Q2PP/4NP2/1RBR2K1 b - -,c7c8 d5e3 d8d7 c1b2 f8d8 d3e4 c6e7 e4f3 e7d5 e3c4,398
8/6k1/7p/8/3P4/8/5K2/8 b - -,,0
3R4/8/P6p/2r1k1p1/3p4/5B1P/6PK/8 b - -,c5c7 f3b7 c7c2 d8d5 e5f4 d5d4 f4e3 d4a4 c2d2 a6a7,870
8/5p1p/k5p1/6P1/3p3P/1p1K4/8/8 b - -,c5c7 f3b7 c7c2 d8d5 e5f4 d5d4 f4e3 d4a4 c2d2 a6a7,Mate
8/8/8/5k2/5p1p/3N1p1p/3N1p1p/5NbK b - -,f5g4 d2b3 g4g5 b3d4 g5g4 d3e5 g4g5 e5f3 g5f6 d4b3,91
r3r1k1/1q4pp/pn2Pp2/1pb5/2p2B2/5N2/PP1RQPPP/3R2K1 b - -,b7c8 f3d4 b6a4 h2h3 c4c3 d2c2 c3b2 d1e1 c8b7 d4f5,-91
r2q1rk1/4ppbp/p3b1p1/np6/3PP3/3BBP2/P3N1PP/2RQ1RK1 b - -,e6a2 e3f2 a2b3 d1e1 b3c4 d3c4 a5c4 d4d5 a6a5 e2d4,-179
r5r1/p1n3pp/1pk5/1P2b3/P7/2P2P2/5P1P/R1BR2K1 b - -,c6b7 c1g5 c7e6 g5h4 a8c8 g1f1 e5c3 d1d7 c8c7 d7c7,-352
2Q2r2/1K5k/8/8/8/8/8/8 b - -,,0
r2q1rk1/p1pb1ppp/8/8/1bQ3n1/2P2N2/PP3PPP/RNB1K2R b KQ -,f8e8 c1e3 e8e3 f2e3 g4e3 c4e4 b4c5 b1d2 d8f8 f3g5,-412
8/6R1/4r2p/1Pnk1p2/P7/5K2/6PP/8 b - -,e6e4 a4a5 c5b3 g2g4 b3d4 f3g2 d4b5 g4f5 b5d6 f5f6,-18
r1bnk2r/ppp2Bpp/8/2b1p1q1/8/5Q2/PPPP1PPP/RNB2RK1 b - -,d8f7 d2d4 g5f5 f3f5 c8f5 d4c5 f5c2 b1c3 e8d7 c1e3,34
r1bqk2r/ppp2ppp/2n2n2/4P3/2B5/5N2/P2Q1PPP/RN3RK1 b kq -,f6g8 d2f4 g8h6 b1c3 c8e6 f1d1 d8c8 c3d5 e8h8 a1c1,89
r1b2rk1/ppp3p1/3p1pQn/4p3/1n2P3/3PP2P/PPPK2P1/R2N1BNR b - -,c8e6 a2a3 b4c6 d1c3 a8d8 g6g3 f6f5 g1f3 e6f7 d2c1,747
6k1/5pp1/P4n1p/3p4/3K4/4rPPP/R7/8 b - -,,0
8/6k1/6B1/5K2/8/1N6/8/8 b - -,e3e8 a6a7 e8a8 d4c5 f6h5 g3g4 h5f4 c5b6 f4h3 b6b7,Mate
r1r4k/5Qp1/p4pNp/8/8/b1P2P2/P4PKP/8 b - -,h8h7 g6f4 h7h8 f7d5 c8e8 f4g6 h8h7 d5f5 h7g8 c3c4,269
6k1/1b4pp/pN3p2/2r5/3p4/1P6/P1PR1KPP/8 b - -,,0
8/8/5k1p/3P4/8/8/5K2/8 b - -,,0
8/8/8/5k2/5p1p/5N1p/3N1p1p/5NbK b - -,f5e6 d2b3 e6d6 b3c1 d6d5 c1e2 d5e4 e2d4 e4d5 d4f5,93
r1bq1rn1/pp4kp/2n1p1p1/2pp2N1/4P3/2NP4/PPP1BPP1/R1Q1K2R b KQ -,h7h6 e4d5 e6d5 g5f3 b7b5 a2a3 g6g5 c1d2 g5g4 f3h2,-32
8/5p1p/k5p1/6P1/3p3P/8/1pK5/8 b - -,a6b5 c2b2 b5c4 b2c2 d4d3 c2c1 c4d5 c1d1 d5e4 d1d2,-1161
4R3/8/4k3/8/8/8/1K6/3R4 b - -,b2b1b c2b1 a6b5 b1c2 b5c5 c2d2 c5d5 d2e2 d5e4 e2d2,Mate
r3kb1r/ppp1pppp/2Bq1n2/8/6b1/2N2N2/PPPP1PPP/R1BQ1RK1 b kq -,d6c6 d2d3 g4f3 d1f3 c6f3 g2f3 e8a8 f1e1 e7e6 c1d2,-70
rnb1kb1r/pp3ppp/2p2n2/q3p3/4P3/N1PP2P1/PB3P1P/R2QKBNR b KQkq -,f8a3 d1b3 a3b2 b3b2 c6c5 f2f4 b8c6 g1f3 c5c4 f3e5,-485
rn2kb1r/pQpqpppp/1n1p4/8/2PP4/6P1/PP2PPBP/R1B1K1NR b KQkq -,e7e6 c1f4 c7c6 b7d7 b6d7 g1f3 f8e7 e1h1 a7a5 f1c1,225
rn1qkbnr/1b1ppppp/p7/1p6/3PPB2/8/1PPN1PPP/R2QKBNR b KQkq -,g8f6 f1d3 d7d6 g1f3 e7e6 d1e2 f8e7 d2b3 b8c6 c2c3,64
r5r1/pkn3pp/1p6/1P2b1B1/P7/2P2P2/5P1P/R2R2K1 b - -,c7e6 h2h4 e6g5 h4g5 a8d8 d1d8 g8d8 a1e1 e5d6 e1e4,-367
4Q3/2R3p1/4p2k/1P1pp1p1/3q2P1/1P5P/5P2/6K1 b - -,c7e6 h2h4 e6g5 h4g5 a8d8 d1d8 g8d8 a1e1 e5d6 e1e4,Mate
8/5pkn/1p3r2/p1p5/P3R3/1P1B2p1/2P5/2K5 b - -,f6g6 e4e1 g6g4 d3f5 g4f4 f5c8 h7f6 c8b7 g7g6 e1e3,-471
r2q1rk1/ppp3pp/2npP1b1/5p2/3P4/1P3N1P/1P1N1PP1/R2QR1K1 b - -,f8e8 d4d5 c6b4 d2c4 f5f4 e1e2 a7a5 e2d2 g6e4 a1a5,65
7r/8/8/8/4k3/4p3/2KpR3/8 b - -,f8e8 d4d5 c6b4 d2c4 f5f4 e1e2 a7a5 e2d2 g6e4 a1a5,Mate
8/8/4k3/8/5p1N/7p/3N1p1p/5NbK b - -,e6e5 h4f3 e5d5 f3g5 d5d6 d2f3 d6d5 f3h4 d5e5 g5h7,93
4r1k1/1R3R1p/1p4p1/2p5/P7/1r6/6PP/6K1 b - -,,0
r1b1k2r/ppp2npp/8/2b1p1q1/3P4/5Q2/PPP2PPP/RNB2RK1 b - -,g5f5 f3f5 c8f5 d4c5 f5c2 b1c3 e8d7 c1e3 h8d8 a1c1,21
2k1r2r/1ppqnp1p/3p1p2/p2P4/P1BQ4/R6P/1PP2PP1/5RK1 b - -,c8b8 c4b5 c7c6 d5c6 e7c6 d4f6 d7e6 f6c3 e6d5 b5c6,321
r5k1/1r4pp/8/8/2nN4/8/R5PP/R5K1 b - -,,0
r1b2k1r/3nn1bp/1p1N1pp1/p1p1p1B1/2P1P3/5N2/PP2BPPP/3R1RK1 b - -,f6g5 d6c8 e7c8 d1d7 g7f6 f1d1 g5g4 f3e1 h7h5 d7c7,155
r2qkbnr/1b1p1ppp/p1n1p3/1p6/2PPPB2/5N2/1P1N1PPP/R2QKB1R b KQkq -,c6b4 c4b5 a6b5 a1c1 g8f6 f4c7 d8c8 c7e5 c8d8 e5f6,33
4k3/p3b1pp/np2p3/5p2/3PP3/P4P2/1B4PP/2N2K2 b - -,f5e4 f3e4 e6e5 a3a4 e5d4 b2d4 e7f6 d4f6 g7f6 c1e2,-42
3R4/2r5/7p/P3k1p1/3p4/5B1P/6PK/8 b - -,c7c4 a5a6 c4a4 f3e2 h6h5 d8d7 e5e6 d7h7 e6f5 a6a7,549
rnbqk2r/pp2bppp/2p1pn2/8/3P4/5NN1/PPP1QPPP/R1B1KB1R b KQkq -,c6c5 d4c5 b8d7 c1e3 d8c7 e3d4 e8h8 e1a1 f8d8 g3e4,-22
8/8/7p/3Pk3/8/8/4K3/8 b - -,,0
rnb4r/pppqkpp1/3p3p/b2Pp3/P1B1P3/2P2N2/5PPP/RN1Q1RK1 b - -,a7a6 f3d2 a5b6 g1h1 g7g5 c4e2 b6a7 d2c4 h6h5 d1c1,-96
5q2/3k1bp1/p2R4/P3Q3/1P6/2P2P2/5K2/8 b - -,f8d6 e5g7 d6d2 f2g3 d2d5 f3f4 d7c6 g7f6 c6b5 f6b6,Mate
6k1/1r4pp/8/8/2nN4/8/R5PP/6K1 b - -,,0
2r3k1/p1P2ppp/8/1p3P2/8/8/P5PP/3R2K1 b - -,g8f8 d1d8 f8e7 d8c8 e7d7 c8f8 d7c7 f8f7 c7d6 f7a7,1155
6k1/P4pp1/5n1p/3p4/3K4/5rPP/R7/8 b - -,f3g3 a7a8q g8h7 a2a3 g3g2 a8b7 g2d2 a3d3 d2f2 b7f7,371
8/5pkn/1p3r2/p1p5/P5R1/1P1B4/2P3p1/2K5 b - -,g7h6 g4g2 h7f8 c1d2 f8g6 g2g1 f6d6 g1h1 h6g5 h1g1,-62
2kr3r/ppp2ppp/5n2/q1b3N1/2Qn4/2N1B3/PP3PPP/R4RK1 b - -,c5d6 g2g3 d6e7 e3d4 a5g5 c3b5 c7c6 b5a7 c8b8 f1d1,97
r5k1/p1p2ppp/4b3/5q2/1Q6/2P5/PP4PP/RN2N1K1 b - -,c7c5 b4h4 g7g5 h4g3 a8d8 b1a3 d8d2 e1f3 d2b2 f3g5,320
r1b2rk1/ppp3p1/3p2Qn/4pp2/1n2P3/P2PP2P/1PPK2P1/R2N1BNR b - -,b4c6 g1f3 f8f6 g6e8 f6f8 e8h5 c8e6 f3g5 e6f7 h5h4,776
r1bq1rn1/pp4k1/2n1p1pp/2pP2N1/8/2NP4/PPP1BPP1/R1Q1K2R b KQ -,e6d5 g5f3 c8e6 c1d2 d8f6 e1h1 a8e8 a1d1 g6g5 d3d4,-25
r2qkbnr/1b1p1ppp/p1n1p3/8/2BPPB2/5N2/1P1N1PPP/R2QK2R b KQkq -,c6b4 e1h1 g8f6 d4d5 e6d5 e4d5 b4d5 f4e5 f8e7 f3d4,55
r1N2k1r/3nn1bp/1p4p1/p1p1p1p1/2P1P3/5N2/PP2BPPP/3R1RK1 b - -,g5g4 d1d7 a8c8 f3g5 h7h5 f1d1 g7f6 g5e6 f8g8 d1d6,232
8/6R1/4r2p/1P1k1p2/n4K2/8/6PP/8 b - -,a4b6 f4f5 b6c4 f5g4 c4e3 g4h5 e6e5 h5g6 d5e4 g7a7,7
8/8/7p/3k4/8/3K4/8/8 b - -,,0
6k1/p4r1p/1p2pP2/2B5/2P5/4R3/P6P/6K1 b - -,b6c5 e3e6 f7b7 e6c6 g8f7 c6c5 b7b1 g1f2 b1b2 f2e3,12
r2qkb1r/p4ppp/Bpp5/3pNb1n/3P4/1QN1P3/PP3PPP/R3K2R b KQkq -,d8d6 a6b7 a8c8 b3a4 h5f6 a4a7 f8e7 b7c8 f5c8 a7b6,445
8/7B/2K1N3/8/3k4/8/8/8 b - -,d4c4 h7g8 c4b4 c6d5 b4c3 g8h7 c3b3 d5d4 b3b4 h7c2,193
2r1r1k1/pb3ppp/5n2/1p3q2/2pPpN2/1PP3QP/P2N1PP1/2R1RK2 b - -,g7g5 b3c4 b5c4 h3h4 f5f4 g3g5 f4g5 h4g5 f6g4 f1g1,-370
r2qk1nr/1b1p1ppp/p1n1p3/8/1bBPPB2/5N2/1P1N1PPP/R2Q1RK1 b kq -,c6e7 d1e2 a6a5 c4d3 g8f6 f1c1 e7g6 f4c7 d8e7 d2b3,38
8/7B/N1K5/8/3k4/8/8/8 b - -,d4c4 h7g8 c4c3 c6d5 c3b3 d5d4 b3b2 d4d3 b2a1 g8h7,191
1r4k1/3Q1ppp/3p4/3P4/8/1q6/5PPP/2K4R b - -,d4c4 h7g8 c4c3 c6d5 c3b3 d5d4 b3b2 d4d3 b2a1 g8h7,Mate
4k3/p3b1pp/np2p3/8/3PP3/P7/1B4PP/2N2K2 b - -,e6e5 a3a4 e5d4 b2d4 e7f6 d4f6 g7f6 c1e2 a6c7 e2c3,-52
1b6/6pk/8/4Bp2/2p1bP2/2P1N1Pp/1r5P/R5K1 b - -,b8e5 f4e5 b2e2 a1f1 e2e3 g1f2 e3c3 f1e1 h7g6 g3g4,-579
8/8/6P1/1p6/7K/2k4P/8/5b2 b - -,b8e5 f4e5 b2e2 a1f1 e2e3 g1f2 e3c3 f1e1 h7g6 g3g4,Mate
8/8/1K6/p7/bk4B1/8/8/8 b - -,,0
r2qk2r/ppp2pp1/3p2bp/2bNp3/1PBnP1P1/3P1N1P/P1P2P2/1R1Q1RK1 b kq -,d4f3 d1f3 c5d4 b4b5 c7c6 d5e3 d4b6 g1h1 a8c8 b5c6,17
r5r1/pkn3pp/1p6/1P4B1/P7/2b2P2/5P1P/2RR2K1 b - -,c3e5 f3f4 e5f6 d1d7 a8c8 g5f6 g7f6 g1f1 h7h5 f2f3,-291
6k1/pr5p/R4P2/2p5/2P5/8/P6P/6K1 b - -,,0
5rk1/7p/R7/1p1p2p1/P2P1p2/2P2bP1/1P1BrP1P/RN4K1 b - -,f4g3 h2g3 f3e4 c3c4 f8f2 a6e6 f2g2 g1f1 e2f2 f1e1,-125
7r/8/8/8/4k3/4p3/4R3/3K4 b - -,f4g3 h2g3 f3e4 c3c4 f8f2 a6e6 f2g2 g1f1 e2f2 f1e1,Mate
r1bq1rn1/pp4k1/2n1p1pp/2pp4/4P3/2NP1N2/PPP1BPP1/R1Q1K2R b KQ -,d5d4 c3b1 e6e5 b1d2 b7b6 c2c3 d8f6 d2f1 c8g4 c1d2,-78
rnb4r/ppp1kpp1/3p3p/b2Pp3/P1B1P1q1/2P2N2/3Q1PPP/RN3RK1 b - -,g4e4 d2a2 b8d7 b1d2 e4f4 a1e1 e7d8 e1e4 f4f5 e4e3,-201
r3k1nr/1b1p1ppp/pqn1p3/8/1bBPPB2/1N3N2/1P3PPP/R2Q1RK1 b kq -,c6e7 b3c5 g8f6 c4d3 e7g6 f4e3 f6g4 c5b7 g4e3 f2e3,71
8/5pkn/1p3r2/p1p5/P1B1R1p1/1P6/2P5/2K5 b - -,g4g3 c4d3 f6g6 e4e1 g6g4 d3f5 g4f4 f5c8 h7f6 c8b7,-482
r1bqr1k1/pp2npbp/2n1p1p1/2pp4/4PP2/2NP1NPP/PPP3B1/R1BQR1K1 b - -,d5d4 c3e2 e6e5 a2a4 a7a5 e1f1 e5f4 g3f4 c6b4 c1d2,-28
8/5k2/2n3p1/7p/5N1P/5KP1/8/8 b - -,,0
8/pr3k1p/R4P2/2p5/2P5/8/P4K1P/8 b - -,f7g6 f2e3 b7b4 e3d3 b4b2 h2h4 b2h2 d3e4 h2h4 e4e5,99
rnbqkbnr/1p3pp1/p1p1p2p/3p4/3P1B2/2N2N2/PPPQPPPP/2KR1B1R b kq -,d8a5 a2a3 b7b5 d2e1 a5d8 e2e4 g8f6 f3e5 b5b4 c3a4,50
8/6pk/8/4Pp2/2p1b3/2P1N1Pp/1r5P/R5K1 b - -,b2e2 a1d1 e2e3 g1f2 e3c3 g3g4 c3f3 f2e2 f5g4 e5e6,-640
1R1r2k1/1P3p1p/8/2p1P1p1/6b1/8/7R/5BK1 b - -,d8b8 f1g2 c5c4 g2e4 g4f5 e4f5 b8b7 f5h7 g8f8 h2g2,Mate
r3k2r/1b1pnppp/pqn1p3/8/1bBPP3/1N2BN2/1P3PPP/R2Q1RK1 b kq -,d7d5 e4d5 e7d5 c4d5 e6d5 f3e5 c6e5 d4e5 d5d4 d1d4,61
rn2k1nr/p1pP2pp/1p6/3P4/5B2/2N1b3/PPP2PPP/R3K1NR b KQkq -,b8d7 f2e3 g8f6 g1f3 e8h8 e1h1 b6b5 c3b5 f6d5 b5c7,602
1r3r1k/3q2p1/pp1P1b2/N1PQ3p/4Pp2/8/P5PP/2R2RK1 b - -,d7g4 a5c6 b6c5 c6b8 f6d4 g1h1 f8b8 e4e5 g4f5 c1e1,488
r2qk2r/1pp3pp/p1n1bp2/2bpp3/Q3P3/2PPBN1P/PP3PP1/R3KN1R b KQkq -,c5e7 f1g3 d5e4 d3e4 d8d3 a4d1 d3b5 g3f5 e7f8 b2b3,-120
rnb4r/ppp1kpp1/3p3p/b2Pp3/P1B1P1q1/2P2N2/2Q2PPP/RN3RK1 b - -,a7a6 b1d2 a5b6 c4e2 g4f4 d2c4 b6c5 g1h1 g7g5 c4e3,-76
8/R4k1p/5P2/2p5/1rP5/8/P4K1P/8 b - -,,0
rnb2k1r/4n1bp/1p1N1pp1/p1p1p3/2P1P3/4BN2/PP2BPPP/3R1RK1 b - -,a8a7 d1d3 b8c6 f1d1 c6d4 f3d4 c5d4 e3d2 a7d7 d6c8,52
r2q1rk1/pp4b1/3pbn1p/2p1p3/2P5/2NB4/PP2Q1PP/R1B2RK1 b - -,d8d7 c1e3 b7b5 c3b5 e5e4 d3c2 f6g4 e3f4 a7a6 b5d6,-20
rn1qkbnr/pp3ppp/2p1p3/8/3pPP2/3P1P2/PPP1N2P/R1BQKB1R b KQkq -,c6c5 f1g2 b8c6 e1h1 g7g6 a2a3 g8e7 g1h1 f8g7 c1d2,-53
r4rk1/1p2bpp1/pq1p1n1p/2n1pP2/4P1PP/1NN1BQ2/PPP5/R4RK1 b - -,a8c8 b3c5 d6d5 c5d7 b6b2 d7f6 e7f6 c3d5 f6h4 c2c3,342
8/8/8/8/k7/1Q2K3/8/2R5 b - -,a8c8 b3c5 d6d5 c5d7 b6b2 d7f6 e7f6 c3d5 f6h4 c2c3,Mate
r1b1Q1k1/ppp3p1/3p1r1n/4pp2/1n2P3/P2PP2P/1PPK2P1/R2N1BNR b - -,f6f8 e8f8 g8f8 a3b4 b7b6 d1c3 c8b7 g1f3 f8g8 f1e2,780
R7/P1K3k1/8/8/8/8/8/3r4 b - -,d1f1 a8b8 f1c1 c7d6 c1d1 d6e5 d1e1 e5d5 e1f1 a7a8q,894
r2qr3/p4k1p/3p2pQ/1ppPn3/3p4/P4P1B/1PP2P2/2KR3R b - -,a8b8 f3f4 e5f3 h3e6 f7f6 h1h3 e8e6 d5e6 d8f8 h6h7,526
r4rk1/5p2/p1p2q1p/1p2pP2/1P1pP3/3P4/1PP1Q1PP/R4RK1 b - -,f8b8 c2c3 d4c3 b2c3 b8d8 f1f3 g8h7 h2h3 c6c5 b4c5,185
8/7R/5k2/2p5/2r5/4K3/P6P/8 b - -,,0
7r/8/8/8/8/4pk2/8/3KR3 b - -,c4a4 h2h4 a4a2 h4h5 f6e5 e3d3 e5d5 d3e3,Mate
rn1qr1k1/2pb1pR1/8/p2Pp3/2p1QP2/P1N1B3/1PBK4/7R b - -,c4a4 h2h4 a4a2 h4h5 f6e5 e3d3 e5d5 d3e3,Mate
8/8/5kp1/6Np/3n1K1P/6P1/8/8 b - -,,0
r2Bk2r/ppp2ppp/2np4/2b1p3/1PB1P3/2PP4/P4nPP/RN2K1NR b KQkq -,c5e3 e1e2 c6d8 e2e3 f2h1 b1d2 c7c6 a2a4 a7a5 b4b5,261
3r1rk1/1pq2pp1/pNb1p3/6n1/1QPRp1Pp/2P1P2P/P4PB1/3R2K1 b - -,g8h7 b4c5 f7f6 a2a4 a6a5 d1d2 h7h6 d4d7 d8d7 d2d7,-72
1r4k1/1P3p1p/8/2p1P1p1/6b1/8/6BR/6K1 b - -,g4c8 b7c8r b8c8 h2h5 h7h6 e5e6 f7e6 h5h6 g8f7 g1f2,-22
2rqrBk1/pb3p1p/1pn1p1p1/3n4/B2P4/P1NQ1N2/1P3PPP/3RR1K1 b - -,d5c3 b2c3 e8f8 c3c4 b7a6 d4d5 e6d5 d3d5 d8c7 d5d2,22
1r3r1k/3q2p1/p2P1b2/p1P4Q/4Pp2/8/P5PP/2R2RK1 b - -,h8g8 e4e5 f6d8 c5c6 d8b6 g1h1 d7e6 c6c7 b6c7 c1c7,360
r2r2k1/1bqpnppp/B1n1p3/8/1b1PP3/1N1QBN2/1P3PPP/R1R3K1 b - -,b7a6 a1a6 a8a6 d3a6 c7b8 g2g3 h7h6 e3f4 b8a8 a6a8,59
rnb4r/ppp1k1p1/3p3p/b2Ppp2/P1B1P1q1/2P2N2/2Q2PPP/RN2R1K1 b - -,f5e4 f3d4 c8f5 f2f3 g4g6 d4f5 g6f5 b1d2 b8d7 g1h1,-6
8/6P1/8/8/1p5K/2k4P/8/5b2 b - -,f5e4 f3d4 c8f5 f2f3 g4g6 d4f5 g6f5 b1d2 b8d7 g1h1,Mate
5q2/5bp1/p1kR4/P4Q2/1P6/2P2P2/5K2/8 b - -,c6d6 f5c5 d6e6 c5f8 f7g6 f2e3 g6c2 f8g7 e6f5 f3f4,Mate
rnb1kbnr/pp1p1ppp/1q2p3/2p5/2BPP3/2N2N2/PPPB1PPP/R2QK2R b KQkq -,f8e7 d4d5 d7d6 e4e5 d6e5 f3e5 g8f6 d1f3 e8h8 e1a1,177
r2r2k1/1bq1nppp/B1n1p3/1Q1p4/1b1PP3/1N2BN2/1P3PPP/R1R3K1 b - -,a8a6 a1a6 b7a6 b5a6 d5e4 f3e5 d8d6 a6b5 c7b8 b5b8,61
r1bk2nr/ppp3pp/2n2p2/4P3/1bp5/2N2N2/PP1BPPPP/2KR1B1R b - -,d8e8 c3d5 b4d2 d1d2 a8b8 e2e4 b7b5 b2b3 f6e5 b3c4,239
3r4/8/8/8/8/4pk2/2K5/4R3 b - -,d8e8 c3d5 b4d2 d1d2 a8b8 e2e4 b7b5 b2b3 f6e5 b3c4,Mate
2rr2k1/p3np2/1p1qp2p/5p2/P2P3P/4PQP1/5P2/R1R2BK1 b - -,g8h7 f3h5 h7g7 h5e2 c8c1 a1c1 d8d7 e2b2 e7d5 f1g2,16
q5k1/5Pp1/5b2/1p6/2p5/2P3p1/1P1N1P2/5RK1 b - -,g8f7 f2g3 a8d5 f1f2 d5d3 d2f3 f7g8 g1g2 d3e4 g2f1,-636
2rqrBk1/pb3p1p/1pn1p1p1/8/B2P4/P1PQ1N2/5PPP/3RR1K1 b - -,e8f8 c3c4 b7a6 d1c1 c6e7 f3e5 c8c7 d3b3 h7h6 e1d1,13
1r3rk1/3q2p1/p2P1b2/p1P1Q3/4Pp2/8/P5PP/2R2RK1 b - -,f6e5 c5c6 d7d6 c6c7 d6d4 g1h1 b8c8 h2h4 d4b2 c1b1,-1185
rnb4r/ppp1k1p1/3p3p/b2Pp3/P1BNp1q1/2P5/2Q2PPP/RN2R1K1 b - -,c8f5 h2h3 g4g6 d4f5 g6f5 b1d2 b8d7 d2e4 h8f8 c4d3,-24
rn3b1r/p2kpppp/1npp4/2P5/3P4/6P1/PP2PPBP/R1B1K1NR b KQ -,d6c5 d4c5 b6d5 g1f3 e7e6 e2e4 d5b4 e1h1 f8c5 a2a3,234
3r2k1/2q1nppp/Q1n1p3/3p4/1b1PP3/1N2BN2/1P3PPP/2R3K1 b - -,c7d6 b3c5 d6b8 e4d5 d8d5 c5d3 d5a5 a6c4 b4d6 e3d2,50
3R4/pp4bk/1q4pp/5R2/4P3/P6P/4N1PK/8 b - -,b6d8 f5d5 d8e8 e2g1 e8e4 d5d8 e4a4 d8d3 g6g5 g1f3,-597
8/5p1p/6p1/1k4P1/3K3P/1p6/8/8 b - -,b6d8 f5d5 d8e8 e2g1 e8e4 d5d8 e4a4 d8d3 g6g5 g1f3,Mate
r1bqkb1r/pp1p1pp1/2n1pn1p/2p5/4P3/P1N3Q1/1PPP1PPP/R1B1KBNR b KQkq -,d7d5 f1b5 c8d7 e4e5 f6h5 g3g4 c6d4 b5d7 e8d7 e1d1,-90
rn3b1r/p2kpppp/1np5/2P5/8/6P1/PP2PPBP/R1B1K1NR b KQ -,b6d5 g1f3 e7e6 e2e4 d5b4 e1h1 f8c5 a2a3 b4a6 f1d1,237
6k1/R4p2/8/2p4p/2P1Br2/1P2N3/P2n1PKP/8 b - -,d2e4 a7e7 g8g7 h2h3 h5h4 a2a4 e4d2 e7b7 f4f6 e3g4,367
5b2/3q1p1k/1p3Np1/r1p1p2p/2P1P3/1R1PB1PP/5PK1/8 b - -,h7g7 f6d7 a5a6 d7b6 f8e7 b6d5 e7d8 b3b7 d8a5 e3c5,635
4r1k1/P4pp1/5n1p/3p4/3K4/5PPP/R7/8 b - -,,0
r1b2Qk1/ppp3p1/3p3n/4pp2/1n2P3/P2PP2P/1PPK2P1/R2N1BNR b - -,g8f8 a3b4 c8d7 d1c3 c7c6 g1f3 f8e7 h1g1 a7a6 e4f5,774
8/3r1p2/P4R1p/2k4P/8/4K3/5P2/8 b - -,c5d5 e3f4 d5c4 f6h6 d7d2 f2f3 d2d4 f4g5 c4c3 h6f6,822
r1q2rk1/pbp1bppp/1p2pn2/4N3/3P4/2PBB3/PPQ2PPP/2KR3R b - -,a7a5 h1e1 f8d8 g2g4 g7g6 h2h4 f6d7 e5d7 c8d7 h4h5,88
rn1Q2nr/p1p2kpp/1p6/3P4/8/2N1B3/PPP2PPP/R3K1NR b KQ -,g8e7 d8h8 e7g6 h8d8 b6b5 g1f3 g6f8 f3g5 f7g8 g5e6,1803
q7/5kp1/5b2/1p6/2p5/2P3P1/1P1N4/5RK1 b - -,a8d5 f1f2 d5d3 d2f3 f7g8 g1g2 g7g5 g2h2 d3e3 h2g2,-640
3r2k1/2q1n1pp/2n1pp2/3p4/Qb1PP3/1N2BN2/1P3PPP/2R3K1 b - -,,0
8/5pkn/1p3r2/p1p5/P1B3R1/1P4p1/2P5/2K5 b - -,f6g6 g4g6 g7g6 c4d5 g6f5 c1d2 h7g5 d2e3 f5e5 d5b7,-705
3r4/8/8/8/8/5k2/2K1p3/7R b - -,g7h6 g4g3 h7g5 g3g2 f6d6 g2f2 f7f6 f2f4 h6g6 c4d3,Mate
3r2r1/2pk1p1p/Q1ppbp2/2b5/3NP1q1/2N3P1/PP3P1P/3RR1K1 b - -,c5d4 d1d4 g4g5 e1d1 g5c5 a6d3 h7h5 b2b4 c5e5 d3d2,60
8/5p1p/6p1/1k4P1/3p3P/1p6/3K4/8 b - -,c5d4 d1d4 g4g5 e1d1 g5c5 a6d3 h7h5 b2b4 c5e5 d3d2,Mate
5K2/4Q1P1/8/8/1q6/8/8/k7 b - -,b4f4 f8g8 f4f3 e7e5 a1a2 e5h2 a2b1 g8h8 f3c3 h2g1,23
rn3b1r/p2kpppp/2p5/2Pn4/8/5NP1/PP2PPBP/R1B1K2R b KQ -,e7e6 e2e4 d5b4 e1h1 f8c5 a2a3 b4a6 b2b4 c5b6 c1b2,271
8/1PK5/2R3p1/7p/7P/4pk2/8/1r6 b - -,,0
r5k1/P4pp1/5n1p/2Kp4/8/5PPP/R7/8 b - -,,0
8/3B4/1K6/p7/1k6/1b6/8/8 b - -,,0
r1b2k2/ppp3p1/3p3n/4pp2/1P2P3/3PP2P/1PPK2P1/R2N1BNR b - -,a7a6 g1f3 c8d7 d1c3 f8e7 b4b5 c7c6 b5c6 d7c6 f3h4,776
r4r2/5p1k/p1p2q1p/1p2pP2/1P1pP3/2PP4/1P2Q1PP/R4RK1 b - -,f8d8 f1f3 c6c5 b4c5 d4c3 b2c3 a6a5 a1b1 a5a4 b1b5,168
3r4/8/8/8/8/8/2K1p1k1/R7 b - -,f8d8 f1f3 c6c5 b4c5 d4c3 b2c3 a6a5 a1b1 a5a4 b1b5,Mate
r1bq1rn1/pp4k1/4p1pp/2ppN3/3nP3/2NP4/PPP1BPP1/R1Q1K2R b KQ -,,0
q7/5k2/5b2/1p4p1/2p5/2P3P1/1P1N4/4R1K1 b - -,a8a7 g1g2 a7a2 d2e4 a2b2 g2f3 f6c3 e4g5 f7g6 e1e2,-674
r1bqk2r/pp3p1p/2n2Pp1/8/1bPp1B2/2N5/PP3PPP/R2QKBNR b KQkq -,d8f6 f4d2 d4c3 b2c3 b4c3 a1c1 c3b2 f1e2 e8h8 g1f3,-238
r1b2k1r/3n2bp/1pnN1pp1/p1p1p3/2P1P3/4BN2/PP2BPPP/1R1R2K1 b - -,a5a4 d6c8 c6d4 e3d4 c5d4 c8d6 d7c5 d6b5 g7h6 f3e1,370
3r2k1/2q1n1pp/Q1n1pp2/3pP3/1b1P4/1N2BN2/1P3PPP/2R3K1 b - -,d8b8 e5f6 g7f6 a6e2 c7d7 h2h3 e7f5 e3f4 b8b7 g2g4,172
r2qr1k1/1pp2ppp/p1np1n2/8/2BPP1b1/2N2P2/PP1Q2PP/R3NRK1 b - -,g4e6 c4e2 c6e7 e1c2 b7b5 d4d5 e6d7 a2a3 h7h5 f1f2,66
rn1qr1k1/ppp2pp1/3bbn1p/3pN3/3P4/2P4P/PPBN1PP1/R1BQR1K1 b - -,b8d7 d2f1 c7c5 e5d7 d8d7 d4c5 d6c5 c1e3 d7c6 a2a4,40
r7/5Qpk/p4p1p/7N/8/b1r2P2/P4PKP/8 b - -,c3c7 f7c7 a3f8 h5f6 h7g6 f6d5 g6h7 d5f4 f8a3 f4h5,Mate
1r3rk1/3q2p1/p2P1b2/p1PQ4/4Pp2/8/P5PP/2R2RK1 b - -,g8h8 d5h5 h8g8 e4e5 f6e7 c5c6 d7e6 d6e7 e6e7 h5e2,379
1r3k2/2Qb2R1/p2PpP1p/1p1qP3/2p5/7P/PP4P1/7K b - -,g8h7 d5h5 h7g8 e4e5 f6e7 c5c6 d7e6 d6e7 e6e7 h5e2,Mate
r2qr1k1/1pp2ppp/p1np1n2/7b/2BPP3/2N2P2/PPNQ2PP/R4RK1 b - -,h5g6 c2e3 b7b5 c4d5 f6d5 c3d5 c6e7 d5e7 d8e7 e3d5,109
r1bq1rn1/pp4k1/4p1pp/2pp4/3nP3/2NP1N2/PPPQBPP1/R3K2R b KQ -,d4f3 e2f3 d5d4 c3e2 e6e5 b2b4 b7b6 c2c3 a8b8 b4c5,-17
3r2k1/pbq2p1p/5bp1/2p5/N4n1P/1P2QN2/P4PP1/1BR3K1 b - -,b7a6 c1e1 f6d4 f3d4 c5d4 e3e7 c7e7 e1e7 d4d3 g1h2,-367
r1bqkbnr/pp1n1ppp/2p5/3pp3/3PP3/3B1PB1/PPP3PP/RN1QK1NR b KQkq -,d5e4 d3e4 d8b6 d4e5 b6b2 b1d2 f8b4 g1e2 b4d2 e1d2,-55
q7/5k2/8/1p2R1p1/2p5/2P3P1/1P1N4/6K1 b - -,a8a1 g1g2 a1b2 e5d5 b5b4 g2h3 b2c3 d2e4 c3c2 d5e5,-548
rb3r2/pp3pkp/1n2q3/4p3/1Q6/N1P1B3/PP3P1P/2K3R1 b - -,e6g6 e3h6 g7h6 b4f8 h6h5 g1g6 h7g6 f8f7 h5h6 f7e7,Mate
3r4/8/8/8/8/2K5/4pk2/R7 b - -,e6g6 e3h6 g7h6 b4f8 h6h5 g1g6 h7g6 f8f7 h5h6 f7e7,Mate
r1b1kb1r/1p3pp1/p1qppn1p/8/4PP2/2NB4/PPP2BPP/R2QK2R b KQkq -,c6c7 a2a4 c7a5 e1h1 f8e7 d1e2 c8d7 e4e5 d6e5 f4e5,51
4K3/3Q2P1/8/8/q7/8/8/k7 b - -,a4e4 d7e7 e4g6 e8d7 g6g4 d7d8 g4d4 d8e8 d4a4 e8f7,9
8/6P1/8/7K/1pb5/2k4P/8/8 b - -,a4e4 d7e7 e4g6 e8d7 g6g4 d7d8 g4d4 d8e8 d4a4 e8f7,Mate
1r3r1k/3q2p1/p1PP1b2/p2Q4/4Pp2/8/P5PP/2R2RK1 b - -,d7g4 e4e5 f4f3 d5f3 g4d4 g1h1 d4e5 c6c7 b8c8 f3h3,532
8/1PK5/4R1p1/7p/7P/5k2/4p3/1r6 b - -,,0
5rk1/7p/R7/1p1p2p1/P2P4/2P2bP1/1P1BrP2/RN4K1 b - -,f3e4 c3c4 f8f2 a6e6 f2g2 g1f1 e2f2 f1e1 e4d3 e1d1,-154
5q2/5bp1/p2k4/P1Q5/1P6/2P2P2/5K2/8 b - -,d6d7 c5f8 f7e6 f8g7 d7c6 f2e3 c6d5 f3f4 d5c4 g7c7,1328
r6r/p4k1p/3p1qpQ/1pp1n3/3pPP2/P6B/1PP2P2/2KR3R b - -,a8d8 f4e5 d6e5 h1g1 c5c4 d1f1 f6f3 g1g3 f3e2 f2f4,289
rnbqk2r/pp3pbp/5np1/2Ppp1B1/PP6/2P2N2/4PPPP/RN1QKB1R b KQkq -,a7a5 e2e4 e8h8 b1d2 a5b4 c3b4 b8c6 d1b1 h7h6 g5f6,8
8/6kp/3p1pp1/1Q1P4/1p2PP1P/1P4PK/4R3/2r3q1 b - -,a7a5 e2e4 e8h8 b1d2 a5b4 c3b4 b8c6 d1b1 h7h6 g5f6,Mate
4k3/8/8/8/5p1p/1N3p1p/N4p1p/5NbK b - -,e8e7 b3d4 e7d6 d4f3 d6d5 a2c1 d5e4 f3d2 e4d4 c1e2,92
3r4/8/8/8/8/2K5/5k2/4R3 b - -,e8e7 b3d4 e7d6 d4f3 d6d5 a2c1 d5e4 f3d2 e4d4 c1e2,Mate
r2q1rk1/p1pn1ppp/2Qb4/4p3/4N3/4B3/PPP2PPP/2KR3R b - -,a8c8 e4d6 c7d6 c6d6 c8c7 d1d2 d8c8 h1d1 h7h6 b2b3,223
r1bqnrk1/4bppp/p2p4/np1NpPPQ/3NP3/1B2B3/PPP4P/R4RK1 b - -,a5b3 d4c6 e7g5 e3g5 d8g5 h5g5 b3d4 c6d4 e5d4 g5e7,626
2b5/p4kb1/3p2n1/3Pp1P1/1p2P3/3qBQ2/PP6/K2N3R b - -,f7e8 d1f2 d3b5 f3h5 e8f7 f2g4 c8g4 h5g4 g6f8 g5g6,592
rnbqk2r/ppp1ppbp/3p1np1/8/2PPPB2/5P2/PP2N1PP/RN1QKB1R b KQkq -,a7a6 b1c3 b7b5 h2h4 b8c6 c4b5 a6b5 c3b5 e8h8 e2g3,41
8/Q7/4p1k1/3p1p2/6pq/1Kp1R3/8/8 b - -,e6e5 e3e5 h4f6 a7e3 g6f7 e3f4 f7g6 b3c3 d5d4 c3d2,457
rn1qk1nr/pp3ppp/2p1p3/2b5/3pPP2/3P1P2/PPPBN2P/R2QKB1R b KQkq -,d8h4 e2g3 g8f6 e1e2 g7g6 d1e1 c5e7 e2d1 c6c5 f4f5,-39
5b2/3N1pk1/1p4p1/r1p1p2p/2P1P3/1R1PB1PP/5PK1/8 b - -,a5a6 d7b6 a6a7 b6d5 f7f6 b3b6 a7f7 h3h4 f8e7 b6b7,640
r5r1/pkn3pp/1p6/1P2b1B1/P4P2/8/5P1P/2RR2K1 b - -,e5f6 d1d7 a8c8 g5f6 g7f6 g1f1 h7h5 d7h7 g8d8 c1c4,-278
r1b2k1r/3n2bp/1p1N1pp1/p1p1p3/2PnP3/3BBN2/PP3PPP/1R1R2K1 b - -,h8g8 b2b3 f8e7 d6b5 c8b7 b5c7 a8a7 c7d5 e7f7 g1f1,21
r4rk1/ppp1q1pp/3pP1b1/3P4/1nN2p2/1P3N1P/1P2RPP1/R2Q2K1 b - -,g6d3 e2d2 d3e4 a1a4 c7c5 a4b4 c5b4 d2d4 e4g6 d1d2,72
4k3/p3b1pp/np6/4p3/3PP3/PN6/1B4PP/5K2 b - -,e5d4 b3d4 e7f6 b2c3 a6c5 d4b5 f6c3 b5c3 e8d7 f1e2,-102
r1bk2nr/ppp3pp/2n4B/4p3/1bp5/2N2N2/PP2PPPP/2KR1B1R b - -,d8e8 h6g7 b4c3 b2c3 g8f6 g7f6 h8f8 f6h4 a8b8 e2e4,511
8/8/8/1K3BbR/5kP1/7P/8/2r5 b - -,c1c7 h3h4 g5f6 h5h6 c7f7 b5c4 f6e7 h4h5 f7f6 h6h8,57
r5k1/P4p2/2K2n1p/3p2p1/8/5PPP/R7/8 b - -,f6h5 g3g4 h5f4 c6b7 a8a7 a2a7 d5d4 b7c6 d4d3 c6c5,8
5rk1/p4q1p/1p2p3/3bP1Qn/2P5/3BR3/P2B2PP/6K1 b - -,g8h8 g5h4 d5g2 g1g2 h5f4 g2h1 f4d3 h4f6 f7f6 e5f6,22
r1b2rk1/pp4q1/5pB1/2pp3Q/3P1b2/2P3P1/P1P2P1P/R3R1K1 b - -,g7h6 g3f4 h6h5 g6h5 c8f5 d4c5 f8c8 a1b1 c8c5 b1b7,194
r2qkb1r/p2bpppp/1pB5/2PQ4/3P4/8/PP3PPP/RNB1K2R b KQkq -,a8c8 c6d7 d8d7 d5d7 e8d7 c1e3 b6c5 d4c5 g7g5 b1c3,545
4k3/4n1p1/1p1pPp1p/p1pP2PP/P1P1K3/1P6/1B6/8 b - -,f6f5 e4f4 h6g5 f4g5 e8f8 b2c1 f8g8 c1f4 e7c8 g5f5,711
r1bq1rk1/ppp3b1/n2p1n1p/3Ppp2/2P5/2N1BNPP/PP1Q1P2/R3KB1R b KQ -,f8f7 e3h6 a6c5 h6g7 f7g7 f3g5 f6h7 h3h4 h7g5 h4g5,98
4k3/4n1p1/1p1pPp1p/p1pP3P/P1P1K1P1/1P6/1B6/8 b - -,b6b5 a4b5 e8d8 b2c3 a5a4 b3a4 d8c7 a4a5 e7g8 c3e1,767
rnb1k2r/pp3ppp/2p2n2/4p3/4P3/q1PP2P1/P3KP1P/R2Q1BNR b kq -,a3b2 e2e1 b2c3 e1e2 c6c5 f1h3 c8h3 g1h3 b8c6 a1b1,-634
r2qkb1r/3bpppp/n4n2/3P4/pPB5/8/1P1P1PPP/RNBQK1NR b KQkq -,h7h6 a1a4 a6c7 a4a8 d8a8 g1f3 c7d5 e1h1 e7e6 b4b5,134
8/5pkn/1p6/p1p5/P1B2rp1/1P6/2P5/2K3R1 b - -,g7g6 c1d2 f7f5 c4a6 h7f6 g1e1 f4e4 e1e4 f6e4 d2e3,-556
r2q1rk1/p1p2ppp/2Qb1n2/4p1B1/4N3/8/PPP2PPP/2KR3R b - -,d8e8 c6e8 f6e8 e4d6 e8d6 g5e7 f8e8 e7d6 c7d6 d1d6,250
6kb/pb5r/1pq1p1Q1/3pP3/3BnPPP/2P2R2/PP6/R6K b - -,g8f8 g6h7 e4g3 f3g3 h8g7 h4h5 a7a5 h1h2 c6c4 a1e1,808
r1b1k2r/pp3p1p/2n2qp1/8/1bPp1B2/2N5/PP2QPPP/R3KBNR b KQkq -,c8e6 g2g3 e8h8 f1h3 d4c3 e1f1 a8e8 h3e6 e8e6 e2c2,-428
q7/5k2/8/4R1p1/1pN5/2P3P1/1P6/6K1 b - -,b4c3 b2c3 a8a1 g1g2 a1a2 g2h3 a2c4 e5g5 c4f1 h3h4,-174
r1b4r/3nk1bp/1p3pp1/pNp1p3/2PnP3/3BBN2/PP3PPP/1R1R2K1 b - -,c8b7 b2b3 b7c6 b5c7 a8a7 c7d5 e7f7 h2h4 h7h5 f3d2,-5
8/1K6/2R3p1/7p/7P/4pk2/8/8 b - -,,0
8/6P1/7K/8/2b5/1pk4P/8/8 b - -,e3e2 c6f6 f3e3 f6e6 e3d3 e6d6 d3c3 d6c6 c3d2 c6d6,Mate
8/6kp/3p1pp1/3P4/1p2PP1P/1P1Q2PK/4R3/2r3q1 b - -,e3e2 c6f6 f3e3 f6e6 e3d3 e6d6 d3c3 d6c6 c3d2 c6d6,Mate
r1bqr1k1/p3npbp/1pn1p1p1/2pp4/4PPP1/2NP1N1P/PPP3B1/R1BQR1K1 b - -,c6d4 e4e5 d4f3 d1f3 f7f6 e5f6 g7f6 c1e3 c8d7 e3f2,-26
1r4k1/2q1n1pp/Q1n1pP2/3p4/1b1P4/1N2BN2/1P3PPP/2R3K1 b - -,g7f6 a6e2 c7d7 h2h3 b8b6 b3c5 b4c5 c1c5 e7f5 f3e1,173
r1b2rk1/ppqnbppp/4p3/2p5/2NPpP2/2P1P1B1/PP2B1PP/R2QK2R b KQ -,d7f6 a2a4 f6d5 d1d2 c5d4 e3d4 a7a5 e1h1 b7b6 a1c1,-37
5Q2/5bp1/p3k3/P7/1P6/2P2P2/5K2/8 b - -,f7h5 f8g7 e6d5 f2e3 d5c4 f3f4 h5g4 g7c7 c4b3 e3d4,9605
8/6kn/1p2B3/p1p2p2/P4rp1/1P6/2P5/2K3R1 b - -,h7f6 e6c8 g7g6 c1d1 g6g5 c8b7 f6e4 c2c4 f4f3 b7e4,-609
1nr2rk1/p7/1p1R1B2/1Bp2bp1/8/P1P1P3/5P2/2K3R1 b - -,f5e6 d6e6 c5c4 f6g5 f8f7 g5f6 g8f8 g1h1 f7f6 e6f6,729
rn1qk1nr/pp4pp/2p1pp2/2b5/3pPP2/3P1PN1/PPPB3P/R2QKB1R b KQkq -,g8e7 f4f5 e6f5 f1h3 b8d7 d1e2 f5e4 g3e4 f6f5 e4g5,48
rnbqk2r/p1p2ppp/1p2p3/3N4/3P4/P3P1P1/1P2NPP1/R2QKB1R b KQkq -,b8d7 d5c3 c8b7 d1c2 a7a6 e2g1 d8e7 a1c1 c7c5 g1f3,534
q7/5k2/8/6R1/2N5/1pP3P1/1P6/6K1 b - -,f7e6 g1f2 a8h1 g5e5 e6d7 e5d5 d7c6 d5d4 h1h2 f2f3,6
4k3/p3b1pp/np6/3Pp3/4P3/P7/1B4PP/2N2K2 b - -,a6c5 f1e2 c5e4 c1d3 e4f6 d3e5 a7a6 e2f3 f6d5 a3a4,-125
r2q1r1k/p1p4p/1pnp2p1/8/2P1Rp2/1QN3P1/PP2PPKP/R7 b - -,g6g5 c3d5 c6e5 f2f3 c7c6 d5b4 d8f6 b3c3 f4g3 h2g3,70
R7/8/P6p/r3k1p1/3p4/5B1P/6PK/8 b - -,e5d6 h2g3 d4d3 g3f2 a5a2 f2e3 d3d2 a6a7 d6c7 e3e2,556
1r3k2/1qQR4/p2PpP1p/1p2P3/2p5/7P/PP4P1/7K b - -,e5d6 h2g3 d4d3 g3f2 a5a2 f2e3 d3d2 a6a7 d6c7 e3e2,Mate
8/1K6/5Rp1/7p/7P/5k2/4p3/8 b - -,,0
Q7/4k3/1R6/8/2K5/2P5/8/r7 b - -,a1a8 c4b5 e7d7 b6b7 d7c8 b7h7 a8a2 c3c4 a2g2 c4c5,2
r1b2rk1/pp4q1/5pB1/2pQ4/3P4/2b3P1/P1P1RP1P/R5K1 b - -,g8h8 d5h5 h8g8 g6d3 b7b5 d3b5 g7h7 h5d5 g8h8 d5c5,200
5n1k/p5r1/P6K/1p5R/3p1R2/8/2QB3q/8 b - -,h2f4 d2f4 g7h7 h6g5 h8g7 f4e5 g7f7 h5h7 f8h7 c2h7,Mate
R7/2k5/8/3R4/8/8/8/3K4 b - -,h2f4 d2f4 g7h7 h6g5 h8g7 f4e5 g7f7 h5h7 f8h7 c2h7,Mate
R7/8/P4rk1/8/4K3/8/8/8 b - -,f6f7 a8b8 f7a7 b8b6 g6g5 e4d5 g5f4 b6c6 a7h7 d5c5,447
r1b1k2r/pp2np1p/5qp1/4B3/1bPp4/2N5/PP2QPPP/R3KBNR b KQkq -,f6b6 a2a3 b4c3 b2c3 d4d3 e2d3 e8h8 e5d4 b6c7 f1e2,373
r2qkb1r/3bpppp/5n2/1P1P4/pnB5/8/1P1P1PPP/RNBQK1NR b KQkq -,d7g4 g1f3 g4f3 g2f3 f6d5 a1a4 a8c8 d1b3 e7e6 d2d3,67
r2qk2r/1p4p1/1p1p1pbp/p7/PPBpPPP1/3P1Q1P/2P5/1R3RK1 b kq -,g6f7 c4b5 e8f8 e4e5 a8c8 b1e1 c8c7 f3f2 d6e5 f4e5,378
r1bq1rk1/ppp3b1/3p1n1B/2nPpp2/2P5/2N2NPP/PP1Q1P2/R3KB1R b KQ -,f8f7 h6g7 f7g7 f3g5 f6h7 g5h7 g8h7 e1a1 e5e4 f1e2,86
r5r1/pkn3p1/1p5p/1P2P1B1/P7/8/5P1P/2RR2K1 b - -,h6g5 d1d7 a8c8 c1c6 b7b8 e5e6 c7e8 c6c8 b8c8 d7a7,-77
r2qr1k1/1pp2p2/1pnpbn1p/6p1/4P3/1NN2P2/PPPQ2PP/2KR1B1R b - -,g8g7 c1b1 e8g8 a2a3 f6d7 h2h4 g5h4 d2f2 g7f8 h1h4,162
1r4k1/2q1n2p/2n1pp2/3p4/1b1P4/1N2BN2/1P2QPPP/2R3K1 b - -,c7d7 h2h3 b8b6 b3c5 b4c5 c1c5 e7f5 f3e1 b6b8 e1d3,168
8/1K6/4R1p1/7p/7P/4k3/4p3/8 b - -,,0
r1bq1rk1/pp3p1p/2np1p2/8/2B4Q/5N2/PP3PPP/R1B3K1 b - -,c8f5 c4d5 f8e8 c1d2 a8c8 d2c3 c6e5 f3d4 f5g6 d4e2,-48
r1b3k1/ppp3p1/3p1rQn/4pp2/1P2P3/3PP2P/1PPK2P1/R2N1BNR b - -,f6g6 d1c3 c8d7 g1f3 c7c6 f3h4 g6g3 b4b5 c6b5 e4f5,521
q7/8/5k2/8/2N3R1/1pP3P1/1P6/6K1 b - -,a8a7 g1g2 a7h7 g4h4 h7b1 g2f2 f6e6 h4d4 b1c2 f2e3,14
8/6PK/8/8/2b5/2k4P/1p6/8 b - -,a8a7 g1g2 a7h7 g4h4 h7b1 g2f2 f6e6 h4d4 b1c2 f2e3,Mate
r3r1k1/pp1q1pbp/1npp1np1/4p3/1PP1P3/P1NP2Pb/1BQN1P1P/R3R1KB b - -,a8d8 d2f3 b6a8 c3e2 d7e7 a1d1 h3g4 h1g2 h7h5 h2h3,37
r1b2rk1/1p2bpp1/p1qppn1p/8/P3PP2/2NB4/1PP2BPP/R2Q1RK1 b - -,d6d5 e4e5 f6e4 d3e4 d5e4 d1e2 f7f5 e5f6 e7f6 c3e4,34
rnbq4/ppp1bkpp/3p1n2/4p3/4P3/2P2P2/PP1P2PP/RNBQK2R b KQ -,d6d5 d2d4 b8c6 d4e5 c6e5 c1f4 e5g6 f4g3 d5e4 b1d2,-252
4k3/p3b1pp/1p6/2nPB3/4P3/P7/6PP/2N2K2 b - -,c5e4 e5g7 e7a3 c1d3 e8f7 g7d4 a3d6 d3e5 d6e5 d4e5,-145
r1b2rk1/pp4q1/5p2/2p4Q/3P4/2bB2P1/P1P1RP1P/R5K1 b - -,b7b5 d3b5 g7h7 h5d5 g8h8 d5c5 c8a6 e2e7 f8f7 b5a6,222
8/1K6/3R2p1/7p/7P/8/3kp3/8 b - -,,0
q7/8/8/5k2/2NR4/1pP3P1/1P6/6K1 b - -,a8a1 g1f2 a1h1 c4e3 f5e5 e3f1 h1h7 f2e2 h7c2 d4d2,10
3br1k1/2q3p1/b1p1p2p/p1p1Rr2/P1Np1P2/BP1P4/2P1Q1PP/5RK1 b - -,f5f7 a3c5 a6c4 b3c4 c7d7 f4f5 f7f6 f5e6 f6e6 f1f8,574
r1b1kbnr/1pq1pppp/p1np4/8/4PP2/1NN5/PPP3PP/R1BQKB1R b KQkq -,e7e6 c1e3 b7b5 g2g4 b5b4 c3a4 a8b8 d1e2 g8f6 e1a1,34
R7/1k6/8/R7/8/8/8/3K4 b - -,e7e6 c1e3 b7b5 g2g4 b5b4 c3a4 a8b8 d1e2 g8f6 e1a1,Mate
5rk1/rb2bppp/2p5/8/4p2P/4B3/PP3PP1/2KR1B1R b - -,a7a5 d1d7 e7c5 d7b7 c5e3 f2e3 a5a2 c1b1 f8a8 b7b8,502
6B1/8/1p3k2/p1p2pn1/P4rp1/1P6/2PK4/6R1 b - -,g5f3 d2e3 f4e4 e3f2 f3g1 f2g1 f6e5 c2c4 e5f4 g8d5,-820
rn2kb1r/pQpqpppp/1n1p4/8/2PP4/5NP1/PP2PP1P/R1B1KB1R b KQkq -,b8c6 c1d2 g7g6 c4c5 a8b8 b7a6 d6c5 d4c5 b6d5 f1h3,176
8/1K6/6R1/7p/7P/8/4p3/4k3 b - -,,0
q7/8/3Rk3/8/2N5/1pP3P1/1P6/6K1 b - -,e6f5 d6d4 f5e6 g1f2 a8h1 c4e3 e6e5 g3g4 e5f6 e3d1,15
r2qk2r/ppp2pp1/3p3p/2bNp2b/2BnP3/3P1N1P/PPP2PP1/1R1Q1R1K b kq -,c7c6 d5e3 d4f3 b2b4 c5e3 f2e3 d8h4 f1f3 e8h8 b4b5,-368
6k1/4Rp2/8/2p4p/2P1nr2/1P2N3/P4PKP/8 b - -,g8g7 h2h3 h5h4 a2a4 e4d2 e7b7 f4f6 e3g4 f6d6 a4a5,388
r4rk1/1pqnbppp/p2p1n2/4p1N1/2B1P3/2N1B3/PPPQ1PPP/3R1RK1 b - -,c7c4 d2d3 f8c8 a2a3 b7b5 g5f3 c4c6 f3d2 a8b8 d1c1,-25
r2qkbnr/2pb1ppp/3p4/1p2P3/8/1BPp4/1P3PPP/RNBQK2R b - -,a8a1 d1d3 d6e5 f2f3 g8f6 g2g4 f8e7 g4g5 d7c6 d3d8,-520
rn1q1rk1/pp2ppbp/2p1bnp1/3pN3/2PP1B2/1QN1P3/PP3PPP/R3KB1R b KQ -,d8b6 f1e2 d5c4 e2c4 f6d5 c4d5 e6d5 c3d5 c6d5 b3b6,21
rnb1k2r/p1p2ppp/1p2p3/3q4/3P4/P1N1P1P1/1P3PP1/R2QKB1R b KQkq -,d5b7 d1g4 e8f8 g4f4 c7c6 a1c1 b8d7 f4d6 f8g8 c3e4,263
8/2R2pk1/3p2p1/r2Pp3/4P2P/5B2/1P1K4/r4R2 b - -,a1f1 f3d1 a5a2 d1c2 a2b2 d2c3 b2a2 c3b4 f1f2 c2d3,-520
1r3k2/2QR4/p2PpP1p/1p2q3/2p5/7P/PP4P1/7K b - -,e5e1 h1h2 e1e5 h2g1 e5e3 g1h1 e3e1,Mate
q7/4k3/3R4/8/2N5/1pP3P1/1P3K2/8 b - -,a8e4 d6d4 e4c2 f2f3 c2f5 d4f4 f5d3 f3f2 e7e6 f4d4,8
r5k1/4pp1p/2p1b1p1/p6r/1P2N2q/P3Q2P/2P2PP1/2R1R1K1 b - -,h5e5 e3d4 e5d5 d4b6 a5b4 a3b4 d5d8 c2c4 a8b8 b6c7,42
r1bq4/ppp1bkpp/2np1n2/4p3/3PP3/2P2P2/PP4PP/RNBQK2R b KQ -,d6d5 c1e3 e5d4 c3d4 d5e4 f3e4 f6g4 h1f1 f7g8 e3g1,-264
8/5Qp1/p1kq4/P7/1P6/2P2P2/5K2/8 b - -,d6b8 f7c4 c6d7 c4d4 d7c6 f3f4 b8h8 d4c5 c6d7 c5a7,456
rnbqkbnr/1p1p1ppp/p7/2pQP3/8/8/PPP2PPP/RNB1KBNR b KQkq -,b8c6 c1f4 g8e7 d5d2 e7g6 f4g3 h7h5 h2h4 g6e5 b1c3,-25
r2qkb1r/4pppp/5n2/1P1P1b2/pnB5/3P4/1P3PPP/RNBQK1NR b KQkq -,h7h6 a1a4 f6d5 a4a8 d8a8 g1f3 e7e6 b1c3 f8c5 d1e2,153
8/8/Rk6/R7/8/8/8/3K4 b - -,h7h6 a1a4 f6d5 a4a8 d8a8 g1f3 e7e6 b1c3 f8c5 d1e2,Mate
rn1qk2r/pp2n1pp/2p1pp2/2b5/3pPP2/3P1PNB/PPPB3P/R2QK2R b KQkq -,f6f5 e4f5 e6f5 g3f5 e8h8 f5g3 g8h8 h3e6 b8a6 f4f5,44
r1b1kb1r/pp3pp1/1qP1p1p1/1Bn5/Q3pB2/2N5/PP3PPP/R3K2R b - -,b7c6 b5c6 e8e7 a4b5 c5d3 e1d1 b6b5 c3b5 d3f4 c6a8,-149
r2qk2r/pp3pp1/2pp3p/2b1p2b/2B1P3/2NP1P1P/PPP2P2/1R1Q1R1K b kq -,d8h4 h1g2 b7b5 c4b3 h4g5 g2h2 g5f4 h2g2 e8h8 f1g1,-748
5rk1/1b1Rbppp/2p5/8/4p2P/4B3/rP3PP1/2K2B1R b - -,b7c8 d7e7 c8e6 e7b7 a2a1 c1c2 e6g4 h4h5 a1e1 b7a7,454
r1bq4/ppp1bkpp/2np1n2/8/3PP3/5P2/PP4PP/RNBQK2R b KQ -,f7g8 e1h1 d6d5 e4e5 f6e8 b1c3 g7g6 g2g4 e8g7 g1h1,-103
7r/r2nk1bp/bp3pp1/p1pNp3/2PnP3/3BBN2/PP3PPP/1R1R2K1 b - -,e7d6 f3d2 a6b7 f2f4 h7h5 d1f1 h5h4 d2f3 f6f5 f4e5,28
rn5r/p1Q2kpp/1p3n2/3P4/8/2N1B3/PPP2PPP/R3K1NR b KQ -,b8d7 e1a1 h8c8 c7g3 f7g8 e3d4 b6b5 d5d6 c8c4 g1f3,1200
r4rk1/1p1nbppp/p2p1n2/4p1N1/2q1P3/2NQB3/PPP2PPP/3R1RK1 b - -,f8c8 g5f3 b7b5 a2a3 a8b8 e3a7 b8b7 a7e3 c4c6 f3d2,-29
r1b2rk1/pp1q4/5pB1/2pp3Q/3P1b2/2P5/P1P2PPP/R3R1K1 b - -,a7a5 a1d1 d7g7 h5d5 g8h8 g6d3 c5d4 d1b1 d4c3 d5c5,24
r4rk1/pp1nqppp/2p5/3p4/3P4/2NQP3/PP3PPP/R4RK1 b - -,d7b6 a1e1 a8d8 e1e2 g7g6 b2b3 f8e8 f1e1 g8g7 a2a4,-12
r2q1rk1/ppp3pp/2nP2b1/5p2/3P4/1P3N1P/1P1N1PP1/R2QR1K1 b - -,b7b5 f3e5 d8d6 a1a6 g6e8 e5c6 e8c6 d1c2 c6e4 a6d6,163
r2qkb1r/5ppp/4Pn2/1P3b2/pnB5/3P4/1P3PPP/RNBQK1NR b KQkq -,f8c5 e6f7 e8f8 a1a3 f6g4 g1h3 d8e7 d1e2 b4c2 e1f1,135
r1b1kb1r/pp3ppp/1qn1pn2/8/8/1NNB4/PPPB1PPP/R2Q1RK1 b kq -,f8e7 d2e3 b6c7 c3b5 c7b8 b5d4 c6e5 e3f4 a7a6 b3d2,19
r5k1/4pp1p/1Qp1b1p1/p2r4/1P2N2q/P6P/2P2PP1/2R1R1K1 b - -,a5b4 a3b4 d5d8 b6c5 e6f5 e4g3 f5e6 e1e4 h4f6 e4e3,31
rnbqkbnr/1p3ppp/p2pP3/2p1P3/8/8/PPP2PPP/RNBQKBNR b KQkq -,c8e6 b1c3 b8c6 e5d6 f8d6 c3e4 d6e7 d1d8 a8d8 c2c3,-65
r1bqk2r/pp2nppp/2Pp1b2/8/2B2R2/5N2/PP3PPP/R1BQ2K1 b kq -,b7c6 f4f6 g7f6 d1d4 c8e6 d4f6 e8d7 f6d4 d8b6 d4d1,-28
8/4bpkp/R3p1p1/P1qpP3/Q4P2/7P/6PK/8 b - -,,0
8/R1k5/8/R7/8/8/8/3K4 b - -,c5e3 a6b6 e3e1 a4d4 e7h4 d4d3 e1a5 b6b2 a5a1 b2c2,Mate
r1bq1rk1/pp4b1/3p1n1p/2p1pP2/2PnN3/2NB4/PP4PP/R1BQ1RK1 b - -,b7b5 e4f6 f8f6 c3d5 a8b8 d1g4 b5c4 d3c4 g8h8 d5f6,221
r5r1/pkn3pp/1p3B2/1P6/P4P2/8/5P1P/2RR2K1 b - -,g7f6 g1f1 a8d8 f2f3 c7d5 f1f2 d5f4 f2e3 f4d5 e3f2,-399
8/6p1/5p2/5k1p/b1p2P1P/2B1K1P1/8/8 b - -,f5g4 e3f2 g4f5 f2f3 a4c6 f3e3 c6d7 c3d2 d7e6 d2b4,-3
6k1/7p/4R3/1p1p2p1/P1PP4/2B3P1/1r4r1/Rb1K4 b - -,b1f5 c3b2 f5e6 b2c1 b5b4 c4c5 b4b3 a4a5 e6c8 c5c6,-174
r2qr1k1/ppp2p2/1bnpbn1p/6p1/4P1P1/1NN2P2/PPP1QB1P/2KR1B1R b - -,c6e5 f2b6 a7b6 h2h4 f6g4 f3g4 e6g4 e2e1 g4d1 e1d1,104
q3r3/p2Q1pk1/6pp/2p5/2bb4/P5P1/1P2PP1P/R1B1R1K1 b - -,c4e6 c1h6 g7h6 d7d6 e6h3 d6f4 h6g7 e2e4 d4b2 a1d1,-399
r1b2rk1/p1qnbppp/4p3/1pp5/3PpP2/2P1P1B1/PP1NB1PP/R2QK2R b KQ -,d7f6 g3f2 c5d4 c3d4 c8d7 a1c1 c7a5 c1a1 a5b6 f2h4,-61
2nrn3/p1p2rk1/1p3p1p/1P2p1pP/P3P1P1/B2R1P2/4Q3/2R3K1 b - -,c8d6 e2a2 d8d7 a2d5 d7d8 d3d1 f7e7 a3b4 d8b8 d5c6,600
r1b1k2r/pp2bppp/1qn1pn2/8/8/1NNBB3/PPP2PPP/R2Q1RK1 b kq -,b6c7 c3b5 c7b8 b5d4 c8d7 d4c6 d7c6 b3a5 b8c7 a5c6,21
3r2r1/2pk1p1p/Q1ppbp2/8/3RP1q1/2N3P1/PP3P1P/4R1K1 b - -,g4g5 e1d1 g5c5 a6d3 h7h5 b2b4 c5e5 b4b5 c6c5 d4d5,70
r1b1k2r/pp2Qp1p/2n3p1/8/1bPp1B2/2N5/PP3PPP/R3KBNR b KQkq -,e8e7 a2a3 d4c3 a3b4 c3b2 a1b1 a7a5 b1b2 a5a4 f4e3,275
4k3/p3b1pp/np6/8/3NP3/P7/1B4PP/5K2 b - -,e7f6 f1e2 a6c5 e2e3 e8d7 b2c3 f6g5 e3f3 g5c1 d4c2,-91
8/4bpkp/3Rp1p1/P2pP3/Q4P2/4q2P/6PK/8 b - -,,0
R7/5ppk/p6p/1p3p2/8/1P4P1/8/5K2 b - -,h7g6 a8a6 g6g5 a6b6 g5g4 b6b5 f5f4 g3f4 g4f4 b3b4,731
r4rk1/pp1nq1pp/2p5/3p1p2/3P4/3QP3/PP2NPPP/R4RK1 b - -,a8e8 a1e1 d7b6 d3d1 b6c4 b2b3 c4d6 e2f4 g7g5 f4d3,7
8/5p2/P4R2/7P/2k2K2/3r4/5P2/8 b - -,d3d8 f2f3 c4d3 h5h6 d8h8 a6a7 h8f8 f4g4 f8g8 g4f5,1231
2r1r1k1/pbq2p1p/5bp1/2pn4/N6P/1P3N2/P2Q1PP1/1BRR2K1 b - -,c8d8 d1e1 e8e1 c1e1 c5c4 b3c4 d5c3 d2b2 b7f3 a4c3,-345
r6k/2p3p1/p2q3p/1p1pnNb1/8/1NP1P1P1/PP3r1P/RQ2R2K b - -,e5f3 e1e2 f2e2 b1g1 d6e5 a1f1 f3g1 b3c5 g1h3 f1f3,-2094
r1b1k2r/ppq1bppp/2n1pn2/1N6/8/1N1BB3/PPP2PPP/R2Q1RK1 b kq -,c7d7 d3c4 e8h8 d1e2 c6e5 a1d1 d7c6 b3a5 c6a6 e3d2,29
2rq1rk1/pb2bpp1/1pn1p2B/3n4/3P4/P1NB1N2/1P1Q1PPP/3RR1K1 b - -,c6a5 c3d5 d8d5 d3e4 d5h5 e4b7 a5b7 h6g5 e7g5 f3g5,104
8/R7/R1k5/8/8/8/8/3K4 b - -,c6a5 c3d5 d8d5 d3e4 d5h5 e4b7 a5b7 h6g5 e7g5 f3g5,Mate
6R1/8/8/1k1K4/8/8/p7/8 b - -,b5a4 d5c4 a4a3 g8g1 a3b2 g1g2 b2a3 g2g3,Mate
r1bqk2r/p3nppp/2pp1R2/8/2B5/5N2/PP3PPP/R1BQ2K1 b kq -,g7f6 d1d4 c8e6 d4f6 e8d7 f6d4 d8b6 d4d1 h8g8 g2g3,-27
rnb1k2r/pp3ppp/2p2n2/q3p3/4P3/B1PP2P1/P4P1P/R2QKBNR b KQkq -,a5c3 d1d2 c3a1 e1e2 c8g4 f2f3 g4e6 f3f4 b8a6 g1f3,-546
rqb1k2r/pp2bppp/2n1pn2/8/3N4/1N1BB3/PPP2PPP/R2Q1RK1 b kq -,c6e5 e3f4 a7a6 b3d2 e7d6 d2e4 f6e4 d3e4 e8h8 c2c3,15
r3kb1r/p2npppp/1npp4/2P5/3P4/5NP1/PP2PP1P/R1B1KB1R b KQkq -,d6c5 c1d2 b6d5 a1c1 a8b8 b2b3 e7e6 f3e5 c5d4 e5c6,140
2n1n3/p1p2rk1/1p3p1p/1P2p1pP/P3P1P1/B2Q1P2/8/2R3K1 b - -,c8d6 d3d5 f7e7 a3d6 e8d6 d5a8 g7f7 a8h8 f6f5 g4f5,824
rn1qk2r/pp2n1pp/2p1p3/2b2p2/3pPP2/3P1PNB/PPPB3P/R2Q1RK1 b kq -,e8h8 g1h1 b8d7 d1b1 f8f6 b2b4 c5b6 f1g1 g8h8 a2a4,-16
8/p2N1pkp/p5p1/8/2n5/1b4P1/4rPBP/R5K1 b - -,e2a2 a1a2 b3a2 g1f1 c4b6 d7b8 a6a5 f1e1 a5a4 e1d2,-334
r1bqk1Br/ppp3pp/2np4/b3p1p1/3PP3/1QP2N2/P4PPP/RN2K2R b KQkq -,d8e7 d4e5 g5g4 f3d2 c6e5 e1h1 a5b6 d2c4 e5f7 g8f7,-199
rnb1kbnr/1pp1pppp/8/p3P3/8/8/PPP2PPP/RNBK1BNR b kq -,b8c6 d1e1 c8f5 g1f3 e7e6 c2c3 g8e7 b1d2 e8a8 d2c4,-92
2rq1rk1/3nbppp/p3pn2/1p6/1P6/P1NBPP2/1B2QP1P/2R2RK1 b - -,d7e5 f1d1 e5d3 d1d3 d8b6 e2f1 c8c4 c1d1 f8c8 f1g2,-33
rn2k2r/ppp1nppp/3qp3/3p1b2/3P4/2P1PN2/PP1N1PPP/R2QKB1R b KQkq -,e8h8 c3c4 a7a5 f1e2 c7c6 e1h1 b8d7 a2a3 b7b6 c4d5,13
rnbqkbnr/pp3pp1/2p1p2p/4N3/3P4/2NB4/PPPB1PPP/R2QK2R b KQkq -,b8d7 d1h5 d7e5 d4e5 g8e7 e1a1 d8d4 d2e3 d4b4 c3e4,204
r4rk1/ppp2ppp/2nb4/8/N4q2/3Q2P1/PPP1BP1P/R4RK1 b - -,f4a4 f1e1 c6e5 d3c3 a8e8 e2f1 a4c6 c3c6 e5c6 f1g2,-439
r1bq1rk1/ppp2ppp/2nbpn2/1B1p4/3P1B2/3NP3/PPP2PPP/RN1QK2R b KQ -,d6f4 d3f4 e6e5 f4e2 e5d4 e3d4 c6e7 c2c3 c7c6 b5d3,-40
r1r3k1/5Qp1/p4p1p/4N3/8/b1P2P2/P4PKP/8 b - -,g8h8 e5g6 h8h7 g6f4 h7h8 c3c4 c8e8 f7d5 a8c8 f4e6,291
2kr4/p4pp1/2p4p/4p3/2n4q/2P1nP1P/PP2Q1BP/RKNr3R b - -,g8h8 e5g6 h8h7 g6f4 h7h8 c3c4 c8e8 f7d5 a8c8 f4e6,Mate
r3r1k1/pp1q1pbp/1npp2p1/2P1p3/1P2P1n1/P1NP2Pb/1BQN1P1P/R3R1KB b - -,e8f8 c5b6 f7f5 b6a7 b7b5 d2f3 f5f4 c3d1 a8a7 f3g5,571
8/3R4/R7/3k4/8/8/8/3K4 b - -,e8f8 c5b6 f7f5 b6a7 b7b5 d2f3 f5f4 c3d1 a8a7 f3g5,Mate
8/2k3p1/p7/P7/1P2Q3/2q2PK1/8/8 b - -,c7b8 g3g4 c3c8 e4f5 c8c3 f5f4 b8c8 f4f8 c8b7 f8e7,340
r1bqk2r/p3np1p/2pp1p2/8/2BQ4/5N2/PP3PPP/R1B3K1 b kq -,c8e6 d4f6 e8d7 f6d4 d8b6 d4d1 h8g8 g2g3 e7d5 b2b3,-25
3r4/5R2/P7/7P/2k2K2/8/5P2/8 b - -,d8h8 a6a7 c4d5 h5h6 d5e6 f7b7 h8f8 f4g5 f8f5 g5g4,1279
8/2R2pk1/3p4/r2Pp2B/4P3/8/rP6/2K2b1R b - -,a2a1 c1d2 f1b5 c7f7 g7g8 h1a1 a5a1 f7b7 a1h1 h5g6,265
r1b1k2r/2q1bppp/p2p1P2/1p2p3/3NPP2/2N2Q2/PPP4P/2KR1B1R b kq -,e5d4 c3d5 c7c5 b2b4 c5a7 f6e7 h7h5 f3d3 c8e6 d3d4,520
r1b2rk1/1p6/p1p1pnQ1/8/3P4/P4N2/1q3PPP/R4RK1 b - -,g8h8 f3e5 f6h7 e5f7 f8f7 g6f7 b2b5 f7e8 h8g7 e8e7,299
r1bqk2r/1pp2ppp/pbnp1n2/P7/1P2P3/2NB4/2P2PPP/R1BQK1NR b KQkq -,b6a7 g1f3 c6b4 e1h1 h7h6 c1a3 c7c5 c3d5 f6d5 e4d5,-54
2r1r1k1/pbq2p1p/5bp1/2R5/N4n1P/1P3N2/P2Q1PP1/1B1R2K1 b - -,f4e2 g1h1 c7b8 b1d3 c8d8 d1e1 b7e4 d3e4 d8d2 f3d2,-376
2kr4/p4pp1/2p4p/4p3/7q/2P1nP1P/PP1Q2BP/RKNr3R b - -,f4h3 g2h3 c7b8 c5b5 e8d8 b1d3 b8a8 b5b7 a8b7 d2f4,Mate
r1b2rk1/pp2qpbp/2n1pnp1/8/3P4/1QN2N2/PP2BPPP/R1B2RK1 b - -,b7b6 c1e3 f8d8 f1d1 c8b7 a1c1 a8c8 h2h3 e7b4 b3b4,-55
6k1/p4p1p/5Bp1/1p4P1/2p1PP2/P6b/3K4/8 b - -,a7a6 d2c3 g8f8 c3d4 h3g2 d4d5 g2f3 d5d4 f8e8 d4d5,-51
r3n1k1/PK3p2/7p/3p2p1/8/5PPP/R7/8 b - -,a8a7 b7a7 e8g7 a7b6 d5d4 a2g2 g7f5 b6c5 d4d3 f3f4,34
3br1k1/2q3p1/b1p4p/p1B2p2/P1Np1P2/1P1P4/2PQ2PP/5RK1 b - -,d8e7 c5e7 c7e7 c4e5 e7c7 d2e2 a6c8 e2h5 e8e7 h5g6,379
r1b1k2r/pp2np1p/6p1/8/1bP2B2/2P5/P4PPP/2KR1BNR b kq -,b4c3 g1e2 c3g7 e2d4 e8h8 d4b5 c8g4 f2f3 g4e6 f4g5,-23
rn1q1r1k/1p1B2p1/p6p/2bQ4/5p2/2N4P/PPP2PP1/R4RK1 b - -,f4f3 d7g4 f3g2 g1g2 d8c7 a1d1 c5b4 d5b3 b4c3 b3c3,97
6r1/5Qpk/p3Np1p/8/5P2/b1r5/P4PKP/8 b - -,a6a5 f7b7 a3b4 h2h4 h7h8 b7e4 c3c8 e4d5 c8e8 h4h5,21
r1bqkbnr/1pp2ppp/p1p5/8/3PP3/8/PPP2PPP/RNBQKB1R b KQkq -,c8e6 f1e2 f7f5 e4f5 e6f5 c2c3 f8d6 e1h1 g8e7 f1e1,139
8/4Rpk1/8/2p4p/2P1nr2/1P2N2P/P4PK1/8 b - -,h5h4 a2a4 e4d2 e7b7 f4f6 e3g4 f6e6 a4a5 e6a6 b7b5,397
8/6R1/1P2n2p/r3kp2/P7/5K2/6PP/8 b - -,a5a4 g7g6 e6g5 f3e3 g5f7 e3d3 a4b4 g2g3 h6h5 d3c3,-256
rnbqkb1r/pp3pp1/2p1pn1p/4N3/3P4/3B4/PPPBNPPP/R2QK2R b KQkq -,f8e7 e1h1 c6c5 e2f4 e8h8 f4h5 b8c6 e5c6 b7c6 h5f6,77
2rq1rk1/4bppp/p3pn2/1p2n3/1P6/P1NBPP2/1B2QP1P/2RR2K1 b - -,e5d3 e2d3 d8d3 d1d3 c8c4 c3e2 c4c1 e2c1 f8c8 c1b3,-17
rn1qkbnr/pp3ppp/2p1p3/5b2/4N3/3PB1P1/PPP2P1P/R2QKBNR b KQkq -,f8e7 f1g2 b8d7 g1f3 g8f6 e4f6 d7f6 e3d2 f6d5 e1h1,2
r1b1k1Br/ppp3pp/2n2q2/b3p1p1/4P3/1QP2N2/P4PPP/RN3RK1 b kq -,a5b6 a2a4 c6a5 b3a2 c8d7 b1a3 e8a8 g8d5 g5g4 f3d2,-265
r1bqk2r/bpp2ppp/p1np1n2/P7/1P2P3/2NB1N2/2P2PPP/R1BQK2R b KQkq -,c6b4 e1h1 b4d3 c2d3 h7h6 c1b2 e8h8 h2h3 f8e8 c3e2,-58
8/2R5/R7/2k5/8/8/8/3K4 b - -,c6b4 e1h1 b4d3 c2d3 h7h6 c1b2 e8h8 h2h3 f8e8 c3e2,Mate
2rr2k1/p4p2/1p1qp2p/3n1p2/P2PP2P/5QP1/5P2/R1R2BK1 b - -,f5e4 f3g4 g8h8 g4h5 d6f8 h5e5 f8g7 e5e4 a7a5 f1a6,-1
r3kb1r/pp1npppp/2p5/3n4/1Q1P4/2N2PB1/PP2PP1P/R3KB1R b KQkq -,d7b6 c3d5 c6d5 g3c7 f7f5 c7b6 a7b6 a1c1 e8f7 b4b6,902
8/5pkp/3Rp1p1/P2pP1P1/Q7/4q2P/6PK/8 b - -,,0
r3kb1r/1b1pnp2/p1n1p1pp/1p6/4P3/2NBBNP1/PP3P1P/3RR1K1 b kq -,g6g5 h2h3 e7g6 d3e2 f8g7 d1d2 c6e5 f3e5 g7e5 e2h5,-98
2rq1rk1/4bppp/p3pn2/1p6/1P6/P1NRPP2/1B2QP1P/2R3K1 b - -,d8b6 f3f4 b6b7 e2f1 f6d7 c3e2 d7b6 f1g2 b7g2 g1g2,-22
r1N2k1r/3n2bp/1p3pp1/p3p3/2PpP3/5N2/PP2BPPP/1R1R2K1 b - -,h7h5 c8d6 d7c5 d6b5 g7h6 b5c7 a8b8 e2d3 f8g7 d3c2,350
r4rk1/1b2bpp1/ppqppn1p/4P3/P4P2/2NB1Q2/1PP2BPP/R4RK1 b - -,d6e5 f4e5 c6f3 g2f3 f6d7 f3f4 d7c5 d3e2 a8c8 a1d1,-35
r2qkbnr/2pb1ppp/3p4/1p5Q/4P3/1BPp4/1P3PPP/RNB1K2R b - -,g8h6 c1h6 d8b8 h5f7 e8d8 h6g5 d8c8 b3e6 d7e6 f7e6,534
r2q1rk1/6pp/p3Q3/1pp3PP/3p4/P7/1PP5/1K1RR3 b - -,f8f7 g5g6 d8d7 e6f7 d7f7 g6f7 g8f7 b2b4 c5b4 a3b4,547
r2q1r1k/1p1n2p1/p6p/2bQ4/5p2/2N4P/PPP2PP1/R2R2K1 b - -,d8h4 d5d7 h4f2 g1h1 f4f3 d7g4 f8f4 g4g6 a8f8 d1d7,-421
3br1k1/2q3p1/2p4p/p1B2p2/P1Pp1P2/1P6/2PQ2PP/5RK1 b - -,c7d7 d2d4 d7d4 c5d4 e8e2 f1c1 d8c7 g1f1 e2e4 d4f2,251
rn3b1Q/pp2k1pp/4b3/7q/4P3/5N2/P4PPP/R4RK1 b - -,b8c6 h2h4 e6g4 f3h2 c6d4 a1b1 b7b6 h2g4 d4e2 g1h1,-122
2rq1rk1/pb3pp1/1pn1pb1B/3n4/3P4/P1N2N2/1PBQ1PPP/3RR1K1 b - -,f8e8 c3d5 d8d5 c2e4 d5h5 h6f4 b7a8 d4d5 e6d5 e4d5,85
r5k1/pp1nq1pp/2p2r2/3p1p2/3P4/3QP1N1/PP3PPP/R4RK1 b - -,e7f7 a2a4 f5f4 e3f4 f6f4 a4a5 h7h5 g3e2 f4f6 e2c1,-6
r5r1/1Qpk1p1p/2ppbp2/8/3RP1q1/2N3P1/PP3P1P/4R1K1 b - -,g8b8 f2f3 g4h5 d4d6 d7d6 e1d1 d6e7 b7c7 e7f8 c7d6,-468
r5kr/ppp2ppp/2n5/3Bp1N1/6b1/3P4/PPPQ1P1P/R3R1K1 b - -,a8f8 f2f3 g4f5 g1h1 h7h6 g5e4 c6e7 d5c4 g7g5 e1g1,720
r3k2r/ppp2pp1/3p1q1p/2bNp3/2BnP3/3P3P/PPP2PP1/R2QK2R b KQkq -,f6g6 e1h1 d4e6 b2b4 c5b6 a2a4 c7c6 d5b6 a7b6 c4e6,23
r1bqr1k1/p3npbp/1pn1p1p1/2p5/3pPPP1/3P1N1P/PPP1N1B1/R1BQR1K1 b - -,d8c7 e2g3 f7f6 c1d2 e8f8 h3h4 a8b8 f3h2 f6f5 h4h5,23
rnbqk2r/pp3pp1/2pbpn1p/4N3/3P1B2/3B4/PPP1NPPP/R2QK2R b KQkq -,d6c7 e1h1 b8d7 e2c3 c6c5 c3b5 c7b8 e5d7 b8f4 d7f6,60
r1bq1rk1/5ppp/1pnppn2/p2p2B1/P2P4/2P1PN2/1P3PPP/R2QKB1R b KQ -,h7h6 g5h4 g7g6 f1b5 c8d7 f3d2 g8g7 b5d3 c6e7 f2f3,60
r1bqkb1r/pp1nppp1/2n5/2pp2Pp/7P/4P3/PPPPNPB1/RNBQK2R b KQkq -,d5d4 f2f4 d7b6 d2d3 g7g6 e1h1 c8g4 e3e4 e7e5 f4f5,-54
r1b2rk1/1pq1nppp/p1Nbp3/8/P1B5/2P2N2/1P3PPP/R1BQR1K1 b - -,b7c6 c1g5 c6c5 g5e7 c7e7 d1e2 g7g6 a1d1 c8b7 f3e5,5
rnbqkb1r/p2ppp1p/5np1/1P1p4/8/2N3P1/PP2PP1P/R1BQKBNR b KQkq -,a7a6 c3d5 c8b7 d5f6 e7f6 g1f3 a6b5 f1g2 f8c5 e1h1,74
r1b5/pppqbkpp/2np1n2/3P4/4P3/5P2/PP4PP/RNBQK2R b KQ -,c6e5 b1c3 f7g8 e1h1 b7b6 c1e3 e5c4 e3f2 c4b2 d1c2,-107
r1b3k1/ppp3p1/2np1r1n/4p3/4P3/P1N1P1QP/1PPK2P1/R4BNR b - -,c6a5 c3d5 f6f7 g1f3 c7c6 d5c3 b7b5 f1d3 c8e6 f3g5,790
3r2k1/5pbp/1p2p1p1/pN6/P1Q5/1P3qPP/5P2/2R3K1 b - -,g7f8 b5d4 f3f6 d4e2 f8c5 c4f4 f6f4 g3f4 d8d3 c1c3,-379
2kr1bnr/pp2p1p1/2pqp2p/3pP2P/3P2P1/3Q4/PPP5/RNB1K2R b KQ -,d6d7 c1e3 c6c5 b1d2 g8f6 e5f6 e7f6 d4c5 d5d4 e3f2,282
r1bqr1k1/pp1pnppp/2nQp3/8/2B1P3/B1P2N2/P4PPP/R3R1K1 b - -,e7g6 a1d1 d8e7 c4b5 h7h6 b5f1 b7b6 d6e7 g6e7 h2h4,17
2q2k1r/4Qr2/5P1p/8/8/7P/6P1/3R3K b - -,f7e7 f6e7 f8e7 d1a1 c8c2 a1e1 e7d7 e1f1 h8g8 g2g4,-974
r3kbnr/pp2pppp/2n5/q2p1b2/3P4/1PN2N2/P1PB1PPP/R2QKB1R b KQkq -,e7e6 f1b5 a8c8 a2a4 a5c7 c3e2 f5e4 c2c4 e4f3 g2f3,-48
8/6p1/2b2p2/5k1p/2p2P1P/4K1P1/3B4/8 b - -,f5g4 e3f2 c6f3 d2e1 f3e4 e1c3 e4g6 c3d2 g6f7 d2c3,-3
3R4/5ppk/p3p2p/1p3P2/8/1P4P1/8/5K2 b - -,e6e5 d8a8 a6a5 a8a5 b5b4 a5a6 h7g8 a6a8 g8h7 a8b8,707
1r3k1r/p1Qn2p1/1p3nBp/8/1q1P4/2P2b2/PP3PPP/2K1R2R b - -,f3g2 c3b4 g2d5 c1b1 h6h5 c7d6 f8g8 h1g1 h5h4 b1a1,616
rnb1k2r/pp1p1ppp/2p5/q1b1P3/4P1n1/2N2N2/PPP1QPPP/R1B1KB1R b KQkq -,c5f2 e1d1 f2b6 a2a3 g4f2 d1d2 b8a6 a1b1 a6c5 b2b4,-137
r1bqk2r/ppp1n1pp/2np1p2/b3p3/2BPP3/2P1BN2/P4PPP/RN1Q1RK1 b kq -,d6d5 e4d5 e7d5 f1e1 c8e6 d1b3 a5b6 d4e5 c6a5 b3a4,-35
2kr3r/1p3p2/pqn2p1b/1P3P1p/3p3P/P2B2N1/2P2pP1/1R1Q1K1R b - -,c6e7 b5a6 b6c6 d1h5 e7d5 g3e4 h8e8 a6a7 b7b5 b1b5,171
r2q1rk1/pp4pp/2np2b1/5p2/2NP4/1P3N1P/1P3PP1/R2QR1K1 b - -,c6b4 e1e6 d6d5 d1d2 a7a5 c4e5 g6h5 a1c1 h5f3 e5f3,91
4n1k1/5p2/1K5p/6p1/3p4/5PPP/R7/8 b - -,e8g7 a2g2 d4d3 b6c5 g7f5 f3f4 d3d2 g2d2 f5g3 c5d5,25
r5k1/b4pp1/p3p2p/4P3/1pP5/5N2/P4PPP/3R2K1 b - -,a8c8 d1c1 g8f8 g1f1 f8e7 c1c2 a6a5 f1e2 a5a4 c2c1,-122
r1bqr1k1/pp2ppbp/1np3p1/n2P4/1P6/2N1PNP1/P1Q2PBP/R1B2RK1 b - -,g7c3 c2c3 b6d5 c3d4 e7e5 f3e5 d5b4 d4b4 e8e5 c1b2,189
4k3/4n3/1p1pPB1p/p1pP2p1/P1P1K3/1P6/8/8 b - -,e7g8 f6c3 g8e7 c3g7 e7g8 e4f5 g8e7 f5g4 e7g8 g4h5,252
r1b2rk1/2q1nppp/p1pbp3/8/P7/2PB1N2/1P3PPP/R1BQR1K1 b - -,c6c5 d1e2 c8b7 d3e4 b7e4 e2e4 h7h6 g2g3 e7d5 f3d2,-3
r2q2k1/pp4r1/2p2b1B/3p4/6bP/2PB2Q1/P1P2P2/R3K2R b KQ -,f6c3 e1f1 g4e2 d3e2 g7g3 f2g3 d8f6 f1g2 c3a1 h6d2,-510
rn1qkb1r/pb1ppp1p/5np1/1P1p4/8/2N3P1/PP2PPBP/R1BQK1NR b KQkq -,d7d6 a2a4 e7e6 a4a5 a7a6 b5b6 f8g7 g1f3 e8h8 e1h1,43
3q1k1r/4Qr2/5P1p/8/8/7P/6P1/7K b - -,d7d6 a2a4 e7e6 a4a5 a7a6 b5b6 f8g7 g1f3 e8h8 e1h1,Mate
r1bqk1nr/ppp2ppp/2n1p3/2b5/3pP3/1NPP1N2/PP3PPP/R1BQKB1R b KQkq -,c5b6 b3d4 b6d4 c3d4 c6d4 d1a4 d4c6 d3d4 g8e7 f1d3,113
rn1q1rk1/ppp1bppp/3p1n2/4p3/2B1P1b1/3P1N2/PPP1NPPP/R1BQ1RK1 b - -,d6d5 e4d5 g4f3 g2f3 f6d5 f3f4 b8c6 f4f5 d5b6 c4b3,-40
6k1/7p/R7/1N1p2p1/P2P1p2/2P2bP1/1P1rrP1P/5RK1 b - -,,0
5N2/3r4/8/5k2/8/8/8/4K3 b - -,f3g4 a6a8 g8f7 a8a7 f7g6 a7a6 g6h5 b5c7 g4c8 g1g2,Mate
2n5/p1p2rk1/1p1n1p1p/1P2p1pP/P3P1P1/B4P2/8/2R2QK1 b - -,d6b7 f1d3 b7c5 a3c5 b6c5 c1c5 c8d6 d3d5 f7d7 c5c1,785
r1bn4/pp1qbkpp/2Pp1n2/8/4P3/2N2P2/PP4PP/R1BQK2R b KQ -,b7c6 e1h1 d6d5 c1e3 d5e4 d1b3 d7e6 c3e4 f6e4 f3e4,-121
8/5p2/4P3/R4k2/2N5/8/8/6K1 b - -,d7c6 e1h1 c8e6 g1h1 f7g8 c1e3 c6e8 e3f4 d8c6 f1f2,Mate
7Q/p1P2k2/1p3np1/7p/8/2N1B3/PPP2PPP/R3K1NR b KQ -,d7c6 e1h1 c8e6 g1h1 f7g8 c1e3 c6e8 e3f4 d8c6 f1f2,Mate
r1b1r1k1/p1q1npbp/1pn1p1p1/2p5/3pPPP1/3P1NNP/PPP3B1/R1BQR1K1 b - -,c8b7 h3h4 f7f6 g4g5 f6f5 h4h5 f5e4 d3e4 e8f8 h5h6,39
r1b1k2r/pp2qpbp/2n1pnp1/8/2BP4/1QN2N2/PP3PPP/R1B2RK1 b kq -,e8h8 f1e1 a7a6 c4f1 f8d8 c1g5 h7h6 d4d5 h6g5 d5c6,-46
4r1k1/2q1b1p1/2p4p/p1B2p2/P1Pp1P2/1P6/2PQ2PP/4R1K1 b - -,g8f7 c5d4 e7b4 c2c3 e8e1 d2e1 b4d6 e1g3 f7g8 g3d3,417
8/Q7/4pqk1/3p1pp1/7r/1Kp3RR/8/8 b - -,h4h3 g3h3 f6g7 a7b6 g6f6 h3h1 f5f4 b6d4 f6f7 d4d3,57
rnbqk2r/pp3pp1/2p1p2p/3nP3/8/3B2B1/PPP1NPPP/R2QK2R b KQkq -,b8d7 c2c3 d5e7 e2d4 d8b6 a1b1 e8h8 e1h1 c6c5 d4b5,118
r3k1nr/pppq1ppp/2np4/8/QbBPP3/4BP2/PP3P1P/RN3K1R b kq -,f7f5 d4d5 f5e4 h2h3 c6e5 a4b4 g8f6 f3f4 c7c5 d5c6,296
rnb1k2r/pp3ppp/2p2n2/4p3/4P2P/q2P2P1/P3KP2/R2Q1BNR b kq -,c6c5 d1c1 a3c1 a1c1 b7b6 h4h5 h7h6 f2f4 b8c6 e2e3,-606
2rr4/1R1nk2p/5ppb/p7/2PRP1B1/8/P4PPP/6K1 b - -,h6c1 d4d7 d8d7 g4d7 c8d8 d7c6 e7d6 c6d5 c1a3 g2g3,316
1r6/4npkp/p2r2p1/3p4/R6P/2N3P1/1P1R1P2/5K2 b - -,h7h5 c3e4 d6c6 e4c3 b8b6 d2e2 b6b7 e2d2 c6b6 b2b4,-28
rn1q1rk1/pp2n1pp/2p1p3/2b2p2/3pPP2/3P1PNB/PPPBQ2P/R4RK1 b - -,g8h8 g1h1 c5d6 b2b4 c6c5 a2a3 d8d7 f1g1 b8c6 b4b5,-45
5rk1/3nq1pp/p1p2r2/1p1p1p2/3P4/3QP1N1/PP3PPP/1R3RK1 b - -,g7g5 b1e1 e7f7 f2f3 f8e8 d3d2 f6e6 e3e4 f5f4 g3f5,35
rn1qkbnr/pbpp1pp1/1p2p2p/8/2P5/2N1PNP1/PP1P1P1P/R1BQKB1R b KQkq -,f8b4 f1g2 g8f6 d1c2 e8h8 b2b3 b4c3 c2c3 d7d5 c1b2,12
Q7/6k1/8/8/2K5/2P5/8/1R2r3 b - -,e1b1 a8g2 g7f8 g2f3 f8g7 f3g4 g7f6 g4f4 f6g6 f4e4,1792
r3k2r/1b1pnp2/p1n1p1pp/1p6/4P3/P1PBBNP1/5P1P/3RR1K1 b kq -,g6g5 a3a4 b5a4 d1a1 g5g4 e1b1 g4f3 b1b7 e7g6 d3c2,-19
6k1/5p2/5n1p/2K3p1/3p4/5PPP/R7/8 b - -,f6h5 g3g4 h5f4 c5d4 f4h3 a2h2 h3f4 h2h6 f4g6 h6h2,249
r1b3k1/ppp3p1/3p1r1n/n3p3/1P2P3/P1N1P1QP/2PK2P1/R4BNR b - -,a5c6 c3d5 f6f8 g1f3 c8e6 d5c7 e6f7 c7a8 f8a8 f3g5,953
8/R5kp/8/1N1p2p1/P2P1pb1/2P3P1/1P1rrP1P/5RK1 b - -,g7g6 a7a6 g6h5 b5c7 g4h3 c7d5 h3f1 d5f6 h5g6 f6e4,-29
r1q1kb1r/1p3ppp/p1n1pn2/3p4/3P1B2/1QPB1N1P/PP3PP1/R3K2R b KQkq -,f6h5 f4h2 g7g6 g2g4 h5f6 e1h1 f8g7 f1e1 e8h8 a2a4,72
r3kb1r/1p1bpppp/1p3n2/2nP4/2BP4/2N5/PP3PPP/R1B1K1NR b KQkq -,c5a4 g1e2 a8c8 c3a4 d7a4 b2b3 a4d7 e2c3 e7e6 d5e6,119
rnbqk2r/pp3pbp/1n2p1p1/2pPP3/2P2B2/2N5/PP1Q2PP/R3KBNR b KQkq -,a7a6 e1a1 e6d5 c4d5 e8h8 g1f3 c8g4 d1e1 b8d7 e5e6,179
r1bqk2r/pp3p1p/5np1/1N1pn3/2P5/8/PP1Q1PPP/2KR1BNR b kq -,e8h8 b5c3 c8f5 g1f3 e5f3 g2f3 a8c8 h2h4 d8b6 h4h5,-114
8/5R2/P7/6KP/2kr4/8/5P2/8 b - -,d4d1 h5h6 d1d5 g5g4 d5b5 a6a7 b5e5 f2f3 e5e8 g4g5,1572
2rqr1k1/pb3pp1/1pn1pb1B/3N4/3P4/P4N2/1PBQ1PPP/3RR1K1 b - -,d8d5 c2e4 d5h5 h6f4 b7a8 d1c1 c6e7 e4a8 c8a8 f4e5,85
rnbqk1nr/ppp1ppb1/3p2pp/8/2BPP3/2N4P/PPP2PP1/R1BQK1NR b KQkq -,e7e6 g1f3 g8e7 c4d3 c7c5 d4c5 d6c5 c1e3 b7b6 d3b5,55
r4r2/5p1k/p1p2q1p/1p2pP2/1P1pP3/R2P4/1PP1Q1PP/5RK1 b - -,f6g5 c2c3 f8d8 a3a1 g5f6 f1f3 d4c3 b2c3 c6c5 b4c5,162
8/8/1P4Rp/4kp2/4n3/8/r5PP/5K2 b - -,h6h5 g6g8 a2f2 f1g1 f2b2 g2g3 b2b6 g8e8 e5f6 e8f8,-350
r2q2k1/pp4r1/2p4B/3p4/7P/2b3Q1/P1P1BP2/R4K1R b - -,d8f6 h6g7 f6g7 g3g7 c3g7 a1e1 g7c3 e1b1 b7b6 b1b3,588
2r1r1k1/pb3pp1/1pn1pb1B/3q4/3PB3/P4N2/1P1Q1PPP/3RR1K1 b - -,d5h5 h6f4 b7a8 h2h3 c6e7 e4a8 c8a8 f4e5 h5f5 e5f6,73
Q7/6k1/8/8/8/1KP5/4r3/1R6 b - -,d5h5 h6f4 b7a8 h2h3 c6e7 e4a8 c8a8 f4e5 h5f5 e5f6,Mate
4r1k1/7p/7R/1p1p2p1/P2P1pb1/2P3P1/1P1BrP1P/RN3K2 b - -,,0
r1bqk1nr/ppp2ppp/1b2p3/8/3NP3/3P1N2/PP3PPP/R1BQKB1R b KQkq -,e6e5 d4c2 f7f5 c1e3 g8f6 f1e2 e8h8 e1h1 c8e6 e4f5,439
6QK/8/8/8/2b5/1qk4P/8/8 b - -,e6e5 d4c2 f7f5 c1e3 g8f6 f1e2 e8h8 e1h1 c8e6 e4f5,Mate
r1bqk2r/pp1n1pp1/2p1p2p/3nP3/2P5/3B2B1/PP2NPPP/R2QK2R b KQkq -,d5e7 e1h1 e8h8 d1c2 e7f5 a1d1 d8a5 d3f5 e6f5 e5e6,114
6k1/5p2/5n1p/2K3p1/8/3p1PPP/3R4/8 b - -,f6h5 g3g4 h5f4 h3h4 h6h5 c5d4 h5g4 f3g4 g5h4 d4e5,19
6k1/pb4br/1pq1p1Q1/3pP1P1/3BnP1P/2P2R2/PP6/R6K b - -,h7h4 h1g2 b7c8 f3h3 h4h3 g2h3 c8d7 g6h5 g8f8 a1d1,-28
8/Q7/4pqk1/3p1p2/6pR/1Kp3R1/8/8 b - -,,0
2rr2k1/p4p2/1p1qp2p/3n4/P2PQ2P/6P1/5P2/R1R2BK1 b - -,d5f6 e4e3 c8c1 a1c1 d6d4 e3h6 d4f2 g1f2 f6g4 f2f3,-24
r2q1rk1/bpp2ppp/p1np1nb1/P7/1P2PBP1/2NB1N1P/2P2P2/R2Q1RK1 b - -,d8d7 f3h4 a7d4 d1d2 f8e8 a1e1 d4c3 d2c3 g6e4 h4f5,-91
r1b2rk1/1p1qnppp/p1nbp3/8/P1BN4/2P2N2/1P3PPP/R1BQR1K1 b - -,d7c7 d4c6 b7c6 c1g5 c6c5 g5e7 d6e7 f3e5 a8b8 d1e2,12
r2q1rk1/pp4pp/2np4/5p1b/2NP4/1P1Q1N1P/1P3PP1/R3R1K1 b - -,c6b4 d3d2 h5f3 d2b4 d8g5 c4e3 a8e8 b4c4 f8f7 g1h1,-27
8/5ppk/7p/Rp3p2/8/1P4P1/8/5K2 b - -,h7g6 a5b5 g6g5 b5b4 h6h5 f1g2 g5g6 b4b7 g6f6 b3b4,700
8/R4pk1/3p2p1/3Pp2P/4P3/5B2/rP6/2K2b1R b - -,f1e2 a7a2 e2f3 h5h6 g7h7 h1e1 h7h6 a2a6 h6g7 a6d6,619
r1bqr1k1/pp2ppbp/1nP3p1/n7/8/2N1PNP1/PPQ2PBP/R1B2RK1 b - -,a7a6 c6b7 c8b7 e3e4 d8c8 c1f4 g7c3 b2c3 a5c4 a2a4,90
r1q1kb1r/1p3p1p/p1n1pnp1/3p4/3P1B2/1QPB1N1P/PP3PP1/R4RK1 b kq -,f8e7 a1e1 e8h8 b3c2 f8e8 e1e2 b7b5 f1e1 c8b7 c2d2,74
6r1/5Qpk/p4p1p/6N1/5P2/b7/P1r2PKP/8 b - -,f6g5 f7f5 h7h8 f5c2 g5f4 c2d3 f4f3 g2g3 a3b2 d3a6,269
2n2r2/p1R3k1/1p1n1p1p/1P2p1pP/P3P1P1/B4P2/8/5QK1 b - -,f6g5 f7f5 h7h8 f5c2 g5f4 c2d3 f4f3 g2g3 a3b2 d3a6,Mate
4r3/6kp/7R/1p1p2p1/P2P1pb1/2P3PP/1P1BrP2/RN3K2 b - -,,0
r1b3k1/ppp3p1/3p1r1n/4p3/1PB1P3/P1N1P1QP/2PK2P1/R5NR b - -,c8e6 c4e6 f6e6 c3d5 c7c5 g1f3 h6f7 f3h4 f7h6 h1f1,1153
r3k2r/pp2bppp/4p3/4q3/3NnPQ1/4B3/PPP3PP/R4RK1 b kq -,e4f6 g4f3 e5b8 c2c4 e8h8 a1d1 b8c7 b2b3 a7a6 g2g4,8
r2qk2r/ppp2pp1/3pn2p/2bNp3/1PB1P3/3P3P/P1P2PP1/R2Q1RK1 b kq -,c5b6 a2a4 e8h8 a4a5 b6d4 c2c3 c7c6 c3d4 c6d5 c4d5,102
r1bqk1nr/ppp2ppp/4p3/8/Q2bP3/3P1N2/PP3PPP/R1B1KB1R b KQkq -,c7c6 a4d4 d8d4 f3d4 g8e7 d4f3 c6c5 c1e3 b7b6 d3d4,493
r2q2k1/pp4r1/2p5/3p4/6bP/2bB2Q1/P1PB1P2/R3K2R b KQ -,d8e8 g3e3 c3a1 d2b4 g4f3 h1f1 f3g2 f1g1 a1d4 e3e2,-590
2rr2k1/pb3p1p/5bp1/q1pn4/N1Q4P/1P3N2/P4PP1/1BRR2K1 b - -,f6d4 b1e4 b7a6 c4c2 d5f6 e4c6 d8d6 c6e4 a5d8 d1d2,-205
rnb1k2r/pp3ppp/2p2n2/4p3/4P2P/3P2P1/Pq3P2/R2QKBNR b kq -,b2c3 e1e2 c6c5 d1c1 c3c1 a1c1 b7b6 h4h5 h7h6 f2f4,-601
8/5kp1/p7/P1Q5/1P4K1/5P2/8/q7 b - -,a1e1 c5d5 f7f8 d5c4 g7g6 c4e4 e1g1 g4f4 f8g7 f4e5,256
8/2R5/3R4/8/3k4/8/8/3K4 b - -,a1e1 c5d5 f7f8 d5c4 g7g6 c4e4 e1g1 g4f4 f8g7 f4e5,Mate
r2qk2r/ppp1b1pp/2n2p2/3p4/3N4/2N5/PPPBQPPP/R4RK1 b - -,h7h5 d4e6 d8d7 c3d5 e8f7 d5c7 c6d8 e6d8 a8d8 e2c4,570
8/7p/1r3k1b/pB6/2PR4/6P1/P4P1P/6K1 b - -,f6f7 d4d7 f7g6 d7d5 h6f8 g1g2 g6g7 f2f4 a5a4 g3g4,499
6r1/6pk/p6p/5Qp1/5P2/b7/P1r2PKP/8 b - -,g7g6 f5c2 g5f4 c2c6 a6a5 c6c7 g8g7 c7a5 a3d6 a5d5,350
8/6p1/2b2p2/7p/2p2PkP/6P1/3B1K2/8 b - -,c6e4 d2e1 e4g6 e1d2 g6f7 d2c3 g4f5 f2e3 f7e8 c3b4,-3
r1n1r1k1/pp1q1pbp/2pp2p1/2P1p3/1P2P1n1/P1NP1NPb/1BQ2P1P/R3R1KB b - -,b7b6 c3d1 d6c5 b4c5 f7f6 d3d4 e5d4 f3d4 b6c5 d4b3,137
2r3k1/5p2/2pp1q1p/2B1bPp1/2P5/4Q1PP/5PB1/3R2K1 b - -,g8g7 c5d4 e5d4 e3d4 f6d4 d1d4 d6d5 c4d5 c6d5 g2f3,458
r3k2r/pp2bppp/4p3/4q3/3Nn1Q1/4B3/PPP2PPP/3R1RK1 b kq -,e8h8 d4f3 e5f5 g4f5 e6f5 d1d7 e7c5 d7b7 c5e3 f2e3,88
5r2/6kp/7R/1p1p2p1/P2P2b1/2P3PP/1P1Br3/RN4K1 b - -,,0
r4rk1/pp1q1ppp/3b1n2/3P4/8/2N5/PP2RPPP/R1BQ2K1 b - -,f8e8 c1g5 e8e2 d1e2 a8e8 e2c2 f6g4 h2h3 h7h6 g5h4,112
3r2k1/p4p2/1p1qp2p/3n4/P2PQ2P/6P1/5P2/2R2BK1 b - -,d5f6 e4e3 d6d4 e3h6 d4f2 g1f2 f6g4 f2f3 g4h6 c1c7,-17
r1b1r1k1/p1q1npbp/1pn3p1/2p1pP2/3pP1P1/3P1NNP/PPP3B1/R1BQR1K1 b - -,a7a6 h3h4 c5c4 d3c4 c6a5 b2b3 a5b7 h4h5 b6b5 c4b5,118
r1b5/pp1qbkpp/2np1n2/3N4/4P3/5P2/PP4PP/R1BQK2R b KQ -,f6d5 d1d5 d7e6 d5h5 f7g8 e1h1 e7f6 f1d1 f6e5 h2h3,-168
2kr3r/1p3p2/pqn2p2/5P1p/1P1p3P/P2Bb1N1/2P1K1P1/1R1Q3R b - -,h8g8 d1e1 b6c7 h1h3 c6e5 e2f1 e5d3 c2d3 c7f4 f1e2,-846
8/7p/1r3k2/pB6/P1PR4/6P1/5P1P/2b3K1 b - -,b6b7 c4c5 b7c7 c5c6 c1a3 g1g2 a3c5 d4d5 c5b6 f2f4,547
2n5/p4Rk1/1p1n1p1p/1P2p1pP/P3P1P1/B4P2/8/5QK1 b - -,f6e5 d4h4 b6b7 h4h5 e5e6 g1g2 b7c7 f2f4 e6d6 g2f3,Mate
Q7/6k1/8/8/8/1KPR4/8/3r4 b - -,f6e5 d4h4 b6b7 h4h5 e5e6 g1g2 b7c7 f2f4 e6d6 g2f3,Mate
2r3k1/5p2/2p2q1p/2Q1bPp1/2P5/6PP/5PB1/3R2K1 b - -,c8c7 g2e4 h6h5 g1g2 g8g7 d1d2 e5c3 d2d3 c3e5 g2f3,63
r1b2rk1/p1q1bppp/4pn2/1Bp5/3PpP2/2P1P1B1/PP1N2PP/R2QK2R b KQ -,c5d4 c3d4 a8b8 f4f5 e7d6 g3d6 c7d6 b5e2 e6f5 d2c4,-97
r2q1rk1/pp4pp/2np4/3P1p1b/2N5/1P3N1P/1P3PP1/R2QR1K1 b - -,c6e5 c4e5 d6e5 e1e5 d8d6 e5e6 d6d7 d1d3 a8d8 e6e5,174
2rr2k1/p4p1p/b4bp1/q1pn4/N3Q2P/1P3N2/P4PP1/1BRR2K1 b - -,c5c4 b3c4 a5a4 d1d5 d8d5 e4d5 c8c4 c1e1 a4c6 b1e4,-77
5r2/7p/7k/1p1p2p1/P2P2P1/2P3P1/1P1Br3/RN4K1 b - -,,0
q3r3/p4pk1/6pp/2pb4/3b4/P5PQ/1P2PP1P/R1B1R1K1 b - -,h6h5 c1d2 d4b2 a1b1 b2d4 b1c1 a8c6 d2c3 c6f6 c3d4,52
r2qkb1r/1pp2ppp/p1p5/5b2/2BPn3/5P2/PPP1Q1PP/RNB1K2R b KQkq -,f5g6 c2c3 f8d6 e1h1 d8h4 g2g3 d6g3 f3e4 g3d6 e4e5,352
r1bqk2r/1pp1bppp/p1p2n2/4p3/4P3/1P3N2/P1PPQPPP/RNB1K2R b KQkq -,c8g4 c1b2 f6d7 h2h3 g4f3 e2f3 e7c5 b1a3 d8e7 a3c4,-8
2Q2bk1/5p1p/1p2p1p1/pN6/7P/PP1r1qP1/5P2/2R3K1 b - -,g8g7 b3b4 a5b4 a3b4 f8b4 c8b8 b4c5 b8e5 g7f8 e5b8,-528
rnbq1bkr/ppp3pp/3pp3/8/4Q3/5N2/PPPP1PPP/RNB1K2R b KQ -,d8f6 d2d4 b8c6 a2a3 c8d7 b1c3 h7h6 h2h4 f6f5 e4f5,5
6k1/5p2/5n1p/2K5/6P1/3p1PP1/3R4/8 b - -,f6d7 c5d6 d7f8 d2d3 g8g7 d6e5 f8g6 e5e4 g6e7 d3d7,529
r2qk2r/pp3p1p/4bnp1/1N1Pn3/8/8/PP1Q1PPP/2KR1BNR b kq -,f6d5 b5d4 e8h8 c1b1 d8b6 d4e6 f7e6 g1h3 e5g4 f2f3,-69
r1b2rk1/6pp/1p3p2/p1q1p2Q/P3P3/6B1/1P1R1PPP/3R2K1 b - -,c8e6 h5f3 c5b4 d2d6 e6b3 d1d2 b3a4 h2h3 a4c6 f3e3,-76
8/5R2/P5K1/3r3P/2k5/8/5P2/8 b - -,d5d6 f7f6 d6d7 h5h6 c4d4 h6h7 d7d8 a6a7 d8e8 g6g5,1664
r4rk1/pp2bppp/4p3/4q3/4n1Q1/4BN2/PPP2PPP/3R1RK1 b - -,e5f5 g4f5 e6f5 d1d7 e7c5 d7b7 c5e3 f2e3 g7g6 b7c7,99
r2qk1nr/pbpp1pp1/np2p2p/8/1bP5/2N1PNP1/PP1P1PBP/R1BQ1RK1 b kq -,b4c3 b2c3 d7d6 a2a4 g8e7 d2d4 e8h8 d1e2 f7f5 e3e4,39
r4rk1/1b2bpp1/pB1Pp2p/8/P4n2/2NB1P2/1PP4P/R4RK1 b - -,e7d6 d3e4 b7e4 c3e4 d6e5 a1b1 a8b8 b6e3 f4d5 e3a7,-115
r7/pp2bkpp/2npb3/8/4P3/5P2/PP4PP/R1B2RK1 b - -,e7f6 f1d1 a7a5 d1d6 a5a4 d6d2 a8c8 d2c2 a4a3 c1d2,-234
1n3rk1/Nb1Qppbp/pp4p1/2np4/3P4/BP1BPN2/P4PPP/2R3K1 b - -,b8d7 d4c5 b6c5 a3c5 f8a8 c5a3 a8a7 c1c7 d7f8 c7e7,397
rnbqk2r/ppbpnppp/2p1p3/4P1B1/3P4/3B1N2/PPP2PPP/RN1QK2R b KQkq -,h7h6 g5h4 d7d5 e5d6 d8d6 h4g3 d6d8 d1e2 b8d7 b1c3,89
r2qk2r/ppp2ppp/2np4/2b1p1B1/2B1n1Q1/2PP4/PP3PPP/RN2K1NR b KQkq -,h7h5 d3e4 h5g4 g5d8 a8d8 g1e2 f7f5 b1d2 c5b6 a1d1,579
2r1r1k1/pb3pp1/1pn1pb2/7q/3PBB2/P4N2/1P1Q1PPP/3RR1K1 b - -,b7a8 d4d5 e6d5 e4d5 c6a5 f3g5 e8d8 d5f7 h5f7 g5f7,104
r1b2rk1/p1qn1pp1/1pnbp2p/2pp4/3P1B2/2PNPN1P/PP2BPP1/R2Q1RK1 b - -,c5c4 f4d6 c7d6 d3f4 d7f6 f3h2 b6b5 h2g4 f6g4 h3g4,-18
5r2/7p/7k/1p1p2p1/P2P1BP1/2P3P1/1P3r2/RN4K1 b - -,,0
1rb2rk1/p1q1bppp/4pn2/2p5/2BPpP2/2P1P1B1/PP1N2PP/R2QK2R b KQ -,b8b2 d1c1 c5d4 c3d4 b2d2 e1d2 c7a5 d2e2 c8d7 c1c2,-203
r2qk2r/ppp1b1pp/5p2/3p4/3n2Q1/2N5/PPPB1PPP/R4RK1 b - -,e8f7 g4d4 c7c6 d4d3 h8e8 c3e2 e7d6 e2d4 d8c7 g2g3,446
5r2/p2q2k1/1p2prpp/2ppn3/3n4/P2PP1P1/1P1N1PBP/2RQ1RK1 b - -,e5f3 g2f3 d4f3 d2f3 f6f3 b2b4 c5b4 a3b4 h6h5 c1c2,-6
5rk1/Nb1nppbp/pp4p1/2Pp4/8/BP1BPN2/P4PPP/2R3K1 b - -,b6c5 a3c5 f8a8 c5a3 a8a7 c1c7 d7f8 c7e7 a6a5 a3c5,387
3r2k1/p4p2/1p1qpn1p/8/P2P1Q1P/6P1/5P2/2R2BK1 b - -,d6f4 g3f4 d8d4 a4a5 d4f4 a5a6 f4g4 f1g2 f6d5 f2f3,-271
3Q4/5p1p/5k2/1N1Pn3/7p/P4P2/6PK/4q3 b - -,f6g6 d8g8 g6h6 b5d4 e1f2 d4f5 h6h5 g8h7 h5g5 h7h4,45
8/6p1/2b2p2/7p/2p2P1P/2B3Pk/5K2/8 b - -,c6e4 c3b4 h3g4 b4e1 e4g6 e1d2 g6f7 d2b4 f7e6 b4c3,-3
r5k1/ppp3p1/3pr2n/3Np3/1P2P3/P3P1QP/2PK2P1/R5NR b - -,c7c5 g1f3 a8f8 d2c1 c5b4 a3b4 a7a5 b4a5 f8f6 d5f6,1127
2n5/p4k2/1p1B1p1p/1P2p1pP/P3P1P1/5P2/8/5QK1 b - -,c8d6 f1c1 d6e8 c1c8 f7f8 c8d7 f6f5 d7f5 f8g8 f5e6,1011
5r2/7p/7k/1p1pB1p1/P2P2P1/2P3P1/1r6/RN4K1 b - -,,0
5rk1/Nb1nppbp/p5p1/2Bp4/8/1P1BPN2/P4PPP/2R3K1 b - -,f8a8 c5a3 a8a7 c1c7 d7f8 c7e7 a6a5 a3c5 g7f6 e7c7,392
r1b1k2r/pp1n1pp1/2p1p2p/q2nP3/2P5/3B2B1/PP1QNPPP/R3K2R b KQkq -,d5b4 d3b1 c6c5 e1h1 b4c6 d2e3 e8h8 f1d1 f7f5 e5f6,179
8/6KP/8/5p2/8/6P1/2k5/1q6 b - -,d5b4 d3b1 c6c5 e1h1 b4c6 d2e3 e8h8 f1d1 f7f5 e5f6,Mate
6k1/6p1/p7/P1Q5/1P3K2/5P2/8/q7 b - -,g8h8 c5h5 h8g8 h5e5 a1d1 e5e8 g8h7 e8e4 h7h6 f4e5,198
8/5p1Q/8/3PnN1k/7p/P4P2/5qPK/8 b - -,h5g5 h7h4 f2h4 f5h4 g5h4 d5d6 h4g5 a3a4 e5c6 h2h3,30
rnb1k2r/pp3ppp/2p2n2/4p3/4P2P/2qP2P1/P3KP2/R2Q1BNR b kq -,c3b2 e2e1 b2c3 e1e2 c6c5 d1c1 c3c1 a1c1 b7b6 h4h5,-594
r1bqkb1r/pp2pppp/n4n2/1N1p4/5B2/4PN2/PPP2PPP/R2QKB1R b KQkq -,c8d7 c2c3 e7e6 f1e2 f8e7 b5d6 e7d6 f4d6 d8b6 d6e5,56
8/1bk5/p2r2Bp/P1Q5/3p4/1P3p2/7P/6K1 b - -,b7c6 g6e8 d6d7 c5b6 c7d6 b6d4 d6e7 e8d7 c6d7 d4g7,791
r1b1k2r/pp1n1pp1/2p1p2p/3nP3/2P5/3B2B1/PP1KNPPP/R6R b kq -,d5b4 d3e4 d7c5 e4f3 a7a5 e2d4 e8h8 a2a3 b4a6 d2c3,86
2b2rk1/p1q1bppp/4pn2/2p5/3PpP2/1BP1P1B1/Pr1N2PP/R2QK2R b KQ -,c5d4 d2c4 d4e3 f4f5 c7c5 d1d4 c5d4 c3d4 e7b4 e1d1,-489
r1b2rk1/6pp/1p3p2/p1q1p3/P3P3/6B1/1P1R1PPP/3Q1RK1 b - -,f8e8 h2h3 c8e6 g1h2 c5b4 f2f4 e6b3 d1e1 e5f4 f1f4,-14
5rk1/3n3p/p1p1qr2/1p1p1pp1/P2P3P/3QP1N1/1P3PP1/1R3RK1 b - -,h7h6 a4b5 a6b5 f1e1 d7b6 b1a1 b6c4 d3c2 e6e8 h4h5,36
r3k2r/1b1pnp2/p1n1p1pp/1p6/P3P3/2PBBNP1/5P1P/3RR1K1 b kq -,b5a4 d3c2 c6a5 c2a4 b7c6 d1a1 f7f6 f3d2 e8f7 a4c2,2
r1bqr1k1/pp1pnppp/2nQp3/8/2B1P3/B1P2N2/P4PPP/3R1RK1 b - -,d8a5 f1e1 a5c3 c4b3 b7b6 h2h4 c3a5 e1e3 h7h6 a3b2,15
8/p4k2/1p1n1p1p/1P2p1pP/P3P1P1/5P2/8/3Q2K1 b - -,f7e7 d1c1 e7d8 c1c6 d6c8 c6f6 c8e7 f6f8 d8d7 f8h6,1446
r5k1/Nb1nppbp/p5p1/3p4/8/BP1BPN2/P4PPP/2R3K1 b - -,a8a7 c1c7 d7f8 c7e7 a6a5 a3c5 g7f6 e7c7 f6d8 c7f7,400
r4rk1/1b3pp1/pB1bp2p/8/P3Nn2/3B1P2/1PP4P/R4RK1 b - -,d6e5 a1b1 b7c6 b2b3 f8c8 a4a5 f4d3 c2d3 e5f4 b1b2,-144
5bk1/r4ppp/3p4/3P4/5Q2/q5P1/5R1P/6K1 b - -,a3c5 f4f3 g7g6 g1g2 a7e7 h2h4 f8g7 h4h5 c5d4 f2a2,-556
3r1rk1/ppp1qp2/2p1bn2/6Q1/1b6/2NB4/PPP2PPP/R3R1K1 b - -,g8h8 g5h6 h8g8 e1e5 e6f5 e5f5 f6h7 f5e5 d8d3 e5e7,614
rnbq1rk1/ppp2ppp/3bp3/3p4/2PPn3/5NP1/PPQBPPBP/RN3RK1 b - -,f7f5 c4c5 d6e7 b2b4 e7f6 e2e3 a7a6 b1c3 b8c6 a1b1,38
r4rk1/pp2bppp/4p3/5Q2/4n3/4BN2/PPP2PPP/3R1RK1 b - -,e6f5 d1d7 e7c5 d7b7 c5e3 f2e3 g7g6 b7c7 f8c8 c7c8,89
1r6/4npk1/p2r2p1/3p3p/R4P1P/2N3P1/1P1R4/5K2 b - -,e7f5 f1f2 b8b3 a4a2 d6b6 c3a4 b6b4 a4c3 d5d4 c3e2,-221
6r1/5Qpk/p3Np1p/2b2P2/4K3/8/P1r2P1P/8 b - -,c5d6 e4f3 h7h8 f7d7 d6b4 d7a4 c2b2 e6f4 a6a5 f3g2,-64
2R3k1/5pp1/4r2p/8/7P/6P1/4PPK1/8 b - -,g8h7 e2e3 h6h5 c8c7 h7g8 c7a7 g7g6 g2f3 e6b6 a7a3,Mate
2q2k1r/5r2/5P1p/2Q5/8/7P/6P1/3R3K b - -,g8h7 e2e3 h6h5 c8c7 h7g8 c7a7 g7g6 g2f3 e6b6 a7a3,Mate
r4rk1/pp1Rbppp/8/5p2/4n3/4BN2/PPP2PPP/5RK1 b - -,e7c5 d7b7 c5e3 f2e3 g7g6 b7c7 f8c8 c7c8 a8c8 f3d4,85
6k1/rbRnppbp/p5p1/3p4/8/BP1BPN2/P4PPP/6K1 b - -,d7f8 c7e7 a6a5 a3c5 g7f6 e7c7 f6d8 c7f7 g8f7 c5a7,382
6k1/6p1/p7/P1Q1K3/1P6/5P2/8/3q4 b - -,d1f1 e5d6 g8h7 c5h5 h7g8 h5d5 g8h7 d6c7 h7h6 d5e4,385
r1bk2nr/ppp2ppp/3p1q2/Q2P4/2BpP3/2P5/P4PPP/RNB1K2R b KQ -,f6h4 e1h1 h4e4 c3d4 e4d4 b1a3 b7b6 a5b4 d4h4 c1e3,450
6k1/3p1p2/p2P3p/Pp4p1/1B6/2Pq3P/5RQK/4r3 b - -,e1e6 g2g3 e6e3 g3g4 d3d5 g4f5 e3e5 f5f6 e5e1 f6f3,109
r2qk2r/pp2b1Qp/5p2/2pp4/3n4/2N5/PPPB1PPP/R4RK1 b - -,f6f5 g7h8 e8d7 h8d8 e7d8 c3d5 d4c2 a1d1 d7c6 d5f4,626
4R1k1/p4p2/2n2qp1/2Q5/8/P1P2P2/2r3Pp/2B4K b - -,g8h7 c1g5 f6c3 c5d6 c6e5 d6e5 c3e5 e8e5 a7a6 h1h2,Mate
3r1r1k/ppp1qp2/2p1bn1Q/8/1b6/2NB4/PPP2PPP/R3R1K1 b - -,h8g8 e1e5 e6f5 e5f5 f6h7 f5e5 d8d3 e5e7 b4e7 c2d3,Mate
2rr2k1/pb3p2/5bp1/q1pn3p/N6P/1P3NQ1/P4PP1/1BRR2K1 b - -,a5c7 g3c7 d5c7 f3g5 f6g5 h4g5 c7e6 b1d3 d8d5 f2f3,-80
r1b1k2r/pp1n1pp1/2p1p2p/4P3/1nP5/6B1/PP1KNPPP/RB5R b kq -,h6h5 a2a3 h5h4 g3f4 b4a6 e2d4 a6c7 b1e4 a8b8 b2b4,119
r1b1k1nr/ppp3pp/2n2p2/3NP3/1bp5/5N2/PP1BPPPP/2KR1B1R b - -,c4c3 d5c7 e8f7 d2f4 g7g5 f4g3 a8b8 e5e6 f7g7 b2c3,347
r2qkbnr/2pb1p1p/3p2p1/1p1Q4/4P3/1BPp4/1P3PPP/RNB1K2R b - -,d7e6 d5c6 e6d7 c6a8 d8a8 a1a8 e8e7 e4e5 d6e5 c1e3,527
rn1qkb1r/pp2pppp/3pbn2/2p5/1P2P3/P1N2N2/2PP1PPP/R1BQKB1R b KQkq -,b8c6 a1b1 b7b6 c1b2 e6d7 d2d4 c5d4 f3d4 c6d4 d1d4,10
r1bqr1k1/pp2ppbp/1nn3p1/8/8/2N1PNP1/PPQ2PBP/R1BR2K1 b - -,c8e6 d1d8 e8d8 c1d2 e6f5 e3e4 f5g4 d2e3 b6c4 c2b3,309
8/8/P2r1RK1/7P/2k5/8/5P2/8 b - -,d6d3 h5h6 c4c3 a6a7 d3d8 h6h7 d8h8 f2f4 h8a8 f6f7,1772
r7/pp3kpp/2npbb2/8/4P3/5P2/PP4PP/1RB2RK1 b - -,e6a2 b1a1 a2b3 a1a3 b3c4 f1d1 a7a5 d1d6 f6d4 g1h1,-361
6k1/5pp1/8/1p2P3/2p4p/2Pr4/1P3K2/1N5R b - -,g7g5 h1g1 f7f6 e5f6 d3d5 f2e3 g8f7 b1d2 d5d3 e3e2,40
3r1rk1/ppp1qp2/2p1bn1Q/8/1b6/2NBR3/PPP2PPP/R5K1 b - -,e6g4 e3e7 b4e7 h6g5 g8h8 a1e1 d8d3 c2d3 g4e6 g5h4,551
8/R5p1/1P2n2p/r3kp2/P7/5K2/6PP/8 b - -,a5a7 b6a7 e6c7 f3g3 g7g5 g3f3 c7a8 f3e3 f5f4 e3d3,-328
2R2k2/5pp1/4r2p/8/7P/6P1/4PPK1/8 b - -,e6e8 c8e8 f8e8 g3g4 e8e7 g2f3 g7g6 h4h5 e7f6 f3f4,887
8/p3k3/1p1n1p1p/1P2p1pP/P3P1P1/5P2/8/Q5K1 b - -,d6b7 a1a2 b7c5 a2d5 c5d7 d5g8 d7c5 g8g7 e7e6 g7h6,926
r1bqk2r/ppp1nppp/3p4/3PN3/2B2R2/8/PP3PPP/R1BQ2K1 b kq -,,0
r2qkb1r/ppp1nppp/2n5/1B1p1b2/3P4/5N2/PPP2PPP/RNBQR1K1 b kq -,d8d6 f3e5 f7f6 e5c6 b7c6 b5e2 e8f7 c2c4 d6d7 b1c3,105
5bk1/r5p1/2npN3/1R6/4P3/8/2PB3P/4K3 b - -,,0
6k1/p2b2b1/1pq1p3/3pP1PQ/3BnP2/2P4K/PP6/R7 b - -,,0
r1bqk2r/ppp1nppp/8/3Pp3/2B1R3/8/PP3PPP/R1BQ2K1 b kq -,,0
r1bqk2r/pppnbppp/2np4/4p3/2B1PP2/2NP1N1P/PPP3P1/R1BQK2R b KQkq -,e7h4 e1f1 e5f4 f3h4 d8h4 c3d5 h4d8 c1f4 e8h8 f1g1,16
rn3rk1/ppq1bppp/2b1pn2/6B1/3P1P2/1BN5/PP2N1PP/2RQ1RK1 b - -,c7d7 f4f5 c6d5 f5e6 d5e6 g5f6 e6b3 d1b3 e7f6 f1f6,75
5nk1/rb2Rpbp/p5p1/3p4/8/BP1BPN2/P4PPP/6K1 b - -,a6a5 a3c5 g7f6 e7f7 g8f7 c5a7 f6c3 a7d4 c3b4 f3e5,383
r4rk1/pb2bppp/1np5/2p5/4N2P/4B3/PP3PP1/2KR1B1R b - -,a8e8 e4d6 e7d6 d1d6 e8e5 h1h3 b7c8 h3g3 b6d5 f1c4,48
r2q3r/pp1kb1Qp/5p2/2pN4/3n4/8/PPPB1PPP/R4RK1 b - -,d7d6 c2c4 d4f3 g1h1 f3e5 a1e1 d8f8 g7g3 h8g8 g3b3,604
8/4Rpk1/8/2p5/P1P1nr1p/1P2N2P/5PK1/8 b - -,e4d2 e7b7 d2e4 e3g4 g7f8 f2f3 e4g5 a4a5 f4f3 a5a6,430
r1bqk1nr/pppp1pp1/1bn4p/1B2p3/4P3/2NPBN2/PPP2PPP/R2QK2R b KQkq -,b6d4 e3d4 c6d4 b5c4 d4c6 d3d4 e5d4 f3d4 d7d6 d4c6,103
8/5p2/3P4/4n1k1/P7/5P2/6PK/8 b - -,e5c6 d6d7 g5f6 d7d8r c6d8 a4a5 d8c6 a5a6 f6g6 h2g3,29
5rk1/3n3p/p1p1qr2/1p1p1p2/P2P3p/3QP3/1P2NPP1/1R3RK1 b - -,e6e4 d3e4 d5e4 a4b5 a6b5 e2f4 d7b6 f1c1 b6d5 f4d5,2
4r1k1/3p1p2/p2P3Q/Pp4p1/1B2r3/2Pq4/2N5/4RR1K b - -,d3d5 h6h3 e4h4 h1g1 e8e1 c2e1 h4h3 e1g2 h3g3 f1f2,-822
8/pn2k3/1p3p1p/1P2p1pP/P3P1P1/Q4P2/8/6K1 b - -,b7c5 a3a2 a7a5 b5a6 c5a6 a2g8 a6c5 g8h7 e7d6 h7h6,1182
3r2k1/1bq2ppp/4pn2/1p1p4/1br5/3QPNPB/1BP2P1P/R1R3K1 b - -,f6e4 a1a7 d8c8 h3f1 h7h6 d3d1 b4c5 a7a1 f7f6 f3d2,-167
r1bk2nr/ppp3pp/2n2p2/3NP3/1Bp5/5N2/PP2PPPP/2KR1B1R b - -,c8d7 b4f8 g8e7 f8g7 e7d5 g7h8 c6b4 a2a3 b4a2 c1b1,672
1k2r2r/1pp4p/p2p1pp1/8/8/P3RP2/1PPP2PP/1K2R3 b - -,e8f8 e3e7 b8c8 b1c1 f6f5 c2c3 f8d8 e7f7 d8d7 e1e7,107
6b1/6K1/8/8/8/1qk4P/8/8 b - -,e8f8 e3e7 b8c8 b1c1 f6f5 c2c3 f8d8 e7f7 d8d7 e1e7,Mate
r1r5/5p1k/p1p2q1p/1p2pP2/1P1pP3/R1PP4/1P2Q1PP/5RK1 b - -,f6g5 c3d4 e5d4 e2c2 c8c7 a3a1 a8g8 g2g3 h6h5 f1f3,197
5rk1/p3pp1p/3p2p1/3B4/2b1PPQ1/4q3/PPPb2PP/R2R3K b - -,c4b5 c2c4 b5a4 b2b3 a4e8 f4f5 g8g7 d1f1 d2c3 a1d1,275
r3kb1r/1p1bpppp/1p3n2/3P4/2BPn3/2N5/PP2NPPP/R1B1K2R b KQkq -,e4d6 c4d3 b6b5 b2b4 d6c4 e1h1 a8c8 c1g5 h7h6 g5f6,85
5nk1/rb2Rpbp/6p1/p1Bp4/8/1P1BPN2/P4PPP/6K1 b - -,g7f6 e7f7 g8f7 c5a7 f6c3 a7d4 c3b4 d4b2 f8e6 d3b5,392
3Q1nkR/4rpp1/6q1/8/5P2/8/8/2K5 b - -,g8h8 d8e7 g6g1 c1c2 g1f2 c2d1 f2f1 e7e1 f1f4 e1c3,-766
5rk1/ppN3p1/3p1r1n/4p3/1P2P3/P3PNQP/2PK2P1/R6R b - -,d6d5 c7d5 a7a5 b4a5 f6d6 d2c3 f8d8 h1b1 d8c8 c3b3,1328
r1bqk2r/pppnbppp/2np4/4p3/2B1PP2/2NP3P/PPP1N1P1/R1BQK2R b KQkq -,e5f4 c1f4 c6a5 d1d2 d7e5 c4b3 e7h4 f4g3 h4g5 e2f4,21
8/8/2b2p2/5kPp/2p2P2/4K1P1/3B4/8 b - -,f6g5 f4g5 c6e8 e3d4 e8f7 g5g6 f7e6 g6g7 f5f6 d4e3,-6
q3r3/p4pk1/4b1pp/2p5/Q2b4/P5P1/1P2PP1P/R1B1R1K1 b - -,e6h3 a4d4 c5d4 c1h6 g7h6 f2f3 e8e2 e1e2 a8f3 a1e1,-9605
r2q1rk1/ppp2pbp/2n1p1p1/3b4/3P1B2/Q3PN2/PP2BPPP/R1R3K1 b - -,a7a6 h2h3 f8e8 f4g3 d8e7 a3e7 e8e7 c1c3 h7h6 a2a3,59
3r1rk1/ppp1qp2/2p1bn1Q/4R3/1b6/2NB4/PPP2PPP/R5K1 b - -,f6e4 c3e4 f7f5 e5e6 d8d3 e6e7 b4e7 h6g6 g8h8 e4g5,Mate
1rbq3r/2p1kppp/1n2p3/p2nN3/Pp1P4/1Q4P1/3NPPBP/R1R3K1 b - -,c8d7 c1c5 f7f6 e5d7 b6d7 c5a5 c7c6 a5a6 b8b6 a6b6,163
r1bqk1nr/ppp1bppp/2np4/8/3NP3/2PB4/PP3PPP/RNBQ1RK1 b kq -,a7a6 f2f4 g8f6 d4c6 b7c6 b1d2 e8h8 d2f3 d6d5 e4e5,105
8/5p2/2k5/5p2/8/2P5/2K5/8 b - -,,0
r1bqk1nr/ppp2pp1/1bnp3p/1B2p3/4P3/2NPBN2/PPP2PPP/R2Q1RK1 b kq -,g8f6 e3b6 a7b6 d3d4 e5d4 f3d4 c8d7 a2a4 e8h8 f2f3,43
r3k2r/1bqn1ppp/p3pn2/1pb5/4P3/1NNB4/PP2QPPP/R1BR2K1 b kq -,c5d6 g2g3 b5b4 c3b1 d7e5 c1f4 e8h8 a2a3 e5d3 f4d6,-55
8/6k1/5Q2/8/2KR4/2P5/8/r7 b - -,g7f6 c4c5 a1a8 c3c4 f6e5 d4h4 a8c8 c5b6 e5d6 h4h6,442
r7/p3ppkp/2p1b1p1/7r/1q1R4/2N1Q2P/P1P2PP1/4R1K1 b - -,b4a3 e1b1 h5c5 d4d3 e6f5 c3e4 a3a2 e3d4 e7e5 d4c5,-56
6b1/5q2/7K/8/8/2k4P/8/8 b - -,b4b8 d4a4 h5f5 a4h4 g6g5 g2g4 g5h4 g4f5 e6f5 e3g5,Mate
1k5r/1pp4p/p2p1pp1/8/8/P3RP2/1PPP2PP/1K6 b - -,b7b5 b1c1 h7h5 e3e6 h8f8 e6e7 b8c8 c1d1 f6f5 d1e2,61
3r2k1/1pR2pp1/p3pn1p/3pNq2/3P1P1Q/P6P/1P4P1/6K1 b - -,d8f8 g1h2 b7b5 h4f2 f6e4 f2e3 e4d6 e5d7 d6c4 e3f3,-93
1r4k1/1P3p1p/8/2p1P1p1/4B3/8/4b2R/6K1 b - -,e2a6 e5e6 f7e6 h2h7 a6b7 h7b7 b8b7 e4b7 c5c4 g1f2,-23
r1b1k2r/pp1n1pp1/4p2p/2p1P3/1nP5/2N3B1/PP1K1PPP/RB5R b kq -,e8h8 f2f4 b4c6 c3b5 f8d8 b1d3 g7g5 a1e1 g5f4 g3f4,100
2r1r1k1/pb3ppp/8/1p1N1q2/2pPp3/1PP3QP/P2N1PP1/2R1RK2 b - -,e4e3 d5e3 f5d3 e1e2 f7f5 c1e1 e8f8 e3d1 d3g3 f2g3,408
5r2/p4qk1/1p2p1pp/2pp4/8/P2PPrP1/1P2QPKP/2R2R2 b - -,h6h5 b2b4 c5b4 a3b4 h5h4 h2h3 h4g3 f2g3 f3f1 c1f1,-5
3k2nr/pPp3pp/5p2/1q4B1/1b2p3/2N5/PP3PPP/R3K2R b KQ -,b4c3 b2c3 d8e7 g5e3 e7f7 b7b8r b5b8 e1h1 g8e7 e3c5,-524
5rk1/p3pp1p/3p2p1/3B4/4PP2/4q1Q1/PPPbb1PP/R2R3K b - -,f8c8 g3e3 d2e3 d1e1 c8c2 b2b4 e7e6 d5b3 c2d2 a2a4,125
r4q1r/pp1kb2p/5p2/2pN4/3n2Q1/8/PPPB1PPP/R4RK1 b - -,d7c6 c2c3 f6f5 g4h5 h8g8 d5e7 f8e7 c3d4 e7e4 g2g3,604
r3kb1r/ppp1nppp/2nq4/1B1pNb2/3P4/8/PPP2PPP/RNBQR1K1 b kq -,f7f6 e5c6 b7c6 b5e2 e8f7 c2c4 d6d7 b1c3 g7g5 c1e3,92
2r5/pp3kpp/2npbb2/8/4P3/5P2/PP4PP/1RBR2K1 b - -,f6d4 g1h1 e6a2 b1a1 a2b3 d1d3 b3c4 d3d1 d4c5 c1d2,-323
3r2k1/p4p2/1p2pn1p/8/P2P1P1P/8/5P2/2R2BK1 b - -,d8d4 c1c8 g8g7 a4a5 d4f4 a5a6 f4g4 g1h2 g4h4 h2g2,-276
8/3R4/1bPk4/pB6/P5KP/2r3P1/8/8 b - -,d6e6 h4h5 c3c5 h5h6 c5c1 h6h7 c1h1 c6c7 b6c7 d7c7,862
5Q1k/4rpp1/6q1/8/5P2/8/8/2K5 b - -,h8h7 f8e7 g6g1 c1c2 g1f2 c2d1 f2f1 d1d2 f1f4 d2e1,-770
r2q1rk1/pp1bnpb1/2n1p1pp/1B6/3P1B2/Q1N2N2/PP3PPP/3R1RK1 b - -,a7a6 b5d3 c6a7 f4d6 f8e8 d6c5 d7c6 f3e5 e7d5 f1e1,-11
2k4r/1pp1R2p/p2p1pp1/8/8/P4P2/1PPP2PP/1K6 b - -,b7b5 b1c1 h7h6 e7g7 g6g5 c1d1 f6f5 d1e2 h8e8 e2f2,86
8/8/2b5/5kPp/2p5/4K1P1/3B4/8 b - -,c6d5 e3f2 d5f7 f2f3 f7e6 f3e2 f5g4 e2f2 e6f7 d2c3,-9
6k1/5pp1/8/1p2P3/2p4p/2P5/1P1N1K2/7R b - -,g8f8 f2e3 f8e8 e3d4 f7f6 e5f6 g7f6 d4c5 f6f5 h1h4,844
r2qk2r/1bpnbpp1/p2ppn1p/1p6/3PPB2/2PB1N2/PP3PPP/R2QRNK1 b kq -,e8h8 d1e2 f8e8 e4e5 f6d5 f4g3 d6e5 d4e5 c7c5 a1d1,68
4k3/4n1p1/1p1pPp1P/p1pP2p1/P1P1K3/1P6/1B6/8 b - -,e8f8 h6h7 f6f5 e4f3 e7g6 f3g3 g6h8 b2c1 g5g4 c1b2,741
5n2/Bb3k1p/5bp1/p2p4/8/1P1BPN2/P4PPP/6K1 b - -,f8e6 f3d4 e6d4 a7d4 f6e7 g1f1 b7c8 d4c3 e7b4 c3b4,367
5rk1/ppp1qp2/2p1bn1Q/3NR3/1b6/3B4/PPP2PPP/R5K1 b - -,f8e6 f3d4 e6d4 a7d4 f6e7 g1f1 b7c8 d4c3 e7b4 c3b4,Mate
4k3/5p1P/p3p3/3pqpB1/8/5R2/5PK1/8 b - -,e5g7 f3h3 g7g5 h3g3 g5h4 g3g8 e8e7 h7h8q h4e4 g2h2,264
r1r5/5p1k/p1p2q1p/1p2pP2/1P2P3/2RP4/1P2Q1PP/5RK1 b - -,c8d8 e2h5 a6a5 b4a5 a8a5 h2h4 b5b4 c3b3 d8d4 g2g4,139
5rk1/p3pp1p/3p2p1/3B4/4PP2/4q1Q1/PPPb2PP/3R3K b - -,e3e2 g3f3 e2f3 g2f3 d2f4 b2b4 f8c8 d5b3 e7e6 d1d4,-57
6k1/6p1/p7/P2QK3/1P6/5q2/8/8 b - -,f8b8 g3e3 d2e3 d5b3 e3f4 d1f1 f4e5 b3f7 g8g7 b2b3,Mate
3k3r/1pp2R1p/p2p1pp1/8/8/P4P2/1PPP2PP/1K6 b - -,b7b6 h2h4 f6f5 c2c3 h8e8 f7h7 e8e2 h7g7 e2g2 h4h5,118
2r5/pp2k1pp/2npbb2/8/4PB2/5P2/PP4PP/1R1R2K1 b - -,f6d4 g1h1 e6a2 b1c1 d4c5 e4e5 b7b6 e5d6 e7d7 h2h4,-270
r1bqk2r/ppp2pp1/1bnp1n1p/1B2p3/4P3/1PNPBN2/P1P2PPP/R2Q1RK1 b kq -,b6a5 b5c6 b7c6 c3e2 e8h8 h2h3 f8e8 e2g3 c6c5 e3d2,16
4r1k1/7p/5R2/1p1p2p1/P2P2P1/2P2p1P/1P1r1P2/1R3K2 b - -,g8g7 f6f3 b5a4 b1a1 e8a8 a1a2 d2d1 f1e2 d1h1 f3f5,317
5n2/1b3k1p/6p1/p2p4/3B4/1PbBPN2/P4PPP/6K1 b - -,c3b4 f3g5 f7e7 d4b2 b7c6 g1f1 c6d7 h2h3 b4d6 b2c3,393
5rk1/ppp1qp2/2p2n1Q/3N1R2/1b6/3B4/PPP2PPP/R5K1 b - -,c3b4 f3g5 f7e7 d4b2 b7c6 g1f1 c6d7 h2h3 b4d6 b2c3,Mate
r3k2r/1bqn1ppp/p2bpn2/8/1p2P3/1N1B3P/PP2QPP1/RNBR2K1 b kq -,d7e5 c1f4 e8h8 a2a3 a6a5 a3b4 a5b4 d1c1 c7b8 a1a8,-72
8/8/6k1/8/2KQ4/2P5/r7/3R4 b - -,a2a4 c4b5 a4d4 d1d4 g6f5 b5c5 f5g5 c5c6 g5f6 d4d5,9605
r1b1k2r/pp1nqppp/2p1p3/3p2P1/2PPn3/2BBPN2/PPQ2P1P/R3K2R b KQkq -,e8h8 d3e4 d5e4 c2e4 f7f5 e4f4 b7b5 c4c5 a7a5 a2a3,117
r2qr1k1/ppp2pbp/2n1p1p1/3b4/3P4/Q3PNB1/PP2BPPP/R1R3K1 b - -,h7h5 h2h3 a7a5 a3a4 g7f8 a2a3 f8d6 g3h4 d6e7 h4e7,71
4Qnk1/4rpp1/6q1/8/5P1R/8/8/2K5 b - -,h7h5 h2h3 a7a5 a3a4 g7f8 a2a3 f8d6 g3h4 d6e7 h4e7,Mate
rnbq1rk1/pp4pp/2pbp3/3p1p2/2PP4/2N1P1P1/PPQN1PBP/R4RK1 b - -,b8d7 c4c5 d6c7 b2b4 e6e5 d4e5 d7e5 b4b5 g7g5 c3e2,30
3r2r1/2pk1p1p/Q1ppbp2/8/3RP3/2N1RqP1/PP3P1P/6K1 b - -,f3f4 a6a7 f4e5 e3d3 h7h5 d4d6 e5d6 d3d6 d7d6 f2f4,298
r2qr1k1/2p2pp1/p1np1n1p/1pb1pN2/2B1P3/2PP2QP/PP3PP1/R1B1R1K1 b - -,f6h5 g3g6 c5f2 g1f2 d8f6 g6h5 b5c4 h5f3 g8h7 d3c4,418
5rkr/ppp2Bpp/2n5/4p1N1/6b1/3P4/PPPQ1P1P/R3R1K1 b - -,f8f7 d2c3 h7h6 g5f7 g8f7 e1e5 c6e5 c3e5 g4e6 e5c7,707
8/8/P4RKP/8/2k5/8/5P2/3r4 b - -,c4c5 a6a7 d1d8 h6h7 c5d4 f2f4 d4e3 g6g5 e3f2 f6f7,1934
1r4k1/1P3p1p/8/2pBP1p1/8/8/4b2R/6K1 b - -,e2g4 h2a2 g8g7 a2a8 b8b7 d5b7 g4e6 b7c8 c5c4 c8e6,310
8/3R4/1bP1k3/pB5P/P5K1/2r3P1/8/8 b - -,c3c1 h5h6 c1h1 h6h7 e6e5 c6c7 b6c7 d7c7 h1h2 g4g5,905
r1b2rk1/1p1qnppp/p2bp3/8/P1BQ4/2P2N2/1P3PPP/R1B1R1K1 b - -,d7c7 c4d3 f8d8 d4e4 e7g6 c1g5 d8e8 e4c4 e6e5 g5e3,21
rnbqkb1r/1p2pp1p/p2p1np1/4P3/8/1NN5/PPP2PPP/R1BQKB1R b KQkq -,f6h5 c1e3 c8e6 b3d4 b8c6 d4e6 f7e6 g2g4 h5g7 d1e2,126
rnb2rk1/ppp1bppp/4qn2/4p3/8/3P1NP1/PP2PPBP/RNBQ1RK1 b - -,c7c5 b1c3 b8c6 c1g5 a8b8 f3d2 c8d7 a2a3 f8d8 g5f6,-8
r4rk1/2p2npp/1p2p1q1/p2bPp2/6R1/1P2PP2/PBB3PP/3Q1R1K b - -,d5f3 g2f3 f5g4 c2g6 h7g6 f3f4 f7h6 d1d7 g8h7 d7e6,639
r1bqk2r/ppp1n1pp/5p2/3Pp3/2B5/8/PP3PPP/R1BQR1K1 b kq -,,0
1r5k/6p1/p3Np1p/5P2/5P2/r3b3/P5QP/K7 b - -,b8g8 g2c2 e3a7 c2c7 a7b8 c7c6 a6a5 a1b1 b8a7 c6d5,-100
r1b1k1nr/ppp3pp/2n2p2/3NP3/2p5/5N2/PP1RPPPP/2K2B1R b - -,e8f8 d5c7 a8b8 e5e6 g7g6 e2e4 b7b5 d2d6 g8e7 f1e2,294
5rk1/p3pp1p/3p2p1/3B4/4PP2/5Q2/PPPbq1PP/3R3K b - -,e2a6 d1d2 a6b6 d5b3 a7a5 d2d1 a5a4 b3a4 b6b2 a4b3,504
r7/1pp1rpk1/2np1n1p/pB1Nq1p1/P3P1PP/1P3P2/1P1Q4/2KR3R b - -,e7d7 c1b1 d7d8 d5e3 d8h8 d2c2 e5c5 c2c5 d6c5 b5c6,332
r3r1k1/pbq1npbp/1pn3p1/2p1pP2/3pP1P1/3P1NNP/PPPB2B1/R2QR1K1 b - -,b6b5 g4g5 e7c8 h3h4 c5c4 h4h5 c4c3 b2c3 d4c3 d2c3,125
r4rk1/1b3pp1/pB2p2p/2N1b3/P4n2/3B1P2/1PP4P/R4RK1 b - -,e5b2 a1b1 b2d4 g1h1 d4c5 b6c5 f8c8 b1b7 f4d3 c2d3,-236
3r2k1/1b3ppp/1q1bpn2/1p1p4/r2B4/1N1QP1PB/2P2P1P/R1R3K1 b - -,b6c6 b3a5 c6d7 d4f6 g7f6 a5b7 d7b7 h3f1 b7a7 d3d1,-27
r1b2rk1/pp1n1pp1/4p2p/2p1P3/1nP1B3/2N3B1/PP1K1PPP/R6R b - -,f7f5 e5f6 d7f6 h1d1 f6e4 c3e4 b7b6 e4d6 b4c6 d2c3,116
r1bqk2r/pp2n1pp/2P2p2/4p3/2B5/8/PP3PPP/R1BQR1K1 b kq -,,0
r4rk1/pb2bppp/1npp4/6B1/2P1N2P/8/PP3PP1/2KR1B1R b - -,d6d5 g5e7 f8e8 e4f6 g7f6 e7f6 e8e6 f6c3 d5c4 h1h3,324
8/5p2/8/3k1p2/8/2PK4/8/8 b - -,,0
r4rk1/2p2npp/1p2p2q/p2bPp2/8/1P2PPR1/PBB3PP/3Q1R1K b - -,f8d8 d1e1 d5b7 f3f4 h6h5 e3e4 b7e4 c2e4 f5e4 f4f5,102
1k2r2r/1pp4p/p2p1pp1/8/8/P2PRP2/1PP3PP/1K5R b - -,e8e3 f3f4 b8a8 h2h4 e3g3 h1g1 a6a5 b1c1 g6g5 h4g5,-614
r4q1r/pp1kb2p/8/2pN1p1Q/3n4/8/PPPB1PPP/R4RK1 b - -,a8e8 c2c3 d4e6 f1e1 e6g7 h5d1 e7d8 d1a4 d7c8 a4a7,503
2r5/pp1k2pp/2npb3/4b1B1/4PP2/8/PP4PP/1R1R2K1 b - -,e5d4 g1h1 e6a2 b1a1 a2b3 d1d2 a7a5 g5h4 a5a4 h4f2,-400
r2qkbnr/pp3ppb/2n1p3/1NPpP3/5NQ1/4B3/PPP2P1P/R3KB1R b KQkq -,d8a5 e3d2 a5a4 c2c4 h7f5 g4f5 e6f5 b2b3 a4b5 c4b5,92
r1b1kb1r/1p1p1ppp/p1n1pn2/8/3NP3/2N1B1P1/PPP3PP/R3KB1R b KQkq -,e6e5 d4c6 d7c6 f1d3 c8e6 c3a4 f6d7 a4b6 f8b4 c2c3,-24
r1b1k2r/pp2n1pp/2P2p2/4p3/2B5/8/PP3PPP/R1BR2K1 b kq -,,0
8/2n1k1p1/4P2p/1p6/p2K4/3B3P/P5P1/8 b - -,,0
5n2/1b2k2p/6p1/p2p2N1/1b6/1P1BP3/PB3PPP/6K1 b - -,b7c8 h2h3 c8d7 g1f1 d7e8 f1e2 b4d6 b2c3 a5a4 b3a4,387
8/8/6k1/8/2KQ4/2P5/1r6/1R6 b - -,b7c8 h2h3 c8d7 g1f1 d7e8 f1e2 b4d6 b2c3 a5a4 b3a4,Mate
r1b2rk1/1pq1nppp/p2bp3/8/P2Q4/2PB1N2/1P3PPP/R1B1R1K1 b - -,f8d8 d4e4 e7g6 c1g5 d8e8 e4c4 e6e5 g5e3 e5e4 c4c7,21
5rk1/p3pp1p/3p2p1/3B4/4PP2/5P2/PPPb3P/3R3K b - -,d2a5 c2c3 a5b6 d1d3 e7e6 d5b3 b6c7 h1g2 f8b8 f4f5,34
1q6/2R3rk/pP1N1p1p/1P6/8/P6P/5P1K/1b3B2 b - -,g7c7 b6c7 b8c7 a3a4 a6b5 a4a5 c7d6 h2g2 b1e4 f2f3,-882
r1bqk1nr/ppp1bppp/2n1p3/8/4P3/2NP1N2/PP2BPPP/R1BQ1RK1 b kq -,e6e5 c1e3 g8f6 d3d4 e5d4 f3d4 c6d4 e3d4 e8h8 f2f4,89
r2qr1k1/1pp2pbp/p1n1p1p1/3b4/3P4/3QPNB1/PP2BPPP/R1R3K1 b - -,f7f5 c1c3 g6g5 h2h3 d8e7 a1c1 e8f8 c3c5 f5f4 g3h2,59
rnbQkb1r/1p2pp1p/p4np1/4p3/8/1NN5/PPP2PPP/R1B1KB1R b KQkq -,e8d8 b3a5 d8c7 c1g5 b8d7 g2g3 h7h6 g5e3 e7e6 f1g2,-20
rnb2rk1/pp2bppp/4qn2/2p1p3/8/2NP1NP1/PP2PPBP/R1BQ1RK1 b - -,b8c6 c1g5 a8b8 f3d2 c8d7 a1c1 b7b6 d2c4 f8d8 f2f4,-14
rnbqkbnr/pppp2pp/5p2/4p3/6P1/2N1P3/PPPP1P1P/R1BQKBNR b KQkq -,d7d5 d2d4 c8e6 f1g2 b8c6 d4e5 f8b4 c1d2 f6e5 d1e2,-86
r1b1k2r/pp4pp/2n2p2/4p3/2B5/4B3/PP3PPP/R2R2K1 b kq -,,0
rn2k2r/ppp2p2/8/3p1P1p/6pR/1QP3q1/PP1NB1P1/R2K4 b kq -,d5d4 b3b7 g3h4 b7e4 h4e7 e4a8 e8h8 a8e4 e7g5 c3d4,335
8/1bk1Q3/p5rp/P7/3p4/1P3p2/5K1P/8 b - -,c7c6 e7e8 c6d5 e8g6 b7c6 g6h5 d5d6 h5h6 d6d5 h6g5,1504
rnbqkbnr/pp4pp/2p2p2/3pp1P1/7P/2N1P3/PPPP1P2/R1BQKBNR b KQkq -,f8d6 d2d3 c8e6 f1h3 f6f5 d1e2 g8e7 f2f4 e8h8 f4e5,-35
r4r1k/1p1Q2p1/p6p/2b5/5p1q/2N4P/PPP2PP1/R2R2K1 b - -,h4f2 g1h1 f4f3 d7g4 f8f4 g4g6 a8f8 d1d7 f2g2 g6g2,-446
8/8/6k1/8/2KQ4/2P5/r7/R7 b - -,a2a1 c4b5 a1b1 b5c6 b1a1 c3c4 a1a6 c6b5 a6f6 c4c5,868
rnbk1b1r/1p2pp1p/p4np1/4p1B1/8/1NN5/PPP2PPP/R3KB1R b KQ -,b8d7 e1a1 d8e8 f1e2 h7h6 g5f6 d7f6 e2b5 c8d7 b5d7,-33
6k1/p4p2/1p2pn1p/1B6/P2r1P1P/8/5P2/2R3K1 b - -,d4f4 c1c8 g8g7 c8c7 a7a6 b5c4 g7f8 c7c6 f4g4 g1f1,-324
8/6pk/p7/P2QK3/1P6/5P2/8/3q4 b - -,d1f1 e5d6 f1c1 d5h5 h7g8 h5c5 c1f4 d6c6 f4f6 c5d6,372
r2qr1k1/2pnbppp/p2p4/1p1Pp2b/4P3/2P1NN2/PPB2PK1/R1BQR3 b - -,d8c8 e1h1 d7f6 e3f5 e7d8 c1g5 h5g4 h1h4 g4f5 e4f5,285
3r2k1/1b3ppp/1q1bpn2/1p1p4/3N4/3QP1PB/2P2P1P/R1R3K1 b - -,d6e5 c1b1 b7c6 a1a2 f6e4 d4b5 d8b8 h3f1 b6d8 f2f3,138
r4rk1/pp1nppb1/2p3p1/3P3p/1nB1P2P/1PN2PB1/1P3P2/2R2RK1 b - -,d7e5 g1g2 e5d3 c4d3 b4d3 c1c2 d3b4 c2d2 c6d5 e4d5,-43
r1b2rk1/ppp1p1bp/6pN/3p4/3P4/6P1/PPP1PnBP/R1B2RK1 b - -,g7h6 c1h6 f2h3 g2h3 c8h3 f1f8 a8f8 h6f8 g8f8 a1c1,412
8/3R4/1bP2k1P/pB6/P5K1/2r3P1/8/8 b - -,b6c7 d7c7 c3e3 h6h7 e3e4 g4h3 e4e8 c7d7 e8h8 c6c7,9605
r3r1k1/pp1q1pbp/1npp2p1/4p3/1PP1P1n1/P1NP1NPb/1BQ2P1P/R3R1KB b - -,a8b8 f3g5 g4f6 c3d1 h3g4 d1e3 d7e7 e3g4 f6g4 g5f3,120
r4rk1/1p3qpp/pR3p2/8/2B5/1Q4R1/PPP2PPP/1K6 b - -,a8b8 f3g5 g4f6 c3d1 h3g4 d1e3 d7e7 e3g4 f6g4 g5f3,Mate
rnbqkbnr/pp4pp/2p2p2/3p2P1/4p2P/1PN1P3/P1PP1P2/R1BQKBNR b KQkq -,b8d7 c1b2 d7e5 f2f3 e4f3 g1f3 f8d6 f3e5 d6e5 d2d4,3
2r5/r3kp1p/6p1/3pb3/8/1PPBP2P/2K3P1/1R3R2 b - -,c8c3 c2d1 c3d3 d1e2 d3c3 f1c1 a7a2 e2f1 c3c1 b1c1,-550
8/5K2/P4R1P/8/2k5/8/5P2/6r1 b - -,g1d1 f7g6 d1d8 a6a7 c4c3 h6h7 c3d2 f2f4 d8d7 h7h8q,1448
r1bq1rk1/pp1n2pp/2pbp3/3p1p2/2PP4/2N1P1P1/PPQN1PBP/1R3RK1 b - -,d8e7 a2a3 a7a5 f2f4 d7f6 c4c5 d6c7 d2f3 f6g4 c2d2,31
rn1qkb1r/pb1p1ppp/1pp1pn2/8/3P4/1P1BPN2/P1P2PPP/RNBQ1RK1 b kq -,c6c5 c1b2 c5d4 f3d4 f8c5 b1d2 e8h8 c2c4 d7d5 d1e2,29
r2qkbnr/2p2p1p/2Qpb1p1/1p6/4P3/1BPp4/1P3PPP/RNB1K2R b - -,e6d7 c6a8 d8a8 a1a8 e8e7 e4e5 d6e5 c1e3 f8g7 e3c5,537
r4rk1/ppp1n1pp/5pnq/3p4/3P2P1/2P1NNP1/PP3P2/R2QR1K1 b - -,f6f5 g1g2 f5g4 e3g4 h6h5 g4e5 g6e5 f3e5 h5f5 f2f4,39
r2qr1k1/1pp2pbp/p3p1p1/3b4/1n1P4/4PNB1/PP1QBPPP/R1R3K1 b - -,g7f8 g3c7 d8e7 a2a3 b4c6 c7b6 f8g7 d2d3 f7f5 c1c3,162
8/P1n3p1/7p/4kp2/P6P/5K2/6P1/8 b - -,g7g5 h4g5 h6g5 f3g3 e5e4 g3f2 f5f4 f2e2 g5g4 e2f2,-717
6k1/p1R2p2/1p2pn1p/1B6/P4r1P/8/5P2/6K1 b - -,a7a6 b5a6 f4a4 a6c4 a4b4 g1g2 g8f8 g2f3 f6e8 c7c6,-362
1r4k1/1pR2Np1/p3pn1p/3p1q2/3P1P1Q/P6P/1P4P1/6K1 b - -,f5b1 g1h2 b1g6 h4e1 f6h5 g2g3 g6e4 e1e4 d5e4 h2g2,42
8/5p2/8/3k4/2P2p2/3K4/8/8 b - -,,0
rn2k2r/pp3ppp/2p2n2/4p3/4P1bP/2qP1PP1/P3K3/R2Q1BNR b kq -,g4d7 a1b1 b7b6 f1h3 d7h3 g1h3 c3d4 f3f4 f6g4 e2d2,-570
2r2rk1/6pp/1p2bp2/p1q1p3/P3P3/6BP/1P1R1PP1/3QR1K1 b - -,b6b5 a4b5 c5b5 f2f4 e5f4 g3f4 f8e8 e1e3 e6f7 g1h2,-19
5rk1/p4rp1/1p1p3n/3Np3/1P2P3/P3PNQP/2PK2P1/5R1R b - -,e6f7 g1h2 h7h6 f2f4 c5b4 e1e3 e5f4 g3f4 f8e8 f4d6,Mate
8/p3k3/1p3p1p/1Pn1p1pP/P3P1P1/3Q1P2/8/6K1 b - -,c5d3 g1f1 d3f4 f1e1 e7d6 e1d2 d6c5 d2c3 f4e6 c3b3,-899
r1bqnrk1/4bp1p/p2p2pQ/np1NpPP1/3NP3/1B2B3/PPP4P/R4RK1 b - -,a8a7 f5f6 a7b7 d4f5 e7f6 d5f6 d8f6 g5f6 c8f5 f1f5,746
2r1r1k1/pb3ppp/8/1p1q4/1PpPp3/2P3QP/P2N1PP1/2R1RK2 b - -,f7f5 f1g1 e8e6 d2f1 c8f8 g3f4 h7h6 h3h4 e6g6 g2g3,-68
r1bq1rk1/ppp2pp1/1bnp1n1p/1B1Np3/4P3/1P1PBN2/P1P2PPP/R2Q1RK1 b - -,f6d5 e4d5 c6e7 b5c4 c7c6 d5c6 b7c6 b3b4 c8g4 h2h3,-112
rn1qkbnr/1b3ppp/p3p3/1pp5/3pPP2/1P1P1N2/PBP1N1PP/R2QKB1R b KQkq -,g8f6 h2h3 b8c6 g2g3 d8a5 e1f2 a5c7 f1g2 f8e7 h1f1,-76
8/1R3pk1/8/2p5/P1P2r1p/1P2N2P/3n1PK1/8 b - -,f4f6 e3g4 f6d6 a4a5 d6a6 b7b5 f7f5 g4e5 f5f4 f2f3,434
8/3R3P/1bP2k2/pB6/P5K1/4r1P1/8/8 b - -,e3e8 c6c7 b6c7 d7c7 e8d8 g4h5 d8d5 h5h6 d5d8 g3g4,Mate
rnb1k2r/1p2ppbp/p4np1/N3p1B1/8/2N5/PPP2PPP/2KR1B1R b - -,b8d7 f1e2 b7b6 a5c6 c8b7 e2f3 h7h6 g5e3 e7e6 h1e1,4
r2qkb1r/pp3ppb/2n1p2n/1NPpP2Q/5N2/4B3/PPP2P1P/R3KB1R b KQkq -,d8a5 e3d2 a5a4 f4e6 a4e4 d2e3 c6b4 e6g7 e8d8 b5c3,158
r1b2rk1/1p1q4/5pB1/p1pp3Q/3P1b2/2P3P1/P1P2P1P/R3R1K1 b - -,,0
r2qk2r/pb1nbppp/1p2p3/2ppP3/5B2/2P1PN2/PPB2PPP/R2QK2R b KQkq -,g7g5 f4g3 h7h5 h2h3 a7a5 d1e2 b7a6 c2d3 a6d3 e2d3,-39
5rk1/3n2pp/p1p1qr2/1p1p1p2/P2P4/3QP1N1/1P3PPP/1R3RK1 b - -,f5f4 e3f4 f6f4 a4b5 a6b5 b1c1 e6f7 c1c6 f4f2 d3b5,14
rn2kbnr/ppq2ppp/2p5/P3p3/2BPP1b1/5N2/1PP3PP/RNBQK2R b KQkq -,f8e7 e1h1 g4f3 d1f3 g8f6 c1e3 b8d7 c2c3 a8d8 b1d2,159
r4q1r/pp1kb2p/7B/2pN1p1Q/8/8/PPn2PPP/R4RK1 b - -,e7d6 a1d1 c2d4 h6f8 h8f8 b2b4 a8d8 b4c5 d6c5 h5h7,689
r1bqk2r/ppp1nppp/3p4/3Pb3/2B1R3/5N2/PP3PPP/R1BQ2K1 b kq -,e5f6 e4f4 a7a6 c4b3 c8d7 f4f6 g7f6 d1d4 e7g6 c1d2,-22
r4r2/5p1k/p1p2q1p/1p2pP1Q/1P1pP3/3P4/1PP3PP/R4RK1 b - -,f8b8 f1f3 b8g8 f3g3 g8g3 h2g3 c6c5 b4c5 a6a5 h5h4,164
6k1/2r2pp1/5n1p/3p4/3K4/2P2PPP/PR6/8 b - -,c7c4 d4d3 c4a4 d3c2 g8f8 c2b3 a4a8 c3c4 f8e7 c4d5,-382
r1b2rk1/ppp1p2p/6pB/3p4/3P4/6P1/PPP1PnBP/R4RK1 b - -,f8f5 f1f2 c7c6 g2f3 f5f6 h6g5 f6f7 g3g4 a7a5 a1f1,517
5r2/p3p3/4k1p1/8/8/1Q6/P2q1PPP/3R2K1 b - -,f8f5 f1f2 c7c6 g2f3 f5f6 h6g5 f6f7 g3g4 a7a5 a1f1,Mate
r2qr1k1/1pp2pbp/p3p1p1/2Rb4/3P4/4PNB1/nP1QBPPP/R5K1 b - -,a8c8 e3e4 d5e4 a1a2 e4f3 e2f3 g7d4 c5c4 d4f6 d2c2,203
2r5/4kp1p/6p1/3pb3/8/1PPBP2P/r5P1/1R1K1R2 b - -,c8c3 d3b5 c3c2 f1f3 c2g2 b1c1 g2d2 d1e1 d2h2 e1d1,-598
2q1r2k/4p2P/p2p1p2/2r2Np1/P2RP1n1/1Qp5/1PP5/1K5R b - -,c5c7 h1h3 c3b2 h3c3 g4e5 c3c7 c8c7 d4b4 g5g4 b4b7,-205
8/5p2/8/3k4/5p2/2P5/4K3/8 b - -,,0
rnb1k2r/4ppbp/pp3Bp1/N3p3/8/2N5/PPP2PPP/2KR1B1R b - -,e7f6 c3d5 a8a7 d5b6 c8g4 f2f3 g7h6 c1b1 g4e6 f1c4,124
8/1b3kpp/p4p2/8/8/1P2p1P1/PNP4P/4K3 b - -,b7f3 b2d1 f6f5 d1e3 f7e6 e3d1 g7g5 d1f2 f5f4 g3f4,129
r2qkb1r/pp3ppp/2n1p3/2ppPn2/3P2b1/2P2N2/PPN1BPPP/R1BQ1RK1 b kq -,d8b6 a1b1 a7a6 f1e1 h7h5 c1g5 g4f3 e2f3 c5d4 f3h5,-11
2r5/pp1k3p/2npbp2/5P2/4P3/8/PP4PP/1R1R2K1 b - -,e6a2 b1a1 a2f7 a1a3 d7e7 g1f2 a7a5 d1c1 c8g8 h2h3,-224
4r3/2PR3P/1b3k2/pB6/P5K1/6P1/8/8 b - -,b6c7 d7c7 e8h8 g4h5 f6e5 g3g4 e5d6 c7d7 d6e5 g4g5,Mate
8/6pk/p7/P3K3/qP2Q3/5P2/8/8 b - -,g7g6 e5f6 a4d7 e4g6 h7h8 g6h5 h8g8 h5g4 d7g4 f3g4,1492
2r2rk1/6pp/1p2bp2/p3p3/Pq2P3/4R1BP/1P1R1PP1/3Q2K1 b - -,,0
r1bk2nr/ppp3pp/1Nn2p2/4P3/2p5/5N2/PP1RPPPP/2K2B1R b - -,c8d7 b6d7 d8e7 e2e3 a8d8 e5f6 g7f6 d7c5 d8d2 f3d2,559
rnb1k2r/4pp1p/pp3bp1/N2Np3/8/8/PPP2PPP/2KR1B1R b - -,f6g5 c1b1 a8a7 d5b6 c8f5 h2h4 g5f6 f2f3 e5e4 g2g4,103
r1b2rk1/1p1q4/5pB1/p1pp3Q/3P1b2/2P5/P1P1RPPP/R5K1 b - -,,0
r5k1/6pp/8/5r2/2R5/p7/6PP/R5K1 b - -,f5b5 c4c2 g8f7 a1a2 f7e6 h2h3 b5b3 c2d2 e6e5 g1h2,-202
5rk1/pppb2bp/3p2p1/2nP4/2PN3P/4P1K1/PB4B1/4R3 b - -,f5a5 c4c3 a3a2 c3c2 g8f7 c2e2 a5a4 h2h3 h7h6 g1h2,Mate
5rk1/5rp1/1p1p2Qn/p2Np3/1P2P3/P3PN1P/2PK2P1/5R1R b - -,f5a5 c4c3 a3a2 c3c2 g8f7 c2e2 a5a4 h2h3 h7h6 g1h2,Mate
r1bq1rk1/pp4pp/2pbpn2/3p1p2/1PPP4/2N1P1P1/P1QN1PBP/1R3RK1 b - -,c8d7 a2a4 d8e7 b4b5 a8b8 c4c5 d6c7 b5b6 a7b6 c5b6,39
3br1k1/2q3p1/b1p4p/p1p1Np2/P2p1P2/BP1P4/2PQ2PP/5RK1 b - -,d8e7 d2e2 e7d6 e2h5 e8e7 e5g6 e7e3 a3c1 c7f7 c1e3,265
r1bqk2r/ppp1nppp/8/3Pp3/2B4R/8/PP3PPP/R1BQ2K1 b kq -,e8h8 h4e4 d8d6 f2f4 c7c6 f4e5 d6g6 e4f4 c8h3 d1d2,-62
7k/6p1/p2K4/P7/qP2Q3/5P2/8/8 b - -,a4a1 d6c7 a1c3 c7b6 c3f6 b6b7 f6d6 f3f4 h8g8 f4f5,494
r1bq1rk1/ppp2pp1/1bnp3p/1B1Pp3/8/1P1PBN2/P1P2PPP/R2Q1RK1 b - -,c6e7 b5c4 c7c6 d5c6 b7c6 b3b4 c8g4 h2h3 g4h5 a2a4,-99
8/8/6k1/8/2KQ4/2P5/1R6/1r6 b - -,b1b2 c4d5 g6f5 c3c4 b2b7 d5c6 b7b3 c4c5 b3b8 d4d5,1719
rnbq1rk1/ppp2ppp/5n2/3P4/1bBP4/2N2P2/PPP1N2P/R1BQK2R b KQ -,f6d5 d1d3 b8c6 h2h4 c8e6 c1g5 d8d7 e1a1 b4c3 e2c3,-55
2q1r1Qk/4p2P/p2p1p2/2r1nNp1/P2RP3/2p5/1PP5/1K5R b - -,e8g8 h7g8b h8g8 f5e7 g8g7 e7c8 c5c8 d4d6 a6a5 d6a6,187
3r2k1/5ppp/q1bbp3/1p1p4/R2Bn3/1NQ1P1P1/2P2P1P/2R2BK1 b - -,a6b6 d4b6 e4c3 a4g4 d8d7 b6d4 f7f5 d4c3 f5g4 b3d4,480
2r3k1/pb3ppp/4r3/1p1q4/1PpPp3/2P1R1QP/P2N1PP1/2R2K2 b - -,f7f5 f1g1 c8f8 g3f4 d5d8 e3g3 d8b8 f4b8 f8b8 c1a1,-69
5r2/p3p3/4k1p1/3Q4/8/8/P4PPP/3R2K1 b - -,c8e8 f1g1 f7f5 g3f4 h7h6 h3h4 e8f8 f2f3 a7a5 a2a3,Mate
5Rk1/6p1/6P1/6PR/8/8/8/K7 b - -,c8e8 f1g1 f7f5 g3f4 h7h6 h3h4 e8f8 f2f3 a7a5 a2a3,Mate
r4rk1/pb2bppp/1npp4/8/2P4P/6N1/PP1B1PP1/2KR1B1R b - -,d6d5 g3f5 e7f6 d2g5 b7c8 g2g4 c8f5 g4f5 f6e5 f2f4,29
r4rk1/ppp1n1pp/6nq/3p1pP1/3P4/2P1NNP1/PP3P2/R2QR1K1 b - -,h6h3 f3d2 f8f7 d1f3 f5f4 f3g4 h3g4 e3g4 f7f5 g4h2,-85
R3kbnr/2pb1p1p/3p2p1/1p6/4P3/1BPp4/1P3PPP/1NB1K2R b - -,e8e7 e4e5 d6e5 c1e3 f8g7 e3c5 e7f6 a8a6 d7e6 b1d2,542
8/4kp1p/6p1/1B1pb3/8/1Pr1P2P/r5P1/1R1K1R2 b - -,c3c2 f1f3 c2g2 b1c1 g2d2 d1e1 d2h2 e1d1 e5b2 b5e2,-720
6k1/2R2p2/Bp2pn1p/8/P4r1P/8/5P2/6K1 b - -,f4a4 a6c4 a4b4 g1g2 g8f8 g2f3 f6e8 c7c6 f8e7 c4f1,-366
r1b2rk1/1p3pp1/pn2p2p/2p1P3/1nP1B3/1PN3B1/P2K1PPP/R2R4 b - -,f8d8 d2e2 c8d7 e4b7 a8b8 b7e4 a6a5 d1d6 d8c8 a2a4,287
r1b2rk1/1p4q1/5pB1/p1pp3Q/3P1b2/2P3P1/P1P1RP1P/R5K1 b - -,f6f5 g6e8 a8a6 e8b5 a6h6 h5f3 f4g5 f3d5 g7f7 d5c5,-72
rnbqkb1r/pp2pppp/5n2/1NP5/3pP3/5P2/PPP3PP/R1BQKBNR b KQkq -,e7e5 b5d6 f8d6 c5d6 d8d6 f1d3 b8c6 g1e2 e8h8 e1h1,4
5k1R/6p1/6P1/6P1/8/8/8/K7 b - -,e7e5 b5d6 f8d6 c5d6 d8d6 f1d3 b8c6 g1e2 e8h8 e1h1,Mate
r1b1k2r/1pqpbppp/p4n2/4p3/3NPB2/P1NP1P2/1P1Q2PP/2R1K2R b - -,e7c5 c3a4 b7b6 b2b4 d7d6 b4c5 b6c5 f4e5 d6e5 d4b3,193
2q3Qk/4p3/p2p1p2/2r1nNp1/P2RP3/2p5/1PP5/1K5R b - -,h8g8 f5e7 g8g7 e7c8 c5c8 d4d6 a6a5 d6a6 c3b2 a6a5,182
5r2/p5k1/1p4pp/4p3/1PPPq3/P4rP1/1Q3P1P/2R2RK1 b - -,f3f5 c1d1 e4g4 d1d3 g4e4 b2d2 f5f3 d3f3 f8f3 d4e5,325
rnbqkb1r/pp3ppp/3N1n2/2P1p3/3pP3/5P2/PPP3PP/R1BQKBNR b KQkq -,f8d6 c5d6 b8c6 f1d3 e8h8 g1e2 d8d6 e1h1 a7a5 a2a3,-3
r1b2rk1/1p4q1/6B1/p1pp1p1Q/3P1P2/2P5/P1P1RP1P/R5K1 b - -,a8a6 g1h1 a6g6 e2e7 g7h6 h5f3 c8e6 e7b7 f8f7 a1b1,-157
r3k2r/ppp2ppp/2npn3/2b1p3/2B4P/2PP4/PP1N1PP1/R3K1NR b KQkq -,c6d8 d2e4 c5b6 a2a4 a7a5 g1f3 e8e7 e4g3 c7c6 g3f5,-263
2r5/pp1k1b1p/2np1p2/5P2/4P3/8/1P4PP/2RR2K1 b - -,c8e8 d1e1 a7a5 e1e3 h7h5 h2h3 a5a4 g1f2 b7b5 e3c3,-305
2kr1r2/p7/1p2p1pb/2p1Q2p/8/qPP2N1P/2K3P1/1B1R3R b - -,c5c4 d1d8 f8d8 e5e6 c8b8 e6c4 d8c8 c4d4 a3f8 h1e1,430
r3r1k1/pp2qpbp/1npp2p1/4p3/1PP1P1n1/P1NP1NPb/2Q2P1P/R1B1R1KB b - -,f7f6 h1g2 h3g2 g1g2 b6d7 b4b5 d7f8 h2h3 g4h6 c1e3,92
5rk1/3n3p/2p1qr2/1p1p1p2/3P3p/3QP3/1P2NPP1/1R3RK1 b - -,f8e8 e2f4 e6f7 b1a1 d7f8 a1a6 f8e6 f4h3 f5f4 e3f4,3
5rk1/6pp/1p2bp2/p3p3/Pqr1P3/1P2R1BP/3R1PP1/3Q2K1 b - -,c4d4 d2d4 b4d4 d1d4 e5d4 e3d3 f8c8 e4e5 f6f5 d3d4,9
2n1k3/8/1p2P1p1/p3K1Bp/P3N3/1P5P/8/6b1 b - -,e8f8 e5f6 h5h4 f6g6 c8e7 g6h5 e7d5 h5h4 d5c7 e6e7,470
r2qkbnr/pp3ppp/2n1p3/3pP3/3P4/N4B2/PP3PPP/R1BQK2R b KQkq -,f8a3 b2a3 d8a5 e1f1 a5c3 a1b1 c3d4 d1d4 c6d4 b1b7,-57
5K2/8/8/7p/6k1/8/8/2b1B3 b - -,c1f4 e1f2 f4g3 f2g1 h5h4 f8e7 g4f3 e7f6 f3g2 g1e3,-966
2q3k1/4N3/p2p1p2/2r1n1p1/P2RP3/2p5/1PP5/1K5R b - -,g8g7 e7c8 c5c8 d4d6 a6a5 d6a6 c3b2 a6a5 g7g6 a5a7,188
rnb1k2r/1p2ppbp/p4Bp1/4p3/8/1NN5/PPP2PPP/2KR1B1R b - -,g7h6 c1b1 e7f6 c3d5 a8a7 d5f6 e8e7 f6d5 e7f8 d5b6,103
r5k1/6pp/8/1r6/8/p7/2R3PP/R5K1 b - -,g8f7 a1a2 f7e6 c2d2 b5b3 g2g3 a8b8 d2f2 e6d5 g1g2,-218
r1bqk2r/ppp1n1pp/3p1p2/3PN3/2B1R3/8/PP3PPP/R1BQ2K1 b kq -,d6e5 e4e1 c7c6 d5c6 d8d1 e1d1 e7c6 c1e3 c8d7 c4d5,-2
rn2kb1r/ppq2ppp/2p2n2/P3P3/2B1P1b1/5N2/1PP3PP/RNBQK2R b KQkq -,f6g8 c1f4 b8a6 e1h1 c7d7 b1d2 f8c5 g1h1 g8e7 d2b3,357
r1bq1rk1/ppp1npp1/1b1p3p/1B1Pp3/2P5/1P1PBN2/P4PPP/R2Q1RK1 b - -,a7a6 b5a4 b6e3 f2e3 b7b5 c4b5 e7d5 d1e1 d5b6 e1c3,-160
8/4N3/1k6/8/4K3/1Q6/8/8 b - -,f7f5 d1e2 b6a5 a1b1 f5f4 b3b4 f4e3 b4a5 c7c6 d5c6,Mate
r1bq1rk1/ppp1bppp/2np1n2/3P4/2B1PB2/2N2N2/PPP3PP/R2QK2R b KQ -,c6e5 f3e5 d6e5 f4e5 f8e8 d1f3 f6e4 c3e4 e7b4 c2c3,6
1r4k1/1p3Rp1/p3pn1p/3pNq2/3P1P1Q/P6P/1P4P1/6K1 b - -,b7b5 h4g3 f6h5 g3g4 f5g4 h3g4 h5g3 f7c7 b5b4 a3a4,84
5rk1/5rp1/1p1p2Qn/3Np1N1/1p2P3/P3P2P/2PK2P1/5R1R b - -,b7b5 h4g3 f6h5 g3g4 f5g4 h3g4 h5g3 f7c7 b5b4 a3a4,Mate
2N5/6k1/p2p1p2/2r1n1p1/P2RP3/2p5/1PP5/1K5R b - -,c5c8 d4d6 a6a5 d6a6 c3b2 a6a5 g5g4 a5a7 g7g6 b1b2,163
rnb1k2r/1p3pbp/p4pp1/3Np3/8/1N6/PPP2PPP/2KR1B1R b - -,g7h6 c1b1 a8a7 d5f6 e8e7 f6d5 e7f8 d5b6 f8g7 h2h4,95
1R4k1/5pp1/5n1p/3p4/r7/2PK1PPP/P7/8 b - -,g8h7 b8b2 f6h5 d3c2 a4a3 g3g4 h5f4 b2b4 f4h3 c2b2,-401
8/8/2K2k2/5P2/8/3B4/8/8 b - -,g8h7 b8b2 f6h5 d3c2 a4a3 g3g4 h5f4 b2b4 f4h3 c2b2,Mate
r1bq1rk1/ppp1bppp/3p1n2/3PB3/2B1P3/2N2N2/PPP3PP/R2QK2R b KQ -,d6e5 d1e2 e7d6 e1h1 a7a6 g1h1 g7g6 a2a4 d8e7 a4a5,-62
r2qk1nr/pp3ppp/2n1p3/3pP3/3P4/P4B2/P4PPP/R1BQK2R b KQkq -,d8a5 e1f1 g8e7 a1b1 e8h8 g2g3 b7b5 f3e2 a5a4 d1a4,-53
r1b2r1k/pp2q1pp/2nb4/5p1Q/2B1p3/1NB2P2/PPP3PP/3RR1K1 b - -,d6c5 g1h1 c5f2 e1e2 f2b6 c4d3 e4e3 g2g4 c6b4 d3f5,53
2k2r2/p7/1p2p1pb/2p1Q2p/8/qPP2N1P/2K3P1/1B1R4 b - -,f8e8 e5d6 e8f8 d6e6 c8b8 e6d6 b8c8 d6e7 c8b8 d1d8,565
r1b2rk1/1p4q1/5pB1/p1pQ4/3P1b2/2P5/P1P1RPPP/R5K1 b - -,,0
r3kb1r/1pp3pp/p1n1bp2/4p3/4P3/2Pq1N1P/PP3PP1/R1BQKN1R b KQkq -,d3e4 f1e3 f8e7 e1h1 a8d8 c1d2 e8h8 f1e1 e4g6 f3h4,-353
r2r2k1/1p1bbppp/pq2pn2/8/3P1B2/1N3BP1/PP2QP1P/2R1R1K1 b - -,d7b5 e2c2 b6a7 e1e5 e7d6 f4g5 b5d3 c2d3 d6e5 g5e3,-15
r5k1/pp1p1r1p/2p3p1/6Q1/4P3/1P1P4/PBP2PPP/R4RK1 b - -,a8e8 a1e1 b7b5 g5c5 e8e7 f2f3 a7a5 c5c3 f7f8 c3d4,1201
r4rk1/5p2/p1p2q1p/1p2pP1Q/3pP3/1P1P4/1PP3PP/R4RK1 b - -,g8h8 h2h4 f8g8 g1f2 h8g7 g2g4 g7f8 f1g1 g8h8 g1h1,207
rnb1k2r/pp3ppp/2p2n2/4p3/4P2P/2qP1PP1/P3K3/2RQ1BNR b kq -,c3d4 h4h5 h7h6 e2e1 b8a6 d1d2 a6c5 c1c4 d4d6 f3f4,-559
8/p2k4/1p3p1p/1Pn1p1pP/P3P1P1/5P2/3Q4/6K1 b - -,d7c8 d2d5 c5d7 d5c6 c8d8 c6a8 d8c7 a8h8 a7a6 h8h6,1360
1rb2rk1/1p3pp1/pn2p2p/2p1P3/1nP1B3/PPN3B1/3K1PPP/R2R4 b - -,b6d7 a3b4 c5b4 c3e2 d7c5 e4c2 b7b5 c4b5 b8b5 f2f3,403
rnbqkb1r/pp2npp1/4p2p/1BPpP3/8/2N1B3/PPP2PPP/R2QK1NR b KQkq -,d8d7 b5d7 c8d7 g1f3 e7f5 b2b4 f5e3 f2e3 b7b6 e1h1,587
2r3k1/pb4pp/4r3/1p1q1p2/1PpPpQ2/2P1R2P/P2N1PP1/2R2K2 b - -,c8f8 a2a3 d5d8 e3g3 b7d5 f1g1 d8b8 f4b8 f8b8 f2f4,-74
r1b2r1k/1p4q1/5pB1/p1p4Q/3P1b2/2P5/P1P1RPPP/R5K1 b - -,g7h6 h5h6 f4h6 g6d3 f8d8 a1b1 h6f8 h2h4 f6f5 b1b6,-85
4r1k1/p3qBpp/8/7Q/8/P3P1bP/1Pr1b1P1/R1BR2K1 b - -,e7f7 h5f7 g8f7 d1d2 e8c8 d2c2 c8c2 e3e4 a7a6 c1g5,-507
8/5K2/8/7p/6k1/8/8/2b1B3 b - -,g4g5 f7g7 g5f5 g7h7 c1g5 e1g3 f5g4 h7g6 g5h4 g3d6,-1
r3k2r/pp2b1pp/4p3/4qp2/3NnBQ1/8/PPP2PPP/3R1RK1 b kq -,e5d4 d1d4 f5g4 d4e4 e8f7 f1e1 e7f6 e4e6 f6b2 e6e7,87
r2qk2r/pp3p1p/4bnp1/1N1pn3/2P5/5N2/PP1Q1PPP/2KR1B1R b kq -,e5f3 g2f3 e8h8 b5c3 d5c4 d2g5 f6d7 h2h4 d8g5 h4g5,-132
r1bq1rk1/ppp1bppp/5n2/3Pp3/2B1P3/2N2N2/PPPQ2PP/R3K2R b KQ -,e7d6 h2h3 c8d7 a2a4 d8e7 e1h1 d6b4 d2d3 a7a6 g1h2,-78
r1bq1rk1/pp2ppbp/2np2p1/8/2B1P1n1/1NN5/PPP2PPP/R1BQ1RK1 b - -,g4f6 f1e1 c8g4 f2f3 c6e5 c4f1 g4e6 a2a4 e6b3 c2b3,-5
8/5p2/8/8/2P1kp2/8/4K3/8 b - -,,0
r1bq1rk1/1p4pp/p1pbpn2/3p1p2/PPPP4/2N1P1P1/2QN1PBP/1R3RK1 b - -,c8d7 c4c5 d6b8 d2f3 f6e4 c3e2 d8e7 f3e5 d7e8 e2f4,44
r1b1kb1r/1p1qpppp/p7/3n4/3P4/2N2N2/PP3PPP/R1BQK2R b KQkq -,d7e6 c3e2 g7g6 e1h1 f8g7 f1e1 e6d6 e2c3 c8e6 c3e4,-20
r2q3r/pp1kb2p/7B/2pN1p1Q/8/8/PPn2PPP/3R1RK1 b - -,h8f8 d5e7 c2d4 h6f8 d8f8 e7f5 a8e8 f5d4 c5d4 d1c1,790
r3r1k1/pb2npbp/1pnq2p1/2p1pP2/3pP1P1/3P1NNP/PPPB2B1/R1Q1R1K1 b - -,f7f6 g1h2 a8c8 b2b3 g6g5 g2f1 h7h6 h3h4 g8f7 f1e2,128
8/5kpp/p4p2/8/8/1PN2bP1/P1P1p2P/4K3 b - -,g7g5 c3e2 f3h5 e2d4 f7e7 e1d2 e7d6 c2c4 d6e5 d2e3,261
r1bq1rk1/1pp2pp1/pbBp1n1p/3Np3/4P3/1P1PBN2/P1P2PPP/R2Q1RK1 b - -,b6d4 e3d4 e5d4 f3d4 g8h8 d1d2 b7c6 d4c6 d8d7 d5f6,357
r2qk2r/pp3p1p/4bnp1/1N1p4/2P5/5P2/PP1Q1P1P/2KR1B1R b kq -,e8h8 d2g5 d8e7 h2h4 d5c4 b5c3 f8e8 h4h5 a8c8 h5g6,-114
r2q1rk1/1pp2ppp/p1np1nb1/P7/1P1NPBP1/2NB3P/2P2P2/R2Q1RK1 b - -,c6d4 f4g5 d4e6 g5h4 e6f4 d1f3 f4d3 c2d3 c7c6 f3g3,217
2qr2k1/5ppp/2bbp3/Np1p4/R2Bn3/2Q1P1P1/2P2P1P/2R2BK1 b - -,e4c3 a4a1 d6b4 f2f4 f7f6 a5b3 c3a4 e3e4 b4c3 e4e5,-433
4r1k1/3b1ppp/1Q1p4/3P4/5q2/8/2B2PPP/1K5R b - -,d7f5 h1c1 e8c8 b6b3 f4f2 c2f5 f2f5 c1c2 h7h5 g2g3,-647
6k1/2R2p2/1p2pn1p/1B6/r6P/8/5P2/6K1 b - -,a4g4 g1f1 g4h4 f2f3 h4b4 b5c4 g8f8 f1g2 b6b5 c4d3,-433
rnbqk2r/ppp1ppbp/6p1/3pB2n/3P4/2NBP3/PPP2PPP/R2QK1NR b KQkq -,c7c6 e5g7 h5g7 g1f3 c8f5 d3f5 g7f5 d1e2 b8d7 e1a1,29
5r1k/3n3p/2p1qr2/1p1p1p2/3P1N1p/3QP3/1P3PP1/1R3RK1 b - -,e6e8 b1a1 f8g8 f1c1 d7f8 d3c2 b5b4 a1a6 b4b3 c2c5,64
8/5ppk/5n1p/3p4/r7/2PK1PPP/PR6/8 b - -,f6h5 d3c2 a4a3 g3g4 h5f4 b2b4 f4h3 c2b2 a3a8 b2b3,-428
8/P1n5/8/3k2p1/P4p2/2K5/6P1/8 b - -,d5e5 a7a8q c7a8 a4a5 g5g4 a5a6 e5e4 c3c4 f4f3 g2g3,-972
8/p1k5/1p3p1p/1PnQp1pP/P3P1P1/5P2/8/6K1 b - -,c5d7 d5c6 c7d8 c6a8 d8e7 a8g8 e7d6 g8g7 f6f5 g7h6,1291
r3k2r/pp2b2p/4pqp1/5p2/3NnB2/8/PPP1QPPP/3R1RK1 b kq -,e8h8 f2f3 e4c5 e2e3 a7a5 f4e5 f6g5 e3e2 f8d8 e5c7,129
2rr2k1/1p1bbppp/pq2pn2/2N5/3P1B2/5BP1/PP2QP1P/2R1R1K1 b - -,d7c6 c1c2 c6f3 e2f3 f6d5 e1c1 c8c6 b2b3 b6a7 f4d2,-33
8/8/2b5/6kp/2pK4/6P1/3B4/8 b - -,,0
1r6/5pk1/p2r2p1/3p1n1p/R4P1P/2N3P1/1P1R1K2/8 b - -,d6b6 a4a2 b6b3 c3e2 b8b4 e2c3 d5d4 c3e2 a6a5 a2a5,-269
6k1/7p/7R/1p1p2p1/P2P4/2PbPpPP/1P2r3/RN4K1 b - -,d6b6 a4a2 b6b3 c3e2 b8b4 e2c3 d5d4 c3e2 a6a5 a2a5,Mate
r3k2r/ppp2ppp/2np4/2b1p1Q1/2B1n3/2PP4/PP3PPP/RN2K1NR b KQkq -,b7b5 g5g7 e8a8 d3e4 b5c4 g7f7 h8g8 e1f1 d8f8 f7e6,1230
r1bq1rk1/2p2pp1/pbpp1N1p/4p3/4P3/1P1PBN2/P1P2PPP/R2Q1RK1 b - -,g8h8 f6h5 f7f5 e4f5 c8f5 h2h3 e5e4 d3e4 f5e4 h5f4,410
r1bq1rk1/ppp2ppp/5n2/1B1Pp3/1b2P3/2N2N2/PPPQ2PP/R3K2R b KQ -,f6e4 d2e3 d8d5 b5a4 e4c3 b2c3 b4c3 e3c3 d5e4 e1f2,-415
8/P1n5/8/3k4/PK3pp1/8/6P1/8 b - -,c7a8 b4c3 d5e4 c3c2 f4f3 g2f3 g4f3 c2d2 a8c7 d2d1,-1232
r1b2rk1/1p1q4/5pB1/p1pp3Q/3P4/2P3P1/P1PbRP1P/R5K1 b - -,,0
r1bq1rk1/1p4pp/p1pbp3/1P1p1p2/P1PPn3/2N1P1P1/2QN1PBP/1R3RK1 b - -,a6b5 a4b5 c8d7 b5c6 d7c6 b1a1 d8f6 a1a8 f8a8 c2b2,45
r4rk1/1N3pp1/pB2p2p/8/P2b4/3n1P2/1PP4P/R4R1K b - -,d4b6 c2d3 a8b8 b7d6 f8d8 d6c4 d8d3 a1d1 d3b3 d1d6,-271
r1bqnrk1/4bppp/p1Np4/1p1NpPPQ/4P3/1n2B3/PPP4P/R4RK1 b - -,e7g5 e3g5 d8g5 h5g5 b3d4 c6d4 e5d4 g5e7 b5b4 f1f2,635
2kr1r2/p7/1p2p1pb/2p1Q2p/8/1PP2N1P/2K3P1/1BR4R b - -,h6f4 e5e6 c8b8 c1d1 d8e8 e6c4 f4g3 d1d7 g3c7 b3b4,880
rn2kb1r/pp1bpppp/5n2/3P4/8/1B6/PP1P1PPP/RNB1K1NR b KQkq -,d7f5 g1f3 b8d7 e1h1 d7c5 b3d1 f6d5 b1c3 e7e6 d2d4,29
2R3k1/5p2/1p2pn1p/1B6/7r/8/5P2/6K1 b - -,g8g7 c8b8 h4b4 b5c6 f6g4 f2f4 h6h5 g1g2 b4f4 b8b6,-477
1rr3k1/1pq2p1p/p1n1pnp1/3pN3/P2P1P2/2PB4/1P2Q1PP/R3R1K1 b - -,c8f8 g2g3 h7h5 h2h3 g8g7 e5c6 c7c6 e2e5 b8c8 g1g2,24
5r2/5kp1/4bqB1/7R/8/8/8/1K6 b - -,c8f8 g2g3 h7h5 h2h3 g8g7 e5c6 c7c6 e2e5 b8c8 g1g2,Mate
1nb1k2r/rp3pbp/p4pp1/2NNp3/8/8/PPP2PPP/2KR1B1R b - -,b7b5 b2b4 b8d7 c5e4 c8b7 e4d6 e8f8 d6b7 a7b7 c2c4,-36
rnb1k2r/pp1p1ppp/2p5/q2BP3/1b1Q4/5N2/PPPB1PPP/RN2K2R b KQkq -,b4d2 d4d2 a5d2 f3d2 c6d5 b1c3 d7d6 c3d5 b8a6 e5d6,262
r2qr1k1/1pp2pbp/p1n3p1/3bP3/8/2R1PNB1/PP1QBPPP/R5K1 b - -,d5e6 d2c1 d8e7 a2a3 e6d5 c1c2 c6e5 c3c7 e7e6 a1c1,124
4r3/p4kpp/8/3R4/8/P3P1bP/1Pr1b1P1/R1B3K1 b - -,e2c4 d5d2 e8e3 d2d7 e3e7 d7e7 f7e7 c1e3 e7e6 a1c1,-520
r2qk2r/ppp2ppp/1bn2n2/3pp3/1P4b1/P2P1NP1/1BPNPPBP/R2Q1RK1 b kq -,h7h5 c2c4 b6d4 d1c2 h5h4 f3h4 d8d7 b4b5 c6e7 d2f3,161
5R1k/1p4p1/7p/8/2Pp4/3n4/6PP/6K1 b - -,h8h7 f8d8 d3e5 d8d4 h7g6 c4c5 g6f5 g1f2 g7g6 f2e2,497
rb3Q2/pp3p1p/1n4qk/4p3/8/N1P5/PP3P1P/2K3R1 b - -,h6h5 g1g6 h5g6 f8e7 e5e4 c1c2 e4e3 e7e3 g6g7 e3g5,Mate
3k3R/8/4R3/8/8/8/8/3K4 b - -,h6h5 g1g6 h5g6 f8e7 e5e4 c1c2 e4e3 e7e3 g6g7 e3g5,Mate
2r3k1/pb4pp/6r1/1p1q1p2/1PpPpQ2/2P1RP1P/P2N2P1/2R2K2 b - -,h7h6 f1g1 a7a5 a2a3 a5b4 a3b4 c8a8 c1f1 b7c6 e3e2,3
8/P1n5/8/K2k4/P7/5p2/8/8 b - -,h7h6 f1g1 a7a5 a2a3 a5b4 a3b4 c8a8 c1f1 b7c6 e3e2,Mate
r1b2rk1/2p2pp1/pBpp1q1p/4p3/4P3/1P1P1N2/P1P2PPP/R2Q1RK1 b - -,c8e6 b6e3 e6g4 g1h1 a6a5 a2a4 c6c5 f1g1 g8h7 e3d2,420
4r1k1/pp1p1r1p/2p3p1/6Q1/4PP2/1P1P4/PBP3PP/R4RK1 b - -,e8a8 g5e5 g8f8 e5h8 f8e7 h8a8 d7d6 f4f5 g6f5 e4f5,2089
6k1/7p/7R/1p1p2p1/P2Pb3/2P1P1PP/1P2rp2/RN3K2 b - -,e8a8 g5e5 g8f8 e5h8 f8e7 h8a8 d7d6 f4f5 g6f5 e4f5,Mate
8/2K3pk/p7/PqQ5/1P3P2/8/8/8 b - -,b5e8 c5f5 h7h6 f5h3 h6g6 h3d3 g6h5 d3d5 h5h4 d5d8,516
2R5/1p4pk/7p/8/2Pp4/3n4/6PP/6K1 b - -,d3b2 c4c5 h7g6 c8d8 b2d3 d8d4 d3c5 d4d6 g6f7 g1f1,303
r4rk1/1N3pp1/pb2p2p/8/P7/3P1P2/1P5P/R4R1K b - -,a8b8 b7d6 f8d8 d6c4 d8d3 f1d1 d3f3 d1d6 b6c5 d6a6,-275
r3kb1r/pp1bpppp/n4n2/3P4/3P4/1B6/PP3PPP/RNB1K1NR b KQkq -,d7f5 c1d2 a8d8 b1c3 a6b4 g1f3 a7a6 f3e5 b4c2 b3c2,47
r1b2r1k/ppp1p1bp/6pN/3p4/3P4/6P1/PPP1PRBP/R1B3K1 b - -,c8e6 f2f8 a8f8 c2c3 c7c5 d4c5 d5d4 c1d2 f8c8 g2f3,357
4rk2/pp4p1/3ppnBp/3b4/6q1/P4P1N/1PQ3PP/4R1K1 b - -,d5b3 f3g4 b3c2 g6e8 f8e8 g4g5 h6g5 e1e6 e8d7 h3g5,386
r1bqk2r/ppp1n1pp/5p2/3Pp3/2B1RP2/8/PP4PP/R1BQ2K1 b kq -,c8f5 e4e1 d8d6 b2b3 e8a8 f4e5 f6e5 d1e2 d6g6 e2e5,-12
r3brk1/pp4pp/3q4/3pn3/8/6N1/PPB2PPP/R2QR1K1 b - -,e5c6 g3e4 d6d8 e4c5 f8f6 a1c1 e8f7 d1d3 f6h6 d3d2,65
1rb2rk1/5pp1/pnp1p2p/2p1P3/2P1N3/PP4B1/3K1PPP/R2R4 b - -,a6a5 a3a4 c8a6 e4c5 a6c4 b3c4 b6c4 d2c3 c4b6 c3c2,395
8/5p2/8/8/2P1k3/5p2/5K2/8 b - -,,0
r3kbnr/pp3ppp/1qn1p3/3pP3/3P4/5B2/PPN2PPP/R1BQK2R b KQkq -,f8b4 e1f1 f7f6 e5f6 g8f6 g2g3 e8h8 f1g2 b4d6 h1e1,14
2b1k2r/rp3pbp/p1n2pp1/2NNp3/P7/8/1PP2PPP/2KR1B1R b - -,e8f8 c2c3 h7h5 c1c2 g7h6 d5f6 f8g7 f6d7 h8e8 b2b4,41
r2q1rk1/pp1bppbp/3p1np1/4n3/4P3/1NN1B2P/PPP1BPP1/R2Q1RK1 b - -,,0
6b1/6K1/4q3/8/7P/2k5/8/8 b - -,d8c7 a2a4 e5c4 e2c4 c7c4 f2f3 f8c8 d1d2 b7b6 b3d4,Mate
r1b2rk1/1p1q4/5pB1/p1pp3Q/3P4/2b3P1/P1P1RP1P/3R2K1 b - -,,0
r1bqkbnr/pp3ppp/2n5/2ppp3/8/1N1P2P1/PPP1PP1P/RNBQKB1R b KQkq -,c8e6 f1g2 h7h5 h2h4 d8c7 e1h1 a8d8 b3d2 g8f6 d2f3,-85
1rb1k1nr/pp4pp/2n2p2/3NP3/2p5/4PN2/PP1R1PPP/2K2B1R b - -,c6e5 f3e5 f6e5 f1c4 g8f6 f2f3 c8f5 b2b3 e8f7 a2a4,278
r2q3r/pp1kb2p/7B/2pN1p1Q/3R4/8/PP3PPP/5RK1 b - -,a8c8 h5f5 d7c6 f5c8 d8c8 d5e7 c6b6 d4d6 b6a5 e7c8,889
4r1k1/3qB1p1/2p4p/p4p2/P1Pp1P2/1P6/2PQ2PP/4R1K1 b - -,d7a7 e7h4 e8e4 d2d3 e4f4 h4f2 c6c5 f2g3 f4e4 e1e4,836
n7/PK6/8/3k4/P7/8/5p2/8 b - -,d7a7 e7h4 e8e4 d2d3 e4f4 h4f2 c6c5 f2g3 f4e4 e1e4,Mate
8/2K3pk/p7/P6Q/1P3P2/8/8/5q2 b - -,h7g8 h5d5 g8h7 d5e4 h7h8 c7b7 f1b5 b7a7 b5f1 e4e8,452
r2Qr1k1/1pp2pbp/p1n3p1/4P3/8/2R1PbB1/PP2BPPP/R5K1 b - -,c6d8 g2f3 g7e5 g3e5 e8e5 c3c7 a8b8 f3f4 e5d5 e2f3,193
r4r2/5p1k/p1p2q1p/1p2pP1Q/3pP2P/1P1P4/1PP3P1/R4RK1 b - -,h7h8 g2g4 f6g7 g1h2 f8g8 g4g5 g7h7 g5h6 c6c5 f1g1,298
r2q1rk1/pppB1ppp/5n2/3Pp3/1b2P3/2N2N2/PPPQ2PP/R3K2R b KQ -,d8d7 d2d3 b4c3 b2c3 d7g4 e1h1 g4e4 c3c4 e4d3 c2d3,-119
8/8/2b5/7p/2pK1Bk1/6P1/8/8 b - -,,0
4r1k1/5ppp/1Q1p4/3P1b2/5q2/8/2B2PPP/1KR5 b - -,e8c8 f2f3 f4c4 b6b2 c4d5 c2f5 d5f5 c1c2 f5d3 b2c1,-669
2rqr1k1/pb2bpp1/1pn1pn1B/8/3P4/P1NB1N2/1P1Q1PPP/3RR1K1 b - -,g7h6 d4d5 e7f8 d5c6 b7c6 d2f4 c6f3 d3h7 f6h7 d1d8,171
r2qk2r/ppp1n1pp/5p2/3Ppb2/2B2P2/8/PP4PP/R1BQR1K1 b kq -,d8d6 b2b3 e8a8 f4e5 f6e5 d1e2 d6b6 c1e3 b6g6 e3a7,-7
1rr3k1/1pq2p1p/p1n1pnp1/3pNP2/P2P4/2PB4/1P4PP/R2QR1K1 b - -,e6f5 e5c6 c7c6 d1f3 c8e8 f3g3 e8e1 a1e1 b8e8 e1e8,-203
r2q1rk1/2p2ppp/p4nb1/Pp1pP3/1P1n1BP1/R1NB3P/2P2P2/3Q1RK1 b - -,f6e4 f4e3 c7c5 e3d4 c5b4 d4b6 d8h4 d3e4 d5e4 a3b3,-27
8/1b3kpp/p4p2/8/3p4/1P2R3/PNP3PP/4K3 b - -,d4e3 g2g3 b7f3 b2d1 f7e6 d1e3 e6e5 e3d1 e5e4 e1d2,136
r3kb1r/pp1bpppp/5n2/3P4/1n1P4/1BN5/PP3PPP/R1B1K1NR b KQkq -,a7a5 a2a3 b4d3 e1e2 d3c1 a1c1 g7g6 g1f3 f8h6 c1e1,49
8/pnk5/1pQ2p1p/1P2p1pP/P3P1P1/5P2/8/6K1 b - -,a7a5 a2a3 b4d3 e1e2 d3c1 a1c1 g7g6 g1f3 f8h6 c1e1,Mate
1r3bk1/pp3p1p/1qr1pQp1/3p3P/6P1/1NP1P3/PP2BP2/2KR3R b - -,f8g7 f6f4 e6e5 f4a4 c6f6 a4b5 f6f2 b5b6 a7b6 c1d2,366
r2q3r/pp1kb2p/7B/3N1Q2/3p4/8/PP3PPP/5RK1 b - -,f8g7 f6f4 e6e5 f4a4 c6f6 a4b5 f6f2 b5b6 a7b6 c1d2,Mate
K7/P7/8/3k4/P7/8/8/5q2 b - -,f8g7 f6f4 e6e5 f4a4 c6f6 a4b5 f6f2 b5b6 a7b6 c1d2,Mate
r5k1/pp1p1r1p/2p3p1/5PQ1/4P3/1P1P4/PBP3PP/R4RK1 b - -,f8g7 f6f4 e6e5 f4a4 c6f6 a4b5 f6f2 b5b6 a7b6 c1d2,Mate
r1b2rk1/5pp1/pppp1q1p/4p3/4P3/1PPP1N2/P4PPP/R2Q1RK1 b - -,c8g4 d3d4 c6c5 h2h3 g4h5 d4e5 d6e5 d1e2 a8d8 a1d1,-38
4k3/4n3/1p2PKp1/p5Bp/P7/1P5P/3N3b/8 b - -,h2g3 d2c4 g3c7 g5e3 e8f8 f6g5 e7d5 g5g6 f8e7 g6f5,319
8/p5k1/1p1RPq1p/1Pp2p2/2N1p1p1/4P1P1/P4P1P/6K1 b - -,g7f8 d6c6 f6a1 g1g2 f8e7 c6c7 e7e6 c7a7 h6h5 a7h7,-27
rnbqkbnr/pp3ppp/2p1p3/3P4/5P2/5N2/PP1PP1PP/RNBQKB1R b KQkq -,e6d5 e2e3 g8f6 b1c3 f8d6 d2d4 c8f5 f1e2 b8d7 e1h1,-24
2rq1rk1/pp1bppbp/3p1np1/4n3/P3P3/1NN1B2P/1PP1BPP1/R2Q1RK1 b - -,a7a6 b3d2 d7c6 f2f4 e5d7 a4a5 d7c5 e4e5 f6d7 e5d6,16
3R4/1p4pk/7p/8/2Pp4/3n4/6PP/6K1 b - -,d3c5 d8d4 h7g8 d4d5 b7b6 d5d6 c5a4 g1f2 g8f7 d6d7,497
rn1qk2r/1bp1p1b1/p3P1n1/5N1p/Pp6/3BB3/1PP2PPP/R2QK2R b KQkq -,g7c3 b2c3 g6e5 d3e2 b8c6 e2h5 e8f8 e1h1 b4c3 a1a3,446
r2q1rk1/pppn1ppp/8/3Pp1N1/1b2P3/2N5/PPPQ2PP/R3K2R b KQ -,b4c3 b2c3 d7f6 d2d3 f6d5 e4d5 d8g5 e1h1 a8e8 c3c4,-187
3rr1k1/1pp2pbp/p1n3p1/4P3/8/2R1PBB1/PP3PPP/R5K1 b - -,d8b8 a1d1 g7e5 g3e5 e8e5 b2b3 e5a5 a2a4 a5f5 g1f1,125
1r4k1/pp3pbp/1qr1p1p1/3p3P/6PQ/1NP1P3/PP2BP2/2KR3R b - -,a7a5 g4g5 b6c7 c1b1 a5a4 h4a4 b7b5 a4a5 c6b6 a5b4,358
5rkr/ppp2ppp/2n5/3Bp1N1/6b1/3PQ3/PPP2P1P/R3R1K1 b - -,h7h6 g5f3 c6b4 d5b3 g4e6 g1h1 e6b3 c2b3 f8e8 e3e4,722
1R6/5pk1/1p2pn1p/1B6/7r/8/5P2/6K1 b - -,h4b4 b5c6 f6g4 f2f4 h6h5 g1g2 b4f4 b8b6 g4e5 c6e8,-495
r3k2r/ppp1n1pp/3q1p2/3Ppb2/5P2/1B6/PP4PP/R1BQR1K1 b kq -,,0
r3k1nr/pp3ppp/1qn1p3/3pP3/1N1P4/5B2/PP3PPP/R1BQK2R b KQkq -,b6b4 d1d2 b4d4 d2d4 c6d4 f3d1 a8c8 e1h1 g8e7 c1d2,-128
rnb1k2r/pp1p1ppp/2p5/q2BP3/3Q4/5N2/PPPN1PPP/R3K2R b KQkq -,c6d5 b2b4 a5a6 d4d5 e8h8 d2c4 b8c6 b4b5 c6e7 d5c5,174
2rq1rk1/pp1bppbp/3p1np1/8/P1B1P3/1NN1B2P/1PP2PP1/R2Q1RK1 b - -,c8c4 d1d3 c4b4 f1b1 d8c7 a4a5 a7a6 f2f3 f8c8 d3d2,23
1rb1k1nr/p5pp/2n2p2/1p1NP3/2p5/4PN2/PP1RBPPP/2K4R b - -,a7a6 h1d1 f6e5 f3g5 g8f6 d5f6 g7f6 d2d6 f6g5 d6c6,296
2R5/3p4/1qpk3R/8/4p3/8/PPP5/K7 b - -,,0
r1b1nrk1/4Qpp1/p1Np3p/1p1NpP2/4P3/1n6/PPP4P/R4RK1 b - -,b3c5 e7h4 g8h7 f5f6 g7g5 h4h5 c8e6 c6e7 a8b8 e7f5,572
1K6/P7/q7/3k4/P7/8/8/8 b - -,b3c5 e7h4 g8h7 f5f6 g7g5 h4h5 c8e6 c6e7 a8b8 e7f5,Mate
6k1/7p/5R2/1p1p2p1/P2P4/2PbP1PP/1P3p1K/RN2r3 b - -,,0
r1b2r1k/1pq4p/p1nb2p1/4ppN1/P1B4Q/2P5/1P3PPP/R1B1R1K1 b - -,f5f4 g2g3 c7g7 g3f4 e5f4 c1d2 h7h6 g5e6 c8e6 e1e6,39
R6r/2pbkpbp/3p1np1/1p4B1/4PP2/1BPp4/1P1N2PP/4K2R b - -,h8a8 e4e5 a8a1 b3d1 d7g4 e5f6 g7f6 g5f6 e7e6 d2f3,98
5rk1/p3pp1p/3p2p1/3B4/4PPn1/7P/PqPQ2P1/5R1K b - -,f8c8 h3g4 c8c2 d2e3 c2g2 e3h3 g2f2 h1g1 f2f1 h3f1,37
r5r1/5p1k/p1p2q1p/1p2pP1Q/3pP1PP/1P1P4/1PP5/R4RK1 b - -,f6g7 g4g5 h7h8 g1h2 a6a5 f1g1 c6c5 g5h6 g7f6 g1g5,304
rnbqk2r/ppp1pp1p/6p1/3pP2n/8/2NBP3/PPP2PPP/R2QK1NR b KQkq -,c8e6 f2f4 h5g7 d1f3 c7c6 g1e2 b8d7 e1a1 d8b6 g2g4,46
1r4k1/1P3p1p/b7/2pBP1p1/8/8/R7/6K1 b - -,a6c4 a2a8 c4d5 a8b8 g8g7 b8g8 g7g8 b7b8q g8g7 b8d8,427
1r5k/8/p1Q1Np1p/5Pp1/5P2/r3b3/P6P/K7 b - -,e3d2 e6d4 d2c3 c6c3 a3c3 d4b3 g5f4 a1b2 c3b3 a2b3,-5643
r1bq1rk1/3nbppp/p2p4/3Pp3/1p4P1/3BBQ1P/PPPN1P2/2KR3R b - -,g7g6 e3h6 f8e8 h3h4 d7c5 d2e4 c5d3 d1d3 a6a5 c1b1,58
r3kb1r/pp1bpppp/5n2/3P4/3P4/1BNn4/PP2KPPP/R1B3NR b kq -,d7f5 g1f3 d3c1 h1c1 f5g4 h2h3 g4f3 e2f3 e8d8 a2a4,127
r2q1rk1/pppn1ppp/8/3Pp1N1/4P3/2P5/P1PQ2PP/R3K2R b KQ -,d7f6 d2d3 f6d5 e4d5 d8g5 e1h1 a8e8 c3c4 e5e4 d3d4,-180
8/1p2kb2/p1np1p2/5P2/1P2P1r1/5K2/8/2RR4 b - -,c6e5 f3e3 g4g3 e3f2 g3f3 f2g2 e7d7 d1d4 f3b3 c1d1,-434
1rr3k1/npq2p1p/p3pnp1/3pN3/P2P1PP1/2PB4/1P2Q2P/R3R1K1 b - -,b7b5 a4b5 a6b5 f4f5 e6f5 g4f5 a7c6 e5g4 f6g4 e2g4,73
1r4k1/ppq2pbp/2r1p1p1/3p3P/6PQ/1NP1P3/PP1RBP2/2K4R b - -,b7b5 c1b1 a7a5 h5g6 h7g6 h4h7 g8f8 h7h2 c7b6 b3d4,337
r1b2rk1/5pp1/pppp2qp/4p3/4P2P/1PPP1N2/P4PP1/R2Q1RK1 b - -,c8g4 f1e1 f7f5 d1e2 g6h5 e2e3 f5f4 e3e2 g7g5 e2f1,-284
3q1rk1/pp1bppbp/3p1np1/8/P1r1P3/1NNQB2P/1PP2PP1/R4RK1 b - -,c4b4 f1b1 d8c7 a4a5 a7a6 f2f3 f8c8 d3d2 b4c4 b1d1,17
8/1R3pk1/5r2/2p5/P1P3Np/1P5P/3n1PK1/8 b - -,f6g6 f2f3 d2b1 g2f2 g6e6 f3f4 e6e8 g4e5 g7f6 f2f3,442
r2n1r1k/5p1p/1Q1p3P/q3p3/pb2PN2/1P3P2/4BPR1/BK4R1 b - -,f7f6 b6a5 b4a5 e2c4 d8f7 f4e6 f8c8 g2g7 f7h6 c4d5,493
1r4k1/1b3p1p/8/2pBP1p1/8/8/1R6/6K1 b - -,b7d5 b2b8 g8g7 b8b5 d5e6 b5c5 g7g6 c5a5 h7h5 g1h2,-289
r2qk2r/pp1bbppp/2n1p3/3pPB2/3P4/5N2/PPN2PPP/R1BQK2R b KQkq -,c6b4 c1d2 d7a4 b2b3 a4b5 c2b4 e7b4 a2a4 b5a6 f5c2,425
r1bq1rk1/1p4pp/p1pbp3/3p1p2/PPPPN3/4P1P1/2QN1PBP/1R3RK1 b - -,f5e4 f2f3 e4f3 d2f3 c8d7 g2h3 d5c4 a4a5 d8e8 c2c4,45
3rr1k1/1pp2p1p/p1n3p1/4B3/8/2R1PB2/PP3PPP/R5K1 b - -,d8d7 f3c6 b7c6 e5d4 d7d6 c3c1 a6a5 d4c3 a5a4 a2a3,537
r3k2r/ppp1n1pp/3q1p2/3Ppb2/2B2P2/8/PP2Q1PP/R1B1R1K1 b kq -,e7g6 f4e5 g6e5 c4b5 c7c6 d5c6 b7c6 b5c4 f5e6 c4e6,-8
r3kb1r/4pppp/p1bp1n2/8/4PB2/q1N2P2/P1PQN1PP/1R3RK1 b kq -,g7g6 f4e3 a3a5 b1b6 a8c8 d2d3 f8h6 e3d4 e8h8 b6a6,70
r3kb1r/pp1bpppp/5n2/3P4/3P4/1BN5/PP2KPPP/2R3NR b kq -,h7h5 g1f3 g7g6 h1e1 f8h6 c1d1 a8d8 f3e5 e8h8 f2f3,98
8/8/3B4/1b5p/2pK2k1/6P1/8/8 b - -,g4g5 d6e5 b5a6 e5d6 g5g4 d4e3 c4c3 d6e5 c3c2 e3d2,-1
5rk1/p3pp1p/3p1np1/8/4PP2/1B5P/PqPQ2P1/5R1K b - -,f6e4 d2e3 e4c5 e3e7 c5b3 c2b3 b2a2 e7d6 a2b3 f1a1,-20
r2qr1k1/1b1n1pp1/1p3n1p/p1ppN3/P2P1P2/2N1P3/1P3PBP/R2QR1K1 b - -,d8e7 d1b3 e7e6 a1d1 e8d8 d1d2 c5d4 e3d4 e6f5 c3e2,24
r1b1nrk1/4Qpp1/p1Np3p/1p1NpP2/4P3/8/PPPn3P/3R1RK1 b - -,d2e4 d5b6 e8f6 b6a8 c8d7 c6d8 b5b4 a8c7 h6h5 d1d3,611
2rqr1k1/pb2bp2/1pn1pn1p/3P4/8/P1NB1N2/1P1Q1PPP/3RR1K1 b - -,e6d5 d2h6 e7f8 e1e8 d8e8 h6f6 f8g7 c3d5 e8d8 f6d8,178
r4rk1/pp2b2p/4pqp1/5p2/3NnB2/5P2/PPP1Q1PP/3R1RK1 b - -,e4c5 e2e3 a7a5 f4e5 f6g5 e3e2 f8d8 e5c7 d8c8 d4b5,125
r2qk2r/pp1bbppp/2n5/3pPp2/3P3P/5N2/PPN2PP1/R1BQK2R b KQkq -,a8c8 h4h5 e8h8 e1h1 h7h6 c1d2 f5f4 d2f4 d7g4 d1d3,-35
r1bq1rk1/1p4pp/p1pbp3/3p4/PPPPp3/4PPP1/2QN2BP/1R3RK1 b - -,e4f3 d2f3 c8d7 c4c5 d6c7 e3e4 d7e8 c2b3 e8g6 f3h4,48
r3k2r/ppp3pp/3q1pn1/3PPb2/2B5/8/PP2Q1PP/R1B1R1K1 b kq -,g6e5 c4b5 e8f7 c1f4 d6c5 g1h1 a7a6 b5a4 c5d4 f4e5,-7
7k/6p1/pK6/P7/1P2QP2/8/8/5q2 b - -,g7g6 e4e5 h8h7 b4b5 f1f3 b6a6 f3a8 a6b6 h7h6 e5d6,617
2r3k1/ppq2pbp/2r1p1p1/3p3P/6PQ/1NP1P3/PP1RBP2/1K5R b - -,b7b5 g4g5 c6b6 h1c1 a7a5 d2c2 a5a4 b3d4 a4a3 b2b4,403
1R4k1/5p1p/8/2pbP1p1/8/8/8/6K1 b - -,g8g7 b8b5 d5e6 b5c5 g7g6 g1h2 g6f5 c5b5 h7h5 b5b8,-448
r2q1rk1/pp1bbppp/2n5/3pPpB1/3P3P/5N2/PPN2PP1/R2QK2R b KQ -,h7h6 g5e7 d8e7 e1h1 f5f4 d1d2 d7f5 a1c1 f7f6 e5f6,-30
rnb1k1nr/pp3ppp/4p3/q2p4/1b1P1P2/2N2N2/PP1BP1PP/R2QKB1R b KQkq -,a5d8 e2e3 g8f6 f1d3 e8h8 e1h1 b4c3 d2c3 a7a5 c3e1,60
1k6/pn6/1pQ2p1p/PP2p1pP/4P1P1/5P2/8/6K1 b - -,b6a5 c6f6 a5a4 f6h6 a7a6 h6f8 b8c7 h5h6 a4a3 h6h7,1195
r3k2r/ppp3pp/3q1p2/1B1Pnb2/8/8/PP2Q1PP/R1B1R1K1 b kq -,e8f7 c1f4 d6c5 g1h1 a7a6 b5a4 c5d4 f4e5 d4a4 a1c1,-12
8/8/2n5/8/2r5/8/K1k5/8 b - -,e8f7 c1f4 d6c5 g1h1 a7a6 b5a4 c5d4 f4e5 d4a4 a1c1,Mate
1r3rk1/npq2p1p/p3pnp1/3pN3/P2P1PPP/2PB4/1P2Q3/R3R1K1 b - -,a7c6 h4h5 b7b5 h5h6 c6e5 f4e5 f6d7 g4g5 b5a4 e1f1,82
rnb2rk1/pp1p2bp/1q2pn2/2pP1pBp/2P5/2N1P3/PPQ1NPP1/R3KB1R b KQ -,f6e4 h1h5 e4g5 h5g5 b6d8 g5h5 b7b5 c4b5 a7a6 e1a1,225
r1b1k2r/4ppbp/p1p2np1/4p1B1/2B5/2N5/PPP2PPP/2KR3R b - -,h7h6 g5d2 c8f5 c3a4 h6h5 a4c5 f6e4 c5a6 e8f8 d2e3,5
1K6/P7/2q5/3k4/P7/8/8/8 b - -,h7h6 g5d2 c8f5 c3a4 h6h5 a4c5 f6e4 c5a6 e8f8 d2e3,Mate
8/8/5p2/2P5/4k3/5p2/5K2/8 b - -,,0
1r5k/8/p3Np1p/5Pp1/5P2/r3b3/P1Q4P/K7 b - -,,0
3R4/1p4pk/7p/8/2Pp1n2/6P1/7P/6K1 b - -,f4g6 g1f2 g6e5 d8d4 h7g6 f2e3 g6f5 c4c5 f5e6 e3e4,481
r2q1rk1/pppn1pp1/7p/3Pp3/4P3/2P4N/P1PQ2PP/R3K2R b KQ -,f7f5 e1h1 f5e4 h3f2 d7f6 c3c4 c7c6 f1e1 c6d5 c4d5,-143
4k3/R7/6N1/3K4/8/8/8/4r3 b - -,,0
r6r/ppp2kpp/3q1p2/1B1Pnb2/5B2/8/PP2Q1PP/R3R1K1 b - -,d6c5 g1h1 a7a6 b5a4 c5b4 f4e5 b4a4 a1c1 h8c8 e5c7,-10
r3r1k1/pp1q1pbp/1npp2p1/4p3/1PP1P1n1/P1NP1PPb/1BQN3P/R3R1KB b - -,a7a5 f3g4 a5b4 a3b4 h3g4 h1g2 a8a1 e1a1 e8a8 c3d1,462
3r1k2/4b2Q/4b1R1/3q4/5R2/8/8/K7 b - -,f8e8 h7h8 e8d7 h8d4 d8b8 d4d5 e6d5 f4d4 b8b5 d4d5,Mate
r2qkbnr/pp2pppp/2n5/1B6/3P2b1/2N2N2/PP3PPP/R1BQK2R b KQkq -,a8c8 d4d5 a7a6 d5c6 d8d1 e1d1 a6b5 c6b7 c8b8 a2a4,236
2r3k1/1pq2pbp/p1r1p1P1/3p4/6PQ/1NP1P3/PP1RBP2/1K5R b - -,h7g6 h4h7 g8f8 h7h2 c7b6 h1c1 f8g8 h2h4 a6a5 g4g5,435
r2q1rk1/pp3pbp/1n4p1/2pPPb2/1n3B1P/P1N2N2/1P1Q2P1/2KR1B1R b - -,b4c2 d2f2 c2d4 f3d4 c5d4 f2d4 a8c8 h4h5 f8e8 h5h6,72
r2q1N1k/pppb2p1/3bp3/3P2pQ/8/8/PPP3PP/2KR2NR b - -,h8g8 d5e6 d8f8 e6d7 f8f7 h5f7 g8f7 g1h3 g5g4 h3f2,628
rnb1k2r/pp1p1ppp/8/q2pP3/3Q4/5N2/PPPN1PPP/R4RK1 b kq -,b8c6 d4d3 c6b4 d3b3 e8h8 c2c4 d7d6 e5d6 d5c4 d2c4,144
6k1/p4p1p/5Bp1/1p4P1/2p1PP2/P3K3/6b1/8 b - -,a7a6 e3d4 g8f8 d4d5 f8e8 d5d4 g2h1 d4d5 h1f3 d5d4,-55
5rk1/6p1/1p1p2Qn/3Np1N1/1p2P3/P2KP2P/2P2rP1/5R1R b - -,g2h1 f6d4 a7a6 d4b2 g8f8 b2f6 h1g2 e3d4 f8e8 d4d5,Mate
1rr3k1/npq2p1p/p3pnp1/3pN3/P2P1P2/2PB4/1P2Q1PP/R4RK1 b - -,c8e8 g2g4 e8f8 h2h4 a7c8 h4h5 c8d6 g1g2 b7b5 h5g6,87
3r2k1/1pp2p1p/p1B3p1/4r3/8/2R1P3/PP3PPP/R5K1 b - -,b7b5 c6f3 d8d2 b2b4 a6a5 c3c7 a5b4 c7c1 e5f5 c1d1,457
rnb1kb1r/1pq2p1p/p4P2/4pP2/2B5/2NQp3/PPP2P1P/2KR3R b kq -,e3e2 d3e2 c8f5 c3d5 c7d6 d5b6 d6f6 b6a8 f8h6 c1b1,238
Q7/8/4n3/8/2K1k3/8/8/8 b - -,e3e2 d3e2 c8f5 c3d5 c7d6 d5b6 d6f6 b6a8 f8h6 c1b1,Mate
4q3/PK6/8/3k4/P7/8/8/8 b - -,e3e2 d3e2 c8f5 c3d5 c7d6 d5b6 d6f6 b6a8 f8h6 c1b1,Mate
r6r/ppp2kpp/5p2/1BqPnb2/5B2/8/PP2Q1PP/R3R2K b - -,a7a6 b5a4 c5d4 f4e5 d4a4 a1c1 h8c8 e2f2 a4d7 e5c7,-11
r1b2rk1/2q1npp1/4pn2/p5NQ/Ppp5/2P1R3/1P3PPP/R1B3K1 b - -,f6h5 e3h3 h5f6 c3b4 f8d8 c1e3 a5b4 a1c1 e7f5 g5f3,-940
r2qk2r/pp2b2p/7B/3N1Q2/3p4/8/PP3PPP/4R1K1 b - -,f6h5 e3h3 h5f6 c3b4 f8d8 c1e3 a5b4 a1c1 e7f5 g5f3,Mate
r2q1rk1/pp1bppbp/2np1np1/8/2B1P3/1NN1B2P/PPP2PP1/R2Q1RK1 b - -,,0
8/1p4pk/3Rn2p/8/2Pp4/6P1/7P/6K1 b - -,e6c5 d6d4 h7g8 d4d6 c5b3 d6d8 g8h7 d8d7 b3a5 d7c7,508
1r4k1/5pp1/pb2p2p/8/P1N5/3r1P2/1P5P/3R1R1K b - -,d3b3 d1d6 b3b4 d6c6 b6d4 a4a5 d4b2 f1b1 b2c3 b1b4,-283
r5r1/5p1k/p1p2q1p/1p2pP1Q/3pP2P/1P1P4/1PP3PK/R4R2 b - -,g8g7 g2g4 h7g8 f1g1 g7h7 g4g5 h6g5 g1g5 g8h8 h5g4,282
rnb1k2r/pp3ppp/2p2n2/4p3/3qP2P/3P1PP1/P7/2RQKBNR b kq -,d4e3 f1e2 f6h5 d1d2 e3d2 e1d2 h5g3 h1h2 g3h5 f3f4,-605
5k2/p4p1p/6p1/1p4P1/2p1PP2/P1B1K3/6b1/8 b - -,a7a6 f4f5 g6f5 e4f5 f8e7 c3b4 e7e8 e3f4 e8d7 f4e5,-40
r4rk1/pppn1pp1/7p/3Pp3/4P2q/2P5/P1PQ1NPP/R3K2R b KQ -,f7f5 e1h1 f5f4 f2d3 b7b6 c3c4 a8e8 a1e1 d7f6 c4c5,-69
2R5/5p1k/3p2pP/r2Pp3/4P3/8/1P1KB3/r6R b - -,a1a2 c8b8 a5a8 b8b7 a2a7 b7a7 a8a7 e2c4 f7f5,468
rn1qk1nr/ppp2ppp/8/3p4/1bPP4/2N4P/PP3P1P/R1BQKB1R b KQkq -,b8c6 f1g2 d5c4 e1h1 d8d7 c1f4 g8f6 d4d5 c6e7 f4c7,-9
8/1R3pp1/5n1p/3p2k1/r5P1/2PK1P1P/P7/8 b - -,a4a2 b7f7 g5g6 f7b7 a2h2 d3e3 h2h3 b7b4 h3h1 e3e2,-433
r1bB1rk1/1p1n1ppp/p7/3p4/2pP4/P1P1PN2/5PPP/R2Q1RK1 b - -,f8d8 f3d2 d7f6 d1b1 d8e8 f1e1 f6e4 d2e4 d5e4 b1b6,556
1k6/pn6/5Q1p/pP2p1pP/4P1P1/5P2/8/6K1 b - -,f8d8 f3d2 d7f6 d1b1 d8e8 f1e1 f6e4 d2e4 d5e4 b1b6,Mate
r4rk1/ppq2ppp/2pbp3/3nN3/3P4/2P3Q1/PP1B1PPP/R4RK1 b - -,f7f6 c3c4 f6e5 c4d5 e5d4 g3g4 e6d5 g2g3 d6e5 a1e1,-277
6k1/7p/5R2/1p1p2p1/P2Pb1P1/2P1P2P/1P3p1K/RN2r3 b - -,,0
3rr1k1/pb2npbp/1pnq2pB/2p1pP2/3pP1P1/3P1NNP/PPP3B1/R1Q1R1K1 b - -,c5c4 d3c4 f7f6 e1f1 d4d3 c2d3 c6b4 f3e1 b4d3 e1d3,109
3r2k1/2p2p1p/p1R3p1/4r3/8/4P3/PP3PPP/R5K1 b - -,e5d5 g2g4 d5g5 c6c4 h7h5 h2h3 d8d2 b2b4 a6a5 a2a3,45
2R4k/5p2/3p2pP/r2Pp3/4P3/5B2/rP2b3/2K4R b - -,h8h7 h1h3 e2f1 h3h2 a5a7 f3d1 f1d3 d1c2 a2a1 c1d2,-133
1rb2rk1/p4ppp/2p1p3/q2pP3/N4n2/PP1B4/2P2PPP/1R1QR1K1 b - -,c8a6 d3a6 a5a6 a4c5 a6c8 h2h4 c8d8 b3b4 d8h4 c5d7,87
8/1p4pk/3R3p/6n1/2Pp4/6P1/6KP/8 b - -,g5f7 d6d4 h7g6 c4c5 f7g5 d4b4 g5e6 b4b5 e6d8 g2f3,554
r2q1rk1/bpp2pp1/p1n1bn1p/3pp3/4P3/1BPP1N1P/PP1B1PP1/R2QRNK1 b - -,a8b8 e4d5 e6d5 b3c2 f8e8 f1g3 e8e6 a2a4 a6a5 f3h4,25
rnb1kbnr/pppp2pp/5p2/8/3PqB2/5N2/PPP1Q1PP/RN2KB1R b KQkq -,e4e2 f1e2 d7d6 c2c4 b8c6 b1c3 g8e7 f4g3 c8d7 e1h1,-43
2r3k1/1pq2pb1/p1r1p1p1/3p4/6PQ/1NPBP3/PP1R1P2/1K5R b - -,a6a5 b3d4 a5a4 d4c6 b7c6 h4h2 c7h2 h1h2 a4a3 d2c2,434
r4rk1/pp2b2p/4pqp1/2n2p2/1P1N1B2/5P2/P1P1Q1PP/3R1RK1 b - -,c5a4 f4e5 f6f7 d4b3 e7f6 e2e3 f6e5 e3e5 a8c8 d1d6,47
8/8/5p2/2Pk4/8/5K2/8/8 b - -,,0
2r4k/6pp/p2pBp2/5P2/Pb6/7P/2P3P1/1R5K b - -,c8c2 b1b4 g7g6 h1h2 g6f5 e6f5 c2a2 b4h4 d6d5 f5h7,494
r3k1nr/pp3ppp/1qn1p3/3pP3/1b1P4/5B2/PPN2PPP/R1BQ1K1R b kq -,f7f6 e5f6 g8f6 g2g3 e8h8 f1g2 b4d6 h1e1 a8e8 c1g5,15
5rk1/pb4pp/6r1/1p1q1p2/1PpPpQ2/2P1RP1P/P2N2P1/2R3K1 b - -,d5d8 c1e1 e4f3 d2f3 b7e4 e1e2 h7h6 f3d2 e4d5 d2f1,12
1rr3k1/n1q2p1p/p3pnp1/1P1pN3/3P1P2/2PB4/1P2Q1PP/R4RK1 b - -,b8b6 b5a6 g8g7 f1c1 f6e8 c3c4 d5c4 c1c4 c7d8 c4c8,285
rn1qkb1r/pppbpppp/1n6/8/3PP3/1P3N2/P2N1PPP/R1BQKB1R b KQkq -,d7g4 c1b2 e7e6 h2h3 g4h5 g2g4 h5g6 h3h4 f8b4 d1c2,95
5rkr/ppp1nppp/8/3Bp1N1/6b1/3P2Q1/PPP2P1P/R3R1K1 b - -,e7d5 g3g4 h7h6 g5f3 h6h5 g4g3 h8h6 g1h1 h6f6 e1e5,707
2rqrbk1/1b6/p2P1pp1/2P2p1p/3Q1P2/4p2P/PB2N1P1/2R2R1K b - -,b7c6 f1e1 e8e4 d4c3 f8h6 c3b3 g8g7 e2d4 d8e8 b3c3,331
1k6/1n6/P4Q1p/p3p1pP/4P1P1/5P2/8/6K1 b - -,b7c6 f1e1 e8e4 d4c3 f8h6 c3b3 g8g7 e2d4 d8e8 b3c3,Mate
r4rk1/ppp2pp1/7p/2nPp3/4P2q/2P3P1/P1PQ1N1P/R3K2R b KQ -,h4e7 e1h1 b7b6 c3c4 f7f6 g1g2 c5b7 f2d1 e7c5 d2d3,-83
8/1p2k3/p1np1p2/5P1b/1P2r3/8/8/2R1RK2 b - -,e4e1 c1e1 c6e5 e1b1 h5g4 b4b5 a6a5 b1c1 e7d7 b5b6,-553
8/5pk1/1R2pn1p/1B6/1r6/8/5P2/6K1 b - -,b4b1 g1g2 f6e4 f2f4 e4c3 b6c6 c3b5 c6b6 b5c3 b6a6,-640
7b/2pbkp1p/3p1np1/1p4B1/4PP2/1BPp4/1P1N2PP/4K2R b - -,e7e8 e4e5 d6e5 f4e5 f6g4 h2h3 g4e5 g5e3 d7c6 e1f2,474
8/K5pk/p7/P6Q/1P3P2/8/8/5q2 b - -,h7g8 h5d5 g8h7 d5d6 g7g6 d6a6 f1f2 a6b6 f2f4 b4b5,477
rnb1kbnr/pppp2pp/5p2/8/3P1B2/5N2/PPP1B1PP/RN2K2R b KQkq -,d7d6 c2c4 g8e7 b1c3 b8c6 f4g3 c8d7 e1h1 e8a8 d4d5,-49
1r4k1/1p3Rp1/p3pn1p/3pN3/3P1P1Q/P6P/1P4PK/1q6 b - -,b1f5 h4g3 g7g6 f7f6 f5f6 e5d7 f6f7 d7b8 a6a5 f4f5,493
r2q1rk1/pp1bbppp/2n1p3/3pPn2/3P4/3B1N2/PPNB1PPP/R2Q1RK1 b - -,d7e8 d1e2 f7f6 e5f6 f8f6 b2b4 a7a6 a2a4 e8g6 b4b5,81
6k1/7p/8/1p1p2p1/P2Pb1P1/2P1P2P/1P5K/RN2rR2 b - -,,0
r4r1k/1p1Q2p1/p6p/2b5/5p2/2N4P/PPP2qP1/R2R3K b - -,f4f3 d7g4 f8f4 g4g6 a8f8 d1d7 f2g2 g6g2 f3g2 h1g2,-446
2rq1bk1/1b6/p2P1Qp1/2P2p1p/4rP2/4p2P/PB2N1P1/2R2R1K b - -,d8f6 b2f6 b7c6 f6e5 f8g7 f1d1 g7e5 f4e5 e4e5 d6d7,256
r4rk1/ppp2pp1/5q1p/2nPp3/4P1N1/2P3P1/P1PQ3P/R3K2R b KQ -,f6f3 g4h6 g7h6 h1f1 f3e4 e1f2 e4g6 d2e3 c5e4 f2g1,-470
6k1/K5p1/p7/P2Q4/1P3P2/8/8/5q2 b - -,g8f8 d5a8 f8f7 a8b7 f7f8 b7c8 f8f7 c8a6 f1f4 a6b7,555
rnb1kb1r/ppN2ppp/5n2/3qp3/8/8/PP2PPPP/RNBQKB1R b KQkq -,e8d7 c7d5 f6d5 d1d5 d7e8 d5e5 c8e6 e5c7 b8d7 b1c3,847
8/8/2n5/8/1r6/K7/2k5/8 b - -,e8d7 c7d5 f6d5 d1d5 d7e8 d5e5 c8e6 e5c7 b8d7 b1c3,Mate
rn1qk2r/pp2bppp/2p1pn2/2Pp1b2/3P4/1QN2NP1/PP2PP1P/R1B1KB1R b KQkq -,b7b6 c5b6 a7b6 f1g2 e8h8 e1h1 h7h6 a2a4 b8a6 c1d2,-56
2r3k1/2q2pb1/p1r1p1p1/1p1p4/5PPQ/1NPBP3/PP1R4/1K5R b - -,e6e5 f4e5 c7e5 b3d4 c6b6 d2f2 b6f6 g4g5 f6f2 h4f2,482
8/5Rp1/5n1p/3p4/r4kP1/2PK1P1P/P7/8 b - -,f4f3 f7g7 f6e4 g7f7 f3g3 f7f5 e4f2 d3c2 a4a2 c2b3,-313
8/p3Pk2/1p2R2p/1Pp2p2/2N1p1p1/2q1P1P1/P4PKP/8 b - -,c3h8 e7e8q h8e8 e6e8 f7e8 g2f1 e8e7 f1e1 e7d7 e1d2,539
4R1k1/6P1/8/7K/8/2p1n3/6p1/8 b - -,g8g7 e8e3 g2g1r e3c3 g7f6 c3c5 g1g3 h5h4 g3g8 h4h3,Mate
1rb2rk1/3n1pp1/p1p1p2p/2p1P3/2P1N3/PPK3B1/5PPP/R2R4 b - -,g8h7 d1d6 f8e8 a3a4 e8e7 a1d1 g7g5 d6d7 c8d7 d1d7,436
rnbqk1nr/ppppbppp/8/4p3/8/2N1P3/PPPPQPPP/R1B1KBNR b KQkq -,d7d5 d2d4 e5e4 f2f3 g8f6 c1d2 e8h8 e1a1 c7c5 e2f2,-64
r1b2rk1/pp1q4/5p2/2Pp3Q/5b2/2PB4/P1P2PPP/R3R1K1 b - -,f4e5 a1b1 d7f7 d3g6 f7g7 g2g3 a7a5 c3c4 f8d8 e1d1,107
8/8/8/1b2B2p/2p5/2K2kP1/8/8 b - -,,0
rnb1k2r/pp3ppp/2p2n2/4p3/4P2P/3PqPP1/P3B3/2RQK1NR b kq -,f6h5 d1d2 e3d2 e1d2 h5g3 h1h2 g7g6 d3d4 e5d4 e2d3,-604
8/K5pk/p7/P2Q1P2/1P6/8/8/5q2 b - -,f1f4 d5c5 f4f1 c5d6 h7h8 d6c6 h8h7 c6a6 f1f2 a6b6,531
3r4/3bqkpp/2p5/1p6/3Q4/3n1P2/PPK3P1/RN3BB1 b - -,d7f5 d4d8 e7d8 b1d2 d3b4 c2d1 d8f6 a2a3 f6b2 a3b4,-532
r1b1kb1r/1p1qp1pp/p4p2/3n4/3P4/2N2N2/PP3PPP/R1BQ1RK1 b kq -,e7e6 f3d2 f8b4 d1h5 d7f7 h5f3 e8h8 c3d5 e6d5 a2a3,-13
4k2R/8/7R/8/8/8/4K3/8 b - -,b7b5 c3e4 e7e6 f3d2 d7f7 d2b3 f8e7 c1d2 e8h8 d1f3,Mate
rn2kb1r/1p1b1p1p/p2q1P2/3NpP2/1PQ5/1B6/P1P2p1P/2KR3R b kq -,d7c6 c1b2 b7b5 c4h4 b8d7 d5b6 d6b4 h4h5 f8d6 h5f7,-166
4Bk2/pp4p1/3ppn1p/8/6q1/P4b1N/1PQ3PP/4R1K1 b - -,e6e5 e8b5 f3d5 b5f1 f8g8 c2d2 g4c8 h3f2 c8d8 b2b4,430
r4rk1/5pp1/pppp2qp/4p3/3PP1bP/1PP2N2/P4PP1/R2Q1RK1 b - -,f7f5 d4e5 f5e4 d1d6 g6d6 e5d6 e4f3 g2g3 a8d8 f1d1,-419
rq6/3nk1p1/pp1b1pQ1/3PpP2/8/7R/PP1B2PP/2R4K b - -,b8f8 h3h7 d6c5 h7g7 e7d6 b2b4 a6a5 b4c5 b6c5 h2h3,766
5r1k/3n3p/2pq1r2/1p1p1p2/3P1N1p/3QP3/1P3PP1/R4RK1 b - -,c6c5 a1a7 c5c4 d3c2 b5b4 c2a4 d7b6 a4b5 b4b3 f1a1,117
r3brk1/pp1n2pp/2nq4/3pP3/8/3B1NN1/PP3PPP/R2QR1K1 b - -,d6c5 a1c1 c5b4 d3c2 d7b6 f3g5 g7g6 c2b3 b4d4 g5e6,312
2r3k1/2q2pb1/p1r1p1p1/3p1P2/1p4PQ/1NPBP3/PP1R4/1K5R b - -,e6f5 c3b4 f5g4 h4g4 c7e5 b3d4 c6c7 h1e1 a6a5 b4b5,438
2rqr1k1/pb2bp2/1p2pn1Q/n2P4/8/P1NB1N2/1P3PPP/3RR1K1 b - -,e7f8 h6g5 f8g7 d5e6 f7e6 d3g6 d8e7 f3d4 c8c5 g5h4,213
2r2b2/1b1P1k2/p4Bp1/2P2p1p/4rP2/4p2P/P3N1P1/2R2R1K b - -,f7f6 d7c8q b7c8 f1d1 f8h6 d1d3 e4f4 e2f4 h6f4 c5c6,568
4r1k1/5pp1/1Q1p3p/3P1b2/5q2/6P1/2B2P1P/1KR5 b - -,f5c2 b1b2 f4e5 b2c2 e8a8 c2d2 e5d5 d2e1 a8e8 b6e3,-685
r2q1rk1/pp3pbp/6p1/2pPPb2/nn3BPP/P1N2N2/1P1Q4/2KR1B1R b - -,f5c2 a3b4 c2d1 c3d1 c5b4 c1b1 a8c8 d1e3 d8b6 d2d4,211
rn1q1rk1/ppp2ppp/5n2/3P2B1/1bBP4/2N2P1b/PPP1N2P/R2QK2R b KQ -,f8e8 h1g1 b4c3 b2c3 d8d6 d1d2 f6h5 e1a1 b7b5 c4d3,111
3rr1k1/n1pq1ppp/p2p1n2/1p5b/P2PP3/1BN1NP2/1P1Q2PP/R1R3K1 b - -,c7c6 a4b5 a6b5 a1a6 a7c8 c1a1 h5g6 d4d5 c6c5 b3c2,169
8/1p2k3/p2p1p2/4nP1b/1P6/8/8/2R2K2 b - -,e7d7 c1b1 h5g4 f1f2 g4f5 b1b3 d7c6 f2e3 c6d5 b3c3,-592
rn2kb1r/ppq2ppp/2p2n2/P3P3/2B1P3/5P2/1PP4P/RNBQK2R b KQkq -,f6e4 f3e4 b8d7 e1h1 e8a8 d1e2 d7e5 g1h1 f8d6 a5a6,385
rnb2b1r/pp2kppp/5n2/3Np3/8/8/PP2PPPP/RNBQKB1R b KQ -,e7d7 d5f6 d7e6 f6d5 f7f6 d5c7 e6f7 d1b3 f7g6 b3d3,1188
3rr3/pb2npkp/1pnq4/2p1pP2/3p2P1/3P1NNP/PPP3B1/R1Q1R1K1 b - -,f7f6 g3e4 d6c7 e4f6 e7g8 c1g5 g7h8 f6e8 d8e8 f5f6,430
rn2kb1r/1p3p1p/p1bq1P2/3NpP2/1P5Q/1B6/P1P2p1P/2KR3R b kq -,b8d7 a2a3 c6d5 b3d5 d6f6 h4f2 e8a8 c1b1 c8b8 c2c4,-347
3r3k/6pp/p2pBp2/5P2/PR6/7P/2P3P1/7K b - -,d8a8 h1h2 a6a5 b4b5 h7h5 h3h4 h8h7 c2c4 g7g5 f5g6,600
3r3k/7p/b2q2nP/1p4R1/pP2QN2/P4P2/1n1pB1PK/R7 b - -,g6f4 e4e5 d6e5 g5e5 f4e2 e5e2 d2d1r a1d1 b2d1 e2e6,-450
r1bq1rk1/1p4pp/p1pbp3/1P1p1p2/P1PP4/2N1P1P1/3Q1PBP/1R3RK1 b - -,a6b5 a4b5 d6e7 c4c5 g8h8 c3a2 e7f6 b5c6 b7c6 a2b4,87
4r1k1/5pp1/1Q1p3p/3P4/5q2/6P1/2R2P1P/1K6 b - -,e8e1 b1b2 f4e5 b2a3 e1a1 c2a2 e5c3 b6b3 c3c5 a3a4,-5790
r1b2rk1/pp1q4/5p2/2Ppb2Q/8/2PB4/P1P2PPP/1R2R1K1 b - -,d7f7 d3g6 f7g7 g2g3 a7a5 c3c4 f8d8 e1d1 g7h8 d1d5,112
r5k1/p3bppp/1qp1p3/3rB3/3P2b1/1P2RN1P/P4PP1/R2Q2K1 b - -,g4f5 d1e2 c6c5 d4c5 e7c5 e3c3 f7f6 e5f4 c5b4 c3c1,-53
2r3k1/2q2pb1/p1r3P1/3pp3/1p4PQ/1NPBP3/PP1R4/1K5R b - -,g8f8 d2f2 b4c3 f2f7 c7f7 g6f7 c6h6 h4h6 g7h6 h1h6,667
rn1q1rk1/ppp2ppp/5n2/3P4/1bBP1N2/2N2P1b/PPP4P/R1BQK2R b KQ -,d8c8 c1e3 f8e8 d1d2 b8d7 e1a1 d7b6 c4b3 h3f5 d1g1,35
r3k1nr/pp3ppp/2n1p3/1q1pP3/1b1P4/8/PPN1BPPP/R1BQ1K1R b kq -,b5b6 h2h4 b4e7 h1h3 a8c8 h3b3 b6c7 e2d3 h7h5 g2g3,117
2rqrbk1/pb3p2/1p2pn2/n2P2Q1/8/P1NB1N2/1P3PPP/3RR1K1 b - -,f8g7 d5e6 f7e6 d3g6 d8e7 f3d4 c8c5 g5h4 b7c8 g6e8,230
3r2r1/2pk1p1p/2ppbp2/8/3RP1q1/Q1N1R1P1/PP3P1P/6K1 b - -,,0
2rr2k1/1p2bppp/pqB1pn2/2N5/3P1B2/6P1/PP2QP1P/2R1R1K1 b - -,b6c6 a2a3 h7h6 b2b4 f6d5 f4d2 e7f6 e2f3 c6b5 a3a4,-47
rq6/3nk1Q1/pp3p2/2bPpP2/8/7R/PP1B2PP/2R4K b - -,e7d6 h3h7 b8d8 b2b4 a8c8 g7f7 d8e8 f7e6 e8e6 d5e6,Mate
3r2k1/4qppp/p7/1p6/4p2P/P2rPP2/1P2QKP1/3R3R b - -,e4f3 e2f3 d3d1 h1d1 e7h4 f2g1 d8d1 f3d1 g7g6 b2b4,-235
8/8/6K1/2B4p/6kb/8/8/8 b - -,,0
1rr3k1/n1q2p1p/5np1/1p1pNB2/3P4/2P5/1P2Q1PP/R4RK1 b - -,c8e8 f5g6 h7g6 f1f6 b8b6 f6b6 c7b6 e2f2 e8e7 a1f1,361
rnbq1rk1/ppp1ppbp/1n4p1/8/3P1B2/2N1P1P1/PP3PBP/R2QK1NR b KQ -,b8a6 g1e2 c7c5 d4d5 h7h6 h2h4 c8g4 e1h1 b6c4 f2f3,27
r1bqkbnr/pp4pp/2n5/2pppp2/8/1N1P2P1/PPP1PPBP/RNBQK2R b KQkq -,c8e6 e1h1 g8f6 c1g5 d8d7 c2c4 d5d4 e2e4 d4e3 f2e3,-63
r4rk1/5pp1/pppp2qp/8/3PP1bP/1P3N2/P4PP1/R2Q1RK1 b - -,a8e8 d1d3 g6e4 d3e4 e8e4 f1c1 c6c5 d4c5 d6c5 f3d2,-177
4r3/p4kpp/8/3R4/8/P3P2P/1Pr1bKP1/R1B5 b - -,,0
1r6/8/2n5/8/K7/8/2k5/8 b - -,e2d3 f2e1 d3e4 d5d2 e8c8 d2c2 c8c2 c1d2 c2b2 g2g4,Mate
r1bNk2r/1p3ppp/p3pn2/4n3/8/4BB2/PKP1QPPP/7R b kq -,e8h8 e3c5 e5f3 c5f8 f3h4 f8g7 g8g7 e2c4 h4g6 c4c7,513
r1bq1rk1/1p4pp/2pbp3/1P1p1p2/2PP4/2N1P1P1/3Q1PBP/1R3RK1 b - -,g8h8 c4c5 d6e7 c3a2 e7f6 b5c6 b7c6 b1b6 d8e8 a2b4,87
r1b1kb1r/ppp1pppp/2n2n2/5q2/3P4/2N2NP1/PP1BPP1P/R2QKB1R b KQkq -,e7e5 f3e5 c6e5 d4e5 f5e5 f1g2 c7c6 d1a4 e5e6 a1c1,40
rnb2b1r/pp2kppp/8/3Qp3/8/8/PP2PPPP/RNB1KB1R b KQ -,h7h5 d5e5 c8e6 b1c3 e7e8 c1f4 b8c6 e5b5 a8c8 b5b7,879
6k1/7p/8/1p1p2p1/P2Pb3/2P1P2P/1P4r1/RN3R1K b - -,g2c2 h1g1 c2g2 g1h1 g2b2 h1g1 b2g2 g1h1 g2a2 h1g1,-49
r4rk1/1p2bppp/p1n5/q2R4/P4B2/2N2Q2/1P3PPP/5RK1 b - -,a5d8 d5d8 a8d8 h2h4 f8e8 f3g4 e7f8 f4e3 c6e5 g4e4,446
r2q3r/pp2b2p/2k4B/3N1Q2/3p4/8/PP3PPP/2R3K1 b - -,a5d8 d5d8 a8d8 h2h4 f8e8 f3g4 e7f8 f4e3 c6e5 g4e4,Mate
2rqr1k1/pb3pb1/1p2Pn2/n5Q1/8/P1NB1N2/1P3PPP/3RR1K1 b - -,f7e6 d3g6 d8e7 f3d4 c8c5 g5h4 a5c6 d4e6 e7e6 e1e6,221
8/8/1rn5/8/8/K7/2k5/8 b - -,f7e6 d3g6 d8e7 f3d4 c8c5 g5h4 a5c6 d4e6 e7e6 e1e6,Mate
2r3k1/2q3bQ/p5p1/3pp3/1p4P1/1NP1P3/PP1R4/1K5R b - -,f7e6 d3g6 d8e7 f3d4 c8c5 g5h4 a5c6 d4e6 e7e6 e1e6,Mate
6r1/p4R2/2p1n2N/4k3/4P3/1P4P1/P1Pr3P/5RK1 b - -,g8g5 f1f2 d2f2 f7f2 e5d4 h6f5 d4e4 f5d6 e4d5 d6c4,515
6k1/5pp1/1Q1p3p/3P4/5q2/6P1/1KR2P1P/4r3 b - -,g8g5 f1f2 d2f2 f7f2 e5d4 h6f5 d4e4 f5d6 e4d5 d6c4,Mate
Q2qkbnr/2pb1p1p/3p2p1/1p6/4P3/1BPp4/1P3PPP/RNB1K2R b - -,d8a8 a1a8 e8e7 e4e5 d6e5 c1e3 f8g7 e3c5 e7f6 b1d2,546
1rr3k1/n1q2p1p/5n2/1p1pNR2/3P4/2P5/1P2Q1PP/R5K1 b - -,c7e7 e2e3 b8b6 a1f1 f6e4 f5f7 e7e6 f7a7 b6a6 a7a6,432
3rr3/pb2npkp/1pnq4/2p1pP2/3pP3/3P1NNP/PPP3B1/R1Q1R1K1 b - -,f7f6 g3h5 g7f7 c1h6 e8f8 g1h1 c6b4 e1e2 c5c4 d3c4,238
3r2k1/1p2bppp/pqr1pn2/8/3P1B2/1N4P1/PP2QP1P/2R1R1K1 b - -,d8c8 c1c6 c8c6 e2d3 h7h6 f4d2 b6d8 a2a3 d8d5 e1e5,-67
rb3rk1/5p2/3qb1pB/p2p4/3p4/3B1QP1/PP3P2/R3R1K1 b - -,d6e7 h6f8 e7f8 d3g6 f8g7 g6f5 b8g3 f5e6 g3c7 e6g4,357
2r2k2/2q3bQ/p5p1/3pp3/1p4P1/1NP1P3/PP3R2/1K5R b - -,d6e7 h6f8 e7f8 d3g6 f8g7 g6f5 b8g3 f5e6 g3c7 e6g4,Mate
r2q1rk1/1p1b1pb1/p3p1pp/3P1n2/3N1B2/Q1N5/PP2BPPP/3R1RK1 b - -,f5d4 e2d3 e6d5 c3d5 d7g4 f2f3 d8d5 f3g4 a8d8 h2h3,-29
r2q1rk1/ppnn1pbp/2p3p1/3pNb2/3PP3/P1N3PP/1P3PB1/R1BQR1K1 b - -,d5e4 g3g4 f5e6 c3e4 d7e5 d4e5 d8d1 e1d1 g7e5 e4c5,-50
8/6R1/5n1p/3p4/5kP1/2PK1P1P/r7/8 b - -,f4f3 g7f7 a2a6 f7f8 f3f4 f8h8 a6a2 h8f8 f4e5 f8h8,-306
rnbq1rk1/pp3pbp/3p1np1/2pP4/4P3/2N2NP1/PP2BP1P/R1BQK2R b KQ -,f8e8 f3d2 c8h3 f2f3 f6d7 d2c4 d7e5 c4e5 g7e5 c1e3,-56
8/1R3pk1/6r1/P1p5/2P3Np/1P5P/3n1PK1/8 b - -,g6a6 b7b5 d2e4 g4e5 a6d6 b5b7 e4g5 b7b6 d6d1 e5f3,442
5rk1/pb4pp/4q1r1/1p3p2/1PpPpQ2/P1P1RP1P/3N2P1/2R3K1 b - -,e6d7 f3e4 f5e4 f4h4 g6h6 h4e1 h6g6 e1e2 b7d5 c1e1,33
rnb1k2r/pp3ppp/2p5/4p2n/4P1PP/3PqP2/P3B3/2RQK1NR b kq -,h5g3 d1d2 e3d2 e1d2 g3h1 g1h3 h1g3 e2d1 c8e6 c1b1,-700
2rqr1k1/pb4b1/1p2pnB1/n5Q1/8/P1N2N2/1P3PPP/3RR1K1 b - -,d8e7 f3d4 c8c5 g5h4 b7c8 g6e8 e7e8 d4e6 c8e6 d1d6,203
4K3/6k1/4P3/8/R7/8/8/7r b - -,h1h8 e8d7 h8h1 e6e7 h1d1 d7e8 d1e1 a4a7 e1b1 a7a8,1044
8/6k1/8/7K/8/2p1R3/6p1/8 b - -,,0
2r1k1Q1/2q3b1/p5p1/3pp3/1p4P1/1NP1P3/PP3R2/1K5R b - -,g2g1r e3c3 g7f6 c3c5 f6e6 c5a5 e6d6 a5g5 g1g5 h5g5,Mate
2B4k/6pp/p2p1p2/5P2/P7/2b4P/2P3P1/1R5K b - -,a6a5 c8e6 g7g5 f5g6 h7g6 g2g4 h8g7 h3h4 f6f5 g4f5,678
8/1p6/p2p1p2/1k2nb2/1P6/5R2/8/5K2 b - -,e5f3 f1f2 f5e4 f2e2 b5b4 e2e3 f6f5 e3f2 a6a5 f2e2,-1443
r2qk2r/1pp2ppp/p1nb1n2/4p3/1P2P3/P1BP1BP1/3N1P1P/R2Q1RK1 b kq -,f6d7 d2b3 d8e7 f3g2 e8h8 f2f4 a6a5 b3a5 c6a5 b4a5,95
rn2kb1r/pp3ppp/2p2n2/P3q3/2B1P3/2N2P2/1PP4P/R1BQK2R b KQkq -,g7g6 f3f4 e5h5 d1e2 f8b4 e4e5 b4c3 b2c3 h5h4 e2f2,163
r1b2rk1/pp4q1/5p2/2Ppb2Q/1R6/2PB4/P1P2PPP/4R1K1 b - -,f8f7 b4h4 f6f5 e1e3 g8f8 h4h3 a7a5 c5c6 b7c6 e3e5,181
6k1/5pp1/1Q1p3p/3Pq3/8/K5P1/2R2P1P/4r3 b - -,f8f7 b4h4 f6f5 e1e3 g8f8 h4h3 a7a5 c5c6 b7c6 e3e5,Mate
1k6/8/P6p/6QP/4P1P1/5P2/8/6K1 b - -,f8f7 b4h4 f6f5 e1e3 g8f8 h4h3 a7a5 c5c6 b7c6 e3e5,Mate
r2q3r/pp5p/2k4B/2b2Q2/1N1p4/8/PP3PPP/2R3K1 b - -,f8f7 b4h4 f6f5 e1e3 g8f8 h4h3 a7a5 c5c6 b7c6 e3e5,Mate
7r/4Np1k/pb2q1p1/7p/1p2Q2P/5RP1/PP3PB1/6K1 b - -,h8d8 e4e6 d8d1 g1h2 f7e6 f3f7 h7h8 g2e4 d1d2 e4g6,632
r2q1rk1/1p1b1pb1/p3P1pp/8/3n1B2/Q1N5/PP2BPPP/3R1RK1 b - -,d7e6 e2d3 b7b5 f4e3 d8h4 d3e4 a8d8 a3c5 d4f5 e4f5,-48
8/6k1/8/7K/8/8/2p3p1/4R3 b - -,d7e6 e2d3 b7b5 f4e3 d8h4 d3e4 a8d8 a3c5 d4f5 e4f5,Mate
3rr1k1/pb2npbp/1pnq2p1/2p1pP2/3pP1PN/3P2NP/PPPB2B1/R1Q1R1K1 b - -,e8f8 e1f1 f7f6 f1f2 b7a6 b2b3 g6g5 h4f3 g8f7 h3h4,104
8/1p6/p2p1p2/1k3b2/1P6/5n2/5K2/8 b - -,e8f8 e1f1 f7f6 f1f2 b7a6 b2b3 g6g5 h4f3 g8f7 h3h4,Mate
2r5/2qk2Q1/p5p1/3pp3/1p4P1/1NP1P3/PP3R2/1K5R b - -,e8f8 e1f1 f7f6 f1f2 b7a6 b2b3 g6g5 h4f3 g8f7 h3h4,Mate
r7/5kpp/8/1r6/8/p7/R5PP/R5K1 b - -,b5b3 h2h3 f7e6 g1h2 e6d5 a2f2 h7h6 a1d1 d5c4 d1c1,-261
5r2/p5k1/1p4pp/8/1PPpq3/P2r2P1/5P1P/1Q1R1RK1 b - -,b6b5 b1d3 e4d3 d1d3 b5c4 d3d4 f8c8 d4d1 c4c3 g1h1,590
r1bRk2r/1pq2ppp/p1N1pn2/4n3/8/2b1BB2/PPP1QPPP/2K4R b kq -,c7d8 c6d8 e5f3 e2f3 c3e5 d8c6 e5c7 e3d4 f6d5 d4g7,345
2rr2k1/1p4pp/p1bbp3/P3B3/3P4/2N3P1/1P4P1/R2R3K b - -,d6e5 d4e5 d8d1 a1d1 c8f8 d1e1 f8f5 b2b3 f5g5 h1h2,-170
rq6/3n2QR/pp1k1p2/2bPpP2/8/8/PP1B2PP/2R4K b - -,b8e8 b2b4 a6a5 b4c5 b6c5 h2h3 a8b8 d2e3 c5c4 c1c4,Mate
r2r1bk1/pb3ppp/1npp4/5N2/2P4P/7R/PP1B1PP1/2KR1B2 b - -,f7f6 h3g3 g8f7 d2f4 b7a6 f5d6 f8d6 d1d6 d8d6 f4d6,129
8/1R3pk1/4p2p/1B6/1r2n3/8/5P2/6K1 b - -,e4d6 b7d7 d6b5 d7d3 b5d4 d3g3 g7h7 g3e3 d4f5 e3a3,-655
r4rk1/ppp2pp1/7p/2nPp3/4P3/2P2qP1/P1PQ1N1P/R3K2R b KQ -,c5e4 f2e4 f3h1 e1f2 h1e4 a1e1 e4f5 f2g1 a8e8 c3c4,-619
6k1/7p/8/1p1p2p1/P2Pb1P1/2P1P2P/1P2rR1K/RN6 b - -,,0
r1b3k1/pp3rq1/5p2/2Ppb2Q/7R/2PB4/P1P2PPP/4R1K1 b - -,f6f5 e1e3 g8f8 h4h3 f5f4 e3e5 c8h3 e5g5 g7c3 h5h3,212
rnbqr1k1/pp3pbp/3p1np1/2pP4/4P3/2N3P1/PP1NBP1P/R1BQK2R b KQ -,c8h3 f2f3 f6d7 d2c4 d7e5 c4e5 g7e5 e2f1 h3f1 e1f1,-59
1rr3k1/n1qn1p1p/8/1p1pNR2/3P2Q1/2P5/1P4PP/R5K1 b - -,c8h3 f2f3 f6d7 d2c4 d7e5 c4e5 g7e5 e2f1 h3f1 e1f1,Mate
4r1k1/3qb1p1/2p4p/p1B2p2/P1Pp1P2/1P6/2P1Q1PP/4R1K1 b - -,d4d3 e2d3 e7c5 g1f1 d7d3 c2d3 g8f7 h2h3 c5d4 g2g4,-639
6k1/1R6/6pp/8/6P1/6KP/r4P2/8 b - -,a2a3 f2f3 a3a1 h3h4 a1a2 b7d7 a2a4 d7e7 g8h8 e7b7,7
3r2k1/1p2bppp/pqr1p3/3n4/3P4/1N2B1P1/PP2QP1P/2R1R1K1 b - -,d8c8 c1c6 c8c6 e3d2 h7h6 e2d3 e7f6 h2h4 b6c7 e1c1,-66
rn1qkb1r/pbpppppp/1p6/8/4B3/5N2/PPPP1PPP/RNBQ1RK1 b kq -,b7e4 d2d4 e7e6 f1e1 e4b7 c2c4 f8e7 d4d5 c7c6 b1c3,-93
2r1r1k1/pb2q1b1/1p2pnB1/n5Q1/3N4/P1N5/1P3PPP/3RR1K1 b - -,c8c5 g5h4 a5c6 e1e6 e7e6 d4e6 e8e6 g6b1 g8f8 h4f4,240
rn5r/pb1k3p/1ppqp3/1P3pp1/3P4/P3PBN1/2Q2PPP/2R2RK1 b - -,d7c7 b5c6 b8c6 d4d5 e6d5 g3f5 d6f6 f3d5 h8d8 d5c6,480
r2q1rk1/ppnn1pbp/2p1b1p1/3PN3/3P4/P1N3PP/1P3PB1/R1BQR1K1 b - -,c6d5 h3h4 f8e8 c1f4 a8c8 d1d2 h7h5 a1c1 g8h7 e5f3,89
r1bq1rk1/pp1pbp1p/2n1p2p/4P3/2B5/2N2N1P/PP1Q1PP1/R4RK1 b - -,f7f6 d2h6 f6e5 a1d1 f8f6 h6e3 d8f8 f3e5 d7d5 c4b3,-56
4krrn/8/8/8/8/8/4Q3/4K3 b - -,e8f7 e2f3 f7g7 f3g2 h8g6 g2b7 f8f7 b7b2 f7f6 b2b7,-229
r1bNk2r/1p3ppp/p3pn2/4n3/8/2b1BB2/PPP1QPPP/2K4R b kq -,e8h8 b2c3 e5f3 e2f3 f8d8 e3g5 d8d5 h1d1 d5d1 f3d1,422
1r1qrbk1/2p2p2/2Pp2p1/1p4pn/3PP3/4B2P/1P1N1P2/R2Q1RK1 b - -,h5f4 d1g4 f8g7 g1h2 d8c8 a1a7 c8g4 h3g4 b8c8 a7b7,35
2b2rk1/3n1pp1/prpRp2p/2p1P3/2P1N3/PPK3B1/5PPP/R7 b - -,f8e8 a1d1 e8e7 f2f3 b6b8 g3h4 g7g5 h4f2 g8g7 f2c5,458
r2q4/3n2QR/pp1k1p2/2bPpP2/1P6/8/P2B2PP/2R4K b - -,a8b8 b4c5 b6c5 h2h3 a6a5 d2a5 d8e8 c1d1 c5c4 a5c3,1121
5rkr/ppp1nppp/8/4p1N1/6b1/3PQB2/PPP2P1P/R3R1K1 b - -,g4f3 g5f3 e7c6 g1h1 h7h5 e1g1 g7g6 f3e5 f8e8 d3d4,745
r2q3r/ppk4p/8/2b2Q2/1N1p1B2/8/PP3PPP/2R3K1 b - -,g4f3 g5f3 e7c6 g1h1 h7h5 e1g1 g7g6 f3e5 f8e8 d3d4,Mate
rn2k2r/pp3ppp/2p2n2/P3q3/1bB1P3/2N2P2/1PPB3P/R2QK2R b KQkq -,f6h5 f3f4 h5f4 d1g4 f4e6 h1f1 b8d7 e1a1 e8h8 f1f5,83
6k1/4Kp2/pp3rpQ/2pb4/3p4/2P5/P6P/2B5 b - -,f6e6 e7d7 d4c3 h6h3 d5c4 h3c3 b6b5 c1b2 f7f6 c3c4,285
r4rk1/ppp2pp1/7p/3Pp3/4N3/2P2qP1/P1PQ3P/R3K2R b KQ -,f3h1 e1f2 h1e4 d2d3 e4a4 f2g1 e5e4 d3e2 a8e8 a1e1,-644
rn1qr1k1/pp3pbp/3p1np1/2pP4/4P3/2N2PPb/PP1NB2P/R1BQK2R b KQ -,f6d7 d2c4 d7e5 c4e5 g7e5 e2f1 h3f1 e1f1 a7a6 a2a4,-39
8/2r5/p1k3p1/3pp3/1P4P1/1N2P3/PP3R2/1K5R b - -,c6b5 a2a3 d5d4 e3d4 e5d4 b3d4 b5c4 h1d1 c4d5 d4b3,1044
6k1/5rp1/1p1p2Qn/3Np1N1/1p2P3/P2KP2P/2P2RP1/7R b - -,c6b5 a2a3 d5d4 e3d4 e5d4 b3d4 b5c4 h1d1 c4d5 d4b3,Mate
3k1rrn/8/4Q3/8/8/8/8/4K3 b - -,c6b5 a2a3 d5d4 e3d4 e5d4 b3d4 b5c4 h1d1 c4d5 d4b3,Mate
r1bq1rk1/1p2b1pp/2P1p3/3p1p2/2PP4/2N1P1P1/3Q1PBP/1R3RK1 b - -,b7c6 c4c5 c8a6 f1c1 e7f6 g2f3 d8d7 b1a1 a8a7 c1b1,60
8/K5pk/p2Q4/P4P2/1P6/8/8/1q6 b - -,b1e4 a7a6 e4f5 b4b5 f5c8 a6b6 c8f5 d6c6 f5e5 a5a6,625
rnbq1rk1/1p3ppp/2pb1n2/p2pp3/8/1PNPPN1P/PBP1QPP1/2KR1B1R b - -,a5a4 c3a4 b7b5 a4c3 b8d7 d3d4 e5e4 f3e5 d7e5 d4e5,-210
r3k2r/p2n2b1/2p4p/2P1ppp1/1P2p1P1/2N5/1P1B1P1P/R4RK1 b kq -,e4e3 f2e3 f5f4 c3e4 e8h8 d2c3 a7a6 f1d1 d7f6 e4f6,155
3R1k2/8/7R/8/8/8/4K3/8 b - -,e4e3 f2e3 f5f4 c3e4 e8h8 d2c3 a7a6 f1d1 d7f6 e4f6,Mate
3rr1k1/pb2np1p/1pnq1bp1/2p1pPB1/3pP1PN/3P2NP/PPP3B1/R1Q1R1K1 b - -,e8f8 g5f6 d6f6 g4g5 f6d6 f5f6 e7c8 c1d1 g8h8 g3f5,123
r1b3k1/pp3rq1/8/2Ppbp1Q/7R/2PBR3/P1P2PPP/6K1 b - -,g8f8 h4h3 f5f4 e3e5 c8h3 e5g5 g7c3 h5h3 c3a1 d3f1,228
8/1R3pk1/2Bnp2p/8/1r6/8/5P2/6K1 b - -,b4b7 c6a4 g7f6 g1g2 b7b4 a4c2 f6g5 g2f3 d6f5 c2d1,-866
5r1k/3n1r1p/R1pq4/1p1p1p2/3P1N1p/3QP3/1P3PP1/5RK1 b - -,f8g8 d3c2 d7b8 a6a8 d6e7 g1h2 e7e4 f1c1 f7f6 a8a7,175
7r/3K2k1/4P3/8/R7/8/8/8 b - -,h8h1 e6e7 h1d1 d7e8 d1e1 a4a7 g7f6 e8f8 e1h1 a7a6,1281
r3kb1r/1p3p1p/pNbq1n2/4pP2/1P6/1B6/P1P2Q1P/2KR3R b kq -,f6e4 f2g1 d6h6 c1b2 a8d8 b6d5 c6d5 b3d5 e4d6 g1c5,-375
2kr4/p7/1p2Q1pb/2pb3p/8/qPP2r1P/P1K3P1/1B1R3R b - -,f6e4 f2g1 d6h6 c1b2 a8d8 b6d5 c6d5 b3d5 e4d6 g1c5,Mate
r2q2k1/5rpp/p3Q3/1pp3PP/3p4/P7/1PP5/1K1R1R2 b - -,a8a7 g5g6 a7e7 g6f7 g8f8 e6f5 d8d7 f5h7 e7f7 d1e1,935
2r1r1k1/pb3p2/5bB1/q1pn3p/N6P/1P3NQ1/P4PP1/2RR2K1 b - -,c5c4 g6f5 f6g7 f5c8 e8c8 c1c4 c8c4 b3c4 a5a4 d1e1,648
6k1/8/1R4pp/8/6P1/5PKP/8/r7 b - -,g8g7 b6b7 g7g8 h3h4 a1a4 b7e7 g8h8 e7d7 h8g8 d7d5,6
7r/4NR2/pb4pk/7p/1p2B2P/6P1/PP3P2/6K1 b - -,h8e8 e7g6 b6c5 e4d3 a6a5 b2b3 e8e6 g6f4 e6e7 f7f6,878
8/8/6k1/1RPK4/3Q4/8/8/1r6 b - -,h8e8 e7g6 b6c5 e4d3 a6a5 b2b3 e8e6 g6f4 e6e7 f7f6,Mate
r1b1k2r/pp1p1ppp/2n5/q2pP3/8/3Q1N2/PPPN1PPP/R4RK1 b kq -,c6b4 d3c3 b4c6 c3a5 c6a5 f3d4 b7b6 f1e1 c8b7 c2c3,132
2r3k1/1p2bppp/pqR1p3/3n4/3P4/1N2B1P1/PP2QP1P/4R1K1 b - -,c8c6 e3d2 e7f6 h2h4 h7h6 e2d3 d5b4 d2b4 b6b4 e1d1,-76
r3k2r/p2n2b1/2p4p/2P1p1p1/1P2N1p1/8/1P1B1P1P/R4RK1 b kq -,e8h8 a1a6 d7b8 a6a3 f8d8 d2c3 a7a6 f1e1 a8a7 e4d6,91
r1bqk2r/ppppbBpp/2n5/4P3/3Pn3/8/PP3PPP/RNBQK1NR b KQkq -,e8f8 f7d5 e7b4 b1c3 e4c3 d1f3 d8f6 e5f6 c3d5 e1d1,409
6k1/7p/8/3p2p1/R2Pb1P1/2P1P2P/1P4r1/1N3K2 b - -,,0
r2q1rk1/1p3pb1/p3b1pp/8/3n1B2/Q1NB4/PP3PPP/3R1RK1 b - -,f8e8 f1e1 e6g4 e1e8 d8e8 d1c1 a8d8 d3f1 d8d7 h2h3,-69
4r3/p4kpp/8/8/2b5/P3P1bP/1PrR2P1/R1B3K1 b - -,e8e3 d2d7 e3e7 d7e7 f7e7 c1e3 e7e6 a1c1 c2c1 e3c1,-519
8/4Pk2/4R3/2p4p/PpP3p1/1P6/2r3PK/8 b - -,f7e8 a4a5 c2c3 a5a6 c3b3 a6a7 b3a3 e6h6 e8e7 h6h8,472
8/6pk/K2Q4/P4q2/1P6/8/8/8 b - -,f5c8 a6b6 c8f5 b4b5 f5f2 d6c5 f2f6 c5c6 f6e5 a5a6,628
r2q1rk1/2pn1ppp/p5b1/Pp1pP3/1P3BP1/R2B1n1P/2P1NP2/3Q1R1K b - -,d7e5 d3g6 f7g6 f4e5 f3e5 a3e3 d8d6 e2d4 e5c4 e3e2,-64
rn3rk1/pp3ppp/2p2n2/P3q3/1bB1P3/2N2P2/1PPBQ2P/R3K2R b KQ -,e5c5 e1a1 b8d7 a5a6 b7b5 c4b3 d7e5 c1b1 f8d8 d2e3,92
r5r1/5pqk/p6p/1pp1pPPQ/3pP2P/1P1P4/1PP4K/R4R2 b - -,a8a7 f1g1 f7f6 g1g4 g7f8 a1g1 a6a5 g5f6 g8g4 h5g4,401
r2q1rk1/ppnn1pbp/4b1p1/3pN3/3P1B2/P1N3PP/1P3PB1/R2QR1K1 b - -,a8c8 d1d2 f8e8 g3g4 d7b6 a3a4 a7a5 a1d1 f7f6 e5d3,110
2kR4/p7/1p2b1pb/2p4p/8/qPP2r1P/P1K3P1/1B5R b - -,a8c8 d1d2 f8e8 g3g4 d7b6 a3a4 a7a5 a1d1 f7f6 e5d3,Mate
r1bqk2r/ppp2ppp/2nBp3/3p4/3Pn3/4QN1P/PPP1PPP1/RN2KB1R b KQkq -,c7d6 e3b3 c6a5 b3b4 e6e5 e2e3 e8h8 b1c3 a5c6 b4a3,-41
rnbq1rk1/5ppp/2pb1n2/1p1pp3/8/1PNPPN1P/PBP1QPP1/2KR1B1R b - -,b8d7 d3d4 e5e4 f3e5 d7e5 d4e5 d6e5 e2d2 d8e7 f2f4,-209
3R3R/6k1/8/8/8/8/4K3/8 b - -,c8e6 g2g4 f6d7 f1g2 d7b6 a2a3 a8a3 b2a3 d6a3 c1b1,Mate
8/5R2/5n1p/3p4/6P1/2PK1k1P/r7/8 b - -,a2a6 f7f8 f3f4 f8h8 a6a2 h8f8 f4e5 f8h8 a2g2 h8h6,-376
r1bqkbnr/ppp2ppp/2n1p3/8/3P1B2/2N5/PPP1NPPP/R2QKB1R b KQkq -,g8f6 d1d2 f8e7 g2g3 e8h8 f1g2 c6b4 e1h1 b4d5 a1d1,28
7n/4k3/8/8/1r6/K7/8/8 b - -,g8f6 d1d2 f8e7 g2g3 e8h8 f1g2 c6b4 e1h1 b4d5 a1d1,Mate
r1bqkbnr/pp1ppppp/2n5/2p1P3/8/1P6/P1PP1PPP/RNBQKBNR b KQkq -,c6e5 c1b2 e5c6 g1f3 g8f6 f1b5 g7g6 b1c3 c6d4 b5e2,-126
B7/8/7R/8/8/5K1p/8/7k b - -,c6e5 c1b2 e5c6 g1f3 g8f6 f1b5 g7g6 b1c3 c6d4 b5e2,Mate
8/1R4k1/6pp/8/6P1/5PKP/8/r7 b - -,g7g8 h3h4 a1a3 b7e7 a3a4 e7d7 g8h8 d7b7 h8g8 b7b6,6
3r2k1/3b1pp1/1q2p3/2R3Q1/ppBPP3/5P1P/P4K2/8 b - -,b4b3 a2b3 a4a3 b3b4 d8a8 g5d2 a8a4 b4b5 e6e5 h3h4,-149
rnbq1rk1/p4ppp/1p3n2/b1ppN3/3P4/P1NBP3/1P1B1PPP/R2QK2R b KQ -,c8d7 e1h1 b8c6 d1b1 a5c3 d2c3 c5c4 d3c2 f8e8 h2h3,61
r1b1k2r/pp1p1ppp/2n5/q2pP3/3Q4/1N3N2/PPP2PPP/R4RK1 b kq -,c6d4 b3a5 d4c2 a1b1 b7b6 a5b3 c2b4 a2a3 b4d3 f1d1,-10
7n/1r2k3/8/8/K7/8/8/8 b - -,c6d4 b3a5 d4c2 a1b1 b7b6 a5b3 c2b4 a2a3 b4d3 f1d1,Mate
4Q3/8/4k3/2p4p/PpP3p1/1P6/2r3PK/8 b - -,e6f6 e8c6 f6f7 c6c5 g4g3 h2h3 c2c3 c5b4 c3c1 h3g3,735
3k4/p7/1p2b1pb/2p4p/8/qPP2r1P/P1K3P1/1B1R4 b - -,e6f6 e8c6 f6f7 c6c5 g4g3 h2h3 c2c3 c5b4 c3c1 h3g3,Mate
4k3/p3b1pp/1pN5/2n5/4P3/P7/1B4PP/5K2 b - -,,0
2rq4/3n2QR/pp1k1p2/2PPpP2/8/8/P2B2PP/2R4K b - -,b6c5 d2a5 d8e8 c1d1 c5c4 a5b4 c8c5 b4c5 d6c5 g7d7,3466
r7/5kpp/8/8/8/pr6/R4KPP/R7 b - -,b3b2 f2e3 b2a2 a1a2 f7e6 e3d4 e6f5 a2f2 f5g4 f2a2,-330
1k2R2r/1pp4p/p2p2p1/8/5p2/P2P1P2/1PP3PP/1K5R b - -,b8a7 e8h8 h7h5 h8h6 b7b5 h6g6 a6a5 g6h6 a7b6 b1c1,966
6k1/p4ppp/8/8/5P2/4P1P1/P3K2P/3r4 b - -,d1a1 e2d3 a1a2 d3c3 a2e2 c3b4 e2e3 b4c4 e3e8 c4b3,-797
7n/1r6/3k4/8/8/K7/8/8 b - -,d1a1 e2d3 a1a2 d3c3 a2e2 c3b4 e2e3 b4c4 e3e8 c4b3,Mate
6R1/7p/7R/4n1p1/4P1Pk/1Br4P/Pr6/6K1 b - -,d1a1 e2d3 a1a2 d3c3 a2e2 c3b4 e2e3 b4c4 e3e8 c4b3,Mate
r4rk1/pp2qppp/5n2/2pp4/2P3b1/3BPN2/PP2QPPP/R4RK1 b - -,a8d8 a1d1 d5c4 d3c4 g4d7 e2c2 a7a6 c4e2 g7g6 b2b3,-14
3rr1k1/pb2np1p/1pnq1bp1/2p1pPP1/3pP2N/3P2NP/PPPB2B1/R1Q1R1K1 b - -,c6b8 g5f6 d6f6 d2g5 f6h8 f5f6 e7c6 e1f1 b8d7 c1d2,427
3r1rk1/1pq2pp1/pNb1p3/8/1QPRp1Pp/2P1PB1P/P4P2/3R2K1 b - -,a6a5 b4a5 e4f3 a5c5 c7b8 a2a4 e6e5 d4d8 f8d8 b6d5,144
6R1/7p/5R2/4n1pk/4P1P1/1Br4P/Pr6/6K1 b - -,h5h4 g8d8 e5f3 f6f3 c3f3 b3c4 f3g3 g1f1 g3h3 f1g1,-507
r2qk2r/pp1bbppp/2n2n2/1B1p2B1/3P4/2N2N2/PP3PPP/R2Q1RK1 b kq -,d7g4 d1a4 e8h8 b5c6 b7c6 f3e5 g4d7 e5c6 d7c6 a4c6,86
r4rk1/1p3ppp/p1n5/q1bN4/P4B2/1Q6/1P3PPP/3R1RK1 b - -,c5d4 f4c7 b7b6 d1c1 d4c5 d5b6 c5b6 c7b6 a5b4 b3b4,223
r4rk1/1ppbq1b1/3p4/p1nP1p2/2P1p1p1/PPN1P1P1/2Q1B1P1/1R1R1NK1 b - -,g7e5 d1d2 e7g7 c3b5 d7b5 c4b5 g8h7 b3b4 a5b4 a3b4,-257
8/p3k3/1p2b1pb/2p4p/8/qPP2r1P/P1KR2P1/1B6 b - -,g8f7 b1a1 e7e8 a1a2 g7e5 c3b5 d7b5 c4b5 f7g6 d1c1,Mate
r1bqkb1r/ppp2ppp/2n1pn2/8/3P1B2/2N5/PPPQNPPP/R3KB1R b KQkq -,f8e7 e1a1 e8h8 f2f3 b7b5 d4d5 f6d5 c3d5 e6d5 d2d5,28
6k1/7p/8/Pp1p2p1/3Pb1P1/2P1P2P/1P5K/RN3r2 b - -,f1h1 h2g3 h1g1 g3f2 g1h1 b2b4 h1h2 f2f1 h2h1 f1e2,35
rnb1k2r/pp3ppp/2p5/4p3/4P1PP/3P1PnR/P2KB3/2RQ2q1 b kq -,g1g2 h3g3 g2g3 d3d4 e5d4 d2c2 g3d6 c2b1 c8e6 d1d2,-744
7k/pQ4p1/7p/8/2P5/1P2qr2/P6P/3R3K b - -,,0
3R4/8/5k1R/8/8/8/4K3/8 b - -,f3f4 d1g1 e3e5 b7g2 e5f6 g2a8 h8h7 a2a4 f4f2 a8e4,Mate
5rkr/ppp1nppp/4B3/4p1N1/6b1/3PQ3/PPP2P1P/R3R1K1 b - -,f7e6 f2f3 h7h6 f3g4 h6g5 e1f1 f8e8 e3f2 g8h7 f2f7,612
rn3rk1/pp3ppp/2p5/P3q2n/1bB1P3/2N2P2/1PPBQ2P/2KR3R b - -,e5a5 h1g1 b7b5 c4b3 b8d7 c1b1 g7g6 f3f4 g8h8 d2e3,143
8/p3R3/1p3kpp/5q2/1PPp4/P2r2P1/5P1P/4Q1K1 b - -,d3d1 e1d1 f6e7 d1d4 g6g5 h2h4 f5g6 h4g5 h6g5 d4d5,406
r2qk2r/2pn1ppp/p3p3/1p6/3PQ3/4P3/PP3PPP/R3K1NR b kq -,c7c5 d4c5 e8h8 c5c6 d7c5 e4c2 d8d5 g1f3 a8c8 e1e2,-10
8/1r6/3k2n1/8/K7/8/8/8 b - -,e8h8 e4c6 e6e5 g1f3 f8e8 a1d1 e8e6 c6e4 e5d4 e4d4,Mate
r7/5kpp/8/8/8/p3K3/R5PP/8 b - -,f7e6 e3d4 e6f5 a2f2 f5g5 f2a2 g5g4 d4c3 g4f4 c3d4,-426
r1b2rk1/pp2bppp/2n1qn2/2p1p1N1/8/2NP2P1/PP2PPBP/R1BQ1RK1 b - -,e6d6 c1d2 h7h6 g5e4 f6e4 c3e4 d6g6 a1c1 b7b6 e4c3,-22
r1b1kb1r/p3pppp/1qnp1n2/8/4PB2/2N2P2/PPPQ2PP/R3KBNR b KQkq -,b6b2 a1b1 b2a3 g1e2 a3a5 f4e3 e7e6 e2d4 c6d4 e3d4,99
r6r/ppk4p/3q4/2Q5/1N1p1B2/8/PP3PPP/2R3K1 b - -,b6b2 a1b1 b2a3 g1e2 a3a5 f4e3 e7e6 e2d4 c6d4 e3d4,Mate
4k3/p5pp/np3b2/8/3NP3/P7/1B2K1PP/8 b - -,a6c5 e2e3 e8d7 b2c3 f6g5 e3f3 g5c1 h2h4 g7g6 g2g4,-91
8/p3k3/1p2b1pb/2p4p/8/qPP4P/P1K2RP1/1B6 b - -,e8f7 b2c3 a6c5 e2e3 c5a4 c3e1 a7a6 e1g3 f6g5 g3f4,Mate
r2q1rk1/ppn2p1p/1n2b3/3pP1p1/8/P1N1B1PP/1P3PB1/2RQR1K1 b - -,e6f5 d1f3 f5g6 c1d1 d8e7 f3g4 h7h6 e3b6 a7b6 c3d5,346
8/1r6/3k4/K3n3/8/8/8/8 b - -,e6f5 d1f3 f5g6 c1d1 d8e7 f3g4 h7h6 e3b6 a7b6 c3d5,Mate
r2qk2r/pp1bbppp/2n2n2/1B1p4/3P1B2/2N2N2/PP3PPP/R2Q1RK1 b kq -,e8h8 h2h3 a8c8 b5d3 f8e8 a1c1 d8b6 f3e5 d7e6 d1d2,35
r4bn1/pp1Bkpp1/8/2p1P1P1/8/8/Ppb2P2/5RKQ b - -,a8d8 d7g4 e7e8 h1b7 f8e7 b7b2 c2d3 f1d1 e8f8 g4e2,485
r1bq1rk1/3n1ppp/2pb1n2/1p1pp3/6P1/1PNPPN1P/PBP1QP2/2KR1B1R b - -,d7b6 g4g5 f6d7 e2e1 d8c7 a2a3 d6a3 b2a3 a8a3 d3d4,-232
r1bk2nr/ppp3pp/2n2p2/4P3/1bp5/P1N2N2/1P1BPPPP/R3KB1R b KQ -,b4e7 a1d1 d8e8 c3d5 e7d8 d2c3 f6e5 f3e5 g8f6 e5c6,188
8/3k4/1K2p3/pP2Pb2/P7/5p2/8/5B2 b - -,d7e8 b6c7 f5c2 b5b6 c2e4 b6b7 e4b7 c7b7 e8d7 b7b6,787
3r2r1/Q1p1kp1p/2ppbp2/8/3RP1q1/2N1R1P1/PP3P1P/6K1 b - -,c6c5 d4a4 e7f8 a7c7 f8g7 e4e5 c5c4 e5d6 g8e8 c7c5,178
3rR1k1/1p4p1/p4p2/P1Bn3p/3P4/3q1P2/Q5PP/6K1 b - -,g8h7 e8d8 d3d1 g1f2 d5f4 a2g8 h7h6 g8h8 h6g6 h8e8,438
8/p3k3/1p2b1pb/2p4p/8/1PPK3P/P4RP1/1Bq5 b - -,g8h7 e8d8 d3d1 g1f2 d5f4 a2g8 h7h6 g8h8 h6g6 h8e8,Mate
2r1r2k/pQ4b1/5n2/q1p3Np/N6P/1P6/P4PP1/2RR2K1 b - -,a5c7 b7c7 c8c7 c1c5 c7e7 g2g3 e7e2 a4c3 e2c2 c3e4,630
r1b1r1k1/pp1nqppp/2p1p3/3p2Pn/3P2QP/2NBPN2/PPP2P2/R3K2R b KQ -,,0
r4rk1/pp1n1ppp/2p5/P3q2n/1bB1P3/2N2P2/1PPBQ2P/1K1R3R b - -,e5a5 h1g1 g7g6 g1g5 a5c7 f3f4 h5g7 h2h4 b4e7 g5g1,105
6k1/5pp1/pr2p2p/P7/8/5P2/1P5P/3R3K b - -,b6b2 d1d8 g8h7 d8a8 b2f2 a8a6 f2f3 a6c6 f3a3 a5a6,-427
r4rk1/6p1/pppp2qp/4Pp2/4P1bP/1PP2N2/P4PP1/R2Q1RK1 b - -,f5e4 d1d6 g6d6 e5d6 e4f3 g2g3 a8d8 a1d1 f8e8 d1d4,-432
rnbq1rk1/p4ppp/1p3n2/2Pp4/1b6/2NBPN2/PP1B1PPP/R2QK2R b KQ -,b8c6 d3b5 c8d7 b5c6 d7c6 f3d4 a8c8 c5b6 d8b6 e1h1,111
3q4/3n1Q1R/pp1k1p2/2rPpP2/8/8/P2B2PP/2R4K b - -,d7f8 d2b4 e5e4 h7h8 d8e7 b4c5 b6c5 f7f8 e7f8 h8f8,Mate
r1bqr1k1/pppp1ppp/2n2n2/4p3/4P3/P1BP1N2/1PP1QPPP/R3KB1R b KQ -,d7d5 g2g3 c8g4 f1g2 c6d4 c3d4 e5d4 e1h1 f6e4 a1e1,-97
8/7k/K2Q4/PP3qp1/8/8/8/8 b - -,f5e4 d6d7 h7h8 b5b6 e4a8 a6b5 a8e4 b6b7 e4e2 b5b6,788
4k3/p5pp/1p3b2/2n5/3NP3/P3K3/1B4PP/8 b - -,g7g6 b2c3 e8d7 e3f3 a7a6 d4e2 f6e7 e2d4 e7g5 d4c2,-105
3rr1kb/pb2np1p/1pnq1Pp1/2p1p1P1/3pP2N/3P2NP/PPPB2B1/R1Q1R1K1 b - -,d8d7 f6e7 d6e7 b2b3 h8g7 e1f1 f7f6 h4f3 e8f8 g5f6,288
1k2r2r/1pp4p/p2p2p1/8/4Rp2/P2P1P2/1PP3PP/1K2R3 b - -,e8d8 e4f4 d8d7 a3a4 b8c8 b1c1 c8d8 a4a5 d7e7 e1e7,234
4k3/4P3/4R3/P1p4p/1pP3p1/1P6/2r3PK/8 b - -,c2c3 a5a6 c3b3 a6a7 b3a3 e6g6 e8e7 g6g8 a3a7 g8g7,538
8/p3k3/1p2b1pb/2p4p/8/1PPK3P/P2R2P1/1B1q4 b - -,c2c3 a5a6 c3b3 a6a7 b3a3 e6g6 e8e7 g6g8 a3a7 g8g7,Mate
r1b2rk1/2q1npp1/4pn2/p5N1/Ppp5/2P4Q/1P3PPP/R1B1R1K1 b - -,e7g6 c3b4 a5b4 c1d2 e6e5 h3g3 c7d6 d2e3 d6c6 a4a5,-475
8/2nk1p2/2r4p/5P2/1Bp1R3/7P/1P1K4/8 b - -,d7c8 e4e5 f7f6 e5c5 c6c5 b4c5 c7d5 c5d4 c8d7 d2e2,56
r2q1rk1/ppn2p1p/4b3/3pP1pQ/2n5/P1N1B1PP/1P3PB1/2R1R1K1 b - -,f7f5 e3g5 d8e8 h5h4 a8c8 b2b3 c4a5 b3b4 a5c4 g5h6,478
1r3rk1/ppq2ppp/4pn2/3pP3/P7/1QPB4/1P3PPP/R3R1K1 b - -,f6h5 b3b4 g7g6 b4d4 b7b6 a1d1 c7e7 e1e3 b8d8 g2g3,60
r1bq1rk1/p2p1pp1/1nn1p2p/7P/1p1PP1P1/P2Q1P2/1P2N3/R1B1KB1R b KQ -,a7a5 g4g5 c8a6 d3e3 d8g5 e3g5 h6g5 c1g5 f7f6 g5e3,-55
3r4/pQ1bqkpp/2p5/1pb5/3p4/3P1P2/PPKB1nPP/RN3B1R b - -,c5d6 d2a5 d8e8 b1d2 f2h1 d2e4 d6h2 a5b4 e7b4 b7d7,92
2k5/p4P2/1pp4B/4P3/8/1P1P4/P1P3PP/R4RK1 b - -,c5d6 d2a5 d8e8 b1d2 f2h1 d2e4 d6h2 a5b4 e7b4 b7d7,Mate
r4rk1/3nqppp/p3p3/1p6/3Q3P/P3P3/1P2NPP1/R3K2R b - -,d7c5 d4c3 f8d8 e2d4 a8c8 b2b4 c5a4 c3b3 c8c3 b3b1,-262
8/8/2n5/8/1r6/2k5/K7/8 b - -,h7h6 a1c1 a8c8 c1c8 f8c8 e2c3 c8c4 d4a7 b5b4 a7a6,Mate
8/5R2/r4n1p/3p4/3K2P1/2P2k1P/8/8 b - -,f3f4 d4d3 a6c6 f7g7 f6e4 d3d4 e4c3 g7h7 c6c4 d4d3,-390
r1bqk2r/ppp2ppp/2nP4/8/2BPnQ2/5N2/P4PPP/RN2K2R b KQkq -,f7f5 d6c7 d8d6 f4e3 c6a5 c4b5 c8d7 b5d7 d6d7 e1h1,140
r1bk2nr/ppp3pp/2n2p2/4P3/2p5/P1B2N2/1P2PPPP/R3KB1R b KQ -,d8e7 g2g3 c8e6 f1g2 a8d8 e1h1 g8h6 f1d1 h6f7 e5f6,176
8/4k3/1K2N3/8/8/8/2Q2p2/8 b - -,,0
3q4/3n2QR/pp1k1p2/2rPpP2/1B6/8/P5PP/2R4K b - -,e5e4 g7f7 d7f8 b4c5 b6c5 h7h8 d8e7 h8f8 e7f7 f8f7,3384
r4rk1/ppp2pp1/7p/3Pp3/4q3/2P3P1/P1PQ1K1P/R6R b - -,a8d8 h1d1 e4c4 f2g2 c4c5 a1b1 b7b6 c3c4 c5c4 d2d3,-329
r1b1k2r/ppp1npp1/2nb1q2/3p3N/3P4/2PB4/PP3PPP/RNBQ1RK1 b kq -,f6h4 g2g3 h4h5 d1h5 h8h5 f1e1 c8f5 d3f5 h5f5 a2a4,-417
r7/1pp2pk1/3p1q1p/pB1P2P1/Pn4P1/1P3P2/1P1Q4/2K1R3 b - -,h6g5 b5d3 b4d5 d3f5 d5b4 e1h1 a8h8 h1h8 g7h8 c1b1,-118
5k2/5p1p/1p3b2/p2b4/3r3P/P5P1/1PK2P2/R7 b - -,d5e4 c2b3 a5a4 b3c3 d4d1 c3b4 d1a1 b4a4 f6b2 a4b3,-960
r4rk1/6p1/pppp2qp/4pP2/3P2bP/1PP2N2/P4PP1/R2Q1RK1 b - -,f8f5 f3e5 d6e5 f2f3 g4h5 d1d3 e5d4 a1c1 a8f8 c3d4,-443
rnbq1rk1/p4ppp/5n2/2pp4/1b6/P1NBPN2/1P1B1PPP/R2QK2R b KQ -,c8a6 d3a6 b4c3 a6b7 c3d2 f3d2 b8d7 b7a8 d8a8 e1h1,227
r2q1rk1/ppn2p1p/4b3/3pP1pQ/8/P1N1P1PP/1P4B1/2R1R1K1 b - -,f7f5 h3h4 e6f7 h5g5 d8g5 h4g5 f8e8 c3e2 c7e6 e2d4,135
1rb1r1k1/2qn1pbp/pp1p1np1/2pP4/P3PP2/2N4P/1PQNB1PK/R1B2R2 b - -,h7h6 b2b3 c5c4 b3b4 f6e4 d2e4 e8e4 c2e4 g7c3 a1a3,121
r1bqr1k1/pppn1ppp/5b2/8/2BP4/1Q2BN2/PPP2PPP/R3K2R b KQ -,d8e7 e1h1 d7b6 c4e2 h7h6 a2a4 a7a5 c2c4 c8f5 f1e1,138
r3kb1r/pp2pppp/n4n2/3P1b2/3P4/1BN5/PP3PPP/R1B1K1NR b KQkq -,a8d8 g1f3 a6b4 e1h1 f5c2 b3c4 c2d3 c4d3 b4d3 f1d1,60
1r1q1bk1/2p2pp1/2npr2p/1p4Pn/3PP3/3PB2P/1P1N1P2/R2Q1RK1 b - -,c6d4 d1h5 d4c2 a1a7 c2e3 f2e3 g7g6 h5h4 h6g5 h4g3,-100
4r1k1/1p4p1/p4p2/P1BQ3p/3P4/3q1P2/6PP/6K1 b - -,g8h7 d5h5 h7g8 h5e8 g8h7 e8e4 d3e4 f3e4 h7g6 d4d5,832
rnb1kbnr/pp1p1ppp/2q1p3/1B1N4/1P1QP3/8/P1P2PPP/R1B1K1NR b KQkq -,c6c2 g1f3 e6d5 e4d5 b8c6 d5c6 d7c6 b5d3 c2a4 e1h1,93
5k2/5p1p/1p3b2/3b4/p2r3P/P5P1/1PK2P2/3R4 b - -,c6c2 g1f3 e6d5 e4d5 b8c6 d5c6 d7c6 b5d3 c2a4 e1h1,Mate
r4r1k/1p4p1/p6p/2b5/6Q1/2N2p1P/PPP2qP1/R2R3K b - -,f8f4 g4g6 a8f8 d1d7 f2g2 g6g2 f3g2 h1g2 f4f2 g2h1,-435
r1bq1rk1/1p2b1pp/2p1p3/1P1p1p2/2PP4/2N1P1P1/3Q1PBP/R4RK1 b - -,a8a1 f1a1 d5c4 b5c6 b7c6 g2c6 e7b4 c6g2 d8d6 d2b2,62
1k3r2/1pp1R2p/p2p2p1/8/5p2/P2P1P2/1PP3PP/1K6 b - -,f8h8 b1c1 g6g5 c1d2 h7h6 a3a4 b7b5 a4a5 b5b4 e7e4,83
7R/8/8/8/4k2R/8/4K3/8 b - -,f8h8 b1c1 g6g5 c1d2 h7h6 a3a4 b7b5 a4a5 b5b4 e7e4,Mate
rnbq1rk1/ppp1ppb1/1n4pp/8/3P1B1P/2N1P1P1/PP3PB1/R2QK1NR b KQ -,c7c6 g1f3 b6d5 f3e5 b8d7 c3d5 c6d5 e5d3 d7f6 e1h1,45
3r1rk1/pp1n1ppp/2p5/P3q2n/1bB1P3/2N2P2/1PPBQ2P/1K1R2R1 b - -,g7g6 d2h6 b4c3 h6f8 g8f8 b2c3 e5c3 e2d3 c3a5 d3d6,136
3q1rk1/1pr3pp/p1n1pb2/P2p4/2bP3P/5N2/1P1BNPP1/R2Q1RK1 b - -,f6h4 f1e1 f8f3 g2f3 c7f7 e2g3 c6d4 a1a3 d8d7 f3f4,-182
4k3/4P3/P3R3/2p5/1pP3pp/1P6/2r3PK/8 b - -,c2a2 e6h6 e8e7 a6a7 a2a1 h6h8 e7f7 a7a8q a1a8 h8a8,800
r3kb1r/pp2pppp/5n2/3P1b2/1n1P4/1BN2N2/PP3PPP/R1B1K2R b KQkq -,b4c2 b3c2 f5c2 e1h1 a8d8 c1f4 f6d5 c3d5 d8d5 a1c1,59
rnbq1rk1/p4ppp/5n2/b2p4/1P6/2NBPN2/3B1PPP/R2QK2R b KQ -,c8h3 g2h3 a5b4 c3e2 b4d2 d1d2 a7a5 e1h1 b8c6 e2g3,331
r1bk2nr/ppp3pp/2n2p2/2b1P3/2p1N3/P4N2/1P1BPPPP/R3KB1R b KQ -,c5b6 e2e3 c6e5 f3e5 f6e5 d2c3 g8f6 e4d2 e5e4 f1c4,135
8/p4p1p/5kp1/1P6/Pr6/8/5PP1/R5K1 b - -,f6e6 a1a3 h7h5 a3e3 e6f6 e3f3 f6g7 f3c3 b4a4 c3c6,-3
4k3/P3P3/4R3/2p5/1pP3p1/1P5p/2r3PK/8 b - -,c2a2 e6g6 e8e7 g6g8 a2g2 h2h1 g2a2 a7a8q a2a8 g8a8,807
1r3rk1/1pq2ppp/p3pn2/3pR3/P2P4/2PB4/1PQ2PPP/R5K1 b - -,f8c8 g2g3 b7b5 e5e1 g7g6 e1c1 c7b7 b2b4 f6e4 d3e4,7
5rk1/pb4pp/q5r1/1p3p2/1PpPpQ2/P1P1RP1P/6P1/1NR3K1 b - -,e4f3 e3f3 b7f3 f4f3 a6e6 b1d2 f8e8 c1f1 e6e3 f1f2,-382
3rr2k/1p4qp/p1n3p1/3BppQ1/P7/2P5/1P3PPP/3RR1K1 b - -,g7e7 h2h4 d8d6 d5c6 d6c6 d1d5 e7g5 h4g5 c6b6 b2b4,44
r2q1rk1/pp1bbppp/2n2B2/1B1p4/3P4/2N2N2/PP3PPP/R2Q1RK1 b - -,d7g4 f6e7 c6e7 h2h3 g4f3 d1f3 d8b6 b5a4 a8d8 f1e1,480
3b4/5Bk1/4p2p/q7/P7/5R2/3r2PP/5Q1K b - -,a5e5 f3g3 d8g5 f7h5 d2a2 f1f7 g7h8 g3f3 e5g7 f7e8,53
r1b2rk1/p3Rppp/1p1n4/2P5/8/1P3N2/1P1N1PPP/4R1K1 b - -,d6e8 e7e8 b6c5 e8f8 g8f8 d2e4 a8b8 f3e5 g7g6 e4c5,496
1k6/1pp4R/p2p2p1/5r2/5p2/P2P1P2/1PP3PP/1K6 b - -,b8c8 h7h4 b7b5 b1c1 a6a5 c1d2 c7c5 d2e2 c8d7 h4h7,125
2rqr1k1/pb2bp2/1pn2n1Q/3p4/8/P1NB1N2/1P3PPP/3RR1K1 b - -,e7f8 e1e8 d8e8 h6f6 f8g7 c3d5 e8d8 f6d8 c8d8 d5c3,190
3r1rk1/1pq3p1/pNb1pp2/2Q3n1/2PRp1Pp/2P1P2P/P4PB1/3R2K1 b - -,g8h7 b6d7 f8e8 d7b6 h7h6 d1d2 e6e5 d4d8 e8d8 d2d8,-79
3q4/3n1Q1R/pp1k1p2/3PpP2/8/8/P5PP/2B4K b - -,d7c5 c1a3 d8c8 f7e6 c8e6 f5e6 e5e4 h7d7 d6e5 a3c5,Mate
7R/8/8/4k2R/8/8/4K3/8 b - -,d7c5 c1a3 d8c8 f7e6 c8e6 f5e6 e5e4 h7d7 d6e5 a3c5,Mate
r1b1k2r/1pb2ppp/p1N1pn1B/8/8/5Q2/PPP2PPP/2K4R b kq -,f6d7 h6g7 h8g8 g7h6 g8g6 h6e3 d7f6 c6a7 f6d5 a7c8,383
1r1q1bk1/2p2pp1/3pr2p/1p4Pn/3BP3/3P3P/1P1N1P2/R2Q1RK1 b - -,d8g5 g1h1 h5f4 d1f3 g5h4 h1h2 c7c5 f1g1 h6h5 d4e3,-278
r1bq1k1r/ppp2B1p/2np3p/b3P3/4P3/1QP2N2/P4PPP/RN2K2R b KQ -,c6e5 f3e5 d6e5 b3a3 f8f7 a3a5 h8g8 b1d2 g8g2 e1a1,10
r2q1rk1/pp1b1ppp/2n2b2/1B1N4/3P4/5N2/PP3PPP/R2Q1RK1 b - -,d7e6 d5f6 d8f6 b5c6 b7c6 a1c1 e6g4 h2h3 g4f3 d1f3,60
r1r5/1p1np1kp/3p1pp1/3P4/3QP2P/qP3P2/4B1P1/R2R2K1 b - -,a3b3 a1b1 b3a2 e2b5 d7e5 b1b2 a2a3 d4f2 c8c3 d1b1,-125
r1b1k2r/ppp1npp1/2nb1q2/3p3p/3P4/2PB2NP/PP3PP1/RNBQ1RK1 b kq -,g7g5 h3h4 d6f4 d1f3 c8g4 h4g5 f4g5 f3f6 g5f6 b1a3,-11
r1bqr1k1/ppp2ppp/2np1n2/4p3/4P3/P1BP1N2/1PP1QPPP/2KR1B1R b - -,d6d5 e4d5 d8d5 e2e3 c8g4 f1e2 c6d4 h2h3 g4d7 d1e1,-161
8/5pk1/r7/PRp5/2P3Np/1P5P/3n1PK1/8 b - -,d2e4 g4e5 a6d6 b5b7 e4g5 b7b6 d6d1 e5f3 g5e6 f3h4,450
6k1/3R4/6pp/8/6PP/5P2/6K1/r7 b - -,a1a2 g2g3 a2a4 d7b7 a4a3 b7e7 a3a4 g3h3 a4a3 h3g2,3
r3kb1r/pp2pppp/5n2/3P1b2/3P4/1BNn1N2/PP2KPPP/R1B4R b kq -,a8c8 b3a4 e8d8 f3e5 d3e5 d4e5 f6d7 c1e3 d7e5 e3a7,195
6Q1/1r6/2kpp3/2rq1p2/Pp6/1P6/2P2RP1/1K5R b - -,b7c7 h1e1 d5d4 f2e2 c6b6 g8b8 b6a6 b8a8 a6b6 g2g4,24
8/7k/1K1Q4/PP4p1/8/8/8/5q2 b - -,f1g1 b6b7 g1f1 b5b6 g5g4 b7a7 f1f2 d6d7 h7h6 d7g4,761
5rkr/ppp1nppp/8/4p1N1/2B3b1/3PQ3/PPP2P1P/R3R1K1 b - -,e7c6 e3g3 g4f5 c2c3 h7h6 g5e4 g7g6 g3g2 f5e4 e1e4,715
r4rk1/2B2ppp/p1n5/qpbN4/P7/1Q6/1P3PPP/3R1RK1 b - -,c6d4 d1d4 a5c7 d5c7 c5d4 c7a8 b5a4 b3a4 d4f2 g1h1,550
3r1bn1/pp2kpp1/8/2p1P1P1/6B1/8/Ppb2P2/5RKQ b - -,e7e8 h1b7 f8e7 b7b2 c2d3 f1d1 e8f8 e5e6 f7f6 g4e2,523
1r3rk1/2q2ppp/p3pn2/1P1pR3/3P4/2PB4/1PQ2PPP/R5K1 b - -,f6d7 d3h7 g8h8 e5h5 d7f6 h5h3 a6b5 h7d3 h8g8 c2d2,165
1r4k1/1P3p1p/b7/2pBP1p1/8/8/1R6/6K1 b - -,g8g7 g1f2 h7h5 b2b6 a6b7 b6b7 b8b7 d5b7 h5h4 f2f3,-29
2r3r1/Q1p1kp1p/2ppbp2/4P3/3R2q1/2N1R1P1/PP3P1P/6K1 b - -,g4d4 a7d4 f6e5 d4e4 e7d7 e4d3 d7e7 e3e1 h7h5 d3f3,445
7R/8/3k3R/8/8/8/4K3/8 b - -,g4d4 a7d4 f6e5 d4e4 e7d7 e4d3 d7e7 e3e1 h7h5 d3f3,Mate
rnbq1rk1/1p2ppbp/p2p1np1/8/4P3/1NN5/PPP1BPPP/R1BQR1K1 b - -,c8e6 b3d4 e6d7 h2h3 b8c6 d4f3 d7e6 f3g5 b7b5 a2a4,3
q2r3k/1bR2pp1/pp3n1p/2P5/1P1B4/PN5P/5P2/1R3BK1 b - -,b6c5 b3c5 b7f3 d4e5 a8d5 b1e1 d8e8 c5d3 f6e4 e5f4,-268
rnbqr1k1/1pp2ppp/p4b2/7Q/2BP4/4BN2/PPP2PPP/R3K2R b KQ -,c8e6 c4e6 e8e6 e1h1 g7g6 h5a5 b8d7 a5d2 b7b5 a1e1,134
3r1rk1/3n1ppp/1pp5/4q1Rn/1bB1P3/2N2P2/1PPBQ2P/1K1R4 b - -,e5e7 g5h5 d7f6 h5g5 e7a7 c3a2 b4d2 d1d2 f6d7 c2c3,362
r1bqkbnr/p2ppp1p/1pn3p1/2p2P2/4P3/2NP4/PPP3PP/R1BQKBNR b KQkq -,g6f5 e4f5 d7d5 g2g4 e7e6 g1f3 e6f5 g4f5 c8f5 d1e2,-42
6k1/3R4/6pp/8/6PP/5PK1/r7/8 b - -,a2a4 d7c7 a4a2 g3f4 a2a4 f4e5 a4a5 e5d4 a5a3 c7c3,5
8/7k/1K6/PPQ3p1/8/8/5q2/8 b - -,f2f3 c5g5 f3d3 g5f6 d3d7 f6c6 d7d3 b6a7 d3f5 a5a6,776
2rqRbk1/pb3p2/1pn2n1Q/3p4/8/P1NB1N2/1P3PPP/3R2K1 b - -,d8e8 h6f6 f8g7 c3d5 e8d8 f6d8 c8d8 d5c3 g8f8 d3e2,198
r2q1rk1/pp3ppp/2n2N2/1B6/3P2b1/5N2/PP3PPP/R2Q1RK1 b - -,g8h8 f6g4 f7f5 g4e3 g7g5 b5c6 b7c6 f3e5 f5f4 e3g4,711
3r1rk1/3n1ppp/1pp5/4q1R1/1bB1PB2/2N2P2/1PP1Q2P/1K1R4 b - -,e5c5 g5c5 d7c5 f4d6 b4c3 d6f8 d8f8 c4f7 g8f7 e2c4,601
r3k2r/pb2bp1p/np2pp1B/1p6/8/3B1N2/PPP2PPP/R2KR3 b kq -,e8a8 d1e2 b5b4 e2f1 h8g8 d3b5 f6f5 g2g3 a6c7 b5e2,-154
rn1qr1k1/ppp2ppp/8/3P4/1bBP1NP1/2N4b/PPP2K1P/R1BQ3R b - -,d8h4 f2f3 h3g4 f3g2 g4d1 c3d1 h4g4 g2f2 b4e1 h1e1,-638
r1bqkbnr/pp1ppppp/6n1/8/3P1P2/8/PP4PP/RNBQKBNR b KQkq -,e7e6 b1c3 g8f6 g1f3 g6e7 f1d3 g7g6 f4f5 g6f5 d1e2,-139
1rr3k1/3bqpbp/1p1p2p1/pP1Pp2n/P3P3/4BP2/1K1QB1PP/1NR4R b - -,e7d8 c1c6 f7f5 h1c1 h5f6 b1c3 g8h8 g2g3 g7f8 e2d3,227
5Q2/1k6/2p4B/1P2P3/R7/1P1P4/2P3PP/5RK1 b - -,e7d8 c1c6 f7f5 h1c1 h5f6 b1c3 g8h8 g2g3 g7f8 e2d3,Mate
8/kbN5/8/8/8/7R/p6K/8 b - -,,0
rn1qr1k1/1pp2ppp/p3Bb2/7Q/3P4/4BN2/PPP2PPP/R3K2R b KQ -,e8e6 e1h1 g7g6 h5a5 b8c6 a5d2 e6d6 c2c3 c6e5 f3e5,138
3q4/2kn3R/pp2Qp2/3PpP2/8/8/P5PP/2B4K b - -,e8e6 e1h1 g7g6 h5a5 b8c6 a5d2 e6d6 c2c3 c6e5 f3e5,Mate
3r1rk1/3n1ppp/1pp5/5R2/1bB1Pq2/2N2P2/1PP1Q2P/1K1R4 b - -,b4d6 f5f4 d6f4 e2f2 b6b5 c4b3 h7h6 c3e2 d7e5 d1d8,487
3Q4/1r6/1k1pp3/2rq1p2/Pp6/1P6/2P2RP1/1K5R b - -,,0
3R2k1/8/6pp/8/r5PP/5PK1/8/8 b - -,g8g7 d8d5 a4a7 g3f4 g7f6 h4h5 g6g5 f4e3 f6g7 d5d3,7
2r3k1/4qppp/p7/1p6/4p2P/P2rPP2/1P2QKP1/R6R b - -,h7h6 a1d1 d3d1 e2d1 e4f3 g2f3 h6h5 d1d2 c8c4 b2b3,-245
2r5/pq3k2/1p2N2R/2p1np2/3p4/3P1PP1/PPPQ2K1/8 b - -,b7f3 g2h3 f3h1 d2h2 h1h2 h3h2 e5g4 h2g2 g4h6 e6f4,-568
rnbq1rk1/ppp1ppb1/1n4pp/8/3P1B2/2N1P1P1/PP2NPBP/R2QK2R b KQ -,b8d7 d1c2 e7e5 d4e5 d7e5 e1h1 d8e7 a1d1 c7c6 h2h3,34
r1b1k1nr/ppp1qppp/1bnp4/8/2B1P3/B1Q2N2/P2N1PPP/R4RK1 b kq -,f7f6 a1e1 c6e5 c4d5 g8h6 f3d4 g7g5 h2h3 h6f7 d4f5,1
rn1qkb1r/pp2pp1p/5p2/3p4/3P2b1/2N5/PPQ1PPPP/R3KBNR b KQkq -,d8d7 e2e4 b8c6 c3d5 a8c8 f1b5 g4e6 g1e2 e6d5 e1h1,32
7R/8/7R/2k5/8/3K4/8/8 b - -,d8d7 e2e4 b8c6 c3d5 a8c8 f1b5 g4e6 g1e2 e6d5 e1h1,Mate
r4rk1/2B2ppp/p1n5/2bN4/p7/8/1P3PPP/2R2RK1 b - -,c5a7 c1c6 a7b8 c7b8 f8b8 d5b6 a8a7 b6a4 g7g6 c6c1,400
rnb2rk1/5ppp/2p2n2/1p1p4/3N2P1/qPN1P2P/2PKQPB1/3R3R b - -,b5b4 c3d5 c6d5 d1a1 a3a1 h1a1 a8a1 e2b5 c8d7 b5b4,-250
4k3/P3P3/7R/2p5/1pP3p1/1P5p/r7/7K b - -,e8e7 h6h8 a2a7 h8h7 e7f6 h7a7 f6e5 a7d7 g4g3 d7h7,1197
rnbq1rk1/ppp1ppb1/1n5p/4B1p1/3P4/2N1P1P1/PP2NPBP/R2QK2R b KQ -,b8c6 e5g7 g8g7 d4d5 c6e5 f2f4 e5g6 d1d4 e7e5 f4e5,157
8/6k1/6pp/3R4/r5PP/5PK1/8/8 b - -,a4a7 g3f4 a7f7 f4e4 f7e7 d5e5 e7b7 h4h5 g6g5 e5d5,10
3r1k2/ppQ3p1/3ppnBp/3b4/3q4/P4P1N/1P4PP/4R2K b - -,d4g1 h1g1 d8d7 c7b8 f8e7 b8h8 e6e5 h8g7 e7d8 g7f6,Mate
3rkr2/1p3pQp/pNb5/4pP2/1P1qn3/KB6/P1P4P/3R4 b - -,f7f6 d1d4 e5d4 b3e6 e4g5 b6c8 d8c8 e6c8 f8f7 g7g8,413
r1b2k1r/ppp1q2p/2np3p/b2BP3/4P3/1QP2N2/P4PPP/RN2K2R b KQ -,,0
1r3rk1/2q2ppp/4pn2/3pR3/1pPP4/3B4/1PQ2PPP/4R1K1 b - -,b4b3 c2c3 g7g6 h2h3 f6d7 e5e3 d5c4 d3c4 f8c8 e1c1,-21
r2q1rk1/3n1ppp/p7/PppQP3/1P3BP1/R6P/2P2P2/5RK1 b - -,a8c8 f1d1 d7b8 b4c5 d8e7 e5e6 f7e6 d5d2 e7f6 f4d6,167
8/p4p2/5kp1/1P5p/Pr6/8/5PPK/R7 b - -,f6f5 a1a3 g6g5 a3f3 f5g6 g2g3 h5h4 f3c3 b4a4 c3c6,-3
8/kb6/8/1N6/8/q7/7K/8 b - -,,0
8/r5k1/6pp/3R4/5KPP/5P2/8/8 b - -,g7f6 f4g3 g6g5 d5f5 f6g6 h4h5 g6g7 f5c5 a7e7 g3f2,7
8/5q1k/K7/PPQ3p1/8/8/8/8 b - -,g5g4 b5b6 f7g6 c5c7 h7h6 c7f4 h6h5 a6a7 g6c2 f4e5,822
r1bq1r1k/pp1pbp1p/2n1p2p/4P3/2B5/2N2N1P/PP2QPP1/3R1RK1 b - -,f8g8 c3e4 d8f8 e4d6 a7a6 c4b3 f7f6 f1e1 f6e5 f3e5,70
r1b1k2r/ppp1qppp/1bnp1n2/4P3/2B5/B1Q2N2/P2N1PPP/R4RK1 b kq -,f6h5 e5d6 c7d6 a1e1 c8e6 d2e4 e8a8 c4e6 f7e6 f3e5,110
r3kb1r/pp2pppp/5n2/3P1b2/3P4/2N2N2/PPB2PPP/R1B1K2R b KQkq -,g7g6 c2f5 g6f5 c1f4 f8g7 f3h4 e7e6 d5e6 f7e6 h4f3,566
5rk1/3qp1bp/1n1pp1p1/ppr5/2n1P3/1QP1NP2/PP4PP/1KBR1B1R b - -,c4b2 c1b2 b6a4 d1c1 a4b2 b1b2 f8c8 e3d1 d6d5 e4d5,-139
r4rk1/pp2qppp/5n2/2pp4/6b1/2PBPN1P/PP2QPP1/R4RK1 b - -,g4f3 e2f3 a8d8 a1d1 d8d6 c3c4 f8d8 b2b3 g7g6 c4d5,-6
1r3rk1/2q2ppp/4pn2/3pR3/2PP4/1pQB4/1P3PPP/4R1K1 b - -,g7g6 g2g3 c7b7 c4c5 b7b4 e5e3 b4c3 b2c3 b3b2 e1b1,-17
8/1p4pk/p4p2/P1B5/3PQ3/3q1P2/6PP/6K1 b - -,d3e4 f3e4 h7g6 d4d5 g6f7 g1f2 f7e8 f2f3 e8d7 f3f4,1249
8/1b6/k7/8/8/N7/7K/8 b - -,,0
8/5rk1/6pp/3R4/4K1PP/5P2/8/8 b - -,f7e7 d5e5 e7c7 h4h5 g6g5 e5e6 g7h7 e4e3 c7a7 e6c6,10
r1bqkb1r/pp1ppppp/5nn1/5P2/3P4/8/PP4PP/RNBQKBNR b KQkq -,g6h4 b1c3 e7e6 f5e6 d7e6 g1f3 h4f5 f1d3 f8e7 e1h1,-140
r4rk1/1pp2pp1/pbq4p/4R3/n1Q3bB/N1P2N2/PP3PPP/R5K1 b - -,g4f3 g2f3 c6g6 g1h1 a4b2 c4e2 b2d3 e5e4 a8d8 a1g1,-326
2rq1rk1/pb5p/1p2Qpp1/n2P4/7b/P2B1N2/1B3PP1/3R1RK1 b - -,g8g7 f3h4 d8d5 e6g4 d5h5 g4h5 g6h5 h4f5 g7h8 f2f3,536
8/kbN5/8/8/8/R7/7K/q7 b - -,a7b8 c7a6 b7a6 a3a1 b8b7 h2g3 b7b6 a1c1 a6d3 c1c3,7
2kq4/3n3R/ppQ2p2/3PpP2/8/8/P5PP/2B4K b - -,a7b6 a3a1 b6c7 a1d1 c7c6 h2g3 b7a6 g3f4 a6c4 f4e5,Mate
rn2kbnr/pp4p1/2p1pqpp/8/6QP/3B2N1/PPPP1PP1/R1B1K2R b KQkq -,e8f7 c2c3 b8d7 d3c2 f6e5 g3e2 e5h5 g4g3 g6g5 g3c7,290
2kr1bnr/pppqpppp/2n1b3/3p4/Q2P1B2/2P1PN2/PP3PPP/RN2KB1R b KQ -,a7a6 b2b4 c6a7 a4a5 f7f6 b4b5 g7g5 f3g5 f6g5 f4e5,167
8/1p3pk1/1P4np/2PR2p1/3Pp1P1/4r2P/r5B1/6RK b - -,g6f4 d5f5 e3e2 f5f4 g5f4 d4d5 f4f3 d5d6 f3g2 h1h2,-604
r1q2rk1/3n1ppp/p7/P2QP3/5BP1/2p4P/5P2/1R3RK1 b - -,,0
2Q2k2/pp1r2p1/3ppnBp/3b4/3q4/P4P1N/1P4PP/4R2K b - -,f8e7 c8h8 d4h4 e1d1 d5c6 h1g1 h6h5 g2g3 h4h3 h8g7,Mate
r1bq1rk1/1p1nbppp/2p1pn2/p7/P1pPP3/2N3P1/1P1N1PBP/R1BQ1RK1 b - -,b7b5 a4b5 c6b5 c3b5 c8a6 b5c3 d7b6 e4e5 f6d5 d2e4,52
r1b1k2r/ppp1qppp/1bnP4/7n/2B5/B1Q2N2/P2N1PPP/R4RK1 b kq -,c7d6 a1e1 c8e6 d2e4 e8a8 c4e6 f7e6 f3e5 e7c7 a3d6,97
8/p2R1kpp/8/8/2b5/P3r1bP/1Pr3P1/R1B3K1 b - -,e3e7 d7e7 f7e7 c1e3 e7e6 a1c1 c2c1 e3c1 g3e5 g1f2,-523
8/4r1k1/6pp/4R3/4K1PP/5P2/8/8 b - -,e7c7 h4h5 g6g5 e5e6 g7h7 e4e3 c7f7 e6c6 h7g7 c6c3,10
r1b2rk1/p1R2ppp/1p1n4/2p5/3P4/1P3N2/1P1N1PPP/4R1K1 b - -,d6b5 c7e7 b5d4 f3d4 c5d4 e1e4 d4d3 e4d4 c8a6 h2h4,-78
r4rk1/pp2qppp/5n2/2pp3b/8/2PBPN1P/PP2QPP1/3R1RK1 b - -,e7e6 d1c1 f8e8 e2d1 e6b6 b2b3 a8d8 d3e2 a7a5 f1e1,-37
r3kb1r/pp2pppp/5n2/3P4/3P4/2N2N2/PPbB1PPP/R3K2R b KQkq -,c2f5 a1c1 a8d8 e1h1 f6d5 c3d5 d8d5 c1c7 d5d7 c7d7,64
Q7/1r6/1k1pp3/2rq1p2/Pp6/1P3R2/2P3P1/1KR5 b - -,,0
r2r4/5p1k/p1p2q1p/1p2pP2/1P1pP3/R1PP4/1P2Q1PP/5RK1 b - -,f6e7 f5f6 e7e6 a3a1 e6b3 e2d2 d4c3 b2c3 d8g8 g2g3,152
r5k1/p2Nbp1p/1p4p1/2p4n/8/2N2bP1/PP3P1P/R1BR2K1 b - -,a8d8 d1d3 f3c6 d7e5 d8d3 e5d3 h5g7 d3e1 e7f6 c1d2,518
r1b2k1r/ppp4p/3p3p/b2Bq3/4P3/Q1P5/P4PPP/RN2K2R b KQ -,a5b6 e1h1 c7c6 d5b3 f8g7 b1d2 e5f4 d2f3 h8f8 f3d4,-16
8/p4p2/6p1/1P3k1p/Pr6/R7/5PPK/8 b - -,f5g5 a3c3 b4h4 h2g3 h4a4 c3c6 a4a2 f2f3 a2b2 c6a6,-5
r4r2/1pp3k1/n2p2pp/p1nPp3/2P1N3/PP2PB2/6PP/1R1R2K1 b - -,c5e4 f3e4 a6c5 e4c2 c5d7 d1f1 d7f6 f1f3 h6h5 b1f1,-58
rnb1k2r/pp3ppp/2p5/4p2P/4P1P1/3P1Pq1/P2KB3/2RQ4 b kq -,c8e6 c1b1 b7b6 d2c2 g3f2 d1d2 b8d7 f3f4 e5f4 d3d4,-764
r1q2rk1/3n1ppp/p7/P2QP3/1Rp2BP1/7P/5P2/5RK1 b - -,c8c5 d5c5 d7c5 b4c4 c5d3 f4g3 f8e8 f2f4 a8d8 c4c6,154
1rB4k/6pp/p2p1p2/5P2/Pb6/7P/2P3P1/1R5K b - -,,0
5rkr/pp2nppp/2p5/4p1N1/2B3b1/3P2Q1/PPP2P1P/R3R1K1 b - -,e7d5 g3g4 h7h6 g5f3 b7b5 c4b3 a7a5 g4f5 a5a4 b3d5,978
r3b1k1/4QPp1/1q6/2R5/1PB1P3/5P1P/5K2/q7 b - -,g8h7 e7h4 b6h6 h4h6 h7h6 f7f8q a1d4 f2e2 d4b2 e2e3,Mate
rn1qk2r/1b2bppp/pp1ppn2/8/2PQ4/1PN2NP1/PB2PPBP/R4RK1 b kq -,d8c7 e2e4 b8d7 d4e3 e8h8 f3d4 a8b8 f2f4 f8c8 h2h3,56
r1b1k2r/pp2qppp/1bnp4/7n/2B5/B1Q2N2/P2N1PPP/4RRK1 b kq -,c8e6 d2e4 e8a8 f3e5 e7c7 e4d6 d8d6 a3d6 c7d6 c4e6,94
r4rk1/5pp1/pppp3p/8/3Pq1bP/1P3N2/P4PP1/R2QR1K1 b - -,e4g6 a1c1 a8c8 e1e3 b6b5 d1d3 g4f5 d3d2 f5e6 f3h2,-168
7Q/pp1rk1p1/3ppnBp/3b4/3q4/P4P1N/1P4PP/4R2K b - -,d4h4 e1d1 d5c6 h1g1 d6d5 g2g3 h4h3 h8g7 e7d6 g7f6,251
8/2r3k1/6pp/4R2P/4K1P1/5P2/8/8 b - -,g6g5 e5e6 g7h7 e4e3 c7f7 e6b6 h7g7 b6g6 g7h7 e3f2,10
8/8/5k2/2R2ppp/8/4PK2/1r3PPP/8 b - -,b2b4 c5c6 f6f7 c6c2 h5h4 h2h3 b4b1 f3e2 b1g1 c2c5,4
r4rk1/1ppqppbp/p4np1/3pPb2/5B2/P1N3P1/1PPQPPBP/2R1R1K1 b - -,f6g4 d2d5 g4e5 f4e5 d7d5 c3d5 g7e5 d5e7 g8g7 e7f5,163
rnb1k2r/ppp2pbp/5np1/4P3/2P1P3/2N5/PP4PP/R1BK1BNR b kq -,f6g4 c3d5 b8a6 d1c2 g4f2 c4c5 c7c6 f1a6 c6d5 c1e3,-127
R7/5pp1/4p2p/P4k2/8/r7/3K3P/8 b - -,f7f6 d2c2 e6e5 a8a7 g7g5 c2b2 a3d3 a7e7 d3d5 a5a6,-536
r1b2k1r/ppp4p/1b1p3p/3Bq3/4P3/Q1P5/P2N1PPP/R3K2R b KQ -,a7a5 a3b2 b6c5 a2a4 c7c6 d5a2 f8g7 e1h1 h8f8 g1h1,31
r1R2rk1/p4ppp/1p6/5n2/3N4/1P6/1P1N1PPP/4R1K1 b - -,f5d6 c8c3 f8e8 e1e8 a8e8 g1f1 d6b7 c3e3 e8c8 f1e2,459
r2k2nr/pppb2pp/2n1Pp2/8/1bp5/2N2N2/PP1BPPPP/2KR1B1R b - -,d7c8 d2h6 d8e7 h6g7 c8e6 g2g3 a7a5 g7h8 g8h6 c3d5,397
rnbq1rk1/ppp1p1b1/1n3p1p/4B1p1/3P3P/2N1P1P1/PP2NPB1/R2QK2R b KQ -,f6e5 h4g5 b8c6 d1b3 g8h8 g2e4 c8g4 e1a1 e5d4 e2f4,-71
r3kb1r/pp2pppp/5n2/3P4/3P1B2/2N2N2/PPb2PPP/R3K2R b KQkq -,a8d8 a1c1 c2d3 f3e5 d3f5 g2g4 f6g4 c3b5 e7e6 d5d6,51
2r4k/6pp/p2p1p2/5P2/PR6/7P/2P3P1/7K b - -,,0
rn1qk1nr/ppp2ppp/4b3/3p4/1bPP4/2N4N/PP3PPP/R1BQKB1R b KQkq -,b8c6 h3f4 g8f6 f4e6 f7e6 a2a3 b4c3 b2c3 e6e5 d4e5,24
3rr1k1/pb2npbp/1pnq2p1/2p1pPB1/3pP1PN/3P2NP/PPP3B1/R1Q2RK1 b - -,c5c4 f5f6 c4d3 c2d3 b7a6 f6g7 a6d3 f1f2 d3a6 g1h2,330
2rk3r/3b1p1p/pR3pp1/B1bP4/3N4/5P2/P1P3PP/4R1K1 b - -,c5d4 g1f1 d4e5 b6b7 d8e7 f3f4 c8b8 b7a7 b8b5 a7a6,82
r3k2r/pp2qppp/1bnpb3/7n/2B1N3/B1Q2N2/P4PPP/4RRK1 b kq -,e8a8 f3e5 e7c7 c4e6 f7e6 a3d6 d8d6 e4d6 c7d6 e5f7,92
8/2r3k1/4R2p/6pP/4K1P1/5P2/8/8 b - -,c7d7 e4e5 d7f7 e6g6 g7h7 g6f6 f7e7 f6e6 e7f7 e5e4,10
6k1/3qr1p1/2p4p/Q4p2/P1Pp1P2/1P6/2P3PP/4R1K1 b - -,e7e3 a5d2 e3e4 h2h3 c6c5 e1a1 d7e6 a4a5 e4e2 d2d3,375
2kr1bnr/pppqppp1/2n1b2p/1B1p4/Q2P1B2/2P1PN2/PP3PPP/RN2K2R b KQ -,a7a6 f3e5 c6e5 b5d7 e6d7 a4c2 e5g6 f4g3 h6h5 h2h3,324
r2r2k1/1b1nqppp/p1p5/1p2p3/P2PP3/1BP2N2/4QPPP/3RR1K1 b - -,a8b8 a4b5 a6b5 b3c2 c6c5 e2b5 c5d4 c3d4 b7e4 b5e2,25
rn1qk2r/1b2bppp/pp1ppn2/8/2PN4/1PN3P1/PB2PPBP/R2Q1RK1 b kq -,a8a7 e2e4 e8h8 d1e2 b8d7 f2f4 h7h6 a1d1 b7a8 g3g4,82
r1b2rk1/1pq2ppp/p1nbp3/8/P7/2PB1N2/1P3PPP/R1BQR1K1 b - -,f8d8 d1e2 h7h6 a4a5 c6a5 a1a4 a5c6 a4h4 d6e7 h4h5,28
8/6K1/7p/7R/k7/7P/6P1/8 b - -,f8d8 d1e2 h7h6 a4a5 c6a5 a1a4 a5c6 a4h4 d6e7 h4h5,Mate
8/R4pk1/1P5p/2P3p1/3Pp1P1/8/r5r1/5K2 b - -,f8d8 d1e2 h7h6 a4a5 c6a5 a1a4 a5c6 a4h4 d6e7 h4h5,Mate
r4rk1/1ppqppbp/p1n2np1/3pNb2/3P1B2/P1N3P1/1PPQPPBP/2R1R1K1 b - -,d7d8 e5c6 b7c6 f4e5 h7h5 c3a4 f6e4 d2f4 e4d6 e5g7,106
rnbqr1k1/pp3ppp/2p2b2/7Q/2BP4/4BN2/PPP2PPP/R3K2R b KQ -,c8e6 c4e6 e8e6 e1h1 g7g6 h5c5 b8a6 c5c4 a6c7 f1e1,121
5r1k/p1r1Nppp/1p6/8/4N3/1P6/1P3PPP/4R1K1 b - -,c7e7 g2g4 h7h6 f2f3 f7f5 g4f5 f8f5 e1e3 e7d7 e3c3,-454
r1bqkbnr/pp1p1ppp/4p1n1/8/3P1PP1/8/PP5P/RNBQKBNR b KQkq -,d8h4 e1d2 b7b5 f1b5 g8f6 b1c3 c8b7 g1e2 f6g4 h1g1,-342
8/3r2k1/4R2p/5KpP/6P1/5P2/8/8 b - -,d7f7 f5e4 f7d7 e6g6 g7h7 e4e3 d7e7 e3f2 e7a7 g6d6,8
6k1/3q2p1/2p4p/5p2/P1Pp1P2/1P6/2P3PP/4Q1K1 b - -,g8f7 e1e5 d4d3 c2d3 d7d3 h2h3 d3b3 e5f5 f7e7 f5e4,512
r2q1rk1/1b1nppbp/p5p1/1p1P4/P2P4/1QN2N2/1P3PPP/R1B2RK1 b - -,f8e8 a4b5 a6b5 c1g5 h7h6 g5h4 d7b6 b3b5 b7d5 f3e5,35
2kr3r/pp2qppp/1bnpB3/7n/4N3/B1Q2N2/P4PPP/4RRK1 b - -,f7e6 f3e5 e7c7 e4d6 d8d6 a3d6 c7d6 e5f7 d6f8 f7h8,91
1rq2rk1/3n1ppp/p7/P3P3/5BP1/3Q3P/2p2P2/2R2RK1 b - -,b8b2 f1e1 c8c6 f4d2 f8c8 e1e3 c6b5 g1h2 b2a2 d3d6,-66
rn2kb1r/pp2n1p1/2p1pqpp/8/4N1QP/3B4/PPPP1PP1/R1B1K2R b KQkq -,b8d7 e4f6 d7f6 g4e2 f6d5 d3e4 e7f5 e4f5 g6f5 d2d4,586
7R/P3k3/8/2p5/1pP3p1/1P5p/r7/7K b - -,a2a1 h1h2 a1a2 h2g3 h3h2 h8h2 a2a3 h2h8 a3b3 g3g4,1498
r4rk1/p1p2ppp/1pn1p3/3PP3/3P3q/2PBB3/P2Q4/2KR4 b - -,c6d8 d2g2 f7f5 d1g1 h4e7 d5d6 c7d6 e3h6 e7c7 c1b1,171
2rrn1k1/1b4pp/1p3p2/pP1p1q2/P1pP3Q/2N1PN2/6BP/2R2RK1 b - -,c8c7 f3e5 f5e6 e5c6 b7c6 b5c6 c7c6 e3e4 e8c7 e4d5,399
2rk3r/3b1p1p/pR3pp1/B2P4/3b4/5P2/P1P3PP/4R2K b - -,d4e5 b6b7 d8e7 f3f4 c8b8 b7a7 b8b5 a7a6 h8c8 f4e5,84
8/5pk1/r7/PRp1N3/2P1n2p/1P5P/5PK1/8 b - -,e4d2 f2f4 f7f5 g2f2 a6d6 b5b7 g7g8 f2e2 d2e4 e2e3,444
2r2rk1/1p3ppp/p1n5/q1bN4/P7/1Q6/1P1B1PPP/3R1RK1 b - -,f8d8 d2a5 c6a5 b3g3 h7h6 d5f6 g8h8 d1d8 c8d8 f6h5,541
2kr3r/pp2q1pp/1bnpp3/4N2n/4N3/B1Q5/P4PPP/4RRK1 b - -,e7c7 a3d6 d8d6 e4d6 c7d6 e5f7 d6f8 f7h8 h5f6 c3c4,92
1k1q4/3R4/ppQ2p2/3PpP2/8/8/P5PP/2B4K b - -,e7c7 a3d6 d8d6 e4d6 c7d6 e5f7 d6f8 f7h8 h5f6 c3c4,Mate
8/5rk1/4R2p/6pP/4K1P1/5P2/8/8 b - -,f7f4 e4e3 f4f7 e3e2 f7a7 e2d3 a7d7 d3e4 d7f7 e6a6,8
8/1P3q1k/K7/P1Q5/8/6p1/8/8 b - -,f7e6 a6a7 e6f7 c5c2 h7h6 c2c6 h6h5 a7a8 f7f5 a5a6,1002
rnb2rk1/5ppp/2p2n2/3p4/1p1N2P1/qPN1P2P/2PKQPB1/R6R b - -,b4c3 d2c3 a3c5 c3b2 a8a1 h1a1 h7h6 e2d2 c5e7 f2f4,-371
rnb1kb1r/ppq1pppp/2p2n2/P3P3/3P4/8/1PP3PP/RNBQKBNR b KQkq -,f6d7 g1f3 c6c5 b1c3 b8c6 c3b5 c7b8 f1c4 a7a6 f3g5,262
r4rk1/p4ppp/2p2q2/8/3P2b1/3Q1N2/PP3PPP/R4RK1 b - -,g4f3 d3f3 f6f3 g2f3 a7a5 f1c1 f8b8 b2b3 a5a4 b3a4,19
6k1/4Rrpp/5b2/3B1nq1/8/8/8/1K6 b - -,g4f3 d3f3 f6f3 g2f3 a7a5 f1c1 f8b8 b2b3 a5a4 b3a4,Mate
r2q1rk1/1b2ppbp/pn4p1/1P1P4/3P4/1QN2N2/1P3PPP/R1B2RK1 b - -,d8d6 c1g5 h7h6 g5h4 a6b5 b3b5 b7d5 h4e7 d6e7 c3d5,65
4k3/p2R2pp/8/8/2b5/P3B1bP/1Pr3P1/R5K1 b - -,e8d7 a1c1 c2c1 e3c1 g3e5 g1f2 d7e6 a3a4 c4b3 a4a5,-511
6k1/3qR1p1/2p4p/p4p2/P1Pp1P2/1P6/2PQ2PP/6K1 b - -,d7d8 d2e2 g8f8 e7e6 d8c8 e2e5 f8g8 e6e8 c8e8 e5e8,1059
2kr3r/ppq3pp/1bnNp3/4N2n/8/B1Q5/P4PPP/4RRK1 b - -,d8d6 a3d6 c7d6 e5f7 d6f8 f7h8 f8h8 e1e6 h5f6 f1b1,96
8/8/7p/8/6p1/3kR1P1/5PK1/8 b - -,d8d6 a3d6 c7d6 e5f7 d6f8 f7h8 f8h8 e1e6 h5f6 f1b1,Mate
r2qr1k1/bpp2pp1/p1n1bn1p/3pp3/4P3/1BPP1NNP/PP1B1PP1/R2QR1K1 b - -,e8e7 e4d5 e6d5 b3c2 e7e6 b2b4 d8d7 a2a4 a8e8 b4b5,25
r4rk1/p4ppp/2p2q2/8/3P4/3Q1P2/PP3P1P/R4RK1 b - -,f8d8 a1d1 a8b8 d3c3 d8d5 f1e1 d5g5 g1h1 h7h6 d1d3,-34
6R1/7p/5R2/4n1pk/4P3/2r3PP/Pr6/3B2K1 b - -,a8b8 d3c3 f8d8 f1e1 d8d4 a1d1 d4d1 e1d1 f6c3 b2c3,Mate
2rk3r/3b1p1p/pB3pp1/3P4/8/5P2/P1P3PP/4R2K b - -,c8c7 d5d6 d8c8 d6c7 h8e8 e1b1 e8e5 c2c4 d7f5 b1d1,91
r4rk1/5pp1/pppp2qp/8/3P2bP/1P3N2/P4PP1/2RQR1K1 b - -,a8c8 c1c3 g4h3 f3g5 h3f5 g5h3 f8e8 h3f4 g6f6 c3c6,-162
5rkr/pp2nppp/2p5/4Q1N1/2B3b1/3P4/PPP2P1P/R3R1K1 b - -,g4h5 e5e7 h7h6 g5e4 b7b6 e1e3 b6b5 c4b3 g8h7 e7h4,1033
r1b1kbnr/pp1p1ppp/4p1n1/8/3P1PPq/8/PP1K3P/RNBQ1BNR b kq -,b7b5 f1g2 h4f2 d1e2 f2f4 d2c2 f4c7 b1c3 a8b8 c2d1,-340
r1r5/3nk1b1/p1pR3p/2P1p1p1/1P4p1/2B3N1/1P3P1P/R5K1 b - -,g7f8 g3f5 e7e8 d6d3 d7f6 f5d6 f8d6 d3d6 e8f7 a1e1,198
8/r3k2R/8/2p5/1pP3p1/1P5p/8/7K b - -,g7f8 g3f5 e7e8 d6d3 d7f6 f5d6 f8d6 d3d6 e8f7 a1e1,Mate
2k4r/ppq3pp/1bnBp3/4N2n/8/2Q5/P4PPP/4RRK1 b - -,c7d6 e5f7 d6f8 f7h8 h5f6 e1e6 f8h8 c3a3 h8g8 f1e1,89
r2q1rk1/pp2ppbp/2n2np1/3P4/2p2B2/2N2B1P/PP3PP1/R2Q1RK1 b - -,c6b4 d1a4 b4d5 c3d5 f6d5 a1d1 e7e6 a4c4 d8b6 f3d5,-29
6k1/4q1p1/2p4p/Q4p2/P1Pp1P2/1P6/2P3PP/6K1 b - -,d4d3 c2d3 e7e3 g1f1 e3d3 f1f2 d3c2 f2e3 c2e4 e3d2,64
r1b1k1nr/pp4pp/1qn1pb2/3p4/1P6/2P1BN2/P1Q2PPP/RN2KB1R b KQkq -,b6c7 c2b3 g8e7 b1d2 e7f5 e3g5 f6g5 f3g5 c7e5 f1e2,-101
r1bqkb1r/pppp1pp1/2n2n1p/4p3/4P3/3B1N2/PPPP1PPP/RNBQK2R b KQkq -,f6e4 d3e4 d7d5 e4d3 e5e4 d3e2 e4f3 e2f3 c6d4 e1h1,-91
8/6R1/r4n1p/3p4/3K2P1/2P3kP/8/8 b - -,g3h3 g4g5 a6a4 d4e5 f6g4 e5f5 g4e3 f5e5 h6h5 g5g6,-375
2r1qbk1/pb3p2/1pn2Q2/3p4/8/P1NB1N2/1P3PPP/3R2K1 b - -,f8g7 c3d5 e8d8 f6d8 c8d8 d5c3 g8f8 d3e2 d8d1 c3d1,184
5r1k/p1r2ppp/1p6/5N2/8/1P6/1P1N1PPP/4R1K1 b - -,h8g8 f5d4 f8d8 d2f3 d8c8 g1f1 c7c1 d4b5 c1e1 f3e1,135
2k4r/pp3Npp/1bnqp3/7n/8/2Q5/P4PPP/4RRK1 b - -,d6f8 f7h8 f8h8 c3c4 c8b8 c4e6 h5f6 e1b1 h8f8 b1b2,95
3Q4/k7/3pp3/3q1p2/P7/1Pp5/K5P1/2R5 b - -,,0
R2q1rk1/1b2ppbp/1n4p1/1p1P4/3P4/1QN2N2/1P3PPP/2B2RK1 b - -,b7d5 a8d8 d5b3 d8f8 g8f8 c3b5 b3c4 b5c3 c4f1 g1f1,563
3r1rk1/ppn3qp/4b3/3p2p1/3Q4/P1N1P1PP/1P4BK/2R2R2 b - -,a7a6 d4b6 g7e5 b6b7 h7h5 b7b6 h5h4 c3e2 c7b5 a3a4,119
r2qkb1r/5ppp/2b1pn2/p1n1N3/Pp1P4/4P3/NP1B1PPP/R2Q1RK1 b kq -,c6a4 b2b3 a4b3 d1b1 b3a2 b1a2 c5d7 a2a4 f8d6 e5c4,-414
rnb1kb1r/ppq1pppp/2p5/P2nP3/3P4/5N2/1PP3PP/RNBQKB1R b KQkq -,g7g6 f1c4 f8g7 e1h1 c7d8 b1c3 b8a6 c3e4 e8h8 c2c3,190
rn1qk2r/4bppp/pp1ppn2/8/2PN4/1PN3P1/PB2PPKP/R2Q1R2 b kq -,h7h6 d1d3 d8d7 d3f3 a8a7 a1d1 e8h8 h2h4 d7b7 e2e4,37
8/KP5k/8/P1Q5/8/6p1/8/5q2 b - -,h7g7 b7b8q f1f7 c5c7 g3g2 b8b2 g7h6 b2d2 h6g7 c7f7,9605
6k1/pq5R/1pr5/2p1npN1/3p4/3P1PP1/PPPQ2K1/8 b - -,b7c8 d2e2 c6c7 e2e5 c7h7 e5d5 g8h8 g5h7 h8h7 d5f7,365
r4rk1/5pp1/pp1p2qp/2P5/6bP/1P3N2/P4PP1/2RQR1K1 b - -,g4h3 g2g3 d6c5 f3e5 g6f6 e1e3 a8e8 d1e2 e8e7 c1e1,-161
r7/1pp2pk1/3p4/p2P2p1/PnB3P1/1P3P2/1P6/2K1R3 b - -,g7f6 e1h1 a8e8 c1d2 f6g7 h1h5 e8e5 d2c3 b4d5 c4d5,-170
R7/5pp1/4p2p/P4k2/8/8/1K6/7r b - -,h1h2 b2a3 h2h1 a3b2 h1d1 a5a6 d1d7 b2c3 g7g5 c3b4,-535
2k2q1N/pp4pp/1bn1p3/7n/8/2Q5/P4PPP/4RRK1 b - -,f8h8 c3c4 h5f6 c4e6 c8b8 e1b1 h8f8 b1b2 c6d8 e6e5,93
r1bq1rk1/pp1p1p1p/2n1p2p/4P1N1/2B5/2N4P/PP1Q1PP1/R4RK1 b - -,c6e5 g5f7 e5f7 c4b3 d7d5 a1e1 f7d6 b3c2 d8f6 f2f4,136
r2q1rk1/1p1bb1pp/2P1p3/3p1p2/2PP4/2N1P1P1/3Q1PBP/R4RK1 b - -,b7c6 c3a4 d8c7 f1c1 a8a5 a4c5 a5a1 c1a1 e7c5 d4c5,57
8/p2k2pp/8/8/P1b5/4B1bP/1Pr3P1/R5K1 b - -,c4d5 b2b3 a7a6 a1c1 c2c1 e3c1 g3d6 c1b2 d6c5 g1f1,-517
3k4/pp6/2p3p1/2P2b2/3Np3/3N3p/PP2P2P/7K b - -,b7b6 d3f4 f5d7 f4g6 b6c5 d4c2 d7e6 a2a3 e6f5 g6f4,506
rn2kb1r/pp2n1p1/2p1p1pp/4q3/2B1N1QP/8/PPPP1PP1/R1B1K2R b KQkq -,e8d8 d2d4 e5f5 c4e6 f5g4 e6g4 e7d5 c2c4 f8b4 e1e2,321
r6k/5p1P/3R2p1/3Pp3/4P2R/5r2/1P1K4/5b2 b - -,f3f2 d2c3 a8c8 d6c6 c8c6 d5c6 f2f6 c6c7 f6c6 c3d2,-610
2rqr1k1/pb2bpp1/1pn1pn1p/8/3P1B2/P1N2N2/1P1Q1PPP/1B1RR1K1 b - -,e7f8 d2d3 c6e7 f3e5 a7a6 h2h3 b6b5 f2f3 b7a8 h3h4,57
rb2r1k1/5p2/3qbQpB/p2p4/3p4/3B2P1/PP3P2/R3R1K1 b - -,d6f8 h6f8 e8f8 d3g6 a8a6 g6d3 e6f5 f6f5 a6g6 g1g2,Mate
r2q1rk1/3bb1pp/2p1p3/3P1p2/3P4/2N1P1P1/3Q1PBP/R4RK1 b - -,a8a1 f1a1 c6d5 a1a7 e7d6 d2b2 d7c6 a7a6 d8c7 b2b6,49
4B3/Pb4p1/1P2p3/2npPp1k/3R1P1p/7P/6PK/8 b - -,h5h6 d4d2 b7a8 d2c2 c5d3 c2c8 a8b7 c8b8 d3c5 e8b5,1053
rn1qkbnr/pp2pppb/2p4p/8/3P3P/3B1NN1/PPP2PP1/R1BQK2R b KQkq -,e7e6 d3h7 h8h7 c2c4 b8d7 e1h1 d8c7 c1d2 g8f6 f1e1,134
r1rk1b2/8/2p3Rp/P1n1R1p1/6p1/2B3N1/1P3P1P/6K1 b - -,d8c7 e5f5 c8d8 f5f6 d8d1 g1g2 a8e8 f6c6 c7d7 g3h5,367
rnQ2b1r/pp3kp1/2p1pnp1/8/8/8/PPP2PPP/RNB1K2R b KQ -,f8b4 c2c3 b4c3 b1c3 h8c8 c1d2 b8a6 e1a1 a6b4 d2g5,-43
r1b2rk1/pp5p/2p1n1pb/4R1N1/3pQ2P/2NB2P1/PPP2qPK/4R3 b - -,h6g5 h4g5 d4c3 b2c3 b7b5 e1f1 f2b6 f1f8 e6f8 d3b5,26
rnb2rk1/5ppp/2p2n2/3p4/Np1N2P1/qP2P2P/2PKQPB1/3R3R b - -,a8a4 b3a4 c8a6 d4b5 a3a4 d1a1 a4b5 e2b5 a6b5 a1a7,-326
R7/5pp1/P3p2p/5k2/8/8/1K6/3r4 b - -,d1d7 b2c3 g7g5 c3b4 g5g4 b4c5 g4g3 c5c6 d7d1 a8f8,-524
3rr1k1/pb2n1bp/1pnq1p2/2p1pPp1/3pP1P1/3P1NNP/PPPB2B1/R1Q2RK1 b - -,g8f7 d2g5 f6g5 f3g5 f7g8 g5e6 b7c8 e6d8 e8d8 g3h5,206
r4rk1/5pp1/pp4qp/2p5/6bP/1P3N2/P1Q2PP1/2R1R1K1 b - -,g6c2 c1c2 f8e8 c2d2 e8e1 f3e1 g8f8 e1c2 f8e7 c2e3,-218
q4rk1/1b2ppbp/1n4p1/1Q1P4/3P4/2N2N2/1P3PPP/2B2RK1 b - -,a8a7 f1e1 b7a8 c1f4 f8d8 d5d6 b6c8 d6e7 c8e7 f4g5,174
2k4q/pp4pp/1bn1p3/7n/2Q5/8/P4PPP/4RRK1 b - -,h8f8 c4e6 c8c7 e1c1 h5f6 e6e5 c7c8 c1c2 f8g8 f1c1,95
8/B2k2pp/8/8/P1b5/6bP/1P2r1P1/R5K1 b - -,c4d5 g1f1 e2b2 a1d1 d7e6 a7d4 b2c2 d1b1 d5g2 f1g1,-505
2r2rk1/5p1p/p4pp1/1bRP4/3N4/5P2/P1PB2PP/5RK1 b - -,c8c5 d4b5 c5d5 d2h6 d5b5 h6f8 g8f8 c2c4 b5b4 f1c1,-17
rn1qr1k1/ppp2ppp/8/3P4/1bBP1N2/2N2PKb/PPP2n1P/R1B3QR b - -,h3f5 g3f2 b8d7 h2h4 f5c2 f2g2 h7h6 g1f2 c2f5 c4d3,340
1k1r1bnr/2pqppp1/Q1p1b2p/3p4/3P1B2/2P1PN2/PP1N1PPP/R3K2R b KQ -,d7d6 f4d6 e7d6 b2b4 e6c8 a6a5 c8b7 b4b5 c6b5 e1h1,740
r1b1k1nr/ppp1qppp/2nb4/3p4/3P4/2PB2N1/PP2QPPP/RNB1K2R b KQkq -,c8g4 f2f3 g4d7 b1a3 a7a6 a3c2 g7g6 c1d2 e8a8 e2e7,21
1r5k/6pp/p2pBp2/5P2/Pb6/2P4P/6P1/1R5K b - -,a6a5 c3b4 a5b4 a4a5 b8b5 a5a6 b5a5 b1b4 h7h5 e6c4,578
rn2kb1r/ppq1pppp/2p5/P2nP3/3P2b1/5N1P/1PP3P1/RNBQKB1R b KQkq -,g4e6 f1e2 e6f5 f3h4 f5e4 e1h1 c7d7 e2f3 e4f3 h4f3,224
1nb2rk1/5ppp/2p2n2/3p4/Pp1N2P1/q3P2P/2PKQPB1/3R3R b - -,c8a6 d4b5 a3a4 d1a1 a4b5 e2b5 a6b5 g4g5 f6e8 a1a7,-328
5rkr/pp3ppp/2p3n1/5QN1/2B3b1/3P4/PPP2P1P/R3R1K1 b - -,g4f5 g5f7 f8f7 e1e8 g6f8 a1e1 b7b5 c4b3 g7g5 e1e7,360
3r1rk1/p4ppp/5q2/2p5/3PQ3/5P2/PP3P1P/R2R2K1 b - -,c5d4 e4d3 d8d5 g1h1 g7g6 a1c1 f8d8 c1c4 f6h4 d3e4,-181
rn1qkbnr/pp3ppB/2p1p2p/8/3P3P/5NN1/PPP2PP1/R1BQK2R b KQkq -,f8b4 c2c3 h8h7 c3b4 g8f6 c1d2 d8d5 d1e2 h7h8 a2a4,528
r4rk1/pp4pp/3p1q2/3P1p2/1QN5/1P3b1P/1P3PP1/R3R1K1 b - -,f6g5 g2g3 g5h5 h3h4 h5g4 g1h2 a8d8 b4d2 f5f4 e1e7,-163
r1bq1rk1/p2nbppp/2n1p3/2ppP3/2P5/5NP1/PP1NQPBP/R1B2RK1 b - -,c8a6 f1e1 d8c7 b2b3 a8b8 c1a3 f8d8 h2h4 h7h6 a1d1,-114
8/8/8/6N1/3k4/8/5K2/5B2 b - -,d4e5 f2e3 e5d5 f1a6 d5e5 g5h3 e5f5 h3f4 f5f6 e3e4,187
rn2kb1r/ppq1pppp/2p5/P2nP3/3P4/5Q1P/1PP3P1/RNB1KB1R b KQkq -,f7f6 f1c4 b8a6 b1c3 e8a8 e1h1 f6e5 c4a6 b7a6 c3e4,245
5rk1/5p1p/p4pp1/1NrP4/8/5P2/P1PB2PP/5RK1 b - -,c5d5 d2h6 d5b5 c2c4 b5a5 h6f8 g8f8 f1b1 f8e7 b1b7,-13
3q1rk1/3bb1pp/2p1p3/3P1p2/3P4/2N1P1P1/3Q1PBP/R5K1 b - -,c6d5 a1a7 e7d6 d2b2 d7c6 a7a6 d8c7 b2b6 c7b6 a6b6,42
2k2q2/pp4pp/1bn1Q3/7n/8/8/P4PPP/4RRK1 b - -,c8c7 e1c1 h5f6 e6e5 c7c8 c1c2 f8f7 f1c1 b6c7 e5c5,92
r2qk2r/ppp1n1pp/5p2/3P1b2/2B1pP2/4B3/PP4PP/R2QR1K1 b kq -,d8d6 a1c1 h7h5 c4b5 e8f7 e3c5 d6d8 b5c4 f7g6 d1b3,40
rn3rk1/pb3pp1/1p2pB1p/2pq4/3P4/P1Q1PP2/1P4PP/R3KBNR b KQ -,g7f6 d4c5 d5c5 c3c5 b6c5 g1e2 f8d8 e2c3 f6f5 f1e2,11
3r1rk1/p4ppp/5q2/2pP4/8/3Q1P2/PP3P1P/R2R2K1 b - -,,0
R7/5p2/P2rp2p/5kp1/2K5/8/8/8 b - -,g5g4 c4c5 d6d1 a6a7 d1a1 c5b6 g4g3 a8f8 f7f6 a7a8q,-592
r5k1/pp3Rpp/1Np5/2n5/2B5/Q3p3/PP1q2PP/6K1 b - -,d2c1 f7f1 c1c4 b6c4 a8f8 f1f8 g8f8 a3c5 f8f7 c5a7,665
5rk1/5p1p/p4pp1/1r1P4/2P5/5P2/P2B2PP/5RK1 b - -,,0
3q1rk1/R2bb1pp/4p3/3p1p2/3P4/2N1P1P1/3Q1PBP/6K1 b - -,e7d6 d2b2 d7c6 a7a6 d8c7 b2b6 c7b6 a6b6 f8c8 c3d5,50
r2q1rk1/2p1ppbp/p1p2np1/3pBb2/3P4/P1N3P1/1PPQPPBP/2R1R1K1 b - -,a6a5 c3a4 f6e4 d2f4 e4d6 e5g7 g8g7 b2b3 f7f6 c2c4,117
1n3rk1/5ppp/b1p2n2/1N1p4/Pp4P1/q3P2P/2PKQPB1/3R3R b - -,c6b5 a4b5 a3c3 d2c1 b4b3 e2d3 c3a1 c1d2 a1a5 d3c3,-336
rnbqk1nr/pp1pppb1/6pp/2p5/2BPP3/2N2N2/PPP2PPP/R1BQK2R b KQkq -,c5d4 f3d4 d7d6 c1e3 g8f6 f2f3 a7a6 d1d2 b8d7 a2a4,63
4R3/p4p1k/2n2qp1/2Q5/8/P1P1BP2/2r3Pp/7K b - -,c6e5 c5f8 f6g7 f8d6 c2c3 e8e5 c3b3 d6d4 g7h8 h1h2,475
r1bqr1k1/2pnnpbp/1p1p2p1/3Pp3/PBP1P3/2N2N2/4BPPP/RQ3RK1 b - -,d7b8 a1a2 b8a6 b4a3 f7f5 h2h4 a6c5 a3c5 b6c5 a4a5,21
r3k2r/ppp1n1pp/3q1p2/3P1b2/2B1pP2/4B3/PP4PP/2RQR1K1 b kq -,h7h5 c4b5 e8f7 e3c5 d6d8 b5c4 f7g6 d1b3 d8d7 e1d1,29
8/P2k4/1K2p3/1P2P3/8/5b2/8/8 b - -,,0
3r2k1/1pn4p/2q1b3/3p2p1/3Q4/P1N1P1PP/1P4BK/5R2 b - -,d8e8 e3e4 c6c4 d4e5 g5g4 e5g5 g8h8 c3d5 c7d5 e4d5,454
r2q1rk1/pp2ppbp/5np1/3N4/2p2B2/P4B1P/1P3PP1/R2Q1RK1 b - -,f6d5 f3d5 g7b2 a1b1 c4c3 f4h6 d8b6 h6f8 a8f8 a3a4,300
r7/6pp/4k3/8/3K4/p7/R5PP/8 b - -,e6f6 d4c3 f6e5 c3c4 e5e4 c4c3 e4e3 c3c4 a8a7 c4c3,-461
r3k2r/1pp1q1pp/p1n1bp2/2bpp3/QP2P3/2PPBN1P/P4PP1/R3KN1R b KQkq -,c5d6 b4b5 c6d8 b5a6 c7c6 a6a7 d5e4 d3e4 d6c5 a4c2,-88
1n3rk1/5ppp/b4n2/1P1p4/1p4P1/q3P2P/2PKQPB1/3R3R b - -,a3c3 d2c1 b4b3 e2d3 c3a1 c1d2 a1a5 d3c3 a5b5 c3b3,-332
5rk1/pb4pp/6r1/1p3p2/qPpPPQ2/P1P1R2P/6P1/1NR3K1 b - -,b7e4 e3e2 a7a5 b4a5 a4a5 b1d2 e4d3 e2f2 a5a3 d2f3,-103
r2qkb1r/1bpn1ppp/4pn2/p7/Pp1P4/3BPN2/NP1B1PPP/R2Q1RK1 b kq -,f8d6 a2c1 e8h8 c1b3 e6e5 e3e4 f6e4 f1e1 f7f5 d2e3,-101
rn2kb1r/ppq2ppp/2p1p3/P2nP3/3P4/2N2Q1P/1PP3P1/R1B1KB1R b KQkq -,c7d8 a5a6 b7b6 f1e2 d8h4 g2g3 h4d4 h1f1 f7f5 e5f6,211
8/Pb3B2/1P2p1pk/2npPp2/5P1p/7P/6PK/3R4 b - -,b7a8 f7e8 g6g5 d1c1 c5d3 f4g5 h6g5 c1c8 g5f4 c8a8,1007
r3k2r/ppp1n1p1/3q1p2/1B1P1b1p/4pP2/4B3/PP4PP/2RQR1K1 b kq -,e8f7 e3c5 d6d8 b5c4 f7g6 d1b3 d8d7 e1d1 e7c8 b3b7,29
rn1qkbnr/pp4pp/2p2p2/3pp3/3PP1b1/2NB1N1P/PPP2PP1/R1BQK2R b KQkq -,g4f3 d1f3 e5d4 c3e2 b8d7 c1f4 d8a5 e1f1 d7c5 e2d4,69
rn3rk1/pb3p2/1p2pp1p/2Pq4/8/P1Q1PP2/1P4PP/R3KBNR b KQ -,f8d8 c5b6 a7b6 g1e2 b8c6 e2f4 d5g5 e1f2 a8c8 h2h4,43
r4rk1/5pp1/ppq4p/2p1N3/6bP/1P6/P1Q2PP1/2R1R1K1 b - -,c6d5 e5g4 d5h5 g4e5 f8e8 e5f3 h5d5 f3h2 e8e1 c1e1,400
r1bqkb1r/3pnppp/p3p3/np4P1/4P3/1NN1B3/PPP2P1P/R2QKB1R b KQkq -,e7g6 h2h4 g6e5 b3d2 d8c7 f2f4 e5c4 d2c4 a5c4 f1c4,44
r7/6pp/8/5k2/8/p1K5/R5PP/8 b - -,f5e4 c3c4 e4f4 c4d3 h7h5 d3c4 f4e3 g2g3 a8a7 c4c3,-461
2r3r1/Q1p1kp1p/2p1bp2/4p3/6R1/2N1R1P1/PP3P1P/6K1 b - -,g8g4 a7c5 e7d7 e3d3 d7e8 b2b3 f6f5 c5e5 h7h5 e5h8,570
r2r4/5p1k/p1pq1P1p/1p2p3/1P1pP3/R1PP4/1P2Q1PP/5RK1 b - -,a8a7 e2f2 h7h8 h2h3 c6c5 b4c5 d6c5 g1h2 c5d6 g2g4,152
r4rk1/1p3ppp/p7/q1bN4/P1Qn1B2/8/1P3PPP/3R1RK1 b - -,b7b5 c4c5 d4e2 g1h1 e2f4 d5f4 a8c8 c5f5 a5a4 f4d5,382
2r1r1k1/1p2qpb1/p1n1b1pp/3pN3/3P1B2/1Q3B1P/PP3PP1/3RR1K1 b - -,,0
r2q1rk1/pp2ppbp/6p1/3B4/2p2B2/P6P/1P3PP1/R2Q1RK1 b - -,d8b6 d5c4 a8c8 c4d5 b6b2 a1a2 b2f6 f4e3 b7b6 d5f3,313
rn3rk1/ppq2p1p/2b1pbp1/8/3P1PP1/1BN5/PP2N2P/2RQ1RK1 b - -,c7b6 f1f2 b8a6 f4f5 a6c7 d1d3 a8d8 f5e6 f7e6 d3e3,-120
rnb1k2r/pp3ppp/2p5/4p2P/4PqP1/3P1P2/P1K1B3/2RQ4 b kq -,e8h8 d1d2 f4d2 c2d2 f8d8 d2e1 b8d7 f3f4 e5f4 g4g5,-747
r1b2knr/ppp1q1pp/3p4/b7/2BpP3/1QP5/P4PPP/RNB2RK1 b - -,g8f6 c3d4 e7e4 b1c3 e4f5 h2h3 c8d7 b3b7 a8e8 c3d5,114
5k2/p4p1p/6p1/1p4P1/2pBPP2/P3K3/6b1/8 b - -,a7a6 f4f5 g6f5 e4f5 f8e8 e3f4 e8d7 f4e5 g2h1 d4c3,-40
r6r/ppp1nkp1/3q1p2/1BBP1b1p/4pP2/8/PP4PP/2RQR1K1 b - -,d6d8 b5c4 f7g6 d1b3 d8d7 e1d1 e7c8 b3b7 c8d6 b7a6,29
r1bq1rk1/3nbppp/2n1p3/p1ppP3/2P5/1P3NP1/P2NQPBP/R1B2RK1 b - -,a5a4 a1b1 c8a6 f1d1 d8b6 e2e1 d5d4 e1e2 a8a7 d1e1,-118
r1b1k1nr/ppp2pp1/2nb4/3p1N1p/3P4/2PB4/PP2KPPP/RNB4R b kq -,g8e7 f5d6 c7d6 c1f4 e7f5 b1a3 a7a6 a3c2 c6e7 a2a4,92
r7/6pp/8/8/4k3/pK6/R5PP/8 b - -,e4d3 b3b4 h7h5 h2h4 d3e4 b4c3 e4f4 c3d2 f4g3 d2e1,-605
r5k1/pp4pp/1Np5/2n5/2B5/Q7/PP1qpRPP/6K1 b - -,d2d5 c4d5 c6d5 f2e2 c5e4 b6a8 h7h5 a3a7 h5h4 a7b7,Mate
r2qkb1r/1bp2ppp/4pn2/p1n5/PB1P4/3BPN2/NP3PPP/R2Q1RK1 b kq -,b7f3 g2f3 c5d3 b4f8 d3b2 d1e2 e8f8 e2b2 d8d5 e3e4,12
rn3b1r/pp2nkp1/2p1p1pp/4q3/2BPN1QP/8/PPP2PP1/R1B1K2R b KQ -,e5f5 e4d6 f7g8 d6f5 g6f5 c4e6 g8h7 g4e2 b8a6 e1h1,674
r1b2k1r/ppp1q1pp/3p1n2/b7/2BPP3/1Q6/P4PPP/RNB2RK1 b - -,e7e4 b1c3 e4c6 c1g5 a5c3 b3c3 d6d5 g5f6 g7f6 c3a3,119
3rq1k1/1pn4p/4bQ2/3p2p1/8/P1N1P1PP/1P4BK/5R2 b - -,d8c8 f6g5 e8g6 g5e7 g6h6 c3e2 h6g7 e7b4 g8h8 b4b7,510
8/p4p2/8/1P3k2/P5pp/R3K3/1r3PP1/8 b - -,f5g5 a3c3 b2b4 c3c8 b4a4 c8g8 g5f5 g8g7 f7f6 g7h7,-146
r1b2rk1/pp1p1p1p/2n1p1qp/4P3/5P2/2NB3P/PP1Q2P1/R4RK1 b - -,f7f5 c3b5 g8h8 b5d6 a8b8 a1c1 b7b6 c1c3 h6h5 d3b5,236
rnb1kb1r/ppp3pp/5p2/3qp3/3P4/5N2/PPP2PPP/RNBQ1RK1 b kq -,b8c6 d4e5 d5d1 f1d1 f6e5 d1e1 f8d6 f3e5 c6e5 c1f4,-7
8/6R1/r4n1p/3p2P1/3K4/2P4k/8/8 b - -,a6a4 d4e5 f6g4 e5f5 g4e3 f5e6 a4a6 e6e5 h6h5 g7b7,-435
rnbQ1b1r/pp3kp1/2p1pnp1/8/8/2N5/PPP2PPP/R1B1K2R b KQ -,b8a6 c1g5 e6e5 e1a1 a8b8 a2a3 c8g4 d8a5 g4d1 h1d1,421
3r1rk1/pb2n1b1/1pnq1p1p/2p1pPP1/3pP1P1/3P1NN1/PPPB2B1/R1Q2RK1 b - -,h6h5 g5f6 f8f6 g3h5 d8f8 f3h4 f6f7 g4g5 c5c4 g5g6,483
5rkr/pp3ppp/2pQ2n1/6N1/2B3b1/3P4/PPP2P1P/R3R1K1 b - -,b7b5 c4b3 h7h6 g5f7 g8h7 f7h8 f8h8 b3e6 h8f8 e6g4,1109
3q1rk1/R2b2pp/3bp3/3p1p2/3P4/2N1P1P1/1Q3PBP/6K1 b - -,d7c6 a7a6 d8c7 b2b6 c7b6 a6b6 f8c8 c3d5 g8f7 d5c7,45
r4rk1/5pp1/pp5p/2p5/7P/1P3P2/P1R2P2/4R1K1 b - -,f8e8 e1e8 a8e8 c2d2 g7g6 g1f1 e8e6 d2d7 e6c6 d7a7,-204
r1b1k1nr/ppq3pp/2n1pb2/3p4/1P1N4/2P1B3/P1Q2PPP/RN2KB1R b KQkq -,c6d4 e3d4 f6d4 f1b5 e8f7 e1h1 d4f6 c2e2 g8e7 b1d2,-493
5rk1/5p1p/p4pp1/1brP4/1B1N4/5P2/P1P3PP/5RK1 b - -,c5c4 b4f8 c4d4 c2c3 d4d5 c3c4 b5c4 f1c1 g8f8 c1c4,-199
8/p7/1nr2N2/4RK2/7P/8/2k5/8 b - -,c6c7 e5a5 b6d7 f6d5 c7b7 h4h5 c2b3 h5h6 d7f8 f5g5,26
1r3k2/5p1p/6p1/3p4/5P2/1P2R3/5KPP/8 b - -,b8b4 f2f3 d5d4 e3d3 f7f5 f3e2 f8e7 d3d1 e7f7 e2d3,-5
8/8/8/4k3/p5p1/1p2K1P1/1P2N3/8 b - -,e5d6 e2c3 a4a3 b2a3 d6c6 e3d4 c6b7 d4c4 b3b2 c4b3,827
1kr2bnr/2pqppp1/Q1p1b2p/3pN3/3P1B2/2P1P3/PP1N1PPP/R3K2R b KQ -,e5d6 e2c3 a4a3 b2a3 d6c6 e3d4 c6b7 d4c4 b3b2 c4b3,Mate
rn3rk1/pb3p2/1p2pQ1p/2q5/8/P3PP2/1P4PP/R3KBNR b KQ -,c5e3 g1e2 b8c6 f6c3 e3g5 h2h4 g5g7 h1h3 g7c3 e2c3,-24
8/3b4/p1p2k2/P2pN3/1P1P1K2/8/8/8 b - -,f6e7 e5d3 e7f6 f4f3 f6f7 d3c5 d7c8 f3f4 f7f6 f4g3,31
8/B2k2pp/8/3b4/P7/1P4bP/4r1P1/R5K1 b - -,e2g2 g1f1 g2c2 a7e3 d7e6 a1c1 c2a2 c1c3 d5b7 b3b4,-519
rn1qr1k1/ppp2ppp/8/3P4/1bBP1N2/2N2P1K/PPP4P/R1B3Qn b - -,b4c3 b2c3 b8d7 h3g2 d7b6 c4d3 b6d5 f4d5 d8d5 c3c4,349
r4rk1/1p3ppp/p3n3/q1bN4/PPQ2B2/8/5PPP/3R1RK1 b - -,a5d8 b4c5 d8h4 c4c1 e6f4 d5f4 h7h6 g2g3 h4g4 c1c3,492
5k2/5p1p/p5p1/1p3PP1/2pBP3/P3K3/6b1/8 b - -,f8g8 e3f4 g6f5 e4f5 g8f8 f4e5 f8e7 d4c3 g2h3 c3b4,-35
rr4k1/p3n1pp/2p1Qpn1/3p4/3P1qP1/2P1NN2/PP3PP1/R3R1K1 b - -,g8f8 f3d2 f4c7 g2g3 c7c8 e6d6 f8g8 d2b3 a7a5 a1b1,246
r7/p2n1kpp/2P1b3/1P1p1p2/P2Bp3/3nP1P1/5P1P/1R1R2K1 b - -,d7e5 d1d3 e5d3 a4a5 a8c8 b5b6 a7b6 a5b6 c8c6 b6b7,453
8/5pk1/r7/PRp1N3/2P2P1p/1P5P/3n2K1/8 b - -,f7f5 g2f2 a6d6 b5b7 g7g8 f2e2 d2b1 e2e3 b1c3 b7b6,493
r6k/1p4p1/p5Qp/2b5/5r2/2N2p1P/PPP2qP1/R2R3K b - -,a8f8 d1d7 f2g2 g6g2 f3g2 h1g2 f4f2 g2h1 f2c2 c3e4,-470
R7/P7/1K2pp1p/5kp1/8/8/8/r7 b - -,g5g4 a8g8 e6e5 a7a8q a1a8 g8a8 g4g3 b6c5 h6h5 c5d5,-623
5rk1/5ppp/n4n2/3p4/6P1/1p1RP2P/2PKQPB1/q6R b - -,a1a5 d2c1 b3c2 e2c2 a6b4 c2b3 b4d3 b3d3 f8c8 c1d1,-480
rnbqk2r/pp1pnpp1/2p1p2p/8/1bPPP3/2NB4/PP2NPPP/R1BQK2R b KQkq -,e8h8 e1h1 d7d5 c4d5 c6d5 e4e5 f7f6 a2a3 b4a5 b2b4,89
rnb1kbnr/ppppqppp/8/4p3/4P3/5PP1/PPPPN2P/RNBQKB1R b KQkq -,g8f6 c2c4 b8c6 d2d3 e7c5 a2a3 a7a6 b1c3 f8e7 b2b4,45
rnbqk2r/ppp1ppbp/3p1np1/6B1/3PP3/1P3P2/P1P3PP/RN1QKBNR b KQkq -,c7c5 c2c3 e8h8 d1d2 b8c6 d4d5 c6e5 c3c4 f6h5 b1c3,-69
r1b2k1r/ppp1q1pp/3p4/b7/2BPn3/5Q2/P4PPP/RNB2RK1 b - -,e4f6 c1d2 a5d2 b1d2 d6d5 c4d5 c8g4 f3f4 e7d6 f4d6,158
r5k1/pp5R/3np1p1/3pB1P1/1q1P4/3QP3/PP3K2/R7 b - -,d6f5 a1h1 a8f8 h7h8 g8f7 h1h7 f7e8 h8f8 e8f8 d3c2,1407
rnbqk2r/pp2ppbp/2pp1np1/6B1/3PP3/1P3P2/P1PQ2PP/RN2KBNR b KQkq -,d8c7 g1e2 h7h5 a2a4 a7a6 b1c3 c7a5 g5e3 b8d7 e2f4,34
7k/7p/Q2R1p2/6n1/4b3/1P5P/P1r5/5NK1 b - -,d8c7 g1e2 h7h5 a2a4 a7a6 b1c3 c7a5 g5e3 b8d7 e2f4,Mate
8/8/r4n2/3p2R1/3K4/2P4k/8/8 b - -,a6a4 d4e3 a4c4 e3d3 c4f4 d3e3 f4f1 g5g7 f1e1 e3d2,-246
rnb4r/1pq2pkp/p2p1np1/5P2/8/1NNB4/PPP1Q1PP/R4RK1 b - -,b8d7 e2f2 d6d5 a1e1 c7b6 b3d4 b6d6 h2h3 d7e5 g2g4,98
r2qkB1r/1bp2ppp/4pn2/p7/P2P4/3nPN2/NP3PPP/R2Q1RK1 b kq -,d3b2 d1c2 e8f8 f3e5 a8b8 f2f3 f6d5 c2b2 f7f6 b2a3,72
r6k/pp4pp/1Np5/2n5/8/Q7/PP1qBRPP/6K1 b - -,a8e8 a3c5 h7h6 b6c4 d2e2 f2e2 e8e2 c5f8 h8h7 c4d6,610
r2q1r1k/1p1b1Npp/p4n2/3p2B1/2pP4/P1P1P3/5PPP/R2Q1RK1 b - -,f8f7 f2f3 d7f5 f1e1 f5d3 a3a4 h7h6 g5f4 d8a5 d1d2,-430
r4bk1/p4p1p/1p4p1/2p4n/8/2NR1bP1/PP3P1P/R1B3K1 b - -,h5g7 d3f3 g7f5 f3d3 b6b5 d3d1 f5d4 g1h1 a8e8 a1b1,539
8/8/8/4k3/R7/1K1R4/8/8 b - -,h5g7 d3f3 g7f5 f3d3 b6b5 d3d1 f5d4 g1h1 a8e8 a1b1,Mate
2q4k/p4N1r/1p6/2pQ1p2/3p4/3P1PP1/PPP3K1/8 b - -,h8g7 f7g5 h7h6 d5f7 g7h8 f7a7 c8c6 g5f7 h8g8 f7h6,251
8/B2k2pp/8/3b4/P7/1P4bP/6r1/R4K2 b - -,g2c2 a1d1 d7e6 d1d3 d5g2 f1g1 g3h2 g1h2 g2e4 h2g3,-538
r1b2k1r/ppp1q1pp/3p1n2/b7/2BP4/2N2Q2/P4PPP/R1B2RK1 b - -,c8e6 c4e6 e7e6 a1b1 f8f7 b1b5 a5c3 f3c3 b7b6 c3c7,10
1r1q1bk1/2p2pp1/3pr2p/1p4PQ/3nP3/3PB2P/1P1N1P2/R4RK1 b - -,d4c2 a1a7 c2e3 f2e3 g7g6 h5h4 h6h5 d2b3 e6e7 b3d4,-90
rnbqk2r/p3ppbp/2pp1np1/1p4B1/3PP3/1P3P1N/P1PQ2PP/RN2KB1R b KQkq -,c8h3 g2h3 e8h8 f1g2 f6h5 b1c3 b5b4 c3e2 c6c5 a1d1,-87
5rk1/5ppp/n4n2/q2p4/6P1/1p1RP2P/2P1QPB1/2K4R b - -,a5a3 c1d2 a3a5 d2c1 b3c2 e2c2 a6b4 c2b3 b4d3 b3d3,-500
r3r1k1/5pp1/pp5p/2p5/7P/1P3P2/P3RP2/4R1K1 b - -,e8e2 e1e2 g8f8 g1g2 a8c8 f3f4 b6b5 g2f3 c5c4 b3c4,-278
3r3k/6pp/p2pBp2/5P2/PR6/2P4P/6P1/7K b - -,d8e8 h1h2 g7g6 b4b7 g6f5 e6f5 h7h5 b7h7 h8g8 h7h5,536
r2qkB1r/2p2ppp/4pn2/p7/P2P4/3nPP2/NP3P1P/R2Q1RK1 b kq -,d3b2 d1c2 e8f8 c2b2 d8d5 e3e4 d5h5 b2a3 f8g8 a3e3,13
r2qkb1r/ppp2pp1/2np1n1p/4p3/4P1b1/2PP1N2/PP2BPPP/R1BQKN1R b KQkq -,a7a5 f1e3 g4d7 e1h1 g7g6 a2a4 f8g7 c1d2 e8h8 b2b4,22
rn1qkb1r/pp3ppp/2p1pB2/3p1b2/3P4/1P2PN2/P1P2PPP/RN1QKB1R b KQkq -,d8f6 f1d3 b8d7 d3f5 f6f5 c2c4 f8b4 b1d2 g7g5 a2a3,-41
r7/6pp/8/8/8/p1K1k3/R5PP/8 b - -,e3e4 c3c4 e4f4 c4d3 a8a4 a2f2 f4e5 f2a2 h7h5 a2e2,-461
r2qk2r/pb3pbp/3B2p1/1B2p3/8/2P5/P4PPP/3Q1RK1 b kq -,a8c8 c3b4 c8b8 b4c3 b8a8 c3c4 a8a4 c4b3 a4a7 b3c4,Mate
r1b1k2r/pp2pp1p/1qnp1npQ/8/4P3/1NNB4/PPP2PPP/R4RK1 b kq -,a7a5 d3b5 c8e6 a1d1 f6g4 h6h4 e8h8 a2a4 g4f6 c3d5,44
5k2/5p1p/p5p1/1p4P1/2p1PP2/P1B1K3/6b1/8 b - -,g2h3 e3d4 h3g2 d4e3 f8e7 c3e1 e7d7 e1b4 g2f1 e3d4,-43
r1bq1rk1/1p2ppbp/pn4p1/3P4/3P3Q/2N2N2/PP3PPP/R1B2RK1 b - -,b6d5 c1h6 f8e8 h6g7 g8g7 f1e1 d5c3 b2c3 b7b5 f3g5,-7
rn6/B4kpp/2P1b3/1P1p1p2/P3p3/3nP1P1/5P1P/1R1R2K1 b - -,a8a7 b5b6 a7e7 a4a5 b8c6 a5a6 e7e8 a6a7 e8a8 b1b5,-90
r4bk1/p4p1p/1pb3p1/2p4n/8/2NRB1P1/PP3P1P/R5K1 b - -,f7f6 a1d1 a8e8 d3d8 g8f7 d8e8 f7e8 a2a4 h5g7 e3h6,207
r1bqr1k1/ppp2ppp/2n2n2/3pp1N1/4P3/P1BP4/1PP1QPPP/2KR1B1R b - -,d5d4 c3d2 h7h6 h2h4 b7b5 b2b3 c6e7 f2f4 e5f4 d1e1,-208
r4rk1/1p3ppp/p3n3/q7/PNQ2B2/8/5PPP/3R1RK1 b - -,f8d8 b4d5 e6f4 d5f4 b7b5 a4b5 a5b5 c4e4 a6a5 f4d5,328
4r2k/p1r3b1/5n2/q5Np/7P/1P3Q2/1N3PP1/2RR2K1 b - -,h8g8 b2c4 a5b4 g2g3 a7a5 c1a1 c7e7 c4d6 e7e1 g1g2,662
r3k2r/1pp1q1pp/p1n1bp2/3pp3/QP2P3/2PPNN1P/P4PP1/R3K2R b KQkq -,d5d4 e3d5 e7d7 c3c4 b7b5 c4b5 c6e7 d5e7 e8e7 a4c2,-68
rnb1k2r/pp3ppp/2p5/4p2P/4P1P1/3PqP2/P1K1B3/1R1Q4 b kq -,b8d7 d1d2 e3d2 c2d2 a8b8 g4g5 d7c5 d2e3 c5e6 a2a4,-761
r1b4r/1pq2pk1/p2p1n1p/4nPN1/8/1N1B4/PPPQ2PP/4RRK1 b - -,c8d7 g5e4 c7b6 d2e3 b6e3 e1e3 f6e4 d3e4 g7f6 e4b7,223
bqrr2k1/4bppp/Pp2pn2/1N2B3/2P1n3/4P1P1/5PBP/Q1RR2K1 b - -,e4f2 d1d8 c8d8 e5b8 f6e4 g2e4 f2e4 a6a7 d8d3 b5c7,428
r5k1/pp5R/3np1p1/3pB1P1/3P4/3QP1K1/Pq6/R7 b - -,f6g4 e5b8 g4f2 a6a7 e7f6 d1d8 c8d8 g2e4 f2e4 c1d1,Mate
5k2/p7/2p1pp2/3rP1R1/1P6/P4R1P/r5PK/8 b - -,f6f5 f3e3 a7a5 h3h4 a5b4 a3b4 d5d4 h4h5 d4b4 h5h6,79
8/8/k1Qpp3/5p2/PK6/1Pp5/3q2P1/8 b - -,,0
1rr2bk1/pp3p1p/1q2pQp1/2pp3P/3P2P1/2P1P3/PP1NBP2/2KR3R b - -,f8g7 f6f4 a7a5 d4c5 b6c5 h5g6 h7g6 h1h7 c5c7 h7g7,382
8/8/5k2/3R4/R7/1K6/8/8 b - -,f8g7 f6f4 a7a5 d4c5 b6c5 h5g6 h7g6 h1h7 c5c7 h7g7,Mate
5rkr/p4ppp/2pQ2n1/1p4N1/6b1/1B1P4/PPP2P1P/R3R1K1 b - -,h7h6 g5f7 g8h7 f7h8 f8h8 b3e6 g4e6 e1e6 b5b4 e6g6,1332
8/P7/1K2pp2/5k1R/8/8/6p1/r7 b - -,h7h6 g5f7 g8h7 f7h8 f8h8 b3e6 g4e6 e1e6 b5b4 e6g6,Mate
3r2k1/pp2qppp/3R1n2/2p5/2B3b1/4PN2/PP2QPPP/R5K1 b - -,d8d6 a1d1 d6d1 e2d1 g4d7 a2a4 d7c6 a4a5 h7h6 h2h3,-4
8/KP5k/1Q6/P7/8/6p1/5q2/8 b - -,f2f7 b6c6 g3g2 c6g2 h7h6 g2c6 h6g5 a7a6 f7f4 c6b5,Mate
8/8/4n3/1K2k3/8/8/Q7/8 b - -,e6f4 b5c4 e5f5 a2a1 f4h5 a1a5 f5g6 c4d5 g6f5 d5d4,525
rnbq1rk1/ppp1p1b1/1n5p/4p1P1/3P4/2N1P1P1/PP2NPB1/R2QK2R b KQ -,b8c6 d1b3 g8h8 g2e4 d8e8 c3b5 a8b8 d4e5 c6e5 e2f4,-54
8/4kp1p/p5p1/1p4P1/2pKPP2/P1B5/6b1/8 b - -,e7e6 c3d2 g2f3 d2c3 e6d7 c3b4 d7c6 d4e5 f3d1 e5d4,-40
1rr3k1/pp3pbp/1q2p1p1/2pp3P/3P1QP1/2P1P3/PP1NBP2/2KR3R b - -,c5d4 e3d4 g6g5 f4e3 h7h6 c1b1 b6c7 d1c1 b7b5 d2f3,377
8/8/5n2/3p2R1/r7/2PK3k/8/8 b - -,a4f4 d3e3 f4f1 g5g6 h3h4 e3d4 f1d1 d4e3 d1e1 e3d3,-274
8/8/4k3/R2R4/8/1K6/8/8 b - -,a4f4 d3e3 f4f1 g5g6 h3h4 e3d4 f1d1 d4e3 d1e1 e3d3,Mate
6k1/2n5/1p2b1p1/1P4p1/P1r5/2N2RPP/6BK/8 b - -,c4b4 f3d3 b4b3 g3g4 g8g7 g2c6 g7h6 d3e3 e6c4 h2g3,125
8/B2k2pp/8/3b4/P7/1P4bP/1r6/3R1K2 b - -,d7e6 a7d4 b2a2 d1d3 d5g2 f1g1 g3h2 g1h2 g2e4 h2g3,-533
1rr3k1/pp3pbp/1q2p1p1/3p3P/3P1QP1/2P5/PP1NBP2/2KR3R b - -,g6g5 f4e3 h7h6 d2b3 a7a5 c1b1 a5a4 b3c5 c8c5 d4c5,383
5rk1/pp2qppp/5n2/2pr4/6b1/3BPN2/PP2QPPP/R2R2K1 b - -,g4f3 e2f3 f8d8 f3e2 f6e4 f2f3 e4f6 e3e4 d5d4 d3c4,-37
r2qkB1r/2p2ppp/4pn2/p7/P2P4/4PP2/NnQ2P1P/R4RK1 b kq -,d8d5 f8c5 d5g5 g1h1 g5f5 c2e2 f6d7 a1b1 b2a4 c5a3,38
5rk1/pp2npp1/8/7p/P6P/4QP2/1PK5/2B3Nq b - -,h1h4 g1e2 h4f6 e2c3 f6f5 c3e4 h5h4 e3a7 f8c8 c2b1,-578
r1bqk2r/ppp1bpp1/3p2np/3P3P/2B1R3/5N2/PP3PP1/R1BQ2K1 b kq -,c8f5 e4e1 g6e5 f3e5 d6e5 d1f3 d8d7 e1e5 f5g4 f3e4,247
1r3rk1/2qn1ppp/p7/P3P3/5BP1/7P/2Q2P2/2R2RK1 b - -,c7c2 c1c2 b8b5 e5e6 f7e6 f4d6 f8a8 f1a1 h7h5 g1g2,20
8/KP5k/8/P7/8/6p1/5Q2/8 b - -,g3f2 b7b8q f2f1q b8b7 h7h8 b7c8 h8h7 a7b8 h7h6 c8c5,Mate
bqr3k1/4bppp/Pp2pn2/1N2B3/2P1n3/4P1P1/5PBP/Q2R2K1 b - -,e7d6 e5d6 e4d6 a6a7 d6c4 a7b8q c8b8 a1a8 b8a8 g2a8,511
r3rk2/5pp1/pp5p/2p5/7P/1P3P2/P3RPK1/4R3 b - -,e8e2 e1e2 a8c8 g2h2 c8e8 e2c2 e8d8 h2g3 f8e7 c2e2,-285
r1b4r/1p2kp2/pq1p1n2/4nPQ1/5R2/3B4/PPPN2PP/4R2K b - -,c8f5 d2c4 h8h5 g5g3 b6c5 c4e5 d6e5 f4f5 h5f5 d3f5,351
r4b1r/pp2kppp/4pn2/NQ6/3P4/2N5/PP3PPP/R1B2RK1 b - -,a8b8 c1f4 a7a6 b5b3 e7e8 f4b8 b7b5 b8g3 f8e7 g1h1,1437
3rkr2/1p4Qp/pNb1Bp2/5P2/1P1pn3/K7/P1P4P/8 b - -,e4g5 b6c8 d8c8 e6c8 f8f7 g7g8 f7f8 g8c4 e8d8 c8e6,420
3r2k1/pp2qppp/5n2/2pr4/2B3b1/4PN2/PP2QPPP/R2R2K1 b - -,d5d7 d1d7 d8d7 e2c2 a7a6 c4e2 g7g6 a1c1 d7d5 a2a4,-10
8/3R1k2/8/R7/8/1K6/8/8 b - -,d5d7 d1d7 d8d7 e2c2 a7a6 c4e2 g7g6 a1c1 d7d5 a2a4,Mate
r1b1k2r/1pq2ppp/p3pn2/4n3/1b1N1B2/2N2B2/PPP1QPPP/2KR3R b kq -,f6g4 f3g4 e5d3 d1d3 c7f4 c1b1 b4c3 b2c3 e8h8 b1b2,395
7k/7p/Q2R1p2/8/4b3/1P3n1P/P1r5/5N1K b - -,f6g4 f3g4 e5d3 d1d3 c7f4 c1b1 b4c3 b2c3 e8h8 b1b2,Mate
8/P7/1K2pp2/8/5k1R/8/6p1/r7 b - -,f6g4 f3g4 e5d3 d1d3 c7f4 c1b1 b4c3 b2c3 e8h8 b1b2,Mate
r1bq1rk1/ppp1p1b1/1nn4P/4p3/3P4/2N1P1P1/PP2NPB1/R2QK2R b KQ -,g7h6 h1h6 d8e8 g2c6 e8f7 d1b3 b7c6 b3f7 g8f7 h6h4,323
1rr3k1/pp3pbp/1q2p3/3p2QP/3P2P1/2P5/PP1NBP2/2KR3R b - -,b6d4 d2b1 d4e5 g5e5 g7e5 b1d2 b7b5 c1b1 a7a5 e2d3,377
r2q1rk1/3bb1pp/2p1p3/3p1p2/N1PP4/4P1P1/3Q1PBP/R4RK1 b - -,d8c7 f1c1 a8a5 a4b2 a5a1 c1a1 c7b7 b2d3 f8a8 a1c1,60
r1bqkbnr/ppp2ppp/2n5/3Pp3/8/P1P2N2/1P1P1PPP/RNBQKB1R b KQkq -,c6a5 d1a4 c7c6 b2b4 e5e4 f3d4 f8d6 d5c6 a5c6 d4c6,559
r1bqk2r/ppp1bpp1/7p/3PR2P/2B5/8/PP3PP1/R1BQ2K1 b kq -,a7a6 d1e2 e8f8 c1f4 c8d7 e2f3 e7d6 e5e4 f8g8 f4d6,233
5rkr/5ppp/2pQ2n1/pp4N1/6b1/PB1P4/1PP2P1P/R3R1K1 b - -,a7a6 d1e2 e8f8 c1f4 c8d7 e2f3 e7d6 e5e4 f8g8 f4d6,Mate
r3k2r/2p1q1pp/p1n1bp2/1p1pp3/1P2P3/2PPNN1P/P1Q2PP1/R3K2R b KQkq -,d5d4 c3d4 e7b4 e1e2 c6d4 f3d4 b4d4 c2c6 e8f7 c6c7,-21
r2qkb1r/pp3p1p/2n2p2/3pP3/6b1/2N1P3/PPQ2PPP/R3KBNR b KQkq -,d8b6 c3d5 f8b4 d5c3 c6e5 g1e2 e8h8 e2d4 b4c5 d4b3,69
1Q6/K6k/8/P7/8/8/5p2/8 b - -,f2f1q b8b7 h7h8 b7c8 h8h7 a7b8 h7h6 c8c5 h6g6 b8b7,Mate
4rk2/5pp1/pp5p/2p5/7P/1P3P2/P2R1PK1/8 b - -,b6b5 d2d6 e8e6 d6d8 f8e7 d8a8 e6c6 g2f1 g7g6 a2a4,-301
2kr1bnr/1ppqppp1/p1n1b2p/1B1pN3/Q2P1B2/2P1P3/PP3PPP/RN2K2R b KQ -,g7g5 e5d7 e6d7 f4g3 a6b5 a4a8 c6b8 a8a5 b8a6 b2b4,507
r4bk1/p4p1p/1pb3p1/7n/2pR4/2N1B1P1/PP3P1P/R5K1 b - -,b6b5 a2a4 b5b4 d4c4 b4c3 c4c6 c3b2 a1b1 f8g7 g3g4,336
r5k1/pp5R/4p1p1/3pB1P1/3PQ3/4P1K1/Pq6/R7 b - -,b6b5 a2a4 b5b4 d4c4 b4c3 c4c6 c3b2 a1b1 f8g7 g3g4,Mate
8/3R4/R3k3/8/8/1K6/8/8 b - -,b6b5 a2a4 b5b4 d4c4 b4c3 c4c6 c3b2 a1b1 f8g7 g3g4,Mate
r4rk1/1ppqppbp/p1n2npB/3p1b2/3P4/P1N2NP1/1PPQPPBP/2R1R1K1 b - -,g7h6 d2h6 f5e4 c1d1 e4f3 g2f3 a8d8 e2e4 d5e4 f3e4,51
r2q1k1r/2p2ppp/4pn2/p7/P2P4/4PP2/NQ3P1P/R4RK1 b - -,f6d5 f1c1 g7g6 a2c3 d8g5 g1f1 g5h5 c3d5 e6d5 b2b7,26
b1B5/P7/1P6/2npPp2/5k1p/7P/6PK/1R6 b - -,a8c6 b6b7 c5b7 a7a8q c6e8 c8b7 e8g6 b1b4 d5d4 a8d8,1309
5rk1/5ppp/5n2/q2p4/1n4P1/2QRP2P/5PB1/2K4R b - -,b4a2 c1d2 a2c3 d3c3 f8e8 h1e1 h7h5 d2e2 a5c3 g2d5,-619
r4b1r/1Q2kppp/p3pn2/N7/3P4/2N5/PP3PPP/R1B2RK1 b - -,b4d3 c3d3 f8c8 c1d1 a5a2 d3d2 a2b3 d1e2 c8c2 h1d1,Mate
r6k/pp4pp/1Np5/2n5/8/Q7/PP2B1PP/4qRK1 b - -,e1d2 b6a8 d2d4 g1h1 h7h6 f1f8 h8h7 a3f3 b7b6 b2b4,738
2q5/p4Q1k/1p6/2p2p2/3p4/3P1PP1/PPP3K1/8 b - -,h7h6 b2b3 c8a6 f7f6 h6h7 f6f5 h7g8 f5d5 g8g7 d5e5,434
2N1kr2/1p4Qp/p1b1Bp2/5P2/1r2n3/8/P6P/K7 b - -,h7h6 b2b3 c8a6 f7f6 h6h7 f6f5 h7g8 f5d5 g8g7 d5e5,Mate
5k2/R5bp/6p1/1p1P2N1/1Np2PK1/2n5/6P1/7r b - -,,0
5r1k/1p1R2p1/p5Qp/2b5/5r2/2N2p1P/PPP2qP1/R6K b - -,c5d4 a1d1 f2e3 c3d5 e3e2 d1d4 f3g2 g6g2 f4f1 h1h2,-550
1rr3k1/pp3pbp/4p3/3p2QP/3q2P1/2P5/PP2BP2/1NKR3R b - -,d4f6 g5f6 g7f6 b1d2 b7b5 c1b1 b5b4 c3c4 a7a5 c4d5,419
6k1/6p1/2n1r1b1/1pP2q2/5N1p/pP1pB2P/P2Q1PP1/1R4K1 b - -,e6e5 f4g6 f5g6 b1d1 e5d5 d2c3 g6e4 g1h1 d5d8 c3c1,63
r1b1k2r/1pq2ppp/p3pn2/1N2n3/1b6/2N1BB2/PPP1QPPP/2KR3R b kq -,a6b5 e2b5 e5c6 f3c6 b7c6 b5b4 f6d5 b4c5 a8a5 c3d5,200
8/r5pp/8/8/2K5/p3k3/R5PP/8 b - -,a7a8 c4c3 a8a4 c3b3 a4d4 b3c3 d4h4 h2h3 h4a4 c3c2,-508
8/8/8/4k3/p5p1/1p1NK1P1/1P6/8 b - -,e5f6 e3d4 f6f5 d4c3 f5e4 d3f4 e4f3 f4h5 f3e4 c3b4,919
rnbqk2r/ppp1pp1p/3p2pb/4P2n/2BP1P2/5N2/PPP3PP/RNBQK2R b KQkq -,c7c6 e1h1 d6d5 c4b3 e8h8 f3e1 a7a5 b1c3 h5g7 g2g4,96
rnbqk1nr/pp4pp/2pb1p2/3pp3/2P5/1PN1PN2/PB1P1PPP/R2QKB1R b KQkq -,g8e7 c4d5 c6d5 c3b5 d6b4 f1e2 e8h8 a2a3 b4a5 b3b4,-22
1B3rk1/3n2pp/p3p3/q7/6P1/7P/2Q2P2/2R2RK1 b - -,f8b8 f1e1 d7f8 c2c7 a5b4 c7e5 b8b5 e5e2 b5c5 e2e3,293
rnb1k2r/pp3ppp/2p5/2q1p2P/4P1P1/3P1P2/PK2B3/1R1Q4 b kq -,b8d7 g4g5 c5d4 b2c2 d7c5 d1g1 c5e6 g1d4 e6d4 c2d2,-771
r7/5k2/1rpb1p1p/p1p1p1p1/P1P1P3/1PR2PBP/5P2/R4K2 b - -,d6e7 a1d1 f7e6 f1e2 a8b8 d1d3 h6h5 e2f1 b6b7 g3h2,-23
8/8/4k3/5p2/3P4/4K3/8/8 b - -,,0
r1bq1rk1/ppp1p3/1nn2b1P/4p3/3P4/2N1P1P1/PPQ1NPB1/R3K2R b KQ -,c8e6 g2c6 b7c6 d4e5 f6e5 c2g6 g8h8 g6e6 d8d6 e6d6,265
8/P7/1K2pp2/8/8/8/5kpR/r7 b - -,f2f3 h2g2 f3g2 b6b7 a1a7 b7a7 e6e5 a7b7 g2g3 b7c6,-1684
1rr3k1/pp3pb1/4p2p/3p2QP/3R2P1/2P5/PP2BP2/1NK4R b - -,h6g5 d4b4 g7f8 b4b3 f8c5 h1f1 a7a6 b1d2 b7b5 c1b1,414
r1bqk1nr/ppp2pp1/1b1p3p/n2P4/2B1P3/5N2/P2N1PPP/R1BQR1K1 b kq -,,0
N6k/pp4pp/2p5/2n5/8/Q7/PP2q1PP/5RK1 b - -,h7h5 a3c5 e2g4 a8c7 h8g8 c5e7 g4d4 g1h1 d4g4 e7f7,768
r3k2r/2p1q1pp/p1n1bp2/1p1Np3/1P1pP3/2PP1N1P/P1Q2PP1/R3K2R b KQkq -,e7d6 a2a3 d4c3 c2c3 e6d5 e4d5 d6d5 e1h1 a8d8 f1c1,-77
Q3kb1r/5ppp/p3pn2/N7/3P4/2N5/PP3PPP/R1B2RK1 b - -,e7f7 c3d4 e6d5 e4d5 f7d5 e1h1 e8h8 a2a3 c6d4 f3d4,Mate
2B5/PP6/2b5/2npPp2/5k1p/7P/6PK/1R6 b - -,c5a4 b7b8q a4c3 e5e6 f4g5 e6e7 c3e2 a7a8q e2d4 e7e8q,1810
r1bqk1nr/p3ppbp/2p3p1/8/4B3/2P5/PP3PPP/RNBQ1RK1 b kq -,d8c7 e4f3 g8h6 b1a3 h6f5 d1a4 c8d7 a3c4 a8c8 f1e1,37
7r/1p1k1p2/pqb5/4QP1r/4B3/7P/PPP3P1/4R2K b - -,d7c8 e4c6 b6c6 h1h2 h8g8 e1e2 h5h8 e5e4 c6c7 e4e5,-432
r6r/p1k3pp/b1p1pp1n/2bp4/8/4PN2/PPP2PPP/R2QR1K1 b - -,h8d8 d1d2 c5b6 a2a4 e6e5 d2c3 c7d7 f3d2 a8b8 a1d1,455
r4rk1/pp4pp/3pRq2/3P1p2/1nN5/1P3b1P/1P1Q1PP1/R5K1 b - -,f5f4 e6f6 f8f6 g2f3 b4a6 g1h2 a6c5 d2c3 c5d7 c3b4,480
2r2rk1/1R1bbp1p/p2p1pp1/8/3NP3/5P2/P1PB2PP/1R4K1 b - -,f8d8 d2a5 d6d5 a5d8 c8d8 b7b8 d7c8 e4d5 e7c5 c2c3,418
3r1rk1/pb2n1b1/1pnq3p/2p1pPp1/3pP1P1/3P2N1/PPPB2BN/R1Q2RK1 b - -,b7a6 g3h5 f8f7 f1f3 g7f6 f3h3 g8f8 h2f3 f8e8 a2a4,132
r1bqr1k1/ppp2ppp/2n2n2/4p1N1/1B1pP3/P2P4/1PP1QPPP/2KR1B1R b - -,c6b4 a3b4 a7a5 b4b5 a5a4 e2d2 c7c6 f1e2 a8a5 d2b4,-361
r1bq1rk1/1p2ppbp/p5p1/3n2B1/3P3Q/2N2N2/PP3PPP/R4RK1 b - -,f7f6 g5d2 c8f5 h4g3 a8c8 c3d5 d8d5 f1e1 f8e8 d2c3,-50
1r3rk1/3n1ppp/p3P3/q7/5BP1/7P/2Q2P2/2R2RK1 b - -,d7e5 c2e4 f7f6 f4e5 a5e5 e4c4 f8e8 e6e7 g8h8 f1e1,65
r2r2k1/ppq3pp/2pbp3/3PP3/8/6Q1/PP1B1PPP/R4RK1 b - -,d6e5 g3h3 e6d5 a1b1 c7d7 h3a3 d7d6 a3h3 c6c5 b2b3,-195
r1bqk1nr/ppp2pp1/1bnp3p/3P4/2B1P3/5N2/P2N1PPP/R1BQ1RK1 b kq -,,0
r1bqkb1r/3p1ppp/p1n1p3/np4P1/4P3/1NN1B3/PPP2PBP/R2QK2R b KQkq -,a5c4 d1e2 c4b2 e1h1 b2c4 a2a4 c4e3 e2e3 b5a4 a1a4,-91
4r1k1/6p1/2n3q1/1pP5/7p/pP1pB2P/P2Q1PP1/3R2K1 b - -,e8d8 f2f3 d8e8 g1f1 g6f5 f1f2 c6e5 d1e1 e8d8 f2g1,65
2rr2k1/1R1bbp1p/p2p1pp1/B7/3NP3/5P2/P1P3PP/1R4K1 b - -,d6d5 a5d8 c8d8 b7b8 d7c8 d4c6 e7c5 g1f1 d8f8 e4d5,417
5rk1/1pr1qppp/p3p3/P2pP3/1n1P3P/QPNb1N2/3K1PP1/R6R b - -,c7c3 d2c3 f8c8 c3d2 c8c2 d2e3 f7f5 e3f4 d3e4 h1h3,-276
7r/1p1k1p2/p7/1q2QP1r/3R4/7P/PPP3P1/7K b - -,d7c8 e5b5 a6b5 d4f4 h5h4 f4f2 c8c7 h1h2 c7c6 h2g3,Mate
8/6pp/2k5/3b4/P2B4/1P4bP/1r6/3R1K2 b - -,b2c2 d1d3 d5g2 f1g1 g3h2 g1h2 g2e4 h2g3 c2g2 g3f4,-506
1n6/r4kpp/1PP1b3/3p1p2/P3p3/3nP1P1/5P1P/1R1R2K1 b - -,a7e7 a4a5 b8c6 a5a6 e6c8 b6b7 c8b7 a6b7 c6b8 d1d2,-47
r1bqr1k1/ppp2ppp/5n2/4p1N1/1P1pP3/3P4/1PP1QPPP/2KR1B1R b - -,a7a5 b4b5 h7h6 g5f3 c8g4 h1g1 d8d6 e2d2 g4f3 g2f3,-367
7k/p1R3b1/5n2/q5Np/7P/1p3Q2/PN3PPK/3Rr3 b - -,f6g4 h2h3 e1e8 d1d7 a5e1 g5f7 h8g8 f7h6 g8h8 h6g4,1184
5rkr/5ppp/2pQ2n1/1p4N1/p5b1/P2P4/BPP2P1P/R3R1K1 b - -,b5b4 d6b4 g4f3 g5f3 h7h6 g1h1 h8h7 e1g1 g6h8 b4d6,1143
r1bq1rk1/1p2p1bp/p4ppB/3n4/3P3Q/2N2N2/PP3PPP/R4RK1 b - -,g6g5 f3g5 d5c3 b2c3 f6g5 h6g5 d8d5 a1e1 f8f7 e1e7,-208
2b2rk1/6p1/prpRpn1p/2N5/2P5/PPK3B1/5PPP/R7 b - -,b6b8 a1e1 b8a8 f2f3 f6h5 g3e5 h5f4 e5f4 f8f4 e1e5,517
8/p4p2/8/1P3k2/P7/5K2/r4P1p/7R b - -,,0
r3k2r/1p3p1p/pNbq3b/4pP2/1P2n3/1B6/PKP4P/3RQ2R b kq -,h6d2 d1d2 d6d2 b6a8 d2d4 b2a3 e8d7 h1g1 h8a8 g1g4,-418
5rk1/p3qppp/1p3n2/2pr4/6b1/3BPN1P/PP2QPP1/R2R2K1 b - -,,0
5k2/8/2p1p3/r3Pp2/8/P3R1RP/r5PK/8 b - -,f8f7 h3h4 a5a4 h4h5 a4h4 g3h3 h4g4 e3g3 f7g7 g3g4,8
5k2/R7/4N1pb/1p1P3p/1Np2P2/2n3K1/6P1/7r b - -,,0
2k4r/1p6/p4p2/1q3P1r/4R3/6QP/PPP3P1/7K b - -,h5g5 g3e1 g5f5 e1g3 f5e5 e4f4 b5c6 a2a4 h8e8 f4f3,-468
r2q1rk1/1p1b1ppp/p4n2/3pN1B1/2pP4/P1P1P3/3Q1PPP/R2R2K1 b - -,,0
5rk1/5ppp/8/q7/1n2p1P1/2Q1P2P/3R1P2/2K4R b - -,d7a4 e5g4 d8d7 g4f6 g7f6 g5h6 a4d1 h6f8 d1f3 g2f3,Mate
8/p4p2/8/1P3k2/r7/5K2/5P1R/8 b - -,,0
r1b2rk1/pp1p1p1p/2n1p1qp/1N2P3/2B2P2/7P/PP1Q2P1/R4RK1 b - -,d7d5 e5d6 c8d7 b5c7 a8d8 a1d1 a7a6 b2b4 g8h8 a2a4,361
r1bqk2r/pppp1pp1/1bn2n1p/4P3/8/1NN5/PPP1QPPP/R1B1KB1R b KQkq -,f6g8 c1e3 g8e7 e1a1 e8h8 g2g3 d7d5 e5d6 c7d6 e3b6,115
r4rk1/1p3ppp/p3n3/2bN4/qPQ2B2/8/5PPP/R4RK1 b - -,a4d7 b4c5 e6f4 d5f4 f8d8 a1a3 h7h6 a3d3 d7b5 c4b5,339
r2qkb1r/1b3ppp/2p1pn2/p1n5/Pp1P4/4PN2/NP1BBPPP/R2Q1RK1 b kq -,c5d7 a2c1 f8e7 c1b3 e8h8 a1c1 a8c8 e2c4 c6c5 d1e2,-35
N6k/Qp2q1pp/2p5/2n5/8/8/PP4PP/5RK1 b - -,c5d7 a7a3 e7a3 b2a3 h7h6 a3a4 h8g8 f1e1 d7f6 a4a5,607
1r3rk1/3n1ppp/p7/P3P3/5BP1/7P/2R2P2/5RK1 b - -,b8b5 e5e6 f7e6 f4d6 f8a8 f1e1 b5a5 e1e6 a5d5 c2c6,20
6k1/R7/3PN1pb/1p5p/1Np2P2/2n3K1/6P1/7r b - -,,0
1r2r3/p1k3pp/b1pbpp1n/3p4/4P3/1N6/PPP2PPP/R2QR1K1 b - -,e8e7 a1c1 b8b4 c2c3 b4b6 e4d5 c6d5 c3c4 d5c4 b3a5,462
r2qkbnr/ppp2p1p/2n1b1p1/1Q2p3/8/5NP1/PP1PPPBP/RNB1K2R b KQkq -,a7a6 b5a4 f8g7 d2d3 g8e7 e1h1 e8h8 a4h4 f7f6 b1c3,-53
2k4r/1p6/p4p2/1q3Pr1/4RQ2/7P/PPP3P1/7K b - -,h8h4 f4f3 h4e4 f3e4 g5f5 e4e6 b5d7 e6e1 f5d5 e1g3,-544
3rr1k1/1p2np1p/p1qb2pB/4p1N1/2P3P1/3Q3P/PP3P2/3R1RK1 b - -,d6c7 d3b3 a6a5 a2a4 d8d1 f1d1 e8d8 d1d8 c7d8 b3d3,40
8/4k3/2p1p3/4Pp2/8/P3R2P/r5PK/8 b - -,e7f7 h2g3 a2c2 g3f3 f7g6 g2g3 c2c4 e3d3 c4a4 d3c3,13
8/p1P2k2/1p5K/1P1pP1p1/P2P1b2/3R1P2/8/8 b - -,e7f7 h2g3 a2c2 g3f3 f7g6 g2g3 c2c4 e3d3 c4a4 d3c3,Mate
2r3k1/pq6/1p5R/2p1npN1/3p4/3P1PP1/PPPQ2K1/8 b - -,c8c6 h6h7 b7c8 d2e2 e5g6 f3f4 c6f6 e2f3 c8c6 h7a7,416
2rqrbk1/pb3pp1/1pn1pn1p/8/3P1B2/P1N2N1P/1P1Q1PP1/1B1RR1K1 b - -,,0
r7/1ppn1rk1/n2p2pp/3Pp3/1PP5/2NBP3/6PP/1R1R2K1 b - -,d7f6 d3e2 a6b8 d1c1 e5e4 b1a1 a8a1 c1a1 c7c6 d5c6,22
6k1/2n5/1p2b1p1/1P4p1/Pr6/2NR2PP/6BK/8 b - -,g5g4 d3d6 b4c4 a4a5 b6a5 b5b6 c4c3 b6b7 c3b3 d6d8,183
rn2kb1r/ppq1n1p1/2pNQ1pp/8/2BP3P/8/PPP2PP1/R1B1K2R b KQ -,e8d8 d6f7 d8e8 f7h8 c7a5 c2c3 a5f5 e1h1 f5e6 c4e6,760
1n6/2P1rkpp/1P2b3/3p1p2/P3p3/3nP1P1/5P1P/1R1R2K1 b - -,b8a6 a4a5 a6c7 b6c7 e7c7 a5a6 e6c8 b1b6 c7a7 b6c6,-125
r2qkb1r/1bp2ppp/4pn2/pBn5/Pp1P4/4PN2/NP1B1PPP/R2Q1RK1 b kq -,c5d7 f3e5 c7c5 d1e2 c5d4 e3d4 f8e7 d2f4 e8h8 e5c6,57
r4rk1/1p3ppp/p1q1n3/2PN4/2Q2B2/8/5PPP/R4RK1 b - -,c6c5 c4c5 e6c5 f4d6 c5b3 a1d1 f8e8 d5c7 b7b5 c7a8,420
r3k2r/2p3pp/p2q1p2/1p1Pp3/1n1P4/3P1N1P/P3QPP1/R3K2R b KQkq -,e8h8 e1h1 a8e8 d4e5 f6e5 a2a4 b4d5 a4b5 a6b5 a1a7,-128
1r3k2/1P3p1p/bR6/2pBP1p1/8/8/8/6K1 b - -,a6e2 b6c6 b8b7 c6c8 f8e7 d5b7 e2d3 b7d5 f7f6 c8c7,376
r4rk1/1pqb2pp/p1nbp3/3p3n/3P4/2NB1NB1/PP3PPP/R2QR1K1 b - -,h7h6 a1c1 h5g3 h2g3 f8f6 d3b1 a8f8 d1d3 g7g6 c3a4,73
r1b2rk1/pp3p1p/2nPp1qp/1N6/2B2P2/7P/PP1Q2P1/R4RK1 b - -,c8d7 b5c7 a8d8 a1d1 g8h8 b2b4 b7b6 c4e2 g6f6 f1f2,339
4rrk1/1pqR2p1/pNb1pp2/2Q3n1/2P1p1Pp/2P1P2P/P4PB1/3R2K1 b - -,c7d7 b6d7 f8f7 d7b6 g8h7 c5d6 h7h6 g1f1 e8f8 d1d2,352
5rk1/1p2qppp/p3p3/P2pP3/1n1P3P/QPKb1N2/5PP1/R6R b - -,f8c8 c3d2 c8c2 d2e3 f7f5 e3f4 d3e4 h1h3 b4d3 f4g3,-268
r1bq1rk1/ppp2ppp/1bnp4/4p3/2B1P3/2PPBN2/PP3PPP/R2Q1RK1 b - -,c6a5 c4b5 b6e3 f2e3 c7c5 h2h3 c8e6 b5a4 a7a6 a4c2,-4
rnb1k2r/pp3ppp/2p5/1q2p2P/4P1P1/3P1P2/P3B3/1RKQ4 b kq -,b5c5 c1d2 b8a6 d1c1 c5c1 b1c1 a6c7 d3d4 e5d4 f3f4,-752
3R2k1/2n5/1p2b1p1/1P4p1/P7/1rN3PP/6BK/8 b - -,g8h7 c3d1 g5g4 d8d6 h7h6 h3h4 b3b4 d6b6 e6b3 d1f2,287
6r1/1pQk4/p4p2/1q3Pr1/2R5/7P/PPP3P1/7K b - -,g8h7 c3d1 g5g4 d8d6 h7h6 h3h4 b3b4 d6b6 e6b3 d1f2,Mate
r1q2rk1/5pp1/pp5p/2p1N3/4R1bP/1P6/P1Q2PP1/2R3K1 b - -,g4f5 c1e1 f5e4 e1e4 c8e6 e5g4 e6g6 g4e5 g6d6 e4e3,-422
r3k2r/pppq1ppp/2nb1n2/3ppb2/8/1PN1P1P1/PBPPNPBP/R2Q1RK1 b kq -,c6e7 f2f4 e5e4 c3a4 h7h5 c2c4 c7c6 c4d5 e7d5 a4c3,-103
rn1k1b1r/ppq1nNp1/2p1Q1pp/8/2BP3P/8/PPP2PP1/R1B1K2R b KQ -,d8e8 f7h8 c7a5 c1d2 a5f5 e1f1 c6c5 h1h3 b8d7 a1e1,749
r2R1bk1/p4p1p/1pb3p1/5n2/2p4P/2N1B1P1/PP3P2/3R2K1 b - -,h7h6 d8a8 c6a8 d1d7 f5e3 d7a7 e3d1 a7a8 d1b2 a8b8,422
1r3k2/1P3p1p/2R5/2pBP1p1/8/8/4b3/6K1 b - -,f8g7 c6c8 b8b7 d5b7 e2d3 c8c5 h7h5 g1f2 h5h4 b7d5,415
rn1q1rk1/ppp1bppp/5n2/3P2B1/2BP4/2N2b2/PPPQN2P/2KR2R1 b - -,f3e2 d2e2 b8d7 d1e1 f8e8 e2g2 g7g6 g2f3 g8g7 h2h4,250
2rq1r2/pb1n1pp1/1pn1p2k/2ppN1N1/3P1P2/2PQ4/PP3PPP/2R2RK1 b - -,d8g5 f4g5 h6g5 e5d7 g5h6 d7f8 c8f8 d3h3 h6g6 d4c5,716
4k1r1/1pQ5/p4p2/1q3Pr1/4R3/7P/PPP3P1/7K b - -,b5e5 e4e5 f6e5 f5f6 g5g7 f6g7 e5e4 h1g1 e4e3 g1f1,Mate
2rqrbk1/pb3pp1/1pn1pn1p/8/3P1B2/P1NQ1N2/1P3PPP/1B1RR1K1 b - -,c6e7 f3e5 a7a6 h2h3 b6b5 f2f3 b7a8 h3h4 g7g6 d3d2,54
1r5k/2R5/3p4/1p2bP2/1P3p1q/P4K2/5P2/3Q3R b - -,c6e7 f3e5 a7a6 h2h3 b6b5 f2f3 b7a8 h3h4 g7g6 d3d2,Mate
r2q2k1/bpp2pp1/p1n1rn1p/4pN2/3pP3/2PP1N1P/PP1B1PP1/R2QR1K1 b - -,d4c3 d2c3 d8d7 d1b3 d7d3 b3b7 a8e8 a1d1 d3c4 d1c1,11
r1b2rk1/ppqp1ppp/2n5/3pP1N1/8/1N1Q4/PPP2PPP/R4RK1 b - -,g7g6 a1e1 h7h6 g5f3 d7d6 e5d6 c7d6 d3d2 g8g7 c2c3,70
8/5p1k/3R1Kp1/3PR3/4P1r1/r7/4b3/8 b - -,g4f4 f6e7 h7g7 d6c6 a3a4 e7d6 a4e4 e5e4 f4e4 c6c1,-542
rn1qr1k1/p4ppp/bp3n2/2Pp4/8/P1PBPP2/4N1PP/1RBQ1RK1 b - -,a6d3 d1d3 b6c5 c3c4 b8c6 c4d5 f6d5 f1d1 d5b6 d3b3,40
8/p1p2kpp/8/3B4/1P1b4/2Np4/P2P1nPq/R1B2KR1 b - -,f7f8 c1b2 f2e4 c3e2 e4d2 f1e1 h2e5 g1f1 d2f1 d5f3,-1010
8/1PP1rkpp/n3b3/3p1p2/P3p3/3nP1P1/5P1P/1R1R2K1 b - -,e7c7 b7b8q a6b8 b1b8 c7c2 b8b7 f7f6 b7b6 c2a2 b6a6,-347
3r1r2/pb2n2k/1pnq1b1p/2p1pPpN/3pP1P1/3P1N2/PPPB2B1/R1Q2RK1 b - -,f8f7 h5f6 d6f6 d2g5 h6g5 f3g5 h7g7 g5f7 g7f7 g4g5,231
r4rk1/ppNb1p1p/2nPp1qp/8/2B2P2/7P/PP1Q2P1/R4RK1 b - -,a8d8 a1d1 a7a6 b2b4 c6b8 c4d3 g6g7 f4f5 e6e5 d3b1,311
2r3k1/1p2qppp/p3p3/P2pP3/1n1P3P/QP1b1N2/3K1PP1/R6R b - -,c8c2 d2e3 f7f5 e3f4 d3e4 h1h3 b4d3 f4g3 f5f4 g3h2,-283
r3k2r/pppq1ppp/2nb1n2/3p4/3Pp3/1PN1P1Pb/PBPQNPBP/R4RK1 b kq -,h7h5 c3b5 d6b4 c2c3 h3g2 g1g2 b4e7 h2h4 a7a6 b5a3,-240
8/6k1/r7/PRp1Np2/2P2P1p/1P5P/3n1K2/8 b - -,a6d6 b5b7 g7g8 f2e2 d2e4 e2e3 e4c3 b7b6 c3d1 e3e2,507
r2q2k1/bpp2pp1/p1n1rn1p/4pN2/4P3/2BP1N1P/PP3PP1/R2QR1K1 b - -,d8d7 d1b3 d7d3 b3b7 a8e8 a1d1 d3c4 b7b3 c4b3 a2b3,5
3R4/2n3k1/1p2b1p1/1P4p1/P3N3/1r4PP/6BK/8 b - -,e6f5 e4g5 g7f6 h3h4 b3b2 d8d6 f6e7 d6d4 b2a2 g3g4,225
6k1/pq6/1pR5/2p1npN1/3p4/3P1PP1/PPPQ2K1/8 b - -,b7c6 d2f4 c6f6 f4h4 f6h8 g5e6 h8h4 g3h4 g8f7 e6f4,157
8/4Kp1k/3R2p1/3PR3/4P1r1/5r2/4b3/8 b - -,e2d3 d6f6 f3f6 e7f6 g4f4 f6e7 d3e4 d5d6 e4f5 e7f7,-492
5rk1/p3qppB/1p3n2/2pr3b/8/4PN1P/PP2QPP1/R2R2K1 b - -,g8h7 d1d5 f6d5 e2d3 h5g6 d3d5 f8d8 d5e5 e7e5 f3e5,10
r1bq1rk1/ppp2ppp/1b1p4/nB2p3/4P3/2PPBN2/PP3PPP/R2Q1RK1 b - -,d8e7 e3b6 a7b6 d3d4 a5c6 f1e1 c8g4 d4d5 c6b8 h2h3,8
r1b1k2r/ppp1qppp/2nb1n2/3p1N2/3P4/2PBB3/PP3PPP/RN1QK2R b KQkq -,e7d7 f5g7 e8f8 g7h5 d7e6 b1d2 c6e7 e1h1 f6g4 d1g4,237
2k3r1/1p6/p4p2/1q3Pr1/2R2Q2/7P/PPP3P1/7K b - -,b5c6 c4c6 b7c6 f4d6 c8b7 d6e7 b7b6 g2g4 g5g7 e7f6,Mate
3R1bk1/p4p1p/1pb3p1/8/2p4P/2N1P1P1/PP6/6K1 b - -,g6g5 h4g5 g8g7 d8c8 c6d7 c8c7 d7e6 c7a7 g7g6 a7b7,413
8/8/2R1p2k/4P2P/6K1/r7/8/8 b - -,,0
rn1q1rk1/ppp1bppp/5n2/3P2Bb/2BP4/2N5/PPPQN2P/2K1R1R1 b - -,e7b4 e2f4 h5g6 h2h4 b8d7 h4h5 g6f5 d2g2 b4c3 b2c3,325
r3k2r/pppq1pp1/2nb1n2/3p3p/3Pp2P/1PN1P1P1/PBPQNPK1/R4R2 b kq -,c6e7 f1h1 e8a8 e2f4 d6f4 e3f4 e7f5 a1e1 h8h6 c3d1,-217
rnbqkbnr/1p1ppppp/2p5/p7/P3P3/N7/1PPP1PPP/R1BQKBNR b KQkq -,d7d6 d2d4 g8f6 f2f3 b8d7 g1e2 e7e6 e2c3 f8e7 c1e3,39
1q2rrk1/1p4p1/pNbRpp2/2Q3n1/2P1p1Pp/2P1P2P/P4PB1/3R2K1 b - -,b8c7 d6d7 c7b8 d7d6 f8f7 a2a4 b8c7 d6d4 g8h7 a4a5,-72
r3k2r/ppp1qppp/2nb1n2/3p1B2/3P4/2P1B3/PP3PPP/RN1QK2R b KQkq -,h7h5 b1d2 g7g6 f5c2 c6d8 d1e2 f6g4 e1a1 d8e6 g2g3,38
5r2/p3qppk/1p3n2/2pR3b/8/4PN1P/PP2QPP1/R5K1 b - -,f6d5 e2d3 h5g6 d3d5 f8d8 d5c4 e7f6 a1e1 h7g8 c4c1,15
r5k1/bppq1pp1/p1n1rn1p/4pN2/4P3/2BP1N1P/PP1Q1PP1/R3R1K1 b - -,f6e8 d2c2 e8d6 d3d4 e5d4 c3d4 d6f5 d4a7 f5d6 a7c5,-8
7k/p1q3b1/5n2/6Np/7P/1p3QP1/PN3P1K/3Rr3 b - -,c7e7 f3b3 f6g4 h2g2 e1e2 d1d8 e7d8 g5f7 h8h7 f7d8,500
r4rk1/2p3pp/1p2p1q1/p2bnP2/3R4/1P2PP2/PBB4P/3Q1R1K b - -,g6f7 d4d5 e6d5 b2e5 c7c5 f1g1 a8a7 f3f4 g8h8 d1g4,746
6k1/1p2qppp/p3p3/P2pP3/1n1P3P/QP1bKN2/2r2PP1/R6R b - -,f7f6 h1d1 c2e2 e3f4 e7f7 a3c1 f6e5 f4g3 h7h6 g3h2,-304
5r2/p3qppk/1p6/2pn3b/8/3QPN1P/PP3PP1/R5K1 b - -,h5g6 d3d5 f8d8 d5e5 e7e5 f3e5 f7f6 e5g6 h7g6 g2g4,8
r1b2rk1/pp4p1/2n4p/2nQ1Pq1/2p1p2N/2P1P1P1/PPB3PN/R4RK1 b - -,g8h7 d5c5 c8d7 f1f4 a8e8 c2e4 e8e4 f4e4 f8e8 e4e8,579
rnbqkb1r/pp2nppp/4p3/2p1P3/2Bp4/2P2Q2/PP1PNPPP/R1B1K1NR b KQkq -,a7a6 c3d4 c5d4 f3e4 b8c6 g1f3 b7b5 c4d3 c8b7 e2d4,-73
rn2r1k1/ppp2ppp/3b1q2/3P4/3P2b1/4BN2/PPP1QPPP/2KR1B1R b - -,c7c6 h2h3 g4f5 e2d2 c6d5 e3g5 f6e6 f1d3 f5e4 h1e1,118
r1bqk2r/pp1nbppp/4p3/2pp4/3P4/2P1PNP1/PP1NBPP1/R2QK2R b KQkq -,g7g6 d1a4 c5d4 c3d4 e8h8 g3g4 d7b6 a4d1 c8d7 f3e5,-17
r2qkb1r/5ppp/2b1pn2/p1P5/Pp6/4PN2/NP1B1PPP/R2Q1RK1 b kq -,f8c5 d1e2 e8h8 a2c1 c5b6 c1d3 c6b7 f1d1 b7a6 d2e1,-217
4K1k1/4Q1r1/8/8/8/8/8/8 b - -,,0
r2q1rk1/pppnbppp/5n2/3P2Bb/2BP1N2/2N5/PPPQ3P/2K1R1R1 b - -,h5g4 g1g4 d7b6 c4b3 f6g4 g5e7 d8d7 e7f8 g8f8 e1f1,532
2R2b2/p4pkp/1pb3p1/8/2p4P/2N1P1P1/PP6/6K1 b - -,c6b5 c3b5 f8c5 b5c3 c5e3 g1h1 e3d4 c8c4 d4c3 c4c3,543
r4rk1/1p3ppp/p2B4/2nN4/8/8/5PPP/R4RK1 b - -,c5e6 d5b6 a8d8 d6f8 g8f8 f2f4 a6a5 f4f5 e6d4 g1h1,529
r1bq1r1k/p1p1p3/1np4P/4b3/5N2/2N1P1P1/PPQ2P2/R3K2R b KQ -,e5f4 g3f4 c8f5 e3e4 f5g4 c3e2 e7e5 c2c3 d8f6 f2f3,-129
r3k2r/ppp2pp1/2nb1n2/3p1q1p/3PpN1P/1PN1P1P1/PBPQ1PK1/R4R2 b kq -,e8a8 f1h1 d6f4 e3f4 f5g6 c3d1 f6g4 d1e3 c6e7 e3g4,-182
r1b2rk1/1p3ppp/p2Rpn2/q7/8/2N1BQ2/PPP2PPP/2KR4 b - -,a5e5 h2h3 e5f5 f3f5 e6f5 d6b6 f8e8 a2a4 h7h6 b2b3,242
r2r2k1/ppq3pp/2pbP3/8/3p1P2/6Q1/PP1B2PP/R4RK1 b - -,d6e7 g3g4 c7b6 a1b1 d8d5 f4f5 a8f8 g1h1 b6c5 d2h6,46
r1bqkbnr/pp2pppp/2p2n2/8/2BPN3/5P2/PPP3PP/R1BQK1NR b KQkq -,,0
r1b2rk1/ppqp1p1p/2n3p1/3pP1N1/8/1N5Q/PPP2PPP/R4RK1 b - -,h7h5 f1e1 c6e5 h3g3 d7d6 h2h3 c8d7 a1d1 f7f6 g5f3,30
3r2r1/1b2n2k/1pnq1b1p/p1p1pPpN/3pP1P1/3P1N2/PPPB1KB1/R1Q4R b - -,g8h8 h5f6 h7g7 d2g5 h6g5 c1g5 g7f7 f6h7 d8g8 h1h6,553
rnbqr1k1/pp3ppp/5n2/2pp4/3P4/P1PBPP2/4N1PP/R1BQ1RK1 b - -,b7b6 d4c5 b6c5 c3c4 d5d4 e3d4 c5d4 c1g5 b8c6 g5h4,45
r2q1rk1/pppnbppp/5nb1/3P2B1/2BP1N1P/2N5/PPPQ4/2K1R1R1 b - -,b7b5 c4b5 a7a6 b5c6 a8b8 h4h5 g6f5 h5h6 g7g6 f4h5,371
r2q1r1k/p1p1p3/1np4P/4bb2/4PN2/2N3P1/PPQ2P2/R3K2R b KQ -,e5f4 e4f5 f4e5 a1d1 d8e8 f2f4 e5f6 e1f2 b6d5 f2f3,-130
1q2r1k1/1p3rp1/pNbRpp2/6n1/2PQp1Pp/2P1P2P/P4PB1/3R2K1 b - -,b8c7 c4c5 f6f5 d6d8 c7d8 d4d8 e8d8 d1d8 f7f8 d8d6,-82
8/p2P4/1bP5/PP3b2/1K2k2P/8/8/8 b - -,b6f2 d7d8q e4f3 c6c7 f3e2 d8e7 f2e3 e7e8 e2f3 e8c6,822
6k1/1p2q1pp/p3p3/P2pPp2/1n1P1K1P/QP1b1N2/2r2PP1/R6R b - -,d3e4 h1h3 b4d3 f4g3 e7a3 a1a3 f5f4 g3h2 d3f2 a3a1,-279
r3k2r/ppp2p2/2nb1n2/3p1qPp/3PpN2/1PN1P1P1/PBPQ1PK1/R4R2 b kq -,f5g5 f1h1 d6f4 e3f4 g5g6 b2a3 h5h4 h1h3 h8h5 a1h1,-196
r1bq1rk1/4b1pp/2p1p3/3P1p2/3P4/2N1P1P1/3Q1PBP/1R3RK1 b - -,c6d5 f1c1 a8a7 g2f1 c8d7 f1b5 h7h6 d2d1 a7b7 d1a4,42
8/p3Rpqp/1kpn4/1p6/8/P4R1P/1PP5/1K6 b - -,c6d5 f1c1 a8a7 g2f1 c8d7 f1b5 h7h6 d2d1 a7b7 d1a4,Mate
r1b1kbnr/pp2pppp/2p2n2/q7/2BPN3/5P2/PPPB2PP/R2QK1NR b KQkq -,a5c7 d1e2 f6d5 e1a1 g8f6 d2e1 g7g6 e1g3 f8h6 c1b1,74
r7/1pp2p2/3p1k2/p2P2p1/PnB3P1/1P3P2/1P1K4/4R3 b - -,a8h8 d2c1 h8h2 e1e4 h2f2 e4e8 f2f3 e8a8 b4d3 c1c2,-244
8/2R5/1p4pk/1P1b2p1/P3N3/1r4PP/6BK/8 b - -,g5g4 h3g4 g6g5 e4c3 d5g8 g2e4 b3b2 h2g1 b2b3 g1f2,664
r4rk1/ppRn1ppp/8/3Pp3/Pb6/4P1B1/P3KPPP/5B1R b - -,d7c5 g3e5 f8d8 f2f4 d8d5 e2f3 d5d7 c7d7 c5d7 e5d4,185
3b4/5Bk1/4p2p/q7/P1Q5/5R2/3r2PP/7K b - -,,0
r4rk1/2p3pp/1p2p1q1/p2Rnp2/6P1/1P2PP2/PBB4P/3Q1R1K b - -,g6h6 d5e5 a8d8 d1e2 f5g4 f3f4 g4g3 e5g5 d8d2 e2d2,930
5rr1/1b2n2k/1pnq1N1p/p1p1pPp1/3pP1P1/3P1N2/PPPB1KB1/R1Q4R b - -,h7g7 f6g8 f8g8 f3g5 h6g5 d2g5 g7f8 h1h6 d6d7 h6h7,Mate
8/6pp/2k5/3b4/P2B4/1P1R2bP/7r/5K2 b - -,g3h4 a4a5 h2a2 d3c3 c6d6 b3b4 d5g2 f1g1 g2e4 g1f1,-457
rnb1kb1r/1p2pppp/5n2/pN1p4/P2P1B2/5P2/1qP3PP/R2QKBNR b KQkq -,f6h5 f4d2 e7e5 a1b1 b2a2 b5c7 e8d8 c7a8 b8c6 f1b5,484
rnb1k2r/pp3ppp/2p5/2q1p2P/4P1P1/3P1P2/P1Q1B3/1RK5 b kq -,b8d7 c1d2 c5c2 d2c2 d7c5 d3d4 e5d4 b1b4 c5e6 e2c4,-766
r1bq1rk1/4b1pp/4p3/3p1p2/3P4/2N1P1P1/3Q1PBP/R4RK1 b - -,a8a1 f1a1 d8c7 g2f1 c8d7 f1b5 d7b5 c3b5 c7c6 b5c3,29
2r2rk1/pp4pp/4p2q/3p2b1/3P2Pn/2N1PB1P/PP2Q2K/4RR2 b - -,f8f3 f1f3 h4f3 e2f3 c8f8 f3e2 g5h4 g4g5 h4g5 c3d1,-272
r3k2r/ppp2p2/2nb1n2/3p3p/3Pp1q1/1PN1PPPN/PBPQ2K1/R4R2 b kq -,h4f3 f1f3 f8f3 e2f3 c8f8 f3e2 g5h4 g4g5 h4g5 c3d1,Mate
rnbqkbnr/5ppp/p7/1ppp4/8/1BPP4/PP3PPP/RNBQK1NR b KQkq -,g8f6 g1e2 b8c6 c1g5 f8e7 d3d4 c5c4 b3c2 h7h6 g5h4,-36
8/KP3q2/7k/P7/4Q3/6p1/8/8 b - -,h6g5 e4c6 g5h4 a7a8 f7f5 a5a6 g3g2 c6g2 f5b5 g2h2,1583
5r2/1ppn1rk1/n2p2pp/3Pp3/1PP1N3/3BP3/6PP/1R1R2K1 b - -,d7f6 e4c3 f6g4 d1e1 f7f2 h2h3 f2d2 c3e4 d2d3 h3g4,25
8/p1bP4/1PP5/P4b2/1K2k2P/8/8/8 b - -,f5d7 c6d7 a7b6 a5a6 e4d4 a6a7 c7d6 b4b5 d6c7 a7a8q,1241
2kr1bnr/1pp1ppp1/p1Q1b2p/3p4/3P1B2/2P1PN2/PP3PPP/RN2K2R b KQ -,d8d6 c6a4 g8f6 f4d6 e7d6 b2b4 e6d7 a4c2 g7g5 a2a4,774
2R2b2/p4pkp/1p4p1/8/2p4P/2N1PbP1/PP3K2/8 b - -,b6b5 f2f3 a7a6 f3g2 f8d6 g2h1 d6e5 c8c6 f7f6 c6a6,547
8/p1p2kpp/8/2b1q3/1P6/2Np1B2/P2P1nPP/R1B2K1R b - -,c5d4 c1b2 f2h1 c3e4 d4b2 a1e1 e5h2 e1e3 b2d4 e3d3,-514
r4rk1/2p3pp/1p4q1/p2pBp2/6P1/1P2PP2/P1B4P/3Q1R1K b - -,c7c6 f1g1 a8e8 e5b2 g6h6 g4f5 f8f7 e3e4 h6e3 b2d4,679
3b4/5Bk1/4p2p/q7/P1Q5/8/6PP/3r1R1K b - -,,0
5r2/p3qppk/1p4b1/2pQ4/8/4PN1P/PP3PP1/R5K1 b - -,f8d8 d5e5 e7e5 f3e5 f7f6 e5g6 h7g6 g2g4 d8d2 b2b3,10
r1b1r1k1/ppp2pp1/3p3p/1P1P4/4B3/3P2P1/qBQ2P1P/5RK1 b - -,a2a5 f1b1 a7a6 b2c3 a5b6 b5a6 b6a6 b1a1 a6a1 c3a1,-125
rn2kb1r/ppq1nNp1/2p1Q1pp/8/2BP3P/8/PPP2PP1/R1B2RK1 b - -,c7c8 e6e2 c8f5 f7h8 f5f6 f1e1 e8d8 e2g4 e7d5 c4d5,748
8/5p1p/p2k2p1/1p4P1/1BpKPP2/P7/6b1/8 b - -,d6e6 b4d2 g2f3 d2c3 f3d1 c3a5 d1b3 a5c3 b3c2 c3d2,-45
r3r3/2k1q2p/p1Pp4/2n4Q/1pB1nP2/8/PPP3PP/2KRR3 b - -,e7g7 h5d5 g7f8 g2g3 e4f2 d5f7 f8f7 c4f7 e8e4 e1e4,-165
6r1/1b2n2k/1pnq1r1p/p1p1pPN1/3pP1P1/3P4/PPPB1KB1/R1Q4R b - -,g8g5 d2g5 h7g7 g5h6 f6h6 c1g5 h6g6 f5g6 d6g6 g5h4,536
r1b4r/pppp2b1/2n3kp/5pp1/2PPq2P/3BP2N/PP4P1/R1BQK2R b KQ -,,0
r3k2r/ppp2p2/2nb1n2/3p3p/3Pp3/1PN1PPqN/PBPQ4/R4R1K b kq -,e4g2 d3f5 g6f5 h1f1 f5e6 d1h5 g2g3 e1e2 e6e7 h5f7,Mate
rn1qkbnr/1b1p1ppp/p3p3/1pp5/4PB2/1B1P4/PPP2PPP/RN1QK1NR b KQkq -,g8e7 g1f3 d7d5 e4d5 e7d5 f4g3 h7h5 h2h4 d5e7 b1d2,-54
2r3k1/n1r2ppp/pp2pn2/3p4/N1P5/1P2NPP1/P3P1KP/2RR4 b - -,b6b5 a4b6 c8e8 c4d5 c7b7 d5d6 b7b6 d6d7 e8d8 c1c7,59
8/5p1p/p1k3p1/Bp4P1/2pKPP2/P7/6b1/8 b - -,g2h3 d4e5 h3c8 e5f6 c6c5 f6e5 c8b7 a5b4 c5b6 b4e1,-52
4r1kr/3Q1ppp/2p3n1/1p4N1/p5b1/P2P4/BPP2P1P/R5K1 b - -,g4d7 a2f7 g8f8 f7e8 f8e8 b2b3 a4b3 a1e1 e8f8 c2b3,-375
1r1q1bk1/2p2pp1/2npr2P/1p2p2n/4P3/2PPBN1P/1P1N1P2/R2Q1RK1 b - -,g7h6 a1a6 d8d7 f3g5 e6g6 d1h5 h6g5 g1h2 f8e7 f1g1,109
3k1b1r/pp3ppp/b3p3/6N1/3P1B2/8/PP1K1PPP/2R5 b - -,h8g8 g5f7 d8e8 c1c7 h7h6 f7d6 f8d6 f4d6 g7g5 a2a4,364
r3k1nr/pp3ppp/4p3/3pP3/3n2B1/8/PP3PPP/R1B1K2R b KQkq -,d4c2 e1e2 c2a1 c1d2 g8e7 h1a1 h7h5 g4h3 a8c8 f2f4,-421
8/8/5n2/3p2R1/5r2/2P1K2k/8/8 b - -,f4f1 e3e2 f1a1 g5g7 a1a4 e2d3 f6h5 g7g1 a4e4 d3d2,-279
1n6/4rkpp/1PP1b3/P2p1p2/4p3/3nP1P1/5P1P/1R1R2K1 b - -,b8c6 a5a6 e7e8 a6a7 e8a8 b1b5 c6a7 b5a5 a7c8 a5a8,-90
4r1k1/1pq2rp1/pNbRpp2/2P3n1/3Qp1Pp/2P1P2P/P4PB1/3R2K1 b - -,f6f5 d6d8 c7d8 d4d8 e8d8 d1d8 f7f8 d8d6 g7g6 g2f1,-112
r3r1k1/2p3pp/p1n5/1p1qp3/8/P2P1N1P/4QPP1/2R1R1K1 b - -,e8e6 d3d4 e5e4 c1c5 c6d4 f3d4 d5d4 c5c7 a8d8 e2g4,-35
r2r2k1/pR1n1ppp/8/3Pp3/Pb6/4P1B1/P3KPPP/5B1R b - -,b4f8 e2f3 e5e4 f3g4 a8c8 h2h4 c8c1 b7a7 d7c5 g4h3,106
r2k2r1/p3R1pp/2p1pp1n/2Bp4/6P1/2P4P/P1P2P2/1R4K1 b - -,d8c8 b1b7 c8d8 c5a7 a8a7 b7a7 g8f8 e7g7 f8f7 g7f7,556
8/p1p2kpp/5n2/2b1q3/8/3p1B2/PP1P1PPP/RNBK3R b - -,d8c8 b1b7 c8d8 c5a7 a8a7 b7a7 g8f8 e7g7 f8f7 g7f7,Mate
4r1k1/3qb1p1/2p4p/p4p2/P1PB1P2/1P6/2PQ2PP/4R1K1 b - -,e7d6 e1e8 d7e8 d4c3 d6c7 d2d4 e8g6 g1f1 h6h5 h2h3,532
5k2/1p4p1/1p3n1p/4R3/8/P4P1P/1Pb3P1/7K b - -,c2h7 e5b5 f6d7 h1h2 h7g8 f3f4 g8c4 b5b4 c4d5 g2g4,11
r1b4r/pppp2b1/2n3kp/5Bp1/2PP3P/4P2N/PP4q1/R1BQK2R b KQ -,,0
2b2rk1/5p2/p7/3pN1Q1/3P4/4P2P/5PPK/1q6 b - -,,0
r1b2rk1/ppqp1p2/2n3p1/3pP1Np/5P2/1N5Q/PPP3PP/R4RK1 b - -,d7d6 e5e6 f7e6 g5e6 c7b6 g1h1 f8f6 a1e1 c8d7 f4f5,4
r4rk1/1p1R1ppp/p3pn2/q7/8/2N1BQ2/PPP2PPP/2KR4 b - -,a8c8 d7d3 e6e5 e3d2 a5c7 f3e2 b7b5 d2g5 e5e4 d3d4,503
r1bq2nr/ppp1kBpp/2np4/b3P3/3p4/1QP2N2/P4PPP/RNB1K2R b KQ -,e7f8 e1h1 d8e7 f7g8 h8g8 c3d4 a5b6 c1b2 g7g5 f1e1,203
2rqrbk1/pb2npp1/1p2pn1p/4N3/3P1B2/P1NQ4/1P3PPP/1B1RR1K1 b - -,a7a6 d3h3 e7d5 f4d2 b6b5 h3g3 d5e7 d4d5 f6d5 c3d5,46
8/pp4p1/3nN1Pk/P6P/1P4K1/8/8/8 b - -,d6c4 g4h4 c4e3 b4b5 e3f5 h4g4 f5e3 g4f4 e3c4 e6d8,289
2k5/1p6/p4p2/1q3Pr1/4R2Q/7P/PPP3P1/7K b - -,d6c4 g4h4 c4e3 b4b5 e3f5 h4g4 f5e3 g4f4 e3c4 e6d8,Mate
r1bqk2r/ppp1bppp/3p2n1/3P2B1/2B1R3/5N2/PP3PPP/R2Q2K1 b kq -,e8h8 g5e7 g6e7 h2h4 c8f5 e4f4 c7c5 h4h5 h7h6 f3h4,-27
3b4/5Bk1/4p2p/8/P5Q1/8/6PP/3rqR1K b - -,d8g5 g4d1 e1d1 f1d1 g5e3 f7h5 g7f6 a4a5 f6g5 g2g3,747
3k3r/pp3ppp/b3p3/6N1/1b1P1B2/4K3/PP3PPP/2R5 b - -,d8e7 c1c7 e7f6 g5f7 h8e8 f4e5 f6g6 e5d6 b4d6 f7d6,429
rnb1k2r/pp3ppp/2p5/4p2P/4P1P1/3P1P2/P1K1B3/1R6 b kq -,e8d8 g4g5 h8e8 f3f4 e5f4 h5h6 g7g6 b1f1 c8e6 f1f4,-748
r2q1rk1/4b1pp/b3p3/3p1p2/3P4/2N1P1P1/3Q1PBP/R1R3K1 b - -,a6c4 g2f1 d8b6 f1c4 d5c4 a1b1 b6c6 d4d5 c6d6 d2c2,26
rn3rk1/ppp2ppp/3b1q2/3P4/3P2b1/4BN2/PPP1QPPP/R3KB1R b KQ -,f8e8 e1a1 c7c6 h2h3 g4f5 a2a3 h7h6 d5c6 b8c6 e2d2,130
r1b1r3/pp2ppk1/2n3pR/q1pp3n/3PP3/2N2P2/PPPQN1P1/2KR1B2 b - -,e8h8 h6h8 g7h8 e4d5 c5d4 e2d4 c6d4 d2d4 h8g8 d4e5,350
4r1k1/1pq1np1p/p4NpB/8/6P1/2Pr3P/PP3PKb/3R1R2 b - -,g8h8 h6g7 h8g7 f6e8 g7f8 e8c7 d3d1 f1d1 h2c7 d1d7,296
8/8/5n2/3p2R1/8/2P4k/4K3/5r2 b - -,f1a1 e2d3 a1d1 d3c2 d1f1 c2d3 h3h4 g5g7 f6h5 g7g8,-288
8/2bP4/PpP5/5b2/1K2k2P/8/8/8 b - -,c7d6 b4b5 d6c5 a6a7 f5g4 d7d8q g4e2 b5a4 b6b5 a4a5,943
3r4/p3qppk/1p4b1/2p5/2Q5/4PN1P/PP3PP1/R5K1 b - -,e7f6 a1e1 h7g8 c4c1 g6e4 f3d2 e4b7 d2f1 f6g5 f1g3,4
8/p3Rpqp/1kp5/1p6/2n5/P2R3P/1PP5/1K6 b - -,e7f6 a1e1 h7g8 c4c1 g6e4 f3d2 e4b7 d2f1 f6g5 f1g3,Mate
r6k/pp1n2p1/1bp4p/7q/4Q3/1BN2nP1/PPPBR2P/7K b - -,d7f6 b3f7 f3d2 f7h5 d2e4 c3e4 f6h5 e4d6 a8b8 b2b4,-443
r1bq1rk1/1p2pp1p/p4bpB/3n4/3PQ3/2N2N2/PP3PPP/R4RK1 b - -,d5b6 h6f8 g8f8 f1d1 f8g7 h2h3 h7h5 a1c1 b6c4 e4e2,212
r1bqk2r/1pppnppp/p4n2/2b1p3/B3P3/2P2Q2/PP1PNPPP/RNB1K2R b KQkq -,b7b5 d2d4 d7d5 a4b3 c5b6 e4d5 c8g4 f3g3 e5d4 f2f3,-20
6k1/5pp1/1Q1p3p/3Pq3/8/K5P1/R4P1P/r7 b - -,b7b5 d2d4 d7d5 a4b3 c5b6 e4d5 c8g4 f3g3 e5d4 f2f3,Mate
r3k1r1/pR4pp/2p1pp2/2Bp1n2/6P1/2P4P/P1P2P2/5RK1 b - -,f5g3 f2g3 h7h6 f1b1 e8d8 b7f7 d8e8 b1b7 e8d8 c5d6,533
r1bq2nr/ppp1kBpp/2n5/b3p1N1/3p4/1QP5/P4PPP/RNB1K2R b KQ -,c8f5 c1a3 e7d7 f7e6 d7e8 b3b7 g8e7 e6f5 a8b8 b7a6,314
r2q1rk1/pppB1ppp/1b1p4/n3p3/4P3/2PPBN2/PP3PPP/R2Q1RK1 b - -,d6d5 e3b6 a7b6 d7a4 d5e4 d3e4 d8d1 a1d1 a5c4 a4b3,476
r4rk1/1p1n1ppp/p3p3/q7/8/2NRBQ2/PPP2PPP/2K5 b - -,d7e5 f3g3 e5d3 c2d3 a5h5 c1b1 a8c8 h2h4 f7f6 a2a3,-448
r1b1r3/pp2ppk1/2n3pR/q2p3n/3NP3/2N2P2/PPPQ2P1/2KR1B2 b - -,e8g8 d2g5 d5e4 h6h5 a5g5 h5g5 c6d4 d1d4 e4f3 g2f3,333
r1bqk2r/pp3pp1/4p2p/2nn4/3Q4/2N1PNP1/PP3PP1/R3KB1R b KQkq -,d8e7 c3d5 e6d5 d4g7 h8f8 h1h6 c8d7 h6h4 c5e4 f1d3,367
r1bq1rk1/ppp1Bppp/3p2n1/3P4/2B1R3/5N2/PP3PPP/R2Q2K1 b - -,g6e7 h2h4 h7h6 c4b3 c8f5 e4f4 c7c5 d5c6 b7c6 d1d2,-32
r4rk1/pp4pp/3NR3/3P1p2/1Q6/1P3q2/1P3P2/R5K1 b - -,f8d8 b4c3 f3f4 c3g3 f4g3 f2g3 g7g6 a1e1 g8f8 e1e5,413
8/5p1p/p1k3p1/Bp4P1/2p1PP2/P3Kb2/8/8 b - -,f3g4 e3d4 c6d6 a5b4 d6e6 b4d2 g4e2 d2e1 e6d6 e1b4,-43
4r2k/1pq1npBp/p4Np1/8/6P1/2Pr3P/PP3PKb/3R1R2 b - -,h8g7 f6e8 g7f8 e8c7 d3d1 f1d1 h2c7 d1d7 c7f4 d7b7,295
8/5Bk1/4p2p/6b1/P7/8/6PP/3QqR1K b - -,e1d1 f1d1 e6e5 a4a5 g5e3 f7h5 g7f6 g2g3 f6e6 h1g2,761
r2q1rk1/1p1b1ppp/p4n2/3p2B1/2pP4/P1P1PN2/5PPP/1R1Q1RK1 b - -,b7b5 f3e5 d7f5 b1a1 d8d6 f2f3 f6d7 g5f4 d6e7 d1e1,-44
r3k2r/ppp2p2/2nb1n2/3p3p/3Pp3/1PN1PP1q/PBPQ4/R4RK1 b kq -,b7b5 f3e5 d7f5 b1a1 d8d6 f2f3 f6d7 g5f4 d6e7 d1e1,Mate
r1b1r1k1/ppp2pp1/3p3p/qP1P4/2Q1B3/3P2P1/1B3P1P/5RK1 b - -,c8d7 f1b1 a5b5 c4c3 f7f6 h2h4 c7c5 c3c1 d7g4 f2f3,-329
6k1/5pp1/3p3p/3P4/8/KQq3P1/R4P1P/r7 b - -,a5d2 c4d4 f7f6 h2h4 c8h3 f1b1 e8e7 b2c3 d2c2 b1a1,Mate
5r1k/1p1R2p1/p6p/2b5/5r2/2N4P/PPP3K1/R7 b - -,f4f2 g2h1 f2c2 c3e4 c5e3 a1d1 f8f3 e4d2 f3h3 h1g2,-486
r2qkb1r/pp3p1p/2n5/3pp3/8/2N1P3/PPQ1NPPP/R3K2R b KQkq -,a8c8 a1d1 d5d4 e1h1 f8g7 e3d4 e5d4 c2e4 d8e7 e4g4,115
rnbqk2r/pp2ppb1/2pp1npp/8/3PPB2/2N4P/PPPQ1PP1/2KR1BNR b kq -,b7b5 e4e5 b5b4 e5f6 b4c3 d2c3 g7f6 g1f3 c8e6 d1e1,29
8/p4pkp/1p1b2p1/8/P1R3bP/2N1P1P1/1P3K2/8 b - -,f7f5 c3b5 d6e5 b5a7 e5b2 a7c8 f5f4 g3f4 b2f6 c8b6,498
r1q2rk1/5pp1/pp5p/2p1Nb2/4R2P/1P1Q4/P4PP1/2R3K1 b - -,f8e8 d3c4 f5e4 e5f7 c8e6 f7d6 e6c4 c1c4 e4g6 d6e8,-508
7k/8/7B/4Pp2/1Q4q1/6P1/P4P1P/3r1BK1 b - -,g4b4 g1g2 b4e4 f2f3 e4c2 g2h3 d1f1 e5e6 f1h1 h3h4,-860
8/p1p2kpp/8/2b1q3/4B3/3p4/PP1P1PPP/RNBK3R b - -,g4g8 b4h4 g8g6 h6f4 h8g8 h4g5 g6g5 f4g5 g8f7 g1g2,Mate
5r2/1pp2rk1/n2p1Npp/3Pp3/1PP5/3BP3/6PP/1R1R2K1 b - -,f7f6 b1b2 e5e4 d3e4 f8e8 d1d4 f6f7 h2h4 b7b6 b2a2,1
r1bq1rk1/1p2pp1p/p4bpB/8/3PQ3/2P2N2/P4PPP/R4RK1 b - -,c8e6 h6f8 g8f8 e4b7 e6d5 b7b1 a8c8 f3e5 c8c3 b1b2,129
8/4rkpp/PPn1b3/3p1p2/4p3/3nP1P1/5P1P/1R1R2K1 b - -,e7e8 a6a7 e8a8 d1d2 d3e5 d2a2 e5d7 a2c2 c6a7 c2c7,-75
8/2R5/1p4pk/1P1b2p1/P3N3/6PP/5KB1/1r6 b - -,d5e6 c7e7 b1b2 f2g1 e6b3 e4f6 g5g4 f6g4 h6h5 g2f3,652
8/5Bk1/4p2p/6b1/P7/8/6PP/3R3K b - -,e6e5 a4a5 g7f7 g2g3 g5e3 h1g2 e3c5 g2f3 f7g6 a5a6,812
r1bqr1k1/1pp2ppp/5n2/p3p1N1/1P1pP3/2PP4/1P2QPPP/2KR1B1R b - -,a5b4 c3c4 c8g4 g5f3 g4f3 e2f3 a8a2 c1d2 a2b2 d2e1,-550
1r1qr1k1/pb3ppp/1p2pn2/4NB2/3P4/1N4Q1/PPR2PPP/5RK1 b - -,e6f5 e5c6 b7c6 c2c6 g7g6 g3c7 g8g7 c7d8 b8d8 f1c1,-81
8/6Bp/2k5/3b4/P7/1P1R2br/8/5K2 b - -,h7h5 a4a5 h3h1 f1e2 h1h2 e2e3 h2g2 g7h6 h5h4 h6f4,-441
8/8/4p2k/r3P2P/2R3K1/P7/8/8 b - -,,0
r2r3k/bp2q1pp/p1n3b1/2P5/1P2p1PN/P1Q5/1B3PB1/3R1RK1 b - -,e4e3 h4g6 h7g6 d1e1 c6d4 c3e3 e7e3 e1e3 a8b8 e3e7,425
rn3b1N/pp1kn1p1/2p3pp/8/2BP3P/8/PPP2PP1/R1B2RK1 b - -,b8a6 c1d2 e7f5 h8g6 f8d6 g1h1 b7b5 c4e2 f5d4 e2g4,690
7r/1p1bkp2/pq1p4/4nP1r/4R3/3B2QP/PPP3P1/4R2K b - -,d7c6 a2a4 e7d7 b2b4 c6e4 d3e4 d7c8 c2c4 b6d4 b4b5,-341
rnbq1rk1/pp2ppb1/1n4pp/2P5/5B1P/2N1P1P1/PP3PB1/R2QK1NR b KQ -,b8c6 d1d8 f8d8 c5b6 e7e5 f4h6 g7h6 h4h5 c6b4 h5g6,150
1k6/8/8/8/8/2n5/8/2R3K1 b - -,c3d5 g1f2 d5c7 f2e3 b8c8 c1d1 c7e8 e3e4 c8c7 e4d5,7
r1q2rk1/5pp1/pp5p/2p1N3/4Q2P/1P6/P4PP1/2R3K1 b - -,c8e6 f2f4 a8d8 e4c4 f8e8 c4e6 e8e6 h4h5 e6d6 g1h2,-466
4N3/1pq1npkp/p5p1/8/6P1/2Pr3P/PP3PKb/3R1R2 b - -,g7f8 e8c7 d3d1 f1d1 h2c7 d1d7 c7e5 d7b7 e7d5 g2f3,302
3rr1k1/2p3pp/p1n5/1p1qp1N1/8/P2P3P/4QPP1/2R1R1K1 b - -,h7h6 e2e4 d5e4 g5e4 e8e6 h3h4 a6a5 e4c5 e6e8 c5b7,-32
8/1p4p1/p2n2Pk/P1N4P/1P4K1/8/8/8 b - -,d6c4 c5b7 c4e3 g4f3 e3d5 b4b5 a6b5 f3g4 b5b4 g4h4,566
2Q2rk1/3n1ppp/p3P3/q7/5BP1/7P/5P2/2R2RK1 b - -,f7e6 c8d7 a5d5 d7d5 e6d5 f4g3 f8d8 f1d1 a6a5 c1a1,772
r1bq1rk1/ppp1nppp/3p4/3P4/2BQR3/5N2/PP3PPP/R5K1 b - -,c7c5 d5c6 b7c6 e4e2 c8f5 a1e1 e7g6 h2h4 h7h5 e2e3,-32
r1b1kn1r/ppq1bp2/2pp1n1p/4P1p1/P1B1P2N/1PN5/2P2PPP/R1BQR1K1 b kq -,d6e5 h4f5 c8f5 e4f5 f8d7 c1b2 h8f8 c3e4 e8a8 d1e2,94
rn1qk2r/ppp1bppp/3ppnb1/8/2PP1B1N/2N1P2P/PP3PP1/R2QKB1R b KQkq -,b8d7 h4g6 h7g6 d1b3 d8c8 g2g4 c7c6 f4h2 d6d5 c4d5,88
r1bq2nr/ppp1kBpp/2n5/b3p3/3p4/1QP2N2/P4PPP/RNB2RK1 b - -,c8g4 f1e1 d8d7 e1e5 c6e5 f3e5 d7f5 c3d4 g8f6 b3a3,381
2k5/R1p4p/8/1p6/2b5/P4P2/3r4/6K1 b - -,d2a2 a7a8 c8b7 a8h8 a2a3 g1f2 c4d5 f3f4 a3f3 f2e2,-773
2Q1kb1r/1p4pp/1nn1pq2/1p1p4/3P4/2P2N2/PP1N1PPP/R1B1K2R b - -,b6c8 a2a4 b5b4 a4a5 f8d6 a5a6 f6e7 e1e2 b7a6 h1e1,-450
r5k1/pp1b2pp/2nqp3/3p3n/3P4/3B1P2/PP2NP1P/2RQ1RK1 b - -,h7h6 c1c3 h5f4 e2f4 d6f4 d3b5 e6e5 d1c1 f4c1 f1c1,87
r1b1rk2/pp2pp2/8/q2p3Q/3nP3/2N2P2/PPP3P1/2KR1B2 b - -,f8g7 h5g5 g7f8 f1b5 a5b6 c3d5 b6g6 g5g6 f7g6 b5e8,431
1r3k2/5p1p/6p1/3pR3/5P2/1P6/6PP/6K1 b - -,b8b5 g1f2 h7h5 e5e3 f7f6 e3d3 f8e7 b3b4 b5b4 d3d5,-7
2b2rk1/6p1/prpRp2p/2N4n/2P5/PPK2PB1/6PP/R7 b - -,g7g5 g3e5 h5f4 d6d2 f8f5 a1e1 a6a5 e5c7 f4g2 d2g2,526
r2r2k1/ppq3pp/2pbP3/4p3/3P4/6Q1/PP1B1PPP/R4RK1 b - -,e5d4 f2f4 d6e7 g3d3 c6c5 b2b3 a8c8 a1c1 c7c6 f4f5,63
8/1R4k1/3r4/P1p1Np2/2P2P1p/1P5P/3n1K2/8 b - -,g7g8 f2e2 d2b1 e2e3 b1c3 b7b6 c3d1 e3e2 d1c3 e2f3,507
5k2/1pN1np1p/p5p1/8/6P1/2Pr3P/PP3PKb/3R1R2 b - -,d3d1 f1d1 h2c7 d1d7 c7b6 d7b7 b6d8 g2f3 f8e8 f3e4,298
8/4Rp1k/3R2p1/3P4/4P2K/6r1/4br2/8 b - -,d3d1 f1d1 h2c7 d1d7 c7b6 d7b7 b6d8 g2f3 f8e8 f3e4,Mate
rnb1kb1r/pp5p/1qp1p3/3p2p1/3P4/2P2P2/PP2N1PP/R2QKBNR b KQkq -,b6b2 a1b1 b2a3 d1c2 e6e5 h2h4 g5g4 d4e5 f8g7 f3f4,-94
8/p3Rpqp/1kp5/1p6/2n5/P1R4P/1PP5/1K6 b - -,b6b2 a1b1 b2a3 d1c2 e6e5 h2h4 g5g4 d4e5 f8g7 f3f4,Mate
rn2kb1r/1p1bpppp/1q3n2/pN1p4/P2P1B2/5P2/1PP3PP/R2QKBNR b KQkq -,e8d8 f4c7 b6c7 b5c7 d8c7 f1b5 b8c6 g1e2 h7h5 c2c3,350
r4rk1/1p1R1ppp/p3p3/q7/8/2N1BQ2/PPP2PPP/2K5 b - -,a8d8 d7b7 d8c8 f3g3 a5h5 b7d7 e6e5 d7d6 c8c4 d6d1,468
2R3k1/3n1ppp/p3P3/q7/5BP1/7P/5P2/5RK1 b - -,a8d8 d7b7 d8c8 f3g3 a5h5 b7d7 e6e5 d7d6 c8c4 d6d1,Mate
8/KP4q1/7k/P7/7Q/6p1/8/8 b - -,a8d8 d7b7 d8c8 f3g3 a5h5 b7d7 e6e5 d7d6 c8c4 d6d1,Mate
r2qkb1r/5ppp/4pn2/p1n1N3/bp1P4/1P2P3/N2B1PPP/R2Q1RK1 b kq -,a4b5 d4c5 f8c5 f1e1 e8h8 d2c1 d8d1 e1d1 f6e4 e5f3,-393
r1b1rk2/pp2p3/5p2/q2p3Q/3RP3/2N2P2/PPP3P1/2K2B2 b - -,a5c7 h5h8 f8f7 h8h7 f7f8 c3d5 c7e5 d4d2 c8g4 f3g4,538
r1bqkb1r/3p1ppp/p1n1p3/1p4P1/2n1P3/1NN5/PPP2PBP/R1BQK2R b KQkq -,c8b7 a2a4 b5b4 c3e2 a8c8 h2h4 h7h6 d1d3 c6e5 d3g3,-109
r2q1rk1/3b1ppp/p4n2/1p1pN1B1/2pP4/P1P1P3/5PPP/1R1Q1RK1 b - -,d7f5 b1a1 d8d6 f2f3 f6d7 g2g4 f5g6 g5f4 d6e7 e5g6,-34
r5k1/pp3p2/5npp/2rp4/8/1PPBPP2/3K2PP/3R3R b - -,a7a6 d1a1 a8c8 h1c1 f6d7 a1a4 a6a5 b3b4 a5b4 a4b4,5
1r1q1bk1/2p2p2/2npr2p/1p2p2n/3NP3/2PPB2P/1P1N1P2/R2Q1RK1 b - -,e5d4 c3d4 d8h4 g1h2 e6g6 f1g1 c6e7 d2f3 h4f6 g1g4,-230
rnbqkbnr/3p1ppp/2p5/pp2p2Q/4P3/1B1P4/PPP2PPP/RNB1K1NR b KQkq -,d8e7 a2a4 g8f6 h5e2 b5a4 a1a4 d7d6 g1f3 e7c7 f3g5,89
r1b2rk1/pp4p1/2n1n2p/3Q1Pq1/2p1B2N/2P1P1P1/PP4PN/R4RK1 b - -,c6e7 d5c4 g5e3 g1h1 e3c5 e4d3 b7b5 c4b3 c5d6 d3e4,432
r2q2nr/ppp1kBpp/2n5/b3p3/3p2b1/1QP2N2/P4PPP/RNB1R1K1 b - -,d8d7 e1e5 c6e5 f3e5 d7f5 c3d4 g8f6 b3a3 e7d8 a3a5,396
5r2/1pp3k1/n2p1rpp/3Pp3/1PP5/3BP3/1R4PP/3R2K1 b - -,e5e4 d3e4 f8e8 d1d4 f6f7 h2h4 h6h5 g2g4 g7h6 g4h5,2
r1bq1rk1/1p3pbp/2nppnp1/p1p5/P3PP2/1BNP1N2/1PP3PP/R1B1QRK1 b - -,c8d7 c3b5 f6e8 g1h1 c6e7 g2g4 d7c6 e1h4 d6d5 e4e5,64
2R2nk1/4Pppp/p7/q7/5BP1/7P/5P2/5RK1 b - -,c8d7 c3b5 f6e8 g1h1 c6e7 g2g4 d7c6 e1h4 d6d5 e4e5,Mate
3rr1k1/2p3pp/p7/1p1qp1NQ/3n4/P2P3P/5PP1/2R1R1K1 b - -,c7c6 h5h7 g8f8 c1c5 d5c5 h7h8 f8e7 h8g7 e7d6 g5e4,490
2rqk2r/p2Qbpp1/4p2p/4N3/7P/8/PPPB1PP1/2KR3R b - -,e8f8 d2e3 a7a5 a2a4 f8g8 d7d8 c8d8 g2g3 g8f8 e5c6,606
1b6/p4pkp/1pR1b1p1/1N6/P6P/4P1P1/1P3K2/8 b - -,e6g4 b2b4 h7h5 c6c1 g7f6 b5d4 b8d6 b4b5 g6g5 h4g5,407
3r2k1/3qb1p1/2p4p/p4p2/P1P2P2/1PB5/2PQ2PP/4R1K1 b - -,d7a7 d2f2 e7c5 f2c5 a7c5 g1f1 h6h5 h2h4 c5d6 g2g3,-615
rn1qk2r/pbp1bppp/1p2pn2/3P2B1/8/2NP1N2/PPPQ1PPP/R3KB1R b KQkq -,f6d5 g5e7 d8e7 d3d4 e8h8 f1e2 f8d8 e1h1 d5c3 d2c3,-8
rnb2rk1/pp3ppp/2p5/4p1PP/4P3/3P1P2/P1K1B3/1R6 b - -,b8d7 d3d4 e5d4 f3f4 d7c5 e2d3 b7b6 f4f5 c5d3 c2d3,-750
r1b4r/1pq2pkp/p1np1n2/5Pp1/8/1NNB4/PPPQ2PP/4RRK1 b - -,g7h6 f1f3 f6h5 f3h3 f7f6 c3d5 c7f7 d3e2 c8f5 e2h5,572
4rrk1/ppp3pp/1bn2q2/3p3b/3P4/2P1BN1P/P3BPP1/1R1Q1RK1 b - -,a7a6 b1b2 h7h6 d1b1 f6f7 a2a4 h5g6 e2d3 g6e4 d3e4,6
rn1qk2r/ppp1bppp/3ppn2/7b/2PP1BPN/2N1P2P/PP3P2/R2QKB1R b KQkq -,h5g6 h4g6 h7g6 h3h4 b8d7 g4g5 f6h5 f4h2 c7c6 d1b3,197
rn1q1rk1/pp2bpp1/2p1pn2/8/3PPB2/2NQ2NP/PPP5/R3K2R b KQ -,c6c5 d4d5 e6d5 e1a1 d5e4 d3f1 d8c8 f4h6 g7h6 g3f5,183
1r1q1bk1/2p2p2/2npr2p/1p5n/3PP3/3PB2P/1P1N1P2/R2Q1RK1 b - -,e6g6 g1h2 d8h4 f1g1 c6e7 d1f3 f8g7 a1a7 g6g1 h2g1,-243
6k1/p3bp1p/1p5n/4P1p1/r5P1/4B2P/5PB1/3R2K1 b - -,g8f8 d1d7 h6g8 g1f1 a4a1 f1e2 a1a2 e2d3 e7c5 g2d5,24
r2q1rk1/pppnbpp1/5nNp/3P2B1/2BP3P/2N5/PPPQ4/2K1R1R1 b - -,h6g5 g6e7 g8h8 d2g5 f8g8 d5d6 d8f8 d6c7 f6h7 g5b5,872
5k2/1pbRnp1p/p5p1/8/6P1/2P4P/PP3PK1/8 b - -,c7b6 d7b7 b6d8 g2f3 f8e8 f3e4 h7h5 g4h5 g6h5 a2a4,311
8/KP4q1/6k1/P7/8/6Q1/8/8 b - -,c7b6 d7b7 b6d8 g2f3 f8e8 f3e4 h7h5 g4h5 g6h5 a2a4,Mate
1r6/1P3pkp/bR6/2pBP1p1/8/8/8/6K1 b - -,a6e2 b6f6 e2h5 f6a6 g5g4 g1f2 c5c4 a6a8 b8b7 d5b7,352
r1bq1rk1/ppp2ppp/3p2n1/3P4/2BQ4/4RN2/PP3PPP/R5K1 b - -,f8e8 e3e8 d8e8 a1e1 e8d8 h2h4 h7h6 c4d3 a7a5 b2b3,-23
3rr1k1/2R3p1/p6p/1p1qp1NQ/3n4/P2P3P/5PP1/4R1K1 b - -,d4f5 g5f7 e8f8 e1e5 d5d3 h5g6 d8d7 e5f5 d7f7 c7f7,475
r1b4r/1pq2pk1/p1np1n1p/5Pp1/4N3/1N1B4/PPPQ2PP/4RRK1 b - -,c7d8 d3c4 f6e4 e1e4 d8f6 b3c1 c6e5 c1e2 e5c4 e4c4,144
r2q1r1k/3b1ppp/p4n2/1p1pN1B1/2pP4/P1P1PQ2/5PPP/1R3RK1 b - -,d7e6 f3f4 f8e8 f2f3 a8c8 a3a4 b5a4 b1b7 h8g8 f1a1,62
4R3/8/8/4Pk2/r7/4K3/8/8 b - -,,0
rn2qrk1/pp1bPpp1/2p2n2/4Q1N1/2B5/2N5/PPP3PP/2KR3R b - -,b7b6 e7f8q g8f8 e5f4 b6b5 c4f7 e8f7 g5f7 f8f7 h1f1,799
2b1r1k1/5p2/p7/3pN1Q1/q2P4/4P2P/5PP1/6K1 b - -,,0
r1bqr1k1/1pp2ppp/5n2/4p1N1/1P1pP3/3P4/1P2QPPP/2KR1B1R b - -,h7h6 g5f3 d8d6 f3e1 d6b4 e1c2 b4b6 c2a3 c8e6 d1d2,-608
r4rk1/5pp1/pp2q2p/2p1N3/4Q2P/PP6/5PP1/2R3K1 b - -,a8e8 e4c6 e6e5 c6b6 e8d8 b3b4 c5b4 a3b4 f8e8 g2g3,-581
rnbqkb1r/pppp2pp/8/4P3/4Q3/8/PPPP3P/RNB1KB1R b KQkq -,f8e7 b1c3 d7d6 c3d5 c8e6 h1g1 e7h4 e1d1 d6e5 f1c4,57
8/P1bP4/1pP5/3k1b2/1K5P/8/8/8 b - -,f5g4 a7a8q d5d4 d7d8q c7d8 a8d8 d4e4 d8g5 g4d1 c6c7,958
r2qr1k1/bpp2pp1/p3bn1p/4p3/3NP3/1B1P2NP/PP1B1PP1/R2QR1K1 b - -,,0
2R2Qk1/5pp1/p6p/q7/5BP1/7P/5P2/5RK1 b - -,d8d4 e1e3 d4b2 a1b1 e6b3 a2b3 b2a2 b1a1 a2b2,Mate
8/6p1/N1n3Pk/P6P/1P4K1/8/8/8 b - -,c6e5 g4f5 e5c4 a6c5 h6h5 f5e6 h5g6 e6d5 c4e3 d5c6,764
rnb1kbnr/pp2qppp/2p5/3p4/4P3/1QNP4/PP3PPP/R1B1KBNR b KQkq -,g8f6 c1e3 f6g4 e3f4 c8e6 b3a4 b7b5 a4c2 e7f6 f4b8,-38
5k2/p2Rbp1p/1p5n/4P1p1/r5P1/4B2P/5PB1/6K1 b - -,h6g8 g1f1 a4a1 f1e2 a1a2 e2d3 e7c5 g2d5 a2a3 d3c4,21
R1k5/2p4p/8/1p6/2b5/P4P2/r7/6K1 b - -,c8b7 a8d8 a2a3 g1f2 a3d3 d8e8 c4d5 f3f4 d3f3 f2e2,-3264
8/5p1p/p1k3p1/Bp4P1/2pKPP2/P7/8/7b b - -,c6d6 a5c3 h1f3 c3b4 d6c6 d4e5 c6b6 f4f5 a6a5 b4c3,-51
r1bq1rk1/1p4bp/2n1p1p1/p7/3NPN2/2P1B3/PP4PP/R2QK2R b KQ -,a5a4 e1h1 c6d4 c3d4 e6e5 d4e5 d8d1 a1d1 g7e5 h2h3,51
4R3/8/5K2/8/4k3/3p4/8/8 b - -,,0
rn1q1rk1/pp2bpp1/2p1pn2/8/3PP3/2NQ2BP/PPP1N3/R3K2R b KQ -,c6c5 d4d5 e6d5 e4d5 f8e8 e1a1 b8d7 d5d6 e7f8 e2f4,130
r2q1rk1/pppnb1p1/3P1npp/6B1/2BP3P/2N5/PPPQ4/2K1R1R1 b - -,f6d5 c4d5 g8h7 d6e7 d7f6 e7d8r a8d8 d5e6 h6h5 g5f4,1116
r2q1rk1/4b1pp/4p3/3p1p2/2bP4/2N1P1P1/3Q1P1P/R1R2BK1 b - -,d8b6 f1c4 d5c4 a1b1 b6c6 c1d1 f8c8 d2c2 a8a5 c2b2,24
rn1qk2r/ppp2ppp/3pp3/7P/2PP1B1b/2N1P3/PP3P2/R2QKB1R b KQkq -,g7g6 d1c2 b8d7 e1a1 d8e7 c1b1 g6g5 f4h2 e8a8 f2f3,522
3R4/8/5K2/8/3k4/3p4/8/8 b - -,,0
r5k1/pp5R/3np1p1/3pB1P1/3P4/3QPK2/Pq6/R7 b - -,d6e4 h7g7 g8f8 a1f1 a8c8 f3g4 f8e8 g7g6 c8c2 g6g8,Mate
8/1b3kpp/p7/5p2/3p4/1Pr3P1/PNP1R2P/4K3 b - -,f7f6 e2d2 g7g5 b2c4 b7e4 d2d4 c3c2 d4d6 f6e7 d6d2,-20
8/2R5/1p4pk/1P4p1/P3K1P1/7P/6r1/8 b - -,g2g3 e4d5 g3h3 c7c4 h3e3 a4a5 b6a5 b5b6 e3e1 d5c6,530
r1b2rk1/ppq2p2/2np2p1/3pP1Np/5P2/1N1Q4/PPP3PP/R4RK1 b - -,c8f5 d3d5 d6e5 d5c5 e5f4 b3d4 c7d8 d4c6 b7c6 h2h4,-70
8/3r4/3N4/8/8/5k2/8/6K1 b - -,c8f5 d3d5 d6e5 d5c5 e5f4 b3d4 c7d8 d4c6 b7c6 h2h4,Mate
1Q6/K5k1/8/P7/8/8/8/8 b - -,c8f5 d3d5 d6e5 d5c5 e5f4 b3d4 c7d8 d4c6 b7c6 h2h4,Mate
2n1kb1r/1p4pp/2n1pq2/1p1p4/3P4/P1P2N2/1P1N1PPP/R1B1K2R b - -,f8d6 a3a4 b5a4 a1a4 h8f8 a4a8 d6b8 e1e2 c8b6 a8a1,-482
Q4b2/p2n1kp1/2p1p1p1/3n3r/8/2N5/PPP2PPP/R1B1K2R b KQ -,d7f6 c3d5 e6d5 a8c6 d5d4 e1h1 f7g8 c1f4 g8h7 f4g3,874
2rr3k/bp2q1p1/p1n3p1/2P5/1P2B1P1/P1Q5/1B3P2/3R1RK1 b - -,h8g8 e4g6 c6e5 c3e5 e7e5 b2e5 g8h8 d1d8 c8d8 e5g3,657
r4rk1/6p1/pp2qp1p/2p1N3/4Q2P/PP6/5PP1/4R1K1 b - -,f6e5 f2f4 a8e8 f4e5 b6b5 e4c2 c5c4 b3c4 b5c4 g1h2,-597
8/p3Rp1p/1kp5/1p6/2n5/P1R4P/KPP5/6q1 b - -,b6b5 e5g6 e6e4 e1e4 f8e8 e4f4 a8c8 f4f3 c5c4 b3c4,Mate
3r1rk1/1R3ppp/p3p3/q7/8/2N1BQ2/PPP2PPP/2K5 b - -,d8b8 b7b8 f8b8 f3c6 h7h5 g2g3 h5h4 b2b3 a5d8 c1b2,489
7R/1kp4p/8/1p6/2b5/P4P2/r7/6K1 b - -,a2a3 g1f2 b5b4 h8h7 b4b3 h7h1 a3a2 f2g3 a2c2 h1b1,-3494
r1b4r/1p3pk1/pq1p1n2/4nPQ1/8/1N1B4/PPP3PP/4RR1K b - -,g7f8 f1f4 b6d8 f4h4 h8h4 g5h4 c8d7 h2h3 d7c6 b3d4,Mate
r2q2k1/1pp2pp1/p3rn1p/4pN2/3bP3/3P3P/PP1B1PP1/R2QR1K1 b - -,d4b2 a1b1 b2d4 f5d4 d8d4 d2e3 d4d7 b1b7 a8d8 f2f3,6
4r1k1/3q2p1/2p4p/p1R2p2/P1Pp1P2/1P6/2PQ2PP/6K1 b - -,d7d6 c5f5 e8e3 h2h3 e3h3 f5a5 h3e3 a5f5 d6e7 f5e5,315
r1b2rk1/pp1n1ppp/2p4P/4p1P1/4P3/3P1P2/P1K1B3/1R6 b - -,d7c5 c2d2 c5e6 d2e3 f8d8 b1g1 g8f8 h6g7 f8g7 a2a4,-754
8/8/3r4/8/8/5k2/7K/8 b - -,d7c5 c2d2 c5e6 d2e3 f8d8 b1g1 g8f8 h6g7 f8g7 a2a4,Mate
rnbqk2r/pp1pppbp/5np1/2p1N3/4PP2/2N5/PPPP2PP/R1BQKB1R b KQkq -,a7a6 a2a4 d7d6 e5f3 e8h8 f1e2 b8c6 e1h1 a8b8 g1h1,-42
8/8/5n2/3p2R1/7k/2P5/8/5K2 b - -,h4g5 f1e2 g5f4 e2d3 f4e5 d3d2 e5e4 d2e2 f6e8 e2f2,-9605
5rk1/pp5R/3npBp1/3p2P1/3P4/3QPK2/Pq6/R7 b - -,f8f6 g5f6 d6e4 h7g7 g8f8 a1f1 e6e5 g7g6 e5d4 e3d4,Mate
7r/pp3p1k/6p1/7p/7P/5RP1/PP3PK1/8 b - -,h8f8 f3c3 f8b8 c3c7 h7g7 b2b4 a7a6 g2f3 b8d8 f3e2,45
r1b5/pp2kp2/4p2p/8/8/2QqPNP1/PP3PP1/R3K2R b KQ -,d3d6 h1h6 a7a5 c3f6 e7d7 a1d1 d6d1 e1d1 d7c7 f6f7,1130
5kn1/p2Rbp1p/1p6/4P1p1/r5P1/4B2P/5PB1/5K2 b - -,a4a1 f1e2 a1a2 e2d3 e7c5 e3g5 a2f2 d7d8 f8g7 g2d5,12
2Q5/6bk/p2q1r1p/1pBPp1p1/2p1P3/P1P4P/1P4K1/5R2 b - -,f6f1 c5d6 f1f7 d6b4 a6a5 b4a5 f7f8 c8d7 f8f4 d5d6,789
8/k7/3pp3/5p2/PK6/1PQ5/3q2P1/8 b - -,,0
3B4/5p1p/p1k3p1/1p4P1/2pKPP2/P7/6b1/8 b - -,g2f1 d8a5 f1h3 d4e5 h3g4 a5c3 c6b6 c3d2 g4h3 d2b4,-43
8/5k2/1R3p2/8/4P1P1/r7/6K1/8 b - -,,0
r1b1r1k1/ppp2pp1/3p3p/6q1/2nNBR2/PQP1P1P1/4P2P/R5K1 b - -,g5c5 e4d3 c4e5 d3f5 c8f5 d4f5 b7b6 a1f1 a8d8 c3c4,-200
8/8/8/4k3/ppp3p1/4K1P1/PP6/2N5 b - -,e5e6 e3d4 e6f5 c1e2 f5e6 d4c4 e6d7 c4b4 d7e7 b4a4,713
5kn1/p2Rbp1p/1p6/4P1p1/6P1/4B2P/4KPB1/r7 b - -,a1a2 e2d1 e7c5 e3g5 a2f2 g2d5 h7h6 g5h4 f2f4 d7d8,18
3Q4/P1b5/1pk5/5b2/1K5P/8/8/8 b - -,c7d8 a7a8q c6c7 a8d5 d8e7 b4b3 f5d7 h4h5 e7f6 d5f7,Mate
r1bqkbnr/ppp2ppp/n3p3/3pP3/3P4/3B3P/PPP2PP1/RNBQK1NR b KQkq -,a6b4 d3b5 c8d7 b5d7 d8d7 c2c3 b4c6 b1d2 g8e7 g1e2,46
4r1k1/4q1p1/2p4p/p3Rp2/P1Pp1P2/1P6/2PQ2PP/6K1 b - -,e7f8 d2a5 e8d8 a5c5 f8f6 c5e7 f6e7 e5e7 d4d3 c2d3,547
r6r/ppp2Q2/3P3p/6p1/7P/k2KP1bN/P4R2/R1Bb3q b - -,e7f8 d2a5 e8d8 a5c5 f8f6 c5e7 f6e7 e5e7 d4d3 c2d3,Mate
8/6p1/N5Pk/nP5P/6K1/8/8/8 b - -,a5b3 b5b6 b3c5 a6c7 c5d7 b6b7 d7f6 g4f5 f6d7 c7e6,9605
8/8/2KR1b2/4rBkP/6P1/8/8/8 b - -,e5a5 c6b6 a5a8 h5h6 a8d8 d6e6 d8h8 h6h7 f6d8 b6c6,279
2b2rk1/6p1/prpR3p/2N1p3/2P5/PPK2PP1/6P1/3R4 b - -,b6b8 g3g4 a6a5 d6d8 b8a8 d8f8 g8f8 d1e1 a8a7 c5d3,509
8/8/5n2/3p2k1/8/2P5/4K3/8 b - -,b6b8 g3g4 a6a5 d6d8 b8a8 d8f8 g8f8 d1e1 a8a7 c5d3,Mate
5rk1/pb4pp/6r1/1p3p2/1PpPPQ2/PqP1R2P/6P1/1N3RK1 b - -,b3b2 f4f3 b2c2 d4d5 f8e8 g2g4 h7h6 e4f5 e8e3 f3e3,65
r5kr/pbp3q1/1p5p/5QP1/4p1nP/1P2P3/PBP1N3/2KR2R1 b - -,g7f7 f5g4 h6h5 g4g3 a8e8 e2f4 a7a5 g5g6 f7e7 g3g5,953
5kn1/p2Rbp1p/1p6/4P1p1/6P1/4BK1P/r4PB1/8 b - -,,0
8/8/2Pk3p/p7/6Pr/1P3B2/PKP5/8 b - -,d6c7 b2c1 h4h3 f3e2 c7c6 c1d2 a5a4 b3a4 h3a3 e2b5,-36
3rr3/1ppqppkp/p1n2np1/3p4/3P4/P1N2NP1/1PPQPPKP/3RR3 b - -,d7f5 d2d3 f6e4 d3e3 d8d6 f3h4 f5e6 h4f3 f7f6 h2h4,-3
2r1k2r/p2Nbpp1/4p2p/8/7P/8/PPPB1PP1/2KR3R b - -,c8c4 d7e5 c4h4 h1h4 e7h4 d2e3 h4f6 e5c4 h6h5 c4d6,553
8/1pk2ppp/2p1P3/5P2/p1Pn4/P2r4/1P1N1K1P/3R4 b - -,f7e6 f5e6 d4e6 f2f1 g7g5 f1e1 e6f4 d1b1 d3e3 e1d1,-403
Q2b4/8/1pk5/5b2/1K5P/8/8/8 b - -,c6d6 a8d8 d6e5 d8e7 e5f4 e7f6 f4e4 h4h5 f5h3 f6b6,3584
r1b1r1k1/ppp3p1/3p1p1p/1P1P4/4B3/2QP2P1/qB3P1P/5RK1 b - -,a2a4 c3d2 a4b5 b2f6 e8f8 f6b2 c8h3 f1e1 f8f7 e1e3,-292
4r2k/pp4pp/2qQ4/5p2/8/2PB1PP1/PPP3KP/4R3 b - -,e8a8 d6c6 b7c6 d3f5 a7a5 f5d3 g7g6 g3g4 h8g7 c3c4,661
r1b1r1k1/ppp2pp1/3p3p/6q1/3NBR2/P1P1P1P1/1nQ1P2P/R5K1 b - -,d6d5 d4f3 g5d8 e4h7 g8h8 f4f7 e8e7 h7g6 b2c4 f7f4,-52
3rr1k1/2p3pp/p7/1p1qp1N1/3n2Q1/P2P3P/5PP1/2R1R1K1 b - -,h7h6 g5e4 d5f7 e4c5 d8d6 g1h1 c7c6 c5e4 d6d8 a3a4,-175
5kn1/p2Rbp1p/1p6/4P1p1/6P1/4B2P/r4PB1/3K4 b - -,e7c5 e3g5 a2f2 g2d5 h7h6 g5h4 f2f4 d1e2 g8e7 d7d8,28
3qr1k1/6p1/2p4p/Q3Rp2/P1Pp1P2/1P6/2P3PP/6K1 b - -,d8d7 e5e8 d7e8 a5e5 e8d7 h2h3 d4d3 c2d3 d7d3 g1h2,719
r2q1rk1/1p1b1pbp/2nppnp1/p1p5/P3PP1Q/1BNP1N2/1PP3PP/R1B2RK1 b - -,f6e8 h4f2 d8b6 c1e3 c6d4 e3d4 c5d4 c3e2 e6e5 f2g3,56
rn2q1k1/p2b1Bp1/2pQ1n2/1p4N1/8/2N5/PPP3PP/2KR3R b - -,e8f7 g5f7 b5b4 f7h6 g8h7 d6b4 b8a6 b4h4 d7e8 h6f5,Mate
r4rk1/pppq1ppp/1b1p4/n3p3/4P2N/2PPB3/PP3PPP/R2Q1RK1 b - -,f7f6 h4f5 a5c6 e3b6 a7b6 a2a3 c6e7 d1b3 g8h8 f5e7,19
rnbq1rk1/ppbp1pp1/3P1n1p/2p5/7B/2N2N2/PP2PPPP/R2QKB1R b KQ -,g7g5 d6c7 d8c7 h4g3 c7b6 g3d6 f8e8 d1d2 b8c6 e2e3,429
r5k1/5p1p/p3r1bB/1p2p1Q1/P6P/8/1PP1B1P1/7K b - -,a6a5 a4b5 a8e8 h1h2 a5a4 h4h5 e5e4 c2c4 g8h8 g5g3,600
5rk1/p3qppp/1p3n2/2pr3b/6P1/3BPN1P/PP2QP2/R2R2K1 b - -,,0
1R6/8/5pk1/8/4P1P1/3K4/8/4r3 b - -,,0
r1bqk1nr/p3ppbp/2p3p1/3p4/4P3/2PB4/PP3PPP/RNBQ1RK1 b kq -,g8f6 b1d2 e8h8 f1e1 d8c7 h2h3 a7a5 a2a4 f8d8 e4d5,-25
r1bqk1nr/2pp1ppp/p1n5/1p2P3/1b1P4/2N2N2/PPB2PPP/R1BQK2R b KQkq -,d7d5 e1h1 g8e7 f3h4 e7g6 h4f5 e8h8 f5g3 c8e6 f2f4,142
8/6p1/6Pk/1P5P/1Nn3K1/8/8/8 b - -,c4e5 g4h4 e5f3 h4g3 f3e5 b4c6 e5d3 g3h4 d3f4 b5b6,787
r1bqkb1r/pppp2pp/2N1pn2/5p2/2PP4/8/PP2PPPP/RNBQKB1R b KQkq -,d8e7 c6e7 f8e7 b1c3 f6e4 g2g3 e4c3 b2c3 e8h8 f1g2,706
rnbq1rk1/4bppp/4pn2/pN1p4/3P4/6P1/PP1NPPBP/R1BQR1K1 b - -,d8b6 b5c3 b6d4 e2e4 b8c6 e4d5 e6d5 d2f3 d4d1 e1d1,41
r2r2k1/5ppp/3Rpn2/1bP1N3/pp6/4P3/1P3PPP/R5K1 b - -,d8d6 c5d6 f6d7 f2f4 d7e5 f4e5 b5d7 g1f2 f7f6 a1c1,-563
3r1rk1/3nPppp/p7/q7/5BP1/7P/2Q2P2/2R2RK1 b - -,d8e8 f1e1 h7h5 e7f8q e8f8 c2d3 a5a4 e1e4 a4b5 e4d4,506
r2r4/5p1k/p1pq1P1p/1p2p2Q/1P2P3/R1pP4/1P4PP/5RK1 b - -,d6d7 a3c3 d7d4 f1f2 d8d7 h5f5 h7h8 f5h3 h8h7 h3h5,145
8/KP3q1k/8/P7/8/6p1/8/1Q6 b - -,h7g8 b1e4 f7c7 a5a6 g3g2 e4g2 g8f7 a7a8 f7f6 g2d5,Mate
3q1rk1/4b1pp/4p3/3p1p2/2bP4/2N1P1P1/3Q1P1P/R4BK1 b - -,d8b6 f1c4 d5c4 a1b1 b6c6 d2b2 f8a8 b2b6 c6c8 h2h4,33
5kn1/p2R1p1p/1p6/2b1P1B1/6P1/7P/r4PB1/3K4 b - -,a2f2 g2d5 c5e7 g5d2 f2h2 d7a7 h2h3 e5e6 f7e6 d5e6,20
8/8/5pk1/3R4/4P1P1/8/4K3/5r2 b - -,,0
r6k/5p1p/p3r1bB/1p2p1Q1/P5BP/8/1PP3P1/7K b - -,f7f6 g5d2 f6f5 d2d7 g6f7 g4f5 e6h6 d7f7 h6h4 h1g1,673
8/8/5n2/3p1k2/8/2PK4/8/8 b - -,f7f6 g5d2 f6f5 d2d7 g6f7 g4f5 e6h6 d7f7 h6h4 h1g1,Mate
4k3/p5pp/1p2nb2/8/3NP3/P1B1K3/6PP/8 b - -,e6d4 c3d4 e8f7 e4e5 f6e7 a3a4 f7e6 e3e4 e7d8 d4c3,-107
3b4/2k5/1p6/3Q1b2/1K5P/8/8/8 b - -,f5b1 h4h5 d8e7 b4b3 e7c5 b3b2 b1h7 d5f7 c7b8 f7h7,3337
r5kr/pbp2q2/1p5p/6P1/4p1QP/1P2P3/PBP1N3/2KR2R1 b - -,h6h5 g4g3 f7e7 e2f4 h8h7 g5g6 h7h6 g3g5 e7g5 h4g5,1003
8/1kp4R/8/1p6/2b5/r4P2/8/6K1 b - -,a3f3 h7h5 c7c6 g1g2 f3c3 g2f2 b7b6 f2e1 b5b4 e1d2,-3492
3rr1k1/2p3pp/p3n3/1p1qp3/4N1Q1/P2P3P/5PP1/2R1R1K1 b - -,g8h8 e4g5 e6g5 g4g5 h7h6 g5e3 e8e7 c1c3 d5d4 c3c6,-71
8/6p1/6Pk/1P2n2P/1N5K/8/8/8 b - -,g8f8 e1e3 e8e7 g4f5 f8g8 e3g3 e6d4 e4f6 g8f8 f6h7,Mate
rn1qkb1r/ppp2ppp/5n2/3P3b/4N2N/5P2/PPPPQ1PP/R1B1KB1R b KQkq -,f6e4 e2e4 d8e7 h4f5 e7e4 f3e4 b8d7 f1b5 e8a8 d2d3,324
8/8/4k3/1K6/8/8/2r5/4R3 b - -,,0
r1bqkb1r/pppp1pp1/2n4p/7Q/2BNn3/8/PPP2PPP/RNB2RK1 b kq -,d8f6 d4b5 e8d8 c4d5 e4d6 c2c4 c6e5 b1d2 f6f5 h5h4,32
rq3rk1/1p1b1ppp/p2b1n2/4pPB1/4P3/1NN5/PP4PP/2RQ1R1K b - -,f8d8 g5f6 g7f6 c3d5 d7c6 d1g4 g8h8 d5f6 d8g8 f6g8,380
5kn1/p2R1p1p/1p6/2bBP1B1/6P1/7P/5r2/3K4 b - -,h7h6 g5h4 f2f4 d1e2 g8e7 d7d8 f8g7 h4f6 f4f6 e5f6,26
3r2k1/Q5pp/1p6/3R4/3p4/4P1P1/P3K3/2B5 b - -,h7h6 g5h4 f2f4 d1e2 g8e7 d7d8 f8g7 h4f6 f4f6 e5f6,Mate
r6k/7p/p3rpbB/1p2p3/P5BP/8/1PPQ2P1/7K b - -,f6f5 d2d7 g6f7 g4f5 e6h6 d7f7 h6h4 h1g1 h4h6 f7e7,700
r2qk2r/pp3p1p/2n5/3pp3/1b6/P1N1P3/1PQ1NPPP/R3K2R b KQkq -,b4f8 a1d1 d5d4 c2e4 d8e7 c3d5 f7f5 d5e7 f5e4 e7c6,204
1R4k1/8/3r4/P1p1Np2/2P2P1p/1P5P/3n1K2/8 b - -,g8g7 b8b7 g7g8 f2e2 d2e4 e2e3 e4c3 b7b6 c3d1 e3e2,502
8/8/5n2/3pk3/2P5/3K4/8/8 b - -,g8g7 b8b7 g7g8 f2e2 d2e4 e2e3 e4c3 b7b6 c3d1 e3e2,Mate
rn1qkb1r/ppp2ppp/8/3P3b/4Q2N/5P2/PPPP2PP/R1B1KB1R b KQkq -,d8e7 h4f5 e7e4 f3e4 b8d7 f1b5 e8a8 d2d3 h5g6 h1f1,328
3r1rk1/1R3ppp/p3p3/4q3/8/P1N1BQ2/1PP2PPP/2K5 b - -,e5d6 b2b4 d8c8 c1b2 d6e5 e3c5 c8c5 b4c5 e5c5 f3f4,472
8/8/8/1K1k4/8/8/2r5/3R4 b - -,,0
4kQ1r/3b1p1p/p2pp3/q5B1/1nB2P2/2p2N2/PrPQ2PP/K2R3R b - -,e8f8 d2c3 b2a2 a1b1 h8g8 c4a2 a5a2 b1c1 a2a4 c3b3,447
3r4/8/7p/p3kB2/6P1/PP6/1KP5/8 b - -,h6h5 f5d3 h5g4 d3b5 g4g3 b5c6 d8d2 b3b4 e5d6 c6b7,-397
r4rk1/p1p3pp/1bp1bq2/3p4/P2Pn3/2N1BN2/1P3PPP/R2Q1RK1 b - -,b6a5 c3e4 d5e4 f3e5 a5b4 e5c6 b4d6 d1h5 e6b3 f1c1,47
2bRr1k1/6p1/prp4p/2N1p3/2P5/PPK2PP1/6P1/3R4 b - -,g8f8 d8c8 e8c8 c5d7 f8f7 d7b6 c8e8 c3b4 e5e4 f3e4,626
5rk1/p4p1p/6p1/8/4P3/3r4/PP4PP/3R1RK1 b - -,a7a5 d1d3 f8b8 b2b3 h7h5 g1h1 a5a4 b3a4 h5h4 d3d7,624
r1b1k1nr/pppq1ppp/2np4/b3p3/P1BPP3/1QP2N2/5PPP/RNB1K2R b KQkq -,g8f6 e1h1 e8h8 c4d3 e5d4 c3d4 f8e8 d4d5 c6b4 c1d2,-88
3r4/r4p1k/p1pq1P1p/1p2p2Q/1P2P3/R1PP4/6PP/5RK1 b - -,d8a8 d3d4 a8g8 h5f5 h7h8 f5e5 d6e5 d4e5 h8h7 h2h4,251
3rr2k/2p3pp/p3n3/1p1qp3/4N1Q1/P2PR2P/5PP1/2R3K1 b - -,c7c5 e4g5 e6g5 g4g5 d5d6 e3g3 d8d7 g5e3 d7c7 g3g4,-105
r6k/3Q3p/p3r1bB/1p2pp2/P5BP/8/1PP3P1/7K b - -,g6f7 g4f5 e6h6 d7f7 h6h4 h1g1 h4h6 f7e7 h6g6 f5g6,726
2r2rk1/1p3ppp/p1n1p3/2BpP3/5PB1/1P1K4/1P4PP/7R b - -,c6e5 f4e5 c8c5 h1a1 f8c8 g4d1 g8f8 d3d2 f8e7 a1a4,-550
r4rk1/ppqbnpbp/2n1p1p1/1B1pP3/1P1B4/2P2N2/P2N1PPP/R2QR1K1 b - -,c6d4 f3d4 c7c3 d2f3 d7b5 d4b5 c3b4 a1b1 b4a5 h2h4,-173
r2q1rk1/3N1pp1/p4n1p/1p1p2B1/2pP4/P1P1P3/5PPP/1R1Q1RK1 b - -,d8d7 g5f6 g7f6 d1f3 g8g7 b1b2 f8b8 h2h3 b8b6 f1e1,51
8/1B3pkp/8/2p1P1p1/8/8/8/6K1 b - -,c5c4 g1f2 c4c3 b7e4 h7h5 f2f3 g5g4 f3g3 g7f8 g3f4,-32
8/3b2pk/pr6/3P4/8/5PBP/3R2PK/8 b - -,b6b7 d5d6 h7g6 d2a2 b7a7 a2e2 d7a4 e2e5 g6f6 e5c5,443
r1b2rk1/pp1n1p1p/2p3pP/4p1P1/4P3/P2P1P2/2K1B3/1R6 b - -,d7c5 c2d2 c5e6 d2e3 f8d8 e2d1 g8f8 d1b3 e6g5 f3f4,-761
r4rk1/6p1/pp3p1p/2p1q3/2Q4P/PP6/5PP1/4R1K1 b - -,e5e6 c4e6 g8h7 e6b6 f8c8 b6b7 h7h8 b7f7 a6a5 g1h2,530
2rq1rk1/1p1b1pbp/2nppnp1/p1p2P2/P3P2Q/1BNP1N2/1PP3PP/R1B2RK1 b - -,c5c4 b3c4 d6d5 e4d5 e6d5 c4b3 d8b6 g1h1 b6b4 h4f2,107
4r1k1/p5pp/8/5p2/3p4/5P2/PP3P1P/4RK2 b - -,,0
8/R4k2/5p2/8/4P3/5K2/8/2r5 b - -,,0
3R4/8/8/1K6/4k3/8/2r5/8 b - -,,0
3r2k1/1pp2p1p/p1n3p1/4r3/8/2R1PB2/PP3PPP/2R3K1 b - -,d8d2 c3c2 d2c2 c1c2 e5a5 a2a3 a5b5 f3c6 b7c6 g2g4,50
rn2kb1r/ppp1qppp/8/3P1N1b/4Q3/5P2/PPPP2PP/R1B1KB1R b KQkq -,e7e4 f3e4 b8d7 d2d3 h5g6 f5e3 e8a8 c1d2 f8c5 g2g4,313
3r2k1/p4p1p/6p1/8/4P3/3r4/PP4PP/4RRK1 b - -,d8d4 e1e2 g8g7 e4e5 a7a5 h2h3 a5a4 e5e6 f7e6 e2e6,26
5rk1/pb4pp/6r1/1p3p2/1PpPPQ2/P1P3RP/2q3P1/1N3RK1 b - -,g6g3 f4g3 b7e4 g3f2 c2d3 f2d2 f8f6 d2d3 e4d3 f1e1,-81
rnbq1rk1/4bppp/2p1pn2/ppPp4/3P4/2N3P1/PP1NPPBP/R1BQR1K1 b - -,e6e5 e2e3 f8e8 b2b3 e5e4 c1b2 b8a6 f2f3 a6b4 f3e4,-57
r6k/3Q1b1p/p3r2B/1p2pB2/P6P/8/1PP3P1/7K b - -,e6h6 d7f7 b5a4 f7e7 a4a3 e7e5 h8g8 f5e6 h6e6 e5e6,733
r3k2r/pp4pp/3p4/5N2/4P3/P3P3/1P1B2PP/3K3R b - -,h8f8 d1e2 e8d7 f5g7 f8g8 d2c3 g8g7 c3g7 a8g8 g7c3,544
8/2k1b3/1p6/3Q1b2/7P/1K6/8/8 b - -,f5h3 h4h5 h3d7 h5h6 e7f6 d5f7 f6e5 b3c4 e5b2 c4d5,3350
8/8/R7/6k1/8/8/4K3/2r5 b - -,,0
6N1/5k2/8/4Q3/8/4K3/8/8 b - -,c1c2 e2f3 c2c1 a6a5 g5f6 f3g4 c1c4 g4g3 c4b4 g3f3,Mate
3r4/r4p1k/R1p2P1p/1p2p2Q/1P2P3/2Pq4/6PP/5RK1 b - -,d8a8 h5f5 h7h8 a6c6 a7d7 f5g4 a8g8 c6c8 d7d8 c8d8,221
r2q1Nk1/5pp1/p4n2/1p1p2p1/2pP4/P1P1P3/5PPP/1R1Q1RK1 b - -,d8f8 a3a4 a8b8 f2f3 g5g4 a4b5 a6b5 f3g4 f6e4 d1c1,144
8/8/8/1p1k4/8/8/8/4K3 b - -,d8f8 a3a4 a8b8 f2f3 g5g4 a4b5 a6b5 f3g4 f6e4 d1c1,Mate
3r2k1/p4p1p/6p1/4P3/3r4/8/PP4PP/4RRK1 b - -,d4d5 e1e2 d5a5 b2b3 d8d5 f1f6 g8g7 h2h3 d5e5 e2e5,25
rn1qk2r/pQpn1ppp/3pp3/7b/2PP1BPb/2N1P2P/PP3P2/R3KB1R b KQkq -,b8a6 g4h5 e6e5 f4g3 e8h8 g3h4 d8h4 b7a6 e5d4 e3d4,244
3r1rk1/pppq1ppp/1b1p4/n3pN2/4P3/2PPB3/PP3PPP/R2Q1RK1 b - -,b6e3 f5e3 a5c6 d1b3 b7b6 a1d1 c6e7 d3d4 d7c6 f1e1,39
6k1/3n2pp/r2Ppp2/1N3b2/pp3P2/4P3/1P4PP/3R2K1 b - -,a6b6 d1c1 b6b5 c1c8 g8f7 c8c7 e6e5 e3e4 f7e6 e4f5,-575
8/8/5n2/2P1k3/3p4/3K4/8/8 b - -,a6a5 b5d4 a4a3 b2a3 b4a3 d1a1 f5e4 d4e2 e4d5 e3e4,Mate
r1b2rk1/ppq2p2/2n3p1/3pP1Np/8/1N1Q4/PPP3PP/R4RK1 b - -,c7e5 g5f3 e5b2 a1b1 b2g7 d3d5 c8g4 h2h3 a8d8 d5b5,-137
rn2kb1r/ppp2ppp/8/3P1N1b/4P3/8/PPPP2PP/R1B1KB1R b KQkq -,b8d7 f1b5 e8a8 d2d4 d8e8 e1h1 a7a6 b5d3 d7f6 f5g3,321
r6k/5Q1p/p6r/1p2pB2/P6P/8/1PP3P1/7K b - -,h6h4 h1g1 h4h6 f7e7 h6g6 f5g6 h7g6 e7e5 h8h7 e5e7,739
6k1/1pp2p1p/p1n3p1/4r3/8/4PB2/PPRr1PPP/2R3K1 b - -,d2d8 b2b3 e5a5 a2a4 d8b8 g1f1 h7h5 c2c4 a5f5 f1e2,101
2r1r1k1/1p3ppp/p1nBp3/3pP3/5PB1/1P1K4/1P4PP/7R b - -,g7g6 h2h4 e8d8 h4h5 d8d6 e5d6 c8d8 b3b4 d8d6 d3c3,-366
rnbq1rk1/ppp1b1pp/3ppn2/5p2/2PP4/4PN2/PP2BPPP/RNBQK2R b KQ -,d8e8 e1h1 a7a5 b2b3 e8g6 c1b2 b7b6 b1c3 f6e4 f3e1,15
8/p4kpp/1p3b2/4P3/3B4/P3K3/6PP/8 b - -,f6e7 a3a4 f7e6 e3e4 e7d8 d4b2 a7a6 e4d4 d8c7 d4e4,-109
r4r1k/6p1/pp3p1p/2p1R3/2Q4P/PP6/5PP1/6K1 b - -,a8a7 e5e1 f8d8 c4e6 b6b5 g1h2 a7a8 e6f7 d8f8 f7g6,465
rnb1kb1r/pp2qppp/2p2n2/3p4/4P3/1QNP4/PP2BPPP/R1B1K1NR b KQkq -,d5d4 c3b1 c6c5 f2f4 b8c6 g1f3 e7c7 e1h1 f8e7 b1a3,-31
r1b1r1k1/p1qnbppp/1pn1p3/2p1P3/2P1N3/PP3NP1/1B3PBP/R2QR1K1 b - -,e8d8 e4d6 d7f8 d1c2 c8b7 d6b5 c7b8 a1d1 a7a6 d1d8,53
r1bq1rk1/1p4bp/4p1p1/p7/3PPN2/4B3/PP4PP/R2QK2R b KQ -,d8h4 g2g3 h4e7 e1h1 c8d7 d1d2 f8e8 f1e1 e7b4 a1d1,49
4RQ2/p4p1k/2n2qp1/8/8/P1r1BP2/6Pp/7K b - -,g6g5 f8g8 h7h6 e3g5 f6g5 g8h8 h6g6 e8g8 g6f5 g8g5,796
5rk1/p3qppp/1p3nB1/2pr4/6P1/4PN1P/PP2QP2/R2R2K1 b - -,,0
7r/pp3p1k/6p1/6Pp/7P/5R2/PP3PK1/8 b - -,h8f8 f3c3 f8b8 c3c7 h7g7 b2b3 a7a5 g2g3 g7f8 f2f3,22
r1b1k2r/1p2bp2/p1n1p1p1/3pP1Bn/8/1NN5/PPPQBq2/2K2R1R b kq -,f2b6 e2h5 g6h5 d2f4 e7g5 f4g5 b6b4 f1f7 e8f7 g5f6,123
8/1b3kpp/p7/5p2/N2p4/1Pr5/P1P1R1PP/4K3 b - -,c3c7 b3b4 c7c4 a2a3 b7c6 a4c5 c4c3 a3a4 g7g6 e1d2,-10
6k1/p5pp/8/5p2/3p4/5P2/PP3P1P/4K3 b - -,d4d3 e1d2 g8f7 d2d3 f7e6 d3d4 f5f4 b2b4 e6d6 a2a4,380
rn1qk2r/pppnbppp/3pp3/7b/2PP1BPN/1QN1P2P/PP3P2/R3KB1R b KQkq -,b8c6 h4f5 e6f5 g4h5 a8b8 h1g1 d7f6 f1e2 e8h8 b3c2,224
1r3rk1/6b1/3p1p1p/Pp1Pp1p1/3pP1B1/P2P2P1/2R4P/5RK1 b - -,b8a8 c2c6 a8a5 c6d6 a5a3 d6d7 g8h8 f1c1 h6h5 g4h5,151
r6k/5Q1p/p7/1p2pB2/P6r/8/1PP3P1/6K1 b - -,h4h6 f7e7 a8g8 e7e5 g8g7 a4a5 b5b4 f5e6 h6g6 e5b8,754
2b1k3/6p1/prp4p/2N1p3/2P5/PPK2PP1/6P1/4R3 b - -,e8d8 g3g4 b6b8 e1e5 b8a8 c5e4 a8a7 e4d6 d8d7 d6f5,557
5rk1/p3qpp1/1p3np1/2pR4/6P1/4PN1P/PP2QP2/R5K1 b - -,,0
r1b1k1nr/pppq1ppp/1bnp4/P3p3/2BPP3/1QP2N2/5PPP/RNB1K2R b KQkq -,c6a5 a1a5 b6a5 d4e5 g8h6 e5d6 e8h8 d6c7 d7c7 e1h1,-144
8/p3b1pp/1p2k3/4P3/P2BK3/8/6PP/8 b - -,e7c5 d4c3 g7g6 h2h3 a7a6 c3d2 c5f2 d2b4 f2g3 b4d6,-119
5rk1/pb4pp/8/1p3p2/1PpPP3/P1P3QP/2q3P1/1N3RK1 b - -,b7e4 g3f2 c2d3 f2d2 f8f6 d2d3 e4d3 f1e1 f6a6 b1d2,-77
8/KP3kQ1/8/P7/8/8/8/8 b - -,c2e4 b1d2 e4d3 g3d3 c4d3 d2b3 f8e8 f1f5 e8e1 f5f1,Mate
6k1/1pp2p1p/p1n3p1/4r3/8/4PB2/PPR2PPP/6K1 b - -,g8g7 f3c6 b7c6 g1f1 e5a5 a2a3 a5b5 f1e2 g7f8 b2b4,62
3r4/p1b4p/2k3p1/p1P1p3/2P1PBPP/3N4/3K4/7R b - -,d8d3 d2d3 e5f4 h1a1 c6c5 e4e5 a7a6 g4g5 f4f3 d3e3,348
r2q1rk1/1ppnbppp/p4nb1/3P2BP/2BP1N2/2N5/PPPQ4/2K1R1R1 b - -,b7b5 h5g6 b5c4 g6h7 g8h8 d2g2 g7g6 g5h6 d8e8 d5d6,594
rnbqk2r/ppp2ppp/4p3/2b5/3PP3/2P2N2/P4PPP/R1BQKB1R b KQkq -,c5e7 f1d3 b7b6 c1f4 c8b7 e1h1 e8h8 f1e1 b8d7 d1c2,94
r1b1k2r/1p2bp2/pqn1p1p1/3pP1BB/8/1NN5/PPPQ4/2K2R1R b kq -,g6h5 d2f4 e7g5 f4g5 b6d8 g5g7 h8f8 h1h5 d8e7 c3a4,120
8/r1R5/1PK3pk/6p1/6P1/7P/8/8 b - -,a7a8 c7a7 a8c8 c6b5 c8c5 b5a6 c5c3 b6b7 c3a3 a6b6,737
r1b1r1k1/ppp3p1/3p1p1p/1P1P4/1Q6/3P2P1/qB3PBP/5RK1 b - -,a7a5 b5a6 a2a6 g2e4 a6a5 b4c4 c8h3 f1b1 a5b6 c4c2,-351
r4rk1/pp4pp/3Q2q1/3P4/2N2p2/1P3bPP/1P3P2/R3R1K1 b - -,f8f6 d6e5 f4g3 e5g3 f3d5 a1d1 d5c4 b3c4 g6c2 d1d6,-127
r6k/4Q2p/p6r/1p2pB2/P7/8/1PP3P1/6K1 b - -,a8g8 e7e5 g8g7 a4a5 b5b4 f5e6 h6e6 e5e6 h7h6 e6a6,775
r3k2r/2qbbppp/5n2/p3Q1B1/Ppp5/2P2N2/1PB2PPP/R3R1K1 b kq -,c7e5 e1e5 h7h6 g5h4 d7e6 a1e1 e7d6 h4f6 g7f6 e5d5,84
r4rk1/3q1pp1/p4B1p/1p1p4/2pP4/P1P1P3/5PPP/1R1Q1RK1 b - -,g7f6 d1f3 g8g7 f1d1 f6f5 a3a4 f8b8 h2h3 a6a5 b1b5,36
rnbq1rk1/pp2ppb1/1n4pp/2pP4/5B1P/2N1P1P1/PP3PB1/R2QK1NR b KQ -,h6h5 g1e2 b6c4 b2b3 c4d6 a1c1 b8d7 e1h1 d8a5 e3e4,40
6k1/3n2pp/r2Ppp2/5b2/5P2/2N1P3/p5PP/R5K1 b - -,e6e5 a1a2 a6a2 c3a2 f5e4 a2c3 e4c6 g1f2 g8f7 f4e5,-481
rn1q1rk1/pb4pp/1b2pn2/3p1p2/2P5/BN2PN2/P3BPPP/R2Q1RK1 b - -,f6e4 a3f8 d8f8 a1c1 b8d7 c4d5 b7d5 e2c4 d7f6 b3d4,242
8/2kbb3/1p6/3Q3P/8/1K6/8/8 b - -,e7f8 d5f7 f8h6 f7g6 h6f4 g6e4 d7a4 e4a4 f4e5 a4e8,3367
3r1rk1/1R3ppp/p3p3/8/8/P1N1BQ2/1PP2PPq/1K6 b - -,h2e5 f3c6 h7h5 c6a6 d8b8 b7b8 f8b8 a6c6 f7f5 c6c4,429
r1b1k2r/1p2bp2/pqn1p3/3pP1Bp/5Q2/1NN5/PPP5/2K2R1R b kq -,e7g5 f4g5 h8f8 h1h5 c8d7 h5h7 b6b4 a2a3 b4e7 f1f6,113
r1bqk2r/ppp1ppbp/2n3p1/3pB2n/3P4/2NBP3/PPP1NPPP/R2QK2R b KQkq -,c6e5 d4e5 g7e5 h2h3 e5g7 d1d2 c7c6 g2g4 h5f6 e1a1,-241
r3k2r/1pp1bppp/p1p1b3/8/3qn3/2NN4/PPPP1PPP/R1BQR1K1 b kq -,e4f6 c3e2 d4d6 b2b3 e8a8 c1b2 h8e8 e2g3 e6g4 f2f3,-32
r2q1rk1/2p2ppp/pbp1b3/3pP3/3Pn3/2N1BN2/PP3PPP/2RQ1RK1 b - -,d8e8 d1c2 e4c3 c2c3 a6a5 b2b3 a5a4 b3b4 e6g4 c3c6,90
6rk/7p/p6r/1p2QB2/P7/8/1PP3P1/6K1 b - -,g8g7 a4a5 h6g6 f5g6 h7g6 e5e6 h8h7 e6a6 b5b4 a6c4,754
r2q1rk1/1p2b1p1/2nppn1p/p3p3/N3P3/1N2BP2/PPP1Q1PP/R4RK1 b - -,a8b8 e2b5 d6d5 e3b6 d8e8 b3c5 c6b4 b5e8 f8e8 f1c1,6
r6k/pp2Q1p1/1bp2n1p/7q/8/1BN2nP1/PPPBR2P/7K b - -,a8b8 e2b5 d6d5 e3b6 d8e8 b3c5 c6b4 b5e8 f8e8 f1c1,Mate
r1b2rk1/pp3p1p/2p3pP/2n1p1P1/4P3/P2P1P2/2K1B3/2R5 b - -,f8d8 c1f1 c5e6 f1g1 g8f8 c2d2 f8e7 d2e3 f7f6 g5f6,-800
8/1br2kpp/p7/5p2/NP1p4/8/P1P1R1PP/4K3 b - -,c7c4 a2a3 b7c6 a4c5 c4c3 a3a4 g7g6 e1d2 a6a5 c5e6,-5
2rqrbk1/1b2npp1/pp2pn1p/4N3/3P1B2/P1N4Q/1P3PPP/1B1RR1K1 b - -,e7d5 c3d5 f6d5 f4d2 a6a5 h3g3 d5e7 d2h6 e7f5 b1f5,45
6k1/1pR2p1p/p5p1/4r3/3n4/4PB2/PP3PPP/6K1 b - -,b7b6 f3b7 a6a5 b7a6 d4f5 c7c6 b6b5 g1f1 f5h4 a6b7,237
8/8/2P2n2/3k4/3p4/3K4/8/8 b - -,b7b6 f3b7 a6a5 b7a6 d4f5 c7c6 b6b5 g1f1 f5h4 a6b7,Mate
r4rk1/pp1b2pp/2nqp3/1B1p3n/3P4/5N2/PP2NPPP/R2Q1RK1 b - -,c6b8 b5d7 b8d7 d1b3 h7h6 f1e1 a8c8 a1c1 d6b6 b3e3,56
r3qrk1/2p2ppp/pbp1b3/3pP3/3Pn3/2N1BN2/PPQ2PPP/2R2RK1 b - -,e4c3 c2c3 a6a5 b2b3 e6g4 c3c6 e8c6 c1c6 g4d7 c6c3,79
r4rk1/3q1p2/p4p1p/1p1p3Q/2pP4/P1P1P3/5PPP/1R3RK1 b - -,g8h7 h5f3 f6f5 h2h3 a8b8 f3f4 a6a5 f2f3 b8b6 f1e1,19
3r1rk1/1R3ppp/p3p3/8/8/P1N1BQ2/KPP2PP1/7q b - -,d8c8 e3f4 c8d8 f4g5 f7f6 g5e3 d8b8 b7d7 f8d8 d7a7,455
2r1r1k1/1p3ppp/p2Bp3/n2pP3/1P3PB1/3K4/1P4PP/7R b - -,a5c4 f4f5 c4b2 d3e3 b2c4 e3d3 c8d8 f5e6 f7e6 h1c1,-496
r1bqkb1r/p1p2ppp/2pp4/4p3/4P1n1/5N1P/PPPP1PP1/RNBQR1K1 b kq -,g4f6 d2d4 f6d7 b1a3 c6c5 c2c3 f7f6 b2b4 c5b4 c3b4,84
6k1/1pR2p1p/p5p1/4r3/8/4PP2/PP3P1P/6K1 b - -,e5g5 g1f1 g5b5 b2b3 g8g7 e3e4 a6a5 c7c4 b5h5 f1g2,79
4r1k1/3R1pqp/pp4p1/3Q2b1/8/6P1/P4P1P/6K1 b - -,g5e7 d5f3 g7f6 f3f6 e7f6 g1g2 f6e7 g3g4 e7c5 g2g3,-585
r1bqr1k1/pppp1ppp/2n2n2/4p3/4P3/P1BP1N2/1PP1BPPP/R2QK2R b KQ -,d7d5 e4d5 f6d5 c3d2 a7a5 e1h1 h7h6 f1e1 d8f6 c2c3,-40
r3qrk1/2p2ppp/pbp1b3/3pP3/3P4/2Q1BN2/PP3PPP/2R2RK1 b - -,a6a5 a2a4 e8d7 b2b3 f8b8 f3d2 b6a7 c3c6 d7c6 c1c6,102
4kr2/3b1p1p/p2pp3/q5B1/1nB2P2/2Q2N2/PrP3PP/K2R3R b - -,f7f6 a1b2 a5b6 c3d4 b6d4 f3d4 d6d5 g5h6 d5c4 h6f8,643
r2qr1k1/bpp2pp1/p1n1bn1p/4p3/3pP3/2PP1NNP/PPBB1PP1/R2QR1K1 b - -,a8b8 a1c1 f6d7 a2a3 b8a8 c2b1 a6a5 b2b4 d4c3 d2c3,27
2b5/5kp1/prp4p/2N1R3/2P5/PPK2PP1/6P1/8 b - -,b6b8 g3g4 f7f6 c3d4 f6f7 a3a4 c8b7 d4c3 b7c8 a4a5,570
r1bq1rk1/pp1nppbp/2pp1np1/8/1PPP4/2N1PN2/PB2BPPP/R2QK2R b KQ -,d6d5 e1h1 d5c4 e2c4 d7b6 c4b3 b6d5 h2h3 c8f5 f3e5,23
6R1/R5pp/5pk1/6r1/8/2P4P/P1P1r3/5K2 b - -,g5e5 g8g7 g6f5 g7g2 e2e1 f1f2 h7h5 f2g3 e5e3 g3h2,1
r4rk1/ppp1qpp1/2nbb2p/3np3/N7/P2P1NP1/1P1BPPBP/2RQ1RK1 b - -,c6d4 b2b4 d4f3 g2f3 c7c6 a4c5 e6h3 f1e1 a7a5 d1b3,-3
bk1r3r/4qp1p/pn1p1npQ/NBp5/4P3/P1N2PP1/1PP4P/1K1R3R b - -,f6g4 f3g4 a6b5 h6f4 h8e8 h1e1 b5b4 a3b4 c5b4 c3b5,218
6k1/3n2pp/3rpp2/8/5P2/4P3/5KPP/1R6 b - -,d6d2 f2f1 f6f5 h2h3 d7f6 b1b8 g8f7 b8b7 d2d7 b7d7,-487
3r1rk1/1R3ppp/p3p3/2B5/8/P1N2Q2/KPP2PPq/8 b - -,d8c8 c5f8 c8f8 b7d7 h7h5 g2g3 h2h3 d7d1 h3f5 f3f5,510
3r1rk1/pppq1p1p/1b1p2p1/n3pN2/4P1Q1/2PPB3/PP3PPP/R4RK1 b - -,a5c6 e3h6 f8e8 g4f3 f7f6 f5e3 d7f7 e3d5 e8e6 a2a4,111
r3qrk1/1p4p1/2n1pn1p/p1Bpp3/N3P3/5P2/PPP1Q1PP/3R1RK1 b - -,,0
r1bqk2r/p3bppp/2pppn2/6B1/4P3/2N2P2/PPPQ2PP/R3KB1R b KQkq -,a8b8 e1a1 d6d5 h2h4 e8h8 c1b1 e7b4 b1a1 h7h6 g2g4,-28
6k1/1pR2p1p/p5p1/6r1/8/4PP2/PP3P1P/5K2 b - -,b7b6 b2b3 g5h5 c7c6 h5b5 f3f4 a6a5 c6c4 b5d5 c4c8,109
2R5/1K6/1P4pk/6p1/6P1/2r4P/8/8 b - -,c3e3 b7c7 e3e7 c7b8 h6g7 c8c7 g7f6 c7e7 f6e7 b8c7,3667
8/8/4R3/5p1k/7P/6K1/p5P1/r7 b - -,c3f3 b7c7 f3f7 c7b8 h6g7 c8c7 g7f6 c7f7 f6f7 b8c7,Mate
r5kr/pbp3q1/1p3n1p/5pP1/4p1PP/1P2P3/PBP1NQ2/2KR2R1 b - -,h6g5 h4g5 f6g4 g1g4 g7h7 g4g1 b7a6 e2f4 a6d3 g5g6,883
6k1/2b3pp/p1p1q3/B4R2/P2p4/3P4/1PP1r1PP/5Q1K b - -,h7h6 a5b4 a6a5 f5f2 e2f2 f1f2 a5b4 g2g3 h6h5 h1g2,-297
1r6/5pk1/p2r2p1/5n1p/R2p1P1P/6P1/1P1RNK2/8 b - -,g7f8 a4a2 b8b3 a2a4 f8g8 a4c4 b3b8 b2b4 d6b6 d2b2,-162
r5k1/pp1b2pp/2nqp3/1B1p3n/3P4/5P2/PP2NP1P/R2Q1RK1 b - -,d6e7 b5c6 d7c6 d1b3 a8e8 f1e1 e7f6 a1c1 e6e5 d4e5,110
r1bqkbnr/ppp2ppp/4p3/3pP3/1n1P4/2PB3P/PP3PP1/RNBQK1NR b KQkq -,b4d3 d1d3 b7b6 g1e2 a7a5 e1h1 g8e7 f1e1 e7g6 d3d1,-7
2rqrbk1/1b3pp1/pp2pn1p/3NN3/3P1B2/P6Q/1P3PPP/1B1RR1K1 b - -,f6d5 f4d2 d5f6 h3g3 d8d5 d2e3 f6e4 b1e4 d5e4 e5d7,44
5r2/1pp3k1/n2p1rpp/3P4/1PP1B3/4P3/1R4PP/3R2K1 b - -,f8e8 e4d3 e8e3 c4c5 f6f4 c5d6 c7d6 d3a6 b7a6 d1a1,4
rnq1k2r/ppp1bppp/3p1n2/5p1P/2PP1B2/1QN1P2P/PP2BP2/R3K2R b KQkq -,b8d7 h1g1 g7g6 e2f3 c7c6 e1a1 a7a6 c1b1 d7f8 d4d5,211
8/1K6/1PR3pk/6p1/6P1/r6P/8/8 b - -,a3h3 b7c7 h3f3 b6b7 f3f7 c7b6 f7f8 c6c8 f8f1 c8h8,9605
r1bqk2r/ppp1bppp/8/4R3/2P5/8/PPP2KPP/RNBQ4 b kq -,d8d1 e5e1 d1d4 f2f1 c8e6 c1e3 d4b2 b1d2 b2c2 d2f3,-818
8/2kb1Q2/1p3b2/7P/8/1K6/8/8 b - -,f6d8 f7g6 d8e7 h5h6 e7d6 g6f6 d7g4 f6g7 c7d8 g7g5,3374
r6k/pp4p1/1bp2n1p/7q/2Q5/1BN2nP1/PPPBR2P/7K b - -,h5h3 e2g2 f3d2 c4f4 d2b3 a2b3 f6h5 f4f3 a8e8 c3e2,-589
5bk1/Q5p1/2p1p1p1/3n3r/8/8/PPP2PPP/R1B2RK1 b - -,f8d6 h2h3 d6f8 g1h1 c6c5 f1e1 c5c4 c1d2 c4c3 b2c3,936
r4rk1/1pp1qpp1/2nbb2p/p2np3/N7/P2P1NP1/1PQBPPBP/2R2RK1 b - -,f8d8 f1d1 e7f6 a4c5 d6c5 c2c5 a8a6 b2b4 a5b4 a3b4,-10
2b1R3/6p1/prp2k1p/2N5/2P5/PPK2PP1/6P1/8 b - -,b6b8 c5e4 f6f7 e4d6 f7f6 b3b4 a6a5 b4a5 b8a8 e8c8,651
5k2/1pR3p1/1p3nBp/3pp3/8/Pr3P1P/6P1/7K b - -,b3a3 c7f7 f8g8 f7b7 a3a8 b7b6 a8d8 b6e6 e5e4 f3e4,-3
r6r/1p2pQBk/2p1B1p1/p1qp2Pn/8/2P5/PP3P2/R3R1K1 b - -,e5e4 c7f7 f8g8 f7b7 g8f8 f3e4 d5e4 b7f7 f8g8 f7a7,Mate
r1b4r/ppp2Q2/3P3p/6p1/7P/k3P1bN/P2BKR2/R6q b - -,c8g4 e2d3 h1e4 d3e4 h8e8 e4d3 e8e6 d3c2 a8c8 f7d7,1558
6k1/6pp/3rpp2/2n5/5P2/4PK2/6PP/1R6 b - -,f6f5 g2g4 c5e4 b1b5 d6d5 b5b2 d5d2 b2d2 e4d2 f3e2,-490
r2qk2r/pp3p1p/2n5/3pp3/8/P1N1P3/1PQ2PPP/R3K2R b KQkq -,d8d6 e1a1 d5d4 c3b5 d6e7 e3d4 a7a6 d4d5 a6b5 d5c6,104
r2qkb1r/pp1b1ppp/2n5/1B1N4/Q2Pp3/4P3/PP3PPP/R1B1K2R b KQkq -,a7a6 b5c4 c6a5 a4c2 a5c4 c2c4 a8c8 c4e2 d8g5 d5f4,-177
8/8/1Q6/5k2/4r3/3K4/8/8 b - -,e4e5 b6f2 f5g5 f2g3 g5f5 g3f3 f5e6 d3d4 e5f5 f3g4,233
8/7p/2k4B/3b4/P7/1P1R2b1/3K4/6r1 b - -,g1g2 d2e3 g3e1 d3d1 e1a5 h6f4 g2g4 d1f1 a5b4 f4b8,-411
3r3r/pp3k1p/3p4/5N2/4P3/P3P3/1P1B2PP/3K3R b - -,d6d5 e4d5 d8d5 h1f1 h8d8 f5d4 f7g6 f1f4 d5g5 g2g3,584
r2q1rk1/1p1b1pbp/2npp1p1/p1p4n/P3PP2/1BNP1N1Q/1PP3PP/R1B2RK1 b - -,d6d5 g2g4 c5c4 b3a2 d5e4 d3e4 e6e5 f4f5 h5f4 c1f4,53
r1b2rk1/pp3p2/2n3p1/3pq1Np/8/1N6/PPPQ2PP/R4RK1 b - -,e5b2 d2d5 c8f5 d5b5 a8b8 f1f5 g6f5 b5f5 b2g7 g5e4,-158
8/1K4k1/rPR3p1/6p1/6P1/7P/8/8 b - -,e5b2 d2d5 c8f5 d5b5 a8b8 f1f5 g6f5 b5f5 b2g7 g5e4,Mate
6k1/6pp/3rp3/2n2p2/5P2/4PK1P/6P1/1R6 b - -,d6d2 f3g3 c5e4 g3h2 h7h5 h3h4 d2d7 b1b6 g8f7 b6b5,-507
rnb1kb1r/pp2qppp/2p2n2/3p2B1/4P3/1QNP4/PP3PPP/R3KBNR b KQkq -,c8e6 b3c2 b8a6 c2c1 h7h6 g5e3 a6c7 f1e2 c6c5 e4e5,-49
6k1/1pR2p1p/p5p1/1r6/8/1P2PP2/P4P1P/5K2 b - -,g8f8 f3f4 a6a5 c7c4 b5d5 c4c8 f8g7 c8a8 d5c5 a8a7,123
5rk1/3P1ppp/p7/q7/1r3BP1/7P/2Q2P2/2R2RK1 b - -,b4f4 f1d1 h7h6 c2c8 a5b6 c8f8 g8f8 d7d8q b6d8 d1d8,558
rnbq1rk1/4bppp/2p5/ppPpP3/4P1n1/2N3P1/PP1N1PBP/R1BQR1K1 b - -,e7c5 e1f1 d5d4 c3b1 g4e5 h2h3 b8a6 g1h2 c8e6 f2f4,-200
6R1/6Rp/5pk1/6r1/8/2P4P/P1r5/5K2 b - -,g6h6 g7g5 f6g5 h3h4 g5h4 f1g1 c2a2 g8g2 a2g2 g1g2,Mate
4R3/8/8/5K2/3k4/3p4/8/8 b - -,d4c3 f5e4 d3d2 e8d8 c3c2 e4f3 d2d1q d8d1 c2d1 f3g4,Mate
3rr1k1/p4ppp/5q2/2p5/3P2Q1/5P2/PP3P1P/R2R2K1 b - -,c5d4 d1e1 e8e1 a1e1 h7h6 g4e4 d4d3 b2b3 f6a6 a2a4,-202
4k3/p5pp/1p2Nb2/8/4P3/P3K3/1B4PP/8 b - -,e8f7 b2f6 f7f6 e6d4 a7a6 d4c6 f6e6 e3d4 e6d6 c6a7,662
5rk1/p3qpp1/1p4p1/2pn4/6P1/4PN1P/PP1Q1P2/R5K1 b - -,,0
5k2/1p3Rp1/1p3nBp/3pp3/8/r4P1P/6P1/7K b - -,f8e8 f7f6 e8d7 f6b6 d7c7 b6b5 a3a1 h1h2 a1d1 h3h4,262
4r3/1pp3k1/n2p1rpp/3P4/1PPRB3/4P3/1R4PP/6K1 b - -,,0
7k/6rp/p6r/Pp2QB2/8/8/1PP3P1/6K1 b - -,b5b4 f5e6 h6e6 e5e6 h7h5 e6a6 b4b3 c2c3 h8g8 a6c8,837
r1br2k1/p1qnbppp/1pn1p3/2p1P3/2P1N3/PP3NP1/1BQ2PBP/R3R1K1 b - -,c8b7 a1d1 d7e5 b2e5 c6e5 f3e5 d8d1 e1d1 c7e5 d1d7,32
2rqrbk1/1b3pp1/pp2p2p/3nN3/3P4/P6Q/1P1B1PPP/1B1RR1K1 b - -,d5f6 h3g3 d8d5 d2e3 f6e4 b1e4 d5e4 e5d7 f8e7 e3f4,38
r2r4/5p1k/p1pq1P1p/1p2p3/1P2P3/2RP4/1P2Q1PP/5RK1 b - -,a8a7 f1f3 a7d7 e2f2 d8g8 h2h3 d7d8 c3c2 d8d7 f2c5,116
2rqrbk1/3n1pp1/bn1p3p/p1pP1N2/1p2PB2/1P3N1P/P1BQ1PP1/2R1R1K1 b - -,d8c7 f4h6 d7e5 f3e5 e8e5 h6f4 c5c4 f4e5 d6e5 b3c4,323
r2qkb1r/1p1b1ppp/p1n5/3N4/Q2Pp3/4P3/PP2BPPP/R1B1K2R b KQkq -,c6b4 a4b3 d7e6 b3a4 b7b5 a4b4 f8b4 d5b4 d8g5 g2g3,-345
5rk1/4b1pp/1q2p3/3p1p2/2BP4/2N1P1P1/3Q1P1P/R5K1 b - -,d5c4 a1b1 b6c6 d2b2 f8a8 b2b6 c6b6 b1b6 g8f7 b6c6,29
rn2kbnr/pbp2ppp/1p2p3/8/4P3/2NB1N2/PPP2PPP/R1BK3R b kq -,b8c6 h2h4 g8f6 h4h5 f6g4 d1e2 e8a8 c1f4 f8e7 a2a3,-44
r1b2rk1/ppp1qppp/2nb4/3p4/3P2n1/2PB2NP/PP1B1PP1/RN1Q1RK1 b - -,g4f6 f1e1 e7d8 b1a3 c8e6 d1f3 f6e8 e1e2 d8f6 f3h5,92
8/2kb4/1p6/7P/5Q2/1K6/8/b7 b - -,c7d8 b3a2 a1c3 f4g5 d8e8 g5e3 e8f7 e3c3 d7f5 h5h6,3548
r4rk1/6b1/2Rp1p1p/Pp1Pp1p1/3pP1B1/P2P2P1/7P/5RK1 b - -,a8a5 c6d6 a5a3 d6d7 b5b4 f1c1 a3c3 c1a1 c3a3 a1a3,169
6k1/1R4p1/1p3nBp/3pp3/8/r4P1P/6P1/7K b - -,g8h8 b7b8 f6g8 g6f7 d5d4 b8g8 h8h7 g8b8 a3a1 h1h2,404
3r3r/pp3k1p/8/3P1N2/8/P3P3/1P1B2PP/3K3R b - -,f7f6 h1f1 d8d5 f5d4 f6g6 f1f4 h8c8 h2h4 d5d6 d1e2,587
r1n2rk1/3b1pbp/p2p2p1/qppPn3/2P1PB2/1PN3NP/P2QB1P1/2R2RK1 b - -,b5c4 e2c4 c8b6 c4e2 d7b5 c1c2 b6d7 c3b5 a6b5 d2a5,-33
8/6p1/6Pk/1P5P/1N6/5nK1/8/8 b - -,c8b6 c3b1 a5d2 b1d2 f8b8 d2f3 b5c4 b3c4 e5f3 f1f3,Mate
3r2k1/p3qpp1/1p4p1/2pn4/6P1/4PN1P/PP1Q1P2/3R2K1 b - -,,0
4Q2k/6rp/p6r/P4B2/1p6/8/1PP3P1/6K1 b - -,g7g8 e8e5 g8g7 f5e6 h6g6 e5b8 g7g8 e6g8 g6g8 b8e5,838
4rrk1/1pp1qpp1/2nbb2p/p2np3/N3P3/P2P1NP1/1PQB1PBP/2R2RK1 b - -,f7f5 e4d5 e6d5 a4c3 d5e6 c3b5 e7d7 c1e1 d7f7 b2b4,237
r1bqk2r/3pbppp/p1n1p3/1p4P1/2n1P2P/1NN5/PPP2PB1/R1BQK2R b KQkq -,c8b7 a2a4 b5b4 c3e2 e8h8 d1d3 a6a5 b3d4 c6d4 e2d4,-97
4k3/p5pp/1p2N3/8/P3P3/4K3/1b4PP/8 b - -,e8e7 e6c7 b2e5 c7d5 e7d6 h2h3 d6c5 e3d3 b6b5 a4b5,-117
4rb1k/p2q2pp/1p3R2/2p5/7Q/1P1P2P1/P3P3/B4RK1 b - -,b2f6 e3f4 e8f7 e6c7 f6d8 c7b5 a7a6 b5d4 b6b5 a4b5,Mate
8/R5Rp/5pk1/6r1/8/2P4P/P1r5/5K2 b - -,,0
rn1qkb1r/pQ1b1ppp/3p1n2/1B2p1B1/8/2N5/PPP3PP/2KR2NR b kq -,b8c6 b5c6 a8b8 b7d7 d8d7 c6d7 f6d7 g1f3 f7f5 h1e1,401
5rk1/4b1pp/1q2p3/5p2/2pP4/2N1P1P1/3Q1P1P/1R4K1 b - -,b6c6 d2b2 f8a8 b2b6 c6d7 b1c1 g8f7 h2h4 g7g6 g1h2,29
8/1R3kpp/4p3/5p2/4nPP1/4PK1P/3r4/8 b - -,b6c6 d2b2 f8a8 b2b6 c6d7 b1c1 g8f7 h2h4 g7g6 g1h2,Mate
rnbqk2r/pp2p1bp/4pnp1/1BpP2N1/8/2N5/P1PB2PP/1R1QK2R b - -,c8d7 g5e6 d8c8 e6g7 e8f7 d1e2 d7b5 b1b5 b8d7 d2h6,472
r3kbnr/pp1n2p1/2p1p2p/3pP2P/5PP1/8/PPP1N3/RNB1K2R b KQkq -,f8c5 b1d2 g8e7 d2f3 c5b6 a2a4 c6c5 f3h4 e8h8 c1d2,92
8/1B4kp/4Pp2/2p3p1/8/8/8/6K1 b - -,c5c4 g1f2 c4c3 b7e4 h7h5 f2e2 g7f8 e4f5 g5g4 e2d3,-20
r1bqkb1r/ppp2ppp/2n2n2/1B1p4/3Pp3/1P2P3/PBP1NPPP/RN1QK2R b KQkq -,c8d7 b5c6 d7c6 c2c4 h7h5 b1c3 h5h4 h2h3 d8d7 d1c2,-37
6rk/7p/p6r/P3QB2/1p6/8/1PP3P1/6K1 b - -,g8g7 f5e6 h6e6 e5e6 g7g8 e6f6 g8g7 f6a6 g7g6 a6c8,856
1rb2rk1/p2p4/2p2q1R/6N1/7Q/8/PPP2PPP/6K1 b - -,b8b4 g2g4 b4g4 h4g4 f6h6 g5e6 g8f7 g4f5 h6f6 f5f6,-176
3r3k/2r4p/p3nQ2/1ppqp3/8/P2P2RP/5PP1/2R3K1 b - -,e6g7 c1c5 d5d6 f6d6 d8d6 c5c7 g7e6 c7e7 e6f8 e7e8,589
r2r2k1/pbqnbppp/1pn1pN2/2p1P3/2P5/PP3NP1/1BQ2PBP/R3R1K1 b - -,g7f6 e5f6 e7f6 b2f6 d7f6 c2c1 g8h8 b3b4 c6d4 f3e5,-349
r1b2rk1/pp3p2/2n3p1/3Q2Np/8/1N6/PqP3PP/R4RK1 b - -,c8f5 d5b5 b2f6 g5e4 f6e7 e4c5 a8b8 a1e1 e7c7 h2h3,-172
r3k2r/pbp1bppp/np2pn2/1N4B1/4P3/3B1N2/PPP2PPP/R2KR3 b kq -,a8d8 g5f6 e7f6 e4e5 f6e7 d1e2 c7c6 b5c3 a6b4 e1d1,-77
8/6p1/1P4Pk/4n2P/1N6/6K1/8/8 b - -,h6h5 b6b7 e5d7 b4d3 h5g5 g3f3 g5g6 f3e4 g6f6 e4d5,368
5rk1/1pq2rp1/pNbRpp2/2P3n1/3Qp1Pp/2P1P2P/P2R1PB1/6K1 b - -,f8e8 d6d8 c7d8 d4d8 e8d8 d2d8 f7f8 d8d4 g8f7 b6c4,-82
5rk1/4b1pp/1q2p3/5p2/2pP4/2N1P1P1/Q4P1P/R5K1 b - -,b6b3 c3e2 g8f7 a2a6 f8b8 h2h4 b3b2 e2f4 b8b6 a6a5,14
5Q2/7k/7B/4Pp2/6q1/6P1/P4P1P/5K2 b - -,g4c4 f1g1 c4c7 h6f4 c7g7 f8g7 h7g7 g1g2 g7f7 a2a4,1215
4R3/8/8/8/4K3/2kp4/8/8 b - -,d3d2 e8d8 c3c2 e4e3 d2d1q d8d1 c2d1 e3d3 d1c1 d3e4,Mate
8/3n4/2P5/4k3/3p4/3K4/8/8 b - -,d3d2 e8d8 c3c2 e4e3 d2d1q d8d1 c2d1 e3d3 d1c1 d3e4,Mate
r5kr/pbp3q1/1p5p/5pP1/4p1RP/1P2P3/PBP1NQ2/2KR4 b - -,g7h7 g4g1 h6h5 e2f4 b6b5 f2d2 h7e7 b2h8 e7d6 d2c3,1096
r1b2k1r/ppppnBpp/8/b3q3/2N5/1Qp5/P4PPP/R1B2RK1 b - -,e5f5 c4a5 f5f7 b3c3 e7d5 c3d3 d7d6 f1d1 d5f6 c1b2,-85
5rk1/pp1b2pp/2Bqp3/3p3n/3P4/5P2/PP2NP1P/R2Q1RK1 b - -,h7h6 c6d7 d6d7 f3f4 h5f4 e2f4 f8f4 f2f3 e6e5 d4e5,539
2R3k1/1p3p1p/6p1/pr6/8/1P2PP2/P4P1P/5K2 b - -,g8g7 c8a8 g6g5 f1g2 b7b6 g2g3 h7h5 a8c8 h5h4 g3g4,110
2b2rk1/5p2/p6Q/3pN3/3P4/4P2P/5PPK/q7 b - -,,0
5r2/p1b4p/2k1P1p1/2P5/p1PK2PP/3N4/5p2/5R2 b - -,c7g3 e6e7 f8e8 d3f2 g3h4 f2d3 a7a5 d3e5 c6c7 d4d5,-87
r3k2r/pb2bppp/npp1pn2/1N2P1B1/8/3B1N2/PPP2PPP/R2KR3 b kq -,f6g4 g5e7 g4f2 d1d2 c6b5 e7d6 f2d3 c2d3 b7f3 g2f3,-46
3k4/3b4/1p6/7P/5Q2/8/K7/b7 b - -,d7e8 a2a1 e8h5 f4g5 d8d7 g5d5 d7c7 d5h5 c7d6 h5f5,Mate
1r3rk1/5ppp/p3P3/q3n3/4QBP1/7P/5P2/2R2RK1 b - -,f7f6 f4e5 a5e5 e4c4 f8e8 e6e7 g8h8 f1e1 e5b5 c4e4,56
r4rk1/qppb1pb1/3p1np1/3Pp1Bp/p1P1P1PP/1PN2P2/1P1QB3/1K1R1N1R b - -,c7c5 d2c2 a4b3 c2b3 h5g4 g5f6 g7f6 f3g4 b7b5 c4b5,314
r1bqkbnr/ppp2ppp/4p3/3pP3/3P4/2Pn3P/PP2KPP1/RNBQ2NR b kq -,d3c1 d1c1 g8e7 g1f3 c7c5 d4c5 b7b6 c1f4 h7h6 c5b6,-524
7k/6rp/p3Q3/P7/1p6/8/1PP3P1/6K1 b - -,g7a7 e6d6 a7f7 d6a6 h8g7 a6d6 b4b3 d6g3 g7f8 g3b3,873
7k/2pq2p1/pp3r1p/5P2/3PR2r/5QN1/PP4P1/5RK1 b - -,g7g5 d4d5 f6f7 f3c3 h8g8 c3e5 d7b5 f5f6 g8f8 e5e7,537
rnb1kb1r/1p3ppp/pn1qp3/8/3N4/NBP5/PP3PPP/R1BQK2R b KQkq -,d6c7 e1h1 f8d6 d1h5 e8h8 f1e1 b8c6 d4c6 c7c6 c1e3,58
r4rk1/3b1pbp/1n1p2pB/qp1Pn3/2p1P3/1PN3NP/P1RQB1P1/5RK1 b - -,g7h6 d2h6 b5b4 c3b1 c4c3 g1h2 d7b5 a2a3 b5e2 g3e2,-71
8/p3kp2/P7/8/8/8/4KP2/8 b - -,,0
rnbqkbnr/ppp2ppp/8/3pp3/8/2NP4/PPP1PPPP/R1BQKBNR b KQkq -,d5d4 c3b1 c7c5 g2g3 f8d6 f1g2 g8e7 b1d2 b8c6 g1f3,-78
3r1rk1/1R3ppp/p3p3/2B5/7q/P1N2Q2/KPP2PP1/8 b - -,h4g5 c5f8 d8f8 b7d7 h7h5 d7d1 f7f5 d1h1 g7g6 h1d1,496
r1b2k1r/ppppnBpp/8/N4q2/8/1Qp5/P4PPP/R1B2RK1 b - -,f5f7 b3c3 e7d5 c3d3 d7d6 f1d1 d5b6 d3c3 h7h5 h2h4,-73
r5k1/6p1/1R3nBp/3pp3/8/5P1P/6P1/7K b - -,g8f8 b6e6 a8d8 e6e5 d5d4 e5e1 d4d3 e1d1 d3d2 g6c2,-3
Q7/3bkp2/1p1p3R/2pP2pB/4p3/4P3/2q2PP1/4K3 b - -,c2b1 h5d1 b1b4 e1f1 b4b1 f1g1 d7e8 a8b7 e7f8 b7b8,484
8/7p/2k3bB/8/PP1R4/6b1/3K4/6r1 b - -,g1g2 d2e3 g3f2 e3f3 f2d4 f3g2 g6c2 a4a5 d4c3 h6f8,-385
r2qkb1r/1p1b1ppp/p7/3N4/1n1Pp3/1Q2P3/PP2BPPP/R1B1K2R b KQkq -,d7e6 b3a4 b7b5 a4b4 f8b4 d5b4 d8g5 g2g3 a6a5 h2h4,-352
r1b1k2r/p2nqppp/2p1p3/3pP3/5P2/2N5/PPPQ2PP/R3KB1R b KQkq -,e7h4 g2g3 h4e7 h2h4 a8b8 e1a1 e7b4 b2b3 c6c5 h4h5,-38
8/1PK3k1/2R3p1/6p1/6P1/4r2P/8/8 b - -,e8h8 f1e2 e7h4 g2g3 h4e7 h2h4 a8b8 e1a1 e7b4 b2b3,Mate
5rk1/pb4pp/8/1p3p2/1PpPq3/P1P2Q1P/6P1/1N3RK1 b - -,e4f3 g2f3 f8e8 g1f2 f5f4 f1d1 b7d5 b1d2 e8e3 d1e1,-198
r3k2r/pb2bppp/np2pP2/1p4B1/8/3B1N2/PPP2PPP/R2KR3 b kq -,g7f6 d3b5 e8d8 g5h4 a6c7 b5d3 f6f5 h4g3 c7d5 f3e5,-35
r1bq1rk1/pp1p1ppp/2p2n2/2b1p1N1/2BnP3/2NP4/PPP2PPP/R1BQR1K1 b - -,h7h6 c4f7 f8f7 g5f7 g8f7 c1e3 f7g8 c3e2 d7d5 e2g3,-169
R7/1p3pkp/6p1/pr6/8/1P2PP2/P4P1P/5K2 b - -,f7f5 f1g2 g7h6 g2g3 h6h5 a8a7 h7h6 e3e4 b7b6 a7a6,107
8/1R4pp/4p1k1/5P2/4nP2/4PK1P/3r4/8 b - -,f7f5 f1g2 g7h6 g2g3 h6h5 a8a7 h7h6 e3e4 b7b6 a7a6,Mate
8/7k/7Q/4Pp2/8/6P1/P3KP1P/8 b - -,h7h6 a2a4 h6g6 a4a5 g6f7 e2f3 f7e6 a5a6 e6e5 a6a7,Mate
8/1P4p1/2n3Pk/7P/1N6/6K1/8/8 b - -,h7h6 a2a4 h6g6 a4a5 g6f7 e2f3 f7e6 a5a6 e6e5 a6a7,Mate
4R2Q/p4p2/2n4k/6q1/8/P1r2P2/6Pp/7K b - -,h6g6 e8g8 g6f5 g8g5 f5g5 h8c3 c6b8 c3g7 g5f4 g7f7,954
r1b2k1r/ppppnqpp/8/N7/8/2Q5/P4PPP/R1B2RK1 b - -,e7d5 c3d3 d7d6 f1d1 d5b6 d3c3 f8g8 d1d3 h7h5 d3f3,-67
8/8/8/3Q4/1P2p3/4k1K1/8/8 b - -,e7d5 c3d3 d7d6 f1d1 d5b6 d3c3 f8g8 d1d3 h7h5 d3f3,Mate
7k/r6p/p2Q4/P7/1p6/8/1PP3P1/6K1 b - -,a7g7 d6a6 h7h5 a6h6 h8g8 a5a6 g7e7 h6h5 g8g7 h5g5,879
8/6pp/p4p2/3k4/5N2/1P3bP1/P1P4P/4K3 b - -,d5e4 f4e6 g7g5 e6c5 e4d4 c5a6 d4c3 e1f2 f3h1 a6c5,246
6k1/2n5/p3p1PP/3p1r2/3P4/2R4N/5P2/6K1 b - -,c7e8 c3c8 f5f8 h3g5 e6e5 d4e5 d5d4 e5e6 e8f6 h6h7,Mate
rnbqk1nr/pp3ppp/2p5/4p3/3pP3/P4P2/PBPP2PP/R2QKBNR b KQkq -,g8e7 c2c3 c6c5 c3d4 c5d4 f1c4 e8h8 g1e2 b8c6 d2d3,-98
1K6/1P2r1k1/2R3p1/6p1/6P1/7P/8/8 b - -,c8e6 c2c3 c6c5 c3d4 c5d4 f3f4 b8c6 g1f3 e5f4 f1b5,Mate
8/2P5/1n6/4k3/3p4/3K4/8/8 b - -,c8e6 c2c3 c6c5 c3d4 c5d4 f3f4 b8c6 g1f3 e5f4 f1b5,Mate
r4r2/3b1pkp/1n1p2p1/q2Pn1Q1/1pp1P3/1PN3NP/P1R1B1P1/5RK1 b - -,g7g8 c3d1 a5c5 g1h2 c4c3 a2a3 b4a3 d1c3 f7f6 g5h6,-45
8/8/7k/4Pp2/P7/6P1/4KP1P/8 b - -,a5c5 g1h2 g7g8 c3d1 c4c3 a2a3 b4a3 d1c3 f7f6 g5d2,Mate
3r4/p1b4p/2k1P1p1/2P5/p1P3PP/3NK3/5p2/5R2 b - -,c7g3 f1a1 d8f8 e6e7 f8e8 d3f2 g3h4 a1a4 h4e7 f2e4,-46
2b1rrk1/1pp1qpp1/2nb1n1p/p3p3/4P3/PN1P1NP1/1PQB1PBP/2R2RK1 b - -,f6h7 b3a5 c6a5 d2a5 b7b6 a5c3 h7g5 f3g5 h6g5 d3d4,82
8/R6R/5p2/5kr1/8/2P4P/P1r5/5K2 b - -,,0
r2q1rk1/1p1b1pbp/2np2p1/p1p1pP1n/P3P3/1BNP1N1Q/1PP3PP/R1B2RK1 b - -,c5c4 b3c4 h5f4 h3g3 g6f5 c1f4 e5f4 g3f4 f5e4 c3e4,182
3k4/3b4/1p6/6QP/8/2b5/K7/8 b - -,c5c4 b3c4 h5f4 h3g3 g6f5 c1f4 e5f4 g3f4 f5e4 c3e4,Mate
r1bq1rk1/pp1p1pp1/2p2n1p/2b1p3/2BnP3/2NP1N2/PPP2PPP/R1BQR1K1 b - -,d7d5 e4d5 c6d5 f3d4 e5d4 c3d5 f6d5 e1e5 c8e6 d1f3,-170
2R5/8/8/8/4K3/2k5/3p4/8 b - -,c3b2 c8d8 b2c2 e4e3 d2d1r d8d1 c2d1 e3d3 d1c1 d3e4,Mate
7k/6rp/Q7/P7/1p6/8/1PP3P1/6K1 b - -,h7h5 a6h6 h8g8 a5a6 g7e7 h6h5 e7e1 g1f2 e1a1 h5e8,882
3rk2r/2Q2R2/p2p3p/Pp1Pq1p1/1P2P1b1/2PP4/3Nn1PP/R6K b - -,d8c8 c7a7 c8a8 f7e7 e8f8 a1f1 e2f4 a7a8 f8e7 a8a7,140
rnbqkbnr/ppp2ppp/8/4p3/3p4/2NPB3/PPP1PPPP/R2QKBNR b KQkq -,d4e3 f2e3 g8f6 g1f3 g7g6 f3e5 b8d7 e5d7 c8d7 g2g3,-485
5k2/7p/4Pp2/2pB2p1/8/8/8/6K1 b - -,,0
rnbq1rk1/p5pp/1b2pn2/5p2/2B5/1N2PN2/P4PPP/R1BQ1RK1 b - -,f8e8 b3d4 g8h8 d4b5 f6e4 f3e5 d8f6 c1b2 b8c6 d1h5,157
6k1/p2rqpp1/1p4p1/2pn4/6P1/4PN1P/PP3P2/3RQ1K1 b - -,d5b4 d1d7 e7d7 a2a3 b4d3 e1c3 d7d5 b2b3 g8h8 c3c4,-28
8/6Np/p4p2/1k6/4b3/1PP3P1/P6P/4K3 b - -,b5c5 e1d2 c5d5 g7h5 e4b1 a2a4 d5e5 h5f4 b1f5 a4a5,453
1K6/1P6/2R3pk/6p1/6P1/4r2P/8/8 b - -,b5c5 e1d2 c5d5 g7h5 e4b1 a2a4 d5e5 h5f4 b1f5 a4a5,Mate
6RQ/p4p2/2n3k1/6q1/8/P1r2P2/6Pp/7K b - -,g6f5 g8g5 f5g5 h8c3 c6d8 c3d2 g5f5 d2d8 f7f6 h1h2,964
3R1rk1/1p2qrp1/pNb1pp2/2P3n1/3Qp1Pp/2P1P2P/P2R1PB1/6K1 b - -,f8d8 d4d8 e7d8 d2d8 f7f8 d8d4 f6f5 b6c4 g7g6 c4a5,-95
7k/6r1/7Q/P6p/1p6/8/1PP3P1/6K1 b - -,h8g8 a5a6 g7e7 h6h5 e7e1 g1f2 e1a1 h5e8 g8h7 e8e7,907
rnbq1rk1/ppp1b1pp/8/4Np2/3PpB2/2N5/PPP2PPP/R2Q1RK1 b - -,c7c6 h2h3 b8d7 f2f3 d7f6 f3e4 f5e4 d1d2 c8e6 a1d1,17
2r1k2r/3Q1R2/p2p3p/Pp1Pq1p1/1P2P1b1/2PP4/3Nn1PP/R6K b - -,g4d7 f7f1 e5c3 a1d1 c3e5 f1f2 e2f4 d2f3 e5g7 e4e5,-825
8/2b4p/2k5/p1P4P/R1PK4/3N4/4r3/8 b - -,,0
K7/1P2r3/2R3pk/6p1/6P1/7P/8/8 b - -,e2g2 a4a1 g2h2 a1e1 h2h4 d4c3 h4h5 e1e8 h5h3 c3d4,Mate
2r1r1k1/1p3ppp/p2Bp3/n2pP3/5P2/1P1K4/1P4PP/3B3R b - -,c8c1 f4f5 e6f5 g2g3 a5b3 d1f3 b3c5 d3d4 c5e6 d4d3,-480
r1bq1rk1/pp3pp1/2p2n1p/2bPp3/2Bn4/2NP1N2/PPP2PPP/R1BQR1K1 b - -,c6d5 e1e5 d4f3 d1f3 f8e8 e5e8 d8e8 c1e3 d5d4 e3h6,-188
8/5R2/8/8/k3Q3/8/2K5/8 b - -,c6d5 e1e5 d4f3 d1f3 f8e8 e5e8 d8e8 c1e3 d5d4 e3h6,Mate
1Q6/6p1/6Pk/7P/1n6/6K1/8/8 b - -,c6d5 e1e5 d4f3 d1f3 f8e8 e5e8 d8e8 c1e3 d5d4 e3h6,Mate
3r3k/6np/p4Q2/1pRqp3/8/P2P3P/5PP1/6K1 b - -,d5a8 c5c7 d8g8 f6e5 a8e8 e5c3 h7h5 a3a4 b5a4 c7c6,-9
r3k2r/pb2bp1p/1pn1pp1B/1B6/3N4/8/PPP2PPP/R2KR3 b kq -,a8d8 c2c3 e6e5 a2a4 e5d4 a4a5 d4c3 d1c2 d8d7 b2c3,-327
rnbqkbnr/ppp2ppp/8/4p3/8/2NPP3/PPP1P1PP/R2QKBNR b KQkq -,g8f6 g1f3 b8d7 g2g3 f8b4 e3e4 b4c3 b2c3 e8h8 f1h3,-470
8/4k2p/4Pp2/2pB2p1/8/8/5K2/8 b - -,,0
rnbqr2k/8/p3p1Q1/1pp1P3/P1pP2P1/B1n1R3/P4P1P/5RK1 b - -,d8h4 g6e8 h8g7 e8c8 c3e2 g1h1 a8a7 c8e6 e2d4 e6f6,Mate
rnb1kb1r/1p3ppp/pn2p3/8/8/NBP5/PP2NPPP/R1B1K2R b KQkq -,b8c6 c1e3 b6d7 e1h1 f8c5 e2d4 c5a3 b2a3 c6a5 c3c4,12
R7/1p4kp/6p1/pr3p2/5P2/1P2P3/P4P1P/5K2 b - -,g7f6 f1e2 b7b6 a8a7 h7h6 h2h4 b5c5 e2d2 c5d5 d2e1,153
KQ6/2r5/2R3pk/6p1/6P1/7P/8/8 b - -,g7f6 f1e2 b7b6 a8a7 h7h6 h2h4 b5c5 e2d2 c5d5 d2e1,Mate
2b1rrk1/1pp1qpp1/2n2n1p/2Q1p3/p3P3/P2P1NP1/1P1B1PBP/2R2RK1 b - -,c8d7 d2e3 e7e6 c5c2 e8a8 h2h3 f8e8 f1d1 e6e7 d1e1,60
4k2r/3b1pbp/p1nQp3/q5B1/2B2P2/2p2N2/PrP3PP/K2R3R b - -,b2b8 d6d7 e8f8 d7c6 f8g8 d1b1 b8f8 b1b3 h7h6 g5h4,752
2r4r/p2kbpp1/4p2B/8/7P/8/PPP2PP1/2KR3R b - -,e7d6 h6g7 h8h5 g7d4 d7e7 d4e3 d6c5 e3c5 h5c5 d1d2,471
4Qk2/p4pp1/6p1/8/1R6/4n1P1/Pq3r1P/5RK1 b - -,e7d6 h6g7 h8h5 g7d4 d7e7 d4e3 d6c5 e3c5 h5c5 d1d2,Mate
3R4/8/8/8/4K3/8/1k1p4/8 b - -,b2c2 e4e3 d2d1q d8d1 c2d1 e3d3 d1e1 d3c4 e1f1 c4b5,Mate
6k1/2B3p1/p1p1q2p/5R2/P2p4/3P4/1PP1r1PP/5Q1K b - -,c6c5 c7g3 e2c2 h2h4 c2e2 f5f8 g8h7 b2b3 e2e3 h1h2,456
3r3k/2r3pp/p3n3/1pRqp3/4N2Q/P2P2RP/5PP1/6K1 b - -,e6c5 e4f6 g7g5 h4g5 d5e6 d3d4 e5d4 g5h4 d8f8 f6h7,-419
r5k1/1p2B1p1/4pn1p/p2p4/q2pP3/5P2/PPP1Q1PP/5RK1 b - -,a8e8 e7f6 g7f6 f3f4 g8h7 e2h5 e8g8 e4d5 a4c2 g2g3,63
6k1/4q1p1/2p4p/8/P1PQpP2/1P6/2P3PP/6K1 b - -,g7g6 g1f1 e4e3 f1e2 e7h4 d4e3 h4h2 e3f3 g6g5 f4g5,782
r1bqkb1r/pp2pppp/2np4/2p5/P1B1N3/7P/1PPP1PP1/R1BQK1NR b KQkq -,d6d5 c4d3 c5c4 d3e2 d5e4 e2c4 c8f5 g1e2 e7e6 e1h1,-54
5rk1/pb2q1pp/8/1p3p2/1PpP4/P1P4P/5QP1/1N3RK1 b - -,e7g5 b1d2 f8e8 d2f3 g5e3 f1e1 e3f2 g1f2 e8e1 f3e1,-24
8/6p1/6P1/7k/1Q6/6K1/8/8 b - -,f8e8 f2f5 b7e4 f5e5 e7e5 d4e5 e4b1 f1b1 e8e5 a3a4,Mate
3r1r1k/pppq1p1p/1b1p2pB/n3pN2/4P1Q1/2PP4/PP3PPP/R4RK1 b - -,d7e6 h6g7 h8g8 g4h3 f8e8 h3h4 g6g5 h4g5 e6g6 g5h4,322
5rk1/4b1pp/4p3/q4p2/2pP4/2N1P1P1/1Q3P1P/1R4K1 b - -,g8f7 h2h4 g7g6 b2c2 f8c8 b1b7 c8c7 b7b8 a5a1 g1h2,44
8/4N3/8/6k1/3K4/3B4/8/8 b - -,g5f6 e7d5 f6g7 d4e5 g7f7 d5f4 f7g8 e5f6 g8h8 f4h5,188
r3r1k1/6p1/pp2qp1p/2p1N3/4Q2P/PP3P2/6P1/4R1K1 b - -,f6e5 a3a4 a8d8 f3f4 e6g4 f4e5 g4e4 e1e4 g8h8 e5e6,-576
6k1/p2b2b1/1pq1p3/3pP1PQ/3BnP2/2P2R2/PP6/7K b - -,c6a4 h5h3 a4a2 h3g2 d7e8 g2h3 a2a1 h1g2 a1b2 g2g1,-98
r1bq1rk1/pp2ppb1/6p1/3p3n/3n2P1/2N2P2/PPPQ3B/R3KBNR b KQ -,e7e5 e1a1 h5f4 h2f4 e5f4 d2f4 d4e6 f4h2 d8g5 c1b1,59
1R2k3/p4pp1/6p1/8/8/4n1P1/Pq3r1P/5RK1 b - -,e7e5 e1a1 h5f4 h2f4 e5f4 d2f4 d4e6 f4h2 d8g5 c1b1,Mate
r5k1/1p4p1/4pB1p/p2p4/3pP3/5P2/qPP1Q1PP/5RK1 b - -,g7f6 b2b3 g8g7 e4d5 a8c8 e2e6 c8c2 e6g4 g7f8 d5d6,93
1r6/nP3kpp/PR2b3/3p1p2/4p3/3nP1P1/3R1P1P/6K1 b - -,d3e5 d2d1 f7e7 h2h3 e7d7 g3g4 e5c4 b6b1 d7d6 g4f5,-407
6r1/pp2k2p/8/3r4/3N4/P1B1P1P1/1P5P/3K1R2 b - -,a7a5 d1e2 g8f8 f1f8 e7f8 e3e4 d5h5 h2h4 h5e5 e2e3,596
r7/pp1nbk1p/2p2pp1/P3p3/4P3/3NBP2/1PP1K1PP/R7 b - -,d7f8 g2g4 g6g5 a1h1 f8g6 h1d1 f7e8 b2b3 a7a6 e3b6,45
8/8/Pk3p2/P1N4p/3K4/2P3P1/7P/3b4 b - -,b6a7 d4e3 d1g4 e3f4 g4c8 c5e4 a7a6 e4f6 a6a5 f6h5,862
8/5k2/5p2/8/4p2r/1R3P2/8/5K2 b - -,,0
8/6p1/6k1/8/6Q1/6K1/8/8 b - -,h4f4 f1e2 f4f3 b3f3 e4f3 e2f3 f6f5 f3e3 f7g6 e3f4,Mate
r1bq1rk1/pp3pp1/5n1p/2bpp3/2BN4/2NP4/PPP2PPP/R1BQR1K1 b - -,e5d4 c3d5 f6d5 e1e5 c8e6 d1f3 f8e8 c1h6 g7h6 c4d5,-229
r7/5p2/2pp1k2/p5p1/Pn4P1/1P3P2/1P1KB3/4R3 b - -,a8h8 e1f1 f6e5 f1c1 h8h2 c1c3 e5e6 c3e3 e6d7 e3e4,-272
r1bqk2r/ppp3pp/2n5/2bB4/3p4/5Q2/PPP2PPP/RNB2RK1 b - -,c6e7 d5f7 e8d7 b1d2 c5d6 f1e1 d8f8 d2c4 h7h6 c1d2,471
r1b2rk1/ppp1qppp/2nb4/3p4/3P4/2PB2NP/PP1B1KP1/RN1Q1R2 b - -,c8d7 d1h5 f7f5 g3e2 g7g6 h5g5 f5f4 g5e7 c6e7 c3c4,285
1r3nk1/2Q3pp/pq2p3/8/6P1/7P/5P2/2RR2K1 b - -,b6b2 c7c3 b2a2 c3e5 b8b7 d1d8 b7f7 e5e1 a2b3 e1e3,276
r1bqkb1r/ppp2pp1/2np1n1p/4p3/2B1P1P1/2P2Q1P/PP1P1P2/RNB1K1NR b KQkq -,a7a6 c4b3 d6d5 d2d3 c8e6 b1d2 f8e7 f3e2 d8d6 e4d5,-90
r1b1kb1r/1p1n1ppp/pn2p3/8/8/NBP5/PP2NPPP/R1B2RK1 b kq -,f8c5 e2f4 e8h8 f4d3 c5e7 a3c2 a6a5 a2a4 d7c5 d3c5,17
r1b1k1nr/1pp2ppp/pbqp4/4P3/4P3/1QP2N2/P4PPP/RNB2RK1 b kq -,c8e6 b3c2 e8a8 b1d2 d6d5 e4d5 d8d5 c3c4 g8e7 c1a3,-108
3k4/p2r2p1/1p2p2p/nP3p2/3P1P2/3BPK2/2R3PP/8 b - -,a5b7 g2g4 b7d6 g4f5 d6f5 d3f5 e6f5 h2h4 d8e7 f3e2,75
r1bqkbnr/ppp2ppp/4p3/3pP3/3P4/2P2K1P/PP3PP1/RNnQ2NR b kq -,d8g5 d1c2 f7f6 h3h4 g5f5 c2f5 e6f5 f3e3 f5f4 e3d2,-614
6k1/8/P7/7Q/8/1pP5/1P3KP1/4r3 b - -,d8g5 d1c2 f7f6 h3h4 g5f5 c2f5 e6f5 f3e3 f5f4 e3d2,Mate
8/6pk/8/8/5KQ1/8/8/8 b - -,d8g5 d1c2 f7f6 h3h4 g5f5 c2f5 e6f5 f3e3 f5f4 e3d2,Mate
6k1/6p1/2p4p/P4p2/2PpqP2/1P6/2PQ2PP/6K1 b - -,g8f7 h2h3 c6c5 g1h2 e4b7 c2c3 b7b3 c3d4 b3c4 d4c5,708
8/pR2kpp1/6p1/8/8/4n1P1/Pq3r1P/5RK1 b - -,g8f7 h2h3 c6c5 g1h2 e4b7 c2c3 b7b3 c3d4 b3c4 d4c5,Mate
r1bq1rk1/pp2ppb1/6p1/3p3n/6P1/2N2N2/PPPQ3B/R3KB1R b KQ -,h5f6 h2e5 c8g4 f1e2 d8a5 e1a1 f8c8 d1g1 c8c3 d2c3,188
8/7p/2k3bB/1P6/P2R4/6b1/3K4/r7 b - -,c6c5 d4d7 a1a4 d2e3 a4a3 e3e2 c5b5 h6f8 a3b3 f8h6,-384
3r3k/2r3pp/p4N2/1pnqp3/7Q/P2P2RP/5PP1/6K1 b - -,g7g5 h4g5 d5e6 d3d4 e5d4 g5h4 d8f8 f6h7 c7h7 h4d4,-421
rnbqkb1r/ppp2ppp/5n2/4p3/P7/2NPP3/1PP1P1PP/R2QKBNR b KQkq -,f6g4 g1f3 f8c5 c3e4 c5e3 h2h3 g4f6 g2g4 b8c6 c2c3,-552
r2qkb1r/pp1b1ppp/2n2n2/1B1N4/Q2PpN2/4P3/PP3PPP/R1B1K2R b KQkq -,f6d5 f4d5 a7a6 c1d2 a8c8 b5e2 c6b4 a4b3 b4c2 e1d1,-217
r2q3r/pppnkRp1/3p2Bp/8/2P5/4P2P/Pp4PB/R2Q2K1 b - -,a7a6 d5f6 g7f6 b5c6 d7c6 a4b3 a8c8 e1h1 f8d6 c1d2,Mate
1kr4r/1pp1RR2/p2p2p1/5p1p/8/P2P1P2/1PP3PP/1K6 b - -,b7b5 b1c1 h8e8 c1d2 b8b7 h2h4 e8e7 f7e7 c8g8 d2e3,153
2r1k2r/p3bpB1/4p3/8/7P/8/PPP2PP1/2KR3R b - -,h8f8 g7f8 e8f8 c2c3 c8d8 d1d8 e7d8 c1c2 e6e5 h4h5,614
R7/1p5p/6pk/pr3p2/5P2/1P2P3/P3KP1P/8 b - -,h6h5 f2f3 h5h4 e3e4 b5c5 e2d3 f5e4 f3e4 h4g4 d3d4,167
3r1rk1/1R3ppp/p3p3/2B5/8/P1N2Q2/KPP2PP1/4q3 b - -,e1c1 c5f8 d8f8 f3e2 c1g5 f2f3 f8c8 b7b3 a6a5 a3a4,497
8/7k/6p1/6Q1/5K2/8/8/8 b - -,e1c1 c5f8 d8f8 f3e2 c1g5 f2f3 f8c8 b7b3 a6a5 a3a4,Mate
rnbqk2r/pp1p1ppp/4p1n1/8/1b1NP3/2NB4/PPPB1PPP/R2QK2R b KQkq -,g6e5 d3e2 e8h8 d4b3 a7a6 f2f4 e5c6 e1h1 b4e7 f1f3,63
8/R7/8/1k6/8/3Q4/2K5/8 b - -,g6e5 d3e2 e8h8 d4b3 a7a6 f2f4 e5c6 e1h1 b4e7 f1f3,Mate
r2q1rk1/pp2ppb1/6p1/3p3n/6b1/2N2N2/PPPQB2B/R3K2R b KQ -,d8a5 c3d5 a5d2 f3d2 g4e2 e1e2 f8d8 c2c4 e7e6 d5e3,130
6k1/8/P7/3Q4/8/1pP5/1P3KP1/r7 b - -,d8a5 c3d5 a5d2 f3d2 g4e2 e1e2 f8d8 c2c4 e7e6 d5e3,Mate
r1b1kb1r/1pq1pppp/p1np1n2/2pP4/P1B1P3/2N2N2/1PP2PPP/R1BQK2R b KQkq -,c6a7 h2h3 g7g6 c1f4 f8g7 e4e5 f6h5 f4h2 d6e5 e1h1,146
8/8/6N1/4K3/2B3k1/8/8/8 b - -,g4f3 e5d4 f3g4 c4d3 g4f3 g6f8 f3f2 f8e6 f2f3 d3b5,180
r1bq1rk1/pp3pp1/5n1p/2bN4/2Bp4/3P4/PPP2PPP/R1BQR1K1 b - -,f6d5 e1e5 c8e6 d1f3 f8e8 c1h6 g7h6 c4d5 e6d5 e5d5,-225
7r/pp2b3/2p2k2/3p1p1P/3PpP2/4P1NK/PP6/7R b - -,c6c5 h3g2 c5d4 e3d4 e7d6 g3e2 f6e6 g2g3 h8h7 g3f2,-42
8/6k1/6p1/4K1Q1/8/8/8/8 b - -,e7f8 h1c1 f8b4 c1d1 b4e7 d1c1 a7a5 h3g2 a5a4 g2f2,Mate
r2k2nr/ppp3pp/4p3/4P3/1P1N4/8/1P1B1PPP/n2K2NR b - -,d8d7 d1e2 a7a5 b4a5 c7c5 g1f3 c5d4 h1a1 g8e7 f3d4,14
8/4r3/2KR1b1P/5Bk1/6P1/8/8/8 b - -,e7a7 h6h7 a7f7 c6b6 f7f8 b6b7 f8e8 b7c6 e8h8 c6d7,278
q2r2rk/1bb2pp1/pP3n1p/8/1P6/P3R2P/1Q1NNPn1/BR3BK1 b - -,c7b6 f1g2 b7g2 e2f4 b6e3 f2e3 g2e4 b1c1 a8a7 d2c4,-344
5k2/8/P7/2Q5/8/1pP5/1P3KP1/r7 b - -,c7f4 e2f4 g2f4 b2c2 f6d5 e3g3 f7f6 d2e4 b7c8 b1e1,Mate
r2qk2r/1b1pbppp/p1n1p3/1p4P1/2n1P2P/1NN5/PPP1QPB1/R1B1K2R b KQkq -,a8c8 a2a4 d8b6 a4b5 a6b5 b3d2 c6d4 d2c4 c8c4 c1e3,-113
2r2rk1/5pp1/p7/1p1N3Q/3P1P2/1Pq3P1/PR1n3P/K5R1 b - -,h7h6 g5h6 g7h6 a2a4 d8b6 a4b5 a6b5 a1a8 b7a8 h1h3,Mate
8/2R5/7R/2k5/8/8/8/3K4 b - -,h7h6 g5h6 g7h6 a2a4 d8b6 a4b5 a6b5 a1a8 b7a8 h1h3,Mate
K4Q2/6r1/2R3pk/6p1/6P1/7P/8/8 b - -,h7h6 g5h6 g7h6 a2a4 d8b6 a4b5 a6b5 a1a8 b7a8 h1h3,Mate
8/2kb4/1p6/7P/8/2b3Q1/K7/8 b - -,h7h6 g5h6 g7h6 a2a4 d8b6 a4b5 a6b5 a1a8 b7a8 h1h3,Mate
5rk1/2R3b1/3p1p1p/rp1Pp1p1/3pP1B1/P2P2P1/7P/R5K1 b - -,f8a8 g1g2 a5a3 a1a3 a8a3 c7d7 g7f8 g2h3 h6h5 g4h5,32
2r1r1k1/1p3pb1/p1n1b1pp/3pN3/1Q1P1B2/5B1P/PP3PP1/3RR1K1 b - -,,0
8/4Q1k1/P7/8/8/1pP5/1P3KP1/r7 b - -,c6b4 a2a3 b4c2 e1e2 b7b5 e2d2 g6g5 f4g3 b5b4 a3b4,Mate
r1b2rk1/ppp2ppp/2nb4/3p4/3P3q/2PB1QNP/PP1B1KP1/RN3R2 b - -,f7f6 f3d5 g8h8 d5f3 c8d7 f2g1 d6g3 b1a3 a8e8 a3c2,51
r1b1k2r/1p3ppp/pn2p3/2n5/8/P1P5/P1B1NPPP/R1B2RK1 b kq -,b6c4 c2b3 b7b5 a1b1 c8d7 a3a4 e8h8 a4b5 d7b5 f1e1,-59
2r1rbk1/1b3pp1/pp2pn1p/3qN3/3P1B2/P2R3Q/1P3PPP/1B2R1K1 b - -,f6h5 f4d2 g7g6 d3f3 d5d4 f3d3 d4b2 e5f7 b7e4 f7h6,110
rn1q1rk1/ppp1b2p/8/4Nbp1/3Ppp2/2N5/PPP2PPP/R1BQR1K1 b - -,b8c6 e5c6 b7c6 c3e4 d8d5 c2c4 d5c4 e4d2 c4f7 d2f3,46
4r1k1/3R2pp/p3p3/8/6P1/7P/5P2/6K1 b - -,e8a8 d7d4 a6a5 d4a4 g8f7 g1f1 e6e5 f1e2 f7e6 h3h4,-111
2bqrrk1/1pp2ppn/2n4p/1Q2p3/p3P3/P2PBNP1/1P3PBP/2R2RK1 b - -,e8e6 b5a4 h7g5 f3e1 e6f6 f2f4 e5f4 g3f4 g5e6 c1c6,133
R7/7p/1p4pk/pr3p2/5P2/1P2PP2/P3K2P/8 b - -,g6g5 f4g5 h6g5 f3f4 g5g4 a8g8 g4h5 e2f3 b5c5 g8f8,185
r1bq1rk1/pp3pp1/7p/2bB4/3p4/3P4/PPP2PPP/R1BQR1K1 b - -,d8d5 c2c4 d4c3 b2c3 f8d8 a2a4 c8f5 d3d4 c5f8 h2h3,-442
8/P3Q3/6k1/8/8/1pP5/1P3KP1/r7 b - -,d8d5 c2c4 d4c3 b2c3 f8d8 a2a4 c8f5 d3d4 c5f8 h2h3,Mate
8/7p/1k4bB/1P6/P2R4/6b1/4K3/r7 b - -,g6h5 e2d3 a1d1 d3e4 d1d4 e4d4 h5d1 h6e3 d1a4 d4c4,-375
r4B2/1p3Qpk/2q1p2p/p3P3/3p4/8/PPn2RPP/6K1 b - -,a8f8 f7f8 c2e3 h2h3 d4d3 f8a3 c6e4 f2d2 e3c4 a3d3,-37
2r3k1/R5pp/p3p3/8/6P1/7P/5P2/6K1 b - -,,0
8/p4p2/P2k4/8/8/3K4/5P2/8 b - -,,0
r1b1kb1r/pp1n1ppp/1q2pn2/2pp2B1/3P4/2N1PN2/PPP1BPPP/R2Q1RK1 b kq -,c5d4 d1d4 f8c5 d4d3 c5e7 a2a4 e8h8 a4a5 b6d8 f1d1,28
rnbqk2r/pp1p1ppp/4p1n1/8/1b1NP3/2NB4/PPP2PPP/R1BQ1RK1 b kq -,b4c5 d4b3 c5e7 c1e3 d7d6 f2f4 e8h8 d1e2 b7b6 b3d4,82
1kr1R3/1pp2R2/p2p2p1/5p1p/8/P2P1P2/1PP3PP/1K6 b - -,a6a5 e8e7 a5a4 f7g7 d6d5 b1a1 h5h4 g7g6 b7b6 g6g7,625
6k1/p2r1pp1/1p4p1/2pn4/4q1P1/4P2P/PP1N1P2/3RQ1K1 b - -,e4c2 d2f3 c2b2 e3e4 d5f6 e4e5 d7d1 e1d1 f6h7 d1d5,-147
8/4R3/3R4/4k3/8/8/8/3K4 b - -,e4c2 d2f3 c2b2 e3e4 d5f6 e4e5 d7d1 e1d1 f6h7 d1d5,Mate
5Q2/P7/7k/8/8/1pP5/1P3KP1/r7 b - -,e4c2 d2f3 c2b2 e3e4 d5f6 e4e5 d7d1 e1d1 f6h7 d1d5,Mate
8/2r2pk1/p1r1pn2/1n4p1/NR6/4NPP1/P3PK2/R7 b - -,f6d5 e3d5 e6d5 a1d1 d5d4 a4b2 c6h6 a2a4 b5c3 d1d4,-26
rnbqk2r/ppp2ppp/3bpn2/3p4/1P6/P3P3/1BPPBPPP/RN1QK1NR b KQkq -,c7c6 c2c4 d5c4 e2c4 b7b5 c4e2 e8h8 g1f3 b8d7 e1h1,-26
rnbq1rk1/pp3ppp/8/2bPp3/6n1/2N2PP1/PP2P2P/RNBQKB1R b KQ -,c5f2 e1d2 g4e3 d1b3 b8c6 c3d1 c6a5 b3e3 a5c4 d2c2,-548
r2q1rk1/1p1b1ppp/p4n2/3p2B1/2pPP3/P1P2N2/5PPP/R2Q1RK1 b - -,,0
r5nr/pppk2pp/4p3/4P3/1P1N4/5N2/1P1B1PPP/n2K3R b - -,a7a5 b4a5 c7c5 d1e2 c5d4 h1a1 g8e7 f3d4 h8c8 f2f4,11
3rr1k1/5Qb1/5q2/3p2NR/3P4/8/8/1K6 b - -,a7a5 b4a5 c7c5 d1e2 c5d4 h1a1 g8e7 f3d4 h8c8 f2f4,Mate
8/R6p/1p4p1/pr3p1k/5P2/1P2PP2/P3K2P/8 b - -,g6g5 f4g5 h5g5 a7h7 a5a4 b3a4 b5b2 e2d3 b2a2 h7a7,274
8/2R5/R7/4k3/8/8/8/3K4 b - -,g6g5 f4g5 h5g5 a7h7 a5a4 b3a4 b5b2 e2d3 b2a2 h7a7,Mate
q2r2rk/1b3pp1/pb3n1p/8/1P6/P5RP/1Q1NNPn1/BR3BK1 b - -,b6f2 g1f2 d8d2 f1g2 d2b2 a1b2 b7g2 g3g2 f6e4 f2g1,-448
3r2rk/pppq1p1p/1b1p2pB/n3pNQ1/4P3/2PP4/PP3PPP/R4RK1 b - -,b6f2 f1f2 d7e6 f5g7 g8g7 g5d8 g7g8 d8f6 e6f6 f2f6,Mate
r3r1k1/6p1/pp3p1p/2p1q3/2Q4P/PP3P2/6P1/4R1K1 b - -,e5e6 e1e6 g8f8 e6b6 a8a7 c4c5 f8g8 b6b8 e8b8 c5a7,596
6k1/R5pp/p3p3/8/6P1/7P/5PK1/2r5 b - -,,0
r3k2r/pp3p1p/2n5/3pp1q1/8/P1N1P3/1PQ2PPP/2KR3R b kq -,e8h8 c3d5 a8d8 g2g3 g5g6 d5c3 g6h5 h2h4 h5f3 c2e2,183
Q4Q2/8/6k1/8/8/1pP5/1P3KP1/r7 b - -,e8h8 c3d5 a8d8 g2g3 g5g6 d5c3 g6h5 h2h4 h5f3 c2e2,Mate
2r2rk1/5pp1/p7/1p1N3Q/3P1P2/1P4P1/P2n3P/KRq3R1 b - -,e8h8 c3d5 a8d8 g2g3 g5g6 d5c3 g6h5 h2h4 h5f3 c2e2,Mate
8/2P5/1n6/3k4/3p4/8/3K4/8 b - -,e8h8 c3d5 a8d8 g2g3 g5g6 d5c3 g6h5 h2h4 h5f3 c2e2,Mate
rnbqkb1r/pp3pp1/2p1pn1p/8/2pPP3/2N2N2/PP3PPP/R1BQKB1R b KQkq -,b7b5 f1e2 c8b7 e1h1 f8e7 a2a4 a7a6 c1f4 e8h8 d1c1,-85
rnbqk2r/ppppbppp/5n2/4p3/1P6/P5P1/2PPPPBP/RNBQK1NR b KQkq -,d7d5 c1b2 e5e4 g1h3 a7a5 b4b5 c8f5 h3f4 d8d7 b2f6,-38
r3r2k/6p1/pp3p1p/2p1R3/2Q4P/PP3P2/6P1/6K1 b - -,e8e5 a3a4 e5e3 c4d5 a8e8 g1f2 a6a5 f2g3 e8e6 g3h3,-56
6k1/R5pp/p1r1p3/8/6P1/5P1P/6K1/8 b - -,,0
K6Q/6r1/2R3pk/6p1/6P1/7P/8/8 b - -,h7h6 h3h4 h6h5 g4h5 g8h7 a7a8 e6e5 g2g3 c6e6 g3h3,Mate
2r1k1r1/p3bp2/4p3/8/3B3P/8/PPP2PP1/2KR3R b - -,a7a5 g2g3 a5a4 a2a3 f7f6 d4e3 f6f5 d1d4 e7c5 d4d3,493
rnb2b1r/pppBkN2/5np1/3pQ3/4p3/8/PPPP1PPP/RNB1K2R b KQ -,e7d7 e5f6 b8c6 f7h8 f8d6 h8f7 d6c5 b1c3 c5d4 f6g6,1136
8/2R5/4R3/8/4k3/8/8/3K4 b - -,e7d7 e5f6 b8c6 f7h8 f8d6 h8f7 d6c5 b1c3 c5d4 f6g6,Mate
3kr3/pp3R1p/8/3r4/3N4/P1B1P1P1/1P2K2P/8 b - -,d8c8 f7h7 d5e5 d4c2 e5f5 h7h4 e8f8 c2d4 f5f2 e2d3,613
3r4/R4p1k/2p2P1p/1p2p2Q/1P2q3/2P5/6PP/5RK1 b - -,e4e3 g1h1 e3a7 h5f5 h7h8 f5e5 a7f2 f1g1 f2d2 h2h3,Mate
1kr1r3/1pp1RR2/p2p2p1/5p1p/8/P2P1P2/1PP3PP/2K5 b - -,f5f4 e7e4 g6g5 f7g7 e8g8 e4e7 g5g4 f3g4 h5g4 e7c7,171
8/8/5KN1/8/2B5/5k2/8/8 b - -,f3e4 c4a6 e4d4 f6f5 d4e3 f5e5 e3f3 g6f4 f3g4 f4d5,178
6k1/R6p/p1r1p1p1/8/5PP1/7P/6K1/8 b - -,,0
r2q1rk1/1ppb1pp1/p1np1n1p/8/2BPP3/P1N2N1P/1PP3P1/R2Q1RK1 b - -,a8c8 d1e1 d8e7 e1h4 b7b5 c4b3 c8e8 a1e1 c6a5 b3a2,109
8/R7/1p4pp/pr3p1k/4PP2/1P3P2/P3K2P/8 b - -,f5e4 f3e4 h5g4 e2e3 a5a4 b3a4 b5b1 f4f5 b1e1 e3d2,271
Q7/8/6k1/8/8/1pP5/1P3KP1/8 b - -,f5e4 f3e4 h5g4 e2e3 a5a4 b3a4 b5b1 f4f5 b1e1 e3d2,Mate
3r4/R4p1k/2p2P1p/1p2p2Q/1P6/2P1q3/6PP/5R1K b - -,e3a7 h5f5 h7h8 f5h3 h8h7 h3g3 d8g8 g3e5 a7d7 e5e4,Mate
Q5k1/6p1/2pbp1p1/7r/5n2/7P/PPP2PP1/R1B2RK1 b - -,g8h7 c1f4 d6f4 a1d1 f4g5 a8c6 g5f6 c6e6 h5a5 g1h1,1192
2r1r1k1/1p3ppp/p2Bp3/3pP3/1Pn2PB1/1P1K4/6PP/7R b - -,c4d6 e5d6 e8d8 b4b5 d8d6 d3d4 g8f8 f4f5 f8e7 h1a1,-520
2bqr1k1/1pp3pn/2n2r1p/4p3/Q2P4/P3BNP1/1P3PBP/2R2RK1 b - -,e5e4 f3e5 f6e6 a4c4 h7f6 g2h3 f6d5 h3e6 e8e6 f1e1,259
rnbq1rk1/ppppbppp/5n2/4p3/1P6/P5P1/1BPPPPBP/RN1QK1NR b KQ -,e5e4 c2c4 c7c6 e2e3 d7d5 c4d5 c6d5 g1e2 c8f5 e1h1,-16
rnbqr2k/8/p3p2Q/1pp1P3/P1pP4/B1n1R1P1/P4P1P/5RK1 b - -,,0
rn1q1rk1/4bppp/b1p1pn2/pP1p4/3P4/1PN3P1/P2NPPBP/R1BQR1K1 b - -,a6b5 e2e4 b5d3 c1b2 e7b4 a1c1 d5e4 g2e4 d3e4 c3e4,38
8/p4p2/P7/2k5/4K3/8/5P2/8 b - -,,0
8/1Q4k1/8/8/8/1pP5/1P3KP1/8 b - -,c5b6 e4e5 b6a6 f2f4 a6b5 e5f6 a7a5 f6f7 a5a4 f4f5,Mate
2rq1rk1/pp2ppb1/6p1/3p3n/6b1/2N2N2/PPPQB2B/2KR3R b - -,d8a5 h2e5 f7f6 f3h4 g4e2 d2e2 f6e5 h4g6 h5f4 e2g4,177
r1b2rk1/pp3pq1/2n3p1/3Q2Np/8/1N6/P1P2RPP/R5K1 b - -,c8f5 h2h3 a8e8 a1f1 g7e5 d5d2 e8e7 g5f3 e5e3 d2e3,-187
r5nr/p1pk2pp/1p2p3/4P3/1P1N4/5N2/1P1BKPPP/n6R b - -,c7c5 b4c5 b6c5 h1a1 c5d4 a1a6 g8e7 f3d4 h8c8 a6d6,46
r6k/pp4p1/1bp2n1p/7q/5Q2/1BN2nP1/PPPBR2P/7K b - -,a8f8 h2h4 f6h7 b3f7 h5f7 f4f7 f8f7 d2e3 b6e3 e2e3,-485
8/2P5/1n6/8/3pk3/8/4K3/8 b - -,a8d8 b3f7 h5f7 f4f3 f7g6 h1g2 h8g8 d2e3 b6e3 f3e3,Mate
8/7p/1k4b1/1P2b3/P2R4/4B3/4K3/r7 b - -,b6b7 d4d7 b7c8 d7a7 a1a2 e2f3 a2a3 f3e2 e5d6 a7a8,-351
8/1Q6/5k2/8/8/1pP2K2/1P4P1/8 b - -,b6b7 d4d7 b7c8 d7a7 a1a2 e2f3 a2a3 f3e2 e5d6 a7a8,Mate
2r1k3/p3bp2/4p3/7P/3B4/8/PPP2Pr1/2KR3R b - -,c8d8 d4a7 d8a8 a7d4 e7g5 c1b1 g5h6 c2c3 f7f6 d1g1,500
rnbq1rk1/ppp1bppp/3p1n2/4p3/1P6/P2P2P1/1BP1PPBP/RN1QK1NR b KQ -,a7a5 b1d2 a5b4 a3b4 a8a1 d1a1 c7c6 g1f3 b8a6 a1a4,-11
6k1/p2r1pp1/1p4p1/2pn4/6P1/4PN1P/PPq2P2/3RQ1K1 b - -,c2b2 e3e4 d5f6 e4e5 d7d1 e1d1 f6h7 d1a4 a7a5 a4c4,-177
rn1q1rk1/4bppp/b3pn2/pp1p4/3P4/1PN3P1/PB1NPPBP/R2QR1K1 b - -,b8d7 e2e4 b5b4 c3a4 d5e4 d2e4 a8c8 a1c1 f6e4 g2e4,-28
r2q3r/pppnk1p1/3p2Bp/3Q4/2P5/4P2P/Pp4PB/R4RK1 b - -,d8e8 g6e8 a8e8 a1d1 d7f6 d5b7 e7f7 b7c7 e8e7 c7d6,752
5qk1/pb4pp/6r1/1p6/1PpP1p2/P1P2N1P/5QPK/4R3 b - -,g6g3 d4d5 b7d5 f2d4 d5c6 d4e5 g8h8 e1f1 h7h6 f3h4,-36
r6k/6p1/pp3p1p/2p1r3/2Q2P1P/PP6/6P1/6K1 b - -,b6b5 c4d3 e5e8 g2g4 a8d8 d3c2 d8d4 g4g5 f6g5 h4g5,-161
8/8/8/6k1/8/R5K1/8/2r5 b - -,,0
r2q1r1k/1p1b1ppp/p4n2/3p2B1/2pP4/P1P1P3/3N1PPP/R2QR1K1 b - -,h7h6 g5h4 f8e8 h2h3 e8e6 h4f6 e6f6 e3e4 d5e4 d2e4,27
4r3/1pp2pkp/p1n3p1/4P3/8/P5P1/1PPN1PKP/4R3 b - -,e8d8 d2b3 a6a5 a3a4 g6g5 c2c3 b7b6 e1e4 g7g6 b3d4,118
r3k2r/5pp1/1n1Rbn2/N3p2p/4P3/4BP1P/PPP3P1/2K4R b kq -,a8a5 d6d8 e8e7 d8h8 b6c4 h1e1 a5a2 c1d1 c4b2 d1e2,-104
r1b1k2r/p2n1ppp/2p1p3/3pP3/5P1q/2N3P1/PPPQ3P/R3KB1R b KQkq -,h4h6 e1a1 e8h8 h2h4 f7f6 e5f6 h6f6 d1e1 a7a5 f1h3,35
rnbqk1nr/ppp2ppp/8/3pp3/1b6/2PPP3/PP2NPPP/RNBQKB1R b KQkq -,b4e7 d3d4 b8c6 e2g3 g8f6 f1e2 h7h5 g3h5 f6h5 e2h5,-51
rn6/p1P2kpp/4b3/1P1p1p2/P2Bp3/3nP1P1/5P1P/1R1R2K1 b - -,b8d7 d4a7 a8c8 b5b6 d5d4 e3d4 e6c4 d1d2 c4a6 d2c2,615
8/3R4/4R3/8/8/3k4/8/3K4 b - -,b8d7 d4a7 a8c8 b5b6 d5d4 e3d4 e6c4 d1d2 c4a6 d2c2,Mate
rnbq1rk1/pp2bppp/2pp1n2/4p3/1P6/P2P2P1/1BPNPPBP/R2QK1NR b KQ -,a7a5 g1f3 a5b4 a3b4 a8a1 d1a1 b8a6 c2c3 f8e8 e1h1,-10
5rk1/4b1pp/4p3/5p2/2pP4/1QN1P1P1/5P1P/R5K1 b - -,,0
3r3k/2r4p/p4N1Q/1pnqp1p1/8/P2P2RP/5PP1/6K1 b - -,d5e6 h6g5 d8f8 f6g4 c7g7 g5e3 e6d6 g4e5 c5e6 g3g7,-509
6k1/p2r1pp1/1p4p1/2pn4/4P1P1/5N1P/Pq3P2/3RQ1K1 b - -,d5f6 e4e5 d7d1 e1d1 f6h7 d1a4 a7a5 a4c4 b2b4 c4b4,-186
8/R7/1p5p/pr3pPk/4P3/1P3P2/P3K2P/8 b - -,h6g5 e2d3 f5e4 f3e4 h5g6 a7d7 g6f6 d7d6 f6f7 d6d5,265
r5nr/p2k2pp/1p2p3/2P1P3/3N4/5N2/1P1BKPPP/n6R b - -,b6c5 h1a1 c5d4 a1a6 g8e7 f3d4 h8c8 a6d6 d7e8 d4e6,43
8/8/8/1K1B4/8/4B3/8/5k2 b - -,f1e2 e3f4 e2d3 f4e5 d3d2 b5c4 d2e3 c4c3 e3e2 e5f4,20000
r2q1rk1/1p1b2bp/2npp1p1/p1p2P1n/P4P2/1BNP1N1Q/1PP3PP/R1B2RK1 b - -,c5c4 b3c4 f8f5 c3e2 d6d5 c4b3 f5f8 g2g4 h5f6 c1d2,150
8/2P5/1n6/8/4k3/3p4/3K4/8 b - -,c5c4 b3c4 f8f5 c3e2 d6d5 c4b3 f5f8 g2g4 h5f6 c1d2,Mate
r4rk1/p4ppp/b3pn2/2pp4/3P4/4PN2/PP1N1PPP/R1R3K1 b - -,c5d4 f3d4 f8c8 b2b4 g8f8 b4b5 c8c1 a1c1 a8c8 d2b3,25
r1bq1rk1/pp4b1/3p3p/2p1pP2/2PnB3/2N5/PP4PP/R1BQ1RK1 b - -,c8d7 d1h5 d7e8 h5h3 f8f6 c3d5 e8c6 c1d2 g8f8 g1h1,367
r7/B1Pn1kpp/4b3/1P1p1p2/P3p3/3nP1P1/5P1P/1R1R2K1 b - -,a8c8 b5b6 d5d4 e3d4 e6c4 d1d2 c4a6 a4a5 f7e6 d2c2,638
r6k/6p1/pp3p1p/2p5/2Q2P1P/PP6/6PK/4r3 b - -,e1e3 c4d5 a8g8 a3a4 b6b5 h4h5 b5a4 b3a4 g8c8 d5c4,-106
rnbqr1k1/8/p3p2Q/1pp1P3/P1pP2P1/B1n1R3/P4P1P/5RK1 b - -,d8c7 h6g6 c7g7 g6e8 g7f8 e8f8 g8f8 a3c5 f8g7 e3c3,416
5rk1/pp2ppb1/6p1/q2Q3n/8/2P2B2/P1P4B/2KR3R b - -,a5c3 d1d3 c3b2 c1d1 f8c8 d5b3 b2f6 h1e1 h5f4 h2f4,265
7r/3k1p1p/4ppb1/1p6/2pP4/r4P1P/P3B1P1/R2N2K1 b - -,d7c6 e2f1 c6d5 a1c1 d5d4 f3f4 g6d3 f1d3 d4d3 d1b2,-577
r5nr/p2k2pp/4p3/2p1P3/3N4/5N2/1P1BKPPP/R7 b - -,c5d4 a1a6 g8e7 f3d4 h8c8 a6d6 d7e8 d4e6 e8f7 g2g4,55
r2q1rk1/3nbppp/b3pn2/pp1p4/3PP3/1PN3P1/PB1N1PBP/R2QR1K1 b - -,b5b4 c3a4 d5e4 d2e4 a8c8 e4f6 d7f6 a4c5 a6b5 h2h4,-25
1q4k1/pb4pp/6r1/1p2R3/1PpP1p2/P1P2N1P/5QPK/8 b - -,h7h6 e5b5 b8a8 f3h4 g6f6 h4f5 b7c6 f5e7 g8h7 b5e5,190
3R1rk1/6pp/p3p3/2B5/8/P1N5/KPP2PP1/4q3 b - -,f8d8 c5b6 d8c8 a3a4 e1f1 g2g3 f1c1 a2b3 g8h8 b6a7,-769
8/3R4/2R5/8/2k5/8/8/3K4 b - -,h7h5 d8f8 g8h7 c5e3 g7g5 g2g3 h7g7 f8d8 e1f1 d8d4,Mate
1k4r1/1pp1R3/p2p2p1/5p1p/8/P2P1P2/1PPK2PP/8 b - -,h5h4 e7f7 a6a5 f3f4 g6g5 d2e2 g5f4 e2f3 h4h3 g2h3,131
r2q1rk1/1p1b1ppp/p4n2/3p2B1/2pP4/P1P1P3/2QN1PPP/R3R1K1 b - -,h7h6 g5h4 f8e8 a3a4 g7g5 h4g3 d8c8 e3e4 d5e4 d2e4,11
6k1/p2r1pp1/1p3np1/2p1P3/6P1/5N1P/Pq3P2/3RQ1K1 b - -,d7d1 e1d1 f6h7 d1a4 a7a5 a4c4 b2b4 c4d5 h7f8 f3g5,-183
rnbqr1k1/8/p3p2Q/1pp1P3/P1pP2P1/B7/P3RP1P/5RK1 b - -,e8f8 h6g6 g8h8 a3c5 a8a7 c5a7 d8h4 a7b8 c8b7 f2f3,432
5k2/R6p/5bp1/1p1PN3/1Np1nPK1/2P5/6P1/7r b - -,,0
r5nr/p2k2pp/4p3/4P3/3N4/8/1P1BKPPP/R7 b - -,,0
2r1k3/p3b3/4pp2/7P/3B4/8/PPP2Pr1/2K3RR b - -,e7c5 g1g2 c5d4 g2g8 e8d7 g8c8 d7c8 h5h6 f6f5 h6h7,710
rnbqk1nr/ppp2ppp/8/b2pp3/Q7/2PPP3/PP2NPPP/RNB1KB1R b KQkq -,c7c6 a4c2 a5c7 g2g3 h7h5 h2h3 f7f5 h3h4 g8f6 f1g2,-60
r4rk1/pppb1ppp/2nb4/3p4/3P3q/2PB1QNP/PP3KP1/RN2BR2 b - -,f8e8 f2g1 e8e1 f1e1 h4g3 f3g3 d6g3 e1e3 g3d6 b1d2,56
r2q1rk1/ppp3bp/2n5/6p1/3PRpN1/8/PPPB1PPP/R2Q2K1 b - -,c6d4 d2b4 f8e8 g4h6 g7h6 e4d4 d8f6 b4c3 a8d8 d4d8,168
rn2k2r/pp2Qppp/2p2n2/6B1/2B5/2N5/PPP3PP/2Kb2NR b kq -,e8e7 c3d1 b8d7 g5f4 h8e8 g1f3 b7b5 c4d3 e7f8 f3d4,215
r2q1rk1/3nbppp/b3pn2/p2p4/Np1PP3/1P4P1/PB1N1PBP/R2QR1K1 b - -,d5e4 d2e4 a8c8 a1c1 c8c1 d1c1 a6b5 e4c5 d8b8 c5d7,-18
8/R7/1p6/pr3ppk/4P3/1P2KP2/P6P/8 b - -,h5h6 a7d7 f5e4 f3e4 b5c5 d7d6 h6h7 d6b6 c5c2 b6b5,268
3r2k1/1p2qpb1/p1r1b1pp/3p4/3P1BB1/1Q5P/PP3PP1/3RR1K1 b - -,b7b5 g4e6 c6e6 b3c3 e6e4 e1e4 d5e4 f4e3 e7e6 b2b3,-4
5rk1/4b1pp/4p3/5p2/3P4/1pN1P1P1/5P1P/1R4K1 b - -,,0
3rr3/1pp2pkp/p1nq1np1/3pP3/4P3/P1N2NP1/1PPQ1PKP/3RR3 b - -,d5e4 e5d6 e4f3 g2h1 d8d6 d2f4 d6d1 e1d1 c6e5 c3e4,488
8/2P5/1n6/8/3k4/3p4/8/3K4 b - -,d5e4 e5d6 e4f3 g2h1 d8d6 d2f4 d6d1 e1d1 c6e5 c3e4,Mate
r1bqkbnr/pp3ppp/2n5/3p4/2P5/P7/BPP2PPP/RNBQK1NR b KQkq -,d5d4 g1e2 c8g4 e1h1 g8f6 h2h3 g4h5 f1e1 f8e7 g2g4,73
rn1qkb1r/pp1bpppp/2p2n2/6N1/8/2NB4/PPP1QPPP/R1B1K2R b KQkq -,d8b6 a2a4 b8a6 c3e4 f6e4 g5e4 b6c7 d3a6 b7a6 c1d2,67
1r4k1/4b1pp/4p3/5p2/3P4/1pN1P1P1/5P1P/1R3K2 b - -,,0
r1bqkbnr/3p1ppp/p1n1p3/1pp5/4P3/1PPB1N2/P2P1PPP/RNBQK2R b KQkq -,g7g5 e1h1 h7h5 c1b2 f8g7 d3e2 c8b7 d2d4 g5g4 f3e1,-64
r1b1k2r/2pnqpbp/p2pp3/1p2P2Q/3P1P2/2N5/PPP2BP1/2KR1BN1 b kq -,e8f8 g1f3 e7e8 h5h3 h7h5 f1d3 b5b4 c3e4 c8b7 e5d6,154
4r2k/6p1/pp3p1p/2p2P2/2Q4P/PP6/6PK/4r3 b - -,e1e3 h2g1 e8e5 g1f2 h8h7 c4a6 e3b3 a6c4 b3e3 c4b5,-335
8/4k3/4Pp2/2pB2pp/8/6K1/8/8 b - -,,0
r2qkbnr/ppp2ppp/2np4/4p3/1PB1P1b1/P4N2/2PP1PPP/RNBQK2R b KQkq -,d8f6 c2c3 g4f3 d1f3 f6f3 g2f3 g8f6 d2d3 c6e7 h2h4,26
r1b1kbnr/ppp2ppp/4p3/3pP1q1/Q2P4/2P2K1P/PP3PP1/RNn3NR b kq -,c8d7 a4c2 d7b5 b1a3 f8a3 h3h4 g5g6 c2g6 f7g6 a1c1,-656
2r1k3/p3b3/4pp2/7P/3B4/8/PPP2P2/2K3R1 b - -,a7a5 g1g8 e7f8 h5h6 e8f7 h6h7 f8h6 c1b1 c8g8 h7g8q,505
r1bqk2r/pppnppbp/5np1/1N1p4/3P1B2/3BP3/PPP2PPP/R2QK1NR b KQkq -,e8f8 f4c7 d8e8 c7g3 e8d8 b5c7 a8b8 g1f3 b7b5 e1h1,250
8/2P5/1n6/8/8/2kp4/8/2K5 b - -,e8f8 f4c7 d8e8 c7g3 e8d8 b5c7 a8b8 g1f3 b7b5 e1h1,Mate
r4rk1/pppb1ppp/3b4/3p4/3P3q/3B1QNP/PP3KP1/RN2BR2 b - -,a8e8 f2g1 e8e1 f1e1 d6g3 e1e2 g7g6 b1d2 h4d4 f3e3,300
8/5pkp/B5p1/4p3/r2p3P/6P1/1R2PP2/6K1 b - -,f7f5 b2b7 g7h6 a6b5 a4b4 b5c6 b4b7 c6b7 e5e4 b7d5,282
7k/p1R5/8/4b1Np/7P/1p4Q1/PN3PPK/4q3 b - -,e1a5 g5f7 h8h7 g3e5 a5e5 f7e5 h7g8 a2b3 a7a6 e5g6,6610
4n1k1/3bp1Qp/3q3P/6P1/5R2/8/8/1K6 b - -,e1a5 g5f7 h8h7 g3e5 a5e5 f7e5 h7g8 a2b3 a7a6 e5g6,Mate
2kr3r/pb1p1ppp/1p1b1q2/2p5/4P1B1/2NQ4/PPP2PPP/R3R1K1 b - -,d6e5 c3d5 f6h4 h2h3 h7h5 g4e2 f7f5 e2f3 e5d4 e1e2,31
r6k/pp4p1/1bp1Qn1p/7q/8/1BN2nP1/PPPBR2P/7K b - -,f3d2 e2g2 a8e8 c3e2 e8e6 b3e6 h5e5 e6c8 e5e3 h2h4,-789
Q7/6pk/2pbp1p1/7r/5B2/7P/PPP2PP1/R4RK1 b - -,d6f4 a1d1 f4g5 a8c6 g5e7 g1h1 h5e5 f1e1 e5f5 c6e6,1264
2b1rnk1/1pp1q1p1/5r1p/4n3/Q2N1B2/P5P1/1P3PBP/2R1R1K1 b - -,f6a6 a4b3 c8e6 d4e6 a6b6 b3a2 e7e6 g2d5 e5d3 c1d1,494
5Q2/1p4pk/2q1p2p/p3P3/3p4/8/PPn2RPP/6K1 b - -,c2e3 h2h3 d4d3 f8a3 c6c1 g1h2 c1c4 f2f7 e3f5 f7d7,-78
r1b1k2r/ppp1bppp/2p5/4Pn2/8/2N2N2/PPPB1PPP/3R1RK1 b - -,c8e6 f1e1 a7a5 h2h3 a8d8 d2g5 e7g5 f3g5 e8e7 g5e6,14
r3k2r/pp3p1p/2n5/3Np1q1/8/P3P3/1PQ2PPP/R3K2R b KQkq -,e8f8 e1h1 g5g6 c2e2 h8g8 f2f4 a8d8 a1d1 c6e7 d5e7,242
rn3rk1/1b3ppp/pq1b1n2/1pPpN3/5P2/P1NBPQ2/1P4PP/R1B2RK1 b - -,b6c5 c3e2 c5c7 c1d2 b8d7 a1c1 c7d8 e5d7 d8d7 f3g3,52
8/3R4/1p4k1/pr3pp1/4P3/1P2KP2/P6P/8 b - -,b5c5 d7d6 g6h5 d6d5 f5f4 e3d4 c5c2 d4e5 a5a4 b3a4,296
r1bqkbnr/pp3ppp/2n5/7Q/2p5/P7/BPP2PPP/RNB1K1NR b KQkq -,g8f6 h5e2 f8e7 e2c4 c8e6 c4d3 d8d3 c2d3 e6a2 a1a2,-39
8/2P5/1n6/8/8/2k5/3p4/3K4 b - -,g8f6 h5e2 f8e7 e2c4 c8e6 c4d3 d8d3 c2d3 e6a2 a1a2,Mate
r1bqk1nr/ppp2ppp/2n5/b2pp3/QP6/2PPP3/P3NPPP/RNB1KB1R b KQkq -,a5b6 c3c4 a7a6 c4d5 d8d5 e2c3 d5e6 b4b5 c6a7 b5a6,-3
8/p4kpp/8/5p2/3p4/5P2/PP1K1P1P/8 b - -,f7g6 d2d3 g6g5 b2b4 g5f4 a2a4 f4e5 d3c4 d4d3 c4d3,366
r2qkbnr/1b1p1ppp/p1n1p3/1pp5/4P3/1PP2N2/P1BP1PPP/RNBQK2R b KQkq -,d7d5 d2d3 g7g6 e1h1 f8g7 c1e3 d5d4 c3d4 c5d4 e3d2,-65
r2q1rk1/3nbppp/b3p3/p7/Np1PB3/1P4P1/PB3P1P/R2QR1K1 b - -,a8b8 d4d5 e6d5 e4d5 e7f6 d5c6 d7b6 d1d8 f8d8 b2f6,29
1r2r1k1/5ppb/p2p3p/2nPqP2/p1P1P1P1/4QNNP/6K1/R3R3 b - -,e5a1 e1a1 b8b2 g2g1 e8b8 g3f1 a6a5 e3f4 h6h5 f4d6,361
8/8/8/4NB2/8/2K1k3/8/8 b - -,,0
5Rk1/3bp1np/3q3P/6P1/8/8/8/1K6 b - -,e3f4 c3d4 f4f5 e5d3 f5e6 d4c5 e6e7 d3b2 e7f6 c5d6,Mate
r3r1k1/pb2ppbp/2p3p1/2Bn4/2N5/2P2B2/PP3PPP/R2R2K1 b - -,a7a5 a2a4 h7h5 d1e1 g7f8 h2h3 e8d8 c4b6 a8b8 b6d5,90
8/5p2/r3k1p1/4p2p/3P3P/5PP1/1R3K2/8 b - -,e5d4 f2e2 e6d5 b2b7 f7f5 b7d7 a6d6 d7g7 d6e6 e2d2,-153
1k4r1/1pp2R2/p2p4/5ppp/8/P2P1P2/1PPK2PP/8 b - -,h5h4 f7f5 b8c8 d2e3 c8d7 g2g4 h4g3 h2g3 b7b5 g3g4,285
r6r/2b2pk1/5qp1/p2p4/3p2Q1/3B2P1/PP3PK1/R6R b - -,,0
r1bq1rk1/pppn1pb1/3p1npp/8/3NP2B/2NB4/PPPQ1PPP/2KR3R b - -,a7a5 f2f4 a5a4 c3b5 a4a3 b2b3 d7c5 e4e5 d6e5 f4e5,44
r1bqk2r/1pp1bppp/p1n5/3p4/3P4/5N2/PPPN1PPP/R1BQR1K1 b kq -,e8h8 d2f1 f7f6 h2h3 e7d6 f1e3 c6e7 c2c4 d5c4 e3c4,-23
rn3rk1/1b3ppp/pq3n2/1pbpN3/1P3P2/P1NBPQ2/6PP/R1B2RK1 b - -,c5e7 c3e2 b8c6 c1b2 c6e5 f4e5 f6e4 e2f4 e7g5 b2d4,100
r4rnk/pppb2pp/p1np2q1/3NP3/2P1R3/1P4N1/PB1Q1P1P/R5K1 b - -,d6e5 f2f4 d7f5 e4e3 g8f6 a1e1 f6d5 c4d5 c6d4 b2d4,-104
r2q1r1k/1p1b1ppp/p4n2/3p2B1/2pPP3/P1P5/2QN1PPP/R3R1K1 b - -,h7h6 g5f6 d8f6 e4d5 d7f5 c2b2 b7b5 b2b4 f8d8 b4e7,82
2rNk3/p1p1b1pp/5n2/8/8/1P2PP2/P1P3PP/1K2Q2R b - -,c8d8 e3e4 c7c5 e1a5 d8d7 a2a3 h7h5 a5a6 d7d2 a6a7,554
8/3R4/1p4k1/pr4p1/3KPp2/1P3P2/P6P/8 b - -,g5g4 f3g4 a5a4 d7d6 g6g7 b3a4 b5b2 d4e5 f4f3 e5f4,411
r1bqk2r/ppNnppbp/2p2np1/3p4/3P1B2/3BP3/PPP2PPP/R2QK1NR b KQkq -,d8c7 f4c7 c6c5 f2f3 c5d4 e3d4 e8h8 g1e2 e7e5 c7e5,600
5rk1/1p1Qb1pp/p3pp2/P2pP1B1/1n1P1K1P/1P1b1N2/4qPP1/3R3R b - -,f6g5 f4g3 g5h4 g3h2 f8f3 d7e7 e2f2 e7d8 f3f8 d8g5,-633
rn5r/pp2kppp/2p2n2/6B1/2B5/2N5/PPP3PP/3K2NR b - -,b8d7 g1f3 h8e8 c3e4 h7h6 e4f6 d7f6 h1e1 e7f8 g5f6,228
r1bqk1nr/ppp2ppp/1bn5/1P1pp3/Q7/2PPP3/P3NPPP/RNB1KB1R b KQkq -,c6e7 b1d2 g8f6 d3d4 e8h8 d4e5 f6d7 d2f3 f8e8 e2g3,-58
rn3rk1/1b2bppp/pq3n2/1p1pN3/1P3P2/P2BPQ2/4N1PP/R1B2RK1 b - -,b8c6 c1b2 c6e5 f4e5 f6e4 e2f4 b6h6 f3e2 a8c8 b2d4,91
r4rk1/pp4pp/2b5/8/2N5/1P4PP/1P6/3R1RK1 b - -,a8e8 d1d2 e8e6 f1f8 g8f8 h3h4 e6f6 d2d3 a7a6 d3e3,-42
1k4r1/1pp5/p2p4/5Rpp/5p2/P2P1P2/1PPK2PP/8 b - -,b8c8 a3a4 c8d7 f5f7 d7c6 b2b4 g8g6 h2h3 g6g8 c2c4,80
r1bqkb1r/pp3ppp/2n2n2/1Q6/2p5/P7/BPP2PPP/RNB1K1NR b KQkq -,c8e6 g1f3 a7a6 b5g5 h7h6 g5e3 f6g4 e3c3 f8c5 e1h1,-156
r1bqk2r/ppBnppbp/2p2np1/1N1p4/3P4/3BP3/PPP2PPP/R2QK1NR b KQkq -,d7c5 c7d8 c5d3 c2d3 c6b5 d8c7 c8f5 h2h3 a8c8 c7e5,572
r1bqk2r/ppp1bppp/8/4R3/2p5/3P4/PPPN1KPP/R1BQ4 b kq -,c4d3 d2f3 e8h8 d1d3 d8d3 c2d3 e7d6 e5e1 c8f5 d3d4,-271
8/3R4/1p4k1/p3K1p1/1r2Pp2/1P3P2/P6P/8 b - -,b4b5 d7d5 b5b4 d5d6 g6f7 e5f5 a5a4 b3a4 b4a4 f5g5,570
6k1/p4pp1/1p3np1/2p1P3/6P1/5N1P/Pq3P2/3Q2K1 b - -,f6h7 d1a4 a7a5 a4c4 b2b4 c4d5 h7f8 f3g5 b4f4 e5e6,-194
3r1rk1/pb2n1b1/1pnq4/2p1pPQ1/3pP1P1/3P1NN1/PPP3B1/R4RK1 b - -,b7a6 g3h5 d6h6 g5h4 c5c4 g4g5 h6h7 g2h3 d8d6 f1f2,201
2r5/B3bk2/4pp2/7P/8/8/PPP2P2/2K3R1 b - -,c8h8 g1h1 f6f5 a7d4 e7g5 c1b1 g5f6 d4f6 f7f6 a2a4,500
r4rk1/pppb1ppp/3b4/3p4/3q4/3BQ1NP/PP3KP1/RN2BR2 b - -,d6e5 e3d4 e5d4 f2f3 d4b2 e1c3 b2a1 c3a1 c7c5 f1c1,198
2b1r2k/1pp1q1B1/r5np/8/2QN4/P5P1/1P3PBP/2R1R1K1 b - -,e7g7 e1e8 g6f8 e8c8 a6f6 c8c7 g7g6 c4c3 h6h5 d4f3,1119
8/4k3/4Pp2/2pB3p/5Kp1/8/8/8 b - -,,0
1r4k1/4b1pp/4p3/5p2/3P4/2N1P1P1/1p2KP1P/1R6 b - -,,0
1k4r1/2p5/p2p4/1p3Rpp/5p2/P1KP1P2/1PP3PP/8 b - -,g8g6 b2b3 b8b7 d3d4 c7c6 d4d5 c6d5 f5d5 g5g4 d5h5,62
r4rk1/pp4pp/2b5/N7/8/1P4PP/1P6/3RR1K1 b - -,c6f3 d1d3 a8d8 e1e3 d8d3 e3d3 h7h5 d3e3 f8f5 a5c4,-29
8/p4p2/Pk6/3K4/8/8/5P2/8 b - -,b6a6 d5c5 a6a5 c5c4 a5b6 c4b4 f7f5 b4c4 b6c6 c4d4,-1008
3r2k1/5p2/p2P1Pp1/2p5/P1r2P2/4B2P/5KP1/3R4 b - -,d8d7 f2f3 c4a4 e3c5 a4c4 c5b6 c4c6 b6c7 a6a5 g2g4,12
3rr3/1pp2pkp/p4np1/3Pq3/8/P1N3P1/1PPQ1PKP/3RR3 b - -,e5h5 d2f4 e8e1 d1e1 d8d7 e1e5 h5g4 f4e3 d7d6 e5e7,174
2r4r/p2nkp2/4pp1p/1p2b2B/b3P3/1N2RN2/PP3PPP/3R2K1 b - -,e5b2 h5f7 h6h5 f3h4 b5b4 f7g6 a7a5 h2h3 b2c3 f2f4,-185
2k5/Np2r2p/8/5R2/8/P3P1P1/1P2K2P/8 b - -,c8d7 a7b5 d7d8 a3a4 e7e6 b5d4 e6h6 h2h4 h6g6 e2f3,696
5rk1/1p1Qb1pp/p3p3/P2pP1p1/1n1P3P/1P1b1NK1/4qPP1/3R3R b - -,g5h4 g3h2 f8f3 d7e6 f3f7 d1c1 b4c6 h1f1 d3f5 e6d5,-625
r2r1bk1/pb4pp/1npp1p2/5N2/2P4P/6R1/PP1B1PP1/2KR1B2 b - -,d8d7 d2c3 g8h8 b2b3 d6d5 h4h5 d7f7 c4d5 b6d5 f1c4,127
8/7p/1k4b1/1P1Rb3/P7/8/3BK3/r7 b - -,e5c7 a4a5 b6b7 a5a6 b7c8 d2e3 g6e4 d5g5 a1a2 e2e1,-132
r3k2r/ppp1bppp/2p1b3/4Pn2/8/2N2N2/PPPB1PPP/3RR1K1 b - -,a8d8 d2g5 e7g5 f3g5 e8e7 g5e6 e7e6 d1c1 f5d4 f2f4,-4
4nk2/3bp1Qp/3q3P/6P1/8/8/8/1K6 b - -,a8d8 d2g5 e7g5 f3g5 e8e7 g5e6 e7e6 d1c1 f5d4 f2f4,Mate
rn1r4/pp2kppp/2p2n2/6B1/2B5/2N5/PPP3PP/2K3NR b - -,b7b5 c4d3 h7h6 g5h4 b8d7 g1f3 e7f8 c3e4 d8e8 e4f6,254
8/5p2/6pp/K2k4/6P1/1P5P/8/8 b - -,f7f5 a5b5 f5f4 b5b4 d5d4 b4a4 f4f3 b3b4 f3f2 a4a5,-742
r2q1rk1/1p1b1ppp/p4n2/3p2B1/2pP4/P1P1PN2/5PPP/R2QR1K1 b - -,,0
r4rk1/ppp3bp/2n5/3q2p1/3PRpN1/8/PPPB1PPP/R3Q1K1 b - -,f4f3 c2c3 h7h5 g4e5 g7e5 d4e5 f8f5 e5e6 a8d8 e6e7,131
r4rk1/pppb1ppp/8/3p4/3q4/3BQKbP/PP4P1/RN2BR2 b - -,d4h4 e1g3 h4f6 g3f4 a8e8 e3d2 g7g5 f3g3 g5f4 g3h2,302
5rk1/1p4p1/pNb1pp2/2P3n1/3Rp1Pp/2P1P2P/P4PB1/6K1 b - -,g7g6 b6c4 f6f5 c4a5 f8c8 d4b4 c6d5 a5b7 d5b7 b4b7,-83
1r6/7p/R4bpk/8/5PQP/2q2BPK/1p6/8 b - -,b2b1q f3g2 b8b3 a6c6 c3d4 c6e6 b1f5 g4f5 g6f5 g2b7,-953
8/8/8/4N3/2K5/4k3/8/1B6 b - -,e3f4 c4d4 f4g5 b1e4 g5f6 e5d3 f6e6 d3f2 e6f6 f2h3,187
r4rk1/1b2bppp/pqN2n2/1p1p4/1P3P2/P2BPQ2/4N1PP/R1B2RK1 b - -,b6c6 e2d4 c6d7 d4f5 d5d4 f3g3 g7g6 c1b2 b7e4 f5e7,64
1r4k1/4b2p/4p3/5pp1/3P4/2NKP1P1/1p3P1P/1R6 b - -,f5f4 d3c2 e7a3 c3e4 e6e5 d4d5 g5g4 e4d2 b8c8 c2b3,12
2b1r3/1pp1R1k1/r5np/8/2QN4/P5P1/1P3PBP/2R3K1 b - -,g6e7 c4c7 g7f6 c1e1 e7d5 g2d5 e8e1 g1g2 c8e6 c7d8,Mate
r2qkb1r/pQ3ppp/2n1bn2/8/2p5/P7/BPP2PPP/RNB1K1NR b KQkq -,c6d4 b1d2 a8b8 b7a7 b8a8 a7d4 d8d4 g1f3 d4a7 e1h1,-482
r2q1rk1/1ppb1pp1/p1n2n1p/3N4/2BPP3/P4N1P/1PP3P1/R2Q1RK1 b - -,f6h7 d5f4 c6e7 c4a2 h7g5 d1d3 c7c5 d4c5 d7b5 d3d8,282
3N2rk/ppp4p/1b1p2pB/n3p1p1/4P3/2PP4/PP3PPP/R4RK1 b - -,g8g7 d8e6 g7g8 e6g5 g8e8 g1h1 a5c6 f2f4 e5f4 d3d4,656
6r1/1kp5/p2p4/1p3Rpp/3K1p2/P2P1P2/1PP3PP/8 b - -,g8g7 d4d5 g7g8 b2b3 h5h4 h2h3 g8e8 f5g5 e8e2 c2c4,81
2q2k2/pb4pp/6r1/1p2R1N1/1PpP1p2/P1P4P/4Q1PK/8 b - -,b7d5 e5d5 h7h6 d5c5 c8a6 g5f3 g6e6 c5e5 e6e5 e2e5,539
r1bqkbnr/ppp4p/2np4/4p1p1/2B1PP2/2NP4/PPP1NP1P/R1BQK2R b KQkq -,g5g4 f4f5 c8d7 c3d5 c6a5 h2h4 a5c4 d3c4 c7c6 c1g5,238
8/p4p2/k1K5/8/8/8/5P2/8 b - -,a6a5 c6c5 a5a4 c5c4 a7a5 c4c3 a4b5 c3b3 f7f5 b3c3,-1657
6k1/p4ppn/1p2P1p1/2p5/6P1/5N1P/Pq3P2/3Q2K1 b - -,f7e6 d1a4 a7a5 g1g2 h7f8 f3g5 b2d2 h3h4 d2d7 a4a3,-243
r1b1k2r/p2nqppp/2p1p3/3pP3/5P2/2N3P1/PPPQ3P/2KR1B1R b kq -,a7a5 h2h4 c8a6 f1a6 a8a6 h4h5 e8h8 h5h6 g7g6 c1b1,-42
r7/p4kpp/1nP1b3/PP1p1p2/3Bp3/3nP1P1/5P1P/1R1R2K1 b - -,b6c4 b5b6 c4a5 b6b7 a8b8 d4a7 a5c6 a7b8 c6b8 b1a1,581
3r2k1/pp2pQ1p/5bpq/4N3/P2P1n2/2P4P/4BP2/3R1RK1 b - -,g8h8 f7f6 e7f6 e5f7 h8g7 f7h6 f4e2 g1h2 g7h6 d1d3,335
r7/4bk2/4pp2/7P/8/4B3/PPP2P2/2K3R1 b - -,a8a4 h5h6 e7f8 h6h7 f8g7 g1h1 g7h8 a2a3 e6e5 b2b4,518
1r4k1/4b2p/4p3/5p2/3P2p1/2N1P1P1/1pK2P1P/1R6 b - -,e7a3 c3d1 h7h5 d1b2 b8c8 c2b3 a3b2 b3b2 h5h4 b1c1,6
r1b1kb1r/p1p2ppp/2B1qn2/3pP3/5P2/2N5/PPPP2PP/R1BQK2R b KQkq -,c8d7 c6a8 f8b4 e1h1 e8h8 e5f6 f8a8 d2d4 b4c3 b2c3,602
5rk1/1p1Qb1pp/p3p3/P2pP3/1n1P3p/1P1b1N2/4qPPK/3R3R b - -,f8f3 d7e6 f3f7 d1c1 b4c6 h1f1 d3f5 e6d5 h4h3 d5f3,-620
4R1k1/6pp/p3p3/2B5/8/P1N5/KPP2PP1/4q3 b - -,g8f7 e8e7 f7g6 g2g3 e1e5 c5e3 e5d6 e7b7 d6c6 b7b4,495
2b5/1Bp1r1k1/r5np/8/2QN4/P5P1/1P3P1P/2R3K1 b - -,a6b6 b7c8 g7h8 d4f5 g6e5 c4c5 e7e8 c5c7 b6g6 g1g2,875
r4rk1/pppb1ppp/8/3p4/8/3BK1bP/PP4P1/RN2BR2 b - -,g3e5 e1c3 e5d6 e3f2 f8e8 f1e1 c7c5 a2a4 a7a6 a4a5,23
r2q2k1/1p1b2bp/2npp1p1/p1p2r1n/P4P2/1B1P1N1Q/1PP1N1PP/R1B2RK1 b - -,c5c4 b3c4 d6d5 c4b3 f5f8 g2g4 h5f6 c1e3 d8e7 a1e1,173
1r4k1/7p/4p3/5p2/3P2p1/b3P1P1/1pK2P1P/1R1N4 b - -,h7h5 d1b2 b8c8 c2b3 a3b2 b3b2 h5h4 b1f1 g8f7 e3e4,1
rn1r2k1/pp3ppp/5n2/2P1pb2/PbN1P2P/2N2P2/1P1B2P1/R2K1B1R b - -,f5g6 c4e5 b4c5 d1c2 b8d7 e5d7 d8d7 f1b5 d7d8 h1d1,185
r2q1rk1/3nbppp/b3pn2/p7/Np1PN3/1P4P1/PB3PBP/R2QR1K1 b - -,a8c8 a1c1 c8c1 d1c1 f6e4 g2e4 d7f6 e4c6 h7h6 h2h4,-24
r3k2r/pp3p1p/2n5/3Np3/8/P3P3/1PQ2PqP/2KR3R b kq -,e8f8 c2c5 f8g7 h1g1 g2g6 c5d6 a8e8 d6f6 g7g8 g1g6,503
r3r1k1/pppb1ppp/8/3p4/8/3B2bP/PP1K2P1/RN2BR2 b - -,g3e1 f1e1 e8e1 d2e1 g8f8 e1d2 g7g6 b1c3 c7c6 c3e2,51
2r3k1/7p/4p3/5p2/3P2p1/bK2P1P1/1p3P1P/1R1N4 b - -,c8c1 b3a2 g8f7 d1b2 a3b2 a2b2 c1c8 b1c1 c8b8 b2c3,21
4nk2/3bp2p/3q3P/5QP1/8/8/8/1K6 b - -,c8c1 b3a2 g8f7 d1b2 a3b2 a2b2 c1c8 b1c1 c8b8 b2c3,Mate
3r2k1/5p2/p2P1Pp1/2B5/r4P2/7P/5KP1/3R4 b - -,d8d7 f2e3 a4c4 c5b6 c4c6 b6c7 a6a5 d1d3 g8h7 g2g4,127
3r3k/ppp4p/1b1p2p1/n3p1B1/4P3/2PP4/PP3PPP/R4RK1 b - -,d8f8 g2g3 a5c6 g1g2 h8g7 g5d2 a7a5 f2f4 f8d8 f4f5,452
r1bq1rk1/1p1nbppp/2p2n2/p7/P1NQP3/2N3P1/1P3PBP/R1B2RK1 b - -,d7b8 d4d8 f8d8 c4b6 a8a6 b6c8 d8c8 g2h3 c8e8 f1d1,88
8/1bp1r1k1/r5np/5N2/2Q5/P5P1/1P3P1P/2R3K1 b - -,g7f6 f5e7 f6e7 c4c7 e7f6 c7b7 a6e6 b7f3 f6g7 c1c7,1010
8/3k4/2B5/3N4/8/8/8/4K3 b - -,,0
6k1/7p/4p3/5p2/3P2p1/b3P1P1/Kp3P1P/1RrN4 b - -,g8f7 d1b2 a3b2 a2b2 c1c8 b1a1 h7h5 h2h4 g4h3 a1h1,12
8/8/8/8/5N1k/R7/3K1P2/8 b - -,g8f7 d1b2 a3b2 a2b2 c1c8 b1a1 h7h5 h2h4 g4h3 a1h1,Mate
4Rk2/1p3p1p/p1r1p1p1/3p4/1P3P2/1P1K4/4B1PP/7R b - -,f8e8 h1a1 e8e7 b4b5 a6b5 a1a7 c6c7 d3d2 f7f6 a7a5,207
r5nr/ppbn1kp1/2p1p2p/3pP2P/3N1BP1/2P2P2/PP1N4/R4RK1 b - -,g8e7 d2b3 c6c5 d4b5 c7b8 f4g3 g7g6 b5d6 b8d6 e5d6,27
r2r4/pp1nkppp/2p2n2/6B1/2B1N3/8/PPP3PP/2K3NR b - -,b7b5 c4d3 d7e5 d3e2 h7h6 g5f6 g7f6 g1f3 e5g6 e2d1,250
r4rk1/1b2bppp/p1q2n2/1p1p4/1P3P2/P2BPQ2/1B2N1PP/R4RK1 b - -,c6d7 f3g3 f6h5 g3e1 f8e8 e2d4 e7f8 d4f5 d7d8 b2d4,65
r4rk1/pp3pq1/2n3p1/3Q1bNp/8/1N6/P1P2RPP/5RK1 b - -,a8e8 h2h3 g7e5 d5d2 e8e7 g5f3 e5e3 d2e3 e7e3 f3d4,-194
2r2k2/5p1p/4p1p1/1rPp4/1P3P2/2RR4/6PP/6K1 b - -,b5b4 g2g3 b4c4 c3c4 d5c4 d3c3 c8c5 g1f2 f8e7 f2e2,-365
r4rk1/1b2qppp/p3p3/1p1nP3/3P4/2NB4/PP2Q1PP/3R1RK1 b - -,d5c3 b2c3 a8c8 c3c4 b5c4 d3c4 a6a5 f1f4 e7g5 f4f2,-41
r4rk1/p5pp/8/p7/8/1P1R1RPP/1P6/6K1 b - -,,0
rn1r2k1/pp3ppp/4bn2/2P1N3/Pb2P2P/2N2P2/1P1B2P1/R2K1B1R b - -,e6b3 d1e1 b4c5 e5d3 c5d6 e1f2 f6h5 h1h3 b8c6 g2g4,72
r7/p4kpp/1PP1b3/P2p1p2/2nBp3/3nP1P1/5P1P/1R1R2K1 b - -,c4a5 b6b7 a8b8 d4a7 b8e8 c6c7 a5b7 b1b7 e6c8 b7b8,556
8/8/6pp/K2k1P2/8/1P5P/8/8 b - -,g6f5 a5b4 d5d4 b4b5 f5f4 b5c6 f4f3 b3b4 f3f2 b4b5,-3592
8/1bp1N3/r4knp/8/2Q5/P5P1/1P3P1P/2R3K1 b - -,f6e7 c4c7 e7f6 c7b7 a6e6 b7f3 f6g7 c1c7 e6e7 c7e7,1273
r1bqk2r/ppp1bppp/8/4R3/8/3P4/PP1N1KPP/R1BQ4 b kq -,e8h8 d2f3 e7d6 e5e3 c8e6 c1d2 d8d7 d1c2 a8e8 f2g1,-315
8/8/3kPp2/2p4p/5Kp1/8/B7/8 b - -,,0
r5k1/p5pp/8/p7/8/1P3RPP/1P6/6K1 b - -,,0
8/4bk2/4pp2/7P/8/4B3/rPPK1P2/6R1 b - -,a2a5 g1h1 f7g8 c2c3 f6f5 h5h6 g8h7 d2c2 a5d5 b2b4,415
5R2/5kpp/p3p3/2B5/8/P1N5/KPP2PP1/4q3 b - -,f7g6 f8f4 e1d2 f4g4 g6h5 c5e3 d2c2 g4g7 h5h4 g7g5,527
2krr3/pb1p1ppp/1p1b1q2/2p5/4P3/2NQ3B/PPP2PPP/R3R1K1 b - -,d6c7 a1d1 c8b8 c3d5 b7d5 e4d5 e8e1 d1e1 c7d6 c2c3,44
r4rk1/pQ3pq1/6p1/5bNp/1n6/1N6/P1P2RPP/5RK1 b - -,b4c2 h2h3 a8e8 b7a7 g7e5 b3d2 e8e7 d2f3 e7a7 f3e5,-58
6k1/R5p1/p1r1p2p/8/6PP/5P2/6K1/8 b - -,,0
q2r2rk/1b3pp1/pb3n1p/8/1PN4n/P5RP/1Q2NP2/BR3BK1 b - -,b6f2 g1f2 a8a7 e2d4 f6e4 f2g1 e4g3 c4e5 b7e4 b2f2,-487
r2q1rk1/1b2bppp/p7/1p1p4/1P1BnP2/P2BPQ2/4N1PP/2RR2K1 b - -,e4d6 f3h3 f7f5 d4e5 g7g6 g2g4 f5g4 h3g4 b7c8 g4g2,122
4r1r1/1kp5/1p2R3/p1p3p1/P6p/5N1P/1PP1R1PK/8 b - -,e8e6 e2e6 g5g4 f3h4 g4g3 h2g1 g8f8 h4f3 f8f4 b2b3,472
r2r4/pp1nkppp/2p2n2/6B1/2B5/2N2N2/PPP3PP/2K4R b - -,b7b5 c4d3 h7h6 g5e3 e7f8 h1d1 d8e8 e3g1 f8g8 a2a4,260
8/1bR1nk2/r6p/8/7Q/P5P1/1P3P1P/6K1 b - -,b7b5 c4d3 h7h6 g5e3 e7f8 h1d1 d8e8 e3g1 f8g8 a2a4,Mate
8/p5pp/4k3/5p2/3p4/3K1P2/PP3P1P/8 b - -,f5f4 d3d4 e6d7 b2b4 d7e6 a2a4 g7g6 d4c5 e6e7 c5d5,373
8/R1k5/8/3R4/8/8/8/3K4 b - -,f5f4 d3d4 e6d7 b2b4 d7e6 a2a4 g7g6 d4c5 e6e7 c5d5,Mate
1r4k1/p5pp/8/p4R2/8/1P4PP/1P6/6K1 b - -,,0
r4rk1/1b2qppp/p3p3/1p2P3/3P4/2PB4/P3Q1PP/3R1RK1 b - -,a8c8 c3c4 b5c4 d3c4 a6a5 f1f4 e7g5 f4f2 f8d8 h2h3,-49
8/5N2/4K3/6k1/2B5/8/8/8 b - -,g5g4 c4b5 g4f4 e6d5 f4e3 f7d6 e3f2 d5e4 f2e1 e4e3,187
r1bqkb1r/pppn1pp1/3ppn1p/8/3PP3/3B1N1P/PPP1QPP1/RNB1K2R b KQkq -,c7c5 c2c3 f8e7 e1h1 a7a6 a2a4 e8h8 f1d1 f8e8 c1f4,98
r3kbnr/pppb1ppp/4p3/3pP1q1/3P4/2P2K1P/PPQ2PP1/RNn3NR b kq -,d7b5 b1a3 f8a3 h3h4 g5g6 c2g6 f7g6 a1c1 a3e7 c1a1,-662
2q2k2/pb4pp/7r/1p3RN1/1PpP1p2/P1P4P/4Q1PK/8 b - -,h6f6 g5h7 f8f7 e2h5 f7e7 h7f6 g7f6 h5h7 e7e6 f5h5,659
8/1R2nk2/4r2p/8/7Q/P5P1/1P3P1P/6K1 b - -,h6f6 g5h7 f8f7 e2h5 f7e7 h7f6 g7f6 h5h7 e7e6 f5h5,Mate
r7/5kpp/1PP1b3/3p1p2/2nBp3/3nP1P1/5P1P/1R1R2K1 b - -,a8b8 b1b5 c4b6 d1b1 f7e7 b5b6 b8b6 b1b6 g7g5 b6b8,624
6k1/1p2b1pp/p3Q3/P2pP3/1n1P3p/1P1b1r2/4qPPK/3R3R b - -,g8f8 e6c8 f8f7 h1f1 f3f2 f1f2 e2f2 c8g4 d3f5 g4h5,-668
3r1r2/1b2n2k/1pnq1b1p/p1p1pPpN/3pP1P1/3P1N2/PPPB1KB1/R1Q2R2 b - -,e7g8 f1h1 a5a4 d2g5 f6g5 f3g5 h7h8 g5f3 b7c8 c1d2,307
8/8/7p/K2k1p2/1P6/7P/8/8 b - -,e7g8 f1h1 a5a4 d2g5 f6g5 f3g5 h7h8 g5f3 b7c8 c1d2,Mate
8/R7/1k6/R7/8/8/8/3K4 b - -,e7g8 f1h1 a5a4 d2g5 f6g5 f3g5 h7h8 g5f3 b7c8 c1d2,Mate
8/8/3N4/8/3K4/8/8/1B1k4 b - -,d1c1 b1d3 c1b2 d6c4 b2b3 d3b1 b3a4 b1c2 a4b5 c4a3,169
1r2r1k1/pb3pbp/2pBp1p1/N2n4/8/2P2B2/PP3PPP/R2R2K1 b - -,b7a8 d6b8 e8b8 a1b1 c6c5 c3c4 d5b6 f3a8 b8a8 b2b3,289
r1bqkb1r/pppp2pp/2n2n2/4p3/2P1P3/6P1/PP3PBP/RNBQK1NR b KQkq -,f8c5 b1c3 d7d6 g1f3 e8h8 e1h1 c8e6 d1d3 f6g4 h2h3,-63
6k1/R5pp/8/8/8/6PP/1r6/6K1 b - -,,0
8/8/8/5r2/6kp/8/8/3R3K b - -,,0
r1bqkb1r/pp1n1pp1/3ppn1p/2p5/3PP3/2PB1N1P/PP2QPP1/RNB1K2R b KQkq -,f8e7 e1h1 a7a6 a2a4 e8h8 e4e5 f6d5 e2e4 f7f5 e5f6,86
r4rk1/p1Q2pq1/6p1/5bNp/8/1N6/P1n2RPP/5RK1 b - -,c2e3 f1e1 e3g4 f2e2 g7f6 g5f3 f5d3 e2e7 f8c8 c7g3,-97
8/4k3/4Pp2/2pB1K1p/8/6p1/8/8 b - -,h5h4 d5g2 c5c4 f5e4 f6f5 e4f5 c4c3 f5g4 c3c2 g4h4,-724
8/8/7p/KP1k4/5p2/7P/8/8 b - -,e7d6 f5f4 g3g2 d5g2 d6e6 g2f3 h5h4 f4g4 e6e5 g4h4,Mate
1kR5/1p2r2p/p2N4/8/8/P3P1P1/1P2K2P/8 b - -,b8a7 d6f5 e7f7 f5d4 f7g7 c8f8 b7b6 f8f5 a6a5 a3a4,634
r2q2k1/1p1b3p/2npp1pb/p1p2r1n/P4PP1/1B1P1N1Q/1PP1N2P/R1B2RK1 b - -,f5f6 g4h5 g8h8 h5g6 f6g6 g1h1 c6e7 e2g3 d8e8 f3h4,330
7r/5p2/3p1k2/p1p3p1/P1B2nP1/1P3P2/1P1K4/3R4 b - -,d6d5 c4b5 h8h3 d1f1 f6e5 d2c1 f4e6 f1e1 e5d6 e1f1,-319
1kr4r/1pp1RR2/p2p2pp/5p2/8/P2P1P2/1PP3PP/1K6 b - -,b8a7 b1c1 h8e8 c1d2 a7b6 e7e8 c8e8 f7f6 e8g8 h2h4,167
Q2R4/6pk/2p1p3/6pr/5b2/7P/PPP2PP1/5RK1 b - -,b8a7 b1c1 h8e8 c1d2 a7b6 e7e8 c8e8 f7f6 e8g8 h2h4,Mate
3r1rk1/pb2n3/1pnq1b1p/2p1pPpN/3pP1P1/3P4/PPPB2BN/R1Q2RK1 b - -,a7a5 h2f3 g8f7 h5f6 d6f6 d2g5 h6g5 f3g5 f7g8 g5e6,132
8/8/8/6k1/8/R6N/3K1P2/8 b - -,a7a5 h2f3 g8f7 h5f6 d6f6 d2g5 h6g5 f3g5 f7g8 g5e6,Mate
r2q1rk1/1b3ppp/p4b2/1p6/1P1BpPQ1/P3P3/4N1PP/2RR2K1 b - -,f6d4 e2d4 d8f6 g4f5 f6f5 d4f5 g7g6 f5d6 b7c8 c1c5,145
r6k/6p1/pp3p1p/2p1r3/1PQ4P/P4P2/6P1/6K1 b - -,b6b5 c4c3 c5c4 a3a4 e5d5 g2g4 a8e8 g1f2 d5d3 c3c1,-330
1r3rk1/5ppp/p3b3/3pb3/5B2/1P1B1Q2/PqPK2PP/3R3R b - -,f7f6 d2e1 b8c8 h2h3 f8e8 e1f1 e6f7 f1g1 e5f4 f3f4,-96
8/5k2/4pp2/7P/1b6/3KB3/rPP2P2/6R1 b - -,a2a8 h5h6 b4f8 h6h7 f8g7 b2b4 f6f5 d3c4 f5f4 e3c5,531
8/8/1P5p/K2k4/8/5p1P/8/8 b - -,a2a8 h5h6 b4f8 h6h7 f8g7 b2b4 f6f5 d3c4 f5f4 e3c5,Mate
3r2k1/5pp1/4pq1p/1Rb2r2/2P1Q3/5NP1/5PKP/5R2 b - -,g7g5 h2h4 f6c3 h4g5 h6g5 f1e1 c3a3 e1e2 d8d1 b5b8,-20
r3k2r/p1p1qppp/4b3/8/2P2P2/1P6/P2PQ1PP/R1B1K2R b KQkq -,e7h4 g2g3 h4f6 e2e5 e8a8 e5f6 g7f6 c1a3 e6g4 a3c5,196
r4rk1/p1Q2pq1/6p1/5bNp/8/1N2n3/P4RPP/4R1K1 b - -,e3g4 f2e2 g7f6 g5f3 f5d3 e2e7 f8c8 c7g3 g4h6 b3d4,-106
6k1/1p3p2/p2b1Rpp/2rP4/4rP2/2B5/PPP3PP/R4K2 b - -,d6e7 f6b6 e4f4 f1e2 c5d5 b6b7 e7f6 e2e3 g6g5 g2g3,53
1r5k/pp2P1pp/8/3B4/b1P3p1/P7/7P/2K2R2 b - -,g7g5 f1f8 h8g7 f8b8 g7g6 c1d2 g4g3 h2g3 h7h5 e7e8q,757
2r3k1/1bq2p1p/p2bp1pP/4n1P1/1P1pPB2/3B1P2/P1P1N2Q/KR6 b - -,f7f5 g5f6 g8f7 b1b2 e5f3 f4d6 f3h2 d6c7 c8c7 e2d4,128
8/p4p2/8/k1K5/8/8/5P2/8 b - -,a5a4 c5c4 a7a5 c4c3 a4b5 c3b3 f7f5 b3c3 b5c5 c3d3,-9605
8/R7/2k5/R7/8/8/3K4/8 b - -,a5a4 c5c4 a7a5 c4c3 a4b5 c3b3 f7f5 b3c3 b5c5 c3d3,Mate
8/4rpk1/2pn3p/pp1p2p1/2PP2P1/PP1KNP2/7P/3R4 b - -,,0
r2q1rk1/1pp2pp1/p1n1bN1p/8/2BPP3/P4N1P/1PP3P1/R2Q1RK1 b - -,g8h8 c4e6 f7e6 f6g4 f8f3 d1f3 d8d4 g1h1 c6e5 g4e5,543
8/6pp/p3p1k1/2B5/8/P1N2R2/KPP2PP1/4q3 b - -,e1c1 a2b3 h7h6 c5e3 c1h1 f3h3 h1f1 h3g3 g6f6 g3g4,521
r1b2rk1/ppq3pp/2nBp3/3p4/3P2n1/3B1NP1/PP2NP1P/R2Q1RK1 b - -,c7b6 d6f8 g8f8 d3h7 e6e5 d4e5 c6e5 f3e5 g4e5 e2f4,603
8/4k3/8/8/8/1R6/K7/4r3 b - -,,0
r1bq1rk1/pp2ppb1/2n2npp/2ppN3/3P1BPP/2N1P3/PPP1BP2/R2QK2R b KQ -,c5d4 e5c6 b7c6 e3d4 d8b6 a1b1 f8e8 f4e5 f6d7 e5g7,-79
r1b1r1k1/1p5p/2p1P1p1/p2pR2q/P2Q4/1NP2N1P/1P3PP1/6K1 b - -,c6c5 b3c5 h5h6 f3g5 h6f8 c5d7 f8g7 d4d5 e8e7 d7b6,573
2kr3r/pp3p1p/2n5/3Np3/8/P3P3/1PQ2PqP/2KR2R1 b - -,g2g1 d5e7 c8c7 d1g1 d8d6 c1b1 c7b8 c2c5 h8d8 e7c6,561
7R/kp2r2p/p2N4/8/8/P3P1P1/1P2K2P/8 b - -,e7e6 d6f5 e6f6 f5d4 h7h6 b2b4 b7b6 h8h7 a7b8 h2h4,630
8/R7/3k4/R7/8/3K4/8/8 b - -,e7e6 d6f5 e6f6 f5d4 h7h6 b2b4 b7b6 h8h7 a7b8 h2h4,Mate
rnb1kbnr/ppq2ppp/2p5/4p3/2P5/2N2N2/PPQ1PPPP/R1B1KB1R b KQkq -,g8f6 a2a3 a7a5 e2e4 b8a6 f1e2 c8g4 e1h1 g4f3 e2f3,2
rn1q1rk1/4bppp/b3pn2/pp1p4/3PP3/1PN3P1/P2N1PBP/R1BQR1K1 b - -,a8a7 e4e5 f6d7 d2f3 d8b6 c3e2 f8c8 a2a3 a7c7 h2h4,3
r4rk1/1pp2pp1/p1n1bq1p/3P4/2B1P3/P4N1P/1PP3P1/R2Q1RK1 b - -,f6b2 d5e6 f7e6 c4e6 g8h8 e6g4 a8d8 d1e1 c6e5 f3e5,417
8/8/5k2/8/8/4R2N/3K1P2/8 b - -,f6b2 d5e6 f7e6 c4e6 g8h8 e6g4 a8d8 d1e1 c6e5 f3e5,Mate
r1bq1rk1/pp2ppb1/2n2npp/3pN3/3P1BPP/2N5/PPP1BP2/R2QK2R b KQ -,d8b6 e5c6 b7c6 a1b1 f8e8 f4e5 f6d7 e5g7 g8g7 f2f4,-94
r1bqkb1r/3p1ppp/p1n1p3/np4P1/4PP2/1NN1B3/PPP4P/R2QKB1R b KQkq -,c8b7 d1d2 f8b4 e1a1 e8h8 d2f2 d7d6 h2h4 a5c4 f1c4,64
8/5k2/4pp1P/8/1b6/3KB3/1rP2P2/6R1 b - -,b4e7 h6h7 b2b8 e3h6 b8d8 d3e2 d8h8 g1g7 f7f8 g7g8,806
6k1/8/4p3/5p1p/3P2p1/b3P1P1/KN3P1P/1Rr5 b - -,a3b2 a2b2 c1c8 h2h4 g4h3 b1h1 g8h7 h1h3 h7g6 h3h1,13
6k1/5p1p/p1rr4/1p2Kp2/1P1R4/1P6/4B2P/8 b - -,f7f6 e5f4 d6d4 f4e3 d4d8 e2f3 c6c3 e3e2 c3b3 h2h4,-948
4k1Q1/pp1p1r2/2p1rB2/2q1P3/8/1P1P4/P4P1P/R5RK b - -,c5f8 d3d4 f8g8 g1g8 f7f8 g8f8 e8f8 f2f4 f8f7 a1e1,631
8/p4p2/8/8/k1K5/8/5P2/8 b - -,f7f5 c4d4 a4b5 d4e5 a7a5 e5d4 b5b4 d4d3 b4b3 d3d2,-20000
8/8/R3k3/R7/8/3K4/8/8 b - -,f7f5 c4d4 a4b5 d4e5 a7a5 e5d4 b5b4 d4d3 b4b3 d3d2,Mate
r2qkb1r/pQ3ppp/4bn2/8/2pn4/P7/BPPN1PPP/R1B1K1NR b KQkq -,d4c2 e1e2 c2a1 a2c4 e6c4 d2c4 d8e7 b7e7 f8e7 g1f3,-502
r1bqk1nr/pp1n1ppp/2p5/3Pp3/3P4/1N2P3/PP3PPP/R2QKBNR b KQkq -,c6d5 d4e5 d7e5 f1b5 e8e7 g1e2 a7a6 d1d4 d8d6 b5d3,56
8/8/KPk4p/8/8/5p1P/8/8 b - -,c6d5 d4e5 d7e5 f1b5 e8e7 g1e2 a7a6 d1d4 d8d6 b5d3,Mate
8/6pp/p3p1k1/2B5/4N3/P4R2/KPPq1PP1/8 b - -,d2e2 f3g3 g6h5 g3g5 h5h4 g2g3 h4h3 e4c3 e2c4 a2a1,374
Q6R/6pk/2p1p3/7r/5bp1/7P/PPP2PP1/5RK1 b - -,d2e2 f3g3 g6h5 g3g5 h5h4 g2g3 h4h3 e4c3 e2c4 a2a1,Mate
rn1q1rk1/4bppp/b3pn2/p2p4/Np1PP3/1P4P1/P2N1PBP/R1BQR1K1 b - -,a8a7 e4e5 f6d7 d2f3 a7c7 h2h4 d8c8 c1f4 a6b5 g2f1,10
1r6/5pk1/pr4p1/5n1p/R2N1P1P/6P1/1P1R1K2/8 b - -,f5d4 a4d4 b6b2 d2b2 b8b2 f2f3 b2b6 d4d5 b6b3 f3g2,-64
6k1/4q1p1/2p4p/p4p2/P1Pp1P2/1P6/2PQ1KPP/8 b - -,e7h4 f2f1 h4h2 d2d4 h2h1 f1f2 h1c1 c2c3 g8h8 d4e5,93
8/5k2/8/4R3/8/7N/3K1P2/8 b - -,e7h4 f2f1 h4h2 d2d4 h2h1 f1f2 h1c1 c2c3 g8h8 d4e5,Mate
r3kb1r/ppp2ppp/2B5/4P3/1q4b1/5NP1/PPP4P/R1BQ1RK1 b kq -,b7c6 c1e3 b4e4 d1e2 f8e7 e2f2 e8h8 a1e1 e4d5 f2g2,-58
r7/pP3kpp/2P1b3/n2p1p2/3Bp3/3nP1P1/5P1P/1R1R2K1 b - -,a8b8 d4a7 a5c6 a7b8 c6b8 b1a1 d3e5 d1c1 d5d4 e3d4,586
7r/ppp1kppp/2p1b3/2b1P3/8/2NR1N2/PPP2PPP/6K1 b - -,e6f5 d3d2 h8d8 c3a4 d8d2 f3d2 c5d4 d2f3 f5c2 f3d4,-105
2k5/6r1/8/8/4K3/8/8/8 b - -,e6f5 d3d2 h8d8 c3a4 d8d2 f3d2 c5d4 d2f3 f5c2 f3d4,Mate
8/4rpk1/2pn3p/pp1p2p1/3P2P1/PP1KNP2/2P4P/R7 b - -,,0
4k3/4R3/4r2p/8/7Q/P5P1/1P3P1P/6K1 b - -,e6e7 h4h6 e8f7 g1g2 f7g8 h6g6 g8f8 g6f6 e7f7 f6h8,Mate
3rk1r1/pb3p1p/1pn2b2/1B2p3/3N4/2P3P1/PP3P1P/R2KR3 b - -,e8f8 b5c6 b7c6 d1e2 e5d4 c3d4 c6g2 e1g1 g2b7 g1e1,-632
r2q2k1/1p1b3p/2npp1pb/p1p4P/P4r2/1B1P1N1Q/1PP1N2P/R1B2RK1 b - -,d8f6 e2f4 h6f4 c1f4 f6f4 b3e6 d7e6 h3e6 g8h8 g1h1,571
8/6k1/8/4R3/5P2/7N/3K4/8 b - -,c5c4 e2f4 h6f4 b3c4 d6d5 h5g6 h7g6 c1f4 d5c4 h3h6,Mate
1r1q1rk1/3p2pp/Q1p2p2/p3p3/P1N5/2P1KN2/1P4PP/R4B1n b - -,,0
2k5/8/8/8/6r1/4K3/8/8 b - -,f6f5 c4e5 b8b2 a6c4 d7d5 c4c6 h1f2 e3d4 g8h8 f1b5,Mate
rnb1kb1r/ppq2ppp/2p2n2/4p3/2P5/2N2N1P/PPQ1PPP1/R1B1KB1R b KQkq -,a7a5 e2e4 f6d7 f1e2 d7c5 e1h1 f8e7 c1e3 b8a6 a2a3,5
6k1/8/4p3/5p1p/3P2p1/4P1P1/1K3P1P/1Rr5 b - -,c1c8 b1c1 c8b8 b2c2 b8a8 c2d2 g8f7 c1c5 h5h4 e3e4,11
8/5pk1/p3p3/1n6/6r1/P5P1/2N1PK2/R7 b - -,b5c3 f2f3 f7f5 c2e3 g4a4 a1c1 c3e4 g3g4 e4g5 f3g2,-47
8/3k4/R7/R7/3K4/8/8/8 b - -,a6a5 a1d1 g4c4 c2e3 c4a4 d1b1 b5d6 b1b3 f7f5 b3d3,Mate
2kr3r/pp3p1p/2n5/3NpQ2/8/P3P3/1P3PqP/2KR3R b - -,d8d7 d5f6 c8c7 d1g1 g2g1 h1g1 d7d6 c1b1 a7a6 f6e4,555
r2qkb1r/pQ3ppp/4bn2/8/2pn4/P7/BPP2PPP/RNBK2NR b kq -,a8b8 b7a6 e6g4 g1f3 d4f3 c1d2 f3d2 d1c1 d2b3 c2b3,-617
8/5k2/3bpp1P/8/3B4/3K4/1rP2P2/6R1 b - -,b2b1 g1b1 f7g6 b1h1 d6f8 h6h7 f8g7 d4e3 f6f5 d3c4,913
8/1P6/K1k4p/8/8/7P/5p2/8 b - -,b2b1 g1b1 f7g6 b1h1 d6f8 h6h7 f8g7 d4e3 f6f5 d3c4,Mate
4k3/4r3/7Q/8/8/P5P1/1P3P1P/6K1 b - -,e8d7 g1g2 e7e6 h6g7 e6e7 g7g4 d7e8 h2h4 e8f7 g4f5,1464
r2r1b2/pb3kpp/1npp1p2/5N2/2P2B1P/6R1/PP3PP1/2KR1B2 b - -,b6c8 g3b3 b7a6 b3a3 a6b7 c4c5 d6d5 a3a5 d8e8 g2g3,303
4kqQ1/pp1p1r2/2p1rB2/4P3/8/1P1P4/P4PRP/R6K b - -,d7d6 g8f8 f7f8 d3d4 a7a5 g2g7 f8f7 g7g8 f7f8 g8f8,633
3r1kr1/pb3p1p/1pn2b2/1B2p3/3N4/2P3P1/PPK2P1P/R3R3 b - -,e5d4 a1d1 f8g7 b5c6 b7c6 d1d4 d8d4 c3d4 c6d7 c2d2,-645
2k5/8/8/8/r7/8/3K4/8 b - -,e5d4 a1d1 f8g7 b5c6 b7c6 d1d4 d8d4 c3d4 c6d7 c2d2,Mate
r1bqkb1r/pppn1pp1/4p2p/3pP3/3P4/2N2N2/PPP1BPPP/R2QK2R b KQkq -,c7c5 e1h1 a7a6 f1e1 c5d4 d1d4 d8b6 d4b6 d7b6 a2a4,-54
r1b2rk1/ppqnppbp/2pp1np1/8/1PPP4/2N1PN2/PB2BPPP/R2Q1RK1 b - -,a7a5 b4b5 e7e5 a1c1 e5d4 d1d4 d7c5 f1d1 f8d8 d4h4,58
2r3k1/1bq2p1p/p2bp1pP/4n1P1/1P1pPB2/2nB1P2/P1P1N2Q/KR5R b - -,c3e2 f4e5 d6e5 h2e2 e5f4 b1b3 f4g5 a1b1 c7d6 b4b5,125
8/5k2/8/4R1N1/5P2/8/3K4/8 b - -,c3e2 f4e5 d6e5 h2e2 e5f4 b1b3 f4g5 a1b1 c7d6 b4b5,Mate
5rk1/5ppp/p3b3/3pq3/1r6/1P1B1Q2/P1PK2PP/3RR3 b - -,e5b2 f3h5 g7g6 h5e5 b2a3 d2e3 b4h4 h2h3 a3c5 e3d2,-31
8/4rp2/2pn2kp/pp1p2p1/P2P2P1/1P1KNP2/2P4P/R7 b - -,b5b4 a1c1 f7f5 c2c3 b4c3 c1c3 f5f4 e3c2 e7c7 c2e1,17
r1b1kb1r/pp2pppp/2n5/2p1P3/6n1/2N2N2/PPP2PPP/R1B1KB1R b kq -,c6e5 c1f4 f7f6 c3b5 e8d8 a1d1 c8d7 f4e5 g4e5 f3e5,39
r2q1rk1/4bppp/b1n1pn2/p2p4/Np1PP3/1P4P1/PB1N1PBP/R2QR1K1 b - -,a6b5 a4c5 a8c8 a1c1 h7h6 g2h3 e7c5 c1c5 d8b6 e4d5,-13
8/3k4/2p1r3/2p5/2R5/2Pp4/1P1K4/8 b - -,,0
3r2k1/2R2ppp/p2N4/1p4P1/1Pb1p3/P3P3/6PP/6K1 b - -,h7h6 c7c6 h6g5 g1f2 c4d3 c6a6 f7f6 d6b7 d8d7 b7c5,24
r1bqkb1r/pp2pppp/5n2/2np4/1P3B2/2N1P3/P1P2PPP/R2QKBNR b KQkq -,c5e4 c3e4 d5e4 d1d8 e8d8 g1e2 e7e6 a2a3 a7a5 b4b5,-2
1r1q1rk1/6pp/2Q2p2/p2pp3/P1N5/2P1KN2/1P4PP/R4B1n b - -,f8e8 a1d1 d5d4 c3d4 e5d4 e3d2 h1f2 d1e1 e8e7 e1e2,151
q5rk/1bR2pp1/pp3n1p/2P5/1P5n/P6P/3rNP2/BRQ2BK1 b - -,b7e4 c5b6 h4f3 g1g2 a8d5 e2g3 e4b1 c1b1 f3h4 g2g1,-424
8/KP6/2k4p/8/8/7P/8/5q2 b - -,f6e4 b1b3 b7d5 b3d3 e4g5 d3d2 g5f3 g1h1 f3d2 h1g1,Mate
b7/2P5/8/4k2p/2P1B3/7K/8/8 b - -,,0
8/5p2/8/p7/k1K2P2/8/8/8 b - -,a8e4 h3h4 e4f5 h4h5 e5d6 h5g5 f5c8 g5f4 d6c7 f4e3,Mate
8/4k3/R7/R3K3/8/8/8/8 b - -,a8e4 h3h4 e4f5 h4h5 e5d6 h5g5 f5c8 g5f4 d6c7 f4e3,Mate
r4rk1/p4pq1/6p1/3n1bNp/2Q5/1N6/P4RPP/4R1K1 b - -,f8d8 c4d4 d5c3 d4c4 a8c8 c4a6 c8c7 f2d2 g7f8 a6f6,-108
7r/ppp1kppp/2p5/2b1Pb2/8/2N2N2/PPPR1PPP/6K1 b - -,h8d8 c3a4 d8d2 f3d2 c5d4 d2f3 f5c2 f3d4 c2a4 f2f4,-99
4k3/8/7Q/8/8/P5P1/1P3PKP/4r3 b - -,h8d8 c3a4 d8d2 f3d2 c5d4 d2f3 f5c2 f3d4 c2a4 f2f4,Mate
8/6k1/8/4R1N1/5P2/3K4/8/8 b - -,h8d8 c3a4 d8d2 f3d2 c5d4 d2f3 f5c2 f3d4 c2a4 f2f4,Mate
8/6k1/p3p3/1n3p2/6r1/P4KP1/2N1P3/R7 b - -,g4c4 c2b4 c4c3 f3f2 a6a5 b4d3 c3a3 a1g1 b5c3 g3g4,-38
8/8/1k1r4/8/8/1K6/8/8 b - -,a6a5 a1d1 g7f6 d1d3 g4a4 f3f2 f6e7 f2f3 a4c4 c2e3,Mate
6k1/6p1/p2p1p1p/2nP1P2/p1P1r3/5N1q/1R3Q2/4R1K1 b - -,e4g4 f2g2 h3f3 e1f1 g4g2 b2g2 f3e3 g1h2 g8f7 g2c2,-605
6k1/5p1p/p1r5/1p3p2/1P1K4/1P6/4B2P/8 b - -,c6h6 e2f3 h6h2 d4e5 g8g7 f3d1 h2d2 d1h5 d2d3 e5f5,-722
r2R2k1/2R2ppp/p7/1p3NP1/1Pb1p3/P3P3/6PP/6K1 b - -,a8d8 f5d4 d8a8 a3a4 a8f8 a4a5 f7f6 g5g6 h7g6 c7a7,200
r1bq1rk1/pp2ppb1/2n2npp/2ppN3/3P1B1P/2N1P3/PPPQBPP1/R3K2R b KQ -,d8a5 a2a3 c5d4 e3d4 h6h5 e1a1 c8e6 f2f3 f8c8 g2g4,31
rn1qk2r/pp3ppp/2pbpn2/4Nb2/P1pPP3/2N2P2/1P4PP/R1BQKB1R b KQkq -,e8h8 e4f5 e6f5 f1c4 b8d7 f3f4 c6c5 c1e3 c5d4 e3d4,303
1r6/5kR1/3bpp1P/8/3B4/3K4/2P2P2/8 b - -,f7f8 d4f6 b8b1 h6h7 b1h1 g7b7 f8e8 f2f3 d6g3 h7h8r,Mate
3r1kr1/p4p1p/1pb2b2/8/3p4/2P3P1/PPK2P1P/3RR3 b - -,c6a4 b2b3 a4d7 d1d4 f6d4 c3d4 f8g7 c2b1 d7f5 b1a1,-671
5k2/8/8/4R1N1/4KP2/8/8/8 b - -,c6a4 b2b3 a4d7 d1d4 f6d4 c3d4 f8g7 c2b1 d7f5 b1a1,Mate
r1bqk2r/pppp1ppp/1b6/3Bn3/3Pn3/2P5/PP3PPP/RNBQ1RK1 b kq -,e8h8 d4e5 e4c5 b2b4 c5e6 b1d2 d7d6 e5d6 c7c6 d5b3,56
2bqr1k1/4np1p/1p1p2pb/2nPp3/1BP1P3/2N2N2/4BPPP/QR4K1 b - -,c8g4 a1a2 g4d7 b4c5 d6c5 a2b2 e7c8 b1a1 h6g7 a1a6,92
8/6pp/p3pRk1/2B5/4N3/P7/KPq2PP1/8 b - -,g7f6 e4c3 c2d3 a2b3 h7h5 g2g3 g6f5 a3a4 f5g4 a4a5,-646
8/4rpk1/2pn3p/pp1p2p1/3P2P1/PP1KNP2/2P4P/2R5 b - -,,0
r2q1rk1/pp4b1/3p3p/2p1pB2/2Pn4/2N5/PP4PP/R1BQ1RK1 b - -,a7a6 f5e4 d8h4 c1e3 f8f1 d1f1 a8f8 f1d3 b7b5 a1f1,527
r4rk1/1pp2pp1/p3bq1p/n2P4/4P3/P4N1P/BPP3P1/R2Q1RK1 b - -,f6b2 d5e6 f7e6 d1d4 b2c2 a2e6 g8h8 a1c1 c7c5 d4g7,483
r2qk2r/p1p1bppp/2p5/3p4/4N3/8/PPP2PPP/R1BQR1K1 b - -,d5e4 d1g4 e8f8 g4e4 e7d6 e4c6 a8b8 c1e3 h7h5 b2b3,267
r2qr1k1/1pp2pp1/p1n1bn1p/2b1p3/3pP3/2PP1NNP/PPBB1PP1/2RQR1K1 b - -,d4c3 b2c3 f6h7 d1e2 h7f8 d2e3 c5e3 f2e3 f8g6 d3d4,50
r1bq1rk1/pp2ppb1/2n2npp/3pN3/3P1B1P/2N5/PPPQBPP1/R3K2R b KQ -,f6e4 e5c6 b7c6 c3e4 d5e4 f4h6 g7h6 d2h6 d8d4 h4h5,65
r2q2k1/1p1b3p/2npp1pb/p1p4P/P7/1B1P1Q2/1PP1N2P/R1B2RK1 b - -,h6c1 a1c1 c6e5 f3f6 d8f6 f1f6 b7b5 b3e6 d7e6 f6e6,461
8/8/8/2r5/k7/8/1K6/8 b - -,h6c1 a1c1 c6e5 f3f6 d8f6 f1f6 b7b5 b3e6 d7e6 f6e6,Mate
r4rk1/p1Q2pq1/1n4p1/5bNp/8/1N6/P4RPP/4R1K1 b - -,f8c8 c7b7 g7f6 h2h4 c8e8 e1e8 a8e8 b7a7 e8e1 f2f1,-89
6k1/8/8/3KR1N1/5P2/8/8/8 b - -,f8c8 c7b7 g7f6 h2h4 c8e8 e1e8 a8e8 b7a7 e8e1 f2f1,Mate
4Q2R/6p1/2p1p1k1/7r/5bp1/7P/PPP2PP1/5RK1 b - -,f8c8 c7b7 g7f6 h2h4 c8e8 e1e8 a8e8 b7a7 e8e1 f2f1,Mate
8/4rp2/2pn2kp/pp1p2p1/2PP2P1/PP1KNP2/7P/2R5 b - -,d5c4 b3c4 d6c4 e3c4 b5c4 c1c4 e7e6 c4c5 e6f6 d3e3,47
6k1/8/2r1p3/5p1p/3P2p1/4P1P1/1K3P1P/2R5 b - -,c6b6 b2c3 g8f7 c3d3 b6b8 c1c7 f7g6 c7c6 g6f7 e3e4,23
8/3qr1Qp/6pk/6R1/6PP/8/8/1K6 b - -,c6b6 b2c3 g8f7 c3d3 b6b8 c1c7 f7g6 c7c6 g6f7 e3e4,Mate
8/8/p3pk2/1n3p2/6r1/P4KP1/2N1P3/3R4 b - -,b5c3 d1d3 c3e4 f3g2 g4g8 c2d4 e6e5 d4f3 g8g3 g2f1,-49
rn2kbnr/pp2pppp/2p3q1/8/5Nb1/2NP1B2/PPP2PPP/R1BQK2R b KQkq -,g6f6 f3g4 h7h5 g4c8 e7e5 c8b7 e5f4 b7a8 e8d7 e1h1,558
8/2k5/3R4/2R1K3/8/8/8/8 b - -,g6f6 f3g4 h7h5 g4c8 e7e5 c8b7 e5f4 b7a8 e8d7 e1h1,Mate
5k2/p4B2/1n4Q1/7p/8/8/PB3P1P/6K1 b - -,g6f6 f3g4 h7h5 g4c8 e7e5 c8b7 e5f4 b7a8 e8d7 e1h1,Mate
1r1q1r1k/6pp/2Q2p2/pB2p3/P7/2P1KN2/1P4PP/R6n b - -,,0
r2r2k1/pbpqbppp/1n2p3/3nP1B1/2pP4/P1N2N2/1P1QBPPP/2RR2K1 b - -,d8b8 c3e4 d7e8 e4c5 e7f8 g5h4 h7h6 h2h3 b7c6 e2c4,50
8/1pp2k1p/6r1/RPPp4/P2r4/8/7P/R6K b - -,d4c4 a5a7 c4c5 a7b7 g6b6 b7b6 c7b6 a4a5 b6a5 a1a5,-1
6k1/8/1r2p3/5p1p/3P2p1/2K1P1P1/5P1P/2R5 b - -,g8f7 h2h4 g4h3 c1h1 b6a6 h1h3 a6a2 h3h2 f7e7 c3d3,17
4k3/8/7Q/8/7P/P5P1/1P3PK1/r7 b - -,g8f7 h2h4 g4h3 c1h1 b6a6 h1h3 a6a2 h3h2 f7e7 c3d3,Mate
8/6k1/4K3/4R1N1/5P2/8/8/8 b - -,g8f7 h2h4 g4h3 c1h1 b6a6 h1h3 a6a2 h3h2 f7e7 c3d3,Mate
r1bq1rk1/pp1n1pb1/2pp1npp/8/3NP2B/2NB4/PPPQ1PPP/2KRR3 b - -,d8b6 d3f1 d7c5 f2f3 b6c7 c1b1 f6e8 f3f4 b7b5 e4e5,76
r1bqkb1r/pp2pppp/5n2/3p4/1P2NB2/4P3/P1P2PPP/R2QKBNR b KQkq -,d5e4 d1d8 e8d8 g1e2 e7e6 a2a3 a7a5 b4b5 f6d5 f4e5,5
5rk1/1RR5/3pBp1b/1p1Pp1pp/3pP3/3P2P1/3K3P/r7 b - -,d5e4 d1d8 e8d8 g1e2 e7e6 a2a3 a7a5 b4b5 f6d5 f4e5,Mate
1r3k2/6R1/3bpB1P/8/8/3K4/2P2P2/8 b - -,d5e4 d1d8 e8d8 g1e2 e7e6 a2a3 a7a5 b4b5 f6d5 f4e5,Mate
r1b2rk1/pp2ppb1/1qn2npp/3pN3/3P1B1P/2N5/PPPQBPP1/2KR3R b - -,a7a5 h4h5 g6g5 f4g5 c6e5 d4e5 f6e4 c3e4 d5e4 g5f4,148
r2q1rk1/pp2bpp1/2n1b2p/3p1p2/2PP4/P1N2N2/1PQ1BPPP/R4RK1 b - -,a8c8 f1e1 e7f6 a1d1 c8c7 e2f1 c7d7 c4c5 a7a6 c3a4,40
r1b2rk1/ppq3pp/2nBp3/3p3n/3P4/3B1NP1/PP2NP1P/R2Q1RK1 b - -,c7f7 f3g5 f7f6 d3h7 g8h8 f2f4 g7g6 d6f8 f6f8 h7g6,642
rn1r2k1/pp3ppp/4bn2/2b5/P3P2P/2NN1P2/1P1B2P1/R2K1B1R b - -,b8a6 d1e1 a6b4 d3b4 c5b4 d2e3 f6d7 e1f2 d7c5 f1e2,78
2rq1rk1/4bppp/b1n1pn2/p2pP3/Np1P4/1P4P1/PB1N1PBP/R2QR1K1 b - -,f6d7 a1c1 a6b5 g2f1 b5f1 d2f1 d7b6 a4b6 d8b6 f1e3,-35
5r1k/ppp4p/1b1p2p1/n3p3/4P3/2PPB3/PP3PPP/R4RK1 b - -,b6e3 f2e3 h8g7 f1f3 a5c6 a1f1 f8f3 g2f3 g7f7 b2b4,438
r4rk1/p1Q2p2/1n3qp1/5b1p/4N3/1N6/P4RPP/4R1K1 b - -,f6d8 c7d8 f8d8 e4f6 g8f8 f6h5 d8e8 e1f1 a8d8 f1c1,-20
3r2k1/2R2ppp/p2N4/1p4P1/1P2p2P/P2bP3/6P1/6K1 b - -,g8f8 d6f7 d8d5 g5g6 h7g6 f7g5 d5d6 c7f7 f8e8 f7g7,242
2Q5/8/8/4k2p/2P1b3/7K/8/8 b - -,,0
8/4rp2/2pn2kp/p2p2p1/2PP2P1/P2KNP2/7P/2R5 b - -,d6c4 e3c4 d5c4 d3c4 f7f5 c4c5 f5g4 f3g4 e7e4 h2h3,28
8/1k1r4/2R5/2K5/2P5/8/8/8 b - -,,0
8/5p2/8/p7/5P2/k1K5/8/8 b - -,d7d3 c6b6 b7c7 b6g6 d3d7 c5b5 c7b7 g6g2 d7h7 c4c5,Mate
r2q1rk1/3bbpp1/p1n2n1p/1p1NpP2/P1p1P3/1PP3P1/3NQ1BP/R1B2RK1 b - -,c4b3 a4b5 f6d5 e4d5 c6a5 d5d6 e7d6 f5f6 d6c5 g1h1,-14
8/3qr2p/6Rk/8/3Q2PP/8/8/1K6 b - -,h6g6 h4h5 g6g5 d4d7 e7d7 b1b2 d7d4 b2c1 d4g4 h5h6,-6687
2kr3r/pp2Np1p/2n5/4p3/8/P3P3/1PQ2P1q/2KR2R1 b - -,c8c7 e7c6 b7c6 c2f5 h8f8 c1b1 d8d6 b1a1 f8d8 d1c1,108
8/5p2/8/p1ppk1p1/P4nP1/1P3P2/1P2B2r/3KR3 b - -,f4e2 b3b4 c5b4 e1e2 h2e2 d1e2 e5f4 e2f2 d5d4 f2e2,-762
8/1p3r1p/pk6/2R2N2/1P2P3/P3K1P1/7P/8 b - -,f7f6 e3f4 f6g6 h2h4 h7h6 c5d5 b6a7 h4h5 g6c6 f4e5,679
r3k1nr/pp1bb1pp/1qn1p3/3pP3/8/P2B1N2/1P3PPP/RNBQR1K1 b kq -,e7c5 g1h1 c5f2 e1f1 f2e3 b1c3 e3c1 a1c1 g8h6 f3g5,107
5rk1/R4ppp/p2N4/1p4P1/1P2p2P/P2bP3/6P1/6K1 b - -,f7f6 a7a6 g7g6 g1h2 f6f5 g2g3 f8d8 h2g2 g8f8 d6b7,210
r1bqkb1r/pppp2pp/5n2/4p3/2PnP3/6P1/PP2NPBP/RNBQK2R b KQkq -,d4e2 d1e2 f8b4 c1d2 b4d2 e2d2 d7d6 b2b3 e8h8 b1c3,14
r1b1k2r/p3qppp/1np1p3/3pP3/5P1P/2N3P1/PPPQ4/2KR1B1R b kq -,e8h8 h4h5 c8d7 d1e1 c6c5 h1h3 a8b8 g3g4 f8c8 c1b1,15
r1b2rk1/pp2ppb1/1qn3pp/3pN3/3PNB1P/8/PPPQBPP1/2KR3R b - -,g7e5 f4e5 d5e4 d2h6 c6e5 h4h5 g6g5 h6g5 g8h7 g5e5,346
r3k2r/pppb1ppp/3b4/3N3Q/3qn3/3B4/PPP2PPP/R1B2RK1 b kq -,h7h6 c1e3 e4f6 e3d4 f6h5 d3e2 d7c6 d5c7 d6c7 e2h5,114
r4r2/1pqBppkp/2bp2p1/p7/2P1P3/2N4P/PPQ2PP1/3R1RK1 b - -,c6d7 c3d5 c7d8 c2c3 f7f6 c4c5 a8c8 c5d6 c8c3 d6e7,220
8/4rp2/2p3kp/p2p2p1/2NP2P1/P2K1P2/7P/2R5 b - -,d5c4 c1c4 e7e6 c4c5 e6f6 d3e4 a5a4 e4e3 h6h5 h2h3,20
8/3k4/2R5/1R1K4/8/8/8/8 b - -,d5c4 c1c4 e7e6 c4c5 e6f6 d3e4 a5a4 e4e3 h6h5 h2h3,Mate
7R/6p1/2p1p3/6kQ/5bp1/7P/PPP2PP1/5RK1 b - -,d5c4 c1c4 e7e6 c4c5 e6f6 d3e4 a5a4 e4e3 h6h5 h2h3,Mate
8/8/p3pk2/1n3p2/r7/P4KP1/2N1P3/3R4 b - -,f6e5 d1b1 e5d6 b1d1 d6c5 d1d3 a4c4 c2a1 c4c3 d3c3,-33
8/6R1/1p1k3p/4pB2/8/Pr1p1P1P/6P1/7K b - -,e5e4 g7d7 d6c6 f3e4 b3a3 h1h2 b6b5 e4e5 d3d2 e5e6,530
r4rk1/1ppb1pp1/p4q1p/n2P4/1P2P3/P4N1P/B1P3P1/R2Q1RK1 b - -,f8e8 e4e5 e8e5 f3e5 f6e5 b4a5 f7f5 d1d2 g8h7 g1h1,505
8/4rp2/2p3kp/p5p1/2RP2P1/P2K1P2/7P/8 b - -,e7e6 c4c5 e6f6 d3e4 a5a4 h2h3 h6h5 e4e3 h5g4 h3g4,23
3R4/ppp1kppp/2p5/2b1Pb2/8/2N2N2/PPP2PPP/6K1 b - -,e7d8 c3a4 c5f8 f3d4 f5d7 d4b3 b7b6 a4c3 g7g5 c3e4,-119
3r3k/2r3pp/p3nN2/1ppqp3/7Q/P2P2RP/5PP1/2R3K1 b - -,h7h6 f6d5 d8d5 h4h5 e6f4 h5e8 h8h7 g1h2 d5d3 e8e5,542
3Q4/8/2k5/8/4K1b1/8/8/8 b - -,h7h6 f6d5 d8d5 h4h5 e6f4 h5e8 h8h7 g1h2 d5d3 e8e5,Mate
8/8/1P1k4/8/1P1K4/8/8/8 b - -,,0
r5k1/pp2q1pp/1b2bp2/4p3/8/4PQP1/PP3P1P/R1B2RK1 b - -,a8e8 a2a4 a7a5 e3e4 b6d4 c1e3 d4b2 a1b1 b2c3 f1d1,97
3Q4/8/2k5/8/3K4/8/4b3/8 b - -,a8e8 a2a4 a7a5 e3e4 b6d4 c1e3 d4b2 a1b1 b2c3 f1d1,Mate
8/5p2/2p1r1kp/p1R3p1/3P2P1/P2K1P2/7P/8 b - -,e6f6 d3e4 a5a4 e4e3 h6h5 h2h3 h5g4 h3g4 f6e6 e3f2,13
8/1B3pkp/8/4P1p1/2p5/8/5K2/8 b - -,c4c3 f2e2 g5g4 e2d3 g7g6 d3c3 g6f5 c3d4 f5f4 b7d5,-23
5rk1/5p1p/R2N2p1/1p4P1/1P2p2P/P2bP3/6P1/6K1 b - -,f7f6 g1h2 f6f5 g2g3 f8b8 h2g2 g8f8 a6a7 b8d8 d6b7,204
3B1k2/6R1/3bp2P/8/8/3K4/2P2P2/8 b - -,f7f6 g1h2 f6f5 g2g3 f8b8 h2g2 g8f8 a6a7 b8d8 d6b7,Mate
r2qr1k1/1pp2pp1/p1n1bn1p/2b1p3/3pP3/2PP1N1P/PPBBNPP1/R2QR1K1 b - -,a8c8 c3d4 c6d4 f3d4 c5d4 e2d4 d8d4 d2c3 d4c5 d3d4,65
8/8/p4k2/1n2pp2/r7/P5P1/2N1PK2/3R4 b - -,b5c3 d1d8 f6e7 d8a8 e7f7 c2e3 c3e4 f2g2 e4d6 e3d5,-7
2rqr1k1/pb3pp1/7p/1Q1p4/3P4/2N5/P4PPP/2R2RK1 b - -,d8b6 b5b6 a7b6 f2f3 c8c4 c3b5 c4a4 b5d6 e8e7 f1f2,-8
8/8/8/3n4/8/3k4/2Qp4/3K4 b - -,d3e3 c2d2 e3e4 d2e1 e4f4 d1e2 f4e4 e2f2 e4d4 f2f3,702
5rk1/5ppp/p3b3/3p2q1/1r6/1P1BQ3/P1PK2PP/3RR3 b - -,g5h4 d2c1 b4g4 e3d2 a6a5 g2g3 h4d8 c1b2 g7g6 a2a3,61
r4rk1/pp2ppbp/2np2p1/8/2P1PP2/qP2BQ2/P1R3PP/1B1R2K1 b - -,a3b4 e3f2 e7e5 g2g3 c6d4 f2d4 e5d4 g1h1 a7a5 a2a4,42
8/5p2/2p2rkp/p1R3p1/3PK1P1/P4P2/7P/8 b - -,a5a4 e4e3 f6e6 e3d2 h6h5 h2h3 h5g4 h3g4 e6d6 d2e3,8
2rq1rk1/3nbppp/b1n1p3/p2pP3/Np1P4/1P3QP1/PB1N1PBP/R3R1K1 b - -,d7b6 a4b6 d8b6 f3g4 h7h5 g4f4 a5a4 b3a4 c6a5 d2b3,-120
7Q/3qr3/6pk/8/6PP/8/8/1K6 b - -,,0
1r1q1r1k/6pp/2Q5/pB3p2/P2Np3/2P1K3/1P4PP/7R b - -,d8h4 h1f1 h4h2 d4e6 f5f4 e3d4 f4f3 g2f3 f8e8 c6d7,56
r4r2/1p1qppkp/2bp2p1/p1P5/4P3/2N4P/PPQ2PP1/3R1RK1 b - -,b7b5 c5d6 a8c8 b2b3 e7d6 c2b2 g7g8 b3b4 a5b4 b2b4,118
5k2/1B3p1p/8/4P1p1/2p5/4K3/8/8 b - -,,0
r1b1kbnr/1p1q2pp/2np4/1P1NppB1/4P3/8/PP3PPP/R2QKB1R b KQkq -,c6d4 a1c1 f8e7 d5c7 e8f8 c7a8 d7d8 g5e7 g8e7 a8c7,178
r1bqkb1r/pR3p1p/3B2p1/1B2p3/8/2P5/P4PPP/3Q1RK1 b kq -,c6d4 a1c1 f8e7 d5c7 e8f8 c7a8 d7d8 g5e7 g8e7 a8c7,Mate
r1b2r2/pp2ppbk/1qn2n1P/3pN1p1/3P4/2N5/PPPQBPP1/2KR3R b - -,b6b2 c1b2 g7h8 e2d3 f6e4 d2g5 h8e5 d4e5 f8g8 c3e4,712
r1b2rk1/pp5p/2nqp1p1/3p3n/3P4/2NB1NP1/PP3P1P/R2QR1K1 b - -,d6d8 d3f1 c8d7 f1g2 h5g7 c3a4 d8f6 d1d2 d7e8 a4c3,103
r3kb1r/pp1bpppp/1Q3n2/2nP4/2B5/2N5/PP1P1PPP/R1B1K1NR b KQkq -,c5d3 c4d3 a7b6 g1f3 g7g6 f3e5 f8g7 e5d7 e8d7 d3b5,525
rnbq1bnr/3ppkpp/p7/1ppP2N1/4P3/8/PPP2PPP/RNBQK2R b KQ -,f7e8 d1f3 g8h6 e1h1 d8b6 b1c3 b6f6 f3g3 d7d6 f2f4,89
8/5p2/2p2rkp/6p1/p1RPK1P1/P4P2/7P/8 b - -,h6h5 h2h3 f6e6 e4d3 f7f5 c4a4 f5f4 a4a6 e6e3 d3d2,3
8/4r3/6RP/3KbB2/5kP1/8/8/8 b - -,e7a7 g6b6 a7a5 d5e6 f4g5 h6h7 e5f6 b6b8 a5a6 e6d5,335
8/p5pp/4k3/5p2/3p1P2/8/PP1K1P1P/8 b - -,a7a5 b2b3 e6d6 d2d3 d6d5 h2h4 g7g6 a2a3 h7h6 b3b4,424
r2r2k1/pb1qbppp/1n2p3/2P1P1B1/2p5/P1R2N2/1P1QBPPP/3R2K1 b - -,e7g5 d2c2 d7e7 c5b6 d8d1 e2d1 a7b6 c3c4 a8d8 d1e2,53
8/3k2Q1/8/8/7P/P5P1/1P3PK1/r7 b - -,e7g5 d2c2 d7e7 c5b6 d8d1 e2d1 a7b6 c3c4 a8d8 d1e2,Mate
r1bqk2r/ppp2ppp/1bn5/1B1pp3/3Pn3/2P2N2/PP3PPP/RNBQR1K1 b kq -,e5d4 c3d4 e8h8 b1c3 c8f5 b5c6 b7c6 h2h3 c6c5 d4c5,-106
r1b1k1nr/ppqn1ppp/2pb4/8/2PQ4/2N2N2/PP2PPPP/R1B1KB1R b KQkq -,g8f6 d4e3 d6e7 g2g3 d7c5 f1g2 e8h8 e1h1 f8e8 e3f4,60
8/4kp1p/8/3BP1p1/2p5/4K3/8/8 b - -,,0
k7/P7/8/8/8/1K6/6R1/r7 b - -,,0
r1bq1rk1/1p3ppp/2pp4/p1bPn2B/4P3/P1N1B2P/1P2QPP1/R3R1K1 b - -,b7b6 d5c6 e5c6 e2d2 c8e6 h5e2 d8f6 a1d1 e6b3 d1c1,112
r3kb1r/pp3pp1/1qP1p1p1/1Bn5/Q3pB2/2N5/PP4PP/R3K2R b KQ -,e8e7 c6b7 a8d8 a4a3 f7f5 a1d1 b6b7 a3c5 e7f7 c5c7,400
r2q1rk1/pp2bpp1/2n1b2p/3P1p2/3P4/P1N2N2/1P2BPPP/R2Q1RK1 b - -,,0
r1bq1rk1/pp3pb1/2pp1npp/2n5/2BNP2B/2N5/PPPQ1PPP/2KRR3 b - -,a7a5 d4f3 g6g5 h4g3 d8b6 e4e5 d6e5 h2h4 c8e6 h4g5,68
8/8/p3k3/1n2pp2/r7/P2R2P1/2N1PK2/8 b - -,a4g4 c2e3 g4d4 d3b3 d4a4 b3b1 a4a3 b1h1 b5d4 h1h6,-10
8/6pp/p3pR2/2B4k/8/P5N1/KPq2PP1/8 b - -,h5h4 f6f4 h4g5 c5e3 g5g6 f4g4 g6f7 g3f1 h7h5 g4f4,338
3k4/ppp2ppp/2p5/4Pb2/3b4/2NN4/PPP2PPP/6K1 b - -,f5d3 c2d3 d4e5 c3d1 d8d7 b2b3 e5d4 d1e3 d4e3 f2e3,-238
rn1r2k1/pp3ppp/5n2/2P1Nb2/Pb5P/2N2P2/1P1BP1P1/R2K1B1R b - -,b8c6 e5c6 b7c6 d1e1 f5e6 g2g4 f6d7 d2g5 d8b8 g5f4,28
rnbqkbnr/pp3pp1/4p3/2pp3P/8/2N1P3/PPPP1PBP/R1BQK1NR b KQkq -,b8c6 d1e2 g8f6 f2f4 c8d7 d2d3 d5d4 c3e4 f6e4 g2e4,-82
2rr2k1/3q2b1/p1p1b1pp/3p1p2/3P1B2/3Q1B1P/PP3PP1/3RR1K1 b - -,d8e8 b2b4 g6g5 f4e5 g5g4 f3e2 g7e5 d4e5 d7g7 h3g4,123
2q2k2/pb4pp/7r/1p2R1N1/1PpP1p2/P1P4P/2Q3PK/8 b - -,b7c6 d4d5 c6d7 c2e4 f8g8 e5e7 h6g6 e4f4 c8f8 f4f7,439
r2qkb1r/p2R1p1p/3B2p1/1B2p3/8/2P5/P4PPP/3Q1RK1 b kq -,b7c6 d4d5 c6d7 c2e4 f8g8 e5e7 h6g6 e4f4 c8f8 f4f7,Mate
7Q/3q3r/6pk/6P1/7P/8/8/1K6 b - -,b7c6 d4d5 c6d7 c2e4 f8g8 e5e7 h6g6 e4f4 c8f8 f4f7,Mate
r4rk1/2p3pp/1p2p1qn/p2bPP2/3R4/1P2PP2/PBB4P/3Q1R1K b - -,g6f5 c2f5 h6f5 d4d3 d5b7 e3e4 b7a6 e4f5 f8f5 d3d2,755
k7/r7/8/8/8/1K6/8/6R1 b - -,,0
r2q1rk1/1ppb1pp1/p1n2n1p/3B4/3PP3/P1N2N1P/1PP3P1/R2Q1RK1 b - -,d8e8 d1d3 d7e6 f3h4 f6h7 d3e3 h7g5 a1e1 a8d8 d5c6,242
8/p5pp/3k4/5p2/3p1P2/3K4/PP3P1P/8 b - -,d6c7 d3d4 c7d6 a2a3 d6e6 b2b4 e6d6 a3a4 a7a6 b4b5,433
r1bqk2r/1ppp1ppp/p1n2n2/2b1p3/2B1P3/P1NP1N2/1PP2PPP/R1BQ1RK1 b kq -,d7d6 h2h3 e8h8 c1g5 h7h6 g5f6 d8f6 c3d5 f6d8 c2c3,24
8/4kp1p/8/3BP1p1/8/2pK4/8/8 b - -,f7f6 e5e6 g5g4 d3c3 g4g3 c3d4 g3g2 d5g2 e7e6 d4e4,-2
3B1k2/8/4p2P/4b1R1/8/3K4/2P2P2/8 b - -,h7h5 d3c3 f7f6 e5e6 h5h4 c3d4 f6f5 d4e5 f5f4 e5f5,Mate
r1b2r2/pp2ppbk/1qn2npp/3pN2P/3P1B2/2N5/PPPQBPP1/2KR3R b - -,g6h5 g2g4 f8h8 e5f7 b6d4 d2d4 c6d4 d1d4 f6g4 d4b4,320
2r1r1k1/1b4p1/5p2/1p1P2pn/p7/5N1P/P2R1PP1/3BR1K1 b - -,h5f4 d5d6 e8e1 f3e1 c8d8 d1g4 g8f7 g2g3 f4e6 g4e2,-18
6R1/pp1p4/2p2k1P/4r3/8/1P1P4/P4P2/6RK b - -,e5h5 h1g2 h5h6 g1h1 h6h1 g2h1 b7b5 h1g2 f6e6 g8e8,705
k7/1r6/8/8/8/8/K7/6R1 b - -,,0
r4rk1/5p1p/p3bb2/8/1q2Q3/N2B4/PP3PPP/4RRK1 b - -,b4e4 d3e4 a8d8 b2b3 d8d2 e4b1 f8c8 h2h3 a6a5 e1e3,34
8/3R4/1p1k3p/4pB2/8/r2p1P1P/6P1/7K b - -,d6c5 f5d3 c5c6 d7d8 b6b5 h1h2 b5b4 d3e4 c6c5 d8d7,527
2rq1rk1/4bppp/bnn1p3/p1NpP3/1p1P4/1P3QP1/PB1N1PBP/R3R1K1 b - -,c6d4 b2d4 e7c5 d4c5 c8c5 a2a3 b4a3 a1a3 d8c7 f3e3,-163
1kr1r3/1pp1RR2/p2p2pp/5p2/8/P2P1P2/1PP3PP/2K5 b - -,b8a7 c1d2 a7b6 e7e8 c8e8 f7f6 e8g8 d2e3 b6c6 h2h4,128
rnb1kb1r/1p3ppp/p3pn2/3Q4/8/2P2N2/PP2BPPP/RNB1K2R b KQkq -,e6d5 c1e3 b8c6 e1h1 f8d6 f1d1 e8h8 h2h3 f8e8 e2d3,40
8/5p2/8/p1p3p1/P2p1kP1/1P3P2/1P2K3/8 b - -,f4g3 e2d3 g3f3 b3b4 c5b4 d3d4 f3g4 d4c4 g4f4 c4b5,-953
r4rk1/2p3pp/1p2p1q1/p2bPB2/3R4/1P2PP2/PB5P/3Q1R1K b - -,g6f7 e3e4 d5c6 f5h3 a5a4 b3a4 f7e8 d1b3 g8h8 b3e6,784
2rr2k1/3q2b1/2p1b1pp/p2p1p2/3P1B2/5B1P/PP1Q1PP1/3RR1K1 b - -,g6g5 f4e5 g5g4 e5g7 g8g7 f3e2 g4h3 e2a6 c8a8 a6d3,100
r2q1r2/1p1bppkp/3p2p1/p2N4/2P1P3/2Q4P/PP3PP1/3R1RK1 b - -,g7g8 e4e5 d7c6 e5d6 c6d5 d1d5 e7d6 f1d1 a8a6 b2b3,245
5rk1/5ppp/p3b3/3p2q1/5r2/1P1BQ1P1/P1PK3P/3RR3 b - -,g5e7 g3f4 e7b4 d2c1 a6a5 f4f5 e6d7 e3e7 b4b7 f5f6,520
r5k1/pb2bppp/1n2p3/2P1P3/2p5/P1R2N2/1P1BBPPP/6K1 b - -,b6a4 c3c4 a4c5 d2e3 b7a6 c4c5 a6e2 c5c7 g8f8 c7a7,211
5r2/ppp3kp/1b1p2p1/n3p3/4P3/2PPB3/PP3PPP/2R2RK1 b - -,h7h5 e3g5 a5c6 g2g3 a7a5 g1g2 a5a4 c1d1 c6d8 g5c1,422
1n6/1P3kpp/4b3/3p1p2/4p3/3nP1P1/5P1P/R2R2K1 b - -,d3e5 a1a8 e5d7 d1c1 d5d4 a8b8 d7b8 c1c8 d4e3 f2e3,584
r1bB1rk1/pp3pb1/2pp2pp/2n5/2BNn3/2N5/PPPQ1PPP/2KRR3 b - -,c8f5 c3e4 c5e4 e1e4 f5e4 d8a5 e4g2 f2f4 g2e4 d2f2,539
8/5p2/5P2/8/p7/2K5/k7/8 b - -,c8f5 c3e4 c5e4 e1e4 f5e4 d8a5 e4g2 f2f4 g2e4 d2f2,Mate
r4rk1/4bppp/4bn2/p3R1B1/Ppp5/2P2N1P/1PB2PP1/3R2K1 b - -,,0
rnbq1bnr/3ppkpp/p7/1ppPN3/4P3/8/PPP2PPP/RNBQK2R b KQ -,f7e8 d1h5 g7g6 e5g6 g8f6 h5h4 h8g8 g6f8 g8f8 d5d6,30
8/4K3/6k1/4R1N1/5P2/8/8/8 b - -,f7e8 d1h5 g7g6 e5g6 g8f6 h5h4 h8g8 g6f8 g8f8 d5d6,Mate
8/5p2/2p2rk1/6pp/p1RPK1P1/P4P1P/8/8 b - -,,0
r1b1k2r/ppp2ppp/2pq1n2/2b1p3/4P3/3P1N1P/PPP1QPP1/RNB1K2R b KQkq -,a7a5 e1h1 e8h8 b1d2 b7b5 d2b3 c5b6 a2a4 c8e6 c1e3,3
r2q1r2/1p1bp1kp/3p1pp1/p1PN4/4P3/2Q4P/PP3PP1/3R1RK1 b - -,a8c8 c5d6 e7d6 c3g3 d7e6 d5c3 d8b6 g3d6 c8c6 d6d2,219
r2q1rk1/1ppb1pp1/p1n4p/3N4/3PP3/P4N1P/1PP3P1/R2Q1RK1 b - -,d7e6 d5f4 c6e7 d4d5 d8d6 d1d2 e6d7 a1e1 a8e8 e4e5,221
8/8/1pk4p/4pB2/8/r2R1P1P/6P1/7K b - -,a3a2 f5e4 c6c5 d3d5 c5c4 d5e5 a2b2 e5h5 c4d4 h1h2,630
rn1qk2r/pp2ppbp/1np3p1/8/3PP1b1/1QN2N2/PP2BPPP/R1B1K2R b KQkq -,h7h6 e1h1 g4f3 e2f3 g7d4 f1d1 e7e5 c3e2 c6c5 e2d4,46
8/5p2/2p1r1k1/6pp/p1RP2P1/P2K1P1P/8/8 b - -,,0
r2q1rk1/pp3pp1/2n1bb1p/3P1p2/3P4/P1N2N2/1PQ1BPPP/R4RK1 b - -,e6d5 c2f5 d5e6 f5b5 c6d4 f3d4 d8d4 a1d1 d4e5 c3d5,-25
2rr2k1/3q2b1/2p1b2p/p2pBpp1/3P4/5B1P/PP1Q1PP1/3RR1K1 b - -,g5g4 e5g7 g8g7 f3e2 g4h3 e2a6 c8a8 a6d3 d8f8 d2e3,95
r2q1rk1/ppp2pp1/2np3p/2b1p3/2B1P1b1/2NP1N2/PPP2P2/R1BQR1K1 b - -,c6d4 e1e3 g8h8 c3a4 f7f5 a4c5 d6c5 e4f5 d4f3 d1f3,-389
5n2/p5bk/1p1q1pp1/1PpPp2p/P1B1PP2/7P/3Q2P1/2B3K1 b - -,h7g8 f4f5 g6f5 d2d1 f5f4 d1h5 f8h7 h3h4 g8h8 h5f7,236
r2r2k1/pb2bppp/1n2p3/2P1P1B1/2p5/P1R2N2/1P1RBPPP/6K1 b - -,b6d5 g5e7 d5e7 d2d8 a8d8 c3c4 g8f8 c4a4 a7a6 a4d4,324
2rq1r2/1p1bp1kp/3P1pp1/p2N4/4P3/2Q4P/PP3PP1/3R1RK1 b - -,c8c3 d6e7 d8e8 e7f8b e8f8 d5c3 d7c6 a2a3 h7h5 f1e1,207
r3k2r/pppb1ppp/5n2/3Nb3/5B2/3B4/PPP2PPP/R4RK1 b kq -,d7e6 f4e5 e6d5 e5c7 e8h8 f1d1 a8c8 c7e5 d5c4 d3c4,225
8/3pp3/1kp5/q7/P7/R7/1PP5/K2R4 b - -,a5f5 d1d4 e7e5 d4b4 b6a6 a1b1 e5e4 a3b3 f5d5 a4a5,10
1n1q1rk1/2r2pp1/3bp2p/p2p4/Pp1P4/1N1QPN2/1PR2PPP/2R3K1 b - -,c7c2 d3c2 d8b6 g2g3 f8d8 e3e4 d5e4 c2e4 b8d7 e4c6,81
rn2kbnr/pp2pppp/2p3q1/8/5N2/2NP1Q2/PPP2PPP/R1B1K2R b KQkq -,g6g5 c3e4 g5f5 g2g4 f5d7 c1e3 b8a6 e1a1 g8f6 e4f6,123
2kr1b1R/pppb1p2/n3p3/3p4/3N1Pr1/6P1/PPP1N3/2KR1B2 b - -,g4g7 h8h5 f8d6 c1b1 c7c5 d4f3 a6c7 f3e5 d7b5 e5d3,-221
rnb1k1Br/ppppq1pp/5p2/8/1b2P3/1Q6/PB3PPP/RN3KNR b kq -,d7d5 g8d5 c7c6 d5c4 b7b5 c4e2 a7a5 a2a3 b4c5 b1d2,225
8/8/8/8/7p/7k/5r2/1R5K b - -,,0
r2q1rk1/1bp1bp2/p2p2p1/1p1P2p1/nP6/2PQ2N1/P1BB1PPP/R3R1K1 b - -,a4b6 e1e6 d8e8 e6e2 e8d7 a1e1 e7d8 c2b3 b6c4 d2c1,78
rnbqkbnr/ppppp2p/6Q1/8/4p3/8/PPPP1PPP/RNB1KBNR b KQkq -,h7g6 d2d3 d7d5 d3e4 d5e4 b1c3 b8c6 f1b5 a7a6 b5a4,-648
8/6qQ/6p1/6Pk/7P/8/8/1K6 b - -,h7g6 d2d3 d7d5 d3e4 d5e4 b1c3 b8c6 f1b5 a7a6 b5a4,Mate
r1b1k2r/4qppp/1np1p3/p2pP3/5P1P/2N3P1/PPP2Q2/2KR1B1R b kq -,e7a7 f2c5 c8b7 h4h5 b6d7 c5d6 a7c5 c3a4 c5b4 b2b3,47
3rr3/1pp1ppkp/p1nq1np1/3p4/3PP3/P1N2NP1/1PPQ1PKP/3RR3 b - -,e7e5 e4d5 c6d4 f3d4 e5d4 e1e8 d8e8 d2d4 b7b5 h2h3,96
8/8/8/8/7p/6k1/5r2/R6K b - -,,0
5rk1/5ppp/p3b3/3p2q1/8/1P1BQ1P1/P1P2r1P/2KRR3 b - -,f2f5 d3f5 g5f5 d1d2 h7h6 c1b2 f5g6 e3e5 f8c8 e1e3,398
1n6/1P3kpp/4b3/2np1p2/4p3/4P1P1/5P1P/R1R3K1 b - -,c5b7 c1c7 b8d7 c7b7 g7g5 a1a7 f7e7 b7b6 h7h5 g1f1,639
rn1qkbnr/1ppb1ppp/4p3/pP1p4/P7/4P3/1BPP1PPP/RN1QKBNR b KQkq -,g8f6 g1f3 c7c6 f1e2 f8b4 e1h1 e8h8 c2c3 b4e7 b1a3,30
r2q1rk1/ppp2pp1/3p3p/2b1p3/2BnP1b1/2NPRN2/PPP2P2/R1BQ2K1 b - -,g8h8 c3a4 f7f5 a4c5 f5f4 c5e6 f4e3 e6d8 e3e2 d1e2,-421
r4rk1/4bppp/4bn2/p3RBB1/P1p5/1pP2N1P/1P3PP1/3R2K1 b - -,f8d8 d1e1 e6f5 e5f5 h7h6 g5h4 a8a7 h4f6 e7f6 f5c5,138
r2q1rk1/pp3pp1/2n2b1p/3N1p2/3P4/P4N2/1PQ1BPPP/R4RK1 b - -,d8d5 e2c4 c6d4 f3d4 d5d4 a1d1 d4b2 c2f5 a8d8 d1d8,-28
r2q1rk1/1pp2pp1/p1n1b2p/8/3PPN2/P4N1P/1PP3P1/R2Q1RK1 b - -,e6c8 d1d2 c6e7 a1e1 b7b5 c2c3 f7f6 f3h4 c7c5 e1e3,277
3q1r2/1p1bP1kp/5pp1/p2N4/4P3/2r4P/PP3PP1/3R1RK1 b - -,d8e8 e7f8b e8f8 d5c3 d7c6 f1e1 f8b4 d1d2 b4e7 e1e3,204
rnbq1rk1/1pp1ppb1/p4np1/3p3p/3P1BPP/2NBPP2/PPP5/R2QK1NR b KQ -,c7c5 d1d2 b8c6 d4c5 b7b6 e3e4 d5d4 c3d5 f6d5 e4d5,-64
r5k1/pb2Bppp/1n2p3/2P1P3/2p5/P1R2N2/1P1rBPPP/6K1 b - -,d2e2 c5b6 e2b2 h2h4 a7b6 c3c4 a8c8 c4c8 b7c8 e7b4,-398
8/8/8/8/7p/6k1/7r/R5K1 b - -,,0
r1b1kb1r/1p3ppp/p1n1p3/3n4/8/2P2N2/PP2BPPP/RNBR2K1 b kq -,b7b5 a2a4 b5a4 a1a4 f8e7 b1d2 e8h8 d2b3 f8d8 a4a1,37
r1bB1rk1/pp3pb1/2pp2pp/2n5/2BN4/2N5/PPPR1PPP/2K1R3 b - -,b7b5 d8c7 b5c4 c7d6 g7d4 d2d4 c5e6 d4c4 f8d8 d6e5,305
r1bq1rk1/1p3ppp/2pp4/p2Pn2B/4P3/P1N1Q2P/1P3PP1/R3R1K1 b - -,g7g6 h5e2 g6g5 b2b4 a5b4 a3b4 a8a1 e1a1 d8f6 a1d1,106
8/p2nq2k/1p3ppb/1PpPp2p/P1B1PP2/6PP/5QK1/2B5 b - -,e5f4 f2e1 d7e5 c4e2 e5f7 e2d3 e7e5 h3h4 f4g3 c1h6,-359
2r2rk1/4bppp/bqn1p3/p2pP3/1p1P4/1P2Q1P1/PB1N1PBP/R3R1K1 b - -,c8c7 e1c1 f8c8 g2f1 h7h6 f1d3 e7g5 f2f4 g5e7 d2f3,-108
r2qr1k1/1pp2pp1/p1n1b2p/2b1p3/3pP3/2P2N1P/PPBBNPP1/R2QR1K1 b - -,c5f8 c3d4 c6d4 f3e5 d4c2 d1c2 e6h3 d2f4 h3e6 e5f3,364
r1bq1rk1/ppp1bppp/8/4R3/2N5/3P4/PP3KPP/R1BQ4 b - -,e7f6 e5e1 c8e6 a2a4 f8e8 c1e3 f6h4 g2g3 h4e7 f2g1,-376
4qQ2/1p1b2kp/5pp1/p2N4/4P3/2r4P/PP3PP1/3R1RK1 b - -,g7f8 d5f6 c3c2 f6e8 d7e8 d1b1 e8f7 f1c1 f7a2 c1c2,753
3k4/ppp2ppp/2p5/4b3/8/2NP4/PP3PPP/5K2 b - -,d8d7 c3d1 d7d6 f1e2 b7b5 e2d2 f7f5 h2h3 e5d4 d2c2,-257
8/1p2P2p/pk1K4/3R1N2/8/P5P1/1P5P/2r5 b - -,c1e1 b2b4 a6a5 b4a5 b6a6 d6d7 b7b5 a5b6 a6b6 e7e8q,Mate
8/8/2p1r1k1/5ppp/R2P2P1/P2K1P1P/8/8 b - -,,0
r1bq1rk1/1ppn1pbp/3p2p1/p7/2P5/1PN3PP/P2QPPB1/R1B2RK1 b - -,a5a4 a1b1 a4b3 a2b3 d7c5 d2c2 c8f5 e2e4 f5d7 h3h4,27
r3k2r/pppb1ppp/8/3nB3/8/3B4/PPP2PPP/R4RK1 b kq -,e8a8 e5g7 h8g8 g7e5 h7h5 d3h7 g8g5 f2f4 g5g4 h7e4,212
1kr2r2/1pR2R2/p2p2pp/5p2/8/P2P1P2/1PP3PP/1K6 b - -,c8e8 c7b7 b8a8 b7a7 a8b8 f7f8 e8f8 a7a6 b8c7 a6a7,517
r6k/6p1/pp3p1p/2p5/1PQ4P/P4P2/6PK/4r3 b - -,c5b4 c4b4 e1e6 b4c4 e6e8 c4c6 b6b5 g2g4 e8c8 c6d7,-96
3k4/8/7Q/7P/8/P5P1/1P3PK1/r7 b - -,e1e8 b4c5 e8c8 c5c6 c8c7 a3a4 b6b5 a4b5 a6b5 c4b5,Mate
8/3qr2p/5Qpk/6R1/6PP/8/8/1K6 b - -,e1e8 b4c5 e8c8 c5c6 c8c7 a3a4 b6b5 a4b5 a6b5 c4b5,Mate
r2q1rk1/pp3pp1/2n1bb1p/3p1p2/2PP4/P1N2N2/1PQ1BPPP/3R1RK1 b - -,a8c8 f1e1 c8c7 e2f1 c7e7 h2h3 a7a6 b2b4 e7d7 c4c5,47
5r2/ppp3k1/1b1p2pp/n3p3/1P2P3/2PPB3/P4PPP/2R2RK1 b - -,c7c5 b4a5 b6a5 d3d4 c5d4 c3d4 g6g5 d4e5 d6e5 f2f3,547
8/2k5/7r/5K2/4P3/8/3R4/8 b - -,c7b6 e4e5 h6h1 e5e6 h1e1 f5f6 b6c6 f6f7 c6c7 e6e7,777
5k2/6pp/p1pQ4/q7/P2p4/3P4/1PP3PP/7K b - -,f8e8 d6c6 e8d8 c6d6 d8e8 d6d4 a5e1 d4g1 e1d2 h2h4,301
5q2/1p1b2kp/5pp1/p7/4P3/2N4P/PP3PP1/3R1RK1 b - -,d7c6 a2a3 h7h5 f1e1 f8c5 e1e2 c5e5 e2e3 a5a4 e3d3,199
r2q1rk1/p4p2/1nQ3p1/5b1p/4N3/1N6/P4RPP/4R1K1 b - -,a8c8 c6b5 f5e4 e1e4 f8e8 b5e8 d8e8 e4e8 c8e8 b3d4,-110
3r3k/6Rp/p3nQ2/1ppqp3/8/P2P3P/5PP1/2R3K1 b - -,d8g8 g7d7 e6g7 d7d5 c5c4 d3c4 b5b4 a3b4 e5e4 c4c5,3835
r3kb1r/1p1bpp1p/1p4p1/3P4/2BPn3/5P2/PP2N1PP/R1B1K2R b KQkq -,a8c8 f3e4 c8c4 e1d1 e7e6 d5e6 d7e6 c1e3 f8d6 d1d2,93
3r3k/6pp/1p6/8/8/1Q2p3/P4R2/2B2K2 b - -,e3f2 b3b6 d8d1 f1f2 h7h5 b6c7 h5h4 c7c8 h8h7 c8c2,792
1n6/1P3kpp/R3b3/3p1p2/4p3/4P1P1/5P1P/2R3K1 b - -,b8a6 c1c6 a6b8 c6c8 b8d7 c8c7 f7f8 c7d7 e6d7 b7b8q,669
8/4K3/8/4R2k/4NP2/8/8/8 b - -,b8a6 c1c6 a6b8 c6c8 b8d7 c8c7 f7f8 c7d7 e6d7 b7b8q,Mate
8/3pp3/1kp5/P4q2/8/R7/1PP5/K2R4 b - -,b6a7 a3b3 e7e5 a5a6 f5c2 d1d7 a7a6 a1a2 c2c4 d7d8,9
8/6pp/p3p2R/2B5/7k/P5N1/KPq2PP1/8 b - -,h4g5 c5e3 g5g4 h6h5 c2c6 h5g5 g4h4 g5g7 c6c4 a2a1,627
r3kb1r/1p1bpp1p/1p1n2p1/3P4/3P4/1B3P2/PP2N1PP/R1B1K2R b KQkq -,f8g7 c1f4 e8h8 e1f2 h7h5 h1c1 f8c8 c1c3 d6b5 c3c8,62
r2q1r1k/ppp2pp1/3p3p/2b1p3/2BnP1b1/P1NPRN2/1PP2P2/R1BQ2K1 b - -,d8d7 g1g2 f7f5 e4f5 d7f5 c4d5 c7c6 d5e4 f5h5 d1h1,-510
r1b1k2r/1p3ppp/p1n1p3/2bn2B1/8/2P2N2/PP2BPPP/RN1R2K1 b kq -,a6a5 c3c4 d5b4 b1c3 f7f6 c3a4 c5a7 a2a3 b4c2 a1c1,20
r1bq1rk1/1ppn1pbp/3p2p1/8/2P5/1PN3PP/3QPPB1/1RB2RK1 b - -,g7e5 c1b2 d7c5 b3b4 c5a4 c3a4 a8a4 b2e5 d6e5 d2c2,57
2r2rk1/4bppp/bqn1p3/3pP3/Pp1P4/4Q1P1/PB1N1PBP/R3R1K1 b - -,c6a5 e1b1 a5c4 e3f4 b6a5 d2b3 a5a4 g2f1 c8c7 f4g4,-112
3B4/5k1P/4p3/4b1R1/8/3K4/2P2P2/8 b - -,h7h6 a2a3 b4a3 b2a3 e7a3 a1a3 b6d4 g2f1 a6f1 g1f1,Mate
r1bq1rk1/p1p2ppp/1bp5/3pN3/3Pn3/2P5/PP3PPP/RNBQR1K1 b - -,c8b7 f2f3 e4g5 c1g5 d8g5 e5d7 f8d8 d7c5 b7c8 c5a4,21
4r2k/6p1/pp3p1p/2p5/1PQ2P1P/P7/6PK/4r3 b - -,e1e4 c4a6 c5b4 a3b4 e4f4 a6b6 f4h4 h2g3 h4c4 g3h3,-291
3R4/r7/3k4/1K6/8/8/8/8 b - -,,0
2rq2r1/1b1kn1P1/p2pQ3/1p1Ppp2/4P3/3B3R/PP1N4/2R4K b - -,d6e5 b5c4 a7a4 c4b3 a4a1 b3b2 a1a6 d8h8 e5d4 b2b3,Mate
4k3/4n1p1/1p1pPp1p/p1p2P1P/P1P1K1P1/1P6/8/2B5 b - -,e7c6 e4d5 c6e5 d5d6 e8d8 c1d2 e5g4 d6c6 d8e7 c6b6,758
r3brk1/1pq3pp/p1nBpn2/3p4/3P4/2NB1N2/PP3PPP/R2Q1RK1 b - -,c7c8 d6f8 g8f8 d1e1 e8h5 f3g5 f8g8 e1e3 c6b4 d3b1,634
r4r1k/pppq1pp1/3p3p/2b1p3/2BnP1b1/P1NPRN2/1PP2PK1/R1BQ4 b - -,f7f5 e4f5 d7f5 c4d5 g4h5 g2h1 h5f3 e3f3 d4f3 d1f3,-533
r5k1/pb3ppp/1n2p3/2b1P3/2B5/P1R2N2/1P1B1PPP/6K1 b - -,b6c4 c3c4 a8c8 d2e3 c8d8 h2h4 c5e3 f2e3 b7f3 g2f3,60
4rrk1/pp1b3p/2nqp1p1/3p3n/3P4/P1NB1NP1/1P3P1P/2RQR1K1 b - -,a7a6 d3f1 h5g7 b2b4 c6d8 d1d3 d8f7 d3d2 e8c8 h2h4,92
8/3k2Q1/8/7P/8/P5P1/1P3PK1/r7 b - -,a7a6 d3f1 h5g7 b2b4 c6d8 d1d3 d8f7 d3d2 e8c8 h2h4,Mate
8/1P3kpp/n1R1b3/3p1p2/4p3/4P1P1/5P1P/6K1 b - -,a6b8 c6c8 b8d7 c8c7 f7e8 c7d7 e8d7 b7b8q g7g5 b8h8,678
2rr4/3q2k1/2p1b2p/p2pP3/6p1/8/PP1QBPP1/2R1R1K1 b - -,d7e7 d2a5 c6c5 b2b3 h6h5 a2a4 h5h4 a5d2 d8f8 a4a5,51
8/5k2/1r2p3/5p1p/3P4/2K1P1Pp/5P2/7R b - -,b6a6 c3b3 a6b6 b3c2 b6a6 c2b1 f7f6 h1h3 f6g5 h3h4,8
rn1q1rk1/1pp1ppb1/p4np1/3p4/3P1BbP/2N1P3/PPP1B3/R2QK1NR b KQ -,g4h5 d1d2 c7c5 e1a1 b8c6 c1b1 f6g4 e2g4 h5g4 g1e2,-82
r2qkb1r/1bp2ppp/p1n1pn2/8/1P1P4/1Pp2NP1/4PPBP/RNBQ1RK1 b kq -,c6b4 b1c3 f8e7 c1a3 e8h8 c3a4 a6a5 a1c1 f6d7 a3b4,32
rnb1k1Br/p1ppq1pp/1p3p2/8/1b2P3/1Q6/PB2NPPP/RN3K1R b kq -,b8c6 g8h7 a7a5 b1c3 c8a6 h7g6 e8d8 a1d1 c6e5 c3d5,211
r4b1r/1p2kppp/1pn2n2/1N1pp1N1/b7/2P1P1B1/PP2BPPP/R3K2R b KQ -,g7g6 f2f4 a4b5 e2b5 e5e4 g3h4 f8g7 a2a3 h7h6 g5h3,35
r5kr/pbp3B1/1p5p/5pP1/4pPn1/1P2P3/P1P1NQ2/2KR2R1 b - -,g4f2 d1d7 h6g5 g7h8 g8h8 g1g5 b7c6 d7c7 a8d8 e2d4,614
r4rk1/4bppp/4bn2/p3R1B1/P1p5/2P2N1P/2B2PP1/3R2K1 b - -,h7h6 g5c1 f8e8 c1f4 a8d8 e5a5 d8d1 c2d1 f6d5 f4e5,36
5r2/ppp3k1/1bnp2pp/4p3/PP2P3/2PPB3/5PPP/2R2RK1 b - -,b6e3 f2e3 f8d8 a4a5 d8d7 g1f2 d7e7 f2e2 a7a6 h2h3,424
r1b2rk1/1p3ppp/p1n1p3/2bn2B1/8/2P2N2/PP1NBPPP/R2R2K1 b - -,h7h6 d2e4 c5a7 g5d2 f7f5 e4d6 f8d8 d6c4 a7b8 a2a4,16
r1b2r2/pp2ppbk/1qn3pp/3pN2B/3P1B2/2N5/PPPQ1PP1/2KR3R b - -,b6d4 d2d4 c6d4 d1d4 g6h5 d4d5 f7f6 e5d3 e7e5 f4d2,417
3nk3/4n1K1/3N4/8/8/8/8/8 b - -,,0
3r3k/3q2np/Q7/1pR1p3/8/P2P3P/5PP1/6K1 b - -,d8f8 a6b6 d7d3 c5e5 d3a3 b6b5 a3c1 b5f1 c1f1 g1f1,-7
8/5pk1/5R2/6p1/7p/2B5/1r2rP1P/2K3R1 b - -,e2c2 c1d1 c2c3 f6a6 b2b1 d1d2 b1g1 d2c3 g1g2 a6a5,-543
3r3r/p1k2p1p/2p5/4pQ2/8/P3P3/1P3P1q/2KR2R1 b - -,h2h4 f5f7 c7b8 g1g7 d8d1 c1d1 h4d8 d1e1 d8b6 e1f1,228
2rr4/3q2k1/4b2p/Q1ppP3/6p1/8/PP2BPP1/2R1R1K1 b - -,d7e7 b2b3 h6h5 a2a4 h5h4 e2a6 c8c7 a5b6 d8f8 a4a5,50
4r2k/6p1/pp3p1p/2P5/2Q4P/P4P2/6PK/4r3 b - -,b6c5 c4a6 e1e6 a6b7 c5c4 b7c7 e6a6 c7c4 e8a8 c4c5,-26
8/p2n3k/1p1q1ppb/1PpPp2p/P1B1PP2/6PP/3Q2K1/2B5 b - -,h7g7 h3h4 g7h7 d2f2 f6f5 e4f5 g6f5 f4e5 d6e5 c1h6,88
8/8/2p1r3/5kpp/R2P4/P2K1P1P/8/8 b - -,,0
8/6Q1/2k4P/8/8/P5P1/1P3PK1/r7 b - -,e6e1 a4c4 e1d1 d3e3 d1e1 e3d2 e1h1 c4c5 f5f4 c5c6,Mate
8/pppk1ppp/2p5/8/8/2PP3P/P4PP1/5K2 b - -,d7d6 h3h4 d6d5 f1e2 b7b5 e2d2 c6c5 a2a3 c5c4 d3d4,-326
r1b1k2r/p1ppq1pB/1pn2p2/8/1b2P3/1Q6/PB2NPPP/RN3K1R b kq -,a7a5 h7g6 e8f8 b1c3 a5a4 b3d1 a4a3 b2c1 c8a6 f1g1,224
r1bqk2r/ppp2ppp/2np1n2/1N2p3/4P3/3P1N2/PPPK1PPP/R2Q1B1R b kq -,d6d5 d2c1 e8h8 f1e2 d5d4 b5a3 f6d7 c1d2 d8e7 a1b1,-162
8/5k1P/4pB2/6R1/8/3K4/2P2P2/8 b - -,d6d5 d2c1 e8h8 f1e2 d5d4 b5a3 f6d7 c1d2 d8e7 a1b1,Mate
r2q1rk1/p4p2/6p1/3Q1b1p/4N3/1N6/P4RPP/4R1K1 b - -,d8d5 e4f6 g8g7 f6d5 f8e8 e1e8 a8e8 f2d2 f5c8 h2h3,280
8/8/1r2p1k1/5p1p/3P4/2K1P1PR/5P2/8 b - -,b6a6 c3d2 a6a5 h3h4 e6e5 d4e5 a5e5 d2e2 e5a5 e2f1,27
5r1k/2p3p1/pp4qp/8/3P1r2/4Q3/PP2NPP1/R4RK1 b - -,f4f3 e3c1 h6h5 c1c7 h5h4 c7h2 g6g4 a1e1 h8g8 d4d5,400
r1bqkb1r/pp2pppp/4nn2/3pB3/1P6/2N1P3/P1P2PPP/R2QKBNR b KQkq -,e6c7 g1f3 e7e6 d1d4 f8e7 g2g4 f6d7 e5g7 h8g8 g4g5,15
8/4Qppk/1p2pn1p/4q3/2P5/1P2r1N1/P4PPP/2R3K1 b - -,e3e1 c1e1 e5e1 g3f1 f6e4 e7f7 e4d2 h2h3 d2f1 f7f4,-235
6k1/5pp1/p3p2p/1p1R1P2/8/1P4N1/6rP/5K2 b - -,e6d5 f1g2 a6a5 g3e2 a5a4 g2f3 a4b3 f3e3 b3b2 e2c3,-368
3r1r2/pp4kp/3p2qR/2p5/PnPnN1N1/5PP1/1P1Q2K1/R7 b - -,g6f5 a1f1 d6d5 e4f6 f8f6 g4f6 f5c2 f6h5 g7g8 d2c2,298
r1b1kb1r/pp2pppp/2n5/2p1N3/8/2N5/PPP2PPP/R1B1KB1R b kq -,c6e5 c3b5 e8d7 c1f4 e5g6 f4e3 d7c6 b5c3 g6h4 g2g3,-1
r2q1rk1/pp4b1/3p3p/2pQpn2/2P5/2N5/PP4PP/R1B2RK1 b - -,f8f7 f1f5 d8d7 f5f7 d7f7 d5e4 a8f8 c1e3 a7a6 a2a4,537
6R1/pp1p4/2p2k1r/8/8/1P1P1K2/P4P2/6R1 b - -,d7d5 g1g7 a7a6 f3e2 b7b5 g7g1 a6a5 g8g3 f6e5 g3g6,577
rn2kbnr/pp2pppp/2p3q1/8/5N2/2NP1P2/PPP2P1P/R1BQK2R b KQkq -,g6g5 d1e2 g7g6 h2h4 g5a5 c1d2 a5c7 h4h5 f8h6 h5g6,45
2b1r1k1/1p1n1ppp/p1p5/P7/4PB2/P4P2/4B1PP/3RK3 b - -,d7f8 e1d2 f7f5 d2e3 f5e4 f3e4 c8f5 e2f3 h7h6 f4d6,123
r2qr1k1/1pp2pp1/p1n1b2p/2b1p3/4P3/2Pp1NNP/PPBB1PP1/R2QR1K1 b - -,d3c2 d1c2 d8f6 d2e3 c5f8 g3f5 a6a5 a2a4 a8d8 a1d1,-69
8/8/2kn4/2n5/8/8/2K3Q1/8 b - -,c6d7 g2g4 c5e6 c2d3 d7e7 g4h4 e7f7 h4f2 f7e7 f2f1,85
r1bq1rk1/1ppn1pbp/3p2p1/p7/2P5/2N3PP/PPQ1PPB1/R1B2RK1 b - -,f8e8 c1f4 d7c5 a1d1 a5a4 f1e1 c8d7 e2e4 d7c6 h3h4,30
8/6QP/8/3k4/8/P5P1/1P3PK1/r7 b - -,f8e8 c1f4 d7c5 a1d1 a5a4 f1e1 c8d7 e2e4 d7c6 h3h4,Mate
r2qk1nr/pp3ppp/2nBp3/5b2/2BP4/2N2N2/PP3PPP/R2QK2R b KQkq -,f5h3 d6c5 h3g2 h1g1 g2f3 d1f3 d8f6 f3f6 g8f6 c4b5,490
r1b2rk1/1p3pp1/p1n1p2p/2bn4/7B/2P2N2/PP1NBPPP/R2R2K1 b - -,f7f5 h2h3 f5f4 d2e4 c5a7 e2c4 g7g5 h4g5 h6g5 c4d5,-76
r4r1k/pppq1pp1/3p3p/2b1p3/1PBnP1b1/P1NPRN2/2P2P2/R1BQ2K1 b - -,f7f5 e4f5 d7f5 c4d5 c5b6 g1g2 c7c6 d5e4 f5h5 d1h1,-545
r1bqk2r/ppp1bppp/2n1pn2/3p4/P2P1B2/2N1P2P/1PP2PP1/R2QKBNR b KQkq -,e7b4 f1d3 e8h8 g1f3 b4d6 a4a5 d6f4 e3f4 c6b4 c3e2,13
r5kr/pbpR2B1/1p5p/5pP1/4pP2/1P2P3/P1P1Nn2/2K3R1 b - -,a8d8 d7d8 g8g7 g5h6 g7h7 d8d7 h7h6 e2d4 h8f8 d7c7,650
r2qkb1r/ppp2ppp/2n1bn2/3p4/3P4/2PB4/PP1NNPPP/R1BQK2R b KQkq -,a7a6 e2g3 h7h5 h2h4 e6g4 d2f3 d8e7 c1e3 f6e4 e1h1,41
3r3k/6np/5Q2/1pR1p3/8/P2q3P/5PP1/6K1 b - -,d8g8 f6e5 g8e8 e5f6 d3a3 c5c7 a3f8 c7f7 f8g8 f7b7,-5
q4k2/pb4pp/7r/1p3RN1/1PpP1p2/P1P4P/4Q1PK/8 b - -,d3d1 g1h2 d1d4 h2h1 d8g8 c5b5 d4a1 h1h2 a1a3 f6e5,Mate
8/6pp/p3p2R/6k1/8/P3B1N1/KPq2PP1/8 b - -,g5g4 h6h5 c2c4 a2a1 c4d5 h5d5 e6d5 a1b1 h7h5 b1c2,821
2rq1rk1/4bppp/bNn1p3/p2pP3/1p1P4/1P3QP1/PB1N1PBP/R3R1K1 b - -,c6e5 d4e5 d8b6 a1c1 a6b7 g2f1 d5d4 f3d3 c8c3 d3b5,287
r1bq1rk1/1pp2pbp/3p2p1/p1n5/2P5/2N1B1PP/PPQ1PPB1/R4RK1 b - -,c8f5 c2d2 f8e8 e3d4 c5e4 g2e4 f5e4 d4g7 g8g7 a1c1,21
1r6/5pk1/p5p1/5N1p/R4P1P/6P1/1r1R1K2/8 b - -,g7f6 a4a6 f6f5 d2b2 b8b2 f2f1 b2b4 a6a3 b4b1 f1g2,-13
r2qkbnr/pp3ppp/2n1p3/3pP3/3P2b1/N4N2/PP2BPPP/R1BQK2R b KQkq -,f8b4 e1f1 b4a3 b2a3 g8e7 h2h4 d8b6 c1e3 e7f5 h4h5,-93
r2q1rk1/p4p2/6p1/7p/4Q3/1N6/P4RPP/4R1K1 b - -,d8b6 e4f4 a8d8 h2h3 d8d5 e1f1 d5f5 f4d4 f5f2 f1f2,337
r2qr1k1/1pp2pp1/p1n1b2p/2b1p3/4P3/2P2NNP/PPQB1PP1/R3R1K1 b - -,d8f6 g3f5 a6a5 d2e3 c5f8 a2a4 a8d8 a1d1 b7b6 b2b3,-67
8/p1N1k1pp/1p6/8/P3P3/4K3/1b4PP/8 b - -,b2e5 c7d5 e7d6 h2h3 d6c5 e3d3 b6b5 a4b5 c5b5 d5e3,-119
8/8/4p1k1/5p1p/3P4/4P1PR/1r3P2/4K3 b - -,b2b1 e1e2 g6g5 h3h4 b1a1 e2f3 a1d1 h4h2 d1g1 h2h3,28
4r1k1/1R4R1/6p1/1P6/3p4/1r5P/4n1PK/8 b - -,g8h8 g7h7 h8g8 b7g7 g8f8 g7f7 f8g8 b5b6 b3b6 f7g7,Mate
3r1r2/pp4kp/3p3R/2p2q2/PnPnN1N1/5PP1/1P1Q2K1/5R2 b - -,d6d5 e4f6 f8f6 g4f6 f5c2 f6h5 g7g8 d2c2 b4c2 f1h1,290
5k2/8/8/8/8/5r2/K7/R7 b - -,,0
8/8/2p5/5kpp/2RP4/P4P1P/4K3/3r4 b - -,,0
r1b1kbnr/pp2pp1p/2np2p1/q7/4P3/1PN1Q3/PBP2PPP/R3KBNR b KQkq -,f8g7 e1a1 g8f6 h2h3 e8h8 c1b1 c8e6 g1e2 a8d8 g2g4,49
8/7P/4pk2/8/8/3K2R1/2P2P2/8 b - -,f8g7 e1a1 g8f6 h2h3 e8h8 c1b1 c8e6 g1e2 a8d8 g2g4,Mate
2n5/2P5/8/8/8/2k5/3pK3/8 b - -,f8g7 e1a1 g8f6 h2h3 e8h8 c1b1 c8e6 g1e2 a8d8 g2g4,Mate
r2q1rk1/1pp2pbp/3p2p1/p1n2b2/2P5/2N1B1PP/PP1QPPB1/R4RK1 b - -,a5a4 a1d1 f8e8 e3d4 g7d4 d2d4 c5e6 d4d2 e6c5 f1e1,35
q5k1/pb2Q1pp/7r/1p3RN1/1PpP1p2/P1P4P/6PK/8 b - -,a5a4 a1d1 f8e8 e3d4 g7d4 d2d4 c5e6 d4d2 e6c5 f1e1,Mate
r2r2k1/pbpqbppp/1n2p3/4P1B1/2pP4/P1P2N2/3QBPPP/2RR2K1 b - -,h7h6 g5e7 d7e7 c1a1 b7a6 a3a4 b6d5 d2c1 c7c5 e2f1,-52
8/4K3/4PB2/3k3p/6nP/8/8/8 b - -,g4h6 e7d7 h6g4 f6c3 g4f2 e6e7 f2e4 e7e8q e4c3 e8h5,814
4r2k/1R5R/6p1/1P6/3p4/1r5P/4n1PK/8 b - -,,0
rnbqkbnr/ppppp2p/6p1/7Q/4p2P/8/PPPP1PP1/RNB1KBNR b KQkq -,g6h5 d2d3 e4e3 c1e3 f8g7 f1e2 g7b2 e2h5 e8f8 h1h3,-790
r1bq1rk1/ppp2ppp/5b2/8/2N5/3P4/PP3KPP/R1BQR3 b - -,c8e6 f2g1 b7b5 c4e3 d8d7 e1f1 f6d4 g1h1 f8e8 d1c2,-388
3r3r/p1k2p1p/2p5/2Q1p3/8/P3P3/1P3P1q/2KR2R1 b - -,h7h5 c5a7 c7c8 a7f7 h8f8 f7e6 c8b8 e6b3 b8c8 b3a4,286
8/3N2B1/8/b2p4/2b1k1p1/6Pp/5K1P/8 b - -,a5b4 g7a1 c4b3 d7f6 e4f5 a1d4 b4e7 f6d7 f5e4 d4c5,-212
r1b1r1k1/ppp2ppp/2p5/4PnB1/N7/8/PPP2PPP/3RR1K1 b - -,c8e6 a4c5 h7h6 c5e6 f7e6 g5c1 a8d8 f2f3 f5d4 c2c3,15
r4r1k/pppq2p1/3p3p/2b1pP2/1PBn2b1/P1NPRN2/2P2P2/R1BQ2K1 b - -,d7f5 c4d5 c7c6 d5e4 f5h5 b4c5 f8f3 c5d6 f3f2 g1f2,-564
8/p5pp/1p1k4/3Nb3/P3P3/4K2P/6P1/8 b - -,d6c5 e3d3 g7g6 g2g4 b6b5 a4b5 c5b5 d5e3 a7a5 e3c4,-128
r1bq1rk1/ppp1bppp/2n1pn2/P2p4/3P1B2/2N1P2P/1PP2PP1/R2QKBNR b KQ -,e7b4 a5a6 f6e4 g1e2 b7a6 f2f3 e4d6 e1f2 f8e8 e2c1,-70
r5k1/pbpR2Br/1p5P/5p2/4pP2/1P2P3/P1P1Nn2/2K3R1 b - -,b7c8 d7c7 f2g4 e2d4 h7g7 h6g7 g4f6 g1h1 f6h7 d4c6,739
3r1r2/pp4kp/3p3R/2p2q2/PnP1N1N1/2Q2nP1/1P4K1/5R2 b - -,g7g8 g4f6 f8f6 e4f6 g8f7 h6h7 f7g6 c3e3 f5c2 f1f2,717
2n5/2P5/8/8/8/4K3/2kp4/8 b - -,g7g8 g4f6 f8f6 e4f6 g8f7 h6h7 f7g6 c3e3 f5c2 f1f2,Mate
4rrk1/pp1bq2p/2n1p1p1/3pN2n/3P4/P1NB2P1/1P3P1P/2RQR1K1 b - -,h5g7 c3e2 e7d6 e5d7 d6d7 d3b5 e8c8 e2f4 a7a6 b5c6,108
r1bq1rk1/p2nbppp/2n1p3/2ppP3/Pp6/1P1P1NP1/2PN1PBP/R1BQR1K1 b - -,f7f6 c1b2 f6e5 g2h3 f8f6 f3g5 d7f8 g5f3 f6h6 h3g4,-87
8/8/4p1k1/5p1p/3P4/4P1PR/r4P2/5K2 b - -,a2d2 f1g2 g6g5 h3h4 d2d3 h4h1 g5g4 h1h3 d3d2 h3h4,28
7r/1p1n1p2/p1p1bkp1/P2p4/1P1P2PP/2NB2K1/2P5/4R3 b - -,f6e7 c3a4 e7f6 a4c5 d7c5 b4c5 f6e7 e1h1 e7f6 h1b1,196
5k2/1r6/8/8/8/8/8/KR6 b - -,,0
2b1rnk1/1p3ppp/p1p5/P7/4PB2/P4P2/3KB1PP/3R4 b - -,f7f5 d2e3 h7h6 f4d6 g7g5 e2d3 g8f7 d3c2 f5f4 e3d4,132
rn1qkb1r/pp3ppp/5n2/2Pp4/6b1/2P2N2/PP2BPPP/RNBQK2R b KQkq -,f8c5 f3d4 g4d7 e1h1 e8h8 c1e3 c5b6 b1a3 b8c6 a3c2,-5
r1bqr1k1/p1p2ppp/1bN5/3p4/3Pn3/2P5/PP3PPP/RNBQR1K1 b - -,c8g4 d1g4 d8f6 f2f3 e4c3 e1e8 a8e8 b1c3 f6c6 c1d2,343
rnb1rk2/pppp1p1Q/8/5Bq1/2P4p/8/P3PP1P/3R1KR1 b - -,,0
r3k1nr/pp3ppp/2nqp3/3P1b2/2B5/2N2N2/PP3PPP/R2QK2R b KQkq -,c6e7 d5e6 d6d1 a1d1 g8h6 e6f7 h6f7 e1h1 e7c6 f1e1,341
r2r2k1/pp4pp/2b5/8/2N5/1P4PP/1P6/3RR1K1 b - -,d8f8 c4a5 c6f3 d1d3 a8c8 e1f1 f3e4 d3d4 f8f1 g1f1,-33
8/8/4p3/5pkp/3P4/4P1PR/r4PK1/8 b - -,a2d2 g2f3 d2d1 h3h4 d1g1 d4d5 e6d5 h4d4 g1a1 d4d5,28
3b4/2q2pkp/p1r1p1p1/P1PpP3/1Q3P2/7P/2R2BPK/8 b - -,c7a5 b4b8 a5c7 c2b2 c7b8 b2b8 d8e7 b8b6 c6c8 c5c6,-20
2n5/2P5/8/8/4K3/8/2k5/3q4 b - -,c7a5 b4b8 a5c7 c2b2 c7b8 b2b8 d8e7 b8b6 c6c8 c5c6,Mate
r3kb1r/1pqnnp2/2p1p2p/p2pPbp1/P2P4/2PB4/1P1N1PPP/R1BQNRK1 b kq -,f5d3 e1d3 c7b6 d2f3 e7f5 h2h3 b6c7 b2b4 d7b6 g2g4,83
8/3qr2p/7k/5pP1/3Q3P/8/8/1K6 b - -,f5d3 e1d3 c7b6 d2f3 e7f5 h2h3 b6c7 b2b4 d7b6 g2g4,Mate
rnbqk2r/pp3ppp/4pn2/2b5/2B5/1QN1P3/PP3PPP/R1B1K1NR b KQkq -,e8h8 c1d2 a7a6 c4e2 b7b5 e2f3 a8a7 c3e4 b8d7 a1c1,-67
5r2/1pp3k1/pBnp2pp/4p3/PP2P3/2PP4/5PPP/2R2RK1 b - -,f8c8 b6e3 g6g5 d3d4 e5d4 e3d4 g7g8 f2f3 c8d8 g1h1,592
rnb5/ppppkQ1p/6p1/2b5/2B5/8/PPqP1PPP/RNB2KNR b - -,f8c8 b6e3 g6g5 d3d4 e5d4 e3d4 g7g8 f2f3 c8d8 g1h1,Mate
r3R1k1/p4p2/6p1/7p/8/1N6/P4RPP/6K1 b - -,a8e8 f2f4 e8e1 g1f2 e1b1 f4a4 b1b2 f2f1 g6g5 b3d4,365
r4r1k/ppp3p1/3p3p/2P1pq2/2Bn2b1/P1NPRN2/2P2P2/R1BQ2K1 b - -,d4f3 e3f3 g4f3 d1f3 f5f3 c3e4 f3g4 g1f1 f8f3 f1e1,-696
2n5/2P5/8/4K3/8/8/2kq4/8 b - -,d4f3 e3f3 g4f3 d1f3 f5f3 c3e4 f3g4 g1f1 f8f3 f1e1,Mate
8/8/r3p3/5pkp/3P4/4P1P1/5PK1/7R b - -,g5g4 h1h4 g4g5 h4h3 g5g4 h3h1 a6a3 h1d1 a3b3 d4d5,28
r2qk2r/1bpnbp2/p2p2pp/1p1Pp1n1/PP2P3/2P2NN1/2B2PPP/R1BQR1K1 b kq -,g5f3 d1f3 c7c6 d5c6 b7c6 c2b3 d7f6 c3c4 b5a4 b3a4,100
8/8/3k2p1/p1pP1p2/r1P1pK1P/6P1/P1R5/8 b - -,a4a3 c2g2 a3f3 f4g5 e4e3 a2a3 d6d7 a3a4 d7d6 g5g6,-55
7k/7p/b5p1/8/5PP1/7P/PP1K4/8 b - -,h7h5 a2a4 h5h4 d2e1 h8g7 b2b4 g7f6 b4b5 a6c8 a4a5,41
6k1/5pp1/p6p/1p1p1P2/8/1P4N1/6KP/8 b - -,a6a5 g3e2 a5a4 g2f3 a4b3 f3e3 b3b2 e2c3 g8h7 e3d3,-396
rnb1rkR1/pppp1p1Q/5q2/5B2/2P4p/8/P3PP1P/3R1K2 b - -,,0
1kr4r/ppp2bq1/2N1n3/4P1pp/2P2p1P/2PP2P1/5Q1K/4R2R b - -,f8e7 g8e8 e7e8 h7g8 e8e7 g8c8 f6f5 d1d3 b8c6 c8a8,Mate
2n5/2P5/8/8/5K2/3q4/2k5/8 b - -,f8e7 g8e8 e7e8 h7g8 e8e7 g8c8 f6f5 d1d3 b8c6 c8a8,Mate
r2q1r1k/pQ4b1/3p3p/2p1pn2/2P5/2N5/PP4PP/R1B2RK1 b - -,e5e4 c1f4 e4e3 g2g3 a8b8 b7g2 d8b6 c3d5 b6b2 g2b2,-112
r1bq1rk1/3nbppp/2n1p3/p1ppP3/Pp6/1P1P1NP1/1BPN1PBP/R2QR1K1 b - -,c8b7 d1e2 d8b6 e2e3 h7h6 e3f4 a8e8 g2h3 f7f5 e5f6,-48
2b1r1k1/1p3ppp/p1p1n3/P7/4P3/P4PB1/3KB1PP/3R4 b - -,h7h6 d2c3 g7g5 e2c4 g8g7 g3f2 h6h5 g2g3 f7f6 d1d6,126
3r3k/4r1pp/p3n3/1ppqp3/4N2Q/P2P2RP/5PP1/2R3K1 b - -,d8e8 g1h2 e7f7 e4g5 e6g5 g3g5 f7e7 g5g4 h7h6 h4g3,-131
5rk1/1p2b1pp/p3pp2/Pb1pP3/1n1Pq2P/1P2BNK1/5PP1/Q2R3R b - -,b4c2 a1c3 f6e5 g3h2 b5e2 f3g5 e5d4 d1d4 e4f5 d4d2,-204
6k1/3r1pp1/2N4p/1p4qn/3Pr3/6PP/PPP2P1B/3R1RK1 b - -,h5f4 h3h4 f4e2 g1g2 g5d5 c6b4 d5a8 f2f3 e4d4 d1d3,-496
8/8/1r2p3/5pkp/3P4/4PKP1/5P2/7R b - -,b6b2 h1c1 b2d2 c1c6 g5f6 f3g2 f6f7 c6b6 f7e7 g2f1,48
r3k1nr/pp3ppp/2nq4/3N1b2/2B5/5N2/PP3PPP/R2QK2R b KQkq -,f5g4 h2h3 g4h5 d1e2 g8e7 e1h1 e8h8 d5e7 c6e7 a1d1,46
r4r1k/ppp3p1/3p3p/2P1pq2/2B3b1/P1NP1R2/2P2P2/R1BQ2K1 b - -,g4f3 d1f3 f5f3 c1e3 f8f6 a1e1 f3h3 c3e4 f6g6 e4g5,-724
7k/6p1/Qp3p1p/2p5/1P2rP1P/P7/6PK/4r3 b - -,c5b4 a3b4 e4f4 h2g3 f4e4 a6b6 e1e3 g3f2 e3b3 b6c7,-221
rnb1k2r/pp1p1ppp/4pn2/q7/1PPp4/2N2N2/1PQ1PPPP/R1B1KB1R b KQkq -,a5b6 c3b5 e8h8 e2e3 b8c6 e3d4 d7d6 c1d2 e6e5 c4c5,494
4r1k1/p4p2/6p1/7p/8/1N6/P4RPP/5K2 b - -,e8e4 b3c5 e4c4 c5d3 c4c3 d3e5 c3c5 e5f3 c5a5 f2b2,270
5n1r/1p1b1p2/p1pk2p1/P2p4/1PPP1NPP/3BR1K1/8/8 b - -,h8h7 c4d5 c6d5 e3e5 d7c6 h4h5 h7g7 h5h6 g7g8 g4g5,282
r1bqk2r/1pp2ppp/p1np1n2/4p3/4P3/2NP1N2/PPPK1PPP/R2Q1B1R b kq -,d6d5 d2c1 d5d4 c3e2 a6a5 d1d2 a5a4 c1d1 e8h8 e2g3,-153
r6k/pp4p1/1bp2n1p/7q/1Q6/1BN2nP1/PPPBR2P/7K b - -,h5h3 e2g2 f3d2 b3f7 d2f1 b4h4 h3h4 g3h4 f1e3 g2g1,-597
2kr1b1r/ppp1pppp/2nq1n2/7b/8/2NP1N1P/PPP1BPP1/R1BQ1RK1 b - -,e7e5 a2a3 h8g8 g2g4 h5g6 f1e1 h7h5 f3h4 f6d7 g4g5,-7
rnb1R3/ppppkp1Q/5q2/5B2/2P4p/8/P3PP1P/3R1K2 b - -,,0
4rrk1/pp1bq2p/4p1B1/3pN2n/3n4/P1N3P1/1P3P1P/2RQR1K1 b - -,d4c6 g6h5 c6e5 e1e5 e8c8 c3e2 g8h8 c1c8 f8c8 d1d4,494
rn1qk2r/pp3ppp/2pbpn2/8/3P4/2N3N1/PPP2PPP/R1BQ1RK1 b kq -,b8d7 f1e1 d8c7 d1f3 e8h8 h2h3 c6c5 d4c5 d7c5 c1g5,7
rn1qkbnr/pp1Bpppp/8/3p4/8/2N2N1P/PPPP1PP1/R1BQK2R b KQkq -,d8d7 f3e5 d7d8 d1h5 g7g6 h5f3 g8f6 d2d4 b8c6 c1e3,17
r1b2r1b/pp2pp1k/1qn2n1P/3p2p1/3P4/2N2N2/PPPQBPP1/2KR3R b - -,f8g8 e2d3 g8g6 f3g5 h7g8 d3g6 f7g6 h6h7 g8f8 f2f3,265
r2r2k1/pbpq1ppp/1n2pB2/4P3/2pP4/b1P2N2/3QBPPP/2RR2K1 b - -,g7f6 e5f6 g8h8 f3e5 d7e8 e2h5 d8d7 c1b1 b7d5 b1b5,-179
8/p5pp/8/3k1p2/3p1P1P/3K4/PP3P2/8 b - -,d5c6 d3d4 c6d6 b2b4 d6c6 a2a4 c6d6 b4b5 d6c7 a4a5,537
8/6kp/b5p1/8/P4PP1/7P/1P1K4/8 b - -,g7f8 d2e3 a6f1 h3h4 f8e7 b2b4 e7d6 b4b5 d6d5 h4h5,38
8/R5pk/p1r1p2p/8/6PP/5PK1/8/8 b - -,,0
8/8/8/8/6kp/3R4/5r2/7K b - -,,0
2n5/2P5/8/4K3/8/2kq4/8/8 b - -,f2f6 d3b3 f6f3 b3b2 g4g3 b2g2 g3f4 h1h2 f4e3 g2b2,Mate
4r1k1/4P2p/1pp1b1p1/p2p4/P2N4/2P2N2/1P3PP1/6K1 b - -,e6d7 b2b4 e8e7 d4b3 c6c5 b4a5 b6a5 b3c5 d7e8 f3d4,-424
8/8/3k2p1/p1pP1p2/2P1pKPP/r7/P1R5/8 b - -,a3f3 f4g5 e4e3 c2b2 f3g3 b2b6 d6e5 b6e6 e5d4 g5g6,-252
5rk1/1p4p1/pNb2p2/2P1p1n1/4p1Pp/2P1P2P/P4PB1/3R2K1 b - -,g8f7 b6c4 f7e7 c4d6 g7g6 d1b1 f8b8 b1b6 e7d7 a2a4,-85
8/8/r3p3/5pkp/3P4/4PKP1/5P2/1R6 b - -,g5f6 b1b8 a6a2 b8f8 f6g6 f8g8 g6f6 g8b8 a2d2 f3g2,47
rnb1k1Q1/pppp1p2/5q2/5B2/2P4p/8/P3PP1P/3R1K2 b - -,,0
8/7P/8/8/2k5/P1Q3P1/1P3PK1/r7 b - -,e8e7 g8c8 f6f5 d1d3 b8c6 d3e3 c6e5 c8a8 f5b1 f1g2,Mate
r1b1kb1r/2qn1ppp/3ppn2/1N4B1/4P3/6Q1/PPP2PPP/2KR1B1R b kq -,c7b8 d1d6 f8d6 b5d6 e8e7 d6b5 b8g3 h2g3 a8a2 c1b1,-257
5r2/1p4k1/ppnp2pp/P3p3/1P2P3/2PP4/5PPP/2R2RK1 b - -,g7f6 a5b6 f6g5 f2f3 f8b8 g2g3 h6h5 d3d4 e5d4 c3d4,467
r2r2k1/pbpq1p1p/1n2pP2/8/2pP4/b1P2N2/3QBPPP/2RR2K1 b - -,d7b5 c1a1 a3f8 f3e5 b5e5 d4e5 d8d2 d1d2 a7a5 d2d4,-210
3r3k/3r2pp/p4N2/1pnqp3/7Q/P2P2RP/5PP1/6K1 b - -,h7h6 f6d5 d7d5 h4e7 d8g8 g3g6 a6a5 g6c6 c5d7 c6d6,360
4r3/p4pk1/6p1/7p/8/1N6/P3R1PP/5K2 b - -,e8b8 e2e7 a7a6 e7e4 b8b6 e4a4 f7f6 h2h4 g7f7 f1f2,346
rnbk4/pppp3p/5Qp1/2b5/2B5/8/PPqP1PPP/RNB2KNR b - -,e8b8 e2e7 a7a6 e7e4 b8b6 e4a4 f7f6 h2h4 g7f7 f1f2,Mate
r1bq1rk1/p1p2ppp/5b2/1p6/8/3PN3/PP3KPP/R1BQR3 b - -,c8e6 f2g1 d8d7 e1f1 f6d4 g1h1 f8e8 d1c2 a8d8 a2a4,-395
rnQ5/ppppkp2/5q2/5B2/2P4p/8/P3PP1P/3R1K2 b - -,,0
8/3qr2p/6pk/5R2/3Q2PP/8/8/1K6 b - -,f6f5 c8b7 b8c6 b7a8 f5h3 f1e1 h3c3 e1f1,Mate
r1b4b/pp2pp1k/1qn2n1P/3p2Q1/3P4/2N5/PPP1BPP1/2KR3R b - -,e7e5 c3d5 f6d5 e2d3 f7f5 d3f5 c8f5 g5f5 h7g8 h6h7,485
4rrk1/pp1bq3/4p1p1/3pN2n/3Q4/P1N3P1/1P3P1P/2R1R1K1 b - -,d7c6 e5g6 e7f6 d4f6 f8f6 g6e5 h5g7 c3e2 g7f5 e5c6,320
8/p5pp/8/2k2p1P/3p1P2/3K4/PP3P2/8 b - -,c5d6 d3d4 a7a5 d4c4 d6e6 b2b4 a5b4 c4b4 e6d5 a2a4,671
2n5/2P5/5K2/8/1k6/3q4/8/8 b - -,c5d6 d3d4 a7a5 d4c4 d6e6 b2b4 a5b4 c4b4 e6d5 a2a4,Mate
8/4r3/2pn2kp/p2p1pp1/Pp1P2P1/1PPKNP2/7P/2R5 b - -,,0
8/7P/8/3k4/1P6/P1Q3P1/5PK1/r7 b - -,b4c3 c1c3 f5f4 e3g2 e7c7 g2e1 d6b7 c3c1 h6h5 h2h3,Mate
3r1rk1/ppp1ppbp/6p1/n3Pb2/1P1P4/4BN2/P1P1B1PP/R4RK1 b - -,c7c5 b4a5 c5d4 f3d4 f5c8 a1d1 g7e5 c2c4 h7h5 a5a6,400
r2qr1k1/1pp2pp1/p1n1b2p/2b1p3/B3P3/2Pp1N1P/PP1BNPP1/R2QR1K1 b - -,c5f8 e2c1 b7b5 a4b3 e6b3 a2b3 f7f5 b3b4 g8h7 f3h2,337
r2q1rk1/pp1n1pbp/2p1pnp1/3p1b2/2PP1B1N/2N1P2P/PP2BPP1/R2Q1RK1 b - -,d5c4 e2c4 d7b6 c4b3 f6h5 h4f5 e6f5 f4h2 h5f6 f1e1,25
r1bq1rk1/1pp2ppp/p1np1n2/4p3/4P3/2NP1N2/PPPK1PPP/RQ3B1R b - -,c6d4 b1d1 f8e8 f1e2 d6d5 d2e1 c7c6 h2h3 d8b6 d1c1,-181
rn1r2k1/pp2bppp/4bn2/8/P3P2P/2NN1P2/1P1B2P1/R3KB1R b - -,a7a5 d2e3 b8c6 e1f2 f6d7 d3f4 c6b4 f4e6 f7e6 f1b5,104
8/6pp/p3pR2/8/6k1/P3B1N1/KPq2PP1/8 b - -,c2c4 a2a1 g7f6 g3e4 g4h5 e4f6 h5g6 f6d7 c4e4 d7f8,-586
rnbq1rk1/ppp2pb1/3p1npp/3Pp3/2P1P3/2N2NPP/PP3PB1/R1BQ1RK1 b - -,a7a5 a2a3 b8d7 c1e3 f6h7 d1d2 f7f5 e4f5 g6f5 a1e1,57
8/p4pk1/6p1/7p/8/1N6/P3K1PP/8 b - -,h5h4 b3d4 a7a6 e2f3 h4h3 g2g4 g7f8 f3e4 f7f5 g4f5,465
7k/6p1/1Q3p1p/2p5/1P3r1P/P7/6PK/4r3 b - -,f4h4 h2g3 h4c4 b6d8 h8h7 d8d2 c4e4 b4b5 e1e3 g3f2,-73
2n5/2P5/8/6K1/1k2q3/8/8/8 b - -,f4c4 b4b5 c4h4 h2g3 h4h5 b6c7 h8h7 b5b6 e1f1 b6b7,Mate
8/7p/b4kp1/8/PP3PP1/7P/3K4/8 b - -,f6e7 b4b5 a6b7 d2c3 b7g2 h3h4 e7d6 c3b4 g2h3 g4g5,60
r2q1rk1/pb1nbppp/1p3n2/2pp2B1/3P4/2N1PN2/PPQ1BPPP/2R2RK1 b - -,h7h6 g5f4 f6e4 d4c5 e4c3 c5c6 c3e2 c2e2 b7c8 c6d7,41
8/7P/8/3k4/1P6/PQ4P1/r4PK1/8 b - -,h7h6 g5f4 f6e4 d4c5 e4c3 c5c6 c3e2 c2e2 b7c8 c6d7,Mate
rnbq1rk1/1pp2pb1/3p1npp/p2Pp3/2P1P3/P1N2NPP/1P3PB1/R1BQ1RK1 b - -,c8d7 f3e1 b8a6 e1d3 b7b6 b2b4 f6e4 c3e4 f7f5 f2f3,56
5n1r/1p1b4/p1pk1pp1/P6P/1PBP1NP1/4R1K1/8/8 b - -,b7b5 a5b6 g6h5 g4h5 f8h7 b6b7 h8b8 c4a6 h7g5 f4d3,470
1Q6/5kpp/q1p1p3/2P2p1P/3Pp3/4P3/5PP1/6K1 b - -,a6a5 g1h2 a5d2 b8c7 f7f6 h5h6 g7h6 c7f4 f6f7 h2g3,51
r1bq1rk1/1pp2ppp/p1np1n2/4p3/3PP3/2N2N2/PPPK1PPP/R2Q1B1R b - -,e5d4 c3d5 f6e4 d2e1 c8e6 d5f4 d8f6 f4h5 f6h6 f1d3,-453
rnbq1rk1/ppp1b1pp/5n2/3P4/4N3/2N5/PPP1QPPP/R1B1KB1R b KQ -,f6e4 c3e4 d8d5 e2c4 c8e6 c4d5 e6d5 e4c3 e7b4 c1e3,142
2n5/2P5/6K1/8/1k6/5q2/8/8 b - -,f6e4 c3e4 d8d5 e2c4 c8e6 c4d5 e6d5 e4c3 e7b4 c1e3,Mate
rnbqkb1r/pp1p1ppp/5n2/4p3/4P3/8/PPP2PPP/RNBQKBNR b KQkq -,b8c6 b1c3 f8b4 f1c4 f6e4 d1d5 e4d6 c4b3 e8h8 g1f3,-84
r1b4b/pp2pp1k/1qn4P/3Q4/3Pn3/2N5/PPP1BPP1/2KR3R b - -,h7g8 h6h7 g8f8 c3e4 c6d4 d1d4 b6d4 d5d4 h8d4 h7h8q,613
r2r3k/pbpq1p1p/1n2pP2/4N3/2pP4/b1P5/3QBPPP/2RR2K1 b - -,b7g2 e5d7 d8g8 d7e5 g2h3 e2g4 g8g4 e5g4 h3g4 g1g2,212
3k4/pppb1p2/n2bp3/3p4/3N1Pr1/6PB/PPP1N3/2KR4 b - -,g4g8 d1h1 d8e7 h3f1 c7c6 c1d2 a6c5 f1g2 e6e5 f4e5,-291
1r6/5pk1/p7/5p1p/R4P1P/6P1/1R3K2/8 b - -,,0
7k/6p1/1Q3p1p/2p5/1P5r/P5K1/6P1/4r3 b - -,h4c4 b4b5 e1e3 g3h2 e3a3 b6d8 h8h7 b5b6 c4h4 h2g1,-70
5rk1/1p2b1pp/p3pp2/Pb1pP3/3Pq2P/1PQ1BNK1/2n2PP1/3R3R b - -,f6e5 g3h2 b5e2 f3g5 e7g5 h4g5 e2d1 h1d1 e4h4 h2g1,-160
r2r2k1/pp2bppp/2n1bn2/8/P3P2P/2NNBP2/1P4P1/R3KB1R b - -,e6b3 e1f2 h7h6 f1e2 f6d7 h4h5 d7b6 d3f4 e7f6 e2d1,98
8/8/3k2p1/p1pP1pK1/2P1p1PP/5r2/P1R5/8 b - -,e4e3 c2b2 f3g3 b2b6 d6e5 b6e6 e5d4 g5g6 g3g4 g6f5,-253
5n1r/1p1b4/p1pk1p2/P6P/1PBP1N2/4R1K1/8/8 b - -,h8h6 g3h4 f8h7 f4e6 d7e6 e3e6 d6d7 e6e3 h7g5 h4g4,230
8/p5k1/6p1/5p1p/3N4/8/P3K1PP/8 b - -,a7a6 e2e3 g7f6 d4f3 g6g5 e3d4 g5g4 f3e5 f6g5 e5d3,530
8/3k4/5KR1/8/4P3/r7/8/8 b - -,,0
1R6/8/2r1p3/5pkp/3P4/4PKP1/5P2/8 b - -,g5f6 b8h8 f6g5 h8h7 c6b6 h7g7 g5f6 g7g8 b6b2 g8h8,43
8/6pp/p7/2k2p1P/3p1P2/P2K4/1P3P2/8 b - -,c5b6 d3d4 b6c6 b2b4 c6b5 d4c3 b5a4 c3b2 a4b5 b2b3,772
8/1b5p/5kp1/1P6/P4PP1/7P/3K4/8 b - -,g6g5 f4g5 f6g5 d2c3 b7g2 c3b4 g5f6 b5b6 f6e7 b4b5,245
6r1/q4p1k/2p2P1p/1p2p3/1P2Q3/2P5/6PP/5R1K b - -,g8g6 h2h4 h7g8 e4c6 a7a2 h1h2 g8h8 c6e4 h8g8 f1d1,129
r2qkb1r/pQ3ppp/4bn2/8/2Bn4/P7/1PP2PPP/RNB1K1NR b KQkq -,g8g6 h2h4 h7g8 e4c6 a7a2 h1h2 g8h8 c6e4 h8g8 f1d1,Mate
r3kb1r/1p1bpp1p/1p3np1/3P4/2BPN3/8/PP2NPPP/R1B1K2R b KQkq -,b6b5 e4f6 e7f6 c4d3 f8b4 c1d2 b4e7 d2e3 e8h8 e1d2,510
2n3K1/2P5/8/5q2/1k6/8/8/8 b - -,b6b5 e4f6 e7f6 c4d3 f8b4 c1d2 b4e7 d2e3 e8h8 e1d2,Mate
r1bqkbnr/ppp2ppp/2n5/3p4/4p2P/6PN/PPPPPPB1/RNBQ1RK1 b kq -,c8f5 d2d3 g8f6 c2c4 d5c4 d3c4 f8d6 b1c3 e8h8 h3f4,4
8/6pp/p3pR2/8/2q3k1/P3B1N1/1P3PP1/K7 b - -,g7f6 g3e4 g4h5 e4d2 c4c2 a1a2 e6e5 d2b1 f6f5 b1c3,-612
8/5pkp/5bp1/1b1Q4/8/8/8/2K5 b - -,b5e2 c1d2 e2g4 d2e1 f6c3 e1f1 g4e6 d5e4 e6f5 e4f4,-16
8/2r3kp/1p4p1/p2pN3/P4P2/2P5/1P4P1/6K1 b - -,b6b5 a4b5 c7b7 c3c4 d5c4 e5c4 b7b5 b2b3 g7f6 g1f2,-519
3k2r1/pppb1p2/n2bp3/3p4/5P2/5NPB/PPP1N3/2KR4 b - -,a6c5 f3g5 d8e7 d1e1 c5e4 g5e4 d5e4 c1d1 d6c5 e2c3,-367
7k/6p1/5p1p/2Q5/1P2r3/P5K1/6P1/4r3 b - -,,0
r1bqk2r/ppp3pp/5p2/3Pp3/2Q2P2/8/PP4PP/R1B1R1K1 b kq -,b7b5 c4c6 c8d7 c6c5 d8e7 c5e7 e8e7 f4e5 f6e5 c1f4,86
2Q3k1/p5p1/3bp2p/1P3p2/8/P3q2P/6P1/5Q1K b - -,g8h7 c8c4 e3e5 f1g1 d6f8 c4d4 e5b5 g1e1 b5a6 d4d7,512
4r1k1/pp4pp/2b5/8/2N5/1P4PP/1P3K2/3R4 b - -,g8f8 h3h4 e8e6 d1d4 e6f6 f2e2 f8e7 b3b4 h7h6 c4a5,-30
2n5/2P4K/5q2/8/1k6/8/8/8 b - -,a7a6 d1d4 e8f8 f2e2 f8f6 h3h4 g8f8 d4d3 f6e6 e2d2,Mate
8/6pp/8/p1k2p1P/1P1p1P2/P2K4/5P2/8 b - -,c5d5 b4a5 d5c5 a3a4 c5c6 d3d4 c6c7 a5a6 g7g5 h5g6,1082
rnb1kb1r/pp1qPppp/1n6/2p5/8/1BP5/PP1P1PPP/RNBQK1NR b KQkq -,d7e7 g1e2 b8c6 d2d4 c8g4 d4c5 b6d7 c1e3 e8a8 d1c2,91
8/4K3/8/4RP2/4N1k1/8/8/8 b - -,d7e7 g1e2 b8c6 d2d4 c8g4 d4c5 b6d7 c1e3 e8a8 d1c2,Mate
8/pp6/2p4r/3p4/5R2/1P4R1/P1k2PK1/8 b - -,h6h5 b3b4 b7b6 g3f3 h5h8 f4d4 h8b8 f3g3 b8d8 f2f4,388
8/4k2p/4Pp2/3B2p1/8/2pK4/8/8 b - -,,0
8/8/8/8/6k1/3R3p/5r2/6K1 b - -,,0
r2qk2r/1p1n1ppp/p1p2n2/3pN3/3P1Pb1/2NB4/PPQ2PPP/R3K2R b KQkq -,g4h5 f2f3 c6c5 d4c5 d7c5 g2g4 d5d4 c3e2 c5d3 c2d3,230
4r2k/4r1pp/p4N2/1pnqp3/7Q/P2P2RP/5PP1/6K1 b - -,h7h6 f6d5 e7f7 h4g4 c5d7 g4g6 e8f8 g6d6 e5e4 d3e4,529
r1b1k2r/p4ppp/2pb1n2/3pN3/3P1B2/2P5/Pq1N1PPP/R2Q1RK1 b kq -,b2b8 a1b1 b8c7 c3c4 e8h8 c4c5 d6e5 f4e5 c7d8 d1a4,114
r4rk1/pb2qppp/1p6/2np4/4n3/2N1PN2/PPQ1BPPP/2RR2K1 b - -,e7d8 c3e4 c5e4 c2c7 e4d6 c7c3 a8c8 c3e5 c8c5 b2b4,66
8/1b5p/4k1p1/PP6/5PP1/7P/3K4/8 b - -,e6d7 a5a6 b7g2 h3h4 g2f1 a6a7 f1g2 d2e3 g2b7 e3d4,458
7r/1p1b3n/p1pk1pN1/P6P/1PBP4/4R1K1/8/8 b - -,h8a8 h5h6 h7g5 e3e7 d7f5 e7g7 f5b1 c4g8 a8b8 g3f2,253
6k1/p5p1/2P1p2p/1P2bN2/7q/P2QP2P/6P1/6K1 b - -,h4e1 d3f1 e1f1 g1f1 e6f5 f1e2 e5c7 e2d3 g8f7 d3e2,-423
r1b1r1k1/p1p2ppp/1bN5/3p4/3Pn2q/2P3P1/PP3P1P/RNBQR1K1 b - -,c8g4 g3h4 g4d1 e1d1 e8e6 c6b4 c7c6 b1d2 b6c7 h4h5,472
r2qkb1r/ppp2ppp/2np4/4N3/2BP2b1/2P5/P1P1QPPP/R1B1K2R b KQkq -,f8e7 e5g4 e8h8 e1h1 c6a5 c4d3 d6d5 a1b1 f7f5 g4e5,537
rn1q1rk1/4bppp/bpp1pn2/3p4/N1PP4/1P4P1/P2NPPBP/R1BQR1K1 b - -,b6b5 c4b5 c6b5 a4c5 b8c6 c1b2 b5b4 c5a6 a8a6 e2e4,90
8/5pkp/5bp1/3Q4/8/8/3Kb3/8 b - -,e2g4 d2e3 g4f5 e3f2 f5h3 d5e4 h3e6 f2e3 h7h6 e3f2,-16
rn2k2r/ppq2ppp/2pbpn2/8/3P4/2N2QN1/PPP2PPP/R1B2RK1 b kq -,b8d7 h2h3 e8h8 c3e4 d6e7 c2c4 f8d8 f1d1 f6e4 g3e4,13
3r1rk1/ppp1ppbp/6p1/1P2Pb2/1n1P4/4B3/P1P1B1PP/R3NRK1 b - -,c7c5 b5c6 b7c6 c2c3 b4d5 e3d2 c6c5 a1c1 c5d4 c3d4,-31
r2q1rk1/3bNpp1/p1n2n1p/4pP2/p3P3/1NP3P1/4Q1BP/R1B2RK1 b - -,c6e7 b3c5 d7b5 c3c4 d8d4 c1e3 d4c4 e2c4 b5c4 f1c1,-111
r2q1rk1/1pp2pp1/1pnp1nbp/4p3/2B1P1P1/P2P1N1P/1PP2P2/R1BQ1RK1 b - -,d6d5 e4d5 f6d5 f1e1 f8e8 c1d2 e5e4 d3e4 g6e4 c4b3,-49
r4r2/ppp2Bk1/3pQq2/4pP2/2P5/8/PP1b4/1K4R1 b - -,d2g5 e6f6 g7f6 f7d5 c7c6 d5f3 f8h8 g1d1 d6d5 c4d5,-545
r2q1rk1/3nbppp/b1n1p3/p1ppP3/Pp6/1P1P1NPP/1BPN1PB1/R2QR1K1 b - -,d8c7 d1e2 h7h6 d2f1 a8d8 f1e3 f8e8 h3h4 f7f5 g2h3,-59
8/5pkp/5bp1/3Q4/6b1/4K3/8/8 b - -,h7h5 e3f2 g4e6 d5e4 f6b2 e4f4 e6f5 f2e1 b2f6 e1f2,-16
rnbqk2r/1p3pb1/p7/3p2Pp/4p3/2P1B1N1/PP3P1P/R2QKB1R b KQkq -,b8c6 g3h5 g7e5 h5f6 e5f6 g5f6 c8e6 d1a4 d8d6 e1a1,56
r2q1r2/1p2p1kp/2bp2p1/p1n1P3/2P2p2/2N4P/PPQ1BPP1/3RR1K1 b - -,f4f3 e2f3 c6f3 g2f3 f8f3 g1g2 f3f5 c2d2 c5e6 e5d6,101
1N4k1/3r1pp1/4r2p/1p4qn/3P4/6PP/PPP2P1B/3R1RK1 b - -,d7d8 g3g4 h5f6 a2a3 f6g4 h3g4 g5g4 h2g3 e6g6 d4d5,-487
r1b1k1nr/pppq1ppp/1bnp4/4P3/2B1P3/2P2N2/PQ3PPP/RNB1K2R b KQkq -,c6e5 f3e5 d6e5 a2a4 g8f6 b1d2 e8h8 e1h1 a7a5 h2h3,-130
8/1b1k3p/P5p1/1P6/5PP1/7P/3K4/8 b - -,b7f3 d2e3 f3g2 h3h4 g2f1 a6a7 f1g2 e3d4 d7d6 f4f5,591
4rrk1/pp1bq2p/4p1B1/3p3n/8/P1N2NP1/1P3P1P/2RQR1K1 b - -,f8f3 g6e8 f3c3 e8h5 c3c6 d1g4 e7g7 c1c6 b7c6 g4f4,589
3k2r1/pppb1p2/3bp3/2np4/5P2/2N2NPB/PPP5/2KR4 b - -,g8g3 f3g1 d6f4 c1b1 f4d6 c3e2 g3e3 h3g2 d8e7 e2d4,-580
r1b2rk1/p4ppp/3b4/3pN3/3PnB2/1N6/PqR2PPP/3Q1RK1 b - -,b2c2 d1c2 c8a6 f1e1 a8c8 b3c5 e4c5 d4c5 c8c5 c2a4,420
r1b2rk1/1p4p1/p1n1p2p/2bn1p2/7B/2P2N1P/PP1NBPP1/R2R2K1 b - -,f5f4 d2e4 c5b6 e2c4 g7g5 h4g5 h6g5 f3g5 a8b8 d1d2,-65
8/8/5K2/4RP2/4Nk2/8/8/8 b - -,c5d6 h4g3 d6g3 f2g3 d5e3 d1c1 e6e5 d2c4 e3c4 e2c4,Mate
rn1qk2r/pbp2ppp/1p2pn2/3pP3/1b1P4/2NB1N2/PPPQ1PPP/R1B1K2R b KQkq -,f6e4 d2f4 e4c3 a2a3 c3a2 c1d2 b4d2 f4d2 b7a6 a1a2,4
8/4r3/2pn2kp/p2p2p1/Pp1P1pP1/1PPK1P2/6NP/2R5 b - -,b4c3 c1c3 e7c7 c3c2 d6b7 c2e2 g6f7 h2h4 c7e7 e2e7,3
4r1k1/p1Q2pp1/3p1r1p/3Bn1q1/5R2/P1P1P1P1/4P2P/5RK1 b - -,g5g6 f4f6 g7f6 c7d6 g8g7 f1f4 h6h5 c3c4 g6g5 d5e4,160
6k1/R7/p1r1p1pp/8/5PPP/8/6K1/8 b - -,,0
r1bq1rk1/1pp2ppp/p1np1n2/8/3pP3/5N2/PPPKNPPP/R2Q1B1R b - -,f6e4 d2e1 f8e8 f3d4 d8h4 g2g3 h4f6 f2f4 c6d4 d1d4,-564
8/5pk1/5bp1/3Q3p/6b1/8/5K2/8 b - -,f6h4 f2g2 g4f5 d5d4 h4f6 d4f4 f6b2 g2f2 g7h7 f4e3,-14
r2q1rk1/p1p2ppp/4bb2/1p6/8/3PN3/PP4PP/R1BQR1K1 b - -,d8d7 d1c2 f8d8 e1f1 d7d3 f1f6 d3c2 e3c2 g7f6 c1h6,-389
1r6/1p1b3n/p1pk1pN1/P6P/1P1P4/3BR1K1/8/8 b - -,b8d8 e3e7 h7g5 g3f2 d7c8 e7g7 d8e8 g6f4 e8h8 g7g6,251
2b1r1k1/1p3ppp/p1p5/P7/3nP3/P2K1PB1/4B1PP/3R4 b - -,c6c5 d1c1 d4e2 d3e2 c8d7 c1c5 e8c8 c5c8 d7c8 e2e3,13
r2q1r2/1p2p1kp/2bp2p1/p1n1P3/2P5/2N2B1P/PPQ2PP1/3RR1K1 b - -,f8f3 g2f3 c6f3 d1d4 d8d7 d4h4 d6e5 c3d5 f3d5 c2c3,405
r1b1k1nr/pppq1ppp/1bnp4/4P3/2B1P3/2P2N2/P1Q2PPP/RNB1K2R b KQkq -,c6e5 f3e5 d6e5 b1d2 b6c5 d2b3 c5d6 a2a4 g8f6 e1h1,-97
2kr1b1r/1p1n1p1p/p4p2/3qpP2/3p4/P4Q2/1PPN1PPP/R3KB1R b KQ -,d7b6 f3d5 d8d5 d2e4 f8e7 e1a1 c8c7 d1d3 h7h5 d3h3,69
rnbqk1nr/ppp3b1/4ppp1/3p2Pp/2P4P/3P4/PP2PPB1/RNBQK1NR b KQkq -,b8c6 b1c3 d5d4 g5f6 g8f6 c3e4 e6e5 c1g5 d8e7 a2a3,20
8/ppp2ppp/2p5/3k4/P7/2PP3P/4KPP1/8 b - -,b7b5 a4a5 c6c5 h3h4 b5b4 e2d2 c5c4 c3b4 d5d4 a5a6,-386
b7/3k3p/PP4p1/8/5PP1/7P/3K4/8 b - -,a8f3 f4f5 g6f5 g4f5 f3d5 d2e3 d5c4 a6a7 c4d5 e3d4,682
r3k2r/pp3p1p/2n5/3pp1q1/8/P1N1P1P1/1PQ2P1P/R3K2R b KQkq -,g5h5 c3d5 h5f3 c2e4 f3e4 d5f6 e8e7 f6e4 f7f5 e4d2,112
rnbqk2r/1pp1ppbp/5np1/p2p4/3P1B2/2NBPN2/PPP2PPP/R2QK2R b KQkq -,f6h5 f4g5 a5a4 e1h1 e8h8 a1b1 c7c6 e3e4 d5e4 c3e4,30
r3q2k/pbpr1p1p/1n2pP2/3PN2B/2p5/2P5/5PPP/2QR2K1 b - -,e6d5 d1e1 e8g8 g2g4 d5d4 c3d4 b7d5 g4g5 d5e6 f2f4,-212
r5k1/pQp2pp1/3p1r1p/3Bn1q1/5R2/P1P1P1P1/4P2P/5RK1 b - -,a8f8 b7a7 c7c6 f4f6 g7f6 d5e4 g5g4 e4d3 g4e6 f1f4,49
r2q1rk1/1pp2pp1/1pn2nbp/3Pp3/2B3P1/P2P1N1P/1PP2P2/R1BQ1RK1 b - -,f6d5 f1e1 d8d6 c1d2 a8d8 b2b4 f8e8 b4b5 c6a5 c4a2,-50
rn1q1rk1/4bppp/bpp1pn2/8/N2P4/1Q4P1/PB1NPPBP/R3R1K1 b - -,f6d5 a4c3 b8d7 a2a4 h7h5 d2c4 h5h4 e2e4 d5b4 e1d1,41
r4k1b/pp2pp1P/1qnnb3/1N4Q1/3P4/3B4/PPP2PP1/2KR3R b - -,f8e8 g5g8 e8d7 g8a8 c6d8 a8a7 b6a7 b5a7 e6a2 a7b5,664
8/1R2bpkp/p3p1p1/P1qpP3/Q4P2/7P/6PK/8 b - -,,0
3Q4/6pp/2p1pk2/2P2p1P/3Pp3/4P3/4qPP1/6K1 b - -,,0
rnbqkb1r/1p1ppppp/p4n2/3N4/4P3/8/PPP2PPP/R1BQKBNR b KQkq -,h7h5 g1f3 d7d6 d5f6 g7f6 f1e2 b8d7 e1h1 d8c7 f1e1,73
8/8/5K2/4RPN1/8/4k3/8/8 b - -,h7h5 g1f3 d7d6 d5f6 g7f6 f1e2 b8d7 e1h1 d8c7 f1e1,Mate
8/8/2r1p3/1R3pkp/3P4/4PKP1/5P2/8 b - -,g5f6 b5b8 c6c2 b8g8 c2c6 f3g2 c6c2 g8h8 f6g6 h8f8,43
r1bqk2r/1p3pb1/p1n5/3p2PN/4p3/2P1B3/PP3P1P/R2QKB1R b KQkq -,g7e5 h5f6 e5f6 g5f6 c8e6 d1a4 d8d6 e1a1 e8a8 f1e2,62
r3kb1r/pp1bpppp/5n2/2nP4/3P4/1BN5/PP3PPP/R1B1K1NR b KQkq -,c5b3 a2b3 e7e6 d5e6 d7e6 g1f3 f8b4 e1h1 e8h8 c1g5,-8
8/4r3/2pn2kp/p2p2p1/Pp1P1pP1/1PPK1P2/2N4P/2R5 b - -,b4c3 d3c3 g6f7 c1e1 e7a7 e1a1 d6b7 a1h1 f7g7 h2h4,30
r2q4/1p2p1kp/3p2p1/p1n1P3/2P5/2N2r1P/PPQ2PK1/3RR3 b - -,f3f5 e1e3 e7e6 e5d6 d8h4 c3e4 c5e4 e3e4 f5f2 c2f2,114
1r6/1p1b4/p1pk1pNP/P5n1/1P1P4/3BR1K1/8/8 b - -,d6d5 e3e7 d7e6 g6f4 d5d4 f4e6 g5e6 d3f5 e6g5 g3g4,193
8/8/3k2K1/p1pP1p2/2P1p1PP/6r1/P1R5/8 b - -,f5f4 g6f5 f4f3 f5f4 g3g2 c2c1 f3f2 c1f1 e4e3 f4e3,55
8/p7/5kp1/5p1p/3N4/4K3/P5PP/8 b - -,h5h4 d4f3 g6g5 e3d4 a7a6 h2h3 g5g4 h3g4 f5g4 f3h4,528
8/2q3pp/p3p3/8/5Rk1/P3B1N1/1P3PP1/K7 b - -,g4g5 f4f7 c7f4 f7f4 g5g6 a1a2 g6g5 f4a4 g5f6 a4a6,1273
r4k1b/pp2p2P/1qnnbp1Q/1N6/3P4/3B4/PPP2PP1/2KR3R b - -,f8e8 d4d5 e6d5 b5d6 e7d6 h6h5 d5f7 d3g6 f7g6 h5g6,Mate
6k1/8/R3p3/7p/5r1P/3K4/8/8 b - -,g8f7 a6a7 f7f6 a7h7 f4h4 d3e3 f6f5 h7f7 f5e5 e3f3,-344
8/r7/2R4P/3KbB2/5kP1/8/8/8 b - -,e5a1 h6h7 a7a3 d5e6 a3h3 c6c1 h3h6 e6f7 a1b2 c1c4,383
rn3rk1/ppq2ppp/2pbpn2/6B1/3P4/2N2QN1/PPP2PPP/R4RK1 b - -,b8d7 a1d1 h7h6 g5c1 f8e8 b2b3 a8d8 h2h3 d6e7 a2a4,-14
r3k2r/1bqnbppp/3pB3/p5P1/1p1NPP2/5Q2/PPP1N2P/1K1R3R b kq -,f7e6 d4e6 c7c4 e2d4 d7c5 e6g7 e8d8 h1e1 e7f8 g7h5,139
r2q4/1p2p1kp/3p2p1/p1n1Pr2/2P5/2N1R2P/PPQ2PK1/3R4 b - -,c5e6 e5d6 e6f4 g2f1 e7d6 c3e4 d6d5 c4d5 f5d5 d1d5,88
4Q3/1R3pkp/p3p1p1/P1qpP3/5P1b/7P/6PK/8 b - -,,0
8/pp3R2/2p5/3p3r/8/1P4R1/P1k2PK1/8 b - -,b7b6 f2f4 d5d4 f7d7 c6c5 g3f3 h5f5 g2g3 a7a5 g3g4,472
2r2rk1/pb2qppp/1p6/2np4/3Nn3/2N1P3/PPQ1BPPP/2RR2K1 b - -,f8d8 h2h3 g7g6 e2g4 e4c3 c2c3 c5e4 c3e1 c8c4 g4e2,51
8/8/5K2/5PN1/4R3/3k4/8/8 b - -,f8d8 h2h3 g7g6 e2g4 e4c3 c2c3 c5e4 c3e1 c8c4 g4e2,Mate
1r6/1p6/p1pkbpNP/P5n1/1P1P4/3B2K1/8/4R3 b - -,e6g8 g6f4 g8h7 d3h7 g5h7 f4h5 b7b6 g3g4 b6a5 b4a5,181
r2qr1k1/1pp2pp1/p1n1b2p/2b1p3/B3P3/2P2N1P/PP1BQPP1/R3R1K1 b - -,e6d7 d2e3 c5d6 a4b3 d8f6 e1d1 f6g6 g1f1 b7b5 b3d5,25
r3k1nr/pp3ppp/4p3/3pP3/3n4/8/PP3PPP/R1BBK2R b KQkq -,a8c8 e1h1 g8e7 g2g4 c8c4 f2f4 e8d7 c1d2 h8c8 g1f2,-134
8/4r3/2pn2kp/p2p2p1/P2P1pP1/1PK2P2/2N4P/2R5 b - -,g6f7 c1e1 e7a7 e1h1 a7e7 b3b4 a5b4 c3b4 e7e2 h1c1,35
2kr1b1r/1p1n1p1p/p4p2/q4P2/3pN3/P4Q2/1PP2PPP/R2K1B1R b - -,h7h5 b2b4 a5c7 f1d3 h5h4 f3h3 f8h6 d1e2 h6f4 h1e1,28
r1bqkb1r/pp1npppp/5n2/3p4/8/2N1PN2/PP1PBPPP/R1BQK2R b KQkq -,e7e5 d2d4 e5e4 f3d2 f8d6 e1h1 e8h8 f2f3 e4f3 e2f3,-11
8/p7/6p1/2k2p2/3p1P2/P2K4/1P3P2/8 b - -,c5d5 b2b4 d5c6 d3d4 c6b5 d4c3 b5a4 c3b2 a4b5 b2b3,972
2r2rk1/pb3ppp/1p3q2/2np4/3Nn1B1/2N1P3/PPQ2PPP/2RR2K1 b - -,c8e8 b2b4 e4c3 c2c3 c5e4 c3b2 g7g6 g4d7 e8d8 d7c6,82
6k1/1b1R1pp1/p3p2p/1p3P2/8/1P4N1/6rP/5K2 b - -,b7f3 d7d3 f3c6 d3d8 g8h7 d8f8 e6f5 f8f7 g2h2 g3f5,-490
r1br2k1/p6p/np2p1p1/2pP4/2P1P3/4B3/Pb1KB1PP/1NR4R b - -,d8e8 b1c3 b2c1 h1c1 e8f8 h2h4 c8d7 c1b1 a8e8 g2g3,46
8/8/8/4KPN1/4R3/2k5/8/8 b - -,c8d7 c1e1 d8e8 a2a3 b2g7 h1f1 a8c8 e3g5 e6d5 e4d5,Mate
5r2/1p4k1/ppnp2pp/1P2p3/P3P3/2PP4/5PPP/2R2RK1 b - -,c6b8 b5a6 b7a6 f1d1 f8c8 d3d4 c8c7 d4e5 d6e5 c1b1,481
r3kb1r/pp1bpppp/5n2/3P4/3Pn3/1BN2N2/PP3PPP/R1B1K2R b KQkq -,h7h6 e1h1 g7g5 f1e1 e4d6 c1d2 a7a5 f3e5 f8g7 a1c1,180
r1b1r1k1/p1p2ppp/1bN2q2/3p4/3Pn3/2P2PP1/PP5P/RNBQR1K1 b - -,f6c6 f3e4 c6g6 a2a4 c8g4 d1d2 a7a5 d2f2 e8e4 e1e4,-164
r4rk1/3q1pp1/4p1p1/3pB3/1N1Pn3/1Q2P3/PP2BPPP/5RK1 b - -,g6g5 b3d1 f7f6 e5g3 g8f7 a2a3 f8c8 e2d3 d7b7 h2h3,411
2r3k1/1bq2ppp/p3p1P1/4b2P/np2P3/5P1Q/P2RN3/1KBR4 b - -,b7c6 g6f7 g8f7 h5h6 g7g6 d2c2 c6e4 d1d7 c7d7 f3e4,-412
2kr1b1r/1p3p1p/p4p2/q3nP2/3pN3/PQ6/1PP2PPP/R2K1B1R b - -,,0
8/2q3pp/p3R3/8/6k1/P3B1N1/1P3PP1/K7 b - -,c7b7 e6e4 b7e4 g3e4 g4f5 e4g3 f5f6 a1a2 h7h6 a2b3,1030
4rrk1/pp1bq3/4p1p1/3N3n/8/P4NP1/1P3P1P/2RQR1K1 b - -,e7d8 d5c7 d8f6 c7e8 d7e8 e1e3 e8c6 c1c6 b7c6 d1e2,426
6r1/1p6/p1pkbpNP/P5n1/1P1P1K2/3B4/8/4R3 b - -,g5h3 f4e3 h3g5 e1f1 f6f5 g6f4 g8e8 f1g1 e6f7 e3f2,295
rb2kr2/pp2p1pp/2p2pn1/8/3PN3/2PNQ3/PPKB2qP/R7 b - -,b8h2 a1e1 f6f5 e4c5 f8f6 e3g5 g2g5 d2g5 f6f7 c5b7,-350
8/p7/5k2/5ppp/3N4/4K1P1/P6P/8 b - -,f6e7 d4f5 e7d7 f5d4 d7e7 e3e4 e7f6 h2h4 f6g6 e4e5,613
rnbqkb1r/1p1ppppp/p7/3N4/4n3/4B3/PPP2PPP/R2QKBNR b KQkq -,a6a5 e3b6 e7e6 b6d8 e6d5 d8b6 f8b4 c2c3 e4c3 b2c3,486
r4rk1/2p2npp/1p2p2q/p2bPP2/3R4/1P2PP2/PBB4P/3Q1R1K b - -,a5a4 d4d5 e6d5 e5e6 f7d6 f1g1 d6f5 d1d5 c7c6 d5c4,505
r1b2rk1/1p4p1/p1n1p2p/2bn1p2/2P4B/5N2/PP1NBPPP/R2R2K1 b - -,d5f4 e2f1 f4h5 h2h3 e6e5 d2b3 c5a7 c4c5 g7g5 h4g3,-212
r1b2b1r/p1p2kpp/8/1Bqn4/3p4/5Q2/PP1P1PPP/RNB2K1R b - -,f7e6 b1a3 c8b7 b2b4 c5b6 b5c4 a8e8 a1b1 f8b4 a3c2,154
3q1rk1/r3bpp1/1n1np2p/p2p4/Pp1P1B2/1P1QPN2/2RN1PPP/2R3K1 b - -,b6d7 g2g3 d8a8 f3e5 d7e5 f4e5 f8c8 c2c8 d6c8 d3b5,92
1r1nk1r1/R1N5/6p1/3pP2p/1p1p4/1Pp5/6PP/5RK1 b - -,e8d7 c7d5 d7e6 a7a5 g6g5 h2h4 d4d3 d5c7 e6d7 c7a6,-135
2kr3r/1p3p1p/p4p1b/q3nP2/3pN3/PQ1B4/1PP2PPP/R2K3R b - -,d8d5 g2g3 e5d3 c2d3 c8b8 b3b4 a5c7 f2f4 h8c8 b4d2,89
rnb1k1nr/ppppqp1p/6p1/2Q5/2B1P3/8/PPPP1PPP/RNB1K1NR b KQkq -,e7c5 c4b3 c5g5 g1e2 g5g2 h1g1 g2e4 b1c3 e4e7 d2d3,-456
8/8/6K1/p1pPkpP1/2P1p2P/6r1/P1R5/8 b - -,f5f4 g6f7 e4e3 f7e7 f4f3 d5d6 g3g1 d6d7 g1d1 g5g6,-347
8/p7/1p3p2/1P1Pk1p1/P1p1PnBp/7P/3K4/8 b - -,f4d3 g4f3 d3f2 f3g2 g5g4 h3g4 h4h3 g2f3 h3h2 f3g2,-544
8/p7/6p1/3k1p2/1P1p1P2/P2K4/5P2/8 b - -,d5e6 d3d4 e6d6 b4b5 d6c7 d4c5 c7d7 a3a4 d7e6 c5d4,1524
r3kb1r/1pqnnp2/2p1p2p/p2pP1p1/P2P4/2PN4/1P1N1PPP/R1BQ1RK1 b kq -,a8c8 b2b4 e7f5 g2g4 f5h4 f2f4 a5b4 c3b4 g5f4 a4a5,87
r3kb1r/pp1bpppp/5n2/3P4/3P4/1BP2N2/P4PPP/R1B1K2R b KQkq -,b7b5 a2a4 b5a4 a1a4 a7a5 f3e5 e7e6 d5e6 f7e6 e1e2,244
r6r/p1p1kppp/8/4b3/2P1Q3/8/PP3PPP/R1B3K1 b - -,h8d8 e4e5 e7f8 c1h6 g7h6 e5h8 f8e7 a1e1 e7d7 h8h7,702
8/8/8/4KP2/4R3/3k1N2/8/8 b - -,h8d8 e4e5 e7f8 c1h6 g7h6 e5h8 f8e7 a1e1 e7d7 h8h7,Mate
r4rk1/2p2npp/1p2p3/p2RPP2/8/1P2qP2/PBB4P/3Q1R1K b - -,c7c6 d5d3 e3h6 f5f6 a8d8 f3f4 c6c5 d1e2 d8d3 c2d3,1015
1rr3k1/p4ppp/b3pn2/3p4/3N4/1P2PN2/P4PPP/R1R3K1 b - -,g8f8 f3e5 f8e8 c1c6 c8c6 e5c6 b8b7 f2f3 f6d7 f3f4,17
4r3/1p6/p1pkbpNP/P5n1/1P1P1K2/3B4/8/7R b - -,b7b6 a5b6 e8b8 h6h7 g5h7 h1h7 b8b6 f4e3 b6b4 g6f4,290
b7/1P5p/P1k3p1/8/5PP1/7P/3K4/8 b - -,a8b7 a6b7 c6b7 d2e3 b7c6 e3e4 c6d6 f4f5 h7h6 e4d4,Mate
8/8/3rp3/4Rpkp/3P4/4PKP1/5P2/8 b - -,d6a6 e3e4 a6a3 f3g2 g5f6 e4f5 e6f5 e5e3 a3a5 g2f3,74
r3k2b/pp2p2P/1qnn1pBQ/1N1b4/8/8/PPP2PP1/2KR3R b - -,d6f7 d1d5 c6e5 h6e3 b6e3 f2e3 e8f8 b5c7 e5g6 c7a8,651
r1b2rk1/1p4p1/p1n1p2p/2b2p2/2P2n1B/5N2/PP1N1PPP/R2R1BK1 b - -,f4h5 h2h3 g7g5 g2g4 f5g4 h3g4 g5h4 g4h5 e6e5 d2e4,-196
r4rk1/p1pq1ppp/4bb2/1p6/8/3PN3/PP1B2PP/R2QR1K1 b - -,f6b2 a1b1 b2d4 b1c1 e6a2 d2c3 a7a5 c3d4 d7d4 h2h3,-482
rn1q1rk1/4bppp/b1p1pn2/1pN5/3P4/1Q4P1/PB1NPPBP/R3R1K1 b - -,e7c5 d4c5 d8d2 h2h4 d2d8 e1d1 d8e7 b2e5 f8c8 e5f6,-202
r1bq1rk1/1pp2pp1/p1np1n1p/8/3pP3/5NP1/PPPKNP1P/R2Q1B1R b - -,f6e4 d2e1 f8e8 f3d4 d8f6 f2f4 c6d4 d1d4 f6d4 e2d4,-542
r4rk1/2p2npp/1p2P3/p2p1P2/8/1P2qP2/PBB4P/3Q1R1K b - -,b6b5 f1e1 e3f4 e1g1 f7g5 g1g4 f4e3 f3f4 c7c5 g4g5,715
6k1/5p1p/2n3p1/P3p3/2Bp4/8/1P3PPP/6K1 b - -,c6b8 a5a6 b8a6 c4a6 g8f8 a6c4 f8e7 g1f1 f7f5 c4g8,480
rn1qkb1r/pp2pp1p/2p2np1/8/2B3b1/3P1NN1/PPP2PPP/R1BQK2R b KQkq -,b8d7 e1h1 f8g7 f1e1 b7b5 c4b3 e8h8 h2h3 g4f3 d1f3,12
5rk1/p5pp/2b5/1p6/8/1P2K1PP/1P1N4/3R4 b - -,f8e8 e3f2 c6b7 b3b4 b7e4 d2e4 e8e4 d1d8 g8f7 d8d7,-10
4Q2k/2r3p1/p6p/1p1rp3/8/P2n2RP/5PP1/6K1 b - -,h8h7 e8g6 h7h8 g3d3 c7c1 g1h2 d5d3 g6d3 c1c4 d3d6,451
8/8/8/4KP2/4R3/2k5/8/4N3 b - -,h8h7 e8g6 h7h8 g3d3 c7c1 g1h2 d5d3 g6d3 c1c4 d3d6,Mate
r3k2b/pp2pB1P/1qnn1p1Q/1N6/8/8/PPP2PP1/2KR3R b - -,d6f7 h6g6 e7e6 b5d6 e8d8 d6c4 d8e8 g6g8 e8e7 c4b6,Mate
1rbq1rk1/ppn1ppbp/2n3p1/2B5/2P1P3/2N3PP/PP2NPB1/R2QK2R b KQ -,c8e6 d1d8 f8d8 c3d5 d8c8 e2c3 b7b5 c4b5 c7d5 e4d5,14
8/2k5/3Q1K2/8/8/3N4/8/8 b - -,,0
8/1k5p/6p1/8/5PP1/4K2P/8/8 b - -,b7c6 e3e4 c6d7 f4f5 g6f5 e4f5 h7h5 f5g5 h5g4 h3g4,900
r1bq1rk1/ppp2ppp/1b4n1/3pP3/3P4/PN1B1N2/1P3PPP/2RQ1RK1 b - -,c7c6 b3c5 c8g4 h2h3 g4f3 d1f3 b6c5 c1c5 d8g5 d3g6,43
8/p1p2ppp/2p5/1P1k4/8/2PP3P/4KPP1/8 b - -,c6b5 g2g3 c7c5 e2d1 b5b4 c3b4 c5b4 d1c1 a7a5 h3h4,-518
r3k2r/1bqnb1pp/3pN3/p5P1/1p2PP2/5Q2/PPP1N2P/1K1R3R b kq -,c7c4 e2d4 d7c5 e6g7 e8d7 h1e1 d7c7 f4f5 a5a4 d4e6,149
r3q2k/pbpr1p1p/4pP1Q/3nN2B/2p5/2P5/5PPP/3R2K1 b - -,e8g8 g2g3 g8f8 h6f8 a8f8 e5d7 f8d8 d7c5 b7c6 h5f7,Mate
r2q1rk1/1p3pp1/1pp2nbp/P2pp3/4P1P1/P2P1N1P/B1P2P2/R1BQ1RK1 b - -,f8e8 c1b2 d8d6 f1e1 b6a5 e4d5 e5e4 d3e4 g6e4 e1e3,338
8/8/6K1/p1pPk1PP/2P1pp2/6r1/P1R5/8 b - -,f4f3 h5h6 g3h3 c2c3 f3f2 c3h3 f2f1q h3g3 f1f5 g6g7,-400
6k1/5p1p/6p1/n2Bp3/3p4/8/1P3PPP/6K1 b - -,g8f8 b2b4 a5b7 d5b7 f8e7 b7d5 f7f5 b4b5 e7d7 b5b6,500
8/2r3pk/p5Qp/1p1rp3/8/P2n2RP/5PP1/6K1 b - -,h7g8 g6e6 g8h7 e6d5 c7c1 g1h2 d3f2 g3f3 c1f1 h2g3,546
r4rk1/3q1pp1/4p1p1/3pB3/1N1P4/2Q1P3/PP1nBPPP/5RK1 b - -,a8a2 c3d2 a2a7 b4d3 f8a8 d2d1 a7a2 e5g3 d7a7 h2h4,606
3k4/4n1p1/1p1pPp1p/p1p2P1P/P1P1K1P1/BP6/8/8 b - -,d8e8 a3c1 e8d8 c1b2 d8e8 b2c3 e8d8 g4g5 e7g8 g5f6,579
8/5pk1/p7/5p1p/R4P1P/5KP1/1r6/8 b - -,,0
4rrk1/pp1bq3/4p1p1/3pN2n/8/P1N3P1/1P3P1P/2RQR1K1 b - -,d7c6 d1g4 e7f6 g4g6 f6g6 e5g6 f8f5 f2f4 d5d4 c3e4,305
8/4r3/2pn2kp/p2p2p1/Pp1P1pP1/1PPK1P2/7P/2R2N2 b - -,e7c7 f1d2 g6f7 h2h3 f7f8 d3c2 b4c3 c2c3 c7e7 c3b2,-33
rn1q1rk1/5ppp/b1p1pn2/1pP5/8/1Q4P1/PB1NPPBP/R3R1K1 b - -,d8d2 a1d1 d2h6 d1d6 a6b7 h2h4 h6g6 b3c3 b8a6 e1d1,-223
r1bqk2r/1p3p2/p1n5/3pb1PN/8/2P1BQ2/PP5P/R3KB1R b KQkq -,d5d4 e1a1 c8e6 g5g6 d8h4 h5f4 e6a2 c3d4 e5f4 g6g7,56
5r2/np4k1/Pp1p2pp/4p3/P3P3/2PP4/5PPP/2R2RK1 b - -,g6g5 c1b1 b7a6 b1b6 a7c8 b6a6 h6h5 c3c4 h5h4 c4c5,575
rnb1kb1r/1p1ppppp/p7/3N4/qP2n3/3BB3/P1P2PPP/R2QK1NR b KQkq -,e4f6 d5c7 e8d8 c7a8 f6d5 e3d2 e7e6 a2a3 a4c6 c2c4,475
8/3k1p2/3P1K2/8/1B6/8/8/8 b - -,e4f6 d5c7 e8d8 c7a8 f6d5 e3d2 e7e6 a2a3 a4c6 c2c4,Mate
5rk1/pb3ppp/1p3q2/3p4/3Nn1B1/4P3/PP3PPP/2R1Q1K1 b - -,f8e8 h2h3 a7a5 a2a3 g7g6 g4f3 e4c5 e1d1 e8e7 d1d2,64
4r3/1p6/p1pkbpNP/P5n1/1PBP1K2/8/8/4R3 b - -,g5h7 g6h4 d6d7 c4e6 e8e6 e1g1 h7g5 f4f5 d7e7 h6h7,442
1q3n1k/1p3Q1p/1bpp1p2/p2PpP2/P1P1P3/2N4P/1P3P1K/6R1 b - -,g5h7 g6h4 d6d7 c4e6 e8e6 e1g1 h7g5 f4f5 d7e7 h6h7,Mate
2b1r1k1/1p3ppp/p1p5/P7/4P3/P4PB1/4K1PP/3R4 b - -,f7f5 e4e5 c6c5 d1d6 c8e6 e2d3 g8f7 g3f2 e6c8 f3f4,18
r4rk1/3q1pp1/4p1p1/3pB3/1N1P4/2Q1P3/PP3PPP/5BK1 b - -,d7a7 c3d2 f8c8 a2a3 a7b6 h2h3 a8a7 d2d1 c8a8 f1e2,373
r4rk1/1bqnbppp/pppp1n2/4p3/P2PP3/2NQBN1P/BPP2PP1/R3R1K1 b - -,a8c8 f3h4 f8e8 h4f5 e7f8 e3g5 e5d4 d3d4 d6d5 e4d5,73
r2q1rk1/ppp2ppp/1b4n1/3pP3/3P2b1/PN1B1N1P/1P3PP1/2RQ1RK1 b - -,g4f3 d1f3 f7f6 d3g6 h7g6 e5e6 d8d6 f1e1 a8e8 b3c5,31
3k2n1/6p1/1p1pPp1p/p1p2P1P/P1P1K1P1/1P6/1B6/8 b - -,d8e8 e4d5 g8e7 d5d6 e7c8 d6c7 e8e7 b2c1 c8d6 c1f4,761
8/p7/5k2/5pp1/3N3p/5KP1/P6P/8 b - -,h4g3 h2g3 a7a6 f3e3 f6g6 e3d3 g6f6 a2a4 f6e5 d4f3,651
1r1n2r1/R2k4/6p1/3NP2p/1p1p4/1Pp5/6PP/5RK1 b - -,d7e6 a7a5 g6g5 h2h4 d4d3 d5c7 e6d7 c7a6 b8c8 a5d5,-127
7k/2r3p1/p6p/1pnrp2Q/8/P2P2RP/5PP1/6K1 b - -,c5b3 h5e8 h8h7 e8g6 h7h8 g3f3 d5d8 f3f7 c7f7 g6f7,432
r3kb1r/p2bpppp/5n2/1p1P4/P2P4/1BP2N2/5PPP/R1B1K2R b KQkq -,b5a4 a1a4 a7a5 f3e5 e7e6 e5d7 e8d7 d5e6 f7e6 e1e2,230
r1bq1rk1/2p2pp1/p1np1n1p/1p6/3pP3/5NPB/PPPKNP1P/R2Q3R b - -,c8h3 d2c1 f8e8 e2f4 h3g4 h2h3 g4f3 d1f3 c6e5 f3g2,-617
4k3/5p2/3P1K2/8/8/B7/8/8 b - -,c8h3 d2c1 f8e8 e2f4 h3g4 h2h3 g4f3 d1f3 c6e5 f3g2,Mate
8/4kp1p/8/3BP1p1/8/8/2K5/8 b - -,,0
r6r/p1p3pp/4k3/4p3/2P1QB2/8/PP4PP/R5K1 b - -,h7h5 c2d3 f7f6 e5e6 f6f5 d3e3 h5h4 e3f2 h4h3 f2g3,Mate
2k1r2r/B1pnb2p/1pN3p1/1P2p3/4P3/P1P5/2K3PP/R6R b - -,h8f8 h1d1 d7c5 d1f1 e7d6 a1e1 c8b7 g2g3 e8a8 e1d1,-109
rn1q1rk1/4bppp/b1p1pn2/1p6/3P4/1QN3P1/PB1NPPBP/R3R1K1 b - -,h7h6 a2a4 b5b4 c3e4 f6e4 g2e4 d8c7 b3e3 e7g5 f2f4,42
4r3/1p6/p1pkbpNP/P7/1PBP4/6Kn/8/4R3 b - -,d6c7 e1e6 e8e6 c4e6 h3g5 g6f4 b7b6 e6c4 b6a5 f4e6,896
r3k2r/1pqnnpb1/2p1p2p/p2pP1p1/P2P1P2/2PN4/1P1N2PP/R1BQ1RK1 b kq -,c7b6 f4g5 h6g5 d2f3 g5g4 f3g5 e7f5 d1g4 d7e5 d3e5,172
rnbqk1nr/ppp2ppp/3b4/8/2Pp4/3P1N2/PP2PPPP/RNBQKB1R b KQkq -,d6b4 c1d2 a7a5 g2g3 g8f6 f1g2 e8h8 e1h1 h7h6 b1a3,117
r3kbnr/pp1npp1p/2p5/4q1p1/8/2NP1P2/PPPBQPNP/R4K1R b kq -,e5e2 f1e2 g8f6 a1g1 h8g8 c3e4 g5g4 f3g4 g8g4 f2f4,67
2r3k1/1N3p1p/p5p1/3q4/P7/RP5P/5QP1/6K1 b - -,c8c1 g1h2 d5b7 f2f4 c1c2 f4g3 c2b2 a3a1 b7b3 g3e5,-72
rnbqk2r/4ppbp/2p2np1/pp1p4/3P1B2/P1NBPN1P/1PP2PP1/R2QK2R b KQkq -,b8d7 e3e4 d5e4 c3e4 e8h8 e1h1 d8b6 f1e1 f6e4 d3e4,45
rn2k2r/1bq1bppp/p2ppn2/8/NpPNP3/6P1/PP1B1PBP/R2QR1K1 b kq -,b8d7 d2b4 h7h5 d1d2 h5h4 a1d1 a8c8 b2b3 d7e5 b4c3,114
8/4kp2/8/3BP1pp/8/3K4/8/8 b - -,h5h4 d3e4 h4h3 e4f5 h3h2 d5f3 e7d7 f5f6 d7c7 f6f7,9605
r1b1k2r/pp1p1ppp/2n2n2/q1B1p3/4P3/2P2P2/PP4PP/RN1QKBNR b KQkq -,a5c5 c3c4 d7d6 d1d2 c8e6 b2b3 b7b5 c4b5 c6d4 b1c3,-60
r3q2k/pbpr1p1p/1n3P2/3pN2B/2p5/2P5/5PPP/2Q1R1K1 b - -,e8g8 e1e3 g8g5 h5g4 d5d4 c3d4 a8d8 c1b1 g5f6 g4d7,-239
2rq1rk1/3nbppp/b1n1p3/p1ppP3/Pp6/1P1P2PP/1BPN1PBN/R2QR1K1 b - -,c6d4 d2f3 d4f5 b2c1 h7h6 h2g4 c5c4 d3d4 c4b3 c2b3,-59
r1bqk2r/1p3p2/p1n5/4b1PN/3p4/2P1BQ2/PP5P/2KR1B1R b kq -,c8e6 g5g6 d8h4 h5f4 h4f6 c3d4 c6d4 e3d4 e5d4 g6f7,64
5r2/n5k1/pp1p2pp/4p3/P3P3/2PP4/5PPP/1R3RK1 b - -,f8b8 b1b2 b6b5 f1a1 b8b7 a4b5 a6b5 a1b1 g6g5 c3c4,508
4r3/1p6/p1pkBpNP/P5n1/1P1P4/6K1/8/4R3 b - -,f6f5 g6f4 e8h8 e6f5 h8h6 f5g6 d6d7 g3g4 g5h7 g6f5,550
5rk1/1p1Qb1pp/p3p3/P2p4/1n1Nq2P/1P1bB1K1/5PP1/3R3R b - -,e4g6 g3h2 g6f7 d7e6 e7h4 e6f7 f8f7 d1c1 f7d7 e3d2,174
1rbq1rk1/p1n1ppbp/1p4p1/4n3/2P1P3/1PN1B1PP/P3NPB1/R2QK2R b KQ -,c8a6 d1d8 b8d8 e1h1 b6b5 f2f4 e5c4 b3c4 d8d3 e3c5,102
3k4/5K2/3P4/8/8/B7/8/8 b - -,c8a6 d1d8 b8d8 e1h1 b6b5 f2f4 e5c4 b3c4 d8d3 e3c5,Mate
8/8/p5p1/3k1p2/PP1p1P2/3K4/5P2/8 b - -,d5d6 d3d4 d6c6 b4b5 a6b5 a4b5 c6b5 d4d5 b5a4 d5e5,Mate
r4rk1/2p3pp/1p2P3/p2Q1Pn1/8/1P2qP2/PBB4P/5R1K b - -,e3e2 e6e7 g8h8 e7f8r a8f8 d5d1 f8e8 f5f6 c7c6 f3f4,890
r2qr1k1/2p2pp1/p1n1b2p/1pb1p3/4P3/1BP2N1P/PP1BQPP1/R3R1K1 b - -,d8f6 b3e6 e8e6 a2a4 a8d8 b2b4 c5b6 a4b5 a6b5 e2f1,32
r2q1r2/1p2p1kp/2b3p1/p1nNp3/2P2p2/2Q4P/PP2BPP1/3R1RK1 b - -,f8f5 e2g4 f5g5 d5f4 d8b6 f4d5 c6d5 d1d5 c5e4 c3e1,239
8/7p/2k5/p3pp2/P1K3P1/7P/5P2/8 b - -,f5f4 f2f3 c6d6 c4d3 d6d5 g4g5 e5e4 f3e4 d5c5 h3h4,698
r1b1nrk1/pppp1ppp/5q2/3P4/8/2P2NQ1/P4PPP/R1B1R1K1 b - -,f6g6 c3c4 d7d6 c1b2 c8d7 e1e7 a8d8 a1e1 g6g3 h2g3,-40
7k/8/8/7Q/5N2/4K3/8/8 b - -,f6g6 c3c4 d7d6 c1b2 c8d7 e1e7 a8d8 a1e1 g6g3 h2g3,Mate
r3kb1r/p2bpppp/5n2/3P4/B2P4/2P2N2/5PPP/R1B1K2R b KQkq -,f6d5 a4d7 e8d7 c1d2 f7f6 c3c4 d5b6 c4c5 b6d5 e1e2,154
8/1p6/p1pkRpNP/P5n1/1P1P4/6K1/8/8 b - -,d6d5 e6e7 d5c4 e7b7 c4d5 g3g4 d5e4 b7e7 e4d4 e7b7,1153
8/p1p2ppp/8/1p1k4/8/2PP3P/3K1PP1/8 b - -,c7c5 d2c2 a7a5 c2d2 b5b4 h3h4 a5a4 d2c2 a4a3 h4h5,-548
r1bqkb1r/pp1ppp1p/2n2np1/8/4P3/3QBN2/PPP2PPP/RN2KB1R b KQkq -,f6g4 f1e2 g4e3 d3e3 f8g7 c2c3 d7d6 e1h1 h7h5 b1a3,-34
8/3k4/3P1K2/8/8/B7/8/8 b - -,f6g4 f1e2 g4e3 d3e3 f8g7 c2c3 d7d6 e1h1 h7h5 b1a3,Mate
2rq1rk1/4bppp/bnn1p3/p1ppP3/Pp3P2/1P1P2PP/1BPN2BN/R2QR1K1 b - -,c5c4 d2f3 c4d3 c2d3 d5d4 a1c1 b6d5 d1d2 d5c3 h2g4,-121
r1bqk2r/4ppbp/1np2np1/pp1pN3/3P1B2/P1NBP2P/1PP2PP1/R2Q1RK1 b kq -,b6c4 e5c6 d8b6 c6e5 e8h8 b2b3 c4b2 d1d2 b2d3 c2d3,148
rq3r2/1p2p1kp/2b3p1/p1nNp3/2P2p2/2Q2B1P/PP3PP1/3R1RK1 b - -,f8f7 f1e1 c5a4 c3a3 b8d6 a3b3 d6b8 d1d2 e7e6 d5c3,101
r1bqkb1r/pp2pppp/5n2/2np4/8/2N1PN2/PP1PBPPP/R1BQ1RK1 b kq -,e7e6 d2d4 c5d7 c1d2 f8e7 d1c2 e8h8 f1c1 d7b8 f3e5,50
rn1q1rk1/4bppp/b1p1pn2/8/Np1P4/1Q4P1/PB1NPPBP/R3R1K1 b - -,a6b5 a4c5 e7c5 d2e4 c5e7 a2a4 b4a3 e4f6 e7f6 b2a3,-309
r1b2rk1/1p4p1/p1n1p2p/2b2p1n/2P4B/5N1P/PP1N1PP1/R2R1BK1 b - -,g7g5 g2g4 h5f6 h4g3 f5f4 g3h2 e6e5 d1e1 f8e8 f1d3,-215
6k1/1N3p1p/p5p1/4q3/P7/RP4PP/5Q1K/2r5 b - -,e5c7 b7c5 c1c5 a3a2 c5c3 b3b4 h7h5 h3h4 c3c4 f2f6,-54
r1b1k1nr/pppq1ppp/1bn5/4p3/2B1P3/B1P2N2/P1Q2PPP/RN2K2R b KQkq -,d7g4 e1h1 g4g6 g1h1 g8f6 b1d2 c8d7 c4b5 e8a8 b5c6,-96
r1bq1rk1/2p2p2/p1np1npp/1p6/3pP2P/5NPB/PPPKNP2/R2Q3R b - -,c8h3 h1h3 d8d7 h3h2 a8e8 d2e1 e8e4 e1f1 f8e8 e2f4,-459
rnbqkb1r/1p1ppppp/p7/3P4/8/8/PPP2PPP/R1BQKBNR b KQkq -,d7d6 g1f3 b8d7 c2c3 g7g6 f1e2 f8g7 e1h1 d7f6 a2a4,49
8/1p6/p1p1kpNP/P5n1/1P1P1K2/8/8/8 b - -,e6f7 g6e5 f7e6 f4g4 g5h7 e5g6 f6f5 g4f4 h7f6 g6e5,600
8/8/6KP/p1pPk1P1/2P1p3/5pr1/P1R5/8 b - -,g3h3 c2c3 f3f2 c3h3 f2f1q h3g3 f1f5 g6g7 f5d7 g7h8,-536
q5rk/2R2p2/pp3p1p/2P5/1PN1b3/P6P/5P1K/4RB2 b - -,a8d5 c7c8 g8c8 e1e3 c8g8 c4d6 d5e5 e3g3 e4d5 f1g2,-966
1rr1k3/p4ppp/b1R1pn2/3pN3/3N4/1P2P3/P4PPP/R5K1 b - -,c8c6 e5c6 b8b7 a2a4 f6e4 f2f3 e4d6 a1c1 b7c7 b3b4,17
8/8/2kPK3/8/8/B7/8/8 b - -,c8c6 e5c6 b8b7 a2a4 f6e4 f2f3 e4d6 a1c1 b7c7 b3b4,Mate
5r2/n5k1/p2p2pp/1P2p3/4P3/2PP4/5PPP/1R3RK1 b - -,a6a5 b5b6 a7c6 b6b7 f8b8 b1b6 c6d8 b6d6 g7f7 f1b1,597
5rk1/1p4p1/1p4pp/r2p4/6Pq/P4PnP/B1P2RK1/R1BQ4 b - -,g8h7 a2d5 g3h1 d5g8 f8g8 d1h1 h4f6 a1b1 g8e8 h1f1,345
3r3k/2r3p1/p6p/1pn1Q3/8/P2P2RP/5PP1/6K1 b - -,d8c8 d3d4 c5b7 g3g6 h8g8 g6a6 b7d8 e5b5 d8f7 g1h2,564
3r1rk1/ppp1ppbp/6p1/1P1nPb2/3P4/8/P1PBB1PP/R3NRK1 b - -,f7f6 e5f6 g7f6 e1f3 f5c2 d2h6 c2e4 h6f8 e4f3 e2c4,-15
r1b2rk1/1p6/p1n1p2p/2b2ppn/2P3PB/5N1P/PP1N1P2/R2R1BK1 b - -,h5f6 h4g3 f5f4 g3h2 e6e5 d1e1 f8e8 f1d3 e8d8 d3c2,-213
2rq1rk1/4bppp/bnn1p3/p2pP3/PpP2P2/1P4PP/1BPN2BN/R2QR1K1 b - -,d5c4 d2e4 c4c3 b2c1 b6d5 g1h1 d8c7 d1f3 c6d4 f3f2,-177
8/3P4/4K3/1k6/8/B7/8/8 b - -,h7h6 c4d5 e7c5 g1h1 b6d5 d2e4 c6e7 d1f3 e7f5 a1d1,Mate
3rr3/1pp2pkp/p2q1np1/3pn3/4P3/P1N1QNP1/1PP2PKP/3RR3 b - -,f6g4 e3f4 e5f3 f4f3 g4e5 f3e2 d5d4 f2f4 e5d7 d1d2,-58
3r4/7k/P7/2p1Np2/2P2P1p/1P3K1P/6R1/3n4 b - -,d1c3 g2g5 d8a8 g5f5 a8a6 f5h5 h7g7 e5d3 a6e6 d3c5,525
8/p7/5k2/5p2/3N1Kpp/6P1/P6P/8 b - -,h4h3 d4f5 f6e6 f4g4 e6e5 f5h4 e5d4 g4f4 d4c4 g3g4,1000
7k/6p1/5p1p/2Q5/1P2r3/P3r3/5KP1/8 b - -,e4b4 a3b4 e3e5 c5c6 e5f5 f2e3 f5e5 e3d4 e5e2 b4b5,652
r1b1k2r/pppqnppp/1bn5/4p3/2B1P3/B1P2N2/P1QN1PPP/R3K2R b KQkq -,e8h8 e1a1 g8h8 c4b3 f7f6 h2h4 h7h5 d2c4 d7e8 f3h2,-89
r2qk2r/1p3p2/p1n1b1P1/4b2N/3p4/2P1BQ2/PP5P/2KR1B1R b kq -,d8h4 h5f4 h4f6 c3d4 c6d4 e3d4 e5d4 g6f7 e6f7 f3e4,53
r1bq1rk1/1pp2pb1/n2p1npp/p2Pp3/1PP1P3/P1N2NPP/5PB1/R1BQ1RK1 b - -,f6h7 a1b1 f7f5 e4f5 g6f5 g1h1 a5b4 a3b4 c8d7 b1b3,77
8/p4ppp/8/1ppk4/5P2/2PP3P/3K2P1/8 b - -,a7a5 h3h4 a5a4 d2c2 b5b4 h4h5 a4a3 c2b3 b4c3 b3c3,-568
3Q4/8/4K3/8/k7/B7/8/8 b - -,a7a5 h3h4 a5a4 d2c2 b5b4 h4h5 a4a3 c2b3 b4c3 b3c3,Mate
2k1rr2/B1pnb2p/1pN3p1/1P2p3/4P3/P1P5/2K3PP/R4R2 b - -,e7a3 c2b3 f8f1 a1f1 e8f8 f1f3 a3d6 b3c4 d7f6 f3h3,-142
5k2/4nn1N/5Np1/8/8/8/8/1K6 b - -,f8g7 b1c2 f7e5 c2d2 e7f5 d2c3 f5g3 c3d4 e5f7 d4d5,-4
5rk1/1p1Qb1pp/p3p3/P2pq3/1n1N3P/1P1bB2K/5PP1/3R3R b - -,e7c5 d7e6 e5e6 d4e6 c5e3 e6f8 e3c5 d1c1 c5d6 f8h7,-35
3qrbk1/1br2pp1/pp2p2p/3nN3/3P4/P5Q1/1P1B1PPP/1B1RR1K1 b - -,g7g6 e5g4 h6h5 g4h6 f8h6 d2h6 d8f6 e1e5 h5h4 g3g4,87
r1bqk2r/ppppb1pp/2n2n2/4pp2/2P5/1PN3PN/P2PPPBP/R1BQK2R b KQkq -,d7d6 c1b2 f5f4 g3f4 c8f5 c3d5 e8h8 h3g5 f6d5 c4d5,34
r4rkb/pp2pp1N/1qn5/3p1b2/3P4/2N5/PPPQBPP1/2KR3R b - -,f8e8 d2g5 f5g6 c3d5 c6d4 d5b6 d4e2 c1d2 e2c3 b2c3,375
8/7p/2k5/p3p3/P1K3P1/8/5P2/8 b - -,e5e4 c4d4 e4e3 d4e3 c6d5 g4g5 d5e5 f2f4 e5f5 e3f3,754
r2q1r1k/pQ4b1/3p3p/2p2n2/2P1pB2/2N5/PP4PP/R4RK1 b - -,e4e3 g2g3 a8b8 b7g2 d8b6 c3d5 b6b2 g2b2 b8b2 f4e3,-90
8/4rp2/2pn2kp/p2p2p1/Pp1P2P1/1P1KNP2/2P4P/2R5 b - -,f7f5 c2c3 b4c3 c1c3 f5f4 e3c2 e7c7 c2e1 d6b7 c3c1,4
rnbqkb1r/1p1ppppp/p4n2/3P4/8/2N5/PPP2PPP/R1BQKBNR b KQkq -,b7b5 c1g5 e7e6 f1e2 h7h6 g5f6 d8f6 e2f3 c8b7 g1e2,27
r2qkb1r/ppp2p1p/2n1pnp1/3p1B2/2PP1B2/4PN2/PP3PPP/RN1QK2R b KQkq -,e6f5 c4c5 f8g7 e1h1 e8h8 b1c3 f6e4 a1c1 f8e8 h2h3,45
2kr1br1/ppp1pp1p/2nq1n2/6Nb/8/2NPB2P/PPP1BPP1/R2Q1RK1 b - -,h5g6 g1h1 e7e6 e2f3 c6d4 c3e4 d6e7 e4f6 e7f6 g5e4,87
r1B2rk1/2p1qp2/p1np1npp/1p6/3pP2P/5NP1/PPPKNP2/R2Q3R b - -,a8c8 h1e1 f6e4 d2c1 e4f2 d1d2 e7f6 e2d4 c6d4 f3d4,-359
5n1r/1p1b4/p1pk1pp1/P7/1P1P1NPP/1B2R1K1/8/8 b - -,d6c7 f4d3 h8h7 b3g8 h7g7 g8c4 g7h7 e3e1 c7d6 d3c5,187
6r1/pppbkp2/3bp3/2np4/1P3P2/2N2NPB/P1P5/2KR4 b - -,g8g3 h3g2 c5a6 b4b5 a6c5 d1h1 d6f4 c1b1 f4d6 f3d4,-578
rnbqkb1r/pp2pppp/2p5/3p4/2PPn3/1QN2N2/PP2PPPP/R1B1KB1R b KQkq -,d5c4 b3c4 c8f5 c4b3 d8b6 b3c2 b6a5 g2g4 f5g6 c2b3,46
8/8/r3p3/3PRpkp/8/4PKP1/5P2/8 b - -,e6d5 e5d5 a6a3 f3g2 a3a4 d5d3 a4a2 d3d4 g5g6 d4d5,14
r2r2k1/pq3pp1/4p1np/8/3PR3/B4Q1P/P1P2PP1/5RK1 b - -,b7d5 f1b1 d5a2 b1b7 e6e5 c2c3 e5d4 c3d4 d8b8 b7b8,18
r1bqk2r/ppp1b1pp/2np1n2/4pp2/2P5/1PN1P1PN/P2P1PBP/R1BQK2R b KQkq -,f5f4 e3f4 c8f5 h3g5 h7h6 g5e4 f6e4 c3e4 e5f4 e1h1,28
r1b1nrk1/pppp1pp1/5q1p/3P4/2Q5/2P2N2/PB3PPP/R3R1K1 b - -,,0
5rk1/pb3p2/1p3qp1/7p/Q2Np3/4P3/PP3PPP/2R3K1 b - -,f6d6 a4a7 b7d5 a7a6 d6b4 b2b3 b4d2 c1c2 d2d1 a6f1,180
r1bqk2r/ppp2ppp/1bp2n2/4N3/3PP3/2P5/PP3PPP/RNBQ1RK1 b kq -,c6c5 e5c4 e8h8 f2f3 c7c6 c4b6 a7b6 c1e3 d8e7 f1e1,174
r2qkb1r/ppp2p1p/2n2np1/3p1p2/2PP1B2/4PN2/PP3PPP/RN1Q1RK1 b kq -,d5c4 b1c3 f8g7 d1e2 f6h5 f4g5 d8d7 e2c4 e8h8 f1d1,43
r2r2kb/pp2pp2/1qn5/3p1bN1/3P4/2N5/PPPQBPP1/2KR3R b - -,h8f6 d2f4 e7e6 g5f3 f6g7 e2d3 c6e7 f4g5 d8d7 d3f5,239
r1bqk1nr/ppp2ppp/2np4/2b1P3/1P3P2/2P2N2/P3P1PP/RNBQKB1R b KQkq -,c5b6 a2a4 a7a6 b1a3 c8e6 e2e4 d6e5 d1d8 a8d8 f4e5,85
8/8/r7/3R1pkp/8/4PKP1/5P2/8 b - -,a6a3 d5e5 g5g6 e5e6 g6g5 e6e8 a3a2 e8g8 g5f6 f3g2,17
8/8/8/kR3P2/8/2K5/8/4N3 b - -,a6a3 d5e5 g5g6 e5e6 g6g5 e6e8 a3a2 e8g8 g5f6 f3g2,Mate
r1bqkb1r/pppp1p1p/5np1/8/3Bp1P1/1P2P3/P1PP1P1P/RN1QKB1R b KQkq -,f8g7 d2d3 e4d3 d1d3 e8h8 g4g5 f6h5 d4g7 h5g7 h2h4,-14
r1bqk2r/pp1nbpp1/4p2p/2ppP3/3P4/P1P2N2/1P2NPPP/R2QKB1R b KQkq -,c5d4 c3d4 d7b6 e2f4 c8d7 b2b3 a7a5 f1d3 a5a4 e1h1,-14
1r3r2/2N1qpkp/2npb1pb/p2Np2P/R1B1P3/1PP2Q2/5PP1/5RK1 b - -,e7d7 f3f6 g7g8 h5g6 h7g6 c7e6 d7e6 f6e6 f7e6 d5c7,291
r4rk1/p1pqbppp/4n3/3n4/3PN3/8/PP3PPP/RNBQR1K1 b - -,a8d8 b1c3 d5c3 b2c3 c7c5 d4d5 d7d5 d1d5 d8d5 a1b1,10
1rr5/pp3kpp/2n1pp2/P2p4/R7/1N6/1P2B1PP/1K5R b - -,h7h6 h1c1 g7g5 a5a6 b7b6 e2b5 c6e7 c1c8 b8c8 b3d4,92
r3r1k1/p1p2ppp/1bN2q2/3p4/3PP3/2P3Pb/PP5P/RNBQR1K1 b - -,h7h5 c6b4 d5e4 d1h5 e4e3 b4d3 h3f5 e1f1 f5g6 h5e2,237
rn1qkbnr/pbpp1pp1/1p2p3/7p/4PP1P/2N2N2/PPPP2P1/R1BQKB1R b KQkq -,c7c5 d2d4 c5d4 f3d4 g8f6 d1f3 b8c6 c1e3 f8b4 f1d3,-28
4r1k1/p1Q2pp1/3p1Rqp/3Bn3/8/P1P1P1P1/4P2P/5RK1 b - -,g7f6 c7d6 g8g7 f1f4 g6g5 g1f1 e5g6 h2h4 g5e5 d6e5,168
2rq1rk1/4bppp/bnn1p3/p3P3/Ppp1NP2/1P4PP/1BP3BN/R2QR1K1 b - -,c4c3 b2c1 b6d5 g1h1 d8c7 h2g4 f8d8 d1f3 c6d4 f3f2,-164
r3kbnr/pp1npp1p/2p5/4q1p1/5P2/2NP4/PPPB1PNP/R2Q1K1R b kq -,e5f5 f4g5 h7h6 d1h5 g8f6 h5h4 f6g4 c3e4 e8a8 h2h3,84
r1b2r1k/pppqnppp/1bn5/4p3/4P3/BBP2N2/P1QN1PPP/R4RK1 b - -,f7f6 d2c4 f8d8 f1d1 d7e8 f3h4 c8e6 h2h3 e8f7 d1d8,-105
6r1/pppbkp2/3bp3/6N1/1P2pP2/6PB/P1P5/2KR4 b - -,g8h8 h3f1 f7f5 c2c3 d7a4 d1e1 e6e5 g3g4 e5f4 g4f5,-398
r1b1kbnr/ppqn1ppp/2pP4/8/2P5/2N2N2/PP2PPPP/R1BQKB1R b KQkq -,f8d6 d1c2 g8f6 c1g5 e8h8 e2e3 c7a5 f1d3 h7h6 g5h4,96
rnbqkb1r/1p1ppppp/p4n2/3pP3/8/2N5/PPP2PPP/R1BQKBNR b KQkq -,e7e6 e5f6 d8f6 g1f3 h7h6 c3a4 b8c6 a4b6 a8b8 b6c8,261
rnbqkb1r/pp2pppp/2p5/8/2QPn3/2N2N2/PP2PPPP/R1B1KB1R b KQkq -,e4c3 b2c3 b8d7 e2e4 e7e5 f1d3 a7a5 e1h1 d8c7 f3g5,65
rn1q1rk1/4bppp/bpp1pn2/3p4/p1PP4/1PN3P1/P2NPPBP/1RBQR1K1 b - -,d5c4 d2c4 a8a7 c1b2 b6b5 c4e5 a4a3 b2a1 b5b4 c3e4,40
r1b2rk1/1p6/p1n1pn1p/2b2pp1/2P3P1/5NBP/PP1N1P2/R2R1BK1 b - -,f5f4 g3h2 e6e5 f1d3 f8d8 d2e4 c5e7 e4f6 e7f6 d3e4,-226
r4rk1/4q1b1/p1P5/1p1R1p1p/P1p1nPpP/8/1PQ1B1PK/4BR2 b - -,e4d6 a4b5 a6b5 d5b5 c4c3 b2c3 d6b5 e2b5 g8h7 e1f2,48
8/7p/3k4/p3p3/P1K3P1/5P2/8/8 b - -,e4d6 a4b5 a6b5 d5b5 c4c3 b2c3 d6b5 e2b5 g8h7 e1f2,Mate
5n1r/1p1b4/p1pk1p2/P5P1/1P1P1NP1/1B2R1K1/8/8 b - -,d7g4 g3g4 f6g5 g4g5 f8h7 g5g6 h7f8 g6f5 h8h2 b3g8,472
8/p7/5k2/5p2/3N1Kp1/6P1/P7/8 b - -,a7a6 d4b3 f6e6 b3c5 e6d5 c5a6 d5c6 a6b4 c6b5 b4d3,1288
r1bq1rk1/ppp2ppp/3p1n2/2b1p3/2B1P3/2NPBQ1P/PPP2PP1/R4RK1 b - -,f6d7 a2a4 c5e3 f3e3 a7a5 b2b3 d7b6 f2f4 e5f4 f1f4,48
4rrk1/pp1bq2p/4p1p1/3pR2n/3P4/P1NB2P1/1P3P1P/2RQ2K1 b - -,h5f6 d3f1 e8c8 d1e2 e7d6 c1d1 f6e8 f1h3 e8g7 e2d2,80
8/5pk1/p7/5p1p/R4P1P/1r4P1/6K1/8 b - -,,0
r2qkb1r/1pp2pp1/p1p2n1p/4p3/4P1b1/3PBN1P/PPP2PP1/RN1Q1RK1 b kq -,g4e6 f3e5 f6d7 e5f3 c6c5 b1c3 d8f6 f3d2 g7g5 f2f4,140
r2qk2r/ppp2pbp/2n2np1/3p1p2/2PP1B2/4PN2/PP1N1PPP/R2Q1RK1 b kq -,e8h8 d1b3 c6a5 b3b4 a5c4 d2c4 d5c4 b4b7 d8d5 b7a6,44
4K3/4P3/7k/5R2/8/8/4r3/8 b - -,h6g7 f5f7 g7g8 f7f1 g8g7 f1d1 g7f6 e8f8 e2e7 d1f1,445
r1b1nrk1/pppp1ppp/5q2/3P4/1Q6/2P2N2/P4PPP/R1B1R1K1 b - -,a7a5 b4a3 f6a6 a3b3 a5a4 b3b4 h7h6 c3c4 d7d6 h2h3,-24
5n1r/1p1b4/p1pk4/P5p1/1P1P2P1/1B2R1KN/8/8 b - -,d7e6 b3c2 h8h4 c2d1 h4h8 e3e5 e6d5 h3g5 f8d7 e5f5,174
rb3r2/pp2pkpp/2p2pn1/2N5/3P4/2PNQ3/PPKB2qP/R7 b - -,e7e5 a1g1 g2d5 e3h3 f7g8 c5e6 b8d6 d4e5 d6e5 d3e5,-353
3r1rk1/ppp1p1bp/5pp1/1P1nPb2/2PP4/8/P2BB1PP/R3NRK1 b - -,a7a6 c4d5 a6b5 e2b5 f5e4 d5d6 c7d6 e5d6 d8d6 e1f3,302
3R2k1/5pp1/p3p2p/1p3P2/8/1P4r1/7P/5K2 b - -,g8h7 h2g3 e6f5 d8a8 g7g6 a8a6 h7g8 a6b6 g8f8 b6b5,672
1rr2bk1/pp3p1p/1q2pQp1/2Pp4/6PP/2P1P3/PP1NBP2/2KR3R b - -,c8c5 d2b3 c5c8 c1b1 b6c7 h4h5 f8g7 f6f4 g7e5 f4f3,413
8/7P/6K1/p1pPk1P1/2P5/4p1r1/P4p1R/8 b - -,e5f4 h2h4 f4f3 h7h8q f2f1q h8h5 f3f2 h4f4 f2e1 f4f1,866
8/r6P/2R5/3K1B2/5kP1/8/8/b7 b - -,a7a3 d5e6 f4g5 e6e7 a3a7 f5d7 a1g7 c6b6 g7d4 b6b8,414
2rq1rk1/4bppp/bnn1p3/p3P3/Pp2NP2/1Pp3PP/2P3BN/R1BQR1K1 b - -,d8d1 e1d1 a6e2 c1e3 e2d1 a1d1 b6d5 e3f2 f8d8 h2f3,-208
r3k2r/pppq1pbp/2n2np1/3p1p2/2PP1B2/1Q2PN2/PP1N1PPP/R4RK1 b kq -,c6d8 a1c1 c7c6 b3a3 g7f8 b2b4 d8e6 f4g3 f8e7 f3e5,53
3r1rk1/p1pqbppp/4n3/3n4/3PN3/2N5/PP3PPP/R1BQR1K1 b - -,h7h6 c1e3 d5c3 e4c3 e7f6 c3e2 e6d4 e3d4 f6d4 e2d4,19
r3kbnr/pp1npp1p/2p5/4q3/5B2/2NP4/PPP2PNP/R2Q1K1R b kq -,e5a5 g2e3 g8f6 h1g1 a5h5 d1h5 f6h5 f4c7 h5g7 g1g4,23
8/5ppp/8/p2k4/1p3PP1/3P3P/2K5/8 b - -,a5a4 g4g5 a4a3 c2b3 d5d4 b3b4 a3a2 b4b5 a2a1q b5c6,-891
6b1/5kp1/p4p1p/2NP1P2/p3P1P1/7P/1r2NK2/1nR5 b - -,b2b4 c5a4 f7e7 c1c7 e7d8 a4c5 d8c7 c5a6 c7d6 a6b4,314
r1b2rk1/3nbppp/p2p4/q2Pp3/1p4P1/3BBQ1P/PPPN1P2/1K1R3R b - -,g7g6 d2e4 c8b7 h3h4 b7d5 b2b3 d7c5 e4f6 e7f6 f3d5,89
8/6kp/6p1/2Q1K1P1/1P2P2P/4r1r1/8/8 b - -,e3f3 e5d6 f3c3 c5a7 g7g8 a7a8 g8g7 a8b7 g7h8 e4e5,329
8/p5pp/1p6/2kNb3/P3P3/3K3P/6P1/8 b - -,b6b5 a4b5 c5b5 d5e3 a7a5 e3c4 e5f6 e4e5 f6d8 d3d4,-159
8/7p/2k5/p3p1P1/P1K5/5P2/8/8 b - -,c6d6 c4b5 d6e6 b5a5 e6d7 a5b5 d7c7 b5c5 c7b7 c5d5,Mate
5rk1/p5pp/2b5/1p6/8/1P4PP/1P1N4/3R2K1 b - -,a7a5 d1c1 f8f6 h3h4 g8f7 c1c3 h7h5 b3b4 a5a4 d2b1,-87
5n1r/1p6/p1pk4/P5p1/1P1P2K1/1B2R2N/8/8 b - -,f8d7 h3g5 h8h2 e3e6 d6c7 e6e7 c7d8 e7f7 h2d2 g4f5,469
r1b2rk1/1p4p1/p1n1p2p/2b2p2/5n1B/2P2N1P/PP1N1PP1/R2R1BK1 b - -,f4h5 g2g4 f5g4 h3g4 h5f4 g4g5 e6e5 d1e1 c5a7 h4g3,20
r3k2r/1Qpq1pbp/p1n2np1/3p1p2/2PP1B2/4PN2/PP1N1PPP/R4RK1 b kq -,a8a7 b7b3 e8h8 b3c2 d5c4 d2c4 c6b4 c2b3 f8b8 a2a3,163
r2q1rk1/ppp1bppp/3p1n2/3P4/2PQ4/2N1B2P/PP3PP1/R4RK1 b - -,b7b6 a1e1 f6d7 d4d2 e7f6 c3b5 f8e8 b2b3 a7a6 b5d4,60
2k1rr2/B1pn3p/1pN3p1/1P2p3/4P3/bKP5/6PP/R4R2 b - -,f8f1 a1f1 e8f8 f1f3 a3d6 b3c4 d7f6 f3e3 c8b7 h2h3,-169
rnbqk2r/5pp1/p2bpn1p/1pp5/8/2NB1N2/PPPP1PPP/R1BQK2R b KQkq -,c8b7 b2b3 b8c6 e1h1 c6d4 f3d4 c5d4 c3e2 d8c7 h2h3,-239
r4rk1/p1p2ppp/5n2/4p3/2BnP3/2P5/PP1N1PPP/2KRR3 b - -,d4e6 c4e6 f7e6 d2c4 f6h5 f2f3 h5f4 d1d2 f4g6 e1d1,389
6r1/ppp1kp2/2b1p3/8/1b2NP2/6P1/P1P3B1/2KR4 b - -,f7f5 d1h1 b4a3 c1d1 f5e4 h1h7 e7d6 h7h3 a3c5 c2c4,-567
r2qkb1r/pp3ppp/2n2n2/2pp4/3P1Bb1/2P2N2/PP2BPPP/RN1Q1RK1 b kq -,f8d6 f4d6 d8d6 d4c5 d6c5 h2h3 g4f3 e2f3 e8h8 b1d2,9
8/6pp/pp6/2k1b3/P3P3/3KN2P/6P1/8 b - -,a6a5 e3c4 e5c7 e4e5 b6b5 a4b5 c5b5 d3d4 a5a4 c4d2,-140
r1bq1rk1/1ppn1pb1/3p1npp/p2Pp3/2P1P3/P1N1BNPP/1P3PB1/R2Q1RK1 b - -,f6h7 d1d2 d7c5 a1d1 a5a4 e3c5 d6c5 f3e1 h7g5 g1h2,52
r2q1r2/1p1np1k1/2bp2p1/p4P1p/2P5/2N4P/PPQ1BPP1/3R1RK1 b - -,g6f5 e2h5 d7c5 c2d2 e7e6 f2f4 f8g8 h5f3 d8b6 d2d6,254
rnbqk2r/pp1pppbp/5np1/2p3B1/3P4/P4N1P/1PP1PPP1/RN1QKB1R b KQkq -,c5d4 f3d4 f6e4 g5e3 d7d5 g2g3 e7e5 d4b3 d5d4 f1g2,-113
8/R7/2pr4/1p1p2R1/5P2/1P6/Pk4K1/8 b - -,d5d4 g5g7 c6c5 a7d7 d6a6 g7g5 a6c6 g2f3 b2c1 d7d5,501
8/8/r3p3/4Rpkp/3PP3/5KP1/5P2/8 b - -,a6a3 f3g2 g5f6 e4f5 e6f5 e5e3 a3a5 e3d3 a5d5 g2f3,122
r3r1k1/p1p2ppp/1bq5/3p3Q/3PP3/2P3Pb/PP5P/RNB1R1K1 b - -,c6d7 c1e3 e8e4 b1d2 h3g4 h5h4 e4e7 e3f2 a8e8 e1e7,-182
8/5ppp/8/3k4/pp3PPP/3P4/2K5/8 b - -,a4a3 c2b3 d5d4 g4g5 d4d3 h4h5 a3a2 b3a2 d3c2 f4f5,-988
r1B2rk1/2p2p2/p1np1npp/1p6/3p3P/5NP1/PPP1QP2/R1K4R b - -,a8c8 h4h5 g6g5 f3g5 g8g7 g5h3 f8e8 e2d1 a6a5 h3f4,410
8/p7/6k1/5p2/P2N1Kp1/6P1/8/8 b - -,a8c8 h4h5 g6g5 f3g5 g8g7 g5h3 f8e8 e2d1 a6a5 h3f4,Mate
2r2rk1/4bppp/bnn1p3/p3P3/Pp2NP2/1Pp3PP/2P3BN/R1BR2K1 b - -,a6e2 d1e1 c6d4 c1e3 d4c2 e3b6 f8d8 b6d8 c8d8 g2f3,-224
5n2/1p6/p1pk4/P5p1/1P1P3r/1B2R1KN/8/8 b - -,f8h7 b3g8 h7f6 e3e6 d6c7 e6f6 h4d4 f6f7 c7b8 f7e7,315
3qrbk1/1br2p2/pp2p1pp/3n4/3P2N1/P5Q1/1P1B1PPP/1B1RR1K1 b - -,h6h5 g4h6 g8h8 e1e5 d5f6 d1e1 c7d7 h6f7 d7f7 b1g6,84
r2q4/1p1np1k1/2bp2p1/p4r1p/2P5/2NB3P/PPQ2PP1/3R1RK1 b - -,f5g5 d3e4 d8b6 g1h2 d7c5 f2f4 c6e4 c3e4 g5f5 c2c3,229
5rk1/1p1Qb1pp/p3p3/P2p4/1n1Bq2P/1P1b1NK1/5PP1/3R3R b - -,f5g5 d3e4 d8b6 g1h2 d7c5 f2f4 c6e4 c3e4 g5f5 c2c3,Mate
6b1/5kp1/p3Np1p/3P1P2/4P1P1/p6P/1r2NK2/1nR5 b - -,b2b6 d5d6 b6d6 c1b1 a3a2 b1a1 d6d2 f2e3 d2b2 e2c3,268
3r2k1/p5pp/8/5p2/3p4/5P2/PP3P1P/3R1K2 b - -,g8f7 f1e2 f7e6 d1c1 d8d6 c1c7 d6a6 a2a3 g7g6 f3f4,-8
2b5/4k1K1/p1p1P3/P1Pp4/1P6/8/4B3/8 b - -,c8e6 e2a6 e6g4 a6d3 e7d7 a5a6 d7c7 g7f6 g4h5 f6e5,578
rn1qkb1r/pp3ppp/2p1pn2/5b2/2PP4/P1NB1N2/1P3PPP/R1BQK2R b KQkq -,f5g6 d3g6 h7g6 c1g5 f8d6 h2h4 b8d7 d1e2 d8a5 e1h1,84
8/8/4p3/4Rpkp/3PP3/r5P1/5PK1/8 b - -,g5f6 e4f5 e6f5 e5e3 a3a5 g2f3 f6g5 e3d3 a5d5 d3d2,107
r1bqk1nr/ppp1bppp/2n5/3p4/4p2P/3P2PN/PPP1PPB1/RNBQ1RK1 b kq -,e4d3 d1d3 g8f6 h3f4 e8h8 a2a3 c6e5 d3d4 e5c6 d4d2,30
8/6pp/8/1pkNb3/4P3/3K3P/6P1/8 b - -,b5b4 d3c2 c5c4 d5b6 c4d4 c2b3 d4e4 b3b4 e5f6 b4c4,-231
rnbqkb1r/1p1p2pp/p3pn2/2p2p2/3P1B2/2N1PN2/PPP1BPPP/R2QK2R b KQkq -,c5d4 e3d4 d7d6 e1h1 f8e7 a2a4 e8h8 a4a5 c8d7 d4d5,47
6b1/5kp1/p2PNp1p/5P2/4P1P1/7P/pr2NK2/1nR5 b - -,b1c3 c1c3 f7e8 c3c7 g8e6 f5e6 b2b8 d6d7 e8d8 c7c1,Mate
8/4kp2/8/3BP1p1/4K2p/8/8/8 b - -,h4h3 e4f5 f7f6 e5e6 e7d6 f5f6 g5g4 e6e7 d6d7 d5e6,1257
7Q/8/6K1/p1pPk1P1/2P5/4p1r1/P6R/5q2 b - -,e5e4 h2h4 e4d3 d5d6 e3e2 d6d7 e2e1q d7d8q d3c2 d8d5,Mate
r2q1r1k/pQ4b1/3p3p/2p2n2/2P1N3/8/PP4PP/R1B2RK1 b - -,g7d4 g1h1 a8b8 b7d5 f5e7 c1g5 e7d5 g5d8 f8f1 a1f1,-156
r1bqkbnr/p3pp1p/2p3p1/2pp4/2P2P2/4PN2/PP1P2PP/RNBQK2R b KQkq -,g8f6 d1a4 d8d6 d2d3 c8f5 c4d5 f5d3 a4c6 d6c6 d5c6,-21
rn1qkb1r/pp2pppp/2p5/4Nb2/2QPn3/2N5/PP2PPPP/R1B1KB1R b KQkq -,e7e6 g2g4 e4c3 g4f5 c3e4 f1g2 e4d6 c4b3 e6f5 c1f4,43
3r1rk1/ppp1p1bp/1n3pp1/1P2Pb2/1BPP4/8/P3B1PP/R3NRK1 b - -,f6e5 b4e7 e5d4 e7d8 f8d8 e1d3 b6a4 f1f5 g6f5 e2f3,-38
3r2k1/p5pp/8/5p2/3p4/5P2/PP2KP1P/4R3 b - -,g8f7 e1c1 f7e6 e2d3 d8d6 f3f4 e6d5 c1c7 d6b6 b2b3,2
r1b2r1k/p2qbp2/1p2pp2/3pN2p/2pP1P2/2P1P3/PPB3PP/1R1QK2R b KQ -,f6f5 d1h5 h8g7 g2g4 e7d8 h1g1 f8e8 e5d7 c8d7 g4f5,822
8/6pp/2Q1pk2/2P2p1P/3Pp3/4P3/4qPP1/6K1 b - -,e2h5 c6a4 h5e2 a4a1 e2c2 g2g3 f6f7 g1g2 h7h6 a1e1,72
1k6/2p3p1/p1pp4/4p1Bp/P3q3/1P6/1K6/1R1r4 b - -,e2h5 c6a4 h5e2 a4a1 e2c2 g2g3 f6f7 g1g2 h7h6 a1e1,Mate
4rrk1/pp1bq2p/2n1p1p1/3p3n/3P4/P1N2NP1/1P3P1P/2RQRBK1 b - -,e7g7 f3e5 g8h8 c3a2 a7a5 a2c3 h5f6 f1g2 c6e5 d4e5,102
r3k2r/1b1nb1pp/3pN3/p5P1/1pqNPP2/5Q2/PPP4P/1K1R3R b kq -,d7c5 e6g7 e8d7 h1e1 d7c7 f4f5 a5a4 f5f6 e7f8 g7f5,140
2kr1br1/ppp1pp1p/2nq1n2/6N1/8/2NPB2P/PPP1QPP1/R4RK1 b - -,g8g7 g1h1 f6d5 c3d5 d6d5 f2f4 e7e6 a2a3 c6e7 g5e4,101
8/8/4pk2/4RP1p/3P4/r5P1/5PK1/8 b - -,e6f5 e5e3 a3a5 e3d3 a5d5 g2f3 f6g6 f3f4 g6f6 d3d1,79
r1b1kb1r/pp2pppp/5n2/qNnp4/1P3B2/4P3/P1P2PPP/R2QKBNR b KQkq -,a5b6 b4c5 b6a5 c2c3 c8d7 f4c7 b7b6 a2a4 e7e6 d1d4,462
8/p7/2N2k2/5p2/P4Kp1/6P1/8/8 b - -,a5b6 b4c5 b6a5 c2c3 c8d7 f4c7 b7b6 a2a4 e7e6 d1d4,Mate
8/5ppp/8/3k3P/1p3PP1/p2P4/2K5/8 b - -,a3a2 c2b2 b4b3 b2b3 a2a1q h5h6 g7h6 g4g5 d5d4 g5h6,-1391
rn1qk2r/pp2bppp/2p1pn2/8/2PP1B2/P1NQ1N2/1P3PPP/R3K2R b KQkq -,b8d7 d3e2 e8h8 h2h3 d8b6 e1h1 b6a6 f1e1 f8d8 f4c7,58
8/5pk1/p7/5p1p/R4P1P/6PK/1r6/8 b - -,,0
r1b2rk1/pp4p1/5q1p/3Pp3/2B1p1P1/4Q2P/PP3P2/2R2RK1 b - -,f6h4 d5d6 g8h8 c4d5 f8d8 d5e4 d8d6 e3c5 d6d8 c1c3,148
r3kbnr/1pp2p2/p1p5/4p1B1/4P2q/3P3Q/PPP2PP1/RN3RK1 b kq -,h4g5 h3h8 g8h6 d3d4 e5d4 h8d4 a8d8 d4e3 g5e3 f2e3,27
8/4kp2/8/3BPK2/6pp/8/8/8 b - -,g4g3 d5g2 e7e8 f5f6 e8f8 g2f1 f8g8 f6f5 g8g7 f1h3,Mate
r2q1rk1/pp2bppp/2n1bn2/2ppN3/3P4/2P1B1P1/PP3PBP/RN1QR1K1 b - -,d8b6 d1c2 c5d4 c3d4 e7b4 b1c3 a8c8 c2d3 h7h6 e5c6,-13
r1bqkb1r/1p3ppp/pn2pn2/3P4/2PQ4/4B3/PP2BPPP/RN2K1NR b KQkq -,b6a4 e2d1 a4c5 b1c3 e6d5 c3d5 c8e6 d1f3 e6d5 c4d5,102
r2qr1k1/b1p2pp1/p1n1bn1p/1p2p3/3PP3/3P1NNP/PPBB1PP1/R2QR1K1 b - -,c6d4 d2c3 d4f3 d1f3 d8d6 a1d1 b5b4 c3d2 a7d4 d2h6,-27
rn1q1rk1/4bppp/bpp1pn2/3p4/2PP4/1PN3P1/3NPPBP/1RBQR1K1 b - -,e7b4 c1b2 c6c5 c3a2 b4d2 d1d2 a6c4 b3c4 a8a2 c4d5,22
r2q1rk1/1b1nbppp/p3p3/1p1nN1BQ/3P4/2NB4/PP3PPP/3R1RK1 b - -,g7g6 c3d5 e7g5 e5g6 f7g6 d3g6 h7h6 g6e4 f8f7 h5g6,-76
rn2k2r/1b3pp1/p2bpq1p/2p5/1p6/3B1N2/PPPP1PPP/R1BQ1RK1 b kq -,f6f4 f1e1 b8d7 e1e3 b7f3 d1f3 f4h2 g1f1 e8h8 f3h3,-183
3r1rk1/4q1b1/p1P5/1P1R1p1p/2p1nPpP/8/1PQ1B1PK/4BR2 b - -,c4c3 d5d8 f8d8 b2c3 a6b5 c2b3 g8h8 b3b4 e7e6 b4a5,130
1Q6/3q1pk1/1p4p1/3b4/1P1Np2p/P3P2P/5PPK/8 b - -,b6b5 d4b5 d5c4 b5d4 d7a4 b8e5 g7g8 e5c7 c4d3 c7d8,450
8/3KP1k1/8/5R2/8/8/4r3/8 b - -,e2d2 d7e8 d2a2 f5d5 a2e2 e8d7 g7f7 d5f5 f7g6 f5f8,9605
r2qk2r/pp1nbppp/2p1pn2/8/2PP1B2/P1NQ1N2/1P3PPP/R4RK1 b kq -,f6h5 f4e3 e8h8 f1e1 h5f6 a1d1 d8c7 d4d5 c6d5 c4d5,63
8/8/5k2/5p1p/3P4/r3R1P1/5PK1/8 b - -,a3a5 e3d3 a5d5 g2f3 f6g5 d3d2 g5f6 f3f4 f6g6 d2d3,67
r3k2r/ppqn1ppp/2pbpn2/8/3PN3/5QN1/PPP2PPP/R1B2RK1 b kq -,f6e4 f3e4 h7h5 e4h4 d6e7 c1g5 f7f6 g5d2 d7f8 g3e4,-26
r1bqk2r/ppp2ppp/1bp2n2/4P3/4P3/2P2N2/PP3PPP/RNBQ1RK1 b kq -,d8d1 f1d1 f6e4 f3d4 e4c5 c1e3 c5e6 f2f3 e6d4 c3d4,-19
1r1q1bk1/2p2p2/R1npr2p/1p2p2n/4P3/2PPBN1P/1P1N1P2/3Q1RK1 b - -,d8d7 f3h4 h5g7 d1g4 c6e7 d2f3 d7c8 f1a1 c7c5 g1h2,101
8/4kp2/8/4PK2/7p/6p1/6B1/8 b - -,e7e8 f5f6 e8f8 g2f1 f8g8 f6f5 g8f8 f1h3 f8e8 f5g4,20000
r3k2r/1pqn1pb1/2p1p2p/p2pPnp1/P2P1P2/2PN4/1P1NQ1PP/R1B2RK1 b kq -,c7b6 g2g4 f5h4 f4g5 h6g5 d2f3 h4f3 f1f3 c6c5 e2f2,170
8/8/8/8/4kn2/2K5/6Q1/8 b - -,,0
r2q4/1p1np1k1/2bp2p1/p5rp/2P1B3/2N4P/PPQ2PP1/3R1RK1 b - -,d8b6 g1h2 d7c5 f2f4 c6e4 c3e4 g5f5 c2c3 g7g8 c3g3,237
r1bq1rk1/1ppn1pbn/3p2pp/p2Pp3/2P1P3/P1N1BNPP/1P1Q1PB1/R4RK1 b - -,d7c5 a1d1 c8d7 e3c5 d6c5 f3e1 d8g5 e1d3 b7b6 g1h2,47
4r1k1/p4p2/3Q1pqp/3Bn3/8/P1P1P1P1/4P2P/5RK1 b - -,g8g7 f1f4 g6g5 g1f1 e5g6 h2h4 g5e5 d6e5 e8e5 f4d4,196
5k2/5p2/5K2/4P3/7p/6p1/6B1/8 b - -,f8e8 g2h3 e8f8 f6f5 f8e8 f5g4 e8e7 g4g5 g3g2 h3g2,Mate
4rrk1/pp1b3p/2n1pqp1/3p3n/3P4/P1N2NP1/1P3PBP/2RQR1K1 b - -,g8h8 d1d2 h5g7 c3e2 g7f5 h2h4 e8e7 c1d1 h7h6 g2h3,110
3r4/p4kpp/8/5p2/3p4/3K1P2/PP3P1P/4R3 b - -,f7f6 e1e2 f6g5 e2e7 g5f4 e7g7 f4f3 g7h7 d8f8 h7a7,4
r2q4/1p1np1k1/2bp2p1/p5rp/2P1N3/3B3P/PPQ2PP1/3R1RK1 b - -,g5e5 f2f4 e5e6 c2c3 g7g8 c3d4 d8c7 d1e1 a8f8 e4g5,232
8/8/p4k2/5p2/PN3Kp1/6P1/8/8 b - -,g5e5 f2f4 e5e6 c2c3 g7g8 c3d4 d8c7 d1e1 a8f8 e4g5,Mate
r3kb1r/3p2pp/bq2pn2/2p5/1n2P3/1QN2N2/PP1B1PPP/RB2K2R b KQkq -,f8e7 h2h3 e8h8 e4e5 f6d5 c3d5 e6d5 d2b4 c5c4 b1h7,-171
1q1r3k/1R3p2/pp1N1p1p/2P5/1P6/P6P/5PB1/1b4K1 b - -,b8b7 g2b7 b1a2 f2f4 b6c5 b4c5 f6f5 g1f2 a2e6 h3h4,-151
r1b1kb1r/pp1p1ppp/2n1pn2/8/3P1B2/1PP2N2/1P3PPP/RN2KB1R b KQkq -,h7h6 b1a3 b7b6 a3b5 f6d5 b5d6 f8d6 f4d6 c6e7 f1d3,106
r3r1k1/2p1qpp1/p1n1b2p/1pbBp3/4P3/2P2N1P/PP1BQPP1/R3R1K1 b - -,e7d7 d5c6 d7c6 f3e5 c6b6 e2f3 a8d8 d2f4 b5b4 c3b4,57
8/8/1p6/3p3p/PPNK1k2/8/8/8 b - -,h5h4 c4e3 h4h3 e3f1 f4f3 a4a5 b6a5 b4a5 f3g2 a5a6,Mate
r2qr1k1/2p2pp1/p3bn1p/1pb1p3/3NP3/3P1N1P/PPBB1PP1/R2QR1K1 b - -,e5d4 f3h2 f6d7 f2f4 f7f6 c2b3 c5f8 b3e6 e8e6 d2a5,51
r1b2rk1/bp4p1/p1n1p2p/5p1n/6PB/1NP2N1P/PP3P2/R2R1BK1 b - -,f5g4 h3g4 g7g5 g4h5 g5h4 f3d4 e6e5 d4c6 a7f2 g1h1,-119
r2qk2r/pp3ppp/2nb1n2/2pp2B1/3P2b1/2P2N2/PP2BPPP/RN1Q1RK1 b kq -,e8h8 d4c5 d6c5 h2h3 g4e6 b1d2 h7h6 d2b3 c5b6 g5f4,-12
4k3/5p2/2B2K2/4P3/7p/6p1/8/8 b - -,e8f8 c6g2 f8e8 g2h3 e8f8 f6f5 f8e8 f5g4 e8e7 g4g5,Mate
6kb/1b1q1p1p/pp2p1pP/n3P1N1/3P1Q2/P2B4/1B3PP1/6K1 b - -,a5c6 d4d5 c6d8 d5d6 b6b5 b2c3 d7c6 g5e4 f7f6 e5f6,359
r3k2r/pbpn1ppp/1p2p3/4P3/3Pp3/2B1Q3/PPPN1PqP/2KR3R b kq -,f7f5 e5f6 g2g6 h1g1 g6f6 d4d5 e6e5 d2e4 f6h4 e4g5,314
r1bq1rk1/pp1nbppp/2pp1n2/3Pp3/2P1P3/2N2N2/PP2BPPP/R1BQ1RK1 b - -,a7a6 c1e3 f6g4 e3d2 g4f6 d1c2 a6a5 h2h3 d8c7 d2e3,78
r1bqkbnr/pp2ppp1/2n4p/3p4/2pPPB2/2P2N2/PP1N1PPP/R2QKB1R b KQkq -,e7e6 a2a4 g7g5 f4g3 h6h5 h2h3 f7f5 d1e2 f5e4 d2e4,68
r1bqkb1r/1pp2pp1/p1p2n1p/4p3/4P3/3PBN2/PPP2PPP/RN1Q1RK1 b kq -,f6g4 e3d2 f8d6 h2h3 g4f6 d2c3 f6h5 f3e5 h5f4 d1f3,19
r2q1r1k/pQ6/3p3p/2p2n2/2PbN3/8/PP4PP/R1B2R1K b - -,a8b8 b7d5 f5e7 c1g5 e7d5 g5d8 f8f1 a1f1 d5e3 d8c7,-175
7r/3k1pbp/p1n2np1/3p1p2/2PP1B2/4PN2/P2N1PPP/1R4K1 b - -,h8c8 c4c5 d7e8 g1f1 h7h6 b1b6 f6e4 d2e4 f5e4 f3d2,337
r1bqk2r/ppp2pp1/2np1n1p/2b1pP2/4P2B/P2P4/1PP3PP/RN1QKBNR b KQkq -,f6e4 d1g4 e4g5 g1e2 g7g6 b1d2 c8f5 g4g3 d8e7 e1a1,-330
r2qr1k1/2p2pp1/p3bn1p/1p2p3/3bP3/2BP1N1P/PPB2PP1/R2QR1K1 b - -,c7c5 f3e5 d4e5 c3e5 e6g4 e5f6 g4d1 f6d8 d1c2 d8a5,25
r1bq1rk1/1pp2pbn/3p2pp/p1nPp3/2P1P3/P1N1BNPP/1P1Q1PB1/3R1RK1 b - -,c8d7 e3c5 d6c5 f3e1 d8g5 g1h2 g5d2 d1d2 b7b6 e1d3,59
8/6pp/8/2k1b3/1p2P3/3KN2P/6P1/8 b - -,b4b3 e3f1 b3b2 f1d2 h7h5 g2g4 e5f4 d2b1 h5h4 d3c3,-324
3qrbk1/1br2p2/pp2p1pN/3n3p/3P4/P5Q1/1P1B1PPP/1B1RR1K1 b - -,f8h6 d2h6 d8f6 e1e5 h5h4 g3g4 h4h3 g4h3 d5f4 h3g4,95
8/pp2B1pk/2p3n1/7Q/7P/P2P2P1/2P2P2/6K1 b - -,f8h6 d2h6 d8f6 e1e5 h5h4 g3g4 h4h3 g4h3 d5f4 h3g4,Mate
5rk1/1p1Qb1pp/p3p3/P2p4/1n1B1q1P/1P1b1N1K/5PP1/3R3R b - -,f8h6 d2h6 d8f6 e1e5 h5h4 g3g4 h4h3 g4h3 d5f4 h3g4,Mate
4r1k1/p5pp/8/5p2/3p4/5P2/PP1K1P1P/4R3 b - -,e8a8 e1e6 a8b8 b2b3 b8c8 e6a6 c8c3 a6a7 c3f3 d2e2,59
8/8/N3k3/5p2/P4Kp1/6P1/8/8 b - -,e8a8 e1e6 a8b8 b2b3 b8c8 e6a6 c8c3 a6a7 c3f3 d2e2,Mate
rnbqk2r/1ppp2pp/p3pn2/5p2/1b1P1B2/2NQPN2/PPP2PPP/R3KB1R b KQkq -,d7d6 f1e2 e8h8 e1h1 b4c3 d3c3 f6e4 c3d3 b8c6 h2h3,31
r3k2r/3pb1pp/bq2pn2/2p5/1n2P3/PQN2N2/1P1B1PPP/RB2K2R b KQkq -,b4d3 b1d3 b6b3 d3a6 a8a6 e1h1 h8f8 d2g5 b3b8 a1d1,-546
3r4/7k/P7/2p1NpR1/2P2P1p/1Pn2K1P/8/8 b - -,d8a8 g5f5 a8a6 f5h5 h7g7 e5d3 a6a2 d3c5 a2b2 h5h4,511
r2qkbnr/5ppp/p1pp4/8/4P1b1/5N2/PPPN1PPP/R1BQK2R b KQkq -,f8e7 d2c4 g4e6 d1e2 d6d5 c4e5 d5e4 e2e4 g8f6 e4a4,129
r2q4/1p1np1k1/3p2p1/p5rp/2P1B3/7P/PPQ2PP1/3R1RK1 b - -,d8c7 b2b3 a8f8 h3h4 g5g4 g2g3 g6g5 e4f5 d7e5 f5g4,197
r4rk1/p1p2p2/1pn1p2p/3pP1p1/2PP3B/q1PB4/P2Q4/1K4R1 b - -,f8b8 c4d5 c6b4 c3b4 g8f8 d5e6 c7c5 g1f1 b8b7 d4d5,402
r3r1k1/2p1qpp1/p1n4p/1pbPp3/8/2P2N1P/PP1BQPP1/R3R1K1 b - -,c6a5 b2b4 a8d8 b4a5 e5e4 f3h2 f7f5 d2e3 c5e3 f2e3,263
r2q1rk1/pp3ppp/2B1p3/3p1b2/3PnB2/Q3PN2/PP3PPP/R3K2R b KQ -,d8b6 c6d7 f8d8 d7a4 b6a5 b2b4 a5a6 f4c7 e4d6 a3b3,279
2b1r1k1/1p1n1ppp/p1p5/P7/4PB1P/P4P2/4BKP1/3R4 b - -,h7h6 f4d6 h6h5 f2e3 d7f8 d1b1 e8e6 d6b4 e6e8 a3a4,154
7r/3k1pbp/p1n3p1/3p1p2/2PPNB2/4PN2/P4PPP/1R4K1 b - -,d5e4 b1b7 d7e8 f3d2 c6d8 b7a7 d8c6 a7a6 e8d7 d4d5,489
rnbqk2r/1pp3pp/p3pn2/3p1p2/1b1P1B2/P1NQPN2/1PP2PPP/R3KB1R b KQkq -,b4f8 f3e5 b8d7 f1e2 d7e5 d4e5 f6e4 c3e4 f5e4 d3d2,53
rnbqk2r/pp1pnppp/1b2p3/8/3PPP2/5N2/P1P3PP/RNBQKB1R b KQkq -,d7d5 e4e5 b6a5 c1d2 a5d2 d1d2 a7a6 b1c3 b8c6 f1d3,52
7k/6p1/5p1p/2Q5/1P4r1/P4K2/6P1/4r3 b - -,,0
r1bqkb1r/pp1pnppp/2n5/2p1p3/2P1P3/1P1P1N2/P4PPP/RNBQKB1R b KQkq -,g7g6 b1c3 f8g7 a1b1 e8h8 f1e2 d7d6 a2a3 a7a5 h2h4,-25
2kr3r/pp1b1ppp/2nqpn2/2pp4/3P1P2/2PBP2N/PP1N2PP/R2Q1RK1 b - -,c8b8 h3g5 d7e8 g5f3 f6d7 d1e1 f7f5 d3e2 d8c8 d2b3,28
4rk2/1ppq1p2/p2p1p1p/3P4/2P3Q1/1P5P/P3RPP1/6K1 b - -,f6f5 e2e8 d7e8 g4f5 e8e1 g1h2 e1d2 f5f6 f8g8 a2a4,137
r2qkbnr/5ppp/p1p5/3p4/4P1b1/5N2/PPPN1PPP/R1BQ1RK1 b kq -,g8f6 h2h3 g4f3 d1f3 f8e7 c2c4 e8h8 e4d5 c6d5 f1d1,174
3qr1k1/1br2p2/pp2p1pB/3n3p/3P4/P5Q1/1P3PPP/1B1RR1K1 b - -,d8f6 e1e5 h5h4 g3g4 h4h3 g4h3 d5f4 h3g4 f4g2 h6g5,97
r2q1rk1/1b1nbp1p/p3p1N1/1p1n2BQ/3P4/2NB4/PP3PPP/3R1RK1 b - -,f7g6 d3g6 d7f6 h5h6 d8d7 d1d3 e7d6 c3e4 f6e4 g6e4,-179
8/1n2k3/p7/2pPN3/2P5/4N3/P5KP/8 b - -,e7f6 e5f3 a6a5 g2g3 a5a4 g3f4 b7a5 h2h4 a5b3 e3g4,891
4Q3/6pp/4pk2/2P2p2/3Pp3/4P3/4qPP1/6K1 b - -,g7g5 e8h8 f6g6 h8g8 g6f6 g8h7 e2e1 g1h2 e1f2 h7h6,229
8/2r5/2pn2kp/p2p2p1/PP1P1pP1/1P1K1P2/7P/2R2N2 b - -,a5b4 c1a1 g6f7 a1a2 f7e7 a2e2 e7d7 f1d2 c7c8 h2h4,-59
7r/1R1k1pbp/p1n3p1/5p2/2PPpB2/4PN2/P4PPP/6K1 b - -,d7e8 f3d2 c6d8 b7a7 d8c6 a7a6 e8d7 d4d5 c6e5 a6a7,507
8/5ppp/8/3k1P1P/6P1/1p1P4/pK6/8 b - -,d7e8 f3d2 c6d8 b7a7 d8c6 a7a6 e8d7 d4d5 c6e5 a6a7,Mate
r2qkbnr/5ppp/p1p5/8/4N1b1/5N2/PPP2PPP/R1BQ1RK1 b kq -,f7f5 d1e2 g4f3 e4d6 e8d7 e2f3 f8d6 f1d1 g8f6 c1f4,337
r2q1rk1/1b1nb2p/p3p1B1/1p1n2BQ/3P4/2N5/PP3PPP/3R1RK1 b - -,d7f6 h5h6 d8d7 c3d5 b7d5 g6b1 f6e4 g5e7 d7e7 d1e1,-242
3r1rk1/4q1b1/2P5/1R3p1p/2p1nPpP/8/1PQ1B1PK/4BR2 b - -,d8d2 c2c4 g8h7 e2d3 e4d6 c4d5 d6b5 d3f5 h7h6 d5b5,118
8/3ppq2/1kp5/8/P7/RP1R4/K1P5/8 b - -,e7e5 d3e3 f7f2 e3c3 c6c5 a4a5 b6a6 a3a4 d7d5 a2b2,-24
rb3rk1/pp2p1pp/2p1Npn1/8/3P4/2PNQ3/PPKB2qP/R7 b - -,b8h2 a1e1 h2d6 c3c4 a8e8 e1g1 g2h2 c4c5 d6b8 e6f8,-387
8/3k4/N7/5K2/P5p1/6P1/8/8 b - -,f8e8 a1g1 g2h2 c3c4 b8d6 b2b3 a8c8 e3e1 b7b6 a2a4,Mate
r1bq1rk1/pp3pb1/2pp2pp/2n5/2BNN2B/8/PPPQ1PPP/2KRR3 b - -,c5b3 c4b3 d8h4 d4f3 h4d8 e4d6 c8g4 d2f4 g4f3 f4f3,496
8/4bpkp/p2Rp1p1/P1qpP3/Q4P2/7P/6PK/8 b - -,e7d6 e5d6 c5d6 a4d4 g7g8 g2g3 d6c7 d4b6 c7c2 h2g1,-348
1r1q1r1k/p7/3p3p/2pQ1n2/2PbN3/8/PP4PP/R1B2R1K b - -,d8c8 c1f4 c8b7 g2g4 b7d5 c4d5 f5e3 f4e3 d4e3 f1f8,217
8/1n6/p4k2/2pP4/2P5/3NN3/P5KP/8 b - -,b7d6 g2g3 a6a5 g3f4 d6e8 d3e5 f6e7 e5f3 e7d8 f4e5,887
6r1/ppp1kp2/4p3/8/1b2BP2/6P1/P1P5/2KR4 b - -,f7f5 e4b7 g8g3 d1h1 g3g4 b7c8 g4f4 h1h7 e7d6 h7d7,-282
8/2r5/2pn2kp/3p2p1/Pp1P1pP1/1P1K1P2/3N3P/2R5 b - -,g6f6 h2h3 f6f7 d3c2 d6b7 h3h4 g5h4 c1h1 c7e7 h1h4,-87
4k2r/1R3pbp/p1n3p1/5pN1/2PPpB2/4P3/P4PPP/6K1 b - -,c6d8 b7b8 e8d7 h2h4 h7h6 g5h3 f7f6 b8a8 g7f8 a8a7,415
4R2R/1kp5/3r4/1Pr5/P7/3p4/7P/7K b - -,c5c1 h1g2 d3d2 e8b8 b7a7 b5b6 d6b6 b8a8 a7b7 a8b8,-658
r1b2rk1/pp4p1/7p/3Pp3/4p1P1/4Qq1P/PP2BP2/2R2RK1 b - -,c8g4 h3g4 f3f6 c1c4 a7a5 a2a4 f6h4 c4e4 f8f4 e4f4,458
8/5ppp/8/5PPP/3k4/1p1P4/pK6/8 b - -,c8g4 h3g4 f3f6 c1c4 a7a5 a2a4 f6h4 c4e4 f8f4 e4f4,Mate
r3k2r/ppqn1ppp/2pbp3/8/3PQ3/6N1/PPP2PPP/R1B2RK1 b kq -,d7f6 e4e2 e8h8 c2c3 a8d8 e2f3 d8d7 f1e1 c6c5 c1g5,-19
r1bqkb1r/pp1pnp1p/2n3p1/2p1p3/2P1P3/1P1P1N2/PB3PPP/RN1QKB1R b KQkq -,f8g7 g2g3 e8h8 b1c3 d7d6 f1g2 a8b8 e1h1 a7a6 a2a4,-43
2b1rnk1/1p3ppp/p1p5/P7/4PBPP/P4P2/4BK2/3R4 b - -,f7f6 f4c7 g7g5 h4g5 f6g5 f2e3 h7h6 a3a4 g8g7 d1d2,170
r3k2r/2p1np2/p1p2q1b/4p2p/4P3/7Q/PPP2PPN/R1B2RK1 b kq -,a8d8 c1h6 h8h6 a1d1 d8d6 d1d3 f6e6 h3e6 h6e6 d3h3,98
8/8/N1k5/8/P5K1/6P1/8/8 b - -,a8d8 c1h6 h8h6 a1d1 d8d6 d1d3 f6e6 h3e6 h6e6 d3h3,Mate
r1q2rk1/pbp1bpp1/1p2pn1p/4N3/3P4/2PBB3/PPQ2PPP/1K1R3R b - -,f6d5 e3c1 c7c5 d4c5 b6c5 c2e2 e7f6 b1a1 c8c7 h1e1,81
7k/1pb3pp/p1n3b1/2PBp1N1/1P4P1/P7/1B3P2/6K1 b - -,h7h5 g4h5 g6h5 g1g2 c6d8 b2c3 h5g4 g2f1 g4h5 f1e1,164
8/6pp/2Q1pk2/2P2p2/3Pp3/4P1P1/4qP2/6K1 b - -,h7h6 c6a4 f5f4 g3f4 e2g4 g1f1 g4h3 f1e1 h3h1 e1d2,3
8/8/3k3p/pK2p3/P5P1/5P2/8/8 b - -,h7h6 c6a4 f5f4 g3f4 e2g4 g1f1 g4h3 f1e1 h3h1 e1d2,Mate
r1r3k1/2p2p2/p1np1npp/1p6/3p3P/5NP1/PPP1QP2/R2K3R b - -,c8e8 e2f1 h6h5 f1g2 g8g7 h1e1 c6a5 b2b3 a8b8 d1d2,329
2b1r1k1/1p3ppp/p1p1n3/P7/4P1PP/P3BP2/4BK2/3R4 b - -,g7g6 e2c4 e6f8 g4g5 c8e6 c4f1 e6c8 e3b6 c8e6 d1b1,202
6r1/pp2kp2/2p1p3/8/1b2BP2/6P1/P1P5/2K3R1 b - -,b4d6 f4f5 g8g4 e4f3 g4d4 c1b2 d6e5 b2c1 e6f5 g1e1,-325
2kr3r/1pqn1pb1/2p1p3/p2pPnp1/P2P4/2PN1N2/1P2Q1PP/R1B2RK1 b - -,f7f6 e5f6 g7f6 e2e6 f5d4 c3d4 d8e8 e6g4 e8e4 g4g3,168
rnbqk2r/pp2nppp/1b2p3/3pP3/3P1P2/5N2/P1P3PP/RNBQKB1R b KQkq -,b6a5 c1d2 a7a6 a2a4 b8c6 c2c3 c8d7 b1a3 c6a7 f1d3,40
r1b2rk1/pp3pb1/2pN2pp/2n5/2BN3q/8/PPPQ1PPP/2KRR3 b - -,a7a5 d2e3 c8g4 f2f3 g4d7 g2g3 h4f6 e3e7 b7b6 c2c3,104
1r1q1bk1/2p1np2/R2pr2p/1p2N2n/4P3/2PPB2P/1P1N1P2/3Q1RK1 b - -,h5f6 e5f3 d8c8 a6a1 d6d5 e4e5 f6e8 f3d4 e6e5 e3f4,131
rn1q1rk1/pb2bppp/1p2p3/1Npp3n/P5P1/2PP1N2/1P1BPPBP/R2Q1RK1 b - -,g7g5 g4h5 a7a6 b5a3 f7f5 e2e4 f5f4 f3e5 b8d7 e5g4,280
r1b2rk1/pp4p1/7p/3Pp3/2R1pqP1/4Q2P/PP2BP2/5RK1 b - -,h6h5 c4e4 f4e3 f2e3 h5g4 h3g4 f8e8 e2c4 c8d7 d5d6,288
6k1/p1p2rp1/7p/2pp2r1/4bB2/2P3P1/PP5P/R3R1K1 b - -,f7f4 c3c4 f4f8 e1e3 c7c6 b2b3 g8h7 a1f1 g5f5 f1f5,-564
r1bqkb1r/pp2np1p/2np2p1/2p1p3/2P1P3/1P1P1N2/PB2BPPP/RN1QK2R b KQkq -,f8g7 b1c3 e8h8 a2a3 f7f5 e1h1 c6d4 b3b4 b7b6 a1b1,-50
r2q1r1k/p1p4p/1p1p4/3Nn1p1/2P1Rp2/2Q3P1/PP2PPKP/R7 b - -,c7c6 d5b4 f4f3 g2h1 d8f6 b4d3 e5d3 c3d3 f6b2 a1e1,18
8/r7/1p6/P2pN2p/1P1K1k2/8/8/8 b - -,b6a5 e5g6 f4g3 b4b5 a7g7 d4c5 g7g6 b5b6 g6g8 b6b7,-769
8/8/7p/K2kp3/P5P1/5P2/8/8 b - -,f4f5 a5b6 a7b7 e5d3 b7b6 d4d5 h5h4 d5c5 b6b8 d3f2,Mate
8/5ppp/7P/5PP1/8/1p1k4/pK6/8 b - -,f4f5 a5b6 a7b7 e5d3 b7b6 d4d5 h5h4 d5c5 b6b8 d3f2,Mate
r4rk1/ppq2ppp/2pbpn2/6B1/3P4/5QN1/PPP2PPP/R4RK1 b - -,d6e7 c2c3 f8d8 f1e1 a8c8 a2a4 d8d5 g5f4 c7b6 f3e2,-10
8/4bpkp/1R2p1p1/P2pP3/Q4P2/4q2P/6PK/8 b - -,,0
5rk1/5rpp/R2b3q/1p2p3/5p2/3P2P1/1PPNQP1P/5RK1 b - -,h6e6 e2e4 e6h6 g3f4 f7f6 d2f3 h6f4 e4f4 f6f4 f3d2,105
1r1q1bk1/2p1np2/R2p3p/1p2r2n/3PP3/2P1B2P/1P1N1P2/3Q1RK1 b - -,d8c8 a6a1 c8h3 d4e5 d6e5 d1f3 h3h4 f3h1 h4g4 h1g2,142
8/8/Nk6/5K2/P7/6P1/8/8 b - -,d8c8 a6a1 c8h3 d4e5 d6e5 d1f3 h3h4 f3h1 h4g4 h1g2,Mate
3qrk2/1pp2p2/p2p1p1p/3P4/2P1R1Q1/1P5P/P4PP1/6K1 b - -,e8e5 e4f4 h6h5 g4f3 f8g7 h3h4 b7b5 f3g3 g7f8 g1h2,84
4r1k1/1br2p2/pp2pqpB/3nR2p/3P4/P5Q1/1P3PPP/1B1R2K1 b - -,h5h4 g3g4 h4h3 g4h3 d5f4 h3g4 f4g2 h6g5 f6f3 g4f3,110
r1bq1rk1/2pp1p2/p1n2p1p/1pb1p3/2B1P2B/3P1N2/PPPQ1PPP/R3K2R b KQ -,g8h7 c4d5 a6a5 e1h1 a5a4 c2c3 a8a6 d2e2 b5b4 a2a3,186
r1bqk1nr/3p1ppp/p1nbp3/1pp5/4P1Q1/PBNP4/1PP2PPP/R1B1K1NR b KQkq -,g8f6 g4g7 h8g8 g7h6 g8g2 h6h3 g2g6 g1e2 d6e7 h1g1,-42
2rr2k1/4bppp/bnn1p3/p3P3/Pp2NP2/1Pp1B1PP/2P3BN/R2R2K1 b - -,b6a8 e4d6 a6e2 d6c8 e2d1 a1c1 d8c8 c1d1 g8f8 g2e4,165
4k2r/1R3Nb1/p1n3pp/5p2/2PPpB2/4P3/P4PPP/6K1 b - -,g6g5 f7h8 g7h8 f4c7 h8d4 e3d4 c6d4 c7e5 d4e6 e5d6,592
rnb1kb1r/pp2pppp/8/q1pp4/3Pn2B/2N1PN2/PPP1BPPP/R2QK2R b KQkq -,e4c3 d1d2 e7e6 b2c3 b8c6 e1h1 c5c4 a2a4 f8d6 h4g3,-15
4rrk1/pp1bq2p/2n1p1p1/3p2Nn/3P1P2/P1NB2P1/1P5P/R2QR1K1 b - -,e8c8 g5f3 e7d8 d1e2 h5f6 h2h3 f6e8 e2e3 c6a5 f3e5,84
r3r1k1/1pp2ppp/2n3b1/p1bP2q1/3NPNP1/PP1QK2P/1B4B1/R6R b - -,c6e5 d3c3 e5d7 a1f1 b7b5 h3h4 g5g4 e3d2 b5b4 c3e3,151
2kr3r/1pqn1pb1/2p1p3/p2pPnN1/P2P2p1/2PN4/1P2Q1PP/R1B2RK1 b - -,d7b6 e2g4 d8f8 b2b3 g7h6 f1f5 e6f5 g4f5 c7d7 f5f3,167
r1b2rk1/bp6/p1n1p2p/6pP/7B/1NP2N2/PP3P2/R2R1BK1 b - -,g5h4 f1e2 f8f4 g1h1 a7f2 d1f1 f2g3 f3d4 c6d4 b3d4,-162
rn1q1rk1/4bppp/b1p1pn2/1pPp4/3P4/1PN3P1/3NPPBP/1RBQR1K1 b - -,e6e5 d4e5 f6g4 b3b4 g4e5 d2b3 a6c8 c1f4 e5g6 c3d5,93
r3k2r/1p1nbpp1/1qp1p1bp/p3Pn2/P1QP4/1N1B3P/1P1B1PP1/R3NRK1 b kq -,f5d4 c4d4 b6b3 d3g6 f7g6 e1f3 d7c5 d4g4 b3d3 d2e3,-41
r1bqr1k1/ppp2ppp/1b6/4P3/3P4/2P2B2/PB4PP/R2Q1RK1 b - -,e8e5 c3c4 e5g5 c4c5 b6a5 d4d5 c7c6 d5c6 b7c6 d1d8,16
r3r1k1/2p2p2/p1np1npp/1p6/3p3P/5NP1/PPP2P2/R2K1Q1R b - -,h6h5 d1c1 a8b8 f3g5 g8g7 c1d2 c6e5 a1e1 f6d5 d2c1,329
2r3k1/6pp/3p4/1P2p3/2nb1q2/3Q4/P3K2P/R2R4 b - -,h6h5 d1c1 a8b8 f3g5 g8g7 c1d2 c6e5 a1e1 f6d5 d2c1,Mate
2b1r1k1/1p3p1p/p1p1n1p1/P7/2B1P1PP/P3BP2/5K2/3R4 b - -,g8g7 g4g5 g7g8 c4b3 e6g7 e3b6 g7e6 a3a4 g8g7 b6e3,205
rnb1k2r/pp3ppp/4pn2/2Pq4/8/2B2N2/PPP2PPP/R2QKB1R b KQkq -,d5d1 a1d1 e8h8 a2a3 c8d7 f3e5 f6d5 c3d4 f8d8 e5d7,269
8/8/K6p/2k1p3/P5P1/5P2/8/8 b - -,d5d1 a1d1 e8h8 a2a3 c8d7 f3e5 f6d5 c3d4 f8d8 e5d7,Mate
8/1p3p1p/p4kp1/3p4/7P/P3PKP1/1PP5/8 b - -,f6e5 a3a4 b7b6 f3f2 e5f5 f2f3 h7h6 f3e2 f5g4 e2f2,-161
4k1r1/1R4b1/p1nN2pp/5p2/2PPpB2/4P3/P4PPP/6K1 b - -,e8d8 d4d5 c6b4 c4c5 b4d5 c5c6 d5c7 b7b8 d8e7 b8g8,877
rnbq1b1Q/ppk3p1/1np1p3/3pP1p1/3P1P2/2NB4/PPP3PP/R4RK1 b - -,f8e7 h8g7 c8d7 f4f5 e6f5 d3f5 e7f8 g7f7 f8e7 f7h7,278
r2br1k1/pp1q3p/2bp1pNB/Pnp2P2/4P3/3P2Q1/1P4PP/4RR1K b - -,d7f7 g6e5 f7g6 e5g6 g8f7 e4e5 e8g8 g6h8 f7e7 g3g8,1529
r3r1k1/p1pb1ppp/1bq5/3p3Q/3PP3/2P3P1/PP5P/RNB2RK1 b - -,f7f6 h5d5 c6d5 e4d5 d7h3 a2a4 a7a5 c1d2 h3f1 g1f1,-119
rn1q1rk1/4bppp/b1p1pn2/2Pp4/Np1P4/1P4P1/3NPPBP/1RBQR1K1 b - -,a6b5 e2e4 d5e4 d2e4 f6d5 c1d2 b8d7 b1a1 e7f6 e4f6,13
rnb1k2r/pp3ppp/4pn2/2q5/8/2BB1N2/PPP2PPP/R2QK2R b KQkq -,b8d7 d1d2 c5c7 e1a1 e8h8 h1e1 a7a6 g2g4 f6d5 c3d4,183
r3k2r/pbpn1p1p/1p2p2p/4P3/2NPp3/2B5/PPP2P1P/2KR2R1 b kq -,d7f8 c4e3 h6h5 g1g5 f8g6 g5h5 h7h6 e3g4 e8a8 h5h6,46
2b1rnk1/1p3p1p/p1p3p1/P5P1/2B1P2P/P3BP2/5K2/3R4 b - -,f8e6 c4b3 e6g7 e3b6 g7e6 d1d6 g8g7 b6e3 g7f8 f3f4,210
r1b2rk1/bp6/p1n1p2p/7P/7p/1NP2N2/PP2BP2/R2R2K1 b - -,f8f4 b3c1 e6e5 c1d3 f4e4 e2f1 e4g4 g1h1 e5e4 d3e5,-175
6R1/8/r3p3/5pkp/3P4/4PKP1/5P2/8 b - -,g5f6 g8b8 a6c6 b8h8 f6g5 h8g8 g5f6 g8b8 f6g5 b8h8,41
r7/7P/6R1/3K1B2/5kP1/8/8/b7 b - -,a8a5 d5c4 a5a2 c4c5 a2h2 g6e6 f4g5 c5d6 h2h6 d6e7,267
r2qkb1r/pp3ppp/2pp1n2/4p3/2BBP3/2NP1P1P/PPP2P2/R2QK2R b KQkq -,a7a6 d4e3 d6d5 c4d5 c6d5 d3d4 f8d6 d1d3 d5e4 f3e4,189
1k2rb1r/pBp3pp/5B2/8/5P2/2P2Q2/PPbN1P1P/2KR3R b - -,c2a4 b7a6 c7c6 f6e5 b8a8 d2b3 f8a3 b2a3 e8e5 f4e5,1337
r2q1rk1/pp3ppp/1bppbn2/4p3/4P3/1BNPB1QP/PPP2PP1/R3R1K1 b - -,f6h5 g3g5 b6e3 g5e3 c6c5 c3e2 a7a5 c2c3 e6b3 a2b3,-3
r1b1k2r/pp1nbpp1/1q2p2p/2ppP3/3P4/P1P2N2/1P1QNPPP/R3KB1R b KQkq -,d7b8 d4c5 b6c5 e2d4 b8c6 f1d3 c8d7 e1h1 c5b6 a1b1,3
8/8/k7/5K2/P5P1/8/8/8 b - -,d7b8 d4c5 b6c5 e2d4 b8c6 f1d3 c8d7 e1h1 c5b6 a1b1,Mate
3r3r/5kpp/p1p2n2/2b1NpB1/6b1/8/PPP2PPP/R3R1K1 b - -,f7f8 c2c3 g4h5 b2b4 c5b6 e5c6 d8c8 c6e7 c8c3 g5f6,-192
2rr2k1/4bppp/b1n1p3/p2nP3/Pp2NP2/1Pp3PP/2P2BBN/R2R2K1 b - -,a6e2 d1e1 e2h5 h2g4 h5g6 a1d1 f7f5 e5f6 g7f6 f4f5,-44
8/6pp/8/2k1b3/4P3/3K3P/1p1N2P1/8 b - -,h7h5 g2g4 e5f4 d2b1 h5h4 d3c3 f4e5 c3c2 c5d4 c2b2,-379
8/5n2/N4k2/3P4/2P5/4N3/P5KP/8 b - -,f6e5 c4c5 e5d4 g2f3 d4e5 c5c6 f7g5 f3g2 g5e4 c6c7,934
r1bq1rk1/2pp1p2/p4p1Q/1p2p3/2BbP2B/3P4/PPP2PPP/R3K2R b KQ -,b5c4 h4f6 d8f6 h6f6 c4c3 b2c3 d4c3 e1e2 a6a5 f6g5,453
2kr1n1r/1pq2pb1/2p1p3/p2pPnN1/P2P2Q1/2PN4/1P4PP/R1B2RK1 b - -,h8h4 g4e2 f8g6 g2g3 h4h8 b2b4 a5b4 g3g4 g6h4 g4f5,236
8/4bpkp/1R2p1p1/P2pP3/3Q1P2/7P/6PK/4q3 b - -,,0
4rrk1/1pqb2pp/p1n1pn2/3p4/3P4/2NB1NP1/PP3PP1/R2QR1K1 b - -,e8e7 a1c1 c7d6 a2a3 d7e8 f3e5 d6b8 d1d2 c6e5 e1e5,80
5rk1/5rpp/R2b3q/1p2p3/4Q3/3P1pP1/1PPN1P1P/5RK1 b - -,f7f5 d2f3 f5f3 e4d5 g8h8 d5d6 h6d2 d6c5 b5b4 a6b6,301
r2r2k1/pp2bppp/2n1b3/7n/P3P2P/2NNBP2/1P3KP1/R4B1R b - -,e6b3 g2g4 h5f6 f1e2 f6d7 g4g5 d7e5 d3e5 c6e5 c3b5,138
1rb2rk1/4qppp/1np1p3/p2pP2P/5P2/2N3P1/PPP2Q2/2K1RB1R b - -,c8d7 h5h6 g7g6 g3g4 c6c5 f2h4 e7h4 h1h4 f8c8 h4h3,9
r1bqk1nr/ppp1b1pp/2n5/3p1p2/2P1p2P/3P2PN/PP2PPB1/RNBQ1RK1 b kq -,d5d4 h3f4 g8f6 e2e3 e7c5 e3d4 c5d4 b1c3 d4c3 b2c3,73
8/R7/2pr4/1p2R3/5P2/1Pkp4/P7/3K4 b - -,d6g6 a7c7 c3d4 e5g5 g6h6 c7d7 d4c3 g5c5 c3b4 c5c1,573
8/8/K6p/P3p3/1k4P1/5P2/8/8 b - -,d6g6 a7c7 c3d4 e5g5 g6h6 c7d7 d4c3 g5c5 c3b4 c5c1,Mate
r4rk1/pp1b2p1/7p/3Pp3/4R1P1/4P2P/PP2B3/5RK1 b - -,a8c8 e4e5 f8f1 g1f1 g8f7 e2d3 c8e8 e5e8 d7e8 d5d6,243
r5k1/1R1P4/p3Pp1p/8/4P1P1/7P/p3NK2/1n6 b - -,a2a1q e6e7 a1a4 d7d8q a4e8 d8d5 g8h8 b7d7 b1d2 d5d2,Mate
r7/7k/P7/2p1NR2/2P2P1p/1Pn2K1P/8/8 b - -,a8a6 f5h5 h7g8 e5d3 a6c6 d3c5 c6c8 h5e5 c8b8 f3g4,525
2kr1b2/1pp2p1Q/p1p4n/4p1q1/4P3/2NP4/PPP2PP1/R4RK1 b - -,f8g7 g2g3 d8h8 h7h8 g7h8 g1g2 h8g7 a1d1 h6g4 c3b1,-317
r1bq1rk1/2pp1p2/p4B1Q/4p3/2pbP3/3P4/PPP2PPP/R3K2R b KQ -,d8f6 h6f6 c4c3 b2c3 d4c3 e1e2 d7d6 f6g5 g8h7 g5h4,464
rnbq1b1Q/ppk3p1/1np1p3/3pP3/3P1R2/2NB4/PPP3PP/R5K1 b - -,f8c5 h8d8 c7d8 d4c5 b6d7 f4g4 d7e5 g4g7 b8d7 h2h4,536
rnb2rk1/pp3ppp/4pn2/2q5/8/2BB1N2/PPP2PPP/R2Q1RK1 b - -,c5e7 a2a3 f8d8 f1e1 b8c6 d1e2 a7a6 a1d1 h7h6 f3e5,154
r3k2r/pppqbppp/2n1pn2/8/3PN3/2PB4/PP3PPP/R1BQK2R b KQkq -,f6e4 d3e4 e8a8 d1e2 f7f5 e4c2 e7f6 c1e3 h8e8 f2f4,62
6R1/8/r3pk2/5p1p/3P1K2/4P1P1/5P2/8 b - -,a6a2 f4f3 a2a6 f3g2 a6b6 g8c8 f6g5 c8f8 b6b2 f8g8,41
r1b2rk1/pp3Nb1/2p2qpp/2n5/2BN4/8/PPPQ1PPP/2KRR3 b - -,a7a5 f7e5 g8h7 f2f3 b7b5 c4f1 f8e8 f3f4 a5a4 a2a3,132
1r1q1bk1/2p1np2/4R2p/1p2p2n/4P3/2PPB2P/1P1N1P2/3Q1RK1 b - -,f7e6 d1h5 d8e8 h5e5 e7g6 e5h5 b5b4 g1h1 b8b5 h5g4,356
r1bqkb1r/1p1npppp/p4n2/8/3Q1B2/2P2N2/PP2BPPP/RN2K2R b KQkq -,g7g6 e1h1 f8g7 f1d1 e8h8 b1a3 d8b6 d4d2 f6e4 d2e3,33
r2q1rk1/1b2ppbp/1np2np1/pp1PN3/3P1B2/P1NB3P/1PP2PP1/R2Q1RK1 b - -,c6c5 d4c5 f6d5 c5c6 d5f4 c6b7 g7e5 b7a8b d8a8 d3e4,72
8/R7/2k1K3/4P3/8/4r3/8/8 b - -,e3h3 a7a2 c6c5 a2d2 c5b4 d2d1 b4c3 e6f7 h3f3 f7e7,558
8/5pkp/1R2p1p1/P2pP3/5P1b/3Q3P/6PK/4q3 b - -,,0
3r2kr/6pp/p1N2n2/2b2pB1/6b1/8/PPP2PPP/R3R1K1 b - -,d8d6 c6e5 h7h6 g5f4 g4h5 e5d3 d6c6 d3c5 c6c5 a1c1,-176
r5k1/pp1b2p1/7p/3Pp3/4R1P1/4P2P/PP2B3/5K2 b - -,g7g5 e4e5 g8f7 d5d6 d7e6 b2b3 a8d8 e5a5 a7a6 e2f3,262
8/1K6/7p/P1k1p3/6P1/5P2/8/8 b - -,g7g5 e4e5 g8f7 d5d6 d7e6 b2b3 a8d8 e5a5 a7a6 e2f3,Mate
r1bq1rk1/pp1pnppp/5b2/3B2B1/4R3/5N2/PP3PPP/R2Q2K1 b - -,e7d5 d1d5 f6g5 f3g5 h7h6 g5f3 d7d6 a1d1 c8e6 d5b7,-16
5rk1/5rpp/3R4/1p2p3/4Q3/3P1pP1/1PPq1P1P/5RK1 b - -,f8c8 e4d5 d2c2 d6d7 c8f8 d7f7 f8f7 f1a1 g7g6 d5e5,164
8/8/8/k4KP1/P7/8/8/8 b - -,f8c8 e4d5 d2c2 d6d7 c8f8 d7f7 f8f7 f1a1 g7g6 d5e5,Mate
rnbqr2k/2p5/p3p1Q1/1p2P3/P1pP4/B1n3P1/P4P1P/2R1R1K1 b - -,b8d7 g6h6 h8g8 c1c3 c8b7 g3g4 d7f8 c3h3 e8e7 h6h8,316
r3r1k1/2p2p2/p1np2pp/1p5P/3pn3/5NP1/PPP2P2/R2K1Q1R b - -,g6g5 f3d2 e4c5 f1g2 c6e5 d2e4 c5e4 g2e4 d6d5 e4f5,350
rnbqkbnr/pp3ppp/8/2P1p3/3p4/7P/PPP1PPP1/RNBQKBNR b KQkq -,f8c5 e2e4 g8e7 g1f3 e7g6 f1c4 e8h8 c2c3 b8c6 e1h1,-63
2b1r1k1/1p3p1p/p1p1n1p1/P5P1/4P2P/PB2BP2/5K2/3R4 b - -,e6c7 a3a4 c7e6 f3f4 e6g7 f2f3 c8h3 e3b6 e8f8 b6d8,221
rnbq1rk1/pp3ppp/5n2/3pp3/8/PBPP1N2/2P2PPP/R1BQK2R b KQ -,d8c7 c1d2 h7h6 h2h3 f8e8 e1g1 b8c6 f1e1 c8f5 c3c4,-91
r1bq1rk1/pp1p1ppp/5b2/3Q2B1/4R3/5N2/PP3PPP/R5K1 b - -,d7d6 e4d4 h7h6 g5f6 d8f6 d5d6 c8e6 a1d1 f8c8 b2b3,-18
r3kb1r/1ppq1ppp/pn2p3/3n2B1/3P4/P1NQ1P2/1PP1N1PP/2KR3R b kq -,h7h6 c3d5 b6d5 g5f4 d7b5 f4e5 b5d3 d1d3 h6h5 h2h4,-26
6kr/6pp/p1Nr1B2/2b2p2/6b1/8/PPP2PPP/R3R1K1 b - -,g7f6 b2b4 c5f2 g1f2 d6c6 a1c1 g8f7 h2h3 g4h5 c2c4,-297
8/5n2/N7/3Pk3/2P5/4NK2/P6P/8 b - -,f7g5 f3e2 g5h3 c4c5 h3g1 e2f2 g1h3 f2g3 h3f4 g3f3,1217
r5k1/1R1PP3/p4p1p/8/4P1P1/7P/4NK2/qn6 b - -,f7g5 f3e2 g5h3 c4c5 h3g1 e2f2 g1h3 f2g3 h3f4 g3f3,Mate
r4rk1/ppq1bppp/2p1pn2/6B1/3P4/5QN1/PPP2PPP/R3R1K1 b - -,f8d8 c2c3 d8d5 g5f4 c7b6 h2h3 c6c5 f4e5 a8d8 d4c5,-16
8/5pkp/4p1p1/q2pP3/5P1b/3Q3P/1R4PK/8 b - -,,0
8/1ppq1p2/p2p1Q1p/3P1p1k/2P2K2/1P6/P4PP1/8 b - -,b7b6 f6f5 d7f5 f4f5 h5h4 f5f6 h4g4 f6f7 b6b5 f7e7,727
8/Q2k1r2/8/2K5/8/8/8/8 b - -,d7e6 a7a2 e6f6 a2a8 f6e7 c5d4 f7f5 a8c6 e7f7 d4e4,248
8/R3K3/2k5/4P3/8/7r/8/8 b - -,h3h7 e7f6 h7a7 e5e6 c6d6 f6f5 a7a4 e6e7 d6e7 f5e5,-475
rnbqk1nr/pp3ppp/8/2b1p3/3p4/4P2P/PPP2PP1/RNBQKBNR b KQkq -,d8b6 e3e4 b6g6 b1d2 b8c6 g1f3 g8e7 a2a3 a7a5 f1c4,-85
r1b2rk1/2pp1p2/p4Q2/4p3/2pbP3/3P4/PPP2PPP/R3K2R b KQ -,c4c3 b2c3 d4c3 e1e2 d7d6 a1b1 a6a5 f6g5 g8h7 f2f4,464
r1bqr3/ppp2pbk/2n2npp/4p3/2P5/2N1BNPP/PP2PPB1/R1QR2K1 b - -,c8d7 g3g4 d8c8 c3d5 f6g8 c1c2 c6e7 a1c1 f7f5 f3h4,27
2kr4/1pp2pbQ/p1p4n/4p1q1/4P3/2NP2P1/PPP2P2/R4RK1 b - -,d8h8 h7h8 g7h8 g1g2 h8g7 f1h1 b7b6 a1e1 c8b7 e1e2,-326
8/8/6P1/5K2/k7/8/8/8 b - -,d8h8 h7h8 g7h8 g1g2 h8g7 f1h1 b7b6 a1e1 c8b7 e1e2,Mate
kr6/b1n1nNp1/Ppq5/3pP3/2P3P1/4BQ1P/5PB1/1R1R2K1 b - -,e7g6 c4d5 g6h4 f3e4 h4g2 d5c6 g2e3 d1d7 e3f5 g4f5,1380
r1r3k1/3q1pp1/4p1p1/3pB3/1N1P4/4P3/PP1Q1PPP/5BK1 b - -,d7a7 a2a3 a7a5 h2h3 a8a7 f1e2 c8c6 e2d3 c6c8 g1h2,372
8/pp6/2pbpk2/8/2K2PB1/r1P5/P1R5/8 b - -,d6f4 g4d1 f4e5 c2f2 f6e7 d1b3 a7a5 f2e2 e7d6 e2d2,-274
4R1kr/7p/p1Nr1p2/2b2p2/6b1/8/PPP2PPP/R5K1 b - -,g8g7 e8e7 g7h6 b2b4 c5f2 g1f2 d6c6 a1c1 h8c8 c2c3,-418
r2q1rk1/1b2ppbp/2p2np1/pp1NN3/3P1B2/P2B3P/1PP2PP1/R2Q1RK1 b - -,c6d5 d3b5 a5a4 b2b3 f6e4 b3a4 e7e6 a1c1 d8h4 f4e3,137
2b1r3/1p3pkp/p1p1n1p1/P5P1/4PP1P/PB2B3/5K2/3R4 b - -,e6f8 f2f3 c8h3 d1d6 h3e6 b3c2 g7g8 h4h5 g6h5 f4f5,283
r1b2rk1/bp6/p1nR3p/4p2P/7p/1NP2N2/PP2BP2/R5K1 b - -,f8f4 g1h1 a7f2 a1f1 f2e3 f3d2 c8f5 f1f4 e5f4 d2f3,-68
r2q1rk1/3nbppp/b1p1pn2/2Pp4/Np1PP3/1P4P1/3N1PBP/1RBQR1K1 b - -,a6d3 e4e5 f6e8 b1b2 e8c7 d2f3 d3f5 c1d2 d8b8 d2g5,41
1r3r1k/5pbp/p1pp2p1/2p2P2/PnP1N1Pq/3P1R1P/1P6/R1BQ2K1 b - -,g7h6 e4d6 b8d8 c1h6 h4h6 d1e2 b4c2 d6f7 f8f7 e2c2,147
8/5pkp/4p1p1/3pP3/5P1b/3Q3P/2R3PK/q7 b - -,,0
r2q1rk1/ppp1nppp/2nb4/1B3QB1/8/2N2N2/PPP2PPP/2KR3R b - -,e7f5 g5d8 a8d8 b5c6 b7c6 h1e1 f8e8 g2g3 f7f6 e1e8,62
3r3k/1B3p2/pp1N1p1p/2P5/1P6/P6P/5P2/1b4K1 b - -,h8g8 b7a6 b6c5 b4c5 d8d7 a6b7 b1c2 b7f3 g8f8 g1g2,-192
8/8/4K3/1N3Qk1/8/8/8/8 b - -,d8g8 g1f1 b6c5 b4c5 b1a2 c5c6 a2d5 h3h4 f6f5 h4h5,Mate
4rrk1/pp1b3p/2n1pqp1/3p3n/3P1P2/P1NB1NP1/1P5P/R2QR1K1 b - -,c6d4 f3e5 d7c6 a1c1 e8e7 c3e2 d4e2 d1e2 h5g7 e2f2,89
4r1k1/1br2p2/pp2pqpB/3nR3/3P2Qp/P7/1P3PPP/1B1R2K1 b - -,h4h3 g4h3 d5f4 h3g4 f4g2 h6g5 f6f3 g4f3 b7f3 d1d3,80
7r/4R1kp/p1Nr1p2/2b2p2/6b1/8/PPP2PPP/R5K1 b - -,g7h6 b2b4 c5f2 g1f2 d6c6 a1c1 h8c8 f2f1 c6c2 c1c2,-447
r2br2k/pp1q4/2bp1pQB/Pnp2P2/4P3/3PR3/1P4PP/5R1K b - -,e8g8 g6h5 d7h7 e3h3 a8c8 f1f4 c8c7 f4g4 g8g4 h5g4,Mate
r1b2rk1/ppq2ppp/8/3pP3/1b6/4P3/PP1NBPPP/R2QK2R b KQ -,c7e5 a2a3 b4e7 d1b3 e7f6 a1b1 d5d4 e3e4 c8e6 b3d3,-51
8/5pk1/4p1p1/3pP2p/5P1b/2Q4P/2R3PK/q7 b - -,,0
r2B1rk1/ppp2ppp/2nb4/1B3n2/8/2N2N2/PPP2PPP/2KR3R b - -,a8d8 b5c6 b7c6 h1e1 f7f6 c3e4 d6f4 e4d2 h7h5 c2c3,57
r1bnr3/ppp1qpbk/6pp/2BPp3/8/5NPP/PP2PPB1/R1QR2K1 b - -,e7d7 c1c4 e5e4 f3d4 b7b6 c5a3 c8b7 c4b5 c7c6 d4c6,52
5k1r/2R4p/p1Nr1p2/2b2p2/6b1/8/PPP2PPP/R5K1 b - -,c5b6 c7c8 f8g7 c8h8 g7h8 h2h3 d6c6 h3g4 c6c2 g4f5,-452
5r2/n5k1/3p2pp/1p2p3/4P3/2PP4/5PPP/R4RK1 b - -,a7c8 f1b1 c8e7 b1b5 f8c8 b5b7 g7f6 a1a6 e7c6 b7b1,561
r2q1rk1/p4p1p/2p1p3/3pNbp1/3Pn3/Q3P1B1/PP3PPP/R3K2R b KQ -,a8c8 e5d3 e4g3 h2g3 f5d3 a3d3 d8a5 e1e2 f7f5 h1h6,39
r1b1r3/ppp1qpbk/2n3pp/3Pp3/8/4BNPP/PP2PPB1/R1QR2K1 b - -,c6d8 e3c5 e7d7 c1c4 e5e4 f3d4 f7f5 a1c1 d7f7 c5a3,64
8/pp6/2p1pk2/8/2K2bB1/r1P5/P3R3/8 b - -,f4e5 c4d3 a3c3 d3d2 c3g3 e2f2 f6e7 g4h5 e5f6 h5d1,-405
r4k2/R2P4/p3Pp1p/8/4P1P1/7P/p3NK2/1n6 b - -,a8e8 a7a6 b1d2 e2g3 e8b8 a6a2 f8e7 g3f5 e7e6 a2d2,Mate
1rk2br1/p3pNpp/2B2n2/3P4/3P4/2P5/3K1PPP/2B4R b - -,e7e6 d5e6 b8b6 d4d5 f8c5 d2c2 b6c6 d5c6 c8c7 f2f4,355
3r1rk1/ppp2ppp/2Bb4/5n2/8/2N2N2/PPP2PPP/2KR3R b - -,b7c6 h1e1 f7f6 c3e4 d6f4 e4d2 c6c5 c2c3 f8e8 g2g3,54
r2q1rk1/1p3ppp/p1npbn2/4p3/4P3/2N1P1N1/PPPQB1PP/R4RK1 b - -,a8c8 c3d5 e6d5 e4d5 d8a5 d2a5 c6a5 a1c1 f6d5 g3f5,10
8/5pk1/4p1p1/3pP2p/5P1b/2Q3PP/2R4K/5q2 b - -,,0
4r1k1/pp1b2p1/7p/3Pp3/1R4P1/4P2P/PP2B3/5K2 b - -,d7c8 b4a4 g8f7 a4a7 f7e7 f1e1 e5e4 e1d2 e7d6 e2c4,345
1r3bk1/2pq1p2/R1npr2p/1p2p2n/4P2N/2PPB2P/1P1N1P2/3Q1RK1 b - -,h5g7 d1g4 c6e7 d2f3 d7c8 f1a1 g8h7 g1h2 e7g8 g4g2,119
r1b1R1k1/pp3rb1/2p2qpp/2n5/2BN4/8/PPPQ1PPP/2KR4 b - -,g7f8 d1e1 g8h7 c4f7 f6f7 d2c3 c5a6 c3g3 a6b4 g3f3,155
2r1r1k1/2qn1pbp/1p1p1np1/p1pP2B1/4P1P1/1P1Q1N1P/P2N1P2/1R3KR1 b - -,c5c4 d3c4 c7b7 c4b5 c8c5 b5d3 f6e4 d2e4 c5d5 d3c2,-83
r4rk1/pp2p1pp/2pbNpn1/8/3P3P/2PNQ3/PPKB2q1/R7 b - -,f8f7 h4h5 g6f8 h5h6 f8e6 e3e6 g2d5 e6d5 c6d5 d2f4,-447
8/5p1k/1p5p/8/8/5q2/PP4RP/7K b - -,f3d1 g2g1 d1f3 g1g2 f7f5 h2h4 f3e4 h4h5 f5f4 h1h2,-1753
6k1/Q5p1/2pbp1p1/3n3r/8/7P/PPP2PP1/R1B2RK1 b - -,g8h7 g1h1 d6e5 a7a6 d5e7 a2a4 e5d4 c2c3 d4c5 c1f4,949
8/5pk1/pr6/R4p1p/5P1P/6PK/8/8 b - -,,0
4rrk1/pp1b3p/4pqp1/3pN2n/3n1P2/P1NB2P1/1P5P/R2QR1K1 b - -,e8d8 d3g6 h7g6 d1d4 g6g5 d4d1 h5g7 e5d7 d8d7 c3e4,116
r4rk1/ppq2ppp/2p1p3/3n2Q1/3P4/6N1/PPP2PPP/R3R1K1 b - -,d5f6 g3e4 f6e4 e1e4 a8d8 g5e3 d8d7 a2a3 f8d8 b2b4,-13
8/8/N7/3Pk1n1/2P3K1/4N3/P6P/8 b - -,g5f7 g4f3 e5d4 c4c5 f7e5 f3f4 e5g6 f4f5 g6e7 f5e6,1306
r1b1k2r/1p3ppp/p2Npn2/q3n3/1b6/2N1BB2/PPP1QPPP/2KR3R b kq -,e8f8 d6c4 e5c4 e2c4 h7h5 c3e4 f6e4 f3e4 b4e7 a2a3,232
2r3k1/3rbppp/b1n1p3/p1BnP3/Pp2NP2/1Pp3PP/2P3BN/R2R2K1 b - -,a6e2 d1e1 e2h5 a1c1 h5g6 c5e7 d5e7 h2f3 c8d8 e4c5,-62
r4rk1/p1pqb1pp/2n1p3/1QP1P3/1P1P1p2/2N2P2/P4P1P/R1BR2K1 b - -,a7a6 b5c4 e7h4 c1b2 g8h8 g1g2 d7f7 c3e4 f7g6 g2h1,189
1r1Q1k2/R7/p3Pp1p/8/4P1P1/7P/p3NK2/1n6 b - -,b8d8 e6e7 f8e8 e7d8r e8d8 a7a6 b1d2 e2c3 d2b1 c3a2,670
7k/8/6NN/6K1/8/8/8/8 b - -,,0
r2q1rk1/3nbppp/2p1pn2/2PpP3/Np1P4/1P1b2P1/3N1PBP/1RBQR1K1 b - -,f6e4 b1b2 e4d2 c1d2 d8a5 d2g5 e7g5 d1d3 a8a7 h2h4,74
r1bq1rk1/ppppnppp/5b2/3P4/2B2R2/5N2/PP3PPP/R1BQ2K1 b - -,e7g6 d5d6 g6f4 c1f4 c7c6 h2h4 b7b5 c4d3 f6h4 f3e5,-102
r1bq1rk1/2pp1p2/p1n2p1p/1pb1p3/2B1P2B/3P1N2/PPP2PPP/R2Q1RK1 b - -,b5c4 f3d2 g8h7 d1h5 f8g8 h5f7 g8g7 f7d5 c5e7 d2c4,-253
1rk2br1/p3pN1p/2B2np1/3P4/3P4/2P5/2K2PPP/2B4R b - -,g6g5 h1e1 g8g7 f7g5 h7h6 g5e6 g7g2 e1e2 g2g8 c1f4,385
r1bnr3/pppq1pbk/6pp/2BPp3/4P3/5NPP/PP3PB1/R1QR2K1 b - -,b7b6 c5a3 c7c6 d5c6 d7c6 c1c6 d8c6 a1c1 e8d8 d1d8,39
3r2k1/5p2/B2N1p1p/2P5/8/P6P/5P2/1b4K1 b - -,d8d7 a6b5 d7c7 c5c6 g8f8 f2f3 b1a2 d6f5 a2e6 f5e3,-175
3rr1k1/p1p2ppp/2p5/5n2/4Nb2/5N2/PPP2PPP/1K1RR3 b - -,d8d1 e1d1 g8f8 e4c5 f4d6 c5d3 c6c5 f3d2 h7h5 c2c3,36
3r1k2/R3P3/p4p1p/8/4P1P1/7P/p3NK2/1n6 b - -,f8e8 e7d8r e8d8 a7a6 b1d2 a6a2 d2e4 f2e3 e4d6 e3f4,Mate
8/8/3QR3/3p1pk1/3q2p1/1Kp5/8/8 b - -,,0
2R2k1r/7p/2Nr1p2/p1b2p2/6b1/8/PPP2PPP/R5K1 b - -,f8g7 c8h8 g7h8 c6a5 d6d2 a1f1 d2c2 b2b4 c5b4 a5b3,-375
8/5p1k/1p5p/8/8/8/PP5P/3q2RK b - -,d1d5 g1g2 d5d1 g2g1 d1f3 g1g2 f7f5 h2h4 f5f4 a2a4,-1629
2b1k3/6pp/p1N1pp2/1P1p4/P2NnP2/4P3/6PP/6K1 b - -,a6b5 a4b5 e4c5 b5b6 e8d7 c6a5 c8a6 a5c6 a6c4 c6a5,-7
8/n4rk1/R2p2pp/1p2p3/4P3/2PP4/5PPP/5RK1 b - -,f7b7 a6d6 g6g5 f1b1 g5g4 g2g3 b7f7 d6b6 f7d7 b6a6,548
r1bq1rk1/2pp1p2/p1n2p1p/2b1p3/2P1P2B/5N2/PPP2PPP/R2Q1RK1 b - -,g8h7 f3e1 c5e7 f2f4 f6f5 h4e7 d8e7 e4f5 d7d6 d1d5,-281
rq3rk1/pp1bbppp/4pn2/8/3N4/3BB2Q/PPP2PPP/R4RK1 b - -,b8c7 a1e1 e6e5 h3h4 f8e8 d4f5 d7f5 d3f5 g7g6 f5d3,7
r1b1R3/pp3Bbk/2p2qpp/2n5/3N4/8/PPPQ1PPP/2KR4 b - -,a7a5 f7g8 h7h8 d2e3 a5a4 a2a3 h6h5 f2f4 c8g4 e8a8,444
rn1q1rk1/pp3ppp/2p2n2/3p4/3P1Nb1/P1NB4/1PPQ1PPP/R4RK1 b - -,g4h5 f4h5 f6h5 g2g4 h5f6 g4g5 f6e8 f2f4 f7f5 a1e1,39
1rk3r1/p3pNbp/2B2np1/3P4/3P1B2/2P5/2K2PPP/7R b - -,f6d7 c6d7 c8d7 f4b8 g8b8 h1a1 b8a8 a1a6 g7f6 f7e5,476
3b4/5pk1/4p1p1/3pP2p/5P1P/2Q3P1/2R4K/5q2 b - -,,0
1k5N/8/1Q6/8/8/4K3/8/8 b - -,d8b6 c2g2 f1a6 c3b3 b6c5 g2d2 a6a1 b3d1 a1a7 d2d3,Mate
r2r2k1/ppq3pp/2p1p3/3Pb3/5P2/6Q1/PP1B2PP/R4RK1 b - -,e5b2 a1b1 b2d4 d2e3 d4e3 g3e3 e6d5 f4f5 d8f8 f5f6,-225
1r3bk1/2pq1pn1/R1npr2p/1p2p3/4P1QN/2PPB2P/1P1N1P2/5RK1 b - -,c6e7 d2f3 g8h7 g1h2 d7c8 f1a1 e7g8 a6a7 g8f6 g4g1,107
8/6k1/6N1/5NK1/8/8/8/8 b - -,,0
2b1k3/6pp/2N1pp2/1P1p4/3NnP2/4P3/6PP/6K1 b - -,e4c5 b5b6 e8d7 c6a5 c8a6 d4b3 c5a4 b6b7 d7c7 b3d4,-10
8/5n2/N7/3Pk3/2P3KP/4N3/P7/8 b - -,e5e4 c4c5 e4e3 c5c6 e3d4 c6c7 f7d6 h4h5 d4e5 h5h6,918
r3r1k1/2p2pp1/p1nqb2p/1pbBp3/1P2P3/2P2N1P/P2BQPP1/R3R1K1 b - -,c5b4 d5c6 b4c3 d2c3 d6c6 c3e5 c6b6 e2b2 f7f6 e5f4,338
2R4r/6kp/2Nr1p2/p1b2p2/6b1/8/PPP2PPP/4R1K1 b - -,h8c8 g1f1 c8c6 f2f3 g4h5 c2c3 d6d2 e1e2 d2d8 b2b3,-784
7k/6p1/5p1p/2Q5/1P2r1r1/P4K2/6P1/8 b - -,e4d4 c5c8 h8h7 c8g4 d4d3 f3e4 d3a3 g4f5 h7h8 b4b5,534
8/1p6/1k6/p7/P3R3/1KP5/1P5r/8 b - -,,0
8/7p/2k5/p3p3/P1K2pP1/5P1P/8/8 b - -,e5e4 f3e4 c6d6 c4d4 d6e6 h3h4 h7h6 d4d3 e6e5 g4g5,742
r3k2r/3p1pQp/2b1p1n1/qp4P1/1b2PP2/1P2B3/1pP1NKBP/3R1R2 b kq -,b2b1r d1b1 a5c7 b1a1 h7h6 a1a8 c6a8 f1a1 a8b7 g5h6,135
1qb1r1k1/2N2p1p/1pnP2pb/2n1p3/1BP1P3/8/4BPPP/QR4K1 b - -,c6b4 c7e8 b4c6 a1b2 c6d4 e2d1 b6b5 e8f6 g8h8 b2a3,-69
rnbqkb1r/1ppp1ppp/1n6/p3P3/P2pQ3/5N2/1PP2PPP/RNB1KB1R b KQkq -,f8c5 f1d3 d8e7 e1h1 d7d5 e4f4 e8h8 b1d2 b8c6 d2b3,43
r1bqkbnr/3ppppp/p1n5/1p6/4P3/2N1QN2/PPP1BPPP/R1B1K2R b KQkq -,e7e6 e1h1 d8c7 f1d1 f7f6 e3d3 g8e7 c1e3 e7g6 d3d2,61
5rk1/ppp1B1bp/1n3pp1/1P2Pb2/2Pr4/8/P3B1PP/R3NRK1 b - -,f8e8 e5f6 b6d7 e2d3 d7f6 e7f6 g7f6 d3f5 g6f5 f1f5,-18
rn3rk1/pp3ppp/2pq1n2/3p3b/3P1N2/P2B1P2/1PPQN1PP/R4RK1 b - -,c6c5 d4c5 d6c5 g1h1 h5g6 b2b4 c5c8 e2c3 d5d4 c3d5,75
3k4/8/R4p1p/8/4P1P1/7P/p3NK2/1n6 b - -,d8e7 a6a2 e7f7 f2e3 f7g6 a2a1 g6g5 a1b1 g5h4 e3f3,1093
r3r3/2p3k1/p1np1pPp/1p6/3pn2N/6P1/PPP2P2/R2K1Q1R b - -,e8e5 f2f4 e5c5 f1f3 a8e8 h1e1 f6f5 h4f5 c5f5 e1e4,479
r2q1rk1/1b2ppbp/2p3p1/pp1nN3/3P4/P2B3P/1PP2PPB/R2Q1RK1 b - -,a8c8 f1e1 d5b6 d3e4 g7e5 d4e5 d8d1 a1d1 f8d8 e5e6,74
8/5pk1/1b2p1p1/3pP2p/5P1P/2Q3P1/6RK/5q2 b - -,,0
rnb1kb1r/p3pppp/2p5/qp6/P1pP4/2N2NP1/1P1QPP1P/R3KB1R b KQkq -,b5b4 c3d1 b8d7 f1g2 c8a6 a1c1 e7e6 e1h1 f8e7 d1e3,-17
8/4k3/R7/3p4/p3r3/8/PP5P/7K b - -,,0
1nb1r2k/7r/p3pP2/1pB5/P1pP4/2R3P1/P4P1P/4R1K1 b - -,b8d7 a4b5 a6b5 a2a4 c8b7 a4b5 b7d5 e1a1 e8c8 c5d6,-121
8/5n2/N7/3P3P/2P1k1K1/4N3/P7/8 b - -,e4e3 g4f5 e3f3 f5f6 f7d6 h5h6 d6e4 f6e7 e4g5 d5d6,1071
3r2k1/p1p2ppp/bpN5/3P1PQ1/4Pn1r/P1B2P2/q5BP/2R3K1 b - -,f7f6 c3f6 d8d7 g1h1 a2d2 c1g1 h4h5 f6c3 h5g5 c3d2,33
r3k2r/ppp2ppp/8/3N1b2/1bn1N3/8/PPPB1PPP/2KR3R b - -,c4d2 e4d2 b4d6 d2c4 a8d8 d1d2 f5e6 c4d6 c7d6 h1d1,134
r1b1R3/pp3qbk/2p3pp/2n5/3N4/8/PPPQ1PPP/2K1R3 b - -,g7f8 d2c3 c5a6 c3g3 a6c5 d4f3 g6g5 f3d4 f7f6 g3c3,158
r4rk1/p1pq1ppp/4bb2/1p6/8/3PN3/PPQ3PP/R1B1R1K1 b - -,f8d8 c1d2 d7d3 d2c3 d3c2 e3c2 f6c3 b2c3 c7c5 e1e5,-389
r1bq1rk1/pp3pbp/3p1np1/2pP2B1/2P1N3/3Q4/PP2NPPP/R4RK1 b - -,c8f5 e2g3 f5e4 g3e4 h7h6 e4f6 g7f6 g5h6 f8e8 a1b1,125
r4rk1/1bqnbpp1/2pp1n1p/1p2p3/1P1PP3/1BNQBN1P/2P2PP1/R3R1K1 b - -,f8b8 d4d5 d7b6 a1a8 b8a8 f3d2 e7f8 d5c6 c7c6 e3b6,73
6rr/4b3/8/3pp3/Q2k4/3P2Pp/1R2KP1q/8 b - -,a8e8 a1a7 e8a8 a7a8 f8a8 d4d5 d7b6 f3d2 e7f8 d5c6,Mate
8/4k3/R7/3p4/pr6/8/PP5P/6K1 b - -,,0
r4rk1/pppqb1pp/2n1p3/2P1P3/1PQP1p2/2N2P2/P4P1P/R1BR2K1 b - -,b7b6 c1b2 a7a6 c5b6 c7b6 a2a3 a8d8 c3e4 b6b5 c4c2,106
r3kbnr/pp1npp1p/2p2q2/6p1/4N3/3P1P2/PPPBQPNP/R4K1R b kq -,f6g6 h2h4 e8a8 h4g5 f8g7 g2h4 g6e6 f3f4 d7f8 f4f5,237
8/5pk1/1b2p1p1/3pP2p/5P1P/6P1/2Q3RK/3q4 b - -,,0
r2q1rk1/3nbppp/b1p1pn2/2P5/Np1PN3/1P4P1/5PBP/1RBQR1K1 b - -,f6e4 g2e4 a6b5 c1f4 d7f6 e4g2 f6d5 g2d5 e6d5 a4b6,37
3k4/p5R1/2p5/2N5/2b5/4K1P1/8/r7 b - -,a7a5 e3d4 c4f1 g7a7 a1d1 d4e4 d1d5 a7a5 d8c7 e4f4,-3
8/pp6/2p1pk2/4b3/2K3B1/r1P5/P1R5/8 b - -,a3a4 c4d3 a4g4 c2e2 g4g3 d3e4 e5c3 e2c2 f6e7 a2a4,-641
5rk1/p1qp2p1/b3p2p/5p2/1p3P2/1P2K3/5N1P/1Q6 b - -,f6e7 g4d1 e7d7 c4b4 e5d6 b4c4 b7b6 c4d4 a7a6 d4e4,Mate
8/5K2/8/1N3Q1k/8/8/8/8 b - -,f6e7 g4d1 e7d7 c4b4 e5d6 b4c4 b7b6 c4d4 a7a6 d4e4,Mate
2k3r1/p3pNbp/1rB2np1/3P4/3P1B2/2P5/2K2PPP/R7 b - -,a7a6 f7e5 f6h5 f4e3 h5f6 e5c4 b6c6 d5c6 c8c7 a1a6,506
8/5n2/N6P/3P4/2P3K1/4k3/P7/8 b - -,e3d4 h6h7 d4c4 d5d6 c4b5 d6d7 f7e5 g4f5 e5d7 h7h8q,847
8/q4p1k/2p2Prp/1p2p3/1P2Q2P/2P5/6P1/5R1K b - -,a7d7 h4h5 d7g4 h5g6 g4g6 e4e5 g6g4 e5f5 g4f5 f1f5,841
8/7k/r7/2p1N2R/2P2P1p/1Pn2K1P/8/8 b - -,h7g7 e5d3 a6a1 d3c5 g7f7 h5h7 f7g6 h7h4 a1b1 h4g4,528
8/4k3/8/3p4/R7/8/Pr5P/6K1 b - -,,0
2r3k1/8/4PK2/8/6R1/8/8/8 b - -,e7f6 h2h4 d5d4 a4d4 b2a2 d4g4 a2a1 g1h2 a1a8 g4g2,Mate
4k1r1/1R4Np/p1n2pp1/5p2/2PPpB2/4P3/P4PPP/6K1 b - -,g8g7 b7g7 g6g5 f4d6 f5f4 c4c5 f6f5 g7h7 c6b4 e3f4,738
r3r1k1/p1pb1ppp/1b4Q1/3p4/3PP3/2P3P1/PP5P/RNB2RK1 b - -,d7e6 g6h5 d5e4 b1d2 f7f5 d2b3 e6b3 a2b3 g7g6 h5e2,685
r2q4/1p2p1k1/3p2p1/p1n3rp/2P1BP2/7P/PPQ3P1/3R1RK1 b - -,c5e4 f4g5 d8b6 g1h2 e4g5 c2c3 e7e5 c3d2 g5e4 d2d5,597
8/7p/2k5/p7/P1K1PpP1/7P/8/8 b - -,c6c7 g4g5 c7d6 h3h4 d6e5 c4d3 e5d6 d3e2 d6c5 h4h5,814
4r1k1/p4ppp/q4n2/8/8/P1P2PQN/b5PP/R1B4K b - -,f6d5 c1d2 a2c4 g3g4 c4b3 h3f2 d5f6 g4d4 a6b6 a1b1,25
rnbqk1nr/p1p2pbp/1p1pp1p1/8/2PPP2P/2N5/PP2BPP1/R1BQK1NR b KQkq -,h7h6 c1e3 c7c5 g1f3 b8c6 d4d5 c6a5 d1a4 c8d7 a4c2,78
r3k2r/ppp2ppp/8/3N1b2/8/8/PPPn1PPP/2KRR3 b - -,e8f8 d5c7 a8c8 d1d2 a7a6 c7d5 f5e6 d5b6 c8e8 d2d7,308
8/6k1/8/3B4/6K1/5N2/8/8 b - -,e8f8 d5c7 a8c8 d1d2 a7a6 c7d5 f5e6 d5b6 c8e8 d2d7,Mate
r4rk1/ppq2ppp/2p1pn2/6Q1/3P4/4R1N1/PPP2PPP/R5K1 b - -,c7b6 e3b3 b6d4 b3b7 f8b8 c2c3 d4d5 b7b8 a8b8 g5d5,-35
r2q4/1p2p1k1/3p2p1/p1n2P1p/2P1B3/6rP/PPQ3P1/3R1RK1 b - -,g3e3 e4d5 c5d7 d5e6 d7f6 c2f2 e3e5 f2g3 d8e8 d1e1,320
r2q1rk1/p4p1p/4p3/2ppNbp1/3Pn3/Q3PPB1/PP4PP/R3K2R b KQ -,e4f6 e5c6 d8e8 a3c5 f6d7 c6e7 g8g7 c5a3 f7f6 h2h4,203
r2qk2r/pp3ppp/2nB1n2/2pp4/3P2b1/2P2N2/PP2BPPP/RN1Q1RK1 b kq -,d8d6 d4c5 d6c5 b1d2 e8h8 h2h3 g4f3 d2f3 f8e8 e2d3,9
7k/6p1/5p1p/2Q5/1P3rr1/P7/4K1P1/8 b - -,f4c4 c5d5 c4c3 d5a8 h8h7 b4b5 c3b3 a3a4 b3b2 e2d3,-36
4r1k1/1br2p2/pp2pqpB/3nR3/3P4/P6Q/1P3PPP/1B1R2K1 b - -,d5f4 h3g4 f4g2 h6g5 f6f3 g4f3 b7f3 d1d3 g2h4 e5e1,81
2r4k/5K2/4P3/8/6R1/8/8/8 b - -,d5f4 h3g4 f4g2 h6g5 f6f3 g4f3 b7f3 d1d3 g2h4 e5e1,Mate
r1bnr3/p1pq1pbk/1p4pp/3Pp3/4P3/B4NPP/PP3PB1/R1QR2K1 b - -,c7c6 c1c4 c8b7 d5c6 d7c6 c4c6 b7c6 a1c1 a8c8 g2f1,41
8/3Q4/4R1k1/3p1p2/3q2p1/1Kp5/8/8 b - -,g6g5 e6d6 d4c4 b3c2 g4g3 d6d5 c4e4 c2c3 g3g2 d7g7,Mate
r1b1R3/pp4bk/2p3pp/2n5/1Q1N4/8/qPP2PPP/2K1R3 b - -,c5e6 d4e6 c8e6 e8a8 e6f7 b4a3 a2d5 a8a7 d5b5 f2f4,378
8/8/5k2/3p4/R6P/8/Pr6/6K1 b - -,,0
8/5r2/8/2K5/4k3/8/8/1Q6 b - -,e4e5 b1a1 e5e4 a1d4 e4f5 d4d3 f5g5 d3g3 g5h5 c5d6,20000
5kr1/1R5p/p1n1Npp1/5p2/2PPpB2/4P3/P4PPP/6K1 b - -,e4e5 b1a1 e5e4 a1d4 e4f5 d4d3 f5g5 d3g3 g5h5 c5d6,Mate
8/1ppq1p2/3p1Q1p/p2P1p1k/2P2K2/1P4P1/P4P2/8 b - -,e4e5 b1a1 e5e4 a1d4 e4f5 d4d3 f5g5 d3g3 g5h5 c5d6,Mate
2rq1rk1/pp3pp1/2R1p1p1/1N1pB3/1b1Pn3/1Q2P3/PP2BPPP/5RK1 b - -,a7a5 c6c8 d8c8 a2a3 b4e7 b3d3 c8d7 f2f3 e4d6 b5d6,449
4K3/4Q3/8/8/4k3/8/8/4q3 b - -,a7a5 c6c8 d8c8 a2a3 b4e7 b3d3 c8d7 f2f3 e4d6 b5d6,Mate
6R1/8/8/2k2K2/8/8/8/8 b - -,a7a5 c6c8 d8c8 a2a3 b4e7 b3d3 c8d7 f2f3 e4d6 b5d6,Mate
r1b1kb1r/ppqppp1p/5p2/2p5/2B5/4n3/PP2KPPP/RNB3NR b kq -,e3c4 b1d2 c4e5 f2f4 c7c6 g1f3 e5f3 g2f3 h8g8 e2f2,-969
8/5n1P/N7/3P4/2Pk2K1/8/P7/8 b - -,d4e5 a6c5 e5d6 c5d3 d6e7 g4f5 f7d6 f5g6 d6f7 c4c5,1314
2kr1n2/1pq2pb1/2p1p3/p2pPnN1/P2P3r/2PN1Q2/1P4PP/R1B2RK1 b - -,c7e7 g2g4 f5h6 h2h3 f8g6 f3g2 f7f5 e5f6 g7f6 g5f3,270
r1bqkb1r/1pp2ppp/p1n2n2/3p4/3P4/2PB4/PP1NNPPP/R1BQK2R b KQkq -,a6a5 d2f1 h7h6 f1e3 f8d6 e2g3 e8h8 e1h1 c6e7 g3h5,49
r2q1rk1/p4p1p/4p3/2ppNbp1/3P4/Q3PPP1/PP4P1/R3K2R b KQ -,f7f6 g3g4 f6e5 g4f5 c5d4 f5e6 d8f6 a3d6 a8e8 d6d5,9
rq2r1k1/pp1bbppp/4pn2/6B1/3N4/3B3Q/PPP2PPP/R4RK1 b - -,h7h6 g5d2 e7f8 f1e1 e6e5 d3f5 b8d6 f5d7 f6d7 d4b3,-40
r3k2r/pp3ppp/2nq1n2/2Pp4/6b1/2P2N2/PP2BPPP/RN1Q1RK1 b kq -,d6c5 h2h3 g4f3 e2f3 e8h8 b1d2 f8e8 d1a4 c6e5 f3e2,7
5rk1/1p4p1/pNb1np2/2P1p3/4p1Pp/2P1P2P/P4P2/3R1BK1 b - -,e6c5 f1c4 g8h7 d1d6 h7g6 g1g2 g6g5 c4d5 c6d5 d6d5,-95
r7/1p2p1k1/3p2P1/p2B3p/2P5/3nq1rP/PPQ3PK/3R1R2 b - -,h5h4 f1f7 g7h6 f7h7 h6g5 c2d2 e7e6 d5e6 e3f4 h2g1,614
3q1rk1/2p2p2/p1P2p1p/2b1p3/1r2P1bB/1P3N2/P1P2PPP/1R1Q1RK1 b - -,b4e4 d1d8 f8d8 h4f6 d8d6 f6e5 d6g6 e5g3 g4f3 g2f3,151
8/pp6/2p2k2/2K1p3/5bB1/r1P5/P3R3/8 b - -,a3c3 c5d6 e5e4 d6d7 c3g3 g4h5 g3g7 d7c8 f6f5 e2c2,-420
3k4/8/2p5/R1Nb4/3K4/6P1/r7/8 b - -,,0
8/n4r2/R2p1kpp/1p2p3/4P3/2PP4/5PPP/R5K1 b - -,f7f8 a6a7 f8c8 a7b7 c8c3 b7b5 f6e6 h2h4 c3d3 a1a7,659
8/7p/2k5/p7/P3P1P1/3K1p1P/8/8 b - -,c6c5 d3e3 c5b4 e4e5 f3f2 e3f2 b4c5 f2f3 c5d5 f3f4,3582
8/8/5k2/8/3R3P/8/Pr6/6K1 b - -,,0
rn1qr1k1/pp3ppp/2p2n2/3p4/3P1Qb1/P1NB2N1/1PP2PPP/R4RK1 b - -,g4c8 f4d2 b8d7 c3e2 d7f8 e2f4 g7g6 h2h3 h7h5 f1e1,21
r3k2r/p4ppp/2pqpn2/2ppN3/3P2b1/1QP1P3/PP1N1PPP/R3K2R b KQkq -,c5c4 b3a4 e8h8 b2b3 g4f5 e1h1 c6c5 b3c4 f8c8 f2f3,78
rn2k2r/pp3ppp/1qp5/3PP3/8/2N1BN2/PPP1QbP1/R2K1B1R b kq -,b6a5 e3f2 c6d5 e2b5 a5b5 c3b5 b8a6 b5d6 e8e7 d6b7,1462
4k1r1/2R4p/p1n1Npp1/5p2/2PPpB2/4P3/P4PPP/6K1 b - -,g8f8 e6g7 e8d8 f4d6 f8e8 c7c6 f5f4 g7e8 d8e8 c6a6,1036
r2qkb1r/pp3ppp/2pp1n2/8/2BpP3/3P1P1P/PPP1NP2/R2QK2R b KQkq -,d6d5 c4b3 a7a5 a2a4 f8c5 h3h4 e8h8 h4h5 f8e8 e1f1,-73
1r3rk1/8/p5qp/B1b2p2/7N/1P5b/P1P2PPP/1R2RQK1 b - -,g6g4 b3b4 c5a7 b1b3 g4h4 b3h3 h4f6 h3g3 g8h8 c2c4,427
r1b3k1/bp6/p1n1p2p/7P/5r1p/1NP2N2/PP1RBP2/R5K1 b - -,e6e5 g1h1 c8f5 d2d6 g8h7 d6f6 h7g7 f6f5 f4f5 a1g1,-248
r3kbnr/pp1npp1p/2p5/6p1/4N3/2BP1P2/PqP1QPNP/R4K1R b kq -,b2b6 e4d6 e8d8 d6f7 d8c7 c3h8 b6a5 h2h4 g5h4 e2e6,564
b5k1/2qnbpp1/2pp1n1p/1p1Pp3/1P2P3/1BNQBN1P/2P2PP1/6K1 b - -,g8f8 d5c6 c7c6 f3d2 f8g8 g1h2 e7f8 f2f3 d7b6 d3b5,134
4rk2/1p3pp1/2p5/8/p1PRn2p/P4qP1/1PQ2PBP/6K1 b - -,f3b3 c2b3 a4b3 d4e4 e8d8 e4e3 d8d1 g2f1 h4h3 e3b3,450
8/5pk1/1b2p1p1/3pP2p/5P1P/5qP1/4Q1RK/8 b - -,,0
8/8/3R1k2/8/7P/8/r7/6K1 b - -,,0
r3r3/2p3k1/p1np2Pp/1p3p2/3pn1PN/8/PPP2P2/R2K1Q1R b - -,c6e7 f1g2 c7c6 f2f3 e4f6 d1d2 f6d5 a1e1 c6c5 e1e7,542
8/8/8/8/8/2k5/4K3/1r1R4 b - -,,0
2k3r1/p3pNbp/1rB3p1/3PB2n/3P4/2P5/2K2PPP/R7 b - -,b6b7 c6b7 c8b7 a1b1 b7a8 c3c4 g7f6 e5f6 h5f6 f7e5,481
3nk1r1/2R3Np/p4pp1/5p2/2PPpB2/4P3/P4PPP/6K1 b - -,g8g7 c7g7 d8e6 g7h7 e8f8 h2h4 f8g8 h7a7 e6d4 e3d4,635
r1bqkbnr/1p1p1ppp/2p5/p7/2BpP3/P2P4/1PP2PPP/RNBQ1RK1 b kq -,a5a4 f1e1 d7d6 c2c3 d4c3 b1c3 g8f6 d3d4 f8e7 c4d3,136
rnb1kb1r/1pqp1ppp/p3p3/8/2N1n3/2P1B3/PP3PPP/R2QKBNR b KQkq -,e4c5 g1f3 b7b5 c4d2 f8e7 b2b4 c5a4 c3c4 e7b4 c4b5,-141
3r2k1/3rBppp/b1n1p3/p2nP3/Pp2NP2/1Pp3PP/2P3BN/R2R2K1 b - -,a6d3 d1d3 d5e7 d3d7 d8d7 g1f2 c6d4 a1d1 e7f5 h2f3,418
6k1/p5pp/R7/1p6/8/1P4PP/1P1r4/6K1 b - -,d2e2 a6a7 e2b2 a7b7 b2b3 g1g2 b5b4 h3h4 h7h5 b7b5,-10
rnbqkb1r/ppp2ppp/3p1n2/8/3PPN2/5N2/PPP3PP/R1BQKB1R b KQkq -,f6e4 f1d3 e4f6 e1h1 f8e7 f3g5 e8h8 d1f3 h7h6 g5e4,89
rnbqk1nr/ppp2ppp/4p3/b2pP3/8/2P2N2/P2P1PPP/RNBQKB1R b KQkq -,c7c5 c1a3 d8c7 d2d4 c5c4 g2g3 b8c6 a3d6 c7d8 a2a4,-92
8/7p/2k5/p7/P3P1P1/7P/4Kp2/8 b - -,f2f1q e2f1 c6c5 f1f2 c5c4 g4g5 c4d4 f2f3 d4e5 f3e3,3710
5rk1/1p4p1/pNb2p2/2n1p3/2B1p1Pp/2P1P2P/P4P2/3R2K1 b - -,c5e6 c4e6 g8h7 c3c4 f8b8 d1d6 h7g6 e6d5 c6d5 d6d5,479
r2qr1k1/pp1n1ppp/2p2n2/3p4/3P1Qb1/P1NB2N1/1PP2PPP/4RRK1 b - -,d7f8 e1e8 d8e8 f4d2 e8d8 f1e1 g4d7 c3d1 d8c7 c2c3,17
8/1p6/8/p1k5/P1R5/1KP5/1P5r/8 b - -,,0
4K3/8/8/8/8/4Q3/2k5/8 b - -,c5b6 c4e4 h2h3 b3c4 b6a6 c4d5 h3h5 e4e5 h5h4 e5e6,Mate
2r4r/pp3ppp/5k2/3N1b2/8/8/PPPR1PPP/2K1R3 b - -,f6g5 f2f4 g5h4 d5e7 c8c5 b2b4 c5c2 d2c2 f5c2 c1c2,594
8/6k1/3R4/7P/8/8/r7/6K1 b - -,,0
b5k1/2qnbpp1/3p1n1p/1p1Np3/1P2P3/1B1QBN1P/2P2PP1/6K1 b - -,d7c5 d5f6 e7f6 b4c5 d6c5 d3b5 c7c8 f3d2 a8b7 b5c5,524
r1bqk1nr/ppp2ppp/2n1p3/b2pP3/3P4/2P2N2/P4PPP/RNBQKB1R b KQkq -,f7f6 f1d3 f6e5 d4e5 g8h6 e1h1 e8h8 d3c2 c8d7 d1e2,-37
5k1R/1p3pp1/2p5/6n1/p1P5/P4qP1/1PQ1rPBP/6K1 b - -,f8e7 g2f3 g5f3 g1g2 f3e1 g2f1 e2c2 f1e1 c2b2 h2h4,-111
8/7p/2k5/p7/P3P1P1/7P/8/5K2 b - -,h7h6 f1e2 c6c5 e2f3 c5d4 f3f4 d4c4 e4e5 c4c5 h3h4,Mate
6k1/R5pp/8/1p6/8/1P4PP/1r6/6K1 b - -,b5b4 a7b7 b2b1 g1g2 b1b3 g2f2 b3b1 h3h4 h7h6 g3g4,-5
r3k2r/pp3ppp/2n2n2/2qp4/6b1/2P2N2/PP1NBPPP/R2Q1RK1 b kq -,e8h8 h2h3 g4f3 d2f3 f8e8 e2d3 g7g6 d1b3 g8g7 a1e1,7
3q1rk1/1p1bppbp/p2p2p1/3Pn3/3NP3/1P2BP1P/P2QB1P1/2R3K1 b - -,d7c8 a2a4 e5d7 a4a5 d7f6 e2f1 f6h5 g2g4 h5f6 g1g2,139
3r2k1/3rnppp/b1nNp3/p3P3/Pp3P2/1Pp3PP/2P3BN/R2R2K1 b - -,f7f6 h2f3 f6e5 f4e5 c6e5 f3e5 d7d6 d1e1 e7f5 e5c6,-223
r3k1nr/p4ppp/b1p5/2bp4/8/6P1/PPP1NPBP/R1B2RK1 b kq -,g8f6 g2f3 e8h8 f1d1 f8e8 e2c3 f6d7 h2h3 d7e5 f3g2,-26
r1bqk2r/ppp1nppp/2n1p3/b2pP3/3P4/2PB1N2/P4PPP/RNBQK2R b KQkq -,f7f6 e5f6 g7f6 e1h1 e8h8 f1e1 f8f7 c1b2 e7g6 b1d2,-32
2bq1rk1/2p2p2/p1n2p1p/2bPp3/1r2P2B/1P3N2/P1P2PPP/1R1Q1RK1 b - -,c6e7 c2c4 e7g6 a2a3 b4b7 b3b4 c5e7 h4g3 f6f5 e4f5,-97
2rq1rk1/pp3pp1/2R1p1p1/1N1pB3/1Q1P4/4P3/PP1nBPPP/5RK1 b - -,a7a5 b4d2 c8c6 b5c3 d8b6 f1b1 f8c8 e2b5 a5a4 b5c6,618
r3r1k1/pp1n1ppp/1qp2n2/3p4/1P1P1Qb1/P1NB2N1/2P2PPP/4RRK1 b - -,g4e6 c3a4 b6d8 a4c5 d7c5 d4c5 b7b6 e1e3 a7a5 c5b6,22
rq2r1k1/pp1bbppp/4pn2/8/3N1P2/3BB2Q/PPP3PP/R4RK1 b - -,e6e5 d4f5 e5e4 d3e2 e7d8 a1d1 b8c8 d1d7 c8d7 c2c4,-116
r3r3/2p3k1/p1n3Pp/1p1p1P2/3pn2N/8/PPP2P2/R2K1Q1R b - -,e8e5 f1g1 a8f8 g1h2 h6h5 h1e1 f8e8 f2f3 e4d6 e1e5,506
5r2/1p4pk/pNbR1p2/2n1p3/2B1p1Pp/2P1P2P/P4P2/6K1 b - -,h7g6 g1f1 f8e8 a2a4 a6a5 c4d5 c6a4 b6a4 c5a4 d5e4,-78
r3r1k1/p1pb2pp/1b4p1/3pP3/3P4/2P3P1/PP5P/RNB2RK1 b - -,e8e5 b1d2 a8e8 h2h4 e5e2 d2b3 a7a5 c1f4 a5a4 b3c5,-153
3Q2k1/1r6/p3Pp1p/8/4P1P1/7P/4NK2/qn6 b - -,g8g7 e6e7 b7e7 d8e7 g7g8 e7d8 g8g7 d8d7 g7g8 d7d5,289
4Q3/q4p2/2p2Prk/1p5p/1P5P/2P5/6P1/5R1K b - -,h6h7 f1f5 g6g4 f5h5 h7g6 e8g8 g6f6 g8g4 a7f2 h1h2,Mate
4r1k1/p4ppp/5n2/8/2b5/P1Pq1PQ1/1B4PP/4R1NK b - -,e8d8 b2c1 d3c3 c1g5 c4b5 e1c1 c3d4 a3a4 b5e8 c1c4,15
r4r1k/ppq2ppp/2p1pn2/6Q1/3P4/4R1N1/PPP2PPP/4R1K1 b - -,f8d8 g5e5 a8c8 e3a3 a7a6 e5c7 c8c7 c2c3 c6c5 d4c5,-9
3r2k1/p5pp/8/5p2/8/1P1p1P2/P4P1P/3R1K2 b - -,,0
6k1/R5pp/8/1p6/8/1r4PP/5K2/8 b - -,h7h6 a7b7 b3b1 h3h4 g8h7 b7b6 b5b4 g3g4 b1b3 f2g2,-3
1R6/1p2kpp1/2p5/6n1/p1P5/P4BP1/1r3PKP/8 b - -,g5f3 g2f3 b2b3 f3g2 e7f6 h2h4 b3a3 b8b7 a3c3 b7a7,-53
r1b1R3/p3R1bk/1pp3pp/2n5/1Q1N4/8/qPP2PPP/2K5 b - -,a2a5 b4a5 b6a5 e7c7 c8b7 e8e7 a8g8 d4c6 b7c6 c7c6,306
2k2r1r/pbpn1pRp/1p2p2p/4P3/1BNPp3/8/PPP2P1P/2K3R1 b - -,c8d8 b4f8 h8f8 g7h7 b6b5 c4e3 d8e7 c2c3 c7c5 g1g7,355
r3kbnr/pp1npp1p/2p5/6p1/4N3/3P1P2/PqPB1PNP/R2Q1K1R b kq -,g8f6 a1b1 b2a2 b1b7 f8g7 h2h4 f6e4 f3e4 d7c5 b7b1,35
8/7p/3k4/p7/P3P1P1/7P/5K2/8 b - -,g8f6 a1b1 b2a2 b1b7 f8g7 h2h4 f6e4 f3e4 d7c5 b7b1,Mate
r3r3/2p3k1/p1n3Pp/1p1p1pP1/3pn2N/8/PPP2P2/R2K1Q1R b - -,h6g5 h4f5 g7g6 f2f3 e4f6 f5h6 g6g7 f1h3 a8d8 f3f4,534
8/4k3/4Pp2/3B2pp/8/3K4/8/8 b - -,f6f5 d3e3 h5h4 e3f3 e7d6 d5c4 h4h3 f3g3 g5g4 c4d5,Mate
1r3r2/2N2pkp/3pN1pb/p7/R1B1P3/1PP3P1/5n2/6K1 b - -,f7e6 c7e6 g7h8 e6f8 b8f8 c4e2 h6e3 g1g2 h7h5 a4c4,-444
r1bq1rk1/pp1pppbp/2n2np1/2p5/2B1P3/P1NPBQ2/1PP2PPP/R3K1NR b KQ -,b7b5 c4a2 b5b4 a3b4 c5b4 c3a4 d7d5 e4d5 c6e5 f3g3,-118
rnb1kb1r/p3pppp/2p5/q7/PppPN3/5NP1/1P1QPP1P/R3KB1R b KQkq -,c8f5 d2e3 e7e6 f1g2 f5e4 e3e4 b4b3 e1f1 c4c3 f3e5,-8
8/5n1P/N7/3Pk3/P1P3K1/8/8/8 b - -,f7h8 a6c5 h8f7 a4a5 e5d4 g4f5 d4c5 f5f6 f7d6 h7h8q,909
r3rnk1/pp3ppp/1qp2n2/3p4/1P1P1Qb1/P1NB2NP/2P2PP1/4RRK1 b - -,g4e6 c3a4 b6d8 c2c3 b7b6 a4b2 e6d7 d3b1 f8e6 f4h4,20
6k1/1R4pp/8/8/1p6/1r4PP/5K2/8 b - -,,0
2kr4/1pq2pb1/2p1p1nn/p2pP1N1/P2P2Pr/2PN1Q1P/1P6/R1B2RK1 b - -,h6g4 f3f7 c7f7 f1f7 g7e5 d4e5 g4e5 d3e5 g6e5 f7g7,274
r2qr1k1/pp3pp1/1bppbB1p/4p3/4P3/1BNP2QP/PPP2PP1/R3R1K1 b - -,g7g6 f6d8 b6d8 g1h1 e6b3 c2b3 e8e6 b3b4 e6f6 c3d1,700
8/1p1K4/p1pR4/P1r1p1k1/5bB1/8/8/8 b - -,g5g4 d6g6 g4f3 g6g1 c5b5 g1f1 f3e2 f1a1 e5e4 a1a4,-893
r1r3k1/1p3ppp/p3b3/3p4/3N4/3KP3/PPR2PPP/7R b - -,c8c4 h1c1 a8c8 c2c3 c8c7 d4e6 c4c3 c1c3 c7c3 b2c3,168
r3r1k1/pp3ppp/1qp1nn2/3p4/1P1P2b1/P1NB2NP/2PQ1PP1/4RRK1 b - -,g7g6 h3g4 f6g4 c3e2 b6d8 f2f3 g4f6 c2c3 a7a5 e2f4,486
8/5n1P/N7/P2P4/2Pk2K1/8/8/8 b - -,d4c3 g4f5 c3c2 f5f6 f7d6 h7h8q d6e4 f6e5 c2d3 e5e6,1299
8/p4k1p/8/3r1pp1/8/1P1pKP2/P4P1P/3R4 b - -,d5c5 e3d3 c5c6 d3e2 a7a5 a2a3 c6c3 d1d3 c3c2 e2f1,7
3r2k1/p1p3pp/bpN2B2/3P1PQ1/4Pn1r/P4P2/q5BP/2R3K1 b - -,d8d7 g1h1 a2d2 c1g1 h4h5 f6c3 h5g5 c3d2 g5g2 d2f4,44
8/6k1/r7/2p4R/2P2P1p/1PnN1K1P/8/8 b - -,g7g6 d3c5 a6a1 h5h4 c3b1 h4g4 g6f7 g4g2 b1c3 g2g5,528
rn1qkb1r/pp3ppp/2p2n2/2Pp1p2/3P4/4P3/PP3PPP/RNBQKB1R b KQkq -,f6e4 f1d3 b7b6 e1h1 b6c5 f2f3 e4f6 d3f5 g7g6 f5h3,22
r4r2/p2nqk2/1pb5/3pPp1Q/2pP1P2/2N2N2/PP2B3/2K4R b - -,f6e4 f1d3 b7b6 e1h1 b6c5 f2f3 e4f6 d3f5 g7g6 f5h3,Mate
2r4r/pp3ppp/8/3N1bk1/5P2/8/PPPR2PP/2K1R3 b - -,g5h5 d5e7 c8c5 b2b4 c5c2 d2c2 f5c2 c1c2 h8d8 e1e5,601
r1bqkb1r/4pppp/p1np1n2/1p2P3/8/2N1QN2/PPP1BPPP/R1B2RK1 b kq -,d6e5 f3e5 c6e5 e3e5 d8d6 e5d6 e7d6 f1d1 f8e7 e2f3,123
r4rk1/pp3ppp/2n2n2/2qp4/6b1/1NP2N2/PP2BPPP/R2Q1RK1 b - -,c5b6 f3d4 g4d7 d1c2 a8c8 f1d1 c6e5 a2a4 f8e8 a4a5,1
r1bqkb1r/1pppnp1p/p1n1p1p1/8/B3P3/3P1N2/PPP2PPP/RNBQ1RK1 b kq -,b7b5 a4b3 c6a5 c2c3 a5b3 d1b3 d7d6 a2a4 c8d7 c3c4,-4
8/q4p2/2p2Prk/1p2QR1p/1P5P/2P5/6P1/7K b - -,a7a1 h1h2 a1d1 f5g5 d1g4 g5g4 g6g4 h2h3 h6g6 e5c5,Mate
8/7p/8/p3k3/P3P1P1/4K2P/8/8 b - -,a7a1 h1h2 a1d1 f5g5 d1g4 g5g4 g6g4 h2h3 h6g6 e5c5,Mate
rnbk3r/pp2ppbp/5np1/2p1N3/2P5/2N3P1/PP2PP1P/R1B1KB1R b KQ -,c8e6 f1g2 d8c8 e5d3 e6c4 d3c5 b8c6 c1d2 f6d7 c5a4,82
8/p4k1p/8/3r1pp1/8/1P1p1P2/P2K1P1P/2R5 b - -,a7a5 c1c6 d5d4 c6c4 d4d5 a2a3 f7g6 b3b4 a5b4 a3b4,2
8/4r3/2pn2kp/p2p2p1/P2P1pP1/1PRK1P2/6NP/8 b - -,e7c7 g2e1 d6b7 c3c2 g6f6 d3c3 c6c5 d4c5 b7c5 b3b4,5
rn2kb1r/p3pppp/2p5/q4b2/PppPNQ2/5NP1/1P2PP1P/R3KB1R b KQkq -,e7e6 e4d2 c4c3 b2c3 b4c3 d2c4 a5b4 e2e4 c3c2 f3d2,-17
rn1q1rk1/5ppp/bpp1pn2/8/NbPP4/6P1/P2NPPBP/1RBQR1K1 b - -,b4d2 c1d2 b8d7 d1c2 h7h5 d2g5 a8c8 e2e4 e6e5 d4e5,246
r1b1R3/p3R1bk/1pp3pp/2n5/1Q1N4/8/1PPK1PPP/q7 b - -,a1a2 b4c3 c5e4 e7e4 c8f5 e4e7 a8e8 e7g7 h7g7 d4f5,406
8/1p6/1k6/p7/P1R5/K1P5/1P5r/8 b - -,,0
2k2r1r/pb1n1pRp/1p1Np2p/2p1P3/1B1Pp3/8/PPP2P1P/2K3R1 b - -,c8c7 d4c5 f8a8 c5b6 c7b6 g7f7 b7c6 b4c3 a8g8 c3d4,427
r1bqkb1r/4pppp/p1n2n2/1p2N3/8/2N1Q3/PPP1BPPP/R1B2RK1 b kq -,c6e5 e3e5 d8d6 e5d6 e7d6 f1d1 f8e7 e2f3 a8a7 c1f4,127
r1b1kbnr/pp2pppp/1qn5/2pp4/3P1B2/2N1P3/PPP1BPPP/R2QK1NR b KQkq -,b6d8 c3b5 e7e5 d4e5 c8e6 g1f3 a7a6 b5d6 f8d6 e5d6,131
r4r2/1p1qppkp/2bP2p1/p7/4P1P1/2N5/PPQ2PP1/3R1RK1 b - -,e7d6 f2f3 b7b5 c3e2 b5b4 e2f4 a8c8 c2d2 f8d8 d2d4,186
r2qkb1r/pp2n3/2np1p1P/2pNpb2/2P5/3P2P1/PP1BPPB1/R2QK2R b KQkq -,e7g8 e2e4 f5g6 h6h7 g8e7 d5f6 e8f7 d2g5 d8a5 e1f1,102
rnbqkbnr/pp2pppp/8/2pp4/2P2P2/3P4/PP2P1PP/RNBQKBNR b KQkq -,d5c4 e2e4 b8c6 b1c3 g7g6 g1f3 f8g7 h2h3 g8f6 e4e5,-58
3QQ3/1r5k/p4p1p/8/4P1P1/7P/3nNK2/q7 b - -,a1f1 f2e3 d2c4 e3d4 f1f2 d4d5 b7b5 e8b5 a6b5 d8d7,Mate
8/2r5/2pn2kp/p2p2p1/P2P1pP1/1PRK1P2/7P/4N3 b - -,,0
r1b5/bp3k2/p1n1p2p/7P/5r1p/1NP2N2/PP1RBP2/3R2K1 b - -,e6e5 g1h1 c8f5 f3h2 f7e7 f2f3 e5e4 d2d5 a8g8 b3c5,-242
2k4r/1pq2pb1/2p1p1nn/p2pP1N1/P2P2Pr/2PNBQ1P/1P6/R4RK1 b - -,c7d8 f3g3 d8g8 d3f4 g6e5 g3h4 h6g4 h4g3 g4e3 g3e3,214
r1bqkb1r/4pppp/p4n2/1p2Q3/8/2N5/PPP1BPPP/R1B2RK1 b kq -,d8d6 e5d6 e7d6 f1d1 f8e7 e2f3 a8a7 c1f4 e8h8 f4d6,128
r3k1nr/p4ppp/2p5/2bp4/8/6P1/PPP1bPBP/R1B1R1K1 b kq -,e8d7 g2h3 d7d8 e1e2 g8f6 c1f4 h8e8 a1e1 e8e2 e1e2,56
8/6pp/p3pR2/2B4k/8/P5N1/KPP2PP1/3q4 b - -,h5h4 f6f4 h4g5 f4c4 g5g6 b2b3 d1g1 g3e2 g1h1 c5e3,546
r2r2k1/pp3ppp/2nbb3/7n/P3P2P/3NBP2/1P2NKP1/R4B1R b - -,d6c7 d3c5 c6e5 e2d4 e5c4 c5e6 c7g3 f2g1 c4e3 e6d8,128
r3r1k1/pp1nbppp/2p1pn2/4N2q/1PPP1B2/P1NQ4/5PPP/3RR1K1 b - -,e8d8 h2h3 a7a5 b4a5 d7e5 f4e5 d8d7 c3a4 a8a5 d3b3,34
r5k1/pp2prpp/2pbNpn1/7P/3P4/2PNQ3/PPKB2q1/R7 b - -,g6f8 e6c5 d6c5 d3c5 g2d5 h5h6 b7b6 c5e4 f6f5 e4g5,-407
3r2k1/p5pp/2b5/1p6/8/1P4PP/1P1N1K2/3R4 b - -,d8d3 g3g4 h7h6 f2e2 d3h3 d1c1 c6d7 g4g5 h6h5 g5g6,-286
1k1r3r/pp1b1ppp/2nqpn2/2pp2N1/3P1P2/2PBP3/PP1N2PP/R2Q1RK1 b - -,d7e8 g5f3 f6d7 f3e5 f7f5 e5d7 d8d7 d3b5 d7c7 b5c6,23
8/4k3/4P3/3BK1pp/5p2/8/8/8 b - -,h5h4 e5e4 e7f6 d5c4 h4h3 e4f3 f6e7 c4b3 g5g4 f3f4,Mate
R7/1p3pp1/2pk4/8/B1P1n3/P4KP1/1r3P1P/8 b - -,e4d2 f3g2 d2c4 a8d8 d6c5 a4d1 b2a2 d8e8 b7b5 h2h4,-144
8/8/1p4N1/p2p3p/PP1K1k2/2r5/8/8 b - -,f4g5 g6e5 c3b3 e5f7 g5f4 b4b5 h5h4 f7d8 h4h3 d8e6,-810
8/8/7p/p3k3/P3P1PP/4K3/8/8 b - -,f4g4 d4c3 a5b4 c3b4 g4g5 g6e5 g5f5 e5f3 f5e4 f3h4,Mate
rn1qkb1r/p3pppp/2pp1n2/4P3/1p1P2b1/1BN2N2/PPP2PPP/R1BQK2R b KQkq -,d8c8 h2h3 g4h5 c3e2 f6d5 e2g3 h5f3 d1f3 d6e5 d4e5,126
r3r1k1/pp3pp1/1bppbq1p/4p3/4P3/1BNP2QP/PPP1RPP1/R5K1 b - -,e6d7 c3a4 b6a5 a1f1 e8e7 a4c3 h6h5 g1h1 a5b6 h3h4,-63
8/8/2K2b2/3R1BkP/6P1/8/8/4r3 b - -,e1e8 f5d7 e8e5 d5d6 e5e7 d7f5 e7f7 c6d5 f7f8 d5e4,84
3r1k1r/1p3p2/pqbRpb2/5p2/1P2PP1p/2N2B1Q/1PP3PP/3R3K b - -,d8d6 d1d6 b6b4 e4e5 b4f4 d6d1 c6f3 g2f3 f4e5 h3g2,-404
2rq1rk1/p4pp1/2p1p1p1/1N1pB3/3P4/4P3/PP1QBPPP/5RK1 b - -,c6c5 b5a7 c8a8 a7b5 c5d4 d2d4 f7f6 e5d6 f8f7 a2a4,626
4Q3/q4p1k/2p2Pr1/1p3R1p/1P5P/2P5/6P1/7K b - -,c6c5 b5a7 c8a8 a7b5 c5d4 d2d4 f7f6 e5d6 f8f7 a2a4,Mate
q4rk1/2p2p2/p1P2B1p/2b1p3/1r2P1b1/1P3N2/P1P2PPP/1R1Q1RK1 b - -,b4b6 d1d3 a8c6 f3e5 c6f6 e5g4 f6h4 g4e5 b6d6 d3e2,389
rn1k3r/pp2ppbp/4bnp1/2p1N3/2P5/2N3P1/PP2PPBP/R1B1K2R b KQ -,d8c8 e5d3 b8c6 d3c5 e6c4 c1f4 h8d8 a1c1 f6d5 g2h3,72
rq2r1k1/pp1bbppp/5n2/5N2/4pP2/4B2Q/PPP1B1PP/R4RK1 b - -,e7d8 a1d1 b8c8 d1d7 c8d7 c2c4 h7h5 e3d4 d7e6 c4c5,-107
5r1k/7p/3p2pb/R7/2B1P3/1PP3P1/5n2/6K1 b - -,f2e4 g1h1 h6e3 b3b4 f8f2 a5a8 h8g7 a8g8 g7h6 g8e8,-518
r1b1kbnr/pp2pppp/1qn5/3p4/3P1B2/2N5/PPP1BPPP/R2QK1NR b KQkq -,c8e6 g1f3 g8f6 c3a4 b6d8 c2c3 e6g4 a4c5 g4f3 e2f3,89
3k1b2/Nb3rpp/1p2p3/2p1n1B1/Q1P5/3q2P1/P4P1P/R4RK1 b - -,f8e7 a1d1 e5f3 g1g2 f3d2 a7c6 d8c7 g5d2 d3f3 g2g1,-469
r3r1k1/pp2bppp/2p1pn2/4R2q/1PPP1B2/P1NQ4/5PPP/3R2K1 b - -,h5g4 d3d2 h7h6 e5e1 a7a5 h2h3 g4g6 d2b2 a5b4 a3b4,8
3r4/4kpp1/p1Q1p3/8/P7/6P1/2P3B1/4R1K1 b - -,h5g4 d3d2 h7h6 e5e1 a7a5 h2h3 g4g6 d2b2 a5b4 a3b4,Mate
r1bnr3/pppq2bk/7p/3Ppp2/8/4BNPP/PP3PB1/R1QR2K1 b - -,d8f7 c1c4 e5e4 f3d4 d7e7 c4b3 g7e5 a1c1 a7a6 h3h4,87
8/8/1p4N1/p2p2kp/PP6/2K5/8/8 b - -,g5g6 b4a5 b6a5 c3d3 h5h4 d3e3 g6f5 e3d4 h4h3 d4c5,-942
3QQ3/1r5k/p4p1p/8/4P1P1/4K2P/3nN3/5q2 b - -,d2c4 e3d4 f1f2 d4d5 b7b5 e8b5 a6b5 e2d4 c4e5 d8e7,Mate
8/5n1P/N2P4/P7/2P3K1/2k5/8/8 b - -,c3d2 d6d7 d2e1 a6c5 e1e2 g4f5 e2d1 f5f6 f7d8 a5a6,9605
7k/6p1/5p1p/2Q5/1P2r1r1/P7/6PK/8 b - -,,0
r1bq1rk1/pp2ppbp/3p1np1/2p1n3/2B1P3/P1NPB1Q1/1PP1NPPP/R3K2R b KQ -,e5c4 d3c4 c8e6 e1a1 e6c4 e4e5 f6h5 g3f3 g7e5 e3c5,-137
1r1q3r/1bpnkppp/4p3/p2nP3/Pp1PN3/1Q3NP1/5PBP/R1R3K1 b - -,d5f4 g3f4 b7e4 f3d2 e4g2 g1g2 d7b6 b3f3 g7g6 d2b3,-20
r1b1r3/pppq1nbk/7p/3Ppp2/2Q5/4BNPP/PP3PB1/R2R2K1 b - -,f7d6 c4h4 d7e7 e3g5 e7f8 a1c1 h7g8 g5e3 e8e7 d1d2,75
8/4k3/4P3/4K1p1/5p1p/8/6B1/8 b - -,g5g4 e5f4 e7e6 f4g4 e6e5 g4g5 h4h3 g2h3 e5e4 h3g4,Mate
r2qr1k1/bpp2pp1/p1n1bn1p/4p3/3pP2N/1BPP2NP/PP2QPP1/R1BR2K1 b - -,e6b3 a2b3 a7c5 h4f5 g8h7 b3b4 c5f8 f2f4 g7g6 b4b5,26
1kB2Q2/1p5p/1Pq2p2/6p1/3p4/6P1/5P1P/6K1 b - -,,0
2r2rk1/pb2bq1p/1p3pp1/1P3N2/6Q1/4P3/P4PPP/Bn1R1RK1 b - -,g8h8 f5e7 f7e7 d1b1 e7e4 g4e4 b7e4 b1d1 h8g8 d1d7,114
8/4K3/4B2N/8/5k2/8/8/8 b - -,f4e3 e6f5 e3d4 e7d6 d4c3 d6c5 c3b3 h6g4 b3c3 g4e3,175
5k1r/1p3p2/pqbRpb2/5p2/1P2PP1p/2N2B1Q/1PP3PP/7K b - -,b6b4 e4e5 b4f4 d6d1 c6f3 h3f3 f4f3 g2f3 f6e5 c3e2,-426
rn1qr1k1/pp3ppp/2p2n2/3p4/3P1Qb1/P1NB4/1PP1NPPP/4RRK1 b - -,g4e2 c3e2 g7g6 c2c3 b8d7 f4c1 d8b6 g2g3 c6c5 d3c2,16
8/8/5k1p/p7/P3PKPP/8/8/8 b - -,g4e2 c3e2 g7g6 c2c3 b8d7 f4c1 d8b6 g2g3 c6c5 d3c2,Mate
6k1/p1prN1pp/bp3B2/3P1PQ1/4Pn1r/P4P2/q5BP/2R3K1 b - -,d7e7 g1h1 a2d2 c1g1 h4h5 f6c3 h5g5 c3d2 g5g2 d2f4,-464
r3r1k1/pp2bppp/2p1p3/4R2n/1PPP2q1/P2Q4/4NPPP/2BR2K1 b - -,g4g6 d3f3 h5f6 f3b3 h7h6 e2f4 g6h7 e5e1 e8d8 a3a4,14
r1b2rk1/pp1pbppp/1qn1pn2/2p1N3/3P1B2/2PBP3/PP3PPP/RNQ1K2R b KQ -,c5d4 e5c4 b6d8 e3d4 b7b5 c4e3 b5b4 e1h1 d7d5 b1d2,-50
r4rk1/p1pb2pp/1b4p1/3pP3/3P1B2/2P3P1/PP5P/RN3RK1 b - -,c7c6 f4e3 d7f5 b1d2 a7a5 f1f4 f8b8 b2b3 f5h3 f4f2,38
8/1p6/1k6/p7/PPR5/K1P4r/8/8 b - -,,0
rn1qkb1r/ppp1p1pp/5n2/3p2B1/3Pp1b1/1B3P2/PPP3PP/RN1QK1NR b KQkq -,e4f3 g1f3 b8c6 e1h1 e7e6 h2h3 g4f3 f1f3 d8d7 b3a4,-43
r1bqr1k1/pp1n1ppp/2pbpn2/8/3P4/2N1BBN1/PPP2PPP/R2Q1RK1 b - -,d6c7 f1e1 d7f8 c3e4 f6e4 g3e4 f8g6 c2c3 e6e5 e3g5,15
r1bq1rk1/1p3pp1/1np1pn1p/p7/PbpPP3/2N2NPP/1P3PB1/R1BQR1K1 b - -,c8d7 d1e2 c6c5 d4c5 b4c5 f3e5 d7c6 e1d1 d8c7 c1f4,-49
8/8/3KB2N/8/8/4k3/8/8 b - -,e3d2 d6d5 d2c3 h6g4 c3d3 d5e5 d3e2 g4h6 e2d1 e6f5,9605
8/n4r2/R2p1kpp/1p2p3/4P3/2PP4/5PPP/1R4K1 b - -,a7c8 b1b5 f6g5 c3c4 h6h5 b5b1 f7c7 h2h3 h5h4 g1f1,571
4r1k1/p4p2/3Q3p/3n4/8/P1P3PP/4PR1K/1q6 b - -,b1b6 d6b6 d5b6 h2g2 b6d5 c3c4 d5e3 g2g1 e3c4 a3a4,-393
3rr1k1/pp2bppp/2p1p3/4R2n/1PPP2q1/P2Q3P/4NPP1/2BR2K1 b - -,g4h4 g2g4 f7f5 g4h5 e7f6 e5e3 h4h5 g1g2 h5f7 d3b3,296
r2qk2r/ppp2ppp/2npbn2/2b1p3/2P5/1QN1P1PP/PP1P1PB1/R1B1K1NR b KQkq -,c6b4 c3d5 a7a5 d5f6 d8f6 a2a3 a5a4 a3b4 a4b3 a1a8,-28
3r2k1/n2rnppp/b2Np3/p3P3/Pp3P2/1Pp2BPP/2P4N/R2R2K1 b - -,a7c6 g1f2 f7f6 f3g4 e7f5 h2f3 f6e5 f4e5 g7g6 g4f5,-26
8/6pp/p3pRk1/2B5/4N3/P7/KPP2PP1/3q4 b - -,g7f6 e4c3 d1c2 a3a4 h7h5 g2g3 g6f5 c5e3 f5g4 a4a5,-565
8/8/4B2N/3K4/8/8/3k4/8 b - -,d2c3 d5e4 c3b2 e4d4 b2c2 h6g4 c2b2 g4e3 b2c1 e3c4,20000
5k1r/1p3p2/p1bRpb2/4Pp2/1q3P1p/2N2B1Q/1PP3PP/7K b - -,b4f4 d6d1 c6f3 h3f3 f4f3 g2f3 f6e5 d1d7 h4h3 c3e2,-424
6k1/4q1p1/7p/p1p2p2/P1Pp1P2/1PP5/3Q1KPP/8 b - -,d4c3 d2c3 e7h4 c3g3 h4g3 f2g3 g8f7 g3f2 f7e7 f2e2,23
rn1q1rk1/5ppp/bpp1pn2/8/N1PP4/6P1/P2BPPBP/1R1QR1K1 b - -,f6d7 c4c5 b6c5 d4c5 a8a7 d1c2 d8f6 a4b6 f6g6 c2b2,258
2rq1rk1/p4pp1/4p1p1/1B1pB3/3P4/4P3/PP1Q1PPP/5RK1 b - -,g6g5 b2b4 d8b6 a2a4 g7g6 f1b1 f7f6 e5g3 g8g7 b5f1,447
5r1r/pbk2pRp/1P1Np2p/4n3/1B2p3/8/PPP2P1P/2K3R1 b - -,a7b6 d6b7 c7b7 b4f8 h8f8 g1e1 b7c6 e1e4 c6d5 e4e3,424
8/8/4k2p/p5P1/P3PK1P/8/8/8 b - -,a7b6 d6b7 c7b7 b4f8 h8f8 g1e1 b7c6 e1e4 c6d5 e4e3,Mate
r4r1k/pp3ppp/1qp1pn2/6Q1/3P4/1R4N1/PPP2PPP/4R1K1 b - -,b6d8 b3b7 d8d4 g5e3 d4a4 e3b3 a4a5 e1d1 h7h6 g3f1,21
r1b2rk1/p1ppqppp/2n5/1Bn1P3/8/5N2/PBQ2PPP/R3R1K1 b - -,c5e6 b5d3 h7h6 c2d2 a8b8 a2a3 c8b7 a1d1 c6a5 e1e3,16
r3k2r/pppb2pp/2n1pq2/1B1p4/3P4/2P2N2/PP3PPP/R2Q1RK1 b kq -,a7a6 b5c6 d7c6 f1e1 e8h8 e1e3 f8f7 d1e1 a8f8 e3e6,155
r1b2rk1/ppq2ppp/8/3pP3/1bN5/4P3/PPQnBPPP/R3K2R b KQ -,d2c4 e1d1 c8f5 c2b3 b4a5 e2f3 c7e5 d1e2 d5d4 a1d1,-880
r1bnr3/pppq2bk/6pp/2BPpp2/4P3/5NPP/PPQ2PB1/R2R2K1 b - -,d7f7 c5e3 c7c6 d5d6 c8d7 e4f5 g6f5 f3h4 h7g8 e3d2,89
8/1B6/8/8/6k1/8/4NK2/8 b - -,g4g5 b7c8 g5f6 f2e3 f6g6 c8b7 g6f6 e3e4 f6g7 b7d5,190
6k1/p1p1B1pp/bp6/3P1PQ1/4Pn1r/P4P2/q5BP/2R3K1 b - -,a2d2 c1b1 h7h6 g5g6 d2e3 g1h1 f4g6 f5g6 h4h5 h2h4,-726
r3r1k1/b1p2pp1/p1nqB2p/1p2p3/1P2P3/2P2N1P/P2BQPP1/R3R1K1 b - -,c6b4 e6f7 g8f7 c3b4 f7g8 a1d1 d6e6 a2a3 e8f8 d2e3,455
r1b1R3/p3R1bk/1pp3pp/2n5/1Q6/5N2/1PPK1PPP/5q2 b - -,c5e4 b4e4 f1f2 d2c1 f2f1 e4e1 f1e1 f3e1 c6c5 e7f7,498
8/8/3p4/3P4/5k2/8/2K5/8 b - -,,0
r1bqr1k1/pp1n1ppp/2pb1n2/8/3B4/2N2BN1/PPP2PPP/R2QR1K1 b - -,d6e7 a2a4 a7a5 d1d3 d7f8 c3e4 f8e6 e4f6 e7f6 d4f6,42
8/5N2/8/3K1B2/8/1k6/8/8 b - -,b3b4 f7h6 b4a3 f5e4 a3b4 d5d4 b4b3 e4f5 b3b2 d4c4,9605
r1bqk2r/ppp1nppp/2nb4/3p4/3P4/1QPB1N2/PP3PPP/RNB1K2R b KQkq -,b7b6 e1h1 h7h6 f1e1 e8h8 b1d2 c8f5 d3f5 e7f5 d2f1,4
2r2rk1/pb2q2p/1p3pp1/1P6/6Q1/4P3/P4PPP/B2R1RK1 b - -,e7e4 h2h3 c8c5 d1d7 c5b5 g4e4 b7e4 f2f3 e4d5 d7a7,124
3QQ3/1r5k/p4p1p/3K4/2n1P1P1/7P/4Nq2/8 b - -,b7b5 e8b5 a6b5 d8d7 h7g6 d7b5 c4e5 b5b8 g6g7 b8b7,Mate
8/8/4k3/p5P1/P3PK2/8/8/8 b - -,b7b5 e8b5 a6b5 d8d7 h7g6 d7b5 c4e5 b5b8 g6g7 b8b7,Mate
8/8/7p/5p2/P4Pk1/6P1/4Q3/qb4K1 b - -,g4g3 e2h2 g3g4 h2g2 g4f4 g2d2 f4g4 d2d1 g4g5 a4a5,-600
8/8/3N4/3K1B2/8/8/k7/8 b - -,a2b3 d5d4 b3a3 f5e6 a3b2 d6f5 b2c2 e6d5 c2b1 d4d3,9605
4k3/5pR1/p3p3/1p6/3Bb2b/P7/1PP4r/R2K4 b - -,e4c2 d1c1 c2g6 g7g6 f7g6 a1a2 g6g5 d4e5 h2e2 e5f6,-429
r4rk1/p1pb2pp/1b6/3pP1B1/3P4/2P3P1/PP5P/RN3RK1 b - -,f8f1 g1f1 c7c5 g5e3 c5d4 e3d4 a8f8 f1e1 f8f5 b1d2,177
r1b1r3/pppq1nbk/6pp/2BPpp2/4P3/5NPP/PPQ2PB1/2RR2K1 b - -,f7d6 f3d2 d7d8 e4f5 c8f5 d2e4 d8d7 g3g4 f5e4 g2e4,103
8/1nr5/2p3kp/p2p2p1/P2P1pP1/1PR2P2/3K3P/4N3 b - -,,0
r4r1k/pR3ppp/2p1pn2/6Q1/3q4/6N1/PPP2PPP/4R1K1 b - -,d4d5 g5d5 c6d5 b2b3 h8g8 e1c1 f8c8 c2c4 d5c4 c1c4,-3
5r1k/7p/3p2pb/3R4/2B1n3/1PP3P1/8/6K1 b - -,h6e3 g1h2 f8f2 h2h3 f2f3 d5d1 f3g3 h3h2 e3f4 d1f1,-623
3q1nr1/p3b2k/r3p1pP/3pPp2/1BpP1P2/5N1R/1PP1Q2P/6RK b - -,h7h8 b4e7 d8e7 h3g3 e7b7 c2c3 a6b6 g3g2 b7h7 f3g5,276
r1b2rk1/ppq2ppp/8/3pP3/1bn5/4P3/PPQ1BPPP/R4K1R b - -,c4e3 f2e3 c7c2 e2f3 c2b2 a1d1 c8e6 h2h4 b2e5 a2a3,-1173
4k3/5pR1/p3p3/1p6/3B3b/P7/1Pb4r/R1K5 b - -,c2g6 g7g8 e8d7 b2b4 h4g5 c1d1 h2d2 d1e1 d2d4 g8a8,-480
8/1p6/1k6/8/PR6/K1P4r/8/8 b - -,,0
8/5k2/8/p3P1P1/P4K2/8/8/8 b - -,b6a5 a3b3 h3h1 b4b5 a5a6 b3b4 h1b1 b4a3 b1b5 a4b5,Mate
rnb2rk1/3ppp1p/6p1/2pP4/8/2P1PN2/P3KPPP/R1B4R b - -,a8a4 e3e4 c8a6 e2d1 d7d6 h1e1 b8d7 d1c2 f8a8 a2a3,-131
rq1br1k1/pp1b1ppp/5n2/5N2/4pP2/4B2Q/PPP1B1PP/3R1RK1 b - -,b8c8 d1d7 c8d7 c2c4 d8e7 g2g4 e8d8 g4g5 f6e8 f5e7,-125
8/5pkp/4p1p1/P2pP3/5P2/3Q3P/5bPK/1R2q3 b - -,,0
r1bqkb1r/3npppp/8/1B2Q3/8/4B3/PPP2PPP/R2R2K1 b kq -,a8a5 d1d7 c8d7 b5d7 d8d7 e5a5 f7f5 a2a4 e8f7 a5c3,475
8/8/8/1N1K1B2/8/8/8/k7 b - -,a1b2 d5c4 b2a1 b5d4 a1a2 f5e4 a2b2 d4f5 b2a3 c4c3,9605
r3rnk1/pp3ppp/1qp2n2/3p4/NP1P1Qb1/P2B2N1/2P2PPP/4RRK1 b - -,f8e6 e1e6 g4e6 a4b6 a7b6 f4c7 f6e4 d3e4 d5e4 g3e4,669
4k1R1/5p2/p3p1b1/1p6/3B3b/P7/1P5r/R1K5 b - -,e8d7 b2b4 h4g5 c1d1 h2d2 d1e1 d2d4 g8a8 d7e7 a8a6,-477
r1b1r3/pppq2bk/3n2pp/2BPpp2/4P3/6PP/PPQN1PB1/2RR2K1 b - -,e8e7 d2c4 e7f7 e4f5 g6f5 c2b3 d7d8 c5a3 e5e4 f2f3,88
5rk1/1r3p2/p6p/B1b5/4q1b1/1P3N2/P1P2PPP/1R1Q1RK1 b - -,b7d7 d1e1 g4f3 g2f3 e4f3 e1c3 f3b7 f1d1 g8h7 d1d3,-34
r1bqr1k1/pp1n1ppp/2p2n2/4B3/8/2N2BN1/PPP2PPP/R2QR1K1 b - -,h7h5 e5f6 d7f6 d1d8 e8d8 g3h5 f6h5 f3h5 c8f5 h5f3,495
r1bqk2r/p1p1nppp/2pp4/2b1p3/4P3/3P1N1P/PPP2PP1/RNBQ1RK1 b kq -,e8h8 c2c4 e7g6 c1e3 a8b8 b2b3 c5b6 d3d4 e5d4 f3d4,-42
8/8/4P1k1/p5P1/P4K2/8/8/8 b - -,f7f5 c2c4 e8h8 c1e3 e7g6 e3c5 d6c5 b1c3 g6f4 f1e1,Mate
8/8/8/3K4/8/3R4/1k6/8 b - -,f7f5 c2c4 e8h8 c1e3 e7g6 e3c5 d6c5 b1c3 g6f4 f1e1,Mate
2Nr2k1/n2r1ppp/b3p3/p3P3/Pp3P2/1Pp2BPP/2P4N/R2R2K1 b - -,a6e2 d1d7 d8d7 c8a7 e2f3 h2f3 d7a7 a1d1 g8f8 g3g4,506
rnbqkb1r/ppp1pppp/8/3np3/2BP4/2P5/PP3PPP/RNBQK1NR b KQkq -,e5d4 c3d4 b8c6 g1f3 c8g4 b1c3 e7e6 e1h1 g4f3 d1f3,-94
r1qbr1k1/pp1R1ppp/5n2/5N2/4pP2/4B2Q/PPP1B1PP/5RK1 b - -,c8d7 c2c4 d8e7 g2g4 e8d8 g4g5 f6e8 f5e7 d7e7 c4c5,-137
1r3r1k/1p3pbp/p2p2p1/2p2PB1/P1PnN1Pq/3P1R1P/1P6/R2Q2K1 b - -,h4g5 e4g5 g6f5 f3f5 d4f5 g4f5 g7f6 g5e4 f6b2 a1b1,464
5rk1/pb5p/1p3pp1/1Pr5/3Rq1Q1/4P2P/P4PP1/B4RK1 b - -,e4g4 h3g4 c5b5 f1d1 b7c8 d4d6 f6f5 g4g5 b5c5 a1d4,77
8/5pkp/4p1p1/q2pP3/5P2/3Q3P/5bPK/5R2 b - -,,0
8/8/r5k1/2N4R/2P2P1p/1Pn2K1P/8/8 b - -,a6a1 h5h4 g6f7 h4h5 c3b1 h5f5 f7g8 f5d5 b1a3 f3e4,529
4r1k1/pp1b2p1/7p/3Pp3/2R3P1/4P2P/PP2B3/5K2 b - -,e8b8 c4c7 d7e8 f1f2 a7a6 c7e7 g8f8 e7e5 b8c8 e2d3,367
2k4r/1p2qpb1/2p1p1nn/p2pP1N1/P2P2Pr/2PNBQ1P/1P3R2/R5K1 b - -,e7e8 f3g2 c6c5 a1e1 c5d4 c3d4 e8a4 g5f3 h6g4 h3g4,235
3Q4/7k/p4p1p/1Q1K4/2n1P1P1/7P/4Nq2/8 b - -,a6b5 d8d7 h7g6 d7b5 c4e5 b5b8 g6g7 b8b7 g7g6 b7c8,Mate
r1b1kbnr/pp2pppp/1qn5/3NB3/8/8/PPP1BPPP/R2QK1NR b KQkq -,b6d8 d5c7 d8c7 e5c7 g8f6 g1f3 c8g4 e2b5 e7e5 h2h3,638
r1b1R3/p5bk/1pp3pp/2n5/1Q6/5N2/1PPKRqPP/8 b - -,a7a5 b4f4 c5e4 f4e4 f2c5 e4f4 c8b7 f4f7 a8e8 e2e8,382
r2qrnk1/pp3ppp/2p2n2/2Np4/1P1P1Qb1/P2B2N1/2P2PPP/4RRK1 b - -,g4c8 c5b3 f8g6 e1e8 f6e8 f4c1 e8d6 f2f4 f7f5 c2c4,18
r1bq1rk1/pp2ppbp/3p2p1/2p1n2n/2B1P2Q/P1NPB3/1PP1NPPP/R3K2R b KQ -,e5c4 d3c4 c8e6 e1a1 e6c4 e3c5 d8c7 c5d4 h5f6 h1e1,-75
r1b1k2r/2qp1pbp/p3p3/8/3N1P2/2P1Q3/P1P3PP/2KR1B1R b kq -,c8b7 d4f5 g7f8 h1g1 f8c5 f5d4 h7h5 g2g3 h5h4 f1g2,-116
8/p4p2/8/1P3kp1/Pr5p/R4K2/5PP1/8 b - -,b4e4 a3e3 g5g4 f3e2 e4a4 e3c3 f5g5 c3c8 f7f5 c8c7,-158
r1br2k1/pp3pb1/n1p2npp/4N3/2P1P3/2N1B2P/PP2BPP1/R3K2R b KQ -,f6e8 f2f4 g6g5 g2g3 a6b4 a1d1 b4c2 e1f2 d8d1 e2d1,102
2b1k3/N5pp/p3pp2/3p4/PP1NnP2/4P3/6PP/6K1 b - -,,0
5rk1/pb5p/1p3pp1/1Pr5/3R2P1/4P3/P4PP1/B4RK1 b - -,c5b5 f1d1 b7c8 d4d6 c8g4 f2f3 g4c8 a1d4 f8f7 d1c1,70
5k1r/1p3p2/p1bRpP2/5p2/5q1p/2N2B1Q/1PP3PP/7K b - -,f4d6 h1g1 d6d4 g1f1 d4f6 f3c6 b7c6 h3e3 h8h6 e3b6,-460
8/5pkp/4p1p1/3pP3/5P2/5Q1P/q4bPK/5R2 b - -,,0
r1b2rk1/1p2qpp1/1np1pn1p/p7/PbpPP3/2N2NPP/1PQ2PB1/R1B1R1K1 b - -,c6c5 e4e5 f6d5 e1e4 c8d7 c1d2 c5d4 f3d4 b4c5 e4g4,-59
8/n4r2/R2pk1pp/1p2p3/4P3/2PP4/5PPP/R5K1 b - -,a7c6 a6c6 f7b7 a1a6 b7d7 c6b6 e6e7 b6b5 d7c7 b5b6,706
2r3k1/5pp1/q6p/3Q4/1R6/8/PPP2PPP/6K1 b - -,a6e2 h2h3 e2e1 g1h2 e1b4 d5f5 c8e8 b2b3 b4b8 f2f4,-503
r1bqr1k1/pp1n1ppp/2pb1n2/4p3/3P4/2N1BBN1/PPP2PPP/R2QR1K1 b - -,d8c7 h2h3 e5d4 e3d4 e8e1 d1e1 d6e5 e1e3 e5d4 e3d4,27
6k1/2qnbpp1/3p3p/1p1Qp3/1P2P3/4BN1P/2P2PP1/6K1 b - -,d7b6 d5b5 b6c4 e3c1 c4b6 c1d2 b6c4 d2e1 c4b6 g1f1,182
r2qr1k1/1pp2pp1/p2p1n1p/3P1n2/2P5/P2QB2P/BP3PP1/R3K2R b KQ -,f5e3 f2e3 d8e7 e1h1 e7e3 d3e3 e8e3 a1e1 e3e1 f1e1,-209
6k1/p5pp/8/1p1b4/1P1r3P/4K1P1/1P1N4/3R4 b - -,d4d2 d1d2 d5e6 d2d6 g8f7 d6a6 f7f6 a6a7 e6c4 a7b7,533
r1b1k2r/2qp1pbp/p3p3/8/3N1P2/1Pp1Q3/P1P3PP/2KR1B1R b kq -,c7c5 c1b1 c8b7 f1e2 a8c8 e2f3 b7f3 g2f3 c5a3 e3c1,-107
rn1qkb1r/p1pppppp/bp6/4P3/2PPn3/4B3/PP3PPP/RN1QKBNR b KQkq -,h7h6 d1c2 a6b7 f1d3 d7d5 f2f3 e4g5 c4d5 d8d5 b1c3,287
8/1nr5/6kp/p1pp2p1/P2P1pP1/1PRN1P2/3K3P/8 b - -,h6h5 h2h3 g6f6 d4c5 h5g4 h3g4 f6e7 c3c1 c7c8 c1e1,209
r3r1k1/b1p2pp1/p1n1q2p/1p2p3/PP2P3/2P2N1P/3BQPP1/R3R1K1 b - -,e8d8 a4b5 a6b5 e2b5 a8b8 b5e2 a7b6 a1a6 d8d6 e1a1,125
8/p4p2/8/1P3k2/P7/5K2/1r3P1p/R7 b - -,,0
r1b2rk1/4b1pp/p2p4/1p1P1P2/8/N1P5/P3BPPP/R3K2R b KQ -,c8f5 e1h1 e7f6 a1c1 a8e8 e2f3 f5d3 f1d1 f6g5 c1a1,-191
rn1q1rk1/5ppp/b1p1pn2/1P6/N2P4/6P1/P2BPPBP/1R1QR1K1 b - -,a6b7 a4c5 b7c8 d2g5 a8a2 b5c6 b8a6 c5b7 d8e7 d1b3,503
2br2k1/n2R1ppp/4p3/p3P3/Pp3P2/1Pp2BPP/2P4N/R5K1 b - -,g8f8 d7d8 f8e7 a1d1 h7h5 g1h1 f7f6 d8g8 e7f7 g8h8,832
r2q1rk1/p1pbbpp1/1pn1pn1p/2Pp4/1P1P4/P1NBPN2/5PPP/R1BQ1RK1 b - -,d7c8 b4b5 c6a5 c5c6 a7a6 a3a4 e7b4 c1d2 a5c4 d3c4,126
4rr2/pp4k1/2b1pqp1/3pR3/3n1P2/P1NB2P1/1P4QP/R5K1 b - -,d4f3 g2f3 f6e5 f3f2 e5f6 f2a7 e6e5 c3e2 e5f4 e2f4,-303
r2q1rk1/p6p/4pp2/2pp1bp1/3P4/Q2NPPP1/PP4P1/R3K2R b KQ -,c5d4 g3g4 f5g6 e3d4 d8c7 d3c5 c7g3 e1f1 f8e8 a3e3,-28
3rk3/1pN3R1/p2p4/4pP2/8/1P6/PP2KP2/r7 b - -,e8f8 c7e6 f8e8 f5f6 d8d7 g7d7 e8d7 f6f7 a1a2 f7f8q,432
7k/7p/3p2p1/3R4/2B1n3/1PP1b1PK/5r2/8 b - -,h7h5 d5b5 h8g7 c4d3 e4g5 b5g5 e3g5 d3e4 g5f6 e4g2,-668
r5k1/p1pb2pp/1b6/3pP1B1/3P4/2P3P1/PP5P/RN3K2 b - -,h7h6 g5e3 c7c6 b1a3 a7a5 f1e2 b6d8 a3c2 a5a4 b2b4,192
r1bqk2r/1p2npbp/p2p2p1/2pPn3/2P1PB2/2NB3P/PP1QN1P1/R3K2R b KQkq -,e8h8 a2a4 f7f5 e1h1 c8d7 a1e1 d8b6 e2g3 a8e8 e4f5,8
rnbqkb1r/1p3pp1/p3pn1p/2p1N3/2B5/2N5/PPPP1PPP/R1BQK2R b KQkq -,d8c7 f2f4 b8d7 d1e2 d7e5 f4e5 f6d7 d2d3 c7e5 c1e3,-216
r2qk2r/ppp2ppp/2npbn2/2b1p3/2P5/2N1P1PP/PP1PQPB1/R1B1K1NR b KQkq -,h7h6 b2b3 d6d5 c4d5 f6d5 g1f3 d5b4 e1h1 d8d3 e2d1,-35
r2qrnk1/p4ppp/1pp2n2/3p4/1P1P1Qb1/PN1B2N1/2P2PPP/4RRK1 b - -,,0
5rk1/pb5p/1p3pp1/1Pr5/P3q1Q1/4P2P/5PP1/B2R1RK1 b - -,c5g5 g4e4 b7e4 f2f3 e4c2 d1d4 g5c5 a1b2 f8c8 f1a1,155
r1b2rk1/pp1p1ppp/1qnbpn2/2p5/2NP1B2/2PBP3/PP3PPP/RNQ1K2R b KQ -,b6b5 a2a4 b5c4 d3c4 d6f4 e3f4 c6a5 c4a2 b7b6 e1h1,542
8/8/7p/5p2/P4P2/6Pk/7Q/qb4K1 b - -,h3g4 h2e2 g4g3 e2e1 g3g4 e1e5 a1e5 f4e5 b1a2 a4a5,-605
r2qr1k1/1pp2pp1/p2p1n1p/3P4/2P5/P2QP2P/BP4P1/R3K2R b KQ -,d8e7 e1h1 e7e3 d3e3 e8e3 a1e1 a8e8 e1e3 e8e3 g1f2,-223
6k1/p1p1B1pp/bp6/3P1PQ1/4Pn1r/P4P2/3q2BP/5RK1 b - -,e8e5 e1h1 d8e7 a1e1 a8e8 f1f3 f6e4 d3d4 e4g5 f3g3,Mate
6k1/5pp1/8/8/2pN1K2/2P5/8/4q3 b - -,e8e5 e1h1 d8e7 a1e1 a8e8 f1f3 f6e4 d3d4 e4g5 f3g3,Mate
r2qk2r/pp3ppp/2nb1n2/3p2B1/2pP2b1/1PP2N2/P3BPPP/RN1Q1RK1 b kq -,c4b3 a2b3 e8h8 f1e1 h7h6 g5h4 f8e8 b1d2 a8c8 b3b4,8
4r1k1/p2b2p1/1p5p/3Pp3/1R2P1P1/7P/PP2B3/5K2 b - -,e8a8 e2b5 d7b5 b4b5 a8c8 f1e2 g8f7 e2d3 c8c1 b5b4,143
3q2k1/1b3p1p/pp2p1pP/n3Q3/3PP3/P2B4/1B3PP1/6K1 b - -,f7f6 e5e6 g8f8 b2c3 d8e7 c3b4 a5c6 d3c4 f8e8 b4e7,802
r2q1rk1/p1pbbpp1/2n1pn1p/2Pp4/3P4/P1NBPN2/5PPP/R1BQ1RK1 b - -,f8e8 d1c2 a8b8 h2h3 d8c8 c1d2 c8b7 f1b1 b7a8 b1c1,112
8/8/3p4/3P4/3k4/8/2K5/8 b - -,,0
5rk1/1r3p2/p6p/2b5/4q1b1/1P3NB1/P1P2PPP/1R1Q1RK1 b - -,e4f5 d1d2 g4f3 g2f3 f5f3 b1d1 b7b6 d2d5 f3c3 d5d3,327
2b3k1/n2r1ppp/4p3/p3P3/Pp3P2/1Pp2BPP/2P4N/3R2K1 b - -,h7h6 g1f2 d7d1 f3d1 a7c6 d1f3 c6d4 f3e4 c8a6 h2f3,54
r4nk1/pp2prpp/2pbNp2/7P/3P1N2/2P1Q3/PPKB2q1/R7 b - -,g2g4 a1e1 d6f4 e6f4 e7e5 d4e5 g4f5 c2c1 f6e5 e3e5,-460
rn1q1rk1/5ppp/2p1pn2/1R6/N2P4/6P1/P2BPPBP/3QR1K1 b - -,d8d4 b5b4 d4a7 a4b6 b8a6 b4b2 a8b8 b6c4 b8b2 c4b2,475
8/5pkp/1b2p1p1/3pP3/5P2/6QP/q5PK/5R2 b - -,,0
2Nk4/6pp/p3pp2/3p4/PP1NnP2/4P3/6PP/6K1 b - -,e6e5 c8d6 e4d6 d4e6 d8d7 e6c5 d7c6 c5a6 d6e4 a4a5,83
rr5k/p4Rpp/2p1pn2/6Q1/3q4/6N1/PPP2PPP/4R1K1 b - -,d4g4 g5g4 f6g4 b2b3 h8g8 f7c7 b8c8 c7c8 a8c8 h2h3,397
rnbq1rk1/pp3ppp/2p1pn2/3P4/3P4/1QP1PN2/P4PPP/R1B1KB1R b KQ -,c6d5 f1d3 f8e8 c1a3 b7b6 e1h1 b8c6 f3e5 c8b7 f2f3,25
rn1qkb1r/p2ppppp/bp6/2pPP3/2P1n3/4B3/PP3PPP/RN1QKBNR b KQkq -,e7e6 f2f3 d8h4 g2g3 e4g3 e3f2 h4g5 f2g3 g5e3 f1e2,293
rnbq1r1k/1p3p1p/p4Np1/4Q3/1bP1P3/8/PP2BPPP/R4K1R b - -,b8c6 e5g5 b4e7 a1d1 c8d7 d1d7 d8d7 f6d7 e7g5 h2h4,-352
8/p6p/4k3/3r2p1/4Kp2/1P1R1P2/P4P1P/8 b - -,d5e5 e4d4 e5e2 h2h4 e6f5 h4g5 e2f2 a2a4 f5g5 d3c3,-8
5rk1/1p1Qb1pp/p1n1p1q1/P2pp3/3P3P/1P1RBN2/5PPK/7R b - -,e5d4 f3d4 f8f7 d4c6 b7c6 d3c3 e7f8 d7c6 g6g4 c6a4,404
r1bqkb1r/3n1ppp/4p3/1B2Q3/8/3RB3/PPP2PPP/R5K1 b kq -,a8a5 a1d1 f8e7 d3d7 c8d7 d1d7 e8h8 d7d8 f8d8 g2g4,436
r1bqk2r/ppppbppp/2n5/4P3/2B2n2/2N2N2/PBQ2PPP/R4RK1 b kq -,e8h8 a1d1 d7d6 e5d6 c7d6 c3d5 f4d5 d1d5 c8g4 c2e4,-29
r1bqk2r/ppp2ppp/2pP4/8/4n3/2P2N2/PP3PPP/RNBQ1RK1 b kq -,e8h8 c1f4 c7d6 b1d2 d8f6 d2e4 f6f4 e4g3 c8g4 d1d4,404
6k1/p5pp/8/1p1b4/1r5P/4K1P1/1P1N4/R7 b - -,b4g4 e3f2 g4a4 a1c1 a4b4 c1c5 d5h1 c5c1 b4b2 f2e3,-86
5rk1/p6p/1p3pp1/1P4r1/P3b3/4PP1P/6P1/B2R1RK1 b - -,e4c2 d1d4 g5c5 a1b2 f8c8 f1a1 f6f5 a1a3 g8f8 d4d7,144
2k5/6pp/p3Np2/3p4/PP2nP2/4P3/6PP/6K1 b - -,g7g6 g1f1 c8d7 e6d4 e4c3 a4a5 f6f5 f1e1 d7c7 e1d2,203
r1b3k1/bp6/p1nR3p/4p2P/5r1p/1NP2N2/PP2BP2/R5K1 b - -,c8g4 b3d2 e5e4 e2c4 g8h7 f3d4 a7c5 d6d5 c5d4 c3d4,-463
2b3k1/n4ppp/4p3/p3P3/Pp3P2/1Pp3PP/2P4N/3B2K1 b - -,c8d7 g1f2 a7c6 h2f3 c6e7 f3d4 f7f6 d1e2 f6e5 f4e5,55
rn2k2r/4ppbp/3p1np1/q1pP4/4PP2/2N2N2/PP3KPP/R1BQ1R2 b kq -,a5b4 e4e5 d6e5 f4e5 f6g4 f2g1 g4e5 d5d6 e7e6 f3e5,86
8/8/3Rpk2/5p1p/r2PPK2/6P1/5P2/8 b - -,f5e4 d4d5 e4e3 f4e3 a4a3 e3e4 a3a4 e4f3 f6f5 d6e6,456
8/1nr5/5k1p/p3N1p1/P1RP1pP1/5P2/3K3P/8 b - -,c7c4 e5c4 h6h5 h2h3 h5g4 h3g4 f6e6 d2c2 e6d5 c2d3,455
q2r2rk/1bb2pp1/pp3n1p/2P5/1P6/P3R2P/1Q1NNPB1/BR4K1 b - -,f6d5 e3f3 f7f6 b2c2 d5e7 c5b6 c7b6 f3g3 b7g2 g3g2,473
r1bqkb1r/pp1ppp1p/2n3p1/8/4P1n1/3QBN2/PPP1BPPP/RN2K2R b KQkq -,g4e3 d3e3 f8g7 c2c3 d7d6 e1h1 e8h8 f1d1 a8b8 b1a3,-41
8/8/3QR3/5pk1/2qp2p1/2p5/8/2K5 b - -,,0
r1b5/pppqr1bk/3n2pp/2BPpP2/8/6PP/PPQN1PB1/2RR2K1 b - -,g6f5 d2c4 b7b6 c5d6 c7d6 c4e3 e5e4 g3g4 d7d8 g4f5,76
5rk1/p6p/1p3pp1/1P4r1/P2R4/4PP1P/2b3P1/B4RK1 b - -,g5c5 a1b2 f8c8 f1a1 f6f5 a1a3 g8f8 d4d7 c8c7 d7d8,126
8/3N3Q/3k4/8/3K4/8/8/8 b - -,g5c5 a1b2 f8c8 f1a1 f6f5 a1a3 g8f8 d4d7 c8c7 d7d8,Mate
8/6pp/p3p2R/2B5/7k/P5N1/KPP2PP1/3q4 b - -,h4g5 c5e3 g5g4 h6h5 d1c2 h5g5 g4h4 g5e5 c2c4 a2a1,721
r1bqr1k1/ppbn1ppp/2p1p3/6B1/3PN3/5B2/PPP2PPP/R2Q1RK1 b - -,e8e7 g5e7 d8e7 f1e1 a7a5 d1d3 g7g6 g2g3 a5a4 a1d1,243
r1bq1rk1/ppppbppp/2n5/4P3/2B2n2/2N2N2/PBQ2PPP/3R1RK1 b - -,d7d6 e5d6 c7d6 c3d5 f4d5 d1d5 e7f6 b2f6 d8f6 f3g5,-35
rnbq1rk1/pp3ppp/2p2n2/3p4/2PP4/1Q2PN2/P4PPP/R1B1KB1R b KQ -,c8e6 f3g5 e6c8 c4d5 c6d5 f1d3 b8c6 e1h1 h7h6 g5f3,25
r1b5/pppqr1bk/3n3p/2BPpp2/2N5/6PP/PPQ2PB1/2RR2K1 b - -,b7b6 c5d6 c7d6 g3g4 e5e4 c4e3 d7d8 g4f5 h7h8 g2e4,82
r2qkb1r/pp3ppp/2p2n2/8/3pP3/1B3P1P/PPP1NP2/R2QK2R b KQkq -,d8a5 d1d2 f8b4 c2c3 d4c3 b2c3 b4e7 h3h4 g7g6 e1f1,-26
r4bnB/ppqnpk2/2p2p1p/6p1/4N3/3P1P2/PRP2PNP/1Q3K1R b - -,a8b8 h2h4 b7b5 b1d1 g5g4 h4h5 e7e6 f3g4 g8e7 c2c4,443
1nb2rk1/3ppp1p/6p1/2pP4/r3P3/2P2N2/P3KPPP/R1B4R b - -,a4e4 e2d3 e4a4 d3c2 d7d6 h1e1 c8f5 c2b3 a4a7 a2a4,-136
r3rnk1/pp3ppp/1qp2n2/3p4/1P1P1Qb1/P2B2N1/2P1NPPP/4RRK1 b - -,a7a5 c2c3 g4e2 g3e2 f8e6 f4d2 b6c7 g2g3 g7g6 g1g2,-24
r3r3/2p3k1/2n3Pp/pp1p1P2/3pn2N/2P5/PP3P2/R2K1Q1R b - -,d4c3 b2c3 h6h5 d1c1 c6e5 f1h3 b5b4 h4g2 e4f2 f5f6,428
Bn1q1rk1/5ppp/4pn2/1p6/N2P4/6P1/P2BPP1P/3QR1K1 b - -,b8d7 a8f3 b5a4 d1a4 d8b6 e1c1 b6b2 c1c2 b2b1 g1g2,366
R7/7P/5b2/3K1B2/5kP1/8/7r/8 b - -,f6c3 a8a4 f4g5 d5e6 h2h6 e6f7 c3b2 a4a2 b2e5 f7g8,402
4r3/p2b1kp1/1p5p/3Pp3/2R1P1P1/7P/PP2B3/5K2 b - -,e8a8 c4c7 f7e8 e2a6 e8d8 d5d6 g7g6 f1e2 b6b5 e2d3,274
r2qk2r/p4ppp/2nb1n2/1p1pN1B1/2pP2b1/1PP5/P3BPPP/RN1Q1RK1 b kq -,g4d7 e5d7 d8d7 g5f6 g7f6 a2a4 b5b4 b3c4 d5c4 e2c4,158
8/6pp/p3p2R/6k1/8/P3B1N1/KPP2PP1/3q4 b - -,g5g4 h6h5 d1c2 h5g5 g4h4 g5e5 c2c4 a2a1 h4g4 e5e4,833
5rk1/p6p/1p3pp1/1Pr5/P2R4/4PP1P/1Bb3P1/5RK1 b - -,f8c8 f1a1 f6f5 a1a3 g8f8 d4d7 c8c7 d7d8 f8e7 d8a8,130
rn1qkb1r/p3pppp/bp1P4/2pP4/2P1n3/4B3/PP3PPP/RN1QKBNR b KQkq -,e7d6 f1d3 e4f6 g1f3 f8e7 b1c3 b8d7 e1h1 e8h8 h2h3,121
r1bq1rk1/ppp1bppp/2nP4/8/2B2n2/2N2N2/PBQ2PPP/3R1RK1 b - -,e7f6 b2c1 f4g6 d6c7 d8c7 c3d5 c7a5 d5f6 g7f6 d1d6,128
8/1p6/k7/8/PR6/1KP4r/8/8 b - -,,0
r2q1rk1/2pbbpp1/2n1pn1p/p1Pp4/N2P4/P2BPN2/5PPP/R1BQ1RK1 b - -,f6h7 a4c3 f7f5 a1b1 h7g5 f3g5 h6g5 h2h3 e7f6 d1c2,73
r1bqk2r/ppp2ppp/2n2n2/3pP3/1b2P3/3B1N2/PPPB1PPP/RN1QK2R b KQkq -,d5e4 e5f6 e4d3 c2c3 b4d6 f6g7 h8g8 d2e3 d6e7 f3d4,-57
rnb1kb1r/ppq1ppp1/2p2n1p/3pP3/5Q2/2NP4/PPP2PPP/R1B1KBNR b KQkq -,g7g5 f4g3 f6h5 g3e3 c8f5 h2h3 h5f4 g2g4 f5h7 h3h4,-11
4k3/N2b2pp/p3pp2/1P1p4/P2NnP2/4P3/6PP/6K1 b - -,a6b5 a4b5 e8e7 b5b6 e4c5 a7c6 d7c6 d4c6 e7d7 c6d4,-29
3rr1k1/pp3pp1/1bppbq1p/4p3/B3P3/2NP2QP/PPP1RPP1/R5K1 b - -,h6h5 a4b3 h5h4 g3h2 b6d4 a1f1 d6d5 g1h1 g7g5 c3d1,-109
8/1n6/4k2p/p5p1/P1NP1pP1/2K2P2/7P/8 b - -,e6d5 c3d3 b7d8 c4a5 d8e6 a5b3 e6d8 a4a5 d8c6 d3c3,575
6k1/6p1/7p/p1p2p2/P1P2q2/1PQ4P/6P1/6K1 b - -,,0
1r3r1k/1p3pbp/p2p2p1/2p2PB1/P1P1N1P1/3P3P/1P4K1/4R3 b - -,g7e5 g5e7 f8e8 f5f6 b7b5 a4b5 a6b5 c4b5 h7h6 e4c5,-131
r2q1rk1/p6p/4pp2/3p1bp1/3p2P1/Q2NPP2/PP4P1/R3K2R b KQ -,f5g6 e3d4 d8c7 d3c5 c7g3 e1f1 a8e8 a3e3 e8e7 a1e1,-31
2R5/p2b1kp1/1p5p/3Pp3/4P1P1/7P/PP2B3/5K2 b - -,a7a6 c8c7 f7e7 e2a6 e7d6 c7b7 d7e8 b7b8 e8f7 b8b6,852
r3r3/2p3k1/2n3Pp/pp1p1P2/4n2N/2P5/P4P2/R2K1Q1R b - -,b5b4 d1c1 e4f6 f1h3 h6h5 h3g3 a8c8 h4g2 d5d4 g2f4,459
8/4k3/3Rp3/4Kp1p/r2PP3/6P1/5P2/8 b - -,f5e4 d6e6 e7d7 e6f6 a4a1 e5e4 d7e7 f6f5 a1h1 f5f4,453
2r3k1/5pp1/7p/3Q4/4R3/8/PPP1qPPP/6K1 b - -,c8c2 e4e8 e2e8 h2h4 e8e1 g1h2 e1f2 d5e4 f7f5 e4c2,-749
rnb1kb1r/ppq1pppp/2p2n2/3pP3/5Q2/3P4/PPP2PPP/RNB1KBNR b KQkq -,f6h5 f4e3 g7g6 d3d4 f7f6 b1c3 f6e5 e3e5 c7e5 d4e5,12
3r1rk1/2p3pp/8/pQ2Pp1q/3Bb3/1P2P1R1/P1B4P/6K1 b - -,e4c2 b5c4 f8f7 e5e6 f7e7 c4c2 f5f4 g3g2 f4e3 c2e2,-783
r1bk2nr/pppp1Bpp/5q2/2b1N2Q/3nP3/8/PPP2PPP/RNB1K2R b KQ -,c5e7 f7g8 d4c2 e1d1 g7g6 e5f7 d8e8 h5f3 h8g8 f3f6,123
r2q1rk1/2pbbpp1/2n1p2p/p1Pp4/N2PB3/P3PN2/5PPP/R1BQ1RK1 b - -,f7f5 e4c2 g7g5 a4b2 g5g4 f3e1 h6h5 b2d3 h5h4 a1b1,452
6k1/p1p1B1pp/bp6/3P1PQ1/4Pn1r/P3qP2/6BP/5R1K b - -,f7f5 e4c2 g7g5 a4b2 g5g4 f3e1 h6h5 b2d3 h5h4 a1b1,Mate
r1bq1rk1/pp2bppp/2np4/3N4/2B2n2/5N2/PBQ2PPP/3R1RK1 b - -,f4h5 b2a3 e7f6 h2h3 f8e8 g2g4 f6e5 f1e1 h7h6 g4h5,102
r1bqk1nr/pp1p1ppp/8/2p1p3/2BnP3/4B3/PPPN1PPP/R2QK2R b KQkq -,g8f6 c2c3 h7h6 e1h1 d7d6 c3d4 c5d4 e3d4 e5d4 d2b3,27
8/6pp/p3pR2/8/6k1/P3B1N1/KPP2PP1/3q4 b - -,e6e5 f6a6 d1d5 b2b3 d5g2 a6a7 g7g6 a7h7 g2c6 a2b2,579
8/1n6/7p/p2k2p1/P1NP1pP1/3K1P2/7P/8 b - -,b7d8 c4a5 d8e6 a5b3 e6d8 a4a5 d8c6 d3c3 c6e7 c3b4,575
3rr1k1/pp2b1pp/2p1p1q1/4Rp1n/1PPP4/P3Q2P/4NPP1/2BR2K1 b - -,e7d6 e5a5 a7a6 a5a4 d6c7 e3b3 f5f4 b3d3 g6d3 d1d3,-127
2r3k1/p6p/1p3pp1/1Pr5/P2R4/4PP1P/1Bb3P1/R5K1 b - -,f6f5 d4d6 c5c4 a4a5 b6a5 a1a5 c4a4 a5a6 a4a6 b5a6,125
8/8/3QR3/5pk1/3p2p1/2p5/2K5/5q2 b - -,,0
4Q3/6kp/pp4p1/8/P3p3/1P5Q/7K/3nq3 b - -,,0
8/4k3/8/r2RKp1p/4P3/6P1/5P2/8 b - -,a5a2 e5f5 a2f2 f5g6 f2g2 d5g5 e7f8 g6h5 g2e2 e4e5,446
rn3rk1/4ppbp/3p1np1/q1pP4/4PP2/2N2N2/PP4PP/R1BQ1RK1 b - -,a5b6 a2a4 b8d7 g1h1 b6b4 e4e5 f6e4 d1d3 e4c3 b2c3,84
r1b1k2r/3p1pbp/p3p3/2q5/3N1P2/1Pp1Q3/P1P3PP/1K1R1B1R b kq -,c8b7 f1e2 a8c8 e2f3 b7f3 g2f3 c5a3 e3c1 a3c1 b1c1,-105
6k1/6p1/7p/Q1p2p2/P1P2q2/1P6/6PP/6K1 b - -,,0
8/7P/R4b1r/3K1B2/5kP1/8/8/8 b - -,h6h7 f5h7 f6g5 h7f5 f4e3 a6g6 g5d8 g6g8 d8h4 d5e6,645
Bn1q1rk1/5ppp/4pn2/8/Q2P4/6P1/P2BPP1P/4R1K1 b - -,b8d7 a8f3 d8b8 e1c1 h7h6 e2e3 b8b2 a4c2 b2a3 c2c3,358
1r3r1k/1p3pbp/p2p2p1/2p2PB1/P1P1N1P1/3P1n1P/1P4K1/R3Q3 b - -,f3g5 e4g5 b7b5 c4b5 h7h6 e1h4 h8g8 g5e4 g6g5 e4g5,518
r1bq1rk1/pp2bppp/2np4/3R4/2B5/5N2/PBQ2PPP/5RK1 b - -,c8e6 d5h5 g7g6 c2c1 g6h5 c1h6 c6e5 c4d3 f7f5 h6e6,35
r1b5/p2qr1bk/1p1p3p/3Ppp2/2N4P/6P1/PPQ2PB1/2RR2K1 b - -,e7f7 g2h3 e5e4 c4d2 d7e8 d2e4 e8e4 c2e4 f5e4 h3c8,77
2b5/p4kp1/1p5p/1B1Pp3/4P1P1/7P/PP6/5K2 b - -,,0
rn2kb1r/p3pppp/bp1q4/2pP4/2P1n3/4B3/PP2NPPP/RN1QKB1R b KQkq -,d6d8 e2c3 e4d6 e3f4 b8d7 h2h4 g7g6 b1d2 f8g7 h4h5,108
4r1k1/p4p2/7p/2Qn4/8/P1P3PP/4PR1K/4q3 b - -,d5e3 f2g2 e3g2 c5g1 e1e2 g1g2 e2e1 g3g4 e8e2 c3c4,-874
r4bnB/p1qnpk2/1pp2p1p/6p1/4N3/1R1P1P2/P1P2PNP/1Q3K1R b - -,d7e5 h2h4 e5g6 h4g5 g6h8 f3f4 f6f5 b1d1 e7e6 d1h5,400
3r2k1/pp2rpp1/1bppbq1p/4p3/B3P3/2NP2QP/PPP1RPP1/3R2K1 b - -,h6h5 a4b3 h5h4 g3h2 e6b3 a2b3 d6d5 d1f1 f6h6 f1e1,-118
r2qr1k1/pp1n1ppp/2p2n2/3p4/3P1Qb1/P1NB2NP/1PP2PP1/R4RK1 b - -,g4h3 g2h3 d7f8 c3e2 d8b6 b2b4 f8g6 d3g6 f7g6 a1e1,492
6k1/p5pp/8/1p1b4/1P5P/3r2P1/1P1N1K2/3R4 b - -,d5e6 f2e2 d3g3 d1a1 g3g4 a1a7 g4h4 a7e7 e6d5 e7e5,-267
r5k1/1pp1qpp1/p2p1n1p/3P4/2P1r3/P2QPR1P/BP4P1/R5K1 b - -,a8e8 a2b1 e4e3 d3e3 e7e3 f3e3 e8e3 g1f2 e3e5 b2b4,-183
3r1k1r/1p3p2/pqbppb2/4Pp2/1P1R1P1p/2N2B1Q/1PP3PP/3R3K b - -,f6e7 b2b3 c6f3 h3f3 f8g7 e5d6 d8d6 d4d6 e7d6 b4b5,-79
r1b1k1nr/1ppq1ppp/pbnp4/1B2P3/Q3P3/2P2N2/P4PPP/RNB1K2R b KQkq -,g8e7 e5d6 d7d6 e1h1 c8d7 c1a3 d6f6 e4e5 f6e6 b1d2,-99
r3r3/2p3k1/2n3Pp/p2p1P2/1P2n2N/8/P4P2/R2K1Q1R b - -,e4c3 d1c1 a5b4 f1h3 h6h5 h4f3 b4b3 h3h5 e8h8 h5h8,470
5rk1/1p1Qb1pp/p1n1p3/P2pN3/3P3P/1P1qB3/5PPK/7R b - -,d3e4 e5c6 e7a3 c6e5 e4h4 h2g1 h4e7 d7e7 a3e7 e5d7,409
2k5/ppp5/5q2/5b2/8/b1P5/PP6/1NKR4 b - -,d3e4 e5c6 e7a3 c6e5 e4h4 h2g1 h4e7 d7e7 a3e7 e5d7,Mate
r1bq1rk1/4b1pp/p2p4/1p1PPp2/3Q4/N7/PP2BPPP/R3K2R b KQ -,d6e5 d4c3 d8d5 a1d1 d5f7 e1h1 e5e4 a3c2 c8e6 c2d4,-235
r1b1k2r/3p1pbp/p3p3/2q5/3N1P2/1Pp1Q2P/P1P3P1/2KR1B1R b kq -,c8b7 e5d6 d8a5 b2b4 e7f6 b4a5 f6d4 e1a1 d4f2 a3c2,Mate
1r2r1k1/b1p2pp1/2n1q2p/1p2p3/1P2P3/2P1BN1P/4QPP1/R3R1K1 b - -,e6b3 e3a7 c6a7 e1b1 b3c3 a1a7 e8e6 a7a2 e6c6 a2d2,392
8/8/3QR3/5pk1/3p2p1/1Kp5/5q2/8 b - -,,0
r3nr2/pp1b1pp1/1q2p1k1/2bpn1N1/7Q/2P5/PP1N1PPP/R1B2RK1 b - -,c5d6 h4g3 g6f6 c3c4 f6e7 c4d5 e6d5 d2b3 f7f6 c1e3,-312
8/6p1/b6p/p1kn4/1p1p2PP/1P1N1B2/P2K1P2/8 b - -,c5c6 d3f4 c6c5 f3d5 g7g5 h4g5 h6g5 d5c4 a6c4 b3c4,412
1nb2rk1/3ppp1p/6p1/2pP4/r7/2PKPN2/P4PPP/R1B4R b - -,c8a6 d3c2 d7d6 e3e4 a4e4 c1h6 e4e2 f3d2 f8e8 h6e3,-192
3q4/6pp/p3R3/8/6k1/P3B1N1/KPP2PP1/8 b - -,d8a8 e6e4 a8e4 g3e4 g4f5 e4g3 f5f6 a2b3 g7g6 b3a4,1071
4Q1k1/1r1P4/p4p1p/8/4P1P1/7P/3nNK2/q7 b - -,d8a8 e6e4 a8e4 g3e4 g4f5 e4g3 f5f6 a2b3 g7g6 b3a4,Mate
1r3r1k/1p3pbp/p2p2p1/2p2PB1/P1PnN1P1/3P1R1P/1P6/R3Q1K1 b - -,f7f6 f3f2 f6g5 f5f6 b8e8 f6g7 h8g7 f2f8 e8f8 g1g2,610
3R1k1r/1p3p2/pqb1pb2/4pp2/1P3P1p/2N2B1Q/1PP3PP/3R3K b - -,f6d8 f3c6 b7c6 g2g4 d8e7 g4f5 e5f4 f5e6 b6e3 h3e3,-37
6k1/p1p1B1pp/1p6/3P1PQ1/4Pn1r/P3qP2/7P/5B1K b - -,f6d8 f3c6 b7c6 g2g4 d8e7 g4f5 e5f4 f5e6 b6e3 h3e3,Mate
5rk1/p1pb2pp/1b6/3pP1B1/3P4/2P3P1/PP4KP/RN6 b - -,h7h6 g5e7 f8b8 e7a3 c7c5 d4c5 b6c7 b1d2 c7e5 d2f3,217
3r1r1k/2p3pp/8/p3P2q/3B1p2/1P2P3/P1Q3RP/6K1 b - -,f4e3 c2e2 h5f5 h2h3 d8d4 e2e3 d4d1 g1h2 f5b1 g2g1,-1134
r2q1rk1/p6p/4pp2/3p2p1/3p2P1/3QPP2/PP4P1/R3K2R b KQ -,f8f7 d3d4 a8c8 e1h1 c8c4 d4d2 d8c8 a1c1 f7c7 c1c4,-18
rn2kb1r/p3pppp/1p1q4/2pP4/2b1n3/4B3/PP1NNPPP/R2QKB1R b KQkq -,e4d2 d1d2 d6d5 d2c3 c4a6 e2f4 d5c6 f1a6 b8a6 a1d1,-89
2r2k2/p2R3p/1p4p1/1Pr2p2/P7/R3PP1P/1Bb3P1/6K1 b - -,c8c7 d7d8 f8e7 d8a8 c5c4 a4a5 c4c5 a5b6 a7b6 a3a7,128
3r2k1/pp2rpp1/1bp1bq1p/3pp3/B3P3/P1NP2QP/1PP1RPP1/3R2K1 b - -,b6c7 a4b3 a7a6 d1e1 g7g5 g1f1 g8h8 e2e3 f6g7 e3e2,-109
r1bqk2r/ppp1ppbp/3p1np1/8/1nPP4/2N1PN2/PP2BPPP/R1BQK2R b KQkq -,e8h8 a2a3 b4a6 b2b4 c7c6 e1h1 e7e5 h2h3 c8f5 d1b3,52
r1bq1rk1/pp2pp1p/3p1bp1/2p1n2Q/2B1P3/P1NPB3/1PP1NPPP/R3K2R b KQ -,g6h5 c3d5 f6h4 g2g3 e5f3 e1d1 h4g5 e3g5 f3g5 f2f4,-543
rn2kb1r/p4ppp/2p1p3/q4b2/PppP1Q2/5NP1/1P1NPP1P/R3KB1R b KQkq -,c4c3 b2c3 b4c3 d2c4 g7g5 f3g5 a5b4 e2e4 c3c2 f4d2,-18
r1bq1rk1/4b1pp/p2p4/1p1P1p2/3QP3/N7/PP2BPPP/R4RK1 b - -,e7f6 d4b4 f5e4 a3c2 a6a5 b4d2 f6b2 a1b1 d8f6 e2b5,-98
r2q1rk1/1b1nbppp/p3p3/1pppN3/3P4/2P1P2P/PP2BPPB/R2Q1RK1 b - -,d7e5 h2e5 c5c4 a2a4 b7c6 b2b3 d8d7 a4b5 a6b5 d1c2,-25
8/8/3QR3/5pk1/K2p2p1/2p5/1q6/8 b - -,,0
3b1k1r/1p3p2/pqB1p3/4pp2/1P3P1p/2N4Q/1PP3PP/3R3K b - -,b7c6 g2g4 d8e7 g4f5 e5f4 f5e6 b6e3 h3e3 f4e3 d1e1,-14
r1bqk2r/pp3ppp/2pp4/8/4n3/2P2N2/PP3PPP/RNBQR1K1 b kq -,d6d5 c3c4 e8h8 c4d5 c6d5 f3d4 c8d7 f2f3 e4d6 b1c3,436
1n3rk1/3ppp1p/b5p1/2pP4/r7/2P1PN2/P1K2PPP/R1B4R b - -,d7d6 h1e1 f7f5 f3g5 b8d7 e3e4 f5e4 g5e4 f8f5 e4d2,-212
3r2k1/pp2rpp1/1bp1bq1p/4p3/B2pP3/P2P2QP/1PP1RPP1/1N1R2K1 b - -,g7g5 b1d2 e6c8 a4b3 g8g7 g1h1 d8g8 g3h2 b6c7 g2g3,-85
8/7R/2k1K3/4P3/8/4r3/8/8 b - -,e3e1 e6f6 e1f1 f6e7 c6d5 e5e6 d5e4 h7h6 f1f2 h6h5,617
6k1/2q1bpp1/3p1n1p/1Q2p3/1P2P3/4BN1P/2P2PP1/6K1 b - -,c7c8 f3d2 d6d5 e3c5 e7c5 b4c5 c8d8 c5c6 f6e4 d2e4,186
rnbqkb1r/pppppp1p/6p1/8/3P4/5N2/PPP1PPPP/RN1QKB1R b KQkq -,f8g7 h2h4 h7h5 g2g3 d7d5 c2c3 b8d7 f1g2 c7c6 g2h3,-45
r1b1kb1r/2Qn1ppp/4pq2/1B6/8/3RB3/PPP2PPP/R5K1 b kq -,f6d8 c7c6 a8b8 a1d1 b8b5 c6b5 f8e7 b5c6 e8h8 d3d7,492
rn1q1rk1/5ppp/bpp1pn2/8/N1PP4/6P1/P2QPPBP/1RB1R1K1 b - -,b8d7 d2c2 b6b5 a4c3 a8c8 c4c5 e6e5 d4e5 d7e5 c1g5,210
2k5/ppp5/8/5bq1/8/b1P5/PP1N4/2KR4 b - -,b8d7 d2c2 b6b5 a4c3 a8c8 c4c5 e6e5 d4e5 d7e5 c1g5,Mate
r1bq1rk1/6pp/p2p1b2/1p1P1p2/4P3/N7/PP1QBPPP/R4RK1 b - -,f5e4 a3c2 f6b2 a1d1 b2e5 c2d4 d8e8 d2b4 g8h8 g2g3,-95
8/7P/R4b1r/5Bk1/4K1P1/8/8/8 b - -,h6h4 a6a8 f6g7 a8g8 g5f6 e4f3 f6f7 g4g5 g7d4 f5e4,516
1r2r1k1/2p2pp1/2n1q2p/1p2p3/1P2P3/2P1QN1P/5PP1/R3R1K1 b - -,f7f6 e3c5 e6d6 c5d6 c7d6 a1a6 b8c8 f3h4 c6e7 a6d6,63
8/1r1PQ1k1/p4p1p/8/4P1P1/7P/3nNK2/q7 b - -,f7f6 e3c5 e6d6 c5d6 c7d6 a1a6 b8c8 f3h4 c6e7 a6d6,Mate
8/1R6/8/k7/P7/1KP4r/8/8 b - -,a5a6 b7e7 h3h1 e7e8 a6b6 e8e6 b6a5 e6e5 a5a6 b3b4,11
8/1p6/p1pk4/P7/8/1B2Qn2/3r4/5K2 b - -,d2b2 e3f4 d6c5 f4c1 c5b5 c1b2 b5a5 b2c3 a5b5 c3f3,5482
R7/p1r1k2p/1p4p1/1Pr2p2/P7/R3PP1P/1Bb3P1/6K1 b - -,c5c4 a4a5 c4c5 a5b6 a7b6 a3a7 c7a7 a8a7 e7e6 a7h7,136
2r1r1k1/1b4p1/4pp2/1p1P2pn/p3P3/5N1P/P2R1PP1/3BR1K1 b - -,e6d5 f3d4 c8c1 d4b5 e8e4 e1e4 d5e4 g1h2 h5f4 d1a4,-14
rn1qkb1r/pb3ppp/1p1np3/2pP4/5B2/2NB1Q2/PPP3PP/2KR2NR b kq -,c5c4 d3e4 e6e5 f4e5 b8d7 e5f4 f8e7 g1e2 e8h8 e2d4,92
r4rk1/p6p/4pp2/q2p2p1/3p2P1/3QPP2/PP4P1/R4K1R b - -,f8f7 e3d4 a5b4 b2b3 a8c8 a1d1 c8c3 d3e2 c3c6 f1f2,-40
rn6/5R2/2p2ppk/4p3/P7/B4P2/6P1/4K3 b - -,g6g5 a3d6 h6g6 f7f8 a8a4 f8b8 g5g4 f3g4 a4g4 e1f2,47
r4rk1/3bnpbp/p2p2p1/qppPn3/2P1PB2/1PNB2NP/P2Q2P1/2R2RK1 b - -,e7c8 f4g5 f7f6 g5f4 c8b6 d2e2 b5c4 b3c4 a8e8 c3d1,-34
2R5/1p2k3/p2pN3/4pP2/6K1/1r6/5P2/8 b - -,b7b5 c8c7 e7f6 e6g5 b3b4 g4h5 e5e4 c7f7 f6e5 h5g6,513
3r2k1/pp2rpp1/2p1bq1p/b3p3/B2pP3/P1PP2QP/1P2RPP1/1N1R2K1 b - -,b7b5 a4c2 d4c3 b2c3 h6h5 a3a4 e7d7 e2e3 a5b6 e3f3,-228
8/8/3QR3/5pk1/1K1p2p1/2p5/q7/8 b - -,,0
8/p4k1p/8/3r2p1/4Kp2/1P1p1P2/P4P1P/3R4 b - -,d5a5 a2a4 a5c5 e4d3 a7a5 d1h1 h7h6 h2h4 f7g6 h4g5,16
8/7R/2k2K2/4P3/8/8/8/4r3 b - -,e1f1 f6e7 c6d5 e5e6 f1f3 h7f7 f3a3 f7f5 d5e4 f5f1,627
rn2kb1r/p3pppp/1p6/2pq4/2b1n3/1P2B3/P2NNPPP/R2QKB1R b KQkq -,c4a6 e2f4 d5b7 d2e4 a6f1 e4c5 b6c5 e1f1 e7e5 f4h5,-75
r5rk/p4Rpp/2p1Rn2/6Q1/3q4/6N1/PPP2PPP/6K1 b - -,a8e8 e6e8 f6e8 g5c1 e8f6 h2h3 a7a5 f7e7 a5a4 a2a3,353
8/8/6k1/2N5/2P2P1R/1Pn2K1P/8/r7 b - -,c3a2 h4g4 g6f6 c5e4 f6f7 g4g3 a1e1 h3h4 a2b4 h4h5,492
r1b1k2r/pp1qppbp/1n1P2p1/1N6/1n6/5N2/PP2BPPP/R1BQK2R b KQkq -,e8f8 b5c7 a8b8 c1f4 f8g8 e1h1 e7d6 e2b5 b4c6 f4d6,264
8/1r1PQ3/p4pkp/8/4PNP1/7P/3n1K2/q7 b - -,e8f8 b5c7 a8b8 c1f4 f8g8 e1h1 e7d6 e2b5 b4c6 f4d6,Mate
r2q1rk1/1b2bppp/p3p3/1pppB3/3P4/2P1P2P/PP2BPP1/R2Q1RK1 b - -,c5c4 a2a4 b7c6 b2b3 d8d7 a4a5 c4b3 d1b3 f8c8 e2d3,-20
8/6kp/6p1/1b6/1P3PPP/3pK3/P7/8 b - -,h7h5 g4g5 g7f7 a2a4 b5a4 f4f5 g6f5 e3d3 f7e6 d3c4,-603
3rr1k1/pp5p/2p1pn2/5ppq/1PPP4/P2N3P/1BQ2PP1/3R2K1 b - -,g5g4 d3f4 h5g5 b2c1 g5g7 h3g4 f5g4 g2g3 e6e5 d4e5,-101
2k2b2/ppp5/5q2/5b2/8/2P5/PP1N4/2KR4 b - -,b7b5 d1e1 g5g4 d4d5 b5c4 c2c4 e6d5 e1e8 h5e8 c4f4,Mate
4k3/pp3p2/2n3p1/4p3/8/P1N1P3/1P3PPr/3K2R1 b - -,f7f5 f2f3 c6a5 d1c2 a5c4 c3d5 e8f7 c2c3 c4d6 b2b3,-15
r1bqkb1r/1pp2ppp/p1Q5/2npP3/8/P1NB1N2/1PPP2PP/R1B1K2R b KQkq -,e8e7 c3d5 d8d5 c6d5 c5d3 d5d3 c8e6 d3e4 a8b8 e4d4,1261
R7/p1r1k2p/1p4p1/PP3p2/2r5/R3PP1P/1Bb3P1/6K1 b - -,c4c5 a5b6 a7b6 a3a7 c7a7 a8a7 e7e6 a7h7 c5b5 b2h8,153
r7/pp5k/2p4p/3p2n1/8/8/PPPK4/6R1 b - -,g5f3 d2e3 f3g1 c2c4 h7g6 c4d5 c6d5 b2b4 g6f5 b4b5,-947
r2q1rk1/1b2ppbp/6p1/pB1nN3/3Q4/P6P/1PP2PPB/R4RK1 b - -,a8c8 c2c4 d5c7 d4d7 c7b5 d7b5 g7e5 h2e5 b7c6 b5a6,129
rnq1kb1r/pppbpppp/5n2/3P4/8/1QN5/PP1PPPBP/R1B1K1NR b KQkq -,g7g6 g1f3 f8g7 f3e5 f6g4 e5d7 b8d7 d5d6 c7c6 d6e7,135
8/p6p/4k3/3r2p1/4Kp2/1P1p1P2/P2R1P1P/8 b - -,,0
r1bqk2r/pp1p1ppp/4nn2/2p1p3/2B1P3/1NP1B3/PP3PPP/R2QK2R b KQkq -,b7b6 f2f3 c8b7 d1d6 d8b8 e1a1 b8d6 d1d6 e8e7 h1d1,-82
6k1/p5pp/4b3/1p6/1P5P/3r2P1/1P1N2K1/3R4 b - -,e6g4 d1a1 d3d2 g2g1 h7h5 a1a7 d2b2 a7a8 g8h7 a8a6,-539
2b2k2/n4ppp/4p3/p3P3/Pp3P2/1Pp3PP/2P2K1N/3B4 b - -,f7f6 h2f3 a7c6 f2e3 c6e7 d1e2 e7f5 e3f2 c8b7 g3g4,35
rn1q1rk1/3n1ppp/bpp1p3/8/N1PP4/B5P1/P2QPPBP/1R2R1K1 b - -,a6c4 a4b6 a8a3 b6c4 a3a6 b1b7 d7f6 e1b1 b8d7 e2e4,269
3r2k1/p3rpp1/2p1bq1p/bp2p3/3pP3/P1PP2QP/1PB1RPP1/1N1R2K1 b - -,d4c3 b2c3 h6h5 e2e3 h5h4 g3f3 f6f3 e3f3 e7b7 g2g4,-219
3b1k1r/5p2/pqp1p3/4Pp2/1P5p/2N4Q/1PP3PP/3R3K b - -,d8c7 g2g4 f5g4 h3g4 b6e3 g4e4 e3f2 e4e2 f2e2 c3e2,-165
8/p3R1kp/1pb3p1/2r5/5q2/1B3N1P/PPP3P1/5RK1 b - -,g7f8 e7f7 f4f7 b3f7 f8f7 f3d4 f7e7 f1e1 e7d7 e1d1,92
r3k1nr/pp1q1pp1/4p3/2bpP2p/3P2b1/5N2/PP3PPP/RNBQ1RK1 b kq -,g4f3 g2f3 c5b6 g1h1 g8e7 b1c3 a8c8 f1g1 e7f5 c1e3,-93
3rr1k1/pp5p/2p1p3/5ppq/1PPPn3/P2N3P/1BQ2PP1/4R1K1 b - -,a7a6 a3a4 h5g6 d3e5 g6f6 c2c1 f6h6 a4a5 e8e7 e1e2,-36
8/8/3QR3/5pk1/2Kp2p1/2p5/1q6/8 b - -,,0
8/6pp/p5R1/8/6kq/P3B1N1/KPP2PP1/8 b - -,h7g6 g3e2 h4h1 g2g3 h1f1 e2d4 f1c4 b2b3 c4c3 a2b1,Mate
rn1qkbnr/pppb1p2/3p3p/4p3/2BPP1p1/2N5/PPPN1PPP/R1BQ1RK1 b kq -,e5d4 c3e2 f8g7 f2f3 g8f6 f3g4 b8c6 h2h3 d8e7 c4d5,36
r3r1k1/p4pp1/b1p3np/2bp4/8/P1N3PP/1PPB1PB1/R3R1K1 b - -,c5e7 c3a2 a6b5 a1d1 g6f8 d2a5 f8e6 g2f1 b5f1 g1f1,20
r5k1/bp6/p1n3Rp/4p2P/5rbp/1NP2N2/PP2BP2/R5K1 b - -,g8h7 a1d1 g4h5 g6g2 h5f3 d1d7 h7h8 e2f3 f4f3 b3d2,-346
8/1r1P2Q1/p4p1p/6k1/4PNP1/7P/3n1K2/q7 b - -,g8h7 a1d1 g4h5 g6g2 h5f3 d1d7 h7h8 e2f3 f4f3 b3d2,Mate
R7/p1r1k2p/1P4p1/1Pr2p2/8/R3PP1P/1Bb3P1/6K1 b - -,a7b6 a3a7 c7a7 a8a7 e7e6 a7h7 c5b5 b2h8 c2a4 g1f2,155
5r2/ppp1B2p/1k2b3/4N3/6P1/2P4n/PP3bKP/3R4 b - -,f8e8 e7f6 h7h5 g2h3 h5g4 h3g2 f2c5 f6d8 e6a2 e5d7,-20
8/8/3Rpk2/7p/r2PK3/6P1/5P2/8 b - -,f6e7 d6c6 a4a2 c6c7 e7f6 c7c8 f6e7 e4f3 a2a4 c8h8,18
rn2kb1r/p3pppp/1p6/2pq4/2b1nN2/4B3/PP1N1PPP/R2QKB1R b KQkq -,d5d7 d2c4 b8c6 d1d7 e8d7 e1a1 d7c7 f4d5 c7b7 f1d3,440
5rk1/p1pb2p1/1b5p/3pP3/3P4/2P1B1P1/PP4KP/RN6 b - -,f8b8 b1d2 a7a5 a2a4 b6a7 b2b3 c7c6 h2h3 h6h5 h3h4,204
r4rk1/1pp3pp/p1b1pq2/3p4/3P4/2P2N2/PP1Q1PPP/R3R1K1 b - -,c6b5 a2a4 b5d7 f3e5 f6e7 e1e3 f8f6 b2b3 a8f8 f2f3,152
rn6/4RN2/2p2ppk/3bp3/P7/B4P2/6P1/4K3 b - -,d5f7 e7f7 a8a4 a3c1 g6g5 f7f6 h6g7 c1g5 c6c5 f6e6,20
r2qr1k1/1pp2pp1/p1n1b2p/8/3PPN2/PP3N1P/2P3P1/R2Q1RK1 b - -,e6d7 f1e1 d8f6 d1d2 c6e7 f3e5 a8d8 a1d1 c7c5 e5d7,221
r2q1rk1/1b2b1pp/4pp2/pp1p4/1PpP4/P1P1P2P/4BPPB/R2Q1RK1 b - -,d8d7 d1b1 a8a6 e2d1 f8a8 d1c2 h7h6 b1b2 b7c6 a1c1,-84
6k1/2q3p1/7p/p1p2p2/P1P5/1P1Q3P/6P1/6K1 b - -,,0
rn2kb1r/p4ppp/2p1p3/q4b2/Pp1P1Q2/2P2NP1/3NPP1P/R3KB1R b KQkq -,b4c3 d2c4 g7g5 f3g5 a5b4 e2e4 c3c2 f4d2 f5g6 f1d3,-11
rn1qk2r/pb1pppbp/1p3np1/2p5/3P4/3BPN2/PPPNQPPP/R1B2RK1 b kq -,e8h8 c2c3 d7d5 f3e5 f6e4 f2f4 e7e6 d2e4 d5e4 d3c4,-19
4rr2/pp4k1/2b1pqp1/3pR3/5P2/P1NB1QP1/1P5P/R5K1 b - -,f6d8 c3d1 f8f5 f3e2 d8d6 d1f2 f5e5 f4e5 d6c7 e2e3,511
5rk1/2p1qpp1/7p/p1Pr1P2/N2B2Q1/P6P/5P2/R4RK1 b - -,g7g5 a4c3 c7c6 c3d5 c6d5 f1e1 e7c7 a1d1 c7f4 c5c6,650
5k1r/5p2/pqp1p3/4bp2/NP5p/3Q4/1PP3PP/3R3K b - -,b6b8 a4c5 f8g7 c5d7 b8c7 d3d2 g7g6 c2c4 e5g7 c4c5,-93
r3kb1r/pp3ppp/2p2n2/q7/3pP3/1BP2P1P/PP2NP2/R2QK2R b KQkq -,e8a8 e2d4 c6c5 d1c2 c5d4 e1a1 c8b8 c1b1 d8c8 d1d4,-255
4R2R/1kp5/3r4/1P6/P7/3p4/6KP/2r5 b - -,d3d2 e8b8 b7a7 a4a5 c1g1 g2f2 g1f1 f2g3 d6g6 g3h3,-909
2k4r/1p2qpb1/2p1p1nn/p2pP1N1/P2P2Pr/2PNB2P/1P3RQ1/5RK1 b - -,h6g4 h3g4 g7h6 f2f6 c6c5 f1f3 c8b8 f6f7 e7d8 f3f6,316
3rr1k1/pp3q1p/2p1pn2/5pp1/1PPP4/P2N3P/1B2QPP1/3R2K1 b - -,f7h5 f2f3 h5g6 a3a4 e6e5 d3e5 f6d7 f3f4 g5f4 d1f1,-78
8/1r1P4/p4p1Q/8/4PkP1/7P/3n1K2/q7 b - -,e6e5 d3e5 f7h5 f2f3 h5h4 b4b5 f6h5 e2c2 h4g3 b2c3,Mate
8/pp2kp2/2n3p1/4p3/8/P1N1P3/1P1K1PPr/6R1 b - -,f7f5 f2f3 e7e6 d2d3 c6e7 b2b4 e7c8 a3a4 c8d6 a4a5,-6
1r1q3r/1bpnkppp/4pn2/p7/Pp1PP3/1Q3NP1/3N1PBP/R3R1K1 b - -,h8e8 b3c2 c7c5 d4c5 d8c7 a1c1 e8c8 d2b3 e6e5 c2c4,53
r1bqk1nr/pp1p1pbp/4p1p1/8/1nB1P3/1Q6/PPPP1PPP/RNB1K1NR b KQkq -,a7a5 g1f3 d7d5 e4d5 e6d5 c4b5 c8d7 b5d7 d8d7 e1h1,115
R7/R1r1k2p/1p4p1/1Pr2p2/8/4PP1P/1Bb3P1/6K1 b - -,c7a7 a8a7 e7e6 a7h7 c5b5 b2h8 c2a4 g1f2 b5b1 f2g3,165
3rr1k1/pp4pp/2p1pnq1/4Qp2/1PPP1N2/P6P/1B3PP1/3R2K1 b - -,g6f7 d1c1 f6d7 e5e3 d7f8 a3a4 f8g6 f4g6 h7g6 b4b5,-128
rn1q1rk1/5ppp/bpp1pn2/3p4/NbPP4/1P4P1/P2NPPBP/1RBQR1K1 b - -,b4e7 a4c3 b6b5 c4c5 b5b4 c3a4 a6b5 a2a3 b4a3 b1a1,114
r2qr3/1pp2ppk/p1n1b2p/8/2PPPN2/PP3N1P/6P1/R2Q1RK1 b - -,e6d7 d1d3 f7f6 a1e1 h7g8 e1e3 a6a5 c4c5 a8c8 b3b4,333
r4rk1/7p/p2R4/1p1p2p1/3P1p2/2P3Pb/PP3P1P/RNB1K3 b - -,,0
8/8/2p5/1p3PR1/8/1Pkp4/P7/3KR2r b - -,h1h2 f5f6 h2d2 d1c1 d2a2 g5c5 c3b4 c1b1 a2f2 c5c6,483
8/7p/5kp1/1b6/1P3PPP/3p4/P2K4/8 b - -,h7h5 g4g5 f6f5 d2e3 f5g4 a2a3 g4f5 a3a4 b5a4 e3d3,-659
6k1/p5p1/8/1p5p/1P4bP/3r2P1/1P1N2K1/3R4 b - -,g4d1 d2b1 d1f3 g2f2 f3c6 b1c3 d3f3 f2e1 f3g3 e1d2,-671
r1bq1rk1/pp2ppbp/3p1np1/2p5/2P1P3/P1N1B1Q1/1PP1NPPP/R3K2R b KQ -,c8e6 e1a1 e6c4 e4e5 f6h5 g3f3 c4e2 c3e2 g7e5 e3c5,-125
5rk1/p2p2p1/bq2p2p/5p2/1p3P2/1P3K2/5N1P/1Q6 b - -,c8e6 e1a1 e6c4 e4e5 f6h5 g3f3 c4e2 c3e2 g7e5 e3c5,Mate
8/8/3Rpk2/3P3p/r3pK2/6P1/5P2/8 b - -,e4e3 f4e3 a4a3 e3f4 a3a4 f4f3 a4a3 f3g2 f6f5 d6e6,457
2b5/4kppp/2n1p3/p3P3/Pp3P2/1Pp1KBPP/2P4N/8 b - -,c6a7 e3d4 e7d8 f3e4 h7h6 d4c5 d8c7 h2f3 f7f5 e5f6,231
8/R3k2p/1p4p1/1Pr2p2/8/4PP1P/1Bb3P1/6K1 b - -,e7e6 a7h7 c5b5 b2h8 c2a4 g1f2 b5b4 f2g3 a4e8 h7b7,170
5k1r/2q2p2/p1p1p3/2N1bp2/1P5p/3Q4/1PP3PP/3R3K b - -,f8e7 d3a6 h8d8 d1d8 c7d8 c5d3 d8d6 a6a7 e7f6 a7e3,-70
3r2k1/p3rpp1/1b2bq1p/1p2p3/PP1pP3/3P2QP/2B1RPP1/1N1R2K1 b - -,h6h5 h3h4 e6g4 f2f3 g4d7 a4b5 d7e6 c2a4 e7c7 e2c2,-158
r3k2r/p1p2pbp/8/5b2/2p5/8/PP1P1PPP/RNB1RK2 b kq -,e8d7 b1c3 h8e8 e1e3 g7d4 c3e2 d4e3 d2e3 a8b8 f1e1,-174
8/1n6/5k1p/p5p1/P1NP1pP1/5P2/3K3P/8 b - -,f6e6 d2c3 e6d5 c3d3 b7d8 c4a5 d8e6 a5b3 e6f8 a4a5,443
8/6p1/p5p1/8/2P3kq/P3B1N1/KP3PP1/8 b - -,h4h2 b2b4 h2g2 a2b3 g2b7 g3e2 g6g5 b3c3 g4h5 c4c5,-104
rn2kb1r/p4ppp/2p1p3/q4b2/P1NP1Q2/2p2NP1/4PP1P/R3KB1R b KQkq -,g7g5 f3g5 a5b4 e2e4 c3c2 f4d2 f5g6 f1d3 b8a6 c4e3,-20
2k2r2/1p2qpbN/2p1p1nn/p2pP3/P2P2Pr/2PNB2P/1P3RQ1/5RK1 b - -,f8g8 e3g5 e7e8 g5h4 g6h4 g2h2 h6f5 h7f6 g7f6 e5f6,350
rn2kb1r/p3pppp/1p6/2pq4/4n3/1P2B3/P2NBPPP/R2QK2R b KQkq -,e4d2 d1d2 d5d2 e3d2 b8d7 e2a6 e7e6 d2f4 d7f6 a6b7,-79
3rr1k1/pp4pp/2pbp1q1/R4p1n/1PPP4/P3Q2P/4NPP1/2BR2K1 b - -,a7a6 e3b3 d6c7 a5a4 f5f4 b3d3 g6d3 d1d3 e6e5 g1f1,-140
8/8/2p2P2/1p4R1/8/1Pkp4/P6r/3KR3 b - -,h2d2 d1c1 d2a2 g5c5 c3b4 c1b1 a2f2 c5c6 b4b3 e1d1,484
rn1qkb1r/pp3pp1/2p1pn1p/3p1b2/3P3B/P1N1PN2/1PP2PPP/R2QKB1R b KQkq -,f8d6 f1d3 b8d7 d3f5 e6f5 d1d3 g7g6 e1h1 d8c7 c3e2,-20
8/1r1P4/p4p2/4k2Q/4P1P1/7P/3n1K2/q7 b - -,a7a6 f1d3 b8d7 e1h1 f8e7 h2h3 e8h8 c3e2 f8e8 e2g3,Mate
3r2k1/p3rpp1/1b2bq1p/4p3/BP1pP3/3P2QP/4RPP1/1N1R2K1 b - -,d8b8 b1d2 b6d8 b4b5 b8c8 a4b3 e6b3 d2b3 e7b7 e2a2,-96
r3r3/2p3k1/2n3Pp/p2p1P2/1P5N/2n5/P2K1P2/R4Q1R b - -,c3e4 d2c1 a8b8 b4b5 c6d4 h4f3 d4f3 f1h3 b8b5 h3h6,422
8/8/4QK2/8/6k1/8/6b1/8 b - -,c3e4 d2c1 a8b8 b4b5 c6d4 h4f3 d4f3 f1h3 b8b5 h3h6,Mate
7r/2q2pk1/N1p1p3/4bp2/1P5p/3Q4/1PP3PP/3R3K b - -,c7e7 d3d2 g7g6 a6c5 e5c7 d2c3 h8a8 h1g1 a8d8 d1d8,-108
r1bnr3/pppq2bk/6pp/2BPpp2/4P2N/6PP/PP3PB1/R1QR2K1 b - -,g7f6 h4f3 d8f7 c5e3 b7b6 c1c2 f7d6 a1c1 e8e7 f3d2,66
8/6p1/p5p1/2P5/6k1/P3B1N1/KP3PPq/8 b - -,h2g2 a2b3 g6g5 b3b4 g2b7 b4c3 b7b8 g3f1 b8e5 c3b3,-188
4R1k1/5pp1/7p/3Q4/8/8/PPr1qPPP/6K1 b - -,e2e8 h2h3 e8e1 g1h2 e1f2 d5d8 g8h7 d8d3 f7f5 d3g3,Mate
n2q1rk1/3p3p/b3p1p1/p7/1pP5/4N1P1/PQ1N1P1P/5RK1 b - -,a8b6 a2a3 b6a4 b2a1 a4c3 a3b4 c3e2 g1g2 a6b7 f2f3,-38
rnb1k2r/1pqp1ppp/p3p3/2b5/2N1n1Q1/2P1B3/PP3PPP/R3KBNR b KQkq -,e4f2 g4g7 c5e3 c4e3 f2h1 g7h8 e8e7 g1h3 d7d5 e3g4,234
8/7R/1p2k1p1/1Pr2p2/8/4PP1P/1Bb3P1/6K1 b - -,c5b5 b2h8 c2a4 g1f2 b5b4 f2g3 a4e8 h7b7 e8c6 b7b8,164
1r1qr3/1bpnkppp/4pn2/p7/Pp1PP3/1Q3NP1/3N1PBP/2R1R1K1 b - -,e7f8 b3c2 f8g8 d2b3 b7a8 f3d2 d7b6 c1a1 d8d7 b3a5,2
8/pp2k3/2n3p1/4pp2/4P3/P1N5/1P1K1PPr/6R1 b - -,f5f4 d2d3 e7f7 f2f3 g6g5 c3b5 f7f6 d3c4 g5g4 f3g4,-20
r1b1kb1r/3B1ppp/4pq2/4Q3/8/3RB3/PPP2PPP/R5K1 b kq -,c8d7 e5e4 a8c8 d3d7 e8d7 e4a4 c8c6 a1d1 f8d6 e3c5,295
8/6p1/p1P3p1/8/6k1/P3B1N1/KP3Pq1/8 b - -,g2c6 a2b3 a6a5 e3d4 c6d5 b3c3 g4f3 d4e3 d5d1 e3a7,-417
6R1/7P/8/3K1B2/5kP1/8/7r/b7 b - -,h2h6 g8a8 a1b2 a8a4 f4g5 d5e4 h6h1 a4a8 h1e1 e4f3,437
r1bq1rk1/pp2pp1p/3p1bp1/2p1n1Bn/2B1P2Q/P1NP4/1PP1NPPP/R3K2R b KQ -,,0
8/8/8/5n2/6R1/5K1k/8/8 b - -,f5h4 f3f4 h4g2 f4g5 g2e3 g4e4 e3g2 e4d4 h3g3 g5f5,10
rnbq1r1k/ppp1bppB/4p3/4P3/2pP4/2P4Q/P4PPP/R1B1K1NR b KQ -,b8c6 g1f3 e7h4 h7c2 f7f5 f3g5 h8g8 h3h4 d8g5 c1g5,686
2k4r/1p2qpbN/2p1p1nn/p2pP1B1/P2P2Pr/2PN3P/1P3RQ1/5RK1 b - -,e7d7 h7f6 d7d8 f6e4 d5e4 g5d8 c8d8 g2e4 h4h3 f2f3,417
3rr1k1/1p4pp/p1pbp1q1/RP3p1n/2PP4/P3Q2P/4NPP1/2BR2K1 b - -,d6c7 a5a4 e6e5 b5c6 e5d4 e3f3 d4d3 d1d3 d8d3 f3d3,-177
r1bqk2r/p2p1ppp/1p2nn2/2p1p3/2B1P3/1NP1B1P1/PP3P1P/R2QK2R b KQkq -,e8h8 f2f3 d7d6 d1e2 d8c7 b3d2 c8b7 h2h4 d6d5 e4d5,-117
r4nk1/pp2prpp/2p2p2/7P/3P1N2/2P1Q3/PPKB2q1/R7 b - -,g2d5 f4d5 c6d5 h5h6 g7g5 a1f1 e7e6 e3g3 a8c8 f1g1,456
rn2kb1r/p4ppp/2p1p3/5b2/PqNPPQ2/2p2NP1/5P1P/R3KB1R b KQkq -,,0
7B/7R/1p2k1p1/1r3p2/8/4PP1P/2b3P1/6K1 b - -,c2a4 g1f2 b5d5 h8d4 d5d6 h7b7 a4d7 f2g3 b6b5 g3f4,144
3r2k1/4rpp1/1b2bq1p/p3p3/BP1pP3/3P2QP/1R3PP1/1N1R2K1 b - -,a5b4 b2b4 b6a5 b4b5 e7a7 g3e5 f6e5 b5e5 a5c7 e5e6,-80
r1bnr3/pppq2bk/6pp/2BPp3/4PP1N/7P/PP3PB1/R1QR2K1 b - -,e5f4 c1f4 g6g5 f4f5 h7g8 f5d7 c8d7 h4f5 d7f5 e4f5,92
5rk1/p2p2p1/b1q1p2p/5p2/1p3P2/1P2K3/5N1P/1Q6 b - -,e5f4 c1f4 g6g5 f4f5 h7g8 f5d7 c8d7 h4f5 d7f5 e4f5,Mate
r3kb1r/pp3ppp/2p2n2/q7/3pP3/1B3P1P/PPPQNP2/R3K2R b KQkq -,f8b4 c2c3 d4c3 b2c3 b4e7 h3h4 f6h5 f3f4 a8d8 d2e3,-30
8/1pK5/p1pR1k2/P1r1p3/5bB1/8/8/8 b - -,f6g5 c7b7 g5g4 b7a6 e5e4 d6g6 g4f3 a6b6 c5b5 b6a6,-625
r4rk1/3b1pbp/1n1p2p1/qppPn3/4PB2/1PN3NP/P1RQB1P1/5RK1 b - -,b5b4 c3d1 c5c4 f4h6 c4c3 d2c1 f7f5 h6g7 g8g7 c1g5,-99
r1bq1rk1/pp3pb1/n1pp1npp/3Pp3/2P1P3/2N1BN1P/PP2BPP1/R2QK2R b KQ -,f6e8 d5c6 b7c6 c4c5 d8e7 c5d6 e8d6 d1a4 a6c7 e1h1,85
r1bqkbnr/pp2pp1p/2n3p1/3p4/3P4/2PB3N/PP3PPP/RNBQK2R b KQkq -,c8h3 g2h3 g8f6 e1h1 f8g7 b1d2 d8d7 g1g2 e8h8 f1e1,-84
r3kb1r/2Qb1ppp/4pq2/8/8/3RB3/PPP2PPP/R5K1 b kq -,f6d8 c7b7 a8c8 a1d1 c8c7 b7f3 d8c8 e3f4 c7a7 d3b3,92
r5k1/p4r1p/4pp2/q2p2p1/3P2P1/3Q1P2/PP4P1/R4K1R b - -,a8b8 f1g1 a5b4 b2b3 b8c8 a2a3 b4c3 d3c3 c8c3 a1e1,-34
r1b2r1k/p2qbp1p/1p2pp2/3p4/2pP1P2/2P1PN2/PPB3PP/1R1QK2R b KQ -,f8g8 h1g1 d7c7 g2g4 c8d7 g4g5 f6f5 e1d2 d7e8 d1f1,24
1r1qr3/1bpnkppp/4pn2/p7/Pp1PP3/5NP1/2QN1PBP/R3R1K1 b - -,c7c5 d4c5 b8c8 e4e5 f6d5 f3d4 d7c5 d2c4 d5c3 c4d6,49
3Q2k1/5pp1/7p/8/4R3/8/PPr1qPPP/6K1 b - -,c7c5 d4c5 b8c8 e4e5 f6d5 f3d4 d7c5 d2c4 d5c3 c4d6,Mate
r1bnr3/pppq2bk/6pp/2BP4/4PQ1N/7P/PP3PB1/R2R2K1 b - -,g6g5 f4f5 h7g8 f5d7 c8d7 h4f5 d7f5 e4f5 d8f7 a1c1,85
2kr1br1/ppp1pppp/2nq1n2/7b/8/2NPBN1P/PPP1BPP1/R2Q1RK1 b - -,e7e5 c3b5 d6e7 b5a7 c6a7 e3a7 g7g5 f3d2 h5e2 d1e2,-4
4r3/ppp4p/1k2bB2/4N3/6P1/2P4n/PP3bKP/3R4 b - -,e8f8 f6e7 f8e8 e7f6 h7h5 g2h3 h5g4 h3g2 f2c5 f6d8,-29
rn2kb1r/1p1bpppp/1p3n2/3P4/2B5/8/PP1P1PPP/RNB1K1NR b KQkq -,b6b5 c4b3 b8a6 d2d4 a6c7 g1f3 b5b4 a2a4 f6d5 c1e3,-33
2k4r/1p2q1bN/2p1pPnn/p2p2B1/P2P2Pr/2PN3P/1P3RQ1/5RK1 b - -,e7c7 g5h4 g6h4 f6g7 c7g7 f2f8 h8f8 f1f8 g7f8 h7f8,635
r3r3/2p3k1/2n3Pp/p2p1P2/1P2n2N/8/P4P2/R1K2Q1R b - -,e4d6 h4f3 d6f5 f1h3 g7f6 c1d1 a5b4 a1c1 c6e7 h3h2,526
8/8/2R2r1p/1P1k1p2/n4K2/8/6PP/8 b - -,f6c6 b5c6 d5e6 g2g4 f5g4 f4g4 e6f6 c6c7 a4b6 g4h5,-4
r2qk2r/pp1nbppp/2p1pn2/3p1b2/2PP1B2/P1NBPN2/1P3PPP/R2QK2R b KQkq -,f5g4 h2h3 g4f3 d1f3 d5c4 d3c4 f6d5 f4h2 d5c3 b2c3,44
8/6p1/p1P3p1/3q4/6k1/PP2B1N1/K4P2/8 b - -,d5c6 a2b2 c6f6 b2c2 f6a1 e3c1 g4f3 c1b2 a1e1 b2d4,-381
r1bqk1nr/pppp1ppp/8/2b1p3/2BnPP2/5N2/PPPP2PP/RNBQK2R b KQkq -,d7d5 c4d5 g8f6 c2c3 d4f3 d1f3 c8g4 f3g3 h7h5 f4f5,-88
3r2k1/2r2pp1/1b2bq1p/p3p3/BP1pP3/N2P2QP/1R3PP1/3R2K1 b - -,a5b4 a3b5 c7b7 d1c1 e6d7 b2b4 b6a5 b4b3 a5d2 c1c5,-218
5r2/1p4pk/pNbR4/2n1ppP1/2B1p2p/2P1P2P/P4P2/6K1 b - -,f8b8 a2a3 c6e8 d6d5 c5a4 b6a4 e8a4 d5d6 a4e8 c4d5,-36
4R2R/1kp5/3r4/1P6/P7/3p3K/2r4P/8 b - -,d3d2 e8b8 b7a7 b5b6 a7a6 b8a8 a6b6 h8b8 b6c5 b8b1,-828
r3n1rk/p4Rpp/2p1R3/6Q1/3q4/6NP/PPP2PP1/6K1 b - -,a8d8 g3e4 d4c4 g5d8 c4e6 f7e7 e6g6 d8d4 g8f8 d4e5,467
8/1p6/k7/P7/1R6/1KPr4/8/8 b - -,,0
4rr2/pp4k1/2b1pqp1/3p4/3n1P2/P1NB2P1/1P4QP/3RR1K1 b - -,g6g5 c3e2 d4e2 d3e2 f6b2 e2h5 b2b6 g1h1 d5d4 h5f3,-25
8/8/2P4p/3k1p2/n4K2/8/6PP/8 b - -,a4c5 f4f5 d5c6 f5g6 c6d6 g6h6 c5e6 g2g3 d6e7 h6g6,28
1r3rk1/5p2/p5qp/B1b5/8/1P3N1b/P1P2PPP/1R2RQK1 b - -,b8c8 g1h1 h3e6 c2c4 f8e8 b1d1 g6f6 e1e5 e6g4 d1e1,334
8/8/R3pk2/5p1p/1r1P1K2/4PPP1/8/8 b - -,b4c4 a6b6 c4a4 b6d6 a4b4 e3e4 f5e4 f4e4 f6e7 d6c6,27
r2qkbnr/pp2pppp/8/1B1p1b2/1n1P4/2N2NP1/PPP2P1P/R1BQK2R b KQkq -,b4c6 f3e5 f5d7 b5c6 b7c6 c1f4 h7h5 f2f3 e7e6 c3a4,85
2b5/3k1ppp/2n1p3/p3P3/Pp2BP2/1Pp1K1PP/2P4N/8 b - -,c6d8 e4h7 g7g6 h3h4 d7e7 h2g4 e7f8 h4h5 f8g7 g4f6,91
8/7R/1p2k1p1/3r1p2/b2B4/4PP1P/5KP1/8 b - -,d5d6 h7b7 a4d7 f2g3 b6b5 g3f4 d7c6 b7b6 e6d5 f4g5,147
8/1nr5/2p2k1p/p2p2p1/P2P1pP1/1PRN1P2/3K3P/8 b - -,,0
r2qk2r/pp3ppp/2pp4/5b2/4n3/2P5/PP1N1PPP/RNBQR1K1 b kq -,d6d5 f2f3 d8b6 g1h1 a8d8 f3e4 d5e4 b1a3 e8h8 d1e2,501
8/8/8/4N2B/2K5/8/8/2k5 b - -,c1b1 c4c3 b1a2 h5g6 a2a1 g6f7 a1b1 f7e6 b1a1 e6d5,20000
r1bnr3/pppq3k/6pp/2BPb3/4P2N/4Q2P/P4PB1/1R1R2K1 b - -,d7f7 c5d4 e5f4 e3d3 f7e7 h4f3 c7c6 d3c3 c6d5 e4d5,142
3Q4/5ppk/7p/8/4R3/7P/PPr1qPP1/6K1 b - -,d7f7 c5d4 e5f4 e3d3 f7e7 h4f3 c7c6 d3c3 c6d5 e4d5,Mate
8/2P3p1/6p1/p2q4/6k1/PP2B1N1/K4P2/8 b - -,d5d7 e3b6 d7d2 a2b1 d2c3 b1a2 c3c2 a2a1 g4f4 g3f1,-32
rnbqk1nr/ppp2pbp/3pp1p1/8/4PN2/5N2/PPPP1PPP/R1BQKB1R b KQkq -,g8f6 d2d3 e8h8 f4e2 e6e5 e2g3 a7a5 a2a4 d6d5 f1e2,-50
r2qk2r/p3bppp/1pn1p3/3n4/Q2P4/2N2N2/PP3PPP/R1B2RK1 b kq -,d8d7 c3d5 d7d5 c1f4 b6b5 a4b3 c6b4 f4d2 a7a5 d2b4,-28
3rr1k1/1pb3pp/p1p1p1q1/1P3p1n/R1PP4/P3Q2P/4NPP1/2BR2K1 b - -,e6e5 e3b3 f5f4 b5b6 c7b8 c4c5 g8h8 f2f3 e5e4 b3c2,-180
8/8/8/7B/2K5/3N4/1k6/8 b - -,b2a1 d3e5 a1b2 e5c6 b2c1 c4c3 c1b1 c6e5 b1a1 e5f3,9605
8/8/3Rpk2/5p1p/2rP1K2/4PPP1/8/8 b - -,c4a4 e3e4 f5e4 f4e4 f6e7 d6c6 a4a1 c6c5 a1h1 e4e5,23
2r3k1/2r2pp1/1b2bq1p/pN2p3/BP1pP3/3P2QP/1R3PP1/3R2K1 b - -,c7c1 b4a5 b6a5 b2b1 c1b1 d1b1 c8b8 a4c2 h6h5 c2d1,-131
r2qk2r/pp1nbppp/2p1pn2/3p3b/2PP1B2/P1NBPN1P/1P3PP1/R2Q1RK1 b kq -,h5g6 d3g6 h7g6 c4c5 e8h8 b2b4 d8c8 a1b1 b7b6 d1c2,81
r2qkbnr/pp3ppp/3p4/2p1N3/2B1P1b1/2N5/PPPP2PP/R1BQK2R b KQkq -,d6e5 d1g4 a7a6 a2a4 g8f6 g4h3 f8e7 d2d3 h7h5 e1h1,571
rn2kb1r/p4ppp/2p1p3/5b2/PqNPPQ2/6P1/2pN1P1P/R3KB1R b KQkq -,f5g6 a1c1 b8d7 h2h4 d7f6 f1d3 f8e7 c1c2 e8h8 e1h1,-5
8/1R6/1p1rk1p1/5p2/b2B4/4PP1P/5KP1/8 b - -,a4d7 f2g3 b6b5 g3f4 e6d5 f4g5 d7c6 b7b6 d5c4 h3h4,167
r1b1k1nr/ppp1qpp1/2nb3p/3p4/3P4/2P3N1/PP2BPPP/RNBQK2R b KQkq -,g8f6 e1h1 c8e6 e2d3 f6e4 d3e4 d6g3 f2g3 d5e4 b1d2,22
rn1q1rk1/5ppp/b1p1pn2/1P1p4/Nb1P4/1P4P1/P2NPPBP/1RBQR1K1 b - -,a6b5 a2a3 b5a4 a3b4 a4b5 d1c2 d8e7 c2c5 f8e8 c5c3,50
6k1/p5pp/4b3/1p6/1P5P/3r2P1/1P1NK3/3R4 b - -,d3g3 d1a1 g3g4 a1a7 g4h4 a7e7 e6f5 e7e5 f5d7 e5d5,-293
8/2p3K1/7p/3k4/2p3P1/N6P/P7/8 b - -,d5c5 a3c2 c4c3 g7h6 c5c4 g4g5 c4d3 c2a3 c3c2 a3c2,1429
r1bqk2r/pppnppbp/5np1/8/2N5/2NP4/PPP2PPP/R1BQKB1R b KQkq -,d7b6 c4e3 e8h8 f1e2 c7c6 a2a4 a7a5 e1h1 e7e5 f1e1,-44
r1bnr3/pppq3k/7p/2BPbNp1/4P3/4Q2P/P4PB1/1R1R2K1 b - -,d7f7 e3d3 f7f6 c5d4 c8f5 d4e5 e8e5 e4f5 h7h8 d3c3,134
8/2P3p1/1Bq3p1/p7/6k1/PP4N1/K4P2/8 b - -,,0
2b5/3k1pp1/2n1p2p/p3P3/Pp2BPP1/1Pp1K2P/2P4N/8 b - -,c6e7 e3d4 f7f5 e5f6 g7f6 d4c5 f6f5 g4f5 e6f5 e4d3,89
r3r1k1/1p1n1pp1/2p1bn2/p2p3p/3P1N1P/P1NB1P2/1PP2KP1/R3R3 b - -,b7b6 c3a4 b6b5 a4c3 d7f8 a3a4 b5b4 c3a2 g7g6 a2c1,102
8/8/8/8/5KRn/7k/8/8 b - -,h4g2 f4g5 g2e3 g4e4 e3g2 e4e5 h3g3 e5f5 g2e3 f5f8,10
rnbqkb1r/ppp3pp/4pn2/3pNp2/2PP1B2/8/PP2PPPP/RN1QKB1R b KQkq -,b8d7 e2e3 d7e5 f4e5 f8d6 b1c3 e8h8 f1e2 d5c4 e2c4,26
8/1R1b4/1p1rk1p1/5p2/3B4/4PPKP/6P1/8 b - -,b6b5 g3f4 e6d5 h3h4 d7c6 b7e7 d5c4 d4e5 d6d8 e7c7,153
r3n1rk/p4Rpp/2p1R3/5NQ1/8/7P/PqP2PP1/6K1 b - -,b2b1 g1h2 b1a2 e6e7 a2d5 g5f4 a7a6 e7d7 d5b5 f5h6,495
2r3k1/5pp1/1b1Nbq1p/p3p3/BP1pP3/3P2QP/1R3PP1/2rR2K1 b - -,c1d1 a4d1 c8c1 b2d2 a5b4 d6c4 b6d8 g1h2 f6g5 h3h4,-423
2k2b2/ppp5/8/5b2/8/2P5/P2N4/2KR4 b - -,c8c6 d6e8 f6g5 g3g5 h6g5 d1c1 c6c1 g1h2 a5b4 b2b4,Mate
8/8/6B1/8/3K4/3N4/3k4/8 b - -,d2c2 d4c4 c2b1 c4b3 b1a1 g6f7 a1b1 b3c3 b1a1 d3e5,9605
8/2P3p1/1Bq3p1/8/pP4k1/P5N1/K4P2/8 b - -,c6c4 a2b2 c4b3 b2c1 b3a3 c1d1 a3b3 d1d2 b3b4 d2d3,-514
1r2r1k1/p4pp1/2pb2np/1bBp4/N7/P5PP/1PP2PB1/R3R1K1 b - -,b5a4 c5d6 e8e1 a1e1 b8b2 c2c3 b2c2 e1e8 g8h7 e8a8,-12
r1bqkbnr/ppp2ppp/2np4/8/2B1P3/5N2/PB3PPP/RN1Q1K1R b kq -,c8e6 b1d2 d8d7 a1c1 g8f6 c4b5 a7a6 b5c6 b7c6 b2f6,-135
2b5/2k2pp1/2n1p2p/p3P3/Pp2BPP1/1Pp1KN1P/2P5/8 b - -,,0
rn1q1rk1/5ppp/b3pn2/1pNp4/1b1P4/1P4P1/P2NPPBP/1RBQR1K1 b - -,b8c6 a2a3 b4c3 b3b4 c6d4 e2e3 d4f5 b1b3 c3d2 c1d2,66
3R4/1R4p1/3kr2p/1Pnr1p2/P7/5K2/6PP/8 b - -,c5d7 b7d7 d6c5 d7d5 c5b4 d8d6 e6e7 b5b6 b4c4 d5b5,971
r2qkb1r/ppp2ppp/2np1n2/8/2P1P1b1/2NQ1N2/PP3PPP/R1B1KB1R b KQkq -,c6b4 d3d1 g7g6 c1g5 f8g7 f1e2 e8h8 e1h1 d8e8 h2h3,50
8/8/2p2PR1/1p6/8/1Pkp4/P4r2/2K1R3 b - -,,0
r2qk2r/pp1nbppp/2p1pn2/3p3b/2PP1B2/P1N1PN1P/1P2BPP1/R2QK2R b KQkq -,a7a5 c4c5 b7b6 b2b4 f6e4 c3e4 d5e4 f3d2 h5e2 e1e2,52
r2qkb1r/3n1ppp/4pn2/1Q1b4/NppP1B2/5NP1/1P2PPBP/R4RK1 b kq -,a8a5 a4c3 a5b5 c3b5 f8e7 b5c7 e8f8 a1a7 d7b6 c7d5,-484
8/1R1b4/3rk1p1/1p3p2/3B1K2/4PP1P/6P1/8 b - -,d7c6 b7b6 e6d5 f4g5 d6e6 h3h4 d5c4 b6b8 c6d7 b8d8,168
8/8/3Rpk2/5p1p/r2PPK2/5PP1/8/8 b - -,f5e4 f3e4 f6e7 e4e5 a4c4 f4g5 c4c3 g3g4 h5g4 g5g4,19
2kr3r/pbpn2Rp/1p2pP1p/8/2NPp3/2B5/PPP2P1P/2KR4 b - -,d7f6 d4d5 f6d5 c3e5 c8b8 c4d2 d8g8 d1g1 g8f8 d2e4,14
8/3Q4/4pqk1/3p1p2/6p1/1Kp1R3/8/8 b - -,,0
8/2P3p1/1B4p1/8/pP4k1/P5N1/2q2P2/K7 b - -,c2c1 a1a2 c1c2 a2a1 c2c3 a1b1 c3d3 b1c1 d3a3 c1d1,-543
4rrk1/7p/p2R4/1p1p2p1/3P1p2/2P3Pb/PP3P1P/RNBK4 b - -,f4g3 h2g3 f8f2 b1d2 h3f5 d6d5 h7h5 b2b3 h5h4 g3h4,7
8/8/6B1/8/8/3NK3/2k5/8 b - -,c2b1 e3d4 b1c2 d3e5 c2b3 g6d3 b3b2 d4c4 b2a1 c4c3,20000
rnbq1r1k/ppp1bppB/4p3/3pP3/2PP4/2PQ4/P4PPP/R1B1K1NR b KQ -,g7g5 h2h4 g5g4 d3e3 f8g8 h7g8 d8g8 e3h6 g8h7 h6h7,407
8/8/3Rpk2/7p/r2PPK2/6P1/8/8 b - -,f6e7 f4e5 a4a5 d4d5 e6d5 e4d5 a5a1 d6g6 a1e1 e5f5,4
r2qk2r/p2N1ppp/2nb1n2/1p1p2B1/2pP4/1PP5/P3BPPP/RN1Q1RK1 b kq -,d8d7 a2a4 b5b4 b3c4 d5c4 e2c4 e8h8 g5f6 g7f6 c4b5,153
4rrk1/1pp3pp/p1b1pq2/3p4/P2P4/2P2N2/1P2QPPP/R3R1K1 b - -,f6d8 f3e5 d8d6 e2d2 e8a8 e1e3 a6a5 b2b3 c6e8 a1e1,142
r1bq1rk1/pp2bppp/2np1n2/8/2NN4/2PB2B1/PP3PPP/R1Q1K2R b KQ -,c6d4 c3d4 c8e6 c4e3 g7g6 e1h1 f6h5 d3e4 h5g3 h2g3,-57
2bqr1k1/4np1p/1p1p2pb/1NBPp3/2P1P3/5N2/4BPPP/QR4K1 b - -,b6c5 h2h3 f7f5 b5c3 e8f8 b1b8 d8c7 b8a8 c8b7 a8a7,121
2r5/8/5k2/1b1p2p1/pPpP2P1/R3P3/6K1/3B4 b - -,c4c3 d1c2 c8c4 g2f2 c4b4 f2g3 f6e7 g3f2 b4b2 a3c3,-278
rn1NR3/4B2k/2p2pp1/3bp3/P7/5P2/6P1/4K3 b - -,b8d7 e7d6 d7b6 d6e7 b6c4 e7f6 g6g5 f6g5 a8a4 g5f6,-11
r4rk1/3b1pBp/1n1p2p1/q2Pn3/1pp1P3/1PN3NP/P1RQB1P1/5RK1 b - -,g8g7 d2g5 g7g8 c3d1 a5c5 g1h1 c4c3 g3h5 f7f5 d1e3,-39
r1b1r3/pppq1n1k/7p/2BPbNp1/4P3/4QB1P/P4P2/1R1R2K1 b - -,f7d6 c5d6 c7d6 f3h5 e8f8 d1c1 h7h8 b1b3 e5f4 e3c3,50
1r4k1/p4r1p/4pp2/q2p2p1/3P2P1/3Q1P2/PP4P1/4RK1R b - -,a5a2 e1e6 a2b2 f1g1 a7a5 g1h2 g8g7 h2g3 h7h6 h1e1,-52
3rnqk1/5p2/p4b1p/1p2PQ2/2pP4/7P/PPB2P2/3R3K b - -,f8g7 d1g1 f6g5 f2f4 g7g6 f5g6 f7g6 f4g5 h6g5 g1g5,71
r1b1k2r/1pp2ppp/p1p2n2/2b5/3NP3/N7/PPP2PPP/R1B2RK1 b kq -,c5d4 f1e1 e8h8 h2h3 f8e8 e4e5 f6d5 c2c4 d5b6 e1e4,-540
4rr2/1p4k1/p1b1pqp1/3pR3/3n1P2/P1NB2P1/1P4QP/3R2K1 b - -,a6a5 d1e1 c6d7 d3b1 f6d8 h2h4 d8b6 g1h2 d4f5 b1f5,106
1r3rk1/6q1/p6p/B1b2p2/8/1P3N1P/P1P2P1P/1R2RQ1K b - -,g8h7 f1g2 g7b7 f3e5 c5f2 g2b7 b8b7 e1f1 f2a7 b1e1,594
r1bqr1k1/ppbn2pp/2p1pp2/8/3PN2B/5B2/PPP2PPP/R2Q1RK1 b - -,d7f8 f3h5 f8g6 h4g3 e8f8 h5g6 h7g6 g3c7 d8c7 d1e2,49
2r3k1/4ppbp/4qnp1/1p6/pN6/P1P2P2/1PQRr1PP/2B2RK1 b - -,e6e3 g1h1 e3f2 f1g1 e2d2 c1d2 f6d7 c2c1 f2a7 g1d1,-51
r5k1/3n2p1/2p1pn2/pp1p3p/3P3P/P1NB1P2/1PP2KP1/4R3 b - -,a8e8 c3e2 e6e5 d3g6 e8e7 e2g3 g8f8 b2b3 e5d4 e1e7,124
8/1R1b4/3r2p1/1p1k1p2/3B1K1P/4PP2/6P1/8 b - -,d7e8 b7b8 d6e6 b8d8 d5c6 d8c8 c6d6 c8c5 e6e7 f4g5,188
rq4kR/3n2b1/pp3pQ1/3bpP2/4P3/8/PP1B2PP/2R4K b - -,g8h8 e4d5 d7f8 g6h5 f8h7 d2e3 b6b5 c1c6 b8b7 e3c5,-82
8/7p/4k3/p2r2p1/4Kp2/1P1p1P1P/P2R1P2/8 b - -,,0
1r3rk1/8/p4q1p/B1b2p2/8/1P3N1P/P1P2P1P/1R2RQK1 b - -,g8h7 g1h1 f8g8 b1d1 f6g7 c2c4 c5a7 d1d5 h7h8 d5f5,541
8/2P3p1/1B4p1/8/pP4k1/P1q3N1/5P2/1K6 b - -,c3b3 b1c1 b3a3 c1d1 a3b3 d1e1 b3b4 e1d1 b4d6 d1c2,-545
1r1qr3/1b1nkppp/4pn2/p1P5/Pp2P3/5NP1/2QN1PBP/R3R1K1 b - -,b8c8 e4e5 f6d5 f3d4 d7c5 d2c4 d5c3 c4d6 b7g2 g1g2,48
5rk1/p2p2p1/b3p2p/5p2/1p3P2/1P2K3/5NqP/7Q b - -,g2h1 f2h1 f8c8 h2h3 c8c3 e3d4 c3b3 d4c5 b3h3 h1f2,-1445
r3kb1r/1p1bpppp/Bp3n2/3P4/8/2N5/PP1P1PPP/R1B1K1NR b KQkq -,a8a6 g1e2 h7h5 e1h1 h5h4 e2f4 g7g5 f4d3 d7f5 d3e5,-10
6r1/6P1/p2Pk3/1p5p/1P4p1/P1R5/6P1/6K1 b - -,,0
1q1k3r/1p4p1/p1n1Qp2/3p4/7P/4B3/PP3P2/3R1RK1 b - -,h8h5 e3b6 b8c7 b6c7 d8c7 e6f7 c7b8 f7h5 d5d4 g1h2,1199
r7/3n1kp1/2p1pn2/pp1p3p/3P3P/P2B1P2/1PP1NKP1/4R3 b - -,d7f8 e2f4 a8b8 c2c3 b5b4 c3b4 a5b4 a3a4 f6d7 b2b3,171
2b5/5pp1/1kn1p2p/p3P3/Pp2BPPP/1Pp1KN2/2P5/8 b - -,c8a6 h4h5 c6e7 g4g5 a6c8 g5h6 g7h6 f3g5 e7d5 e3f3,65
r1bq1rk1/pp3pb1/n2p1npp/3Pp3/4P3/2N1BN1P/PP2BPP1/R2QK2R b KQ -,a6c7 a2a4 f6h5 e1h1 h5f4 e2c4 g6g5 f3d2 d8f6 f2f3,109
rq5k/3n2b1/pp3pQ1/3PpP2/8/8/PP1B2PP/2R4K b - -,d7f8 g6h5 f8h7 c1c6 b8d8 h5f7 d8g8 f7g8 h8g8 c6b6,-61
r2q1rk1/3N1ppp/b3pn2/1p1p4/1b1P4/1P4P1/P2NPPBP/1RBQR1K1 b - -,f6d7 a2a3 b4c3 c1b2 b5b4 b2c3 b4c3 d2f3 d8e7 d1c2,57
1R2b3/8/3r2p1/1p1k1p2/3B1K1P/4PP2/6P1/8 b - -,d6e6 b8d8 d5c6 f4g5 c6b7 d8d5 b7c6 d5c5 c6d6 c5c8,201
6k1/4b1pp/4pn2/1P4B1/B1p5/2P4P/5PP1/6K1 b - -,h7h6 g5e3 f6d5 b5b6 e7d6 b6b7 d5e3 f2e3 g8f8 g1f2,128
r1bqr1k1/ppbn2pp/5p2/3Qp3/4N2B/5B2/PPP2PPP/R4RK1 b - -,e8e6 d5e6 g8h8 a1d1 d8g8 e6e7 c7d8 e7d6 g8c4 d6a3,598
r2q1r1k/1b1nb3/p3p3/1p1n2BQ/3P4/2N5/PP3PPP/3R1RK1 b - -,,0
r3k2r/p2q1ppp/2nb1B2/1p1p4/2pP4/1PP5/P3BPPP/RN1Q1RK1 b kq -,g7f6 a2a4 b5b4 b3c4 d5c4 e2c4 e8h8 c4b5 a7a6 b5d3,159
8/2P3p1/1B4p1/8/pP4k1/q5N1/2K2P2/8 b - -,a3a2 c2d3 a2b3 d3e2 b3c4 e2d2 c4b4 d2d1 b4b3 d1d2,-533
r1bqk2r/ppp2ppp/2n2n2/3Pp3/3P4/3B1N2/PPPN1PPP/R2QK2R b KQkq -,c6d4 f3d4 e5d4 d1e2 d8e7 d2b3 f6d5 e1a1 e8h8 d3h7,60
2r3k1/5pp1/1b1Nbq1p/p3p3/1P1pP3/3P2QP/1R3PP1/3B2K1 b - -,c8c1 b2d2 a5b4 g1h2 b4b3 d1b3 e6b3 d2b2 f6d6 b2b3,-364
r1bqr2k/ppbn2pp/5p2/3Qp3/4N2B/5B2/PPP2PPP/3R1RK1 b - -,d7b6 d5c5 c8d7 b2b3 a8c8 a2a4 a7a5 f3h5 e8e6 c2c4,131
r7/3n1kp1/2p2n2/pp1pP2p/7P/P2B1P2/1PP1NKP1/4R3 b - -,f6e8 e2d4 d7c5 d4c6 b5b4 a3b4 c5d3 c2d3 a5b4 c6b4,650
3Qn1rk/p4Rpp/2p1R3/5N2/8/7P/PqP2PP1/6K1 b - -,e8f6 e6f6 b2a1 g1h2 a1f6 d8g8 h8g8 f7f6 g7f6 h2g3,690
r4rk1/3q1ppp/b3pn2/1p1p4/1b1P4/PP4P1/3NPPBP/1RBQR1K1 b - -,b4e7 b3b4 a6b7 d2b3 f6e4 d1d3 e4d6 b3c5 d7c8 c1f4,106
r1b2rk1/1p4p1/p2b3B/q4p2/3p3Q/7R/PPP2PPP/5R1K b - -,f5f4 h6g7 c8h3 g7f8 h3g2 h1g2 a5d5 f2f3 a8f8 f1e1,-330
6k1/5pp1/1b1Nbq1p/p3p3/1P1pP3/3P2QP/3R1PP1/2rB2K1 b - -,a5b4 g1h2 b4b3 d1b3 e6b3 d2b2 f6d6 b2b3 b6d8 b3b2,-407
7R/8/2br2p1/1p1k1p2/3B1K1P/4PP2/6P1/8 b - -,c6d7 h8d8 d5c6 f4g5 d6e6 d8a8 c6c7 a8g8 d7e8 g8g7,208
6k1/4q1p1/7p/p1p2p2/P1P2P2/1PQ5/5KPP/8 b - -,e7d8 c3e3 d8d6 h2h4 g8h7 h4h5 d6d1 e3c5 d1c2 f2g3,68
8/8/4k2p/p2r2p1/4Kp2/PP1p1P1P/3R1P2/8 b - -,,0
1nk1r3/pp4pp/5pb1/1P2N2P/5PP1/2P5/P1r1B3/R3K1R1 b - -,f6e5 f4f5 g6f7 g4g5 b8d7 h5h6 g7g6 e2d3 c2h2 f5g6,-333
7k/q4p2/2p2PQp/1p2p3/1P5P/2P5/6P1/5R1K b - -,f7g6 f6f7 a7e7 f7f8q e7f8 f1f8 h8g7 f8f1 g7g8 h1h2,Mate
r1b1r2k/ppbnq1pp/3N1p2/3Qp3/7B/5B2/PPP2PPP/3R1RK1 b - -,e7d6 d5d6 c7d6 d1d6 d7f8 f1d1 c8f5 c2c4 a8b8 g2g4,79
2rqr3/1b1nkppQ/4p3/p1PnP3/Pp6/5NP1/3N1PBP/R3R1K1 b - -,e8h8 h7g7 d8g8 g7g8 h8g8 c5c6 b7c6 f3d4 d7c5 d2c4,39
r1bqk1nr/pp3ppp/2n5/2b1p3/2Pp4/4PNP1/P2P1PBP/RNBQK2R b KQkq -,d4e3 d2e3 d8d1 e1d1 c8f5 b1c3 g8f6 f3d2 e8a8 c3d5,-101
4r1k1/p4pp1/2p3np/1bNp4/8/P5PP/1PP2PB1/R5K1 b - -,f7f5 c5b3 g6e7 b3d4 g8f7 a3a4 b5a6 d4c6 e7c6 g2d5,106
r3r1k1/1bqn1pp1/pp3n1p/2pP4/P1B4N/1PN3P1/2Q3PP/3R1RK1 b - -,c7e5 d5d6 b7c6 h2h3 a8b8 c4a6 e8e6 h4f5 f6e4 c3e4,184
8/1p3p2/p4kp1/3p3p/7P/P1P1PKP1/1P6/8 b - -,f6f5 a3a4 b7b6 f3f2 f5g4 f2g2 f7f6 g2f2 g6g5 h4g5,-286
5r2/1p4p1/p1bR1pk1/2nNp3/2B1p1Pp/2P1P2P/P4P2/6K1 b - -,c6d5 c4d5 g6g5 d5c4 g7g6 g1f1 f8a8 c4d5 a8c8 f1e2,-122
r7/5kp1/2p2n2/pp1pnB1p/7P/P4P2/1PP1NKP1/4R3 b - -,g7g6 e2d4 a8e8 f5h3 b5b4 a3b4 a5b4 f2g3 c6c5 d4b3,124
3b2k1/5p2/5p2/2P5/1P2p3/P3P1PP/2q5/2R2R1K b - -,c2e2 c1e1 e2b2 f1g1 d8c7 e1b1 b2a3 g1e1 a3c3 e1e2,-405
r1b1r3/pppq1n1k/7p/3PbNp1/3BP3/4Q2P/P4PB1/1R1R2K1 b - -,d7d8 d4e5 e8e5 f5d4 e5e7 d1c1 f7e5 b1b3 a7a5 b3c3,153
r1N1r2k/ppb1q1pp/1n3p2/3Qp3/7B/5B2/PPP2PPP/3R1RK1 b - -,e8c8 d5e4 a8b8 f1e1 c8f8 h2h3 e7f7 e4f5 g7g6 f5d3,79
3R4/3b4/3r2p1/1p1k1p2/3B1K1P/4PP2/6P1/8 b - -,d5c6 f4g5 d6e6 d8a8 c6d5 a8a7 e6d6 d4f6 d7e8 e3e4,195
3rn1k1/4qp2/p4b1p/1p2PQ2/2pP4/7P/PPB2P2/6RK b - -,g8f8 f5h7 e7e6 g1g8 f8e7 h7h6 d8d4 e5f6 e7d7 h1g1,Mate
8/1p4K1/2p1p3/2P5/2PB1k2/3P4/p7/8 b - -,f4g5 d4a1 g5f4 d3d4 f4e3 g7f6 e3d3 f6e6 d3c4 e6d6,692
4rr2/1p6/p1b1p1k1/3pq3/5PQ1/P1N3P1/1P5P/3R2K1 b - -,g6h7 f4e5 f8f5 c3d5 c6d5 d1d5 e8f8 d5d7 f8f7 d7f7,782
1r4k1/p4r1p/4pp2/q2p2p1/3P2P1/1P1Q1P2/P5P1/R4K1R b - -,b8c8 f1f2 c8c3 d3e2 e6e5 h1d1 f7e7 a1c1 e5e4 f2g1,-53
r3r3/2p3k1/2nn2Pp/p2p1P2/1P5N/8/P4PQ1/R1K4R b - -,a5b4 f5f6 g7f6 g2f3 f6e7 h1e1 d6e4 e1e4 d5e4 f3f7,538
r1bqr3/ppp2n1k/7p/3PBNp1/4P3/4Q2P/P4PB1/1R1R2K1 b - -,e8e5 f5d4 e5e7 b1c1 f7e5 d4f3 d8d6 f3e5 d6e5 c1c5,156
7k/q4P2/2p3pp/1p2p3/1P5P/2P5/6P1/5R1K b - -,h8h7 f7f8q a7g7 f1f7 g7f7 f8f7 h7h8 f7e8 h8g7 e8e5,1121
rq5k/3n2b1/pp3pQ1/3bpP2/4P3/2R5/PP1B2PP/7K b - -,d7f8 g6h5 h8g8 e4d5 b8d6 c3g3 a8a7 d2h6 d6d5 h2h3,-120
8/3b1pp1/1kn1p2p/p3P1P1/Pp2BP1P/1Pp1KN2/2P5/8 b - -,d7e8 e4c6 e8c6 g5h6 g7h6 f3g5 h6g5 h4h5 g5f4 e3f4,112
3R4/3b4/2kr2p1/1p3pK1/3B3P/4PP2/6P1/8 b - -,d6e6 d8a8 c6d5 a8a7 e6d6 d4f6 d7e8 e3e4 f5e4 f3e4,215
4N1k1/5pp1/1b3q1p/p3p3/1P1pP3/1b1P2QP/3R1PP1/2rB2K1 b - -,f6g5 g3g5 h6g5 e8d6 a5a4 d6c4 b6c7 h3h4 b3d1 h4g5,-517
r3k2r/p1p2pbp/4b3/8/2p5/N4K2/PP1P1PPP/R1B1R3 b kq -,e8h8 e1e3 e6d5 f3e2 f7f5 f2f4 f8e8 a3b5 d5g2 b5c7,-136
8/3r4/4k2p/p5p1/4Kp2/PP1R1P1P/5P2/8 b - -,d7e7 d3c3 e7b7 h3h4 g5h4 e4f4 h6h5 c3c5 b7b3 c5a5,11
8/4k3/3Rp3/4K2p/r2PP3/6P1/8/8 b - -,a4a5 d4d5 e6d5 d6d5 a5a1 e5f4 a1h1 d5a5 h1f1 f4g5,4
r7/5kp1/5n2/ppppnB1p/7P/P1N2P2/1PP2KP1/4R3 b - -,e5c6 c3d5 c6d4 d5f6 f7f6 f5e4 a8d8 g2g4 d4e6 f2e3,306
r1b3k1/bp6/p1n1p2p/7P/3N1r1p/2P2N2/PP2BP2/R2R2K1 b - -,c6d4 c3d4 c8d7 f3e5 d7e8 g1h1 g8g7 a1c1 a7d4 c1c7,-115
5rk1/p1p3p1/1b5p/4P3/3Pp3/2P1B1P1/PP4KP/5R2 b - -,f8f7 f1e1 f7f8 e3g1 f8f3 e1e4 f3d3 e4e2 a7a5 g1e3,512
4rrk1/7p/p2R4/1p1p2p1/3P4/2P3Pb/PP3P2/RNBK4 b - -,,0
2k5/6Q1/3K4/8/8/n7/8/8 b - -,f8f2 b1d2 h3f5 d6d5 h7h5 b2b3 h5h4 g3h4 g5h4 d5f5,Mate
r1bqr3/ppp4k/3P3p/4nNp1/4P3/4Q2P/P4PB1/1R1R2K1 b - -,e8e6 e3c5 b7b6 c5c7 c8d7 b1c1 d8g8 c7b7 g5g4 h3h4,252
r4rk1/3q1ppp/b3pn2/1p1p4/1P1P4/P1b3P1/3NPPBP/1RBQR1K1 b - -,a6b7 e2e3 f8c8 f2f3 f6e8 e1e2 c3d2 e2d2 e8d6 b1b3,35
r2q1rk1/pp1nbppp/2p1pn2/3p3b/2PP1B2/P1N1PN1P/1PQ1BPP1/R3K2R b KQ -,d5c4 e2c4 c6c5 d4c5 a8c8 c4e2 h5g6 c2d1 d7c5 e1h1,-33
2r1r2k/pQb1q1pp/1n3p2/4p3/7B/5B2/PPP2PPP/3R1RK1 b - -,e5e4 h4g3 e4f3 b7a7 b6c4 b2b3 c4e5 a7b7 f3g2 g1g2,-295
8/4k3/8/r2RK2p/4P3/6P1/8/8 b - -,a5a1 d5c5 e7f7 e5f5 a1f1 f5g5 f1h1 c5c6 h1h3 c6c7,3
r4nk1/pp2prpp/2p2p2/7P/3P1Nq1/2P1Q3/PPKB4/6R1 b - -,g4f5 e3d3 f5d3 f4d3 f8e6 d3f2 e6g5 d2e3 g5f3 g1f1,-415
R7/3b4/2k1r1p1/1p3pK1/3B3P/4PP2/6P1/8 b - -,c6d5 a8a7 d5d6 a7b7 d6e7 b7b8 e6a6 d4c5 e7e6 b8g8,224
4k3/N2b2pp/4pp2/pP1p4/P3nP2/1N2P3/6PP/6K1 b - -,,0
r1b3k1/bp6/p3p2p/7P/3P1r1p/5N2/PP2BP2/R2R2K1 b - -,c8d7 f3e5 d7e8 e5g6 e8g6 h5g6 g8g7 e2d3 a7d4 a1c1,-127
r3kb1r/1Q3ppp/4pq2/1b6/8/3RB3/PPP2PPP/R5K1 b kq -,f8d6 b7a8 f6d8 a8d8 e8d8 d3d6 d8c7 d6b6 b5c4 a2a4,720
8/2P3p1/6p1/1qBK4/p5k1/6N1/5P2/8 b - -,b5d7 d5c4 d7c7 g3e4 c7f4 c4d5 f4f3 d5e5 a4a3 c5b4,-708
2kr1b1r/ppp1pBpp/2n2n2/q7/3P2b1/2N5/PPPBNPPP/R2QK2R b KQ -,c6d4 f2f3 g4f3 h1f1 f3g4 h2h3 g4e6 e2d4 e6f7 d4b3,-212
r3k2r/p2q1p1p/2nb1p2/1p1p4/P1pP4/1PP5/4BPPP/RN1Q1RK1 b kq -,b5b4 b3c4 d5c4 e2c4 e8h8 c4b5 a7a6 b5d3 c6e7 c3c4,185
8/8/8/1N6/2B5/8/8/k2K4 b - -,a1b1 c4f7 b1a1 d1d2 a1b2 f7d5 b2a1 d2c3 a1b1 b5d4,147
rq3n1k/6b1/pp3pQ1/3bpP2/4P3/7R/PP1B2PP/7K b - -,h8g8 g6g4 d5a2 h3a3 b8c7 h2h3 a8d8 d2h6 g8h8 g4g7,-296
6k1/p1p3p1/1b5p/4P3/3Pp3/2P1B1P1/PP5P/5K2 b - -,a7a6 f1e2 g8f7 e3g1 f7e6 e2e3 e6d5 b2b3 c7c5 c3c4,558
r3k2r/pp3ppp/2nb1qn1/2p1p2B/Q1NpPP2/2PP2B1/PP4PP/R4RK1 b kq -,d6b8 f4e5 f6e6 c3d4 c5d4 c4b6 a7b6 a4a8 e8h8 h5g6,339
8/2r5/4k2p/p5p1/4Kp2/PP3P1P/3R1P2/8 b - -,c7c8 h3h4 g5h4 e4f4 h6h5 d2d1 c8c3 d1h1 c3b3 h1h4,2
rnbqr1k1/ppp1bppp/3p1n2/8/3PPB2/2N2N1P/PPPQ2P1/R3KB1R b KQ -,d6d5 e4e5 e7b4 a2a3 f6e4 d2e3 b4c3 b2c3 c7c5 f1d3,56
r1b1kb1r/2qp1ppp/p3pn2/1p2P3/3N1P2/2N1B1Q1/PKP3PP/3R1B1R b kq -,f6h5 g3e1 c8b7 f1e2 g7g6 e2h5 g6h5 e3c1 c7c4 c3e4,294
r7/5kp1/2p2n2/1p1pnB1p/p2N3P/P4P2/1PP2KP1/4R3 b - -,c6c5 d4b5 e5c6 c2c4 a8b8 c4d5 c6a5 f5e6 f7f8 b5c3,360
rnbq1k1r/ppp1bBpp/3p1n2/8/4P3/1Q3N2/PB1N1PPP/R3K2R b KQ -,a7a5 f3g5 a5a4 b3f3 b8c6 e1h1 c6e5 b2e5 d6e5 d2c4,149
6k1/R5pp/8/1p1b4/7P/4K1P1/1r1N4/8 b - -,b2a2 a7d7 d5h1 e3f4 a2a4 f4f5 h1g2 d7d8 g8f7 d8d7,-83
2r1r2k/pQb1q1pp/1n3p2/8/4p2B/8/PPP1BPPP/3R1RK1 b - -,c7h2 g1h2 e7b7 c2c3 b6a4 d1d2 c8d8 f1d1 d8d2 d1d2,-535
4rrk1/7p/p2R4/1p1p2p1/3P4/2P3Pb/PP5P/RNBK4 b - -,f8f1 d1c2 h3f5 c2b3 f1c1 b3b4 e8e2 b2b3 c1b1 a1b1,-150
r1bqkb1r/p1p2ppp/2p5/3pN3/P3n3/2N5/1PPP1PPP/R1BQK2R b KQkq -,d8g5 d2d3 g5g2 d1f3 g2f3 e5f3 e4c5 b2b4 c5e6 b4b5,-157
8/1nr5/2p1k2p/p2p2p1/P2P1pPP/1PRN1P2/3K4/8 b - -,b7d8 c3c1 g5h4 c1h1 e6f6 h1h4 f6g7 h4h2 d8e6 d2c3,59
r1b1k1nr/pp1pppbp/1q4p1/3N4/4P3/5Q1P/PP3PP1/R1B1KB1R b KQkq -,b6c6 c1f4 g8f6 d5c7 e8d8 c7a8 d7d6 f1d3 b7b5 e1h1,287
8/8/8/5K2/6R1/7k/6n1/8 b - -,,0
r5k1/bp1b4/p3p2p/4N2P/3P1r1p/8/PP2BP2/R2R2K1 b - -,d7e8 g1h1 g8g7 a1c1 a7d4 c1c7 g7f6 e5g4 f6f5 c7h7,-106
6k1/2q3p1/7p/p1p2p2/P1P2P2/1P3Q2/5KPP/8 b - -,g7g6 g2g3 g8g7 f3c3 g7h7 c3e3 c7d6 f2g2 d6c6 g2h3,72
8/8/8/8/BN6/K7/8/1k6 b - -,b1c1 a4c6 c1d2 a3b3 d2e3 b3c3 e3f4 c3d4 f4f5 c6d5,162
rnbq1r1k/pp2bppB/4p3/2ppP3/2PP4/2P4Q/P4PPP/R1B1K1NR b KQ -,b8d7 h7c2 e7h4 g1f3 h8g8 f3g5 d8g5 c1g5 h4f2 e1f2,679
r2q1rk1/pp1nbppp/2p1pnb1/3p4/2PP1B2/P1NBPN1P/1PQ2PP1/R3K2R b KQ -,d5c4 d3g6 h7g6 e3e4 b7b5 e1h1 a7a5 f4g5 a8b8 a1d1,-77
8/4k3/8/1R2K2p/4P3/6P1/8/r7 b - -,e7f7 b5b6 a1f1 b6b3 f1a1 b3d3 f7g6 d3d8 g6f7 d8c8,3
8/1qP3p1/3K2p1/2B5/p5k1/6N1/5P2/8 b - -,g4f3 g3f1 a4a3 f1d2 f3e2 d2b3 b7c8 c5a3 c8a6 d6d7,-45
r1bq1rk1/pp3ppp/2n1pn2/2b5/2N5/5NP1/PP2PPBP/R1BQ1RK1 b - -,f6d5 d1b3 b7b6 f1d1 d8e7 c4e5 c6e5 f3e5 a7a5 e5d3,37
8/8/2R2P2/1p6/1k6/1P6/P2p1r2/3KR3 b - -,d2e1q d1e1 f2f5 e1e2 f5g5 e2e3 g5f5 e3d4 b4a3 c6a6,561
2k5/6Q1/8/n2K4/8/8/8/8 b - -,d2e1q d1e1 f2f5 e1e2 f5g5 e2e3 g5f5 e3d4 b4a3 c6a6,Mate
r2q1rk1/pp1bnpbp/2npp1p1/2p2PB1/2B1P3/2NP1N2/PPP3PP/R3QRK1 b - -,e6f5 e4f5 d7f5 c3d5 d8d7 d5e7 c6e7 e1e7 d7c6 a2a4,197
8/8/4k2p/p5p1/4Kp2/PPr2P1P/1R3P2/8 b - -,,0
4b3/2R5/4r1p1/1p1k1pK1/3B3P/4PP2/6P1/8 b - -,e6a6 c7c5 d5d6 g2g3 a6a8 g5f6 a8a6 c5e5 d6d7 f6g7,245
3rnkR1/5p1Q/p3qb1p/1p2P3/2pP4/7P/PPB2P2/7K b - -,,0
rnb1kb1r/pp2pppp/1qp5/3n2B1/P1pPP3/2N5/1P1Q1PPP/R3KBNR b KQkq -,d5c3 b2c3 h7h6 g5h4 g7g5 h4g3 c6c5 d4d5 b8d7 f1c4,113
rn2kbnr/pp2pppp/2pq2b1/8/3P2PP/2N2N2/PPP2P2/R1BQKB1R b KQkq -,f7f6 h4h5 g6f7 g4g5 b8d7 h1h4 e8a8 c1f4 e7e5 d4e5,201
r2r2k1/5p1p/p2bpqp1/1p6/4QPPP/3B4/PPP5/2K2R1R b - -,,0
8/8/8/8/8/6Q1/2b1k1K1/8 b - -,a8c8 c1b1 d6f8 f4f5 f8g7 c2c3 e6f5 g4f5 c8c3 b2c3,Mate
r2q1rk1/pp1nbppp/2p1pn2/3p4/2PP1B2/P1NQPN1P/1P3PP1/R3K2R b KQ -,f8e8 e1h1 a7a5 f1e1 d5c4 d3c4 d8b6 e3e4 b6a6 c4a6,23
3n4/2r5/2p1k2p/p2p2p1/P2P1pPP/1P1N1P2/3K4/2R5 b - -,g5h4 c1h1 e6f6 h1h4 f6g7 h4h2 d8e6 d2c3 c7c8 h2e2,53
rn1qk2r/pb1pppbp/1p3np1/2p5/P2P4/3BPN2/1PPN1PPP/R1BQ1RK1 b kq -,b8c6 c2c3 e8h8 e3e4 c5d4 f3d4 c6e5 d3c2 d7d6 d1e2,-25
1R5R/1kp5/3r4/1P6/P7/8/3p2KP/2r5 b - -,b7a7 a4a5 c1g1 g2f2 g1f1 f2g3 d6g6 g3h3 f1f3 h3h4,-1094
1r2r1k1/2p1npp1/4q2p/1p2p3/1P2P3/2P1QN1P/5PP1/R2R2K1 b - -,e8c8 h3h4 b8b6 h4h5 c7c5 b4c5 b6c6 a1a7 c6c5 d1d7,38
1r1q3r/1bpnkppp/4pn2/p7/Pp1PP3/5NP1/2QN1PBP/R1R3K1 b - -,c7c5 d4c5 b8c8 e4e5 f6d5 d2e4 d5c3 e4c3 c8c5 c2d2,32
r1bqkbnr/1pp1pppp/p1np4/8/P1BPP3/8/1PP2PPP/RNBQK1NR b KQkq -,g7g6 g1f3 g8f6 d4d5 c6b8 b1c3 c8g4 h2h3 g4f3 d1f3,57
2r1r2k/pQb1q1pp/1n3p2/8/4B2B/8/PPP2PPP/3R1RK1 b - -,e7e4 b7e4 e8e4 h4g3 c7g3 f2g3 h7h5 c2c3 b6a4 d1d7,-337
r1bq1k1r/ppp1b1pp/n2p1n2/8/2B1P3/1Q3N2/PB1N1PPP/R3K2R b KQ -,c8d7 c4a6 b7a6 e1h1 a8b8 b3c2 h7h5 a1e1 h5h4 e4e5,160
8/5k2/8/1R3K1p/4P3/6P1/8/r7 b - -,a1f1 f5g5 f1h1 b5c5 f7e6 c5a5 h1g1 a5a3 g1h1 a3a8,2
r7/5kp1/2N2n2/1p1p1B1p/p1n4P/P4P2/1PP2KP1/4R3 b - -,a8e8 e1b1 e8a8 f5d3 f6d7 b1e1 f7f6 c6e7 d7b6 g2g4,323
rn3rk1/1b1p1pbp/6p1/1BpP4/P7/2N1PN2/1P4PP/R3K2R b KQ -,f8e8 e1a1 e8e3 h1e1 e3e1 d1e1 g7c3 b2c3 b7d5 e1e8,129
2q5/2P3p1/3K2p1/2B5/p3N1k1/8/5P2/8 b - -,g4f5 e4g3 f5f6 g3e4 f6f7 d6c6 c8a6 c6d5 a6b7 d5d6,-500
8/8/8/8/1N6/K7/2B5/2k5 b - -,c1d2 a3b3 d2e3 b3c3 e3f4 c3d4 f4f3 b4d5 f3g4 c2e4,160
6k1/p4r1p/4Rp2/q2p2p1/3P2P1/3Q1P2/Pr4P1/5K1R b - -,,0
2k1rb1r/ppp3pp/2n5/3Q1b2/2B2P2/2P1B3/P2N1P1P/2KR3R b - -,a5b5 d3b5 b2b5 f1f2 b5b2 f2g3 b2a2 e6d6 a2d2 d6d5,Mate
r4rk1/3q1ppp/b3pn2/1p1p4/1P1b4/PN4P1/4PPBP/1RBQR1K1 b - -,d4c3 b3c5 d7a7 e1f1 f6d7 c1e3 d7b6 d1d3 c3f6 f1c1,57
4k3/N2b2pp/4pp2/1P1p4/3NnP2/4P3/6PP/6K1 b - -,e8e7 b5b6 e4c5 g1f2 c5b7 d4b5 e6e5 f2g3 b7c5 g3f3,-13
8/5k2/8/1R4Kp/4P3/6P1/8/5r2 b - -,f1h1 b5b8 h1h3 b8b3 f7e6 g5f4 h3h1 b3f3 h1a1 f3f2,2
r2qkb1r/2p1nppp/p7/1p1p4/3n4/1B1Q3P/PPP2PP1/RNB2RK1 b kq -,d4e6 b1c3 c7c6 a2a4 b5b4 c3e2 g7g6 e2f4 f8g7 f4e6,-73
r2q1rk1/1b2b2p/p3pnB1/1p1N2BQ/3P4/8/PP3PPP/3R1RK1 b - -,d8d5 g6h7 f6h7 h5g6 g8h8 g5e7 f8f7 e7d6 f7g7 d6e5,-510
2b5/p3k1p1/1p5p/1B1Pp3/4P1P1/7P/PP2K3/8 b - -,,0
r7/5kp1/5n2/1p1pNB1p/p6P/P4P2/1nP2KP1/4R3 b - -,f7e7 e5c4 f6e4 f5e4 d5e4 e1e4 e7f6 c4b2 a8c8 c2c4,640
r1bqk2r/pppp1ppp/2n2n2/1B2P3/4P3/2P5/P1P2PPP/R1BQK1NR b KQkq -,c6e5 f2f4 e5c6 e4e5 f6e4 d1d3 d7d5 c1a3 a7a6 b5c6,58
2kr1br1/ppp2ppp/2nq1n2/1N2p2b/8/3PBN1P/PPP1BPP1/R2Q1RK1 b - -,,0
4b3/8/r2k2p1/1pR2pK1/3B3P/4PPP1/8/8 b - -,a6a2 c5e5 a2a8 g5f6 a8c8 g3g4 b5b4 g4f5 g6f5 f3f4,244
r2r1bk1/5p1p/p3pqp1/1p5P/4QPP1/3B4/PPP5/2K2R1R b - -,f8g7 c2c3 b5b4 h5h6 g7h8 f4f5 b4c3 f5e6 f6e6 e4e6,-70
r1bqk2r/pppp1ppp/5n2/1B2n3/4P3/2P2N2/P1P2PPP/R1BQK2R b KQkq -,d8e7 e1h1 e8h8 f1e1 d7d6 f3d4 c7c5 d4f5 c8f5 e4f5,7
4n1R1/4kp2/p3qP1Q/1p6/2pr4/7P/PPB2P2/7K b - -,,0
r1b2k1r/p3pp1p/3p2p1/1Bn4n/1p1NPP2/P6N/1PP3PP/R4RK1 b - -,c8h3 g2h3 b4a3 a1a3 a7a6 b2b4 a8b8 b4c5 d6c5 d4e6,-9
4brk1/1pp1r1pp/p3pq2/3pR3/P2P4/2P2N2/1P1Q1PPP/R5K1 b - -,f6g6 f3e1 g6f6 e1d3 e8g6 d3c5 b7b6 c5a6 c7c5 d2e2,127
rn2kbnr/pp2ppp1/2pq2bp/4N3/3P2PP/2N5/PPP2P2/R1BQKB1R b KQkq -,g8f6 e5g6 f7g6 f1d3 f6d5 c3e4 d6e6 e1h1 b8d7 f1e1,250
r4rk1/1p1b1p1p/4p1p1/pNnp4/P2R4/2P3P1/1P2PPBP/R5K1 b - -,c5b3 a1a3 b3d4 b5d4 f8c8 e2e3 g8f8 e3e4 d5e4 g2e4,-327
r1bqk1nr/pp3ppp/2n5/2b5/2P1p3/4P1P1/P2P2BP/RNBQK1NR b KQkq -,c6b4 g2e4 g8f6 e4c2 e8h8 g1e2 c8h3 a2a3 b4d3 c2d3,-196
rn3rk1/pp2ppbp/1q1p1np1/2p2bN1/3PPB2/7P/PPPNBPP1/R2Q1RK1 b - -,f5e6 d4c5 b6c5 g5e6 f7e6 c2c3 g8h8 f4e3 c5c7 a1c1,104
r7/4Rkp1/2N2n2/1p1p1B1p/p6P/P4P2/1nP2KP1/8 b - -,f7f8 f5e6 b2c4 e7f7 f8e8 f7g7 a8a6 g7c7 c4d6 c2c3,475
r4rk1/3q1ppp/bb2pn2/1p1p4/1P6/PN4P1/1B2PPBP/1R1QR1K1 b - -,a6b7 b3c5 b6c5 b4c5 f8c8 b2f6 g7f6 d1d4 e6e5 d4h4,38
3k4/N2b2pp/1P2pp2/3p4/3NnP2/4P3/6PP/6K1 b - -,e4c5 g1f2 d8e7 a7c6 d7c6 d4c6 e7d7 c6b4 d7d6 g2g4,-5
rnbq1rk1/pp1p1ppp/2p2n2/2b1p3/2P5/1QN1P1P1/PP1PNPBP/R1B1K2R b KQ -,f8e8 e1h1 e5e4 d2d3 e4d3 e2f4 d7d6 h2h3 c5b6 c3a4,22
2b5/p5p1/1p1k3p/1B1Pp3/1P2P1P1/7P/P3K3/8 b - -,,0
4b3/8/3k2p1/1p2RpK1/3B3P/4PPP1/r7/8 b - -,a2a8 g5f6 a8c8 g3g4 b5b4 g4f5 g6f5 f3f4 b4b3 f6f5,261
3n4/2r5/2p2k1p/p2p2P1/P2P1pP1/1P1N1P2/3K4/2R5 b - -,f6g5 c1e1 g5h4 d2e2 c7e7 d3e5 e7b7 e2f2 h4g5 e1h1,90
r3kb1r/pp1b1ppp/1qn1pn2/3p4/3P1B2/2NBP3/PP2NPPP/R2Q1RK1 b kq -,f8e7 a1c1 f6h5 c3a4 b6a5 a4c5 d7c8 a2a3 h5f4 e2f4,46
r1b1k2r/p1p2pbp/8/8/2p5/8/PP1PKPPP/RNB1R3 b kq -,c8f5 e2f3 f5e6 b1a3 e8h8 a3b5 a8e8 e1e3 e6d5 f3e2,-133
r1bqkbnr/1pp2ppp/p1np4/3Pp3/P1B1P3/8/1PP2PPP/RNBQK1NR b KQkq -,c6a5 c4d3 c7c5 g1f3 g8f6 b2b3 g7g6 e1h1 f8g7 b1a3,95
r1bqk2r/pppnbppp/3p1n2/4p3/2PPP3/2N2N2/PP2KPPP/R1BQ1B1R b kq -,e8h8 d4d5 d7c5 f3d2 c7c6 e2e1 a7a5 a1b1 c6d5 c4d5,-54
r1q1k2r/6bp/p5p1/1pp1P1Bn/4N1b1/3P4/PPP3PP/R3QRK1 b - -,g7f8 e4d6 f8d6 e5d6 g4e6 e1e5 e8d7 a1e1 h8e8 g5e7,320
r5k1/4R1p1/5n2/1p1p1B1p/p2N3P/P4P2/1nP2KP1/8 b - -,a8f8 e7a7 f8b8 d4c6 b8e8 f5g6 e8f8 c6d4 f6g4 f2g3,370
rn1qkb1r/ppp1ppnp/6p1/3pP3/3P2b1/2N2N1P/PPP1BPP1/R1BQK2R b KQkq -,g4d7 c3d5 c7c5 d4c5 d7c6 e2c4 b8d7 b2b4 g7f5 e1h1,271
3n4/2r5/2p2k2/p2p2p1/P2P1pP1/1P1N1P2/3K4/7R b - -,f6g6 d3e5 g6g7 h1c1 c7c8 c1c5 c8a8 e5c6 d8c6 c5c6,161
r3b3/8/3k1Kp1/1p2Rp2/3B3P/4PPP1/8/8 b - -,a8c8 g3g4 b5b4 g4f5 g6f5 f3f4 b4b3 f6f5 c8b8 d4b2,275
4r3/2p3k1/2Qn2Pp/5P2/1p5N/2r5/PK3P2/R6R b - -,e8e2 b2b1 c3c6 h1h3 d6b5 a2a4 b5c3 h3c3 b4c3 h4g2,-626
r1bqkbnr/1pp2ppp/p2p4/3Pp3/PnB1P3/8/1PPQ1PPP/RNB1K1NR b KQkq -,g8f6 d2b4 f6e4 g1e2 c8d7 e1h1 f8e7 b4e1 f7f5 f2f3,282
r1b1r3/pppq3k/3n3p/2BPbNp1/4P1B1/4Q2P/P4P2/1R1R2K1 b - -,d7f7 c5d6 c7d6 g1g2 c8f5 g4f5 h7h8 d1h1 e5f4 e3f3,68
rnk4r/pp2ppbp/4bnp1/2p5/2P5/2NN2P1/PP2PPBP/R1B1K2R b KQ -,e6c4 d3c5 b8c6 c1d2 f6d7 c5a4 d7b6 a1c1 h8d8 b2b3,68
8/p4k2/8/3r1ppp/8/1P1RKP2/P4P1P/8 b - -,d5a5 a2a4 a5c5 f3f4 g5g4 e3d2 a7a5 h2h4 g4h3 d3h3,41
7k/3q1p2/2p2Prp/1p2Q3/1P5P/2P5/6PK/5R2 b - -,d7d3 f1f3 d3d8 h4h5 g6g4 f3f4 g4g5 f4f5 g5g4 e5e3,96
3r2k1/1p1r1p1p/3P2p1/p2R4/6q1/2Q5/PP3PP1/3R2K1 b - -,g4b4 c3f6 b4b6 d5e5 b6c6 e5e7 d7e7 f6e7 d8d7 e7e8,90
2q5/2P3p1/3K2p1/2BN4/8/p4k2/5P2/8 b - -,a3a2 c5d4 c8a6 d6c5 a6a7 c5c4 a7b7 c4c5 f3e4 d5c3,-484
5k2/1p6/8/8/2b3p1/p1N3K1/8/8 b - -,c8f8 d5e7 f8f4 d6c6 a3a2 c7c8q a2a1q c8h3 f3e2 h3e6,Mate
8/8/2R2P2/1p3r2/1P6/4K3/k7/8 b - -,,0
r5k1/6pp/1pp3q1/p2pPBn1/8/1P2PP2/PB5P/3Q1RK1 b - -,g6f7 f5b1 f7h5 f3f4 h5d1 f1d1 g5f7 g1h1 f7h6 d1g1,829
r5k1/4R1p1/5n2/1N1p1B1p/p1n4P/P4P2/2P2KP1/8 b - -,g8h8 e7b7 a8f8 f2g3 f6g8 f5d3 g8h6 b7d7 h6f5 g3f2,446
rnb1k2r/pp3ppp/1qpP4/2b5/4P1n1/5N2/PPP1QPPP/R1BNKB1R b KQkq -,c8e6 h2h3 g4h6 c1f4 f7f6 c2c3 h6f7 e2d2 b8a6 b2b4,472
1rq2rk1/4bppp/2np4/p2Np3/Pp2n3/4BB2/1PP2PPP/R2Q1RK1 b - -,e7d8 f3e4 f7f5 e4f3 f5f4 f3g4 c8b7 e3c1 g8h8 c2c3,335
rn2kbnr/pp2pppb/2pq3p/4N3/3P2PP/2N2Q2/PPP2P2/R1B1KB1R b KQkq -,d6f6 c1f4 g7g5 h4g5 h6g5 c3d5 f6d6 e5f7 d6d5 f3d5,405
r1b1r3/ppp2q1k/3n3p/2BPb1p1/3NP1B1/4Q2P/P4P2/1R1R2K1 b - -,c8g4 h3g4 b7b6 c5d6 e5d4 d1d4 c7d6 b1c1 e8e7 g1g2,16
1r2r1k1/R1p2pp1/4q1np/1p2p3/1P2P3/2P1QN1P/5PP1/3R2K1 b - -,e8c8 d1d5 f7f6 g1h2 g8h7 e3c5 g6f4 d5d2 e6e8 f3h4,18
rn1qkbnr/pp3ppp/4p3/2pp1b2/2PP4/2N2NP1/PP2PP1P/R1BQKB1R b KQkq -,g8f6 f1g2 b8c6 e1h1 f8e7 f3h4 f5g4 h2h3 g4h5 c4d5,78
3r2k1/1p1r1p1p/3Pq1p1/p2R4/3Q4/8/PP3PP1/3R2K1 b - -,h7h6 d1d3 g8h7 d3e3 d7d6 e3e6 d6d5 d4f6 d5d1 g1h2,151
1r3rk1/8/p6p/B1b2pq1/8/1P3N1b/P1P2PPP/1R2RQK1 b - -,g5f4 a5d2 f4f3 g2f3 h3f1 g1f1 b8b6 b1d1 f8c8 d2f4,455
rnk4r/pp2ppbp/5np1/2N5/2b5/2N3P1/PP2PPBP/R1B1K2R b KQ -,b8c6 c1d2 f6d7 c5a4 d7b6 a1c1 h8d8 a4c5 g7c3 c1c3,80
2br2k1/1pRn1r1p/p2Nq1p1/3pP1P1/3Q1P2/BP4P1/P5B1/6K1 b - -,d7e5 d6f7 e5f7 a3b2 f7e5 f4e5 b7b6 b2a3 a6a5 a3e7,980
rnb1kb1r/ppq1pppp/2p5/3pP2n/8/3PQ3/PPP2PPP/RNB1KBNR b KQkq -,g7g6 b1c3 f7f6 d3d4 f6e5 e3e5 c7e5 d4e5 h5g7 c3e2,6
5k2/1R6/6p1/4r2p/8/3K2PP/5P2/8 b - -,e5f5 b7b2 f8g7 d3e4 f5a5 b2d2 a5a3 e4e5 g7h6 h3h4,1
r1bqkbnr/1p3ppp/p1Pp4/4p3/PnB1P3/8/1PPQ1PPP/RNB1K1NR b KQkq -,d6d5 c4d5 b4d5 d2d5 d8d5 e4d5 b7c6 d5c6 g8e7 c1e3,50
8/1p2kppp/p3b3/3p4/P2N4/4P3/1P3PPP/2K5 b - -,e7d6 c1c2 b7b6 b2b4 e6d7 c2b3 d7c8 b3a3 h7h5 g2g3,7
4k3/8/7r/3K4/4Q3/8/8/8 b - -,e8f8 e4f5 f8g7 d5e5 h6g6 f5f4 g6a6 f4d4 g7h6 d4c4,20000
3rr1k1/pp4pp/2p1p1q1/4Qp1n/1PPP4/P6P/1B2NPP1/3R2K1 b - -,g6f6 f2f4 f6f7 e2c1 b7b5 c1b3 b5c4 b3d2 f7g6 d1f1,-223
rnbqk2r/ppp2ppp/8/3pP3/1b6/2P2N2/P1PPQ1PP/R1B1KB1R b KQkq -,b4e7 d2d4 e8h8 e2f2 f7f6 e5f6 e7f6 f1e2 c8f5 e1h1,-18
8/8/8/8/8/4K3/8/R4k1q b - -,,0
5k2/1p6/8/8/2b3K1/2N5/p7/8 b - -,f1g2 a1h1 g2h1 e3e4 h1g2 e4f5 g2g3 f5g6 g3f4 g6f7,Mate
r4b1r/pbpk1ppp/5P2/6q1/2p5/5P2/PP1PQ1PP/RNB2RK1 b - -,f8c5 g1h1 g5h4 e2e5 c5d6 e5f5 d7d8 f5h3 h4h3 g2h3,-220
2q5/2P3p1/3K4/3N2p1/8/B4k2/5P2/8 b - -,,0
2r2rk1/1p3ppp/p1qp1b2/4p3/4P3/1PP2N2/1P2QPPP/R4RK1 b - -,f8d8 c3c4 g7g6 g2g3 b7b5 f1c1 c6b7 c1c3 g8g7 g1g2,15
r3r1k1/1bq2pp1/pp3n1p/2pP1N2/P1P5/2N3P1/2Q3PP/3R1RK1 b - -,g8f8 c2d2 c7d8 f5h6 b7c8 d2f4 d8e7 d1e1 e7e1 f1e1,263
8/1nr3k1/2p4p/p2pN1p1/P2P1pP1/1PR2P2/3K3P/8 b - -,b7d8 c3c5 c7a7 d2c3 h6h5 h2h3 h5h4 b3b4 a5b4 c3b4,94
r4rk1/1b1p1pbp/6p1/1BpP4/Pn6/2N1PN2/1P4PP/3R1RK1 b - -,f8d8 d5d6 b7a6 e3e4 c5c4 e4e5 b4d3 c3d5 d3e5 f3e5,48
1Q4k1/4bpp1/3p1n1p/4p3/1P2P3/4BN1P/2q2PP1/6K1 b - -,c2c8 b8c8 g8h7 b4b5 f6e4 b5b6 e4c5 b6b7 c5b7 c8b7,957
8/3b1pp1/1kn1p2p/p3P2P/Pp2BPP1/1Pp1KN2/2P5/8 b - -,c6b8 f3h2 b8a6 g4g5 a6c5 e4h7 d7a4 b3a4 c5a4 h2f3,206
5k2/8/6p1/5r1p/8/3K2PP/1R3P2/8 b - -,,0
4rnk1/p4pp1/1p1P3p/2p1P2P/4q3/3RB3/Pb1NQPP1/6K1 b - -,e4a4 f2f4 c5c4 d3d5 c4c3 d2c4 a4a2 d5b5 a2a1 g1h2,27
5k2/1p6/8/8/2b3K1/8/8/q2N4 b - -,e4a4 f2f4 c5c4 d3d5 c4c3 d2c4 a4a2 d5b5 a2a1 g1h2,Mate
r2q1rk1/1pp2pp1/p1n1bn1p/3N4/2BPP3/P2Q1N1P/1PP3P1/R4RK1 b - -,c6a5 d5f6 d8f6 c4e6 f7e6 a1d1 a5c6 d3b3 f6g6 b3b7,239
r2q1r1k/pp1Pn1bp/2np2p1/2p3N1/2B1P3/2NP4/PPP3PP/R3QRK1 b - -,g7f6 f1f6 f8f6 e1h4 h7h5 g5e6 f6e6 c4e6 e7g8 h4d8,387
1r4k1/4R1p1/5n2/3p1B1p/p1nN3P/P4P2/2P2KP1/8 b - -,b8a8 d4e6 g8h8 e7g7 c4a3 g7f7 a3b5 f7f6 a4a3 f6h6,502
4r3/2p3k1/2Qn2Pp/5P2/1p5N/r7/P4P2/R1K4R b - -,a3c3 c6c3 b4c3 h1g1 h6h5 a1b1 e8a8 f5f6 g7f6 g6g7,569
2b5/p5p1/1p1k4/1B1Pp2p/1P2P1P1/5K1P/P7/8 b - -,d6e7 g4h5 a7a6 b5d3 c8h3 d3a6 h3d7 f3g3 d7a4 a6c8,461
r1b1r3/ppp2q1k/3B3p/3PbNp1/4P1B1/4Q2P/P4P2/1R1R2K1 b - -,c7d6 g1g2 c8f5 g4f5 h7h8 h3h4 e8g8 d1h1 e5f4 e3c3,48
2q5/2P3p1/3K4/2BN4/6p1/5k2/5P2/8 b - -,,0
5k2/2b2p2/5p2/2P5/1P2p2P/P3P1P1/1q6/R5RK b - -,b2f2 a3a4 c7g3 g1g3 f2g3 a4a5 g3h4 h1g2 h4g4 g2h2,-484
R6R/k1p5/3r4/1P6/P7/8/3p2KP/2r5 b - -,a7b6 a8a6 b6c5 a6d6 c7d6 b5b6 c5b6 a4a5 b6b5 h8h5,-1952
1Q3bk1/5pp1/3p1n1p/1P2p3/4P3/4BN1P/2q2PP1/6K1 b - -,c2b1 g1h2 b1e4 b5b6 f6d7 b8c7 d7b6 c7b6 d6d5 b6b5,204
r1b1r3/pp3q1k/3p3p/3PbNp1/4P1B1/4Q2P/P4PK1/1R1R4 b - -,c8f5 g4f5 h7h8 e3a3 e8e7 b1b3 h8g7 d1b1 e7c7 b3f3,52
r2q1rk1/pp1nbppp/4pn2/2pP4/3P1B2/P1NQPN1P/1P3PP1/R3K2R b KQ -,f6h5 f4h2 c5d4 f3d4 e6d5 c3d5 d8a5 d5c3 h5f6 e1h1,196
2b5/p5p1/1p1k4/1B1Pp3/1P2P1P1/5K2/P7/8 b - -,d6e7 g4g5 e7d6 f3g3 d6e7 g3h4 g7g6 h4g3 e7d8 g3f2,76
8/R7/1p1k3p/8/4P3/P3r2P/6PK/8 b - -,d6c6 a7h7 e3a3 h7h6 c6c7 g2g4 b6b5 h6h5 c7b6 h5h8,338
r1q1k2r/7p/p2Pb1p1/1pp1Q1Bn/8/3P4/PPP3PP/R4RK1 b - -,e8d7 a1e1 h8e8 g5e7 e6g8 b2b3 d7c6 c2c4 c6b7 h2h3,343
5k2/8/6p1/r6p/4K3/6PP/1R3P2/8 b - -,,0
7k/3q1p2/2p2Prp/1p2Q3/1P5P/2P2R2/6P1/7K b - -,g6g4 f3f4 g4g8 f4d4 d7e8 e5e7 c6c5 b4c5 e8a8 e7e4,137
3r2k1/p3rpp1/4bq1p/bp2p3/1P1pP3/P2P2QP/2B1RPP1/1N1R2K1 b - -,a5b6 a3a4 d8c8 b1a3 b5a4 c2a4 h6h5 h3h4 e7c7 a3b5,-154
r1bqk1nr/pp3ppp/1bn5/2P1p3/1P1p4/P3PN2/5PPP/RNBQKB1R b KQkq -,b6c7 b4b5 c6a5 d1a4 b7b6 c1d2 a5b7 c5b6 c7b6 f3e5,8
1r4k1/1rqnppbp/p1bp2p1/8/2p1P3/2N1BPP1/PPP1NK1P/RRQ5 b - -,f7f5 e4f5 b8f8 f3f4 f8f5 f2g1 f5h5 c1d1 d7f6 e2d4,-369
3n4/2r3k1/2p4p/p1RpN1p1/P2P1pP1/1P3P2/3K3P/8 b - -,c7a7 d2c3 h6h5 h2h3 h5h4 b3b4 a5b4 c3b4 a7b7 b4c3,90
r2qk2r/pp3ppp/2p5/3p1b2/3Nn3/2P5/PP1N1PPP/R1BQR1K1 b kq -,f5g6 f2f3 e8h8 f3e4 d5e4 d2f1 d8h4 c1e3 f7f5 d4e6,527
2q5/2P1N3/3K4/2B3p1/6p1/5k2/5P2/8 b - -,c8b7 c7c8q b7c8 e7c8 g4g3 f2g3 f3g3 d6e5 g5g4 c8d6,256
r1bqk2r/pppn1pp1/3bpn1p/3p4/3P3B/2N1PP2/PPP3PP/R2QKBNR b KQkq -,e8h8 c3b5 d6e7 h4g3 f6e8 c2c4 c7c6 b5c3 e8d6 c4d5,-66
r1bqk2r/pp3ppp/5n2/2b5/1nP5/4P1P1/P1BP3P/RNBQK1NR b KQkq -,e8h8 g1e2 c8h3 a2a3 b4d3 c2d3 d8d3 b1c3 f8e8 e2f4,-214
1r3b1r/pp2k1p1/2p1QnB1/q3p1p1/4P3/2N1B3/PP4PP/2KR3R b - -,e7e6 c1b1 g5g4 c3e2 b8d8 h2h3 g4h3 g2h3 f8b4 e2g3,-768
8/6k1/6p1/r6p/4K3/6PP/3R1P2/8 b - -,,0
r2qkbnr/pp1n1ppp/4p3/1B1pPb2/3N4/8/PP1P1PPP/RNBQK2R b KQkq -,f5g6 b1c3 a7a6 b5d7 d8d7 d2d3 f8c5 c1e3 g8e7 e1h1,-50
r1bq1rk1/pp2bppp/2nppn2/2p5/2PPP3/5NP1/PP3PBP/RNBQ1RK1 b - -,f6e4 d4d5 e6d5 c4d5 c6b4 a2a3 b4a6 f1e1 c8f5 g2f1,-71
1r2r1k1/2R2pp1/4q2p/1p2p3/1P2Pn2/2P1QN1P/5PP1/3R2K1 b - -,b8d8 d1d2 e6g6 g2g3 d8d2 e3d2 f4h3 g1f1 e8a8 d2d5,-45
3r1rk1/2q1bppp/8/p1n1Pp2/P4P2/2R1Q3/1P2BP1P/2B2RK1 b - -,c7b6 b2b3 b6g6 g1h1 c5e6 e3h3 e6d4 e2c4 g8h8 c3g3,145
3r1b2/1pqN1pkp/6p1/p2Qp3/P1p1P3/8/1PP1N1PP/3R1R1K b - -,c7d7 d5d7 d8d7 d1d7 g7g8 d7f7 f8h6 f7b7 g6g5 e2c3,942
8/5P2/2R1K3/1p6/1k6/8/8/5r2 b - -,,0
r3kb1r/2Q2ppp/4pq2/1b6/2P5/3RB3/PP3PPP/R5K1 b kq -,b5a4 c7b7 a8d8 d3d8 f6d8 e3b6 d8d7 b7b8 e8e7 b6c5,309
8/8/8/8/1NBK1k2/8/8/8 b - -,f4f5 b4d5 f5e6 d5e3 e6d7 e3f5 d7c6 d4e3 c6c5 c4f1,16
8/pp2r2k/2p5/2Pp3P/3PN1p1/1P4P1/P4P2/4RK2 b - -,e7g7 e4d6 b7b6 h5h6 g7g8 d6f7 g8f8 f7e5 b6c5 d4c5,636
3k4/8/3q4/8/8/4R3/3P4/3K4 b - -,,0
R7/P5k1/8/4KPpP/8/8/8/r7 b - -,a1e1 e5d4 e1d1 d4e3 d1e1 e3f2 e1h1 a8b8 h1h2 f2g3,1026
r4nk1/pp2prpp/2p2p2/5q1P/3P1N2/2P1Q3/PP1B4/2K3R1 b - -,e7e5 e3d3 f5d3 f4d3 e5d4 h5h6 a8e8 d3f2 d4c3 d2c3,-489
6k1/6pp/8/1p6/3K3P/6P1/b2N4/8 b - -,b5b4 d2f3 g8f8 f3e5 a2g8 e5d3 b4b3 d3b2 f8e7 d4e5,-370
r5n1/p1qnp1k1/1pp2p1p/6p1/4N3/1R1PNP2/P1P2P1P/1Q3K1R b - -,e7e6 h2h4 g8e7 b1b2 g5h4 h1h4 e7d5 d3d4 a7a5 c2c4,460
1r2b3/8/3k1K2/4R3/3B1P1P/1p2P3/8/8 b - -,d6d7 e5e7 d7d8 d4b2 b8b6 e7e6 b6b5 e6d6 d8c7 d6d4,292
8/2K1N3/8/2B3p1/6p1/5k2/5P2/8 b - -,f3e4 c5d6 e4d3 c7d7 d3e2 d6g3 e2d2 d7e6 d2e2 e6f5,1038
4r3/2p3k1/2nn2Pp/5P2/1p5N/r7/P2Q1P2/R1K4R b - -,c6e5 c1b1 h6h5 d2f4 e5g4 h1c1 g7f6 g6g7 a3h3 h4f3,503
3n4/r5k1/2p4p/p1RpN1p1/P2P1pP1/1PK2P2/7P/8 b - -,h6h5 h2h3 h5h4 b3b4 a5b4 c3b4 a7b7 b4c3 b7c7 c5a5,68
r2r2k1/pp3ppp/2nb4/7n/P1b1PN1P/4BP2/1P2NKP1/R4B1R b - -,g7g6 f4h5 g6h5 e2g3 c4e6 a1c1 d6e5 g3h5 c6b4 c1c5,205
8/6k1/6p1/7p/r2RK3/6PP/5P2/8 b - -,,0
8/4KP2/2R5/1p6/8/k7/8/5r2 b - -,,0
r1b2rk1/ppqn1pbp/2pp1np1/4p3/1PPP4/2N1PN2/PBQ1BPPP/R4RK1 b - -,f8d8 a1d1 e5d4 f3d4 d7b6 e3e4 a7a5 b4b5 d8e8 b2a1,53
8/7R/1p1k3p/8/4r3/P6P/6PK/8 b - -,e4a4 h7h6 d6c7 h6h7 c7c6 h7h8 a4a3 h3h4 a3a7 h4h5,462
r5k1/bp1b4/p3p2p/7P/3P1r1p/5N2/PP2BPK1/R2R4 b - -,d7c6 a1c1 c6e4 c1c3 a8f8 d1d3 a7d4 d3d4 e4f3 e2f3,-354
r3kb1r/1Q3ppp/4pq2/8/b1P5/3RB3/PP3PPP/R5K1 b kq -,a8d8 d3d8 f6d8 e3b6 d8d7 b7b8 e8e7 b6c5 e7f6 c5f8,322
8/5k2/8/6Kp/4P3/1R4P1/8/6r1 b - -,,0
6k1/p4r1p/4Rp2/1r1p2p1/3P2P1/5P2/P4KP1/7R b - -,,0
8/8/5k2/8/7P/4PKp1/5P2/8 b - -,f6f7 f3g3 f7e6 e3e4 e6e5 g3f3 e5e6 f3f4 e6d6 h4h5,4308
8/3q4/5k2/8/8/2R5/3P4/3K4 b - -,,0
8/2K1N3/8/2B3p1/8/5kP1/8/8 b - -,f3g3 c5d6 g3f3 e7f5 f3e4 f5g3 e4e3 c7c6 e3f2 g3f5,Mate
r3rk2/1b1qRpp1/pp1P1n1p/2p2N2/P1P5/2N3P1/3Q2PP/5RK1 b - -,d7e6 e7e6 e8e6 f5h6 a8d8 h6f5 f6e8 d2b2 e8d6 b2b6,585
5bk1/1Q1n1pp1/3p3p/1P2p3/4P3/4BN1P/2q2PP1/6K1 b - -,d6d5 b7d7 d5d4 e3d2 c2c5 d7c6 f7f6 c6c5 f8c5 d2a5,511
r1bqk1nr/pppp2pp/2n5/2b1pp2/1PP1P3/2N2N2/P2P1PPP/R1BQKB1R b KQkq -,c6b4 e4f5 d7d6 a1b1 g8e7 f5f6 g7f6 f1e2 e8h8 e1h1,-77
rnb1kbnr/ppp2ppp/5q2/8/2B5/1Q3N2/PP1P1PPP/RNB1K2R b KQkq -,c7c6 e1h1 b7b5 f1e1 f8e7 c4f1 c8g4 f3e5 g4e6 b3c2,139
r3kb1r/pppbpppp/2n1Qn2/8/3P4/2N2N2/PPP2PPP/R1B1KB1R b KQkq -,d7e6 f1b5 a7a6 b5a4 e6d7 c1f4 e7e6 e1a1 b7b5 a4b3,31
8/5K2/2R5/1p6/8/k7/8/8 b - -,,0
3n4/r5k1/2p5/p1RpN1pp/P2P1pP1/1PK2P1P/8/8 b - -,h5h4 b3b4 a5b4 c3b4 a7b7 b4c3 b7c7 c5a5 g7f6 a5a6,58
8/6k1/6p1/7p/3R4/4K1PP/r4P2/8 b - -,,0
6k1/p4r1p/4Rp2/3p2p1/3P2P1/5PK1/Pr4P1/7R b - -,,0
rnbqk1nr/ppp2p1p/3p2p1/4p3/N2bP3/2P3Q1/PP1P1PPP/R1B1KBNR b KQkq -,d4b6 d2d4 g8f6 c1g5 h7h6 a4b6 a7b6 g3h4 b8d7 f2f3,80
7k/5p2/2p2Prp/1p2Q3/1P4qP/2P3P1/7K/5R2 b - -,g4c8 f1d1 c8a8 d1d2 g6g8 e5e7 g8f8 d2d6 a8a2 h2h3,223
rnb1kb1r/ppp2ppp/5q1n/8/2B5/1QN2N2/PP1P1PPP/R1B1K2R b KQkq -,f8e7 c3d5 f6e6 e1d1 e6d6 d2d4 e8h8 c1f4 d6d7 f3e5,272
1r3b1r/pQ2k1p1/2p1bnB1/q3p1p1/4P3/2N1B3/PP4PP/2KR3R b - -,e6d7 b7b8 h8h6 b8d6 e7d8 d6f8 d8c7 f8g7 h6g6 g7g6,Mate
5k2/5p2/5p2/2P5/1P2p2P/P3P1R1/7K/q7 b - -,a1b2 g3g2 b2c3 g2a2 c3e3 c5c6 e3c3 a3a4 c3c6 a4a5,-496
RR6/2p5/1k1r4/1P6/P7/8/3p2KP/2r5 b - -,a1d1 g3g2 d1d3 a3a4 d3e3 c5c6 e3f4 h2h3 f4f5 h3h2,Mate
r1b1kb1r/pppp1ppp/8/1N1n4/8/5N2/PPPP1PPP/R1BK3R b kq -,f7f6 d2d3 e8f7 b5c3 d5c3 b2c3 b7b6 h2h4 d7d5 f3d4,-62
3n4/r5k1/2p5/p1RpN1p1/PP1P1pPp/2K2P1P/8/8 b - -,a5b4 c3b4 a7b7 b4c3 b7c7 c5a5 g7f6 e5d3 d8e6 a5a6,55
6k1/p4r1p/3R1p2/3p2p1/3P2P1/5PK1/r5P1/7R b - -,,0
8/8/8/5k2/8/2R5/3PK3/1q6 b - -,b1g1 c3f3 f5g6 f3c3 g1g4 e2e1 g4b4 e1d1 b4b1 d1e2,-24
r2qk2r/pp3ppp/2p3b1/3p4/3Nn3/2P2P2/PP1N2PP/R1BQR1K1 b kq -,e8h8 f3e4 d5e4 d2f1 d8h4 c1e3 f7f5 d4e6 f5f4 e3f4,531
r1bqk1nr/pppp2pp/2n5/4pP2/1bP5/2N2N2/P2P1PPP/R1BQKB1R b KQkq -,g8f6 c1b2 e5e4 f3g5 b4c3 b2c3 h7h6 c3f6 d8f6 g5e4,-39
8/6k1/6p1/7p/3R1K2/r5PP/5P2/8 b - -,,0
8/8/8/6K1/6R1/7k/6n1/8 b - -,g2e3 g4e4 e3g2 e4d4 h3g3 g5f5 g3f3 d4d3 f3f2 f5e4,10
8/5k2/7r/8/3KQ3/8/8/8 b - -,h6e6 e4h4 e6a6 h4h7 f7f8 h7b1 a6a4 d4e3 f8e7 b1b5,251
8/7R/1p1kr2p/8/6P1/P6P/7K/8 b - -,d6d5 a3a4 d5c5 h2g3 c5c4 g3h4 c4b4 h7a7 e6d6 a7a6,428
8/5k2/1R6/6Kp/4P3/6P1/8/7r b - -,,0
5k2/5p2/5p2/2P5/1P2p2P/P3P3/1q4RK/8 b - -,b2c3 g2e2 c3d3 e2g2 d3e3 c5c6 e3f4 h2h3 f4f5 h3g3,-517
6k1/p4r1p/3R1p2/r2p2p1/3P2P1/5PK1/6P1/2R5 b - -,,0
4r3/pp4k1/6p1/1bn5/3R4/P4pP1/1PBK3P/1RN2r2 b - -,f1f2 d2c3 e8c8 b2b3 c5e4 c3b4 f2c2 d4e4 f3f2 c1a2,-640
r1bq1rk1/pp3pbp/3ppnp1/2pPn3/2P1P2P/2N1BP2/PP4P1/R1NQKB1R b KQ -,e6d5 c3d5 f6d5 d1d5 c8e6 d5d2 f7f5 e4f5 f8f5 h4h5,-266
r2qkbnr/pp3ppp/2n5/2P2b2/1PPpp3/PN6/4PPPP/RNBQKB1R b KQkq -,f8e7 g2g3 h7h5 f1g2 h5h4 e1h1 g8f6 c1f4 f6h5 b1d2,38
8/3R2k1/6p1/r6p/5K2/6PP/5P2/8 b - -,,0
8/2K1N3/3B4/6p1/8/6k1/8/8 b - -,g3g4 c7c6 g4f3 e7f5 f3g4 f5g3 g4f3 c6c5 f3e3 c5c4,368
8/p1p3p1/1b2k2p/4P3/3Pp3/2P3P1/PP1BK2P/8 b - -,h6h5 e2e3 h5h4 e3e4 h4h3 d2e3 a7a6 g3g4 c7c6 c3c4,563
r5k1/bp6/p1b1p2p/7P/3P1r1p/5N2/PP2BPK1/2RR4 b - -,c6e4 c1c3 a8f8 d1d3 a7d4 d3d4 e4f3 e2f3 f4d4 f3b7,-352
3r2k1/2R2pp1/4q2p/1p2p3/1P2Pn2/2P1Q2P/5PP1/4N1K1 b - -,e6a2 c7a7 a2c4 a7a1 g8h7 h3h4 d8d6 e1f3 f7f6 f3e1,-42
8/5k2/3r4/2K5/4Q3/8/8/8 b - -,d6e6 e4c4 f7f6 c5d5 e6e5 d5d6 e5f5 c4g4 f5g5 g4e6,9605
8/8/8/8/3kq3/2R5/3P4/3K4 b - -,,0
8/5k2/5R2/6Kp/4P3/6P1/8/6r1 b - -,,0
r2q1rk1/1b2bppp/p1Npp3/1pn3P1/4P2P/P1N1B3/1PPQ1P2/2KR1B1R b - -,c5b3 c2b3 b7c6 c1b1 a8b8 f2f3 d8d7 h4h5 b5b4 a3b4,447
r1bqk2r/p3bppp/2pppn2/6B1/4P3/8/PPPQNPPP/R3KB1R b KQkq -,f6e4 g5e7 d8e7 d2d4 e4f6 e2g3 e8h8 f1d3 e6e5 d4a4,-192
1r1k4/8/5K2/4R2b/5P1P/1p2P3/1B6/8 b - -,b8b6 f6g5 h5f7 f4f5 b6a6 e5b5 d8c7 b2d4 c7c6 b5b4,407
4rk2/p5p1/1p2p3/nP6/7R/P7/2r2bPP/3R1K2 b - -,f2h4 g2g3 h4f6 f1g1 f8e7 g3g4 a5c4 g4g5 f6g5 a3a4,-1302
3r1rk1/4bppp/2q5/pBn1Pp2/P4P2/2R1Q3/1P3P1P/2B2RK1 b - -,c6d5 e3h3 c5e6 b5c6 d5a2 h3f5 e6d4 f5e4 f7f5 e5f6,98
r3r1k1/pp1n1ppp/1qp2n2/3p4/3P1Qb1/P1NB2NP/1PP2PP1/4RRK1 b - -,g4e6 c3e2 d7f8 f4c1 e6d7 c2c3 e8e7 e2f4 e7e1 f1e1,27
r1bqk2r/pp3ppp/2n2n2/2b5/2B2p2/2N2N2/PPPPQ1PP/R1B1K2R b KQkq -,c6e7 d2d4 c5d6 f3e5 e8h8 c1f4 d6b4 e1h1 d8d4 g1h1,90
r2qkbnr/1p3ppp/p1n5/2P2b2/1PPppB2/PN6/4PPPP/RN1QKB1R b KQkq -,,0
8/7R/1p1k3p/8/6P1/P5KP/4r3/8 b - -,e2a2 h7h6 d6c5 g3h4 a2a3 h6h8 b6b5 g4g5 a3a7 g5g6,519
8/3R4/6pk/r6p/5K2/5PPP/8/8 b - -,,0
5rk1/bp6/p1b1p2p/7P/3P1r1p/2R2N2/PP2BPK1/3R4 b - -,c6d5 d1d3 a7d4 c3a3 d4b2 a3b3 b2d4 b3a3 f8f5 g2h3,-400
5k2/5p2/5p2/2P4P/1P2p3/P1q1P3/6RK/8 b - -,c3e3 a3a4 e3f4 h2g1 e4e3 a4a5 f4b4 a5a6 b4d4 g1h2,-542
rn1q1rk1/5ppp/1Np1pn2/8/2bP4/6P1/P2QPPBP/1RB1R1K1 b - -,c4a2 b6a8 a2b1 c1a3 b1e4 a3f8 e4g2 f8g7 g8g7 d2g5,315
5r1r/1b1n1pRp/1k2p2p/p3P3/1BN1p3/8/PPP2P1P/2K3R1 b - -,b6a6 b4f8 h8f8 c4d6 d7e5 d6b7 a6b7 g1e1 b7c6 e1e4,447
rn2kb1r/p3pppp/1p6/2p2q2/4N3/1P2B3/P3BPPP/R2QK2R b KQkq -,a7a6 e1h1 g7g6 b3b4 f8g7 b4c5 b6b5 e2f3 f5e5 a1c1,500
8/6k1/8/6Kp/4P3/5RP1/8/6r1 b - -,,0
8/p4rkp/2RR1p2/r2p2p1/3P2P1/5PK1/6P1/8 b - -,,0
5r1k/pp4p1/1bp2n1p/7q/2B2Q2/2N2nP1/PPPBR2P/7K b - -,f6d7 f4f8 d7f8 c4d3 f3d2 e2d2 h5f3 d2g2 f8d7 h2h4,-616
rnbqk2r/p2pppbp/1p3np1/2p5/3PP3/3B1N2/PPP2PPP/RNBQ1RK1 b kq -,c5d4 e4e5 f6g4 f1e1 f7f6 e5f6 g4f6 d3c4 e7e6 c1f4,69
r5n1/p3p1k1/1pp2p1p/4n1p1/4Nq2/1R1P1P2/P1P2PNP/3Q1K1R b - -,e5d3 b3d3 f4e5 e4g3 f6f5 f3f4 e5a5 h2h4 g5f4 g2f4,665
r4rk1/pp2ppbp/3p2p1/q7/1nP1PP2/1P2B3/P4QPP/1BRR2K1 b - -,a8d8 d1f1 d8c8 g1h1 b4c6 c1d1 a5c3 h2h3 c3b2 d1d2,77
4r3/2p3k1/3n2Pp/4nP2/1Q5N/r7/P4P2/R1K4R b - -,e5d3 c1b1 d3b4 h1c1 d6b5 h4g2 b4d3 g2e3 d3c1 b1c1,-503
r2r2k1/pp3ppp/2nb4/7n/P3P2P/4BP2/1P2NKP1/R4B1R b - -,h7h6 g2g4 h5f6 a1c1 f6d7 f3f4 d7f6 f2f3 d6b4 e2c3,187
8/3R4/6pk/7p/r7/4KPPP/8/8 b - -,,0
rn2kb1r/p3pppp/1p6/2p5/4q3/1P2BB2/P4PPP/R2QK2R b KQkq -,e4b4 e3d2 b4b5 f3a8 e7e6 a2a4 b5d7 d2c3 d7c7 d1g4,489
r1bq1rk1/pp3pbp/3p1np1/2pPn3/4P2P/2N1BP2/PP4P1/R1NQKB1R b KQ -,f6h5 e3f2 f7f5 f1e2 b7b5 e4f5 c8f5 e2b5 h5f4 f2g3,-255
8/2K5/3B4/5Np1/8/5k2/8/8 b - -,f3e2 f5g3 e2e3 c7c6 e3f2 c6d5 f2g2 d5d4 g2f2 d4d3,371
8/3k2R1/5K2/4P3/8/8/8/4r3 b - -,d7e8 g7b7 e1e3 b7b6 e3e1 b6a6 e1e2 a6a8 e8d7 a8a7,3
r2qkb1r/2p1nppp/p3n3/1p1p4/8/1BNQ3P/PPP2PP1/R1B2RK1 b kq -,c7c6 a2a4 b5b4 c3e2 g7g6 e2d4 f8g7 d4e6 f7e6 c2c4,-75
r1b1r3/ppp2q1k/3n3p/2BP2p1/3NPbB1/3Q3P/P4P2/1R1R2K1 b - -,c8g4 h3g4 d6e4 d4e6 f7g6 c5d4 a8b8 d4a7 b8c8 b1b7,124
r3r1k1/pp1n1ppp/1qp1bn2/3p4/3P1Q2/P2B2NP/1PP1NPP1/4RRK1 b - -,e8e7 c2c3 a8e8 f4c1 f6e4 e2f4 e4g3 f2g3 h7h6 d3c2,19
1n1q1rk1/5ppp/2p1pn2/1b6/2NP4/2Q3P1/r3PPBP/1RB1R1K1 b - -,f6d5 c3b3 a2a4 c4a3 a4d4 a3b5 c6b5 c1b2 d4b4 b3d3,31
rnbqk1nr/ppp2p1p/1b1p2p1/4p3/N2PP3/2P3Q1/PP3PPP/R1B1KBNR b KQkq -,g8f6 c1g5 b8d7 g3h4 h7h6 f2f3 e8e7 g5e3 b6a5 e1a1,78
8/6pk/1q5p/p1p2Q2/P1P2P2/1P6/5KPP/8 b - -,g7g6 f5f7 h7h8 f7f8 h8h7 f4f5 g6f5 f8f5 h7h8 f5f3,380
r1bk1b1r/pp1nqN1p/n2Np1p1/2ppP3/3P4/5Q2/PPP2PPP/R1B1KB1R b KQ -,e7f7 d6f7 d8c7 f7h8 a6b4 e1d1 c5d4 f3f7 c7b6 f2f4,910
r3kb1r/ppp1pppp/2nq1n2/7b/8/2N2N1P/PPPPBPP1/R1BQ1RK1 b kq -,,0
b1R2B2/qr3pk1/p3p1pp/1p1pN2n/3P4/3BP3/PP3PPP/R5K1 b - -,g7h8 f8c5 h8h7 c5a7 b7a7 a1c1 h5g7 c8c7 a7c7 c1c7,821
8/8/8/8/3k4/2R5/2KP4/7q b - -,,0
r5rk/pbpq1p1p/1n2pP2/4N3/2pP4/b1P3P1/3QBP1P/2RR2K1 b - -,g8g6 e5d7 a3c1 d1c1 b6d7 e2c4 g6f6 c4b5 d7f8 b5e2,301
8/3R4/6pk/7p/4K3/r4PPP/8/8 b - -,,0
r2q1rk1/pp1nbppp/5n2/2pp4/3P1B2/P1NQPN1P/1P3PP1/R4RK1 b - -,d8b6 c3a4 b6a5 a4c5 e7c5 d4c5 d7c5 d3d1 a5a6 f4e5,76
8/2p3k1/3nr1Pp/4nP2/7N/Q7/P4P2/R1K4R b - -,e6e7 c1c2 e7f7 g6f7 e5f7 f5f6 g7f6 a1e1 f7e5 a3c5,1202
8/8/6K1/p1pP2P1/2P4R/3kp1r1/PQ6/5q2 b - -,,0
r2qkbnr/1p3ppp/p1n5/2P2b2/1PPpp3/PN6/1B2PPPP/RN1QKB1R b KQkq -,e4e3 f2e3 d4e3 b1c3 d8h4 g2g3 h4c4 f1g2 a8d8 g2d5,116
5k2/5p2/2P2p2/7P/1P2p3/P3q3/6RK/8 b - -,e3f3 a3a4 f3h5 h2g3 h5f3 g3h2 e4e3 b4b5 f6f5 g2g3,-633
r2q1rk1/pp3ppp/5n2/2b2b2/1nP1P3/2NP2P1/P1B4P/R1BQK1NR b KQ -,c5g1 h1g1 d8d4 c3e2 d4a1 e4f5 a1a2 c2b3 a2b1 c1g5,-481
6k1/6pp/8/8/1p1K3P/5NP1/b7/8 b - -,g8f8 f3e5 a2f7 e5d3 b4b3 d3b2 f8e7 d4e5 e7d7 b2a4,-485
r5rk/pbpN1p1p/1n2pP2/8/2pP4/b1P5/3QBPPP/2RR2K1 b - -,b6d7 g2g3 a3c1 d2c1 b7d5 c1f4 a8b8 e2f3 d5f3 f4f3,265
5rk1/6q1/p6p/5p2/1r6/1P3N1P/P1P1QP1P/1R2R2K b - -,g8h7 e2a6 b4e4 a6c6 f8e8 e1e4 e8e4 b1d1 e4e7 f3g1,653
8/1pkb4/8/p2P4/2pP4/5P2/5KP1/8 b - -,a5a4 f3f4 a4a3 f4f5 d7f5 f2f3 a3a2 f3f4 a2a1q f4e5,-1649
r3r3/ppp2q1k/3n3p/2BP2p1/3NPbP1/3Q4/P4P2/1R1R2K1 b - -,d6e4 d4e6 f7g6 c5d4 a8b8 d4a7 b8c8 b1b7 e4d6 b7b2,126
8/8/6pk/7p/r2RK3/5PPP/8/8 b - -,,0
1r3b1r/pp2k1p1/2p1bnB1/q3p1p1/4P3/Q1N1B3/PP4PP/2KR3R b - -,a5a3 b2a3 e6g4 d1f1 g4h5 g6h5 h8h5 e3a7 b8c8 a7c5,Mate
3k4/6R1/4PK2/8/8/8/8/4r3 b - -,,0
8/8/1p1k3R/8/6P1/P5KP/r7/8 b - -,d6e5 h6b6 a2a1 g3h4 a1a3 g4g5 a3a4 h4h5 e5f4 h3h4,710
6k1/3R3p/6p1/5pp1/5b2/7P/5P2/6K1 b - -,,0
3r2k1/5pbp/1R4p1/1pp3q1/3P4/1P3P1P/1BQP2P1/6K1 b - -,d8e8 c2c1 g5g3 g1f1 g3h2 b3b4 h2h1 f1f2 g7d4 f2g3,-329
8/p5p1/1b2k2p/2p1P3/3Pp3/2P1K1P1/PP1B3P/8 b - -,e6f5 h2h3 c5c4 g3g4 f5e6 e3e4 g7g5 d2e3 e6e7 b2b4,588
8/3b1pp1/2n1p2p/p1k1PP1P/Pp2B1P1/1Pp1KN2/2P5/8 b - -,c6d8 f5f6 g7g5 h5g6 f7g6 e4g6 d7c8 f6f7 d8f7 g6f7,575
1R2k3/5b2/r7/5PK1/7P/1p2P3/1B6/8 b - -,e8d7 b8b7 d7e8 e3e4 a6a2 b2e5 a2e2 h4h5 e2e4 h5h6,528
r3r1k1/pp1n1ppp/2p1bn2/3p4/3P1Q2/P2B2NP/1qP1NPP1/R4RK1 b - -,d7f8 f1b1 b2b6 b1b6 a7b6 f4c1 e6d7 a1b1 b6b5 g3f1,646
r1bq1rk1/1p3pb1/p2p1np1/2pPn2p/4P1PP/2N1BP2/PP2B3/R1NQK2R b KQ -,h5g4 c1d3 g4f3 e2f3 f6g4 e3g5 f7f6 g5f4 f6f5 f3g4,-307
r1bqr1k1/ppbn2pp/2p2p2/3Pp3/4N2B/5B2/PPP2PPP/R2Q1RK1 b - -,d7f8 d5d6 c7b6 f3h5 f8g6 h4f6 g7f6 d6d7 e8f8 d7c8q,39
r2qkb1r/ppp2ppp/3p1n2/4p3/2BnP3/2NPBP1P/PPP2P2/R2QK2R b KQkq -,f6h5 f3f4 h5f4 e3d4 e5d4 d1f3 d4c3 f3f4 d8e7 b2c3,-38
1r3b1r/pp2k1p1/2p1bnB1/2B1p1p1/4P3/q1N5/PP4PP/2KR3R b - -,a3c5 c1b1 h8h6 g6f5 e6c4 h2h3 c5f2 b1a1 b7b5 b2b3,-1748
r1bq1rk1/pp3ppp/2n5/3pP3/8/5N2/PP1QBPPP/R4RK1 b - -,f8e8 d2f4 c6e5 f3e5 d8f6 f4f6 g7f6 e2c4 d5c4 e5c4,-5
3n4/2r3k1/2p5/P1RpN1p1/3P1pPp/2K2P1P/8/8 b - -,g7f6 a5a6 f6e7 c3b4 c7c8 b4a5 e7d6 c5c3 d8e6 e5f7,32
3r1rk1/2q1bppp/8/p1n1Pp2/P4P2/1PR1Q3/5P1P/2BB1RK1 b - -,c7c6 c1a3 c6g6 g1h1 g6a6 d1e2 a6b7 e2f3 c5e4 a3e7,205
8/8/3k4/8/8/R2K4/3P4/7q b - -,c7c6 c1a3 c6g6 g1h1 g6a6 d1e2 a6b7 e2f3 c5e4 a3e7,Mate
2kr1b1r/ppp1pBpp/5n2/q7/3n2b1/2N2P2/PPPBN1PP/R2QK2R b KQ -,g4f3 h1f1 f3g4 h2h3 g4e6 f7e6 d4e6 f1f2 a5a6 d1c1,-230
2r2k2/5pp1/R6p/1p1b4/n2N4/P3P2P/1P3PP1/5BK1 b - -,d5b7 a6a7 b7d5 f1b5 a4b2 a7d7 d5c4 a3a4 g7g6 g1h2,325
rnb1k2r/1p3pb1/p1q5/4p1Pp/2Pp4/3B2N1/PP1B1P1P/R2QK2R b KQkq -,c8g4 d1c2 b8d7 d3e4 c6c7 g3f5 g4f5 e4f5 d7c5 e1h1,69
6k1/6q1/p4r1p/5p2/1r6/1P3N1P/P1P1QP1P/1R4RK b - -,b4b7 e2c4 g8h7 g1g7 b7g7 b1g1 g7g1 f3g1 f5f4 h3h4,979
1n1q1rk1/5ppp/2p1p3/1b1n4/r2P4/NQ4P1/4PPBP/1RB1R1K1 b - -,a4b4 b3c2 b4b1 a3b1 b8d7 c2d2 d8b6 e2e4 d5f6 h2h3,29
rnb1kb1r/pp2pppp/5n2/8/QpPPq3/4B3/P4PPP/RN2KBNR b KQkq -,e4c6 a4b4 e7e5 b4b2 e5d4 e3d4 c8g4 h2h3 g4h5 b1d2,-63
r2q1rk1/pp1nbppp/5n2/3p4/2pP1B2/P1N1PN1P/1PQ2PP1/R4RK1 b - -,d8c8 b2b3 a7a6 b3c4 c8c4 f1c1 f8c8 c2d1 c4c6 a3a4,55
r5k1/2N5/3p1n2/p1pPp3/2P1Pp2/R4Pb1/PP1Q4/1KN4q b - -,a8b8 c7b5 g3e1 d2e2 g8h7 a3d3 b8g8 d3d1 g8g1 c1d3,230
8/4k3/1R6/8/6P1/P5KP/r7/8 b - -,a2e2 g4g5 e2e4 b6b4 e4e3 g3g4 e3a3 h3h4 a3a8 b4b6,721
r2qr1k1/pR1n1ppp/2p1bn2/3p4/3P1Q2/P2B2NP/2P1NPP1/R5K1 b - -,d7b6 a3a4 b6c4 d3c4 d5c4 e2c3 a7a5 a1b1 h7h6 b1b6,63
r2qk2r/2p1bppp/p1n1n3/1p2P2b/3pB3/2P4P/PP1N1PPN/R1B1QRK1 b kq -,c6a5 f2f4 e6c5 g2g4 c5e4 d2e4 d4c3 g4h5 d8d4 g1h1,277
r3kb1r/ppqn1p1p/2p1p3/5pN1/3Pb3/6P1/PPPB1PBP/R2QR1K1 b kq -,h8g8 g5e4 f5e4 e1e4 d7f6 e4h4 f8e7 c2c3 c7a5 a2a4,329
r3k2r/pp2qppp/2p3b1/8/3NN3/2P5/PP4PP/R1BQR1K1 b kq -,e8h8 e4f2 e7c7 d1f3 f8e8 c1e3 e8e7 f3f4 c7f4 e3f4,617
4Q1k1/6q1/p5rp/5p2/1r6/1P3N1P/P1P2P1P/1R4RK b - -,g8h7 g1g6 g7g6 e8e7 h7h8 b1g1 g6g1 f3g1 b4b5 h3h4,1059
8/8/6pk/7p/3R1K2/5PPP/r7/8 b - -,,0
3n4/2r3k1/2p5/R2pN1p1/P2P1pPp/2K2P1P/8/8 b - -,g7f6 a5a6 f6e7 e5d3 d8e6 a4a5 e7d6 a6a8 c7g7 a5a6,51
r3kb1r/ppqn1p1p/2p1pp2/8/3Pb3/5NP1/PPPB1PBP/R2QR1K1 b kq -,e4f5 c2c4 f5g4 h2h3 g4h5 c4c5 a8d8 d2f4 c7c8 d1a4,203
rnbqk1nr/ppp2p1p/1N1p2p1/8/3pP3/2P3Q1/PP3PPP/R1B1KBNR b KQkq -,a7b6 c3d4 g8f6 f1d3 f6h5 g3f3 e8h8 g1e2 c7c5 c1h6,84
4Q3/6qk/p5Rp/5p2/1r6/1P3N1P/P1P2P1P/1R5K b - -,g7g6 e8e7 h7h8 b1g1 b4b6 e7f8 h8h7 g1g6 b6g6 f8f7,1181
r1b1k1nr/ppq3pp/2n1pp2/3pP3/2pP4/P1P2NQ1/2P1BPPP/R1B1K2R b KQkq -,b7b6 e1h1 c7f7 e5f6 g7f6 f3h4 g8e7 a3a4 c8d7 g3c7,73
5k2/6p1/1q5p/p1p5/P1P2P2/1P1Q4/5KPP/8 b - -,b6c7 f2e3 c7b6 d3f5 f8g8 e3d2 g8h8 f5d5 b6f6 d5a8,404
2rq1rk1/pp1bbppp/2nppn2/2p5/4P3/P1PP1NP1/1P1N1PBP/R1BQR1K1 b - -,h7h6 b2b4 b7b5 c1b2 c5b4 a3b4 a7a5 b4a5 c6a5 b2a3,22
2kr1b1r/ppp1pBpp/5n2/q4b2/3N4/2N2P2/PPPB2PP/R2QK2R b KQ -,d8d4 d1e2 e7e5 e1a1 f8b4 h1e1 e5e4 c3e4 f5e4 d2b4,65
r1bqr1k1/ppbn3p/2p2p2/3Pp1p1/4N3/5BB1/PPP2PPP/R2Q1RK1 b - -,g8g7 d5c6 b7c6 h2h4 d8e7 f3g4 d7c5 e4c5 e7c5 g4c8,82
6k1/5p1p/1R4p1/1pP5/3b4/B4PKP/3P2P1/r7 b - -,a1a3 b6b5 a3a2 c5c6 a2c2 f3f4 c2c6 b5d5 d4b6 g3g4,-347
r1bqkbnr/ppp1pp2/2np4/6p1/3P3p/4P2P/PPPN1PPB/R2QKBNR b KQkq -,e7e5 c2c3 g8h6 g1f3 g5g4 h3g4 h6g4 f1b5 c8d7 d1b3,31
3n4/2r5/R1p2k2/3pN1p1/P2P1pPp/2K2P1P/8/8 b - -,f6e7 a4a5 e7d6 e5d3 d8e6 a6a8 c7g7 a5a6 e6c7 a8c8,56
r1bq1k1r/pp3ppp/2n2n2/2b5/2B2p2/2NP1N2/PPP1Q1PP/R1B1K2R b KQ -,c8g4 c1f4 c6d4 e2e5 d8b6 c3a4 d4f3 g2f3 b6a5 a4c3,-84
r2q1rk1/pp1nbppp/5n2/3p4/2pP1B2/P1N1PN1P/1P1Q1PP1/R4RK1 b - -,d8b6 f3e5 a8d8 f1b1 d7e5 f4e5 d8d7 b2b3 c4b3 d2b2,29
r1b2b1r/ppknqN1p/n2Np1p1/2ppP1B1/3P4/5Q2/PPP2PPP/R3KB1R b KQ -,c5d4 g5e7 f8e7 f3a3 c7b8 f7h8 d7e5 f1a6 b7a6 h8f7,829
6k1/3R2pp/8/1p1b4/7P/4K1P1/r2N4/8 b - -,d5h1 e3f4 a2a4 f4f5 h1g2 d7d6 a4b4 f5e6 h7h6 d6d3,-101
2r3k1/p4r1p/4pp2/q2p2p1/3P2P1/1P1Q1P2/P4KP1/R6R b - -,c8c3 d3e2 e6e5 a1c1 e5e4 c1c3 a5c3 h1d1 f7e7 e2e3,-46
8/8/6pk/7p/3R1K1P/5PP1/7r/8 b - -,,0
4k1b1/1R6/7P/4BPK1/8/1p2P3/r7/8 b - -,a2a6 e3e4 a6c6 b7b8 e8f7 b8b3 c6c1 b3b7 f7e8 g5f6,785
r1bqkb1r/pppnnpp1/3pp2p/8/3PP2B/2P2N2/PP3PPP/RN1QKB1R b KQkq -,g7g5 h4g3 f7f5 f3d2 f8g7 f2f3 e8h8 b1a3 e6e5 a3c2,-35
r2qk2r/ppp2pp1/2nbbn1p/3p4/3P4/2PB2N1/PP1N1PPP/R1BQ1RK1 b kq -,a7a6 f2f4 h6h5 d2f3 h5h4 g3f5 e6f5 d3f5 c6e7 d1e2,57
r2qrnk1/pR3ppp/2p1bn2/3p4/3P1Q2/P2B2NP/2P1NPP1/1R4K1 b - -,h7h6 f4c7 e6d7 c7d8 e8d8 e2f4 g7g6 f2f3 f6e8 b7b4,57
r3kbnr/1p3ppp/p1n2q2/2P2b2/1PPppB2/PN6/3NPPPP/R2QKB1R b KQkq -,g7g5 g2g4 g5f4 g4f5 f6e5 b4b5 c6e7 f1g2 f4f3 d2f3,-14
4b3/1k2K3/3Q4/8/8/8/8/8 b - -,g7g5 g2g4 g5f4 g4f5 f6e5 b4b5 c6e7 f1g2 f4f3 d2f3,Mate
4Q3/7k/p5qp/5p2/1r6/1P3N1P/P1P2P1P/4R2K b - -,g6e8 e1e8 b4f4 e8e3 f4b4 e3e1 h7g7 c2c3 b4b5 e1e5,659
b1r5/B4N1k/p3p1pp/1p1p3n/3P4/3BP3/PP3PPP/R5K1 b - -,h5f6 f7e5 h7g7 f2f3 f6e4 f3e4 d5e4 d3f1 c8c2 d4d5,629
8/p5p1/1b2P2p/2p5/2kPp3/4K1P1/PP1B3P/8 b - -,g7g6 e6e7 c4d5 e7e8q c5d4 e3e2 g6g5 e8f7 d5e5 d2f4,638
q4rk1/1bp1bpp1/2np1n1p/1p2p3/4P2N/1BPP3P/1P3PP1/1NBQ1RK1 b - -,f6e4 d1g4 e4f6 g4g6 d6d5 g6g3 f6h5 g3g4 e7h4 g4h4,-42
3rr1k1/R1p2pp1/4q1np/1p1Rp3/1P2P3/2P1QN1P/5PP1/6K1 b - -,d8d5 e4d5 e6d5 a7c7 d5d1 e3e1 e8d8 e1d1 d8d1 g1h2,-7
r3k2r/ppp2pp1/8/4P1p1/4R3/2P4P/P1P2P1P/2K3R1 b - -,,0
2rq1rk1/p2bbppp/2nppn2/1pp5/3PP3/P1P2NP1/1P1N1PBP/R1BQR1K1 b - -,c5d4 c3d4 a7a5 b2b3 d8b6 c1b2 d6d5 e4e5 f6g4 h2h3,13
rnbqk1nr/1pp2p1p/1p1p2p1/8/3PP3/6Q1/PP3PPP/R1B1KBNR b KQkq -,g8f6 f1d3 f6h5 g3f3 e8h8 g1e2 c7c5 c1h6 f8e8 d3c4,85
5rk1/1p6/p1R1p2p/7P/3b1r1p/5N2/PP2BPK1/3R4 b - -,,0
5k2/5p2/2P2p2/7q/1P2p3/P6R/7K/8 b - -,h5e2 h2g3 e2f3 g3h2 f3f4 h2g2 f4d2 g2g3 d2c3 g3g4,-753
1n1q1rk1/5ppp/2p1p3/1N1n4/3r4/1Q4P1/4PPBP/1RB1R1K1 b - -,d4b4 b3d3 b4b1 d3b1 c6b5 b1b5 d8b6 b5b6 d5b6 e1d1,31
r1bqk1nr/ppp3pp/2np4/2b2p2/1P2PP2/P1NQ4/2P3PP/R1B1KBNR b KQkq -,c5g1 h1g1 f5e4 d3e4 d8e7 c1b2 g8f6 e4e7 c6e7 e1a1,110
rn1q1rk1/pb2ppbp/1ppp1np1/4P3/2PP4/2N2N2/PPQ1BPPP/R1B2RK1 b - -,f6e8 c2e4 d8d7 f1e1 c6c5 d4d5 d6e5 f3e5 d7d8 e2f3,109
r1b2rk1/p1p3pp/2p2q2/3p4/4n3/5P2/PPP3PP/RNBQR1K1 b - -,e4c5 b1c3 c8f5 c1f4 a8e8 d1d2 d5d4 c3e2 c5e6 f4g3,9
r1bqk2r/ppppbpp1/2n2n1p/4p3/4P3/3B1N2/PPPP1PPP/RNBQ1RK1 b kq -,f6e4 d3e4 d7d5 f3e5 c6e5 d2d4 d5e4 d4e5 d8d1 f1d1,-60
rnb1kb1r/pppp1ppp/8/4P1n1/2B1q3/1Q6/PPP1NPPP/RNB1K2R b KQkq -,h7h6 c1g5 h6g5 c4f7 e8d8 b1c3 e4e5 e1a1 b8c6 h1e1,204
b1r5/B6k/p3pnpp/1p1pN3/3P4/3BP3/PP3PPP/R5K1 b - -,f6e4 f2f3 h6h5 a7b6 h7g7 f3e4 d5e4 d3e2 c8c2 e2d1,628
r4k1r/ppp2pp1/8/4P1R1/4R3/2P4P/P1P2P1P/2K5 b - -,,0
r2q1rk1/pp1nbppp/8/3p4/2pPnB2/P1N1PN1P/1PQ2PP1/R4RK1 b - -,a8c8 c3d5 f7f5 a1d1 d7b6 d5e7 d8e7 d4d5 c4c3 d5d6,173
r4rk1/ppp1qppp/2n1B3/2b1p2n/4P3/2P2N1P/PP1NQPP1/R1B2RK1 b - -,h5g3 e2b5 g3f1 g1f1 f7e6 b5b7 e7d7 b7a6 c6e7 b2b4,-17
4R3/7k/p6p/5p2/1r6/1P3N1P/P1P2P1P/7K b - -,h7g7 c2c3 b4b5 e8e5 b5b7 e5f5 b7c7 f3d4 c7c3 h3h4,670
6k1/5p1p/6p1/8/5PKP/3R2P1/3P1b2/6r1 b - -,g8g7 h4h5 g6h5 g4h3 f2e1 h3h2 g1f1 d3e3 e1d2 e3d3,-379
r1bqk1nr/ppp3pp/2np4/5p2/1P1bPP2/P1NQ4/2P1N1PP/R1B1KB1R b KQkq -,f5e4 d3e4 d8e7 e2d4 c6d4 e1d2 c7c5 c3b5 d4b5 f1b5,100
8/8/6pk/7p/3R1KPP/5P2/r7/8 b - -,,0
3R2k1/7p/6p1/4bpp1/8/7P/5P2/6K1 b - -,,0
8/8/8/5nR1/8/8/5K1k/8 b - -,f5h4 g5g7 h2h3 g7g3 h3h2 g3b3 h4g6 f2f3 h2h3 b3a3,13
r3k2r/pp2qppp/2p5/8/3Nb3/2P5/PP2Q1PP/R1B1R1K1 b kq -,e8a8 e2e4 e7e4 e1e4 c6c5 d4f3 d8d1 e4e1 d1e1 f3e1,595
r3kb1r/ppqn1p1p/2p1R3/5pN1/3P4/6P1/PPPB1PbP/R2Q2K1 b kq -,e8d8 g5f7 d8c8 e6e8 c7d8 e8d8 c8c7 d2f4 c7b6 d8a8,1656
r1bqrnk1/p4ppp/2p2n2/3p4/1R1P1Q2/P2B2NP/2P1NPP1/1R4K1 b - -,d8a5 a3a4 c8d7 f4d6 a8c8 f2f3 c6c5 d4c5 c8c6 b4b5,39
2rq1rk1/p2bbppp/2nppn2/1p6/3PP3/P4NP1/1P1N1PBP/R1BQR1K1 b - -,h7h6 b2b4 a7a5 d2b3 d6d5 e4d5 f6d5 b4a5 c6a5 b3a5,15
6k1/p4r1p/4pp2/q2p2p1/3P2P1/1Pr2P2/P3QKP1/R6R b - -,e6e5 a1c1 e5e4 c1c3 a5c3 h1d1 f7e7 e2e3 c3a5 a2a4,-41
2k2b1r/ppp1pBpp/5n2/q4b2/3r4/5P2/PPPBN1PP/R2QK2R b KQ -,a5e5 e1h1 d4d7 f7b3 e7e6 g1h1 f8d6 e2f4 e5b2 f4e6,-63
r2qr1k1/1pp2pp1/p2p3p/3P1n2/2P1n1P1/P2Q3P/BP3P2/R1B2K1R b - -,f5g3 f1g2 g3h1 c1e3 h1f2 d3e2 f2h3 g2h3 d8e7 h3g2,-597
rnb1kb1r/1pq1ppp1/p2p1n2/3N3p/3NP3/4BP2/PPP3PP/R2QKB1R b KQkq -,f6d5 e4d5 c7a5 d1d2 a5d5 f1d3 h5h4 e1h1 e7e6 c2c4,44
r1bqk1nr/ppp3pp/2np4/5p2/1P2PP2/P1NQ4/2P3PP/R1B1KB1R b KQkq -,d8h4 g2g3 h4e7 c3d5 f5e4 d5e7 e4d3 e7c8 a8c8 c1b2,144
r1bq1rk1/ppppbpp1/2n2n1p/4p3/4P3/3B1N2/PPPP1PPP/RNBQR1K1 b - -,e7c5 h2h3 d7d5 e4d5 f6d5 d3c4 d5f4 d2d3 f4h3 g2h3,-47
8/8/6pk/8/3R1KPP/8/r7/8 b - -,,0
r1bqr1k1/pp3ppp/8/3pN3/5Q2/8/PP2BPPP/R4RK1 b - -,e8e7 f1e1 g7g6 e2f1 c8f5 e5g4 f5g4 f4g4 e7e1 a1e1,505
r1bqk2r/ppp1bppp/2n2n2/4p1B1/2P5/2N1P3/PPQ2PPP/R3KBNR b KQkq -,c6b4 c2b1 g7g6 g1f3 c8f5 e3e4 f6e4 c3e4 f5e4 b1e4,11
5k2/5pp1/7p/3R4/8/P3P2P/4nPPK/2r2B2 b - -,c1e1 f1e2 e1e2 h2g3 e2a2 d5d8 f8e7 d8a8 h6h5 h3h4,289
8/Q1p3k1/3n1rPp/4nP2/7N/8/P4P2/R1K4R b - -,d6b5 a7e3 f6c6 c1d1 c6d6 d1e1 d6d5 e1f1 b5a7 h4f3,1225
r3r3/ppp2q1k/7p/2BP2p1/3NnbP1/3Q1P2/P7/1R1R2K1 b - -,f7d5 f3e4 d5c5 e4e5 h7h8 b1b5 c5e7 d4f5 e7e6 d3h3,-33
r1bqkb1r/pp2nppp/1np1p3/3p4/3PP3/1N1B1N2/PPP2PPP/R1BQ1RK1 b kq -,b6d7 b3d2 g7g6 c2c3 f8g7 e4e5 a7a5 h2h4 c6c5 f1e1,117
5bk1/1Q3pp1/3p3p/1PB1p3/4P3/5N1P/2q2PP1/6K1 b - -,c2d1 g1h2 d6c5 f3e5 d1b3 b7c8 c5c4 c8c4 b3c4 e5c4,473
5k2/5p2/2P2p2/4q3/1P2p3/P6R/8/7K b - -,e4e3 h3h8 f8e7 h8h2 e5d5 h1g1 d5c6 g1f1 c6c4 f1e1,-942
4rrk1/ppp2qpp/1bn5/3p1b2/3P4/1QP1BN1P/P3BPP1/4RRK1 b - -,h7h6 e3c1 e8e4 b3d1 b6a5 c1d2 f7g6 g1h1 g6d6 e2d3,5
r4rk1/ppp1qppp/2n1B3/1Qb1p3/4P3/2P2NnP/PP1N1PP1/R1B2RK1 b - -,,0
7k/p7/4K3/6p1/8/6P1/7P/8 b - -,a7a5 e6e5 g5g4 e5d4 h8g7 d4c3 g7g6 c3b3 g6f5 b3a4,-844
5k2/5pp1/7p/3R4/8/P3PP1P/4n1PK/5r2 b - -,f1a1 d5d3 g7g6 h3h4 f8g7 d3b3 a1c1 b3b2 e2c3 h2g3,-256
r1b1k1nr/pp3qpp/2n1pp2/3pP3/2pP4/P1P2NQ1/2P1BPPP/R1B2RK1 b kq -,g8e7 f1e1 e7f5 g3h3 f5e7 e5f6 g7f6 f3h4 e6e5 h3f3,47
r1bqkb1r/pppnnp1p/3pp1p1/8/3PP3/2PBBN2/PP3PPP/RN1QK2R b KQkq -,d7f6 a2a4 f8g7 a4a5 e8h8 e1h1 b7b5 a5a6 a8b8 h2h3,82
r3k2r/p2q1ppp/2nb1n2/1p1p2B1/P1pP4/1PP5/4BPPP/RN1Q1RK1 b kq -,b5b4 g5f6 g7f6 b3c4 d5c4 e2c4 e8h8 c4b5 a7a6 b5d3,180
1n1q1rk1/5ppp/4p3/1Q1n4/3r4/6P1/4PPBP/1RB1R1K1 b - -,d5c3 b5e5 c3b1 c1b2 d4g4 e1b1 g4g5 e5e3 g5b5 g2e4,-87
r1bqkb1r/pppnnppp/3pp3/8/3PP3/2P1BN2/PP3PPP/RN1QKB1R b KQkq -,g7g6 h2h4 d7f6 f1d3 f8g7 d1e2 f6g4 e3d2 h7h5 f3g5,73
8/3R2kp/6p1/4bpp1/8/7P/5P2/6K1 b - -,,0
r2q1k1r/pp3ppp/2n2n2/2b5/2B2Bb1/2NP1N2/PPP1Q1PP/R3K2R b KQ -,c6d4 e2e5 d8b6 c3a4 d4f3 g2f3 b6a5 a4c3 a8e8 e5e8,-108
r4k2/ppp2pp1/8/4P1R1/6R1/2P4r/P1P2P1P/2K5 b - -,,0
r1bqr1k1/p4ppp/2p1nn2/3p4/1R1P3Q/P2B2NP/2P1NPP1/1R4K1 b - -,g7g6 e2f4 g8g7 f4e6 e8e6 h4f4 e6e7 a3a4 d8c7 f4c7,48
8/8/6pk/6P1/3R1K1P/r7/8/8 b - -,,0
rnbqk2r/1pp2p1p/1p1p1np1/4P3/3P4/6Q1/PP3PPP/R1B1KBNR b KQkq -,d6e5 d4e5 d8e7 f1d3 f6h5 g3e3 b8c6 g1f3 c8g4 e1h1,-34
7k/8/8/p2K2p1/8/6P1/7P/8 b - -,g5g4 d5d4 h8g7 d4c5 g7g6 c5c4 g6f7 c4b5 f7f6 b5a5,-863
r4rk1/1b1p1pbp/3P1np1/1Bp2q2/Pn6/2N2N2/1P3PPP/R1BQR1K1 b - -,f8d8 h2h3 b7f3 d1f3 f5f3 g2f3 b4c2 c1e3 c5c4 a1c1,107
5bk1/5pp1/2Q4p/1Pp1p3/4P3/5N1P/2q2PP1/6K1 b - -,c2d1 g1h2 d1a4 c6b7 a4b3 b5b6 c5c4 b7c7 b3b4 f3e5,174
5rk1/bp6/p3p2p/7P/3Pbr1p/2R2N2/PP2BPK1/7R b - -,a7d4 c3a3 g8h8 h1h3 d4b2 a3b3 f8g8 g2f1 b2f6 b3e3,-428
r2q1rk1/pp1nbppp/8/3p4/2pP1B2/P1P1PN1P/2Q2PP1/R4RK1 b - -,d8c8 a3a4 b7b6 a4a5 c8c6 f1b1 d7f6 f3d2 e7d6 f4d6,50
b4R2/qr3pkp/p1NBp1p1/1p1p3n/3P4/3BP3/PP3PPP/R5K1 b - -,a7b6 f8c8 b7a7 d6c5 a7c7 c5b6 c7c8 c6a5 h5f6 a5b3,538
r1bqr1k1/pp3Npp/5p2/3p4/5Q2/8/PP2BPPP/R4RK1 b - -,g8f7 e2d3 f7g8 a1e1 c8d7 f4f3 e8e1 f1e1 d7e8 h2h4,-3
2r2rk1/1p3ppp/p4b2/3qp3/8/2P2N2/PP2QPPP/R2R2K1 b - -,d5e6 e2e4 g7g6 g2g3 b7b5 f3d2 f8d8 a2a4 b5b4 e4b4,-4
5k1R/5p2/2P2p2/4q3/1P6/P3p3/8/7K b - -,d5c6 d1d2 f8e8 a1d1 e5e4 f3d4 c6d5 d4b3 d5c6,Mate
r1bqk2r/ppp2ppp/2nb1n2/4p1B1/4P3/2PP1N2/PP4PP/RN1QKB1R b KQkq -,h7h6 g5h4 e8h8 f1e2 d6e7 h2h3 f6h5 h4f2 h5f4 e1h1,-47
r1bqk2r/1pp1bpp1/p1np1n1p/8/4PB1P/2N2N2/PPPQ1PP1/R3KB1R b KQkq -,a8b8 f1c4 b7b5 c4d5 c6a5 e4e5 f6d5 c3d5 a5c4 d2c3,49
4r1k1/7p/p2R4/1p1p2p1/3P4/2P3Pb/PP1B1r2/RN1K4 b - -,h3f5 d6d8 f2f1 d2e1 f1e1 d1d2 e1e2 d2d1 f5c2 d1c1,-821
r1bqk2r/ppp3pp/2np1n2/5P2/1P3P2/P1NQ4/2P3PP/R1B1KB1R b KQkq -,d6d5 c1b2 c6e7 e1a1 c8f5 d3e3 a7a5 b4b5 d8d6 f1e2,91
8/4KP2/1R6/8/1p6/k7/8/5r2 b - -,,0
r4rk1/ppp1qppp/2n1B3/1Qb1p3/4P3/2P2N1P/PP1N1PP1/R1B2K2 b - -,,0
1r5r/p1kb4/1npRp2p/2p1Ppp1/P4P2/1PN5/2P1B1PP/3R2K1 b - -,b6d5 a4a5 d7c8 c3a4 d5f4 e2c4 f4g6 a4c5 g6e5 c4a6,260
8/8/6p1/6Pk/5K1P/r7/8/3R4 b - -,,0
7k/8/8/p7/2K3p1/6P1/7P/8 b - -,h8g7 c4d4 g7g6 d4e3 a5a4 e3d4 g6f5 d4c5 a4a3 h2h3,-9605
8/p1p2pk1/7p/3r2p1/8/2P1P1P1/Pr3PP1/2RR2K1 b - -,d5f5 f2f4 b2e2 a2a4 e2e3 f4g5 h6g5 d1d7 e3e2 c1f1,-9
r1bqr1k1/p4pp1/2p1nn1p/3p1N2/1R1P3Q/P2B3P/2P1NPP1/1R4K1 b - -,e6f8 b4b8 a8b8 b1b8 d8c7 h4g3 c7g3 f5g3 c8e6 b8b7,71
r2q1rk1/1pp2pp1/p1n2n1p/3P4/2BP4/P2Q1N1P/1PP3P1/R4RK1 b - -,b7b5 d5c6 b5c4 d3c4 a6a5 f3e5 d8d6 f1f3 f6d5,284
3b4/p5p1/4P2p/2P5/2k1p3/4K1P1/PP1B3P/8 b - -,g7g5 c5c6 c4d5 c6c7 d8c7 e6e7 c7e5 e7e8q e5b2 e8d7,643
8/6k1/8/5K1p/4P3/5RP1/8/4r3 b - -,,0
4rrk1/ppp2qp1/1bn4p/3p1b2/3P4/1QP2N1P/P3BPP1/2B1RRK1 b - -,e8e4 b3d1 f7g6 g1h1 b6a5 c1d2 a5b6 f3h2 e4e2 e1e2,20
r1bq1rk1/p2nppbp/2p3p1/1p6/3PP2P/2P2NP1/P4PB1/R1BQ1RK1 b - -,e7e5 h4h5 g6h5 f1e1 f8e8 a2a4 a7a5 c1g5 d8c7 g5e3,76
4r1k1/7p/p2R4/1p1p2p1/3P4/2P3Pb/PP1N1r2/R1BK4 b - -,h3f5 d6d5 h7h5 d5e5 e8e5 d4e5 f5d3 d2b3 h5h4 g3h4,2
r2qkbnr/1bpp1ppp/ppn1p3/3P4/Q1P5/6P1/PP2PPBP/RNB1K1NR b KQkq -,b6b5 c4b5 c6b4 b1c3 g8f6 a4b3 a6b5 c1g5 b4d5 c3d5,-59
8/8/6p1/6P1/5K1k/r7/8/1R6 b - -,,0
8/Q1p3k1/3n2Pp/4nN2/8/8/P4P2/R1K4R b - -,a3a4 f4f3 h4g5 f3g3 a4a3 g3g2 g5h4 b1b4 h4h5 b4b5,Mate
rnbqkb1r/pp3ppp/2p1pn2/3p2B1/2PP4/4P2P/PP3PP1/RN1QKBNR b KQkq -,,0
3n4/2r5/2p2k1p/p2p2p1/P2P1pP1/1PRN1P2/2K4P/8 b - -,d8e6 c2d1 e6d4 h2h4 g5h4 d3f4 c7b7 c3d3 d4b3 f4e2,-319
r2q1rk1/pp1nbppp/8/3p4/2pP1B2/P1Q1PN1P/1P3PP1/R4RK1 b - -,b7b5 c3c2 d7f6 f4g5 f6e4 g5e7 d8e7 f3d2 e4d2 c2d2,-65
8/6k1/8/pK6/6p1/6P1/7P/8 b - -,h7h6 a3a4 a7a5 f3d2 e7b4 c3c2 a8a6 d2b1 d7f6 b1c3,Mate
1n1q1rk1/5ppp/4p3/1p1n4/3r4/1Q4P1/1B2PPBP/1R2R1K1 b - -,d4d2 e1d1 d8a5 g2d5 d2d5 d1d5 e6d5 b3d5 a5b4 e2e3,52
r4qk1/1p1r1p1p/3P2p1/p3R3/P2Q4/8/1P3PP1/3R2K1 b - -,a8a6 e5d5 f8d8 d4e5 a6c6 f2f4 d8b6 g1h1 b6d8 f4f5,103
8/5K2/1R6/8/1p6/k7/8/8 b - -,,0
8/4k3/8/4KR1p/4P3/6P1/8/4r3 b - -,,0
7R/3r2P1/6K1/2k5/8/8/8/8 b - -,d7d6 g6f5 d6d5 f5f4 d5d4 f4e3 d4c4 h8c8 c5b4 c8c4,9605
r5n1/p3p1k1/1pp2p1p/8/4Np2/1R1P1Q2/P1P2P1P/5K1R b - -,a8d8 h1g1 g7f7 f3f4 d8d5 f4b8 d5g5 e4g5 f6g5 b8a7,1643
1r2rk2/R4p2/1n1R2p1/1pp1B3/4P1P1/1PP5/5P2/6K1 b - -,e8e5 f2f3 c5c4 b3c4 e5e7 a7a1 b6c4 d6d5 e7e5 d5d7,-379
r5rk/pbpq1p1p/1n2pP2/4N3/2pP4/2P3P1/4BP1P/2QR2K1 b - -,a7a5 e5d7 b6d7 e2c4 b7d5 c4d3 e6e5 d1e1 a5a4 c3c4,320
r1bqr1k1/p4pp1/2p2n1p/3p1Nn1/1R1P3Q/P2B2NP/2P2PP1/1R4K1 b - -,a7a5 b4b6 f6e4 h4f4 e4g3 f5g3 g5e6 f4g4 e6g5 g4d1,37
r3r3/ppp4k/7p/3q2p1/1B1NnbP1/3Q1P2/P7/1R1R2K1 b - -,a8d8 b4c3 d8d7 f3e4 d5e4 d3e4 e8e4 d4f5 d7d1 b1d1,-19
3r2k1/p4p2/2p2n1p/2p5/2P2R2/4N1P1/PP3P1P/6K1 b - -,g8g7 f4f5 d8d2 f5c5 f6e4 c5c6 d2f2 b2b4 f2f3 e3g2,280
8/8/5k2/K7/6p1/6P1/7P/8 b - -,f6e5 a5b4 e5d4 b4b3 d4e4 b3c3 e4f3 c3d3 f3g2 d3d2,-20000
rnb1kbnr/pp2pppp/1q6/3pP3/3Q4/2N2N2/PPPB1PPP/R3KB1R b KQkq -,b6d4 f3d4 e7e6 c3b5 e8d7 c2c4 a7a6 b5c3 b8c6 d4c6,93
7R/2P1kp2/5p2/4q3/1P6/P3p3/8/7K b - -,b6d4 f3d4 e7e6 c3b5 e8d7 c2c4 a7a6 b5c3 b8c6 d4c6,Mate
r4rk1/pQp1q1pp/2n1p3/2b1p3/4P3/2P2N1P/PP1N1PP1/R1B2K2 b - -,,0
rnbqkb1r/pp3pp1/3p1n1p/2pNp3/2B1P3/5N1P/PPPP1PP1/R1BQK2R b KQkq -,f6e4 d2d4 c5d4 f3d4 a7a6 e1h1 e4f6 f1e1 f8e7 d1f3,-2
rn1q1rk1/pb2ppbp/1pp2np1/4P3/2P5/2N2N2/PPQ1BPPP/R1B2RK1 b - -,f6g4 c2e4 d8c8 h2h3 f7f5 e5f6 g4f6 e4e7 c6c5 f3g5,111
r2q1k1r/pp3ppp/5n2/2b5/2Bn1Bb1/2NP1N2/PPP3PP/R3KQ1R b KQ -,g4f3 g2f3 d4c2 e1d2 c2a1 f1a1 f6h5 f4g3 c5d4 a1d1,-281
5k2/6p1/5q1p/p1p5/P1P2P2/1P6/3Q1KPP/8 b - -,f8e7 f2e2 f6b6 d2d3 e7f6 d3c3 f6g6 c3f3 g6h7 e2d2,396
5rk1/ppp2qp1/1bn4p/3p1b2/3Pr3/1QP4P/P2NBPP1/2B1RRK1 b - -,e4e2 e1e2 f5d3 e2e3 d3f1 e3f3 f1c4 f3f7 c4b3 f7f8,-14
rn1q2k1/ppp2r1p/3p1p1Q/3PpPpN/7n/2PB4/PP3P2/2KR3R b - -,d8f8 h5f6 f7f6 h6g5 g8h8 h1h4 f8g7 g5g7 h8g7 d1h1,215
6k1/3R4/6p1/5ppp/5b2/5P1P/8/6K1 b - -,,0
rnb2rk1/ppp2ppp/4p3/3pP3/2PPn2q/2PB1N2/P1Q2PPP/R1B1K2R b KQ -,h4e7 e1h1 b8c6 f1e1 h7h6 c4d5 e6d5 d3e4 d5e4 c2e4,219
r4b1r/ppqnkQ1p/2p1p3/5pN1/3P4/6P1/PPPB1PbP/R5K1 b - -,h4e7 e1h1 b8c6 f1e1 h7h6 c4d5 e6d5 d3e4 d5e4 c2e4,Mate
r2qk2r/ppp2pp1/2nbbn1p/3p4/3P4/2P3N1/PPB2PPP/RNBQ1RK1 b kq -,c6a5 b1d2 e8h8 d2f3 f8e8 h2h3 a7a6 d1d3 a5c4 f3h4,39
8/8/6p1/6P1/5K1k/2r5/8/R7 b - -,,0
1k1r2r1/pp3q2/2p1p3/1PPpP1p1/Q6p/2P5/P4P1B/R4RK1 b - -,f7e8 b5b6 a7a6 a4g4 e8e7 f2f3 g8f8 g1h1 f8f5 h2g1,225
r1bq1rk1/p2nppb1/2p3p1/1p2P2p/3P3P/2P2NP1/P4PB1/R1BQ1RK1 b - -,f7f6 e5f6 e7f6 f3d2 a8b8 g2c6 c8b7 c6b7 b8b7 d1b3,195
r1b1r1k1/ppqn1pbp/2pp1np1/4p3/1PPP4/2N1PN1P/PBQ1BPP1/R4RK1 b - -,c7b6 a2a3 b6c7 f1d1 e5d4 f3d4 a7a5 b4b5 d7c5 e2f3,64
8/8/8/4k3/1K4p1/6P1/7P/8 b - -,c7b6 a2a3 b6c7 f1d1 e5d4 f3d4 a7a5 b4b5 d7c5 e2f3,Mate
rnbqk2r/1p3p1p/p2p2pQ/4p3/4P3/2N5/PPP2P1P/R3KB1R b KQkq -,c8e6 e1a1 b8c6 f1h3 d8e7 c3d5 e6d5 d1d5 a8d8 h1d1,-39
4r3/2p5/3k4/R7/p2P3p/7P/2PP2P1/6K1 b - -,e8e2 a5a4 e2d2 c2c3 d2e2 a4a5 e2c2 a5c5 c7c6 g1f1,436
4R3/7k/p6p/2P1Np2/8/1P5P/P3r2P/7K b - -,e2a2 c5c6 a2a5 c6c7 a5c5 c7c8q c5c8 e8c8 h7g7 c8e8,814
8/8/1Pk5/1P6/3K4/8/8/8 b - -,,0
r2qr1k1/p4pp1/2p2n1p/3p1Nn1/1R1P3Q/P2B3P/2P2PP1/1R4K1 b - -,g5e4 h4f4 g7g6 d3e4 e8e4 f5h6 g8g7 f4g5 f6e8 h6f5,149
r3k2r/pp3ppp/2p5/8/3NR3/2P5/PP4PP/R1B3K1 b kq -,e8d7 e4e1 a8e8 c1e3 e8e7 e3f2 e7e1 a1e1 h8e8 g1h1,659
2rr2k1/1p3ppp/p1q2b2/4p3/8/2P2N2/PP1RQPPP/3R2K1 b - -,e5e4 f3d4 c6d5 d4b3 d5c6 g2g3 d8e8 d2d5 c8d8 d5d8,5
r4rk1/p2p1pp1/Bpb1nq1p/2p5/2Q5/1NP1B1P1/PP5P/2KR4 b - -,e6c7 c4f1 f6e6 e3c5 b6c5 a6d3 h6h5 f1f5 e6h6 f5f4,-582
8/4k3/8/4K1Rp/4P3/6P1/8/7r b - -,,0
r1b1k2r/2q1bpp1/p1nR3p/2n5/1p3B1P/4QN2/PPP2PP1/2K2B1R b kq -,c7a7 d6c6 c8b7 c6d6 b7f3 e3f3 e8h8 d6c6 a8c8 f1c4,161
rn1q3k/ppp2r1p/3p1N1Q/3PpPp1/7n/2PB4/PP3P2/2KR3R b - -,d8f6 h6f6 f7f6 d1g1 h7h6 a2a4 b8d7 b2b4 a8g8 a4a5,-457
r1k5/7R/5BKP/5P2/4P3/8/8/8 b - -,a8a3 h7h8 c8d7 h6h7 a3h3 f6g5 d7d6 f5f6 h3h2 h8g8,9605
3r1qk1/1p1r1p1p/3P2p1/p2R4/P2Q4/8/1P3PP1/3R2K1 b - -,h7h6 d4f4 f8g7 d1d4 g6g5 f4d2 g7f6 d4d3 b7b6 g2g3,110
1n1q1rk1/5ppp/4p3/1p1n4/1r6/3Q2P1/1B2PPBP/1R2R1K1 b - -,b4c4 e1d1 b8c6 d3b3 d8c7 g2d5 e6d5 d1d5 c7e7 b3b5,24
rnbqkb1r/pp3pp1/3p3p/2pNp3/2B1n3/5N1P/PPPPQPP1/R1B1K2R b KQkq -,e4f6 b2b4 b8c6 b4c5 c8e6 d5f6 d8f6 c4b5 e6d5 e2d3,-56
6k1/p4r1p/1q2pp2/3p2p1/3P2P1/1Pr2P2/P3QKP1/R2R4 b - -,e6e5 d1d3 c3c8 a1e1 f7e7 e2d1 e5e4 d3e3 c8e8 f2g1,-17
rn2kb1r/pp3pp1/4p3/3p1nPp/5B1P/2PB1P2/Pq2N3/R2QK2R b KQkq -,f5d6 g5g6 b8c6 g6f7 e8f7 h1g1 b2a3 d3g6 f7g8 e1f1,-74
r3kbnr/1p3p1p/p1n2q2/2P2bp1/1PPpp3/PN4B1/3NPPPP/R2QKB1R b KQkq -,e4e3 b4b5 g8e7 h2h4 g5g4 b5c6 e7c6 g3f4 f8h6 f4g5,-179
5k2/6p1/1q5p/p1p5/P1P2P2/1PQ5/5KPP/8 b - -,f8f7 c3f3 f7g8 f3d5 g8h8 f2e2 b6b4 d5d8 h8h7 d8d3,382
8/8/8/3K4/6p1/5kP1/7P/8 b - -,f8f7 c3f3 f7g8 f3d5 g8h8 f2e2 b6b4 d5d8 h8h7 d8d3,Mate
3rr3/ppp4k/7p/3q2p1/3NnbP1/2BQ1P2/P7/1R1R2K1 b - -,d5a2 f3e4 a2h2 g1f1 h2h1 f1f2 h1h4 f2f1 h4g4 e4e5,-19
8/5k2/3K4/6Rp/4P3/6P1/8/7r b - -,,0
r2qr1k1/p4pp1/2p4p/3p1Nn1/1R1PnP1Q/P2B3P/2P3P1/1R4K1 b - -,d8f6 f4g5 f6f5 g5h6 g7g5 d3e4 e8e4 h4g3 e4f4 b1e1,85
4r1k1/7p/p7/1p1R1bp1/3P4/2P3P1/PP1N1r2/R1BK4 b - -,,0
6k1/3R4/6p1/4bppp/8/5P1P/6K1/8 b - -,,0
2k5/6R1/r4BKP/5P2/4P3/8/8/8 b - -,e5a1 d7b7 a1g7 g2h1 g8h7 b7a7 h7h6 a7c7 g7a1 c7c5,Mate
rnbqk2r/1pp2p1p/1p3np1/4P3/8/6Q1/PP3PPP/R1B1KBNR b KQkq -,d8e7 g1f3 b8c6 f1d3 h7h6 e1h1 f6h5 g3h4 e7h4 f3h4,-36
2r3k1/1p3ppp/p1q2b2/4p3/8/2P2N2/PP1RQPPP/6K1 b - -,e5e4 f3d4 c6d5 d4b3 d5e6 g2g3 f6g5 d2d1 e6g6 d1e1,-17
8/7R/1p2r2p/2k5/6P1/P5KP/8/8 b - -,e6c6 g3h4 b6b5 h7f7 c6e6 f7f3 c5b6 h4h5 b6a5 h3h4,471
8/8/8/8/4K1p1/6P1/6kP/8 b - -,e6c6 g3h4 b6b5 h7f7 c6e6 f7f3 c5b6 h4h5 b6a5 h3h4,Mate
8/pp2k3/2n5/4pp2/3r4/P1N1K3/1P3PP1/3R4 b - -,,0
1q6/8/6pk/7p/4N2P/4QP2/6P1/1r1R3K b - -,h6g7 e3d4 g7g8 d1b1 b8b1 h1h2 b1b8 d4d6 b8d6 e4d6,Mate
r1bq1rk1/p3ppb1/1np3p1/1p2P1Np/3P3P/2P3P1/P4PB1/R1BQ1RK1 b - -,c8g4 d1b3 d8d7 f1e1 e7e6 g5e4 a7a5 c1a3 f8d8 a3c5,90
rnb1kb1r/pp3ppp/2p1pn2/q5B1/2BP4/2N1P2P/PP3PP1/R2QK1NR b KQkq -,a5g5 g1f3 g5h6 e1h1 f8e7 e3e4 e8h8 f1e1 b8d7 d4d5,-357
4R3/7k/p1P4p/4Np2/8/1P3K1P/P1r4P/8 b - -,c2c3 f3f4 h6h5 f4f5 c3c2 e8e7 h7h6 c6c7 a6a5 f5f6,1625
8/5k2/3K4/5R2/4P2p/6P1/8/7r b - -,,0
r2Qr1k1/p4pp1/2p1n2p/3p1N2/1R1PnP2/P2B3P/2P3P1/1R4K1 b - -,e6d8 d3e4 d5e4 f5d6 e8e7 f4f5 e4e3 g1f1 e7d7 d6e4,210
r1bqk1nr/ppp2pp1/2nb4/3p3N/3P4/2PB4/PP3PPP/RNBQK2R b KQkq -,g8h6 h2h3 d8e7 d1e2 e8f8 e2e7 c6e7 c1f4 h6f5 f4d6,103
r2qkb1r/pp1bnppp/1np1p3/3p4/3PP3/1N1B1N2/PPP2PPP/R1BQR1K1 b kq -,g7g6 a2a4 d5e4 d3e4 f8g7 h2h4 d7c8 a4a5 b6d7 h4h5,172
8/1p3p2/p5p1/3pk3/6KP/P1P1P3/1P6/8 b - -,f7f6 g4f3 b7b5 f3e2 e5f5 e2f3 a6a5 b2b3 a5a4 b3b4,-338
7k/p5p1/1p3N1p/5p2/8/1r6/1P4PP/6K1 b - -,g7f6 h2h3 b3b2 g1h2 a7a5 h2g3 a5a4 g3f4 a4a3 f4f5,-924
8/5K2/8/8/8/1p6/8/k5R1 b - -,,0
r1bqk2r/pp1pppbp/2n3p1/3nP3/3P4/5NB1/PP2BPPP/RN1QK2R b KQkq -,h7h6 b1c3 d5c3 b2c3 e8h8 e1h1 c6a5 e2d3 d7d6 f1e1,66
8/8/8/8/8/1bQ5/3K4/1k6 b - -,h7h6 b1c3 d5c3 b2c3 e8h8 e1h1 c6a5 e2d3 d7d6 f1e1,Mate
6k1/3R2b1/6p1/5ppp/8/5P1P/8/7K b - -,,0
8/1p2kppp/p3b3/P7/1P1NKPP1/7P/8/8 b - -,f7f6 d4e6 e7e6 g4g5 e6d6 e4f5 d6e7 g5g6 h7h6 f5e4,5
3b4/p5p1/4P2p/2k5/4K3/6P1/PP1B3P/8 b - -,h6h5 e4f5 c5d5 d2c3 g7g6 f5g6 d5e6 g6h5 d8c7 h5g4,665
r2qkb1r/pp1bpp1p/2np1np1/1B4B1/3NP3/2N5/PPPQ1PPP/R3K2R b KQkq -,c6d4 b5d7 f6d7 d2d4 h8g8 c3d5 h7h6 g5e3 e7e6 d5c3,44
rn3qk1/ppp4p/3p1r2/3PpPQ1/7n/2PB4/PP3P2/2KR3R b - -,f6g6 g5h4 h7h5 f5g6 f8h6 c1b1 b8a6 h4e7 a8f8 d1g1,667
2k4Q/2r3R1/5BK1/5P2/4P3/8/8/8 b - -,f6g6 g5h4 h7h5 f5g6 f8h6 c1b1 b8a6 h4e7 a8f8 d1g1,Mate
5rk1/bp6/p1b1p2p/7P/3P1r2/2R2NKp/PP2BP2/3R4 b - -,a7b8 g3h3 c6f3 d1g1 g8h7 c3f3 f4f3 e2f3 f8f3 h3g2,-408
r1bq1rk1/p2n1pbp/1pp1p1p1/8/2BPP3/1QN5/PP3PPP/R1BR2K1 b - -,d8h4 c1e3 c6c5 g2g3 h4e7 b3a3 c8b7 a1c1 f8e8 d4c5,39
1r3b1r/pp2kbp1/2p2nB1/Q3p1p1/4P3/2N1B3/PP4PP/2KR3R b - -,f7g6 a5e5 e7f7 e5b8 f7g8 d1d8 f6e8 b8b7 g5g4 b7c6,Mate
rnb1kb1r/pp3ppp/2p1pn2/6q1/2BP4/2N1PQ1P/PP3PP1/R3K1NR b KQkq -,b8d7 c4b3 f8e7 e1a1 f6d5 g1e2 h7h5 g2g4 g5f6 f3g3,-415
r3k2r/2pqbppp/p1n1n3/1p2P2b/3pBP2/2P4P/PP1N2PN/R1B1QRK1 b kq -,d4c3 b2c3 e8h8 f4f5 a8e8 d2f3 h5f3 f5e6 d7e6 h2f3,205
2nrkn2/1p4q1/1ppp1p2/4pPpR/1P2P1P1/PBPPB1K1/5Q2/8 b - -,g7e7 h5h6 e8d7 e3b6 e7g7 h6h1 c8b6 f2b6 d7c8 a3a4,238
6k1/p1r4p/1q2pp2/3p2p1/3P2P1/1Pr2P2/P3Q1P1/R2R1K2 b - -,g8g7 d1d3 c3c6 d3d2 b6a6 a1e1 a6e2 f1e2 g7f7 e1h1,-39
r1b2rk1/pp3pbp/n1qp1np1/8/2P1PP2/2NB1N2/PP4PP/R1BQK2R b KQ -,a6c5 e1h1 c5e4 c1e3 e4c3 b2c3 b7b6 f3d4 c6e8 d1d2,-47
8/2R3bk/6p1/5ppp/8/5P1P/8/7K b - -,,0
2r3k1/1p3ppp/p4b2/3q4/4p3/1NP5/PP1RQPPP/6K1 b - -,d5f5 b3d4 f5d5 d4b3 d5e6 g2g3 f6g5 d2d1 e6g6 b3d4,-14
Bn3rk1/p4ppp/1p1Rp3/2p5/8/1P2B3/P4PPK/5R2 b - -,f7f5 f2f4 b8a6 a8f3 a6b4 e3c1 b4a2 c1b2 a2b4 d6d7,600
r2q1k1r/pp3ppp/5n2/2b5/2Bn1Bb1/2NP1N2/PPP3PP/R2QK2R b KQ -,d4f3 g2f3 d8d4 c3e2 a8e8 f3g4 d4f4 d3d4 f6g4 h1f1,-322
3r2k1/1p1r1pqp/1Q1P2p1/p2R4/P7/8/1P3PP1/3R2K1 b - -,d8a8 b2b3 g7b2 g2g3 b2c3 d1d3 c3e1 g1g2 e1e4 g2h2,134
5r2/1p3kp1/p1bR1N2/2n1p3/2B1p1Pp/2P1P2P/P4P2/6K1 b - -,c6d5 f6d5 b7b5 c4e2 c5e6 d6a6 f8d8 c3c4 b5c4 e2c4,503
3rr1k1/pR3pp1/2p1n2p/3p1N2/3PnP2/P2B3P/2P3P1/1R4K1 b - -,e4c3 b1b3 c3b5 f5e7 g8f8 e7c6 b5d4 c6d8 e6d8 b7d7,103
r2q1r1k/p5b1/3p3p/2p2n2/2P1QB2/2N1p3/PP4PP/R4RK1 b - -,d8b6 a1b1 a8e8 e4d3 d6d5 c3d5 b6e6 f1e1 e3e2 f4d2,-144
r2qkb1r/pp1bnppp/1np1p3/3p4/3PP2P/3B1N2/PPPN1PP1/R1BQR1K1 b kq -,g7g6 a2a4 a7a5 c2c3 d7c8 h4h5 b6d7 e4d5 c6d5 d2f1,193
rnq2rk1/pp2ppbp/2p1bnp1/3pN3/2PP1B2/1QN1P3/PP2BPPP/R3K2R b KQ -,b7b6 e1h1 b8d7 b3a4 d7e5 d4e5 f6e4 c3e4 d5e4 a4c2,32
8/8/7K/8/6rk/5N1n/8/8 b - -,b7b6 e1h1 b8d7 b3a4 d7e5 d4e5 f6e4 c3e4 d5e4 a4c2,Mate
r1b2rk1/pp2bppp/2qppn2/2p5/3P1B2/2PBP3/PP3PPP/RNQ2RK1 b - -,b7b5 b1d2 c8b7 e3e4 c5d4 c3d4 c6b6 f4e3 f6g4 d2f3,-39
1r2r1k1/R1pR1pp1/6np/1p2p3/1Pq1P3/2P1QN1P/5PP1/6K1 b - -,b8d8 d7c7 c4e6 g1h2 d8c8 g2g3 g8h7 h2g2 e8e7 c7c8,255
r2q1k1r/pp3ppp/5n2/2b5/2B2Bb1/2NP1P2/PPP4P/R2QK2R b KQ -,d8d4 c3e2 a8e8 f3g4 d4f4 d3d4 f6g4 h1f1 f4f1 e1f1,-295
8/R7/1p2r2p/8/6P1/Pk4KP/8/8 b - -,e6c6 a3a4 b3c4 g3h4 c6c8 a7h7 c4b4 h7h6 c8b8 g4g5,521
rnb1k2r/1pp1qp1p/1p3np1/4P3/8/5NQ1/PP3PPP/R1B1KB1R b KQkq -,b8c6 f1d3 h7h6 e1h1 f6h5 g3h4 e7h4 f3h4 g6g5 h4f5,-32
rn1qkb1r/1p3ppp/p2p1n2/2pP4/8/2N5/PPP1NPPP/R1BQK2R b KQkq -,g7g6 e2g3 f8g7 d1e2 d8e7 e2e7 e8e7 c1f4 b8d7 e1a1,42
8/R7/6pk/4bppp/8/5P1P/8/7K b - -,,0
r3k2r/1bq1bppp/p1Nppn2/8/NpP1P3/6P1/PP1B1PBP/R2QR1K1 b kq -,b7c6 d2b4 h7h5 a1c1 e8h8 a4c3 a8b8 b4a3 c6a8 b2b3,150
rn1q1r2/p4pkp/2pp2p1/1p5n/3pP3/P4P2/1PPQNP2/2KR1B1R b - -,b5b4 d2d4 d8f6 e2g3 f6d4 g3h5 g6h5 d1d4 b4a3 b2a3,204
4R3/6k1/p1P5/5p1p/2N5/1P2K2P/P1r4P/8 b - -,b5b4 d2d4 d8f6 e2g3 f6d4 g3h5 g6h5 d1d4 b4a3 b2a3,Mate
4r1k1/8/p7/1p2Rbpp/3P4/2P3P1/PP1N1r2/R1BK4 b - -,,0
8/3Q1kp1/1q5p/p1p5/P1P2P2/1P5P/5KP1/8 b - -,f7g6 d7d3 g6f6 g2g4 f6e7 f2f3 e7f8 h3h4 b6b7 f3f2,430
r3r3/ppp2q1k/3n3p/2BPb1p1/3NP1P1/4Q3/P4P2/1R1R2K1 b - -,b7b6 c5d6 e5d4 d1d4 c7d6 b1c1 e8e7 d4c4 a8f8 g1g2,34
r2qkb1r/ppp2ppp/5n2/3p4/6b1/P3PB2/1PP2PPP/RNBQK2R b KQkq -,g4f3 d1f3 c7c6 b1d2 f8d6 c2c4 d5c4 d2c4 d6c7 c1d2,-41
1r4k1/2pqbpn1/R1npr2B/1p2p3/4P1QN/2PP3P/1P1N1P2/5RK1 b - -,e7f8 a6c6 b8a8 h6g7 f8g7 g1h1 g8f8 f1g1 d7c6 g4g7,498
8/8/2N1B1k1/8/4K3/8/8/8 b - -,g6g5 c6d4 g5f6 e4d5 f6g6 d5e5 g6g7 e5f5 g7h7 d4c6,20000
8/2Q5/5kPp/4nn2/8/8/P4P2/1RK4R b - -,g6g5 c6d4 g5f6 e4d5 f6g6 d5e5 g6g7 e5f5 g7h7 d4c6,Mate
r1n2r2/1p2kppp/p1n2q2/2P2b2/1PP5/PN2pNP1/4P1BP/R2QK2R b KQ -,f6c3 f3d2 e3d2 b3d2 f8d8 d1c1 c3c1 a1c1 e7f8 d2b3,-205
2k2b1r/ppp1pBpp/5n2/4qb2/3r4/5P2/PPPBN1PP/R2Q1RK1 b - -,d4d7 f7b3 e7e6 g1h1 f8d6 e2f4 f6d5 f1e1 e5f6 f4d5,-74
8/3b1pp1/2n4p/p1k1PP1P/Pp2B3/1Pp1KN2/2P5/8 b - -,f7f6 e5f6 g7f6 f3h2 c6e5 h2f1 c5d6 e3d4 d7e8 f1g3,-106
1r2rk2/5R2/1n1R1Bp1/1pp1p3/4P1P1/1PP5/5P2/6K1 b - -,f8f7 f6g5 e8e6 d6d2 c5c4 b3c4 b6c4 d2d7 f7g8 d7c7,-495
3q3r/p4kp1/1p2p3/nP1N4/3P4/P7/5PPP/R5K1 b - -,d8d5 a1e1 a5b3 e1e5 d5d4 e5e1 d4d5 h2h4 b3d4 g2g3,-1039
r2qkb1r/pp2pp1p/3p1np1/1N4B1/3QP3/8/PPP2PPP/R3K2R b KQkq -,d8a5 c2c3 a5b5 g5f6 e7f6 d4f6 b5e5 f6e5 d6e5 e1a1,-359
3n4/2r5/2p2k1p/p1Np2p1/P2P1pP1/1PR2P2/3K3P/8 b - -,,0
rnb1k2r/pp3ppp/2pbpn2/6q1/2BP4/2N1PQ1P/PP3PP1/2KR2NR b kq -,d6c7 g2g4 b8d7 c1b1 d7b6 c4b3 c8d7 e3e4 e8a8 f3e2,-418
rnbq1rk1/pp4pp/8/2bPp3/8/2N1p1PP/PP2K1B1/RNBQ3R b - -,f8f2 e2e1 f2g2 c1e3 c5e3 d1f3 g2g1 h1g1 e3g1 c3e4,-423
rn2kbnr/pbp2ppp/1p2p3/3q4/3P4/3B1N2/PPP2PPP/RNBQ1K1R b kq -,b8c6 b1c3 d5d7 a2a4 g8f6 h2h4 e8a8 a4a5 c6d4 a5b6,-42
4k3/8/2N2p1p/2P1b2P/6P1/3K4/1r6/q2R4 b - -,b8c6 b1c3 d5d7 a2a4 g8f6 h2h4 e8a8 a4a5 c6d4 a5b6,Mate
8/5p2/pr4k1/R4p1p/5P1P/6P1/7K/8 b - -,,0
Bn3rk1/p4ppp/3Rp3/1pp5/8/1P2B3/P4PPK/3R4 b - -,b8a6 d6d8 f7f5 a8b7 f5f4 b7a6 f4e3 d8f8 g8f8 a6b5,727
r1b2rk1/pp3pbp/2qp1np1/2n5/2P1PP2/2NB1N2/PP4PP/R1BQ1RK1 b - -,c5e4 c1e3 e4c3 b2c3 b7b6 f3d4 c6e8 d1d2 f6g4 a1e1,-46
r6k/pbpn1p1p/4pPr1/8/2pP4/Q1P3P1/4BP1P/3R2K1 b - -,d7f6 a3c5 a7a5 c5c7 b7d5 e2c4 d5c4 c7c4 g6g8 d1a1,302
5r1k/1p6/p1b1B2p/4P2P/8/6K1/PP3r1p/2RR4 b - -,f8f3 g3g4 h8g7 g4h4 f3e3 a2a3 e3e5 e6c8 e5g5 d1d3,-474
2r2rk1/1p2np1p/6p1/2Pp4/qP1PpR2/2R1P1PP/1Q4BK/8 b - -,,0
r2qr1k1/1pp2pp1/p2p3p/3P4/2P1n1P1/P2Q2PP/BP6/R1B2K1R b - -,d8f6 c1f4 f6b2 h1h2 b2h2 d3f3 h2b2 a1d1 b2a2 h3h4,-652
6k1/p1r4p/3qpp2/3p2p1/3P2P1/1Pr2P2/P3Q1P1/R2R2K1 b - -,g8f7 d1e1 c7c6 a1d1 d6b8 d1d3 b8b5 d3c3 b5e2 e1e2,-34
r4k1r/pp3ppp/5n2/2b5/2Bq2b1/2NP1PB1/PPP4P/R2QK2R b KQ -,a8e8 c3e2 g4f3 c2c3 d4g4 d3d4 f3h1 d1b3 h1d5 b3b5,-485
rn1qk2r/pp3ppp/2p1pn2/3P1bB1/1b1P4/2N2NP1/PP2PP1P/R2QKB1R b KQkq -,h7h6 g5f6 d8f6 d5e6 f6e6 f1g2 e8h8 e1h1 f8d8 e2e3,132
r3k2r/p2q1ppp/2nb4/1P1p2B1/2pPn3/1PP5/4BPPP/RN1Q1RK1 b kq -,c6e7 g5c1 c4b3 d1b3 a8c8 e2d3 d7c7 g2g3 f7f5 c1a3,196
Bn3rk1/p4ppp/3Rp3/1pB5/2p5/1P6/P4PPK/3R4 b - -,h7h5 d6d8 f8d8 d1d8 g8h7 d8b8 c4c3 c5e3 a7a6 g2g3,760
r2qkb1r/5ppp/p2p1n2/1ppPn3/1P6/P1N5/2P1NPPP/R1BQ1RK1 b kq -,,0
r6k/pbp1Qp1p/4pnr1/8/2pP4/2P3P1/4BP1P/3R2K1 b - -,b7e4 e7c7 h8g8 e2c4 f6d5 c4d5 e6d5 f2f3 e4f5 c7e5,325
8/R7/4r2p/1p6/6PK/Pk5P/8/8 b - -,b3c4 h4h5 c4b3 a7a5 b3c4 h3h4 e6d6 g4g5 h6g5 h4g5,463
rnb2rk1/ppp2ppp/4p3/3pP2q/2PPn3/2P2N2/P1Q1BPPP/R1B1K2R b KQ -,b8c6 e1h1 f7f6 e5f6 e4f6 f3g5 h5g6 e2d3 g6h5 f2f4,226
r2q1rk1/pp2bppp/5n2/3p4/2pP1B2/P1Q1P2P/1P1N1PP1/R4RK1 b - -,b7b5 c3c2 d8d7 f1e1 a7a5 f4e5 a8c8 d2f1 f6e4 f2f3,-75
r1n2r2/1p2kppp/p1n2q2/2P2b2/1PP5/PN2p1P1/3NP1BP/R2Q1RK1 b - -,e3d2 g3g4 f8d8 f1f5 f6h4 f5d5 e7f8 d5d8 c6d8 d1d2,296
8/8/6R1/8/5pP1/4rk2/3K4/8 b - -,e3e7 g6f6 f3g4 d2d3 g4g3 f6f8 f4f3 f8g8 g3f2 g8f8,-467
r3r3/ppp2q1k/7p/2BPb1p1/2nNP1P1/3Q4/P4P2/1R1R2K1 b - -,,0
8/6p1/1q3k1p/p1p5/P1P2P2/1P1Q3P/5KP1/8 b - -,b6c7 d3e4 c7d6 f2e2 d6b6 e4e3 f6f7 e3f3 f7g8 g2g4,380
rn2r1k1/pp4bp/1q1p2p1/2pP1pB1/2P1b3/3B3P/PP1N1PP1/R2QR1K1 b - -,e8f8 d3e4 f5e4 d1g4 f8f5 g4e4 b8d7 e4e6 f5f7 d2e4,296
r3r1k1/pp1n1ppp/1qp1bn2/3p4/3P1Q2/P2B2NP/2P1NPP1/RR4K1 b - -,d7f8 b1b6 a7b6 f4c1 c6c5 c2c3 e6d7 a1b1 c5c4 d3c2,646
8/2Q5/5kPp/5n2/8/8/P2K1n1R/1R6 b - -,d7f8 b1b6 a7b6 f4c1 c6c5 c2c3 e6d7 a1b1 c5c4 d3c2,Mate
3n4/2r5/2p2k2/p1Np2pp/P2P1pP1/1PR2P1P/3K4/8 b - -,,0
8/8/p4pp1/1p1pk3/1P5P/P1P1PK2/8/8 b - -,g6g5 h4h5 f6f5 f3e2 e5f6 e2f2 f6g7 f2f3 g7h7 f3g3,-603
r1bqk1nr/pp3pbp/2n1p1p1/1Bpp4/4P3/2PP1N2/PP3PPP/RNBQ1RK1 b kq -,g8e7 e4e5 c8d7 b5c6 e7c6 f1e1 e8h8 c1g5 f7f6 e5f6,6
5r1k/1p6/p3B2p/4P2P/8/6K1/PP3r2/7R b - -,f2f3 g3h2 f3e3 h1d1 e3e5 e6g4 e5g5 d1d4 b7b5 h2h3,-352
7r/p4kp1/1p2p3/nP1q4/3P4/P7/5PPP/3R2K1 b - -,d5h5 d1d3 h5h2 g1f1 h2h1 f1e2 h1g2 d3f3 f7e7 d4d5,-1823
r4rk1/1p2np1p/6p1/2Pp4/qP1PpR2/2R1P1PP/1Q5K/5B2 b - -,a4d1 f1b5 d1e1 f4f1 a8a2 b2a2 e1c3 a2f2 e7f5 f1e1,-38
2nrk3/1p1n2q1/1ppp1p2/4pPpR/1P2P1P1/PBPPB1K1/7Q/8 b - -,d7f8 b3e6 d6d5 h5h8 d5e4 h8g8 g7g8 e6g8 e8d7 h2h6,498
r4nk1/pp3rpp/2p2p2/4pq1P/3P4/2P1Q3/PP1BN3/2K3R1 b - -,f5h5 e2g3 e5d4 e3f2 h5d5 g3f5 f8g6 c3d4 a8e8 d2c3,-508
r3k2r/p2q1ppp/2Pb4/3p2n1/2pP4/1PP5/4BPPP/RN1Q1RK1 b kq -,d7c6 b3c4 e8h8 c4c5 d6c7 a1a6 c6d7 b1d2 f8e8 g2g3,233
b1R2B2/qr3p1p/p3p1pk/1p1pN2n/3P4/3BP3/PP3PPP/R5K1 b - -,h5g7 f8c5 g7f5 c5a7 b7a7 c8g8 a6a5 e5g4 h6h5 h2h3,706
r2r2k1/pp3ppp/3b4/7n/P3P1PP/3nBP2/1P2N1K1/R4B1R b - -,d3b4 a1c1 h5f6 e2d4 f6d7 d4f5 d6f8 f1e2 b7b6 c1c7,233
1n1q1rk1/5ppp/2p1p3/1b1n4/3P4/6P1/2Q1PPBP/1NB1R1K1 b - -,b8d7 b1c3 d5c3 c2c3 h7h6 c1a3 f8e8 h2h4 d8b6 e2e4,36
r6k/pbp2Q1p/4p1r1/3n4/2pP4/2P3P1/4BP1P/3R2K1 b - -,g6g7 f7f3 a8b8 e2c4 d5b6 f3d3 b6c4 d3c4 b7d5 c4e2,312
r4rk1/p3Rppp/1p6/8/8/5QP1/Pq3P1P/4R1K1 b - -,g7g6 a2a4 b2c2 h2h4 c2a4 h4h5 a8e8 h5h6 e8e7 e1e7,-2
8/8/3K2k1/4R3/4P2r/8/8/8 b - -,,0
1rb2k2/p3rpp1/2p3np/2Np4/1P3P2/P5PP/2P3B1/R3R1K1 b - -,a7a5 b4a5 e7a7 c5b3 g6e7 g3g4 c6c5 b3c5 a7a5 c5b3,37
r2q1rk1/pp2bppp/5n2/3p4/2pP1B2/P1Q1PN1P/1P3PP1/R3R1K1 b - -,b7b5 f4g5 a7a5 g5f6 e7f6 b2b3 a8c8 e1b1 d8b6 g2g3,-75
3b4/p5p1/2k1P2p/8/1B2K3/6P1/PP5P/8 b - -,c6c7 e4f5 d8f6 f5g6 f6b2 e6e7 c7d7 g6f7 b2d4 e7e8q,665
6k1/8/p7/1p2Pbpp/8/2P3P1/PP1N1r2/R1BK4 b - -,,0
r2r2k1/pp3ppp/3b4/7n/Pn2P1PP/4BP2/1P2NK2/R4B1R b - -,d6g3 e2g3 h5g3 f2g3 b4c2 a1a3 c2a3 b2a3 d8d1 h1g1,310
2r2rk1/1p4pp/pq1ppb2/4p3/2P1P3/5N2/PP2QPPP/R4RK1 b - -,b6c5 b2b3 d6d5 c4d5 e6d5 a1d1 d5d4 g2g3 h7h6 g1g2,-6
5r2/1p4p1/p2R1pk1/2nBp3/4p1Pp/2P1P2P/P4P2/6K1 b - -,g6h6 g1g2 h6g5 g2f1 g7g6 f1e2 f8c8 e2f1 c8b8 f1e1,-133
r2q1rk1/ppp2ppp/2n5/2b1p3/4B1b1/3P1N2/PPP2PPP/R1BQR1K1 b - -,f7f6 c2c3 g8h8 h2h3 g4h5 d1a4 c5b6 c1e3 d8d6 d3d4,20
8/R7/3r3p/1p5K/6P1/Pk5P/8/8 b - -,d6b6 a7a5 b3c4 h3h4 b6d6 a5a8 c4b3 a8a7 d6e6 a7a5,510
8/2q3p1/5k1p/p1p5/P1P2P2/1P2Q2P/5KP1/8 b - -,f6f7 e3f3 f7g8 f2e2 c7b6 g2g4 g8h8 e2d2 b6f6 f3a8,388
r3kbnr/pbp2ppp/1pn1p3/3q4/P2P4/3B1N2/1PP2PPP/RNBQ1K1R b kq -,g8f6 b1c3 d5d7 a4a5 a7a6 a5b6 c7b6 h2h4 f8e7 h4h5,-41
b1R2B2/qr3p1p/p3p1p1/1p1pN1kn/3P1P2/3BP3/PP4PP/R5K1 b - -,g8f6 b1c3 d5d7 a4a5 a7a6 a5b6 c7b6 h2h4 f8e7 h4h5,Mate
rn1qnrk1/pb2ppbp/1ppp2p1/4P3/2PPQ3/2N2N2/PP2BPPP/R1B2RK1 b - -,d6e5 d4e5 b8d7 e5e6 e8d6 e4h4 g7f6 f3g5 f6g5 c1g5,102
1B3rk1/4bppp/r1p1pn2/p7/N2P4/P7/1P3PPP/2RQ1RK1 b - -,f8b8 d1e2 a6a7 c1c6 a7d7 a4b6 d7d8 f1d1 h7h5 h2h3,549
r1b2rk1/pp2bpp1/3ppn1p/q7/3QPP1B/P1N5/1PP3PP/2KR1B1R b - -,c8d7 d4b4 a5b4 a3b4 d7e8 h4f6 g7f6 d1d3 a7a6 f4f5,34
8/1p3ppp/p3k3/P7/1P2KPPP/8/8/8 b - -,,0
r1bqkbnr/1p1p1p1p/p1n1p3/2p3p1/4P3/2NB1N2/PPPP1PPP/R1BQ1RK1 b kq -,g5g4 f3e1 h7h5 c3e2 g8f6 c2c3 d7d5 e4d5 d8d5 d3c2,-88
8/6p1/8/2k1b2p/4P1P1/3K3P/1p1N4/8 b - -,e5f4 d2b1 h5h4 d3c3 f4e5 c3c2 c5d4 c2b2 d4e4 b2c2,-429
8/8/6k1/3K1R2/4P2r/8/8/8 b - -,,0
r3kb1r/pp3ppp/2p2n2/q7/4P3/1BN2P1P/PP3P2/R2QK2R b KQkq -,f8b4 e1f1 b4c3 b2c3 a8d8 d1e1 d8d3 a1d1 d3f3 e4e5,-129
3r1rk1/4bppp/2q5/p1n1Pp2/P4P2/1PR1Q3/4BP1P/2B2RK1 b - -,c6e4 e2b5 c5e6 e3e4 f5e4 c1e3 e6d4 c3c7 e7b4 b5d7,177
8/8/7R/8/5pP1/4r3/3K1k2/8 b - -,e3e7 g4g5 f4f3 g5g6 e7g7 h6h7 g7g6 h7f7 g6g5 f7a7,-621
r1b2rk1/pp3pp1/3p3p/6q1/3QRN2/8/PP3PPP/R5K1 b - -,c8d7 h2h4 g5c5 a1d1 f8d8 d4d6 c5f5 d6e5 f5e5 e4e5,-24
1q3rk1/5ppp/1P5b/8/2B5/5Q2/2P2PPP/4R1K1 b - -,g8h8 b6b7 h6f4 g2g3 f4e5 c4d5 g7g6 h2h4 b8c7 g1g2,566
7k/3q1p2/2p2Prp/1pQ5/1P5P/2P5/6P1/5R1K b - -,g6g3 h1h2 g3g6 f1f4 d7e6 c5f2 e6e5 f2d4 e5e2 f4f2,60
3k4/1R2P3/8/4K3/8/8/8/2r5 b - -,,0
rnbq1rk1/pp3pbp/3ppnp1/2pPP1B1/2P5/2N5/PP2BPPP/R2QK1NR b KQ -,d6e5 d1d2 e5e4 a1d1 e6d5 c4d5 b8d7 g1h3 d7e5 e1h1,-73
8/pp2k3/2n5/4pp2/8/P3K3/1P3PP1/3N4 b - -,,0
2nrkn2/1p4q1/1pppBp2/4pPpR/1P2P1P1/P1PPB1K1/7Q/8 b - -,d6d5 h5h8 d5d4 c3d4 e5d4 h2h5 e8e7 h8g8 f8e6 g8g7,525
5k2/p2n1ppp/1p2pb2/8/3P4/P4N2/1P3PPP/2B2K2 b - -,b6b5 f1e2 f6e7 f3e5 d7e5 d4e5 f8e8 c1d2 e8d7 e2d3,-23
1r4k1/4bppp/r1p1pn2/p7/N2P4/P7/1P2QPPP/2R2RK1 b - -,a6a7 c1c6 h7h5 f1d1 g7g6 c6c2 a7b7 a4c5 b7b5 g2g3,549
3n4/7r/2p2k2/p1Np2pp/P2P1pP1/1PRK1P1P/8/8 b - -,,0
r1n5/1p2kppp/p7/2P2b2/1PPr4/P1q1p1P1/4P1BP/R1Q2K1R b - -,f5c2 g2b7 d4d2 c1e1 a8b8 b7f3 e7f8 g3g4 c8e7 e1g3,-409
r3k2r/pp2qpnp/1np1b1p1/3p4/3PPN2/2NB4/PPQ2PPP/2KRR3 b kq -,e7g5 g2g3 g7h5 c2d2 h5f4 g3f4 g5h6 f4f5 h6d2 d1d2,34
6k1/8/p7/1p2P1pp/8/1NPb2P1/PP3r2/R1BK4 b - -,,0
rn1qkb1r/pb3ppp/1pp1p3/4N3/3PB3/5Q2/PPP2PPP/R1B1K2R b KQkq -,d8f6 c1f4 f8b4 c2c3 b4d6 h2h4 e8h8 f3g3 f6e7 h4h5,231
r1bqr3/pp3kpp/5p2/3p4/5Q2/8/PP2BPPP/R3R1K1 b - -,f7g8 a1d1 c8e6 e2h5 e6f7 h5f7 g8f7 e1e8 d8e8 f4d4,-3
r4rk1/pp1b1pp1/3p3p/6q1/3QRN1P/8/PP3PP1/R5K1 b - -,g5c5 a1d1 f8d8 d4d6 c5f5 d6e5 f5e5 e4e5 d7a4 d1d8,-17
r3r3/ppp4k/7p/2BPb1p1/2QNPqP1/8/P4P2/1R1R2K1 b - -,,0
8/3r1p1p/4pkp1/8/6PP/R7/5PK1/8 b - -,f6g7 a3a6 h7h6 g2g3 g7f6 a6a3 e6e5 f2f3 d7d8 a3a6,-7
2k2b1r/ppprpBpp/5n2/4qb2/8/5PN1/PPPB2PP/R2Q1RK1 b - -,e7e6 g1h1 d7f7 f1e1 e5c5 d2e3 c5c4 g3f5 e6f5 e3a7,-402
r1bqk1nr/ppp2pp1/2nb4/3p3p/3P4/2PB2N1/PP3PPP/RNBQ1RK1 b kq -,c6e7 f1e1 e8f8 h2h3 h5h4 g3e2 c8f5 d3f5 e7f5 d1b3,52
8/8/8/8/5pP1/6r1/3K1k1R/8 b - -,f2g1 h2h6 f4f3 h6f6 f3f2 d2e2 g3g2 e2e3 f2f1q f6f1,-660
r4rk1/1p2np1p/6p1/2Pp4/1P1PpR2/2R1P1PP/1Q2B2K/3q4 b - -,d1a1 b2a1 a8a1 f4f1 a1a2 f1e1 f7f5 b4b5 g8f7 h2g1,-39
r2q1rk1/pp2bppp/8/3p4/2pPnB2/P3PN1P/1PQ2PP1/R3R1K1 b - -,a7a5 f3d2 e4d2 c2d2 f7f5 d2d1 b7b5 d1f3 d8d7 f4e5,-58
5rk1/1p4pp/p6q/P2pp3/1Q5P/1P6/5NPK/3R3R b - -,h6c6 f2h3 h7h6 h1f1 f8e8 h2h1 d5d4 f1e1 c6d5 b4c4,665
8/p6k/4K3/6p1/6P1/8/7P/8 b - -,h6h5 f2h3 f8d8 h1f1 h5e8 b4b7 d8d7 b7c6 d5d4 c6e4,Mate
8/R7/2r4p/1p5K/6PP/Pk6/8/8 b - -,b3c4 a7h7 c6a6 h7h6 a6a3 g4g5 a3a8 g5g6 a8g8 h6h7,541
4k3/1R2P3/4K3/8/8/8/8/2r5 b - -,,0
r1bqk2r/pppp1ppp/2Nb1n2/8/4P3/2P5/PP3PPP/RNBQKB1R b KQkq -,d7c6 b1d2 d8e7 f1d3 c8e6 d2f3 e8a8 c1e3 f6g4 e3a7,-53
r6k/pbp2p1p/4pnr1/8/2BP4/Q1P3P1/5P1P/3R2K1 b - -,a7a5 a3e7 b7d5 e7c7 d5c4 c7c4 h8g7 d1b1 g6g5 b1b7,340
8/6p1/8/2k4p/4PbP1/3K3P/1p6/1N6 b - -,h5h4 d3c3 f4e5 c3c2 c5d4 c2b2 d4e4 b2c2 e4f3 c2d3,-444
1r4k1/r3bppp/2R1pn2/p7/N2P4/P7/1P2QPPP/5RK1 b - -,h7h5 f1d1 g7g6 c6c2 b8d8 a4b6 f6d5 b6c4 g8g7 c4e5,548
6k1/8/p7/1p2P1p1/7P/1NPb4/PP3r2/R1BK4 b - -,g5h4 c1e3 f2g2 b3c1 h4h3 e3f4 h3h2 f4h2 d3c2 d1e1,2
3q1rk1/3n1ppp/2p1p3/1b1n4/3PP3/6P1/2Q2PBP/1NB1R1K1 b - -,d5f6 b1c3 d8a5 c1d2 a5b6 c3b5 c6b5 d4d5 d7e5 d2e3,59
3n4/7r/2p2k2/p1Np2p1/P2P1pP1/1PRK1P2/8/8 b - -,,0
rnbq1rk1/pp3pbp/3Ppnp1/2p1p1B1/2P5/2N5/PP2BPPP/R2QK1NR b KQ -,b8c6 h2h4 c6d4 h4h5 d8d6 e2d3 d6b6 g5f6 g7f6 h5g6,-182
3r1rk1/4bppp/6q1/p1n1Pp2/P4P2/1PR1Q3/4BP1P/2B2R1K b - -,c5e4 c3c7 e7h4 f2f3 e4g3 h2g3 h4g3 f1g1 d8d5 e5e6,191
8/8/4k3/p1p2P1p/P1P1K3/1P5P/8/8 b - -,c5e4 c3c7 e7h4 f2f3 e4g3 h2g3 h4g3 f1g1 d8d5 e5e6,Mate
8/2p2r2/3p2pk/3Pp1n1/5r2/2P1KP2/PP2Q1B1/8 b - -,f7f6 e2d1 g5f7 d1g1 g6g5 e3e2 h6g6 a2a3 f7h6 b2b4,-54
r2qkb1r/pp1bpp1p/3p1np1/1B4B1/3QP3/2N5/PPP2PPP/R3K2R b KQkq -,d7b5 g5f6 e7f6 c3b5 f8h6 e1h1 e8h8 b5c3 h6g7 d4d3,93
5k2/3N1p2/5qpp/8/8/6PP/5P1K/8 b - -,f8e8 d7f6 e8f8 h2g2 f8g7 f6d5 g7f8 g2f3 f8g7 g3g4,732
4R3/2P3k1/p7/5p1p/2N5/1P2K2P/P6P/2r5 b - -,c1e1 e3f4 e1e8 c4d6 e8f8 c7c8q f8c8 d6c8 g7f7 f4f5,912
Bn1R1rk1/p4ppp/4p3/1p6/2p5/1P2B3/P4PPK/3R4 b - -,b8a6 a8b7 c4c3 b7a6 h7h6 d8f8 g8f8 a6b5 a7a5 d1d8,827
r1bqk2r/ppp2ppp/2pb1n2/8/4P3/2P5/PP2QPPP/RNB1KB1R b KQkq -,e8h8 c1g5 f8e8 b1d2 h7h6 g5f6 d8f6 g2g3 b7b5 f1g2,-65
8/4Q3/7R/5k2/4n3/1K2n3/P7/1R6 b - -,e8h8 c1g5 f8e8 b1d2 h7h6 g5f6 d8f6 g2g3 b7b5 f1g2,Mate
r3r3/p1p4k/1p5p/3Pb1p1/1BQNPqP1/8/P4P2/1R1R2K1 b - -,f4h2 g1f1 h2h1 f1e2 h1e4 e2d2 e5d4 f2f3 d4e3 d2c3,-252
8/2q2pkp/p1R1p1p1/P1bpP3/Q4P2/7P/6PK/8 b - -,c7d7 h2g3 d5d4 g3f2 d4d3 f2e1 d7d5 c6d6 c5d6 e5d6,-283
2r1r1k1/R1pR1pp1/6np/1p2p3/1Pq1P3/2P1Q2P/3N1PP1/6K1 b - -,c8d8 d7d8 c4e6 d8e8 e6e8 a7c7 g6f4 g1h2 g7g5 g2g3,493
8/pp6/2n1k3/4pp2/8/P1N1K3/1P3PP1/8 b - -,,0
r3k2r/p1qn1ppp/2pbpn2/1p6/3Pb2N/PBN4P/1PPB1PP1/1R1Q1RK1 b kq -,,0
4k3/R4ppp/1P6/8/3p4/7P/5PPK/3r4 b - -,f7f5 b6b7 d1b1 a7a8 e8e7 b7b8q b1b8 a8b8 f5f4 b8b4,671
rnb1k2r/p4ppp/2pbpn2/1p4q1/3P4/2NBPQ1P/PP3PP1/2KR2NR b kq -,a7a6 c1b1 c8b7 f3e2 f6d5 c3d5 c6d5 g1f3 g5e7 d1c1,-341
8/8/8/8/5pP1/5kr1/3K4/7R b - -,f3g2 h1a1 g3g4 a1a4 g2g3 d2e1 g4h4 a4b4 h4h1 e1d2,-640
8/8/8/5n2/8/5R2/5K1k/8 b - -,f5h4 f3a3 h4g6 f2f3 h2h3 a3b3 h3h4 b3b5 g6f8 b5f5,11
1r4k1/r3bpp1/2R1pn2/p3Q2p/N2P4/P7/1P3PPP/5RK1 b - -,b8d8 a4b6 f6d7 e5h5 g7g6 h5b5 d7b6 c6b6 a7a8 b6b7,568
6k1/8/p7/1p2P3/7p/1NPbB3/PP3r2/R2K4 b - -,f2g2 b3c1 h4h3 e3f4 h3h2 f4h2 d3c2 d1e1 g2h2 a2a4,2
r1b1k2r/1pp1qp1p/1pn2np1/1B2P3/8/5NQ1/PP3PPP/R1B1K2R b KQkq -,e7b4 c1d2 b4b5 e5f6 c8f5 a2a4 b5d3 f3g5 e8h8 g3d3,-116
r2qk2r/1p2nppp/p5b1/3pP3/3Nn1P1/7P/PP3P2/R1BQRBK1 b kq -,e4c5 f2f4 g6e4 f4f5 e8h8 b2b4 c5d7 e5e6 d7f6 c1e3,128
8/6p1/8/2k1b3/4P1Pp/3K3P/1p6/1N6 b - -,e5f6 b1d2 f6g5 d2b1 c5d6 d3c2 g5f6 g4g5 f6g5 c2b2,-507
r4rk1/1p2np1p/6p1/2Pp4/1P1PpR2/2R1P1PP/4B2K/Q7 b - -,a8a1 f4f1 a1a2 f1e1 f7f5 b4b5 g8f7 h2g1 f8a8 h3h4,-45
8/p1r2k1p/3qpp2/3p2p1/3P2P1/1PrR1P2/P3Q1P1/R5K1 b - -,d6a6 d3c3 a6e2 c3c7 f7g6 c7e7 h7h5 g4h5 g6h5 g1h2,-108
rnb2rk1/ppp2ppp/4p1q1/3pP3/2PPn2N/2P5/P1Q1BPPP/R1B1K2R b KQ -,c7c5 h4g6 h7g6 f2f3 b8c6 f3e4 c5d4 c3d4 c6d4 c2c3,663
r1b2rk1/pp2bpp1/3p1n1p/q3P3/3QP2B/P1N5/1PP3PP/2KR1B1R b - -,f6d5 e4d5 d6e5 d4e4 e7a3 f1d3 f7f5 e4e5 a3b2 c1b2,421
r3k1nr/pp1b1qpp/2n1pP2/3p4/2pP4/P1P2NQ1/2P1BPPP/R1B2RK1 b kq -,g8f6 f3e5 c6e5 d4e5 f6e4 g3e3 b7b6 a3a4 e8h8 a4a5,57
8/1pr3p1/pR3pk1/2nBp3/4p1Pp/2P1P2P/P4PK1/8 b - -,c7d7 c3c4 g6g5 b6b1 d7d6 a2a4 a6a5 d5b7 d6d2 g2f1,-147
8/p7/4K1k1/6p1/6P1/7P/8/8 b - -,g6h6 b6d6 c7c8 c3c4 h6g5 d6b6 g7g6 g2f1 c8f8 a2a4,Mate
8/4B1p1/2k4p/p7/4K3/6P1/PP5P/8 b - -,g7g5 e4f5 c6d5 e7f8 h6h5 f5g5 d5e4 g5h5 e4f3 f8e7,832
rnbqkb1r/pp2pppp/2p5/4P3/2P2n2/6P1/PP1N1P1P/R1BQKBNR b KQkq -,f4d3 f1d3 d8d3 g1e2 b8a6 e2f4 d3f5 e1h1 g7g5 f4g2,-65
r4rk1/p2q1ppp/2nb1B2/1p1p3B/2pP4/1PP5/P4PPP/RN1Q1RK1 b - -,g7f6 b1d2 c6e7 g2g3 a8b8 b3c4 b5c4 f1e1 f6f5 d2f3,61
r4rk1/pp1b1pp1/3p3p/2q5/3QRN1P/8/PP3PP1/3R2K1 b - -,a8d8 f4d5 c5d4 e4d4 d7e6 d5c3 d8d7 d4d6 f8d8 d6d7,-16
r3r3/p1p4k/1p5p/3Pb1p1/1BQNP1P1/8/P3KP2/1R1R3q b - -,h1e4 e2d2 e5d4 c4d3 d4f2 d1f1 f2e3 d2c2 e4d3 c2d3,-262
8/5p2/6p1/5rRp/7P/5kPK/8/8 b - -,h1e4 e2d2 e5d4 c4d3 d4f2 d1f1 f2e3 d2c2 e4d3 c2d3,Mate
8/3bnpp1/7p/p1k1PP1P/Pp2B3/1Pp1K3/2P5/4N3 b - -,e7f5 e3f4 f5e7 e1f3 g7g6 h5g6 f7g6 f4e3 e7f5 e3d3,-430
3r2k1/r3bpp1/2R1pn2/p3Q2p/N2P4/P7/1P3PPP/3R2K1 b - -,h5h4 a4b6 e7f8 g1f1 a5a4 e5g5 h4h3 g2h3 d8b8 d1c1,579
8/8/3r3p/Rp5K/6PP/Pk6/8/8 b - -,d6c6 a5b5 b3c4 a3a4 c4d3 a4a5 c6a6 g4g5 h6g5 h4g5,674
r4rk1/pp1b1pp1/3p3p/8/3R1N1P/8/PP3PP1/3R2K1 b - -,,0
r2qr1k1/ppp2ppp/2n5/2b1p3/4B1b1/2PP1N2/PP3PPP/R1BQR1K1 b - -,d8d7 h2h3 g4h5 b2b4 c5d6 d1b3 g8h8 f3h4 f7f6 a2a4,23
4R3/6k1/p1P5/5p1p/2NK4/1P5P/P6P/2r5 b - -,d8d7 h2h3 g4h5 b2b4 c5d6 d1b3 g8h8 f3h4 f7f6 a2a4,Mate
3n4/3N2k1/2p5/p2p2p1/P2P1pP1/1PR2P1r/3K4/8 b - -,,0
r2qkb1r/pp3ppp/2p2n2/3p1b2/8/P1N1PB2/1PP2PPP/R1BQ1RK1 b kq -,f8d6 f1e1 f6e4 f3e4 d5e4 d1d4 d8c7 d4g7 e8a8 g7g5,-85
1r2rk2/R3Bp2/1n1R2p1/1pp1p3/4P1P1/1PP5/5P2/6K1 b - -,e8e7 a7a5 e7b7 d6d1 c5c4 a5b5 c4b3 b5b3 b6d7 b3b7,-450
r1b1k1nr/pp1ppp1p/2n3p1/3P4/4P3/5N1P/Pq1N1PP1/R2QKB1R b KQkq -,c6d8 a1b1 b2c3 f1c4 d7d6 c4b5 e8f8 e1h1 g8f6 d1a4,130
r2qkb1r/pp2pp1p/3p1Bp1/1b6/3QP3/2N5/PPP2PPP/R3K2R b KQkq -,h8g8 c3b5 d8a5 b5c3 e7f6 e1h1 f8e7 c3d5 e8f8 d5f6,182
r3kbnr/1p3ppp/1qb1p3/Pp2P3/5Q2/8/1PPB2PP/1K1R1B1R b kq -,b6c7 f1d3 g8e7 f4f2 e7d5 h1f1 f8b4 c2c3 b4a5 f2g3,-373
6k1/8/p7/1p2P3/7p/2PbB3/PP4r1/R1NK4 b - -,,0
Bn3Rk1/p4p1p/4p3/1p4p1/2p5/1P2B3/P4PPK/3R4 b - -,g8g7 f8b8 b5b4 d1d8 g7f6 b3c4 h7h5 c4c5 f6g7 d8g8,1415
r2qkb1r/ppp2ppp/4pn2/3p1b2/1n1P4/1P1BPN2/PBP2PPP/RN1QK2R b KQkq -,b4d3 c2d3 f8b4 b2c3 b4d6 h2h3 e8h8 b3b4 f6d7 e1h1,-53
8/2p2r2/3p2pk/3Pp1n1/8/2P1KB2/PP2Q3/8 b - -,f7f8 a2a4 e5e4 f3g2 f8f5 a4a5 f5d5 a5a6 d5a5 e2g4,556
2r2r1k/pb2q2p/1p3pp1/1P6/6Q1/4P3/P4PPP/BR3RK1 b - -,h8g8 b1d1 e7e4 h2h3 c8c5 d1d7 c5b5 g4e4 b7e4 f2f3,134
8/8/8/8/5pr1/5k2/3K4/5R2 b - -,,0
8/8/6k1/p2K2p1/6P1/7P/8/8 b - -,f3e4 f1e1 e4f3 e1f1 f3g3 d2e2 g3h4 e2f2 g4g3 f1a1,Mate
rnbqk2r/ppp1p1bp/3p2pn/5p2/3PP3/3BBN2/PPPQ1PPP/RN2K2R b KQkq -,f5e4 e3h6 g7h6 d2h6 e4d3 c2d3 c8g4 f3g5 g4f5 e1h1,72
3n4/3N2k1/2p5/p2p2p1/P2P1pP1/1PRK1P2/7r/8 b - -,,0
r4rk1/p2q1p1p/2nb1p2/1p1p3B/2pP4/1PP2Q2/P4PPP/RN3RK1 b - -,f6f5 b3c4 b5c4 b1d2 c6e7 f1e1 d6c7 d2f1 f5f4 a1b1,53
3r2k1/r3bpp1/1NR1pn2/p3Q3/3P3p/P7/1P3PPP/3R2K1 b - -,d8e8 b6c8 a7b7 c8e7 b7e7 e5a5 e7d7 a5a4 d7d5 g1f1,576
2r1r1k1/R1pR1pp1/6np/1p2p3/1Pq1P2P/2P1QN2/5PP1/6K1 b - -,e8e6 g2g3 f7f6 g1g2 e6c6 d7d3 g6f8 f3d2 c4e6 a7a5,77
rn2kb1r/pp2pppp/2pq1nb1/8/3P2PN/2N4P/PPP2PB1/R1BQK2R b KQkq -,b8a6 a2a3 e7e6 h4g6 h7g6 g4g5 f6d5 c3e4 d6d7 d1f3,78
4q1k1/ppp2ppp/3B1b2/3p4/3PN3/2P2Q2/PP3PPP/5BK1 b - -,d5e4 f3f4 c7d6 f4d6 h7h6 f1e2 e4e3 f2f3 e8a4 d6b8,109
8/pp6/4k3/4pp2/3n4/P3K3/1P2NPP1/8 b - -,f5f4 e2f4 e6f5 f4e2 d4c6 e2c3 c6d4 e3d3 d4e6 g2g3,240
4rn1k/p1pb1Q1p/5q2/3p4/3b4/2B2P1R/P1P4P/3K2R1 b - -,f6g7 g1g7 e8e1 c3e1 d4g7 h3g3 f8g6 f7d7 g7d4 d7c8,9605
r4nk1/pp3rpp/2p2p2/5q1P/3N4/2P1Q3/PP1B4/2K3R1 b - -,f5h5 e3f4 f8g6 f4f1 a8d8 d4f5 d8d5 f5e3 d5d2 c1d2,-502
8/8/p4pp1/1p1p1k2/7P/PPP1P3/4K3/8 b - -,f5g4 e2d3 g4h4 e3e4 d5e4 d3e4 h4g3 e4d5 f6f5 c3c4,-568
2r1r1k1/R1pR1pp1/6np/1p2p3/1Pq1P3/2P1QN1P/5PPK/8 b - -,g6f4 f3e5 e8e5 e3f4 e5e4 f4f3 e4f4 f3b7 c8e8 d7c7,60
3q1rk1/3n1ppp/2p1p3/1b6/3P4/2Q3P1/4PPBP/2B1R1K1 b - -,f8e8 g2c6 b5c6 c3c6 h7h6 c1a3 d8a5 e1d1 d7f6 a3d6,36
8/5p2/6p1/6Pp/8/5kPK/8/8 b - -,f8e8 g2c6 b5c6 c3c6 h7h6 c1a3 d8a5 e1d1 d7f6 a3d6,Mate
r3r1k1/pppq1ppp/2n5/2b1p3/4B1b1/2PP1N1P/PP3PP1/R1BQR1K1 b - -,g4h5 g2g4 h5g6 e4c6 d7c6 f3e5 c6b6 d3d4 c5d6 d1e2,16
6k1/1Q4pp/p6q/P2pp3/5r1P/1P6/5NPK/3R3R b - -,f4h4 h2g1 h4h1 f2h1 h6e6 b7b8 g8f7 d1f1 f7e7 b8f8,1029
8/p2nkppp/4pb2/1p6/3P1B2/P4N2/1P2KPPP/8 b - -,d7b6 f4b8 a7a6 e2d3 b6c4 d3c3 e7d7 b8e5 d7c6 e5f6,-3
8/4Q3/7R/8/K4kn1/8/P2R4/8 b - -,e7e8 f4e5 d7e5 d4e5 f6d8 f3d4 a7a6 e2d3 e8d7 f2f4,Mate
5B2/3k2p1/7p/p7/4K3/6P1/PP5P/8 b - -,e7e8 f4e5 d7e5 d4e5 f6d8 f3d4 a7a6 e2d3 e8d7 f2f4,Mate
5rk1/1p2np1p/6p1/1PPp4/3PpR2/2R1P1PP/4B2K/r7 b - -,a1e1 f4f2 f8a8 e2f1 a8a1 f1g2 e1b1 b5b6 g8g7 g3g4,-68
7k/5p2/2p2Prp/1p6/1P3Q1P/2q2R2/6P1/7K b - -,,0
r1bqkb1r/1p2nppp/p1np4/2p1p3/2P1P3/2NP1NP1/PP3PBP/R1BQK2R b KQkq -,g7g6 a2a3 f8g7 a1b1 a6a5 e1h1 e8h8 b2b3 h7h6 f3e1,10
3n4/6k1/2p5/p2pN1p1/P2P1pP1/1PRK1P2/5r2/8 b - -,,0
8/5p2/6pp/4k3/8/5KPP/5P2/8 b - -,,0
8/8/3r3p/Rp4PK/2k4P/P7/8/8 b - -,d6d8 g5g6 c4d4 g6g7 d4e3 a5b5 e3f4 h5h6 f4g4 b5b4,810
r2qr1k1/pp2bppp/8/3p4/2pPnB2/P3P2P/1PQN1PP1/R3R1K1 b - -,e4d2 c2d2 b7b5 e3e4 e7f8 e4d5 d8d5 e1e5 e8e5 d4e5,-50
8/3q1pkp/p1R1p1p1/P1bpP3/Q4P2/6KP/6P1/8 b - -,d5d4 g3f2 d4d3 f2e1 d7d5 c6d6 c5d6 e5d6 d5d6 e1d2,-398
4brk1/1pp1r1pp/p3pq2/3pN3/P2P4/2P5/1P1Q1PPP/R3R1K1 b - -,e8g6 a4a5 g6f5 f2f3 g7g5 a1a4 h7h5 d2e3 e7g7 a4b4,161
Bn1R1k2/p4p1p/4p3/1p4p1/2p5/1P2B3/P4PPK/8 b - -,f8e7 d8b8 h7h6 b3c4 b5c4 e3a7 e7f6 b8b4 h6h5 b4c4,866
7k/1p6/p3B2p/4P2P/6K1/4r3/PP3r2/2R5 b - -,e3e5 c1c8 h8g7 c8c7 g7f8 g4g3 f2f1 g3g2 f1f6 e6g4,-383
8/8/3Q2R1/5pk1/2qp2p1/2p5/2K5/8 b - -,,0
2r1r1k1/R1p2pp1/6np/1p2p3/1P2P3/2PR1N1P/5PP1/6K1 b - -,c8d8 d3d8 e8d8 a7c7 d8d1 g1h2 d1f1 c7c5 f7f6 c5b5,68
6k1/8/p7/1p2P3/5B2/2Pb3p/PP4r1/R1NK4 b - -,,0
8/6p1/5b2/2k5/4P1Pp/7P/1pKN4/8 b - -,c5d4 g4g5 f6e5 c2b1 d4e3 b1c2 e3f4 c2b1 e5c3 d2c4,-616
r2qkb1r/pp3p1p/3p1pp1/1N6/3QP3/8/PPP2PPP/R3K2R b KQkq -,f8h6 b5c3 e8h8 e1h1 h6g7 d4d3 d8a5 c3d5 a8e8 c2c4,94
3r2k1/r3bpp1/1NR1pn2/p3Q3/3P4/P6P/1P3P1P/3R2K1 b - -,e7f8 g1f1 a5a4 d1c1 a7b7 c6c8 d8c8 c1c8 b7b6 c8f8,622
r1b1k2r/pp2nqpp/2n1pP2/3p4/2pP4/P1P2NQ1/2P1BPPP/R1B2RK1 b kq -,g7f6 f3h4 h8g8 g3d6 c8d7 c1f4 e7g6 e2h5 f7f8 d6c7,52
8/8/6pp/4kp2/6P1/5K1P/5P2/8 b - -,,0
2R4k/1p6/p3B2p/4r2P/6K1/8/PP3r2/8 b - -,h8g7 c8c7 g7f8 g4g3 f2f1 g3g2 f1f6 e6g4 e5g5 c7c4,-378
r3r3/p1p4k/1p5p/2BPbNp1/2Q1PqP1/8/P4P2/1R1R2K1 b - -,,0
r1b1kb1r/ppp2ppp/2n2n2/3q2N1/4p2P/2N5/PPPPQPP1/R1B1KB1R b KQkq -,d5d6 g5e4 f6e4 c3e4 d6e7 c2c3 c8d7 d2d4 e8a8 f2f3,127
BR6/p4pkp/4p3/1p4p1/2p5/1P2B3/P4PPK/8 b - -,h7h6 b3c4 b5c4 e3a7 h6h5 b8c8 h5h4 c8c4 g7g6 a7e3,900
8/1p4pp/p1k2p2/P4PP1/1P1K3P/8/8/8 b - -,,0
5rk1/1pp1r1pp/p3pqb1/3pN3/P2P4/2P1R3/1P1Q1PPP/R5K1 b - -,f6g5 a4a5 g6f5 a1f1 h7h6 d2e2 f8c8 b2b4 c8f8 f1e1,167
8/8/8/8/4kpr1/8/3K4/4R3 b - -,,0
rnbqk2r/pp2bppp/8/1pPpP3/8/2N2N2/PPP3PP/R1BQK2R b KQkq -,c8e6 c1e3 b8c6 e1h1 b5b4 c3b5 e8h8 d1d3 d8d7 g1h1,-20
2rr4/3q2k1/4P2p/2p5/3p2b1/6Q1/PP3PP1/2R1R1K1 b - -,d7e7 e1e5 d4d3 g3g4 g7h8 e5h5 e7f6 e6e7 d8e8 g4h3,380
3k4/3q4/8/8/8/2R5/3P4/3K4 b - -,,0
r3r3/p1p4k/1p5p/2BPbNp1/2Q1P1q1/8/P4P2/1R1R1K2 b - -,,0
8/6p1/5b2/2k5/4P1Pp/3K3P/1p6/1N6 b - -,c5d6 b1d2 d6e6 d3c2 e6e5 c2b2 e5f4 b2c2 f4g3 g4g5,-506
5rk1/1p2np1p/6p1/1PPp4/3Pp3/2R1P1PP/4BR1K/4r3 b - -,f8a8 e2f1 a8a1 f1g2 e1b1 b5b6 g8g7 g3g4 f7f5 c3c2,-78
r3r1k1/pppq1ppp/2n5/2b1p2b/4B1P1/2PP1N1P/PP3P2/R1BQR1K1 b - -,h5g6 e4c6 d7c6 f3e5 c6b6 d3d4 c5d6 d1e2 c7c5 c1e3,16
5n1k/p1pb1Q1p/5q2/3p4/3b4/2B2P1R/P1P4P/3KR3 b - -,d7h3 f7f6 d4f6 c3f6 h8g8 e1e7 f8e6 f6e5 a7a6 e7d7,501
3r2k1/1r2bpp1/1NR1pn2/Q7/3P4/P6P/1P3P1P/3R2K1 b - -,f6e4 a5e5 e4f6 g1h1 d8b8 c6c8 b8c8 b6c8 e7d8 e5d6,631
r2r2k1/pp3ppp/3b4/7n/P3P1PP/3nBP2/1P2N3/R4BKR b - -,h5g3 e2g3 d6g3 g1g2 g3e5 f1d3 d8d3 a1a3 a8d8 h1b1,99
8/5p2/R3rkpp/4p3/6PP/5PK1/8/8 b - -,e6a6 g4g5 h6g5 h4g5 f6g5 g3f2 g5f4 f2e2 a6a2 e2d3,-1301
8/1pR3k1/p3B2p/4r2P/6K1/8/PP3r2/8 b - -,g7f8 g4g3 f2f1 g3g2 f1f6 e6g4 e5g5 c7c4 b7b5 c4e4,-393
2kr1b1r/ppp1pp1p/2nq1n2/6Nb/8/2NP3P/PPP1BPP1/R1BQ1RK1 b - -,h5g6 c1e3 h8g8 g1h1 e7e6 e2f3 c6d4 g5e4 f6e4 c3e4,69
8/5p2/6p1/6Pp/4k1P1/7K/8/8 b - -,h5g6 c1e3 h8g8 g1h1 e7e6 e2f3 c6d4 g5e4 f6e4 c3e4,Mate
6k1/8/p7/1p2P3/8/2Pb4/PP4rB/R1NK4 b - -,,0
1n1q1rk1/5ppp/2p1p3/1b6/1n1P4/6P1/3QPPBP/1NB1R1K1 b - -,c6c5 d4c5 b8a6 d2c3 b5c6 c1a3 c6g2 g1g2 d8a8 e2e4,94
r6k/pbp4p/4pr2/7Q/2pP4/2n3P1/4BP1P/R5K1 b - -,f6f5 h5g4 a8g8 g4h3 c3e2 g1f1 e2d4 a1a7 b7e4 a7c7,-266
8/1pr3p1/p4p2/2nBp1k1/1R2p1Pp/2P1P2P/P4PK1/8 b - -,b7b5 c3c4 c7d7 d5c6 d7d2 c4b5 c5d3 b5a6 d2f2 g2g1,-184
8/8/8/5k2/5pr1/8/3K4/7R b - -,,0
Bn1R1rk1/p4ppp/4p3/1pB5/8/1p6/P4PPK/3R4 b - -,g7g6 d8f8 g8g7 f8b8 b3b2 c5d4 g7h6 b8g8 h6g5 d4b2,1300
r3r1k1/pppq1ppp/2B3b1/2b1p3/6P1/2PP1N1P/PP3P2/R1BQR1K1 b - -,d7c6 f3e5 c6b6 d3d4 c5d6 d1e2 c7c5 c1e3 c5d4 e3d4,20
7b/3r4/8/8/P2k4/8/8/1K1Q4 b - -,d7c6 f3e5 c6b6 d3d4 c5d6 d1e2 c7c5 c1e3 c5d4 e3d4,Mate
Q4rk1/4Rppp/1p6/p7/8/6P1/Pq3P1P/4R1K1 b - -,g7g5 e7e8 b2g7 e8f8 g7f8 e1e8 f8e8 a8e8 g8g7 e8e5,Mate
r2q1rk1/1p3pbp/3n2p1/2pPp1P1/p1P1N2P/P2B4/1P3P2/R2QK2R b - -,b7b5 e4d6 d8d6 d3e4 b5c4 d1e2 f8b8 h1h3 d6d7 h3c3,-41
3r2k1/pp1P1ppp/2N5/8/3Q1PP1/2P5/2b1RK1P/3q4 b - -,c2e4 c6d8 d1d4 c3d4 g7g5 e2e4 g8g7 f4g5 g7g6 d8b7,1066
8/3bnpp1/7p/p1k1PP1P/Pp2B2N/1Pp1K3/2P5/8 b - -,e7c6 e3f4 d7e8 f5f6 c6d4 f4e3 g7f6 e5f6 e8d7 h4g2,-100
6k1/8/p7/1p2P3/8/2P5/PPb3rB/R1N1K3 b - -,,0
3r2k1/1r2bpp1/1NR1p3/3Q4/3Pn3/P6P/1P3P1P/3R2K1 b - -,e6d5 b2b4 e7h4 g1g2 e4f2 d1b1 f2d3 a3a4 h4f6 c6f6,-257
8/3q1pkp/p1R1p1p1/P1b1P3/Q4P2/3p3P/6P1/4K3 b - -,d7d5 c6d6 c5d6 e5d6 d5d6 g2g4 e6e5 e1d2 e5f4 a4c4,-453
r2qk2r/1bpn1pp1/p2pp2p/1p6/3PPN2/2PB1Q2/PP3PPP/R3R1K1 b kq -,e8h8 f4e2 f8e8 e2g3 d8g5 a2a4 b5a4 a1a4 c7c5 e1a1,25
8/5p1k/2p1qP1p/1p6/1P4rP/6P1/3Q1R1K/8 b - -,e6e4 d2c3 e4b4 c3c6 b4b3 f2f3 b3d1 f3f2 d1d3 c6c7,-11
8/p1R2k1p/4pp2/3p2p1/3P2P1/1P3P2/P3q1P1/R5K1 b - -,f7g6 g1h1 h7h5 g4h5 g6h5 c7a7 e2d3 a7a8 d3d4 a1f1,-103
2r2rk1/1p4pp/p2ppb2/2q1p3/2P1P3/1P3N2/P3QPPP/R4RK1 b - -,,0
rn2k2r/p2b1ppp/2pbp3/6q1/1p1PB1P1/4PQ1P/PP3P2/2KR2NR b kq -,g5e7 h3h4 a7a5 c1b1 a5a4 g4g5 a4a3 b2b3 a8a5 f3g2,-346
2r1r1k1/R1p2pp1/2q3np/1p1Rp3/1P2P2P/2P1QN2/5PP1/6K1 b - -,c6e6 d5b5 c8d8 a7a1 e8e7 b5a5 e6g4 g2g3 e7d7 a5a8,96
1r2rb1k/1p1b3p/p3pp2/4R3/PnqN1B2/5BQ1/1PP3PP/3R3K b - -,e8e7 e5e4 b8c8 d4f5 e6f5 e4c4 c8c4 h2h3 c4c8 g3h4,435
r3r1k1/1pp2pp1/p2p1q1p/3P4/2P1n1P1/P2Q2PP/BP6/R1B1K2R b - -,e4c5 e1d2 c5d3 d2d3 f6f3 d3c2 f3h1 a2b3 h1e4 c2c3,-1291
4R3/6k1/p1P5/2K2p1p/2N5/1P5P/P6P/3r4 b - -,e4g3 e1d1 g3h1 d1c2 h1f2 d3c3 e8e2 c2b3 f6c3 b3c3,Mate
2r2rk1/pp2ppbp/3p2p1/q7/1nP1PP2/1P2B2P/P4QP1/1BRR2K1 b - -,a7a6 h3h4 a5h5 a2a3 b4c6 d1d5 h5g4 b1d3 h7h5 d3e2,73
r3r1k1/ppp2ppp/2q3b1/2b1N3/6P1/2PP3P/PP3P2/R1BQR1K1 b - -,c6b6 d3d4 c5d6 e5g6 h7g6 a2a4 e8e1 d1e1 b6c6 e1f1,17
r7/pRp2q1k/7p/3Pr1p1/4P1P1/3Q4/P4P2/3R2K1 b - -,f7f4 b7c7 h7g8 d5d6 f4g4 g1f1 a8f8 d6d7 f8d8 d3c4,296
2nrkn2/6q1/1pppBp2/1p2pPpR/1P2P1P1/P1PPB1K1/7Q/8 b - -,d8d7 h5h8 d6d5 h2h5 e8d8 h8g8 g7g8 e6g8 d5e4 h5h6,496
2r5/8/4P1k1/8/3K4/8/8/5R2 b - -,,0
r2qr1k1/pp3ppp/8/3p4/2pPNB1b/P3P2P/1PQ2PP1/R3R1K1 b - -,a7a6 e4c3 a6a5 a1d1 f7f5 c2f5 h4f2 g1f2 d8h4 f2g1,486
8/5pkp/p2Rp1p1/P1bqP3/Q4P2/3p3P/6P1/4K3 b - -,c5d6 e5d6 d5d6 e1d2 d6d5 h3h4 g7h6 g2g3 d5f3 f4f5,-458
3r2k1/1r2bpp1/1NR5/3p4/1P1Pn3/P6P/5P1P/3R2K1 b - -,e7h4 f2f4 e4f2 d1f1 f2d3 g1g2 h4f6 b6c8 f6d4 c8d6,-289
3r4/p4pk1/2p2n1p/2p2R2/2P5/4N1P1/PP3P1P/6K1 b - -,d8d2 f5c5 d2b2 c5c6 h6h5 c6a6 f6e4 a6a7 g7g6 a7a5,290
3q1rk1/5ppp/n1p1p3/1b6/1n1P4/2N3P1/3QPPBP/2B1R1K1 b - -,d8b6 c1a3 f8d8 c3b5 b6b5 e2e3 c6c5 g2f1 b5a4 a3b4,85
8/3b1pp1/7p/p1knPP1P/Pp2B2N/1Pp2K2/2P5/8 b - -,c5d4 e4d3 d4e5 f3g3 d5f6 h4f3 e5d6 g3f2 f6h5 f2e3,-436
r6k/pbp4p/4p3/5r2/2pP3Q/6P1/4nP1P/R4K2 b - -,a8f8 g3g4 f5f2 h4f2 f8f2 f1f2 e2c3 a1a7 c3e4 f2e3,-343
r2qkb1r/2p1nppp/p7/1p1p4/3n4/1B3N1P/PPP2PP1/R1BQ1RK1 b kq -,d4b3 a2b3 e7c6 c2c4 f8e7 c4b5 a6b5 a1a8 d8a8 d1d5,87
8/R4pkp/P5p1/8/6PP/r4P2/6K1/8 b - -,h7h6 g4g5 a3a2 g2g3 a2a3 g3f2 h6h5 f2g3 a3a2 f3f4,223
1r2rk2/R4p2/1n1R1Bp1/1pp1p3/4P1P1/1PP5/5P2/5K2 b - -,b6c8 d6d3 b8b6 f6d8 b6d6 a7d7 d6d3 d7d3 c5c4 b3c4,58
6k1/5p1p/4p1p1/pB6/Pb6/4PP1P/4K1P1/8 b - -,,0
r3r3/ppp2q1k/7p/3P2p1/2nBP1P1/3Q4/P4P2/1R1R2K1 b - -,c4b6 a2a4 h7g8 f2f3 a8b8 g1g2 b6d7 d1h1 f7g6 h1h3,246
2R5/5pkp/p3p1p1/P1bqP3/Q4P2/3p3P/6P1/4K3 b - -,c4b6 a2a4 h7g8 f2f3 a8b8 g1g2 b6d7 d1h1 f7g6 h1h3,Mate
r3r1k1/ppp2ppp/5qb1/2b1N3/3P2P1/2P4P/PP3P2/R1BQR1K1 b - -,c5d6 f2f4 f6h4 e1e3 d6e5 d4e5 f7f6 c1d2 f6e5 f4f5,26
8/6k1/8/3KPR2/7r/8/8/8 b - -,,0
3r2k1/1r3pp1/1NR5/3p4/1P1PnP1b/P6P/7P/3R2K1 b - -,e4f2 d1f1 f2d3 f1f3 d3b2 f3b3 h4f6 a3a4 f6d4 g1g2,-303
r1bqk1nr/ppp2pp1/2nb3p/3p4/3P1B2/2PB4/PP2NPPP/RN1QK2R b KQkq -,c6e7 b1d2 d6f4 e2f4 d8d6 g2g3 g8f6 e1h1 c8g4 d1a4,25
8/1pr5/p4pp1/2nBp1k1/PR2p1Pp/2P1P2P/5PK1/8 b - -,f6f5 g4f5 g6f5 c3c4 f5f4 a4a5 g5f5 b4b2 c7g7 g2f1,-204
8/8/8/5k2/5p2/8/6r1/4K2R b - -,,0
2r2rk1/pp2ppbp/3p2p1/8/1nP1PP2/qP2B2P/P4QP1/1BR1R1K1 b - -,b7b6 c1d1 a3b2 e1e2 b2a3 g1h1 c8c7 f2e1 b4c6 e1f1,67
4R3/6k1/p1P5/4Np1p/8/1P1K3P/P1r4P/8 b - -,c2c6 e5c6 g7g6 c6d4 g6g7 d3c4 g7f7 e8e1 f7f6 c4c5,1011
1r2r2k/1p1b2bp/p3pp2/7R/PnqN1B2/5BQ1/1PP3PP/3R3K b - -,b4d3 f4b8 e6e5 c2d3 c4f7 d4f5 d7f5 h5f5 e8b8 d1f1,623
rnbqk2r/ppppb1pp/5n2/4Qp2/3P4/2N5/PPP2PPP/R1B1KBNR b KQkq -,b8c6 e5f5 c6d4 f5d3 d4e6 g2g3 d7d5 g1f3 e8h8 f1g2,-47
5rk1/1pp1r1pp/p3pq2/3pNb2/P2P4/2P1R3/1P1Q1PPP/4R1K1 b - -,f6h4 a4a5 h4g5 d2e2 h7h6 e3f3 f5h7 f3g3 g5f6 h2h3,166
r2qk2r/pp2bp1p/3p1pp1/1N6/3QP3/8/PPP2PPP/2KR3R b kq -,d8a5 b5c3 e8f8 c3d5 e7d8 d1d3 f8g7 d3c3 h7h5 f2f4,165
rnbqk2r/pp2ppbp/3P2p1/2pP3n/6P1/2N5/PPP2P1P/R1BQKBNR b KQkq -,g7c3 b2c3 h5g7 h2h3 e8h8 d6e7 d8e7 d1e2 e7d6 e2d2,74
1rb2k2/p3npp1/2p4p/2N5/1Pp2P2/P5PP/6B1/2R3K1 b - -,c8e6 g2f1 b8d8 c5e6 f7e6 f1c4 d8d2 c4e6 d2d3 g1f2,17
8/2K5/3P4/1Bk5/8/5b2/8/8 b - -,,0
8/8/7R/8/5pk1/8/6r1/4K3 b - -,,0
3rr1k1/pp4pp/2p1pq2/5p1n/1PPP4/P3Q2P/1B2NPP1/3R2K1 b - -,e6e5 d4d5 c6d5 c4d5 f5f4 e3f3 f6g6 d5d6 e5e4 f3g4,-271
3r2k1/1r3pp1/1NR5/3p4/1P1P1P1b/P6P/5n1P/5RK1 b - -,f2d3 f1f3 d3b2 f3b3 h4f6 g1f1 f6d4 b6c8 b2c4 b3d3,-323
5k2/1BR5/p6p/6r1/5K2/8/Pr6/8 b - -,b2b4 b7e4 g5h5 c7c8 f8e7 c8c7 e7d8 c7c6 h5h4 f4f3,-471
8/6R1/P3k1p1/7p/3K3P/6P1/r7/8 b - -,,0
2bq1rk1/3nppbp/p4np1/3P4/2p5/Q1NP1NB1/PP3PPP/R3K2R b KQ -,d7b6 d3c4 b6c4 a3b4 c4b2 b4b2 f6d5 g3e5 g7e5 f3e5,283
2r5/6k1/4P3/4K3/8/8/8/5R2 b - -,,0
3r2k1/pp1P1ppp/2N5/8/3Q1PP1/2P5/2b1K2P/8 b - -,b7c6 d4e5 g7g6 e5e8 d8e8 d7e8q g8g7 e8e5 g7f8 e2d2,838
2r2rk1/6pp/p3pb2/1pqpp3/2P1P3/1P6/P2NQPPP/2R2RK1 b - -,,0
5n1k/p1pb1q1p/8/3p4/3B4/5P1R/P1P4P/3KR3 b - -,f7g7 d4g7 h8g7 h3h5 d7e6 d1c1 e6f7 h5h4 f8e6 h4a4,Mate
8/1pr5/p5p1/2nBpPk1/PR2p2p/2P1P2P/5PK1/8 b - -,g6f5 c3c4 f5f4 a4a5 g5f5 g2f1 c7g7 b4b2 f4f3 b2b6,-213
2nrk3/6q1/1pppPp2/1p2p1pR/1P2P1P1/P1PPB1K1/7Q/8 b - -,e8e7 h5h7 g7h7 h2h7 e7e6 h7f5 e6e7 d3d4 d8f8 g3g2,687
r2q2k1/pp3ppp/8/3p4/2pPr2b/P3P1BP/1PQ2PP1/R3R1K1 b - -,h4g3 f2g3 d8e7 c2c3 a7a6 b2b3 b7b5 b3c4 d5c4 a3a4,-137
r1b2rk1/1pp1qp1p/1pn2np1/1B2P3/8/5NQ1/PP3PPP/R1B2RK1 b - -,,0
rnbqk2r/ppp1b1pp/3p1n2/1Q3p2/3P4/2N5/PPP2PPP/R1B1KBNR b KQkq -,b8d7 b5f5 d7e5 f5g5 e8h8 d4e5 f6g4 g5h5 g7g6 h5h3,29
2rr3k/8/4q2p/2p1P3/2Rp1Qp1/1P6/P4PP1/4R1K1 b - -,h8g7 a2a4 d8f8 f4g3 h6h5 e1c1 e6h6 b3b4 h6d2 e5e6,172
rn1q1rk1/pb1nppbp/1pppP1p1/8/2PP4/2N2N2/PPQ1BPPP/R1B2RK1 b - -,f7e6 f3g5 f8f6 e2g4 d7f8 f1e1 b7c8 c3e4 f6f5 c1e3,85
r1b1k1nr/pp1ppp1p/6p1/3P4/4P3/2qB1N1P/P3KPP1/R2Q3R b kq -,c3a3 d1c1 a3c1 h1c1 d7d6 a1b1 g8f6 e2e3 a7a6 a2a4,35
r2r2k1/pp3ppp/3b4/8/P3PNPP/3nBP2/1P6/R4BKR b - -,d3e5 f1e2 a8c8 g1f2 c8c2 a1c1 c2b2 h1d1 h7h6 f4d5,499
3r2k1/1r3pp1/1NR5/3p4/1P1P1P1b/P2n1R1P/7P/6K1 b - -,d3b2 f3b3 h4f6 g1g2 f6d4 b6c8 b2c4 b3d3 d4f6 g2f3,-327
r1b1k2r/1p3ppp/2nqpn2/p1pp4/3P1P2/P1PBP3/1P1N2PP/R2QK1NR b KQkq -,,0
4R3/8/p1P2k2/3KNp1p/1P6/7P/P6P/8 b - -,e8h8 g1f3 c6e7 d1e2 d6b6 d4c5 b6b2 e1h1 f6d7 f1c1,Mate
8/1pr5/p7/P1nBppk1/1R2p2p/2P1P2P/5PK1/8 b - -,c5d3 b4b7 c7c3 b7b8 d3e1 g2h1 e1f3 b8b1 c3c5 b1d1,-374
8/8/R7/8/6k1/5p2/6r1/4K3 b - -,,0
5r2/pRp2q1k/7p/3Pr1p1/4P1P1/4Q3/P4P2/3R2K1 b - -,h7g8 d1d4 f7d7 f2f3 d7d6 g1g2 h6h5 g4h5 g5g4 f3g4,205
8/pp6/4k3/4p3/3n1N2/P3K3/1P3PP1/8 b - -,e6d7 e3e4 d7d6 f4d3 d4c6 g2g4 b7b6 g4g5 d6e6 g5g6,404
8/6pp/1P1kpp2/2np4/3N1P2/4P3/6PP/6K1 b - -,g7g6 g1f2 e6e5 f4e5 f6e5 d4c2 c5a6 c2e1 e5e4 e1c2,-2
r2r2k1/pppn1pbp/6p1/1N2p3/4P3/4B2P/PPP2PP1/R2R2K1 b - -,d7f8 b5c7 d8d1 a1d1 a8c8 c7d5 c8c2 d5e7 g8h8 b2b4,57
5r1r/pN3pRp/1k2p2p/4n3/1B2p3/8/PPP2P1P/2K3R1 b - -,b6b7 b4f8 h8f8 g1e1 b7c6 e1e4 c6d6 g7g1 e5g6 e4a4,470
2bq1rk1/3nppbp/p4np1/3P4/8/Q1Np1NB1/PP3PPP/R4RK1 b - -,c8b7 f1d1 f6d5 c3d5 b7d5 a3d3 e7e6 d3a6 d8a8 a6b5,253
1r2r2k/1p1b2bp/p4p2/4p2R/PnqNBB2/6Q1/1PP3PP/3R3K b - -,c4g8 g3h4 g8f7 h5h7 h8g8 f4h6 e5d4 h4g3 e8e7 h7g7,1010
3r2k1/1r3pp1/1NR5/3p4/1P1P1P1b/P4R1P/1n4KP/8 b - -,h4f6 f3f2 f6d4 f2d2 b7b6 c6b6 d4b6 d2b2 d5d4 a3a4,-335
6k1/8/p7/1p2P3/8/1PP5/P1b4r/R1N1K3 b - -,,0
2r2r1k/8/4q2p/2p1P3/2Rp2p1/1P6/P4PP1/2Q1R1K1 b - -,h8g7 e1e4 h6h5 a2a4 e6f5 c1e1 f5e6 a4a5 f8f7 e1c1,145
rn1q1rk1/pb1np1bp/1pppp1p1/6N1/2PP4/2N5/PPQ1BPPP/R1B2RK1 b - -,f8f6 e2g4 d7f8 f1e1 b7c8 c3e4 f6f5 d4d5 e6e5 g4f5,87
8/3b1pp1/1n5p/p1k1PP1P/Pp2BK1N/1Pp5/2P5/8 b - -,d7e8 h4g2 f7f6 e5e6 e8h5 g2e3 c5d6 f4g3 h5e8 g3f4,-46
5k2/1B6/p1R4p/6r1/5K2/8/r7/8 b - -,a2a4 f4f3 a6a5 c6h6 g5b5 b7e4 b5b4 h6h8 f8e7 h8h7,-378
r2qr1k1/2pb4/3p1b1p/p2Pp1p1/2P1Pp2/3Q1P2/PP3BPP/R2BR1K1 b - -,e8f8 d3a3 f6e7 c4c5 h6h5 c5c6 d7c8 b2b4 g5g4 b4b5,106
r1b1k2r/pp2nq1p/2n1pp2/3p4/2pP3N/P1P3Q1/2P1BPPP/R1B2RK1 b kq -,b7b6 a3a4 c8d7 g3c7 a8c8 c7d6 e8d8 f1e1 c6a5 c1a3,76
8/6p1/5b2/6P1/3kP2p/7P/1pKN4/8 b - -,f6e5 d2f3 d4e4 f3h4 e5c3 h4g2 e4f5 h3h4 f5g4 g2e3,-646
4R3/2P3k1/p7/3KNp1p/1P6/7P/P6P/8 b - -,f6e7 c2b2 d4e3 b2c3 e7d8 d2c4 e3e4 g5g6 d8c7 c3d2,Mate
r3k2r/pp2bp1p/3N1pp1/q7/3QP3/8/PPP2PPP/2KR3R b kq -,e8f8 d4d5 a5d5 d1d5 b7b6 h1d1 h7h5 d6b5 h5h4 h2h3,243
3r2k1/1r3pp1/1NR2b2/3p4/1P1P1P2/PR5P/1n4KP/8 b - -,f6d4 b6c8 b2c4 b3d3 d4f6 h3h4 b7b8 c8a7 d8d7 c6c4,-355
r4nk1/pp3rpp/2p2p2/7q/3N4/2P3Q1/PP1B4/2K3R1 b - -,c6c5 d4b5 f8g6 c3c4 a8d8 b5c3 h5h4 g3h4 g6h4 c3d5,-569
8/2K5/3P4/2k5/B7/5b2/8/8 b - -,,0
5B1r/pk3pRp/4p2p/4n3/4p3/8/PPP2P1P/2K3R1 b - -,h8f8 g1e1 b7c7 e1e4 c7d6 g7g1 e5g6 e4a4 f7f5 a4a7,472
2r2r2/7k/4q2p/2R1P3/3p2p1/1P6/P4PP1/2Q1R1K1 b - -,e6f5 e1e2 d4d3 e2d2 g4g3 f2g3 f5e5 c5e5 c8c1 g1h2,243
5nk1/p1pb1q1p/8/3p4/3B4/5P1R/P1P4P/3K2R1 b - -,d7g4 g1g4 f8g6 g4g6 f7g6 h3g3 g6g3 h2g3 a7a6 d1d2,635
8/p1r2k1p/4pp2/3p2p1/3P1qP1/1PrR1P2/P3Q1P1/4R1K1 b - -,c3c6 b3b4 f7g7 d3d1 c7e7 b4b5 c6c4 e2b2 f4d6 e1e3,-28
r1br2k1/1p2qpp1/1np1p2p/p2nP3/PbpP4/2N2NPP/1PQB1PB1/R3R1K1 b - -,e7e8 e1e4 d5e7 g2f1 e8f8 e4g4 e7f5 c3e4 b4d2 c2d2,45
2r2rk1/6pp/p4b2/1p1Pp3/8/qP6/P2NQPPP/2R2RK1 b - -,c8c1 d2e4 c1f1 e2f1 a3b2 d5d6 f6d8 g2g3 b2c2 f1e1,-523
8/7R/1p1k3p/8/4P3/P3r2P/6P1/7K b - -,h6h5 h7h5 e3a3 h1h2 d6c6 h5d5 b6b5 g2g4 a3a1 h3h4,367
8/5k2/p7/1p2P3/P7/1PP5/2b4r/R1N1K3 b - -,,0
r3r1k1/1pp2pp1/p2p3p/3P4/2P3P1/P4qPP/BPK5/R1B4R b - -,f7e6 a4b5 a6b5 a1a5 e6e5 a5b5 e5e4 c1e2 e4d3 b5d5,Mate
2r2rk1/pp2ppbp/n2p2p1/8/2P1PP2/qP2B2P/P4QP1/1B1RR1K1 b - -,a6b4 h3h4 b4c6 h4h5 g7c3 e1f1 a3b2 f2h4 b2e2 h4h3,91
8/6pp/1P1k1p2/2nppN2/5P2/4P3/6PP/6K1 b - -,,0
2Nr2k1/1r3pp1/2R5/3p4/1P1b1P2/PR5P/1n4KP/8 b - -,b2c4 b3d3 d4f6 g2g3 b7b8 c8a7 d8d7 c6c4 d7a7 c4c5,-353
7r/1R6/4k2p/1p1p1p2/3P4/2q5/5PPP/2BQ2K1 b - -,h8e8 h2h3 c3c8 b7h7 c8d7 h7h6 e6e7 h6h7 e7d8 c1g5,796
1r3rk1/5p1p/1P6/2RPP1p1/2P2nb1/8/7R/5BK1 b - -,b8b6 h2f2 b6b1 g1h2 b1d1 h2g3 h7h5 c5c7 f4g6 f1e2,-364
8/3b1pp1/7p/p1k1PP1P/Pp2BK1N/2p5/2P5/8 b - -,c5b6 f4e3 b6c5 h4f3 f7f6 e5e6 d7a4 f3d4 a4e8 d4b3,213
5r2/7k/4q2p/2Q1P3/3p2p1/1P6/P4PP1/4R1K1 b - -,f8d8 e1e4 d4d3 e4d4 d8d7 c5c4 d7d4 c4d4 e6f5 e5e6,393
8/8/p3k3/1P2P3/8/1PP5/2b4r/R1N1K3 b - -,,0
r2r2k1/Bp3ppp/8/8/P3PbPP/3n1P2/1P6/R4BKR b - -,d3e5 a7c5 d8d2 h1h3 d2b2 c5d4 b2b4 d4c3 b4a4 a1a4,-42
1r2r2k/1p1b2bp/p7/4pN1R/Pnq1BB2/6Q1/1PP3PP/3R3K b - -,d3c1 a7b6 d8d1 g1g2 a8c8 g2h3 c8c2 g4g5 h7h5 g5h6,Mate
r1b2rk1/1pp1qp1p/1p3np1/1B2N3/8/6Q1/PP3PPP/R1B2RK1 b - -,f6e4 g3f4 c8f5 b5d3 a8a5 e5g4 f5g4 d3e4 a5a4 f4g4,431
r6k/pbp4p/8/3Ppr2/2Q5/2n3P1/5P1P/R4K2 b - -,a8f8 c4c3 f5f2 f1g1 f2f5 a1d1 f5f7 c3e5 h8g8 g3g4,217
8/pp6/4k3/8/3K1p2/P7/1P3PP1/8 b - -,e6f5 f2f3 b7b6 a3a4 f5f6 d4e4 f6e7 e4f4 e7f6 f4e4,660
3r1rk1/4bppp/1q6/p1n1Pp2/P4P2/BPR1Q3/5P1P/3B1RK1 b - -,d8c8 d1f3 c8c7 f1c1 b6g6 g1h1 c5e6 c3c7 e7a3 c1c6,279
r3r3/ppb1k1pQ/2bpqBPN/Pnp5/4P3/3P4/1P4PP/4RR1K b - -,e6f6 f1f6 e7d8 h7g7 c5c4 d3c4 b5d4 e1f1 d4e6 f6e6,Mate
r2r2k1/2qn1ppp/p2Npn2/1p1p4/1B1P4/PB5P/1PP1QPP1/1R3RK1 b - -,d7b8 c2c3 b8c6 b3c2 d8d7 c2d3 c6b4 d6b5 a6b5 a3b4,243
5k2/1B6/p1R4p/6r1/r7/5K2/8/8 b - -,a6a5 c6h6 g5b5 b7e4 b5b4 h6e6 f8f7 e6e5 f7f6 e5e8,-405
4k3/8/5p1p/2P4P/1N4P1/2K5/p7/8 b - -,a2a1q c3c4 a1f1 b4d3 f1f3 c4c3 f3g4 d3b2 g4h5 c3b4,-812
rn3rk1/p2b2pp/2pb1q2/5p2/1p1P3P/4PQ2/PPB1NP2/2KR3R b - -,g8h8 h4h5 d7e6 h1g1 b8d7 f3c6 f6e7 c6h1 e6c4 e2f4,-375
2Nr2k1/1r3pp1/2R5/3p4/1Pnb1P2/P2R3P/6KP/8 b - -,d4f6 h3h4 b7b8 c8a7 d8d7 c6c4 d7a7 c4c2 f6h4 f4f5,-353
8/6pp/4N1k1/8/1p1K3P/6P1/b7/8 b - -,a2e6 d4e4 b4b3 e4d3 h7h5 g3g4 h5g4 d3d2 g4g3 d2e1,-3704
1r2r2k/1p4bp/p7/4pB1R/Pnq2B2/6Q1/1PP3PP/3R3K b - -,h7h6 e6f4 g6f5 f4d3 b4b3 d4e3 a2b1 d3b2 f5e5 g3g4,Mate
k7/4rp2/P4Kp1/R6p/7P/6P1/5P2/8 b - -,e7a7 a5a3 a8b8 a3f3 b8c8 f6g7 c8d8 f3f7 a7a6 f7f6,675
8/8/8/5R2/8/5p2/1r5k/4K3 b - -,,0
3k2n1/8/1p1pPp1p/p1pK1P1P/P1P5/1P6/1B6/8 b - -,d8e7 b2c1 e7e8 c1f4 g8e7 d5e4 e7c6 f4h6 e8e7 h6f4,901
rnbk1b1r/pp3ppp/4pn2/2p5/2P5/4BN2/PP1NPPPP/R3KB1R b KQ -,b8c6 e3f4 d8e8 a2a3 f8e7 e2e3 b7b6 f1e2 c8b7 f3e5,-5
8/p6k/5K2/6p1/6P1/8/7P/8 b - -,h7g8 f6e6 g8g7 e6d5 g7f6 d5c6 f6e5 c6b5 e5f4 b5c6,-9605
8/p4pk1/2p2n1p/2R5/2P5/4N1P1/PP1r1P1P/6K1 b - -,d2b2 c5c6 h6h5 c6a6 f6e4 a6a7 h5h4 f2f3 e4f2 e3f5,287
r2r2k1/3n1ppp/pq1Npn2/1pBp4/3P4/PB5P/1PP1QPP1/1R3RK1 b - -,b6c6 c2c3 d7c5 d4c5 a8b8 b1e1 a6a5 e2e3 f6d7 b3c2,319
5r2/pk3p1R/4p2p/4n3/4p3/8/PPP2P1P/2K3R1 b - -,b7c6 h7g7 f7f5 g7a7 e5g4 a7a6 c6d5 a6a5 d5d6 g1g2,288
5rk1/pRp2q2/3P3p/4r1p1/4P1P1/4Q3/P4P2/3R2K1 b - -,,0
8/7p/1P1kppp1/2np4/3N1P2/4P3/5KPP/8 b - -,e6e5 f4e5 f6e5 d4c2 c5a6 c2e1 e5e4 e1c2 d6c6 c2d4,-2
8/R7/4k3/1p2P3/8/1PP5/2b4r/2N1K3 b - -,,0
rn2kb1r/ppq2pp1/2p1p1p1/3n2P1/3PN3/7P/PPPB1PB1/R2QK2R b KQkq -,b8d7 d1f3 e6e5 c2c4 d5e7 e1h1 e7f5 d4d5 a8d8 a1d1,63
8/p1r2k1p/2r1pp2/3p2p1/3P1qP1/1P1R1P2/P3Q1P1/4R2K b - -,h7h5 g4h5 f4h4 h1g1 h4h5 b3b4 f7g7 d3d2 h5h4 e2e3,-55
r2q2k1/pp3ppp/8/3p4/2pPrB1b/PP2P2P/2Q2PP1/R3R1K1 b - -,e4e6 b3c4 a8c8 c4c5 b7b6 c2a4 b6c5 d4c5 h4e7 e1d1,89
r2q1r2/2pb1pk1/p2p2p1/1p1P3p/3QP2P/5P2/PP4P1/2KR1B1R b - -,g7h7 f1d3 d8e7 c1b1 a8c8 d1c1 c7c5 d5c6 c8c6 c1c6,54
2rr2k1/R1p2pp1/2q3np/1p1Rp2P/1P2P3/2P1QN2/5PP1/6K1 b - -,d8d5 e4d5 c6d5 h5g6 f7g6 e3e5 d5c6 a7a1 c6c4 e5d4,434
8/8/3KR1k1/8/4P3/8/8/7r b - -,,0
r1b2rk1/p3bppp/1pqppn2/2p5/3P1B2/2PBP3/PP1N1PPP/R1Q2RK1 b - -,f6h5 f4g3 c8b7 d3e4 d6d5 e4d3 g7g6 a2a4 h5g3 h2g3,-31
3rr1k1/p6p/1pp1p3/5ppq/1PPPn3/P2N1P1P/1BQ3P1/4R1K1 b - -,e4g3 d3e5 h5h4 e5c6 g5g4 c6d8 e8d8 f3g4 f5g4 c2d2,50
2r2rk1/1p3pb1/p2p4/4p3/8/1P1N2PQ/P1R4P/6K1 b - -,c8c2 h3d7 e5e4 d3f4 c2c5 g1f1 g7h6 d7g4 g8h7 g4h4,-1
r2qk2r/pp3ppp/2pb1n2/3p1b2/8/P1N1PB2/1PP2PPP/R1BQR1K1 b kq -,f6e4 c3e4 d5e4 f3g4 f5g6 c1d2 h7h5 g4e2 d8h4 g2g3,-80
8/8/1p1k3R/8/4P3/r6P/6P1/7K b - -,d6e7 h6b6 a3a4 b6b5 e7f7 b5f5 f7g6 f5f4 a4a3 h1h2,618
r1b2rk1/pp1ppp1p/1q3np1/3Pb3/4P3/2NB3P/PP3PP1/R1BQ1RK1 b - -,f8e8 a2a4 d7d6 a4a5 b6d8 f2f4 e5d4 g1h1 f6d7 d3b5,126
8/R7/P4kp1/7p/3K3P/6P1/r7/8 b - -,,0
8/4Rk2/3K4/8/4P3/8/8/7r b - -,,0
2Nr2k1/1r3pp1/2R2b2/3p4/1Pn2P1P/P2R4/6KP/8 b - -,b7b8 c8a7 d8d7 c6c4 d7a7 c4c2 f6h4 g2f3 d5d4 f3e2,-359
5r1k/pbp4p/8/3Ppr2/8/2Q3P1/5P1P/R4K2 b - -,a7a6 c3d2 f5f2 d2f2 f8f2 f1f2 b7d5 a1e1 e5e4 e1a1,295
r2r2k1/5ppp/pq1Npn2/1pPp4/8/PB5P/1PP1QPP1/1R3RK1 b - -,b6c6 b3a2 a6a5 d6b5 a5a4 b2b4 a4b3 a2b3 f6e4 f1d1,395
5rk1/5ppp/n1p1p3/qN6/1n1P4/6P1/3QPPBP/2B1R1K1 b - -,c6b5 c1b2 b4c6 b2c3 b5b4 c3b2 c6e7 e2e4 a6c7 e1c1,118
8/8/8/6R1/8/5p2/1r4k1/4K3 b - -,,0
rn3rk1/3b2pp/2pb1q2/p4p1P/1p1P4/4PQ2/PPB1NP2/2KR3R b - -,a5a4 h1g1 a8a7 e2f4 d6f4 f3f4 d7e6 g1g3 b8d7 d1g1,-399
r3kb1r/ppqn1pp1/2p1p1p1/3n2P1/3PN3/7P/PPPBQPB1/R3K2R b KQkq -,d5f4 e2f3 f4g2 f3g2 d7b6 g2g3 c7d7 e1a1 d7d5 e4c3,-30
5k2/8/B1R4p/1r6/r7/5K2/8/8 b - -,b5b3 f3f2 h6h5 a6e2 b3b2 c6e6 h5h4 e6e3 a4a2 f2f3,-351
8/8/8/8/5R1n/8/5K1k/8 b - -,h2h3 f4a4 h4f5 a4c4 f5h4 c4f4 h4g6 f4f7 h3g4 f2e3,10
8/5pp1/5P1p/p1k1P2P/bp2BK1N/2p5/2P5/8 b - -,c5c4 f6g7 a4c2 e4c2 b4b3 g7g8q b3c2 g8g1 c4b3 g1c1,1031
3Q3k/5p2/2p2P1p/1p2q3/1P4rP/6P1/5R1K/8 b - -,h8h7 d8d3 e5e4 d3b3 e4g6 b3f3 g4e4 h4h5 g6g4 f3g4,Mate
r2q2k1/p4ppp/8/1p1p4/P1pPrB1b/1P2P2P/2Q2PP1/R3R1K1 b - -,g7g5 f4e5 g5g4 h3g4 h4f6 e5f6 d8f6 f2f3 e4e6 a4b5,183
5rk1/1p1Q1pb1/p2p4/4p3/8/1P1N2P1/P1r4P/6K1 b - -,,0
1r2r2k/1p4b1/p6B/4pB1R/Pnq5/6Q1/1PP3PP/3R3K b - -,f8c8 d3b4 c2c7 d7g4 c8e8 b4d5 c7c1 g1g2 c1c2 g2g1,Mate
8/1Rr5/p7/P2Bppk1/4p2p/2PnP2P/5PK1/8 b - -,c7c3 b7b8 d3e1 g2h1 e1f3 b8b1 c3c5 b1d1 c5a5 h1g2,-355
r1b2rk1/1pp2p1p/1p3np1/2q1N3/2B5/6Q1/PP3PPP/R1B2RK1 b - -,c8e6 c4e6 f7e6 e5g4 f6g4 g3g4 f8f5 c1h6 c5e7 a1d1,483
5rk1/1pp1r1pp/4pq2/p2pNb2/PP1P4/2P1R3/3Q1PPP/4R1K1 b - -,f8a8 b4b5 h7h6 h2h3 f6g5 d2b2 a8d8 e3g3 g5h4 b5b6,171
8/8/3k4/8/1B6/8/6B1/3K4 b - -,f8a8 b4b5 h7h6 h2h3 f6g5 d2b2 a8d8 e3g3 g5h4 b5b6,Mate
2kr1bnr/pp2qppp/Q1p1b3/4B3/4P3/2N2NP1/PPP4P/2KR1B1R b - -,g8f6 d1d8 c8d8 a6a7 e7d7 f1a6 b7a6 h1d1 f6d5 a7a6,629
4R3/8/8/1p1k4/8/1PP5/2b4r/2N1K3 b - -,,0
r2qr1k1/p4ppp/2p2n2/3pBb2/3P4/5P2/PPP1N1PP/R2Q1RK1 b - -,h7h5 d1d2 f6h7 e5f4 h7f8 h2h3 a7a5 f1e1 d8b6 b2b3,92
8/p1r3kp/2r1pp2/3p2p1/3P1qP1/1P3P2/P2RQ1P1/4R2K b - -,h7h5 g4h5 f4h4 h1g1 h4h5 g2g4 h5h3 e2g2 h3h4 g2f2,-55
rnbqkb1r/ppp1p1pp/3p4/6N1/3Pp3/8/PPP2PPP/R1BQKB1R b KQkq -,d6d5 c1e3 g7g6 h2h4 h7h6 g5h3 b8c6 h3f4 d8d6 c2c4,-35
r2N2k1/5ppp/pq2pn2/1p1p4/8/PB5P/1PP1QPP1/1R3RK1 b - -,a8d8 c2c3 g7g6 b1d1 b6c7 e2e3 h7h5 b3c2 g8g7 e3g3,451
r1bqk1nr/ppp2pp1/2nb3p/3p4/3P4/2PB4/PP1NNPPP/R1BQK2R b KQkq -,a7a6 e1h1 g8f6 e2g3 e8h8 d2f3 f8e8 a2a4 b7b6 f3h4,29
r4k1r/pp2bp1p/3N1pp1/q7/2Q1P3/8/PPP2PPP/2KR3R b - -,e7d6 d1d6 a5g5 c1b1 g5g2 h1e1 f8g7 c4d4 h8f8 d4f6,182
5k2/8/B1R4p/8/r7/1r6/5K2/8 b - -,h6h5 a6e2 b3b2 c6e6 h5h4 e6e3 a4a2 f2f3 b2c2 e2d1,-376
5r1k/pbp4p/8/3Ppr2/8/1Q4P1/7P/R5K1 b - -,b7c6 d5c6 a7a6 b3e6 e5e4 e6e4 f5f7 e4e5 h8g8 e5g5,445
r4rk1/pppq1pp1/2n1pn1p/3P1b2/3P1B2/P1P1PN2/4BPPP/R2Q1RK1 b - -,f6d5 d1d2 c6a5 f3e5 d7d6 a1e1 d5f4 e3f4 c7c5 g2g4,-24
2rr2k1/4bppp/1q6/p1n1Pp2/P4P2/BPR1Q3/4BP1P/2R3K1 b - -,b6b7 a3c5 c8c5 c3c5 e7c5 c1c5 h7h6 h2h3 g8h7 c5c1,502
3q4/1b3k1p/p3pbpP/4P3/2pP1Q2/P1B5/5PP1/6K1 b - -,b7c6 d4d5 e6d5 c3d4 d8e7 e5f6 e7e6 d4c3 e6f5 f4d4,71
8/5p2/5p1p/p1k1PN1P/bp2BK2/2p5/2P5/8 b - -,f6e5 f4e5 b4b3 c2b3 a4b3 f5g3 b3d1 g3f1 a5a4 f1e3,-530
5k2/4R3/3K4/4P3/8/8/8/7r b - -,,0
8/1k6/5q2/8/8/2R5/KP6/8 b - -,,0
4R3/8/8/1p1k4/8/1PP5/2b1K3/2N4r b - -,,0
8/7k/7p/1B2B3/6p1/P7/1P3KPP/8 b - -,h1c1 e2d2 c1h1 d2c2 h1h2 c2d3 h2h3 e8e3 h3h5 d3d2,Mate
5k2/8/2R4p/8/8/1r6/r3BK2/8 b - -,h6h5 c6c8 f8e7 c8c4 b3b2 c4e4 e7f6 f2f3 b2d2 e4e3,-415
8/8/1r4k1/3R2P1/4P3/4K3/8/8 b - -,,0
8/8/1p5R/2k1P3/8/r6P/6P1/7K b - -,a3a2 h6h8 c5d5 h8b8 a2b2 h3h4 d5e5 h1h2 e5f5 h2h3,218
1r3bk1/2pq1pn1/2Rpr2B/1p2p3/4P1QN/2PP3P/1P1N1P2/5RK1 b - -,b5b4 c6c4 b4c3 c4c3 b8b2 h6g7 f8g7 g1h1 d7e7 d2f3,531
7k/5p2/2p2P1p/1p2q3/1P4rP/3Q2PK/5R2/8 b - -,g4d4 f2f5 d4d3 f5e5 d3d6 e5f5 d6d4 f5c5 d4c4 c5e5,-20
r4rk1/pb2bppp/1pqppn2/2p5/3P1B2/2PBPN2/PP3PPP/R1Q2RK1 b - -,f6e4 c3c4 g7g5 d4d5 e6d5 d3e4 d5e4 f3g5 d6d5 c4d5,-51
1r1r2k1/N4pp1/2R2b2/3p4/1Pn2P1P/P2R4/6KP/8 b - -,b8b7 a7c8 b7b8 c8a7 d8d7 c6c4 d7a7 c4c2 f6h4 c2b2,-355
8/6bP/4K2k/5B2/6P1/8/8/8 b - -,b8b7 a7c8 b7b8 c8a7 d8d7 c6c4 d7a7 c4c2 f6h4 c2b2,Mate
rn2k2r/pp3ppp/2pb1n2/3p2B1/3P4/3B4/PPP1NPPP/R3K2R b KQkq -,d6e7 h2h4 g7g6 g5h6 b8d7 f2f3 e7f8 h6f4 f6h5 f4d2,48
r2q1rk1/pp3ppp/2nb4/3p3b/3P4/3B1N1P/PP3PP1/R1BQR1K1 b - -,d6c7 c1g5 f7f6 g5h4 d8d7 d3b5 c7a5 e1e3 a8e8 h4g3,-35
r1b1k2r/pp2pNbp/n5p1/1Npn4/2P5/6P1/PP2PPBP/R1B1K2R b KQ -,d5b4 f7h8 b4c2 e1f1 c2a1 h2h4 g7h8 h4h5 h8f6 g2e4,40
4R3/8/8/1p1k4/8/1PP5/2bK4/2r5 b - -,,0
5n1k/p1pb3p/5Q2/3p4/8/2b2P1R/P1P4P/3KR3 b - -,c3f6 h3h5 d7e6 c2c4 e6f7 h5f5 h8g7 e1g1 f8g6 c4d5,Mate
rn1qkb1r/ppp1p1pp/3p4/5bN1/3Pp1P1/8/PPP2P1P/R1BQKB1R b KQkq -,f5c8 d4d5 e7e5 f1g2 f8e7 h2h4 e7g5 h4g5 d8d7 h1h4,91
R4r1k/2p4p/5r2/3P4/4p3/2Q3P1/7P/6K1 b - -,h8g8 a8f8 f6f8 c3c7 f8e8 d5d6 e4e3 d6d7 e8a8 d7d8r,Mate
5k2/8/4R2p/8/8/8/rr2BK2/8 b - -,h6h5 f2f3 h5h4 e6e3 b2c2 e2d1 c2g2 f3f4 g2g1 d1f3,-398
r1bqkbnr/pp3p1p/2n1p1p1/1BPpP3/6Q1/8/PPP2PPP/RNB1K1NR b KQkq -,f8g7 g4e2 g8e7 g1f3 e8h8 b1c3 d5d4 c3e4 c6e5 f3e5,38
r1b1k2r/1p3ppp/p1nqpn2/2pp4/3P1P2/2PBPN2/PP1N2PP/R2QK2R b KQkq -,c5d4 c3d4 f6g4 f3e5 g4e3 d1e2 e3c4 d3c4 d5c4 d2c4,3
r2q1rk1/1b2bppp/p1npp3/1pn3P1/3NP2P/P1N1BP2/1PPQ4/2KR1B1R b - -,a8c8 c1b1 c8b8 h4h5 c6d4 d2d4 d8c7 f1h3 b7c6 c3d5,124
8/pp6/4k3/4p3/3n1p2/P7/1P1KNPP1/8 b - -,d4b5 d2d3 b5d6 e2c3 b7b5 g2g4 f4g3 f2g3 e6f5 b2b3,1
3r1rk1/pp3ppp/2p2n2/q7/1b2P3/PBN2P1P/1PQ2P2/R3K2R b KQ -,f6h5 h1g1 g7g6 g1g4 b4c3 c2c3 a5c3 b2c3 d8d3 e4e5,-294
5k2/3R4/3K4/4P3/8/8/8/r7 b - -,,0
8/6R1/p7/P2Bppk1/4p2p/2rnP2P/5PK1/8 b - -,g5h6 g7d7 c3c2 d5b7 d3f2 g2f1 f2h3 d7d8 h3f2 d8h8,-383
rn3rk1/pp2ppbp/1q1p1np1/2p2b2/2NP1B2/4PN1P/PPP1BPP1/R2Q1RK1 b - -,b6d8 d4c5 d6c5 c2c3 d8d1 f1d1 b8c6 f3e5 c6e5 f4e5,50
8/8/6kp/4B3/6p1/P2B4/1P3KPP/8 b - -,b6d8 d4c5 d6c5 c2c3 d8d1 f1d1 b8c6 f3e5 c6e5 f4e5,Mate
3r2k1/N4pp1/1R3b2/3p4/1Pn2P1P/P2R4/6KP/8 b - -,c4b6 a7c6 d8a8 g2g3 g8f8 c6a5 f8e7 g3f3 e7d6 h4h5,-312
8/8/1p2P2R/2k5/8/4r2P/6P1/7K b - -,c5d4 h1g1 b6b5 g1f2 e3e4 g2g4 b5b4 e6e7 d4c5 h6h8,193
r2q2k1/pp3ppp/8/3p4/2pPr3/P3P1PP/1PQ3P1/R3R1K1 b - -,d8d6 b2b3 d6g3 b3c4 e4e3 e1f1 d5c4 c2c4 e3e7 c4c5,-130
5rk1/4bppp/1qr5/p1n1Pp2/P4P2/BPR1Q3/4BP1P/2R3K1 b - -,b6b7 e2f3 c6g6 g1h1 c5e4 f3e4 f5e4 c3c7 b7c7 c1c7,412
r2Q1rk1/pp2bppp/2n1b3/6B1/4p3/4PN2/PP2BPPP/R4RK1 b - -,e7d8 h2h4 e4f3 e2f3 a8c8 f1c1 d8c7 h4h5 f7f6 f3c6,-387
rn1q2k1/pb1np1bp/1pppprp1/6N1/2PPN3/8/PPQ1BPPP/R1B2RK1 b - -,d7f8 f1d1 f6f5 g2g4 f5g5 c1g5 d6d5 e4g3 c6c5 d4c5,87
1r1q3r/1bp1k1pp/1N2pp2/p2nN3/Pp1P4/1Q4P1/4PPBP/R1R3K1 b - -,c7b6 e5c6 b7c6 c1c6 d8d7 g2d5 e6d5 a1c1 h8c8 c6c8,-118
2rr2k1/R1p2pp1/2q4p/1p2R2P/1P2Pn2/2P1QN2/5PP1/6K1 b - -,c6b6 e3b6 c7b6 e5f5 f4e2 g1f1 e2c3 f5f7 d8d1 f3e1,243
8/8/8/3k4/8/R7/KP6/5q2 b - -,,0
5rk1/5ppp/n3p3/qp6/1n1P4/6P1/1B1QPPBP/4R1K1 b - -,h7h6 e1a1 a5c7 a1c1 c7d8 e2e4 d8g5 d2d1 f7f5 b2a3,203
8/6p1/8/4b1P1/4k2N/7P/1pK5/8 b - -,e5c3 g5g6 e4f4 h4g2 f4g5 c2b1 g5g6 g2e3 g6g5 e3g2,-732
r3r1k1/1pp2pp1/p2p1q1p/3P4/2P1nBP1/P2Q2PP/BP6/R4K1R b - -,f6b2 h1h2 b2h2 d3f3 h2b2 a1d1 b2a2 c4c5 a2c4 f1g1,-675
8/3R4/p4k2/P2Bpp2/4p2p/2rnP2P/5PK1/8 b - -,c3c1 d7d6 f6g5 g2h2 d3e1 f2f3 e1f3 h2g2 f3e1 g2f1,-479
3r2k1/5pp1/1nN2b2/3p4/1P3P1P/P2R4/6KP/8 b - -,d8a8 h4h5 f6b2 c6a5 b6c4 a5c6 g8f8 g2f2 c4b6 c6a5,-333
2r3k1/4bppp/1qr5/pBn1Pp2/P4P2/BPR1Q3/5P1P/2R3K1 b - -,h7h6 b5c6 c8c6 a3c5 e7c5 c3c5 c6g6 g1f1 b6a6 c5c4,532
r2r2k1/pp3ppp/8/8/P3PnPP/5P2/1P3K2/R4B1R b - -,f4g6 f2e3 a8c8 f1e2 c8c2 h4h5 g6f8 a1b1 d8c8 e2d1,186
2k2b1r/pppr2pp/4pn2/4qb1B/8/5PN1/PPPB2PP/R2Q1RK1 b - -,e5d4 g1h1 d4d2 c2c3 d2b2 d1a4 b2a3 a4c4 f6h5 g3h5,-563
8/8/5N2/4r3/8/5k2/3K4/8 b - -,e5d4 g1h1 d4d2 c2c3 d2b2 d1a4 b2a3 a4c4 f6h5 g3h5,Mate
8/6k1/2R3P1/4P3/4K3/8/8/r7 b - -,a1f1 c6d6 g7h6 d6a6 f1f2 e4d5 f2b2 d5e6 h6g6 e6e7,292
8/5k2/7p/8/6p1/P1BB4/1P3KPP/8 b - -,a1f1 c6d6 g7h6 d6a6 f1f2 e4d5 f2b2 d5e6 h6g6 e6e7,Mate
2bqr1k1/Q3np1p/3p2pb/1NpPp3/2P1P3/5N2/4BPPP/1R4K1 b - -,f7f5 b5c3 f5e4 c3e4 c8f5 e2d3 f5e4 d3e4 e7f5 b1b7,61
8/5kpp/8/4N3/1p1K3P/6P1/b7/8 b - -,f7e6 e5c6 b4b3 d4c3 e6d5 c6e7 d5e4 c3b2 e4f3 h4h5,-39
5n1k/p1pb3p/5b2/3p3R/8/5P2/P1P4P/3KR3 b - -,f6c3 e1e2 c7c6 h5h4 a7a5 e2e3 c3b4 e3b3 h8g7 a2a3,79
r4rk1/1p5p/p1nNb3/2Q1p3/7q/2P2p2/PP3NpP/1R2K1R1 b - -,a8d8 h2h3 h4f4 f2d3 f4g3 c5f2 g3f2 d3f2 d8d6 b2b4,-655
4k3/8/r2R4/3KP3/8/8/8/8 b - -,,0
rnb2rk1/pppp1ppp/8/8/3PN3/4PN2/PP1K2PP/R4B1R b - -,d7d6 a1c1 c8f5 e4g3 f5e6 c1c7 e6a2 f1d3 b8a6 c7c3,437
r2q1rk1/ppb2ppp/2n5/3p2Bb/3P4/3B1N1P/PP3PP1/R2QR1K1 b - -,f7f6 g5h4 d8d7 d3b5 c7a5 e1e3 a8e8 a1c1 e8e3 f2e3,-39
r1bqk2r/ppppb1pp/2n2n2/5Q2/3P4/2N5/PPP2PPP/R1B1KBNR b KQkq -,c6b4 f1d3 d7d5 f5g5 e8h8 g1f3 d8e8 g5e3 c7c5 h2h3,-66
8/8/8/3k4/8/1R6/KP6/5q2 b - -,f1c4 a2a3 c4a6 a3b4 d5d4 b3c3 a6a2 c3b3 a2a1 b4b5,-218
3rkn2/4n1q1/1BppBp2/1p2pPpR/1P2P1P1/P1PP2K1/7Q/8 b - -,f8e6 f5e6 e7g8 h5h8 d8a8 h2h5 e8e7 h8h7 g7h7 h5h7,549
4R3/8/8/1p1k4/8/1PP5/5r2/3K4 b - -,,0
r1bq1rk1/pp1n1pbp/2p3p1/4p3/3PP3/2P2NP1/P4PBP/1RBQ1RK1 b - -,b7b5 h2h4 d7b6 f3e5 g7e5 d4e5 d8d1 f1d1 c8e6 c1h6,63
r1b2rk1/ppp2ppp/2np1q2/4p3/1bB1P3/2NP1N2/PPP2PPP/R2Q1RK1 b - -,b4c3 b2c3 c8g4 c4d5 c6d8 h2h3 g4f3 d1f3 f6f3 g2f3,-69
8/8/8/8/4k3/8/6B1/3KB3 b - -,f6d8 c3d5 b4c5 c2c3 c6e7 d5e3 c7c6 d3d4 e5d4 c3d4,Mate
2r3k1/4bppp/1qr5/p1n1Pp2/P4P2/BPR1QB2/5P1P/2R3K1 b - -,c6g6 g1h1 h7h6 a3c5 e7c5 c3c5 c8c5 c1c5 g8h7 h2h3,517
1n1r4/r1pk1ppp/1p2pn2/p7/PbpP4/6P1/1P1BPPBP/RN3RK1 b - -,d7e7 d2c3 c7c5 d4c5 b4c5 b1a3 c5a3 a1a3 a7c7 b2b4,-56
r5k1/5pp1/1nN2b2/3p3P/1P3P2/P2R4/6KP/8 b - -,f6b2 c6a5 b6c4 a5c6 g8f8 g2f2 c4b6 c6a5 a8c8 a5b7,-346
2r2rk1/1p3pb1/p2p4/3np3/4q1p1/1P1NB1Pp/P1PQ1R1P/4R1K1 b - -,d5e3 e1e3 e4d4 d2e1 f7f5 d3b4 a6a5 c2c3 d4c5 b4c2,-410
8/8/4P2R/1pk5/8/4r2P/6P1/6K1 b - -,e3e1 g1f2 e1e5 f2f3 b5b4 f3f4 c5d4 h6g6 e5e1 g2g4,28
8/5k2/8/7p/6p1/P1BB2K1/1P4PP/8 b - -,e3e1 g1f2 e1e5 f2f3 b5b4 f3f4 c5d4 h6g6 e5e1 g2g4,Mate
r1b1kb1r/ppN2p1p/3pq3/4P1p1/7N/6KP/PPPPQ1P1/R1B4R b kq -,e8e7 e5d6 e7d6 c7e6 c8e6 h4f3 d6c7 d2d3 f8d6 g3f2,702
1k6/8/4R1K1/r6p/7P/6P1/5P2/8 b - -,b8c7 e6f6 c7d7 f6f5 a5a8 g6h5 a8g8 g3g4 d7e6 f5a5,848
rn1qkbnr/pb1ppppp/1p6/2p5/8/NP3N2/PBPPPPPP/R2QKB1R b KQkq -,g8f6 g2g3 g7g6 f1g2 f8g7 c2c4 e8h8 d2d4 e7e6 e2e3,-15
8/p4pk1/2R2n1p/8/2P5/4N1P1/Pr3P1P/6K1 b - -,h6h5 c6a6 f6e4 a6a7 g7f8 c4c5 e4c5 e3c4 b2b1 g1g2,300
4R3/8/8/1p1k4/8/1PPK4/5r2/8 b - -,,0
rnbq1rk1/pp4pp/8/2bPp3/8/2N1p1PP/PP4B1/RNBQ2KR b - -,e3e2 g1h2 e2d1r h1d1 c8f5 b1d2 h7h6 d2e4 c5d4 d1f1,-565
rnbqk2r/pp1p1ppp/5n2/2b1p1B1/4P3/1NN5/PPP2PPP/R2QKB1R b KQkq -,c5b4 b3d2 b4c3 b2c3 h7h6 g5f6 d8f6 d2c4 e8h8 d1d6,62
8/8/4P2R/2k5/1p6/4r2P/5KP1/8 b - -,e3d3 e6e7 d3d6 h6h5 d6d5 h5d5 c5d5 e7e8q d5c4 e8c6,1109
1n3rk1/1B3ppp/4p3/1p6/1nqP4/B5P1/3QPP1P/R5K1 b - -,b8c6 b7c6 b4c6 a3f8 g8f8 e2e3 c4d5 a1c1 h7h6 d2c3,395
8/6pp/2N1k3/8/1p1K3P/6P1/b7/8 b - -,b4b3 d4c3 e6d5 c6e7 d5e4 c3b2 e4f3 e7f5 g7g6 f5g7,-55
r5k1/5pp1/1n6/N2p3P/1P3P2/P2R4/1b4KP/8 b - -,b6c4 a5c6 g8f8 g2f2 c4b6 c6a5 a8c8 a5b7 d5d4 b7c5,-339
2r2rk1/1p3pb1/p2p4/4p3/4q1p1/1P1NR1Pp/P1PQ1R1P/6K1 b - -,e4d4 d2e1 f7f5 d3b4 a6a5 c2c3 d4c5 b4c2 e5e4 e1d1,-436
rn1qkbnr/p2ppppp/bp6/2p5/8/NP1P1N2/PBP1PPPP/R2QKB1R b KQkq -,d7d5 g2g3 e7e6 c2c4 g8f6 f3e5 f8d6 f1g2 e8h8 a1c1,18
8/8/8/3k4/2q5/KR6/1P6/8 b - -,c4a6 a3b4 d5d4 b3c3 a6a2 c3c2 d4d3 c2c3 d3d2 b2b3,-259
r1b1r1k1/1pp2B1p/1p3np1/2q1N3/8/6Q1/PP3PPP/R1B2RK1 b - -,g8g7 f7e8 f6e8 f1e1 c8f5 c1d2 e8f6 d2c3 b6b5 e5f3,700
3n4/2r5/2p2k1p/p2p2p1/PP1P1pP1/2RN1P2/3K3P/8 b - -,,0
8/5p2/5p1p/p1k1PN1P/b3BK2/1Pp5/8/8 b - -,a4d7 f5h6 d7c6 e4c2 f6e5 f4e3 c6e8 h6f5 f7f6 f5g7,346
8/p4K1k/6P1/8/8/7p/8/8 b - -,c3c2 e4c2 f6e5 f4e5 f7f6 e5f6 a4e8 c2d1 c5b4 f6e5,Mate
r1b1k2r/pp2nqpp/2n1pp2/3pP3/2pP4/P1P2NQ1/2P1BPPP/1RB2RK1 b kq -,e7f5 g3h3 h7h5 f1e1 e8d8 f3h4 f5h4 h3h4 b7b6 h4f4,31
r2q1rk1/pp3ppp/2pb1n2/3p1b2/8/P1N1PB2/1PPB1PPP/R2QR1K1 b - -,d8c7 g2g3 f8e8 c3e2 f6e4 e2d4 f5g6 d2c3 h7h6 f3e4,-96
8/8/q7/3k4/1K6/1R6/1P6/8 b - -,d5d4 b3c3 a6a2 c3c2 d4d3 c2c3 d3d2 b2b3 a2a7 c3c4,-255
3rr1k1/p6p/1ppnp3/5ppq/1PPP4/P1QN1P1P/1B4P1/4R1K1 b - -,h5g6 d3e5 g6f6 c3c1 b6b5 c4c5 d6c8 e5c6 d8d5 a3a4,115
rn3rk1/pb2qppp/1p2p3/8/3PB3/5Q2/PPP2PPP/R1B1K2R b KQ -,b7d5 e1h1 e7b7 f1e1 f8c8 c2c3 d5e4 e1e4 b7d5 f3e2,142
8/5k2/8/8/6Kp/P1BB4/1P4PP/8 b - -,b7d5 e1h1 e7b7 f1e1 f8c8 c2c3 d5e4 e1e4 b7d5 f3e2,Mate
1n3rk1/1B3ppp/4p3/1p6/2qP4/B5P1/2nQPP1P/2R3K1 b - -,f8d8 d2c2 c4d4 b7f3 b5b4 a3b2 d4b6 g1g2 b8d7 c1d1,471
r5k1/pp3ppp/8/3p2q1/2pPr3/P3P1PP/1P3QP1/R3R1K1 b - -,a8e8 g1h2 e4e3 a3a4 b7b6 h3h4 g5e7 e1e3 e7e3 f2f5,-193
3rk3/4n1q1/1BppPp2/1p2p1pR/1P2P1P1/P1PP2K1/7Q/8 b - -,d8a8 h5h7 e8f8 b6c7 f8g8 h7g7 g8g7 h2f2 d6d5 c7e5,911
rn2kbnr/p1qppppp/bp6/2p5/8/NP1P1NP1/PBP1PP1P/R2QKB1R b KQkq -,a6b7 f1g2 d7d6 e1h1 b8d7 e2e4 a7a6 f3h4 e7e5 f2f4,83
r2q1rk1/ppb3pp/2n2p2/3p3b/3P3B/3B1N1P/PP3PP1/R2QR1K1 b - -,d8d7 g2g4 h5g6 d3g6 h7g6 h4g3 c7g3 f2g3 g6g5 a1c1,-32
r5k1/5pp1/2N5/3p3P/1Pn2P2/P2R4/1b4KP/8 b - -,c4b6 c6a5 b6c4 a5c6 g8f8 g2f2 c4b6 c6a5 a8c8 a5b7,-345
r2qr1k1/p4pp1/2p2n2/3pBb1p/3P4/5PN1/PPP3PP/R2Q1RK1 b - -,f5g6 g3e2 h5h4 d1d2 f6h5 a1e1 f7f6 e5f4 d8b6 c2c3,61
8/6p1/8/6P1/4k3/2b4P/1pK3N1/8 b - -,e4f3 g2h4 f3f4 g5g6 f4g5 h4g2 g5g6 c2b1 g6g5 b1a2,-799
r4k1r/pp3p1p/3R1pp1/q7/2Q1P3/8/PPP2PPP/2K4R b - -,f8g7 c4d5 a5d5 e4d5 h8e8 c1d2 b7b5 h1d1 e8e5 d6d7,238
4k3/r7/3RK3/4P3/8/8/8/8 b - -,,0
2r2rk1/1p3pb1/p2p4/4p3/3q2p1/1P1NR1Pp/P1P2R1P/4Q1K1 b - -,f7f5 d3b4 a6a5 c2c3 d4c5 b4c2 e5e4 e1d1 g8h7 f2d2,-444
8/pp6/4k3/4p3/5p2/Pn6/1PK1NPP1/8 b - -,b3d4 e2d4 e5d4 g2g4 f4f3 c2d3 e6d5 g4g5 d5e5 g5g6,402
rnbqk2r/pp2ppbp/2p2np1/8/2PP4/2N2N2/PP2BPPP/R1BQ1RK1 b kq -,e8h8 h2h3 b7b5 c4b5 c6b5 e2b5 c8b7 f3e5 b8d7 e5c6,144
8/5p2/5p1N/p1k1P2P/4BK2/1bp5/8/8 b - -,a5a4 h6f5 f6e5 f4g5 b3d5 f5g3 a4a3 e4d5 c5d5 g3e2,-26
1r1q3r/1b2k1pp/1pN1pp2/p2n4/Pp1P4/1Q4P1/4PPBP/R1R3K1 b - -,b7c6 c1c6 d8d7 g2d5 e6d5 a1c1 h8c8 c6c8 b8c8 c1c8,-115
r3r1k1/1pp2pp1/p2p3p/3P4/2P1n1P1/P2QB1PP/Bq6/R4K1R b - -,e4g3 f1g1 b2a1 a2b1 e8e3 d3e3 a1b1 g1g2 g3h1 e3e7,-881
8/p4KP1/7k/8/8/7p/8/8 b - -,c7c5 a1e1 b2a2 f1g1 b7b5 h3h4 b5c4 d3d1 a2a3 g4g5,Mate
rnbq1rk1/p1p1bppp/1p2p3/3nP3/2NP4/2N3P1/PP3PBP/R1BQ1RK1 b - -,a7a5 f1e1 c8b7 d1g4 g8h8 c1d2 b8c6 a2a3 d5c3 b2c3,82
rnbqk2r/ppppbppp/4pn2/4P3/3P4/8/PPP1QPPP/RNB1KBNR b KQkq -,f6d5 c2c4 d5b6 e2g4 g7g6 g1f3 d7d5 c4c5 b6d7 b1c3,85
8/6p1/8/6P1/7N/2b2k1P/1pK5/8 b - -,f3f4 g5g6 c3f6 h4g2 f4f5 g2e3 f5g6 c2b1 g6h5 e3g2,-893
6k1/5p1p/B3p1p1/p7/Pb6/4P2P/4KPP1/8 b - -,,0
6Q1/p4K2/7k/8/8/8/7p/8 b - -,g8h8 f2f4 h8g7 a6b7 g7f6 e2f3 b4c5 b7c8 c5a3 f3e4,Mate
r1br2k1/p3pp1p/2p3pb/8/4P3/4N3/PPP3PP/2K1RB1R b - -,c8e6 b2b3 a7a5 c1b1 a5a4 e3c4 d8d4 b1b2 c6c5 e4e5,-203
8/5k2/8/8/6K1/P1BB2Pp/1P5P/8 b - -,a8b8 b2b3 d8d4 f1d3 c6c5 c1b2 h6g7 b2c1 c8b7 e3c4,Mate
1r2r2k/1p1b1qbR/p7/4pN2/Pn2BB2/6Q1/1PP3PP/3R3K b - -,a8b8 b2b3 d8d4 f1d3 c6c5 c1b2 h6g7 b2c1 c8b7 e3c4,Mate
1k1r1bnr/pp1nq1pp/3pp3/2p5/Q3P3/4B3/PPP1BPPP/RN3RK1 b - -,g7g6 a4b3 f8h6 a2a4 h6e3 b3e3 g8f6 b1d2 d7e5 a4a5,70
2k2b1r/pppr2pp/4pn2/4q2B/8/5PN1/PPQB2PP/R4RK1 b - -,e5c5 c2c5 f8c5 g1h1 d7d2 h5f7 d2b2 f1c1 c5b4 a2a3,-264
8/4K1R1/2k5/4P3/8/4r3/8/8 b - -,,0
7k/5p2/2p2q1p/1p6/1P6/6PK/2Q5/8 b - -,f6f1 h3h2 f1c4 c2b2 h8g8 b2d2 g8h7 d2d6 c4a2 h2g1,-355
r2q1rk1/1b2ppbp/2p3p1/pp2N3/3P1B2/P2B3P/1PP2PP1/R2Q1RK1 b - -,a5a4 d3e4 f7f6 e5d3 d8d4 e4f3 e7e5 f4e3 d4h4 g2g3,409
4k3/7r/3R4/3KP3/8/8/8/8 b - -,,0
r7/3k4/8/5R1K/7P/6P1/5P2/8 b - -,a8g8 g3g4 d7e6 f5a5 g8f8 h5g5 f8g8 g5f4 g8b8 h4h5,868
7Q/p4K2/7k/8/8/8/8/7q b - -,a8g8 g3g4 d7e6 f5a5 g8f8 h5g5 f8g8 g5f4 g8b8 h4h5,Mate
1n1r4/r3kppp/1p2pn2/p1P5/Pbp5/2B3P1/1P2PPBP/RN3RK1 b - -,b4c5 b1a3 c5a3 a1a3 a7c7 b2b4 c4b3 a3b3 b8d7 c3b2,-61
8/8/4P2R/2k1r3/1p4P1/7P/5K2/8 b - -,c5d4 e6e7 e5e7 h6b6 d4c3 g4g5 b4b3 g5g6 b3b2 h3h4,282
4rrk1/5p1p/p1pb4/1p3bp1/3P1n2/2P2QPq/PP1B1P1P/RN1BR1K1 b - -,c5d4 e6e7 e5e7 h6b6 d4c3 g4g5 b4b3 g5g6 b3b2 h3h4,Mate
3n4/2r5/2p2k1p/3p2p1/PN1P1pP1/2R2P2/3K3P/8 b - -,,0
7r/3k4/6K1/5R2/7P/6P1/5P2/8 b - -,d7e6 g6g5 h8g8 g5f4 g8g6 h4h5 g6g7 g3g4 g7h7 f5a5,869
r3r1k1/1pp2pp1/p2p3p/3P4/2P3P1/P2QB1nP/Bq6/R5KR b - -,b2a1 a2b1 e8e3 d3e3 a1b1 g1h2 g3h1 c4c5 b1a2 h2h1,-883
r2qr1k1/1b1n1pbp/p3pnp1/1p1p4/3P4/BP2PNP1/P4PBP/1NRQR1K1 b - -,d8b6 e1e2 b5b4 a3b2 g7f8 a2a4 b4a3 b2a3 f8a3 b1a3,-11
8/6k1/4R2p/8/8/5K2/rr2B3/8 b - -,a2a3 f3f2 h6h5 e6e4 a3a2 f2f3 g7f6 e4e3 b2c2 e2b5,-432
r4k1r/pp3p1p/3R1pp1/6q1/2Q1P3/8/PPP2PPP/1K5R b - -,g5g2 h1e1 f8g7 c4d4 h8f8 d4f6 g7g8 f6f4 g2h3 a2a3,189
r1bq1rk1/ppppnpbp/2n3p1/1B6/2PNP3/4B3/PP3PPP/RN1Q1RK1 b - -,a7a6 b5c6 d7c6 b1c3 f7f5 e4f5 e7f5 d4f5 c8f5 d1b3,30
r1b2rk1/pp1n1pbp/2p3p1/q3p3/3PP3/2P2NP1/P1Q2PBP/1RB2RK1 b - -,f8d8 h2h4 e5d4 c3d4 d7b6 c1g5 d8e8 f1c1 c8g4 g5e3,65
1r2r3/1p1b1qbk/p2N4/4p3/Pn2BB2/6Q1/1PP3PP/3R3K b - -,h7g8 d6f7 e5f4 f7h6 g8h8 g3g6 e8e4 g6e4 b4d3 h6f7,758
1B6/8/B7/8/8/8/5k2/3K4 b - -,h7g8 d6f7 e5f4 f7h6 g8h8 g3g6 e8e4 g6e4 b4d3 h6f7,Mate
8/8/4P3/2k1r2R/6P1/1p5P/5K2/8 b - -,b3b2 h5e5 c5d6 e5b5 d6e6 b5b2 e6f6 b2b1 f6e5 f2e3,Mate
8/8/4p1k1/p2p4/1R5p/8/PP4P1/6K1 b - -,a5b4 g1f2 e6e5 f2f3 g6f5 a2a4 b4a3 b2a3 d5d4 a3a4,-696
rn3rk1/p3qppp/1p2p3/8/3PQ3/8/PPP2PPP/R1B1K2R b KQ -,b8d7 c2c3 d7f6 e4e2 h7h6 e1h1 a8c8 c1f4 f6d5 f4e5,111
r4rk1/p2q1p1p/2nb4/1p1p1p1B/2pP4/1PP2Q2/P2N1PPP/R4RK1 b - -,c4b3 d2b3 c6e7 f1e1 a8c8 e1e3 c8c7 a1e1 e7g6 g2g3,40
r2qr1k1/p4pp1/2p2nb1/3pB2p/3P4/5PN1/PPPQ2PP/R4RK1 b - -,h5h4 g3e2 f6h5 a1e1 d8b6 d2g5 g8h7 g1h1 f7f6 g5h4,49
3n4/r7/2N2k1p/3p2p1/P2P1pP1/2R2P2/3K3P/8 b - -,,0
6r1/3k3K/8/5R2/7P/6P1/5P2/8 b - -,g8b8 h7g6 d7e6 f5f6 e6e7 h4h5 b8g8 g6f5 g8a8 g3g4,971
r2q1rk1/1pp2pp1/p1n4p/3n4/2BPQ3/P4N1P/1PP3P1/R4RK1 b - -,c6d4 e4d4 d5b6 c4a2 d8d4 f3d4 a8e8 d4f5 e8e2 a1d1,440
6k1/5p2/p2N3b/2P2p2/8/7P/P4PK1/8 b - -,h6d2 d6f5 a6a5 c5c6 d2f4 h3h4 a5a4 g2f3 f4c7 f3e4,653
3r1rk1/pp3ppp/2p2n2/q7/4P3/PBP2P1P/2Q2P2/R3K2R b KQ -,f6h5 h3h4 a5e5 a1d1 e5f6 e1e2 h5f4 e2e3 f4g2 e3e2,-358
r3kb1r/pp1n1pp1/1qp1p1p1/3n2P1/3PN3/7P/PPPBQPB1/2KR3R b kq -,b6c7 e2f3 c6c5 d4c5 f8c5 c1b1 c5e7 e4c3 d5c3 d2c3,103
r2qkr2/pbp1b2p/6p1/1Q6/3p4/8/PPP2PPP/RNB2RK1 b - -,e8f7 b5b7 f7g7 b1d2 d8d7 b7b3 c7c5 b3d3 d7d5 d2c4,507
r1b1B2k/1pp4p/1p3np1/2q1N3/8/6Q1/PP3PPP/R1B2RK1 b - -,f6e8 f1e1 h8g7 c1d2 c8f5 g3b3 c5f8 d2b4 e8d6 b3c3,769
1k1r1bnr/pp2q1pp/1n1pp3/2p5/4P3/Q3B3/PPP1BPPP/RN3RK1 b - -,g8f6 b1c3 d6d5 e4d5 f6d5 c3d5 e6d5 e3f4 b8a8 a1e1,123
8/8/P1k5/8/6K1/2BB2Pp/1P5P/8 b - -,g8f6 b1c3 d6d5 e4d5 f6d5 c3d5 e6d5 e3f4 b8a8 a1e1,Mate
1r2r1k1/1p1b1Nb1/p7/4p3/Pn2BB2/6Q1/1PP3PP/3R3K b - -,e5f4 f7h6 g8h8 g3g6 e8e4 g6e4 b8e8 h6f7 h8g8 e4b4,830
r3k2r/ppqn1p1p/2pbpp2/5b2/2PP4/5NP1/PP1B1PBP/R2Q1RK1 b kq -,a7a5 f3h4 f5g6 c4c5 d6e7 d2h6 a8d8 d1a4 f6f5 h4f3,142
r3r1k1/1pp2pp1/p2p3p/3P4/2P3P1/P2QB1nP/B6K/q6R b - -,g3h1 a2b1 e8e3 d3e3 a1b1 c4c5 b1a2 h2h1 a2d5 h1h2,-999
8/5K1P/5b1k/5B2/6P1/8/8/8 b - -,e8e3 h1a1 e3d3 a2b1 d3e3 c4c5 g3e4 b1e4 e3e4 h2g1,Mate
r1b2rk1/pp1n1pbp/2p3p1/q7/3PP3/5NP1/P1Q2PBP/1RB2RK1 b - -,a5a6 h2h4 d7b6 h4h5 a6a4 c2d3 g6h5 a2a3 a4c4 d3e3,92
3q2k1/1b3p1p/p3pbpP/8/2NPPQ2/P1B5/5PP1/6K1 b - -,g6g5 f4e3 f6e7 c3b4 f7f6 b4e7 d8e7 e3d3 e7d7 d3b3,264
8/r7/2R2k1p/3p2p1/P2P1pP1/5P2/3K3P/8 b - -,,0
1r2rbk1/1pqb1p1p/3p1np1/p1pPp3/2P1P3/PQN1B2P/1P2BPP1/2RR2K1 b - -,b8a8 b3c2 h7h5 d1f1 c7d8 e2d1 f8e7 c2d3 f6h7 d1a4,63
8/1B6/3B4/8/4k3/8/8/3K4 b - -,b8a8 b3c2 h7h5 d1f1 c7d8 e2d1 f8e7 c2d3 f6h7 d1a4,Mate
8/p1r3kp/4pp2/3p2p1/3P1qP1/1P2rP2/P2R1QP1/3R3K b - -,e3c3 d2e2 g7f7 d1e1 c7e7 e1d1 h7h5 g4h5 g5g4 f3g4,-35
rn3rk1/ppq1ppbp/3p1np1/2p2b2/2NP1B2/2P1PN1P/PP2BPP1/R2Q1RK1 b - -,b7b5 c4d2 a7a6 a2a4 b5a4 d4c5 c7c5 a1a4 f5d7 a4a3,35
r1b1k2r/pp3qpp/2n1pp2/3pPn2/2pP4/P1P2N1Q/2P1BPPP/1RB2RK1 b kq -,h7h5 f3h4 f5h4 h3h4 b7b6 a3a4 c8d7 f2f4 c6e7 a4a5,39
8/5p2/5p2/p1k1PN1P/5K2/8/2b5/8 b - -,c2d3 h5h6 c5d5 h6h7 f6e5 f4g5 e5e4 h7h8q d5c4 h8d4,709
8/8/8/3k4/8/R1K5/1P6/1q6 b - -,b1c1 c3d3 c1b2 a3a5 d5d6 a5g5 b2f6 g5a5 f6f4 d3c3,-264
r2qkr2/pQ2b2p/2p3p1/8/3p4/8/PPP2PPP/RNB2RK1 b - -,d8b6 b7b6 a7b6 c2c3 e7c5 c1h6 f8f5 c3d4 c5d4 b1c3,525
8/8/Pk6/5K2/8/2BB2Pp/1P5P/8 b - -,d8b6 b7b6 a7b6 c2c3 e7c5 c1h6 f8f5 c3d4 c5d4 b1c3,Mate
2B5/8/3B4/5k2/8/8/8/3K4 b - -,d8b6 b7b6 a7b6 c2c3 e7c5 c1h6 f8f5 c3d4 c5d4 b1c3,Mate
8/8/5N2/4r3/8/5k2/8/5K2 b - -,d8b6 b7b6 a7b6 c2c3 e7c5 c1h6 f8f5 c3d4 c5d4 b1c3,Mate
r6r/pp3pkp/3R1pp1/6q1/2Q1P3/6P1/PPP2P1P/1K5R b - -,h8c8 c4b4 g5c5 b4c5 c8c5 d6d7 b7b6 h1e1 c5h5 h2h4,184
r4rk1/1b2ppbp/2p3N1/pp6/3q1B2/P2B3P/1PP2PP1/R2Q1RK1 b - -,f8e8 f4e3 d4b2 g6f4 a8d8 d1h5 d8d3 c2d3 b2f6 h5g4,486
r4rk1/p2nqppp/1p2p3/8/3PQ3/8/PPP2PPP/R1B2RK1 b - -,a8c8 e4e2 e7d6 c2c3 d6c6 f1d1 b6b5 d1d3 f8e8 h2h3,125
rn1q1r2/5pkp/2pp2p1/pp2P2n/4P3/P1N2P2/1PPQ1P2/2KR1B1R b - -,d8e7 h1h5 g6h5 e5d6 e7f6 f3f4 b5b4 e4e5 f6e6 c3e4,335
8/3k3K/8/5R1P/6r1/6P1/5P2/8 b - -,d7c6 f5f4 g4g5 g3g4 g5b5 h7g6 c6c5 g4g5 b5b6 f4f6,850
2rr2k1/p4pbp/qn4p1/2pP4/8/4N2P/PPQ2PP1/R1B2RK1 b - -,b6d5 c2c4 a6c4 e3c4 d5b6 c4e3 f7f5 g2g3 b6a4 a1b1,-47
r2qkr2/p3b2p/2Q3p1/8/8/3p4/PPP2PPP/RNB2RK1 b - -,e8f7 c1h6 a8c8 c6f3 f7g8 h6f8 e7f8 f3d3 d8d3 c2d3,642
r1bq1rk1/ppp1npbp/3p2p1/1B2n3/2PNP3/2N1B3/PP2QPPP/R4RK1 b - -,f7f5 f2f4 e5g4 a1d1 g4e3 e2e3 f5e4 c3e4 e7f5 d4f5,-52
r4rk1/3b2pp/n1pb1q2/p4p1P/1p1P4/4PQ2/PPB1NP2/2KR2R1 b - -,a6c7 c2a4 c7d5 c1b1 g8h8 e2c1 a8d8 c1d3 d7e6 d1c1,-374
8/P1k5/8/5K2/8/2BB2Pp/1P5P/8 b - -,a6c7 c2a4 c7d5 c1b1 g8h8 e2c1 a8d8 c1d3 d7e6 d1c1,Mate
8/8/k3Q3/2R5/p3N2B/P7/8/5K2 b - -,a6c7 c2a4 c7d5 c1b1 g8h8 e2c1 a8d8 c1d3 d7e6 d1c1,Mate
5rk1/1pp1r1pp/4pq2/3pNb2/PP1P4/4R3/3Q1PPP/4R1K1 b - -,f8c8 a4a5 c7c6 e3f3 f6h6 d2h6 g7h6 f3g3 e7g7 g3g7,220
1q1r4/3P1pk1/1r3npp/2R5/1P6/p1Q1NP1P/P5P1/3R3K b - -,b8b7 c5c7 b7a6 c7c8 d8d7 d1d7 a6c8 c3c8 f6d7 c8d7,865
8/8/8/6n1/2B5/4p3/7p/5K1k b - -,g5f3 c4d5 e3e2 f1e2 h1g1 d5f3 h2h1q f3h1 g1h1 e2f1,Mate
3rr1k1/2q2Ppp/p5b1/nppp4/5R2/1BP1QN1P/PP3PP1/4R1K1 b - -,g6f7 e3e8 d8e8 e1e8 f7e8 b3d5 e8f7 f4f7 c7f7 d5f7,Mate
1r2rb1k/1p1b2pp/p3pN2/4n3/PnqN1B2/5BQ1/1PP3PP/3RR2K b - -,g7f6 e1e5 b4c6 e5h5 e6e5 g3h4 c4f7 f3e4 e8e7 d4c6,443
8/8/8/3k4/8/R2K4/1P6/2q5 b - -,c1b2 a3a5 d5d6 a5h5 b2b1 d3e3 b1g6 h5a5 g6g3 e3e2,-259
r3r1k1/1pp2pp1/p2p3p/3P4/2P3P1/P2QB1KP/B7/7q b - -,h1a1 a2b3 a1e5 g3f3 e5h2 c4c5 h2h3 f3e2 d6c5 b3c2,-629
8/1BB5/8/3k4/8/8/8/3K4 b - -,h1e1 e3f2 e1e2 d3e2 e8e2 a2b1 e2b2 b1f5 a8e8 h3h4,Mate
r2q1r2/p3bk1p/6p1/8/2Q5/3p4/PPP2PPP/RNB2RK1 b - -,f7g7 c4d3 d8d3 c2d3 a8d8 b1c3 d8d3 c1e3 a7a5 a1d1,607
8/6pp/2N2k2/8/1p1K3P/6P1/b7/8 b - -,b4b3 d4c3 f6f5 c3b2 f5g4 c6d4 g4g3 d4f5 g3g4 f5g7,-60
8/8/4P3/2k4P/8/1p5P/5K2/8 b - -,c5d4 e6e7 b3b2 e7e8q b2b1q e8e6 b1c2 f2f3 c2d1 f3g3,188
r4rk1/1ppq1pp1/p1n2n1p/3p1b2/3P1B2/P1PBPN2/2Q2PPP/R4RK1 b - -,f5d3 c2d3 c6a5 h2h3 f8e8 f1b1 a8c8 a3a4 d7e6 f3d2,-24
r2qr1k1/p4pp1/2p2nb1/3pB3/3P3p/5P2/PPPQN1PP/R4RK1 b - -,f6h5 a1e1 f7f6 e5f4 d8b6 c2c3 b6a6 e2c1 h4h3 g2h3,49
8/3k3K/7P/5R2/r7/6P1/5P2/8 b - -,a4g4 f5f7 d7e6 f7f4 g4g5 g3g4 e6e7 f2f3 e7e6 f4f5,865
8/Pk6/8/5K2/3B4/3B2Pp/1P5P/8 b - -,a4g4 f5f7 d7e6 f7f4 g4g5 g3g4 e6e7 f2f3 e7e6 f4f5,Mate
1rbk2r1/1pqnb1p1/p3pnQp/4P3/7B/2N5/PPP1B1PP/2KR3R b - -,b7b6 e5f6 c7f4 c1b1 f4h4 g6f7 h4f6 f7g8 d8c7 h1f1,540
r4r1k/p2q1p1p/2nb4/1p1p1p1B/2PP4/2P2Q2/P2N1PPP/R4RK1 b - -,b5c4 f3h3 d7e6 h5f3 c6e7 a1e1 e6g6 e1e2 h8g7 e2e7,91
8/1k3q2/8/8/8/2R5/1P6/1K6 b - -,,0
r2q2k1/pp3ppp/8/3p4/2pPrB1b/P3PP1P/1PQ3P1/R3R1K1 b - -,e4f4 e3f4 h4e1 a1e1 b7b5 f4f5 a7a5 c2d2 a8b8 d2e3,-85
8/6pp/2N2k2/8/7P/1pK3P1/b7/8 b - -,f6f5 c3b2 f5g4 c6d4 g4g3 d4f5 g3g4 f5g7 g4h4 g7e8,-54
8/6k1/4R2p/8/5K2/r7/1r2B3/8 b - -,b2b4 e6e4 b4e4 f4e4 a3a5 e4f4 a5g5 e2d1 g7f6 d1f3,-536
1knr1bnr/pp2q1p1/3pp2p/2p5/1P2P3/Q1N1B3/P1P1BPPP/R4RK1 b - -,g8f6 b4c5 d6c5 a1b1 g7g5 a3b3 h8h7 a2a4 e7c7 b3e6,251
8/5p2/p4kp1/1p1p3p/1P5P/P1P1PKP1/8/8 b - -,f6f5 f3e2 f5e4 e2f2 e4d3 f2f3 f7f6 f3f4 d3c3 f4f3,-617
r2q2k1/pp3ppp/8/3p4/2pP1P1b/P4P1P/1PQ3P1/R3R1K1 b - -,h4e1 a1e1 b7b5 f4f5 a7a5 c2d2 a8b8 e1e5 b5b4 a3b4,-83
r2qkbnr/ppp3pp/2np4/4p3/4P1b1/2NB1N2/PPP1QPPP/R1B1K2R b KQkq -,c6d4 e2e3 g4f3 g2f3 g7g6 f3f4 f8h6 e3h3 d8d7 h3d7,-23
8/p4pk1/2R2n2/5N1p/2P5/6P1/Pr3P1P/6K1 b - -,g7g6 f5e3 g6g7 c6a6 f6e4 a6a7 b2d2 c4c5 e4c5 a7c7,312
r1b1n2k/1pp4p/1p4p1/2q1N3/8/4B1Q1/PP3PPP/R4RK1 b - -,c5c2 a1c1 c2f5 f1e1 c7c5 e3d2 e8g7 d2c3 c8e6 h2h3,719
2r2k2/5pp1/1n6/2N4P/1P1p1P2/P2R4/1b3K1P/8 b - -,c8a8 d3b3 b2a3 c5d3 b6c4 d3e5 c4d2 b3d3 a3b4 d3d4,-366
rn2k2r/p4pp1/2p1p1b1/7p/qbNPPQ1P/3B2P1/2pN1P2/2R2RK1 b kq -,e8h8 c1a1 a4b5 c4e5 b5b6 d2f3 c6c5 d4c5 b6c5 f1c1,29
rn3rk1/pB2qppp/1p2p3/8/3P4/2Q5/PPP2PPP/R1B1K2R b KQ -,e6e5 c3f3 e5e4 f3e4 e7e4 b7e4 f8e8 c2c3 e8e4 e1d2,407
8/6rk/R7/5K1p/7P/8/8/8 b - -,,0
8/3k3K/7P/7R/8/6P1/5P2/r7 b - -,d7e7 h5f5 a1a8 h7g7 a8a4 f2f4 e7e8 f5f8 e8d7 g3g4,1148
r1b1r1k1/ppqn1pbp/2pp1np1/8/1PPN4/2N1P2P/PBQ1BPP1/R4RK1 b - -,a7a6 a1d1 c6c5 b4c5 d7c5 e2f3 c8d7 d1d2 c5e6 c3d5,59
r2q2k1/pp3ppp/8/3p4/2pP1P2/P4P1P/1PQ3P1/4R1K1 b - -,b7b5 f4f5 a7a5 c2d2 a8b8 d2f4 b8c8 f4d2 d8b6 d2e3,-86
r2qr1k1/pp3ppp/2pb1n2/3p1b2/4P3/P1N2B2/1PPB1PPP/R2QR1K1 b - -,d5e4 f3e2 d8c7 h2h3 f5h3 g2h3 d6c5 g1h1 c5f2 e1f1,-254
r1bqkb1r/p3pppp/2p2n2/3p4/8/2N5/PPPPQPPP/R1B1KB1R b KQkq -,e7e6 g2g3 f8d6 f1g2 e6e5 e1h1 e8h8 d2d3 c8g4 f2f3,-83
6B1/p3R2p/1pb4k/2r3p1/5q2/5N1P/PPP3P1/4R1K1 b - -,c5f5 e1e6 f5f6 e6f6 f4f6 e7e6 f6e6 g8e6 c6e4 f3d4,575
8/6pp/2N5/5k2/7P/1p4P1/bK6/8 b - -,f5g4 c6d4 g4g3 d4f5 g3g4 f5g7 g4h4 g7f5 h4g4 f5g7,-50
8/5p2/5p1P/2k1PN2/p4K2/8/2b5/8 b - -,c5d5 f5e3 d5e6 e3c2 f6e5 f4g5 e6d5 h6h7 d5c4 h7h8q,811
2rq1r2/pp2p1bk/6pp/n1N2p2/Q2P4/4PN2/PP4PP/R3R1K1 b - -,f8f6 a1c1 b7b6 c5d3 f6c6 c1c6 c8c6 h2h4 d8c8 h4h5,13
8/R7/1r2k1p1/6P1/4PK2/8/8/8 b - -,b6b1 a7a6 e6f7 a6f6 f7g7 f6d6 g7f7 f4e5 b1b5 d6d5,8
r4rk1/pppqnpbp/3p2p1/4n3/2PNP3/2N1B2P/PP2QPP1/R4RK1 b - -,e5c6 a1d1 a8e8 d4c6 d7c6 e3d4 g7d4 d1d4 c6c5 f1d1,55
4k3/8/2N2p1p/2P1b2P/6P1/3K4/7r/R7 b - -,e5a1 c6b4 h2h3 d3e4 h3c3 e4d5 e8f7 c5c6 f7e7 b4a6,-492
r1bqk2r/ppp2ppp/2nb1n2/3pp3/3P4/1PNBPN2/P1P2PPP/R1BQ1RK1 b kq -,e5e4 c3d5 e4f3 d5f6 d8f6 d1f3 f6f3 g2f3 c6b4 f1d1,-314
r3kb1r/pp1n1pp1/2p1p1p1/3n2P1/3qN3/4B2P/PPP1QPB1/2KR3R b kq -,d4a4 a2a3 e8a8 e2g4 a4a5 e3d2 a5b6 h3h4 f8e7 g4f3,-63
8/8/5k2/8/6P1/2r1R2P/5K2/8 b - -,c3c1 f2g3 c1c6 h3h4 c6a6 e3f3 f6g7 f3c3 a6a5 h4h5,570
r4k2/5pp1/1n6/2N4P/1P1p1P2/PR6/1b3K1P/8 b - -,b2a3 c5d3 b6c4 d3e5 c4d2 b3d3 a3b4 e5c6 b4c3 c6d4,-366
r2r4/pp3pkp/3R1pp1/6q1/2Q1P3/6P1/PPP2P1P/1K1R4 b - -,b7b5 c4b3 d8d6 d1d6 g5g4 e4e5 f6e5 b3b5 g4e4 b5f1,176
r1b1kbnr/ppp4p/2n3p1/1B1pP3/8/2N5/PP3PPP/R1B1K1NR b KQkq -,f8b4 g1e2 e8f7 c1e3 g8e7 e1a1 h8d8 b5c6 b7c6 a2a3,53
rn3rk1/p4pp1/2p1p1b1/7p/qbNPPQ1P/3B2P1/2pN1P2/R4RK1 b - -,a4b5 c4e5 b5b6 d2f3 c6c5 d4c5 b6c5 f1c1 c5c3 a1a4,28
4k3/8/2N2p1p/2P1b2P/6P1/3K4/p6r/2R5 b - -,a2a1q c1a1 e5a1 c6b4 h2h3 d3e4 h3c3 b4d5 c3c4 e4f3,-516
rnbqkb1r/ppppp2p/5np1/5p2/3P4/5PP1/PPP1P1BP/RNBQK1NR b KQkq -,b8c6 e2e4 f5e4 f3e4 d7d6 c2c3 f8g7 g1h3 e8h8 h3f2,25
r4rk1/1ppqnpp1/p4n1p/3p1B2/3P1B2/P1P1PN2/2Q2PPP/R4RK1 b - -,d7f5 c2f5 e7f5 f1b1 f5d6 f3d2 f8c8 a3a4 b7b5 f4d6,38
8/3k2K1/7P/7R/8/6P1/5P2/1r6 b - -,b1g1 h5f5 d7c7 h6h7 g1h1 g3g4 c7d6 g4g5 d6e6 f5f6,1204
4rrk1/1ppqnpbp/p2p2p1/4n3/2PNPP2/2N1B2P/PP2Q1P1/3R1RK1 b - -,e7c6 f4e5 c6e5 c4c5 f7f5 e4f5 g6f5 c5d6 c7d6 d4f3,410
3N4/6pp/8/8/6kP/1p4P1/bK6/8 b - -,g7g5 d8e6 g5h4 g3h4 g4h4 e6g7 h4g4 g7e8 g4g5 e8g7,-34
r1bq1rk1/ppp1ppbp/5np1/3Pp3/2B1P3/2N4P/PPP2PP1/R1BQ1RK1 b - -,a7a6 a2a4 f6e8 d1e2 e8d6 a4a5 b7b5 a5b6 c7b6 c1e3,71
8/8/6k1/5RP1/4P3/4K3/8/3r4 b - -,,0
r4k2/5pp1/1n6/2N4P/1P1p1P2/bR4K1/7P/8 b - -,b6d5 b3d3 a3b2 b4b5 a8a3 h5h6 g7h6 d3a3 b2a3 c5b3,-412
1rbkn1Q1/1p1n2p1/p6p/4q3/7b/2N3P1/PPP1B2P/2KR3R b - -,h4g5 c1b1 g7g6 e2g4 e5g7 g8e6 b7b5 h1e1 e8c7 e6c6,481
8/p5kp/4pp2/3p2p1/3P1qP1/1Pr2P2/P3Q1P1/3R3K b - -,,0
r1b1kb1r/ppp1n2p/2n3p1/1B1pP1B1/8/2N5/PP3PPP/R3K1NR b KQkq -,d5d4 c3e2 a7a6 b5a4 b7b5 a4b3 c6a5 e2d4 a5b3 d4b3,60
1r6/4P3/2K3k1/8/8/8/R7/8 b - -,,0
8/pk3p1p/4p3/4n1Rp/4p3/8/PPP2P1P/2K5 b - -,f7f5 h2h3 h7h6 g5g7 b7c6 g7a7 c6d6 a7h7 f5f4 c1d1,435
4k3/8/5p1p/2P1N2P/6P1/3K4/p6r/R7 b - -,,0
rnbqkb1r/ppp1p2p/5np1/3p1p2/3P4/5PPN/PPP1P1BP/RNBQK2R b KQkq -,c7c5 c2c3 b8c6 e1h1 d8b6 e2e3 f8g7 a2a4 e8h8 b2b4,-38
4rrk1/1ppqnpbp/p1np2p1/5P2/2PNP3/2N1B2P/PP2Q1P1/3R1RK1 b - -,g7e5 d4c6 e7c6 e3h6 e5g7 e2d2 f7f6 c4c5 g6g5 h6g7,109
5r2/b3qpk1/3p3p/1P1BpQpP/4P3/1KP2RP1/5P2/8 b - -,a7c5 b3c2 c5a7 c2d2 a7b6 d2d1 b6a5 d1e1 a5c7 e1e2,274
1n1r4/2r1kppp/1p2pn2/p7/PppP4/4P1P1/1P1N1PBP/R4RK1 b - -,d8c8 f1c1 f6d5 g1f1 c4c3 b2c3 d5c3 c1c2 b8d7 f1e1,-275
5qrk/pp3Rb1/2p1r2p/3nP3/3P4/2PQ4/PPBB3K/4R3 b - -,g7e5 d4e5 f8f7 d3f1 f7f1 e1f1 e6e5 c2d1 d5e3 d2e3,Mate
r1bq1rk1/pp1n1pbp/6p1/2pPp3/4P3/2P2NP1/P4PBP/1RBQ1RK1 b - -,d7b6 c1e3 d8c7 b1b5 b6d7 c3c4 b7b6 b5b1 f8d8 d1d2,98
4r1k1/8/p7/1p3Rpp/3P4/2P3P1/PP1N1r2/R1BK4 b - -,,0
8/8/8/2K1k3/8/8/6B1/6N1 b - -,e5f4 c5d4 f4f5 g2h3 f5f6 d4e4 f6g7 e4e5 g7g6 h3f1,193
2r2r2/p5kp/1q4p1/2B5/Q7/3P4/PP3PPP/RN3RK1 b - -,b6c5 b1d2 c8c7 a1e1 c5b6 d2c4 b6f6 a4a5 c7e7 e1e7,623
8/R6k/8/5K1p/6rP/8/8/8 b - -,,0
8/6pp/4N3/8/7P/1p4k1/bK6/8 b - -,g3h4 e6g7 h4g4 g7e8 g4g5 e8g7 a2b1 b2b1 g5f6 g7h5,-37
r4rk1/ppp2ppp/2npbq2/4p3/2B1P3/2PP1N1P/P1PQ1PP1/R4RK1 b - -,e6h3 c4d5 h3d7 f3h2 a8e8 f2f4 f6h6 f1f2 e5f4 f2f4,-125
4b1k1/5ppp/p7/1r1PN1P1/q1p2P1P/r1P1B3/R3Q3/K1R5 b - -,b5b8 e5c4 a3a2 e2a2 a4d7 c1e1 h7h6 g5h6 f7f6 c4b6,402
8/5pk1/6pp/8/1R3KPP/8/p7/8 b - -,a2a1q b4e4 a1f1 f4e3 f1e1 e3d4 e1h4 g4g5 h4g5 e4e5,-923
5r2/b3qpk1/3p3p/3BpQpP/1PP1P3/1K3RP1/5P2/8 b - -,a7d4 b3c2 d4b6 c2d2 g7h8 d2e1 b6d4 e1f1 h8g7 f1g2,475
2kr1b1r/pp1n1pp1/2p1p1p1/3n2P1/q2RN3/4B2P/PPP1QPB1/1K5R b - -,a4a5 e3c1 a5b6 h1d1 d7c5 b1a1 c5e4 d4e4 f8c5 d1d3,-69
rn2kbnr/ppp1pp1p/6p1/3q1b2/3P4/5N2/PPP1BPPP/RNBQK2R b KQkq -,g8f6 e1h1 d5d6 c2c4 f8g7 b1c3 e8h8 h2h3 c7c5 d4d5,87
r1b1kb1r/pp1n1ppp/1qp2n2/4p3/4P3/1P3NB1/P1PN1PPP/R2QKB1R b KQkq -,f8b4 f1d3 b6c7 a1c1 f6h5 c2c3 b4e7 d2c4 h5g3 h2g3,-38
8/p4k1p/4pp2/1Q1p2p1/3P1qP1/1Pr2P2/P5P1/3R3K b - -,,0
3q2k1/1b3p1p/p3p1pP/4Q1b1/2NPP3/P1B5/5PP1/6K1 b - -,d8f8 c3b4 f7f6 e5c7 g5f4 c7b7 f4h6 b4f8 h6f8 b7a6,606
r4k2/5pp1/8/2Nn3P/1P1p1P2/bR3K2/7P/8 b - -,a3b4 c5d7 f8e7 d7b6 d5b6 b3b4 b6d5 b4d4 a8a3 f3g4,-449
r2qr1k1/1pp2pp1/p2p3p/3P4/2P1n1Pn/P2QB2P/BP3P2/R4K1R b - -,d8f6 h1g1 f6b2 d3d1 e4c3 e3d4 c3d1 d4b2 d1b2 g1g3,-551
3q2k1/pb3rp1/1pn4p/4N3/8/P5P1/1P3PP1/4R1K1 b - -,h4f3 a2b3 d8f6 b3d1 f6b2 d1f3 b2a1 f1g2 a1e5 h3h4,Mate
8/5p2/p5p1/1p1pk3/1P4KP/P1P1P3/8/8 b - -,f7f6 g4f3 e5f5 f3e2 f5e4 e2d2 e4f3 d2d3 f6f5 d3d2,-667
r1bq1rk1/1pp1ppbp/p4np1/3Pp3/P1B1P3/2N4P/1PP2PP1/R1BQ1RK1 b - -,c8d7 d1e2 f6e8 a4a5 e8d6 c4b3 f7f5 f2f3 f5f4 c1d2,83
6kr/2r3pp/3Npp2/1pBp4/1P3PP1/6P1/P3P1K1/R7 b - -,c7d7 d6b5 e6e5 a2a4 d5d4 a4a5 g8f7 a5a6 f7e6 a6a7,543
2r2r2/p5kp/6p1/2q5/Q7/2NP4/PP3PPP/R4RK1 b - -,c5b6 a1e1 f8f7 c3e4 h7h6 b2b4 g6g5 a4a3 g7h7 g1h1,623
r4rk1/ppqnppbp/3p1np1/2p2b2/2NP4/2P1PN1P/PP2BPPB/R2Q1RK1 b - -,a7a6 a2a4 b7b5 c4d2 c7b7 f1e1 b5a4 g2g4 f5e6 c3c4,19
4r1k1/pp3ppp/8/3p2q1/2pPr3/P3P1PP/1P2RQP1/R5K1 b - -,e4e3 a1f1 e8e7 e2e3 g5e3 f2e3 e7e3 f1f5 g8f8 f5d5,-229
8/8/5R2/8/7n/7k/5K2/8 b - -,h3g4 f6c6 h4f5 c6c4 g4g5 f2f3 f5h4 f3e2 h4g2 c4a4,9
2r1k1qR/8/1BppPpn1/1p2p1pQ/1P2P1P1/P1PP2K1/8/8 b - -,h3g4 f6c6 h4f5 c6c4 g4g5 f2f3 f5h4 f3e2 h4g2 c4a4,Mate
8/6Np/8/8/7k/1p6/bK6/8 b - -,h4g4 g7e8 g4f5 e8g7 f5e4 g7h5 e4d4 h5g7 d4c5 g7h5,-16
r4k2/3N1pp1/8/3n3P/1b1p1P2/1R3K2/7P/8 b - -,f8e7 d7b6 d5b6 b3b4 b6d5 b4d4 a8a3 f3g2 d5f6 h5h6,-453
r1b1kb1r/pp1n1ppp/1qp2n2/4p3/4P3/1P2BN2/P1PN1PPP/R2QKB1R b KQkq -,b6a5 a2a3 f6g4 e3g5 f8c5 g5h4 a5b6 d1e2 a7a5 h2h3,-29
3rr1k1/pp3ppp/2p2n2/1q6/2P1P3/PB3P1P/2Q1KP2/R6R b - -,b5h5 h1d1 f6e4 d1d8 e4g3 e2d1 h5f3 d1c1 g3e2 c1b2,-499
r7/pp3pkp/3R1pp1/6q1/2Q1P3/6P1/PPP2P1P/1K6 b - -,g5a5 b2b4 a5a4 c4c3 g7g8 a2a3 a4e8 c3f6 e8e4 d6d7,257
8/5p1P/5p2/2k1PN2/5K2/p7/2b5/8 b - -,c2b1 h7h8q a3a2 h8f8 c5c6 f8a8 c6b6 a8a3 b6c6 e5f6,879
8/8/R6k/5K1p/6rP/8/8/8 b - -,,0
3rQ1k1/2q2bpp/p7/nppp4/5R2/1BP2N1P/PP3PP1/4R1K1 b - -,d8e8 e1e8 f7e8 b3d5 e8f7 f4f7 c7f7 d5f7 g8f7 f3g5,258
4r1k1/8/p7/1p4pp/3P4/1PP3P1/P1KN1r2/R1B5 b - -,,0
2rr2k1/2p2pp1/2q1n2p/Rp2R2P/1P2P3/2P1QN2/5PP1/6K1 b - -,d8d1 g1h2 c6d6 g2g3 d1d3 e3e2 d3c3 e5d5 d6b4 d5b5,-7
r7/4kpp1/1N6/3n3P/1b1p1P2/1R3K2/7P/8 b - -,d5b6 b3b4 b6d5 b4d4 a8a3 f3e2 d5f6 h5h6 g7h6 d4c4,-468
2r3k1/R1p2pp1/3qn2p/1p2R2P/1P2P2N/2P3Q1/5PPK/3r4 b - -,d1d3 f2f3 d6d8 h4f5 d8f6 e5b5 d3c3 g3e5 f6e5 b5e5,127
2r2r2/Q5kp/3q2p1/8/8/2NP4/PP3PPP/R4RK1 b - -,f8f7 a7e3 d6d8 g1h1 h7h6 c3e4 g7h7 f1e1 c8b8 a1b1,673
r2qr1k1/pp3ppp/2pb1n2/3p1b2/P7/2N1PB2/1PPB1PPP/R2QR1K1 b - -,d8c7 g2g3 d6e5 a4a5 a8d8 c3a4 f6e4 d2c3 e4c3 a4c3,-127
8/6k1/2R3P1/3KP3/r7/8/8/8 b - -,a4a2 d5e4 a2f2 c6a6 g7h6 e4d5 f2b2 d5d6 h6g6 d6e7,327
2kr1b1r/pp1n1pp1/1qp1p1p1/3n2P1/3RN3/4B2P/PPP1QPB1/1K5R b - -,f8a3 c2c3 d5e3 f2e3 d7e5 h1f1 a3e7 f1d1 f7f5 g5f6,-133
5r2/4qQk1/1b1p3p/3Bp1pP/1PP1P3/1K3RP1/5P2/8 b - -,f8f7 f3f7 e7f7 d5f7 g7f7 f2f3 f7e7 b3a3 e7d7 g3g4,-32
r2qkb1r/ppp2ppp/2n1bn2/3p2B1/3P4/P1N4P/1PP2PP1/R2QKBNR b KQkq -,f8e7 f1b5 e8h8 g1e2 d8d7 b5d3 e6f5 e1h1 f8e8 d3f5,-5
r1b1k2r/pp1n1ppp/1qp2n2/2b1p3/2N1P3/1P2BN2/P1P2PPP/R2QKB1R b KQkq -,b6d8 e3c5 d7c5 d1d8 e8d8 f3e5 d8c7 f2f3 c8e6 c4e3,153
4r1k1/pp3ppp/8/3p2q1/2pP4/P3r1PP/1P2RQP1/5RK1 b - -,g5e7 f2e3 e7e3 e2e3 e8e3 f1f5 g8f8 f5d5 e3b3 a3a4,-223
8/R7/1p1k3p/8/4P2P/P3r3/6P1/7K b - -,d6e5 h1h2 e5f6 a7b7 f6g6 b7b6 g6h5 b6e6 h5h4 e6h6,226
4rrk1/1ppqnpbp/p2p2p1/5P2/2PBP3/2N4P/PP2Q1P1/3R1RK1 b - -,e7c6 d4g7 g8g7 c4c5 f7f6 c5d6 c7d6 e2d2 d7d8 g1h2,108
8/R5k1/8/5K1p/6rP/8/8/8 b - -,,0
8/6k1/2R3P1/4P3/r7/2K5/8/8 b - -,,0
7Q/5p2/5p2/2k1PN2/5K2/8/p1b5/8 b - -,a2a1b e5f6 a1c3 h8c8 c5b4 c8f8 b4b5 f8f7 c3d2 f4e5,828
r7/4kpp1/1n6/7P/1R1p1P2/5K2/7P/8 b - -,b6d5 b4d4 a8a3 f3f2 d5f6 f4f5 f6h5 d4h4 h5f6 h4c4,-492
r3k2r/pp3pp1/2p1pn1p/q6P/2PPnB2/5NP1/PP2Q1P1/1K1R3R b kq -,e8h8 g3g4 a5b4 d1c1 f8d8 f4e5 b4f8 g4g5 h6g5 e2e3,96
8/R5pp/P4p1k/8/8/r5PK/5P1P/8 b - -,f6f5 h3g2 g7g5 g2f1 a3a1 f1e2 a1a2 e2f3 a2a3 f3g2,8
8/5p2/p4Kp1/1p1p4/1P5P/P1P1k3/8/8 b - -,e3d2 f6f7 d2c3 f7g6 d5d4 h4h5 d4d3 h5h6 d3d2 h6h7,-38
6k1/8/p7/1p1P2pp/8/1PP3P1/P1KN1r2/R1B1r3 b - -,,0
8/8/4q3/8/2k5/1R6/PK6/8 b - -,e6e2 b2b1 e2f1 b1c2 f1g2 c2b1 g2e2 b3a3 e2d1 b1b2,-263
8/1B6/8/2K1k3/8/8/4N3/8 b - -,e5e6 e2g1 e6f7 c5d4 f7g8 d4e5 g8h8 e5f6 h8g8 g1f3,9605
r2r2k1/pp3pp1/7p/6P1/P3Pn1P/5P2/1P3K2/R4B1R b - -,f4g6 f2e3 h6g5 h4g5 a8c8 h1h2 d8d6 a4a5 g6e5 f1e2,163
2r2r2/7p/3q2pk/8/8/2NPQ3/PP3PPP/R4RK1 b - -,h6g7 f1e1 d6d8 e3e7 d8e7 e1e7 f8f7 e7e2 g6g5 g1h1,684
2kr3r/ppp1qp2/1bnpb2p/6p1/4Pn1P/1NN2P2/PPP2BP1/2KRQB1R b - -,d6d5 f2b6 a7b6 e4d5 f4d5 c3d5 e6d5 e1e7 c6e7 b3d4,37
rn3rk1/pq3ppp/1p2p3/8/3P4/6Q1/PPP2PPP/R1B1K2R b KQ -,f8d8 c2c3 b7e4 c1e3 b8c6 e1h1 c6e7 e3g5 e7f5 g3f4,94
r1bqk2r/pp1nppbp/3p2pn/2pP4/2P1P3/2N2N2/PP2BPPP/R1BQK2R b KQkq -,f7f5 c1h6 g7h6 e4f5 g6f5 h2h4 d7f6 f3g5 e8h8 d1c2,98
8/5p2/p5p1/1p1p2K1/1P2k2P/P1P1P3/8/8 b - -,e4e5 g5g4 f7f6 g4f3 e5f5 f3e2 f5e4 e2d2 e4f3 d2d3,-657
8/4qRk1/1b1p3p/3Bp1pP/1PP1P3/1K4P1/5P2/8 b - -,e7f7 d5f7 g7f7 f2f3 b6f2 g3g4 f7e6 b3b2 e6e7 b2c2,-29
8/8/3Rpk2/5p1p/3P1K2/4PPP1/2r5/8 b - -,c2d2 e3e4 f5e4 f3e4 f6g7 f4e5 d2d3 d6e6 d3g3 e6e7,499
r1bqkb1r/ppp2pp1/2np1n1p/8/3NP3/1B6/PPP2PPP/RNBQ1RK1 b kq -,c6d4 d1d4 f8e7 b1c3 e8h8 f1d1 f6d7 c3d5 a7a5 c1e3,42
4rrk1/1ppqnp1p/p2p2p1/5P2/2PRP3/2N4P/PP2Q1P1/5RK1 b - -,b7b6 d4d3 g6f5 e4f5 g8h8 e2d2 f7f6 g2g4 e7c6 c3d5,83
r1bq2k1/1pp3p1/p1n4p/3pp2Q/7N/P2PP1N1/1PP3PP/R5K1 b - -,c8e6 a1f1 d8e8 h5f3 e8f7 g3f5 f7f6 e3e4 a8d8 e4d5,27
5Q2/5p2/5p2/2k1PN2/5K2/8/2b5/q7 b - -,c5d5 f5e3 d5c6 f8c8 c6b6 e3c4 b6b5 c4d6 b5b4 c8c4,722
8/p1r2k1p/4pp2/3p2p1/3P1qP1/1P1Q1P2/P5P1/3R3K b - -,,0
4rrk1/pp1b3p/2nqp1p1/1B1p3n/3P4/P1N2NP1/1P3P1P/R2QR1K1 b - -,h5g7 b5c6 d7c6 f3e5 g7f5 c3e2 d6d8 a1c1 d8b6 b2b4,109
2rq4/pp2p1bk/5rpp/n1N2p2/QP1P4/4PN2/P5PP/R3R1K1 b - -,b7b6 c5d7 f6d6 b4a5 d6d7 a5b6 a7b6 a4b3 d7c7 b3b6,-10
r7/4kpp1/8/3n3P/3R1P2/5K2/7P/8 b - -,a8a3 f3e2 d5f6 h5h6 g7h6 f4f5 h6h5 d4b4 e7f8 b4b6,-490
rn3r2/5pkp/1qpp2p1/p3P2n/4P3/P4PN1/2PQ1P2/2KR1B1R b - -,f8e8 g3h5 g7f8 e5d6 e8e6 d2h6 f8e8 h5g7 e8d7 g7e6,1490
8/1B6/4k3/2K5/8/2N5/8/8 b - -,e6f6 c5d4 f6f5 c3e2 f5e6 b7e4 e6f6 e2g1 f6e7 d4e5,20000
8/R5pp/P4p1k/8/5P2/6PK/r6P/8 b - -,,0
8/R7/1p1k3p/8/4r2P/P5P1/8/7K b - -,d6e6 a7b7 e6f6 b7b6 f6g7 h1g2 e4a4 b6b3 g7g6 g2f2,199
r1bqk2r/1pp2ppp/p1pb1n2/4P3/8/2N1Q3/PPP2PPP/R1B1K1NR b KQkq -,f6d5 c3d5 e8h8 d5f6 g7f6 e3g3 g8h8 e5d6 d8d6 g3d6,761
2r2r2/6kp/3q2p1/8/4N3/3PQ3/PP3PPP/R4RK1 b - -,d6d8 g1h1 f8e8 a1e1 c8c7 f2f4 c7d7 e3c1 d7f7 c1c3,681
4r3/1bq1b1pk/2p2r1p/p1p1Np2/P1Qp1P2/1P1P4/1BP3PP/4RRK1 b - -,e8a8 b3b4 a5b4 c4b3 e7d6 g2g3 b7c8 e5f3 c8a6 f1f2,-356
r2q1rk1/pb1nppbp/1ppp1np1/8/2PPP3/2N2N1P/PPQ1BPP1/R1BR2K1 b - -,d8c7 c1e3 a7a6 b2b4 c6c5 b4c5 b6c5 d4d5 f8b8 f3d2,93
3rb1k1/2q3pp/p7/nppB4/5R2/2P2N1P/PP3PP1/4R1K1 b - -,c7f7 e1e8 d8e8 d5f7 g8f8 f7g6 f8e7 f4e4 e7d6 g6e8,Mate
2r3k1/2p2pp1/2q1n2p/Rp2R2P/1P2P3/2P1QN2/5PPK/3r4 b - -,,0
4rnk1/pp3rpp/2p2p2/7q/3N1B2/2P3Q1/PP6/2K3R1 b - -,f8g6 g3f2 g6f4 f2f4 h5e5 f4f2 f6f5 f2f1 e5e3 c1b1,-577
4r1k1/pp4pp/5p2/3p2q1/2pP4/P3r1PP/1P2RQP1/4R1K1 b - -,e3e6 e2e6 e8e6 e1e6 g5g6 e6e1 g6d3 g3g4 h7h6 f2f3,481
rnbqk2r/pp3ppp/4pn2/2pp4/1bPP1B2/PQN5/1P2PPPP/R3KBNR b KQkq -,b4c3 b2c3 c5d4 c3d4 b8c6 c4d5 d8a5 f4d2 c6d4 b3d1,-86
r1b2rk1/pp1nqpbp/6p1/2pPp1B1/4P3/2P2NP1/P4PBP/1R1Q1RK1 b - -,e7e8 f1e1 d7b6 g2f1 b6a4 g5d2 a7a6 c3c4 b7b6 h2h4,119
3r1qk1/1p1r1p1p/3P2p1/Q2R4/P7/8/1P3PP1/3R2K1 b - -,h7h5 a5b4 d8e8 b4d2 e8e6 b2b4 f8d8 a4a5 d8f6 b4b5,346
8/3N4/8/5r2/8/5k2/8/5K2 b - -,h7h5 a5b4 d8e8 b4d2 e8e6 b2b4 f8d8 a4a5 d8f6 b4b5,Mate
5Q2/5p2/5p2/4P3/2k2K2/4N3/2b5/q7 b - -,c4c3 f8c5 c3d2 c5c2 d2e1 f4f3 a1a8 f3g3 a8g8 g3h2,Mate
2k2b1r/pppr2pp/4pn2/5b1B/3q4/5PN1/PPPB2PP/R2Q1R1K b - -,d4d2 d1d2 d7d2 h5f7 d2c2 f1e1 f8b4 f7e6 f5e6 e1e6,-564
r1b1k2r/pp1n1ppp/1qp2n2/4p3/4P3/1P3N2/P1PN1PPP/R2QKB1R b KQkq -,e8h8 f1d3 b6c7 e1h1 d7c5 f1e1 f8d8 d1e2 c5d3 c2d3,-18
4r1k1/1pp1r1pp/p3pq2/3pRb2/P2P4/2P1QN1P/1P3PP1/4R1K1 b - -,c7c6 a4a5 h7h6 f3d2 e7f7 b2b4 f6g6 g1h2 f5c2 f2f3,147
8/5k2/1b1p3p/4p1pP/KPP1P3/6P1/5P2/8 b - -,g5g4 a4b5 b6f2 c4c5 d6c5 b4c5 f7e7 b5b4 e7d7 c5c6,-938
8/4kpp1/8/3n3P/3R1P2/r7/5K1P/8 b - -,d5f6 h5h6 f6g4 f2g1 g4h6 g1g2 g7g6 d4c4 e7f6 c4b4,-514
r1bqk2r/pp1nppbp/3p2pn/2pP2N1/2P1P3/2N5/PP3PPP/R1BQKB1R b KQkq -,d7f8 f1e2 f7f6 g5f3 h6f7 h2h4 h7h5 d1c2 e7e5 d5e6,89
6k1/8/p2P4/1p6/7p/1PP5/P1KN1r2/R1B1r3 b - -,,0
r3Nr2/pp3pkp/3p2p1/8/3BP3/1P6/1PPq1PPP/R4RK1 b - -,,0
3Q1qk1/1p3p1p/3r2p1/3R4/P7/8/1P3PP1/3R2K1 b - -,d6e6 b2b4 f8d8 d5d8 g8g7 a4a5 e6a6 d8d7 b7b6 d1d6,919
rnbq1rk1/pp2ppbp/2p2np1/8/2PP4/2N2N2/PP2BPPP/R1BQR1K1 b - -,c8f5 h2h3 h7h6 g2g4 f5c8 c1f4 h6h5 f3g5 h5g4 h3g4,163
2r2rk1/2nb2pp/2pb1q2/p4p1P/1p1P4/3BPQ2/PP2NP2/1K1R2R1 b - -,d7e6 d3c2 e6d5 f3h3 c8e8 d1c1 e8e7 c2a4 f5f4 a4c6,-414
2r2r2/6kp/6p1/8/1q2N3/1P1PQ3/P4PPP/R4RK1 b - -,h7h6 g1h1 c8c6 e3g3 b4b6 f2f4 g7h7 a1e1 c6c2 g3h3,666
r7/pp3pkp/3R1pp1/7q/2Q1P3/2P3P1/PP3P1P/1K6 b - -,h5f3 d6d7 a8f8 c4d4 f8e8 d4d5 e8f8 e4e5 f3f2 e5f6,106
8/7p/1P1k2p1/2npp3/8/4PN2/5KPP/8 b - -,c5d7 f3g5 h7h5 b6b7 d6c6 g2g4 c6b7 g4h5 g6h5 f2g3,-7
rnbqk2r/ppp2pb1/3ppnpp/8/2PPP3/2NBBN2/PP3PPP/R2QK2R b KQkq -,f6g4 e3d2 c7c5 d4d5 e6d5 e4d5 e8h8 h2h3 f8e8 d3e2,60
8/8/8/8/2k5/1R6/P6q/K7 b - -,f6g4 e3d2 c7c5 d4d5 e6d5 e4d5 e8h8 h2h3 f8e8 d3e2,Mate
4r1k1/pp4pp/5p2/3p2q1/2pP4/P5PP/1P2RQP1/6K1 b - -,e8e2 f2e2 g8f7 e2f2 g5g6 f2f4 g6e4 f4c7 f7g6 g1h2,-215
r2q1rk1/5pbp/3n2p1/1P1Pp1P1/p1p1N2P/P7/1PB2P2/R2QK2R b - -,a8a5 a1b1 a5b5 e1f1 d8a8 e4c3 b5a5 d1f3 e5e4 c2e4,-48
r7/1N3R2/2k1p1pp/p7/1P1n4/P7/6PP/6K1 b - -,c6b5 b4a5 b5c6 a3a4 h6h5 f7h7 e6e5 g1f2 d4b3 h7g7,20
8/2k1K3/R7/4P3/8/7r/8/8 b - -,h3h5 a6e6 h5f5 e7e8 f5h5 e8f7 c7d8 e6d6 d8c7 f7f6,4
2r3k1/2p2pp1/3qn2p/Rp2R2P/1P2P3/2P1QNP1/5P1K/3r4 b - -,,0
8/3k4/8/2K5/8/2N2B2/8/8 b - -,d7e7 c5d5 e7e8 c3e2 e8d7 d5e5 d7e8 f3e4 e8f7 e2c3,20000
8/p1r3kp/4pp2/3p2p1/3P1qP1/1P1Q1P2/P5P1/4R2K b - -,h7h5 d3e2 h5g4 f3g4 c7c6 e1d1 f4e4 e2f3 g7g6 f3h3,-180
8/4kpp1/5n2/5P1P/3R4/r7/5K1P/8 b - -,f6h5 d4h4 h5f6 h4c4 a3a5 c4c7 e7e8 f2g2 a5f5 c7c8,-519
r2q1rk1/1ppbppbp/p4np1/3Pp3/P1B1P3/2N1B2P/1PP2PP1/R2Q1RK1 b - -,b7b5 a4b5 a6b5 c4d3 c7c6 d5c6 d7c6 b2b4 a8a1 d1a1,81
r2qr1k1/p4pp1/2p3b1/3pB2n/3P1N1p/5P2/PPPQ2PP/R4RK1 b - -,h5f4 e5f4 h4h3 g2g4 d8b6 c2c3 c6c5 a1c1 a8c8 g1f2,27
3q2k1/1p3p1p/3R2p1/8/P7/8/1P3PP1/3R2K1 b - -,d8e7 g2g3 e7e4 d6d4 e4c2 d1d2 c2c1 g1g2 h7h5 a4a5,63
1knr1bnr/ppq3p1/3pp2p/8/1P2P3/Q1N1B3/P1P1BPPP/R4RK1 b - -,c7e7 f1d1 g8f6 a1b1 h6h5 h2h3 d8d7 e2b5 d7c7 b5f1,362
8/4Q3/2p5/1p3pkp/1P6/6P1/q7/6K1 b - -,g5g4 e7h4 g4f3 h4f4 f3e2 f4f2 e2d3 f2a2 d3d4 g1f2,902
r2q1rk1/1p2bppp/p1npbn2/4p3/P3P3/2N2N2/1PP2PPP/R1BQRBK1 b - -,a8c8 c3d5 e6d5 e4d5 c6b4 c2c3 b4d5 a4a5 d8d7 g2g3,-16
r4rk1/pb2bppp/1pqppn2/2p5/3PPB2/2PB4/PP1N1PPP/R1Q2RK1 b - -,c6d7 h2h3 e6e5 f4e3 d6d5 d4e5 f6e4 d2e4 d5e4 d3c2,11
r2qr1k1/p4ppp/1ppb1n2/3p1b2/P7/4PB2/1PPBNPPP/R2QR1K1 b - -,f6e4 f3e4 f5e4 d2c3 d8h4 e2f4 e4f5 g2g3 h4e7 f2f3,-86
3r2k1/2q2Rpp/p7/nppB4/8/2P2N1P/PP3PP1/4R1K1 b - -,c7b8 f7b7 g8h8 b7b8 d8b8 b2b3 h7h6 f3e5 h8h7 d5e4,687
4r1k1/1pp1r1p1/p3pq1p/3pRb2/P2P4/2P1Q2P/1P1N1PP1/4R1K1 b - -,f6g6 a4a5 e8f8 d2f1 c7c6 f1g3 e7f7 b2b4 f7f6 g1h2,131
8/8/3Rpk2/5p1p/2rPPK2/5PP1/8/8 b - -,f5e4 f3e4 f6g7 f4e5 c4c3 d6e6 c3g3 e6e7 g7h6 d4d5,568
r7/1N3R2/2k1p1pp/8/1P1n4/8/6PP/6K1 b - -,a8a1 g1f2 a1a2 f2g1 e6e5 b7c5 d4e2 g1f2 c6d5 f7d7,-17
3r1r2/6kp/6p1/8/1q2N3/1P1PQ3/P4PPP/2R2RK1 b - -,b4e7 e3c5 f8f7 c5e7 f7e7 e4g5 d8a8 c1a1 a8a5 g5f3,670
rnb2rk1/p1p2ppp/5q2/1p1P4/1b2n3/4NQ2/PP1N1PPP/R1B1KB1R b KQ -,f6d4 f3e2 f8e8 a2a3 b4d2 c1d2 d4b2 a1c1 c8d7 e2d1,-217
6k1/pp4pp/5p2/3p2q1/2pP4/P5PP/1P2Q1P1/6K1 b - -,g8f7 g1h2 g5f5 e2d1 f5e4 a3a4 b7b6 d1d2 f7g6 d2f2,-231
8/8/8/8/7n/5R2/5K1k/8 b - -,,0
8/7p/1P1k2p1/2np2N1/4p3/4P3/5KPP/8 b - -,,0
rn3rk1/p4pp1/2p1p1b1/1q2N2p/1b1PPQ1P/3B2P1/2pN1P2/R4RK1 b - -,b5b6 d2f3 c6c5 d4c5 b6c5 f1c1 c5c3 a1a4 b8d7 c1c2,25
2k2b1r/pppr2pp/4pn2/5b1B/3q4/5PN1/PPPB1RPP/R2Q2K1 b - -,f8c5 d1e1 d4d2 b2b4 c5f2 e1f2 d2f2 g1f2 f5c2 a1e1,-610
8/4r1k1/2pn3p/pp1p1pp1/P2P2P1/1P1KNP2/2P4P/R7 b - -,,0
r1br2k1/1p2qpp1/1np1p2p/p2nP3/PbpPR3/2N2NPP/1PQ2PB1/R1B3K1 b - -,b6d7 e4g4 f7f5 e5f6 d5f6 g4h4 c6c5 c3b5 c5d4 b5d4,72
8/p3Np2/2R2nk1/7p/2P5/6P1/Pr3P1P/6K1 b - -,g6g7 e7f5 g7g6 f5e3 g6g7 c6a6 f6e4 a6a7 g7g6 a7a5,312
R7/8/8/4p3/3p1k1p/3K4/PP4P1/8 b - -,f4f5 a8e8 f5f6 d3e4 f6f7 e8e5 d4d3 e4d3 f7f6 d3d4,1009
r3kb1r/ppq2pp1/2n1p3/3pPnPp/7P/2PB1P2/PP2N3/R1BQK2R b KQkq -,f8c5 d3f5 e6f5 c1f4 e8h8 e5e6 c7e7 e6f7 e7f7 d1b3,-68
8/4kpp1/8/5P1n/7R/r7/5K1P/8 b - -,h5f6 h4c4 a3a5 c4c7 e7e8 c7c8 e8d7 c8c1 a5f5 f2g2,-529
r2q1rk1/1pp2pp1/p1n2nQp/8/2BP4/P4N1P/1PP3P1/R4RK1 b - -,d8d7 c2c3 d7d6 g6d3 a8d8 a1e1 d8e8 e1e8 f8e8 c4a2,63
r2r2k1/pp3pp1/8/6P1/P3Pn2/5P2/1P3K2/R4B1R b - -,f4g6 f2e3 a8c8 h1h2 g8f8 f3f4 f8e7 a4a5 g6f8 f4f5,187
2r2rk1/3b2pp/2pb1q2/pn3p1P/1p1P4/3BPQ2/PP2NP2/1KR3R1 b - -,b5c7 g1g2 c7d5 d3c2 f8f7 c1g1 d7e6 e3e4 f5e4 f3e4,-357
8/8/4k3/8/3K4/2N2B2/8/8 b - -,e6f7 d4e5 f7g6 c3e2 g6g7 f3e4 g7f7 e5d5 f7f8 e2d4,20000
8/5p2/5p1P/2k1PK2/p7/8/8/8 b - -,c5c4 h6h7 a4a3 h7h8q a3a2 h8c8 c4d4 c8c1 f6e5 c1d2,989
4rrk1/1p5p/p1bqp1p1/3pN2n/3P4/P1N3P1/1P3P1P/R2QR1K1 b - -,h5f6 c3e2 f6d7 e2f4 d7e5 e1e5 f8f5 f4d3 c6b5 e5f5,135
r1b2rk1/pp2qpbp/5np1/2pPp1B1/4P3/2P2NP1/P4PBP/1RQ2RK1 b - -,e7d6 f1e1 f6e8 f3d2 d6c7 d2c4 b7b6 c1a3 a8b8 g5e3,73
r4rk1/ppqbbppp/3ppn2/2p1n3/4P3/P1PP1NP1/1P3PBP/R1BQRNK1 b - -,d7b5 c3c4 b5c6 f1e3 a7a5 a3a4 f6d7 e3d5 e6d5 e4d5,-1
rn1qkb1r/pp2pppp/2p2n2/8/3NP1b1/2NP4/PPP1BPPP/R1BQK2R b KQkq -,g4e2 c3e2 e7e6 d4f3 f8e7 c2c3 e8h8 d1c2 h7h6 e1h1,146
2rq4/p2Np1bk/1p3rpp/n4p2/QP1P4/4PN2/P5PP/R3R1K1 b - -,f6d6 b4a5 d6d7 a5b6 a7b6 a1c1 c8a8 a4b3 d8g8 b3b6,-14
8/1N3R2/2k1p1pp/8/1P1n4/8/5KPP/r7 b - -,a1a2 f2g1 a2a1 g1f2 e6e5 b7c5 a1a2 f2g1 d4e2 g1f2,-16
8/5p1P/5p2/2k1PK2/8/p7/8/8 b - -,c5c4 h7h8q a3a2 h8h1 a2a1q h1a1 c4d3 a1a3 d3e2 a3a2,9605
8/4kpp1/5n2/5P2/2R5/r7/5K1P/8 b - -,a3a5 c4c7 e7e8 f2g3 a5f5 c7c8 e8d7 c8c1 f6h5 g3g4,-539
8/8/3Rpk2/7p/2rPPK2/6P1/8/8 b - -,f6f7 f4e5 c4c3 d6e6 c3g3 e6h6 g3h3 d4d5 f7g7 h6e6,639
8/8/8/8/2k5/R7/P6q/1K6 b - -,h2d6 a3b3 d6d2 b3a3 c4b4 a3b3 b4a4 b3h3 d2d1 b1b2,-260
2r5/6kp/6p1/8/1q2N3/1P1PQ3/P4PPP/2R3K1 b - -,c8c1 e3c1 b4d4 h2h4 h7h6 g2g3 d4d3 c1f4 g6g5 h4g5,766
8/4r1k1/2pn3p/pp1p2p1/P2P1pP1/1P1K1P2/2P3NP/R7 b - -,,0
8/3n3p/1P1k2p1/3pp1N1/8/4P3/5KPP/8 b - -,h7h5 b6b7 d6c6 g2g4 h5g4 f2g3 c6b7 g3g4 b7c6 g5h3,-9
rn1Q1rk1/pp2bppb/2p4p/4n3/2B3P1/2N4P/PPP2P2/R1B1R1K1 b - -,e5f3 g1h1 e7d8 e1f1 h7c2 c1f4 b8d7 a1c1 c2h7 c1d1,-566
rn1qkb1r/ppp2ppp/4pn2/3pNb2/3P1B2/2P4P/PP2PPP1/RN1QKB1R b KQkq -,b8d7 e5d7 d8d7 e2e3 f8d6 f4d6 d7d6 f1e2 e8h8 b1d2,-18
7Q/5p2/5p2/2k1PK2/8/8/p7/8 b - -,a2a1b h8f6 a1b2 f6f7 c5d4 e5e6 d4e3 e6e7 b2c1 f7b3,9605
8/4K3/1k6/3RP2r/8/8/8/8 b - -,,0
r1b1k2r/pp2nqpp/2n1p3/3pPpN1/2pP4/P1P3Q1/2P1BPPP/1RB2RK1 b kq -,f7g8 g5h3 b7b6 a3a4 g8f7 c1a3 c8d7 h3g5 f7f8 h2h4,74
8/p1p3k1/1p6/6p1/1b6/2RbrB1P/P5P1/RN4K1 b - -,e3e1 g1f2 b4c3 b1c3 e1a1 f2e3 d3g6 f3c6 a1e1 e3d4,-529
R7/8/7P/3bk3/3p2P1/3P4/p7/6K1 b - -,g5g4 g1f2 b4c3 b1c3 e3e7 f3g4 d3c4 a1e1 e7f7 g4f3,Mate
4r1k1/pp3ppp/2p2n2/q7/2P1P3/PB3P1P/2Q1KP2/3R4 b - -,a5h5 e2e3 h5h3 e3e2 h3h5 e2e3 h5g5 e3e2 f6h5 c4c5,-342
8/4kpp1/5n2/r4P2/2R5/6K1/7P/8 b - -,a5f5 c4c7 e7e6 c7c6 e6d7 c6c1 f6h5 g3h4 g7g6 c1e1,-550
3r1rk1/ppp2ppp/2np4/4p1N1/2P1P3/2P4P/P1P2PP1/R4RK1 b - -,c6a5 f1b1 b7b6 b1b4 a5b7 h3h4 b7c5 a1e1 g7g6 g5h3,-182
2b2rk1/p1pq1pp1/1p3n2/1Q2p3/P1P1P3/B7/4RPKP/5N2 b - -,d7g4 f1g3 f8d8 e2e1 g4h3 g2g1 f6g4 g3f1 h3a3 c4c5,-617
8/1N3R2/2k1p1pp/8/1P1n4/6K1/r5PP/8 b - -,a2b2 b7d8 c6d5 f7d7 d5e4 d8f7 d4f5 g3h3 b2b4 d7a7,-23
r2q2k1/1pp3p1/p1n1b2p/3pp2Q/7N/P2PP1N1/1PP3PP/5RK1 b - -,d8e8 h5f3 e8f7 g3f5 f7f6 e3e4 a8d8 e4d5 e6d5 f3g3,25
rn2k2r/1b1pb1pp/1q2p3/2p1P3/4n3/2N2N2/PP1BBPPP/R2QK2R b KQkq -,e8h8 e1h1 e4d2 d1d2 c5c4 a2a4 b6b4 d2c2 b8c6 c3b5,65
rn3rk1/pq3ppp/1p2p3/8/3P4/2Q5/PPP2PPP/R1B2RK1 b - -,f8c8 c3d3 b8c6 c2c3 c8d8 h2h3 d8d5 a2a4 a8d8 d3e2,94
r2r2k1/pp2qppp/2N1b3/8/4p3/4P3/PP1QBPPP/R4RK1 b - -,d8d2 c6e7 g8f8 e2a6 b7a6 e7c6 d2b2 a2a3 a8c8 c6d4,-46
2R5/6kp/6p1/8/4N3/qP1PQ3/P4PPP/6K1 b - -,d8d2 c6e7 g8f8 e2a6 b7a6 e7c6 d2b2 a2a3 a8c8 c6d4,Mate
rnb1k2r/pp2ppbp/1qpp1np1/8/3P1B2/1P3NP1/P1PNPPBP/R2QK2R b KQkq -,e8h8 e1h1 b8d7 e2e4 b6c7 h2h3 e7e5 d4e5 d6e5 f4e3,-6
8/8/5N2/3r4/8/5k2/8/5K2 b - -,b8d7 e2e4 b6c7 h2h3 e7e5 d4e5 d6e5 f4e3 e8h8 a2a4,Mate
r2q1rk1/pb1nppbp/1p3np1/2pp4/3P1B2/2P1PN1P/PP1NBPP1/R2QR1K1 b - -,f6h5 f4h2 h5f6 a2a4 a7a6 e2f1 a8c8 f1d3 f6e4 d1e2,24
r1bqkb1r/ppp2ppp/3pn3/4P3/2B5/4BQ2/PPP2PPP/RN2K2R b KQkq -,d6e5 b1d2 f8d6 e1a1 e8h8 d2e4 g8h8 g2g4 e6d4 f3h3,28
2kr1b1r/pp1n1pp1/1qp1p1p1/6P1/3RN3/4P2P/PPP1Q1B1/1K5R b - -,f8e7 a2a4 d7e5 h1d1 a7a6 e2e1 d8d5 e1c3 b6a5 c3b3,-138
r3Nr2/pp3p1p/3p2pk/8/4P3/1P2B3/1PPq1PPP/R4RK1 b - -,d2e3 f2e3 a8e8 a1a7 e8e4 a7b7 f7f5 f1f3 f8c8 f3h3,142
r2qr1k1/2b2pp1/2p1bn2/1pPp2Bp/1PnP4/3B2N1/2Q2PPP/1R1N1RK1 b - -,c7g3 f2g3 e6d7 c2c1 e8e6 d1c3 d8f8 d3f5 e6e8 g5f6,47
2rq4/p3p1bk/1p1r2pp/n3Np2/QP1P4/4PN2/P5PP/R3R1K1 b - -,a5c4 e5c4 c8c4 a4a7 c4b4 a7a3 b4b5 a3d3 b5a5 d3b3,-28
3rr1k1/1pq1np1p/p2b2pB/8/4N1P1/2PQ3P/PP3P2/3R1RK1 b - -,d6e5 d3f3 c7c6 f1e1 f7f6 d1d8 e8d8 h6f4 e7d5 f4g3,153
rnb1k2r/pp3ppp/4pn2/q1Pp4/1bP2B2/PQN5/1P2PPPP/R3KBNR b KQkq -,b8c6 a1c1 b4c3 b3c3 a5c3 c1c3 e6e5 f4g3 d5d4 c3c1,-32
r2q1rk1/1pp2pp1/p1n2n1p/8/2BP4/P2Q1N1P/1PP3P1/R4RK1 b - -,d8e8 a1e1 e8d7 f3e5 c6e5 d4e5 d7d3 c2d3 f6h7 e5e6,106
r1bq1rk1/p5pp/1p1b4/2pP1p2/3P4/5NB1/PP3PPP/R2QK2R b KQ -,f5f4 g3h4 d8e8 e1d2 c5c4 d2c1 e8g6 h1e1 g6g2 h4e7,-290
r1bqk2r/pp1p1ppp/2n1pn2/b1P5/2P5/PQN1P3/1P3PPP/R1B1KBNR b KQkq -,f6e4 c1d2 e4d2 e1d2 b7b6 c5b6 e8h8 a1d1 c6e5 f1e2,24
8/2R1kpp1/5n2/5r2/8/6K1/7P/8 b - -,e7e6 c7c6 e6d7 c6c1 d7e7 c1e1 e7f8 e1a1 f6h5 g3g4,-550
r7/1p1nkR2/1qp1p2r/4N1p1/p1PP4/P5P1/1P3QP1/1K3R2 b - -,e7e6 c7c6 e6d7 c6c1 d7e7 c1e1 e7f8 e1a1 f6h5 g3g4,Mate
rn1q1rk1/pp3ppp/3p1n2/4p3/1b2P1b1/1NN5/PPPBBPPP/R2Q1RK1 b - -,,0
6k1/5r2/p2P4/1p6/7p/1PP2N2/P1K5/R1B1r3 b - -,,0
rn2kb1r/ppq2ppp/2b2B2/1B2p3/8/2N2Q2/PPP3PP/2KR2NR b kq -,a7a6 b5c6 b8c6 c3d5 c7d7 d5b6 d7e6 b6a8 f8d6 f6g7,594
2R5/6kp/6p1/8/4N2P/1P1PQ3/q4PP1/6K1 b - -,a7a6 b5c6 b8c6 c3d5 c7d7 d5b6 d7e6 b6a8 f8d6 f6g7,Mate
8/p1r3k1/4pp2/3p2p1/3P1qP1/1P6/P3Q1P1/4R2K b - -,c7c6 e1d1 f4e4 e2e4 d5e4 h1g1 f6f5 g4f5 e6f5 d4d5,-215
2r2r2/7k/7p/2R1Pq2/3p2p1/1P6/P4PP1/2Q2RK1 b - -,,0
8/8/8/8/k7/1R6/P6q/K7 b - -,g4g3 c5c8 g3f2 f1f2 f5f2 g1h2 f2h4 h2g1 f8c8 c1c8,Mate
8/1N3R2/2k1p1pp/5n2/1P3K2/8/r5PP/8 b - -,a2e2 b7d8 c6d6 f7a7 e2g2 a7a6 d6d5 d8e6 g2f2 f4g4,-15
rnb2rk1/pp2ppbp/1qpp1np1/8/3PPB2/1P3NP1/P1PN1PBP/R2QK2R b KQ -,c6c5 d4d5 b6a6 c2c4 f6h5 f4e3 g7a1 d1a1 f7f6 e1h1,-23
8/6k1/8/2r5/6PP/4R1K1/8/8 b - -,g7h7 h4h5 c5a5 g3h4 a5a4 e3e6 a4b4 h4g5 b4b5 g5f4,679
8/R7/8/3bk2P/3p2P1/3P4/p7/6K1 b - -,d5g8 h5h6 e5f6 g1f2 f6g5 a7a2 g5h6 a2a4 h6g5 f2g3,623
5r2/b3qpk1/3p3p/4pQpP/1PB1P3/1KP2RP1/5P2/8 b - -,a7b8 f3d3 b8c7 d3d1 e7f6 f5d7 c7b8 f2f3 f8d8 d7b7,346
3r1rk1/1pBq1pp1/p4n1p/3p1n2/3P4/P1P1PN2/2Q2PPP/2R2RK1 b - -,f5e3 f2e3 d7c7 c3c4 c7e7 c2b3 d5c4 c1c4 d8c8 c4c1,-26
3rr1k1/1pq1np1p/p2b2pB/6N1/4Q1P1/2P4P/PP3P2/3R1RK1 b - -,e7f5 g4f5 e8e4 g5e4 g6f5 e4f6 g8h8 f1e1 d6e7 d1d8,-160
8/4r1k1/2pn3p/p2p2p1/Pp1P1pP1/1P1K1P2/2P3NP/2R5 b - -,,0
3r2k1/1p1r1p1p/1Q1P1qp1/p2R4/P2R4/8/1P3PP1/6K1 b - -,d8c8 d4d1 c8c2 d5d2 c2d2 d1d2 f6f4 b6a5 d7d6 d2d6,40
8/5pp1/2R1kn2/5r2/8/6K1/7P/8 b - -,e6d7 c6c1 f6h5 g3h4 g7g6 c1e1 f5a5 h4g4 h5g7 h2h4,-566
r4rk1/pbqnppbp/1ppp1np1/6B1/2PPP3/2N2N1P/PPQ1BPP1/R2R2K1 b - -,b6b5 c4c5 d6c5 e4e5 c5d4 c3b5 c7b8 e5f6 e7f6 b5d4,52
7Q/5p2/5K2/2k1P3/8/8/8/q7 b - -,,0
8/8/8/1Q3pkp/1P6/6P1/q7/6K1 b - -,,0
r1b2rk1/p3qpbp/1p3np1/2pPp1B1/4P3/2P2NP1/P4PBP/1RQ1R1K1 b - -,c8d7 c3c4 e7d6 g5d2 f6e8 f3h4 d6c7 f2f4 f7f6 f4f5,67
8/8/2k1K3/3RP2r/8/8/8/8 b - -,c8d7 c3c4 e7d6 g5d2 f6e8 f3h4 d6c7 f2f4 f7f6 f4f5,Mate
8/2R3kp/6p1/8/4N2P/1q1PQ3/5PP1/6K1 b - -,c8d7 c3c4 e7d6 g5d2 f6e8 f3h4 d6c7 f2f4 f7f6 f4f5,Mate
r1bq1rk1/p5pp/1p1bp3/2pn1B2/2PP4/5NB1/PP3PPP/R2QK2R b KQ -,e6f5 g3d6 d8d6 c4d5 c8a6 f3e5 a8c8 d1a4 c5d4 f2f4,-183
5rk1/4Qp1p/8/pp1p2p1/2pP4/P1P4P/1P1q2P1/5RK1 b - -,g5g4 h3g4 b5b4 a3b4 a5b4 f1f5 f7f6 e7e6 g8h8 f5f2,78
r3Nr2/pp3pBp/3p2pk/8/4P3/1P6/1PPq1PPP/R4RK1 b - -,h6g5 e8f6 g5f4 g7h6 g6g5 f1d1 d2d1 a1d1 f4e5 h6g5,629
rnbq1rk1/pp4pp/8/2bPp3/8/2N1P1pP/PP4B1/RNBQ2KR b - -,b8a6 c3e4 d8b6 e4g3 b6g6 g3e4 c5b4 b1c3 a6c5 e4c5,238
8/8/8/8/k7/1R6/P2q4/1K6 b - -,d2d1 b1b2 d1e2 b2c3 e2a2 b3b4 a4a5 b4d4 a5b5 c3d3,-249
3rr1k1/pp3qpp/2p1p3/5p2/1PPPnN2/P4P1P/1B2Q1P1/3R2K1 b - -,e4d6 c4c5 d6c8 f4d3 c8e7 d3e5 f7f6 e5c4 e7d5 e2d2,-156
8/1n2r1k1/2p4p/p2p2p1/Pp1P1pP1/1PPK1P2/6NP/2R5 b - -,,0
8/3k1pp1/5n2/5r2/8/6K1/7P/2R5 b - -,f6h5 g3g4 g7g6 c1e1 h5g7 g4h3 f5a5 e1f1 d7e7 h3g2,-577
rn1q1rk1/pp3ppp/3pbn2/4p3/1b2P3/1NNB4/PPPB1PPP/R2Q1RK1 b - -,,0
8/8/8/4R3/3p3p/3K4/PP4k1/8 b - -,b8c6 f1e1 a8c8 a2a3 b4c3 d2c3 f6d7 a3a4 d7c5 d3f1,Mate
rn3rk1/p4pp1/1qp1p1b1/4N2p/1b1PPQ1P/3B1NP1/2p2P2/R4RK1 b - -,c6c5 d4c5 b4c5 d3c2 a7a5 f4g5 b6a7 c2a4 c5e7 g5f4,28
3r4/6p1/p3R1kp/npp3N1/7P/2P5/PP3PP1/6K1 b - -,g6h5 g5e4 a5c4 f2f3 h5h4 e6g6 c4e5 g6g7 d8f8 e4c5,418
8/1N3R2/2k1p1pp/4Kn2/1P6/8/6rP/8 b - -,c6b5 b7d8 g2h2 f7b7 b5c4 d8e6 f5e7 b7c7 c4b4 c7e7,-10
5r2/b3qpk1/3p3p/3BpQpP/KP2P3/2P2RP1/5P2/8 b - -,a7b8 a4b3 b8c7 d5c4 c7d8 f3d3 e7c7 d3d2 d8f6 c4d5,335
r1bqkb1r/ppp2ppp/4n3/4p3/2B5/4BQ2/PPPN1PPP/R3K2R b KQkq -,f8d6 e1a1 e8h8 d2e4 g8h8 e4d6 c7d6 f3d5 d8c7 c4b3,35
rn2k2r/1b1pb1pp/1q2p3/4P3/2B5/2N2N2/PP1Q1PPP/R3K2R b KQkq -,b7f3 g2f3 b6c5 c4b5 c5e5 d2e3 e5f5 b5d3 f5a5 a2a4,29
r2qr1k1/p4ppp/1ppb1n2/3p4/P5b1/2N1PB2/1PPB1PPP/R2QR1K1 b - -,g4f3 d1f3 e8e6 h2h3 d8e7 c3e2 f6e4 d2c3 e4c3 b2c3,-98
8/1n2r1k1/2p4p/p2p2p1/P2P1pP1/1PRK1P2/6NP/8 b - -,b7d8 c3c1 e7c7 g2e1 d8e6 c1b1 h6h5 h2h3 h5g4 h3g4,-10
8/3k1pp1/8/5r1n/7K/8/7P/2R5 b - -,g7g6 c1e1 h5f4 h4g3 f4e6 e1a1 d7e7 a1a7 e7f6 a7a3,-577
r1bq1rk1/p5pp/1p1B4/2pn1p2/2PP4/5N2/PP3PPP/R2QK2R b KQ -,d8d6 c4d5 c8a6 f3e5 a8c8 d1b3 c5d4 f2f4 f8d8 e1f2,-210
r1b2rk1/pp1nppbp/1qppP1p1/3n4/3P1B2/1P3NP1/P1PN1PBP/R2QK2R b KQ -,d5f4 g3f4 f7e6 d1e2 d7f6 g2h3 f6h5 h3e6 g8h8 e6c8,-305
7Q/4Kp2/8/2k1P3/8/8/8/5q2 b - -,,0
1r1qr1k1/2p3pp/p4p2/2PR2B1/4N3/1Pb2Q2/P4PPP/4R1K1 b - -,g8h8 d5d8 b8d8 f3c3 e8e4 e1e4 f6g5 f2f3 d8g8 e4e7,624
2rr2k1/pp3pp1/8/6P1/P3Pn2/5PK1/1P6/R4B1R b - -,d8d4 g3f4 d4b4 a1d1 g7g6 h1h2 g8g7 f4e3 b4a4 f1d3,495
r4r1k/p2q2b1/3p3p/2p2n2/2P1QB2/2N1p3/PP4PP/4RRK1 b - -,g7d4 g1h1 a8e8 e4d5 d7g7 c3e2 d4b2 f4d6 f5d6 d5d6,-69
r1bqk2r/ppp2ppp/2nb1n2/3pN3/3Pp3/1PNBP3/P1P2PPP/R1BQ1RK1 b kq -,c6e5 d4e5 d6e5 c1b2 e4d3 d1d3 c7c6 f2f4 e5c7 a1e1,-428
r2qnrk1/1ppbppbp/p5p1/3Pp3/P1B1P3/2N1BQ1P/1PP2PP1/R4RK1 b - -,g8h8 f3e2 e8d6 a4a5 f7f5 f2f3 f5f4 e3d2 h7h5 c3a4,47
4k3/7Q/2r5/5K2/8/8/8/8 b - -,e8d8 f5e5 d8c8 e5d5 c6c7 h7e4 c8d8 e4f5 d8e7 f5h7,9605
2r2rk1/ppqbbppp/2nppn2/8/3PP3/5NP1/PP3PBP/R1BQRNK1 b - -,c7b6 a2a3 d6d5 e4d5 e6d5 f3e5 d7e6 e5c6 c8c6 f1e3,-32
3r4/6p1/R6p/npp2kN1/7P/2P5/PP3PP1/6K1 b - -,h6g5 a6a5 d8b8 h4g5 f5f4 a5a7 g7g6 a7c7 c5c4 c7d7,425
r1bqkb1r/3ppp1p/p1p2np1/4P3/2P5/2N5/PP3PPP/R1BQKB1R b KQkq -,f6e4 c3e4 f8g7 f1e2 g7e5 e1h1 e8h8 c1h6 f8e8 e4g3,366
8/8/8/8/k7/1R6/P3q3/1K6 b - -,e2d2 b3h3 d2e1 b1b2 e1e2 b2c3 e2e5 c3d2 e5b2 d2e1,-253
r4r2/pp3pBp/3p1Np1/6k1/4P3/1P6/1PPq1PPP/R4RK1 b - -,g5h4 a1d1 d2c2 d1d4 c2e2 e4e5 h4g5 f2f4 g5f5 g2g4,689
8/3k1p2/6p1/5r1n/7K/8/7P/3R4 b - -,d7e7 d1e1 e7f6 e1b1 f5a5 b1b6 f6g7 b6b7 a5a3 h4g4,-577
4r1k1/pp3ppp/2p2n2/8/2P1P3/qB3P1P/Q3KP2/3R4 b - -,a3c5 d1d3 h7h6 a2d2 a7a5 h3h4 c5e5 d3d8 e8d8 d2d8,-253
rn2kb1r/pp2pppp/2p5/8/3qP1Q1/2NP4/PPP2PPP/R1B1K2R b KQkq -,d4d7 g4d7 b8d7 a2a4 e7e5 c3b1 f7f6 b1d2 d7c5 d2c4,207
2r2rk1/1p1q1pp1/p4n1p/3pBn2/3P4/P1P1PN2/2Q2PPP/2R2RK1 b - -,f6e4 f3d2 e4c3 c2d3 c3a4 e3e4 f5e7 h2h3 e7c6 e5g3,-16
8/8/8/8/3p3R/3K4/PP6/6k1 b - -,f6e4 f3d2 e4c3 c2d3 c3a4 e3e4 f5e7 h2h3 e7c6 e5g3,Mate
1b3r2/4qpk1/3p3p/1K1BpQpP/1P2P3/2P2RP1/5P2/8 b - -,b8a7 b5a4 a7b6 a4b3 b6a7 d5c4 a7b6 f3d3 f8d8 f2f4,339
3rr1k1/pp3qpp/2p1p3/4Qp2/1PPP1N2/P4PnP/1B4P1/3R2K1 b - -,d8d7 f4d3 g3h5 a3a4 d7d8 g1h2 h7h6 d1e1 d8c8 b2c1,-115
8/p5k1/2r1pp2/3p2p1/3P1qP1/1P6/P3Q1P1/3R3K b - -,f4e4 e2e4 d5e4 b3b4 f6f5 g4f5 e6f5 d4d5 c6d6 b4b5,-213
5R2/p6p/2Br1k2/2b5/2Q3b1/8/PqP2PPP/6K1 b - -,f6g7 f8g8 g7f6 c4f4 g4f5 g2g4 b2c2 g8f8 f6g7 f4e5,Mate
r1bqk2r/ppp2ppp/3bn3/4p3/2B5/4BQ2/PPPN1PPP/2KR3R b kq -,d8e7 c4b5 c8d7 f3b7 e8h8 b5d7 e7d7 b7a6 e6c5 e3c5,81
2rq4/p3p1bk/1p1r2pp/5p2/QPNP4/4PN2/P5PP/R3R1K1 b - -,c8c4 a4a7 c4b4 a7a3 b4b5 a3d3 b5a5 d3b3 d8g8 h2h3,-23
7r/4P1K1/4k3/8/8/8/5R2/8 b - -,c8c4 a4a7 c4b4 a7a3 b4b5 a3d3 b5a5 d3b3 d8g8 h2h3,Mate
rn3rk1/p4pbp/2pp1qp1/1p2p1Bn/3PP3/P1N2P2/1PPQ1P2/2KR1B1R b - -,f6g5 d2g5 h7h6 g5e3 b5b4 c3e2 b8d7 a3b4 f8b8 e3a3,553
8/8/7p/4k1P1/5pP1/5K2/5P2/8 b - -,h6g5 f3e2 e5d4 e2d2 d4c4 d2c2 f4f3 c2d2 c4d4 d2c2,Mate
r1b2rk1/pp3ppp/2nqpn2/3p4/2P5/2N1PN1P/PP3PP1/R2QKB1R b KQ -,,0
8/8/8/8/8/5R1k/5Kn1/8 b - -,h3h2 f3a3 g2h4 a3g3 h4f5 g3g5 f5h4 g5g7 h2h3 g7g3,12
r2qr1k1/pb1nppbp/1p3np1/2pp4/P2P1B2/2P1PN1P/1P1NBPP1/R2QR1K1 b - -,e7e6 a4a5 b7c6 d1c2 d8e7 f4h2 c5c4 b2b3 b6b5 a5a6,41
3rr1k1/1pq1np1p/p5pB/8/4N1P1/2PQ3P/PP3PKb/3R1R2 b - -,h2e5 d3f3 c7c6 h6g5 d8d1 f1d1 f7f5 e4d2 e5g7 g5e7,184
6b1/R6P/8/8/3p1kP1/3P4/p7/6K1 b - -,g8h7 g1f2 h7d3 a7a2 f4g4 a2d2 d3e4 d2d4 g4f4 d4b4,13
4r1k1/pp3rpp/2p2pn1/7q/3N4/2P3Q1/PP1B4/2K3R1 b - -,c6c5 d4b5 e8d8 b5d6 f7d7 d6e4 h5d5 g3f3 d7e7 g1e1,-590
r3q1k1/1pp3p1/p1n1b2p/3pp3/7N/P2PPQN1/1PP3PP/5RK1 b - -,e8f7 g3f5 f7f6 e3e4 a8d8 e4d5 e6d5 f3g3 e5e4 g3c7,17
8/8/8/7k/8/1p6/b7/K7 b - -,h5h4 a1b2 h4h3 b2a1 h3g2 a1b2 g2f1 b2a1 f1e2 a1b2,-6
3r4/6p1/R3N2p/1pp2k2/2n4P/2P5/PP3PP1/6K1 b - -,d8d5 b2b4 c4d6 e6c5 g7g5 h4g5 d5d1 g1h2 h6g5 a2a4,423
8/4kp2/6p1/5r1n/8/7K/7P/3R4 b - -,f5g5 h3h4 g5f5 h4g4 e7f6 d1b1 f5f4 g4h3 f6g5 h3g2,-649
3n4/4r1k1/2p4p/p1Rp2p1/P2P1pP1/1P1K1P2/6NP/8 b - -,e7b7 d3c3 b7e7 c3d3 e7a7 c5c1 a7c7 g2e1 d8e6 c1b1,-1
r1bq1rk1/ppp2ppp/3bn3/4p3/2B1N3/4BQ2/PPP2PPP/2KR3R b - -,g8h8 e4d6 c7d6 f3d5 d8c7 c4b3 e6c5 d5d6 c7d6 d1d6,35
1r3k2/p3Rppp/8/8/1P1p4/3P3P/r4PP1/4R1K1 b - -,g7g6 e1e4 b8b4 e7e8 f8g7 e4f4 b4b6 e8d8 b6f6 d8d4,-20
2kr3r/pp1n1pp1/1qp1p1p1/3n2P1/4N3/3RP2P/PPP1Q1B1/1K5R b - -,d7e5 d3b3 b6a5 a2a3 d5e7 b3c3 e7f5 e2f2 f5d6 h3h4,-107
r2qr1k1/1pp2pp1/p1n2n1p/8/2BP4/P2Q1N1P/1PP3P1/R3R1K1 b - -,e8e7 c4a2 e7e1 a1e1 d8d7 f3e5 c6e5 d4e5 a8e8 g1f2,50
4k3/7Q/5K2/8/8/8/8/2r5 b - -,c1f1 f6e5 f1e1 e5d6 e1d1 d6c6 d1c1 c6b7 c1f1 h7e4,9605
r1br2k1/pp3ppp/2nqp3/3n4/8/2N1PN1P/PPQ2PP1/R3KB1R b KQ -,c6b4 c2b3 d5c3 b2c3 b4a6 b3c2 a6c5 f1e2 c8d7 e1h1,-63
4r1k1/1pp1r1p1/4pq1p/p2pRb2/PP1P4/2P1Q2P/3N1PP1/4R1K1 b - -,a5b4 c3b4 e8f8 d2f1 e7f7 a4a5 c7c6 e3d2 f6h4 e1e2,119
6k1/pp4pp/4Qpq1/3p4/2pP4/P5PP/1P4P1/6K1 b - -,g6f7 e6c8 f7f8 c8b7 f8d6 b7a8 g8f7 a8a7 f7f8 g1h2,Mate
8/8/8/8/6k1/1p6/bK6/8 b - -,g4f4 b2a1 f4g3 a1b2 g3h2 b2c3 h2g2 c3b2 g2g1 b2a3,-6
rn1qkb1r/pp1b1ppp/3Pp3/3n4/2Bp4/2P2N2/PP3PPP/RNBQK2R b KQkq -,f8d6 e1h1 e8h8 c3d4 d7c6 b1c3 d5c3 b2c3 d8c7 c4b3,-46
r1bqk2r/1pP2ppp/p1p5/8/8/2N1n3/PPP2PPP/R1B1K1NR b KQkq -,e3c2 e1f1 d8d3 g1e2 c2a1 f2f3 e8h8 f1f2 f8e8 g2g4,-1394
1r6/pp2kppp/4b3/8/8/2N5/PP2KPPP/3R4 b - -,b8c8 d1d4 e6d7 d4b4 d7c6 f2f3 c8e8 b4d4 e7f6 e2f2,-6
r1b1k1qr/pp2n1pp/2n1p3/3pPpN1/2pP3P/P1P3Q1/2P1BPP1/1RB2RK1 b kq -,h7h6 g5h3 g7g6 h3f4 g8f7 a3a4 b7b6 e2f3 c8a6 f1e1,52
8/7b/8/8/3p1kP1/3P4/R7/6K1 b - -,f4g4 g1f2 h7d3 a2a4 d3g6 a4d4 g4f5 f2e3 f5e6 d4d8,11
8/4Kp2/8/3kP2Q/8/8/8/5q2 b - -,d5c6 h5f7 f1c1 f7e6 c6b7 e6d5 b7c7 e5e6 c1f1 d5e5,319
r1b4r/pppnkppp/8/8/3P4/3BP3/PP1N2PP/R4RK1 b - -,c7c6 d2e4 d7b6 f1f3 f7f6 a2a3 b6d5 a1e1 h7h5 e4c5,49
3n4/1r4k1/2p4p/p1Rp2p1/P2P1pP1/1PK2P2/6NP/8 b - -,,0
8/4kp2/6p1/6rn/7K/8/7P/3R4 b - -,g5g2 h2h3 e7f8 d1d7 g2f2 d7d4 f8g7 h4g4 g7h6 h3h4,-1292
r1br2k1/pp3ppp/3qp3/3n4/1n6/1QN1PN1P/PP3PP1/R3KB1R b KQ -,d5c3 b2c3 b4a6 f1e2 a6c5 b3c2 c8d7 e1h1 d7a4 c2b2,-53
bqrr2k1/p4ppp/Pp2pn2/1Nb5/2PNn3/4P1P1/1B3PBP/Q1RR2K1 b - -,e4f2 g2a8 f2d1 a8b7 d1e3 b2a3 h7h5 a3c5 c8c5 d4c6,-306
2r2r2/7k/7p/2R1Pq2/3p4/1P4P1/P5P1/2Q2RK1 b - -,f5f1 c1f1 f8f1 g1f1 c8c5 f1e2 c5e5 e2d3 e5e3 d3d4,-839
5rk1/pppr1pp1/2np3p/4p3/2P1P2N/2P4P/P1P2PP1/R4RK1 b - -,g7g6 h4f3 b7b6 f3d2 c6a5 a1b1 g8g7 f2f3 d7e7 f1e1,-161
r2qr1k1/1b1nppbp/pp3np1/2ppN3/P2P1B2/2P1P2P/1P1NBPP1/R2QR1K1 b - -,d7e5 f4e5 g7f8 e5g3 e7e6 e2d3 f6h5 g3e5 h5f6 e5f4,14
r4rk1/1b1Nppbp/1qp3p1/pp1n4/3P4/P2B3P/1PP2PPB/R2Q1RK1 b - -,b6d8 d7f8 d8f8 c2c3 b7c8 f1e1 a5a4 d3e4 c8e6 e4f3,258
8/8/6pp/4k3/5pPP/5K2/5P2/8 b - -,e5e6 f3f4 e6f6 f4e4 g6g5 h4g5 f6g5 f2f3 g5g6 e4d5,785
2r3k1/1p1r1p1p/3P1qp1/Q2R4/P2R4/8/1P3PP1/6K1 b - -,c8c2 a5e1 c2b2 g2g3 b2c2 d4d2 c2c8 g1g2 g8g7 e1d1,54
8/8/8/8/8/1p3k2/b7/K7 b - -,f3f4 a1b2 f4g5 b2a3 g5g6 a3b2 g6f6 b2a3 f6e5 a3b2,-6
r1b2Bk1/pp1p1p1p/4pnp1/3Pb3/4P3/2NB3P/Pq3PP1/R2Q1RK1 b - -,b7b6 f8e7 b2c3 a1c1 c3a5 f2f4 e5b2 d5e6 d7e6 c1c2,267
r3k2r/pp2bpQp/2n1b3/q1ppP3/5B2/2P2N2/PPP3PP/R3KB1R b KQkq -,e8a8 g7h6 d5d4 f4d2 d4c3 d2c3 c6b4 h6c1 a5a4 b2b3,-160
8/8/7p/4k1pP/5pP1/5K2/5P2/8 b - -,e8a8 g7h6 d5d4 f4d2 d4c3 d2c3 c6b4 h6c1 a5a4 b2b3,Mate
5r2/1p2b1k1/1qp1b2p/r2pPpp1/p7/3NPPP1/PPRQ2BP/5R1K b - -,d5d4 e3d4 a5d5 d3c1 d5d4 d2e3 f8d8 c1e2 d4b4 e3b6,-203
4rr1k/p2q2b1/3p3p/2p2n2/2P2B2/2NQp3/PP4PP/4RRK1 b - -,d7b7 e1e2 g7d4 c3d5 b7g7 g1h1 g7g6 d3d1 h6h5 f1f3,-80
5r2/b3qpk1/2Kp3p/3BpQpP/1P2P3/2P2RP1/5P2/8 b - -,e7d8 f5f7 f8f7 f3f7 g7h8 f7a7 g5g4 a7a6 d8c8 c6b6,434
8/4kp2/6p1/7n/7K/3R4/6rP/8 b - -,h5f4 d3g3 g2g3 h4g3 f4h5 g3f3 e7f6 f3g4 f6e6 g4g5,-9605
4r1k1/pp3ppp/2p2n2/8/2P1P3/5P1P/B3KP2/3R4 b - -,g8f8 e2e3 a7a5 d1b1 e8b8 c4c5 f6d7 e3d4 g7g6 f3f4,-176
8/8/8/8/8/1p6/bK2k3/8 b - -,e2d1 b2a1 d1e1 a1b2 e1f1 b2a3 f1g2 a3b2 g2g3 b2c1,-5
6k1/3P4/p7/1p6/7p/1PP2r2/P1K5/R1B1r3 b - -,e1e2 c2d1 f3d3 d1e2 d3d7 c1e3 d7h7 a1h1 g8f7 h1h3,459
1r2r1k1/2p3pp/p4b2/2PQ2B1/8/1P6/P4PPP/4R1K1 b - -,g8h8 e1e8 b8e8 g2g4 e8d8 d5f5 f6g5 f5g5 d8d4 g5e7,Mate
5rk1/1Q1b2pp/3b1q2/pp3p1P/1p1P4/4P3/PP2NP2/1KR5 b - -,d7e8 b7f3 a5a4 b1c2 f6e7 h5h6 e7e4 f3e4 f5e4 c2d1,-510
r1b4r/ppp1kppp/5n2/8/P2P4/3BP3/1P1N2PP/R4RK1 b - -,a8b8 a4a5 h8d8 f1c1 e7f8 d2f3 f6d5 g1f2 c7c6 a1a4,43
8/8/7p/p3k1p1/1p1p2P1/1P3P1b/P1N1K3/8 b - -,,0
4k3/7Q/8/5K2/8/8/8/4r3 b - -,e1b1 f5e6 b1b6 e6d5 e8f8 h7d7 b6h6 d7f5 f8g7 f5g5,9605
r1b2rk1/p1q2pbp/1p3np1/2pPp1B1/4P3/2P2NPP/P4PB1/1RQ1R1K1 b - -,g8h8 a2a4 f6e8 c3c4 f7f6 g5d2 e8d6 b1a1 c8d7 g2f1,50
8/8/7p/6pP/3k1pP1/8/4KP2/8 b - -,g8h8 a2a4 f6e8 c3c4 f7f6 g5d2 e8d6 b1a1 c8d7 g2f1,Mate
r1br2k1/pp3ppp/3qp3/3n4/8/4PN1P/PPQ2PP1/R3KB1R b KQ -,d6b4 f3d2 c8d7 f1c4 a8c8 c2b3 b4a5 b3a3 a5a3 b2a3,-225
8/8/2p5/1p3p1p/1P6/3k2P1/Q7/6K1 b - -,d3e3 a2e6 e3d2 e6f5 d2e3 f5c5 e3e2 c5c6 e2e3 c6b5,1236
r4rk1/p2q1p1p/2nb4/1p1p3B/2pP2Q1/1PP5/P4P1P/RN3RK1 b - -,d7g4 h5g4 a8b8 g4f3 c6e7 a2a4 c4b3 a4b5 b8b5 a1a7,-85
r2r2k1/pp2qppp/2n1b3/8/3Np3/4P3/PP1QBPPP/R2R2K1 b - -,c6d4 e3d4 e6d5 h2h3 h7h6 b2b3 d8d6 a1c1 a8d8 d2e3,-20
6k1/1p1r1p1p/3P1qp1/Q2R4/P7/8/1P3PP1/2rR2K1 b - -,c1d1 d5d1 d7d6 d1d6 f6d6 a5e1 h7h5 b2b4 g6g5 a4a5,36
r3r1k1/p2q1ppp/1ppb1n2/3p4/P5B1/2N1P3/1PPB1PPP/R2QR1K1 b - -,f6g4 h2h3 d6h2 g1f1 g4f6 c3e2 f6e4 e2c3 e4d6 c3e2,-91
4k3/7Q/8/8/4K3/8/8/5r2 b - -,f1b1 e4d5 b1b6 h7c7 b6g6 d5e5 g6g3 c7c6 e8f7 c6c4,20000
4qr2/b2Q1pk1/2Kp3p/3Bp1pP/1P2P3/2P2RP1/5P2/8 b - -,e8d7 c6d7 g5g4 f3f5 f7f6 d7d6 f8d8 d6c7 d8b8 c7c6,624
8/4kp2/6p1/8/5n1K/6R1/6rP/8 b - -,e8d7 c6d7 g5g4 f3f5 f7f6 d7d6 f8d8 d6c7 d8b8 c7c6,Mate
r2qk2r/4nppp/1pn1p3/p2pP3/P1pP2PP/2B2N2/1PP1QP2/2KR3R b kq -,d8d7 h4h5 c6b4 h5h6 g7h6 h1h6 d7a4 d1h1 h8g8 h6h7,-80
r1bqk1nr/1pp1ppbp/p1np4/7Q/3PP3/2N1B3/PPP2PP1/R3KBNR b KQkq -,,0
r7/pp3pkp/3R1pp1/q7/2Q1P3/2P3P1/PP3P1P/1K6 b - -,a8e8 d6d7 e8f8 a2a4 a5h5 b1a2 h5h2 c4d4 b7b6 d7a7,262
r4rk1/p4p1p/2nb4/1p1p4/2pP2B1/1PP5/P4P1P/RN3RK1 b - -,a8b8 g4f3 c6e7 f1d1 g8h8 a2a4 f8g8 g1f1 b5b4 b3c4,-94
4k3/7Q/8/8/8/5K2/8/4r3 b - -,e1e7 h7g8 e8d7 g8d5 d7c7 f3f4 c7c8 d5c6 e7c7 c6e8,235
6k1/1p1r1p1p/3P1qp1/Q7/P7/8/1P3PP1/3R2K1 b - -,f6b2 a5c5 g8g7 a4a5 b2f6 d1d4 f6e6 g2g3 h7h5 c5c3,37
4r2k/2p3pp/p4B2/2PQ4/8/1P6/P4PPP/6K1 b - -,f6b2 a5c5 g8g7 a4a5 b2f6 d1d4 f6e6 g2g3 h7h5 c5c3,Mate
r5k1/1pp2qp1/p1n1b2p/3pp3/7N/P2PP1N1/1PP3PP/3Q1RK1 b - -,f7d7 d1f3 d7f7 g3f5 f7f6 e3e4 a8d8 e4d5 e6d5 f3g3,19
r2br1k1/pp4p1/2bpqNP1/Pnp5/4P2Q/3P4/1P1B2PP/4RR1K b - -,d8f6 d2g5 g8f8 g5f6 e8e7 h4h8 e6g8 f6h4 f8e8 h8g8,Mate
8/4kp2/6p1/8/5n2/6K1/7P/8 b - -,d8f6 d2g5 g8f8 g5f6 e8e7 h4h8 e6g8 f6h4 f8e8 h8g8,Mate
5k2/pp4pp/3Q1pq1/3p4/2pP4/P5PP/1P4P1/6K1 b - -,f8f7 d6d5 f7e8 d5e6 e8d8 g1h2 f6f5 e6c4 a7a6 c4b4,189
q4r2/b2Q1pk1/3p3p/1K1Bp1pP/1P2P3/2P2RP1/5P2/8 b - -,a8d5 e4d5 e5e4 f3f5 e4e3 f2e3 a7e3 d7d6 g5g4 d6c7,1285
2k4r/pppr2pp/4pn2/2b2b1B/3q4/5PN1/PPPB1RPP/R3Q1K1 b - -,d4d2 b2b4 d2e1 a1e1 c5b4 f2e2 f5c2 e2e6 c8b8 e1e5,-633
1r2R2k/2p3pp/p4b2/2PQ2B1/8/1P6/P4PPP/6K1 b - -,b8e8 g2g4 f6g5 d5g5 h7h6 g5f4 e8e1 g1g2 e1c1 b3b4,635
rn3rk1/p4pbp/2ppq1p1/1p1Pp1Bn/4P3/P1N2P2/1PPQ1P2/2KR1B1R b - -,e6f6 g5f6 h5f6 d5c6 b8c6 c1b1 b5b4 a3b4 f8d8 f1b5,596
r4r2/pp3pBp/3p1Np1/8/4P2k/1P6/1PPq1PPP/3R1RK1 b - -,d2c2 d1d4 h7h5 e4e5 h4g5 e5d6 c2c6 d4d5 c6d5 f6d5,605
r1b1k1qr/pp2n1p1/2n1p2p/3pPp2/2pP3P/P1P3QN/2P1BPP1/1RB2RK1 b kq -,g7g6 a3a4 b7b6 h3f4 g8f7 c1a3 h8g8 f1e1 c8d7 a3d6,49
8/6k1/5r2/7P/6PK/4R3/8/8 b - -,f6a6 e3e4 a6a7 e4c4 a7e7 g4g5 g7f7 c4f4 f7g7 h4g4,698
6k1/1p3p1p/3R1qp1/Q7/P7/8/1P3PP1/6K1 b - -,f6b2 d6d8 g8g7 a5c5 b2a1 g1h2 a1a4 c5f8 g7f6 d8d6,816
r2q1rk1/1ppbppbp/p2n2p1/3Pp3/P3P3/1BN1BQ1P/1PP2PP1/R4RK1 b - -,d8e8 f3e2 f7f5 f2f3 f5f4 e3d2 a6a5 c3b5 d7b5 a4b5,48
3r2k1/p2P1ppp/2p5/4Q3/5PP1/2P5/2b1K2P/8 b - -,g7g6 e5e8 d8e8 d7e8q g8g7 e8e5 f7f6 e5c7 g7f8 c7b8,845
r1b1k2r/1pq2ppp/p1p5/8/8/2N1B3/PPP2PPP/R3K1NR b KQkq -,c8f5 e1a1 e8h8 g1e2 a8d8 e2d4 f5g4 f2f3 g4h5 g2g4,-653
5rk1/pppr1p2/2np3p/4pNp1/2P1P3/2P4P/P1P2PP1/R4RK1 b - -,h6h5 f1d1 c6e7 f5e7 d7e7 a2a4 g8g7 a4a5 h5h4 f2f3,-69
r4rk1/pbqnppb1/1ppp1n1p/6p1/2PPP3/2N2NBP/PPQ1BPP1/R2R2K1 b - -,e7e5 g3h2 f8e8 a1c1 c6c5 d4e5 d6e5 c3d5 c7c8 h2g3,106
rn3rk1/p4pp1/1q2p1b1/2P1N2p/1b2PQ1P/3B1NP1/2p2P2/R4RK1 b - -,b6c5 f1c1 b8c6 e5d7 c5c3 d7f8 c3d3 f8g6 f7g6 f4c7,11
2rqr1k1/1b1nppbp/pp3np1/2ppN3/P2P1B2/1QP1P2P/1P1NBPP1/R3R1K1 b - -,c5c4 b3c2 d7e5 f4e5 f6d7 e5g7 g8g7 b2b3 c4b3 c2b3,14
4k3/4r3/8/8/8/3Q1K2/8/8 b - -,e7d7 d3b5 e8e7 b5e5 e7d8 e5b8 d8e7 f3e4 d7d6 b8c7,320
r1b1qrk1/ppp2pbp/n4np1/3Np1B1/2P1P3/3B1N1P/PP3PP1/R2QK2R b KQ -,f6d7 g5e7 c7c6 e7f8 e8f8 d5c3 d7c5 a2a3 c8e6 d3e2,90
8/4kp2/6p1/7n/6K1/8/7P/8 b - -,f6d7 g5e7 c7c6 e7f8 e8f8 d5c3 d7c5 a2a3 c8e6 d3e2,Mate
5rk1/3P4/p7/1p6/7p/BPP5/P1K5/R3r3 b - -,e1e2 c2d3 f8d8 a1g1 g8h8 d3e2 d8d7 a3c5 d7d5 c5d4,470
r3kb1r/ppp2ppp/8/3q4/8/5Q2/PPPP2PP/R1B2RK1 b kq -,f8c5 g1h1 d5f3 f1f3 e8a8 d2d3 h8e8 c1d2 e8e2 a1d1,-127
1Q2k3/pp4pp/5pq1/3p4/2pP4/P5PP/1P4P1/6K1 b - -,e8f7 b8b7 f7e6 b7c6 e6e7 c6d5 g6g3 d5c5 e7e8 c5c4,86
r1nr1b2/pb3kpp/2pp1p2/2P2N2/5B1P/6R1/PP3PP1/2KR1B2 b - -,c8b6 c5b6 d6d5 g3b3 a7b6 b3b6 b7c8 f5e3 a8a2 b6c6,676
r2qr1k1/1pp2pp1/p1n2n1p/8/2BP4/P2Q1N1P/1PP3P1/4RRK1 b - -,e8f8 c2c3 d8d6 f3h4 c6e7 c4a2 c7c5 d3e3 f8e8 d4c5,144
r2r2k1/pp1b1ppp/4p3/8/1n6/1B2P2P/PP1N1PP1/R3K2R b KQ -,d7b5 d2f3 a7a5 f3d4 b5a6 f2f4 b4d3 e1e2 d3f4 e2f3,-268
r4r2/pp3pBp/3p1Np1/8/3RP2k/1P6/1Pq2PPP/5RK1 b - -,c2e2 e4e5 h4g5 f2f4 g5f5 g2g4 e2g4 f6g4 f8d8 g4h6,671
1r2k3/3b2p1/p1p2np1/2Npp3/4P2q/P2Q4/1PP2P2/1K1R3B b - -,d5d4 d3a6 h4f2 a3a4 d7g4 a6c6 f6d7 c5d7 g4d7 c6d6,163
2r4k/4p3/7p/R5p1/3B4/1rb5/1P1R1PPP/6K1 b - -,c3d4 h2h4 d4f6 h4g5 h6g5 g1h2 c8b8 g2g3 b3b2 d2b2,-355
r3kb1r/pp3ppp/5n2/nN1p4/3PpN2/4P3/PP3PPP/R1B1K2R b KQkq -,e8d8 c1d2 a5c4 b5c3 f8b4 c3e4 d5e4 d2b4 c4b2 a1b1,11
3q4/p3p1bk/1p1r2pp/5p2/QPrP4/4PN2/P5PP/2R1R1K1 b - -,d6c6 c1c4 c6c4 a4a7 c4b4 h2h4 d8d6 a7a6 d6d5 h4h5,-29
8/4k3/6p1/5pKn/8/8/7P/8 b - -,d6c6 c1c4 c6c4 a4a7 c4b4 h2h4 d8d6 a7a6 d6d5 h4h5,Mate
8/3r2p1/R3N2p/1pp1nk2/7P/1PP2P2/P5P1/6K1 b - -,g7g5 e6c5 d7d1 g1f2 g5h4 a6h6 f5g5 h6h8 d1a1 c5e4,463
8/pp3pk1/5bp1/1Qp5/8/P3P3/1P5q/1K1R4 b - -,h2g2 d1d7 g6g5 b1c1 b7b6 b5c4 g2g1 c1d2 g1f2 c4e2,-46
r2r2k1/pp2qppp/4b3/8/3Pp3/8/PP1QBPPP/R2R2K1 b - -,e6d5 h2h3 h7h6 b2b3 d8d6 d2e3 a8d8 a1c1 f7f5 c1c5,-26
8/7p/5K1k/5N1q/8/8/8/8 b - -,,0
r1b2rk1/1pq2ppp/p1p5/8/8/2N1BN2/PPP2PPP/R3K2R b KQ -,h7h6 e1a1 c8f5 d1g1 b7b5 g2g4 f5g6 g4g5 h6h5 f3h4,-661
r1bq1rk1/pp2bppp/2n1p3/8/1n1P4/2N2N2/PP1BQPPP/RB3RK1 b - -,c6d4 f3d4 d8d4 f1d1 b4c6 b1e4 d4e5 f2f4 e5b8 d2e3,14
r1b1nrk1/p1q2pbp/1p4p1/2pPp1B1/4P3/2P3PP/P4PBN/1RQ1R1K1 b - -,,0
8/8/4k1p1/5p1n/7K/8/7P/8 b - -,f7f6 g5d2 c5c4 f2f4 e8d6 f4e5 f6e5 h2g4 h7h5 g4h6,Mate
2k2b1r/ppprp1pp/5n2/4qb2/8/1B3P2/PPPBN1PP/R2Q1RK1 b - -,e7e6 g1h1 f8d6 e2f4 e5b2 d1e1 e6e5 a2a4 f5c2 b3e6,-69
r3k2r/ppp2ppp/8/2bq4/8/5Q2/PPPP2PP/R1B2R1K b kq -,d5f3 f1f3 e8a8 d2d3 h8e8 c1d2 e8e2 a1d1 f7f6 b2b4,-146
3q1r2/b4Qk1/2Kp3p/3Bp1pP/1P2P3/2P2RP1/5P2/8 b - -,f8f7 f3f7 g7h8 f7a7 g5g4 a7b7 d8c8 c6b6 c8c3 b7b8,581
3r2k1/pppr1p2/2np3N/4p1p1/2P1P3/2P4P/P1P2PP1/R4RK1 b - -,g8f8 h6g4 f8e7 g2g3 e7e6 g1g2 f7f6 f1h1 d7h7 g4e3,28
8/3r2p1/R7/1pN1nk1p/7P/1PP2P2/P5P1/6K1 b - -,d7d2 c5e4 d2d1 g1f2 e5g4 f2e2 d1d5 a2a4 g4f6 e4d6,542
6B1/p6p/1pb1Rq1k/6p1/8/5N1P/PPP3P1/6K1 b - -,f6e6 g8e6 h6g7 e6c4 g7f6 c4d3 h7h6 g1f2 c6d5 f2e3,597
8/8/8/6p1/2k3P1/5p2/3K1P2/8 b - -,c4b3 d2e3 b3c3 e3f3 c3d3 f3g2 d3d4 g2f1 d4e4 f1e2,643
6k1/2p3p1/3q2Pp/p1r2p1P/8/5Q2/P4P2/5B1K b - -,d6c6 f3c6 c5c6 f1b5 c6c5 b5e8 g8f8 e8f7 c5c1 h1g2,-593
4k3/4r3/8/3K4/8/3Q4/8/8 b - -,,0
r1b1k1qr/pp2n3/2n1p1pp/3pPp2/P1pP3P/2P3QN/2P1BPP1/1RB2RK1 b kq -,g8f7 c1a3 b7b6 a3e7 e8e7 f1e1 e7d8 e2f3 h8g8 g3f4,74
3rr1k1/pp3qpp/2p1p3/4Qp1N/1PPP4/P4P1P/1B4P1/3R2K1 b - -,b7b5 h5g3 b5c4 d1c1 d8d5 e5e2 e6e5 d4e5 d5d3 g3f1,297
rn2kb1r/ppq2p2/4p1p1/3pPnPp/7P/2PB1P2/PP2N3/R1BQK2R b KQkq -,f5g7 c1e3 b8d7 d1a4 a7a6 f3f4 f8e7 c3c4 d5c4 a4c4,-47
8/pQ2k1pp/5pq1/3p4/2pP4/P5PP/1P4P1/6K1 b - -,e7d8 b7d5 d8e7 d5c5 e7e8 c5c8 e8e7 c8c7 e7e8 c7b8,361
r5k1/1pp2qp1/p1n1b2p/3ppN2/7N/P2PPQ2/1PP3PP/5RK1 b - -,f7f6 e3e4 a8d8 e4d5 e6d5 f3g3 e5e4 g3c7 g8h7 h2h3,18
3r2k1/p2PQppp/2p5/8/5PP1/2P5/2b1K2P/8 b - -,f7f6 e3e4 a8d8 e4d5 e6d5 f3g3 e5e4 g3c7 g8h7 h2h3,Mate
8/8/6p1/3k1p1n/8/7K/7P/8 b - -,f7f6 e3e4 a8d8 e4d5 e6d5 f3g3 e5e4 g3c7 g8h7 h2h3,Mate
3q4/b4Rk1/2Kp3p/3Bp1pP/1P2P3/2P3P1/5P2/8 b - -,g7h8 f7a7 g5g4 a7a6 d8c8 c6b6 c8c3 a6a8 h8g7 b4b5,323
r1b2r1k/1p4pp/p1n2n2/q1b1p3/8/1QN2NB1/PP2BPPP/R4RK1 b - -,,0
8/8/8/8/5R2/8/PP4k1/4K3 b - -,g2g3 a2a4 g3f4 a4a5 f4e3 a5a6 e3d3 a6a7 d3c4 a7a8q,1689
3rr1k1/pp4pp/2p1p3/3PQp1q/1PP5/P4P1P/1B4P1/3R2K1 b - -,,0
r1b2rk1/pp2bppp/4p3/8/1n1q4/2N1B3/PP2QPPP/RB3RK1 b - -,d4e5 f1d1 b4d5 c3d5 e6d5 e2d3 g7g6 d3d5 e5d5 d1d5,-8
r3k2r/ppp2ppp/8/2b5/8/5R2/PPPP2PP/R1B4K b kq -,e8a8 d2d3 h8e8 c1d2 f7f6 b2b4 e8e2 a1d1 c5f2 a2a4,-154
rn3rk1/p4pbp/2pp2p1/1p2p1Bn/3PP3/P1N2q2/1PPQBP2/2KR3R b - -,f3f6 g5f6 h5f6 d4e5 d6e5 d2e3 b8d7 c1b1 f8e8 d1d6,561
rn3rk1/p4pp1/1q2p1b1/2b1N2p/4PQ1P/5NP1/2B2P2/R4RK1 b - -,a7a5 a1b1 b6a7 c2a4 g6h7 f3g5 c5d6 f1d1 d6e5 f4e5,30
r3k2r/pp2bppp/2n1b3/q1ppP1N1/5B2/2P3Q1/PPP3PP/R3KB1R b KQkq -,c5c4 g5e6 f7e6 a2a3 e8h8 e1a1 g8h8 f1e2 d5d4 e2c4,-43
6k1/1p3p1p/3q2p1/Q7/P7/6P1/1P3P2/6K1 b - -,d6d7 b2b4 h7h5 g1h2 h5h4 a5b6 h4h3 b6b5 d7b5 a4b5,17
3q3k/R7/2Kp3p/3Bp1pP/1P2P3/2P3P1/5P2/8 b - -,g5g4 a7a6 d8c8 c6b6 c8d8 b6b5 d8d7 a6c6 d7b7 c6b6,524
5n1k/p1pb1Q1p/5q2/3p4/3b4/2B2P1R/P1P4P/4K1R1 b - -,g5g4 a7a6 d8c8 c6b6 c8d8 b6b5 d8d7 a6c6 d7b7 c6b6,Mate
8/8/4N3/8/4K1k1/8/B7/8 b - -,g4h5 e4f5 h5h6 a2b1 h6h7 f5g5 h7g8 g5g6 g8h8 b1d3,163
8/8/6p1/5p1n/4k3/8/6KP/8 b - -,g4h5 e4f5 h5h6 a2b1 h6h7 f5g5 h7g8 g5g6 g8h8 b1d3,Mate
r1b1kb1r/1p3ppp/pnq5/4p3/8/2P5/PP2BPPP/RNBQ1RK1 b kq -,c8e6 f1e1 f7f5 b2b3 f8d6 c3c4 e5e4 b1c3 e8h8 c1e3,-43
r2q1rk1/3nbppp/b3p3/p2n4/Np1PN3/1P4P1/PB3PBP/2RQR1K1 b - -,a6b5 a4c5 a8a7 h2h4 h7h6 e4d2 a7c7 d2e4 f8e8 a2a4,-25
5k2/3R4/6r1/4P3/3K4/8/8/8 b - -,,0
8/4r1k1/2pn3p/pp1p1Pp1/3P4/PP1KNP2/2P4P/R7 b - -,,0
r3r1k1/pp4p1/2bpqbP1/Pnp3B1/4P2Q/3P4/1P4PP/4RR1K b - -,g7f6 a3a4 b5b4 e3g4 f6f5 g4h6 f5f4 a1g1 e7e6 h6g4,Mate
2kr3r/1ppqbppp/p1npb3/8/PP6/2PBBN2/2PQ1PPP/R4RK1 b - -,e6d5 d3e2 d5f3 e2f3 c6e5 f3e2 d7e6 b4b5 a6a5 b5b6,146
3q4/pp3pkp/5pp1/3Q4/4P3/2P3P1/PP3P1P/1K6 b - -,d8c8 a2a4 b7b6 b1a2 g6g5 e4e5 c8h3 e5f6 g7f6 a4a5,141
8/8/6p1/5p1n/8/4k3/7P/5K2 b - -,d8c8 a2a4 b7b6 b1a2 g6g5 e4e5 c8h3 e5f6 g7f6 a4a5,Mate
r3r1k1/p4ppp/1ppb1n2/3p4/P5Q1/2N1P3/1PPB1PPP/R3R1K1 b - -,,0
8/p1r3kp/4pp2/3p2p1/3P1qP1/1P3P2/P3Q1P1/3R3K b - -,,0
8/6p1/R7/1pN1nk1p/7P/1PP2P2/P5PK/3r4 b - -,d1d5 c5e6 d5d7 h2g3 e5d3 e6d4 f5e5 a6e6 e5d5 e6g6,548
1k5r/ppp3r1/5p2/3Q4/P1N2qP1/2Pp3P/1P6/4R1NK b - -,g7g4 c4a5 c7c6 d5d3 g4g3 d3d7 h8h3 d7h3 g3h3 g1h3,-390
8/p1Q3pp/4kpq1/3p4/2pP4/P5PP/1P4P1/6K1 b - -,e6f5 g1h2 a7a6 c7d6 f5e4 a3a4 e4d4 d6a6 f6f5 a6a7,9
2r3k1/1b1n1pbp/1q2pnp1/p2p4/1p1P4/1P2PNP1/PB1N1PBP/1Q2R1K1 b - -,g7f8 e1c1 c8a8 f3e5 a5a4 b3a4 a8a4 e5d3 b7c6 d3c5,-30
r1bq1rk1/pp2bppp/2n1p3/4P3/4B3/2P2N2/P3QPPP/R1BR2K1 b - -,d8c7 c1f4 a8b8 a1c1 b7b5 f3d4 c6d4 c3d4 c7b6 f4e3,126
rnbq3r/pppp1kpp/5P2/8/1b6/5Q2/PB3PPP/RN3KNR b - -,g7g5 f3h5 f7e6 g1f3 e6d6 h2h4 h8e8 h4g5 b7b6 f6f7,514
8/8/6p1/7n/5p2/4k3/7P/4K3 b - -,g7g5 f3h5 f7e6 g1f3 e6d6 h2h4 h8e8 h4g5 b7b6 f6f7,Mate
8/3R2k1/6r1/4P3/8/2K5/8/8 b - -,,0
8/p1r3k1/4pp2/3p2pP/3P1q2/1P3P2/P3Q1P1/3R3K b - -,,0
8/5kp1/5p2/2PN4/8/8/5PPP/6K1 b - -,f6f5 c5c6 f5f4 c6c7 f7e6 g1f1 f4f3 c7c8q e6e5 c8c7,1232
4rk2/ppp2pR1/8/4P3/6R1/2P4r/P1P2P1P/2K5 b - -,,0
2rr2k1/2p2pp1/2q1n2p/1p2R2P/1P2P3/2P1QN2/5PP1/R5K1 b - -,d8d6 e5f5 c8d8 f3e5 d6d1 a1d1 d8d1 g1h2 c6d6 f2f4,111
2rr2k1/pp3ppp/2b1p3/8/8/PN2P2P/4KPP1/1R5R b - -,c6g2 h1c1 e6e5 h3h4 g2e4 b1b2 b7b6 f2f3 e4d5 c1c8,-392
8/4r3/2pn1k1p/pp1p1Pp1/P2P4/1P1KNP2/2P4P/R7 b - -,,0
8/6p1/R7/1pN1nk1p/7P/1PP2PK1/P2r2P1/8 b - -,d2d1 c5e6 f5f6 e6g5 f6f5 a6b6 b5b4 b6b4 d1e1 b4f4,596
8/8/6p1/7n/8/4kp2/7P/3K4 b - -,b5b4 c3b4 e5f7 a6a5 f5e5 c5e4 d2d5 g3f2 e5e6 a5d5,Mate
8/5pkp/1p4p1/p2P2P1/5P2/1P3Q2/P1rp3P/3RqBK1 b - -,c2c1 d1e1 d2e1q d5d6 e1d1 f3d1 c1d1 a2a4 d1d6 g1g2,-446
rn1qr1k1/p4pb1/2p2npp/1p3b2/P3p3/1P4PN/1NPBPPBP/R1QR2K1 b - -,d8c8 h3f4 g6g5 a4b5 c6b5 c2c4 b8c6 d2c3 g5f4 c4b5,-164
r2q1rk1/3nbppp/4p3/pbNn4/1p1PN3/1P4P1/PB3PBP/2RQR1K1 b - -,a8a7 c5d7 a7d7 e4c5 d7c7 h2h4 b5c6 c5a6 c7c8 a6c5,-21
3k2nr/p5pp/B1p1b3/8/4PP2/2N5/PPP4P/2KR4 b - -,e6d7 c3a4 d8c7 a4c5 d7g4 d1g1 h7h5 b2b4 g8f6 a6d3,430
8/7p/4k1pP/4BpP1/5P2/8/4K3/8 b - -,e6f7 e5d6 f7e6 d6b4 e6f7 b4a3 f7g8 a3d6 g8f7 d6b4,104
r2q2k1/1pp1Rpp1/p1n2n1p/8/2BP4/P2Q1N1P/1PP3P1/5RK1 b - -,c6d4 c4f7 g8f8 f3d4 d8e7 f7a2 e7d7 d4e6 f8e7 d3e3,647
8/8/2p5/1p2kp1p/1P6/4Q1P1/q7/6K1 b - -,e5f6 e3h6 f6e5 h6e3 e5d6 e3c5 d6d7 c5f5 a2e6 f5h7,-111
r2qk2r/1b1nppbp/1np3p1/pp1PN3/3P1B2/P1NB3P/1PP2PP1/R2Q1RK1 b kq -,c6d5 e5d7 b6d7 c3b5 e8h8 f1e1 b7c6 a3a4 c6b5 d3b5,166
r1b2k2/pp1p1p1p/4pnp1/3P4/1q2P3/2bB3P/P1R2PP1/2Q2RK1 b - -,c3d2 c2d2 d7d6 d2c2 c8d7 c1a1 e6e5 f1b1 b4a4 b1b7,323
2R2r2/7k/7p/4Pq2/3p4/1P4p1/P4PP1/2Q2RK1 b - -,,0
rn3rk1/1bQ3p1/4p2p/pp1p2q1/6p1/1P1B2P1/1B2P2P/R1R3K1 b - -,b8c6 c7b7 c6e5 c1c7 g5f6 g1g2 h6h5 b2d4 b5b4 c7e7,270
8/5pkp/1p4p1/p2P2P1/5P2/1P3Q2/P2p3P/2r1RBK1 b - -,d2e1n f3e3 c1d1 e3e5 g7g8 e5e8 g8g7 d5d6 e1f3 g1f2,596
r3kb1r/ppqn1p2/4p1p1/3pPnPp/5B1P/2PB1P2/PP2N3/R2QK2R b KQkq -,f5e7 f4h2 d7e5 d1a4 e7c6 h2e5 c7e5 d3b5 e5d6 e2d4,-96
r1b1k1qr/p3n3/1pn1p1pp/3pPp2/P1pP3P/B1P3QN/2P1BPP1/1R3RK1 b kq -,g8f7 h3f4 h8g8 f1e1 c8d7 a3d6 e8d8 g3e3 d8c8 b1a1,73
8/8/6p1/7n/8/4k3/5p1P/2K5 b - -,g8f7 h3f4 h8g8 f1e1 c8d7 a3d6 e8d8 g3e3 d8c8 b1a1,Mate
rn3rk1/p4pbp/2pp2p1/1p2p2n/3PP3/P1N1B3/1PPQBq2/2KR3R b - -,f2f4 e3f4 h5f4 d4e5 d6e5 d2e3 a7a5 c1b1 b8a6 d1d6,516
8/7p/6pP/3kBpP1/5P2/3K4/8/8 b - -,d5e6 e5c3 e6e7 c3b4 e7e6 d3d4 e6f7 d4e3 f7g8 e3d3,106
2r3k1/2p2pp1/4n2p/1p2R2P/1P2P3/2Pr1N2/5PP1/R5K1 b - -,c8f8 e5b5 d3c3 f3h4 c3c4 f2f3 e6d4 b5b7 c7c5 b4b5,65
8/1p3p2/5k2/P3q1pp/1PQ5/6P1/5PK1/8 b - -,e5e6 c4c3 f6g6 c3d3 g6g7 d3d4 g7g6 b4b5 h5h4 g3h4,135
rnq1r1k1/p4pb1/2p2npp/1p3b2/P3pN2/1P4P1/1NPBPPBP/R1QR2K1 b - -,g6g5 a4b5 c6b5 c2c4 b8d7 c4b5 c8c1 a1c1 g5f4 d2f4,-183
8/5p2/p5k1/R4p1p/5P1P/6PK/1r6/8 b - -,,0
2Q5/p5pp/4kpq1/3p4/2pP4/P5PP/1P4P1/6K1 b - -,e6d6 c8a6 d6e7 a6a7 e7e6 g1h2 g6c2 a7a6 e6f5 a6b5,218
3r2k1/pppr1p2/2np4/4pNp1/2P1P3/2P4P/P1P2PP1/R3R1K1 b - -,b7b6 g2g3 c6e7 f5e3 d8f8 a2a4 a7a5 e3d5 g8g7 a1b1,47
5rk1/4Qp1p/8/pp1p2p1/2pP4/P1P4P/1P1q1RP1/6K1 b - -,d2d4 c3d4 h7h6 f2f5 b5b4 a3b4 a5b4 e7b4 f7f6 f5d5,561
8/4pp2/8/pp2PP1k/Pp6/2P5/8/1K6 b - -,h5g4 a4b5 g4f5 b5b6 f5e5 b6b7 e5e4 b7b8q e7e6 b1c2,697
2k4r/ppp3pp/4pn2/2b2b1B/8/5PN1/PPPr1RPP/5RK1 b - -,f5c2 h5f7 c2d3 b2b4 c5b6 f7e6 c8b8 f1c1 b6f2 g1h1,-768
r1bqkb1r/p1p2ppp/2p2n2/3pP3/3P1p2/2N5/PPP3PP/R1BQK1NR b KQkq -,c8g4 d1d2 f6h5 d2f2 f8e7 c1f4 e8h8 h2h3 g4d7 f4h2,-85
r1bqkb1r/1pp2ppp/2n2n2/p2p4/8/PB1P1N2/1PP2PPP/RNBQK2R b KQkq -,a5a4 b3a2 d8e7 d1e2 c8g4 e2e7 f8e7 b1d2 b7b5 h2h3,-51
8/8/6p1/7n/8/4k3/2K4P/5q2 b - -,a5a4 b3a2 d8e7 d1e2 c8g4 e2e7 f8e7 b1d2 b7b5 h2h3,Mate
8/1p3p2/5k2/P3q3/1P5Q/8/5PK1/8 b - -,f6f5 h4h5 f5e6 h5e5 e6e5 b4b5 e5d6 g2f3 d6c7 f3e4,783
8/8/4N3/5K1k/8/8/B7/8 b - -,h5h6 e6f4 h6g7 f5g5 g7f8 g5f6 f8e8 a2e6 e8d8 f4d5,159
r2qk2r/1bpnppb1/p2p1np1/6Np/PpBPP2P/2N1BP2/1PPQ2P1/R3K2R b KQkq -,d6d5 c3d5 f6d5 e4d5 d7b6 d2b4 e8h8 b2b3 b7d5 c4e2,89
r3r1k1/1pp2pp1/p2p1q1p/3P4/2PBn1Pn/P2Q3P/BP3P2/R4K1R b - -,f6f3 d3f3 e4d2 f1g1 d2f3 g1f1 f3d4 h1g1 d4e2 b2b4,-586
r2qk2r/1b2ppbp/1np3p1/pp1PP3/5B2/P1NB3P/1PP2PP1/R2Q1RK1 b kq -,e8h8 d5d6 e7d6 e5d6 d8c8 f1e1 b5b4 a3b4 a5b4 a1a8,162
8/4k3/1pK5/2p1P1pp/P1P2p2/P6P/6P1/8 b - -,g5g4 a4a5 b6a5 c6c5 f4f3 g2f3 g4h3 c5d4 h3h2 c4c5,-1119
r3r1k1/p4ppp/1ppb4/3p4/P4Pn1/2N1P3/1PPB2PP/R3R1K1 b - -,d6b4 h2h3 b4c3 d2c3 g4e3 e1e2 e3f5 a1e1 g8f8 g2g4,-158
8/8/4N3/8/8/3K2k1/B7/8 b - -,g3g4 d3e4 g4h5 a2b1 h5g6 e4e5 g6f7 b1c2 f7e7 c2g6,160
6k1/7p/4K1pP/4BpP1/5P2/8/8/8 b - -,,0
8/5kp1/8/2PN4/8/5P2/5P1P/4K3 b - -,g8f8 e5d6 f8g8 e6d5 g8h8 d6e5 h8g8 e5c3 g8f8 c3d2,Mate
1b3r2/4qQk1/2Kp3p/3Bp1pP/1P2P3/2P2RP1/5P2/8 b - -,e7f7 f3f7 f8f7 d5f7 g7f7 c6b7 d6d5 e4d5 b8d6 b7c6,821
r4rk1/1pq2ppp/p1p5/5b2/8/2N1BN2/PPP2PPP/2KR3R b - -,a8d8 f3d4 f5c8 h2h3 f8e8 d4b3 h7h6 b3c5 c8f5 b2b3,-669
r1bq1rk1/1pp2pp1/p1np1n1p/4p3/2B1P2N/P1NPP3/1PP3PP/R2Q1RK1 b - -,f6g4 d1e1 g4e3 e1e3 d8h4 c3d5 c6d4 f1f2 b7b5 c4a2,-27
8/8/6p1/7n/2q5/4k3/7P/1K6 b - -,f6g4 d1e1 g4e3 e1e3 d8h4 c3d5 c6d4 f1f2 b7b5 c4a2,Mate
8/p3k1pp/5pq1/2Qp4/2pP4/P5PP/1P4P1/6K1 b - -,e7d8 c5d5 d8e7 d5c5 e7e8 c5c8 e8e7 c8c7 e7e8 c7b8,408
r2q1rk1/pp3ppp/2npbn2/4p3/1b2P3/1NNB4/PPPB1PPP/R2QR1K1 b - -,,0
1b6/4qRk1/2Kp3p/3Bp1pP/1P2P3/2P3P1/5P2/8 b - -,e7f7 d5f7 b8a7 f7d5 a7f2 g3g4 f2e1 b4b5 e1c3 b5b6,798
2rr2k1/pp3pp1/4n3/6P1/P3P3/5PKB/1P6/R6R b - -,c8c4 h3e6 f7e6 g5g6 e6e5 a1d1 d8f8 h1h5 c4c6 h5g5,221
rnbqk1nr/pp3pbp/2p1p1p1/3p4/2P5/BPN1PN2/P2P1PPP/R2QKB1R b KQkq -,g8e7 d2d4 b8d7 a1c1 d8a5 a3e7 e8e7 d1d2 a5d8 e3e4,60
4r1k1/pp3rpp/2p2pn1/3q4/3N4/2P3Q1/PP1B4/1K4R1 b - -,c6c5 d4f3 d5d3 b1c1 g6e5 f3e5 d3g3 g1g3 e8e5 g3g1,-612
8/4r3/2pn3N/pp1p2p1/3P1k2/PP1K1P2/2P4P/6R1 b - -,,0
r4rk1/pbqnppb1/1ppp3p/6pn/2PPP3/2N2N1P/PPQ1BPPB/R2R2K1 b - -,c6c5 d4d5 h5f6 c3b5 c7b8 a2a4 a7a6 b5c3 b8c7 a1a3,129
5bk1/5p1P/2q1b1p1/p1p1P3/PpNr3Q/1B6/1PP5/2K4R b - -,c6c5 d4d5 h5f6 c3b5 c7b8 a2a4 a7a6 b5c3 b8c7 a1a3,Mate
8/3R4/p4k2/P2Bpp2/4p2p/2r1P2P/5P2/4nK2 b - -,e1f3 f1e2 c3d3 d5c6 d3a3 e2d1 a3a5 d7d8 a5a1 d1c2,-395
2rr2k1/2p2pp1/4n2p/1p2R2P/1Pq1P3/2P1Q3/3N1PP1/R5K1 b - -,d8d2 e3d2 c8f8 e5d5 c7c6 d5d6 c4e4 a1e1 e4c4 d2d3,326
5k2/7p/5KpP/4BpP1/5P2/8/8/8 b - -,f8g8 f6e6 g8f8 e5d6 f8g8 d6a3 g8h8 a3b4 h8g8 b4c3,103
2kr3r/Bppqbppp/4b3/4p3/1P6/2PB4/P1PQ1PPP/R4RK1 b - -,e5e4 f1d1 e4d3 c2d3 e7f6 a7e3 e6d5 e3f4 h8e8 h2h3,-402
8/5pkp/1R4p1/8/1p6/2b3P1/5P1P/5K2 b - -,h7h5 f1e2 g7h6 b6b7 h6g7 e2e3 g7f6 f2f3 f6e6 b7b5,95
8/8/6p1/8/2q2n2/4k2P/8/1K6 b - -,h7h5 f1e2 g7h6 b6b7 h6g7 e2e3 g7f6 f2f3 f6e6 b7b5,Mate
1b6/5Bk1/2Kp3p/4p1pP/1P2P3/2P3P1/5P2/8 b - -,g7f7 c6b7 d6d5 e4d5 b8d6 b7c6 d6b8 c3c4 e5e4 d5d6,961
2q5/pp3pkp/5pp1/3Q4/4P2P/2P3P1/PP3P2/1K6 b - -,c8g4 d5d4 g4e2 a2a4 b7b6 b1a2 h7h6 f2f4 e2g4 e4e5,140
r1bqkbnr/ppp2ppp/3p4/8/4P3/2PQ4/PP3PPP/RNB1K1NR b KQkq -,f7f5 e4f5 d8d7 g1f3 d7f5 d3e3 f5e6 e1h1 e6e3 c1e3,-21
5rk1/3b2pp/3b4/pp5P/1p1Pp3/4P3/PP2NP2/1K3R2 b - -,d7g4 f1e1 f8f2 e2g3 g4d7 e1g1 a5a4 g3h1 f2f3 b2b3,-598
8/8/8/1Q3p1p/1P6/4k1P1/q7/6K1 b - -,a2d2 b5f5 d2b4 f5f2 e3d3 f2f3 d3c2 f3e2 c2b3 e2h5,26
8/p1r3k1/4pp2/3p2pp/3P1qP1/1P3P2/P3Q1P1/4R2K b - -,h5g4 f3g4 c7c6 e1d1 f4e4 e2f3 g7g6 f3h3 c6c2 a2a3,-187
5rk1/4Qp1p/8/pp1p2p1/2pP4/P1P4P/1P3RPK/2q5 b - -,f7f5 e7e5 f8f7 e5d5 g8g7 d5b5 c1e3 f2f5 f7f5 b5f5,263
2rq1rk1/pp3ppp/2npbn2/4p3/1b2P3/1NNB3P/PPPB1PP1/R2QR1K1 b - -,h7h6 a2a3 b4c3 d2c3 f6d7 a3a4 d8c7 a4a5 d7c5 d3f1,-6
6nr/p1k3pp/B1p1b3/5P2/4P3/2N5/PPP4P/2KR4 b - -,e6f7 d1g1 g7g6 e4e5 c7d8 g1d1 d8c7 f5f6 h7h5 c3e4,468
1r3rk1/p4p1p/2nb4/1p1p4/2pP4/1PP2B2/P4P1P/RN3RK1 b - -,c6e7 f1d1 g8h8 a2a4 f8g8 g1f1 b5b4 b3c4 d5c4 c3b4,-80
1b6/1K3k2/3p3p/4p1pP/1P2P3/2P3P1/5P2/8 b - -,d6d5 e4d5 b8d6 b7c6 f7e7 b4b5 e5e4 c3c4 g5g4 b5b6,683
2rq1rk1/pp3pp1/2npbn1p/4p3/1b2P3/PNNB3P/1PPB1PP1/R2QR1K1 b - -,b4c3 d2c3 d8c7 d1f3 c6e7 a1d1 e7g6 c3b4 f8d8 c2c4,-7
rnb1kb1r/pp2pp1p/2p2n2/8/P3P1p1/3B4/1PPN1PPP/RNBK3R b kq -,c8e6 b1c3 b8d7 c3e2 e8a8 e2d4 d7c5 d4e6 c5e6 h2h3,-23
r2N3r/1bpnpkb1/p2p1np1/7p/P2PP2P/2p1BP2/1PPQ2P1/R3K2R b KQ -,f7e8 d2c3 e8d8 c3b3 a8b8 b3f7 f6e8 e3g5 g7f6 e1a1,318
r2qk2r/1bpnpBb1/p2p1np1/6Np/P2PP2P/2p1BP2/1PPQ2P1/R3K2R b KQkq -,e8f8 d2c3 d8b8 f7g6 g7h6 e1a1 f8g7 g6f5 d7f8 g2g4,305
2rr2k1/pb3pp1/1p2pn1p/2q1N3/5PP1/2PB4/PPQ4P/1K1RR3 b - -,d8d5 c2e2 c5e7 g4g5 f6d7 c3c4 d7e5 c4d5 e5d3 d1d3,238
2r3k1/R4pp1/2p1n2p/1p2R2P/1P2P3/2Pr1N2/5PP1/6K1 b - -,c8d8 e5f5 d3c3 f5f7 c3c4 e4e5 d8e8 g2g3 c4b4 f3h4,113
2rq1rk1/pp3pp1/2npbn1p/4p3/4P3/PNBB3P/1PP2PP1/R2QR1K1 b - -,f6d7 e1e3 d8c7 c3d2 c6e7 a1c1 d7c5 e3g3 e7g6 b3c5,-18
r5k1/1pp1qpp1/p1n2n1p/8/2BP4/P2Q1N1P/1PP3P1/4R1K1 b - -,e7e1 f3e1 a8e8 e1f3 c6d8 f3e5 b7b5 c4a2 d8e6 g1h2,487
r2qr1k1/2b2pp1/2p1bn2/1pPp2BN/1P1P4/3B4/5PPP/1nQN1RK1 b - -,b1d2 c1d2 f6h5 g5d8 c7d8 g2g3 g7g6 g1g2 d8f6 d2c3,177
8/8/8/5kp1/8/5K2/5P2/8 b - -,,0
r1br2k1/1p2q1p1/1np1pn1p/p7/PbpP4/2N2NPP/1PQ1RPB1/R1B3K1 b - -,f6d5 c3e4 c8d7 e4c5 d8f8 c5d7 e7d7 f3e5 d7e8 e2e4,60
r1bqkb1r/pppp1pp1/5n1p/4n3/2BNP3/8/PPP2PPP/RNBQR1K1 b kq -,e5c4 e4e5 f6g8 d4b5 c7c6 b5d6 f8d6 e5d6 e8f8 b1c3,-69
r4rk1/p4Rp1/1p5p/8/8/5QP1/Pq3P1P/4R1K1 b - -,,0
rn1qk2r/3pbppp/p3pP2/1pp5/8/2NP2PN/PPP2PbP/R1BQ1RK1 b kq -,e7f6 g1g2 d7d5 c3e2 b8c6 c2c3 d5d4 c3d4 d8d5 f2f3,569
8/p7/1pb3k1/2r5/7p/1B5P/PPP3P1/5RK1 b - -,b6b5 c2c3 c5e5 f1d1 g6g5 d1d4 e5e1 g1h2 a7a5 b3d5,255
2rqr1k1/1b1nppbp/pp3np1/3pN3/P1pP1B2/Q1P1P2P/1P1NBPP1/R3R1K1 b - -,g7f8 b2b3 d7e5 f4e5 f6d7 e5g3 e7e5 a3b2 e5d4 e3d4,23
8/8/2Q5/1p2kp1p/1P6/6P1/q7/6K1 b - -,a2a1 g1h2 a1b2 h2h3 b2b4 c6e8 e5d4 e8h5 b4e1 h5h8,-225
8/1R3p1p/6pk/8/1p6/2b3P1/5P1P/5K2 b - -,h6g7 f1e2 g7f6 b7b5 f6g7 g3g4 g7f8 e2f3 f8g7 f3e3,98
r1b1kbnr/ppp1qppp/3p4/8/4PP2/2N2P2/PPPP3P/R1BQKB1R b KQkq -,e7h4 e1e2 g8e7 d2d3 h4h5 c1e3 g7g6 e2d2 f8g7 d3d4,86
8/8/4k2Q/8/5N2/4K3/8/8 b - -,e7h4 e1e2 g8e7 d2d3 h4h5 c1e3 g7g6 e2d2 f8g7 d3d4,Mate
rn3rk1/2Q3p1/2b1p2p/pp1p2q1/3B2p1/1P1B2P1/4P2P/R1R3K1 b - -,e6e5 c1f1 b8a6 c7c6 a6b4 c6e6 g8h8 f1f8 a8f8 e6e5,286
r2qr1k1/1b3pbp/p2Ppnp1/1p1n2B1/4N3/QBNP4/PP3PPP/R3R1K1 b - -,d5c3 b2c3 h7h6 g5f6 g7f6 d6d7 e8f8 e4f6 d8f6 a3d6,106
2rq1rk1/pp1n1pp1/2npb2p/4p3/4P3/PNBBR2P/1PP2PP1/R2Q2K1 b - -,d8c7 c3d2 c6e7 a1c1 b7b6 d3a6 c8d8 d1e2 d7c5 e3c3,-14
3q1rk1/r2Nbppp/4p3/pb1n4/1p1PN3/1P4P1/PB3PBP/2RQR1K1 b - -,a7d7 e4c5 d7a7 g2d5 e6d5 a2a4 b4a3 b2a3 f8e8 a3b2,-15
2r3k1/R4pp1/2p1n2p/1p3R1P/1P2P3/2r2N2/5PP1/6K1 b - -,c8f8 f3e5 c6c5 e5d7 f8c8 d7c5 e6c5 b4c5 c3c1 g1h2,39
8/8/p1R5/P2Bppk1/4p2p/2r1Pn1P/5P2/5K2 b - -,c3d3 d5e4 f5e4 c6c1 g5f5 f1g2 d3d5 c1a1 f3g5 g2h2,-666
r1bq1rk1/1pp2pp1/p1np3p/4p3/2B1P1nN/P1NPP3/1PP3PP/R3QRK1 b - -,g4e3 e1e3 d8h4 c3d5 c6d4 f1f2 b7b5 c4a2 c7c5 b2b4,-35
8/6p1/R3N1n1/1p3k1p/7P/1PP2PK1/P2r2P1/8 b - -,d2d7 e6d4 d7d4 c3d4 g6e7 a6b6 b5b4 b6b4 f5e6 g3h2,661
rn3rk1/p4pbp/2p2qp1/1p2p2B/4P3/P1N1B3/1PPQ4/2KR3R b - -,a7a5 h5g4 b8d7 g4d7 b5b4 c3a4 b4a3 c1b1 f8d8 e3c5,514
rn1qr1k1/p4pbp/2p2np1/1p3bN1/P3p3/1P3PP1/1NPBP1BP/R1Q1R1K1 b - -,a7a5 g1h1 h7h6 g3g4 e4e3 d2e3 f5c2 g5h3 b8a6 e3h6,-123
5rk1/4Q2p/5R2/pp1p2p1/2pP4/P1P4P/1P4PK/2q5 b - -,c1f4 f6f4 g5f4 e7g5 g8h8 g5e5 f8f6 e5d5 h8g7 h3h4,Mate
r2q1rk1/1bpnppb1/p2p1np1/6Np/PpBPP2P/4BP2/1PPQN1P1/R3K2R b KQ -,e7e5 d4d5 a6a5 c2c3 d8b8 c3b4 a5b4 a4a5 b7a6 d2c2,107
r2qr1k1/2b2pp1/2p1bn2/1pPp2Bp/1P1P4/n2B2N1/5PPP/1RQN1RK1 b - -,h5h4 g3h5 f6h5 g5d8 c7f4 d1e3 e8d8 b1a1 a3c4 c1d1,180
r4rk1/pbqnppb1/1ppp3p/6p1/2PPPB2/2N2N1P/PPQ1BPP1/R2R2K1 b - -,g5f4 c2d2 c6c5 d2f4 c5d4 f3d4 e7e6 d4b5 c7c5 b5d6,150
r1b1kb1r/pp1npp1p/2p2n2/8/P3P1p1/2NB4/1PPN1PPP/R1BK3R b kq -,f8g7 d2c4 d7c5 c1e3 c5d3 c2d3 c8e6 d1c2 e6c4 d3c4,31
2r2rk1/1p1q1p2/p5pp/3pBn2/3P2n1/P1PQPN1P/5PP1/2R2RK1 b - -,g4e5 f3e5 d7e6 c3c4 d5c4 e5c4 b7b5 c4a5 c8c1 f1c1,151
r2qk2r/1b2ppbp/1np3p1/pp1PB3/3P4/P1NB3P/1PP2PP1/R2Q1RK1 b kq -,f7f6 d5c6 b7c6 e5g3 d8d7 d1e2 e8h8 c3b5 f6f5 f1e1,245
8/p5pp/2Q1kpq1/3p4/2pP4/P5PP/1P4P1/6K1 b - -,e6f7 c6d5 f7e7 d5c5 e7d8 c5d6 d8c8 d6c6 c8d8 c6a8,Mate
8/1R3pkp/6p1/8/1p6/2b3P1/4KP1P/8 b - -,h7h5 e2e3 g7f6 b7b6 f6g7 e3e4 f7f5 e4e3 g7f7 f2f3,94
r4rk1/pbqnppb1/1ppp3p/8/2PPPp2/2N2N1P/PP1QBPP1/R2R2K1 b - -,c6c5 d2f4 c5d4 f3d4 e7e6 d4b5 c7c5 b5d6 b7c6 a1b1,161
r1bq1rk1/ppp1bppp/2n5/1B1p4/3P4/2P2N1P/P4PP1/R1BQR1K1 b - -,c8f5 b5c6 b7c6 f3e5 e7d6 e5c6 d8f6 c6e5 f8e8 a2a4,-27
8/3n1N2/1P1k2p1/3pp2p/8/4P3/5KPP/8 b - -,d6e6 f7d8 e6e7 d8b7 d7b6 e3e4 d5d4 b7a5 e7d6 f2e2,-128
8/1P1n1p2/3kpp1p/8/1R6/2P5/2P1K1PP/r7 b - -,d6c7 g2g3 a1a7 b4h4 a7b7 h4h6 b7b2 e2d2 b2b8 h6h4,-448
8/p7/1pb5/4r1k1/7p/1B5P/PPPR2P1/6K1 b - -,g5f4 b3c4 b6b5 c4f1 e5e1 g1f2 e1b1 c2c3 a7a6 a2a3,226
r3kbnr/pppqpppp/2n5/1B1p1b2/5P2/1P2P3/PBPP2PP/RN1QK1NR b KQkq -,a7a6 b5c6 d7c6 d2d3 e7e6 d1d2 f7f6 g1f3 f5g6 b1c3,-21
r1b2rk1/p1q2pbp/1p1n2p1/2pPp1B1/4P3/2P3PP/PR3PBN/2Q1R1K1 b - -,c8a6 h2g4 f7f6 g5h6 a8e8 f2f4 g7h6 g4h6 g8h8 h6g4,-44
6k1/7p/5Q2/pp1p2p1/2pP4/P1P4P/1P4PK/2q5 b - -,c1e3 f6d8 g8g7 d8d5 e3f4 g2g3 f4d2 d5g2 d2e3 h3h4,39
2rqrbk1/1b1npp1p/pp3np1/3pN3/P1pP1B2/Q1P1P2P/1P1NBPP1/3RR1K1 b - -,b7c6 b2b3 d7e5 d4e5 c4b3 a3b2 f6d7 e2a6 c8a8 a6b5,28
8/pp3pkp/5pp1/3Q4/4P1qP/2P3P1/PP3P2/2K5 b - -,g6g5 h4g5 f6g5 d5d4 g7g6 c1d2 h7h5 e4e5 g4f3 a2a4,57
5rk1/R4pp1/2p1n2p/1p2NR1P/1P2P3/2r5/5PP1/6K1 b - -,c3c2 a7f7 f8f7 f5f7 e6d4 f7b7 d4e2 g1h2 e2f4 g2g4,181
3r2k1/pp3pp1/4r3/6P1/P3P3/5PK1/1P5R/R7 b - -,d8d4 a1h1 g8f8 h1c1 e6c6 h2h8 f8e7 c1c6 b7c6 b2b3,255
r2q1rk1/ppp1bppp/2B5/3p1b2/3P4/2P2N1P/P4PP1/R1BQR1K1 b - -,b7c6 f3e5 e7d6 e5c6 d8f6 c6e5 f8e8 a2a4 a7a5 d1f3,-27
8/p3k1pp/5pq1/3Q4/2pP4/P5PP/1P4P1/6K1 b - -,g6d3 g1h2 a7a6 d5c5 e7d7 d4d5 d3e4 c5c6 d7d8 c6b6,319
6Q1/8/8/6K1/1k6/8/8/8 b - -,g6d3 g1h2 a7a6 d5c5 e7d7 d4d5 d3e4 c5c6 d7d8 c6b6,Mate
r1bqk2r/ppp2pp1/1b1p1n1p/4n3/4P2B/1NN5/PPPQ1PPP/R3KB1R b KQkq -,f6e4 d2f4 e4g5 e1a1 e8h8 h4g3 f8e8 a2a4 a7a5 h2h4,-157
2r2r2/7k/7p/2R1Pq2/3p2p1/1P6/P3RPP1/2Q3K1 b - -,g4g3 f2g3 d4d3 e2d2 f5e5 c5e5 c8c1 g1h2 f8d8 g3g4,179
8/p7/1pb5/4r3/5k1p/1B5P/PPPR1KP1/8 b - -,e5g5 f2f1 b6b5 c2c3 a7a5 a2a3 g5e5 d2d4 f4e3 d4h4,108
r5k1/1pp2pp1/p1nq1n1p/8/2BP4/P1PQ1N1P/1P4P1/4R1K1 b - -,d6d7 e1f1 a8e8 c4a2 d7d6 d3c4 c6d8 f3e5 d6e6 a3a4,44
8/1R3pk1/6p1/7p/1p6/2b1K1P1/5P1P/8 b - -,g7f6 e3e4 c3d2 f2f3 d2c3 b7b5 c3d2 b5b6 f6g5 b6b7,95
5k2/6Bp/4K1pP/5pP1/5P2/8/8/8 b - -,f8g8 g7c3 g8f8 c3b4 f8g8 e6f6 g8h8 f6e7 h8g8 b4e1,94
rn3rk1/1b1pb1pp/1q2p3/4P3/2B5/2N2N2/PP1Q1PPP/R4RK1 b - -,a8a5 c4e2 b7f3 e2f3 a5e5 a1d1 d7d5 a2a3 b8c6 b2b4,108
2r2rk1/ppqn1pp1/2npb2p/4p3/4P3/PN1BR2P/1PPB1PP1/R2Q2K1 b - -,c6e7 a1c1 b7b6 e3e1 a7a5 d3b5 e7g6 c2c4 c8d8 c1c3,-14
8/p5k1/2r2p2/3pP1p1/5qP1/1P6/P3Q1P1/3R3K b - -,f6e5 h1g1 c6h6 d1d3 f4c1 g1f2 h6f6 d3f3 e5e4 f3f5,-228
5rk1/r2qbppp/4p3/pbNn4/1p1P4/1P4P1/PB3PBP/2RQR1K1 b - -,d7d8 g2d5 e6d5 a2a4 b4a3 b2a3 f8e8 c1a1 h7h6 c5d3,-13
r1b1kb1r/pp2pp1p/2p2n2/8/P1N1P1p1/2NP4/1P3PPP/R1BK3R b kq -,f6h5 d1c2 f8g7 c1e3 f7f5 f2f3 g4f3 g2f3 c8e6 a1f1,43
1rbq1rk1/p4ppp/2nbpn2/1ppp4/3P4/P1P1P1P1/1P1NNPBP/R1BQR1K1 b - -,c6e7 d4c5 d6c5 b2b4 c5b6 a3a4 a7a6 a4b5 a6b5 e2d4,-15
rnk4r/pp2ppbp/4bnp1/2p1N3/2P5/2N3P1/PP2PPBP/R1B2RK1 b - -,f6d7 e5d7 b8d7 c3d5 e6d5 c4d5 a7a5 a2a4 c5c4 g2h3,64
rnbq1rk1/pp3pbp/5np1/2p1P3/2P1P3/2NB4/PP2N1PP/R1BQK2R b KQ -,f6e4 d3e4 d8d1 e1d1 g7e5 c1f4 e5g7 d1e1 b8c6 e1f2,329
r1b2k2/pp1p1p1p/4pnp1/3P4/4P3/2bB3P/P1R2PP1/2R3K1 b - -,f8e7 c2c3 e7d8 d5e6 d7e6 c3c7 f6d7 f2f4 e6e5 f4f5,310
r2q1rk1/1bpnppb1/3p1np1/p5Np/PpBPPN1P/4BP2/1PPQ2P1/R3K2R b KQ -,c7c5 f4g6 d7b6 c4a2 b4b3 a2b3 c5c4 g6f8 c4b3 f8e6,227
r4rk1/pbqn1pb1/1ppp3p/4P3/2P1Pp2/2N2N1P/PP1QBPP1/R2R2K1 b - -,d7e5 d2f4 a8e8 f3d4 e5g6 f4f3 c7d8 g2g3 g6e7 d1d2,174
r2q1rk1/p1p1bppp/2p5/3pNb2/3P4/2P4P/P4PP1/R1BQR1K1 b - -,e7d6 e5c6 d8f6 c6e5 f8e8 a2a4 d6e5 d4e5 e8e5 e1e5,-19
rn1qr1k1/p4pb1/2p2npp/1p3b2/P3p3/1P3PPN/1NPBP1BP/R1Q1R1K1 b - -,h6h5 h3f2 b8d7 d2h6 g7h6 c1h6 d8b6 f3e4 f5e4 b2d3,-114
8/1R3p2/5kp1/7p/1p2K3/2b3P1/5P1P/8 b - -,f6e6 b7b6 e6d7 e4d5 d7e7 b6b7 e7f6 f2f3 c3e1 d5e4,94
r3r1k1/1pp2pp1/p2p3p/3P4/2PBn1Pn/P4Q1P/BP3P2/R4K1R b - -,e4d2 f1g1 d2f3 g1f1 f3d4 h1g1 d4e2 a2b3 e2g1 f1g1,-603
2rk4/p6p/1p1p2p1/5p2/P2P1P1P/1P3P2/3K4/R7 b - -,,0
r1bq2r1/pppnk1BQ/2n1p3/1B1p4/1b6/5N2/P4PPP/RN3K1R b - -,d7f6 g7f6 e7f6 b5c6 g8h8 h7c2 f6g7 c6a4 b4d6 c2c3,178
6k1/p5p1/2p3Pp/3r1p1P/2B5/5K2/P4P2/8 b - -,g8f8 c4d5 c6d5 f3e3 f8e7 a2a3 e7f6 e3d4 f6g5 d4d5,-589
r1b2rk1/p1q3bp/1p1n1ppB/2pPp3/4P3/2P3PP/PR3PBN/2Q1R1K1 b - -,g7h6 c1h6 b6b5 h3h4 a7a5 h2f1 a8b8 f1d2 c5c4 h6e3,-34
7r/ppp1kp1p/8/4pR2/4Pn2/6P1/PPP2K1P/RN1r4 b - -,f4e6 f5e5 h8d8 c2c3 c7c6 e5h5 d1c1 h5h7 d8d1 b2b3,-339
r1bq1rk1/1p4pp/p1pbp3/3p4/PPPP4/4PNP1/2Q3BP/1R3RK1 b - -,c8d7 c4c5 d6c7 e3e4 d7e8 c2b3 e8g6 f3h4 g6f7 b3e3,42
rn1qr1k1/p4pb1/2p2npp/1p3b2/P7/1P3PPN/1NPB2BP/R1Q1R1K1 b - -,d8d4 g1h1 e8e1 d2e1 f6d5 g3g4 f5d7 a1b1 b8a6 a4b5,-81
8/5p2/1R2k1p1/7p/1p2K3/2b3P1/5P1P/8 b - -,e6d7 e4d5 d7e7 f2f3 c3e1 b6b7 e7f6 d5d6 e1c3 b7b5,85
4R1k1/2q2bpp/p7/nppp4/5R2/1BP2N1P/PP3PP1/6K1 b - -,f7e8 b3d5 e8f7 f4f7 c7f7 d5f7 g8f7 f3g5 f7e7 g5e4,257
r1b1kb1r/1p2qB1p/p1n3P1/4p3/4Q3/4B3/PPP2P1P/R3K2R b KQkq -,e8d7 e1a1 d7c7 d1d2 h7g6 e4g6 e7h4 f7d5 h4h7 g6g2,-135
6k1/6pp/3b4/pp5P/1p1PpN2/4P3/PP3rb1/1K4R1 b - -,d6f4 e3f4 e4e3 b1c1 e3e2 g1e1 g2f3 c1d2 f3h5 a2a3,-677
2r2r2/7k/7p/2R1Pq2/3p4/1P4P1/P3R1P1/2Q3K1 b - -,d4d3 e2d2 f5e5 c5e5 c8c1 g1h2 f8d8 g3g4 c1c6 h2g3,257
r1b1kb1r/ppp1qppp/2np1n2/4p1B1/2B1P3/3P1Q2/PPP1NPPP/RN2K2R b KQkq -,c6a5 h2h3 a5c4 d3c4 c7c6 b1c3 h7h6 g5e3 e7c7 b2b3,16
4k3/6Bp/5KpP/5pP1/5P2/8/8/8 b - -,c6a5 h2h3 a5c4 d3c4 c7c6 b1c3 h7h6 g5e3 e7c7 b2b3,Mate
8/3k1p2/1R4p1/3K3p/1p6/2b3P1/5P1P/8 b - -,d7e7 f2f3 c3d2 d5e5 d2c3 e5e4 c3d2 e4d5 d2e1 b6b8,92
4r1k1/pp3rpp/2p3n1/3q1p2/8/2P2NQ1/PP1B4/1K4R1 b - -,f5f4 g3g2 g6e5 f3g5 d5g2 g1g2 f7f5 d2f4 f5f4 g2g1,-615
r5k1/pp2qppp/3rb3/8/3Pp3/4Q3/PP2BPPP/R2R2K1 b - -,e6d5 a1c1 a8d8 e2c4 h7h6 h2h3 d5c4 c1c4 b7b6 e3f4,-18
2r5/p3k2p/1p1p2p1/5p1P/P2P1P2/1P3P2/3K4/R7 b - -,,0
rnk4r/pp1Nppbp/4b1p1/2p5/2P5/2N3P1/PP2PPBP/R1B2RK1 b - -,b8d7 c3a4 g7d4 c1f4 h7h6 a1c1 g6g5 f4d2 a8b8 b2b3,79
1rbq1rk1/5ppp/2nbpn2/2pp4/1pPP1N2/4P1P1/1P1N1PBP/R1BQR1K1 b - -,d6f4 c4d5 e6d5 g3f4 c5d4 d2b3 f6e4 f2f3 e4d6 e3e4,-77
r2q1rk1/1ppbp1bp/p2n2p1/3PpP2/P7/1BN1BQ1P/1PP2PP1/R4RK1 b - -,g6f5 g1h2 g8h8 g2g3 f5f4 g3f4 e5f4 e3d2 d6f5 c3e4,-44
rn1q2k1/p4pb1/2p2npp/1p3b2/P7/1P3PPN/1NPB2BP/R3Q1K1 b - -,d8d4 h3f2 d4b2 a4b5 b2c2 f3f4 b8d7 b5c6 d7b6 c6c7,-287
r4rk1/2q2ppp/2p5/pp3b2/5B2/2N2NP1/PPP2P1P/2KR3R b - -,c7c8 f3h4 h7h6 h4f5 c8f5 h1e1 f8e8 e1e8 a8e8 c3d5,-653
5rk1/R4pp1/2N4p/1p3RnP/1P2P3/1r3P2/6P1/6K1 b - -,b3b1 g1f2 b1b2 f2g3 b2b3 g3g4 b3b2 g2g3 b2b3 a7b7,400
4b1k1/2q3pp/p7/nppB4/5R2/2P2N1P/PP3PP1/6K1 b - -,c7f7 f4f5 f7d5 f5d5 a5b7 d5e5 e8c6 e5e6 c6f3 g2f3,Mate
r2q1rk1/p1p2ppp/2Nb4/3p1b2/3P4/2P4P/P4PP1/R1BQR1K1 b - -,d8f6 a2a4 f8e8 c6e5 d6e5 d4e5 e8e5 e1e5 f6e5 c1e3,-22
8/p5k1/2r5/3pp1p1/5qP1/1P6/P3Q1P1/3R2K1 b - -,c6h6 d1d3 f4c1 g1f2 h6f6 d3f3 e5e4 f3f5 g7g6 e2b5,-295
r1bq4/pp2nBbk/2np2pp/2p3B1/4p2Q/2NP4/PPP3PP/R4RK1 b - -,e4e3 c3d5 e7f5 f1f5 c8f5 g5d8 a8d8 g2g4 f5d7 d5e3,435
7r/ppp1kp1p/6n1/4pR2/4P2P/6P1/PPP2K2/RN1r4 b - -,d1c1 h4h5 g6f8 f2g2 f8e6 f5f1 c1c2 f1f2 c2c1 f2f1,-319
5r2/1p2b1k1/1qp1b2p/r3Ppp1/p2P4/3N1PP1/PPRQ2BP/5R1K b - -,a5d5 f3f4 b6d4 c2c3 d5b5 d2c1 e6a2 h2h3 a2g8 e5e6,-204
2kr3r/pp1n2p1/1qp1p1p1/3n1pP1/8/3RP1NP/PPP1Q1B1/1K5R b - -,d7e5 g2d5 e6d5 d3b3 b6c5 g3f1 c5e7 h3h4 h8e8 f1d2,-250
r2r2k1/pb2bppp/1pqppn2/2p5/3P1B2/2PBPN2/PP3PPP/R1QR2K1 b - -,a7a6 c3c4 c6e8 f4g3 f6e4 a1b1 a8c8 c1c2 e4g3 h2g3,-36
1rbq1rk1/5ppp/2n1pn2/2pp4/1pPP1P2/4P3/1P1N1PBP/R1BQR1K1 b - -,c5d4 c4d5 f6d5 d2b3 d4e3 f2e3 f7f5 h2h3 d8f6 d1e2,-95
2kr3r/pppqbppp/3pb3/4N3/1P6/2PBB3/P1PQ1PPP/R4RK1 b - -,d7e8 e5f3 c7c5 a1b1 e8d7 f1e1 h7h6 c3c4 g7g5 d2c3,535
r3kbnr/pppq1ppp/2n1p3/1B1p1b2/8/1P2PN2/PBPP1PPP/RN1Q1RK1 b kq -,f7f6 f3d4 f5g6 d4c6 a7a6 b5a6 b7a6 c6d4 f8d6 d4e2,39
r3r1k1/1pp2pp1/p2p3p/3P4/2PB2Pn/P4Q1P/BP1n1P2/R5KR b - -,d2f3 g1f1 f3d4 a1e1 e8e1 f1e1 h4f3 e1f1 g7g5 f1g2,-600
rn5r/3pkp1p/3bp1p1/1B6/1pR5/4P3/PP1B1PPP/R5K1 b - -,b8a6 b5a6 h8b8 a2a4 a8a6 g1f1 e7d8 b2b3 a6c6 a1c1,28
r2qk2r/1b2ppbp/2p3p1/pp1NP3/5B2/P2B3P/1PP2PP1/R2Q1RK1 b kq -,g6g5 d1g4 d8d5 g4g5 f7f6 g5h5 d5f7 h5e2 e7e6 a1d1,358
r4Rk1/p5p1/1p5p/8/8/5QP1/q4P1P/4R1K1 b - -,a8f8 f3e3 a2b2 e1e2 b2f6 e3b3 f6f7 b3b5 f7f3 h2h4,Mate
8/p7/1p6/1b2r3/3R1k1p/1B5P/PPP2KP1/8 b - -,e5e4 d4e4 f4e4 g2g3 h4g3 f2g3 b5e8 h3h4 e8h5 b3e6,421
5rk1/R4pp1/2p4p/1p2NRnP/1P2P3/2r2P2/6P1/6K1 b - -,g5e6 f5f7 f8f7 a7f7 c6c5 f7b7 e6f4 b7b8 g8h7 e5d7,218
rnbq1rk1/pp3pbp/6p1/2p1P3/2P1PBn1/2NB4/PP2N1PP/R2QK2R b KQ -,g4e5 c3d5 b8c6 e2c3 c8g4 d1d2 g6g5 f4e5 g7e5 d3e2,-64
r3k1qr/p2bn3/1pn1p1pp/3pPp2/P1pP1N1P/B1P3Q1/2P1BPP1/1R3RK1 b kq -,h8h7 a4a5 c6a5 a3e7 h7e7 f4g6 e7g7 h4h5 a5c6 g3f3,58
rn1qkbnr/pp2ppp1/2p5/3pPbNp/3P4/8/PPP2PPP/RNBQKB1R b KQkq -,e7e6 c2c4 f5b1 a1b1 f8b4 c1d2 d8g5 d2b4 d5c4 b2b3,4
2r2rk1/1p3p2/p2q2pp/3pNn2/2PP4/P2QP2P/5PP1/2R2RK1 b - -,d5c4 e5c4 d6e6 e3e4 f5d6 c4d6 e6d6 d4d5 b7b5 f1d1,186
r1b2rk1/p1q4p/1p1n1ppQ/2pPp3/4P3/2P3PP/PR3PBN/4R1K1 b - -,b6b5 h2f1 c8d7 f1d2 c5c4 h6e3 a7a6 f2f4 d6b7 f4e5,-32
rn1q2k1/p4pb1/2p2npp/1p3b2/P7/1P3PPN/1NP3BP/R1Q1B1K1 b - -,h6h5 h3f2 b8d7 a4b5 c6b5 e1a5 d8c8 c2c4 d7c5 a1a3,-84
8/2R2p2/5kp1/pp6/n3p2P/R5P1/3r4/5K2 b - -,d2d3 a3d3 e4d3 f1e1 a4b2 c7b7 b5b4 e1d2 f6e5 g3g4,-5
8/8/8/R4p1k/7P/8/p5PK/5r2 b - -,d2b2 g3g4 b2h2 c7b7 a4b2 b7b5 b2c4 a3a4 c4d2 f1e1,Mate
5k2/p5p1/2p3Pp/3B1p1P/8/5K2/P4P2/8 b - -,a7a6 d5c6 f8e7 f3f4 e7e6 c6a4 a6a5 a4c2 e6e7 f4f5,1019
r2qr1k1/5p2/2p1bp1Q/1pPp3p/1P1P4/3B2P1/6PP/1n1N1RK1 b - -,b1c3 d3h7 g8h8 d1c3 d8c7 c3e2 e6g4 h7f5 h8g8 e2f4,634
r1b1qrk1/ppp2pbp/n5p1/3Pp1B1/4P3/3B1N1P/PP3PP1/R2QK2R b KQ -,a6b4 d3c4 b7b5 a2a3 b5c4 a3b4 f7f5 f3d2 f5e4 e1h1,92
r3kbnr/pppq1ppp/2n1p3/1B1p1b2/3P4/1P2PN2/PBP2PPP/RN1QK2R b KQkq -,f7f6 a2a3 g7g5 b1d2 h7h5 a1c1 g8e7 c2c4 a7a6 b5a4,3
r2qr1k1/1b3pbp/p2Ppnp1/3n2B1/Qp2N3/1BNP4/PP3PPP/R3R1K1 b - -,d5c3 b2c3 b7e4 d3e4 h7h6 g5f6 d8f6 e4e5 f6g5 a4a5,203
3rr1k1/p4q1p/1ppnp3/3P1pp1/1PP5/P1QN1P1P/1B4P1/4R1K1 b - -,g8f8 d5c6 e8e7 d3e5 f7g7 c4c5 d6e8 b4b5 f8g8 a3a4,393
5rk1/R4pp1/2N4p/1p3RnP/1P2P3/5PK1/1r4P1/8 b - -,b2b1 f5b5 g8h7 b5e5 b1b3 b4b5 f8c8 a7a5 b3b2 a5a4,349
r1bqr1k1/pp1n1ppp/2pb1n2/3p2B1/3P4/2NB1N1P/PPP2PP1/R2QR1K1 b - -,d8b6 e1e8 f6e8 c3a4 b6c7 d1e2 e8f6 a1e1 b7b6 f3e5,30
rn1qk2r/pp1b1ppp/3bp3/3n4/2BQ4/2P2N2/PP3PPP/RNB1K2R b KQkq -,h8g8 c4d5 e6d5 d4d5 d8e7 c1e3 b8c6 b1d2 d6c7 e1a1,112
r1bqk2r/pppn1ppp/5n2/4p3/1b2P3/2N1BP2/PPPQ2PP/R3KBNR b KQkq -,e8h8 a2a3 b4c5 e1a1 c5e3 d2e3 c7c6 g1e2 d8b6 e3d2,18
rn1qkbnr/pp3pp1/2p1p3/3pPbNp/3P4/5Q2/PPP2PPP/RNB1KB1R b KQkq -,f8e7 h2h4 c6c5 d4c5 b8c6 f3c3 d5d4 c3b3 d8a5 c2c3,-94
3r4/ppp1kp1p/6n1/4p3/4P2P/5RP1/PPP2K2/RN1r4 b - -,d1c1 f3b3 d8d1 f2f3 c1b1 a1b1 d1b1 b3b7 e7d7 b2b3,-345
r3kb1r/ppp1qppp/2npbn2/4p1B1/2B1P3/2NP1Q2/PPP1NPPP/R3K2R b KQkq -,e7d8 g5f6 d8f6 f3f6 g7f6 c3d5 e8a8 d5f6 c6b4 e1a1,69
r2q1rk1/1p1b2pp/p1pbp3/3p4/PPPPP3/5NP1/2Q3BP/1R3RK1 b - -,d5c4 a4a5 b7b5 a5b6 d8b6 c2c4 b6b5 c4a2 b5d3 g1h1,10
8/6p1/4k3/2P5/5N2/5P2/5P1P/4K3 b - -,e6e7 e1e2 e7d7 f4d3 d7e6 e2e3 e6f7 e3e4 f7e6 f3f4,9605
1r1q3r/1bp1k1pp/1n2pp2/N2nN3/Pp1P4/1Q4P1/4PPBP/R1R3K1 b - -,d8d6 a5b7 b8b7 c1c6 f6e5 c6d6 c7d6 d4e5 h8c8 e5d6,459
1n5r/3pkp1p/3bp1p1/rB6/1R6/4P3/PP1B1PPP/R5K1 b - -,a5a7 b4e4 h8c8 d2c3 g6g5 a2a4 f7f5 e4c4 c8c4 b5c4,181
2r2rk1/1p2np2/p2q2pp/3PN3/3P4/P2QP2P/5PP1/2R2RK1 b - -,d6d5 e5g4 g8g7 e3e4 d5d6 d3d2 e7g8 d4d5 f7f6 g4e3,271
r3kbnr/pppq1ppp/2n1p3/1B1p1b2/2P5/1P2PN2/PB1P1PPP/RN1QK2R b KQkq -,f7f6 c4d5 e6d5 f3d4 g8e7 d4f5 e7f5 d2d4 f8b4 b1c3,60
8/p3k1pp/5p2/3Q4/2pP4/P5PP/1P4PK/1q6 b - -,h7h5 d5c5 e7d7 c5a7 d7d6 a7c5 d6d7 c5c4 b1b2 c4f7,450
4N3/8/8/5r2/8/5k2/8/5K2 b - -,h7h5 d5c5 e7d7 c5a7 d7d6 a7c5 d6d7 c5c4 b1b2 c4f7,Mate
r1bqkb1r/pp1n1ppp/5n2/1B1pp3/3P4/7P/PPP2PP1/RNBQK1NR b KQkq -,e5e4 g1e2 a7a6 b5d7 c8d7 b1c3 f8e7 e1h1 e8h8 f2f3,-46
r3k2r/pp1nppbp/2p1b3/8/P1N1P1p1/2NPB3/1P2KPPP/2R4R b kq -,h8f8 f2f4 g4f3 g2f3 f7f5 h1g1 g7h8 b2b3 f5e4 c3e4,22
r2q1rk1/1b3ppp/1p2pb2/2P5/1P1Pp3/4B2P/4BPP1/2RQ1RK1 b - -,d8e8 b4b5 b7d5 c5c6 f6e7 e3f4 e7a3 c1c3 a3b4 c3g3,142
r1bq2k1/pp1n1ppp/2pb1n2/3p2B1/3P4/2NB1N1P/PPP2PP1/R3Q1K1 b - -,a7a5 e1d2 a5a4 a2a3 h7h6 g5f4 d6f4 d2f4 d7f8 c3e2,19
3rrk2/p4q1p/1ppnp3/3PNpp1/1PP5/P1Q2P1P/1B4P1/4R1K1 b - -,e6d5 e5f7 d5d4 e1e8 d6e8 f7d8 d4c3 b2c3 c6c5 b4c5,551
4r1k1/pp3rpp/2p3n1/3q4/5p2/2P2N1Q/PP1B4/1K4R1 b - -,d5d3 b1c1 g6e5 g1f1 e5f3 f1f3 d3e2 h3h1 e8d8 d2f4,-632
r2q1rk1/pp3ppp/2np1n2/4p3/1b2PP2/1PNB4/1PPB2PP/R2Q1RK1 b - -,h7h6 g1h1 f8e8 d3c4 e5f4 f1f4 c6e5 c3d5 f6d5 c4d5,32
r1b2rk1/p5qp/1p1n1pp1/2pPp3/4P3/2P3PP/PR3PBN/2Q1R1K1 b - -,b6b5 f2f4 c8d7 b2f2 a7a5 c1e3 d6c4 e3c1 a8e8 h2f3,-19
r2qr1k1/1b3pbp/p2Ppnp1/3B2B1/Q3N3/2pP4/PP3PPP/R3R1K1 b - -,b7d5 g5f6 d8b6 b2c3 d5e4 d6d7 e8b8 d7d8r b8d8 f6d8,213
5r2/R4ppk/2N1n2p/3R3P/1P2P3/5PK1/1r4P1/8 b - -,h7h8 b4b5 h8g8 d5f5 b2b1 f5e5 g8h8 e5d5 b1b3 c6e5,387
8/8/2Q5/1p2kp1p/1P6/6PK/1q6/8 b - -,b2b4 c6e8 e5d4 e8h5 b4e1 h5h8 e1e5 h8f8 e5c5 f8f6,-203
8/5kpp/8/pp5P/1p1PpP2/8/PP1K4/5b2 b - -,f7e6 a2a4 b4a3 h5h6 g7h6 b2a3 f1d3 d2c3 h6h5 c3d2,-1234
rn1qk2r/ppp1bppp/2b1pn2/3p4/2PP4/5NP1/PPQ1PPBP/RNB2RK1 b kq -,d5c4 c2c4 e8h8 b1c3 a7a6 c4d3 b8d7 f1d1 e7b4 c1d2,44
1rbq1rk1/5ppp/5n2/2pp4/1p3P2/1Q4P1/1P3PBP/R1B1R1K1 b - -,c5c4 b3c2 d8b6 h2h3 c8e6 c1d2 f8c8 f4f5 b4b3 c2b1,-207
r5k1/1pp1qpp1/p1n2n1p/8/2BP4/P1PQ1N1P/1P4P1/5RK1 b - -,e7e8 f3h2 g8h8 h2g4 f6g4 h3g4 c6d8 d3g3 c7c6 f1e1,143
8/8/pp1k3p/3p1pp1/1P1K4/PbN1PP1P/6P1/8 b - -,h6h5 g2g3 d6e6 h3h4 g5h4 g3h4 e6d6 f3f4 a6a5 c3e2,42
rnb5/pppn1k1p/4p3/1B1p4/1P6/8/5PPP/qN1Q1KNR b - -,f7e7 b5d3 a7a5 d3h7 d7f6 h7c2 a5b4 g2g4 a8a2 f1g2,-278
rn1q1rk1/1b4p1/2p4p/pp1p1Bb1/5PN1/1P4P1/1BQ1P2P/R1R3K1 b - -,b8a6 f5e6 g8h8 f4g5 d8g5 h2h4 g5h5 g4e5 f8f6 e6g4,436
8/p4pkp/1p3pp1/8/3QP1qP/2P3P1/PP3P2/2K5 b - -,g4e2 a2a4 e2e1 c1c2 h7h6 c2b3 g6g5 h4g5 h6g5 b3a2,125
r1bq1rk1/ppp1bppp/2n5/3pN3/3P4/2PB4/P4PPP/R1BQR1K1 b - -,c6e5 d4e5 c8e6 d1c2 g8h8 c1e3 c7c5 f2f4 d8c8 a2a4,-70
8/8/1p4B1/p5kP/8/2P5/PP2bK2/8 b - -,e2a6 a2a3 a6c4 f2f3 g5f6 f3e4 c4b3 e4f4 a5a4 f4e3,644
6N1/8/8/5r2/8/5k2/8/5K2 b - -,e2a6 a2a3 a6c4 f2f3 g5f6 f3e4 c4b3 e4f4 a5a4 f4e3,Mate
rn1qk1nr/pppbbpp1/3pp3/4P3/2BP3p/2N2N2/PPP2PPP/R1BQ1RK1 b kq -,d6d5 c4d3 h4h3 g2g3 g8h6 a2a3 a7a6 c3e2 g7g5 c2c3,75
1n5r/3pkp1p/4p1p1/rB6/1B6/4P3/PP3PPP/R5K1 b - -,d7d6 b4a5 e6e5 a5c3 h8c8 a2a4 e7e6 a4a5 c8c7 a5a6,632
3qr1k1/r4p2/2p1b2Q/1pPp1p1p/1P1P4/4N1P1/6PP/1B3RK1 b - -,e6c8 b1f5 f7f6 h2h4 c8f5 e3f5 a7h7 h6g6 g8h8 f5d6,195
8/7Q/8/2p3p1/k5P1/8/8/6K1 b - -,e6c8 b1f5 f7f6 h2h4 c8f5 e3f5 a7h7 h6g6 g8h8 f5d6,Mate
1r1q3r/1Np1k1pp/1n2p3/3np3/Pp1P4/1Q4P1/4PPBP/R1R3K1 b - -,b8b7 e2e4 d5f6 d4e5 f6d7 a4a5 c7c5 g2h3 h8e8 c1d1,154
r2qr1k1/1b3pbp/p2P1Np1/3p2B1/Q7/2pP4/PP3PPP/R3R1K1 b - -,g7f6 a4e8 d8e8 e1e8 a8e8 g5f6 c3b2 f6b2 e8d8 b2a3,114
r3r1k1/1pp2pp1/p2p3p/3P4/2P1n1P1/P3Bn1P/BP3P2/R4K1R b - -,e8e7 a1c1 f3h4 a2b1 f7f5 c4c5 a8f8 c5d6 c7d6 f1e2,-89
1r6/8/r7/6k1/8/8/2K5/8 b - -,g7g5 a2b1 f3h4 f1e2 f7f5 g4f5 h4f5 h1g1 e8e5 b1e4,Mate
r1b2rk1/pp1p3p/5ppB/q2N1p2/4P3/1B6/PPP2PPP/R4RK1 b - -,a5d8 f1e1 a7a5 e4f5 a5a4 d5f6 g8h8 h6f8 d8f8 e1e8,424
5k2/p5p1/2p3Pp/3r1p1P/2B2K2/8/P4P2/8 b - -,d5d4 f4e5 d4c4 f2f3 c4a4 f3f4 a4e4 e5d6 e4f4 d6e5,-835
7r/ppp2p1p/4k1n1/4pR2/4P2P/6P1/PPP1K3/RN1r4 b - -,h8d8 f5f1 d1f1 e2f1 d8d1 f1e2 d1g1 a2a4 g6e7 a4a5,-328
r2q1rk1/1bpnbppp/pp1p1n2/4p3/P1BPP3/2N1BN1P/1PP2PP1/R2QR1K1 b - -,h7h6 d1d3 c7c6 a1d1 b6b5 c4a2 b5b4 d4e5 d7e5 f3e5,65
rnb5/pppnk2p/4p3/1B1p4/1P6/6P1/5P1P/qN1Q1KNR b - -,a7a5 g1f3 a5b4 f1g2 c7c6 b5d3 h7h6 d1d2 c6c5 d2h6,-269
r2q1rk1/pb1n1pbp/1pp1p1p1/8/P1BPP3/1QN5/1P3PPP/R1BR2K1 b - -,d8e7 c1e3 a8b8 c4f1 a7a6 h2h3 f8d8 a1c1 b6b5 b3c2,61
1k1r3r/pp1n1Np1/1qp1p1p1/3n1pP1/8/3RP2P/PPP1Q1B1/1K5R b - -,h8e8 f7d8 b6d8 h3h4 d8c7 d3d2 d7e5 h1c1 b7b5 g2d5,107
2r5/R1nR1ppk/2N4p/1P5P/4P3/5PK1/1r4P1/8 b - -,f7f6 a7c7 c8c7 d7c7 b2b5 c6e7 b5h5 e7f5 h5g5 g3f2,583
r1b1r1k1/pp1p1p1p/1q4pB/3Pb3/8/3B3P/PP3PP1/1R1Q1RK1 b - -,b6b4 f1e1 d7d6 e1e4 b4b6 h6e3 b6d8 e4b4 a7a5 b4b5,51
8/8/2Q5/1p2kp1p/1P6/6P1/1q6/6K1 b - -,b2b4 g1h2 b4c4 c6e8 e5d4 e8h5 c4c2 h2h3 b5b4 h5h6,-274
r1bq1rk1/1pp2pp1/p1np2Np/4p3/2B1P1n1/P1NPP3/1PP3PP/R2Q1RK1 b - -,g4e3 d1f3 e3f1 g6f8 d8f8 a1f1 c8e6 c3d5 e6d5 c4d5,-103
rn1qk1nr/pp3pp1/2p1p3/3pPbNp/1b1P4/2P2Q2/PP3PPP/RNB1KB1R b KQkq -,b4e7 f3e3 g8h6 g5f3 a7a6 f1d3 c6c5 e3e2 b8c6 c1h6,-32
rnbqkbnr/ppp2p1p/8/3pp1P1/2PP4/8/PP2P1PP/RNBQKBNR b KQkq -,d5c4 d4d5 f8c5 e2e4 b7b5 a2a4 c7c6 g1f3 g8e7 a4b5,76
r2qR1k1/1b3p1p/p2P1bp1/3p2B1/Q7/2pP4/PP3PPP/R5K1 b - -,d8e8 a4e8 a8e8 g5f6 c3b2 f6b2 e8d8 b2a3 b7c6 d3d4,104
1rbr2k1/2q2pp1/p1pb1n1p/n7/P7/2NNB2P/1PP1BPP1/R2Q1RK1 b - -,a5c4 g1h1 c4e3 f2e3 c7e7 d1e1 e7e3 e2f3 e3g5 a1d1,-110
r2r1b2/p4kpp/bnpp1p2/2P2N2/5B1P/6R1/PP3PP1/2KR1B2 b - -,a6c8 f5d6 f8d6 f4d6 b6d5 g3b3 a7a5 f1c4 c8a6 c4d5,422
8/8/1p2b1B1/6kP/p1PK4/1P6/P7/8 b - -,e6d7 d4e5 a4a3 e5d6 d7g4 c4c5 b6c5 d6c5 g5f6 c5b4,626
8/8/5R2/8/7n/8/5K1k/8 b - -,h2h3 f2e3 h3g3 f6f1 g3g4 f1b1 g4f5 b1b4 h4g2 e3d4,11
1r1q1r1k/p5b1/3p3p/2p2n2/2P1QB2/2N5/PP4PP/R4RK1 b - -,b8b2 c3d5 d8h4 a1d1 b2a2 d1d3 a2a1 f1a1 g7a1 d3f3,-38
r1bq1rk1/1pp2pp1/p1np2Np/4p3/2B1P3/P1NPnQ2/1PP3PP/R4RK1 b - -,e3f1 g6f8 d8f8 a1f1 c8e6 c3d5 b7b5 c4a2 a6a5 f3g3,-108
r4rk1/3pb1pp/2b1p3/4P3/2B5/2N5/PP3PPP/R4RK1 b - -,f8f5 a1e1 e7b4 g2g3 h7h5 e1e2 b4c3 b2c3 g7g5 c4b3,51
r4k1r/ppb2p2/2p1q2p/3nP2Q/3P4/P4NR1/1P3P1P/2KR4 b - -,d5f4 h5h4 f4e2 c1d2 e2g3 h2g3 c7d8 h4e4 d8g5 d2c2,-438
r3Q1k1/1b3p1p/p2P1bp1/3p2B1/8/2pP4/PP3PPP/R5K1 b - -,g8g7 g5f6 g7f6 e8e7 f6g7 e7b7 a8d8 d6d7 c3c2 b7c7,1107
5r2/1p2b1k1/1qp1b2p/3rPpp1/p2P4/5PP1/PPRQ2BP/2N2R1K b - -,d5d4 d2e3 f8d8 c1e2 d4b4 e3b6 b4b6 e2c3 b6b4 f3f4,-224
1rbr2k1/2q2pp1/p1pb1n1p/8/P1n5/2NNBB1P/1PP2PP1/R2Q1RK1 b - -,c4e3 f2e3 b8b2 c3e4 d6e7 d1e2 b2b8 e4f6 e7f6 a1d1,-86
r2q1b1r/1p2pk1p/p1n3p1/3p3n/3P4/5P1B/PP3P1P/RNBQR1K1 b - -,f7g7 h3e6 d8d6 b1c3 h7h6 e6d5 g7h7 e1e6 d6d7 e6e4,185
3r4/ppp2p1p/4k1n1/4p3/4P2P/5RP1/PPP1K3/RN1r4 b - -,d1c1 f3d3 d8d3 e2d3 c1g1 d3e2 g6e7 e2f2 g1c1 f2f3,-376
3r2k1/pppr4/3p1p2/4pNp1/2n1P3/2P2R1P/P1P2PP1/R5K1 b - -,g8f7 h3h4 g5h4 f3h3 d8h8 a1d1 c4b6 f2f3 d6d5 d1d3,-96
8/8/p4p2/1p1pk2K/1P6/P1P1P3/8/8 b - -,e5e4 h5g6 f6f5 g6f6 e4e3 f6e5 e3d3 e5d6 f5f4 d6c6,-905
2r5/1R1R1ppk/2N4p/1n5P/4P3/5PK1/1r4P1/8 b - -,b2b3 c6e7 c8f8 e7g6 f8g8 d7f7 b5d6 f7g7 g8g7 b7b3,506
r1b3k1/pp1p1r1p/5NpB/q4p2/4P3/1B6/PPP2PPP/R4RK1 b - -,g8h8 b3f7 a5e5 f6e8 d7d6 e4f5 c8f5 h6g7 e5g7 e8g7,621
rnb5/1ppnk2p/4p3/pB1p4/1P6/6P1/5PKP/qN1Q2NR b - -,a5b4 g1f3 c7c6 b5d3 h7h6 d1d2 c6c5 d2h6 a1f6 h6h7,-290
r1bqrnk1/p5pp/1p3b2/2ppp1N1/7P/2PBPQB1/PP3PP1/2KR3R b - -,b6b5 d3b5 e5e4 f3f4 c8b7 b5c4 d8d7 g5e4 e8e4 f4e4,140
r1bR1r2/pp2bppk/2n1p3/4P3/4n3/5N2/PPQ2PPP/R1B3K1 b - -,f8d8 c2e4 h7g8 c1g5 d8d5 h2h4 c8d7 h4h5 d7e8 h5h6,395
r2q1rk1/ppp2ppp/2nBb3/3p4/3P4/2PB1N1P/P4PP1/R2QR1K1 b - -,,0
4r1k1/1b3p1p/p2P1Bp1/3p4/8/2pP4/PP3PPP/R5K1 b - -,b7c6 f6c3 c6b5 f2f3 f7f5 c3b4 g8f7 a1c1 b5d7 b4d2,238
1k1r3N/pp4p1/1qp1p1p1/2nn1pP1/8/3RP2P/PPP1Q1B1/1K5R b - -,e6e5 g2d5 c5d3 d5b3 d3c5 h8f7 d8e8 f7d6 e8d8 d6c4,290
8/6pp/4k3/pp5P/1p1PpP2/4K3/PP6/5b2 b - -,e6d5 e3f2 f1d3 f2e3 h7h6 e3d2 d5d4 d2e1 e4e3 e1d1,-1240
8/Q3p1bk/1p1r2pp/5p2/1PqP4/4PN2/P5PP/4R1K1 b - -,g7f6 a7a3 d6c6 a3b2 b6b5 e1e2 c4d3 g1f2 g6g5 f3e1,-21
8/p5k1/7r/4p1p1/6P1/1P6/P3Q1P1/2qR2K1 b - -,c1c5 e2f2 h6h1 g1h1 c5f2 d1d5 f2e1 h1h2 e1h4 h2g1,-767
1rbr2k1/2q2pp1/p1pb1n1p/8/P7/2NNPB1P/1PP3P1/R2Q1RK1 b - -,b8b2 c3e4 d6e7 d1e2 b2b8 e4c5 f6d7 c5d7 c8d7 g1h1,-86
r2q2k1/1ppbp1bp/p2n2p1/3Ppr2/P7/1BN1B2P/1PP1QPP1/R4RK1 b - -,a6a5 f2f3 h7h6 f1e1 g8h7 e3f2 a8c8 c3e4 d6e4 e2e4,116
8/5ppp/8/p2k4/P7/3K4/5PPP/8 b - -,h7h5 h2h4 d5c5 d3c3 f7f6 f2f3 g7g5 g2g3 g5h4 g3h4,-26
8/8/8/8/5R1n/7k/5K2/8 b - -,h4g6 f4f3 h3g4 f3g3 g4f5 f2f3 g6h4 f3e3 h4g6 g3g1,11
r4rk1/p4pbp/n1p2q2/4p2R/1P2P3/2N1B3/1PP4Q/2KR4 b - -,f8e8 h5h7 e8e6 d1g1 f6g6 h7h3 a6c7 g1g6 e6g6 b4b5,592
3Q1q2/7p/p5pk/3R1p2/P2prP1P/6P1/1PP1p3/4K3 b - -,f8e8 h5h7 e8e6 d1g1 f6g6 h7h3 a6c7 g1g6 e6g6 b4b5,Mate
5r2/1p2b1k1/1qp1b2p/4Ppp1/p2r4/5PP1/PPR2QBP/2N2R1K b - -,f8d8 c1e2 d4b4 f2b6 b4b6 e2c3 b6b4 f3f4 b4d4 h2h3,-229
r1bq1rk1/1p2b1pp/2p1p3/1PPp1p2/3P4/2N1P1P1/3Q1PBP/1R3RK1 b - -,c8d7 b5b6 d7e8 f1c1 g7g5 b1a1 e8h5 c3a2 d8d7 d2c3,76
8/p5k1/7r/3Rp1p1/5qP1/1P6/P3Q1P1/6K1 b - -,f4c1 g1f2 h6f6 e2f3 e5e4 f3f6 g7f6 f2e2 f6e6 d5d8,-710
r3kbnr/ppp2ppp/2Bqp3/3pNb2/8/1P2P3/PBPP1PPP/RN1QK2R b KQkq -,b7c6 d2d4 c6c5 d1e2 a8b8 g2g4 c5d4 e3d4 f5g6 h2h4,73
8/6pp/8/pp1k3P/1p1PpP2/1P2K3/P7/5b2 b - -,b7c6 d2d4 c6c5 d1e2 a8b8 g2g4 c5d4 e3d4 f5g6 h2h4,Mate
8/5p2/5P2/ppp3k1/8/PPP5/2K5/8 b - -,g5f5 c2d3 f5f6 d3e4 f6e6 e4d3 e6e5 d3c2 e5e4 c2d2,-789
3r4/ppp2p1p/4k1n1/4p2P/4P3/5RP1/PPP1K3/RN4r1 b - -,g6e7 f3f1 g1f1 e2f1 d8d1 f1e2 d1h1 b2b3 e7c8 c2c4,-374
rnbqk2r/3nbppp/p2pp3/1p4P1/3NP2P/2N1B3/PPP2P2/R2QKB1R b KQkq -,e8h8 a2a3 c8b7 d1d2 b8c6 e1a1 d7c5 f2f3 a8b8 c1b1,45
8/1R3Rpk/2r4p/1n5P/4P3/5PK1/1r4P1/8 b - -,h7g8 f7g7 g8h8 g7d7 c6c8 d7h7 h8g8 h7h6 c8c2 h6g6,505
rn1q1rk1/1b6/2p2p1p/pp1p1B2/4PP2/1P4P1/1BQ4P/R1R3K1 b - -,d5d4 c1d1 d8e7 d1d4 b8a6 c2d1 b7c8 f5c8 a8c8 d4d7,325
5k2/p5p1/6Pp/3p1p1P/5K2/8/P4P2/8 b - -,f8e8 f4f5 e8d7 f5e5 d7c6 f2f4 c6c5 f4f5 d5d4 e5e4,789
r1bq1rk1/1pp2pp1/p1np2Np/4p3/2B1P3/P1NP1Q2/1PP3PP/5RK1 b - -,c8e6 g6f8 c6d4 f3f2 e6c4 d3c4 d8f8 c3d5 d4e6 f2h4,-132
8/p3k1pp/5p2/8/2QP4/P5PP/1q4PK/8 b - -,b2b6 c4g8 g7g5 g8h7 e7d6 h7d3 d6d5 h3h4 g5h4 g3h4,357
rnb1kbnr/ppp2ppp/3p4/4P3/1q6/2N2NP1/PPPPP1BP/R1BQK2R b KQkq -,b8c6 a2a3 b4a5 d2d4 d6e5 d4d5 e5e4 d5c6 e4f3 g2f3,387
2r2rk1/1p3p2/p1q3pp/3n4/2NPP3/P2Q3P/5PP1/2R2RK1 b - -,d5b6 c4b6 c6b6 d4d5 b6d6 c1d1 d6e5 f2f4 e5c3 e4e5,242
3r1rk1/1pq2pp1/pNb1pn2/8/2PRp1Pp/1QP1P2P/P4PB1/1R4K1 b - -,f6h7 c4c5 c7e7 b1d1 h7g5 d4d8 f8d8 d1d6 d8f8 b6d7,-46
r4k1r/ppb2p2/2p1q2p/3nP2Q/3P2R1/P4N2/1P3P1P/2KR4 b - -,h8g8 g4g8 f8g8 d1g1 g8f8 g1g4 a8d8 g4h4 f8e7 h4g4,-291
5rk1/3pb1pp/2b1p3/r3P3/2B5/2N5/PP3PPP/4RRK1 b - -,e7b4 e1e3 f8f4 b2b3 f4f5 f1e1 b4c5 e3e2 c5b4 e1c1,36
r3k2r/1b2ppbp/2p3p1/pp1qP3/5B2/PP1B3P/2P2PP1/R2Q1RK1 b kq -,a5a4 f1e1 e8h8 d3e4 d5d1 e1d1 g6g5 f4g3 f7f5 e5f6,32
rn1qkb1r/pb3ppp/1p2pn2/1Bpp4/3P4/1P2PN2/PBPN1PPP/R2QK2R b KQkq -,b7c6 b5d3 b8d7 f3e5 c6b7 f2f4 f8e7 e1h1 e8h8 d1e2,33
r1br2k1/1pn2ppp/p1q1pn2/4N3/PP5Q/2PBP3/3N1PPP/R3K2R b KQ -,c6c3 d3h7 g8f8 e1h1 c3e5 d2c4 e5h5 h4h5 f6h5 a1d1,-278
r2r2k1/pb2bppp/1pqpp3/2p5/3PnB2/2PBP3/PP3PPP/R1QRN1K1 b - -,g7g5 f4g3 h7h5 f2f3 e4g3 h2g3 d6d5 d3c2 c5c4 e3e4,-68
r5k1/1pp2pp1/p1n2n1p/8/2BPQ3/P1P2N1P/1P4P1/5RK1 b - -,a8e8 e4f4 b7b5 c4a2 c6e7 f3e5 e8b8 e5f7 e7d5 a2d5,845
3r4/ppp1np1p/4k3/4p2P/4P3/3R2P1/PPP1K3/RN4r1 b - -,d8d3 c2d3 e7c6 e2f2 g1c1 a2a4 c6d4 a4a5 d4c2 a1a3,-468
r1bqk1nr/1ppp1ppp/p1n5/b3p3/2BPP3/1QP2N2/P4PPP/RNB1K2R b KQkq -,d7d6 c4f7 e8f8 e1h1 g8f6 f3e5 d8e7 e5c6 b7c6 f7c4,175
2bq1rk1/6pp/3p4/p2Pn2n/1rp1Pp2/5P2/NP1QBBPP/R3K2R b KQ -,b4b7 a2c3 d8g5 g2g4 h5f6 h2h4 g5g6 h4h5 g6e8 h5h6,41
8/5k1p/7P/6B1/4K3/8/8/8 b - -,,0
8/p5k1/2r5/4p1p1/3p1qP1/1P6/P3Q1P1/4R1K1 b - -,c6c1 e1c1 f4c1 g1h2 c1c5 g2g3 c5d6 e2d3 d6d5 d3a6,-108
r1b1kbnr/ppp2ppp/2np4/4P3/1q6/P1N2NP1/1PPPP1BP/R1BQK2R b KQkq -,b4a5 d2d4 d6e5 d4d5 e5e4 d5c6 e4f3 g2f3 g8e7 c1d2,388
r6k/pp4p1/1bp2n1p/6nq/5Qb1/PBN3P1/1PPBR2P/5R1K b - -,b6c7 f4e3 c7b6 e3f4 a8d8 e2e7 g4f3 f1f3 g5f3 e7e2,-470
r4rk1/1b1nbppp/p1npp3/qp4PQ/3NP2P/P1N1B2B/1PP2P2/2KR3R b - -,b5b4 d4b3 a5c7 a3b4 a6a5 b4b5 c6e5 b3d2 a5a4 e3d4,-94
rnbqkb1r/pp2pppp/5n2/2pp4/3P4/P1NBP3/1PP2PPP/R1BQK1NR b KQkq -,b8d7 g1f3 g7g6 a3a4 f8g7 e1h1 e8h8 b2b3 b7b6 a4a5,-14
8/8/pp1k3p/3p2p1/1P1K1P2/PbN2P1P/6P1/8 b - -,b3c4 f4g5 h6g5 g2g3 a6a5 h3h4 a5b4 a3b4 g5h4 g3h4,461
r1bq1rk1/pp1nbppp/4pn2/8/3P4/4BB2/PP2NPPP/RN1Q1RK1 b - -,d7b6 b1c3 b6d5 e3d2 c8d7 c3d5 f6d5 f3d5 e6d5 e2f4,-19
8/ppp1np1p/4k3/4p2P/4P3/3P2P1/PP2K3/RN4r1 b - -,e7c6 e2f2 g1c1 g3g4 e6f6 f2g3 f6g5 b2b4 c6d4 a2a4,-518
7k/1R4R1/7p/1n5P/4P3/5P1K/1rr3P1/8 b - -,c2c5 g7h7 h8g8 h7d7 c5h5 h3g4 h5g5 g4f4 g8h8 d7h7,456
8/p4pkp/1p3pp1/8/4P2P/2P1Q1P1/PP2qP2/2K5 b - -,e2a6 c1b1 a6b5 a2a3 a7a5 e3d4 a5a4 c3c4 b5a5 b1a2,121
r3kbnr/ppp2ppp/2Nqp3/1B1p1b2/8/1P2P3/PBPP1PPP/RN1QK2R b KQkq -,b7c6 b5a4 e6e5 e1h1 g8f6 d2d3 f8e7 b2a3 d6e6 d1c1,58
r1bq1rk1/3nbppp/2n1p3/2ppP3/pp3B1P/3P1NP1/PPPQ1PB1/R3RNK1 b - -,a4a3 b2b3 c8b7 h4h5 f7f6 d3d4 c5d4 e5f6 d7f6 e1e6,-68
r5k1/ppb2p2/2p1q2p/3nP2Q/3P4/P4N2/1P3P1P/2K3R1 b - -,g8f8 g1g4 a8d8 g4h4 f8e7 h4g4 e7d7 g4g7 d8f8 g7h7,-322
8/8/pp1k3p/3p4/1P1K1p2/Pb3P1P/4N1P1/8 b - -,d6e6 e2f4 e6d6 g2g4 b3d1 f4d5 d1f3 d5b6 d6e6 b6c4,437
3q3r/1rpnk1pp/1n2p3/P3P3/1p2P3/1Q4P1/5PBP/R1R3K1 b - -,d7e5 a5b6 d8d4 b6c7 e5d3 c1d1 d3c5 b3a2 b4b3 a2e2,120
r4rk1/4qppp/2pB4/pp3b2/8/2N2NP1/PPP2P1P/2KR3R b - -,e7f6 d6f8 f5g4 f8e7 f6f3 h1f1 h7h6 d1e1 g4f5 e7c5,-584
8/6p1/2P1k3/3N4/8/5P2/5P1P/4K3 b - -,e7d8 d6f8 d8f8 h1e1 a8e8 e1e8 f8e8 a2a4 b5b4 d1e1,Mate
rnbq1rk1/p3bppp/2p2p2/1p6/3P4/3BB3/PPP1QPPP/2KR2NR b - -,b8a6 c2c3 d8a5 a2a3 e7a3 b2a3 a5c3 e2c2 c3a3 c2b2,-36
8/p3k1pp/5p2/2Q5/2pP4/P5PP/1q4PK/8 b - -,e7e6 c5c4 e6f5 c4c5 f5g6 c5a7 h7h5 h3h4 g6h6 a3a4,454
rnbq1rk1/8/2p2p1p/pp1P1B2/5P2/1P4P1/1BQ4P/R1R3K1 b - -,d8b6 g1f1 c8f5 c2f5 b6c7 d5c6 a8a6 b2f6 c7f7 f5g4,362
2K5/2P1k3/8/3R4/8/8/2r5/8 b - -,c2c3 d5b5 e7d6 b5b7 c3c6 c8b8 d6c5 b7b1 c5d4 b8b7,9605
4r1k1/1b3p1p/p2P2p1/3p4/8/3P4/PB3PPP/R5K1 b - -,b7c6 a1c1 c6d7 f2f3 e8c8 c1d1 g8f8 d1b1 f8e8 b2e5,134
4r1k1/1p2r3/p1p1pq1p/P2pRbp1/3P4/1NP1Q2P/1P3PP1/4R1K1 b - -,e7f7 f2f3 e8f8 b3c5 f6g6 c5e6 f5e6 e5e6 f7f6 e6e7,260
2kr3r/Bppqbppp/3pb3/4n3/1P6/2PB1N2/P1PQ1PPP/R4RK1 b - -,d7a4 a7d4 e5f3 g2f3 c7c5 d4e3 e7f6 f1d1 a4c6 d3f1,21
r4rk1/pQp2pp1/2nqb2p/3p4/3P4/2PB1N1P/P4PP1/R3R1K1 b - -,a8b8 b7a6 e6d7 d3f1 b8b6 a6e2 f8b8 e2e3 d7e6 f3d2,5
r3r1k1/1pp2pp1/p2p3p/3P4/2PBnqPn/P2Q3P/BP3P2/3R1K1R b - -,f7f5 d3e3 e4d2 e3d2 f4e4 h1g1 h4f3 d2e3 f3h2 f1e2,-370
r1bq1rk1/3nbppp/2n1p3/2ppP3/1p3B1P/pP1P1NP1/P1PQ1PB1/R3RNK1 b - -,c8b7 f4g5 d8c7 f1h2 f8e8 g5e7 e8e7 d2f4 f7f6 h2g4,-60
1Q4k1/1b1Nqp1p/p3p1pP/B5b1/2pPP3/P7/5PP1/6K1 b - -,a8a7 f1h2 f7f5 e5f6 e7f6 f4g5 h7h6 g5f6 d8f6 d3d4,Mate
6k1/7p/5K1P/8/8/4B3/8/8 b - -,,0
8/p5k1/8/2r1p1p1/1P1p1qP1/8/P3Q1P1/4R1K1 b - -,c5c1 e1c1 f4c1 g1h2 c1c7 h2g1 c7d6 g1f2 d6e6 e2e4,-42
3k4/pp3pp1/4r3/6P1/P3P3/5PK1/1P6/3R4 b - -,e6d6 d1d6 d8c8 g3f4 c8c7 f4e5 b7b6 d6d1 c7c6 d1c1,820
1r3rk1/p1p2pp1/Q1nqb2p/3p4/3P4/2PB1N1P/P4PP1/R3R1K1 b - -,,0
r1bq1rk1/pp2bppp/1n2pn2/8/3P4/2N1BB2/PP2NPPP/R2Q1RK1 b - -,f6d5 e3d2 c8d7 c3d5 b6d5 f3d5 e6d5 e2f4 e7d6 f4d5,-20
r2q3k/1ppbp1bp/p2n2p1/2BPpr2/P7/1BN4P/1PP1QPP1/R4RK1 b - -,f5f8 a4a5 d6f5 f1e1 f5d4 e2d3 b7b6 c5a3 b6a5 c3e4,103
3q1rk1/r3bppp/4p3/pbNn4/1p1P1P2/1P4P1/PB4BP/2RQR1K1 b - -,f8e8 d1f3 a7c7 h2h4 e7f8 g1h2 b5c6 f3e2 c6a8 c1c4,-84
2r2rk1/1p3p2/p1q3pp/8/2NPPn2/P3Q2P/5PP1/2R2RK1 b - -,c6b5 e3f4 c8c4 f1d1 f8e8 f4e3 h6h5 c1c4 b5c4 d1c1,182
r4rk1/p2q1p1p/2nb4/1p1Q3B/2pP1p2/1PP5/P2N1PPP/R4RK1 b - -,c6e7 h5f7 g8g7 d5e6 d7e6 f7e6 c4b3 a2b3 a7a5 d2e4,344
2kr3r/Bppqbppp/3pb3/8/1P6/2PB1P2/P1PQ1P1P/R4RK1 b - -,d7c6 d2e3 h8e8 f1e1 c6c3 a7d4 c3a3 g1h1 e6d7 a1b1,-20
r6k/pp4p1/1bp2n1p/7q/2Q3b1/PBN3Pn/1PPBR2P/5R1K b - -,g4f3 e2g2 a8d8 d2e1 d8e8 e1d2 h3f2 f1f2 b6f2 c4f4,-541
r1bq1rk1/p2nppbp/3p1np1/1PpP2B1/4P3/2N5/PP1QBPPP/R3K1NR b KQ -,a7a6 g1f3 a6b5 e2b5 d8a5 e1h1 f6e4 c3e4 a5b5 g5e7,31
r2r2k1/p4pbp/n1p2q2/4p2R/1P2P3/2N1B3/1PP4Q/2K3R1 b - -,d8d6 h5h7 f6g6 h7g7 g8g7 h2e5 g7f8 g1g6 d6g6 e5h8,680
7k/8/3n2Rp/7P/4P3/5P1K/1r4P1/8 b - -,d6e8 g6h6 h8g7 h6c6 b2b7 g2g4 b7f7 h3g3 e8f6 c6d6,306
8/pp2kpp1/4r3/6P1/P2RP3/5PK1/1P6/8 b - -,e6a6 d4b4 b7b6 b2b3 a6a5 g3f4 a5c5 b4c4 c5c4 b3c4,249
r2qrbk1/1b1n1p1p/pp2pnp1/3pN3/PPpP1B2/2P1P2P/1Q1NBPP1/3RR1K1 b - -,b6b5 a4b5 a6b5 d1a1 d7e5 d4e5 f6d7 a1a8 b7a8 e1a1,14
5rk1/7p/R6B/1p1p4/3P2b1/NKP2p2/PP5r/R7 b - -,h2h6 a6h6 f3f2 h6h1 g4f3 h1h2 f3e2 b3b4 h7h5 a3b5,395
r4rk1/pbqnppb1/1ppp3p/6p1/2PPPn2/2N2N1P/PPQ2PPB/R2R1BK1 b - -,e7e5 d1d2 f8d8 a1d1 d7f8 a2a3 c7e7 c2a4 f8e6 d4d5,60
r4r1k/4Nppp/p2p4/q1B3PQ/1n5P/2N5/1Pb2P2/2KR3R b - -,d6c5 c1d2 a8d8 d2e2 d8d1 c3d1 a5d8 d1e3 d8e7 e2f1,-595
rn1qkb1r/pp2pppp/2p2n2/3p3b/3PP3/2NB1P2/PPP3PP/R1BQK1NR b KQkq -,d5e4 d3e4 b8d7 g1e2 e7e6 d1d3 f8e7 c1d2 f6e4 f3e4,-23
8/8/2Q5/5p2/8/1p4PK/4q3/5k2 b - -,e7e6 g1e2 d5e4 f3e4 c6c5 d4d5 b8d7 d5e6 f7e6 c1f4,Mate
r1bqkb1r/1ppn1ppp/p3p3/3n4/3P4/3B1N2/PPP2PPP/RNBQ1RK1 b kq -,b7b5 a2a4 b5b4 b1d2 c7c5 d2c4 c5d4 f3g5 d5f6 f1e1,46
r1bqkb1r/3R1ppp/4p3/1B2Q3/8/4B3/PPP2PPP/R5K1 b kq -,c8d7 a1d1 f8e7 d1d7 e8h8 d7d8 f8d8 b5d3 d8d5 e5c7,504
r1bq1rk1/pp1nppbp/2p2np1/8/2PP4/2N2N2/PP3PPP/R1BQRBK1 b - -,b7b6 c1f4 f8e8 h2h3 c8b7 d1b3 e7e6 a1d1 c6c5 d4d5,201
r4rk1/p5R1/1p5p/8/8/5QP1/q4P1P/4R1K1 b - -,,0
r1bq1rk1/4b1pp/1pP1p3/2Pp1p2/3P4/2N1P1P1/3Q1PBP/1R3RK1 b - -,b6c5 d4c5 a8a6 f1c1 a6c6 c3d5 c6c5 c1c5 e7c5 d2c3,37
rnbqkb1r/p1pp1ppp/1p2pn2/8/8/1PP1PN2/P2P1PPP/RNBQKB1R b KQkq -,c8b7 d2d4 d7d5 c1b2 c7c5 f1e2 f8e7 d4c5 e7c5 b1d2,-9
rnbqkbnr/p1pppp1p/1p6/4P1p1/6P1/8/PPPP1P1P/RNBQKBNR b KQkq -,c7c5 d2d4 c5d4 c1g5 c8b7 g1f3 f8g7 g5f4 d8c7 b1a3,19
r2q1rk1/2pnbppp/pp1p4/4P3/P1B1b3/4BN1P/1PP2PP1/R2QR1K1 b - -,g8h8 e5d6 e7d6 c4d5 e4d5 d1d5 d7c5 f3e5 d8f6 e5c4,85
7k/5n2/4R2p/7P/1r2PP2/7K/6P1/8 b - -,h8h7 h3g4 h7g7 g4f5 f7d8 e6g6 g7h7 g6d6 d8b7 d6d5,198
r1b3r1/pppk1pb1/4p3/1N1p4/2P3p1/3B4/PP3PPP/2KR3R b - -,c7c6 b5c3 d7e7 d1e1 d5c4 d3c4 g7d4 e1e2 b7b5 c4d3,-278
6N1/8/8/5r2/8/4k3/8/4K3 b - -,g7h6 c1b1 c7c6 b5c3 d7e7 h2h3 g4g3 f2f3 c8d7 h3h4,Mate
2Q1k3/p5pp/5p2/8/2pP4/P5PP/1q4PK/8 b - -,e8f7 c8c4 f7g6 d4d5 b2e5 c4g4 g6f7 g4d7 e5e7 d7c6,337
r1b5/pp1p1pkp/5pp1/q2N4/4r3/1BB5/PPP2PPP/R4RK1 b - -,a5c5 d5f6 c5c3 f6h5 g6h5 b2c3 d7d6 f1d1 c8e6 d1d6,56
r2r2k1/pb2bppp/1pqpp3/2p5/3PnB2/2PBPN2/PPQ2PPP/R2R2K1 b - -,c5c4 d3e2 d8f8 a2a4 a8c8 d4d5 e6d5 f3d4 c6d7 a4a5,-35
r3k2r/1b2pp1p/2p3p1/pp1qB3/8/PP1B3P/2P2PP1/R2Q1RK1 b kq -,f7f6 e5b2 a5a4 f1e1 a4b3 c2c4 d5f7 d1b3 e8h8 d3f1,492
rn3rk1/p4ppp/1p2p3/8/3q4/3Q4/PPP2PPP/R1B2K1R b - -,d4h4 d3f3 b8a6 h2h3 f8d8 f3e2 a6b4 a2a3 b4c6 c2c3,-87
8/8/7R/4k3/2P5/2K5/8/1r6 b - -,b1c1 c3b4 c1b1 b4c5 b1b8 h6b6 b8h8 c5b5 h8h1 b6g6,521
8/2P3p1/8/3k4/8/5P2/5P1P/4K3 b - -,b1c1 c3b4 c1b1 b4c5 b1b8 h6b6 b8h8 c5b5 h8h1 b6g6,Mate
r1bqr1k1/pp3ppp/2n2n2/2pp4/1b6/2N1PN2/PBPPBPPP/R2Q1RK1 b - -,a7a6 c3a4 f6d7 a4c3 d7b6 d2d4 b4c3 b2c3 b6a4 c3e1,-97
rnbq1rk1/pp2n1bp/5pp1/3pp3/8/2NP1NP1/PP1BPPBP/R2Q1RK1 b - -,b8c6 a1b1 c8e6 b2b4 b7b6 b4b5 c6a5 e2e3 a5b7 c3e2,-30
2n5/5k2/pp5p/2p1B2P/P1P5/1P3P2/3K2P1/8 b - -,f7e6 e5g7 c8e7 g7h6 e7c6 d2d3 e6f6 g2g4 c6d4 d3e4,587
r1bq1rk1/2P1b1pp/4p3/2pp1p2/3P4/2N1P1P1/3Q1PBP/1R3RK1 b - -,d8d7 d4c5 a8a5 c3d5 a5c5 d5e7 d7e7 f1c1 e7c7 h2h4,31
r2qkb1r/3b1ppp/4p3/1B2Q3/8/4B3/PPP2PPP/3R2K1 b kq -,f8d6 d1d6 e8h8 d6d7 d8b8 e3d4 b8e5 d4e5 a8a2 d7d1,503
rnbq1rk1/pp2ppbp/3p2p1/2p1P3/2PP2n1/2NB3P/PP2NPP1/R1BQK2R b KQ -,b8c6 h3g4 c5d4 c3e4 c6e5 f2f3 b7b5 c4b5 d6d5 e4g3,147
r4kr1/ppbn1p2/2p1q2p/4P2Q/3P4/P4N2/1P3P1P/2K3RR b - -,g8g1 h1g1 f8e7 h5h4 e7e8 h4f4 d7f8 f3h4 c7d8 h4f5,-274
8/3B4/8/3k4/6R1/2KN4/8/8 b - -,g8g1 h1g1 f8e7 h5h4 e7e8 h4f4 d7f8 f3h4 c7d8 h4f5,Mate
r2qrbk1/1b1n1p1p/p3pnp1/Pp1pN3/1PpP1B2/2P1P2P/1Q1NBPP1/3RR1K1 b - -,d7e5 f4e5 f6e4 e5h2 d8e7 b2c2 f8g7 e2f3 f7f5 f3e2,-26
r1b5/pp1p1pkp/5Np1/2q5/4r3/1BB5/PPP2PPP/R4RK1 b - -,c5c3 f6h5 g6h5 b2c3 d7d6 f1d1 c8e6 d1d6 a8c8 d6d3,58
rn1q1rk1/pp3pbp/2pppnp1/8/3PP3/1BN2Q1P/PPP2PP1/R1B2RK1 b - -,a7a6 f1d1 b8d7 c1f4 d6d5 f4g5 d8c7 d1e1 d5e4 c3e4,39
1rbqr1k1/5pbp/pn1p1np1/2pP4/4P3/2N3P1/1P1N1PBP/R1BQR1K1 b - -,f6g4 h2h3 g4e5 g2f1 c5c4 c3a4 b6a4 a1a4 c8d7 a4a6,-32
8/5p2/5bp1/2Pp1k2/3P3p/3KBP1P/8/8 b - -,f6g7 d3c3 f5e6 c3b4 e6d7 b4b5 d7c7 c5c6 g7f8 e3g5,336
r5k1/1pp2pp1/p1n4p/8/2BPn3/P1P2N1P/1P4P1/4R1K1 b - -,a8e8 c4d5 e4d6 e1e8 d6e8 d5c6 b7c6 f3e5 c6c5 d4c5,253
8/p1Q1k1pp/5p2/8/2pP4/P5PP/1q4PK/8 b - -,e7e8 c7c8 e8e7 c8c5 e7e8 d4d5 b2e5 c5c4 h7h5 c4c8,201
rn1qkb1r/pbpp1ppp/1p2pn2/8/8/1PP1PN2/PB1P1PPP/RN1QKB1R b KQkq -,c7c5 d2d4 g7g6 g2g3 f8g7 f1g2 e8h8 e1h1 d7d5 c3c4,-9
8/p4pkp/1p3pp1/1q6/4P2P/1PP1Q1P1/P4P2/2K5 b - -,h7h5 c1b2 b5d7 a2a4 d7d1 e4e5 f6e5 e3e5 g7h7 e5e3,105
8/5nk1/4R2p/7P/1r2PPK1/8/6P1/8 b - -,b4b5 e4e5 b5b2 e6g6 g7f8 g4f5 b2f2 g2g3 f2f3 g6a6,238
8/pp2kp2/1r4p1/6P1/PP1RPK2/5P2/8/8 b - -,b6a6 b4b5 a6e6 d4d5 e6d6 f4e3 d6b6 f3f4 b6e6 e3d4,370
3r2k1/pb1n1ppB/1p2p3/2qrN1P1/5P2/2P5/PPQ5/1K1RR3 b - -,g8f8 h7e4 d5d1 e1d1 b7d5 e4d5 d7e5 d5e4 e5c6 d1h1,Mate
2r2rk1/1p3p2/p4qpp/4P3/2NP1n2/P3Q2P/5PP1/2R2RK1 b - -,f6g5 e3f3 f4e6 d4d5 b7b5 d5e6 b5c4 e6f7 f8f7 f3c3,186
r1b5/pp1p1pkp/6p1/7N/4r3/1Bq5/PPP2PPP/R4RK1 b - -,g6h5 b2c3 d7d6 f1d1 c8e6 d1d6 a8c8 f2f3 e4e5 b3e6,47
5rk1/7p/5R2/1p1p2B1/3P2b1/NKP5/PP3p1r/R7 b - -,f8f6 g5f6 g8f7 f6d8 g4e2 a3c2 f2f1r a1f1 e2f1 c2e3,-343
2b3k1/bpp2ppp/3p2r1/p6q/2P4P/2N1BPP1/P3Q1BK/R4R2 b - -,g6e6 c3d5 a7e3 d5e3 f7f5 e2f2 f5f4 e3d5 f4g3 f2g3,592
rn1q1r2/6k1/2P2p1p/pp3Q2/5P2/1P4P1/1B5P/R1R3K1 b - -,b8a6 f5g4 g7h8 g4g6 d8e7 g6h6 h8g8 h6g6 e7g7 g6g7,436
r4k2/ppbn1p2/2p1q2p/4P2Q/3P4/P4N2/1P3P1P/2K3R1 b - -,f8e7 h5h4 e7e8 g1g8 d7f8 h4f4 c7d8 g8h8 d8e7 h8h6,-277
4k3/p1Q3pp/5p2/3P4/2p5/P5PP/1q4PK/8 b - -,b2a3 d5d6 a3d6 c7d6 h7h5 d6e6 e8f8 e6c8 f8f7 c8c4,757
2Q5/6p1/3k4/8/8/5P2/5P1P/4K3 b - -,b2a3 d5d6 a3d6 c7d6 h7h5 d6e6 e8f8 e6c8 f8f7 c8c4,Mate
r2qrb2/1b1n1pkp/p3pnp1/Pp1pN3/1PpP1BP1/2P1P2P/1Q1NBP2/3RR1K1 b - -,f8e7 f4h6 g7g8 f2f4 e7f8 h6f8 e8f8 g4g5 f6e8 d2f3,42
r1b3r1/pp1k1pb1/2p1p3/3p4/2P3p1/2NB4/PP3PPP/2KR3R b - -,d7e7 c4d5 e6d5 h2h4 g4h3 g2h3 g7f6 h3h4 c8g4 d1e1,-296
4r1k1/1p2r3/p1p1pq1p/P1NpR3/3P2b1/2P1Q3/1P3PP1/4R1K1 b - -,g4f5 e3f4 f6g5 f4g5 h6g5 f2f3 g5g4 f3g4 f5g4 e5g5,196
6K1/5p1N/5PpB/4k1P1/2b5/8/7p/8 b - -,h2h1q h7f8 h1g1 f8h7 g1b1 h7f8 e5f4 g8g7 b1h1 g7h8,-184
r1b5/pp1p1pkp/8/7p/4r3/1BP5/P1P2PPP/R4RK1 b - -,d7d6 f1d1 c8e6 d1d6 a8c8 d6d3 a7a5 a1b1 h5h4 g1f1,50
rnbq1rk1/pp2ppbp/3p2p1/4P3/2Pp2P1/2NB4/PP2NPP1/R1BQK2R b KQ -,g7e5 d1d2 e5g7 e2d4 c8g4 d2g5 h7h5 d3e2 g4e2 d4e2,237
8/1r6/8/4k2R/2P5/2K5/8/8 b - -,e5f6 c3d4 b7b8 h5h6 f6e7 d4c5 b8c8 h6c6 c8b8 c6c7,521
2r1rkq1/p6p/1pN1pQ2/3P1pp1/1Pn5/P4P1P/1B4P1/4R1K1 b - -,g8f7 f6h6 f8g8 h6g5 f7g6 c6e7 e8e7 g5e7 c4b2 d5e6,15
5r1k/4q1b1/1p5p/1Np1nrp1/2PpQ3/P2P2PP/3N1PK1/4RR2 b - -,,0
8/p5k1/5q2/4p1p1/1P1p2P1/6P1/P3Q3/6K1 b - -,f6d6 g1f2 d6e6 e2e4 e6a2 f2g1 a2e6 b4b5 e6e8 e4b7,-25
8/8/3k4/8/B5R1/2KN4/8/8 b - -,f6e6 e2e4 g7f6 a2a4 f6e7 e4h7 e7d6 h7a7 d6d5 a7c5,Mate
rn1q1rk1/8/2p2p1p/pp1P1Q2/5P2/1P4P1/1B5P/R1R3K1 b - -,d8d7 f5d7 b8d7 d5c6 d7b6 c1c5 b5b4 c5b5 b6c8 b5a5,393
8/1p2kp2/pr4p1/6P1/PPR1PK2/5P2/8/8 b - -,e7d6 f4e3 d6e6 f3f4 e6d6 e3d4 d6e7 e4e5 e7d7 d4d5,441
r3kb1r/pp1n1pp1/4p3/3pB1Pp/7P/2PBnP2/PP2N3/R2QK2R b KQkq -,e3d1 e5g7 f8g7 a1d1 d7c5 d3c2 b7b5 f3f4 c5a4 d1b1,38
2rqk3/2Nbppb1/p2p2p1/6P1/1p1N1Qn1/1B6/PPP5/2K3Rr b - -,d8c7 f4f7 e8d8 f7g8 d7e8 d4e6 d8d7 b3a4 c7c6 a4c6,Mate
r3k2r/ppqb1ppp/3bpn2/2pp4/5P2/1P1PP3/PBP1B1PP/RN1QK2R b KQkq -,d5d4 e2f3 d4e3 d1e2 d6f4 b1a3 e8h8 a3c4 f6d5 g2g3,-201
2r2rk1/1p3p2/p5pp/4P1q1/2NP1n2/P4Q1P/5PP1/2R2RK1 b - -,f4e6 d4d5 b7b5 d5e6 b5c4 e6f7 f8f7 f3c3 g8h7 c1d1,191
8/p5k1/4q3/4p1p1/1P1pQ1P1/6P1/P7/6K1 b - -,,0
4Q3/8/8/1p2kp1p/1q6/6PK/8/8 b - -,e5d6 e8f8 d6e6 f8b4 e6e5 h3h4 e5d5 b4b5 d5e4 b5f1,1725
r1b5/pp3pkp/3p4/7p/4r3/1BP5/P1P2PPP/R2R2K1 b - -,c8e6 d1d6 a8c8 d6d3 h5h4 h2h3 a7a5 a1b1 c8c7 a2a4,42
2b1r1k1/bpp2ppp/3p2r1/p6q/2P4P/2N1PPP1/P3Q1BK/R1B2R2 b - -,c7c6 a1b1 a7c5 f3f4 h5e2 c3e2 c5e3 f4f5 g6f6 c1e3,253
rnbq1rk1/pp2ppbp/3p2p1/4P3/2P3P1/2NB4/PP3PP1/R1BQK2R b KQ -,b8c6 f2f4 d6e5 f4f5 e5e4 d3e4 d8d1 c3d1 c6e5 d1e3,-82
r2qkb1r/pp2pppp/2np1n2/1Bp1P2b/8/2N2N1P/PPPP1PP1/R1BQ1RK1 b kq -,h5f3 d1f3 d6e5 b5c6 b7c6 f3c6 f6d7 c3b5 a8c8 c6a6,142
8/1r6/3k3R/8/2P5/2K5/8/8 b - -,,0
r1bq1rk1/pp3Npp/2pp3n/1B6/8/2N4P/PB2R1P1/R3Q1K1 b - -,f8f7 e2e8 d8e8 e1e8 f7f8 b5c4 d6d5 e8e5 f8f5 e5c7,666
r4r2/p3R1k1/1p5p/8/8/5QP1/q4P1P/6K1 b - -,a2f7 e7f7 f8f7 f3a8 f7d7 g1g2 d7f7 a8d5 f7e7 d5d6,Mate
r1bqkbnr/pp3ppp/8/3pn3/8/3B3P/PPP2PP1/RNBQR1K1 b kq -,f7f6 f2f4 f8c5 g1h1 g8e7 f4e5 e8h8 e5f6 f8f6 c1g5,93
2r1k3/2qbpQb1/p2p2p1/6P1/1p1N2n1/1B6/PPP5/2K3Rr b - -,e8d8 f7g8 d7e8 d4e6 d8d7 b3a4 c7c6 a4c6 c8c6 g1h1,520
8/p7/4q2k/4pQp1/1P1p2P1/6P1/P7/6K1 b - -,,0
5k2/5n2/6Rp/4PK1P/1r3P2/8/6P1/8 b - -,b4b2 g2g3 b2b7 g3g4 b7a7 g6b6 a7a4 b6f6 f8g7 f6g6,359
2nq3r/1rpnk1pp/2R1p3/P3P3/1p2P3/1Q4P1/5PBP/R5K1 b - -,d7f8 a5a6 b7a7 a1d1 d8e8 d1c1 e8d7 b3b4 e7f7 b4b8,339
2b3k1/bpp2ppp/3p2r1/p6q/2P4P/2N1QPP1/P5BK/R1B2R2 b - -,a7e3 c1e3 c8e6 a1b1 h5e5 c3e4 g6g3 e4g3 e5e3 f3f4,79
6k1/1b3p1p/p2P1Bp1/3p4/8/3P4/P3rPPP/R5K1 b - -,b7c8 a1c1 c8d7 f2f3 g8f8 c1b1 e2c2 b1b8 c2c8 b8b7,306
4r1k1/1p2r3/p1p1pq1p/P2pRbp1/3P2P1/2P1Q2P/1P1N1P2/4R1K1 b - -,f5g6 d2b3 g8h8 b3c5 g6h7 g1g2 h7g8 f2f3 h8g7 g2g3,276
1k1r3N/pp4p1/1qp1p1p1/3n1pP1/8/3PP2P/PP2Q1B1/1K5R b - -,d5c3 b1a1 c3e2 h8g6 b6e3 g2d5 d8d5 g6e7 e2g1 a2a4,-879
8/8/8/3k4/BK4R1/3N4/8/8 b - -,b6e3 e2e3 d5e3 h8f7 d8d3 f7e5 d3d2 g2f3 b8c7 h1e1,Mate
3qr1k1/r3bppp/4p3/pbNn4/1p1P1P2/1P4P1/PBR3BP/3QR1K1 b - -,a7c7 d1d2 h7h6 h2h4 e7d6 e1c1 d8a8 d2f2 e8c8 g2e4,-87
3R4/8/1p4k1/p3Kp2/1r1P1P2/5P2/8/8 b - -,b4b3 d8g8 g6f7 g8a8 b3f3 a8a6 a5a4 a6b6 f3d3 b6a6,32
r1b2rk1/pp1qbppp/1n2pn2/8/3P4/2N1BB2/PP2NPPP/1R1Q1RK1 b - -,b6d5 e3g5 a8b8 d1d2 f8d8 c3d5 f6d5 g5e7 d7e7 f3d5,-13
8/8/8/1p3p1Q/1q1k4/6PK/8/8 b - -,b4e1 h5h8 e1e5 h8f8 e5c5 f8g7 d4e4 g7g5 e4d3 g5f4,-196
2n3k1/3q1p1p/3PpQ2/1pB4p/1P6/6P1/5P2/6K1 b - -,d7a7 f6g5 g8h8 c5a7 c8a7 d6d7 a7c6 g5b5 h8g7 b5c6,Mate
3b4/3k1p2/6p1/1KPp4/3P3p/4BP1P/8/8 b - -,d8f6 b5b6 d7c8 b6c6 f6d8 c6d5 c8c7 e3f4 c7b7 f4d2,553
r7/pp3pkp/3Rb3/7p/4r3/1BP5/P1P2PPP/R5K1 b - -,a8c8 d6d3 h5h4 h2h3 a7a5 a1b1 c8c7 a2a4 e6c4 d3d4,35
r4rk1/1bpq1pp1/pbnp1n1p/1p2p3/P2PP3/N1P2N1P/1PB2PP1/R1BQR1K1 b - -,e5d4 c3d4 f8e8 c2b1 c6d8 d4d5 c7c6 d5c6 b7c6 c1e3,-36
8/6pp/7P/pp1k4/1p1PpP2/1P2K2b/P7/8 b - -,f8d8 a4b5 a6b5 c1e3 e5d4 f3d4 c6d4 e3d4 b6d4 d1d4,Mate
r2q1rk1/pppb1pp1/1bnp1n1B/4p3/2B1P3/2NP1N1P/PPPQ1PP1/R4RK1 b - -,g7h6 d2h6 f6h7 c3d5 g8h8 h3h4 f8g8 f3g5 g8g5 h4g5,-137
8/p7/7k/4pPp1/1P1p4/6P1/P7/6K1 b - -,e5e4 a2a4 e4e3 b4b5 d4d3 g1f1 h6h5 f1e1 g5g4 a4a5,571
r1bq1rk1/3nppbp/3p1np1/1BpP2B1/4P3/2N2P2/PP1Q2PP/R3K1NR b KQ -,d8b6 g1e2 c8a6 b5a6 b6a6 e1h1 f8b8 a1b1 b8b4 b2b3,81
8/p4pkp/1pq2pp1/8/4P2P/1PP1Q1P1/PK3P2/8 b - -,c6e6 b3b4 e6d7 c3c4 h7h5 e4e5 f6e5 e3e5 g7g8 e5c3,135
r3r1k1/pp1q1ppp/8/2b1p3/4B3/1P4Q1/1PPB2PP/R4R1K b - -,d7d2 a1d1 d2h6 e4b7 a8d8 b7d5 h6h5 g3e1 g8h8 d5f7,24
r3r1k1/p4ppp/1ppb1n2/8/P2P1P2/2N5/1PPBR1PP/R5K1 b - -,d6b4 a1e1 e8d8 c3a2 b4f8 c2c3 a7a5 g2g3 b6b5 a4b5,52
6rk/1Q1P2p1/p6p/2P2p1P/3B4/P3P3/5PPq/4K3 b - -,h2g1 e1e2 g1c1 b7d5 c1c2 e2f3 g8f8 d5e6 c2d1 f3f4,772
8/8/3k4/6R1/BK6/3N4/8/8 b - -,h2g1 e1e2 g1c1 b7d5 c1c2 e2f3 g8f8 d5e6 c2d1 f3f4,Mate
rn1qkb1r/pp2pppp/2p2n2/7b/3PB3/2N2P2/PPP3PP/R1BQK1NR b KQkq -,e7e6 g1e2 b8d7 d1d3 f8e7 h2h4 f6d5 g2g4 h5g6 g4g5,-19
r1bqk2r/pppp1ppp/2n2n2/4p3/1bB1P3/2N3N1/PPPP1PPP/R1BQK2R b KQkq -,b4a5 e1h1 h7h5 d2d3 h5h4 g3f5 d7d6 f5g7 e8f8 c1g5,33
5k2/5n2/6Rp/1r2PK1P/5PP1/8/8/8 b - -,f8e7 g6e6 e7f8 f5g6 f7d8 e6f6 f8g8 f6a6 b5b8 g6h6,477
1r6/p2Npk1p/2R1bb2/8/PP4p1/4B3/r4PPP/3RK3 b - -,b8d8 d7f6 d8d1 e1d1 f7f6 a4a5 f6e5 e3a7 e6d5 c6c7,152
2r5/pp3pkp/4b3/8/4r2p/1BPR3P/P1P2PP1/R5K1 b - -,a7a5 a1b1 c8c7 a2a3 e6c4 b3c4 e4c4 b1b5 c4a4 c3c4,40
r7/2P5/2K5/5k2/8/8/8/4R3 b - -,f5g5 c6b7 a8a2 e1b1 a2c2 b1b6 g5f4 c7c8q c2e2 b7b8,20000
6k1/5p1p/p1bP1Bp1/3p4/5P2/3P4/P3r1PP/R5K1 b - -,g8f8 a1c1 c6d7 c1c7 f8e8 c7a7 e2c2 a7a6 c2c6 a6a7,281
2rk2Q1/2qbp1b1/p2p2p1/6P1/1p1N2n1/1B6/PPP5/2K3Rr b - -,g7f8 g8f8 d7e8 g1h1 c7b8 h1h7 d8c7 f8e7 c7b6 b3e6,585
r2q1rk1/pppb1p2/1bnp1n1Q/4p3/2B1P3/2NP1N1P/PPP2PP1/R4RK1 b - -,d7e6 f3g5 d8e7 g1h1 f8e8 c3d5 e6d5 c4d5 c6d8 f2f4,389
r1b2rk1/pp1qbppp/1n2pn2/8/3P4/2N1BB2/PP2NPPP/2RQ1RK1 b - -,d7d8 d1b3 a7a5 e2f4 a5a4 b3c2 a4a3 b2b3 b6d5 c3d5,18
rnbqkbnr/p1ppp2p/1p3P2/6p1/6P1/8/PPPP1P1P/RNBQKBNR b KQkq -,g8h6 f1g2 d7d5 h2h3 e7f6 d2d4 d8d7 b1c3 c8b7 d1e2,94
2b1r1k1/bpp2ppp/3p2r1/p6q/2Q4P/1PN1PPP1/P5BK/R1B2R2 b - -,c7c6 c3e2 d6d5 c4a4 g6f6 a4a5 a7b8 e2f4 h5h6 h2g1,212
r1b2rk1/2Pqb1pp/4p3/2Pp1p2/8/2N1P1P1/3Q1PBP/1R3RK1 b - -,a8a5 c3d5 a5c5 d5e7 d7e7 f1c1 c5c7 d2a5 c7c1 b1c1,19
4k1r1/ppp2p1p/8/4pR2/4Pn2/2N5/PPP3rP/3R3K b - -,g8g4 f5f4 e5f4 c3d5 e8f8 d5f6 g4g6 f6d7 f8e7 d7e5,-510
8/6Pp/8/pp1k4/1p1PpPb1/1P2K3/P7/8 b - -,g4e6 e3f2 d5d4 f4f5 e6f7 f5f6 e4e3 f2f3 f7d5 f3e2,-1232
rn1q1rk1/pp2n1bp/4bpp1/3p4/3Pp3/2N3P1/PP1BPPBP/R2QNRK1 b - -,e7c8 a1c1 b8c6 e1c2 c8d6 c3a4 a8c8 e2e3 b7b6 d2b4,-85
rn2kbnr/pp2ppp1/1qp4p/3p4/3P1B2/3QPN2/PPPN1PPP/R3K2R b KQkq -,e7e6 e1h1 g8f6 c2c4 a7a5 e3e4 f8e7 f3e5 e8h8 a1e1,57
r1b3r1/pp2kpb1/2p1p3/3P4/6p1/2NB4/PP3PPP/2KR3R b - -,e6d5 h2h3 g4h3 g2h3 c8e6 c3e2 g7f6 h3h4 g8g4 h4h5,-289
R7/5k2/1p6/p3Kp2/3P1P2/1r3P2/8/8 b - -,b3f3 a8a6 a5a4 a6b6 f3d3 b6c6 a4a3 c6a6 f7e7 a6a7,15
8/8/4k3/2K3R1/B7/3N4/8/8 b - -,b3f3 a8a6 a5a4 a6b6 f3d3 b6c6 a4a3 c6a6 f7e7 a6a7,Mate
7k/6R1/3n3p/7P/4P3/5P1K/1Rr3P1/8 b - -,c2c8 g7d7 d6c4 b2b7 c4e5 d7h7 h8g8 b7g7 g8f8 h7h8,793
4k1r1/ppp4p/5R2/4p3/4Pn2/2N5/PPP3rP/3R3K b - -,f4h3 c3e2 g2e2 f6f3 h3f2 f3f2 e2f2 h2h3 f2c2 d1d5,-688
4k3/Q5pp/5p2/8/2pP4/P5PP/1q4PK/8 b - -,b2a2 d4d5 c4c3 d5d6 a2e6 a7b8 e8f7 b8c7 f7e8 c7c3,342
2r1rk1Q/p4q1p/1pN1p3/3P1pp1/1Pn5/P4P1P/1B4P1/4R1K1 b - -,f7g8 h8f6 g8f7 f6h6 f8g8 h6g5 f7g6 c6e7 e8e7 g5e7,2
5k2/6p1/6P1/3K4/4B3/8/8/8 b - -,,0
8/7R/1p5p/2k5/6PK/P3r2P/8/8 b - -,c5d6 h7h6 d6e7 a3a4 e3b3 h6h7 e7f6 h7b7 f6g6 a4a5,564
8/8/8/1pq2p2/3k4/6PK/8/3Q4 b - -,d4e3 d1g1 e3e4 g1c5 b5b4 c5b4 e4e5 b4e7 e5d5 e7f6,1673
8/1p1k1p2/p3r1p1/2R3P1/PP2P3/4KP2/8/8 b - -,d7d6 e3d4 d6d7 e4e5 e6e8 f3f4 e8e6 d4e3 b7b6 c5c4,458
r1bqkbnr/ppppnp2/7p/3P2NQ/4Pp2/8/PPP3PP/RNB1KB1R b KQkq -,e7g6 g5h3 g8f6 h5f3 f8c5 b1c3 g6e5 f3f4 d7d6 f1b5,47
r3r1k1/pp3ppp/8/2b1p3/4B3/1P3Q2/1PPq2PP/R4R1K b - -,e8e7 e4b7 a8f8 b7d5 c5b6 c2c4 d2b2 a1d1 b6c5 d1d3,-31
5k2/5n2/1R5p/r3PK1P/5PP1/8/8/8 b - -,a5a8 f5g6 f7d8 g6h6 a8c8 g4g5 f8g8 g5g6 d8c6 h6g5,532
r1bqr1k1/ppp2ppp/2pn1b2/4N2Q/3P4/2N5/PPP2PPP/R1B1R1K1 b - -,c8f5 h5d1 a7a5 b2b3 d6b5 c3b5 c6b5 c1f4 b5b4 d1d2,-60
2rkb1Q1/2q1p1b1/p2pN1p1/6P1/1p4n1/1B6/PPP5/2K3Rr b - -,d8d7 b3a4 c7c6 a4c6 d7c6 g1h1 g7e5 h1h4 g4e3 h4b4,550
6k1/6p1/4K1P1/8/4B3/8/8/8 b - -,g8h8 e4f3 h8g8 f3b7 g8f8 b7d5 f8g8 d5c4 g8f8 e6d6,4
6k1/5p1p/p1bP1Bp1/3p4/8/3P1P2/P3r1PP/R5K1 b - -,g8f8 a1c1 c6d7 c1b1 e2c2 b1b8 c2c8 b8b7 f8e8 g1f2,346
5rk1/7p/R6B/1p1p4/3P2b1/NKP5/PP3p1r/R7 b - -,f8f3 a3b5 g8f7 b5d6 f7e7 h6g5 e7d7 d6b7 f2f1q b7c5,61
r1br2k1/pp1qbppp/1n2pn2/8/3P4/1QN1BB2/PP2NPPP/2R2RK1 b - -,d7d6 e3d2 b6d5 c3d5 f6d5 e2c3 d5c3 b2c3 a8b8 c3c4,37
8/8/5k2/2K4R/B7/3N4/8/8 b - -,d7d6 e3d2 b6d5 c3d5 f6d5 e2c3 d5c3 b2c3 a8b8 c3c4,Mate
2b3k1/bpp2ppp/3p2r1/p6q/2Q4P/1PN1BPP1/P5BK/R4R2 b - -,h5e5 e3f4 e5e7 c3d5 e7d8 a1e1 c8e6 c4c7 d8c7 d5c7,652
8/p7/7k/1P2pP2/3p2p1/6P1/P7/6K1 b - -,h6g7 a2a4 g7f6 a4a5 e5e4 b5b6 a7a6 b6b7 f6f5 g1f2,780
4r3/1p1k1p2/p5p1/2R3P1/PP1KP3/5P2/8/8 b - -,d7d6 f3f4 d6d7 e4e5 e8e6 c5c4 e6e8 d4e4 e8h8 c4d4,463
8/1R3nk1/7p/r3PK1P/5PP1/8/8/8 b - -,a5a4 e5e6 a4a5 f5e4 a5a4 e4f3 a4a3 f3f2 g7f6 b7f7,675
2r1rkqQ/p5Bp/1pN1p3/3P1pp1/1Pn5/P4P1P/6P1/4R1K1 b - -,f8f7 h8g8 f7g8 g7d4 e6d5 e1e7 c4d6 e7e8 c8e8 c6a7,-376
8/8/6k1/2KR4/B7/3N4/8/8 b - -,f8f7 h8g8 f7g8 g7d4 e6d5 e1e7 c4d6 e7e8 c8e8 c6a7,Mate
r1bq1rk1/4ppbp/n2P1np1/pp6/3P4/PQN2B2/1P3PPP/R1B1K1NR b KQ -,c8e6 b3b5 e7d6 f3a8 d8a8 f2f3 a8c8 g1e2 e6c4 b5a4,110
rn1qk1nr/1bpp1pbp/pp2p1p1/8/2BPPP2/2N1B3/PPPQ2PP/R3K1NR b KQkq -,d7d5 e4d5 e6d5 c4b3 g8f6 g1f3 e8h8 e1h1 b8d7 f4f5,22
8/p4p2/2R2nk1/3N3p/2P5/6P1/r4P1P/6K1 b - -,a2a4 c6f6 g6g7 f6c6 h5h4 g3h4 a4a1 g1g2 a7a5 c6a6,637
8/5k2/1R6/4Kp2/p2P1P2/5r2/8/8 b - -,f3d3 b6f6 f7e7 f6a6 a4a3 a6a7 e7d8 a7a4 d3e3 e5f5,14
8/p4pkp/1p1q1pp1/8/3QP2P/1PP3P1/PK3P2/8 b - -,d6e6 b3b4 e6g4 c3c4 g4e2 b2b3 e2f1 b3a4 a7a6 c4c5,182
3qrbk1/r4ppp/4p3/pbNn4/1p1P1P2/1P4P1/PB3RBP/3QR1K1 b - -,b5c6 f2c2 c6a8 d1d2 g7g6 e1c1 f8g7 d2f2 h7h5 c5d3,-108
8/5k2/2K5/3R4/B7/3N4/8/8 b - -,a7c7 f2c2 g7g6 a2a4 b4a3 b2a3 h7h5 h2h4 f8g7 a3b2,Mate
r5k1/pp2qppp/3r4/3b4/3Pp3/4Q3/PP2BPPP/2RR2K1 b - -,g7g6 e2c4 a8d8 h2h3 a7a6 d1d2 e7e6 b2b3 g8g7 c4d5,-22
r1b2rk1/p1q4p/1p1n1pp1/2pPp3/4P1N1/2P3PP/PR3PB1/2Q1R1K1 b - -,b6b5 f2f4 c7e7 b2f2 c8g4 h3g4 a7a5 c1e3 d6c4 e3d3,-32
2b3k1/bpp2ppp/3p2r1/p3q3/2Q2B1P/1PN2PP1/P5BK/R4R2 b - -,e5c5 c3d5 g8f8 a1e1 c8d7 f4e3 c5c4 b3c4 a7e3 e1e3,648
4k3/Q5pp/3P1p2/8/8/P5PP/1qp3PK/8 b - -,b2e5 a7c7 e8f8 c7c8 f8f7 d6d7 e5e7 c8c4 f7f8 c4c2,Mate
rn2kb1r/pp2pppp/2p2n2/8/3qPBb1/2NP4/PPP1BPPP/R2QK2R b KQkq -,g4e2 d1e2 e7e5 f4e3 d4d7 e1h1 f8e7 f2f4 e5f4 f1f4,-272
5k2/6p1/6P1/3B4/2K5/8/8/8 b - -,,0
r1bqk2r/pp1nnppp/4p3/2bpP3/5P2/2N2N2/PPPQ2PP/R1B1KB1R b KQkq -,a7a6 f1d3 e8h8 c3e2 d8b6 e2d4 e7c6 c2c3 c6d4 f3d4,-10
r4q1k/1ppbp1bp/p2B2p1/3Ppr2/P7/1BN4P/1PP1QPP1/R4RK1 b - -,f5g5 f2f4 g5g2 e2g2 c7d6 f4e5 d7f5 a1e1 b7b5 a4a5,384
r5k1/p4ppp/1ppb1n2/8/P2P1P2/8/1PPBN1PP/R5K1 b - -,f6e4 d2e1 a8e8 g1f1 f7f5 g2g3 h7h6 a1d1 g8f7 d1d3,84
r1b1kb1r/pppp2pp/n5q1/4PP2/4Q3/2N5/PB4PP/R3K1NR b KQ -,g6h5 g1e2 a6c5 e4c2 b7b6 e2f4 h5h6 e1h1 c8a6 f1f2,163
r1bq1rk1/p1p1bppp/1pn5/3p4/3P1B2/2PB1N1P/P4PP1/R2QR1K1 b - -,,0
7r/1p1k1p2/p5p1/2R1K1P1/PP2P3/5P2/8/8 b - -,a6a5 c5a5 h8c8 a5a7 d7c7 e5f6 c8d8 a7a5 d8d3 f6f7,637
4r1k1/1p2r3/p1p1pq1p/P2pR1p1/3P2P1/2P1Q2P/1PbN1P2/2R3K1 b - -,c2h7 d2b3 e7f7 b3c5 h7e4 c1e1 f6f3 c5e4 d5e4 e5e4,251
r2qrbn1/1b1N2kp/p3ppp1/Pp1p4/1PpP2P1/2P1P1BP/1Q1NBP2/3RR1K1 b - -,h7h5 d7f8 e8f8 g4h5 g8e7 g1h2 d8d7 e1h1 f8h8 d1g1,414
R6r/1pk2p1p/3b1pp1/1B1P1n2/2p5/2P2Q2/PP3KPB/R7 b - -,h8a8 h2d6 f5d6 f2g1 d6b5 f3f6 a8c8 f6f7 c7b8 a1e1,829
r2r2k1/1p3pp1/1pnqb2p/p3p3/8/P2P2P1/1PQNPPBP/2R2RK1 b - -,c6d4 c2d1 a8c8 c1c8 d8c8 f1e1 d6c7 e2e3 d4c2 e1e2,-48
8/4k1p1/6P1/2KB4/8/8/8/8 b - -,,0
8/8/2K1k3/3R4/8/3N4/2B5/8 b - -,e7d7 d5g2 d7e6 g2e4 e6e7 c5d4 e7f8 e4d5 f8e7 d5f7,Mate
r1bq1nk1/pp3ppp/2pb1n2/3p2B1/3P4/3B1N1P/PPP1NPP1/R3Q1K1 b - -,h7h6 g5f4 f8e6 f4d6 d8d6 c2c3 c8d7 e1d2 c6c5 a1e1,24
r1bq1rk1/p1p2ppp/1pnb4/3p2B1/3P4/2PB1N1P/P4PP1/R2QR1K1 b - -,,0
r1b2rk1/pp3ppp/1qn2n2/3N4/3P4/2NB4/PP3PPP/R2Q1RK1 b - -,f6d5 c3d5 b6d4 d5e7 g8h8 e7c6 b7c6 d1c2 c8e6 a1d1,38
r1br2k1/pp3p1p/3p2pB/2qPb3/7Q/3B3P/PP3PP1/1R2R1K1 b - -,f7f6 e1e5 d6e5 h4f6 c5f8 h6f8 d8f8 f6e5 c8f5 d3f5,687
8/8/1R4k1/4Kp2/p2P1P2/3r4/8/8 b - -,g6f7 b6f6 f7e7 f6a6 a4a3 a6a7 e7d8 d4d5 d8c8 e5e6,11
2r1b1Q1/2qkp1b1/p2pN1p1/6P1/Bp4n1/8/PPP5/2K3Rr b - -,c7c6 a4c6 d7c6 g1h1 g7b2 c1b2 g4e5 e6d4 c6b6 b2a1,556
r1b1kb1r/pppp2pp/n1q5/4PP2/6Q1/2N5/PB4PP/R3K1NR b KQ -,a6b4 a1d1 g7g6 g1f3 g6f5 g4f5 d7d5 f5h5 c6g6 h5g6,60
r1bq2k1/ppp2ppp/2pnrb2/4N1BQ/3P4/2N5/PPP2PPP/R3R1K1 b - -,f6g5 c3e4 g5f6 e4d6 c7d6 h5f7 g8h8 e5g6 h7g6 e1e6,-381
r4rk1/p1q4p/1p1n1pp1/2pPp3/4P1P1/2P3P1/PR3PB1/2Q1R1K1 b - -,c7d7 g2f3 c5c4 f3d1 g8g7 g1g2 g6g5 a2a4 h7h6 c1c2,-16
r3rbn1/1b1q2kp/p3ppp1/Pp1p4/1PpP1PP1/2P1P1BP/1Q1NB3/3RR1K1 b - -,g8h6 e2f3 f6f5 g3h4 b7c6 d2f1 h6f7 f1g3 f7d6 b2g2,22
r5k1/1pp1rpp1/p2p3p/3P4/2PBnqPn/P2Q3P/1P3P2/1B1R1K1R b - -,a8e8 f1g1 e4g5 g1f1 f7f5 d4c3 g5f3 d3f5 h4f5 b1f5,-842
8/8/3K1k2/3R4/8/3N4/2B5/8 b - -,h4f3 d4e3 f4f6 e3c1 a8e8 h3h4 h6h5 g4h5 f6f5 h5h6,Mate
r5r1/pp2kpb1/2p1b3/3p4/6p1/3B4/PP2NPPP/2KRR3 b - -,g8h8 e1h1 h8h4 e2g3 a8h8 g3f5 e6f5 d3f5 h4h2 h1g1,-389
6k1/7p/5B2/1p1p4/3P2b1/NKP5/PP3p1r/R7 b - -,g8f7 f6g5 g4e2 a3c2 f2f1q a1f1 e2f1 c2e3 f1d3 b3a3,-347
r1bq1rk1/4b1pp/1pp1p3/1PPp1p2/3P4/2N1P1P1/3Q1PBP/1RR3K1 b - -,b6c5 d4c5 c6b5 c3b5 d8a5 d2b2 e7f6 b5d4 a5a3 b2c2,100
rn2kb1r/pp2pppp/2p2n2/8/3qPB2/2NP4/PPP1QPPP/R3K2R b KQkq -,e7e5 f4d2 c6c5 d2g5 d4d6 f2f4 b8c6 c3b5 d6d7 f4e5,-268
4N3/8/8/5r2/8/6k1/8/6K1 b - -,e7e5 f4d2 c6c5 d2g5 d4d6 f2f4 b8c6 c3b5 d6d7 f4e5,Mate
r1bqk2r/ppp2ppp/5n2/4b3/2B2P2/P3P3/1P1N2PP/R1BQK2R b KQkq -,e5f4 e3f4 c8g4 d2f3 d8d1 e1d1 e8a8 d1c2 g4f5 c2b3,240
r1rqk3/1b2p2p/1n1pB1p1/3P1N1Q/p1P5/R7/1P3PPP/2b1R1K1 b - -,e5f4 e3f4 c8g4 d2f3 d8d1 e1d1 e8a8 d1c2 g4f5 c2b3,Mate
rnbqkbnr/p1p1P2p/1p6/3p2p1/6P1/8/PPPP1P1P/RNBQKBNR b KQkq -,f8e7 b1c3 g8f6 h2h3 h7h6 d2d4 b8c6 g1f3 d8d6 f1d3,103
1k1r3r/pp1n2p1/1qpNp1p1/3n1pP1/8/1R2P2P/PPP1Q1B1/1K5R b - -,d7e5 g2d5 d8d6 b3b6 a7b6 d5f3 b8a7 e2f1 c6c5 f3e2,373
4k3/6p1/4K1P1/3B4/8/8/8/8 b - -,e8d8 e6f7 d8c7 f7g7 c7b6 d5g2 b6c5 g7h6 c5b4 g2f1,1114
r1bq2k1/ppp2ppp/2pnr3/4N1Q1/3P4/2N5/PPP2PPP/R3R1K1 b - -,d8g5 c3e2 f7f6 e5f3 g5a5 c2c4 c8d7 c4c5 d6e4 e2f4,-694
r1bq1rk1/p1p3pp/1pnb1p2/3p2B1/3P3N/2PB3P/P4PP1/R2QR1K1 b - -,,0
4r1k1/1p2r3/p1p1pqbp/P2pR1p1/3P2P1/1NP1Q2P/1P3P2/2R3K1 b - -,g6e4 c1e1 e7f7 b3c5 f6d8 c5e4 d5e4 e3e4 g8g7 e1e3,280
rn2k2r/1bq2pp1/p3p2p/1p1pP3/1P1B1PPb/P1PBQ1NP/8/R3K2R b KQkq -,g7g6 e1h1 b8c6 g3e2 h4e7 g1g2 c6d4 c3d4 c7b6 a1c1,138
8/6k1/3K4/5R2/8/3N4/2B5/8 b - -,g7g6 e1h1 b8c6 g3e2 h4e7 g1g2 c6d4 c3d4 c7b6 a1c1,Mate
3qrbk1/2r2ppp/4p3/pbNn1P2/1p1P4/1P4P1/PB3RBP/3QR1K1 b - -,e6e5 c5e4 e5d4 b2d4 d5c3 d4c3 b4c3 d1d8 e8d8 f2c2,-269
8/3RKnk1/r6p/4P2P/5PP1/8/8/8 b - -,a6a5 e5e6 a5a2 e6f7 a2e2 e7d6 e2h2 d6e6 h2h1 e6f5,684
r4rk1/p4ppp/1p2p3/8/8/2P5/PPn2PPP/1RB2K1R b - -,f8d8 f1e2 d8d5 h1d1 d5h5 c1d2 h5h2 g2g3 a8f8 b1c1,341
8/1p1k1p2/p5p1/2R1K1P1/PP2PP2/7r/8/8 b - -,h3d3 e5f6 d3g3 c5d5 d7e8 d5e5 e8d8 f6f7 g3g4 e5e8,645
3r2k1/1b3p1p/p2P2p1/3p4/8/B2P4/P4PPP/R5K1 b - -,f7f6 g1f1 d5d4 a1b1 b7c6 b1b4 g8f7 b4c4 c6d7 c4d4,123
r3r1n1/1b1q2kp/p2bppp1/Pp1p4/1PpP1PP1/2P1PBBP/1Q1N4/3RR1K1 b - -,g8e7 e3e4 d5e4 d2e4 b7e4 f3e4 a8d8 b2g2 d6c7 e1e2,23
8/8/4K2k/5R2/8/3N4/2B5/8 b - -,d7c7 d2f1 c7e7 b2f2 a8b8 e3e4 d5e4 f3e4 b7e4 e1e4,Mate
8/p3qpkp/1p3pp1/8/2PQP2P/1P4P1/PK3P2/8 b - -,e7b4 a2a3 b4e1 b3b4 e1f1 c4c5 f1b5 b2c1 b5a4 d4c3,221
4r1k1/1b4bp/3BN1p1/1qpP4/1pp1p3/7P/1P3PP1/R3Q1K1 b - -,,0
r4kr1/ppb2p2/1np1q2p/3PP2Q/8/P4N2/1P3P1P/2KR2R1 b - -,b6d5 f3d4 e6e5 h5h6 e5g7 g1g7 c7f4 h6f4 d5f4 g7g8,10
3r1Q2/p7/6k1/2p3P1/1pP1bR2/4P3/PP1p3r/3K2R1 b - -,b6d5 f3d4 e6e5 h5h6 e5g7 g1g7 c7f4 h6f4 d5f4 g7g8,Mate
4r1k1/5ppp/2N2n2/1Pb2b2/2p5/p1P1BB1P/5PP1/R5K1 b - -,c5f8 c6b4 f5e4 f3e4 f6e4 a1a3 e8e5 b5b6 e5b5 a3a8,244
r2brk1Q/pp4p1/2bp1pP1/Pnp3B1/4P1q1/3P4/1P4PP/4RR1K b - -,c5f8 c6b4 f5e4 f3e4 f6e4 a1a3 e8e5 b5b6 e5b5 a3a8,Mate
r1bqkbnr/pppp2pp/2n1Pp2/8/3P4/8/PPP1P1PP/RNBQKBNR b KQkq -,d7d5 c2c4 c8e6 b1c3 f6f5 g1f3 g8f6 c4c5 h7h6 e2e3,-38
r4rk1/1bqnbppp/2pp1n2/1p2p3/1P1PP3/2NQBN1P/B1P2PP1/R3R1K1 b - -,d7b6 a2b3 a8a1 e1a1 h7h6 f3h4 e5d4 e3d4 c6c5 h4f5,63
r5k1/1pp2pp1/p1n4p/4N3/2BPn3/P1P4P/1P4P1/5RK1 b - -,e4d2 c4f7 g8h8 f1e1 c6a5 e1e2 a5b3 e5g6 h8h7 e2e7,416
r4rk1/1p3pbp/3n2p1/q1pPp1P1/p1P1N2P/P2B4/1P1Q1P2/R3K2R b - -,f8d8 f2f3 h7h5 d2a5 a8a5 e1d2 d6e4 f3e4 g7f8 h1b1,35
rnb1kb1r/p4ppp/2p1p3/qN6/P1pP4/5NP1/1P1QPP1P/R3KB1R b KQkq -,f8b4 b5c3 b8d7 f1g2 a8b8 e1h1 e8h8 f1d1 h7h6 d2c2,2
8/p3k1pp/5p2/3P4/2Q5/q5PP/6PK/8 b - -,g7g6 c4c7 e7f8 d5d6 a3d3 d6d7 a7a5 d7d8q d3d8 c7d8,779
1r1q3r/pQNnkppp/3R1B2/4p3/8/8/PPP3PP/2K3NR b - -,g7f6 b7c6 d8c8 g1e2 h8d8 h1d1 e7f8 d6d7 d8d7 d1d7,630
r4kr1/ppb2p2/2p1q2p/3nP2Q/3N4/P7/1P3P1P/2KR2R1 b - -,e6e5 h5h6 e5g7 g1g7 c7f4 h6f4 d5f4 g7g8 f8g8 d4f5,14
r2r2k1/pb2bppp/1pqpp3/2p5/3PnB2/2P1PN2/PP3PPP/R1QR1BK1 b - -,g7g5 f4g3 h7h5 h2h4 g5g4 f3e1 c5c4 d4d5 c6c8 d5e6,-112
r1b3k1/pp2bppp/4p3/3r4/3P4/2N1B3/PP3PPP/2R2RK1 b - -,d5d8 f1d1 c8d7 d4d5 b7b6 a2a4 h7h6 d5d6 e7f8 a4a5,-24
3r4/1p4k1/1qp1b2p/2b1Ppp1/p2r4/P4PP1/1PR1Q1BP/2N2R1K b - -,b6a5 g3g4 d4d2 c2d2 d8d2 e2e1 f5f4 c1e2 c5e3 e2g3,-427
2r1r1qQ/p4kBp/1pN1P3/5pp1/1Pn5/P4P1P/6P1/4R1K1 b - -,e8e6 e1e6 f7e6 h8g8 c8g8 g7d4 g5g4 g1f2 g4h3 g2h3,-409
4r1k1/5ppp/2N2n2/1P3b2/2p5/p1P1PB1P/6P1/R5K1 b - -,g7g6 a1a3 f6d7 g1f2 g8g7 a3a7 g7h6 e3e4 f5e6 f2e3,369
r3r1n1/1bq3kp/p2bppp1/Pp1p4/1PpP1PP1/2P1PBBP/1Q6/3RRNK1 b - -,g8h6 b2h2 e8e7 e1e2 a8g8 d1e1 g8e8 g3h4 h6f7 f1g3,33
4k3/R7/8/4Kp2/3P1P2/p2r4/8/8 b - -,e8d8 d4d5 d8c8 e5e6 c8b8 a7a4 b8c8 a4a5 c8c7 a5c5,5
rn1qkb1r/pp2pppp/2p2n2/7b/3PN3/3B1P2/PPP3PP/R1BQK1NR b KQkq -,d8d4 g1e2 d4b6 e4f6 g7f6 a2a4 h5g6 a4a5 b6c5 c2c3,-70
8/6k1/4K3/5R2/8/1B1N4/8/8 b - -,f6e4 d3e4 b8d7 c2c3 d7f6 e4d3 e7e6 g1h3 h5g6 e1h1,Mate
2r1b1Q1/3kp1b1/p1BpN1p1/6P1/1p4n1/8/PPP5/2K3Rr b - -,c8c6 g1h1 g7e5 h1e1 e5g3 e6g7 g3e1 g8e8 d7c7 g7e6,567
5rk1/pp2rppp/8/2b1p3/1P2B3/2P2Q2/1P1q2PP/R4R1K b - -,c5b6 e4b7 d2b2 a1d1 a7a5 d1b1 b2d2 b4a5 b6a5 c3c4,-49
r4k2/5ppp/2p2q2/pp3b2/7P/2N2NP1/PPP2P2/2KR3R b - -,f5c2 c1c2 f6f3 h1e1 f3f2 c2b1 f2g3 c3e4 g3h4 e4c5,-646
r2q1bnr/pp2k1pp/3p1p2/1Bp1N3/8/2Pp4/PP3PPP/RNBbR1K1 b - -,f6e5 e1d1 e5e4 d1e1 g8f6 b5d3 d6d5 c1g5 e7f7 d3c2,-509
r1bq1nk1/pp3pp1/2pb1n1p/3p4/3P1B2/3B1N1P/PPP1NPP1/R3Q1K1 b - -,f8e6 f4d6 d8d6 e1d2 c6c5 d4c5 e6c5 d2f4 d6b6 f4d4,25
8/p3k1pp/3q1p2/3P4/3Q4/6PP/6PK/8 b - -,d6b6 d4e4 e7f7 e4h7 b6d6 h7h5 f7f8 h3h4 a7a5 h5h8,10
r4rk1/ppqb1p1p/3bpp2/2pp4/5PP1/1P1PP3/P1P1B2P/RN1QK2R b KQ -,d5d4 d1d2 d4e3 d2e3 d6f4 e3f2 c7e5 c2c3 d7c6 h1f1,-329
r4kr1/ppb2p2/2p4Q/3nq3/3N4/P7/1P3P1P/2KR2R1 b - -,e5g7 g1g7 c7f4 h6f4 d5f4 g7g8 f8g8 d4f5 a8e8 d1d7,10
r2q1r2/p4pkp/2pp2p1/5P1n/2p1P3/P1N5/1PPQ1P2/2KR3R b - -,a7a5 c3e2 d8f6 e2f4 a8b8 c2c3 h5f4 d2f4 f8d8 f4h6,224
8/3RKnk1/4P2p/7P/r4PP1/8/8/8 b - -,f7d6 e7d6 g7f8 d6e5 f8g8 f4f5 a4a8 e5f6 g8f8 d7f7,1014
2kr3r/pppqb1pp/2n1bp2/1P1p4/P7/2PBBN2/2PQ1PPP/R4RK1 b - -,c6a5 e3a7 e6f5 a7e3 f5e4 f3d4 e7c5 d3e4 d5e4 d2e2,161
r2q1rk1/1pp2pp1/p1np1n1p/3Pp3/2B5/P2PPN1P/1PP3P1/R2Q1RK1 b - -,c6e7 e3e4 c7c6 d5c6 b7c6 b2b4 a6a5 b4a5 d8a5 a3a4,-2
r2q1rk1/1bp2pp1/p2ppn1p/1p2P3/3P1N2/2PB2Q1/PP3PPP/R3R1K1 b - -,d6e5 d4e5 f6d5 e1e4 d5f4 e4f4 d8e7 h2h3 f8d8 a2a4,72
4b1Q1/3kp1b1/p1rpN1p1/6P1/1p4n1/8/PPP5/2K4R b - -,g7f6 e6f8 d7d8 g5f6 g4f6 g8b3 e8d7 h1h8 f6e8 f8d7,624
3k4/8/8/4Kp2/R2P1P2/p2r4/8/8 b - -,d8d7 e5f5 d3e3 d4d5 d7d6 a4a5 d6c7 a5a6 c7b7 a6a4,2
8/3k1p2/p5p1/1p2K1P1/PP1RPP2/1r6/8/8 b - -,d7c7 a4b5 a6b5 e5f6 b3f3 e4e5 f3c3 f6f7 c3c4 d4c4,785
r4q1k/1ppb2bp/p2p2p1/3Ppr2/P3N3/1B5P/1PP1QPP1/R4RK1 b - -,f5h5 a1a3 h5h4 b3c4 f8e7 a4a5 a8f8 a3b3 d7c8 c4d3,14
8/7k/4K3/8/8/1B1N4/8/6R1 b - -,f5h5 a1a3 h5h4 b3c4 f8e7 a4a5 a8f8 a3b3 d7c8 c4d3,Mate
8/7R/1p2r2p/8/2k3PK/P6P/8/8 b - -,e6d6 h4h5 b6b5 h7h6 d6d3 h3h4 d3a3 g4g5 b5b4 h6b6,571
8/R3pk1p/2R2b2/8/Pr4p1/4B3/r4PPP/4K3 b - -,f6d4 a7d7 d4e3 f2e3 a2g2 e1f1 g2a2 d7d1 b4b2 c6h6,-387
2b1r1k1/bpp2ppp/3p2n1/p7/2P4P/1Pq1PP2/PQ3KB1/R1B4R b - -,a7e3 f2g3 e3f4 g3f2 f4e5 b2c3 e5c3 c1e3 c3a1 h1a1,-387
2k5/2p2pp1/p7/K1B4p/1P6/5P2/P1P3PP/8 b - -,c8b7 c5f8 g7g6 f8c5 h5h4 c5f8 b7a7 f8e7 a7b7 e7c5,985
8/Q3k1pp/5p2/3Pq3/8/6PP/6PK/8 b - -,e7e8 a7g7 h7h5 g7g8 e8e7 h3h4 e7d7 g8g7 d7e8 g7b7,Mate
rnb2rk1/pp2ppbp/3N1np1/2p5/1q1P1B2/4PN1P/P1P1BPP1/R2Q1RK1 b - -,e7d6 f4d6 f8e8 d6c5 b4c3 a2a4 f6e4 c5a3 b8d7 e2d3,-192
r2q1rk1/1pp1npp1/p2p1n1p/3Pp3/2B1P3/P2P1N1P/1PP3P1/R2Q1RK1 b - -,c7c6 d5c6 b7c6 b2b4 a6a5 b4a5 d8a5 a3a4 a5c5 g1h2,-1
1r1q3r/p1Nnkp1p/2QR1p2/4p3/8/8/PPP3PP/2K3NR b - -,b8b6 c7d5 e7f8 d5b6 d8b6 c6d7 b6e3 c1b1 f8g7 g1h3,706
r4rk1/p4ppp/1pn1p3/8/8/2P5/PP2KPPP/R1B4R b - -,f8d8 c1e3 g8f8 a1d1 f8e7 c3c4 f7f6 d1d8 a8d8 h1d1,14
3rr3/1bq2nkp/p2bppp1/Pp1p4/1PpP1PPP/2P1PBB1/3R3Q/4RNK1 b - -,b7c6 e1e2 f6f5 h4h5 g6g5 e2g2 g7h8 f3d1 e8g8 d2f2,28
rnb1k2r/p4ppp/2p1p3/q7/PbpP4/2N2NP1/1P1QPP1P/R3KB1R b KQkq -,b8d7 f1g2 e8h8 e1h1 c8a6 d2c2 a8b8 e2e3 b8b6 f1c1,3
r1bq1rk1/p4ppp/2p1pn2/2bp4/5B2/4P3/PPPNBPPP/R2QK2R b KQ -,d8e7 d2f3 f6e4 e1h1 f7f6 f3d2 e4d2 d1d2 e6e5 f4g3,-71
rr4k1/5ppp/2p1b3/8/1n6/1N4P1/PB1RPK1P/R7 b - -,b4a6 a1c1 c6c5 b2a3 e6b3 a2b3 a6c7 a3c5 b8b3 d2d3,-3
6k1/5ppp/1PN2n2/5b2/2p5/p1P1rB1P/6P1/R5K1 b - -,f6d7 b6b7 e3c3 c6e7 g8f8 e7f5 g7g6 f5d6 f8e7 d6b5,431
r1bqk1nr/ppp2ppp/3p4/4pP2/2BbP3/2N5/PPPP2PP/R1BQK2R b KQkq -,d4c3 d1h5 c3d2 c1d2 d8e7 d2g5 g8f6 h5f3 c8d7 e1a1,-29
5rk1/pp2rppp/1b6/4p3/1P2B2Q/2P5/1q4PP/R4R1K b - -,g7g6 h4e7 b2c3 a1d1 c3c7 e7c7 b6c7 d1d7 c7b6 e4d5,535
r6k/1ppbq1bp/p2p2p1/3Ppr2/P3N3/1B3P1P/1PP1Q1P1/R4RK1 b - -,g7h6 a1a3 f5f7 b3c4 d7f5 e2e1 a8f8 a3b3 f5e4 f3e4,-21
r4rk1/p4Rpp/1p6/8/1q6/5QP1/P4P1P/4R1K1 b - -,b4e1 g1g2 f8f7 f3a8 f7f8 a8d5 g8h8 f2f4 e1e2 g2h3,-695
8/B2Rpk1p/2R2b2/8/Pr4p1/8/r4PPP/4K3 b - -,h7h5 a7e3 h5h4 c6c1 b4e4 e1f1 f6e5 d7d2 a2d2 e3d2,-8
3rr3/2q2nkp/p1bbppp1/Pp1p4/1PpP1PPP/2P1PBB1/4R2Q/4RNK1 b - -,e8e7 e2g2 e6e5 g4g5 e5f4 e3f4 e7e1 g5f6 g7f6 g3e1,33
3qRbk1/2r2ppp/8/pbNn1p2/1p1P4/1P4P1/PB3RBP/3Q2K1 b - -,b5e8 d1e2 c7e7 e2d2 g7g6 c5d3 e8c6 d3e5 c6b7 h2h3,-236
8/4kp2/p5p1/Pp2K1P1/1P1RPP2/1r6/8/8 b - -,b3e3 d4d6 e3e4 e5e4 e7d6 e4d4 f7f5 g5f6 d6e6 d4c5,616
8/8/4K2k/8/8/3N4/8/3B2R1 b - -,b3e3 d4d6 e3e4 e5e4 e7d6 e4d4 f7f5 g5f6 d6e6 d4c5,Mate
r1bq2k1/ppp3pp/2pnrp2/4N3/3P3Q/2N5/PPP2PPP/R3R1K1 b - -,g7g5 h4g3 f6e5 d4e5 d6f5 g3f3 e6g6 a1d1 d8e7 c3e4,-229
rn2kb1r/ppq2p2/6p1/3QPpPp/7P/5P2/PPP1N3/R1B1K2R b KQkq -,b8c6 c1d2 c7e5 d5e5 c6e5 d2c3 f8g7 e1f2 e8h8 e2f4,52
rn2kbnr/ppq2ppp/2p1p3/3pP3/3P4/1Q6/PPPB1PPP/RN2K1NR b KQkq -,c6c5 c2c3 g8e7 b1a3 a7a6 g1f3 e7f5 b3a4 b8c6 g2g4,-61
3q3r/p2nkp1p/1rQR1p2/3Np3/8/8/PPP3PP/2K3NR b - -,e7e8 d5b6 a7b6 g1e2 f6f5 h1d1 e8f8 d6d7 d8g5 c1b1,1043
8/p4p2/5Rk1/3N3p/r1P5/6P1/5P1P/6K1 b - -,g6g7 f6c6 g7h7 h2h4 a7a5 g1g2 f7f5 c6c7 h7h6 c7c8,686
3r2k1/pp2qppp/3r4/3b4/2BPp3/4Q3/PP3PPP/2RR2K1 b - -,g7g6 b2b3 d5c6 h2h3 a7a6 a2a4 g8g7 d1d2 h7h5 c1d1,-20
r1bq1rk1/4b1pp/2p1p3/1PPp1p2/8/2N1P1P1/3Q1PBP/1RR3K1 b - -,c6b5 c3b5 d8a5 d2b2 e7f6 b5d4 a5a3 b2c2 a3a4 c2c3,100
8/7R/1p2r2p/7K/6P1/Pk5P/8/8 b - -,b3a3 h7h6 e6e5 g4g5 b6b5 h6a6 a3b4 h3h4 b4c4 h5h6,662
8/3Rpk1p/2R2b2/8/rr4p1/4B3/5PPP/4K3 b - -,b4b5 c6c5 b5c5 e3c5 f6c3 e1e2 a4a2 e2e3 c3f6 e3e4,-3
4K3/3R1nk1/4P2p/7P/5rP1/8/8/8 b - -,f4c4 d7f7 g7g8 f7f6 c4c8 e8d7 c8a8 e6e7 g8g7 f6f8,Mate
r1b1rnk1/pp1qb2p/2p1ppp1/2Pp4/1P1P4/P1NBPNP1/2Q3PP/R4RK1 b - -,b7b6 e3e4 d5e4 c3e4 f6f5 e4f2 e7f6 g3g4 b6b5 a3a4,103
1r6/8/r7/6k1/8/2K5/8/8 b - -,b7b6 e3e4 d5e4 c3e4 f6f5 e4f2 e7f6 g3g4 b6b5 a3a4,Mate
r1b2nk1/pp3pp1/1qp2n1p/3p4/3P1N2/1P1B1N1P/P1P2PP1/R3Q1K1 b - -,c8d7 e1c3 a8e8 f3e5 d7c8 a1e1 f6d7 a2a4 d7e5 e1e5,37
4K3/5Rk1/4P2p/7P/4r1P1/8/8/8 b - -,c8d7 e1c3 a8e8 f3e5 d7c8 a1e1 f6d7 a2a4 d7e5 e1e5,Mate
8/1r6/7R/2P1k3/8/2K5/8/8 b - -,b7b8 c3c4 e5f4 c5c6 f4f3 h6h5 b8c8 c4c5 f3f2 h5h6,580
r1bqk1nr/pp1nbpp1/2pp3p/4p3/2B1P3/P1NPBN2/1PP2PPP/R2QK2R b KQkq -,g8f6 c4a2 d8c7 h2h3 d7f8 d3d4 b7b5 f3h4 e5d4 e3d4,28
r1bqkb1r/pppp2pp/2n2n2/8/3P4/6P1/PPP1P2P/RNBQKBNR b KQkq -,d7d5 f1g2 h7h6 g1f3 c8e6 e1h1 d8d7 f3h4 e6h3 a2a3,29
7r/p1Q5/1pp2ppk/8/2q5/5P2/PP1R3r/4K1N1 b - -,d7d5 f1g2 h7h6 g1f3 c8e6 e1h1 d8d7 f3h4 e6h3 a2a3,Mate
8/3k4/8/6K1/R2P1P2/p2r4/8/8 b - -,d3g3 g5f5 g3e3 a4a6 d7c7 d4d5 c7b7 a6a4 b7b6 d5d6,1
8/4kp2/p5p1/Pp1K2P1/1P1RPP2/4r3/8/8 b - -,e3b3 d5e5 b3b2 d4d6 b2b4 d6a6 b4c4 a6b6 c4c5 e5d4,587
rr4k1/5ppp/2p5/8/1n6/1P4P1/1B1RPK1P/R7 b - -,a8a1 b2a1 f7f6 e2e4 g8f7 e4e5 f7e6 e5f6 g7f6 d2e2,-5
4b1Q1/3kp3/p1rpN1p1/4b1P1/1p4n1/8/PPP5/2K1R3 b - -,e5g3 e6g7 g3e1 g8e8 d7c7 g7e6 c7b6 e8b8 b6a5 e6d4,596
5rk1/7p/4Qp2/pp1p2p1/2pP4/P1P4P/1P3RPK/2q5 b - -,f8f7 f2f6 c1f4 f6f4 g5f4 e6d5 b5b4 d5c4 g8g7 d4d5,616
3rr3/2q2nkp/p1bb1pp1/Pp1pp1P1/1PpP1P1P/2P1PBB1/4R2Q/4RNK1 b - -,g7g8 h4h5 e5e4 h5g6 h7g6 f3h5 g6h5 g5f6 f7h6 h2h5,86
1r1qr1k1/1b1p1p1p/1N6/p1P1n1p1/1p1BPp2/5P2/PP5P/2KRQ2R b - -,e5f3 e1f2 b7e4 b2b3 b8b6 c5b6 f3d4 f2d4 e4h1 d1h1,-488
r1bqkb1r/ppp3pp/2n2n2/3p4/3P4/6P1/PPP1P1BP/RNBQK1NR b KQkq -,h7h6 g1f3 c8e6 e1h1 d8d7 f3h4 e6h3 d1d3 h3g2 d3g6,26
r1b1k1nr/pp1pppbp/2n3p1/q1P5/4PP2/5N2/PPPQ2PP/RNB1KB1R b KQkq -,b7b6 d2a5 c6a5 c5b6 a7b6 e4e5 f7f6 b1c3 c8b7 c3b5,112
r3r1k1/pp1b1p1p/5QpB/2qPp3/8/3B3P/PP3PP1/1R4K1 b - -,c5f8 h6f8 e8f8 h3h4 h7h5 f2f3 a7a6 d3e4 a6a5 g1h2,Mate
r1b2rk1/p3qppp/2p2n2/2bpp3/8/4P1B1/PPPNBPPP/R2Q1RK1 b - -,a8b8 b2b3 f8d8 c2c3 c8f5 b3b4 c5d6 g3h4 h7h6 d2b3,-75
r2r2k1/pp3ppp/8/8/P3PBPP/3n1P2/1P6/R4BKR b - -,d3f4 g1f2 h7h6 h4h5 f4d3 f1d3 d8d3 b2b4 a8d8 b4b5,96
r4rk1/p4ppp/1pn1p3/8/8/3P2P1/PP3P1P/R1B2K1R b - -,a8c8 c1d2 f8d8 f1e2 c6d4 e2d1 d8d7 a1c1 c8d8 c1c3,-133
3qbbk1/2r2ppp/8/p1Nn1R2/1p1P4/1P4P1/PB4BP/3Q2K1 b - -,d5e3 d1h5 e3f5 h5f5 f8c5 d4c5 d8d1 f5f1 d1f1 g1f1,-492
8/4kp2/p5p1/Pp2K1P1/1P1RPP2/2r5/8/8 b - -,c3c6 f4f5 g6f5 e4f5 c6c1 f5f6 e7e8 d4d6 c1g1 d6a6,605
r1bq2k1/ppp3pp/2p2p2/8/5Q2/2N2N2/PPn2PPP/3R2K1 b - -,d8e7 f4c4 c8e6 c4e2 c2b4 f3d4 a8e8 d1e1 e7d6 d4e6,172
r2q1rk1/1ppb1ppp/3p1n2/p3p3/4P3/1PNPPN1P/1PP3P1/R3QRK1 b - -,h7h6 c3e2 b7b6 c2c4 d8e7 b3b4 a5b4 e1b4 f6h7 a1a8,-15
4r1k1/1P3ppp/2N2n2/5b2/2p5/p1P2B1P/6P1/R5K1 b - -,g7g6 a1a3 f6d7 a3a8 g8f8 a8c8 h7h5 c6d4 d7b8 d4f5,604
4K1k1/8/4P1Rp/7P/6r1/8/8/8 b - -,g7g6 a1a3 f6d7 a3a8 g8f8 a8c8 h7h5 c6d4 d7b8 d4f5,Mate
1rbq3r/2p1kppp/1n2p3/p7/P2PP3/2Q2NP1/3N1PBP/R5K1 b - -,f7f6 c3a5 b8a8 a5c3 c8d7 a4a5 b6a4 c3c1 a8a5 e4e5,127
r4nk1/pp1b1pp1/1qp2n1p/3p4/3P1N2/1P1B1N1P/P1PQ1PP1/R5K1 b - -,b6c7 a1e1 a8e8 f3e5 c6c5 c2c3 b7b6 d2e3 c7d6 c3c4,36
r4rk1/5pp1/b1pPpq1p/p1P5/5P2/P5PP/2QN1BB1/b3R1K1 b - -,f6b2 c2d1 b2a2 d1a1 a2d2 e1d1 d2e2 a1d4 e2b5 d6d7,204
8/p4pkp/1p4p1/4p3/1PP1P2P/6P1/PK3P2/8 b - -,g7f6 b2a3 f6e6 a3a4 e6d7 a4b5 d7c8 c4c5 c8c7 c5b6,504
8/8/3K1k2/7Q/r7/8/8/8 b - -,a4a6 d6d7 a6a7 d7c6 a7a6 c6b5 a6e6 h5f3 f6e5 b5c5,232
r2q1rk1/3nbppp/b3p3/n1ppP2P/p4B2/P2PNNP1/2P2PB1/R2QR1K1 b - -,a5c6 a1b1 h7h6 c2c4 d5c4 d3c4 d8c8 d1a4 a8a7 e1d1,73
1r4k1/5ppp/2p5/8/1n6/1P4P1/3RPK1P/B7 b - -,f7f6 e2e4 g8f7 e4e5 f7e6 e5f6 g7f6 d2e2 e6d7 e2d2,-3
r1bqkb1r/5ppp/p1p1pn2/2pp4/8/1P1PPN1P/PBP2PP1/RN1QK2R b KQkq -,d8c7 d1e2 a6a5 a2a4 f8e7 b1d2 e8h8 e3e4 f6d7 e1h1,42
rn1qk1nr/pp3ppp/2p1p3/b2pPB2/3P4/2P5/P4PPP/RNBQK1NR b KQkq -,e6f5 d1b3 d8d7 g1e2 g8e7 b1d2 e8h8 a1b1 b7b6 e1h1,-21
r1b1k1nr/pp1pppbp/2n3p1/q1P5/4PP2/5N2/PPPB2PP/RN1QKB1R b KQkq -,a5c7 b1c3 b7b6 c3d5 c7b8 f4f5 b6c5 f1b5 g6f5 e1h1,151
r4rk1/pQ2Rppp/1p6/8/1q6/6P1/P4P1P/4R1K1 b - -,a7a5 e1e4 b4c5 e4e5 c5c1 g1g2 a8b8 b7d5 b8c8 e5f5,-4
2b5/8/pp1k4/3Pp1p1/1P2P1P1/P4K2/4B3/8 b - -,,0
8/1r6/8/2Pk3R/8/2K5/8/8 b - -,d5e4 c3c4 b7b2 c5c6 b2c2 c4b5 e4d4 b5b6 c2b2 b6c7,609
3rr3/2q2nkp/p1bb1pp1/Pp1p2P1/1PpPpPBP/2P1P1B1/4R2Q/4RNK1 b - -,f6f5 g4h3 h7h6 g5h6 f7h6 h4h5 d6e7 e2g2 e8h8 g3f2,-76
4K1k1/4P3/6P1/7p/8/8/8/8 b - -,h7h5 g5f6 g7f6 g4h3 c6d7 f4f5 d7f5 h3f5 f6f5 g3d6,Mate
5r2/6kp/5p2/pp1Q2p1/2pP4/P1P4P/1P3RPK/2q5 b - -,h7h6 d5b5 c1e1 f2f3 e1e6 b5a5 e6d6 h2h1 f8e8 a5f5,171
r1bq1rk1/ppp2pp1/3p1n1p/n1bNpP2/2B1P2B/3P4/PPP3PP/R2QK1NR b KQ -,c7c6 d5f6 g7f6 d1g4 g8h8 g1f3 a5c4 d3c4 f8g8 g4h5,184
r5k1/1pp2pp1/p6p/4P3/2B1n3/P1P4P/1P4P1/5RK1 b - -,a8c8 f1f7 g8h7 e5e6 c8e8 f7c7 b7b5 c4d5 e4f6 d5b3,458
8/6Qp/3k1p2/3Pq3/8/6PP/6PK/8 b - -,e5d5 g7h7 f6f5 h3h4 d6c5 h7c7 c5b5 c7f4 d5f7 f4g5,605
r2q1r2/pp1nppkp/2bp2p1/8/4P3/2N4P/PPPQBPP1/R4RK1 b - -,d8b6 a1b1 d7f6 e2f3 b6a5 a2a3 f8c8 d2e3 a5e5 b1d1,-22
r4rk1/1b2ppbp/2p3p1/pp1qP3/5B2/PP1B3P/2P1QPP1/R4RK1 b - -,f8d8 a3a4 c6c5 f2f3 c5c4 b3c4 b5c4 d3e4 d5c5 f4e3,32
rn1qkbnr/1pp2ppp/p3p3/4N3/2BPb1P1/4PP1P/PP6/RNBQK2R b KQkq -,e4d5 c4d5 e6d5 b1c3 f8d6 f3f4 b8c6 d1f3 d6b4 e1h1,26
r4rk1/p3qppp/2p2n2/2bppb2/8/4P1B1/PPPNBPPP/R2QR1K1 b - -,f8b8 e2d3 f5g4 f2f3 g4d7 b2b3 f6h5 g3f2 a7a5 c2c4,-82
r1b3k1/ppp1q1pp/2p2p2/8/5Q2/2N2N1P/PPn2PP1/3R2K1 b - -,b7b5 f4d2 b5b4 c3a4 b4b3 a2b3 c2b4 d2c3 c8d7 a4c5,26
4k3/R7/8/5P2/3P2K1/p2r4/8/8 b - -,,0
1Q3rk1/3b1p2/3bpq1p/2n5/2Q5/5B1p/2P3PP/1R2R2K b - -,c5e4 b8f8 g8f8 c4e4 h3g2 f3g2 d6f4 e1f1 e6e5 b1d1,560
r1bqk2r/ppp2ppp/2np1n2/b3p3/1PB1P3/P1NP4/2PQ1PPP/R1B1K1NR b KQkq -,a5b6 c3a4 e8h8 g1e2 c8e6 c4e6 f7e6 a4b6 a7b6 e1h1,22
r3k2r/ppp2pp1/8/2bpPR1p/6PP/1B1p4/PPPP2P1/RNB2Q1K b kq -,g7g6 f5f7 h5g4 g2g3 e8a8 h1g2 c8b8 e5e6 g6g5 e6e7,1094
r2q1rk1/1b2b1pp/2p1p3/1PPp1p2/8/4P1P1/3QNPBP/1RR3K1 b - -,c6b5 e2d4 b7c8 b1b5 h7h6 b5b1 g8h7 c5c6 e7d6 g2f1,131
6k1/3KP3/6P1/8/7p/8/8/8 b - -,c6b5 e2d4 b7c8 b1b5 h7h6 b5b1 g8h7 c5c6 e7d6 g2f1,Mate
8/4kp2/p7/Pp1K1PP1/1P1R4/2r5/8/8 b - -,f7f6 g5g6 c3f3 d5c5 f3f5 c5b6 f5g5 b6a6 e7e6 a6b6,615
7r/p1Q5/1pp2ppk/8/2q5/5P2/PP1RN2r/5K2 b - -,c4h4 c7f4 h4f4 e2f4 h2d2 a2a3 d2b2 f4d3 b2b3 d3b4,-1080
r1b1k1nr/ppppqppp/2n5/3NP3/1bB5/1Q6/PB3PPP/R4KNR b kq -,e7f8 d5c7 e8d8 c7a8 b7b6 c4e2 c8b7 h2h4 b4c5 h1h3,338
3r4/8/r7/6k1/2K5/8/8/8 b - -,e7f8 d5c7 e8d8 c7a8 b7b6 c4e2 c8b7 h2h4 b4c5 h1h3,Mate
r1b3k1/p1p1q1pp/2p2p2/1p6/5Q2/2N2N1P/PPn2PP1/2R3K1 b - -,c2b4 c1e1 b4d3 e1e7 d3f4 f3d4 b5b4 c3e4 f4d5 e7e8,-19
8/p4p1p/1p3kp1/4p3/1PP1P2P/2K3P1/P4P2/8 b - -,f6e7 g3g4 e7d6 b4b5 h7h6 c3b4 d6d7 c4c5 f7f6 b4c4,339
8/1r6/2k4R/2P5/8/2K5/8/8 b - -,,0
5bk1/5pp1/2Qp3p/1Pn1p3/4P3/4BN1P/2q2PP1/6K1 b - -,c2d1 g1h2 d1a4 f3e5 a4e4 c6e4 c5e4 e5d7 f8e7 b5b6,372
rnb1kb1r/p4ppp/2p1p3/1N6/P1pP4/6P1/1P1NPP1P/R3KB1R b KQkq -,e8d8 b5c3 f8b4 f1g2 d8c7 c3b5 c7d8 e2e3 c8b7 b5c3,97
8/p7/7k/4pP2/PP1p2p1/6P1/8/6K1 b - -,a7a6 b4b5 a6a5 b5b6 h6g5 b6b7 g5f5 b7b8q f5e6 g1f2,769
6k1/5pp1/1p5p/p1rp4/3R3P/1P2P1P1/P4P2/5K2 b - -,g8f8 f1e2 b6b5 a2a3 c5c2 d4d2 c2c3 d2d3 c3c2 e2f3,5
2b1r1k1/6p1/8/7q/4pQn1/P1P1P2P/5PP1/R2R1NK1 b - -,g4f6 f1g3 h5a5 a3a4 c8e6 c3c4 e8f8 f4d6 e6h3 g2h3,587
rn2kb1r/pp3ppp/2p1pn2/8/3qPB2/2NP4/PPP1QPPP/R4RK1 b kq -,f8e7 a1d1 e8h8 f4e3 d4d7 d3d4 b8a6 e3f4 f6e8 a2a3,-264
r4rk1/ppp1bppp/3q4/3Pn3/5Bb1/P4N2/1P2BPPP/R2Q1RK1 b - -,e5f3 e2f3 d6f4 f3g4 g7g6 g2g3 f4f6 a1b1 h7h5 g4f3,-27
r2q1rk1/1p2npp1/p1Pp1n1p/4p3/2B1P3/P2P1N1P/1PP3P1/R2Q1RK1 b - -,,0
2r1rkq1/p4n1p/1pN1p3/3P1pp1/1PP5/P1Q2P1P/1B4P1/4R1K1 b - -,g8g6 c6e5 f7e5 e1e5 c8d8 c3d4 d8d6 b2c3 e6d5 e5f5,96
3r3r/2q2nkp/p1bb2p1/Pp1p1pP1/1PpPpP1P/2P1P1BB/6RQ/4RNK1 b - -,h7h6 h3f5 g6f5 h4h5 d6e7 h2h3 c6d7 g5h6 g7f8 g3h4,-147
4k3/3r4/8/5PK1/8/R7/8/8 b - -,,0
r4rk1/2qnbp1p/b3p1pP/n1ppP3/p4BN1/P2P1NP1/2P2PB1/R2QR1K1 b - -,e7d8 f4g5 c5c4 d3d4 a8b8 g5d8 c7d8 d1d2 b8b2 g2h3,134
r2q1rk1/1ppb1pp1/3p1n1p/p3p3/4P2N/1PNPP2P/1PP3P1/R3QRK1 b - -,b7b5 e1g3 f6h5 g3f2 b5b4 c3e2 g7g6 h4f3 d8e7 g1h2,-27
r1b1k1nr/ppppqppp/8/n2NP3/1bB5/3Q4/PB3PPP/R4KNR b kq -,e7c5 a1c1 a5c4 c1c4 c5a5 d5c7 e8d8 e5e6 g8f6 c7a8,297
1r3rk1/p3qppp/2p2n2/2bppb2/8/4P1B1/PPPNBPPP/1R1QR1K1 b - -,f6e4 d2e4 f5e4 e2d3 f7f5 d3e4 d5e4 d1h5 e7e6 h2h3,-81
2r3k1/pp1b1p1p/5QpB/3Pp3/P7/1q1B3P/5PP1/6K1 b - -,c5b6 e2d3 e5e4 d3e2 b8d8 c2c3 c6c5 d2f1 g7g5 h2h3,Mate
8/p7/P7/4pk2/1P1p2p1/6P1/8/6K1 b - -,d4d3 g1f2 f5e4 b4b5 e4d4 b5b6 d4c3 b6a7 d3d2 a7a8q,178
r1b1k1nr/ppppqppp/8/3NP3/1bQ5/8/PB3PPP/R4KNR b kq -,e7f8 d5c7 e8d8 a1c1 b7b6 c7a8 f8c5 a8c7 c5c4 c1c4,390
r1bqk2r/5ppp/2pbpn2/p1pp4/4P3/1P1P1N1P/PBPN1PP1/R2QK2R b KQkq -,d6f4 a2a4 f6d7 e4e5 e8h8 d1e2 c8a6 e1h1 d8c7 g2g3,69
8/4kp2/p4P2/Pp1K2P1/1P1R4/6r1/8/8 b - -,e7f8 d5c6 f8g8 c6b7 g8h7 b7a6 g3g5 a6b7 h7g6 a5a6,868
r4k2/5ppp/2p2q2/1p3b2/p2N3P/2N3P1/PPP2P2/2KR3R b - -,b5b4 d4f5 b4c3 f5d4 a8b8 h1e1 c6c5 d4e2 c3b2 c1b1,-615
4K3/r7/5k2/7Q/8/8/8/8 b - -,a7e7 e8d8 e7e5 h5g4 e5g5 g4f4 f6g6 f4f3 g5f5 f3d3,217
r2q1rk1/4b1pp/1Rb5/2Pppp2/8/4P1P1/3QNPBP/2R3K1 b - -,d5d4 g2c6 a8c8 e3d4 e7g5 d2a2 g8h8 c1d1 f5f4 a2e6,447
rB1r1b2/P4kpp/b1p2p2/3p1N2/7P/6R1/PP3PP1/2KR4 b - -,g7g6 f5d4 d8c8 d4b3 a6e2 d1d4 e2f1 c1c2 f8e7 a2a3,231
5k2/3r4/R7/5PK1/8/8/8/8 b - -,,0
5k2/5pp1/1p5p/p1rp4/3R3P/1P2P1P1/P3KP2/8 b - -,c5c2 e2f3 c2a2 d4d5 a5a4 d5b5 a4b3 b5b3 h6h5 b3b6,8
4b1Q1/3kp3/p1rpN1p1/4b1P1/1p6/8/PPP2n2/1K2R3 b - -,c6b6 e6g7 b6b8 g8e6 d7c7 g7e8 b8e8 e6f7 f2e4 e1e4,623
4rk2/p4n1p/1p4q1/3P1pp1/1P1N4/P1Q2P1P/1B4P1/6K1 b - -,h7h5 g1f2 a7a6 d4e6 e8e6 d5e6 g6e6 c3c7 b6b5 b2d4,34
5k2/5p1p/4p1p1/8/3r3P/4RPP1/6K1/8 b - -,f8e7 e3a3 d4d2 g2f1 e6e5 a3a8 d2d8 a8a6 h7h5 a6a3,-13
r1b1k1nr/ppNp1ppp/8/2q1P3/1bQ5/8/PB3PPP/R4KNR b kq -,c5c7 c4c7 b7b6 g1f3 g8e7 h2h4 b4c5 a1d1 e8h8 f1g1,492
rn2k2r/pp3ppp/2pBpn2/8/3qP3/2NP4/PPP1QPPP/R4RK1 b kq -,d4d6 e4e5 d6d8 e5f6 d8f6 c3e4 f6d8 a2a4 e8h8 a4a5,17
1r4k1/6pp/2p2p2/8/1n2P3/1P4P1/3R1K1P/B7 b - -,g8f7 e4e5 f7e6 e5f6 g7f6 d2e2 e6d6 e2d2 b4d5 d2d3,-3
r1bq1rk1/pp2ppbp/1np2np1/8/2PP4/2N2N1P/PP3PP1/R1BQRBK1 b - -,f8e8 c1f4 h7h6 a2a4 a7a5 f4h2 b6d7 d1d2 b7b6 a1d1,252
8/7p/3k1p2/3P1q2/6Q1/6PP/6PK/8 b - -,d6e5 g4f5 e5f5 g3g4 f5e5 h2g3 e5d4 d5d6 d4c5 d6d7,1023
8/6k1/8/8/7P/8/6B1/6K1 b - -,g7h7 g1h2 h7h8 h2g3 h8g8 g3g4 g8h8 g4h5 h8h7 g2e4,14
8/p4pk1/2R5/3N3p/r1P5/6P1/5P1P/6K1 b - -,a4a1 g1g2 h5h4 g3h4 a1c1 h4h5 g7h7 d5e3 c1a1 e3g4,685
1br3k1/3b1p2/4pq1p/8/8/5B2/2P2QKP/1R2R3 b - -,b8a7 f2e2 f6g6 g2h1 g6c2 e2e5 c2c7 e5b2 c7c3 b2g2,3
3r4/8/r7/1K3k2/8/8/8/8 b - -,b8a7 f2e2 f6g6 g2h1 g6c2 e2e5 c2c7 e5b2 c7c3 b2g2,Mate
4rnk1/pp1b1pp1/1qp2n1p/3pN3/3P1N2/1P1B3P/P1PQ1PP1/R5K1 b - -,c6c5 d4c5 b6c5 a1e1 c5d6 e5f3 e8e1 f3e1 d6a3 c2c3,30
4rk2/p4n1p/1p2N1q1/3P2p1/1P3p2/P1Q2P1P/1B4P1/6K1 b - -,f8g8 g1h2 e8a8 c3c6 a8b8 c6c7 b8a8 c7b7 a8e8 b7a7,167
r1b1r1k1/ppq2pbp/2pp1np1/4n3/1PPN4/2N1P2P/PBQ1BPP1/R3R1K1 b - -,e5d7 a1d1 a7a6 d4b3 d7b6 e2d3 d6d5 c4c5 b6c4 d3c4,80
3rr1k1/1p3ppp/1p6/4p3/4P3/P4P2/1P4PP/2RR3K b - -,h7h6 h2h4 g7g6 h1g1 g8f8 g1h2 f8g7 h2g3 g7f8 b2b4,91
r4rk1/pQ2Rpp1/1p1q3p/8/8/6P1/P4P1P/4R1K1 b - -,d6d8 b7a6 d8c8 a6c8 f8c8 e7b7 c8b8 b7c7 a7a5 e1e7,-10
8/p7/P7/1P2p3/3pk1p1/6P1/8/6K1 b - -,d4d3 g1f2 e4d4 b5b6 d4c3 b6a7 d3d2 a7a8q d2d1q a8c6,178
5r2/3Q2kp/5p2/pp4p1/2pP4/P1P4P/1P3RPK/4q3 b - -,g7h8 f2f5 e1d2 d7b5 h8g7 b5c4 d2b2 c4c7 f8f7 c7a5,200
3r4/2q1bnk1/p1b3pr/Pp1p1p2/1PpPpP1P/2P1P1BB/3N1KRQ/4R3 b - -,c6d7 e1h1 d8h8 g2g1 c7c8 f2e2 f7d8 g3e1 d8c6 d2b1,-163
5rk1/1pp2pp1/p3P2p/8/2B1n3/P1P4P/1P4P1/5RK1 b - -,f8c8 f1f4 e4d6 e6f7 g8f8 c4e6 c8d8 g1f2 b7b6 f2e3,118
rnbk1b1r/p4ppp/2p1p3/1N6/P1pP4/6P1/1P1NPPBP/R3K2R b KQ -,f8b4 e2e3 c8b7 b5c3 d8e7 d2c4 b8d7 e1a1 h8b8 c3a2,79
5bk1/5pp1/2Qp3p/1PB1p3/4q3/5N1P/5PP1/6K1 b - -,e4f4 c5e3 f4f6 b5b6 d6d5 c6d5 f8d6 g2g3 d6b8 b6b7,612
5k2/5pp1/1p5p/p2p4/7P/1P2P1P1/P1rRKP2/8 b - -,c2d2 e2d2 h6h5 d2c3 f8e7 b3b4 a5b4 c3b4 e7d7 b4c3,3
8/4k2p/4p1p1/5pP1/3r3P/4RP2/6K1/8 b - -,d4h4 e3b3 h7h6 g5h6 h4h6 b3b7 e7f6 b7b3 h6h8 g2g3,-376
8/p4p1p/1p2k1p1/1P2p3/2P1P2P/2K3P1/P4P2/8 b - -,g6g5 h4g5 f7f5 g5f6 e6f6 c4c5 f6e6 c3c4 h7h5 c5c6,505
r2q1rk1/2pb1pp1/3p1n1p/pp2p3/4P2N/1PNPP1QP/1PP3P1/R4RK1 b - -,b5b4 c3b1 f6h5 g3e1 g7g6 b1d2 d7b5 h4f3 g8h7 g1h2,-24
r4rk1/5pp1/b1pPp2p/p1P5/5P2/P1q3PP/3N1BB1/b2QR1K1 b - -,e6e5 g2c6 a8c8 c6g2 a1b2 d2b1 c3d3 d6d7 c8c7 c5c6,370
r1bqk2r/ppp1b1pp/2Bp1n2/4pP2/8/2N2N2/PPPP1PPP/R1BQK2R b KQkq -,b7c6 c3e2 c8f5 e2g3 d8c8 e1h1 e8h8 d1e2 e5e4 f3d4,-53
N1bk2nr/pp1p1ppp/8/2b1P3/8/8/PB3PPP/R4KNR b - -,f7f6 h2h4 b7b6 g1f3 c8b7 a8b6 a7b6 h1h3 f6e5 f3e5,270
rq3rk1/p3Rpp1/1p5p/3Q4/8/6P1/P4P1P/4R1K1 b - -,b8d8 d5d8 f8d8 e7b7 d8b8 b7c7 a7a5 e1e7 b8f8 c7b7,-7
8/1r4k1/8/5PK1/R7/8/8/8 b - -,,0
4r1k1/p4n1p/1p2N1q1/3P2p1/1P3p2/P1Q2P1P/1B4PK/8 b - -,e8a8 c3c6 a8b8 c6c7 b8a8 c7b7 a8e8 b7a7 h7h5 a7d7,191
5rk1/1pp1P1p1/p4p1p/8/2B1n3/P1P4P/1P4P1/5RK1 b - -,e8a8 c3c6 a8b8 c6c7 b8a8 c7b7 a8e8 b7a7 h7h5 a7d7,Mate
8/R3Knk1/4P2p/7P/4rPP1/8/8/8 b - -,e4e2 a7a6 e2b2 e6f7 b2b7 e7e6 b7f7 a6a4 f7f6 e6e5,437
5rk1/p2bq2p/1p1ppbp1/6r1/4P3/1B1R1Q1P/PPP1N1P1/5RK1 b - -,f6b2 e2f4 g5e5 f3e2 e5c5 d3f3 b2d4 g1h1 d4g7 a2a4,-146
3K4/4r3/5k2/7Q/8/8/8/8 b - -,e7e5 h5f3 e5f5 f3e3 f5e5 e3d3 f6e6 d8c7 e5c5 c7b7,220
1rbqr1k1/1p3pbp/p2p1np1/2pPn3/P3PP2/2N3P1/1P1NQ1BP/R1B2RK1 b - -,e5d7 f1e1 f6h5 d2c4 d7b6 c4e3 g7d4 e2f1 f7f5 g1h1,46
4r1k1/1pp1rpp1/p2p3p/3P4/2PB1qPn/P5QP/1P3P2/1B1R1K1R b - -,f4d2 g3h4 d2d1 f1g2 d1d4 b2b3 e7e2 h1f1 b7b5 g2g1,-507
3qbbk1/2r2ppp/8/p1Nn1p2/1p1P4/1P1Q2P1/PB3RBP/6K1 b - -,g7g6 a2a4 b4a3 b2a3 e8c6 d3d2 d5f6 g2c6 c7c6 f2e2,-251
r4r1k/p2q1p1p/2nb4/1p1p1p1B/2pP2P1/1PP2Q2/P4P1P/RN3R1K b - -,b5b4 f3f5 d7f5 g4f5 a8c8 f5f6 d6f4 f1d1 c6d8 h5g4,-51
r4rk1/p1q4p/1p1n1p2/2pPp1p1/4P1P1/2P2BP1/PR3P2/2Q1R1K1 b - -,c5c4 c1e3 a8c8 a2a4 g8g7 e1b1 c7e7 b1a1 c8c7 g1g2,-16
8/4Knk1/R3P2p/7P/5PP1/4r3/8/8 b - -,e3b3 e6f7 b3b7 e7e6 b7f7 a6a4 f7f6 e6e5 f6f7 f4f5,599
8/p7/P7/1P2p3/3p2p1/4k1P1/8/5K2 b - -,e3b3 e6f7 b3b7 e7e6 b7f7 a6a4 f7f6 e6e5 f6f7 f4f5,Mate
R7/1r3k2/8/5PK1/8/8/8/8 b - -,,0
rn2k2r/pp3ppp/2pqpn2/4P3/8/2NP4/PPP1QPPP/R4RK1 b kq -,d6d8 e5f6 d8f6 c3e4 f6d8 a2a4 e8h8 a4a5 b8d7 f1e1,12
4K1k1/8/4PR1p/7P/4r1P1/8/8/8 b - -,d6d8 e5f6 d8f6 c3e4 f6d8 a2a4 e8h8 a4a5 b8d7 f1e1,Mate
r1b2rk1/3nppbp/3p1np1/qBpP2B1/P3P3/2N2N2/1P1Q1PPP/R3K2R b KQ -,h7h6 g5f6 d7f6 e1h1 c8a6 d2c2 a6b5 c3b5 a5b4 f3d2,25
r3kbnr/pbp2ppp/1pn1p3/3q4/3P4/2PB1N2/PP3PPP/RNBQ1RK1 b kq -,g8f6 b1d2 h7h6 b2b4 d5h5 d3e2 f8d6 a2a4 e8h8 a4a5,70
r1bqkb1r/ppp2ppp/2n5/4p3/2B2n2/2N2Q2/PPPPN1PP/R1B1K2R b KQkq -,d8h4 g2g3 f4g2 f3g2 h4c4 d2d3 c4a6 a2a3 c8e6 c1e3,-196
r6k/1ppbq2p/p2p2pb/3Ppr2/P1P1N3/1B3P1P/1P2Q1P1/R4RK1 b - -,f5h5 f1f2 a6a5 e2e1 a8f8 b3c2 b7b6 g1f1 d7f5 f1e2,-64
8/5K2/p5p1/1p1p4/1P5P/P1Pk4/8/8 b - -,d3c3 f7g6 d5d4 h4h5 c3b3 h5h6 d4d3 h6h7 d3d2 h7h8q,-40
8/5k2/8/3N4/2p5/2P3P1/6K1/8 b - -,d3d2 f7g6 d2c3 h4h5 d5d4 h5h6 d4d3 h6h7 d3d2 h7h8q,Mate
1N6/1B6/8/8/3K4/1k6/8/8 b - -,b3c2 b7f3 c2b3 f3e4 b3b2 d4c4 b2c1 c4c3 c1d1 c3b2,215
1r1qr1k1/1p3pbp/p2p1np1/2pPn3/P3PPb1/2N1Q1P1/1P1N2BP/R1B2RK1 b - -,g7h6 h2h3 g4d7 e3e2 f6h5 f4e5 h5g3 e2f2 g3f1 d2c4,147
8/4KPk1/R6p/7P/5PP1/1r6/8/8 b - -,b3b7 e7e6 b7f7 a6a4 f7f6 e6e5 f6f7 f4f5 f7e7 e5d5,672
r1b2rk1/3nppbp/3p2p1/1PpP2B1/4N3/5N2/1P1Q1PPP/R3K2R b KQ -,a8a1 e1e2 a1h1 d2a5 f7f5 e4c3 h7h6 g5e7 f8e8 e2d2,-15
8/p6p/1p2k1p1/1P2pp2/2P1P2P/2K2PP1/P7/8 b - -,e6d6 c3d3 d6e6 e4f5 g6f5 g3g4 e5e4 d3e3 e4f3 e3f3,421
r1bq1r2/ppp2Bk1/2np1nPp/2b1p3/4P2B/2NP4/PPP3PP/R2QK1NR b KQ -,f8h8 g1e2 c5e3 e2g3 e3g5 h4g5 h6g5 d1d2 f6h5 g3h5,376
rn2k2r/pp2qppp/2p1pP2/8/8/2NP4/PPP1QPPP/R4RK1 b kq -,e7f6 c3e4 f6d8 a2a4 e8h8 a4a5 b8d7 f1e1 h7h6 e2e3,20
8/p7/P7/1P2p3/6p1/3pk1P1/8/4K3 b - -,e7f6 c3e4 f6d8 a2a4 e8h8 a4a5 b8d7 f1e1 h7h6 e2e3,Mate
8/1r3Pk1/R3K2p/7P/5PP1/8/8/8 b - -,b7f7 a6a4 f7f6 e6e5 f6f7 f4f5 f7e7 e5d5 e7b7 a4a6,680
r1r3k1/p1q4p/1p1n1p2/2pPp1p1/2P1P1P1/5BP1/PR3P2/2Q1R1K1 b - -,g8g7 c1c2 h7h6 f3e2 c8d8 g1g2 d8e8 a2a4 d6b7 e2d3,32
rq3rk1/1R3pp1/pp5p/3Q4/8/6P1/P4P1P/4R1K1 b - -,g7g6 b7b8 a8b8 g1g2 h6h5 e1e7 b8e8 e7e8 f8e8 d5c6,430
r5qr/p2bnk2/1pn1p1pp/P2pPp2/2pP1N1P/B1P3Q1/2P1BPP1/1R3RK1 b - -,g8e8 a5b6 a7b6 a3e7 c6e7 b1b6 d7c6 f1b1 e8d7 g3e3,202
5rk1/p2bq2p/1p1pp1p1/6r1/3NP3/1B1R1Q1P/PPP3P1/5RK1 b - -,f8f3 d4f3 g5h5 f1d1 d7c6 d3d6 c6d5 d1d5 e6d5 b3d5,-86
8/p7/P7/1P2p3/6p1/4k1P1/3p4/3K4 b - -,f8f3 d4f3 g5h5 f1d1 d7c6 d3d6 c6d5 d1d5 e6d5 b3d5,Mate
2kr3r/pp3pp1/2p1p1p1/2qn2P1/8/3RP2P/PPP1Q1B1/1K3R2 b - -,h8f8 g2d5 e6d5 a2a3 c5e7 e2g4 c8b8 d3d4 e7e3 d4f4,-61
r2q1rk1/1pp2pp1/p2p1nnp/3Pp3/2B1P3/P2P1N1P/1PP3PK/R2Q1R2 b - -,,0
r2qr1k1/5pbp/p2PpBp1/3b4/Q3N3/2pP4/PP3PPP/R3R1K1 b - -,d8f6 e4f6 g7f6 b2c3 f6c3 a4a3 c3a1 e1a1 e8d8 a1c1,289
rn2k2r/pp3ppp/2p1pq2/8/3P4/2N5/PPP1QPPP/R4RK1 b kq -,f6d4 a1d1 d4b4 e2e5 e8h8 c3e4 b4e7 d1d3 b8a6 f1d1,-18
7Q/8/p5K1/1p6/1P6/P1k5/8/3q4 b - -,c3b3 h8f6 d1d3 g6f7 d3c4 f7e7 c4c7 e7e8 c7c8 e8f7,-39
4K1k1/8/4P1Pp/8/8/8/8/8 b - -,d1d4 h8c8 c3b2 c8a6 d4d7 g6f6 d7e8 f6g7 e8e5 g7f7,Mate
r1bbrnk1/pp1q3p/2p1ppp1/2Pp4/1P1PP3/P1NB1NP1/2Q3PP/R4RK1 b - -,g8h8 a1e1 f6f5 e4e5 g6g5 h2h3 f8g6 c3e2 e8f8 g3g4,131
8/p7/PP6/4p3/6p1/3k2P1/3p4/3K4 b - -,g8h8 a1e1 f6f5 e4e5 g6g5 h2h3 f8g6 c3e2 e8f8 g3g4,Mate
r1bqk2r/5ppp/2p1pn2/2pp4/p3P3/1P1P3P/PBPN1PP1/1R1Q1RK1 b kq -,d8e7 f2f4 e8h8 d1f3 a4b3 a2b3 a8a2 f3g3 h7h6 d2f3,89
7r/p1Q3k1/1pp2pp1/8/6q1/8/PP1R1P1r/5KN1 b - -,g7h6 c7h2 g4h5 h2d6 h5g5 d2d3 g5c1 d3d1 c1g5 d6c6,398
3qbbk1/2r2p1p/6p1/p1Nn1p2/1p1P4/1P1Q2P1/PB2R1BP/6K1 b - -,e8c6 e2e1 h7h5 d3d2 c7c8 c5d3 d5c3 g2c6 c8c6 d3e5,-284
4r1k1/p4n2/1pQ1N1q1/3P2pp/1P3p2/P4P1P/1B4PK/8 b - -,e8b8 c6c3 b8a8 h2g1 a8e8 b4b5 f7h6 h3h4 g5g4 e6f4,118
r2brk2/pp3Q2/2bpqpPp/Pnp5/4P3/3P4/1P1B2PP/4RR1K b - -,e6f7 g6f7 f8f7 b2b4 d8e7 h1g1 e8g8 d2h6 b5d4 h2h4,-601
rn1qnrk1/pp3pbp/3p2p1/2pP4/2P5/2N2B1P/PPQ2PP1/R1B2RK1 b - -,a7a6 g2g3 b8d7 g1g2 f7f5 c1d2 g6g5 h3h4 g5h4 c3e2,69
4b1Q1/3kp1N1/2rp2p1/p3b1P1/1p6/8/PPP2n2/1K2R3 b - -,d7c7 g8e8 e5g7 e1e7 c7b6 e8d8 b6b5 e7b7 b5c5 d8a5,691
5bk1/5pp1/1PQ4p/2p1p3/8/5N1P/5PPK/1q6 b - -,e5e4 f3d2 b1b2 b6b7 b2e5 g2g3 e4e3 d2c4 e5d4 c4e3,404
3r4/1p4k1/2p1b2p/q1b1Ppp1/p2r1P2/P5P1/1PR1Q1BP/2N2R1K b - -,g5g4 h2h3 h6h5 h1h2 c5b6 f1h1 d4d2 c2d2 d8d2 h1d1,-488
8/6k1/5r1p/4K2P/R4PP1/8/8/8 b - -,f6f7 f4f5 f7e7 e5d5 e7b7 a4a6 b7b4 d5e5 g7f7 a6f6,755
8/4k1p1/p1p2p1p/2P1pK2/PP6/5P2/6PP/8 b - -,e7e8 f5e6 h6h5 e6d6 h5h4 d6c6 f6f5 c6d5 e5e4 f3e4,489
8/3Qp1bk/1p2r1pp/5p2/1PqP4/4PN2/P5PP/4R1K1 b - -,c4a2 e1e2 a2b1 g1f2 b1e4 f3d2 e4c6 d7c6 e6c6 h2h3,-21
8/8/4k3/8/2p5/2P1N1P1/6K1/8 b - -,c4a2 e1e2 a2b1 g1f2 b1e4 f3d2 e4c6 d7c6 e6c6 h2h3,Mate
5rk1/R2N1pp1/4n2p/1pp2R1P/1P2P3/2r5/5PP1/6K1 b - -,f8c8 d7c5 c3c1 g1h2 e6c5 b4c5 c1c5 a7f7 c5f5 f7f5,17
r7/8/r7/2K2k2/8/8/8/8 b - -,f8c8 d7c5 c3c1 g1h2 e6c5 b4c5 c1c5 a7f7 c5f5 f7f5,Mate
r2qQ1k1/5p1p/p2Ppbp1/3b4/4N3/2pP4/PP3PPP/R3R1K1 b - -,g8g7 e8d8 a8d8 b2c3 d5e4 e1e4 d8d6 d3d4 d6b6 g1f1,426
8/4k2N/8/1p2B3/2bP4/K1P2r2/PP6/8 b - -,c4f1 h7f6 f3f6 e5f6 e7f6 a3b4 f6e7 b4c5 e7d7 b2b3,40
8/4kp2/p5p1/Pp1K1PP1/1P1RP3/2r5/8/8 b - -,c3b3 d5c5 b3c3 c5b6 c3c8 f5f6 e7e6 b6a6 c8c4 d4d5,516
rn2k2r/pp3ppp/2p1p3/8/3q4/2N5/PPP1QPPP/3R1RK1 b kq -,,0
1Q6/p7/P7/8/6p1/3kp1P1/3p4/3K4 b - -,d4b4 e2e5 e8h8 c3e4 b4e7 d1d3 b8d7 e5c7 e7b4 c7f4,Mate
3r1rk1/5pp1/pR5p/8/8/6P1/P4P1P/4R1K1 b - -,d8a8 e1e4 a8a7 e4a4 a6a5 h2h4 f8a8 b6b5 g7g6 h4h5,14
r1bqkbnr/pp3ppp/3pp3/1N6/3QP3/8/PPP2PPP/R1B1KB1R b KQkq -,a7a6 b5c3 g8f6 f1e2 c8d7 c1e3 f8e7 e1a1 e8h8 c1b1,13
8/3R1nk1/7p/2r1PK1P/5PP1/8/8/8 b - -,c5c8 e5e6 c8c5 f5e4 c5c4 e4e3 g7f6 e6f7 f6g7 d7d6,642
r7/pp3kpp/2b1pp2/2P5/3R4/P3BP2/1P3KPP/8 b - -,e6e5 d4d6 h7h5 h2h4 f7g6 b2b3 a8h8 a3a4 a7a6 f2g3,-25
r2q1r2/ppp3k1/2npBnPp/2b1p3/4P2B/2NP4/PPP3PP/R2QK1NR b KQ -,a7a5 e6f7 h6h5 c3d5 f6d5 h4d8 c5b4 c2c3 d5c3 d1h5,539
2r1b3/3kp1N1/3pQ1p1/p3b1P1/1p6/8/PPP2n2/1K2R3 b - -,d7d8 g7e8 f2g4 e6g4 c8c5 g4e6 d8e8 e6g6 e8d7 g6f7,Mate
4r1bk/1p2r3/p1p1pq1p/P1NpR1p1/3P2P1/2P1Q2P/1P3PK1/4R3 b - -,h8g7 f2f3 e8f8 e1h1 f6g6 h3h4 g5h4 h1h4 f8f6 g2g3,280
3Q4/7p/p5pk/3R1p2/Pq1prP1P/2P3P1/1P2p3/4K3 b - -,h8g7 f2f3 e8f8 e1h1 f6g6 h3h4 g5h4 h1h4 f8f6 g2g3,Mate
rq2k2r/ppp2ppp/2n1b3/1B1pN3/Q2P4/B7/P4PPP/b3R1K1 b kq -,a1b2 b5c6 b7c6 a4c6 e8d8 a3b2 d8c8 b2c1 b8b7 c6c3,10
rn1qk2r/pp2bppp/2p1pn2/3pNb2/5P2/1PN1P3/PBPP2PP/R2QKB1R b KQkq -,b8d7 f1d3 e8h8 d3f5 e6f5 e1h1 f8e8 e5f3 e7f8 a2a4,-28
r6k/2pbq2p/pp1p2pb/3Ppr2/P1P1N3/5P1P/1PB1Q1P1/R4RK1 b - -,f5h5 a4a5 b6a5 f1f2 d7f5 a1a5 f5e4 f3e4 h5h4 c4c5,-48
2rr2k1/pb2bppp/1pqpp3/2p5/3PBB2/2P1PN2/PPQ2PPP/R2R2K1 b - -,d6d5 e4h7 g8h8 c2b1 c6e8 h7c2 f7f5 d1d2 h8g8 b1d1,567
6k1/pp3r2/5pp1/2P1p3/1P1b4/3Q4/q5PP/1R3R1K b - -,g8g7 b1c1 a2d5 d3c4 d5c4 c1c4 f7c7 f1c1 g7f7 b4b5,65
8/8/3k4/8/2N5/2P3P1/6K1/8 b - -,g8g7 b1c1 a2d5 d3c4 d5c4 c1c4 f7c7 f1c1 g7f7 b4b5,Mate
5k2/3r4/5PR1/6K1/8/8/8/8 b - -,,0
r3q1k1/5p1p/p2PpNp1/3b4/8/2pP4/PP3PPP/R3R1K1 b - -,g8f8 f6e8 c3b2 a1b1 f8e8 b1b2 a6a5 e1c1 a5a4 c1c7,422
8/p7/8/P3pPk1/1P1p2p1/6P1/8/6K1 b - -,d4d3 g1f2 d3d2 f2e2 g5f5 b4b5 d2d1q e2d1 f5e4 b5b6,922
r4r1k/p2q1p1p/2nb1Q2/1p1p3B/2pP2p1/1PP5/P4P1P/RN3R1K b - -,h8g8 f1g1 g4g3 b1d2 d7d8 f6h6 c6e7 h5d1 c4b3 a2b3,80
r1b1kbnr/1p1q2pp/p1np4/1N1NppB1/2P1P3/8/PP3PPP/R2QKB1R b KQkq -,f8e7 b5c7 e8f8 g5e7 c6e7 c7a8 e7d5 c4d5 d7d8 d1b3,475
rnbk3r/p4ppp/2p1p3/1N6/PbpP4/4P1P1/1P1N1PBP/R3K2R b KQ -,a7a5 e1e2 e6e5 d4e5 c8g4 f2f3 g4f5 b5d6 f5d3 e2f2,91
r1bq1rk1/p3bppp/1pn1pn2/8/3P4/2NBBN2/PP2QPPP/2R2RK1 b - -,c6b4 d3c4 c8b7 f3e5 b4d5 f1d1 d5c3 b2c3 f6d5 e3d2,-22
3Nr1k1/p7/1pQ3q1/3P2pp/1P3p2/P4P1P/1B4PK/8 b - -,g8h7 d8e6 h7g8 e6g5 g6c6 d5c6 g8f8 g5e4 f8e7 b2e5,634
r1bqk2r/bpp2pp1/p2p1n1p/4N3/2B1P3/2P4P/PP3PP1/RNBQ1RK1 b kq -,h8h7 e5f3 c8h3 g2h3 d8d7 f3h2 d7h3 d1f3 h3f3 h2f3,430
8/5pp1/NP1k3p/3p4/6P1/4P2P/2b4K/8 b - -,d6e5 b6b7 e5e4 b7b8q e4e3 b8g3 e3d2 g3g2 d2d1 g2d5,846
8/3k1p2/1Kp5/2B5/PP4P1/5P2/2P4P/8 b - -,d6e5 b6b7 e5e4 b7b8q e4e3 b8g3 e3d2 g3g2 d2d1 g2d5,Mate
4k3/5p2/p1K2P2/Pp4P1/1P1R4/6r1/8/8 b - -,g3g2 c6b7 g2c2 b7a6 c2c4 d4d5 c4c7 a6b6 c7d7 d5d7,1774
8/p2bq1kp/1p1pp1p1/6r1/3NP3/1BR4P/PPP3P1/5RK1 b - -,g5c5 c3e3 a7a5 a2a4 c5e5 d4f3 e5h5 f3d4 h5h4 c2c3,-153
1r6/5kpp/2p2p2/4P3/1n6/1P4P1/3R1K1P/B7 b - -,b4d5 e5f6 g7f6 d2c2 d5e7 c2d2 f7e6 d2d3 h7h5 h2h3,-3
r3Nk2/5p1p/p2Pp1p1/3b4/8/2pP4/PP3PPP/R3R1K1 b - -,f8e8 b2c3 e8d7 c3c4 d5c6 c4c5 g6g5 a1b1 h7h5 b1b6,526
3rrk2/1p3ppp/1p6/4p3/4P2P/P4P2/1P4P1/2RR3K b - -,d8c8 c1c8 e8c8 d1d7 c8c2 b2b4 c2c3 h4h5 c3a3 d7b7,115
2K5/R7/6p1/7p/6kP/6P1/8/8 b - -,g4h3 a7g7 h3g2 g7g6 g2h3 g6g5 h3h2 g5e5 h2g3 e5g5,1659
r2qkb1r/pp3ppp/2p2n2/8/3pP3/1B1P3P/PPP1NP2/R2QK2R b KQkq -,f8e7 d1d2 e8h8 h1g1 g8h8 a2a4 f6h5 e1a1 a7a5 c2c3,-22
2r3k1/R4pp1/4n2p/1pN2R1P/1P2P3/2r5/5PP1/6K1 b - -,e6c5 b4c5 c3c1 g1h2 c1c5 a7f7 c5f5 f7f5 c8e8 f2f3,13
r4rk1/p2q1p1p/2nb1Q2/1p1p3B/2pP2p1/1PP5/P4P1P/RN4RK b - -,g4g3 b1d2 c4b3 a2b3 c6e7 f2g3 a7a5 g1f1 e7g6 f6f3,81
r2qkb1r/ppp2ppp/2n1B3/4p3/5n2/2N2Q2/PPPPN1PP/R1B1K2R b KQkq -,f4e6 h1f1 f7f6 b2b3 c6b4 f3f5 e6d4 e2d4 e5d4 c3b5,-189
4r1k1/p7/1pN5/3P2pp/1P3p2/P4P1P/1B4PK/8 b - -,e8e2 d5d6 e2b2 d6d7 b2d2 d7d8q d2d8 c6d8 g8h7 h3h4,605
r1bq1rk1/p3bppp/1p2pn2/8/1n1P4/2N1BN2/PP2QPPP/1BR2RK1 b - -,c8a6 c3b5 d8d5 a2a4 a8c8 f3e5 a6b7 f2f3 a7a6 b5a3,-53
r1b2r2/ppp1qBk1/2np1nPp/2bNp3/4P2B/3P4/PPP3PP/R2QK1NR b KQ -,f8f7 g6f7 e7f7 h4f6 g7h7 f6h4 f7g6 c2c3 c8e6 d5f6,533
2b2rk1/3nppbp/3p2p1/1PpP2B1/4N3/5N2/1P1QKPPP/r6R b - -,,0
3r2k1/1p4p1/pQp2p2/4p1n1/1PN1P1PK/2P1RP1P/1Pq5/8 b - -,a1h1 d2a5 c5c4 g5d2 g7b2 d2h6 f8e8 b5b6 f7f5 e4g3,Mate
3r1k2/ppp4r/3p1N2/4p1p1/4P3/2P2P2/P1P2PK1/R7 b - -,h7f7 f6d5 f8g7 d5e3 d8f8 e3f5 f7f5 e4f5 f8f5 a1b1,-334
r6k/2pbq2p/pp1p2pb/3Pp3/PPP1Nr2/5P1P/2B1Q1P1/R4RK1 b - -,f4f8 a4a5 d7f5 e2f2 b6a5 a1a5 h6f4 g2g3 f5e4 c2e4,46
5k2/8/5PR1/3r4/5K2/8/8/8 b - -,,0
8/R3pk1p/2R5/8/Pr1B2p1/8/r4PPP/4K3 b - -,f8f7 g6h6 d5a5 f4f3 a5f5 f3g3 f5b5 g3g4 f7e6 g4g3,Mate
r1bqk2r/pp3ppp/4pn2/3p4/Qb1P4/2N1PN2/PP3PPP/R3KB1R b KQkq -,c8d7 a4b4 a7a5 b4a3 d8e7 a3e7 e8e7 f3e5 h8c8 f1d3,471
2rr2k1/pb2bppp/1pqpp3/2p5/3PnB2/2PBPN2/PP2QPPP/R2R2K1 b - -,g7g5 f3g5 e4g5 d4d5 c6d5 d3h7 g5h7 d1d5 b7d5 e3e4,-16
1r4k1/5p1p/2pq2pQ/4b3/PP1p4/2r5/3B1PP1/1R3R1K b - -,c3c2 a4a5 d4d3 h1g1 c2a2 f1d1 b8d8 d2e3 d6d5 e3b6,-131
4rn2/pp4Rk/2p1Pp1p/3p1P2/8/8/PPPK4/8 b - -,h7g7 d2e2 f8e6 f5e6 e8e6 e2f3 g7g6 f3f4 h6h5 b2b3,-912
r3Nk2/5p1p/p2Pp1p1/3b4/8/3P4/Pp3PPP/1R2R1K1 b - -,a8e8 b1b2 e8d8 b2b6 d5a2 b6a6 a2d5 h2h4 d8c8 e1b1,423
r4rk1/1b2ppbp/6p1/pppqP3/5B2/PP1B1P1P/2P1Q1P1/R4RK1 b - -,b5b4 d3e4 d5d7 a1d1 d7c8 e4b7 c8b7 a3a4 a8c8 e2c4,31
8/1p1k1p2/pr4p1/6P1/PPR1P3/4KP2/8/8 b - -,d7d6 e3d4 d6d7 e4e5 d7e6 d4e4 e6e7 e4d5 e7d7 d5c5,360
2r1N3/2k1p3/3pQ1p1/p3b1P1/1p6/8/PPP2n2/1K2R3 b - -,c7b8 e6e7 c8e8 e7e8 b8c7 e8g6 b4b3 g6f7 c7c6 f7e8,734
4r1k1/1pp1rpp1/p2p3p/3P4/2PB2PQ/P6P/1P3PK1/1B1q3R b - -,d1d4 b2b3 e7e2 h1f1 b7b5 b1f5 b5c4 b3c4 d4c4 f5d7,-503
2Q5/8/p5K1/1p6/1P1q4/P1k5/8/8 b - -,,0
7k/5R2/2b2P1p/4r3/5N2/3K4/8/8 b - -,c6e4 d3d4 e5e8 f7g7 e4f5 d4d5 e8a8 d5e5 a8a5 f4d5,12
8/6rp/4pk2/5p2/5K1P/1R3P2/8/8 b - -,e6e5 f4e3 f6g6 b3b5 g7e7 f3f4 e5e4 h4h5 g6f6 b5b6,-23
3r1rk1/5pp1/7p/pR6/8/6P1/P4P1P/4R1K1 b - -,d8d7 b5a5 f8c8 h2h4 g7g6 h4h5 c8c2 h5g6 f7g6 e1e6,15
1r1q3r/1bp1kppp/1n2p3/p1RnN3/Pp1P4/1Q4P1/3NPPBP/R5K1 b - -,f7f6 e5c4 e7f7 c4a5 b7a8 d2e4 d8d7 c5c2 h7h5 h2h4,166
8/8/1p6/8/1PP5/K2k4/8/8 b - -,d3c4 a3a4 c4d4 a4b5 d4c3 b5b6 c3b4 b6a6 b4c4 a6b7,Mate
3r2k1/1p4p1/pQp2p2/4p1nK/1PN1P1P1/2P1RP1P/1P3q2/8 b - -,d3c4 a3a4 c4d4 a4b5 d4c3 b5b6 c3b4 b6a6 b4c4 a6b7,Mate
2r3k1/R4pp1/7p/1pP2R1P/4P3/2r5/5PP1/6K1 b - -,c8f8 a7b7 c3c4 f2f3 b5b4 g1f2 c4c2 f2g3 c2c4 g3f4,224
8/5pp1/1Pk4p/3p4/1N4P1/4P2P/2b4K/8 b - -,c6b5 b6b7 b5b4 b7b8q b4c3 b8e5 c3b3 e5g7 c2g6 g7h6,735
5bk1/1P3pp1/2Q4p/4N3/8/2p4P/5PPK/1q6 b - -,b1b3 c6c8 c3c2 e5d3 b3d3 b7b8q d3a3 c8c2 a3e7 g2g3,510
r3kbnr/pppq1ppp/2np4/8/4P3/1QN2N2/PB3PPP/R4RK1 b kq -,c6a5 b3c2 g8e7 e4e5 e8a8 e5d6 c7d6 c3b5 c8b8 c2a4,76
r3k3/5p1p/p2Pp1p1/3b4/8/3P4/PR3PPP/4R1K1 b - -,a6a5 e1c1 a5a4 c1c7 a8d8 c7a7 e8f8 b2b6 d5a2 a7a4,431
r1b2k1r/4qppp/2pNp3/2pnP3/p2p4/1P1P3P/PBPQ1PP1/1R3RK1 b - -,e7a7 b2a3 a4b3 b1b3 f8g8 d6e4 a7c7 f2f4 h7h6 a3c5,245
r4n1k/1pqbR3/p6p/2PP1p2/1P5N/P5P1/5Q1P/6K1 b - -,c7e5 e7e5 h8g8 f2d4 g8f7 d4e3 a8e8 e5e8 d7e8 h4f5,Mate
8/1pP2rk1/p4pp1/qP2p3/3b4/3Q4/6PP/2R2R1K b - -,f7c7 b5a6 b7a6 c1c7 a5c7 d3a6 f6f5 a6d3 c7c3 d3c3,8
r2qkb1r/ppp2ppp/2n1n3/4p3/8/2N2Q2/PPPPN1PP/R1B2RK1 b kq -,d8d7 d2d3 e8a8 c3e4 f8e7 f3h3 c6b4 f1f7 b4c2 a1b1,-219
3r1rk1/5pp1/7p/8/pR6/6P1/P4P1P/4R1K1 b - -,d8d7 b4a4 f8c8 a4e4 c8c2 e1e2 c2c1 g1g2 c1a1 e4a4,14
8/5pp1/1k5p/3p4/6P1/4P2P/2N4K/8 b - -,b6b5 c2d4 b5c4 h2g3 c4d3 g3f3 g7g6 d4c6 d3c2 c6e5,621
5bk1/1P3pp1/2Q4p/8/8/3N3P/2p2PPK/1q6 b - -,c2c1q d3c1 b1b4 c6c8 g8h7 b7b8q f8d6 b8d6 b4d6 g2g3,430
r2q1rk1/2pb1pp1/3p1n1p/p3p3/1p2P2N/1P1PP1QP/1PP1N1P1/R4RK1 b - -,f6h5 g3e1 g7g6 h4f3 d8e7 e2g3 h5g7 f1f2 d7b5 f3d2,-39
8/8/4r2R/1p5K/6P1/Pk5P/8/8 b - -,e6e4 h6a6 b3c4 g4g5 e4e5 h3h4 c4b3 a6a8 e5c5 a8a5,721
8/4r2p/5k2/4pp2/7P/1R3P2/5K2/8 b - -,f5f4 b3b6 e7e6 b6b7 h7h6 b7b5 f6g6 f2g2 g6f5 b5a5,-18
7r/1p2k3/2b1p1pp/2N1P2N/5P2/pPp5/Pn4PK/4R3 b - -,g6h5 b3b4 h8g8 e1e2 c6d5 e2c2 b7b6 c5b3 d5b3 c2c3,-588
8/3b2k1/8/8/5KPP/5B2/8/8 b - -,d7g4 f4g4 g7g8 f3e4 g8g7 g4h5 g7g8 h5g6 g8h8 e4b7,15
8/4Knk1/4P2p/3R3P/4rPP1/8/8/8 b - -,e4e1 f4f5 e1f1 f5f6 f1f6 e7d7 f7g5 d5g5 h6g5 e6e7,812
4r3/2k1p3/3p2p1/p3b1P1/1pQ5/8/PPP2n2/1K2R3 b - -,c7d7 c4b5 d7d8 b5a5 d8c8 a5a8 c8d7 a8a4 d7d8 a4b4,679
8/P7/1Kp1k3/2B5/1P4P1/8/2P4P/8 b - -,c7d7 c4b5 d7d8 b5a5 d8c8 a5a8 c8d7 a8a4 d7d8 a4b4,Mate
3r2k1/3q2p1/R6p/1p3p2/3r4/5Q1P/PP4P1/5RK1 b - -,,0
r3kbnr/pppq1ppp/3p4/n7/4P3/2N2N2/PBQ2PPP/R4RK1 b kq -,f7f6 c3d5 c7c6 d5e3 c6c5 f1d1 g8e7 a1b1 e7g6 e4e5,73
3r1b2/r4kpp/b1pN1p2/8/5B1P/6R1/PP3PP1/2KR4 b - -,d8d6 f4d6 a7d7 d6f8 d7d1 c1d1 g7g5 g3a3 a6c4 h4h5,692
rn3rk1/8/2p2pQp/pp1q4/5P2/1P4P1/1B5P/R1R3K1 b - -,d8d6 f4d6 a7d7 d6f8 d7d1 c1d1 g7g5 g3a3 a6c4 h4h5,Mate
r1bqkb1r/pppn1ppp/4pn2/3p4/3PP3/2PB4/PP1N1PPP/R1BQK1NR b KQkq -,e6e5 d1e2 f8e7 g1f3 e5d4 f3d4 d7c5 e4e5 c5d3 e2d3,25
r6k/2pbq2p/1p1p2pb/pP1Pp3/P1P1Nr2/5P1P/2B1Q1P1/R4RK1 b - -,f4h4 g1f2 h8g7 f2e1 d7f5 e1d1 f5e4 c2e4 e7g5 d1c2,-43
r2qr1k1/2pb1pb1/p1np1npB/1p1Np2P/2PPP1p1/5P2/PP1QN3/2KR1B1R b - -,f6d5 c4d5 c6d4 e2d4 e5d4 h5g6 d8f6 g6f7 g8f7 f1d3,158
8/8/8/3k4/8/2P1N1P1/6K1/8 b - -,f6d5 c4d5 c6d4 e2d4 e5d4 h5g6 d8f6 g6f7 g8f7 f1d3,Mate
r1bqkb1r/3p3p/p4p1n/3Np1p1/1p2P3/1B1PB3/PPPQ1PPP/R4RK1 b kq -,a8b8 d3d4 h8g8 c2c4 h6f7 c4c5 g8g6 d4e5 f6e5 b3d1,517
r1b2rk1/3nppbp/3p2p1/qBpP2B1/4N3/5N2/PP1Q1PPP/R4RK1 b - -,a5b5 g5e7 b5b2 d2g5 h7h6 g5h4 g6g5 e7g5 f7f5 a1b1,42
r2qk1nr/ppp1bppp/2np4/3Pp2b/2B1P3/5N1P/PPP2PP1/RNBQ1RK1 b kq -,c6b4 c2c3 h5f3 g2f3 b4a6 c4b5 e8f8 b5a6 b7a6 f3f4,94
5rk1/5pp1/R6p/8/8/6P1/P2r1P1P/4R1K1 b - -,f8b8 a6a7 b8b6 e1e8 g8h7 g1f1 b6f6 e8e2 d2d1 f1g2,17
r4rk1/p2q1p1p/2nb1Q2/1p1p3B/2pP4/1PP3p1/P2N1P1P/R5RK b - -,c4b3 a2b3 c6e7 a1a6 a8d8 f2g3 b5b4 c3b4 e7g6 d2f1,79
r1b2k1r/4qppp/2pNp3/2pnP3/3p4/1P1P3P/1BPQ1PP1/1R3RK1 b - -,f8g8 b1a1 c8a6 b2a3 h7h5 a3c5 h8h6 c5d4 h6g6 g1h2,386
2r3k1/R4pp1/7p/1pP2R1P/4P3/8/5PPK/2r5 b - -,f7f6 a7b7 c8c5 b7b5 c5f5 b5f5 g8f7 f5d5 f7f8 f2f3,38
rn3rk1/p1p2ppp/1p2p3/8/2BP4/5P2/PPP2P1P/R3R1K1 b - -,c7c6 c2c3 b8d7 f3f4 g7g6 c4e2 d7f6 e2f3 a8c8 a2a4,-62
1r3r1k/ppq1p1bp/2n1Q1p1/8/4P3/4B3/P3NPPP/1RR3K1 b - -,f8f6 e6b3 c7d7 c1d1 f6d6 d1d6 d7d6 h2h3 a7a6 b3c2,84
r5k1/1pp2pp1/p6p/4P3/2B2R2/P1P4P/1P1n2P1/6K1 b - -,a6a5 c4f7 g8f8 f7d5 f8e8 f4d4 c7c6 d4d2 c6d5 d2d5,396
8/1R5p/4rk2/4p3/5p1P/5P2/5K2/8 b - -,h7h6 b7b5 e6a6 f2g1 f6f5 g1g2 a6d6 b5a5 d6d2 g2g1,-12
r1bq1rk1/pppnbppp/4p3/3pB2n/3P4/2PBPN2/PP1N1PPP/R2QK2R b KQ -,f7f5 e1h1 h5f6 c3c4 d7e5 f3e5 f6d7 e5d7 c8d7 d1b3,32
r1bqk2r/pp2npbp/2n1p1p1/3pP1B1/3P4/2N2N2/PP3PPP/R2QKB1R b KQkq -,a7a6 f1d3 c8d7 e1h1 h7h6 g5e3 e8h8 d1d2 g6g5 h2h4,95
r2q1rk1/2pb1pp1/3p3p/p3p2n/1p2P2N/1P1PP2P/1PP1NQP1/R4RK1 b - -,g7g6 g1h2 h5g7 f1g1 d8e7 h4f3 g7e6 g2g4 g8g7 e2g3,-41
8/p4pkp/1p2qpp1/8/1PPQP2P/6P1/PK3P2/8 b - -,g7f8 b2b3 f8g7 a2a4 h7h6 b3b2 e6e8 b2a3 a7a5 a3b3,233
rn3k1r/pN2qppp/2p1p3/8/8/8/PPP1QPPP/3R1RK1 b - -,b8d7 b7a5 a8c8 e2f3 d7b8 a5c4 f8g8 d1d6 h7h5 f1d1,212
8/2R1pk1p/2R5/8/Pr1b2p1/4B3/r4PPP/4K3 b - -,d4e3 f2e3 b4b2 c7d7 b2g2 e1f1 g2h2 f1g1 h2g2 g1h1,-401
r2qnrk1/1p1n2bp/p2p2p1/2pP1p2/2P2P2/2N4P/PPQBB1P1/R4RK1 b - -,f8f7 g1h2 g7d4 e2f3 f7e7 a1e1 e8g7 c2d3 e7e1 f1e1,61
rn3r1k/8/2p2BQ1/pp1q4/5P2/1P4P1/7P/R1R3K1 b - -,f8f7 g1h2 g7d4 e2f3 f7e7 a1e1 e8g7 c2d3 e7e1 f1e1,Mate
r1b1rnk1/pp1qb2p/2p1ppp1/2Pp4/1P1P4/P1NBPNP1/2Q2PP1/R4RK1 b - -,e7d8 b4b5 d7g7 b5c6 b7c6 c2a4 g7c7 e3e4 c8d7 e4e5,124
r4rk1/p4ppp/1pn1p3/8/3q4/3Q2P1/PPP2P1P/R1B2K1R b - -,d4d3 c2d3 a8c8 c1d2 f8d8 a1c1 d8d3 f1e2 d3d8 d2e3,-143
8/R7/5k2/5r2/4K3/8/8/8 b - -,,0
1r3r1k/6pp/p2p1p2/2pBpP2/1p5Q/1P1PP3/PKPq4/7R b - -,h7h6 h4g3 f8e8 b2b1 c5c4 d3c4 e8e7 e3e4 a6a5 h1g1,-167
r1bqkb1r/3p3p/5p1n/p2Np1p1/1p2P3/1B1PB3/PPPQ1PPP/R3R1K1 b kq -,a8b8 d2e2 h8g8 c2c3 g8g6 e1c1 f8d6 c3b4 f6f5 b4a5,492
8/1p1k1p2/p5p1/4K1P1/PPR1PP2/1r6/8/8 b - -,b3b2 e5f6 b2f2 f6f7 f2f4 f7g6 d7e6 a4a5 e6d7 g6h6,546
3kr3/4p3/Q2p2p1/p3b1P1/1p6/8/PPP2n2/1K2R3 b - -,b4b3 a6a5 d8d7 a5b5 d7d8 b5b3 e8h8 b3b8 d8d7 b8b7,672
5rk1/1b2qp1p/p4Pp1/3r4/1p2pQB1/6N1/PPP4P/1K3R2 b - -,g6g5 f6e7 g5f4 e7f8q g8f8 f1f4 d5d2 g4e2 a6a5 f4f5,443
8/8/4rk1p/1R2p3/5p1P/5P2/5K2/8 b - -,e6a6 f2g1 f6f5 g1g2 a6a2 g2g1 a2a1 g1h2 a1a3 h2g2,-12
8/8/4k3/8/8/2P3P1/6K1/3N4 b - -,e6a6 f2g1 f6f5 g1g2 a6a2 g2g1 a2a1 g1h2 a1a3 h2g2,Mate
r3r3/5p1k/p1p2Pqp/1p1ppR2/8/1P1PP2Q/1PP3PP/5RK1 b - -,a8d8 f5f3 d8d6 f3g3 d6f6 g3g6 f6f1 g1f1 h7g6 h3g4,519
r2qkbnr/1Qp2ppp/p1n1p3/8/2BP4/4PP2/PP3P1P/RNB1K2R b KQkq -,c6b4 c4b3 f8e7 c1d2 a8b8 b7e4 g8f6 e4h4 c7c5 e1h1,17
2r3k1/R4Rp1/7p/1pr4P/4P3/8/5PPK/8 b - -,c5g5 f2f4 g5h5 h2g1 g7g5 f4f5 c8c1 g1f2 h5h4 f7g7,205
rn5k/8/2p2Q2/pp1q4/5P2/1P4P1/7P/R1R3K1 b - -,c5g5 f2f4 g5h5 h2g1 g7g5 f4f5 c8c1 g1f2 h5h4 f7g7,Mate
2r5/8/3r4/5k2/1K6/8/8/8 b - -,c5g5 f2f4 g5h5 h2g1 g7g5 f4f5 c8c1 g1f2 h5h4 f7g7,Mate
rn2k2r/pp2qppp/2pNp3/8/8/8/PPP1QPPP/3R1RK1 b kq -,e8f8 d6b7 b8d7 b7a5 a8c8 e2f3 d7e5 f3c3 e7f6 b2b4,207
3r4/1p4k1/2p1b2p/q1b1Pp1Q/p2r1p2/P5P1/1PR3BP/2N2R1K b - -,a5b5 f1g1 f4g3 g2f1 e6d5 f1g2 c5e7 h2g3 d4g4 e5e6,-287
8/r4kpp/b1pB1p2/8/7P/6R1/PP3PP1/2K5 b - -,a6c4 a2a3 c4f1 d6c5 a7a8 b2b4 h7h5 c1b2 a8e8 a3a4,119
rn2k2r/pp3ppp/2p1pq2/8/4N3/8/PPP1QPPP/3R1RK1 b kq -,f6e7 e4d6 e8f8 d6b7 b8d7 b7a5 a8c8 e2f3 d7e5 f3c3,221
r1b2rk1/ppq1npbp/2n1p1pB/3pP3/3P4/2N2N2/PP1Q1PPP/R3KB1R b KQ -,c7b6 h6g7 g8g7 f1e2 c8d7 e1h1 e7f5 f1d1 b6d8 a1c1,79
8/4r3/R7/1p5K/6P1/Pk5P/8/8 b - -,e7e3 h3h4 e3e4 a6a5 b3c4 g4g5 c4d5 a5b5 d5e6 b5b4,772
8/4Q3/1N2kB2/1PK5/2P5/8/b1r5/8 b - -,b3c4 g4g5 e7h7 h5g4 c4d3 h3h4 d3e2 g5g6 h7b7 h4h5,Mate
4rk2/1p3ppp/1p6/4p3/4P2P/P4P2/1P4P1/3R3K b - -,h7h5 h1h2 e8c8 d1d6 c8c6 d6d7 c6c2 b2b4 c2c3 d7d5,122
1r5r/1bpqkppp/4p3/p1Rn4/PpNP4/1Q4P1/4PPBP/R5K1 b - -,b7a8 c4e5 d7d6 e2e3 h7h5 c5a5 h5h4 a5c5 h4h3 g2f3,163
8/8/r4k1p/1R2p3/5p1P/5P2/8/5K2 b - -,a6a1 f1g2 a1a6 g2g1 f6e6 g1f1 a6d6 b5a5 d6b6 f1f2,-11
4r1k1/1pp1rpp1/p2p3p/3P4/2PB2Pn/P4Q1P/1P1R1P2/1B3K1R b - -,a6a1 f1g2 a1a6 g2g1 f6e6 g1f1 a6d6 b5a5 d6b6 f1f2,Mate
rn1qr1k1/p4pbp/5np1/1p3bN1/2P1p3/1P4P1/1N1BPPBP/R1Q1R1K1 b - -,b8c6 c4b5 c6d4 c1c4 f6d5 b2d3 a8c8 d3c5 d4e2 c4e2,-97
8/3Qp1bk/1p4pp/5p1P/1P1Pr3/4PN2/q5P1/4R1K1 b - -,e4g4 h5g6 h7g6 d7c6 g6h7 f3h2 a2d2 g1f1 g4g3 c6d5,-92
r2q1rk1/3nbpp1/b3p2p/n1ppP2P/p4BN1/P2P1NP1/2P2PB1/R2QR1K1 b - -,a6b7 d1d2 d5d4 a1b1 b7c6 g4h6 g7h6 f4h6 g8h8 f3g5,68
3r2k1/p1pq1r1p/1p2Qbp1/3P1p2/8/P1BR3P/1P3PP1/2R3K1 b - -,,0
5k2/p4p1p/1p2qpp1/8/1PPQP2P/2K3P1/P4P2/8 b - -,h7h6 a2a4 f8g8 c3b3 a7a6 b3c3 e6e8 c4c5 e8a4 c5b6,250
r3k2r/pp2npp1/2n1p2p/2qpP3/3N1P2/2P5/PP1Q2PP/RN2K2R b KQkq -,c5b6 b1a3 c6d4 c3d4 a8c8 e1h1 e8h8 f1f3 e7f5 a1d1,-107
r2qkb1r/1b1p3p/5p1n/3Np1p1/ppB1P3/3PB3/PPPQ1PPP/3RR1K1 b kq -,b7d5 c4d5 a8a5 d2e2 a5d5 e4d5 f8d6 d3d4 e8h8 d4e5,417
rnb1kb1r/ppp2ppp/8/4p3/2Bq1n2/2NP1Q2/PPP3PP/R1B1K1NR b KQkq -,f7f6 c3b5 d4c5 c1f4 e5f4 f3f4 e8d8 e1a1 c8d7 b5c3,53
1rr3k1/2q4p/pp1n1p2/2pPp1p1/P1P1P1P1/6P1/1R3P2/2QBR1K1 b - -,b6b5 a4b5 a6b5 c4b5 c5c4 d1a4 c4c3 b2b1 c7a5 c1a3,-7
rn5k/8/2p3Q1/pp1q4/5P2/1P4P1/7P/R2R2K1 b - -,g8h8 d1e2 d6e4 e2d3 e4d6 f2f4 c8e8 f4e5 f6e5 c1g5,Mate
2kr3r/p1pqbppp/1pnpb3/8/PP6/2PBBN2/2PQ1PPP/R4RK1 b - -,e7f6 a4a5 c6e5 f3e5 d6e5 d2e2 e6d5 a5b6 a7b6 d3a6,256
8/8/5k1p/1R2p3/5p1P/5P2/5K2/r7 b - -,a1a6 f2g2 f6e6 g2f2 a6c6 b5a5 e6d6 f2e2 c6b6 e2f1,-11
r3k1qr/p2bn3/1pn1p1pp/3pPp2/P1pP1P1P/B1P3QN/2P1B1P1/1R3RK1 b kq -,g8f7 b1b2 h8g8 g1f2 g8g7 f1a1 e8a8 a3b4 d8h8 a4a5,28
4K2k/4PR2/7p/7P/4r1P1/8/8/8 b - -,g8f7 b1b2 h8g8 g1f2 g8g7 f1a1 e8a8 a3b4 d8h8 a4a5,Mate
8/8/5Q1R/5pk1/2qp2p1/2p5/2K5/8 b - -,g5f4 f6d6 f4f3 h6h1 g4g3 h1g1 c4a2 c2d3 a2e2 d3d4,-593
rn1qk1nr/ppp2ppp/3bp3/1N1pBb2/3P4/8/PPP1PPPP/R2QKBNR b KQkq -,d6e5 d4e5 a7a6 b5d4 f5e4 h2h4 c7c5 d4b3 h7h5 g1f3,-139
3Q4/1p4pk/p1p2p2/4p1nK/1PN1P1P1/2P1RP1P/1P3q2/8 b - -,d6e5 d4e5 a7a6 b5d4 f5e4 h2h4 c7c5 d4b3 h7h5 g1f3,Mate
2k4r/pp1r1pp1/2p1p1p1/2qn2P1/8/3RP2P/PPP1QRB1/1K6 b - -,c5e7 e2g4 d5b6 a2a3 h8d8 g2f1 e7c5 h3h4 c5e5 f2f3,-101
rn5k/8/2p3Q1/ppq5/5P2/1P4P1/7P/R2R3K b - -,h8f8 g2d5 d7d5 h3h4 d5d3 c2d3 f7f5 g5f6 g7f6 e3e4,Mate
2r5/8/3r4/1K2k3/8/8/8/8 b - -,h8f8 g2d5 d7d5 h3h4 d5d3 c2d3 f7f5 g5f6 g7f6 e3e4,Mate
Q5k1/3q2p1/7p/1p3p2/8/7P/PP1r2P1/5RK1 b - -,g8f7 a8e4 g7g6 e4f4 h6h5 f1c1 d7d4 f4d4 d2d4 c1c5,-7
r5rk/p2qn2p/3b4/1p1p1p1B/2pP4/1PP4Q/P2N1P1P/R5RK b - -,d7e6 b3b4 e6h6 d2f3 a8f8 h3h4 g8g1 a1g1 e7g8 h4g5,-12
3k3r/4p3/3p2p1/Q3b1P1/1p6/8/PPP2n2/1K2R3 b - -,d8d7 a5a7 d7e8 a7a4 e8d8 a4b4 f2h3 a2a4 h3g5 a4a5,644
r4r2/pNp1n1b1/1p1p4/3k1P1B/7R/8/PP4P1/2K1R3 b - -,g7d4 h5f3 d5c4 e1e7 a8e8 e7e8 f8e8 c1d2 e8e5 b2b3,730
r2q1rk1/1bpnppb1/p2p4/1p4Np/3PP1n1/2N1B3/PPPQB3/2KR3R b - -,c7c5 e2g4 h5g4 d2h2 d7f6 e4e5 f8e8 e5f6 e7f6 h2h7,377
8/3Qp1bk/1p4Pp/5p2/1P1P2r1/4PN2/q5P1/4R1K1 b - -,h7g6 d7c6 g6h7 f3h2 a2d2 g1f1 d2d3 f1f2 g4d4 c6b6,-80
8/p1p2k1p/1p3Bp1/5p2/8/P2r3P/1P3PP1/2R3K1 b - -,c7c5 f6c3 a7a5 a3a4 f7e6 g1f1 f5f4 h3h4 h7h6 c1e1,424
5Q2/2K5/8/4r3/4k3/8/8/8 b - -,e5d5 f8a8 e4d4 a8a1 d4e4 a1e1 e4f4 e1e2 d5e5 e2h2,192
rnr3k1/pp2ppbp/5np1/q1p5/2PP1B2/4PN1P/P3BPP1/R2Q1RK1 b - -,e7e6 d1b3 a5b6 b3c2 c5d4 a1b1 b6d8 b1b7 d4e3 f2e3,96
R1b4r/4qpkp/2pNp3/2pnP1p1/3p4/1P1P3P/1BPQ1PP1/6K1 b - -,d5f4 a8c8 h8c8 d6c8 e7c7 c8d6 g7g8 d6c4 c7a7 d2d1,437
3r1k2/ppp2r2/3p4/3Np1p1/4P3/2P2P2/P1P2PK1/R7 b - -,f8g7 a1d1 d8f8 c3c4 f7f3 d1d2 f3f7 c4c5 d6c5 d5e3,-363
r4k2/5ppp/2p2q2/1p6/p2N2bP/2N3P1/PPPR1P2/2K4R b - -,a4a3 f2f3 c6c5 d4b5 f6f3 d2d1 f3g3 d1f1 a8b8 h1g1,-646
r4rk1/4Rpp1/pR5p/8/8/6P1/P4P1P/6K1 b - -,f8d8 b6b7 d8d1 g1g2 a8f8 b7a7 d1d6 e7e4 g7g5 e4a4,22
r2qk1nr/1p1bbpp1/4p3/3pP2p/P7/2NQ1N2/2P2PPP/1RB2RK1 b kq -,d8c8 h2h3 g8h6 f3d4 e7c5 b1b3 b7b6 c1e3 e8f8 d4f3,63
3r4/1pQ3pk/p1p2p2/4p1nK/1PN1P1P1/2P1RP1P/1P3q2/8 b - -,d8c8 h2h3 g8h6 f3d4 e7c5 b1b3 b7b6 c1e3 e8f8 d4f3,Mate
rnbqk2r/p2nb1pp/4p3/3PPp2/B1p5/2P1BN2/5PPP/RN1QR1K1 b kq -,e8h8 d5d6 e7h4 a4b5 g8h8 b1d2 c8b7 d1e2 g7g5 b5c4,428
3R1k2/1p3ppp/1p2r3/4p3/4P2P/P4P2/1P4P1/7K b - -,f8e7 d8b8 e6c6 b8b7 e7f8 b2b3 h7h5 b7b8 f8e7 h1g1,179
r1b2Bk1/3n1pbp/3p2p1/2pP4/4N3/5N2/Pq1Q1PPP/R4RK1 b - -,b2d2 f3d2 g7a1 f1a1 g8f8 e4d6 d7b6 d6e4 c5c4 d5d6,20
r2qr1k1/p4pbp/5np1/1P3bN1/3np3/1P4PP/1N1BPPB1/R1Q1R1K1 b - -,d4b3 c1c4 d8d2 c4f7 g8h8 f7b3 d2g5 h3h4 g5h5 b5b6,-302
r6k/3R4/n1p3Q1/ppq5/5P2/1P4P1/7P/R6K b - -,h7h6 g5f7 g8f7 a1a6 f5c8 a6a3 g7f8 b2c4 c8e6 c4e5,Mate
4K2k/4P1R1/4r2p/7P/6P1/8/8/8 b - -,h8g7 e8d7 g7f7 e7e8r e6e8 g4g5 h6g5 d7c6 e8e2 c6d5,Mate
8/p6R/1p3kp1/5p2/8/Pr5P/1P3PP1/6K1 b - -,,0
r2qkb1r/pp2pp1p/5np1/2pPP3/3n4/2N5/PPP3PP/R1BQKB1R b KQkq -,f6d7 c3e4 d8c7 e5e6 f7e6 d5e6 d7f6 e4f6 e7f6 c2c3,21
rn1qr1k1/p4pbp/2p2np1/1P3bN1/4p3/1P4P1/1NPBPPBP/R1Q1R1K1 b - -,c6b5 c2c4 b8c6 c4b5 c6d4 c1c4 f6d5 b2a4 a8c8 a4c5,-97
r2qr3/2pb1pk1/p1np2p1/1p1Np2n/2PPP1p1/5PN1/PP1Q4/2KR1B1R b - -,e5d4 g3f5 g6f5 e4f5 f7f6 f3g4 c6e5 f1e2 c7c6 h1h5,131
r1b2Bk1/3n1pbp/3p2p1/2pP4/4N3/8/P2N1PPP/R4RK1 b - -,g7a1 f1a1 g8f8 e4d6 d7b6 d2e4 f8e7 d6c8 a8c8 a1e1,21
r5k1/1pp2Bp1/p6p/4P3/8/P1P4P/1P1n2P1/5RK1 b - -,g8h8 f1f4 g7g6 f4d4 h8g7 d4d7 a8b8 f7a2 g7f8 d7d2,555
rnb1kb1r/2q1nppp/2pp4/1p2p3/p2PPP2/P1N2N2/BPP3PP/R1BQK2R b KQkq -,e5d4 d1d4 c8e6 a2e6 f7e6 f3g5 c7d7 c1e3 h7h6 g5f3,208
r4rk1/1bpq1pp1/pbnp1n1p/4p3/PpNPP3/2P2N1P/1PB2PP1/R1BQR1K1 b - -,a8c8 d4d5 c6e7 c3b4 b6a7 b4b5 a6b5 a4b5 c8a8 a1a5,148
8/7p/p5pk/3R1pQ1/Pq2rP1P/2p3P1/1P2p3/4K3 b - -,h6g7 d5d7 g7g8 g5d8 b4f8 d8f8 g8f8 b2c3 e4c4 e1e2,2
r2qk2r/1p1b1ppp/3Qpn2/p2p4/3P4/2N1PN2/PP3PPP/R3KB1R b KQkq -,d8e7 d6e7 e8e7 f3e5 h8c8 f1d3 d7c6 f2f3 f6e8 e3e4,469
8/2R5/1p3kp1/p4p2/7P/P7/1r3PP1/6K1 b - -,,0
r2qkb1r/7p/3p1p1n/3Pp1p1/ppBB4/3P4/PPPQ1PPP/3RR1K1 b kq -,a8b8 d4a7 b8b7 a7e3 f8e7 c4a6 b7b8 e3a7 b8a8 a6b5,271
8/3b2k1/8/8/5KBP/6P1/8/8 b - -,d7e8 g4f3 e8d7 f4g5 g7f7 h4h5 d7b5 h5h6 b5d7 f3d5,2217
r4r1k/1p4p1/p7/3RQ2p/4q1bP/1B6/PPP2P2/1K3R2 b - -,f8e8 e5g5 e4e1 g5c1 e1c1 b1c1 e8e7 b3c4 a8f8 d5g5,104
8/p3kp1p/1p2qpp1/8/1PPQP2P/P1K3P1/5P2/8 b - -,h7h5 a3a4 e7f8 a4a5 b6a5 b4a5 f8g7 d4a7 e6e4 a7c7,278
r1bqkb1r/ppp2ppp/2n5/4n3/2Pp4/1P3NP1/P3PPBP/RNBQ1RK1 b kq -,e5f3 e2f3 c8e6 b1d2 d8d7 a2a3 e8a8 b3b4 h7h5 f1e1,-56
5rk1/R4pp1/2N4p/1p3RnP/1P2P3/5P2/6PK/1r6 b - -,b1b2 h2g3 b2b3 g3g4 g8h7 f5b5 b3b2 g4g3 f8c8 b5b6,303
3r4/1p3Qpk/p1p1np2/4p2K/1PN1P1P1/2P1RP1P/1P3q2/8 b - -,b1b2 h2g3 b2b3 g3g4 g8h7 f5b5 b3b2 g4g3 f8c8 b5b6,Mate
8/2n2B1R/p2k4/r5P1/1p4K1/1P6/8/8 b - -,c7e6 f7e6 d6e6 h7b7 a5a1 b7b4 a1g1 g4f4 a6a5 b4b6,26
r1b2Bk1/3n1p1p/3p2p1/2pP4/4N3/8/P2N1PPP/R5K1 b - -,g8f8 e4d6 d7b6 d2e4 f8e7 d6c8 a8c8 a1e1 e7d7 e1b1,17
3r4/1p4k1/2p1b2p/q1b1Pp1Q/p2r4/P5p1/1PR1N1BP/5R1K b - -,d4g4 e2f4 g4f4 f1f4 a5e1 f4f1 e1e5 h2g3 d8d3 c2e2,-70
r4b1r/pp2nk2/3p2bP/2pPppB1/4P2Q/4RqPB/PP3P2/5RK1 b - -,f8h6 e3f3 h6g5 h4g5 h8h3 e4f5 g6h5 g3g4 a8g8 g5g8,444
8/7p/3k1p2/3P4/6P1/6P1/6PK/8 b - -,d6e7 h2h3 e7d6 h3h4 d6d5 h4h5 d5d4 h5h6 d4c3 h6h7,1218
rn2kb1r/ppp2ppp/8/4p3/2Bq1nQ1/2NP4/PPP3PP/R1B1K1NR b KQkq -,f4d3 c4d3 d4g4 g1e2 f8c5 e2g3 b8c6 d3f5 g4d4 h1f1,-424
5rbk/1p2r3/p1p1pq1p/P2pR1p1/3P2P1/2PNQ2P/1P3PK1/4R3 b - -,f6g7 f2f4 g5f4 d3f4 g7f6 g2g3 g8f7 e1f1 f6g7 g3g2,297
8/8/Q5K1/1p6/1Pq5/P1k5/8/8 b - -,,0
8/3R2kp/p5p1/5pQ1/Pq2rP1P/2p3P1/1P2p3/4K3 b - -,,0
8/6k1/8/5B2/b4K1P/6P1/8/8 b - -,a4e8 g3g4 e8h5 g4g5 g7f7 f5g4 h5g4 f4g4 f7e6 g4f4,20000
7r/3kp3/3p2p1/1Q2b1P1/1p6/8/PPP2n2/1K2R3 b - -,d7c8 b5a6 c8d7 a6a7 d7e8 a7a4 e8d8 a4b4 f2h3 a2a4,653
r1b2k2/3n1p1p/3N2p1/2pP4/8/8/P2N1PPP/R5K1 b - -,c8a6 d6e4 a6d3 a2a4 f8e7 a1e1 c5c4 d2c4 d3c4 e4d2,15
8/2p5/3k4/R7/p2P3p/4K2P/2PP2P1/r7 b - -,a1a3 c2c3 a3a1 e3d3 a4a3 a5a6 c7c6 a6a5 a1a2 a5a7,269
2r5/8/3rk3/8/1K6/8/8/8 b - -,a1a3 c2c3 a3a1 e3d3 a4a3 a5a6 c7c6 a6a5 a1a2 a5a7,Mate
r3nrk1/pp1b1ppp/2nqp3/2pp4/3PPP2/2PB3N/PP1N2PP/R2Q1RK1 b - -,h7h6 e4e5 d6c7 d4c5 b7b6 g2g4 f7f6 d1c2 b6c5 b2b3,45
2rR2k1/4bpp1/4p2p/pb2P3/1p6/2P1R1B1/PPK1NPPP/8 b - -,e7d8 f2f3 d8b6 e3e4 c8d8 e2d4 b5f1 g3f2 b4c3 b2c3,-27
4r1k1/1pp1rpp1/p2p3p/3P4/2PB2Pn/P4Q1P/1P1n1P2/1B1R2KR b - -,c8d8 e2d4 b5a4 d4b3 b4c3 b2c3 d8c8 f2f3 a4b5 g3e1,Mate
8/7k/7p/2n1PK1P/1r3P2/2R5/6P1/8 b - -,c5a6 c3c6 b4a4 g2g4 a4a5 c6d6 a6b4 d6d7 h7g8 f5g6,443
4rk2/1p3ppp/1p1R4/4p3/4P2P/P4P2/1P4P1/7K b - -,e8e7 d6b6 e7d7 h1h2 h7h5 h2h3 f8e7 g2g4 g7g6 g4g5,315
5rk1/R4pp1/2N1n2p/1R5P/1P2P3/5PK1/1r4P1/8 b - -,b2c2 c6e7 g8h7 b5b7 f8d8 e7d5 e6g5 b7d7 d8b8 d7e7,374
1rr3k1/2q4p/p2n1p2/1PpPp1p1/P3P1P1/6P1/1R3P2/2QBR1K1 b - -,c7b6 c1a1 a6b5 a4b5 b8a8 b2a2 a8a2 a1a2 b6b5 d1c2,24
r4b1r/pp2nk2/3p2bP/2pPpPBq/7Q/4R1PB/PP3P2/5RK1 b - -,e7f5 h3f5 h5h4 f5e6 f7e8 g3h4 f8h6 f2f4 h6g7 f4f5,244
r1bqkb1r/ppp2ppp/2n5/8/2Pp4/1P3BP1/P3PP1P/RNBQ1RK1 b kq -,c8h3 f1e1 d8d7 b1d2 f8e7 b3b4 e7b4 a1b1 e8h8 d1a4,-105
2b4r/5pkp/1qpNp3/2p1P1Q1/3p4/1P1P3P/1BP2PP1/6K1 b - -,c8h3 f1e1 d8d7 b1d2 f8e7 b3b4 e7b4 a1b1 e8h8 d1a4,Mate
4r1k1/1pp1rpp1/p2p3p/3P4/2PB2Pn/P4n1P/1P3P2/1B1R1K1R b - -,c8h3 f1e1 d8d7 b1d2 f8e7 b3b4 e7b4 a1b1 e8h8 d1a4,Mate
3Q2k1/3R3p/p5p1/5p2/Pq2rP1P/2p3P1/1P2p3/4K3 b - -,,0
2k4r/ppb2p2/2p2pr1/P1NpP3/8/1N4p1/1PP4P/2KRR3 b - -,g3g2 e5e6 f7e6 a5a6 b7a6 b3d4 c7h2 e1e6 g2g1q e6c6,-539
8/4r3/8/8/8/8/3K1pk1/R7 b - -,f6e5 h2g3 b7b6 c5d3 e5e4 d3f4 g6g3 e1f1 h8h2 b3d4,Mate
8/4K3/3Q4/1p1q4/1P6/Pk6/8/8 b - -,f6e5 h2g3 b7b6 c5d3 e5e4 d3f4 g6g3 e1f1 h8h2 b3d4,Mate
rnbq2k1/pp4pp/3P4/2b1p3/8/2N1p1PP/PP3rB1/RNBQK2R b - -,b8d7 h1f1 d7f6 f1f2 e3f2 e1f1 c8e6 d1e2 d8b6 c1g5,125
r3kb1r/7p/3p1p1n/q2Pp1p1/ppBB4/3P4/PPPQ1PPP/R3R1K1 b kq -,f8e7 d4e3 h6g4 d3d4 e8h8 c4d3 g4e3 d2e3 e7d8 e3h3,220
1rbq1rk1/4Ppbp/n4np1/pp6/3P4/PQN2B2/1P3PPP/R1B1K1NR b KQ -,d8c7 e7f8q g7f8 g1e2 b5b4 c1f4 b4c3 b3c3 c7c3 b2c3,463
r2qk1nr/1p2bpp1/2b1p3/3pP2p/P2N4/2NQ4/2P2PPP/1RB2RK1 b kq -,d8d7 b1b3 h5h4 h2h3 e7c5 c3b5 g8e7 c1e3 e8h8 d4e6,57
2kr3r/pppqbppp/2n1b3/1B1p4/1P6/2P1BN2/P1PQ1PPP/R4RK1 b - -,h7h6 e3a7 e7d6 a7c5 d5d4 c3d4 e6d5 f3e1 d7f5 c5d6,226
1rr3k1/2q4p/3n1p2/1PpPp1p1/4P1P1/6P1/1R3P2/2QBR1K1 b - -,,0
3q1rk1/3r1ppp/p1n1bn2/1pbp1NB1/8/PB1Q4/1PP1NPPP/3R1RK1 b - -,c6e5 d3c3 f6e4 g5d8 e4c3 b2c3 d7d8 f5d4 e6d7 b3d5,-50
rn2kb1r/pQp2ppp/8/4p3/2Bq1nb1/2NP4/PPP3PP/R1B1K1NR b KQkq -,d4b6 b7a8 c7c6 e1f1 f8e7 c3a4 b6c7 c1e3 e8h8 a8a7,397
3r1rk1/p3npp1/2n1p2p/1pqpP3/1P1N1P2/2P5/P2Q2PP/RN3R1K b - -,c5b6 b1a3 c6d4 c3d4 d8c8 a1d1 b6a6 d2d3 e7c6 f1f3,-90
r2qkbnr/ppp2ppp/2n1b3/3p4/2P1p2N/1QN3P1/PP1PPP1P/R1B1KB1R b KQkq -,c6d4 b3a4 e6d7 a4d1 d5c4 e2e3 d4c6 c3e4 g7g5 h4g2,-92
7r/2k1p3/3p2p1/4b1P1/1Q6/8/PPP2n2/1K2R3 b - -,h8c8 b4a5 c7d7 a5b5 d7c7 c2c3 c8b8 b5c4 c7d7 c4a4,647
rnbq1rk1/p2nb1pp/4P3/4Pp2/B1p5/2P1BN2/5PPP/RN1QR1K1 b - -,d7c5 e3c5 e7c5 f3d4 a7a5 a4b5 c8b7 b5c4 g8h8 b1d2,236
r1bq1rk1/ppp1bpnp/4p1p1/3pN3/3P2P1/2PBPQ2/PP1N1P1P/R3K2R b KQ -,c7c5 e1a1 a7a5 d3c2 d8d6 f3h3 g7e8 d1g1 c5d4 e3d4,43
r2qkbnr/ppp2ppp/2Bp4/3Np3/4b3/4PN2/PPPP1PPP/R1BQK2R b KQkq -,b7c6 d5c3 e4g6 e3e4 c6c5 d2d3 f8e7 e1h1 f7f5 e4f5,-17
r4rk1/pp3pp1/2n4p/8/2pq4/2Q3PP/PP3PB1/R3R1K1 b - -,d4c3 b2c3 f8c8 a2a4 c8c7 g2c6 c7c6 e1e7 b7b6 a4a5,-8
2rb2k1/5pp1/4p2p/pb2P3/1p1N4/2P1R1B1/PPK2PPP/8 b - -,b5f1 e3e1 f1g2 d4b5 g2d5 b5d6 c8c6 a2a4 b4a3 b2a3,-90
4r1k1/1pp2pp1/p2p3p/3P4/2PB2Pn/P4n1P/1P3P2/1B2RK1R b - -,b5c4 e3e1 c4a2 e1a1 a2c4 d4b3 b4c3 b2c3 c8a8 b3d2,Mate
r4b1r/pp2nk2/3p2PP/2pPp1B1/7q/4R1PB/PP3P2/5RK1 b - -,f7e8 g3h4 f8h6 f2f4 e7g6 h3f5 e8f7 f4e5 h6g5 f5e6,253
8/8/5k2/8/8/8/2R3K1/7r b - -,,0
r2r2k1/2q1bppp/p2p1n2/1p2p3/4P3/2PQ1B2/PP1N1PPP/3R1RK1 b - -,,0
5Qk1/3R3p/p5p1/5p2/P3rP1P/2p3P1/1P2p3/4K3 b - -,,0
r2qk2r/pp2bppp/2p2n2/8/3pP3/1B1P3P/PPPQNP2/R3K2R b KQkq -,a7a5 a2a4 e8h8 h1g1 f6d7 e1a1 d7c5 d2h6 c5b3 c2b3,-6
8/6k1/8/8/4BK1P/6P1/8/3b4 b - -,g7f6 e4f3 d1c2 g3g4 f6g7 g4g5 g7g8 h4h5 g8f7 h5h6,20000
rn1qkb1r/pp2pppp/2p5/6B1/3Pb3/3B4/PPP3PP/R2QK1NR b KQkq -,e4g2 d1e2 d8d5 e2e3 b8a6 a2a3 d5a5 e1f2 g2h1 g1e2,-418
r1b3k1/pp1p1p1p/5pp1/q7/4r3/1BN1B3/PPP2PPP/R4RK1 b - -,e4e3 f2e3 f6f5 a1d1 d7d6 d1d6 c8e6 b3e6 f7e6 f1d1,-268
r1bq1rk1/p1p1bpnp/1p2p1p1/3pN3/3P2PP/2PBPQ2/PP1N1P2/R3K2R b KQ -,f7f6 e5c6 d8d7 c6e7 d7e7 d3c2 c8b7 e1a1 c7c5 f3g3,104
8/8/8/1pK5/1P6/k7/8/8 b - -,f7f6 e5c6 d8d7 c6e7 d7e7 d3c2 c8b7 e1a1 c7c5 f3g3,Mate
r4b1r/5k1p/3p1p1n/q2Pp1p1/ppBBR3/3P4/PPPQ1PPP/R5K1 b - -,e5d4 e4d4 h8g8 d4e4 a5b6 c2c3 f7g7 c3b4 g7h8 d3d4,-169
rnbq1rk1/p2nb1pp/3Pp3/4Pp2/B1p5/2P1BN2/5PPP/RN1QR1K1 b - -,e7h4 a4b5 g8h8 b1d2 c8b7 d1e2 f5f4 e3d4 g7g5 b5c4,437
6k1/5pp1/R6p/8/P7/6P1/2rr1P1P/5RK1 b - -,,0
3r1rk1/p4pp1/1q2p2p/1p1pPn2/1P1P1P2/3Q4/P5PP/RN1R3K b - -,d8c8 b1a3 a7a6 a3c2 b6c7 c2e3 f5e3 d3e3 c7c2 d1d2,-146
4Rk2/R4ppp/8/8/1P1p4/3P3P/3r1PP1/6K1 b - -,f8e8 a7a3 d2b2 g2g3 b2b4 g1g2 e8e7 g2f3 g7g6 a3a2,14
2r5/R4ppk/2N1n2p/1P1R3P/4P3/5PK1/1r4P1/8 b - -,f7f6 a7e7 e6c7 d5d7 c7e8 c6d4 c8b8 g3h3 h7h8 g2g4,519
2r5/8/4k3/3r4/K7/8/8/8 b - -,f7f6 a7e7 e6c7 d5d7 c7e8 c6d4 c8b8 g3h3 h7h8 g2g4,Mate
r1bN1rk1/pp1n1ppp/5n2/8/1pB1P3/2N5/PP3PPP/R1B1K2R b KQ -,f8d8 c3d5 f6e4 d5c7 a8b8 c1f4 d7b6 a1c1 c8f5 c7d5,-20
1k1r3r/pp3p2/1q2pR1n/3pP3/b1pP2p1/PnP5/RPN1B1PP/1Q3NK1 b - -,d8f8 c2e3 h6g8 f6f4 f7f5 e2g4 b6d8 g4d1 d8g5 g2g3,-93
7B/p1k2b1p/B1pb4/8/N3n3/6P1/PPP4P/2K1R3 b - -,f7d5 h8d4 d6b4 e1d1 c6c5 d4e3 c7c6 a2a3 b4a5 a6b7,700
r4rk1/1b2ppbp/6p1/ppp1P3/3q4/PP1BBP1P/2P1Q1P1/R4RK1 b - -,d4h4 e3c5 f8c8 c5f2 h4f4 f1e1 b7c6 a1c1 b5b4 a3a4,83
rnbqkb1r/pp2pppp/5n2/3N4/3pP3/8/PPP1NPPP/R1BQKB1R b KQkq -,f6e4 d1d4 f7f5 c1e3 b8c6 d4c4 e7e6 d5c3 c6a5 c4d4,55
8/8/5k2/8/8/8/R5K1/1r6 b - -,,0
rq2k2r/ppp2ppp/2n1b3/1B1pN3/3P4/B7/P1Q2PPP/b3R1K1 b kq -,a1b2 e5c6 b2a3 c6b8 e8d8 b8c6 d8c8 c6e5 a7a5 e5f7,522
2r2rk1/p4pp1/1q2p2p/1p1pPn2/1P1P1P2/3Q4/P2N2PP/R2R3K b - -,b6d4 d3d4 f5d4 a2a3 a7a6 d2f3 d4c2 a1a2 c8c3 f3e1,-327
r4b1r/pp1kpp1p/6p1/3NP3/3p4/8/PPP3PP/R1B1K2R b KQ -,a8c8 e1h1 c8c5 d5b4 c5e5 b4d3 e5f5 f1f5 g6f5 c1f4,282
5r1k/2pbq2p/1p1p2pb/pP1Pp3/P1P1Nr2/R4P1P/2B1Q1P1/5RK1 b - -,f4h4 g1f2 d7h3 g2h3 h4h3 f2e1 e7h4 e4f2 h3h2 c2e4,-78
r4k2/5ppp/2p2q2/8/pp1N2bP/6P1/PPPRNP2/2K4R b - -,f6f2 h1d1 c6c5 e2f4 f2g3 d1f1 f8g8 d4c6 a8e8 c6e5,-753
2r5/4RP2/8/1p6/p2k4/8/6K1/8 b - -,c8f8 e7a7 a4a3 a7a3 f8f7 a3a8 b5b4 g2g3 f7b7 g3f4,-472
1r3r2/6pk/p2p1p2/2pBpP2/1p2P1b1/1P1PP3/PKPq4/1R6 b - -,a4a3 e7e8 a3a2 e8c8 a2a1q f7f8q a1a2 f8f2 a2f2 g2f2,Mate
r1bq1rk1/pppp1ppp/2n2n2/6N1/2B1P3/2B5/P4PPP/R2Q1K1R b - -,d8e7 d1d2 h7h6 h2h4 d7d6 a1e1 c8e6 g5e6 f7e6 c4b3,-198
rn1qkb1r/pp2pppp/2p5/6B1/3P4/3P4/PP4PP/R2QK1NR b KQkq -,d8d4 g1e2 d4c5 h2h4 b8d7 d3d4 c5b4 g5d2 b4b6 d1c2,-237
1rb2rk1/4qpbp/n4np1/pp6/3P4/PQN2B2/1P2NPPP/R1B1K2R b KQ -,c8e6 b3d1 a6c7 c1f4 b5b4 a3b4 a5b4 a1a7 f8c8 c3e4,29
8/8/8/4k3/8/8/2R3K1/1r6 b - -,,0
r2r2k1/2qnbp1p/p2p2p1/1p2p3/P3P3/2PQ1B2/1P1N1PPP/R4RK1 b - -,d7c5 d3e3 c5a4 a1a2 g8g7 g2g3 h7h5 f1a1 c7c6 h2h4,-78
r1b2r2/ppq2pkp/2n1p1p1/3pP3/3N4/2NB4/PP1Q1PPP/R3K2R b KQ -,g7g8 d4c6 b7c6 f2f4 c6c5 e1h1 c5c4 d3e2 c7b6 f1f2,295
rnbqk2r/ppp2ppp/4p3/3pP3/3N2n1/8/PPP1PPPP/R2QKBNR b KQkq -,g4e5 d4f3 e5d7 e2e3 d8f6 d1d4 b8c6 d4f6 d7f6 a1c1,-174
7r/2k1p3/3p2p1/4b1P1/PQ6/7n/1PP5/1K2R3 b - -,c7c8 a4a5 h3g5 a5a6 c8d7 a6a7 h8c8 b4b7 d7d8 b1a2,687
8/6Qp/3k1p2/3q4/8/6PP/6PK/8 b - -,d5h5 g7f6 d6d7 f6f8 d7c7 f8e7 c7c8 g3g4 h5h6 h2g3,402
5k2/1p4pp/1p2p3/4p3/4P2P/P4P2/1P4P1/6K1 b - -,g7g6 g1f2 f8e7 f2e3 e7d6 e3d3 d6c5 b2b4 c5b5 d3c3,58
6k1/1pq2pp1/3p3p/p2PQP2/P3p1P1/1Pr1R2P/5P2/3R3K b - -,,0
r4b1r/pp3k2/3p2nP/2pPp1B1/7q/5RPB/PP3P2/5RK1 b - -,g6f4 g5h4 h8h6 g3f4 h6h4 f4e5 f7g8 e5e6 f8e7 g1h2,176
rn1qkb1r/pp2ppp1/2p4p/6B1/3P4/3P1N2/PP4PP/R2QK2R b KQkq -,h6g5 e1h1 e7e6 d1d2 f8e7 d2f2 f7f6 a1e1 d8d6 f2e2,-482
8/5b2/5k2/7P/5KP1/5B2/8/8 b - -,g7g6 g5f4 b8d7 e1h1 d7f6 d1d2 f8g7 a1e1 e7e6 g1h1,Mate
3r2k1/4bpp1/4p2p/pb2P3/1p1N4/2P1R1B1/PPK2PPP/8 b - -,b5e8 f2f3 e7c5 e3d3 b4c3 b2c3 a5a4 d3d2 d8d5 f3f4,12
2k5/pp1r1pp1/2p1p1p1/2qB2Pr/8/3RP2P/PPP1QR2/1K6 b - -,h5h3 d5e4 d7d3 e4d3 h3h1 f2f1 h1f1 e2f1 c5e3 a2a3,244
r1bq1r2/p2pnpkQ/1pn1p1p1/2p2PN1/4P3/1BNP4/PPP3PP/R4RK1 b - -,h5h3 d5e4 d7d3 e4d3 h3h1 f2f1 h1f1 e2f1 c5e3 a2a3,Mate
R7/P4ppk/7p/r7/8/6P1/r4P1P/5RK1 b - -,,0
2r5/8/8/3rk3/1K6/8/8/8 b - -,g7g6 a8b8 a5a7 b8b5 h7g7 b5b4 a7a5 b4f4 a2a4 f4a4,Mate
2kr3r/ppp1bppp/2nqb3/1BBp4/1P6/2P2N2/P1PQ1PPP/R4RK1 b - -,c6e5 f3d4 d6c5 b4c5 e7c5 f1e1 c5d6 d4e6 f7e6 d2e3,548
r1br2k1/pp3ppp/2pqpn2/8/3P4/P1N1P3/1P2BPPP/2RQ1RK1 b - -,d6e7 d1b3 e6e5 d4e5 e7e5 f1d1 d8d1 c1d1 e5c7 h2h3,29
3r2k1/4bpp1/2N1p2p/p3P3/1p6/2P1R1B1/PPK2PPP/5b2 b - -,d8e8 c6e7 e8e7 c3b4 a5b4 c2b3 e7b7 f2f3 h6h5 g3e1,100
8/p3rp2/6k1/1p1p1pPp/3P1P1P/1P2R3/P2K4/8 b - -,e7e4 e3c3 e4f4 c3c6 g6g7 c6d6 f4d4 d2e3 d4h4 d6d5,-218
r6k/1pp2Bp1/p6p/4PR2/8/P1P4P/1P1n2P1/6K1 b - -,a8c8 e5e6 d2e4 f7g6 e4d6 f5e5 c8a8 e6e7 h8g8 e5e1,528
rn2k2r/pp3ppp/2p1p3/4Q3/1q6/2N5/PPP2PPP/3R1RK1 b kq -,,0
8/7Q/5p2/3qk3/8/6PP/6PK/8 b - -,d5e6 h3h4 e5d6 h4h5 e6g4 h7g6 g4g6 h5g6 d6e6 g3g4,676
1k4rr/pp3p2/1q2pR1n/3pP3/b1pP2p1/PnP1N3/RP2B1PP/1Q3NK1 b - -,b3d4 c3d4 b6d4 b1e1 a4b3 a2a1 d4b2 a1b1 b2e5 e1f2,-105
r1b2rk1/ppq1ppbp/2n3p1/1R6/2B1P3/4B3/P1Q1NPPP/3R2K1 b - -,e7e6 c4b3 f8d8 d1d8 c7d8 h2h3 a7a6 b5b6 g7e5 c2c1,-105
r1bqk2r/pp1nppbp/5np1/2pp2B1/3P4/2P1PN1P/PP1N1PP1/R2QKB1R b KQkq -,b7b6 f1e2 c8b7 g5f4 e8h8 e1h1 f6e8 a2a4 a7a5 f1e1,16
r3rk2/ppb3pQ/2bp1qP1/Pnp2N2/4P3/3P4/1P1B2PP/4R2K b - -,f6f5 h7h8 f8e7 e4f5 e7d7 h8g7 d7c8 e1e8 c6e8 g7f8,Mate
1rr3k1/2q4p/5p2/1npPp1p1/4P1P1/4R1P1/1R3P2/2QB2K1 b - -,c5c4 d1a4 b5d6 b2a2 c7a7 g1g2 c8d8 c1a3 b8a8 a4c6,-19
4r1k1/5ppp/2N2n2/1Pb2b2/2p3P1/p1P2B1P/3B1P2/R5K1 b - -,,0
rn3rk1/p4ppp/1pp1p3/8/2BP1P2/8/PPP2P1P/R3R1K1 b - -,h7h5 f4f5 b6b5 c4b3 e6f5 e1e7 b8a6 a2a4 a6b4 a4b5,87
rn1k3r/pb3ppp/2p1p3/8/PbpP4/2N1P1P1/1P1N1PBP/R3K2R b KQ -,d8e7 d2c4 b8d7 e1a1 h8b8 c3a2 c6c5 g2b7 b8b7 c1b1,103
r1bqk1nr/pp1nppb1/2pp2p1/7p/2PP4/4P1P1/PP2NPBP/RNBQ1RK1 b kq -,,0
r2q1rk1/pb1n1ppp/1p2pn2/2ppN3/QbPP4/5NP1/PP2PPBP/R1B2RK1 b - -,d7e5 d4e5 f6e4 c4d5 b7d5 f3h4 f7f5 e5f6 e4f6 a2a3,111
rn4k1/8/2p3Q1/pp1q4/5P2/1P4P1/7P/R1R3K1 b - -,g8f8 c1d1 d5c5 g1f1 c5e7 d1e1 a8a7 e1e7 a7e7 a1d1,Mate
1R6/5ppk/7p/7P/1pr1P1P1/5P2/7K/8 b - -,,0
7r/2k1p3/3p2p1/4b1P1/PQ2Rn2/8/1PP5/1K6 b - -,h8f8 a4a5 c7d7 b4b7 d7e6 a5a6 f4d5 a6a7 d5b6 b7b6,714
5rk1/P6p/3p4/4p3/1Q5P/2P1b1PK/1P4B1/5q2 b - -,f1f5 b4g4 f5g4 h3g4 e3a7 b2b4 g8h8 g2d5 f8b8 g4f3,-442
r2r2k1/pp3pp1/4n1P1/8/P3P3/5P2/1P3K2/R4B1R b - -,a8c8 f2e3 f7g6 f1h3 d8d6 h1c1 c8d8 h3e6 d6e6 b2b4,107
6k1/B1R4p/1p1p2p1/3Pbb2/qr3p2/5P1P/1P2Q1BK/3N4 b - -,h7h6 e2e1 g6g5 c7e7 b4d4 d1f2 a4b5 b2b4 b5d5 a7b6,124
8/8/5p2/3q4/3k3Q/6PP/6PK/8 b - -,d4e3 h4f6 d5b5 h3h4 b5e8 f6f5 e8h8 f5g5 e3e4 h4h5,763
8/5b2/5k2/6P1/5K1P/5B2/8/8 b - -,d4c5 h4f6 d5h5 h3h4 h5h7 f6g5 c5d4 h4h5 h7h8 h5h6,Mate
r1b3k1/pp1p1p1p/5Np1/q7/4r3/1B2B3/PPP2PPP/R4RK1 b - -,g8g7 f6e4 d7d6 f1e1 c8f5 e3d4 g7f8 e4d6 f5c2 d4c3,553
r7/1p4pk/p7/8/7P/1B6/PPP2R2/1K6 b - -,a8e8 a2a3 e8e1 b1a2 e1h1 f2f4 h7h6 b3d5 h1h2 d5e4,608
r4rk1/1b2ppbp/6p1/pBp1q3/8/PP2BP1P/2P1Q1P1/R4RK1 b - -,b7d5 a1d1 d5e6 a3a4 a8c8 f1e1 f8d8 d1d8 c8d8 b5c4,31
r1br2k1/pp2qppp/2p1pn2/8/3P4/PQN1P3/1P2BPPP/2R2RK1 b - -,h7h6 f1d1 b7b6 e3e4 c8b7 e4e5 f6e8 e2f3 a8b8 b3a4,43
r1b2r1k/pp2bpp1/2n1p3/4P1N1/8/2q5/P1B1QPPP/R1BR2K1 b - -,g7g6 e2e4 c3b4 g5f7 f8f7 e4g6 c6e5 g6h5 h8g8 h5e5,357
8/5bk1/8/6PP/5K2/5B2/8/8 b - -,g7g6 e2e4 c3b4 g5f7 f8f7 e4g6 c6e5 g6h5 h8g8 h5e5,Mate
4r1k1/p4ppp/1ppb4/8/P2PnP2/2N5/1PPB2PP/4R1K1 b - -,e4f6 e1e8 f6e8 d4d5 c6c5 g2g4 h7h5 g4h5 f7f5 c3e2,196
3r4/1p4k1/2p1b2p/q1b1Pp2/p2r1Pp1/P5PP/1PR1Q1B1/2N2R1K b - -,d4d2 c2d2 d8d2 e2e1 g4h3 g2f3 a5b5 g3g4 b5b2 c1e2,-527
8/8/8/6P1/4k3/2P5/6K1/3N4 b - -,d4d2 c2d2 d8d2 e2e1 g4h3 g2f3 a5b5 g3g4 b5b2 c1e2,Mate
r1bqkb1r/p2p1ppp/1pn1pn2/2p5/5P2/1P2PNP1/PBPP3P/RN1QKB1R b KQkq -,d7d5 f1g2 f8e7 d1e2 e8h8 e1h1 c8b7 f3e5 d8c8 b1a3,-15
8/3q2pk/7p/1p3p2/8/5Q1P/PP1r2P1/5RK1 b - -,g7g6 f1e1 h6h5 f3e3 d7d4 e3d4 d2d4 e1e7 h7h6 e7b7,-3
r4rk1/pp1bnppp/3qpn2/2pp4/3P1P2/2PBPN1N/PP4PP/R2Q1RK1 b - -,b7b5 h3f2 c5c4 d3c2 b5b4 g2g4 b4c3 b2c3 f6e8 f3e5,-13
3r4/8/8/3rk3/2K5/8/8/8 b - -,b7b5 h3f2 c5c4 d3c2 b5b4 g2g4 b4c3 b2c3 f6e8 f3e5,Mate
6k1/1R6/7P/8/5K2/7r/8/8 b - -,,0
8/6k1/8/6PB/5K2/8/8/8 b - -,h3h6 f4f5 h6h1 f5g6 h1g1 g6f6 g1f1 f6e6 f1e1 e6d5,Mate
r1bqk2r/ppp1n1pp/2n5/4P3/2Qp4/P4N2/1PP1P1PP/R1B1KB1R b KQkq -,h8f8 c2c3 d4c3 c4c3 d8d5 c1g5 h7h6 g5e7 c6e7 e2e3,115
8/1R4Rk/7p/1n5P/4P3/5PK1/1rr3P1/8 b - -,h7h8 g3h3 c2c8 g7h7 h8g8 h7h6 b2b1 h6g6 g8h8 g2g4,389
r4b1r/pp1k1ppp/5n2/nN1p4/3PpN2/4P3/PP3PPP/R1B2RK1 b - -,f8b4 f4e2 h8c8 b5c3 c8c6 f2f3 a5c4 f3e4 d5e4 a2a3,-64
5k2/1prr4/p2p4/4p1p1/4P3/2P2PK1/P1P2P2/7R b - -,c7c3 h1d1 d7f7 g3g2 c3f3 d1d2 f3c3 d2e2 f8g7 e2d2,-606
6k1/8/7r/8/5K2/8/8/1R6 b - -,,0
5Q2/7p/p5pk/3R1p2/q2prP1P/2P3P1/1P2p3/4K3 b - -,h6h5 b1f1 g8f7 f4g4 f7g6 f1f6 g6f6 g4h5 f6f7 h5h4,Mate
rn1qk2r/pb2ppbp/5np1/1p6/4NP2/3Q2P1/PPP3BP/RNB2RK1 b - -,f6e4 d3b5 d8d7 b1a3 g7d4 g1h1 f7f5 b5e2 d4f6 c1e3,-354
8/p3kp1p/1p1q1pp1/2P5/1P1QP2P/P1K3P1/5P2/8 b - -,d6e6 d4d5 b6b5 c3d4 a7a6 e4e5 e6g4 d4e3 f6e5 d5e5,396
r1bqkb1r/p4ppp/1pn1pn2/2pp4/5P2/1P2PNP1/PBPP2BP/RN1QK2R b KQkq -,f8e7 d1e2 c8b7 f3e5 e8h8 e1h1 d8c8 b1a3 f6d7 e5c6,-16
rnbq1rk1/p2n2pp/3Pp3/4Pp2/B1p4b/2P1BNP1/5P1P/RN1QR1K1 b - -,f5f4 e3f4 f8f4 g3f4 d7c5 a4c2 b8d7 b1d2 c8b7 d2c4,412
r2q1rk1/1p3ppp/p1n1pb2/8/1P1PQ3/P3BN2/5PPP/3R1RK1 b - -,,0
8/3nk3/1P4p1/3pp1Np/8/4P3/5KPP/8 b - -,d7b6 e3e4 d5d4 g5f3 e7e6 h2h3 b6a4 h3h4 a4c5 f3d2,-87
r2qkbnr/pbp1pppp/1pnp4/1B6/4P3/3P1N2/PPP2PPP/RNBQ1RK1 b kq -,a7a6 b5c6 b7c6 c2c4 g8f6 b1c3 e7e6 f1e1 f8e7 d3d4,48
8/8/8/4k3/8/1r6/6K1/2R5 b - -,,0
8/2k1p3/3p2p1/4b1P1/PQ2Rn2/8/KPP5/7r b - -,h1c1 a4a5 c1c2 e4c4 c2c4 b4c4 c7d7 a5a6 f4e6 a6a7,750
r1bqk2r/ppp2ppp/2np1n2/2b1p3/2B1P3/2PP4/PP3PPP/RNBQK1NR b KQkq -,f6g4 g1h3 h7h6 a2a4 a7a5 e1h1 e8h8 g1h1 g8h8 f2f3,-58
8/8/5p2/3qk3/5Q2/6PP/6PK/8 b - -,e5e6 f4g4 e6f7 h3h4 d5d2 h4h5 d2h6 h2h3 f7f8 g4g6,875
2r3k1/p4pp1/1q2p2p/1p1pP1P1/1n1P1P2/2r2N2/P3Q2P/3R2RK b - -,c3c2 e2e1 b4a2 g5h6 g7g6 e1h4 b6d8 f3g5 d8e7 f4f5,137
8/4pp2/5P2/p3P3/ppP3k1/8/8/1K6 b - -,b4b3 f6e7 a4a3 e7e8q a3a2 b1b2 g4f5 e8f7 f5e5 b2b3,1859
r1bq1rk1/ppp2ppp/2nbpn2/8/2BP4/P3PN2/1P1N1PPP/R1BQ1RK1 b - -,c8d7 d1c2 a7a5 c4d3 f8e8 d2c4 e6e5 d4e5 c6e5 f3e5,57
4b3/7k/7P/6P1/4BK2/8/8/8 b - -,c8d7 d1c2 a7a5 c4d3 f8e8 d2c4 e6e5 d4e5 c6e5 f3e5,Mate
8/4p1b1/1pQ3kp/5p2/1P1P2r1/4PN2/q5P1/4R1K1 b - -,g6h7 f3h2 a2d2 g1f1 d2d3 f1f2 g4d4 c6b6 d4e4 b6a5,-67
r3kR1r/pp6/3p2nP/2pPp1B1/7q/6PB/PP3P2/5RK1 b - -,g6f8 g3h4 f8g6 g1h2 g6f4 h3e6 e8f8 f1g1 f4e6 d5e6,176
rn3rk1/p4p1p/1pp1p1p1/8/2BP1P2/8/PPP2PKP/R3R3 b - -,b8d7 c4e2 d7f6 e2f3 a8c8 c2c3 f8d8 a1d1 a7a5 h2h4,-65
3nr1k1/p7/1p2N1q1/3P2pp/1P3p2/P1Q2P1P/1B4PK/8 b - -,d8e6 d5e6 e8e6 c3c8 e6e8 c8c4 g6f7 c4b5 g5g4 b5g5,-110
rnb2rk1/pp2ppbp/5np1/q1p5/2NP1B2/2P1PN1P/P3BPP1/R2Q1RK1 b - -,a5a6 a1b1 f6d5 c4b6 a6b6 b1b6 d5c3 d1d3 c3e2 d3e2,138
2r3k1/p4pp1/1q2p2p/1p1pP1P1/1n1P1P2/5N2/P1r4P/3R1QRK b - -,h6g5 f3g5 c2a2 f1h3 c8c2 h3h7 g8f8 g5f3 g7g6 g1g3,61
8/8/8/8/3k4/1r6/6K1/R7 b - -,,0
r3k2r/1bp1qpb1/pn1ppnp1/1p4Np/3PP2P/2NBBP2/PPP2QP1/1K1R3R b kq -,b5b4 c3e2 b6d7 e3c1 a6a5 e2f4 e8h8 g2g4 e6e5 d4e5,96
rn3k2/8/2p3Q1/ppq5/5P2/1P4P1/7P/R2R3K b - -,b5b4 c3e2 b6d7 e3c1 a6a5 e2f4 e8h8 g2g4 e6e5 d4e5,Mate
r2qkbnr/pbp2ppp/1pnpp3/1B6/4P3/3PBN2/PPP2PPP/RN1Q1RK1 b kq -,a7a6 b5c6 b7c6 a2a4 f8e7 c2c4 g8f6 a4a5 b6a5 a1a5,25
r5k1/7p/q2p4/4p3/4Q2P/2P1b1PK/1P4B1/8 b - -,a6c8 h3h2 a8b8 e4e3 c8e6 b2b4 d6d5 e3a7 b8e8 b4b5,-4
r1bqk2r/pppn1p2/4p2p/3p2p1/1bPP4/1Q2PNP1/PP1N1PP1/R3KB1R b KQkq -,b4e7 c4d5 d7b6 f1b5 e8f8 d5e6 c8e6 b3c2 g5g4 f3h4,149
8/4k3/1n4p1/3pp1Np/4P3/8/5KPP/8 b - -,d5d4 h2h4 b6c4 f2e2 c4e3 e2f2 e7d7 g5f3 d7e6 f3g5,-86
2r3k1/p4pp1/1q2p3/1p1pP1N1/1n1P1P2/8/P1r4P/3R1QRK b - -,c2a2 f1h3 c8c2 h3h7 g8f8 g5f3 g7g6 g1g3 b4c6 f4f5,72
r1bqk2r/1pp2ppp/2n5/p1b5/2Pp4/1P2PBP1/PB3P1P/RN1Q1RK1 b kq -,d4e3 f3c6 b7c6 d1d8 e8d8 b2g7 e3f2 g1g2 h8e8 g7f6,-9
2b1rnk1/ppq2pp1/2p2n1p/3pN3/2PP1N2/1P1B3P/P2Q1PP1/4R1K1 b - -,a7a6 c4c5 f6d7 e5f3 e8e1 f3e1 d7f6 e1f3 g7g5 f4e2,33
4b1k1/8/5KPP/8/4B3/8/8/8 b - -,e8g6 e4g6 g8h8 f6g5 h8g8 g5g4 g8h8 g4f4 h8g8 f4g5,35
r3kr2/pp6/3p2nP/2pPp1B1/7P/7B/PP3P2/5RK1 b - -,g6f4 h3e6 a7a5 g1h2 a8a6 g5f4 f8f4 h2h3 f4f6 h6h7,98
q4rk1/1bp1bpp1/2np1nQp/1p2p3/7N/1BPP3P/1P3PP1/1NB2RK1 b - -,d6d5 g6g3 f6h5 g3g4 e7h4 g4h4 h5f6 c1h6 c6e7 h6c1,-16
4r1k1/p7/1p2P1q1/6pp/1P3p2/P1Q2P1P/1B4PK/8 b - -,e8e6 c3c8 e6e8 c8c4 g6f7 c4c3 g8h7 c3d3 h7h6 d3d1,-128
8/8/5p2/3qk2Q/8/6PP/6PK/8 b - -,e5e6 h5d5 e6d5 g3g4 d5e4 h3h4 e4f4 h4h5 f4g5 h2g3,1044
8/pp2kpp1/1r6/6P1/PP1RP3/5PK1/8/8 b - -,b6c6 d4d5 a7a6 b4b5 a6b5 d5b5 b7b6 b5b4 e7f8 g3f4,164
8/4p1bk/1pQ4p/4Np2/1P1P2r1/4P3/q5P1/4R1K1 b - -,g7e5 d4e5 a2d2 g1f1 b6b5 e1e2 d2d1 e2e1 d1d3 f1f2,-117
6k1/1pq2pp1/3P3p/p3pP2/P3p1P1/1Pr1R2P/5P2/3R3K b - -,c7d7 e3c3 g8h7 h1h2 b7b5 c3c7 d7d8 d6d7 e4e3 f2e3,374
8/8/8/8/5kPK/2P5/8/3N4 b - -,c7d7 e3c3 g8h7 h1h2 b7b5 c3c7 d7d8 d6d7 e4e3 f2e3,Mate
r2qkbnr/pbp2pp1/1pnpp2p/1B6/4P3/2NPBN2/PPP2PPP/R2Q1RK1 b kq -,a7a6 b5c6 b7c6 d3d4 g8f6 d4d5 c6b7 d1d3 e6d5 e4d5,35
r4rk1/p2n1p1p/1pp1p1p1/8/2BP1P2/5K2/PPP2P1P/R3R3 b - -,a8c8 a2a4 f8d8 c2c3 d7f6 c4e2 a7a5 a1a3 d8d5 e2a6,-64
8/p3kp1p/1p3pp1/2P5/1P1KP2P/P5P1/5P2/8 b - -,e7e6 c5b6 a7b6 a3a4 e6d6 a4a5 b6b5 g3g4 h7h6 a5a6,593
rn2k2r/pp3ppp/2p1pq2/8/8/2N5/PPPQ1PPP/3R1RK1 b kq -,e8h8 a2a3 b8a6 d2e3 f6e7 d1d2 f8d8 d2d8 e7d8 f1d1,-58
1k1q2rr/pp3p2/4pR1n/3pP3/b1pP2p1/PnP1N3/RP2B1PP/4QNK1 b - -,g8g5 e2d1 a7a6 d1b3 c4b3 a2a1 b8a7 e1f2 a4b5 f1g3,59
r2q1rk1/4nppp/4pb2/p7/1P1PQ3/P3BN2/5PPP/3R1RK1 b - -,d8d5 e4d3 a5b4 a3b4 f8b8 d1b1 d5b5 d3b5 b8b5 f3e5,12
r1bqk1nr/ppp2pbp/2np2p1/3N4/2BpP3/P4N2/1PP2PPP/R1BQK2R b KQkq -,c8g4 c4e2 g4f3 g2f3 d8d7 h2h4 e8a8 h4h5 f7f5 h5h6,-98
2r3k1/p2R1ppp/1p2p3/4p3/2P1P1n1/1PN3P1/P4PK1/8 b - -,h7h5 c3b5 a7a5 b5d6 c8b8 d7c7 b8d8 c7c6 d8b8 a2a3,27
2rr2k1/p3bppp/1p1pp3/2p5/3PbB2/2P1P3/PP1N1PPP/R2R2K1 b - -,e4b7 f2f3 g7g5 f4g3 c5d4 e3d4 f7f5 a2a4 h7h5 g3f2,-101
6kQ/p7/1p2r1q1/6pp/1P3p2/P4P1P/1B4PK/8 b - -,g8f7 h8d4 f7e7 d4c4 e6c6 c4d4 g5g4 d4f4 g4g3 f4g3,-184
8/2k1p3/3p2p1/P3b1P1/1Q2Rn2/8/KPP5/2r5 b - -,f4g2 e4c4 c7d7 a5a6 d6d5 b4b5 d7e6 c4c6 e6f5 a6a7,957
4b1k1/8/5K1P/3B2P1/8/8/8/8 b - -,f4g2 e4c4 c7d7 a5a6 d6d5 b4b5 d7e6 c4c6 e6f5 a6a7,Mate
8/4k3/6p1/2n1p1Np/2KpP3/8/6PP/8 b - -,c5e6 g5h3 e7d6 h3f2 g6g5 g2g4 h5h4 f2h3 d6e7 h3g1,-167
3Q2k1/1p3pp1/7p/p1q1pP2/P3p1P1/1P2r2P/5P2/3R3K b - -,,0
3r4/8/8/3r4/4k3/2K5/8/8 b - -,g8h7 f2e3 c5e3 d1d2 e3h3 h1g1 h3e3 g1f1 e3h3 f1g1,Mate
r1br2k1/pp2bppp/2n1pn2/q2P4/6P1/1PN2P2/PBPQ3P/1K1R1BNR b - -,f6d5 c3d5 d8d5 f1d3 a5d2 d1d2 c6b4 b2a3 c8d7 g1e2,-70
r2q1rk1/1p2bp1p/p4np1/2p1PP2/4P3/2N2B2/PPP4P/R2Q1RK1 b - -,f6d7 f5f6 d7f6 e5f6 e7f6 a1b1 d8a5 c3d5 f6e5 a2a3,324
2r2rk1/1p3ppp/4pn2/pN1p4/3P4/4PN2/PP3PPP/2R2RK1 b - -,h7h6 f3e5 f8d8 f2f3 a5a4 g2g4 f6e8 c1c5 b7b6 c5c1,467
8/3k4/4pb2/p2p1n1p/Pp1PpPpP/1P2P1P1/5K2/2B2N2 b - -,d7d6 c1b2 d6e7 b2c1 e7f7 c1b2 f6d8 b2c1 f7e8 c1d2,-22
2r3k1/p4pp1/1q2p3/1p1pP1N1/1n1P1P2/7Q/r6P/3R2RK b - -,c8c2 h3h7 g8f8 g5f3 g7g6 g1g3 b4c6 f4f5 g6f5 h7h8,82
r2r1b2/pb1n1kpp/2pN1p2/2Pp4/5B1P/6R1/PP3PP1/2KR1B2 b - -,f7e6 d6b7 d8b8 g3e3 e6f7 b7d6 f7g8 d6f5 f8c5 e3c3,782
4b3/5B1k/5K1P/6P1/8/8/8/8 b - -,f7e6 d6b7 d8b8 g3e3 e6f7 b7d6 f7g8 d6f5 f8c5 e3c3,Mate
4r1bk/1p2r3/p1p1pq1p/P1NpR1p1/3P2P1/2P1QP1P/1P2R1K1/8 b - -,e8f8 e2e1 g8f7 e1f1 f7g8 f1h1 g8f7 h1h2 h8h7 g2g3,296
rnb1kbnr/pp1p1ppp/1qp5/4p3/3PP3/2P2N2/PP3PPP/RNBQKB1R b KQkq -,b6d8 f3e5 g8f6 f1d3 d7d5 e4d5 c6d5 e1h1 f8e7 c1f4,362
r1bqk1nr/ppp2pbp/2np2p1/4p3/2BPP3/P1N2N2/1PP2PPP/R1BQK2R b KQkq -,e5d4 c3b5 c8g4 c2c3 d4c3 b5c3 d8d7 c1e3 g4f3 d1f3,-94
8/8/8/6p1/3k1pP1/8/3K1P2/8 b - -,,0
r2q1rk1/3nbppp/3p4/5NP1/p2pPB1P/1b3P2/PP1Q4/1K1R1B1R b - -,b3d1 d2d1 d7c5 f1c4 c5e6 f4c1 d8d7 c4d5 a8a5 f5d4,43
8/6pk/7p/1p3p2/3q4/5Q1P/PP1r2P1/5R1K b - -,,0
r1bk3r/2p2pBp/2p5/p1b5/2P5/1P2p1P1/P4P1P/RN3RK1 b - -,e3f2 g1g2 h8g8 g7f6 d8e8 b1c3 c8f5 a1d1 g8g6 f6d4,-3
3Q4/1p3ppk/7p/p1q1pP2/P3p1P1/1P2P2P/8/3R3K b - -,,0
5k2/1pr3r1/p2p4/4p1p1/4P1K1/2P2P2/P1P2P2/7R b - -,c7c3 h1d1 g7f7 d1d6 c3f3 c2c4 f3f4 g4g3 f8g7 a2a3,-590
4k3/pp2pp1p/3p2p1/8/1PP1P3/8/P4PPP/4K3 b - -,h7h5 e1e2 e7e5 h2h4 e8d7 e2d3 f7f5 f2f3 b7b6 d3c2,17
8/2k1p3/3p2p1/P3b1P1/1QR2n2/8/KPr5/8 b - -,c7d7 c4c2 d7e6 a5a6 f4d5 b4b7 e5d4 c2e2 d4e3 a6a7,Mate
r3kb1r/pp1qpppp/2n2n2/2pp1b2/P2P1B2/1QP1P3/1P1N1PPP/R3KBNR b KQkq -,f6h5 f4g3 c5d4 e3d4 e7e6 g1f3 f7f6 f1e2 h5g3 h2g3,-34
8/8/2k5/8/8/8/PK6/8 b - -,,0
r2q1rk1/3nbppp/3p4/5NP1/p2QPB1P/5P2/PP6/1K1b1B1R b - -,d7e5 d4d1 d8c7 h1h2 f8c8 f5e3 e5g6 e3d5 c7b7 f4e3,55
8/8/2pk4/2R5/3P3p/2P3rP/5KP1/8 b - -,g3d3 c5h5 d3c3 h5h4 c3c2 f2f3 c2c3 f3e4 c3c2 g2g4,462
3r4/8/8/8/3rk3/1K6/8/8 b - -,g3d3 c5h5 d3c3 h5h4 c3c2 f2f3 c2c3 f3e4 c3c2 g2g4,Mate
r3rk1Q/ppb3p1/2bp2P1/Pnp2q2/4P3/3P4/1P1B2PP/4R2K b - -,f8e7 e4f5 e7d7 h8g7 d7c8 e1e8 c6e8 g7f8 c7d8 f8e8,1191
r6k/1pp2Bp1/p6p/4P3/5R2/P1P4P/1P1n2P1/6K1 b - -,a6a5 f4d4 g7g6 d4d2 h8g7 d2d7 g7f8 d7c7 a8d8 e5e6,625
1r1q1rk1/4bppp/4p3/3nN3/1P1PQ3/8/3B1PPP/1R3RK1 b - -,d5b4 e4f3 d8d6 f1d1 f7f6 b1b4 f6e5 b4b8 d6b8 f3g4,11
rnbqk1nr/pp2ppb1/2pp2p1/7p/2P4P/5NP1/PP1PPPB1/RNBQ1RK1 b kq -,c8e6 d2d3 g8h6 b1c3 e8h8 d1b3 e6c8 d3d4 d8b6 f1d1,49
4r1k1/p5pp/1ppb4/5p2/P2PNP2/8/1PPB2PP/4R1K1 b - -,f5e4 g1f2 h7h5 f2e3 g8f7 e1g1 f7g6 g2g4 h5g4 g1g4,208
r1br2k1/pp2bppp/2nppn2/q7/4P3/1PN2P2/PBP3PP/1K1RQBNR b - -,e7f8 f1b5 a7a6 b5c6 b7c6 h2h4 a5c7 h4h5 h7h6 g2g4,46
2b1rnk1/ppq2pp1/2p2n1p/4N3/2BP1N2/1P5P/P2Q1PP1/4R1K1 b - -,e8e7 d2b4 a7a5 b4c3 f8e6 f4e6 c8e6 e5g6 f7g6 e1e6,37
r2qr1k1/bpp2pp1/p1n2n1p/4p3/3pP2N/1PPP2NP/1P2QPP1/R1BR2K1 b - -,e8e6 b3b4 c6e7 h4f5 e7f5 g3f5 d4c3 b2c3 c7c5 b4c5,35
rn1qk1nr/pp2ppb1/2pp2p1/7p/2P3bP/2N2NP1/PP1PPPB1/R1BQ1RK1 b kq -,g4f3 g2f3 g8h6 d2d4 h6f5 e2e3 b8d7 f3g2 e8h8 g2h3,60
r2r2k1/p2n1p1p/1pp1p1p1/8/2BP1P2/2P2K2/PP3P1P/R3R3 b - -,a8c8 a2a4 d7f6 c4e2 c8b8 e2c4 a7a5 a1a3 d8d6 a3b3,-60
6k1/p4ppQ/1q2p3/1p1pP1N1/1n1P1P2/8/r1r4P/3R2RK b - -,g8f8 g5f3 g7g6 g1g3 b4c6 h7h8 f8e7 h8f6 e7e8 g3h3,59
8/4p2k/1pQ4p/4Pp2/1P4r1/4P3/q5P1/4R1K1 b - -,a2d2 g1f1 g4g5 b4b5 g5h5 g2g3 h7g7 e5e6 d2a2 c6f3,-111
r1bqk2r/ppp2ppp/2np1n2/1B2p3/4PP2/2PP4/P1P3PP/R1BQK1NR b KQkq -,e5f4 c1f4 e8h8 g1e2 f6h5 e1h1 h5f4 e2f4 d8g5 a2a4,21
4N3/8/8/7r/8/5k2/8/6K1 b - -,e5f4 c1f4 e8h8 g1e2 f6h5 e1h1 h5f4 e2f4 d8g5 a2a4,Mate
5k2/p3r3/1p5q/3Q4/1P3pP1/P7/1B4P1/6K1 b - -,e5f4 c1f4 e8h8 g1e2 f6h5 e1h1 h5f4 e2f4 d8g5 a2a4,Mate
3n4/6k1/6Rp/7P/1r2PPK1/8/6P1/8 b - -,g7h8 g6h6 h8g7 h6g6 g7h7 g4f5 d8f7 g6e6 f7h6 f5g5,344
5rbk/1p2r3/p1p1pq1p/P1NpR1p1/3P2P1/2P2P1P/1P2RQK1/8 b - -,h8h7 e2e1 e7g7 f2c2 f6g6 c2g6 h7g6 h3h4 g5h4 e5h5,272
5k2/p4ppQ/1q2p3/1p1pP3/1n1P1P2/5N2/r1r4P/3R2RK b - -,g7g6 g1g3 b4c6 h7h8 f8e7 h8f6 e7e8 g3h3 c6d8 h3h8,64
8/2k4p/pp1p2p1/4p3/1PP1Pp2/PK3P1P/6P1/8 b - -,,0
8/1Q5k/6pp/1p3p2/3q4/7P/PP1r2P1/5R1K b - -,d4d7 b7d7 d2d7 f1c1 d7d2 c1c7 h7g8 c7b7 d2b2 a2a4,-5
8/3kp3/P2p2p1/4b1P1/2Q2n2/8/KP6/8 b - -,e5d4 c4a4 d7c7 a4d4 e7e5 d4a7 c7c6 a7b7 c6c5 a6a7,3637
2r2rk1/1p3ppp/4p3/p2p4/3Pn3/2N1PN2/PP3PPP/2R2RK1 b - -,e4d6 c3a4 b7b5 a4c5 f8e8 c5d3 f7f6 f1d1 d6e4 f3e1,437
1r1q1rk1/4bppp/4p3/4N3/1R1PQ3/8/3B1PPP/5RK1 b - -,e7b4 e5c6 b4d2 c6d8 f8d8 f1d1 d2b4 d1b1 b4f8 b1b8,-12
8/4k3/1n4p1/4p1Np/3pP3/8/4K1PP/8 b - -,b6c4 g5f3 e7f6 h2h4 c4e3 e2f2 f6e6 f3g5 e6e7 g2g3,-93
6k1/8/p7/1p2P1pp/P7/2Pb2P1/1P1N1r2/R1BK4 b - -,,0
r3kb1r/7p/3p1p1n/q2Pp1p1/ppBB4/P2P4/1PPQ1PPP/3RR1K1 b kq -,b4a3 d4c3 a5c5 b2a3 h6f5 c3b4 c5c8 d2e2 f5d4 e2h5,324
8/8/4kp2/3q4/5Q1P/6P1/6PK/8 b - -,d5h5 h2h3 h5h7 f4g4 f6f5 g4g5 e6d7 h4h5 d7e6 h3h2,875
5k2/p7/1p5q/3Q4/1P3pP1/P7/1B3KP1/4r3 b - -,d5d1 f4e4 e6d7 e4f5 d7e7 f5h7 e7f8 h7g6 f8e7 h4h5,Mate
8/3nk3/6p1/4p1Np/3pP3/3K4/6PP/8 b - -,d7c5 d3e2 c5e6 g5f3 e7f6 f3d2 g6g5 h2h3 e6c5 e2f3,-114
2b2nk1/ppq1rpp1/2p2nNp/4N3/2BP4/1P5P/P2Q1PP1/4R1K1 b - -,f8e6 g6e7 c7e7 d2a5 f6d5 c4d5 c6d5 e5d3 e7g5 a5a7,361
5k2/p4ppQ/1q2N3/1p1pP3/1n1P1P2/8/r1r4P/3R2RK b - -,b6e6 h7g7 f8e8 g1g3 b4c6 h2h4 e6f5 g7g8 e8d7 g8g4,-497
8/P2kp3/3pn1p1/4b1P1/2Q5/8/KP6/8 b - -,e6c7 c4c2 e7e6 c2g6 d7c6 g6g8 e5d4 g8b8 e6e5 g5g6,Mate
r3kb1r/pp1qpp2/2n4p/2pp1bp1/P2P4/1QP1P1P1/1P1N1PP1/R3KBNR b KQkq -,c5c4 b3d1 e7e5 d4e5 e8a8 d2f3 g5g4 f3d4 h6h5 d4f5,-71
7K/4k2P/8/8/8/8/8/6N1 b - -,,0
r1bq1rk1/ppp2ppp/3b1n2/8/2B2P2/P3P3/1PQN2PP/R1B2RK1 b - -,d6e7 d2f3 d8d6 f1e1 a7a5 c1d2 c8g4 a1c1 f8d8 d2c3,39
r3k2r/ppp1qppp/2bp1n2/4p3/4PP2/2PP1N2/P1P3PP/R1BQ1RK1 b kq -,f6d7 f4e5 d7e5 f3d4 e8h8 d4f5 e7d7 c3c4 f7f6 d1e2,25
3r4/1p4k1/2p1b3/q1b1Pp1p/p2r1Pp1/P1R3PP/1P2Q1B1/2N2R1K b - -,d4d2 e2e1 c5b6 c3e3 b6e3 e1e3 a5d5 e3g1 d2b2 f1f2,-567
r3r1k1/1pQnqpp1/p1p2n1p/3p4/3P4/3BP2P/PP2NPP1/2R2RK1 b - -,a8b8 c1c2 e8c8 c7f4 f6h5 f4f3 g7g6 f1b1 a6a5 e2c1,17
8/8/4kp2/7q/5Q1P/6PK/6P1/8 b - -,e6f7 f4g4 h5c5 h3h2 f7f8 g4g6 f6f5 h4h5 c5d5 h5h6,875
1r1q1rk1/5ppp/2N1p3/8/1b1PQ3/8/3B1PPP/5RK1 b - -,b4d2 c6d8 f8d8 f1d1 d2b4 d1b1 b4f8 b1b8 d8b8 h2h4,-12
r3r2Q/ppb1k1p1/2bp2P1/Pnp2P2/8/3P4/1P1B2PP/4R2K b - -,c6e4 h8g7 e7d8 e1e4 e8e4 d3e4 d8c8 g7f8 c7d8 g6g7,9605
4r1k1/5ppp/2N2n2/1Pb5/2p1b1P1/p1P4P/3BBP2/R5K1 b - -,e4c6 b5c6 e8e2 d2e3 c5e3 f2e3 e2e3 a1a3 g8f8 a3a4,-428
r3k1r1/2p2p1p/2p2B2/p1b2b2/2P5/1PN3P1/P4pKP/3R1R2 b - -,g8g6 f6d4 c5b4 f1f2 a8d8 f2e2 g6e6 e2e6 f7e6 d4e5,-6
r3kb1r/pp1q1p2/2n4p/2ppPbp1/P7/1QP1P1P1/1P1N1PP1/R3KBNR b KQkq -,e8a8 f1b5 a7a6 b5c6 d7c6 a4a5 h6h5 b3b6 c6d7 b6a7,-64
r2q1k1r/ppp1nBpp/3p4/2b1p3/3nP1Q1/3P3P/PPP2PP1/RNB1R1K1 b - -,f8f7 b2b4 c5b6 b1a3 d4e6 d3d4 b6d4 c2c3 d4b6 a3c4,-302
r3kb1r/7p/3p1p1n/q2Pp1p1/ppBB4/2PP4/PP1Q1PPP/3RR1K1 b kq -,b4c3 d4c3 a5b6 d2e2 f8g7 e2h5 h6f7 d3d4 e8h8 c4d3,339
r2qkbnr/ppp1pppp/n7/3p1b2/3P4/5NP1/PPP1PPBP/RNBQK2R b KQkq -,g8f6 f3h4 f5e6 c2c4 c7c6 c4d5 e6d5 h4f3 e7e6 e1h1,48
8/8/6pp/4kp2/7P/5KP1/5P2/8 b - -,,0
r2qk1nr/ppp2p1p/2nBp1p1/3p1b2/3P4/P2BPN2/1PP2PPP/RN1QK2R b KQkq -,c7d6 c2c4 d5c4 d3c4 d8b6 d1e2 f5e4 b2b4 d6d5 c4d3,7
r4k2/5ppp/5q2/1Np5/pp4bP/6P1/PPPRNP2/2K4R b - -,a4a3 c2c3 a3b2 c1b2 a8b8 b2a1 b8b5 d2b2 f6f2 c3b4,-876
1K6/P4R2/6p1/7p/6kP/6P1/8/r7 b - -,a1b1 f7b7 b1f1 a7a8q f1f8 b8a7 f8a8 a7a8 g4g3 b7g7,3900
r1br2k1/pp1nbppp/2n1p3/q2pP3/5P2/1PN5/PBP3PP/1K1RQBNR b - -,d7c5 a2a3 a5b6 b3b4 c5e4 c3e4 d5e4 d1d8 b6d8 g1h3,35
rn1qkb1r/1p3p1p/p4P2/4pb1Q/2Bp4/2N1B3/PPP2P1P/R3K2R b KQkq -,d8c7 h5f5 c7c4 f5e5 c4e6 e5e6 f7e6 e3d4 h8g8 e1a1,318
8/5k2/5p2/7q/5QPP/7K/6P1/8 b - -,h5a5 g4g5 f6f5 h4h5 a5e1 f4f5 f7e7 h5h6 e1h1 h3g3,630
8/8/8/8/8/1rk5/6K1/2R5 b - -,,0
8/4k3/4pb2/p2p1n1p/Pp1PpPpP/1P2P1P1/3B1K2/5N2 b - -,f6d4 e3d4 f5d4 f1e3 d4b3 f2e2 b3c5 e3c2 c5a4 c2d4,-320
4r2k/1p2rb2/p1p1pq1p/P1NpR1p1/3P2P1/2P1RPQP/1P4K1/8 b - -,f7g8 e3e1 e8f8 g3f2 f6g6 h3h4 g5h4 f2h4 f8f6 h4h5,269
1r2r1k1/2p2pp1/4q1np/1pQ1p3/1P2P3/2P2N1P/5PP1/R2R2K1 b - -,b8c8 f3e1 e6b6 d1d5 g6f4 d5e5 b6c5 e5c5 e8e4 e1c2,17
r1b2r2/p2n1pkp/2n1pqp1/1NPp4/B7/8/PP1QNPPP/R3K2R b - -,d7c5 a1c1 c5a4 b2b3 c8d7 b3a4 a7a6 b5c3 h7h5 h2h4,-366
5r1k/2pbqr1p/1p1p2pb/pP1Pp3/P1P1N3/R4P1P/2B3P1/4QRK1 b - -,d7f5 g1h2 h6g5 c2b1 f7g7 g2g3 h7h5 e4f2 f5b1 e1b1,-22
4N3/8/8/6r1/8/5k2/8/7K b - -,h6f4 g1f2 h7h5 g2g3 f4h6 f2g2 d7f5 e1b1 h5h4 g3g4,Mate
Q4rk1/7p/q2p4/4p3/1Q5P/2P1b1PK/1P4B1/8 b - -,a6a8 g2a8 f8a8 b4e4 a8e8 e4e3 e5e4 e3g5 g8h8 g5f5,Mate
8/4k3/4n1p1/4p2p/2KpP3/5N2/6PP/8 b - -,e7d6 c4b4 g6g5 f3d2 e6f4 d2f3 g5g4 f3e1 f4e2 e1d3,-219
2r3k1/p4pp1/1q2p2p/1p1pP3/1P1P1PP1/2r2N2/P1n1Q2P/3R2RK b - -,c8c4 e2f2 c2e3 d1e1 c4d4 f3d4 b6d4 g1g3 d4e4 f2f3,-174
4r1k1/5ppp/2P2n2/2b5/2p3P1/p1P4P/3BBP2/R5K1 b - -,e8e2 d2e3 c5e3 f2e3 e2e3 a1a3 g8f8 a3a4 f6e8 a4c4,-440
r2q3r/ppp1nkpp/3p4/2b1p3/1P1nP1Q1/3P3P/P1P2PP1/RNB1R1K1 b - -,c5b6 b1a3 d8c8 g4g3 e7g6 c2c3 d4e6 a3c4 h8f8 d3d4,-336
r1bqkb1r/pp3ppp/2n1p3/3pP3/3Pn3/3B1N2/PP3PPP/RNBQK2R b KQkq -,f7f5 e5f6 f8b4 b1d2 e4f6 e1h1 e8h8 h2h3 b4d6 f1e1,41
8/8/7p/4kpP1/8/5KP1/5P2/8 b - -,h6h5 f3e3 e5d6 e3f4 d6e6 g5g6 e6f6 g6g7 f6g7 f4f5,Mate
8/P1nkp3/3p2p1/4b1P1/4Q3/8/KP6/8 b - -,e7e6 e4g6 d7c6 g6g8 e5d4 g8b8 e6e5 g5g6 e5e4 a7a8q,920
4r1k1/1pp2pp1/p2p3p/3P4/2P2qPn/P3B2P/1P1R1P2/1B3K1R b - -,e8e3 d2e2 e3e2 f1e2 f4f3 e2d2 f3h1 b1f5 h4f5 g4f5,-1145
8/6p1/7p/1pk2P2/p4P2/P2K3P/1P6/8 b - -,b5b4 d3e4 c5c4 e4e5 b4a3 b2a3 c4b3 f5f6 g7f6 e5f6,5
1K6/P5R1/6p1/7p/7P/6k1/8/r7 b - -,g3f2 a7a8q a1e1 a8c6 e1b1 c6b7 b1e1 g7g6 e1e8 b8a7,3525
1k1q3r/pp3pr1/4pR1n/3pP3/b1pP2p1/PnP1N3/RP2BQPP/5NK1 b - -,a4c6 f1g3 g7h7 f2f4 d8c7 e3g4 h6g8 g3f1 g8f6 g4f6,37
1r2B1rk/4PR1p/p5p1/1ppNP3/4P3/8/PPP4P/6K1 b - -,a4c6 f1g3 g7h7 f2f4 d8c7 e3g4 h6g8 g3f1 g8f6 g4f6,Mate
5rk1/r3N1pp/4b3/4Pp2/n1N5/2P5/5PPP/R2R2K1 b - -,a7e7 a1a4 e6c4 a4c4 e7e5 c4c7 e5e8 g1f1 f8f7 c7f7,92
6Q1/3qk1pp/1p3p2/p7/Pp1P4/6P1/4PP1P/6K1 b - -,d7d4 g8g7 e7d6 g7f8 d6d7 f8f7 d7c6 f7e6 c6c7 e6e7,-114
4r2k/p5pp/1p3p2/4pP2/4R3/P2P3P/1P4P1/7K b - -,e8d8 e4c4 h7h5 c4c3 h8h7 h1g1 g7g6 f5g6 h7g6 g1f2,-27
1r1r4/5pk1/pq2nnpp/8/2Bp4/1P2PP1P/P2Q2P1/2RR1N1K b - -,b8c8 d2f2 h6h5 e3d4 c8c6 d1d2 d8d4 c1e1 d4d2 f2b6,148
8/3q3k/6pp/1p3p2/8/Q6P/Pr4P1/4R1K1 b - -,,0
5r1k/1pp2Bp1/p3P2p/8/5R2/P1P4P/1P1n2P1/6K1 b - -,f8b8 e6e7 g7g6 f4d4 h8g7 d4d8 d2e4 e7e8q b8d8 e8d8,881
8/2Q2k1q/5p2/8/6PP/7K/6P1/8 b - -,f8b8 e6e7 g7g6 f4d4 h8g7 d4d8 d2e4 e7e8q b8d8 e8d8,Mate
8/8/8/8/8/1r6/1k4K1/3R4 b - -,,0
r1bqk2r/ppp2ppp/2nbp3/3p4/3P2n1/P1N2N2/1PPBPPPP/R2QKB1R b KQkq -,e6e5 d4e5 c6e5 h2h3 g4f6 c3b5 c7c5 b5d6 d8d6 f3e5,-28
r1bqr1k1/pp2bppp/2n1pn2/3p4/3P4/2P2N2/PPBNQPPP/R1B2RK1 b - -,b7b6 f3e5 c6e5 d4e5 f6d7 f1e1 a7a5 e2d3 d7f8 d3g3,67
rn1qk2r/pb2ppbp/6p1/1p6/4BP2/3Q2P1/PPP4P/RNB2RK1 b - -,d8d4 c1e3 d4e4 d3e4 b7e4 b1d2 e4c6 c2c3 b8d7 f1e1,-426
1K6/P7/6R1/7p/7k/8/8/r7 b - -,a1a4 a7a8q a4b4 a8b7 b4g4 b7h1 h4g3 h1h5 g4g6 h5g6,Mate
8/8/3kn1p1/4p2p/2KpP3/5NP1/7P/8 b - -,g6g5 h2h3 g5g4 h3g4 h5g4 f3h4 e6g7 c4d3 d6e6 d3d2,-272
8/7K/8/8/8/1QPk4/6N1/8 b - -,g6g5 h2h3 g5g4 h3g4 h5g4 f3h4 e6g7 c4d3 d6e6 d3d2,Mate
6k1/8/p7/1P2P1pp/8/1bP3P1/1P4r1/R1B1K3 b - -,,0
r2r2k1/5pp1/4pn1p/2p5/Ppb5/P2P3P/2P2PPN/R3R1K1 b - -,c4a6 a4a5 f6d5 h2g4 d5c3 g4e3 a8b8 a3b4 c5b4 f2f4,-371
5r1k/r3N1pp/1N2b3/4Pp2/n7/2P5/5PPP/R2R2K1 b - -,a7e7 b6a4 e6b3 d1e1 e7c7 f2f3 b3a4 a1a4 c7c3 g1f2,91
3r4/1p4k1/2p1b3/q1b1Pp1p/p4Pp1/P1R3PP/1P1r2B1/2N1QR1K b - -,c5b6 c3e3 b6e3 e1e3 a5d5 e3g1 d5d4 g1d4 d8d4 h1g1,-591
3k4/5N1R/8/pK6/P7/8/1P6/8 b - -,c5b6 c3e3 b6e3 e1e3 a5d5 e3g1 d5d4 g1d4 d8d4 h1g1,Mate
5rk1/5ppp/p1p1r2q/1p1P4/2P3b1/1B4P1/PP1NnP1P/R3RQ1K b - -,h6d2 d5e6 g4f3 f1g2 f3g2 h1g2 f7e6 e1f1 f8f6 a1e1,-707
3n1k2/8/6Rp/4P2P/1r3PK1/8/6P1/8 b - -,d8f7 g4f5 b4b7 g2g4 b7c7 e5e6 f7d6 f5e5 d6e8 f4f5,342
r3k2r/2q1bppp/p1bppn2/8/NBP1P3/6P1/PP3PBP/R2QR1K1 b kq -,a8c8 a4c3 h7h5 a1c1 e8h8 b2b3 c6a8 d1e2 h5h4 e1d1,144
rnbqk2r/p1pp2pp/1p2pn2/5p2/1b1P1B2/2N2P2/PPPQP1PP/2KR1BNR b kq -,,0
8/p2k1p1p/1p3pp1/2PK4/1P2P2P/P5P1/5P2/8 b - -,g6g5 c5b6 a7b6 h4g5 f6g5 g3g4 b6b5 d5c5 d7e6 c5b5,751
r1bqk1nr/ppp2ppp/2nb4/3p4/3Pp3/2P1P1B1/PP1N1PPP/RN1QKB1R b KQkq -,,0
3r3k/p5pp/1p3p2/4pP2/2R5/P2P3P/1P4P1/7K b - -,h7h5 c4c3 h8h7 h1g1 h7h6 h3h4 d8d4 g2g3 g7g5 f5g6,-20
r1bq2k1/ppp2rpp/5n2/2Q5/5P2/P3P3/1P1N2PP/R1B2RK1 b - -,d8e7 c5e7 f7e7 d2f3 c7c5 c1d2 f6e4 f3e5 a7a5 f1d1,78
R5k1/8/8/1p2P1pp/8/1bP3P1/1P4r1/2B1K3 b - -,,0
2rr2k1/p3bppp/1p1pp1b1/2p5/3P1B2/2P1P2P/PP1N1PP1/R2R2K1 b - -,e6e5 f4h2 c5d4 e3d4 e5d4 c3d4 c8c2 b2b3 d6d5 h2f4,-87
8/2k4R/8/pK2N3/P7/8/1P6/8 b - -,g6c2 d1c1 c2d3 d2f3 f7f6 c1d1 d3e2 d1d2 e2a6 e3e4,Mate
6k1/4bPp1/7p/1r1pp2P/8/q7/1PQN1P2/1K5R b - -,g8f8 h1g1 a3b4 d2f3 b4e4 c2e4 d5e4 f3d2 e7c5 d2e4,-10
r3kb1r/7p/3p1p1n/q2Pp1p1/p1B5/2BP4/PP1Q1PPP/3RR1K1 b kq -,a5b6 d2e2 f8g7 e2h5 h6f7 d3d4 e8h8 c4d3 f7h6 d4e5,353
8/7k/3R3p/n3PK1P/1r3P2/8/6P1/8 b - -,a5b7 d6d7 h7g8 e5e6 g8f8 d7f7 f8e8 f7h7 e8d8 f5e5,260
1r2qrk1/4bppp/4p3/3n4/1P1PQ3/3N4/3B1PPP/1R3RK1 b - -,e8b5 f1c1 d5f6 e4e3 f6d5 e3f3 b8c8 d3c5 f8d8 h2h3,28
4N3/8/8/6r1/8/5k2/8/5K2 b - -,e8b5 f1c1 d5f6 e4e3 f6d5 e3f3 b8c8 d3c5 f8d8 h2h3,Mate
4r1k1/5ppp/2N2n2/1Pb5/2p1b1P1/p1P4P/3B1P2/R2B2K1 b - -,e8a8 d1e2 e4d5 d2e3 c5d6 f2f3 f6d7 g1f2 d7e5 c6b4,-52
R7/1P1k1ppp/8/8/3p4/7P/5PPK/3r4 b - -,d1b1 b7b8q b1b8 a8b8 g7g6 h2g3 d7c6 g3f3 c6d5 f3e2,772
2r3k1/5ppp/4p3/pp1p4/3P4/2P1P3/P2N1PPP/2R3K1 b - -,a5a4 g1f1 b5b4 f1e2 b4c3 e2d3 c8b8 c1c3 f7f5 d3c2,429
2k5/P1n1p3/3p2p1/4b1P1/1P2Q3/8/K7/8 b - -,e5g3 e4c6 c8d8 b4b5 g3f2 b5b6 f2b6 c6b6 d8d7 a2b2,4296
2b1n1k1/ppq2pp1/2p3Np/8/2BP4/1P2Q2P/P4PP1/6K1 b - -,c7d8 e3e7 d8e7 g6e7 g8f8 e7c8 a7a6 c8b6 f8e7 c4d3,451
r3kb1r/pp1q1p2/2n4p/1Q1pPbp1/P1p5/2P1P1P1/1P1N1PP1/R3KBNR b KQkq -,e8a8 g1f3 a7a6 b5b6 h8g8 f3d4 c6e5 d2f3 e5g4 f1e2,-51
3r3k/p5p1/1p3p2/4pP1p/8/P1RP3P/1P4P1/7K b - -,h8h7 h1g1 h7h6 h3h4 g7g5 f5g6 h6g6 g1f2 g6f5 f2e3,-17
r1bq1rk1/pp2bppp/2p2n2/8/1nBP4/2N3B1/PP2NPPP/2RQ1RK1 b - -,h7h6 e2f4 c8g4 d1b3 b7b5 c4e2 g4e2 c3e2 f6e4 f1d1,30
8/PK6/6R1/7p/8/7k/8/r7 b - -,a1a2 g6a6 a2b2 b7c7 h3g3 a7a8q b2c2 c7d6 c2d2 d6e6,3513
r2r2k1/pp3qpp/2n1pp2/1Rp5/2P4Q/2P3P1/P3PPBP/5RK1 b - -,f7e7 f1b1 d8d7 g2c6 b7c6 b5b8 a8b8 b1b8 d7d8 b8b1,65
6k1/1p3pp1/p7/7p/P4q2/8/1PPpK1PP/3R4 b - -,f4h2 e2f3 h2d6 b2b4 d6b4 f3e3 b4c3 e3e2 c3c2 d1d2,-815
8/4k3/4pb2/p2p1n1p/Pp1PpPpP/1P2P1P1/1B3K2/5N2 b - -,e7d7 f2g2 d7e8 g2f2 f6d8 b2c1 e8f7 f2g2 d8f6 c1b2,-27
8/8/8/4kpp1/8/4K1P1/5P2/8 b - -,,0
8/8/8/8/8/1r6/k5K1/2R5 b - -,,0
5rk1/5ppp/p1p1r3/1p1P4/2P3b1/1B3PP1/PP1qn2P/R3RQ1K b - -,b3b4 c1c6 a2b2 c6g6 b4b3 g6g7 b2c3 g2f3 c3c2 f3f4,Mate
r4rk1/pb1nqppp/1p2pn2/2ppN3/QbPP4/P4NP1/1P2PPBP/R1B2RK1 b - -,d5c4 a3b4 c5b4 c1d2 a7a5 e5c4 f8c8 f1c1 h7h6 a4d1,356
4r2k/1p2rb2/p1p1pq1p/P1NpR1p1/3P1PP1/2P1R2P/1P3QK1/8 b - -,h6h5 f4g5 f6f2 g2f2 h5h4 e3f3 e8b8 b2b4 b7b6 a5b6,404
rn3k2/4q3/2p3Q1/pp6/5P2/1P4P1/7P/R3R2K b - -,h6h5 f4g5 f6f2 g2f2 h5h4 e3f3 e8b8 b2b4 b7b6 a5b6,Mate
r1bq1rk1/pp3ppp/2pb1n2/4B3/1nBP4/2N5/PP2NPPP/2RQ1RK1 b - -,f6g4 e5d6 d8d6 e2g3 g4f6 f1e1 b4d5 c3e4 f6e4 g3e4,41
r3kbnr/pp2pp1p/2q3p1/2ppP3/3P2b1/2P2N2/PP1N1PPP/R1BQK2R b KQkq -,c5c4 e1h1 e7e6 f1e1 h7h6 d2f1 g4f5 f1e3 g8e7 b2b3,35
8/8/3kn1p1/4p2p/2KpP2P/5N2/6P1/8 b - -,e6f4 f3e1 d6e6 g2g3 f4e2 c4d3 e2g3 e1f3 g3f1 f3g5,-392
8/K7/6R1/7p/8/7k/8/8 b - -,,0
8/4k1P1/8/5K2/8/8/R7/6r1 b - -,,0
3r4/p5pk/1p3p2/4pP1p/8/P1RP3P/1P4P1/6K1 b - -,g7g6 f5g6 h7g6 g1f2 h5h4 f2e3 g6f5 c3c4 d8g8 e3f2,-13
5r1k/2p1qr1p/1p1p2pb/pP1Ppb2/P1P1N2P/R4P2/2B3P1/4QRK1 b - -,g6g5 h4g5 h6g5 g2g3 h7h5 f1f2 f5g6 g1h1 h5h4 e4g5,-70
r4r2/1p3pkp/2bp2p1/p3q3/3RP1P1/2N2P2/PP1Q2P1/5RK1 b - -,a8d8 c3d5 a5a4 a2a3 h7h6 f1d1 f8e8 d5b6 e5c5 d2b4,233
2b3k1/ppq2pp1/2pn2Np/4Q3/2BP4/1P5P/P4PP1/6K1 b - -,c7d8 g6e7 g8f8 e7c8 d6c8 e5b8 d8d7 c4e2 a7a6 a2a4,63
r4rk1/pb1nqppp/1p2pn2/b1ppN3/QPPP4/P4NP1/4PPBP/R1B2RK1 b - -,a8c8 b4a5 d5c4 a4c4 f8d8 a5b6 a7b6 e5d7 d8d7 c1b2,346
5rk1/2q4p/p2r4/1pb2B2/2n4P/2P2QP1/PP3P2/R2R2K1 b - -,g8h8 g1h1 c4e5 f3e4 d6f6 d1d5 f6f5 a1e1 c5f2 d5e5,-421
r1q2rk1/1ppb1p2/3p1p1p/p2Np3/4P2N/1P1PP2P/1PP3P1/R3Q1K1 b - -,c8d8 e1f2 g8h8 d5f6 f8g8 f6g8 d8g8 g1h1 h8h7 a1f1,180
rn1qkbnr/ppp2ppp/3p4/4p3/2P1PP2/8/PP1PN1PP/RNBQK2R b KQkq -,d8h4 g2g3 h4h3 b1c3 b8d7 d2d3 f7f5 e2g1 h3g2 d1h5,25
r1bq1r2/ppp2pk1/3p1pnp/3N4/3PP3/8/PPPQB1PP/R4RK1 b - -,c7c5 c2c3 c5d4 c3d4 c8e6 d5f6 a7a5 a2a4 d8b6 e2b5,471
8/8/3Q3R/5p2/2qp1kp1/2p5/2K5/8 b - -,f4f3 h6h5 f5f4 h5c5 c4a2 c2d3 a2d2 d3c4 c3c2 c4b5,-723
r4b1r/pp2nk2/3p2bP/2pPppB1/3qP2Q/6PB/PP3PK1/4RR2 b - -,f8h6 g5h6 h8h7 e1d1 d4e4 h4e4 f5e4 h3e6 f7f6 h6e3,-222
2r1r1k1/1b1qnpp1/pp1p1n1p/3Pp3/PP2P3/4BN1P/1PB2PP1/R2QR1K1 b - -,e7g6 e3b6 g6f4 a4a5 e8f8 c2b3 g7g6 g1h2 f6g4 h2h1,224
8/4p2k/1pQ4p/4Pp2/1q4r1/4P3/4R1P1/5K2 b - -,g4h4 f1g1 h4c4 c6f3 c4c1 g1h2 b4h4 f3h3 h4e4 h3g3,-233
r4rk1/pb1nqppp/1p2pn2/b1PpN3/Qp1P4/P4NP1/4PPBP/R1B2RK1 b - -,b6c5 a4a5 b4b3 e5d7 f6d7 a5b5 a8b8 b5b3 b7a6 b3e3,283
8/8/4k3/pK5R/P1N5/8/1P6/8 b - -,b6c5 a4a5 b4b3 e5d7 f6d7 a5b5 a8b8 b5b3 b7a6 b3e3,Mate
1k1r3N/pp4p1/1qp1p1p1/3n1pP1/8/3QP2P/PPP3B1/1K5R b - -,d5e3 d3c3 d8h8 c3e5 b8a8 g2f1 h8d8 f1d3 b6d4 e5d4,-191
rn2kbnr/ppp2ppp/3p4/4p3/2P1PP1q/6P1/PP1PN2P/RNBQK2R b KQkq -,h4h3 b1c3 b8d7 e2g1 h3g2 d1f3 g2f3 g1f3 e8a8 d2d3,28
8/p4kpp/1ppb4/8/P2PpP2/4K3/1PPB2PP/8 b - -,b6b5 a4b5 c6b5 e3e4 f7e6 g2g4 b5b4 b2b3 g7g6 h2h3,478
R7/5k2/5B2/1p2P2p/8/1bP3r1/1P6/4K3 b - -,,0
8/8/1K4R1/8/7p/7k/8/8 b - -,,0
8/7K/8/8/1QP5/8/6N1/2k5 b - -,h3h2 g6h6 h4h3 b6c5 h2g2 h6h3 g2h3 c5c6 h3g2 c6b7,Mate
B5k1/7p/3p4/2b1p3/7P/2P3PK/1P6/8 b - -,h7h6 b2b4 c5f2 c3c4 g8f7 a8e4 f7e6 b4b5 f2b6 h3g2,307
1rbq1rk1/3nppbp/3p1np1/1BpP2B1/P3P3/2N2N2/1P1Q1PPP/R3K2R b KQ -,d8b6 g5h6 c8a6 e1h1 a6b5 a4b5 b8a8 h6g7 g8g7 d2e2,152
3r4/p5p1/1p3p1k/4pP1p/7P/P1RP4/1P4P1/6K1 b - -,d8d4 g2g3 g7g5 f5g6 h6g6 g1f2 g6f5 f2e3 f5g4 c3c6,-14
8/5k2/7R/pK6/P1N5/8/1P6/8 b - -,d8d4 g2g3 g7g5 f5g6 h6g6 g1f2 g6f5 f2e3 f5g4 c3c6,Mate
r3r1k1/1p1n1pp1/p1pq1n1p/3p4/3P4/3BP1QP/PP2NPP1/2R2RK1 b - -,d6e6 g3c7 a8b8 c1c3 e6e7 e2c1 e8c8 c7a5 g7g6 b2b4,27
1r1q1rk1/5ppp/4pb2/3n4/1P1PQ3/3N4/3B1PPP/1RR3K1 b - -,d8d7 h2h3 h7h6 d3e5 f6e5 e4e5 b8b6 c1c5 f8b8 b1b3,52
2r4k/p5rp/6B1/3p1p2/RPpP1b2/2P2N2/5P1P/6RK b - -,h7g6 g1a1 g6g5 a4a7 c8e8 a7a5 g7d7 h1g2 h8g7 a5a7,79
2rq1rk1/4bppR/p2pb3/2n1p1P1/1p2P3/1N1BBPP1/PPPQ4/2KR4 b - -,c5d3 d2d3 g8h7 d1h1 h7g6 f3f4 d8d7 b3d2 f7f6 g5f6,-267
r1b1r1k1/ppq2pbp/3p1np1/1Np1n3/1PP5/2N1P2P/PBQ1BPP1/R3R1K1 b - -,c7c6 a1d1 c5b4 d1d6 c8f5 c2b3 c6c8 c3d5 f6e4 b3b4,211
1R6/5k2/5B2/1p2P2p/8/1bP5/1P4r1/4K3 b - -,,0
5r1k/2p1q2p/1p1p2pb/pP1Pp3/P1P1Br1P/R4PP1/8/4QRK1 b - -,f4f5 e4f5 g6f5 a3a2 h6g7 a2g2 e7f6 e1e2 f6h6 g1h1,135
4k3/7R/8/pK6/P1N5/8/1P6/8 b - -,f4f5 e4f5 g6f5 a3a2 h6g7 a2g2 e7f6 e1e2 f6h6 g1h1,Mate
r2qkb1r/7p/3p1p1n/3Pp1p1/ppBP4/4B3/PPPQ1PPP/3RR1K1 b kq -,h6g4 d4e5 f6e5 e3g5 f8e7 c4b5 e8f7 d2b4 h7h5 g5e7,410
8/5k2/4pb2/p2p1n1p/Pp1PpPpP/1P2P1P1/5K2/4BN2 b - -,f6d4 e3d4 f5d4 e1b4 a5b4 a4a5 d4c6 a5a6 d5d4 f2e2,-157
8/p2k1p1p/5pp1/1pPK4/1P2PP1P/P5P1/8/8 b - -,d7c7 c5c6 c7d8 d5d6 d8c8 c6c7 h7h6 d6e7 a7a5 e7f6,791
r1bq1rk1/ppp1bppp/5n2/8/1nBP1B2/2N5/PP2NPPP/2RQ1RK1 b - -,c8e6 c4e6 f7e6 f4e5 c7c6 d1b3 d8d7 e2f4 f6d5 c3d5,68
1r1r4/5pk1/4qnpp/p7/3P4/1P3P1P/P2Q2P1/2RR1N1K b - -,b8b4 d2e3 a5a4 e3e6 f7e6 c1c7 g7f8 c7c4 d8b8 f1d2,126
8/6p1/2k1bp2/pp1p1P1p/3K4/P3P1P1/1P2N2P/8 b - -,e6d7 e2f4 d7e8 b2b4 a5b4 a3b4 c6d6 f4d5 e8c6 d5f4,309
8/r4p2/3kp1p1/1R5p/4KP1P/6P1/8/8 b - -,a7a3 b5g5 d6e7 e4d4 e7f6 d4e4 f6g7 e4d4 f7f6 g5b5,-410
1k1r3r/pppqb1pp/2n1bp2/PP1p4/8/2PBBN2/2PQ1PPP/R4RK1 b - -,d5d4 b5c6 d4e3 d2e3 d7c6 f1e1 e6d5 f3d4 c6c3 d4b5,466
6k1/p4pp1/1q2p2p/1p1pP1P1/1PrP1P2/2r2N2/P1n1Q2P/3R2RK b - -,c2d4 f3d4 c4d4 d1f1 h6g5 g1g5 d4c4 f1g1 g7g6 f4f5,-251
r1br2k1/pp2bppp/2n2n2/q2p2P1/8/1PN2P2/PBPQ3P/1K1R1BNR b - -,d5d4 c3e4 a5d2 d1d2 f6e4 f3e4 e7g5 d2d3 g5e3 g1f3,-160
r2qkb1r/pp3ppp/2p2n2/2p1p3/4P1b1/3PBN2/PPPN1PPP/R2QK2R b KQkq -,g4h5 h2h3 f6d7 g2g4 h5g6 a2a4 f7f6 a4a5 g6f7 g4g5,39
rnbqk2r/p1pp2p1/1p2pn1p/5p2/1b1P1B1P/2N2P2/PPPQP1P1/2KR1BNR b kq -,d8e7 a2a3 b4c3 d2c3 b8c6 e2e4 f5e4 f3e4 f6e4 c3f3,32
1R6/5k2/5B2/1p2P2p/2b5/1PP5/6r1/4K3 b - -,,0
8/8/4pbk1/p2p1n1p/Pp1PpPpP/1P2P1P1/4K3/4BN2 b - -,g6f7 e2d2 f5e7 d2d1 f7e8 d1e2 e7c8 e2d1 f6d8 d1e2,-16
8/4p2k/1p5p/3QPp2/1q6/4P3/4RKP1/2r5 b - -,b4h4 g2g3 h4h2 d5g2 h2g2 f2g2 c1c5 g2f3 c5e5 f3f4,-260
8/8/6R1/8/8/4K2p/8/7k b - -,,0
3k4/7R/8/NK6/P7/8/1P6/8 b - -,h3h2 g6a6 h1g1 e3d4 h2h1q a6a1 g1g2 a1h1 g2h1 d4c4,Mate
3r4/p7/1p3pPk/4p2p/7P/P1RP4/1P4P1/6K1 b - -,h6g6 g1f2 d8d4 g2g3 g6f5 f2e3 f5g4 c3c6 g4g3 c6f6,-12
1r1q1rk1/5ppp/4pb2/3nN3/1P1PQ3/4B3/5PPP/1RR3K1 b - -,,0
2r5/4kppp/4p3/pp1p4/3P4/2P1P3/P2NKPPP/2R5 b - -,b5b4 c3c4 d5c4 c1c4 c8c4 d2c4 a5a4 e2d3 h7h5 c4d2,483
r1bq1rk1/ppp1bppp/2n2n2/8/2BP1B2/2N5/PP2NPPP/R2Q1RK1 b - -,c8f5 d4d5 c6a5 c4d3 f5d3 d1d3 e7d6 f1d1 d6f4 e2f4,42
8/6p1/2k2p2/pp1p1b1p/3K1N2/P3P1P1/1P5P/8 b - -,g7g6 f4d5 f5e6 d5f6 e6b3 e3e4 c6d6 f6d5 g6g5 d5f6,284
rn3k2/5q2/2pQ4/pp6/5P2/1P4P1/7P/R3R2K b - -,g7g6 f4d5 f5e6 d5f6 e6b3 e3e4 c6d6 f6d5 g6g5 d5f6,Mate
2kr1b1r/pp1q1p2/2n4p/1Q1pPbp1/P1p5/2P1PNP1/1P1N1PP1/R3KB1R b KQ -,a7a6 b5b6 h6h5 a1d1 g5g4 f3d4 c6d4 b6d4 d7c7 f1e2,-82
8/6N1/8/5k2/8/1B1K4/8/8 b - -,f5g6 g7e6 g6f6 d3e3 f6e5 e6f4 e5f5 b3c2 f5e5 c2e4,275
6k1/p4pp1/1q2p2p/1p1pP1P1/1PrN1P2/2r5/P3Q2P/3R2RK b - -,c4d4 d1f1 h6g5 g1g5 d4c4 f1g1 g7g6 f4f5 e6f5 e5e6,-268
2k5/1N5R/8/1K6/P7/8/1P6/8 b - -,c4d4 d1f1 h6g5 g1g5 d4c4 f1g1 g7g6 f4f5 e6f5 e5e6,Mate
1R6/p3rqk1/Q5p1/2p3Pp/3p1P2/P2P2P1/4PK2/8 b - -,e7c7 a6d6 g7h7 b8f8 f7g7 f8d8 g7f7 d6e5 f7g7 e5d5,424
1k1r3r/pppqb1pp/1P2bp2/P2pn3/8/2PBBN2/2PQ1PPP/R4RK1 b - -,a7a6 b6c7 d7c7 e3b6 e5f3 g2f3 c7c6 a1b1 d8d7 f1e1,128
8/8/8/8/5p2/5k2/5P2/6K1 b - -,,0
7k/5n2/6Rp/7P/4PP2/7K/1r4P1/8 b - -,b2c2 e4e5 h8h7 g6e6 c2c4 h3g3 h7g7 g3g4 f7d8 e6g6,170
8/8/2k1P1K1/8/8/3R4/7r/8 b - -,h2g2 g6f7 g2f2 f7e8 f2f5 d3d1 f5f3 e6e7 c6c7 d1d7,1271
8/7k/3R3p/2n1PK1P/1r3P2/8/6P1/8 b - -,h7g7 g2g4 b4a4 e5e6 a4b4 g4g5 h6g5 f4g5 b4b1 h5h6,200
8/4p2k/1p5p/3QPp2/7q/4P1P1/4RK2/2r5 b - -,h4h2 d5g2 h2g2 f2g2 c1c5 g2f3 c5e5 f3f4 e5c5 e2a2,-281
r1b1kb1r/pp1ppppp/2n2n2/2P5/8/2P2N2/P1P1PPPP/RNB1KB1R b KQkq -,f6e4 c1a3 e7e6 e2e3 e4c5 f3d4 b7b6 d4c6 d7c6 a3c5,-67
2rr2k1/p4ppp/1p1ppbb1/2p5/3P1B2/2P1PN1P/PP3PP1/R2R2K1 b - -,f6e7 f4g3 c5d4 e3d4 d8d7 a2a4 d7b7 f3d2 d6d5 d2f1,-68
rnbqk1nr/1pp2pb1/p2pp2p/6p1/3PP3/2NBBN2/PPP1QPPP/R3K2R b KQkq -,g5g4 f3d2 b8c6 d4d5 e6d5 e4d5 c6e5 h2h3 d8h4 g2g3,91
8/6p1/2k2p2/pp1N3p/3K2b1/P3P1P1/1P5P/8 b - -,c6d6 d5c3 d6c6 b2b4 a5b4 a3b4 g4d7 c3b1 c6d6 b1d2,20
r2r4/5p1k/p1pq3p/1p2pP1Q/1P1pP3/R1PP4/1P4PP/5RK1 b - -,d6e7 f1f3 d4c3 b2c3 c6c5 f5f6 e7e6 b4c5 d8g8 f3f5,196
r3k2r/pp2ppbp/2q3pn/2ppP3/3P2b1/2P2N1P/PP1N1PP1/R1BQ1RK1 b kq -,g4d7 d4c5 c6c5 d2b3 c5c4 c1g5 f7f6 e5f6 e7f6 f1e1,122
8/1R3k2/5B2/4P2p/2b5/2P5/6r1/4K3 b - -,,0
2rq1rk1/3nbpp1/p2pb2p/4p1P1/1p2PP2/1N1BB1P1/PPPQ4/2KR3R b - -,d7c5 g5h6 c5d3 d2d3 g7g6 f4f5 e6c4 d3d2 g8h7 g3g4,71
8/p4p1p/k2p4/3P3P/1K6/8/P4P2/8 b - -,,0
rn4k1/4Rq2/2pQ4/pp6/5P2/1P4P1/7P/R6K b - -,f7d5 d6d5 c6d5 e7e8 g8f7 e8d8 b5b4 d8d5 b8c6 g3g4,Mate
8/8/1R6/4k2P/1p2P3/1r6/6PK/8 b - -,b3d3 h5h6 d3d7 h2g3 d7h7 g3g4 e5d4 g4h5 d4c5 b6b8,679
8/4p2k/1p5p/4Pp2/8/4P1P1/4RKQq/2r5 b - -,h2g2 f2g2 c1c5 e5e6 b6b5 e2a2 h7g7 a2a6 b5b4 a6b6,-302
r4b1r/5k1p/3p4/q2PpnQ1/ppB1R3/3P4/PPP2PPP/R5K1 b - -,f5e7 d3d4 e7g6 d4e5 a5d8 e5e6 f7g7 g5d8 a8d8 c4b5,203
r2q1rk1/1ppb1p2/3p1p1p/p2Np3/4P2N/1P1PP1QP/1PP3P1/R5K1 b - -,,0
r1bqr1k1/pp2bppp/2n1pn2/3pN3/3P4/2PB4/PP1NQPPP/R1B2RK1 b - -,c8d7 f2f4 a7a5 f1f3 a5a4 f3h3 e8f8 d2f3 f6e4 f3g5,102
r1bq1rk1/ppp1bppp/5n2/3P4/1nB2B2/2N5/PP2NPPP/R2Q1RK1 b - -,c8g4 a2a3 b4a6 f2f3 g4f5 e2d4 f5g6 d1d2 a6c5 b2b4,85
1rb2rk1/4qpbp/n4np1/p7/1P1P4/1QN2B2/1P2NPPP/R1B1K2R b KQ -,c8e6 b3d1 a5b4 a1a6 b4c3 b2c3 e6b3 d1d2 b3c4 a6a1,69
8/8/4kB2/4P2p/1Rb5/2P5/6r1/4K3 b - -,,0
rnb1kb1r/ppp1qppp/5n2/4N3/4pP2/2N3P1/PPPPQ2P/R1B1KB1R b KQkq -,b8d7 f1g2 d7e5 f4e5 e7e5 c3e4 f6e4 g2e4 f8d6 d2d4,23
r1b1k2r/1p3p2/p2bpP1p/2qNn3/8/1N6/P1PQ2BP/4RR1K b kq -,c5a3 d5b6 h8g8 e1e5 g8g2 d2g2 d6e5 b6c4 c8d7 c4a3,429
r1br2k1/pp2bppp/2n2n2/qN4P1/3p4/1P3P2/PBPQ3P/1K1R1BNR b - -,e7b4 d2c1 f6d5 b5d4 c6d4 d1d4 c8f5 f1h3 b4a3 c1d2,-210
2rq1rk1/3nbpp1/p2p3p/4p1P1/1p2PPb1/1N1BB1P1/PPPQ4/2K2R1R b - -,a6a5 h1h4 a5a4 h4g4 a4b3 c1b1 d8a5 c2b3 c8a8 a2a4,119
6k1/p4pp1/1q2p2P/1p1pP3/1P1r1P2/2r5/P3Q2P/3R2RK b - -,d4d1 g1d1 g7g6 f4f5 b6e3 e2e3 c3e3 f5e6 f7e6 d1a1,-302
8/Q3n1k1/5ppp/1B6/1q1p4/1P5P/P4PP1/6K1 b - -,f6f5 a2a4 g7f6 a7d7 f5f4 d7d8 f6e5 d8f8 g6g5 f8g7,334
2rq1rk1/pb2bppp/1p2p3/n2NN3/3P4/P2BB3/1P2QPPP/3RR1K1 b - -,e6d5 e2g4 c8c7 g4h3 g7g6 e3h6 e7d6 h6f8 d6f8 h3f3,367
r2r4/pb3kpp/2pB1p2/2Ppn3/7P/6R1/PP3PP1/2K1RB2 b - -,f7g8 f2f4 e5f7 e1e7 b7c8 f1d3 h7h5 d3g6 f7h6 g6h7,530
8/p5pp/1ppbk3/5P2/P2PK3/8/1PPB2PP/8 b - -,e6d7 h2h3 a7a6 d4d5 d6e7 d2c3 e7f6 d5c6 d7c6 c3d4,483
8/4p2k/1p5p/4Pp2/8/4P1P1/4R1K1/2r5 b - -,c1c5 e5e6 b6b5 e2a2 h7g7 a2a6 b5b4 a6b6 c5c4 g2f3,-308
8/1kp5/2b5/8/7p/1Q5P/5rPK/8 b - -,,0
r1bq1rk1/ppp2ppp/3b1n2/3P4/1nB2B2/P1N5/1P2NPPP/R2Q1RK1 b - -,c7c5 f4d6 d8d6 a3b4 c5b4 c3b5 d6b6 d1d4 c8d7 b5a7,359
5R2/p1r2q1k/3Q2p1/2p3Pp/3p1P2/P2P2P1/4PK2/8 b - -,f7g7 f8d8 a7a6 a3a4 g7f7 d6e5 f7g7 e5d5 g7f7 d5f7,485
rn1Q1rk1/pp3ppp/2p1p3/8/4N3/8/PqP2PPP/3R1RK1 b - -,b2c2 d8h4 c2b2 h2h3 c6c5 e4c5 b8c6 d1b1 b2a2 c5b7,-165
rn1qkb1r/pb3ppp/4pn2/1ppp4/8/3P1NP1/PPPNPPBP/R1B1QRK1 b kq -,f8e7 e2e4 b8c6 e4d5 f6d5 d2b3 e8h8 e1e2 a7a5 a2a4,-30
4b1k1/p6p/3P1pp1/8/1rR5/5B1P/5PP1/6K1 b - -,b4b6 c4c8 g8f7 f3d5 f7g7 c8e8 b6d6 e8g8 g7h6 d5f3,366
r1bqk2r/p4Bpp/2np1b2/2p1p3/4P3/2N2P2/PPPQ2PP/R3K1NR b KQkq -,e8f7 d2d5 c8e6 d5c6 a8b8 a1b1 d8a5 g1e2 h8c8 c6a4,3
r4b1r/4nk1p/3p4/q2Pp1Q1/ppB2R2/3P4/PPP2PPP/R5K1 b - -,e5f4 h2h4 a5d8 g5f4 f7g8 h4h5 e7g6 h5g6 h7g6 a1e1,-396
r2qkbnr/ppn1pppp/2p5/3p4/3P4/5PP1/PPPN1PBP/R1BQ1RK1 b kq -,g7g6 c2c3 e7e6 a2a4 a7a5 f1e1 g8e7 d1b3 a8b8 g2f1,55
2rr2k1/p4ppp/1p1ppbb1/2p5/2NP1B2/2P1P2P/PP3PP1/R2R2K1 b - -,c5d4 c4d6 d4c3 d6c8 c3b2 d1d8 f6d8 a1e1 b2b1q e1b1,-126
8/8/8/8/8/8/kr6/2R2K2 b - -,,0
r1bq1rk1/ppp2ppp/B2b1n2/3P4/5B2/P1N5/1P2NPPP/R2Q1RK1 b - -,f8e8 a6b5 d6f4 e2f4 d8d6 f4h5 f6h5 d1h5 e8e5 h5f3,448
rn1qkb1r/3b1ppp/2pP1B2/1p2p3/p3N3/1B3Q2/PPP3PP/2KR2NR b kq -,g7f6 e4f6 d8f6 f3f6 a4b3 f6e5 d7e6 c2b3 h8g8 c1b1,503
3r2k1/4nppp/4pb2/8/3PQ1P1/4B3/5P1P/6K1 b - -,,0
8/8/4p1k1/p2p3p/np1KpPpP/1N4P1/8/4B3 b - -,a4b2 b3a5 b2d3 e1d2 g6f7 a5b3 f7g7 b3c1 d3c1 d2c1,187
r3k1nr/2pq1ppp/p1Bp4/1p6/Qb1PP1b1/4BN2/PP3PPP/RN3K1R b kq -,e8e7 c6d7 b5a4 d7g4 g8f6 e3g5 h7h6 g5f6 e7f6 g4d7,701
8/8/8/8/5p2/5K2/5P2/4k3 b - -,e1f1 f3f4 f1f2 f4e4 f2g2 e4d5 g2g3 d5c5 g3g4 c5d6,Mate
8/4K3/7Q/1p1q4/1P6/Pk6/8/8 b - -,b3a3 h6f4 a3b3 e7f6 d5c4 f4d6 c4b4 d6d1 b3a2 f6g7,-40
2rq1rk1/p3bppp/1p2p3/n2bN2Q/3P4/P2BB3/1P3PPP/3RR1K1 b - -,g7g6 h5g4 e7f6 e3h6 f6g7 g4f4 a5c6 h6g7 g8g7 d3a6,17
r6r/pp2nk2/3p2bB/2pPpp2/3qP2Q/6PB/PP3PK1/4RR2 b - -,h8h7 e1d1 d4e4 h4e4 f5e4 h3e6 f7f6 h6e3 g6f5 e6f5,-229
3r4/1p4k1/2p1b3/q1b1Pp1p/p4Pp1/P1RN2PP/1r4B1/4QR1K b - -,c5d4 d3b2 d4c3 e1b1 g4h3 g2f3 a5b5 b2a4 b5a4 h1h2,-367
r1bqk2r/1ppp1ppp/p4n2/2b1p3/2BNP3/2NP1Q2/PPP2PPP/R1B1K2R b KQkq -,e8h8 d4f5 c7c6 c1g5 d7d5 c4b3 c8f5 f3f5 c5e7 e1h1,485
8/p2k1p2/5ppp/1pPK4/1P2PPPP/P7/8/8 b - -,d7e7 c5c6 f6f5 e4f5 g6f5 g4f5 e7f6 c6c7 f6f5 c7c8q,1014
r2q3r/p4kpp/2Qpbb2/2p1p3/4P3/2N2P2/PPP3PP/R3K1NR b KQ -,a8b8 a1b1 d8a5 g1e2 h8c8 c6a4 a5a4 c3a4 e6a2 b1a1,5
4b1k1/p6p/3P1pp1/3B4/2r5/7P/5PP1/6K1 b - -,e8f7 d5c4 g8f8 d6d7 f8e7 c4f7 e7d7 g1f1 d7e7 f7b3,325
6k1/p4pp1/1q2p2P/1p1pP3/1P3P2/2r5/P6P/3Q2RK b - -,g7g6 g1g3 b6c6 g3c3 c6c3 f4f5 c3e5 f5e6 e5e6 a2a4,-329
r1bq3r/p4kpp/2np1b2/2pQp3/4P3/2N2P2/PPP3PP/R3K1NR b KQ -,c8e6 d5c6 a8b8 a1b1 d8a5 g1e2 h8c8 c6a4 a5a4 c3a4,1
r2q1rk1/1ppb1p2/3p1p1p/p2Np3/4P2N/1P1PP2P/1PP2QP1/R5K1 b - -,g8h8 d5f6 f8g8 f6g8 d8g8 a1f1 d7e6 h4f5 g8g5 f2e2,164
r2qkbnr/1bp2ppp/1pn1p3/p2pP3/P2P4/2PB1N2/1P3PPP/RNBQK2R b KQkq -,b7a6 d3a6 a8a6 b1d2 d8d7 h2h4 a6a8 h4h5 e8d8 d2f1,75
r2qkb1r/pp2pppp/2p2n2/8/2P1P1b1/4BN2/PPP2PPP/RN1QK2R b KQkq -,d8d1 e1d1 f6e4 h2h3 g4e6 b1d2 e4d6 b2b3 f7f6 a2a4,-33
1k1r3r/1p1qb1pp/BP2bp2/3pn3/8/2P1BN2/2PQ1PPP/R4RK1 b - -,d5d4 e3f4 b7a6 a1a6 e6d5 c3c4 d5c4 a6a7 d7d5 f1a1,272
1rb2rk1/4qpbp/n4np1/3N4/1p1P4/1Q3B2/1P2NPPP/R1B1K2R b KQ -,e7e8 c1f4 f6d5 f4b8 a6b8 b3d5 c8a6 h2h4 h7h5 a1d1,190
2rq1rk1/p3bp1p/1p2p1N1/n2b3Q/3P4/P2BB3/1P3PPP/3RR1K1 b - -,f7f5 g6f8 e7f8 e3f4 f8g7 e1e3 d8e8 h5e8 c8e8 e3g3,716
N1b2r2/p2n1pkp/4pqp1/2pp4/B2n4/8/PP1QNPPP/R3K2R b - -,d4e2 d2e2 f6f4 a4d7 c8d7 e2e3 f4d6 f2f4 f8a8 a1c1,-96
rn1qk2r/pbpp1ppp/1p2pb2/8/3P4/2P2NP1/PP1NPP1P/R2QKB1R b KQkq -,c7c5 e2e3 d7d5 f1d3 d8c7 e1h1 e8h8 h2h4 g7g6 d1e2,-41
r1bqk2r/p3bppp/2np1B2/2p1p3/2B1P3/2N2P2/PPPQ2PP/R3K1NR b KQkq -,e7f6 d2d5 d8d7 e1a1 a7a6 d5d6 d7d6 d1d6 c6a5 c4f1,158
4r1bk/1p2r3/p1p1pq1p/P2pR1p1/3P2PP/2PNRP2/1P4K1/4Q3 b - -,e7g7 d3c5 g7h7 e1f2 e8e7 c5d3 g5h4 e5h5 g8f7 h5h4,252
8/2p5/k1b5/8/2Q4p/7P/5rPK/8 b - -,a6b7 h2g1 f2g2 g1f1 g2g6 c4h4 c6g2 f1f2 g2h3 h4h3,18
r1b1kb1r/pp3ppp/2n2n2/2qpp3/8/3Q1NP1/PPPBPPBP/RN3RK1 b kq -,e5e4 d3e3 c5e3 d2e3 e4f3 g2f3 c8g4 b1d2 g4f3 d2f3,-371
8/p2k1p2/5p1p/1pPK2P1/1P2PPP1/P7/8/8 b - -,h6g5 f4g5 d7e7 c5c6 a7a6 d5c5 f6g5 c5d5 f7f6 d5c5,Mate
Q4rk1/7p/3p1q2/4p3/1Q5P/2P1b1PK/1P4B1/8 b - -,e3h6 a8d5 f8f7 b4d6 f6f5 g3g4 f5f4 d6e5 f4f2 e5f5,750
1k1r3r/3qb1pp/RP2bp2/3pn3/8/2P1BN2/2PQ1PPP/5RK1 b - -,d7b7 a6a7 e5f3 g2f3 b7c6 a7e7 d8d7 e7d7 e6d7 f1a1,415
r4k2/5ppp/5q2/1Np5/1p4bP/p1P3P1/PP1RNP2/2K4R b - -,a3b2 c1b2 f6c6 h1e1 c6b5 b2a1 g4e2 d2e2 b5c4 g3g4,-900
5k2/8/7p/4PK1P/1r2nPP1/3R4/8/8 b - -,f8g7 g4g5 e4c5 d3d5 b4c4 g5g6 c4c2 e5e6 c2h2 e6e7,227
r1bq1rk1/p1p1npbp/1p2pnp1/3pN3/2PP4/2N3P1/PPQ1PPBP/R1BR2K1 b - -,c7c6 e2e4 c8a6 c2b3 a6b7 a2a4 f6e4 c3e4 d5e4 g2e4,78
r2qk2r/pppn1ppp/3b1n2/3Pp3/8/2NP1N2/PPP2PPP/R1BQK2R b KQkq -,d6b4 e1h1 b4c3 b2c3 f6d5 c3c4 d5e7 c1a3 c7c5 f1e1,90
r4b1r/4nk1p/3p4/q2P4/ppB2Q2/3P4/PPP2PPP/R5K1 b - -,f7g7 f4d4 g7g8 a1e1 e7f5 d4f4 f5g7 e1e6 a5c7 h2h4,-417
r1b2rk1/pp4pp/2p5/3pP3/2P1n3/1P1KP3/P1Q1Nbp1/R1B5 b - -,c8f5 c2d1 e4g3 d3d2 g3e2 c1a3 g2g1q d1g1 e2g1 a3f8,-927
r2qr1k1/pb1pnp2/1pn1p1pp/2p5/4PP2/1BPPBN2/P1P3PP/R3QRK1 b - -,f7f5 e1g3 e8f8 g3h3 g8g7 a1e1 e7g8 g2g4 c6e7 e3c1,127
5r1k/2p1qr1p/1p1p2pb/pP1Pp3/P1P1B2P/R4PP1/5K2/4QR2 b - -,h8g8 f1h1 g6g5 e1e3 e7f6 h4g5 h6g5 e3d3 h7h6 h1h5,18
Q7/1k3p2/3p3p/1K1Pp1p1/4P1P1/8/5P1P/8 b - -,b7a8 b5c6 a8a7 c6d6 a7b6 d6e5 b6c5 e5f6 c5d4 d5d6,Mate
rnbq1rk1/pp3ppp/4pn2/2b5/2B5/2N1PN2/PPQ2PPP/R1B2RK1 b - -,c8d7 e3e4 d7c6 e4e5 c6f3 e5f6 d8d4 c3e2 f3e2 c4e2,57
8/6b1/3Q2pk/5Prp/1p3R2/1BqP3P/2P3PK/r4R2 b - -,a1f1 f4f1 g7e5 d6e5 c3e5 h2h1 g5f5 f1d1 f5f2 d1g1,-822
4r1k1/5ppp/q3b3/8/8/6P1/5P1P/5RK1 b - -,c3e5 d6e5 g7e5 f1a1 e5f4 h2g1 f4e3 g1h1 g5f5 a1e1,Mate
8/8/8/4k2P/1R2P1K1/8/6P1/7r b - -,e5f6 b4b6 f6f7 h5h6 h1g1 g2g3 f7f8 g4f4 f8g8 g3g4,834
r1bq1rk1/2p2ppp/2p5/p1b5/2Pp4/1P3NP1/PB2PP1P/R2Q1RK1 b - -,c8h3 f1e1 c5b4 d1d4 d8d4 f3d4 b4e1 a1e1 a5a4 d4c6,-150
8/8/8/8/8/1k6/1r6/R4K2 b - -,,0
r3kbnr/1bqp1ppp/p1n1p3/1p6/2pPP3/2P1BN2/PPB2PPP/RN1QR1K1 b kq -,c6a7 b1d2 g8f6 a2a4 a7c8 e4e5 f6d5 f3g5 f8e7 d1h5,140
8/5p2/5K1p/2kP2p1/4P1P1/8/5P1P/8 b - -,c5b6 f6f7 b6c5 d5d6 c5d6 f7f6 d6c6 e4e5 c6d7 f6f7,1002
r1b1k2r/p2q1ppp/2np1b2/2pQp3/2B1P3/2N2P2/PPP3PP/2KR2NR b kq -,a7a6 d5d6 d7d6 d1d6 c6a5 c4f1 f6g5 c1b1 g5e7 d6d1,158
8/4pp2/8/p3PP1k/ppP5/8/8/1K6 b - -,e7e6 c4c5 h5g5 f5f6 g5f4 c5c6 a4a3 c6c7 f4e5 c7c8q,512
N1b2r2/p2n1pkp/4pqp1/2pp4/B7/8/PP2QPPP/R3K2R b - -,f6f4 a4d7 c8d7 e2e3 f4d6 f2f4 f8a8 a1c1 a8c8 e3e5,-90
r3k2r/pp2ppbp/2q3pn/2ppP3/3P4/2P2N1P/PP3PP1/R1BQ1RK1 b kq -,c5c4 d1e2 e8h8 g2g4 a7a5 g1g2 a5a4 f3h2 f7f5 a2a3,85
8/8/8/8/5K2/8/5P2/5k2 b - -,f1f2 f4e4 f2g2 e4d5 g2g3 d5c5 g3f3 c5b5 f3e3 b5c6,Mate
1k1r3N/pp4p1/2p1p1p1/5pP1/8/3PP2P/Pq2n1B1/4K2R b - -,f1f2 f4e4 f2g2 e4d5 g2g3 d5c5 g3f3 c5b5 f3e3 b5c6,Mate
8/8/6R1/8/3K4/7p/7k/8 b - -,,0
1r6/4kp1p/4p1p1/8/1p5P/1R4P1/1P3PK1/8 b - -,e6e5 b3e3 e7e6 f2f4 b8b5 g2f3 f7f5 f4e5 b5d5 e3e2,-145
r2q1rk1/2p2ppp/2p5/p1b5/2Pp4/1P3NPb/PB2PP1P/R2QR1K1 b - -,c5b4 d1d4 d8d4 f3d4 b4e1 a1e1 a5a4 d4c6 a4b3 a2b3,-146
8/5k2/4p3/4P2p/3pp1pP/6P1/1K1B4/8 b - -,e4e3 d2b4 d4d3 b2c3 d3d2 c3c2 f7g6 b4c5 g6f5 c5e3,479
8/4P3/6Kp/6p1/6P1/7P/5k2/8 b - -,e4e3 d2b4 d4d3 b2c3 d3d2 c3c2 f7g6 b4c5 g6f5 c5e3,Mate
B5k1/7p/3p1q2/4p3/1Q5P/2P1b1PK/1P6/8 b - -,f6f5 h3h2 f5c2 a8g2 e5e4 b4b7 h7h6 h2h3 c2d3 g2e4,248
rr4k1/1pQnqpp1/p1p2n1p/3p4/3P4/3BP1NP/PP3PP1/2R2RK1 b - -,h6h5 g3f5 e7e6 c1e1 g7g6 c7g3 g8h8 e3e4 f6e4 d3e4,67
1rb2rk1/4qpbp/n5p1/3Q4/1p1P4/5B2/1P2NPPP/R1B1K2R b KQ -,f8d8 d5g5 g7f6 g5e3 b4b3 e3e7 f6e7 e1h1 a6b4 c1f4,53
rn1qkb1r/1p1bpppp/2p2n2/pP1p4/P7/2N2N2/1BPPPPPP/R2QKB1R b KQkq -,d7g4 e2e3 b8d7 h2h3 g4f3 d1f3 e7e5 f3d1 f8c5 g2g3,-35
8/4k1KP/8/6N1/8/8/8/8 b - -,d7g4 e2e3 b8d7 h2h3 g4f3 d1f3 e7e5 f3d1 f8c5 g2g3,Mate
rnb2rk1/p4ppp/2p1p3/q7/PbpP4/2N2NP1/1P1QPPBP/R3K2R b KQ -,b8d7 e1h1 c8a6 f1d1 h7h6 d2c2 f8c8 a1c1 a8b8 e2e3,3
8/2Q3k1/4ppp1/3q4/5P2/4P3/5K2/2R5 b - -,b8d7 e1h1 c8a6 f1d1 h7h6 d2c2 f8c8 a1c1 a8b8 e2e3,Mate
r2qkbnr/pb1n1ppp/2p1p3/8/Pp1P4/1Q3NP1/4PPBP/RNBR2K1 b kq -,g8f6 f3e5 a7a5 b1d2 f8e7 g2c6 b7c6 e5c6 d8b6 c6e7,-20
8/5k2/4p3/4P2p/3p2pP/4p1P1/1K6/4B3 b - -,,0
r4rk1/pp2ppbp/2q3pn/2ppP3/3P4/2P2N1P/PP3PP1/R1BQR1K1 b - -,b7b6 a2a4 c5c4 g2g4 f7f5 g4g5 h6f7 h3h4 f5f4 c1f4,110
1q1r4/1r3pk1/3P1npp/2R5/1P6/p1Q1NP1P/P5P1/3R3K b - -,d8d6 d1d6 b8d6 c5c6 d6d8 e3d5 b7d7 d5f6 d7d1 h1h2,525
8/4kp2/8/8/4n3/8/5P2/1K2R3 b - -,d8d6 d1d6 b8d6 c5c6 d6d8 e3d5 b7d7 d5f6 d7d1 h1h2,Mate
6nk/6bP/6K1/8/8/8/8/8 b - -,g8e7 g6f7 e7c6 f7e6 c6a5 e6d6 g7d4 d6d5 d4b6 d5d6,-233
1r1q2k1/pbp2rpp/1p3n2/8/2Q2P2/P3PN2/1P4PP/R1B2RK1 b - -,b6b5 c4e2 b7f3 e2f3 f7e7 f1e1 d8d3 e3e4 d3d4 c1e3,92
rn1q1rk1/pbpp1ppp/1p2pb2/8/3PP3/2P2NP1/PP1N1P1P/R2QKB1R b KQ -,c7c5 f1g2 c5d4 f3d4 d7d5 e1h1 f6d4 c3d4 d5e4 d2e4,-70
r1bqk2r/pp1nbppp/2pp1n2/3Pp1B1/4P3/2N3P1/PPP2PBP/R2QK1NR b KQkq -,e8h8 g1e2 c6d5 e4d5 d7c5 g5e3 d8b6 e1h1 f6g4 e3c1,-41
5r1k/2pq1r1p/1p1p2pb/pP1Pp3/P1P1B2P/R4PP1/5K2/4Q2R b - -,d7e7 a3a2 g6g5 h4g5 h6g5 e1c3 f7g7 f2e1 e7f6 c3d3,30
rn1Q2k1/5q2/2p5/pp6/5P2/1P4P1/7P/R3R2K b - -,d7e7 a3a2 g6g5 h4g5 h6g5 e1c3 f7g7 f2e1 e7f6 c3d3,Mate
rn1qkb1r/1b3ppp/p3p3/1p2N1P1/3pP3/2PQ4/P3BP1P/R1B1K2R b KQkq -,b8d7 e5d7 d8d7 c3d4 f8b4 e1f1 a8c8 c1b2 e8h8 h2h4,-94
8/4P3/8/6K1/6P1/3k3P/8/8 b - -,f8d6 c3d4 e8h8 f2f3 b8d7 e5d7 d8d7 c1e3 b5b4 a1c1,Mate
r1bq1rk1/pp3ppp/2pb1n2/8/1nBP1N2/2N3B1/PP3PPP/2RQ1RK1 b - -,f6d5 f4d5 c6d5 c4b3 c8e6 d1f3 d8d7 f1e1 a8d8 b3a4,37
r4k2/5ppp/5q2/1Np5/1p4bP/2P3P1/PR2NP2/2K4R b - -,f6f2 c1b1 g4e2 c3c4 f2e3 b1a1 e2c4 b5c7 a8a2 b2a2,-1088
2r5/6pp/2k1pp2/pp1p4/3PP3/2PK4/P2N1PPP/1R6 b - -,h7h5 e4d5 e6d5 d2f3 g7g5 g2g3 c8f8 d3d2 h5h4 f3e1,489
rn2k2r/pb2ppbp/6p1/1p6/3QBP2/6P1/PPP4P/RNB2RK1 b - -,b7e4 d4e4 e8f8 e4a8 g7d4 g1g2 f8g7 a8d5 d4f6 b1d2,1052
2rq1rk1/p3b3/1p2p1Q1/n2b4/3P4/P3B3/1P3PPP/3RR1K1 b - -,,0
rn1QRqk1/8/2p5/pp6/5P2/1P4P1/7P/R6K b - -,g8h8 g6h5 h8g8 h5g4 g8h7 g4h5 h7g8,Mate
rnbqkb1r/ppp2p1p/3p1n2/6p1/2B1Pp2/2N2N1P/PPPP2P1/R1BQK2R b KQkq -,h7h6 d2d4 b8c6 h3h4 g5g4 f3g1 f6h5 g1e2 f4f3 g2f3,-81
r3k2r/p1qb1ppp/3bpn2/1ppp4/5P2/1P1PP3/PBP1B1PP/RN1Q1RK1 b kq -,e6e5 c2c4 d5d4 b1d2 d4e3 f4e5 d6e5 b2e5 c7e5 d2e4,-74
r1bqk2r/p2nb1pp/2n1p3/3PPp2/p1p5/2P1BN2/2B2PPP/RN1QR1K1 b kq -,e6d5 c2a4 c8b7 d1d5 d8c8 b1d2 c6d8 d5c4 c8c4 d2c4,405
r3kb2/4n1rp/3p4/q2P4/ppBPQ3/8/PPP2PPP/4R1K1 b - -,e8d8 g2g3 a8c8 e4f3 d8c7 c4d3 c8d8 c2c4 e7c8 e1e6,-442
8/8/2Q5/8/1k4P1/4K2P/8/8 b - -,e8d8 g2g3 a8c8 e4f3 d8c7 c4d3 c8d8 c2c4 e7c8 e1e6,Mate
8/5k2/4p3/4P2p/6pP/2Kpp1P1/8/4B3 b - -,d3d2 e1d2 e3d2 c3d2 f7e8 d2e3 e8f7 e3d3 f7g6 d3c4,760
r1bqr1k1/pp1nbppp/2n1p3/3pN2Q/3P4/2PB4/PP1N1PPP/R1B2RK1 b - -,f7f5 e5d7 c8d7 d2f3 e7f6 h5h3 g7g6 d3b5 e6e5 b5c6,Mate
8/8/3k4/4p2p/1K1pP1pP/6P1/3N1n2/8 b - -,f2d3 b4b5 d3c1 b5c4 c1e2 d2f1 e2c3 f1d2 d6c6 c4b4,-516
r1bqr1k1/p2nbpp1/2p2n1p/1p1p4/3P2PB/2NBPN2/PPQ2P1P/2KR3R b - -,b5b4 c3a4 f6e4 h4e7 d8e7 h1g1 a8b8 c1b1 e7f6 c2e2,-49
r2q1r2/1ppb1pk1/3p1p1p/p2Np3/4P2N/1P1PP2P/1PP2QP1/5RK1 b - -,f6f5 h4f5 d7f5 e4f5 g7h7 f5f6 d8d7 d5e7 f8g8 f2f3,181
rn2kb1r/1p1bpppp/1qp2n2/pP1p4/P7/2N1PN2/1BPP1PPP/R2QKB1R b KQkq -,d7f5 c3e2 b8d7 b5c6 b7c6 b2f6 g7f6 e2g3 f5g6 c2c4,21
r2qr1k1/pb1pnpb1/1pn1p3/2p3N1/4P3/1BNPB3/PPP3PP/R3QRK1 b - -,e7g6 g5f7 d8h4 f7d6 e8b8 d6f5 h4h5 e1d1 h5d1 a1d1,380
8/8/8/8/2k5/8/1r6/2R2K2 b - -,,0
5k1Q/p4p2/1q2p1p1/1p1pP3/1n1P1P2/5N2/r1r4P/3R2RK b - -,,0
r1bqkbnr/pppp1ppp/2n5/4P3/5P2/P1N5/1PP3PP/R1BQKBNR b KQkq -,f8e7 g1f3 d7d6 f1b5 g8h6 c1e3 d6e5 d1d8 e7d8 f4e5,91
8/2k2Q2/8/1B3K2/8/8/8/8 b - -,f8e7 g1f3 d7d6 f1b5 g8h6 c1e3 d6e5 d1d8 e7d8 f4e5,Mate
r2qr1k1/pb1pnpb1/1pn1p2p/2p3P1/4P3/1BNPBN2/PPP3PP/R3QRK1 b - -,h6h5 e1h4 e7g6 h4h5 a7a5 a2a4 c6e7 a1d1 d7d5 e3c1,358
8/p2k1p2/5p2/1pPK1Pp1/1P2P1P1/P7/8/8 b - -,h6h5 e1h4 e7g6 h4h5 a7a5 a2a4 c6e7 a1d1 d7d5 e3c1,Mate
rn1Q4/4Rqk1/2p5/pp6/5P2/1P4P1/7P/R6K b - -,h6h5 e1h4 e7g6 h4h5 a7a5 a2a4 c6e7 a1d1 d7d5 e3c1,Mate
r2qk1nr/1bpnppb1/3p2pp/p7/1p1PP1PP/4BP1N/PPPQN3/2KR1B1R b kq -,e7e5 h4h5 g6g5 d4d5 b7a6 e2g3 a6f1 d1f1 g8e7 c1b1,119
rn2k2r/pb2pp1p/6p1/1p6/3bBP2/6P1/PPP3KP/RNB2R2 b - -,b7e4 g2h3 e4c2 b1a3 c2f5 g3g4 f5d7 f1d1 d4b6 d1d7,-565
8/1kp5/2b5/8/2Q4p/7P/5rP1/6K1 b - -,f2g2 g1f1 g2h2 c4b4 b7a7 b4h4 c6g2 f1g1 h2h3 h4a4,21
1rb2rk1/3nppbp/3p1np1/qBpP2B1/P3P3/2N2N2/1P1Q1PPP/R4RK1 b - -,c8a6 d2c2 f8c8 h2h3 a6b5 c3b5 a5a6 f1e1 b8b7 g5d2,156
8/3R1nk1/4K2p/r3P2P/5PP1/8/8/8 b - -,g7h7 e6f7 a5a2 f7f6 h7g8 e5e6 a2a3 f4f5 a3c3 d7d8,9605
r4rk1/pp3pbp/2q1p1pn/2ppP1B1/3P4/2P2N1P/PP3PP1/R2QR1K1 b - -,f8e8 d1d2 h6f5 g2g4 f5e7 g1g2 c5d4 c3d4 a8c8 h3h4,132
r2qkb1r/pb1n1ppp/2p1pn2/8/Pp1P4/1Q3NP1/1B2PPBP/RN1R2K1 b kq -,c6c5 d4c5 f8c5 f3e5 b7g2 e5d7 f6d7 g1g2 e8h8 b3f3,-38
r4rk1/ppp2ppp/2nq4/2bnpbB1/2B4N/3P4/PPPN1PPP/R2QR1K1 b - -,d5e7 h4f5 e7f5 d2e4 d6g6 h2h4 h7h6 h4h5 g6h7 e4c5,177
rnbr2k1/p4ppp/2p1p3/q3N3/PbpP4/2N3P1/1P1QPPBP/R3K2R b KQ -,c8b7 d2e3 b8d7 e5c6 b7c6 g2c6 a8b8 e1h1 d7f6 f1c1,25
4K3/8/Q7/1p1q4/1P6/Pk6/8/8 b - -,,0
2kr1b1r/pp1n1pp1/2p1p1p1/q2n2P1/3RN3/7P/PPPBQPB1/1K5R b - -,a5b6 d4d3 h8h4 h1f1 d7c5 e4c5 f8c5 f2f4 b6c7 e2e1,-70
8/3k4/8/2K1p2p/3pP1pP/6P1/3N1n2/8 b - -,d7e6 c5b4 f2d3 b4c4 d3c1 d2f1 e6d6 f1d2 c1e2 d2f1,-524
r1bq1rk1/p3bppp/2np1n2/2p1p1B1/2B1P2P/2N2P2/PPPQN1P1/R3K2R b KQ -,a8b8 b2b3 c6d4 c3d5 f6d5 c4d5 h7h6 g5e7 d8e7 e2d4,-5
8/8/8/8/8/3k4/1r6/R4K2 b - -,,0
r2qkb1r/pp2pppp/2p2n2/8/2p1P1b1/2NPBN2/PPP2PPP/R2QK2R b KQkq -,c4d3 d1d3 d8d3 c2d3 g4f3 g2f3 e7e6 d3d4 f6h5 e1a1,14
rnbqk2r/ppp1npbp/4p1p1/3p4/3P4/2PBP3/PP1NQPPP/R1B1K1NR b KQkq -,e8h8 g1f3 b8d7 e1h1 c7c5 e3e4 c5d4 c3d4 e7c6 f1d1,-14
r1bqk1nr/pppp1ppp/2n5/4P3/1b3P2/2N1B3/PPPQ2PP/R3KBNR b KQkq -,d7d6 e1a1 c8g4 g1f3 g8e7 a2a3 b4a5 b2b4 a5b6 e3b6,115
rnb2rk1/pp2qppp/4p3/2ppP3/3P2Q1/2PB1N2/P1P2PPP/R3K2R b - -,e7c7 d3h7 g8h7 f3g5 h7g8 g4h5 f8e8 e1f1 g8f8 h2h4,123
8/k3K3/P6p/6pP/6P1/8/8/8 b - -,e7c7 d3h7 g8h7 f3g5 h7g8 g4h5 f8e8 e1f1 g8f8 h2h4,Mate
rn2kbnr/pp3ppp/2ppb1q1/4p3/P3P3/1BPP1N2/1P3PPP/RNBQK2R b KQkq -,g6g2 h1g1 g2h3 c1e3 g8f6 b1d2 b8a6 f3g5 e6b3 d1b3,18
4k3/p4p2/1q2pQp1/1p1pP3/1n1P1P2/5NR1/r1r4P/3R3K b - -,b6d8 g3h3 d8f6 e5f6 b4c6 h3h8 e8d7 h8f8 c6d8 f3e5,-136
4k3/R5P1/8/5K2/8/6r1/8/8 b - -,g3g1 f5f6 g1f1 f6g6 f1g1 g6h7 g1h1 h7g8 h1h3 a7a4,9605
8/6p1/1pk1bp2/p2p3p/3K1P2/P3P3/1P2N1PP/8 b - -,e6d7 e2c3 d7e6 b2b3 c6d6 b3b4 a5b4 a3b4 d6c6 g2g3,16
rn1qkb1r/1p3p1p/p4P2/4pb2/2Bp4/2N1BQ2/PPP2P1P/R3K2R b KQkq -,f5c2 f3b7 b8d7 a1c1 c2g6 c3d5 f8d6 b7c6 d6b4 d5b4,101
r1bqk2r/pppnnpbp/4p1p1/3p4/3PP3/2PB4/PP1NQPPP/R1B1K1NR b KQkq -,e6e5 g1f3 e5d4 c3d4 e8h8 e1h1 c7c5 f1e1 c5d4 d2b3,-26
r2qkb1r/pb1n1ppp/4pn2/2P5/Pp6/1Q3NP1/1B2PPBP/RN1R2K1 b kq -,f8c5 f3e5 b7g2 e5d7 f6d7 g1g2 e8h8 b3f3 a7a5 b1d2,-44
6Q1/8/4ppk1/3q2p1/5P2/4P3/5K2/2R5 b - -,f8c5 f3e5 b7g2 e5d7 f6d7 g1g2 e8h8 b3f3 a7a5 b1d2,Mate
r3qrk1/pb1n1ppp/1p2pn2/2ppN3/QbPP4/P4NP1/1P2PPBP/R1B2RK1 b - -,a7a5 e5d7 f6d7 a4c2 a8c8 a3b4 c5b4 c4c5 b6c5 a1a5,346
r1bq1rk1/2pp1pp1/pbn5/1p1nP1NQ/3P4/8/PP3PPP/RNB2RK1 b - -,d8g5 c1g5 b6d4 b1c3 d5c3 b2c3 d4e5 a1d1 b5b4 c3b4,Mate
r3k2r/p1qbbppp/4pn2/1ppp4/5P2/1P1PP3/PBPNB1PP/R2Q1RK1 b kq -,e8h8 d1e1 a7a5 b2e5 c7d8 e3e4 a5a4 c2c4 d7c6 e1g3,-25
8/1kp5/2b5/8/2Q4p/7P/6r1/5K2 b - -,g2g6 c4h4 c6g2 f1f2 g2h3 h4h3 g6f6 f2e3 f6b6 e3f4,18
r1bqk2r/ppppnppp/2n5/4P3/1b3P2/2N1B3/PPPQ2PP/2KR1BNR b kq -,d7d5 a2a3 b4a5 g1f3 e8h8 e3c5 b7b6 c5f2 c8e6 h2h3,112
rn1q1rk1/pb1p1ppp/1p2pb2/2p5/3PP3/2P2NP1/PP1N1PBP/R2QK2R b KQ -,c5d4 f3d4 a7a6 e1h1 d8c7 a2a4 d7d6 d1e2 b8d7 d2c4,-66
rnq1kb1r/1p3p1p/p4P2/4pb2/2BB4/2N2Q2/PPP2P1P/R3K2R b KQkq -,b8d7 c4f7 e8f7 f3f5 d7f6 f5e5 c8e8 e1a1 e8e5 d4e5,266
rnbqkb1r/pp1pnp1p/6p1/2pP4/2B5/5N2/PPP2PPP/RNBQK2R b KQkq -,d7d6 e1h1 f8g7 f1e1 e8h8 c1g5 f7f6 g5f4 g6g5 f4d6,71
r2q1r2/1p1b1pk1/2pp1N1p/p3p3/4P2N/1P1PP2P/1PP2QP1/5RK1 b - -,f8g8 f6g8 d8g8 f2f6 g7h7 f6f7 g8g7 f1f6 a8g8 f7g7,494
2rb2k1/5pp1/4p2p/pb2P3/1p6/2P1RPB1/PPK1N1PP/8 b - -,d8b6 e3e4 c8d8 e2d4 b5f1 g3f2 b4c3 b2c3 d8c8 g2g3,-29
r2qkbnr/ppp2ppp/3p4/4p3/1n2PPb1/1B3N2/PPPP2PP/RNBQ1RK1 b kq -,e5f4 h2h3 h7h5 d2d4 g7g5 b1c3 f8g7 e4e5 g4f3 d1f3,57
rnb2rk1/ppq1ppbp/3p2p1/3n4/2NP4/5N1P/PPP1BPPB/R2Q1RK1 b - -,b8c6 a2a4 a7a6 c2c3 b7b6 f1e1 c8b7 e2f1 c6d8 c4e3,51
4k2Q/p4p2/1q2p1p1/1p1pP3/1n1P1P2/5N2/r1r4P/3R2RK b - -,,0
r4rk1/1pp1q1pn/p2p3p/3P4/3pPpP1/P2B1Q1P/1PP2R1K/6R1 b - -,a8e8 g1e1 e7e5 h3h4 g7g5 h4h5 h7f6 h2h1 g8g7 e1g1,-326
rn3rk1/4bppp/bq2pn2/pN1p4/P1NP4/6P1/1P2PPBP/R1BQ1RK1 b - -,b6b7 c4a5 b7b6 a5c4 b6b7 c4a3 b8c6 a1b1 h7h6 c1d2,121
4rrk1/pp3pbp/2q1p1p1/2ppPnB1/3P2P1/2P2N1P/PP1Q1P2/R3R1K1 b - -,c5d4 g4f5 d4c3 b2c3 e6f5 g5h6 e8c8 h6g7 g8g7 e1e3,343
rn2k2r/pp2ppbp/2pp1np1/q7/2PPP1b1/2N2NP1/PP1BBP1P/R2QK2R b KQkq -,a5b6 c3a4 b6a6 c4c5 g4f3 e2f3 e8h8 c5d6 e7d6 a4c3,21
r2qk2r/pb1n1ppp/4pn2/2b1N3/Pp6/1Q4P1/1B2PPBP/RN1R2K1 b kq -,b7g2 e5d7 f6d7 g1g2 e8h8 b3f3 a7a5 b1d2 c5e7 d2b3,-44
r1bq1rk1/ppppnppp/2n5/4P3/1b3P2/2N1BN2/PPPQ2PP/2KR1B1R b - -,b4a5 g2g4 d7d6 f4f5 d6e5 d2e1 d8e8 f1c4 a5c3 e1c3,149
r2q1rk1/p3bppp/2npbB2/2p1p3/2B1P2P/2N2P2/PPPQN1P1/R3K2R b KQ -,e7f6 c3d5 f6h4 g2g3 h4g5 f3f4 e5f4 g3f4 g5h4 e1d1,-108
r3Qrk1/pb3ppp/1p2pn2/2ppn3/1bPP4/P4NP1/1P2PPBP/R1B2RK1 b - -,f8e8 d4e5 b4a3 e5f6 a3b4 f3e5 g7f6 e5d3 a7a5 d3f4,406
rn1q1b1r/pp3ppp/2pk1n2/5Q2/2B2B2/2N5/PPP3PP/2Kb2NR b - -,d6e7 g1f3 d1e2 f3g5 d8d4 h1e1 d4c4 f5e5 c4e6 g5e6,620
2r3k1/3qp1bp/1n1pp1p1/ppr5/4P3/1QP1NPP1/PP5P/1K1R1B1R b - -,a5a4 b3b4 a4a3 b4a3 b6a4 e4e5 a4c3 b2c3 c5c3 a3b4,-276
r2qk2r/p2n1ppp/4pn2/2b1N3/Pp6/1Q4P1/1B2PPKP/RN1R4 b kq -,e8h8 e5d7 f6d7 b3f3 a7a5 b1d2 c5e7 d2b3 d8e8 a1c1,-48
r2qkb1r/5ppp/p1b1p3/1p4P1/3PP3/3Q4/P3BP1P/R1B1K2R b KQkq -,c6b7 c1d2 f8e7 h2h4 a8c8 e1h1 c8c4 d2e3 e8h8 f1c1,-62
8/8/2k5/8/8/8/PK1B4/8 b - -,c6d7 b2a3 d7c8 a3a4 c8b7 d2f4 b7a8 a4b3 a8b7 b3b4,24
5r1k/4q1b1/1p6/1Np1nrpp/2PpQ3/P2P2PP/3NRPK1/5R2 b - -,,0
r2q1rk1/pb1p1ppp/1pn1pb2/2p5/3PP3/1NP2NP1/PP3PBP/R2QK2R b KQ -,a7a5 a2a4 c5d4 f3d4 c6d4 b3d4 d7d5 e4d5 b7d5 e1h1,-63
r1bq1rk1/ppp1nppp/2np4/4P3/1b3P2/P1N1BN2/1PPQ2PP/2KR1B1R b - -,a7a5 f1d3 b4c3 d2c3 c8g4 h1e1 d8c8 e3f2 d6e5 f4e5,145
8/3r1p1p/4p1p1/2k5/1p5P/1R4P1/1PK2P2/8 b - -,e6e5 b3e3 d7d5 e3e1 f7f5 e1a1 e5e4 a1a8 d5d3 a8c8,-290
r2q1rk1/1pp2pp1/p1npbn1p/2b1p3/4P2B/1BPP1N2/PP1N1PPP/R2Q1RK1 b - -,c5a7 f1e1 g7g5 h4g3 f6d7 d2f1 d8f6 h2h3 f6g7 b3a4,21
5Q2/p2k1p2/1q2p1p1/1p1pP3/1n1P1P2/5N2/r1r4P/3R2RK b - -,d7c6 f4f5 g6f5 f8f7 b6d8 g1g8 d8c7 f7e6 c6b7 e6f6,36
rnq1kb1r/1p3p1p/p4P2/4p3/2BB2b1/2NQ4/PPP2P1P/R3K2R b KQkq -,b8c6 d4b6 c6b4 d3e4 b4c2 e4c2 c8c4 h1g1 h7h5 c2d2,-7
r4rk1/2qbbppp/4pn2/ppppN3/5P2/1P1PP3/PBP1B1PP/R2Q1RK1 b - -,a5a4 c2c4 a4a3 b2c3 b5b4 c3d2 d7c8 a1c1 c7b6 e2f3,-47
8/5k1P/5N2/8/8/8/8/5K2 b - -,f7g7 f1e2 g7h8 e2f3 h8g7 f3g3 g7h8 g3g4 h8g7 g4f5,16
r4k2/5ppp/5q2/1Np5/6bP/2N3P1/PR3P2/2K4R b - -,f6h6 c1b1 g7g5 c3e4 g4f5 b5c3 h6e6 h1e1 g5h4 g3h4,-615
5r1k/2pq1rbp/1p1p2p1/pP1Pp3/P1P1B2P/R3KPP1/8/4Q2R b - -,h7h5 e3d2 g7h6 d2c2 h8g8 c2b1 f7f6 e1e2 g8g7 e2g2,24
8/8/2k1P3/6K1/8/3R4/8/5r2 b - -,f1g1 g5f6 g1f1 f6g6 f1g1 g6f7 g1g2 e6e7 g2f2 f7e8,1266
r1bq1rk1/ppp1nppp/2np4/b3P3/5P2/P1NBBN2/1PPQ2PP/2KR3R b - -,d6e5 d2e2 d8e8 b2b4 a5b6 e3b6 a7b6 c3b5 e7d5 d3h7,101
r1bqk2r/pppnbp2/4p2p/6p1/2NP4/P2BPNP1/1P3PP1/R2QK2R b KQkq -,e8f8 f3e5 d7e5 c4e5 e7f6 f2f4 c8d7 a1c1 c7c6 e1h1,125
r1b1kb1r/pp3ppp/nq2pn2/2pp4/3P1B2/2N1PN2/PPP2PPP/R2QKB1R b KQkq -,b6b2 c3b5 b2b4 c2c3 b4a5 a2a4 c5c4 f1e2 f8e7 e1h1,-64
2kr2q1/p2bn2r/1p2p1pp/n2pPp2/P1pP1P1P/B1P1Q2N/2P1B1P1/RR4K1 b - -,c8b8 g1f2 b8a8 f2e1 g8e8 e1d2 d7a4 h3f2 a4d7 g2g4,7
r3r1k1/pb3ppp/1p2pn2/2pp4/1PPP4/5BP1/1P2PP1P/R1B2RK1 b - -,c5b4 c1f4 h7h5 f1c1 e8c8 b2b3 a7a5 c4c5 b6c5 c1c5,-109
rn2k2r/pp2ppbp/q1pp1np1/2P5/N2PP1b1/5NP1/PP1BBP1P/R2QK2R b KQkq -,g4f3 e2f3 e8h8 c5d6 e7d6 d2e3 b8d7 a4c3 f8e8 d1e2,23
r7/3k2pp/5p2/pp1p4/3P4/2PK4/P4PPP/4RN2 b - -,g7g6 f1e3 d7c6 e3c2 c6d6 e1b1 d6c6 d3d2 h7h5 g2g3,506
r2q1rk1/1pp2pp1/p1np1n1p/2b1p3/4P2B/1PPP1N2/1P1N1PPP/R2Q1RK1 b - -,c5a7 d2c4 d8e7 f1e1 a8e8 b3b4 g7g5 h4g3 e7e6 c4a5,6
r1q1kb1r/1p3p1p/pB3P2/4p3/1nB1Q1b1/2N5/PPP2P1P/R3K2R b KQkq -,b4c2 e4c2 c8c4 h1g1 h7h5 c2d2 f8b4 d2e3 c4f4 e3f4,-12
r1bqk2r/p2nb1pp/4P3/4np2/p1p5/2P1BN2/2B2PPP/RN1QR1K1 b kq -,e8h8 e6d7 e5f3 d1f3 c8d7 e3d4 g8h8 c2a4 d7a4 a1a4,431
N1b2r2/p2B1pkp/4p1p1/2pp4/5q2/8/PP2QPPP/R3K2R b - -,c8d7 e2e3 f4d6 f2f4 f8a8 a1c1 a8c8 e3e5 d6e5 f4e5,-87
8/8/8/k2Kp2p/3pP1pP/6n1/3N4/8 b - -,a5b4 d2c4 g3e2 c4d2 g4g3 d5e5 b4c3 d2f3 d4d3 e5d6,-918
r1b1k1nr/pp1ppp1p/2n3p1/q1p3N1/2B1P3/2bP4/PPP2PPP/R1BQ1RK1 b kq -,c6e5 b2c3 e5c4 d3c4 f7f6 g5f3 a5c3 d1d3 c3d3 c2d3,-77
8/1kp5/2b5/8/1Q5p/6rP/8/5K2 b - -,b7a7 b4d4 a7b7 d4h4 c6g2 f1g1 g3h3 h4b4 b7a7 g1g2,18
rn1q1b1r/pp2kppp/2p2n2/5Q2/2B2B2/2N2N2/PPP3PP/2Kb3R b - -,d8d7 f5e5 e7d8 h1d1 f8e7 f3g5 h8f8 c4f7 b8a6 g5e6,708
r2q1rk1/p4ppp/2npb3/2pNp1b1/2B1P3/3Q1PP1/PPP1N3/R3K2R b KQ -,a8b8 a1b1 c6b4 d3d1 b4d5 c4d5 g5e3 e1f1 d8a5 d1d3,-158
r2q1rk1/ppp1nppp/2np4/b3P3/5Pb1/P1NBBN2/1PP3PP/2KRQ2R b - -,d8c8 b2b4 a5b6 e3b6 g4f3 e5d6 c7d6 g2f3 a7b6 c1b2,103
8/3k1p2/p4p2/1pPKPPp1/1P4P1/P7/8/8 b - -,d8c8 b2b4 a5b6 e3b6 g4f3 e5d6 c7d6 g2f3 a7b6 c1b2,Mate
r2q1rk1/bpp2pp1/p1np1n1p/4p3/2N1P2B/1PPP1N2/1P3PPP/R2Q1RK1 b - -,d8e7 f1e1 a8e8 c4e3 a7e3 e1e3 e7e6 h4f6 e6f6 b3b4,5
r1bqk2r/p2nb1pp/4P3/5p2/p1p5/2P1BQ2/2B2PPP/RN2R1K1 b kq -,e8h8 f3a8 d7c5 b1d2 c5b3 a1d1 c8e6 a8a7 d8e8 d2f3,489
8/8/1pk1bp2/p2p2pp/3K1P2/P3P1N1/1P4PP/8 b - -,g5f4 e3f4 e6f7 g3f5 f7e6 f5h6 c6d6 f4f5 e6d7 h6g8,257
8/6k1/1N2p3/p4p2/3P3p/2BK1P2/8/6b1 b - -,h4h3 d4d5 g7f7 b6c4 h3h2 c4e5 f7e7 e5c6 e7e8 d5d6,-511
r2q1rk1/2p2ppp/2p5/p7/1bPp4/1P4Pb/PB1NPP1P/R2QR1K1 b - -,c6c5 a2a3 b4d2 d1d2 a8b8 d2d3 d8f6 b2c1 h3f5 d3d1,-200
r1b2rk1/pp3ppp/2pq4/8/1nBP2n1/2N3N1/PP3PPP/2RQ1RK1 b - -,c8d7 c3e4 d6h6 h2h3 g4f6 d1b3 a7a5 a2a3 b7b5 c4b5,76
r2qr1k1/pb1pnpb1/1p2p1pp/2p5/3nPP2/1BNPBN2/PPP3PP/R3QR1K b - -,d4f3 f1f3 d7d5 e3f2 d5e4 d3e4 a7a6 a2a4 d8c7 e1f1,-98
1r3rk1/1b2qpbp/n5p1/6Q1/1p1P4/5B2/1P2NPPP/R1B1K2R b KQ -,f7f6 g5e3 e7e3 f2e3 a6c7 c1d2 f6f5 e1f2 b7f3 g2f3,139
r1bqr1k1/pp1nbp1p/2n1p1N1/3p3Q/3P4/2PB4/PP1N1PPP/R1B2RK1 b - -,f7f6 d2f3 f6f5 c1h6 d7f8 g6e7 e8e7 f1e1 c8d7 e1e3,440
8/3r1p1p/4p1p1/8/1pk4P/4R1P1/1PK2P2/8 b - -,d7d4 f2f3 f7f5 f3f4 d4e4 b2b3 c4d5 e3d3 e4d4 d3e3,-281
6bk/1p3r2/p1p1Rrqp/P1Np2p1/3P2PP/2P2P2/1P2RQK1/8 b - -,h8h7 h4h5 g6g7 e6f6 f7f6 f2e1 f6f7 e2e8 g7f6 e1e3,486
r2q1rk1/pb1n1pbp/1pp1p1p1/8/2BPP3/1QN1B3/PP3PPP/R2R2K1 b - -,d8e7 a2a4 a7a5 c4f1 e7b4 b3c2 f8d8 h2h3 b4e7 a1c1,68
6R1/8/8/8/6Kn/8/7k/8 b - -,h4g2 g8g5 g2e1 g5e5 e1d3 e5e3 d3b4 g4f3 h2g1 e3e1,Mate
2r4k/p5rp/6n1/3p1p1B/RPpP1b2/2P2N2/5P1P/4R2K b - -,c8f8 h5g6 h7g6 e1e6 h8h7 a4a5 f8d8 h1g2 h7h6 h2h3,131
2r3k1/4bpp1/4p2p/pb2P3/1p6/2P1R1B1/PPK1NPPP/8 b - -,e7c5 e3e4 b5c6 e4c4 c6d5 c4g4 d5g2 c3b4 a5b4 c2d2,-264
3r1k2/p4pp1/1p2p2p/n2r4/2P5/1P2B1P1/P3KP1P/3R3R b - -,d5d1 h1d1 d8d1 e2d1 h6h5 d1d2 f8e7 d2c3 e7d6 b3b4,79
r4rk1/bpp1qpp1/p1np1n1p/4p3/2N1P2B/1PPP1N2/1P3PPP/R2QR1K1 b - -,a8e8 b3b4 g7g5 h4g3 e7e6 c4e3 c6e7 e3f1 a7b6 d3d4,11
8/6kP/5N2/8/8/8/6K1/8 b - -,g7h8 g2f3 h8g7 f3e2 g7h8 e2d3 h8g7 d3c3 g7h8 c3b2,16
r1br2k1/pp3ppp/2n5/qN1n2P1/1b1p4/PP3P2/1BP4P/1KQR1BNR b - -,c8f5 f1d3 f5d3 d1d3 a5b5 g1e2 b4c3 b2c3 d5c3 e2c3,-398
2r3k1/p4ppp/4pn2/1N2p3/2P1P3/1P4P1/P2R1PK1/8 b - -,a7a6 b5d6 c8d8 c4c5 g8f8 b3b4 f6e8 a2a4 f8e7 d6c4,167
5Q2/7k/6p1/1p3p1p/3q4/7P/Pr4P1/4R2K b - -,,0
2krq3/p2bn2r/1p2p1pp/n2pPp2/P1pP1P1P/B1P4N/2P1B1P1/RRQ3K1 b - -,e8f7 g1f1 d8g8 f1e1 f7e8 e1d2 h7g7 a3b4 e7c6 c1e1,6
r2qr1k1/p2pnpb1/1p2p1pp/2p5/3nPP2/1BN1BN2/PPP3PP/R3QR1K b - -,d4f3 f1f3 d7d5 a1d1 d5d4 c3e2 d8c7 e3f2 a7a6 a2a3,346
rnbqkb1r/pp2ppp1/5n2/2p3B1/4P2p/3B1N1P/PPP2PP1/RN1QK2R b KQkq -,d8c7 b1c3 c8e6 e1h1 b8c6 d1e2 a7a6 e2e3 a8d8 e3c5,207
r2qkbnr/1pp2ppp/p1n1p3/7b/2BP2P1/2N1PN1P/PP3P2/R1BQK2R b KQkq -,h5g6 a2a3 g8f6 f3h4 g6e4 c3e4 f6e4 h4f3 h7h5 h1g1,35
r1k1r1Q1/ppb2N1Q/2b2p2/PnpP4/8/3P4/1P4PP/4R2K b - -,h5g6 a2a3 g8f6 f3h4 g6e4 c3e4 f6e4 h4f3 h7h5 h1g1,Mate
4rrk1/pp2npbp/2q1pBp1/2ppP3/3P2P1/2P2N1P/PP1Q1P2/R3R1K1 b - -,c5d4 c3d4 h7h6 g1g2 c6d7 e1h1 e7c6 h3h4 g7f6 e5f6,150
rnbq1rk1/p3bppp/1pp1pn2/3p4/2PP4/1PNBPN2/P1Q2PPP/R1B1K2R b KQ -,b8d7 e1h1 c8b7 c1b2 c6c5 c4d5 e6d5 f1d1 f8e8 a1c1,40
r1bqk2r/p3b1pp/1n2P3/5Q2/p1p5/2P1B3/2B2PPP/RN2R1K1 b kq -,c8e6 f5e6 d8d5 e6h3 a8d8 b1d2 e8f7 d2e4 h8e8 h3h7,630
2kr1r2/pqp3pp/1pb1p1n1/4p3/8/Q1P1B1P1/PP2BP1P/R4RK1 b - -,b6b5 f1d1 a7a6 c3c4 b5b4 a3a5 d8d1 a1d1 f8d8 d1c1,113
2r3k1/4bpp1/4p2p/pb2P3/1p3B2/2P1R3/PP2NPPP/3K4 b - -,g8h7 e3g3 e7h4 g3h3 h4f2 f4e3 c8d8 e2d4 f2e3 h3e3,-74
B4k2/7p/3p4/4p3/2Q4P/2P1b1PK/1P6/2q5 b - -,c1a1 a8d5 a1a7 c4c8 f8e7 c8e6 e7d8 e6g8 d8e7 g8h7,482
r7/3k2pp/5p2/pp1p4/3P4/1NPK4/P4PPP/4R3 b - -,a8a7 b3c5 d7c7 e1e7 c7b6 e7e6 b6c7 d3d2 h7h6 c5d3,562
4rrk1/1pp1q1pn/p2p3p/3P4/3pPpP1/P2B1Q1P/1PP2R1K/4R3 b - -,e7e5 h3h4 g7g5 h4h5 h7f6 b2b4 f6d7 h2h3 e5g7 f3d1,-335
8/8/8/6R1/6K1/8/6nk/8 b - -,g2e3 g4f3 e3c4 f3f2 h2h3 g5d5 h3g4 d5d4 g4f5 d4c4,Mate
2k5/2p5/2b5/8/7Q/6rP/8/5K2 b - -,g3b3 h4h8 c8b7 h3h4 b3b4 f1f2 c6a4 f2g3 b4b3 g3g2,79
r2qk2r/3p3p/p1n1pbpB/1pp5/6Q1/3P2PN/PPP2PKP/R3R3 b kq -,a8c8 c2c3 c6e7 g4f4 e7f5 a2a3 a6a5 e1e2 b5b4 a3b4,18
8/8/1pk2p2/p2p1bpp/3K1N2/P3P3/1P4PP/8 b - -,g5f4 b2b3 f4e3 d4e3 c6c5 e3f4 f5d7 g2g4 d7g4 f4g3,-740
rn2kb1r/1p3p1p/p4P2/4pQ2/2qB4/2N5/PPP2P1P/R3K2R b KQkq -,b8c6 d4e5 a8d8 a1d1 f8b4 a2a3 b4c3 e5c3 h8g8 d1d2,261
3q1r2/1p1nppkp/r1bp2p1/p7/2P1P1B1/2N4P/PPQ2PP1/3RR1K1 b - -,a5a4 b2b4 a4b3 a2b3 d8a5 g4d7 c6d7 c3d5 e7e5 f2f4,160
3r2k1/p3q2p/P1p2pp1/2p1p3/2P5/2P1Q1P1/1R2PPKP/8 b - -,e7d6 b2b7 d8d7 b7d7 d6d7 e3c5 h7h5 c5b4 g8f7 h2h3,163
r2qkbnr/1pp2ppp/p1n1p1b1/4N3/2BP2P1/2N1P2P/PP3P2/R1BQK2R b KQkq -,c6e5 d4e5 d8d1 c3d1 h7h5 g4g5 g8e7 c1d2 g6e4 h1g1,-47
6k1/1p3pp1/p7/8/7p/2P3q1/1P1R4/3K4 b - -,h4h3 d1c1 g8h7 c3c4 h3h2 d2d1 g3f3 c4c5 h7g6 c5c6,-1002
4rrk1/pp2npb1/2q1pBpp/2ppP3/3P2PP/2P2N2/PP1Q1P2/R3R1K1 b - -,c6d7 g1g2 e7c6 d4c5 g7f6 e5f6 d7d8 a1d1 d8f6 d2h6,151
r2qkbnr/1pp2ppp/p3p1b1/4P3/2B3P1/2N1P2P/PP3P2/R1BQK2R b KQkq -,d8d1 c3d1 h7h5 g4g5 g8e7 c1d2 g6e4 h1g1 e7g6 f2f4,-52
5k2/p4pp1/1p2p2p/n7/2P5/1P2B1P1/P4P1P/3K4 b - -,h6h5 d1c2 f8e7 f2f4 e7d6 c2c3 a5b7 b3b4 f7f6 c3d3,67
r1b2rk1/5ppp/p1pb4/1p1n3q/3P4/1BP3P1/PP3P1P/RNBQR1K1 b - -,c8g4 d1c2 f8e8 c1e3 e8e6 b1d2 a8e8 b3d5 c6d5 a2a4,-175
1q3r2/1p1Bppkp/r1bp2p1/p7/2P1P3/2N4P/PPQ2PP1/3RR1K1 b - -,e7e5 d7c6 b7c6 b2b3 f8d8 c2d2 a6a8 e1e3 b8b4 d2c1,510
8/5K2/Q7/1p6/1P6/P1kq4/8/8 b - -,,0
8/4K3/Q7/1p1q4/1P6/P1k5/8/8 b - -,,0
r2qk2r/1b2ppb1/p2p1np1/1pn1P1Np/7P/2N1BP2/PPPQ2P1/2KR1B1R b kq -,c5d7 e5f6 d7f6 g5e4 f6d7 c1b1 d8c7 c3d5 b7d5 d2d5,298
8/7P/k7/5K2/6P1/8/8/8 b - -,c5d7 e5f6 d7f6 g5e4 f6d7 c1b1 d8c7 c3d5 b7d5 d2d5,Mate
5Q2/7k/6p1/1p3p1p/3q4/7P/P3R1P1/7K b - -,,0
1q3r2/1p1bppkp/r2p2p1/p7/P1P1P3/2N4P/1PQ2PP1/3RR1K1 b - -,b8c8 b2b3 f7f6 d1d5 d7e6 d5d3 f8f7 c3d5 c8c5 c2c3,170
r3k1nr/2pq1ppp/p1np4/1p1B4/1b1PP1b1/4BN2/PPQ2PPP/RN3K1R b kq -,c6d8 d5a8 g4f3 g2f3 g8e7 h2h4 f7f5 a2a3 b4a5 a8d5,501
4rrk1/1pp3pn/p2p3p/3Pq3/3pPpPP/P2B1Q2/1PP2R1K/4R3 b - -,g7g5 h4h5 h7f6 h2h3 f6d7 f3d1 e5g7 h3g2 g7f7 d3f1,-330
r3kbnr/1pp2ppp/p3p1b1/4P3/2B3P1/4P2P/PP3P2/R1BNK2R b KQkq -,h7h5 g4g5 g8e7 c1d2 g6e4 h1h2 e7g6 f2f4 g6h4 d1c3,-56
r2qkbnr/1b1n1ppp/p1p1p3/1p6/P2P4/1Q3NP1/1B2PPBP/RN3RK1 b kq -,,0
8/8/6QR/5pk1/2qp2p1/2p5/2K5/8 b - -,g5f4 g6d6 f4f3 h6h5 f5f4 h5c5 c4a2 c2d3 a2d2 d3c4,-599
8/8/ppp2kPp/8/P2P1KPP/8/1PP5/8 b - -,f6g6 f4e5 a6a5 e5d6 b6b5 d6c6 b5a4 d4d5 g6f6 d5d6,923
r1b2rk1/pp2qpp1/2n1pn1p/2b5/2Q3P1/2N2N2/PP2PPBP/R1B2RK1 b - -,c5b4 g4g5 b4c3 b2c3 h6g5 c1g5 e6e5 f3d2 e7d6 c4h4,39
r2qkb1r/1b3ppp/p1N1p3/1p4P1/3pP3/2PQ4/P3BP1P/R1B1K2R b KQkq -,d8d7 c6e5 d7d8 c3d4 f8b4 c1d2 b4d2 d3d2 b7e4 d2f4,396
6k1/1Q6/7K/8/8/8/8/2r5 b - -,d8d7 c6e5 d7d8 c3d4 f8b4 c1d2 b4d2 d3d2 b7e4 d2f4,Mate
4rr2/pp2npbk/2q1pBpp/2ppP1N1/3P2PP/2P5/PP1Q1P2/R3R1K1 b - -,h7g8 g1g2 c6a4 g5f3 e7c6 d2f4 c5d4 c3d4 g8h7 a1c1,158
r1b1Q2k/pp2b1r1/2n1p3/4P3/1q6/8/P1B2PPP/R1BR2K1 b - -,e7f8 c1h6 g7g2 g1h1 g2h2 h1h2 c6e5 e8f8 b4f8 h6f8,466
8/8/6Kp/3k1P2/7P/8/8/8 b - -,e7f8 c1h6 g7g2 g1h1 g2h2 h1h2 c6e5 e8f8 b4f8 h6f8,Mate
2k5/2p5/2b5/8/7Q/5r1P/8/6K1 b - -,f3b3 h4h8 c8b7 h3h4 b3b4 g1f2 c6a4 f2e3 a4e8 h8h7,73
rn1qkb1r/ppp2ppp/3pb3/2n1p1N1/2B5/3P1Q2/PPP2PPP/RNB2RK1 b kq -,d8f6 g5e6 f7e6 f3h5 f6g6 h5g6 h7g6 b2b4 d6d5 b4c5,-63
8/6k1/1N2p3/p4p2/3P3B/2K5/8/5bb1 b - -,e6e5 c3b3 g1d4 b6d5 f1g2 d5c7 g7f7 c7b5 d4b6 b5d6,-589
r1b1kbnr/pp2pppp/n2p4/q1p5/3PP3/2P2N2/PP2BPPP/RNBQK2R b KQkq -,c5d4 e1h1 g8f6 f1e1 d4d3 e2d3 e7e5 a2a3 a5d8 b2b4,98
rn1qkb1r/pb1p1ppp/4Pn2/8/1pB5/4PN2/1PP2PPP/RNBQK2R b KQkq -,d7d5 c4b5 e8e7 e6f7 e7f7 e1h1 f8d6 c2c3 a7a6 b5a4,228
8/8/8/4R3/6K1/8/7k/4n3 b - -,e1d3 e5e3 d3b4 g4f3 h2g1 e3e1 g1h2 e1e2 h2h3 e2e5,Mate
1r1q2k1/p1p2rpp/1p6/3bN3/4nP2/P3P3/1PQ3PP/R1B2RK1 b - -,f7f8 f1d1 c7c5 b2b3 b8c8 c1b2 e4f6 d1d2 d5e4 c2c3,171
r4rk1/5ppp/p1pb4/1p1n3q/3P2b1/1BPQ2P1/PP3P1P/RNB1R1K1 b - -,f8e8 e1f1 h5h3 c3c4 g4e2 d3e2 e8e2 b3d1 e2f2 f1f2,-619
rn2kb1r/pp3pp1/2pqpnp1/6P1/3P4/2N4P/PPP2PB1/R1BQK2R b KQkq -,f6g8 c3e4 d6c7 d1g4 f8d6 c2c4 c7a5 c1d2 d6b4 a1d1,128
3qk2Q/p4p2/4p1p1/1p1pP3/1n1P1P2/5NR1/r1r4P/3R3K b - -,e8d7 h8h7 d8e7 h2h4 b4c6 h4h5 g6h5 f4f5 c6d8 g3g8,-246
8/8/8/3k1P1K/7P/8/8/8 b - -,e8d7 h8h7 d8e7 h2h4 b4c6 h4h5 g6h5 f4f5 c6d8 g3g8,Mate
2r4k/p5Rp/8/3pnp1B/RPpP1b2/2P5/5P1P/7K b - -,h8g7 d4e5 c8c7 a4a5 d5d4 h1g2 d4c3 h5d1 g7f7 a5a6,-120
r1bqk2r/ppp2ppp/5n2/2bppP2/4P3/1PNP1Q2/1PP3PP/R1B1K1NR b KQkq -,c8d7 e4d5 c7c6 d5d6 d8b6 g1e2 c5d6 e2g3 f6d5 c3d5,49
r2qkb1r/1b1n1ppp/p1p1pn2/1p6/P2P4/1Q3NP1/1B2PPBP/RN1R2K1 b kq -,f8e7 f3e5 d7e5 d4e5 f6d7 b1c3 e8h8 a4b5 a6b5 a1a8,-17
r1bqr1k1/1pp2p2/3p1bpp/pNnN4/2P5/6P1/PPQ1PPBP/R2R2K1 b - -,c8g4 f2f3 c7c6 d5f6 d8f6 b5c7 g4d7 c7a8 e8a8 d1d2,295
6r1/3k2pp/5p2/ppNp4/3P4/2PK4/P4PPP/4R3 b - -,d7c7 e1e7 c7c6 e7e6 c6c7 d3d2 h7h5 e6a6 a5a4 a6a7,573
8/4N3/4p3/2n1bR2/5RpQ/3Pk3/7P/3KN2n b - -,d7c7 e1e7 c7c6 e7e6 c6c7 d3d2 h7h5 e6a6 a5a4 a6a7,Mate
1q3r2/1p1bppkp/2rp2p1/p7/P1P1P3/1PN4P/2Q2PP1/3RR1K1 b - -,c6c5 c3d5 f8e8 c2c3 g7g8 h3h4 d7c6 h4h5 b8d8 d1d3,187
8/5k2/7P/8/6N1/8/8/5K2 b - -,c6c5 c3d5 f8e8 c2c3 g7g8 h3h4 d7c6 h4h5 b8d8 d1d3,Mate
r1b2rk1/pp3ppp/1qnb1n2/2pp2B1/3P4/1PPB1N1P/P4PP1/RN1Q1RK1 b - -,f6e4 g5e3 f8e8 d4c5 d6c5 e3c5 b6c5 b3b4 c5b6 a2a4,-30
rn3rk1/pp3ppp/2p1p3/8/4N3/2P5/Pq1Q1PPP/3R1RK1 b - -,b2d2 d1d2 b8a6 d2d7 f7f5 e4d6 a6c5 d7c7 a8b8 f2f3,-152
5r1k/2p1qrbp/1p1p2p1/pP1Pp3/P1P1B2P/R2K1PP1/8/4Q2R b - -,f7f3 e4f3 f8f3 d3e2 f3a3 e1b1 a3g3 b1e4 g7h6 e2f2,-557
r1bqkb1r/pp2pp1p/2np1np1/8/Q3PB2/5N2/PPP1BPPP/RN2K2R b KQkq -,f8g7 b1c3 e8h8 a1d1 c8d7 e1h1 a7a6 a4b3 a8b8 b3c4,-37
8/8/5P2/7K/2k4P/8/8/8 b - -,f8g7 b1c3 e8h8 a1d1 c8d7 e1h1 a7a6 a4b3 a8b8 b3c4,Mate
r1b2rk1/4bppp/1qn1pn2/pN1p4/P2P4/5NP1/1P2PPBP/R1BQ1RK1 b - -,c8a6 c1d2 f8c8 d2c3 a6b5 a4b5 b6b5 e2e3 a5a4 f1e1,-31
4rrk1/bpp1qpp1/p1np1n1p/4p3/4P2B/1PPPNN2/1P3PPP/R2QR1K1 b - -,a7e3 e1e3 e7e6 h4f6 e6f6 b3b4 f6e6 f3h4 c6e7 d3d4,11
r2q1rk1/pp1n1ppp/2pbpn2/6B1/3P4/2P2B2/PP2NPPP/R2Q1RK1 b - -,d8c7 g2g3 a8c8 a2a4 f8d8 g5d2 h7h6 a4a5 c6c5 f3g2,23
2krq3/p2b3r/1pnBp1pp/n2pPp2/P1pP1P1P/2P4N/2P1B1P1/RRQ3K1 b - -,,0
r1bqk2r/ppp2ppp/5n2/2b1pP2/4P3/1PN2Q2/1PP3PP/R1B1K1NR b KQkq -,c8d7 c1g5 h7h6 g5f6 d8f6 c3d5 f6d6 e1a1 e8a8 c1b1,22
rnbqkb1r/pp3ppp/2p1pn2/3p4/2P2P2/1P3N2/PB1PP1PP/RN1QKB1R b KQkq -,c6c5 g2g3 f8e7 f1g2 e8h8 f3e5 f6d7 e5d7 c8d7 c4d5,5
1q3r2/1p1bppkp/3p2p1/p1rN4/P1P1P3/1P5P/2Q2PP1/3RR1K1 b - -,e7e6 c2c3 f7f6 d5f4 b8c7 c3d2 g7f7 e1e3 f8e8 d2d6,282
3q4/p3kp2/4pQp1/1p1pP3/1n1P1P2/5NR1/r1r4P/3R3K b - -,e7e8 g3h3 d8f6 e5f6 b4c6 h3h8 e8d7 h8f8 c6d8 f3e5,-154
2r3k1/N4ppp/4p3/4p3/2P1n3/1P4P1/P2R1PK1/8 b - -,c8a8 d2d7 e4c5 d7c7 c5a6 c7b7 a6c5 b7b5 g8f8 a7c6,250
rn2kb1r/1p3p1p/p4P2/4pQ2/2q5/2N5/PPP2P1P/3RK1R1 b kq -,,0
r1bq1r2/pp3pk1/2pp1Nnp/8/3PP3/8/PPPQB1PP/R4RK1 b - -,c8e6 f1f2 d8b6 a1f1 a8d8 f6h5 g7h7 c2c3 b6c7 h5f6,521
4k3/5p2/pK3P2/Pp4P1/1P1R4/2r5/8/8 b - -,c3c4 d4d5 c4c8 b6a6 e8f8 a6b7 c8e8 a5a6 f8g8 a6a7,1836
r4rk1/pp1q1ppp/4b3/2ppP3/5P2/2P3P1/P1Q1P1BP/R4RK1 b - -,f7f5 e5f6 g7f6 f1d1 a8d8 e2e4 d5d4 c3d4 c5d4 d1d3,63
r1b2rk1/pp2qpbp/2n1p1p1/8/2B1P3/2N1B3/P1Q2PPP/1R1R2K1 b - -,b7b6 c3b5 c8b7 b5d6 f8d8 d6b7 e7b7 d1d8 a8d8 c2a4,-103
5r1k/2p1q1bp/1p1p2p1/pP1Pp3/P1P4P/R2K1BP1/8/4Q2R b - -,f8f3 d3e2 f3a3 e1d2 a3g3 e2f2 g3g4 f2e1 e5e4 c4c5,-655
q1r5/5pp1/p2Qpk2/P7/1pN1P3/3B4/1P3RP1/R6K b - -,g7h6 f3e4 e7d7 e1e2 d7f7 d3c2 f7f2 e2f2 f8f2 c2b1,Mate
rn3rk1/pp3ppp/2p1p3/8/4N3/2P5/P2R1PPP/5RK1 b - -,b8a6 d2d7 f7f5 e4d6 a6c5 d7c7 a8b8 f2f3 f8d8 f1d1,-154
rn1qk1nr/ppp1bppp/4p3/3p4/3P1B2/2NQP3/PPP2PPP/R3K1NR b KQkq -,d8c8 e3e4 d5e4 c3e4 b8d7 g1f3 g8f6 e1h1 e8h8 c2c4,30
4rrk1/1pp1qpp1/p1np1n1p/4p3/4P2B/1PPPRN2/1P3PPP/R2Q2K1 b - -,e7e6 h4f6 e6f6 b3b4 f6e6 d1e2 e6g4 h2h3 g4e6 f3h4,8
r1bQr1k1/pp3ppp/8/8/3P4/8/PP2NPPK/2R2R2 b - -,c8h3 d8a8 e8a8 g2h3 g7g6 h2h1 a8d8 e2g1 g8g7 g1f3,659
8/5Q2/6pk/1p3p1p/7P/8/P3q1PK/8 b - -,e2e5 g2g3 e5a1 f7d5 a1b2 h2h3 b2c1 h3h2 c1c4 d5e5,-10
r2qkbnr/1b1p1ppp/p1n1p3/1pp5/3PP3/1BP2N2/PP3PPP/RNBQR1K1 b kq -,c5c4 b3c2 d8c7 b2b3 c4b3 a2b3 a8c8 c2d3 f8e7 d3f1,114
r1bq1rk1/ppp2ppp/5n2/2b1pPB1/4P3/1PN2Q2/1PP3PP/R3K1NR b KQ -,g8h8 a1d1 d8e8 g5f6 g7f6 c3d5 e8d8 b3b4 c5g1 h1g1,108
r1br2k1/1p3ppp/p1n5/q2n2P1/1b1N4/PP3P2/1BP4P/1KQR1BNR b - -,b4a3 g1e2 a3b2 b1b2 c6b4 c1a1 a5b6 a1c1 a6a5 c2c3,-273
4k3/5p2/pK3P2/Pp1R2P1/1Pr5/8/8/8 b - -,b4c5 g1e2 c6d4 e2d4 d5c3 b2c3 a5c3 d4e2 d8d1 e2c3,Mate
1r3rk1/3nppbp/b2p1np1/qBpP2B1/P3P3/2N2N2/1P1Q1PPP/R3R1K1 b - -,a6b5 a4b5 a5c7 h2h3 b8a8 g5h6 g7h6 d2h6 f8b8 h6e3,135
4r1k1/5ppp/8/1Pb1n1P1/2pN4/p1Pb3P/3B1PB1/R5K1 b - -,h7h6 g5h6 e5g6 h6g7 e8b8 g2c6 b8b6 d2c1 g6e5 c1a3,55
rn1qkb1r/1pp2pp1/p4n1p/3pNp2/3P1B2/2N1P3/PPP2PPP/R2QK2R b KQkq -,b8d7 d1d3 g7g6 h2h3 c7c6 e1a1 d7e5 f4e5 f8d6 f2f3,32
2kr1r2/pqp3pp/1p2p1n1/4p3/8/Q1P1BPP1/PP2B2P/R4RKb b - -,c8b8 g1h1 e5e4 a1d1 d8d5 f3f4 h7h5 c3c4 d5d1 f1d1,436
r1b1kbnr/ppN3pp/2np4/4ppq1/2P1P3/8/PP3PPP/RN1QKB1R b KQkq -,e8d8 c7a8 g8f6 b1c3 f6e4 c3d5 g5h4 g2g3 e4g3 f2g3,-106
1q3r2/1p1b1pkp/3p2p1/p1rNp3/P1P1P3/1P5P/3Q1PP1/3RR1K1 b - -,d7c6 d5c3 f8d8 e1e3 d8d7 e3d3 g7f8 h3h4 b8d8 h4h5,346
4rr2/pp2npbk/2q1pBp1/2ppP1p1/3P2PP/2P5/PP1Q1PK1/R3R3 b - -,f8h8 h4g5 h7g8 d2f4 c5d4 f6g7 h8h4 e1h1 h4g4 f4g4,282
r2qr1k1/pp3ppp/2pbBn2/4B3/1n1P4/1QN5/PP2NPPP/2R2RK1 b - -,b4d5 e6d5 c6d5 e5f6 d8f6 c3d5 f6h6 e2g3 a8d8 d5e3,476
r4rk1/pb1nqppp/1p2pn2/b1ppN3/Q1PP1B2/P4NP1/1P2PPBP/R4RK1 b - -,h7h6 a1b1 g7g5 f3g5 h6g5 f4g5 d7e5 d4e5 e7d7 a4d1,128
4rrk1/1pp2pp1/p1npqB1p/4p3/4P3/1PPPRN2/1P3PPP/R2Q2K1 b - -,e6f6 b3b4 f6e6 f3h4 e8d8 h2h3 d8d7 d1f3 c6e7 h4f5,9
8/1pp5/1p1P4/8/PP6/8/8/1k1K4 b - -,c7d6 d1d2 b1b2 d2d3 b2b3 a4a5 b6a5 b4a5 b3b4 d3d4,-847
q1r5/5pp1/p3p1k1/P7/1pN1P3/3B2Q1/1P3RP1/R6K b - -,c7d6 d1d2 b1b2 d2d3 b2b3 a4a5 b6a5 b4a5 b3b4 d3d4,Mate
4k3/5p2/K4P2/Pp1R2P1/1r6/8/8/8 b - -,c7d6 d1d2 b1b2 d2d3 b2b3 a4a5 b6a5 b4a5 b3b4 d3d4,Mate
r2qk2r/3p3p/p1n1pbpB/1pp5/6Q1/2PP2PN/PP3PKP/R4R2 b kq -,b5b4 f1e1 c6e7 c3b4 f6b2 a1b1 b2c3 g4f3 e7f5 h6g5,77
2r3k1/4bp2/4p2p/pb2P1p1/1p6/2P1R1B1/PP2NPPP/3K4 b - -,e7c5 e3f3 c8d8 e2d4 b5c4 d1c2 a5a4 b2b3 c4d5 f3e3,-282
r4rk1/4bppp/bqn1pn2/p2p4/P2P4/2N2NP1/1P2PPBP/R1BQ1RK1 b - -,a8c8 c3b5 c6b4 c1d2 f6e4 d2b4 e7b4 f3e5 a6b5 a4b5,-39
1q3r2/1p3pkp/3pb1p1/p1r1p3/P1P1P3/1PN4P/3Q1PP1/3RR1K1 b - -,b7b6 c3b5 c5c6 e1e3 b8d8 e3d3 d8f6 b5d6 f6f4 d2b2,421
r2q2k1/pp3ppp/2pbrn2/4B3/1n1P1N2/1QN5/PP3PPP/2R2RK1 b - -,d8e7 f4e6 f7e6 e5f6 g7f6 c3e4 d6f4 c1e1 b4d5 g2g3,396
r1b2rk1/1p4bp/n2p1n2/3Np3/p1P1P3/4BP2/PP1KB3/R5NR b - -,c8d7 d5b6 a8e8 g1h3 a4a3 b2b3 a6b4 h3f2 d7e6 a1g1,185
4rrk1/1pp2pp1/p1np1q1p/4p3/1P2P3/2PPRN2/1P3PPP/R2Q2K1 b - -,f6e6 f3h4 e8d8 h4f5 g8h7 d1h5 c6e7 a1e1 e7g8 f5h4,4
r4rk1/pp3p1p/1q1p1npQ/2p2b2/8/1BNP3P/PPP1N1P1/5R1K b - -,g8h8 h6f4 f6g8 c3d5 b6d8 e2c3 f5e6 c3b5 d8d7 f4d6,-192
r1bq1rk1/ppppnpbp/6p1/1B2n3/2PNP3/4B3/PP2QPPP/RN3RK1 b - -,c7c5 d4c2 a7a6 f2f4 a6b5 f4e5 g7e5 b1c3 b5b4 c3b5,-89
1r4k1/p1p1r1pp/1p1q4/3bN3/1P2nP2/P3P3/2Q3PP/R1BR2K1 b - -,e4f6 c1b2 d6e6 d1d2 b8e8 h2h3 d5e4 c2d1 e4a8 a1c1,169
rn1qk1nr/1pp1bppp/p3p3/3p4/3P1B2/2NQPN2/PPP2PPP/R3K2R b KQkq -,h7h6 e3e4 c7c6 e1a1 g8f6 c1b1 b7b5 a2a3 b5b4 a3b4,32
4k3/5p2/1K3P2/Pp1R2P1/6r1/8/8/8 b - -,h7h6 e3e4 c7c6 e1a1 g8f6 c1b1 b7b5 a2a3 b5b4 a3b4,Mate
2r3k1/p4ppp/4pn2/1P2p3/4P3/1PN3P1/P2R1PK1/8 b - -,g8f8 d2d3 f8e7 a2a3 h7h5 a3a4 c8d8 d3d8 e7d8 a4a5,10
r2qk2r/1b1nbppp/p1p1pn2/1p2N3/P2P4/1Q4P1/1B2PPBP/RN1R2K1 b kq -,,0
r1b4k/pp2b1r1/2n1p3/4P2Q/1q6/8/P1B2PPP/R1BR2K1 b - -,h8g8 c1h6 b4h4 h5e8 e7f8 h6g7 h4e7 e8f8 e7f8 g7f8,565
1q1r4/5pkp/1p1pb1p1/p1r1p3/P1P1P3/1PNR3P/3Q1PP1/3R2K1 b - -,h7h6 d3d6 d8d6 d2d6 b8d6 d1d6 e6c4 b3c4 c5c4 d6d3,484
r2qr1k1/pp3ppp/2pb1n2/4B3/1n1P1N2/1QN5/PP3PPP/2R1R1K1 b - -,b7b5 g2g3 g7g5 a2a3 g5f4 a3b4 f4g3 h2g3 f6g4 c3e4,59
1r3rk1/4ppbp/bn1p1np1/qBpPP1B1/P7/2N2N2/1P1Q1PPP/R3R1K1 b - -,d6e5 f3e5 a6b7 e5c6 b7c6 d5c6 b8d8 d2c1 b6c8 h2h3,295
r4rk1/pp3ppp/n1pNp3/8/8/2P5/P2R1PPP/5RK1 b - -,f8d8 f1b1 a6c5 d2d4 b7b6 f2f4 g8f8 b1d1 f7f6 g2g4,-350
7Q/8/4ppk1/3q2P1/8/2K1P3/8/2R5 b - -,,0
7k/2p1q1bp/1p1p2p1/pP1Pp2P/P1P5/r5P1/2K5/4Q2R b - -,e5e4 h5h6 e7e5 h6g7 h8g8 h1h2 e5d4 e1b1 a3c3 c2b2,-1109
4k3/5p2/PK3P2/3R2P1/1p4r1/8/8/8 b - -,g6h5 e1f1 e7f6 f1f6 g7f6 h1h5 a3a2 c2d3 h8g7 d3e3,Mate
1r3rk1/5pbp/n5p1/6B1/1p1P4/5P2/1P2NP1P/R3K2R b KQ -,f7f6 g5f4 b8b6 e1d2 g6g5 f4e3 f8d8 a1a5 g7f8 h1a1,120
4rr1k/pp2npb1/2q1NBpp/2ppP3/3P2PP/2P5/PP1Q1P2/R3R1K1 b - -,e7g8 e6g7 h8h7 g7e8 c6e8 d2f4 e8e6 f4f3 c5d4 c3d4,543
1r1qr1k1/3n1pbp/3p1np1/2pP4/1p2PPb1/4Q1PP/1P1N2B1/RNB2R1K b - -,g4f5 e3d3 c5c4 d3c4 d7b6 c4d3 f5d7 a1a5 d8c7 b2b3,-61
r2qkbnr/1b1p1ppp/p1n1p3/1p6/2pPP3/2P2N2/PPB2PPP/RNBQR1K1 b kq -,d8b6 d4d5 c6d8 b2b3 c4b3 a2b3 a8c8 d1e2 g8f6 c1b2,157
r1bqr1k1/pp2bB1p/2n1pn2/3p3Q/3P4/2P5/PP1N1PPP/R1B2RK1 b - -,g8g7 f7e8 f6h5 e8h5 c8d7 f2f4 g7h8 d2f3 d8g8 f4f5,-328
r1b1k2r/pp2qppp/2n2n2/2p1p3/3pP3/3P2PP/PPPNNPB1/R2Q1RK1 b kq -,g7g5 c2c3 g5g4 h3h4 a7a5 d2c4 a8a6 d1d2 e8h8 a1c1,-47
3Q3k/1p4rp/5nr1/p1p1p3/2P1Pp1K/5P2/PP6/5R2 b - -,f6g8 d8e8 g6h6 e8h5 h6h5 h4h5 g7g6 h5h4 h8g7 h4h3,-622
r6k/2p3p1/p6p/1p1BP3/5R2/P1P4P/1P1n2P1/6K1 b - -,a8d8 f4d4 c7c6 d5c6 d8d4 c3d4 h8g8 c6d5 g8f8 g1f2,534
4rrk1/1pp2pp1/p1npq2p/4p3/1P2P3/2PPRN2/1P1Q1PPP/R5K1 b - -,f7f5 a1f1 f5f4 e3e1 g7g5 d3d4 e6g6 d2d3 g6h5 d4e5,-15
4k3/P4p2/1K3P2/3R2P1/6r1/1p6/8/8 b - -,f7f5 a1f1 f5f4 e3e1 g7g5 d3d4 e6g6 d2d3 g6h5 d4e5,Mate
4r1k1/p6p/R3PBp1/8/1bp3P1/1P6/P5P1/6K1 b - -,,0
r4rk1/1pp3pn/p2p3p/3P4/3pPpPq/P2B1Q1P/1PP2R1K/5R2 b - -,f8f7 f3g2 a8f8 e4e5 d6e5 d3h7 g8h7 g2e4 h7g8 f2g2,-318
4rrk1/5ppp/p1pb4/1p5q/3P1Pb1/1BPQB3/PP3P1P/RN2R1K1 b - -,f8f7 f3g2 a8f8 e4e5 d6e5 d3h7 g8h7 g2e4 h7g8 f2g2,Mate
1r3rk1/4ppbp/bn3np1/qBpPN1B1/P7/2N5/1P1Q1PPP/R3R1K1 b - -,a6b7 e5c6 b7c6 d5c6 b8d8 d2c2 b6d5 c3d5 d8d5 g5e3,300
r1b2r2/1pp2pkp/3p1R2/p1nPp3/2P1P3/P5P1/1P1N2BP/R5K1 b - -,g7f6 a1f1 f6g7 b2b4 a5b4 a3b4 c5d3 c4c5 d6c5 b4b5,-561
r2r2k1/pp3ppp/n1p1p3/8/4N3/2P5/P2R1PPP/5RK1 b - -,d8d2 e4d2 a6c5 f2f4 a8d8 d2f3 f7f6 f1b1 g8f7 f3d4,-387
r4rk1/2q1bppp/p2p1n2/1p2p3/4P3/1NPQ4/PP2BPPP/3RR1K1 b - -,f8b8 a2a3 a6a5 d1a1 g7g6 b3d2 h7h5 g2g3 e7f8 e2d1,-6
7k/5p2/2p1qPrp/1p6/1P5P/2P5/5QP1/5R1K b - -,h8g8 f2f3 g6g4 g2g3 g4e4 f3f5 e4c4 f5e6 f7e6 f6f7,9
r1b1k2r/p3qppp/2n2n2/1pp1p3/3pP3/3P2PP/PPPNNPB1/R3QRK1 b kq -,e8h8 a2a4 b5a4 a1a4 a7a5 d2c4 c8e6 b2b3 e6c4 a4c4,-55
r3kb1r/ppq2ppp/3pbn2/2p5/2P1P3/5N2/PP3PPP/RNBQR1K1 b kq -,a8d8 b1c3 f8e7 b2b3 e8h8 c1f4 a7a6 d1d3 h7h6 a1d1,83
r1bqk1nr/ppppbppp/8/8/3PP3/8/PP1B1PPP/RN1QKB1R b KQkq -,d7d5 e4e5 c7c6 f1d3 d8b6 d2c3 g8h6 b1d2 c8f5 d2f3,30
r1bq1rk1/pppp1Bpp/2n2n2/4N3/1b6/2NPB3/PPP2PPP/R2Q1RK1 b - -,f8f7 e5f7 g8f7 e3g5 b4c3 b2c3 d7d6 d1b1 h7h6 b1b3,-126
8/8/ppp3kp/4K3/P2P2PP/8/1PP5/8 b - -,g6f7 e5d6 c6c5 d4d5 c5c4 d6c7 b6b5 d5d6 f7e6 d6d7,1013
4rrk1/1pp3p1/p1npq2p/4pP2/1P6/2PPRN2/1P1Q1PPP/R5K1 b - -,e6f5 e3e4 c6b8 f3h4 f5f7 e4e3 b8d7 d2e2 d7f6 e3f3,-32
r1bq1rk1/1p2b1pp/p2p1n2/P2Ppp2/2N5/8/1PPBBPPP/R2Q1RK1 b - -,f6d5 c4e3 d5f6 c2c4 f5f4 e3d5 f6d5 c4d5 c8f5 d1b3,-91
1r3rk1/4ppbp/1nP2np1/qBp3B1/P7/2N5/1P1Q1PPP/R3R1K1 b - -,b8d8 d2c2 b6d5 c3d5 d8d5 g5e3 f6g4 e3c5 a5c7 g2g3,319
1r1r2k1/p4ppR/1q1p1b2/3R4/1p2PpP1/3Q4/PPP1N3/4K3 b - -,g8h7 e4e5 h7g8 e5f6 d8e8 d5g5 b6g1 e1d2 g1e3 d3e3,-374
r3kb1r/1p1bpppp/1p1n1n2/3P4/3P4/1BN5/PP2NPPP/R1B1K2R b KQkq -,b6b5 c1f4 g7g6 e1h1 f8g7 a2a3 e8h8 e2g3 d6c4 b3c4,80
4r1k1/p6p/R3PBp1/8/1b4P1/1P6/6P1/6K1 b - -,,0
r5k1/pp3ppp/n1p1p3/8/8/2P5/P2N1PPP/5RK1 b - -,a6c5 d2c4 a8d8 f2f4 f7f6 c4a5 d8d6 a5c4 d6d7 g2g4,-388
r2r2k1/p4qpp/2p1pp2/2p5/2P1Q3/2P3P1/P3PP1P/1R3RK1 b - -,h7h6 e4c6 f7d7 c6e4 a8b8 b1d1 d7e8 h2h4 d8d7 d1b1,100
r4rk1/1ppqnpbp/p2p2p1/4n3/2PNP3/2N1B2P/PP2QPP1/3R1RK1 b - -,a8e8 c4c5 d7c8 c5d6 c7d6 d1c1 c8c4 e2d2 c4d3 d2e1,66
rn1q1rk1/1b4p1/2p1p2p/pp1P2b1/4QPN1/1P4P1/1B2P2P/R1R3K1 b - -,c6c5 e4e6 f8f7 f4g5 d8g5 c1c5 b8a6 a1f1 a8f8 f1f7,155
rnbqr1k1/1pp2pp1/p2b1n1p/3p4/3P1B2/3B1N1P/PPP1NPP1/R2Q1RK1 b - -,f6e4 f1e1 c8f5 f3e5 d8f6 f2f3 e4g5 d3f5 f6f5 d1d3,28
4rr1k/pp2np2/2q1NbpQ/2ppP3/3P2PP/2P5/PP3P2/R3R1K1 b - -,f6e4 f1e1 c8f5 f3e5 d8f6 f2f3 e4g5 d3f5 f6f5 d1d3,Mate
2rq1rk1/pp1n1pbp/2p1pn2/3p2B1/2PPb1PN/2N1PP1P/PP2B3/R2Q1RK1 b - -,h7h6 g5f6 d8f6 h4g2 e4h7 c4d5 c6d5 f3f4 d7b6 a2a4,135
r2q1rk1/3b2bp/n2p1n2/1p1Pp3/p3P3/P1N1BP2/1P1QB3/R3K1NR b KQ -,a8c8 c3a4 c8b8 a1c1 b5a4 e2a6 d8e8 c1c2 e8g6 h1h2,119
1r1qr1k1/3n1pbp/3p1np1/2pP1b2/1p2PP2/3Q2PP/1P1N2B1/RNB2R1K b - -,c5c4 d3c4 d7b6 c4b4 b6d5 b4a5 d8a5 a1a5 d5e3 f1g1,-64
rn1k1b1r/1p3p1p/p1q2P2/4RQ2/8/2N5/PPP1KP1P/7R b - -,f8d6 h1d1 b8d7 e5e3 h8e8 c3e4 e8e6 e2f1 a8c8 f5h7,-53
4rrk1/1pp3p1/p1np3p/4pq2/1P6/2PPRN2/1P1Q1PPP/4R1K1 b - -,c6e7 f3d4 f5d7 d4e2 e7d5 e3g3 e8e6 h2h3 d7f7 g3f3,-26
r2r2k1/2q1bppp/p2p1n2/1p2p3/4P3/1NPQ1B2/PP3PPP/3RR1K1 b - -,a8b8 g2g3 g7g6 b3d2 h7h5 d2f1 b5b4 c3b4 b8b4 e1e2,-2
4rk2/5ppp/5q2/1Np5/6bP/2N3P1/PRK2P2/7R b - -,f6f2 c2b1 f2f3 h1d1 f3g3 b1a1 g4d1 c3d1 h7h6 d1c3,-800
3r1rk1/pppq1ppp/3p4/n3pN2/4P3/2PPP3/PP4PP/R2Q1RK1 b - -,g7g6 d1g4 f7f6 f1f3 g8h8 f5h6 d7g4 h6g4 f6f5 e4f5,28
8/p2kqpQ1/2n1p1p1/1p1pP1N1/3P1P2/7R/r2R3P/7K b - -,a2d2 h3h7 d7c7 g7f6 c7b6 f6e7 c6e7 h7f7 e7c6 g5e6,-320
r4r1k/2p2p1B/pbnp1Pp1/1p4N1/3P4/7Q/PP3PPP/RNB2RK1 b - -,a2d2 h3h7 d7c7 g7f6 c7b6 f6e7 c6e7 h7f7 e7c6 g5e6,Mate
1r1qr1k1/3n1pbp/3p1np1/3P1b2/1pQ1PP2/6PP/1P1N2B1/RNB2R1K b - -,d7b6 c4b4 b6d5 b4a5 d8a5 a1a5 d5e3 f1e1 e3g2 h1g2,-47
7Q/8/4ppk1/6P1/4K3/4P3/8/5q2 b - -,f6f5 e4e5 f1a1 e5d6 a1h8 d6e6 g6g5 e6f7 h8f6 f7e8,-2000
2Q5/8/8/5KP1/8/8/1k6/8 b - -,f6f5 e4e5 f1a1 e5d6 a1h8 d6e6 g6g5 e6f7 h8f6 f7e8,Mate
3r3k/2p3p1/p6p/1p1BP3/3R4/P1P4P/1P1n2P1/6K1 b - -,d2b1 e5e6 c7c5 e6e7 d8e8 d4e4 b1d2 e4e2 g7g5 d5f7,599
8/8/8/8/6K1/3nR3/7k/8 b - -,d3c5 g4f3 c5d7 e3e7 d7c5 e7e2 h2g1 e2d2 c5e6 d2d5,Mate
rnbqk2r/1pp1bppp/p2ppn2/8/2PPP3/2N2N2/PP3PPP/R1BQKB1R b KQkq -,b8c6 f1d3 e8h8 e1h1 b7b5 c4b5 c6b4 d3e2 a6b5 e2b5,84
3r1rk1/pppq1ppp/2np4/4pN2/4P1Q1/2PPP3/PP4PP/R4RK1 b - -,d7f5 e4f5 f7f6 f1f3 d6d5 f3h3 e5e4 d3d4 g8h8 h3h4,545
1r2r1k1/2p1npp1/4q2p/1pQ1p3/1P2P3/2P2N1P/5PP1/R3R1K1 b - -,e6b6 c5e5 b8c8 a1d1 c7c5 d1d7 e7g6 e5f5 b6e6 f5e6,103
1r1qr1k1/pp3ppp/2pb1n2/4B3/1n1P1N2/PQN5/1P3PPP/2R1R1K1 b - -,g7g5 a3b4 g5f4 b3c2 f6g4 c2f5 g4e5 d4e5 d8e7 g2g3,136
6r1/2k3pp/4Rp2/p2p4/N2P4/2PK4/5PPP/8 b - -,g8b8 e6a6 b8b5 a6a7 c7c6 a7g7 b5b8 g7a7 c6b5 a4c5,524
rn1qkbnr/pp2pppp/2p5/3p1b2/3P4/4P3/PPPNNPPP/R1BQKB1R b KQkq -,e7e6 e2g3 f5g6 f1d3 c6c5 d4c5 f8c5 e1h1 b8c6 b2b3,-19
3r1rk1/4ppbp/1nP2np1/qBp3B1/P7/2N5/1P2QPPP/R3R1K1 b - -,f6d5 c3e4 c5c4 b5c4 g7b2 e2b2 b6c4 b2b5 a5b5 a4b5,310
8/6kP/8/8/4N3/8/8/5K2 b - -,,0
8/p2kqNQR/2n1p1p1/1p1pP3/3r1P2/8/7P/7K b - -,d7c7 f7d6 e7g7 h7g7 c7b6 g7b7 b6a6 f4f5 g6f5 b7b5,-325
5n2/1p5p/1kB3p1/5p2/PP6/4K1P1/5P2/8 b - -,b6c6 e3d3 f8e6 d3c3 e6g5 c3d3 g5e4 f2f3 e4g3 d3d4,-568
2kr1r2/pqp3pp/Bp2p1n1/4p3/8/Q1P1B1P1/PP3P1P/R4RKb b - -,h1f3 c3c4 b7a6 a3a6 f3b7 a6a3 e5e4 a1d1 d8d3 d1d3,463
rnbqk2r/ppp1ppbp/3p1np1/8/3PPB2/2N2N2/PPP1BPPP/R2QK2R b KQkq -,a7a6 d1d2 e8h8 f4h6 c7c5 h6g7 g8g7 e1a1 d8a5 c1b1,86
6k1/p4pp1/1p5p/4p3/2n5/1PP1B1P1/P4P1P/3K4 b - -,c4d6 c3c4 d6e4 a2a4 g8f8 d1c2 f8e7 b3b4 e7d7 b4b5,103
1r1qr1k1/pp3ppp/n1pb1n2/4B3/3P4/PQNN4/1P3PPP/2R1R1K1 b - -,f6g4 c1d1 g4e5 d4e5 d6f8 c3e4 d8c7 e1e3 c6c5 e4d6,47
r4r1k/1bp1nqb1/p2p1n1p/R2Pp3/1PP2p2/2N2P2/2NQBBPP/1R5K b - -,f7h5 b1a1 e7f5 c3e4 f5e7 c2e1 e7f5 h1g1 a8e8 b4b5,131
7k/7P/8/6N1/8/8/8/5K2 b - -,h8g7 f1g2 g7h8 g2f3 h8g7 f3e4 g7h8 e4d4 h8g7 d4c3,34
2rq1rk1/pp1n1pbp/2p1pnb1/3p2B1/2PP1PPN/2N1P2P/PP2B3/R2Q1RK1 b - -,h7h6 h4g6 f7g6 g5h4 g6g5 f4g5 f6h7 d1d3 h7g5 g1g2,182
4rrk1/1pp3p1/p1n4p/3ppq2/1P1P4/2P1RN2/1P1Q1PPP/4R1K1 b - -,e5e4 h2h3 f5g6 f3h2 c6e7 e3e2 e7f5 f2f3 e4e3 d2d3,-43
3r2k1/pp3ppp/n1p1p3/8/4N3/2P5/P4PPP/5RK1 b - -,g8f8 f2f4 f8e7 f1e1 a6c7 a2a4 d8d5 c3c4 d5d4 c4c5,-394
r1bq4/pppp1kpp/5n2/4n3/1b3Q2/2NPB3/PPP2PPP/R4RK1 b - -,b4c3 b2c3 e5g6 f4d4 d7d5 e3g5 d8d6 f2f4 c8f5 a1e1,-131
rn1qkbnr/1bp2pp1/pp1pp2p/8/3PPB2/2NB1N1P/PPP2PP1/R2QK2R b KQkq -,g8e7 e1h1 b8d7 d1e2 e7g6 f4g3 f8e7 e4e5 e8h8 a1d1,80
r7/pp3pkp/3prpp1/B2N4/4P3/1B3R2/PPP2PPP/5bK1 b - -,f1e2 f3e3 e2a6 d5c7 e6e5 a5c3 a8c8 c7a6 b7a6 c3e5,522
r1r3k1/pb1nqppp/1p2pn2/b1ppN3/Q1PP1B2/P4NP1/1P2PPBP/1R3RK1 b - -,h7h6 b2b4 d7e5 f3e5 d5c4 g2b7 e7b7 d4c5 f6d5 a4c2,227
rnbqr1k1/1pp2pp1/p4n1p/3p4/3P1N2/3B1N1P/PPP2PP1/R2Q1RK1 b - -,e8e7 f1e1 b8c6 e1e7 c6e7 d1e1 c8f5 e1b4 f5d3 f4d3,27
8/5k2/pppK3p/8/P2P2PP/8/1PP5/8 b - -,c6c5 d4d5 c5c4 d6c7 f7f6 d5d6 f6e5 d6d7 e5f4 d7d8q,1085
8/p1r3kp/4P3/3p1p1B/RPp2b2/2P5/5P1P/7K b - -,g7f6 a4a2 f4e5 h5f3 e5c3 f3d5 c3b4 a2c2 c4c3 h1g2,-200
2rr2k1/p4ppp/1p1Npbb1/8/3p1B2/2P1P2P/PP3PP1/R2R2K1 b - -,c8c6 d6b5 e6e5 b5a7 c6c7 a7b5 c7c5 e3d4 c5b5 d4e5,-129
8/p1k1q1QR/2n1p1p1/1p1pP1N1/5P2/8/6KP/3r4 b - -,e7g7 h7g7 c7b6 g7g6 b5b4 g5e6 b4b3 e6d8 d1c1 d8c6,-388
r1b2rk1/1p2qpbp/p1n1p1p1/8/N1B1P3/4B3/P1Q2PPP/1R1R2K1 b - -,f8e8 a4b6 a8b8 c4b3 g7e5 b3a4 e5c7 g2g3 e8d8 d1d8,109
1r1qr1k1/pp3ppp/n1pb4/4B3/3P2n1/PQNN3P/1P3PP1/2R1R1K1 b - -,g4h6 c3e4 d6c7 c1d1 d8e7 g2g4 g8h8 g4g5 h6f5 e4f6,125
r4rk1/1ppq2bp/p2p2p1/4nN2/2P5/2N1B2P/PP2QPP1/3R1RK1 b - -,e5g4 f5g7 g4e3 e2e3 d7g7 e3e6 g7f7 e6f7 f8f7 f1e1,517
4r1k1/p3q1pp/2p2p2/2p1p3/P1P5/2P1Q1P1/1R2PPKP/8 b - -,g7g6 a4a5 e5e4 a5a6 e7d6 h2h4 e8e7 b2d2 d6e5 d2d8,147
6r1/3k2pp/4Rp2/p1Np4/3P4/2PK4/5PPP/8 b - -,d7d8 e6a6 g8e8 a6a5 e8e1 c5b3 e1g1 g2g3 d8e8 b3d2,588
rn1qkb1r/pp2nppp/2p5/3ppb2/3P4/1N2P1N1/PPP2PPP/R1BQKB1R b KQkq -,e5e4 c2c4 f5g6 h2h4 h7h5 c1d2 b8d7 a1c1 a7a5 b3c5,12
4rrk1/1pp3p1/p1n4p/3p1q2/1P1Pp2N/2P1R3/1P1Q1PPP/4R1K1 b - -,f5h5 g2g3 c6e7 d2e2 h5f7 f2f4 f7e6 e3f3 e7f5 h4f5,-59
r3r1k1/2p2ppp/2p2q2/p7/2PN4/1PQ1P1Pb/PB3P1P/R5K1 b - -,c6c5 d4e2 f6c3 e2c3 e8d8 c3a4 d8d2 b2c3 d2c2 c3e1,-275
r2qk2r/pp1bb1pp/4p2n/1Ppp4/3p1B2/P4N2/2QN1PPP/R3KB1R b KQkq -,h6f7 f1d3 c5c4 d2c4 d5c4 c2c4 a8c8 c4b3 d8b6 f4d2,-59
N1b5/3n2kp/1p1nppp1/p1p5/N1P5/1P2P1P1/P4PBP/6K1 b - -,g7f7 a8b6 d7b6 a4b6 c8b7 b6a4 b7g2 g1g2 d6b7 f2f4,298
r1b2rk1/ppp1qppp/3b1n2/8/2B1PP2/P7/1PQN2PP/R1B2RK1 b - -,f6h5 d2b3 c7c6 c4e2 e7h4 e4e5 d6c7 c1e3 g7g6 c2c3,98
3r4/5pkp/1nB3p1/1P4P1/2p5/R1P1PK1P/8/8 b - -,d8d6 f3e4 b6c8 a3a4 d6d8 e4e5 d8d3 a4c4 d3e3 c6e4,400
8/8/8/7K/7N/8/3p2bQ/3B3k b - -,,0
7Q/8/4ppk1/6P1/8/3KP3/8/2q5 b - -,c1d1 d3c3 g6g5 h8g7 g5f5 g7h7 f5e5 h7h2 e5e4 h2f4,-20
8/4k3/8/5p2/4R3/8/5P2/1K6 b - -,,0
rnb2rk1/pp3ppp/1q1b1n2/2pp4/3P4/1PPB1N1P/P4PP1/RNBQ1RK1 b - -,f8e8 c1e3 c5d4 f3d4 b8d7 f1e1 d7e5 d3f1 c8d7 b1d2,6
r3kb1r/pp1q1ppp/2n1p3/3pP3/3Pn3/P4N2/1P3PPP/RNBQ1RK1 b kq -,d7d8 d1d3 f8e7 b1d2 e4g5 f3g5 e7g5 d2f3 g5c1 f1c1,16
3r2k1/p4ppp/npp1p3/8/4N2P/2P5/P4PP1/5RK1 b - -,g8f8 f2f4 a6c7 h4h5 h7h6 g2g4 f8e7 g4g5 c7d5 c3c4,-392
rn1qkb1r/p1p1pppp/b4n2/3p4/Q2P4/3BP3/PP3PPP/RNB1K1NR b KQkq -,d8d7 a4d7 f6d7 d3a6 b8a6 b1c3 e7e6 g1f3 f8e7 e1e2,-7
6k1/p4pp1/1p5p/4p3/2n5/2P3P1/PP3P1P/2BK4 b - -,f7f6 d1c2 g8f7 c2d3 b6b5 b2b3 c4a5 c1e3 a7a6 e3b6,35
5N1k/7P/8/8/8/8/8/5K2 b - -,h8g7 f1g1 g7h8 g1g2 h8g7 g2f3 g7h8 f3e4 h8g7 e4e5,28
2rq1rk1/pp1n1pb1/2p1pBbp/3p4/2PP1PPN/2N1P2P/PP2B3/R2Q1RK1 b - -,d8f6 h4g6 f7g6 c4d5 e6d5 e2d3 c8e8 d1d2 g6g5 c3e2,127
r4rk1/3bqppp/n1pp1n2/4p3/1PP1P3/3N1PP1/2QN2BP/R4RK1 b - -,h7h5 h2h4 d6d5 c2b2 d5e4 b2e5 d7e6 d2e4 f6e4 f3e4,14
3r4/7p/1nB2kp1/1P6/2p2K2/R1P1P2P/8/8 b - -,f6e6 e3e4 d8f8 f4e3 e6e5 a3a6 f8b8 h3h4 h7h6 a6a7,224
r3r1k1/2p2ppp/5q2/p1p5/2P5/1PQ1P1Pb/PB2NP1P/R5K1 b - -,f6c3 e2c3 e8d8 c3a4 d8d2 b2c3 d2c2 c3e1 h3d7 a4c5,-263
rnb1r1k1/1pp2pp1/p2q1n1p/3p4/3P1N2/3B1N1P/PPPQ1PP1/R4RK1 b - -,c8d7 a1e1 b8c6 c2c3 c6a5 d2c1 d7b5 e1e5 b5d3 f4d3,29
r2qr1k1/pb2npb1/1pn1p1pp/2pp4/4PP2/1BNPBN2/PPP3PP/R3QR1K b - -,d5d4 e3d2 d4c3 b2c3 d8d6 h2h4 f7f5 h4h5 c6a5 b3a4,-339
r3r3/1Q1nqpk1/p1p2npp/3p4/3P4/3BPPNP/PP4P1/2R1R1K1 b - -,a8c8 c1c6 c8b8 b7c7 b8b2 c7a5 d7f8 g3f1 e8b8 c6c2,150
r1bq1rk1/ppp2p2/2np3p/2b1N1pn/4P3/2NP2B1/PPP1BPPP/R2Q1RK1 b - -,h5g3 e5c6 g3e2 c3e2 b7c6 d3d4 c5b6 f2f4 c8g4 c2c3,-300
r1bqk2r/1pppnppp/p2b1n2/3Pp3/2P1P3/P1N2N2/1P3PPP/R1BQKB1R b KQkq -,h7h6 b2b4 c7c5 c3a4 b7b6 f1d3 e7g6 a1b1 d6c7 b4c5,97
3r1rk1/4ppb1/1nP2npp/qBp5/P7/2N1B3/1P2QPPP/R3R1K1 b - -,b6d5 c3d5 d8d5 e2c4 d5e5 e3d2 a5c7 e1e5 c7e5 d2c3,360
2r3k1/p4ppp/4pn2/1pP1p3/4P3/1PN3P1/P2R1PK1/8 b - -,b5b4 c3a4 f6e4 d2e2 f7f5 f2f3 e4c3 a4c3 b4c3 b3b4,-221
6r1/3k2pp/R4p2/p2p4/N2P4/2PK4/5PPP/8 b - -,g8d8 a6a5 d7e8 a4b6 e8f8 b6d5 f6f5 d5e3 g7g6 a5a1,621
r4rk1/3bqpp1/n1pp1n2/4p2p/1PP1P3/3N1PP1/2QN2BP/RR4K1 b - -,h5h4 c2b2 f8b8 g3h4 a6c7 a1a8 b8a8 b1a1 a8d8 a1a7,-18
rn1q1b1r/p2k1ppp/2pP1n2/1p3QB1/8/1BN5/PPP3PP/2Kb2NR b - -,d7d6 g5f4 d6e7 g1f3 e7e8 b3f7 e8f7 f3g5 f7e8 f5e6,584
3rq3/pk1b3r/1pnBp1pp/n2pPp2/P1pP1P1P/2P2B1N/2P3P1/RRQ3K1 b - -,b7a8 g1f2 a5b7 d6b4 d8b8 c1b2 e8d8 g2g3 d7e8 b4a3,-5
4rk2/5ppp/8/1Np5/6bP/1KN3P1/PR3q2/7R b - -,g4e6 b3a3 e8a8 c3a4 f2f3 b2b3 f3h1 g3g4 h1c1 b3b2,-6192
1r1r2k1/2q1bppp/p2p1n2/1p2p3/4P3/2PQ1B2/PP1N1PPP/3RR1K1 b - -,g7g6 g2g3 h7h5 a2a3 e7f8 d2f1 f8h6 h2h4 g8g7 f1e3,-4
3r1r2/pp3pkp/1q1p1np1/2p2bQ1/8/1BNP3P/PPP1N1P1/5R1K b - -,f6d7 f1f5 d8e8 f5f1 e8e5 g5h4 f7f5 d3d4 e5e8 d4c5,226
r1bqk2r/pppp1Bpp/2n5/8/3Pn3/1Q3N2/P4PPP/R1B2RK1 b kq -,e8f8 f1e1 c6a5 b3b4 f8f7 e1e4 h7h6 b4a5 d7d5 f3e5,535
4rrk1/1pp2q2/p1n3Np/3p2p1/1P1Pp3/2P1R2P/1P1Q1PP1/4R1K1 b - -,f7g6 c3c4 c6e7 d2c2 c7c6 c4d5 c6d5 f2f3 e7f5 e3c3,-433
2r2rk1/pp1n1pb1/2p1pqbp/3p4/2PP1PPN/2N1P2P/PP2B3/R3QRK1 b - -,c6c5 c4d5 c5d4 e3d4 f6d4 g1h2 e6d5 h4g6 f7g6 a1d1,90
rn1qk2r/3p3p/p3p1pB/1pp5/6Q1/3P2PN/PbP2PKP/4RR2 b kq -,d8b6 h3g5 e8d8 g5f7 d8c8 f7h8 b6c6 e1e4 b2h8 g4f3,235
r1b1k2r/pp1p1p1p/5p2/2pN4/1b2P3/8/PPP2PPP/2KR1B1R b kq -,e8f8 d5f6 b4a5 f1c4 d7d5 c4d5 a5c7 d5c4 h7h5 e4e5,331
r4rk1/1b2ppbp/6p1/pBp5/8/PP2BPqP/2P1Q1P1/3R1RK1 b - -,g7e5 f1e1 g3h2 g1f1 e5g3 e3g1 h2h1 e2e3 a8d8 e3g5,-75
3r2k1/p4ppp/1pp1p3/2n5/7P/2P3N1/P4PP1/5RK1 b - -,g8f8 g3e2 c5a4 f1c1 c6c5 c1c2 f8e7 c3c4 d8d1 g1h2,-430
r1r3k1/pb1nqppp/1p2pn2/b1p5/Q1NP1B2/P4NP1/1P2PPBP/1R3RK1 b - -,d7f8 d4c5 c8c5 f4e3 c5c8 c4a5 b6a5 a4a5 h7h6 b1c1,197
8/5k2/pp1K3p/2P5/P5PP/8/1PP5/8 b - -,b6c5 d6c5 f7f6 b2b4 f6e5 b4b5 a6b5 a4b5 e5f6 b5b6,1024
4rrk1/1pp5/p1n3qp/3p2p1/1P1Pp3/2P3RP/1P1Q1PP1/4R1K1 b - -,c6e7 g3e3 e7f5 c3c4 f5e3 f2e3 d5c4 d2e2 g8h8 e2c4,-488
rnbq1rk1/pp1p1pbp/2p2np1/4p3/2B1P3/P1NP1Q1P/1PP2PP1/R1B1K1NR b KQ -,a7a5 c4a2 d7d6 g1e2 b7b5 e1h1 c8e6 a2e6 f7e6 c1g5,-32
rn1qkb1r/p4ppp/2pP1n2/1p3QB1/8/1BN2N2/PPP3PP/2Kb3R b - -,d8d6 c3e4 b8d7 e4d6 f8d6 h1d1 g7g6 f5h3 d6e7 g5f6,677
7Q/8/4ppk1/5qP1/8/4P3/3K4/8 b - -,f6g5 d2e1 g5g4 h8g8 g6h5 g8h8 h5g5 h8d8 f5f6 d8d6,-192
r1bq4/2p1bkpp/pp1p1n2/3Pn3/1P1B1Q2/P1N5/2P2PPP/3R1RK1 b - -,e5g6 f4d2 c8d7 f2f4 f7g8 d2d3 d8f8 d3c4 e7d8 h2h3,-201
r5k1/1pp2rpn/p2p3p/3P4/3pPpPq/P2B3P/1PP2RQK/5R2 b - -,a8f8 e4e5 d6e5 d3h7 g8h7 f1e1 h6h5 g4h5 h4g3 h2g1,-346
1r6/8/Rn3kpp/1P1B4/2p2K2/2P1P2P/8/8 b - -,f6e7 e3e4 e7d6 d5c4 d6c5 c4e2 b8f8 f4e3 f8e8 e2d3,250
r1b2rk1/ppp1qppp/5n2/2b5/2B1PP2/P7/1PQN2PP/R1B2R1K b - -,f6g4 d2f3 c8e6 c4e6 f7e6 g2g3 a8d8 h1g2 h7h6 c2e2,83
rnb2rk1/p1q1ppbp/3p2p1/1p1n4/3P4/5NBP/PPPNBPP1/R2Q1RK1 b - -,c8d7 c2c3 d7c6 a2a4 b5a4 c3c4 d5f6 c4c5 f8c8 d2c4,5
3qr1k1/Q3np1p/3p2pb/1NpPp3/2P1P1b1/5N1P/4BPP1/1R4K1 b - -,e7c8 a7b7 g4d7 b1a1 d8e7 a1a6 h6f8 b7b8 e7f6 b8c7,128
k2rq3/p2b3r/1pnBp1pp/n2pPp2/P1pP1P1P/2P2BPN/2P5/RRQ3K1 b - -,e8f7 g1f2 d8g8 h3g1 a5b7 d6b4 f7e8 g1e2 e8d8 b4a3,-5
r4rk1/2qbbppp/4pn2/2ppN3/1p3P2/pP1PP1Q1/P1P1B1PP/R1B2RK1 b - -,d7b5 g3e1 f6d7 e5d7 c7d7 c1d2 a8c8 h2h3 d7b7 a1c1,-111
r2qk2r/pp1bbnpp/4p3/1Ppp4/3p1B2/P4N2/2QNBPPP/R3K2R b KQkq -,e7f6 a1d1 a8c8 e1h1 e6e5 f4g3 g7g6 e2d3 c5c4 f3e5,-145
r1br2k1/1p3ppp/p7/q2n2P1/R7/PPb2P2/1BP4P/1KQ2BNR b - -,c3b2 a4a5 b2c1 b1c1 b7b6 a5a4 d5c3 a4c4 d8d1 c1b2,-260
rn1qkbnr/pp3pp1/4p3/3p1b1p/8/1B1P3P/PPP1NPP1/RNBQK2R b KQkq -,b8c6 b1d2 f8d6 d2f3 g8e7 e2d4 f5g6 e1h1 c6d4 f3d4,-38
r1bq1k1r/pppp1Bpp/2n5/8/3Pn3/1Q3N2/P4PPP/R1B1R1K1 b - -,e4f6 f3g5 a7a5 c1a3 c6b4 f7e8 d7d5 g5f7 d8e8 e1e8,522
2kq1bnr/Qp3ppp/2p1b3/2n5/4P3/4BNP1/PPP4P/2KN1B1R b - -,e6g4 e3c5 f8c5 a7c5 g8f6 d1c3 h8e8 f3d2 e8e4 f1d3,480
rn2kb1r/p1pqpppp/b4n2/3p4/3P4/1Q1BP3/PP3PPP/RNB1K1NR b KQkq -,a6d3 b3d3 d7g4 g2g3 c7c5 b1c3 e7e6 h2h3 g4g6 d3g6,-17
r1q1kb1r/1b1n1ppp/p1p1pn2/1p6/P2P4/1Q3NP1/1B1NPPBP/R2R2K1 b kq -,f8e7 b2a3 c6c5 d4c5 d7c5 a3c5 e7c5 a4b5 e8h8 a1c1,16
rn1qk2r/ppp2pp1/3p1n2/2b1p2p/2B1P1bQ/3P3N/PPP2PPP/RNB1K2R b KQkq -,g4h3 h4h3 h5h4 b1d2 d8d7 h3d7 b8d7 a2a4 h4h3 g2g3,27
1r1qr1k1/pp3ppp/n1pb4/4N3/3P4/PQN4P/1P3PP1/2R1R1K1 b - -,d8f6 e5d7 f6f4 g2g3 f4d2 e1e8 b8e8 c1d1 e8e1 g1g2,69
3r2k1/p4ppp/1prNpbb1/8/3P1B2/4P2P/PP3PP1/R2R2K1 b - -,d8d6 f4d6 c6d6 a1c1 g8f8 c1c8 f8e7 d1c1 e6e5 g2g4,-147
1q1rr3/4bbkp/pp3pp1/2n4N/7Q/1P3P2/PB4PP/1B1RR1K1 b - -,g7f8 h5f6 e7f6 b2f6 e8e1 d1e1 f8g8 f6d8 c5e6 d8f6,Mate
r1b2rk1/p3qppp/2n2n2/1pp1p3/3pPP2/P2P2PP/1PPNN1B1/R2Q1RK1 b - -,a7a5 c2c3 d4c3 e2c3 e7d6 a1c1 a8b8 c3d5 e5f4 g3f4,-48
8/5k2/p6p/2K5/P5PP/8/1PP5/8 b - -,f7e6 b2b4 e6e5 b4b5 a6b5 a4b5 e5f4 g4g5 h6g5 h4g5,1965
1r6/4k3/Rn4pp/1P1B4/2p1K3/2P1P2P/8/8 b - -,b6d5 e4d5 b8b5 d5c4 b5h5 a6g6 h5h3 e3e4 h6h5 c4d4,3
6k1/1p3pp1/p7/8/8/2P5/KP6/7q b - -,g8h7 a2b3 h7g6 b3a4 g6f5 a4b4 f5f4 b4a3 h1f3 a3b4,-1457
1r1qr1k1/pp3ppp/n1p5/4P3/8/PQN4P/1P3PP1/2R1R1K1 b - -,d8e7 c1d1 a6c5 b3c4 e8d8 b2b4 c5e6 c3e4 d8d1 e1d1,38
r1bq1k1r/pppp1Bpp/8/n7/1Q1Pn3/5N2/P4PPP/R1B1R1K1 b - -,f8f7 e1e4 h7h6 b4a5 d7d5 f3e5 f7g8 e4e1 c8f5 c1f4,531
r4rk1/pbpnq1pp/1p1ppn2/5p2/2PP4/1Q1BPN1P/PP1N1PP1/R3K2R b KQ -,f6e4 a1d1 f8f6 d3e2 f6g6 e1h1 a7a5 d2e4 f5e4 f3h2,-85
8/4pp2/5P2/p3P1k1/ppP5/8/8/1K6 b - -,g5h6 f6e7 a4a3 e7e8q h6g7 e8e7 g7g8 e7d8 g8g7 d8a5,910
8/8/8/6n1/5K2/8/3R4/6k1 b - -,g5h6 f6e7 a4a3 e7e8q h6g7 e8e7 g7g8 e7d8 g8g7 d8a5,Mate
7k/5p2/2p2Prp/1p6/1Pq2Q1P/2P5/6P1/5R1K b - -,c4d3 f1f3 d3e2 g2g3 h8h7 f3e3 e2d1 h1h2 d1d2 h2h3,14
r4rk1/1b2pp1p/6p1/pBp1b3/8/PP2BPqP/2P1Q1P1/3RR1K1 b - -,g3h2 g1f1 e5g3 d1d3 h2h1 e3g1 a8d8 d3d8 f8d8 e1d1,-97
8/7Q/4p3/5qpk/8/4P3/3K4/8 b - -,e7e6 g1f1 e5c3 e3c5 f8d8 c5b6 d8c8 b6d4 c3e1 d1e1,Mate
r2qkb1r/ppp4p/2n2pb1/1B1pN3/6P1/7P/PPPPQP2/R1B2RK1 b kq -,f8e7 b5c6 b7c6 e5c6 d8d7 f1e1 g6e4 c6e7 e8e7 d2d3,753
8/8/3p4/1p1bp2p/2p3k1/2Pq4/4NK2/8 b - -,f8e7 b5c6 b7c6 e5c6 d8d7 f1e1 g6e4 c6e7 e8e7 d2d3,Mate
3r2k1/p4p1p/1pp1p1p1/2n5/5P1P/2P3N1/P5P1/5RK1 b - -,h7h5 g3e2 c5e4 a2a4 c6c5 f1a1 g8f8 a4a5 b6b5 a5a6,-451
3r1rk1/4ppb1/1nP2npp/qBp5/P7/2N5/1P1BQPPP/R3R1K1 b - -,a5a7 d2f4 f6d5 f4e5 g7e5 e2e5 d5c3 b2c3 e7e6 c3c4,322
k1brq3/p6r/1pnBp1pp/n2pPp2/P1pP1P1P/2P2BPN/2P4K/RRQ5 b - -,d8d6 e5d6 a5b7 c1b2 h7g7 h2g2 e8f8 g2f2 c8d7 f2e2,-27
rn2k2r/pbpp1pp1/1p2pq1p/8/2PPP3/2PQ1N2/P4PPP/R3KB1R b KQkq -,d7d6 g2g3 b8c6 f1g2 e8h8 e1h1 e6e5 g2h3 a7a5 f1e1,-26
rn1qk2r/p4ppp/2pb1n2/1p3QB1/4N3/1B3N2/PPP3PP/2Kb3R b - -,d6e7 h1d1 d8d1 c1d1 b8d7 d1c1 a8d8 c2c3 h7h6 g5f6,568
r1b1kb1r/pp3ppp/2n2n2/2qp4/4p3/3Q1NPP/PPPBPPB1/RN3RK1 b kq -,e4d3 e2d3 c8e6 f3g5 h7h6 g5e6 f7e6 c2c4 d5c4 d2e3,-645
1rr3k1/2q4p/5p2/1n1Pp1p1/2p1P1P1/4R1P1/1R3P2/1Q1B2K1 b - -,,0
rnbqkbnr/pp3ppp/4p3/2pP4/5P2/1P3N2/P2PP1PP/RNBQKB1R b KQkq -,f8e7 d5e6 c8e6 e2e3 b8c6 c1b2 g8f6 f1e2 e8h8 b1c3,100
1r1qr1k1/3n1pbp/3p1np1/1NpP4/1p2PPb1/4Q1PP/1P1N2B1/R1B2R1K b - -,g4h3 b5d6 h3g2 h1g2 e8e7 e3f3 d7b6 e4e5 f6d5 d2e4,61
3qr1k1/Q3np1p/3p2pb/1NpPp3/2P1P3/5B1P/5PP1/1R4K1 b - -,e7c8 a7b7 h6f8 f3g4 h7h5 g4c8 d8c8 b7c8 e8c8 b1a1,146
r2qkb1r/ppp4p/2n3b1/1B1pQ3/6P1/7P/PPPP1P2/R1B2RK1 b kq -,e8f7 b5c6 b7c6 e5h8 d8h4 h8c3 f8d6 c3f3 f7e7 d2d3,515
1r6/4k3/R5pp/1P1K4/2p5/2P1P2P/8/8 b - -,b8b5 d5c4 b5h5 a6g6 h5h3 c4d4 h6h5 g6h6 h5h4 e3e4,2
r1bq1rk1/ppp2p2/2Np3p/2b3p1/4P3/2NP2n1/PPP1BPPP/R2Q1RK1 b - -,g3e2 c3e2 b7c6 e2g3 c5b6 g1h1 b6d4 f2f4 g5f4 f1f4,-301
r1r3k1/p2nqppp/1pb1pn2/b1p5/2NP1B2/P4NP1/1P2PPBP/1R1Q1RK1 b - -,a7a6 d4c5 e6e5 f4e5 d7e5 c4e5 c6f3 e5f3 b6c5 d1a4,226
3r2k1/p6p/1pp1p1p1/2n2p2/5P1P/2P3N1/P5P1/4R1K1 b - -,d8d6 g3f1 g8f7 f1h2 f7e7 e1f1 c5e4 f1c1 d6d3 c1e1,-437
8/8/3p4/1p1bp2p/2p3k1/2P2q2/4N3/4K3 b - -,d8d6 g3f1 g8f7 f1h2 f7e7 e1f1 c5e4 f1c1 d6d3 c1e1,Mate
r1bqk2r/1pppnppp/p2b1n2/3Pp3/P1P1P3/2N2N2/1P3PPP/R1BQKB1R b KQkq -,d6b4 f1d3 d7d6 e1h1 a6a5 f3h4 h7h6 c1d2 g7g5 h4f5,16
4rrk1/1pp1n3/p5qp/3p2p1/1P1Pp2P/2P3R1/1P1Q1PP1/4R1K1 b - -,e7f5 g3g4 f5h4 c3c4 g6f5 g4h4 g5h4 c4d5 f5g5 d2e3,-530
8/4k3/R5pp/1r6/2K5/2P1P2P/8/8 b - -,b5h5 a6g6 h5h3 e3e4 h6h5 c4d4 h5h4 g6h6 e7f7 c3c4,4
5rk1/P6p/3p4/4pq2/1Q4PP/2P1b2K/1P4B1/8 b - -,f5d3 a7a8q e3g1 g2f3 f8a8 b4e4 d3e4 f3e4 a8f8 e4d5,-455
1rbr2k1/p3qppp/2n2n2/1pp1N3/3pPP2/P2P2PP/1PP1N1B1/R2Q1RK1 b - -,c6e5 f4e5 f6d7 a3a4 b5a4 a1a4 b8b2 a4a7 b2b7 a7b7,-41
2r2r2/1b1q1ppk/p2p1nnp/1p1Pp3/PP2P3/1P2BNPP/2B1QP1K/R1R5 b - -,h7g8 a4b5 a6b5 f3d2 f6h7 a1a5 f7f5 e2b5 d7b5 a5b5,226
2r2r1k/pp4pp/5q2/8/2Pp1p2/1P1BbN1P/PQ2R1P1/3R3K b - -,a7a5 b2a3 b7b6 a3a4 f8d8 b3b4 g7g5 a4b5 a5b4 b5g5,312
rn1qk2r/p3bppp/2p2n2/1p3QB1/4N3/1B3N2/PPP3PP/2KR4 b - -,f6d5 b3d5 c6d5 g5e7 d8e7 f5d5 g7g6 d5a8 e8f8 a8b8,632
r4rk1/pp1qbppp/2n1p3/3pP3/3Pn3/P4N2/1P1N1PPP/R1BQR1K1 b - -,a8d8 d2e4 d5e4 e1e4 d7d5 d1c2 d8c8 c2d3 f7f5 e5f6,39
r4rk1/1b2pp1p/6p1/pBp1b3/8/PP2BP1P/2P1Q1Pq/3RRK2 b - -,e5g3 e3g1 h2h1 e2e3 a8d8 e3g5 b7f3 g5g3 f3d1 b5d3,-76
r1bq1rk1/ppp2ppp/5n2/2b1pP2/4P1P1/1PN2Q2/1PP4P/R1B1K1NR b KQ -,a7a5 g4g5 f6d7 c1e3 c7c6 f3f2 c5e3 f2e3 d8b6 e3b6,87
rnb1r1k1/1pp2p2/p2q1n1p/3p2p1/3P4/3B1N1P/PPPQNPP1/R4RK1 b - -,b8d7 a1e1 f6e4 d2c1 d7f6 h3h4 g8g7 h4g5 h6g5 f3g5,115
3qr1k1/3n1pbp/3p1np1/1rpP4/1p2PPP1/4Q1P1/1P1N2B1/R1B2R1K b - -,c5c4 g4g5 f6d5 e3e2 b5c5 d2c4 d8c7 c4e3 d5e3 c1e3,-10
rnbqkbnr/pp3ppp/8/2pp4/5P2/1P2PN2/P2P2PP/RNBQKB1R b KQkq -,g8f6 c1b2 f8e7 f1b5 c8d7 b5d7 d8d7 f3e5 d7e6 b1c3,-24
6k1/p5p1/1p5p/4pp2/2n5/1PP3P1/P4P1P/2BK4 b - -,c4a5 d1c2 g8f7 a2a4 f7e6 h2h4 e6d5 f2f3 h6h5 c3c4,22
r1bq4/4bk1p/1p1p1p2/1NpP4/2Q5/P7/2P2PPP/3R1RK1 b - -,f6f5 f1e1 c8d7 d1d3 e7f8 d3h3 d8f6 c4e2 a8e8 e2h5,468
2r2rk1/2qbbppp/4pn2/2ppN3/1p3P2/pP1PPBQ1/P1P3PP/R1B2RK1 b - -,c5c4 c1d2 d7b5 f1b1 c4c3 d2e1 g8h8 b1d1 f6d7 e5d7,-126
rn1qk2r/pbp1bppp/1p2pn2/3pN3/3P4/2NBP3/PPPB1PPP/R2QK2R b KQkq -,e8h8 c3e2 c7c5 c2c3 b8c6 f2f4 f6e4 e1h1 e4d6 e2g3,-50
rn2kb1r/1pp2Np1/p2q1n1p/3p1p2/3P1B2/2N1P3/PPP2PPP/R2QK2R b KQkq -,d6f4 e3f4 e8f7 d1f3 c7c6 e1h1 b8d7 c3d1 g7g6 c2c4,410
1r1r2k1/2qnbppp/p2p4/1p2p3/4P3/2PQ1B2/PP3PPP/3RRNK1 b - -,g7g6 g2g3 d7f6 f1e3 h7h5 e1e2 e7f8 a2a3 f8h6 e3d5,25
8/8/3p2p1/1p1bpk2/2p4P/2P1p1P1/3NN3/5K2 b - -,d7f6 f1e3 h7h5 g2g3 g7g6 g1g2 a6a5 d3e2 d8c8 d1d3,Mate
4rrk1/1pp5/p5qp/3p1npP/1P1Pp3/2P3R1/1P1Q1PP1/4R1K1 b - -,g6h5 c3c4 f5g3 f2g3 d5c4 d2e3 h5f7 e1d1 g8h8 d1a1,-550
4r3/3k2pp/P7/1p3p2/7P/1P2P1P1/5KB1/8 b - -,d7e7 a6a7 e8d8 a7a8q d8a8 g2a8 b5b4 f2e2 e7d6 e2d3,525
r1bq1rk1/ppp2p2/2Np3p/2b3p1/4P3/2NP4/PPP1nPPP/R2Q1R1K b - -,e2c3 b2c3 b7c6 f2f4 g5g4 d3d4 c5b6 a2a4 a7a5 a1b1,-491
3r4/1p4k1/1bp1b3/1q2Pp1p/pP3PP1/P1R3P1/3r2B1/2N1QR1K b - -,d8e8 c3d5 g8g7 d1e2 e8c6 f2f4 c8e6 f4g5 e6d5 e2h5,Mate
rn2kbnr/pp1q1ppp/8/2pp4/3P4/2P5/PP2QPPP/RNB1K1NR b KQkq -,e8d8 g1f3 b8c6 e1h1 c5d4 f1d1 f8d6 f3d4 c6d4 d1d4,104
8/2Q5/6p1/1p3p1p/3q1k2/7P/Pr4P1/4R2K b - -,,0
8/8/4n3/8/8/6K1/3R4/6k1 b - -,f4g5 c7e7 g5h6 h3h4 b2a2 e7g5 h6g7 g5e7 g7h6,Mate
r1bq1rk1/pp3pb1/1np1pnpp/8/P1PP1B2/2N2N1P/1P3PP1/R2QRBK1 b - -,g6g5 f4h2 a7a5 d1e2 b6d7 a1d1 f8e8 f3e5 d8e7 e2e3,350
3r2k1/4bp2/4p2p/pb2P1p1/1p1N4/2P1R1B1/PP3PPP/3K4 b - -,b5f1 f2f4 f1g2 f4g5 e7g5 e3e1 g2d5 a2a4 b4a3 b2a3,-134
6k1/p6p/1pp1p1p1/2n2p2/5P1P/2Pr4/P3N1P1/4R1K1 b - -,d3d6 e2d4 c5e4 e1e3 c6c5 d4b5 d6d7 c3c4 g8f7 e3a3,-416
1rbr2k1/p4ppp/5n2/1pp1q3/3pP3/P2P1RPP/1PP1N1B1/R2Q2K1 b - -,f6d7 b2b4 e5d6 b4c5 d6c5 f3f2 d7e5 d1d2 c8e6 e2f4,-60
rnbq2n1/ppp3k1/3p4/7p/3PP1pP/2Q5/PPP3P1/RN3RK1 b - -,d8h4 c3c7 b8d7 b1d2 g4g3 d2f3 h4e7 c7a5 d7f8 a5h5,86
r3k2r/ppp3pp/4bq2/8/3bQ3/5N2/PP3PPP/R1B1R1K1 b kq -,e8h8 e4d4 f6f5 d4e5 f5e5 f3e5 a8d8 c1e3 a7a5 f2f4,460
r1bqk2r/p5pp/1n2Pb2/2B2Q2/p1p5/2P5/2B2PPP/RN2R1K1 b kq -,d8c7 b1a3 c8b7 a3b5 e8a8 b5c7 b7c6 e6e7 c8c7 e7d8q,1000
6k1/1p3pp1/8/p7/8/K1P5/1P6/7q b - -,d8c7 b1a3 c8b7 a3b5 e8a8 b5c7 b7c6 e6e7 c8c7 e7d8q,Mate
r1q2rk1/1b1nbppp/p1p1pn2/1p2N3/P2P4/1Q4P1/1B1NPPBP/2RR2K1 b - -,c6c5 a4b5 b7g2 g1g2 d7e5 d4e5 c8b7 b3f3 f6d5 b5b6,-34
8/p6p/1pk5/8/5B2/8/P1n2PKP/3R4 b - -,c2a3 d1d6 c6b5 d6d7 b5c4 d7h7 a7a5 g2h1 c4d5 h7g7,649
3r1rk1/q3ppb1/1nP2npp/1Bp5/P7/2N5/1P1BQPPP/3RR1K1 b - -,b6d5 e2c4 e7e6 b2b3 h6h5 h2h3 f6e8 c3e4 g7d4 d2h6,274
4rrk1/1pp5/p6p/3p1npq/1P1Pp3/2P3R1/1P2QPP1/4R1K1 b - -,f5g3 e2h5 g3h5 c3c4 d5c4 e1c1 h5f4 c1c4 c7c6 g1h2,-751
r1bN1rk1/ppp2p2/3p3p/2b3p1/4P3/2nP4/PPP2PPP/R2Q1R1K b - -,c3d1 a1d1 c5d4 d8b7 c8b7 f2f4 f7f6 d1a1 d4b6 f4g5,-602
r3k2r/ppq1bppp/3pbn2/2p5/2P1P3/3Q1N2/PP3PPP/RNB1R1K1 b kq -,e8h8 b1c3 f6d7 c1f4 d7e5 f4e5 d6e5 c3d5 e6d5 e4d5,82
2kB3r/1p2b1pp/p1n1qp2/P2p4/8/2PB4/2PQ1PPP/RR4K1 b - -,c8d8 b1b7 h8e8 d3a6 e7c5 a6f1 e6d6 a5a6 e8e7 b7e7,569
r2qr1k1/pb2npb1/1pn1p1pp/2pP4/5P2/1BNPBN2/PPP3PP/R3QRK1 b - -,e6d5 e3f2 a7a6 a2a4 e7f5 e1d2 c6d4 f3d4 f5d4 f2d4,-190
r3kb1r/pp1n1pp1/2p1p1p1/3n2P1/q3N3/4B2P/PPP1QPB1/1K1R3R b kq -,d5e3 f2e3 a4a5 e2f2 a5c7 h1f1 d7e5 f2g3 f8e7 h3h4,-47
rnb2rk1/2q1ppbp/p2p2p1/1p1n4/3P4/2P2NBP/PP1NBPP1/R2Q1RK1 b - -,b8d7 a2a4 a8b8 a4b5 a6b5 d2e4 d5f6 d1c2 f6e4 c2e4,-3
8/8/3p2p1/1p1bpk2/2p3PP/2P5/3pN3/5K2 b - -,c7b7 f1e1 c8d7 e2f1 b8c6 d1b3 c6a5 b3a3 a5c6,Mate
8/p4k1p/1pp1p1p1/2n2p2/5P1P/2Pr4/P5P1/2N1R1K1 b - -,d3c3 c1e2 c3d3 g1f1 f7e7 e2g1 d3d6 e1b1 c5d3 g2g3,-514
k1brq3/pn5r/1pn1p1pp/3pPp2/P1pP1P1P/B1P2BPN/2P4K/RRQ5 b - -,,0
8/8/4n3/3R4/8/6K1/8/5k2 b - -,d8d7 c1e3 d7g7 b1g1 c8d7 e3e2 c6e7 h4h5 a7a5 a3e7,Mate
r1r3k1/p2nqppp/1pb1p3/b1p1N3/2NPnB2/P5P1/1P2PPBP/1R1Q1RK1 b - -,d7f6 e5c6 c8c6 d1c2 a8d8 g2e4 c6c8 f4g5 c5d4 c2d3,469
7Q/8/4p3/5qp1/6k1/4P3/4K3/8 b - -,g4g3 h8b8 e6e5 e2d2 g5g4 b8h8 g3g2 h8a8 f5f3 e3e4,-672
4rrk1/1pp5/p6p/3p1np1/1P1Pp3/2P3R1/1P2RPP1/6K1 b - -,f5g3 e2e3 g3f5 e3e2 e4e3 c3c4 e3f2 e2f2 d5c4 f2f1,-755
r3r3/pb3kp1/2pB1p2/2Ppn2p/7P/4R3/PP2BPP1/2K1R3 b - -,f7g6 f2f4 e5g4 e2d3 e8e4 e3e4 d5e4 d3e4 g6h6 e4f3,651
2r2r1k/pp4pp/1qnbb3/2pp1p2/3Pn3/1PPBBN1P/PQ1N1PP1/R3R1K1 b - -,e6g8 d4c5 d6c5 e3c5 b6c5 f3d4 c6d4 c3d4 c5c3 b2c3,-67
1Qkq1bnr/1p3ppp/2p1b3/2n5/4PB2/5NP1/PPP4P/2KN1B1R b - -,c8d7 b8a7 d7e8 b2b4 c5e4 a7b7 g8e7 f1d3 e4d6 b7a6,305
1r1r2k1/p4ppp/4bn2/1p2q3/2ppPN2/P2P1RPP/1PP3B1/R4QK1 b - -,f6d7 f3f2 e5d6 f2d2 d7e5 f4d5 a7a5 d3c4 e5c4 d2d4,-72
7r/p1k3p1/8/2pp1pp1/7r/4PP1P/PP3PKR/3R4 b - -,c7c6 h2h1 a7a5 d1d2 g5g4 f3g4 f5g4 h1c1 g7g5 d2c2,-75
1r2r1k1/1q3pbp/n4np1/pp1P4/8/PQN5/1P2NPPP/R1B2RK1 b - -,a6c5 b3d1 b5b4 a3b4 a5b4 c3a4 c5e4 e2g3 b8d8 g3e4,-104
1rr3k1/7p/5p2/1RqPp1p1/B3P1P1/2p1R1P1/5P2/1Q4K1 b - -,c5b5 a4b5 c3c2 b1c1 b8b5 e3e1 b5b1 c1b1 c2b1b e1b1,131
1r1r2k1/2q1bppp/p2p4/1pn1p3/4P3/2P2B2/PP2QPPP/3RRNK1 b - -,d6d5 e4d5 e7d6 g2g4 g7g6 f1g3 b5b4 c3c4 b4b3 a2a3,29
rnbqk2r/ppp2ppp/4pn2/6B1/1b1PpQ2/2N5/PPP2PPP/R3KBNR b KQkq -,b8d7 f4g3 h7h6 g5d2 b4d6 g3h4 c7c5 c3e4 f6e4 h4e4,-90
r4rk1/1b2ppbp/6p1/pBp5/8/PP3PqP/2P1QBP1/R4RK1 b - -,g3d6 a1d1 g7d4 g1h1 d6f6 a3a4 f8d8 f2g3 e7e6 d1d3,60
r2qk2r/p2nbppp/2p2B2/1p3Q2/4N3/1B3N2/PPP3PP/2KR4 b - -,g7g6 b3f7 e8f8 f6e7 d8e7 f7g6 d7f6 g6h5 h8g8 d1d7,999
8/p4k1p/1pp1p1p1/2n2p2/5P1P/2r5/P3N1P1/4R1K1 b - -,c3d3 g1f1 f7e7 e1c1 d3d2 e2c3 a7a5 c3e2 c5e4 e2g1,-523
4rk2/5ppp/4b3/1Np5/7P/K1N3P1/PR3q2/7R b - -,c3d3 g1f1 f7e7 e1c1 d3d2 e2c3 a7a5 c3e2 c5e4 e2g1,Mate
rnb1r1k1/1pp2p2/p2q1n1p/3p4/3P2P1/3B1N2/PPPQNPP1/R4RK1 b - -,f6e4 d2f4 d6f4 e2f4 e4f6 g4g5 h6g5 f3g5 c8d7 f1e1,253
r4rk1/1pp1q1pn/p2p3p/3P4/3pPpP1/P2B3P/1PP2RQK/5R2 b - -,e7e5 h2g1 g7g5 g2f3 h7f6 f1c1 a8e8 c2c3 e8e7 d3b1,-246
4rrk1/1pp5/p6p/3p2p1/1P1Pp3/2P3P1/1P2R1P1/6K1 b - -,g5g4 b2b3 g8h8 c3c4 e4e3 e2e1 e3e2 c4c5 h6h5 b4b5,-960
4r3/P1k3pp/8/1p3p2/7P/1P2P1P1/5KB1/8 b - -,b5b4 a7a8q e8a8 g2a8 c7d7 f2e2 d7d6 e2d3 d6c5 a8f3,577
4rrk1/1ppqnp1p/p1np1Pp1/4b3/2PNP3/2N1B2P/PP2Q1P1/3R1RK1 b - -,e7f5 d4f5 e5c3 b2c3 e8e4 f5g3 e4h4 e3f4 h7h6 c4c5,419
r4rk1/1p1n1pp1/p1pq1n1p/3p4/3P4/3BPQ1P/PP2NPP1/2R2RK1 b - -,g7g6 f3f4 d6f4 e2f4 f8e8 c1c3 a6a5 c3b3 a8a7 f1c1,32
r1b1nrk1/ppp2ppp/8/2b1pPP1/1q2P3/1PN2Q2/1PPBN2P/R3K2R b KQ -,a7a6 c3a4 b4b5 e2c3 b5c6 a4c5 c6c5 e1a1 a6a5 d2e3,292
3r2k1/5p2/4p2p/pbb1P1p1/1p1N4/2P1R1B1/PPK2PPP/8 b - -,b5f1 f2f4 f1g2 f4g5 b4c3 b2c3 h6g5 e3e2 g2d5 d4b3,-91
8/5p1p/4p1p1/5r2/4kP1P/1P1R2P1/2K5/8 b - -,f5b5 d3d7 e4f3 d7f7 b5h5 b3b4 f3g3 c2d3 h5h4 b4b5,-4
3r1rk1/q3ppb1/2P2npp/1Bpn4/P7/2N1B3/1P2QPPP/3RR1K1 b - -,d5c3 b2c3 f6d5 d1d3 d5c3 e2d2 d8d3 d2d3 g7d4 e1c1,190
2r2r1k/3R3p/pp3p2/8/2P2PP1/3pq2P/P5K1/B1R5 b - -,e3d2 g2g3 d2c1 a1b2 c1b2 g4g5 b2c1 a2a3 c1e1 g3g2,-1424
8/p4k1p/1pp1p1p1/2n2p2/5P1P/3r4/P3NKP1/4R3 b - -,c5e4 f2f1 c6c5 e2g1 f7e7 h4h5 g6h5 g1f3 e4d2 f1e2,-549
8/pp1r2kp/2p1n1p1/4P3/6N1/P5PP/1PR3K1/8 b - -,d7d5 c2e2 e6d4 e2d2 b7b6 b2b4 c6c5 b4c5 b6c5 d2b2,-33
6k1/p5p1/1p1n3p/4pp2/2P5/1P4P1/P4P1P/2BK4 b - -,g8f8 d1c2 f8e7 c1e3 d6e4 a2a4 g7g5 f2f3 e4c5 a4a5,42
rnbqkb1r/pp3ppp/5n2/2pp4/5P2/1PN1PN2/P2P2PP/R1BQKB1R b KQkq -,f8d6 f1b5 b8d7 d2d4 a7a6 b5e2 e8h8 e1h1 b7b5 d4c5,-21
r3kb1r/1p1bpppp/3n1n2/1p1P4/3P1B2/1BN5/PP2NPPP/R3K2R b KQkq -,b5b4 c3d1 g7g6 d1e3 d7a4 b3a4 a8a4 e1d2 f6e4 d2c2,90
8/8/4k3/2P3pp/4P3/2R3KP/7r/8 b - -,h2a2 c5c6 a2a8 h3h4 g5g4 c3c5 a8h8 c6c7 e6d7 c7c8b,277
8/8/p3k2p/2K5/PP4PP/8/2P5/8 b - -,h2a2 c5c6 a2a8 h3h4 g5g4 c3c5 a8h8 c6c7 e6d7 c7c8b,Mate
8/8/8/1p3p1Q/3kq3/6P1/7K/8 b - -,b5b4 h5d1 d4c3 d1a1 c3c2 a1a2 c2d3 a2a6 d3d2 a6a5,-644
8/p4k1p/1pp1p1p1/5p2/4nP1P/3r4/P3N1P1/4RK2 b - -,e4g3 e2g3 d3g3 h4h5 g6h5 f1f2 g3a3 e1h1 a3a2 f2f3,-567
r1bq4/4bkpp/1p1p1B2/1NpP4/2n2Q2/P7/2P2PPP/3R1RK1 b - -,e7f6 f4c4 c8f5 f1e1 f7f8 e1e3 h7h6 e3f3 f5h7 c4e2,370
2r3k1/7p/5p2/1QqPp1p1/B3P1P1/2p1R1P1/5P2/6K1 b - -,h7h5 b5c5 c8c5 a4c2 h5g4 e3d3 g8f8 g1f1 f8e8 f1e2,449
rnbqk2r/ppp2ppp/4pn2/6B1/3PpQ2/2P5/P1P2PPP/R3KBNR b KQkq -,d8d6 g1e2 b7b6 c3c4 h7h6 g5f6 d6f4 e2f4 g7f6 e1a1,-97
1r1r2k1/p5pp/4p3/1p2q2n/2ppP3/P2P1RPP/1PP2QB1/R5K1 b - -,d8f8 g1h2 a7a5 a1d1 f8f3 g2f3 b8f8 h2g2 a5a4 d1f1,-52
8/8/4n3/4R3/8/6K1/4k3/8 b - -,d8f8 g1h2 a7a5 a1d1 f8f3 g2f3 b8f8 h2g2 a5a4 d1f1,Mate
3r1rk1/q3ppb1/2P2npp/1Bp5/P7/2P1B3/4QPPP/3RR1K1 b - -,f6d5 e2c2 e7e6 h2h4 d5c3 d1c1 d8d5 e3d2 c3b5 a4b5,184
6k1/1p3pp1/8/p7/4q3/KPP5/8/8 b - -,f6d5 e2c2 e7e6 h2h4 d5c3 d1c1 d8d5 e3d2 c3b5 a4b5,Mate
2n1rrk1/1pp2p1p/p1qp1Pp1/3Nb3/2P1P3/4B2P/PP2Q1P1/3R1RK1 b - -,a6a5 e2f2 c6d7 e3h6 c8b6 d5b6 c7b6 f2b6 d7c8 b2b3,289
4rRk1/1pp5/p7/3p3p/1P1Pp1p1/2P3P1/1P4P1/6K1 b - -,a6a5 e2f2 c6d7 e3h6 c8b6 d5b6 c7b6 f2b6 d7c8 b2b3,Mate
rnbqk2r/pppp2pp/4pn2/5p2/1bP5/P3P3/1B1P1PPP/RN1QKBNR b KQkq -,b4e7 f1e2 e8h8 d2d4 c7c5 b1c3 c5d4 e3d4 d7d5 g1f3,-84
k1brq3/pn5r/1p2p1pp/n2pPp2/P1pP1P1P/B1P2BPN/2P4K/RR1Q4 b - -,h7g7 d1d2 a5c6 b1g1 h6h5 g1b1 c8d7 d2c1 d8b8 h3f2,23
r5k1/p1p3pp/2p5/4p3/3pP2q/P6b/1PPB3P/RNQ1R2K b - -,h7g7 d1d2 a5c6 b1g1 h6h5 g1b1 c8d7 d2c1 d8b8 h3f2,Mate
3r3k/6p1/p1B4p/1p2P3/3R4/P1P4P/1P1n2P1/6K1 b - -,d8b8 d4d2 b8c8 e5e6 c8c6 d2d8 h8h7 e6e7 c6e6 e7e8q,748
1r3rk1/p5pp/4p3/1p2q2n/2ppP3/P2P1RPP/1PP2QB1/5RK1 b - -,f8f3 f2f3 h7h6 g1h2 h5f6 f3f2 b8c8 f2f4 e5f4 g3f4,-71
2r2r1k/3R3p/pp3p2/8/2P2PP1/3p1K1P/P2q4/B1R5 b - -,d2c1 f3g2 c1a1 a2a4 a1a4 c4c5 a4a2 g2g3 d3d2 d7d8,-2265
2r2r1k/pp4pp/1qnbb3/2pp4/3PNp2/1PPBBN1P/PQ3PP1/R3R1K1 b - -,d6b8 e4c5 f4e3 e1e3 e6h3 g2h3 b8f4 a1e1 f4e3 e1e3,414
8/8/8/4pqp1/6k1/4P3/4K2Q/8 b - -,d6b8 e4c5 f4e3 e1e3 e6h3 g2h3 b8f4 a1e1 f4e3 e1e3,Mate
1r1r2k1/2q1bp1p/p2p1np1/1p2p3/4P3/2PQ1B2/PP3PPP/3RRNK1 b - -,b5b4 c3b4 b8b4 b2b3 a6a5 f1e3 a5a4 d1c1 c7b7 c1c3,-9
8/8/8/1p3p1Q/1q1k4/6P1/8/6K1 b - -,b4e1 g1h2 e1f2 h2h3 f2f1 h3h2 b5b4 h5f7 d4c3 f7c7,-456
rn2kb1r/ppp2ppp/5n2/3qp3/2B3b1/1PP2N2/P2P1PPP/RNBQK2R b KQkq -,d5e4 d1e2 e4e2 c4e2 b8c6 e2b5 g4f3 g2f3 e8a8 d2d3,-94
3r4/1p4k1/1bp1b3/1q2Pp1p/pP3Pp1/P1R3PP/3r2BK/2N1QR2 b - -,b5d5 f1f2 b6f2 e1f1 d5d4 c1e2 d4b6 g2e4 f5e4 f4f5,-837
r1b2rk1/2q1ppbp/p1np2p1/1p1n4/P2P4/2P2NBP/1P1NBPP1/R2Q1RK1 b - -,b5b4 c3c4 d5f6 d2b3 c6a5 c4c5 a5b3 d1b3 c8e6 e2c4,59
8/5p1p/4p1p1/1r6/1PR2PkP/2K3P1/8/8 b - -,g4g3 c4e4 h7h5 c3c4 b5b8 b4b5 g3h4 f4f5 h4g3 f5e6,-301
r1b3k1/pp4b1/2n1p3/4P2Q/5q2/5R2/P1B2PPP/R5K1 b - -,f4f3 c2h7 g8f8 h5f3 f8e7 f3a3 e7f7 a1d1 g7e5 a3f3,813
rnbq1rk1/ppp1ppbp/3p1np1/6B1/3PP3/2N2P2/PPPQ2PP/2KR1BNR b - -,h7h5 h2h4 b8c6 c1b1 a7a5 g2g4 h5g4 h4h5 f6h5 d2g2,163
r2qr1k1/pb2npb1/1pn3pp/2p5/3pNP2/1B1P1N2/PPPB2PP/R3QRK1 b - -,e7f5 e1f2 f5e3 f3e5 c6e5 f4e5 b7d5 e4d6 d5b3 d6e8,-49
r1b1kb1r/ppp1pppp/6q1/3n4/1nB5/NP3Q2/PBPP1PPP/R3K1NR b KQkq -,c8g4 f3g3 e7e6 g1f3 g6e4 e1f1 g4f3 g2f3 e4f5 g3g4,-132
8/8/3Q4/2R5/2qp1pp1/2p2k2/2K5/8 b - -,c4a2 c2d3 a2d2 d3c4 c3c2 d6c6 f3f2 c4d5 d4d3 c5c4,-592
2r3k1/7p/5p2/1B1Pp1p1/4P1P1/6P1/2p2P2/4R1K1 b - -,c2c1r e1c1 c8c1 g1g2 c1e1 g2f3 g8f7 b5e2 f7e7 e2d3,-158
5rk1/1pp5/p7/3p3p/1P1Pp1p1/1PP3P1/6P1/6K1 b - -,c8c5 e1c1 c5b5 c1c2 b5b1 g1g2 b1a1 g2f3 a1e1 c2d2,Mate
r2q3r/p2nbk1p/2p2p2/1p3QN1/4N3/8/PPP3PP/2KR4 b - -,f7g7 d1d7 d8d7 f5d7 h8e8 e4d6 f6g5 d6e8 g7f8 e8d6,768
8/pp5p/2p1k1p1/3rPn2/4R1N1/P4KPP/1P6/8 b - -,d5d3 g4e3 d3e3 e4e3 f5e3 f3e3 e6e5 e3d3 b7b5 d3e3,-355
7k/6p1/p1B4p/1p2P3/3P4/P6P/1P1n2P1/6K1 b - -,h6h5 e5e6 d2c4 e6e7 c4d6 e7e8q d6e8 c6e8 g7g6 g1f2,722
2r3k1/5p2/4p2p/pbb1P1p1/1p1N4/2P1R1B1/PP3PPP/3K4 b - -,b5c4 h2h4 c4a2 h4g5 a5a4 g5h6 c5d4 c3d4 a2b3 e3b3,-250
R4rk1/3P1p1p/1r4p1/3pb3/3N4/4P3/5PPP/2R3K1 b - -,b6d6 c1c8 d6d7 c8f8 g8g7 f8g8 g7h6 d4f3 e5c3 g2g4,635
8/8/2P1k3/2R3pp/4P3/3r3P/6K1/8 b - -,d3d8 c5g5 h5h4 g5h5 d8f8 h5h4 f8f7 h4h5 e6d6 h3h4,454
r1q2rk1/1b1Nbppp/p3pn2/1pp5/P2P4/1Q4P1/1B1NPPBP/2RR2K1 b - -,f6d7 d4c5 b7g2 g1g2 d7c5 b3f3 f8d8 b2a3 b5a4 c1c2,-46
r4k2/5ppp/4b3/1Np5/N6P/K5P1/PR3q2/7R b - -,f6d7 d4c5 b7g2 g1g2 d7c5 b3f3 f8d8 b2a3 b5a4 c1c2,Mate
5rk1/p5pp/3qp3/1p2P2n/2pp4/P2P2PP/1PP2QB1/5RK1 b - -,f8f2 e5d6 f2f8 f1e1 c4d3 c2d3 g8f7 g2c6 h5g3 c6b5,42
1r1r2k1/2q1bp1p/p2p1np1/4p3/1p2P3/2PQNB2/PP3PPP/3RR1K1 b - -,b4c3 b2c3 c7a5 e1e2 d8c8 e2c2 h7h5 g2g3 c8c6 c3c4,-22
8/2b3kp/8/3p1p2/1Pp5/2P2B2/5P1P/7K b - -,,0
Q4rk1/7p/3p4/4p3/1Q4PP/2Pq1B1K/1P6/6b1 b - -,g1c5 a8d5 g8h8 d5d3 c5b4 c3b4 h7h5 g4g5 f8f4 d3d6,690
3r4/4k1pp/5p2/R2p4/N1PP4/3K4/5PPP/8 b - -,d5c4 d3c4 f6f5 a4c5 h7h5 d4d5 f5f4 a5a6 g7g5 c4d4,727
r4rk1/1pp4n/p2p3p/3Pq1p1/3pPpP1/P2B1Q1P/1PP1R2K/5R2 b - -,f8f7 f1g1 h7f8 h2h1 f8g6 f3f2 a8f8 e2d2 g8g7 a3a4,-313
6k1/p4ppp/1p1rpbb1/8/3P4/4P2P/PP3PP1/2RR2K1 b - -,g8f8 c1c8 f8e7 f2f3 e6e5 d4d5 e5e4 b2b3 a7a5 c8a8,-157
3r1rk1/q3ppb1/2P3pp/1Bpn4/P7/2P5/3BQPPP/3RR1K1 b - -,e7e6 d1c1 d8d6 h2h4 f8c8 e2c4 d5b6 c4f4 c8d8 c1c2,172
1r3Rk1/p5pp/3qp3/1p5n/2ppP3/P2P2PP/1PP2QB1/5RK1 b - -,b8f8 e4e5 f8f2 e5d6 f2f8 f1e1 c4d3 c2d3 g8f7 e1f1,48
5r2/pp4k1/2q4p/2pN1ppP/2P1r3/1P3QNP/1P6/5R1K b - -,c6e8 g3e4 e8e4 f3e4 f5e4 f1f8 g7f8 h1g2 f8f7 d5c3,458
8/7k/7P/6P1/8/2K5/p7/8 b - -,c6e8 g3e4 e8e4 f3e4 f5e4 f1f8 g7f8 h1g2 f8f7 d5c3,Mate
rnbqk2r/ppp2pp1/4pB1p/3p4/1b1PP3/2N2Q2/PPP2PPP/R3KBNR b KQkq -,d8d7 f6g7 h8g8 g7h6 e6e5 h6d2 b8c6 e4d5 b4c3 d2c3,531
5k2/1pr4r/p2pK3/4p1p1/4P3/5P2/P1P2P2/6R1 b - -,h7h6 e6f5 c7f7 f5g4 h6h4 g4g3 h4f4 g3g2 f4f3 g1d1,-658
5rk1/1pp5/p7/7p/1PPP2p1/4p1P1/6P1/6K1 b - -,c7c2 e6d6 h7e7 d6d5 c2d2 d5c4 e7g7 g1h1 g7g6 f3f4,Mate
8/p4k1p/1pp1p1p1/5p2/4nP1P/3r4/P3N1P1/4R1K1 b - -,c6c5 a2a4 f7e7 e2c1 d3d5 g2g4 e4c3 g4g5 c5c4 h4h5,-571
8/8/2P1k3/2R3pp/4P3/3r3P/5K2/8 b - -,d3d8 c5g5 d8c8 g5h5 e6d6 h5h6 d6e5 f2f3 c8c7 h3h4,605
8/2b3kp/8/5p2/1PpP4/5B2/5P1P/7K b - -,,0
2n2rk1/1pp2p1p/p1qprPp1/3N4/2P1P3/4B2P/PP3QPK/3R1R2 b - -,c6c4 f2h4 g8h8 d1c1 c4a4 c1c7 a4e8 c7e7 c8e7 f6e7,723
5bk1/1R2np1p/B3p1p1/8/q7/1Q6/P1r2PPP/3R2K1 b - -,a4c6 a6d3 c2c3 b3b1 c6a4 b7b4 a4a5 d3e4 c3a3 b4b5,224
6k1/5pp1/8/pp6/1P2q3/K1P5/8/8 b - -,a4c6 a6d3 c2c3 b3b1 c6a4 b7b4 a4a5 d3e4 c3a3 b4b5,Mate
8/8/p6p/2K1k1P1/PP5P/8/2P5/8 b - -,a4c6 a6d3 c2c3 b3b1 c6a4 b7b4 a4a5 d3e4 c3a3 b4b5,Mate
r1bq1rk1/p1pn1ppp/1p6/2b1pPP1/4P3/1PN2Q2/1PP1N2P/R1B1K2R b KQ -,d7b8 c1d2 a7a5 e1a1 b8c6 c1b1 c6d4 e2d4 e5d4 c3d5,136
r1b1kb1r/pp3ppp/2n2n2/2qp4/8/1Q3PP1/PPPB1PBP/RN3RK1 b kq -,f8e7 c2c3 e8h8 d2e3 c5a5 b1d2 h7h6 f1e1 a5c7 a1d1,-360
8/8/8/5qpk/4p3/4P3/4K2Q/8 b - -,h5g6 h2d6 f5f6 d6g3 f6b2 e2e1 b2a1 e1f2 a1h8 f2g1,-421
2r5/4k1pp/5p2/R2K4/N2P4/8/5PPP/8 b - -,c8c2 a5a7 e7f8 a4c5 c2f2 c5e6 f8g8 d5d6 h7h5 a7g7,664
r3r3/pb1n1k2/2pB1pp1/2Pp3p/5P1P/3BR3/PP4P1/2K1R3 b - -,a8d8 e3e7 e8e7 e1e7 f7g8 d3g6 b7c8 g6h5 g8h8 g2g4,915
rr4k1/1pQnqp2/p1p2npp/3p4/3P4/3BP1NP/PP3PP1/2R1R1K1 b - -,e7d8 c7d8 b8d8 g3e2 f6e8 g2g3 g8g7 a2a4 a6a5 g1g2,29
r4rk1/pp1q1ppp/2n1p3/3pP3/3P4/P4N2/1P3PPP/2RQR1K1 b - -,a8c8 d1d2 c6e7 h2h4 h7h6 h4h5 d7b5 c1c8 f8c8 e1e3,-20
r2q1b2/5k1p/bp1p1p2/1NpP4/P5Q1/8/2P2PPP/3R1RK1 b - -,d8c8 g4h5 f7g8 f1e1 c8d7 d1d3 a6b5 a4b5 f6f5 d3f3,542
8/2b3kp/8/5p2/1P1P4/2p5/5P1P/3B3K b - -,,0
r2q1rk1/1b1p1ppp/1pn1pb2/p1P5/4P3/1NP2NP1/PP3PBP/R2QK2R b KQ -,a5a4 b3d2 b6c5 e1h1 a4a3 d1c2 a3b2 c2b2 b7a6 f1c1,-152
4R3/8/5pp1/4k2p/4p2P/3r2P1/5PK1/8 b - -,e5f5 e8a8 d3d2 a8e8 d2d5 e8f8 d5c5 f8a8 c5b5 a8e8,-1
2Q3k1/p4pbp/1p1p4/3q4/6p1/1P2B1P1/P4P1P/6K1 b - -,g7f8 c8g4 g8h8 e3d4 d5e5 d4e5 d6e5 g4f5 h8g8 f5e5,809
r4rk1/1q1nbppp/p3p3/1pP5/P7/1Q4P1/1B1NPP1P/2RR2K1 b - -,d7c5 c1c5 e7c5 b3c3 c5f2 g1f2 f7f6 c3e3 b7d5 a4b5,-75
rnbq1k1r/pp2p1bp/3p1pp1/1B6/3NPBn1/2N5/PPPQ1PPP/R3K2R b KQ -,g4e5 c3d5 h7h5 f4e3 b8c6 f2f4 c6d4 e3d4 e5c6 d4c3,134
r2qkbnr/pp2pppp/2np4/2p5/2P1PP2/2N2Q2/PP1P2PP/R1B1KB1R b KQkq -,g7g6 f1e2 c6d4 f3d3 f8g7 e2d1 g8f6 d3h3 e7e6 d2d3,-31
2r2r1k/pp4pp/2n1b3/2q5/4Bp2/1PP2N1P/PQ3PP1/R3R1K1 b - -,e6g8 c3c4 b7b5 e4c6 c5c6 e1e7 c6f6 b2f6 f8f6 c4b5,281
r1bqk2r/1pppnppp/1pn5/1B2p3/3PP3/5N2/PPP2PPP/RN1QK2R b KQkq -,d7d5 e4d5 e7d5 b5c6 b7c6 f3e5 e8h8 e1h1 f7f6 e5c6,50
1rr3k1/Q4pp1/4q1np/1p2p3/1P2P3/2P2N1P/5PP1/R3R1K1 b - -,g6f4 g1h2 b8b6 e1e3 b6d6 a7a2 e6e7 a2b1 e7d8 a1a5,48
2R2k2/p4ppp/1p1rpbb1/8/3P4/4P2P/PP3PP1/3R2K1 b - -,f8e7 f2f3 e6e5 d4d5 e5e4 b2b3 e4f3 g2f3 d6d8 c8d8,-151
r3kb1r/1p3ppp/pnnqp3/5b2/3P4/NB2BN2/PP3PPP/R2Q1RK1 b kq -,a8d8 f3e5 c6d4 e5f3 d4b3 d1b3 b6d5 b3b7 d5e3 f2e3,-44
5bk1/p4p1p/1p1p4/3q4/6Q1/1P2B1P1/P4P1P/6K1 b - -,g8h8 e3d4 d5d4 g4d4 h8g8 d4g4 f8g7 g4c8 g7f8 g1g2,Mate
rnbq1rk1/1pp2p2/p2b1n1p/3pN1p1/3P4/3B3P/PPP1NPP1/R1BQ1RK1 b - -,c7c5 e2g3 b8c6 f2f4 c6d4 c2c3 c5c4 c3d4 c4d3 d1d3,174
r2qkbnr/p4ppp/npp1p3/3pP3/3P4/5N2/PPP2PPP/RNBQ1RK1 b kq -,d8d7 b1c3 c6c5 c3e2 c5d4 e2d4 f8c5 d4e2 g8e7 c2c3,51
5rk1/3r1pp1/pp5p/8/4N1P1/1B1P4/PPP3P1/5R1K b - -,g8h7 a2a4 d7e7 e4c3 g7g6 b3c4 h7g7 h1g1 f8d8 c3e4,415
r2q1rk1/pbpn1ppp/1p3n2/3p2B1/1b1P4/2NBPN2/PP3PPP/2RQ1RK1 b - -,h7h6 g5f4 b4c3 c1c3 c7c5 f3h4 c5c4 d3b1 f6e4 h4f5,63
8/8/3Q4/2R5/2Kp1pp1/2p2k2/3q4/8 b - -,c3c2 c4b5 d4d3 b5a6 g4g3 a6b7 g3g2 d6d5 f3f2 c5c2,-692
8/2P5/4k3/2R4p/4P1p1/7P/3r4/5K2 b - -,c3c2 c4b5 d4d3 b5a6 g4g3 a6b7 g3g2 d6d5 f3f2 c5c2,Mate
r1bq1rk1/pppp2bp/2n2p2/1B2P3/8/5N2/PPP2PPP/R1BQ1RK1 b - -,d8e7 b5d3 c6e5 f3e5 f6e5 d1h5 e5e4 f1e1 e7e5 h5e5,316
5rk1/2p5/8/PP5p/3P2p1/4p1P1/6P1/6K1 b - -,d8e7 b5d3 c6e5 f3e5 f6e5 d1h5 e5e4 f1e1 e7e5 h5e5,Mate
2n2rk1/1pp2p1p/p1qp1Pp1/3N4/2PRr3/4B2P/PP3QPK/5R2 b - -,c6d5 c4d5 e4e5 f2f4 e5h5 d4e4 h7h6 e4e7 c7c5 d5c6,735
r2q4/6kp/bp1p1p1Q/1NpP4/P7/8/2P2PPP/3R1RK1 b - -,g7h6 f1e1 a6b5 a4b5 d8d7 e1e6 d7b5 e6f6 h6g7 f6d6,-410
rr6/1pQnqpk1/p1p2npp/3p4/3P4/3BPPNP/PP4P1/2R1R1K1 b - -,e7d8 c7f4 d7f8 h3h4 d8b6 h4h5 b8e8 d3b1 b6b4 h5g6,20
1R6/8/5pp1/5k1p/4p2P/3r2P1/5PK1/8 b - -,d3d6 b8g8 d6a6 g8b8 f5e5 b8e8 a6e6 e8a8 e6d6 a8a5,-1
7k/6p1/p1B1P2p/1p6/2nP4/P6P/1P4P1/6K1 b - -,c4d6 e6e7 h6h5 e7e8q d6e8 c6e8 h8g8 e8h5 g7g6 h5e2,824
r3kb1r/1p1bpp1p/3n1np1/1p1P4/3P1B2/1BN2P2/PP2N1PP/R3K2R b KQkq -,f8g7 e1f2 e8h8 g2g4 a8a6 a2a3 d6c4 a1b1 f8c8 h1c1,72
8/8/3Q2k1/5qp1/4p3/4P3/4K3/8 b - -,f5f6 d6g3 f6b2 e2f1 b2h8 f1g2 h8h4 g3b8 h4g4 g2h2,-581
k2rq3/pn1b3r/1p2p1pp/n2pPp2/PBpP1P1P/2P2BPN/2P4K/RR1Q4 b - -,,0
r1b2rk1/pppp1ppp/5n2/4P3/8/2B5/PPP2PPP/2KR1B1R b - -,f6h5 g2g3 g7g6 f2f4 f8d8 h1g1 b7b6 f4f5 c8b7 f1c4,206
2r2rbk/pp4pp/2n5/2q5/2P1Bp2/1P3N1P/PQ3PP1/R3R1K1 b - -,f8d8 a1d1 b7b5 c4b5 c5b5 g1h2 a7a6 d1c1 b5b6 e1d1,295
rnbqk2r/ppp2ppp/3Np3/3p4/3Pn3/6B1/PPP1PPPP/R2QKBNR b KQkq -,c7d6 c2c3 b8c6 f2f3 e4g3 h2g3 h7h5 g3g4 h5h4 d1d2,14
r5k1/2p5/1P6/P6p/3P2p1/4p1P1/6P1/6K1 b - -,c7d6 c2c3 b8c6 f2f3 e4g3 h2g3 h7h5 g3g4 h5h4 d1d2,Mate
r2qkbnr/pp2pp1p/2np2p1/2p5/2P1PP2/2N2Q2/PP1PB1PP/R1B1K2R b KQkq -,c6d4 f3d3 f8g7 e2d1 g8f6 e1h1 a7a6 a1b1 f6d7 a2a4,-22
6k1/4P1p1/p1B4p/1p6/2nP4/P6P/1P4P1/6K1 b - -,c4d6 e7e8q d6e8 c6e8 g8f8 e8h5 a6a5 g1f2 f8e7 f2e3,Mate
8/8/p7/2K1k1P1/PP6/8/2P5/8 b - -,c4d6 e7e8q d6e8 c6e8 g8f8 e8h5 a6a5 g1f2 f8e7 f2e3,Mate
r1b2rk1/pp2qpp1/2n1pn2/6B1/1bQ5/2N2N2/PP2PPBP/R4RK1 b - -,f8e8 c3e4 e6e5 a2a3 b4a5 g1h1 e7e6 e4f6 g7f6 c4h4,127
2n3k1/1pp2p1p/p1qp1Pp1/3N4/2P1r3/1P2B2P/P4QPK/5R2 b - -,c6e8 d5c7 e8e5 e3f4 e5f6 c7d5 f6e6 f2h4 e4f4 d5f4,571
8/p4k1p/1pp1p1p1/5p2/5P1P/3r2N1/P5P1/4RK2 b - -,d3g3 f1e2 f7e7 h4h5 g6h5 a2a4 g3a3 e1h1 a3a4 g2g3,-579
r5k1/8/1P6/7p/3P2p1/4p1P1/6P1/6K1 b - -,d3g3 f1e2 f7e7 h4h5 g6h5 a2a4 g3a3 e1h1 a3a4 g2g3,Mate
2Q3k1/p4pbp/1p1p4/3q4/8/1P2B1P1/P4P1P/6K1 b - -,d3g3 f1e2 f7e7 h4h5 g6h5 a2a4 g3a3 e1h1 a3a4 g2g3,Mate
2kq1b1r/Qp3ppp/2p1bn2/2n5/4PB2/2N2NP1/PPP3BP/2K4R b - -,c5b3 a2b3 f8d6 f4d6 d8d6 e4e5 d6b8 a7b8 c8b8 e5f6,622
r1b3k1/5ppp/pp6/6P1/2R5/PPn2P2/1KP4P/3r1BNR b - -,d1f1 c4c3 c8h3 g1h3 f1h1 h3f4 h1h2 a3a4 a8d8 c3c6,-276
r1b2rk1/ppp1qppp/1b6/4P3/2B2Pn1/P4N2/1PQ3PP/R1B2R1K b - -,g4h6 a3a4 c8f5 c2e2 a8d8 h2h3 f5e6 g2g4 e7c5 b2b3,122
r4k2/5ppp/4b3/2p5/N6P/K1N1q1P1/PR6/7R b - -,g4h6 a3a4 c8f5 c2e2 a8d8 h2h3 f5e6 g2g4 e7c5 b2b3,Mate
8/p4k1p/1pp1p1p1/5p2/5P1P/6r1/P4KP1/4R3 b - -,g3a3 h4h5 g6h5 e1c1 c6c5 c1h1 f7e7 h1h5 a3a2 f2f3,-587
2Q2bk1/p4p1p/1p1p3B/3q4/8/1P4P1/P4P1P/6K1 b - -,g3a3 h4h5 g6h5 e1c1 c6c5 c1h1 f7e7 h1h5 a3a2 f2f3,Mate
8/2r1k1pp/R4p2/2N5/2KP4/8/5PPP/8 b - -,e7f7 d4d5 c7c8 d5d6 g7g5 a6a7 f7g6 d6d7 c8b8 c5e6,857
6k1/1P6/r7/7p/3P2p1/4p1P1/6P1/6K1 b - -,e7f7 d4d5 c7c8 d5d6 g7g5 a6a7 f7g6 d6d7 c8b8 c5e6,Mate
r2q1rk1/pb1n1pp1/1pp2n1p/3pN3/1b1P3B/2NBP3/PP3PPP/2RQ1RK1 b - -,d8e8 f2f4 b4e7 c3e2 c6c5 e2g3 g7g6 d3b5 a7a6 b5d7,117
6k1/6pp/8/p4p2/P2q1P2/3rp1P1/4Q2P/4R1K1 b - -,h7h6 e2a2 g8h8 a2e6 d4c3 e1b1 d3d8 e6f5 c3d2 f5c5,-437
2n1q1k1/1p3p1p/pNpp1Pp1/8/2PBr3/1P5P/P4QPK/5R2 b - -,e4e2 f2f4 e2e4 f4h6 e8f8 h6f8 g8f8 f1d1 e4d4 d1d4,437
3r1rk1/q4pb1/2P3pp/1Bpnp3/P1Q5/2P5/3B1PPP/3RR1K1 b - -,a7e7 a4a5 e5e4 a5a6 g8h7 e1e4 e7f6 e4e1 d5c7 a6a7,371
1r1r2k1/2q2ppp/p2p4/2n1p3/1p2P3/2P1QB2/PP1R1PPP/4R1K1 b - -,b4c3 e3c3 a6a5 h2h4 b8b4 e1d1 g8f8 h4h5 f8e7 a2a3,-8
4Q1k1/6p1/p1Bn3p/1p6/3P4/P6P/1P4P1/6K1 b - -,d6e8 c6e8 g8f8 e8h5 f8e7 g1f2 e7f6 f2e3 g7g6 h5e2,Mate
8/2P5/4k3/2R4p/4P1p1/7P/4K3/3r4 b - -,d6e8 c6e8 g8f8 e8h5 f8e7 g1f2 e7f6 f2e3 g7g6 h5e2,Mate
6q1/4Npk1/4n3/4p2K/8/5PP1/8/8 b - -,d6e8 c6e8 g8f8 e8h5 f8e7 g1f2 e7f6 f2e3 g7g6 h5e2,Mate
1Q4k1/8/1r6/7p/3P2p1/4p1P1/6P1/6K1 b - -,d6e8 c6e8 g8f8 e8h5 f8e7 g1f2 e7f6 f2e3 g7g6 h5e2,Mate
rn1q1rk1/pp4bp/3ppnp1/2p3B1/P3P3/2N2N2/1PP2PPP/R2QK2R b KQ -,b8c6 e1h1 d8d7 e4e5 f6e8 c3e4 c6d4 f3d4 c5d4 e4f6,35
5k2/1pr5/p2p3r/4pKp1/4P3/5P2/P1P2P2/6R1 b - -,c7f7 f5g4 h6h4 g4g3 h4f4 g3g2 f4f3 g1d1 f3f2 g2g3,-700
k2rq3/pn5r/1p2p1pp/n2pPp1P/bBpP1P2/2P2BPN/2P4K/RR1Q4 b - -,g6h5 d1e2 h7g7 f3h5 e8d7 b1g1 d8g8 g3g4 f5g4 g1g4,6
8/p4k1p/1pp1p1p1/5p2/5P1P/r5P1/P4K2/4R3 b - -,a3a2 f2e3 h7h5 e3d3 c6c5 d3c3 a2a4 e1d1 f7e7 d1b1,-652
rnbqk1nr/ppp2pb1/3p2p1/4p2p/2P5/2N1PNP1/PP1P1PBP/R1BQK2R b KQkq -,b8d7 e1h1 g8e7 d2d4 e8h8 b2b3 e7c6 c1b2 f8e8 h2h3,55
8/8/p7/1PK2kP1/P7/8/2P5/8 b - -,b8d7 e1h1 g8e7 d2d4 e8h8 b2b3 e7c6 c1b2 f8e8 h2h3,Mate
2Q2bk1/6p1/4p2p/1p1nqp2/1P6/2P4P/5PP1/3R2K1 b - -,g8f7 c8b7 f8e7 b7b5 e5c3 b5d7 c3e5 g1f1 d5b4 d1e1,-328
r2q1rk1/pp1bb1pp/4p3/1PppB3/3p4/P1n2N2/3NBPPP/R3QRK1 b - -,c3b5 a1b1 b5d6 e5g3 a7a6 f3e5 c5c4 e2g4 d7c8 d2f3,-78
r3k2r/1b3p2/p7/1p2P1p1/2P5/8/P1P1B1PP/2KR3R b - -,e8f8 c4b5 a6b5 e2b5 a8a2 d1d8 f8g7 d8h8 g7h8 c1d2,121
r1b3k1/pp4bB/2n1p3/4P2Q/8/5q2/P4PPP/R5K1 b - -,g8f8 h5f3 f8e7 f3a3 e7f7 a1d1 g7e5 a3f3 f7e7 h7g6,803
r2q3k/7p/bp1p1p2/1N1P4/P1p5/5PR1/2P3PP/5RK1 b - -,a6b5 a4b5 d8e8 f3f4 e8b5 h2h3 b5d5 g1h1 d5c5 f4f5,-536
1r4k1/8/8/3P3p/6p1/4p1P1/6P1/6K1 b - -,a6b5 a4b5 d8e8 f3f4 e8b5 h2h3 b5d5 g1h1 d5c5 f4f5,Mate
r1r3k1/p3qppp/1pb1p3/b1p1P3/2N1nB2/P5P1/1P2PPBP/1R1Q1RK1 b - -,e7d8 c4a5 b6a5 f2f3 d8d4 d1d4 c5d4 f3e4 c6a4 b1c1,356
8/8/5qk1/6p1/4p3/4P1Q1/4K3/8 b - -,f6b2 e2d1 b2b1 d1e2 b1h1 g3d6 g6h5 d6g3 h1h4 g3e5,-669
r7/pb1n1k2/2pB1pp1/2Pp3p/5P1P/3BR3/PP4P1/2K5 b - -,f7g8 d3g6 g8g7 g6h5 a8g8 g2g4 g7h6 f4f5 d7e5 d6e5,884
2N1q1k1/1p3p1p/p2p1Pp1/2p5/2PBr3/1P5P/P4QPK/5R2 b - -,d6d5 c8e7 g8h8 d4c5 e8b8 h2h1 h7h6 e7d5 h8h7 c5e3,653
4B1k1/6p1/p6p/1p6/3P4/P6P/1P4P1/6K1 b - -,g8f8 e8h5 f8e7 g1f2 e7d6 f2e3 d6d5 h5f3 d5e6 e3e4,1003
8/6kp/1b6/5p2/1P1P4/2p5/5PKP/3B4 b - -,,0
r1bq1rk1/1pp2p2/p1nb1n1p/3pN1p1/3P1P2/3B3P/PPP1N1P1/R1BQ1RK1 b - -,d8e7 c2c3 g5f4 c1f4 f6e4 e5c6 b7c6 f4h6 f8e8 h6f4,194
r1b3k1/5ppp/pp6/6P1/2R5/PPK2P2/2P4P/5rNR b - -,c8h3 g1h3 f1h1 h3f4 h1h2 f4d5 a8b8 b3b4 h7h5 g5h6,-276
r2q1rk1/pp2bppp/2p1p1b1/3nP3/2BN1P2/2P5/PP4PP/R1BQ1RK1 b - -,a7a5 a2a4 e7c5 g1h1 d5b6 c4b3 c5d4 c3d4 b6d5 h2h3,-58
r2q1rk1/pb3ppp/1pnppb2/2p5/3PP3/1NP2NP1/PP3PBP/R2Q1RK1 b - -,c5d4 f3d4 c6e5 f1e1 d8c8 d1e2 a7a6 a1d1 c8c7 d4c2,-40
8/p1R1kppp/1p1rpbb1/8/3P4/4P2P/PP3PP1/3R2K1 b - -,d6d7 c7d7 e7d7 f2f3 g6c2 d1c1 c2a4 g2g4 a4c6 g1g2,-184
r1bqr1k1/pp3pb1/1np1pnpp/P7/2PP1B2/2N2N1P/1P3PP1/R2QRBK1 b - -,f6h5 a5b6 h5f4 g2g3 f4h5 a1a7 a8b8 c4c5 e8e7 b2b4,490
2r2r1k/6Rp/pp3p2/2q5/2P2P2/3pP2P/P5PK/B3R3 b - -,h8g7 a1b2 c5c4 e3e4 d3d2 e1a1 c4e4 h3h4 e4f4 g2g3,-1066
3r2k1/8/8/3P3p/6p1/4p1P1/6P1/5K2 b - -,h8g7 a1b2 c5c4 e3e4 d3d2 e1a1 c4e4 h3h4 e4f4 g2g3,Mate
1rbqr1k1/b4pp1/p4n1p/np1pp3/2p1P3/P1PP1NNP/1PBBQPP1/3R1RK1 b - -,c4d3 e2d3 c8b7 d3e2 f6e4 g3e4 d5e4 c2e4 d8c7 e4b7,-14
r4rk1/p1RR1pp1/7p/4Nn2/8/2P5/PPK3P1/8 b - -,a8e8 e5c4 e8e2 d7d2 e2d2 c2d2 f5h4 c4e3 f7f5 g2g3,76
r2qkb1r/ppp2ppp/2n1pn2/3p1b2/3P4/1QP1P2P/PP1N1PP1/R1B1KBNR b KQkq -,a7a6 g1f3 h7h6 a2a3 f8e7 f1e2 e8h8 e1h1 d8d6 c3c4,-21
r4rk1/1q2bppp/p3p3/1pR5/P7/1Q4P1/1B1NPP1P/3R2K1 b - -,e7c5 b3c3 c5f2 g1f2 f7f6 c3e3 b7d5 a4b5 a6b5 e3d4,-82
8/p7/2p5/p4k2/2pP4/2P2K2/1P6/8 b - -,,0
8/2Q5/8/8/5p2/1KRp2p1/2pq1k2/8 b - -,f4f3 c7c4 d2e3 b3b2 f2g2 c4c6 g2g1 c6g6 f3f2 g6d3,-853
4qk2/1p2Np1p/p2p1Pp1/8/2Ppr3/1P5P/P2Q2PK/5R2 b - -,e8d7 d2h6 f8e8 h6h7 d7d8 e7g6 d6d5 h7g8 e8d7 g8f7,845
r3r3/pp3kpp/2nB1p2/3p4/3P4/2P2P2/PP5P/4RRK1 b - -,h7h5 g1f2 b7b6 e1e8 a8e8 b2b3 e8d8 d6a3 d8d7 f2e3,-58
6k1/8/8/3r3p/6p1/4p1P1/4K1P1/8 b - -,g7g5 g1f2 e8e1 f1e1 a8e8 e1g1 f7e6 d6a3 e6f5 h2h4,Mate
r4rk1/1q3ppp/p3p3/1pb5/P7/2Q3P1/1B1NPP1P/3R2K1 b - -,c5f2 g1f2 f7f6 c3e3 b7d5 a4b5 a6b5 e3d4 f8d8 d4d5,-84
2QR1bk1/6p1/4p2p/1p2qp2/1P6/2n4P/5PP1/6K1 b - -,e5f6 d8f8 f6f8 c8c3 g8f7 c3d4 f8e7 g2g3 e7c7 g1h2,-34
8/p4k1p/1p2p1p1/2p2p2/5P1P/r5P1/P4K2/3R4 b - -,a3a2 f2f3 f7e7 h4h5 g6h5 d1b1 a2a4 b1h1 a4a3 f3f2,-635
6k1/5pp1/8/1p6/1P2q3/K7/8/8 b - -,a3a2 f2f3 f7e7 h4h5 g6h5 d1b1 a2a4 b1h1 a4a3 f3f2,Mate
8/6kp/8/5p2/1P1b4/2p5/2B2PKP/8 b - -,,0
3r4/1p4k1/1bp1b3/1q2Pp1p/pP3Pp1/P3R1PP/3r2B1/2N1QR1K b - -,d2d1 e3e2 d1e1 f1e1 b5c4 h1h2 g7f8 b4b5 c6b5 g2b7,-690
5k2/1p6/p2p3r/4pKR1/4P3/5P2/P1r2P2/8 b - -,f8f7 f5g4 c2f2 g5f5 f7e6 g4g3 h6h2 f3f4 e5f4 f5f4,-849
8/p7/2p1k3/p7/2pP1K2/2P5/1P6/8 b - -,,0
2kq1b1r/Qp3ppp/2p1bn2/2n5/4PB2/2N2NPB/PPP4P/2K4R b - -,c5d3 c2d3 e6h3 a7b8 c8d7 f3e5 d7e8 b8d8 e8d8 e5f7,567
8/8/8/8/8/8/2K5/2BQkq2 b - -,,0
N1b4r/pp3ppp/3k1n2/8/3p4/8/PPP2PPP/2KR3R b - -,c8e6 d1d4 d6c5 h1d1 h8a8 d4d8 a8d8 d1d8 h7h5 f2f3,-51
r2q1rk1/pp4bp/2nppnp1/2p3B1/P3P3/2N2N2/1PP2PPP/R2Q1RK1 b - -,d8d7 e4e5 f6e8 c3e4 c6e5 f3e5 g7e5 e4c5 d7f7 c5d3,38
4qk2/1p2Np1p/p2p1Pp1/7r/2Pp1Q2/1P5P/P5PK/5R2 b - -,d4d3 f4d6 h5e5 e7g6 f8g8 g6e7 g8f8 d6e5 e8d8 e5g3,1293
2QR1bk1/6p1/4p2p/1p3p2/1P6/2n4P/5PPK/4q3 b - -,e1e5 g2g3 e5f6 d8f8 f6f8 c8c3 g8f7 c3d4 f8e7 h2g1,-37
8/8/8/1PK2kP1/8/8/2P5/8 b - -,e1e5 g2g3 e5f6 d8f8 f6f8 c8c3 g8f7 c3d4 f8e7 h2g1,Mate
r5k1/pp1qb1pp/2n1pr2/3p4/1P1P4/P4N2/3B1PPP/R2QR1K1 b - -,f6f8 b4b5 c6d8 a3a4 e7d6 a1b1 a7a6 d2a5 d8f7 a5b6,48
r4k2/5ppp/4b3/2p5/N6P/KRq3P1/P7/7R b - -,f6f8 b4b5 c6d8 a3a4 e7d6 a1b1 a7a6 d2a5 d8f7 a5b6,Mate
6k1/8/8/7p/6p1/4p1P1/3r2P1/4K3 b - -,f6f8 b4b5 c6d8 a3a4 e7d6 a1b1 a7a6 d2a5 d8f7 a5b6,Mate
rnbqk2r/ppp2ppp/3np3/3p4/3P4/4P1B1/PPP2PPP/R2QKBNR b KQkq -,b7b6 f1d3 c7c5 c2c3 a7a5 d1a4 d8d7 a4d7 e8d7 d4c5,43
2R5/p3kppp/1p1rpbb1/8/3P4/4P2P/PP3PP1/2R3K1 b - -,e6e5 g2g4 d6d7 g4g5 f6g5 d4e5 g6f5 b2b4 f5h3 b4b5,-182
6k1/6p1/7p/p4p2/P2q1P2/3rp1P1/Q6P/4R1K1 b - -,g8h8 a2e6 d4c3 e1b1 d3d8 e6f5 c3d2 f5c5 d2f2 g1h1,-419
2rq1rk1/pb3ppp/1pnppb2/2p5/3PP3/1NP2NP1/PP3PBP/R2QR1K1 b - -,d8c7 h2h4 c5d4 b3d4 f8d8 d4c6 c7c6 a2a4 c6c5 f3d2,-21
8/p4k1p/1p2p1p1/2p2p2/5P1P/4K1P1/r7/3R4 b - -,a2a3 e3f2 f7e7 f2e1 h7h5 d1c1 a3a2 c1c3 a2b2 c3c4,-648
r4rk1/1bqnppb1/pppp3p/6p1/2PPPn2/5N1P/PPQ1NPPB/R2R1BK1 b - -,e7e5 e2g3 c6c5 d4d5 a8e8 a2a4 a6a5 g3f5 d7f6 a1a3,56
r2q1rk1/pb1nbpp1/1pp2n1p/3pN3/3P1P1B/2NBP3/PP4PP/2RQ1RK1 b - -,c6c5 d3b1 f8e8 b1f5 d7e5 d4e5 d5d4 e3d4 f6d5 h4e7,99
2kq1b1r/Qp3ppp/2p2n2/2n5/4PB2/2N2NPb/PPP4P/2KR4 b - -,f8d6 d1d6 c5a6 a7a8 a6b8 d6d8 h8d8 a8b8 c8d7 b8b7,873
8/p4k1p/1p2p1p1/2p2p2/5P1P/r5P1/3K4/3R4 b - -,h7h5 d2e2 f7e7 d1b1 a3a2 e2e3 a2a4 e3f3 a4c4 b1e1,-631
r1r3k1/p3qppp/1pb1p3/b1p1N3/3PnB2/P5P1/1P2PPBP/1R1Q1RK1 b - -,e7c7 d1d3 f7f5 b2b4 c6d5 b4a5 c5c4 d3c2 c4c3 b1c1,396
1rbqr1k1/1p3pbp/p2p2p1/2pP3n/P3PPn1/N1N2BP1/1P5P/R1BQ1RK1 b - -,d8d7 f3g4 d7g4 d1g4 c8g4 a3c4 g4h3 f1e1 b8d8 e4e5,-74
r3k2r/1p1bppbp/3n1np1/1p1P4/3P1B2/1BN2P2/PP2NKPP/R6R b kq -,e8h8 g2g4 d6c4 b3c4 b5c4 h2h4 h7h5 g4g5 f6e8 f4e5,70
6k1/8/8/7p/6p1/4p1r1/8/4K3 b - -,e8h8 g2g4 d6c4 b3c4 b5c4 h2h4 h7h5 g4g5 f6e8 f4e5,Mate
r4rk1/1bqnppb1/pppp3p/6p1/2PPP3/5N1P/PPQ1BPPB/R2R2K1 b - -,c6c5 d4d5 a8e8 a2a4 e7e6 a1a3 g8h8 a3b3 a6a5 g2g4,64
r1bqn1Q1/pppp1Bp1/2n3kp/4P3/1b6/8/PB3PPP/RN3RK1 b - -,c6c5 d4d5 a8e8 a2a4 e7e6 a1a3 g8h8 a3b3 a6a5 g2g4,Mate
5Qk1/p3q1pp/4p3/1p2P2n/2pp4/P2P2PP/1PP3B1/5RK1 b - -,e7f8 f1f8 g8f8 d3c4 b5c4 g1f2 g7g6 g2f1 d4d3 c2d3,325
3r4/1p4k1/1bp1b3/1q2Pp1p/pP3Pp1/P3R1PP/6B1/2NQ1R1K b - -,d8d1 f1d1 b6e3 h1h2 e3c1 d1c1 b5e2 c1g1 e2f2 g1f1,-781
3r3k/6p1/p5Q1/1p1P4/1P6/P2Rr3/4q1PP/3R2K1 b - -,d8f8 h2h4 f8f6 g6f6 g7f6 d3d2 e2c4 d5d6 e3e2 d2e2,-334
r4k2/5ppp/8/2p5/N6P/KPq3P1/8/7R b - -,d8f8 h2h4 f8f6 g6f6 g7f6 d3d2 e2c4 d5d6 e3e2 d2e2,Mate
r2q1rk1/1p3pp1/p4n1p/n1p1p3/2PpPP1N/3P2P1/2P3BP/R2Q1RK1 b - -,a5c6 d1b1 b7b6 h4f5 a6a5 g2h3 g8h8 b1b5 d8c7 b5a4,-130
r1b2rk1/pp2qppn/2n1p2p/2b5/2Q3P1/2N2N2/PP2PPBP/R1BR2K1 b - -,f7f5 g4f5 f8f5 c1f4 h7g5 f4g5 h6g5 e2e3 c5b6 c4g4,71
7k/6p1/4Q2p/p4p2/P2q1P2/3rp1P1/7P/4R1K1 b - -,d4c3 e1b1 d3d8 e6f5 c3d2 f5c5 d2f2 g1h1 f2f3 h1g1,-419
r1b3k1/p2nR3/2pB1pB1/2Pp3p/5P1P/8/PP4P1/2K5 b - -,g8h8 g6h5 a7a5 e7e8 h8g7 g2g4 a5a4 g4g5 f6g5 f4g5,974
N6r/pp3ppp/2k1bn2/8/3R4/8/PPP2PPP/2KR4 b - -,h8a8 d4d8 a8d8 d1d8 h7h5 f2f3 b7b5 b2b3 f6d5 c1d2,-39
2r4r/p3k3/4p2b/4p2p/1P2p3/1N3P2/1P4PP/1K1RR3 b - -,e4e3 b3c5 h8d8 d1d8 c8d8 c5e4 d8g8 g2g3 g8f8 b1c2,-25
r4rk1/pp1q2bp/2nppnp1/2p1P1B1/P7/2N2N2/1PP2PPP/R2Q1RK1 b - -,f6e8 e5d6 c6d4 g5e7 f8f3 g2f3 e8d6 e7d6 d7d6 c3e4,52
r3kb1r/1bqp1ppp/p1n1pn2/1p6/2pPP3/2P1BN2/PPBN1PPP/R2QR1K1 b kq -,a8c8 a2a4 f8e7 a4b5 a6b5 d4d5 e6d5 e4e5 f6g4 e3f4,125
r3r1k1/pp2n1pp/5p2/3p4/3P1B2/2P2P2/PP3K1P/4RR2 b - -,h7h5 f4d2 g8f7 a2a4 g7g5 b2b3 a7a6 a4a5 e7c6 e1e8,-63
6k1/8/8/7p/6p1/4p3/4K3/6r1 b - -,e7f5 a2a4 e8d8 f4d2 g7g5 f2e2 d8d6 e2d3 h7h5 b2b3,Mate
8/8/3p2p1/1p1bp2P/2p3k1/2P5/3pN3/5K2 b - -,e7f5 a2a4 e8d8 f4d2 g7g5 f2e2 d8d6 e2d3 h7h5 b2b3,Mate
1r6/5N1k/bpq5/3P1P1p/P5p1/2P4R/7P/5RK1 b - -,e7f5 a2a4 e8d8 f4d2 g7g5 f2e2 d8d6 e2d3 h7h5 b2b3,Mate
8/2r2kpp/R4p2/2NP4/2K5/8/5PPP/8 b - -,g7g5 d5d6 c7c8 a6a7 f7g6 d6d7 c8b8 c4d5 g5g4 d5c6,828
rn3rk1/2q2pp1/p2ppP2/3b3Q/R2N1P2/8/1PP3PP/5RK1 b - -,c7c2 d4c2 b8d7 f6g7 f7f5 g7f8q d7f8 a4a3 a8a7 a3g3,968
r1bq1rk1/4bppp/p1npp3/1p2P3/3P4/2BB1N2/PP2QPPP/R4RK1 b - -,a8b8 f1d1 c8b7 c3d2 d6e5 d4e5 d8b6 a1c1 f8d8 h2h4,58
N6r/pp3ppp/3kbn2/8/3R4/8/PPP2PPP/2K4R b - -,d6c5 h1d1 h8a8 d4d8 a8d8 d1d8 f6g4 f2f3 g4e3 d8g8,-50
r2qkbnr/pp2pppp/n1p3b1/8/3P3P/5NN1/PPP2PP1/R1BQKB1R b KQkq -,a6b4 h4h5 g6c2 d1d2 e7e6 f1c4 c2a4 b2b3 a4b5 d2e2,61
8/p7/2p5/p2k1K2/2pP4/2P5/1P6/8 b - -,,0
8/8/8/3b4/3Bk1p1/6Pp/7P/6K1 b - -,e4d4 g1f1 d5c4 f1g1 d4e3 g1h1 c4a6 h1g1 a6b5 g1h1,-54
6k1/8/8/7p/6p1/4p1r1/8/5K2 b - -,e4d4 g1f1 d5c4 f1g1 d4e3 g1h1 c4a6 h1g1 a6b5 g1h1,Mate
r4rk1/ppp1qppp/1b2b3/4P1N1/2B2Pn1/P7/1PQ3PP/R1B2R1K b - -,e7g5 f4g5 a8d8 h2h3 g4f2 h1h2 c7c6 f1f2 e6c4 c2c4,467
8/p3k1pp/4p3/1p2P2n/2pp4/P2P1KPP/1PP3B1/8 b - -,g7g5 d3c4 b5c4 g2f1 h5g7 f1c4 g7f5 c4d3 h7h6 b2b4,467
2r2rk1/2q1Npp1/p3p1np/3pPb2/8/PPQ3B1/2P2PPP/RN3RK1 b - -,c7e7 c3d4 c8c2 b1d2 f8c8 f1e1 e7b7 h2h4 g6e7 g3f4,-180
r1b2rk1/pp3ppp/5n2/3p4/3P4/2N5/PP2BPPP/R3K2R b KQ -,c8e6 e1d2 f8c8 e2d3 c8c6 h1c1 c6b6 b2b3 e6d7 f2f3,42
5k2/1p4R1/p2p3r/4p3/4P1K1/5P2/P4P2/8 b - -,f8g7 f3f4 h6g6 g4f3 g6g1 f3e3 g1e1 e3f3 g7f6 f4f5,-785
r4rk1/1q3ppp/p3p3/1p6/P7/2Q3P1/1B1NPK1P/3R4 b - -,f7f6 c3e3 b7d5 a4b5 a6b5 e3d4 f8d8 d4d5 d8d5 f2e1,-79
6k1/8/8/7p/6p1/4pr2/6K1/8 b - -,f7f6 c3e3 b7d5 a4b5 a6b5 e3d4 f8d8 d4d5 d8d5 f2e1,Mate
6k1/6p1/8/1p3p2/1P2q3/1K6/8/8 b - -,f7f6 c3e3 b7d5 a4b5 a6b5 e3d4 f8d8 d4d5 d8d5 f2e1,Mate
8/4k3/6PK/p7/8/N7/5PP1/8 b - -,f7f6 c3e3 b7d5 a4b5 a6b5 e3d4 f8d8 d4d5 d8d5 f2e1,Mate
r2qk2r/pppn1ppp/3bpn2/3p4/3P2b1/2N1PN2/PPPBBPPP/R2Q1RK1 b kq -,c7c6 f3e1 g4f5 f2f4 h7h6 a2a4 a7a6 a4a5 c6c5 g2g4,-39
6k1/pp2R2p/3p2p1/3P1b2/5b2/7P/P3pPB1/2RrB1K1 b - -,d1c1 e7e2 f5d3 e2e6 g8f7 g2f1 d3f1 g1f1 f4d2 h3h4,-482
8/4pp2/4P3/p4Pk1/ppP5/8/8/1K6 b - -,f7f6 b1c2 g5f5 c2d3 a4a3 d3e2 f5e6 e2f2 e6e5 c4c5,-9605
5q2/8/6k1/4Q1p1/4p3/4P3/4K3/8 b - -,f8f3 e2d2 f3f2 d2d1 f2e3 e5e8 g6f5 e8e7 f5g4 e7d7,-671
rn1qkbnr/1p2pppp/p7/3p4/3P2b1/2P5/PP2NPPP/R1BQKBNR b KQkq -,d8b6 d1b3 b6b3 a2b3 g4d7 c1f4 f7f6 b3b4 e7e6 e2c1,72
r4rk1/1p1bppbp/3n1np1/1p1P4/3P1B2/PBN2P2/1P2NKPP/R6R b - -,h7h5 h2h3 d6c4 b3c4 b5c4 g2g4 a8a6 f4e5 a6b6 a1b1,74
8/p4k1p/1p2p1p1/2p2p2/5P1P/r5P1/4K3/3R4 b - -,f7e7 e2d2 h7h5 d2c2 a3a4 c2b3 a4b4 b3a2 a7a5 d1c1,-688
2k2b1r/Qp3ppp/2p2n2/2n5/4PB2/5NPb/PPP4P/2KN4 b - -,f6h5 a7b8 c8d7 f3e5 d7e7 b8c7 h3d7 e5d7 c5d7 f4d2,610
8/7N/8/5r2/8/5k2/8/5K2 b - -,f6h5 a7b8 c8d7 f3e5 d7e7 b8c7 h3d7 e5d7 c5d7 f4d2,Mate
2r5/3P1kp1/R4p1p/2N5/2K5/8/5PPP/8 b - -,c8g8 c4d5 h6h5 d5d6 h5h4 c5e6 f7g6 a6a5 g6h6 e6f4,866
8/p7/2p5/3k4/p1pP1K2/2P5/1P6/8 b - -,,0
6k1/8/8/8/6pK/4p3/5r2/8 b - -,d5d6 f4e4 c6c5 d4c5 d6c5 e4e3 a7a6 e3e4 c5b5 e4d5,Mate
8/p3k2p/4p3/1p2P1pn/2pp2P1/P2P1K1P/1PP3B1/8 b - -,h5f4 g2f1 c4c3 b2c3 f4d5 c3d4 a7a5 f3e2 a5a4 e2d2,42
r2k4/pp6/3pp1p1/8/4P3/1BB5/PPP2PPP/5K2 b - -,d8d7 c3d2 a7a6 f1e2 d7e7 h2h3 a8c8 a2a4 e7f7 d2e3,560
r3nrk1/pp1q2bp/2nPp1p1/2p3B1/P7/2N2N2/1PP2PPP/R2Q1RK1 b - -,d7d6 c3e4 d6d1 a1d1 h7h6 g5c1 b7b6 c2c3 f8f5 f3h4,67
r1r3k1/p3qppp/1p2p3/b1PbN3/4nB2/P5P1/1P2PPBP/1R1Q1RK1 b - -,f7f6 e5c4 e4c3 b2c3 d5c4 g2a8 c8a8 d1d4 e7c5 d4c5,260
rn3r2/1b2P1k1/1qp2p1p/pp6/4QPN1/1P2P1P1/7P/R1R3K1 b - -,f8f7 g4f6 b8d7 f6d7 b6c7 e4e6 a8d8 c1d1 d8e8 d1d6,605
r3kb1r/ppp1qppp/2npbn2/8/3PP3/2NN4/PPP1BPPP/R1BQK2R b KQkq -,e6c8 d3f4 f6e4 c3d5 e7d8 e1h1 c6e7 e2d3 e7d5 f4d5,262
r1b2rk1/p4ppp/1pp5/4q3/2B5/1QR1P3/PP3PPP/3R2K1 b - -,e5g5 b3a4 b6b5 a4a5 c8g4 d1c1 g4f3 c4f1 f3d5 c3c5,42
7k/6p1/4Q2p/p4p2/P4P2/2qrp1P1/7P/1R4K1 b - -,d3d8 e6f5 c3d2 f5e4 d2f2 g1h1 e3e2 b1g1 f2f1 e4e3,-535
8/p2k1ppp/1p2pbb1/8/3P4/4P2P/PP3PP1/2R3K1 b - -,g6e4 f2f3 e4c6 g1f2 h7h5 b2b3 f6e7 g2g4 h5h4 e3e4,-204
8/8/1B6/3b4/6p1/2b2kPp/7P/6K1 b - -,f3e4 b6c5 d5c6 c5b6 e4d5 b6e3 c6b5 e3b6 d5c6 b6f2,-171
r5k1/1p1qB1pp/p1n1p3/3p4/1P1P4/P4r2/5PPP/R2QR1K1 b - -,f3f2 g1f2 c6e7 d1e2 a8f8 f2g1 f8f6 a1c1 e7f5 e2e5,152
6k1/6p1/8/1p6/1P2qp2/K7/8/8 b - -,f3f2 g1f2 c6e7 d1e2 a8f8 f2g1 f8f6 a1c1 e7f5 e2e5,Mate
8/8/3p4/1p1bp2p/2p3k1/2P1K3/4N3/3q4 b - -,f3f2 g1f2 c6e7 d1e2 a8f8 f2g1 f8f6 a1c1 e7f5 e2e5,Mate
r5k1/1pp2r1n/p2p3p/3Pq1p1/3pPpP1/P2B1Q1P/1PP1R2K/4R3 b - -,h7f8 h2h1 f8g6 e2d2 a8f8 f3f2 g8g7 b2b3 f4f3 e1g1,-317
r1bqk1nr/ppppbppp/2n5/8/3NP3/2P5/PP1B1PPP/RN1QKB1R b KQkq -,g8f6 d4c6 d7c6 f2f3 e7c5 d1e2 c8e6 d2e3 f6d7 b1d2,-23
8/p3k2p/4p3/1p2P1p1/2pp1nP1/P2P1K1P/1PP5/5B2 b - -,c4c3 b2c3 d4c3 f3e3 a7a5 e3d4 f4d5 f1e2 b5b4 a3b4,85
8/8/p1p5/3k1K2/p1pP4/2P5/1P6/8 b - -,,0
r1R3k1/3P1p1p/1r4p1/3pb3/3N4/4P3/5PPP/6K1 b - -,a8c8 d7c8q g8g7 g2g4 e5f6 g1g2 h7h6 c8d7 b6b8 d7d5,564
r4rk1/1p1bppbp/5np1/1p1P4/2BP1B2/P1N2P2/1P2NKPP/R6R b - -,g6g5 d5d6 g5f4 d6e7 f8e8 c4b5 d7b5 c3b5 f6d5 e2c3,245
r1r3k1/1q1nbppp/p3p3/1pP5/P7/2Q3P1/1B1NPP1P/2RR2K1 b - -,d7f6 c5c6 b7c7 d2e4 b5a4 e4f6 e7f6 c3c2 f6b2 c2b2,73
8/B7/8/3b4/6p1/5kPp/3b3P/6K1 b - -,f3e4 a7c5 d5e6 c5a7 e4d5 a7f2 d5e5 f2b6 e6d7 g1h1,-166
N1b2b1r/pp3ppp/2k2n2/4B3/3p4/8/PPP2PPP/2KR3R b - -,f6d5 d1d4 f8c5 d4c4 h8e8 e5g3 b7b5 c4c5 c6c5 a8c7,22
8/8/6k1/4Q1p1/4p3/4Pq2/3K4/8 b - -,f3f2 d2d1 f2e3 e5e8 g6f5 e8b5 f5f4 b5b8 f4g4 b8c8,-895
3r1r2/q4pbk/2P3pB/1Bpnp3/P1Q5/2P5/5PPP/3RR1K1 b - -,d5f6 h6e3 a7c7 c4c5 e5e4 h2h3 d8a8 c5d6 c7a5 e3d4,507
6k1/pp3q2/7p/2p3pP/2P4P/1P4Q1/1P5K/8 b - -,f7h5 g3b8 g8g7 b8e5 g7f7 e5d5 f7f6 d5d6 f6f5 d6c5,-50
r3kbnr/p1p2ppp/2p5/8/3Q1B2/8/PPP3PP/RN2K2R b KQkq -,a8d8 d4c4 f8e7 b1c3 f7f5 c4c6 e8f7 c6c4 f7g6 e1h1,796
r3kb1r/1bqp1ppp/p1n1pn2/1p6/2pPP3/2P1BN1P/PPB2PP1/RN1QR1K1 b kq -,c6d8 e3g5 f8e7 b1d2 h7h6 g5h4 d7d6 d2f1 d8c6 f1e3,97
r3nrk1/pp4bp/2nqp1p1/2p3B1/P3N3/5N2/1PP2PPP/R2Q1RK1 b - -,d6d1 a1d1 h7h6 g5c1 b7b6 c2c3 e8c7 d1d7 f8f7 d7d6,57
6k1/8/8/8/8/4pK2/2r5/8 b - -,d6d1 a1d1 h7h6 g5c1 b7b6 c2c3 e8c7 d1d7 f8f7 d7d6,Mate
r1bq1rk1/1pp2p2/p1nb1n1p/3pN3/3P1Pp1/3B3P/PPP1N1P1/R1B1QRK1 b - -,a6a5 c2c3 a5a4 c1d2 g8g7 h3g4 c8g4 e2g3 f8g8 g3f5,210
8/1b2kpp1/p3p3/P1Q5/1pN1P2q/3B1Pp1/1P4P1/R5K1 b - -,e7d7 c5d6 d7e8 d6b8 e8e7 b8b7 e7d8 b7b6 d8e7 b6c5,1343
rnbq1rk1/pppp2pp/5n2/8/3N4/8/PPPNPKPP/R1BQ1B1R b - -,f6g4 f2g1 g4e3 d1e1 c7c5 d4b5 c5c4 d2f3 e3c2 e1d1,94
5k2/1p4r1/p2p3r/4p1R1/4PPK1/8/P4P2/8 b - -,h6f6 f4f5 g7g5 g4g5 f8e7 f2f4 f6f8 f4e5 d6e5 g5g4,-802
r1bqk2r/p1pp1ppp/5n2/2p5/1bQ1P3/2N5/PPP2PPP/R1B1KB1R b KQkq -,a7a5 e4e5 d8e7 c4e2 f6d5 c1d2 b4c3 b2c3 e8h8 e2e4,-57
r1b5/pp3kbB/2n1p3/4P3/8/Q7/P4PPP/3R2K1 b - -,c6e5 d1d8 e5c6 h7g8 f7f6 d8e8 c8d7 e8a8 c6e7 a3d6,845
2k2b1r/Qp3ppp/2p2n2/2n5/4PB2/2N2NPb/PPP4P/3K4 b - -,c8d8 f3g5 h3e6 b2b4 f6d7 b4c5 d7c5 f4e3 d8c8 e3c5,647
r2qr1k1/pb1nbpp1/1pp2n1p/3pN3/3P1P1B/2NBPQ2/PP4PP/2R2RK1 b - -,d7f8 h4f6 e7f6 f3h5 d8e7 f1f3 a8d8 c1f1 a7a6 g2g4,165
3R4/4kn1p/4N3/4b3/6Pq/2P4P/3Q4/5R1K b - -,h4h3 h1g1 h3g4 d2g2 g4g2 g1g2 f7d8 e6d8 e7d8 c3c4,265
8/8/8/2Bb4/6p1/5kPp/7P/4b1K1 b - -,e1c3 c5b6 d5c6 b6c5 f3e4 c5f2 e4e5 f2b6 c6e4 b6e3,-152
4r1k1/p4ppp/q1p2n2/8/2PpP3/1NbQ1PP1/P6P/2B2RK1 b - -,c3b4 c1d2 b4f8 b3d4 f6d7 d2f4 a6a2 d3c3 a2a6 d4f5,17
8/7p/5k2/1P1pbp1B/2p5/2P5/5P1P/5K2 b - -,e5c3 b5b6 c3e5 h5e2 e5h2 f1e1 f6e6 e2f1 h2e5 e1d2,-449
3r3k/6p1/7p/p4Q2/P4P2/2q1p1P1/7P/1R4K1 b - -,c3d2 f5e4 d2f2 g1h1 e3e2 b1g1 f2f1 f4f5 e2e1q e4e1,-561
r5k1/1pp2r2/p2p2np/3Pq1p1/3pPpP1/P2B3P/1PP2RQK/4R3 b - -,f4f3 g2g3 f7f4 a3a4 e5f6 b2b4 g6e5 h2h1 g8g7 b4b5,-357
2r3k1/5p2/4p2p/pbb1P1p1/1p2R3/2P3B1/PP2NPPP/3K4 b - -,h6h5 e2d4 b4c3 b2c3 c5d4 e4d4 h5h4 d4g4 h4g3 g4g5,-306
8/p2R1k1p/1p2p1p1/5p2/2p2P1P/r5P1/4K3/8 b - -,f7f6 d7h7 b6b5 h7b7 a3g3 b7a7 g3h3 h4h5 h3h5 a7b7,-622
rnbq1rk1/ppp1b1pp/3ppn2/5pB1/3P4/3BPN2/PPP2PPP/RN1QK2R b KQ -,b8c6 b1c3 h7h6 g5f6 e7f6 d1d2 a7a6 e1h1 g8h8 d3e2,-29
6k1/8/8/8/8/6K1/2r1p3/8 b - -,b7b6 c2c4 h7h6 g5f4 f6h5 b1c3 c7c5 f4g3 e7f6 e1h1,Mate
6q1/3r1pk1/2N1n3/3rp2K/6Q1/5PP1/8/3N4 b - -,g7f8 g4g8 f8g8 d1e3 d5c5 c6b4 d7d2 h5g4 d2d4 f3f4,-1225
8/6PK/8/p7/3N4/1k6/5PP1/8 b - -,g7f6 g4g8 d5d1 g8h8 e6g7 h5g4 f6e6 c6b8 d7e7 g4g5,Mate
r1b1kbnr/pp2pp1p/1qnp2p1/2p5/B3P3/2N2N2/PPPP1PPP/R1BQ1RK1 b kq -,f8g7 c3d5 b6d8 d2d4 c5d4 f3d4 c8d7 d4b5 e8f8 c2c4,69
R7/3P1pkp/1r4p1/3pb3/3N4/4P3/5PPP/6K1 b - -,f8g7 c3d5 b6d8 d2d4 c5d4 f3d4 c8d7 d4b5 e8f8 c2c4,Mate
8/8/8/2Bb4/6p1/5kPp/8/6K1 b - -,,0
8/p3k2p/4p3/1p2P1p1/3p1nP1/P2P1K1P/1P6/5B2 b - -,e7d7 f3e4 f4g6 e4d4 d7c6 d4e4 g6e7 f1e2 e7g6 e2d1,183
2b3k1/5ppp/pp6/6P1/8/PP3P2/2PK3P/5rNR b - -,c8h3 d2e2 a6a5 c2c3 g8f8 a3a4 f1b1 e2f2 h3e6 c3c4,-299
3r4/1p4k1/1bp1b3/3qPp1p/pP3Pp1/P1R3PP/3r2BK/2N1Q1R1 b - -,d5d4 e1e3 d4e3 c3e3 b6e3 g1e1 e3f2 e1f1 g7f8 h3h4,-849
r4rk1/1p1bppbp/5np1/3PB3/2pP4/P1N2P2/1P2NKPP/R6R b - -,h7h5 h1e1 a8a6 a1d1 f8d8 e2f4 d7f5 e1e2 d8d7 h2h4,64
r5k1/1pp2r2/p2p3p/3Pq1p1/3pPpPn/P2B3P/1PP2R1K/4R1Q1 b - -,f4f3 g1g3 f7f4 d3f1 a8f8 a3a4 h4g6 b2b4 e5f6 a4a5,-350
5r2/1b4k1/nqp2p1p/pp6/4QPN1/1P2P1P1/7P/R2R2K1 b - -,a6b4 d1d7 f8f7 d7f7 g7f7 g4h6 f7f8 e4e6 b6c7 e6g8,731
N1b4r/pp3ppp/2k2n2/2b5/3B4/8/PPP2PPP/2KR3R b - -,c5d4 d1d4 c8e6 h1d1 h8a8 d4d8 a8d8 d1d8 h7h5 f2f3,-45
8/8/3B4/3b4/6p1/6kp/8/6K1 b - -,,0
3r1r2/q4pbk/1nP3pB/1Bp1p3/P6Q/2P5/5PPP/3RR1K1 b - -,d8d5 d1d5 b6d5 e1e5 g7e5 h6f8 h7g8 h4d8 a7c7 d8c7,571
r4b1r/pp2nk2/3p2bP/2pPppB1/3qP2Q/6P1/PP3PB1/4RRK1 b - -,c5c4 e1d1 d4b6 d1c1 f8h6 g5h6 f5e4 g2h3 e7d5 c1c4,-91
rnbqkb1r/pp3ppp/2p4n/7Q/2BNp3/4P1P1/PP1P1P1P/RNB1K2R b KQkq -,f8d6 h2h3 e8h8 b1c3 d8e7 h5h4 e7h4 g3h4 f8e8 d2d3,-66
2k2b1r/Qp3ppp/2p2n2/2n5/4PBb1/2N2NP1/PPP1K2P/8 b - -,f6e8 a7b8 c8d7 c3a4 c5a4 b8b7 d7d8 b7a8 d8d7 a8a7,581
8/7p/5k2/1P1pbp1B/2p5/7P/4KP2/8 b - -,e5c7 e2d2 c7a5 d2c1 d5d4 h5e8 f6e6 c1b2 d4d3 b5b6,-470
3r3k/6p1/7p/p7/P3QP2/4p1P1/3q3P/1R4K1 b - -,e3e2 b1a1 d2d1 g1g2 d1a1 e4e2 a1d1 e2e5 d1a4 e5e2,-646
8/8/6k1/4Q1p1/4p3/2K1P3/5q2/8 b - -,f2f6 c3d4 f6e5 d4e5 g5g4 e5f4 g6h5 f4g3 h5g5 g3h2,-1319
r3kb1r/ppp1qppp/2npbn2/8/3PP3/2NN3P/PPP2PP1/R1BQKB1R b KQkq -,e8a8 c1e3 d6d5 e4e5 f6e4 f1e2 g7g5 c3e4 d5e4 d3c5,117
rnbqk2r/1pp2ppp/p2bpn2/3p4/5P2/1P1BPN2/PBPP2PP/RN1QK2R b KQkq -,c7c5 e1h1 e8h8 a2a4 b8c6 f3e5 d6e5 f4e5 f6d7 d1g4,-26
r4rk1/ppp1q2p/1b2p1p1/4P3/2B2Pn1/P6P/1PQ3P1/R1B2R1K b - -,g8g7 g2g3 g4h6 g3g4 a8d8 c2g2 h6f7 c1d2 g6g5 f4f5,107
1r1qr1k1/bb3pp1/p6p/np2p3/4B3/P1P2N1P/1P2QPP1/2BR1RK1 b - -,,0
8/8/3B4/3b4/6p1/5k1p/7K/8 b - -,,0
N1b4r/pp3ppp/2k2n2/8/3R4/8/PPP2PPP/2K4R b - -,c8e6 h1d1 h8a8 d4d8 a8d8 d1d8 h7h5 f2f3 c6c7 d8h8,-43
6K1/8/k7/p6R/8/8/8/8 b - -,c8e6 h1d1 h8a8 d4d8 a8d8 d1d8 h7h5 f2f3 c6c7 d8h8,Mate
2r2rk1/4qpp1/p3p1np/3pPb2/3Q4/PP4B1/2P2PPP/RN3RK1 b - -,c8c2 b1d2 f8c8 f1e1 e7b7 h2h4 g6e7 g3f4 g8h7 d4a4,-182
3R4/4kn1p/4N3/4b2q/8/2P5/3Q4/5RK1 b - -,h5g6 e6g5 f7d8 f1e1 d8c6 g1f2 e7f8 e1e3 h7h6 g5e4,229
8/p6p/2k1p3/1p2P1p1/3K1nP1/P2P3P/1P6/5B2 b - -,h7h6 d4e4 f4d5 d3d4 a7a6 a3a4 c6b6 a4b5 a6b5 f1d3,149
rnbq1rk1/1pp2ppp/p2bpn2/3p4/5P1P/1P1BPN2/PBPP2P1/RN1QK2R b KQ -,c7c5 g2g4 b8c6 b1c3 c6b4 g4g5 f6g4 d1e2 e6e5 c3d5,-55
8/8/6k1/4Q1p1/2K1p3/4q3/8/8 b - -,e3d3 c4b4 d3f3 e5d6 g6f5 d6c5 f5g4 c5g1 g4f4 g1d4,-849
r3kb1r/1bqp1ppp/p1n1p3/1p4B1/2pPP1n1/2P2N2/PPBN1PPP/R2QR1K1 b kq -,c6d8 g5h4 f7f6 h4g3 c7c8 a2a4 d8f7 h2h3 g4h6 d1e2,172
1R6/3P1pkp/6p1/3pb3/3N4/4P3/5PPP/6K1 b - -,h7h5 d7d8q e5b8 d8b8 h5h4 h2h3 g6g5 g1h2 g5g4 h3g4,Mate
6k1/pR5p/1p2p1p1/5p2/2p2P1P/r5P1/4K3/8 b - -,a3g3 e2f2 g3b3 b7a7 b6b5 f2e2 b3h3 a7b7 h3h4 e2e3,-605
8/p4qk1/7p/2p3p1/2P4P/1P6/1P4QK/8 b - -,f7f4 h2h1 f4h4 h1g1 h4d4 g1h2 d4d6 h2g1 d6d1 g1h2,-250
k2rq3/pn5r/1p2p2p/n2pPp1B/bBpP1P2/2P3PN/2P4K/RR1Q4 b - -,a4c2 h5e8 c2d1 e8g6 h7g7 b4a5 b7a5 g6f5 e6f5 b1d1,-116
3r3k/6p1/7p/p7/P3QP2/4p1P1/5q1P/1R5K b - -,e3e2 b1g1 f2f1 f4f5 e2e1q e4e1 f1f3 g1g2 d8d1 e1g1,-580
2r3k1/5p2/4p2p/p1b1P1p1/1p4R1/2Pb2B1/PP2NPPP/3K4 b - -,d3f5 g4c4 f5d3 c4g4 c5b6 h2h3 d3f5 c3b4 f5g4 h3g4,-302
r3kb1r/ppp1qppp/2npbn2/4P3/3P4/2NN4/PPP2PPP/R1BQKB1R b KQkq -,e6c4 c1e3 d6e5 d3e5 c4f1 e5c6 e7d6 h1f1 d6c6 d4d5,120
r1r3k1/p3qppp/4p3/b1pbN3/Q3nB2/P5P1/1P2PPBP/1R3RK1 b - -,a5c7 g2e4 g7g5 e5c6 d5c6 e4c6 g5f4 c6a8 c8a8 f1d1,381
r1bqn1Q1/pppp2p1/2n4p/4P1k1/1b6/3B4/P4PPP/RNB2RK1 b - -,a5c7 g2e4 g7g5 e5c6 d5c6 e4c6 g5f4 c6a8 c8a8 f1d1,Mate
6Q1/7K/8/p7/3N1P2/8/6P1/k7 b - -,a5c7 g2e4 g7g5 e5c6 d5c6 e4c6 g5f4 c6a8 c8a8 f1d1,Mate
2kr1bnr/ppp2ppp/2n5/3q4/3P1Bb1/2P2N2/PP2B1PP/RN1QK2R b KQ -,d8e8 b1d2 g8f6 e1h1 f6h5 e2c4 d5d7 f4g5 f7f6 g5h4,-39
r1r3k1/1q1n1ppp/p1P1pb2/1p6/P7/2Q3P1/1B1NPP1P/2RR2K1 b - -,b7b6 c6d7 f6c3 d7c8q a8c8 c1c3 c8c3 b2c3 h7h5 d1b1,78
5k2/1p4r1/p2p4/4pKP1/4P3/8/P4P2/8 b - -,g7f7 f5e6 f7f2 a2a4 f2a2 e6d6 f8g7 d6e5 g7g6 e5d5,-1038
2b4r/ppN2ppp/2k2n2/2b1B3/3p4/8/PPP2PPP/2KR3R b - -,c5b6 h1e1 b6c7 e5c7 c6c7 e1e7 c8d7 e7f7 h8g8 f7e7,45
r3kbnr/ppp2ppp/3p4/4p3/3nPP1q/2NQ2PP/PPPP4/R1B1KB1R b KQkq -,h4h5 c3b5 e8a8 b5d4 e5d4 d3d4 h5g6 h1g1 c7c5 d4a4,138
1b1Q4/5pkp/6p1/3p4/3N4/4P3/5PPP/6K1 b - -,b8e5 d4e6 f7e6 d8e7 g7g8 e7e6 g8f8 e6e5 d5d4 e5d4,Mate
8/8/p7/2Pk1K2/p1p5/2P5/1P6/8 b - -,,0
3R1r2/q6k/1nP4b/1Bp1ppp1/P7/2PQ4/5PPP/4R1K1 b - -,a7g7 d8f8 g7f8 c6c7 e5e4 d3d8 c5c4 e1d1 e4e3 d8f8,762
4r1k1/p4ppp/5n2/2N5/2PpPB2/2bQ1PP1/q6P/5RK1 b - -,g7g6 f1b1 e8c8 e4e5 c8c5 b1b8 g8g7 e5f6 g7f6 d3e4,13
8/7p/5k2/1P2bp1B/2pp4/7P/3K1P2/8 b - -,e5c7 d2c1 f6e6 c1b2 c7a5 b2a3 d4d3 b5b6 a5b6 a3b4,-586
k2r4/pn1q3r/1p2p2p/n2pPp1B/bBpP1P2/2P3PN/2P1Q2K/RR6 b - -,h7g7 b1g1 d8g8 g3g4 f5g4 g1g4 g7g4 h5g4 b7d8 g4h5,10
r2qkb1r/pp3ppp/2p1pn2/3n1b2/2BP4/5N1P/PPP2PP1/RNBQR1K1 b kq -,f8b4 c2c3 b4d6 c4d3 f5d3 d1d3 h7h6 c3c4 d5e7 b1c3,28
1r1qr1k1/bb3pp1/p4n1p/np1pp3/4P3/P1PB1NNP/1P2QPP1/2BR1RK1 b - -,d8c7 f3h4 d5e4 d3e4 f6e4 g3e4 b7e4 e2e4 c7c4 e4g4,-15
8/8/8/R7/kr6/7R/K7/8 b - -,,0
1Qnqr1k1/5p1p/3p2p1/1NpPp1b1/2P1P1B1/7P/5PP1/1R4K1 b - -,c8b6 b8d8 e8d8 g4e2 g5e7 b5a7 b6a4 b1b7 e7g5 a7b5,63
r1bqk1nr/pppp1ppp/2n5/2b5/4Pp2/2PP1N2/PP4PP/RNBQKB1R b KQkq -,d7d5 e4d5 d8d5 d3d4 c5d6 f1d3 c8f5 e1h1 f5d3 d1d3,-44
8/8/6kP/6P1/p7/8/8/2K5 b - -,a4a3 c1c2 a3a2 c2b2 g6f7 b2a2 f7g6 a2a3 g6f7 a3b4,1643
r1bqkb1r/pp1npppp/2p2n2/8/3PN3/3Q2P1/PPP2P1P/R1B1KBNR b KQkq -,f6e4 d3e4 d7f6 e4e3 f6g4 e3d3 d8d5 f2f3 g4f6 c2c4,-23
r3r1k1/1b3ppp/p1pb4/1p1n4/3PR3/1BPQ2Pq/PP1N1P1P/R1B3K1 b - -,d5f4 d3f1 h3f5 b3c2 f4h3 g1g2 c6c5 f2f3 f5d7 e4e8,104
2b2r2/4Q2k/nqp4p/pp6/5P2/1P2P1P1/7P/R2R2K1 b - -,h7g8 d1d6 c8f5 g3g4 b6c7 e7c7 a6c7 g4f5 f8a8 d6g6,Mate
8/8/p7/2k5/p1p1K3/2P5/1P6/8 b - -,,0
2r2rk1/2q1bppp/2b1pn2/2ppN3/1p3P2/pP1PPBQ1/P1PB2PP/R4RK1 b - -,f8d8 c2c4 c6b7 f3e2 d5c4 e5c4 b7a6 a1c1 f6e8 c4e5,-81
3r3k/6p1/7p/p7/P3QP2/6P1/4pq1P/6RK b - -,f2f1 f4f5 e2e1q e4e1 f1f3 g1g2 d8d1 e1d1 f3d1 g2g1,-618
2r3k1/R2P2p1/5p1p/2N5/2K5/8/5PPP/8 b - -,c8b8 c4d5 g8h7 c5e6 h6h5 d7d8q b8d8 e6d8 h5h4 d5e6,1063
rnbqk2r/pp2bBpp/2p5/8/3Np3/4P1P1/PP1P1P1P/RNB1K2R b KQkq -,e8f7 b2b4 e7b4 b1c3 c6c5 d4e2 h8e8 f2f3 e4f3 e1h1,-744
8/1p1B3p/1k2n1p1/5p2/PP6/4K1P1/5P2/8 b - -,e6g5 d7b5 b6a7 a4a5 g5e4 b5e2 b7b6 a5a6 e4c3 b4b5,156
r3kb1r/5ppp/pnp1p3/5b2/3P4/NB2B3/PP3PPP/R4RK1 b kq -,f8e7 a1c1 f5e4 e3d2 e8d7 d2a5 a8b8 c1c3 h8c8 c3g3,-33
r2q1rk1/1p1bb1pp/p2p1n2/P2Ppp2/1BN5/8/1PP1BPPP/R2Q1RK1 b - -,f6e8 c4b6 a8b8 c2c4 e8f6 d1b3 d7e8 a1c1 f6e4 b3a3,106
6k1/5ppp/pp6/5bP1/7P/PP3P2/2PK4/5rNR b - -,a6a5 a3a4 g7g6 c2c3 g8g7 d2e2 f1c1 e2f2 c1c3 g1e2,-205
r1bqkb1r/pppp2pp/2n2N2/8/4p3/2N5/PPPP1PPP/R1BQKB1R b KQkq -,e8e7 f6d5 e7f7 d2d4 e4d3 f1d3 c6d4 c1e3 d4e6 d1f3,619
r4rk1/pppnqppp/3p1n2/4p3/2PP4/2N1PP1P/PPBQ1P2/2KR3R b - -,d7b6 d2d3 f8d8 c3e4 g7g6 h3h4 f6h5 d4e5 d6e5 d3b3,41
1r1qr1k1/bb3pp1/p4n1p/np1pp3/2p1P3/P1PP1NNP/1PB1QPP1/2BR1RK1 b - -,d8c7 f3h4 c4d3 c2d3 d5e4 d3e4 c7c4 e2c4 a5c4 e4b7,-12
2kr3r/pp1n2p1/1qpNp1p1/3n1pP1/8/3RP2P/PPP1Q1B1/1K5R b - -,c8b8 d3b3 d5b4 a2a3 d7c5 b3b4 b6c7 d6b7 c5b7 e2f3,150
1r2rk2/p4pp1/2qp4/6R1/1p1pP3/8/PPP3Q1/3K3R b - -,d4d3 c2d3 b4b3 g5a5 b8b7 a2b3 b7c7 h1h8 f8e7 g2g5,-18
6k1/5p1p/6pB/p3r2P/2Pp4/2bQ1P2/q6P/1R4K1 b - -,a2b1 d3b1 e5e1 b1e1 c3e1 c4c5 a5a4 h5g6 f7g6 g1g2,-490
6k1/R6p/1p2p1p1/5p2/2p2P1P/6r1/4K3/8 b - -,g3h3 a7e7 b6b5 e2d2 h3h4 d2e3 e6e5 f4e5 h4e4 e3d2,-636
r3kb1r/1bqp2pp/p1n1pp2/1p6/2pPP1nB/2P2N2/PPBN1PPP/R2QR1K1 b kq -,c6d8 h4g3 c7c8 a2a4 g4h6 b2b3 c4b3 c2b3 c8c3 d1e2,182
6k1/5p1p/6pB/p3r2P/1bPp4/3Q1P2/q6P/3R2K1 b - -,e5e2 h6f4 a2c2 d3c2 e2c2 h5g6 h7g6 f4e5 c2c4 g1g2,-412
6k1/p5p1/1p3p1p/4p3/8/1PP1P1P1/P2K3P/8 b - -,,0
r1r3k1/3n1ppp/pqP1pb2/Pp6/8/2Q3P1/1B1NPP1P/2RR2K1 b - -,b6a7 c3c2 f6b2 c2b2 d7b8 b2c2 b8c6 d2e4 c8c7 d1d6,14
r4rk1/1bqR1pbp/4p1p1/pBp5/8/PP3P1P/2P1QBP1/5RK1 b - -,c7b8 f1d1 b7c8 d7d2 c8b7 f2c5 f8c8 c5d6 b8a7 g1h1,184
3n4/4k2p/6q1/4b1N1/8/2P5/3Q4/4R1K1 b - -,d8c6 g1f2 e7f8 e1e3 h7h6 g5e4 f8e7 e4g3 e7e6 d2d1,257
r1bqkbnr/pppp1p1p/8/6p1/3pP3/3P2B1/PPP2PPP/RN1QKB1R b KQkq -,d7d6 f1e2 g8e7 h2h4 e7c6 e2g4 h7h5 g4h5 f8g7 b1d2,49
8/8/8/4Q1k1/2K1p1p1/4q3/8/8 b - -,g5h4 e5h2 e3h3 h2e5 h3d3 c4b4 h4h3 e5h5 h3g3 h5e5,-926
2kr1bnr/ppp2ppp/2n5/8/3Pq1b1/2P2NB1/PP2B1PP/RN1QK2R b KQ -,d8e8 b1d2 e4e6 e1f2 e6e3 f2f1 g8f6 d2c4 e3e6 e2d3,-50
2b2rk1/4Q3/nqpR3p/pp6/5P2/1P2P1P1/7P/R5K1 b - -,c8f5 g3g4 b6c7 e7c7 a6c7 g4f5 f8a8 d6g6 g8f8 g6h6,Mate
r4rk1/pp1b1ppp/1q2p3/3pP1B1/3N4/3B4/PP3P1P/R2Q1RK1 b - -,a8c8 d1h5 g7g6 h5h4 f7f5 h4f4 a7a5 g5h6 a5a4 h2h4,590
r1bq1r1k/1pp2p2/p1nb1n1p/3pN3/3P1P1Q/3B3p/PPP1N1P1/R1B2RK1 b - -,h3h2 h4h2 h8g7 h2g3 g7h8 f4f5 d6e5 d4e5 f8g8 g3h2,284
r3r1k1/1b3ppp/p1pb1n2/1p6/3P3R/1BPQ2Pq/PP1N1P1P/R1B3K1 b - -,b7c8 h4h3 c8h3 d2f3 h3e6 b3e6 e8e6 c1e3 a8e8 f3g5,715
1r2rk2/p4pp1/2qp4/6R1/1p2P3/3P4/PP4Q1/3K3R b - -,b4b3 g5a5 b8b7 a2b3 b7c7 h1h8 f8e7 g2g5 e7d7 g5f5,-32
r4rk1/1bqnppb1/pp1p3p/2pP2p1/2P1P3/5N1P/PPQ1BPPB/R2R2K1 b - -,a8e8 h3h4 g5g4 f3d2 d7f6 d2f1 e7e6 f1g3 c7e7 a2a4,64
2kr2r1/ppp2p1p/2n5/2b5/Q7/2N2P1b/PP2KP1P/R1B1R3 b - -,d8d4 a4b5 c5e7 b2b3 f7f5 c1e3 g8e8 a1d1 e7b4 c3d5,350
r3kb1r/ppq1pppb/1np2n1p/8/3P1N1P/1B4N1/PPP2PP1/R1BQR1K1 b kq -,c7d7 d1e2 d7g4 e2e5 g4h4 c1d2 a8c8 g3f5 h7f5 e5f5,137
8/7p/2k1p3/pp2P1p1/1P1K1nP1/P2P3P/8/5B2 b - -,,0
8/p3k1p1/1p3p1p/4p3/2K5/1PP1P1P1/P6P/8 b - -,,0
rnb1kb1r/pp1ppppp/5n2/q7/3P1B2/N1P5/PP3PPP/R2QKBNR b KQkq -,d7d6 f1d3 b8c6 g1f3 g7g6 a3c4 a5h5 e1h1 f8g7 h2h3,75
r3k2r/1pp2ppp/pnqbp3/3n4/3PN2B/P2Q1P2/1PP1N1PP/2KR3R b kq -,b6c4 h4g3 e8h8 e2c3 b7b5 g3d6 c7d6 c3d5 e6d5 e4d2,-97
1Q3b1r/1p1k1pp1/2p2n1p/2n5/1P2PBb1/2N2NP1/P1P1K2P/8 b - -,f8e7 b8c7 d7e8 b4c5 h6h5 c7b7 e8f8 b7c6 f8g8 e2e3,665
r1b2rk1/1pp3bQ/n2p1q2/p2Pp3/2P1P3/2N1B3/PP3P2/R3K1NR b KQ -,g8f7 h7h5 f6g6 h5g6 f7g6 e1d2 c8d7 g1e2 f8h8 f2f4,178
r1b1k1nr/ppp2pQp/4p3/8/4p3/P1N5/1PnBKPPP/R4B1R b kq -,e6e5 g7e5 c8e6 a1c1 e4e3 c1c2 e3d2 e5h8 e8a8 c2d2,1033
2kr1bnr/ppp2ppp/2n5/8/3PqBb1/2P2N2/PP1QB1PP/RN2K2R b KQ -,g7g5 f4g5 f7f6 g5e3 f8h6 e1f2 c6e5 e3h6 g4f3 e2f3,-33
r1bR2B1/pp1n1kb1/4p3/8/8/Q7/P4PPP/6K1 b - -,d8e8 e1f2 e4d5 h1e1 g8f6 f2g1 h7h5 e2d1 e8e1 d2e1,Mate
r4rk1/1bq2pbp/4p1p1/pBp5/2Q5/PP3P1P/2P2BP1/3R1RK1 b - -,f8d8 c4c5 c7c5 f2c5 d8c8 b3b4 g7f8 c5f8 g8f8 c2c4,73
r1bqkbnr/ppp2p1p/2Pp2p1/8/3Q1p2/5N2/PPP1PPPP/RN2KB1R b KQkq -,g8f6 c6b7 c8b7 d4f4 f8g7 f4e3 d8e7 e3e7 e8e7 b1d2,-46
r1bqkbnr/pppp1p2/8/6pp/3pPP2/3P2B1/PPP3PP/RN1QKB1R b KQkq -,d7d5 b1d2 h5h4 g3f2 c7c5 f1e2 g5f4 h2h3 d5e4 d2e4,-17
rn1qkbnr/p4ppp/3pB3/2p1p3/4P3/2P2N2/P2P1PPP/RNBQK2R b KQkq -,f7e6 d2d4 c5d4 c3d4 b8c6 d4e5 d6e5 d1a4 d8a5 a4a5,97
r1bq1rk1/p1pp1ppp/5n2/2p5/1bQ1P3/2N5/PPP1BPPP/R1B1K2R b KQ -,a7a5 e4e5 d7d5 c4f4 f6e4 f4f3 f7f6 e1h1 f6e5 f3e3,-158
8/8/p1k5/8/p1pK4/2P5/1P6/8 b - -,a4a3 b2a3 c6b5 a3a4 b5a4 d4c4 a6a5 c4d5 a4b3 c3c4,Mate
r1bqk2r/p1pnbp2/1p5p/3p2p1/Q2P4/P2BPNP1/1P1N1PP1/R3K2R b KQkq -,e7f6 a4c6 a8b8 a1c1 c8b7 c6c7 d8c7 c1c7 e8d8 c7c1,229
8/1p3kr1/p2p4/6P1/4PK2/8/P7/8 b - -,e7f6 a4c6 a8b8 a1c1 c8b7 c6c7 d8c7 c1c7 e8d8 c7c1,Mate
1rb2rk1/2n1qpbp/5np1/pp6/3P4/PQN2B2/1P2NPPP/R1B2RK1 b - -,f8d8 c1f4 c8e6 b3d1 b8c8 f1e1 f6d5 c3d5 c7d5 f4d2,59
5rk1/4Q3/nqpR3p/pp3b2/5PP1/1P2P3/7P/R5K1 b - -,b6a7 e7a7 f5c2 a7e7 a6c7 e7c7 b5b4 d6h6 a5a4 c7e7,1292
6k1/5p1p/6p1/p1b4r/2PpQB2/5P2/q6P/3R2K1 b - -,a2c4 d1c1 c4d5 f4d2 d5e4 f3e4 c5b4 c1c8 g8g7 d2f4,-482
3r4/2q2nk1/p1b3p1/Pp1p1p2/1PpPpP1r/2P1P1QB/3N1KR1/4R3 b - -,d8h8 g3g6 g7f8 h3f5 c6e8 g6g7 f8e7 e1g1 h8h6 f5g6,199
r3kb1r/1bqp3p/p1n1pp2/1p4p1/2pPP1n1/2P2NB1/PPBN1PPP/R2QR1K1 b kq -,c7a5 a2a4 a5b6 f3g5 h7h5 a4b5 a6b5 a1a8 b7a8 g5f3,367
8/8/p7/1k1K4/p1p5/2P5/1P6/8 b - -,a6a5 d5d4 a4a3 b2a3 b5a4 d4c4 a4a3 c4b5 a5a4 c3c4,Mate
r5k1/1b3ppp/p1pb1n2/1p6/3P3R/1BPQ2Pq/PP3P1P/R1B1rNK1 b - -,h3h4 g3h4 a8e8 b3d1 c6c5 c1d2 e1e6 h4h5 h7h6 f1e3,553
4rrk1/1bp3p1/1p1p3p/p1nPq3/P1PQB3/5P2/2N3PP/3R1RK1 b - -,c5e4 d4e4 e5e4 f3e4 f8f1 g1f1 e8e4 c2a3 b7a6 d1c1,-359
r4rk1/1b2bp1p/pqn1p1p1/1p2P3/5Q2/2BB1N2/PP3PPP/R2R2K1 b - -,a8b8 c3d2 b8d8 d2e3 b6c7 a1c1 d8d7 a2a3 f8d8 d3e2,28
3r2k1/R2P2p1/4Np1p/8/2K5/8/5PPP/8 b - -,a8b8 c3d2 b8d8 d2e3 b6c7 a1c1 d8d7 a2a3 f8d8 d3e2,Mate
r1bqkbnr/ppp2p1p/2Pp2p1/4p3/5B2/5N2/PPP1PPPP/RN1QKB1R b KQkq -,e5f4 c6b7 c8b7 d1d4 g8f6 d4f4 f8g7 f4a4 f6d7 c2c3,-38
8/2p5/2k2ppp/8/1K6/5PPP/P7/8 b - -,c6d6 a2a4 f6f5 a4a5 g6g5 f3f4 d6d5 h3h4 g5g4 h4h5,614
3r3k/6p1/7p/p7/P4P2/4Q1P1/4p2P/5qRK b - -,e2e1q e3e1 f1f3 g1g2 d8d1 e1d1 f3d1 g2g1 d1a4 h1g2,-635
r2qr1k1/pb1nbpp1/1p3n1p/2ppN3/3P1PPB/2NBPQ2/PP5P/2R2RK1 b - -,f6e4 g4g5 d7e5 f4e5 e7g5 f3f7 g8h8 h4g5 d8g5 g1h1,85
r2q1rk1/1p2b1pp/pN1p1n2/Pb1Ppp2/1B6/8/1PP1BPPP/R2Q1RK1 b - -,b5e8 b6a8 d8a8 c2c4 a8b8 b4e1 e8g6 f2f3 e5e4 e1c3,201
5k2/7p/2n3q1/3Qb1N1/8/2P5/8/3R2K1 b - -,g6g5 g1f2 g5f6 f2e2 c6e7 d5a8 f8f7 a8a2 f7g7 d1g1,-14
6k1/3R2p1/4Np1p/8/2K5/8/5PPP/8 b - -,g6g5 g1f2 g5f6 f2e2 c6e7 d5a8 f8f7 a8a2 f7g7 d1g1,Mate
8/p5p1/1p1k1p1p/1K2p3/8/1PP1P1P1/P6P/8 b - -,f6f5 b5c4 d6c6 a2a3 b6b5 c4b4 g7g5 c3c4 b5c4 b4c4,-35
r5k1/1b1q1ppp/p1pb1n2/1p4B1/3P3R/1BPQ2P1/PP3P1P/R3rNK1 b - -,e1a1 g5f6 g7f6 d3h7 g8f8 h4e4 d6e5 d4e5 c6c5 h7h8,883
5b1r/1Q1k1pp1/n1p2n1p/8/1P2PBb1/2N2NP1/P1P1K2P/8 b - -,d7e6 b7c6 e6e7 c6a6 g7g5 a6d6 e7e8 d6f6 g5f4 c3d5,1064
3r1rk1/ppp1q2p/1b2p1p1/4P3/2B2Pn1/P5PP/1PQ5/R1B2R1K b - -,g4f2 h1g2 e7d7 f1f2 b6f2 g2f2 g6g5 c1e3 g8h8 c2e4,278
r3kb1r/ppq1pppb/2p2n1p/3N4/3P3P/1B4N1/PPP2PP1/R1BQR1K1 b kq -,c7d7 d5f6 g7f6 d1h5 e8a8 h5f7 h7g8 f7h5 g8b3 a2b3,558
r2qkbnr/1p2pppp/p1n5/3p4/3P2b1/1QP5/PP2NPPP/R1B1KBNR b KQkq -,h7h6 h2h3 g4f5 e2g3 c6a5 b3a4 f5d7 a4d1 e7e6 g1f3,27
r4rk1/pp1b1ppp/4p3/3pP1B1/3N4/3B4/Pq3P1P/1R1Q1RK1 b - -,d7a4 d3h7 g8h7 d1d3 h7g8 b1b2 a7a6 d3g3 f7f5 e5f6,845
3r4/2q2nk1/p1b3pr/Pp1p1B2/1PpPpP2/2P1P1Q1/3N1KR1/4R3 b - -,c6d7 f5g6 h6h3 e1h1 h3g3 g2g3 d8f8 g6e4 g7f6 g3g6,64
r2q1rk1/1p2b1pp/pN1p1n2/P2Ppp2/1B6/8/1PP1QPPP/R4RK1 b - -,a8c8 b6c8 d8c8 c2c4 c8e8 f2f3 e8f7 b4e1 g7g5 a1d1,219
4Q3/3K2k1/6P1/8/7p/8/8/8 b - -,a8c8 b6c8 d8c8 c2c4 c8e8 f2f3 e8f7 b4e1 g7g5 a1d1,Mate
r1b2rk1/pp4pp/2p5/3pP3/2P5/1P2P3/P1Q1Kbp1/R1B5 b - -,g2g1q c2d2 f2g3 e3e4 g1f1 e2e3 f8f3 e3d4 g3f2 d2e3,-1895
8/8/8/pk6/p1pK4/2P5/1P6/8 b - -,a4a3 b2a3 b5a4 d4c4 a4a3 c4b5 a5a4 c3c4 a3b3 c4c5,Mate
8/4b2R/8/1K3B2/5kP1/7P/8/2r5 b - -,e7d8 h3h4 c1c7 h7h6 c7f7 b5c4 d8e7 h4h5 f7f6 h6h8,53
6k1/3R4/4Np1p/3K2p1/8/8/5PPP/8 b - -,e7d8 h3h4 c1c7 h7h6 c7f7 b5c4 d8e7 h4h5 f7f6 h6h8,Mate
r4rk1/ppq2pp1/2pbpn1p/3n1b2/2BP4/2P1NN1P/PP3PP1/R1BQR1K1 b - -,d5e3 c1e3 f8d8 d1e2 a8c8 a1d1 b7b5 c4d3 f5d3 e2d3,-26
5k2/5ppp/pp6/5bP1/2P4P/PP3P2/3K4/5rNR b - -,f1a1 b3b4 f5e6 c4c5 b6c5 b4c5 a6a5 h4h5 h7h6 c5c6,-217
r1bq1r1k/1pp2p2/p1nb1n1Q/3pN3/3P1P2/3B4/PPP1N1p1/R1B2RK1 b - -,a6a5 d2e2 f1a1 e2f2 f5d3 f3f4 a1a3 g1f3 d3e4 h1d1,Mate
8/p5p1/Kp1k3p/4pp2/8/1PP1P1P1/P6P/8 b - -,g7g5 a6b5 e5e4 b5a6 f5f4 g3f4 g5f4 e3f4 e4e3 a6a7,-428
3r3k/6p1/7p/p7/P4P2/6P1/7P/4QqRK b - -,f1f3 g1g2 d8d1 e1g1 d1g1 h1g1 f3d1 g1f2 d1a4 f2e3,-626
r2q1rk1/1pp1nppp/2n1b3/p2p4/1bPP4/1QNBBN2/PP3PPP/R4RK1 b - -,d5c4 d3c4 a5a4 c3a4 e6c4 b3c4 a8a4 a2a3 d8a8 d4d5,-346
8/3K1Q2/6Pk/8/7p/8/8/8 b - -,h7h6 c4d5 e7d5 b3c2 b4d6 a2a3 a5a4 c3a4 e6g4 d3h7,Mate
6k1/5p1p/6pB/p1b2r2/2PpQ3/5P2/q6P/3R2K1 b - -,f5g5 h6g5 d4d3 g1h1 c5f8 e4d3 a2f2 d1f1 f2c5 g5f6,Mate
2Q2nk1/1Q3pb1/4r1p1/7p/7P/8/8/5K2 b - -,e6f6 f1e1 f6e6 e1d1 e6d6 d1c2 d6f6 b7a7 g8h7 c8b7,199
r1b1R1B1/pp1n2b1/4pk2/8/8/Q7/P4PPP/6K1 b - -,e6f6 f1e1 f6e6 e1d1 e6d6 d1c2 d6f6 b7a7 g8h7 c8b7,Mate
r6k/pbpn2pp/1p1pp2r/5p1q/2PPP2P/3B2P1/PPQN1P1K/R4R2 b - -,g7g5 c2d1 g5h4 d1h5 h6h5 f1h1 d7f6 d4d5 f5e4 d2e4,-256
6k1/3R4/4N2p/4Kpp1/8/8/5PPP/8 b - -,h5g6 f2f4 d7f6 a1e1 e6e5 f4e5 d6e5 f1f5 f6g4 h2h3,Mate
r1b1r1k1/pp2qpbp/5np1/1NpNn3/2P5/4P2P/PBQ1BPP1/R3R1K1 b - -,e7e6 b5c7 f6d5 c7e6 d5e3 f2e3 c8e6 a1d1 a8d8 g2g4,521
r1bq1rk1/p1p2ppp/5n2/2pP4/1bQ5/2N5/PPP1BPPP/R1B1K2R b KQ -,b4c3 c4c3 f8e8 c1e3 f6d5 c3c5 d5e3 f2e3 d8h4 g2g3,61
5rk1/1pp2r2/p2p3p/3Pq1p1/1P1pPpPn/P2B3P/2P2R1K/4R1Q1 b - -,f4f3 g1g3 f7f4 a3a4 h4g2 e1a1 g2e3 a1b1 g8g7 b4b5,-367
rnb1k2r/1pp2ppp/4pq2/p7/3P4/PP6/1KP1QPPP/3R1BNR b kq -,c7c5 e2c4 b8d7 c4c3 e8h8 g1f3 a5a4 f1b5 a4b3 c2b3,68
3r3k/p5pp/1p3p2/4pP2/8/P2PR2P/1P4P1/7K b - -,d8d5 h1g1 a7a5 g1f2 h7h5 f2e1 h8h7 e1d2 h7h6 h3h4,-87
8/4k3/8/5p2/4nP2/8/8/1K2R3 b - -,e7e6 b1c2 e6f6 c2d3 e4c5 d3c4 c5e6 e1f1 e6f8 c4d5,20
r1r3k1/p3qppp/4p3/Q1pbN3/5B2/P5P1/1P1nPPBP/1R3RK1 b - -,d2b3 a5e1 f7f6 e5f3 e6e5 b1d1 b3d4 f4e3 d5e4 e3d4,428
r1bq1rk1/1pp2p2/p1nb1n1Q/3pN3/3P1P2/3B1R2/PPP1N1p1/R1B3K1 b - -,d2b3 a5e1 f7f6 e5f3 e6e5 b1d1 b3d4 f4e3 d5e4 e3d4,Mate
r1bqkbnr/pPp4p/3p1pp1/8/3Q1p2/5N2/PPP1PPPP/RN2KB1R b KQkq -,c8b7 d4f4 f6f5 f4a4 d8d7 a4b3 c7c6 e2e3 g8f6 f1e2,88
2k3nr/ppp2ppp/2nr4/8/3Pq1b1/2P2N2/PP1NB1PP/R2QK2R b KQ -,e4e8 e1h1 c8b8 e2b5 a7a6 b5a4 g8f6 d2c4 d6e6 d4d5,97
3r3k/6p1/7p/p7/P4P2/5qP1/6RP/4Q2K b - -,d8d1 e1d1 f3d1 g2g1 d1a4 h1g2 a4d4 g1f1 a5a4 f1f3,-642
5rk1/1pp2r2/p2p3p/3Pq1p1/1P1pP1Pn/P2B1pQP/2P2R1K/4R3 b - -,f7f4 e1b1 h4g2 f2f3 g2e1 b1e1 f4f3 g3e5 d6e5 a3a4,-356
2r3k1/5p2/1b2p2p/p3P1p1/1p4R1/2Pb2BP/PP2NPP1/3K4 b - -,d3f5 d1d2 b6c5 g4c4 c5e3 d2e3 c8c4 f2f3 c4c5 f3f4,-298
8/8/5ppp/k1K5/P7/5PPP/8/8 b - -,g6g5 h3h4 h6h5 f3f4 g5g4 c5d6 a5a6 f4f5 a6a5 d6e7,738
Q4bk1/5p1p/6pB/p4r2/2Pp4/5P2/q6P/3R2K1 b - -,a2h2 g1h2 f5h5 h2g3 h5h6 d1d4 g8g7 d4d8 f8d6 d8d6,Mate
r3k2r/pbpn1pp1/1p1ppq1p/8/2PPP3/2PBQN2/P4PPP/R3K2R b KQkq -,e8a8 a1b1 g7g5 e1h1 f6f4 e3e2 c7c5 f3e1 h6h5 e1c2,-29
r1b1kbnr/p4ppp/1qp1p3/3pP3/3P4/8/PP2NPPP/RNBQ1RK1 b kq -,a7a5 b1c3 c8a6 f1e1 a6e2 e1e2 g8e7 c3a4 b6b5 b2b3,58
r1b2r2/pp3pkp/4p1p1/3pq3/3n4/2NB4/PP1Q1PPP/R3R1K1 b - -,e5f6 a1d1 d4c6 e1e3 f8d8 d3b5 f6e7 c3e2 e7b4 e2c3,-222
r1bqn3/pppp1Qp1/2n4p/4P3/1b5k/3B1P2/P5PP/RNB2RK1 b - -,e5f6 a1d1 d4c6 e1e3 f8d8 d3b5 f6e7 c3e2 e7b4 e2c3,Mate
1rb2rk1/2n1qpbp/5np1/p7/1P1P4/1QN2B2/1P2NPPP/R1B2RK1 b - -,c8g4 f3g4 b8b4 b3d1 f6g4 h2h3 g4h6 a1a5 h6f5 a5f5,147
8/7p/2k1p3/1p2P1p1/1P1K1nP1/3P3P/8/5B2 b - -,,0
8/8/1p6/p1p5/P1Pp4/1PPK1k2/8/8 b - -,d4c3 d3c3 f3e3 c3c2 e3e2 c2c3 e2d1 c3d3 d1c1 d3e4,-1459
3q1rk1/1pp1nppp/2n5/8/rbQP4/P3BN2/1P3PPP/R4RK1 b - -,d8a8 f3g5 h7h6 g5e4 e7f5 a1d1 b4e7 b2b4 f5d6 c4d5,-353
8/8/3K1ppp/8/k7/5PPP/8/8 b - -,a4b5 d6e6 f6f5 f3f4 b5c4 e6f6 h6h5 f6g6 c4d5 h3h4,1147
Q4bk1/5p1p/6pB/p4r2/2Pp4/q4P2/7P/4R1K1 b - -,d4d3 e1e8 f5g5 h6g5 h7h6 g5e3 g6g5 a8d8 d3d2 e3d2,644
8/8/1p1k1N2/1b3p1p/3K4/4P1P1/7P/8 b - -,b5a4 f6h5 b6b5 h5f4 a4b3 f4d3 b3g8 d3b4 g8f7 b4a6,35
8/4kppp/pp6/5bP1/1PP4P/P3KP2/8/r5NR b - -,f5e6 e3f2 a1a2 f2g3 a2a3 g1e2 e6c4 e2d4 a3d3 d4f5,-213
8/4k3/8/5p2/4n3/5P2/8/1K2R3 b - -,a6a5 h4h5 a5a4 h5h6 g7h6 h1h6 a1g1 h6b6 f5e6 b6b7,Mate
r1b2r2/1pp2kb1/n2p1q2/p2Pp2Q/2P1P3/2N1B3/PP3P2/R3K1NR b KQ -,f7e7 e3g5 c8d7 h5g6 f8f7 h1h7 f6g5 g6g5 g7f6 h7f7,615
r4rk1/pp1b1ppp/4p3/3pP1BQ/3N4/3B4/q4P1P/1R3RK1 b - -,h7h6 g5f6 a2d2 h5g4 d2g5 f6g5 h6g5 b1b7 d7b5 d3b5,Mate
4K3/8/8/5BbR/5kP1/7P/8/7r b - -,h1a1 h3h4 a1a8 e8f7 a8a7 f7e6 a7a6 e6d7 a6a7 d7c6,53
8/7p/1k2p3/1p2P1p1/1P2KnP1/3P3P/8/5B2 b - -,,0
r1b1R1B1/p2n2b1/1p2pk2/8/8/5Q2/P4PPP/6K1 b - -,f4d5 f1e2 d5b4 e2d1 b4d5 d1b3 d5f4 h3h4 h7h6 d3d4,Mate
2k3nr/ppp1qppp/2nr4/8/3P2b1/2P2N2/PP1NB1PP/R2Q1RK1 b - -,c8b8 d2c4 d6e6 e2d3 g8f6 h2h3 g4f3 d1f3 e7d8 a1e1,100
8/8/1p6/p1p5/P1P5/1PK2k2/8/8 b - -,f3e3 c3c2 e3e2 c2c3 e2d1 c3d3 d1c1 d3e4 c1c2 e4d5,-1628
1k6/pbp4p/1pQ3p1/P7/2P5/1P3rBq/5P1P/5RK1 b - -,f3g4 c3c2 g4g3 c2c3 g3f3 c3d3 f3f4 d3d2 f4e4 d2e2,Mate
r3kb1r/ppq1pppb/5n1p/3p4/B2P3P/6N1/PPP2PP1/R1BQR1K1 b kq -,b7b5 a4b5 e8d8 c2c4 e7e6 c4c5 f6e4 g3e4 h7e4 c1d2,307
8/1K6/8/2k5/1n6/1Q6/8/8 b - -,b4d5 b3d3 c5d6 d3d4 d6e6 b7c6 d5e7 c6c5 e6f5 d4d6,828
rnb1k2r/pppp1ppp/8/4N3/4n2q/2P3P1/PP1P3P/RNBQKB1R b kq -,e4g3 h2g3 h4h1 d1f3 h1f3 e5f3 d7d6 d2d4 c8g4 e1f2,34
r1r3k1/p3qppp/4p3/Q1pbN3/5B2/P5P1/1P2PPBP/5RK1 b - -,e7d8 a5c3 d5g2 g1g2 d8d5 f2f3 c5c4 e5g4 f7f6 g4f2,342
r2qr1k1/pb2bQp1/1p5p/2ppP3/3Pn1PB/2NBP3/PP5P/2R2RK1 b - -,g8h7 h4f6 e8g8 f6e7 d8e8 d3e4 d5e4 d4d5 e8f7 f1f7,690
8/8/6kP/2p3P1/p7/2K5/8/8 b - -,,0
8/7p/1k2p3/1p1nP1p1/1P1PK1P1/7P/8/5B2 b - -,d5b4 h3h4 g5h4 g4g5 b4d5 e4f3 d5e7 f1h3 e7f5 d4d5,-27
1r3rk1/2q1bppp/3p4/1pnQp3/4P2P/pP2N3/P1P1BPP1/1K1R3R b - -,f8c8 h1h3 c5e6 d5d2 e6f4 h3f3 d6d5 e3d5 f4d5 e4d5,-50
4K3/8/8/5BbR/5kPP/8/8/r7 b - -,a1a8 e8f7 a8a7 f7e6 a7a6 e6d7 a6a7 d7c6 g5d8 h5h8,56
3r1rk1/ppp1qn1p/1b2p1p1/4P3/2B2PP1/P6P/1P4Q1/R1B2R1K b - -,c7c6 f4f5 f7e5 c4e6 g8h8 c1h6 f8e8 a1e1 e7h4 h6f4,110
r1b2rk1/1pp2ppp/2n1pq2/p7/3P4/PP2QN2/1KP2PPP/3R1B1R b - -,b7b6 f1d3 c8b7 d3e4 a8d8 g2g4 d8d6 h1g1 b7a8 g4g5,100
5b1r/1Q1k1pp1/2p1nn1p/8/1P2PBb1/2N2NP1/P1P1K2P/8 b - -,e6c7 b7c7 d7e8 c7c6 g4d7 c6a8 e8e7 e4e5 d7e6 e5f6,1423
rnbqk2r/pppnp1bp/3p2p1/1B2Pp2/3P4/2N2N1P/PPP2PP1/R1BQK2R b KQkq -,c7c6 f3g5 d7e5 d4e5 h7h6 g5f3 c6b5 e5d6 b8c6 e1h1,21
8/8/8/pk6/2pK4/P1P5/8/8 b - -,b5a4 d4c4 a4a3 c4b5 a5a4 c3c4 a3b3 c4c5 a4a3 c5c6,Mate
8/1P6/Q7/8/7K/8/2k5/8 b - -,b5a4 d4c4 a4a3 c4b5 a5a4 c3c4 a3b3 c4c5 a4a3 c5c6,Mate
Q3Rbk1/5p1p/6pB/p4r2/1qPp4/5P2/7P/6K1 b - -,f5g5 h6g5 h7h5 g5h6 g8h7 h6f8 b4b1 g1f2 d4d3 a8d5,Mate
8/8/K7/2kn4/8/1Q6/8/8 b - -,c5c6 b3c4 c6d6 a6b7 d6e5 b7c6 d5f4 c4c5 e5e4 c6d6,9605
rnbqk2r/pp2nppp/1bp1p3/3pP3/1P1P4/P1N2NP1/2P2P1P/R1BQKB1R b KQkq -,a7a5 a1b1 a5b4 a3b4 e8h8 f1h3 e7g6 e1h1 f7f6 c3e2,65
r1b1k2r/pp1nqppp/4pn2/1B6/1b2P3/1NN5/PP1BQPPP/R3K2R b KQkq -,a7a6 b5d7 f6d7 e4e5 b7b6 e2f3 a8a7 f3g3 e8h8 a2a3,28
8/p5p1/1p1k1p1p/4p3/2K1P3/1PP3P1/P6P/8 b - -,,0
8/5p2/6p1/5p1p/1R3K2/3k4/8/8 b - -,d3e2 b4b7 f7f6 b7b2 e2e1 f4e3 e1d1 b2b1 d1c2 b1b6,498
r1b2rk1/pp4pp/2p5/3pP3/2P5/BP2P3/P1QKnbp1/R7 b - -,d5d4 a3f8 f2e3 d2e2 c8g4 e2d3 g4f5 d3e2 f5c2 f8b4,-898
8/7p/1k2p3/1p2P1p1/1n1PK1P1/7P/4B3/8 b - -,b4d5 e2f3 b6c7 e4d3 d5f4 d3e4 b5b4 e4e3 f4h3 e3d3,-5
1N2k3/4r1p1/p2p2R1/2pBp3/1p2P3/P2P4/KPP5/3r4 b - -,d1h1 b8c6 e7d7 a3b4 c5b4 a2b3 h1h6 g6g1 d7c7 c6a5,401
r7/5K2/8/5BbR/5kPP/8/8/8 b - -,a8a7 f7e6 a7a6 e6d7 a6a7 d7c6 g5d8 h5h8 d8f6 h8h6,59
8/5k2/8/3K4/4N1B1/8/8/8 b - -,f7g7 e4d6 g7f6 g4h3 f6g5 d6e4 g5f4 d5d4 f4f3 h3c8,157
8/7k/7P/2p3P1/p1K5/8/8/8 b - -,,0
r4rk1/pp1b1pp1/4pB1p/3pP2Q/3N4/3B4/q4P1P/1R3RK1 b - -,a2a6 h5g4 g7g5 g4h3 a6d3 h3d3 a7a5 d3h3 g8h7 b1b7,Mate
r1bq1rk1/p1p2ppp/8/2pn4/1bQ5/2N5/PPPBBPPP/R3K2R b KQ -,c8e6 c4d3 d5c3 d2c3 d8d3 e2d3 b4c3 b2c3 c5c4 d3e4,-28
8/r7/4K3/5BbR/5kPP/8/8/8 b - -,a7a6 e6d7 a6a7 d7c6 g5f6 h5h6 f4e5 f5d7 f6d8 h6h5,61
r1br2k1/1pp2ppp/2n1pq2/p7/3P2P1/PP2QN2/1KP2P1P/3R1B1R b - -,a5a4 b3b4 f6e7 f1e2 b7b6 h2h4 c8b7 h1g1 c6b4 a3b4,135
r1b1kb1r/ppqpnppp/2n1p3/2p1P3/8/1P3NP1/P1PPQP1P/RNB1KB1R b KQkq -,e7f5 c1b2 f5d4 f3d4 c6d4 b2d4 c5d4 e2e4 f8c5 c2c3,-39
3r1rk1/1q2bppp/2b1pn2/2ppN3/1p3P2/pPPPPBQ1/P2B2PP/4RRK1 b - -,f6e4 d3e4 d5e4 f1f2 e4f3 g2f3 e7d6 c3b4 c5b4 f2g2,-101
8/8/1p1k4/3N1p1p/3K4/4P1P1/4b2P/8 b - -,e2d1 d5b6 d6e6 b6d5 d1f3 d5f4 e6d6 f4g6 d6e6 h2h3,21
2R3k1/6pp/8/p4p2/P2q1P2/3rp1P1/4Q2P/4b1K1 b - -,d4d8 c8d8 d3d8 e2e1 d8d4 e1e3 d4e4 e3b3 g8f8 b3b8,485
r2r2k1/1p1bppbp/5np1/3PB3/2pP3P/P1N2P2/1P2NKP1/R6R b - -,d7c8 a1c1 h7h5 c3b5 a8a5 b5c7 b7b5 e2c3 c8b7 h1e1,82
8/5K2/r7/5BbR/5kPP/8/8/8 b - -,a6a7 f7e6 a7a6 e6d7 a6a7 d7c6 g5f6 h5h6 f4e5 f5d7,49
6r1/1p3k2/p2p4/6P1/4P1K1/8/P7/8 b - -,a6a7 f7e6 a7a6 e6d7 a6a7 d7c6 g5f6 h5h6 f4e5 f5d7,Mate
1k2Q3/pbp4p/1p4p1/P7/2P5/1P3rBq/5P1P/5RK1 b - -,,0
rnb1k2r/ppqp1ppp/4pn2/6B1/1b1NP3/2NQ4/PPP2PPP/R3KB1R b KQkq -,a7a6 g5f6 g7f6 f1e2 b7b6 e1h1 c8b7 a1d1 b4c3 b2c3,10
rnbqk2r/ppp2ppp/5p2/2b5/2BP4/2P5/P1P2PPP/R1BQK1NR b KQkq -,c5f8 g1e2 f8d6 e1h1 e8h8 e2g3 c7c5 d1h5 c5d4 f1d1,55
8/8/8/K1k5/1n6/1Q6/8/8 b - -,b4d5 b3d3 d5c7 d3c3 c5d6 c3g3 d6c6 a5b4 c7d5 b4c4,9605
rnbqr1k1/pp3ppp/3b1n2/1N1pN3/3p1B2/3B4/PPP2PPP/R2QR1K1 b - -,d6c5 d1f3 b8c6 e5c6 b7c6 b5c7 e8e1 a1e1 c8g4 f3g3,16
r1b1r1k1/pp2qpbp/6p1/1NpPn3/8/4P2P/PBQ1BPP1/R3R1K1 b - -,a8b8 f2f4 e5d7 e3e4 g7b2 c2b2 e7f6 b2f6 d7f6 e2f3,260
r2r2k1/1b2bp1p/pqn1p1p1/1p2P3/5Q1P/2BB1N2/PP3PP1/R2R2K1 b - -,a8c8 f3g5 e7g5 f4g5 b5b4 c3e1 d8d4 a1c1 b6d8 d3e2,28
8/5pk1/3rn3/4pN1K/6P1/5P2/8/8 b - -,,0
8/7p/p1p3b1/1p1kN3/1P3K2/7P/P5P1/8 b - -,g6e8 a2a3 c6c5 b4c5 a6a5 c5c6 e8c6 e5c6 d5c6 f4e4,-8
k2rq3/pn5r/1p2p1pp/n2pPp2/bBpP1P1P/2P2BPN/2P4K/RRQ5 b - -,a4d7 h3f2 e8f7 h2g1 d8b8 b1b2 h7g7 b4a3 a5c6 b2a2,-37
8/p4k1p/1p2p1p1/2p2p2/r4P1P/2K3P1/8/3R4 b - -,f7e7 h4h5 g6h5 d1h1 e7d6 h1h5 b6b5 h5g5 a7a5 g5g7,-671
r2q1rk1/p2npp1p/1pbp2p1/8/1PP1P3/1QN4P/P3BPP1/3R1RK1 b - -,a7a5 a2a3 a8a7 b3b2 d8c7 f1e1 a5b4 a3b4 f8a8 e2f1,79
1r5k/3R3p/p4p2/7K/1p3P1P/4P3/r5P1/8 b - -,a7a5 a2a3 a8a7 b3b2 d8c7 f1e1 a5b4 a3b4 f8a8 e2f1,Mate
r1rq2k1/3n1ppp/p1P1pb2/Pp6/8/1Q4P1/1B1NPP1P/2RR2K1 b - -,f6b2 b3b2 d8c7 c6d7 c7d7 d2b3 c8c1 b2c1 d7b7 c1c5,388
5r1k/3R3p/pp3p2/8/5P2/4P1KP/r5P1/8 b - -,f8b8 e3e4 b6b5 e4e5 f6e5 f4e5 a2e2 d7d5 b8e8 g3f4,-650
8/8/1p6/p1p5/P1P5/1P6/1k1K4/8 b - -,f8b8 e3e4 b6b5 e4e5 f6e5 f4e5 a2e2 d7d5 b8e8 g3f4,Mate
6k1/5p1p/4p1p1/pB6/Pb3P2/4P2P/4K1P1/8 b - -,,0
rn2kb1r/ppp1pppp/3q1n2/7b/8/2NP1PP1/PPP3BP/R1BQK1NR b KQkq -,b8c6 c1e3 e8a8 g1e2 e7e6 e1h1 f6d5 e3f2 d5c3 b2c3,-1
r3k2r/1bqp3p/p1nBpp2/1p4p1/2pPP1n1/2P2N2/PPBN1PPP/R2QR1K1 b kq -,c7c8 f3g5 h7h5 g5h3 c6d8 d6g3 d8f7 d2f3 f7g5 h3g5,638
rnbq1rk1/pp3ppp/1bp1p3/3pPn2/1P1P4/P1N2NP1/2P2PBP/R1BQ1RK1 b - -,a7a5 c3a4 b6c7 c1d2 f7f6 a4c5 f6e5 d4e5 d8e8 f1e1,71
2R5/5kpp/8/p4p1Q/P2q1P2/3rp1P1/7P/4b1K1 b - -,f7e7 h5e8 e7f6 c8c6 d4d6 c6d6 d3d6 e8e5 f6f7 e5d6,589
r2rb1k1/1p2ppbp/5np1/3PB3/2pP1N1P/P1N2P2/1P3KP1/R6R b - -,h7h6 a1d1 h6h5 d1c1 e8d7 g2g3 d7a4 h1e1 a8a6 e1e2,92
8/5p2/3rnk2/4pNPK/8/5P2/8/8 b - -,h7h6 a1d1 h6h5 d1c1 e8d7 g2g3 d7a4 h1e1 a8a6 e1e2,Mate
r4rk1/pp3ppp/2n1bn2/2qp4/8/2N1PN1P/PP2BPP1/R2Q1RK1 b - -,a7a6 a1c1 a8c8 a2a3 f8d8 c3a4 c5e7 a4c5 f6e4 c5e6,62
r3kb1r/ppqnpppb/7p/3p4/B2P3P/5QN1/PPP2PP1/R1B1R1K1 b kq -,e8a8 c1f4 e7e5 d4e5 d7c5 e5e6 c7e7 e6f7 e7f7 f3g4,291
r1b2Bk1/pp4pp/2p5/3pP3/2P5/1P2P1n1/P1QK1bp1/R7 b - -,c8f5 c2f5 g3f5 f8c5 f5g3 e5e6 a8e8 e6e7 g8f7 c4d5,-757
8/6K1/k7/p6R/8/8/8/8 b - -,c8f5 c2f5 g3f5 f8c5 f5g3 e5e6 a8e8 e6e7 g8f7 c4d5,Mate
3k1b1r/1Q3pp1/2p1nn1p/8/1P2PBb1/2N2NP1/P1P2K1P/8 b - -,e6f4 g3f4 g4e6 b7b8 d8e7 b8c7 e7e8 c7c6 e8d8 c6b6,714
r3kbnr/pp1qp1pp/2n2p2/3p1b2/3P4/1QP2NB1/PP3PPP/RN2KB1R b KQkq -,g7g5 f1e2 h7h5 h2h4 g5g4 f3d2 f5g6 e1h1 g8h6 f1e1,-60
rr4k1/pp1b1pp1/4pB1p/3pP3/3N2Q1/3B4/q4P1P/1R3RK1 b - -,h7h5 h2h4 g8h6 b1d2 e7e6 a2a4 f8d6 g3d6 d7d6 b3a3,Mate
8/3N3p/p1p5/1p1k4/1P3K2/7P/P5P1/1b6 b - -,b1a2 d7b8 a6a5 b4a5 c6c5 a5a6 d5d6 a6a7 a2d5 g2g4,-7
r6k/pbpn3p/1p1pp2r/5ppq/2PPP2P/3B2P1/PP1N1P1K/R2Q1R2 b - -,h5f7 e4f5 e6f5 f2f4 g5h4 d4d5 h4g3 h2g2 d7c5 d2f3,-291
8/8/8/p7/k1K5/P1P5/8/8 b - -,,0
2rqr1k1/pb2Rp1p/1p4pB/n2B4/8/P1PQ1N2/5PP1/3R2K1 b - -,d8d5 d3d5 b7d5 e7e8 c8e8 d1d5 a5c6 d5d6 e8e6 d6e6,439
2rq1rk1/pp1b2pp/4pn2/1P1p4/Pbp2B2/3p1N2/3N1PPP/1BRQ1RK1 b - -,d7e8 f4e3 e8h5 b1d3 c4d3 c1c8 d8c8 d1a1 b4d2 f3d2,-247
rn3rk1/2q2p2/p2ppp2/3b3Q/3N1P2/R7/1PP3PP/5RK1 b - -,f8c8 h5h6 c7c3 b2c3 c8c4 f4f5 e6e5 d4e6 d5e6 f5e6,Mate
2B2n2/1p5p/1k4p1/5p2/PP6/4K1P1/5P2/8 b - -,b6c7 c8b7 c7b7 e3f4 f8e6 f4e5 e6g5 e5f4 g5f7 g3g4,-273
6r1/1p6/p2pk3/6PK/4P3/8/P7/8 b - -,b6c7 c8b7 c7b7 e3f4 f8e6 f4e5 e6g5 e5f4 g5f7 g3g4,Mate
r4k2/1b1q1p1Q/p1pb1p2/1p6/3PR3/1BP3P1/PP3P1P/r4NK1 b - -,a1f1 g1f1 d6e5 d4e5 d7d3 f1g2 f8e8 h7f7 e8d8 e4g4,Mate
2k4r/ppp1qppp/2nr1n2/8/2NP2b1/2P2N2/PP2B1PP/R2Q1RK1 b - -,d6d7 d1d2 e7d8 e2d3 d7e7 d2g5 g4e6 c4e3 f6d5 e3d5,121
8/8/8/pK6/8/k1P5/8/8 b - -,,0
1N6/7p/p1p5/1p1k4/1P3K2/7P/b5P1/8 b - -,d5c4 b8a6 c4c3 g2g4 a2d5 g4g5 c6c5 b4c5 b5b4 a6b4,12
8/p4k1p/1p2p1p1/2p2p2/3r1P1P/2K3P1/8/R7 b - -,a7a5 c3c2 f7e7 a1a2 d4b4 c2c3 a5a4 c3c2 h7h5 c2c1,-679
r2q1rk1/3npp1p/1pbp2p1/p7/1PP1P3/PQN4P/4BPP1/3R1RK1 b - -,a5b4 a3b4 d8c7 b3b2 a8a7 f2f4 f8a8 f1f3 c7b8 f3e3,84
r4rk1/p4ppp/1pp5/4qb2/8/1QRBP3/PP3PPP/3R2K1 b - -,f5e4 d3e4 e5e4 c3d3 a8e8 d3d7 e8e7 d1d4 e4e5 d4d6,52
8/6pp/1p3pk1/p2P1Q2/1p3P2/6PK/7P/8 b - -,g6f5 g3g4 f5g6 h3g2 b4b3 g2f2 b3b2 f2e3 b2b1q h2h4,-1085
rnbq1rk1/p1pnp1bp/1p2p1p1/8/2B5/2N1BN1P/PPP2PP1/R2QK2R b KQ -,d7e5 f3e5 d8d1 a1d1 g7e5 h3h4 b8c6 h4h5 e5d6 h5g6,34
2r2rk1/1p2q1pp/p1n1bp2/4p3/3pP3/P1PN1B2/1P1Q1PPP/2R2RK1 b - -,d4c3 c1c3 c6d4 d3b4 e7d6 f1d1 d4f3 g2f3 d6d2 d1d2,-96
2r1r1k1/pb2qp1p/1p4pB/n2B4/3Q4/P1P2N2/5PP1/3R2K1 b - -,e7f8 h6f8 e8f8 f3e5 a5c6 d5c6 c8c6 d4d7 c6c5 e5g4,790
8/4kp1p/pp6/6Pp/1P6/P4PKN/r7/5b1R b - -,f1c4 h3f4 e7d6 h1h5 d6c6 h5h6 c6b5 h6h5 b5a4 h5h6,-84
r3k2r/2nb1p2/p3p1pp/1pB1PP2/1R5P/5N2/2P2P2/3Q2K1 b - -,a8d8 d1d6 c7d5 f5e6 f7e6 b4f4 d7c8 f4f8 h8f8 d6f8,731
rnbqkb1r/1pp1pppp/p4n2/8/2pP4/2N2N2/PP1BPPPP/R2QKB1R b KQkq -,b7b5 a2a4 b5b4 c3b1 c7c5 e2e3 b8c6 f1c4 e7e6 d4c5,-89
8/8/8/pkp5/8/1K6/8/8 b - -,c8f5 e2e3 e7e6 f1c4 c7c5 e1h1 b8c6 f1e1 f5g4 c4e2,Mate
r1b1kbnr/ppp1pppp/3q4/3P4/2pQPB2/3B4/PP3PPP/RN2K1NR b KQkq -,d6f4 g1e2 f4f6 d4c4 f6b6 e1h1 e7e6 b1c3 g8f6 e2d4,52
1r1q1rk1/1p2b1pp/pN1p1n2/P2Ppp2/1B6/R7/1PP1QPPP/5RK1 b - -,h7h6 a3f3 f6d7 b6c4 e5e4 f3b3 d8c7 b3c3 d7c5 b2b3,39
3b4/7R/8/1K3B2/5kPP/8/8/2r5 b - -,c1c7 h7h6 c7f7 b5c4 d8e7 h4h5 f7f6 h6h7 e7f8 h7c7,52
6r1/1p3k2/p2p4/6PK/4P3/P7/8/8 b - -,c1c7 h7h6 c7f7 b5c4 d8e7 h4h5 f7f6 h6h7 e7f8 h7c7,Mate
8/7k/8/8/4B2P/7K/8/8 b - -,h7g7 h3g4 g7g8 g4h5 g8g7 h5g5 g7h8 g5h6 h8g8 h6g6,39
8/8/8/1K6/p1P5/k7/8/8 b - -,a3b3 c4c5 a4a3 c5c6 a3a2 c6c7 a2a1q c7c8q a1a4 b5b6,Mate
rnbqkb1r/ppp2p1p/3p1n2/6N1/4Pp2/2N4P/PPPP2P1/R1BQKB1R b KQkq -,,0
r4rk1/p4ppp/1p6/2p1qB2/8/1QR1P3/PP3PPP/3R2K1 b - -,g7g6 f5c2 a8c8 h2h4 h7h6 c2g6 c5c4 g6f7 f8f7 c3c4,439
1rb2rk1/2n1qpbp/5np1/3N4/1p1P4/1Q3B2/1P2NPPP/R1B2RK1 b - -,e7d7 d5c7 d7c7 c1f4 c7b6 f4b8 b6b8 a1a4 f8e8 a4b4,370
2k4r/ppp1qppp/2n1rn2/8/2NP2b1/2PB1N2/PP4PP/R2Q1RK1 b - -,f6e4 d1c2 g4f3 f1f3 g7g6 a1e1 e4g5 f3e3 e6e3 e1e3,106
8/8/8/1kp5/p7/8/1K6/8 b - -,f6e4 d1c2 g4f3 f1f3 g7g6 a1e1 e4g5 f3e3 e6e3 e1e3,Mate
r4rk1/1b2bppp/pqn1p3/1p2P3/8/2BB1N2/PP2QPPP/2RR2K1 b - -,f8c8 h2h4 g7g6 h4h5 b5b4 c3e1 c6d4 f3d4 b6d4 h5g6,37
8/5p2/3Nnk2/4p2K/6P1/5P2/8/8 b - -,,0
rr4k1/pp1b1p2/4pB1p/3pP1pQ/3N4/3B4/q4P1P/1R3RK1 b - -,f6e7 d6e4 e6d4 h5g5 d4f3 g5f5 f3h2 f5e5 h2g4 e5f5,Mate
8/8/8/1KP5/p7/1k6/8/8 b - -,a4a3 c5c6 a3a2 c6c7 a2a1q c7c8q a1e5 b5b6 e5d4 b6a6,Mate
r1rq2k1/3n1ppp/p1P1p3/Pp6/8/6P1/1Q1NPP1P/2RR2K1 b - -,d8c7 c6d7 c7d7 d2b3 d7e8 b2d4 h7h5 h2h4 e6e5 c1c8,393
8/4kp1p/pp6/6Pp/1P6/P4PKR/r7/8 b - -,,0
5R2/6pp/5k2/p4p1Q/P2q1P2/3rp1P1/7P/4b1K1 b - -,f6e6 h5f7 e6d6 f8d8 d6c5 f7c7 c5b4 d8d4 d3d4 c7b6,454
k2rq3/pn5r/4p1pp/np1pPp2/bBpP1P1P/2P2BP1/2P2N1K/RRQ5 b - -,,0
rn3rk1/2q2p2/p2ppp2/7Q/3NbP2/6R1/1PP3PP/5RK1 b - -,h7g7 f2d1 g6g5 d1b2 g5h4 b2a4 h4g3 h2g2 b5a4 c1a3,Mate
8/8/8/2p5/pk6/8/K7/8 b - -,h7g7 f2d1 g6g5 d1b2 g5h4 b2a4 h4g3 h2g2 b5a4 c1a3,Mate
rn1r2k1/pp3ppp/4pnb1/2P5/PbN1P2P/2N2P2/1P1B2P1/R2K1B1R b - -,b8c6 d1e1 c6d4 a1c1 d4b3 c1d1 b3d2 d1d2 b4c5 c4a5,-43
8/8/7k/8/4B1KP/8/8/8 b - -,h6g7 g4h5 g7h8 h5h6 h8g8 h6g6 g8h8 e4f5 h8g8 g6f6,22
rnbqkb1r/2p1pppp/p4n2/1p6/P1pP4/2N2N2/1P1BPPPP/R2QKB1R b KQkq -,b5b4 c3b1 c7c5 e2e3 b8c6 f1c4 e7e6 e1h1 c8b7 d2c1,-82
r4rk1/ppp1qppp/2n2n2/3P4/3P4/1PN2P1P/P1BQ1P2/2KR3R b - -,c6b4 c2e4 f8d8 h1g1 f6d5 c3d5 b4d5 d2g5 e7g5 g1g5,-15
3b4/2r5/7R/1K3B2/5kPP/8/8/8 b - -,c7f7 b5c5 f7f6 h6h7 f6a6 f5d7 f4g3 h4h5 d8g5 c5d4,50
3q1rk1/r2npp1p/1pbp2p1/p7/1PP1P1B1/PQN4P/5PP1/3R1RK1 b - -,d7f6 f1e1 f6g4 h3g4 a5b4 a3b4 d8d7 c4c5 b6c5 b4c5,24
2rqbrk1/pp4pp/4pn2/1P1p4/Pbp2B2/3p1N2/3N1PPP/1BRQR1K1 b - -,e8g6 e1e6 c4c3 b1d3 g6d3 d2b3 d3e4 d1e1 f6h5 f4e3,-327
7b/1ppb1k2/n2p4/p2PpP2/2P1P3/2N1B3/PP1K4/6N1 b - -,h8g7 g1h3 g7f6 b2b3 f7e7 h3g5 f6g5 e3g5 e7f8 d2e3,197
1Q6/8/5Q2/8/7K/4k3/8/8 b - -,h8g7 g1h3 g7f6 b2b3 f7e7 h3g5 f6g5 e3g5 e7f8 d2e3,Mate
r1bq1rk1/p1p2ppp/8/2p5/1bQ5/2B5/PPP1BPPP/R3K2R b KQ -,b4c3 b2c3 c8b7 e1h1 d8g5 c4g4 g5g4 e2g4 f8e8 f1d1,-12
8/4kp1p/pp6/6PR/1P6/r4PK1/8/8 b - -,,0
8/5k1p/1p2p1p1/p1p2p2/3r1P1P/2K3P1/8/1R6 b - -,d4b4 b1d1 f7e7 h4h5 g6h5 d1h1 e7d6 h1h5 b6b5 h5g5,-690
3b4/5r2/7R/1K3B1P/5kP1/8/8/8 b - -,d8f6 f5e6 f7f8 h6g6 f6g5 e6f5 f8f6 g6g8 f6h6 b5c4,46
r1bqk2r/1ppnppb1/p2p1npp/8/3PP2P/2N1BP1N/PPPQ2P1/R3KB1R b KQkq -,b7b5 e1a1 d7b6 f1d3 f6d7 h4h5 g6g5 f3f4 c7c5 d4c5,77
8/8/8/8/pk6/2p5/2K5/8 b - -,c7c5 e1a1 d8a5 c1b1 b7b5 d4c5 d6c5 g2g4 b5b4 c3d5,Mate
r1b1kbnr/pp1n1ppp/2p5/q3p3/8/2P1PNB1/PP3PPP/RN1QKB1R b KQkq -,f7f6 a2a4 a5b6 d1c2 a7a5 f1c4 g8h6 e1h1 f8e7 b1d2,70
8/7p/p1p3b1/1p1k4/1P3KP1/5N1P/P7/8 b - -,c6c5 b4c5 d5c5 a2a3 a6a5 f4e3 b5b4 e3d2 a5a4 a3b4,-211
r4rk1/ppp1qppp/2n2n2/3N4/2PP4/1P3P1P/P1BQ1P2/2KR3R b - -,f6d5 c4d5 c6b4 h1e1 e7d6 e1e5 b4d5 c2e4 c7c6 e4d5,-92
r3kb1r/ppq2ppb/2p1p2p/3n4/2PP3P/1B3QN1/PP3PP1/R1B1R1K1 b kq -,d5b6 c1f4 c7d7 d4d5 e8a8 a1d1 f8c5 g3h5 d7e7 d5c6,307
3q1rk1/r2npp1p/1pbp2p1/p7/1PP1P3/PQN4P/4BPP1/3RR1K1 b - -,a5b4 a3b4 d8c7 e2f1 f8a8 b3b2 c6a4 d1d4 a4c6 d4d3,72
r1bq1rk1/p1p2ppp/8/2p5/8/2Q5/PPP1BPPP/R3K2R b KQ -,f8e8 c3d3 d8f6 e1h1 f6b2 e2f3 a8b8 h2h3 b8b6 f1b1,-27
r1bqn1Q1/pppp2p1/2n4p/4P2k/1b4P1/3B1P2/P6P/RNB2RK1 b - -,d8e7 c3e3 e7e3 f2e3 c8b7 e1f2 f8d8 h1d1 d8d6 d1d6,Mate
r1bq1rk1/1p1pppbp/p1n2np1/8/3NP3/2N1B3/PPP1BPPP/R2Q1RK1 b - -,c6d4 e3d4 d7d6 f1e1 c8e6 e2f3 a8c8 c3d5 f6d7 d4g7,21
1rb2rk1/4qpbp/5np1/3B4/1p1P4/1Q6/1P2NPPP/R1B2RK1 b - -,f6d5 e2f4 d5f6 h2h3 c8b7 c1d2 e7d7 f1e1 d7d4 b3b4,-369
r3kb1r/ppp2ppp/6b1/3p4/1n6/NP1P3P/PBP2PP1/R3K1NR b KQkq -,f7f6 g1e2 c7c5 e1d2 e8a8 h3h4 h7h5 e2f4 g6f7 h1e1,-165
6k1/6n1/8/7p/6qP/6P1/6R1/7K b - -,a7a6 e1d2 f7f6 g1e2 e8a8 e2f4 f8d6 f4g6 h7g6 a3b1,Mate
r1r3k1/p3qppp/4p3/Q1p1N3/5B2/P5P1/1P2PPKP/5R2 b - -,f7f6 e5c4 h7h5 a5d2 e6e5 d2d5 e7f7 d5f7 g8f7 f4d2,345
8/4kp1R/pp6/6P1/1P6/1r3PK1/8/8 b - -,e7e8 h7h8 e8e7 h8a8 b3b4 a8a6 e7e6 f3f4 e6f5 a6a7,3
r3kb1r/pbppqppp/1np5/4P3/2P4P/2N5/PP2QPP1/R1B1KB1R b - -,e7e6 c1d2 a7a5 h4h5 f8e7 h5h6 g7g6 h1h3 e8d8 a1d1,111
rn1r2k1/pp3ppp/3Npnb1/2P5/Pb5P/2N2P2/1P1BP1P1/R2K1B1R b - -,d8d7 e2e4 b4c5 d6c4 b8c6 d1e1 c6d4 a1c1 d4b3 c1c2,-61
rn3rk1/2q2p2/p2p1pbQ/5p2/3N4/6R1/1PP3PP/5RK1 b - -,d8d7 e2e4 b4c5 d6c4 b8c6 d1e1 c6d4 a1c1 d4b3 c1c2,Mate
7k/8/8/8/4B1KP/8/8/8 b - -,h8g7 g4g5 g7h8 g5g6 h8g8 g6h6 g8h8 h4h5 h8g8 e4g2,77
r1bqk2r/pp1pnpbp/2n1p1p1/2p1P3/8/2N2NP1/PPPPQPBP/R1B1K2R b KQkq -,e7f5 c3e4 d8c7 c2c3 c6e5 f3e5 g7e5 e2b5 c5c4 b2b3,-60
r1rq2k1/5ppp/pNP1p3/Pp1n4/8/6P1/1Q2PP1P/2RR2K1 b - -,d8c7 b6a8 c8a8 e2e4 d5f6 b2d4 a8c8 d4b6 g7g6 b6c7,482
r1bqk2r/ppp2p2/2np1n1p/2b1p1p1/2B1P3/3P1N1P/PPP1NPP1/R1BQ1RK1 b kq -,g5g4 h3g4 c8g4 f3h2 h8g8 g1h1 g4d7 f2f3 c6a5 c4d5,-153
r2q3k/pb2r1p1/1p4Qp/2ppP3/3Pn1P1/2NBP3/PP5P/2R2RK1 b - -,d8g8 c3e2 g8e8 e2f4 h8g8 h2h4 a8c8 g6e8 e7e8 h4h5,303
5n2/1Bk4p/6p1/5p2/PP6/4K1P1/5P2/8 b - -,c7b7 f2f3 f8e6 e3d3 b7b6 f3f4 e6g7 d3e2 g7h5 e2f2,-350
3rb1k1/1p2ppbp/5np1/r2PB3/2pP1N1P/P1N2P2/1P3KP1/2R4R b - -,a5a6 g2g4 e8d7 h1e1 a6b6 c3d1 d8c8 g4g5 f6e8 e5g7,164
4k2R/5p2/pp6/6P1/1P6/1r3PK1/8/8 b - -,,0
8/1p3kr1/p2p3K/6P1/4P3/P7/8/8 b - -,e8e7 h8h4 e7f8 h4f4 f8g7 g3g4 a6a5 b4a5 b6a5 f4f6,Mate
8/5r2/2K2b1R/5B1P/5kP1/8/8/8 b - -,f4e5 c6c5 f7g7 c5c4 g7a7 c4b3 a7c7 b3b4 c7b7 b4c3,18
r3r1k1/p3ppb1/2N3pp/3pN3/2pPnB1P/2P1P3/PP3PP1/R3K2R b KQ -,g6g5 h4g5 h6g5 f2f3 e4c3 f4g5 c3a4 c6e7 e8e7 g5e7,504
r1bqk2r/2pnppb1/p2p1npp/1p6/3PP2P/2N1BP1N/PPPQ2P1/2KR1B1R b kq -,d7b6 f1d3 c7c6 d2f2 a8b8 h3f4 e7e5 d4e5 d6e5 d3e2,73
5R2/4kQpp/8/p4p2/P2q1P2/3rp1P1/7P/4b1K1 b - -,e7d6 f8d8 d6c5 f7c7 c5b4 d8d4 d3d4 c7b6 b4c4 b6b5,429
r2q1rk1/1bp2pp1/p2pp2p/1p2P3/3P1R2/2PB2Q1/PP3PPP/R5K1 b - -,f7f5 e5f6 f8f6 f4g4 d8e7 d3c2 a8f8 g3d3 f6f5 a1e1,64
8/5k1p/1p2p1p1/p1p2p2/1r3P1P/6P1/2K5/1R6 b - -,b4b1 c2b1 h7h5 b1a1 f7e7 a1b1 e7d6 b1c2 d6d5 c2b2,-1152
6k1/6n1/8/7p/7P/6Pq/6R1/6K1 b - -,g8h7 g1f2 g7f5 g2g1 h3g4 g1b1 g4d4 f2e1 d4e4 e1d2,-1910
r5k1/p4p1p/2p2q2/3p1pbQ/5P2/3B4/PPP3PP/3R2K1 b - -,f6d4 g1h1 d4f4 h5h3 f4g4 d1g1 h7h6 d3f5 g4h3 f5h3,1
5nk1/2Q2p2/4r1pb/1K5p/7P/8/5Q2/8 b - -,f7f6 f2a7 e6e5 b5c4 e5e4 c4d3 e4e3 a7e3 h6e3 d3e3,Mate
N1b5/3n2kp/2B1ppp1/pnp5/N7/1P2P1P1/P4P1P/6K1 b - -,b5a7 c6d7 c8d7 a4c5 d7b5 a2a4 b5e8 c5e6 g7f7 e6d4,534
8/5r2/5b1R/2K1kB1P/6P1/8/8/8 b - -,f7a7 c5b4 a7c7 b4b5 c7a7 b5c5 a7c7 c5b6 c7g7 f5c8,13
r1bqkb1r/ppppnppp/5n2/5P2/4P3/2N2N2/PPP3PP/R1BQKB1R b KQkq -,d7d6 f1c4 d6d5 c4b3 h7h6 e1h1 e7c6 c3d5 f8d6 g1h1,201
8/7R/p2r1k1p/1p4pP/1P2pp2/P3P3/2K2PP1/8 b - -,f6f5 h7f7 f5g4 f7e7 f4e3 e7e4 g4h5 e4e3 h5g4 e3g3,-2
3r1rk1/4bpp1/2q1pn1p/3p4/1p3P2/pP1PPBQ1/P2B2PP/2R2RK1 b - -,c6b5 g3e1 b5b8 d3d4 d8c8 c1c8 f8c8 e1b1 b8b5 f1c1,-51
q4rk1/1pp1nppp/2n5/8/rb1P4/PQ2BN2/1P3PPP/R4RK1 b - -,b4d6 d4d5 c6e5 f3e5 d6e5 e3c5 e5d6 c5d6 c7d6 h2h3,-346
3R4/5Qpp/3k4/p4p2/P2q1P2/3rp1P1/7P/4b1K1 b - -,d6c6 d8c8 c6d6 f7f8 d6e6 f8e8 e6f6 c8c6 d4d6 c6d6,555
1k6/2b4p/qp3pp1/Q7/2P5/6P1/2P2PKP/RR1r4 b - -,d1b1 a5a6 b1a1 a6a1 c7e5 a1a3 g6g5 a3f8 b8c7 f8e7,Mate
r1bq1rk1/1p2ppbp/p1n2np1/3P4/3N4/2N1B3/PPP1BPPP/R2Q1RK1 b - -,c6b4 d4b3 f6d5 c3d5 b4d5 e3c1 a6a5 a2a4 d8d6 e2f3,-35
8/5k1p/1p2p1p1/p1p2p2/5P1P/6P1/8/1K6 b - -,h7h5 b1a2 f7e7 a2a3 b6b5 a3b2 a5a4 b2c1 e7d6 c1d1,-1785
r1b1kbnr/ppqn1ppp/2pp4/4p3/2BPPP2/2P2N2/PP4PP/RNBQK2R b KQkq -,e5d4 e1h1 f8e7 c3d4 d6d5 e4d5 d7b6 d1c2 g8f6 d5c6,48
r1bqk2r/ppp2p2/2np1n1p/2b1p3/2B1P1P1/3P1N2/PPP1NPP1/R1BQ1RK1 b kq -,c8g4 f3h2 h8g8 g1h1 d8e7 c2c3 g4e6 b2b4 c5b6 e2g3,-142
N1b5/3B2kp/3nppp1/p1p5/N7/1P2P1P1/P4P1P/6K1 b - -,g7f7 d7c8 d6c8 a4c5 f7e7 a8c7 c8b6 c7e6 e7d6 g1g2,730
8/2P5/8/1K6/8/1k6/p7/8 b - -,,0
8/8/8/8/2k5/p1p5/8/1K6 b - -,b3a3 c7c8q a2a1q c8a6 a3b2 a6f6 b2a2 f6f7 a2a3 f7f3,Mate
r2qk2r/pp2n3/2pp2pB/3Ppb2/2P1B3/5PPp/PP5P/R2QK1NR b KQkq -,c6d5 e4f5 g6f5 h6g5 d5d4 d1d2 a8c8 e1a1 b7b5 g1e2,257
r2qkb1r/pbp2ppp/1pnppn2/8/3P4/3BPNB1/PPPN1PPP/R2QK2R b KQkq -,g7g6 c2c3 f8g7 e1h1 e8h8 a2a4 a7a5 f1e1 f6h5 g3h4,18
r2q3k/pb2r1p1/1p4Qp/3pP3/3Pn1P1/2NB4/PP5P/2R2RK1 b - -,a8c8 c3e2 c8c1 f1c1 h8g8 c1f1 d8e8 e2f4 a7a5 h2h4,332
6k1/8/8/5n1p/7P/6Pq/3R4/6K1 b - -,g8h7 d2d7 h7g6 d7d2 f5e3 g1f2 e3g4 f2f3 h3f1 f3e4,-1149
8/1p3k2/p2p2r1/6PK/4P3/P7/8/8 b - -,g8h7 d2d7 h7g6 d7d2 f5e3 g1f2 e3g4 f2f3 h3f1 f3e4,Mate
r1r3k1/pRp2ppp/3pN3/3n4/8/P2BP2P/2P2PP1/B2R2K1 b - -,f7e6 d1b1 d5b6 g1h2 a8b8 b7a7 b6d5 b1h1 b8a8 a7a8,515
r1bq1rk1/pp1n1ppp/1bp1p3/3pPnB1/1P1P4/P1N2NP1/2P2PBP/R2Q1RK1 b - -,f7f6 e5f6 g7f6 g5c1 f8e8 a3a4 a7a5 b4b5 e6e5 d4e5,46
k2rq3/pn5r/4p2p/np1pPpP1/bBpP3P/2P2BP1/2P2N1K/RRQ5 b - -,h6g5 c1g5 a5c6 a1a2 d8d7 f2h3 d7g7 g5e3 a7a5 b4a3,120
N7/3b2kp/3nppp1/p1N5/8/1P2P1P1/P4P1P/6K1 b - -,d7c8 a8b6 e6e5 b6c8 d6c8 c5b7 a5a4 b3a4 g7f7 g1g2,543
2Q5/8/8/1K6/8/1k6/8/q7 b - -,,0
8/8/8/8/8/p1pk4/K7/8 b - -,a1f1 b5b6 f1f6 b6b7 f6g5 c8d7 b3a2 d7c7 a2b1 c7c4,Mate
8/3k2p1/pp3p1p/3Kp3/4P3/1PP3P1/P6P/8 b - -,d7d8 d5e6 h6h5 h2h3 b6b5 g3g4 h5g4 h3g4 a6a5 c3c4,396
8/8/p7/8/1qk1Q3/2p1P1P1/2Br1PK1/8 b - -,,0
3R4/2Q3pp/8/p1k2p2/P2q1P2/3rp1P1/7P/4b1K1 b - -,c5b4 d8d4 d3d4 c7b6 b4c4 b6b5 c4c3 b5a5 d4b4 g1f1,440
1k6/1qb4p/1p3pp1/Q7/2P5/5PP1/2P3KP/RR1r4 b - -,d1b1 a5a4 b1a1 a4a1 b7c6 a1d4 b8b7 d4d3 c7d6 d3e2,-467
r1bqn1Q1/pppp2p1/2n4p/4P2k/1b5P/3B1PP1/P7/RNB2RK1 b - -,b6a5 b1b7 b8b7 a1d1 c7e5 f3f4 e5c3 d1d3 c3b4 c2c3,Mate
5n2/7p/1k4p1/1P3p2/P2K4/6P1/5P2/8 b - -,f8d7 d4c4 g6g5 c4d5 h7h5 d5e6 h5h4 e6f5 h4h3 f5g5,-486
1n2k1K1/7R/5N2/4N3/8/8/8/8 b - -,f8d7 d4c4 g6g5 c4d5 h7h5 d5e6 h5h4 e6f5 h4h3 f5g5,Mate
N1r3k1/7p/p1P1pp2/Pp1n1p2/8/6P1/4PP1P/2RR2K1 b - -,c8a8 c6c7 a8c8 c1c6 g8f7 g1f1 h7h5 d1c1 d5b4 c6b6,478
r1bqr1k1/5pbp/pN1p1np1/2pPn3/P7/1QN3P1/1P2PPBP/R1B2RK1 b - -,a8a7 a4a5 e5d7 b6c8 d8c8 b3c2 a7b7 c1f4 c8b8 f1b1,127
2k4r/ppp1qppp/2nr1n2/1B6/3P2b1/2P2N2/PP1N2PP/R2Q1RK1 b - -,e7e3 g1h1 d6e6 d1c2 f6h5 a1e1 e3h6 e1e6 g4e6 f1e1,94
4b3/7p/p1p5/1p1kN3/1P3K2/P6P/6P1/8 b - -,c6c5 b4c5 a6a5 c5c6 e8c6 e5c6 d5c6 f4e4 c6c5 e4d3,-8
8/5k1p/1p2p1p1/2p2p2/p4P1P/6P1/K7/8 b - -,h7h5 a2a3 b6b5 a3b2 f7e7 b2a3 e7d6 a3b2 d6d5 b2c2,-9605
r3kb2/p3n3/Q2pB1br/1ppPp3/3q4/4BRP1/PP6/4R1K1 b - -,h6h1 g1h1 d4d5 e6d5 e7d5 a6c6 e8e7 e3g5 e7e6 c6a8,1364
q4rk1/1pp1nppp/2n5/8/rbQP4/PP2BN2/5PPP/R4RK1 b - -,a4a5 a1d1 b4d6 d4d5 c6e5 f3e5 d6e5 e3c5 e5d6 c5b4,-364
r1bq1rk1/1pp2pp1/p1nb1n1p/3p4/3P1B2/3B1N1P/PPP1NPP1/R2Q1RK1 b - -,f8e8 c2c3 d6f4 e2f4 d8d6 f4e2 c8d7 d1c2 f6h5 c2d2,12
8/8/8/8/8/p1pk4/8/2K5 b - -,f8e8 c2c3 d6f4 e2f4 d8d6 f4e2 c8d7 d1c2 f6h5 c2d2,Mate
3R2k1/8/8/7p/7P/6nq/8/6K1 b - -,g8h7 d8e8 g3f5 e8f8 h3h4 f8f7 f5g7 f7f2 h4d4 g1f1,-9605
rnbqk2r/ppp1bppp/3p1n2/4p3/4P2P/2NPB3/PPP2PP1/R2QKBNR b KQkq -,e8h8 f1e2 d6d5 e4d5 f6d5 c3d5 d8d5 g1f3 b8c6 c2c3,-45
8/8/6K1/5Q2/8/4kn2/8/8 b - -,,0
k2rq3/pn5r/4p3/np1pPpQ1/bBpP3P/2P2BP1/2P2N1K/RR6 b - -,a5c6 a1a2 d8d7 f2h3 c6b4 c3b4 d7g7 g5e3 e8e7 e3f2,116
8/2Q3pp/8/p4p2/Pk1R1P2/3rp1P1/7P/4b1K1 b - -,d3d4 c7b6 b4c3 b6a5 d4b4 g1f1 e1f2 f1e2 c3b3 a5f5,Mate
8/5k2/p2p2r1/1p4P1/4P2K/P7/8/8 b - -,d3d4 c7b6 b4c3 b6a5 d4b4 g1f1 e1f2 f1e2 c3b3 a5f5,Mate
4b3/7p/p7/1pPkN3/5K2/P6P/6P1/8 b - -,a6a5 c5c6 e8c6 e5c6 d5c6 f4e4 c6c5 e4d3 b5b4 d3c2,-5
8/8/1k6/3K4/2Q5/8/5p2/8 b - -,h7h5 c5c6 e8c6 e5c6 d5c6 g2g4 h5g4 h3g4 c6d5 g4g5,Mate
2r3k1/2P4p/p1R1pp2/Pp1n1p2/8/6P1/4PP1P/3R2K1 b - -,g8f7 g1f1 f7e7 c6a6 c8c7 a6a8 e7d7 a8b8 c7a7 b8b5,479
5k2/8/1p4pp/p3pp1P/2P3P1/PP2K3/5P2/8 b - -,f8g7 b3b4 a5b4 a3b4 g7f6 h5g6 f6g6 b4b5 h6h5 g4h5,609
rnb1kb1r/ppq2ppp/2pp1n2/8/2PQPP2/2N2N2/PP4PP/R1B1KB1R b KQkq -,c8g4 f1e2 c7b6 d4d3 b8d7 c1e3 b6b2 a1b1 b2a3 b1b3,119
rn1qkb1r/pp3ppp/2p2n2/3p1b2/2PP4/1Q2PN2/PP4PP/RNB1KB1R b KQkq -,b8d7 b1c3 d8b6 c4d5 b6b3 a2b3 f6d5 f1c4 d7b6 c3d5,-14
1k6/1qb4p/1p3pp1/Q7/2P5/5PP1/2P3KP/1R6 b - -,b6a5 b1a1 b7b4 a1a5 b4d2 g2h3 c7a5 f3f4 d2c2 f4f5,-612
r1r3k1/p4ppp/4p3/2p1N3/5B2/P5P1/1q1QPP1P/5RK1 b - -,b2b6 f4e3 b6b5 d2d7 b5d7 e5d7 c5c4 f1c1 c8c6 d7c5,175
r1br2k1/1pp2ppp/2n1pq2/8/pP1P2P1/P3QN2/1KP2P1P/3R1B1R b - -,a8b8 h1g1 b7b5 f1d3 g7g6 d3e4 c6e7 g4g5 f6g7 f3e5,158
8/5k1p/4p1p1/1pp2p2/p4P1P/K5P1/8/8 b - -,a8b8 h1g1 b7b5 f1d3 g7g6 d3e4 c6e7 g4g5 f6g7 f3e5,Mate
8/6k1/8/7p/3R3P/6nq/8/6K1 b - -,a8b8 h1g1 b7b5 f1d3 g7g6 d3e4 c6e7 g4g5 f6g7 f3e5,Mate
6k1/1n3ppp/b7/1ppN4/8/1P6/P1P2PPP/2K1R3 b - -,b7d6 d5c7 g7g6 c7a6 c5c4 a6c7 g8g7 b3b4 g7h6 c2c3,604
r1b2qk1/pp4pp/8/2bPp3/1n2Q3/2N1B1PP/PP3rB1/RN2K1R1 b - -,c5e3 g3g4 f2f4 c3e2 f4e4 g2e4 f8f2 e1d1 c8d7 a2a4,-684
r1b1kb1r/p3nppp/1qp1p3/3pP3/3P4/2N5/PP2NPPP/R1BQ1RK1 b kq -,e7g6 c3a4 b6b5 b2b3 f8e7 f1e1 e8h8 e2f4 c8a6 f4g6,69
r4k2/p3n3/Q2pB1bB/1ppPp3/1q6/6P1/PP6/4R1K1 b - -,e7g6 c3a4 b6b5 b2b3 f8e7 f1e1 e8h8 e2f4 c8a6 f4g6,Mate
8/8/8/8/5KNP/2k3Pq/8/8 b - -,h3f1 f4e5 f1e2 e5f4 c3d4 f4g5 e2f1 g4h6 d4e5 h6g4,-971
r2r2k1/pp3ppp/2n1bn2/1Nqp4/8/4PN1P/PP2BPP1/R2Q1RK1 b - -,d8c8 d1d3 f6e4 a1c1 c5b6 d3a3 a7a5 f1d1 h7h6 a3a4,52
r1bq1rk1/1pp2pp1/p1n2n1p/3p4/3P1N2/3B1N1P/PPP2PP1/R2Q1RK1 b - -,f8e8 f1e1 e8e1 d1e1 d8d6 e1d2 c8d7 a1e1 c6b4 f3e5,25
r1b1kb1r/p1p1qppp/2p1pn2/3pB3/3P4/4P3/PPP2PPP/RN1QKB1R b KQkq -,e7b4 b1d2 f8d6 e5f6 g7f6 a1b1 c6c5 d4c5 d6c5 f1e2,26
r1b1k1nr/ppqnbppp/2pp4/4p3/2BPPP2/1QP2N2/PP4PP/RNB1K2R b KQkq -,d6d5 e4d5 b7b5 c4e2 e5d4 c3d4 c6d5 b1c3 g8f6 c3b5,93
r2q1rk1/p1pn2pp/1p1pp3/5p2/2PPbB2/P1Q1PN2/1P3PPP/R3K2R b KQ -,d8e8 h2h4 e4b7 b2b4 h7h6 a1c1 d7f6 c3b2 f6h5,-130
8/6pp/1Q6/p4p2/Pk1r1P2/4p1P1/7P/4b1K1 b - -,b4a4 b6d4 a4b5 d4d7 b5b4 d7e7 b4b5 g1f1 a5a4 e7d7,526
7k/p5pp/1p3p2/3rpP2/8/P2PR2P/1P4P1/6K1 b - -,h7h5 g1f2 a7a5 f2e1 d5b5 e3e2 h8h7 e1f2 h7h6 h3h4,-82
8/7p/4p1pk/1pp2p2/p4P1P/2K3P1/8/8 b - -,h6h5 c3d2 a4a3 d2c3 b5b4 c3c4 a3a2 c4c5 b4b3 c5d6,-1504
3q1rk1/r2npp1p/1pbp2p1/8/1PP1P1B1/1QN4P/5PP1/3R1RK1 b - -,d8a8 f1e1 d7e5 g4e2 c6a4 c3a4 a7a4 f2f4 e5c6 b4b5,36
8/8/8/8/8/2pk4/8/n1K5 b - -,d8a8 f1e1 d7e5 g4e2 c6a4 c3a4 a7a4 f2f4 e5c6 b4b5,Mate
8/7p/1k4p1/1Pn2p2/P1K5/6P1/5P2/8 b - -,c5a4 c4d4 a4c5 d4d5 b6b5 d5d4 h7h5 d4e3 b5c4 e3f4,-9605
1rb2rk1/2n1qpbp/5np1/8/Np1P4/1Q3B2/1P2NPPP/R1B2RK1 b - -,c8b7 f3b7 b8b7 a4c5 b7b6 f1e1 c7e6 b3c4 e7c7 h2h3,65
6k1/6R1/1p3PP1/8/r7/6K1/8/q7 b - -,c8b7 f3b7 b8b7 a4c5 b7b6 f1e1 c7e6 b3c4 e7c7 h2h3,Mate
8/8/8/8/8/1npk4/8/1K6 b - -,c8b7 f3b7 b8b7 a4c5 b7b6 f1e1 c7e6 b3c4 e7c7 h2h3,Mate
3q1rk1/r3pp1p/1pbp2p1/4n3/1PP1P3/1QN4P/4BPP1/3R1RK1 b - -,d8a8 b3b1 g6g5 f1e1 h7h6 c3d5 a8b7 b1b2 a7a4 h3h4,44
r1b1qrk1/1p1n1ppp/1bp1p3/pP1pPnB1/P2P4/2N2NP1/2P2PBP/R2Q1RK1 b - -,c6c5 d4c5 d7c5 c3e2 e8d7 g5c1 d7c7 c1a3 f8d8 g3g4,25
3rb1k1/1p2ppb1/5npp/r2PB3/2pP1NPP/P1N2P2/1P3K2/2R4R b - -,a5a6 g4g5 f6h5 f4h5 g6h5 c1e1 h6g5 h4g5 f7f6 g5f6,174
r3k1nr/2pB1ppp/p2p4/8/pb1PP1b1/4BN2/PP3PPP/RN3K1R b kq -,e8d8 d7g4 g8f6 e3g5 a8b8 g4f5 h7h6 g5f6 g7f6 g2g3,706
8/6pp/8/Q4p2/P2r1P2/2k1p1P1/7P/4b1K1 b - -,c3d3 a5e1 d4e4 a4a5 e4e7 e1d1 d3c4 d1a4 c4c5 g1f1,528
8/8/5N1K/4kqPP/8/8/8/8 b - -,c3d3 a5e1 d4e4 a4a5 e4e7 e1d1 d3c4 d1a4 c4c5 g1f1,Mate
8/7p/4p1p1/1pp2p1k/p4P1P/3K2P1/8/8 b - -,c3d3 a5e1 d4e4 a4a5 e4e7 e1d1 d3c4 d1a4 c4c5 g1f1,Mate
8/8/8/8/8/1n1k4/1Kp5/8 b - -,c3d3 a5e1 d4e4 a4a5 e4e7 e1d1 d3c4 d1a4 c4c5 g1f1,Mate
r1bqk2r/ppp1bppp/2np1n2/4p3/4PP1P/2NPB3/PPP3P1/R2QKBNR b KQkq -,f6g4 d1f3 e7h4 g2g3 g4e3 f3e3 e5f4 e3f4 h4g5 f4f2,-180
rn1q1rk1/1b2b1p1/2p1P2p/pp3p2/4BPN1/1P4P1/1BQ1P2P/R1R3K1 b - -,d8e8 e4f5 c6c5 f5h7 g8h8 g4e5 f8f6 h7g6 e8f8 g6e4,413
8/7p/4p1p1/1pp2p2/p4PkP/4K1P1/8/8 b - -,d8e8 e4f5 c6c5 f5h7 g8h8 g4e5 f8f6 h7g6 e8f8 g6e4,Mate
r2qkb1r/pp1nnppp/2p1p3/3p1b2/3P1B2/2PBPN1P/PP3PP1/RN1QK2R b KQkq -,d8b6 b2b3 c6c5 e1h1 f5d3 d1d3 a8c8 b1d2 e7g6 c3c4,7
2Q5/8/1K6/8/q7/1k6/8/8 b - -,,0
r1bq1rk1/pppp1ppp/1bn2n2/4p3/2B1P2N/3PB3/PPP2PPP/RN1Q1RK1 b - -,f6e4 e3b6 a7b6 d3e4 d8h4 b1c3 d7d6 c3d5 c8e6 f1e1,-93
r1b2r1k/p2nq1p1/8/1p1B2P1/3P2n1/4P3/PPQ2P2/2KR3R b - -,g4h6 c2g6 d7f6 g5h6 e7c7 c1d2 f6h7 h6g7 c7g7 g6g7,Mate
r2qrnk1/p2b1pp1/2pb1p2/1p3P2/3P1N1p/2PB3P/PPQB2P1/4RRK1 b - -,e8e1 d2e1 c6c5 c2f2 c5d4 c3d4 f8h7 f4h5 d8b6 f2h4,105
r1bqk2r/ppp2ppp/1Nnp1n2/8/3NP3/4B3/PPP2PPP/R2QKB1R b KQkq -,,0
r3k2r/1bqp3p/p1nbpp2/1p2P1p1/2pP2n1/2P2NB1/PPBN1PPP/R2QR1K1 b kq -,c7b6 e5d6 e8a8 f3g5 h7h5 g5e6 d8g8 d2f3 c6b4 c3b4,546
r4rk1/4Qpbp/2q3p1/p1p5/8/PP3P1P/2P2BP1/3R1RK1 b - -,f8e8 e7c5 c6c5 f2c5 a8c8 b3b4 g7f8 c5f8 g8f8 d1d2,134
3rb1k1/1p2ppb1/5n1p/r2PB1P1/2pP1NP1/P1N2P2/1P3K2/2R4R b - -,f6g4 f3g4 h6g5 e5g7 g8g7 f4g2 a5a6 g2e3 e7e6 c1e1,476
8/6k1/8/7p/3n3P/7q/8/4K3 b - -,f6g4 f3g4 h6g5 e5g7 g8g7 f4g2 a5a6 g2e3 e7e6 c1e1,Mate
3k4/4R1P1/1p3P2/8/r7/2q5/5K2/8 b - -,f6g4 f3g4 h6g5 e5g7 g8g7 f4g2 a5a6 g2e3 e7e6 c1e1,Mate
rn1k1b1N/1pp3p1/p6p/3n1p1Q/3P1B2/4P3/PqP2PPP/R4RK1 b - -,b8d7 h5f5 d5e7 f5h5 b2b5 h8f7 d8c8 f7e5 d7e5 f4e5,600
r1r3k1/p2Q1ppp/4p3/2p1N3/5B2/q5P1/4PP1P/5RK1 b - -,a3a5 e5f7 c8f8 f7g5 f8f6 g5e6 f6e6 d7e6 g8h8 f4e5,555
8/5pn1/3N1k1K/4p3/6P1/5P2/8/8 b - -,g7e6 d6e4 f6e7 g4g5 e6f4 e4d2 e7d6 d2c4 d6e6 c4e3,Mate
2Rb2k1/p2r1p1p/2R5/3ppq2/1P6/P7/1B4K1/8 b - -,g8g7 a3a4 f5g4 g2f1 g4d1 f1g2 d1e2 g2h3 e2f3 h3h2,-803
r2qk2r/pbpnbp2/1p5p/3pN1p1/Q2P4/P2BP1P1/1P1N1PP1/R3K2R b KQkq -,a7a6 e5c6 d8c8 d3f5 b6b5 a4c2 e7d6 d2f3 b7c6 c2c6,357
1r3r2/p5k1/3p3p/q1pPp1pP/8/2pPQ1P1/P1P1N3/K4R1R b - -,a7a6 e5c6 d8c8 d3f5 b6b5 a4c2 e7d6 d2f3 b7c6 c2c6,Mate
r1bqr1k1/p1p2ppp/8/2p5/8/5Q2/PPP1BPPP/R3K2R b KQ -,c8a6 a1d1 a6e2 d1d8 e2f3 d8e8 a8e8 e1d2 f3g2 h1g1,-529
8/7p/4p1p1/1pp2p2/5PkP/p2K2P1/8/8 b - -,g7g6 e1h1 c8b7 f3b7 e8e2 a1c1 a8b8 b7a7 b8b2 a7c5,Mate
2r3k1/1p3ppp/p1q2b2/8/3Np3/2P5/PP1RQPPP/6K1 b - -,c6d5 d4b3 d5e6 g2g3 f6g5 d2d1 e4e3 g1g2 g7g6 f2e3,-16
r1br2k1/2p2ppp/1pn1pq2/8/pP1P2P1/P2BQN2/1KP2P1P/3R3R b - -,c8b7 d3e4 a8b8 h2h4 d8d6 g4g5 f6d8 h4h5 c6e7 e4b7,174
1k1r4/2b4p/qp3pp1/R1Q5/2P5/6P1/2P2P1P/1R4K1 b - -,b8c8 c5c7 c8c7 a5a6 h7h5 a6b6 d8f8 b6b7 c7c6 b7b8,Mate
8/7p/4p1p1/1pp2p2/5PkP/6P1/p1K5/8 b - -,b8c8 c5c7 c8c7 a5a6 h7h5 a6b6 d8f8 b6b7 c7c6 b7b8,Mate
k2rq3/pn5r/2n1p3/1p1pPpQ1/b1pP3P/B1P2BP1/2P2N1K/RR6 b - -,a4c2 b1b2 c2e4 f3e2 c6a5 a3b4 a5c6 f2e4 d5e4 b4a3,1
r1b2rk1/1pp2pp1/p1nq1n1p/3p4/3P4/3B1N1P/PPP1NPP1/R2Q1RK1 b - -,f8e8 c2c3 e8e7 f1e1 c8d7 d1b3 c6a5 b3c2 a8e8 e2g3,14
r3k2r/1bqp3p/p1nbp3/1p2N1p1/2pP2n1/2P3B1/PPBN1PPP/R2QR1K1 b kq -,h7h5 c2g6 e8e7 e5g4 d6g3 f2g3 h5g4 d1g4 e7d8 g4g5,400
r4r2/2qn1pk1/p2pp3/3b2Q1/R2N1P2/8/1PP3PP/5RK1 b - -,h7h5 c2g6 e8e7 e5g4 d6g3 f2g3 h5g4 d1g4 e7d8 g4g5,Mate
8/6pp/8/Q4p2/Pr3P2/2k1p1P1/7P/4bK2 b - -,e1g3 h2g3 g7g6 a5c5 b4c4 c5a3 c3d4 a4a5 c4c3 a3b4,519
r2qkb1r/ppp1pppp/2np1n2/3P4/4P3/5P1P/PPP2P2/RNBQKB1R b KQkq -,c6b8 b1c3 g7g6 c1e3 c7c6 d1d2 f8g7 e1a1 b8d7 a2a3,52
3r2k1/p4ppp/2p1pnb1/2n5/P6P/2N2P2/1P1NP1P1/2K2B1R b - -,h7h6 e2e4 f6h5 f1c4 h5f4 g2g3 f4d3 c4d3 c5d3 c1c2,-12
r4rk1/2qn1pP1/p2pp3/3b3Q/R2N1P2/8/1PP3PP/5RK1 b - -,f7f5 g7f8q d7f8 c2c4 d5e4 a4a3 f8h7 a3g3 g8h8 d4e6,Mate
8/7N/7K/5qPP/5k2/8/8/8 b - -,f7f5 g7f8q d7f8 c2c4 d5e4 a4a3 f8h7 a3g3 g8h8 d4e6,Mate
3rb1k1/1p2ppb1/5n2/r2PB1pN/2pP2P1/P1N2P2/1P3K2/2R4R b - -,f6d5 h5g7 f7f6 g7e8 d8e8 e5g3 d5c3 c1c3 a5b5 c3c2,396
5r2/p5k1/3p3p/q1pPp1pP/8/2NPQ1P1/PrP5/K4R1R b - -,f6d5 h5g7 f7f6 g7e8 d8e8 e5g3 d5c3 c1c3 a5b5 c3c2,Mate
8/8/4K3/8/4k3/5n1Q/8/8 b - -,,0
8/7p/4p1p1/1pp2p2/5PkP/3K2P1/8/q7 b - -,f3g5 e6d6 g5h3 d6c5 e4d3 c5b6 d3c4 b6c6 h3f4 c6d6,Mate
r2qkb1r/ppp1pppp/3p1n2/3Pn3/2P1P3/5P1P/PP3P2/RNBQKB1R b KQkq -,g7g6 c1e3 c7c6 b1c3 c6d5 e4d5 a8c8 a1c1 d8a5 b2b3,67
8/6pp/8/2Q2p2/Pr3P2/2k1p1P1/3b3P/5K2 b - -,b4c4 c5a3 c3d4 f1e2 c4c3 a3b4 d4d5 a4a5 c3c1 b4b5,519
1r1q1rk1/1p2b1pp/pN1p1n2/P2Pp3/1B3p2/R4P2/1PP1Q1PP/5RK1 b - -,g8h8 c2c4 f6d7 b6d7 d8d7 f1c1 b8c8 e2e4 f8f7 h2h3,79
2r2rk1/4bpp1/1q2pn1p/3p4/1p3P2/pP1PPBQ1/P1RB2PP/2R3K1 b - -,c8c2 c1c2 b6a6 f3e2 d5d4 e3d4 f6d5 c2c4 e7f6 g1f1,-80
r1b2qk1/pp3pbp/n1p3p1/4p2n/2P1P3/2NB1N1P/PP3PP1/R2QK2R b KQ -,f8b4 a2a3 b4e7 g2g3 a6c5 e1f1 c8e6 b2b4 c5d3 d1d3,69
3r2k1/p4pp1/2p1pnbp/2n5/P3P2P/2N2P2/1P1N2P1/2K2B1R b - -,f6h5 f1c4 h5f4 g2g3 f4d3 c4d3 c5d3 c1c2 d3b4 c2d1,-7
r3k2r/1bqp3p/p1nbp3/1p2P1p1/2p5/2P3B1/PPBN1PPP/R2QR1K1 b kq -,d6c5 d2e4 c6a5 e4d6 c5d6 e5d6 c7c6 d1h5 e8d8 h5g5,455
8/8/5K2/8/4k3/5nQ1/8/8 b - -,f3d4 g3d6 d4f3 d6c6 e4e3 c6c4 f3d4 f6e5 d4f3 e5d5,931
5r2/p5k1/3p3p/2pPp1pP/8/2qP2P1/PrP5/K3QR1R b - -,f3d4 g3d6 d4f3 d6c6 e4e3 c6c4 f3d4 f6e5 d4f3 e5d5,Mate
2k4r/ppp1qppp/2nr1n2/8/Q2P2b1/2P2N2/PP1NB1PP/R4RK1 b - -,e7e2 d2c4 d6e6 a1e1 e2d3 f3e5 c6e5 d4e5 f6d7 f1f7,-344
8/7p/4p1p1/1pp2p2/3q1PkP/6P1/4K3/8 b - -,g4h5 a1e1 e7e3 g1h1 h5f3 d2f3 f6e4 g2g3 e4f2 h1g2,Mate
r2q1rk1/pp1bb1pp/4pn2/1Ppp4/3p4/P4NB1/3NBPPP/R2QK2R b KQ -,d7e8 e1h1 f6h5 f3e5 h5g3 h2g3 e7f6 f2f4 f6e5 f4e5,-60
r3r1k1/5pbp/2q3p1/p1Q5/8/PP3P1P/2P2BP1/3R1RK1 b - -,a8c8 c5c6 c8c6 f1e1 e8c8 e1e2 c6c2 e2c2 c8c2 d1d8,200
8/7p/1k4p1/PPnK1p2/8/6P1/5P2/8 b - -,b6b5 d5d4 c5e4 d4e3 h7h5 e3f3 b5a5 f3g2 a5b4 g2f3,-3430
rnbqk2r/pppp1ppp/5n2/8/4P3/2Q5/PPP2PPP/R1B1KBNR b KQkq -,e8h8 c1g5 f6e4 g5d8 e4c3 d8c7 f8e8 g1e2 b8a6 c7d6,28
r1bq1rk1/5pbp/p5p1/3pp3/8/2P1BB2/PP3PPP/R2Q1RK1 b - -,c8e6 d1d2 h7h5 f1d1 e5e4 f3e2 g7e5 h2h3 d8c7 e3d4,-8
3r1rk1/ppp1q2p/1b2p1p1/4P3/1PB2Pn1/P6P/2Q3P1/R1B2R1K b - -,g4e3 c1e3 b6e3 g2g3 b7b5 c4b5 c7c5 c2e4 c5b4 a3b4,62
r2q1rk1/1b2b1p1/2B1p2p/pp3p2/5PN1/1P4P1/1BQ1P2P/R1R3K1 b - -,d8c7 c6b7 c7b7 c2c7 b7c7 c1c7 f8e8 g4e5 e7f6 c7c2,350
1b6/1P6/P2k4/8/6p1/5p2/7p/4K2B b - -,d8c7 c6b7 c7b7 c2c7 b7c7 c1c7 f8e8 g4e5 e7f6 c7c2,Mate
8/6k1/8/7p/3n4/3K4/5q2/8 b - -,d8c7 c6b7 c7b7 c2c7 b7c7 c1c7 f8e8 g4e5 e7f6 c7c2,Mate
8/5q2/5N1K/6PP/5k2/8/8/8 b - -,d8c7 c6b7 c7b7 c2c7 b7c7 c1c7 f8e8 g4e5 e7f6 c7c2,Mate
8/1b3p2/3p2p1/1p1Pp1kp/2p1P3/2P3NP/1nK2PP1/4N3 b - -,b2a4 e1f3 g5f4 f3d2 a4c5 c2d1 f7f5 g3f1 h5h4 g2g3,-309
r6k/pbp3pp/1p1ppn1r/5P1q/2PP3P/3B2P1/PPQN1P1K/R4R2 b - -,h5g5 d4d5 e6d5 f2f3 a8e8 c4d5 b7d5 d2e4 g5f5 a1e1,-73
r1bqk2r/1pp2ppp/1pNp1n2/8/4P3/4B3/PPP2PPP/R2QKB1R b KQkq -,b7c6 f1d3 e8h8 e1h1 f8e8 f1e1 f6g4 d1f3 g4e3 f3e3,-3
8/1P5p/8/2k2p2/5b2/3K1P1P/8/8 b - -,c5d5 b7b8r f4b8 d3e3 d5e5 f3f4 e5d5 e3d3 b8f4 d3e2,-20000
r2qrnk1/p2b1pp1/2pb1p2/1p3P2/3P1B1p/2PB3P/PPQ1N1P1/4RRK1 b - -,d8b8 c2d2 c6c5 f4d6 b8d6 f1f4 c5d4 c3d4 e8e7 e1f1,94
r4nk1/pp3ppp/2pb1p2/8/3Pr3/P1P1BN1q/1P1QBP2/R3R1K1 b - -,d8b8 c2d2 c6c5 f4d6 b8d6 f1f4 c5d4 c3d4 e8e7 e1f1,Mate
r2r2k1/1b2bppp/pqn1p3/1p2P3/8/3B1N2/PP1BQPPP/2RR2K1 b - -,b6c7 h2h4 a8c8 d2f4 c7b8 f3g5 e7g5 f4g5 d8d5 e2e4,49
8/5k2/3p2r1/p5P1/1P2P1K1/8/8/8 b - -,b6c7 h2h4 a8c8 d2f4 c7b8 f3g5 e7g5 f4g5 d8d5 e2e4,Mate
r3k2r/ppp1bppp/2n1b3/3qp3/5P1P/3PB3/PPPQN1P1/R3KB1R b KQkq -,e8a8 f4e5 d5b5 c2c3 d8d3 e2f4 d3e3 d2e3 b5b2 e3c1,-146
8/8/4K3/8/4k3/6Q1/3n4/8 b - -,d2c4 g3g2 e4d3 g2d5 d3c3 d5e4 c4a3 e6d5 c3b3 d5d4,925
8/1P5p/2k5/5p2/3K1b2/5P1P/8/8 b - -,f4b8 d4c4 b8e5 c4b4 c6d5 b4b3 e5b8 b3c2 d5d4 c2d2,-20000
r1bqk1nr/ppp1bppp/2Np4/8/4PP2/8/PPP3PP/RNBQKB1R b KQkq -,e7h4 g2g3 b7c6 b1c3 h4e7 b2b3 g8f6 c1b2 d6d5 d1d3,76
N1n5/1kPP4/Q7/8/4K3/8/8/8 b - -,e7h4 g2g3 b7c6 b1c3 h4e7 b2b3 g8f6 c1b2 d6d5 d1d3,Mate
8/4kp2/8/4p1K1/6P1/5P2/8/8 b - -,e5e4 f3e4 e7e6 g5f4 f7f6 f4g3 e6d6 g3f3 d6e7 f3f2,Mate
2r2rk1/4bpp1/q3pn1p/3p4/1p3P2/pP1PP1Q1/P1RBB1PP/2R3K1 b - -,d5d4 e3d4 c8c2 c1c2 f6d5 c2c4 d5b6 c4c1 a6b5 g3e1,-69
r1b1qrk1/1p1n3p/1b2pp2/pN1p1n2/P2P1B2/5NP1/2P2PBP/R2Q1RK1 b - -,b6d8 g2h3 e8h5 h3f5 e6f5 d1d3 d7b6 b5d6 c8d7 f1b1,214
r3r3/1Q1n1pk1/p1pq1npp/3p4/3P4/3BPP1P/PP4P1/2R1RNK1 b - -,a8b8 b7c6 d6c6 c1c6 b8b2 c6a6 e8b8 e1c1 d7b6 c1c6,239
8/5q1N/7K/5kPP/8/8/8/8 b - -,a8b8 b7c6 d6c6 c1c6 b8b2 c6a6 e8b8 e1c1 d7b6 c1c6,Mate
8/5k2/3p2r1/5KP1/1p2P3/8/8/8 b - -,a8b8 b7c6 d6c6 c1c6 b8b2 c6a6 e8b8 e1c1 d7b6 c1c6,Mate
r2q1rk1/pbpnbppp/1p2pn2/3pN3/3P1B2/2PBP3/PP1NQPPP/R3K2R b KQ -,d7e5 f4e5 a7a5 h2h4 d8c8 a2a4 c7c5 e5f6 e7f6 f2f4,46
r3kb1r/p3nppp/bqp1p3/3pP3/3P4/2N5/PP2NPPP/R1BQR1K1 b kq -,e7g6 c3a4 b6b4 a2a3 b4b8 b2b3 f8e7 e2f4 e8h8 f4g6,63
r2q1rk1/1B2b1p1/4p2p/pp6/5Pp1/1P4P1/1BQ1P2P/R1R3K1 b - -,g8h8 b7a8 d8a8 c2c7 a8e8 b2d4 h8g8 c7b7 e6e5 d4e5,484
r2qk2r/pbpn1p2/1p1b3p/3pN1p1/Q2P4/P2BPNP1/1P3PP1/R3K2R b KQkq -,d6e5 f3e5 e8e7 e5c6 b7c6 a4c6 d7f6 a1c1 h6h5 c6c7,278
r3k2r/ppp2ppp/2n1b3/3qp3/1b3P1P/2PPB3/PP1QN1P1/R3KB1R b KQkq -,,0
4b3/7p/p7/1pk1N3/4K3/P6P/6P1/8 b - -,,0
8/1P5p/2kb4/5p2/2K5/5P1P/8/8 b - -,d6e5 c4b4 c6d5 h3h4 h7h5 b4a4 d5c6 a4b3 e5b8 b3c4,-20000
r1b2r2/pp3pk1/1qpp1Nnp/8/3PP3/2Q5/PPP1B1PP/R4RK1 b - -,a7a5 f1f2 b6a7 a1f1 b7b5 c3c6 c8e6 c6c3 b5b4 f6h5,499
r4rk1/p2Q1ppp/2N1p3/2p5/5B2/q5P1/4PP1P/5RK1 b - -,f8e8 d7b7 a3a2 f4b8 a8b8 c6b8 a2e2 b8d7 a7a6 d7c5,250
r1b3k1/p2n1rpQ/8/1p1B2q1/3P2n1/4P3/PP3P2/2KR3R b - -,g8f8 h7e4 g4h6 d5f7 g5d8 e4a8 d8c7 c1b1 d7b6 a8g2,366
k2r3q/pn5r/2n1p3/1p1pPp2/b1pP1Q1P/B1P2BP1/2P2N1K/RR6 b - -,d8g8 a1a2 a7a5 f2h3 b7d8 b1g1 a8b7 g1g2 c6e7 a3e7,103
r2r2k1/pp3ppp/1qn1bn2/1N1p4/8/1P2PN1P/P3BPP1/R2Q1RK1 b - -,d8c8 a1c1 f6e4 b5d4 c6d4 f3d4 c8c1 d1c1 a8c8 c1b2,44
1r1q1rk1/p2n1ppp/2Q2n2/3p1b2/2PP4/4PN2/PP1NB1PP/R3K2R b KQ -,d8e7 c4d5 f8c8 c6a6 e7e3 a6a3 e3e8 e1f1 c8c2 a1e1,-146
r5k1/pp4pp/2pB4/3pP3/2P5/1PKQP2b/P4b2/R4nq1 b - -,g1g2 a1f1 g2f1 d3f1 h3f1 c4d5 f2e3 d5c6 b7c6 e5e6,-784
r2qkb1r/pppb1ppp/2Bp4/8/3QPB2/2N5/PPP2PPP/R3K2R b KQkq -,h7h5 c6d7 d8d7 e1a1 c7c6 c1b1 h5h4 f4c1 b7b5 h1e1,535
rnbq1rk1/pppp1ppp/5n2/6B1/3QP3/2P5/P1P2PPP/R3KBNR b KQ -,f8e8 g1e2 d7d6 f2f3 e8e5 d4d2 b8c6 e2g3 h7h6 g5e3,-12
8/6k1/8/5n1p/8/2K5/5q2/8 b - -,f8e8 g1e2 d7d6 f2f3 e8e5 d4d2 b8c6 e2g3 h7h6 g5e3,Mate
8/5p2/4k3/4p1K1/5PP1/8/8/8 b - -,f8e8 g1e2 d7d6 f2f3 e8e5 d4d2 b8c6 e2g3 h7h6 g5e3,Mate
rr6/3n1pk1/p1Qq1npp/3p4/3P4/3BPP1P/PP4P1/2R1RNK1 b - -,f6e8 c6d6 e8d6 c1c6 d6e8 e1b1 a6a5 f1g3 a5a4 g3e2,337
8/4q3/5N1K/5kPP/8/8/8/8 b - -,f6e8 c6d6 e8d6 c1c6 d6e8 e1b1 a6a5 f1g3 a5a4 g3e2,Mate
4b3/7p/8/ppk1N3/4K1P1/P6P/8/8 b - -,,0
8/6pp/8/5p2/P1r2P2/Q1k1p1P1/3b3P/5K2 b - -,c3c2 f1e2 c4d4 a3a2 c2c3 a4a5 d2c1 a2b1 d4d2 e2e3,564
8/r4k1p/PR2pp2/5p2/1p6/2n3P1/4PP1P/2R2K2 b - -,f7g6 c1a1 c3e4 b6b4 e4c5 b4b6 e6e5 a1a5 c5a6 a5a6,648
r4Q1Q/2qn1k2/p2ppp2/3b4/R2N1P2/8/1PP3PP/5RK1 b - -,a8f8 h8h7 f7e8 c2c4 d5g2 d4e6 c7b6 g1g2 a6a5 e6f8,Mate
rn1k1b2/1pp2Np1/p6p/3n1p1Q/3P1B2/4P3/P1q2PPP/R4RK1 b - -,d8c8 f7d6 c7d6 a1c1 c2c1 f1c1 c8d8 h5f5 b8d7 f5d5,778
8/7p/1k1K2p1/1Pn2p2/P7/6P1/5P2/8 b - -,c5a4 d6e5 a4c5 f2f3 b6b5 e5d5 h7h5 d5e5 b5c4 e5f6,-3809
r2qbrk1/pp2b1pp/4pn2/1Ppp4/3p4/P4NB1/3NBPPP/R2Q1RK1 b - -,f6h5 g3e5 h5f4 f1e1 d4d3 e5f4 d3e2 d1a4 d5d4 f4e5,-72
8/5p2/4k3/5PK1/4p1P1/8/8/8 b - -,e8g6 f3e5 g6f5 d2f3 f6e4 e2d3 e4c3 d1c2 a7a6 b5a6,Mate
8/1b6/3p2p1/1p1Ppp1k/n1p1P2P/2P2NP1/2K1N3/8 b - -,f5e4 f3g5 b7d5 g5h7 d5c6 h7f6 h5h6 f6g4 h6g7 g4e3,-478
2rq2k1/pp3p1N/6p1/4p3/4P3/1BBR4/PPP3PP/5K2 b - -,d8b6 c3e5 c8d8 h7f6 g8f8 f6d5 b6e6 e5f4 e6a6 f4g5,406
rn2kbnr/ppp2ppp/8/3q1N2/4p3/2P5/PP1P1PPP/RNBQKB1R b KQkq -,d5f5 d2d4 e4d3 f1d3 f5e5 c1e3 b8c6 b1d2 e8a8 d1g4,59
1r3rk1/p2nqppp/2Q2n2/3P1b2/3P4/4PN2/PP1NB1PP/R3K2R b KQ -,f8c8 c6a6 e7e3 a6a3 e3e8 e1f1 c8c2 a1e1 e8c8 e2d1,-137
r2r2k1/1bp2ppp/1pn1pq2/8/pP1PB1P1/P3QN2/1KP2P1P/3R3R b - -,f6e7 h2h4 d8d6 g4g5 a8f8 h1g1 c6d8 f3e5 b7e4 e3e4,182
3r1rk1/ppp1q2p/1b2p1p1/4P3/2B2Pn1/P4R1P/1PQ3P1/R1B4K b - -,f8e8 c1d2 e7d7 h3g4 d7d2 c2b3 g8g7 c4e6 d8d4 a1f1,81
5q2/7K/5N2/5kPP/8/8/8/8 b - -,f8e8 c1d2 e7d7 h3g4 d7d2 c2b3 g8g7 c4e6 d8d4 a1f1,Mate
2k4r/ppp2ppp/2nr1n2/1B6/3P2b1/2P1qN2/PP1N2PP/R2Q1R1K b - -,g4f3 d2f3 c8b8 d1c2 e3e6 b2b4 a7a6 b5d3 f6g4 a1e1,110
r1b2rk1/pp1nqppp/2p1p3/8/2BPP3/2P2N2/P4PPP/R2Q1RK1 b - -,a8b8 f1e1 b7b5 c4f1 h7h6 a2a4 a7a6 d1d2 c6c5 h2h3,42
Q1bqr1k1/p1p2p1p/6p1/2p5/8/8/PPP1BPPP/R3K2R b KQ -,g8g7 a8f3 c8a6 a1d1 d8a8 d1d2 a8f3 g2f3 e8e5 e1d1,497
8/p2k1ppp/1p3bb1/4P3/8/4P2P/PP3PP1/2R3K1 b - -,f6e5 b2b3 a7a5 c1d1 d7c6 g2g4 g6e4 d1c1 c6b5 f2f4,-210
4b3/7p/8/p1k5/1p2K1P1/P2N3P/8/8 b - -,c5b6 a3b4 a5a4 e4d4 b6b5 d4c3 a4a3 c3b3 a3a2 b3a2,14
3rb1k1/1p2ppN1/r4n2/3PB1p1/2pP2P1/P1N2P2/1P3K2/2R4R b - -,e8d7 g7h5 f6e8 d5d6 a6d6 h5g3 f7f6 e5d6 e8d6 d4d5,602
8/5k2/3p2r1/4PKP1/8/1p6/8/8 b - -,e8d7 g7h5 f6e8 d5d6 a6d6 h5g3 f7f6 e5d6 e8d6 d4d5,Mate
8/8/8/6R1/8/8/7b/5K1k b - -,h2d6 f1f2 d6c7 g5g1 h1h2 g1g7 c7b6 f2f3 b6d4 g7g2,Mate
8/3k4/P4p2/1p1Kp1p1/1P2P1P1/8/8/8 b - -,h2d6 f1f2 d6c7 g5g1 h1h2 g1g7 c7b6 f2f3 b6d4 g7g2,Mate
2r3k1/1p3ppp/p3qb2/8/4p3/1NP3P1/PP1RQP1P/6K1 b - -,c8e8 h2h4 h7h5 g1g2 g7g6 b3c5 e6c6 e2e3 f6g7 c5d7,-3
r2qrnk1/p2b1pp1/2p2p2/1p3P2/3P1R1p/2PB3P/PPQ1N1P1/4R1K1 b - -,e8e3 g1f2 e3e8 f4h4 b5b4 e1f1 g7g5 f5g6 f7g6 d3g6,219
1k1r2nr/pppq3p/3p2p1/4pP2/PPP2P2/2R5/6PP/R1BQ2K1 b - -,d7f5 f4e5 g8e7 e5d6 d8d6 d1f3 d6e6 c1d2 h8d8 f3f5,-20
8/r6p/P3ppk1/5p2/1R6/2n3P1/4PP1P/2R2K2 b - -,c3d5 b4a4 h7h5 c1c6 h5h4 g3h4 g6h5 a4a5 d5f4 c6b6,528
rn3r2/2q2ppk/p2ppb2/3bP2Q/R2N1P2/8/1PP3PP/5RK1 b - -,h7g8 e5f6 b8d7 f6g7 f7f6 g7f8q d7f8 c2c4 d5e4 a4a3,544
rn2k2r/1bq1bppp/p2p1n2/4pN2/NpP1PB2/6P1/PP3PBP/R2QR1K1 b kq -,e8h8 f4e3 f8e8 f5e7 c7e7 a4b6 a8a7 a1c1 f6e4 b6d5,268
1rr3k1/p2nqppp/Q4n2/3P1b2/3P4/4PN2/PP1NB1PP/R3K2R b KQ -,e7e3 a6a3 e3e8 e1f1 c8c2 a1e1 e8c8 e2d1 c2b2 f1g1,-131
8/5p2/5P2/4k1K1/4p1P1/8/8/8 b - -,f5g6 a6a3 e7a3 b2a3 f6d5 e3e4 d5c3 e2a6 c8c7 e1h1,Mate
8/6pp/8/5p2/P1rk1P2/Q3p1P1/3bK2P/8 b - -,c4c3 a3b4 d4d5 a4a5 c3c1 b4b5 d5d4 a5a6 c1e1 e2f3,570
4b3/7p/8/p7/1Nk1K1P1/P6P/8/8 b - -,,0
r6k/pbp4p/1p1ppnPr/7q/2PP3P/3B2P1/PPQN1P1K/R4R2 b - -,h7g6 d3e4 b7e4 d2e4 g6g5 f2f3 a8f8 a1e1 f6e4 c2e4,14
1r3rk1/2n1qpbp/4bnp1/8/Np1P4/3Q1B2/1P2NPPP/R1B2RK1 b - -,f8d8 c1f4 e6d5 f1e1 b8a8 a1c1 d5f3 d3f3 f6d5 a4b6,44
r4r2/pp3pk1/1qppb1np/7N/3PP3/2Q5/PPP1B1PP/R4RK1 b - -,g7h7 f1f2 d6d5 a1f1 a8d8 h5f6 h7h8 e4d5 c6d5 c3e3,552
rn3rk1/2q1bppp/p2ppB2/3bP3/R2N1P2/3B4/1PP1Q1PP/5RK1 b - -,f8c8 d3h7 g8f8 f6g7 f8e8 f4f5 b8c6 f5e6 f7e6 e5d6,446
r5k1/pp4pp/2pB4/3pP3/1KP5/1P1Qb2b/P7/R4nq1 b - -,g1f2 b4a3 f1d2 d6b4 h3f5 d3d2 e3d2 b4d2 f2d2 a1f1,-1218
8/5k2/6r1/4p1P1/6K1/1p6/8/8 b - -,g1f2 b4a3 f1d2 d6b4 h3f5 d3d2 e3d2 b4d2 f2d2 a1f1,Mate
2r2rk1/q5p1/2p1pp2/3p2p1/1Q1P4/P3P1P1/1P2BPP1/5RK1 b - -,c6c5 d4c5 a7c5 b4g4 c5e7 g4d4 e7d6 b2b4 d6e5 d4d1,-101
r1b2rk1/pp1nqppp/2p5/4p3/2BPP3/2P2N2/P4PPP/R2QR1K1 b - -,a7a6 a2a4 b7b6 d1e2 h7h6 h2h3 f8e8 e2a2 a8b8 d4e5,71
4b3/7p/8/8/1Pk1K1P1/7P/8/8 b - -,,0
8/r7/p7/5k2/PP3np1/2PN4/5P1n/2R3RK b - -,f4d3 h1h2 d3f4 f2f3 a7h7 h2g3 h7h3 g3f2 h3f3 f2e1,1
8/8/3p2p1/1p1bp1Nk/n1p1p2P/2P3P1/3KN3/8 b - -,h5g4 d2e3 a4c5 g5h7 c5d7 h7g5 d7f6 e3f2 d5g8 f2e3,-557
2r4r/1p2pp1p/pR2bbp1/B1k5/5P2/8/P1PN2PP/3R2K1 b - -,c5d5 c2c4 d5d4 b6b3 c8c4 d2c4 d4c4 b3b7 h8c8 g1h1,152
1Qnqr1k1/4bp2/2Rp2p1/1NpPp2p/2P1P3/5B1P/5PP1/6K1 b - -,e7h4 g1f1 g8g7 b5c7 e8f8 b8b7 g7h6 g2g3 h4g3 f2g3,117
8/2b5/8/6R1/8/8/5K2/7k b - -,c7d6 g5g1 h1h2 g1g6 d6c5 f2f3 c5a7 g6g2 h2h1 g2b2,Mate
r1b1qrk1/1p1n3p/1b6/pN1Qpn2/P4B2/5NP1/2P2PBP/R4RK1 b - -,e8f7 f3e5 f7d5 g2d5 g8g7 f1e1 d7f6 d5f3 c8e6 a1d1,408
8/5p2/5P2/3k4/4pKP1/8/8/8 b - -,d5d4 g4g5 e4e3 g5g6 f7g6 f4g5 e3e2 f6f7 e2e1q f7f8q,Mate
r4rk1/1q2b1p1/2Q1p2p/pp6/5Pp1/1P4P1/1B2P1KP/R1R5 b - -,f8b8 h2h3 g4h3 g2h3 a8a6 c6b7 b8b7 c1c8 g8f7 a1a2,-53
3k1b1r/1Q3p2/2p1nnpp/4N3/1P2PBb1/2N3P1/P1P2K1P/8 b - -,e6d4 e5c6 d4c6 b7c7 d8e8 c7c6 g4d7 c6f6 h8h7 f6e5,Mate
1k1r2nr/ppp4p/3p2p1/4Pq2/PPP5/2R5/6PP/R1BQ2K1 b - -,g8e7 e5d6 d8d6 d1f3 f5f3 c3f3 e7f5 c1g5 h8e8 a1f1,-24
8/8/4K3/8/2n1k3/8/8/4Q3 b - -,c4e3 e1b4 e4d3 e6d6 e3c4 d6c5 c4d2 c5d5 d3e3 b4c3,294
r2q1rk1/pbpnbppp/1p2p3/3pN3/3PnB2/2PBPN2/PP2QPPP/R3K2R b KQ -,,0
r1b2rk1/p2nqppp/2p5/1p2p3/3PP3/1BP2N2/P4PPP/R2QR1K1 b - -,c8b7 a2a4 a7a6 d1d2 h7h6 d2e3 f8e8 b3c2 a8d8 h2h3,64
8/7p/nR2ppk1/5p2/8/6P1/4PP1P/5K2 b - -,a6c7 b6c6 c7d5 c6e6 d5b4 e6b6 b4d5 b6b7 h7h5 b7d7,543
8/6pp/8/5p2/P2k1P2/3Qp1P1/3bK2P/2r5 b - -,d4c5 d3f5 c5c6 f5b5 c6d6 b5e5 d6d7 e5g7 d7e6 a4a5,564
5r2/p5k1/3p3p/2pPp1pP/8/q2P2P1/PrP5/KQ3R1R b - -,d4c5 d3f5 c5c6 f5b5 c6d6 b5e5 d6d7 e5g7 d7e6 a4a5,Mate
rn1qk2r/ppp2ppp/4pn2/3p4/1b1P4/2P1PN1P/PP3PP1/R1BQKB1R b KQkq -,b4d6 c3c4 e8h8 c1d2 c7c6 d1b3 b7b6 f1e2 a7a5 e1h1,36
6k1/4bpp1/q3pn1p/3p4/1p3P2/pP1PP1Q1/P3B1PP/2B3K1 b - -,f6e4 g3e1 e4c3 c1d2 a6c6 d2c3 b4c3 e1c1 c3c2 g1f2,-519
8/r7/p7/5k2/PP4p1/2Pn4/5P1K/2R3R1 b - -,,0
1rr1q1k1/p2n1ppp/5n2/3P1b2/3P4/Q4N2/PP1NB1PP/R4K1R b - -,c8c2 a1e1 e8c8 e2d1 c2b2 h2h3 f5c2 d1e2 c2e4 d2e4,-166
k2r3q/1n5r/p1n1p3/1p1pPp2/b1pP1Q1P/B1P2BP1/R1P2N1K/1R6 b - -,d8g8 b1g1 a8a7 f4c1 c6e7 a3e7 h7e7 f2h3 e7h7 h3f4,96
r4r2/pp3p1k/1qppb1np/7N/3PP3/2Q5/PPP1BRPP/R5K1 b - -,d6d5 a1f1 a8e8 h5f6 h7g7 e2d3 a7a5 f6h5 g7h7 e4d5,563
8/pp6/8/5pk1/7P/4KP2/PP6/8 b - -,g5g6 e3f4 g6f6 h4h5 f6e6 f4g5 f5f4 g5f4 e6f6 f4g4,713
r2qr2k/pb2BQp1/1p5p/2ppP3/3Pn1P1/2NBP3/PP5P/2R2RK1 b - -,d8e7 c3e4 d5e4 d3b5 e7f7 f1f7 e8b8 f7d7 a7a6 b5c4,418
5k2/8/1p4P1/p3p3/1PP3pp/P3KP2/8/8 b - -,a5b4 a3a4 b4b3 a4a5 b6a5 f3f4 g4g3 e3d2 g3g2 c4c5,-912
2kr3r/ppp2ppp/2n1b3/3qp3/1b1P1P1P/2P1B3/PP1QN1P1/R3KB1R b KQ -,e5d4 e2d4 b4c5 f1e2 c5d4 c3d4 d5g2 e1a1 e6a2 h1g1,-271
r1bqkb1r/pp3ppp/2nppn2/1Bp5/3PP3/2P2N2/PP2QPPP/RNB1K2R b KQkq -,c5d4 c3d4 a7a6 b5d3 c6b4 b1c3 b4d3 e2d3 b7b5 a2a3,6
rk5r/1b1Rb1p1/p3Q2p/1p6/5qB1/8/PPP3PP/1K5R b - -,f4e4 e6e4 b7e4 d7e7 e4g2 h1g1 g2d5 g1d1 h6h5 g4f5,155
r1bqk2r/2p2ppp/1ppp1n2/8/4P3/3BB3/PPP2PPP/R2QK2R b KQkq -,e8h8 e1h1 f8e8 f1e1 f6g4 b2b3 d8f6 a2a4 g8f8 h2h3,-5
8/3K4/8/8/8/8/3pk2Q/8 b - -,e8h8 e1h1 f8e8 f1e1 f6g4 b2b3 d8f6 a2a4 g8f8 h2h3,Mate
8/5k2/6r1/4p1PK/8/8/1p6/8 b - -,e8h8 e1h1 f8e8 f1e1 f6g4 b2b3 d8f6 a2a4 g8f8 h2h3,Mate
2rqr1k1/pb1nbppp/1p2pn2/2ppN3/3P1B2/2PBP2P/PP1N1PP1/2RQR1K1 b - -,d7e5 d4e5 f6e4 d1g4 e4d2 c1d1 f7f5 e5f6 e7f6 d1d2,22
r3rnk1/p1qb1pp1/2p2p2/1p3P2/3P3R/2PB3P/PPQ1N1P1/4R1K1 b - -,c6c5 e1f1 c5c4 d3e4 a8d8 c2d1 g7g5 f5g6 f8g6 e4g6,258
8/4k3/1pK2p2/p3p1p1/P3P1P1/1PP5/8/8 b - -,e7e6 c6b6 e6d6 b6b5 d6e7 b5c5 e7d7 c5d5 d7c7 d5e6,558
5R1k/1p4pB/8/p3p3/P6r/1N4Pb/1PP2b1P/7K b - -,h8h7 g3h4 f2b6 c2c4 h3e6 c4c5 b6c7 h1g1 h7g6 b3d2,359
r4rk1/1ppb1pp1/p1nq1n1p/3p4/3P4/2PB1N1P/PP2NPP1/R2Q1RK1 b - -,f8e8 d1c2 e8e7 e2g3 d6f4 c2b3 a8b8 a1e1 e7e1 f3e1,9
r2q1rk1/pbpnb1pp/1p2pp2/3p4/3PnBN1/2PBPN2/PP2QPPP/R3K2R b KQ -,h7h5 g4h6 g7h6 f3h4 f6f5 h4g6 f8f7 f2f3 e4d6 g2g4,-293
r1b1k2r/pp1nqppp/4pn2/1B2P3/1b6/1NN5/PP1B1PPP/R2QK2R b KQkq -,b4c3 b2c3 f6e4 d1g4 e4d2 g4g7 e7f8 b5d7 c8d7 g7f8,46
r3k2r/1bqp3p/p1nbp3/1p2p1N1/2pP2n1/2P3B1/PPBN1PPP/R2QR1K1 b kq -,a6a5 d1g4 e8a8 g5f7 h7h5 g4h3 h5h4 g3e5 d6e5 d4e5,523
rn3rk1/2q1bp1p/p2ppp2/3bP2Q/R2N1P2/3B4/1PP3PP/5RK1 b - -,h7h6 h5h6 f6f5 d4f5 c7c5 f1f2 e6f5 d3f5 c5f2 g1f2,Mate
r1br2k1/p2nqppp/2p5/1p2p3/3PP3/1BP2N2/P3QPPP/R3R1K1 b - -,a7a5 a2a4 b5b4 e2e3 a8b8 a1d1 d8e8 d4d5 c6d5 d1d5,56
r4rk1/3Q1ppp/2NBp3/p1p5/8/q5P1/4PP1P/5RK1 b - -,a3b2 d6f8 a8f8 d7d3 a5a4 f1b1 c5c4 b1b2 c4d3 e2d3,394
2kr3r/ppp2ppp/2n1b3/3q4/1b1B1P1P/2P5/PP1QN1P1/R3KB1R b KQ -,c6d4 e2d4 d5d4 c3d4 d8d4 d2b4 d4b4 f4f5 e6f5 b2b3,-411
rnbqkb1r/pp3ppp/4p3/2ppP1n1/6P1/1P1P3N/PBP2P1P/RN1QKB1R b KQkq -,g5h3 f1h3 b8c6 b1d2 h7h5 g4h5 d8g5 d1e2 g5h5 e2h5,-95
8/6pp/8/2k2Q2/P4P2/4p1P1/3bK2P/2r5 b - -,c5d4 f5d3 d4c5 d3b5 c5d6 b5e5 d6d7 e5g7 d7c6 g7h7,581
8/5p2/5P2/6P1/3kpK2/8/8/8 b - -,d4d3 g5g6 e4e3 g6f7 e3e2 f7f8q e2e1q f8a3 d3d4 a3d6,Mate
1k1r2nr/pppq3p/3p2p1/4pp2/PPP1PP2/2R5/1B4PP/R2Q2K1 b - -,g8e7 f4e5 h8e8 b4b5 d7e6 d1e2 d6e5 a1e1 f5f4 a4a5,-50
8/3K4/8/8/8/8/3p4/4k2Q b - -,g8e7 f4e5 h8e8 b4b5 d7e6 d1e2 d6e5 a1e1 f5f4 a4a5,Mate
r1bqk2r/1pp1ppbp/p1np4/7Q/3PP3/2N1B3/PPP2PP1/2KR1BN1 b kq -,b7b5 g1f3 h7h6 e4e5 d6d5 f3e1 e7e6 f2f4 h8g8 g2g4,131
8/4k3/1p3p2/p2Kp1p1/PP2P1P1/2P5/8/8 b - -,e7d7 b4a5 b6a5 c3c4 d7d8 c4c5 d8e7 c5c6 f6f5 e4f5,756
r1b1k2r/2p1qppp/1ppp1n2/8/4P3/3BB3/PPP2PPP/R2Q1RK1 b kq -,e8h8 e3d2 c8a6 a2a4 a6d3 c2d3 c6c5 f1e1 f8e8 h2h3,12
r4r2/pp3p1k/1qp1bNnp/3p4/3PP3/2Q5/PPP1BRPP/R5K1 b - -,h7g7 f6h5 g7h7 a1f1 a7a5 e4d5 c6d5 h5f6 h7g7 c3e3,571
r1b2rk1/pp3ppp/1qn1p3/2bpPn2/1P6/N1P2N2/P3BPPP/R1BQ1RK1 b - -,c6e5 f3e5 c5e7 a3b5 a7a6 b5d4 f5d6 e5d3 b6c7 d4f3,273
rn3rk1/2q1bp1B/p2ppp2/3bP3/R2N1P2/8/1PP1Q1PP/5RK1 b - -,c6e5 f3e5 c5e7 a3b5 a7a6 b5d4 f5d6 e5d3 b6c7 d4f3,Mate
8/8/1k4p1/1Pn2p1p/PK6/6P1/5P2/8 b - -,c5d3 b4c4 d3f2 a4a5 b6a5 c4c5 g6g5 b5b6 f2d3 c5c6,-3473
2k4r/ppp2ppp/2nr4/1B6/3PN1b1/2P1qN2/PP4PP/R2Q1R1K b - -,d6e6 e4c5 e6f6 d1d3 e3d3 b5d3 g4f5 d3f5 f6f5 h2h3,541
8/3K4/8/8/4Q3/8/3pk3/8 b - -,d6e6 e4c5 e6f6 d1d3 e3d3 b5d3 g4f5 d3f5 f6f5 h2h3,Mate
8/5p2/5PP1/8/3k1K2/4p3/8/8 b - -,d4d3 g6f7 e3e2 f7f8q e2e1q f8a3 d3d4 a3d6 d4c4 f4f5,Mate
3r1rk1/ppp1q2p/1b2p1p1/4P3/2B2Pn1/P6P/1P2Q1P1/R1B2R1K b - -,g4h6 g2g4 g8h8 a1a2 b6d4 a3a4 h6f7 a2a3 c7c5 a3f3,123
r1b1q1k1/1p1n1r1p/1b6/pN1QBn2/P7/5NP1/2P2PBP/R4RK1 b - -,d7e5 f3e5 c8e6 d5e4 f7e7 e5c4 b6c5 a1e1 e8f7 c4e5,332
r4r2/pp3pk1/1qp1b1np/3p3N/3PP3/2Q5/PPP1BRPP/R5K1 b - -,g7h7 a1f1 b6d8 h5f6 h7g7 e2d3 a7a5 e4e5 a5a4 f6h5,565
r1b1k2r/2p2ppp/1ppp1n2/4q3/4P3/3BB3/PPP2PPP/R1Q2RK1 b kq -,e8h8 f1e1 f6g4 e3f4 e5d4 f4g3 c8a6 d3a6 a8a6 c2c3,23
3R1q1k/1p4pB/7r/p3p3/P6Q/1N4Pb/1PP2b1P/7K b - -,h3g2 h1g2 h6h4 d8f8 h8h7 g3h4 f2e3 g2h1 b7b5 f8f1,627
rn3r2/2q1bp1k/p2ppp2/3bP2Q/R2N1P2/8/1PP3PP/5RK1 b - -,h3g2 h1g2 h6h4 d8f8 h8h7 g3h4 f2e3 g2h1 b7b5 f8f1,Mate
r2r2k1/pb1nqppp/2p5/1p2p3/3PP3/1BP2N2/P3QPPP/3RR1K1 b - -,a7a5 d1d2 d8b8 d4e5 a5a4 b3c2 d7e5 f3e5 e7e5 e2e3,45
2r3k1/pp4pp/2pB4/3PP3/1K6/1P1Qb2b/P7/R4nq1 b - -,g1g3 a1f1 e3c5 b4c3 g3d3 c3d3 h3f1 d3d2 c5d6 e5d6,-897
1r3rk1/2n1qpbp/4bnp1/8/Np1P4/5B2/1P2NPPP/R1BQ1RK1 b - -,f8e8 a4c5 e6c4 f1e1 f6d5 d1c2 c4b5 c1d2 e7d6 c5d3,39
r1bq1bk1/pp2rp2/2pNpnpp/P1PnN3/3P4/7P/1P3PPB/R2QRBK1 b - -,a7a6 a1a3 f6e8 d6c4 g8h7 h3h4 f7f6 f1d3 f6e5 d3g6,482
2kr3r/ppp2ppp/4b3/3q4/1b1N1P1P/2P5/PP1Q2P1/R3KB1R b KQ -,d5d4 c3d4 d8d4 d2b4 d4b4 f4f5 e6f5 b2b3 f5e6 f1e2,-408
r1b1kb1r/1p2nppp/pqn1p3/3pP3/1P1p4/P1P2N2/4BPPP/RNBQ1RK1 b kq -,d4c3 b1c3 e7g6 f1e1 f8e7 c1b2 b6d8 e2d3 c8d7 a1c1,-33
5rk1/1r2b1p1/4p2p/Rp6/5Pp1/1P4P1/1B2P1KP/2R5 b - -,e7b4 a5a6 g8f7 c1c6 f8d8 b2e5 d8d2 g2f2 d2d1 f2e3,48
rn3r2/2q1bpk1/p2ppp2/3bP3/R2N1PQ1/8/1PP3PP/5RK1 b - -,e7b4 a5a6 g8f7 c1c6 f8d8 b2e5 d8d2 g2f2 d2d1 f2e3,Mate
r2r2k1/1bp2ppp/1p2pq2/8/pP1NB1P1/P3Q3/1KP2P1P/3R3R b - -,c7c5 e4b7 d8d4 d1d4 a8d8 h1d1 d8d4 d1d4 c5d4 e3f3,428
8/5P2/5P2/8/3k1K2/8/4p3/8 b - -,e2e1r f7f8q e1f1 f4g3 f1g1 g3f2 g1b1 f6f7 d4c4 f8d6,9605
r2q1rk1/1b1nbppp/p2p4/1p1N2PQ/3Bp3/1P4R1/1PP2P1P/2KR4 b - -,b7d5 g5g6 f7g6 h5d5 g8h8 d5e4 e7f6 c1b1 f6d4 e4d4,-486
1r1q1rk1/5pbp/p3b1p1/3pp3/8/2P1BB2/PP1Q1PPP/R3R1K1 b - -,d8d6 a2a4 a6a5 f3e2 h7h6 e2b5 g8h7 h2h3 f8d8 f2f4,-25
r3rnk1/p1qb1pp1/5p2/1ppP1P2/7R/2PB3P/PPQ1N1P1/4R1K1 b - -,e8e5 e1f1 a8e8 c3c4 b5c4 d3c4 c7d6 e2c3 e5e3 h4g4,125
r1b1r1k1/2p2ppp/1ppp1n2/4q3/4P3/3BBP2/PPP3PP/R1Q1R1K1 b - -,f6d7 d3f1 e5e6 b2b3 c8a6 c2c4 c6c5 e3d2 a6b7 d2c3,32
r3kbnr/pp1q2pp/2n1pp2/3p1b2/3P3N/1QP3B1/PP3PPP/RN2KB1R b KQkq -,f5e4 f1e2 e8a8 h4f3 g7g5 h2h3 f8d6 b1d2 e4f5 g3d6,-47
8/4q2N/6PK/5k1P/8/8/8/8 b - -,g8e7 h4f5 e7f5 b1d2 g7g5 f1b5 a7a6 b5c6 d7c6 h2h4,Mate
2Q5/6pp/2k5/8/P4P2/4p1P1/3bK2P/2r5 b - -,c6b6 c8b8 b6c5 b8b5 c5d6 b5e5 d6c6 e5e8 c6d6 e8d8,579
r1b2kR1/p4rp1/8/1p1B2q1/3PQ1n1/4P3/PP3P2/2KR4 b - -,f8g8 e4e8 g8h7 d1h1 g4h6 e8f7 c8e6 d5e4 h7h8 f7e6,544
r1b2rk1/pp2bppp/1qn1p3/3pPnB1/1P6/N1P2N2/P3BPPP/R2Q1RK1 b - -,e7g5 f3g5 c6e5 a3c2 h7h6 g5f3 e5f3 e2f3 a7a5 a2a3,-225
r1bq1rk1/ppp1npbp/2n3p1/1N2p3/4P3/5NP1/PPP2PBP/R1BQ1RK1 b - -,c8e6 d1d8 a8d8 b2b3 e6g4 c1a3 d8d7 a1d1 f8d8 d1d7,8
rn3r1k/2q1bp2/p2ppp2/3bP3/3N1PQ1/R7/1PP3PP/5RK1 b - -,c8e6 d1d8 a8d8 b2b3 e6g4 c1a3 d8d7 a1d1 f8d8 d1d7,Mate
5Q2/8/5P2/8/3k1K2/8/8/4q3 b - -,,0
r1bqk1nr/ppp3p1/2np3p/7Q/4P3/2N2N2/PP3PPP/R1B1K2R b KQ -,e8f8 f3h4 c6e5 h2h3 g7g5 h4g6 e5g6 h5g6 d8e8 g6e8,75
2rqr1k1/pb2bppp/1p2pn2/2ppP3/5B2/2PBP2P/PP1N1PP1/2RQR1K1 b - -,c5c4 e5f6 e7f6 d3c2 e6e5 f4g3 g7g6 e3e4 f6g5 e4d5,297
8/1k5p/4K3/5p2/5b2/7P/8/8 b - -,f4c1 e6f5 b7c6 f5e4 c6c5 e4f3 c1h6 h3h4 c5c4 f3e2,-49
8/8/8/8/8/8/5KRb/7k b - -,h2c7 g2g1 h1h2 g1g7 c7b6 f2f3 b6d4 g7h7 h2g1 h7h5,Mate
r2q1rk1/3nbppp/p2p4/1p1b2PQ/3Bp3/1P5R/1PP2P1P/2KR4 b - -,e7g5 c1b1 h7h6 d4g7 g8g7 h3g3 g7h7 d1d5 d7f6 h5d1,-548
r2r2k1/5ppp/1p2pq2/2p3P1/pP1NQ3/P7/1KP2P1P/3R3R b - -,f6g6 e4g6 f7g6 d4e6 d8d1 h1d1 c5b4 a3b4 a8e8 e6c7,520
8/5k2/6r1/4p1P1/6K1/8/8/1q6 b - -,f6g6 e4g6 f7g6 d4e6 d8d1 h1d1 c5b4 a3b4 a8e8 e6c7,Mate
r1q2rk1/1B1nbppp/p3p3/1pp5/P2P4/1Q4P1/1B1NPP1P/2RR2K1 b - -,c8b7 a4b5 b7b5 b2a3 b5e2 d4c5 a8c8 b3c4 e2h5 d2e4,-59
4rrk1/1ppb1pp1/p1nq1n1p/3p4/3P4/2PB1NNP/PP3PP1/R2Q1RK1 b - -,f6e4 g3e2 g7g5 d1c2 f7f5 a1e1 e8e7 a2a3 f5f4 f3h2,-25
5Q2/8/5P2/6K1/3kq3/8/8/8 b - -,e4e6 f8e7 e6g8 g5f5 g8c8 e7e6 c8c2 f5g5 c2d2 g5g6,371
rn3r1k/2q1bp2/p2ppp2/4P3/3N1PQ1/5R2/1PP3PP/5RK1 b - -,e4e6 f8e7 e6g8 g5f5 g8c8 e7e6 c8c2 f5g5 c2d2 g5g6,Mate
rn1qkb1r/p3npp1/2p1p3/4P2p/P1pP3P/1pN3N1/1PbQ1PP1/R1B1KB1R b KQkq -,c6c5 d4c5 b8d7 f1c4 d7e5 d2d8 e8d8 c4e2 e7d5 c3d5,-116
r1bqkbnr/pppn2pp/8/3pB3/2P5/4PN2/PP3PPP/RN1QKB1R b KQkq -,d7e5 f3e5 d8f6 f2f4 f6b6 d1d2 f8c5 c4d5 c5e3 d2e2,87
r2q1rk1/pbpNb1pp/1p2pp2/3p4/3PnB2/2PBPN2/PP2QPPP/R3K2R b KQ -,d8d7 e1h1 g7g5 f4g3 c7c5 f3d2 e4g3 h2g3 f6f5 g3g4,23
r1br1knQ/p2ppp1p/2p3p1/q7/8/1BN1R3/PPP2PPP/R5K1 b - -,d7d5 h8h7 c8f5 h2h3 e7e6 a1e1 g6g5 h7h5 d8d7 g2g4,140
r2qk2r/1ppbppbp/p1np4/7Q/2BPP3/2N1B3/PPP2PP1/2KR2N1 b kq -,d6d5 c3d5 d7e6 g1e2 d8d7 d5c7 d7c7 c4e6 h8f8 e4e5,409
8/4q3/6PK/6NP/6k1/8/8/8 b - -,d6d5 c3d5 d7e6 g1e2 d8d7 d5c7 d7c7 c4e6 h8f8 e4e5,Mate
r2qk2r/p1pn2b1/1pbp2pp/4p3/1PB1P3/2N1PN2/P2Q2PP/R4RK1 b kq -,c6b7 a1c1 a7a6 d2f2 d8e7 c3d5 b7d5 c4d5 a8a7 f2g3,226
8/6R1/8/8/8/8/5K1b/7k b - -,h2b8 g7h7 b8h2 f2f3 h1g1 h7g7 g1h1 g7b7 h2e5 b7e7,Mate
2r3k1/2Q2ppp/r7/2N5/P7/4P2P/5PP1/2R3K1 b - -,c8e8 c5a6 g7g5 g1h2 g8g7 a6b4 e8e6 b4d5 h7h5 a4a5,1176
r4rk1/1pp1qppp/p1nbpn2/8/2NP4/2N1P2P/PP2QPP1/R1BR2K1 b - -,f8d8 b2b3 d6b4 c1b2 f6d5 a1c1 d5c3 b2c3 b4c3 c1c3,21
5R2/1p4pk/8/p3p3/P6P/1N5b/1PP2b1P/7K b - -,f2d4 b3d4 e5d4 f8f4 d4d3 c2d3 h3d7 h1g1 h7g8 g1f2,570
5Q2/8/5P1K/8/3k4/8/6q1/8 b - -,g2c6 h6h7 c6e4 h7h8 e4e5 h8g8 d4d3 f6f7 e5d5 f8g7,525
rn3r1k/4bp2/p2ppp2/4P3/3N1PQ1/2R5/1PP3PP/5RK1 b - -,g2c6 h6h7 c6e4 h7h8 e4e5 h8g8 d4d3 f6f7 e5d5 f8g7,Mate
rnbqkbnr/ppp5/3ppppp/3P4/2P1P3/1PN5/P4PPP/R1BQKBNR b KQkq -,e6e5 f1d3 f8g7 g1e2 f6f5 e4f5 g6f5 e1h1 g8e7 e2g3,118
8/5k2/6r1/4pKP1/8/8/8/6q1 b - -,e6e5 f1d3 f8g7 g1e2 f6f5 e4f5 g6f5 e1h1 g8e7 e2g3,Mate
r1b1kb1r/pppp1ppp/8/4P2P/3B4/8/PPP2P1P/RN2KB1R b KQkq -,c7c6 b1c3 d7d5 e5d6 f8d6 h5h6 e8h8 e1a1 f8e8 d4e3,502
3r1rk1/ppp1q3/1b2p1p1/4P2p/2B2Pn1/P6P/1P1BQ1P1/R4R1K b - -,g8g7 d2b4 c7c5 b4c3 g4h6 a3a4 h6f5 e2f3 f5d4 f3e4,95
6k1/2r2ppp/r7/8/P7/1N2P2P/5PP1/2R3K1 b - -,c7c1 b3c1 a6a4 c1b3 g8f8 g2g4 g7g6 b3d4 f8e7 g1g2,-29
1qr3k1/1pr1npp1/p3p1p1/3p3P/1P1P2Q1/P3P3/5PP1/1B1R1RK1 b - -,f7f5 g4g5 g6h5 g2g3 g8f7 g5h5 g7g6 h5h7 f7f6 g3g4,1
5Q2/6K1/5P2/8/3k4/7q/8/8 b - -,h3d7 f6f7 d4c4 g7h8 d7h3 h8g8 h3e6 f8g7 c4b3 g7g3,588
2k4r/pp3ppp/4b3/2pr4/1b5P/2P2N2/PP4P1/R3KB1R b KQ -,b4a5 f1c4 d5d6 c4e6 d6e6 e1f2 h8e8 h1e1 e6e1 f3e1,-189
Q5k1/5ppp/1p2pq2/2p3P1/pP1r4/P7/1KP2P1P/3R3R b - -,d4d8 g5f6 d8a8 b4c5 b6c5 h1g1 g7g6 d1d7 h7h6 b2a1,Mate
8/4q1PN/7K/7P/6k1/8/8/8 b - -,d4d8 g5f6 d8a8 b4c5 b6c5 h1g1 g7g6 d1d7 h7h6 b2a1,Mate
r3kbnr/pp1q2pp/2n1pp2/3p4/3Pb2N/1QP3B1/PP1N1PPP/R3KB1R b KQkq -,g7g5 h4f3 e4f5 b3d1 h7h5 h2h3 g8h6 d2b3 e8a8 f1b5,-65
r1b2qk1/1p1n1r1p/1b6/pN1QBnN1/P7/6P1/2P2PBP/R4RK1 b - -,d7e5 d5e5 f7f6 g2d5 g8h8 g5e4 b6d8 a1e1 a8a6 b5c7,495
rnk2b2/1pp2Np1/p6p/3n1Q2/3P1B2/4P3/P1q2PPP/R4RK1 b - -,c2f5 f7e5 b8c6 f4g3 c6e5 d4e5 d5c3 f1e1 f5e6 a2a4,-584
r4rk1/1pp1qppp/p1nb1n2/3Pp3/2N5/2N1P2P/PP2QPP1/R1BR2K1 b - -,c6a7 c4d6 c7d6 a2a4 a7c8 e3e4 c8b6 e2f3 b6d7 c3e2,100
2rqr1k1/pb1nbppp/1p2p3/2ppP3/5B2/2PBPN1P/PP3PP1/2RQR1K1 b - -,a7a6 d3b1 b6b5 d1e2 d7f8 e1d1 b7c6 f3h2 c5c4 h2f3,17
5Q2/5K2/5P2/8/3k2q1/8/8/8 b - -,d4c4 f8d6 g4h5 f7f8 h5h8 f8e7 h8h4 e7d7 h4h7 d6e7,478
Q1b1r1k1/p1p1qp1p/6p1/2p5/8/8/PPP1BPPP/R4RK1 b - -,c7c6 a1e1 h7h5 a8c6 c8b7 c6b5 h5h4 e2c4 e7e1 b5b7,579
1Qnq1rk1/2R1bp2/3p2p1/1NpPp2p/2P1P3/5B1P/5PP1/6K1 b - -,e7h4 b5c3 h4g5 g2g3 h5h4 f3g4 c8e7 b8d8 f8d8 c7a7,93
r3kb1r/pbppqp2/1np3pp/4P3/2P2B1P/2N5/PP2QPP1/2KR1B1R b kq -,f8g7 e2e3 c6c5 h1h3 e8a8 c3d5 b6d5 c4d5 h8e8 e3a3,147
r2r2k1/1b1nqppp/p1p5/4p3/B2PP3/2P2N2/4QPPP/3RR1K1 b - -,a6a5 e2b2 d8b8 b2a1 b8c8 a1a2 c8d8 d1b1 a8a7 e1e3,105
8/1p3kr1/p2p4/4pKP1/4PP2/8/P7/8 b - -,g7g6 f5g4 e5f4 g4f4 f7e6 f4g4 e6e5 g4h5 g6g8 g5g6,-878
6k1/5ppp/r7/8/P7/4P2P/5PP1/2N3K1 b - -,a6a4 c1b3 g7g6 g2g3 g8f8 b3d4 f8e7 g1g2 a4a6 d4f3,-28
1qr3k1/1pr1npp1/p3p1p1/3p4/1P1P2QP/P3P1P1/5P2/1B1R1RK1 b - -,f7f5 g4g5 g8f7 g1g2 c8h8 d1c1 c7c1 f1c1 h8c8 c1c5,9
2kr4/pp3ppp/4b3/2pr4/1b5P/2P2N2/PP2B1P1/R3K2R b KQ -,b4a5 e1h1 d5d2 f3d2 d8d2 e2f3 d2b2 a1b1 a5c3 b1b2,-195
5rk1/p4p1p/1q3np1/1p2n3/3b2P1/1Pr1N2Q/P2B1PBP/1R1R2K1 b - -,c3e3 d2e3 d4e3 h3e3 b6e3 f2e3 f6g4 d1d5 f8e8 b1e1,195
r1bq1rk1/pp2bppp/2n1p3/4P3/2B5/2P2N2/P2B1PPP/R2Q1RK1 b - -,c6a5 d1e2 a5c4 e2c4 c8d7 a1d1 d8e8 c4g4 g8h8 d2g5,-47
rn1qk2r/p4pp1/2p1p3/3nP2p/Pb1P3P/1pNB2N1/1PbQ1PP1/R1B1K2R b KQkq -,c2d3 d2d3 c6c5 e1h1 b8c6 c1g5 d8d7 c3b5 c5d4 d3e4,40
rnbqkbnr/pp6/2pppppp/3P4/2P1P1Q1/1PN5/P4PPP/R1B1KBNR b KQkq -,d8d7 g4g6 e8d8 g1f3 b8a6 d5c6 b7c6 c1a3 d7h7 g6g3,267
8/6P1/4qN1K/7P/6k1/8/8/8 b - -,d8d7 g4g6 e8d8 g1f3 b8a6 d5c6 b7c6 c1a3 d7h7 g6g3,Mate
8/6pp/8/1Qk5/P4P2/4p1P1/3bK2P/2r5 b - -,c5d4 a4a5 c1e1 e2f3 d2c3 a5a6 e1a1 a6a7 a1a7 b5b6,616
7r/1p6/2bBp1k1/p2pPpP1/P2K1Q2/2PP2P1/4q2r/R4R2 b - -,c6b5 a4b5 h8c8 a1d1 e2b2 g3g4 b2c3 d4e3 d5d4 e3f3,-274
6k1/5ppp/8/8/r7/3NP2P/5PP1/6K1 b - -,a4a5 d3f4 g8f8 g2g3 f8e7 g1g2 e7d6 h3h4 d6e5 g2f3,-25
r1r3k1/q2n1ppp/p1P1pb2/Pp6/8/1Q4P1/1B1NPP1P/2RR2K1 b - -,f6b2 b3b2 d7b8 b2c2 b8c6 d2e4 c8c7 e4g5 g7g6 d1d6,35
5Q2/4K3/5P2/7q/3k4/8/8/8 b - -,d4c3 f8c8 c3b2 c8b7 b2a1 b7a7 a1b2 a7b6 b2a2 b6e6,450
r1b1r1k1/2pn1ppp/1ppp4/4q3/4P3/2PBBP2/PP4PP/R1Q1R1K1 b - -,e5e6 a2a4 d7e5 d3c2 c6c5 b2b4 e6g6 c1d1 g6f6 a4a5,15
r1b1kb1r/1p1n1ppp/1q2p3/npppP3/3P1B2/2P2N2/1P3PPP/R2QKB1R b KQkq -,a8a6 f1d3 c5c4 b2b4 c4b3 e1h1 b3b2 a1b1 a5c4 f3g5,-429
r4rk1/pbpqb1pp/1p2pp2/3p4/3PnB2/2PBPN2/PP2QPPP/R4RK1 b - -,,0
8/6PK/5q2/7P/6k1/8/8/8 b - -,g7g5 f4g3 h7h5 h2h3 f8f7 f3d2 e4g3 f2g3 d7d6 g1f2,Mate
r3kbnr/pp1q3p/2n1pp2/3p2p1/3Pb3/1QP2NB1/PP1N1PPP/R3KB1R b KQkq -,e4f5 h2h3 h7h5 f1e2 g8e7 d2f1 f5e4 f1e3 e7f5 f3d2,-69
5rk1/p4p1p/1q3np1/1p2n3/3b2P1/1P1rN2Q/P2B1P1P/1R1R1BK1 b - -,f6e4 d2e1 e4g5 h3g2 e5f3 g1h1 d3d1 b1d1 f8e8 e1d2,-191
r1b1q1k1/bpp3pp/2np1r2/p2Np3/2P5/P2P2P1/1P2PPB1/1RBQ1RK1 b - -,f6f8 d5c7 e8g6 c1e3 a8b8 e3a7 c6a7 b2b4 a5b4 b1b4,210
r1r3k1/q2n1ppp/p1P1p3/Pp6/8/6P1/1Q1NPP1P/2RR2K1 b - -,d7b8 b2c2 b8c6 d2e4 c8c7 d1d6 a8c8 e4g5 g7g6 c1d1,19
5Q2/4KP1q/8/8/3k4/8/8/8 b - -,d4d3 f8d8 d3c2 d8d4 c2b1 d4g1 b1b2 g1g4 b2a2 e7e8,2122
8/8/1k4p1/PPn2p1p/2K5/6P1/5P2/8 b - -,h7g6 f8d8 d4c4 d8d6 g6h7 d6f4 c4b3 f4g4 b3c2 e7e8,Mate
5k2/8/1p4P1/p3p3/1PP3p1/P4P1p/5K2/8 b - -,a5b4 f2g3 b4a3 g3g4 h3h2 g4g3 h2h1r g3g2 h1c1 f3f4,-1088
2r2rk1/p2R1ppp/1p6/2p2q2/8/1Q2P3/PP3PPP/3R2K1 b - -,c8e8 h2h3 h7h6 d1d2 e8a8 d2d5 f5e6 b3d3 f8e8 b2b3,64
rn1qkbnr/ppp2pp1/7p/3p4/3P2b1/2NB1N2/PPP2PPP/R1BQK2R b KQkq -,g8f6 h2h3 g4e6 e1h1 f8e7 c3e2 e8h8 c2c3 f8e8 f1e1,71
2rqr1k1/pb2b1pp/1p2p3/2ppB3/8/2P1P2P/PP3PP1/1BRQR1K1 b - -,e7f6 d1h5 f6e5 b1h7 g8f8 h5e5 d8f6 e5g3 f8f7 h7d3,163
r1b1k1nr/1p1p1ppp/p1nQ1q2/4p3/4P3/8/PPP2PPP/RNB1KB1R b KQkq -,f6d6 f1d3 d6c7 b1c3 c6b4 e1h1 d7d6 a2a4 c8e6 a4a5,-667
r2r2k1/1b1nq1pp/p1p2p2/4p3/B2PP3/2P2N2/4QPPP/1R2R1K1 b - -,a8a7 e2e3 b7a8 h2h4 h7h5 e1d1 d8f8 f3d2 a6a5 d2c4,206
k5rq/1n5r/p1n1p3/1p1pPp2/b1pP1Q1P/B1P2BP1/R1P4K/1R1N4 b - -,h7g7 a3c1 g7g3 f4g3 g8g3 h2g3 c6e5 d4e5 h8e5 c1f4,-92
rnbk1bnr/pp6/1qppppQp/3P4/2P1P3/1PN1B3/P4PPP/R3KBNR b KQ -,b6a6 g6f7 g8e7 d5e6 a6a5 e3d4 h8g8 c4c5 d6d5 g1e2,522
5rk1/5p1p/4b2B/8/8/6R1/8/6K1 b - -,b6a6 g6f7 g8e7 d5e6 a6a5 e3d4 h8g8 c4c5 d6d5 g1e2,Mate
7k/1p6/7p/3R2p1/PP6/6Pn/4r2P/5N1K b - -,,0
8/8/7p/8/8/4b3/4k2K/8 b - -,e2f3 h2h1 e3f4 h1g1 f4e5 g1h1 f3g3 h1g1 g3h3 g1h1,-35
rn3r2/2q1bpk1/p2ppp2/3bP2Q/3N1P2/R7/1PP3PP/5RK1 b - -,c7c2 d4c2 f8g8 a3g3 g7f8 h5h6 f8e8 g3g8 e8d7 e5f6,Mate
5Q2/5P2/5K2/8/3kq3/8/8/8 b - -,e4f4 f6g7 f4g4 g7h7 g4e4 h7h8 e4h1 h8g7 h1b7 g7g8,1279
8/6pp/3k4/PQ6/5P2/4p1P1/3bK2P/2r5 b - -,d6e7 a5a6 d2c3 b5b7 e7f8 a6a7 c1a1 a7a8q a1a8 b7a8,611
r1bqk2r/pp3pp1/2nbp2p/2pp4/3PP3/2PB1NP1/PP1N1PP1/R2QK2R b KQkq -,c5d4 c3d4 d8b6 e1h1 e8h8 d2b3 a7a5 e4e5 d6e7 a2a4,-33
8/3K4/1Q6/8/8/8/1kp5/8 b - -,,0
2rq1rk1/p4ppp/1p6/3pP3/b2P4/7P/P2Q1PPN/2R1R1K1 b - -,a4d7 c1c8 d7c8 h2f1 c8e6 f1g3 d8e7 f2f4 e7d7 d2d3,59
r1b1rnk1/2p3pp/1ppp1p2/7q/4PB2/P1PB1P2/1P1Q2PP/R3R1K1 b - -,c8e6 d3c2 h5f7 d2d1 f8g6 f4g3 h7h5 h2h3 f6f5 e4f5,13
6N1/7K/5q2/7k/8/8/8/8 b - -,c8e6 d3c2 h5f7 d2d1 f8g6 f4g3 h7h5 h2h3 f6f5 e4f5,Mate
2rqr1k1/pb4pp/1p2pb2/2ppB2Q/8/2P1P2P/PP3PP1/1BR1R1K1 b - -,g8f8 f2f4 h7h6 b1g6 d8e7 e5f6 e7f6 g6e8 c8e8 b2b4,244
8/8/1P4p1/k1n2p1p/2K5/6P1/5P2/8 b - -,g8f8 f2f4 h7h6 b1g6 d8e7 e5f6 e7f6 g6e8 c8e8 b2b4,Mate
r1bqk2r/pp3pp1/2nbp2p/3p4/3PP3/3B1NP1/PP1N1PP1/R2QK2R b KQkq -,d8b6 e1h1 e8h8 d2b3 d5e4 d3e4 f8d8 b3d2 b6b2 d2c4,-31
r6k/pbp4p/1p1p1nqr/5pp1/2PP3P/5NP1/PPQ1BP1K/4RR2 b - -,g5h4 g3g4 b7e4 c2c1 f6g4 h2h1 a8g8 e2d1 h4h3 e1e4,-634
8/3K4/8/Q7/8/8/k1p5/8 b - -,,0
r1b1kb1r/1p2nppp/pqn1p3/3pP3/1P6/P1N2N2/4BPPP/R1BQ1RK1 b kq -,e7g6 f1e1 f8e7 e2d3 e8h8 h2h4 b6d8 h4h5 g6h4 f3h4,-37
r1b2rk1/ppp2pb1/3p2p1/1B4qp/4PnN1/2P2N1P/PP3PP1/R1BQ1RK1 b - -,c8g4 f3g5 g4d1 c1f4 a7a6 b5d3 d1a4 f1e1 a4b5 d3c2,483
r3rnk1/2p3pp/1pppbp2/7q/4P3/P1PB1PB1/1P1Q2PP/R3R1K1 b - -,h5f7 a3a4 e6b3 d3c2 b3c2 d2c2 c6c5 b2b4 f7c4 c2d2,3
4r3/p3pNbk/2r2npp/3p4/2pP1B1P/2P1PP2/PP4P1/R3K2R b KQ -,a7a5 e1a1 c6b6 f7e5 e8b8 d1d2 b8b7 c1b1 e7e6 b1a1,252
6NK/5q2/8/7k/8/8/8/8 b - -,a7a5 e1a1 c6b6 f7e5 e8b8 d1d2 b8b7 c1b1 e7e6 b1a1,Mate
5Q2/5PK1/2q5/8/3k4/8/8/8 b - -,c6b7 f8d8 d4c4 d8g5 c4b3 g7g8 b3a2 g5d2 a2b3 d2d3,9605
r1b3k1/p2nqrp1/8/1p1B2P1/3P2n1/4P3/PPQ2P2/2KR3R b - -,g4f6 d5a8 f7f8 c1b1 a7a5 b1a1 e7e6 g5f6 d7f6 d4d5,491
r1bqkbnr/pp3ppp/2n1p3/2pp4/5P2/6P1/PPPPPN1P/R1BQKBNR b KQkq -,e6e5 f4e5 c6e5 f1g2 g8f6 b2b3 f8d6 g1f3 e8h8 e1h1,-57
2rqr1k1/pb4p1/1p2pb1p/2pp3Q/5B2/2P1P2P/PP3PP1/1BR1R1K1 b - -,d8d7 h5g6 g8f8 g6h7 e8d8 b1g6 e6e5 g6f5 d7f7 f5c8,143
rn4r1/2q1bpk1/p2ppp2/3bP2Q/3N1P2/7R/1PP3PP/5RK1 b - -,g7f8 h3g3 g8g3 h2g3 f8e8 e5d6 c7d6 h5h8 e7f8 g1h2,Mate
N7/6kp/2bnNpp1/p7/8/1P2P1P1/P4P1P/6K1 b - -,g7h8 a8b6 d6e4 e6d4 c6e8 f2f3 e4c3 a2a4 g6g5 g1f2,584
r1bqk2r/pp3pp1/2nbp2p/8/3PN3/3B1NP1/PP3PP1/R2QK2R b KQkq -,,0
2n5/1kPP4/1N6/8/4K3/8/Q7/8 b - -,d6e7 d3c2 c6b4 c2b3 e8h8 e4c3 e7f6 c3e4,Mate
2rqr1k1/pb4p1/1p3b1p/2ppp2Q/8/2P1P1BP/PP3PP1/1BR1R1K1 b - -,b7c6 b1f5 c6d7 f5c2 e8e7 c1d1 d7c6 c3c4 d5d4 e3d4,110
r7/pk1Q4/1p1p1p1p/1p6/2PBP3/2N5/P4PPP/R3KBNR b KQ -,b7c6 b1f5 c6d7 f5c2 e8e7 c1d1 d7c6 c3c4 d5d4 e3d4,Mate
r1b2rk1/ppp2pb1/3p2p1/1q6/4PBP1/2P2N2/PP3PP1/R2Q1RK1 b - -,c8g4 f3d4 b5h5 f2f3 g4d7 g2g4 h5c5 f1f2 a8e8 d1b3,39
r1b2qk1/1p3n1p/1b6/pN1Q1n2/P7/6PB/2P2P1P/R4RK1 b - -,f5e3 f2e3 c8h3 b5d4 h3f1 a1f1 a8d8 d5b7 b6d4 e3d4,-196
rnbqkb1r/ppp2ppp/4pn2/6B1/3Pp3/8/PPPQ1PPP/RN2KBNR b KQkq -,h7h6 g5f6 d8f6 b1c3 f8b4 g1e2 b8c6 d2e3 b4c3 b2c3,-93
4Q3/5PK1/2q5/8/2k5/8/8/8 b - -,c6c7 e8e3 c7b7 g7f6 b7a8 e3e6 c4c3 e6e5 c3b3 e5g3,Mate
rn2kbnr/pp2ppp1/2pq2b1/4N2p/3P2PP/2N5/PPP2P2/R1BQKB1R b KQkq -,g6h7 g4g5 b8d7 e5c4 d6g6 d4d5 g6c2 c1e3 e7e6 d5c6,207
2rq1rk1/p4ppp/1p6/1b1pP3/3P2N1/7P/P2Q1PP1/2R1R1K1 b - -,b5a6 g4e3 c8c1 e1c1 d8d7 f2f4 f7f6 c1d1 h7h6 f4f5,98
rnbqkb1r/pp3ppp/3p1n2/2pP4/5B2/2N2P2/PPP3PP/R2QKBNR b KQkq -,a7a6 g2g4 f8e7 g1e2 b7b5 d1d2 b8d7 e2g3 e8h8 g4g5,40
r3r1k1/2pn2pp/1pppbp2/7q/4P3/P1PBRPB1/1P1Q2PP/R5K1 b - -,d7c5 d3c2 c5b3 c2b3 e6b3 f3f4 e8e7 a1e1 b3e6 h2h3,-33
r4rk1/pp1b1pp1/1q2p2p/3p4/1P1P4/5B2/P4PPP/R2Q1RK1 b - -,d7b5 f1e1 f8c8 a2a4 b5d7 f3e2 b6b4 h2h4 c8c7 e2d3,-290
2r4k/p5pp/1p3p2/4pP2/8/P2PR2P/1P4P1/6K1 b - -,h7h5 g1f2 h8h7 e3e2 h7h6 h3h4 g7g5 f5g6 h6g6 f2e3,-50
rnb1kb1r/1p3pp1/p3pP2/6Q1/3N4/2q5/P1P3PP/1R1K1B1R b kq -,c3d4 g5d2 d4f6 f1d3 b8d7 d2e3 f8e7 h1f1 f6e5 e3f3,-699
rnb1kbnr/ppq2ppp/3pp3/8/1p1PP3/1B3N2/P1P2PPP/RNBQK2R b KQkq -,g8f6 d1e2 b7b6 a2a3 c8a6 e2e3 b4a3 b1a3 f8e7 c2c4,-57
8/8/2P1pp2/p4k2/pp6/8/8/1K6 b - -,f5g6 c6c7 g6g5 c7c8q f6f5 c8g8 g5h4 g8e6 f5f4 e6e5,862
rnbqkb1r/ppp2ppp/4pn2/3p4/P7/3P1NP1/1PP1PP1P/RNBQKB1R b KQkq -,,0
2rqr1k1/pb4p1/1p3b1p/2p1pB1Q/3p4/2P1P1BP/PP3PP1/2R1R1K1 b - -,c8c6 e3d4 c5d4 c1d1 e8e7 c3d4 e5d4 h5g6 g8f8 g6h7,272
r1b2k2/p2n1rp1/8/1p1B2q1/3PQ1n1/4P3/PP3P2/2KR3R b - -,g4e5 d4e5 d7e5 h1h8 f8e7 e4b4 e7f6 b4d6 f6f5 d5a8,601
5k2/8/1p4P1/4p3/1PP5/5p1p/8/6K1 b - -,e5e4 g1f2 h3h2 f2e3 h2h1q c4c5 h1e1 e3d4 e1b4 d4e5,-5992
4r1k1/Q1p1qp1p/b5p1/2p5/8/8/PPP1BPPP/R4RK1 b - -,a6b7 a7b7 e7e2 a2a4 e8e6 a4a5 e6a6 b7b8 g8g7 b8b3,681
r1bqkb1r/pp3ppp/2npp3/2pBP3/5P2/2N2N2/PPPP2PP/R1BQK2R b KQkq -,e6d5 d2d3 d6e5 f4e5 f8e7 e1h1 e8h8 d1e1 f7f6 c1f4,-60
6Q1/3K1Q2/7k/8/8/4q3/8/8 b - -,e3d4 f7d5 d4a7 d7e6 a7e7 e6f5 e7f6 f5e4 f6f3 e4f3,Mate
8/6pp/3k4/Q7/5P2/4p1P1/4K2P/2r5 b - -,g7g5 a5e5 d6c6 e5f6 c6c7 f6g5 c1c2 e2e3 c2h2 g5g7,710
6k1/7p/1NbnNpp1/p7/8/1P2P1P1/P4P1P/6K1 b - -,f6f5 g1f1 d6f7 e6d4 c6b7 b6d7 g8g7 f1e2 f7d6 f2f3,580
r2qk2r/pbpnn1b1/1p1p2pp/2PPpp2/1P2P3/2N1BN2/P2QBPPP/R4RK1 b kq -,f5e4 c5d6 e4f3 d6e7 d8e7 e2f3 e5e4 f3e4 e8a8 d5d6,117
5rk1/p4p1p/1q4p1/1p2n3/3bn1P1/1P1BN2Q/P2B1P1P/1R1R2K1 b - -,b6c6 d3e4 c6e4 h3g2 e5f3 g1h1 f8e8 d2a5 d4e5 h2h3,325
r1br2k1/ppp1npbp/2n3p1/1N2p3/4P3/5NP1/PPP2PBP/R1B2RK1 b - -,d8d7 b5a3 a7a6 c2c3 d7d8 f1e1 c8e6 f3g5 e6d7 g5f3,-5
r1q1k2r/1b1nbppp/p1p1pn2/1p6/P2P4/1Q3NP1/1B1NPPBP/2RR2K1 b kq -,e8h8 f3e5 c6c5 a4b5 b7g2 g1g2 d7e5 d4e5 c8b7 b3f3,-27
5r1k/2N3b1/1p3q2/2p1nrpp/2PpQ3/P2P2PP/3NRPK1/5R2 b - -,f6h6 c7d5 e5g6 d5e7 g6e7 e4e7 f5f6 a3a4 h6g6 e7e4,212
8/8/3k4/5p2/4P3/8/8/1K2R3 b - -,f6h6 c7d5 e5g6 d5e7 g6e7 e4e7 f5f6 a3a4 h6g6 e7e4,Mate
rnb1kb1r/1p3pp1/p3pP2/6Q1/3q4/8/P1P3PP/1RK2B1R b kq -,f8a3 b1b2 g7f6 g5g7 d4b2 c1d2 b2c1 d2d3 c1d1 d3c3,-1255
k5rq/1n4r1/p1n1p3/1p1pPp2/b1pP1Q1P/B1P2BP1/R1P2N1K/1R6 b - -,g7g3 f4g3 g8g3 h2g3 f5f4 g3h3 h8g7 f3g4 c6e5 d4e5,-114
r1b1kbnr/ppq2ppp/2npp3/8/1p1PP3/1B3N2/PBP2PPP/RN1QK2R b KQkq -,c6a5 d4d5 a5b3 c2b3 e6e5 d1e2 f8e7 e1h1 g8f6 f1c1,-39
rnbqk2r/ppp1bppp/4pn2/6B1/3Pp3/2N5/PPPQ1PPP/R3KBNR b KQkq -,b8d7 f2f3 h7h6 g5f6 d7f6 f3e4 c7c5 e1a1 e8h8 e4e5,-80
rnbqk2r/ppp1bppp/4pn2/3p4/P7/3P1NP1/1PP1PPBP/RNBQK2R b KQkq -,b7b6 c1f4 c8b7 e1h1 e8h8 b1c3 c7c5 e2e4 b8c6 f1e1,-3
r6r/1p2pp1p/pR3bp1/B1k2b2/5P2/1N6/P1P3PP/5RK1 b - -,c5d5 f1d1 d5c4 b6b4 c4c3 b4b7 c3c4 b7b4 c4c3 g2g4,422
2r2rk1/pbpqb1pp/1p2pp2/3p4/3PnB2/2PBP3/PP1NQPPP/R4RK1 b - -,e4d2 e2d2 c7c5 f1d1 a7a5 d2e2 b7c6 a2a4 e7d6 f4d6,21
r1r1kQ2/ppq1n2p/4Np2/3p4/8/8/PP3PPP/2R1R1K1 b - -,e4d2 e2d2 c7c5 f1d1 a7a5 d2e2 b7c6 a2a4 e7d6 f4d6,Mate
rnbqkb1r/1pp2ppp/p4n2/4p3/2B1N3/4PQ2/PP1P1PPP/R1B1K1NR b KQkq -,b8c6 g1e2 h7h5 e4f6 d8f6 f3f6 g7f6 a2a3 c8e6 c4e6,-54
8/8/5NK1/7P/3k1qP1/8/8/8 b - -,b8c6 g1e2 h7h5 e4f6 d8f6 f3f6 g7f6 a2a3 c8e6 c4e6,Mate
8/8/B7/8/3k4/5K2/8/4B3 b - -,b8c6 g1e2 h7h5 e4f6 d8f6 f3f6 g7f6 a2a3 c8e6 c4e6,Mate
1r1r2k1/1b1nq1pp/p1B2p2/4p3/3PP3/2P2N2/4QPPP/1R2R1K1 b - -,b7c6 e2c4 g8h8 c4c6 b8c8 c6a6 c8c3 d4d5 d7c5 a6a5,144
5k2/8/1p4P1/2P5/1P2p3/5p1p/8/6K1 b - -,b7c6 e2c4 g8h8 c4c6 b8c8 c6a6 c8c3 d4d5 d7c5 a6a5,Mate
rnbqkb1r/1pp2pp1/p4N1p/4p3/2B5/4PQ2/PP1P1PPP/R1B1K1NR b KQkq -,d8f6 d2d3 b8c6 f3f6 g7f6 c1d2 h8g8 a1c1 a6a5 g1e2,-30
2k4r/ppp2ppp/2nr4/1B6/3Pq1b1/2P2N2/PP4PP/R2QR2K b - -,e4f5 b5e2 h8e8 d1d2 f5d5 h2h3 g4h5 b2b3 d6e6 e2c4,33
r1bq1knr/ppp3p1/2np3p/6NQ/4P3/2N5/PP3PPP/R1B1K2R b KQ -,d8e7 e1h1 g8f6 h5h4 f8g8 g5h3 g7g5 h4g3 f6e4 c3e4,12
r1b1kbnr/ppp2ppp/2n2q2/1B1p4/3P1P2/5N2/PPP3PP/RNBQK2R b KQkq -,,0
r3k2r/1p4pp/1p2pn2/p7/Pb2PP2/2N5/1P2NKPP/3R3R b kq -,a8d8 e4e5 f6d7 c3e4 e8e7 f2e3 d7c5 e4c5 b6c5 e2c3,69
3r4/pppr2k1/3p1p2/4pNp1/4P3/2P2R1P/P1Pn1PP1/R5K1 b - -,g7g6 f3e3 d6d5 f5g3 d5e4 g3e4 d2e4 e3e4 d7d1 e4e1,-216
8/3N3n/6n1/5rpb/6kr/p1P4p/K1PPQ2B/8 b - -,g7f8 f3e3 d6d5 h3h4 g5h4 e4d5 d7d5 e3h3 d2e4 f5e3,Mate
5rk1/1ppbrpp1/p1nq3p/3p4/3Pn3/1QPB1N1P/PP2NPP1/R4RK1 b - -,d7f5 b3c2 f8e8 a1e1 f5h7 b2b4 g7g5 a2a4 g8g7 f3d2,-12
3qr1k1/pb4p1/1pr2b1p/2p1pB1Q/3P4/2P3BP/PP3PP1/2R1R1K1 b - -,b7c8 f5g6 e8f8 d4e5 f6g5 c1d1 d8e7 g6e4 c6e6 e4d5,487
8/6kp/p1p2nb1/1p2q1N1/7Q/1P4NP/P5PK/8 b - -,f6h5 g5f3 e5g3 h4g3 h5g3 h2g3 g6b1 a2a3 g7f6 b3b4,-47
r1bqk2r/pp3pp1/2n1p2p/8/1b1P4/2NB1NP1/PP3PP1/R2QK2R b KQkq -,b4a5 e1h1 e8h8 d3c2 c8d7 d1d3 g7g6 a1c1 a8c8 f1d1,8
r1bqnbk1/pp2rp2/2p1p1pp/P1PnN3/2NP4/7P/1P3PPB/R2QRBK1 b - -,e8f6 d1d2 f6d7 e5f3 f8g7 c4d6 d7f6 a5a6 b7b6 a1a3,508
1k1r3r/pppq3p/3p1np1/4Pp2/PPP1P3/2R5/1B4PP/R2Q2K1 b - -,f6e4 c3d3 h8e8 e5d6 c7d6 a4a5 d7e6 a5a6 e6c4 a6b7,-26
1r1q1rk1/1p1nb1pp/p2p4/P2Pp3/NB3p2/R4P2/1PP1Q1PP/5RK1 b - -,d7f6 a4b6 f6d7 b6d7 d8d7 c2c4 f8c8 g1h1 c8c7 b4e1,61
r1b2qk1/1p2nn1p/1b6/pN5Q/P7/6PB/2P2P1P/R4RK1 b - -,c8h3 h5h3 f7g5 h3g4 f8f5 g4f5 e7f5 g1g2 a8c8 c2c3,17
2B5/8/8/3k4/8/5K2/8/4B3 b - -,c8h3 h5h3 f7g5 h3g4 f8f5 g4f5 e7f5 g1g2 a8c8 c2c3,Mate
4K1Q1/8/7k/3q4/8/8/8/8 b - -,c8h3 h5h3 f7g5 h3g4 f8f5 g4f5 e7f5 g1g2 a8c8 c2c3,Mate
k5rq/1n6/p1n1p3/1p1pPp2/b1pP3P/B1P2BQ1/R1P2N1K/1R6 b - -,g8g3 h2g3 f5f4 g3h3 h8g7 f3g4 c6e5 d4e5 g7e5 h3g2,-107
8/7p/3k2p1/4Q3/5P2/4p1P1/4K2P/2r5 b - -,d6d7 e5d4 d7c6 d4f6 c6d7 f6f7 d7d8 f7h7 c1c2 e2e3,780
rnbq1rk1/1pp1p1bp/p2p1p2/7Q/3PP3/2N1BN2/PPP2PP1/2KR1B2 b - -,e7e6 f1d3 d8e8 h5h2 h7h5 d1h1 b8c6 g2g4 c6b4 d3e2,327
r2qbrk1/pp2b1pp/4pn2/1P1pN3/2pp4/P5B1/3NBPPP/R2Q1RK1 b - -,d4d3 e5d3 c4d3 e2d3 f6h5 g3e5 e7d6 e5d6 d8d6 f1e1,-151
2rq3k/pb2r1p1/1p4Qp/3pP3/3PN1P1/3B4/PP5P/2R2RK1 b - -,c8c1 e4d6 c1f1 g1f1 d8g8 g4g5 b7a6 d3a6 g8f8 f1e1,526
4r1k1/Q1p1qp1p/6p1/2p5/8/8/PPP1bPPP/R3R1K1 b - -,h7h5 a7a5 e7e5 a5c3 e5d5 a2a4 e8e6 a4a5 g8h7 h2h3,521
rnbqk2r/p1p1bppp/1p2pn2/3p4/P7/3P1NP1/1PP1PPBP/RNBQ1RK1 b kq -,,0
5rk1/7p/p2R4/1p1p4/3P2p1/P1P1B1Pb/1P3P1K/RN2r3 b - -,,0
r1bq1b1r/pppn1kpp/8/3pp3/8/3P2N1/PPP2PPP/R1BQK1NR b KQ -,f8d6 g1f3 h8e8 c1g5 d7f6 e1h1 h7h6 g5f6 d8f6 c2c4,-16
1k1r3r/pppQ3p/5np1/4pp2/PPP1P3/2R5/1B4PP/R5K1 b - -,f6d7 e4f5 g6f5 c3h3 h8e8 h3h7 d7b6 a1c1 b6c4 b2a1,-17
5rk1/p4p1p/1q4p1/1p6/3bn1P1/1P1nNQ2/P2B1P1P/1R1R2K1 b - -,d3f2 d2a5 b6c5 d1d4 c5d4 g1g2 e4g5 e3c2 d4e5 a5c3,-309
k6q/1n6/p1n1p3/1p1pPp2/b1pP3P/B1P2BK1/R1P2N2/1R6 b - -,f5f4 g3h3 h8g7 f3g4 c6e5 d4e5 g7e5 b1h1 e5c3 h3g2,-87
2r2rk1/R4pp1/1p5p/2p2q2/8/1Q2P3/PP3PPP/3R2K1 b - -,f5h5 a7d7 c5c4 b3c3 h5a5 c3a5 b6a5 g2g3 c4c3 b2c3,135
1r1qr1k1/5pbp/p3b1p1/3pp3/8/2P1BB2/PP1Q1PPP/3RR1K1 b - -,e5e4 f3e2 d8a5 a2a3 e8c8 h2h3 g7e5 d2c2 c8c6 e3a7,-27
rnbqkbnr/2p2ppp/p3p3/1p6/3P1B2/2N2N2/PPPQ1PPP/R3KB1R b KQkq -,g8f6 e1a1 c8b7 f3e5 f8e7 h2h4 c7c5 d4c5 d8d2 d1d2,30
r1b2rk1/pp2qnbp/2pp2p1/1P2p3/P1PPp3/4P2P/4BPPB/R2QNRK1 b - -,e5d4 e3d4 f7h6 e1c2 h6f5 a1b1 h7h5 d1d2 g8h7 h2f4,-7
1r1r2k1/3nq1pp/p1b2p2/4p3/2QPP3/2P2N2/5PPP/1R2R1K1 b - -,g8h8 c4c6 b8c8 c6a6 c8c3 d4d5 d7c5 a6a5 c3c2 h2h3,135
8/7k/7P/p5P1/2p5/2K5/8/8 b - -,a5a4 c3c4 h7g6 c4b4 a4a3 b4a3 g6h7 a3a4 h7g6 a4b4,9605
8/3k3p/6p1/8/3Q1P2/4p1P1/4K2P/2r5 b - -,d7c8 d4h8 c8d7 h8h7 d7c8 h7g6 c1c3 g6h7 c8b8 h7h8,827
rnb1k2r/1p3pp1/B3pP2/6Q1/3q4/b7/PRP3PP/2K4R b kq -,d4b2 c1d2 a8a6 g5f4 a3b4 d2d1 a6d6 f4d6 b4d6 f6g7,-1834
r3r1k1/3Q1ppp/3Bp3/p1p1N3/8/q5P1/4PP1P/5RK1 b - -,a3b4 d7f7 g8h8 e5g6 h7g6 d6e5 a8a7 f7a7 e8g8 a7e7,616
3qr1k1/pBr3p1/1p3b1p/4p2Q/3p4/2P3BP/PP3PP1/2R1R1K1 b - -,g8f8 b7e4 d4d3 c1d1 c7d7 e4c6 d3d2 e1e2 e8e7 c6d7,525
1r1qr1k1/5pbp/p3b1p1/3p4/4p3/2P1B3/PP1QBPPP/3RR1K1 b - -,d8a5 a2a3 b8b3 d1b1 e8d8 e1d1 h7h5 e2c4 b3b8 c4e2,-11
rnb1k2r/1p3pp1/B3pP2/6Q1/8/b7/PqP3PP/3K3R b kq -,a8a6 d1e2 g7f6 h1b1 b2b1 g5d2 h8h2 d2d3 a3c5 e2f3,-9605
8/8/8/8/8/2kpp3/r7/4K3 b - -,a8a6 d1e2 g7f6 h1b1 b2b1 g5d2 h8h2 d2d3 a3c5 e2f3,Mate
1rbq1rk1/2p2pp1/pbnp1n1p/Pp2p3/3PP3/1BP2N1P/1P3PP1/RNBQR1K1 b - -,c6a5 b3c2 a5c6 c1e3 f8e8 b1d2 e5d4 c3d4 c6b4 d4d5,-98
r6k/pbp4p/1p1p1nqr/3P1p2/2P3Pp/8/PPQNBP1K/4RR2 b - -,f5g4 c2g6 h6g6 e2d3 g6g7 d2b3 b6b5 b3d4 b5c4 d3c4,-286
k7/1n4q1/p1n1p3/1p1pPp2/b1pP3P/B1P2B1K/R1P2N2/1R6 b - -,f5f4 f3g4 c6e5 d4e5 g7e5 h3g2 e5c3 b1h1 a4c2 h1h3,-98
8/3N3n/4Q1n1/5rpb/6kr/K1P4p/2PP3B/8 b - -,f5f4 f3g4 c6e5 d4e5 g7e5 h3g2 e5c3 b1h1 a4c2 h1h3,Mate
8/7p/2k2Qp1/8/5P2/4p1P1/4K2P/2r5 b - -,c6d7 f6f7 d7d8 f7h7 c1c6 e2e3 d8c8 e3f3 c8b8 f3g4,807
2nq1rk1/1Q1R1p2/3p2p1/1NpPp2p/2P1P3/5B1P/3b1PP1/6K1 b - -,d8a5 f3e2 d2e1 b5d6 c8d6 d7d6 a5d2 g1f1 d2c1 b7b3,-18
8/7k/7P/6P1/p1K5/8/8/8 b - -,d8a5 f3e2 d2e1 b5d6 c8d6 d7d6 a5d2 g1f1 d2c1 b7b3,Mate
r3qrk1/1pp1nppp/p2Np3/8/3P4/4P2P/PP2QPP1/R1BR2K1 b - -,c7d6 d4d5 e6d5 b2b3 e8d7 d1d4 a8c8 c1a3 h7h6 e2d3,4
8/5K2/8/8/8/4k3/3r4/8 b - -,c7d6 d4d5 e6d5 b2b3 e8d7 d1d4 a8c8 c1a3 h7h6 e2d3,Mate
rn1q1rk1/pp3ppp/1b2bn2/3p2B1/8/1NNQ2P1/PP2PPBP/R4RK1 b - -,g8h8 a2a4 b8d7 a4a5 d7c5 b3c5 b6c5 a1d1 h7h6 g5f6,134
4r1k1/2pn1qpp/1ppp1p2/r7/2b1P3/P1P1RPB1/1PB3PP/2Q1R1K1 b - -,c4b3 c2b3 f7b3 c3c4 b3a4 b2b4 a5a8 f3f4 e8e7 h2h3,11
1r1r3k/3nq1pp/p1Q2p2/4p3/3PP3/2P2N2/5PPP/1R2R1K1 b - -,b8c8 c6a6 c8c3 d4d5 d7c5 a6a5 c3c2 h2h3 e7e8 a5a3,148
8/8/5NK1/8/3k2PP/4q3/8/8 b - -,d4e5 g6f7 e3d3 g4g5 d3c4 f7e7 c4e6 e7f8 e5f5 f6h5,-926
r2qbrk1/pp2b1pp/4pn2/1P1pN3/2p5/P2p1BB1/3N1PPP/R2Q1RK1 b - -,a8c8 a3a4 e7d6 a1c1 e8g6 f1e1 d8e7 e1e3 d6c5 e5g6,-165
r3qrk1/1p2nppp/p2pp3/8/3PP3/7P/PP2QPP1/R1BR2K1 b - -,d6d5 b2b3 e8b5 e2b5 a6b5 f2f3 f8d8 a2a4 e7c6 c1e3,-27
3qr1k1/pr4p1/1p3b1p/4p2Q/3P4/6BP/PP3PP1/2R1R1K1 b - -,e8f8 d4e5 f6g5 c1d1 d8c8 e5e6 f8e8 h5e2 b7e7 d1d6,362
1r2r1k1/5pbp/p3b1p1/q2p4/4p3/P1P1B3/1P1QBPPP/3RR1K1 b - -,b8b3 d1b1 h7h5 e1c1 e8d8 e2d1 d5d4 c3d4 a5d2 e3d2,-13
8/4k3/7p/1P5P/5p2/4P1P1/5pK1/8 b - -,f4g3 e3e4 e7d6 e4e5 d6e5 b5b6 e5d6 b6b7 d6c7 g2g3,-9605
r1Bb1qk1/1p2nn1p/8/pN5Q/P7/6P1/2P2P1P/R4RK1 b - -,a8c8 a1e1 e7g6 h5f3 b7b6 e1e2 d8e7 f1e1 e7c5 f3f5,154
4r2k/2pn1qpp/1ppp1p2/r7/2b1P3/P1P1RPB1/1PB3PP/3QR1K1 b - -,g7g5 f3f4 g5f4 g3f4 a5a8 b2b3 c4e6 a3a4 e8g8 e3g3,48
8/8/4Q3/8/5K2/8/4k3/8 b - -,g7g5 f3f4 g5f4 g3f4 a5a8 b2b3 c4e6 a3a4 e8g8 e3g3,Mate
8/8/4k3/8/8/3K4/2r5/8 b - -,g7g5 f3f4 g5f4 g3f4 a5a8 b2b3 c4e6 a3a4 e8g8 e3g3,Mate
2rq3k/pb2r1p1/1p4Qp/3NP3/3Pn1P1/3B4/PP5P/2R2RK1 b - -,e4g5 h2h4 b7a6 c1c8 d8c8 g6f5 c8f5 f1f5 a6d3 f5f8,559
8/7p/6p1/2k1Q3/5P2/4p1P1/4K2P/2r5 b - -,c5b6 e5b2 b6c6 b2c1 c6d5 c1e3 h7h5 e3d3 d5c5 d3g6,4425
r1bqn1k1/pp2rpb1/2p1p1pp/P1PnN3/2NP4/3B3P/1P3PPB/R2QR1K1 b - -,a7a6 d1g4 c8d7 g4e4 f7f5 e4e2 g6g5 a1a3 f5f4 a3b3,419
rnb1r1k1/1pp1p1bp/p2p1p2/3N4/3PP3/4BN2/PPP2PP1/2KR1B2 b - -,a8a7 d5c7 e8d8 f1c4 g8h8 c7e6 c8e6 c4e6 b8d7 d4d5,308
r1b2rk1/pp2qnbp/2pp2p1/1P6/P1PPp3/7P/4BPPB/R2QNRK1 b - -,f7h6 e1c2 h6f5 a1b1 h7h5 a4a5 g8h7 f1e1 e7f7 g1h1,-3
2rr3k/3nq1pp/Q4p2/4p3/3PP3/2P2N2/5PPP/1R2R1K1 b - -,c8c3 d4d5 e7f8 h2h3 d7c5 a6a5 c3c2 e1e3 d8c8 a5b4,153
8/5Q2/3k4/5b2/8/6K1/8/8 b - -,c8c3 d4d5 e7f8 h2h3 d7c5 a6a5 c3c2 e1e3 d8c8 a5b4,Mate
r1bq1r2/ppp2pkp/1n4p1/4p3/3p1P2/2N5/PPPQB1PP/2KR2NR b - -,c8f5 c3b1 d8d5 f4e5 c7c5 b2b3 d5e5 g1f3 e5f6 d2g5,171
r1bq1knr/ppp3p1/3p3p/4n1NQ/4PB2/2N5/PP3PPP/R3K2R b KQ -,h6g5 h5g5 d8g5 f4g5 e5f7 f2f4 c8d7 e1h1 d7c6 a1e1,-298
r4rk1/pp1b1pp1/4p2p/3p4/1q1P4/5B2/P4PPP/1R1Q1RK1 b - -,b4c4 d1d2 c4c7 f3e2 d7c6 d2e3 c7d6 e2d3 a7a6 f2f4,-236
r1qr2k1/pb2bpp1/1p2pn1p/2P1N3/8/2PBB3/PPQ2PPP/1K1RR3 b - -,d8d5 f2f4 e7c5 g2g4 d5d3 d1d3 b7e4 e3c5 c8c5 e1e4,74
1nb2k1r/1p3pp1/r3pP2/8/8/bQ6/PqP3PP/3K3R b - -,b2f6 b3e3 f6a1 d1e2 a1h1 h2h3 b8c6 e2f2 f8e8 e3c3,-1907
3qr1k1/p3r1p1/1p3b1p/4P2Q/8/6BP/PP3PP1/2R1R1K1 b - -,d8d5 f2f4 e7f7 c1d1 d5c5 g3f2 c5b5 a2a4 b5b2 e5f6,522
r1bq1rk1/pp2npbp/3p1np1/2PPp3/2P1P3/2N2N2/P3BPPP/R1BQ1RK1 b - -,d6c5 a2a4 f6e8 d1b3 b7b6 a4a5 a8b8 c1e3 c8d7 a5b6,211
r1bqkbnr/pp1ppppB/8/8/3n4/8/PPP2PPP/RNBQK1NR b KQkq -,h8h7 d1d4 g7g6 g1e2 f8g7 d4d3 d7d6 e1h1 c8f5 d3b3,-70
r2r2k1/pp3pp1/1qn1bn1p/1N1p4/3N4/1P2P2P/P3BPP1/R2Q1RK1 b - -,b6a5 a2a3 e6d7 b3b4 a5b6 d1b3 a7a5 a1c1 d8c8 f1d1,38
r1bq1rk1/pp3pp1/2n1p2p/8/1b1P4/2N2NP1/PPB2PP1/R2QK2R b KQ -,e6e5 d4e5 d8d1 a1d1 c8e6 a2a3 b4c3 b2c3 a8c8 e1h1,1
8/8/p7/5k2/PP4p1/2P2r2/4K3/2R5 b - -,,0
k7/1n6/p1n1p2q/1p1pPp2/b1pP3P/2P2B1K/R1P2N2/1RB5 b - -,f5f4 f2g4 h6f8 g4f6 f8h6 f6h5 h6h7 c1f4 a4c2 a2a6,66
8/4K3/8/3r4/8/4k3/8/8 b - -,f5f4 f2g4 h6f8 g4f6 f8h6 f6h5 h6h7 c1f4 a4c2 a2a6,Mate
r4rk1/ppqnbpp1/4pnp1/2p5/3pP3/1P1P2P1/PBPNQPBP/R3R1K1 b - -,d7e5 f2f4 e5c6 a2a4 a7a6 e4e5 f6d5 g2d5 e6d5 d2f3,55
3r3k/1R1nq1pp/Q4p2/4p3/3PP3/2r2N2/5PPP/4R1K1 b - -,e5d4 f3d4 e7e8 d4f5 d7c5 a6a5 c5b7 a5c3 e8f8 h2h3,80
rnb2rk1/p1qnppbp/1pp1P1p1/8/4Q3/2N1BN1P/PPP2PP1/R3KB1R b KQ -,f7f5 e4h4 d7e5 f3g5 h7h6 g5f7 e5f7 e6f7 g8h7 e1a1,39
8/8/6p1/kPK2p1p/8/6P1/5P2/8 b - -,f7f5 e4h4 d7e5 f3g5 h7h6 g5f7 e5f7 e6f7 g8h7 e1a1,Mate
r4nk1/p1qb1pp1/5p2/1p1PrP2/2pNB2R/2P4P/PPQ3P1/4R1K1 b - -,c7d6 c2f2 a8e8 h4g4 g7g6 f2g3 g8g7 f5g6 d7g4 g6f7,220
2r2rk1/pbpqb1pp/1p2pp2/3p4/3P1B2/2PBP3/PP1Q1PPP/R4RK1 b - -,c7c5 a2a4 a7a5 f1d1 b7c6 d2c2 f6f5 d3e2 e7d6 c2b3,25
2rb1qk1/1p2nn1p/8/pN6/P5Q1/6P1/2P2P1P/R4RK1 b - -,f8g7 g4d7 g7f6 a1e1 f6c6 e1e7 d8e7 d7g4 g8h8 b5a7,200
5rk1/p4p1p/1q4p1/1p1N4/3bn1P1/1P1n3Q/P2B1P1P/1R1R2K1 b - -,e4f2 d5b6 f2h3 g1g2 d4b6 g2h3 d3f2 h3g2 f8d8 g2f3,-286
1nb2k1r/1p3pp1/r3pP2/8/1Q6/b1q5/P1P3PP/3K3R b - -,b6e6 h3d3 e6g4 g1f1 f8e8 d3d4 g4h3 f1e1 e4g5 d4e3,Mate
8/8/7p/4K3/p7/6P1/2k1N2P/8 b - -,a4a3 e2d4 c2b2 h2h4 a3a2 g3g4 a2a1q d4f5 b2c3 g4g5,-484
8/1B6/8/8/2k5/5K2/8/4B3 b - -,c2d2 e2d4 a4a3 e5e4 a3a2 d4b3 d2c2 b3a1 c2c3 g3g4,Mate
N1b3k1/bp1q2pp/2np2r1/p3p3/2P5/P2P2P1/1P2PPB1/1RBQ1RK1 b - -,c6d8 d3d4 d7f7 c4c5 d8c6 d4e5 a7c5 c1e3 c5e3 f2e3,423
1qr2k1Q/1pr1npp1/p3p3/3p4/1P1P4/P3P3/5PP1/1B1R1RK1 b - -,e7g8 e3e4 g7g6 e4e5 c7c3 g2g3 b8c7 h8h4 c7e7 h4f4,47
8/5p2/r5p1/P6p/7P/2k1K1P1/5P2/R7 b - -,f7f6 a1c1 c3b4 c1b1 b4c5 b1a1 c5c4 f2f3 c4d5 e3f4,338
4rrk1/1ppb1pp1/p1nq1n1p/3p4/3P4/2PB1N1P/PPQ1NPP1/R4RK1 b - -,a6a5 a2a3 e8e7 b2b4 f8e8 b4b5 c6a7 a3a4 c7c5 b5c6,15
4r1k1/2Q2p1p/5qp1/2p5/8/8/PPP1bPPP/R3R1K1 b - -,f6f5 a1d1 g8g7 d1d7 e8a8 d7e7 e2b5 a2a3 f5f6 c7e5,564
8/7k/7P/6P1/8/8/K7/8 b - -,f6f5 a1d1 g8g7 d1d7 e8a8 d7e7 e2b5 a2a3 f5f6 c7e5,Mate
8/p2k1ppp/1p4b1/4b3/8/4P2P/PP3PP1/3R2K1 b - -,d7c6 b2b3 a7a5 f2f4 e5b2 g1f2 g6e4 d1d2 b2c3 d2d8,-225
3rr1k1/1p1nbpp1/p1p3p1/4q2n/4P3/P1N1B1P1/1PQ2PBP/3RR1K1 b - -,e7c5 f2f4 e5e7 e3c5 e7c5 g1h1 d7f8 e4e5 d8d1 c2d1,84
1nb2k1r/1p3pp1/rQ2pP2/2q5/8/b7/P1P3PP/3K3R b - -,e7c5 f2f4 e5e7 e3c5 e7c5 g1h1 d7f8 e4e5 d8d1 c2d1,Mate
8/7p/2k3p1/8/5P2/4Q1P1/4K2P/2r5 b - -,c1h1 e3e6 c6b5 e6d7 b5b4 d7h7 b4a3 h7a7 a3b4 a7b6,844
5rk1/7p/p2R4/1p1p2p1/3P4/2P1P1Pb/PP6/RN4K1 b - -,,0
rnbq2kr/pp4pp/4p3/1N1npp2/2P5/3B1Q2/P1P2PPP/R1B2RK1 b - -,d5b6 f1d1 d8f6 b5c7 e5e4 d3e4 f6a1 e4b7 c8b7 f3b7,183
4r1k1/p5p1/1p3b1p/4Q3/8/7P/PP3PP1/2RR2K1 b - -,f6e5 d1e1 g8f7 g1f1 f7f6 b2b3 e8d8 e1d1 d8d1 c1d1,Mate
1qr2knQ/1pr2ppB/p3p3/3p4/1P1P4/P3P3/5PP1/3R1RK1 b - -,,0
8/8/5K1p/8/p2N4/6P1/2k4P/8 b - -,,0
3r3k/1R1nq1pp/Q4p2/8/3NP3/2r5/5PPP/4R1K1 b - -,e7e8 d4f5 d7c5 a6a5 c5b7 a5c3 e8f8 h2h3 b7d6 f5g3,79
1k1r3r/pppq3p/3p1np1/4pP2/PPP2P2/2R5/1B4PP/R2Q2K1 b - -,e5f4 f5g6 h8g8 c3f3 g8g6 b2f6 g6f6 d1d4 d7f5 a1f1,-78
8/8/k4K2/7R/p7/8/8/8 b - -,e5f4 f5g6 h8g8 c3f3 g8g6 b2f6 g6f6 d1d4 d7f5 a1f1,Mate
r3qrk1/1p2nppp/p3p3/3pP3/3P4/7P/PP2QPP1/R1BR2K1 b - -,e8d7 c1g5 e7g6 e2g4 h7h6 g5d2 g8h8 d2c3 d7b5 h3h4,-31
1nb2k1r/1p3pp1/r1q1pP2/1Q6/8/b7/P1P3PP/3K3R b - -,e8d7 c1g5 e7g6 e2g4 h7h6 g5d2 g8h8 d2c3 d7b5 h3h4,Mate
r1b1k2r/ppp1qpb1/2np1n1p/4P1p1/2BP1p2/1QP2N2/PP1N2PP/R1B2RK1 b kq -,d6e5 c4d3 e8h8 f1e1 e7d8 f3e5 c6e5 e1e5 f6g4 e5e2,-213
rnbq1r1k/1pp1p1bp/p2p1p2/7Q/2BPP3/2N1BN2/PPP2PP1/2KR4 b - -,e7e6 d1h1 h8g8 h5h7 g8f7 e3h6 f8g8 e4e5 f7f8 h6g7,669
2rq1rk1/1p2bppp/p2pbn2/P3p3/1n2P3/2N2N1P/1PP2PP1/R1BQRBK1 b - -,c8c5 c1e3 c5a5 c3a4 d8e8 c2c3 b7b5 c3b4 a5a4 a1a4,-20
1r4k1/1r3pbp/p3b1p1/q2p4/1P2p3/P1P1BP2/3QB1PP/3RR1K1 b - -,a5a3 e3d4 g7d4 d2d4 b7c7 f3e4 d5e4 d1c1 c7c8 e2f1,-22
rnbqk2r/pp1p1ppp/4pn2/2p5/1BPP4/5P2/PP2P1PP/RN1QKBNR b KQkq -,c5b4 a2a3 b4a3 b1a3 d7d5 c4d5 e6d5 e2e3 c8f5 f1d3,-10
8/7p/2k3p1/8/5P2/3KQ1P1/2r4P/8 b - -,c2g2 e3e6 c6b5 e6d7 b5a6 d7h7 g2b2 h7g6 a6a7 d3e3,827
8/8/5K1p/1N6/p7/3k2P1/7P/8 b - -,,0
6k1/7p/p2R4/1p1p2p1/3P4/2P1P1Pb/PP5K/RN3r2 b - -,,0
8/8/1P6/k1K2ppp/8/6P1/5P2/8 b - -,g5g4 d6d8 g8f7 a2a3 f1f2 h2g1 f2f1,Mate
1nb2k1r/1p3pp1/Q3pP2/2q5/8/b7/P1P3PP/3K3R b - -,g5g4 d6d8 g8f7 a2a3 f1f2 h2g1 f2f1,Mate
1r4k1/1r3pbp/p3b1p1/3p4/1P1Bp3/q1P2P2/3QB1PP/3RR1K1 b - -,g7d4 d2d4 b7c7 f3e4 d5e4 d4e4 c7c3 d1a1 a3b4 e4b4,-23
5n2/7n/4QN2/5rpb/6kr/2P4p/2PP3B/3K4 b - -,h7f6 e6c8 f8g6 c3c4 g6e5 h2e5 h3h2 e5h2 h4h2 d1c1,Mate
5k2/8/1p4pp/p3pp2/1PP3PP/P3K3/5P2/8 b - -,f8f7 h4h5 a5b4 a3b4 f7f6 h5g6 f6g6 c4c5 b6c5 b4b5,648
r1bq1rk1/pp2np1p/2Pp1p2/8/2BQ4/5N2/PP3PPP/R1B3K1 b - -,e7c6 d4h4 c8f5 c1d2 f8e8 c4d5 a8c8 d2c3 c6e5 f3d4,-36
r4rk1/pppb1ppp/2n1pq2/8/3P4/2PB1N2/PP3PPP/R2Q1RK1 b - -,a8c8 d1c2 h7h6 f1e1 f8d8 d3h7 g8f8 h7e4 b7b6 e1e3,64
8/8/r4pp1/P6p/1k5P/4K1P1/5P2/R7 b - -,b4c3 a1c1 c3b4 c1b1 b4c5 b1a1 c5d5 e3d3 d5c5 d3e4,388
1r4k1/1r3p1p/p3b1p1/3p4/1P1Qp3/q1P2P2/4B1PP/3RR1K1 b - -,b7c7 f3e4 d5e4 d1c1 h7h5 e2f1 g8h7 c1a1 a3c3 d4c3,-26
3r3k/4R1pp/Q4p2/2n5/3NP3/2r5/5PPP/4R1K1 b - -,c5a6 d4e6 d8g8 f2f3 c3c8 h2h4 a6b4 e1b1 b4c6 e7d7,174
1nb2k1r/5pp1/1p2pP2/2q5/8/Q7/P1P3PP/3K3R b - -,c5a3 h2h3 g7f6 h1e1 f8e7 e1e2 a3c3 e2d2 c3a1 d1e2,-1436
2kr3r/pbppqpb1/1np4p/4P1pP/2P5/2N4R/PP2QPPB/2KR1B2 b - -,f7f5 f2f4 d7d6 e5d6 e7e2 f1e2 g5g4 h3d3 g7c3 b2c3,81
rnbq1rk1/4bppp/p2p1n2/1p2p3/1P2P3/2NB3P/P1P1NPP1/R1BQ1RK1 b - -,c8b7 e2g3 b8c6 a2a4 c6b4 a4b5 b4d3 c2d3 a6b5 a1a8,4
rnbqk2r/pp1p1ppp/4pn2/8/1pPP4/1Q3P2/PP2P1PP/RN2KBNR b KQkq -,a7a5 e2e4 b8c6 d4d5 c6e5 d5d6 d8b6 a2a3 b6d6 a3b4,-53
rnbqk2r/1p2bppp/p2p1n2/2pP4/P4B2/2N2P2/1PPQ2PP/R3KBNR b KQkq -,,0
8/pb1r1kp1/1pn1R2p/8/7N/P5P1/1P3PP1/6K1 b - -,f7e6 f2f4 e6d5 b2b3 d5e4 h4f3 e4d3 b3b4 d3e2 g1h2,-722
r3kb1r/ppp1qppp/2n2n2/3pp3/6b1/2PPBNP1/PP2PPBP/RN1Q1RK1 b kq -,h7h6 b1d2 a7a5 d1c2 g4f5 c2b3 f5c8 a2a4 e7e6 d3d4,-34
2n1k3/8/Pp2p2Q/1P1pPp2/B2P1P2/4nN2/6PP/6K1 b - -,e7e6 d1b3 e8a8 b3a4 h7h6 b2b4 d5d4 e3d2 a7a6 f1c1,Mate
8/8/5K1p/1N6/p7/1k4P1/7P/8 b - -,,0
8/7p/2k3p1/8/5PP1/3KQ3/7r/8 b - -,h7h5 f4f5 h2a2 e3e6 c6c5 f5g6 a2a3 d3e2 h5h4 g6g7,729
r1bqn1k1/pp2rpb1/2p1pnpp/P1P1N3/2NP4/7P/1P3PPB/RB1QR1K1 b - -,f6d7 d1c1 e8c7 c4d6 c7d5 h3h4 h6h5 a1a3 d7e5 d4e5,475
r1bqk2r/ppp1bpp1/2np1n1p/4p3/4P2B/N1PP1N2/PP3PPP/R2QKB1R b KQkq -,g7g5 h4g3 g5g4 f3d2 h6h5 g3h4 c8e6 a3c2 f6d7 h4e7,-80
rnbq2kr/pp4pp/4p3/1N1n1p2/2P1p3/3B3Q/P1P2PPP/R1B2RK1 b - -,d5b6 d3e2 h7h6 f1d1 d8f6 a1b1 b8c6 b5c7 a8b8 c4c5,84
2krr3/ppp2ppp/5b2/4n3/8/2P1B3/PPK1BPPP/R6R b - -,a7a5 h1e1 f6e7 e3d4 e7f6 f2f4 e5d7 d4f2 e8e4 g2g3,82
6k1/2pnrqpp/1ppp1p2/r7/4P3/P1P1RPB1/1PQ3PP/3R2K1 b - -,b6b5 e3e2 a5a8 h2h3 h7h6 g3f2 g8h8 d1a1 c6c5 g1h1,-17
2rb1q1k/1p2nn1p/8/pN6/P2Q4/6P1/2P2P1P/R4RK1 b - -,f8g7 a1d1 g7d4 d1d4 f7e5 g1g2 d8b6 d4e4 e7g6 f1b1,156
5Q2/8/4b3/5k2/7K/8/8/8 b - -,f5e4 f8e7 e4f5 e7d6 e6f7 d6c5 f5f6 c5g5 f6e6 h4g3,20000
4rrk1/1ppb1pp1/p1nq3p/3p4/1P1Pn3/2PB1N1P/P1Q1NPP1/R4RK1 b - -,e8e7 a2a4 d7f5 b4b5 c6a5 f3e5 f7f6 e5g4 f5g4 h3g4,12
r1bq1rk1/pp3pp1/2n1p2p/8/1b1P4/2NB1NP1/PP3PP1/R2Q1RK1 b - -,b4a5 d3c2 c8d7 d1d3 g7g6 d3e3 g8g7 a1d1 a5b6 c2e4,5
3r3k/4R1pp/n3Np2/8/4P3/2r5/5PPP/4R1K1 b - -,d8g8 h2h4 c3c8 f2f3 g8e8 e7e8 c8e8 e1d1 h8g8 d1d6,170
1nb2k1r/5pp1/4pP2/1pq5/8/2Q5/P1P3PP/3K3R b - -,d8g8 h2h4 c3c8 f2f3 g8e8 e7e8 c8e8 e1d1 h8g8 d1d6,Mate
6k1/4Np2/2r1n3/4p2K/3r2P1/5P2/8/8 b - -,g8f8 e7c6 d4c4 c6e5 c4c5 h5h4 c5e5 h4g3 f8g7 f3f4,-732
1rr5/5pk1/p2q1npp/2np4/8/4PP1P/PP1QB1P1/2R1RNK1 b - -,d6b6 b2b3 a6a5 d2d4 b6d6 e1d1 c5e6 d4b2 c8c1 b2c1,74
8/7p/2k5/5Pp1/6P1/3KQ3/7r/8 b - -,h2g2 e3g5 g2g3 d3e4 g3g2 g5h6 c6b5 h6h7 b5a4 e4f4,816
rn1q1rk1/1b2bppp/p2p1n2/1p2p3/1P2PP2/2NB3P/P1P1N1P1/R1BQ1RK1 b - -,d6d5 f4e5 f6e4 a2a4 e7b4 d3e4 d5e4 d1d8 f8d8 a4b5,-66
8/1B6/8/2k5/8/5K2/5B2/8 b - -,d6d5 f4e5 f6e4 a2a4 e7b4 d3e4 d5e4 d1d8 f8d8 a4b5,Mate
r5k1/2p1rqpp/2pp1p2/1pn5/4P3/P1P2P2/1PQ2BPP/R3R1K1 b - -,f7b3 a1c1 b3c2 c1c2 c5d3 e1d1 d3e5 f2d4 e5c4 b2b3,-35
1nb2k1r/5pp1/4pP2/1p6/1q6/Q7/P1P3PP/3K3R b - -,b4a3 h2h4 a3a2 h1h3 g7f6 d1d2 f8e7 g2g4 e6e5 d2e1,-1313
4r1k1/5p1p/6p1/2Q5/8/8/PqP1bPPP/R3R1K1 b - -,b2f6 a1b1 h7h5 a2a4 g8h7 h2h3 e8e6 c5b4 e2f3 e1e6,563
rnbq1rk1/1p2bppp/p2p1n2/2pP4/P4B2/2N2P2/1PPQN1PP/R3KB1R b KQ -,f6h5 f4e3 f7f5 g2g3 b8d7 f1g2 b7b6 f3f4 d7f6 e1h1,-35
r6k/pbp4p/1p1p1nqr/5pp1/2PP3P/5BP1/PPQN1P1K/4RR2 b - -,g5h4 g3g4 b7f3 d2f3 g6g4 c2e2 h6g6 f1g1 g4f4 h2h1,-453
5k2/8/1p4p1/4pp1P/1PP4P/4K3/5P2/8 b - -,f5f4 e3e4 g6h5 e4e5 f4f3 e5f4 f8e7 f4f3 e7d7 f3e4,907
4rnk1/p2b1pp1/1q3p2/1p1PrP2/2pNB2R/2P4P/PPQ3P1/5R1K b - -,b6d6 d4c6 d7c6 d5c6 d6c5 h4g4 c5e3 e4f3 e3c5 g4f4,157
6rk/4R1pp/n3Np2/8/4P3/2r2P2/6PP/4R1K1 b - -,c3c8 h2h4 a6c5 e6f4 g8e8 e7e8 c8e8 e1c1 c5b3 c1c7,171
r1bqnrk1/pp2npbp/6p1/2pPp3/P1P1P3/1QN2N2/4BPPP/R1B2RK1 b - -,b7b6 a4a5 a8b8 c3b5 c8d7 b5a7 b6a5 b3e3 e8d6 c1a3,204
r1bq1rk1/p4pp1/1pn1p2p/8/1b1PB3/2N2NP1/PP3PP1/R2Q1RK1 b - -,c8b7 a1c1 a8b8 c3b5 c6e7 e4b7 b8b7 d1a4 e7d5 a2a3,12
r4rk1/1pqn1pp1/2p1p2p/p2nN1PP/1b1P4/8/PPPBQP2/2KRRN2 b - -,d7e5 d4e5 h6g5 e2g4 b4d2 f1d2 f7f6 g4e6 c7f7 e6g4,65
8/8/p7/8/PP2k1p1/2P2r2/4K3/6R1 b - -,,0
2n1k3/8/Pp2Q3/1P1pPp2/B2P1Pn1/5N2/6PP/6K1 b - -,g4g3 g1f1 f3e3 e2d2 e3d3 d2c2 g3g2 f1g1 d3g3 b4b5,Mate
r1b2rk1/pp3pbp/n1p2np1/4p2q/2P1P3/1QN1BNPP/PP3PB1/R4RK1 b - -,b7b6 b3a4 c8h3 a4a6 f6g4 c4c5 f7f5 c5b6 a7b6 a6c4,282
3r1rk1/2n1qpbp/4bnp1/2N5/1p1P4/5B2/1P2NPPP/R1BQ1RK1 b - -,f8e8 c5e6 c7e6 d1b3 e6d4 e2d4 d8d4 c1e3 d4d8 f3c6,67
3r1k1R/pp3pp1/4r3/6P1/P3P3/5PK1/1P6/R7 b - -,f8e7 h8d8 e7d8 a1d1 d8e7 d1d5 e6c6 d5b5 b7b6 g3f4,184
3R4/p3npkp/bp2p1p1/4P1B1/q3N1P1/4pB2/PP4KP/2r5 b - -,,0
r3r1k1/pppb1ppp/2n1pq2/8/3P4/2PB1N2/PP3PPP/R2QR1K1 b - -,e8d8 d1c2 g7g6 a1d1 c6e7 f3e5 d7c6 c2c1 d8d6 d3b1,91
1k1r3r/ppp4p/3p1np1/4Pq2/PPP5/2R5/1B4PP/R2Q2K1 b - -,d6e5 d1e2 f6e4 c3f3 d8d2 e2d2 e4d2 f3f5 g6f5 b2e5,-7
3rr1k1/1p1n1pp1/p1p2n2/4q1p1/1P2P3/P1NR2P1/3Q1PBP/3R2K1 b - -,e5e7 f2f4 g5f4 g3f4 d8a8 e4e5 d7e5 f4e5 e7e5 d1f1,235
r2qk2r/pp1nnppp/4p3/3pP3/3NbP2/3BB3/PPP3PP/R2QK2R b KQkq -,e8h8 e1h1 a8c8 d1e2 a7a6 d3e4 d5e4 e3f2 d7c5 d4b3,21
r2q1rk1/pb3pp1/1pn1p2p/4N3/1b1PB3/2N3P1/PP3PP1/R2Q1RK1 b - -,b4c3 b2c3 d8c7 e4c6 b7c6 c3c4 f8d8 a1c1 c7b7 f1e1,-27
8/4k3/7p/1P5P/8/4P1p1/5p2/5K2 b - -,b4c3 b2c3 d8c7 e4c6 b7c6 c3c4 f8d8 a1c1 c7b7 f1e1,Mate
8/2RRrk2/1p3bpp/p7/P4PP1/1P3K1P/8/8 b - -,f7e6 d7e7 f6e7 c7c6 e6d5 c6b6 g6g5 f4f5 e7d8 b6b7,679
1Q6/2K5/8/k4pp1/8/6P1/5P2/7q b - -,h1c1 c7d7 c1d2 d7e6 d2f2 b8d8 a5b4 d8g5 f2a2 e6f5,10
3R4/p3npkp/bp2p1p1/4P1B1/4N1P1/4pB1K/PPq4P/2r5 b - -,,0
rnbqr1k1/1p2bppp/p2p1n2/2pP4/P4BP1/2N2P2/1PPQN2P/R3KB1R b KQ -,b8d7 e2g3 d7f8 f1d3 f8g6 d3g6 f7g6 e1h1 c8d7 c3e4,62
2k4r/ppp2ppp/2nr4/1B4N1/3Pq1b1/2P5/PP4PP/R2Q1R1K b - -,d6e6 b5c6 b7c6 d1a4 e4d5 g5e6 g4e6 a4a7 c8d7 a7c5,403
r5k1/2p1rqpp/2pp1p2/1p6/4P3/PnP2P2/1PQ2BPP/3RR1K1 b - -,b3a5 a3a4 f7b3 c2b3 a5b3 a4b5 c6b5 f2g3 e7e8 d1d5,-23
2r3rk/4R1pp/n3Np2/8/4P3/5P2/6PP/R5K1 b - -,a6c5 e6f4 c8e8 a1a7 e8e7 a7e7 g8b8 e7c7 c5a6 c7c6,163
rnb2rk1/pp3pbp/2p2np1/4p2q/2P1P3/1QN1BNP1/PP3PBP/R4RK1 b - -,f8e8 a1d1 g7h6 e3h6 h5h6 d1d6 h6f8 f1d1 g8g7 h2h3,100
r1b1kb1r/1p3ppp/pqn1p1n1/3pP3/1P6/P1N1BN2/4BPPP/R2Q1RK1 b kq -,b6c7 c3a4 f8e7 a4b6 a8b8 a1c1 e8h8 g2g3 c8d7 h2h4,-32
r3r1k1/2p2qpp/2pp1p2/1p6/4P3/PnP1BP2/1PQ3PP/3RR1K1 b - -,b3a5 h2h3 f7b3 c2b1 c6c5 e1e2 e8e7 e3f2 a5c4 d1e1,-21
1r4k1/2r2p1p/p3bQp1/8/1P2p3/q1P5/4B1PP/3RR1K1 b - -,a3c3 f6c3 c7c3 d1d4 f7f5 e2a6 g8g7 e1b1 g7f6 a6f1,-273
rn1qkb1r/pp1bpppp/3p1n2/2p5/2BPP3/2N5/PPP2PPP/R1BQK1NR b KQkq -,b8c6 d4c5 d8a5 g1f3 a5c5 c4b3 c6a5 d1d3 a7a6 c1e3,48
2rb4/1p2nnkp/8/pN6/P7/6P1/2P2P1P/2R2RK1 b - -,c8c4 f1d1 d8b6 d1d7 b6c5 d7b7 g7f6 g1g2 f7e5 b7c7,96
8/7p/2k2P2/6p1/6Pr/3KQ3/8/8 b - -,h4h6 e3g5 h6h3 d3e4 h3h1 g5d5 c6c7 d5c5 c7d7 c5e7,Mate
r6k/1pp2Bp1/p3P2p/5R2/4n3/P1P4P/1P4P1/6K1 b - -,g7g5 e6e7 e4d6 f5e5 h8g7 e7e8q d6e8 e5e8 a8e8 f7e8,532
2r5/8/1K6/1pB3kp/1P2p3/6P1/5P2/8 b - -,g5g4 b6b5 g4f3 b5b6 f3e2 b6b7 c8g8 b4b5 g8g5 b7c6,-13
rnb1k2r/1p3pp1/p3pP2/6Q1/1b1q4/8/PRP3PP/2K2B1R b kq -,b4a3 f6g7 d4b2 c1d2 h8g8 f1e2 g8g7 g5h5 a3b4 d2e3,-952
r3r1k1/2p3pp/2pp1p2/1p6/2q1P3/PnP1BP2/1P2Q1PP/3RR1K1 b - -,c4e2 e1e2 h7h5 h2h4 b3a5 g1h2 a5c4 e3c1 c6c5 d1d5,-57
1r4k1/2r2p1p/p3b1p1/8/1P2p3/2Q5/4B1PP/3RR1K1 b - -,c7c3 d1d4 f7f5 e2a6 g8f7 a6f1 c3b3 b4b5 b8c8 e1a1,-214
r3k2r/pp1nnppp/4p3/q2pP3/3NbP2/2PBB3/PP4PP/R2QK2R b KQkq -,e8h8 d3e4 d5e4 e1h1 a5a6 d1g4 e7d5 a1e1 a8e8 g4e2,26
1rb2rk1/p5pp/1p1qp3/5p2/3P3Q/P2BP3/1P3PPP/2R2RK1 b - -,c8b7 h4g3 f5f4 g3h4 g7g6 f1d1 b8d8 h4g4 g8g7 e3e4,160
8/8/p7/8/PP2k1p1/2P2r2/4K3/5R2 b - -,,0
5rk1/8/p6p/1p1R2p1/3P1P2/2P4b/PP1BrP1P/RN4K1 b - -,f3c3 f1f6 c3b3 f6a6 b3b4 e2f2 e4f4 a6f6 f4g5 f6a6,Mate
8/5P2/2k5/6pp/6Pr/3KQ3/8/8 b - -,f3c3 f1f6 c3b3 f6a6 b3b4 e2f2 e4f4 a6f6 f4g5 f6a6,Mate
1Q6/1K6/8/k4pp1/8/6P1/5P2/2q5 b - -,,0
rn2kb1r/pp3ppp/2pqpnN1/8/3P2P1/2N4P/PPP2PB1/R1BQK2R b KQkq -,h8g8 c1f4 d6b4 g6f8 b4b2 f4d2 g8f8 a1b1 b2a3 b1b7,596
3B1Q2/7p/p2kB1p1/8/4p3/1PP5/P5PP/6K1 b - -,h8g8 c1f4 d6b4 g6f8 b4b2 f4d2 g8f8 a1b1 b2a3 b1b7,Mate
r5k1/2p1r1pp/2pp1p2/1p6/2q1P3/PnP1BP2/1PQ3PP/3RR1K1 b - -,b3a5 c2b1 c4b3 e1e2 a8e8 d1e1 a5c4 e3f4 c4b6 b1d3,-21
2nk4/8/Pp6/1P1QPp2/B2P1Pn1/5N2/6PP/6K1 b - -,b3a5 c2b1 c4b3 e1e2 a8e8 d1e1 a5c4 e3f4 c4b6 b1d3,Mate
2r5/8/8/1KB4p/1P2p1k1/6P1/5P2/8 b - -,g4f3 b5b6 f3e2 b6b7 c8g8 b4b5 g8g5 b7c6 g5c5 c6c5,-14
4rnk1/p2b1pp1/1q3p2/3PrP2/1ppNB2R/2P4P/PP2Q1P1/5R1K b - -,g7g6 e2f3 g6g5 h4g4 f8h7 h3h4 g8g7 d4c6 d7c6 d5c6,158
2brr1k1/ppp2ppp/2n1pq2/8/3PB3/1QP2N2/PP3PPP/R3R1K1 b - -,f6f4 e4c6 b7c6 b3a3 a7a6 f3e5 f7f6 e5c6 d8d6 c6a5,139
r2qk2r/pb1nbppp/1p2p3/8/2PNB3/1P6/P1Q2PPP/R1B2RK1 b kq -,d8c8 c1b2 d7f6 e4b7 c8b7 b3b4 e8h8 b4b5 b7e4 c2b3,47
rn1qkb1r/pp1bpppp/3p1n2/8/2BQP3/2N5/PPP2PPP/R1B1K1NR b KQkq -,e7e6 g1f3 a7a6 a2a4 f8e7 e1h1 b8c6 d4d3 d8c7 d3e2,-20
r6k/pBp4p/1p1p1nqr/5p2/2PP4/6p1/PPQN1PK1/4RR2 b - -,g3f2 g2f3 f2e1q f1e1 g6g4 f3f2 h6h2 f2e3 a8e8 e3d3,-1625
r4rk1/pp1nnppp/4p3/q2pP3/3NBP2/2P1B3/PP4PP/R2QK2R b KQ -,d5e4 d4b3 a5c7 e1h1 e7f5 d1e2 a7a5 a2a4 f5e3 e2e3,28
5k2/8/1p6/4pp1p/1PP4P/3K4/5P2/8 b - -,f8e8 b4b5 e8e7 c4c5 b6c5 d3c4 e7d6 b5b6 d6c6 b6b7,37
6k1/5p1p/4b1p1/8/1r2p3/2r5/4B1PP/3RR1K1 b - -,g8g7 d1a1 c3c2 h2h4 g7f6 a1a5 b4d4 e1f1 f6g7 f1e1,-351
8/2R1bk2/1p4pp/p7/P3KPP1/1P5P/8/8 b - -,f7f8 e4e5 e7h4 e5e6 h4g3 c7c8 f8g7 f4f5 g6f5 g4f5,757
8/7k/7P/2p3P1/p7/2K5/8/8 b - -,,0
2brr1k1/ppp2ppp/4pq2/nQ6/3PB3/2P2N2/PP3PPP/R3R1K1 b - -,b7b6 f3e5 f6g5 b2b4 a5b7 b5d3 b7d6 e4h7 g8f8 d3h3,164
2r2rk1/p2b1pp1/3Bq3/2p1P2p/P2p2nP/1P1P2PB/2P5/R2QR1K1 b - -,,0
6R1/p4p1p/1p2pB1k/4P3/4NpK1/4pB2/PPq4P/2r2b2 b - -,f8e8 d1d2 d7c6 a4a5 c8d8 a5a6 d8d7 a1b1 d7d8,Mate
8/4k3/7p/1P5P/6P1/4p3/5pK1/8 b - -,f2f1r g2f1 e7d6 f1e2 d6c7 e2e3 c7b7 e3e2 b7b6 e2f2,1528
2r3rk/4R1pp/5p2/2n5/3NP3/5P2/6PP/R5K1 b - -,c5d3 h2h3 d3f4 g1h2 c8a8 a1a8 g8a8 h2g3 f4h5 g3g4,96
8/8/p7/8/PP2k3/2P2rp1/4K3/4R3 b - -,c5d3 h2h3 d3f4 g1h2 c8a8 a1a8 g8a8 h2g3 f4h5 g3g4,Mate
1r1r4/5pk1/pq2nnpp/3p4/8/1P2PP1P/P2QB1P1/2RR1N1K b - -,d8c8 f3f4 c8c1 d2c1 b8d8 c1b2 a6a5 f4f5 e6g5 e2f3,90
1Q6/K7/8/k4pp1/8/6P1/1q3P2/8 b - -,d8c8 f3f4 c8c1 d2c1 b8d8 c1b2 a6a5 f4f5 e6g5 e2f3,Mate
3b4/1p2nnkp/8/pN6/P1r5/6P1/2P2P1P/R4RK1 b - -,d8b6 c2c3 e7d5 f1d1 d5f6 g1g2 g7g6 a1a2 b6c5 b5d4,22
5rk1/1pp2r2/p2p3p/3P2p1/1P1pP1P1/P2BnpKP/2P2R2/R7 b - -,g8g7 c2c3 h6h5 g4h5 d4c3 a1e1 e3g2 e1c1 g2f4 h5h6,-282
2r2rk1/pb1qb1pp/1p2pp2/2pp4/P2P1B2/2PBP3/1P1Q1PPP/R4RK1 b - -,a7a5 h2h3 b7c6 b2b3 e7d6 f4d6 d7d6 f1d1 c6e8 d3a6,28
1r6/p5k1/3p3p/2pPp1pP/8/2pPQ1P1/q1P2R2/2K4R b - -,a7a5 h2h3 b7c6 b2b3 e7d6 f4d6 d7d6 f1d1 c6e8 d3a6,Mate
2krr3/pbppqpb1/1np4p/4P1pP/2P5/2N1R3/PP2QPPB/2KR1B2 b - -,e7b4 a2a3 b4f8 g2g4 f7f6 e3f3 f8e7 e5f6 g7f6 e2e7,110
8/8/5P1p/p4K2/6n1/2k3P1/7P/2N5 b - -,,0
r2qkB1r/pb3ppp/n3pn2/1Np5/8/4PN2/PPP2PPP/R2QKB1R b KQkq -,e8f8 d1d8 a8d8 a2a3 h8g8 h2h4 f6g4 b5a7 a6c7 a3a4,226
r1bq1rk1/ppppppbp/2n2np1/8/2PP1P2/2N3P1/PP2P1BP/R1BQK1NR b KQ -,a7a6 e2e4 d7d6 e4e5 f6e8 g1e2 d6e5 f4e5 f7f6 e5e6,41
8/2R1bk2/1p4p1/p5Pp/P3KP2/1P5P/8/8 b - -,f7f8 e4e5 f8f7 c7b7 h5h4 b7c7 f7f8 e5e6 e7c5 e6f6,816
rnbqk2r/pp2ppbp/2pp1np1/8/8/PQP1P1P1/1P1P1PBP/RNB1K1NR b KQkq -,e7e5 d2d4 e8h8 g1e2 a7a5 e1h1 a5a4 b3c2 c8e6 c3c4,-78
r2r2k1/1p3ppp/pqn1bn2/3p4/3N4/1P2PN1P/P3BPP1/R2Q1RK1 b - -,d8e8 a1c1 c6d4 f3d4 e6d7 e2f3 a8c8 d1d2 f6e4 d2d3,55
r1b1kb1r/ppq2ppp/2n1pn2/1Bpp4/4P3/2PP1N2/PP1N1PPP/R1BQK2R b KQkq -,c8d7 e1h1 h7h6 f1e1 f8e7 b5a4 d5e4 d3e4 a7a6 e4e5,-11
2brr1k1/p1p2ppp/1p2pq2/nQ2N3/3PB3/2P5/PP3PPP/R3R1K1 b - -,f6g5 b2b4 a5b7 b5d3 b7d6 e4h7 g8f8 d3h3 c8b7 h7d3,183
8/4k3/1p6/2P1pp1p/1P5P/3K4/5P2/8 b - -,e5e4 d3e3 b6b5 e3f4 e7f6 c5c6 f6e6 c6c7 e6d7 f4f5,786
k7/1n6/p1n1p2q/1p1pP3/b1pP1pKP/2P2B2/R1P2N2/1RB5 b - -,a4c2 a2a6 a8b8 c1f4 h6g7 f4g5 c6e5 d4e5 c2b1 g4f4,-298
8/8/7p/p3KP2/2k5/4n1P1/7P/2N5 b - -,,0
rnbq1rk1/pp2ppbp/2pp1np1/8/2PP4/2BBPN2/PP3PPP/RN1QK2R b KQ -,c6c5 e1h1 c5d4 e3d4 d6d5 f1e1 b8c6 c4c5 f6e4 d3e4,-3
8/4bk2/1pR3p1/p5P1/P3KP1p/1P5P/8/8 b - -,e7a3 c6b6 a3b2 f4f5 g6f5 e4f5 f7e7 f5g6 b2c1 b6b5,835
2r1r1k1/p2b1pp1/3Bq3/P1p1P2p/3p2nP/1P1P2P1/2P1Q1B1/R3R1K1 b - -,f7f6 g2h3 d7c6 a1c1 c6a8 c2c3 f6e5 e2e5 e6f7 e5f4,-111
2kr2r1/1ppq2pp/1pnp4/4pb2/1P2N3/2PP3P/P4PP1/RN1Q1RK1 b - -,h7h5 b4b5 c6a5 c3c4 d6d5 c4d5 d7d5 d1h5 g7g6 h5e2,-53
8/8/7p/p2nK3/2k2P2/6P1/7P/2N5 b - -,d5e7 g3g4 a5a4 e5e6 e7d5 f4f5 a4a3 h2h4 d5f4 e6d6,18
2rr3k/4R1pp/5p2/2n2N2/4P3/5P2/6PP/R5K1 b - -,g7g6 f5e3 d8d7 e7d7 c5d7 a1a7 d7e5 e3d5 c8f8 f3f4,243
8/5k2/1p4p1/p1R3P1/P3KP1p/1P5P/8/8 b - -,b6c5 f4f5 g6f5 e4f5 f7g7 g5g6 g7g8 f5g4 g8g7 g4g5,Mate
r4rk1/pp1nnppp/4p3/q3P3/3NpP2/2P1B3/PP4PP/R2Q1RK1 b - -,a5a6 d1g4 a8e8 g4e2 a6e2 d4e2 e7f5 g1f2 g7g5 e2g3,28
2r1r1k1/p4pp1/2BBq3/P1p1P2p/3p2nP/1P1P2P1/2P1Q3/R3R1K1 b - -,,0
8/p2k1ppp/1p4b1/4b3/8/1P2P2P/P4PP1/2R3K1 b - -,a7a5 g1f1 g6d3 f1g1 d3f5 c1f1 e5d6 g2g4 f5d3 f1d1,-218
r1bk1bnr/ppp2pp1/2p4p/8/2B1P3/8/PPP2PPP/RNB1K2R b KQ -,g8f6 f2f3 d8e8 a2a4 a7a5 c1e3 f6d7 b1d2 f8c5 e1f2,56
r1bq1rk1/ppp2pbp/2np1np1/4p3/1PPPP3/2N2N2/P3BPPP/R1BQ1RK1 b - -,e5d4 f3d4 c6d4 d1d4 f8e8 d4d1 a7a5 a1b1 f6e4 c3e4,-241
2r3k1/p1r1np1p/bp2p1p1/4P3/q2pN1PB/4R3/PP1Q2BP/3R2K1 b - -,,0
8/1B6/8/2k5/4K3/8/5B2/8 b - -,d4e3 d2d8 c8d8 d1d8 g8g7 h4f6 g7h6 f6g5 h6g7,Mate
r1b1r1k1/p4pp1/2pbqn2/7p/2NPp2P/P5P1/2Q1PPB1/1RB2RK1 b - -,,0
r2qkb1r/pp1bpppp/2np1n2/8/2B1P3/2N5/PPP2PPP/R1BQK1NR b KQkq -,e7e6 g1f3 a7a6 a2a4 d8c7 e1h1 f8e7 d1e2 e8h8 h2h3,-27
2r2rk1/1b1qb1pp/1p2pp2/p1pp4/P2P1B2/2PBP3/1P1Q1PPP/R2R2K1 b - -,b7c6 d2c2 h7h6 d3a6 c8d8 a6e2 e7d6 f4d6 d7d6 a1c1,25
8/5k2/6p1/p1p2PP1/P3K2p/1P5P/8/8 b - -,f7e7 f5g6 e7f8 e4e5 f8g8 g6g7 g8g7 e5f5 g7f7 g5g6,Mate
r2Q1k1r/pb3ppp/n3pn2/1Np5/8/4PN2/PPP2PPP/R3KB1R b KQ -,a8d8 a2a3 h8g8 h2h4 f6g4 f1e2 f8e7 b5a7 a6c7 a7b5,233
rnb1r1k1/4bppp/p2p1n2/q1pP2P1/Pp3B2/5PN1/1PPQN2P/R3KB1R b KQ -,f6d7 e1f2 d7b6 a1d1 b8d7 h2h4 c5c4 e2d4 c8b7 d4c6,-5
8/4k3/8/2P1pp1p/7P/3K4/5P2/8 b - -,e7f6 d3c4 f6e6 c4b5 e6d7 b5b6 f5f4 b6b7 d7e6 c5c6,707
r6k/1pp2Bp1/p2nP2p/8/5R2/P1P4P/1P4P1/6K1 b - -,a8b8 f7g6 h8g8 e6e7 a6a5 f4d4 b7b6 d4d6 c7d6 e7e8q,526
rnb1kb1r/pp2pppp/1qp2n2/8/N1B5/3P4/PPPB1PPP/R2QK1NR b KQkq -,b6d4 g1f3 d4d8 a4c3 b7b5 c4b3 e7e6 d1e2 b8d7 e1h1,53
3b4/1p2nnkp/8/p7/P2N4/6P1/2r2P1P/R4RK1 b - -,c2c4 d4e6 g7f6 e6d8 f7d8 f1d1 d8c6 d1d6 f6f7 g1g2,24
KQ6/8/8/k4pp1/8/6P1/5q2/8 b - -,c2c4 d4e6 g7f6 e6d8 f7d8 f1d1 d8c6 d1d6 f6f7 g1g2,Mate
N1b3k1/bp1q2pp/2np4/p1P1p3/8/P2P2r1/1P2PPB1/1RBQ1RK1 b - -,g3h3 d1b3 g8h8 c1e3 d6c5 g2h3 d7h3 b3d5 h3h4 d5f3,404
r1b1kb1r/1p3ppp/pqn1p1n1/3pP3/NP6/P4N2/4BPPP/R1BQ1RK1 b kq -,b6c7 c1e3 g6e5 f3e5 c7e5 d1d2 f8d6 f2f4 e5f5 a4b6,-40
2brr1k1/p1p2ppp/1p2p3/n3N1q1/3PB3/2PQ4/PP3PPP/R3R1K1 b - -,g5h5 d3g3 f7f6 e4f3 h5h6 e5g4 h6g6 b2b4 a5c4 g3c7,147
r1b1rbk1/p4pp1/2p1qn2/6Bp/2NPp2P/P5P1/2Q1PPB1/1R3RK1 b - -,,0
rnbq1rk1/pp2ppbp/2pp1np1/8/3P4/PQP1P1P1/1P3PBP/RNB1K1NR b KQ -,a7a5 b1d2 a5a4 b3d1 e7e5 g1e2 c8e6 e1h1 b8d7 c3c4,-88
r2q1rk1/pb3pp1/1pn1p2p/4N3/3PB3/2P3P1/P4PP1/R2Q1RK1 b - -,d8c7 e4c6 b7c6 c3c4 f8d8 a1c1 c7b7 f1e1 d8d6 c4c5,-25
6k1/5p1p/6p1/8/1rb1p3/2r5/3RB1PP/4R1K1 b - -,c4e6 h2h4 g8g7 d2d8 c3c5 g1h2 c5c2 d8a8 c2d2 a8a3,-357
8/8/7p/p4p2/Pk3K2/2nN2P1/5P1P/8 b - -,b4a4 f4f5 a4b5 h2h4 a5a4 d3c1 b5c4 g3g4 a4a3 g4g5,124
r2q1rk1/pp1bbppp/2npp3/3nP3/2BP2Q1/5N2/PP3PPP/RNB2RK1 b - -,d5c7 c1h6 c7e8 b1c3 a8c8 c4b3 f7f5 e5f6 f8f6 h6g5,86
8/8/p7/8/PP2k3/2P3p1/5r2/3KR3 b - -,d5c7 c1h6 c7e8 b1c3 a8c8 c4b3 f7f5 e5f6 f8f6 h6g5,Mate
4rnk1/p2b1p2/1q3pP1/3Pr3/1ppNB2R/2P4P/PP2Q1P1/5R1K b - -,f8g6 h4h6 f6f5 e2f3 e5e4 d4f5 d7f5 f3f5 e8e7 h6h5,-291
8/6k1/8/p1p3P1/P5Kp/1P5P/8/8 b - -,f7g6 d4c6 e5f5 e2c4 f5f1 c4f1 g6g5 h4h6 e8e4 h6f6,Mate
r2q1r2/ppp2pkp/1n4p1/4pb2/3p1P2/8/PPPQB1PP/1NKR2NR b - -,d8d5 f4e5 c7c5 b2b3 d5e5 g1f3 e5f6 d2g5 f6g5 f3g5,175
r3kbnr/pp1qp2p/5p2/5bp1/2pP4/2Q2NB1/PP3PPP/RN3RK1 b kq -,g5g4 f3h4 f5d3 f1d1 e7e6 b2b3 a8c8 b3c4 d3c4 c3e1,-97
r3k1nr/pp1b1ppp/1qn1p3/3pP3/1b1P1P2/2N1B3/PP1Q2PP/R3KBNR b KQkq -,g8e7 a1c1 a8c8 g1f3 c6a5 e1f2 h7h6 f1d3 e8h8 g2g4,-43
2K5/4k3/4P3/3Pn3/2n5/2P5/8/8 b - -,e7d6 c8d8 e5g6 d8e8 g6f4 e8f8 f4d5 f8f7 d5e7 f7f6,-148
r2qkb1r/pppbpp1p/5np1/8/2B5/3P4/PPP2PPP/RNBQK2R b KQkq -,b7b5 c4b3 c7c5 a2a4 a7a6 d1e2 f8g7 e1h1 a8c8 f1e1,-27
8/8/6k1/p1p3P1/P6K/1P5P/8/8 b - -,b7b5 c4b3 c7c5 a2a4 a7a6 d1e2 f8g7 e1h1 a8c8 f1e1,Mate
8/8/k4K2/8/8/p6R/8/8 b - -,b7b5 c4b3 c7c5 a2a4 a7a6 d1e2 f8g7 e1h1 a8c8 f1e1,Mate
2brr1k1/p1p2p1p/1p2p1p1/n3N1q1/1P1PB3/2PQ4/P4PPP/R3R1K1 b - -,a5b7 e5c6 b7d6 c6d8 e8d8 a2a4 a7a5 a1d1 h7h5 b4b5,288
7k/p5pp/8/1p6/2r3B1/P1n4P/5PP1/4RK2 b - -,c3e4 g4e2 c4c5 e2b5 c5b5 e1e4 h8g8 g2g3 g7g6 h3h4,96
r2r2k1/1p3ppp/pqn1b3/3p4/3Nn3/1P2PN1P/P3BPP1/2RQ1RK1 b - -,h7h6 d4e6 f7e6 d1c2 b6b4 e2d3 e4f6 c2b2 b4d6 f3d4,67
rnbqk2r/ppp2pbp/4pBp1/3p4/3PN3/4P3/PPP2PPP/R2QKBNR b KQkq -,g7f6 e4f6 d8f6 f2f4 f6h4 g2g3 h4e7 d1d2 b8d7 g1f3,37
2n5/2k5/Pp2P3/1P1Q1p2/B2P1Pn1/5N2/6PP/6K1 b - -,g7f6 e4f6 d8f6 f2f4 f6h4 g2g3 h4e7 d1d2 b8d7 g1f3,Mate
1k6/1p6/2p5/4n2N/5pp1/1P6/P4PP1/1K6 b - -,,0
4b1k1/7p/5pp1/8/P1NNn3/4P1P1/P4P1P/6K1 b - -,e4g3 f2g3 e8a4 c4b6 a4e8 e3e4 g8f7 g1f2 h7h5 f2e3,687
2r2rk1/1b1qb1pp/1p2pp2/pBpp4/P2P1B2/2P1P3/1P1Q1PPP/R4RK1 b - -,,0
8/4k3/p6p/1p4p1/3P1r2/2P2P1b/PP1Br2P/RN4K1 b - -,b7c6 b5c6 d7c6 d2e2 f8f7 f1d1 e7f8 h2h4 f7b7 e2f3,Mate
8/7k/8/p1p3P1/P5K1/1P5P/8/8 b - -,b7c6 b5c6 d7c6 d2e2 f8f7 f1d1 e7f8 h2h4 f7b7 e2f3,Mate
2r4k/R2rR1pp/5p2/2n2N2/4P3/5P2/6PP/6K1 b - -,d7a7 e7a7 g7g6 f5e7 c8f8 h2h4 h8g7 e7f5 g7h8 f5e3,138
8/3k4/8/2P1pp1p/7P/2K5/5P2/8 b - -,f5f4 f2f3 e5e4 f3e4 d7c6 c3d4 c6b5 e4e5 f4f3 d4e3,450
1r3rk1/p2b2pp/1p1qp3/5p2/3PP2Q/P2B4/1P3PPP/2R2RK1 b - -,d6d4 f1d1 b8c8 c1b1 d4f6 h4f6 g7f6 e4f5 e6f5 d3a6,66
2brr1k1/pnp2p1p/1pN1p1p1/6q1/1P1PB3/2PQ4/P4PPP/R3R1K1 b - -,b7d6 c6d8 e8d8 e4f3 h7h5 a2a4 g8g7 d3e2 c8d7 e2a6,288
4rrk1/1ppb2p1/p1nq3p/3p1p2/PP1Pn3/2PB1N1P/2Q1NPP1/R4RK1 b - -,d7e6 b4b5 c6b8 f1c1 c7c6 b5a6 b7a6 a4a5 c6c5 d4c5,56
r1bqkb1r/pp3ppp/2n1pn2/1Bp5/4P3/2P2N2/PP3PPP/RNBQK2R b KQkq -,d8d1 e1d1 f6e4 b5c6 b7c6 c1e3 c8a6 a2a4 e4f6 d1c2,-91
2B5/8/3k4/8/4K3/8/5B2/8 b - -,d8d1 e1d1 f6e4 b5c6 b7c6 c1e3 c8a6 a2a4 e4f6 d1c2,Mate
r1bqk2r/p2pnpbp/2p3p1/4p3/1P2P3/5N2/2PP1PPP/RNBQR1K1 b kq -,f7f5 d2d3 d7d6 c2c4 e8h8 b1d2 a7a5 c4c5 d6d5 d1c2,75
r6k/1pp2Rp1/p3P2p/8/8/P1P4P/1P4P1/6K1 b - -,c7c5 f7b7 h8g8 b7c7 a8e8 c7c5 e8e6 g1f2 g8f8 a3a4,440
1k1r2r1/1ppqn1pp/1p1p4/4pb2/PP6/2PP2NP/5PP1/RN1Q1RK1 b - -,f5e6 c3c4 d6d5 b1d2 d5c4 d2c4 e7g6 f1e1 d7d5 c4e3,-52
rnb1r1k1/1p2bppp/p2p1n2/q1pP4/P4BP1/2N2PN1/1PPQ3P/R3KB1R b KQ -,b7b5 g4g5 b5b4 c3d1 f6d7 d1e3 d7e5 f4e5 e7g5 f3f4,148
r3k2r/pp1bnppp/1qn1p3/3pP3/1b1P1P2/2N1BN2/PP1Q2PP/R3KB1R b KQkq -,a8c8 a1c1 c6a5 e1f2 e8h8 g2g4 a5c4 f1c4 c8c4 a2a3,-46
2bNr1k1/p1p2p1p/1p1np1p1/6q1/1P1PB3/2PQ4/P4PPP/R3R1K1 b - -,e8d8 e4f3 h7h5 a2a4 g8g7 d3e2 c8d7 e2e5 g5f6 a4a5,294
2k4r/ppp2ppp/2nr4/1B6/3PN3/2P5/PP4PP/R2b1R1K b - -,d6d5 b5c4 d5d4 c3d4 d1c2 e4c3 h8d8 f1f7 c6d4 a1f1,542
r1b2rk1/ppp2ppp/3p2n1/7q/3QP3/2N2N2/PPP1BP1P/2KR2R1 b - -,c8g4 g1g3 c7c6 c1b1 g4f3 e2f3 h5c5 d4c5 d6c5 d1g1,403
r1bq1rk1/ppp1ppbp/2np1np1/8/2PP1P2/2N2NP1/PP2P1BP/R1BQK2R b KQ -,f8e8 e1h1 c8g4 h2h3 g4f3 g2f3 e7e5 f3c6 b7c6 d4e5,35
8/4k3/p6p/1p4p1/P2P1r2/2P4b/1P1BrP1P/RN4K1 b - -,f8e8 e1h1 c8g4 h2h3 g4f3 g2f3 e7e5 f3c6 b7c6 d4e5,Mate
8/8/1P6/k1K2pp1/7P/8/5P2/8 b - -,f8e8 e1h1 c8g4 h2h3 g4f3 g2f3 e7e5 f3c6 b7c6 d4e5,Mate
rnb1r1k1/pp3pbp/2p2np1/4p2q/2P1P3/1QN1BNPP/PP3PB1/R4RK1 b - -,c8h3 b3b7 b8d7 b7c6 h3e6 f3h2 e8c8 c6d6 g7f8 d6d2,38
2r4k/R5pp/5p2/2n2N2/4P3/5P2/6PP/6K1 b - -,g7g6 f5e7 c8f8 h2h4 h8g7 e7f5 g7h8 f5e3 c5d3 h4h5,137
8/p7/1p2k1Np/3n1p2/8/1P4P1/P4PKP/8 b - -,d5c3 a2a3 c3b5 g6f4 e6e5 g2h3 b5d4 b3b4 e5e4 a3a4,7
2r3k1/3qp1bp/3pp1p1/ppr5/n3P3/1QP1NPPB/PP5P/1K1R3R b - -,g8f7 e3d5 c5c4 e4e5 c8b8 e5d6 e7d6 b3c2 b5b4 h1e1,-66
r1b1kb1r/3nqppp/p2p4/2pP4/2P5/2p2N2/PP2QPPP/R1B1KB1R b KQkq -,h7h6 b2c3 a8b8 e2e7 f8e7 f1d3 e8d8 e1d1 d7b6 f3d2,25
rnbqkb1r/1p2pp1p/p4np1/3pN3/2PP4/2N5/PP3PPP/R1BQKB1R b KQkq -,f8g7 c4d5 f6d5 d1a4 b8c6 e5c6 d5c3 b2c3 b7c6 c1a3,24
8/2k5/8/2P1pp1p/1K5P/8/5P2/8 b - -,,0
8/6k1/8/p1p3PP/P5K1/1P6/8/8 b - -,f5f4 b4c4 e5e4 c4d4 e4e3 f2e3 f4e3 d4e3 c7c6 e3d4,Mate
4rnk1/p2b1p2/1q3pp1/3PrP2/1ppNB2R/2P2Q1P/PP4P1/5R1K b - -,b4c3 b2c3 g6g5 h4g4 f8h7 h3h4 g8g7 d4c6 d7c6 d5c6,187
3r1rk1/2n1qpbp/6p1/8/1p1P2n1/1N6/1P2NPPP/R1BQ1RK1 b - -,e7d7 h2h3 g4f6 d1d3 f8e8 c1d2 f6d5 f1c1 c7e6 a1a5,55
r3k2r/pp1b1ppp/1qn1p3/3pPn2/1b1P1P2/2N2N2/PP1Q1BPP/R3KB1R b KQkq -,a8c8 f1d3 f5d4 f3d4 c6d4 e1h1 b4c5 g1h1 e8h8 a1c1,-11
r1bqn1k1/pp1nrpb1/2p1p1pp/P1P5/2NP4/5N1P/1P3PPB/RB1QR1K1 b - -,d7f6 f3e5 e8c7 c4d6 c7b5 a5a6 b5d6 c5d6 e7d7 e5d7,499
rnbqk2r/pp2bppp/3p1n2/2pP4/5B2/2N2P2/PPPQ2PP/R3KBNR b KQkq -,b8d7 g1e2 a7a6 e2g3 e8h8 e1a1 b7b5 g3f5 d7e5 f5e7,31
2R3k1/pp1b2p1/7p/3Pp3/6P1/4P2P/PP2B3/5K2 b - -,g8h7 e2d3 g7g6 c8c7 h7g8 c7d7 e5e4 d3e4 g8f8 d7b7,Mate
3b2k1/1p2nn1p/8/p1N5/P7/6P1/5P1P/R4RK1 b - -,e7d5 g1h1 d8e7 c5e4 d5b6 f2f4 g8h8 a1c1 f7d8 c1c7,591
8/7k/8/p1p2KPP/P7/1P6/8/8 b - -,e7d5 g1h1 d8e7 c5e4 d5b6 f2f4 g8h8 a1c1 f7d8 c1c7,Mate
8/p7/1p2k1Np/5p2/8/PPn3P1/5PKP/8 b - -,c3b1 g6f4 e6e5 g2h3 b1d2 b3b4 a7a5 a3a4 d2e4 h3h4,14
2rq1rk1/1b1nbppp/p2p1n2/1p2p3/1P2PP2/2NB2NP/P1PB2P1/R2Q1RK1 b - -,e5f4 f1f4 g7g6 d1e2 f8e8 e2f2 d6d5 e4d5 f6d5 c3d5,-67
1rbq1rk1/p2nn1b1/3Q2pp/2p1pp2/2B1P3/2N1BN2/P4PPP/1R3RK1 b - -,g8h8 b1b8 d7b8 d6b8 e7c6 b8b1 c6d4 f3d2 c8e6 c3d5,336
2r4k/R6p/3N1pp1/2n5/4P3/5P2/6PP/6K1 b - -,c8f8 a7c7 c5e6 c7e7 e6c5 g1f2 h8g8 f2e3 f8d8 e7e8,101
2bk1b1r/R4ppp/1nP1p3/3pP3/1pnP1B2/5N2/4BPPP/6K1 b - -,f8e7 f3d2 d8e8 h2h4 h8f8 g2g3 f7f6 e5f6 f8f6 f4c7,-274
1k1r2r1/1ppqn2p/1p1p4/P3pbp1/1P6/2PP2NP/5PP1/RN1Q1RK1 b - -,e7g6 g3f5 d7f5 a5b6 g6f4 a1a8 b8a8 b6c7 f5d3 d1d3,60
rn1qkb1r/ppp1pppp/4bn2/8/2B5/1Q6/PPPP1PPP/RNB1K1NR b KQkq -,e6c4 b3c4 b8c6 g1f3 d8d5 c4d5 f6d5 d2d3 e7e5 c1d2,-37
3r2k1/Q1p2p1p/1p1np1p1/6q1/1P1P4/2P5/P4PPP/R3R1K1 b - -,d6b5 a7b7 b5c3 a2a4 c3d5 a4a5 d5f4 b7f3 f4d5 a5a6,318
4k3/8/7p/7P/8/6p1/5pK1/8 b - -,d6b5 a7b7 b5c3 a2a4 c3d5 a4a5 d5f4 b7f3 f4d5 a5a6,Mate
rqbr2k1/pp1pbppp/2n1pn2/8/2BNP3/2N4P/PPP2PP1/R1BQR1K1 b - -,b8c7 a2a4 d7d6 c1e3 f6e4 c3e4 d6d5 d4b5 c7b8 e4g5,13
r1b1k2r/p2pnpbp/1qp3p1/4p3/1P2P3/3P1N2/2P2PPP/RNBQR1K1 b kq -,b6b8 c1d2 e8h8 h2h3 h7h6 a1a5 g6g5 c2c4 d7d5 e4d5,100
8/6k1/8/p1P2KPP/P7/8/8/8 b - -,b6b8 c1d2 e8h8 h2h3 h7h6 a1a5 g6g5 c2c4 d7d5 e4d5,Mate
2rq1rk1/1b1nbppp/p4n2/1p1Pp3/1P3P2/2NB2NP/P1PB2P1/R2Q1RK1 b - -,e7b4 c3e4 f6e4 d3e4 b4c5 g1h1 d7f6 e4f3 e5f4 d2f4,-142
8/1k6/8/1KP1pp1p/7P/8/5P2/8 b - -,,0
rn1qkbnr/pp3pp1/2p1p2p/4Pb2/2BP4/P4N2/1P3PPP/RNBQK2R b KQkq -,b8d7 b1c3 g8e7 e1h1 e7d5 c4d3 f5d3 d1d3 f8e7 d3e4,43
rnb1k2r/pp2nppp/3b4/3N4/8/4B3/PPP2PPP/2KR1BNR b kq -,c8e6 f1b5 b8d7 d5f4 d6f4 e3f4 e8a8 g1f3 d7f6 h1e1,419
4rrk1/1ppb2p1/p1nq3p/1P1p4/P2Pnp2/2PB1N1P/2Q1NPP1/R4RK1 b - -,c6e7 g1h1 a6b5 a4b5 d7f5 h1h2 d6f6 e2f4 g7g5 f4e2,27
8/1P6/8/k1K2p2/7p/8/5P2/8 b - -,c6e7 g1h1 a6b5 a4b5 d7f5 h1h2 d6f6 e2f4 g7g5 f4e2,Mate
8/p7/1p2k2p/1n3p2/5N2/PP4P1/5PKP/8 b - -,e6f6 a3a4 b5d4 b3b4 b6b5 a4b5 d4b5 g2h3 b5d4 f4d5,28
8/8/3k4/2r5/4Q3/3K4/8/8 b - -,c5d5 d3c4 d5e5 e4f4 d6e6 f4h6 e6f7 c4d4 e5e6 h6h4,235
8/3k4/7p/7P/8/6p1/5pK1/8 b - -,c5d5 d3c4 d5e5 e4f4 d6e6 f4h6 e6f7 c4d4 e5e6 h6h4,Mate
r1b1k2r/p2pnpbp/2p3p1/4p3/1q2P3/B2P1N2/2P2PPP/RN1QR1K1 b kq -,b4b5 a3d6 c6c5 b1d2 b5c6 d2c4 c8a6 d6e5 e8h8 e5g7,242
rn1qkb1r/p4ppp/bp2pn2/1Npp4/2P5/1P2PN2/PB1P1PPP/R2QKB1R b KQkq -,a6b5 c4b5 b8d7 a1c1 a8c8 f1e2 f8d6 e1h1 e8h8 d2d4,19
r1b1k2r/pp1nqpb1/2p1p1pp/8/2BPN3/4PN2/PP2QPPP/R4RK1 b kq -,e8h8 a1c1 b7b6 f1d1 a7a6 h2h4 c8b7 e4g3 c6c5 h4h5,-9
2B5/4k3/1B6/8/4K3/8/8/8 b - -,e8h8 a1c1 b7b6 f1d1 a7a6 h2h4 c8b7 e4g3 c6c5 h4h5,Mate
4rr1k/p2bqpp1/1p1p3p/n1pPp3/2P1BP2/2P1B2P/P2NQ1P1/3R1RK1 b - -,a5c4 d2c4 e5f4 e3f4 d7b5 e4d3 e7e2 d3e2 e8e2 c4d6,445
rn1qkb1r/pb1p1ppp/4pn2/1pp5/3P4/3Q1NP1/PPP1PPBP/RNB2RK1 b kq -,c5c4 d3d1 f8e7 a2a4 a7a6 b2b3 c4b3 c2b3 e8h8 c1a3,-18
2k4r/ppp2ppp/2n1r3/1BN5/3P4/2P5/PP4PP/R2b1R1K b - -,d1c2 c5e6 f7e6 f1f7 g7g6 a1e1 c2f5 b5c4 h7h5 f7g7,453
7k/p5pp/8/1p3B2/8/P1n4P/5PP1/4K3 b - -,g7g5 e1d2 c3d5 f5e4 d5f4 e4c6 a7a5 c6b5 f4g2 b5f1,95
1r3rk1/p2b2pp/1p2p3/5p2/3qP2Q/P2B4/1P3PPP/2RR2K1 b - -,b8c8 c1b1 d4f6 h4f6 g7f6 e4f5 e6f5 d3a6 c8d8 b1c1,64
2rr2k1/R4pp1/1p5p/2p2q2/8/1Q2P2P/PP3PP1/3R2K1 b - -,d8d1 b3d1 f5f6 d1d5 c8f8 b2b3 f8d8 a7a8 d8a8 d5a8,72
7k/R4N1p/2r2pp1/2n5/4P3/5P2/6PP/6K1 b - -,h8g8 f7h6 g8h8 g1f2 c6a6 a7a6 c5a6 h6f7 h8g8 f7d8,100
8/7k/2P5/p4KPP/P7/8/8/8 b - -,h8g8 f7h6 g8h8 g1f2 c6a6 a7a6 c5a6 h6f7 h8g8 f7d8,Mate
r3r1k1/5Qpp/3Bpp2/p1p1N3/8/q5P1/4PP1P/5RK1 b - -,g8h8 e5d7 a3b2 d6f8 f6f5 e2e3 a5a4 f8c5 b2b3 c5d4,275
8/p7/1p5p/1n2kp2/5N2/PP4PK/5P1P/8 b - -,b5a3 h3h4 b6b5 h4h5 a7a5 h5h6 e5d4 h2h4 b5b4 f4e6,18
8/8/p7/1p1PK3/6p1/2P2k2/P6P/8 b - -,f3g2 e5f4 g2f2 d5d6 f2e2 f4e5 e2d1 d6d7 d1c2 d7d8q,1508
rnbqkb1r/pp3ppp/4p3/2ppP3/4n3/1P1P3N/PBP2PPP/RN1QKB1R b KQkq -,e4g5 h3f4 h7h6 g2g3 c8d7 f1g2 b8c6 e1h1 f8e7 b1d2,61
r1bq1rk1/p4pp1/1pn1p2p/8/1b1P4/P1NB1NP1/1P3PP1/R2Q1RK1 b - -,,0
r2q1rk1/1b2bppp/p1n1pn2/6B1/1P1P4/2N2N2/BP3PPP/2RQR1K1 b - -,h7h6 g5f6 e7f6 c3e4 c6b4 a2b1 b7e4 b1e4 a8b8 g2g3,-26
r1b1k2r/p2pnpbp/1qp3p1/4p3/4P3/B2P1N2/2PN1PPP/R2QR1K1 b kq -,h7h6 d2c4 b6c7 c4d6 e8f8 a3c5 h8h7 d3d4 e5d4 e4e5,339
8/2P3k1/8/p4KPP/P7/8/8/8 b - -,h7h6 d2c4 b6c7 c4d6 e8f8 a3c5 h8h7 d3d4 e5d4 e4e5,Mate
6k1/R6p/2r2ppN/2n5/4P3/5P2/6PP/6K1 b - -,g8h8 h2h4 c5e6 g1h2 c6c7 a7a6 c7e7 h6g4 h8g7 h4h5,132
8/5p2/4p3/7p/N1Pkn3/1P4P1/P2pK3/8 b - -,e4g3 e2d2 h5h4 c4c5 h4h3 c5c6 h3h2 c6c7 g3e4 d2c2,-831
4r3/2p2kp1/2p2p2/1p1P4/2q3P1/PnP2P2/1P6/1Q1RB1K1 b - -,c4e2 d5c6 e2f3 d1d7 f7g8 b1d1 e8e2 d1d5 f3d5 d7d5,-256
8/p7/1p5p/4kp2/1P1n1N2/P5PK/5P1P/8 b - -,a7a5 b4a5 b6a5 a3a4 e5e4 h3g2 e4e5 h2h4 e5d6 g3g4,9
8/8/p7/1p1P4/5Kp1/2P5/P5kP/8 b - -,a7a5 b4a5 b6a5 a3a4 e5e4 h3g2 e4e5 h2h4 e5d6 g3g4,Mate
rn1qk2r/pbp2ppp/1p1Bpn2/3p4/2PP4/P1N1P3/1P3PPP/R2QKBNR b KQkq -,d8d6 a1c1 e8h8 g1f3 c7c5 c4d5 e6d5 d4c5 b6c5 f1e2,17
r1b2rk1/pp1nqpb1/2p1p1pp/8/2BPN3/4PN2/PP2QPPP/R3R1K1 b - -,a7a6 a1c1 b7b6 c4d3 c8b7 e4g3 a6a5 h2h4 c6c5 d3e4,-27
2B5/8/1B1k4/8/3K4/8/8/8 b - -,a7a6 a1c1 b7b6 c4d3 c8b7 e4g3 a6a5 h2h4 c6c5 d3e4,Mate
3b2k1/4nn1p/1p2N3/p7/P7/6P1/5P1P/R4RK1 b - -,e7f5 g1h1 d8f6 a1b1 f7e5 b1b6 e5c4 b6b8 g8f7 f1e1,624
8/7k/7P/6P1/p7/2p5/K7/8 b - -,,0
rnbqkb1r/3ppppp/p4P2/2pP4/2P5/8/PB3PPP/R2QKBNR b KQkq -,d8a5 e1e2 g7f6 f2f4 a5c7 g2g3 d7d6 g1f3 f8g7 e2f2,113
1k1rr3/pbpp1pb1/1np4p/2q1P1pP/2P1N3/4R3/PP2QPPB/1K1R1B2 b - -,c5b4 c4c5 g7e5 h2e5 e8e5 a2a3 b4a5 c5b6 a7b6 b1a2,426
1k1r3r/ppp4p/5np1/4pq2/PPP5/2R5/1B2Q1PP/R5K1 b - -,f6e4 c3f3 d8d2 e2d2 e4d2 f3f5 g6f5 b2e5 h8e8 e5f4,-3
r2qkbnr/ppp3pp/2npbp2/1B2p3/3P4/1P2PN2/PBP2PPP/RN1QK2R b KQkq -,e6d7 b1c3 a7a6 b5c4 g8e7 c4e2 g7g6 d1d2 f8g7 e1a1,113
r2qk2r/pppbnpp1/3p4/3P2p1/2B1R3/Q7/PP3PPP/4R1K1 b kq -,e8h8 e4e7 f8e8 e7e8 d7e8 a3b4 c7c5 d5c6 b7c6 c4d3,-59
2nq1rk1/1QR2p2/3p2p1/1NpPp2p/2P1P2P/5B2/3b1PP1/6K1 b - -,d2e1 g2g3 g8g7 g1f1 e1a5 c7c6 f8h8 f3d1 h8g8 c6a6,169
k7/1n6/p1n1p1q1/1p1pP3/b1pP1K1P/2P2B2/R1P2N2/1RB5 b - -,g6g1 f2g4 g1e1 b1a1 e1c3 h4h5 b7d8 c1e3 d8f7 h5h6,-206
r1bqk2r/p2n1p2/1b5p/1B1p2p1/8/PN2PNP1/5PP1/R2QK2R b KQkq -,d5d4 f3d4 e8f8 d1f3 b6d4 b3d4 d8a5 e1f1 a8b8 f3f5,324
8/3K4/5Q1k/8/8/8/8/6q1 b - -,g1g6 f6g6 h6g6 d7e7 g6g7 e7d6 g7f7 d6c5 f7f6 c5d5,Mate
r1bqk2r/ppp2ppp/2n1pn2/3p4/1bPP4/4P3/PP1BNPPP/R2QKBNR b KQkq -,b4d2 d1d2 d5c4 g1f3 b7b5 b2b3 c4b3 e2c1 b3a2 f1b5,-21
rnbqk2r/p1p2ppp/1p1bpn2/3p4/3P4/P2BPN2/1PPN1PPP/R1BQK2R b KQkq -,c8a6 d3a6 b8a6 d1e2 a6b8 e3e4 f6e4 d2e4 d5e4 e2e4,36
3N2k1/4n2p/1p1n4/p7/P7/6P1/5P1P/R4RK1 b - -,e7f5 f1e1 f5d4 a1d1 d4f3 g1h1 f3e1 d1d6 h7h5 d8e6,718
2rq1rk1/pb2nppp/1p1P4/8/8/4QN2/P3BPPP/R2R2K1 b - -,f8e8 d6d7 e7d5 e3e8 d8e8 d7e8q c8e8 e2f1 d5c3 d1e1,495
4rnk1/p2b1p2/1q3pp1/3PrP2/2pNB2R/2P2Q1P/P5P1/5R1K b - -,b6d8 d4c6 d7c6 d5c6 g6g5 h4g4 d8a5 f1d1 e8d8 d1d8,214
r1bq1rk1/p4pp1/1pn1p2p/8/3P4/P1PB1NP1/5PP1/R2Q1RK1 b - -,,0
2B5/8/2k5/B7/3K4/8/8/8 b - -,c8b7 f1e1 a8c8 a1c1 d8f6 d1a4 c8c7 c1d1 c6e7 f3e5,Mate
r2q2k1/pp1bb1pp/2npp1r1/3n2B1/2BP2QP/5N2/PP3PP1/RN3RK1 b - -,a8c8 b1c3 c6b4 c4b3 d5c3 b2c3 b4d5 b3c2 e6e5 g4h5,76
6q1/3r1pp1/2N1nk2/3rpQ1K/8/5PP1/8/3N4 b - -,a8c8 b1c3 c6b4 c4b3 d5c3 b2c3 b4d5 b3c2 e6e5 g4h5,Mate
2bk1b1r/R4ppp/1nP1p3/3pP1N1/2nP1B2/1p6/4BPPP/6K1 b - -,b3b2 g5f7 d8e8 e2d3 c4a5 f7h8 a5c6 a7c7 c8d7 f4g5,5
5rk1/2p2r2/p2p3p/1p1P2p1/PP1pP1P1/3BnpKP/2P2R2/R7 b - -,h6h5 g4h5 g5g4 a4b5 a6b5 a1g1 f7g7 h5h6 g7g5 g3h4,-189
2Q5/6k1/7P/p4KP1/P7/8/8/8 b - -,h6h5 g4h5 g5g4 a4b5 a6b5 a1g1 f7g7 h5h6 g7g5 g3h4,Mate
2k4r/ppp2Rpp/2n1r3/1BN5/3P4/2P5/PP2b1PP/R6K b - -,e2h5 f7g7 e6e3 b5c6 b7c6 a1f1 c8b8 h2h3 a7a5 f1f6,428
8/8/8/2K2p2/k7/7p/5P1Q/8 b - -,e2h5 f7g7 e6e3 b5c6 b7c6 a1f1 c8b8 h2h3 a7a5 f1f6,Mate
8/8/p7/8/PP6/2Pk4/5rp1/4K1R1 b - -,e2h5 f7g7 e6e3 b5c6 b7c6 a1f1 c8b8 h2h3 a7a5 f1f6,Mate
r2q1rk1/pppbRpp1/3p4/3P2p1/2B5/Q7/PP3PPP/4R1K1 b - -,f8e8 e7e8 d7e8 a3b4 c7c5 d5c6 b7c6 c4d3 a7a5 b4d4,-44
1r1r2k1/p2b2pp/1p2p3/5p2/2RqP2Q/P2B4/1P3PPP/3R2K1 b - -,d4f6 h4f6 g7f6 c4d4 d7e8 d3c4 d8d4 d1d4 e8f7 e4f5,98
8/8/p2P4/1p2K3/6p1/2P5/P5kP/8 b - -,d4f6 h4f6 g7f6 c4d4 d7e8 d3c4 d8d4 d1d4 e8f7 e4f5,Mate
1rr3k1/2q4p/5p2/2pPp1p1/3nP1P1/R5P1/1R3P2/2QB2K1 b - -,,0
r3r2k/3N1Qpp/3Bpp2/p1p5/8/q5P1/4PP1P/5RK1 b - -,e8d8 d6f8 d8f8 d7f8 a3b2 f8e6 a8g8 h2h4 b2b3 f7e7,392
7k/5R1p/2r2ppN/2n5/4P3/5P2/6PP/6K1 b - -,c5d3 h2h4 d3f4 h6g4 f4h5 g4e3 c6d6 g1h2 h5f4 h2g3,82
r1bqk2r/2p2ppp/p1Q5/3n4/3P4/5N2/PP1N1PPP/R3K2R b KQkq -,e8f8 c6a8 g7g5 e1h1 g5g4 f3h4 f8g7 a1e1 d5b6 a8e4,496
2B5/8/8/1k6/3K4/2B5/8/8 b - -,e8f8 c6a8 g7g5 e1h1 g5g4 f3h4 f8g7 a1e1 d5b6 a8e4,Mate
rnbq1rk1/1p2bppp/p2p4/2pP3n/P7/2N1BP2/1PPQN1PP/R3KB1R b KQ -,f7f5 e2f4 h5f4 e3f4 b8d7 f4e3 e7f6 f1e2 f8e8 e3f2,-38
rnbqkb1r/3p1ppp/p4p2/2pP4/2P5/2P5/P4PPP/R1BQKBNR b KQkq -,d8e7 f1e2 d7d6 g1f3 g7g6 d1a4 e7d7 a4b3 d7e7 e1h1,28
rn1r2k1/pb3ppp/2p1p3/q3N3/PbpP4/2N1Q1P1/1P2PPBP/R3K2R b KQ -,b8d7 e5c6 a5b6 d4d5 b4c5 a4a5 b6a6 e3d2 d8e8 e1h1,25
8/p2k4/1p4pp/3nNp2/8/1P4P1/P4PKP/8 b - -,d7d6 e5g6 d5b4 a2a3 b4c2 g2f3 c2a3 f3f4 b6b5 g6h4,17
4r2k/1pp1PRp1/p6p/8/8/P1P4P/1P4P1/6K1 b - -,g7g6 f7f8 h8g7 f8e8 g7f6 e8c8 f6e7 c8c7 e7d6 c7b7,785
rnb1kbnr/ppp2ppp/5q2/3Qp3/8/2P1P3/PP1P1PPP/RNB1KBNR b KQkq -,b8c6 d5b3 e5e4 d2d3 e4d3 f1d3 c6e5 d3f1 f8d6 b1d2,46
rn1qk2r/1p2bppp/p2pbn2/4p3/P3P3/2N2N2/1PP1BPPP/R1BQ1RK1 b kq -,h7h6 c1e3 e8h8 f3d2 d8c7 a4a5 b8d7 d2b3 a8c8 f1e1,3
1k1r3r/ppp4p/6p1/4pq1n/PPP5/5R2/1B2Q1PP/R5K1 b - -,,0
r2q1rk1/pp3ppp/1bn1bn2/3p2B1/N7/1N1Q2P1/PP2PPBP/R4RK1 b - -,d8e7 a4b6 a7b6 d3c3 f8d8 g5f6 e7f6 c3f6 g7f6 f1d1,74
4rn2/p2b1pk1/1q3pP1/3Pr3/2pNB2R/2P2Q1P/P5P1/5R1K b - -,f8g6 d4e6 e8e6 d5e6 b6e6 e4g6 f7g6 f3a8 e6e8 a8e8,367
2rq1rk1/pb3ppp/1pn1p3/3P4/4P3/4QN2/P3BPPP/R2R2K1 b - -,d8d7 d5c6 d7c6 e4e5 c6c3 e3c3 c8c3 f3d4 h7h6 f2f4,330
r5k1/5ppp/pqprb3/3pN3/4n3/1P2P2P/P3BPP1/2RQ1RK1 b - -,f7f5 c1c2 a6a5 d1c1 c6c5 e5d3 a8c8 f1e1 d6c6 e1d1,46
3N2k1/4n2p/3n4/pP6/8/6P1/5P1P/R4RK1 b - -,a5a4 a1a4 h7h5 f1e1 e7d5 a4a7 d5f6 a7a6 f6e4 g1g2,793
rnbqk1nr/ppp1bppp/3p4/4p3/4P3/2P2NP1/PP1P1P1P/RNBQKB1R b KQkq -,f7f5 e4f5 c8f5 d1b3 g8f6 d2d4 b8c6 d4e5 d6e5 f3g5,-26
r1bq1rk1/p3bpp1/1pn1p2p/8/3P4/P1NB1NP1/1P2QPP1/R4RK1 b - -,c8b7 a1d1 e7f6 d3e4 c6a5 f1e1 b7e4 c3e4 a8c8 f3e5,53
8/p2r1k2/1p2RNpp/3n1p2/2N5/1P4P1/P4PKP/8 b - -,f7e6 f6d7 e6d7 c4e5 d7e6 e5g6 d5c3 g6f4 e6e5 a2a3,14
r3kbnr/pppq2pp/2npbp2/1B2p3/3P4/NP2PN2/PBP2PPP/R2QK2R b KQkq -,g8e7 c2c4 e5e4 d4d5 e4f3 d1f3 e6g4 f3g3 a7a6 b5a4,84
rnb2rnk/pp2qpbp/3p2p1/2pPp3/2P1P1P1/2N1B3/PP2BP1P/R2QNRK1 b - -,b7b6 f2f3 f7f5 e4f5 g6f5 e1g2 b8d7 d1d2 f5f4 e3f2,54
4kr2/1p6/8/1P3Q1p/4RP2/6PP/6RK/2qq4 b - -,b7b6 f2f3 f7f5 e4f5 g6f5 e1g2 b8d7 d1d2 f5f4 e3f2,Mate
r3kb1r/ppp1pppp/2n1bn2/3q2N1/2pPP3/2N5/PP3PPP/R1BQKB1R b KQkq -,d5d6 d4d5 e6d7 d5c6 d6c6 e4e5 h7h6 g5f3 f6e4 c3e4,328
k7/1n6/R1n1p1q1/1p1pP3/2pP1K1P/2P2B2/2b2N2/1RB5 b - -,a8b8 b1b5 g6h6 f4g3 h6c1 a6c6 c2a4 b5b7 b8b7 c6e6,-42
r2qk2r/2pb1ppp/p7/3Q4/3P4/5N2/PP1N1PPP/R3K2R b KQkq -,a8b8 d5c5 b8b5 c5a3 d7e6 e1h1 d8d6 a3c3 e8h8 f1e1,550
r1b1r1k1/1p2qpbp/p2P2p1/1Np1n3/8/4P2P/PBQ1BPP1/R3R1K1 b - -,e7f6 b5c7 c8e6 f2f4 e5f3 e2f3 f6b2 c2b2 g7b2 a1b1,425
r2q1rk1/ppb2ppp/2n1bn2/2Np2B1/8/1N1Q2P1/PP2PPBP/R4RK1 b - -,a8c8 c5b7 d8e7 b7c5 e6g4 f1c1 c7b6 c5a4 g4e2 d3d2,93
rnbqkb1r/1p3ppp/p3pn2/2pp4/2PP1B2/2N1P3/PP2BPPP/R2QK1NR b KQkq -,c5d4 d1d4 b8c6 d4d2 e6e5 f4g5 d5d4 e3d4 e5d4 c3d5,-18
rnbqk2r/pppp1pbp/4pnp1/6B1/3PN3/4P3/PPP2PPP/R2QKBNR b KQkq -,h7h6 e4f6 g7f6 g5f6 d8f6 f1e2 c7c5 g1f3 b7b6 d1d2,38
rn2k2r/pp2np1p/3Rbp2/8/8/4B3/PPP2PPP/2K2BNR b kq -,h8g8 f1b5 b8d7 g1e2 e7f5 d6d3 a7a6 b5d7 e6d7 e2f4,481
5q2/3K4/7k/8/8/8/8/8 b - -,h8g8 f1b5 b8d7 g1e2 e7f5 d6d3 a7a6 b5d7 e6d7 e2f4,Mate
r2qk2r/pb1nbppp/1p2pn2/8/2PNN3/1P1B4/P1Q2PPP/R1B2RK1 b kq -,d7c5 e4c5 e7c5 d4f3 b7f3 g2f3 d8c7 b3b4 c5d6 c4c5,-85
r4rk1/1pp1nppp/p2bp3/1Q6/3PN3/4P2P/PP1B1PP1/R2R2K1 b - -,a6b5 e4d6 c7d6 d2e1 a8a6 d1d3 f8a8 a2a3 f7f5 d3b3,45
8/5p2/4p3/2P4p/N3n3/1P1pk1P1/P7/3K4 b - -,a6b5 e4d6 c7d6 d2e1 a8a6 d1d3 f8a8 a2a3 f7f5 d3b3,Mate
8/8/B1k5/8/3K4/2B5/8/8 b - -,a6b5 e4d6 c7d6 d2e1 a8a6 d1d3 f8a8 a2a3 f7f5 d3b3,Mate
rnbqk1nr/pppp1ppp/8/2b1p3/2B1P2P/8/PPPP1PP1/RNBQK1NR b - -,g8f6 b1c3 c7c6 d1f3 d7d5 c4b3 c8e6 d2d3 h7h6 g1e2,-32
r1bqk2r/ppp2ppp/2n1pn2/3p4/2PP4/4P3/PP1QNPPP/R3KBNR b KQkq -,d5c4 g1f3 a8b8 e2g3 b7b5 b2b3 c4b3 a2b3 a7a6 f1d3,-24
3N2k1/4n2p/8/Rn6/8/6P1/5P1P/5RK1 b - -,b5d4 g1g2 d4b3 a5g5 g8f8 f1e1 b3d4 g5a5 d4c2 d8e6,949
2rq1rk1/pb3ppp/1pn5/3P4/8/4QN2/P3BPPP/R2R2K1 b - -,d8f6 d5c6 b7c6 e3e5 f6e5 f3e5 c6a4 d1d4 b6b5 e5g4,349
r4rk1/1pp1nppp/3bp3/1p6/3PN3/4P2P/PP1B1PP1/R1R3K1 b - -,f8c8 c1c3 d6b4 c3b3 b4d2 e4d2 c7c6 a2a3 e7d5 d2e4,26
2r3k1/2q4p/5p2/2pPp1p1/3nP1P1/R5P1/1Q3P2/3B2K1 b - -,,0
4rn2/p2b2k1/1qN2pp1/3Pr3/2p1B2R/2P2Q1P/P5P1/5R1K b - -,e5f5 e4f5 d7f5 h4g4 g7h8 g4c4 f8h7 c4h4 h8g7 c6d4,508
7k/5R1p/3r1ppN/2n5/4P2P/5P2/6P1/6K1 b - -,c5d7 f7e7 d7e5 f3f4 e5c6 e7c7 c6d8 f4f5 g6f5 h6f5,242
r2r2k1/1p3pp1/1n4p1/pPq5/P3R3/5N2/5PPP/R3Q1K1 b - -,b6d5 a1c1 c5a3 h2h3 d5f6 e4c4 d8d7 c4c8 d7d8 c8a8,47
1k6/1n6/R1n1p1q1/1R1pP3/2pP1K1P/2P2B2/2b2N2/2B5 b - -,g6h6 f4g3 h6c1 a6c6 c2a4 b5b7 b8b7 c6e6 c1c3 h4h5,-42
8/p2r1k2/1pR2npp/5p2/2N5/1P4P1/P4PKP/8 b - -,f7g7 c4e5 d7e7 f2f4 g6g5 g2f3 f6d5 c6g6 g7h7 g6d6,19
5rk1/8/p6p/1p2R3/3P1p2/2P4b/PP1BrP1P/RN4K1 b - -,,0
rnbqk2r/ppp2p1p/4pbp1/3p4/3P4/2N1P3/PPP2PPP/R2QKBNR b KQkq -,c7c5 d1d2 b8c6 g1f3 a7a6 g2g3 e8h8 f1g2 d8a5 h2h4,-61
8/8/6K1/5r2/6k1/8/8/8 b - -,c7c5 d1d2 b8c6 g1f3 a7a6 g2g3 e8h8 f1g2 d8a5 h2h4,Mate
8/1k6/5Q2/8/6K1/8/8/8 b - -,c7c5 d1d2 b8c6 g1f3 a7a6 g2g3 e8h8 f1g2 d8a5 h2h4,Mate
8/2k5/8/1KP1pp1p/7P/5P2/8/8 b - -,f5f4 b5c4 c7c6 c4d3 c6c5 d3e4 c5d6 e4f5 d6d5 f5g5,-6046
7k/3n1R1p/3r1ppN/8/4P2P/5P2/6PK/8 b - -,d6d2 h6g4 f6f5 e4f5 g6f5 f7f5 h8g7 f5g5 g7f8 g5a5,355
2b1rr1k/p3qpp1/1p1p1n1p/n1pP4/2P1PB2/2PQ3P/P1BN2P1/3R1RK1 b - -,g7g5 f4h2 f6d7 e4e5 f7f5 e5e6 f5f4 e6d7 c8d7 d1e1,338
4rRk1/1pp1P1p1/p6p/8/8/P1P4P/1P4P1/6K1 b - -,e8f8 e7f8q g8f8 g1f2 f8f7 f2e3 f7e6 e3e4 h6h5 e4f4,Mate
r1bq1rk1/pp2ppbp/3p1np1/n1p5/2PP1P2/1PN2NP1/PB2P1BP/R2QK2R b KQ -,c8d7 d4c5 d7c6 d1c1 d6c5 e1h1 d8b6 f1e1 f6e4 c3e4,48
4rrk1/1ppbn1p1/p2q3p/1P1p4/P2PBp2/2P2N1P/2Q1NPP1/R4RK1 b - -,g7g5 e4d3 g8h8 b5a6 g5g4 h3g4 d7g4 f3e5 f4f3 a6b7,403
r1r3k1/1p3ppp/3ppn2/1p6/3PP3/P4P1P/1P1B2P1/R1R3K1 b - -,c8c4 c1c4 b5c4 a1c1 b7b5 g1f2 h7h6 c1e1 d6d5 d2b4,7
r1b1kb1r/ppp2ppp/2n1p3/3q4/4Q3/1P1B4/PBPP1PPP/R3K1NR b KQkq -,c6b4 g1e2 f7f6 e2c3 b4d3 c2d3 d5d7 e1h1 f8d6 a1c1,-53
8/2k5/7P/1P4p1/8/4p3/5p2/5K2 b - -,c8d7 a2a3 d5e4 d3e4 f7f5 e4d3 e8a8 d3c4 e6e5 e1a1,Mate
8/3k4/8/1B6/3K4/2B5/8/8 b - -,c8d7 a2a3 d5e4 d3e4 f7f5 e4d3 e8a8 d3c4 e6e5 e1a1,Mate
r2q1rk1/pp3ppp/1bn1bn2/3p2B1/8/1NNQ2P1/PP2PPBP/R2R2K1 b - -,b6f2 g1h1 f2b6 d3f3 c6e5 g5f6 g7f6 f3f4 e5g4 b3d4,-89
r2q1rk1/1b1nbppp/p2p3Q/1p1N2P1/3Bp3/1P6/1PP2P1P/2KR2R1 b - -,e7g5 g1g5 d8g5 h6g5 f7f6 g5f5 d7e5 f5e6 g8h8 d5e3,486
3r1k2/pN6/1p2Rbpp/3n1p2/2N5/1P4P1/P4PKP/8 b - -,d8d7 b7d6 d7e7 e6e7 d5e7 h2h4 h6h5 c4e3 a7a6 d6c4,-5
r1r3k1/1p3ppp/4pn2/1p1pP3/3P4/P4P1P/1P1B2P1/R1R3K1 b - -,f6d7 g1f2 d7f8 f2e3 f8g6 g2g4 f7f6 e5f6 g7f6 d2b4,18
1k6/1n6/R1n1p2q/1R1pP3/2pP3P/2P2BK1/2b2N2/2B5 b - -,h6c1 a6c6 c2a4 b5b7 b8b7 c6e6 c1c3 h4h5 a4c2 h5h6,-47
r1q2Nk1/pppb1pp1/3p2np/3P4/2B1R3/1Q6/PP3PPP/4R1K1 b - -,g6f8 c4d3 d7f5 e4c4 b7b5 c4c2 f5d3 b3d3 f8g6 d3b5,248
r1bqn1k1/pp2rpb1/2p1pnpp/P1P1N3/3P4/5N1P/1P3PPB/RB1QR1K1 b - -,f6d5 a5a6 e8c7 h3h4 c7b5 d1d3 d5b4 d3d2 b4d5 b1c2,441
rn3r1k/pp2q1bp/2ppbn2/4pp2/2P5/2NPB1PP/PP1QNPB1/4RRK1 b - -,b8a6 f2f4 f6h5 g1h2 a6c7 b2b3 e6d7 g2f3 d7e8 b3b4,56
3r1k2/p5b1/1p1NR1pp/3n1p2/2N5/1P4P1/P4PKP/8 b - -,d5e7 f2f4 g7d4 b3b4 d8d7 c4e5 d4e5 f4e5 d7c7 a2a4,53
4rrk1/1ppbn1p1/p2q3p/1P6/P2PQp2/2P2N1P/4NPP1/R4RK1 b - -,a6b5 a4b5 d7b5 e4c2 b5c6 c2d3 e7g6 e2c1 c6e4 d3d1,-87
3rr1k1/2n1qpbp/6p1/8/1p1P2n1/1N4N1/1P3PPP/R1BQ1RK1 b - -,e7d7 a1a7 g4f6 c1f4 f6d5 f4c7 d5c7 d1f3 d8a8 a7b7,53
r1bqkb1r/pppn1ppp/4pn2/8/3PN3/3B4/PPPQ1PPP/R1B1K1NR b KQkq -,,0
r2q1rk1/1b1nbp1p/p2p3P/1p1N4/3Bp3/1P6/1PP2P1P/2KR2R1 b - -,e7g5 d5e3 f7f5 h2h4 f5f4 g1g5 d8g5 h4g5 f4e3 d4e3,-539
3r1k2/p5b1/1p1N1npp/5p2/2N5/1P4P1/P3RPKP/8 b - -,f8g8 e2e6 g8h7 h2h4 d8d7 c4e5 d7c7 h4h5 g6h5 d6f5,72
r2q1rk1/pb3pp1/1pn1p2p/8/3P4/P1PB1NP1/4QPP1/R4RK1 b - -,a8c8 a1d1 d8f6 f3h2 f6e7 f1e1 f8d8 h2g4 h6h5 g4h2,-15
6k1/1R3p2/2p2n1p/2p5/2P2N2/4N1P1/PP1r1P1P/1b4K1 b - -,b1a2 g1f1 a2b1 f1e1 d2d7 b7b3 g8g7 e1e2 h6h5 b3b6,210
4r1k1/p2b2p1/1p5p/1B1Pp3/1R4P1/4P2P/PP6/5K2 b - -,e8f8 f1e2 d7b5 b4b5 e5e4 d5d6 f8d8 b5d5 g8f7 d5d4,448
r3k2r/pp1nnp1p/3Rbp2/1B6/8/4B3/PPP2PPP/2K3NR b kq -,h7h5 g1e2 e7f5 b5d7 e6d7 d6f6 f5e3 f2e3 d7c6 f6f2,533
1k6/1n6/2R1p3/1R1pP3/2pP3P/2P2BK1/2b2N2/2q5 b - -,c2a4 b5b7 b8b7 c6e6 c1c3 h4h5 c3e3 h5h6 a4c2 f2g4,-40
R2N2k1/4n2p/8/8/3n4/6P1/5P1P/5RK1 b - -,g8g7 g1g2 e7g6 a8a7 g7f6 a7f7 f6e5 f1e1 e5d6 e1d1,915
2r2rk1/pp3ppp/1q2p3/4P3/1b1PN1P1/8/P4QKP/2R2R2 b - -,c8c1 f1c1 b6d8 c1c2 d8d5 f2e3 b4a5 g2h3 a5b6 c2d2,-204
4r1k1/p5p1/1p5p/1R1Pp3/6P1/4P2P/PP6/5K2 b - -,e8c8 f1e2 g8f7 e2d3 c8c1 d3e4 f7f6 b2b3 c1h1 d5d6,237
6k1/2pr1p1p/Qp1np1p1/6q1/1P1P4/2P5/P4PPP/R3R1K1 b - -,d7d8 a6d3 b6b5 e1e5 g5f6 d3e2 d8a8 e5c5 a8a3 c5c7,401
rn3rk1/p5pp/3p1q2/2pP2Bn/1pP3b1/5PP1/PP2NKB1/R1Q4R b - -,f6f3 g2f3 f8f3 f2g2 b8d7 h1h4 a8f8 g5f4 h5f4 e2f4,335
r2r2k1/pb1n1ppp/2p1p3/q7/PbNP4/2N1Q1P1/1P2PPBP/R3K2R b KQ -,a5a6 c4e5 c6c5 e1h1 c5d4 e3d4 b4c3 d4c3 b7g2 g1g2,18
3r1k2/p5b1/1p1NRnpp/5p2/2N5/1P4P1/P4P1P/6K1 b - -,f5f4 c4e5 f4g3 e5g6 f8g8 h2g3 f6d5 d6f5 h6h5 e6c6,148
r3k2r/pp1B1p1p/3Rbp2/5n2/8/4B3/PPP2PPP/2K3NR b kq -,e8d8 d7e6 f5d6 e6h3 h8e8 g1e2 d6c4 h1d1 d8c7 e3f4,889
8/R4pk1/4p1pp/3p4/3q4/7P/5PP1/Q5K1 b - -,e6e5 a1d4 e5d4 g1f1 d4d3 f1e1 g7f6 e1d2 f6f5 a7f7,794
4rn2/p5k1/1q3pp1/3PNb2/2p1B2R/2P2Q1P/P5P1/5R1K b - -,f5e4 h4e4 f6f5 e5c4 b6d8 e4e8 d8e8 c4d6 e8e5 d6f5,665
rnb1kb1r/1p3ppp/p3pn2/q1pp4/2PP1B2/2N1PN2/PP2BPPP/R2QK2R b KQkq -,c5d4 e3d4 d5c4 f3e5 b8c6 e5c6 b7c6 e1h1 f8b4 e2c4,60
2r3k1/1p3pp1/6p1/pP6/P6P/q1n1RN2/5PP1/4Q1K1 b - -,f7f6 e3e7 a3d6 e7b7 c3a4 b7a7 a4c5 e1c3 a5a4 h4h5,26
4r2k/1pR3p1/p3P2p/8/8/P1P4P/1P4P1/6K1 b - -,e8e6 c7b7 h6h5 g1f2 h8g8 b7b4 g8f7 b4d4 f7f6 b2b4,429
r1b1kb1r/1p3ppp/pqn1p1n1/3pP3/1P6/P1N2N2/1B2BPPP/R2Q1RK1 b kq -,b6d8 f1e1 f8e7 c3a4 e8h8 e2d3 c8d7 a1c1 a8c8 g2g3,-25
3r2k1/pp2bppp/1q2p3/2N1P3/3P2P1/6K1/P4Q1P/2R5 b - -,h7h6 c1f1 d8f8 c5e4 f7f5 e5f6 e7f6 f2g2 b6c7 g3h3,-262
r1k4r/pbpn2Qp/1p1NB3/4p1b1/4P1n1/3P4/PPP2q1P/RN1K3R b KQkq -,,0
8/6Q1/8/3k4/2r5/8/3K4/8 b - -,c4c6 g7d7 c6d6 d7e7 d5c5 d2c3 c5d5 e7g5 d5c6 c3c4,209
7k/4R2p/3r1ppN/4n3/4P2P/5P2/6PK/8 b - -,d6d7 e7d7 e5d7 h6f7 h8g7 f7d6 d7c5 h2g3 c5e6 g3f2,86
2b2rk1/2q1bppp/p2p4/1p1Bn1P1/4P3/4B3/PPP1QP1P/2KR3R b - -,c8d7 f2f3 f8c8 c1b1 a6a5 c2c3 d7e6 h2h4 e5c4 b1a1,615
4B3/8/7k/5K2/8/8/3B4/8 b - -,c8d7 f2f3 f8c8 c1b1 a6a5 c2c3 d7e6 h2h4 e5c4 b1a1,Mate
rn3rk1/p5pp/3p2q1/2pP3n/1pP2Bb1/5PP1/PP2NKB1/R1Q4R b - -,h5f4 e2f4 g6f6 f3g4 f6d4 f2e1 b8d7 c1c2 d4e3 e1f1,196
r3r2k/3N1Qpp/3Bpp2/p1p5/4P3/6P1/1q3P1P/5RK1 b - -,b2d4 e4e5 f6e5 d6e5 d4g4 d7b6 e8f8 f7c7 a8e8 h2h3,296
r4rk1/p4pp1/1p2bb1p/2p5/P2pPP2/2PP4/1P4BP/R1B2RK1 b - -,f6d8 f4f5 e6d7 c1f4 a8c8 f4g3 c5c4 c3d4 c4d3 f1d1,42
8/5p2/4p3/2P4p/N7/1P1pk1P1/P4n2/2K5 b - -,f6d8 f4f5 e6d7 c1f4 a8c8 f4g3 c5c4 c3d4 c4d3 f1d1,Mate
8/8/p7/8/PP6/2Pk4/r5p1/2K3R1 b - -,f6d8 f4f5 e6d7 c1f4 a8c8 f4g3 c5c4 c3d4 c4d3 f1d1,Mate
r4rk1/pbqnppbp/2pp1npB/1p6/3PP3/P1NB1N1P/1PPQ1PP1/R4RK1 b - -,f8e8 f1e1 e7e5 h6g7 g8g7 d4e5 d6e5 c3e2 h7h6 e2g3,15
7k/1R4p1/p3r2p/8/8/P1P4P/1P4P1/6K1 b - -,h8g8 g1f2 g8f8 b7b4 f8e7 b4d4 e6f6 f2e2 e7e6 c3c4,457
r1b1kb1r/2qp1ppp/p3pP2/1p6/3N1P2/2N1B1Q1/PnP3PP/2KR1B1R b kq -,f8a3 c3b1 c7a5 d1e1 g7f6 d4b3 a5b4 b1a3 b4a3 e3d4,317
2q2rk1/2pb1p2/pr1p3p/1p1Pp1pn/4Pn2/2PB1N1P/1P3PPK/R2QR1N1 b - -,f7f5 d3c2 h5f6 f3d2 g5g4 f2f3 g4g3 h2h1 g8h8 d2f1,-174
rk5Q/pbpn3p/1p1NB3/4p1b1/4P1n1/3P4/PPP2q1P/RN1K3R b KQ -,d7f8 e6g4 c7d6 h1e1 a7a6 h8g8 f2f4 h2h3 b8a7 g8b3,-56
3r1k2/p5b1/1p1N2pp/5p1n/2N5/1P4P1/P3RP1P/6K1 b - -,h5f6 e2e6 f8g8 h2h4 g8h7 g1g2 d8d7 c4e5 d7c7 h4h5,72
B1b2rk1/2q1bppp/p2p4/1p2n1P1/4P3/4BP2/PPP1Q2P/2KR3R b - -,c8e6 a8d5 e5c4 c1b1 f8c8 e3c1 e6d5 d1d5 b5b4 h1d1,583
1k6/1R6/2R1p3/3pP3/b1pP3P/2P2BK1/5N2/2q5 b - -,b8b7 c6e6 c1c3 h4h5 c3e3 h5h6 a4c2 f2g4 e3e1 g3h3,-43
r2q1rk1/pb3pp1/1p2p2p/n3N3/3P4/P1PB2P1/4QPP1/R4RK1 b - -,a8c8 a1c1 a5c6 e5g4 c6e7 f1d1 d8d5 g4e3 d5g5 c3c4,-11
2r3k1/p5p1/1p5p/1R1Pp3/6P1/4P2P/PP2K3/8 b - -,g7g5 e2d3 g8f7 a2a4 c8c1 a4a5 c1h1 a5b6 a7b6 b5b6,389
5Q2/1p6/4R3/kP5p/5P2/6PP/R6K/2qq4 b - -,g7g5 e2d3 g8f7 a2a4 c8c1 a4a5 c1h1 a5b6 a7b6 b5b6,Mate
8/1k6/4R3/3pP3/b1pP3P/2P2BK1/5N2/2q5 b - -,c1c3 h4h5 a4c2 h5h6 c3e3 e6f6 b7c7 f2g4 e3e1 g3h3,-24
R2N2k1/4n2p/8/8/8/5nP1/5PKP/5R2 b - -,c1c3 h4h5 a4c2 h5h6 c3e3 e6f6 b7c7 f2g4 e3e1 g3h3,Mate
r3k2r/2qnbppp/p1bpp3/8/1BP1P3/2N3P1/PP3PBP/R2QR1K1 b kq -,d7e5 a1c1 c6b7 b4a3 a8d8 h2h4 h7h5 d1e2 e8h8 c3d1,141
5rk1/2p2r2/p2p4/1p1P2pP/PP1pP3/3BnpKP/2P2R2/R7 b - -,g5g4 a4b5 a6b5 a1g1 f7g7 h5h6 g7g5 g3h4 g5g6 h4h5,-199
3r2k1/1p2bppp/4p3/p3P3/1q1P2P1/1N4K1/P3Q2P/2R5 b - -,a5a4 c1c4 b4a3 e2e3 a4b3 a2b3 a3a1 c4c7 e7f8 c7c3,-512
8/8/p7/8/PP6/2Pk4/r5p1/4K1R1 b - -,a5a4 c1c4 b4a3 e2e3 a4b3 a2b3 a3a1 c4c7 e7f8 c7c3,Mate
1rbk1b1r/3nQppp/p2p4/2pP4/2P5/2P2N2/P4PPP/R1B1KB1R b KQ -,d8e7 c1g5 d7f6 f1d3 h7h6 g5d2 e7d8 e1a1 g7g5 h2h4,89
6k1/4bpp1/q3p2p/3p4/1p2nP2/pP1PP3/P3B1PP/2B1Q1K1 b - -,e4c3 e1d2 a6c6 d3d4 c3a2 c1a3 b4a3 d2a2 c6c1 g1f2,-522
3r1k2/p5b1/1p4pp/5p1n/2N1N3/1P4P1/P2R1P1P/6K1 b - -,d8d2 e4d2 f8e7 d2f3 e7e6 g1f1 f5f4 f1e2 g6g5 e2d3,-13
2b2rk1/2q1bppp/p2p4/1p1B2P1/2n1P3/4BP2/PPP1Q2P/2KR3R b - -,c8b7 c1b1 a6a5 h2h4 a5a4 e3d4 b7d5 e4d5 f8c8 f3f4,650
rn1qkb1r/p1p1nppp/bp2p3/3pP3/3P4/2NB1N2/PPP2PPP/R1BQ1RK1 b kq -,h7h6 c3b5 e7g6 h2h4 c7c6 h4h5 g6e5 f3e5 a6b5 d3b5,85
8/p2n2k1/1q3pp1/3P4/2Q5/2P4P/P5P1/5R1K b - -,b6d8 c4c6 d8e7 c6e6 e7f7 c3c4 d7c5 e6f7 g7f7 f1e1,561
5Q2/1p6/8/1k2R2p/5P2/6PP/R6K/2qq4 b - -,b6d8 c4c6 d8e7 c6e6 e7f7 c3c4 d7c5 e6f7 g7f7 f1e1,Mate
r1bqk2r/3nbpp1/p6p/3N4/5B2/4Q3/PPP1BPPP/2K4R b kq -,e8f8 h1d1 e7c5 e3c3 f8g8 d5c7 d8e7 e2d3 c8b7 c7a8,-22
7k/3r3p/4RppN/4n3/4P2P/5P2/6PK/8 b - -,h8g7 f3f4 e5d3 h6g4 d3f4 e6f6 f4d3 f6c6 d7e7 h2g3,21
6k1/p5p1/1p5p/1R1Pp3/6P1/3KP2P/PPr5/8 b - -,a7a6 d3c2 a6b5 c2b3 g8f7 b3b4 f7e7 e3e4 e7d6 b4b5,651
r2r2k1/pb1n1ppp/q1p1p3/4N3/Pb1P4/2N1Q1P1/1P2PPBP/R3K2R b KQ -,c6c5 e1h1 c5d4 e3d4 b7g2 g1g2 b4c3 d4c3 d7e5 c3e5,20
6k1/5p1p/6p1/8/1rbRp3/4r3/4B1PP/4R1K1 b - -,e3e2 e1e2 b4b1 g1f2 c4e2 f2e2 f7f5 d4d7 b1b2 e2f1,-392
rnbq1rk1/1p2b1pp/p2p4/2pP1p1n/P4N2/2N1BP2/1PPQ2PP/R3KB1R b KQ -,h5f4 e3f4 b8d7 g2g3 e7f6 f1e2 f8e8 h2h4 f6d4 e1f1,-38
r1b1kbnr/1pq2ppp/p1B1p3/2ppP3/8/5N2/PPPP1PPP/RNBQK2R b KQkq -,c7c6 d2d4 g8e7 e1h1 e7f5 b1c3 b7b6 c3e2 a6a5 c2c3,-10
r1b2rk1/p2n2pp/3p1q2/2pP3n/1pP2p2/P4PP1/1P1BNKBP/R1Q4R b - -,d7e5 f2g1 f4g3 h2g3 e5f3 g2f3 f6f3 c1f1 f3d3 f1e1,-386
rnbq1rk1/p2n1pbp/1pp1p1p1/4P3/4Q3/2N1BN1P/PPP2PP1/2KR1B1R b - -,d8e7 h3h4 c8a6 h4h5 a6f1 h1f1 b8a6 h5h6 g7h8 e3g5,215
8/3r2kp/4RppN/4n3/4PP1P/8/6PK/8 b - -,e5d3 h6g4 d7f7 h2g3 d3c5 e6e8 c5e4 e8e4 f6f5 e4e5,11
6k1/8/p4r1p/1p2R3/3P1B2/2P4b/PP2rP1P/RN4K1 b - -,,0
5rk1/2p2r2/p2p4/1P1P3P/1P1pP1p1/3BnpKP/2P2R2/R7 b - -,a6b5 a1g1 f7g7 h5h6 g7g5 g3h4 g5g6 h4h5 g4g3 h5g6,-193
rnbq1rk1/1p2b1pp/p2p4/2pP1p2/P4B2/2N2P2/1PPQ2PP/R3KB1R b KQ -,b8d7 f1e2 g7g5 f4g3 f5f4 g3f2 d7e5 a4a5 c8f5 a1a4,-27
r2q1rk1/pp3ppp/1bn1bn2/3p2B1/8/1NNQP1P1/PP3PBP/R4RK1 b - -,c6e5 d3b5 e5g4 a1d1 h7h6 g2d5 g4f2 f1f2 h6g5 d5e6,79
2k3nb/1pp1pp2/pq2b1p1/8/Qn6/2NrBNP1/PP2PPB1/R3K3 b - -,b6c6 a4c6 b4c2 e1f1 b7c6 e2d3 c2a1 e3d4 h8f6 d4f6,37
r6r/pp2kp1p/3n1p2/8/8/4B2B/PPP2PPP/2K3NR b - -,h8d8 g1e2 e7f8 e2g3 f6f5 h1d1 d6c4 e3c5 f8g8 c5d4,861
R2N2k1/4n2p/8/8/8/6P1/3n1PKP/3R4 b - -,b7b6 g1f3 h8e8 h1d1 f6f5 e3g5 f7f6 g5f4 a8d8 f3d4,Mate
r3k2r/1bqp3p/p1nbpn2/1p2p3/2pPN3/2P3B1/PPBN1PPP/R2QR1K1 b kq -,h8f8 e4d6 c7d6 d4e5 c6e5 e1e5 f8g8 e5e1 d6d5 d2e4,539
8/7k/7P/p1p3P1/8/8/1K6/8 b - -,,0
7r/1pp1kppp/p1pb4/8/4PP2/2N1P1P1/PPP5/3R2K1 b - -,d6b4 c3e2 f7f6 g1f2 b4d6 e2d4 g7g6 g3g4 h7h6 d4f3,64
5rk1/2p2r2/3p4/1B1P3P/1P1pP1p1/4npKP/2P2R2/R7 b - -,g4h3 g3h3 f7g7 b5d3 e3g4 f2f1 f3f2 e4e5 g4e3 d3g6,-305
4rrk1/1ppbn1p1/p2q3p/1P1p4/P2Pnp2/2PB1N1P/2Q1NPP1/R3R1K1 b - -,e4g5 f3e5 c7c5 b5c6 e7c6 e5g6 f4f3 h3h4 g5e6 e2g3,20
2q2r1k/2pb1p2/pr1p3p/1p1Pp1p1/4PnP1/2P2N1P/1P3P1K/R3RQN1 b - -,h6h5 g4h5 f8g8 b2b4 c8d8 e1e3 g5g4 f3e1 b6b8 a1a6,-309
5k2/p5b1/1p4pp/5p1n/2N5/1P4P1/P2N1P1P/6K1 b - -,f8e7 d2f3 e7e6 g1f1 g6g5 f1e2 g5g4 f3h4 f5f4 e2d3,-7
2nq1rk1/1Q3p2/2Rp2p1/bNpPp2p/2P1P2P/5B2/5PP1/6K1 b - -,g8h7 g2g3 h7g7 g1g2 f8h8 g2f1 h8f8 c6a6 d8f6 f1g2,192
8/3r3p/4Rppk/4P3/4P2P/8/6PK/8 b - -,f6e5 h2g3 h6g7 e6e5 g7f6 e5c5 d7d1 h4h5 g6h5 c5h5,11
8/P7/1P6/8/4k3/6Pp/r6P/5N1K b - -,f6e5 h2g3 h6g7 e6e5 g7f6 e5c5 d7d1 h4h5 g6h5 c5h5,Mate
6k1/p5p1/1p1P3p/1R2p3/6P1/3KP2P/PP5r/8 b - -,g8f7 b5e5 f7f6 d3e4 h2h3 d6d7 h3e3 e4e3 f6e5 d7d8q,943
2k4r/ppp2ppp/2nr4/1B4N1/3P2b1/2P5/PP4KP/R2Q1R2 b - -,c6e5 d4e5 d6d1 a1d1 f7f6 d1d4 c7c6 d4g4 f6g5 e5e6,658
2kr2r1/1ppq2pp/1pnp4/4pb2/1P6/2PP1N1P/P2NQPP1/R4RK1 b - -,c6e7 d3d4 e7d5 d4e5 d5f4 e2e3 d6e5 d2c4 f5h3 c4e5,-135
1k1rr3/pbppqpb1/2p4p/2PnP1pP/4N3/1R6/PP2QPPB/1K1R1B2 b - -,e7e6 d1d4 d5b6 c5b6 a7b6 e4c5 e6f5 e2e4 f5e4 d4e4,607
2kr2n1/1pp1pp2/pq2b1p1/8/Qn3B2/2PP1NP1/P3PPB1/R3K3 b - -,b4d5 f4d2 g8f6 a4d4 b6b2 c3c4 b2d4 f3d4 d5f4 d2f4,92
rn1qkbnr/pbp2ppp/1p2p3/8/P2P4/2N1PN2/1P3PPP/R1BQKB1R b KQkq -,g8f6 a4a5 a7a6 f1d3 c7c5 a5b6 b8d7 e1h1 f8e7 d3e2,20
8/8/p7/8/PP6/2P1k3/r5p1/3K2R1 b - -,g8f6 a4a5 a7a6 f1d3 c7c5 a5b6 b8d7 e1h1 f8e7 d3e2,Mate
8/3r3p/6pk/4R3/4P2P/8/6PK/8 b - -,h6g7 h2g3 g7f6 e5c5 d7d1 c5a5 d1h1 g3g4 h7h5 g4g3,7
6k1/1p3pp1/1n1q2p1/1Q6/P6P/5N2/5PP1/6K1 b - -,f7f6 a4a5 d6d1 g1h2 d1d6 h2h1 b6d7 b5b7 g8h7 g2g3,171
8/p4kp1/1p1P3p/4R3/6P1/3KP2P/PP5r/8 b - -,h2g2 d6d7 g2g1 d3e4 g1d1 e5d5 d1d5 e4d5 h6h5 d7d8q,1398
b2r2k1/2R4p/5qp1/5p2/1pP2Q2/1P5P/3NB2K/8 b - -,d8d2 c7c8 g8f7 f4e3 f6e7 e3e7 f7e7 c8a8 d2e2 h2g3,-326
r1b1k1nr/ppp1qppp/3p4/3P4/2BpP3/1QN5/P4PPP/R1B2RK1 b kq -,c7c5 d5c6 d4c3 c1a3 b7c6 a1d1 c8h3 g2h3 a8d8 b3c3,456
r2r1k2/p4pb1/1p1N2pp/7n/4N3/1P2R1P1/P4P1P/3R2K1 b - -,f7f5 e4c3 d8d7 d6c4 d7d1 c3d1 a8d8 d1c3 f5f4 e3f3,-9
r1bq1rk1/4ppbp/n4np1/pN1P4/3P4/PQ3B2/1P3PPP/R1B1K1NR b KQ -,a8b8 c1f4 a6c7 a3a4 g6g5 f4g3 c8d7 f3e2 f6d5 g1f3,40
2r2bnr/pp1qpk1p/5p2/Q4bp1/2pP4/5NB1/PP3PPP/RN2R1K1 b - -,e7e6 b1c3 g8e7 h2h4 g5g4 f3d2 e7d5 a2a3 f8e7 d2f1,-184
r3qrk1/1pp1n1pp/p2Np3/5p2/3P4/4P2P/PP1BQPP1/R2R2K1 b - -,c7d6 a1c1 a8c8 e3e4 f5e4 e2e4 e7d5 d1e1 f8f6 f2f3,2
6k1/1R3p2/2p2n1p/2p5/2P2N2/4N1P1/bP1r1P1P/5K2 b - -,d2d4 b2b3 d4d7 b7b6 d7c7 f2f3 a2b1 f1f2 b1g6 b6a6,242
r1b1kb1r/ppp2ppp/2n1p3/3q4/6Q1/1P6/PBPP1PPP/R3KBNR b KQkq -,c8d7 f1c4 h7h5 g4f3 d5a5 g1e2 h5h4 e1a1 a5a2 e2c3,-38
r2q1rk1/pp1nnppp/4p3/3pP3/3NbP2/3BB3/PPP3PP/R2Q1RK1 b - -,a8c8 d3e2 e7f5 d4f5 e6f5 c2c3 a7a6 d1d2 d7c5 a1d1,17
1r1r2k1/p2b2pp/1p2p3/5p2/2BqP2Q/P7/1P3PPP/2RR2K1 b - -,d4b2 c4e6 g8h8 e6f5 h7h6 h4e7 d7f5 d1d8 b8d8 e7d8,457
r2q1rk1/pb3pp1/1p2p2p/n7/3P4/P1PB1NP1/4QPP1/R2R2K1 b - -,a8c8 a1c1 c8c7 g3g4 d8f6 f3e5 f6f4 g2g3 f4f6 e2e3,-38
8/3r2kp/6p1/4R3/4P2P/6K1/6P1/8 b - -,g7f6 e5a5 d7d1 g3f2 d1d3 h4h5 f6g7 a5g5 g7f6 g5b5,6
8/8/4k3/8/6p1/6P1/5K2/3R4 b - -,g7f6 e5a5 d7d1 g3f2 d1d3 h4h5 f6g7 a5g5 g7f6 g5b5,Mate
rn3rk1/p5pp/3p1q2/2pP3n/1pP2Bb1/5PP1/PP2NKB1/R1Q4R b - -,g7g6 f3g4 h5f4 g3f4 b8d7 g4g5 f6g5 c1e3 g5e5 g2h3,293
r1b2rk1/pp3ppp/1np5/8/3q4/1B3N2/PPQ2PPP/R3R1K1 b - -,d4f6 e1e5 h7h6 c2e4 c8d7 a1e1 a8d8 h2h3 f8e8 e4b4,-42
r5k1/1p3ppp/pqr1b3/3pN3/4n3/1P2P2P/P3BPP1/2RQ1RK1 b - -,c6c7 e5f3 c7c1 d1c1 b6a5 c1b2 a5c3 b2a3 a8c8 a3e7,26
r2qk2r/pp2bpp1/2p1bnNp/3p4/3P4/1P6/P1P1QPPP/RNB1R1K1 b - -,f7g6 e2e6 e8f8 c2c4 d8c7 e6e7 c7e7 c1a3 e7a3 b1a3,8
r3r2k/3N1Qpp/3Bpp2/p3P3/2p5/6P1/1q3P1P/5RK1 b - -,b2c2 e5f6 g7f6 f7f6 h8g8 f6h4 c2f5 d7f6 g8g7 f6e8,556
r3k2r/pp1b1p1p/5R2/5n2/8/4B3/PPP2PPP/2K3NR b kq -,f5e3 f2e3 h8g8 f6f2 e8f8 g1f3 a8e8 h1e1 g8g4 c1d2,487
k7/1n6/p1n1p1q1/1p1pP3/2pP1K1P/2P2B2/RRb2N2/2B5 b - -,g6h6 f4g3 h6c1 b2c2 c1g1 g3h3 a8a7 c2d2 g1e1 h3g3,-339
2rq1rk1/pb3pp1/1p2p2p/n7/3P4/P1PB1NP1/4QPP1/2RR2K1 b - -,c8c7 g3g4 d8f6 f3e5 a5c6 e2e4 g7g6 e5c6 b7c6 e4e3,-36
r4rk1/pp1b2pp/3q1n2/PPpp4/3pp3/1Q6/3NBPPP/R3NRK1 b - -,c5c4 d2c4 d5c4 e2c4 g8h8 e1c2 a8c8 b3a3 d6b8 b5b6,-409
r1bq1k1r/3nbpp1/p6p/3N4/5B2/4Q3/PPP1BPPP/2KR4 b - -,e7g5 f4d6 f8g8 f2f4 g5h4 g2g3 c8b7 g3h4 b7d5 d1d5,178
r2r1k2/pN3pb1/6pp/7n/4N3/6P1/PP3P1P/3RR1K1 b - -,d8d4 b2b3 a8e8 b7d6 e8d8 d1d4 g7d4 d6c4 h5g7 e1c1,105
2k4r/ppp2ppp/2nr4/1B4N1/3P4/2P5/PP4KP/3R1R2 b - -,d6d5 g5f7 d5b5 f7h8 b5b2 g2h1 b2a2 h8f7 c6a5 f7e5,519
2r2bnr/p2qpk1p/Qp3p2/5bp1/2pP4/5NB1/PP3PPP/RN2R1K1 b - -,e7e6 b1d2 g5g4 f3h4 f5d3 d2e4 c8d8 a1d1 f8e7 b2b3,-157
8/2pr1pkp/1p1np1p1/6q1/1P1P4/2P5/P3QPPP/R3R1K1 b - -,g5d5 e2e5 d5e5 d4e5 d6b5 c3c4 b5d4 e1d1 c7c5 b4c5,423
8/3r3p/5kp1/R7/4P2P/6K1/6P1/8 b - -,d7d1 g3f4 d1f1 f4g4 h7h5 g4g3 f6f7 a5a6 f1h1 a6a4,6
rr4k1/1q2pp1p/b2p2pb/2pB4/7N/1P4P1/P1Q1PP1P/1R1R2K1 b - -,b7b5 h4g6 a8a7 g6f4 h6f4 c2f5 b5e8 f5g4 g8h8 g4f4,121
N1k2bnr/pp3ppp/8/8/3PPpbn/8/PPP3PP/R1B1KB1R b - -,f8d6 h2h3 g4e6 e4e5 d6e7 c1f4 c8b8 c2c4 b8a8 e1d2,80
2rq1rk1/1b1n1ppp/p7/1p1P4/4BQ2/6NP/P1P3P1/R4RK1 b - -,,0
5r2/1p2Q2k/8/1P5p/1R2pP2/6PP/6RK/2qq4 b - -,,0
r2q1rk1/ppp1npp1/3p3p/3P1bN1/2B5/1Q2R3/PP3PPP/4R1K1 b - -,e7g6 g5f3 c7c5 d5c6 b7c6 c4d3 a8b8 b3a3 d8f6 d3f5,-48
8/8/p7/8/PP6/2Pk4/4r1p1/3K2R1 b - -,e7g6 g5f3 c7c5 d5c6 b7c6 c4d3 a8b8 b3a3 d8f6 d3f5,Mate
8/6pk/2p1Npp1/8/P1n4P/5KP1/5P2/8 b - -,c4d6 a4a5 h7g8 a5a6 d6c8 f3e4 c8a7 e4d4 g8f7 e6f4,332
r4k2/pN3pb1/6pp/7n/4N3/6P1/PP3P1P/3R2K1 b - -,f7f5 e4c3 g7c3 b2c3 f8e7 d1e1 e7f6 b7c5 a8c8 c5d7,80
8/8/1k3K2/p6R/8/8/8/8 b - -,f7f5 e4c3 g7c3 b2c3 f8e7 d1e1 e7f6 b7c5 a8c8 c5d7,Mate
5rk1/2p2r2/p2p4/1p1P3P/PP1pP1pP/3BnpK1/2P2R2/R7 b - -,g8g7 a4b5 a6b5 d3b5 f8b8 b5d3 b8b4 g3h2 b4b8 h2g3,-253
r1b1kb1r/1p3ppp/pqn1p1n1/3pP3/1P6/P1N2N2/4BPPP/R1BQR1K1 b kq -,f8e7 c1b2 e8h8 a1c1 c8d7 c3a4 b6d8 e2d3 b7b6 g2g3,-29
r1b1kbnr/pp1npp2/2pp3p/q5p1/3PP3/P1N4P/1PPBQPP1/R3KBNR b KQkq -,g8f6 e1a1 a5c7 g2g4 d7b6 f2f3 e7e5 d2e3 c8e6 h3h4,110
r2q1rk1/ppp2pp1/3pN1np/3P1b2/2B5/1Q2R3/PP3PPP/4R1K1 b - -,f7e6 d5e6 g6e7 b3b7 d6d5 c4f1 d8d6 e3c3 c7c6 c3f3,-329
8/1r5p/5kp1/R7/4PK1P/8/6P1/8 b - -,h7h5 a5a6 f6g7 f4e5 b7f7 a6a3 f7b7 a3c3 g7f7 c3c2,12
r1bqkb1r/p2n1ppp/1p2pn2/2pp4/2PP4/4PNP1/PPQ2PBP/RNB1K2R b KQkq -,c5d4 e3d4 c8a6 b1d2 a8c8 e1h1 a6c4 d2c4 b6b5 b2b3,-65
8/8/8/5k2/6p1/4K1P1/8/3R4 b - -,c5d4 e3d4 c8a6 b1d2 a8c8 e1h1 a6c4 d2c4 b6b5 b2b3,Mate
8/p5k1/4pp1p/1p4p1/2bPP1P1/5P1P/P6K/2N5 b - -,a7a5 h2g2 b5b4 g2f2 a5a4 f2e3 c4a2 c1d3 b4b3 d3b2,-351
5r2/2p2rk1/p2p4/1P1P3P/1P1pP1pP/3BnpK1/2P2R2/R7 b - -,a6b5 d3b5 f8b8 b5d3 b8b4 g3h2 b4b8 a1a6 b8e8 h2g3,-242
r2qkb1r/pb1n1ppp/1p2pn2/2pp4/2PP4/4PNP1/PPQ2PBP/RNB2RK1 b kq -,c5d4 e3d4 d5c4 c2c4 a8c8 c4e2 f8e7 b1c3 e8h8 c1d2,-33
2rq1rk1/pp1nnppp/4p3/3pP3/3NbP2/4B3/PPP1B1PP/R2Q1RK1 b - -,e7f5 d4f5 e6f5 c2c3 d7c5 d1e1 f7f6 e1f2 d8c7 e5f6,18
r2r1k2/pp3pbp/3N2p1/7n/4N3/6P1/PP3P1P/3RR1K1 b - -,h7h6 d6b7 d8d1 e1d1 g7b2 b7c5 a8e8 g1g2 h5f6 e4f6,2
r1bqk2r/pppp1ppp/1bn2n2/3Np3/2P5/4PNP1/PP1P1PBP/R1BQK2R b KQkq -,d7d6 e1h1 f6d5 c4d5 c6e7 a2a4 a7a5 d2d4 e5e4 f3d2,16
2rq1rk1/1b1n1ppp/p7/1p1Pp3/4BP2/6NP/P1PQ2P1/R4RK1 b - -,d7f6 e4f5 c8c7 f4e5 d8d5 d2d5 f6d5 f5d3 d5b4 g3f5,-78
8/7p/1r3kp1/R7/4PKPP/8/8/8 b - -,h7h6 g4g5 h6g5 h4g5 f6e6 a5a7 b6b1 a7a6 e6f7 a6f6,16
rn3rk1/pp3ppp/3qpn2/2pp4/3P2N1/3PP3/PP3PPP/RN1Q1RK1 b - -,f6g4 d1g4 d6b6 b1d2 c5d4 g4d4 b6d4 e3d4 b8c6 d2f3,-121
5r2/2p2rk1/3p4/1B1P3P/1P1pP1pP/4npK1/2P2R2/R7 b - -,f8b8 a1a5 g7h6 b5d3 b8b4 a5a1 b4b8 e4e5 d6e5 a1a7,-292
3Q2rk/1Q4p1/p6p/2P4P/3B1P2/P5P1/4KP2/2q5 b - -,f8b8 a1a5 g7h6 b5d3 b8b4 a5a1 b4b8 e4e5 d6e5 a1a7,Mate
r4rk1/1ppb1pp1/p1nq1n1p/3p4/3P4/3B1N1P/PPP1NPP1/R2QR1K1 b - -,c6b4 e2g3 f8e8 d3f5 d7f5 g3f5 d6d7 e1e8 a8e8 f5e3,11
8/7k/7P/p2p2P1/8/1K6/8/8 b - -,h7h8 g5g6 h8g8 b3c2 g8h8 c2d3 h8g8 d3d4 a5a4 d4c3,9605
R5k1/4n2p/2N5/8/4n3/6P1/5PKP/3R4 b - -,h7h8 g5g6 h8g8 b3c2 g8h8 c2d3 h8g8 d3d4 a5a4 d4c3,Mate
2rq1rk1/pb1nbppp/1p2pn2/2pp4/2PP4/1P2PNP1/P2N1PBP/R1BQ1RK1 b - -,d5c4 b3c4 c8c7 a2a4 d8a8 a4a5 b6a5 d2b3 f6e4 c1a3,-39
8/2pr1pkp/1p2p1p1/5nq1/PP1P4/2P5/4QPPP/R3R1K1 b - -,h7h5 a4a5 c7c5 d4c5 b6a5 c5c6 d7d2 h2h4 f5h4 e2e5,473
r1bq1rk1/pp2ppbp/3p2p1/n1p5/2PP1Pn1/1PN2NP1/PB1QP1BP/R3K2R b KQ -,b7b5 c3b5 a7a6 b5c3 c5d4 f3d4 a8b8 c3d5 e7e5 h2h3,119
3q2k1/6pp/1N3p2/p2rp3/Pb6/1P2PQ1P/5PP1/2R3K1 b - -,d5d6 c1c8 d8c8 b6c8 d6d2 c8b6 h7h6 g1h2 g8h7 h3h4,533
r2r1k2/pN3pbp/6p1/7n/8/2N3P1/PP3P1P/3RR1K1 b - -,d8b8 b7c5 b8b2 c5d7 f8g8 c3d5 f7f5 h2h3 b2b7 e1e7,61
8/8/8/6k1/4K1p1/6P1/8/3R4 b - -,d8b8 b7c5 b8b2 c5d7 f8g8 c3d5 f7f5 h2h3 b2b7 e1e7,Mate
rr4k1/4pp1p/b2p2Nb/1qpB4/8/1P4P1/P1Q1PP1P/1R1R2K1 b - -,e7e6 g6e7 g8f8 c2h7 f8e7 d5a8 b5e2 h7h6 b8a8 h6g5,390
1r1r2k1/p2b2pp/1p2B3/2q2p2/4P2Q/P7/1P3PPP/2RR2K1 b - -,d7e6 d1d8 b8d8 h4d8 c5f8 d8f8 g8f8 e4f5 e6f5 c1c7,590
r1bqk2r/pppp1ppp/2n5/1Bb5/4P1n1/5N2/PPPPQPPP/RNB1K2R b KQkq -,c5b6 d2d4 e8h8 c2c3 d7d5 h2h3 d5e4 h3g4 e4f3 e2f3,129
2r2bnr/p2q1k1p/Qp2pp2/5bp1/2pP4/2N2NB1/PP3PPP/R3R1K1 b - -,f8b4 c3e4 f5e4 e1e4 g8e7 h2h4 h7h6 a1c1 d7c6 e4e5,-162
2r2rk1/pbqnbppp/1p2pn2/2pp4/2PP4/BP2PNP1/P2N1PBP/R2Q1RK1 b - -,d5c4 b3c4 f6e4 a1c1 h7h6 d1e2 e4d2 e2d2 b7e4 d2e2,-47
2rq1rk1/pp1n1ppp/4p3/3pPN2/4bP2/4B3/PPP1B1PP/R2Q1RK1 b - -,e6f5 c2c3 d7c5 d1e1 f7f6 e1f2 d8c7 e5f6 f8f6 f1d1,8
2rq1rk1/1p2bppp/p3bn2/P2Pp3/1n6/2N2N1P/1PP2PP1/R1BQRBK1 b - -,f6d5 c1d2 f7f6 c3d5 d8d5 c2c4 d5c6 d1b3 e6c4 b3c4,-21
8/8/p7/8/PP2k1p1/2P2r2/4K3/4R3 b - -,,0
r1bqk2r/pppp1ppp/2n5/1B6/4P1n1/5N2/PPPPQbPP/RNB2K1R b kq -,f2b6 b1c3 e8h8 c3d5 g4f6 d5f6 d8f6 c2c3 a7a6 b5a4,-71
2rq1rk1/pb3pp1/1p2p2p/n7/2PP4/P2B1NP1/4QPP1/R2R2K1 b - -,a5b3 a1a2 b7f3 e2f3 b3d4 f3e4 f7f5 e4e3 d8f6 a2d2,-75
r1bq1rk1/1p1nb1pp/p2p4/2pP1p2/P4B2/2N2P2/1PPQB1PP/R3K2R b KQ -,g7g5 f4g3 f5f4 g3f2 d7e5 e1h1 c8f5 e2d3 d8d7 f1e1,-34
8/8/1r3kpp/R5P1/4PK1P/8/8/8 b - -,h6g5 h4g5 f6e6 a5a7 b6b1 a7a6 e6f7 a6f6 f7g7 f6d6,16
r2r1k2/pN3p1p/6p1/7n/8/2P3P1/P4P1P/3RR1K1 b - -,d8b8 b7c5 b8c8 c5e4 c8c7 d1d4 a8e8 e1b1 f8g7 e4d6,77
3rq3/5p1k/1R1p2b1/4r1p1/6Pp/PR2NP1P/1P1Q1K2/8 b - -,e8e7 b6b8 d8b8 b3b8 e7c7 b8a8 c7b7 a8a4 d6d5 a4d4,57
1r6/2p2rk1/3p4/RB1P3P/1P1pP1pP/4npK1/2P2R2/8 b - -,g7h6 b5d3 b8b4 a5a1 b4b8 e4e5 d6e5 a1a7 b8b1 a7a6,-325
8/8/5k2/8/5Kp1/6P1/8/3R4 b - -,f6e6 f4g4 e6e5 d1f1 e5d4 g4h4 d4e4 f1e1 e4d3 e1e8,1292
3q2k1/6pp/1N3p2/p2r4/Pb2Q3/1P2P2P/5PP1/2R3K1 b - -,d5c5 c1c5 d8d1 g1h2 d1d6 c5e5 d6e5 e4e5 f6e5 b6c4,446
k7/1n6/p1n1p1q1/1p1pP2P/b1pP1K2/2P2B2/RR3N2/2B5 b - -,g6h6 f4g3 h6c1 b2d2 c6e7 f3g4 c1c3 g3g2 c3e3 g4e6,-547
rn1qkb1r/pp3ppp/4pn2/2pp4/3P1P2/2P1P3/PP1NQ1PP/R1B1K1NR b KQkq -,f8d6 g1h3 e8h8 d2f3 b8c6 e1h1 c6e7 a2a4 d8c7 c1d2,-64
r1b2rk1/pp2Rppp/1np5/8/6q1/1B3N2/PPQ2PPP/R5K1 b - -,g4h5 a1e1 b6d5 b3d5 h5d5 e1e5 d5d6 f3g5 d6g6 c2g6,27
rnbqk2r/ppp2ppp/4p3/3pN3/1bPPn3/2N3P1/PP2PPBP/R1BQK2R b KQkq -,b4c3 b2c3 e8h8 d1c2 f8e8 e1h1 f7f6 e5g4 b8c6 f1d1,80
r2q1rk1/pp1b2pp/2nppb2/3n4/2BP2Q1/2N2N2/PP3PPP/R1B2RK1 b - -,d8e7 f1e1 g8h8 c1d2 e6e5 g4e4 d5c3 d2c3 e5d4 e4e7,69
r2q1rk1/pp3ppp/1b2bn2/6B1/3N4/2NQ2P1/PP3PBP/R4RK1 b - -,e6a2 a1a2 d8d4 d3d4 b6d4 g2b7 a8b8 b7f3 h7h6 g5c1,457
8/8/1r3kp1/R5P1/4PK2/8/8/8 b - -,f6e6 a5a8 b6b1 a8a6 e6f7 a6f6 f7g7 f6d6 g7f7 f4e5,8
rr4k1/4pQb1/b2p4/1qpB4/8/1P4P1/P3PP1P/1R1R2K1 b - -,f6e6 a5a8 b6b1 a8a6 e6f7 a6f6 f7g7 f6d6 g7f7 f4e5,Mate
2rq1rk1/1b1n1ppp/p4n2/1p1Pp3/1b2NP2/3B2NP/P1PB2P1/R2Q1RK1 b - -,f6e4 d3e4 b4c5 g1h1 d7f6 e4f3 e5f4 d2f4 b7d5 a2a4,-134
8/8/6k1/8/6K1/6P1/8/3R4 b - -,f6e4 d3e4 b4c5 g1h1 d7f6 e4f3 e5f4 d2f4 b7d5 a2a4,Mate
3q2k1/6pp/1N3p2/p7/Pb2Q3/1P2P2P/5PP1/3R2K1 b - -,b4d6 e4e6 g8h8 d1d6 d8g8 e6g8 h8g8 d6d8 g8f7 d8d1,917
rnbqk2r/p1pnbppp/1p2p3/3pN3/3P1B2/2PBP3/PP3PPP/RN1QK2R b KQkq -,e8h8 b1d2 d7e5 d4e5 b8d7 h2h4 d7c5 d3c2 c8a6 d1b1,48
1rbq1rk1/4ppbp/n4np1/pN1P4/3P1B2/PQ3B2/1P3PPP/R3K1NR b KQ -,a5a4 b3a4 b8b6 b5c3 b6b2 g1e2 a6c7 a4c6 f6e8 e1h1,147
2rq1rk1/pp1n1ppp/4p3/3pPb2/5P2/2P1B3/PP2B1PP/R2Q1RK1 b - -,b7b6 d1e1 f5e4 g2g4 d8c7 e1g3 d7b8 h2h3 b8c6 f1f2,41
r4r2/1bqn1pkp/2pp1np1/pp2p3/1P1PP3/P1NB1N1P/2PQ1PP1/R3R1K1 b - -,h7h6 a1d1 f8d8 d3f1 d7b6 d2e3 d8e8 f3d2 a5b4 a3b4,25
r1b1kb1r/1p3ppp/pqn1p1n1/1P1pP3/8/P1N2N2/4BPPP/R1BQ1RK1 b kq -,a6b5 c3b5 f8c5 b5d6 e8f8 d6c8 a8c8 a3a4 h7h5 c1d2,-81
8/2p2pkp/4p1p1/P2r1nq1/3P4/2P5/4QPPP/R3R1K1 b - -,f5d6 a5a6 d6c8 a6a7 c8a7 a1a7 g5d8 a7a1 g7g8 h2h3,534
2rq1rk1/pb3pp1/1p2p2p/8/2PP4/Pn1B1NP1/4QPP1/1R1R2K1 b - -,b7f3 g2f3 b3d4 e2e3 e6e5 f3f4 d8f6 d3e4 c8c4 f4e5,-125
2r3nr/p2q1k1p/Qp2pp2/3P1bp1/1bp5/2N2NB1/PP3PPP/R3R1K1 b - -,e6d5 c3b5 g8e7 f3d4 h8d8 h2h4 g5h4 g3h4 b4c5 a1d1,-201
8/5k1p/1N3pp1/P1n5/3N4/4PPP1/7P/3b2K1 b - -,f7e8 g1f2 d1a4 e3e4 a4d7 f2e2 e8e7 b6d7 e7d7 e2d2,623
r1bq1rk1/1p2b2p/p2p4/2pPn1p1/P3Np2/5P2/1PPQBBPP/R3K2R b KQ -,c8f5 e4c3 e7f6 e1h1 d8d7 e2d3 e5d3 c2d3 d7g7 a1e1,-103
rnb2rk1/p1qn1pbp/1pp1p1p1/4P3/4Q2P/2N1BN2/PPP2PP1/2KR1B1R b - -,f7f5 e4f4 d7e5 h4h5 b8a6 f1a6 c8a6 h5g6 h7h6 h1h4,252
2rq1rk1/1b1n1ppp/p7/1p1Pp3/1b2BP2/6NP/P1PB2P1/R2Q1RK1 b - -,b4c5 g1h1 d7f6 e4f3 e5f4 d2f4 b7d5 a2a4 d5c4 f1e1,-137
8/8/p7/8/PP2k1p1/2r5/3K4/4R3 b - -,,0
r2qR2k/pppb2p1/3p3p/8/2B5/1Q6/PP3PPP/4R1K1 b - -,d7e8 b3b7 a8b8 b7e4 e8b5 c4b3 d8e8 e4b4 e8g6 h2h3,49
r2qkbnr/pb1p1ppp/1pn1p3/2p5/3PP3/3BBP2/PPP1N1PP/RN1QK2R b KQkq -,,0
5rk1/ppp2pbp/3p2p1/1q6/4r1P1/1NP1B3/PP1QnPP1/R4R1K b - -,d7d5 e4d5 e6d5 c2c3 f8d6 d1d2 g8f6 b1a3 e8h8 e1h1,Mate
8/8/3R1k2/8/6K1/6P1/8/8 b - -,d7d5 e4d5 e6d5 c2c3 f8d6 d1d2 g8f6 b1a3 e8h8 e1h1,Mate
rr4k1/4pp2/b2p2Qb/1qpB4/8/1P4P1/P3PP1P/1R1R2K1 b - -,d7d5 e4d5 e6d5 c2c3 f8d6 d1d2 g8f6 b1a3 e8h8 e1h1,Mate
rnbqk2r/p1p1bppp/1p2p3/3pB3/3P4/2PBP3/PP3PPP/RN1QK2R b KQkq -,e8h8 d1h5 f7f5 h1g1 b8c6 g2g4 c6e5 d4e5 c8d7 b1d2,64
r1r2k2/pN3p1p/6p1/7n/2P5/6P1/P4P1P/3RR1K1 b - -,c8c6 e1e4 h5g7 d1d7 g7e6 e4e5 f8e8 d7d2 e8f8 b7a5,60
2r2rk1/pbqnbppp/1p2pn2/2p5/2PP4/B3PNP1/P2N1PBP/R2Q1RK1 b - -,f6e4 a1c1 h7h6 d1e2 e4d2 e2d2 b7e4 d2e2 d7f6 a3b2,-41
2r2rk1/1p2bppp/p3b3/P3p3/R7/2P2N1P/1Pn2PP1/2BR1BK1 b - -,f7f6 f1e2 e6b3 a4e4 c8c7 f3d2 b3d5 e4a4 f8c8 e2d3,-42
2rq1rk1/p4pp1/1p2p2p/8/2PP4/Pn1B1QP1/5PP1/1R1R2K1 b - -,b3d4 f3e4 f7f5 e4e3 d8f6 a3a4 f8d8 a4a5 b6a5 b1b7,-110
r2q1rk1/pp3ppp/4bn2/6B1/3b4/2NQ2P1/PP3PBP/R2R2K1 b - -,d4f2 g1h1 d8d3 d1d3 f6g4 h2h3 g4e5 d3d2 f2g3 c3e4,-98
r2q1rk1/pp1nbppp/2p2n2/3p4/3P1Bb1/1QPB1N2/PP1N1PPP/R4RK1 b - -,f6h5 f4g3 h5g3 h2g3 d8c7 f1e1 e7f6 d2f1 g7g6 f1e3,-9
r1b1r1k1/pp1n1pp1/2pb3p/q2p4/3P2nB/2NBPN2/PPQ2P1P/2KR2R1 b - -,d7f6 h2h3 g7g5 f3g5 h6g5 h4g5 g8g7 h3g4 f6e4 d3e4,237
1r3n2/3bp1r1/p1np3k/2pN1pNp/2P2P1P/1P2PB2/P2R3K/5R2 b - -,f8h7 f1d1 h7f8 d1g1 f8g6 h2h3 c6d8 f3d1 d7c6 d1c2,150
5b1r/1b3kp1/p2p1n2/qp2p3/4P3/P1rB1PR1/1PPB1Q2/2KR4 b - -,b5b4 d2c3 b4c3 f2a7 c3b2 c1b1 a5a3 d3c4 f7e8 a7b8,221
2rr2k1/pbqnbppp/1p2pn2/2p5/2PP4/B3PNP1/P2NQPBP/R4RK1 b - -,f6e4 d2e4 b7e4 a1c1 c7b7 a3b2 d7f6 f1d1 h7h6 f3e1,-37
2rq1rk1/pp1n1ppp/8/3pPp2/4bP2/2P1B3/PP2B1PP/R2Q1RK1 b - -,d7c5 d1e1 f7f6 e1f2 d8c7 e5f6 f8f6 f1d1 f6g6 g2g3,8
6k1/1R3p2/2p4p/2p5/2P1nN2/4N1P1/bP1r1P1P/4K3 b - -,d2d8 b7a7 a2b3 a7c7 b3a4 f2f3 e4d2 e1f2 a4b3 c7c6,259
2rq1rk1/p4pp1/1p2p2p/8/2PnQ3/P2B2P1/5PP1/1R1R2K1 b - -,f7f5 e4e3 d8d6 d3f5 d4f5 d1d6 f5e3 f2e3 c8c4 d6e6,-110
8/8/p7/8/PP1k2p1/2r5/3K4/6R1 b - -,,0
r4k2/p1r2p1p/3N2p1/7n/2P5/6P1/P4P1P/3RR1K1 b - -,h5g7 d1d5 c7c6 e1c1 g7e6 c1c3 e6c7 d5d2 a8d8 d6e4,56
r4rk1/pp2Rppp/1np3b1/8/6q1/1B3N1P/PP2QPP1/R5K1 b - -,g4f4 e7b7 b6d5 e2e5 a7a5 e5f4 d5f4 f3e5 a5a4 b3c4,97
6rk/1Q1P2p1/p6p/2P4P/3B1P2/P5P1/4KP2/6q1 b - -,g4f4 e7b7 b6d5 e2e5 a7a5 e5f4 d5f4 f3e5 a5a4 b3c4,Mate
8/4k3/8/8/3R2K1/6P1/8/8 b - -,g4f4 e7b7 b6d5 e2e5 a7a5 e5f4 d5f4 f3e5 a5a4 b3c4,Mate
2rr1bk1/pbqn1ppp/1p2pn2/2p5/2PP4/4PNP1/PB1NQPBP/R4RK1 b - -,f6e4 d2e4 b7e4 f1c1 f8e7 g2h3 e4a8 c1c2 c7c6 h3g2,-32
rnbqkb1r/p1p2pp1/1p1p1n1p/4p3/2B1P3/3P1N2/PPP2PPP/RNBQR1K1 b kq -,c7c6 d3d4 b8d7 c4f1 f8e7 c2c4 a7a6 a2a4 a6a5 h2h3,61
2rq1rk1/p5p1/1p2p2p/4Qp2/2Pn4/P2B2P1/5PP1/1R1R2K1 b - -,d8f6 e5e3 f8d8 f2f4 c8c5 d3f1 c5c7 g1h2 c7e7 e3c3,-142
2rr1bk1/pbqn1ppp/1p2p3/2p5/2PPN3/4PNP1/PB2QPBP/R4RK1 b - -,b7e4 f1c1 f8e7 g2h3 e4b7 c1c2 b7c6 f3e1 c7b7 a2a4,-35
5b1r/1b3kp1/p2p1n2/q3p3/1p2P3/P1BB1PR1/1PP2Q2/2KR4 b - -,b4c3 f2a7 c3b2 c1b1 a5a3 d3c4 f7e7 a7b7 f6d7 b7b2,209
4rrk1/1ppb1pp1/p1nq1n1p/3p4/3P4/3B1NNP/PPP2PP1/R2QR1K1 b - -,e8e1 d1e1 f8e8 e1d1 f6e4 g3f1 c6e7 c2c4 e7g6 c4d5,-25
rn1qkb1r/ppp2p1p/5np1/4p3/2B1P1b1/1P6/P1PPNPPP/R1BQK2R b KQkq -,c7c5 e1h1 b8c6 c1b2 f8g7 f2f4 d8e7 h2h3 g4d7 e2g3,-339
r7/P1p2pkp/4p1p1/5nq1/3P4/2P5/4QPPP/R3R1K1 b - -,f5d6 e2f3 g5d8 f3c6 d6f5 e1b1 f5d6 h2h3 g7h6 b1e1,548
8/6R1/4k1p1/6P1/4PK2/8/8/1r6 b - -,b1f1 f4e3 f1e1 e3f3 e1f1 f3e2 f1g1 g7g6 e6f7 g6f6,8
r1bqk2r/pp2ppbp/2np1np1/2p5/2B1PP2/2NPB3/PPPQ2PP/R3K1NR b KQkq -,f6g4 g1f3 g4e3 d2e3 e8h8 e3d2 a8b8 a2a4 c8g4 f3g5,-86
r1bq1rk1/pp3p2/2pp1p1p/1nb1pP2/2B1P2B/2PP4/PP2Q1PP/R3K1NR b KQ -,d8e7 g1h3 d6d5 c4b5 c6b5 h3f2 c5f2 h4f2 g8h7 f2e3,255
8/8/6kP/p2p2P1/K7/8/8/8 b - -,d8e7 g1h3 d6d5 c4b5 c6b5 h3f2 c5f2 h4f2 g8h7 f2e3,Mate
rnbqk2r/5ppp/p2p1b2/2pP4/2P5/2P5/P2B1PPP/R2QKBNR b KQkq -,c8f5 f1e2 e8h8 g1f3 f8e8 e1h1 b8d7 f1e1 a8b8 h2h3,-42
8/pBk5/8/3b4/8/8/8/1K6 b - -,c7b7 b1b2 a7a6 b2c2 b7b6 c2b1 d5b7 b1a1 b6b5 a1b2,-38
rnb2rk1/p1q2pbp/1pp1p1p1/4n2P/4Q3/2N1BN2/PPP2PP1/2KR1B1R b - -,e5f3 g2f3 c7e7 f1c4 f7f5 e4f4 g6g5 f4g5 e7g5 e3g5,175
8/8/4k3/8/3R3K/6P1/8/8 b - -,e5f3 g2f3 c7e7 f1c4 f7f5 e4f4 g6g5 f4g5 e7g5 e3g5,Mate
rn1qkb1r/pbp2pp1/1p1p1n1p/4p3/2B1P3/1P1P1N2/P1P2PPP/RNBQR1K1 b kq -,f8e7 b1c3 c7c5 f3h4 g7g6 f2f4 b8c6 h4f3 f6h5 f4e5,49
5rk1/2p2r2/p2p3p/1P1P2p1/1PnpP1P1/3B1pKP/2P2R2/R7 b - -,,0
8/8/p7/1P6/P2k4/2r3p1/3K4/6R1 b - -,,0
r1r2nk1/pp3ppp/1n2b3/1Nq1P3/3N4/3B4/PP2Q1PP/3R1R1K b - -,e6d5 b5d6 c8d8 d4b5 f8g6 d1c1 c5b4 a2a3 b4h4 d3g6,225
rn1q1b1r/ppp1kB1p/3p1np1/3NN3/4P3/1P6/P1PP1PPP/R1BbK2R b KQ -,f6d5 f7d5 d6e5 c1a3 e7e8 a3f8 h8f8 a1d1 c7c6 d5c4,-625
3r2k1/R4pp1/1p5p/5q2/2Q5/4P2P/PP3PP1/6K1 b - -,f5b1 g1h2 b1f5 f2f4 d8d2 b2b3 h6h5 c4c6 h5h4 a2a4,210
rn1qkb1r/pp2nppp/2p1p1b1/3pP3/3P4/3B1N2/PPP2PPP/RNBQK2R b kq -,c6c5 d3g6 h7g6 c2c3 e7f5 e1f1 b8c6 g2g4 f5h4 c1g5,-53
5b1r/Qb3kp1/p2p1n2/q3p3/4P3/P1pB1PR1/1PP5/2KR4 b - -,c3b2 c1b1 a5a3 d3c4 f7e8 a7b8 e8e7 b8b7 f6d7 b7b2,218
8/6R1/4k1p1/6P1/4P3/4K3/8/5r2 b - -,f1e1 e3f3 e1f1 f3e2 f1g1 g7g6 e6f7 g6f6 f7g7 f6f5,4
8/1Q6/4b3/4k3/8/5K2/8/8 b - -,,0
8/8/8/1P6/3k4/2r3p1/3K4/6R1 b - -,,0
r2r4/pp2kpbp/3N2p1/7n/8/2N3P1/PP3P1P/3RR1K1 b - -,g7e5 e1e5 e7f8 e5e1 h5f6 g1g2 a7a6 a2a4 d8d7 d6c4,495
2rr2k1/pq1n1pbp/1p2p1p1/2p5/2PPB3/4P1P1/PB2QP1P/2RRN1K1 b - -,b7e4 f2f3 e4b7 d4d5 e6d5 d1d5 d7f6 d5d3 f6e8 b2g7,-14
r2q1rk1/pp3ppp/4bn2/1Qb3B1/8/2N3P1/PP3PBP/R2R2K1 b - -,c5d4 g5e3 e6d7 d1d4 d7b5 d4d8 a8d8 c3b5 a7a6 b5c3,333
1r4k1/2q4p/5p2/2pPp1p1/3nP1P1/R5P1/Q4P2/3B2K1 b - -,g8g7 g1g2 d4b5 a3a4 b8b7 a2a1 c5c4 d1e2 b5d6 a4a6,30
R7/4Nk1p/8/8/4n3/6P1/5PKP/3R4 b - -,g8g7 g1g2 d4b5 a3a4 b8b7 a2a1 c5c4 d1e2 b5d6 a4a6,Mate
6k1/8/p4r1p/1p6/3P4/N1P2P1b/PP1Bp2P/R5K1 b - -,g8g7 g1g2 d4b5 a3a4 b8b7 a2a1 c5c4 d1e2 b5d6 a4a6,Mate
6k1/R6p/3p1K2/4rPP1/8/1p2r3/4p3/4R3 b - -,,0
8/8/8/4k3/R6K/6P1/8/8 b - -,b3b2 a7g7 g8f8 g7h7 f8e8 g5g6 e3f3 h7h5 e8d7 g6g7,Mate
1r1r2k1/p2b3p/1p2pp2/5P2/2B5/P7/1P3PPP/2RR2K1 b - -,g8f8 f5e6 d7a4 d1e1 b8b7 f2f4 d8d2 e1e2 d2d6 c4a2,335
5rk1/2p2r2/3p3p/1p1P2p1/1PBpP1P1/5pKP/2P2R2/R7 b - -,,0
r3kb1r/pp1b2pp/1q2pn2/1PppN3/3p1B2/P7/4BPPP/RN1QK2R b KQkq -,f8d6 b1d2 b6c7 d2f3 e8h8 g2g3 d7e8 a1c1 f6h5 d1d2,-145
8/8/6kP/p5P1/3p4/1K6/8/8 b - -,f8e7 b1d2 e8h8 e1h1 d7e8 f4g3 c5c4 d2c4 d5c4 e2c4,Mate
2kr2r1/1ppq3p/1pnp4/4pbp1/1P6/2PP3P/P2NQPPN/R4RK1 b - -,g5g4 h3h4 c6e7 d2e4 e7d5 f1e1 d5f4 e2e3 d8f8 a2a4,-149
rn1qkb1r/pbp2p2/1p1p1n1p/4p1p1/2B1P3/1P1P1N1P/P1P2PP1/RNBQR1K1 b kq -,h8g8 b1c3 g5g4 h3g4 f6g4 a2a4 a7a6 g2g3 b8d7 d1e2,61
6k1/R4pp1/1p5p/5q2/2Q5/4PP1P/PP1r2P1/6K1 b - -,h6h5 c4c6 d2b2 f3f4 b2e2 a7e7 f5b1 g1h2 e2e1 h2g3,35
2q4k/2pb1p1r/pr1p4/3Pp1pp/1pP1PnP1/4RP1P/1P1N3K/2R2QN1 b - -,h5g4 f3g4 d7g4 c1a1 c7c5 d5c6 f7f6 e3g3 g4e6 c6c7,-412
r6r/p1p3k1/1p4p1/4p1K1/3PP3/PPP5/3Bbb2/1R6 b - -,c7c5 h2g3 a6a5 g3f2 a5a4 f1d1 b6a6 d2f1 c8d8 d1c2,Mate
5rk1/2p2r2/3p3p/3P2p1/1PppP1P1/5pKP/2P2R2/3R4 b - -,,0
r4rk1/pR3ppp/1np3b1/7q/8/1B3N1P/PP2QPP1/R5K1 b - -,b6d5 a1c1 h5f5 e2e5 f5c8 b7b5 f8e8 e5g3 d5f6 b5e5,118
r2r4/pp1kppbp/3P2p1/7n/4N3/2N3P1/PP3P1P/3R1RK1 b - -,a8c8 c3b5 a7a6 b5c7 e7d6 c7a6 d7e7 a6b4 g7b2 d1b1,15
8/1Q6/8/3bk3/6K1/8/8/8 b - -,,0
2r3nr/p2q1k1p/Qp3p2/3p1bp1/1bp5/2N2NB1/PP3PPP/3RR1K1 b - -,b4c3 b2c3 f5g4 e1e4 g4f3 g2f3 g8e7 a2a4 e7f5 e4c4,-260
rn3rk1/pp3ppp/1q2p3/2Pp4/6Q1/3PP3/PP3PPP/RN3RK1 b - -,b6b2 g4d4 b2d4 e3d4 b8c6 b1d2 c6d4 d2b3 d4c6 f2f4,-156
rn1q1rk1/pp3pbp/4bnp1/2p5/2PP4/2N2N2/PP2BPPP/R1BQK2R b KQ -,e6g4 d4d5 f8e8 e1h1 f6e4 c3e4 e8e4 c1g5 g7f6 g5f6,134
rnbqk2r/4bppp/p2p4/2pP4/2P5/2P5/P4PPP/R1BQKBNR b KQkq -,e7f6 d1e2 e8f8 e2c2 d8e7 e1d1 b8d7 g1f3 d7e5 f3e5,42
4k3/7p/5pp1/P1nN4/3N4/4PPP1/7P/3b2K1 b - -,e8d7 d5f6 d7c7 f6h7 c7b7 h7f8 g6g5 g3g4 c5d3 g1g2,692
6k1/R4pp1/1p5p/5q2/2Q2P2/4P2P/PP1r2P1/6K1 b - -,h6h5 b2b4 f5g6 c4f1 d2b2 f1f3 b2b4 a7e7 h5h4 e7e8,93
8/8/k3K3/p6R/8/8/8/8 b - -,h6h5 b2b4 f5g6 c4f1 d2b2 f1f3 b2b4 a7e7 h5h4 e7e8,Mate
2r2rk1/p7/1p2pp1p/5p2/2Pn4/P5P1/5PP1/1R1R1BK1 b - -,f8d8 a3a4 c8c5 f2f4 g8f8 g1f2 f8e7 b1a1 e6e5 d1d2,-208
r1b1k2r/3p4/p1nB2pp/1p2P3/4n3/1NP5/PKP1B3/3R1R2 b kq -,e4d6 e5d6 c8b7 c3c4 e8a8 c4b5 a6b5 e2b5 h6h5 b3c5,12
8/8/8/3k4/R5PK/8/8/8 b - -,e4d6 e5d6 c8b7 c3c4 e8a8 c4b5 a6b5 e2b5 h6h5 b3c5,Mate
r1bqkb1r/pp1n1p2/2p3pp/3p1p2/3P4/P2BPN2/1PP1NPPP/R2QK2R b KQkq -,f8d6 e1h1 e8h8 c2c4 d5c4 d3c4 d7f6 f1e1 g8g7 d1c2,-20
2rr2k1/pq1n1pbp/1p4p1/2pP4/8/4PPP1/PB2Q2P/2RRN1K1 b - -,g7b2 e2b2 b6b5 e3e4 c5c4 c1b1 b7b6 b2f2 c8c5 e1c2,-44
3r1rk1/p4ppp/1p1Rp3/3qB3/3PR3/5Q1P/PPP2PP1/6K1 b - -,h7h6 e4g4 f7f6 d6d5 d8d5 e5f6 d5g5 f6g5 h6g5 f3e4,642
rnbq1rk1/ppp1bppp/5n2/3p4/1P6/P1N1P3/1B1P1PPP/R2QKBNR b KQ -,a7a5 b4b5 c7c5 b5c6 b7c6 d1c2 c6c5 g1f3 b8c6 c3a4,-26
r4rk1/1bq1pp2/pp5p/2pPp1p1/2P1P1B1/7P/PPQ2PP1/R2R2K1 b - -,a8d8 d1d3 b7c8 g4c8 c7c8 a2a3 g8h7 d3f3 f7f6 c2e2,89
6k1/5p1p/6p1/8/2R1p3/8/1r2R1PP/6K1 b - -,b2e2 g1f1 e2b2 c4e4 g8g7 e4e5 b2b4 e5a5 h7h5 f1g1,-10
R7/4k2p/8/8/4n3/6P1/5PKP/4R3 b - -,b2e2 g1f1 e2b2 c4e4 g8g7 e4e5 b2b4 e5a5 h7h5 f1g1,Mate
r1bqkb1r/ppp2p1p/2n2np1/3pp3/1P6/P2P2P1/2PNPPBP/R1BQK1NR b KQkq -,f8g7 c1b2 e8h8 e2e3 f8e8 g1e2 c8f5 e1h1 d8d7 b4b5,-36
r4rk1/pp1n1ppp/4p3/2qp4/3P2Q1/2N1P3/PP3PPP/R4RK1 b - -,c5a5 f1c1 a8c8 h2h3 d7b6 a2a3 b6c4 b2b4 a5d8 c3e2,-21
r3kbnr/4pppp/p1pq4/2p4b/8/3P1N1P/PPP2PP1/RNBQ1RK1 b kq -,e7e6 b1d2 d6c7 g2g4 h5g6 d2c4 f8d6 d1e2 g8e7 c1d2,111
2rr2k1/p7/1p2pp1p/5p2/2Pn4/P5P1/1R3PP1/3R1BK1 b - -,d4f3 g2f3 d8d1 g1g2 f5f4 f1e2 d1d8 g3f4 f6f5 a3a4,-485
2b1k2r/R4ppp/1nP1p3/3pP1B1/1bnP1P2/8/1p2B1PP/1N4K1 b - -,c4d2 a7a2 d2c4 a2a7 h7h6 g5h4 h8g8 e2d3 g7g5 h4g3,-352
1rbq1rk1/2n1ppbp/5np1/pN1P4/P2P1B2/1Q3B2/1P3PPP/R3K1NR b KQ -,e7e5 f4e5 f6d5 g1e2 g7e5 d4e5 c7b5 b3d5 d8d5 f3d5,60
r4r2/1bqn1pkp/2pp1np1/1p2p3/1P1PP3/2NB1N1P/2PQ1PP1/R3R1K1 b - -,f8d8 a1d1 h7h6 d1b1 d8e8 d4e5 d6e5 c3d1 c6c5 d3b5,32
r4r2/pp3pkp/1n4p1/2pqPb2/3p4/1P6/P1PQB1PP/1NKR2NR b - -,d5e5 g1f3 e5f6 d2g5 f6d6 e2d3 f5d3 d1d3 a8c8 h1e1,181
r4rk1/1b2pp1p/6p1/pBp1b3/5P2/PP2B1qP/2P1Q1P1/3R1RK1 b - -,b7g2 e2g2 g3e3 g1h1 e5f6 d1d3 e3e6 f4f5 e6b6 f5g6,-95
4k3/7p/6p1/P1n2p2/3N4/2N1PPP1/7P/3b2K1 b - -,f5f4 e3f4 d1a4 c3e4 c5a6 g1f2 e8e7 f2e3 a4d7 e3d3,740
r7/P1p2pkp/3np1p1/4R3/3P4/2P5/5PPP/R5K1 b - -,d6c8 e5b5 a8a7 a1a7 c8a7 b5b7 a7c8 b7c7 c8d6 g1f1,530
r1bqkb1r/ppp1nppp/3p4/3Pp3/4P1n1/2N2N2/PPPB1PPP/R2QKB1R b KQkq -,c7c6 f1c4 c6d5 e4d5 a7a6 d1e2 g4f6 e1a1 e7g6 f3g5,47
r1bqkbnr/pppp1ppp/2n1p3/8/2P5/1P2P3/P2P1PPP/RNBQKBNR b KQkq -,d7d5 d2d4 e6e5 d4e5 d5d4 a2a3 g8h6 g1f3 c8g4 f1e2,6
6k1/5p1p/6p1/8/2R1p3/8/4r1PP/5K2 b - -,e2b2 c4e4 g8g7 h2h3 g6g5 e4a4 g7g6 a4a6 f7f6 f1g1,-7
8/8/2k5/7K/R5P1/8/8/8 b - -,e2b2 c4e4 g8g7 h2h3 g6g5 e4a4 g7g6 a4a6 f7f6 f1g1,Mate
5rk1/1ppb1pp1/p1nq1n1p/3p4/3P4/3B1NNP/PPP2PP1/R3Q1K1 b - -,f8e8 e1d1 f6e4 g3f1 c6e7 f3e5 d7e6 f1d2 f7f6 d3e4,-14
rn1q1rk1/pp3pbp/4bnp1/8/2PN4/2N5/PP2BPPP/R1BQK2R b KQ -,d8e8 d4e6 e8e6 c1e3 b8c6 e1h1 a8d8 d1a4 c6d4 f1e1,84
8/8/1k1K4/p6R/8/8/8/8 b - -,d8e8 d4e6 e8e6 c1e3 b8c6 e1h1 a8d8 d1a4 c6d4 f1e1,Mate
8/6R1/4k1p1/6P1/4P3/5K2/8/4r3 b - -,e1f1 f3e2 f1g1 g7g6 e6f7 g6f6 f7g7 f6f5 g7g6 e2e3,1
5rk1/p4ppp/1p1rpQ2/3qB3/3PR3/7P/PPP2PP1/6K1 b - -,d5e5 f6e5 d6d8 c2c4 a7a6 e4g4 g7g6 e5e3 f8e8 g4f4,Mate
r3k2r/ppqb2pp/3bpn2/1PppN3/3p1B2/P4N2/4BPPP/R2QK2R b KQkq -,f6h5 d1d2 e8h8 g2g3 h5f4 g3f4 f8f6 h1g1 a8f8 g1g4,-221
2k4r/ppp2ppp/2n3r1/1B4N1/3P3P/2P5/PP4K1/3R1R2 b - -,c6d8 b5d3 g6b6 b2b3 f7f6 g5e4 b6e6 e4c5 e6e7 d1e1,444
r4rk1/pp2qppp/4bB2/1Qb5/8/2N3P1/PP3PBP/R2R2K1 b - -,e7e8 b5c5 g7f6 g2b7 e8b8 b7a8 b8a8 c3d5 e6h3 d5f6,593
r4rk1/1b2pp2/pp1q3p/2pPp1p1/2P1P1B1/6PP/PPQ2P2/R2R2K1 b - -,b7c8 g4c8 a8c8 d1d3 d6g6 c2e2 a6a5 a2a3 f8d8 d3f3,91
rn1qkb1r/pbp2p2/1p1p1n1p/4p3/2B1P1P1/1P1P1N2/P1P2PP1/RNBQR1K1 b kq -,b8c6 f3h2 d8d7 b1c3 c6d4 c1e3 e8a8 a2a4 d6d5 c3d5,96
r1bqk2r/1pppnppp/2n5/p1bNp3/2PP4/P3PN2/1P3PPP/R1BQKB1R b KQkq -,e5d4 e3d4 c5a7 f1d3 d7d6 e1h1 e8h8 d5e7 c6e7 f1e1,80
4q2k/5b1p/4nb2/3KRN2/3NP3/2BPP3/QRBP4/8 b - -,e8d8 d5c4 e6d4 e5d5 f7d5 e4d5 d8c8 c4b4 c8f8 d5d6,772
2rr2k1/1q1n1p1p/6p1/pp1P4/2p1P3/P4PP1/1QN4P/2RR2K1 b - -,c4c3 b2b3 d7c5 b3b1 c5a4 d1d4 a4b2 g1g2 b7b6 c1e1,-157
r2qk2r/ppp2pp1/2np1n1p/4p3/1b2P1b1/2NP1NPP/PPP2PB1/R1BQ1RK1 b kq -,g4d7 a2a3 b4c3 b2c3 d7e6 g1h2 d8d7 a1b1 e8a8 f1e1,55
r1bqkbnr/ppp2ppp/2n1p3/3P4/8/1P2P3/P2P1PPP/RNBQKBNR b KQkq -,e6d5 c1b2 g8f6 g1f3 f8d6 f1e2 e8h8 e1h1 f8e8 d2d3,-7
rnbqkbnr/pppppQpp/8/8/8/8/PPPPPPPP/RNBQKBNR b KQkq -,e8f7 e2e4 c7c5 d1h5 g7g6 h5c5 b8c6 g1f3 e7e6 c5g5,262
r4rk1/pp2qp1p/4bp2/1Qb5/4N3/6P1/PP3PBP/R2R2K1 b - -,e6g4 e4c5 g4d1 a1d1 a7a6 b5b4 a8d8 d1e1 d8d4 b4c3,387
8/8/8/3k2PK/R7/8/8/8 b - -,e6g4 e4c5 g4d1 a1d1 a7a6 b5b4 a8d8 d1e1 d8d4 b4c3,Mate
8/8/6k1/8/1B2K3/8/4B3/8 b - -,e6g4 e4c5 g4d1 a1d1 a7a6 b5b4 a8d8 d1e1 d8d4 b4c3,Mate
8/8/k1K5/p6R/8/8/8/8 b - -,e6g4 e4c5 g4d1 a1d1 a7a6 b5b4 a8d8 d1e1 d8d4 b4c3,Mate
8/6R1/4k1p1/6P1/4P3/8/4K3/5r2 b - -,,0
rn1qkb1r/pbp2p2/1p1p3p/4p3/2B1P1nN/1P1P4/P1P2PP1/RNBQR1K1 b kq -,d8h4 d1f3 b8c6 c4f7 e8e7 c2c3 f8g7 f7d5 a8f8 f3g3,-420
