r1r1k3/p1R1nppp/1p6/1P1p4/3Pp3/P3P1P1/3N1PP1/2R3K1 w - -,g1f1 f7f5 d2b1 c8c7 c1c7 e8d8 c7c1 e7g8 c1c6 a8c8,-7
1Bn5/8/5kp1/pb3p1p/3Pp3/1BK1PP2/6PP/8 w - -,b8e5 f6e7 f3e4 f5e4 b3c2 b5c6 c3c4 e7e6 c4c5 c6d5,237
2r2rk1/1q3ppp/pn6/1p2PR2/1n1P4/6P1/PP2N2P/R1BQ2K1 w - -,,0
r4b1k/1R3B1p/5P2/4N3/1p3P2/6P1/PPb2K2/8 w - -,f7d5 h7h5 b7c7 b4b3 a2b3 a8a6 c7c2 a6f6 f2f3 h5h4,759
8/8/7k/3pKPnp/8/2P1p3/3N4/8 w - -,d2f3 g5f3 e5f4 e3e2 f4f3 e2e1q f3g2 e1c3 f5f6 h6g6,-1359
r1r1k3/p1R1np1p/1p4p1/1P1p4/3Pp1P1/P3P3/3N1PP1/2R3K1 w - -,,0
2kr1b1r/1pp1q1p1/p1np1p1p/4p3/1PPPP3/PQ3b2/1B1NBPP1/R4RK1 w - -,d2f3 h6h5 d4d5 c6b8 f3h4 e7e8 b3h3 b8d7 h3e6 c7c5,507
r1b1k1nr/2qp1ppp/p1n1p3/1p2b3/3NP3/2N1BQP1/PPP2P1P/2KR1B1R w kq -,f3e2 c8b7 f1g2 b5b4 c3a4 c6d4 e3d4 e5d4 d1d4 c7a5,50
r1bq1k1r/p1N1bp2/2p2n2/3p2p1/2pP3p/6B1/PPP1BPPP/R2Q1RK1 w - -,g3e5 a8b8 c7d5 c6d5 e5b8 f6d7 b8a7 h4h3 g2g3 d8c7,156
r3k2r/ppqnnpp1/2pbp1p1/4N3/3P1P2/6N1/PPP3PP/R1BQ1RK1 w kq -,d1f3 d7f6 c1e3 e7f5 e3f2 e8h8 c2c4 c6c5 d4c5 d6c5,-40
r1b1k2r/ppq2pp1/2n1p1p1/3pP3/N7/5N2/PPP2bPP/R1BQR2K w kq -,a4c3 f2e1 d1e1 a7a6 c1g5 c8d7 e1g3 c6e7 g5e7 e8e7,-229
8/8/5pp1/5k1p/5N2/2p1K1P1/7P/8 w - -,,0
5rk1/p1p2ppp/2p5/4r1q1/3N1n2/3P2P1/PPP2P1P/R2QR1K1 w - -,d1f3 f4g6 f3c6 e5c5 c6b7 h7h6 c2c3 g5h5 b7f3 h5h3,277
r1bq1rk1/pppp1ppp/2n2n2/2b1p3/2P5/4PP2/PP1P1NPP/RNBQKB1R w KQ -,b1c3 d7d5 c4d5 f6d5 c3d5 d8d5 f1d3 c8e6 b2b3 a8d8,-20
2kr1b1r/1pp1q1p1/p1np1p1p/8/1PPpP3/PQ3B2/1B1N1PP1/R4RK1 w - -,b4b5 c6e5 b5a6 b7a6 b2d4 h6h5 a1b1 e7e6 f1d1 c8d7,541
rnbq1rk1/pppp1ppp/4pn2/8/1b2P3/2N2N2/PPPPBPPP/R1BQK2R w KQ -,e4e5 f6d5 c3e4 f7f5 e5f6 d5f6 a2a3 b4e7 e4f6 e7f6,45
r3k1nr/1bqp1ppp/p1n1p3/1p2b3/3NP3/2N1B1P1/PPP1QP1P/2KR1B1R w kq -,f1g2 g8e7 f2f4 e5d4 e3d4 c6d4 d1d4 e8h8 h1d1 b7c6,47
rn1q1rk1/1b2bppp/p2ppn2/8/NP6/1N1B4/PP1B1PPP/R2Q1RK1 w - -,b3a5 b7e4 d3e4 f6e4 d2f4 d6d5 a2a3 b8d7 f1e1 d8e8,75
8/ppQb4/4p3/1k1p4/4r1n1/8/P4q1P/2R3K1 w - -,b3a5 b7e4 d3e4 f6e4 d2f4 d6d5 a2a3 b8d7 f1e1 d8e8,Mate
2n5/2B5/5kp1/1b3p1p/p2Pp3/1BK1PP2/6PP/8 w - -,c7d8 f6g7 b3e6 e4f3 g2f3 c8d6 d8e7 d6e8 e3e4 b5e2,129
3q1r1k/1p3ppp/p2pb3/3Np1b1/PPr1P3/8/1PN2PPP/R2Q1RK1 w - -,b4b5 f7f5 d1d3 e6d5 e4d5 d8c8 c2e3 c4c5 b5a6 b7a6,-119
r1b2bk1/1p4rp/nB1p1nq1/pN1Pp3/P3PpP1/3N4/1P2B1PP/2RQ1RK1 w - -,d3f2 h7h5 h2h3 h5g4 h3g4 f6h5 f1e1 h5g3 e2f3 c8d7,-3
5rk1/p4ppp/2rpbn2/q3p3/4P1P1/2PQBP2/P2RN2P/5RK1 w - -,e3f2 h7h6 d3e3 f8a8 g4g5 h6g5 e3g5 f6h7 g5e3 e6c4,-106
1r4k1/p1p2p2/3p1Bpp/2p1Pn2/5P1P/5Q2/2q3P1/4R2K w - -,g2g4 f5d4 f3g2 a7a5 f4f5 c2g2 h1g2 g6f5 g4f5 d4f5,-343
8/7p/2k1p3/1pr2p2/4n3/2P1R2P/3r2P1/1R3BK1 w - -,g2g4 c5c3 f1b5 c6c5 e3c3 e4c3 b1c1 c5d4 g4f5 c3b5,-272
r2r4/ppR2pkp/6p1/8/3Pb3/1P3NP1/n3BP1P/5RK1 w - -,f3g5 e4d5 e2c4 a2c3 f1e1 d8e8 e1e8 a8e8 c4d5 c3d5,189
8/4k3/4B3/8/5QK1/8/8/8 w - -,f1e1 a8c8 c7e7 e4f3 e2f3 c8c1 f3b7 c1e1 e7e1 d8d4,Mate
2nk4/p4p1p/1p4p1/1P1p2P1/3Pp3/P3P3/3N1PP1/6K1 w - -,,0
2r2rk1/3q1ppp/pn6/1p2PR2/1n1P4/2N3P1/PP5P/R1BQ2K1 w - -,,0
rn1qk2r/p4ppp/1ppbpn2/3p1b2/2PP4/1Q2PP2/PP1N2PP/R1B1KBNR w KQkq -,g2g4 f5g6 g1e2 a7a5 h2h4 h7h5 g4g5 f6g8 e3e4 g8e7,-85
8/8/5pp1/7p/5Nk1/2pK2P1/7P/8 w - -,,0
5rk1/p1p3pp/2p2n2/3r4/N1Pb4/1P4P1/P1b2PP1/R1B2RK1 w - -,g3g4 d5e5 c1b2 d4b2 a4b2 f6g4 f2f3 g4f6 f1e1 e5e1,-422
r1bq1k1r/p1N1bp2/2p2n2/3pB1p1/2pP4/7p/PPP1BPPP/R2Q1RK1 w - -,c7a8 h3g2 f1e1 h8h6 e2f3 f6e8 d1e2 c8h3 e5c7 e8c7,253
r1bq1rk1/ppp1b1p1/2np1n1p/4pp2/2P5/1PNP1NP1/PB2PPBP/R2QK2R w KQ -,e2e3 d8e8 e1h1 e7d8 a2a3 a7a5 d1e2 e8f7 a1c1 g8h8,28
rnbqkb1r/pp3pp1/2p2n1p/4p3/4P3/2NP2P1/PP3PBP/R1BQK1NR w KQkq -,f2f4 f8c5 h2h3 e5f4 g3f4 c5b6 g1e2 f6h5 d3d4 c6c5,36
3q2k1/3P1pp1/4r3/1p2B1p1/2pQ2P1/3nR2P/1P3PK1/8 w - -,e5c7 d3f4 g2f1 d8c7 d7d8q c7d8 d4d8 g8h7 d8g5 e6e3,775
r2qkb1r/1b1n1ppp/p3p3/P2p4/1p2P3/1N1BB2P/1PP2PP1/R2QK2R w KQkq -,e4d5 b7d5 e1h1 f8e7 d1h5 d8c7 f1e1 g7g6 h5h6 e7f8,16
r3kb1r/pp1qpppp/2p5/3n1b2/3P4/2N5/PP2PPPP/R1BQKB1R w KQkq -,c3d5 c6d5 e2e3 a8c8 f1d3 f5d3 d1d3 e7e6 c1d2 f8d6,-17
r1bq1rk1/pppp1ppp/2n2n2/3Np3/4P3/3P1N2/PPPbBPPP/R2QK2R w KQ -,d1d2 d7d6 c2c4 c8g4 f3g1 g4e6 g1f3 a7a5 h2h3 e6d5,-22
2n5/p2k1p1p/1p4p1/1P1p2P1/3Pp3/P3P3/5PP1/1N4K1 w - -,,0
5rk1/p2n1ppp/2rpb3/q3p1B1/4P1P1/2PQ1P2/P2RN2P/5RK1 w - -,g5e3 e6c4 d3b1 c4e2 d2e2 c6c3 f1c1 f8b8 b1a1 b8c8,-133
r2qkb1r/3n1ppp/p3p3/P2b4/1p6/1N1BB2P/1PP2PP1/R2QK2R w KQkq -,e1h1 f8e7 d1h5 d8c7 f1e1 g7g6 h5h6 e7f8 h6h4 f8e7,9
8/8/5p2/6pp/5Nk1/2K3P1/7P/8 w - -,,0
r1b1qrk1/ppp1b1p1/2np1n1p/4pp2/2P5/1PNP1NP1/PB2PPBP/R2Q1RK1 w - -,e2e3 e7d8 a2a3 c6e7 b3b4 e7g6 a3a4 c7c6 a4a5 a7a6,28
1rbn1bk1/1p3p1p/1Np3p1/p1B1p2n/2P1P3/5N1P/PP2BPP1/R5K1 w - -,a1d1 d8e6 c5f8 g8f8 f3e5 h5f6 d1d7 c8d7 b6d7 f6d7,259
5rk1/p1p3pp/2p2n2/3P4/N7/1P4P1/P1b2PP1/b1B2RK1 w - -,c1f4 a1d4 f1c1 c2g6 c1c4 f8e8 f4d2 d4e5 d5c6 e8d8,-380
6k1/5pp1/8/1p2P3/2p5/2P5/qP1N4/1R4K1 w - -,g1f2 a2a7 f2e2 a7d7 b1e1 d7g4 e2f2 g4h4 f2e2 h4h5,-425
8/8/7k/5Pnp/2PppK2/8/3N4/8 w - -,f4g3 e4e3 d2f3 g5f3 g3f3 h6g5 f5f6 g5f6 f3e2 f6e6,-891
rn1qk2r/pppb1p1p/6p1/2b1p3/2P1P3/P1N2N1P/1P3nP1/R1BQKB1R w KQkq -,d1c2 f2h1 c1h6 c5f2 e1d2 h1g3 c3d5 f7f6 a1d1 f2c5,-492
r1bq1rk1/1ppp1ppp/p1n2n2/2b1p3/2P5/2N1PP2/PP1P1NPP/R1BQKB1R w KQ -,,0
r2q1rk1/ppp1bpp1/3pbn1p/8/3QPP2/2NB4/PPP3PP/R1B2RK1 w - -,g1h1 a7a6 d4f2 b7b5 f2g3 f6d7 c1e3 e7h4 g3f3 c7c6,75
N1bq1k1r/p3bp2/2p2n2/3pB1p1/2pP4/8/PPP1BPpP/R2Q1RK1 w - -,f1e1 e7d6 e2f3 h8h4 e5g3 d6f4 g3h4 g5h4 f3g2 c8g4,285
r1q1kb1r/3n1ppp/p3p3/P2b4/1p6/1N1BB2P/1PP1QPP1/R3K2R w KQkq -,,0
r1r3k1/2q1ppbp/p2p1np1/1p1b4/1PP1P3/4BP2/P2QB1PP/1R3RK1 w - -,e4e5 d5c4 e2c4 c7c4 f1c1 c4d5 e5f6 d5d2 e3d2 g7f6,-412
r2q1rk1/ppp1bppp/4bn2/3p4/3QPP2/2NB4/PPP3PP/R1B2RK1 w - -,e4d5 f8e8 g1h1 c7c6 c1d2 b7b6 f4f5 e6d5 c3d5 c6d5,-14
r1b2bk1/1p4r1/nB1p1nq1/pN1Pp2p/P3PpP1/8/1P2BNPP/2RQ1RK1 w - -,h2h3 c8d7 e2f3 h5g4 h3g4 f8e7 f1e1 a8f8 g1f1 f6g4,-2
8/8/5p2/3N2pp/8/2K3Pk/7P/8 w - -,,0
r3k1nr/1bqp1ppp/p1n1p3/1p6/3bPP2/2N1B1P1/PPP1Q2P/2KR1B1R w kq -,f1g2 d4e3 e2e3 g8e7 d1d3 a8c8 h1d1 c6b8 e3d2 e8h8,-404
rn1qr1k1/pb1p1ppp/1p1Bp3/8/2Ppn3/P4NP1/1P2PPBP/R2Q1RK1 w - -,d6f4 d7d6 f3g5 d6d5 g5e4 d5e4 f4e5 b8c6 g2e4 d8c8,-52
1rb2rk1/4ppbp/pqn3p1/3p4/3Pn3/1PN1BN1P/P2QBPP1/R3K2R w KQ -,c3d5 b6d8 d2c1 d8d5 e1h1 c8b7 e2c4 d5f5 d4d5 c6b4,-361
r1b3kr/pp2B1p1/nb1P2p1/5p2/BP2p3/P6P/5PP1/R2QK2R w KQ -,c3d5 b6d8 d2c1 d8d5 e1h1 c8b7 e2c4 d5f5 d4d5 c6b4,Mate
2n5/4k3/6p1/pb2B2p/3Pp3/1BK1P3/6PP/8 w - -,b3c2 b5c6 c3c4 e7e6 c4c5 c6d5 c2a4 c8e7 e5c7 h5h4,230
1nbq1r1k/1p2b1pp/1n1p4/3Ppp2/1P2P3/3B1N2/2QN1PPP/B4RK1 w - -,c2b3 f5e4 d2e4 c8f5 a1b2 b8a6 f1d1 d8d7 b4b5 f5e4,1
r1b2rk1/p4ppp/1pn1pn2/2bp4/4PB2/q2B1N1P/P1PN1PP1/1R1Q1RK1 w - -,d3b5 c8b7 e4d5 f6d5 d2c4 a3c3 b1b3 c3f6 f4g5 f6f5,-112
2n5/p4p1p/1p2k1p1/1P1p2P1/3Pp3/P1N1P3/5PP1/6K1 w - -,,0
8/8/5N2/6pp/8/2K3P1/7k/8 w - -,,0
8/8/7k/5P1p/2PpnK2/8/8/8 w - -,c4c5 e4c5 f4f3 d4d3 f3f2 h6g5 f5f6 g5f6 f2e1 f6f5,-1311
r1b2bk1/1p4r1/nB1p1nq1/pN1Pp3/P3Ppp1/7P/1P2BNP1/2RQ1RK1 w - -,,0
rn2k2r/pppbqp1p/6p1/2bQp3/2P1P3/P1N2N1P/1P3nP1/R1B1KB1R w KQkq -,h1h2 c7c6 d5e5 e7e5 f3e5 c5d4 c1f4 g6g5 e5f3 d4c3,-63
rnb4r/pp3Qpp/kq3n2/8/4PB2/5K1P/P5P1/bR6 w - -,h1h2 c7c6 d5e5 e7e5 f3e5 c5d4 c1f4 g6g5 e5f3 d4c3,Mate
8/p4p1p/1p1nk1p1/1P1p2P1/3Pp3/P1N1PP2/6P1/6K1 w - -,g1f1 e4f3 g2f3 d6c4 f1e2 c4a3 e2d2 e6f5 f3f4 f5e6,-92
3q1r1k/1p3ppp/p2p4/3bp1b1/PPr1P3/8/1PN1QPPP/R4RK1 w - -,e4d5 d8c8 c2e3 c4b4 h2h3 c8d7 f1c1 g5e3 e2e3 g7g6,-150
8/3r3p/1k2p3/1pr2p2/8/2n1R2P/4B1P1/1R4K1 w - -,b1f1 c3e2 e3e2 d7d6 f1b1 e6e5 g1h2 f5f4 e2a2 d6c6,-353
r1bqkbnr/ppp3p1/2n2p2/3p3p/3Pp3/2P1P1B1/PP1N1PPP/R2QKBNR w KQkq -,h2h4 g8e7 c3c4 c8g4 f1e2 e7f5 e2g4 f5g3 f2g3 h5g4,66
N2q1k1r/p3bp2/2p1bn2/3pB1p1/2pP4/8/PPP1BPpP/R2QR1K1 w - -,a8c7 e6c8 d1c1 h8h7 e2f3 f6g4 f3g4 c8g4 c1e3 g4f5,383
rr4k1/p2q1p1p/6p1/Q2pb3/8/4PPP1/PP3PK1/2RR4 w - -,d1d5 e5d6 a5d2 b8b6 c1d1 a8d8 e3e4 f7f6 b2b4 g8g7,78
8/8/7k/5P2/2PpK2p/8/8/8 w - -,e4d3 h4h3 d3d4 h3h2 d4e5 h2h1q f5f6 h6g6 c4c5 h1c6,-1010
r3k1nr/1b1p1ppp/p3p3/1pq5/3RPP2/2N3P1/PPP1Q2P/2K2B1R w kq -,e2d2 b7c6 f1g2 b5b4 c3d1 a6a5 d1e3 g8e7 d4c4 c5b6,38
8/8/5k2/1R4p1/6r1/1K6/8/8 w - -,b5b6 f6f5 b6b5 f5g6 b3c3 g4e4 c3b2 e4f4 b5d5 g6h5,-625
8/3k2p1/pp2p3/1b1pP1Kp/1P1P4/2B1n1PB/7P/8 w - -,,0
8/8/8/6p1/4N2p/2K3P1/7k/8 w - -,,0
2kr1b1r/1pp1q1p1/p2p1p1p/nP6/2PpP3/PQ3B2/1B1N1PP1/R4RK1 w - -,b3a4 b7b6 b2d4 h6h5 b5a6 e7d7 a4b5 d7b5 c4b5 c8b8,580
3r4/ppR2pkp/6p1/3n4/3Pb3/1P3NP1/P3BP1P/6K1 w - -,c7b7 d5c3 e2a6 e4f3 b7c7 c3a2 a6c4 f3d5 c7a7 a2c1,-375
3q1rk1/5p1p/1npnp1p1/8/rQpP4/6P1/NP2BP1P/R1R3K1 w - -,b4e1 d6f5 e2d1 a4a8 a2c3 d8d4 d1c2 a8a1 c1a1 f5e7,-234
6k1/5pp1/8/1p2P3/2p5/2P5/1P1N2q1/1R4K1 w - -,g1g2 g8h7 d2f3 h7g8 f3d4 g8f8 b1a1 b5b4 c3b4 f8e8,1004
1nbq1r1k/1p2bppp/1n1p4/3Pp3/1P2P3/1Q3N2/3NBPPP/B4RK1 w - -,a1c3 b8d7 d2c4 f7f5 c4b6 d7b6 f3d2 f5e4 d2e4 d8e8,25
3r4/ppR2p1p/5kp1/8/1n1Pb3/1P3NP1/P3BP1P/6K1 w - -,g1f1 d8e8 a2a3 b4c2 a3a4 e8e7 c7c3 g6g5 c3c5 b7b6,68
4k3/5p2/p3r1p1/1pr1P2p/8/P1B2B2/1P4PP/5RK1 w - -,g1f2 e6e7 f1d1 e7d7 d1d7 e8d7 f2e3 d7e6 f3d1 e6d7,422
8/3r3p/4R3/kpr2p2/8/2n4P/4B1P1/1R4K1 w - -,b1b3 d7d2 e2b5 c3b5 b3b1 b5c3 b1b7 c3e2 g1h2 e2d4,-238
1r2nbk1/1p1n1p1p/3p2p1/1N1Pp1P1/4P3/4B1NP/rP1K1P2/1R5R w - -,h3h4 a2a5 b5c3 f8e7 b2b4 a5a6 b1a1 e7d8 d2c2 f7f6,89
r1b1k2r/1p2qppp/p2b1n2/2pN4/P4P2/3P1n2/1PP1N1PP/R1BQK2R w KQkq -,e1f2 f6d5 e2c3 d5b4 d1f3 b4c2 c1d2 e8h8 c3e4 c2d4,-509
8/8/8/8/4N2p/2K5/7k/8 w - -,,0
4r1k1/pp1q1pb1/6p1/P2p3p/3P2p1/2P3P1/1PQB1P1P/R5K1 w - -,a5a6 b7b6 c2a4 d7a4 a1a4 e8e2 d2f4 e2b2 f4d6 b6b5,-42
8/3k2p1/1p2p3/pb1pP1Kp/1PnP4/2B3PB/7P/8 w - -,b4a5 c4a5 g5g6 b5e2 g6g7 a5c4 g7f6 e2g4 h3f1 c4e3,139
8/p4p1p/1p1n2p1/1P1p1kP1/3Pp3/P1N1PP2/5KP1/8 w - -,f2e2 e4f3 e2f3 f5g5 a3a4 f7f5 c3d5 d6e4 d5e7 e4c3,-16
r5k1/1b3r1p/p3Q1p1/2R5/3P4/4P2P/1q3PP1/5RK1 w - -,g1h2 a8d8 h2g1 b2b4 f1a1 g8f8 e6e5 b4b6 e5h8 f8e7,-13
N6r/pp1k1p1p/2n1bq2/6p1/1b1pn3/4BP2/PPP1P1PP/R1Q1KBNR w KQ -,e3d2 b4d2 c1d2 e4d2 e1d2 h8a8 a1d1 c6b4 e2e3 a8c8,-682
r3k1nr/3p1ppp/p1b1p3/1pq5/3RPP2/2N3P1/PPPQ3P/2K2B1R w kq -,f1g2 b5b4 c3d1 a6a5 d1e3 g8e7 h1d1 e8h8 d4c4 c5b6,35
6k1/5p2/4p2p/2p3p1/2P4P/1P4P1/8/K7 w - -,h4h5 f7f5 a1b2 f5f4 b3b4 c5b4 b2b3 f4g3 b3b4 g8f7,-803
rr4k1/p2q1p1p/3b2p1/Q2R4/8/4PPP1/PP3PK1/2R5 w - -,a5d2 b8b6 c1d1 a8d8 d2d4 d7e7 a2a3 f7f6 b2b4 g8f7,67
rn2k1nr/pp3ppp/2pqp1b1/3p4/3P3P/2NBP3/PPP2PP1/R2QK1NR w KQkq -,h4h5 g6d3 d1d3 f7f5 g1f3 g8f6 c3e2 b8d7 a2a4 f6e4,7
r1br2k1/ppp1qppp/2nbpn2/8/2BPP2B/2N5/PP3PPP/R2QK1NR w KQ -,a2a3 c6d4 d1d4 d6f4 c4d5 c7c5 h4f6 g7f6 d4d1 e6d5,-97
2q2r1k/1p3ppp/p2p4/3Pp1b1/Pr6/4N3/1P2QPPP/R4RK1 w - -,h2h3 c8d7 f1c1 g5e3 e2e3 g7g6 b2b3 h8g7 c1c4 b4c4,-173
1rb2bk1/1p3p1p/1Np1n1p1/p1B1p2n/2P1P3/5N1P/PP2BPP1/3R2K1 w - -,c5f8 g8f8 f3e5 h5f6 d1d7 c8d7 b6d7 f6d7 e5d7 f8e7,282
r1bq1r1k/p1pn2bp/1p3p2/4p2Q/2B1P3/2N1B3/PPP2PP1/3RK1N1 w - -,c4f7 f8f7 h5f7 g7f8 c3d5 c7c6 d5f6 d8f6 d1d7 f6f7,300
1K6/6p1/1p2P3/8/3P4/4p1Pk/8/4r3 w - -,e6e7 e1d1 e7e8q d1d4 e8e3 d4g4 e3b6 g7g5 b6h6 h3g3,264
6k1/3Pb3/1q2Ppp1/1B1Q3p/5PK1/r7/6PP/8 w - -,e6e7 e1d1 e7e8q d1d4 e8e3 d4g4 e3b6 g7g5 b6h6 h3g3,Mate
rnb4r/pp4pp/1q3n2/k7/2Q1PB2/5K1P/P5P1/bR6 w - -,e6e7 e1d1 e7e8q d1d4 e8e3 d4g4 e3b6 g7g5 b6h6 h3g3,Mate
3r4/pp3pkp/6p1/8/1n1Pb3/1P3NP1/P3BP1P/2R3K1 w - -,c1c7 b4d5 c7c4 b7b5 c4c5 b5b4 f3g5 d5c3 g1f1 d8d4,55
8/8/8/6p1/4N1Pp/2K4k/8/8 w - -,e4d2 h3g4 c3d3 h4h3 d3e3 h3h2 d2e4 g4h3 e4g5 h3g2,-632
8/p4p1p/1p1n2p1/1P1p2k1/P2Pp3/2N1PP2/5KP1/8 w - -,f2e1 g5f5 c3d5 f5e6 d5b4 f7f5 b4c6 d6c8 e1d2 e4f3,-25
rn2k1nr/pp3ppp/2pqp3/3p3P/3P4/2NbP3/PPP2PP1/R2QK1NR w KQkq -,c2d3 b8d7 d1g4 g8f6 g4h4 e6e5 h4g3 e8h8 h5h6 g7g6,11
8/8/7k/5Pnp/2P1pK2/1N1p4/8/8 w - -,f4g3 e4e3 f5f6 d3d2 b3d4 d2d1q f6f7 g5f7 d4f5 h6g6,-921
2rqnrk1/p4ppp/2Ppb3/4p3/4P1PP/2PQBP2/P7/R3K1NR w KQ -,d3b5 e8c7 b5a5 d8e8 a5a4 c7a8 a1b1 a8b6 e3b6 a7b6,-81
r1bqkbnr/pp1p1ppp/2n5/2p5/2P5/3B1N2/PP3KPP/RNBQ3R w kq -,c1f4 g8f6 h1e1 f8e7 b1c3 e8h8 c3d5 f6d5 c4d5 c6b4,-134
1K6/4P1p1/1p6/8/3P4/6Pk/4p3/4r3 w - -,e7e8q h3g2 d4d5 g2f2 e8f7 f2e3 f7f4 e3d3 d5d6 e1f1,335
1n1q1r1k/1p2b1pp/1n1p4/3Ppb2/1P6/1Q3N2/3NBPPP/B1R3K1 w - -,,0
6k1/5p2/4p3/2p3p1/2P5/1P4P1/8/K7 w - -,b3b4 c5b4 a1b2 f7f5 b2c2 g8f7 c2d1 e6e5 d1e2 f7e6,-804
r1bq3k/p1pn1rbp/1p3p2/4p2Q/4P3/2N1B3/PPP2PP1/3RK1N1 w - -,h5f7 g7f8 c3d5 c7c6 d5f6 d8f6 d1d7 f6f7 d7f7 h8g8,285
r1b2rk1/p4ppp/1pn1pn2/2bp4/4PB2/1R1B1N1P/q1PN1PP1/3Q1RK1 w - -,f4g5 f6e4 d2e4 d5e4 d3e4 c8b7 d1d7 b7a6 f1c1 c6a5,-110
8/1Q3ppk/4p2p/p3Pb2/P2n1N2/1P4P1/5P1P/3q1BK1 w - -,b7a6 f5e4 f4g2 d4f3 g1h1 f3e1 h1g1 e4g2 f1e2 d1b1,-441
bnrq1rk1/4ppbp/p2p1np1/1p6/1P1PP3/P1N1BN1P/3QBPP1/2R2RK1 w - -,d4d5 c8c3 d2c3 f6e4 c3b3 e4f6 f1d1 b8d7 f3h2 d7b6,87
8/8/7k/2P2Pnp/5K2/1N1pp3/8/8 w - -,b3d4 e3e2 f5f6 e2e1q f6f7 g5f7 d4b3 e1f2 f4e4 d3d2,-1267
n7/3k2P1/5p2/5P2/8/3K4/8/8 w - -,d3d2 d7c6 g7g8q a8b6 g8e6 c6b5 d2d3 b6a4 e6f6 b5b4,2006
r2r2k1/p1q1b1pp/8/3bpp2/8/1P2BP2/P1P2QPP/1K1R2NR w - -,d1d3 e5e4 f3e4 d5e4 e3f4 c7b7 d3d8 a8d8 g1e2 d8c8,-212
8/7p/6pk/P1p5/5p2/2P4P/6P1/1K6 w - -,d1d3 e5e4 f3e4 d5e4 e3f4 c7b7 d3d8 a8d8 g1e2 d8c8,Mate
4r3/8/5k2/1R4p1/8/3K4/8/8 w - -,b5d5 e8e6 d3c4 e6e5 d5d2 f6f5 c4b4 g5g4 d2d3 f5f4,-708
6k1/5p2/4p3/6p1/1pP5/6P1/8/K7 w - -,c4c5 g8f8 a1b2 f8e7 b2b3 f7f5 b3c2 e7d7 c2d3 d7c6,-854
r4bk1/1p1b2r1/nB1p1nq1/pN1Pp3/P3PpP1/8/1P2BNP1/2RQ1RK1 w - -,,0
1rb2k2/1p3p1p/1Np1n1p1/p3p2n/2P1P3/5N1P/PP2BPP1/3R2K1 w - -,f3e5 h5f6 d1d7 f6d7 e5d7 c8d7 b6d7 f8e7 d7b8 e6d4,283
rnb1k1nr/1p3ppp/2p5/p2pP3/q3P3/5P2/PPPQ1KPP/R1B2BNR w kq -,b2b3 a4b4 d2b4 a5b4 e4d5 c6d5 c1d2 c8d7 d2b4 b8c6,243
3r4/pp3pk1/6pp/3n4/3Pb3/1P3NP1/P3BP1P/2R3K1 w - -,f3e5 e4f5 e2f3 f5e6 c1c2 d5b4 c2d2 e6d5 f3d5 d8d5,97
6k1/pp3pb1/6p1/Pq1p3p/3P2p1/2P3P1/1PQ2P1P/4B1K1 w - -,e1d2 b5a5 c2b3 a5a6 d2g5 a6c6 b3b4 f7f6 g5f4 a7a6,-125
8/8/8/6p1/6Pp/2K3k1/5N2/8 w - -,f2h1 g3g2 c3d4 g2h1 d4e5 h1g2 e5f6 h4h3 f6f5 g2g3,-1767
r3k1nr/3p1ppp/p1b1p3/2q5/1p1RPP2/2N3P1/PPPQ2BP/2K4R w kq -,c3d1 a6a5 e4e5 g8e7 g2c6 d7c6 d1f2 e8h8 f2e4 c5b6,37
8/8/7k/2P2Pn1/7p/1N1pK3/8/8 w - -,,0
3qnrk1/p4ppp/2rpb3/4p1P1/4P2P/2PQBP2/P7/R3K1NR w KQ -,h4h5 f7f5 g5f6 e8f6 h5h6 g7g6 d3d2 d8c7 e3g5 d6d5,-170
r1b2rk1/pp3pp1/2n1pq1p/2bp4/4P3/P1N2N2/1PP1BPPP/R2QK2R w KQ -,e2d3 d5d4 c3e2 e6e5 d3c4 a8b8 e1h1 b7b5 c4a2 c5b6,-80
b1rq1rk1/3nppbp/p2p1np1/1p6/1P1PP3/P1NBBN1P/3Q1PP1/2R2RK1 w - -,d4d5 d7b6 f3d4 b6c4 d3c4 c8c4 f2f3 d8d7 c3e2 e7e6,73
1r6/p1p2k2/3pRBpp/2p2n2/5P1P/5Q2/2q3P1/7K w - -,e6e5 c2c1 h1h2 f7f6 f3e4 b8b1 e4b1 c1f4 h2g1 f4d4,-731
r1b2rk1/ppp1b1p1/2np1n1p/4pp1q/2P5/1PNP1NP1/PB1QPPBP/R4RK1 w - -,e2e3 c6d8 g1h1 c7c6 f3g1 c8d7 f2f4 d8f7 a2a4 a7a5,32
5k2/5p2/4p3/2P3p1/1p6/6P1/8/K7 w - -,a1b1 f8e7 b1c2 f7f5 c2d3 e7d7 d3d4 f5f4 g3f4 g5f4,-1406
8/p6p/1p1n2p1/1P1N1pk1/P2P4/4PK2/6P1/8 w - -,d5b4 d6e4 b4c6 e4c3 c6a7 c3a4 e3e4 g5f6 e4f5 f6f5,-3
rr4k1/p2q1p1p/2p3p1/Q2pb3/8/2N1PPP1/PP3PK1/2RR4 w - -,b2b3 d7b7 c3e2 e5d6 d1d4 b7b6 a5d2 a7a5 d4h4 a5a4,100
r3r1k1/ppp2p1p/1q4p1/8/8/3Q1P1P/PPP1R1P1/R6K w - -,c2c4 b6f6 a1e1 e8e2 d3e2 g8f8 e2e3 b7b6 b2b4 h7h5,-11
r1bq1r1k/ppp3bp/1n3p2/4p2Q/2B1P3/2N1B3/PPP2PP1/3RK1N1 w - -,d1d8 f8d8 c4f7 g7f8 h5h4 d8d7 f7b3 f8g7 h4h5 d7d8,599
8/8/8/6p1/4N1kp/2K5/8/8 w - -,c3b2 h4h3 e4f2 g4g3 f2e4 g3f4 e4c5 h3h2 c5d3 f4g3,-1118
2r2rk1/3q1ppp/p7/1p1nP3/1n1P1R2/2N3P1/PP5P/R1BQ2K1 w - -,,0
8/8/7k/2P2Pn1/8/3pK2p/3N4/8 w - -,e3d3 h3h2 d3c4 h2h1q c4b5 h1d5 b5b6 d5d2 c5c6 d2d5,-672
rnb1k1nr/pp3pp1/2p4p/3pP3/q3P3/5P2/PPPQ1KPP/R1B2BNR w kq -,b2b3 a4a6 f1a6 b8a6 e4d5 c6d5 c1a3 g8e7 a3e7 e8e7,650
r1q1k2r/3nbppp/p3p3/P2b4/1p3P2/1N1BB2P/1PP1Q1P1/R3K2R w KQkq -,e1h1 e8h8 a1d1 f8e8 f1e1 e7f6 e3f2 d5b7 d1b1 c8c7,-26
r3k1nr/pppq1pp1/2np3p/4p3/1bP3b1/2NP1NP1/PP2PPBP/R1BQ1RK1 w kq -,c3d5 g8e7 a2a3 b4c5 b2b4 c5b6 d5e7 d7e7 h2h3 g4e6,76
5rk1/1bR2r1p/p3Q1p1/8/3P4/4P2P/1q3PP1/5RK1 w - -,h3h4 b2b5 c7c5 b5e8 e6e8 f8e8 f1b1 e8e7 b1b6 g8g7,-97
8/p6p/1p1n1kp1/1P3p2/PN1P4/4PK2/6P1/8 w - -,b4d5 f6e6 d5b4 d6e4 g2g4 e4c3 g4f5 g6f5 b4c6 c3a4,-14
4r3/8/6k1/1R4p1/8/8/3K4/8 w - -,b5b1 e8e5 b1h1 g6f5 d2d3 f5f4 d3d4 e5e3 h1h7 e3f3,-708
r1bq1rk1/2p1bppp/1pPp4/1B6/8/8/PPP2PPP/R1BQR1K1 w - -,c1e3 e7f6 e3d4 h7h5 a2a4 c8f5 c2c3 h5h4 h2h3 f6d4,167
2kr1b1r/1p2q3/pP1p1p1p/n1p3p1/2PpP3/P2Q1B2/1B1N1PP1/R4RK1 w - -,f3h5 c8b8 d3h3 a5c6 a3a4 c6e5 a1a3 e7d7 h3d7 d8d7,244
b1rq1rk1/4ppbp/pn1p1npB/1p6/1P1PP3/P1NB1N1P/3Q1PP1/2R2RK1 w - -,d4d5 f8e8 f3d4 e7e6 d5e6 f7e6 f1d1 e6e5 d4e2 d6d5,57
8/8/2P4k/5Pn1/8/3pK3/3N3p/8 w - -,d2b3 h2h1q e3d3 h1f3 d3c2 f3c6 c2b1 c6e4 b1b2 e4e5,-1349
r3r1k1/pp2qppp/2p2n2/5b2/3Pp3/2N1P3/PPQN1PPP/R1R3K1 w - -,,0
r4rk1/1bq1b1pp/pnn1p3/1p1pP3/5Pp1/PN1BB2P/1PPQN3/1K1R1R2 w - -,e3b6 c7b6 h3g4 h7h6 g4g5 h6g5 f1h1 g5f4 d3h7 g8f7,256
r1b1qrk1/pppnb1p1/2np3p/4pp2/2P5/1PNP1NP1/PB1QPPBP/R4RK1 w - -,f3e1 c6b4 a2a3 b4c6 e2e3 e7d8 f2f4 e5f4 g3f4 d7c5,69
5K2/1P1p4/3p4/p7/B7/8/7p/5kN1 w - -,g1e2 f1e2 a4d1 e2e3 d1f3 e3f3 b7b8q f3g4 b8b1 d6d5,3468
2rr2k1/p1q1b1pp/8/3bpp2/8/1P2BP2/P1P1NQPP/1K1R3R w - -,d1c1 d5f7 f3f4 e7a3 f4e5 c7e5 e3d4 e5e4 d4c3 a3c1,-195
r3kb1r/pp1b1ppp/1qn1p1n1/3pP3/8/P1PB1N2/3N1PPP/R1BQ1RK1 w kq -,d1e1 b6c7 d3g6 h7g6 c3c4 d5c4 d2c4 c6d4 f3d4 c7c4,-152
1r6/p1p2k2/3pRBpp/2pQ1n2/5P1P/1q6/6P1/7K w - -,d5b3 b8b3 e6e1 f7f6 e1a1 h6h5 a1a7 f6e6 a7c7 e6d5,-618
8/8/6k1/4r1p1/8/8/3K4/1R6 w - -,b1a1 g6f5 d2d3 g5g4 a1f1 f5g5 f1g1 g5f4 g1f1 f4g3,-708
r1b2r1k/p1pnqBbp/1p3p2/4p2Q/4P3/2N1B3/PPP2PP1/3RK1N1 w - -,f7g6 g7h6 e3h6 f8g8 g6f7 g8g2 g1f3 c8a6 f3h4 a8g8,500
r4r1k/1ppq3p/p2p1ppB/7Q/4P3/3P4/PPP1N2P/2K3R1 w - -,h5h4 g6g5 h4f2 f8f7 h2h4 c7c5 g1f1 g5h4 f2h4 a8g8,406
3q1rk1/5p1p/1nQ1p1p1/n7/r1pP4/6P1/NP2BP1P/R1R3K1 w - -,c6b5 a5b3 c1c4 a4c4 b5b3 c4d4 b3e3 d4d2 a1b1 d8d4,-350
8/2P5/7k/5Pn1/8/3pK3/3N4/7q w - -,e3d4 h1c6 f5f6 c6c7 d4d5 c7a5 d5c6 a5d2 c6d7 d2c2,-9605
rn1qkbnr/1b1p1ppp/p3p3/1pp5/3PP3/3Q1N2/PPP1BPPP/RNB1K2R w KQkq -,d4d5 g8f6 c1g5 d7d6 d5e6 f7e6 e4e5 c5c4 d3e3 d6e5,37
r1b1qrk1/ppp1b1p1/1nnp3p/4pp2/2P5/1PNPPNP1/PB1Q1PBP/R4RK1 w - -,d3d4 e5e4 f3e1 b6d7 f2f3 d7f6 f3e4 f6e4 d2e2 e4c3,94
8/7p/P5p1/2p3k1/5p2/2P4P/6P1/1K6 w - -,d3d4 e5e4 f3e1 b6d7 f2f3 d7f6 f3e4 f6e4 d2e2 e4c3,Mate
r1q2rk1/pp3pp1/5n1p/2bp1Q2/5P1P/2N2NP1/PP3P2/2R2RK1 w - -,f5c2 c8h3 c3e2 c5b6 e2d4 f8e8 f1d1 f6e4 f4f5 e8e7,-227
r3kbnr/2q4p/ppn1pp2/3pPbp1/1PpP1P2/P1P1B2P/3NB1P1/R2QK1NR w KQkq -,g1f3 g5f4 e3f4 f8g7 f4h2 f6e5 f3e5 c6e5 e2h5 e8d7,55
8/8/8/4r1pk/8/8/3K4/6R1 w - -,g1f1 g5g4 f1h1 h5g5 h1g1 g5f4 g1f1 f4g3 f1g1 g3f3,-484
8/3k2p1/4p3/pb1pP1Kp/2nP4/2B3PB/7P/8 w - -,g5h5 c4e3 h5g6 b5f1 h3f1 e3f1 g6g7 f1h2 c3a5 h2f3,195
3qr1k1/rb1pnpbp/p1nB2p1/8/R2pP3/3B1N2/1PQN1PPP/5RK1 w - -,c2b3 d8a8 d6c5 a6a5 d3c4 c6d8 c5a7 a8a7 b3a2 a7b8,209
rn1qkb1r/pppb1p1p/6p1/4p3/2P1P1nN/P1N5/1P3PPP/R1BQKB1R w KQkq -,f1e2 g4f2 e1f2 d8h4 g2g3 h4d8 h2h4 b8c6 c1g5 f8c5,-120
r1b2r1k/p1pnq2p/1p3pBb/4p2Q/4P3/2N1B3/PPP2PP1/3RK1N1 w - -,e3h6 f8g8 g6f7 g8g2 g1f3 c8b7 f3h4 a8g8 h4f5 e7d8,537
r1bqkbnr/1p1p2pp/2n1pp2/p7/PpB1P3/2P5/1B1P1PPP/RN1QK1NR w KQkq -,g1f3 d7d5 e4d5 e6d5 d1e2 d8e7 c4d5 e7e2 e1e2 g8e7,-110
b2q1rk1/4ppbp/p2p1npB/1p6/1PrPP3/P1N2N1P/3Q1PP1/2R1R1K1 w - -,h6g7 g8g7 d4d5 d8c7 d2e3 f8c8 c3e2 f6e4 c1c4 c7c4,78
rn1qkb1r/1b1p1ppp/p3pn2/1ppP4/4P3/3Q1N2/PPP1BPPP/RNB1K2R w KQkq -,c1g5 d7d6 d5e6 f7e6 a2a4 f8e7 g5f6 e7f6 a4b5 f6b2,41
r3kb1r/ppqb1ppp/2n1p1n1/3pP3/8/P1PB1N2/3NQPPP/R1B2RK1 w kq -,c1b2 g6f4 e2e3 f4d3 e3d3 c6e5 f3e5 c7e5 a1e1 e5f6,-199
8/3k2p1/4p3/1b1pP2K/p1nP4/2B3PB/7P/8 w - -,h5g6 c4e3 g6f7 a4a3 h3e6 d7c6 f7e7 b5e2 e6d7 c6c7,267
r3kb1r/ppqn1ppp/2p1pnb1/4N3/3P1P2/3B2N1/PPP3PP/R1BQK2R w KQkq -,d1e2 g6d3 e5d3 f8d6 e1h1 e8h8 g1h1 c6c5 d4c5 d7c5,-20
2Q5/8/7k/5Pn1/8/3pK2q/3N4/8 w - -,e3f4 h3h2 f4e3 h2e2 e3d4 e2d2 c8a6 h6h5 a6d3 d2b4,Mate
8/8/5k2/3K4/2B5/6N1/8/8 w - -,c4d3 f6e7 d3e4 e7f7 g3e2 f7f6 d5d6 f6f7 e4d5 f7g7,9605
2kr1b1r/1p6/pP1pqp1p/n1p3p1/2PpP1P1/P2Q1B2/1B1N1P2/R4RK1 w - -,e4e5 d6e5 a1b1 h6h5 d3f5 e6f5 g4f5 h5h4 a3a4 h4h3,179
r1bqkbnr/1p1p3p/2n1ppp1/p6Q/PpB1P3/2P5/1B1P1PPP/RN2K1NR w KQkq -,h5f3 c6e5 f3e2 e5c4 e2c4 d7d5 c4e2 d5e4 e2e4 d8d5,-362
rn2kb1r/pppq1ppp/4pn2/5b2/2P5/5N2/PP1PBPPP/RNBQ1RK1 w kq -,f3e5 d7d4 e5f3 d4d7 d2d4 b8c6 a2a3 a8d8 c1e3 f8e7,59
b2q1r2/4ppkp/p2p1np1/1p6/1PrPP3/P1N2N1P/3Q1PP1/2R1R1K1 w - -,d4d5 d8c7 d2e3 f8c8 c3e2 f6e4 c1c4 c7c4 e1c1 c4e2,83
1r6/p1p1R3/3p1kpp/2pQ1n2/5P1P/1q6/6P1/7K w - -,d2e3 e7e6 f3d2 c4c7 c3e2 c7c1 e1c1 d8d7 f2f3 f8c8,Mate
3q1rk1/5p1p/1n2p1p1/1Q6/r1pP4/1n4P1/NP2BP1P/R1R3K1 w - -,c1c4 a4c4 b5b3 c4d4 a1b1 d4d2 b3f3 d8d5 a2c3 d5f3,-348
8/P6p/6p1/2p3k1/8/2P2p1P/6P1/1K6 w - -,c1c4 a4c4 b5b3 c4d4 a1b1 d4d2 b3f3 d8d5 a2c3 d5f3,Mate
r3kbnr/2q4p/ppn1p3/3ppbP1/1PpP4/P1P1B2P/3NB1P1/R2QK1NR w KQkq -,d2f3 e5d4 e3d4 c6d4 f3d4 c7g3 e1f1 g8e7 e2h5 e8d7,-165
2n5/p6p/1pN2k2/1P1P1pp1/P7/4PK2/6P1/8 w - -,g2g3 c8d6 c6a7 f6e5 a7c6 e5d5 g3g4 f5g4 f3g4 h7h6,-3
r1b3rk/p1pnq2p/1p3pBB/4p2Q/4P3/2N5/PPP2PP1/3RK1N1 w - -,g6f7 c8b7 f7g8 a8g8 g1e2 d7b8 e2g3 b8c6 c3d5 e7e6,536
r2qr1k1/ppp1bpp1/3pbn1p/8/3QPP2/2NB4/PPP3PP/R1B2R1K w - -,a2a4 f6g4 h2h3 c7c5 d4g1 g4f6 g1f2 e7f8 f2g3 g8h8,84
rn2k2r/pppbqp1p/5np1/4N3/1bP1P3/2N5/PP3PPP/R1BQKB1R w KQkq -,c1f4 f6e4 d1c2 e4c3 b2c3 b4d6 c2e2 d7e6 c4c5 d6c5,-164
rnbq1rk1/pp3ppp/4pn2/2bp4/2P2B2/4PN2/PP2BPPP/RN1QK2R w KQ -,e1h1 d5c4 d1c2 d8e7 b1c3 b7b6 f1d1 c8b7 e2c4 b8d7,16
8/8/B1K5/8/1N6/8/1k6/8 w - -,c6d6 b2b3 d6c5 b3c3 a6c4 c3b2 c5d4 b2b1 d4c3 b1a1,205
rnb1qr2/pp2npp1/4p1k1/2bpP1N1/7P/8/PPP2PP1/RNBQ1RK1 w - -,h4h5 g6h6 g5e6 h6h7 e6c5 b8d7 c5d7 e8d7 b1c3 d7f5,222
2Q5/8/7k/5Pn1/3K4/3p2q1/3N4/8 w - -,,0
b4r2/4ppkp/pq1p1np1/1p6/1PrPP3/P1NQ1N1P/5PP1/2R1R1K1 w - -,d4d5 f8c8 c3a4 b6a7 c1c4 c8c4 a4c3 a7d7 f3d2 c4c8,39
rn2kb1r/pp3ppp/1q3n2/3pp3/6b1/1BP3Q1/PP1P1PPP/RNB1K1NR w KQkq -,f2f3 g4e6 g3e5 b8c6 e5e2 a8c8 d2d4 c6d4 c1e3 d4e2,-71
3r4/pp3pk1/6pp/3n1b2/3P4/1P4P1/P2NBP1P/2R3K1 w - -,d2f3 d5b4 c1c7 d8d7 c7d7 f5d7 a2a4 d7g4 g1f1 g7f6,40
r3kb1r/pp1b1ppp/1qn1p3/3pP3/5n2/P1PB1N2/3NQPPP/R1B2RK1 w kq -,e2e1 f4d3 e1d1 d3c1 d1c1 f8e7 c3c4 e8h8 a1b1 b6a6,-533
8/4k3/3n2p1/pb1PB2p/4p3/1BK1P3/6PP/8 w - -,h2h4 b5e8 e5f4 e8d7 g2g3 d7g4 c3d4 d6b5 d4c5 b5c3,198
8/P6p/6p1/2p5/5k2/2P2P1P/8/1K6 w - -,c3d4 a5a4 b3a2 d6f7 d4e4 b5f1 g2g4 h5g4 e5c3 e7d7,Mate
r2qr1k1/pppbbpp1/3p1n1p/8/4PP2/2NB4/PPP2QPP/R1B2R1K w - -,f2g3 d7c6 b2b4 a7a6 c1b2 d8d7 a1e1 b7b5 h2h3 e7f8,58
r1b1kb1r/ppp2ppp/2n5/2nNP3/6q1/5QP1/PPPP2BP/R1B1K1NR w KQkq -,d5c7 e8d8 c7a8 c6d4 f3c3 c5e6 a8c7 e6c7 h2h3 g4d7,373
8/8/5pp1/6kp/8/3N1KP1/2p4P/8 w - -,,0
1r3k2/p1p1R3/3p1Bpp/2pQ1n2/5P1P/1q6/6P1/7K w - -,d5d2 f5e7 h1h2 b3f7 f6c3 f8e8 g2g4 e8d7 f4f5 g6f5,-650
2n5/p6p/1pN3k1/1P1P1pp1/P5P1/4PK2/8/8 w - -,g4f5 g6f5 e3e4 f5f6 e4e5 f6f5 d5d6 c8d6 e5d6 f5e6,240
r1bk1b1r/ppN2ppp/2n5/2n1P3/6q1/5QP1/PPPP2BP/R1B1K1NR w KQ -,c7a8 c6d4 f3c3 c5e6 a8c7 e6c7 h2h3 d4c2 c3c2 g4g3,375
b1r5/4ppkp/pq1p1np1/1p6/1PrPP3/P1N1QN1P/5PP1/2R1R1K1 w - -,e4e5 d6e5 f3e5 b6b7 e5f3 b7c7 c3e2 a8f3 e3f3 c7d7,-71
r1b2rk1/pp2q1pp/2p2p2/2bnn3/8/2N2NQ1/PPPBB1PP/2KR3R w - -,c3d5 c6d5 h1e1 c8f5 d2c3 e5g6 e2c4 c5e3 f3d2 d5c4,-18
r2qr1k1/pppb1ppn/3p3p/4P3/5P1b/2NB2Q1/PPP3PP/R1B2R1K w - -,g3f3 d7c6 f3h5 d8e7 d3c4 d6e5 f4e5 e8f8 c3d5 c6d5,63
3r4/pp3pk1/6pp/3n4/3P2b1/1P3NP1/P3BP1P/2R3K1 w - -,g1f1 d5b4 c1c7 b4a2 f3e5 g4e2 f1e2 d8d4 f2f4 d4b4,94
8/1B6/8/1K6/1N1k4/8/8/8 w - -,b7a6 d4e4 b5c5 e4e5 a6d3 e5e6 b4d5 e6f7 d5e3 f7f6,200
4k3/6p1/4p1K1/1b1pP3/p1nP4/2B3PB/7P/8 w - -,h3e6 c4e3 g6g7 a4a3 e6f7 e8d7 h2h4 d7c6 g7f8 e3f5,540
r3k1nr/2q3bp/ppn1pp2/3pPb2/1PpP1B2/P1P2N1P/3NB1P1/R2QK2R w KQkq -,f4h2 f6e5 f3e5 c6e5 e2h5 e8d7 e1h1 g8e7 g1h1 h8f8,46
N1bk1b1r/pp3ppp/8/2n1P3/3n2q1/5QP1/PPPP2BP/R1B1K1NR w KQ -,f3c3 c5e6 a8c7 e6c7 h2h3 g4d7 g1e2 c7b5 c3d3 d4e2,353
8/8/5pp1/6k1/7p/3N1KPP/2p5/8 w - -,g3h4 g5h4 f3e3 h4h3 e3d2 h3g4 d2c2 g4f3 c2d2 g6g5,-9
2kr1b1r/1p6/pP2qp1p/n1pp2p1/2PpP1P1/P2Q4/1B1NBP2/R4RK1 w - -,e4d5 e6b6 a1b1 b6c7 d2e4 c8b8 b2c1 h6h5 g4h5 f6f5,310
r1b4k/p1pnqB1p/1p3p1B/4p2Q/4P3/2N5/PPP2Pr1/3RK1N1 w - -,g1f3 c8a6 f3h4 a8f8 h4g2 e7f7 h5f7 f8f7 g2e3 f6f5,561
r1bq1rk1/pp2bppp/2p1pn2/3pn1B1/2PP1P2/2N1P3/PP4PP/R2QKB1R w KQ -,c4c5 e5d7 f1d3 b7b6 b2b4 h7h6 g5h4 a7a5 a2a3 a5b4,-425
rnbqk2r/pp4pp/2p1ppn1/3p2B1/1b1PP3/2NB1N2/PPP2PPP/R2Q1RK1 w kq -,h2h4 f6g5 f3g5 g6f4 e4d5 c6d5 d1f3 d8f6 c3b5 h7h6,-140
3r4/pp3pk1/4b1pp/3n4/3P4/1P3NP1/P3BP1P/2R3K1 w - -,g1f1 g6g5 c1c5 d5b4 e2c4 e6h3 f1e2 b4a2 c5a5 a2c3,61
rnbqkbnr/5ppp/4p3/p1ppP3/8/P4N2/2PP1PPP/RNBQKB1R w KQkq -,f1b5 c8d7 a3a4 g8e7 e1h1 e7f5 c2c4 f8e7 c4d5 d7b5,17
r3r1k1/ppp1qppn/2bp3p/4P2Q/5P1b/2NB4/PPP3PP/R1B2R1K w - -,b2b3 d6e5 f4e5 h4g5 c1a3 g7g6 a3e7 g6h5 e7g5 h6g5,52
8/8/3k2p1/pb1P3p/4p3/1BK1P3/6PP/8 w - -,,0
rnbq1rk1/ppp1ppbp/3p2p1/3nP3/3P1P2/2P5/PP4PP/RNBQKBNR w KQ -,f1c4 d5b6 c4b3 d6e5 d4e5 a7a5 b1a3 b8c6 g1f3 a5a4,-45
rnbqk1nr/pp3ppp/3b4/2p1p3/3pP3/3P2N1/PPP1BPPP/R1BQK1NR w KQkq -,h2h4 g8f6 c1g5 e8h8 g1f3 d6c7 f3d2 c7a5 e1f1 h7h6,-33
rn1qkbnr/1p1b1ppp/p3p3/2p1P3/P1Bp1P2/5N2/1PPP2PP/RNBQK2R w KQkq -,d2d3 g8h6 e1h1 b8c6 b1d2 h6f5 d2e4 h7h5 d1e2 f8e7,39
8/1B6/8/1K6/8/3k4/2N5/8 w - -,c2b4 d3d4 b7a6 d4e5 b5c5 e5f5 c5d5 f5g6 d5e5 g6f7,196
r6k/pbpnqB1p/1p3p1B/4p2Q/4P3/2N2N2/PPP2Pr1/3RK3 w - -,f3h4 a8g8 h4f5 e7d8 f7g8 h8g8 e1d2 g2g6 d2c1 d8e8,575
8/8/6p1/5pk1/6Pp/3N1K1P/2p5/8 w - -,f3g2 f5g4 d3c1 g4h3 g2h3 g5h5 c1d3 g6g5 h3h2 h5g4,-860
r1br2k1/pp3pp1/2n1pq1p/2bp4/4P3/P1N2N2/1PP1BPPP/R2Q1RK1 w - -,d1e1 d5d4 c3a2 d4d3 e2d3 f6b2 a2c3 c6d4 c3a4 d4f3,-84
b1r5/2r1ppkp/pq1p1np1/1p6/1P1PP3/P1N1Q2P/3N1PP1/2R1R1K1 w - -,d2b3 b6c6 e3d2 c6d7 f2f3 e7e6 c3e2 d7d8 b3a5 f6d7,23
rnbqk1nr/pp3pp1/2pbp3/3p4/3P3p/4PNB1/PPPN1PPP/R2QKB1R w KQkq -,g3d6 d8d6 h2h3 b8d7 f1d3 g8f6 c2c4 e6e5 c4d5 c6d5,87
8/3kn1p1/pp2p3/3pP1Kp/3P4/BP4PB/4b2P/8 w - -,a3b4 e7c6 b4c3 b6b5 b3b4 a6a5 b4a5 b5b4 c3b2 c6a5,-210
6k1/1p3pb1/p5p1/Pq1p3p/1P1P2p1/2P3P1/2Q2P1P/4B1K1 w - -,e1d2 b5e2 c2c1 f7f6 d2e3 g8f7 e3h6 g6g5 h6g7 f7g7,-36
r3r1k1/ppp1qppn/2b4p/4p2Q/2B2P1b/2N5/PPP3PP/R1B2R1K w - -,f4e5 e8f8 c3d5 c6d5 c4d5 a8d8 d5b7 h4g5 h5e2 f8e8,48
8/8/6p1/5k2/7p/3N1K1P/2p5/8 w - -,,0
2bq1rk1/1p1nbppp/3p4/1PnPp3/4P3/5N2/1B1NBPPP/Q4RK1 w - -,b2a3 g8h8 a1b1 f7f5 e4f5 d7b6 a3c5 d6c5 g2g4 g7g6,56
r1b1kb1r/ppp1qppp/2n2n2/2Ppp3/3P4/P3PN2/1P3PPP/RNBQKB1R w KQkq -,f1e2 e5e4 f3d2 c8e6 b2b4 a7a6 b1c3 g7g6 a3a4 c6b4,6
2r5/pp3pk1/4b1pp/3n4/2BP4/1P3NP1/P4P1P/2R3K1 w - -,c1e1 a7a6 e1e5 c8d8 a2a4 b7b5 a4b5 a6b5 c4b5 d5b6,68
r5k1/1ppq1r1p/p2p1ppB/8/4PN2/3P4/PPP1Q2P/2K3R1 w - -,e2h5 g8h8 f4g6 h7g6 h6g7 h8g7 g1g6 g7f8 h5h8 f8e7,417
6rk/pbpnqB1p/1p3p1B/4p2Q/4P2N/2N5/PPP2Pr1/3RK3 w - -,h4f5 e7d8 f7g8 h8g8 e1d2 g2g6 f5h4 d8e8 d2c1 b7c6,592
2bq1r1k/1p1nbppp/3p4/1PnPp3/4P3/B4N2/3NBPPP/Q4RK1 w - -,f1d1 f7f5 e4f5 f8f5 a1b1 f5f8 h2h3 b7b6 d2c4 c8b7,51
8/1B6/8/1K6/3k4/8/8/4N3 w - -,e1c2 d4e5 b5c5 e5f6 c5d5 f6g7 d5e6 g7g8 e6f6 g8f8,188
3q1rk1/p5pp/2rpbn2/4p2P/4P3/2PQBP2/P7/R3K1NR w KQ -,h5h6 g7g6 e3g5 d8b6 a1b1 b6c7 b1d1 e6a2 d1a1 a2e6,-186
r1bq1rk1/1p2npbp/p1n1p1p1/8/2P1B3/8/PPN1QPPP/RNB1R1K1 w - -,h2h3 f7f5 e4f3 e6e5 e1d1 d8e8 f3d5 e7d5 c4d5 c6d4,-46
rnbq1rk1/pp2ppbp/3p2p1/2pnP3/3P1P2/2P2N2/PP4PP/RNBQKB1R w KQ -,f1c4 c8e6 f3g5 c5d4 f4f5 d5e3 c1e3 e6c4 d1d4 d8b6,-59
8/7p/6p1/3k2P1/5K1P/8/8/8 w - -,,0
8/5p2/p6p/1p1k4/2p3KP/1P4P1/P7/8 w - -,b3c4 b5c4 g4f3 d5d4 f3e2 d4c3 e2e3 c3b2 e3e4 c4c3,-771
1r2k3/p1p2R2/3p1Bpp/2pQ1n2/5P1P/1q6/6P1/7K w - -,d5f5 g6f5 f7e7 e8f8 e7e1 b3b4 e1c1 b4f4 c1d1 f4f2,-811
r3kb1r/pp3pp1/3p1q1p/2n1pN2/4P3/2N5/PPP2PPP/R2QK2R w KQkq -,c3d5 f6d8 b2b4 c5e4 d1d3 e4f6 d3b5 d8d7 d5c7 e8d8,122
3r4/pp3p2/4bkpp/3n4/2BP4/1P3NP1/P4P1P/2R3K1 w - -,f3e5 a7a6 g1f1 d5c7 c1d1 e6c4 b3c4 c7e6 e5g4 f6g5,76
2kr1b1r/1p6/pP3p1p/n1pPq1p1/2Pp2P1/P2Q4/1B1NBP2/R4RK1 w - -,g1g2 c8b8 a1e1 e5d6 d3g3 d6g3 f2g3 d8d6 e2d1 d6b6,424
6k1/pp3p2/6pb/Pq1p3p/1P1P2p1/2P3P1/2Q2P1P/4B1K1 w - -,g1g2 f7f5 c2d1 g8f7 g2g1 h6g5 d1b3 a7a6 b3a2 g5e7,-63
2r2bk1/1p4rp/nB1p2q1/pN1Pp3/P3Ppp1/5Pn1/1P2BNPP/3Q2RK w - -,h2g3 f4g3 f2h3 g4h3 b5a7 c8b8 f3f4 e5f4 a7b5 b8c8,-452
8/8/8/5kp1/7p/5K1P/2p5/2N5 w - -,,0
r2qkb1r/ppp2ppp/2n1b3/3pPn2/3P4/5N1P/PP3PP1/RNBQKB1R w KQkq -,f1b5 a7a6 b5a4 b7b5 a4b3 c6a5 b1c3 c7c5 c3e2 a5b3,35
8/8/8/8/8/2K1k3/8/1R6 w - -,c1f4 a7a6 b1c3 f8e7 g2g4 f5h4 f3h4 e7h4 f1g2 e8h8,Mate
rnb1kb1r/ppp1pppp/3q1n2/4N3/N2p4/8/PPPPPPPP/R1BQKB1R w KQkq -,e5d3 e7e5 f2f3 e5e4 f3e4 f6e4 e2e3 c8d7 d1f3 f7f5,-215
rnbqkbnr/p4p1p/1pp1p1p1/3p4/2PP4/3BPN2/PP3PPP/RNBQK2R w KQkq -,h2h4 g8f6 b1c3 c8a6 h4h5 f6h5 e3e4 d5c4 d3c2 a6b7,90
Q7/7p/6p1/2p5/8/2P2PkP/8/1K6 w - -,e1h1 f8g7 b1c3 g8e7 e3e4 e8h8 d1e2 d5e4 e2e4 b8d7,Mate
2r2bk1/1p4rp/nB1p2q1/pN1Pp3/P3P1p1/5Pp1/1P2BNP1/3Q2RK w - -,f2h3 g4h3 b5a7 c8b8 f3f4 e5f4 a7b5 b8c8 b5d4 g6h6,-448
8/1B6/8/1K6/8/3k1N2/8/8 w - -,b5c5 d3e3 c5c4 e3f4 c4d4 f4f5 b7e4 f5e6 e4d3 e6f7,189
3r4/pp3p2/1n2bkpp/4N3/2BP4/1P4P1/P4P1P/2R3K1 w - -,c4e6 f7e6 e5g4 f6g7 c1c7 d8d7 c7d7 b6d7 g1g2 h6h5,197
3q1rk1/p6p/2rpbnpP/4p3/4P3/2PQBP2/P7/R3K1NR w KQ -,e3g5 d8b6 a1b1 b6c7 g1e2 e6a2 b1a1 a2c4 d3e3 a7a5,-189
8/8/8/5k2/6pp/5K1P/2p1N3/8 w - -,,0
3q2rk/pbpn1B1p/1p3p1B/4pN1Q/4P3/2N5/PPP2Pr1/3RK3 w - -,f7g8 h8g8 e1d2 g2g6 f5h4 d8e8 d2c1 e8f7 h4g6 h7g6,590
rnb1k1nr/pp3pp1/2pqp3/3p4/3P3p/4PN2/PPPN1PPP/R2QKB1R w KQkq -,h2h3 b8d7 f1d3 g8f6 c2c4 e6e5 c4d5 c6d5 d4e5 d7e5,86
b1r5/2r1ppkp/p2p1np1/1p1P4/1P2P3/P1N1q2P/3N1PP1/2R1R1K1 w - -,f2e3 c7c3 c1c3 c8c3 e4e5 d6e5 e3e4 c3a3 d2f3 f6e4,-572
3q2k1/pbpn3p/1p3p1B/4pN1Q/4P3/2N5/PPP2Pr1/3RK3 w - -,e1d2 g2g6 f5h4 d8e8 d2c1 b7c6 h4g6 h7g6 d1g1 g8h7,622
8/1B6/8/1K2N3/8/4k3/8/8 w - -,b5c5 e3f4 e5d3 f4f5 c5d6 f5f6 b7e4 f6g7 d3f4 g7f6,185
rnbqk2r/pp3pp1/2pbpn1p/3p4/3P1B1P/2NBP3/PPP2PP1/R2QK1NR w KQkq -,d1f3 c6c5 g2g4 d6f4 f3f4 c5c4 d3e2 b7b5 e2f3 b8c6,84
r2q1rk1/pppbbpp1/3p1n1p/5P2/3QP3/2NB4/PPP3PP/R1B2RK1 w - -,d4e3 d7c6 e3g3 g8h8 b2b4 b7b5 a1b1 a7a5 a2a3 a5b4,4
8/8/8/6k1/6Pp/5K2/2p1N3/8 w - -,,0
2bq1rk1/1pnnbppp/3p4/3Pp3/1P2P3/2B2N2/3NBPPP/Q4RK1 w - -,b4b5 f7f5 f1c1 d7c5 c3a5 f5e4 a5c7 d8c7 d2e4 c7d8,47
r6k/1ppq1r1p/p2p1ppB/7Q/4PN2/3P4/PPP4P/2K3R1 w - -,f4g6 h7g6 h6g7 h8g7 g1g6 g7f8 h5h8 f8e7 h8a8 d7h3,421
5rk1/p6p/1qrpbnpP/4p1B1/4P3/2PQ1P2/P7/R3K1NR w KQ -,a1b1 b6c7 b1d1 e6a2 d1a1 a2b3 d3e3 a7a5 g1e2 b3c4,-195
r3k2r/4b2p/pq1ppp2/8/1p3Q2/6N1/PPP1B1bP/1K1R3R w kq -,e2h5 e8d7 h1e1 b6c5 h5f7 g2d5 g3e4 c5c6 e4f6 e7f6,221
8/1p3p2/p3kn1p/2p5/2P2Kp1/1PN3P1/P6P/8 w - -,c3a4 f6d7 f4g4 b7b5 c4b5 a6b5 a4c3 d7f6 g4f3 b5b4,14
8/4k3/3n2p1/p2PB2p/3Kp3/1B1bP3/6PP/8 w - -,d4c5 d6b7 c5b6 b7d6 b6c6 d6e8 d5d6 e8d6 e5d6 e7f6,469
2r5/2r1ppkp/p2p1np1/1p1b4/1P2P3/P1N1R2P/3N1PP1/2R3K1 w - -,f2f3 d5e6 g1h2 f6d7 d2b1 d7b6 h2g3 b6c4 e3d3 c4b2,-307
rnbqkb1r/p3nppp/1p2p3/2p1P3/1P1p4/P4N2/2PPBPPP/RNBQK2R w KQkq -,b4c5 b6c5 d2d3 b8c6 e1h1 e7g6 f1e1 d8c7 c2c3 f8e7,-59
r1bqkbnr/1p2pppp/p1np4/2p1P3/5P2/2N3P1/PPPP2BP/R1BQK1NR w KQkq -,g2c6 b7c6 g1f3 h7h5 b2b3 g8h6 c1b2 d6d5 d2d3 a6a5,94
r1br2k1/pp3pp1/2n1pq1p/2b5/3pP3/P1N2N2/1PP1BPPP/R1Q2RK1 w - -,c3a4 c5d6 b2b4 b7b6 c1d1 c6e7 a4b2 e7g6 f3d2 g6f4,-120
4k3/p1R5/3p1Bpp/2p5/5P1P/1r2n3/6P1/7K w - -,f6g7 e3g4 g2g3 b3g3 c7a7 h6h5 g7h8 g3f3 h1g2 f3f4,-506
2kr1b1r/1p6/pP3p1p/n1pP2p1/2Pp1qP1/P2Q1N2/1B2BP2/R4RK1 w - -,d3f5 f4f5 g4f5 h6h5 f3d2 f8d6 a1e1 d6e5 b2c1 d8d6,332
r1bq1rk1/ppp1ppbp/1n4p1/8/3P4/1Bn2N2/PPP2PPP/R1BQR1K1 w - -,b2c3 c7c5 d4c5 d8d1 e1d1 b6d7 c1e3 g7c3 a1b1 d7b8,62
r2qr1k1/pb1p1ppp/np1Bp3/8/2PQn3/P4NP1/1P2PPBP/R4RK1 w - -,f1d1 a6c5 d6c5 e4c5 d4f4 f7f5 a1c1 c5e4 f3d2 e4g5,80
8/4k1p1/pp2p3/3pP1Kp/3P4/1P4PB/4b2P/8 w - -,g5g6 a6a5 h3f5 e6f5 g6f5 e2d1 f5f4 d1b3 f4e3 b3c4,-594
2bq1rk1/1pnnb1pp/3p4/1P1Ppp2/4P3/2B2N2/3NBPPP/Q4RK1 w - -,f1c1 d7c5 c3a5 f5e4 d2e4 c5e4 c1c7 e4f2 a1c3 e5e4,43
8/8/8/1K2N3/5k2/5B2/8/8 w - -,,0
2n5/4k3/6p1/p1KPB2p/4p3/1B1bP3/6PP/8 w - -,g2g3 d3a6 b3a4 a6b7 d5d6 c8d6 e5d6 e7e6 d6c7 b7c8,556
rn1qk2r/pp2nppp/2pbp3/3p4/3P1B1P/2NPPQ2/PP3PP1/R3K1NR w KQkq -,h4h5 h7h6 g2g4 a7a5 g1e2 a5a4 a2a3 f7f6 f4d6 d8d6,24
8/5pbp/3k4/3P1p2/4K3/6P1/7P/8 w - -,e4d3 d6d5 d3e3 g7e5 e3d3 e5d4 d3c2 d5e4 c2b3 d4e5,-1324
rnb1qr2/pp2n1p1/4p1k1/2bpP1N1/5pQ1/8/PPP2PPP/RNB2RK1 w - -,c1f4 f8f4 g4f4 e7f5 b1d2 c5e7 d2f3 e7g5 f3g5 e8e7,115
rnbqk1nr/5pbp/p2pp1p1/1pp5/4P3/2NPBNP1/PPP2PBP/R2QK2R w KQkq -,e4e5 c8b7 c3e4 d6e5 f3g5 h7h6 d1f3 h6g5 e4d6 d8d6,96
8/1p1n1p2/p3k2p/2p5/N1P2Kp1/1P4P1/P6P/8 w - -,f4g4 b7b5 a4b2 d7e5 g4h5 b5c4 b3c4 e6f6 b2a4 f6g7,17
2bq1r1k/1pnnb1pp/3p4/1P1PpP2/8/2B2N2/3NBPPP/Q4RK1 w - -,a1a2 d7f6 c3a5 f6d5 b5b6 d5f4 b6c7 f4e2 g1h1 d8e8,11
r1q2rk1/3nbppp/p3p3/P2b4/1p3P2/1N1BB2P/1PP2QP1/R3K2R w KQ -,e1h1 c8c6 f1d1 f8d8 d1d2 e7f6 e3d4 f6d4 b3d4 c6c5,-36
4rrk1/p1p2ppp/8/2pnPq2/3p4/3P1N2/PPP2PPP/R2QR1K1 w - -,d1d2 e8b8 c2c3 f5f4 d2c2 d4c3 b2c3 b8b6 e1e4 f4h6,100
2r1r1k1/pp1bp2p/1q3ppB/n2PP3/8/3B1P2/P3N1PP/Q3R2K w - -,e5e6 d7a4 e2g3 a5c4 g3e4 b6b2 a1b2 c4b2 d3f1 f6f5,-109
rn1qkb1r/pp3ppp/2p1pn2/3p3b/2PP3N/4PP2/PP2B1PP/RNBQK2R w KQkq -,e1h1 g7g5 g2g4 h5g6 h4g6 h7g6 g1g2 c6c5 b1c3 b8c6,-14
r2q1rk1/4bpp1/p3pn1p/1p4P1/2pP3P/P1N1P3/1PQ2P2/1B1RK2b w - -,e1e2 h1e4 c3e4 f6e4 c2e4 g7g6 d4d5 d8d6 h4h5 e7g5,-393
3q2k1/pbpn3p/1p3prB/4pN1Q/4P3/2N5/PPP2P2/3R1K2 w - -,h5e2 g8h8 e2c4 d8e8 c4c7 b7a6 f1e1 a6c8 f5d6 e8g8,726
r2qk2r/1b1pbpp1/p3p2p/np1nP1N1/3PN3/8/PPB1QPPP/R1B2RK1 w kq -,e2h5 h8f8 g5h7 f8g8 c1e3 d8b6 a1c1 a5c4 c2b1 b7c6,46
1Q6/7p/6p1/2p5/8/2P2P1k/8/1K6 w - -,e2h5 h8f8 g5h7 f8g8 c1e3 d8b6 a1c1 a5c4 c2b1 b7c6,Mate
r1bqkb1r/1p3ppp/2p5/p2pP3/P7/2NQ4/1PP2PPP/R1B2RK1 w kq -,c3e2 f7f6 f1e1 f6e5 d3g3 e8f7 g3e5 d8d6 e5c3 d6f6,22
8/4k1p1/1p2p1K1/p2pP2p/3P4/1P4PB/4b2P/8 w - -,h3e6 e7e6 g6g5 b6b5 g5f4 a5a4 f4e3 a4a3 e3e2 a3a2,-923
2r2rk1/ppqb1ppp/2n1p3/3pP1b1/8/PNPQ4/3B1PPP/R3R1K1 w - -,b3c5 g5d2 d3d2 c6a5 c5d7 c7d7 e1e3 a5c4 d2d4 f7f5,-562
r4q1N/ppp1k1pp/2np1n2/3Bp3/4P1b1/8/PPPP1bPP/RNBQ1K1R w - -,d2d4 g4d1 c1g5 f2d4 b1c3 d1h5 f1e1 f8h8 e1d2 e7d8,-609
8/3n1p2/p3k2p/1pp5/N1P3K1/1P4P1/P6P/8 w - -,c4b5 a6b5 a4c3 d7f6 g4f3 b5b4 c3a4 f6d7 f3g4 d7f6,13
r2q1rk1/4bp2/p3pPpp/1p6/2pP3P/P1N1P3/1PQ2P2/1B1RK2b w - -,f6e7 d8e7 h4h5 e7g5 h5g6 h1f3 c3e2 f7g6 c2g6 g5g6,-317
2r5/2r1ppkp/p2p2p1/1p1n4/1P6/P1N1R2P/3N1PP1/2R3K1 w - -,c3d5 c7c1 g1h2 e7e6 d5f4 c8c3 e3e2 c3a3 d2e4 c1c4,-377
R7/8/2r3p1/2pk1p1p/4p2P/3pK1P1/3N4/8 w - -,d2b1 d5c4 b1d2 c4b5 d2b1 b5b4 a8b8 b4c4 b1a3 c4d5,-93
2r2rk1/ppqb1ppp/4p3/3pn1B1/8/PNPQ4/5PPP/R3R1K1 w - -,d3d1 d7a4 a1b1 f7f6 g5h4 c7f7 f2f4 e5g6 d1g4 h7h5,-403
8/3n1p2/4k2p/1pp5/N5K1/1P4P1/P6P/8 w - -,a4b2 d7f6 g4f3 f6d7 f3f4 d7b6 f4g4 c5c4 b3c4 b5c4,20
1r3rk1/p1p2ppp/8/2pnPq2/3p4/3P1N2/PPPQ1PPP/R3R1K1 w - -,c2c4 d4c3 b2c3 f5f4 d2c2 b8b6 e1e4 f4f5 c2d2 h7h6,103
8/1Q6/8/4K3/8/2k5/b7/8 w - -,c2c4 d4c3 b2c3 f5f4 d2c2 b8b6 e1e4 f4f5 c2d2 h7h6,Mate
rn2r1k1/pb1pqppp/1p1Qp3/8/2P5/P4NP1/1P2PPBP/R4RK1 w - -,d6e7 e8e7 a1c1 b8c6 f1d1 g8f8 b2b4 f7f6 e2e3 a8c8,56
r2q1rk1/p1nbb1pp/1p3p2/2p1p3/Nn5N/4P1P1/PB1P1PBP/2RQ1RK1 w - -,d2d3 d8e8 a4c3 a8d8 a2a3 b4c6 c3d5 c7d5 g2d5 g8h8,-237
6k1/5pp1/8/1p2q3/2p5/2P5/1P6/1R3NK1 w - -,b1d1 g7g5 g1f2 e5f4 f2e1 g5g4 d1d2 g4g3 f1g3 f4g3,-554
rnb1qr2/pp2nkp1/4N3/2bpP3/5pQ1/8/PPP2PPP/RNB2RK1 w - -,e6g5 f7g8 e5e6 e8g6 b1c3 f8f6 f1e1 b8c6 c1f4 c6d4,-263
4k3/R7/3p1Bpp/2p5/5P1P/4n3/6P1/1r5K w - -,h1h2 e3g4 h2g3 g4f6 g3f2 b1b4 f2g3 f6d5 h4h5 g6h5,-579
6k1/1p3pb1/p1q3p1/P2p3p/1P1P2p1/2P3P1/3Q1P1P/4B1K1 w - -,d2f4 g7f8 e1d2 c6d6 f4d6 f8d6 g1f1 g8g7 f1e2 g7f6,-21
r1b1k2r/pp4pp/2p2p2/2bnq3/8/2N3Q1/PPPBB1PP/R3K2R w KQkq -,g3g7 h8f8 c3d5 c6d5 e1a1 c8d7 d2a5 f8f7 g7h8 e8e7,348
r4rk1/4qp2/p3p1pp/1p6/2pP3P/P1N1P3/1PQ2P2/1B1RK2b w - -,h4h5 h1f3 h5g6 f7f5 b2b3 e7h4 b3c4 f8f6 c4c5 f6g6,-385
8/8/8/8/6kp/8/2p1N1K1/8 w - -,,0
2r5/4ppkp/p2p2p1/1p1n4/1P6/P1rR3P/3N1PP1/2R3K1 w - -,d3c3 c8c3 c1a1 d5b6 d2e4 c3c2 g2g4 h7h6 e4g3 c2c4,-450
6k1/5pp1/8/1p1qP3/2p5/2P5/1P1N4/1R4K1 w - -,b1d1 d5e5 d2f1 e5g5 g1f2 g5h4 f2e2 h4g4 e2e1 g7g5,-553
8/8/8/8/7p/5k2/2p1N3/7K w - -,e2d4 f3f4 d4c2 f4g3 h1g1 g3f3 c2d4 f3f4 d4e2 f4e4,Mate
r2q1r1k/pppbbpp1/3p1n1p/5P2/4P3/2NB4/PPP2QPP/R1B2RK1 w - -,c1f4 h8g8 f2e2 f8e8 f1f3 e7f8 f3g3 d7f5 f4h6 c7c6,8
r1b2rk1/1pq1npbp/p1n1p1p1/8/2P1B3/2N5/PPN1QPPP/R1B1R1K1 w - -,g2g3 c6e5 c1f4 c7c4 a1d1 c4e2 e1e2 e5c6 f4d6 f8d8,-14
rnb1qrk1/pp2n1p1/8/2bpP1N1/5pQ1/8/PPP2PPP/RNB2RK1 w - -,e5e6 e8g6 b1c3 f8f6 c1f4 c8e6 g4f3 b8c6 g5e6 f6e6,-283
8/8/2Q5/4K3/8/3k4/b7/8 w - -,e5e6 e8g6 b1c3 f8f6 c1f4 c8e6 g4f3 b8c6 g5e6 f6e6,Mate
q4rk1/p1nbb1pp/1p3p2/2p1p3/Nn5N/4P1P1/PB1P1P1P/2RQ1RK1 w - -,b2c3 b4d3 c1b1 d7h3 f2f3 h3f1 d1f1 f8d8 a4b2 d3b2,-337
8/8/8/8/7p/4k3/2p5/2N4K w - -,,0
r6k/1ppq1r2/p2p1ppB/7Q/4P3/3P4/PPP4P/2K3R1 w - -,h6g7 h8g7 g1g6 g7f8 h5h8 f8e7 h8a8 b7b5 b2b3 f7f8,428
3b1k2/pp4pp/2n1qp2/1N2p2n/4P3/P4NB1/1P3PPP/3R2K1 w - -,f3d2 h5g3 h2g3 d8b6 b5c3 c6d4 c3d5 e6c8 d5b6 c8c2,-519
rnb1kb1r/pp3ppp/3q4/2pp4/3Pn3/5N2/PPP1BPPP/RNBQ1RK1 w kq -,d4c5 d6c5 b1a3 c8e6 c2c4 b8c6 c1e3 c5a5 c4d5 a8d8,177
8/8/8/8/7p/1N1k4/2p5/7K w - -,h1g1 d3c3 b3c1 c3b2 c1e2 c2c1q e2c1 h4h3 g1h2 b2b1,Mate
r1bq1rk1/pp3ppp/2n5/3np3/8/PQ1B1N2/1PP2PPP/R1B1K2R w KQ -,c1g5 d5e7 e1a1 d8c7 g5e7 c7e7 b3b5 f7f6 d3e4 c8e6,32
8/3knpp1/pp2p3/1b1pPP1p/3P1K2/BP4PB/7P/8 w - -,f4g5 e6f5 h3f5 d7d8 g3g4 h5g4 f5g4 b5d7 g4f3 d7e6,-50
2rq1rk1/pb3pp1/1pnbpn1p/2pp4/3P4/2PBPN1P/PP1N1PPB/R2Q1RK1 w - -,,0
r4b1r/1bqn1k1p/p5p1/1p1Pp3/2p1Pn2/2N2Q2/PPB2PPP/R1B2RK1 w - -,,0
r1br2k1/pp3pp1/2nbpq1p/8/N2pP3/P4N2/1PP1BPPP/R1Q2RK1 w - -,c1e1 c8d7 b2b3 e6e5 a4b2 c6e7 a3a4 a8c8 e2c4 d7g4,-129
r7/1ppq1rk1/p2p1pp1/7Q/4P3/3P4/PPP4P/2K3R1 w - -,g1g6 g7f8 h5h8 f8e7 h8a8 b7b6 b2b3 d7e8 a8a6 f7h7,413
rnb1kb1r/ppp1pppp/5n2/4q3/N2p4/2P5/PP1PPPPP/R1BQKB1R w KQkq -,b2b4 e5d5 c1b2 e7e5 c3d4 e5d4 a2a3 c8e6 d1c2 b8d7,-443
8/5pbp/3k4/5K2/7P/6P1/8/8 w - -,f5e4 d6e6 e4f3 e6e5 g3g4 g7f6 f3g3 e5e4 g4g5 f6e5,-9605
r1bqkb1r/pp3ppp/2n2n2/2p1p3/N1Pp4/P2P2P1/1P2PPBP/R1BQK1NR w KQkq -,g1f3 h7h6 e1h1 f8e7 e2e3 e8h8 e3d4 e5d4 c1f4 f8e8,-59
2r1r1k1/pp1bp2p/5ppB/n1qPP3/8/3B1P2/P3N1PP/QR5K w - -,b1g1 c5d5 e5f6 e7f6 a1f6 d5f7 f6a1 a5c4 e2g3 c4e5,-75
3b1k2/pp4pp/2nN1p2/4p2n/4P3/Pq3NB1/1P3PPP/3R2K1 w - -,d1f1 b3b2 f3h4 g7g6 a3a4 d8e7 d6b5 b2c2 a4a5 e7c5,-627
2r2rk1/1pqbb1p1/p1n1pp1p/3pP3/5Q2/PNP2N1P/3B1PP1/R3R1K1 w - -,f4g3 c6e5 f3e5 f6e5 d2h6 f8f7 e1c1 d7a4 b3d2 e7c5,-285
rn1qkb1r/pp3ppp/2p1pn2/3p3b/2PP3N/3BPP2/PP4PP/RNBQK2R w KQkq -,d1b3 b8d7 b1c3 d5c4 d3c4 f6d5 g2g3 g7g5 g3g4 g5h4,-51
8/8/2r1k1p1/R1p2p1p/4p2P/3pK1P1/3N4/8 w - -,d2c4 e6d5 c4b2 c6d6 b2d1 d6b6 a5a8 d5e5 e3d2 b6b1,-68
N4b1r/pp1k1p1p/2n1bq2/6p1/4n3/2P1p3/PP2PPPP/R1Q1KBNR w KQ -,f2f3 f8c5 g2g3 e4f2 f1h3 h8a8 b2b4 c5b6 a2a4 a8d8,-495
6k1/7p/5Rp1/8/8/B3K3/6rP/8 w - -,f6f8 g8g7 f8f2 g2g5 a3f8 g7g8 f8h6 g5e5 e3d4 e5e8,290
8/8/8/1Q2K3/2b5/3k4/8/8 w - -,f6f8 g8g7 f8f2 g2g5 a3f8 g7g8 f8h6 g5e5 e3d4 e5e8,Mate
rnbq1rk1/ppp1ppbp/3p1np1/1P6/2P5/5NP1/PB1PPPBP/RN1QK2R w KQ -,b1c3 a7a6 a2a4 c7c6 e1h1 d6d5 b5c6 b8c6 c3d5 f6d5,49
2bq1rk1/1p2bppp/nn1p4/3Pp3/1P2P3/Q4N2/1B1NBPPP/5RK1 w - -,h2h3 f7f5 f1a1 g8h8 a3a5 a6b8 e2f1 b8d7 e4f5 d7f6,51
r4k2/1ppq1r2/p2p1pR1/7Q/4P3/3P4/PPP4P/2K5 w - -,h5h8 f8e7 h8a8 c7c6 a2a3 e7e6 a8g8 d6d5 g6g7 d5e4,408
8/5pbp/8/5K2/3k3P/6P1/8/8 w - -,h5h8 f8e7 h8a8 c7c6 a2a3 e7e6 a8g8 d6d5 g6g7 d5e4,Mate
2kr1b1r/1p6/pP1q1p1p/n1pP2p1/2Pp2P1/P2Q1N2/4BP2/R1B2RK1 w - -,c1d2 h6h5 d3f5 c8b8 g4h5 d6b6 f1b1 b6c7 f3d4 c5d4,450
8/4ppkp/p2p2p1/1p6/1P6/P1n4P/3N1PP1/6K1 w - -,g2g3 g7f6 g1g2 f6e6 g2f3 e6d5 h3h4 f7f6 g3g4 d5d4,-478
r6Q/1ppqkr2/p2p1pR1/8/4P3/3P4/PPP4P/2K5 w - -,h8a8 c7c5 b2b3 f7h7 a8g8 d7h3 g8d5 h3c8 g6g8 c8c6,422
4r1k1/ppp2p1p/4q1p1/8/8/3Q1P1P/PPP3P1/R6K w - -,a1d1 e6e2 b2b3 a7a6 a2a4 a6a5 h1h2 b7b6 d3d2 e2e5,-12
2r2r2/1pqbb1pk/p1n1pp1p/3pP3/8/PNP2NQP/3B1PP1/R3R1K1 w - -,f3h4 f6e5 d2h6 f8f7 h6g5 e5e4 g3g4 h7g8 h4g6 e7g5,-224
rnb2rk1/pp2n1p1/4P1q1/2bp2N1/5pQ1/8/PPP2PPP/RNB2RK1 w - -,c1f4 b8c6 b1d2 c6d4 a1e1 c8e6 g4g3 e6d7 c2c3 e7f5,-271
8/5b2/8/4K3/8/3k4/1Q6/8 w - -,c1f4 b8c6 b1d2 c6d4 a1e1 c8e6 g4g3 e6d7 c2c3 e7f5,Mate
r1b2rk1/pp4pp/2p2p2/2bnq3/8/2N3Q1/PPPBB1PP/2KR3R w - -,g3f3 d5c3 d2c3 e5e3 c1b1 e3f3 e2f3 c8e6 b2b4 c5b6,-103
2r1r1k1/pp1b3p/5ppB/n1qP4/8/3B1P2/P3N1PP/QR5K w - -,h2h3 c5d5 a1f6 d5e5 f6h4 d7f5 b1b5 e5e7 h6g5 e7d7,-195
8/8/2r2kp1/R1p2p1p/2N1p2P/3pK1P1/8/8 w - -,a5a8 f6e6 e3d2 e6d5 c4e3 d5d4 a8d8 d4e5 e3c4 e5f6,-6
5R2/6kp/6p1/8/8/B3K3/6rP/8 w - -,f8f2 g2g5 a3f8 g7g8 f8h6 g5e5 e3d4 e5e8 f2a2 g8f7,313
r2q1rk1/p1nbb2p/1pn2p2/2p1p1p1/NP5N/4P1P1/PB1P1PBP/2RQ1RK1 w - -,h4f3 c6b4 d2d4 c5d4 e3d4 e5e4 f3e1 f6f5 f2f3 d7b5,-112
8/5b2/8/4K3/3Q4/8/4k3/8 w - -,h4f3 c6b4 d2d4 c5d4 e3d4 e5e4 f3e1 f6f5 f2f3 d7b5,Mate
4r1k1/ppp2p1p/6p1/2q5/8/3Q1P1P/PPP3P1/R6K w - -,d3d2 c5e5 c2c3 b7b6 a1d1 a7a5 a2a4 e8e6 d2d8 g8g7,-23
8/5pbk/2Np1np1/P2P4/1PB2P1p/1K1Q4/7q/8 w - -,d3f3 f6e8 b3a4 h2c2 c4b3 c2b2 f3h3 b2f2 c6d8 e8c7,142
r2r2k1/ppq2ppp/2bbp3/4N2n/3QpB2/1PN5/P1P1RPPP/R5K1 w - -,e2e1 h5f4 e5c6 c7c6 e1e4 f7f5 e4f4 d6f4 d4f4 c6c3,-548
3q2k1/pbpn3p/1p3p1B/4pN1Q/4P3/2N5/PPP2P1r/3R1K2 w - -,e2e1 h5f4 e5c6 c7c6 e1e4 f7f5 e4f4 d6f4 d4f4 c6c3,Mate
r1b2rk1/pp4pp/2p5/2bnp3/8/2N5/PPPBB1PP/2KR3R w - -,c3e4 c5e7 e2c4 c8e6 e4c3 g8f7 c4d3 d5f6 d1e1 e7d6,-63
2Q5/7p/6p1/2p5/8/2P2Pk1/8/1K6 w - -,h1e1 c5f2 e1f1 c8e6 c3e4 f2d4 e4g5 e6f5 e2c4 a8e8,Mate
4k2B/p1R5/3p2pp/2p5/5PnP/1r6/6P1/7K w - -,c7c8 e8d7 g2g3 d7c8 h1g2 h6h5 g2f1 a7a5 f1e2 a5a4,-840
2r2rk1/1pqbb1p1/p3pp1p/3pn3/8/PNP2NQP/3B1PP1/R3R1K1 w - -,b3d4 e5c4 g3g6 e6e5 d2h6 f8f7 d4e2 c7d6 a1d1 f6f5,-313
8/4pp1p/p2p1kp1/1p6/1P6/P1n4P/3N1PP1/5K2 w - -,g2g3 f6e6 f1g2 e6d5 h3h4 e7e5 g2f3 d5d4 d2b3 d4d3,-499
8/5b2/8/4K3/4Q3/8/5k2/8 w - -,g2g3 f6e6 f1g2 e6d5 h3h4 e7e5 g2f3 d5d4 d2b3 d4d3,Mate
3b1k2/pp4pp/2nN1p2/4p2n/4P3/P2q1NB1/1P3PPP/1R4K1 w - -,b1c1 d3d6 b2b4 f8e8 c1f1 d6d3 f3e1 d3d2 e1f3 d2b2,-734
8/p3n2p/1p1P2k1/1P4p1/P5p1/4PK2/8/8 w - -,f3f2 g6f6 d6d7 e7c6 b5c6 f6e7 f2g3 h7h5 e3e4 e7d8,-621
r1b2rk1/pp2n1p1/2n1P1q1/2bp2N1/5BQ1/8/PPP2PPP/RN3RK1 w - -,b1c3 c6d4 f4e3 c8e6 g4d1 e7f5 d1d3 a8d8 a1d1 e6f7,-264
1r1r2k1/ppN2pb1/4b1pp/4p3/2PnP3/1P3NP1/P4PBP/R4RK1 w - -,f3d4 d8d4 f1d1 b8d8 c7d5 d4d1 a1d1 e6d5 c4d5 g7f8,91
2rqr1k1/pb3pp1/1pnbpn1p/2pp4/3P4/2PBPN1P/PP1N1PPB/R2QR1K1 w - -,f3e5 e8f8 a2a3 c6e7 d1f3 f6e8 a3a4 d8c7 f3e2 e8f6,1
r3k2r/ppq1npp1/2pbpnp1/4N3/3PNP2/8/PPP3PP/R1BQ1RK1 w kq -,d1d3 f6e4 d3e4 e7f5 g2g4 f5e7 c1e3 f7f5 e4f3 d6e5,-59
2r2rk1/1pqbb1p1/p3pp1B/3p4/8/PNP2nQP/5PP1/R3R1K1 w - -,g1h1 c7g3 f2g3 f3e1 h6g7 g8g7 a1e1 c8c3 e1b1 g7f7,-712
N4b1r/pp1k1p1p/2n2q2/5bp1/4n3/2P1Q3/PP2PPPP/R3KBNR w KQ -,a1d1 d7c8 g1f3 f8c5 f3d4 c6d4 d1d4 c5d4 e3d4 h8d8,-223
8/1p1n1p2/p6p/2p1k3/N1P3K1/1P4P1/P6P/8 w - -,g4h5 e5d4 h5h6 b7b5 c4b5 a6b5 a4c5 d7c5 h6g7 b5b4,27
r1bqnrk1/p4ppp/3p4/3pp3/4P1P1/2PQBP2/P3N2P/R3K2R w KQ -,d3d5 c8e6 d5d2 e6c4 e1h1 d6d5 e3c5 e8d6 f1d1 d8c7,-71
2r2rk1/4bpBp/pp2p1n1/8/1P2q3/P5PP/5PK1/QN5R w - -,d3d5 c8e6 d5d2 e6c4 e1h1 d6d5 e3c5 e8d6 f1d1 d8c7,Mate
2r2rk1/1pqbb3/p3pp1p/3p4/8/PNP2Q1P/5PP1/R3R1K1 w - -,e1e3 f8f7 f3h5 e7f8 a1e1 f7g7 b3d4 e6e5 d4f5 d7f5,-439
8/4pp1p/p2p2p1/1p2k3/1P6/P1n2P1P/3N2P1/5K2 w - -,f1f2 e5d4 h3h4 d4d3 d2b3 d3c2 b3a5 c3d5 a5c6 c2b2,-559
4r1k1/ppp2p1p/6p1/8/8/3Q1P1P/qPP3P1/3R3K w - -,d3b5 a2e6 b5b7 e6e2 d1g1 e2c2 b7a7 c7c5 a7d7 e8e5,-7
r2q1r1k/ppp1bpp1/2bp1n1p/5P2/4PB2/2NB4/PPP2QPP/R4RK1 w - -,a1e1 f6h7 c3e2 e7h4 g2g3 h4f6 e2d4 f8e8 b2b3 f6e5,21
rnbqkb1r/ppp2ppp/5n2/4B3/2p5/1P6/P2PPPPP/RN1QKBNR w KQkq -,b3c4 b8c6 e5c3 c8f5 g1f3 h7h5 e2e3 h5h4 f1e2 h4h3,103
R7/8/2r2k2/2p2ppp/2N1p2P/3pK1P1/8/8 w - -,,0
2rq1rk1/1p2bppp/p2p1n2/2nPp3/2P5/1N1Q4/PP1BBPPP/R4RK1 w - -,b3c5 c8c5 d2e3 c5c8 b2b4 f6d7 f1c1 b7b6 e2g4 c8b8,96
r1b1k1nr/ppp2ppp/2n5/4P3/2Pq4/8/PP1Q1PPP/RN2KBNR w KQkq -,d2d4 c6d4 b1a3 c8d7 e1a1 d4e6 a3b5 g8e7 g1f3 a7a6,68
2r2rk1/4bpBp/pp2p3/8/1P2q2n/P5PP/5P1K/QN5R w - -,d2d4 c6d4 b1a3 c8d7 e1a1 d4e6 a3b5 g8e7 g1f3 a7a6,Mate
5R2/6kp/8/4K1p1/8/B7/7r/8 w - -,a3c5 h2h1 f8b8 g7h6 c5e3 h1e1 b8b6 h6h5 e5e4 h5g4,-5
3q3k/pbpn3p/1p3prB/4pN2/4P3/2N5/PPP1QP2/3R1K2 w - -,e2c4 b7c8 c4f7 d8g8 d1d7 g8f7 d7f7 c8f5 f7f8 g6g8,704
2kr1b1r/1p6/pP1q1p2/n1pP2pp/2Pp2P1/P2Q1N2/4BP2/1RB2RK1 w - -,d3f5 d6d7 f5d7 c8d7 g4h5 d8e8 e2d3 f8d6 f1e1 e8f8,379
8/2p4p/pb2kp2/2p2p2/5B2/2P2P1P/PPK2P2/8 w - -,c3c4 e6f7 c2d3 f7e6 f4g3 e6f7 f3f4 f7e6 d3c2 b6a5,65
8/4pp1p/p2p2p1/1p6/1P1k4/P1n2P1P/3N1KP1/8 w - -,g2g4 d4d3 d2b3 c3d5 b3a5 d3c2 a5c6 c2b3 c6b8 b3a3,-585
rnbq1rk1/pp1nbppp/2p1p3/3pN1B1/2PP4/2N1P3/PP3PPP/R2QKB1R w KQ -,f2f4 e7g5 e5d7 g5h4 g2g3 c8d7 g3h4 d8h4 e1d2 c6c5,-251
r1bq1rk1/1p3pp1/p1n1p2p/8/2BP3b/2N2N2/PP2QPP1/3R1RK1 w - -,c4b3 h4f6 d4d5 e6d5 c3d5 c8g4 e2e4 g4f3 e4f3 f6b2,-13
r2qnrk1/p4ppp/3pb3/3Qp3/4P1P1/2P1BP2/P3N2P/R3K2R w KQ -,d5d2 f7f6 a1c1 a8c8 c3c4 f8f7 e1f2 c8c4 c1c4 e6c4,-73
5R2/6k1/2r5/2p2ppp/2N1p2P/3pK1P1/8/8 w - -,,0
8/1p1n1p2/p6p/2p4K/N1Pk4/1P4P1/P6P/8 w - -,h5h6 b7b5 c4b5 a6b5 a4c5 d7c5 h6g7 b5b4 g7f7 d4e5,26
1rb2rk1/p2n1pbp/4p1p1/q2pP3/2p2P1P/1PN5/P1PQ1BP1/1K1R1B1R w - -,h1h3 f7f6 f2d4 f6e5 f4e5 d7e5 h4h5 b8b4 h5g6 c4b3,-42
1k1r4/1b5p/pB2Q3/1p2P1b1/8/PBq5/1PP4P/1K1r1R2 w - -,b1a2 c3c6 e6c6 b7c6 b6d8 d1d8 f1g1 g5e3 g1g4 b8c7,-286
4q1k1/1p3pb1/p5p1/P2p3p/1P1P2p1/2P3P1/3Q1P1P/4B1K1 w - -,d2d1 g7f6 e1d2 e8e4 d1c1 e4f5 c1f1 h5h4 g3h4 f6h4,-60
6k1/8/6PP/3b1B2/4p3/4P3/p7/K7 w - -,f5d7 g8f8 d7f5 d5b3 f5e4 f8g8 g6g7 b3f7 e4f5 f7h5,1459
5R2/6kp/4K3/8/6p1/B7/7r/8 w - -,,0
rn4k1/pb1prppp/1p2p3/8/2P5/P4NP1/1P2PPBP/R4RK1 w - -,a1c1 b7f3 g2f3 b8c6 f1d1 a8b8 e2e3 g7g5 f3h5 g8g7,35
r2qkb1r/1p1b1ppp/p3pn2/2pp4/3P4/2N1P2P/PPP2PP1/R1BQKB1R w KQkq -,f1e2 d8c7 e1h1 f8d6 a2a4 e8h8 a4a5 h7h6 c1d2 d7c6,-85
4r1k1/p5pp/6q1/5p2/4nP2/PN2P2b/1B4P1/RQ3RK1 w - -,b1e4 e8e4 f1f2 e4e3 a1d1 e3b3 d1d7 b3g3 d7g7 g6g7,Mate
8/8/8/6k1/6P1/5K1p/2p5/2N5 w - -,,0
r4rk1/pp4pp/2pbb3/3np3/2B5/2N5/PPPB2PP/2KRR3 w - -,d2e3 d6b4 e3d2 b4d6 c3d5 e6d5 d2c3 d5c4 d1d6 a8e8,4
8/6k1/2r5/2p2R1p/2N1p2p/3pK1P1/8/8 w - -,,0
2r2rk1/5pBp/pp1bp3/8/1P2q2P/P6P/5P1K/QN5R w - -,g3h4 c6g6 f5h5 g6g3 e3f4 g3h3 f4g4 h3h1 h5d5 h1g1,Mate
2kr1b2/1p6/pP1q1p2/n1pP2pr/2Pp4/P2Q1N2/4BP2/1RB2RK1 w - -,d3f5 d6d7 f3d4 c5d4 f5d7 c8d7 e2h5 a5c4 h5g4 d7e8,448
8/7p/6p1/2p5/6Q1/2P2P2/5k2/1K6 w - -,d3f5 d6d7 f3d4 c5d4 f5d7 c8d7 e2h5 a5c4 h5g4 d7e8,Mate
6r1/2q1bk2/p5pQ/3bp3/1pp2p2/5P2/PP2N2P/R1B3RK w - -,,0
6k1/5pp1/8/1p2P3/8/1pPq4/3N4/3R2K1 w - -,g1f2 b3b2 f2e1 d3e3 e1f1 g7g5 c3c4 e3d3 f1e1 b5c4,-1041
8/4pp1p/p2p2p1/1p6/1P6/P1nk1P1P/3N2P1/4K3 w - -,h3h4 d3c2 d2e4 d6d5 e4d2 c2b2 d2f1 b2a3 e1d2 a3b3,-631
r1b1kb1r/pppp2pp/2n2n2/1N3p2/2P5/4qN2/PP2PPPP/R1B1KB1R w KQkq -,a2a3 e3b6 e2e3 f5f4 f1d3 a7a6 b5d4 f8c5 b2b4 c5d4,-717
2r2rk1/5p1p/pp2p3/4b3/1P2q2P/P6P/5P1K/QN5R w - -,a2a3 e3b6 e2e3 f5f4 f1d3 a7a6 b5d4 f8c5 b2b4 c5d4,Mate
8/R7/3r3p/p1KPk3/2P2p2/5P2/P7/8 w - -,a7e7 e5f6 c5d6 f6g5 c4c5 g5h4 c5c6 h4g3 c6c7 g3h2,9605
r2r2k1/ppq2ppp/2Nbp3/8/3Qpn2/1PN5/P1P1RPPP/R5K1 w - -,d4e4 f4e2 c3e2 c7c6 e4c6 b7c6 e2g3 g8h8 g3f1 a7a5,-550
r5kr/pp1bB1p1/nb4p1/5p2/BP2p3/P6P/5PP1/R2QK2R w KQ -,d4e4 f4e2 c3e2 c7c6 e4c6 b7c6 e2g3 g8h8 g3f1 a7a5,Mate
4k2B/R7/3p2p1/2p4p/5PnP/6r1/8/7K w - -,h8a1 g3f3 h1g2 f3f4 a7g7 g4e3 g2g3 f4f1 g7a7 e3f5,-528
3q3k/pb1n3p/1p3prB/2p1pN2/2Q1P3/2N5/PPP2P2/3R1K2 w - -,c4f7 b7a6 f1e1 d8g8 d1d7 g6h6 f7g8 h8g8 f5h6 g8f8,1069
8/3n1p2/p6K/1pp5/N1Pk4/1P4P1/P6P/8 w - -,c4b5 a6b5 a4c5 d7c5 h6g7 b5b4 g7f7 d4e5 f7g6 c5e4,26
8/2p4p/pb3p2/2pk1p2/5B2/2PK1P1P/PP3P2/8 w - -,c3c4 d5e6 d3c2 b6a5 c2b3 e6d7 f4e3 d7d6 b3c2 d6c6,71
r2q1b1Q/1b1pkp2/p2Npp2/np1nP1p1/3P4/8/PPB2PPP/R4RK1 w - -,h8g8 d8b8 g8f7 e7d8 f7f8 d8c7 f8b8 a8b8 d6b7 a5b7,446
3b1k2/pp4pp/2nN1p2/4p2n/4P3/P4NB1/1q3PPP/5RK1 w - -,d6c4 b2c2 c4e3 c2e4 f3d2 e4a4 d2c4 d8e7 f1b1 a4a6,-630
8/8/8/6k1/6P1/6K1/2p4p/2N5 w - -,g3g2 g5g4 g2h2 g4h5 h2g3 h5g5 c1e2 c2c1q e2c1 g5f5,Mate
8/2q2krQ/p4bp1/3bp3/1pp2p2/5P2/PP2N2P/R1B2R1K w - -,,0
8/3n1p2/7K/1pp5/N2k4/1P4P1/P6P/8 w - -,a4c5 d7c5 h6g7 b5b4 g7f7 d4e5 f7g6 c5e4 g3g4 e5f4,25
r1bqkb1r/ppp2p1p/2n5/1B1p4/4p3/4PN2/PPP2PPP/RN1QK2R w KQkq -,f3d4 c8d7 b1c3 f8g7 b5c6 b7c6 e1h1 e8h8 b2b4 a7a5,-45
6qk/pb1n1Q1p/1p3prB/2p1pN2/4P3/2N5/PPP2P2/3R1K2 w - -,f3d4 c8d7 b1c3 f8g7 b5c6 b7c6 e1h1 e8h8 b2b4 a7a5,Mate
8/2q2kr1/p3bbp1/4p3/1pp2p2/5P1Q/PP2N2P/R1B2R1K w - -,h3g2 g6g5 a2a3 g5g4 c1f4 e5f4 f3g4 g7g4 g2f3 f6e5,24
2r2rk1/5p1p/pp2p3/4b3/1P5P/P6P/5P2/QN2q1KR w - -,h3g2 g6g5 a2a3 g5g4 c1f4 e5f4 f3g4 g7g4 g2f3 f6e5,Mate
N1k2b1r/pp3p1p/2n2q2/5bp1/4n3/2P1Q3/PP2PPPP/2KR1BNR w - -,d1d5 g5g4 d5f5 f6f5 f2f3 e4f6 e3d2 c8b8 e2e4 f6e4,-343
r2qk2r/1p1b1pp1/1ppp1nnp/4p1Q1/2P1P2P/2NP1N2/PP3PP1/R3KB1R w KQkq -,g5d2 b6b5 c4b5 c6b5 g2g3 b5b4 c3d1 b4b3 a2a3 g6e7,-54
2rqr1k1/pb1n1pp1/1pnbp2p/2ppN3/3P4/2PBP2P/PP1N1PPB/R2QR1K1 w - -,f2f4 d7f6 d1f3 c6e7 a1d1 e7f5 g2g4 f5h4 f3h1 f6d7,43
8/8/8/8/6k1/8/2p4K/2N5 w - -,,0
8/4pp1p/p2p2p1/1p6/1P4P1/P1n2P1P/2kN4/4K3 w - -,d2f1 c3d5 e1e2 c2b3 e2d2 b3a3 d2c1 a3b4 c1b2 a6a5,-661
2r3k1/pp1b3p/6pB/n2Pr3/8/3B1P2/P3N1PP/1R5K w - -,h6f4 e5d5 d3e4 d5b5 b1d1 d7e6 h2h4 b5b2 e2d4 e6f7,-233
3b1k2/pp4pp/2nN1p2/4p2n/4P3/P4qB1/1P3PPP/5RK1 w - -,g2f3 c6d4 d6b7 d8b6 g1g2 f8e7 f1c1 d4e6 b2b4 g7g5,316
8/5pbp/8/5K2/6PP/4k3/8/8 w - -,g2f3 c6d4 d6b7 d8b6 g1g2 f8e7 f1c1 d4e6 b2b4 g7g5,Mate
4r1k1/ppp2p1p/6p1/8/8/1P1Q1P1P/P1P1q1P1/R6K w - -,d3d7 e2e5 a1d1 b7b6 a2a4 e8e6 d7d4 e5d4 d1d4 g8f8,-11
r3qrk1/Nb2bppp/1ppp4/1B1Pn3/8/8/PPP2PPP/R1BQR1K1 w - -,a7c6 e7h4 c2c4 e8c8 c6e5 d6e5 e1e5 h4f6 e5e4 c8f5,406
r3k2r/pp3ppp/5n2/q1Pp1QB1/2p5/2b1PN2/PP3PPP/R3K2R w KQkq -,e1d1 c3b2 a1b1 a5a2 f3d4 e8h8 g5f6 g7f6 f5g4 g8h8,-173
6k1/5pp1/8/1p2P3/8/2Pq4/1p1N1K2/3R4 w - -,e5e6 f7e6 f2e1 g7g5 d2b1 d3c2 d1d8 g8g7 b1d2 c2c3,-911
8/5Q2/8/5P1p/5k2/8/3K4/1R6 w - -,e5e6 f7e6 f2e1 g7g5 d2b1 d3c2 d1d8 g8g7 b1d2 c2c3,Mate
r2qk2r/1p3pp1/1ppp1nnp/4p3/2P1P1bP/2NPQN2/PP3PP1/R3KB1R w KQkq -,g2g3 b6b5 f1g2 b5b4 c3e2 e8h8 e1h1 d6d5 e4d5 c6d5,-69
2rqrbk1/1p3p2/p2p1np1/3P3p/1PPQp3/4B2P/P4PP1/2RB1RK1 w - -,d1b3 f6d7 b3a4 f8g7 d4d2 e8f8 a4d7 d8d7 c4c5 g7e5,167
8/6kp/4KR2/8/8/B5p1/7r/8 w - -,,0
8/R7/3r3p/p1KPk1p1/2P2p2/5PP1/P7/8 w - -,g3f4 e5f4 c5d6 h6h5 d6c6 g5g4 d5d6 f4g3 d6d7 h5h4,1294
8/2q2kr1/p3bb2/4p3/1pp2pp1/P4P2/1P2N1QP/R1B2R1K w - -,f3g4 c7d7 c1f4 e6d5 f1f3 d7g4 g2g4 g7g4 a1f1 e5f4,-154
4r1k1/p5pp/6q1/5p2/4nPb1/PN2P3/1B4PP/RQ3RK1 w - -,b1a2 g8h8 b2d4 e4d6 b3d2 h7h5 d2f3 g4f3 f1f3 d6e4,577
8/5pbp/8/5KP1/7P/5k2/8/8 w - -,b3d4 h7h6 b1c2 g8h7 d4f3 g4f3 f1f3 e8b8 f3f1 a7a5,Mate
3b1k2/pp4pp/2nN1p2/4p3/4P3/P4Pn1/1P3P1P/5RK1 w - -,h2g3 d8b6 d6b7 c6d4 g1g2 d4b3 b7d6 b6d4 f1d1 a7a5,430
r2qk2r/1p3pp1/1ppp1nnp/4p2b/2P1P3/2NPQN2/PP3PP1/R3KB1R w KQkq -,d3d4 h5f3 g2f3 c6c5 d4c5 d6c5 f1d3 e8f8 e1a1 g6f4,-140
3q3k/p2n1Q1p/bp3prB/2p1pN2/4P3/2N5/PPP2P2/3R1K2 w - -,d3d4 h5f3 g2f3 c6c5 d4c5 d6c5 f1d3 e8f8 e1a1 g6f4,Mate
r5q1/1b1pkpQ1/p2Npp2/np1nP1p1/3P4/8/PPB2PPP/R4RK1 w - -,g7g8 a8g8 d6b7 a5b7 c2e4 f6f5 e4d5 e6d5 f1c1 b7a5,280
R7/8/6p1/2pk1p1p/4p2P/3pK1P1/1r1N4/8 w - -,a8d8 d5e6 d8e8 e6f7 e8c8 b2c2 c8c6 f7e7 c6b6 e7d7,-417
2r1r1k1/ppqbp2p/5ppB/n2PP3/8/3B1P2/P3N1PP/QR5K w - -,f3f4 c7c5 d3e4 a5c4 e5f6 e7f6 a1f6 c5e7 f6a1 c4d6,-123
2r2rk1/4bpBp/pp2p3/8/1P2q3/P4nPP/5P1K/QN4R1 w - -,f3f4 c7c5 d3e4 a5c4 e5f6 e7f6 a1f6 c5e7 f6a1 c4d6,Mate
3r4/pp4pk/2p2p1p/8/PbPP1BP1/1P1RQ3/5K1P/7q w - -,,0
r2qk2r/1p3pp1/1ppp3p/4p2b/2P1Pnn1/2NP1N2/PP2QPP1/2KR1B1R w kq -,e2c2 g4f6 d3d4 d8c7 a2a3 e8h8 d1d2 h5f3 g2f3 c7e7,-168
8/2p4p/pb2kp2/2p2p2/2P2B2/3K1P1P/PP3P2/8 w - -,f4e3 e6e5 f3f4 e5d6 d3c3 b6a5 c3b3 a5e1 b3c2 e1a5,57
5k2/pp2b1pp/2nN1p2/4p3/4P3/P4PP1/1P5P/5RK1 w - -,d6b7 f8e8 f1d1 c6d4 g1g2 g7g5 b7a5 e7c5 b2b4 c5b6,495
2r2rk1/4bpBp/pp2p3/8/1P5n/P5PP/5PqK/QN4R1 w - -,d6b7 f8e8 f1d1 c6d4 g1g2 g7g5 b7a5 e7c5 b2b4 c5b6,Mate
r3qrk1/4bppp/1pnp4/3P4/8/8/PPP2PPP/R1BQR1K1 w - -,d5c6 a8a7 d1d5 e8c8 c1f4 a7c7 a1d1 e7f6 f4d6 f8d8,373
5k2/pp3pp1/2p1p2p/8/3Nn3/6P1/PPP2P1P/5K2 w - -,f2f4 f8e7 f1e2 e7d6 e2e3 e4f6 d4f3 f6d7 g3g4 f7f5,-191
2rqrbk1/1p3p2/3p1np1/p2P3p/PPPQp3/4B2P/5PP1/2RB1RK1 w - -,b4a5 f6d7 c1b1 f8g7 d4d2 d7c5 d1c2 g7e5 b1b6 d8f6,87
1rbq1rk1/p2n1pb1/4p1p1/2ppP2p/5P1P/2N5/PPPQ1BP1/2KR1B1R w - -,b2b3 c8b7 h1g1 g7h6 c3a4 d7e5 f2c5 d8c7 c5f8 b8f8,-146
8/5pbp/8/6PP/4K1k1/8/8/8 w - -,b2b3 c8b7 h1g1 g7h6 c3a4 d7e5 f2c5 d8c7 c5f8 b8f8,Mate
3K4/8/8/8/1N2B3/8/8/k7 w - -,b4c6 a1a2 d8c7 a2b2 e4f5 b2b3 f5g6 b3a2 c7d6 a2a3,201
r2qk2r/1p3pp1/1ppp2bp/4p3/2P1Pnn1/2NP1N2/PP1Q1PP1/2KR1B1R w kq -,g2g3 f4e6 f1h3 g6h5 f3h4 g4f6 h3e6 h5d1 e6f7 e8f7,-107
N1bk1b1r/pp1p1ppp/5n2/4q3/4P3/8/PPPP1PPP/R1BQK2R w KQ -,d2d3 e5b8 e1h1 b8a8 c2c4 b7b6 c1e3 a8c6 a1c1 h7h5,213
r6r/pp1QB1pk/nb4p1/5p2/BP2p3/P6P/5PP1/R3K2R w KQ -,f2f3 d7d5 d2d4 e5b8 e4e5 f6e8 e1h1 b8a8 c1g5 f7f6,Mate
8/5pbp/8/3K2kP/8/8/8/8 w - -,f2f3 d7d5 d2d4 e5b8 e4e5 f6e8 e1h1 b8a8 c1g5 f7f6,Mate
8/8/8/k7/3K4/2R5/8/2R5 w - -,f2f3 d7d5 d2d4 e5b8 e4e5 f6e8 e1h1 b8a8 c1g5 f7f6,Mate
r2qk2r/1p3pp1/1pppn1bp/4p3/2P1P1n1/2NP1NP1/PP1Q1P2/2KR1B1R w kq -,f1h3 g6h5 f3h4 g4f6 h3e6 h5d1 e6f7 e8f7 d2d1 d8d7,-108
8/4pp1p/p2p2p1/1p6/1P2P1P1/Pk5P/8/4K3 w - -,e1f2 b3a3 f2e3 a3b4 e3d4 g6g5 d4d5 b4c3 d5c6 b5b4,-970
6R1/8/6p1/2pk1p1p/4p2P/3pK1P1/2rN4/8 w - -,g8d8 d5e6 d2b3 e6e5 d8e8 e5d5 e8c8 c2e2 e3f4 e2f2,-501
2r1qrk1/4bppp/1pPp4/8/8/8/PPP2PPP/R1BQR1K1 w - -,c1g5 e7g5 e1e8 f8e8 d1f3 h7h6 g1f1 e8e5 a1d1 e5c5,399
r4r1k/1ppq3p/p2p1p1B/6p1/4P2Q/3P4/PPP1N2P/2K3R1 w - -,h4f2 f8f7 h2h4 c7c5 g1f1 g5h4 f2h4 a8g8 h4h5 b7b5,416
8/5pbp/8/5KPP/8/6k1/8/8 w - -,f5e4 g3g4 h5h6 g7h8 g5g6 f7g6 e4d5 g6g5 d5e6 g4g3,-908
rnbqk2r/pp3ppp/3b1p2/3p4/3P4/2N5/PP2PPPP/R2QKBNR w KQkq -,c3d5 e8h8 d5c3 d8b6 d1d2 b8c6 g1f3 c8f5 e2e3 c6b4,84
2bB4/8/3p3p/5n2/PP3k2/5B2/5PPP/4R1K1 w - -,c3d5 e8h8 d5c3 d8b6 d1d2 b8c6 g1f3 c8f5 e2e3 c6b4,Mate
3n1k2/pN2b1pp/5p2/4p3/4P3/P4PP1/1P5P/5RK1 w - -,b7d8 e7d8 f1c1 d8b6 g1f1 f8e7 b2b4 e7d7 f1e2 b6d4,544
5Bk1/7p/4KR2/8/8/6p1/7r/8 w - -,,0
r2qk2r/1p3pp1/1pppnnbp/4p3/2P1P2R/2NP1NP1/PP1Q1P2/2KR1B2 w kq -,f1h3 b6b5 c4b5 c6b5 b2b4 e8h8 d1h1 e6d4 f3d4 e5d4,-152
8/2p4p/pb3p2/2p1kp2/2P5/3KBP1P/PP3P2/8 w - -,f3f4 e5d6 e3d2 c7c6 d2e3 b6d8 d3c2 d8a5 c2d1 a5c7,57
1r1r2k1/pp4b1/4b1pp/3Npp2/2PnP3/1P3NP1/P4PBP/R4RK1 w - -,f3d4 e5d4 d5f4 g8f7 a1e1 g7f8 g2h3 e6d7 e4f5 g6f5,206
8/3K4/8/8/1N2B3/8/1k6/8 w - -,d7d6 b2c3 b4c6 c3c4 e4f5 c4b5 d6d5 b5b6 f5g6 b6c7,219
2r1br2/1pq1b1pk/p1n1pp1p/3pP3/7N/PNP3QP/3B1PP1/R3R1K1 w - -,e5f6 c7g3 f2g3 e7f6 e1e6 d5d4 a1f1 c6d8 e6f6 f8f6,-284
2rqr1k1/pb1n2p1/1pnbpp1p/2ppN3/3P4/2PBPN1P/PP3PPB/R2QR1K1 w - -,e5d7 d8d7 h2d6 d7d6 f3h4 c6e7 d3c2 e6e5 h4f5 e7f5,31
3b1k2/p5pp/5p2/4p3/4P3/P4PP1/1P5P/5RK1 w - -,g1f2 f8e7 f2e2 e7d7 f1c1 d8b6 b2b4 b6d4 a3a4 g7g5,562
r3k2r/1p2qpp1/1pppnnbp/4p3/2P1P1PR/2NP1N2/PP1Q1P2/2KR1B2 w kq -,f1e2 e8a8 d1h1 h8e8 d2e3 e7c7 g4g5 h6g5 f3g5 e6f4,-149
8/4pp1p/p2p2p1/1p6/1P2P1P1/k6P/3K4/8 w - -,d2e3 a3b4 e3d4 b4a3 d4d5 b5b4 d5c6 b4b3 c6d7 b3b2,-1053
3Q4/8/7k/4N3/4K3/8/8/8 w - -,d2e3 a3b4 e3d4 b4a3 d4d5 b5b4 d5c6 b4b3 c6d7 b3b2,Mate
2rq1rk1/4bppp/1pPp4/3Q4/8/8/PPP2PPP/R1B1R1K1 w - -,c1f4 g7g5 f4d2 e7f6 a1d1 f6e5 b2b4 c8a8 b4b5 f8e8,430
6k1/5pp1/8/1p2P3/8/2q5/1p1N4/3RK3 w - -,e1e2 c3e5 e2d3 e5c5 d1e1 g7g5 e1e4 g8g7 e4d4 c5f5,-881
8/5pbp/8/3k1K2/6PP/8/8/8 w - -,f5f4 d5d4 g4g5 d4d5 f4f5 g7e5 h4h5 e5g7 f5f4 d5e6,-9605
8/3K4/8/8/4B3/2kN4/8/8 w - -,f5f4 d5d4 g4g5 d4d5 f4f5 g7e5 h4h5 e5g7 f5f4 d5e6,Mate
8/8/6R1/2pk1p1p/4p2P/3pK1P1/3N4/2r5 w - -,g6g8 c5c4 g8f8 d5e6 f8e8 e6d7 e8a8 c4c3 a8a7 d7d6,-589
1k1r4/1b5p/pB2Q3/1p2P1b1/8/PBq5/KPP4P/5r2 w - -,b2c3 d8d1 e6g8 b7c8 c3c4 g5f4 c4b5 d1a1 a2b2 f4e5,35
r1b1nrk1/p1p2p1p/3p2p1/3Pp3/4P1Pq/2PQBP2/P3N2P/R3K2R w KQ -,e3f2 h4h3 h1g1 a8b8 e2g3 b8b2 g3f1 e8g7 c3c4 f7f5,-59
r3k2r/1p2qpp1/1pppn1bp/4p1Pn/2P1P2R/2NP1N2/PP1Q1P2/2KR1B2 w kq -,g5h6 h8h6 f1e2 h5f4 d1h1 g6h5 c1b1 f4e2 h4h5 h6h5,-190
8/5pbp/3k4/5KP1/7P/8/8/8 w - -,g5h6 h8h6 f1e2 h5f4 d1h1 g6h5 c1b1 f4e2 h4h5 h6h5,Mate
2rr2k1/p3ppbp/8/Q7/5B2/1P3P2/PqP1K1PP/2R4R w - -,,0
r3k2r/pp1qbppp/2np1n2/2p1p3/4P3/2NPBN2/PPP2PPP/R2Q1RK1 w kq -,e3g5 f6g8 c3d5 h7h6 g5d2 e7d8 a2a3 g8e7 b2b4 e8h8,24
3bk3/p5pp/5p2/4p3/4P3/P4PP1/1P5P/3R2K1 w - -,g1f1 d8b6 f1e2 b6d4 b2b4 e8d7 a3a4 d7c6 e2d3 h7h5,567
2rqr1k1/5ppp/1pPp1b2/3Q4/5B2/8/PPP2PPP/3RR1K1 w - -,b2b4 e8e1 d1e1 b6b5 f4d6 h7h5 h2h3 g7g6 d5c5 g8h7,478
2r2r2/1pqbb1pk/p1n1p2p/3pp3/7N/PNP3QP/3B1PP1/R3R1K1 w - -,c3c4 d7e8 d2c3 e7h4 g3h4 f8f4 h4g3 f4c4 b3d2 c4c5,-343
1rb2rk1/p2n1pb1/1q2p1p1/2ppP2p/5P1P/2N5/PPPQBBP1/2KR3R w - -,e2b5 d5d4 f2d4 c5d4 d2d4 g7h6 g2g4 h5g4 h4h5 b6d4,-403
8/3pkp2/p7/1p1pPp2/1n1P1Pp1/4K3/PP4PP/5R2 w - -,f1c1 g4g3 h2h4 e7f8 c1c8 f8g7 e3f3 a6a5 f3g3 a5a4,484
8/4kpbp/8/5KPP/8/8/8/8 w - -,f1c1 g4g3 h2h4 e7f8 c1c8 f8g7 e3f3 a6a5 f3g3 a5a4,Mate
rn1qkb1r/1p1b1ppp/p4n2/1N1Pp3/Q7/8/PP2PPPP/RNB1KB1R w KQkq -,c1g5 d7b5 a4h4 f8e7 b1c3 f6d5 g5e7 d5e7 a1d1 d8c7,-367
2r1q1k1/5ppp/1pPp1b2/3Q4/5B2/8/PPP2PPP/3R2K1 w - -,c2c4 c8c6 b2b3 c6c8 g2g3 e8e2 d1d2 e2e1 g1g2 h7h6,336
8/5p1p/p2p2p1/1p2p3/1P2P1P1/k1K4P/8/8 w - -,c3d2 a3b4 h3h4 a6a5 h4h5 b4b3 h5g6 h7g6 d2c1 a5a4,-1177
r1b1nrk1/p1p2p1p/3p2p1/3Pp3/4P1P1/2PQ1P1q/P3NB1P/R3K2R w KQ -,h1g1 e8g7 c3c4 a8b8 c4c5 h7h5 e1a1 h5g4 f3g4 c8g4,-60
2rr2k1/p3pp1p/8/Q7/5B2/1Pb2P2/PqP1K1PP/2R1R3 w - -,,0
rn2k2r/pbpqnpbp/1p1pp1p1/8/2PPP3/2NB1N2/PP3PPP/R1BQR1K1 w kq -,d3c2 e8h8 c1g5 h7h6 g5e3 f7f5 e4f5 e7f5 d4d5 e6d5,123
r1b2rk1/4ppbp/p2q2p1/2p1n3/2BNPB2/2P5/P4PPP/1R1Q1RK1 w - -,f4e5 g7e5 d4f3 d6d1 f1d1 e5c3 d1d3 c3g7 d3d5 a8a7,-19
2rqrbk1/1p1n1p2/p2p2p1/3P3p/1PPQp3/1B2B2P/P4PP1/2R2RK1 w - -,b3a4 f8g7 d4d2 e8f8 a4d7 d8d7 c4c5 g7e5 f1d1 g8h7,162
2r1r2k/p1q1p2p/4PppB/np1P4/b5Q1/3B1P2/P3N1PP/1R5K w - -,b1f1 a5c4 g4h4 c4e5 h6f4 e8g8 d3e4 c7c4 f4e5 f6e5,-115
2kr1b2/1p6/pP1q1p2/n1pP3r/2Pp2p1/P2Q1N2/4BP2/1RB1R1K1 w - -,f3h4 h5h4 d3f5 d6d7 e2d3 a5c4 f5f6 h4h5 c1g5 d7d5,416
8/8/8/2pk1pRp/4p2P/3pK1P1/3N4/4r3 w - -,e3f4 e4e3 g5f5 d5c6 d2b3 e1f1 f4e3 f1f5 b3d2 f5d5,-512
2kr4/1p2qpp1/1pppn1br/4p2n/2P1P1R1/2NP1N2/PP1Q1P2/2KR1B2 w - -,c3a4 c8c7 d2b4 c7b8 f3h4 g6h7 h4f5 h7f5 e4f5 h5f6,-177
8/3K4/8/2N5/1k2B3/8/8/8 w - -,d7c6 b4c4 c5e6 c4c3 c6d5 c3b2 d5d4 b2a3 d4c3 a3a2,207
1rb2rk1/p2n1pb1/4p1p1/q1ppP2p/5P1P/1PN5/P1PQBBP1/2KR3R w - -,g2g3 b8b4 c3b1 a5a2 f2c5 b4b8 c5d4 c8a6 e2a6 a2a6,-63
8/1p3pp1/p2kpn1p/2p5/2PN4/1P1K1PP1/P6P/8 w - -,d4c2 f6g8 c2e1 g8e7 d3e4 f7f5 e4e3 e7c6 e1d3 e6e5,-184
2rr3k/p3pp1p/8/6Q1/5B2/1Pb2P2/PqP1K1PP/2R1R3 w - -,,0
r1b2rk1/ppp1qppp/2nbpn2/3pN3/3P1B2/P3P3/1PPN1PPP/R2QKB1R w KQ -,f1b5 d6e5 d4e5 f6d7 d2f3 h7h6 e1h1 a7a6 b5d3 d7c5,42
6k1/5pp1/8/1p2P3/8/2P5/1p1q4/3R1K2 w - -,d1d2 b2b1q f1g2 b1e4 g2f2 e4f5 f2e2 f5e5 e2f2 e5c3,-936
Nqbk1b1r/pp1p1ppp/5n2/8/4P3/3P4/PPP2PPP/R1BQK2R w KQ -,e1h1 b8a8 c2c4 f8e7 c1e3 d7d6 a2a4 f6g4 e3d2 a8b8,225
8/5p2/p2p2pp/1p2p3/1P2P1PP/k1K5/8/8 w - -,e1h1 b8a8 c2c4 f8e7 c1e3 d7d6 a2a4 f6g4 e3d2 a8b8,Mate
8/8/8/2pk1pRp/5K1P/3pp1P1/3N4/4r3 w - -,g5f5 d5c6 d2b3 e1f1 f4e3 f1f5 b3d2 f5d5 d2e4 d5d4,-725
6k1/1p4b1/p5p1/P2p1p1p/1P1P2p1/2P1P1P1/7P/4B1K1 w - -,g1f2 g8f7 f2e2 g7f6 e2d3 f6g5 c3c4 f7e6 e1d2 g5d8,-153
r4rk1/pp1qbppp/2np1n2/2p1p3/4P3/2NPBN1P/PPP2PP1/R2Q1RK1 w - -,e3g5 f6e8 g5e7 c6e7 f3h4 h7h6 d1g4 d7g4 h3g4 g7g6,8
8/2p4p/pb1k1p2/2p2p2/2P2P2/3KB2P/PP3P2/8 w - -,e3d2 c7c6 d3c2 b6d8 c2b3 d8e7 d2a5 d6d7 a5b6 d7c8,57
5Bk1/4KR1p/8/8/8/8/7r/6q1 w - -,d3c3 b6a5 c3b3 a5e1 b3a3 e1a5 e3c1 a5e1 a3a4 d6e7,Mate
2kr4/1p2qpp1/1pppn1br/4p1N1/2P1PnR1/2NP4/PP1Q1P2/2KR1B2 w - -,g5e6 f4e6 g4g3 d8h8 c3a4 e7f6 a4b6 c8c7 b6a4 f6f4,-173
8/4K3/7k/8/5N2/8/8/1B6 w - -,e7f7 h6g5 f4e2 g5h5 f7f6 h5h6 b1e4 h6h5 e2c1 h5h6,9605
4q1k1/5ppp/1prp1b2/3Q4/1P3B2/8/P1P2PPP/3R2K1 w - -,c2c4 e8e2 c4c5 b6c5 b4c5 c6a6 f4d6 h7h6 a2a3 a6a3,256
rnbqk1nr/1pp2ppp/p2p4/2b1p3/2B1P1Q1/2N5/PPPP1PPP/R1B1K1NR w KQkq -,g4g7 d8f6 g7f6 g8f6 d2d3 h8g8 e1f1 b8c6 g1f3 c6b4,97
q1bk1b1r/pp1p1ppp/5n2/8/4P3/3P4/PPP2PPP/R1BQ1RK1 w - -,c2c4 b7b6 c1e3 a8c6 a1c1 h7h5 h2h3 c8b7 d1d2 f8c5,212
N1k2b1r/pp3p1p/2n2q2/3R1b2/4n1p1/2P1Q3/PP2PPPP/2K2BNR w - -,f2f4 f6e6 c3c4 f8c5 d5c5 e4c5 e3e6 f7e6 h2h3 g4g3,-382
8/1p3pp1/p2k1n1p/2p1p3/2P5/1P1K1PP1/P3N2P/8 w - -,h2h4 g7g6 e2c3 f6d7 c3d5 f7f5 d3e3 d6e6 d5c7 e6f7,-161
2r4k/p3pp1p/8/6Q1/5B2/1Pb2P2/PqP1K1PP/2Rr4 w - -,,0
r4rk1/pp1qbppp/2n2n2/4p3/4PB2/2N2N2/PP2QPPP/R4RK1 w - -,f3e5 d7e6 e5c6 b7c6 f2f3 e7c5 g1h1 c5b6 c3a4 f6h5,135
1rb2rk1/p2n1p2/1q2p1pb/2ppP2p/5P1P/1PN5/P1PQBBP1/2KR3R w - -,g2g3 c8b7 c3a4 b6c7 e2b5 b7c6 b5c6 c7c6 c2c4 d5d4,-156
8/5p2/p2p2p1/1p2p1Pp/1P2P2P/k1K5/8/8 w - -,g2g3 c8b7 c3a4 b6c7 e2b5 b7c6 b5c6 c7c6 c2c4 d5d4,Mate
6rk/p3pp1p/8/6Q1/5B2/1Pb2P2/PqP3PP/2RK4 w - -,,0
6k1/5ppp/1prp1b2/3Q4/1PP2B2/8/P3qPPP/3R2K1 w - -,c4c5 b6c5 b4c5 h7h6 f4d6 c6a6 a2a3 g7g5 g2g3 a6a3,275
r2q1rk1/1p1b1pp1/p1n1pb1p/8/2BP3P/2N2N2/PP2QPP1/3R1RK1 w - -,e2e4 c6b4 f3e5 d7c6 e5c6 b7c6 g2g3 d8a5 d1d2 f8d8,3
N1bq1k2/p4p1r/2p2n2/3p2p1/2pP4/5BP1/PPP3pP/R2QR1K1 w - -,d1d2 f6e8 f3g2 e8d6 a8c7 d8c7 d2g5 c8f5 e1e2 h7g7,390
8/1p3p2/p2k1n1p/2p1p1p1/2P5/1PNK1PP1/P6P/8 w - -,d3e2 d6e6 g3g4 f6d7 c3e4 b7b6 e2e3 f7f6 e4c3 f6f5,-60
r2q1r1k/ppp1bppn/2bp3p/5P2/4PB2/2NB4/PPPQ2PP/R4RK1 w - -,b2b4 a7a6 a2a4 e7f6 a1e1 f6d4 g1h1 f8e8 b4b5 a6b5,-7
3q1rk1/1p2bppp/p2p1n2/2rPp3/2P5/3Q4/PP1BBPPP/R4RK1 w - -,b2b4 c5c8 d2e3 f6d7 e2g4 g7g6 c4c5 e5e4 d3d2 d6c5,95
8/7p/8/2p3p1/5Q2/2P2P1k/8/1K6 w - -,b2b4 c5c8 d2e3 f6d7 e2g4 g7g6 c4c5 e5e4 d3d2 d6c5,Mate
1k1r4/7p/pBb5/1p2P1b1/8/PB6/KPP4P/3r1R2 w - -,b6d8 d1d8 f1f7 d8d7 e5e6 d7e7 f7f5 h7h6 a3a4 b5a4,-293
2r2r2/1pqbb2k/p1n1p2p/3pp3/7N/PNP3QP/5PP1/R3R1K1 w - -,a1d1 e7h4 g3h4 f8f4 h4h5 c8g8 b3c5 d7c8 d1d3 c7f7,-509
r5r1/pp1Q2pk/nb3Bp1/5p2/BP2p3/P6P/5PP1/R3K2R w KQ -,a1d1 e7h4 g3h4 f8f4 h4h5 c8g8 b3c5 d7c8 d1d3 c7f7,Mate
8/4kpb1/6p1/5K1P/8/8/8/8 w - -,a1d1 e7h4 g3h4 f8f4 h4h5 c8g8 b3c5 d7c8 d1d3 c7f7,Mate
5rk1/6p1/7p/2p2b2/2P5/3Q4/1P6/1K6 w - -,b1a2 f5d3 a2b3 f8a8 b3c3 d3f5 c3d2 g8h7 b2b3 h7g6,-929
6rk/p3Qp1p/5b2/8/5B2/1P3P2/PqP3PP/2RK4 w - -,,0
r5k1/pp3ppp/2b1pn2/3rB3/4p3/1PN5/P1P1RPPP/R5K1 w - -,e5f6 g7f6 c3d5 e6d5 a1d1 g8g7 e2d2 f6f5 f2f4 a8e8,140
2kr4/1p3pp1/1pp1q1br/3pp3/2P1Pn2/2NP2R1/PP1Q1P2/2KR1B2 w - -,c3a4 d5e4 a4b6 c8b8 d2a5 f4d3 c1b1 h6h1 a5a8 b8c7,-152
N1k2b1r/pp3p1p/2n1q3/3R1b2/4nPp1/2P1Q3/PP2P1PP/2K2BNR w - -,e3d3 f8c5 g1f3 g4f3 b2b4 c5e3 d3e3 e6d5 e2f3 h8d8,-457
r2r2k1/pp2b1pp/2n1qp2/3Rp2n/4P3/2N2NB1/PP2QPPP/3R2K1 w - -,f3g5 f6g5 e2h5 h7h6 h2h4 g5h4 g3h4 e6f7 h5g4 d8d5,58
8/4k1b1/5pP1/5K2/8/8/8/8 w - -,f3g5 f6g5 e2h5 h7h6 h2h4 g5h4 g3h4 e6f7 h5g4 d8d5,Mate
8/8/8/4kP1Q/8/8/3K4/1R6 w - -,f3g5 f6g5 e2h5 h7h6 h2h4 g5h4 g3h4 e6f7 h5g4 d8d5,Mate
5r2/6k1/1p3p2/1PbB2pp/2P4P/3K1RP1/5P2/8 w - -,f3f5 g5h4 g3h4 f8d8 d3e2 d8e8 e2f3 e8e5 d5e4 e5f5,12
r1b2r1k/ppp1qppp/2nbpn2/8/2BPN2B/4P3/PP3PPP/R2QK1NR w KQ -,e4f6 g7f6 d1f3 h8g7 g1e2 f8g8 e1h1 e7d8 e2g3 d6e7,253
8/7p/pbpk1p2/2p2p2/2P2P2/3K3P/PP1B1P2/8 w - -,d3c2 b6d8 d2c3 d8e7 c3a5 d6d7 c2b3 e7d6 a5b6 d6e7,57
8/6k1/4K3/8/5N2/8/8/1B6 w - -,b1e4 g7h8 e6f6 h8g8 f6g6 g8f8 e4d5 f8e7 f4d3 e7d6,9605
r1b1kb1r/pp1n1ppp/1qp2n2/4p3/8/4PNBP/PPP2PP1/RN1QKB1R w KQkq -,f1c4 f6e4 e1h1 b6b2 b1d2 e4c3 d1e1 f7f6 c4b3 b7b5,-111
r2r2k1/pp2b1pp/2n1q3/3Rp1pn/4P3/2N3B1/PP2QPPP/3R2K1 w - -,e2h5 h7h6 h2h3 a8c8 h5g4 e6g4 h3g4 g8f7 d5d7 b7b6,40
1k1r4/7p/p1b5/1p2P1b1/8/PB6/KPP4P/5R2 w - -,f1g1 g5e3 g1g4 b8c7 e5e6 c7d6 g4g7 c6e4 c2c4 e3c5,-296
8/3p2n1/p5k1/1p1pPp2/1P1P3P/P3K3/8/5R2 w - -,f1g1 g6h7 g1g7 h7g7 e3f4 g7h6 h4h5 h6h5 f4f5 h5h4,1241
7k/Q4p1p/5b2/8/5B2/1P3P2/PqP3rP/2RK4 w - -,,0
r1bq1rk1/pppnbp1p/4p3/3p2p1/3P1Bn1/5NP1/PPPNPPBP/R2Q1RK1 w - -,f3g5 e7g5 e2e4 g4h6 f4g5 d8g5 f1e1 c7c6 a2a4 g8h8,-235
2rq1rk1/pb4p1/1pnbpp1p/2pp4/3P4/2PBPN1P/PP3PPB/R2QR1K1 w - -,h2d6 d8d6 d3c2 f6f5 c2a4 c6a5 d1e2 b7c6 a4c6 a5c6,21
2r1r1k1/p1q1p2p/4PppB/np1P4/b2Q4/3B1P2/P3N1PP/1R5K w - -,d4h4 c7d6 b1g1 a5c4 d3e4 f6f5 e4b1 d6d5 e2f4 d5d4,-141
r1b1k2r/pppp2pp/2n2n2/1N3p2/1bP5/4BN2/PP2PPPP/R3KB1R w KQkq -,b5c3 f6e4 e3d2 e4c3 d2c3 b4c3 b2c3 d7d6 e2e3 c8d7,-67
8/5p2/p2p2p1/1p2p1Pp/1k2P2P/3K4/8/8 w - -,b5c3 f6e4 e3d2 e4c3 d2c3 b4c3 b2c3 d7d6 e2e3 c8d7,Mate
r4rk1/pp1qbppp/3p1n2/2p1p3/3nP3/2NPBN1P/PPP1QPP1/R4RK1 w - -,e2d1 b7b5 e3g5 b5b4 c3b1 d4e6 b1d2 g7g6 a2a3 a7a5,-3
r1b2r1k/ppp1qp1p/2nbpp2/8/2BP3B/4P3/PP3PPP/R2QK1NR w KQ -,d1f3 h8g7 g1e2 c8d7 e2g3 d6g3 f3g3 g7h8 g3f3 h8g7,277
r4rk1/pp1bbppp/4p3/2qpP3/3N1B2/8/P1P2PPP/1R1Q1RK1 w - -,b1b3 b7b6 f1e1 a8c8 b3h3 d7a4 d1d2 c5a5 c2c3 c8c4,-67
r1bq1rk1/pppnbp1p/4p3/3p4/3P1pn1/5NPP/PPPNPPB1/R2Q1RK1 w - -,e2e3 f4e3 h3g4 e3d2 c2c4 g8h8 d1d2 f8g8 c4d5 e6d5,-397
8/8/3k1P2/7Q/8/8/3K4/1R6 w - -,e2e3 f4e3 h3g4 e3d2 c2c4 g8h8 d1d2 f8g8 c4d5 e6d5,Mate
r1b1k2r/pppp2pp/2n2n2/bN3p2/2P5/4B3/PP1NPPPP/R3KB1R w KQkq -,f2f3 d7d6 a1c1 e8h8 a2a3 f8e8 e3f2 a7a6 b5c3 c6e5,-38
8/Q4pkp/5b2/8/P4B2/1P3P2/1qP3rP/2RK4 w - -,,0
2kr4/1p3pp1/1p4br/2q1p3/8/3P2R1/PP1Q1PB1/2KR4 w - -,d2c2 h6h4 d1d2 d8d4 c2c5 b6c5 d2e2 d4d3 g3d3 g6d3,-133
6k1/8/3BKR1p/8/8/6p1/7r/8 w - -,,0
rnb1qrk1/pp2ppbp/5np1/2p1N3/2PP4/2N5/PP2BPPP/R1BQK2R w KQ -,c1f4 f6d7 e5d7 c5d4 d7f8 d4c3 b2c3 g7c3 f4d2 c3a1,24
r1bq1rk1/pppnbp1p/4p3/3p4/3P2P1/5Np1/PPPNPPB1/R2Q1RK1 w - -,e2e3 g3f2 f1f2 g8h8 g2h3 f8g8 g1h1 d8f8 d1g1 f8h6,-134
2kr4/1p3pp1/1p4br/2q5/4p3/3P2R1/PP1Q1PB1/1K1R4 w - -,d1c1 e4d3 c1c5 b6c5 g3h3 h6h3 g2h3 c8b8 h3g4 d8d4,426
2r1r1k1/ppq1p2p/4PppB/n2P4/b7/3B1P2/P3N1PP/QR5K w - -,d3e4 c7c5 b1c1 a5c4 h6f4 c5f2 e2c3 b7b5 c1f1 f2c5,-156
4n3/5pbk/2Np2p1/P2P4/1PB2P1p/1K3Q2/7q/8 w - -,b3a4 e8c7 b4b5 h2b2 b5b6 c7b5 c4b3 b5d4 f3e3 b2b3,73
3b4/7p/p1pk1p2/2p2p2/2P2P2/7P/PPKB1P2/8 w - -,d2c3 d8e7 c3a5 d6e6 a5d2 e6d7 d2e3 d7c8 c2b3 c8b7,57
N1bq1k2/p4p1r/2p2n2/3pR3/2pP2p1/5BP1/PPP3pP/R2Q2K1 w - -,f3g2 c8e6 d1d2 f6d7 e5e2 d8a8 b2b3 c4b3 a2b3 f8g8,412
N1k2b1r/p4p1p/1pn1q3/3R1b2/2P1nPp1/4Q3/PP2P1PP/2K2BNR w - -,g1f3 f8c5 e3b3 g4f3 g2g4 f5g4 a2a3 e4f2 h1g1 f3e2,-488
8/5pkp/8/2Q5/P2b1B2/1P3P2/1qP3rP/2RK4 w - -,,0
1rb2rk1/p2n1p2/4p1pb/2ppP2p/1q3PPP/1PN5/P1PQBB2/2KR3R w - -,c1b2 h5g4 f2g3 f7f5 e5f6 d7f6 d2d3 h6g7 d3g6 f6e4,-222
6k1/8/4KR1p/8/8/6B1/8/7r w - -,g3e5 g8h7 e6f7 h1g1 f6b6 g1f1 e5f6 f1c1 b6b7 h6h5,2
r1bq1rk1/pppnb2p/4p3/3p1p2/3P2P1/5NP1/PPPNP1B1/R2Q1RK1 w - -,a1c1 e7d6 g4f5 e6f5 c2c4 g8h8 c4d5 d6g3 c1c3 d8f6,-125
8/5P2/2k5/7Q/8/8/3K4/1R6 w - -,a1c1 e7d6 g4f5 e6f5 c2c4 g8h8 c4d5 d6g3 c1c3 d8f6,Mate
6k1/7p/p3pp2/2r5/8/P5PP/5PK1/8 w - -,g2f1 c5a5 a3a4 a5a4 f1e2 a4a3 e2f1 g8h8 f1e2 a6a5,-803
rnb4r/pp3Qpp/1qk2n2/8/1b2PB2/7P/P3K1P1/RN3B1R w - -,a2a3 h8f8 f7c4 b4c5 c4a4 b6b5 a4b5 c6b5 b1c3 b5c6,-290
r7/1b2k1pp/p3ppn1/1pb5/2p1PP2/P6P/BPP1N1P1/1K1N1R2 w - -,d1c3 g6h4 b2b4 c5b6 g2g3 h4g2 f4f5 g2e3 f1e1 e6e5,-238
8/5pk1/7p/Q7/P2b1B2/1P3P2/1qP3rP/2RK4 w - -,,0
rn2qrk1/pp2ppbp/6p1/2P1Nb2/2P1n3/2N5/PP2BPPP/R1BQ1RK1 w - -,c3e4 f5e4 e2f3 e4f3 e5f3 b8a6 c1e3 e8c6 d1d5 f8c8,7
1r3rk1/pp1qbppp/3p1n2/2p1p3/3nP3/2NPBN1P/PPP2PP1/R2Q1RK1 w - -,e3g5 f6e8 g5e7 d7e7 f3d4 c5d4 c3d5 e7d8 c2c3 d4c3,25
r5r1/pp1Q2pk/nb3Bp1/5p2/1P6/PB2p2P/5PP1/R3K2R w KQ -,e3g5 f6e8 g5e7 d7e7 f3d4 c5d4 c3d5 e7d8 c2c3 d4c3,Mate
3b4/4k2p/p1p2p2/2p2p2/2P2P2/2B4P/PPK2P2/8 w - -,c3d2 e7d7 c2b3 d7c8 d2c1 d8e7 c1e3 c8c7 e3d2 c7c8,56
r1bq1rk1/pppnb2p/8/3p1p2/3P4/5NP1/PPPNP1B1/R2Q1RK1 w - -,d1e1 g8h8 a1d1 d8e8 f1f2 e7d6 d2f1 e8e7 c2c4 d5c4,-144
1rb2rk1/p2n1pb1/4p1p1/2ppP1Pp/1q3P1P/1PN5/P1PQBB2/2KR3R w - -,h1h3 c8a6 e2a6 b4a3 c1b1 a3a6 c3e4 f8c8 e4f6 d7f6,-124
2k2b1r/5p1p/1pn1q3/3R1b2/2P1nPp1/4Q3/PP2P1PP/2K2BNR w - -,g1f3 f8c5 e3b3 g4f3 g2f3 e4f2 e2e4 f5e4 f3e4 e6e4,-588
rn2qrk1/pp2ppbp/6p1/2P1N3/2P1b3/8/PP2BPPP/R1BQ1RK1 w - -,e2f3 e4f3 e5f3 b8a6 c1e3 e8c6 d1d5 f8c8 d5c6 c8c6,8
6k1/8/3BKR2/7p/8/8/8/7r w - -,,0
rnbqk2r/4bpp1/p2ppn1p/1p6/3NP2B/2NB4/PPPQ1PPP/R3K2R w KQkq -,f2f4 e8h8 e1a1 c8b7 d2e2 b5b4 c3a4 b8d7 c1b1 a8c8,-28
r7/1b2k1pp/p3pp2/1pb5/2p1PP1n/P1N4P/BPP1N1P1/1K3R2 w - -,g2g3 h4g2 f4f5 g2e3 f1e1 e6e5 g3g4 a8d8 e2g3 c5d4,-249
rn1qk1nr/pp3ppp/2pbp3/3p3P/3P1B2/2NbP3/PPP2PP1/R2QK1NR w KQkq -,f4d6 d3c2 d1g4 g8h6 g4g7 h8g8 g7e5 b8d7 e5f4 h6f5,18
r3r2k/p3qppp/2p2n2/5b2/3Pp3/2N1P3/P1QN1PPP/1RR3K1 w - -,c3a4 f6d5 c2c6 d5f4 c1c5 f5d7 c6b7 d7a4 b7e7 e8e7,145
5Bk1/8/4KR2/8/7p/8/8/7r w - -,,0
r3qrk1/pp2ppbp/n5p1/2P5/2P1b3/5N2/PP2BPPP/R1BQ1RK1 w - -,d1b3 e8c6 c1e3 a6c5 b3a3 b7b6 a1d1 a7a5 d1d2 a8d8,-17
3r2k1/1p3ppp/1b2n3/1P1rP3/p7/P1B2N2/5PPP/R2R2K1 w - -,d1c1 e6c5 a1a2 c5b3 c1f1 d5b5 c3b4 d8d3 b4d6 b5d5,-94
6k1/5ppp/2rp1b2/2pQ4/1P3B2/8/P3qPPP/3R2K1 w - -,b4c5 h7h6 f4d6 c6a6 a2a3 e2c2 g2g3 a6a3 c5c6 a3c3,275
5rk1/p1p1rppp/2p5/3nPq2/3p4/3P1N2/PPP2PPP/R2QR1K1 w - -,f3d4 f5d7 d1d2 c6c5 d4f3 e7e6 e1e4 h7h6 a1e1 e6a6,347
2r2rk1/pb4p1/1pnq3p/2ppp3/8/2PBPN1P/PP2QPP1/R3R1K1 w - -,e3e4 d5d4 a1c1 g8h7 c3d4 c5d4 e1d1 c6d8 c1c8 b7c8,-35
8/1p3pp1/p3kn1p/2p1p3/2P5/1PNK1PP1/P6P/8 w - -,d3e3 f6d7 c3d5 f7f5 d5c3 d7f6 h2h3 e6d6 g3g4 g7g6,-178
6k1/5pp1/8/1p2P3/5q2/2P5/1p1N4/3R1K2 w - -,f1e2 f4e5 e2d3 e5f5 d3e3 f5c2 e3e2 c2c3 d1h1 c3e5,-1012
r1bqk2r/p3ppbp/1pp3pn/4P3/3p4/2N2N1P/PPP2PP1/R1BQR1K1 w kq -,c3e2 c6c5 c2c3 d4d3 e2f4 e8h8 f4d3 c8b7 c1g5 f7f6,-74
r7/1b2k1pp/p3pp2/1p6/2p1PP1n/P1N4P/BPP1NbP1/1K1R4 w - -,d1f1 f2c5 b2b4 c5b6 g2g3 h4g2 f4f5 g2e3 f1e1 e6e5,-241
3b4/3k3p/p1p2p2/2p2p2/2P2P2/1KB4P/PP3P2/8 w - -,b3c2 d7c8 c3d2 c8d7 c2b3 d8e7 d2e1 d7c8 e1c3 e7d8,55
N2q1k2/p4p1r/2p1bn2/3pR3/2pP2p1/6P1/PPP3BP/R2Q2K1 w - -,d1d2 f6d7 e5e6 f7e6 d2f4 h7f7 a8c7 f7f4 c7e6 f8e7,500
8/7p/8/2p3Q1/8/2P2P2/7k/1K6 w - -,d1d2 f6d7 e5e6 f7e6 d2f4 h7f7 a8c7 f7f4 c7e6 f8e7,Mate
rnb1kb1r/pp1p1ppp/1q2pn2/2p5/3P1P2/3BP3/PPP3PP/RNBQK1NR w KQkq -,g1f3 f8e7 c2c3 d7d5 b1d2 b6c7 d1e2 b7b6 e3e4 f6e4,11
8/1p3p2/p3knpp/2p1p3/2P3P1/1PNK1P2/P6P/8 w - -,c3a4 f6d7 d3e3 e6d6 h2h3 f7f5 a4c3 d6e7 c3d5 e7e6,-174
b7/7k/P3p3/1P1p1p2/2nR3P/3p3P/7K/3B4 w - -,d4d3 e6e5 b5b6 c4b6 d3b3 b6d7 a6a7 d5d4 b3b8 a8e4,594
r1bq1rk1/pp1nbppp/4p3/2pp4/2PP2n1/4BNP1/PP1NPPBP/R2Q1RK1 w - -,c4d5 g4e3 f2e3 e6d5 e3e4 d7f6 e4d5 f6d5 d2c4 d5b6,-77
6r1/6k1/4K3/8/8/7Q/8/8 w - -,c4d5 g4e3 f2e3 e6d5 e3e4 d7f6 e4d5 f6d5 d2c4 d5b6,Mate
6k1/1p3ppp/1b2n3/1P1rP3/p7/P1B2N2/5PPP/R5K1 w - -,f3d2 d5b5 a1e1 h7h5 g2g3 b5c5 d2e4 c5c4 e1b1 b6c7,-48
5Bk1/4KR2/8/8/8/7p/8/4r3 w - -,e7f6 h3h2 f8d6 e1f1 f6e6 h2h1q f7f1 h1f1 d6e5 f1f7,-887
rnbqk2r/p3bppp/2p1p3/8/PppPn3/5N2/1P2BPPP/RNBQ1RK1 w kq -,f1e1 c8a6 b1d2 e4d2 c1d2 e8h8 a1c1 d8d5 f3e5 d5d4,-88
2kb4/7p/p1p2p2/2p2p2/K1P2P2/2B4P/PP3P2/8 w - -,c3a5 d8e7 a4a3 c8d7 a5b6 d7c8 a3b3 e7d6 b3a4 d6e7,55
6r1/pp1Q2pk/nb3Bp1/5p2/1P6/P3p2P/5PP1/R3K2R w KQ -,a4b3 d8e7 c3a5 c8d7 b3a4 d7c8 a5d2 e7d8 d2e3 d8e7,Mate
r4rk1/pppbqpp1/1b1p1nnp/4p1B1/2BPP3/PQP2N2/1P1N1PPP/R4RK1 w - -,g5e3 f6e4 d2e4 e5d4 f3d4 e7e4 c4d5 e4e5 d5b7 a8b8,-69
r1b2rk1/1pq1n1bp/p3p1p1/4npB1/2P5/2N2B2/PPN1QPPP/R3R1K1 w - -,g5f4 e5f3 e2f3 c7c4 a1d1 f8f7 c2e3 c4c6 f3g3 b7b5,33
8/1p1n1p2/p3k1pp/2p1p3/2P3P1/1PN1KP2/P6P/8 w - -,c3d5 f7f5 h2h3 d7f8 e3f2 f8h7 d5c3 h7f6 f2e3 e6d6,-162
r4rk1/1pp2q1p/p2p1ppB/8/4PN1Q/3P4/PPP1b2P/2K3R1 w - -,h6f8 a8f8 h4h6 f7g7 h6g7 g8g7 f4e2 f8e8 e2g3 e8e5,432
2r3k1/5ppp/8/8/3P4/4PQ2/r2q1PPP/RR4K1 w - -,g2g4 g7g6 g1g2 c8a8 a1a2 d2a2 b1b7 a8a5 e3e4 a5a7,373
2k4r/5p1p/1Qn1q3/2bR1b2/2P1nPp1/8/PP2P1PP/2K2BNR w - -,b6b5 c8c7 e2e3 c5e3 c1c2 e4f2 c2b3 h8b8 b5b8 c7b8,-788
8/5p2/3p2p1/pp2p1Pp/1k2P2P/4K3/8/8 w - -,b6b5 c8c7 e2e3 c5e3 c1c2 e4f2 c2b3 h8b8 b5b8 c7b8,Mate
7r/5kp1/4qpn1/pp1rp3/8/PPB1PQP1/5PKP/R6R w - -,f3e4 f6f5 e4b1 e5e4 h2h3 d5d3 c3d4 f5f4 b1f1 g6e7,-132
6k1/5pp1/8/4P3/1p6/2Pq4/1p1N4/3RK3 w - -,c3b4 d3e3 e1f1 e3e5 d1e1 e5b5 f1f2 b5b4 f2e2 b4c3,-726
5Bk1/5R2/5K2/8/8/8/7p/4r3 w - -,f8d6 e1f1 f6e6 h2h1q f7f1 h1f1 e6d5 f1d3 d5e6 d3c4,-9605
2k5/4b2p/p1p2p2/B1p2p2/K1P2P2/7P/PP3P2/8 w - -,a5b6 c8b7 b6a5 b7c8 a5c3 e7d8 a4b3 d8e7 b3c2 c8d7,54
6r1/6k1/4K3/5Q2/8/8/8/8 w - -,a5e1 c8c7 e1c3 c7c8 a4a5 c8b7 c3d2 e7d8 a5a4 b7c8,Mate
r4rk1/pppbqpp1/1b1p1n1p/4p1B1/2BPP2n/PQP5/1P1N1PPP/R4RK1 w - -,g5h4 e5d4 c3d4 g7g5 h4g3 f6e4 d2e4 e7e4 a1e1 e4f5,-73
r1bq1rk1/pp1nbppp/8/2pp4/3P4/4PNP1/PP1NP1BP/R2Q1RK1 w - -,d1c1 f8e8 d2b1 d7b6 f3e5 c8e6 d4c5 a8c8 b1c3 e7c5,-108
r1b1kb1r/ppqp1ppp/2n1pn2/8/3P1P2/1QPB4/PP4PP/RNB1K1NR w KQkq -,g1e2 b7b6 a2a4 c8b7 e1h1 c6e7 b1a3 c7c6 f1f2 f6g4,-34
8/1p1n4/p3k1pp/2pNpp2/2P3P1/1P2KP2/P6P/8 w - -,d5c3 d7b8 c3a4 e6d6 a4c3 b8c6 e3f2 c6d4 h2h4 h6h5,-182
8/8/8/2p3Qp/8/2P2P2/2K4k/8 w - -,d5c3 d7b8 c3a4 e6d6 a4c3 b8c6 e3f2 c6d4 h2h4 h6h5,Mate
rnbqk2r/p3bppp/2p1pn2/8/PppP4/5N2/1PQ1BPPP/RNB2RK1 w kq -,c1e3 e8h8 e2c4 c8b7 b1d2 b8d7 d2b3 f6d5 c2e4 d7f6,-82
r1bq1rk1/1p2bpp1/p1n1p2p/8/2BPQ3/2N2N2/PP3PP1/3R1RK1 w - -,c4d3 g7g6 f1e1 g8g7 d3c2 c6b4 c2b1 e7g5 f3g5 d8g5,-16
r3qrk1/pp1nppbp/5np1/2P1Nb2/2P5/2N2B2/PP3PPP/R1BQK2R w KQ -,,0
r7/1b2k1pp/p3pp2/1pb5/2p1PPP1/P1N4P/BPP1N1n1/1K3R2 w - -,f4f5 a8d8 e2g3 c5d4 c3e2 d4b6 e2c3 g2e3 f1e1 d8d2,-257
N2q4/p3kp1r/2p1bn2/3pR3/2pP2p1/6P1/PPP3BP/R4QK1 w - -,b2b3 c4b3 a2b3 d8a8 f1c1 f6d7 c1g5 e7d6 e5e2 a8h8,422
5k2/6R1/5K2/8/8/8/7p/4r3 w - -,b2b3 c4b3 a2b3 d8a8 f1c1 f6d7 c1g5 e7d6 e5e2 a8h8,Mate
1k1r4/1p3pp1/1p4br/2q1p3/8/3P2R1/PP1Q1PB1/1K1R4 w - -,d2g5 c5d6 b1a1 f7f5 a2a3 f5f4 g3h3 h6h3 g2h3 b8a7,-218
r1bq1rk1/pp1nbppp/4p3/2pP4/3P4/4nNP1/PP1NPPBP/R2Q1RK1 w - -,d1c1 e3f1 d2f1 e6d5 f1e3 c5d4 e3d5 d7f6 d5e7 d8e7,-510
1r1r1bk1/pp3p2/6pp/3Pp3/4P3/1P3BP1/P4P1P/R4RK1 w - -,f3g4 h6h5 g4h3 f8d6 a1c1 d8f8 c1c4 f7f5 f1c1 g8g7,72
8/5p2/3p2p1/pp2p1Pp/4P2P/1k1K4/8/8 w - -,f3e2 d8c8 a1c1 f8a3 c1c4 c8c4 b3c4 f7f5 f1d1 g8f7,Mate
rnbqr1k1/ppp2pbp/3p1np1/4p3/3PP1P1/2N4P/PPP1NPB1/R1BQK2R w KQ -,d4d5 c7c6 c1e3 b8d7 e2g3 d7b6 e1h1 b6c4 e3c1 c6d5,71
1n6/1p6/p3k1pp/2pNpp2/2P3P1/1P2KP1P/P7/8 w - -,e3f2 b8c6 d5c3 c6b4 f2e3 h6h5 g4h5 g6h5 h3h4 e6d6,-180
r1bq1rk1/pppnbppp/4p3/3p4/3Pn3/4BNP1/PPPNPPBP/R2Q1RK1 w - -,d2e4 d5e4 f3d2 f7f5 f2f3 e4f3 d2f3 a8b8 d1d3 b7b5,48
6k1/5pp1/8/1p2P3/8/2P5/1pqN4/3RK3 w - -,e5e6 f7e6 e1e2 c2c3 d1f1 c3c2 e2e3 g7g5 f1f2 c2c3,-667
b7/7k/P7/1P1ppp1P/2nR4/3p3P/7K/3B4 w - -,d4d3 d5d4 d1f3 a8e4 a6a7 c4b6 d3a3 d4d3 f3d1 f5f4,544
rn2k2r/pbq1Nppp/1p2pn2/8/3P4/1pB3P1/P3PPBP/RN1Q1RK1 w kq -,d4d5 c7e7 d5d6 e7d7 g2b7 d7b7 c3f6 g7f6 a2b3 b8d7,146
r3r2k/1pp2ppn/2b2q1p/1P2pP2/8/2bB2B1/2PQ2PP/4RR1K w - -,d2c3 e5e4 c3f6 h7f6 b5c6 e4d3 c6b7 a8b8 e1e8 f6e8,-4
1k1r4/1p3pp1/1p1q2br/4p3/8/3P2R1/PP1Q1PB1/1KR5 w - -,c1c3 e5e4 g3g5 h6h4 b1c1 f7f5 f2f4 h4g4 g5g4 f5g4,-275
r1bq1rk1/pppnbppp/4p3/8/3Pp3/4BNP1/PPP1PPBP/R2Q1RK1 w - -,c2c4 e4f3 e2f3 a8b8 f3f4 b7b6 d1c2 c8b7 d4d5 e6d5,-311
rnbqk2r/p3bppp/2pnp3/8/PppP4/5N2/1PQ1BPPP/RNB2RK1 w kq -,b1d2 c8a6 f3e5 d6f5 d2f3 b8d7 e5c4 e8h8 f1d1 a8c8,-84
8/1k2b2p/pBp2p2/2p2p2/K1P2P2/7P/PP3P2/8 w - -,b6c5 e7c5 f2f3 c5e3 a2a3 b7b6 b2b4 c6c5 a4b3 e3c1,-484
rnb1k1nr/1pqp1ppp/p3p3/2b5/8/2N2NP1/PPP1PP1P/R1BQKB1R w KQkq -,c3e4 d7d5 c1f4 c7a5 f4d2 a5c7 e4c5 c7c5 c2c4 d5c4,86
5rk1/1pp2q1p/p2p1pp1/8/4PN1Q/3P4/PPP1b2P/2K3R1 w - -,h4h6 f7g7 h6g7 g8g7 f4e2 f8e8 e2g3 e8e5 h2h4 g7f7,433
r1bq1rk1/5ppp/3p1n2/1pp1n3/4P3/2NP2PP/PP3KB1/R1BQ1R2 w - -,a2a4 b5b4 c3b5 c8d7 c1f4 d8b6 f2g1 d7b5 a4b5 a8a1,-146
2kr1b2/1p6/pP1q1p2/n1pP4/2Pp2pr/P2Q4/4BP2/1RB1R1K1 w - -,d3f5 d6d7 e2d3 a5c4 f5f6 h4h5 c1g5 d7d5 f6d8 d5d8,416
8/1p6/2bPK3/8/2k5/1p6/7P/3N4 w - -,e6e5 c6d7 h2h4 d7g4 d1e3 c4b4 e3g4 b3b2 d6d7 b2b1q,1114
r1b1k2r/pp1nq1pp/1bp2p2/3nP3/4N3/5NQ1/PPP1B1PP/R1B1K2R w KQkq -,e4d6 e8d8 c1d2 b6e3 e1a1 e3d2 f3d2 d7e5 d2e4 d8c7,185
3r4/1b2k1pp/p3pp2/1pb5/2p1PPP1/P1N2R1P/BPP1N1n1/1K6 w - -,b2b4 c5b6 a3a4 d8d2 b1c1 b7e4 c1d2 e4f3 a4b5 a6b5,-333
6k1/5R2/5K2/8/8/B7/7p/5r2 w - -,b2b4 c5b6 a3a4 d8d2 b1c1 b7e4 c1d2 e4f3 a4b5 a6b5,Mate
rnb1k2r/pp1p1ppp/2p1pn2/q7/1b1PP3/2NQ1N2/PPP2PPP/R1B1KB1R w KQkq -,e4e5 f6d5 c1d2 d5c3 b2c3 b4e7 d3e4 d7d5 e4g4 g7g6,117
8/5p2/3p2p1/1p2p1Pp/p3P2P/1k2K3/8/8 w - -,f3d2 d7d6 d3g3 e8h8 a2a3 b4c3 b2c3 e6e5 d2c4 a5d8,Mate
r1bq1rk1/pppnb1pp/4p3/4Np2/3Pp3/4B1P1/PPP1PPBP/R2Q1RK1 w - -,f2f3 d7e5 d4e5 d8d5 f3e4 d5e5 c2c3 a7a5 a2a4 e7c5,47
8/1p1n4/p3k1pp/2pNpp2/2P3PP/1P2KP2/P7/8 w - -,g4f5 g6f5 d5c7 e6f7 c7d5 d7f8 f3f4 e5e4 d5b6 f7e6,-170
8/4kpb1/6Pp/5K1P/8/8/8/8 w - -,g6f7 e7f7 f5f4 g7a1 f4g3 f7e6 g3g4 e6f6 g4h4 f6f5,-35
1rb2rk1/p4pbp/4p1p1/q1npP2P/5P2/1PN5/P2Q1BP1/1K1R1B1R w - -,h5h6 c5b3 a2b3 b8b3 b1c2 a5a3 d1b1 b3b1 c2b1 c8d7,192
3r1qk1/p2P1p2/1p4p1/8/7Q/8/n4PP1/3RN1K1 w - -,e1f3 f7f6 h4g4 f8f7 d1d6 a2c3 f3d4 b6b5 d4c6 c3e2,479
k7/8/8/8/8/8/2P5/K7 w - -,d1d2 g8g7 h4d4 f7f6 d2a2 f8e7 e1c2 d8d7 d4a1 a7a5,Mate
8/8/8/2p4Q/8/2P2P2/2K3k1/8 w - -,d1d2 g8g7 h4d4 f7f6 d2a2 f8e7 e1c2 d8d7 d4a1 a7a5,Mate
q7/p3kp1r/2p1bn2/3pR3/2pP2p1/1P4P1/P1P3BP/R4QK1 w - -,b3c4 a8f8 f1f4 f8h6 f4h6 h7h6 a1b1 d5c4 g2c6 e7d6,453
8/1k2b3/pBp2p1p/K1p2p2/2P2P2/7P/PP3P2/8 w - -,a2a3 h6h5 f2f3 e7d6 b6d8 d6f4 d8f6 f4d2 a5a4 b7c7,27
r1bq1rk1/1p2bpp1/p1n4p/3p4/2B1Q3/2N2N2/PP3PP1/3R1RK1 w - -,e4d5 d8d5 c4d5 f8e8 f1e1 c8g4 e1e4 g4f3 g2f3 e7f6,-70
r2k3r/3b1Q1p/1p4p1/2p1b3/8/7P/PPP2PP1/4R1K1 w - -,f7d5 a8c8 e1e5 c8c6 e5e1 h8e8 e1d1 c6c7 g1h2 h7h5,579
6k1/1p1r1pp1/r3p2p/2P1P2P/PR1Bb1P1/1p2P3/8/5RK1 w - -,b4b3 a6a4 b3b2 e4d5 g1h2 a4a3 b2f2 g7g5 h5g6 f7g6,-19
8/p3n3/1p1P2k1/1P4pp/P5p1/4P3/6K1/8 w - -,e3e4 g6f6 d6d7 e7c6 b5c6 f6e7 g2g3 e7d8 g3h2 h5h4,-635
6k1/5r2/6K1/8/8/B7/7p/8 w - -,e3e4 g6f6 d6d7 e7c6 b5c6 f6e7 g2g3 e7d8 g3h2 h5h4,Mate
r3qrk1/pp1nppbp/6p1/2P2b2/2P5/2N2B2/PP3PPP/R1BQK2R w KQ -,,0
r3k2r/pp3ppp/5n2/q1Pp1QB1/2p5/4PN2/Pb2KPPP/R6R w kq -,c5c6 b7c6 f3e5 a5c7 g5f6 g7f6 e5g4 h7h5 a1b1 h5g4,-246
8/5p2/3p2p1/1p2p1Pp/4P2P/pk3K2/8/8 w - -,c5c6 b7c6 f3e5 a5c7 g5f6 g7f6 e5g4 h7h5 a1b1 h5g4,Mate
r6r/2kb1Q1p/1p4p1/2p1R3/8/7P/PPP2PP1/6K1 w - -,e5e7 a8d8 g1h2 g6g5 a2a4 h8e8 e7d7 d8d7 f7e8 h7h6,634
rnb1k2r/pp1p1ppp/2p1p3/q2nP3/1b1P4/2NQ1N2/PPP2PPP/R1B1KB1R w KQkq -,c1d2 d5c3 b2c3 b4e7 d3e4 d7d5 e4g4 g7g6 f3g5 b8d7,118
b7/7k/P7/1P1p1p1P/2n1p3/3R3P/7K/3B4 w - -,d3c3 f5f4 d1e2 e4e3 c3c1 f4f3 e2f3 c4b6 c1c7 h7h6,571
7r/2k2p1p/Q1n1q3/2bR1b2/2P1nPp1/8/PP2P1PP/2K2BNR w - -,g2g3 e4f2 a6a5 c6a5 d5c5 a5c6 c5f5 e6f5 g1f3 g4f3,-1102
1rb2rk1/p4pbp/4p1p1/2qpP2P/5P2/1PN5/P2Q2P1/1K1R1B1R w - -,h5h6 g7h8 g2g4 c8d7 g4g5 a7a5 b1a1 c5a3 c3b1 a3c5,53
2kr1b2/1p1q4/pP3p2/n1pP1Q2/2Pp2pr/P7/4BP2/1RB1R1K1 w - -,e2d3 a5c4 f5f6 h4h5 c1g5 d7d5 f6d8 d5d8 g5d8 c4a3,444
rnbqk1nr/p4pbp/1pp1p1p1/3p4/2PP4/2NBPN2/PP3PPP/R1BQK2R w KQkq -,h2h4 h7h6 e3e4 g8e7 c1f4 c8a6 e4d5 e6d5 c4d5 a6d3,115
2r1br2/1pq1b1pk/p1n1p2p/3pPp2/7N/PNPQ3P/3B1PP1/R3R1K1 w - -,b3d4 c6d4 d3d4 e8h5 h4f3 h5f3 g2f3 c7d8 f3f4 c8c4,-271
r2r2k1/pp1b1pp1/2nbpq1p/8/NP1pP3/P4N2/2P1BPPP/R1Q2RK1 w - -,e2d3 a8c8 c1d2 e6e5 f1b1 b7b6 a4b2 c6e7 f3e1 e7g6,-128
2kr4/1p3pp1/7r/2p5/8/3b4/PP1Q1PB1/1K6 w - -,b1c1 d3e4 d2g5 e4g2 g5g2 g7g6 g2f3 d8d7 a2a4 h6h5,-139
8/1pNn1k2/p6p/2p1pp2/2P4P/1P2KP2/P7/8 w - -,f3f4 e5e4 c7d5 d7f6 d5b6 f7g6 b6c8 g6h5 c8d6 h5g4,-187
r1b2rk1/pp1nq1pp/2p2p2/2bnP3/4N3/5NQ1/PPP1B1PP/R1B1K2R w KQ -,c1h6 c5e3 h6e3 d5e3 e2d3 f6f5 g3g5 e7g5 e4g5 d7c5,-107
1r2qrk1/pB1nppbp/6p1/2P2b2/2P5/2N5/PP3PPP/R1BQK2R w KQ -,b7c6 e8c8 c3d5 f8e8 c6d7 f5d7 e1h1 c8c5 c1e3 c5c4,24
7q/p3kp1r/2p1bn2/3pR3/2PP2p1/6P1/P1P3BP/R4QK1 w - -,f1f4 h7h2 a1b1 f6d7 b1b7 h8h6 c4d5 c6d5 f4g5 h6g5,471
8/p2P4/1p4k1/1P3npp/P5p1/4P3/6K1/8 w - -,d7d8q h5h4 d8d7 f5e3 g2g1 e3c2 d7c6 g6f5 c6c2 f5e5,652
2r3k1/pp1bp2p/3p2p1/4n3/3NP1n1/2P2P2/q1P1Q3/2KR1B1R w - -,d4b3 c8c3 e2d2 a2b3 d2d5 b3d5 e4d5 c3f3 f1h3 g8g7,-656
2kr4/1p3pp1/8/2p5/8/3b4/PP1Q1PBr/2K5 w - -,d2g5 h2g2 g5g2 g7g6 g2g5 d8d7 g5f6 d3f5 f6b6 f5e6,4
5n2/1p3k2/p6p/2pNpp2/2P4P/1P2KP2/P7/8 w - -,e3f2 f8g6 f2g3 f7e6 d5c7 e6d7 c7d5 g6e7 d5c3 d7d6,-221
6k1/1p3p1p/1b2n3/1P2P1p1/pB6/P2r1N2/5PPP/1R4K1 w - -,b1a1 g5g4 f3e1 d3b3 a1c1 e6c7 g1f1 h7h5 g2g3 c7d5,-30
8/5kb1/7p/5K1P/8/8/8/8 w - -,f5g4 g7d4 g4h3 f7f6 h3g2 f6g5 g2f1 g5f4 f1g2 f4g4,-35
1rb2rk1/p5bp/4p1p1/2qpP3/5P2/1PN5/P2Q2P1/1K1R1B1R w - -,f1e2 c5b4 g2g3 f8f7 e2d3 g7f8 d1c1 a7a5 d2h2 f7g7,-56
2kr4/1p3pp1/8/2p5/8/5P2/PP1Q2Br/2K2b2 w - -,d2f2 h2g2 f2f1 d8d2 f1b5 d2c2 c1d1 g2d2 d1e1 d2e2,-398
5rk1/1pp3qp/p2p1ppQ/8/4PN2/3P4/PPP1b2P/2K3R1 w - -,h6g7 g8g7 f4e2 f8e8 e2g3 e8e5 h2h4 g7f7 c1d2 e5b5,442
rnb1k2r/pp1p1ppp/2p1p3/q3P3/1b1P4/P1nQ1N2/1PP2PPP/R1B1KB1R w KQkq -,f3d2 c3d5 d3g3 b4f8 c2c3 c6c5 d2c4 a5c7 c4d6 f8d6,-100
5n2/1p3k2/p6p/2pN1p2/2P1pP1P/1P2K3/P7/8 w - -,h4h5 f8e6 d5c3 f7e7 c3e2 e7d6 e2g3 e6d4 e3d2 d6e6,-188
8/1k2b3/pBp2p2/K1p2p1p/2P2P2/5P1P/PP6/8 w - -,a2a3 e7d6 b6d8 d6f4 d8f6 f4d2 a5a4 b7c7 f6e7 d2c1,27
2r3k1/pp1bp2p/3p2p1/8/2nNP1P1/2P5/q1P1Q3/2KR1B1R w - -,e2c4 c8c4 f1c4 a2c4 d1d3 d7g4 h1e1 c4c5 e4e5 d6e5,Mate
r1b2rk1/ppp1b1pp/4p3/3qPp2/8/2P1BpP1/PP2P1BP/R2Q1RK1 w - -,g2h1 f3e2 d1e2 d5e5 f1e1 e7c5 e2f2 c5e3 e1e3 e5d6,-192
6k1/4Kr2/8/8/8/B7/7p/8 w - -,g2h1 f3e2 d1e2 d5e5 f1e1 e7c5 e2f2 c5e3 e1e3 e5d6,Mate
r2q1r1k/ppp2ppn/2bp3p/5Pb1/4PB2/2NB1R2/PPPQ2PP/R5K1 w - -,a1f1 f8e8 f4g5 h7g5 f3f4 f7f6 a2a4 a7a6 b2b3 g5f7,3
6r1/pp1Q2pk/n4Bp1/5p2/1P6/P3b2P/6P1/R3K2R w KQ -,a1f1 f8e8 f4g5 h7g5 f3f4 f7f6 a2a4 a7a6 b2b3 g5f7,Mate
8/7p/p2R1p1k/Pp3P2/1Pp1P1K1/2P4P/6P1/8 w - -,a1f1 f8e8 f4g5 h7g5 f3f4 f7f6 a2a4 a7a6 b2b3 g5f7,Mate
b7/7k/P7/1P3p1P/2npp3/6RP/7K/3B4 w - -,g3g6 f5f4 b5b6 c4b6 g6b6 d4d3 b6d6 f4f3 h2g3 e4e3,608
rnbq1rk1/ppp1ppbp/5np1/3p2B1/3PP3/3B1N1P/PPP2PP1/RN1QK2R w KQ -,g5f6 g7f6 e4e5 f6g7 e1h1 c7c5 d4c5 b8d7 f1e1 d7c5,-28
5r2/1pp3kp/p2p1pp1/8/4PN2/3P4/PPP1b2P/2K3R1 w - -,f4e2 g7f7 e2g3 f8e8 h2h4 e8e5 c1d2 e5a5 a2a3 d6d5,436
1rq2rk1/p2nppbp/2B3p1/2P2b2/2P5/2N5/PP3PPP/R1BQK2R w KQ -,c3d5 f8e8 c6d7 f5d7 e1h1 c8c5 c1e3 c5c4 b2b3 c4e4,12
k7/8/1K6/8/8/6N1/8/6B1 w - -,b6c6 a8b8 g3f1 b8a8 g1h2 a8a7 h2f4 a7a8 f1e3 a8a7,9605
5n2/1p6/pN4kp/2p2p2/2P1pP1P/1P2K3/P7/8 w - -,b6c8 f8e6 c8e7 g6f6 e7d5 f6f7 e3f2 f7g6 d5e7 g6f6,-175
2r2rk1/pb4p1/1pnq3p/2p1p3/3pP3/2PB1N1P/PP2QPP1/R3R1K1 w - -,a1c1 g8h7 c3d4 c5d4 d3a6 b7a6 e2a6 c6b4 a6b5 b4a2,-42
rn1qk1nr/pbp2pp1/1p2p2p/3p2b1/3P2P1/P1N1BP2/1PPQN2P/2KR1B1R w kq -,f3f4 g5h4 f4f5 e6f5 g4f5 g8f6 e3f4 d8e7 e2g3 e8d8,71
1r3rk1/p2b2bp/4p1p1/2qpP3/5P2/1PN3P1/P2Q4/1K1R1B1R w - -,d1c1 c5b4 f1h3 a7a5 h1d1 b8b7 c3e2 b4b6 e2c3 g8h8,-59
r2qkbnr/1pp1nppp/p2p4/3Pp3/4P1b1/N1P2N2/PP3PPP/R1BQKB1R w KQkq -,f1d3 g7g6 c3c4 f8g7 a3b1 g8f6 h2h3 g4d7 a2a4 f6h5,44
rnb1k2r/pp1p1ppp/2p1p3/q3P3/3P4/P1bQ1N2/2P2PPP/R1B1KB1R w KQkq -,f3d2 c3a1 d3g3 a1d4 f2f4 g7g6 h2h4 d7d5 h4h5 h8g8,-415
2r3k1/5ppp/1pqp1b2/3Q4/1P3B2/8/P1P2PPP/3R2K1 w - -,d5c6 c8c6 d1d6 c6c2 d6b6 h7h5 f4e3 c2a2 g1f1 f6e5,179
r1b1k2r/p2pqppp/2p2n2/4P3/8/2P5/P1P2PPP/R1BQKB1R w KQkq -,d1d6 e7d6 e5d6 f6e4 c1a3 e8h8 f1d3 f8e8 e1h1 e4c3,180
r1b2rk1/ppp1b1pp/8/3pPp2/8/2P1BpP1/PP2P1BP/R4RK1 w - -,g2h3 f3e2 f1e1 c8e6 e1e2 a7a5 a2a4 a8d8 e2f2 c7c5,-128
8/8/8/2p3Q1/8/2P2k2/2K5/8 w - -,g2h3 f3e2 f1e1 c8e6 e1e2 a7a5 a2a4 a8d8 e2f2 c7c5,Mate
8/5k2/8/4K3/8/B7/7p/5r2 w - -,g2h3 f3e2 f1e1 c8e6 e1e2 a7a5 a2a4 a8d8 e2f2 c7c5,Mate
2r3k1/pp1bp2p/3p2p1/4n3/3NP1P1/2P5/2P1Q3/q1KR1B1R w - -,c1d2 a1c3 d2c1 c3a1 c1d2 a1d4 d2e1 d4c3 e1f2 d7g4,-738
2q2r1k/1p2nppp/p2pb3/2r1p1b1/PNB1P3/N1P5/1P2QPPP/R2R2K1 w - -,,0
8/5p2/3p2p1/1p2p1Pp/4P2P/1k4K1/p7/8 w - -,c4e6 c8e6 c3c4 f7f5 e4f5 f8f5 b2b3 e5e4 a3c2 f5f8,Mate
rnb1k2r/pp2npp1/1q2p3/3pP2p/6Q1/P2B1N2/1PP1KbPP/RNB4R w kq -,g4b4 b6b4 a3b4 f2b6 e2d1 f7f6 c1f4 c8d7 b4b5 g7g5,-108
rnb1k2r/pp1p1ppp/2p1p3/q3P3/3P4/P2Q1N2/2Pb1PPP/R3KB1R w KQkq -,e1d1 d2b4 h2h4 b4e7 d3e4 d7d6 e4g4 e7f8 a1b1 a5d8,-450
8/6kp/R4p2/Pp3P2/1Pp1P1K1/2P4P/6P1/8 w - -,e1d1 d2b4 h2h4 b4e7 d3e4 d7d6 e4g4 e7f8 a1b1 a5d8,Mate
q4k1r/p3bppp/bp2pn2/8/3P4/1pB3P1/P3PP1P/RN1Q1RK1 w - -,a2b3 a6b7 b1a3 h7h5 f2f3 h5h4 g3g4 f6d5 c3d2 a7a5,183
r1bqk2r/pppnbppp/3pp1n1/8/2PPP3/2N3P1/PP3PBP/R1BQK1NR w KQkq -,g1e2 e6e5 h2h3 e8h8 e1h1 c7c6 a2a4 a7a5 b2b3 e7f6,98
r2q1rk1/pppb1ppp/1bnp1n2/4p3/2B1P3/2PPBN2/PP1N1PPP/R2Q1RK1 w - -,e3g5 h7h6 g5h4 a7a5 a2a4 b6a7 f1e1 g7g5 h4g3 d7e6,24
2r1br2/1p2b1pk/p1n1pP1p/3p4/7N/PNP3qP/3B1PP1/R3R1K1 w - -,h4f3 g3f3 g2f3 f8f6 f3f4 e8g6 b3d4 c6d8 c3c4 c8c4,-628
2r3k1/pp1bp2p/3p2p1/4n3/3NP1P1/2q5/2PKQ3/3R1B1R w - -,d2c1 c3a1 c1d2 a1d4 d2e1 d4c3 e1f2 d7g4 e2e1 c3f3,-743
r1b1kbnr/2qp1p1p/p3p1p1/4n3/Np1NP3/4B1Q1/PPP2PPP/2KR1B1R w kq -,d4f3 f7f6 a4b6 a8b8 b6c4 d7d6 f3e5 d6e5 f1e2 a6a5,270
1k1r4/1p3pp1/8/2p2Q2/8/5P2/PP4r1/2K2b2 w - -,f5e5 b8a8 e5c5 f1a6 a2a3 g2g6 c5a5 g6c6 c1b1 d8d1,-449
8/8/8/4b2p/8/7k/8/6K1 w - -,g1h1 e5h8 h1g1 h8g7 g1h1 h5h4 h1g1 g7h6 g1h1 h6c1,Mate
7q/p3kp2/2p1bn2/3PR3/3P2p1/6P1/P1P3Br/R4QK1 w - -,d5e6 f7e6 a1e1 f6e4 e5e4 h2h6 f1f4 h8f6 f4c7 e7e8,1077
8/5p2/3p2p1/1p2p1Pp/4P2P/1k3K2/8/q7 w - -,d5e6 f7e6 a1e1 f6e4 e5e4 h2h6 f1f4 h8f6 f4c7 e7e8,Mate
r1b1k2r/p2p1ppp/2pP4/8/4n3/2P5/P1P2PPP/R1B1KB1R w KQkq -,c1a3 e8h8 f1d3 f8e8 e1h1 e4c3 f1e1 e8f8 a3b4 c3a4,173
6k1/5ppp/1prp1b2/8/1P3B2/8/P1P2PPP/3R2K1 w - -,d1d6 c6c2 d6b6 h7h5 f4e3 c2a2 g1f1 f6e5 g2g3 g7g6,164
r1b2rk1/pp2b1pp/2p5/3pPp2/8/2P1BPP1/PP4BP/R4RK1 w - -,a2a4 a7a5 f3f4 c8e6 h2h4 h7h5 f1d1 g7g6 g2f3 f8b8,40
7k/R6p/5p2/Pp3P2/1Pp1P1K1/2P4P/6P1/8 w - -,g1f2 a7a5 a2a4 c8e6 f1d1 b7b6 d1d2 a8b8 g2f1 g7g6,Mate
4Q3/p7/1p3k2/1P3np1/P5pp/4P3/6K1/8 w - -,e8d8 f6g6 d8d7 h4h3 g2g1 f5h6 d7e7 h6f7 e7e6 g6g7,708
8/8/8/4b2p/8/8/7k/5K2 w - -,e8c6 f6e7 c6c7 e7e6 c7c8 e6e5 c8e8 e5f6 e8d8 f6g6,Mate
2r2rk1/pb4p1/1pnq3p/3pp3/2p1P3/2PB1N1P/PP2QPP1/R3R1K1 w - -,d3c2 d5d4 e2c4 g8h7 c4e2 d4c3 b2c3 c6a5 a1d1 d6c5,79
1k1B4/1b5p/p3Q3/1p2P1b1/8/1B2q3/PPPr3P/1K3R2 w - -,d8g5 e3g5 a2a3 b8a7 f1f7 g5g6 e6c8 g6b6 b1a2 a6a5,448
5N2/5Bk1/8/6K1/8/8/8/8 w - -,,0
k2r4/1p3pp1/b7/2p5/Q7/5P2/PP4r1/2K5 w - -,a4h4 d8d2 h4e7 d2c2 c1d1 g2d2 d1e1 d2e2 e1d1 e2e7,-951
2r3k1/pp1bp2p/3p2p1/4n3/3NP1P1/8/2P1Q3/q1KR1B1R w - -,c1d2 a1d4 d2e1 d4c3 e1f2 d7g4 e2e1 c3f3 f2g1 f3d1,-749
r1b2rk1/1pqnbppp/p2ppn2/8/3NP3/2NBBP2/PPPQ2PP/2KR3R w - -,g2g4 d7e5 g4g5 f6d7 c1b1 b7b5 f3f4 e5d3 c2d3 b5b4,74
r2qkbnr/1pp1npp1/p2p3p/3Pp1B1/4P1b1/N1P2N2/PP3PPP/R2QKB1R w KQkq -,g5e3 f7f5 h2h3 g4f3 g2f3 f5f4 e3d2 e7g6 d1b3 a8b8,31
8/8/8/7p/8/6b1/5K1k/8 w - -,g5e7 f8e7 f1d3 g8f6 e1h1 e8h8 a3c4 c7c6 d5c6 b7c6,Mate
3r1qk1/p2P1p2/1p3Qp1/8/1n6/8/5PP1/3RN1K1 w - -,e1f3 b4c6 f6c6 f8e7 c6d5 e7f6 f3e5 a7a5 e5c6 d8d7,600
b7/7k/P5R1/1P3p1P/2np4/4p2P/7K/3B4 w - -,d1e2 a8d5 b5b6 c4e5 b6b7 d5b7 a6b7 e5g6 b7b8q h7g7,703
k6r/1p3pp1/b7/2p5/Q4P2/8/PP4r1/2K5 w - -,d1e2 a8d5 b5b6 c4e5 b6b7 d5b7 a6b7 e5g6 b7b8q h7g7,Mate
8/p2R4/6pk/8/P7/8/3pr2P/7K w - -,d7d6 e2e1 h1g2 d2d1q d6d1 e1d1 a4a5 d1a1 g2f2 h6h5,-813
6k1/R6p/5p2/Pp3P1K/1Pp1P3/2P4P/6P1/8 w - -,d7d3 e2e1 h1g2 d2d1q d3d1 e1d1 a4a5 d1a1 g2f2 h6h5,Mate
rnb1k2r/pp1p1ppp/4p3/q1p1P3/3P4/P2Q4/2PN1PPP/R3KB1R w KQkq -,a1b1 b8c6 d4c5 a5c5 f2f4 c5d4 d2e4 d4d3 f1d3 e8e7,-47
8/8/8/2Q5/6k1/2P5/2K5/8 w - -,a1b1 b8c6 d4c5 a5c5 f2f4 c5d4 d2e4 d4d3 f1d3 e8e7,Mate
2r3k1/pp1bp2p/3p2p1/4n3/3qP1P1/8/2PKQ3/3R1B1R w - -,e2d3 e5d3 f1d3 d4c3 d2c1 d7g4 h1f1 g8g7 f1e1 g4d1,-1160
rn1qk1nr/pbp1bpp1/1p2p2p/3p4/3P1PP1/P1N1B3/1PPQN2P/2KR1B1R w kq -,f4f5 e6f5 g4f5 g8f6 h1g1 h8g8 e3f4 d8d7 f1h3 g7g5,71
3B4/1k6/p1pb1p2/K1p2p1p/2P2P1P/5P2/PP6/8 w - -,,0
r1b1kbnr/2q2p1p/p2pp1p1/4n3/Np2P3/4BNQ1/PPP2PPP/2KR1B1R w kq -,f3e5 d6e5 e3b6 c7c6 d1d8 e8e7 g3e5 f7f6 e5c5 c6c5,496
r1b2rk1/p2p1ppp/2pP4/8/4n3/B1P5/P1P2PPP/R3KB1R w KQ -,f1d3 a7a5 f2f3 e4c3 e1d2 c3d5 h1e1 d5b4 a1b1 h7h6,182
r3kbnr/pp3ppp/2n1pq2/3p4/6b1/1BP2N2/PP1P1PPP/RNBQ1RK1 w kq -,d2d3 f8d6 d3d4 g8e7 f1e1 g4f3 d1f3 f6f3 g2f3 g7g5,-100
r1bq1rk1/1p3pp1/p1nb3p/3N4/2B1Q3/5N2/PP3PP1/3R1RK1 w - -,d5b6 a8b8 b6c8 b8c8 e4g6 c6e7 c4f7 f8f7 g6d6 d8d6,10
r1b2rk1/pp2q1pp/2p2p2/2nnP3/8/5NQ1/PPP1B1PP/R1B1K2R w KQ -,g3h4 g7g5 h4h6 g5g4 f3h4 c8d7 c1e3 d5e3 h6e3 e7e5,-89
k6r/1p3pp1/b7/2p5/Q4P2/P7/1P6/2K3r1 w - -,c1c2 h8h2 c2b3 g1g3 b3a2 g3g2 a4b3 a8a7 f4f5 g2b2,-1108
2r1b3/1p2P1pk/p1n1pr1p/3p4/7N/PNP4P/3B1qP1/R3R2K w - -,e1f1 f2h4 f1f6 h4f6 h1g1 f6e7 d2e3 e8g6 a3a4 e7f6,-808
8/1k6/p1p2B2/K1p2p1p/2P2b1P/5P2/PP6/8 w - -,,0
k7/1p3pp1/b7/2p5/Q4P2/P7/1PK4r/6r1 w - -,b2b3 f4d2 a5a4 b7c7 a4a3 d2c1 a3a4,Mate
r4rk1/pp1b4/1qn1p2p/2pp1p2/3P4/2PBP3/PP1N1PPR/1R1QK3 w - -,h2h6 d7e8 d1f3 b6c7 h6e6 c7g7 f3d5 a8d8 d5c5 b7b6,409
5r1k/1p2nppp/p2pq3/2r1p1b1/PN2P3/N1P5/1P2QPPP/R2R2K1 w - -,c3c4 f7f5 b2b3 e7g6 e4f5 e6f5 b4d5 c5d5 c4d5 g6f4,23
6k1/1prn1pp1/p3p2p/q2p4/1b1P1N2/1P1QBP2/P4P1P/3R2K1 w - -,d3b1 c7c8 g1h1 a5d8 d1g1 b4f8 b1f1 d8h4 g1g3 g8h8,-267
8/5p2/3p2p1/1p2p1Pp/4P2P/1kq1K3/8/8 w - -,d3b1 c7c8 g1h1 a5d8 d1g1 b4f8 b1f1 d8h4 g1g3 g8h8,Mate
6r1/pp1Q2pk/n5p1/5pb1/1P1B4/P6P/6P1/R3K2R w KQ -,d3b1 c7c8 g1h1 a5d8 d1g1 b4f8 b1f1 d8h4 g1g3 g8h8,Mate
1rb1nrk1/p1p2p1p/3p2p1/3Pp3/4P1P1/2PQ1P1q/P3NB1P/2KR3R w - -,h1g1 e8g7 e2g3 g8h8 d1d2 f7f5 g4f5 g6f5 c3c4 a7a5,-63
1k6/1p1Q1pp1/p4q1r/8/2p1Pp1p/2P1nP1P/PPB2RP1/6K1 w - -,c2a4 b8a7 g1h1 f6b6 f2d2 g7g5 b2b4 c4b3 a4b3 h6c6,-168
8/pQ6/1p3k2/1P3np1/P5pp/4P3/6K1/8 w - -,b7c6 f6e5 c6e8 e5f6 e8d8 f6g6 d8d7 h4h3 g2g1 f5h4,713
r1b1r1k1/p2p1ppp/2pP4/8/4n3/B1PB4/P1P2PPP/R3K2R w KQ -,e1h1 e4c3 f1e1 e8f8 a3b4 c3a4 e1e7 a7a5 b4d2 a4c5,190
r3brk1/pp6/1qn1p2R/2pp1p2/3P4/2PBP3/PP1N1PP1/1R1QK3 w - -,d1f3 b6c7 h6e6 c7g7 f3d5 a8d8 d5c5 b7b6 c5c4 c6a5,403
r1b2rk1/ppp1b1pp/4p3/3qPp2/4p3/2P1B1P1/PP2PPBP/R2Q1RK1 w - -,d1d4 c7c5 d4d2 d5e5 a1d1 e5f6 f2f3 e4f3 e2f3 e6e5,-59
1n6/6p1/5k1p/4p3/2P5/1P3PP1/6KP/8 w - -,g2f2 b8c6 f2e3 c6a5 c4c5 a5b3 c5c6 b3d4 c6c7 d4f5,-381
r3k2r/pp3ppp/5n2/2Pp2B1/8/2p1PN2/qbQ1KPPP/1R5R w kq -,g5f4 e8h8 h1d1 a2c4 e2e1 f8e8 f3e5 c4e4 b1b2 c3b2,-320
r1bq1rk1/ppp1b1pp/4p3/4np2/3Pp3/2P1B1P1/PP2PPBP/R2Q1RK1 w - -,a2a4 e5c4 e3c1 a7a5 f2f3 e4f3 g2f3 e7g5 c1g5 d8g5,-467
8/5k2/8/6Q1/8/4K1N1/8/8 w - -,a2a4 e5c4 e3c1 a7a5 f2f3 e4f3 g2f3 e7g5 c1g5 d8g5,Mate
r1b1r1k1/p2p1ppp/2pP4/8/8/B1nB4/P1P2PPP/R4RK1 w - -,f1e1 c8b7 h2h4 g7g6 h4h5 a7a5 h5h6 c6c5 e1e7 e8e7,171
3r1qk1/p2P1p2/1pn2Qp1/8/8/5N2/5PP1/3R2K1 w - -,f6c6 f8e7 c6d5 a7a5 f3e5 g8g7 e5c6 d8d7 d5d7 e7f6,602
r2q1bnr/pp2kppp/3pp3/1Bp5/3nPPb1/2N2N2/PPPP2PP/R1BQ1RK1 w - -,b5e2 g4f3 e2f3 g7g6 f4f5 f8g7 d2d3 e7e8 f5e6 f7e6,93
8/1k6/p1p5/K1p2p1p/2P4P/2B2Pb1/PP6/8 w - -,a5a4 g3h4 c3e5 h4f2 a4b3 h5h4 e5d6 f2g1 b3c2 h4h3,-540
1rq1r1k1/p2nppbp/2B3p1/2PN1b2/2P5/8/PP3PPP/R1BQK2R w KQ -,c6d7 f5d7 e1h1 c8c5 c1e3 c5c4 b2b3 c4e4 a1c1 d7e6,4
6k1/5ppp/1p1R1b2/8/1P3B2/8/P1r2PPP/6K1 w - -,d6b6 g8f8 a2a4 c2a2 g2g3 a2a4 f4e3 f8e7 e3c5 e7d7,178
8/Q7/1p3k2/1P4p1/P5pp/4n3/6K1/8 w - -,g2g1 e3d5 a7d7 f6e5 d7g4 h4h3 g4h3 e5f6 h3h6 f6f5,754
5N2/6k1/8/6K1/4B3/8/8/8 w - -,f8g6 g7f7 e4d5 f7g7 g6h4 g7h8 h4f5 h8h7 d5f7 h7h8,118
rnb1k2r/p2p1ppp/1p2p3/q1P1P3/8/P2Q4/2PN1PPP/R3KB1R w KQkq -,f2f4 b8a6 d3f3 a8b8 c5b6 a7b6 f1d3 a6c5 f3e3 c8a6,-35
1rbq1rk1/1p3pp1/pNnb3p/8/2B1Q3/5N2/PP3PP1/3R1RK1 w - -,c4d3 g7g6 e4e3 d8f6 e3h6 d6f4 b6d5 f4h6 d5f6 g8g7,-41
8/4k3/8/8/4K3/8/7P/8 w - -,,0
2r1br2/1p2P1pk/p1n1p2p/3p4/7N/PNP4P/3B1qP1/R3R1K1 w - -,g1h1 f8f6 a1b1 f2h4 b3d4 c6d4 b1b4 h4f2 b4d4 e8c6,-751
1rq1r1k1/p2n1pbp/4p1p1/2PN1b2/B1P5/8/PP3PPP/R1BQK2R w KQ -,a4d7 e6d5 d7e8 c8e8 d1e2 d5c4 e2e8 b8e8 e1d2 g7d4,5
4r1k1/1p3pp1/p2R3p/8/P7/2P5/1P2r1PP/2K2R2 w - -,f1g1 e8e4 d6d8 g8h7 d8d2 e2d2 c1d2 e4a4 d2d3 a4f4,-108
3R4/5ppk/8/4P3/2p5/8/5K2/1q6 w - -,f1g1 e8e4 d6d8 g8h7 d8d2 e2d2 c1d2 e4a4 d2d3 a4f4,Mate
r2q1r1k/ppp2ppn/2bp3p/5P2/4Pb2/2NB1R2/PPPQ2PP/5RK1 w - -,f3f4 h7f6 f1f3 d8e7 f4h4 f6h7 d2f2 a7a6 h4f4 h7f6,9
8/Q7/1p3k2/1P3np1/P5pp/8/8/7K w - -,a7b6 f6e5 b6c5 e5e6 b5b6 f5g3 h1g2 g3h5 b6b7 g4g3,976
1rq1r1k1/p2B1pbp/6p1/2Pp1b2/2P5/8/PP3PPP/R1BQK2R w KQ -,d7e8 c8e8 d1e2 d5c4 e2e8 b8e8 e1d2 g7d4 a2a4 d4c5,1
3R4/6pk/4p3/8/2p5/8/5K2/1q6 w - -,d7e8 c8e8 d1e2 d5c4 e2e8 b8e8 e1d2 g7d4 a2a4 d4c5,Mate
2r1b3/1p2P1pk/p1n1p2p/3p4/7N/PNP3qP/3B1rP1/R3R1K1 w - -,d2e3 f2f6 h4f3 f6f3 e3c5 f3f6 e1e2 f6g6 a1f1 c6e7,-742
rnbq1rk1/ppp1bppp/4pn2/3p4/3P4/4BNP1/PPP1PPBP/RN1QK2R w KQ -,a2a4 c7c5 d4c5 b8c6 c2c3 f6g4 e3d4 e6e5 h2h3 e5d4,-36
8/8/8/8/5k2/Q1P5/2K5/8 w - -,a2a4 c7c5 d4c5 b8c6 c2c3 f6g4 e3d4 e6e5 h2h3 e5d4,Mate
b7/7k/P4R2/1P3p1P/2n5/3pp2P/7K/3B4 w - -,f6f5 c4d6 f5f1 d6b5 f1e1 e3e2 d1e2 d3e2 e1e2 a8c6,444
r2r2k1/pp1b1pp1/3bpq1p/1P2n3/N2pP3/P4N2/2P1BPPP/R1Q2RK1 w - -,f3e5 f6e5 f2f4 e5e4 c1d2 a8c8 e2d3 e4d5 a1b1 d6a3,-294
Q1b2rk1/p1pq1ppp/1b6/3pP3/4n3/2P2N2/P4PPP/RNB2RK1 w - -,b1d2 c8a6 a8f8 g8f8 c3c4 a6c4 d2c4 d5c4 c1e3 b6e3,-253
8/8/8/8/6N1/3k1K2/B7/8 w - -,a2e6 d3d4 f3f4 d4c5 f4e5 c5b5 e5d5 b5b4 d5d4 b4b5,233
q1b4k/4p1bp/1p4p1/1pP5/4P3/2P1P1P1/P6P/R4QK1 w - -,,0
r4rk1/1pqnbpp1/2p1pnp1/p2p4/2PP4/1PN1PPP1/PBQ1B2P/R4RK1 w - -,g1g2 a8c8 a1d1 e7b4 a2a3 b4c3 c2c3 a5a4 b3b4 d5c4,50
r1b1k2r/p2p1ppp/1pn1p3/q1P1P3/8/P3Q3/2PN1PPP/R3KB1R w KQkq -,f2f4 e8h8 a1b1 a8b8 f1d3 c8a6 c5b6 b8b6 e1h1 a6d3,-42
rnbq1rk1/pp2ppbp/5np1/2p3B1/4P3/3B1N1P/PPP2PP1/RN1QK2R w KQ -,e4e5 f6d7 e5e6 f7e6 c2c3 b8c6 d1e2 d7e5 f3e5 c6e5,-17
r1bq1rk1/pppnbppp/4pn2/3p4/3P4/4BNP1/PPPNPPBP/R2QK2R w KQ -,c2c3 f6g4 d2f1 a7a5 e3c1 b7b5 f1e3 g4f6 a2a4 b5a4,-49
1r2q1k1/p4pbp/6p1/2P2b2/2p5/8/PP2QPPP/R1B1K2R w KQ -,,0
8/8/8/8/4k1N1/8/B4K2/8 w - -,f2g3 e4d4 g3f3 d4d3 a2g8 d3d4 f3f2 d4c5 f2g3 c5b6,211
8/pp2kpp1/2p1p2p/8/3Nn3/6P1/PPP1KP1P/8 w - -,d4b3 e6e5 b3a5 e4d6 b2b4 e7d7 e2d3 b7b6 a5b3 d7e6,-202
8/6pk/4p3/8/2p1q3/8/8/3RK3 w - -,e1d2 c4c3 d2c3 e4f3 c3d4 f3d1 d4c5 d1d2 c5c6 h7g6,-875
b7/7k/P2n4/1P3R1P/8/3pp2P/7K/3B4 w - -,f5f1 d6b5 f1e1 e3e2 d1e2 d3e2 e1e2 h7g7 e2e7 g7h6,480
8/8/8/1PQ2np1/P3k1pp/8/8/7K w - -,b5b6 h4h3 c5c2 e4d5 b6b7 f5g3 h1g1 h3h2 g1h2 g3f1,9605
8/8/8/8/2P1k3/Q7/2K5/8 w - -,h1g1 h4h3 b5b6 h3h2 g1h2 g4g3 h2g1 g3g2 b6b7 f5d4,Mate
r6r/3kb2p/p1qpp3/5p2/1p3QB1/6N1/PPP3bP/1K1RR3 w - -,g3f5 e6f5 f4f5 d7c7 e1e7 c7b6 f5f4 a8d8 f4b4 c6b5,631
rnbq1rk1/ppp1bppp/4p3/3p4/3P2n1/4BNP1/PPPNPPBP/R2QK2R w KQ -,a2a3 g4e3 f2e3 b8d7 c2c4 a7a5 e1h1 f7f5 d1c2 c7c6,-82
r2q1rk1/pppbnpbp/3p1np1/3Pp3/2P1P3/2N2N1P/PP1B1PP1/R1Q1KB1R w KQ -,a2a4 f6h5 a4a5 f7f5 f1e2 f5e4 c3e4 h5f4 d2f4 f8f4,51
4r1k1/p4pbp/6p1/2P2b2/2p5/8/PP3PPP/R1B1K2R w KQ -,,0
8/5p2/3p2p1/1p2p1Pp/4P2P/1k6/2q2K2/8 w - -,e1d2 g7d4 a2a4 d4c5 d2c3 e8e2 c1d2 c5e7 d2e3 e2c2,Mate
3r4/pp1Q2pk/n5p1/5pb1/1P1B3P/P7/6P1/R3K2R w KQ -,e1d2 g7d4 a2a4 d4c5 d2c3 e8e2 c1d2 c5e7 d2e3 e2c2,Mate
8/pp3pp1/2pkpn1p/8/2PN4/5PP1/PP2K2P/8 w - -,e2e3 a7a6 d4b3 f6d7 f3f4 e6e5 b3d2 e5f4 g3f4 b7b6,-199
2kr4/1p3pp1/1pppq1br/4p3/2P1PnR1/2NP4/PP1Q1P2/2KR1B2 w - -,g4g3 c8c7 d2e3 d8a8 f1e2 e6f6 e2g4 g6h5 g4h5 h6h5,-171
rnb1k1nr/pp3pbp/4p1p1/3q4/3P4/5N2/PP1B1PPP/RN1QKB1R w KQkq -,b1c3 d5d8 c3e4 b8c6 f1b5 d8d5 e4c3 d5d6 e1h1 g8e7,59
5N2/6k1/8/6K1/2B5/8/8/8 w - -,f8d7 g7h7 d7f6 h7g7 g5f5 g7f8 f6h5 f8e8 f5e5 e8d7,97
r1b2rk1/pp2q1pp/2p5/2nnp3/8/5NQ1/PPP1B1PP/R1B2RK1 w - -,c1g5 e7d6 f3d2 c8f5 a1e1 c5e4 d2e4 f5e4 c2c3 h7h6,-71
6k1/5pp1/1R3b2/7p/1P3B2/8/P1r2PPP/6K1 w - -,f4e3 c2a2 g1f1 f6e5 g2g3 h5h4 b4b5 h4h3 b6c6 a2b2,179
r3k1nr/pbp2pp1/1pnqp2p/3p4/3P1NPP/P1N1QP2/1PP5/2KR1B1R w kq -,c1b1 e8a8 h4h5 g8f6 f1e2 d6e7 f4d3 f6e8 f3f4 f7f6,-60
8/8/8/4k3/2P5/Q7/2K5/8 w - -,c1b1 e8a8 h4h5 g8f6 f1e2 d6e7 f4d3 f6e8 f3f4 f7f6,Mate
r6r/3kb2p/p1qp4/5p2/1p3Q2/6N1/PPP3bP/1K1RR3 w - -,g3f5 h8e8 f5d6 g2f3 d1d4 f3d5 d6e8 d7e8 f4e5 d5e6,516
r2r2k1/Nq2bppp/b4n2/p1p1p3/Pp2P3/1P1PBN1P/4QPP1/2RR2K1 w - -,a7b5 f6d7 e2b2 b7b8 f3d2 a6b5 a4b5 b8b5 d2c4 a5a4,-114
2rr2k1/1pqnbpp1/2p1pnp1/p2p4/2PP4/1PN1PPP1/PBQ1B2P/2RR2K1 w - -,g1g2 c7b8 c2b1 d8e8 c1c2 b7b6 b1c1 e7b4 a2a3 b4d6,46
2r2rk1/1bq1bppp/p2ppn2/1p2n2P/3NP1P1/2NBBP2/PPPQ4/1K1R3R w - -,g4g5 f6d7 g5g6 d7c5 a2a3 d6d5 e4d5 c5d3 h5h6 e5g6,99
Q1b2rk1/p2q1ppp/1bp5/3pP3/2P1n3/5N2/P4PPP/RNB2RK1 w - -,c4d5 c6d5 c1a3 f8e8 f1c1 b6f2 g1h1 f2e3 b1d2 e4f2,-61
rn1qk1nr/pbp2ppp/1p6/3p4/1b6/2N3P1/PPPPNPBP/R1BQK2R w KQkq -,e1h1 g8f6 e2f4 e8h8 a2a3 b4c3 d2c3 c7c6 a3a4 b8d7,42
1rb2rk1/p1p4p/3p1np1/3Pp3/4P3/2PQ1P1q/P3NB1P/2KR3R w - -,e2g3 h3g2 h1f1 f6g4 d1d2 f8f3 f2a7 f3d3 d2g2 b8a8,-264
r4rk1/1pp2q1p/p2p1ppB/8/4PN2/3P4/PPP1Q2P/2K3R1 w - -,e2h5 g6g5 h2h4 f7h5 f4h5 f8f7 h4g5 f6f5 h5f6 f7f6,505
r1bq1rk1/ppp1ppbp/3p1np1/n5B1/2B1P3/2PP1N2/PP3PPP/RN1Q1RK1 w - -,c4b5 c7c5 b5a4 a8b8 h2h3 b7b5 a4c2 b5b4 f1e1 c8a6,-26
r1b1k2r/1p1pnp1p/p3p1p1/8/B3P3/2NPR3/Pq3PPP/R2Q2K1 w kq -,d3d4 b2b4 a1b1 b4a5 e4e5 e8h8 c3e4 e7d5 e3f3 b7b5,135
4r1k1/5pp1/pp1b3p/5P2/1Pq4Q/P1N4P/1P1R2P1/7K w - -,h4f2 c4f4 g2g4 f4f2 d2f2 e8e3 h1g2 e3g3 g2f1 g3h3,-20
rn1qk2r/1b2bpp1/p2ppn1p/1p6/3NP2B/P1NB4/1PPQ1PPP/R3K2R w KQkq -,e1a1 b8d7 f2f4 e8h8 d2e1 a8b8 h1g1 b7a8 b2b4 b8c8,-30
8/8/8/8/5kN1/8/B3K3/8 w - -,g4f2 f4e5 e2e3 e5f5 a2c4 f5f6 e3f4 f6e7 c4a2 e7d7,200
6k1/5pp1/1R3b2/7p/1P6/4B3/r4PPP/6K1 w - -,g1f1 a2b2 b4b5 f6e5 g2g3 g7g6 b6b7 g8g7 f2f4 e5f6,178
4r1k1/p4pbp/6p1/2P2b2/8/2p5/PP3PPP/R1BK3R w - -,h1e1 e8d8 d1e2 c3b2 c1b2 g7b2 a1d1 d8c8 h2h3 c8c5,-390
2kr4/1p3pp1/8/2p5/5Q2/5P2/PP4r1/2K2b2 w - -,f4h4 g2g6 h4h5 f1d3 b2b3 d8d7 c1b2 b7b6 h5h8 c8b7,-502
r2r2k1/pp3p1p/4bbp1/8/2nP4/2N2N2/PP2BPPP/R4RK1 w - -,d4d5 c4b2 c3e4 e6c8 e4f6 g8g7 f6e4 d8d5 f1c1 c8f5,360
r3r3/3kb2p/p1qp4/5N2/1p3Q2/8/PPP3bP/1K1RR3 w - -,f5d6 g2f3 d1d4 f3d5 d6e8 d7e8 f4e5 c6e6 e5h5 e6f7,548
4r1k1/5pp1/pp1b3p/5P2/1P3q2/P1N4P/1P1R1QP1/7K w - -,g2g4 f4f2 d2f2 e8e3 h1g2 e3g3 g2f1 g3h3 f2d2 d6e5,-11
8/1P6/8/6p1/P5kp/6p1/8/7K w - -,g2g4 f4f2 d2f2 e8e3 h1g2 e3g3 g2f1 g3h3 f2d2 d6e5,Mate
2kr2nr/pbp2pp1/1pnqp2p/3N4/3P2PP/P1N1QP2/1PP5/2KR1B1R w - -,d5c7 d6c7 c3b5 c7e7 c2c4 a7a6 b5c3 g8f6 h1h2 e7c7,-240
7q/p3kp1r/4bn2/3pR3/3P2p1/6P1/P1P3BP/R4QK1 w - -,a1e1 h7h2 f1f4 h8h6 c2c4 e7d8 c4d5 h6f4 g3f4 h2g2,481
r1b1kbnr/2q2ppp/p2pp3/4n3/Np1NP3/4B1Q1/PPP2PPP/2KR1B1R w kq -,a4b6 c7b6 d4e6 b6c6 e6g7 f8g7 g3g7 e5g6 g7d4 g8e7,111
8/8/8/8/4k3/4N3/B3K3/8 w - -,a2d5 e4d4 e2f3 d4d3 d5c4 d3d4 f3f4 d4c5 f4e5 c5b4,195
b7/7k/P2n4/1P2R2P/8/3p3P/4p2K/3B4 w - -,d1e2 d3e2 e5e2 d6b5 e2e8 a8d5 e8e5 d5c4 h2g3 h7g7,505
r1b1k2r/1p1pnp1p/pq2p1p1/1B6/4P3/2NPR3/PP3PPP/R2Q2K1 w kq -,b5a4 b6d4 c3e2 d4f6 a4b3 b7b6 d1d2 e8h8 e3f3 f6e5,69
4r1k1/p4p1p/6p1/2P2b2/8/2b5/P4PPP/R1BK3R w - -,c1b2 c3b2 d1d2 e8d8 d2e2 b2a1 h1a1 f5e4 a1c1 e4c6,-451
rn1qk2r/pbp2ppp/1p3n2/3p4/1b6/2N3P1/PPPPNPBP/R1BQ1RK1 w kq -,a2a3 b4e7 e2d4 g7g6 f1e1 e8h8 d4f3 b8d7 d2d4 c7c6,46
k7/1p3pp1/b7/2p5/Q4P2/P1K5/1P5r/2r5 w - -,c3b3 c1b1 b3c3 b1b2 a4e4 b2e2 e4e2 h2e2 f4f5 a8a7,-9605
8/8/8/8/5k2/4N3/B4K2/8 w - -,f2e2 f4e5 a2d5 e5f6 e3g4 f6e7 e2e3 e7d6 e3d4 d6d7,186
r7/3kr2p/p1qp4/5N2/1p3Q2/8/PPP3bP/1K1R4 w - -,b2b3 e7e6 f4g4 d7c7 f5d4 e6g6 g4h5 c6e4 h5a5 c7d7,-280
6r1/1p5k/p2b4/3ppn1p/4b2P/PNP1R1P1/3BK2N/8 w - -,e2f2 f5e3 d2e3 g8c8 e3d2 c8f8 f2e2 e4c2 b3a5 e5e4,-575
8/8/8/2Pk4/8/Q7/2K5/8 w - -,e2f2 f5e3 d2e3 g8c8 e3d2 c8f8 f2e2 e4c2 b3a5 e5e4,Mate
r2r2k1/pp3p1p/5bp1/3b4/2n5/2N2N2/PP2BPPP/R4RK1 w - -,c3d5 d8d5 e2c4 d5c5 c4b3 a7a5 a1c1 c5c1 f1c1 a5a4,389
6k1/4npp1/p3p2p/1pN5/1P1P4/P1nQ1NP1/5PKP/2q5 w - -,,0
5rk1/4Rpb1/1p4p1/1P1B3p/2Pp3P/6P1/5P2/6K1 w - -,e7d7 d4d3 c4c5 b6c5 d5c4 g7f6 b5b6 d3d2 d7d2 f8b8,157
1rb2rk1/p1p4p/3p1np1/3Pp3/4P3/2PQ1PN1/P4BqP/2KR3R w - -,h1f1 f6g4 d1d2 f8f3 f2a7 f3d3 d2g2 b8a8 a7g1 g4h2,-277
2rq1rk1/3nbpp1/b3p2p/2ppPn1P/p4BN1/P2P1NP1/2P2PB1/1R1QR1K1 w - -,c2c3 c8b8 b1b8 d8b8 d1a4 a6d3 g4f6 g7f6 a4d7 d3b5,-33
r3kb1r/ppp2ppp/2nq4/3np3/P1B3b1/2PP1N2/1P3PPP/RNBQK2R w KQkq -,,0
r1b2rk1/ppp1b1pp/4p3/4qp2/8/2P1BBP1/PP2P2P/R2Q1RK1 w - -,e3d4 e5d6 d4f2 e6e5 d1d6 e7d6 f3d5 g8h8 b2b4 c7c6,-88
8/8/8/8/4k3/8/B4KN1/8 w - -,g2e3 e4d3 f2f3 d3d4 a2c4 d4c3 f3e4 c3d2 c4d5 d2c1,164
7q/p3kp2/4bn2/3pR3/3P2p1/6P1/P1P3Br/4RQK1 w - -,f1f4 e7d7 e1b1 h8h6 b1b7 d7c8 f4h6 h2h6 b7a7 c8b8,488
Q1br2k1/p2q1ppp/1bp5/3pP3/2P1n3/B4N2/P4PPP/RN3RK1 w - -,b1d2 c8a6 e5e6 d7e6 a8d8 b6d8 a1b1 d8c7 c4d5 c6d5,-150
2nqr1k1/rb1p1pbp/p1nB2p1/8/R1NpP3/3B1N2/1PQ2PPP/5RK1 w - -,f1a1 a6a5 d6c5 a7a8 e4e5 a8b8 c2d2 b7a6 d2f4 c8e7,8
rnb1k1nr/ppp2ppp/1b2q3/4p3/4N3/3P1N2/PPP2PPP/R1BQKB1R w KQkq -,c2c3 g8f6 f1e2 h7h6 e1h1 e8h8 a2a4 b8c6 e4g3 f6d5,-3
8/6pk/2RQ1n2/7p/P2r1p1P/1P1p1P2/3Nq1PK/8 w - -,d6d4 e2d2 c6d6 d2e1 d4d3 h7h6 d3d2 e1h4 h2g1 h4g5,513
r4rk1/1pp2q1p/p2p1p1B/6pQ/4PN2/3P4/PPP4P/2K3R1 w - -,h2h4 f7h5 f4h5 g8f7 h4g5 f6g5 h6f8 a8f8 g1g5 f7e6,506
8/8/8/8/1K6/2B5/2B5/5k2 w - -,h2h4 f7h5 f4h5 g8f7 h4g5 f6g5 h6f8 a8f8 g1g5 f7e6,Mate
k7/1p3pp1/b7/2p5/Q4P2/PK6/1Pr4r/8 w - -,h2h4 f7h5 f4h5 g8f7 h4g5 f6g5 h6f8 a8f8 g1g5 f7e6,Mate
rn1k1b1r/ppp1qBpp/5n2/4p3/4P3/1Q6/PPP2PPP/RNB1K2R w KQ -,b3b7 e7b4 b7b4 f8b4 c2c3 b4c5 f2f3 a7a5 a2a4 b8d7,350
2r3k1/5pb1/1p1q2p1/1P1B2Qp/2Pp3P/6P1/5P2/4R1K1 w - -,e1e7 c8f8 e7b7 g7e5 g1f1 g8g7 f1g2 e5f6 g5d2 f6e5,162
4Q3/kp3pp1/b7/2p5/5P2/PK6/1Pr4r/8 w - -,g5e7 d6e7 e1e7 c8d8 d5f7 g8f8 e7b7 d4d3 f7g6 d3d2,Mate
2rr2k1/1pqnbpp1/2p2np1/p2p4/3P4/1PN1PPP1/PBQ1B2P/2RR2K1 w - -,e3e4 c6c5 c3d5 f6d5 e4d5 d7b6 d5d6 e7d6 d4c5 c7c5,32
2kr2nr/pbp2pp1/1p1qp2p/8/1N1n2PP/P1N1QP2/1PP5/2KR1B1R w - -,d1d3 a7a6 d3d2 a6a5 b4a6 g8f6 c3b5 d4b3 c2b3 d6d2,-60
r1br2k1/ppp1b1pp/4p3/2q2p2/3Q1B2/2P2BP1/PP2P2P/R4RK1 w - -,a1c1 d8d4 c3d4 c5d4 e2e3 d4f6 h2h4 c7c6 b2b4 e7b4,-481
8/7k/P2n4/1P2R2P/4b3/1B1p3P/4p2K/8 w - -,e5e6 e2e1q e6f6 e1d2 h2g3 d2g5 g3f2 g5f6 f2e3 f6f3,-1845
6r1/1p5k/p2b4/4pn1p/4p2P/PNP3P1/3BK2N/8 w - -,d2e1 f5g3 e1g3 g8g3 h2f1 g3c3 b3a5 c3a3 a5c4 a3a2,-597
2r3nr/p2qk1p1/1pnNp3/4P1pp/Q7/2P2N2/P4PPP/R3R1K1 w - -,a1d1 g8h6 f3g5 c8c7 d6b5 h6f5 a4a3 e7e8 g5e6 c7b7,719
8/kp3pp1/b7/2p5/4QP2/PK6/1r5r/8 w - -,a4a3 c8d8 f3g5 e7f8 d6b7 f8e8 b7d8 d7d8 g5e6 d8e7,Mate
rnb1k1nr/ppp2ppp/1b4q1/4p1N1/4N3/3P4/PPP2PPP/R1BQKB1R w KQkq -,b2b4 h7h6 g5f3 g8f6 e4f6 g6f6 c1b2 e8h8 f1e2 f8e8,-53
3q2k1/1r1prpbp/p1n3p1/8/R2pP3/3B1N1P/1PQ2PP1/5RK1 w - -,d3a6 b7b8 a6c4 c6b4 c2d2 d7d5 a4b4 d5c4 b4c4 e7e4,-2
8/6pk/2R2n2/7p/P2Q1p1P/1P1p1P2/3q2PK/8 w - -,c6e6 d2d1 e6d6 d1e1 d4d3 h7h6 d3e4 e1h4 h2g1 h4g5,517
4rbk1/p4p1p/1p2q1p1/3b4/1P1Pp1Q1/P3P3/1B4PP/1B3RK1 w - -,g4f4 h7h5 b1c2 e8c8 f1c1 c8c4 f4f2 f8h6 c2a4 a7a6,-135
8/kp3pp1/b7/2p5/K3QP2/P7/2r4r/8 w - -,g4f4 h7h5 b1c2 e8c8 f1c1 c8c4 f4f2 f8h6 c2a4 a7a6,Mate
rnb2rk1/pp2ppbp/1q1p1np1/2p3B1/3PP3/2PB1N1P/PP3PP1/RN1QK2R w KQ -,b2b3 c5d4 c3d4 d6d5 e4e5 f6e4 g5e3 f7f5 e5f6 e7f6,-32
r1b1k2r/3pnp1p/p3p1p1/qp1P4/B3P3/2N1R3/P4PPP/1R1Q2K1 w kq -,a4b3 b5b4 d1d4 e8h8 c3e2 e6d5 e2f4 c8b7 e3g3 e7c6,109
rn1qk2r/pbpn1ppp/1p2p3/3pP3/1b6/2NP2P1/PPP1NPBP/R1BQK2R w KQkq -,f2f4 b8c6 a2a3 b4c3 b2c3 d7c5 a3a4 d8d7 e1h1 a7a5,48
r1b1r1k1/1p2bpp1/1qp1nn1p/p2p4/3P4/2NBPP2/PPQ1NBPP/3R1RK1 w - -,g1h1 f6h5 c2d2 b6c7 e3e4 e7g5 d2c2 c7d8 g2g3 d5e4,93
2kr2nr/pbp2pp1/1p2p2p/8/1N2N1PP/Pn2QP2/1PP5/1K1q1B1R w - -,e3c1 d1c1 b1a2 b3d4 g4g5 a7a5 f1g2 c1e3 b4d3 b7d5,-1319
r1br2k1/ppp3pp/3bp3/5p2/5B2/2P2BP1/PP2P1KP/R4R2 w - -,f4g5 d8f8 e2e4 a8b8 f1e1 h7h6 g5e3 b7b6 a1d1 e6e5,-78
7q/p3kp2/4b3/3pR3/2PPn1p1/6P1/P5Br/4RQK1 w - -,f1f4 h2g2 g1g2 h8h3 g2g1 e7f8 e5e6 h3g3 f4g3 e4g3,664
8/8/8/8/5N2/2k5/B3K3/8 w - -,e2e3 c3b2 a2c4 b2c3 c4f7 c3b4 f4g6 b4b5 e3d4 b5b4,150
4r1k1/p4p1p/1p4pb/8/1P1Pp3/Pq2P3/1B3QPP/1B4K1 w - -,f2c2 h6e3 g1f1 b3d5 f1e1 e3d4 c2d2 e8d8 d2d4 d5d4,-644
r4rk1/1pp4p/p2p1p1B/6pq/4PN1P/3P4/PPP5/2K3R1 w - -,f4h5 f8f7 h4g5 f6f5 h5f6 f7f6 g5f6 g8f7 g1g7 f7f6,515
r1bq1rk1/p3ppbp/2p3p1/3pP2n/7P/2N1BP2/PPP1B1P1/R2QK2R w KQ -,e3d4 h5g3 h1g1 a8b8 d1d2 b8b2 c3e4 g3e4 f3e4 b2b7,-265
Q1br2k1/p4ppp/1bp1q3/3p4/2P1n3/B4N2/P4PPP/RN3RK1 w - -,b1c3 e4c3 f1e1 c3e4 c4d5 b6f2 g1h1 c6d5 f3g5 e6a6,-219
r1b2rk1/3pnp2/p3p1p1/q2P3p/1p2P3/1BN4R/P2Q1PPP/1R4K1 w - -,c3e2 d7d6 e2g3 e6e5 h3h5 f7f6 d2h6 g6h5 g3h5 f8f7,234
8/4R3/P2n3k/1P5P/4b3/1B1p3P/4p2K/8 w - -,c3e2 d7d6 e2g3 e6e5 h3h5 f7f6 d2h6 g6h5 g3h5 f8f7,Mate
r4rk1/p1qb1pbp/2p1p1p1/4P3/2BP1B2/8/P2Q1PPP/1R3RK1 w - -,f1d1 a8b8 b1c1 c6c5 d4d5 c7b7 d5d6 b7e4 d1e1 e4d4,157
rnb2rk1/ppp2pp1/3qpn2/7p/2pP4/2NBPN2/PP3PPP/R2QK2R w KQ -,d3c4 c7c5 e1h1 c5d4 f3d4 b8c6 d4f3 d6c5 c4d3 f8d8,21
8/8/2k5/Q1P5/8/8/2K5/8 w - -,d3c4 c7c5 e1h1 c5d4 f3d4 b8c6 d4f3 d6c5 c4d3 f8d8,Mate
1rb2rk1/p1p4p/3p2p1/3Pp3/4n3/2PQ1PN1/P2R1BqP/2K4R w - -,f3e4 f8f2 h1d1 c8g4 d3e3 f2f3 d2g2 f3e3 d1g1 g4f3,-399
2kr3r/pp3p1p/2p2P2/q1n5/PbB5/2NbPN2/1P3PPP/R1Q1K2R w KQ -,c4f7 h8f8 f3e5 f8f7 e5f7 c5b3 f7d8 c8d8 f2f3 b3c1,-444
2Q5/8/8/P7/6pk/6pp/8/7K w - -,c4f7 h8f8 f3e5 f8f7 e5f7 c5b3 f7d8 c8d8 f2f3 b3c1,Mate
5b2/8/1k3p2/p2p1N2/1P1P2n1/P7/4K3/2B5 w - -,,0
3q1rk1/p1rnbppp/b2Np3/1p2PN2/8/1Pn3P1/PQ3PBP/R1BR2K1 w - -,,0
2kr2nr/pbp2pp1/1p2p2p/8/1N2N1PP/Pn3P2/1PP5/1Kq2B1R w - -,b1a2 b3d4 f1g2 c1e3 h1d1 a7a5 b4d3 d4c2 e4f2 g8e7,-1316
5rk1/6pp/2R5/p2p4/4pnP1/1P1q1P1P/P4Q1K/5R2 w - -,f1c1 e4e3 f2e1 e3e2 e1f2 d5d4 c1e1 d3d2 c6d6 d4d3,-224
8/6pk/3Q4/7p/P2R1p1P/1P1pnP2/3Nq1PK/8 w - -,f1c1 e4e3 f2e1 e3e2 e1f2 d5d4 c1e1 d3d2 c6d6 d4d3,Mate
r4r1k/ppp2ppn/2bp1q1p/5P2/4PR2/2NB4/PPPQ2PP/5RK1 w - -,b2b4 a7a6 d3c4 c6b5 c4b5 a6b5 c3d5 f6e5 f5f6 g7g5,56
rnb2rk1/pp3pp1/3qpn2/2p4p/2BP4/2N1PN2/PP3PPP/R2QK2R w KQ -,e1h1 b8c6 d4c5 d6c5 c4d3 f8d8 a1c1 c5e7 d1e2 b7b6,30
1r1q2k1/3prpbp/B1n3p1/8/R2pP3/5N1P/1PQ2PP1/5RK1 w - -,,0
7Q/8/8/P5k1/6p1/6pp/8/7K w - -,a6c4 c6b4 c2d2 d7d5 a4b4 d5c4 b4c4 e7e4 d2d3 e4e6,Mate
r1b2rk1/3pn3/p3ppp1/q2P2Qp/1p2P3/1BN4R/P4PPP/1R4K1 w - -,,0
r1bqk2r/ppp1b1pp/2n1pn2/3p1p2/5P2/1P2PN2/PBPPB1PP/RN1QK2R w KQkq -,a2a3 e8h8 e1h1 c6a5 b3b4 a5c4 e2c4 d5c4 f3e5 c8d7,35
4r1k1/p4p1p/6p1/2P2b2/2pb4/8/PP1K1PPP/R1B4R w - -,a2a4 d4c5 d2c3 e8e2 c1d2 c5e7 d2e3 e2c2 c3d4 e7f6,3
8/8/P2nR3/1P4kP/4b3/1B1p3P/4p2K/8 w - -,a2a4 d4c5 d2c3 e8e2 c1d2 c5e7 d2e3 e2c2 c3d4 e7f6,Mate
8/kp3pp1/b7/2p1Q3/K1r2P2/P7/7r/8 w - -,a4b3 c4c2 e5f5 c2b2 b3c3 h2c2 f5c2 b2c2 c3c2 f7f5,-9605
r1br4/ppp2kpp/3bp3/5p2/5B2/2P2BP1/PP2P1KP/3R1R2 w - -,a2a3 d8d7 e2e4 d6f4 g3f4 f5e4 f3e4 g7g6 h2h4 f7e7,-44
r4rk1/p2b1pbp/1qp1p1p1/4P3/2pP1B2/1B6/P2Q1PPP/1R3RK1 w - -,b3c4 b6c7 f1d1 f8b8 b1c1 b8b7 h2h4 c6c5 c4a6 b7b6,167
4r1k1/5pp1/pp1b3p/5P2/1P4P1/P1N4P/1P1R1q2/7K w - -,d2f2 e8e3 h1g2 e3g3 g2f1 g3h3 f2d2 d6e5 c3a4 h3h1,-17
4r1k1/p4p1p/1p4p1/8/1P1bp3/Pq6/1B2Q1PP/1B3K2 w - -,a3a4 b3b2 e2b2 d4b2 b1a2 g8g7 a2c4 e4e3 c4d3 e8d8,-734
6nr/p2rk1p1/1pn5/4Pppp/Q7/2P2N2/P4PPP/4R1K1 w - -,a4c6 e7f8 c6d7 g8e7 f3g5 g7g6 d7d8 f8g7 d8e7 g7h6,1332
6k1/p4p1p/6p1/2P2b2/3b4/2p5/PP3PPP/R1B1K3 w - -,e1e2 g8g7 a2a4 c3b2 c1b2 d4b2 a1d1 g7f6 d1d8 a7a5,-34
8/8/8/P3Q3/6pk/6pp/8/7K w - -,e1e2 g8g7 a2a4 c3b2 c1b2 d4b2 a1d1 g7f6 d1d8 a7a5,Mate
8/8/P2R4/1P4kP/4b3/1B1p3P/7K/4q3 w - -,e1e2 g8g7 a2a4 c3b2 c1b2 d4b2 a1d1 g7f6 d1d8 a7a5,Mate
rn1k1b1r/pQp2Bpp/5n2/4p3/1q2P3/8/PPP2PPP/RNB1K2R w KQ -,b7b4 f8b4 c1d2 a7a5 b1c3 d8e7 f7c4 b8d7 f2f3 h8b8,356
r1b2rk1/4n3/p2ppppQ/q2P3p/1p2P3/1BN4R/P4PPP/1R4K1 w - -,e4e5 a8a7 e5d6 e7d5 c3d5 e6d5 h6g6 a7g7 g6h5 c8h3,537
1Qbr2k1/p4ppp/1bp1q3/8/2p1n3/B4N2/P4PPP/RN3RK1 w - -,f3g5 e4g5 b1c3 e6g4 b8g3 g4g3 h2g3 d8d3 a1c1 f7f6,-78
7q/p3kp2/4b3/3PR3/3P2p1/6n1/P5Br/4RQK1 w - -,f1f4 h2h7 f4g3 h8d8 g3f4 d8d6 d5e6 f7e6 e5e6 d6e6,863
6k1/5pp1/pp1b3p/5P2/1P4P1/P1N4P/1P3R2/4r2K w - -,h1g2 d6e5 c3a4 a6a5 a4b6 a5b4 b6d7 b4a3 b2a3 e5d6,65
r1b1kbnr/5ppp/pq1pp3/4n3/1p1NP3/4B1Q1/PPP2PPP/2KR1B1R w kq -,d4e6 b6c6 e6g7 f8g7 g3g7 e5g6 g7d4 c8e6 d4b4 a8c8,108
r1br4/ppp1k1pp/3bp3/5p2/2P2B2/5BP1/PP2P1KP/3R1R2 w - -,f4g5 e7e8 g5d8 e8d8 c4c5 c8d7 c5d6 c7d6 d1d6 d8e7,474
6k1/1p3pb1/p3q1p1/P2p3p/1P1P2p1/2P1Q1P1/5P1P/4B1K1 w - -,e3e6 f7e6 g1f1 g8f8 f1e2 f8e7 e1d2 e7d6 e2d3 d6c6,-21
8/k5N1/N2K4/8/8/8/8/8 w - -,,0
r1b2rk1/ppppqppp/2n5/2bQP3/2P3n1/4PNP1/PP3P1P/RNB1KB1R w KQ -,b1c3 g4e5 f3e5 c6e5 d5e4 d7d6 f2f4 f7f5 e4c2 e5g4,-17
r1b2rk1/pp3pp1/2nqpn2/2p4p/2BP4/2N1PN2/PP3PPP/R2Q1RK1 w - -,d4c5 d6c5 c4d3 f8d8 a1c1 c5e7 d1e2 b7b6 a2a3 c8b7,32
5r1k/1pp2p1n/3p1P1p/1p1N2p1/1Pq5/8/r1PQR1PP/5RK1 w - -,d5e3 c4c6 e3f5 a2b2 f5h6 c6c4 h2h3 c4b4 d2d1 b4c4,102
5rk1/p1rnqppp/b2Np3/1p2P3/8/1Pn3P1/PQ3PBP/R1BR2K1 w - -,c1f4 c3d1 a1d1 f7f6 b2a3 a6c8 e5f6 d7f6 d6b5 e7a3,-67
2kr4/pp3r1p/2p2P2/q1n1N3/Pb6/2NbP3/1P3PPP/R1Q1K2R w KQ -,e5f7 c5b3 f7d8 c8d8 f2f3 b3c1 a1c1 a5a4 e1f2 a4b3,-402
8/8/P7/4Q3/6pk/6p1/7p/7K w - -,e5f7 c5b3 f7d8 c8d8 f2f3 b3c1 a1c1 a5a4 e1f2 a4b3,Mate
2rr2k1/1pqnbpp1/4pnp1/p1pp4/2PP4/1PN1PPP1/PBQ4P/2RR1BK1 w - -,c4d5 e6d5 c2e2 c7b8 e2b5 b8a7 c3a4 b7b6 b5e2 d7b8,53
8/2N3N1/1k1K4/8/8/8/8/8 w - -,,0
r1b2rk1/pp3pp1/2n1pn2/2q4p/2B5/2N1PN2/PP3PPP/R2Q1RK1 w - -,c4d3 f8d8 d1e2 c8d7 c3e4 c5e7 e4f6 e7f6 d3e4 g7g6,28
6k1/5pp1/pp1b3p/5P2/1P4P1/P1N1r2P/1P3R2/7K w - -,h1g2 e3g3 g2f1 g3h3 f2d2 d6e5 c3a4 h3h1 f1e2 h1g1,-12
r2r4/pppb1kpp/3bp3/5p2/2P2B2/5BP1/PP2P1KP/3R1R2 w - -,f4d2 d6e5 b2b3 d7c6 f3c6 b7c6 e2e4 g7g6 f1e1 e5f6,-53
3b2k1/pp4p1/4pqp1/3p4/3P4/3Q3P/PP1BK1P1/8 w - -,g2g3 g8h7 d2c3 f6f7 c3d2 a7a6 g3g4 d8h4 e2d1 f7e8,-118
6k1/4npp1/p3p2p/1pN5/1P1P3P/q1nQ1NP1/5PK1/8 w - -,,0
rn1qk2r/pp3ppp/3bpn2/3pN3/8/2N5/PPPPQPPP/R1B2RK1 w kq -,c3b5 d6e5 e2e5 e8h8 b5d4 d8b6 c2c3 a7a5 d2d3 b8c6,-16
8/5p2/3p2p1/1p2p1Pp/4P2P/2q5/2k2K2/8 w - -,c3b5 d6e5 e2e5 e8h8 b5d4 d8b6 c2c3 a7a5 d2d3 b8c6,Mate
8/8/1Q6/2Pk4/8/8/2K5/8 w - -,c3b5 d6e5 e2e5 e8h8 b5d4 d8b6 c2c3 a7a5 d2d3 b8c6,Mate
8/6N1/3KN3/k7/8/8/8/8 w - -,,0
rn1k3r/p1p2Bpp/5n2/4p3/1b2P3/8/PPP2PPP/RNB1K2R w KQ -,c1d2 a7a5 b1c3 d8e7 f7c4 b8d7 f2f3 d7b6 c4b5 h8b8,367
r2r4/pp1b1kpp/3pp3/5p2/2P5/5BP1/PP2P1KP/3R1R2 w - -,b2b3 d7c6 f3c6 b7c6 g3g4 g7g6 e2e4 d8d7 g4f5 g6f5,-50
1k3r2/p3n1p1/Bp2p2p/2prNp2/7P/PK6/1PP5/4R3 w - -,e5f3 d5d6 b3a2 b8c7 h4h5 f5f4 a6d3 e7f5 b2b4 c5b4,-466
8/8/2b3pk/1p1p4/1PpP2P1/2P2RKN/3r4/8 w - -,f3f7 g6g5 f7f6 h6g7 f6c6 d2d3 g3g2 d3d2 h3f2 d2c2,521
r1br2k1/pp3pp1/2n1pn2/2q4p/8/2NBPN2/PP3PPP/R2Q1RK1 w - -,d1e2 c8d7 c3e4 c5e7 e4f6 e7f6 d3e4 a7a6 f1c1 a8c8,26
2kr4/pp3N1p/2p2P2/q7/Pb6/1nNbP3/1P3PPP/R1Q1K2R w KQ -,f7d8 c8d8 f2f3 b3c1 a1c1 a5a4 e1f2 a4b3 c3d1 d8c8,-400
b5rk/2Q1n2p/4p3/p3P2N/1b1B4/6KP/1P6/7r w - -,f7d8 c8d8 f2f3 b3c1 a1c1 a5a4 e1f2 a4b3 c3d1 d8c8,Mate
1Qbr2k1/p4ppp/1bp1q3/8/2p5/B4N2/P2n1PPP/R4RK1 w - -,a1d1 d2f1 d1d8 b6d8 b8b4 e6e8 g1f1 c8a6 b4a4 a6b5,-287
8/p3kp2/4b3/3PR3/3P1Qp1/6nq/P5K1/4R3 w - -,g2g1 h3h1 g1f2 h1h2 f2e3 h2c2 f4g3 a7a5 d5e6 c2c3,924
4r1k1/p4p1p/1p4p1/8/1P1Bp3/P7/4Q1PP/1q3K2 w - -,e2e1 b1d3 e1e2 d3d4 g2g3 e4e3 f1g2 d4d2 g2f1 d2d5,Mate
1k3r2/p3n1p1/Bp2p2p/2p1Np2/2Pr3P/PK6/1P6/4R3 w - -,b3a2 b8c7 e1g1 c7d6 e5f3 d4d3 a6b7 f8b8 g1e1 b8b7,-538
6k1/1q3p2/p2Pn1p1/4Q3/P6B/7r/6P1/5R1K w - -,e5h2 h3h2 h1h2 b7d5 f1b1 d5d6 h4g3 d6c5 b1b8 g8g7,-609
r3k2r/1bqnbpp1/p3pn1p/1p1p4/3NPPPB/P1N2Q2/1PP3BP/2KR3R w kq -,e4d5 f6d5 h4e7 e8e7 c3d5 b7d5 f3f2 d5g2 f2g2 a8c8,159
r5k1/1pp2r1p/p2p1p1B/6pN/4P2P/3P4/PPP5/2K3R1 w - -,h4g5 f6f5 h5f6 f7f6 g5f6 g8f7 g1g7 f7f6 g7c7 f5e4,522
8/6N1/3K4/2N5/1k6/8/8/8 w - -,,0
8/kp3pQ1/b7/2p5/5P2/r6r/K7/8 w - -,c5e6 b4c3 g7f5 c3c2 e6d4 c2d2 d6c5 d2e1 f5g3 e1f2,Mate
r1q2rk1/pp2ppbp/2np1np1/5b2/2PP4/2N3PP/PP2NPB1/R1BQ1RK1 w - -,g1h2 h7h5 c1g5 e7e5 d4d5 c6b4 b2b3 c8d7 a2a3 f6h7,52
r1b1r1k1/1p2bpp1/1qp1nn1p/p7/3Pp3/2NB1P2/PPQ1NBPP/3R1RK1 w - -,f3e4 f6g4 d3c4 e6g5 e4e5 g4f2 f1f2 c8e6 b2b3 a8d8,51
1k3r2/p3n1p1/Bp2p2p/2p1Np1P/2P1r3/PK6/1P6/4R3 w - -,e5f3 e4e1 f3e1 f5f4 e1f3 f8d8 b3a4 e7c6 a6b5 c6d4,-633
8/p3kp2/4b3/3PR3/3P1Qp1/6n1/P4K1q/4R3 w - -,f2e3 h2c2 f4g3 c2c8 d5e6 f7f5 g3h4 e7d6 e5c5 f5f4,1000
1Qb3k1/p4ppp/1bp1q3/8/2p5/B7/P2r1PPP/R4RK1 w - -,b8f4 d2c2 a1d1 h7h6 a3b4 c2a2 d1d2 a2a4 b4c3 a4a3,-93
8/8/2p1k3/1pPp1pb1/1P1P2p1/3KP1n1/4N1P1/8 w - -,e2c1 g3f1 d3e2 f1e3 c1d3 e3c2 d3f2 c2b4 g2g3 g5f6,-710
8/6N1/3K4/8/8/k2N4/8/8 w - -,,0
6k1/1q3p2/p2Pn1p1/4Q3/P6r/8/6P1/5RK1 w - -,e5e3 h4d4 e3f3 b7f3 g2f3 d4d6 f1c1 d6d4 a4a5 d4a4,-622
r1b1r1k1/1p2bpp1/1qp1n2p/p7/3PP1n1/2NB4/PPQ1NBPP/3R1RK1 w - -,c3a4 b6a7 e4e5 b7b5 a4c3 e8d8 g1h1 g4f2 f1f2 e6d4,-100
r3k2r/1bqnbpp1/p2ppn1p/8/1p1NPPPB/P1N2Q2/1PP3BP/2KR3R w kq -,c3a2 b7e4 f3e2 d6d5 f4f5 e6e5 d4e6 f7e6 f5e6 d7b6,-235
4r1k1/p4p1p/1p4p1/8/1P1Bp3/P2q4/4QKPP/8 w - -,e2e3 e8d8 e3d3 e4d3 d4e3 d3d2 e3d2 d8d2 f2f1 g6g5,-743
r1bqkbnr/2pppppp/2n5/pp6/1P6/N1P5/P2PPPPP/R1BQKBNR w KQkq -,a3b5 a5b4 g1f3 b4c3 b5c3 g8f6 e2e3 e7e6 a2a4 f8b4,-12
8/5p2/3p2p1/1p2p1Pp/4P2P/8/2k3K1/4q3 w - -,a3b5 a5b4 g1f3 b4c3 b5c3 g8f6 e2e3 e7e6 a2a4 f8b4,Mate
b5rk/2Q1n2p/4p3/p3P2N/1b1B1K2/7P/1P6/5r2 w - -,a3b5 a5b4 g1f3 b4c3 b5c3 g8f6 e2e3 e7e6 a2a4 f8b4,Mate
r2qkb1r/pp3ppp/2n1pn2/3pN3/8/2N5/PPPPQPPP/R1B2RK1 w kq -,e5c6 b7c6 c3a4 f8d6 d2d4 h7h6 c2c4 e8h8 b2b3 f6e4,-37
8/6N1/3K4/8/8/8/1k6/2N5 w - -,,0
r4rk1/p3p1b1/2p2p2/2B4R/1P2p3/8/P1P3P1/4K2R w - -,e1f2 g8f7 f2e3 f8b8 a2a3 a7a5 e3e4 a5b4 c5b4 e7e5,-23
r1q2rk1/pp2ppbp/2np1np1/5b2/2PP4/P1N3P1/1P2NPBP/R1BQ1RK1 w - -,b2b3 a7a6 d4d5 c6e5 a3a4 f5g4 f2f3 c8c5 d1d4 g4f5,43
rnbqk2r/p3bppp/4p3/3pP3/PppP4/5N2/1P2BPPP/R1BQ1RK1 w kq -,c1e3 b8c6 b2b3 c6a5 f3d2 c8a6 f2f4 e8h8 f1f3 a8c8,-202
8/6N1/3K4/8/8/8/4N3/k7 w - -,,0
r2r2k1/pp1b2pp/2p1p3/4Bp2/1P6/2P1bBP1/P3P1KP/R4R2 w - -,e5c7 d8c8 c7e5 e3b6 a2a4 a7a5 b4b5 b6c7 e5c7 c8c7,-65
1rbq1rk1/4bppp/1pp1pn2/p2p4/2PP4/2N1P1P1/PPQN1P1P/R2R1BK1 w - -,a1c1 c8b7 c4d5 e6d5 f1g2 h7h6 e3e4 d5e4 d2c4 b6b5,19
5rk1/p1p2ppp/2p1r3/3nP1q1/3N4/3P4/PPP2PPP/R2QR1K1 w - -,d4e6 f7e6 e1e4 g5f5 d1d2 g7g5 f2f3 h7h5 h2h3 d5f4,407
r2rb1k1/pp4pp/2p1p3/4Bp2/1P6/2P1bBP1/P3P1KP/3R1R2 w - -,a2a3 e3g5 e2e4 f5e4 f3e4 e8h5 d1d8 a8d8 e5d4 h5e2,-90
3b2k1/3P1ppp/8/3Q4/5B2/8/r3qPPP/3R2K1 w - -,f4e3 a2a5 d5d4 f7f6 d1c1 g8f7 h2h3 e2a2 d4c3 a5d5,345
6k1/1p3pb1/p5p1/P2p3p/1P1P2p1/2P1q1P1/3B1P1P/6K1 w - -,f2e3 f7f5 g1f1 g8f7 f1e2 f7e6 e2d3 g7f6 c3c4 f6d8,-124
8/8/1QPk4/8/8/8/2K5/8 w - -,f2e3 f7f5 g1f1 g8f7 f1e2 f7e6 e2d3 g7f6 c3c4 f6d8,Mate
r2r2k1/pp1b1pp1/3bp2p/1P2n3/N2NP2q/P7/2P1BPPP/R1Q2RK1 w - -,g2g3 h4e4 f1d1 a8c8 c2c4 d7e8 c4c5 d6e7 f2f3 e4g6,-100
6k1/4n1p1/p3pp1p/1pN1N3/1P1P3P/q1nQ2P1/5PK1/8 w - -,,0
8/6N1/3K4/8/8/8/8/1kN5 w - -,,0
8/8/2p1k3/1pPp1p2/1P1P2pb/3KP1N1/6P1/8 w - -,,0
8/kp3Q2/b7/8/5P2/r1p4r/1K6/8 w - -,,0
2rqr1k1/pb1p1ppp/np1Bp3/8/1PPQn3/P4NP1/4PPBP/R4RK1 w - -,f1d1 e4d6 d4d6 a6b8 a1c1 d8c7 d6c7 c8c7 f3d4 a7a6,56
8/p5p1/Bp5p/2p1kn1P/2P2N2/P3p3/1PK5/8 w - -,f4e2 e5f6 c2d3 g7g6 h5g6 f6g6 a6c8 f5d6 c8e6 g6f6,192
5rk1/p1p3pp/2p1p3/3nP1q1/8/3P4/PPP2PPP/R2QR1K1 w - -,e1e4 f8b8 a1b1 h7h5 g2g3 g5f5 a2a3 f5g6 e4c4 a7a5,400
r1q1r1k1/pp2ppb1/2np1npp/5bB1/2PP4/P1N3P1/1P2NPBP/R2QR1K1 w - -,g5f6 g7f6 b2b4 f5g4 d1d3 f6g7 a1c1 c8d7 b4b5 c6a5,24
r1b1r1k1/pp1nq1pp/8/2bp4/5B2/3N2Q1/PPP1B1PP/R3K2R w KQ -,d3c1 d7f6 f4g5 c8f5 h1f1 e7e6 g5f6 e6f6 c1d3 f6e7,-348
rnbq1rk1/ppp1ppbp/3p2p1/6Pn/4PP1P/3P4/PPP5/RNBQKBNR w KQ -,b1c3 b8c6 f1e2 h5g3 h1h2 e7e5 h2g2 g3e2 g1e2 f7f5,-98
b5rk/2Q4p/4p3/p2nP2N/1b1B1K2/7P/1P6/7r w - -,b1c3 b8c6 f1e2 h5g3 h1h2 e7e5 h2g2 g3e2 g1e2 f7f5,Mate
r1b1kb1r/2ppqp1p/1np3p1/4P3/p1P4P/6P1/PP1NQP2/R1B1KB1R w KQkq -,f1h3 f8g7 e1h1 e8h8 f1e1 f8e8 e2d1 d7d6 h3g2 c8d7,-77
4r1k1/p4ppp/6q1/7b/4nP2/PN2P3/1B4KP/RQ3R2 w - -,g2h1 g6c6 h1g1 e8e6 h2h3 e6g6 g1h2 e4d2 b1g6 d2f1,Mate
8/p5p1/Bp5p/2p4P/1PPnk3/P3p3/2K1N3/8 w - -,c2b1 d4e2 a6b7 e4d3 b7f3 e2d4 f3g4 e3e2 g4e2 d3e2,-924
8/6N1/3K4/4N3/8/8/8/1k6 w - -,,0
r5k1/1pp2r1p/p2p3B/5pPN/4P3/3P4/PPP5/2K3R1 w - -,h5f6 f7f6 g5f6 g8f7 g1g7 f7f6 g7c7 f5e4 d3e4 a8b8,494
6k1/1p4b1/p5p1/P2p1p1p/1P1P2p1/2P1B1P1/5P1P/6K1 w - -,g1f1 g7f6 e3f4 g8f7 f1e2 f7e6 e2d3 f6e7 f4c7 h5h4,-22
r1q1r1k1/pp2ppb1/2np2pp/3N1b2/2PP4/P5P1/1P2NPBP/R2QR1K1 w - -,d5e3 e7e5 d4e5 d6e5 e3f5 c8f5 d1b3 e5e4 a1d1 a8c8,17
2rq1rk1/1p3pp1/p1nb3p/8/2B1Q3/5N2/PP3PP1/3R1RK1 w - -,e4d5 c6b4 d5d4 d8c7 d4d6 c7d6 c4f7 f8f7 d1d6 b4a2,-18
2k5/8/5K2/B2Q4/8/8/8/8 w - -,e4d5 c6b4 d5d4 d8c7 d4d6 c7d6 c4f7 f8f7 d1d6 b4a2,Mate
2rr2k1/1pqnbpp1/2p1pnp1/p2p4/2PP4/1PN1PPP1/PBQ3BP/2RR2K1 w - -,c2e2 d5c4 b3c4 e6e5 c3a4 e5d4 b2d4 f6h7 e3e4 h7g5,48
2r2r2/1bq2ppk/pn1ppb2/1p2n2P/3NP3/2NBBP2/PPPQ4/1K4RR w - -,e3g5 c7e7 c3d5 e6d5 d4f5 e5f3 d2f2 e7d8 g5f6 d8f6,161
r1b1nrk1/p1p4p/3p2p1/3Ppp2/4P1Pq/2PQBPN1/P6P/R3K2R w KQ -,g4f5 g6f5 e3f2 f5e4 d3e4 h4h3 h1g1 g8h8 c3c4 c8a6,-95
4rr1k/pb4p1/1pnq3p/8/2QpP3/5N1P/PPB2PP1/3RR1K1 w - -,f3d4 c6e5 c4b3 d6g6 c2b1 g6g5 e1e3 b7a6 e3g3 g5f4,267
r1q1r1k1/pp3pb1/2np2pp/3Npb2/2PP4/P5P1/1P2NPBP/2RQR1K1 w - -,d4e5 e8e5 b2b4 c8d7 b4b5 c6e7 d5e3 e5e3 f2e3 g7b2,46
8/8/3K4/4N2N/8/8/8/k7 w - -,,0
r1b1r1k1/1pq1bpp1/2p1nn1p/p2p4/3P4/2NBPP2/PPQ1NBPP/3R1R1K w - -,e3e4 d5e4 f3e4 a5a4 e4e5 f6d5 c3d5 c6d5 e2c3 c7d8,157
8/2P5/1Q6/3k4/8/8/2K5/8 w - -,a2a4 e7d6 h2h3 f6h5 e3e4 e6f4 e4e5 d6b4 d3h7 g8h8,Mate
8/kp6/5P2/8/2b5/8/8/2K5 w - -,a2a4 e7d6 h2h3 f6h5 e3e4 e6f4 e4e5 d6b4 d3h7 g8h8,Mate
6k1/6p1/p1n1pp1p/1pN5/1P1P3P/q1nQ2P1/5PK1/8 w - -,,0
rnbqkbnr/pp2pppp/8/2p1P3/P1Pp4/8/1P1P1PPP/RNBQKBNR w KQkq -,d2d3 b8c6 f2f4 g8h6 g1f3 g7g6 g2g3 f8g7 f1g2 f7f6,-44
r1q1r1k1/pp3pb1/2n3pp/3Npb2/2P5/P5P1/1P2NPBP/2RQR1K1 w - -,b2b4 f5g4 d1d2 g4e2 e1e2 c6d4 e2e3 c8f5 e3d3 a8d8,19
6k1/p4p1p/1p4p1/8/1P6/P2pB3/2r3PP/4K3 w - -,e3f4 c2g2 a3a4 g2a2 f4b8 a2a4 e1d2 a4a3 b8f4 f7f6,-694
8/8/3K4/4N3/8/6N1/8/1k6 w - -,,0
r4r1k/1pp2ppn/p2p1q1p/1b3P2/1PB1PR2/2N5/P1PQ2PP/5RK1 w - -,c3d5 f6e5 c4b5 a6b5 f5f6 g7g5 f4f2 a8a2 d2d1 a2a3,96
8/p3kp2/4b3/3PR3/3P1Qp1/4K1nq/P7/4R3 w - -,c3d5 f6e5 c4b5 a6b5 f5f6 g7g5 f4f2 a8a2 d2d1 a2a3,Mate
8/p5p1/Bp5p/2p4P/1PP2k2/P3p3/4K3/8 w - -,a6b7 f4g5 b4c5 b6c5 e2e3 g5f5 b7a6 f5e5 a6c8 a7a5,731
r1b2rk1/ppp1b2p/4p3/2q2pp1/3Q1B2/2P2BP1/PP2P2P/R4RK1 w - -,g1f2 c5d4 c3d4 g5f4 g3f4 g8h8 f1g1 c8d7 e2e3 a7a5,-449
r5k1/1pp2r1p/p2p3B/6pN/4P3/3P4/PPP5/2K3R1 w - -,g1g5 g8h8 h6g7 h8g8 h5f6 f7f6 g7f6 g8f7 f6d4 a8g8,519
r3r1k1/pp1q1pb1/2n3pp/3Npb2/2P5/P5P1/1P1QNPBP/2R1R1K1 w - -,b2b3 a8d8 b3b4 b7b6 b4b5 c6d4 e2d4 e5d4 a3a4 h6h5,-37
8/8/3K4/4N3/8/8/4N3/k7 w - -,,0
rnbq1rk1/ppp1ppbp/3p2p1/6P1/4PP1P/3P1Nn1/PPP5/RNBQKB1R w KQ -,h1g1 g3f1 e1f1 e7e5 f4f5 g6f5 b1c3 f5e4 c3e4 b8c6,-83
r1b1k2r/2ppqpbp/1np3p1/4P2P/p1P5/6P1/PP1NQP2/R1B1KB1R w KQkq -,h1h4 e8h8 d2f3 c8b7 c1d2 f8e8 e1a1 c6c5 h5g6 h7g6,-100
8/kp6/5P2/8/8/4K3/b7/8 w - -,h1h4 e8h8 d2f3 c8b7 c1d2 f8e8 e1a1 c6c5 h5g6 h7g6,Mate
5rk1/p1rnqppp/b2Np3/1p2P3/8/1P4P1/PQ1B1PBP/R2n2K1 w - -,a1d1 d7b6 d2a5 c7d7 b2e2 b6d5 e2g4 a6c8 g4d4 h7h6,12
r1b1nrk1/p1p4p/3p2p1/3Pp3/4P1pq/2PQ1PN1/P4B1P/R3K2R w KQ -,g3f1 h4h3 f1d2 h3g2 h1f1 g2h2 e1a1 g4f3 c3c4 c8g4,-327
3rr1k1/p5b1/2p2p2/7R/1P3B2/4p3/P1P3P1/4K2R w - -,h1h3 e8e4 f4e3 e4b4 h5h4 b4b1 e1f2 b1b2 h4c4 b2a2,13
8/8/3K4/4N3/8/2N5/1k6/8 w - -,,0
3r4/pB3pkp/1n4p1/8/3r4/1P6/P4PPP/R4RK1 w - -,b7f3 d4d2 f1d1 d8d7 a2a4 a7a5 h2h3 d2d1 f3d1 b6d5,71
3rr1k1/pp1q1pb1/2n3pp/3Npb2/1PP5/P5P1/3QNPBP/2R1R1K1 w - -,h2h4 f5g4 b4b5 e5e4 d2c2 g4e2 b5c6 b7c6 c2e2 c6d5,-25
r1bqkbnr/pp2pppp/2n5/2p1P3/P1Pp4/6P1/1P1P1P1P/RNBQKBNR w KQkq -,g1f3 d8c7 f1g2 c6e5 d2d3 c7a5 e1f1 e5c6 d1e2 g8f6,-82
r4r1k/1pp2p1n/3p1P1p/1p1Nq1p1/1P2PR2/8/P1PQ2PP/5RK1 w - -,f4f2 a8a2 d5c7 f8c8 c7d5 a2a1 f1a1 e5a1 f2f1 a1e5,83
8/1B4p1/1p5p/p1p4P/1PP2k2/P3p3/4K3/8 w - -,b4a5 b6a5 b7f3 a5a4 f3c6 f4g4 c6a4 g4f5 e2e3 f5g5,767
2rq1rk1/1p2npp1/p2b2Qp/8/2B5/5N2/PP3PP1/3R1RK1 w - -,g6g4 d8c7 c4b3 g7g6 d1d2 g8h7 f1d1 c8d8 g2g3 e7f5,-23
1rbq1rk1/4bppp/1p2pn2/p1pp4/2PP4/2NBP1P1/PPQN1P1P/R2R2K1 w - -,d2f3 d5c4 d3c4 c8b7 f3e5 c5d4 e3d4 b8c8 c2e2 f6d5,-12
r6k/1pp2r1p/p2p3B/6RN/4P3/3P4/PPP5/2K5 w - -,h6g7 h8g8 h5f6 f7f6 g7f6 g8f7 f6c3 a8g8 g5f5 f7g6,517
r2r2k1/pp1b1pp1/2n1pn2/2q4p/8/2NBPN2/PP2QPPP/R4RK1 w - -,c3e4 c5e7 e4f6 e7f6 d3e4 g7g6 a1c1 a8c8 h2h3 d7e8,25
r1b1r1k1/1pq1bpp1/2p1nn1p/p7/3Pp3/2NB1P2/PPQ1NBPP/3R1R1K w - -,f3e4 c7d8 h2h3 c8d7 f2g1 a5a4 c3a4 b7b5 a4c3 b5b4,164
3rr1k1/pp1q1pb1/6pp/1P1Npb2/2Pn4/P5P1/3QNPBP/2R1R1K1 w - -,e2d4 e5d4 a3a4 e8e1 c1e1 d8e8 e1e8 d7e8 g2f1 h6h5,-2
rn2kb1r/ppq2ppp/2p1pn2/2Pp1b2/3P3N/1Q6/PP1NPPPP/R1B1KB1R w KQkq -,h4f5 e6f5 b3c2 g7g6 b2b4 a7a5 b4a5 c7a5 e2e3 f8g7,17
2r2r2/1bq2ppk/p2ppb2/1p2n1BP/2nNP3/2NB1P2/PPPQ4/1K4RR w - -,d2f4 f6g5 f4g5 f8g8 d3c4 c7c4 c3e2 c8c7 g5g6 h7h8,225
r2qkbnr/pp2pppp/2n5/2p1P3/P1Pp2b1/5NP1/1P1P1P1P/RNBQKB1R w KQkq -,h2h3 g4f3 d1f3 e7e6 f1g2 c6e5 f3e2 f8d6 d2d3 d8c7,-89
8/8/3K4/1N2N3/8/8/8/k7 w - -,,0
r1b2rk1/ppp1b2p/4p3/5pp1/3q4/2P1BBP1/PP2P2P/R4RK1 w - -,g1h1 d4e3 a1d1 g5g4 d1d3 e3e5 f3g2 e5e2 f1d1 g8g7,-1084
5rk1/p1r1qppp/bn1Np3/1p2P3/8/1P4P1/PQ1B1PBP/3R2K1 w - -,d2a5 c7d7 a5b4 f8d8 b2e2 b6d5 b4a5 d8b8 g2d5 e6d5,1
3rr1k1/pp1q1pb1/6pp/1P1N1b2/2Pp4/P5P1/3Q1PBP/2R1R1K1 w - -,h2h4 e8e1 c1e1 d8e8 e1e8 d7e8 g2f1 f5e4 d2d1 e8e5,-9
8/1p3kb1/p5p1/P2p1p1p/1P1P2p1/2P1B1P1/5PKP/8 w - -,g2f1 f7e6 f1e2 g7f6 e3f4 f6e7 e2d3 h5h4 d3c2 e6d7,-37
r1b1r1k1/pp1nq1pp/1b6/3p4/5B2/3N1Q2/PPP1B1PP/R3K2R w KQ -,h1f1 d7f6 f4g5 c8g4 f3g4 f6g4 g5e7 e8e7 e1d2 g4e3,-188
2rq1r1k/1p2nBp1/p2b2Qp/8/8/5N2/PP3PP1/3R1RK1 w - -,g6e6 c8c6 f3e5 d8c7 e5c6 d6h2 g1h1 e7c6 f7g6 c7e5,408
r2r2k1/pp1bqpp1/2n1pn2/7p/4N3/3BPN2/PP2QPPP/R4RK1 w - -,a1c1 d7e8 e4f6 e7f6 d3e4 f6e7 h2h4 a8c8 c1c4 g7g6,27
3r2k1/pp1q1pb1/6pp/1P1N1b2/P1Pp4/6P1/3Q1PBP/2R1r1K1 w - -,g2f1 e1c1 d2c1 g8h8 c1d1 f5e6 f1g2 d7c8 g2f1 e6d5,-526
8/8/3K4/4N3/8/N7/k7/8 w - -,,0
r1b2rk1/ppp1b2p/4p3/5p2/3B2p1/2P2BP1/PP2P2P/R4RK1 w - -,f3e4 f5e4 f1f8 e7f8 a2a4 c8d7 b2b4 f8d6 d4e3 d7c6,-468
r2r2k1/pp1b1pp1/3bp2p/1P6/N2NPPnq/P7/2P1B1PP/R1Q2RK1 w - -,e2g4 h4g4 h2h3 g4h4 c2c4 e6e5 f4e5 h4e4 e5d6 e4d4,-77
2rr1bk1/1pqn1pp1/2p1pnp1/p2p4/2PP4/1PN1PPP1/PBQ4P/2RR1BK1 w - -,c2e2 d8e8 g1h1 f8b4 g3g4 g6g5 e2f2 d5c4 f1c4 b4c3,41
r1b2rk1/2ppqpbp/1np3p1/4P2P/p1P2P2/6P1/PP1NQ3/R1B1KB1R w KQ -,d2f3 d7d6 e1f2 d6e5 h5h6 g7h8 f4e5 f7f6 e5e6 f8e8,-133
rq2k2r/p4ppp/2pbpn2/3p2B1/3P4/2N5/PPP1QPPP/R4RK1 w kq -,g2g3 b8b2 e2d3 b2a3 a1b1 e8h8 g5f6 g7f6 b1b3 a3a5,-69
r1b1r1k1/1pq2pp1/2p1n2p/p5b1/3PP1n1/2NB4/PPQ1N1PP/3R1RBK w - -,f1f3 b7b6 e4e5 e6d4 g1d4 g4e5 d4e5 c7e5 d3h7 g8f8,265
2rq1rk1/pbp1bppp/np2pn2/3p4/2PP4/PP1BPN2/1B3PPP/RN1Q1RK1 w - -,d1e2 a6b8 b1c3 c7c5 a1d1 b8d7 f3e5 a7a6 g1h1 c5d4,42
8/8/3K4/4N3/8/8/2N5/1k6 w - -,,0
4r1k1/p4ppp/4b1q1/8/4nP2/PN2P3/1B4KP/RQ3R2 w - -,c2d4 b1b2 e5d3 b2c3 d4e6 c3d2 d6e5 d2d3 e5d5 d3e2,Mate
r7/pp3pkp/1n4p1/8/3r4/1P3B2/P4PPP/R4RK1 w - -,f3b7 a8e8 b7a6 e8e5 a2a3 e5a5 a6e2 d4d2 e2f3 a5c5,73
5rk1/p2rqppp/bn1Np3/Bp2P3/8/1P4P1/PQ3PBP/3R2K1 w - -,,0
8/p3kp2/4b3/3PR3/3P1Qp1/6n1/P2K3q/4R3 w - -,g2c6 d7c7 c6g2 c7d7 b2e2 f7f6 g2c6 d7c7 c6e4 c7d7,Mate
3r2k1/pp3pb1/3qb1pp/1P1N4/PQPp4/6P1/5PBP/4R1K1 w - -,c4c5 d6f8 d5f4 d4d3 g2b7 g6g5 b5b6 a7b6 f4e6 f7e6,46
3b2k1/3P1ppp/8/r2Q4/8/4B3/4qPPP/3R2K1 w - -,d5d4 f7f6 d1c1 e2a2 h2h3 g8f7 d4c3 a5d5 c3c8 a2a5,370
1rbq1rk1/4bppp/1p3n2/p1pp4/3P4/2NBP1P1/PPQN1P1P/R2R2K1 w - -,d3f5 c5d4 e3d4 e7b4 a1c1 b4c3 b2c3 g7g6 f5c8 b8c8,-16
r1b1r2k/pp1nq1pp/1b6/3Q4/5B2/3N4/PPP1B1PP/R3K2R w KQ -,d5h5 d7f6 h5e5 c8g4 e2g4 e7e5 d3e5 f6g4 e1a1 g4e5,-347
r3r2k/4qppp/1pp2n2/5b2/3Pp3/2N1P3/P1QN1PPP/2R3K1 w - -,a2a4 f5e6 h2h3 e8c8 c1b1 f6d5 c3d5 c6d5 c2b3 c8g8,-535
r2q1rk1/1p3ppp/1n1n4/1P1p4/p2P4/2NQP3/3N1PPP/R4RK1 w - -,,0
rnb1kb1r/pp2pppp/2p2n2/8/1q4P1/2NP4/PPP1BP1P/R1BQK1NR w KQkq -,a2a3 b4a5 c1d2 h7h6 f2f4 a5b6 h2h3 g7g6 g1f3 f8g7,24
b4r1k/2Q1n2p/4p3/p3P2N/1b1B4/7P/1P1r3K/8 w - -,a2a3 b4a5 c1d2 h7h6 f2f4 a5b6 h2h3 g7g6 g1f3 f8g7,Mate
r2q1rk1/1p3ppp/1n1n4/1P1p4/3P4/p1N1P3/3N1PPP/RQ3RK1 w - -,f1c1 b6c4 d2c4 d6c4 b1b3 a8c8 c3b1 d8d6 c1c3 c8a8,17
5rk1/p1r1qppp/bnBNp3/Bp2P3/8/1P4P1/PQ3P1P/3R2K1 w - -,c6e4 f7f5 e4g2 f5f4 d1e1 a6b7 g2b7 c7b7 d6b7 e7b7,12
rnbq1rk1/pp1pp1bp/5np1/2p2p2/3P4/1P1BPN2/PBP2PPP/RN1QK2R w KQ -,d4c5 b8c6 e1h1 d8a5 a2a3 a5c5 b3b4 c5b6 c2c4 d7d6,91
r1b1r2k/pp2q1pp/1b3n2/8/5B2/3N1Q2/PPP1B1PP/R3K2R w KQ -,h2h3 c8f5 e1d1 a8d8 a2a4 f5e4 f3g3 e4d3 e2d3 f6h5,-409
rn1q1rk1/pb1p1pbp/4pnp1/2p5/2P5/1P2PN2/PB2BPPP/RN1Q1RK1 w - -,b1c3 d8e7 d1c2 b8c6 a1d1 f8d8 h2h3 c6b4 c2c1 a8b8,12
r5k1/1pp2rBp/p2p4/6RN/4P3/3P4/PPP5/2K5 w - -,g7h6 g8h8 h6g7 h8g8 h5f6 f7f6 g7f6 g8f7 f6c3 a8g8,516
1rb2rk1/ppp1b2p/4p3/5p2/3B2p1/2P3P1/PP2P1BP/R4RK1 w - -,f1e1 b7b6 e2e4 f5f4 g3f4 f8f4 d4e5 f4f7 e1f1 c8a6,-74
r1bqk2r/pp1pbppp/2n2n2/8/4P3/P3Q3/1P3PPP/RNB1KBNR w KQkq -,f1e2 d7d5 e4d5 f6d5 e3d3 e7f6 g1f3 c8e6 e1h1 e8h8,-116
3r2k1/pp1q1pb1/4b1pp/1PPN4/PQ1p4/6P1/5PBP/4R1K1 w - -,c5c6 b7c6 b5c6 g7f8 c6d7 f8b4 d5b4 d8d7 b4d3 d7d8,363
r2q1rk1/1p3ppp/3n4/1P1p4/1QnP4/p1N1P3/3N1PPP/R4RK1 w - -,,0
r3k2r/p4ppp/2pbpn2/3p2B1/3P1P2/2N5/PqP1Q1PP/R4RK1 w kq -,e2d3 b2b7 f4f5 e8h8 g5f6 g7f6 a1b1 b7e7 f5e6 f7e6,-64
6k1/6p1/p3ppQp/1pN5/1P1n3P/q1n3P1/5PK1/8 w - -,,0
r1b1k1nr/5pQp/p1qp2n1/8/1p2P3/4B3/PPP2PPP/2KR1B1R w kq -,d1d4 g8e7 d4b4 h8g8 g7d4 c8b7 f2f3 c6c7 d4d2 g6e5,100
r1b1nrk1/p1p4p/3p2p1/3PpN2/4P1p1/2PQ1P1q/P4B1P/R3K2R w KQ -,f5g3 g4f3 e1a1 e8f6 c1b2 h3g2 d1d2 f6g4 d3c2 a8b8,-414
r3r1k1/1pqbbpp1/2p1nn1p/p2p4/3P4/2NBPP2/PPQ1N1PP/3R1RBK w - -,e3e4 f6h5 e4e5 h5f4 d3f5 e8f8 c2d2 f4e2 c3e2 c6c5,112
r1b2rk1/ppp4p/3bp3/5p2/3B2p1/2P3P1/PP2P1BP/R4RK1 w - -,a1d1 e6e5 g2d5 g8g7 d4f2 d6e7 e2e4 f5f4 g3f4 e5f4,-132
8/k4b2/5P2/8/1p3K2/8/8/8 w - -,a1d1 e6e5 g2d5 g8g7 d4f2 d6e7 e2e4 f5f4 g3f4 e5f4,Mate
r2qkb1r/pp1nnpp1/2p1p2p/7P/3P1P2/3Q1NN1/PPP3P1/R1B1K2R w KQkq -,c2c4 c6c5 d4d5 d8b6 c1e3 e6d5 c4d5 d7f6 e1a1 e7d5,69
2rq2k1/1p2nrp1/p2b2Qp/8/8/5N2/PP3PP1/3R1RK1 w - -,g6e4 d8b6 d1d3 f7f6 f1d1 g8h8 d3b3 b6c6 e4c6 b7c6,-396
r2q1rk1/1p3ppp/8/1P1p4/1QnP4/p1N1P3/5PPP/R4RK1 w - -,,0
3r2k1/pp3pb1/2Pqb1pp/1P1N4/PQ1p4/6P1/5PBP/4R1K1 w - -,b4d6 d8d6 c6b7 d6d8 d5e7 g8f8 e7c6 d8e8 g2f1 g7f6,611
6k1/3N2p1/p3ppQp/1p1n4/1P1n3P/q5P1/5PK1/8 w - -,,0
5rk1/p1rnqppp/b2Np3/4P3/1p6/1Pn3P1/PQ1B1PBP/R2R2K1 w - -,d2c3 b4c3 b2a3 c3c2 d1e1 a6d3 a3a5 e7d8 a1c1 f7f6,-3
r1q1rbnk/pbpn2p1/1p5N/3p2B1/3P4/2NB4/PPP2PPP/R3R1K1 w - -,d2c3 b4c3 b2a3 c3c2 d1e1 a6d3 a3a5 e7d8 a1c1 f7f6,Mate
2r2r2/1b2qppk/p2ppb2/1p2n1BP/2nNPQ2/2NB1P2/PPP5/1K4RR w - -,h5h6 g7g6 g5f6 e7e8 f6e5 c4e5 d3e2 e8d8 c3d1 e5c4,425
r1b1nr2/p1p1N1kp/3p2p1/3Pp3/4P1p1/2PQ1P1q/P4B1P/R3K2R w KQ -,d3b5 e8f6 b5d3 c8d7 e7c6 h3f3 d3f3 g4f3 c3c4 f6e4,-466
r1b2rk1/pp5p/3bp3/2p2p2/3B2p1/2P3P1/PP2P1BP/3R1RK1 w - -,h2h3 g4h3 g2h3 c5d4 c3d4 d6c7 d4d5 e6d5 d1d5 c8e6,-426
r1bq1rk1/ppppbpp1/7p/4pnNQ/7P/1PNP4/1PPB1PP1/R3K2R w KQ -,e1a1 d7d5 d1g1 a7a5 g2g4 f5d4 g5h3 a8a6 f2f4 d4f3,-190
2rr2k1/1pqnbpp1/2p1pnp1/p2p4/2PP1P2/1PN1P1P1/PB2Q1BP/2RR2K1 w - -,c4d5 e6d5 c3d5 f6d5 g2d5 c6d5 c1c7 c8c7 d1c1 c7c1,164
8/k3K3/5P2/8/8/8/bp6/8 w - -,g1h1 c7b8 g3g4 a5a4 d1f1 b7b6 e3e4 f6e4 c3e4 d5e4,Mate
6k1/pp3pb1/2Prb1pp/1P1N4/P2p4/6P1/5PBP/4R1K1 w - -,c6b7 d6d8 d5e7 g8h7 e7c6 d8f8 e1e6 f7e6 g2e4 h6h5,673
4r1k1/ppp2p1p/1q4p1/8/8/3Q1P1P/PPP3P1/R6K w - -,a1b1 b6f2 d3d7 e8e2 b1g1 e2e1 g1e1 f2e1 h1h2 e1e5,-32
rnb1kb1r/pp2pppp/2p5/3n2P1/1q6/2NP4/PPP1BP1P/R1BQK1NR w KQkq -,c1d2 b4b2 c3e4 b2e5 d1c1 c6c5 g1f3 e5f5 c2c4 d5c7,34
4Q3/3N2pk/p3pp1p/1p1n4/1P1n3P/q5P1/5PK1/8 w - -,,0
r2r2k1/pp1bqpp1/3bp2p/1P6/N3PPn1/P4N2/2P1B1PP/R1Q2RK1 w - -,c2c3 e6e5 h2h3 d6c5 g1h1 g4e3 f3e5 e3f1 c1f1 d7e6,-141
8/p3kp2/4b3/3PR3/3P1Qp1/6n1/q7/3KR3 w - -,c2c3 e6e5 h2h3 d6c5 g1h1 g4e3 f3e5 e3f1 c1f1 d7e6,Mate
5rk1/p1rnqppp/b2Np3/4P3/8/1Pp3P1/PQ3PBP/R2R2K1 w - -,,0
r2qk2r/1p2bppp/p1np1n2/4p3/P1N1P3/2N5/1PP2PPP/R1BQK2R w KQkq -,a4a5 e8h8 c1e3 a8b8 e1h1 d8d7 a1a4 d7e6 d1d3 f6d7,126
r1b1kb1r/pp3ppp/q1n1pn2/3p4/2pP1B2/2P1PN2/PPQ1BPPP/RN2K2R w KQkq -,e1h1 f6h5 f4c7 b7b5 h2h3 h5f6 c7h2 c8d7 b1d2 a6c8,82
rq2k2r/p4p1p/2pbpp2/3p4/3P4/2N5/PPP1QPPP/R4RK1 w kq -,h2h3 b8b2 e2d3 b2a3 f1b1 a3a5 d3f3 f6f5 c3e2 a8b8,-69
2R5/8/1Q6/4k3/8/8/2K5/8 w - -,h2h3 b8b2 e2d3 b2a3 f1b1 a3a5 d3f3 f6f5 c3e2 a8b8,Mate
8/k4K2/8/8/8/8/8/1q6 w - -,h2h3 b8b2 e2d3 b2a3 f1b1 a3a5 d3f3 f6f5 c3e2 a8b8,Mate
rn1qkb1r/1bpp1ppp/p4n2/1p6/3pP3/1BN5/PPP2PPP/R1BQK1NR w KQkq -,d1d4 c7c5 d4e5 f8e7 b3d5 b8c6 e5g3 f6d5 c3d5 e8h8,-90
1rb2rk1/pp5p/3bp3/2p2p2/6p1/2P1B1P1/PP2P1BP/3R1RK1 w - -,d1d6 b7b6 e3h6 c8a6 h6f8 b8f8 f1e1 a6b5 b2b3 e6e5,504
r4rk1/1p1q1ppp/8/1P1p4/1QnP4/p1N1P3/5PPP/R3R1K1 w - -,c3b1 d7d6 b4d6 c4d6 b1a3 f8c8 g1f1 g8f8 b5b6 f8e7,8
5rk1/p1rnqppp/b2Np3/4P3/8/QP4P1/P1p2PBP/R2R2K1 w - -,d1e1 a6d3 a3a5 e7d8 a1c1 f7f6 e5f6 d7f6 e1e6 g8h8,-3
3r2k1/pP3pb1/4b1pp/1P1N4/P2p4/6P1/5PBP/4R1K1 w - -,d5e7 g8h8 e7c6 d8e8 g2f1 h6h5 e1e6 f7e6 b7b8r e8b8,704
1rbqr1k1/1pp2pbp/p2p1np1/4n3/2PNP3/2N1B1PP/PPQ2PB1/R4RK1 w - -,e3g5 c7c5 d4b3 b7b5 a1d1 b5c4 b3c5 c8h3 c5a6 h3g2,-37
2r3k1/1p2nrp1/p2q3p/8/8/5N2/PP3PP1/3R1RK1 w - -,b2b4 d6b4 d1b1 b4f4 b1b7 c8f8 b7b6 f4a4 f1e1 a4a2,-666
8/kp3b2/5P2/8/5K2/8/8/8 w - -,d1d2 d6f6 f1d1 c8f8 b2b3 e7c6 d2d6 f6f5 d6d2 f5g6,Mate
r5k1/1pp3Bp/p2p1r2/6R1/4P3/3P4/PPP5/2K5 w - -,g7f6 g8f7 f6c3 a8g8 g5f5 f7e6 f5f6 e6d7 f6f7 d7c8,525
r2q1rk1/pbp1bppp/np2pn2/3p4/2PP4/PP1BPN2/5PPP/RNBQ1RK1 w - -,d1e2 a6b8 c1b2 c7c5 b1d2 b8d7 a1c1 f8e8 f3e5 c5d4,24
r3k2r/p4p1p/2pbpp2/3p4/3P4/2N4P/PqP1QPP1/R4RK1 w kq -,e2d3 b2a3 a1b1 a8b8 b1b8 d6b8 f1b1 b8d6 c3e4 a3d3,-44
3r4/pP2Npbk/4b1pp/1P6/P2p4/6P1/5PBP/4R1K1 w - -,e7c6 d8e8 g2f1 g7f6 e1e6 f7e6 b7b8q e8b8 c6b8 f6d8,704
5rk1/p1rnqppp/3Np3/4P3/8/QP1b2P1/P1p2PBP/R3R1K1 w - -,,0
rn1qkb1r/1b1p1ppp/p4n2/1pp5/3QP3/1BN5/PPP2PPP/R1B1K1NR w KQkq -,d4e5 f8e7 b3d5 b8c6 e5g3 f6d5 c3d5 e8h8 g1f3 c6b4,-90
r4rk1/2p3pp/p1n1bq2/1p1p4/8/2P2N2/PPBN1bPP/R1B2QK1 w - -,f1f2 a8e8 d2b3 e6g4 c1g5 f6f7 b3d2 c6e5 a1f1 f7h5,113
2kr1bnr/ppp1pppp/2n5/q7/3P4/2Nb1N1P/PPP2PP1/R1BQK2R w KQ -,,0
r1b1kb1r/p4ppp/q1n1pn2/1p1p4/2pP1B2/2P1PN2/PPQNBPPP/R3K2R w KQkq -,e1h1 a6b7 b2b3 f8a3 f1b1 b7a6 e3e4 f6d7 b1e1 c6e7,110
2r3k1/p4pbp/N2p2p1/3Pn3/P3P3/2p3PP/3B1PK1/2Q5 w - -,d2e3 h7h5 a6b4 a7a5 b4c2 e5d3 c1f1 d3b4 c2b4 a5b4,368
8/6p1/7p/p1p1k2P/2P1B3/P3K3/8/8 w - -,d2e3 h7h5 a6b4 a7a5 b4c2 e5d3 c1f1 d3b4 c2b4 a5b4,Mate
3r2nr/p1qkbpp1/1pn1p3/4P2p/Q1BP4/2P1BN2/P4PPP/R3R1K1 w - -,c4b5 d7e8 b5c6 e8f8 c6e4 c7c3 a4a7 c3a5 a7a5 b6a5,647
r1br2k1/pp4pp/2p1p3/2b2p2/5B2/2P2BP1/PP2P1KP/R4R2 w - -,h2h3 c5e7 a1d1 d8d1 f1d1 e7f6 e2e4 e6e5 f4e3 a7a5,-60
r2r2k1/pb1nqp1p/2P3pb/8/N3n3/5N2/PBQ1BpPP/2RR2K1 w - -,g1f1 b7c6 c2c6 h6c1 c6c1 a8c8 c1e3 d8e8 f3e5 d7f6,-122
r4rk1/pp1nqppp/2pb1n2/3pp3/2P5/PP1P1bPP/1B1NPPB1/R2Q1RK1 w - -,d2f3 f8e8 d1c2 e5e4 f3d4 g7g6 c4d5 c6d5 d4b5 e8c8,29
8/4Q3/8/3k4/3n4/8/4K3/8 w - -,e2d3 d4e6 e7d7 d5e5 d3e3 e6g5 d7d4 e5f5 d4f4 f5g6,20000
2r3k1/pp3pb1/3qb1pp/QP1N4/P1Pp4/6P1/5PBP/4R1K1 w - -,g2f1 d4d3 e1d1 c8c4 d1d3 c4d4 d5f4 e6f5 d3d4 g7d4,-67
2rrb3/pp3kpp/2p1p3/1P2Bp2/P7/2P1bBP1/4P1KP/3R1R2 w - -,d1d3 d8d3 e2d3 c6b5 f3b7 c8c5 d3d4 c5c3 a4b5 c3c2,-136
r3rnk1/1pqbbpp1/2p2n1p/p7/3PP3/2NB4/PPQ1N1PP/3R1RBK w - -,e4e5 f6h7 f1f7 h7g5 f7f1 d7e6 e2f4 e6f7 c3d5 c7d8,361
r3k2r/p4p1p/2pbpp2/3p4/3P4/q1NQ3P/P1P2PP1/R4RK1 w kq -,a1b1 a3a5 d3f3 f6f5 c3e2 a8b8 b1b8 d6b8 f3e3 h8g8,-45
r2r2k1/p2nqp1p/2Q3p1/8/N3n3/5N2/PB2BpPP/2bR1K2 w - -,c6c1 a8c8 a4c3 d8e8 e2b5 d7f6 b5e8 e7e8 f3d4 e4c3,-92
r1b1k2r/pp3ppp/2n1p3/q2pN3/2pPnB2/2P1P2P/P1P1BPP1/1R1Q1RK1 w kq -,e2h5 c6e5 f4e5 e8h8 f2f3 e4c3 d1d2 f7f6 e5f4 a5a3,-106
3q1rk1/p1rn1ppp/3Np3/Q3P3/8/1P1b2P1/P1p2PBP/R3R1K1 w - -,a1c1 f7f6 e5f6 d7f6 e1e6 g8h8 g2f3 h7h6 g1g2 d8d7,-5
8/4kp2/4b3/p2PR3/3P2p1/6Q1/q7/3KR3 w - -,a1c1 f7f6 e5f6 d7f6 e1e6 g8h8 g2f3 h7h6 g1g2 d8d7,Mate
r1b2rk1/2ppqpbp/1np5/4P1pP/p1P2P2/6P1/PP1N3Q/R1B1KB1R w KQ -,c4c5 e7c5 h5h6 g7h8 f1d3 c5e3 h2e2 e3e2 e1e2 f7f6,-105
3rk1nr/p1q1bpp1/1pn5/3BP2p/Q7/2P1BN2/P4PPP/R3R1K1 w - -,a4c6 c7c6 d5c6 e8f8 c6e4 g7g5 f3g5 d8c8 g5f3 c8c3,643
r1bq1rk1/ppp2pbp/3p1np1/3Pp3/2PnP3/2N1B3/PP1QBPPP/R3K1NR w KQ -,g1f3 d4e2 d2e2 f6h5 h2h3 h5f4 e3f4 e5f4 e2d2 f7f5,-20
r1b1kb1r/p4ppp/q1n1pn2/3p4/1ppP1B2/2P1PN2/PPQNBPPP/R4RK1 w kq -,b2b3 c4b3 d2b3 a6a4 c3b4 f8b4 f1c1 c8d7 a2a3 b4e7,163
2r3k1/p4pbp/N2p2p1/3P4/P3P3/2Bn2PP/5PK1/2Q5 w - -,c1b1 c8c3 a6b4 d3e5 b4c6 h7h5 b1b8 g8h7 c6e5 g7e5,332
2r3k1/1p3rp1/p1nR3p/8/8/5N2/PP3PP1/5RK1 w - -,f1d1 c8c7 b2b3 f7e7 d1d2 g8f7 f3d4 c6d4 d6d4 e7e6,8
4r1k1/p1p2p1p/1p4p1/2q5/8/3Q1P1P/PPP3P1/3R3K w - -,b2b3 e8e3 d3d4 c5d4 d1d4 e3e2 d4c4 c7c5 a2a3 a7a5,-26
r3k2r/p4p1p/2pbpp2/q2p4/3P4/2NQ3P/P1P2PP1/1R3RK1 w kq -,d3f3 f6f5 c3e2 a8b8 b1b8 d6b8 f3e3 h8g8 e3h6 b8d6,-43
3q1rk1/p1rn2pp/3Npp2/Q3P3/8/1P1b2P1/P1p2PBP/2R1R1K1 w - -,,0
r3k2r/ppqnnpp1/2pbp2p/4N2P/3P1P2/3Q2N1/PPPB2P1/R3K2R w KQkq -,g3e4 e8h8 e5d7 c7d7 g2g4 d7c7 g4g5 e7f5 g5h6 f5h6,89
2r3k1/1p3pb1/p2qb1pp/QP1N4/P1Pp4/6P1/5PBP/2R3K1 w - -,h2h4 d6a3 a5d2 a6b5 a4b5 d4d3 d5e3 b7b6 c1d1 e6c4,-2
4b3/pp3k1p/2p3p1/1P2Bp2/P1PbB3/8/3rP1KP/5R2 w - -,b5c6 d2e2 g2f3 e2e4 e5d4 e4d4 c6b7 e8c6 f3e3 d4e4,-566
3r1knr/p3bpp1/1pB5/4P2p/8/2P1BN2/P4PPP/R3R1K1 w - -,f3d4 e7c5 a1d1 c5d4 c3d4 g8e7 c6f3 e7f5 d4d5 f5e3,629
8/6p1/5kBp/p1p4P/2P5/P3K3/8/8 w - -,a1c1 g8h6 c6e4 g7g5 e3g5 e7g5 f3g5 f8g7 f2f4 h8e8,Mate
r3r3/1pk2p2/3p1bn1/p1pP1Np1/P1PpPP1p/3B2PP/1PK5/5R1R w - -,g3h4 g5f4 h4h5 g6e5 f1f4 e8g8 f4f2 f6g5 d3e2 g5e3,34
3q1rk1/p1r3pp/3Npn2/Q7/8/1P1b2P1/P1p2PBP/2R1R1K1 w - -,,0
r3k2r/p4p1p/2pbp3/q2p1p2/3P4/2N2Q1P/P1P2PP1/1R3RK1 w kq -,c3e2 a8b8 b1b8 d6b8 f3e3 h8g8 e3h6 b8d6 h6h7 g8f8,-41
2r3k1/1p3pb1/pN2b1pp/QP6/P1Pp4/q5P1/5PBP/2R3K1 w - -,c1b1 c8c5 g2b7 a3a2 b1f1 d4d3 b6d5 g8h7 a5d8 c5c4,-60
r1b2rkb/2ppqp1p/1np4P/4P1p1/p1P2P2/6P1/PP1N3Q/R1B1KB1R w KQ -,h2e2 d7d5 f1h3 c8h3 h1h3 f8e8 h3h5 f7f6 c4d5 c6d5,-67
r5k1/1pq3np/p2bp1p1/5r2/3PQP2/2PN4/PP1B1R1P/R5K1 w - -,b2b3 f5h5 c3c4 a8d8 f2e2 c7f7 d2c3 b7b5 a1f1 g7f5,100
3r2k1/p5b1/2p2p2/2R5/1P1r4/6P1/P1PBp3/4K2R w - -,d2e3 d4d1 e1e2 d1h1 c5c6 d8e8 e2f3 h1f1 e3f2 f6f5,-436
4b3/pp5p/2p1k1p1/1P2Bp2/P1P1B3/4b3/3rP1KP/5R2 w - -,e5g3 f5e4 g2h1 c6b5 a4b5 g6g5 b5b6 e3b6 h2h4 g5h4,-578
8/5R2/2b4k/1p1p2N1/1PpP1KP1/2r5/8/8 w - -,e5g3 f5e4 g2h1 c6b5 a4b5 g6g5 b5b6 e3b6 h2h4 g5h4,Mate
r3r2k/pp2qppp/2p2n2/5b2/3Pp3/2N1P3/PPQN1PPP/1RR3K1 w - -,b2b4 h7h6 b4b5 e8c8 h2h3 b7b6 c2b2 h8h7 d2c4 f5e6,30
6k1/1pr2pb1/pN2b1pp/1P6/P1Pp4/q5P1/3Q1PBP/2R3K1 w - -,g2e4 c7c5 h2h4 c5e5 e4d3 g8h7 b6d5 a3a4 b5a6 b7a6,-29
3q1r1k/p1r3pp/3NRn2/Q7/8/1P1b2P1/P1p2PBP/2R3K1 w - -,,0
r1bqkb1r/1p1n1ppp/2p1pn2/p2p4/3P1B2/2PBP3/PP1N1PPP/R2QK1NR w KQkq -,a2a4 d8b6 g1f3 f6h5 f4e5 d7e5 f3e5 h5f6 a1b1 f8e7,53
8/5k2/4R3/p2P4/3P2p1/6Q1/q7/3K4 w - -,h2h4 d8b6 a1b1 c6c5 g2g4 c5d4 c3d4 f8b4 a2a3 b4d2,Mate
r2qk2r/pp2npp1/2pbpn1p/4N2P/3P1P2/3Q2N1/PPPB2P1/R3K2R w KQkq -,e1a1 d8c7 g3e4 f6e4 d3e4 e8h8 e5d3 f8d8 g2g4 a8c8,55
r2q1rk1/1p3ppp/2pn4/1P1p4/2nP4/2NQPN2/5PPP/R4RK1 w - -,b5c6 b7c6 e3e4 a8a1 f1a1 d6e4 c3e4 d5e4 d3e4 d8d5,14
r2q1rk1/1ppbbpp1/p1np1n1p/4p3/B3P3/2PP1N1P/PP3PP1/R1BQKN1R w KQ -,g2g4 b7b5 a4b3 b5b4 f1e3 b4c3 b2c3 c6a5 b3c2 a8b8,36
N6r/pp1k1ppp/2n1bq2/3pb3/5B2/4PP2/P4KPP/3Q1BNR w - -,f4e5 f6e5 d1b1 d7c8 f3f4 e5d6 g1f3 d5d4 e3d4 e6d5,-50
8/6p1/4k1Bp/p1p4P/2P1K3/P7/8/8 w - -,g1h3 e5f4 h3f4 f6b2 d1e2 b2e2 f1e2 h8a8 h1d1 c6e7,Mate
2rq1rk1/p3bppp/1p2pn2/2pb4/3P4/PP2PN2/1BQ2PPP/1BR2RK1 w - -,c2d1 c5d4 f3d4 c8c1 d1c1 d8a8 f2f3 a8b8 f1d1 a7a5,-37
r2qk2r/1b1nbppp/pp1pp3/2p5/3PP3/2PB1Nn1/PP1NQPPP/R4RK1 w kq -,h2g3 e8h8 f1d1 d8c7 d1e1 g7g6 a2a4 c5d4 c3d4 f8c8,-12
r2q1rk1/5ppp/2pn4/3p4/2nP4/2NQPN2/5PPP/R4RK1 w - -,c3a4 d8e7 a4c5 f8b8 d3c2 e7e8 a1a8 b8a8 f1c1 h7h6,15
6k1/1pr2pb1/1N2b1pp/1p6/P1Pp1Q2/q5P1/5PBP/2R3K1 w - -,c1b1 c7c4 b6c4 b5c4 g2e4 d4d3 h2h4 a3c5 b1b7 c5d4,-243
r1bqnrk1/ppppbN2/2n3pp/4p2Q/7P/1BNP4/PPP2PP1/R1B1K2R w KQ -,c1b1 c7c4 b6c4 b5c4 g2e4 d4d3 h2h4 a3c5 b1b7 c5d4,Mate
r2q1rk1/1ppbbppn/p1np3p/4p3/B3P1P1/2PP1N1P/PP3P2/R1BQKN1R w KQ -,f1e3 b7b5 a4b3 c6a5 b3c2 c7c5 h3h4 d7e6 e3f5 a5c6,46
r4r1k/ppp2ppn/2bp3p/5P2/4PR2/3B4/PqPQN1PP/5RK1 w - -,f5f6 g7g5 f4f3 c6d7 d2e3 b2b6 e2d4 a8e8 c2c3 e8e5,-67
3q1rk1/p3bppp/1p2pn2/2rb4/8/PP2PN2/1BQ2PPP/1BR2RK1 w - -,c2e2 d5b3 e3e4 d8d7 e4e5 f6e8 f3d2 b3d5 d2e4 d5e4,-71
4b3/pp5p/2p1k1p1/1P6/P1P1p3/2B1b3/3rP1KP/5R2 w - -,f1e1 d2c2 c3b4 c6b5 c4b5 e6d5 e1d1 d5c4 b4a3 c2e2,-621
r1b1kb1r/p4ppp/q1n1pn2/3p4/2pP1B2/2p1PN2/PPQNBPPP/4RRK1 w kq -,b2c3 f8a3 e3e4 c6e7 e4e5 f6d7 h2h4 a8b8 e1b1 d7b6,40
r7/1ppRB2p/6k1/1P5p/5P2/p4P2/6K1/8 w - -,,0
3q1r1k/p1r3p1/3NRn1p/Q7/8/1P1b1BP1/P1p2P1P/2R3K1 w - -,,0
6k1/1pr2pb1/1N2b1pp/1Pq5/2Pp1Q2/6P1/5PBP/2R3K1 w - -,b6a8 c7d7 h2h4 d4d3 f4d2 h6h5 b5b6 g8h7 g1h2 g7h6,-303
r3k2r/ppq1npp1/2pbpn1p/4N2P/3P1P2/3Q2N1/PPPB2P1/2KR3R w kq -,g3e4 f6e4 d3e4 e8h8 e5d3 f8d8 g2g4 a8c8 d2e3 e7d5,58
4rrk1/2p3pp/p1n1bq2/1p1p4/8/2P2N2/PPBN1QPP/R1B3K1 w - -,f2g3 e6f5 c2b3 f5d3 b3d5 g8h8 d5c6 f6c6 d2b3 d3e2,106
4b3/pp5p/2p1k1p1/1P6/P1P1p3/8/3bP1KP/5R2 w - -,h2h4 c6b5 c4b5 e8f7 g2f2 e4e3 f2g3 e6e7 b5b6 a7a6,-433
2r3k1/1p3pb1/4b1pp/1PqN4/2Pp1Q2/6P1/5PBP/2R3K1 w - -,h2h4 c8e8 b5b6 e6d7 h4h5 g6h5 g2e4 d7c6 e4f3 e8e5,17
3b2k1/3P1ppp/8/4r3/3Q4/4B3/4qPPP/3R2K1 w - -,h2h3 e2b5 d4a7 e5d5 d1d5 b5d5 e3c5 h7h6 a7b8 d5d7,380
r4r1k/ppp2p1n/2bp1P1p/6p1/4PR2/3B4/PqPQN1PP/5RK1 w - -,f4f3 c6d7 f3f2 a8e8 e2g3 b2d4 h2h3 h7f6 g1h1 f6g8,-44
rn1qkb1r/ppp3pp/3pbn2/5p2/2P5/4P3/PP3PPP/RNBQKBNR w KQkq -,g1h3 g7g6 b1c3 f8g7 f1e2 h7h6 e1h1 e8h8 d1c2 g6g5,29
5r1k/p1rq2p1/3NRn1p/Q7/8/1P1b1BP1/P1p2PKP/2R5 w - -,,0
r4r1k/pppb1p1n/3p1P1p/6p1/4P3/3B1R2/PqPQN1PP/5RK1 w - -,f3f2 a8e8 d2e3 d6d5 e2g3 d5e4 d3e4 d7c6 c2c3 b2b6,-33
r1bqkb1r/1p1n1ppp/4pn2/p1pp4/3P1B2/1NPBP3/PP3PPP/R2QK1NR w KQkq -,d3b5 c5d4 b3d4 f8c5 g1f3 d8e7 e1h1 e8h8 f1e1 e6e5,-25
2r3k1/1p3pb1/4b1p1/1PqN3p/2Pp1Q1P/6P1/5PB1/2R3K1 w - -,f4g5 g8h8 c1e1 d4d3 e1e6 f7e6 g5g6 d3d2 g6h5 h8g8,18
8/8/p2kpp1p/8/2pK1P2/P7/1P5P/8 w - -,f4f5 e6f5 d4c4 f5f4 c4d4 f4f3 d4e3 d6d5 e3f3 d5c4,-14
8/4pk2/3p2p1/p1n1p3/1p2P2p/r4P1P/2PR1KP1/1R6 w - -,f2e1 a3c3 e1d1 f7f6 d1e2 c3c4 e2e3 f6e6 d2e2 a5a4,-408
3q1rk1/p3bppp/1p2pn2/2r5/8/PP1QPb2/1B3PPP/1BR2RK1 w - -,g2f3 c5d5 d3c4 g7g6 b3b4 e7d6 h2h3 d5g5 g1h1 d6e5,-12
r4rk1/ppq2ppp/2bbp3/2p1N2n/3PpB2/2N5/PPP1RPPP/R2Q2K1 w - -,e5c6 h5f4 c6a7 f4e2 d1e2 d6h2 g1f1 a8a7 c3b5 c7e7,-435
r2qkb1r/ppp3pp/2npbn2/5p2/2P5/1P2P3/P4PPP/RNBQKBNR w KQkq -,c1b2 d6d5 b1d2 f8c5 f1e2 d5d4 e3d4 c5d4 b2d4 d8d4,-73
r7/pp1k1ppp/2n1bq2/3pb3/5B2/4PP1N/P4KPP/3Q1B1R w - -,d1b3 a8b8 f4e5 f6e5 h3f4 d5d4 f4e6 e5e6 b3e6 d7e6,-91
4b3/pp5p/2p1k1p1/1P3p2/P1P1B3/2B1b3/4r1KP/5R2 w - -,f1f2 e2f2 g2h1 f5e4 h2h3 c6b5 a4b5 e3c5 b5b6 a7b6,-983
1b2k1r1/p4p1p/2p1p2Q/3p1p2/3P4/7P/q1P1NPP1/5RK1 w - -,e2f4 b8f4 h6f4 a2b2 f4d6 g8g6 c2c3 a7a5 d6c6 e8f8,-40
2r3k1/1p3pb1/6p1/1Pqb2Qp/2Pp3P/6P1/5PB1/2R3K1 w - -,g2h3 d5e6 h3e6 c5g5 h4g5 f7e6 g1f1 g7f8 f1e2 f8c5,-506
r4rk1/1pqn1pnp/p2bp1p1/3pN3/3P1PP1/2PB4/PP1BQR1P/R5K1 w - -,e5d7 c7d7 f4f5 e6f5 g4f5 g8h8 e2g4 g7f5 d3f5 g6f5,104
r4k2/1b1n1prp/p2p1b1B/1p1P3P/5P2/3BQ3/1qPK3P/3RR3 w - -,e3h3 b7d5 d3h7 b2b4 d2e2 a8e8 e2f1 e8e1 d1e1 b4d2,-325
2r3k1/5pb1/1p4p1/1PqB2Qp/2Pp3P/6P1/5P2/2R3K1 w - -,c1a1 g8h7 d5f7 c5g5 h4g5 g7f8 a1a7 c8d8 g1f1 d4d3,105
1q1b1knr/5pp1/1pBPp1b1/p3P2p/Q2P4/1P2BN2/3N1PPP/R5K1 w - -,a4b5 b8c8 d2c4 g6d3 d6d7 c8c7 d4d5 d3c4 b3c4 e6d5,760
r2qkbnr/ppp1p1p1/2n2pp1/3p4/3P4/4P1B1/PPP2PPP/RN1QK1NR w KQkq -,d1d3 h8h6 a2a3 e7e6 d3b5 a8b8 g1e2 f8d6 b1d2 g8e7,42
r3rnk1/1pqbbppn/2p4p/p3P3/3P4/2NB4/PPQ1N1PP/3R1RBK w - -,f1f7 d7e6 f7f1 g8h8 e2g3 e8d8 g3f5 d8d7 c2f2 b7b5,343
6k1/5p1p/6p1/8/p4P2/3N2K1/r4N2/8 w - -,d3e1 a4a3 f2g4 a2e2 e1d3 g8g7 g3h4 e2e4 d3c1 e4c4,-617
r2qkb1r/ppp3pp/3pbn2/5p2/1nP5/1P1BP3/P4PPP/RNBQK1NR w KQkq -,d3e2 d6d5 a2a3 b4c6 d1c2 f5f4 g1f3 d5c4 b3b4 f4e3,-10
4r1k1/p2b1ppp/6q1/8/4nP2/PN2P3/1B4KP/RQ3R2 w - -,d3e2 d6d5 a2a3 b4c6 d1c2 f5f4 g1f3 d5c4 b3b4 f4e3,Mate
5r1k/2rq2pb/3NRn1p/p3Q3/7P/1P3BP1/P1p2PK1/2R5 w - -,,0
3b1knr/q4pp1/1pBPp1b1/pQ2P2p/3P4/1P2BN2/3N1PPP/R5K1 w - -,b3b4 g8f6 e5f6 g7f6 b4a5 f8g7 d4d5 e6d5 c6d5 h5h4,837
8/8/p1k1pp1p/8/2K2P2/P7/1P5P/8 w - -,a3a4 c6b6 b2b4 b6c6 h2h3 h6h5 c4c3 c6d5 c3d3 d5c6,7
4b3/pp5p/2p1k1p1/1P3p2/P1P1B3/2B1bK2/5r1P/5R2 w - -,f3g3 f2f1 e4g2 f1c1 c3g7 c1c2 b5c6 b7c6 g7f8 e3f2,-764
4r3/pp5p/2b3pk/6q1/3N1p2/2Q1r2P/PP3PPK/R5R1 w - -,d4c6 e3c3 b2c3 b7c6 g1f1 e8e2 a1d1 f4f3 g2g3 g5f5,-520
8/6p1/5kBp/p1p4P/P1P1K3/8/8/8 w - -,d4c6 e3c3 b2c3 b7c6 g1f1 e8e2 a1d1 f4f3 g2g3 g5f5,Mate
1brqk3/1p1bnp1r/4pB2/p2pP2P/P2p1PP1/1N1P4/1P6/R2QR1K1 w - -,f6g5 d8b6 e1e2 e7g8 e2f2 b8c7 b3d2 c7d8 d2f3 g8h6,-90
r1bqkbnr/pppn2pp/8/3pp3/8/1P2P3/PBP2PPP/RN1QKBNR w KQkq -,d1d5 f8b4 b1c3 d8e7 a2a3 g8f6 d5c4 b4d6 c4h4 e8h8,119
r2r2k1/pp1n1ppp/1qp1pn2/8/4P1b1/1N3NP1/PPP1QPBP/3R1RK1 w - -,e4e5 f6d5 d1d4 g4h5 c2c4 c6c5 d4d2 d5b4 f1d1 b4a2,32
4b3/pp5p/2p1k1p1/1P3p2/P1P1B3/2B2K2/5b1P/8 w - -,e4d3 f2c5 h2h4 c5e7 f3g3 e7d6 g3g2 e8d7 d3e2 d6e7,-329
r2r2k1/pp1bqpp1/4p2p/1Pb5/N3PPn1/P4N1P/2P1B1P1/R1Q2RK1 w - -,f3d4 c5d4 g1h1 d4a1 c1a1 g4e3 f1f3 e3c2 a1b2 c2d4,-526
r1b1kb1r/p4ppp/q1n1p3/3p3n/2pP1B2/2P1PN2/P1QNBPPP/4RRK1 w kq -,f4g5 h7h6 e3e4 d5e4 e2c4 a6b6 d2e4 h6g5 e4g5 f8e7,86
rnbqkb1r/1p3ppp/p4n2/2pp4/8/1P2PN2/P2PBPPP/RNBQK2R w KQkq -,c1b2 b8c6 d2d4 c5d4 f3d4 f8b4 b2c3 b4d6 e1h1 d8e7,28
r2q1rk1/1p1n1pp1/4p1p1/p1b5/2PBQ3/1P3PP1/P3B2P/R4RK1 w - -,a1d1 d8b6 g1g2 f8d8 d4c3 e6e5 e4c2 c5d4 f3f4 a5a4,-10
4rr1k/pb4p1/1p5p/4nNq1/4P3/7P/PPB1QPP1/3RR1K1 w - -,h3h4 g5f4 e2e3 f4g4 f2f3 g4h5 e3f4 b7c8 f4g3 g7g6,336
3b1k1r/q4pp1/1pBP2bn/pQ1pP2p/1P6/4BN2/3N1PPP/R5K1 w - -,a1a5 a7b8 a5a8 b8a8 c6a8 f8g8 a8d5 g8h7 h2h3 h6f5,987
8/8/pk2pp1p/8/P1K2P2/8/1P5P/8 w - -,h2h4 h6h5 b2b4 b6c6 c4d4 c6b6 d4e3 b6c6 e3d2 c6b6,3
3qr1k1/4pp1p/6nB/1Q6/8/3R4/PPr1KP1P/6R1 w - -,e2f1 d8b8 d3b3 b8a8 b5e5 f7f6 e5f5 a8a6 f5b5 e8a8,26
8/7p/8/p4kp1/8/PP2K2P/8/8 w - -,,0
r4rk1/1pqn2np/p2bppp1/3pN3/3P1PP1/2PB4/PP1BQR1P/R6K w - -,e5g6 h7g6 d3g6 f6f5 g4f5 f8f6 f5e6 f6g6 f4f5 g7f5,165
1rbR4/1p3pkp/1Np3p1/p1b1p2n/2P1P3/5N1P/PP2BPP1/6K1 w - -,d8c8 b8c8 b6c8 h5f4 g1f1 g7f6 f3d2 a5a4 e2d1 f6e6,332
rnb1kbnr/pp2ppp1/1q1p3p/2pP2B1/8/1P6/P1P1PPPP/RN1QKBNR w KQkq -,g5d2 g8f6 b1c3 g7g6 e2e4 f8g7 f1c4 e8h8 g1e2 b6d8,56
2r3k1/5pb1/1p4Q1/1P1q3p/2Pp3P/6P1/5P2/2R3K1 w - -,g6b6 d4d3 b6e3 d5d4 c1d1 d4e3 f2e3 g7e5 g1g2 c8c4,-310
8/pp5p/2b1k1p1/1P3p2/P1P5/2B2K2/5b1P/8 w - -,f3f4 g6g5 f4g5 f2e3 g5h4 c6e4 c4c5 f5f4 b5b6 a7a6,-747
2r2r2/1b3ppk/p2ppq2/1p2n1RP/2nNPQ2/2NB1P2/PPP5/1K5R w - -,h5h6 f6g6 d3c4 b5c4 g5g6 e5g6 f4h2 f8h8 b1c1 c8e8,650
8/4k1p1/6Bp/p1p2K1P/P1P5/8/8/8 w - -,f4f6 g7f6 g5g3 b5b4 d3c4 e5c4 c3d1 f8g8 g3g8 c8g8,Mate
4r1k1/ppp2p1p/4q1p1/8/8/5P1P/PPPQ2P1/R6K w - -,a1d1 b7b6 d2f4 e6e5 f4e5 e8e5 d1d7 e5c5 c2c3 g8g7,-14
r2qkb1r/pp1npppp/2p2n2/3p2N1/3P4/4P2P/PPP1QPP1/RNB1K2R w KQkq -,e1h1 e7e6 b1d2 f8e7 g5f3 d8c7 e3e4 d5e4 d2e4 e8h8,13
8/8/8/5kpp/1P6/4K2P/8/8 w - -,,0
3b1k1r/q4pp1/1pBPp1bn/pQ2P2p/1P1P4/4BN2/3N1PPP/R5K1 w - -,d4d5 f8g8 a1a5 b6a5 e3a7 a5b4 d5e6 f7e6 f3d4 g6f5,888
r2qk2r/pppn1ppp/4pn2/7b/2PP4/2P2N1P/P3BPP1/R1BQ1RK1 w kq -,c1a3 h5g6 d1c1 f6e4 f1d1 c7c5 d4c5 d8a5 a3b4 a5c7,140
r4r1k/ppp2p1n/2bp1P1p/8/4P2p/3B4/PqPQN1PP/5RK1 w - -,d2h6 f8g8 h6h4 b2e5 f1f3 c6d7 e2f4 g8g4 h4f2 a8g8,-481
r1b1kb1r/p4ppp/q1n1p3/3p4/2pP4/2P1PNn1/P1QNBPPP/4RRK1 w kq -,f2g3 f8e7 h2h4 f7f6 e3e4 e8h8 e4d5 e6d5 f3h2 e7a3,-18
8/8/pk2pp2/7p/P1K2P1P/8/1P6/8 w - -,,0
8/pp5p/2P1k1p1/5p2/P1P5/2B2K2/7P/6b1 w - -,c3e5 b7c6 e5f4 g1b6 f4b8 a7a6 f3g3 b6d8 g3f3 g6g5,-507
r1bQ1r1k/1p4bp/p2p4/3B2pq/P1P1Pp2/5N2/6PP/1R3RK1 w - -,d8a5 g5g4 f3e1 g7d4 g1h1 d4e5 a5d2 f4f3 g2f3 g4f3,-301
r4rk1/1pqn2n1/p2b2B1/3p1p2/3P1P2/2P5/PP1BQR1P/R6K w - -,a1g1 f8f6 e2d3 f6g6 g1g6 a8f8 f2g2 f8f7 d3e3 d6f8,114
1br5/1p1bkp1r/4p2P/p2pP1P1/Pq1p1P2/3P4/1P1N1K2/R2QR3 w - -,f2g3 c8g8 g3f2 e7d8 d2f3 b8c7 d1d2 b4d2 f3d2 f7f6,-87
3r2k1/ppq2ppp/2p1pn2/4n3/2Q1P3/1N3BP1/PPP2P1P/5RK1 w - -,c4c3 e5f3 c3f3 c7e5 f1d1 d8d1 f3d1 h7h5 d1d8 g8h7,-142
rnbqk2r/pp2ppbp/5np1/2p5/2B5/2PP1N2/PP3PPP/RNBQ1RK1 w kq -,d1a4 b8c6 f3e5 e8h8 e5c6 b7c6 b1d2 d8c7 d2b3 f6d7,70
2N5/1p4kp/2p2pp1/p1b1p2n/2P1P3/5N1P/PP2BPP1/6K1 w - -,f3e1 h5f4 g1f1 g7g8 g2g3 f4h3 e1d3 c5f8 f2f4 e5f4,370
8/6p1/3k3p/p1p2B1P/2P1K3/P7/8/8 w - -,f3d2 h5g3 d2b3 g3e4 g1f1 c5d4 b3a5 e4f2 a5b7 f2h1,Mate
rnb2rk1/pp2bppp/1qpp1n2/3Pp3/4P3/2N2N2/PPP1BPPP/R1BQ1RK1 w - -,a2a4 b6a5 c1g5 b8a6 d1d2 h7h6 g5h4 a6c5 f1b1 a5c7,56
r2q1rk1/ppp2ppp/2n5/2N5/2BP1nb1/5N2/PP3PPP/R2Q1RK1 w - -,h2h3 g4f3 d1f3 d8d4 a1c1 c6e5 f3b3 b7b6 f1d1 d4c5,-108
r5k1/1pqn2n1/p2b1rB1/3p1p2/3P1P2/2P5/PP1BQR1P/6RK w - -,e2d3 f6g6 g1g6 a8f8 f2g2 f8f7 d3g3 d7f6 g3h4 d6e7,147
rnbqk2r/pp3ppp/1bp1p3/3p4/1PPPn3/P4NP1/3NPPBP/R1BQK2R w KQkq -,d1c2 e4d2 c1d2 a7a5 e1h1 a5b4 a3b4 a8a1 f1a1 d5c4,98
r5rk/ppp2p1n/2bp1P1Q/8/4P2p/3B4/PqP1N1PP/5RK1 w - -,h6h4 b2e5 g1h1 g8g5 e2g3 a8g8 h4h3 g5g3 h2g3 g8g3,-505
r2r2k1/ppqn1ppp/2p1pn2/8/2Q1P1b1/1N3NP1/PPP2PBP/3R1RK1 w - -,b3d2 d7e5 c4b4 c6c5 b4c3 e5f3 g2f3 g4f3 c3f3 c5c4,-34
2q1r1k1/4pp1p/6nB/1Q6/8/3R4/PPr2P1P/4K1R1 w - -,h2h4 c2c5 b5d7 c5h5 h6e3 h5h4 e1d1 c8d7 d3d7 f7f6,63
8/8/p1k1pp2/7p/P1K2P1P/1P6/8/8 w - -,,0
2N5/1p4kp/2p2pp1/p1b1p3/2P1Pn2/7P/PP2BPP1/4N1K1 w - -,g1f1 f6f5 e4f5 e5e4 f5g6 g7g6 e2g4 h7h5 g4d1 g6f6,346
r2r2k1/ppqn1ppp/2p1pn2/8/2Q1P3/1N1R1bP1/PPP2PBP/5RK1 w - -,d3f3 d7e5 c4c3 e5f3 g2f3 a8c8 e4e5 f6d5 c3e1 c6c5,-276
2kr1b1Q/ppp1q2p/5np1/3p1b2/8/1P1BP3/P1P1NPPP/RN2K2R w KQ -,d3f5 g6f5 e1h1 f8g7 h8d8 e7d8 b1d2 d8d6 e2g3 d6a6,49
8/6p1/2k4p/p1p4P/2P1K3/P6B/8/8 w - -,d3f5 g6f5 e1h1 f8g7 h8d8 e7d8 b1d2 d8d6 e2g3 d6a6,Mate
r1b1kb1r/pp2pppp/2n5/3p4/2pP1B2/2q1PN1P/P1P1BPP1/R1Q2RK1 w kq -,c1b1 e7e6 a2a4 c3a5 f3e5 f8e7 b1b2 e8h8 f1b1 c6e5,-84
r4rk1/pNp2ppp/2n2q2/8/2BP1nb1/5N2/PP3PPP/R2Q1RK1 w - -,b7c5 g4f3 d1f3 c6d4 f3a3 f6c6 f2f3 d4c2 a3c3 c2a1,-331
r2r2k1/pp1b1pp1/4p2p/1Pq5/4PPn1/P4N1P/2P1B1P1/R1Q2RK1 w - -,f1f2 c5f2 g1h1 g4e3 c1g1 f2e2 a1e1 e2g2 g1g2 e3g2,-656
rnbqkb1r/1p2nppp/p2pp3/8/3pPP2/2N2NP1/PPP4P/R1BQKB1R w KQkq -,f3d4 e7c6 c1e3 f8e7 d4c6 b8c6 d1f3 e8h8 e1a1 b7b5,55
2kr1b1Q/ppp1q2p/5n2/3p1p2/8/1P2P3/P1P1NPPP/RN2K2R w KQ -,e1h1 f8g7 h8d8 e7d8 b1d2 d8d6 e2g3 d6a6 a1c1 f5f4,72
rn2kb1r/p4ppp/2p2n2/1p2p1B1/1q2P3/1QN5/PPP1BPPP/R3K2R w KQkq -,g5f6 g7f6 e2h5 b4b3 a2b3 f8c5 c3e2 a7a5 e1h1 e8h8,91
4b3/pp3k1p/2p1p1p1/1P2Bp2/P1P3P1/4bB2/3rP1KP/5R2 w - -,f1h1 f7e7 h1b1 f5g4 f3g4 e3d4 e5f4 d2c2 g4f3 c2c4,-188
r2q1rk1/1ppbbp1n/p1np2pp/4p3/B3P1P1/2PPNN1P/PP3P2/R1BQK2R w KQ -,e3d5 e7g5 f3g5 h6g5 a4c2 b7b5 c1d2 g8g7 d1f3 f8h8,58
rnb1r1k1/1p3ppp/p1pq1n2/3p4/3P4/1QNBPN2/PP3PPP/R3K2R w KQ -,e1h1 b8d7 f1e1 h7h6 a1c1 f6e4 b3c2 d7f6 f3e5 e4c3,34
4rr1k/pb4p1/1p4qp/4nN2/4P2P/8/PPB1QPP1/3RR1K1 w - -,d1d6 g6g4 c2a4 g4e2 e1e2 e8d8 f2f3 d8d6 f5d6 b7a6,361
r3kb1r/pp1bnppp/1qn1p3/3pP3/8/P1pB1N2/1P1N1PPP/R1BQ1RK1 w kq -,b2b4 c3d2 c1d2 e7g6 f1e1 f8e7 a1c1 c6d4 f3d4 b6d4,-370
1rb1r1k1/2qn1pbp/p2p1np1/1pp5/2P1P3/2N1B1PP/PPQ1NPB1/3R1RK1 w - -,d1d2 d7e5 c4b5 e5c4 e3f4 c4d2 c2d2 c8b7 d2d6 c7d6,-23
5rk1/4Rpb1/1p1q2p1/1P1B2Qp/2Pp3P/6P1/5P2/6K1 w - -,e7b7 g7e5 g1f1 g8g7 f1g2 d4d3 g5e3 d3d2 e3d2 d6f6,196
r4bk1/1pqn2n1/p4rB1/3p1p2/3P1P2/2PQ4/PP1B1R1P/6RK w - -,d3h3 f6g6 g1g6 g8f7 h3h6 c7c4 h1g1 f7e7 h6h4 e7f7,276
2N5/1p4k1/2p2pp1/p1b1p2p/2P1Pn2/7P/PP2BPP1/4NK2 w - -,g2g3 f4e6 e1d3 c5f8 c8b6 e6g5 f2f3 g5e6 b6d7 f8e7,400
r1b1k2r/p4ppp/q1nbp3/3p4/2pP4/2P1PNP1/P1QNB1PP/4RRK1 w kq -,f3g5 f7f5 e3e4 c6e7 g3g4 h7h6 g5e6 c8e6 g4f5 e6f7,160
rn2kb1r/pp3ppp/2p1b3/q3P3/P1p5/2N2N2/1P1QPPPP/R3KB1R w KQkq -,e2e3 b8d7 f3d4 d7e5 f2f4 e8a8 f4e5 c6c5 c3b5 a5d2,-75
r4k2/1b3prB/p2p3B/1p1Pn1P1/5n2/8/P1P4P/2KRR3 w - -,e1f1 f4e2 c1d2 a8e8 h7d3 e2d4 d3e4 b5b4 g5g6 f7f5,-90
rnbqkbnr/ppp2pp1/8/3p4/5p2/6P1/PPPPP1NP/RNBQKB1R w KQkq -,g2f4 f8d6 d2d4 g7g5 f4d3 d6g3 e1d2 g3h2 e2e3 g8f6,-125
2kr3Q/ppp1q1bp/5n2/3p1p2/8/1P2P3/P1P1NPPP/RN3RK1 w - -,h8d8 e7d8 b1d2 d8d6 e2g3 d6a6 a1c1 f6e4 d2e4 f5e4,75
rnbq1rk1/4bppp/2p1p3/p2nP3/PpBPN3/5N2/1P3PPP/R1BQ1RK1 w - -,f1e1 c8a6 c4b3 b8d7 d1c2 h7h6 e4g3 g8h8 c2e4 f8g8,129
5rk1/1R3p2/1p1q2p1/1P1Bb1Qp/2Pp3P/6P1/5P2/6K1 w - -,g1g2 g8g7 g2f1 e5f6 g5d2 f6e5 d2d3 d6f6 f1g2 e5b8,176
r2q1rk1/1ppb1ppn/p1np1b1p/4p3/B3P1P1/2PPNN1P/PP3P2/R1BQK2R w KQ -,a4c2 g7g6 c1d2 a8b8 d1c1 h7g5 f3g5 f6g5 h3h4 g5h4,49
4r1k1/ppp2p1p/5qp1/8/8/5P1P/PPPQ2P1/R6K w - -,a1b1 e8d8 d2e3 b7b6 b2b3 g8g7 b1e1 d8d6 e3e7 c7c5,-33
r2qkb1r/1p5p/p1n2p2/3pp3/P1N1N3/8/1PP2PPP/R2QK2R w KQkq -,d1d5 d8d5 e4f6 e8f7 f6d5 f8c5 a4a5 a8d8 d5e3 e5e4,305
r3kb1r/ppqb1ppp/2n1p3/3pP3/5n2/P1PB1N2/3NQPPP/R1B1R1K1 w kq -,e2d1 f4d3 c3c4 d3e1 f3e1 d5c4 c1b2 c6e5 a1c1 f8e7,-528
1b6/1R1bkp1r/4p2P/p2pP1P1/P2p1P2/6R1/2rN1K2/8 w - -,g3b3 c2d2 f2f3 b8d6 e5d6 e7d6 b7a7 d2h2 b3d3 d7a4,-324
4b3/pp3kpp/2p1p3/1P2Bp2/P1P3P1/4bB2/2r1P1KP/5R2 w - -,e5a1 g7g6 b5c6 e8c6 f3c6 b7c6 f1b1 f5g4 b1b7 f7e8,-199
r2qk2r/pppn1pp1/4pn1p/7b/2PP4/B1P2N1P/P3BPP1/R2Q1RK1 w kq -,f1e1 c7c5 d4c5 a8c8 a1b1 d8a5 c5c6 b7c6 a3b4 a5d8,192
r1bqkb1r/1p2nppp/p1npp3/8/3NPP2/2N3P1/PPP4P/R1BQKB1R w KQkq -,c1e3 b7b5 d4b3 c8b7 f1g2 c6a5 b3a5 d8a5 e1h1 b5b4,91
3r3k/P7/6p1/4p3/7P/6P1/P4P1K/8 w - -,g3g4 d8a8 h2g3 a8a7 g3f3 h8g7 f3e4 g7f6 e4e3 a7a2,-646
8/8/4k3/1P4pp/8/4K2P/8/8 w - -,,0
4b3/pp3kpp/2p5/1P2Bp2/P1P5/4bB2/2r1P1KP/5R2 w - -,e5g3 f7e6 f1d1 e3b6 b5c6 b7c6 c4c5 b6c5 d1d8 e8d7,-238
2kq4/ppp3bp/5n2/3p1p2/8/1P2P3/P1P1NPPP/RN3RK1 w - -,b1d2 d8d6 e2g3 d6a6 a1c1 f5f4 e3f4 a6a2 d2f3 a7a6,60
r3k1nr/p1p2ppp/2p1p3/3pNb2/1q1P4/1P2P3/P1P2PPP/RN1QK2R w KQkq -,c2c3 b4d6 e1h1 g8e7 e5d3 f5d3 d1d3 e8h8 b3b4 a7a5,51
rnbqk2r/4bpp1/p2ppn1p/8/Pp1NP2B/2NB4/1PPQ1PPP/R3K2R w KQkq -,c3a2 a6a5 c2c3 e8h8 c3b4 d8b6 d4b5 a5b4 a2b4 b8d7,-22
rn1qk2r/pp3ppp/3bpn2/3p1b2/3P1B2/2P3P1/PP3PBP/RN1QK1NR w KQkq -,f4g5 b8d7 g1f3 h7h6 g5f6 d7f6 b1d2 e8h8 a2a4 d8b6,-52
r3kb1r/1p5p/p1n2p2/3qp3/P1N1N3/8/1PP2PPP/R3K2R w KQkq -,e4d6 f8d6 c4d6 d5d6 e1h1 a8d8 c2c3 h8g8 g2g3 d6d3,-844
r1b1k2r/p5pp/q1nbpp2/3p2N1/2pP4/2P1P1P1/P1QNB1PP/4RRK1 w kq -,e3e4 c6e7 e4d5 f6g5 e2c4 a6b6 d5e6 a8b8 d2e4 e8d8,346
r2qk2r/1ppb1p2/pb1p1nn1/3Pp2p/PPB1P1P1/2P5/5PPN/RNBQR1K1 w kq -,g4g5 f6g4 a1a2 f7f6 h2f3 e8h8 b1a3 b6a7 c4d3 d8e7,-115
r2qr1k1/1b2bp2/p3pnnp/1p2N3/2pP3P/P1N1P1R1/1PQ2PP1/1B1RK3 w - -,e5f7 b7e4 f7h6 g8f8 c3e4 d8a5 e4c3 e7a3 g3g6 f8e7,999
8/8/8/1P2k1pp/8/4K2P/8/8 w - -,,0
5r2/1R3pk1/1p1q2p1/1P1Bb1Qp/2Pp3P/6P1/5PK1/8 w - -,g2f1 e5f6 g5d2 f6e5 d2d3 d6f6 f1g2 e5b8 f2f4 g7h6,221
2N2b2/1p4k1/2p2pp1/p3p2p/2P1P3/3N2Pn/PP2BP2/5K2 w - -,f2f4 e5f4 g3f4 g6g5 c4c5 g5g4 c8d6 b7b5 a2a4 f8d6,418
r2q1r2/1ppbbpkn/p1np2pp/3Np3/B3P1P1/2PP1N1P/PP3P2/R1BQK2R w KQ -,a4c2 f8h8 c1e3 a6a5 d1d2 h7f6 a2a4 d7e6 d5e7 d8e7,71
8/8/p1k2p2/4p2p/PPK2P1P/8/8/8 w - -,,0
r2qk2r/pppn1pp1/5nbp/3Pp3/2P5/B1P2N1P/P3BPP1/R2QR1K1 w kq -,e2d3 e5e4 f3d2 d7e5 d2e4 f6e4 d3e4 d8f6 e4g6 e8a8,518
4rr1k/pb4p1/1p4qp/5N2/4PPnP/8/PPB1Q1P1/3RR1K1 w - -,g2g3 g6f5 e4f5 e8e2 e1e2 b7f3 e2e7 f3d1 c2d1 h6h5,313
rq2rbk1/5pp1/1np2n1p/p2p4/1p1P4/3RPPN1/PPQ1NBPP/2R3K1 w - -,b2b3 e8c8 c2d1 a5a4 d3d2 b6d7 h2h3 b8b7 e2f4 c6c5,21
4b3/pp3kpp/2p5/1P2Bp2/P1r1B3/4b3/4P1KP/5R2 w - -,e4b1 c4g4 g2f3 g4g1 f1g1 e3g1 b1d3 f7e6 e5g7 g1h2,-278
5r2/1R3pk1/1p1q1bp1/1P1B2Qp/2Pp3P/6P1/5P2/5K2 w - -,g5d2 f6e5 d2d3 d6f6 f1g2 e5b8 f2f4 g7h6 d3e4 h6g7,215
r2qk2r/pp1n1ppp/3bpn2/3p1bB1/3P4/2P3P1/PP3PBP/RN1QK1NR w KQkq -,g5f6 d8f6 g1f3 g7g5 d1d2 d6e7 d2e3 h7h5 h2h4 g5g4,-54
1R6/3bkp1r/4p2P/p2pP1P1/P2p1P2/6R1/r7/4K3 w - -,g3h3 d7a4 h3d3 e7d7 d3d2 a2a1 e1e2 a4c6 e2d3 a1g1,-230
4rr1k/ppp2ppn/2bp1q1p/5P2/4PR2/3B4/PPPQN1PP/5RK1 w - -,,0
rn1qk2r/pbppbppp/1p2p3/7n/3P1B2/2P1PN2/PP2BPPP/RN1QK2R w KQkq -,g2g3 e8h8 e1h1 c7c5 f4b8 a8b8 b1d2 g7g6 e3e4 h5f6,-34
8/8/8/1P2k2p/6p1/5K1P/8/8 w - -,,0
4b3/pp4pp/2p1k3/1P2BR2/P1r1B3/4b3/4P1KP/8 w - -,e4b1 e8g6 f5f1 e6e5 b1g6 c4g4 g2f3 g4f4 f3e3 f4f1,-546
6k1/1pn2ppp/1b6/1P1rP3/p7/P1B2N2/5PPP/1R4K1 w - -,h2h4 h7h6 g1f1 d5b5 b1b5 c7b5 c3b4 h6h5 f3d2 b6d4,-38
1rb1r1k1/2qn1pbp/p2p2p1/2pR4/1pP1P3/4B1PP/PPQ1NPB1/5RK1 w - -,d5d1 a6a5 e2f4 c8b7 d1d2 d7f6 f2f3 b7c6 h3h4 a5a4,-11
5rk1/1R3p2/1p1q1bp1/1P1B3p/2Pp3P/6P1/3Q1P2/5K2 w - -,f1g2 f6e5 d2d3 d6f6 f2f4 e5b8 d3e4 g8h7 g2f3 h7h6,231
2r2r1k/1b3pR1/p2pp3/1p5P/4P3/P4PQ1/P3q3/K6R w - -,f1g2 f6e5 d2d3 d6f6 f2f4 e5b8 d3e4 g8h7 g2f3 h7h6,Mate
1rb2r2/1p3Nkp/p2p4/3B4/P1PbPp2/8/6PP/1R3R1K w - -,f1f4 h7h5 b1b3 h5h4 g2g3 h4h3 f7d6 b7b5 c4b5 a6b5,222
r2q1rk1/pp1n1ppp/3bpn2/3p1bB1/3P4/2P3P1/PP1N1PBP/R2QK1NR w KQ -,a2a4 d8b6 d2b3 f6e4 g5e3 b6c7 a4a5 b7b5 g1e2 b5b4,-61
8/4rkp1/7p/2K2PP1/1p5P/1R6/8/8 w - -,,0
2r1r1k1/pbqp1ppp/np1Qp3/8/1PP5/P4NP1/4PPBP/2R2RK1 w - -,d6c7 a6c7 f3e5 d7d5 f1d1 f7f6 e5g4 b7c6 b4b5 c6a8,42
8/8/1k3p2/1P2p2p/2K2P1P/8/8/8 w - -,c4b3 e5f4 b3c4 f4f3 c4d3 b6b5 d3e3 b5c6 e3f3 c6d5,-1085
5rk1/1R3p2/1p1q2p1/1P1Bb2p/2Pp3P/6P1/3Q1PK1/8 w - -,d2e2 e5g7 e2e4 g8h7 f2f4 d6f6 b7c7 d4d3 e4d3 h7h6,233
r2r2k1/pp1b1pp1/4p2p/1Pq5/4PP2/P4N1P/2P1BnP1/R1Q2R1K w - -,h1g1 f2d3 g1h1 d3c1 a1c1 d7b5 e2b5 c5b5 c1b1 b5e2,-520
r1b2rk1/p1q2pbp/2p3p1/4p3/3BB3/8/PPP2PPP/R2Q1RK1 w - -,d4c5 f8d8 d1e2 c8e6 f2f3 h7h5 a2a4 a7a5 b2b3 f7f5,2
8/8/6k1/3n1p1p/3P3K/7P/3B2P1/8 w - -,h4g3 g6f6 g3f3 f6f7 f3e2 f7e7 d2g5 e7e6 e2d3 e6d7,30
8/8/3k4/1P4pp/8/5K1P/8/8 w - -,,0
5rk1/1R3pb1/1p1q2p1/1P1B3p/2Pp3P/6P1/4QPK1/8 w - -,e2e4 d6f6 b7d7 g8h7 c4c5 b6c5 d5c4 h7h6 e4d5 f6e5,254
8/8/1k6/1P2p2p/2K4P/8/8/8 w - -,c4c3 b6b5 c3d2 b5c5 d2e2 c5d5 e2d1 d5e4 d1e2 e4f4,-1013
6k1/pp3pbp/6p1/8/2P3nP/PBN2PP1/1P3q2/3Q3K w - -,f3g4 f2g3 d1d8 g7f8 c4c5 g3g4 d8d5 g4h4 h1g2 h4g4,177
r4b1r/1p3k1p/p1n2N2/3qp3/P1N5/8/1PP2PPP/R3K2R w KQ -,f6d5 f8c5 a4a5 h7h5 c2c3 a8d8 d5e3 h8e8 e1h1 e5e4,291
r1b2rk1/pp1nq1bp/2pp2p1/4pp1n/2PP4/2N1PN1P/PP2BPPB/R2QR1K1 w - -,b2b4 a7a5 b4b5 e5e4 f3d2 h5f6 b5c6 b7c6 a1b1 g8h8,113
r1b1kb1r/pp2pppp/8/8/2pnp3/2q2N1P/P1PBBPP1/R1Q2RK1 w kq -,g1h2 d4e2 d2c3 e2c1 f3d4 c8d7 a1c1 e7e5 d4e2 f7f6,-419
r2qk2r/1ppb1p2/pb1p2n1/3Pp1Pp/PPB1P1n1/2P5/5PPN/RNBQR1K1 w kq -,a1a2 f7f6 a4a5 b6a7 h2f3 e8h8 c4f1 f6g5 c1g5 g4f2,-130
r1b1k2r/p5pp/q1nbp3/3p1pN1/2pP4/2P1P1P1/P1QNB1PP/4RRK1 w kq -,e3e4 c6e7 e2f3 a6c6 g3g4 e8h8 g4f5 e6f5 e4d5 e7d5,125
r1bq1rk1/pp1nppbp/5np1/3P2B1/3P4/1QN5/PP3PPP/R3KBNR w KQ -,a2a4 a7a5 g5f6 e7f6 f1d3 d7b6 g1e2 f6f5 e1h1 d8d6,-14
rn1qk2r/1bpp1ppp/p4n2/1p2p3/1b1PP3/1BN5/PPP2PPP/R1BQK1NR w KQkq -,d4e5 f6e4 g1e2 e4c3 e2c3 e8h8 e1h1 b4c3 b2c3 b8c6,26
1R6/3bkp1r/4p2P/p2pP1P1/r2p1P2/1R6/8/4K3 w - -,b8g8 a4b4 b3b4 a5b4 g8b8 b4b3 e1d2 b3b2 d2c2 d7e8,-86
3q1rk1/1R3pb1/1p4p1/1P1B3p/2PpQ2P/6P1/5PK1/8 w - -,e4f3 g7f6 f3f4 g8g7 f4e4 d8d6 f2f4 d4d3 e4d3 d6b4,269
4b3/pp4pp/2p1k3/1P2BR2/r7/3Bb3/4P1KP/8 w - -,e5c7 e3d4 f5f4 c6c5 e2e3 a4a2 g2f1 a2a1 f1g2 d4f6,-266
rn2kb1r/p4ppp/2p2n2/1p2p1B1/1qB1P3/1Q6/PPP1NPPP/R3K2R w KQkq -,b3b4 f8b4 c2c3 f6e4 c3b4 e4g5 c4b3 e8h8 e2g3 a7a5,-18
2kr4/bp3p2/p6p/P2P3q/1P6/2P2Nn1/4RPP1/R1BQ2K1 w - -,f3h2 g3e2 d1e2 h5e2 c1e3 a7e3 f2e3 d8g8 g2g4 e2e3,Mate
r2r2k1/pp1b1pp1/4p2p/1Pq5/4nP2/P4N1P/2P1B1PK/R1Q2R2 w - -,c2c4 d7e8 a3a4 a7a6 c1e1 c5c7 e1c1 g7g5 f3e5 e4d2,-50
8/8/3k4/1P5p/4K1p1/7P/8/8 w - -,,0
r2qk2r/ppp2pp1/5nbp/3Pn3/2P5/B1P4P/P3BPP1/R2QR1K1 w kq -,d1d4 d8d7 d4e5 e8d8 e2f3 h8e8 e5d4 g6h5 g2g4 h5g6,405
8/8/8/1k1Kp2p/7P/8/8/8 w - -,d5d6 e5e4 d6d5 e4e3 d5e5 e3e2 e5f5 e2e1q f5f4 b5c6,-9605
3q1rk1/1R3p2/1p3bp1/1P1B3p/2Pp3P/5QP1/5PK1/8 w - -,f3f4 g8g7 f4e4 d8d6 f2f4 d4d3 e4d3 d6b4 f4f5 b4b2,301
r3k2r/p1pp1ppp/1p6/3QPP2/8/2Pp1P2/PP1P1bKP/RNBR4 w kq -,d5a8 e8e7 f5f6 g7f6 a8h8 f2e3 e5f6 e7e6 d2e3 b6b5,2125
2q1r1k1/4pp1p/6nB/1Q6/8/3R4/PP3r1P/3K2R1 w - -,,0
r2q1rk1/pp1n1pp1/3bpn1p/3p1bB1/3P4/2P2NP1/PP1N1PBP/R2QK2R w KQ -,g3g4 f5g4 g5h4 d8c7 h4g3 a8b8 e1h1 b7b5 f1e1 f8c8,-248
rn1qkb1r/pp3ppp/2p1p3/3n1b2/1P6/P3P3/1B1P1PPP/RN1QKBNR w KQkq -,g1f3 b8d7 f1e2 f8e7 d2d3 e7f6 d1b3 f5g6 e1h1 e8h8,30
3q1r2/1R3pk1/1p3bp1/1P1B3p/2Pp1Q1P/6P1/5PK1/8 w - -,f4e4 d8d6 f2f4 d4d3 e4d3 d6b4 f4f5 b4b2 g2h3 f6d4,312
rn6/p2k4/2p3p1/1p6/1R5P/2nP4/b1PN1PP1/5RK1 w - -,g1h2 d7c7 b4g4 a2f7 g4f4 f7d5 f4f8 a7a5 f2f4 a5a4,-85
r1b1k2r/p6p/q1nbp1p1/3p1pNB/2pP4/2P1P1P1/P1QN2PP/4RRK1 w kq -,e3e4 c6e7 h5f3 a6c6 e4d5 e6d5 e1e2 a8b8 f1e1 b8b7,91
5r2/1R3pk1/1p1q1bp1/1P1B3p/2PpQ2P/6P1/5PK1/8 w - -,f2f4 d4d3 e4d3 d6b4 f4f5 b4b2 g2h3 g6g5 h4g5 f6g5,321
2r5/2P4p/p3k1p1/B4p2/1p6/1P4PP/6K1/8 w - -,g2f3 e6d5 a5b4 c8c7 b4a5 c7c5 b3b4 c5c3 f3f4 d5e6,-628
rn1qkb1r/pp3ppp/2p1p1b1/3n4/1P6/P2PP3/1B3PPP/RN1QKBNR w KQkq -,b1d2 a7a5 e3e4 d5f6 b4a5 d8a5 f1e2 f8e7 a3a4 c6c5,24
r2q1rk1/2pbbppn/p1np3p/1p2p3/B3P1P1/2PP1NNP/PP3P2/R1BQK2R w KQ -,h1g1 b5a4 g3f5 a8b8 g1g3 a6a5 g4g5 h6h5 f5g7 g8g7,-359
2b1r1k1/2qn1pbp/pr1p2p1/2pR4/1pP1P3/4B1PP/PPQ1NPB1/3R2K1 w - -,g3g4 c8b7 d5d2 a6a5 e3f4 d7e5 f4g3 c7b8 f2f4 e5d7,-13
5r2/1R3pk1/1p1q1bp1/1P1B3p/2P1QP1P/3p2P1/6K1/8 w - -,e4d3 d6b4 f4f5 b4b2 g2h3 f6d4 f5g6 d4g1 d5g2 b2f6,325
r2q1rk1/p2n1pp1/3bpn1p/1p1p1b2/3P4/2P1BNP1/PP1N1PBP/R2QK2R w KQ -,f3h4 f5h7 a2a4 b5a4 a1a4 d8b8 a4a2 a7a5 d1e2 f8c8,-99
Q6r/p1ppkppp/1p6/4PP2/8/2Pp1P2/PP1P1bKP/RNBR4 w - -,f5f6 g7f6 e5f6 e7e6 a8h8 f2h4 h8h7 h4g5 h7g7 e6f5,2086
r2qk2r/1ppb1p2/pb1p2n1/3Pp1P1/PPB1P1p1/2P5/5PP1/RNBQR1K1 w kq -,a4a5 b6a7 g2g3 h8h3 g1f1 h3h2 a1a2 e8e7 c1e3 a7e3,-247
r1b2rk1/pp1n1pbp/2p2np1/q2p4/P2NP3/2NBBP2/1PPQ2PP/R4RK1 w - -,d4b3 a5c7 e3f4 d7e5 e4d5 f6d5 c3d5 c6d5 a4a5 c8d7,23
r2qkb1r/2p2ppp/p3pn2/8/Pp1Pb3/1B3N2/1P3PPP/R1BQR1K1 w kq -,e1e4 f6e4 d1c2 e4c3 b2c3 f8d6 c1g5 d8c8 d4d5 e6e5,368
rn6/p7/2pk2p1/1p1b2N1/6RP/2nP4/2P2PP1/5RK1 w - -,g5h7 b8d7 g4g6 d6c5 f1a1 c3e2 g1f1 e2d4 g6g7 c5d6,-76
r2qkbnr/ppp3p1/2n2pp1/3pp3/3P4/2P1P1B1/PP3PPP/RN1QK1NR w KQkq -,d1g4 e8f7 d4e5 c6e5 g4e2 e5c4 b1d2 c4d2 e2d2 c7c6,36
6k1/pp3pbp/6p1/2q5/2P4P/PBN2PP1/1P4K1/3n4 w - -,c3d1 c5d4 d1c3 d4d2 g2h3 g7c3 b2c3 d2c3 b3d1 c3e1,-912
r2qk2r/ppp2pp1/6bp/3PP3/2P1n1B1/B1P4P/P5P1/R2QR1K1 w kq -,d1d4 h6h5 e1e4 h5g4 e4g4 b7b6 e5e6 d8f6 a1f1 f6d4,570
5rk1/1pq1bpp1/r3p1p1/2Pn4/p2B1P2/1P2Q1P1/P3B2P/R2R2K1 w - -,e3f2 a6a5 a1c1 a4b3 a2b3 c7c6 e2f3 a5b5 f3d5 e6d5,-40
r3k2r/pqn1b1pp/4pn2/2pp2B1/6N1/2N5/PP2QPPP/R4RK1 w kq -,g4f6 g7f6 g5f4 d5d4 e2h5 e8d7 f4c7 b7c7 a1d1 c7e5,-51
8/3k4/8/8/1r4KQ/8/8/8 w - -,,0
5r2/1R3pk1/1p3bp1/1P1B3p/1qP2P1P/3Q2P1/6K1/8 w - -,f4f5 b4b2 g2h3 g6g5 h4g5 f6g5 d3e4 g5d8 e4f3 b2c1,311
r1bqkbnr/ppp2ppp/3p4/3pn3/2P1PP2/8/PP4PP/RNBQKBNR w KQkq -,c4d5 e5d7 g1f3 c7c6 d5c6 b7c6 b1c3 g8f6 c1e3 f8e7,73
r3k1nr/p1p2ppp/1qp1p3/3pNb2/3P4/1PP1P3/P4PPP/RN1QK2R w KQkq -,e1h1 g8e7 c3c4 e7g6 e5d3 e8h8 c4d5 c6d5 b1c3 b6d6,69
2kr4/bp3p2/p6p/P2P3q/1P6/2P3n1/5PPN/R1BQ3K w - -,e1h1 g8e7 c3c4 e7g6 e5d3 e8h8 c4d5 c6d5 b1c3 b6d6,Mate
r2q1rk1/2pbbppn/p1np3p/4p3/1p2P1P1/2PP1NNP/PPB2P2/R1BQK2R w KQ -,g3f5 a8b8 h3h4 b4c3 b2c3 d6d5 g4g5 e7c5 c2a4 c6e7,37
r1b1k2r/ppp1qppp/2np1b2/4p3/4P3/2PP1Q2/PP1N1PPP/R3KBNR w KQkq -,d2c4 f6g5 g2g3 e8h8 h2h4 g5h6 f1h3 f7f5 e4f5 e5e4,-48
r1bq1rk1/pp2ppbp/1n3np1/3P2B1/3P4/1QN5/PP2BPPP/R3K1NR w KQ -,e2f3 a7a5 g1e2 a5a4 b3b5 h7h6 g5f6 e7f6 e1h1 f8e8,-10
8/3k4/8/6K1/7r/8/8/8 w - -,,0
q3r1k1/4pp1p/6nB/1Q6/8/2R5/PP3r1P/3K2R1 w - -,c3a3 a8b8 b5b8 e8b8 h2h4 f2h2 a3c3 h2h4 h6g5 h4e4,-38
r1bqk2r/pp1nbppp/4p3/2pn4/3P4/2N1PN2/PP2BPPP/R1BQK2R w KQkq -,c3d5 e6d5 b2b3 e8h8 e1h1 d7f6 d4c5 e7c5 c1b2 f6e4,56
r2qk2r/bppb1p2/p2p2n1/P2Pp1P1/1PB1P1p1/2P5/5PP1/RNBQR1K1 w kq -,g2g3 h8h3 g1f1 h3h2 a1a2 e8e7 c1e3 a7e3 f2e3 h2a2,-310
8/3k4/1Q6/2P5/8/8/2K5/8 w - -,g2g3 h8h3 g1f1 h3h2 a1a2 e8e7 c1e3 a7e3 f2e3 h2a2,Mate
2r2r1k/1b3pR1/p2pp3/1p4QP/4P3/P3qP2/P7/K6R w - -,g5e3 h8g7 e3g5 g7h7 h5h6 f8g8 g5e7 c8f8 e7b7 a6a5,650
r2q1rk1/3n1pp1/3bpn1p/pp1p1b2/3P4/P1P1BNP1/1P1N1PBP/R2QK2R w KQ -,a3a4 b5a4 d1a4 f6g4 e1h1 d7b6 a4d1 g4e3 f2e3 a5a4,-124
r1bqk2r/ppp2pp1/2np1b2/4p2p/4P3/2PP1Q2/PP1N1PPP/R3KBNR w KQkq -,g2g3 c8g4 f3g2 g4e6 f1e2 f6g5 g1f3 g5h6 h2h4 g7g6,-69
6k1/R7/3N4/p4pp1/5n2/5PK1/4r1P1/8 w - -,a7g7 g8g7 g3h2 f4g2 h2g1 g2h4 f3f4 g5f4 g1f1 e2a2,Mate
r3kb1r/1pq3pp/p1n2B2/3pp3/P1N1N3/8/1PP2PPP/R2QK2R w KQkq -,d1d5 f8b4 c2c3 g7f6 c3b4 c6d4 e4f6 e8e7 d5d4 e5d4,560
r1bq3k/ppppnB2/2n3pB/b6Q/4P3/2P5/P4PPP/RN3RK1 w - -,f7g6 e7g6 h6g5 h8g7 h5h6 g7f7 h6h7 f7e8 h7g6 e8f8,1078
rnb1k2r/4bpp1/pq1ppn1p/1p6/P2NP2B/2NB4/1PPQ1PPP/R3K2R w KQkq -,e1h1 b8d7 d4b3 b5b4 c3d1 a6a5 d1e3 c8a6 d3a6 b6a6,-42
r2r2k1/5q1p/p3ppp1/1pPb4/5B2/4QB2/Pb3PPP/3R1RK1 w - -,f4d6 b2e5 d6e5 f6e5 f3d5 e6d5 e3e5 a8c8 e5d4 f7g7,13
r3r3/1pk2p2/3p2n1/p1pP1Nb1/P1PpP2p/3B2PP/1PK5/5R1R w - -,g3h4 g6h4 f5g7 e8e7 h1g1 g5e3 g1g4 h4g6 g7f5 e7d7,46
6k1/R7/3N4/p4pp1/5n2/5P2/6rK/8 w - -,,0
5rk1/p1p3pp/2p1p3/4P1q1/2P2n2/3P4/PP3PPP/R2QR1K1 w - -,d1f3 a7a5 g1h1 c6c5 a1d1 f4d5 f3e4 d5b4 e4e2 b4c6,349
r1bq3k/pppp4/2n3nB/b6Q/4P3/2P5/P4PPP/RN3RK1 w - -,h6g5 h8g8 h5g6 g8f8 g6h6 f8g8 g5d8 c6d8 h6g5 g8f7,1097
3r1bk1/1p3p1p/2p3p1/p1n1p3/2NnP3/4B1PP/PP3P2/2R2BK1 w - -,c4a5 d8a8 a5c4 c5e4 c4e5 d4f5 e3f4 g6g5 f1d3 g5f4,-42
r2qkb1r/pp2pppp/2n1bn2/6B1/2pP4/1PN5/P4PPP/R2QKBNR w KQkq -,a1c1 c4b3 f1b5 b3b2 c1b1 f6d5 g1e2 g7g6 e1h1 f8g7,-161
1k1r1r2/1p4p1/n1p1p2p/P6P/1q1PQ1P1/4P3/1P3P2/R3K2R w KQ -,e1d1 f8f2 e4d3 f2b2 a1c1 b4a4 d1e1 a6b4 d3c4 b2c2,Mate
2rq1rk1/pb3pb1/1p2p2p/3n3P/6P1/2NP1P2/PP1B3Q/2KR2NR w - -,g1e2 d5c3 d2c3 b7f3 h1g1 d8g5 c1b1 f3e2 h2e2 g7c3,-235
r2q1rk1/2p1bppn/p1np3p/4pb2/1p2P1P1/2PP1N1P/PPB2P2/R1BQK2R w KQ -,d3d4 f5d7 d4d5 c6a7 c3b4 f8e8 c1e3 a7b5 d1d2 b5d4,-327
8/7k/8/1B6/5KQ1/8/8/8 w - -,d3d4 f5d7 d4d5 c6a7 c3b4 f8e8 c1e3 a7b5 d1d2 b5d4,Mate
rnb2rk1/4qppp/p3p3/1pnpP3/5P2/2N2N2/PPPQ2PP/2KR1B1R w - -,,0
3r1bk1/1p3p1p/2p3p1/p3N3/3nn3/4B1PP/PP3P2/2R2BK1 w - -,c1c4 c6c5 e3d4 d8d4 c4d4 c5d4 f1c4 g8g7 c4d5 e4c5,-21
r1bq1rk1/pppp1ppp/2n2n2/2b5/2BpP3/2N2P2/PPP1N1PP/R1BQK2R w KQ -,c3a4 c5b4 c2c3 d4c3 a4c3 d7d5 c4d5 f6d5 d1d5 d8d5,-87
r1bqkbnr/2pppppp/2n5/1N6/1p6/2P5/P2PPPPP/R1BQKBNR w KQkq -,g1f3 g8f6 e2e3 e7e6 a2a4 c8a6 f1e2 f8e7 e1h1 b4c3,-12
rnbq1rkb/pp3p1p/3p1np1/2pP4/4P3/2N5/PP1NBPPP/R1BQK2R w KQ -,e1h1 a7a6 a2a4 f8e8 d1c2 b8d7 h2h3 a8b8 a4a5 h8g7,95
r3r1k1/pp1nppbp/1qp1n1p1/3pB3/3P4/Q1NPPN2/PP3PPP/2R2RK1 w - -,e5g7 e6g7 b2b4 a7a6 c3a4 b6c7 a4c5 f7f6 g2g3 b7b6,49
2r1r1k1/pbqp1pp1/np2p2p/8/1PP5/P2Q1NP1/4PPBP/2R2RK1 w - -,f1d1 e8d8 f3d4 b7g2 g1g2 c7b7 d3f3 b7f3 g2f3 a6c7,47
rn1q1rk1/1bp1ppbp/p2p2pn/1p2P3/3P1P2/2NB1N2/PPP3PP/R1BQ1RK1 w - -,d3e4 d8c8 d1e1 b8d7 c3d5 f8e8 e1h4 h6f5 e4f5 b7d5,42
r1b2rk1/ppp1b1pp/4p3/2q2p2/5B2/2P2BP1/PP2P2P/R2Q1RK1 w - -,e2e3 g7g5 b2b4 c5b6 g1h1 g5f4 e3f4 g8h8 a2a4 b6d6,-412
r2q1rk1/3n1pp1/3bpn1p/p2p1b2/1p1P4/P1P1BNP1/1P1N1PBP/R2Q1RK1 w - -,c3b4 a5b4 a3b4 a8a1 d1a1 f6g4 f1e1 d6b4 a1a4 g4e3,-89
5rk1/1R3p2/1p1q1bp1/1P1B3p/2PpQP1P/6P1/6K1/8 w - -,c3b4 a5b4 a3b4 a8a1 d1a1 f6g4 f1e1 d6b4 a1a4 g4e3,Mate
r2qkb1r/pp1npppp/2p2n2/3p4/4P1b1/3BQ3/PPPP1PPP/RNB1K1NR w KQkq -,e4e5 f6g8 h2h3 g4e6 f2f4 d8b6 g1f3 g8h6 g2g4 f7f6,60
3r1bk1/1p3p1p/6p1/p1p1N3/2Rnn3/4B1PP/PP3P2/5BK1 w - -,a2a4 d8d5 e3d4 d5d4 g1g2 f7f5 c4d4 c5d4 f2f3 e4c5,-32
2rr2k1/pbqp1ppp/np2p3/8/1PP5/P2Q1NP1/4PPBP/2R2RK1 w - -,f3g5 f7f5 g2b7 c7b7 f1d1 a6b8 g5f3 h7h6 d3b3 b8c6,86
8/8/8/3K4/4Q3/5N2/8/2k5 w - -,f1d1 h7h6 f3d4 b7g2 g1g2 c7b7 d3f3 b7f3 g2f3 a6c7,Mate
rnq2rk1/1bp1ppbp/p2p2pn/1p2P3/3PBP2/2N2N2/PPP3PP/R1BQ1RK1 w - -,h2h3 b8d7 g2g4 b7e4 c3e4 d6e5 d4e5 f8d8 d1e2 f7f5,41
3qr1k1/4pp1p/6nB/1Q6/8/R7/PP3r1P/3K2R1 w - -,d1c1 d8b8 b5b8 e8b8 h6d2 f7f6 a3h3 f2d2 c1d2 b8b2,-13
rn1qkb1r/p3pppp/1pbp1n2/1B6/3PP3/2N2N2/PP3PPP/R1BQK2R w KQkq -,e4e5 c6b5 c3b5 f6d5 e5d6 a7a6 d1b3 e7e6 c1g5 d8d7,248
r3kb1r/pp2pppp/2n2n2/q2p1b2/2pP1B2/2N1PN1P/PPP1BPP1/R1Q1K2R w KQkq -,f3h4 f5d7 e1h1 f6e4 h4f3 e4c3 b2c3 a5c3 a2a4 e7e6,-33
r3r1k1/2q2pp1/p1p1bn1p/2Bp4/8/P1PB1P2/2Q3PP/R3R1K1 w - -,c2a4 f6d7 c5f2 c6c5 f2g3 c7c8 a1d1 c5c4 d3c2 d7c5,-40
2rr2k1/pbqp2pp/np2p3/5pN1/1PP5/P2Q2P1/4PPBP/2R2RK1 w - -,g2b7 c7b7 f1d1 h7h6 g5f3 b7e4 d3b3 a6c7 d1d4 e4b7,82
r2r2k1/1p1b1pp1/p3p2p/1Pq5/2P1nP2/P4N1P/4B1PK/R1Q2R2 w - -,f3e5 d7e8 e2f3 e4d6 a3a4 a8c8 f1d1 f7f6 e5g4 c5c7,-54
r2r4/ppR2pkp/6p1/8/2BP4/1P3bP1/n4P1P/5RK1 w - -,f1b1 f3d5 c4d5 d8d5 b1a1 a2b4 c7b7 b4c6 b3b4 c6d4,-401
r2q1rk1/3n1pp1/3bpn1p/3p1b2/1p1P4/2P1BNP1/1P1N1PBP/R2Q1RK1 w - -,d1b3 b4c3 b2c3 f5d3 a1a8 d8a8 f1c1 a8a3 b3a3 d6a3,-88
r3kbnr/ppp1pppp/2n1q3/8/4P3/2N2Q2/PP1P1PPP/R1B1KB1R w KQkq -,f1b5 e8a8 b5c6 e6c6 d2d4 d8d4 e1h1 e7e5 c3d5 g8f6,78
8/2Pk4/1Q6/8/8/8/2K5/8 w - -,d2d3 e6d7 c1e3 e7e5 e1a1 e8a8 c3e2 g8f6 h2h3 c6b4,Mate
3q1r2/1R3pk1/1p3bp1/1P1B3p/2PpQP1P/6P1/6K1/8 w - -,f4f5 g6g5 h4g5 f6g5 e4d4 d8f6 d4b6 f6f5 b6f2 f5f2,336
r2qkb1r/1bpn1ppp/p3pn2/8/Pp1P4/1B2PN2/1P1N1PPP/R1BQ1RK1 w kq -,e3e4 f8e7 e4e5 f6d5 d2e4 c7c5 f1e1 e8h8 c1g5 h7h6,61
r4rk1/1qpnppbp/p2p2pn/1p2P3/3P1P2/2N2N2/PPP3PP/R1BQR1K1 w - -,c3e4 c7c5 d4c5 d7c5 e4c5 d6c5 c1e3 f8d8 d1e2 a8c8,25
8/4k3/8/7r/2K5/8/8/8 w - -,c3e4 c7c5 d4c5 d7c5 e4c5 d6c5 c1e3 f8d8 d1e2 a8c8,Mate
rnb2rk1/ppp1b1pp/3ppn2/5p1q/2PP4/1P3NP1/P2NPPBP/R1BQ1RK1 w - -,c1b2 b8c6 a2a3 a7a5 e2e3 c8d7 f1e1 a8e8 a1c1 e6e5,62
r1bq1rk1/ppp2pbp/3p2p1/3P4/2PQP1n1/2N5/PP2BPPP/R3K1NR w KQ -,d4d2 d8h4 g2g3 h4e7 g1f3 f7f5 e4f5 g7h6 d2d1 c8f5,-18
2rq1rk1/pb3pb1/1p2p2p/7P/6P1/2nP1P2/PP1BN2Q/2KR3R w - -,d2c3 b7f3 h1f1 d8g5 c1b1 f3e2 h2e2 g7c3 b2c3 c8c3,-253
6k1/6p1/3p3p/pp5P/r7/1R2K2n/5r2/6N1 w - -,b3c3 f2g2 g1e2 b5b4 c3c8 g8f7 c8c2 f7f6 c2d2 a4a3,-1001
r3r3/1pqnppk1/p1p3p1/2Pp3p/3P4/Q2PPN2/P4PPP/2R2RK1 w - -,h2h3 a8b8 c1c3 b7b5 c5b6 b8b6 f1c1 d7b8 a3a4 c7d6,90
r2qkbnr/pp2pppp/2n5/3p1b2/8/2N2N2/PPP1PPPP/R1BQKB1R w KQkq -,d1d5 d8d5 c3d5 a8d8 d5e3 f5c8 e3c4 c6b4 c4a3 b4c6,92
r1bq1r2/1p1n1p2/p4bk1/5N2/8/2PB4/P3QPPP/R4RK1 w - -,f5e7 g6h6 e7f5 h6g6 f2f4 f8h8 e2g4 f6g5 a1d1 d7f8,653
r1b1kb1r/pp3ppp/2n1pn2/q2p4/2pP1B2/2N1PN1P/PPP1BPP1/R1Q1K2R w KQkq -,e1f1 f8b4 c3b1 e8h8 c2c3 b4e7 b1d2 b7b5 g2g4 a5d8,-43
r2qkb1r/p2npppp/2p2n2/1p1p4/4P1b1/1P1BQ3/P1PP1PPP/RNB1K1NR w KQkq -,e4e5 f6g8 h2h3 g4h5 e3g5 g7g6 c1b2 f7f6 e5f6 g8f6,98
r4rk1/1q1nppbp/p2p2pn/1pp1P3/3PNP2/5N2/PPP3PP/R1BQR1K1 w - -,d4c5 d7c5 e4c5 d6c5 c1e3 f8d8 d1e2 a8c8 e3f2 h6g4,30
6k1/5pp1/7p/8/5B2/6q1/r5PP/3R3K w - -,f4g3 f7f6 h1g1 g8h7 g1f1 h7g6 g3f2 a2c2 d1d7 c2c1,142
3q1r2/1R3pk1/1p3b2/1P1B1Ppp/2PpQ2P/6P1/6K1/8 w - -,h4g5 f6g5 e4d4 d8f6 d4b6 f6b6 b7b6 f8e8 b6b7 e8e2,378
r4rk1/2p3pp/p1n1bq2/1p1p4/8/1NP2N2/PPB2bPP/R1BQ2K1 w - -,g1f2 c6e5 f2g1 a8e8 c1e3 e5f3 d1f3 f6f3 g2f3 f8f3,-15
2rq1rk1/p4pb1/1p2p2p/7P/6P1/2BP1b2/PP2N2Q/2KR3R w - -,h1f1 d8g5 c1b1 f3e2 h2e2 g7c3 b2c3 c8c3 e2d2 g5g7,-264
r4r2/ppR2pkp/6p1/8/2BPb3/1P3NP1/n4P1P/5RK1 w - -,f3g5 e4f5 g5f7 g7f6 f7d6 b7b5 c4b5 f8d8 d6f5 g6f5,388
1r6/p6k/4R1p1/2pn1rPp/3p4/3Q2P1/Pq3P1N/5RK1 w - -,d3a6 b8b6 a6a7 b6b7 a7c5 b7f7 c5c1 b2a2 c1b1 a2b1,-101
rnb1k2r/pp1p1ppp/2p1p3/q3P3/1b1P1n2/P1NQ1N2/1PP2PPP/R1B1KB1R w KQkq -,c1f4 b4c3 b2c3 c6c5 f1e2 b7b6 e1h1 c8a6 c3c4 c5d4,553
r4rk1/1q1np1bp/p2pp1pn/1pp5/3PNP2/5N2/PPP3PP/R1BQR1K1 w - -,,0
r2q1rk1/3n1pp1/3bpn1p/3p1b2/3P4/2p1BNP1/1P1NQPBP/R4RK1 w - -,f3h4 a8a1 f1a1 c3b2 a1a6 d8b8 h4f5 e6f5 d2b1 f8c8,-421
2n2rk1/1r1q1pp1/1PNnpb1B/p2p4/B2P2Q1/2P4P/5PP1/1R3RK1 w - -,,0
3q1r2/1R3pk1/1p6/1P1B1Pbp/2PpQ3/6P1/6K1/8 w - -,e4d4 d8f6 d4b6 f6f5 b6f2 f5f2 g2f2 g5d2 c4c5 d2b4,383
r2qkb1r/pp2nppp/2n1p1b1/3pP3/3P1P2/P4N1P/1P4P1/RNBQKB1R w KQkq -,f1d3 g6e4 e1h1 e7f5 g1h2 h7h5 b1c3 e4f3 f1f3 c6d4,-77
2kr4/bp3p2/p6p/P2P3q/1P6/2P5/4nPPN/R1BQ2K1 w - -,g1f1 e2g3 f1e1 a7f2 e1f2 h5d1 f2g3 d8g8 g3f4 g8g2,Mate
5bk1/1p3p1p/6p1/p1prN3/P1Rnn3/4B1PP/1P3P2/5BK1 w - -,e5g4 f8g7 g1g2 b7b6 g4h2 e4d6 e3d4 c5d4 c4c2 d4d3,-90
r1b2rk1/ppp1b1pp/2nppn2/5p1q/2PP4/1P3NP1/P1QNPPBP/R1B2RK1 w - -,c1b2 f6d7 d4d5 c6b4 c2d1 e6e5 a2a3 b4a6 b3b4 g7g5,47
2r2r2/1b3p1k/p2pp3/1p5P/4P3/P3QP2/P7/K5R1 w - -,e2e3 e6e5 d4d5 c6d8 c1b2 d8f7 b3b4 a7a5 a2a3 c8d7,Mate
r1r3k1/1q1np1bp/p2pp1pn/1pp3N1/3P1P2/5N2/PPP3PP/R1BQR1K1 w - -,g5e6 g7f6 c1e3 b7d5 e3f2 c5d4 f2d4 h6f5 d4f6 d7f6,6
rnb1k2r/pp1p1ppp/2p1p3/q3P3/3P1B2/P1bQ1N2/1PP2PPP/R3KB1R w KQkq -,b2c3 c6c5 f1e2 b7b6 f4d2 a5a4 d4c5 b6c5 e1h1 c8a6,541
5r2/1R3pk1/1p3q2/1P1B1Pbp/2PQ4/6P1/6K1/8 w - -,d4b6 f6b6 b7b6 f8e8 b6b7 e8e2 g2f3 e2e7 b7b8 e7e3,403
r2qkb1r/pp3ppp/2n1p1b1/3pPn2/1P1P1P2/P4N1P/6P1/RNBQKB1R w KQkq -,f1d3 f5g3 h1g1 g3e4 g2g4 a8c8 c1e3 a7a5 b4b5 c6e7,-126
6k1/p2b1ppp/6r1/2N5/8/8/PP5K/4R3 w - -,e1e7 d7c6 h2h3 a7a5 e7a7 c6g2 h3h2 g2f3 h2h3 g6g2,-289
r2qkb1r/pp3ppp/2n1p1b1/3pP3/1P1P1P2/P4NnP/1B4P1/RN1QKB1R w KQkq -,f4f5 g6f5 h1g1 f8e7 f1d3 e7h4 d1b3 a8c8 b1d2 e8h8,-320
r1r3k1/1q1np2p/p2pNbpn/1pp5/3P1P2/5N2/PPP3PP/R1BQR1K1 w - -,c1e3 b7d5 e3f2 c5d4 f2d4 h6f5 d4f6 d7f6 c2c3 b5b4,3
2r3k1/4qpb1/1p4p1/1P1B3p/2Pp3P/6P1/5P2/4R1K1 w - -,e1e4 e7e4 d5e4 c8c4 g1g2 c4c3 e4f3 d4d3 g3g4 d3d2,-717
r2q1rk1/5pp1/1n1bpn1p/3p1b2/3P4/2P1BNP1/3NQPBP/R4RK1 w - -,f3h4 f5h7 c3c4 b6a4 c4c5 a4c3 e2e1 d6c7 d2b3 f6e4,-55
4r1k1/1p3ppp/p2B4/q2pPp1Q/3PbP2/2P3R1/6PP/r4RK1 w - -,d6b4 a1f1 g1f1 a5a1 f1f2 a1b2 h5e2 b2c1 e2e3 c1b1,-231
r2qk2r/1ppb1p2/p2p2n1/P2Pp1P1/1PB1P1p1/2P1b3/5PP1/RN1QR1K1 w kq -,e1e3 g6f4 g2g3 d8g5 g3f4 e5f4 d1d4 g5h5 g1f1 g4g3,-523
2rqr1k1/pbnp1ppp/1p1Qp3/8/1PP5/P4NP1/4PPBP/2R2RK1 w - -,f1d1 e8e7 d6d3 b7f3 g2f3 c7e8 c4c5 b6c5 c1c5 c8c5,79
rnb1k2r/pp1p1ppp/2p1p3/4P3/3P1B2/P1q2N2/1PP2PPP/R3KB1R w KQkq -,b2c3 b7b6 h2h4 c6c5 d4c5 c8a6 c5b6 a7b6 c3c4 b8c6,547
8/1B6/4Q3/8/1k3K2/8/8/8 w - -,b2c3 b7b6 h2h4 c6c5 d4c5 c8a6 c5b6 a7b6 c3c4 b8c6,Mate
2krr3/ppp1nppp/4n3/5b2/4N3/P2B4/1PPB1PPP/2KR3R w - -,h1e1 f5g6 d3c4 e7c6 e4g5 e6d4 g5f7 e8e1 d1e1 d8f8,27
rn1qkb1r/p3pppp/1p1p1n2/1b2P3/3P4/2N2N2/PP3PPP/R1BQK2R w KQkq -,c3b5 f6d5 e5d6 a7a6 d1b3 e7e6 c1g5 d8d7 b5c7 d5c7,248
r1bqk2r/1ppn1ppp/3bpn2/p2p4/3P4/2P1PNB1/PP3PPP/RN1QKB1R w KQkq -,c3c4 d6g3 h2g3 c7c6 b1d2 e8h8 d1c2 g7g6 f1e2 d8e7,32
r2qkb1r/4pppp/pnp5/3pP3/3P2b1/5N2/PP3PPP/RNBQR1K1 w kq -,h2h3 g4f3 d1f3 e7e6 b1c3 a6a5 b2b3 d8d7 f3g3 b6c8,69
rnb1k2r/p2p1ppp/1pp1p3/4P3/3P1B2/P1P2N2/2P2PPP/R3KB1R w KQkq -,h2h4 c6c5 d4c5 c8a6 c3c4 b6c5 h1h3 b8c6 h4h5 f7f6,554
2r2r2/1b5k/p2pp3/1p3p1P/4PQ2/P4P2/P7/K5R1 w - -,h2h4 c6c5 d4c5 c8a6 c3c4 b6c5 h1h3 b8c6 h4h5 f7f6,Mate
5bk1/1p3p1p/6p1/p2rN3/P1Rpn3/6PP/1P3P2/5BK1 w - -,e5f3 b7b6 g1g2 h7h5 h3h4 d5d8 c4d4 d8d4 f3d4 f8g7,-48
r1b2rk1/1p4b1/p3p1pp/5p2/2n5/1NN2B2/PP3PPP/3RR1K1 w - -,b3c5 c4b2 d1c1 g7d4 c3d1 d4c5 d1b2 c5d4 b2d3 g6g5,-132
1k1rr3/q4p2/2QP2p1/2B1P2p/2P5/2P2B1P/6P1/6K1 w - -,b3c5 c4b2 d1c1 g7d4 c3d1 d4c5 d1b2 c5d4 b2d3 g6g5,Mate
r4rk1/2p3pp/p4q2/1pNpn3/6b1/2P2N2/PPB2KPP/R1BQ4 w - -,d1d5 g8h8 d5e4 g7g6 c1h6 e5f3 g2f3 g4f3 e4d4 f3d1,2
r4rk1/2q2pp1/1n1bpn1p/3pNb2/3P4/2P1B1P1/3NQPBP/R4RK1 w - -,g3g4 a8a1 f1a1 f5h7 a1c1 d6a3 c1e1 c7c3 d2b1 c3b2,-96
r2q1rk1/2p1bppn/p1n4p/3ppP2/4P3/2PP1N1P/P1B2P2/R1BQK2R w KQ -,h1g1 g8h8 e1f1 h7f6 f1g2 a8b8 c2a4 d8d6 d1c2 c6a5,58
r1b1kb1r/1p2pppp/p1qp1n2/8/4PP2/2NB4/PPP3PP/R1BQK2R w KQkq -,e1h1 g7g6 g1h1 f8g7 f4f5 b7b5 c1g5 c8b7 d1f3 e8h8,61
r4rk1/pppbb1pp/2nppn2/5p1q/2PP4/1P3NP1/PBQNPPBP/R4RK1 w - -,a2a3 a8e8 b3b4 c6d8 a3a4 g8h8 e2e3 d8f7 b4b5 g7g5,44
r2qkb1r/pb1n1ppp/1p1p1n2/4p3/3PP3/2NB1N2/PP3PPP/R1BQ1RK1 w kq -,c1e3 f8e7 d4d5 e8h8 b2b4 a7a5 a2a3 b7a6 h2h3 h7h6,129
8/1k5p/1p4p1/p1n3N1/8/4n1B1/P1P4P/2K5 w - -,g5h7 c5e4 g3f4 e3g2 f4h6 g2h4 h7g5 e4g5 h6g5 h4f3,-4
8/8/6K1/P7/1p5P/2k5/8/8 w - -,g6g7 b4b3 a5a6 b3b2 a6a7 b2b1q a7a8q b1g1 g7h7 g1b1,14
5rk1/4Rpb1/6p1/1PpB3p/3p3P/6P1/5P2/6K1 w - -,d5c4 d4d3 c4d3 g7f6 e7a7 c5c4 d3c4 f6d4 a7d7 d4c5,167
r5k1/5ppp/8/8/8/8/5PPP/1R4K1 w - -,,0
8/1B6/2Q5/8/4K3/8/k7/8 w - -,h2h4 g7g6 f2f3 g8h8 b1b7 a8a1 g1h2 a1a4 b7b8 h8g7,Mate
8/8/P5K1/8/7P/1pk5/8/8 w - -,g6g7 b3b2 a6a7 b2b1q a7a8q b1g1 g7h7 g1b1 h7h8 b1f5,13
2r2rk1/p4pb1/1p2p2p/3q3P/6P1/2BP1b2/PP2N2Q/2KR1R2 w - -,c1b1 f3e2 h2e2 g7c3 b2c3 c8c3 e2d2 f8c8 d3d4 c8c7,-296
4r1k1/1p3ppp/p2B4/q2pPp1Q/3PbP2/2P3RP/6P1/5rK1 w - -,g1h2 g7g6 h5e2 a5a1 g3e3 a1c1 d6b4 h7h6 c3c4 f1h1,-711
rnb1kbnr/pp3ppp/8/q3p3/2pQP3/5N2/PP1B1PPP/RN2KB1R w KQkq -,f3e5 f8c5 d4c4 a5c7 d2e3 b8a6 c4a4 e8e7 e3f4 c7b6,227
r2qk2r/1ppb1p2/p2p4/P2Pp1P1/1PB1Pnp1/2P1R3/5PP1/RN1Q2K1 w kq -,c4f1 d8g5 a1a3 g5h4 e3h3 f4h3 g2h3 g4h3 g1h1 h4e4,-582
rnb1k2r/4bpp1/pq1ppn1p/8/Pp2P2B/1NNB4/1PPQ1PPP/R3K2R w KQkq -,c3e2 b8c6 h4g3 c6e5 g3e5 d6e5 e2g1 a6a5 g1f3 b6c7,-32
r1b1kb1r/2q1pppp/p1pp1n2/8/4PP2/2NB4/PPP3PP/R1BQK2R w KQkq -,e1h1 g7g6 b2b3 f8g7 c1b2 e8h8 d1e1 f6d7 c3a4 g7b2,39
3r2k1/4Rpb1/6p1/1Pp4p/2Bp3P/6P1/5P2/6K1 w - -,e7f7 g8h7 f7f3 d8d6 f3a3 h7h6 g1g2 g7f8 c4d3 f8e7,184
r3kb1r/2q1pppp/pnp5/3pP3/3P2b1/5N2/PPQ2PPP/RNB1R1K1 w kq -,e5e6 g4e6 c1f4 c7f4 c2c6 e6d7 c6b6 f4b8 b6c5 e7e6,9
2r4r/1pqkbpQ1/p1b1p2p/4P2P/P3pP2/1NP5/3B2P1/R3R1K1 w - -,b3d4 e4e3 g7f7 e3d2 f7e6 d7d8 e1d1 c6d7 e6d5 c7c5,-82
8/P7/6K1/8/7P/2k5/1p6/8 w - -,g6g7 b2b1q a7a8q b1g1 g7h7 g1b1 h7h8 b1f5 a8a3 c3c2,13
r3rn2/1pqbbk1B/2p3pp/p3P3/3P4/2N5/PPQ1N1PP/3R2BK w - -,e2f4 e7g5 h7g6 f7g8 d1f1 e8e7 c3d5 c6d5 c2c7 d7b5,463
r4r1k/2p3pp/p4q2/1pNQn3/6b1/2P2N2/PPB2KPP/R1B5 w - -,,0
rn1qkb1r/pp2pppp/2p2n2/3p2N1/3P4/4P2P/PPP1bPP1/RNBQK2R w KQkq -,d1e2 e7e6 e1h1 f8e7 g5f3 e8h8 b1d2 d8c7 c2c4 b8d7,3
6k1/1p3ppp/p2Br3/q2pPp1Q/3PbP2/2P3RP/6P1/5K2 w - -,h5e2 a5a1 e2e1 a1b2 f1g1 h7h6 h3h4 a6a5 h4h5 e6e8,-208
r1qr2k1/3nbppp/p3p3/P2b4/1p3P2/1N1BB2P/1PP2QP1/R4RK1 w - -,a1d1 e7f6 f4f5 d7e5 e3b6 d8e8 b3c5 e5d3 c5d3 e6f5,-19
r5k1/2q2pp1/1n1bpn1p/3pNb2/3P4/2P1B1P1/3NQPBP/5RK1 w - -,f1c1 d6a3 c1e1 c7c3 g3g4 f5c2 d2b1 c2b1 e1b1 f6d7,-125
r3k2r/bpp1np2/p2p3p/P2Pp2q/1P1P4/2P2N2/4RPP1/R1BQ2K1 w kq -,e2e4 h8g8 e4h4 h5g6 f3e1 e8a8 d1f3 f7f5 h4h6 g6f7,-52
Q7/8/6K1/8/7P/2k5/8/1q6 w - -,g6g7 b1g1 g7h7 g1b1 h7h8 b1f5 a8a3 c3c4 a3e7 c4b3,15
r4rk1/pNp2ppp/2n2q2/7b/2BP1n2/5N1P/PP3PP1/R2Q1RK1 w - -,g2g3 f4h3 g1g2 c6d4 c4d5 a8e8 a1c1 h3g5 f3d4 h5d1,-397
r1b1k2r/1ppnqppp/3bpn2/p2p4/3P4/2P1PNB1/PP1N1PPP/R2QKB1R w KQkq -,f3e5 e8h8 f1d3 g7g6 h2h4 a5a4 a2a3 d6e5 g3e5 d7e5,43
3r4/5Rbk/6p1/1Pp4p/2Bp3P/6P1/5P2/6K1 w - -,f7f3 h7h6 b5b6 g7e5 b6b7 e5b8 g1g2 d8d7 f3b3 h6g7,195
r1b1k2r/p7/q1nbp1pp/3p1pN1/2pP4/2P1P1P1/P1QNB1PP/4RRK1 w kq -,g5h3 c6e7 e3e4 f5e4 e2c4 d5c4 d2e4 c8d7 c2e2 a6c6,-40
r2q1rk1/pb2bppp/1p1p1n2/2nPp3/4P3/P1NB1N2/1P3PPP/R1BQR1K1 w - -,d3c2 a7a5 a1b1 d8c7 b2b4 a5b4 a3b4 c5a6 c1d2 b7c8,108
3r4/7k/6p1/1Pp1b2p/2Bp3P/5RP1/5P2/6K1 w - -,b5b6 h7h6 b6b7 d8d7 f3b3 e5b8 g1g2 h6g7 g2f1 g7h6,200
r3rn2/1pqbb1kB/2p3pp/p3P3/3P4/2N5/PPQ1N1PP/5RBK w - -,f1f8 e8f8 c2g6 g7h8 g6h6 e7g5 h6h5 d7e8 h7g6 h8g8,470
r3kb1r/2q2ppp/pnp1p3/3pP3/3P2b1/5N2/PPQN1PPP/R1B1R1K1 w kq -,f3h4 f8e7 d2f3 c6c5 h2h3 g4f3 h4f3 a8c8 b2b3 c5c4,-14
r4rk1/pppbb1pp/2np1n2/4pp1q/2PPP3/1P3NP1/PBQN1PBP/R4RK1 w - -,e4f5 d7f5 c2c3 f6e4 c3e3 e4d2 f3d2 e5d4 b2d4 a8e8,-48
r5k1/2q2pp1/1n2pn1p/3pbb2/2PP4/4B1P1/3NQPBP/5RK1 w - -,c4d5 e5d6 d5e6 b6d5 e6f7 c7f7 d2c4 f7e6 g2f3 d6b4,-216
r1br2k1/p1q2pbp/2p3p1/2B1p3/4B3/8/PPP2PPP/R2Q1RK1 w - -,,0
1n6/kP2rr2/2p3RR/3p4/3P4/4PP2/1P2K3/8 w - -,e2f2 e7b7 g6f6 b7b2 f2g3 f7f6 h6f6 b2b3 f6e6 a7b7,-197
r4r1k/2p4p/p4qp1/1pN1n3/4Q1b1/2P2N2/PPB2KPP/R1B5 w - -,,0
3r1bk1/1p3p1p/2p1n1p1/p3N3/2B1n3/4B1PP/PP3P2/2R3K1 w - -,c1e1 f8b4 e1e2 b4c5 e5f7 g8f7 c4e6 f7e6 e3c5 d8d1,-42
3r4/8/1P4pk/2p1b2p/2Bp3P/5RP1/5P2/6K1 w - -,b6b7 e5b8 g1g2 d8d7 f3b3 d7d6 c4d3 h6g7 g2f1 d6f6,202
r5k1/5pp1/1n2pn1p/3pqb2/2P5/4B1P1/3NQPBP/5RK1 w - -,h2h3 e5b2 e3b6 b2b6 c4d5 e6d5 e2f3 b6e6 g3g4 f5g6,-86
r2qkbnr/pp2pppp/8/3p1b2/1n6/2N2NP1/PPP1PP1P/R1BQKB1R w KQkq -,g3g4 b4c2 e1d2 f5e4 e2e3 a7a6 a1b1 g8f6 g4g5 f6g4,-248
r2qk1nr/pp1n1pp1/2pbp2p/7P/3P1P2/3Q1NN1/PPP3P1/R1B1K2R w KQkq -,c1d2 g8f6 e1a1 e8h8 f3e5 a8c8 g3e2 c6c5 g2g4 c5d4,36
r4rk1/pppbb1pp/2n2n2/4pp1q/2P1P3/1P3NP1/PBQN1PBP/R4RK1 w - -,b3b4 e7b4 c4c5 b4d2 f3d2 f5f4 c2d1 d7g4 d1b3 g8h8,-145
r3rb2/1pqb2kB/2p3pp/p3P3/3P4/2N5/PPQ1N1PP/6BK w - -,b3b4 e7b4 c4c5 b4d2 f3d2 f5f4 c2d1 d7g4 d1b3 g8h8,Mate
r2r2k1/1q1nbppp/p3p3/P2b4/1p3P2/1N1BB2P/1PP2QP1/2R2RK1 w - -,c1d1 g7g6 d1d2 e7f6 f4f5 e6f5 f1d1 d5c6 d3f5 g6f5,-44
1b1r4/1P6/6pk/2p4p/2Bp3P/5RP1/5P2/6K1 w - -,c4b5 h6g7 g1f1 d8d6 b5c4 d6d7 f3b3 g7h6 f1e1 d4d3,237
8/7r/8/p3K3/P4R2/1k5P/8/8 w - -,h3h4 h7h8 e5f5 h8f8 f5g4 f8g8 g4h3 g8h8 h3g3 h8g8,456
4rbk1/1p3p1p/1Bp1n1p1/p3N3/2B1n3/6PP/PP3P2/2R3K1 w - -,b6a5 e6g5 e5d3 g5h3 g1g2 h3g5 a2a3 e4d6 c4a2 e8e4,-30
6k1/R7/3N4/p4pp1/5n2/5Pr1/8/7K w - -,,0
r3kb1r/pp1nppp1/1qp2n2/3p1b1p/3P1B2/1QP1P2P/PP1N1PP1/R3KBNR w KQkq -,c3c4 a7a5 g1f3 e7e6 c4c5 b6b4 b3c3 b4c3 b2c3 b7b6,6
1r1q1rk1/2p1bppn/p1n4p/3ppP2/4P3/2PP1N1P/P1B1QP2/R1B1K2R w KQ -,e1h1 d8d6 g1h1 f8d8 f1g1 g8h8 c2a4 c6a5 g1g4 e7f6,48
r2qk1nr/1b1nppbp/p2p2p1/2p5/Pp1PP3/4BP1N/1PPQN1PP/R3KB1R w KQkq -,a4a5 d8c7 c2c3 b4c3 b2c3 g8f6 e2c1 c5c4 f1e2 a8b8,17
r1r3k1/3nbppp/p2p4/1p2p1P1/2q1P2P/P1N1BP2/1PPQ3R/2KR4 w - -,c3d5 e7d8 c1b1 a6a5 b2b3 c4c6 h4h5 d7f8 f3f4 e5f4,427
r5k1/5pp1/4pn1p/2Ppqb2/n7/4B1P1/3NQPBP/5RK1 w - -,f1c1 e5b2 e2e1 a4c3 g2f1 c3a2 c1d1 e6e5 c5c6 a8c8,-171
1b1r4/1P4k1/6p1/1Bp4p/3p3P/5RP1/5P2/6K1 w - -,g1f1 d8f8 f3f8 g7f8 f2f4 b8a7 b5d3 f8g7 f1f2 g7f7,244
5rk1/p4ppp/2p1p3/2NpP3/5PP1/P5KP/1r2n3/2R5 w - -,g3h4 e2c1 f4f5 b2c2 c5d7 f8d8 h4g3 d8d7 g3f4 d7b7,-1172
2kr3r/pp3p1p/n1p2P2/q7/P1p1Q3/5N2/1b2BPPP/R4K1R w - -,a1e1 c4c3 g2g3 d8e8 e4g4 c8b8 e2d1 e8e1 f3e1 h8d8,-216
r4r1k/1pqbb2B/2p3Qp/p3P3/3P4/2N5/PP2N1PP/6BK w - -,g6h6 e7g5 h6h5 d7g4 h5g4 c7h7 g4g5 f8f7 g5e3 h7g6,482
r2q1rk1/1pp2pp1/1bnpbn1p/pB2p3/P3P3/2PP1N1P/1P3PP1/RNBQR1K1 w - -,c1e3 b6e3 e1e3 c6e7 d3d4 e7g6 b1d2 f6h7 b5f1 b7b6,21
2r3r1/1b5k/p2pp3/1p3pQP/4P3/P4P2/P7/K5R1 w - -,b1d2 c6a7 b5c4 a7c6 c4b3 f8e8 d2c4 b6c5 c1e3 c5e3,Mate
r2qkb1r/pp2nppp/2n1p3/3pPb2/3P1P2/5N1P/PP4P1/RNBQKB1R w KQkq -,f1b5 a7a6 b5c6 e7c6 b1c3 f8e7 e1h1 a8c8 c1e3 c6a5,-73
2rq2k1/pbnprppp/1p1Qp3/8/1PP5/P4NP1/4PPBP/2RR2K1 w - -,d6d3 b7f3 g2f3 c7e8 f3b7 c8c7 b7a6 g7g6 c4c5 b6c5,79
5r1k/7p/p2p2qQ/4pN2/1p2P3/2bP1B1P/b4P1K/8 w - -,d6d2 c7e8 f3d4 b7g2 g1g2 h7h6 f2f3 a7a6 a3a4 c8c7,Mate
4rrk1/1pp2p2/p1bp1p1Q/6q1/1PP1P3/3B3P/P3N1P1/5RK1 w - -,h6g5 f6g5 e2c3 e8e5 a2a4 c6d7 g2g4 g8g7 a4a5 f8c8,-298
4rbk1/1p3p1p/2p3p1/B3N1n1/2B1n3/6PP/PP3P2/2R3K1 w - -,f2f4 e4g3 c1d1 g5e6 d1d7 b7b5 c4b3 c6c5 b3d5 g3e2,-73
r4r1k/2p4p/p4qp1/1pN5/4Q1b1/2P2nK1/PPB3PP/R1B5 w - -,g2f3 g4f5 e4d4 f6d4 c3d4 f5c2 c1f4 f8f7 c5e6 h7h6,-33
1b6/1P4k1/3r2p1/1Bp4p/3p3P/5RP1/5P2/5K2 w - -,b5c4 d6d7 f3b3 g7h6 f1e1 d7e7 e1d2 e7d7 b3b6 d7d6,251
r1bqkb1r/pppp1ppp/n7/4n3/2P5/4P2N/PP3PPP/RNBQKB1R w KQkq -,f2f4 f8b4 b1d2 e5g6 a2a3 b4e7 f4f5 g6e5 f1e2 a6c5,61
2r3rk/1b2Q3/p2pp3/1p3p1P/4P3/P4P2/P7/K5R1 w - -,a2a3 d7d6 h3f4 g7g6 b2b4 f8g7 a1a2 c8f5 d1b3 c7c6,Mate
r1b2b1r/ppp3pp/5k2/4p3/2NnB3/8/PPPP1PPP/R1B1K2R w KQ -,e1d1 c7c6 c2c3 d4f5 d2d3 g7g5 a2a4 c8e6 a4a5 a7a6,204
3rr1k1/p4ppp/2p5/1p3N2/1Pp1P3/2P4P/P1K2PPR/5B2 w - -,f5d4 e8e4 f1e2 c6c5 b4c5 e4e5 h2h1 e5c5 a2a4 b5a4,185
r1rb2k1/3n1ppp/p2p4/1p1Np1P1/2q1P2P/P3BP2/1PPQ3R/2KR4 w - -,c1b1 a6a5 b2b3 c4c6 h4h5 c6b7 d2g2 d7f8 f3f4 e5f4,441
r2qkb1r/pp2pppp/2n2n2/3p1b2/8/2N2NP1/PPP1PP1P/R1BQKB1R w KQkq -,e2e3 e7e5 f1g2 f8b4 e1h1 e8h8 c3e2 a8c8 a2a3 b4d6,-125
4rrk1/1pp2p2/p1bp1q2/8/1PP1P3/3B3P/P3N1P1/5RK1 w - -,f1f6 c6e4 e2f4 e4d3 f4d3 e8e4 b4b5 e4c4 b5b6 f8e8,-387
1b6/1P1r2k1/6p1/2p4p/2Bp3P/5RP1/5P2/5K2 w - -,f3b3 g7h6 f1e1 d7d6 b3b5 d6d7 e1e2 d7e7 e2d2 e7d7,263
4rbk1/1p3p1p/2p3p1/B7/2B1n3/3N2Pn/PP3P2/2R3K1 w - -,g1f1 e8a8 a5e1 h3g5 f1g2 e4d6 c4b3 d6b5 d3c5 f8c5,-44
8/8/8/8/2p1K3/2k5/P7/8 w - -,e4e3 c3b2 a2a4 c4c3 e3d3 c3c2 d3c4 c2c1q c4d4 b2b3,-903
r5k1/5pp1/4pn1p/1QPpqb2/8/2n1B1P1/3N1PBP/5RK1 w - -,b5b6 f5d3 c5c6 a8c8 b6b7 e5c7 f1a1 c7c6 b7c6 c8c6,-234
r2r2k1/p1q2pbp/2p1b1p1/2B1p3/4B3/5Q2/PPP2PPP/R4RK1 w - -,g2g4 h7h5 h2h3 g7h6 f1e1 h5g4 h3g4 g8g7 c5e3 h6e3,-19
r2q1rk1/ppp2ppp/2n5/2N4b/2BP1n2/5N1P/PP3PP1/R2Q1RK1 w - -,c5b3 f8e8 g1h2 d8f6 a1c1 a8d8 c1c3 c6d4 b3d4 c7c5,-180
r1bq1rk1/pp1nbpp1/4pn1p/3p4/2PN1B2/2N1P2P/PP3PP1/R2QKB1R w KQ -,f4h2 d7b6 c4d5 f6d5 f1d3 d5c3 b2c3 e7f6 e1h1 e6e5,-39
1b6/1P1r4/6pk/2p4p/2Bp3P/1R4P1/5P2/5K2 w - -,f1e1 h6g7 e1e2 d7e7 e2d3 e7d7 b3b6 d7d6 b6d6 b8d6,258
4rbk1/1p3p1p/2p3p1/B5n1/2B1n3/3N2P1/PP3PK1/2R5 w - -,a2a3 e4d6 c4a2 f8g7 c1c2 g7d4 d3c5 h7h5 a5b4 g5e4,-28
8/1b6/1P2p1k1/P2pnpP1/3p3p/1B3RPP/7K/8 w - -,f3f1 h4g3 h2g3 e5c4 f1a1 b7a6 b3a4 c4d6 g3f4 d4d3,359
r1rb2k1/3n1ppp/2qp4/pp1Np1P1/4P2P/PP2BP2/2PQ3R/1K1R4 w - -,h4h5 a8a6 d2g2 a5a4 b3b4 d7f8 f3f4 e5f4 e3f4 c6e8,422
r1b1kb1r/1pqnpppp/p2p1n2/8/3NPP2/2NB4/PPP3PP/R1BQK2R w KQkq -,a2a4 g7g6 c1e3 f8g7 e1h1 e8h8 h2h3 b7b6 c3d5 f6d5,46
1b6/1P6/3r2pk/2p4p/2Bp3P/1R4P1/5P2/4K3 w - -,b3b5 d6d7 e1e2 h6g7 b5b6 d7d6 b6d6 b8d6 e2d3 g7f6,258
1r3rk1/2p1bppn/p1nq3p/3ppP2/4P3/2PP1N1P/P1B1QP2/R1B2RK1 w - -,g1h1 h7f6 f1g1 g8h7 e2f1 f8g8 h3h4 h7h8 f1g2 d5e4,62
6rk/pnp2p1p/1p3P1Q/8/2P5/8/Pq2R1PP/1B1r2K1 w - -,f1d1 f8d8 g1h1 h7f6 d1g1 g8f8 e2f1 d5e4 d3e4 c6a5,Mate
1b6/1P6/2r3pk/1Rp4p/2Bp3P/6P1/5P2/4K3 w - -,e1e2 c6c7 b5b6 c7e7 e2d3 e7d7 c4e6 d7d6 b6d6 b8d6,278
5r1r/1pqkbpQ1/p1b1p2p/4P2P/P3pP2/1NP1B3/6P1/R3R1K1 w - -,e1d1 d7e8 g7g3 f8g8 g3e1 g8g4 b3d4 h8g8 d1d2 g4g3,-85
8/1p6/8/1k6/1p6/8/1Q3PP1/5RK1 w - -,e1d1 d7e8 g7g3 f8g8 g3e1 g8g4 b3d4 h8g8 d1d2 g4g3,Mate
r3k2r/2q1bppp/pnp1p3/3pP3/3P2b1/1P3N2/P1QN1PPP/R1B1R1K1 w kq -,a2a4 e8h8 c1a3 e7a3 a1a3 a6a5 h2h3 g4f5 c2c5 b6d7,-16
4rr1k/ppp2ppn/2bp3p/5P2/3qPR2/3B2N1/PPPQ2PP/5RK1 w - -,g1h1 h7f6 c2c3 d4e5 f4h4 h8g8 d3c2 a7a6 a2a4 b7b5,-79
r4r1k/2p4p/p4qp1/1pN5/6Q1/2P3K1/PPB3PP/R1B3n1 w - -,c5d3 a8e8 h2h4 h7h5 g4g5 f6d6 c1f4 g1e2 g3h2 e2f4,-269
r3r3/1pqbbkpn/2p4p/p3P3/3P4/2N5/PPQ1N1PP/3R2BK w - -,c2h7 e8f8 e2g3 e7b4 c3e4 f7e7 h7g7 e7d8 e4c5 b4c5,531
2rr2k1/p1q2pbp/2B1b1p1/2B1p3/8/5Q2/PPP2PPP/R4RK1 w - -,c6b7 c7c5 b7c8 d8c8 c2c3 h7h5 h2h3 g8h7 b2b3 c5a5,-325
4rbk1/1p3p1p/2p1n1p1/B7/2B1n3/3N2P1/PP3PK1/3R4 w - -,a5b6 e4d6 c4b3 d6c8 b6e3 e8d8 a2a4 c8e7 a4a5 e7d5,-30
1b6/1Pr5/6pk/1Rp4p/2Bp3P/6P1/4KP2/8 w - -,b5b6 h6g7 e2d3 c7d7 c4e6 d7d6 b6d6 b8d6 d3e4 d6b8,330
8/1p6/8/k7/1p6/8/1Q3PP1/2R3K1 w - -,b5b6 h6g7 e2d3 c7d7 c4e6 d7d6 b6d6 b8d6 d3e4 d6b8,Mate
8/7p/P1pB3k/3p1p1P/4b3/8/5P2/7K w - -,f2f3 e4f3 h1h2 c6c5 h2g3 f3e4 g3h4 h6g7 d6e5 g7f7,513
7k/pnp2p1p/1p3P1Q/8/2P5/8/Pq2RKrP/1B1r4 w - -,h1g1 c6c5 d6c5 d5d4 c5d4 h6h5 a6a7 h5g4 g1h2 e4c6,Mate
2rr1bk1/1q3pp1/4p1p1/3n4/pP1B1P2/P4BP1/2Q4P/2RR2K1 w - -,c2a4 c8c1 d1c1 d8c8 a4d1 c8c1 d1c1 b7a6 c1b2 a6d3,135
r1bq1rk1/pp1n1pp1/4pn1p/3p4/1bPN4/2N1P1BP/PP3PP1/R2QKB1R w KQ -,c4d5 f6e4 d4e2 d7f6 a2a3 b4c3 e2c3 e4g3 f2g3 d8b6,-66
r3k2r/2q1bppp/1np1p3/p2pP3/P2P2b1/1P3N2/2QN1PPP/R1B1R1K1 w kq -,,0
r2qk1nr/pp1n1ppb/2pbp2p/7P/3P1P2/3B1NN1/PPP3P1/R1BQK2R w KQkq -,d3h7 h8h7 c1d2 h7h8 d1e2 d8c7 g3f5 g8f6 f5d6 c7d6,82
8/1p6/1k6/8/1p6/8/1Q3PP1/R5K1 w - -,f3e5 d7e5 f4e5 d6b4 c2c3 d8d4 d3h7 b4c3 b2c3 d4c3,Mate
6k1/1p1r1pp1/2b1p2p/2P1P2P/3B1RP1/4P3/5r2/6K1 w - -,f4f2 d7d8 g1h2 d8a8 h2g3 a8a4 f2c2 c6d5 g3f4 a4b4,-33
1r4k1/1Q3pp1/4pn1p/2Ppqb2/8/2n1B1P1/3N1PBP/5RK1 w - -,b7e7 c3e2 g1h1 e5c3 d2f3 f6g4 e3d2 b8b1 d2e1 c3d3,-235
rnbq1r2/ppp3pk/4p3/3p4/3P1Pn1/P7/1PPK2PP/R1B4R w - -,b2b3 b8c6 d2c3 c6d4 c3b2 d4b5 c1d2 a7a5 b2b1 b5d6,-1245
3rr1k1/pb2qppp/1p1bpn2/4N3/2P2B2/8/PPB1QPPP/3RR1K1 w - -,d1d3 d6b4 e1d1 d8d3 e5d3 b4d6 f4d6 e7d6 d3e5 d6c7,28
8/1b6/1P2p3/P2pnpk1/3p1R1p/1B4PP/7K/8 w - -,b3d1 h4g3 h2g3 e5c6 h3h4 g5f6 h4h5 e6e5 f4h4 f6g7,247
rnbqk2r/pp3ppp/2pb1n2/3p4/2PP4/P6P/1P3PP1/RNBQKBNR w KQkq -,b1c3 e8h8 c4d5 f8e8 f1e2 f6d5 g1f3 d8e7 c1g5 f7f6,-31
1b6/1Pr3k1/1R4p1/2p4p/2Bp3P/6P1/4KP2/8 w - -,e2d3 c7d7 c4e6 d7d8 b6c6 d8d6 c6d6 b8d6 d3e4 d6b8,342
2rq1rk1/1b2bppp/1p1p1n2/p2Pp3/1P2P3/P1NQ1N2/3B1PPP/R3R1K1 w - -,c3a4 c8b8 h2h3 h7h6 b4a5 b6a5 a1b1 d8e8 a4b6 f6d7,94
rn2kbnr/ppq2pp1/2p1b2p/8/2PQN3/5N2/PP2BPPP/R1B1K2R w KQkq -,c4c5 c7d8 e4d6 f8d6 d4g7 d8f6 g7f6 g8f6 c5d6 b8d7,161
r1b2rk1/ppp1b1pp/2n1pn2/3p1p1q/2PP4/1P3NP1/PBQNPPBP/R4RK1 w - -,a2a3 a7a5 e2e3 f6e4 d2b1 c6d8 b1c3 c7c6 f3e5 e4c3,85
2r2rk1/pb3p1R/1p2pbp1/8/3q4/PPp4R/5PPP/2BQ1BK1 w - -,c1g5 f6g7 h7g7 d4g7 d1c2 b7d5 h3e3 g7d4 e3e1 f7f5,-293
8/1p6/2k5/8/1Q6/8/5PP1/R5K1 w - -,c1g5 f6g7 h7g7 d4g7 d1c2 b7d5 h3e3 g7d4 e3e1 f7f5,Mate
r2r2k1/1p1b1pp1/p3p2p/1Pq5/2P2P2/P6P/3nB1PK/R1Q2R2 w - -,c1b2 d2f1 e2f1 a6b5 c4b5 c5e3 b2e5 e3e5 f4e5 a8a4,-560
7k/pnp2p1p/1p3P1Q/8/2P5/8/P3q1KP/1B1r4 w - -,c1b2 d2f1 e2f1 a6b5 c4b5 c5e3 b2e5 e3e5 f4e5 a8a4,Mate
r1r2bk1/1q3pp1/4p1p1/3n4/pP1B1P2/P4BP1/2Q4P/2RR2K1 w - -,c2b2 b7d7 d4f2 f8e7 b2e2 e7f6 c1c5 c8c5 b4c5 d7b7,44
r1bq1rk1/pp1n1pp1/4p2p/3p4/1bPNn3/2N1P1BP/PPQ2PP1/R3KB1R w KQ -,g3h2 e6e5 c4d5 e4c3 b2c3 e5d4 c3b4 d4e3 f2e3 f8e8,-97
8/1p6/8/3k4/1Q6/8/5PP1/2R3K1 w - -,g3h2 e6e5 c4d5 e4c3 b2c3 e5d4 c3b4 d4e3 f2e3 f8e8,Mate
1b6/1P1r2k1/1R4p1/2p4p/2Bp3P/3K2P1/5P2/8 w - -,c4e6 d7d6 b6d6 b8d6 d3e4 d6b8 e6c4 g7f8 e4d5 b8a7,382
rnbq1r2/ppp3pk/4p3/3p4/3P1P2/P6P/1PPK1nP1/R1B4R w - -,h1e1 d8h4 d2e2 b7b6 c1e3 c8a6 e2d2 f2e4 d2d1 b8c6,-1314
1r3r1k/2p1bppn/p1nq3p/3ppP2/4P3/2PP1N1P/P1B1QP2/R1B2R1K w - -,f1g1 h7f6 e2f1 f8g8 c1e3 b8b2 f1c1 b2b8 h3h4 e7f8,71
r3k2r/p2b4/q1nbp1pp/3p1p2/2pP4/2P1PNP1/P1QNB1PP/4RRK1 w kq -,e3e4 e8h8 e4d5 e6d5 d2b3 a6b6 b3c5 d6c5 d4c5 b6c5,-32
r4rk1/2q2ppp/1np1p3/p2pP3/P2P2b1/RP3N2/2QN1PPP/4R1K1 w - -,h2h3 g4h5 c2c3 f8c8 e1c1 h7h6 g2g4 h5g6 b3b4 c7a7,-12
1b6/1P4k1/1R1rB1p1/2p4p/3p3P/3K2P1/5P2/8 w - -,b6d6 b8d6 e6c4 d6b8 d3e4 g7f6 f2f4 f6e7 e4d5 b8a7,406
8/1Q6/8/8/3k4/8/5PP1/2R3K1 w - -,b6d6 b8d6 e6c4 d6b8 d3e4 g7f6 f2f4 f6e7 e4d5 b8a7,Mate
r1bq1rk1/1ppn1pbp/p2p2pB/n3p3/P2PP3/2NB1P2/1PPQ2PP/R3K1NR w KQ -,h6g7 g8g7 d4e5 d6e5 c3d5 c7c6 d5e3 d7c5 a1a3 d8d4,30
3r1r1k/2p4p/p4qp1/1p6/6Q1/2PN2K1/PPB3PP/R1B3n1 w - -,,0
2k5/np1N2b1/p4qp1/5r1p/4p1pP/P3B1P1/1P3P2/R2Q2K1 w - -,d7f6 f5f6 e3a7 e4e3 a1c1 f6c6 c1c6 b7c6 a7e3 g7e5,1295
rnbqk2r/ppb2ppp/2p2n2/2Pp4/3P4/P6P/1P3PP1/RNBQKBNR w KQkq -,c1e3 e8h8 f1d3 f6e4 b1c3 f7f5 g1f3 b8d7 e1h1 d8f6,-42
8/5Q2/8/8/6N1/4K1k1/8/8 w - -,c1e3 e8h8 f1d3 f6e4 b1c3 f7f5 g1f3 b8d7 e1h1 d8f6,Mate
8/1P4k1/3bB1p1/2p4p/3p3P/3K2P1/5P2/8 w - -,e6c4 g7f6 d3e4 d6b8 e4d5 b8a7 f2f4 f6f5 c4d3 f5f6,443
8/7p/P1pB3k/5p1P/3pb3/8/5P1K/8 w - -,f2f3 h6g7 a6a7 g7f7 a7a8q f7e6 d6g3 e6d5 a8g8 d5c5,1346
3r2k1/1p3pp1/2b1p2p/2P1P2P/3B2P1/4P3/5R2/6K1 w - -,g1h2 d8a8 h2g3 a8a3 f2d2 c6d5 g3f4 a3b3 d2d1 b3b4,-26
r2qk2r/pp3ppp/2nbpn2/2pp1b2/3P1B2/P1N1PN2/1PP1BPPP/R2QK2R w KQkq -,f4d6 d8d6 c3b5 d6b8 d4c5 e8h8 b5d4 f5g6 b2b4 a7a5,81
rnbq1r2/ppp3pk/4p3/3p4/3P1P2/P6P/1PP1K1P1/R1B4n w - -,e2f1 h1g3 f1g1 g3e4 c2c4 d5c4 c1e3 h7g8 d4d5 e6d5,-1573
r3r1k1/pp2qpp1/2p2n2/5b1p/3Pp3/2N1P3/PPQN1PPP/1RR3K1 w - -,c2a4 h5h4 h2h3 e7d7 a4d1 g7g5 d2c4 d7e6 c3e2 f6d5,-31
r1bq1r2/1ppn1pkp/p2p2p1/n3p3/P2PP3/2NB1P2/1PPQ2PP/R3K1NR w KQ -,d4e5 d6e5 c3d5 c7c6 d5e3 d7c5 a1a3 d8d4 b2b4 a5b3,31
r2qk2r/pp3ppp/2nbbn2/2p1p3/2NpP3/2PP1NP1/PP3PBP/R1BQ1RK1 w kq -,d1b3 e8h8 b3b7 c6a5 c4a5 d8a5 b7c6 a5b6 c6b6 a7b6,34
8/1b6/1Pn1p3/P2p1pk1/3p3R/1B4PP/7K/8 w - -,b3a4 c6a5 h4d4 e6e5 d4b4 a5c4 h3h4 g5f6 a4b5 c4d6,337
8/PKR5/3k2p1/5p1p/5P1P/8/8/r7 w - -,b3a4 c6a5 h4d4 e6e5 d4b4 a5c4 h3h4 g5f6 a4b5 c4d6,Mate
r2qkb1r/1bpn1ppp/p3p3/8/Pp1Pn3/1B3N2/1P1N1PPP/R1BQ1RK1 w kq -,d2e4 b7e4 f1e1 e4f3 d1f3 f8e7 d4d5 e8h8 d5e6 f7e6,136
r1bqk2r/ppp2ppp/n7/3pn3/1bP2P2/4P2N/PP1B2PP/RN1QKB1R w KQkq -,a2a3 b4d2 b1d2 e5g4 c4d5 g4e3 d1a4 e8f8 a4e4 e3f1,-53
8/8/8/B1K1k3/8/7B/8/8 w - -,a2a3 b4d2 b1d2 e5g4 c4d5 g4e3 d1a4 e8f8 a4e4 e3f1,Mate
8/7p/P1pB3k/5p1P/3p4/5b2/7K/8 w - -,h2g3 f3e4 g3h4 h6g7 d6c5 g7f6 a6a7 f6e6 a7a8q e6d5,1367
5r2/2k5/R4n2/3p4/3P4/4PP2/1P2K3/8 w - -,e3e4 d5e4 f3e4 f6e4 e2d3 f8b8 d3c2 b8f8 b2b4 f8f2,12
r2qk2r/pp1nnpp1/2pbp2p/7P/3P1P2/3Q1NN1/PPPB2P1/R3K2R w KQkq -,g3e4 d6c7 e1a1 d7f6 d1e1 f6e4 e1e4 d8d7 f3e5 c7e5,82
r1bqr1k1/ppp2pbp/3p2p1/2nP4/2P1P3/2NQ4/PP2BPPP/2KR2NR w - -,d3e3 g7c3 e3c3 c5e4 c3e3 c8f5 h2h3 e4c5 e3f4 e8e4,-229
rn1qk2r/1bpp1ppp/p7/1p2P3/1b2n3/1BN5/PPP2PPP/R1BQK1NR w KQkq -,g1e2 e4c3 b2c3 b4a5 e1h1 b8c6 c1f4 e8h8 a2a4 f8e8,24
8/8/8/B7/2K1k3/7B/8/8 w - -,g1e2 e4c3 b2c3 b4a5 e1h1 b8c6 c1f4 e8h8 a2a4 f8e8,Mate
1r3r1k/2p2ppn/p1nq1b1p/3ppP2/4P3/2PP1N1P/P1B1QP2/R1B3RK w - -,c1e3 b8b2 e3c1 b2b8 h3h4 c6e7 c2b3 a6a5 g1g3 d6a6,73
r1bq1r2/1ppn1pkp/p5p1/n3p3/P3P3/2NB1P2/1PPQ2PP/R3K1NR w KQ -,c3d5 c7c6 d5e3 d7c5 a1a3 d8d4 b2b4 a5b3 a3b3 c5b3,37
rn1qk2r/pbp2ppp/1p3n2/3p4/1bPP4/2NB1N2/PP3PPP/R1BQK2R w KQkq -,e1h1 e8h8 c1g5 b4c3 b2c3 d5c4 d3c4 b8c6 c4d3 d8d6,59
1r4k1/5pp1/Q3pn1p/2P1qb2/3p4/2n1B1P1/3N1PBP/5RK1 w - -,e3f4 c3e2 a6e2 e5e2 g2f3 e2b5 f4b8 b5b8 h2h3 g8h7,-476
5k2/1P6/3b2p1/2p4p/2Bp3P/3K2P1/5P2/8 w - -,d3e4 d6b8 e4d5 b8a7 f2f4 f8f7 d5c6 f7f6 c4d3 f6e7,541
rnbq1r2/ppp3pk/4p3/3p4/3P1P2/P5nP/1PP3P1/R1B2K2 w - -,f1g1 b8c6 c1e3 h7g8 e3d2 g8f7 a1e1 f8h8 d2e3 g3f5,-1586
3q1rk1/3pnpbp/r2B2p1/pn6/RPNpP2P/5N2/2Q2PP1/5RK1 w - -,e4e5 a6c6 b4a5 b5d6 e5d6 e7d5 c2d3 d5c3 a4a1 d8b8,14
8/7p/P1pB3k/3b1p1P/3p4/6K1/8/8 w - -,e4e5 a6c6 b4a5 b5d6 e5d6 e7d5 c2d3 d5c3 a4a1 d8b8,Mate
3r3r/p1p1bk1p/np6/5N2/4n3/6P1/PPP2PBP/R1BR2K1 w - -,d1d8 h8d8 g2e4 d8d1 g1g2 e7g5 f2f4 g5e7 f5e3 d1d8,595
8/8/5Nk1/8/4K3/5Q2/8/8 w - -,d1d8 h8d8 g2e4 d8d1 g1g2 e7g5 f2f4 g5e7 f5e3 d1d8,Mate
r3k2r/pp1bbpp1/1qn1p2p/3pPn1P/P1pP4/2P2N2/1P2BPP1/RNBQ1RK1 w kq -,d1c2 e8a8 g2g4 f5h4 f3h4 e7h4 c1e3 g7g6 h5g6 f7f5,36
r4rk1/2q2ppp/1np1p3/p2pPb2/P2P4/RP3N1P/2QN1PP1/4R1K1 w - -,c2c3 c7e7 a3a1 f8c8 g2g4 f5g6 a1c1 b6d7 c3e3 c6c5,-18
4rr1k/ppp2pp1/2bp3p/5Pn1/3qPR2/3B2N1/PPPQ2PP/5R1K w - -,f5f6 d4b2 f6g7 b2g7 g3f5 g7h7 d2c3 h8g8 f4g4 e8e5,380
1b3k2/1P6/6p1/2p4p/2BpK2P/6P1/5P2/8 w - -,e4d5 b8a7 f2f4 f8e8 d5d6 e8f8 c4d3 f8g8 d6c7 g8h7,685
2rq1rk1/1p2bppp/p2p1n2/3Pp3/1PP5/3Q4/P2BBPPP/R4RK1 w - -,d2e3 g7g6 a1c1 f8e8 g2g3 a6a5 a2a3 e7f8 c1b1 f6d7,126
3R4/8/4k1p1/2p2p1p/4p2P/3pK1P1/1r1N4/8 w - -,d8g8 e6f6 g8f8 f6e7 f8a8 b2c2 a8a7 e7e6 a7g7 e6e5,-460
5rk1/3pqpbp/r5p1/pn6/RPNpP2P/5N2/2Q2PP1/5RK1 w - -,a4a5 a6a5 b4a5 b5a3 c4a3 e7a3 f1d1 a3a5 f3d4 f8e8,4
rnbqk1nr/pp2bpp1/2p1p2p/8/2BP4/2N1BN2/PPP3PP/R2QK2R w KQkq -,f3e5 g8f6 d1f3 b8d7 e1a1 d8c7 e3f4 e7d6 h1e1 d7b6,75
r3k2r/p2b4/q1nbp2p/3p1pp1/2pP3N/2P1P1P1/P1QNB1PP/4RRK1 w kq -,h4g6 h8g8 e3e4 e8a8 e4d5 e6d5 f1f5 g8g6 f5d5 c6e7,84
8/3B4/8/B7/2K5/4k3/8/8 w - -,h4g6 h8g8 e3e4 e8a8 e4d5 e6d5 f1f5 g8g6 f5d5 c6e7,Mate
8/4rk1p/3n2p1/3K4/1P6/7P/6P1/8 w - -,d5d6 e7e2 g2g4 e2b2 d6c5 f7f6 h3h4 f6e5 b4b5 b2c2,-709
rn1qkb1r/pppbpppp/5n2/1P1p4/8/6PP/PBPPPPB1/RN1QK1NR w KQkq -,b2f6 e7f6 g2d5 c7c6 d5g2 f8e7 a2a4 e8h8 e2e3 a7a6,80
2kr2nr/ppp2ppp/2nq4/8/6b1/4PN2/PPP1BPPP/RN1QK2R w KQ -,d1d6 d8d6 b1d2 c6b4 e2d1 g8f6 a2a3 b4c6 d1e2 h8e8,156
2r4r/1pqkbpQ1/p3p2p/3bP2P/P3pP2/1NP1B3/6P1/R3R1K1 w - -,a1d1 c8f8 g7g4 d7c8 d1d5 h8g8 g4h3 c7c4 d5d4 c4b3,65
8/3B4/8/B7/4k3/2K5/8/8 w - -,a1b1 c8f8 g7g3 h8g8 g3f2 g8g4 c3c4 d5c6 b3d4 f8g8,Mate
r1r3k1/2q2ppp/1np1p3/p2pPb2/P2P4/RPQ2N1P/3N1PP1/4R1K1 w - -,b3b4 a5b4 c3b4 c6c5 d4c5 c7c5 b4c5 c8c5 f3d4 a8a4,-9
r1b1r1k1/ppp2pbp/3p2p1/2nP2q1/2P1P3/2N5/PPQ1BPPP/2KR2NR w - -,c2d2 g5d2 c1d2 g7c3 b2c3 c5e4 d2e1 e4c3 d1d3 c3a2,-305
5k2/bP6/6p1/2pK3p/2Bp3P/6P1/5P2/8 w - -,f2f4 f8e8 d5d6 e8f8 c4d3 f8g7 d6c6 g7f8 c6b5 f8f7,689
8/6kp/P1pB4/3b1p1P/3p3K/8/8/8 w - -,f2f4 f8e8 d5d6 e8f8 c4d3 f8g7 d6c6 g7f8 c6b5 f8f7,Mate
r2qk2r/p1p1nppp/1pnbp3/1B1p1b2/3P1B2/1QP1PN2/PP3PPP/RN2K2R w KQkq -,b3a4 d8d7 f4d6 c7d6 f3h4 f5b1 a1b1 a7a6 b5e2 g7g6,21
r1bqkb1r/ppp2ppp/5n2/3P4/1n3P2/2NQB3/PPP3PP/R3KBNR w KQkq -,d3e2 c8g4 g1f3 d8e7 e1a1 e8a8 e3a7 b4d5 e2c4 d5c3,57
3r4/p1p1bk1p/np6/5N2/4n3/6P1/PPP2PBP/R1B3K1 w - -,g2e4 e7c5 f5e3 f7g8 c2c3 c5e7 e4f3 a6c5 e3f5 e7f6,617
1k1r4/pp3p1p/n1p2P2/8/Pq4Q1/2p3P1/1b3PKP/3BN2R w - -,g4f3 b4c4 h2h4 a6b4 e1c2 d8d2 c2b4 c4b4 f3f5 a7a6,-221
1b1rr1k1/pb2qppp/1p2pn2/4N3/2P2B2/P7/1PB1QPPP/3RR1K1 w - -,f4d2 e7c7 d2c3 h7h6 d1d3 d8d3 e2d3 e8d8 d3g3 c7e7,22
8/bP2k3/6p1/2pK3p/2Bp1P1P/6P1/8/8 w - -,d5c6 d4d3 c4d3 e7f7 c6d6 f7f6 d6d7 f6f7 d7c6 f7e7,790
2rq1rk1/p2nbpp1/bpp1pn1p/3p4/2PP4/1P3NP1/P1Q1PPBP/RNBR2K1 w - -,e2e3 c6c5 b1a3 e7d6 c2e2 f6e4 c1b2 c5d4 f3d4 d6a3,-43
1r4k1/5pp1/Q3pn1p/2P1qb2/3p1B2/6P1/3NnPBP/5RK1 w - -,a6e2 e5e2 f4b8 e2d2 c5c6 f6d5 h2h3 d2c2 b8e5 d4d3,-523
rn1qkb1r/ppp1pppp/5n2/1b1p4/6P1/7P/PBPPPPB1/RN1QK1NR w KQkq -,g4g5 f6d7 g2d5 b5c6 d5c6 b8c6 e2e3 e7e5 d1g4 h7h5,-80
3R4/8/4k1p1/2p2p1p/2N1p2P/3pK1P1/4r3/8 w - -,e3f4 e2c2 c4b6 c2f2 f4g5 f2f3 g5g6 f3g3 g6h5 e6e5,-500
r3r3/1pqb1kpQ/2p4p/p3P1b1/3P4/2N5/PP2N1PP/3R2BK w - -,d1f1 f7e7 h7g7 e7d8 f1f7 a8a7 c3e4 b7b6 e4d6 g5e7,613
r6r/p2bk3/q1nbp2p/3p1ppB/2pP3N/2P1P1P1/P1QN2PP/4RRK1 w - -,h4g6 e7f6 e3e4 a6b6 g3g4 c6b4 c3b4 f6g7 e4f5 b6d4,477
r2r2k1/1q3pp1/4p1p1/2bn4/pP3P2/P4BP1/1Q5P/2RR2K1 w - -,d1d4 c5d4 b2d4 a8c8 c1c8 b7c8 d4d2 c8c7 g1g2 d5f4,-512
1r4k1/5pp1/Q3pn1p/2P1qb2/3p1n2/6P1/3N1PBP/5R1K w - -,a6d6 e5d6 c5d6 f4g2 h1g2 e6e5 f1c1 d4d3 f2f3 f5d7,-586
8/8/8/5K2/8/3k4/3p4/8 w - -,a6d6 e5d6 c5d6 f4g2 h1g2 e6e5 f1c1 d4d3 f2f3 f5d7,Mate
5r2/2k5/R7/3p4/3P1P2/3KP1n1/1P6/8 w - -,b2b3 f8e8 a6a5 c7c6 a5a6 c6b5 a6f6 g3e4 f6h6 b5b4,-35
2k5/8/1Q6/8/8/8/2K5/8 w - -,b2b3 f8e8 a6a5 c7c6 a5a6 c6b5 a6f6 g3e4 f6h6 b5b4,Mate
2rqr1k1/pp2p3/3nPpBB/3P4/8/3b1P2/P5PP/4Q2K w - -,g6f7 d6f7 e1g3 f7g5 h6g5 d3g6 g5e3 g8g7 g3f4 e8h8,-961
5rk1/4Rpb1/1p4p1/1P1B3p/2P4P/3p2P1/5P2/5K2 w - -,,0
r3k2r/1ppb1p2/p2p2n1/3Pp2n/PPB1P2q/2P1R3/5PPN/RN1Q2K1 w kq -,b1d2 h5f6 d2f3 h4h6 g1f1 g6f4 c4e2 h8g8 g2g3 h6h3,-432
rnbqk2r/ppppnppp/8/8/3PPB2/2b2N2/PPP3PP/R2QKB1R w KQkq -,f3d2 c3b2 a1b1 b2d4 f1c4 e7g6 f4g3 d7d6 h1f1 d4f6,-480
r4rk1/4qppp/1np1p3/p2pPb2/P2P4/RPQ2N1P/3N1PP1/4R1K1 w - -,a3a1 f8c8 a1c1 b6d7 g2g4 f5g6 c3e3 c6c5 c1c3 c5d4,-7
8/6k1/1pp2Rp1/p1n3Np/7P/6P1/PP1r1PK1/8 w - -,,0
r2r2k1/1p3pp1/p3p2p/1bq5/2P2P2/P6P/3QB1PK/R4R2 w - -,d2c3 d8d4 a1c1 b5c6 c3e3 a8d8 f1d1 g7g6 d1d3 c6e4,-250
1r1r2k1/pBq2pbp/4b1p1/2B1p3/8/5Q2/PPP2PPP/R4RK1 w - -,b7c6 b8c8 f1d1 d8d1 a1d1 h7h5 d1d6 g7f8 d6e6 f7e6,-338
r1bq1rk1/pp1n1pp1/7p/3pp3/1bPNn3/2N1P2P/PPQ2PPB/R3KB1R w KQ -,c4d5 e4c3 b2c3 e5d4 c3b4 d4e3 f2e3 f8e8 e1a1 d7b6,-94
r2kr3/1pqb2Q1/2p4p/p3P1b1/3P4/2N5/PP2N1PP/5RBK w - -,f1f7 b7b6 c3e4 a8a7 e4d6 g5e7 d6e8 d7e8 g7g8 c7d7,650
r1b2rk1/pp1n2pp/1q2p3/3p4/3N4/2P1Q3/P3B1PP/R4RK1 w - -,a1b1 f8f1 e2f1 b6d6 e3e6 d6e6 d4e6 d7f6 e6c7 a8b8,-42
r4rk1/5ppp/1np1p3/p1qpPb2/P2P4/RP3N1P/3N1PP1/4R1K1 w - -,d4c5 b6d7 g2g4 f5g6 f3d4 f8c8 f2f4 a8b8 f4f5 e6f5,-99
1r4k1/5pp1/Q3pn1p/2q2b2/3p1P2/8/3N1PBP/5R1K w - -,h1g1 f6h5 a6c6 c5c6 g2c6 h5f4 f1a1 b8b2 d2c4 b2c2,-528
5rk1/4Rp2/1p4p1/1P1B3p/2P4P/2bp2P1/5P2/4K3 w - -,e1d1 g8h8 e7e3 c3d4 e3f3 f7f5 d1d2 d4c5 d2d3 f8d8,6
3R4/8/4k1p1/2p2p1p/2N1pK1P/6P1/3pr3/8 w - -,,0
r1b2rk1/ppp1b1pp/2n1p3/3p1p1q/2PPn3/1P3NP1/PBQNPPBP/4RRK1 w - -,a2a3 a7a5 d2b1 f5f4 b1c3 e4c3 c2c3 h5g6 e1d1 f4g3,78
8/7p/2pB3k/P2p1p1P/8/8/5P2/1b5K w - -,a5a6 b1e4 f2f3 e4f3 h1h2 c6c5 h2g3 f3e4 g3h4 h6g7,522
r4rk1/3n1ppp/2p1p3/p1PpPb2/P7/RP3N1P/3N1PP1/4R1K1 w - -,f3d4 f8c8 g2g4 f5g6 f2f4 a8b8 f4f5 e6f5 g4f5 g6h5,-101
r2qkbnr/pp2pppp/6b1/3p4/1n1N4/2N3P1/PPP1PP1P/R1BQKB1R w KQkq -,e2e4 e7e5 f1b5 e8e7 d4f5 g6f5 e4f5 a7a6 b5a4 d5d4,178
2r1r1k1/ppq1p3/3nPpBB/3P4/8/5P2/P5PP/4Qb1K w - -,e2e3 e7e5 f1b5 e8e7 e1h1 a7a6 b5a4 b7b5 a4b3 e5d4,Mate
r1bqk1nr/pppp1pp1/2n4p/4p3/4P3/1Bb2N2/PPPP1PPP/R1BQK2R w KQkq -,b2c3 d8f6 d2d4 d7d6 d4d5 c6b8 d1e2 f6g6 f3h4 g6f6,17
r1b1r1k1/ppp2p1p/3p2p1/3P2q1/2P1n3/2Q5/PP2BPPP/1K1R2NR w - -,c3d4 c8f5 b1a1 g5g2 g1f3 g2f2 d1e1 f2d4 f3d4 f5d7,-395
r1r3k1/3n1ppp/2p1p3/p1PpPb2/P2N4/RP5P/3N1PP1/4R1K1 w - -,g2g4 f5g6 f2f4 d7c5 f4f5 e6f5 g4f5 g6h5 a3a1 c5d3,-128
r1bqk2r/pppp1pp1/2n2n1p/4p3/4P3/1BP2N2/PPP2PPP/R1BQK2R w KQkq -,c1e3 e8h8 d1d3 d7d6 h2h3 c6a5 g2g4 a5b3 a2b3 f6h7,7
5r2/2k5/R7/3p4/1P1PnP2/3KP3/8/8 w - -,b4b5 f8b8 d3e2 b8b5 e2f3 e4d6 a6a7 c7c6 a7e7 b5b3,-31
r6r/p2b4/q1nbpkNp/3p1ppB/2pP4/2P1P1P1/P1QN2PP/4RRK1 w - -,e3e4 a6b6 g3g4 c6d4 c3d4 f6g7 g1h1 h8f8 g4f5 e6f5,503
8/7p/P1pB3k/3p1p1P/8/5b2/8/7K w - -,h1h2 c6c5 h2g3 f3e4 g3h4 h6g7 d6e5 g7f7 e5d4 c5d4,439
6k1/p4pp1/7p/1p6/1PpPr3/7P/P1K2PPR/5B2 w - -,g2g3 g8f8 h2h1 e4e1 f1g2 e1e2 c2c3 e2a2 h1e1 a2a3,351
r2q1rk1/2p1bpp1/p1np3p/4pPn1/1p4P1/2PP1N1P/PPB2P2/R1BQK2R w KQ -,h3h4 g5f3 d1f3 d6d5 g4g5 d8d6 e1f1 a8e8 f3h5 g7g6,192
3R4/4k3/6p1/2p2p1p/4pK1P/6P1/3Nr3/8 w - -,,0
8/6k1/1pR3p1/p1n3Np/7P/6P1/Pr3PK1/8 w - -,,0
2r1r2k/ppq1p3/3nPpBB/3P4/8/5PQ1/P5PP/5b1K w - -,a2a3 a5a4 g2f3 b2b3 f3e2 b3a3 c6b6 a3c3 b6c6 c5e4,Mate
5r2/4Rpk1/1p4p1/1P1B3p/2P4P/2bp2P1/5P2/3K4 w - -,,0
rn2kbnr/pp3ppp/4b3/4N3/2p1P3/8/PP1B1PPP/RN2KB1R w KQkq -,f1c4 f8d6 d2c3 g8f6 c4e6 f7e6 b1d2 d6e5 c3e5 b8c6,175
r2q1bnr/ppp2kpp/2np4/3Pp3/4P3/5b2/PPP2PPP/RNBQK2R w KQ -,d1f3 d8f6 d5c6 f6f3 g2f3 b7c6 f3f4 e5f4 c1f4 g8f6,-17
8/8/4k1p1/2pR1p1p/4pK1P/6P1/3Nr3/8 w - -,,0
r2q1rk1/1ppbbppp/p2p4/4n3/3NPB1P/2NP4/PPP1Q3/2KR3R w - -,d1g1 g8h8 c3d5 c7c6 d5e3 g7g6 h4h5 g6g5 f4g3 c6c5,61
r2r2k1/1p3pp1/p3p2p/1b6/1qP2P2/P6P/4B1PK/R4R2 w - -,f1e1 b4b2 c4b5 a6b5 a1c1 b2a3 e2f3 a8b8 c1a1 a3e7,-644
r1b2rk1/ppp1b1pp/2n1p3/3pN2q/2PP1p2/1P4P1/PB1QPPBP/4RRK1 w - -,e5d3 e7d6 c4c5 f4g3 f2g3 f8f1 e1f1 d6e7 e2e4 d5e4,184
5r2/5pk1/1p4p1/1P1B3p/2Pb3P/3pR1P1/5P2/3K4 w - -,e3e7 d4f2 e7b7 f2g3 d1d2 g3h4 b7b6 h4f2 b6d6 g6g5,-21
8/PK1k4/2R3p1/5p1p/5P1P/8/8/r7 w - -,e3e7 d4f2 e7b7 f2g3 d1d2 g3h4 b7b6 h4f2 b6d6 g6g5,Mate
r1b3k1/pp4pp/4Nn2/3p4/8/2P5/P3B1PP/5RK1 w - -,e6d4 c8d7 c3c4 d5c4 e2c4 g8f8 d4e6 d7e6 c4e6 a8e8,-84
r2qk2r/pp3ppp/2nbbn2/4p3/2NpP3/3P1NP1/PP3PBP/R1BQ1RK1 w kq -,d1b3 e8h8 b3b7 c6a5 c4a5 d8a5 c1d2 a5a4 f1c1 a8c8,3
rnbqk2r/pp2bppp/5n2/3p4/2pP4/1B3N2/PPP1QPPP/RNB1K2R w KQkq -,b3a4 c8d7 a4d7 b8d7 e1h1 e8h8 a2a4 f8e8 e2d1 e7d6,-49
8/8/3k2p1/2p1Rp1p/4pK1P/6P1/3Nr3/8 w - -,d2c4 d6c6 f4g5 e2c2 c4e3 c2e2 e3d5 c6d6 g5f6 e2d2,13
1r1r2k1/p1q3bp/2B1b1p1/2B1pp2/8/5Q2/PPP2PPP/R4RK1 w - -,c5a3 e5e4 c6e4 f5e4 f3e4 d8e8 e4a4 e6d7 a4h4 g7b2,-302
r2q1rk1/2p3pp/p1n1bp2/1pbpP3/8/2P2N2/PPBNQnPP/R1B2RK1 w - -,d2b3 c5a7 f1f2 a7f2 e2f2 f6e5 f2g3 e6f5 c2d1 d8d6,106
1r4k1/5pp1/Q3p2p/2qn1b2/3p1P2/5N2/5PBP/5R1K w - -,f3h4 d5f4 h4f5 e6f5 g2f3 d4d3 a6a4 c5e5 a4a1 e5a1,-564
5r2/6k1/1p3p2/1P1B2pp/2Pb3P/3p1RP1/3K1P2/8 w - -,f3f5 g5h4 g3h4 d4c5 d5e4 f8e8 d2d3 e8e5 f2f4 e5f5,18
r4r1k/p1pb3p/3p1n2/3P1p2/3BP3/2P2P2/P6P/2KR2R1 w - -,,0
rnbqk1nr/p1p3pp/4pp2/1p6/2pP4/2P2N2/P2BPPPP/R2QKB1R w KQkq -,a2a4 c7c6 g2g3 g8e7 f1g2 a7a6 e1h1 e8h8 f1e1 a8a7,32
8/1b6/1Pn2k2/P2ppp2/3p1R1P/1B4P1/7K/8 w - -,a5a6 b7a6 f4f2 e5e4 h2g2 c6b4 g3g4 a6c8 b3d1 b4a6,234
r3kb1r/pp1bpppp/2n5/q2p3P/2pP1BnN/2N1P3/PPP1BP2/R1Q1K2R w KQkq -,e1f1 g4f6 h5h6 g7h6 a2a3 a8c8 a1b1 h8g8 c1d2 a5d8,-100
4rr1k/ppp2pp1/2bp1n1p/5P2/3qPR2/3B2N1/PPPQ2PP/5R1K w - -,c2c3 d4e5 f4h4 h8h7 a2a3 a7a5 f1f4 d6d5 e4d5 c6d5,-92
8/6k1/1pR3p1/p5Np/7P/3n2P1/PP1r1PK1/8 w - -,,0
r4rk1/2q1b1p1/3p3p/pPpPpb2/P7/2B1QN1P/5PP1/2R1R1K1 w - -,c3a1 e7d8 e3b3 c7f7 a1e5 d6e5 f3e5 f7f6 d5d6 f5e6,-34
r3k2r/1ppb1p2/p2p1nn1/3Pp3/PPB1P2q/2P1R3/3N1PPN/R2Q2K1 w kq -,d2f3 h4h6 g1f1 g6f4 c4e2 h8g8 g2g3 h6h3 f1e1 f4g2,-432
rnbqk1nr/ppp2pp1/3b4/3p4/5N2/6P1/PPPPP2P/RNBQKB1R w KQkq -,c2c3 c7c6 d2d4 g7g5 f4d3 d6g3 d3f2 g3f2 e1f2 c8f5,-135
1r1r2k1/p1q3bp/2B1b1p1/5p2/4p3/B4Q2/PPP2PPP/R4RK1 w - -,c6e4 f5e4 f3e4 d8e8 e4a4 e6d7 a4h4 g7b2 a3b2 b8b2,-318
r1bqk2r/pppp1ppp/2n2n2/2bN4/3pP3/1P3N2/PBP2PPP/R2QKB1R w KQkq -,f1c4 e8h8 a2a3 d7d6 b3b4 c5b6 d5b6 a7b6 f3d4 f6e4,-32
r1b1r1k1/ppp2p1p/3p2p1/3P4/2P1n3/8/PP2BPqP/1K1RQ1NR w - -,g1f3 g2f2 h1f1 f2e1 d1e1 c8f5 b1c1 e4c5 c1d2 a7a5,-409
rn1qk1nr/pp3ppp/4p3/2bp4/5B2/5P1P/PPP1PP2/RN1QKB1R w KQkq -,h3h4 d8b6 e2e3 b6b2 b1d2 b8c6 a1b1 b2a2 b1a1 a2b2,-86
r4rk1/1bq1ppbp/3p1np1/p1nP4/P1p1P3/2P1BP1N/3QBNPP/R4RK1 w - -,d2a2 b7d5 e3c5 c7c5 e4d5 f6d5 a2c4 c5c4 e2c4 d5e3,-101
r2r2k1/1p3pp1/p1b1p2p/8/1PP2P2/7P/4B1PK/R4R2 w - -,a1a2 c6e4 h2g1 a8c8 a2b2 d8d4 h3h4 c8d8 f1a1 g7g6,-162
8/3k4/8/8/8/8/2K5/1Q6 w - -,a1a2 c6e4 h2g1 a8c8 a2b2 d8d4 h3h4 c8d8 f1a1 g7g6,Mate
2n2rk1/1n3pp1/1P2pb1B/3p4/q2P2Q1/2P4P/5PP1/1R3RK1 w - -,,0
r2q1b1r/2p1kppp/p1Q1pn2/8/Pp1P4/1B3N2/1P3PPP/R1B3K1 w - -,f3e5 a8c8 c6a6 c7c6 e5c6 c8c6 a6c6 d8d7 c6f3 f6d5,451
2kr2nr/ppp2ppp/2nB4/8/6b1/4PN2/PqP1BPPP/RN1QK2R w KQ -,f3d2 g4e2 d1e2 b2a1 d6g3 a1a2 e1h1 a2c2 e2g4 f7f5,-314
4r3/pp3kp1/3q1n1p/2pP4/8/2Q5/PP3PPP/3R1K1R w - -,g2g3 b7b5 f1g2 b5b4 c3f3 e8e4 h1e1 e4e1 d1e1 c5c4,377
7r/p2b4/q1nbpk1p/3p1ppB/2pP4/2P1P1P1/P1QN2PP/4RRK1 w - -,e3e4 h8f8 g3g4 f6g7 g4f5 e6f5 e4e5 d6c7 e5e6 c6d4,391
8/1b6/1Pn2k2/P2p1p2/3p1pPP/1B6/7K/8 w - -,g4g5 f6g6 b3a4 c6a5 h2g2 d4d3 g2f3 a5c4 f3f4 c4b6,-430
r4bk1/p5p1/b1p1p3/3p1r2/8/P2qB1Q1/1P1K2PP/R2NR3 w - -,d2c1 d5d4 e3f2 d3c4 c1b1 f5c5 d1c3 d4c3 f2c5 c3b2,-521
4rr1k/ppp2pp1/2bp1n1p/4qP2/4PR2/2PB2N1/PP1Q2PP/5R1K w - -,c3c4 h8g8 b2b4 b7b6 d2c1 e8e7 f4h4 e5d4 f1f3 f8e8,-89
rn2kb1r/ppp2ppp/3qpn2/5b2/2P5/2N2N2/PP1PBPPP/R1BQK2R w KQkq -,d2d4 f8e7 c3b5 d6d8 c1f4 b8a6 a2a3 e8h8 e1h1 c7c6,76
1r4k1/5pp1/4p2p/2qn1b2/Q4P2/3p1N2/5PBP/5R1K w - -,a4d4 c5d4 f3d4 d5f4 g2f3 b8d8 d4b3 g8h7 f1a1 d8b8,-569
r2q1rk1/2p1bpp1/p1np3p/4pP2/1p4PP/2PP1n2/PPB2P2/R1BQK2R w KQ -,e1f1 f3h4 d3d4 d6d5 d4e5 c6e5 f2f4 e5f3 d1d3 f8e8,-325
1r1r2k1/p1q3bp/4b1p1/8/4p3/B4Q2/PPP2PPP/R4RK1 w - -,f3e4 d8e8 e4a4 e6d7 a4h4 g7b2 a3b2 b8b2 a1c1 b2c2,-316
r1b2rk1/ppp1b2p/2n1p3/3pNppq/2PPn3/1P2P1P1/PBQN1PBP/R4RK1 w - -,c4d5 c6b4 c2c1 e4d2 c1d2 b4d5 a1e1 e7b4 d2c1 b4d6,175
5r1k/ppp1rpp1/2bp1n1p/4qP2/2P1PR2/3B2N1/PP1Q2PP/5R1K w - -,f4h4 f8g8 b2b3 h8h7 f1f3 a7a6 a2a4 e5a1 f3f1 a1a3,-76
rn1qkb1r/pp2pppp/2p5/3pPb2/4n3/7N/PPPPQPPP/RNB1KB1R w KQkq -,g2g4 f5c8 d2d4 h7h5 g4g5 f7f6 g5g6 c8f5 f2f3 e4g5,74
r1bqkbnr/pp2pppp/8/3p4/1n1N4/2N3P1/PPP1PP1P/R1BQKB1R w KQkq -,c1f4 a7a6 f1g2 e7e6 a2a3 b4c6 e2e4 g8f6 e1h1 f8e7,132
r2qrn2/1b2bkp1/p3p2B/1p5n/2pP3P/P1N1P2R/1PQ2PP1/1B1RK3 w - -,d4d5 d8b6 h6g7 h5g7 h4h5 e6d5 h5h6 e7f6 h6g7 f6g7,-98
r1b2rk1/1p1nqppp/p1n1p3/2ppP3/3P1P2/2NB1N2/PPPQ2PP/R3K2R w KQ -,e1h1 f7f6 e5f6 e7f6 a1e1 c5d4 c3e2 d7c5 f3g5 g7g6,22
4r3/p4kp1/1p1q1n1p/2pP4/8/1Q6/PP3PPP/3R1K1R w - -,g2g3 e8e4 f1g2 c5c4 b3f3 g7g5 h1e1 e4e1 d1e1 d6d5,414
2k3nr/ppp2ppp/2nr4/8/6b1/4PN2/PqPNBPPP/R2QK2R w KQ -,a1c1 g4f3 e2f3 g8f6 e1h1 h8d8 d2c4 d6d1 c4b2 d1c1,-84
r3r1k1/pp2qpp1/2p2n2/8/3Pp3/2N1P2b/PPQN1P1P/1RR3K1 w - -,c2b3 a8d8 c3e2 f6g4 c1c5 e7f6 e2f4 f6h4 f4h3 h4h3,-242
4rrk1/1pqn1pn1/p2b2p1/3pN3/3P4/2PB4/PP1BQ2P/4RRK1 w - -,d2f4 g7h5 f4h6 d7e5 h6f8 e5d3 e2e8 d6f8 e1e3 d3f4,-107
r1bq1rk1/pp3pp1/7p/2npp3/1bP1n3/2N1P2P/PPQ1NPPB/R3KB1R w KQ -,e2g3 e4c3 b2c3 b4a5 e1a1 c8e6 f1e2 a8c8 d1d5 e6d5,-221
r2q1rk1/2p2pp1/p1np3p/4pP2/1p4Pb/2PP1Q2/PPB2P2/R1B1K2R w KQ -,f3c6 b4c3 b2c3 a8b8 c2b3 h4g5 c6f3 g5c1 a1c1 d8g5,346
r1b1k1nr/1pp1qppp/p1np4/2b1p3/2B1P3/1QPP1N2/PP3PPP/RNB1K2R w KQkq -,,0
r4rk1/1q4p1/3p3p/pPpP1b2/P3p3/7P/3Q1PPN/2R1R1K1 w - -,c1c3 a8e8 h2f1 e8e5 c3g3 e5d5 d2h6 b7e7 f1e3 d5d4,107
r1bq1rk1/pp1nppbp/6p1/2p1P3/2P3n1/2N2N2/PP2BPPP/R1BQ1RK1 w - -,d1e1 g4e5 f3e5 d7e5 c1e3 b7b6 a1d1 d8e8 f2f4 e5g4,-82
2kr3r/ppqn1pp1/2pbpn1p/4N2P/3P1P2/3Q2N1/PPPB2P1/2KR3R w - -,e5f7 d6f4 d2f4 c7f4 c1b1 d7b6 f7h8 d8h8 d1e1 f4g4,351
1r2r1k1/p1q3bp/4b1p1/8/4Q3/B7/PPP2PPP/R4RK1 w - -,e4a4 e6d7 a4h4 g7b2 a3b2 b8b2 c2c3 b2e2 h2h3 e2e4,-319
7r/p2bn3/q2bpk1p/3p1ppB/2pP2P1/2P1P3/P1QN2PP/4RRK1 w - -,e3e4 d7a4 c2c1 f6g7 g4f5 e6f5 e4f5 e7g8 f5f6 g8f6,468
5Qbk/4N1qp/p2p4/4p3/1p2P3/2bP1B1P/5P1K/8 w - -,e7g6 g7g6 d3d4 c3d4 f3e2 g6f7 f8f7 g8f7 e2a6 d4f2,-854
r1b1k1nr/1pp1qppp/p2p4/n1b1p3/2B1P3/1QPP1N2/PP3PPP/RNB2RK1 w kq -,c4f7 e7f7 b3f7 e8f7 b2b4 c5b6 b4a5 b6a5 c1d2 c8g4,11
8/6k1/1pR3p1/p6p/4N2P/3n2P1/Pr3PK1/8 w - -,,0
r1bq1rk1/pp1np1bp/4p1p1/2p5/2P3n1/2N2N2/PP2BPPP/R1BQ1RK1 w - -,f3g5 g4f2 f1f2 f8f2 g1f2 g7d4 c1e3 d8b6 d1d2 d7f6,312
r1bq1rk1/ppppnppp/3b1n2/3Pp3/2B1P3/5N2/PPP2PPP/RNBQK2R w KQ -,d1d3 d6b4 c1d2 b4d2 f3d2 d7d6 b1c3 c7c6 a2a4 e7g6,-16
1r4k1/5pp1/3qp2p/3nNb2/Q4P2/3p4/5PBP/5R1K w - -,a4a7 g8h7 f1g1 d5f4 e5f7 d6b6 a7b6 b8b6 h2h4 b6b2,-521
r1b2rk1/ppqn1ppp/8/3pP3/3N4/2P1Q3/P3B1PP/1R3RK1 w - -,f1f5 d7c5 f5h5 c8e6 e2d3 g7g6 b1f1 f7f6 e5f6 g6h5,-50
8/6k1/1p1R2p1/p1n4p/4N2P/6P1/Pr3PK1/8 w - -,,0
r3k2r/ppqn1pp1/3bpn1p/2p1N2P/3P1P2/3Q2N1/PPPB2P1/2KR3R w kq -,e5d7 c7d7 g3e4 d6e7 d2c3 e8a8 d4c5 d7d3 c2d3 h8g8,49
K7/2R5/6p1/5p1p/4kP1P/8/8/8 w - -,c1b1 a8d8 g3e4 f6e4 d3e4 d7f6 e4e2 c5d4 g2g4 d6e5,Mate
1r2r1k1/p1q3bp/6p1/8/2b5/B2Q4/PPP2PPP/R4RK1 w - -,a3d6 c7c6 d3g3 b8b6 d6a3 c4f1 a1f1 b6b7 h2h3 c6c4,-470
5rk1/p1p3pp/2p1p1n1/4P1q1/2P5/3P1Q2/PP3PPP/R3R1K1 w - -,f3c6 g5f5 g1h1 h7h6 d3d4 h6h5 c6e4 f5g5 e4e3 g5f5,440
4r3/5kp1/1pQ2n1p/p1pPq3/8/8/PP3PPP/3R1K1R w - -,c6e8 e5e8 h2h3 e8a4 b2b3 a4f4 f1g1 f6e4 f2f3 e4c3,-458
7Q/8/3K2k1/8/4Nn2/8/2B5/5R2 w - -,c6e8 e5e8 h2h3 e8a4 b2b3 a4f4 f1g1 f6e4 f2f3 e4c3,Mate
r2qkb1r/ppp2ppp/4pn2/5b2/2QnN3/2N5/PPPP1PPP/R1B1KB1R w KQkq -,c4d3 f8c5 e1d1 c5b6 f2f3 f6d5 d3c4 e8h8 d2d3 f5g6,-275
5r2/8/3k4/R2p4/1P1PnP2/3KP3/8/8 w - -,a5a7 f8h8 a7a6 d6d7 d3e2 h8g8 e2f3 g8g3 f3e2 g3g1,-25
7r/p2bn3/q2bpk1p/5ppB/2pPp1P1/2P5/P1QN2PP/4RRK1 w - -,d2e4 f6g7 g4f5 e6f5 c2e2 e7d5 e4d6 a6d6 e2e5 d6e5,493
rn2k1nr/pp3ppp/1q2p3/2bp4/5B2/5P1P/PPPNPP2/R2QKB1R w KQkq -,d1b1 c5f2 e1d1 b8c6 a2a4 g8e7 a1a3 e6e5 a3b3 b6c7,-343
r2q1rk1/1pp2ppp/p1bp4/4n3/3NPB1b/2NP4/PPP1Q3/2KR3R w - -,e2h5 e5g6 f4d2 f8e8 d4f5 e8e5 d3d4 e5e4 c3e4 c6e4,335
r1b2rk1/ppp1b2p/2n1p3/4Nppq/2PPp3/1P2P1P1/PBQ2PBP/R4RK1 w - -,e5c6 b7c6 f2f3 e4f3 g2f3 h5e8 e3e4 f5f4 e4e5 c8d7,143
6k1/R7/3N4/p4pp1/5n2/5P2/r7/7K w - -,h1g1 f4h3 g1h1 g5g4 d6f5 g4f3 f5h6 g8f8 a7f7 f8e8,-34
4r3/5kp1/1pQ2n1p/p1pP4/8/6P1/PP2qP1P/3R1K1R w - -,f1g1 e2d1 g1g2 d1d5 c6d5 f6d5 h1d1 d5f6 h2h3 e8e2,-489
r1b2rk1/ppq2ppp/4Pn2/3p4/3N4/2P1Q3/P3B1PP/1R3RK1 w - -,d4b5 c7e7 e6f7 f8f7 e3e7 f7e7 e2f3 c8g4 f3g4 f6g4,-58
r1bqk2r/1p2npbp/p3p1p1/3p4/P1BpPP2/3P4/1PP1N1PP/R1BQK2R w KQkq -,c4a2 d5e4 d3e4 b7b5 d1d3 e7c6 c1d2 b5a4 a2c4 c8d7,-69
r1bqk2r/pp1p1p1p/3b2p1/2p1PQ1n/8/2N5/PPP2PPP/R1B1KB1R w KQkq -,f5e4 e8h8 c1e3 f8e8 f2f4 d6f8 e1a1 d7d6 f1b5 c8d7,190
8/7p/P2B3k/2pp1p1P/4b3/8/5P1K/8 w - -,f2f3 e4f3 h2g3 f3e4 g3h4 h6g7 d6e5 g7f7 e5d4 c5d4,558
2rq2k1/pbnprpp1/1p2p2p/8/1PP5/P2Q1NP1/4PPBP/2RR2K1 w - -,f3e5 d7d5 c4d5 e6d5 e5c6 b7c6 c1c6 e7e6 d1c1 e6c6,195
rn2kb1r/pp3ppp/2pqpn2/5b2/2P5/2N2N2/PP1PBPPP/R1BQ1RK1 w kq -,d2d4 h7h6 f3e5 b8d7 c1f4 d6b4 e5d3 b4b6 c4c5 b6d8,74
r2q1rk1/2p2pp1/p1np3p/4pPb1/1p4P1/2PP1N1P/PPB2P2/R2QK2R w KQ -,c2a4 c6a7 f3g5 d8g5 c3c4 g5f4 d1e2 c7c5 e2e3 g7g5,56
r1bq1rk1/pp1np2p/4p1p1/2p3N1/2Pb4/2N5/PP2BRPP/R1BQ2K1 w - -,g5f3 d4f2 g1f2 d7f6 d1d8 f8d8 f3e5 f6d7 e5d3 d7b8,338
K7/6R1/6p1/5p1p/5k1P/8/8/8 w - -,g5e6 d4f2 g1h1 d8b6 e6f8 d7f8 c3d5 b6d6 c1f4 e7e5,Mate
6k1/5pp1/1rNqp2p/3n1b2/Q4P2/3p4/5PBP/5R1K w - -,c6a7 b6b8 a7c6 b8c8 c6d4 d5f4 d4b5 d6d7 a4f4 d7b5,-594
rnb1kb1r/pp3ppp/4p3/q2pPn2/3P4/3B1N2/PP3PPP/RNBQK2R w KQkq -,b1c3 b8c6 c1e3 f5e3 f2e3 c8d7 e1h1 f8e7 a2a3 e8h8,80
r2qkb1r/pp1nnpp1/2p1p2p/3pPb2/3P4/4BN1P/PPP2PP1/RN1QKB1R w KQkq -,b1d2 f5h7 d2b3 e7f5 e3d2 a7a6 c2c4 d5c4 f1c4 a6a5,-12
8/6k1/1p1R2p1/2n3Np/p6P/6P1/Pr3PK1/8 w - -,g5e6 c5e6 d6e6 g7f7 e6c6 b6b5 a2a3 b2b3 c6b6 f7e7,-3
7r/8/3k4/RP1p4/3PnP2/3KP3/8/8 w - -,a5a1 h8h2 a1d1 h2b2 b5b6 e4f2 d3c3 f2d1 c3d3 d1f2,-9605
2r1r2k/pp5p/4Pp1B/3P1N2/2b5/5PP1/P5P1/1B5K w - -,g3g4 c4d5 e6e7 d5e6 h6g7 h8g8 g7f6 c8c1 h1h2 g8f7,-367
r2q1rk1/2p2pp1/p1np3p/4pP2/1p3bPP/2PP1N2/PPB2P2/R2QK2R w KQ -,d3d4 b4c3 b2c3 e5e4 f3g1 d6d5 g4g5 f7f6 g5g6 c6e7,-39
r1b3k1/ppq2rpp/5n2/3p4/3N4/2P1Q3/P3B1PP/1R3RK1 w - -,e2f3 c8g4 d4b5 c7b8 h2h3 g4f3 f1f3 b8e8 e3e8 f6e8,-97
8/7p/P2B3k/2pp1p1P/8/5b2/7K/8 w - -,h2g3 f3e4 g3h4 h6g7 d6e5 g7f7 e5d4 c5d4 a6a7 f5f4,621
r1r3k1/2qn1ppp/2p1p3/p2pPb2/P2P4/RPQ2N1P/3N1PP1/2R3K1 w - -,b3b4 c7b7 a3b3 h7h6 b4a5 b7a7 c3e3 f5g6 b3b2 a7a5,11
r1b2rk1/p1p1b2p/2p1p3/5ppq/2PPp3/1P2P1P1/PBQ2PBP/R4RK1 w - -,f2f3 e4f3 g2f3 h5e8 d4d5 c8d7 a1d1 a7a5 f3g2 a5a4,140
r1bqkb1r/pp2pp1p/2np1p2/8/4P3/2N2N2/PP3PPP/R2QKB1R w KQkq -,f1b5 a7a6 b5a4 b7b5 a4b3 e7e6 e1h1 d8b6 f1e1 f8e7,-59
r1bq1rk1/pppp1ppp/2nb1n2/4p3/2BPP3/5N2/PPP2PPP/RNBQK2R w KQ -,d4d5 c6e7 d1d3 d6b4 c1d2 b4d2 f3d2 d7d6 b1c3 c7c6,-26
5rk1/p1p3pp/2Q1p3/4P1q1/2P4n/3P4/PP3PPP/R3R1K1 w - -,e1e3 g5g6 a1f1 f8d8 e3h3 h4f5 c6c7 g6e8 c7a7 h7h5,481
1r4k1/1p3pp1/2b1p2p/2P1P2P/3B2P1/4P3/5R1K/8 w - -,f2a2 b8f8 d4c3 g7g6 h2g3 g6h5 g4h5 g8h8 g3h4 f8d8,-10
r3r1k1/2q2bp1/3p3p/pPpP4/P1N1pQ2/7P/5PP1/1R1R2K1 w - -,b5b6 c7d8 c4d6 e8f8 d6f7 f8f7 f4e4 d8d6 e4e6 d6e6,381
r1b2rkb/pp3q1p/1np3p1/2p1Pp1n/5P2/2N1P2P/PP1NB1PB/R2QR1K1 w - -,e2h5 g6h5 e3e4 h8g7 g1h1 f8d8 d1e2 g7f8 a2a4 a7a5,250
rn3rk1/pp1npp1p/3p2p1/q1P5/2P1P3/2b2QPP/PP3PB1/R1BR2K1 w - -,c5c6 b8c6 d1d5 c6e5 f3d1 a5c7 b2c3 f8c8 c1h6 a8b8,-102
4r1k1/p5bp/2qB2p1/8/2b5/6Q1/PrP2PPP/R4RK1 w - -,f1e1 b2c2 d6e5 e8f8 f2f3 f8f5 e5g7 g8g7 e1e7 c4f7,-350
r1bq1rk1/pp2p2p/4pnp1/2p5/2P5/2N2N2/PP2BKPP/R1BQ4 w - -,d1d8 f8d8 f3e5 f6d7 e5d3 a7a6 a2a4 b7b6 c1g5 c8b7,346
8/p3k1p1/4P2p/P2p3P/4N3/1rp5/6PK/8 w - -,d1d2 b7b6 d2d8 f8d8 a2a4 c8b7 a4a5 a8c8 f2g1 b7f3,Mate
8/6k1/1p1R2p1/2n3Np/p6P/Pr4P1/5PK1/8 w - -,g5e6 c5e6 d6e6 g7f7 e6c6 b6b5 c6b6 f7e7 g3g4 h5g4,-4
2rq2k1/pbnprpp1/1p2p3/6p1/1PP5/P2Q2P1/4PPBP/2RR2K1 w - -,d3e3 b7g2 g1g2 c7e8 h2h4 g5g4 h4h5 f7f5 h5h6 e7f7,-380
8/ppR1np2/4k1pp/4N3/3r4/1P4P1/P4P1P/6K1 w - -,c7b7 d4d1 g1g2 d1d5 e5c4 e7c6 b7c7 d5c5 f2f4 h6h5,176
r1br2k1/pp2p2p/4pnp1/2p5/2P5/2N2N2/PP2BKPP/R1B5 w - -,f3e5 f6d7 e5d3 b7b6 e2f3 d8f8 c1h6 c8a6 h6f8 a8f8,349
8/6k1/1pR3p1/6Np/p6P/Pr1n2P1/5PK1/8 w - -,,0
1r2r1k1/1p4b1/p3q1pp/4np2/2P2P2/1N6/PP2Q1PP/R3R1K1 w - -,a1b1 e6c4 f4e5 c4e2 e1e2 e8e5 e2e5 g7e5 b3a5 g8f7,-169
2rr2k1/q4pp1/4p1p1/2Rn4/pP3P2/P4BP1/5Q1P/3R2K1 w - -,c5c8 a7f2 g1f2 d8c8 f3d5 c8c2 f2e3 e6d5 d1d5 c2a2,269
r1b2rkb/pp3q1p/1np5/2p1Pp1p/5P2/2N1P2P/PP1N2PB/R2QR1K1 w - -,e3e4 h8g7 g1h1 g7h6 d2b3 c5c4 b3d4 f8d8 e4f5 c8f5,251
2kr3r/pp3p1p/2p2P2/q1n2b2/Pbp5/2N1PN2/1P2BPPP/R1Q1K2R w KQ -,e1h1 c5b3 c1e1 b3a1 e1a1 f5d3 e2d3 c4d3 c3a2 d3d2,-241
7r/p2bn1k1/q2bp2p/5ppB/2pPN1P1/2P5/P1Q3PP/4RRK1 w - -,g4f5 e6f5 c2e2 e7c8 e4c5 d6c5 d4c5 a6f6 e1d1 d7c6,539
r2qkbnr/pp2pppp/8/3p4/1n1N2b1/2N3P1/PPP1PP1P/R1BQKB1R w KQkq -,c1f4 g8f6 c3b5 a8c8 c2c3 a7a6 b5a7 c8a8 a2a3 b4a2,76
r1bq2k1/ppp2p1p/3p2p1/2nP4/2P1r3/2Q2N2/PP2BPPP/R3K2R w KQ -,b2b4 c5a4 c3c2 d8e7 e1h1 e4e2 c2a4 c8g4 f3d4 e2e4,-109
r1bqk2r/pp1nbppp/2p1p3/8/3Pn3/3B1N2/PPP2PPP/R1BQ1RK1 w kq -,d3e4 c6c5 c2c3 e8h8 e4c2 d7f6 d1d3 c5d4 f3d4 e6e5,53
6k1/p4bbp/6p1/1r6/3q4/B4PQ1/P1P3PP/4R2K w - -,a3d6 b5d5 d6f4 d4c3 h2h3 h7h6 f4e3 d5e5 e3f2 e5e1,-357
rnbqnrk1/ppp2p1p/3p2pb/3Pp3/2P1P1P1/2N1BP2/PP5P/R2QKBNR w KQ -,e3f2 f7f5 e4f5 g6f5 g1h3 b8a6 f1e2 a6c5 e1h1 e8f6,41
K7/8/6R1/5p1p/7P/4k3/8/8 w - -,e3f2 f7f5 e4f5 g6f5 g1h3 b8a6 f1e2 a6c5 e1h1 e8f6,Mate
r2q1b1r/2pnkppp/p1Q1p3/4N3/Pp1P4/1B6/1P3PPP/R1B3K1 w - -,e5f7 e7e8 f7d8 e8d8 c6a8 d8e7 c1g5 e7d6 a1c1 c7c5,1235
rnb1nrk1/ppp2p1p/3p2pq/3Pp3/2P1P1P1/2N2P2/PP2K2P/R2Q1BNR w - -,h2h4 b8d7 d1d2 h6d2 e2d2 f7f5 e4f5 g6f5 g4g5 c7c6,36
r1br2k1/p3p2p/1p2pnp1/2p1N3/2P5/2N5/PP2BKPP/R1B5 w - -,e2f3 f6d7 e5d7 c8d7 f3a8 d8a8 c1g5 g8f7 f2g1 d7c6,442
r1bqr1k1/2pnbpp1/1p1p3p/p2PpP2/1PP1P1P1/P1NQ1N1P/6B1/R4RK1 w - -,d3e3 a5b4 a3b4 c8a6 b4b5 a6b7 a1a8 b7a8 c3a2 a8b7,4
rn1qkb1r/pp2pp1p/2p2np1/3p1b2/3P4/3BP2P/PPPN1PP1/R1BQK1NR w KQkq -,g1e2 e7e6 e1h1 f8e7 e2c3 e8h8 f1e1 f5d3 c2d3 f6d7,21
rnb1nrk1/ppp4p/3p2pq/3Ppp2/2P1P1PP/2N2P2/PP2K3/R2Q1BNR w - -,e4f5 g6f5 g4g5 h6h5 e2d2 f5f4 g1h3 e8g7 f1d3 b8d7,25
8/2R3p1/3r1k1p/pP6/P3p3/7P/5PP1/6K1 w - -,c7a7 d6d1 g1h2 f6e6 a7a5 e6d5 b5b6 d5c6 a5b5 c6b7,447
3Q4/p4bbk/6p1/6rp/8/B4P1P/P1P2qP1/3R3K w - -,d8g5 f2c2 d1d7 c2b1 h1h2 b1a2 g5e7 h7g8 e7d8 g8h7,445
8/8/3k4/1P1p4/3PnP2/3KP2r/R7/8 w - -,a2b2 d6c7 b5b6 c7b7 b2b5 h3h5 b5b2 h5h8 b2b5 b7c6,-89
r2qkb1r/pp3ppp/2n1p3/2pp1b2/3Pn3/2P2NP1/PP1NPPBP/R1BQ1RK1 w kq -,c3c4 f8e7 c4d5 e6d5 d4c5 e4c5 d2b3 f5e4 c1e3 c5e6,29
3r1rk1/p2p1ppp/b3p3/n1p1P3/2P2B1P/P2B4/2PN1PP1/1R3RK1 w - -,h4h5 d8c8 f1e1 h7h6 f2f3 c8b8 e1d1 f8c8 g1f2 b8b1,559
r1r3k1/pp1bn1pp/4pp2/3p4/P7/2PQBN2/1q1NK1PP/R3R3 w - -,e3d4 e7f5 e1b1 f5d4 c3d4 b2c2 d3c2 c8c2 b1b7 d7c8,173
r4rk1/p1p1b2p/2Q5/3p2pq/3Pp3/1P2P1Pb/PB3PBP/R4RK1 w - -,c6d5 g8h8 g2h3 h5h3 a1c1 a8e8 c1c7 g5g4 d5d7 e7f6,503
6k1/5pp1/1r1qp1bp/3n4/Q2N1P2/3p4/5PBP/5R1K w - -,d4b5 d6f4 a4f4 d5f4 b5c3 b6b3 c3e4 b3b2 e4g3 d3d2,-620
r2qkb1r/pp1npp1p/2p2np1/3p1b2/3P1P2/3BP2P/PPPN2P1/R1BQK1NR w KQkq -,g1f3 e7e6 e1h1 a7a5 b2b3 f5d3 c2d3 f6h5 d1e1 f8d6,-3
8/7p/P2B3k/2pp1p1P/4b3/6K1/8/8 w - -,g3h4 h6g7 d6e5 g7f7 e5d4 c5d4 a6a7 f5f4 a7a8q d4d3,621
4rbk1/p4p1p/1p2q1p1/8/1PbPp3/P3P3/1B2Q1PP/1B3RK1 w - -,e2c2 c4f1 g1f1 e8c8 c2d1 f8h6 d4d5 e6f5 f1e2 h6g7,-404
r2r3k/5pp1/4p1p1/3R4/pP3P2/P4BP1/5q1P/3R2K1 w - -,g1f2 e6d5 d1d5 a8c8 f2e3 h8g8 e3d4 d8d5 f3d5 g8f8,Mate
r1r3k1/2qn1ppp/2p1p1b1/p2pP3/P2P3N/RPQ4P/3N1PP1/2R3K1 w - -,a3a2 c6c5 h4g6 h7g6 a2c2 a8b8 c3e3 b8b4 d2f3 c5c4,9
r2q1rk1/pp3pp1/7p/2nPpb2/1b2n3/2N1P2P/PPQ1NPPB/R3KB1R w KQ -,a2a3 e4g3 c2d1 c5d3 d1d3 f5d3 h2g3 b4d6 a1d1 d3a6,-354
r2qkbnr/pp1npppp/2p5/3p1b2/8/2NPP3/PPP2PPP/RNBQKB1R w KQkq -,e3e4 d5e4 d3e4 f5g6 c1e3 e7e6 f2f3 d8c7 b1d2 a8d8,31
2k2r1r/1pq1bpQ1/p1b1p2p/4P2P/P2NpP2/2P1B3/6P1/R3R1K1 w - -,d4c6 c7c6 e3d4 h8g8 g7h7 e4e3 a1a2 g8g4 e1e3 g4f4,-51
2r2r1k/1p3ppp/pq1pb3/3Bp1b1/P3P3/2P5/1PN2PPP/R2Q1RK1 w - -,a1b1 h7h6 f1e1 c8c5 c2b4 a6a5 b4d3 c5c7 d5e6 f7e6,8
r1bqk2r/pp2bppp/2p1pn2/8/3PB3/5N2/PPP2PPP/R1BQ1RK1 w kq -,e4d3 e8h8 f3e5 c6c5 d4c5 e7c5 f1e1 d8c7 c1g5 f6d5,48
r2qkb1r/pp1npp1p/2p3p1/3p1b2/3PnP2/3BPN1P/PPPN2P1/R1BQK2R w KQkq -,g2g4 e4d2 c1d2 f5d3 c2d3 h7h5 e1e2 e7e6 b2b4 d7f6,42
r1r3k1/2qn1pp1/2p1p1p1/p2pP3/P2P4/RPQ4P/3N1PP1/2R3K1 w - -,a3a2 c6c5 a2c2 a8b8 c3d3 b8b4 c2c3 c7b7 d2f3 c5c4,7
rn3rk1/pp2pp1p/3p2p1/q1n1P3/2P5/2b2QPP/PP3PB1/R1BR2K1 w - -,a2a3 c3e5 b2b4 a5a4 c1h6 e5a1 d1a1 b8d7 b4c5 d7c5,-238
r2q1rk1/2p2ppp/p1n1b3/1pbpP3/8/1BP2N2/PP1NQ1PP/R1B2n1K w - -,d2f1 f7f6 e5f6 d8f6 c1g5 f6g6 f1g3 a8e8 e2d2 g8h8,-326
4r1k1/p4p1p/1p4p1/8/1P1Pp3/Pq2b3/1B3QPP/1B3K2 w - -,b1c2 b3b2 f2e3 b2c2 b4b5 c2b1 f1f2 b1b5 f2g3 b5c4,-694
r2qk1nr/pp1n1ppb/2pbp2p/7P/2BP1P2/5NN1/PPP3P1/R1BQK2R w KQkq -,e1h1 g8f6 c2c3 e8h8 f3e5 d8c7 c1e3 c6c5 d1e2 a7a6,-60
4rr1k/ppp2p2/2bp1Ppp/6n1/3qPR2/3B2N1/PPPQ2PP/5R1K w - -,f4h4 d4f6 f1f6 h8g7 f6f1 f7f6 h4f4 h6h5 d2f2 g5h7,676
r2qkbnr/pp1n1ppp/4b3/4N3/Q3P3/8/PP1B1PPP/RN2KB1R w KQkq -,e5d7 e6d7 f1b5 g8e7 b5d7 d8d7 a4d7 e8d7 b1c3 e7c6,214
4Q3/5ppk/1r1qp1bp/3n4/3N1P2/3p4/5PBP/5R1K w - -,h1g1 d5f4 d4b5 d6e5 b5a3 b6b8 e8c6 e5g5 a3c4 d3d2,-703
r4r2/p1p3kp/5b2/6pq/3PQ3/1P2P1Pb/PB3PBP/R4RK1 w - -,g2h3 h5h3 a1c1 a8c8 c1c6 g7g8 e4d5 g8g7 f1c1 f8f7,529
r5k1/1p3pp1/2b1p2p/2P1P2P/3B2P1/4P3/5R1K/8 w - -,h2g3 a8a4 f2f1 a4c4 f1b1 c6d5 b1f1 c4c2 g3h4 c2e2,-32
r2qkb1r/2p2ppp/p3pn2/3b2B1/Pp1P4/1B3N2/1P3PPP/R2QR1K1 w kq -,f3e5 d5b3 d1b3 d8d5 b3d3 f8e7 a1c1 c7c5 d4c5 d5d3,29
r1b2rk1/4qpbp/p2p4/1p2p2Q/4Pp2/N1P3P1/PP3PBP/R3K2R w KQ -,,0
r1b1k2r/p2npp1p/2pp1npQ/q5N1/3PP3/1p3P2/PPP1N1PP/R3KB1R w KQkq -,e1f2 b3c2 a1c1 a5a4 h6g7 h8f8 g5h7 f6h7 g7h7 a8b8,-116
rn3rk1/pp2ppbp/3P2p1/q1n5/2P5/5QPP/PP3PB1/R1BR2K1 w - -,c1f4 b8c6 b2b4 a5b4 a1b1 b4a4 d6e7 f8e8 f4d6 c5e6,-116
3r4/pp2np2/4bkpp/4N3/2BP4/1P4P1/P4P1P/2R3K1 w - -,c4e6 f7e6 e5g4 f6g5 f2f3 g5f5 c1c5 e7d5 g4h6 f5f6,324
8/p2RQbbk/6p1/7p/8/B4P1P/6P1/q6K w - -,h1h2 g7e5 f3f4 e5f4 g2g3 a1a2 h2h1 a2b1 h1g2 b1c2,512
r1bq1b1r/pp1nk1pp/2n1p3/3pp2Q/3P1N2/P7/1P3PPP/R1B1KBNR w KQ -,d4e5 d7e5 f4g6 h7g6 h5h8 e7f7 c1d2 c6d4 g1h3 e5f3,-19
8/6kp/P2B4/2pp1p1P/4b2K/8/8/8 w - -,d6e5 g7f7 e5d4 c5d4 a6a7 d4d3 a7a8q e4f3 a8a7 f7f6,704
r1r3k1/pp1b2pp/4pp2/3p1n2/P2B4/2PQ1N2/1q1NK1PP/R3R3 w - -,e1b1 f5d4 c3d4 b2c2 d3c2 c8c2 b1b7 d7c8 b7b4 c8a6,181
4Q3/5ppk/1r1q2bp/3n1p2/3N4/3p4/5PBP/5R1K w - -,f2f3 d5f6 e8e3 b6b4 f1d1 b4d4 d1d2 d6d5 e3g1 d4c4,-726
r2r2k1/1p3pp1/2b1p2p/1p6/2P2P2/7P/4B1PK/R4R2 w - -,h2g3 a8a1 f1a1 b5c4 e2c4 d8d2 c4f1 g7g6 h3h4 h6h5,-421
r1bqnrk1/pp2ppbp/3p2p1/2n1P3/2P5/2N2N2/PP2BPPP/R1BQ1RK1 w - -,c1g5 h7h6 g5f4 c5e6 f4g3 d6e5 g3e5 g7e5 f3e5 d8c7,48
8/5k1p/P7/2ppBp1P/4b2K/8/8/8 w - -,e5d4 c5d4 a6a7 e4h1 a7a8q f5f4 a8h8 h1e4 h8d4 h7h6,804
r1b2rk1/pp2nppp/1qn1p3/1N1pP3/1b1P4/5N2/PP1B1PPP/R2QKB1R w KQ -,a1c1 b4d2 d1d2 f7f6 e5f6 f8f6 c1c3 c8d7 f1e2 e7g6,-43
r1r3k1/pp1b2pp/4pp2/3p4/P2n4/2PQ1N2/1q1NK1PP/RR6 w - -,c3d4 b2c3 d3c3 c8c3 b1b7 d7c8 b7b3 c8a6 e2d1 a8c8,196
r2q1rk1/1pp2ppp/p1bp2n1/7Q/3NPB1b/2NP4/PPP5/2KR3R w - -,f4d2 f8e8 d4f5 e8e5 d3d4 e5e4 c3e4 c6e4 f5h4 d8d7,345
rnbq1rk1/p4ppp/4p3/2pp4/2P1nB2/P4N2/1PQ1PPPP/R3KB1R w KQ -,e2e3 d8a5 f3d2 b8c6 a1d1 g7g5 f4g3 f7f5 f1d3 e4g3,21
r2q1r1k/1p1b2pp/4pb2/pP1p4/Pn1P4/4PNQ1/3BB1PP/1R3RK1 w - -,f3e5 d8e7 e5g4 f8c8 g4f6 g7f6 f1f2 d7e8 b1f1 e7g7,171
r2qk2r/2p2ppp/p2bpn2/3bR1B1/Pp1P4/1B3N2/1P3PPP/R2Q2K1 w kq -,b3d5 a8b8 d5c6 e8f8 e5e1 h7h6 g5e3 g7g6 f3e5 f8g7,463
1rb1r3/1p2q1bk/p5pp/3Bnp2/2P2P2/1N6/PP2Q1PP/R3R1K1 w - -,e2f1 c8d7 g1h1 e7b4 f4e5 g7e5 e1e2 e5f6 f1e1 b4b6,-108
r1r3k1/1q1n1ppp/2p1p3/p2pPb2/PP1P4/R1Q2N1P/3N1PP1/2R3K1 w - -,a3b3 h7h6 b4a5 b7a6 c3e3 f5g6 b3b4 a6a5 b4b7 a8a7,12
3r4/pp2np2/4k1pp/4N3/3P4/1P4P1/P4P1P/2R3K1 w - -,c1e1 e6f5 e5f7 d8d7 f7h6 f5g5 h6f7 g5f6 f7e5 d7d4,346
rnbq1rk1/p4ppp/8/2pp4/4nB2/P4N2/1PQ1PPPP/R3KB1R w KQ -,f3d2 e4d2 c2d2 b8c6 e2e3 d8b6 f1e2 f8d8 e1h1 c8f5,-2
2r2r2/p1p3kp/5b2/5q2/3P2p1/1P2P1P1/PBR2PQP/2R3K1 w - -,e3e4 f5g6 c2c6 g6f7 e4e5 f6g5 e5e6 f7f5 c1c5 f5g6,554
r1bqnrk1/p3ppb1/1p1p2pp/2n1P3/2P5/2N1BN2/PP2BPPP/R2Q1RK1 w - -,d1c1 g8h7 f1d1 c8b7 e5d6 e8d6 e3d4 a8c8 d4g7 h7g7,52
r2q1r1k/1p1bb2p/4pp2/pP1p4/Pn1P4/4PNQ1/3BB1PP/1R3RK1 w - -,b1c1 f8g8 g3f4 g8g7 e3e4 d5e4 f4e4 b4d5 e2c4 e7a3,61
r5k1/pp1b2pp/4pp2/3p4/P2P4/2r2N2/3NK1PP/RR6 w - -,b1b7 d7c8 b7b3 c8a6 e2d1 c3c6 a1b1 g8f7 b3b4 g7g5,194
r1b2rk1/pp2bppp/2p1pn2/4N3/3q4/3B4/PPP2PPP/R1BQ1RK1 w - -,d3h7 f6h7 d1d4 f8d8 d4e3 e7d6 f1d1 d6c7 d1d8 c7d8,556
3r1rk1/p2p1pp1/b3p2p/n1p1P2P/2P2B2/P2B4/2PN1PP1/1R3RK1 w - -,f2f3 d8c8 f1d1 c8c6 f4g3 c6b6 b1b6 a7b6 d1b1 f8b8,561
3R4/4Q3/2K5/8/2P5/2k5/8/1r6 w - -,f2f3 d8c8 f1d1 c8c6 f4g3 c6b6 b1b6 a7b6 d1b1 f8b8,Mate
5rk1/2p3pp/p2b2n1/1p1p3q/6p1/2P1B2n/PP1N1P2/R3RQ1K w - -,f1g2 h3f2 h1g1 f2h3 g1h1 g4g3 e1e2 h3f2 h1g1 h5e2,Mate
r3k1nr/ppqn1ppb/2pbp2p/7P/2BP1P2/5NN1/PPP3P1/R1BQ1RK1 w kq -,d1e1 g8f6 f3e5 e8h8 c2c3 a7a6 c4b3 c6c5 c1d2 a6a5,-62
r1b2rk1/1p1nq1pp/p1n1pp2/2ppP3/3P1P2/2NB1N2/PPP2QPP/R3K2R w KQ -,,0
5rk1/1pqn1p1p/p4PpB/3pr2n/8/2PB4/PP2Q2P/4RRK1 w - -,e2d2 f8e8 d2f2 e8e6 e1e5 d7e5 f2a7 c7c8 d3e2 h5f6,-259
1rb2rk1/1p3qb1/p3p1pp/3Nnp2/2P5/1N3B2/PP2QPPP/R3R1K1 w - -,d5e3 e5f3 g2f3 f7c7 c4c5 c8d7 e3c4 b8d8 a1d1 g8h7,-109
2r5/p1p2rkp/5b2/5q2/3P2p1/BP2P1P1/P1R2PQP/2R3K1 w - -,c2c5 f5f3 g2f3 g4f3 c5a5 g7g6 c1c6 c8e8 h2h3 h7h5,532
r1bq1b1r/pp2k1pp/2n1p3/3pn2Q/5N2/P7/1P3PPP/R1B1KBNR w KQ -,f4g6 h7g6 h5h8 e7f7 c1d2 c6d4 e1a1 c8d7 d2c3 d4b3,-28
r4rk1/pp3pp1/7p/2nqBb2/1b2n3/2N1P2P/PPQ1NPP1/R3KB1R w KQ -,e2d4 d5e5 d4f5 e5f5 f1c4 b4c3 b2c3 a8d8 e1h1 d8d2,-514
8/3k1r2/R4n2/3p4/3P4/4PP2/1P2K3/8 w - -,a6a7 d7e6 a7f7 e6f7 e2d3 f7e6 e3e4 f6e8 d3e3 e8d6,27
8/pr4p1/R3pk1p/8/5PPP/5K2/4P3/8 w - -,h4h5 b7b1 e2e4 b1b3 f3f2 f6e7 a6a7 e7f8 a7a4 f8e7,71
r1bqk2r/ppp2ppp/1b1p4/3P4/1P1p4/6P1/P2PPPBP/R1BQ1RK1 w kq -,c1b2 e8h8 d1b3 a7a5 b4b5 a5a4 b3c4 d8e8 b2d4 b6d4,39
3R4/8/2K5/4Q3/2P5/8/2k5/1r6 w - -,a2a4 a7a5 c1a3 e8h8 b4a5 b6c5 d1b3 a8a5 a3b4 a5a7,Mate
rn2kb1r/pp3ppp/1q2pn2/2pp1bB1/2PP4/2N1P1P1/PP3P1P/R2QKBNR w KQkq -,g5f6 b6b2 a1c1 g7f6 c4d5 c5d4 f1b5 e8e7 e3d4 a7a6,25
rnbq1rk1/p4ppp/8/2pp4/5B2/P7/1PQnPPPP/R3KB1R w KQ -,c2d2 b8c6 e2e3 d8b6 f1e2 f8d8 e1h1 c8f5 a1c1 d5d4,3
r2qkbnr/pp1b1ppp/8/8/Q3P3/8/PP1B1PPP/RN2KB1R w KQkq -,f1b5 g8e7 b5d7 d8d7 a4d7 e8d7 b1c3 e7c6 e1e2 d7e6,208
4Q3/5ppk/1r1q1nbp/5p2/3N4/3p3B/5P1P/5R1K w - -,e8e1 d6d4 e1e3 d4e3 f2e3 f6d5 h1g2 d3d2 g2f3 b6b2,-1125
2r5/p1p1brkp/3B4/5q2/3P2p1/1P2P1P1/P1R2PQP/2R3K1 w - -,d6e7 f7e7 c2c5 f5f6 g2d5 e7f7 d5g5 f6g6 g5e5 g6f6,553
r3k1nr/pppq1ppp/2nbb3/3pp3/8/2PP1NP1/PP1NPPBP/R1BQK2R w KQkq -,f3g5 g8f6 g5e6 d7e6 e2e4 d5e4 d2e4 f6e4 d3e4 d6c5,60
rnbqk2r/pp3ppp/2p1pn2/b2p4/Q2P1B2/2P1P3/PP1N1PPP/R3KBNR w KQkq -,f1d3 e8h8 g1f3 a5c7 e1h1 c7f4 e3f4 d8c7 f3e5 c6c5,42
r3k2r/ppqn1ppb/2pbpn1p/4N2P/2BP1P2/6N1/PPP3P1/R1BQ1RK1 w kq -,c4b3 e8h8 c2c3 c6c5 c1e3 a8b8 d1e2 b7b5 a1c1 a7a5,-60
r2q1r2/2p3k1/p1np2pp/4p3/3P1bPP/2p2N2/PPB2P2/R2Q1KR1 w - -,a1b1 c6d4 b2c3 d4f3 d1f3 d8h4 b1b7 a8c8 g1h1 h4g5,-179
r1b2rk1/pp2bppn/2p1p3/4N3/3q4/8/PPP2PPP/R1BQ1RK1 w - -,d1d4 f8d8 d4f4 f7f6 e5d3 a7a5 f4a4 b7b5 a4e4 e6e5,571
8/p2RQb1k/6p1/7p/3b4/B4P1P/6PK/q7 w - -,d1d4 f8d8 d4f4 f7f6 e5d3 a7a5 f4a4 b7b5 a4e4 e6e5,Mate
rn1qkbnr/p1p2ppp/b3p3/1p2N3/2pP4/2N5/PP2PPPP/R1BQKB1R w KQkq -,e2e3 b8d7 d1f3 d7e5 d4e5 g8e7 a2a4 b5b4 c3b5 a8b8,-12
rn1qkb1r/pp3ppp/4pn2/2pp1bB1/2PP4/2N3P1/PP2PP1P/R2QKBNR w KQkq -,g1f3 d5c4 g5f6 d8f6 d1a4 b8c6 f3e5 f8d6 f1g2 e8h8,56
8/7p/6p1/6P1/5k1P/7K/8/8 w - -,h4h5 f4e5 h5g6 h7g6 h3g3 e5f5 g3f2 f5e4 f2g3,Mate
4k3/R4r2/5n2/3p4/3P4/4PP2/1P2K3/8 w - -,a7f7 e8f7 e2f2 f7e6 f2g3 f6e8 e3e4 e8d6 g3f4 d6b5,27
r1r3k1/3n1pp1/1qp1p1p1/p2pP3/P2P4/1PQ4P/R2N1PP1/2R3K1 w - -,,0
5Qbk/7p/p2p4/4pN1q/1p2P3/2bP3P/5P1K/8 w - -,d2f3 a8a7 a2c2 c6c5 d4c5 c8c5 c3d2 a7c7 c2c5 c7c5,Mate
rnb1k1nr/ppp2ppp/5q2/2b5/2B1p3/1Q3P2/PP1P2PP/RNB1K1NR w KQkq -,d2d3 e4d3 b1c3 f6h4 g2g3 h4e7 e1f1 b8c6 c3e4 c6d4,-244
r4r2/2p3k1/p1np1qpp/4p3/3P1bPP/2pQ1N2/PPB2P2/R4KR1 w - -,b2b4 c6d4 f3d4 e5d4 a1e1 f4g5 g1g2 g5h4 e1e4 c7c5,-269
2r5/p1p1r1kp/8/5q2/3P2p1/1P2P1P1/P1R2PQP/2R3K1 w - -,c2c5 f5f6 g2c6 f6g6 c6d5 h7h6 c5c6 g6f7 d5f7 e7f7,564
8/5k2/5n2/3p4/3P4/4PP2/1P2K3/8 w - -,e2d3 f7e6 d3c3 e6d6 c3b4 d6c6 b4a4 f6e8 a4b3 e8d6,27
r3k2r/pppq1ppp/2nbbn2/3pp3/1P6/2PP1NP1/P2NPPBP/R1BQK2R w KQkq -,e2e4 d5e4 d3e4 c6e7 a2a4 a7a5 b4b5 h7h6 d1e2 c7c6,-20
r1bq1rk1/pp1n1pbp/2pp2p1/4p2n/2PP4/4PN1P/PP2BPPB/RN1Q1RK1 w - -,b1c3 f8e8 d1c2 f7f5 b2b4 e5e4 f3d2 d7f6 b4b5 f5f4,107
r4bnr/1p1k1ppp/p7/8/4P3/8/PP1B1PPP/RN2K2R w KQ -,b1c3 f8c5 a1d1 d7e6 c3d5 a8c8 d2c3 g8f6 d5f4 e6e7,240
8/p2RQb1k/6p1/4b2p/8/B4P1P/6PK/q7 w - -,f3f4 e5f4 g2g3 a1a2 h2h1 a2b1 h1g2 b1c2 g2f3 c2c3,520
rnbqk2r/pp3pbp/3p2pn/2p1p3/2B1P3/3P1N2/PPP2PPP/RNBQK2R w KQkq -,b1c3 h6g4 f3g5 e8h8 h2h4 h7h5 f2f3 g4f6 a2a4 b8c6,94
r2qkb1r/1ppbnppp/p1n5/1B1p2B1/3P4/2N2N2/PPP2PPP/R2QK2R w KQkq -,b5c6 d7c6 f3e5 h7h5 e5c6 b7c6 d1e2 f7f6 g5d2 e8f7,37
7r/3brkp1/1R6/p2P4/2B1pP2/P3P3/6K1/4B3 w - -,d5d6 d7e6 d6e7 e6c4 e1a5 f7e7 b6b7 e7f6 a5c3 f6f5,186
r1bq1rk1/p4ppp/2n5/2pp4/5B2/P7/1P1QPPPP/R3KB1R w KQ -,e2e3 d8b6 f1e2 f8d8 e1h1 c8f5 a1c1 a8c8 d2c3 c5c4,-17
r4rk1/pppqppbp/2n3p1/3n4/3P4/6PP/PP2PPB1/RNBQ1RK1 w - -,b1c3 d5c3 b2c3 c6a5 d1c2 a8d8 a1b1 b7b6 h3h4 f8e8,79
2r5/p1p1r1kp/8/2R5/3P2p1/1P1qP1P1/P4PQP/2R3K1 w - -,g2d5 d3g6 c5c6 g6f7 d5g5 g7h8 c6f6 f7g8 g5g8 c8g8,584
r2qk2r/2p1bppp/p3pn2/3bR1B1/Pp1P4/1B3N2/1P3PPP/R2Q2K1 w kq -,a4a5 e8h8 b3d5 f6d5 g5e7 d8e7 e5e2 c7c5 d4c5 e7c5,-40
rnb1k2r/ppq1bppp/2pp1n2/4p3/2P1P3/2NP2P1/PP3PBP/R1BQK1NR w KQkq -,g1e2 a7a6 a2a4 c6c5 e1h1 b8c6 f2f4 c8g4 c1e3 e8h8,60
8/7p/6p1/6kP/8/7K/8/8 w - -,h5g6 h7g6 h3g3 g5f5 g3f3 g6g5 f3g3 g5g4 g3f2 f5f4,Mate
r1b2rk1/ppppqppp/1bn2n2/1B2p1B1/4P3/2PP1N2/PP3PPP/RN1Q1RK1 w - -,g5h4 a7a6 b5a4 d7d6 b1d2 b6a7 f1e1 h7h6 d2f1 g7g5,92
rn1qkb1r/pp3ppp/4pn2/2p2bB1/2pP4/2N2NP1/PP2PP1P/R2QKB1R w KQkq -,g5f6 d8f6 d1a4 b8c6 f3e5 f8d6 e5c6 e8h8 d4c5 d6c5,53
r2qr1k1/1pp2ppp/p1bp2n1/7Q/3NP2b/2NP4/PPPB4/2KR3R w - -,d4f5 e8e5 d3d4 e5e4 c3e4 c6e4 f5h4 d8d7 h1h2 g6h4,344
rnbqkbnr/p1p2ppp/4p3/4N3/1ppP4/2N5/PP2PPPP/R1BQKB1R w KQkq -,c3e4 h7h6 d1a4 b8d7 g2g3 c8b7 f1g2 b7d5 c1d2 f8e7,86
4r3/p1p1r1kp/8/2RQ4/3P2p1/1P1qP1P1/P4P1P/2R3K1 w - -,d5h5 g7g8 h5g4 e7g7 g4f5 d3f5 c5f5 e8f8 f5c5 g7f7,605
r4r2/2p3k1/p1np1qp1/4p1p1/3P1b1P/2pQ1N2/PPB2P2/R4KR1 w - -,a1e1 c3b2 c2b1 a8e8 e1e2 c6d4 h4g5 f6f7 f3d4 e5d4,-281
1rb2rk1/1pq3b1/pN2p1pp/5p2/2P5/1N3Q2/PP3PPP/R3R1K1 w - -,f3g3 f5f4 g3g6 c7b6 a1d1 b6c7 c4c5 e6e5 g6d6 c7d6,-309
rn2kb1r/pp3ppp/4pq2/2p2b2/2pP4/2N2NP1/PP2PP1P/R2QKB1R w KQkq -,d1a4 b8c6 f3e5 f8d6 e5c4 f6e7 c4d6 e7d6 c3b5 d6e7,78
r4rk1/pp3pp1/7p/2nq1b2/1b1B4/2n1P2P/PPQ1NPP1/R3KB1R w KQ -,d4c5 d5c5 c2c3 b4c3 e2c3 c5b4 f1e2 b4b2 e1h1 b2c3,-653
4rr1k/ppp2pp1/2bp1P1p/6n1/4PR2/3B2N1/PqPQ2PP/5R1K w - -,f6g7 b2g7 g3f5 g7h7 d2c3 f7f6 f4h4 h7d7 f5h6 e8e5,356
r4r2/2p2qk1/p1np2p1/4p1P1/3P1b2/2pQ1N2/PPB2P2/R4KR1 w - -,a1d1 c3b2 c2b1 c6d4 f3h4 f4c1 d3g3 f7f4 h4g6 f4g3,-349
r1b2rk1/p4ppp/1qn5/2pp4/5B2/P3P3/1P1Q1PPP/R3KB1R w KQ -,f1e2 f8d8 e1h1 c8f5 a1c1 a8c8 d2c3 c5c4 e2f3 c6a5,-14
1rr3k1/3n1pp1/1qp1p1p1/p2pP3/P2P4/1PQ4P/2RN1PP1/2R3K1 w - -,c3e3 b8b7 e3f4 d7f8 c2c3 b7c7 d2f3 c6c5 d4c5 c7c5,27
2kr3r/ppp1nppp/2nB1q2/8/6b1/2N1PN2/PPP2PPP/R2QKB1R w KQ -,h2h3 g4h5 f1e2 d8d6 f3d2 h5g6 d1c1 d6d8 e1h1 e7d5,85
2kr3r/pp3ppp/2nqbn2/2p1p3/3pP3/2PP1NP1/PP3PBP/R1BQR1K1 w - -,c3d4 c6d4 f3d4 c5d4 f2f4 d6b6 b2b4 h7h5 a2a4 c8b8,50
rnbqkb1r/pp3ppp/4pn2/2ppN3/3P3P/8/PPP1PPP1/RNBQKB1R w KQkq -,h4h5 c5d4 d1d4 h7h6 b1c3 b8c6 e5c6 b7c6 e2e4 a8b8,-83
4r3/p1p3kp/8/2R4Q/3P2p1/1P1qr1P1/P4P1P/2R3K1 w - -,h5g5 d3g6 f2e3 g6g5 c5g5 g7f6 g5g4 e8c8 g4f4 f6e6,796
r1bq1b1Q/pp3kp1/2n1p1p1/3pn3/8/P7/1P3PPP/R1B1KBNR w KQ -,c1d2 c6d4 g1h3 e5f3 g2f3 d4f3 e1d1 f3d2 h1g1 d2e4,-67
1r4k1/pb1R1ppp/4pq2/2p5/8/2P2N2/PP2QPPP/6K1 w - -,f3e5 f6g5 f2f4 g5f4 d7f7 f4g5 f7f2 h7h6 e2e1 g8h7,48
1rr3k1/3n1pp1/2p1p1p1/p2pP3/P2P4/1qQ2N1P/2R2PP1/2R3K1 w - -,c3a5 b8a8 a5d2 b3a4 f3g5 d7f8 h3h4 f8h7 g5f3 a4b5,24
r2qkb1r/5ppp/p1p1pn2/3bR1B1/Pp1P4/1B3N2/1P3PPP/R2Q2K1 w kq -,g5h4 f8e7 a1c1 e8h8 b3d5 c6d5 e5e2 f6e4 h4e7 d8e7,-57
rn2kbnr/pp2qppp/2p5/4P3/4P1b1/5N2/PPP3PP/RNBQKB1R w KQkq -,c1f4 b8d7 b1d2 e8a8 c2c3 g7g6 d1a4 f8h6 f4g3 d7e5,92
rnbqk1nr/p1p1bppp/4p3/4N3/1ppPN3/8/PP2PPPP/R1BQKB1R w KQkq -,e2e3 g8f6 e4g5 e8h8 f1c4 h7h6 h2h4 d8e8 d1f3 c7c6,71
rnbqk2r/pp2p1bp/2p2pp1/3n4/3Q4/2N1PN2/PP1P1PPP/R1B1KB1R w KQkq -,d4a4 f6f5 d2d4 c8e6 f1e2 b8d7 e1h1 h7h6 c1d2 e6f7,43
2kr3r/pp3ppp/2nqbn2/4p3/3pP3/3P1NP1/PP3PBP/R1BQR1K1 w - -,c1d2 f6d7 f3g5 c8b8 g5e6 d6e6 b2b4 d8c8 h2h4 c8c7,83
1r4k1/pb1R1ppp/4p3/1Qp5/5q2/2P2N2/PP3PPP/6K1 w - -,,0
r4r2/2p2qk1/p2p2p1/4p1P1/1n1P1b1N/2pQ4/PPB2P2/R4KR1 w - -,d3d1 c3b2 c2b3 f7d7 a1b1 d7h3 g1g2 h3h1 g2g1 h1h4,-592
r7/5b1k/2pQ3b/2P1B2p/p3PP1q/2N5/PP6/2K3R1 w - -,d6d7 h6f4 c1b1 f4e5 d7f7 h7h8 f7g6 h4g4 g1g4 h5g4,1270
rn2kb1r/pppq1ppp/5n2/3p4/3N2b1/4PBP1/PPPP3P/RNBQK2R w KQkq -,f3g4 f6g4 d1f3 c7c5 d4f5 g4e5 f3f4 e5g6 f4f2 b8c6,-67
r3k2r/ppqnnppb/2pbp2p/4N2P/2BP1P2/6N1/PPP3P1/R1BQ1RK1 w kq -,d1e2 e8h8 c2c3 c6c5 e5d7 c7d7 c1e3 d7c7 d4c5 d6c5,-58
8/2k2r2/R4n2/3p4/1P1P4/4PP2/4K3/8 w - -,a6a7 c7d6 a7f7 f6e8 b4b5 d6e6 f7h7 e6f6 b5b6 e8d6,818
r4rk1/pppqppbp/6p1/n7/3P4/2P3PP/P3PPB1/R1BQ1RK1 w - -,d1c2 a8d8 h3h4 b7b6 a1b1 f8e8 c1f4 a5c4 b1d1 h7h6,82
8/6pp/8/P2kp3/3p4/2P5/3K2P1/8 w - -,d2d3 e5e4 d3d2 d4d3 d2d1 d5c6 c3c4 h7h5 d1c1 g7g5,-655
r1bq1b1Q/pp3kp1/4p1p1/3pn3/3n4/P7/1P1B1PPP/R3KBNR w KQ -,e1a1 c8d7 d2c3 d4b3 c1b1 d5d4 c3b4 f8b4 h8d8 a8d8,-7
2kr1r2/pp3B1p/2p2P2/q1n5/Pb6/2NbPN2/1P3PPP/R1Q1K2R w KQ -,f3e5 f8f7 e5f7 c5b3 f7d8 c8d8 f2f3 b3c1 a1c1 a5a4,-442
rn1qkb1r/pp2p2p/2p1bpp1/3n4/3Q4/2N1PN2/PP1P1PPP/R1B1KB1R w KQkq -,e3e4 d5b6 d4d8 e8d8 d2d4 b8d7 f1e2 e6f7 e1h1 e7e5,58
r1b1kb1r/pp3ppp/2p1q3/2p5/4NP2/8/PPPPQ1PP/R1B1K2R w KQkq -,f4f5 e6e5 e1h1 f8e7 d2d4 e5d4 g1h1 e8h8 f5f6 e7d8,127
4r2k/p1p4p/8/2R3Q1/3P2p1/1P1qr1P1/P4P1P/2R3K1 w - -,d2d4 c5d4 f4f5 e6e5 e1h1 f8c5 e2f3 e8h8 f5f6 g7g6,Mate
r2q2k1/1pp2ppp/p1bp2n1/4rN1Q/4P2b/2NP4/PPPB4/2KR3R w - -,d3d4 e5e4 c3e4 c6e4 f5h4 d8d7 h1h2 g6h4 h5h4 d7c6,353
3r1rk1/pn3pp1/b2Pp2p/2p4P/2P2B2/P2B1P2/2PN2P1/1R3RK1 w - -,d2e4 f7f5 e4d2 b7d6 f1e1 f8e8 f4g3 g8f7 a3a4 g7g5,561
r4rk1/pp1qppbp/6p1/n1p5/3P4/2P3PP/P1Q1PPB1/R1B2RK1 w - -,d4c5 a8c8 f1d1 d7e8 d1d5 a5c4 a1b1 b7b6 c2d1 e7e6,76
5Qbk/7p/p2p4/4pN1B/1p2Pq1P/2bP4/5P1K/8 w - -,c1f4 c5d4 c3d4 d7d4 a1c1 a8d8 f4e3 d4e5 f1d1 d8d1,Mate
1r4k1/pR3ppp/4p3/1Qp5/8/2P2N2/PP3PPP/2q3K1 w - -,b5f1 c1f1 g1f1 b8b7 b2b3 b7d7 f1e2 f7f6 f3d2 d7d5,-355
r7/3Q1b1k/2p5/2P1B2p/p3Pb1q/2N5/PP6/2K3R1 w - -,c1b1 f4e5 d7f7 h7h8 f7g6 h4g4 g1g4 h5g4 g6h5 h8g8,1129
rn2k2r/ppq1bppp/2pp1n2/4p3/2P1PPb1/2NP2P1/PP4BP/R1BQK1NR w KQkq -,g1e2 a7a6 h2h3 g4e2 d1e2 b7b5 e1h1 e8h8 c1d2 b8d7,57
r1b2rk1/p4ppp/2n5/2pQ4/5B2/P3P3/1q3PPP/R3KB1R w KQ -,a1d1 c8g4 f2f3 a8d8 f4d6 c6d4 d5c5 d4f3 g2f3 g4f3,-185
4r1k1/p1p4p/5Q2/2R5/3P2p1/1P1qr1P1/P4P1P/2R3K1 w - -,a1d1 c8g4 f2f3 a8d8 f4d6 c6d4 d5c5 d4f3 g2f3 g4f3,Mate
r4r2/5qk1/p2p2p1/2p3P1/3p1b1N/8/PPQ2P2/4RKR1 w - -,g1h1 f4g5 h1h3 a8e8 e1e8 f7e8 h4g2 e8e5 g2e1 e5e6,-333
2kr3r/pp3ppp/3qbn2/2p1p3/3nP3/3P1NP1/PP3PBP/R1BQR1K1 w - -,f3d4 c5d4 f2f4 d6b6 b2b4 b6b4 a2a4 c8b8 c1a3 b4b6,60
8/6pp/8/4p3/P1P1k3/3p4/3K2P1/8 w - -,a4a5 e4d4 a5a6 e5e4 a6a7 e4e3 d2e1 h7h6 a7a8q d4c3,1454
r4rk1/p2qppbp/6p1/nppP4/8/2P3PP/P1Q1PPB1/R1B2RK1 w - -,a1b1 a8c8 e2e4 b5b4 c3b4 c5b4 c2e2 g7c3 c1h6 f8d8,54
r2qrn2/1b2bpk1/p3pn2/1p2N3/2pP3P/P1N1P2R/1P2QPP1/1B1RK3 w - -,h3g3 f8g6 b1g6 e8h8 g6f7 g7f8 e2c2 e7a3 b2a3 d8a5,692
K7/8/8/7R/5p1P/5k2/8/8 w - -,h4h5 f8h7 h5h6 g7f8 b1h7 e7d6 h7c2 f8e7 g2g4 e8g8,Mate
8/6pp/8/P3p3/2Pk4/3p4/3K2P1/8 w - -,a5a6 e5e4 a6a7 e4e3 d2e1 d4c4 a7a8q e3e2 a8e4 c4c3,1597
r1b1k2r/pp2b1pp/2p2p2/2p2P2/3qNB2/3P4/PPP1Q1PP/R4RK1 w kq -,f4e3 d4e5 e3f4 e5d4 g1h1 e8h8 a1e1 a7a5 e2g4 f8f7,125
r1bqk1nr/ppppbp1p/2n3p1/4p1B1/4P2P/3P4/PPP2PP1/RN1QKBNR w KQkq -,,0
2r2rk1/p2qppbp/6p1/nppP4/5B2/2P3PP/P1Q1PPB1/R4RK1 w - -,e2e4 a5c4 a1d1 e7e5 f4c1 a7a5 h3h4 c4d6 h4h5 f8e8,46
rnbqkb1r/pp2nppp/4p3/3pP3/1p6/2P2N2/P2P1PPP/RNBQKB1R w KQkq -,h2h4 d8c7 a2a3 b8d7 d2d4 b4c3 f1d3 d7b6 d1b3 c8d7,-98
2rq2k1/p1nprppp/1p2p3/8/1PP5/P2Q1bP1/4PPBP/2RR2K1 w - -,d3f3 c7e8 e2e4 e6e5 f3e3 g7g6 g2f1 g8g7 a3a4 h7h5,71
r2qr3/1b2bpk1/p3pnn1/1p2N3/2pP3P/P1N1P1R1/1P2QPP1/1B1RK3 w - -,b1g6 e8h8 g6f7 g7f8 e2c2 e7a3 b2a3 h8h6 f7e6 d8a5,705
r1bq1r2/1p1n1pkp/p1p3p1/n2Np3/P3P3/3B1P2/1PPQ2PP/R3K1NR w KQ -,d5e3 d7c5 a1a3 d8d4 b2b4 a5b3 a3b3 c5b3 c2b3 d4a1,25
3r1rk1/p1q1bpp1/1pp1pn1p/2N5/1PPP4/P6P/1B1R1PP1/1R1Q2K1 w - -,c5d3 f6e4 d2c2 e4d6 d3e5 e7f6 d4d5 e6d5 c4d5 f6e5,9
4rrk1/pppb3q/3p1p1p/5Nn1/4P1RP/2QB4/P1P3P1/5R1K w - -,g4g3 d7f5 f1f5 h7e7 h4g5 f6g5 c3c4 g8g7 c4d4 g7g8,420
2kr3r/pp3ppp/4bn2/2p1p3/3qP3/3P2P1/PP3PBP/R1BQR1K1 w - -,c1e3 d4d3 d1a4 d3a6 a4a6 b7a6 e3c5 c8b7 c5b4 f6d7,141
r3k2r/pp3ppp/1Nn1p3/3pP3/3P1P2/P3b1nP/1B4P1/R2K1BR1 w kq -,f1a6 a8b8 g1e1 e3f2 a6b5 f2e1 d1e1 a7b6 e1f2 g3e4,-557
r3k2r/ppqnbppp/2pp1n2/4p3/2P1PPb1/2NP1NP1/PP4BP/R1BQK2R w KQkq -,c1e3 d6d5 e4d5 c6d5 c4d5 e8h8 e1h1 e7d6 d1d2 e5f4,42
r3k2r/ppq1nppb/2pbpn1p/4N2P/2BP1P2/4B1N1/PPP3P1/R2Q1RK1 w kq -,c4b3 e8h8 d1f3 a7a5 a2a4 c6c5 c2c3 c5d4 e3d4 e7c6,-50
8/p2RQb1k/6p1/7p/5b2/B6P/6PK/q7 w - -,g2g3 a1a2 h2h1 a2b1 h1g2 b1c2 g2f3 c2c3 f3f4 g6g5,518
2r2rk1/p2qppbp/6p1/1ppP4/2n1PB2/2P3PP/P1Q2PB1/R4RK1 w - -,f1e1 e7e6 d5e6 d7e6 e4e5 a7a5 h3h4 c8d8 e1e4 c4a3,75
rnbqk2r/p1p1bppp/4pn2/4N3/1ppPN3/4P3/PP3PPP/R1BQKB1R w KQkq -,e4g5 e8h8 f1c4 h7h6 h2h4 d8e8 d1f3 c7c6 b2b3 b8d7,80
r1bb1rk1/1pp3p1/1nnp2qp/pN2p3/P1P2p2/1P1PP1P1/1B1Q1PBP/R2RN1K1 w - -,,0
r1bq1r2/1p3pkp/p1p3p1/n1n1p3/P3P3/3BNP2/1PPQ2PP/R3K1NR w KQ -,a1a3 d8d4 b2b4 a5b3 a3b3 c5b3 c2b3 f8d8 e1e2 d4a1,33
2r3k1/3n1pp1/2p1p1p1/p2pP3/P2P4/1r3N1P/2R2PP1/2R3K1 w - -,,0
rnb1k1nr/pp3ppp/2p1p3/3p4/1b1PP2q/2NB1P2/PPP3PP/R1BQK1NR w KQkq -,g2g3 h4d8 c1d2 c6c5 d4c5 b4c5 f3f4 d5d4 c3e2 b8c6,42
r7/3Q1b1k/2p5/2P1b2p/p3P2q/2N5/PP6/1K4R1 w - -,d7f7 h7h8 f7g6 h4g4 g1g4 h5g4 g6h5 h8g8 h5e5 a8f8,1206
r1bqk2r/p2p1p1p/1p4p1/b1pNP2n/4Q3/8/PPPB1PPP/R3KB1R w KQkq -,d2a5 c8b7 a5c3 a8b8 e1a1 e8h8 f1e2 h5g7 e2f3 b6b5,556
r3k2r/ppqnbppp/2pp1n2/4p3/2P1PP2/2NP1bPP/PP4B1/R1BQK2R w KQkq -,g2f3 c7b6 d1e2 d7c5 e1f1 h7h5 h3h4 c5e6 c1e3 b6b4,43
r3r1k1/ppb2p1p/4bp1B/4p3/2P5/3R3P/PP2BPP1/R5K1 w - -,d3g3 g8h8 h6g7 h8g8 g7f6 g8f8 a1d1 e6f5 f6g5 c7b6,218
r2r2k1/1p3pp1/4p2p/1P1b4/5P2/7P/4B1PK/R4R2 w - -,h2g3 g7g6 h3h4 a8a1 f1a1 d8c8 a1a7 c8c5 g3f2 c5c2,-195
1r2r1k1/pp1qbppp/3p1n2/2p1p3/3nP3/P1NPBN1P/1PP2PP1/R2Q1RK1 w - -,e3g5 d4e6 g5f6 e7f6 c3d5 f6d8 a3a4 e6c7 d5e3 g7g6,25
5rk1/ppp4q/3p1p1p/4rRn1/4P2P/2QB2R1/P1P3P1/7K w - -,c3b3 g8g7 b3b7 g7g6 b7a7 h7e7 a7f2 g6g7 h4g5 h6g5,423
r4rk1/pp3pbp/2n3p1/q1p1n3/2P2Q2/2N3PP/PP3PB1/R1BR2K1 w - -,c3d5 a8e8 c1e3 e8e6 g1h1 h7h5 e3d2 a5d8 d2c3 f8e8,71
6k1/3n1pp1/2r1p1p1/p2pP3/P2P4/1r3N1P/5PP1/2R3K1 w - -,,0
2r2rk1/p2q1pbp/4p1p1/1ppP4/2n1PB2/2P3PP/P1Q2PB1/R3R1K1 w - -,d5e6 d7e6 e4e5 h7h6 h3h4 a7a6 a1d1 c8d8 g1h2 d8d1,77
r2q1b1Q/pp1b1kp1/4p1p1/3pn3/3n4/P7/1P1B1PPP/2KR1BNR w - -,d2c3 d4b3 c1b1 d5d4 c3b4 f8b4 h8d8 a8d8 a3b4 a7a5,-37
3r1rk1/p1q1bpp1/1pp1p2p/8/1PPPn3/PN5P/1B1R1PP1/1R1Q2K1 w - -,d2d3 e4d6 b1c1 e7f6 b3d2 c6c5 b4c5 b6c5 d2b3 d6b7,-7
r2q2k1/1pp2ppp/p1bp2n1/5N1Q/3Pr2b/2N5/PPPB4/2KR3R w - -,c3e4 c6e4 f5h4 d8d7 h1h2 g6h4 h5h4 d7c6 d2g5 d6d5,355
8/p2RQb1k/6p1/7p/5b2/B5PP/q6K/8 w - -,h2g1 a2b1 g1g2 b1c2 g2f3 c2c3 f3f4 g6g5 f4e4 c3e1,545
6k1/3n1pp1/2R1p1p1/p2pP3/Pr1P4/5N1P/5PP1/6K1 w - -,,0
r6k/5Q2/2p5/2P1b2p/p3P2q/2N5/PP6/1K4R1 w - -,f7g6 e5g3 g1g3 h4g3 g6g3 a8e8 g3g5 e8e6 b1c2 h8h7,1227
K7/8/8/6R1/4kp1P/8/8/8 w - -,f7g6 e5g3 g1g3 h4g3 g6g3 a8e8 g3g5 e8e6 b1c2 h8h7,Mate
2r2rk1/p4pbp/4q1p1/1pp5/2n1PB2/2P3PP/P1Q2PB1/R3R1K1 w - -,e4e5 f8e8 h3h4 a7a5 e1e4 c4b6 a1d1 b6d5 f4g5 h7h6,72
r1bqk1nr/ppppbp2/2n3pp/4p1B1/4P2P/3P1N2/PPP2PP1/RN1QKB1R w KQkq -,g5e7 d8e7 b1c3 g8f6 d1d2 d7d6 f1e2 c8g4 c3d5 f6d5,6
rnb1k1nr/pp2qppp/2p1p3/3p4/1b1PP3/2NB1PP1/PPP4P/R1BQK1NR w KQkq -,a2a3 b4c3 b2c3 c6c5 a3a4 e7c7 c1a3 g8e7 a3c5 b8d7,66
r1b1k1nr/ppPp1ppp/n3q3/bN2P3/8/2P5/PP2QPPP/R1B1KB1R w KQkq -,c1g5 a5c7 e1a1 h7h6 d1d6 c7d6 b5d6 e8f8 g5d8 a6b8,9
r1bq1rk1/1p1pppbp/2n2np1/p1p5/2B1PB2/2NP1N2/PPP2PPP/R2Q1RK1 w - -,a2a4 d7d6 h2h3 b7b6 f1e1 c8b7 d1d2 a8c8 c4b3 c6b4,27
r4r2/5qk1/p2p2p1/2p3P1/3p3N/4bP2/PPQ5/4RKR1 w - -,g1h1 e3g5 c2g2 g5h4 h1h4 f7f3 g2f3 f8f3 f1g1 a8f8,-415
R7/P4k2/5P2/8/8/8/8/r2K4 w - -,g1h1 e3g5 c2g2 g5h4 h1h4 f7f3 g2f3 f8f3 f1g1 a8f8,Mate
K7/8/8/6RP/4k3/5p2/8/8 w - -,g1h1 e3g5 c2g2 g5h4 h1h4 f7f3 g2f3 f8f3 f1g1 a8f8,Mate
1k1r1r2/1p4p1/n1p1p2p/P6P/3PQ1P1/4P3/1q3P2/R4K1R w - -,a1a2 b2a2 e4e5 b8a8 e5g3 e6e5 f1g2 a2d5 g2h2 e5d4,-703
1r3rk1/p4ppp/2p1p3/2NpP3/3n1P2/P6P/3K2P1/2R5 w - -,f4f5 e6f5 d2d3 d4e6 c5e6 f7e6 c1c6 f5f4 d3e2 a7a6,-642
2r1r1k1/p4pbp/4q1p1/1pp1P3/2n2B2/2P3PP/P1Q2PB1/R3R1K1 w - -,h3h4 e6b6 e1e4 e8e7 a2a4 a7a6 e5e6 e7e6 a4a5 b6a7,71
2kr3r/pp3ppp/4bn2/2p1p3/4P3/3qB1P1/PP3PBP/R2QR1K1 w - -,d1a4 d3a6 a4a6 b7a6 e3c5 c8b7 c5b4 f6d7 b4c3 g7g5,144
1r4k1/1p3pp1/2b1p2p/2P1P2P/3B2P1/4P3/5R2/6K1 w - -,f2f1 b8a8 f1f2 a8a4 g1h2 a4c4 f2f1 c4c2 h2g3 c2g2,-28
rnbq1rk1/ppp2pbp/3pp1p1/8/2BPnP2/2N2N2/PPP3PP/R1BQ1RK1 w - -,c4d3 e4f6 g1h1 b8c6 c3e4 f6e4 d3e4 a8b8 c2c3 c6e7,-294
3r1rk1/pn4p1/b2Pp2p/2p2p1P/2P1NB2/P2B1P2/2P3P1/1R3RK1 w - -,e4d2 f8e8 f4g3 b7d6 f1e1 g8f7 a3a4 d8d7 d2b3 d6b7,571
r1b1k2r/pp2b1pp/2p2p2/2p1qP2/4N3/3P4/PPP1Q1PP/R1B2RK1 w kq -,g1h1 e8h8 c1f4 e5d4 a1e1 a7a5 e2g4 b7b5 f1f3 c5c4,147
4rr2/5qk1/p2p2p1/2p3P1/3p2RN/4bP2/PPQ5/4RK2 w - -,c2b3 e8e5 f1g2 e5g5 b3f7 f8f7 g4g3 f7f8 e1f1 d4d3,-463
r1bqk2r/5pb1/p1np4/1p1Np2p/4Pp2/N5P1/PPP2PBP/R2Q1RK1 w kq -,c2c3 c8g4 g2f3 g4h3 f1e1 c6e7 d5e7 e8e7 a3c2 a6a5,14
rnb1k1nr/pp2qppp/2p5/3pp3/1b1PP3/2NB1PP1/PPPB3P/R2QK1NR w KQkq -,d4e5 e7e5 a2a3 d5e4 f3e4 b4a5 d1e2 g8h6 g1f3 e5h5,82
r1b1k1nr/ppbp1ppp/n3q3/1N2P3/5B2/2P5/PP2QPPP/R3KB1R w KQkq -,,0
2kr3r/ppqnbppp/2pp1n2/4p3/2P1PP2/2NP1QPP/PP4B1/R1B1K2R w KQ -,e1h1 h7h5 a1b1 a7a5 a2a3 c7b6 c1e3 b6b3 e3f2 h5h4,130
R7/P4k2/r4P2/8/8/8/8/1K6 w - -,e1h1 h7h5 a1b1 a7a5 a2a3 c7b6 c1e3 b6b3 e3f2 h5h4,Mate
r4rk1/pp2b1pp/2p2p2/2p2b2/3qNB2/1P1P4/P1P1Q1PP/R4R1K w - -,e4g3 f5d3 c2d3 d4d7 g3f5 d7f5 e2e7 b7b6 a1e1 f5c8,300
r1bq1rk1/ppp1bppp/2n1pn2/6B1/2PPN3/P4N2/1P3PPP/R2QKB1R w KQ -,d1c2 c6d4 f3d4 d8d4 f1d3 h7h6 g5e3 d4e5 e1a1 f6g4,-39
8/p2RQb1k/6p1/7p/5b2/B5PP/8/1q4K1 w - -,g1g2 b1c2 g2f3 c2c3 f3f4 g6g5 f4e4 c3e1 e4d3 e1f1,573
1r1qnrk1/3bbppp/p2p1n2/1ppPp3/P1P1P2P/2N3P1/1P1BBP2/R2QKN1R w KQ -,c4b5 a6b5 a4b5 e8c7 a1a5 c7b5 c3b5 f6e4 d1a1 f7f5,237
K5R1/8/8/7P/4k3/8/5p2/8 w - -,d1b1 b5b4 c3d1 g7g6 h4h5 f6h5 e2h5 g6h5 d2h6 e8g7,Mate
r1b1k2r/ppbpnppp/n3q3/1N2P3/5B2/2P5/PP2QPPP/2KR1B1R w kq -,,0
2r1r1k1/p4pbp/1n2q1p1/1pp1P3/5B2/2P3PP/P1Q1RPB1/R5K1 w - -,a1d1 c8d8 d1d8 e8d8 h3h4 d8e8 c2d3 c5c4 d3f3 a7a6,64
8/7r/8/5K2/8/7P/1k6/8 w - -,a1e1 b5b4 g2f3 h7h5 e1d1 b4c3 g1g2 e8d8 d1d8 c8d8,Mate
7R/P4k2/1r3P2/8/8/8/8/1K6 w - -,a1e1 b5b4 g2f3 h7h5 e1d1 b4c3 g1g2 e8d8 d1d8 c8d8,Mate
8/8/8/RK1k4/1P6/8/8/4r3 w - -,a5a6 e1g1 a6h6 g1g8 b5a6 g8g3 a6b6 d5c4 b4b5 g3g5,623
r2q2k1/1pp2ppp/p2p2n1/5N1Q/3Pb2b/8/PPPB4/2KR3R w - -,f5h4 d8d7 h1h2 g6h4 h5h4 d7c6 d2f4 e4g6 c1b1 a8e8,343
1r1br1k1/pp1q1ppp/3p1n2/2p1p3/3nP3/P1NPBN1P/1PP2PP1/R2QR1K1 w - -,e3g5 d4e6 g5f6 d8f6 c3d5 f6d8 a3a4 e6c7 d5c7 d8c7,32
rnb1kb1r/p3pppp/2P2n2/8/1pp1P3/2N4P/PP3PP1/R1BqKBNR w KQkq -,c3d1 f6e4 f1c4 e7e6 g1f3 b8c6 c4b5 c8b7 c1e3 a7a6,-66
r1b1k2r/ppbpnppp/n2R4/1N2P3/5B2/2P5/qP2QPPP/2K2B1R w kq -,,0
1r1qnrk1/4bppp/3p1n2/1bpPp3/4P2P/2N3P1/1P1BBP2/R2QKN1R w KQ -,e2b5 f6e4 b5e8 e4f2 e1f2 d8e8 d1a4 e8a4 a1a4 f7f5,572
6k1/3r1pp1/8/PbB4p/1p5P/1Bb3P1/5P2/1R4K1 w - -,,0
1rb1r1k1/1pq3b1/pN2p1pp/2N2p2/2P5/4Q3/P4PPP/1R2R1K1 w - -,b6d5 c7d6 b1b6 f5f4 b6d6 f4e3 e1e3 b7b5 c4b5 b8b5,44
r1b1k2r/p1bpnppp/p7/1N2P3/5B2/2P5/qP2QPPP/2K2B1R w kq -,,0
r5k1/1p3pp1/4p2p/1P1b4/5P2/7P/4B1PK/5R2 w - -,h2g1 a8a2 f1e1 g8f8 h3h4 a2c2 h4h5 f8e7 g1h2 b7b6,-268
6k1/3n1pp1/2R1p1p1/p2pP3/P2P4/5N1P/5PP1/1r4K1 w - -,,0
4rk2/1p3p2/2b3pp/2P5/2KB1P2/6P1/R6P/8 w - -,c4d3 c6e4 d3c3 f8e7 a2d2 e7e6 d4g7 h6h5 h2h3 e4c6,-3
6k1/3n1pp1/2R1p1p1/p2pP3/Pr1P4/5N1P/5PPK/8 w - -,,0
K7/2R5/3r4/8/3k4/1P6/8/8 w - -,a8a7 d6d5 a7a6 d5d6 a6b5 d6d5 b5b4 d5d8 c7c5 d8h8,623
r1bqk1nr/1ppp1ppp/p7/4p3/1bP1P3/2N2N2/PPP2PPP/R1BQK2R w KQkq -,c1d2 d7d6 c3d5 b4d2 f3d2 g8f6 e1h1 e8h8 f1e1 f6d5,-11
3r1rk1/p5p1/b2Pp2p/2n2p1P/2P2B2/P2B1P2/2P3P1/1R3RK1 w - -,f1e1 f8e8 b1b4 d8d7 a3a4 e8c8 a4a5 d7d8 g1h2 d8d7,369
6k1/3r1pp1/8/P1B4p/1pb4P/2b3P1/2B2P2/1R4K1 w - -,,0
r2qk2r/pb3ppp/1pnbpn2/2pp4/3P4/1P3NP1/PBPNPPBP/R2Q1RK1 w kq -,c2c4 e8h8 d4c5 d6c5 a2a3 a7a5 e2e3 d8e7 c4d5 e6d5,6
r2qk2r/2p1bppp/p3p3/3nR1B1/Pp1P4/5N2/1P3PPP/R2Q2K1 w kq -,d1d3 e8h8 g5e7 d8e7 a1c1 h7h6 e5e1 e7d7 d3b3 d5b6,-34
r7/pp1k1p2/n1pbp3/3p4/5qn1/P2P1P2/1PP1Q1K1/R4R2 w - -,d1d3 e8h8 g5e7 d8e7 a1c1 h7h6 e5e1 e7d7 d3b3 d5b6,Mate
6k1/R7/8/p4Np1/8/5P2/r3n3/7K w - -,f5e3 e2d4 e3g4 g8f8 g4e5 f8e8 h1g1 a5a4 g1f1 d4b5,-11
6k1/1p3pp1/2b1p2p/2P1P2P/r2B2P1/4P1K1/5R2/8 w - -,f2e2 a4c4 e2a2 c4c1 a2a8 g8h7 a8a1 c1c2 a1f1 c2g2,-35
r1b2rk1/ppp1b2p/2n1p3/3pN1pq/2PPp3/1P2P1P1/PBQ2PBP/R4RK1 w - -,c4d5 c6e5 d4e5 e6d5 c2c7 h5e8 f2f3 e4f3 f1f3 f8f3,264
r2qk2r/1ppb1p2/p2p1nnp/3Pp3/PPB1P3/2P1R2p/5PPN/RN1Q2K1 w kq -,g2g3 h6h5 b1d2 h5h4 g1h1 e8e7 c4e2 d8f8 c3c4 f8h6,-199
4k3/4r3/P7/8/8/2p1pK2/4R3/8 w - -,,0
1k1r2nr/bpp2p2/p4P2/PP1p3p/3N2p1/2P3P1/3N1PKP/R1R5 w - -,h2h4 g8f6 b5a6 c7c5 d4f5 b7a6 c3c4 h8e8 c1e1 b8c7,-83
r5k1/1ppq1ppp/p2p2n1/7Q/3Pb2N/8/PPPB4/2KR3R w - -,h1h2 g6h4 h5h4 d7c6 d2g5 e4g6 d4d5 c6c5 h4e1 c5c4,347
2kr3r/ppq1bppp/2pp1n2/2n1p3/2P1PP2/2NPBQPP/PP4B1/R3K2R w KQ -,e1h1 f6d7 d3d4 e5d4 e3d4 e7f6 d4f6 d7f6 b2b4 c5e6,125
r4b1r/pp1kqp1p/2pN2p1/2p2b2/8/8/PPPPQ1PP/R1B2RK1 w - -,e2e7 d7e7 d6f5 g6f5 f1f5 f8g7 g1f1 c5c4 a1b1 h8d8,58
r2q1rk1/pb3ppp/1pnbpn2/2pp4/2PP4/1P3NP1/PB1NPPBP/R2Q1RK1 w - -,d4c5 d6c5 a2a3 a7a5 e2e3 d8e7 c4d5 e6d5 d1c2 a8d8,14
6k1/3R4/8/5pP1/5P1K/1r6/8/8 w - -,g5g6 b3b4 h4g5 b4a4 g5f6 a4a8 f6f5 a8a4 f5g5 a4a1,990
6k1/3r1pp1/8/P1B4p/1p5P/1bb3P1/5P2/1R4K1 w - -,,0
r7/ppp1k1pQ/7p/4Kp2/7P/5q2/PB3b2/RN6 w - -,h7g7 e7e8 g7g8 e8e7 g8e6 e7d8 e5f6 f2h4 f6f7 f3c6,51
r2qr1k1/1pp2ppp/p1n2n2/2bpp2b/P1B1P3/2PP1N1P/1P3PP1/R1BQRNK1 w - -,e4d5 f6d5 f1g3 h5g6 a4a5 d5f4 c1f4 e5f4 e1e8 d8e8,93
8/2Q1N2p/4k1p1/5p2/8/8/5PPP/6K1 w - -,c4b3 d5e4 d3e4 d8d1 b3d1 a6a5 g2g4 h5g6 f1g3 f6d7,Mate
5k2/6R1/8/p4Np1/8/5P2/r3n3/7K w - -,g7h7 f8e8 f5d6 e8d8 h7b7 a2d2 d6c4 d2c2 c4d6 c2c6,-12
r2qr1k1/1pp2ppp/p1n5/2bnp2b/P1B5/2PP1N1P/1P3PP1/R1BQRNK1 w - -,f1g3 h5g6 a4a5 d5f4 c1f4 e5f4 e1e8 d8e8 g3f1 h7h6,94
r7/4pk2/2R2pr1/3P4/1p2P3/8/P5Pq/5R1K w - -,h1h2 a8a2 f1g1 a2e2 c6b6 e2e4 g1b1 e4e2 b1g1 g6g4,-95
2rq1rk1/pb3ppp/1pnbpn2/2pp4/2PP4/1P3NP1/PB1NPPBP/2RQ1RK1 w - -,,0
r7/4pk2/2R2pr1/3P3q/1p2PQ2/8/P5P1/5R1K w - -,f4h2 h5h2 h1h2 a8a2 f1g1 a2e2 c6b6 e2e4 g1b1 e4e2,-107
3r1k2/pp3b1p/5p2/5P2/2P3P1/1P2R2P/Pr2B3/R4K2 w - -,a2a3 d8e8 e3e8 f8e8 b3b4 b2b3 f1f2 b7b6 a1c1 b3h3,199
6k1/5pp1/8/P1B4p/1p5P/1Rb3P1/5P2/3r2K1 w - -,,0
5nk1/2R2pp1/4p1p1/p2pP3/Pr1P4/5N1P/5PPK/8 w - -,,0
rnr3k1/pp3pbp/3p1np1/q2Pp3/4P3/2N2BPP/PP3P2/R1BQ1RK1 w - -,a2a4 b8d7 d1e2 a7a6 c1d2 h7h5 g1g2 a5d8 a4a5 f6h7,99
1r3b1r/4k1pp/p1B2p2/1p2p1B1/8/1P4P1/P1n1PP1P/R3R1K1 w - -,g5d2 e7e6 a2a4 c2e1 d2e1 b5b4 a1c1 f8d6 e2e4 h8c8,-172
rnb1kbnr/pp2pppp/8/q7/3p4/2P1B3/PP3PPP/RN1QKBNR w KQkq -,b2b4 a5d8 e3d4 b8c6 f1b5 c8d7 b5c6 d7c6 g1f3 g8h6,-3
r7/pp1k1p2/n1pbp3/3p4/5qP1/P2n1P2/1PP1Q1K1/R4R2 w - -,f1g1 a8h8 g2f1 d3b2 a1b1 b2c4 b1d1 h8h2 g1g2 h2h1,-9605
2r2r2/p1p3kp/5b2/6pq/3PQ3/1P2P1Pb/PB3PBP/2R2RK1 w - -,g2h3 h5h3 c1c6 f8e8 e4d3 e8f8 f1c1 f8f7 d3e4 g7g8,531
r5r1/4pk2/2R2pp1/3Pq2P/1p2PbQ1/8/P5P1/5R1K w - -,g4f4 e5f4 f1f4 a8a2 d5d6 b4b3 c6c7 f7e6 c7e7 e6d6,-1
2kr3r/p4ppp/1p2bn2/2B1p3/4P3/3q2P1/PP3PBP/R2QR1K1 w - -,d1d3 d8d3 g2f1 d3d8 f1a6 c8b8 c5b4 f6e8 a6f1 e8c7,80
3r1rk1/p1q1bpp1/1ppnp2p/8/1PPP4/PN5P/1B2RPP1/1R1Q2K1 w - -,e2c2 d6f5 c2d2 d8d6 d1c2 f8d8 b1d1 d6d7 g2g3 c7b7,-45
r1b1kb1r/pp3ppp/2p5/2p1qP2/4N3/8/PPPPQ1PP/R1B1K2R w KQkq -,e1h1 f8e7 d2d4 e5d4 g1h1 e8h8 f5f6 e7d8 c1f4 f8e8,134
r1bb1rk1/1pp3p1/1n1p2qp/pN2pp2/PnP5/1P1PP1P1/1B1Q1PBP/R2RN1K1 w - -,e1c2 c7c6 c2b4 a5b4 a4a5 b6d7 a5a6 d7c5 a6b7 c8b7,2
r1bqk1nr/1ppp1ppp/p2b4/n3p3/2B1P3/2N2N2/PPPP1PPP/R1BQK2R w KQkq -,c4e2 c7c5 d2d3 a5c6 c1e3 g8f6 f3d2 d6e7 a2a4 d7d6,20
r5k1/1ppq1ppp/p2p4/7Q/3Pb2n/8/PPPB3R/2KR4 w - -,h5h4 d7c6 d2g5 d6d5 d1e1 c6g6 g5f4 f7f6 b2b3 a8d8,353
r5k1/1p3pp1/4p2p/1P6/5P2/5b1P/6PK/5R2 w - -,h3h4 f3d5 g2g4 a8a2 h2g3 g8h7 h4h5 a2a3 g3h2 g7g6,-641
rnbqkb1r/pppn1pp1/3p3p/4p1P1/4P2P/8/PPPP1P2/RNBQKBNR w KQkq -,g1f3 h6g5 f3g5 b8c6 d1f3 d7f6 f1b5 c8d7 c2c3 d8e7,-81
r1bq1rk1/pppp1ppp/2n2n2/2b2N2/2P5/2N5/PP2PPPP/R1BQKB1R w KQ -,f5g3 d7d5 c4d5 c6b4 e2e3 b4d5 c1d2 c8e6 a2a3 d5c3,-14
1k1r3r/ppq1bppp/2pp1n2/2n1p3/2P1PP2/2NPB1PP/PP4B1/R2QK2R w KQ -,e1h1 c5e6 b2b4 d8g8 b4b5 c6c5 a1b1 c7d7 c3d5 h7h5,150
6k1/5pp1/8/P1B4p/1p5P/1Rb3P1/5P1K/r7 w - -,,0
r1bq1rk1/pp1nppbp/3p2p1/2pPn3/2P1P3/2N5/PP2BPPP/R1BQNRK1 w - -,f2f4 f7f5 f4e5 d7e5 e4f5 c8f5 g1h1 f5g4 e1f3 e5f3,365
1r3b1r/6pp/p1B1kp2/1p2p3/8/1P4P1/P1nBPP1P/R3R1K1 w - -,a2a4 c2e1 d2e1 b5b4 a4a5 f8c5 c6e4 h8c8 a1a4 c5d6,-170
8/1p6/1Kb4P/2P5/2r5/4kp2/5R2/4B3 w - -,h6h7 c4c1 h7h8q c1b1 f2b2 b1b2 h8b2 e3e4 b2c3 c6d5,1116
2rqr1k1/pb3ppp/1pnbpn2/2pp4/2PP4/1P3NP1/PB1NPPBP/2RQR1K1 w - -,c4d5 e6d5 a2a3 a7a5 e2e3 c5d4 e3d4 e8e1 f3e1 d8d7,-9
rnbqkb1r/pppn1ppp/3p4/4p1P1/4P3/8/PPPP1P1P/RNBQKBNR w KQkq -,h2h4 b8c6 b1c3 d7b6 a2a4 a7a5 f1g2 h7h6 d2d3 h6g5,-36
3r1rk1/p5p1/b2np2p/2p2p1P/2P2B2/P2B1P2/2PN2P1/1R3RK1 w - -,f1e1 f8e8 f4g3 g8f7 a3a4 d6b7 d2b3 d8c8 g3f2 e8d8,572
2k4r/p2rBppp/1p2bn2/4p3/4P3/3q2P1/PP3PBP/R2QR1K1 w - -,d1a4 d3d4 a4c6 c8b8 a1d1 d4d1 e1d1 d7d1 g2f1 f6e8,80
5k2/pp3b1p/5p2/5P2/P1P3P1/1P2R2P/1r1rB3/R4K2 w - -,a1d1 d2d1 e2d1 a7a5 d1e2 h7h5 f1f2 h5g4 h3g4 b2d2,317
6k1/5pp1/8/P6p/1b5P/1R4P1/5P1K/r7 w - -,,0
r1b1kbnr/pp3ppp/2n5/q3p3/3B4/2P5/PP2QPPP/RN2KBNR w KQkq -,g1f3 f7f6 b1d2 c8e6 g2g3 g8h6 f1g2 f8e7 b2b4 a5c7,-52
r1bb1rk1/1p4p1/1npp2qp/pN2pp2/PnP5/BP1PP1P1/3Q1PBP/R2RN1K1 w - -,a3b4 a5b4 a4a5 b6d7 a5a6 f5f4 e3f4 d8b6 g2e4 g6f6,-18
4rr1k/ppp2p2/2bp1Ppp/4q1n1/4P2R/3B2N1/PPPQ2PP/5R1K w - -,f1f5 e5f6 f5f6 h8g7 f6f1 f7f6 d2f2 a7a5 h4f4 g5h7,703
r2qk2r/2p2ppp/p3pb2/3bR3/Pp1P4/1B3N2/1P3PPP/R2Q2K1 w kq -,b3d5 a8b8 d5c6 e8f8 e5c5 h7h5 d1e2 g7g6 a1d1 f8g7,439
r5k1/1p3pp1/2b1p2p/2P1P2P/3B2P1/4P3/5R2/6K1 w - -,d4b2 a8a4 b2d4 a4c4 g1h2 c4c1 h2g3 c1h1 d4b2 c6e4,-44
r1bqk1nr/1ppp1ppp/p2b4/4p3/2n1P3/2NP1N2/PPP2PPP/R1BQK2R w KQkq -,d3c4 d6b4 c1d2 d7d6 d1e2 g8e7 e1a1 e8h8 c3b1 b4c5,-7
r7/1KR5/6p1/3k1p1p/5P1P/8/8/8 w - -,d3c4 d6b4 c1d2 d7d6 d1e2 g8e7 e1a1 e8h8 c3b1 b4c5,Mate
2r2r2/p1p3kp/5b2/6pq/3PQ3/1P2P1P1/PBR2PbP/5RK1 w - -,e4g2 f8f7 g2e4 h5h3 c2c6 g7g8 b2a3 h3d7 c6e6 h7h5,515
r1b1kb1r/pp2qp1p/2p3p1/2p2P2/4N3/8/PPPPQ1PP/R1B1K2R w KQkq -,d2d3 c8f5 c1g5 e7e6 g5f6 f5e4 e1h1 f8g7 f6g7 h8g8,62
5nk1/2R2pp1/4p1p1/p2pP3/r2P4/5NKP/5PP1/8 w - -,,0
1k5r/p2rBppp/1p2bn2/4p3/4P3/3q2P1/PP3PBP/2RQR1K1 w - -,e7b4 d3d1 e1d1 d7d1 c1d1 f6d7 f2f4 a7a5 b4a3 d7c5,61
1k1r3r/ppq1bppp/2ppnn2/4p3/2P1PP2/2NPB1PP/PP4B1/R2Q1RK1 w - -,b2b4 d8g8 b4b5 c6c5 a2a4 e6d4 a4a5 c7d7 g1h1 h7h6,167
r1bq2r1/1p2b1kp/p4np1/2pN4/2P1PB2/8/P3BPPP/1R3RK1 w - -,d5b6 a8a7 f4e5 c8e6 f1d1 d8e8 f2f4 g7f7 e2f3 f6d7,-434
2rqr1k1/pb3ppp/1pnb1n2/2ppp3/2PP4/1P3NP1/PBQNPPBP/2R1R1K1 w - -,d4e5 c6e5 c1d1 d8c7 c4d5 b7d5 f3e5 d6e5 g2d5 f6d5,80
r2q1rk1/pp1bbppp/4pn2/1N6/2BP1B2/8/PP2QPPP/R2R2K1 w - -,b5c7 a8c8 d4d5 e6d5 c7d5 f8e8 e2d3 d7a4 b2b3 a4c6,33
5rk1/1pqn2np/p2b2p1/3pN3/3P4/2PB4/PP1BQ2P/4R1K1 w - -,e5g4 d7f6 h2h3 f6g4 e2g4 d6h2 g1g2 h2f4 d2f4 f8f4,13
r2qk2r/5pb1/p1np4/1p1Np2p/4PpbP/N5P1/PPP2PB1/R2Q1RK1 w kq -,d1d3 a8b8 c2c3 c6e7 d5e7 d8e7 a3c2 a6a5 g2f3 g4e6,-30
6k1/5pp1/8/r6p/1R5P/6P1/5P1K/8 w - -,,0
r5k1/1pp2ppp/p1qp4/8/3Pb2Q/8/PPPB3R/2KR4 w - -,d2g5 d6d5 d1e1 c6g6 g5f4 f7f6 b2b3 a8d8 h4h3 e4f5,355
1r3b1r/6pp/p1B1kp2/1p2p3/P7/1P4P1/3BPP1P/R3n1K1 w - -,d2e1 b5b4 a4a5 f8c5 c6e4 h8c8 e2e3 f6f5 e4d3 c8c6,-175
rn1q1rk1/ppp1ppbp/5np1/8/2BPP1b1/2N2N2/PPQ2PPP/R1B1K2R w KQ -,c1e3 b8c6 e1a1 f6d7 c4e2 c6b4 c2a4 a7a5 a2a3 d7b6,67
r3r1k1/5pp1/6p1/qPRR4/p2Q1P2/P5P1/7P/6K1 w - -,d5e5 e8e5 c5e5 a8b8 d4c4 b8d8 e5e7 a5b6 g1g2 b6f6,7
3r1rk1/p1q1bpp1/1pp1p2p/2P2n2/1P1P4/PN5P/1B2RPP1/1R1Q2K1 w - -,d1c2 e7f6 a3a4 d8d5 e2e4 f8d8 b2c3 c7b7 c5b6 a7b6,-56
6k1/3R4/8/5pP1/5P1K/8/8/1r6 w - -,h4h5 g8f8 h5g6 b1b6 g6f5 b6b2 f5g6 b2b6 g6h5 b6b5,1237
5rk1/1p1q2np/p2b2p1/3p4/3P4/2PB4/PP1BQ2P/4R1K1 w - -,,0
r1bq1rk1/pppp1pp1/2n2n1p/2b2NB1/2P5/2N5/PP2PPPP/R2QKB1R w KQ -,g5h4 d7d6 d1d3 c6e5 d3c2 c5b4 f5e3 c7c6 a2a3 b4c5,-62
1k5r/p3Bppp/1p2bn2/4p3/4P3/3r2P1/PP3PBP/2R1R1K1 w - -,e7b4 e6a2 g2f1 d3d8 f1b5 f6e8 b4e7 d8d4 e1d1 d4d1,75
r1bq2r1/1p1nb2p/p4ppk/2pN4/2P1P3/8/PQ2BPPP/1R3RK1 w - -,f1d1 e7d6 f2f4 g8f8 g2g4 g6g5 e4e5 f6e5 d5b6 d7b6,-90
3r1rk1/2q1bpp1/1pp1p2p/5n2/1P1P4/PN5P/1B2RPP1/1R1Q2K1 w - -,e2c2 d8d6 b1c1 e7g5 c1a1 f8d8 d1f3 c7d7 f3e4 d6d5,-59
5r1k/p1p3pp/4Q3/4P1q1/2P4n/3P4/PP3PPP/R3R1K1 w - -,e6h3 h4f3 g1h1 f3e1 a1e1 h8g8 h1g1 g5d2 h3e3 d2b2,516
r1b2rk1/p3ppbp/1np3pB/8/4P3/2N3P1/PP3PBP/R2R2K1 w - -,h6g7 g8g7 b2b3 a7a5 e4e5 c8g4 d1d4 g4e6 c3a4 b6a4,22
r2q1b1Q/pp1b1kp1/4p1p1/3p4/3n4/P7/1n1BNPPP/1K1R1B1R w - -,h8h3 b2d1 e2d4 d1f2 h3f3 d8f6 h1g1 f2e4 d2e3 e6e5,-569
1r3b1r/6pp/p1B1kp2/4p3/Pp6/1P4P1/4PP1P/R3B1K1 w - -,a4a5 f8c5 c6e4 h8c8 e2e3 f6f5 e4d3 c8c6 g3g4 g7g6,-188
5RQ1/8/7k/8/8/8/1K1r4/8 w - -,a4a5 f8c5 c6e4 h8c8 e2e3 f6f5 e4d3 c8c6 g3g4 g7g6,Mate
r3kb1r/ppp1pppp/2nq1n2/5b2/Q1pP4/5NP1/PP2PPBP/RNB1K2R w KQkq -,e1h1 d6b4 a4b4 c6b4 b1a3 e7e6 c1d2 f5e4 a3c4 b4c6,52
rnbqk1nr/pppp1pb1/4p2p/6p1/3P4/5NP1/PPP1PPBP/RNBQK2R w KQkq -,h2h4 g5g4 f3e5 b8c6 e5c6 d7c6 c2c3 e6e5 d1a4 e5d4,93
r1b2knr/ppPp1ppp/n2Nq3/b3P3/8/2P5/PP2QPPP/R1B1KB1R w KQ -,,0
8/8/7K/4k2P/8/8/8/6r1 w - -,e2e4 a5c7 f1c4 e6g6 e4h4 g6g2 h1f1 f7f6 c1e3 c7d6,Mate
1R6/5ppk/8/r6p/7P/6P1/5P1K/8 w - -,,0
1k1r3r/ppq1bppp/2pp1n2/4p3/Q1PnPP2/2NPB1PP/PP4B1/R4RK1 w - -,b2b4 f6d7 a4d1 g7g5 f4g5 d8g8 d1d2 h7h6 g5h6 g8g3,136
5nk1/R4pp1/4p1p1/p2pP3/3P4/5NKP/r4PP1/8 w - -,,0
r1b2rk1/p3pp1p/1np3p1/4b3/4P3/2N3P1/PP3PBP/R1BR2K1 w - -,c1h6 e5g7 h6g7 g8g7 b2b3 a7a5 e4e5 c8e6 a1c1 f8c8,29
r1b2rk1/ppp2ppp/2n1pq2/8/2PP4/P4N2/1P3PPP/R2QKB1R w KQ -,f1d3 f8d8 d1a4 g7g6 e1h1 c6d4 f3d4 d8d4 a4e8 g8g7,-127
rnbqk2r/ppp2ppp/3ppb2/3n4/3P1B2/3BPN2/PPPN1PPP/R2QK2R w KQkq -,f4g3 d5b4 d3e2 b8d7 c2c3 b4c6 e1h1 e8h8 d1c2 b7b6,89
3rr1k1/p5p1/b2np2p/2p2p1P/2P2B2/P2B1P2/2PN2P1/1R2R1K1 w - -,f4g3 g8f7 a3a4 d6b7 d2b3 d8c8 d3f1 e8d8 g3f2 c8c6,576
r1r3k1/pp1n1pbp/3p1np1/q2Pp3/P3P3/2N2BPP/1P3P2/R1BQ1RK1 w - -,c3b5 g7f8 c1d2 a5d8 a4a5 h7h5 b2b4 a7a6 b5a3 g8h7,105
r1bq2r1/1p1nb1kp/p4pp1/2pN4/2P1P3/8/P2QBPPP/1R3RK1 w - -,d2e3 d7e5 f1d1 d8f8 f2f4 e5c6 e4e5 g7h8 e5f6 e7f6,-250
r1b2knr/ppbp1ppp/n2Nq3/4P3/4Q3/2P5/PP3PPP/R1B1KB1R w KQ -,,0
1r5r/6pp/p1B1kp2/P1b1p3/1p6/1P4P1/4PP1P/R3B1K1 w - -,e2e3 h8c8 c6e4 f6f5 e4d3 c8c6 d3c4 e6e7 c4d5 c6d6,-180
r1b1r1k1/ppp2ppp/2n1pq2/8/2PP4/P2B1N2/1P3PPP/R2QK2R w KQ -,d1a4 e6e5 d4e5 c8d7 a4c2 c6e5 d3h7 g8f8 e1a1 e5f3,-72
r1b2knr/ppbp1ppp/n2N2q1/4P3/2B1Q3/2P5/PP3PPP/R1B1K2R w KQ -,,0
2rqr1k1/pb3ppp/1p1b1n2/2ppn3/2P5/1P3NP1/PBQNPPBP/2R1R1K1 w - -,c4d5 b7d5 b2e5 d6e5 f3e5 e8e5 e2e4 d5a8 c1d1 d8c7,67
1R6/6pk/5p2/r6p/7P/5PP1/7K/8 w - -,,0
5k2/pp5p/2b2p2/5P2/P1P1r1P1/1P1R3P/3KB3/8 w - -,e2f3 e4e5 f3c6 b7c6 d3d6 f8f7 d6c6 a7a5 d2d3 h7h5,564
r1bq1rk1/pp2pp1p/1np3p1/3Pb3/4P3/2N3P1/PP3PBP/R1BQ1RK1 w - -,c1h6 f8e8 a1c1 c8d7 b2b3 c6d5 e4d5 b6c8 f1e1 e5h8,83
r3r1k1/5pp1/1q4p1/1PRR4/p4P2/P1Q3P1/7P/6K1 w - -,c3c4 a8d8 g1g2 d8d5 c5d5 b6e6 c4d3 e6b6 g2h3 b6e6,5
5r1k/p1pb1r1p/3p1n2/3P1pR1/3BP3/2P2P2/P6P/2K3R1 w - -,,0
r1b2knr/ppbp1ppp/n2N4/4P3/2B4Q/2P5/PP3PqP/R1B1K2R w KQ -,,0
r3r1k1/pppb1ppp/2n1pq2/8/2PP4/P2B1N2/1P3PPP/R2Q1RK1 w - -,d1c2 e6e5 d4d5 c6d4 d3h7 g8f8 f3d4 e5d4 h7d3 g7g6,85
rnb1kb1r/pp3ppp/4pn2/2q5/8/N1P2N2/PP3PPP/R1BQKB1R w KQkq -,c1e3 c5a5 a3b5 f6d5 b2b4 a5d8 e3a7 f8e7 f1c4 b8c6,77
6k1/3R1r2/8/8/5PK1/8/8/8 w - -,c1e3 c5a5 a3b5 f6d5 b2b4 a5d8 e3a7 f8e7 f1c4 b8c6,Mate
8/2K5/2P1k3/7r/8/8/8/8 w - -,c1e3 c5a5 a3b5 f6d5 b2b4 a5d8 e3a7 f8e7 f1c4 b8c6,Mate
r1bq1rk1/pppn3p/3p3Q/3Ppn2/2P1N3/7P/PP2BP2/R3K1NR w KQ -,h6d2 d8h4 e2d3 f5d4 e1a1 d7f6 e4g3 b7b5 c4b5 f6d5,-70
1k1n4/R1p4r/1N1pq3/1P3p2/2P2P2/4PQPr/3P3P/6K1 w - -,h6d2 d8h4 e2d3 f5d4 e1a1 d7f6 e4g3 b7b5 c4b5 f6d5,Mate
5r1k/p1pb1r1p/5n2/3PppR1/3B4/2P2P2/P6P/2K3R1 w - -,,0
1k5r/p2rBppp/1p2bn2/4p3/4P3/6P1/PP3PBP/2RR2K1 w - -,e7d6 d7d6 d1d6 e6a2 f2f3 a2e6 g2f1 h8c8 c1c8 b8c8,236
rnbqk1nr/pp3pb1/2p4p/3p2p1/3P4/2N2NP1/PP2PPBP/R1BQK2R w KQkq -,e1h1 g8f6 h2h4 g5g4 f3e5 b8d7 e2e4 d7e5 d4e5 f6e4,90
8/6p1/5pk1/r6p/7P/1R3PP1/7K/8 w - -,,0
r3r1k1/pppb1p1p/4pqp1/8/2Pn4/P2B1N2/1PQ2PPP/4RRK1 w - -,c2c1 d4f3 g2f3 e6e5 c1h6 f6f3 d3e4 f3f6 e4b7 a8b8,-317
r3kb1r/ppp1pppp/2n2n2/5b2/1qQP4/5NP1/PP2PPBP/RNB1K2R w KQkq -,b1d2 b4c4 d2c4 e7e6 e1h1 f5e4 c1g5 f8e7 e2e3 h7h6,45
7k/1b2Np1p/6p1/8/8/5P2/5KPP/8 w - -,,0
r1bq1r2/pp2ppkp/1np3p1/3P4/4P3/2N3P1/PP3PBP/R2Q1RK1 w - -,d1d4 f7f6 b2b3 e7e5 d4e3 d8e7 a2a4 c8d7 a4a5 b6c8,81
5r1k/p1pb1r1p/5n2/3PB1R1/5p2/2P2P2/P6P/2K3R1 w - -,c3c4 d7c8 c1b2 c7c5 d5d6 h7h6 g5g6 h8h7 e5f6 f7f6,10
r1bq1rk1/pp2ppbp/1np3pB/3P4/4P3/2N3P1/PP3PBP/R2Q1RK1 w - -,h6g7 g8g7 a2a4 a7a5 d1d4 f7f6 f1d1 c8g4 d1c1 g4c8,92
r1b1kb1r/pp2q1pp/2p5/2p3p1/3PN3/6P1/PPP1Q2P/2KR3R w kq -,d4c5 e7e5 h1e1 c8e6 e2h5 g7g6 h5g5 e5g5 e4g5 f8h6,269
2nrr1k1/p5p1/b3p2p/2p1Bp1P/2P5/P2B1P2/2PN2P1/1R2R1K1 w - -,a3a4 c8d6 e5g3 d6f7 g3h4 d8a8 h4f2 a8c8 d2b3 f7d6,583
8/1b2Npkp/6p1/8/6P1/5P2/5K1P/8 w - -,f2g3 g7f8 e7g6 h7g6 f3f4 f8e7 g3h3 e7e6 h3g3 e6d5,-464
4br1k/p1p2r1p/5n2/3PBpR1/8/2P2P2/P6P/2K3R1 w - -,,0
2rqn1k1/p2prppp/1p6/4p3/1PP1P3/P2Q1BP1/5P1P/2RR2K1 w - -,d3e3 h7h6 g1g2 d7d6 c4c5 b6c5 b4c5 c8c6 e3b3 e7c7,64
r1b1kb1r/pp2pppp/1qn2n2/1B6/8/8/PPPPQPPP/RNB1K1NR w KQkq -,g1f3 c8g4 b1a3 a7a6 a3c4 b6c7 b5c6 c7c6 d2d3 a8c8,81
8/6p1/5pk1/7p/5P1P/1R4P1/7K/r7 w - -,,0
r3r1k1/5pp1/1q4p1/1PR5/p4P2/P1Q3P1/7P/3R2K1 w - -,d1d4 a8d8 g1g2 d8d4 c3d4 e8d8 d4e3 b6b7 g2h3 b7d7,-12
1r5r/p2bkp2/3p2pp/1pnP4/2pNP1PP/2P2P2/P3B3/2KR3R w - -,h4h5 b8b6 c1d2 b6a6 d1a1 g6h5 h1h5 c5b3 d4b3 c4b3,26
r1r2bk1/pp1n1p1p/3p1np1/qN1Pp3/P3P3/5BPP/1P3P2/R1BQ1RK1 w - -,c1d2 a5d8 a4a5 h7h5 b2b4 a7a6 b5a3 g8h7 d1b3 f8h6,102
r4b1Q/pp1b1kp1/1q2p1p1/3p4/3n4/P7/1K1BNPPP/3R1B1R w - -,d2b4 f8b4 e2d4 b4e7 b2a2 a8h8 h2h4 h8c8 g2g4 d7a4,-762
5k2/p6p/2p2p2/5P2/P1P2rP1/1P1R3P/3K4/8 w - -,d2e3 f4f1 e3d4 h7h5 d4c5 h5h4 b3b4 f1b1 b4b5 c6b5,611
rnbqkb1r/pppn1ppp/3p4/4p1P1/8/2N1P3/PPPP1P1P/R1BQKBNR w KQkq -,e3e4 d8g5 d2d4 g5e7 g1e2 d7f6 c1g5 b8d7 f2f3 h7h6,-39
4rrk1/1pq2pnp/p5p1/3pbP2/3PB3/2P5/PP1BQ2P/4RRK1 w - -,f5g6 e5d4 c3d4 h7g6 e2g2 e8e4 e1e4 d5e4 g2e4 f8e8,-87
8/6p1/5pk1/7p/5P1P/6P1/1R5K/3r4 w - -,,0
r3kb1r/ppp2ppp/2nq1n2/4pb2/Q1pP1B2/5NP1/PP2PPBP/RN2K2R w KQkq -,d4e5 d6b4 a4b4 f8b4 f3d2 f6d7 g2c6 b7c6 a2a3 b4a5,38
8/8/6p1/2kp1p2/4b2P/4K1P1/p7/B7 w - -,a1c3 f5f4 g3f4 e4f5 c3e5 c5c6 e3f3 c6d7 e5d4 d7d6,-55
b1rq2k1/p4ppp/1p3n2/2p1r3/4P3/1P4P1/P1QN1PBP/2R1R1K1 w - -,d2c4 e5e7 f2f3 d8c7 c4e3 a7a5 a2a3 c8d8 b3b4 a5b4,51
r1bq1r1k/ppp4p/3p1n2/3PpnQ1/2P1N3/7P/PP2BP2/R3K1NR w KQ -,e4f6 d8f6 g5f6 f8f6 g1f3 c8d7 e2d3 a8e8 d3f5 d7f5,-109
5rk1/p1q1bpp1/1pp1p2p/2Pr1n2/1P1P4/PN5P/1B1R1PP1/1R1Q2K1 w - -,a3a4 f8d8 d1e2 e7f6 d2c2 f5d4 b3d4 f6d4 c5b6 c7b6,-71
5k2/1b2Np1p/6p1/8/6PP/5P2/5K2/8 w - -,e7g8 f8g8 f2e2 g8f8 e2e3 f8e7 e3e2 e7f6 e2f2 f6e6,-545
r3r1k1/5pp1/6p1/qPR1Q3/p4P2/P5P1/7P/3R2K1 w - -,,0
r3r1k1/5pp1/q5p1/2R1Q3/pP3P2/P5P1/7P/3R2K1 w - -,,0
r2q1rk1/ppp2ppp/2np1n2/2b1p3/2b1P3/2PP1N2/PP1N1PPP/R1BQR1K1 w - -,b2b4 c5f2 g1f2 c4d3 a2a4 f8e8 f2g1 d6d5 e4d5 d8d5,-322
R4nk1/5pp1/4p1p1/3pP3/p2P4/5NKP/r4PP1/8 w - -,,0
4k3/6R1/4pP2/4r1p1/4P3/5K2/8/8 w - -,g7b7 e8f8 f3g4 e5e4 g4h5 e4f4 h5g6 f8e8 f6f7 e8d8,588
r1b1kb1r/pp3ppp/1qn1pn2/1B6/8/2N5/PPPPQPPP/R1B1K1NR w KQkq -,a2a4 f8d6 g1f3 e8h8 e1h1 a7a6 b5c4 b6c7 h2h3 b7b6,71
2kn4/R6r/1p1pq3/1P3p2/2P2P2/4PQPr/3P3P/6K1 w - -,g1f3 f8d6 b5c4 a7a6 a2a4 e8h8 c3e4 f6e4 e2e4 c6e7,Mate
8/8/3k2p1/3p1p2/3Bb2P/4K1P1/p7/8 w - -,d4f6 d6c6 f6e5 c6c5 e5d4 c5b5 d4h8 b5b4 e3d2 f5f4,-42
8/6p1/5pk1/7p/1R3P1P/6P1/7K/4r3 w - -,,0
7r/pk1r1ppp/1p1Bbn2/4p3/4P3/6P1/PP3PBP/2RR2K1 w - -,d6e5 h8d8 d1d7 d8d7 a2a3 a7a5 f2f4 b6b5 e5c3 b7b6,284
5k2/1b3p2/6p1/8/6PP/5P2/5K2/8 w - -,f2e1 f8e7 e1f2 e7f6 f2e3 f6e5 f3f4 e5f6 e3e2 b7d5,-600
4k3/6R1/4pP2/6p1/4r1K1/8/8/8 w - -,,0
r1rq1bk1/pp1n1p1p/3p1np1/1N1Pp3/P3P3/5BPP/1P1B1P2/R2Q1RK1 w - -,a4a5 a7a6 b5a3 b7b6 a5b6 d7b6 b2b4 d8d7 f3g2 h7h5,101
rnbqkb1r/pppn1pp1/3p3p/4p1P1/7P/2N1P3/PPPP1P2/R1BQKBNR w KQkq -,g5g6 d7f6 g6f7 e8f7 d2d4 e5d4 e3d4 d6d5 g1f3 f8d6,53
r1bqk1nr/ppppppb1/2n3pp/8/3P1B2/2P5/PP1QPPPP/RN2KBNR w KQkq -,e2e4 e7e5 d4e5 c6e5 b1a3 d8e7 e1a1 g8f6 f2f3 d7d6,24
r1bq2r1/1p1nb1kp/p5p1/2pNp3/2P2B2/8/PQ2BPPP/1R3RK1 w - -,e2g4 e7f6 f4g3 e5e4 d5f6 d7f6 b1d1 d8e7 g3d6 e7e8,330
4rrk1/1pq2pnp/p5p1/4PP2/4p3/2P5/PP1BQ2P/4RRK1 w - -,f5g6 h7g6 e2e4 e8e6 c3c4 c7b6 f1f2 b6b2 e1b1 e6e5,-7
rnbqr1k1/pp3ppp/2p2n2/3p2B1/1b1P4/2NBP3/PP2NPPP/R2QK2R w KQ -,e1h1 b8d7 d1c2 h7h6 g5h4 d7f8 a2a3 b4d6 h2h3 c8d7,48
2bqrb1k/2p2p1n/1p1p1Pp1/3Pp1P1/1PP1P3/2N1QNKB/8/R7 w - -,h3c8 d8c8 e3g1 c8a8 a1a8 e8a8 c3b5 f8h6 g1h2 h6f8,528
r1br2k1/pp2bppn/2p1p3/4N3/3Q4/8/PPP2PPP/R1B2RK1 w - -,d4c3 h7f6 f1e1 a7a5 c3g3 a5a4 c1h6 f6e8 h6f4 a4a3,557
r1bqk1nr/ppp2ppp/2np4/2b3N1/3pP3/2P5/PP3PPP/RNBQKB1R w KQkq -,g5f3 d4c3 b1c3 h7h6 f1d3 g8e7 a2a3 c6e5 e1h1 e8h8,-118
4br1k/p1p2r2/5n1p/3PBR2/8/2P2P2/P6P/2K3R1 w - -,g1g6 h8h7 g6f6 f7f6 f5f6 f8f6 e5f6 e8b5 f6d8 b5c4,29
8/8/4kBp1/3p1p2/4b2P/4K1P1/p7/8 w - -,f6h8 e6d6 h8d4 d6c6 e3f4 c6b5 f4e3 b5c4 d4h8 f5f4,-46
8/6p1/5p2/5k1p/1R3P1P/6PK/8/4r3 w - -,,0
r1bqk1nr/pppp1pb1/2n1p1pp/8/3P1B2/2P2N2/PP1QPPPP/RN2KB1R w KQkq -,h2h3 d7d6 e2e4 f7f5 d2c2 g6g5 f4h2 g8e7 b1d2 e8h8,19
r5k1/1pp2ppp/p1q5/3p2B1/3Pb2Q/8/PPP4R/2KR4 w - -,d1e1 c6g6 g5f4 f7f6 b2b3 c7c6 c1b2 a8e8 f4d2 e8a8,361
r1rq1bk1/1p1n1p1p/p2p1np1/PN1Pp3/4P3/5BPP/1P1B1P2/R2Q1RK1 w - -,d1e2 a6b5 b2b4 c8c4 f1c1 a8c8 g1g2 f8e7 e2e3 c8c7,-264
rnbqkb1r/pppn2p1/3p2pp/4p3/7P/2N1P3/PPPP1P2/R1BQKBNR w KQkq -,f1d3 d7f6 d3g6 e8e7 d2d4 d8d7 g1f3 e5d4 f3d4 b8c6,93
r1b2rk1/pp2nppp/1qn1p3/3pP3/1b1P4/N1B2N2/PP3PPP/R2QKB1R w KQ -,f1d3 b4c3 b2c3 b6a5 d1b3 e7g6 d3g6 f7g6 e1h1 a5d8,10
r1bqk2r/ppppnpb1/2n1p1pp/8/3PPB2/2P2N2/PP1Q1PPP/RN2KB1R w KQkq -,b1a3 d7d6 e1a1 g6g5 f4g3 f7f5 e4f5 e7f5 f1d3 e8h8,72
4br2/p1p2r1k/5nRp/3PBR2/8/2P2P2/P6P/2K5 w - -,f5f6 f7f6 g6f6 f8f6 e5f6 e8b5 f6d8 b5c4 a2a3 c4d5,33
3rr3/p4kp1/b2np2p/2p2p1P/2P5/P2B1PB1/2PN2P1/1R2R1K1 w - -,e1e5 d6b7 b1e1 d8c8 g3f2 b7a5 a3a4 a5c6 e5c5 c6b4,590
2b2k2/8/8/5p1P/5K2/5P2/8/8 w - -,h5h6 f8f7 h6h7 f7g7 h7h8q g7h8 f4g5 h8g7 f3f4 g7h7,-1103
3r2k1/ppN1b1p1/3p2q1/2p1nr2/2PpN2p/P2R1P1P/1P1Q1BPK/3R4 w - -,b2b3 g6f7 h2h1 b7b5 c7b5 d8d7 a3a4 a7a6 b5a3 d7b7,230
rnbqk1nr/ppp2ppp/4p3/8/4NP1b/3P4/PPP3PP/R1BQKBNR w KQkq -,g2g3 h4e7 d1g4 d8d4 c2c3 g8h6 g4e2 d4d7 g1f3 c7c5,51
Nr3b1r/3k1ppp/p1n1b3/1p2p3/3n4/1P2N1P1/PB2PPBP/R3R1K1 w - -,a1d1 f8d6 f2f4 f7f6 e3f1 b8a8 e2e3 d4f5 g3g4 f5e7,-254
r1bqk2r/ppp1npb1/2n1p1pp/3p4/3PPB2/2P2N2/PP1QBPPP/RN2K2R w KQkq -,e4e5 g6g5 f4e3 e7f5 g2g4 f5e3 d2e3 f7f6 b1d2 c8d7,62
3r2k1/p1q1bpp1/1pp1p2p/2Pr1n2/1P1P2Q1/PN5P/1B1R1PP1/1R4K1 w - -,d2c2 h6h5 g4e2 b6b5 e2e4 f5h4 g1h1 e7f6 b1e1 h4f5,-75
7r/pk3ppp/1p3n2/4B3/4P3/6P1/bP3PBP/3R2K1 w - -,e5d6 f6e8 e4e5 b7c8 d1a1 e8d6 e5d6 c8d7 a1a2 a7a5,406
r3r1k1/pp2qppn/2p5/5b2/3Pp3/2N1P1Pp/PPQN1P1P/1RR3K1 w - -,c3e2 f5g4 c2d1 a8d8 d1e1 h7f6 e1f1 f6d5 c1c5 d5b4,-161
8/6p1/5p2/5k1p/5P1P/1R4PK/8/3r4 w - -,,0
4rrk1/1pq2p1p/p4Pp1/4P2n/4p3/2P5/PP1BQ2P/4RRK1 w - -,d2h6 c7e5 e2f2 e8e6 h6f8 g8f8 f2d4 e5g5 g1h1 h5f6,-72
r1bqr1k1/pp1n1pp1/2p2n1p/3p4/3P3B/2NBP3/PPQ1NPPb/2R2RK1 w - -,g1h2 f6g4 h2h3 d7f6 d3f5 g7g5 h4g3 e8e4 f5c8 d8c8,-13
8/K1R5/8/3r4/3k4/1P6/8/8 w - -,a7b6 d5d8 b6a7 d4e5 b3b4 d8f8 b4b5 e5d6 b5b6 f8h8,623
rn2kb1r/pp1bpp1p/3p2p1/2pP4/2P4P/2N5/PP1KPPP1/R4BNR w kq -,h4h5 f8g7 e2e3 d7f5 f1e2 g6h5 e2h5 b8d7 g1e2 d7f6,38
rnbqkb1r/pp3ppp/4p1n1/3pP3/1P6/5N2/P2P1PPP/RNBQKB1R w KQkq -,a2a3 d5d4 f1d3 b8c6 d3g6 h7g6 e1h1 d8d5 d1e2 f8e7,-93
2b5/6k1/8/5pKP/8/5P2/8/8 w - -,f3f4 c8d7 h5h6 g7f7 g5h5 f7f6 h6h7 f6g7 h5g5 g7h7,-1187
r4b1r/3k1ppp/p1n1b3/1p2p3/3n4/1P2N1P1/PB2PPBP/3RR1K1 w - -,f2f4 f7f6 e3d5 e6d5 g2d5 f8b4 e1f1 d4e2 g1g2 a8f8,-282
rnb1k2r/p3pp1p/1n4p1/q1p1P3/1p3P2/8/PPPQN1PP/R3KBNR w KQkq -,d2c1 c8b7 h2h4 h7h5 e1f2 c5c4 a2a3 b8c6 a3b4 a5b4,-93
8/1k6/5p2/6pp/6PP/4K3/8/8 w - -,d2c1 c8b7 h2h4 h7h5 e1f2 c5c4 a2a3 b8c6 a3b4 a5b4,Mate
r1bqr1k1/pp1n1pp1/2p4p/3p4/3P2nB/2NBP3/PPQ1NPPK/2R2R2 w - -,h2h3 d7f6 d3f5 g7g5 h4g3 e8e4 f5c8 d8c8 c2d2 g4e3,-35
4br2/p1p4k/5r1p/3PBR2/8/2P2P2/P6P/2K5 w - -,f5f6 f8f6 e5f6 e8b5 f6e5 b5c4 e5c7 c4d5 f3f4 d5a2,37
r1bq1rk1/pppp1ppp/2n2n2/2b5/2P1p3/3P1NP1/PP2PPBP/RNBQ1RK1 w - -,d3e4 f6e4 f3d2 e4d2 c1d2 d7d6 b1c3 f8e8 h2h3 c8f5,51
8/6p1/5p2/1R5p/4kP1P/6PK/8/3r4 w - -,,0
8/4k3/6p1/3p1p2/3Bb2P/4K1P1/p7/8 w - -,d4g7 e7d7 e3f4 d7c6 g7d4 e4c2 f4e3 c6b5 d4g7 b5b4,-42
r1bQ2nr/pp1p1k1p/n2b4/8/5q2/1PPB4/P1K2P1P/R5R1 w - -,d3c4 f4c4 b3c4 d6e7 d8a5 a6c5 a1b1 d7d6 b1e1 c8f5,-468
4b3/p1p4k/5r1p/3PB3/8/2P2P2/P6P/2K5 w - -,e5f6 e8b5 f6d8 b5c4 d8c7 c4d5 f3f4 d5a2 f4f5 h7g8,21
r1bqr1k1/pp3pp1/2p2n1p/3p4/3P2nB/2NBP2K/PPQ1NPP1/2R2R2 w - -,d3f5 g7g5 h4g3 e8e4 f5c8 d8c8 c2d2 g4e3 h3h2 e3f1,-50
q3rb1k/2p2p1n/1p1p1Pp1/3Pp1P1/1PP1P3/2N2NK1/8/R5Q1 w - -,g1h1 e8b8 a1a8 b8a8 c3b5 a8a4 b5c7 a4a3 h1c1 a3b3,582
r1rq1bk1/5p1p/pn1p1np1/3Pp3/4P3/N4BPP/1P1B1P2/R2Q1RK1 w - -,d2a5 a8b8 b2b3 d8d7 g1g2 d7e8 d1d2 b6a8 f1b1 a8c7,115
rn2k2r/pp1bppbp/3p2p1/2pP4/2P1P2P/2N5/PP1K1PP1/R4BNR w kq -,f2f4 d7g4 f1e2 h7h5 g1f3 g4f3 e2f3 b8d7 a2a4 a7a6,13
1r2r1k1/1pq3b1/p3p1pp/2P2p2/8/1N6/PP2QPPP/R3R1K1 w - -,e1d1 c7e5 e2e5 g7e5 g2g3 e8e7 c5c6 b7c6 b3a5 e7c7,-13
2b5/5k2/7P/5pK1/8/5P2/8/8 w - -,f3f4 c8d7 g5h5 f7f6 h6h7 f6g7 h5g5 g7h7 g5f6 h7h6,-1187
2bq1rk1/1p3ppp/r1pb1p2/p7/3P4/2P2N2/PP2QPPP/R1B1R1K1 w - -,h2h3 c8e6 f3d2 a5a4 d2e4 a6a8 e4c5 d6c5 d4c5 d8d5,-26
r1bqr1k1/pp3p2/2p2n1p/3p1Bp1/3P2nB/2N1P2K/PPQ1NPP1/2R2R2 w - -,h4g5 h6g5 g2g3 g4h6 f5c8 d8c8 h3g2 h6f5 c1e1 c8e6,-47
8/p1p4k/5B1p/1b1P4/8/2P2P2/P6P/2K5 w - -,a2a3 b5c4 f6d8 c4d5 f3f4 c7c6 c1d2 h7g6 d2e3 h6h5,19
8/6p1/5p2/1R5p/4kP1P/6P1/3r2K1/8 w - -,,0
R4nk1/5pp1/4p3/3pP1p1/p2P4/6KP/r4PP1/4N3 w - -,,0
2k4r/p4ppp/1p3n2/8/4PB2/6P1/bP3PBP/3R2K1 w - -,d1a1 f6h5 a1a2 h5f4 g3f4 a7a5 a2a1 h8d8 a1c1 c8b8,444
r1bq2k1/pp3p2/2p2n1p/3p1Bp1/3Pr1n1/2N1P1BK/PPQ1NPP1/2R2R2 w - -,f5c8 d8c8 c2d2 e4e7 f2f3 g4e3 h3h2 e3f1 c1f1 c8e6,-56
4r3/r4p1Q/5kp1/8/3q4/7P/5PP1/4R1K1 w - -,e1b1 a7a1 b1a1 d4a1 g1h2 a1e5 g2g3 e5d4 h7h4 d4h4,Mate
5k2/p1p4R/1p6/3p1pPK/r2P1P2/8/8/8 w - -,h5g6 a4d4 g6f6 f8e8 f6f5 d4d3 g5g6 d5d4 h7h8 e8e7,384
4r3/r4p1Q/4k1p1/8/3q4/7P/5PP1/5RK1 w - -,g1h2 e8h8 h7h8 d4h8 f1e1 e6d5 e1d1 d5c4 d1c1 c4d3,-759
r5k1/1pp2ppp/p5q1/3p2B1/3Pb2Q/8/PPP4R/2K1R3 w - -,g5f4 f7f6 b2b3 a8d8 h4h3 e4f5 h3e3 c7c6 c1b2 f5e4,358
2b5/8/5k1P/5p1K/8/5P2/8/8 w - -,f3f4 c8d7 h5h4 f6g6 h6h7 g6h7 h4g3 h7h6 g3f2 h6h5,-20000
1k5r/ppqrbppp/2pp1n2/4p3/QPPnPP2/2NPB1PP/P5B1/R4RK1 w - -,b4b5 e7d8 e3d4 e5d4 b5c6 d4c3 f1b1 c7a5 a4a5 d8a5,210
2k3r1/p6p/2q5/BRn1pp2/P1Pp4/3Q4/2P1KPrP/5R2 w - -,b5c5 c6c5 d3f5 c8b7 f1b1 b7a6 f5e6 a6a5 b1b5 c5b5,386
6k1/5pp1/1r1qp2p/5b2/Q2N1n2/3p4/5PBP/5R1K w - -,a4e8 g8h7 d4f5 e6f5 g2f3 d3d2 e8e3 d6d3 f1d1 b6b1,-627
rn3rk1/pp1bppbp/3p2p1/2pP4/2P1P2P/2NB4/PP1K1PP1/R5NR w - -,h4h5 b8a6 f2f4 g7h6 a1f1 g6g5 f4f5 g5g4 d2d1 h6g5,46
2b5/6kP/8/5p1K/8/5P2/8/8 w - -,h7h8q g7h8 h5g6 h8g8 f3f4 c8d7 g6f6 g8h7 f6e7 d7c8,-9605
rn2k2r/pb2pp1p/1n4p1/q1p1P3/1p3P2/5N2/PPPQN1PP/R3KB1R w KQkq -,h2h4 b7f3 g2f3 b8c6 h4h5 c5c4 h5g6 f7g6 d2e3 e8a8,-72
5k2/p1p4R/1p6/3p1pPK/P2r1P2/8/8/8 w - -,h5g6 d4f4 g6f6 f8e8 g5g6 f4a4 h7c7 a4g4 g6g7 f5f4,179
8/6p1/5p2/1R5p/5P1P/5kPK/3r4/8 w - -,,0
4rrk1/1pq2pnp/p2b2p1/4NP2/3Pp3/2P5/PP1BQ2P/4RRK1 w - -,,0
r1bq1rk1/ppp2ppp/3p1n2/4p3/2P1P3/2NQb3/PPP1NPPP/R4RK1 w - -,d3e3 c8e6 b2b3 f6g4 e3d2 d8h4 h2h3 g4f6 f2f3 f6h5,19
2k4r/p4ppp/1p3n2/8/2b1PB2/6P1/1P3PBP/R5K1 w - -,a1a7 f6e8 g2h3 c4e6 h3f1 e6d7 f1c4 c8d8 c4f7 h7h6,534
r1bQ2nr/pp1pbk1p/n7/8/2P5/2P5/P1K2P1P/R5R1 w - -,d8a5 a6c5 a1b1 d7d6 b1e1 c8f5 c2d1 a8c8 g1g3 g8f6,-474
8/1k6/5p2/7P/7p/4K3/8/8 w - -,d8a5 a6c5 a1b1 d7d6 b1e1 c8f5 c2d1 a8c8 g1g3 g8f6,Mate
r1br2k1/pp3ppn/2p1pb2/4N3/8/2Q5/PPP2PPP/R1B2RK1 w - -,c1f4 h7f8 c3g3 a7a5 h2h4 f8g6 e5g6 f7g6 a1d1 d8d5,568
r1bqkb1r/1p4pp/2p2p2/p2pP3/P7/3Q4/1PP1NPPP/R1B2RK1 w kq -,d3g3 f6e5 f1e1 d8c7 e2d4 f8d6 c1f4 e8h8 f4e5 d6e5,21
5k2/p1p4R/1p4K1/3p1pP1/P4r2/8/8/8 w - -,g6f6 f8e8 g5g6 f4a4 h7c7 a4g4 g6g7 f5f4 g7g8q g4g8,187
8/6p1/5p2/7p/5P1P/1R4PK/3rk3/8 w - -,,0
r1b3nr/pp1pbk1p/8/Q1n5/2P5/2P5/P1K2P1P/R5R1 w - -,a1b1 d7d6 b1e1 c8f5 c2d2 a8c8 e1e3 g8f6 g1e1 h8e8,-463
r4rk1/ppqbbppp/4p3/6N1/3B1n1P/5B2/PPP1QPP1/1K1R3R w - -,e2e4 f4g6 e4b7 a8c8 b7c7 c8c7 h4h5 e7g5 h5g6 f7f6,282
1rbb1rk1/1p4p1/1npp2qp/p4p2/PnPPp3/BPN1P1P1/3Q1PBP/R2RN1K1 w - -,c3e2 b6d7 a3b4 a5b4 d2b4 d8c7 b4d2 d7f6 d4d5 c6c5,58
R4nk1/6p1/4pp2/3pP1p1/p2P4/5K1P/r4PP1/4N3 w - -,,0
3q1rk1/1p3ppp/r1pbbp2/p7/3P4/2P5/PP1NQPPP/R1B1R1K1 w - -,e2f3 d8c7 h2h3 f6f5 f3d3 a5a4 d2c4 b7b5 c4d6 c7d6,-24
8/3k4/1Rp5/P1P5/1P6/1K3r2/8/8 w - -,b3b2 f3f2 b2a3 f2f3 a3a4 f3f1 b6b7 d7c8 b7h7 c8b8,329
3k4/4r3/P7/8/8/4pK2/4R3/8 w - -,,0
2r1r3/p4kp1/b2np2p/2p1Rp1P/2P5/P2B1PB1/2PN2P1/1R4K1 w - -,b1e1 d6b7 a3a4 b7a5 g3f2 a5c6 e5c5 e8d8 e1b1 d8d7,604
8/1k6/5p1P/8/8/4K2p/8/8 w - -,b1e1 d6b7 a3a4 b7a5 g3f2 a5c6 e5c5 e8d8 e1b1 d8d7,Mate
6k1/5pp1/1r1q3p/5p2/Q4n2/3p4/5PBP/5R1K w - -,g2a8 d3d2 a4c2 b6b8 a8f3 d6d4 f3c6 b8d8 c2d1 g7g6,-692
2kr4/R4ppp/1p3n2/8/2b1PB2/6P1/1P3PBP/6K1 w - -,a7c7 c8b8 c7c4 b8a7 c4c7 a7a6 g2f1 a6a5 e4e5 f6e4,671
8/2R5/8/K2r4/3k4/1P6/8/8 w - -,a5a6 d5d6 a6b5 d6d5 b5b4 d5d8 c7c5 d8b8 c5b5 b8e8,623
r2q3k/pp1n1r1p/2pp1p2/3NnR2/2P2R2/1P6/P2QB1PP/6K1 w - -,d5e3 d7c5 f4d4 c5e6 d4d6 f7d7 d6d7 d8d7 d2d7 e5d7,48
5K2/1P1p4/3p4/p7/B7/8/4Nk1p/8 w - -,d5e3 d7c5 f4d4 c5e6 d4d6 f7d7 d6d7 d8d7 d2d7 e5d7,Mate
rn3rk1/pp1bp1bp/3p2p1/2pP1p2/2P1PP1P/2NB4/PP1K2P1/R5NR w - -,a1e1 e7e5 d5e6 d7e6 e4f5 e6f5 d3f5 g6f5 g1f3 b8c6,73
8/1k5P/5p2/8/8/4K3/7p/8 w - -,g2g3 f5e4 d3e4 b7b5 c4b5 a7a6 b5b6 d7f5 e4f5 g6f5,Mate
r1bq1rk1/3nbppp/p2ppn2/1p6/3NP3/P1N1BP2/1PPQ2PP/2KR1B1R w - -,d4c6 d8e8 c6e7 e8e7 d2d6 e7d8 h2h4 h7h5 e4e5 f6e8,327
8/6p1/8/5p1p/5P1P/1R4P1/3rk1K1/8 w - -,,0
4r3/r3kp1Q/1R2p1p1/8/3q4/7P/5PP1/5RK1 w - -,f1e1 d4b6 h7h4 e7d7 e1c1 b6d6 h4f6 e8f8 c1b1 d7c8,-409
r1b1k2r/1p2nppp/pqn1p3/3pP3/1b1P4/N1B2N2/PP3PPP/R2QKB1R w KQkq -,d1b3 b4c3 b2c3 b6c7 f1d3 c6a5 b3b4 c8d7 e1h1 b7b5,-14
2n5/1p6/1p4k1/3p1n1p/P2P3P/2K2BB1/8/8 w - -,g3f4 b6b5 a4b5 c8a7 b5b6 a7c8 f3d5 c8b6 d5e4 g6f6,17
r1bq2k1/ppp1nrbp/3p1n1B/3PppQ1/2P1P3/2N4P/PP2BP2/R3K1NR w KQ -,h6g7 f6e4 c3e4 f7g7 e4f6 g8h8 g5d2 g7g6 f6h5 f5f4,257
8/8/2b3p1/1p1p2Pk/1PpP4/2P2RKN/3r4/8 w - -,h6g7 f6e4 c3e4 f7g7 e4f6 g8h8 g5d2 g7g6 f6h5 f5f4,Mate
1k1r4/2R2ppp/1p3n2/8/2b1PB2/6P1/1P3PBP/6K1 w - -,c7c4 b8b7 c4c7 b7a6 g2f1 b6b5 c7f7 d8d1 f4e3 a6a5,693
R4n2/5kp1/4pp2/3pP1p1/p2P4/3N1K1P/r4PP1/8 w - -,,0
rn1qk2r/ppp1bppp/3p1n2/8/2B1Pp2/3P1Q1P/PPP3P1/RNB1K2R w KQkq -,c1f4 b8c6 b1c3 e8h8 e1a1 c6e5 f3f2 e5c4 d3c4 f6d7,53
3q1rk1/1p3ppp/r1p1bp2/p7/1bPP4/8/PP1NQPPP/R1B1R1K1 w - -,d4d5 c6d5 a2a3 b4c5 c4d5 e6d5 d2f1 a6e6 c1e3 c5d6,-145
1k5r/p1qrbppp/1ppp1n2/4p3/QPPnPP2/2NPB1PP/P5B1/1R3RK1 w - -,e3d4 e5d4 c3e2 h8c8 e2d4 b6b5 a4a6 c7b7 a6b7 b8b7,377
r5k1/p5bp/1p2p1p1/3bN3/3P4/2q5/PP4PP/4RBK1 w - -,b2c3 a8c8 c3c4 g7e5 d4e5 d5c4 e1c1 b6b5 a2a4 a7a6,-78
8/3k4/1Rp5/P1P5/1PK2r2/8/8/8 w - -,c4b3 f4f3 b3a4 f3f1 b6b7 d7c8 b7e7 f1a1 a4b3 c8b8,393
2rq2k1/p4ppp/1p3n2/2p1r3/2b5/1P4P1/P1Q1PPBP/2R1R1K1 w - -,b3c4 g7g5 c1d1 d8e7 h2h3 h7h6 a2a4 c8d8 d1d8 e7d8,33
rnrq2k1/pp3pbp/3p1np1/3Pp3/4P3/2N2BPP/PP1B1P2/R2Q1RK1 w - -,a2a4 b8a6 d1e2 a6c5 a1a3 a7a5 f1c1 h7h5 c3b5 g7f8,99
8/2k5/1Rp5/P1P5/1P3r2/3K4/8/8 w - -,a5a6 f4f3 d3c2 f3a3 c2b1 a3a4 b1b2 c7d7 b2c3 a4a1,61
1Q3K2/3p4/3p4/p7/B7/8/4Nk2/7q w - -,d3e3 f4h4 a5a6 h4h3 e3e4 h3a3 e4e5 a3e3 e5f5 e3a3,Mate
r2qk2r/ppp2ppp/5n2/3Pp3/1b6/2N2QPP/PPPP1P2/R1B1K2R w KQkq -,e1h1 e8h8 d2d3 d8d7 g1g2 f8e8 a1b1 b7b6 f1e1 b4c3,13
7r/pp1bbkp1/1q2p1p1/3p4/3N4/P7/K4PPP/3R1B1R w - -,f1e2 h8c8 d1d3 e6e5 h1b1 b6c5 d4b5 d5d4 b1b2 e5e4,-793
r3k2r/p3pp1p/1nn3p1/q1p1P3/1p3P2/5PN1/PPPQ3P/R3KB1R w KQkq -,g3e4 a8d8 d2c1 c6d4 e1f2 c5c4 c2c3 d4e6 c3b4 a5b4,-166
8/8/pp5p/4k1pP/PPP2p2/3K2P1/8/8 w - -,g3f4 e5f4 c4c5 b6c5 b4b5 a6b5 a4a5 c5c4 d3e2 b5b4,465
8/6p1/8/1R3p1p/5P1P/4k1P1/3r2K1/8 w - -,,0
3q1rk1/1p3ppp/r1p1bp2/p7/2PP4/P7/1P1bQPPP/R1B1R1K1 w - -,e1f1 d2c1 f1c1 d8d4 c1c3 a6a8 a1d1 d4e5 c3e3 e5f4,-461
8/6k1/4b3/5pKP/5P2/8/8/8 w - -,e1f1 d2c1 f1c1 d8d4 c1c3 a6a8 a1d1 d4e5 c3e3 e5f4,Mate
rn4k1/pp2p2p/3p2p1/2pP1r2/2P2P1P/2K5/PP4P1/R5NR w - -,a1e1 b8d7 e1e7 d7f6 g1e2 b7b5 b2b3 a7a5 e7e6 a5a4,97
rnbqkb1r/pp2p3/5p2/2pp2pp/3Pn2B/4PN1P/PPPN1PP1/R2QKB1R w KQkq -,f1d3 g5h4 c2c4 e7e6 c4d5 e6d5 d2e4 d5e4 d3e4 f6f5,-248
4rr1k/ppp2p2/2bp1Ppp/5Rn1/3qP2R/3B2N1/PPPQ2PP/7K w - -,f1d3 g5h4 c2c4 e7e6 c4d5 e6d5 d2e4 d5e4 d3e4 f6f5,Mate
3r4/1k3ppp/1p3n2/8/R3PB2/6P1/1P3PBP/6K1 w - -,e4e5 f6d5 a4a1 b7c6 a1d1 c6c5 f4c1 d8d7 h2h4 c5c4,684
2r1r3/pn3kp1/b3p2p/2p1Rp1P/2P5/P2B1PB1/2PN2P1/4R1K1 w - -,d2b3 b7d6 b3d2 d6b7 a3a4 b7a5 g3f2 a6b7 e5c5 c8c5,596
4Nnk1/1q3p2/pp4p1/4n3/8/1P4PP/P4B2/2Q3K1 w - -,,0
r5k1/1pp3pp/p4pq1/3p4/3PbB1Q/8/PPP4R/2K1R3 w - -,b2b3 c7c6 c1b2 a8e8 f4d2 e8f8 a2a4 f8e8 h4f4 g6f7,358
r2qk2r/ppp2ppp/5n2/3Pp3/8/2b2QPP/PPPP1P2/R1B2RK1 w kq -,f3e2 c3d4 c2c3 d4b6 e2e5 d8e7 e5e7 e8e7 d2d4 e7d7,-502
r1q2rk1/ppBbbppp/4pn2/1N6/2BP4/8/PP2QPPP/R2R2K1 w - -,a1c1 a7a6 c7d6 a6b5 d6e7 b5c4 e7f6 g7f6 c1c4 c8b8,-258
7R/2rr1kp1/p3p3/1p1q1p2/n4P1Q/P4P2/4B2P/6RK w - -,a1c1 a7a6 c7d6 a6b5 d6e7 b5c4 e7f6 g7f6 c1c4 c8b8,Mate
r1rq2k1/pp3pbp/n2p1np1/3Pp3/P3P3/2N2BPP/1P1B1P2/R2Q1RK1 w - -,a1a3 c8c4 d1b1 d8f8 g3g4 f6d7 a4a5 c4d4 d2e3 f8e7,102
8/8/6p1/1R3p1p/5P1P/4k1PK/3r4/8 w - -,,0
4Q3/5ppk/1r1q3p/5p2/5n2/3p4/5PBP/5R1K w - -,e8c8 f4g2 c8f5 d6g6 f5g6 b6g6 f1d1 g2f4 h2h4 g6g4,-902
3r4/2k5/1Rp5/P1P5/1P1K4/8/8/8 w - -,d4c3 d8d1 c3c2 d1g1 c2b2 g1g2 b2b3 g2g3 b3c4 g3f3,37
4r3/8/8/1R6/1K1k4/1P6/8/8 w - -,b4a4 d4e4 b3b4 e4f3 b5f5 f3e4 f5g5 e8e6 b4b5 e4f4,623
1k5r/pq1rbppp/1ppp1n2/4p3/QPPnPP2/2NPB1PP/P5BK/1R3R2 w - -,e3d4 e5d4 b4b5 c6c5 e4e5 b7c8 e5f6 d4c3 f6e7 d7e7,375
3r4/1k3ppp/1p6/3nP3/R4B2/6P1/1P3PBP/6K1 w - -,a4a1 h7h5 a1d1 b7c6 f4g5 f7f6 e5f6 g7f6 g5e3 b6b5,681
3r2k1/pp2bq2/3p4/2pNnrp1/2PpN2p/P2R1P1P/1P3BPK/3RQ3 w - -,e1f1 d8e8 h2g1 b7b6 b2b3 e5d3 f1d3 f5e5 a3a4 f7f5,246
r4rk1/pp1bppbp/n2p2p1/2pP3P/2P1P3/2NB4/PP1K1PP1/R5NR w - -,f2f4 g7h6 a1f1 g6g5 f4g5 h6g5 d2d1 g5e3 g1f3 f7f6,51
r2q1rk1/ppp2ppp/5n2/3Pp3/1b6/2N2QPP/PPPP1P2/R1B2RK1 w - -,f1e1 f8e8 f3f5 d8c8 f5c8 a8c8 a2a3 b4c3 b2c3 f6d5,15
1rbb1rk1/1p4p1/1n1p2qp/p1p2p2/PnPPp3/BP2P1P1/3QNPBP/R2RN1K1 w - -,d4c5 d6c5 e1c2 g6f7 c2b4 a5b4 a3b2 c8e6 d2c2 d8c7,77
8/5k2/4b2P/5pK1/5P2/8/8/8 w - -,d4c5 d6c5 e1c2 g6f7 c2b4 a5b4 a3b2 c8e6 d2c2 d8c7,Mate
r2qk2r/2p1bp1p/p3pp2/3bR3/Pp1P4/1B3N2/1P3PPP/R2Q2K1 w kq -,b3d5 e6d5 e5h5 d8d7 d1d3 h7h6 g2g3 e8d8 a1e1 a6a5,202
r1br2k1/pp4pn/2p1pp2/4B3/8/2Q5/PPP2PPP/R4RK1 w - -,e5g3 h7g5 f1e1 e6e5 f2f4 e5f4 g3f4 g5e6 f4e3 d8d5,575
r1b2r1k/pp1nq1bp/2pp2p1/4pp1n/2PP4/2N1PN1P/PP3PPB/R2QRBK1 w - -,b2b4 e5e4 f3d2 d7f6 b4b5 g6g5 f1e2 g5g4 h3g4 f5g4,80
1k5r/pq1rbppp/1ppp1n2/8/QPPpPP2/2NP2PP/P5BK/1R3R2 w - -,b4b5 c6c5 e4e5 b7c8 e5f6 d4c3 f6e7 h8e8 a4c2 d7e7,397
8/8/4bk1P/5p1K/5P2/8/8/8 w - -,b4b5 c6c5 e4e5 b7c8 e5f6 d4c3 f6e7 h8e8 a4c2 d7e7,Mate
8/3B4/1k6/3KQ3/8/8/8/8 w - -,b4b5 c6c5 e4e5 b7c8 e5f6 d4c3 f6e7 h8e8 a4c2 d7e7,Mate
r2q1rk1/1pp1npp1/1b1pbn1p/pB2p3/P3P3/2PP1N1P/1P1N1PP1/R1BQR1K1 w - -,d3d4 e7g6 b5d3 d8d7 d2f1 f6h5 f1e3 h5f4 d3c2 e5d4,27
5r2/2k5/1Rp5/P1P5/1P6/4K3/8/8 w - -,a5a6 f8e8 e3d4 e8a8 d4c3 a8g8 b6b7 c7c8 b7h7 c8b8,790
r4k2/1p3pp1/4p2p/1P6/5P2/5R1P/6PK/8 w - -,f4f5 e6f5 f3f5 a8a5 f5c5 b7b6 c5c8 f8e7 c8c7 e7e8,-252
r2q1b1Q/pp1b1kp1/4p1p1/3pn3/8/PnB5/1P3PPP/2KR1BNR w - -,c1b1 d5d4 c3b4 f8b4 h8d8 a8d8 a3b4 d7a4 g1f3 e5f3,-17
r1b1k2r/pp2ppbp/2n2np1/1Bq5/2p1PB2/5N2/P2N1PPP/1R1Q1RK1 w kq -,e4e5 f6d5 d2e4 c5b5 b1b5 d5f4 d1c2 a7a6 b5c5 e8h8,111
4Nnk1/4qp2/pp4p1/4n3/8/1PQ3PP/P4B2/6K1 w - -,,0
8/5Qpk/1r1q3p/5p2/8/3p4/5PnP/5R1K w - -,f1g1 d6e5 f7a2 g2h4 a2c4 d3d2 g1d1 e5e1 c4f1 e1f1,-9605
8/8/6p1/5p1p/5P1P/6PK/3rk3/1R6 w - -,,0
8/8/8/1R6/K2k4/1P6/8/4r3 w - -,b5h5 e1a1 a4b5 a1a7 b3b4 a7a8 b5c6 a8a6 c6b7 a6e6,623
r4rk1/ppnbppbp/3p2p1/2pP3P/2P1P3/2NB4/PP1KNPP1/R6R w - -,h5h6 g7h8 f2f4 a8b8 a2a4 c7a6 e2g1 a6b4 g1f3 a7a6,26
3r4/5ppp/1pk5/3nP3/3R1B2/6P1/1P3PBP/6K1 w - -,h2h4 c6c5 d4d1 c5c4 f4g5 f7f6 e5f6 g7f6 g5e3 d5e3,710
8/6kP/4b3/5p1K/5P2/8/8/8 w - -,d4d1 c6c5 f4g5 f7f6 e5f6 g7f6 g5e3 d5e3 d1d8 e3c4,Mate
2rq1rk1/ppNbbppp/4pn2/8/2BP1B2/8/PP2QPPP/R2R2K1 w - -,c4e6 f7e6 c7e6 d7e6 e2e6 g8h8 a1c1 c8c1 d1c1 f6g8,-280
r1b1k2r/pp2ppbp/2n3p1/1BqnP3/2p2B2/5N2/P2N1PPP/1R1Q1RK1 w kq -,b5c4 d5f4 d1a4 c5a5 c4f7 e8f7 a4f4 f7e8 d2c4 a5d5,-265
r1bq1rk1/pp2ppbp/1np3p1/n2P4/4P3/5NP1/PPQ2PBP/RNB2RK1 w - -,d5c6 a5c6 f1d1 d8e8 b1c3 c8g4 c3d5 a8c8 c2b3 c6a5,-21
r2qkb1r/ppp2ppp/2np1n2/4p3/2b1PP2/3P1N2/PPP1Q1PP/RNB1K2R w KQkq -,d3c4 e5f4 c1f4 d8d7 b1c3 e8a8 e1a1 d7g4 e2e3 d8e8,17
8/6k1/2b3p1/1p1p2P1/1PpP4/2P2RKN/3r4/8 w - -,h3f4 g7f7 f4d3 f7e7 f3e3 e7d8 d3f4 c6e8 e3e5 d2d1,248
8/7k/4b3/5pK1/5P2/8/8/8 w - -,h3f4 g7f7 f4d3 f7e7 f3e3 e7d8 d3f4 c6e8 e3e5 d2d1,Mate
R4n2/5kp1/4pp2/3pP1p1/pN1P4/r4K1P/5PP1/8 w - -,f3g4 a3c3 g4h5 c3c4 a8a7 f7e8 e5f6 g7f6 a7a8 e8d7,-142
1k5r/pq1rbppp/2pp1n2/1p6/QPPpPP2/3P2PP/P3N1BK/1R3R2 w - -,c4b5 c6b5 a4b3 h7h5 e4e5 f6g4 h3g4 h5g4 h2g1 d6d5,394
r4rk1/ppnb1pbp/3pp1p1/2pP3P/P1P1P3/2NB4/1P1KNPP1/R6R w - -,f2f4 b7b6 a1g1 e6d5 e4d5 a7a6 c3e4 d7a4 h5h6 g7h8,37
r5k1/1p4pp/p1p2pq1/3p4/3PbB1Q/1P6/P1P4R/2K1R3 w - -,c1b2 a8f8 f4d6 f8d8 d6b4 d8e8 b4d2 g6f5 e1g1 f5e6,351
r1br1nk1/pp4p1/2p1pp2/8/8/2Q3B1/PPP2PPP/R4RK1 w - -,f1d1 d8d5 h2h3 e6e5 d1d5 c6d5 c3b3 a8b8 b3d5 c8e6,603
8/3b3k/5K2/5p2/5P2/8/8/8 w - -,f1d1 d8d5 h2h3 e6e5 d1d5 c6d5 c3b3 a8b8 b3d5 c8e6,Mate
r1bq1rk1/1ppp1ppp/2n2n2/p1b1p3/4P3/P2P1N1P/1PP1BPP1/RNBQK2R w KQ -,c1g5 h7h6 g5e3 c5e3 f2e3 d7d5 e4d5 f6d5 d1d2 d8e7,-37
8/8/6p1/5p1p/1R3P1P/6PK/3r1k2/8 w - -,,0
r2qk2r/ppp1bppp/2np1n2/4p3/2P1PP2/5N2/PPP1Q1PP/RNB1K2R w KQkq -,b1c3 d8d7 f4f5 e8a8 c1g5 c6d4 e2d1 d7c6 d1d3 d4f5,21
r1b2r1k/p2nq1bp/1ppp2p1/4pp1n/2PP4/2N1PN1P/PP3PPB/2RQRBK1 w - -,b2b4 e5e4 f3d2 c8b7 d1b3 g6g5 c4c5 d6d5 b4b5 e7f7,108
8/6pk/1r4qp/5Q2/8/3p4/5PnP/5R1K w - -,f5g6 b6g6 f1d1 g2f4 h2h3 f4h3 d1d2 h3f4 h1h2 g6g5,Mate
8/3b4/6k1/4Kp2/5P2/8/8/8 w - -,f5g6 b6g6 f1d1 g2f4 h2h3 f4h3 d1d2 h3f4 h1h2 g6g5,Mate
3q1rk1/pprbbppp/4pn2/3P4/2B2B2/8/PP2QPPP/R2R2K1 w - -,b2b3 e6d5 f4c7 d8c7 e2e7 d5c4 b3c4 f8e8 e7a3 a7a6,-322
1rbb1rk1/1p4p1/1n1p1q1p/p1p2p2/PnPPpN2/BP2P1P1/3Q1PBP/R2RN1K1 w - -,e1c2 d8c7 a3b2 f6f7 d4c5 d6c5 c2b4 c5b4 g2f1 c7f4,135
r1rq2k1/pp3pbp/3p1np1/1NnPp3/P3P3/5BPP/1P1B1P2/R2Q1RK1 w - -,b5c3 d8f8 a4a5 g7h6 d2e1 a7a6 b2b4 c5d7 f3e2 f8d8,68
1b1r2k1/1b2qppp/1p2pn2/p3N3/1PP2B2/P7/2BRQPPP/6K1 w - -,b4b5 b8c7 a3a4 h7h6 h2h4 d8d2 e2d2 e7d6 d2d6 c7d6,5
r1b1k2r/pp2ppbp/1qn3p1/1B1nP3/2p1NB2/5N2/P4PPP/1R1Q1RK1 w kq -,d1d5 c8e6 b5c6 b7c6 d5d2 b6d8 d2e3 e8h8 h2h4 d8c8,336
5K2/3p4/1Q1p4/p7/B7/8/4k3/7q w - -,b5c4 d5f4 b1b6 a7b6 e4g5 h7h6 c4f7 e8f8 f7d5 c6e5,Mate
r4rk1/ppnb1pbp/3p2p1/2pp3P/P1P1P3/2NB4/1PK1NPP1/R6R w - -,c4d5 a7a6 a4a5 d7b5 e2g3 f8b8 d3e2 b5d7 c3a4 d7a4,-34
r1bq2r1/1p2b1kp/p5p1/2pNn3/2P5/8/PQ2BPPP/1R3RK1 w - -,b2e5 e7f6 d5f6 d8f6 e5c5 g8e8 e2f3 f6e5 c5b4 e5d4,322
6k1/6p1/p6p/1pp1P3/3r4/P6P/1P4P1/4R1K1 w - -,e1e3 g8f7 e5e6 f7e7 b2b3 c5c4 b3c4 d4c4 g1f2 c4c2,-198
2n5/1p2n3/1p3k2/3p3p/P2P1B1P/2K5/6B1/8 w - -,g2f3 f6g7 f4c7 g7g6 c7b8 b6b5 a4b5 b7b6 c3d3 g6h6,231
3q1rk1/pp1bbppp/2rPpn2/8/2B2B2/8/PP2QPPP/R2R2K1 w - -,d6e7 d8e7 c4b5 f8e8 b5c6 d7c6 f4g5 h7h6 g5f6 e7f6,99
8/6pk/6rp/8/8/3p4/5PnP/5R1K w - -,c4b3 f8e8 d6e7 d8e7 h2h3 e6e5 d1e1 e5e4 a1c1 h7h6,Mate
2rqr1k1/pb3ppp/1pnbpn2/3p4/2Pp4/1P3NP1/PBQNPPBP/2R1R1K1 w - -,f3d4 c6d4 b2d4 e6e5 d4c3 d8e7 e2e3 h7h6 c1d1 e8d8,-40
4r3/2k5/1Rp5/P1P5/1PK5/8/8/8 w - -,a5a6 e8e1 b6b7 c7c8 b7h7 c8b8 h7h6 e1c1 c4b3 b8c7,839
r1b2rk1/3n1ppp/p2qpn2/1p6/4P3/P1N1BP2/1PP3PP/2KR1B1R w - -,g2g4 d6e7 g4g5 f6h5 f3f4 c8b7 f1h3 g8h8 h1g1 b5b4,-532
8/7B/8/5K2/6N1/8/8/5k2 w - -,f5e4 f1e2 g4e5 e2d2 e4d4 d2e2 e5c4 e2f3 d4e5 f3g4,191
rnbq1rk1/5pp1/p2p1b1p/1PpP4/8/3B1N2/1P3PPP/RN1Q1RK1 w - -,d1b3 a8a7 b3c2 d8b6 b1d2 a6b5 d2e4 f6e7 a1a7 b6a7,-33
r1bqr1k1/1p1n1pp1/2pp3p/p1bNp3/2P1P3/1P1QB1N1/P1P2PPP/3R1RK1 w - -,d5c3 e8e6 g3f5 c5b4 c3a4 b7b6 e3c1 b6b5 c2c3 b5a4,53
r5k1/5pbp/pB2b1p1/P1Npp3/1qp5/8/2Q2PPP/3R1BK1 w - -,c5e6 f7e6 d1b1 b4a3 h2h4 a8c8 g2g3 g8h8 g1h2 a3d6,152
2r1r3/p4kp1/b2np2p/2p1Rp1P/2P5/PN1B1PB1/2P3P1/4R1K1 w - -,b3d2 d6b7 g3f2 b7a5 a3a4 a6b7 e5c5 c8c5 f2c5 a5c6,607
8/6k1/2b3p1/1p1p2P1/1PpP1N2/2P2RK1/2r5/8 w - -,f4e6 g7h7 f3f7 h7g8 f7f8 g8h7 f8c8 c2e2 c8c6 e2e3,628
r6k/2pb2rq/1p1p1Q2/p2Pp3/1PP1Pbp1/P1N5/4K1B1/7R w - -,c4c5 h7h1 g2h1 a5b4 a3b4 b6c5 b4c5 h8g8 e2d3 a8f8,-390
r1rq2k1/pp3pbp/3p1np1/2nPp3/P3P3/2N2BPP/1P1B1P2/R2QR1K1 w - -,d2e3 a7a5 a1a3 g7f8 g1g2 f8e7 d1e2 h7h5 e1c1 e7f8,81
2rqr1k1/pb3ppp/1p1bpn2/3p4/2Pn4/1P4P1/PBQNPPBP/2R1R1K1 w - -,b2d4 e6e5 d4c3 d8e7 e2e3 h7h6 c2b1 c8d8 c1d1 a7a5,-39
rnbq1rk1/ppp1p1bp/3ppnp1/6N1/3P4/3B4/PPPN1PPP/R1BQK2R w KQ -,d1e2 b8c6 g5e6 c8e6 e2e6 g8h8 c2c3 d8d7 d3c4 d7e6,52
8/2k5/PRp5/2P5/1PK1r3/8/8/8 w - -,c4c3 e4e8 b6b7 c7c8 c3b3 e8e1 b7h7 c8b8 h7h6 b8c7,840
1b1r2k1/pb2qppp/1p2pn2/4N3/1PP2B2/P7/2B1QPPP/3R2K1 w - -,f4g3 h7h6 d1c1 f6d7 e5d7 b8g3 h2g3 e7d7 c1d1 d7c7,8
6B1/8/7N/5K2/8/8/8/5k2 w - -,f5e5 f1e2 g8h7 e2d2 e5d4 d2e2 h7g6 e2d2 h6g4 d2e2,176
4r3/2k5/PRp5/2P5/1P6/3K4/8/8 w - -,d3c3 e8g8 b6b7 c7c8 c3c4 g8d8 c4b3 d8d1 b7g7 c8b8,840
2r2rk1/pp1bqppp/4pn2/1B6/5B2/8/PP2QPPP/R2R2K1 w - -,f4d6 e7e8 b5d7 f6d7 a1c1 c8c1 d1c1 e8d8 d6f8 d7f8,303
8/7k/2b1N1p1/1p1p2P1/1PpP4/2P2RK1/2r5/8 w - -,f3f7 h7h8 f7f8 h8h7 f8c8 c2e2 c8c6 e2e1 c6c7 h7h8,703
1rb2rk1/1pb3p1/1n1p1q1p/p1p2p2/PnPPpN2/BP2P1P1/2NQ1PBP/R2R2K1 w - -,a3b2 f6f7 c2b4 c5b4 d4d5 f8e8 g2f1 e8d8 d2c2 b6d7,156
2rqr1k1/pb3ppp/1p1b1n2/3pp3/2PB4/1P4P1/P1QNPPBP/2R1R1K1 w - -,d4c3 d8e7 e2e3 h7h6 a2a4 d6a3 c1a1 a3c5 a1d1 e5e4,-39
r2q1rk1/1p2npp1/1bppbn1p/pB2p3/P2PP3/2P2N1P/1P1N1PP1/R1BQR1K1 w - -,b5d3 e7g6 d2f1 e5d4 f3d4 e6d7 d3c2 d6d5 e4e5 f6e4,40
8/6pk/6rp/8/5n2/3p4/5P1P/3R3K w - -,d4e5 d6e5 b5c4 e6c4 d2c4 d8d1 e1d1 b6c7 c1e3 f6e4,Mate
rnbq1rk1/5pp1/p2p3p/1ppP4/P6b/3B1N2/1P3PPP/RN1Q1RK1 w - -,b1d2 h4f6 a4b5 f6b2 a1a2 b2f6 d2e4 c8b7 d1b3 a6b5,-50
8/PKR5/4k1p1/5p1p/5P1P/1r6/8/8 w - -,b7c8 b3a3 c8b8 e6d6 c7g7 a3b3 g7b7 b3a3 a7a8q a3a8,1089
r4rk1/1p1n1ppp/p1p1pn2/5b2/2NP4/1P4P1/1P1NPPBP/R4RK1 w - -,b3b4 h7h6 e2e4 f5h7 f2f3 g7g5 d2b3 g5g4 f1e1 g4f3,109
8/8/8/RK2r3/1P1k4/8/8/8 w - -,b5a4 e5e2 a5h5 d4c4 h5c5 c4d4 c5c6 d4e5 a4b5 e2e4,623
7k/5R2/2b1N1p1/1p1p2P1/1PpP4/2P3K1/2r5/8 w - -,f7f8 h8h7 f8c8 c2e2 c8c6 e2e3 g3f4 e3e4 f4f3 e4e1,779
2rq1rk1/pp1nppbp/6p1/2p5/3PP1b1/2P1BN2/P3BPPP/2RQ1RK1 w - -,h2h3 g4f3 e2f3 b7b5 e4e5 d7b6 f1e1 c5d4 c3d4 e7e6,36
r1b3rk/2p2R1n/1p1p2Q1/p2Pp3/1PP1Pbpq/P1N5/4K1B1/R7 w - -,g6g8 h8g8 f7f4 e5f4 a1a2 f4f3 g2f3 g4f3 e2f3 h4h3,-970
r2qrnk1/1b2bpn1/p3p2B/1p2N1pP/2pP2P1/P1N1P2R/1P2QP2/1B1RK3 w - -,h6g7 e7f6 g7f6 d8f6 f2f4 g5f4 e2f2 f6e7 g4g5 f4f3,625
2rqn1k1/p3rppp/1p1pp3/8/PPP5/3Q1BP1/4PP1P/2RR2K1 w - -,b4b5 c8c5 f3c6 h7h6 c1c3 d8c8 h2h4 c8c7 e2e3 h6h5,72
r1bq2r1/1p4kp/p4bp1/2pNQ3/2P5/8/P3BPPP/1R3RK1 w - -,d5f6 d8f6 e5c5 g8e8 e2f3 f6e5 c5b4 e5d4 f1d1 d4f6,328
r2r1nk1/pp1b2p1/2p1pp2/8/8/2Q3B1/PPP2PPP/R2R2K1 w - -,c3b3 a7a5 a2a4 b7b5 g3c7 b5a4 b3c4 d8c8 d1d7 a8a7,597
8/8/k1p5/2P5/1P2K3/8/8/8 w - -,c3b3 a7a5 a2a4 b7b5 g3c7 b5a4 b3c4 d8c8 d1d7 a8a7,Mate
2rq1b1Q/pp1b1kp1/4p1p1/3pn3/8/PnB5/1PK2PPP/3R1BNR w - -,h8h3 d5d4 g1f3 e5f3 h3f3 f7g8 f1d3 d7a4 d3g6 d8g5,-238
2r2bk1/q4p1p/5pp1/1R1Q4/3P4/2P2NP1/4rP1P/1R4K1 w - -,b5a5 a7e7 a5a8 c8c3 b1b8 c3c1 g1g2 c1c2 g2h3 h7h5,63
2r1qrk1/pp1b1ppp/3Bpn2/1B6/8/8/PP2QPPP/R2R2K1 w - -,b5d7 f6d7 a1c1 h7h6 e2d2 c8a8 d6f8 d7f8 c1c7 e8b5,318
5R2/7k/2b1N1p1/1p1p2P1/1PpP4/2P3K1/2r5/8 w - -,f8c8 c2c3 g3f4 c3b3 f4e5 b3e3 e5d6 e3b3 c8c6 b3b4,796
2K5/P1R5/4k1p1/5p1p/5P1P/r7/8/8 w - -,c8b8 a3b3 c7b7 b3d3 a7a8q d3d8 b8a7 d8a8 a7a8 e6d5,9605
2kr1b1r/ppp2ppp/2n5/4P3/4QPb1/3B2Pq/PPP2K1P/RNB4R w - -,d3f1 h3h5 c1e3 f7f6 f1d3 c6b4 b1c3 d8d3 c2d3 g4f5,-183
2r1r3/p4kp1/3np2p/2N1Rp1P/2b5/P2B1PB1/2P3P1/4R1K1 w - -,a3a4 c4d5 g3f2 e8e7 a4a5 d6c4 e5e2 c8c7 a5a6 c4b2,546
r1bq1rk1/4bppp/p2ppn2/1pn5/3NP1P1/P1N1BP2/1PPQ3P/2KR1B1R w - -,d4c6 d8e8 c6e7 e8e7 d2d6 e7d6 d1d6 c5b7 d6d2 e6e5,375
8/3kP2r/5KR1/8/8/8/8/8 w - -,,0
3r2k1/pp2bq2/3p4/2pN1rp1/2npN2p/PR3P1P/1P3BPK/3RQ3 w - -,d5e7 f7e7 e4g5 d8e8 g5e4 e7e5 h2g1 b7b6 f2h4 e8e6,267
5r1k/p1p3pp/8/4P1q1/2P5/3P1n1Q/PP3PPP/R3R1K1 w - -,g1h1 f3e1 a1e1 h8g8 h1g1 g5d2 h3e3 d2b2 e5e6 g7g6,506
r1bq1rk1/pp2pp1p/1n4p1/n2N4/4PB2/5NP1/Pb3PBP/R2Q1RK1 w - -,a1b1 b6d5 e4d5 b2a3 f4h6 f8e8 f3g5 a3d6 b1c1 f7f6,65
1K6/P1R5/4k1p1/5p1p/5P1P/1r6/8/8 w - -,d5b6 a7b6 a1b1 b2g7 d1c1 c8e6 f1d1 d8c8 c1c8 f8c8,Mate
R7/5kp1/4ppn1/3pP1p1/pN1P4/r6P/4KPP1/8 w - -,a8a7 f7g8 b4d3 f6e5 d4e5 g6f4 d3f4 g5f4 a7a6 a3a1,-94
2n1r1k1/2B2pbp/4q1p1/pPQ2n2/R3N2P/3p4/5PP1/5RK1 w - -,b5b6 c8b6 c7b6 d3d2 c5a5 e6c6 b6c5 g7h6 a4c4 f5h4,360
r1bq1rk1/4bppp/p2ppn2/1p6/n2NP1PP/P1N1BP2/1PPQ4/2KR1B1R w - -,c3a4 c8b7 a4c3 d6d5 g4g5 f6h5 e4d5 h5g3 h1g1 g3f1,400
2kr3r/pp2qppp/2p1bn2/4b3/7Q/2NB4/PPPB2PP/2KR3R w - -,h1f1 h8e8 h2h3 e7c7 d3c4 c7b6 f1e1 e6c4 h4c4 f6d5,-117
5r1k/p1p3pp/8/4P1q1/2P5/3P3Q/PP3PPP/R3n2K w - -,a1e1 g7g6 e5e6 g5d2 h3e3 d2e3 e1e3 c7c5 h1g1 h8g7,533
2kr1b1r/ppp3pp/2n2p2/4P3/4QPb1/3BB1Pq/PPP2K1P/RN5R w - -,e5e6 d8e8 e4g2 h3g2 f2g2 c6b4 b1c3 b4d3 c2d3 e8e6,-119
6k1/pbb1qppp/1p2pn2/4N3/1PP2B2/P7/2BQ1PPP/6K1 w - -,g2g4 h7h5 h2h3 h5g4 h3g4 a7a5 f4g3 f6e4 c2e4 b7e4,-12
r1bq1rk1/pp2ppbp/1n4p1/n2N4/4PB2/5NP1/P4PBP/1R1Q1RK1 w - -,d5c7 a8b8 d1d8 f8d8 c7d5 b8a8 f4c7 d8f8 d5e7 g8h8,79
3nkn2/8/8/pPpPpPpP/PpPpPpPp/8/8/3NKN2 w - -,,0
r1b1k3/1pqn2b1/2p3pp/p3p2n/P3P3/2N1B2P/QPP2PP1/R2R2K1 w - -,a2e6 e8f8 d1d7 c7d7 e3c5 d7e7 e6e7 f8g8 e7e8 g8h7,779
r1rq2k1/1p3pbp/3p1np1/p1nPp3/P3P3/2N2BPP/1PQB1P2/R3R1K1 w - -,d2g5 h7h6 g5e3 h6h5 a1a3 g8h7 c2d2 d8d7 g1g2 g7f8,72
1K6/PR6/4k1p1/5p1p/5P1P/r7/8/8 w - -,d2e3 d8f8 f3g4 c5d7 c2d2 h7h5 g4f3 c8c4 b2b3 c4b4,Mate
8/8/8/R7/KP1k4/8/8/4r3 w - -,a5c5 e1e3 c5h5 d4d3 a4a5 d3c3 b4b5 c3c2 h5c5 c2d2,623
r2q1rk1/3bbppp/p2ppn2/1p5P/n2NP1P1/P1N1BP2/1PPQ4/2KR1B1R w - -,c3a4 b5a4 g4g5 f6e8 c1b1 d8c7 b1a1 a8b8 d1b1 e6e5,199
1rb2rk1/1pb3p1/1n1p1q1p/p4p2/PpPPpN2/BP2P1P1/3Q1PBP/R2R2K1 w - -,c4c5 d6c5 d4c5 f8d8 d2a2 d8d1 a1d1 c7f4 g3f4 b4a3,-37
r3k2r/pp3ppp/2pb1n2/q2p4/3P2b1/2NBPN2/PP3PPP/R2Q1RK1 w kq -,h2h3 g4f3 d1f3 e8h8 g2g3 a5d8 a1d1 g7g6 g1g2 g8g7,-5
5K2/3p4/1Q1p4/pB6/8/8/3k4/7q w - -,h2h3 g4f3 d1f3 e8h8 g2g3 a5d8 a1d1 g7g6 g1g2 g8g7,Mate
1r3rk1/1p1n1ppp/p1pNpn2/5b2/3P4/1P4P1/1P1NPPBP/R4RK1 w - -,e2e4 f5g6 f2f3 h7h6 d2c4 f6e8 d6e8 f8e8 f1d1 e8d8,49
8/8/2p5/1kP1K3/1P6/8/8/8 w - -,h2h4 f5g6 e2e4 d7b6 d2c4 b6c8 d6c8 f8c8 f2f3 f6e8,Mate
3r2k1/pp2q3/3p4/2p2rp1/2npN2p/PR3P1P/1P3BPK/3RQ3 w - -,e4g5 d8e8 g5e4 e7e5 h2g1 b7b6 f2h4 e8e6 e1f2 d6d5,264
r2q1rk1/1p3pp1/1bppbnnp/p3p3/P2PP3/2PB1N1P/1P1N1PP1/R1BQR1K1 w - -,d2f1 f6h5 c1e3 f8e8 d3c2 h5f4 f1g3 b6c7 g3f5 d8f6,27
1rbq1rk1/ppN1ppbp/1n4p1/n7/4PB2/5NP1/P4PBP/1R1Q1RK1 w - -,c7d5 b8a8 d5c7 a8b8 d1d8 f8d8 c7d5 b8a8 f4c7 d8f8,80
r3r1k1/p4ppp/3n2nP/3p2P1/3P4/7N/P3PPK1/R6R w - -,e2e3 d6e4 g2f3 f7f6 g5f6 e8f8 a1c1 f8f6 f3e2 g7h6,-359
5k2/R5p1/4ppn1/3pP1p1/pN1P4/r6P/4KPP1/8 w - -,g2g3 f6e5 b4c6 a3a2 e2e3 f8g8 d4e5 a2a1 a7a8 g8f7,-45
8/5k2/3p2p1/p2P2Kp/P6P/8/6P1/8 w - -,,0
5k2/1p3pp1/4p2p/rP6/5P2/2R4P/6PK/8 w - -,c3b3 g7g5 h2g3 f8g7 b3b4 f7f5 b4b3 g7f6 h3h4 g5f4,-264
r3k2r/pp3ppp/2pb1n2/q2p3b/3P4/2NBPN1P/PP3PP1/R2Q1RK1 w kq -,,0
2r1r1k1/pb1q1ppp/1p1b1n2/3pp3/2P5/1P4P1/PBQNPPBP/2R1R1K1 w - -,e2e3 d5c4 g2b7 d7b7 b3c4 d6b4 e1d1 h7h5 c2f5 b4d2,-68
r3r1k1/pp2qppp/1np5/5b2/3Pp3/1PN1P3/P1QN1PPP/1RR3K1 w - -,a2a4 h7h5 a4a5 b6d5 c3d5 c6d5 c2c5 e7d7 c5c7 e8c8,15
2kr3r/ppq2ppp/2p1bn2/4b3/7Q/2NB4/PPPB2PP/2KRR3 w - -,h4g5 f6d7 d3f5 f7f6 g5g4 e6f5 g4f5 c8b8 g2g3 d7b6,-124
r2r1nk1/pp1b4/2p1pp2/6p1/3R4/2Q3B1/PPP2PPP/R5K1 w - -,d4d6 g8g7 a1d1 b7b5 g3e5 f6e5 c3e5 g7f7 h2h4 c6c5,723
8/7p/6p1/6PP/3k1K2/8/8/8 w - -,h5g6 h7g6 f4g4 d4e4 g4g3 e4f5 g3f3 f5g5 f3g3 g5h5,Mate
1rbr2k1/ppN1ppbp/1n4p1/n7/4PB2/5NP1/P4PBP/1R3RK1 w - -,c7d5 b8a8 f4c7 d8f8 d5e7 g8h8 e7d5 a5c6 f1d1 h7h6,72
2rq1b2/pp1b1kp1/4p1p1/4n3/3p4/PnB4Q/1PK2PPP/3R1BNR w - -,g1f3 e5f3 h3f3 f7g8 f1d3 d7a4 d3g6 d8g5 g6f7 g8h8,-229
r1bq1rk1/ppp1p1bp/2npp1p1/6N1/3P2nP/3B1N2/PPP2PP1/R1BQK2R w KQ -,g5h7 g8h7 f3g5 h7g8 d1g4 e6e5 g4e4 c8f5 e4d5 e7e6,158
r2qnrk1/3bb1p1/p2pp1Pp/1p6/n2NP3/P1N1BP2/1PPQ4/2KR1B1R w - -,c3a4 b5a4 f1c4 f8f6 e3h6 f6g6 h6e3 d8c7 c4a2 c7b7,366
6k1/pbb1qpp1/1p2pn1p/4N3/1PP2B2/P5P1/2BQ1P1P/6K1 w - -,d2e2 a7a5 h2h4 a5b4 a3b4 e7b4 e5f7 g8f7 f4c7 b4c5,-9
8/8/8/7K/1P6/2P4k/p1P5/8 w - -,d2e2 a7a5 h2h4 a5b4 a3b4 e7b4 e5f7 g8f7 f4c7 b4c5,Mate
8/8/R7/3k4/KP6/8/8/4r3 w - -,a6h6 e1b1 a4b5 b1e1 b5a5 d5e5 h6c6 e1d1 a5a6 d1a1,623
r4rk1/1p3pbp/p2p2p1/P1pP3P/b2NP3/3B4/1PK2PP1/R6R w - -,c2d2 g7d4 a1a4 d4f2 b2b4 f8c8 h1b1 c5c4 d3e2 c8e8,-73
r1br2k1/pp2ppbp/1n4p1/n2N4/4PB2/5NP1/P4PBP/1R3RK1 w - -,d5c7 a8b8 c7d5 b8a8 f4c7 d8f8 d5e7 g8h8 e7d5 a5c6,74
r2q1rk1/pp1nppbp/6p1/8/3pP1b1/2P1BN2/P3BPPP/2RQ1RK1 w - -,c3d4 d7b6 d4d5 d8d7 h2h3 g4f3 e2f3 a8c8 c1c8 d7c8,70
r1bk4/1pqn2b1/2p1Q1pp/p3p2n/P3P3/2N1B2P/1PP2PP1/R2R2K1 w - -,e3c5 c7d6 c5d6 g7f8 d6f8 h5g7 f8g7 d8c7 e6d6 c7b6,9605
8/7K/3p2p1/p2P1k1p/P6P/8/6P1/8 w - -,,0
8/8/8/1P5K/8/2P4k/2P5/q7 w - -,g2g3 g6g5 h7g7 g5g4 g7h6 f5e4 h6h5 e4f3 h5g6 f3g3,Mate
r1b2r1k/p1p4p/3p1n2/3P1p2/3BP3/2P2q2/P2Q3P/2KR2R1 w - -,g2g3 g6g5 h7g7 g5g4 g7h6 f5e4 h6h5 e4f3 h5g6 f3g3,Mate
8/5ppp/1p6/3kP3/5B2/6P1/1P3P1P/6K1 w - -,g1f1 d5e4 f1e2 g7g6 f2f3 e4d4 e5e6 f7e6 f4e3 d4c4,613
8/7p/6p1/6PP/4k1K1/8/8/8 w - -,g4h4 e4f5 h4h3 f5g5 h5g6 h7g6 h3g3 g5h5 g3h3 g6g5,Mate
4r1k1/5pp1/6p1/5b2/2Q5/2R4P/5PP1/6K1 w - -,c4c6 e8d8 g1h2 d8b8 c6d6 b8f8 d6c7 f8e8 c3b3 f5e6,540
2kr1b1r/ppp4p/5p2/8/1n3Pb1/3BB1Pq/PPP2KQP/RN5R w - -,h1e1 h3h5 b1c3 b4d3 c2d3 f8b4 d3d4 g4d7 d4d5 b4c3,-126
2r2bk1/1R3p1p/5pp1/3Q4/3P4/2P2NP1/q3rP1P/1R4K1 w - -,d5b3 e2f2 b3a2 f2a2 b1b3 a2c2 b7b8 c8c4 f3e1 c2c3,-78
r3k2r/ppq2ppp/2pb1n2/3p3b/3P4/2N1PN1P/PP2BPP1/R2Q1RK1 w kq -,a1c1 c7e7 f1e1 e8h8 d1b3 h5g6 f3e5 g6f5 e2d3 f5d3,-29
r4rk1/1p3p1p/p2p2p1/P1pP3P/R2bP3/3B4/1PK2PP1/7R w - -,f2f4 a8e8 h5h6 f7f6 a4c4 g6g5 g2g3 d4f2 b2b4 c5b4,24
r1b2rk1/ppB1ppbp/1n4p1/n2N4/4P3/5NP1/P4PBP/1R3RK1 w - -,d5e7 g8h8 e7d5 a5c6 c7f4 c8g4 h2h3 g4f3 g2f3 c6d4,67
1rbqr1k1/5pbp/p2p1np1/1pp1n3/2P1P3/1PN1B1PP/P1Q1NPB1/R4RK1 w - -,a1d1 d8c7 f2f4 e5d7 c3d5 f6d5 c4d5 c8b7 g3g4 c5c4,45
r1b1k2r/p3p2p/2n1p1p1/q1p1n1N1/1p6/5P2/PPPQN1PP/R3KB1R w KQkq -,e2g3 c6d4 a1d1 h7h6 c2c3 h6g5 c3d4 c5d4 f1d3 e5d3,-89
2r2bk1/1R3p1p/5pp1/8/3P4/2P2NP1/r4P1P/1R4K1 w - -,b1b6 g8g7 d4d5 c8c3 f3d4 a2a8 g1g2 c3c4 d4e6 g7g8,32
8/5ppp/1p6/4P3/2k2B2/6P1/1P3P1P/5K2 w - -,f1e2 c4d4 f4e3 d4e5 e3b6 e5e4 b6e3 f7f6 b2b4 f6f5,643
2b1k3/3pn3/5P1p/B1r5/Pp6/1P3B2/5PPP/3R2K1 w - -,a5b4 c5e5 f6e7 e5f5 f3e4 f5f6 f2f4 f6e6 e4f3 d7d6,1091
1rb2rk1/1pb2qp1/1n1p3p/p4p2/PpPPpN2/1P2P1P1/1B1Q1PBP/R2R2K1 w - -,d4d5 f8e8 g2f1 b6d7 f4e6 c7b6 b2g7 d7c5 e6c5 f7g7,125
8/6K1/3p2p1/p2P3p/P5kP/8/6P1/8 w - -,g7g6 g4h4 g6f7 h4g3 f7e6 g3g2 e6d6 h5h4 d6c6 h4h3,3
4r1k1/5pp1/4b1p1/8/2Q5/4R2P/5PP1/6K1 w - -,c4c7 g8h7 g1h2 e8f8 e3d3 f8e8 d3d4 e8f8 c7e7 h7g8,536
rnbq1rk1/ppp2ppp/3b1n2/8/8/2N4N/PPP1PPPP/R1BQKB1R w KQ -,h3f4 d8e7 f4d5 f6d5 c3d5 e7e5 c1f4 e5b2 f4d6 c7d6,40
r3k2r/pp2qppp/2pb1n2/3p3b/3P4/2N1PN1P/PP2BPP1/2RQ1RK1 w kq -,f1e1 e8h8 d1b3 h5g6 f3e5 g6f5 e2d3 f5d3 e5d3 a8b8,-36
r2qnrk1/3bb1p1/p2pp1PB/1p6/3NP3/P1n2P2/1PPQ4/2KR1B1R w - -,h6f4 f8f4 d2c3 e7g5 c1b1 d8f6 c3b3 a8c8 h1h5 f4h4,-115
r1bq1rk1/ppp1p1bN/2npp1p1/8/3P3P/3B1N2/PPP2nP1/R1BQK2R w KQ -,e1f2 g8h7 h4h5 c6b4 h5g6 h7g8 h1h7 f8f3 d1f3 b4d3,370
8/2k5/PRp5/2P5/1PK5/8/8/r7 w - -,c4d3 a1a4 d3e4 a4a1 e4e3 a1a4 e3f4 a4a1 f4e4 a1e1,32
8/5ppp/1p6/4P3/5B2/1k4P1/1P2KP1P/8 w - -,e5e6 f7e6 f4e5 g7g6 e2f3 b6b5 f3g4 b3b4 g4g5 b4c4,682
8/8/3p2K1/p2P3p/P6k/8/6P1/8 w - -,,0
r4r1k/pb1nq1bp/1ppp2p1/4pp1n/1PPP4/2N1PN1P/P4PPB/2RQRBK1 w - -,c4c5 d6d5 d4e5 d7e5 f3e5 g7e5 h2e5 e7e5 c3e2 h5f6,150
2R5/1p2kpp1/4p2p/rP6/5P2/7P/6PK/8 w - -,c8g8 e7f6 g8h8 a5b5 g2g4 b5b2 h2g3 b2b3 g3g2 b7b5,-313
r5k1/5pp1/4b1p1/8/8/4R2P/4QPP1/6K1 w - -,g1h2 a8d8 e2e1 g8h7 e3e4 h7g8 e1a5 d8c8 e4d4 c8e8,536
2b1k3/3pn3/5p1p/B1R1P1r1/Pp6/1P3B2/5PPP/3R2K1 w - -,e5f6 g5c5 a5b4 c5e5 f6e7 e5f5 f3e4 f5f6 f2f4 f6e6,948
4rrk1/1pq2pnp/p4Pp1/3pb3/3Pn3/2PB4/PP1BQ2P/4RRK1 w - -,f6g7 e5g7 e2g2 c7c6 g1h1 e8e6 d2f4 f8e8 e1e3 e8e7,-189
1r2r1k1/1p1n1ppp/p1p1p1b1/8/2NPP3/1P4P1/1P3PBP/R4RK1 w - -,f1d1 e8d8 b3b4 d7f8 f2f4 f7f6 c4a5 g6f7 g1f2 f8g6,46
r2q1rk1/3bb1p1/p2ppnPB/1p6/3NP3/P1P2P2/2PQ4/2KR1B1R w - -,h6g7 f6h7 d2h2 e7h4 h2h4 d8h4 h1h4 h7g5 g7f8 a8f8,607
r4rk1/1p5p/p2p1pp1/P1pP3P/R2bPP2/3B4/1PK3P1/7R w - -,b2b4 g6g5 g2g3 f8c8 b4c5 c8c5 c2d2 d4c3 d2e2 c5a5,27
1rbqr1k1/5pbp/3p1np1/1pp1n3/4P3/1PN1B1PP/P1Q1NPB1/R4RK1 w - -,a2a3 b5b4 a3b4 c5b4 c3a2 c8a6 a2c1 a6b7 a1a7 e5d7,-59
r5k1/1pp2ppp/p1q3b1/3p2B1/3P3Q/8/PPP4R/2K1R3 w - -,g5f4 a8f8 h4g3 f8c8 b2b3 c6d7 h2e2 g6e4 c1b2 f7f6,355
8/6pk/7p/8/5n1P/3p4/5Pr1/3R3K w - -,g5f4 a8f8 h4g3 f8c8 b2b3 c6d7 h2e2 g6e4 c1b2 f7f6,Mate
2rq1rk1/p2nbppp/bp2pn2/2pp4/2PP1B2/1P2PNP1/P1Q2PBP/RN1R2K1 w - -,f4e5 d5c4 d4c5 c8c5 b3b4 c5d5 b1c3 d5d1 a1d1 e7b4,-102
2kr1b1r/ppp4p/5p2/8/5P2/3PB1Pb/PP3K1P/RN5R w - -,h1d1 h7h5 b1d2 d8d3 d2e4 d3d1 a1d1 f8e7 d1e1 b7b6,-8
8/5ppp/8/1p2P3/8/1k2B1P1/1P2KP1P/8 w - -,e3d4 g7g6 e2d3 b3b4 f2f4 h7h5 d3e4 b4c4 d4c3 c4b3,849
8/1pR2pp1/3kp2p/rP6/5P2/7P/6PK/8 w - -,,0
8/3k4/PRp5/2P5/1P1K4/8/8/r7 w - -,d4e5 a1e1 e5f5 e1a1 f5g6 d7c7 g6h5 a1h1 h5g4 h1g1,37
8/3Q4/5k2/8/3K1r2/8/8/8 w - -,d4c4 d7c7 c4d4 a1d1 d4c3 d1a1 b6b7 c7c8 b7a7 c8b8,Mate
r3k2r/pp2qppp/2pb1n2/3p4/3P3N/2N1P2P/PP2bPP1/2RQ1RK1 w kq -,d1e2 g7g6 h4f3 e8h8 g2g3 g8g7 g1g2 a8e8 a2a3 a7a6,-36
r2q1rk1/1pp2pp1/4b2p/pP1pP3/1b1Pn3/5N1P/1P1B1PP1/RN1QR1K1 w - -,d2c3 d8d7 d1e2 b4c3 b1c3 e4c3 b2c3 f8c8 f3h4 c7c5,-36
8/8/3K4/p2P4/P6p/8/6k1/8 w - -,,0
8/8/8/7K/2p5/pP5k/PP6/8 w - -,d6c6 h4h3 d5d6 h3h2 d6d7 h2h1q d7d8q g2h3 d8d5 h1d5,Mate
r7/6pk/4Q1p1/8/8/7P/5PP1/6K1 w - -,e6e4 a8f8 g2g4 f8f6 h3h4 h7g8 g1g2 g8f7 e4b7 f7g8,658
r2q1rk1/1pp2pp1/4b2p/1P1pP3/1p1Pn3/5N1P/1P3PP1/RN1QR1K1 w - -,b1d2 a8a1 d1a1 e6h3 a1d1 h3e6 d1a4 d8e7 a4a7 e4d2,-39
2r2rk1/1p5p/p2p1pp1/P1pP3P/3bPP2/R2B4/1PK3P1/7R w - -,h5g6 h7g6 d3e2 g8g7 a3b3 c8b8 b3b6 f8d8 e2c4 d8d7,70
2k5/1R6/P1p5/2P5/1P1K4/8/8/r7 w - -,b7a7 c8b8 a7b7 b8c8 b7b6 c8c7 d4d3 a1a3 d3e4 a3a1,26
rn1qkbnr/1ppbpppp/p7/3p4/3P4/4PN2/PPP2PPP/RNBQKB1R w KQkq -,c2c4 c7c6 d1b3 d7c8 f1d3 g8f6 e1h1 e7e6 b1d2 c6c5,87
r1bq1r2/ppp1p1bk/2npp1p1/8/3P3P/3B1N2/PPP2KP1/R1BQ3R w - -,h4h5 c6b4 h5g6 h7g8 c1h6 g7d4 f2e2 f8f3 g2f3 e6e5,421
r3q1k1/ppp1n1rp/3p1Q2/3PpbN1/2P5/7P/PP2BP2/R3K1NR w KQ -,e2g4 e8f8 f6f8 a8f8 g5e6 f5e6 d5e6 g7g5 g1e2 h7h5,374
r3k2r/pp2qp1p/2pb1np1/3p4/3P3N/2N1P2P/PP2QPP1/2R2RK1 w kq -,h4f3 e8h8 g2g3 a8e8 a2a3 h7h5 e2c2 g8g7 g1g2 e7d7,-33
r1b3k1/p3p2p/2n1N1p1/q1p1nrN1/1p6/5P2/PPPQ2PP/R3KB1R w KQ -,d2e3 h7h6 g2g4 f5g5 e6g5 b4b3 c2c3 h6g5 h2h4 b3a2,-187
8/8/8/7K/8/PPp4k/P7/8 w - -,d2e3 h7h6 g2g4 f5g5 e6g5 b4b3 c2c3 h6g5 h2h4 b3a2,Mate
2rq1rk1/pp1nppbp/6p1/3P4/2p1P1b1/2P1BN2/P3BPPP/2RQ1RK1 w - -,d1a4 f7f5 e2c4 g4f3 g2f3 c8c4 a4c4 d7e5 c4b4 e5f3,39
r2qnrk1/3b4/p2pp1PQ/1p4b1/3NP3/P1P2P2/2P5/2KR1B1R w - -,c1b1 g5h6 h1h6 d8g5 h6h2 e6e5 h2g2 g5h4 d4f5 f8f5,-530
r4rk1/pp2ppbp/1qn3p1/3p1b2/3P1P2/1PP2N2/3NBPPP/R1Q1K2R w KQ -,f3h4 f5d7 e1h1 f8c8 c1a3 g7h6 g2g3 e7e5 d4e5 c6e5,-71
8/6pk/4Q1p1/8/r5P1/7P/5P2/6K1 w - -,g1g2 a4f4 g2g3 f4d4 e6e3 d4d6 h3h4 d6f6 e3e8 f6d6,743
q4rk1/1pp2pp1/4b2p/1P1pP3/1p1Pn3/5N1P/1P3PP1/1N1QR1K1 w - -,f3h4 a8a2 d1c1 g7g5 h4f3 f8c8 b1d2 c7c5 b5c6 c8c6,-50
8/8/8/6K1/8/PP5k/P1p5/8 w - -,f3h4 a8a2 d1c1 g7g5 h4f3 f8c8 b1d2 c7c5 b5c6 c8c6,Mate
8/3Q4/5k2/5r2/8/4K3/8/8 w - -,f3h4 a8a2 d1c1 g7g5 h4f3 f8c8 b1d2 c7c5 b5c6 c8c6,Mate
5k2/6pp/p3p3/2p1QpPP/2P1pP2/4q3/2P5/6K1 w - -,g1g2 e3e2 g2g1 e2d1 g1g2 d1c2 g2g3 c2d3 g3h4 d3d4,-50
2r2rk1/1p6/p2p1pp1/P1pP4/3bPP2/R2B4/1PK3P1/7R w - -,d3e2 g8g7 a3b3 c8b8 e2c4 f6f5 h1e1 f8e8 b3b6 e8e4,72
r1bqk2r/ppp2pp1/2n1pn1p/8/2pP4/b4NP1/PP2PPBP/R1BQ1RK1 w kq -,d1a4 a3e7 f3e5 c8d7 e5c6 b7c6 a4c4 e8h8 c1d2 a7a5,-356
r1b2r1k/p1p4p/3p1n2/3P1p2/3BP2q/2P2P2/P2Q3P/2KR2R1 w - -,g1g5 c8d7 d1g1 a8e8 c1b2 e8e5 d2g2 d7e8 g5g3 h4f4,242
r2qk1nr/bQ1b1ppp/p1p5/8/p3P3/3B4/PPP2PPP/R1B2RK1 w kq -,a1b1 a7b6 c1f4 g8f6 b2b3 a8a7 b7b8 e8h8 b8d8 f8d8,-288
r4rk1/pp2qp1p/2pb1np1/3p4/3P4/2N1PN1P/PP2QPP1/2R2RK1 w - -,g2g3 g8g7 g1g2 h7h5 a2a3 f8e8 e2c2 f6e4 c3a4 a7a6,-33
8/8/3Q4/5rk1/8/4K3/8/8 w - -,g2g3 g8g7 g1g2 h7h5 a2a3 f8e8 e2c2 f6e4 c3a4 a7a6,Mate
r2qnrk1/3bb3/p2pp1Pp/1p6/3NP3/P1P2P2/2PQ4/2KR1B1R w - -,d2h2 e7g5 c1b1 e6e5 d4f5 d7f5 e4f5 g8g7 f1d3 a8c8,-282
8/8/8/5K2/8/PP5k/P7/2q5 w - -,d2h2 e7g5 c1b1 e6e5 d4f5 d7f5 e4f5 g8g7 f1d3 a8c8,Mate
r1bqkbnr/1p2pp1p/p2p2p1/8/3nP3/1PN5/PBP2PPP/R2QKB1R w KQkq -,d1d4 g8f6 c3d5 f8g7 e1a1 e8h8 h2h4 b7b5 d5f6 g7f6,86
5b1Q/pp1b1kp1/1q2p1p1/3pn3/8/PnP5/5PPP/1K1R1BNR w - -,h8h4 f8a3 h4f4 f7g8 b1a2 b3c1 f4c1 a3c1 d1c1 b6f2,-650
r1bqrb2/2p2pkn/1p1p2pp/p2PpP2/1PP1P1PP/P1N1QNKB/8/R4R2 w - -,f1b1 f8e7 b4b5 e8g8 b1g1 g7h8 e3h6 g6f5 e4f5 c8f5,73
r1bqkb1r/1p4pp/2p5/p2pp3/P7/6Q1/1PP1NPPP/R1B2RK1 w kq -,e2c3 f8e7 g3g7 e7f6 g7h6 d8e7 c3e2 c8f5 f2f4 f6g7,-77
8/6pk/4Q1p1/8/1r4PP/8/5P2/6K1 w - -,g1h2 b4d4 h2g2 d4f4 g2g3 f4f6 e6e8 f6d6 e8e4 h7g8,783
rn1qkbnr/1pp1pppp/p7/1b1p4/3P4/3BPN2/PPP2PPP/RNBQK2R w KQkq -,b1c3 c7c6 e3e4 b5d3 d1d3 e7e6 e1h1 f8e7 e4e5 c6c5,54
r4rk1/1pp1qpp1/4b2p/1P1pP3/Rp1Pn3/5N1P/1P3PP1/1N1QR1K1 w - -,d1b3 a8a4 b3a4 c7c5 b5c6 b7c6 a4c2 c6c5 d4c5 e7c5,-10
1rb2r1k/1pb2qp1/7p/p2P1p2/Pp1Pp3/1P2P1P1/1B1Q1P1P/R2R1BK1 w - -,d5d6 c7d6 d4d5 c8d7 a1c1 f7g6 g1h1 f8d8 d2d4 b7b5,47
r1bqkb1r/1p2pp1p/p2p1np1/8/3QP3/1PN5/PBP2PPP/R3KB1R w KQkq -,c3d5 f8g7 e1a1 c8e6 d5b6 a8b8 f1e2 e8h8 h2h4 d8c7,81
2rr1k2/pp4bp/4Qnp1/1q6/1nNP4/1P4P1/PB3P1P/3RR1K1 w - -,d4d5 b5e8 b2f6 e8e6 f6g7 f8g7 e1e6 b4d5 e6d6 d8d6,293
8/5k1p/6p1/6PP/4K3/8/8/8 w - -,,0
r1bq1rkb/ppp1p3/3pp1P1/8/3n4/3B1N2/PPP2KP1/R1BQ4 w - -,d1h1 f8f3 g2f3 h8g7 h1h7 g8f8 c1h6 f8e8 h7g7 e8d7,617
rnbqk2r/p1pp1pp1/1p3n1p/2b1p3/2B1P3/1P1P1Q2/P1P2PPP/RNB1K1NR w KQkq -,b1d2 c7c6 c1b2 d7d6 a2a3 a7a5 a3a4 e8h8 h2h3 d6d5,-51
2kr1b1r/ppp5/5p2/8/5Pbp/2NPB1P1/PP1R1K1P/R7 w - -,g3h4 g4d7 a1g1 h8h4 f2e1 b7b6 a2a3 d7f5 g1g8 d8e8,-43
5rk1/1pp1qpp1/4b2p/1P1pP3/rp1Pn3/5N1P/1P1N1PP1/3QR1K1 w - -,d2e4 d5e4 e1e4 b4b3 d1d3 f8d8 d3c3 a4c4 c3e3 e7f8,-431
8/5k1p/8/4K1Pp/8/8/8/8 w - -,,0
5rk1/1pr4p/p2p1pp1/P1pP3P/3bPP2/R7/1PK1B1P1/7R w - -,h5g6 h7g6 a3h3 c7e7 h3h6 g8f7 e2g4 f7e8 g4e6 f6f5,127
8/6pk/4Q3/6pP/1r4P1/8/5P2/6K1 w - -,e6f5 h7g8 g1g2 b4b6 f5g5 b6e6 g5f5 e6h6 f5d5 g8h7,1196
rnbqk2r/4bppp/2p1p3/pp1nP3/2pPN3/5N2/PP2BPPP/R1BQ1RK1 w kq -,c1g5 e8h8 g5e7 d8e7 a2a4 b8d7 d1d2 d7b6 a4b5 c6b5,-66
3nkn2/8/1p1p1p2/pPpPpPpP/PpPpPpPp/1P1P1P2/8/3NKN2 w - -,,0
2b5/3pnk2/5P1p/2r5/PB6/1P3B2/5PPP/3R2K1 w - -,f6e7 c5e5 b4d6 e5e7 d6e7 f7e7 g1h1 h6h5 d1e1 e7d8,1158
r4r1k/pb1nq1bp/2p3p1/2p1pp1n/3P4/2N1PN1P/P4PPB/2RQRBK1 w - -,d4e5 d7e5 f3e5 g7e5 h2e5 e7e5 c3a4 a8d8 d1b3 b7c8,197
r1rq2k1/pp1n1pbp/3p1np1/3Pp3/1P2P3/P1N2BPP/5P2/R1BQ1RK1 w - -,c3a4 b7b5 a4b2 d7b6 d1d3 d8c7 a3a4 c7c2 d3c2 c8c2,40
8/6pk/7p/8/5nrP/3p4/3R1P2/7K w - -,d1e1 a7a6 g1g2 d7b6 a3a4 c8c7 a4a5 a8c8 a1a3 b6c4,Mate
r4rk1/pp2qp1p/2pb2p1/3p4/N2Pn3/4PN1P/PP2QPP1/2R2RK1 w - -,a2a3 a7a5 e2c2 f7f5 a4c5 g6g5 c5e4 f5e4 f3e5 a5a4,-50
r3k2r/pp1n1ppp/2pqpn2/3p1b2/3P4/2NBPN2/PPP2PPP/R2QK2R w KQkq -,a2a4 f5g6 e1h1 g6h5 a4a5 e8h8 h2h3 a8c8 d3e2 h7h6,-14
r2qkb1r/1b1n1ppp/p3p3/3p4/Pp2P3/1N1BB2P/1PP1QPP1/R3K2R w KQkq -,e4d5 b7d5 d3a6 f8d6 a6c4 d5c4 e2c4 e8h8 e1h1 d7f6,123
1rb2r1k/1p3qp1/3b3p/p2P1p2/Pp1Pp3/1P2P1P1/1B1Q1P1P/2RR1BK1 w - -,f1b5 f5f4 e3f4 c8g4 b5e2 f7h5 e2g4 h5g4 d1e1 f8f4,-42
8/5ppp/8/1p2P3/8/4B1P1/1k1K1P1P/8 w - -,f2f4 g7g6 g3g4 b2a3 f4f5 g6f5 g4f5 b5b4 e5e6 f7e6,802
Q2K2r1/8/1k6/8/8/8/8/8 w - -,e3c5 h7h5 d2d3 g7g6 f2f4 b2b3 d3d4 b3a4 d4d5 h5h4,Mate
5rk1/1pp1qpp1/7p/1P1pP3/Qp1Pn3/5N1b/1P1N1PP1/4R1K1 w - -,d2e4 d5e4 e1e4 h3e6 f3d2 e6d5 e4e3 e7g5 d2e4 g5f4,-61
r4r1k/p1pb3p/3p1n2/3P1p2/2PBP2q/5P2/P2Q3P/2KR2R1 w - -,g1g3 f5f4 g3g1 f8f7 c4c5 a8g8 c5d6 c7d6 d2b4 h7h6,29
2b5/3pn3/5k1p/2B5/P7/1P3B2/5PPP/3R2K1 w - -,c5e7 f6e7 g1h1 c8a6 b3b4 a6c4 b4b5 d7d5 b5b6 e7d6,1165
r1bqkb1r/pp1ppp1p/2n3p1/1N6/2P1n3/8/PP3PPP/RNBQKB1R w KQkq -,b1c3 e4c3 b5c3 f8g7 f1e2 d7d6 e1h1 c8e6 c1e3 g7c3,-101
r1bq2kb/ppp1p3/3pp1P1/8/3n4/3B1r2/PPP2KP1/R1B4Q w - -,g2f3 h8g7 h1h7 g8f8 c1h6 f8e8 h7g7 e8d7 g7d4 c7c5,619
6k1/R5p1/4pp2/3pP1p1/p2P2Pn/r2NK2P/5P2/8 w - -,a7a8 g8f7 a8a7 f7g6 e5f6 g7f6 a7e7 a3b3 e3e2 h4f3,-345
8/7p/6k1/6Pp/5K2/8/8/8 w - -,f4f3 g6f7 f3e3 f7g7 e3e4 g7f8 e4f4 f8e7 f4e3 e7d7,Mate
1rb1r1k1/2q2pbp/p2p1np1/1pp1n3/2P1P3/1PN1B1PP/P1Q1NPB1/3R1RK1 w - -,c3d5 f6d5 c4d5 c8b7 f2f4 e5d7 g3g4 b8c8 g4g5 f7f5,36
r1bqk1nr/2pp1ppp/p1n5/1p2P3/1b1P4/1B3N2/PP3PPP/RNBQK2R w KQkq -,b1c3 d7d5 h2h3 g8e7 e1h1 b4c3 b2c3 e8h8 c1a3 f8e8,120
2b5/3p4/5k1p/2B2n2/P7/1P3B2/5PPP/4R1K1 w - -,c5b4 c8a6 b4c3 f6g6 f3e4 g6g5 e4f5 g5f5 f2f3 a6b7,903
1k5r/p2rbppp/1q1p1n2/1p6/1P1pPP2/1Q1P2PP/P3N1BK/1R3R2 w - -,e4e5 d6e5 f4e5 f6g4 h3g4 b6h6 h2g1 h6e3 f1f2 e7d8,427
1kr5/4npp1/Pp2p2p/1P2P3/2r5/1Np3P1/2R2PP1/K2R4 w - -,a6a7 b8a8 d1d4 e7d5 g3g4 a8a7 c2e2 a7b7 e2e4 c4c7,-299
r1bqkb1r/ppp2ppp/8/3Pp3/1n1p4/3B1N2/PPPP1PPP/R1BQK2R w KQkq -,d3c4 c8g4 e1h1 d8f6 c4b5 c7c6 d5c6 b4c6 h2h3 g4f3,-21
5rk1/1pp1qpp1/7p/1P1pP3/Qp1P4/5N1P/1P1n1P2/4R1K1 w - -,e1e3 d2c4 e3b3 f7f6 a4b4 e7e6 b4c5 f6e5 f3e5 c4e5,-205
5n2/1q1n1pk1/pp3Np1/4r3/8/1P4PP/P4B2/2Q1R1K1 w - -,f6e8 g7h7 e1e5 d7e5 c1c7 b7c7 e8c7 f8d7 c7a6 g6g5,258
5rk1/1pr5/p2p1pp1/P1pP4/3bPP2/R7/1PK1B1P1/7R w - -,a3h3 c7e7 e2f3 g8f7 h3h6 f8g8 f3g4 f6f5 e4f5 g6f5,130
5k2/6p1/6QP/6p1/1r4P1/8/5P2/6K1 w - -,h1h6 c7g7 a3b3 f8e8 e2g4 f6f5 e4f5 g6f5 g4f3 e8d8,Mate
2b5/8/3p1k1p/2B2n2/PP6/5B2/5PPP/4R1K1 w - -,c5b6 f6g6 b4b5 c8d7 g1h1 h6h5 h2h3 f5g7 b6d4 g7e6,901
8/5ppp/8/1pB1P3/8/1k4P1/3K1P1P/8 w - -,d2d3 b5b4 f2f4 b3a4 f4f5 a4b5 e5e6 f7e6 f5e6 b5c5,820
8/7p/8/5kPp/8/5K2/8/8 w - -,,0
8/3K4/8/7r/R7/5k2/3P4/8 w - -,d7d6 h5h6 d6d5 h6h5 d5c4 h5h2 d2d3 f3e3 c4c3 h2h8,417
r4rk1/pp2q2p/2pb2p1/3p1p2/N2Pn3/4P2P/PP1NQPP1/2R2RK1 w - -,c1c2 f8f6 a4c3 a8e8 d2f3 e8f8 e2d1 a7a6 a2a3 g6g5,-100
1r3r1k/1p1b1qp1/3b3p/p2P1p2/PpBPp3/1P2P1P1/1B1Q1P1P/2RR2K1 w - -,d1f1 f5f4 e3f4 f7g6 g1h1 d7g4 c4e2 g4f3 e2f3 e4f3,-25
2nnkn2/8/1p1p1p2/pPpPpPpP/PpPpPpPp/1P1P1P2/8/3NKN2 w - -,d1f2 d8f7 f2h3 c8e7 e1e2 e7g8 e2d2 g8h6 f1h2 f8d7,-97
r5k1/p3p2p/2n1Nrp1/q1pQ4/1p4P1/5n2/PPP4P/R3KB1R w KQ -,e1e2 g8h8 a1d1 f6e6 e2f3 e6d6 d5e4 d6d1 e4c6 a8f8,-591
r2q1r2/3bb1k1/p2ppnP1/1p6/3NP3/P1P2P2/2PQ4/2KR1B1R w - -,e1e2 g8h8 a1d1 f6e6 e2f3 e6d6 d5e4 d6d1 e4c6 a8f8,Mate
5rk1/1pp2pp1/7p/1P1pP1q1/Qp1P4/7P/1P1N1P2/4R1K1 w - -,g1h1 g5d2 a4d1 d2f2 e1g1 f2h4 d1d3 f8e8 g1f1 e8e6,-250
8/6pk/7p/8/5n1r/3p4/5P2/3R3K w - -,g1h1 g5d2 a4d1 d2f2 e1g1 f2h4 d1d3 f8e8 g1f1 e8e6,Mate
r7/1p3R1p/p2p2pk/3Bb3/P2pP2q/3P1Q1b/1PP5/R6K w - -,h1g1 a8g8 f3f2 h4g5 g1h1 e5g3 f2f6 g5h5 h1g1 h3g4,-133
r2qrnk1/1b2bp2/p3p2P/1p2N1p1/2pP2P1/P1N1P2R/1P2QP2/1B1RK3 w - -,e2c2 f7f5 g4f5 e7f6 h6h7 f8h7 h3h7 e8e7 f5e6 d8c7,1306
4k3/6Q1/7P/6p1/1r4P1/8/5P2/6K1 w - -,h6h7 f8h7 h3h7 e7d6 e5f7 d8f6 f7d6 b7f3 d6e4 f6f8,Mate
r1bq1k2/ppp1p1bQ/3pp1P1/8/3n4/3B1P2/PPP2K2/R1B5 w - -,c1h6 f8e8 h7g7 e8d7 g7d4 c7c5 d4c4 d7c7 g6g7 c8d7,626
6k1/4R1p1/4ppn1/3pP1p1/p2P2P1/r2NK2P/5P2/8 w - -,e5f6 g7f6 e7c7 g6f4 e3d2 a3d3 d2c1 d3d4 c7e7 f4h3,-665
r1b5/ppq1nrpk/3bppNp/3p3P/2pPnPP1/2P1PN2/PPB5/R1BQ1RK1 w - -,f3h4 c8d7 c1d2 f6f5 d2e1 f5g4 d1g4 e6e5 g4g2 e5d4,26
r6k/p1pb1r1p/3p1n2/3P1p2/2PBP2q/2Q2P2/P6P/2KR2R1 w - -,,0
2b5/8/1B1p3p/5nk1/PP6/5B2/5PPP/4R1K1 w - -,b4b5 d6d5 f3d5 f5d6 g1h1 c8d7 b6d4 d6c8 b5b6 c8b6,1073
5K2/3p4/3p4/pB6/3Q4/8/2k5/7q w - -,b4b5 d6d5 f3d5 f5d6 g1h1 c8d7 b6d4 d6c8 b5b6 c8b6,Mate
rnb1kb1r/pp2pppp/1qpp4/7n/2PP1B2/4P3/PPQ2PPP/RN2KBNR w KQkq -,f4g3 h5g3 h2g3 g7g6 b1c3 f8g7 g1f3 b6d8 f1e2 e8h8,-2
rnb1kb1r/ppp2ppp/4pq2/3pN3/3PnB2/8/PPP1PPPP/RN1QKB1R w KQkq -,,0
r2r2k1/pp1b4/2p1p1n1/6p1/3R4/2Q3B1/PPP3PP/R5K1 w - -,a1d1 d7e8 d4d8 a8d8 d1d8 g8f7 d8b8 g6f4 b8b7 f7g6,9605
4k3/6QP/8/6p1/6r1/8/5P2/6K1 w - -,g1f1 g4h4 h7h8r h4h8 g7h8 e8d7 h8g7 d7c6 g7g5 c6b6,1900
rnbqk1nr/pp3ppp/2p1p3/2bpP3/5P2/2N2N2/PPPP2PP/R1BQKB1R w KQkq -,d2d4 c5e7 c1e3 g8h6 e3f2 h6g4 f2g1 h7h5 h2h3 e7h4,85
4rrk1/1pq2pnp/p4Pp1/3pP3/8/2PB4/PP1nQ2P/4RRK1 w - -,f6g7 g8g7 e2d2 e8e5 e1e5 c7e5 d2f4 e5e7 f4d4 f7f6,304
5rk1/1p2r3/p2p1pp1/P1pP4/3bPP2/7R/1PK1B1P1/7R w - -,h3h6 g8f7 e2f3 f8g8 f3g4 f6f5 e4f5 f7f6 f5g6 g8g6,158
rnbqk2r/ppp2ppp/3p1n2/4p3/2P1P3/2P5/P1QP1PPP/R1B1KBNR w KQkq -,g1e2 b8c6 e2g3 b7b6 f1e2 f6d7 e1h1 g7g6 f2f4 d8e7,51
r1bqk3/ppp1p1bQ/3pp1PB/8/3n4/3B1P2/PPP2K2/R7 w - -,h7g7 e8d7 g7d4 c7c5 d4c4 d7c7 g6g7 d8e8 a1g1 c8d7,626
rnb1kb1r/pp2pppp/1qpp4/8/2PP4/4P1n1/PPQ2PPP/RN2KBNR w KQkq -,h2g3 g7g6 b1c3 f8g7 g1f3 c6c5 f1e2 c5d4 f3d4 b8c6,-10
r2qkb1r/pp3ppp/2n1p3/2PpP2n/5P2/2N2b1P/PPP3P1/R1BQKB1R w KQkq -,c3e2 d8h4 e1d2 f3e2 f1e2 h4f4 d2e1 f4h4 e1d2 h5g3,-656
2r2r1k/1p1b1qp1/3b3p/p2P1p2/PpBPp3/1P2P1P1/1B2QP1P/2RR2K1 w - -,f2f4 e4f3 e2f3 c8e8 d1f1 g7g5 c1e1 f7g6 c4d3 h6h5,14
2rq1rk1/p2nbppp/bp2pn2/3p4/2Pp1B2/1P2PNP1/P1QN1PBP/R2R2K1 w - -,f4g5 d4e3 g5e3 d5c4 b3c4 a6b7 d2b3 f6d5 e3d4 d8c7,-176
6k1/pp1b2p1/1q2p1p1/3pn3/5Q2/bnP5/5PPP/1K1R1BNR w - -,b1a2 b3c1 f4c1 a3c1 d1c1 b6f2 f1e2 d7b5 c1c2 b5c4,-635
r1b2rk1/pp2ppbp/nnP3p1/8/4P3/P1N2NP1/1P3PBP/R1Bq1RK1 w - -,c6b7 d1f1 g2f1 c8b7 c1e3 g7c3 b2c3 f8c8 a3a4 b6c4,-467
5r1k/p1p3pp/4Q3/4P3/2P4n/3P4/PP3PqP/R3RK2 w - -,c6b7 d1f1 g2f1 c8b7 c1e3 g7c3 b2c3 f8c8 a3a4 b6c4,Mate
8/6pk/7p/8/7r/3p4/4nP2/3R2K1 w - -,g1g2 h4d4 d1d2 e2f4 g2f1 d4d5 f1e1 d5e5 e1d1 h6h5,Mate
4rrk1/pp2q2p/2pb2p1/3p1p2/N2Pn3/3QP2P/PP1N1PP1/2R2RK1 w - -,c1e1 g8h8 a4c5 g6g5 c5e4 f5e4 d3e2 f8f7 f2f3 d6g3,-122
1k5r/p2rbQpp/1q3n2/1p1p4/1P1pPP2/3P2PP/P3N1BK/1R3R2 w - -,e2d4 e7d6 f7e6 b6d4 e4e5 h8e8 e6f5 d6e5 f4e5 e8e5,-16
8/8/2K4r/8/R7/5k2/3P4/8 w - -,c6d5 f3e2 d2d4 e2d2 d5c5 h6h5 d4d5 d2c3 a4a3 c3c2,477
r7/1p3R1p/p2p2pk/3B4/P2pP2q/3P1Q1b/1PP4b/R5K1 w - -,g1h2 h3g4 h2g2 g4f3 f7f3 a8c8 c2c4 h4g5 g2f2 g5d2,-219
r1bq4/pppkp1Q1/3pp1PB/8/3n4/3B1P2/PPP2K2/R7 w - -,g7d4 c7c5 d4c4 a7a6 g6g7 b7b5 c4g4 c8b7 a1h1 d8g8,627
rn1qkbnr/1pp1pp1p/p5p1/1b1p4/3P4/2PBPN2/PP3PPP/RNBQK2R w KQkq -,d3c2 b8d7 a2a4 b5c6 e1h1 g8f6 d1e2 e7e6 b2b3 f8d6,44
r3k2r/pp1n1ppp/2pq1n2/3p1p2/3P4/2N1PN2/PPP2PPP/R2QK2R w KQkq -,e1h1 h7h5 c3e2 h5h4 h2h3 f6e4 f3d2 e4d2 d1d2 g7g5,-16
rnb1kb1r/pp2pp1p/1qpp2p1/8/2PP4/4P1P1/PPQ2PP1/RN2KBNR w KQkq -,b1c3 f8g7 g1f3 c6c5 f1e2 c5d4 f3d4 b8c6 a1d1 c8d7,-8
r3kb1r/pp3ppp/2n1p3/2PpP2n/5P1q/2N2Q1P/PPP3P1/R1B1KB1R w KQkq -,e1e2 c6d4 e2d1 d4f3 g2f3 h5g3 f1b5 e8d8 h1h2 f8c5,-617
5rk1/1p4r1/p2p1pp1/P1pP4/3bPP2/7R/1PK1B1P1/7R w - -,e2g4 f6f5 e4f5 g8f7 f5g6 f7g6 g4e6 g6f6 g2g4 f6e7,269
8/8/8/1k6/3K4/pp6/2R5/8 w - -,,0
2rr3k/1p3qp1/3b3p/pQ1P1p2/Pp1Pp3/1P2P1P1/1B3P1P/2RR2K1 w - -,,0
5K2/3p4/3p4/p7/B2Q4/8/8/1k5q w - -,d1f1 c8a8 c1c2 d8c8 c2c8 a8c8 b5a5 h8h7 a5b6 f7d5,Mate
2rr3k/1p4p1/3b3p/pQ1P1p1q/PpRPp3/1P2P1P1/1B3P1P/3R2K1 w - -,,0
1b2rrk1/pp2q2p/2p3p1/3p1p2/N2Pn3/3QP2P/PP1N1PP1/2R1R1K1 w - -,a4c5 g6g5 d3e2 e4c5 c1c5 e7g7 c5c3 b8d6 e2d1 e8e6,-117
r1b2rk1/p3p1bp/nnp2pp1/6B1/4P3/P1N2NP1/1P3PBP/R2R2K1 w - -,g5e3 b6c4 e3c1 a6c7 g2f1 c4a5 c1f4 e7e5 f4e3 c8g4,63
5rk1/1p4r1/p2p4/P1pP1p2/3b1PB1/7R/1PK3P1/7R w - -,h3h8 g8f7 g4h5 f7e7 h1e1 d4e5 h8f8 e7f8 f4e5 g7g2,483
2kr4/pp1b1p2/4p3/q2pPP2/2nN1P2/P1PQ3B/2P2K1P/2R5 w - -,d4e6 d8g8 e6d4 a5d8 f5f6 d7h3 d3h3 c8b8 c1d1 g8h8,219
2rq1rk1/1p1nppbp/p5p1/3P4/Q1p1P1b1/2P1BN2/P3BPPP/2R2RK1 w - -,h2h3 g4f3 e2f3 h7h5 f1d1 d8c7 a4b4 f8e8 a2a4 g7e5,42
rnb1kbnr/p1pq1ppp/4p3/8/2pP4/4P3/1PQ2PPP/RNB1KBNR w KQkq -,g1f3 f8d6 b1d2 c8b7 d2c4 b8c6 c1d2 g8e7 f1e2 e8h8,96
r2qkb1r/pbpnpppp/1p3n2/3p4/3P4/2N1PB2/PPP2PPP/R1BQK1NR w KQkq -,b2b3 e7e6 g1h3 c7c5 e1h1 a8c8 c1b2 c5d4 e3d4 d8c7,-73
8/8/8/3K3r/R7/5k2/3P4/8 w - -,d5c4 h5h2 d2d3 f3f4 a4a5 h2h1 d3d4 h1h8 a5c5 h8a8,477
r3kb1r/pp3ppp/2n1p3/2PpP3/5P1q/2N2QnP/PPP3P1/R1BK1B1R w kq -,c3b5 g3h1 c1e3 a8d8 c2c3 h4g3 d1e2 g3g6 g2g4 g6c2,-329
2rq1rk1/p2nbppp/bp2pn2/8/2pP1B2/1P3NP1/P1QN1PBP/R2R2K1 w - -,f3e5 c4c3 d2c4 f6d5 g2d5 e6d5 e5d7 d8d7 c4e5 d7h3,-223
5r1R/1p3kr1/p2p4/P1pP1p2/3b1PB1/8/1PK3P1/7R w - -,g4h5 f7e7 h1e1 d4e5 h8f8 e7f8 f4e5 g7g2 c2c1 f8e7,552
r1bq1rk1/1pp2pp1/p2p1n1p/n1b1p3/4P3/1BPP1N1P/PP3PP1/RNBQR1K1 w - -,b3c2 a5c6 d3d4 c5b6 c1e3 e5d4 c3d4 d6d5 e4e5 f6e4,75
7k/p1p3pp/4Q3/4P3/2P4n/3P4/PP2KrqP/R3R3 w - -,b3c2 a5c6 d3d4 c5b6 c1e3 e5d4 c3d4 d6d5 e4e5 f6e4,Mate
r7/ppp1n1k1/3p1r2/3PpbNP/2P5/6Q1/Pq2BP2/3R1K1R w - -,g5e6 g7f7 g3g7 f7e8 g7f6 e8d7 e6g7 b2c2 g7f5 c2f5,847
r1bq1rk1/pp3pbp/3p1np1/2p2p2/4P2Q/2NP1N2/PPP3PP/R1B2RK1 w - -,c1h6 f5e4 h6g7 g8g7 d3e4 b7b6 a1d1 d8e7 f1f2 h7h6,-75
r1bqkb1r/pp1ppp1p/2n3p1/1N6/2P5/2n5/PP3PPP/R1BQKB1R w KQkq -,d1d3 c3b5 c4b5 c6e5 d3c3 f7f6 h2h4 f8g7 h4h5 d7d5,-405
8/8/8/1k6/2RK4/pp6/8/8 w - -,,0
1r2r1k1/2q3b1/4p1pp/ppP2p2/8/1N6/PPQ2PPP/R3R1K1 w - -,e1d1 e8d8 a1c1 d8d1 c1d1 b8c8 d1c1 a5a4 b3d2 c7e5,-34
1rbq1rk1/1p1n1pbp/2pp1np1/p3p3/P2PP3/2N1B1PP/1PP1NPB1/R2Q1RK1 w - -,d1d3 e5d4 e3d4 d7c5 d3e3 b7b6 f1e1 c8a6 a1d1 f8e8,42
8/R5p1/4ppk1/3pP1p1/p2P2Pn/r2NK2P/5P2/8 w - -,a7e7 h4f3 e3f3 a3d3 f3e2 d3d4 e7e6 g6f7 e6d6 f7e7,-364
2rq1rk1/1p1nppbp/p5p1/3P4/Q1p1P3/2P1Bb1P/P3BPP1/2R2RK1 w - -,e2f3 h7h5 g2g3 d7e5 f3g2 e5d3 c1b1 h5h4 g3h4 d8c7,35
rn2kbnr/1ppqpp1p/p5p1/1b1p4/3P4/2P1PN2/PPB2PPP/RNBQK2R w KQkq -,f3e5 d7c8 b1d2 f8g7 e3e4 g7e5 d4e5 c8e6 f2f4 d5e4,123
8/5ppp/8/1pB1P3/8/3K2P1/1k3P1P/8 w - -,f2f4 b5b4 c5b4 b2b3 b4e1 g7g6 d3d4 b3c2 e1b4 c2d1,855
4rrk1/1pq2p1p/p4Pp1/3pP2n/4n3/2PB4/PP1BQ2P/4RRK1 w - -,e2g2 e4d2 g2d2 e8e5 d3e2 c7c6 e2h5 e5h5 e1e5 h5e5,-184
1b2rrk1/pp5p/2p3p1/3p1p2/N2Pn2q/3QP2P/PP3PP1/2R1RNK1 w - -,d3c2 f5f4 e3f4 b8f4 c1d1 h4f2 c2f2 e4f2 e1e8 f2d1,-165
r3k2r/pp1n1p1p/2pq1np1/3p1p2/3P3N/2N1P3/PPP2PPP/R2QK2R w KQkq -,e1h1 f6e4 c3e2 d6f6 h4f3 h7h5 f3d2 h5h4 d2e4 f5e4,-23
r3kb1r/pp3ppp/2n1p3/2PpP2q/5P2/2N3nP/PPP2QP1/R1BK1B1R w kq -,d1d2 g3h1 f2g1 h1g3 f1d3 f8e7 g1e3 h5h4 c3b5 e8h8,-535
2R5/8/8/8/1k1K4/1p6/p7/8 w - -,,0
rn1qkb1r/pbp2ppp/1p6/4P3/2P1p3/P7/1PQ1PPPP/R1B1KBNR w KQkq -,g2g3 b8c6 f1g2 f7f5 e5f6 c6d4 c2c3 d8f6 g1h3 f8c5,67
r1b2rk1/p3p1bp/n1p2pp1/8/2n1P3/P1N1BNP1/1P3PBP/R2R2K1 w - -,e3c1 a6c5 f3d4 c4a5 c1e3 c5b3 a1b1 c8g4 d4b3 a5b3,63
1k1b3r/p2r1Qpp/1q3n2/1p1pP3/1P1p1P2/3P2PP/P3N1BK/1R3R2 w - -,f7d7 f6d7 g2d5 d8e7 f1c1 h8c8 c1c8 b8c8 b1c1 c8b8,-227
8/8/8/8/R1K5/5k2/3P3r/8 w - -,d2d3 f3e3 c4c3 h2h8 a4e4 e3f3 e4e5 h8c8 c3b4 c8a8,475
1R6/8/8/8/3K4/kp6/p7/8 w - -,,0
3r3k/1p4p1/3b3p/pQ1P1p1q/PprPp3/1P2P1P1/1B3P1P/2R3K1 w - -,,0
rnbqk2r/ppp1ppb1/3p1n1p/6p1/3PP3/2N3B1/PPPQ1PPP/R3KBNR w KQkq -,f2f3 a7a6 e1a1 b7b5 h2h4 g5g4 g1e2 e7e6 c1b1 b8c6,128
rn3rk1/pp1nppbp/3p2p1/q1p5/2PPP3/2NQ2PP/PP3PB1/R1B2RK1 w - -,c1g5 b8c6 d4d5 d7e5 d3b1 c6d4 g5e7 e5c4 e7f8 a8f8,-36
8/5ppp/8/1pB1P3/3K4/6P1/2k2P1P/8 w - -,f2f4 g7g6 g3g4 b5b4 c5b4 c2b3 b4e1 b3a3 f4f5 a3a4,933
r3kb1r/pp3ppp/2n1p3/2PpP2q/5P2/2N4P/PPP1BQP1/R1BK3n w kq -,e2h5 h1f2 d1e1 f8c5 e1f1 f2e4 c3e4 d5e4 c2c3 a8d8,-533
8/6pk/7p/8/3r4/3p4/4nPK1/3R4 w - -,d1d2 e2f4 g2f3 f4d5 f3g2 h7g6 g2g1 h6h5 g1f1 g6f5,Mate
rn1qk1nr/pbpp2pp/1p6/3P4/1b2p3/2NB4/PP3PPP/R1BQK1NR w KQkq -,d3e4 b4c3 b2c3 d8e7 f2f3 g8f6 c1g5 b8a6 g1e2 a6c5,-12
1R6/8/8/8/2K5/1p6/pk6/8 w - -,,0
3r3k/1p4p1/3b3p/p2P1p2/PpQPp3/1P2PqP1/1B3P1P/2R3K1 w - -,c1e1 h8h7 c4e2 d8c8 e2f3 e4f3 e1c1 c8e8 g1f1 h7g6,-25
r1b5/1pq1nrpk/3bppNp/p2p3P/2pPnPPN/2P1P3/PPB5/R1BQ1RK1 w - -,c1d2 c8d7 d1e2 d7e8 e2g2 f6f5 g4g5 h6g5 f4g5 h7g8,33
1b2rrk1/pp5p/2p3p1/3p4/N2Pnp1q/3QP2P/PPR2PP1/4RNK1 w - -,e3f4 e4f2 c2f2 e8e1 d3d2 e1e7 f4f5 f8f5 f2f5 g6f5,-464
r4rk1/1p1b2p1/2pq3p/p2pR3/P7/5NQ1/1PP2PPP/4R1K1 w - -,h2h4 f8f6 h4h5 d7f5 f3d4 f5d7 g3d3 a8f8 f2f3 b7b6,6
5rk1/1pq2p1p/p4Pp1/3pr2n/4B3/2P5/PP1BQ2P/4RRK1 w - -,e2g2 d5e4 e1e4 f8e8 e4e5 e8e5 d2h6 e5e6 g2g4 h5f6,-132
8/4R1p1/4ppk1/3pP1p1/p2P2P1/r2NKn1P/5P2/8 w - -,e3f3 a3d3 f3e2 d3d4 e7e6 g6f7 e6a6 f6e5 a6a7 f7f6,-419
r1bq1rk1/ppp1p1b1/3pp1P1/8/1n1P4/3B1N2/PPP2KP1/R1BQ3R w - -,c1h6 g7d4 f2e1 d4f6 f3g5 b4d3 d1d3 f6b2 a1b1 c7c6,396
2rq1rk1/p2nbppp/bp2p3/3n4/2PP1B2/5NP1/P1QN1PBP/R2R2K1 w - -,a2a4 d5f4 g3f4 d7f6 c2b3 f6h5 a4a5 b6a5 b3e3 e7b4,-99
2kr4/pp1b4/4p3/2qpP3/2nN1P2/P1PQ3B/2P2K1P/1R6 w - -,f4f5 e6f5 e5e6 d7c6 h3f5 c8b8 d3g3 b8a8 b1e1 c4d6,178
5n2/3q1pk1/pp4p1/8/8/1P4PP/P7/2Q1B1K1 w - -,,0
1b2rrk1/pp5p/2p3p1/3p4/N2Pn2q/4Pp1P/PPR1QPP1/4RNK1 w - -,f1d2 f3e2 d2e4 h4e4 c2e2 e4f5 a4c5 e8e7 g2g3 b8d6,-687
rn3rk1/pp2ppbp/3p2p1/2pPn3/1qP1P3/2N3PP/PP2QPB1/R1B2RK1 w - -,e2c2 e5c4 a2a4 c4a5 c1g5 c5c4 a1d1 b8d7 g1h1 a5b3,-50
8/8/8/8/1P2K3/6P1/2r4P/3k4 w - -,,0
8/8/8/8/R1K5/3Pk3/7r/8 w - -,c4c3 h2h8 a4e4 e3f3 e4e5 f3f4 d3d4 h8c8 c3d3 c8d8,585
5K2/3p4/3p4/p7/B7/3Q4/1k6/7q w - -,a4a3 h2h1 a3a6 h1c1 c4d5 e3d3 a6f6 c1d1 f6h6 d3c3,Mate
rn2k1nr/1ppqppbp/p5p1/1b1p4/3P4/2P1PN2/PPBN1PPP/R1BQK2R w KQkq -,a2a4 b5c6 e1h1 g8f6 f3e5 d7d8 f2f3 f6d7 e5c6 b8c6,119
8/4R1p1/4ppk1/3pP1p1/p2P2P1/3r1K1P/5P2/8 w - -,f3g2 d3d4 e7e6 g6f7 e6c6 f6e5 c6c7 f7f6 c7c6 f6e7,-395
r6k/p1pb1r1p/5n2/3Ppp2/2PB3q/2Q2P2/P6P/2KR2R1 w - -,d4e5 a8g8 c4c5 h7h6 c5c6 d7c8 g1g3 h8h7 d1d4 h4h5,-38
8/8/8/8/8/2K1N3/k2B4/8 w - -,d4e5 a8g8 c4c5 h7h6 c5c6 d7c8 g1g3 h8h7 d1d4 h4h5,Mate
1b2rrk1/pp5p/2p3p1/3p2n1/N2P3q/4PP1P/PPR1QP2/4RNK1 w - -,a4c5 h4h3 f3f4 f8f4 c5d7 g5f3 e2f3 f4f3 d7b8 h3g4,-799
2r1kb1r/p2b1ppp/3p4/q2Np1B1/4P1nP/1p6/PPP2PP1/1K1RQB1R w - -,e1a5 b3c2 b1c1 c2d1n c1d1 g4f2 d1e1 f7f6 e1f2 c8c5,610
r1bqkb1r/pp1n1p2/2p1p1pp/3p4/2PP4/2N1PN2/PP2BPPP/R2Q1RK1 w kq -,e3e4 d5c4 e2c4 f8g7 e4e5 e8h8 c3e4 c6c5 e4c5 d7c5,46
2kr4/pp1b3Q/4p3/2qpP3/3N1P2/n1P4B/2P2K1P/1R6 w - -,b1b3 a3b5 h3e6 b5d4 c3d4 c5d4 f2e2 d4c4 e2e1 a7a5,135
8/4R1p1/4ppk1/3pP1p1/p2r2P1/7P/5PK1/8 w - -,e7e6 g6f7 e6a6 f6e5 a6a7 f7f6 a7a5 e5e4 g2f1 f6e5,-456
8/5ppp/8/1pBKP3/8/3k2P1/5P1P/8 w - -,f2f4 g7g6 d5d6 d3c4 g3g4 b5b4 c5b4 c4b4 d6e7 b4c4,936
8/8/8/8/8/k3N3/2KB4/8 w - -,f2f3 h7h5 f3f4 g7g6 c5b4 d3e3 d5d6 e3e4 d6e7 g6g5,Mate
1rb1r1k1/2q2pbp/p2p2p1/1ppnn3/2P1P3/1P2B1PP/P1Q1NPB1/3R1RK1 w - -,e3c5 b5c4 c5a3 d5b4 a3b4 b8b4 g1h2 b4b6 f2f4 e5d7,-465
1b2rrk1/pp5p/2p3p1/3p4/N2P1P1q/4P2n/PPR1QP2/4RNK1 w - -,g1g2 f8f4 e3f4 e8e2 c2e2 h3f4 g2g1 f4e2 e1e2 h4g4,-889
8/5kp1/4Rp2/3pP1p1/p2r2P1/7P/5PK1/8 w - -,e6d6 f6e5 d6d7 f7f6 d7d6 f6e7 d6g6 e7f7 g6g5 a4a3,-456
3r3k/1p4p1/3b3p/pQ1P4/Pp1Ppp2/1P2PqP1/1B3P1P/2R3K1 w - -,c1e1 f4g3 h2g3 f3g4 b5e2 g4g5 g1g2 d8f8 e1h1 f8f3,-117
1r2r3/1pq2kb1/p3p1pp/2P2p2/2Q5/1N6/PP3PPP/R3R1K1 w - -,h2h4 g7b2 a1d1 b8d8 h4h5 g6g5 d1d8 c7d8 c4b4 e8e7,-25
rnbqkb1r/ppp2pp1/8/3nP1p1/2B5/8/PPP2PPP/RNBQK2R w KQkq -,c4d5 f8b4 c2c3 b4e7 d1f3 e8h8 e1h1 b8c6 d5c6 b7c6,92
1b2rrk1/pp5p/2p3p1/3p4/N2P1n1q/4P3/PPR1QPK1/4RN2 w - -,e3f4 e8e2 e1e2 h4f4 f1g3 f4f3 g2h2 b7b6 a4c3 b8d6,-581
5K2/3p4/3p4/p7/B7/8/2Q5/k6q w - -,e3f4 e8e2 e1e2 h4f4 f1g3 f4f3 g2h2 b7b6 a4c3 b8d6,Mate
r1b1k1nr/pppp1ppp/2n2q2/2b5/2B1P3/2N2Q2/PP3PPP/R1B1K1NR w KQkq -,c3d5 f6f3 g1f3 c5d6 c1d2 g8e7 e1a1 f7f6 h1e1 h8f8,-27
r4rk1/pp1nppbp/3p2p1/1NpPn3/1qP1P3/6PP/PP2QPB1/R1B2RK1 w - -,b5c3 b4c4 c1g5 c4e2 c3e2 f8e8 a1d1 a7a5 e2c3 e5c4,-137
r1b1rbk1/3q1p1p/p1p3p1/6B1/4B3/2P5/P1Q2PPP/4RRK1 w - -,h2h3 a6a5 c2a4 e8e6 e4f3 c8a6 c3c4 e6e1 f1e1 a8b8,63
8/5kp1/R7/3pp1p1/p2r2P1/7P/5PK1/8 w - -,a6a7 f7f6 a7a6 f6e7 a6a7 e7d6 a7g7 d6c5 g7a7 c5b4,-481
8/8/8/8/1P2K1P1/8/7r/3k4 w - -,,0
r3k2r/pp3ppp/2n1p3/2bpP3/5P1q/2N2QnP/PPP3P1/R1BK1BR1 w kq -,f1b5 c5g1 a2a4 e8h8 b5c6 b7c6 a4a5 g3e4 a1a4 a8d8,-518
r2qk2r/ppp2pp1/2npbn1p/8/1bBPP3/2N2N2/P2B1PPP/R2QR1K1 w kq -,d4d5 e8h8 d5e6 g8h8 e6f7 f6g4 e1f1 g4e5 f3e5 d6e5,409
8/7p/4k3/6Pp/4K3/8/8/8 w - -,,0
1b3rk1/pp5p/2p3p1/3p4/N2P1P1q/8/PPR1rPK1/4RN2 w - -,e1e2 h4f4 a4c3 f4f3 g2g1 f3g4 g1h1 g4d4 f1g3 d4g4,-656
r1bqk2r/1p2ppbp/p2p1np1/3N4/3QP3/1P6/PBP2PPP/R3KB1R w KQkq -,e1a1 e8h8 h2h4 c8e6 d5b6 a8b8 f1e2 d8c7 g2g4 a6a5,76
r1bqk2r/1p1nppbp/p2p1np1/2p5/2PP4/2N1PNP1/PP3PBP/R1BQK2R w KQkq -,a2a4 e7e6 e1h1 e8h8 e3e4 c5d4 f3d4 d8c7 b2b3 a8b8,45
2kr4/pp1b3Q/4B3/2qpP3/3N1P2/1RP5/2Pn1K1P/8 w - -,b3b5 c5f8 h7f5 f8f5 e6f5 d7f5 d4f5 d8h8 f2e3 h8h2,383
8/7r/8/8/R7/2KPk3/8/8 w - -,a4e4 e3f3 e4e5 h7c7 c3b4 c7d7 b4c4 d7c7 e5c5 c7e7,525
r7/4K3/3R4/8/2k5/8/8/8 w - -,,0
5K2/3p4/3p4/p7/B7/2Q5/8/1k5q w - -,d6d1 a8a7 e7f6 a7a6 f6f5 a6a8 f5f4 a8f8 f4g5 f8a8,Mate
r1bqkb1r/1p4pp/2p5/p2pp3/P7/3Q4/1PP1NPPP/R1B1R1K1 w kq -,d3b3 d8f6 c1e3 f8e7 f2f4 e8h8 f4e5 f6e5 e2g3 e7d6,-152
2kr4/pp1b3Q/4B3/1R1pP3/3N1P2/2q5/2Pn1K1P/8 w - -,b5d5 d7e6 d5d8 c8d8 d4e6 d8e8 h7g6 e8d7 g6f7 d7c6,498
8/5ppp/3K4/1pB1P3/4k3/6P1/5P1P/8 w - -,f2f4 g7g5 f4g5 e4f5 h2h4 f5g4 d6e7 g4f5 e7f7 f5e5,889
r3k2r/pp1n1p1p/2pq1np1/3p4/3P1p1N/2N1PP2/PPP3PP/R2QK2R w KQkq -,e3f4 d6f4 g2g3 f4c7 d1e2 e8f8 e1h1 f8g7 e2d2 h8e8,-15
1r3rk1/1p1n1ppp/p1p1pn2/N4b2/3P4/1P4P1/1P1NPPBP/R4RK1 w - -,d2c4 f6e8 e2e4 f5g6 e4e5 h7h6 f2f4 g6f5 a1c1 f5h7,111
7k/p1p3pp/4Q3/4P3/2P4n/3P4/PP1r2qP/R2KR3 w - -,b3b4 f8d8 e2e4 f5g6 f2f3 f6e8 d2c4 g6h5 g3g4 h5g6,Mate
4b3/8/7Q/3k4/8/4K3/8/8 w - -,b3b4 f8d8 e2e4 f5g6 f2f3 f6e8 d2c4 g6h5 g3g4 h5g6,Mate
r2qk2r/ppp2pp1/3pbn1p/3Pn3/2B1P3/2B2N2/P4PPP/R2QR1K1 w kq -,d5e6 f7e6 c3e5 d6e5 f3e5 d8d1 a1d1 e8h8 c4e6 g8h7,534
5rk1/1pr5/p2p4/P1pP1p2/3b1P2/R7/1PK1B1P1/7R w - -,a3f3 c7g7 g2g3 f8f6 e2d3 g7g6 b2b3 g8g7 h1h5 g6h6,29
8/7r/8/8/4R3/2KP1k2/8/8 w - -,e4e5 h7c7 c3b4 c7d7 b4c4 d7c7 e5c5 c7e7 d3d4 f3f4,525
r1bq1rk1/ppp1bppp/2n2n2/3p4/4p3/1N1PP1N1/PPP1BPPP/R1BQK2R w KQ -,d3e4 f6e4 g3e4 d5e4 d1d8 f8d8 c1d2 a7a5 a2a4 c6b4,-13
1r2r1k1/2q2pbp/p2p2p1/1ppPnb2/2P5/1P2B1PP/P1Q1NPB1/3R1RK1 w - -,c2b2 e5f3 g2f3 g7b2 g3g4 f5d7 e2g3 b5c4 d1b1 c4c3,-640
2rq1rk1/1b2pnb1/p2p2p1/1p3p1p/4PN2/1PN1BP2/P1PQ2PP/R4RK1 w - -,d2f2 g7c3 f4g6 f7e5 f2g3 e5g6 g3g6 c3g7 e4f5 d8e8,-285
rnbq1rk1/ppp2ppp/8/3p4/1b1PnB2/2NB1N2/PPP3PP/R2QK2R w KQ -,e1h1 c8f5 f4c7 d8c7 c3d5 c7d6 f3h4 f5g6 h4g6 d6d5,-55
8/1R3pp1/4p2p/rPk5/5P2/7P/6PK/8 w - -,b7f7 g7g5 f4g5 h6g5 f7g7 c5d4 g7g5 e6e5 h3h4 a5b5,71
R7/5kp1/4pp2/3pP1p1/p2P2Pn/r2NK2P/5P2/8 w - -,e3e2 h4f3 e5f6 g7f6 d3b4 f3d4 e2f1 a3a1 f1g2 a4a3,-379
4k3/pp5Q/4N3/4P3/5P2/2q5/2Pn1K1P/8 w - -,h7g6 e8d7 g6f7 d7c6 f7c7 c6d5 c7d7 d5c4 d7b7 c3a5,633
8/8/6R1/5p1p/5P1P/5kP1/2r4K/8 w - -,,0
rnbqk2r/ppp1ppb1/3p3p/6pn/3PP2P/2N3B1/PPPQ1PP1/R3KBNR w KQkq -,h4g5 h5g3 g5h6 g7d4 f2g3 d4g1 h1g1 c7c6 g1h1 d8a5,134
8/8/8/6P1/1P2K3/8/6r1/3k4 w - -,,0
8/5ppp/3K4/1pB1Pk2/5P2/6P1/7P/8 w - -,d6e7 f7f6 e5e6 f5e4 e7d6 e4f3 e6e7 f3g2 e7e8q b5b4,1109
rn2k1nr/1ppqppbp/p1b3p1/3p4/P2P4/2P1PN2/1PBN1PPP/R1BQK2R w KQkq -,e1h1 g8f6 f3e5 d7d8 f2f3 f6d7 e5c6 b8c6 e3e4 e7e6,121
r2qkb1r/pbpn1ppp/1p2pn2/3p4/3P4/2N1PB2/PPP1NPPP/R1BQK2R w KQkq -,e1h1 c7c5 b2b3 a8c8 c3b5 a7a6 b5a3 e6e5 d4e5 d7e5,-72
r2qk2r/2p2ppp/p3pb2/4R3/Pp1P4/1Q3N2/1P3PPP/R5K1 w kq -,e5h5 g7g6 h5a5 d8d6 b3c4 e8h8 a5c5 f8d8 a1d1 d6f4,-37
rnb1kb1r/pp3ppp/1q1np3/2p5/3P4/2PB1N2/PP3PPP/RNBQK2R w KQkq -,d4c5 b6c5 c1f4 f8e7 e1h1 e8h8 d1c2 c5h5 b1d2 f7f6,99
4r1k1/1pr5/p2p4/P1pP1p2/3b1P2/7R/1PK1B1P1/7R w - -,e2f3 b7b6 h3h6 b6a5 h6d6 e8b8 h1b1 c7b7 d6a6 b7b2,13
r1bq1rk1/ppp1p3/3pp1PB/8/8/3Q1N2/PbP3P1/R3K2R w - -,a1b1 c7c6 b1b2 d8a5 h6d2 a5f5 b2b4 f5d3 c2d3 e6e5,501
1bbbk3/5b2/1p1p1p2/pPpPpPpP/PpPpPpPp/1P1P1P2/8/3NKN2 w - -,d1f2 e8f8 e1d2 c8d7 f1h2 b8c7 h2f1 d8e7 d2e2 f8g8,-96
rnb1kbnr/pp3ppp/1q2p3/3p4/3pPB2/1P3P2/P1P1N1PP/RN1QKB1R w KQkq -,e4d5 g8f6 d5e6 c8e6 e2d4 f6d5 d1d2 f8c5 f1b5 b8c6,-125
R6R/8/5k2/8/8/8/8/4K3 w - -,e4d5 g8f6 d5e6 c8e6 e2d4 f6d5 d1d2 f8c5 f1b5 b8c6,Mate
6k1/pp1b2p1/1q2p1p1/3pn3/5Q2/b1P5/K4PPP/2nR1BNR w - -,f4c1 a3c1 d1c1 b6f2 f1e2 d7b5 c1c2 b5c4 a2a1 f2g2,-639
r5k1/pp1nppbp/3p2p1/2pP4/2n1P3/6PP/PP3PB1/R1B2RK1 w - -,a1b1 b7b5 b2b3 c4b6 a2a4 b5a4 b3a4 a7a5 h3h4 b6a4,35
r2qk2r/1p2ppbp/p2pbnp1/3N4/3QP3/1P6/PBP2PPP/2KR1B1R w kq -,d5b6 a8b8 f1d3 d8c7 h1f1 f6h5 d4a4 c7c6 a4b4 g7b2,78
8/2r5/8/4R3/8/2KP1k2/8/8 w - -,c3d2 c7c8 d3d4 c8c7 e5c5 c7e7 d2d3 f3f4 d3c4 e7e1,585
3N4/ppQ5/8/4P3/3k1P2/2q5/2Pn1K1P/8 w - -,c7c3 d4c3 d8b7 c3d4 f2e2 d2e4 e2f3 e4c5 b7c5 d4c5,678
4r1k1/1pr5/p2p4/P2P1p2/2pb1P2/3B3R/1PK3P1/7R w - -,d3f1 e8e1 h3g3 d4g7 g3g6 c4c3 b2c3 c7c3 c2d2 c3c1,-183
r3k2r/pb1p1p1p/5qp1/p1p1P2n/4Q3/8/PPP2PPP/2KR1B1R w kq -,e4b7 f6f4 c1b1 e8h8 b7d5 a8e8 d5c5 e8e5 c5a7 f8e8,137
rnb1k1nr/pp3ppp/1q1bp3/3p4/3NPB2/1P3P2/P1P3PP/RN1QKB1R w KQkq -,f4d6 b6d6 b1c3 a7a6 d1d2 g8e7 e4d5 e6d5 e1a1 e8h8,56
8/8/6R1/5p1p/5P1P/5kPK/6r1/8 w - -,,0
8/1R3pp1/1P2p2p/1rk5/5P2/7P/6PK/8 w - -,b7f7 g7g5 f4g5 h6g5 b6b7 e6e5 h2g3 b5b4 f7g7 c5d5,39
r3k2r/pp1n1p1p/2p2np1/3p4/3P1q1N/2N2P2/PPP3PP/R2QK2R w KQkq -,g2g3 f4c7 d1e2 e8f8 e1h1 f8g7 e2d2 h8e8 c3e2 h7h6,-14
8/7p/4k3/6P1/8/7p/4K3/8 w - -,e2f2 e6e5 f2g3 h3h2 g3h2 e5f5 h2h3 f5g5 h3g2 h7h5,Mate
R7/8/7R/6k1/8/8/8/4K3 w - -,e2f2 e6e5 f2g3 h3h2 g3h2 e5f5 h2h3 f5g5 h3g2 h7h5,Mate
r3k2r/p2p1p1p/5Pp1/p1p4n/4b3/8/PPP2PPP/2KR1B1R w kq -,d1e1 h5f6 f2f3 e8f8 f3e4 a8e8 f1b5 e8e5 e1e3 f8e7,-103
r1b1k1nr/pp3ppp/2nqp3/1B1p4/3NP3/1P3P2/P1P3PP/RN1QK2R w KQkq -,b1c3 g8e7 e4d5 e6d5 e1h1 e8h8 f1e1 f8d8 b5c6 b7c6,3
8/8/8/6P1/1P2K2r/8/8/3k4 w - -,,0
r5k1/p2nppbp/3p2p1/1ppP4/2n1P3/6PP/PP3PB1/1RB2RK1 w - -,b2b3 c4b6 a2a4 b5a4 b3a4 b6a4 b1b7 a4b6 g2f3 g7d4,42
1r2nrk1/1p1n1ppp/p1p1p1b1/N7/2NPP3/1P4P1/1P3PBP/R4RK1 w - -,f2f4 g6h5 e4e5 h7h6 h2h3 f7f6 g3g4 h5g6 a1d1 g6h7,117
r1b1kb1r/1pq3pp/2p5/p2pp3/P7/6Q1/1PP1NPPP/R1B1R1K1 w kq -,f2f4 e5e4 g3f2 f8b4 c2c3 b4d6 c3c4 d5c4 e2g3 e8h8,-163
r1bq1rk1/ppp1p3/3p2PB/4p3/8/3Q1N2/PbP3P1/1R2K2R w - -,b1b2 c8e6 d3e4 e6f5 e4c4 e7e6 h6g5 d8d7 b2b7 f5g6,607
r1b1k1nr/pp3ppp/2nq4/1B1p4/3N4/1P3P2/P1P3PP/RN1QK2R w KQkq -,b1c3 g8e7 e1h1 e8h8 f1e1 f8d8 b5c6 b7c6 d1e2 e7g6,6
r3k2r/pp3ppp/2n1p3/4P3/3p1P1q/2N1Q2P/PPP3P1/R2K1R2 w kq -,e3f2 h4f2 f1f2 d4c3 b2c3 e8a8 d1e2 d8d7 f2f3 c6e7,-490
r2qk1nr/pbpp1pbp/1pn3p1/8/2BpP3/2N2N2/PPP2PPP/R1BQR1K1 w kq -,c3d5 d7d6 c4b5 a7a6 b5c6 b7c6 c1g5 d8d7 f3d4 h7h6,79
r4k1r/ppp1qPp1/5n1p/4B3/4P3/1Q6/P4PPP/R3R1K1 w - -,e5b2 e7f7 b3b7 a8e8 e4e5 f6h5 e5e6 f7g6 b7f3 f8g8,482
8/8/8/5pRp/5P1P/5kPK/8/6r1 w - -,,0
5K2/3p4/3p4/p7/B7/2Q5/k7/7q w - -,h3h2 g1g2 h2h3 f3f2 g5f5 g2g3 h3h2 g3g4 h2h3,Mate
r1b1k2r/1pq3pp/2pb4/p2pp3/P2N4/6Q1/1PP2PPP/R1B1R1K1 w kq -,g3f4 c8d7 f4f3 e8a8 d4b3 h8f8 f3d1 h7h6 h2h3 b7b6,-270
6k1/1pr5/p2p4/P2P1B2/2pb1P2/7R/1r4P1/3K3R w - -,h3h7 c7h7 h1h7 c4c3 h7e7 g8f8 e7e2 b2b5 f5c8 b5d5,-45
1R6/8/8/8/2K5/kp6/8/q7 w - -,,0
3q1rk1/p2b1ppp/8/8/1r1n4/5NP1/PP2P1KP/RNQ4R w - -,h1e1 f8e8 b2b3 d4e2 c1d2 b4e4 b1c3 e2c3 d2c3 e4e2,-203
r1b2rk1/5ppp/5n2/q2pN1Q1/2pP4/7P/P2NBPP1/R3n1K1 w - -,a1b1 e1c2 d2f3 c2a3 b1e1 h7h6 g5f4 a8a6 e2d1 a6e6,-495
8/8/8/5KP1/1r6/8/8/3k4 w - -,,0
r1b2rk1/pp2nppp/2nq4/1B1p4/3N4/1P3P2/P1P3PP/RN1QR1K1 w - -,b5c6 b7c6 b1c3 h7h5 d1d2 c8d7 d4e2 e7f5 e2d4 f5h4,-31
r1b2rk1/1pq3pp/2pb4/p2pp3/P2N1B2/6Q1/1PP2PPP/R3R1K1 w - -,d4b5 e5f4 g3d3 c6b5 d3d5 g8h8 a1d1 d6c5 a4b5 c8g4,-592
8/8/7R/6k1/R7/8/8/4K3 w - -,d4b5 e5f4 g3d3 c6b5 d3d5 g8h8 a1d1 d6c5 a4b5 c8g4,Mate
2k4r/p1p1b3/1p3p2/3r4/3PNPb1/P3B1P1/1P1R1K2/6R1 w - -,,0
rnb1kb1r/pp3ppp/3np3/2q5/8/2PB1N2/PP3PPP/RNBQK2R w KQkq -,c1f4 f8e7 e1h1 e8h8 f1e1 b8c6 a2a4 c5h5 f4d6 e7d6,91
r1bq1rk1/pppp1pp1/5n1p/4p3/1bPn4/2N2NP1/PP2PPBP/R1BQ1RK1 w - -,f3d4 e5d4 d1d4 d7d6 a2a3 b4c3 d4c3 f8e8 b2b4 f6e4,36
8/1pr3k1/p2p1r2/P1pP1p2/3b1P2/R7/1PK1B1P1/7R w - -,a3h3 f6f7 h3h8 g7f6 h1h6 f6e7 h6e6 e7d7 h8b8 f7e7,210
r1b5/1pq1nrpk/3bp1Np/p2p1p1P/2pPnPPN/P1P1P3/1PB5/R1BQ1RK1 w - -,c2e4 d5e4 c1d2 h7g8 f1f2 f5g4 d1g4 e7g6 h4g6 c8d7,15
4rrk1/ppp2p2/3p1PpR/4q1n1/2B1b3/6N1/PPPQ2PP/5R1K w - -,g3e4 e8e6 d2g5 e5g5 e4g5 e6f6 f1f6 g8g7 f6f7 g7h6,895
r2qr1k1/pbp1bppp/1p2nn2/3p4/3P1B2/2N2NP1/PP2PPBP/2RQ1RK1 w - -,e2e3 e7b4 f3g5 e6f4 e3f4 c7c5 g5f3 b4c3 b2c3 a8c8,-13
8/3r4/8/4R3/1K6/3P1k2/8/8 w - -,b4c4 d7c7 e5c5 c7e7 d3d4 f3f4 c5h5 e7c7 c4b5 f4g4,585
8/8/8/5pRp/5P1P/5kP1/6rK/8 w - -,,0
r4k1r/ppp2qp1/7p/4P3/8/1Q6/P4PPP/R3R1K1 w - -,e5e6 f7e7 b3b7 a8e8 a1d1 f8g8 h2h3 e7f6 b7e4 g7g6,503
2kr1b1r/ppp1pppp/2n2n2/3q4/6b1/3P1NN1/PPP1BPPP/R1BQK2R w KQ -,h2h3 g4f3 e2f3 d5a5 c2c3 c6d4 f3e4 f6e4 g3e4 d4e6,18
r5k1/p2nppbp/1n1p2p1/1ppP4/4P3/1P4PP/P4PB1/1RB2RK1 w - -,a2a4 b5a4 b3a4 b6a4 b1b7 a4b6 f1d1 a7a5 g2f1 a5a4,25
rn2k1nr/2pqppbp/p1b3p1/1p1p4/P2P4/2P1PN2/1PBN1PPP/R1BQ1RK1 w kq -,f3e5 d7d8 e3e4 e7e6 e5c6 b8c6 e4d5 e6d5 d1e2 g8e7,227
r1b2rk1/1pq3p1/2p4p/p2pR3/P2N4/6Q1/1PP2PPP/R5K1 w - -,a1e1 c8d7 e1e2 c7d6 f2f3 f8f6 e5e7 d6g3 h2g3 f6f7,14
8/2R2pp1/1k2p2p/1r6/5P2/7P/6PK/8 w - -,c7f7 g7g5 f4g5 h6g5 f7g7 b6c6 h2g3 b5f5 g3g4 c6d5,28
r1b2rk1/5ppp/8/q2pN1Q1/2pPn3/7P/P2NBPP1/4R1K1 w - -,g5h5 a5d2 e5f3 d2a5 e2d1 e4f6 h5g5 a5a2 f3e5 a2a5,-527
rn1qk2r/pbppnpbp/1p2p1p1/8/3PP2P/2N1B1P1/PPP2P2/R2QKBNR w KQkq -,h4h5 e7f5 e4f5 b7h1 f2f3 b8c6 h5h6 g7f6 d1d2 c6e7,85
r1b1k1nr/pppp1ppp/2n5/2bN4/2B1P3/5q2/PP3PPP/R1B1K1NR w KQkq -,g1f3 c5d6 c1d2 f7f6 e1a1 g8e7 h1e1 e8d8 h2h4 e7d5,-7
r1b1k1nr/pppp1ppp/2n3q1/b5B1/2B1P3/2P2N2/P4PPP/RN1Q1RK1 w kq -,b1d2 d7d6 c4d5 h7h6 g5h4 a5b6 d5c6 b7c6 e4e5 d6d5,-21
1k4r1/p2rb1Qp/1q3n2/1p1p4/1P1pPP2/3P2PP/P3N1BK/1R3R2 w - -,g7f7 e7d8 f7d7 f6d7 e4e5 b6c6 b1c1 c6g6 c1d1 d8h4,-144
8/5ppp/2K5/1pB1P3/5Pk1/6P1/7P/8 w - -,c5d6 g4f5 c6b5 f5e4 b5c6 e4f5 c6d7 f5g4 d7e8 f7f6,863
r3k2r/pp1n1p1p/2p2np1/3p4/3P3N/2N1qPP1/PPP4P/R2QK2R w KQkq -,d1e2 e3e2 c3e2 a7a5 a2a4 e8e7 h4g2 d7f8 e1f2 f8e6,10
4rrk1/ppp2p2/2b2PpR/3pq1n1/2B1P3/6N1/PPPQ2PP/5R1K w - -,f1f5 e5f6 f5f6 g5e4 g3e4 d5c4 d2c3 e8e4 h6h8 g8g7,1468
r2qk2r/pbpn1ppp/1p1bpn2/3p4/3P4/P1N1PB2/1PP1NPPP/R1BQK2R w KQkq -,c3b5 d6e7 c2c4 c7c6 c4d5 c6d5 e1h1 a7a6 b5c3 b6b5,-40
r1b2rk1/pp2n1pp/1qn1pp2/3pP3/1b1P4/N1BB1N2/PP3PPP/R2QK2R w KQ -,d1b3 f6e5 d4e5 c8d7 c3b4 b6b4 b3b4 c6b4 d3e2 a7a6,-93
3r1rk1/4b1p1/b1n1pn1p/2pp3q/8/1PN2NP1/PB2PPBP/2RQR1K1 w - -,h2h3 d5d4 c3a4 f6e4 e1f1 h5f5 g3g4 f5f4 b2a3 e4c3,-105
r1b2rk1/p3nppp/2pq4/1B1p4/8/1P3P2/P1P3PP/RN1QR1K1 w - -,d1e2 c6b5 e2e7 d6b6 g1h1 d5d4 b1d2 c8f5 d2e4 f8e8,-49
1Bb3k1/3n1pbp/1q3np1/p7/1p3N2/2N3PP/1PP3B1/R3Q1K1 w - -,g1f1 b4c3 b8e5 c3b2 a1b1 d7e5 e1e5 c8a6 f4d3 f6d7,-403
2kr1b1r/ppp2ppp/2n1bn2/3qp3/8/3PBNNP/PPP1BPP1/R2QK2R w KQ -,e3d2 h7h5 d2g5 d5b5 d1c1 h5h4 g3e4 f8e7 c2c4 b5a5,-81
r3k2r/1p1nbppp/p2p1n2/4pP2/2q1P3/1NN5/PPP3PP/R1BQ1R1K w kq -,c1g5 h7h6 b3d2 c4c6 g5f6 d7f6 d1f3 b7b5 f1c1 e8h8,-17
8/2r5/8/4R3/2K5/3P1k2/8/8 w - -,c4b4 c7b7 b4c4 b7c7 e5c5 c7e7 d3d4 f3e4 c5c8 e4f5,585
r5k1/3nppbp/1n1p2p1/pppP4/4P3/1P2B1PP/P4PB1/1R3RK1 w - -,f1e1 b5b4 f2f4 g7c3 e1c1 a5a4 a2a3 a4b3 b1b3 b6c4,-26
2b1r1k1/5ppp/8/r7/3P4/2N4P/P3BPP1/4R1K1 w - -,e1d1 c8d7 e2f3 g8f8 g1h2 a5a3 c3e4 a3a2 h2g3 d7a4,-116
6k1/pp1b2p1/4p1p1/3pn3/8/2P5/K4qPP/2R2BNR w - -,f1e2 d7b5 c1b1 b5e2 g1e2 f2e2 b1b2 e2a6 a2b1 a6d3,-663
8/8/8/5p1R/5P1P/6PK/5k1r/8 w - -,f1e2 d7b5 c1b1 b5e2 g1e2 f2e2 b1b2 e2a6 a2b1 a6d3,Mate
rnbqkb1r/ppp1pp1p/6p1/3n4/5P2/3P4/PP2P1PP/RNBQKBNR w KQkq -,e2e4 d5b6 f1e2 f8g7 g1f3 c8g4 b1d2 c7c5 e1h1 b8c6,7
8/5ppp/8/1KB1P3/5P2/6Pk/7P/8 w - -,f4f5 h3g2 e5e6 f7e6 f5e6 g2f3 e6e7 f3e2 b5c6 e2d2,1046
3r2k1/pp2q3/8/2pp1r2/4N2p/PR2pP1P/1P4PK/3RQ3 w - -,b3e3 d5e4 e3e4 d8d1 e1d1 f5e5 d1b3 g8h7 e4g4 e5e6,414
r1b2rk1/pp3ppp/2nq4/1B1p4/8/1P3P2/P1P3PP/RN1QR1K1 w - -,c2c4 c6b4 a2a3 d6f6 b1c3 f6c3 a3b4 d5d4 a1c1 c3b4,-48
8/5R2/1k2p2p/1r4p1/5P2/7P/6PK/8 w - -,f4g5 h6g5 f7g7 b6c6 h2g3 b5f5 g3g4 c6d5 g7g5 f5g5,28
rn1qkb1r/pp2pppp/2pp4/7n/2PP1Bb1/4PN2/PP3PPP/RN1QKB1R w KQkq -,h2h3 g4f3 d1f3 h5f4 f3f4 g7g6 b1c3 f8g7 e1a1 e7e5,5
4rrk1/ppp2p1n/2b2PpR/3pqR2/2B1P3/6N1/PPPQ2PP/7K w - -,h2h3 g4f3 d1f3 h5f4 f3f4 g7g6 b1c3 f8g7 e1a1 e7e5,Mate
1k3br1/p2r1Q1p/1q3n2/1p1p4/1P1pPP2/3P2PP/P3N1BK/1R3R2 w - -,f7d7 f6d7 e4e5 b6g6 f1f3 f8g7 b1f1 g8c8 e2d4 g7f8,-149
8/8/8/5R2/6k1/8/8/4K3 w - -,f7d7 f6d7 e4e5 b6g6 f1f3 f8g7 b1f1 g8c8 e2d4 g7f8,Mate
r4rk1/1pqb2p1/2p4p/p2pR3/P2N4/6Q1/1PP2PPP/4R1K1 w - -,d4f3 c7d6 h2h4 f8f6 h4h5 d7f5 f3d4 f5d7 g3b3 a8f8,20
6rk/p1pb1r1p/5n2/3PBp2/2P4q/2Q2P2/P6P/2KR2R1 w - -,c4c5 d7a4 d1e1 g8g6 g1g6 h7g6 e5f6 h4f6 c3f6 f7f6,-5
2b2rk1/prQ3pp/3p1p2/2p5/2PBq3/P4N2/2P2PPP/R4RK1 w - -,c7d6 c5d4 f1e1 e4c2 d6d5 g8h8 f3d4 c2g6 d4e6 f8g8,185
4r1k1/5p1p/r5p1/8/3P4/2N4P/P4PP1/2R2K2 w - -,c1d1 a6a3 c3d5 e8a8 g2g3 a3a2 h3h4 g8g7 d1d3 a8a5,-133
2rq1rk1/1p2ppbp/p5p1/2nP4/Q1p1P3/2P1BB1P/P4PP1/2R2RK1 w - -,a4c4 b7b5 c4e2 c5a4 c3c4 b5c4 c1c4 a4c3 e2d3 d8a5,124
3q2k1/p1rprppp/Bp2pn2/8/1PP5/P2Q2P1/4PP1P/2RR2K1 w - -,c4c5 b6c5 b4c5 e6e5 d3d2 h7h5 h2h4 e5e4 d2f4 e7e6,43
3r3k/1p4p1/3b3p/pQ1P4/Pp1PpPq1/1P2P3/1B3P1P/2R3K1 w - -,g1f1 g7g5 f4g5 d8f8 f1e1 g4g2 c1c2 h6g5 b5f1 g2h2,-86
8/8/8/5p1R/5P1P/6P1/7K/4k3 w - -,g1f1 g7g5 f4g5 d8f8 f1e1 g4g2 c1c2 h6g5 b5f1 g2h2,Mate
8/3K4/8/3k4/5Q2/8/8/7b w - -,g1f1 g7g5 f4g5 d8f8 f1e1 g4g2 c1c2 h6g5 b5f1 g2h2,Mate
8/r7/8/2R5/2K5/3P1k2/8/8 w - -,d3d4 a7a4 c4c3 f3e2 c5e5 e2f3 d4d5 a4a7 c3b4 a7a1,585
2r1kb1r/p2b1ppp/3p4/Q2Np1B1/4P1nP/8/PPp2PP1/1K1R1B1R w - -,b1c1 c2d1n c1d1 f7f6 g5e3 g4e3 f2e3 c8c5 a5a7 c5d5,Mate
2r5/P4K2/3k4/8/8/8/8/8 w - -,b1c1 c2d1n c1d1 f7f6 g5e3 g4e3 f2e3 c8c5 a5a7 c5d5,Mate
rn1qkb1r/pp2pppp/2pp4/7n/2PP1B2/4Pb1P/PP3PP1/RN1QKB1R w KQkq -,d1f3 h5f4 f3f4 g7g6 b1c3 f8g7 f4e4 b8d7 a1d1 e7e6,2
5rk1/1pq2p1p/p3rPp1/4P2n/4Q3/2P5/PP1B3P/4RRK1 w - -,c3c4 f8e8 e4d5 e6e5 d2a5 c7b8 e1e5 e8e5 d5d8 b8d8,-33
r2q1rk1/ppp1ppbp/2np1np1/8/2BPP1b1/1PN2N2/P1P2PPP/R1BQ1RK1 w - -,c4e2 e7e5 d4d5 g4f3 e2f3 c6d4 c1e3 c7c6 d5c6 b7c6,-9
r3k2r/pp1n1p1p/2p2np1/3p4/3P3N/2N2PP1/PPP1q2P/R3K2R w KQkq -,c3e2 a7a5 a2a4 e8e7 h4g2 d7f8 e1f2 f8e6 h1e1 e7d6,5
rn2k1nr/2pqpp1p/p1b3p1/1p1pb3/P2P4/2P1P3/1PBN1PPP/R1BQ1RK1 w kq -,d4e5 f7f5 d1e2 e7e6 f1d1 d7c8 a4b5 c6b5 c3c4 d5c4,223
8/5ppp/2K5/2B1P3/5P2/6P1/7k/8 w - -,f4f5 g7g5 e5e6 f7f6 c5d6 h2g2 e6e7 g2f2 e7e8q h7h5,9605
r2k3r/4b2p/p1qp4/5Q2/1p4B1/8/PPP3bP/1K1RR3 w - -,e1e7 d8e7 d1e1 g2e4 e1e4 c6e4 f5e4 e7f6 e4e6 f6g7,643
r1b2rk1/pp2nppp/2n1p3/q2pP3/3P4/N1PB1N2/P4PPP/R2QK2R w KQ -,a3c2 a5c3 d1d2 c3d2 e1d2 c8d7 h2h4 a8c8 a1b1 c6a5,-121
rn1qkb1r/pp2pppp/2pp4/8/2PP1n2/4PQ1P/PP3PP1/RN2KB1R w KQkq -,f3f4 g7g6 b1c3 f8g7 e1a1 e7e5 f4g3 b8d7 h3h4 h7h5,3
8/8/8/5R2/5P1P/6P1/7K/3k4 w - -,f3f4 g7g6 b1c3 f8g7 e1a1 e7e5 f4g3 b8d7 h3h4 h7h5,Mate
8/3K4/8/8/2k5/8/3Q4/7b w - -,f3f4 g7g6 b1c3 f8g7 e1a1 e7e5 f4g3 b8d7 h3h4 h7h5,Mate
r1bqk2r/1p1pppbp/p1n2np1/3N4/1p2P1P1/3B1N2/PBPP1P1P/R2QK2R w KQkq -,d1b1 h7h6 h2h3 d7d6 d5f6 e7f6 d3c4 d8e7 d2d3 h6h5,-155
2b2rk1/pr4pp/3Q1p2/8/2Ppq3/P4N2/2P2PPP/R4RK1 w - -,f1e1 e4c2 d6d5 g8h8 f3d4 c2g6 d4e6 f8g8 c4c5 b7d7,185
8/8/8/2R5/5k2/8/8/4K3 w - -,f1e1 e4c2 d6d5 g8h8 f3d4 c2g6 d4e6 f8g8 c4c5 b7d7,Mate
r1bq1rk1/ppp1p1bN/3pp1p1/8/3n3P/3B1N2/PPP2KP1/R1BQ3R w - -,h7f8 d8f8 c2c3 d4f5 g2g4 f5h6 c1h6 g7h6 g4g5 h6g7,455
1k1r1b1r/ppp2pp1/5n1p/3qp3/8/2PPBQNP/PP3PP1/R3R1K1 w - -,f3e2 d5c6 a1d1 g7g6 d3d4 e5d4 e3d4 f8g7 e2c2 f6h5,66
8/8/8/2R5/r1KP4/5k2/8/8 w - -,c4c3 f3e2 c5e5 e2f3 d4d5 a4a7 c3b4 a7a1 b4c5 a1c1,585
4r1k1/1pq2p1p/p3rPpB/4P2n/4Q3/2P5/PP5P/4RRK1 w - -,e4h4 e6e5 e1e5 e8e5 b2b4 e5e2 a2a4 c7c6 h4g4 e2e4,-103
r1bq1rk1/1pp1bppp/2n2n2/p2pp3/8/1N1PP1N1/PPP1BPPP/R1BQK2R w KQ -,b3d2 g7g6 d2f3 h7h5 e3e4 d5d4 c2c3 f6e8 g3f1 e8g7,-80
5k2/1pr5/p2p1r2/P1pP1p2/3b1P2/7R/1PK1B1P1/7R w - -,h3h8 f8e7 e2h5 d4e5 h1e1 f6f8 h8f8 e7f8 f4e5 c7e7,528
8/8/8/1k6/3K4/p1R5/1p6/8 w - -,,0
5NB1/6K1/8/8/6k1/8/8/8 w - -,g7f6 g4f3 f6e5 f3g3 g8h7 g3h2 e5f4 h2g2 h7e4 g2f2,15265
r1b2rnk/pp4b1/3p1q1p/2pPpp1n/2P4N/2NB2P1/PPQB1P1P/R2R2K1 w - -,d1e1 g8e7 c2d1 f6f7 c3b5 f8d8 b2b4 b7b6 b4c5 d6c5,168
r1b5/1pq1nrpk/3bp1Np/p4p1P/2pPpPPN/P1P1P3/1P6/R1BQ1RK1 w - -,c1d2 h7g8 f1f2 f5g4 d1g4 e7g6 h4g6 c8d7 a1f1 a5a4,7
3r1rk1/p4ppp/b1p5/8/2N5/1P3P2/P4qPP/2R1R1K1 w - -,g1h1 a6c4 b3c4 f8e8 e1f1 f2a2 c4c5 f7f6 h2h3 a2e2,-811
r1bqkbnr/ppp1pppp/3p4/1P1n4/8/P4N2/2PPPPPP/RNBQKB1R w KQkq -,e2e4 d5b6 a3a4 g8f6 b1c3 b6d7 a4a5 c7c6 d2d4 e7e5,70
8/8/8/6R1/5P1P/6P1/4k2K/8 w - -,e2e4 d5b6 a3a4 g8f6 b1c3 b6d7 a4a5 c7c6 d2d4 e7e5,Mate
1k1r3r/p2b4/1p3Ppp/B2p4/P7/3R2P1/2n2PP1/1R4K1 w - -,d3d5 d7a4 d5d8 h8d8 a5c3 a4e8 c3e5 b8b7 b1c1 d8c8,-320
3r1rk1/p4ppp/2p5/8/2b5/1P3P2/P4KPP/2R1R3 w - -,e1e7 c4d5 e7a7 d8b8 a7e7 b8a8 e7e2 f8b8 c1e1 h7h5,-412
r2k3r/7p/p1qp4/5Q2/1p4B1/8/PPP3bP/1K2R3 w - -,e1e7 c4d5 e7a7 d8b8 a7e7 b8a8 e7e2 f8b8 c1e1 h7h5,Mate
7R/1pr1k3/p2p1r2/P1pP1p2/3b1P2/8/1PK1B1P1/7R w - -,e2h5 d4e5 h1e1 c5c4 e1e5 d6e5 f4e5 f6d6 e5d6 e7d6,598
8/8/8/2K5/8/1k6/8/7Q w - -,e2f3 f6f8 h1e1 e7f7 h8h6 f8e8 e1h1 f7e7 h6e6 e7d8,Mate
3r3k/1p4p1/3b3p/pQ1P4/Pp1PpP2/1P2P3/1B1K1P1q/2R5 w - -,,0
r3k2r/pp1b1p2/8/2pp2p1/3Pn2p/B1P1P3/PQ2BqPP/2RK3R w kq -,a3c5 d7a4 c1c2 a4c2 b2c2 f2e3 h1f1 e4c3 d1e1 e3e2,-439
r3kb1r/2q2ppp/p1p1b3/3p1n2/5B2/2N5/PPP2PPP/2KR2NR w kq -,f4c7 f8c5 g1h3 a8c8 c3a4 c5f2 h3f2 c8c7 h1e1 e8h8,-48
r1b1kbnr/pppqpppp/3p4/1P1n4/8/P3PN2/2PP1PPP/RNBQKB1R w KQkq -,d2d4 d5f6 f1d3 d7d8 a3a4 g7g6 a4a5 f8g7 e1h1 f6d7,104
8/8/8/8/k2K4/pR6/1p6/8 w - -,,0
2b3k1/5pbp/1q3np1/p3Q3/5N2/6PP/1pP3B1/R6K w - -,e5a5 b6a5 a1a5 b2b1q h1h2 b1c2 a5a3 g7f8 a3e3 c8a6,-639
8/8/8/8/5PRP/5kP1/7K/8 w - -,e5a5 b6a5 a1a5 b2b1q h1h2 b1c2 a5a3 g7f8 a3e3 c8a6,Mate
4r1k1/1pq2p1p/p3rnpB/4PR2/4Q3/2P5/PP5P/4R1K1 w - -,e4f4 f6e4 f4g4 e4d6 f5f2 d6c4 g4g3 c4e5 e1f1 c7c6,-232
5rk1/p1pb1p1n/5PpR/1p1P2r1/8/1B4NP/PPPQ2P1/7K w - -,e4f4 f6e4 f4g4 e4d6 f5f2 d6c4 g4g3 c4e5 e1f1 c7c6,Mate
7r/ppp2k2/3p3P/3Pp3/8/5n2/P4P1K/4R3 w - -,h2g3 f3e1 f2f4 e1d3 f4e5 d3e5 g3f4 f7f6 f4e3 f6f5,-1098
1r3rk1/1p1n1ppp/p1p2n2/5p2/3P4/1P4P1/1P1NPPBP/R4RK1 w - -,e2e3 d7b6 d2b1 b6a8 b1c3 a8c7 f1c1 g7g6 c1c2 f8e8,-7
r4rk1/pp1bnppp/1qn1p3/3pP3/1b1P4/N1BB1N2/PP3PPP/R2QK2R w KQ -,a1c1 f7f6 e1h1 f6e5 d4e5 h7h6 d3b1 d7e8 f3d4 b4c3,-28
8/5ppp/2K5/4P3/5P2/6Pk/5B2/8 w - -,f4f5 h3g2 f2e1 g2f1 e5e6 f7f6 e1c3 f1e2 e6e7 e2d3,1159
6rk/p1p2r1p/5n2/2PPBp2/b6q/2Q2P2/P6P/2KR2R1 w - -,d1e1 g8g6 g1g6 h7g6 e5f6 h4f6 c3f6 f7f6 e1e7 a4c6,-3
r4rnk/pp1b1qb1/3p1n1p/2pPpp2/2P3PN/2NB4/PP1B1P1P/R2QR1K1 w - -,d3f5 d7f5 g4f5 g8e7 g1h1 h8h7 e1g1 f7h5 h4g6 e7g6,176
r3k2r/pp1n1p1p/5np1/2pp4/3P3N/5PP1/PPP1N2P/R3K2R w KQkq -,h4g2 b7b6 h2h4 e8a8 e1f2 h8e8 c2c3 d7f8 g2f4 h7h5,58
r3kb1r/pppn1ppp/3p1n2/4p3/4P3/2NP3P/PPP2PP1/R1B1KB1R w KQkq -,g2g3 c7c6 h3h4 g7g6 f1h3 h7h5 e1h1 f8h6 c1h6 h8h6,52
8/7p/8/5kPp/8/3K4/8/8 w - -,d3d2 f5f4 d2e2 h5h4 e2f2 f4g5 f2f3 h7h5 f3f2 g5g6,Mate
8/8/8/8/k7/1RK5/pp6/8 w - -,,0
rn2k2r/2pqpp1p/p1b3pn/1p1pP3/P7/2P1P3/1PBN1PPP/R1BQ1RK1 w kq -,d2b3 h6f5 b3c5 d7c8 e5e6 f7e6 e3e4 d5e4 c2b3 b5a4,252
r4qk1/pppbp1b1/3pp1p1/8/7P/2PB1Q2/PP3KP1/R1B4R w - -,c1e3 f8f6 f2g1 f6f3 g2f3 e6e5 g1f2 d7f5 d3e4 e7e6,467
6k1/5pp1/2r2Q1p/p1p2b2/8/1P2p3/P3NPPP/2Rr2K1 w - -,c1d1 e3f2 g1f2 c6f6 d1d8 g8h7 f2e3 f6e6 e3f2 e6e5,-64
1rb1r1k1/2qn1pbp/p2p1np1/1pp5/2P1PP2/1PN1B1PP/P1Q1N1B1/3R1RK1 w - -,c3d5 c7a7 d5f6 d7f6 e2c3 b5b4 c3d5 f6d5 d1d5 a7c7,35
8/8/8/k7/1R6/2K5/pp6/8 w - -,,0
r2qk2r/pbppnpbp/1p2p1p1/8/1n1PP3/2N1BN2/PPP1BPPP/R2Q1RK1 w kq -,e3f4 d7d6 f1e1 e8h8 d1d2 c7c5 a1d1 c5d4 c3b5 e6e5,92
4Nn2/1q1n1p1k/pp4p1/4r3/8/1P4PP/P4B2/2Q1R1K1 w - -,e1e5 d7e5 c1c7 b7c7 e8c7 e5d7 c7a6 f8e6 a6b4 e6c7,244
2r3k1/p4ppp/2p5/8/2R5/1P3P2/P3K1PP/8 w - -,e2d3 f7f5 c4a4 c8c7 g2g3 g8f7 d3c4 g7g5 c4c5 f7f6,156
8/8/8/8/5PRP/4k1PK/8/8 w - -,e2e3 h7h5 c4a4 c8c7 h2h4 f7f6 a4a5 g7g6 b3b4 g8f7,Mate
2rr2k1/3nbppp/p2p1n2/1p2pP2/2q1P3/PNNQB3/1PP3PP/3R1R1K w - -,d3c4 c8c4 b3a5 c4c3 b2c3 d8c8 c3c4 f6e4 d1b1 b5c4,-40
r2qkb1r/pp1npppp/2pp1n2/7b/2PP1B2/4PN1P/PP3PP1/RN1QKB1R w KQkq -,f1e2 e7e5 f4h2 e5d4 f3d4 h5g6 e1h1 f8e7 b1c3 e8h8,68
1R6/1pr1k1rR/p2p4/P1pP1p2/3b1P2/8/1PK1B1P1/8 w - -,h7g7 d4g7 e2d3 c5c4 d3f5 g7d4 b8c8 c7c8 f5c8 b7b6,169
r1b5/1p2qrpk/3bp2p/p4p1P/2pPpPPN/P1P1P3/1P6/R1BQ1RK1 w - -,g4g5 h6g5 h4g6 e7d8 f1f2 c8d7 c1d2 d7e8 f2h2 f7c7,-100
rn3rk1/pp2ppbp/1n1p2p1/q1pP4/2P1P3/2N2QPP/PP3PB1/R1BR2K1 w - -,f3e2 g7c3 b2c3 b8d7 c1h6 f8e8 h3h4 a5a4 g2h3 d7f6,53
6k1/5pp1/2r2Q1p/p1p2b2/8/1P6/P3NpPP/3R2K1 w - -,g1h1 c6f6 e2g3 f6e6 d1d8 g8h7 h2h3 e6e3 d8d2 e3g3,-574
8/8/4pR1p/kr4p1/5P2/7P/6PK/8 w - -,f4g5 b5g5 f6h6 g5e5 g2g4 a5b5 h3h4 b5c6 h4h5 c6d7,576
6k1/3b1pp1/7p/8/4Q2P/N4PP1/5q1K/8 w - -,h2h1 d7h3 e4c2 f2f3 h1h2 h3f5 c2d2 f3a3 d2f4 a3b2,-627
1k6/ppp2pp1/5q1p/4p3/1bP1P1Q1/1P2B2P/P4PP1/6K1 w - -,g1f1 b7b6 f1e2 a7a6 g2g3 b4c3 g4d7 c3d4 e3d4 e5d4,63
1R5R/1pr1k3/p2p4/P1pP1p2/3b1P2/8/1PK1B1r1/8 w - -,,0
1r3rk1/p1Q3pp/3p1p2/2p5/2P5/P3Bq2/2P2P1P/R4RK1 w - -,c7d6 f3g4 d6g3 g4c4 f1d1 b8e8 d1d7 f8f7 d7f7 c4f7,378
8/7p/8/6kp/8/8/3K4/8 w - -,,0
4k3/1b1b1b2/1p1p1p2/pPpPpPpP/PpPpPpPp/1P1P1P2/8/3NKN2 w - -,d1f2 e8f8 f1d2 b7c8 e1f1 f8g8 f2h3 g8h8 h3f2 d7e8,-15
8/8/8/5P2/6kP/6P1/7K/8 w - -,d1f2 e8f8 f1d2 b7c8 e1f1 f8g8 f2h3 g8h8 h3f2 d7e8,Mate
r3r1k1/3p1p1p/1p1Bp1pq/3pP1R1/5QP1/PP2RP2/2b4P/6K1 w - -,g5f5 h6f4 f5f4 g6g5 f4d4 a8c8 g1g2 c2g6 g2g3 c8c1,-48
6k1/5p2/2r2p1p/p1p2b2/8/1P6/P3NKPP/3R4 w - -,d1d8 g8g7 d8a8 c6d6 a8a5 d6d2 f2e3 d2d3 e3f4 f5e6,37
1kr5/p2rbQpp/1q1p1n2/1p6/1P1pPP2/3P2PP/P3N1BK/1R3R2 w - -,f7b3 g7g6 b1c1 d7c7 c1c7 b6c7 f1c1 c7b6 c1c8 b8c8,395
5rk1/pppbp1b1/3pp1p1/8/7P/2PB4/PP3KP1/R1B4R w - -,f2e1 d6d5 c1e3 e6e5 a1d1 d7g4 d1d2 c7c5 d2f2 g4f5,410
1k6/pppQqpp1/7p/4p3/1bP1P3/1P2B2P/P4PP1/6K1 w - -,d7d5 c7c6 d5d1 b8c7 d1g4 f7f6 g4g6 e7d7 g6h7 b7b6,48
5K2/1P1p4/3p4/p7/B7/8/4k2p/8 w - -,a4d1 e2e3 d1f3 e3f3 b7b8q a5a4 b8b1 f3g3 b1e1 g3g2,9605
7k/p1p2r1p/5nr1/2PPBp2/b6q/2Q2P2/P6P/2K1R1R1 w - -,,0
4rrk1/ppp2p2/3p1PpR/6n1/2B1q3/8/PPPQ2PP/5R1K w - -,g1g6 h7g6 e5f6 h4f6 c3f6 f7f6 e1e7 a4c6 d5c6 f6c6,Mate
r3kb1r/pp1npppp/2pp1n2/q6b/2PP1B2/3BPN1P/PP3PP1/RN1QK2R w KQkq -,d1d2 a5b6 f3h4 h5g6 h4g6 h7g6 f4h2 e7e5 b1a3 e5d4,49
4Nn2/1q3p1k/pp4p1/4n3/8/1P4PP/P4B2/2Q3K1 w - -,c1c7 b7c7 e8c7 a6a5 f2b6 e5c6 c7b5 f8d7 b6e3 c6b4,243
6k1/R5p1/4pp2/3pP1p1/p2P2P1/r2N3P/4KPn1/8 w - -,a7a6 g8f7 a6a7 f7g6 a7a6 g6h6 e2d2 g2f4 d3c5 a3h3,-52
8/5ppp/3K4/4P3/5Pk1/6P1/5B2/8 w - -,f2e1 g4f3 d6e7 f7f5 e5e6 h7h5 e7f7 h5h4 g3h4 f3f4,1032
rn2kb1r/ppq1ppp1/2p2n2/7p/6bP/2P2NN1/PP1P1PP1/R1BQKB1R w KQkq -,d2d4 e7e6 f1d3 f8d6 e1h1 b8d7 c1g5 e8h8 g3e4 f6e4,-21
rnb1k2r/ppppb1pp/5n2/5P2/8/8/PPP2PPP/RNB1KBNR w KQkq -,b1c3 b8c6 g1f3 c6b4 e1d1 d7d6 a2a3 b4c6 f1d3 f6g4,50
2r2rk1/p5pp/3Q1p2/2p5/2P5/P3Bq2/2P2P1P/R4RK1 w - -,d6d5 f3d5 c4d5 h7h5 g1h1 f8d8 f1d1 h5h4 h2h3 g8f7,510
2r1kb1r/p2b1ppp/3p4/Q2Np1B1/4P1nP/8/PP3PP1/2Kq1B1R w - -,c1d1 f7f6 g5e3 f8e7 a5a7 g4e3 f2e3 c8c5 d5b6 d7g4,639
R7/P5k1/6p1/5p1p/1K3P1P/6P1/8/r7 w - -,,0
8/8/8/5k2/7P/6P1/6K1/8 w - -,b4b3 a1a6 b3b4 a6a2 b4b5 a2a1 b5b6 a1b1 b6a6 b1a1,Mate
rnbqkb1r/1p2pp1p/p2p1p2/2p5/4P3/5N2/PPPP1PPP/R1BQKB1R w KQkq -,d2d4 c5d4 f3d4 h7h5 c2c3 h5h4 f1e2 h8g8 g2g4 d6d5,93
rn2k2r/2pqpp1p/p1b3p1/1p1pPn2/P7/2P1PN2/1PB2PPP/R1BQ1RK1 w kq -,f3d4 f5d4 e3d4 b5a4 c1h6 c6b5 c2a4 b5a4 a1a4 b8c6,186
6k1/5pp1/7p/8/4QPbP/N5P1/5q2/7K w - -,f4f5 g4f3 e4f3 f2f3 h1g1 f3a3 g1g2 a3b2 g2f3 b2c3,-881
1k3q2/p1p3p1/1p3p1p/3Qp3/1bP1P3/1P2B2P/P4PP1/6K1 w - -,d5b5 f8d6 b5d5 d6e7 g2g4 e7e8 d5b5 e8e7 b5c6 a7a6,38
6k1/R5p1/4pp2/3pP1p1/p2P2P1/r2N1n1P/4KP2/8 w - -,a7a8 g8f7 a8a7 f7g6 e2f3 a3d3 f3e2 d3d4 a7a6 d4e4,-351
1kr5/p3b1pp/1q1p1n2/1p2P3/1P1p1P2/1Q1P2PP/P1r1N1BK/1R3R2 w - -,e5f6 c2e2 f6e7 b6b7 f1g1 b7e7 b3d5 c8c3 d5d4 c3c2,521
1r6/8/6P1/5K2/8/8/8/3k4 w - -,,0
r1b2rk1/pp2nppp/1qn1p3/3pP3/3P4/N1bB1N2/PP3PPP/R2QK2R w KQ -,d1d2 c3d2 e1d2 c6d4 f3d4 b6d4 a1e1 e7c6 e1e3 c6e5,-890
2b1k3/5pp1/p1rP2p1/7r/1Pp5/4BN2/P4PPP/2R3K1 w - -,a2a3 c6d6 h2h3 c8e6 f3d4 e6d7 c1c4 h5h4 f2f4 h4h5,-144
6k1/pp2q3/8/2p1r3/4R2p/P4P1P/1P4PK/3Q4 w - -,d1b3 g8f8 e4f4 f8g7 b3c3 g7h7 f4g4 e5e6 c3c2 h7h6,424
5K2/1P1p4/3p4/p7/8/8/5k1p/3B4 w - -,d1f3 f2f3 b7b8q a5a4 f8e7 f3f2 b8b2 f2g3 b2c3 g3g4,9605
6k1/R7/4pp2/3p2p1/p2P2P1/r2N1n1P/4KP2/8 w - -,d3c5 f3d4 e2f1 a3a1 f1g2 a4a3 c5d7 g8f7 f2f4 g5f4,-395
6k1/5pp1/7p/5P2/4Q2P/N4bP1/5q2/7K w - -,e4f3 f2f3 h1h2 f3a3 h2g2 g8h7 g3g4 a3d3 h4h5 d3c3,-1236
r1bqnrk1/1p4bp/3p1n2/1N1Pp1p1/4Pp2/1N3P2/P3BBPP/R2Q1RK1 w - -,b3d2 c8d7 a2a4 f8f7 d2c4 g5g4 f2h4 g4f3 e2f3 d7b5,110
rnbqk2r/p1pp1ppp/1p2pn2/8/1bPP4/4P1P1/PP3P1P/RNBQKBNR w KQkq -,d1d2 b4d2 b1d2 b8c6 a2a3 e6e5 d4e5 c6e5 g1f3 e5g4,-837
1k3q2/p1p5/1p3p1p/3Qp1p1/1bP1P3/1P2B1PP/P4P2/6K1 w - -,d5e6 f8d6 e6d6 c7d6 h3h4 b4c5 e3d2 b8c7 g1g2 a7a5,84
r1bqkb1r/ppp2ppp/4pn2/8/1nBP1B2/2N1P3/PP3PPP/R2QK1NR w KQkq -,g1e2 a7a6 e1h1 b7b5 c4b3 c8b7 a1c1 f8d6 a2a3 b4d5,72
2r2rk1/p5pp/3Q1p2/2B5/2P2q2/P7/2P2P1P/R4RK1 w - -,d6f4 c8c5 g1h1 g8h8 f1g1 f8g8 a1b1 c5c8 b1e1 a7a5,765
1r1b1rk1/3q1ppp/3p4/3Rp3/4P2P/2p3P1/1P2QPB1/5RK1 w - -,b2b4 d8b6 b4b5 g7g6 f1c1 b6d4 h4h5 f8c8 g2f1 d7e6,-167
r2q1rk1/1pp2pp1/1b1pbnnp/pB2p3/P2PP3/2P2N1P/1P1N1PP1/R1BQR1K1 w - -,b5d3 d8d7 d2f1 f6h5 c1e3 g6f4 f1h2 e6b3 d1b3 f4d3,30
2r2k2/p4ppp/2p5/8/1PR5/5P2/P3K1PP/8 w - -,e2d3 f8e7 c4c3 c8d8 d3c2 d8d6 c3a3 d6d7 a3e3 e7d8,88
2k5/2p5/1p3p2/r4b2/1b1P1P2/2R1B1P1/3N2K1/8 w - -,c3c4 b4d2 e3d2 a5a2 g2f2 a2d2 f2e1 d2c2 c4c2 f5c2,-484
8/4K1pp/5p2/4P3/5Pk1/6P1/5B2/8 w - -,e5e6 g4f3 f2e1 f3e2 e7f7 g7g5 e6e7 g5f4 e7e8q e2d1,1678
8/3K4/2B5/8/1k6/8/3N4/8 w - -,d2e4 b4b3 d7e6 b3c2 e6e5 c2d3 c6d5 d3e2 e5d4 e2f3,290
1kr1n3/p3b1pp/1q1p4/1p2P3/1P1p1P2/1Q1P2PP/P1r1N1BK/1R2R3 w - -,b3f7 d6e5 f7e7 b6c7 e7e5 c7e5 f4e5 c2a2 e2d4 c8c3,567
1k6/p1p5/1p1q1p1p/3Qp1p1/1bP1P3/1P2B1PP/P4PK1/8 w - -,d5d6 c7d6 h3h4 b4c5 e3c5 d6c5 g2f3 h6h5 g3g4 h5g4,136
rnbqk2r/pp2p1bp/2p2np1/3pN3/3P4/2N1B3/PPP2PPP/R2QKB1R w KQkq -,f1e2 b8d7 f2f4 e8h8 e1h1 f6e8 d1d2 a7a5 a2a4 e8d6,75
6k1/5pp1/7p/5q2/7P/N5P1/7K/8 w - -,f1e2 b8d7 f2f4 e8h8 e1h1 f6e8 d1d2 a7a5 a2a4 e8d6,Mate
5K2/1P1p4/3p4/p7/8/5k2/7p/8 w - -,b7b8q a5a4 f8e7 f3g2 b8b2 g2g3 b2c3 g3g4 c3d4 g4h3,9605
3q2k1/p1rprpp1/B3pn2/2P4p/8/P2Q2P1/4PP1P/2RR2K1 w - -,d3e3 e6e5 d1d6 e7e8 a6b5 d8e7 f2f3 e7f8 c1d1 e5e4,33
2r5/p3kppp/2p5/8/PPR5/5P2/4K1PP/8 w - -,e2d3 e7d6 c4h4 h7h6 h4d4 d6c7 d4f4 c8f8 h2h4 f7f5,68
1rbq1rk1/p2nppb1/3p1np1/2p3Bp/1p1PP2P/2P1NP1N/PP1QB1P1/R3K2R w KQ -,e1h1 b4c3 b2c3 c5d4 c3d4 d7b6 g1h2 f6h7 a1b1 c8h3,-8
3r4/1p2rkb1/p3p2p/2P2pp1/P1QN1q2/8/1P2RPPP/3R2K1 w - -,c5c6 d8d4 c4c2 b7c6 d1d4 f4d4 e2d2 d4e5 c2d1 g7f6,-417
2r2rk1/p5pp/3Q1p2/2B5/2P3q1/P7/2P2P1P/R4RK1 w - -,,0
1Q3K2/3p4/3p4/p7/8/5k2/8/7q w - -,d6g3 g4g3 h2g3 c8c5 a1d1 f8c8 d1d7 c8c7 d7c7 c5c7,Mate
8/4K1pp/4Pp2/8/5P2/5kP1/5B2/8 w - -,d6g3 g4g3 h2g3 c8c5 a1d1 f8c8 d1d7 c8c7 d7c7 c5c7,Mate
1r2r1k1/1p1n1ppp/p1p1p3/5b2/2NP4/1P4P1/1P2PPBP/R4RK1 w - -,e2e4 f5g6 f1d1 e8d8 a1c1 f7f5 e4e5 g6h5 d1d2 g7g5,42
rn3rk1/pp2ppbp/1n1p2p1/2pP4/1qP1P3/2N3PP/PP2QPB1/R1BR2K1 w - -,g2f1 b8d7 a2a4 g7c3 b2c3 b4a5 c1h6 f8e8 d1c1 d7e5,104
2r5/p3kppp/8/1Pp5/P1R5/5P2/4K1PP/8 w - -,e2d3 c8d8 d3c3 d8d5 c4e4 e7d7 e4e3 d5h5 h2h3 h5h4,187
8/8/4R2p/k4rp1/5P2/7P/6PK/8 w - -,e6e5 f5e5 f4e5 h6h5 h3h4 g5g4 h2g3 a5b6 g3f4 b6c7,790
r1b1k1nr/pppp1ppp/1bn1pq2/1P6/2B1P3/2P5/P2P1PPP/RNBQK1NR w KQkq -,,0
6k1/5pp1/7p/8/7P/N5P1/q4K2/8 w - -,g1f3 c6e5 c4e2 g8e7 e1h1 e5f3 e2f3 e6e5 a2a4 a7a6,Mate
2r1kb1r/p2b1ppp/3p4/Q2Np1B1/4P2P/8/PP3nP1/3K1B1R w - -,d1e2 f8e7 e2f2 f7f6 g5e3 e8f7 h4h5 d7e6 h5h6 g7g6,712
r3r1k1/pp2qpp1/2p5/5b1p/3Pp1nP/2N1P3/PPQN1PP1/1RR3K1 w - -,b2b4 e7h4 d2f1 b7b6 b1b2 h4g5 b4b5 c6c5 d4c5 b6c5,-195
6k1/4R3/2n1pp2/3p2p1/p5P1/r2NK2P/5P2/8 w - -,e7b7 c6e5 e3e2 e5d3 e2d2 d3f2 b7a7 f2e4 d2c2 a3c3,-672
rn2k2r/2pqpp1p/p1b3p1/1p1pP3/P2n4/2P1P3/1PB2PPP/R1BQ1RK1 w kq -,e3d4 b5a4 c1h6 d7e6 f2f4 c6b5 f1f2 e6b6 d1g4 b8d7,189
1rbq1rk1/p2nppb1/3p1np1/2p3Bp/3PP2P/2p1NP2/PP1QBNP1/R3K2R w KQ -,b2c3 f6h7 g5f4 c5d4 c3d4 e7e5 d4e5 d6e5 f4h2 g7h6,-23
3k4/1p4b1/p2p4/P1pP1B2/5P2/8/1PK3P1/8 w - -,b2b3 g7d4 c2d3 d4f2 f5e6 f2e1 g2g4 e1a5 g4g5 d8e8,283
3R4/6p1/8/8/5pk1/r7/4K3/8 w - -,d8d2 g4g3 d2d5 f4f3 e2d2 g3g4 d5d4 g4h3 d4d5 a3a2,-1027
rnbqk2r/ppp1ppbp/5np1/3p4/3P4/1P3N2/PBPNPPPP/R2QKB1R w KQkq -,e2e3 b7b6 c2c4 e8h8 c4d5 f6d5 e3e4 d5f4 d1c2 c8b7,44
1kr5/p1n1b1pp/1q1p4/1p1QP3/1P1p1P2/3P2PP/P1r1N1BK/1R2R3 w - -,d5f7 d6e5 f7e7 c7e6 f4f5 e6c7 e7g7 b6d6 b1c1 c2d2,503
8/8/7p/k3r1p1/5P2/7P/6PK/8 w - -,f4e5 a5b5 h2g3 g5g4 h3g4 b5c5 g3h4 c5d5 h4h5 d5e5,919
r4rk1/pp1nppbp/1n1p2p1/q1pP4/2P1P3/2N3PP/PP2QPB1/R1BR2K1 w - -,c3b5 b6a4 e2c2 a7a6 c1d2 a5b6 b5a3 b6b2 c2a4 b7b5,62
r2q1rk1/p1p2ppp/2p1pn2/4Bb2/2pP4/4P3/PP3PPP/RN1Q1RK1 w - -,b1d2 f5d3 f1e1 c6c5 a1c1 c5d4 e5d4 d8d5 d4f6 g7f6,56
8/1k6/4p1p1/P5Rp/5P1P/1K4P1/8/r7 w - -,b3b4 b7c6 g5g6 a1e1 b4c4 e1e3 c4d4 e3a3 d4e5 a3e3,602
r2qkbnr/pbp2ppp/3p4/2p1p3/4P3/1PN2N2/P1PP1PPP/R1BQK2R w KQkq -,d2d3 g8e7 a2a3 a7a5 a1b1 e7c6 e1h1 f8e7 c3d5 e8h8,-32
1rbq1rk1/p2nppbn/3p2p1/6Bp/3PP2P/4NP2/P2QBNP1/R3K2R w KQ -,g5f4 e7e5 d4e5 d6e5 f4h2 g7h6 d2c3 c8b7 a1d1 d8e7,-8
5k2/ppq1r1b1/4P3/3Q2R1/4p2n/P1Pb4/1P5P/6RK w - -,g5g7 e7g7 g1g7 f8g7 d5d7 c7d7 e6d7 d3e2 d7d8q e2f3,501
rnbqk2r/p2p1ppp/1pp1pn2/8/2PP4/4P1P1/PP1N1P1P/R2QKBNR w KQkq -,e3e4 e8h8 e4e5 f6e8 d1c2 d8e7 f1g2 d7d5 g1e2 c8b7,94
2r5/p4ppp/2pk4/1P6/P1R5/5P2/4K1PP/8 w - -,e2d3 c8c7 c4d4 d6e6 d4b4 c6b5 b4b5 c7d7 d3c3 d7c7,3
rn1q1rk1/p3pp2/1n1p2p1/2pP2Pp/1p2PP2/4BB2/PbPQ3P/1NKR3R w - -,c1b2 b6c4 b2a1 c4d2 b1d2 b8d7 d2c4 d8c7 f4f5 d7b6,-344
r1b2rk1/1pq3pp/2p5/p2pb3/P2N4/6Q1/1PP2PPP/R3R1K1 w - -,g3h4 e5f6 h4f6 f8f6 e1e8 g8f7 a1e1 c7b6 d4f3 b6b2,-641
5rk1/p2p2p1/b3p1qp/5p2/1p3P2/1P2K3/5N1P/7Q w - -,h1a1 e6e5 f2d3 e5f4 e3f4 a6d3 f4e3 d3e4 a1f1 g8h7,-1052
6k1/4R3/4pp2/3p2p1/p2n2P1/r2N3P/4KP2/8 w - -,e2d2 d4f3 d2e2 f3g1 e2d2 g1h3 d3c5 e6e5 f2f4 a3a2,-445
r2qkb1r/pbp1nppp/3p4/2p1p3/4P3/1PN2N2/PBPP1PPP/R2QK2R w KQkq -,d1e2 d8d7 e1a1 g7g6 h2h4 h7h5 f3g5 f7f6 g5h3 e7c6,-43
5rk1/ppp2p2/3prPpR/4q1n1/2B1N3/8/PPPQ2PP/5R1K w - -,d2g5 e5g5 e4g5 e6f6 f1f6 g8g7 f6f7 g7h6 f7f8 h6g5,966
8/8/7p/1k2P1p1/8/7P/6PK/8 w - -,d2g5 e5g5 e4g5 e6f6 f1f6 g8g7 f6f7 g7h6 f7f8 h6g5,Mate
rnbqk2r/pp2ppbp/2p2np1/3p4/1P1P4/5N2/PBPNPPPP/R2QKB1R w KQkq -,e2e3 a7a5 b4b5 c6b5 f1b5 c8d7 d1e2 d8b6 b5d7 b8d7,6
2rr2k1/3nbppp/3p1n2/pp2pP2/4P3/P1NPB3/1P1N2PP/3R1R1K w - -,e3g1 b5b4 c3b5 d6d5 e4d5 f6d5 d2c4 a5a4 a3b4 e7b4,-39
r3kb1r/ppq1pppp/2n2n2/1B1p1b2/3P4/2P2N1P/PP3PP1/RNBQK2R w KQkq -,e1h1 e7e6 f3h4 f5e4 b1d2 h7h6 d2e4 d5e4 g2g3 g7g5,-10
5rk1/p5pp/5p2/2r5/2P5/P5P1/2P2P2/R4RK1 w - -,f1e1 f8c8 a1d1 c8c7 e1e4 c5c4 d1d8 g8f7 e4c4 c7c4,-2
8/8/2k1p1p1/P5Rp/5P1P/1K4P1/8/3r4 w - -,g5g6 d1d3 b3c4 d3a3 g6e6 c6c7 a5a6 a3g3 c4d5 g3g4,529
2b1k3/5pp1/2rP2p1/p1B4r/1Pp5/5N2/P4PPP/2R3K1 w - -,h2h3 a5b4 c5b4 c8e6 f3d4 c6c8 a2a4 e8d7 a4a5 h5d5,-116
r1bqkb1r/1p2pp1p/p1np1p2/2p5/4P3/1P3N2/P1PP1PPP/R1BQKB1R w KQkq -,f3h4 d6d5 d2d3 f8g7 a1b1 f6f5 h4f5 c8f5 e4f5 g7c3,-50
2kr3r/Qp1q1ppp/8/2pp4/1bpnP3/6P1/PP3PBP/R1B2RK1 w - -,a2a3 d4e2 g1h1 e2c1 a3b4 c1d3 b4c5 d7c6 e4d5 c6c5,360
8/7p/8/6Pp/5k2/8/3K4/8 w - -,d2e2 f4g3 e2f1 h5h4 f1g1 g3f4 g1f2 f4g5 f2g1 h4h3,Mate
1rbq1rk1/p2nppb1/3p2p1/6P1/3PP1Pp/4NP2/P2QBN2/R3K2R w KQ -,a1d1 e7e5 e3f5 g6f5 g4f5 e5d4 d2f4 b8b2 f4h4 f8e8,-53
r1b1kb1r/ppp1pppp/2nq4/3n4/8/2N2N2/PP2PPPP/R1BQKB1R w KQkq -,d1d5 e7e5 c1d2 f7f6 d5d6 f8d6 e2e4 c8e6 f1b5 e8f7,378
rnbqk2r/1pp1ppbp/5np1/p2p4/1P1P4/5N2/PBPNPPPP/R2QKB1R w KQkq -,a2a3 a5b4 a3b4 a8a1 d1a1 c8f5 a1a4 c7c6 e2e3 b7b5,-31
r1bqkb1r/ppp2ppp/3p1n2/2nPp3/4P3/2N5/PPPB1PPP/R2QKBNR w KQkq -,f1b5 c8d7 b5d7 d8d7 f2f3 f8e7 d2e3 c7c6 g1e2 e8h8,29
8/8/6k1/8/4K2P/6P1/8/8 w - -,f1b5 c8d7 b5d7 d8d7 f2f3 f8e7 d2e3 c7c6 g1e2 e8h8,Mate
8/p4ppp/8/2k5/P7/3K1P2/6PP/8 w - -,a4a5 c5b5 d3d4 b5a5 d4c5 a5a4 f3f4 h7h5 c5c4 a7a5,-497
rnbqk2r/1pp1ppbp/5np1/1P1p4/p2P4/5N2/PBPNPPPP/R2QKB1R w KQkq -,,0
8/6qp/3k4/8/8/8/6PP/5K2 w - -,b2a3 e8h8 e2e3 b8d7 f1e2 f8e8 e1h1 e7e5 f3e5 d7e5,Mate
3r2k1/3nbppp/3p1n2/pN2pP2/4P3/P2PB3/1PrN2PP/3R1R1K w - -,d2c4 d6d5 e4d5 f6d5 e3g1 a5a4 d1c1 c2e2 b5a7 f7f6,36
2kr3r/ppqnnppp/2pbp1b1/4N3/2BP1P1P/6N1/PPP3P1/R1BQ1RK1 w - -,d1f3 h7h5 c2c3 c6c5 c1e3 c8b8 a1d1 d7b6 d4c5 d6c5,5
1r4rk/3b4/p4pQp/8/8/8/PP6/6K1 w - -,g6g3 g8g3 g1f2 g3g6 b2b3 h8h7 b3b4 b8g8 f2e2 g6g2,-1484
1k5q/p1p5/1p1b3p/3QpKp1/2P1P3/1P2B1P1/P4P2/8 w - -,f5g6 a7a5 d5f7 d6b4 f7e6 b4a3 g6h5 a3b2 e6h6 h8e8,394
1r6/8/6P1/6K1/8/8/4k3/8 w - -,,0
rnbqk2r/p4ppp/1pp1pn2/3p4/2PP4/4P1P1/PP1N1PBP/R2QK1NR w KQkq -,g1e2 e8h8 e1h1 c8b7 e2c3 b8d7 a1c1 h7h6 d1b3 a8c8,66
r1bqkb1r/pp3ppp/2pp1n2/2nPp3/4P3/2N5/PPPBQPPP/R3KBNR w KQkq -,d2g5 f8e7 h2h4 d8a5 e1a1 c5a4 c3a4 a5a4 g5f6 g7f6,-32
8/6q1/3k3p/8/8/8/5KPP/8 w - -,d2g5 f8e7 h2h4 d8a5 e1a1 c5a4 c3a4 a5a4 g5f6 g7f6,Mate
8/pp2q2k/4r3/2p5/6Rp/P1Q2P1P/1P4PK/8 w - -,c3c2 h7h6 c2f2 e7d6 f3f4 e6g6 g4h4 h6g7 h4h5 b7b6,442
rn1q1rk1/p3ppb1/1n1p2p1/2p3Pp/1p1PPPb1/4BN2/PPPQB2P/1NKR3R w - -,h1f1 d8c7 f4f5 b8d7 e3g1 a8c8 e2a6 c7c6 d1e1 c6a4,-147
8/6q1/3k4/7p/8/5K2/6PP/8 w - -,h1f1 d8c7 f4f5 b8d7 e3g1 a8c8 e2a6 c7c6 d1e1 c6a4,Mate
8/5Kpp/4Pp2/8/5P2/6P1/5k2/8 w - -,h1f1 d8c7 f4f5 b8d7 e3g1 a8c8 e2a6 c7c6 d1e1 c6a4,Mate
2kr1N1r/p4p1p/2p1pp2/3pq3/QP4b1/2P5/P4PPP/RN2KB1R w KQ -,e1d2 e5f4 d2c2 f4f2 b1d2 g4f5 c2b3 c8c7 b3a3 h8f8,Mate
rn2k2r/2p1pp1p/p1b1q1p1/1p1pP3/P2P4/2P5/1PB2PPP/R1BQ1RK1 w kq -,f2f4 c6d7 f4f5 g6f5 c2f5 e6b6 f5d7 b8d7 d1f3 e8a8,328
8/8/3k4/7p/5K2/8/6qP/8 w - -,f2f4 c6d7 f4f5 g6f5 c2f5 e6b6 f5d7 b8d7 d1f3 e8a8,Mate
8/1p1r1kb1/p3p2p/2Pr1pp1/P1QN1q2/1P6/3R1PPP/3R2K1 w - -,h2h3 g7d4 g1h1 d4e5 c4f4 g5f4 d2d5 d7d5 d1d5 e6d5,-482
7R/1pr1kr2/p2p4/P1pP1p1B/3b1P2/8/1PK3P1/7R w - -,h1e1 e7d7 h8b8 c7c8 b8b7 c8c7 b7c7 d7c7 h5f7 d4f2,696
3r3k/1p4p1/3b3p/pQ1P4/Pp1PpP2/1P2P3/1B1K1Pq1/5R2 w - -,,0
6k1/R5p1/4pp2/3pP1p1/p2P2P1/3NK2P/r4Pn1/8 w - -,e3f3 g2h4 f3e3 a2a3 a7a8 g8f7 a8a7 f7g6 a7e7 h4f3,-316
2kr1N1r/p4p1p/2p1pp2/3p4/QP3qb1/2P5/P2K1PPP/RN3B1R w - -,d2d3 f4f2 a4c6 c8b8 c6b5 b8a8 b5c6 a8b8,Mate
1rbq1rk1/3n1pbp/3p1np1/pp6/3BP3/2NQ2PP/1PP1NPB1/R4RK1 w - -,f1d1 b5b4 c3d5 f8e8 d5f6 g7f6 d4f6 d7f6 d3d6 d8d6,23
r1b2rk1/pp2n2p/1qn1pp2/3p4/1b1P4/N1BB1N2/PP3PPP/R2QK2R w KQ -,d1d2 e6e5 d3e2 e7g6 a3c2 b4c3 b2c3 e5e4 f3g1 f6f5,-45
8/7p/8/6Pp/8/6k1/4K3/8 w - -,e2f1 h5h4 f1g1 h4h3 g1h1 g3h4 h1h2 h4g5 h2h1 g5f5,Mate
rn1q1rk1/pp1bbppp/2p1pn2/4N3/2Q5/2N3P1/PP1PPPBP/R1B1K2R w KQ -,e1h1 d7e8 d2d4 b8d7 c4b3 d8c7 e5d3 c7b6 f1d1 b6b3,67
5rk1/ppp2p2/3p1rpR/6N1/2B5/8/PPP3PP/5R1K w - -,f1f6 g8g7 f6f7 g7h6 f7f8 h6g5 f8f7 c7c6 f7b7 d6d5,1082
8/8/3k4/7p/5K1P/8/4q3/8 w - -,f1f6 g8g7 f6f7 g7h6 f7f8 h6g5 f8f7 c7c6 f7b7 d6d5,Mate
8/8/7p/8/3k3P/6N1/5K2/2r5 w - -,,0
8/p4ppp/3k4/1Pp5/P1R5/3K1P2/6PP/4r3 w - -,,0
1r6/6P1/8/6K1/8/5k2/8/8 w - -,,0
7k/p1p3pp/4Q3/4P3/2P4n/3PKq2/PP3r1P/R3R3 w - -,e3d4 h7h6 d4c3 f3f4 e1d1 h4f5 e6d5 f2c2 c3b3 f4f2,141
8/7p/8/6Pp/8/8/7k/5K2 w - -,f1f2 h2h3 f2f1 h3h4 f1g2 h4g5 g2f1 h5h4 f1g1 h4h3,Mate
8/6Kp/4Pp2/8/5P2/6k1/8/8 w - -,f1f2 h2h3 f2f1 h3h4 f1g2 h4g5 g2f1 h5h4 f1g1 h4h3,Mate
r4rk1/1p1nppbp/pn1p2p1/qNpP4/2P1P3/6PP/PP2QPB1/R1BR2K1 w - -,b5d6 e7d6 c1d2 a5a4 b2b3 a4a3 e2e1 a3b2 f2f4 b2f6,-241
5n2/2N2p1k/1p4p1/p3n3/8/1P4PP/P4B2/6K1 w - -,f2b6 e5c6 c7b5 f8d7 b6e3 d7f6 b5d6 f6d5 e3d2 d5b4,274
5r2/ppp2pk1/3p1RpR/6N1/2B5/8/PPP3PP/7K w - -,f6f7 g7h6 f7f8 h6g5 f8f7 c7c6 f7b7 g5f5 b7c7 c6c5,990
1k5q/p1p2Q2/1p6/4p1K1/1bP1P3/1P2B1P1/P4P2/8 w - -,g3g4 a7a5 g5g6 h8h4 f7f5 h4h8 f5e6 h8h4 g6g7 b4c3,724
1r2r1k1/ppbq1ppp/3p1n2/2p1p3/3nP3/P1NPBN1P/1PP2PP1/1R1QR1K1 w - -,e3g5 e8e6 g5f6 d4f3 d1f3 e6f6 f3h5 f6g6 c3d5 b8f8,78
8/8/7p/2k1P1p1/8/6KP/6P1/8 w - -,e3g5 e8e6 g5f6 d4f3 d1f3 e6f6 f3h5 f6g6 c3d5 b8f8,Mate
Q2r3r/2kq1ppp/8/1ppp4/1bpnP3/6P1/PP3PBP/R1B2R1K w - -,a8d8 c7d8 c1e3 d7a7 a2a3 b4a5 e4d5 h8e8 a3a4 b5b4,-486
r2qk2r/pQ1p1p1p/6p1/p1p1P2n/8/8/PPP2PPP/2KR1B1R w kq -,d1d7 d8g5 c1b1 e8h8 f1c4 a8b8 b7c7 f8c8 c7d6 g8h8,508
8/7K/4Pp2/8/5k2/8/8/8 w - -,d1d7 d8g5 c1b1 e8h8 f1c4 a8b8 b7c7 f8c8 c7d6 g8h8,Mate
r4rk1/pp1nppbp/3p2p1/qNpP4/n1P1P3/6PP/PP2QPB1/R1BR2K1 w - -,e2c2 a7a6 c1d2 a6b5 d2a5 a8a5 c4b5 a4b2 d1e1 a5a3,88
2kr1b1r/p1qN1p1p/2p1pp2/3p4/QP4b1/2P5/P4PPP/RN2KB1R w KQ -,d7f8 c7e5 e1d2 e5f4 d2c2 f4f2 b1d2 g4f5 c2b3 c8c7,283
4k3/5pp1/b1rP2p1/2B4r/1Pp5/5N2/5PPP/2R3K1 w - -,h2h4 e8d7 c1e1 h5c5 b4c5 c6c5 f3e5 d7d6 e5f7 d6d5,-34
r3B2k/1b4p1/pp5N/5q2/2P5/2P5/P5PP/R4R1K w - -,h6f5 b7g2 h1g2 a8e8 f5d6 e8e2 g2h1 h8h7 d6f7 g7g6,746
5N2/6k1/8/5K2/4B3/8/8/8 w - -,f8g6 g7f7 e4c6 f7g7 c6a4 g7h7 a4b3 h7h6 b3g8 h6h5,15265
2r2rk1/1pqnppbp/p5p1/3P4/Q1p1P3/2P1BB1P/P4PP1/2R2RK1 w - -,a4b4 f8e8 f3g4 e7e6 d5e6 f7e6 f1d1 h7h5 g4e2 b7b5,39
8/8/3k4/6Kp/7P/8/5q2/8 w - -,a4b4 f8e8 f3g4 e7e6 d5e6 f7e6 f1d1 h7h5 g4e2 b7b5,Mate
r2qr3/5kp1/p5Np/1ppppP2/1P2nn2/1Q1P3P/P4PP1/R5K1 w - -,d3e4 c5c4 b3f3 f7g8 g6e5 d8g5 h3h4 g5g2 f3g2 f4g2,-557
r3k2r/2pnpp1p/p1b1q1p1/1p1pP3/P2P1P2/2P5/1PB3PP/R1BQ1RK1 w kq -,f4f5 g6f5 c2f5 h7h5 f5e6 f7e6 d1f3 e8a8 f3h3 h5h4,564
8/p7/P7/8/3k4/8/3P4/4K3 w - -,,0
8/4P2K/8/5p2/5k2/8/8/8 w - -,e1e2 d4c5 e2d3 c5b5 d3d4 b5a6 d4c5 a6b7 c5d5 b7b6,Mate
r2qr3/5kp1/p6p/1ppp1P2/1P2np2/1Q1P3P/P4PP1/R5K1 w - -,b4c5 e4f6 a2a4 f7g8 b3a3 d8a5 c5c6 b5a4 a3c1 a4a3,-605
8/8/8/1k2P1pp/8/6KP/6P1/8 w - -,b4c5 e4f6 a2a4 f7g8 b3a3 d8a5 c5c6 b5a4 a3c1 a4a3,Mate
r2q1rk1/pp1nppbp/3p2p1/1NpP4/n1P1P3/6PP/PP1BQPB1/R2R2K1 w - -,d2c1 a7a6 b5a3 b7b5 c4b5 d8a5 a1b1 f8b8 g2f1 a6b5,58
2rr2k1/3nbppp/p1qp1n2/1p2pP2/4P3/P1NQB3/1PPN2PP/3R1R1K w - -,d2b3 h7h6 h2h3 d7b6 e3b6 c6b6 b3d2 b6c6 d2b3 d8d7,-55
3q1rk1/p2n1pb1/3p2p1/3B2P1/3pP1PR/3r1P2/P2Q1K2/R7 w - -,d2d3 d8g5 a1h1 d7e5 d3e2 f8c8 f2g3 c8c3 e2b2 c3f3,-279
7k/p1p3pp/4Q3/4Pn2/2PK4/3P1q2/PP3r1P/R3R3 w - -,d4c3 f2c2 c3b4 c2b2 b4a4 g7g6 e1b1 f3b7 b1b2 b7b2,227
7R/1pr2k2/p2p4/P1pP1p2/3b1P2/8/1PK3P1/7R w - -,h8d8 c7e7 h1h7 d4g7 d8d6 c5c4 d6e6 e7d7 e6b6 d7e7,536
3rr1k1/pp1b1pbp/2pp1np1/q1n5/2PNP3/2N1B1PP/PPQ2PB1/3RR1K1 w - -,g3g4 d7e6 b2b3 h7h6 c2b2 c5e4 g2e4 f6e4 c3e4 e6g4,117
r2q4/5kp1/p6p/1ppp1P2/1P2rp2/1Q5P/P4PP1/R5K1 w - -,b4c5 d8d7 a1d1 a8d8 f5f6 g7f6 d1d3 d7f5 c5c6 e4c4,-471
1k6/p1p2Q2/1pqb2KB/4p3/2P1P1P1/1P6/P4P2/8 w - -,g6f5 d6e7 f7g8 b8b7 g8d5 a7a6 d5c6 b7c6 f5e5 c6d7,900
8/5ppp/8/2k5/1rp5/4KP2/2R3PP/8 w - -,e3e2 b4b7 e2d2 c5d4 d2c1 c4c3 c2a2 b7e7 c1d1 d4d3,-426
4Q3/7K/8/5pk1/8/8/8/8 w - -,e3e2 b4b7 e2d2 c5d4 d2c1 c4c3 c2a2 b7e7 c1d1 d4d3,Mate
1r6/6P1/5K2/8/5k2/8/8/8 w - -,,0
8/p7/P7/8/4k3/8/3PK3/8 w - -,,0
r4rk1/2RR1pp1/8/8/6PP/2P2P2/8/6K1 w - -,g1f2 g7g6 d7d5 f8c8 d5c5 c8e8 f2g3 g8g7 h4h5 g6h5,409
r3rnk1/1b4n1/p3p2B/qp2P3/2p3P1/P1N1PR2/1P2QP2/1B1RK3 w - -,f3f8 e8f8 e2c2 g7f5 h6f8 a8f8 g4f5 f8f5 f2f4 a5b6,806
r1b1k2r/p4pp1/2pq3p/2b5/2B5/4p1P1/PPPP1R1P/RNBQ2K1 w kq -,f2e2 e8h8 d2d4 d6d4 d1d4 c5d4 c2c3 d4b6 c1e3 c8g4,233
1k6/p1p2Q2/1p1b3B/2q1pK2/2P1P1P1/1P6/P4P2/8 w - -,h6e3 c5a3 g4g5 a3a2 g5g6 a2e2 f5g5 e2f1 g6g7 f1g2,977
r2q1rk1/1p1nppbp/p2p2p1/1NpP4/n1P1P3/1P4PP/P2BQPB1/R2R2K1 w - -,b5c7 d8c7 b3a4 g7a1 d1a1 b7b5 a4b5 a6b5 c4b5 a8a3,-130
rnb1k2r/pp1p1ppp/2p1p3/q3P3/1b1P4/2nQ1N2/PPPB1PPP/R3KB1R w KQkq -,b2c3 b4e7 d3e4 d7d5 e4g4 g7g6 f3g5 h7h6 g5f7 e8f7,117
2r4k/1p4p1/3b3p/Q2P4/Pp1PpP2/1P2P3/1B1K1Pq1/5R2 w - -,,0
2kr3r/ppqnnppp/2pbp3/4N3/3P1P1P/3b2N1/PPP3P1/R1BQ1RK1 w - -,c2d3 h8f8 c1d2 e7d5 g3e4 d6e7 d1e2 f7f5 e5d7 c7d7,-85
4k3/5pp1/b2P2p1/2r5/2pN4/8/5PPP/2R3K1 w - -,d4e2 c5d5 e2c3 d5d6 f2f3 e8d8 c3e4 d6d4 e4g5 d4d5,-80
8/8/8/2k1P1pp/8/5K1P/6P1/8 w - -,d4e2 c5d5 e2c3 d5d6 f2f3 e8d8 c3e4 d6d4 e4g5 d4d5,Mate
8/p7/P7/8/3k4/3P4/4K3/8 w - -,,0
2k5/R6K/5q2/7p/6nP/7p/8/8 w - -,e2d2 d4c5 d2c3 c5b5 d3d4 b5a6 c3b4 a6b6 d4d5 a7a6,Mate
8/5ppp/8/2k5/1r2K3/2p2P2/2R3PP/8 w - -,e4e5 c5c4 c2c1 c4d3 g2g4 c3c2 g4g5 d3d2 g5g6 f7g6,-710
1rbqr1k1/2p2pbp/p2p1np1/2p5/2P1P3/1PN1B1PP/P1Q2PB1/2R2RK1 w - -,c1e1 f6d7 f2f4 c8b7 e3d2 b7c6 g1h2 d7f8 c2c1 f8d7,68
r2q1rk1/1p1nppbp/3p2p1/1ppP4/P1P1P3/6PP/P2BQPB1/R2R2K1 w - -,a1b1 b5b4 d2g5 h7h6 g5c1 a8a4 e4e5 d7e5 f2f4 e5d7,-217
r1bqk2r/2ppnppp/p1n5/1p2P3/1b1P4/1B3N2/PP1N1PPP/R1BQK2R w KQkq -,e1h1 b4d2 c1d2 d7d5 d2e3 h7h6 h2h3 a6a5 a1c1 e8h8,148
6Q1/pkp5/1p1b3B/2q1pK2/2P1P1P1/1P6/P4P2/8 w - -,h6e3 c5a3 g4g5 a3a2 g5g6 a2e2 g8d5 b7a6 g6g7 e2h5,933
rnb1k2r/pp1pbppp/2p1p3/q3P3/3P4/2PQ1N2/P1PB1PPP/R3KB1R w KQkq -,d3e4 d7d5 e4g4 g7g6 h2h4 h7h5 g4g3 c6c5 f3g5 h8f8,113
1r1b1rk1/3q1ppp/p1npb3/1p1Np3/4P2P/2P1N1P1/PP3PB1/R2QK2R w KQ -,e1h1 c6e7 g1h2 a6a5 a1c1 d7b7 c3c4 e6d5 e3d5 e7d5,16
4k3/1ppppppp/p7/8/7P/8/PPPPPPP1/4K3 w - -,d2d4 f7f6 e2e4 g7g5 h4h5 e8f7 e1e2 d7d6 e2e3 c7c5,16
8/7p/8/6P1/7p/8/5K1k/8 w - -,f2f3 h2h3 f3f2 h3g4 f2g1 g4g5 g1h1 h4h3 h1h2 h7h6,Mate
4r1k1/1p3rBp/p4pp1/5P2/3b4/2P5/PP5P/4RRK1 w - -,g1g2 e8e1 f1e1 d4c3 b2c3 g8g7 c3c4 f7c7 f5g6 h7g6,-245
8/3k1pp1/7p/1R1p1P2/p4P2/b1p3PP/4K3/8 w - -,e2d3 a3b2 b5d5 d7c6 d5a5 a4a3 g3g4 f7f6 h3h4 c6b6,132
8/7K/6Q1/5p2/7k/8/8/8 w - -,e2d3 a3b2 b5d5 d7c6 d5a5 a4a3 g3g4 f7f6 h3h4 c6b6,Mate
7b/1pr1kB2/p2p4/P1pP1p2/5P2/8/1PK3P1/7R w - -,h1h8 c5c4 f7e6 c7c5 h8h7 e7f6 h7f7 f6g6 f7b7 c5a5,619
8/5pp1/2k4p/3R1P2/p4P2/b1p3PP/4K3/8 w - -,d5d8 a3b2 e2d3 a4a3 d8a8 h6h5 g3g4 h5g4 h3g4 c6c5,8
8/7N/5K2/3B4/6k1/8/8/8 w - -,f6e5 g4h4 d5h1 h4g3 h7f8 g3h2 h1f3 h2g1 f8g6 g1f2,15265
4k3/1pp1pppp/p7/3p4/1P5P/8/P1PPPPP1/4K3 w - -,d2d3 e8d7 e1d2 d7c6 c2c4 e7e5 d2c2 f7f5 h4h5 c6d6,-19
r3k2r/2pnpp1p/p1b1q3/1p1pPp2/P2P4/2P5/1PB3PP/R1BQ1RK1 w kq -,c2f5 e6f5 f1f5 e7e6 d1h5 e6f5 e5e6 e8a8 e6f7 c8b7,591
1r2r1k1/ppb2ppp/3pqn2/2p1p1B1/3nP3/P1NP1N1P/1PP2PP1/1R1QR1K1 w - -,g5f6 e6f6 f3d4 c5d4 c3d5 f6d8 d1g4 c7b6 f2f4 f7f6,152
3R4/2k2pp1/7p/5P2/p4P2/b1p3PP/4K3/8 w - -,d8d4 c3c2 d4c4 c7b6 c4c2 a3b4 e2d3 a4a3 d3c4 b4c5,229
4r3/1p2rk2/p3p2p/2P2pp1/P2Q1q2/8/1P2RPPP/4R1K1 w - -,d4d1 f4b4 e2e5 b4b2 h2h4 g5g4 g2g3 b2c3 h4h5 e7c7,65
r1b2rk1/pp2n1pp/1qn1p3/3pp3/1b1P4/N1BB1N2/PP3PPP/R2Q1RK1 w - -,d3h7 g8h7 d4e5 f8h8 a3c2 b4c3 b2c3 h7g8 c2d4 e7g6,-271
r2q1rk1/1b2bpp1/p1n1pn1p/1p4B1/3P4/P1NQ1N2/BP3PPP/R3R1K1 w - -,g5h4 b5b4 a2b1 g7g6 c3a4 a8c8 b1a2 g8g7 a1d1 b7a8,25
8/8/8/2k1P2p/4K1p1/7P/6P1/8 w - -,g5d2 d8d7 a1d1 f8d8 d4d5 b5b4 c3a4 d7c7 d3e3 f6d5,Mate
8/2k2pp1/7p/5P2/p2R1P2/b5PP/2p1K3/8 w - -,d4c4 c7b6 c4c2 a3c5 c2b2 b6c6 b2b8 h6h5 b8c8 c6d5,296
r1bq1rk1/ppp1p1b1/2npp1p1/7P/3P4/3B1N2/PPP2KP1/R1BQ3R w - -,h5g6 c6b4 c1h6 g7d4 f2e2 f8f3 g2f3 e6e5 g6g7 c8e6,410
8/1p3rkp/p4pp1/5P2/3P4/8/PP5P/4R1K1 w - -,g1f2 f7d7 e1c1 d7d4 c1c7 g7h6 f5g6 h7g6 c7b7 f6f5,-27
8/7K/6Q1/5p2/5k2/8/8/8 w - -,g1f2 f7d7 e1c1 d7d4 c1c7 g7h6 f5g6 h7g6 c7b7 f6f5,Mate
2r3k1/p4pb1/3p2p1/3Bn3/3pPqPR/5P2/P5K1/3Q3R w - -,h4h3 d4d3 d5b3 c8c3 h1f1 g6g5 g2h1 d3d2 h1g2 e5d3,-289
8/p7/P7/3k4/3P4/4K3/8/8 w - -,,0
8/5pp1/1k5p/5P2/p1R2P2/b5PP/2p1K3/8 w - -,c4c2 a3c5 c2b2 b6c6 b2b8 a4a3 b8a8 c6b7 a8a4 h6h5,303
rnb1k2r/pp2bp1p/2p1p1p1/q2pP3/3P2Q1/2P2N2/P1PB1PPP/R3KB1R w KQkq -,f3g5 b8d7 f1d3 b7b6 a2a4 c8a6 g5e6 f7e6 g4e6 a6d3,135
8/8/8/2k1P3/4K1p1/8/6P1/8 w - -,f3g5 b8d7 f1d3 b7b6 a2a4 c8a6 g5e6 f7e6 g4e6 a6d3,Mate
7R/1pr2B2/p2p1k2/P1pP1p2/5P2/8/1PK3P1/8 w - -,f7e6 b7b5 h8f8 f6g6 e6f5 g6g7 f8d8 c7f7 d8d7 b5b4,687
r1b1kbnr/p1pqpppp/1p1p4/1P1n4/8/P3PN2/1BPP1PPP/RN1QKB1R w KQkq -,c2c4 d5f6 f1e2 e7e6 a3a4 a7a5 d2d4 g8e7 h2h4 h7h5,129
8/1p3rkp/p4p2/3P1p2/8/8/PP5P/4R1K1 w - -,g1f2 f7c7 f2f3 b7b5 e1d1 g7f7 d1d2 c7c1 d5d6 f7e8,-6
2r5/qb2bk2/2p1pp1p/p1p2r2/3P4/BP6/P3QPPP/1B1R2K1 w - -,d1e1 f5e5 d4e5 f6f5 e2h5 f7g7 a3c1 c8h8 e1e3 b7c8,1033
r1b1kbnr/p1pqpppp/1p1p1n2/1P6/2P5/P3PN2/1B1P1PPP/RN1QKB1R w KQkq -,a3a4 a7a6 b1c3 a6b5 a4b5 a8a1 d1a1 c8b7 f1e2 e7e6,144
2rr2k1/3nbppp/p1q2n2/1p1ppP2/4P3/P1N1B3/1PPNQ1PP/3R1R1K w - -,e3g5 d5d4 c3d5 d8e8 c2c3 d4c3 d5c3 h7h6 g5h4 e7a3,-93
r1bqk2r/2p1nppp/p1np4/1p2P3/1b1P4/1B3N2/PP1N1PPP/R1BQ1RK1 w kq -,d2e4 e8h8 a2a3 b4a5 e5d6 c7d6 d4d5 c6e5 f3e5 d6e5,186
r1bq2k1/ppp1p1b1/2npprP1/8/3P4/3B1N2/PPP2KP1/R1BQ3R w - -,c1h6 g7h8 g6g7 h8g7 h6g7 g8g7 h1h7 g7f8 h7h8 f8g7,600
8/3k1pp1/1R1b3p/1r1p1P2/p4P2/P1p3PP/4K3/8 w - -,b6b5 d6a3 e2d3 a3b2 b5d5 d7c6 d5a5 a4a3 g3g4 f7f6,137
r2q1rk1/pp2ppbp/3p1np1/3P4/5Pn1/1N2B3/PPPQ2PP/R3KB1R w KQ -,e1a1 f6d5 e3g1 g4f6 g2g3 d8c7 f1g2 d5b6 g1b6 a7b6,-127
8/8/6QK/4kp2/8/8/8/8 w - -,e1a1 f6d5 e3g1 g4f6 g2g3 d8c7 f1g2 d5b6 g1b6 a7b6,Mate
r1b1k2r/pp1nbp1p/2p1p1p1/q2pP1N1/3P2Q1/2P5/P1PB1PPP/R3KB1R w KQkq -,f1d3 a5a3 e1h1 b7b6 c3c4 e7g5 d2g5 c8a6 c4d5 c6d5,148
1kr5/p1n1b1pp/1q6/1p2p3/1P1Q1P2/3P2PP/P1r1N1BK/1R2R3 w - -,f4e5 c8d8 d4e4 c7d5 e2f4 d5f4 g3f4 c2g2 e4g2 g7g6,376
2rq1rk1/1b2bppp/p1n1pn2/1p4B1/3P4/P1NQ1N2/BP3PPP/R3R1K1 w - -,h2h3 h7h6 g5f6 e7f6 a1d1 c6e7 c3e4 b7e4 d3e4 g7g6,-21
r3kbnr/pbpqpppp/1p1p1n2/1P6/2P5/P3PN2/1B1PBPPP/RN1QK2R w KQkq -,a3a4 e7e6 a4a5 b6a5 a1a5 g8e7 e1h1 e7g6 b2f6 g7f6,157
8/8/8/3kP3/5Kp1/8/6P1/8 w - -,a3a4 e7e6 a4a5 b6a5 a1a5 g8e7 e1h1 e7g6 b2f6 g7f6,Mate
1r6/5ppp/8/2k5/2p1K3/5P2/2R3PP/8 w - -,f3f4 b8e8 e4f3 e8e7 h2h4 c5b4 c2b2 b4a3 b2b8 c4c3,-523
2rr2k1/3nbppp/p7/1p1qpP2/8/P3B3/1PPNQ1PP/3R1R1K w - -,d2b1 d5c6 c2c3 h7h6 b1d2 d7f6 e3g1 d8d5 d2f3 e5e4,-75
rnbqk1nr/pp2bppp/2p5/3p4/2PPp3/1Q2P3/PP1B1PPP/RN2KBNR w KQkq -,b1c3 g8f6 g1h3 e8h8 c4d5 e7d6 f1e2 a7a5 a2a3 a5a4,36
3r4/5ppp/8/2k5/2p5/4KP2/2R3PP/8 w - -,f3f4 d8d7 h2h4 c5b4 c2b2 b4a3 b2b6 c4c3 b6c6 a3b2,-571
3rk3/1RR2ppp/5r2/P4K2/8/8/8/8 w - -,,0
r1bq1rk1/1p1n1pp1/p2ppb1p/8/3NPP2/P1N2Q2/1PP3PP/2KR1B1R w - -,h2h4 e6e5 d4f5 e5f4 g2g3 f4g3 f3g3 f6e5 g3g2 g8h7,18
4rrk1/1p3qnp/p4ppB/3QbP2/3P4/2P5/PP5P/4RRK1 w - -,d5g2 e5b8 f5g6 h7g6 b2b3 e8e1 f1e1 f8d8 e1f1 f6f5,-376
8/pp5k/3qr3/2p5/2Q3Rp/P4P1P/1P4PK/8 w - -,g4f4 e6f6 c4e4 h7h6 h2h1 d6f4 e4e8 h6g7 b2b4 f6f7,-496
r1bqkbnr/pp1pp2p/2n2pp1/1Bp5/5P2/4PN2/PPPP2PP/RNBQK2R w KQkq -,b1c3 g8h6 b2b3 f8g7 c1b2 e8h8 d1e2 f8f7 e1a1 d7d5,69
r1bq1rk1/2ppnppp/p1n5/1p2P3/1b1P4/1B3N2/PP1N1PPP/R1BQ1RK1 w - -,d4d5 c6a5 b3c2 d7d6 e5e6 f7e6 c2h7 g8h7 f3g5 h7g8,169
r1bq2kb/ppp1p3/2npprPB/8/3P4/3B1N2/PPP2KP1/R2Q3R w - -,g6g7 h8g7 h6g7 g8g7 h1h7 g7f8 h7h8 f8g7 h8d8 c6d8,604
8/8/6Q1/5pK1/3k4/8/8/8 w - -,g6g7 h8g7 h6g7 g8g7 h1h7 g7f8 h7h8 f8g7 h8d8 c6d8,Mate
2bq2rk/rp1nb2p/p3Npp1/2p5/2P1PB2/8/PQ2BPPP/1R3RK1 w - -,e6d8 g8d8 g1h1 b7b5 c4b5 a6b5 e2b5 h8g7 f1d1 g6g5,617
2rr2k1/3nb1pp/p4p2/1p1qpP2/8/P1P1B3/1P1NQ1PP/3R1R1K w - -,,0
4r3/1p2rk2/p3p2p/2P2p2/P4p2/8/1P2RPPP/4R1K1 w - -,g1f1 e8d8 b2b4 d8d4 e2b2 f7f6 a4a5 e6e5 b4b5 d4c4,-14
r1b1kb1r/pp4pp/2p2n2/3pq3/4p3/1BN1B3/PPP2PPP/R2Q1RK1 w - -,e3d4 e5g5 f2f3 e4f3 d1f3 f8d6 f3d3 e8d7 a1d1 g5g6,-49
1r1q1rk1/5pbp/p2p2p1/n1pP1b1n/2P2P2/4P3/PBQN2BP/3NRRK1 w - -,,0
1kr5/2n1b1pp/1p6/1p2p3/1P3P2/3P2PP/P1r1N1BK/1R2R3 w - -,f4e5 c8d8 h3h4 g7g5 h4h5 c2d2 d3d4 d8f8 h2g1 g5g4,205
r4r1k/pb1nq1bp/2p3p1/2p1P2n/5p2/2N1PN1P/P4PPB/2RQRBK1 w - -,c3e4 d7e5 f3e5 e7e5 e3f4 h5f4 e4c5 e5g5 g2g3 f4h3,278
r1bq2k1/ppp1p1b1/2nppr1B/8/3P4/3B1N2/PPP2KP1/R2Q3R w - -,h6g7 g8g7 h1h7 g7f8 h7h8 f8g7 h8d8 c6d8 f2e3 c7c5,624
rnbqkb1r/pp3ppp/2p2n2/3p4/4p1P1/1QP4P/PP1PPPB1/RNB1K1NR w KQkq -,d2d3 e4d3 e2d3 b8a6 b3d1 a6c5 d1e2 f8e7 d3d4 c5e4,-82
5rk1/2R1Rpp1/8/8/6PP/2P2P2/r7/6K1 w - -,g1f1 a2h2 e7e2 h2h4 f1g2 h4h6 e2e5 h6a6 g2f2 g7g6,92
8/7p/8/6P1/8/7p/7k/5K2 w - -,f1f2 h2h1 f2g3 h1g1 g3h3 g1f1 h3g4 f1f2 g4h5 f2g3,Mate
2rq1rk1/pp1np1bp/6p1/3P1p2/Q1p1P1b1/2P1BN2/P3BPPP/2R2RK1 w - -,e4f5 d7e5 f3d4 g4e2 d4e2 f8f5 a4a7 e5g4 a7b7 g4e3,19
2r4k/1p4p1/3b4/1Q1P3p/Pp1PpP2/1P2P3/1B1K1Pq1/5R2 w - -,f1c1 g2f2 b5e2 f2e2 d2e2 c8f8 c1h1 g7g6 b2c1 h8g7,10
rn2k1nr/ppp2p2/3b1q2/3p2p1/8/4P1Pb/PPPPN1BP/RNBQK2R w KQkq -,g2h3 h8h3 d2d4 b8c6 b1c3 e8a8 c3b5 f6h6 d1d3 h3h2,-136
1k1r4/2n1b1pp/1p6/1p2P3/1P6/3P2PP/P1r1N1BK/1R2R3 w - -,h3h4 c2d2 d3d4 d8f8 h2g1 g7g5 h4h5 g5g4 e2f4 d2d4,232
rnbqkb1r/p3pppp/2p5/1p2P3/1npP4/2N2N2/PPQ2PPP/R1B1KB1R w KQkq -,c2d1 c8f5 f1e2 b4c2 e1f1 c2a1 c1f4 b5b4 c3a4 d8a5,-335
r1b2rk1/1p1n1pp1/pq1ppb1p/8/3NPPP1/P1N2Q2/1PP4P/2KR1B1R w - -,d4e2 g7g6 h2h4 f6g7 e2g3 a8b8 g4g5 h6h5 f4f5 d7e5,67
8/1pp1p2p/p2k4/3p1ppP/PP6/3P4/2P1PPP1/5K2 w - -,d3d4 g5g4 e2e3 d6e6 f2f4 g4f3 g2f3 e6f6 f3f4 f6g7,-54
r2qk2r/ppp1npbp/2np2p1/3Np3/4P1b1/3P1N2/PPP1BPPP/R1BQ1RK1 w kq -,c1g5 g4f3 e2f3 h7h6 g5h4 g6g5 d5e7 c6e7 h4g3 a7a5,48
1r1qr1k1/2p2pbp/p1ppbnp1/2P5/4P3/1PN1B1PP/P1Q2PB1/R4RK1 w - -,f1e1 d6d5 a1d1 d8c8 e4d5 c6d5 c5c6 e6h3 c3d5 h3g4,92
r1bq2k1/ppp1p2R/2nppr2/8/3P4/3B1N2/PPP2KP1/R2Q4 w - -,a1c1 d6d5 f1d1 d8c8 e4d5 e6d5 c3d5 c6d5 c5c6 e8e3,Mate
7k/p1p3p1/4Q2p/2K1Pn2/2P5/3P1q2/PP3r1P/R3R3 w - -,e6d5 f3h5 e1f1 h5h4 d5d7 h4h2 d3d4 h2f4 f1f2 f4f2,372
r3kbnr/pbpqppp1/1p1p1n1p/1P6/2P5/P3PN2/1B1PBPPP/RN1Q1RK1 w kq -,a3a4 a8d8 a4a5 e7e6 a5a6 b7a8 b1c3 g8e7 d2d4 g7g5,201
2r1kb1r/p2b1ppp/3p4/Q2Np1B1/4n2P/8/PP1K2P1/5B1R w - -,d2e1 e4g5 h4g5 f8e7 f1b5 e7g5 h1f1 h8f8 a5a6 c8c1,600
1r1q1rk1/p1p2ppp/2p1pn2/4B3/2pP4/3bP3/PP1N1PPP/R2QR1K1 w - -,b2b3 c4c3 d2b1 d3b1 a1b1 f6d5 d1g4 f7f6 g4e6 f8f7,54
r2q1rk1/pp2bppp/1n2p3/3p4/3P4/3Q2P1/PP2PPBP/R1B1K2R w KQ -,e1h1 d8d7 b2b3 a7a5 h2h4 h7h6 a2a4 e7b4 c1d2 b4d2,13
3rk3/1RR2ppp/4r3/P7/4K3/8/8/8 w - -,,0
4rr1k/p1pbq2p/3p1n2/3P1pQ1/3BP3/2P2P2/P6P/2KR2R1 w - -,g5h6 e7f7 g1g5 e8e5 d1g1 f6g4 f3g4 f5e4 g5h5 f8b8,386
3r4/5ppp/8/8/1kp1K3/5P2/2R3PP/8 w - -,c2c1 c4c3 e4e3 d8d7 h2h4 b4b3 c1b1 b3a3 b1b6 d7c7,-654
2r4k/1p4p1/3b4/1Q1P3p/Pp1PpP2/1P2P3/1B1K1q2/2R5 w - -,,0
8/8/8/4Q1K1/8/3k4/8/8 w - -,b5e2 f2e2 d2e2 c8f8 c1h1 f8f5 b2c1 h8g8 c1d2 f5d5,Mate
r1bk3r/ppp2ppp/2p4n/4P1N1/6P1/8/PPP2P1P/RN3RK1 w - -,f2f3 d8e8 b1d2 h6g8 h2h3 h7h6 g5e4 g8e7 a1e1 e7d5,110
1r1qr1k1/5pbp/p1ppbnp1/8/4P3/1PN1B1PP/P1Q2PB1/R4RK1 w - -,f1d1 d8c8 d1d6 e6h3 a1c1 h7h5 c2d2 h3g2 g1g2 e8e4,70
r3k2r/2pnpp1p/p1b5/1p1pPq2/P2P4/2P5/1P4PP/R1BQ1RK1 w kq -,f1f5 d7f8 f5f2 b5a4 d1f3 e8a8 c1g5 f8g6 h2h3 h8g8,616
4Q3/p1p3pk/7p/2K1Pn2/2P5/3P1q2/PP3r1P/R3R3 w - -,e8c6 f3f4 b2b3 f4d4 c5b5 d4b2 c6e4 h7g8 b5c6 f5d4,207
8/pp2q2k/4r3/2p5/2Q2PRp/P6P/1P4PK/8 w - -,c4d5 h7h6 d5f5 e7f6 f5c5 e6d6 c5f2 h6h7 g4h4 h7g8,565
r1bqkbnr/4p2p/p1np1pp1/1ppN4/2B1P3/1P3N2/PBPP1PPP/R2QK2R w KQkq -,c4e2 e7e6 d5e3 f8g7 d2d4 f6f5 e4f5 g6f5 a2a4 a8b8,51
rnb1k2r/ppp3pp/4pn2/8/1bPqp3/2N5/PP1BB1PP/R2QK1NR w KQkq -,c3b5 d4d2 d1d2 b4d2 e1d2 b8a6 g1h3 c8d7 b5c3 d7c6,-245
8/5ppp/8/3k4/8/2K2P2/6PP/8 w - -,,0
8/2rk4/8/8/8/5N2/4K3/8 w - -,f3d4 c7c3 e2d2 c3h3 d2c2 d7d6 d4b3 d6e5 b3d2 e5d5,-14
rnbq1rk1/1p3ppp/p2bpn2/2ppN3/3P4/2N1PQ2/PPP1BPPP/R1B1K2R w KQ -,h2h4 b8d7 f3g3 d8c7 f2f4 b7b5 a2a3 c8b7 e1h1 a8c8,-98
rnbqkb1r/4pppp/2p5/pp1nP3/2pP4/P1N2N2/1P3PPP/R1BQKB1R w KQkq -,h2h4 h7h6 a3a4 e7e6 d1c2 f8e7 f1e2 c8a6 e1h1 e8h8,-92
Q2r3r/1pkq1ppp/2n5/2pp4/1bp1P3/6P1/PP3PBP/R1B2R1K w - -,a8d8 c7d8 e4d5 c6d4 c1e3 h8e8 a1c1 d7b5 a2a3 b4a5,-491
r2q1rk1/1pp2p1p/p1bp4/4n1pQ/3NPB1b/2NP4/PPP5/2KR3R w - -,d1g1 f7f6 h1h4 d8d7 f4e5 d6e5 d4f5 g8h8 h4h2 d7f7,536
r1b2rk1/1pqn1pp1/p2ppb1p/8/4PPP1/P1N2Q2/1PP1N2P/2KR1B1R w - -,h2h4 h6h5 g4h5 g8h8 h1g1 d7c5 f1h3 c8d7 h5h6 g7g6,172
8/5ppp/8/5k2/8/4KP2/6PP/8 w - -,,0
2r4k/1p4p1/3b4/3P3p/Pp1PpP2/1P2P3/1B1Kq3/2R5 w - -,,0
8/5pp1/8/5k1p/8/4KPP1/7P/8 w - -,,0
r3q1k1/pp3pp1/2np2b1/6N1/2BP2pP/P1P5/5P2/R2Q2K1 w - -,h4h5 g6h5 d1d3 g8f8 d3h7 h5g6 h7h8 f8e7 a1e1 c6e5,338
4rr1k/p1pb1q1p/3p1n2/3P1PQ1/3B4/2P2P2/P6P/2KR2R1 w - -,g1g2 e8e5 d1g1 f7e7 f3f4 e5e1 c1d2 e1g1 g2g1 c7c5,325
8/5p2/8/5kpp/8/4KPPP/8/8 w - -,,0
r1b2rk1/p3ppbp/n1p3p1/8/2n1P3/P1N2NP1/1P3PBP/1RBR2K1 w - -,f3d4 c8b7 g2f1 f8d8 d4e6 d8d1 c3d1 c4e5 e6g7 g8g7,80
7k/1p4p1/3b4/3P3p/Pp1PpP2/1P2P3/1B2K3/2r5 w - -,,0
r3k2r/2pn1p1p/p1b1p3/1p1pPR2/P2P4/2P5/1P4PP/R1BQ2K1 w kq -,f5f7 h7h5 f7g7 e8a8 c1g5 d8f8 d1e2 d7b8 g5e7 f8e8,646
rnb1k2r/ppp3pp/4pn2/1N6/1bP1p3/8/PP1qB1PP/R2QK1NR w KQkq -,d1d2 b4d2 e1d2 b8a6 g1h3 c8d7 b5c3 d7c6 h3f2 a6b4,-237
8/5p2/6k1/6pp/6P1/4KP1P/8/8 w - -,,0
1k6/2n1b1pp/1p6/1p2P3/1P2B3/P5PP/2rrN2K/1R2R3 w - -,e4c2 d2c2 h2h1 c7e6 b1d1 b8c8 e2f4 e6f4 g3f4 c2c3,486
8/8/4k3/1r6/4K3/8/2R5/8 w - -,,0
1rb1q1k1/p3n2p/1pn5/2p1pNr1/8/2P3P1/PP4BP/3R1RK1 w - -,f5d6 e8g6 g2e4 c8h3 e4g6 g5g6 d6e4 h3f1 d1f1 g8g7,-671
rn1q1rk1/p4pb1/1np1p1p1/3pP1Pp/1p1P1Pb1/4BN2/PPP2Q1P/1NKR1B1R w - -,d1e1 g4f3 f2f3 a7a5 b1d2 a5a4 c1b1 d8c7 e1c1 a4a3,-79
r1b2rk1/pp2n1pp/1q2p3/3pn3/1b1P4/N1BB4/PP3PPP/R2Q1RK1 w - -,d3c2 e5g6 a3b1 b4c3 b2c3 e6e5 d4e5 g6e5 b1a3 e5g4,-445
r4rk1/5ppp/p1pb4/1p1n4/3P2b1/2P3Pq/PPB2P1P/RNBQR1K1 w - -,d1d3 a8e8 c1e3 f7f5 b1d2 e8e6 d3f1 h3h5 c2b3 f5f4,-166
1k6/2n1b1pp/1p6/1p2P3/1P6/P5PP/2r1N2K/1R2R3 w - -,h2h1 c2c4 b1d1 b8c8 e2d4 g7g6 d1d3 h7h5 h3h4 e7f8,520
r4rk1/pp2ppbp/2np2p1/q2Nn3/2Pp4/5QPP/PP1B1PB1/R2R2K1 w - -,f3e4 a5d8 h3h4 e7e6 d5f4 d8d7 b2b3 a8c8 d1e1 h7h5,-217
8/8/4k3/4r3/4K3/8/8/2R5 w - -,,0
8/8/R7/2pk1P2/1p6/pKb5/8/8 w - -,f5f6 c5c4 b3c2 a3a2 a6a2 c3f6 a2a5 d5d4 a5b5 f6e7,-8
6k1/pb4pp/8/8/Pp1b1B1P/2p2QP1/8/5r1K w - -,f5f6 c5c4 b3c2 a3a2 a6a2 c3f6 a2a5 d5d4 a5b5 f6e7,Mate
r1bqk2r/2pnppb1/p2p1Pp1/7p/3P3P/2p1BP2/PPPQ2P1/2KR1BNR w kq -,d2c3 d7f6 f1c4 a6a5 g1e2 c7c6 e3g5 e8h8 c3e3 a5a4,-11
3r2k1/2R1Rpp1/8/7P/6P1/2P2P2/r7/6K1 w - -,,0
1r1qr1k1/5p1p/p2p2p1/n1pP3n/2P1NP2/4P3/PNQ4P/4RRK1 w - -,e4d2 f7f5 b2d1 d8h4 d2f3 h4f6 g1h1 e8e7 f1g1 a5b7,-8
8/2rk4/8/8/8/5B2/4K3/8 w - -,e2d3 d7e6 d3e4 c7c4 e4d3 c4h4 f3g2 h4h8 d3e4 h8h7,-9
4rrk1/5ppp/p1pb4/1p1n4/3P2b1/2PQ2Pq/PPB2P1P/RNB1R1K1 w - -,c1e3 f7f5 b1d2 e8e6 d3f1 h3h5 c2b3 f5f4 e3f4 f8f4,-166
4Q3/p1p3pk/7p/2K1Pn2/2P5/3q4/PP3r1P/R5R1 w - -,a1d1 d3e3 c5c6 e3b6 c6d7 f5h4 d7c8 b6a6 c8d8 h4f5,262
r1b4r/1pk2ppp/p1p1p3/4P3/1bP2Bn1/2N5/PP3PPP/R3KB1R w KQ -,f1e2 g4h6 e1a1 b4c3 b2c3 c6c5 e2f3 a8b8 f4e3 b7b6,96
rnbqk2r/pp2p1bp/3ppnp1/2p3N1/3P4/3B4/PPPN1PPP/R1BQK2R w KQkq -,d4c5 e8h8 c5d6 e7d6 e1h1 d6d5 f1e1 b8c6 c2c4 d8d6,31
1rb1rnk1/1p3ppp/pq1Pp3/2p5/P3N3/5B2/1PP2PPP/R2QR1K1 w - -,b2b3 e8d8 a4a5 b6a7 d1d2 b7b6 d2e3 h7h6 c2c4 b6a5,122
8/6k1/4Kp2/6p1/6Pp/5P1P/8/8 w - -,b2b3 e8d8 a4a5 b6a7 d1d2 b7b6 d2e3 h7h6 c2c4 b6a5,Mate
1rb1q1k1/p6p/1pn5/2p1pNr1/8/2P3P1/PP5P/3R1RK1 w - -,f5h6 g8g7 h6f7 e8f7 f1f7 g7f7 g1g2 g5g6 a2a4 f7e8,-895
rnbqk2r/ppp3pp/4pn2/8/1bPPp3/2N5/PP2B1PP/R1BQK1NR w KQkq -,g1h3 b8c6 c1e3 e8h8 a2a3 e6e5 a3b4 e5d4 b4b5 c6b4,-79
2rr2k1/3n2pp/p4p2/1pbqpP2/6Q1/P1P1B3/1P1N2PP/3R1R1K w - -,d2e4 d5c6 d1d7 d8d7 e4c5 d7d5 b2b4 a6a5 h2h3 g8h8,292
r2qnrk1/1p1b2bp/3p1n2/1N1Pp3/2N1Pp2/1Q3Pp1/P3BBPP/R4RK1 w - -,a2a4 f6h5 h2h3 g3f2 f1f2 g7f6 e2d3 f6h4 f2b2 d7b5,-243
r1b2rk1/pp2n1pp/1q2p3/2bpP3/8/N1BB4/PP3PPP/R2Q1RK1 w - -,d1e1 a7a5 a3c2 c8d7 e1e2 e7g6 g2g3 d5d4 c3d2 d7c6,-57
8/8/8/3k1r2/8/3K4/8/R7 w - -,,0
2r1kb1r/p2b1ppp/3p4/Q2Np1B1/4P2P/8/PP4P1/4KB1n w - -,a1a5 d5e6 a5f5 e6f5 d3d4 f5f4 d4d5 f4e3 d5c6 e3d4,Mate
rn1q1rk1/ppp2pbp/3p1np1/4p3/3P2b1/2NBPN2/PPP1QPPP/R1B2RK1 w - -,d4e5 d6e5 h2h3 g4f3 e2f3 c7c6 f1d1 d8e7 e3e4 b8d7,66
5rk1/6qp/p1Rp4/P1pPp3/2B1Q2n/6N1/5rpP/1R4K1 w - -,e4h4 f2f6 c4e2 g7e7 h4h3 c5c4 g1g2 e7f7 g2h1 f7d5,482
r1bk3r/ppp1nppp/2p5/4P3/8/5N2/PPP2PPP/RN3RK1 w - -,b1c3 d8e8 h2h3 e7d5 c3e4 b7b6 f1e1 c6c5 a1d1 d5f4,9
1k6/4b1pp/1p2n3/1p2P3/1P6/P5PP/2r1N3/1R2R1K1 w - -,h3h4 h7h5 b1d1 b8c8 d1c1 c2c4 g1g2 g7g5 h4g5 e7g5,472
rnbq1rk1/pp2p1bp/3ppnp1/2P3N1/8/3B4/PPPN1PPP/R1BQK2R w KQ -,e1h1 b8c6 c5d6 e7d6 c2c4 d6d5 f1e1 d8d6 h2h3 c8d7,36
r4rk1/1p1bR1p1/2p4p/p2p4/P7/5Nq1/1PP2PPP/4R1K1 w - -,e1e5 g3g6 e7d7 f8f3 e5e2 a8f8 d7e7 f3f4 e7e3 f4a4,-656
rnb1kb1r/ppqppppp/2p2n2/8/2B1P3/1PN2N2/P1PB1PPP/R2QK2R w KQkq -,e4e5 d7d5 e5f6 d5c4 e1h1 g7f6 f1e1 c8f5 f3h4 f5g6,-25
r3kb1r/pppq1ppp/2n1b3/3np3/2B5/3P1N1P/PPPN1PP1/R1BQK2R w KQkq -,f3g5 e8a8 g5e6 d7e6 e1h1 f7f5 d2f3 h7h6 f1e1 g7g5,-27
rnbqkb1r/pppp2p1/5n1p/4p3/4P3/3P3P/PPP3P1/RNBQKBNR w KQkq -,f1e2 f8c5 e2h5 e8e7 h5g6 d7d5 b1c3 b8c6 g1f3 c8e6,43
rnbq1rk1/pp4bp/3ppnp1/6N1/8/3B4/PPPN1PPP/R1BQK2R w KQ -,e1h1 b8c6 c2c4 c6e5 d3c2 c8d7 f1e1 d8b6 h2h3 h7h6,31
r1bq1rk1/ppp2pbp/2np1np1/4p3/3P4/2NBPN2/PPP1QPPP/R1B2RK1 w - -,,0
8/8/4Kp2/6k1/6Pp/7P/8/8 w - -,,0
5rk1/6r1/8/2Pp2Q1/1P2bp2/q6P/4R1PN/5RK1 w - -,g5e5 a3b4 g1h1 g7g6 h2f3 e4f3 f1f3 b4c5 e5b2 c5b6,96
3r1rk1/pp1qbppp/2p1p3/8/1n1P1B2/6P1/PP2PPBP/R2Q1RK1 w - -,d1b3 d7d4 f4c7 d8e8 f1d1 d4f6 c7a5 b4d5 b3b7 e8b8,31
r1bqkbnr/pp2pppp/2n5/2p5/2B5/N1P5/PP1P1PPP/R1BQK1NR w KQkq -,g1f3 e7e6 a3c2 a7a6 e1h1 b7b5 c4e2 g8f6 d2d4 c8b7,19
2kr1N1r/p4p1p/1qp1pp2/3p1b2/QP6/1KP5/P2N2PP/R4B1R w - -,f1a6 c8c7 f8e6 f7e6 b3a3 c6c5 d2b3 c5c4 b3c5 e6e5,308
5K2/8/5pq1/5p2/5Q2/6P1/4k3/8 w - -,,0
rnb1k2r/ppppqppp/5n2/4B3/2P5/4P3/P2P1PPP/R2QKBNR w KQkq -,e5c7 d7d5 c7f4 e8h8 g1f3 b8c6 c4d5 f6d5 f4g3 f8d8,115
r5k1/1p1bRrp1/2p4p/p2p4/P7/5NP1/1PP2PP1/4R1K1 w - -,e7e3 c6c5 f3e5 d5d4 e3e2 f7e7 e5d7 e7d7 g1f1 b7b5,1
4rrk1/1p4b1/p1bp4/4pp2/1qP1PPp1/2NQB1Pp/P6P/3RR1K1 w - -,c3d5 b4a5 e3b6 a5a2 d1d2 f5e4 d3c3 a2a4 e1a1 e5f4,-77
r1bqk2r/ppppnppp/2n5/4p3/1PPbP3/P1N5/3P1PPP/R1BQKBNR w KQkq -,g1e2 e8h8 e2d4 e5d4 c3e2 f7f5 d2d3 e7g6 e4f5 g6h4,-6
r5r1/1p1q1ppp/2n5/2k1P3/1bpp1B2/6P1/5PBP/1R1Q1R1K w - -,d1f3 g8d8 h1g1 d7e6 f3e4 f7f5 e4c2 b7b5 g2c6 e6c6,-219
r1bqkb1r/pp1pnp2/2n1p1pp/2p5/2B1P2B/3P1N2/PPP2PPP/RN1QK2R w KQkq -,h4f6 h8g8 b1c3 g6g5 d3d4 g8g6 f6e7 d8e7 d4d5 g5g4,62
2rr2k1/3n2pp/p4p2/1pb1pP2/2q1N1Q1/P1P1B3/1P4PP/3R1R1K w - -,b2b3 c4f1 d1f1 c5e3 b3b4 h7h6 g2g3 d8f8 g4e2 e3a7,332
1k6/4b1pp/1p2n3/1p2P3/1P6/P5PP/3rN3/2R1R1K1 w - -,c1d1 d2c2 g1h1 c2a2 d1d7 e7g5 h3h4 g5d8 e2f4 e6f4,516
8/5K2/8/5pk1/6Pp/7P/8/8 w - -,c1d1 d2c2 g1h1 c2a2 d1d7 e7g5 h3h4 g5d8 e2f4 e6f4,Mate
4rrk1/6pp/p1pb4/1p1n1p1q/3P2b1/2P1B1P1/PPB2P1P/RN2RQK1 w - -,b1d2 f5f4 e3f4 d5f4 f2f3 f4h3 g1g2 h3g5 e1e8 g4h3,-406
4Q3/p1p3pk/7p/2K1Pn2/2P5/4q3/PP3r1P/3R2R1 w - -,c5c6 e3b6 c6d7 f5h4 d7c8 b6a6 c8d8 h4f5 c4c5 f2b2,278
8/4K1q1/5p2/5p2/5Q2/6P1/4k3/8 w - -,,0
4rrk1/1p4b1/p1bp4/q2Npp2/2P1PPp1/3QB1Pp/P6P/3RR1K1 w - -,e4f5 c6d5 d3d5 a5d5 d1d5 f8f5 e3d2 g7f8 d2b4 g8f7,-83
1r2q1k1/p3n1rp/1pn5/2p1pbN1/7N/2P3P1/PP4BP/3R2K1 w - -,h4f5 e7f5 g5e4 g8h8 d1d2 e8g6 d2d3 g6h6 d3f3 h6c1,-1002
5k2/4r3/5PK1/6p1/8/8/8/8 w - -,,0
8/3K4/8/8/R7/5k2/3P4/7r w - -,d7d6 h1h6 d6d5 h6h5 d5c4 h5h2 d2d3 f3g4 a4a5 h2c2,585
r1b2rk1/2qn1pp1/p2pp2p/1p6/4PPPP/P1N2Q2/1PP5/2KR1B1R w - -,g4g5 h6h5 f3h5 c8b7 h1h3 d6d5 e4e5 d7c5 f1e2 d5d4,205
1r5r/2kb1p1p/pp1Rp2p/2p1P3/2P5/2P2B2/P4PPP/2K4R w - -,h1d1 d7a4 d1d2 b8e8 g2g3 h8f8 f3e4 h6h5 h2h4 h7h6,103
5r1k/p1pbqr1p/3p1n2/3P1PQ1/3B4/2P2P2/P6P/2KR2R1 w - -,d1e1 e7d8 e1e6 d7e6 f5e6 h7h6 g5e3 f7g7 g1g7 h8g7,464
8/8/4Kpq1/5p2/5Q2/6P1/4k3/8 w - -,,0
5k2/4rP2/6K1/8/6p1/8/8/8 w - -,f4f5 g6g8 e6f6 g8g3 f5b5 e2f2 b5c5 f2f3 f6f7 g3f4,Mate
3q1r1k/p1pb1r1p/3p1n2/3P1PQ1/3B4/2P2P2/P6P/2K1R1R1 w - -,e1e6 d7e6 f5e6 h7h6 g5e3 f7g7 g1g7 h8g7 e6e7 d8e8,501
8/8/4Kp2/5q2/8/6P1/4k3/8 w - -,,0
2rq1rk1/1p1n1p1p/p2p2p1/6b1/2b1PN2/1NPQ4/PP2B1PP/3R1RK1 w - -,d3c2 f8e8 e2c4 c8c4 b3d2 c4c5 f4d5 d7b6 d5b6 d8b6,-65
r3k2r/2p2p1p/pnb1p3/1p1pP3/P2P1R2/2P5/1P4PP/R1BQ2K1 w kq -,a4a5 b6d7 d1h5 e8a8 f4f2 c8b7 c1h6 h8g8 h5f7 g8g6,644
3q1r1k/p1p2r1p/3pbn2/3P1PQ1/3B4/2P2P2/P6P/2K3R1 w - -,f5e6 h7h6 g5e3 f7g7 g1g7 h8g7 e6e7 d8e8 e7f8q e8f8,512
rnb1kb1r/pp1ppppp/2p5/q2n4/3P1B2/1PP1P3/P4PPP/RN1QKBNR w KQkq -,f4g3 d7d6 g1f3 d5f6 b3b4 a5c7 f1d3 g7g6 h2h3 a7a5,80
4Q3/p1p3pk/2K4p/4P3/2Pn4/4q3/PP3r1P/3R2R1 w - -,d1d4 f2f6 c6c5 e3g1 e5f6 g1g5 d4d5 g5f6 d5d8 f6f2,775
1k6/4b1pp/1p6/1p2P1n1/1P6/P1R3PP/3rN3/4R1K1 w - -,h3h4 g5e6 c3c6 e6c7 e2f4 b8b7 c6c3 h7h5 e1e2 d2e2,495
8/8/5p2/5K2/8/6P1/5k2/8 w - -,,0
r4rk1/pp3pbp/6p1/q1pNn3/2Pn1Q2/6PP/PP3PB1/R1BR2K1 w - -,d5f6 g7f6 f4f6 f8e8 c1h6 d4f5 g2b7 e8e6 f6g5 a8b8,99
8/8/4R3/2k5/7R/8/8/4K3 w - -,g2f1 g6g5 f4e4 f7f5 e4g2 e5f3 g1h1 a8e8 c1e3 g5g4,Mate
4rrk1/6pp/p1pb4/1p1n3q/3P1pb1/2P1B1P1/PPBN1P1P/R3RQK1 w - -,e3f4 d5f4 f2f3 f4h3 g1g2 h3g5 e1e8 g4h3 g2g1 h3f1,-421
rnbqk2r/p3ppbp/2p2np1/1p1p4/2PP4/2N3P1/PP1NPP1P/R1BQKB1R w KQkq -,c4b5 c6b5 c3b5 d8b6 b5c3 b6d4 f1g2 e8h8 e1h1 b8d7,12
2rr2k1/3n2pp/p1q2p2/1pb1pP2/4N1Q1/P1P1B3/1P4PP/3R1R1K w - -,d1d7 d8d7 e4c5 d7d6 h2h3 c6d5 b2b4 d5f7 h1h2 c8d8,307
3q1r1k/p1p2r2/3pPn1p/3P2Q1/3B4/2P2P2/P6P/2K3R1 w - -,g5e3 f7g7 g1g7 h8g7 e6e7 d8a8 e7f8b a8f8 c1b2 f8f7,552
1k1r3r/p6p/Bqp1pp2/3p1b2/QP6/1KP5/P2N2PP/R6R w - -,b3a3 h8g8 g2g3 c6c5 d2b3 c5c4 b3c5 f5g4 a4d7 h7h5,310
rn1qkb1r/pp3ppp/2p1p3/4P3/8/2n2B2/PPP2PPP/R1BQ1RK1 w kq -,,0
r6r/1p2q1bk/3pp1n1/2n2p1B/p1PN4/4B2Q/PPR3PP/5R1K w - -,d4f5 e6f5 h5g6 h7g8 h3f5 a8f8 f5d5 e7e6 f1f8 g7f8,423
rn1qkbnr/1p2pppp/p7/2pp4/5P2/4PQ1P/PPPP2P1/RNB1KB1R w KQkq -,c2c4 e7e6 b1c3 g8e7 c4d5 e6d5 g2g3 b8c6 f1g2 d5d4,65
4rrk1/6pp/p1pb4/1p5q/3P1nb1/2P3P1/PPBN1P1P/R3RQK1 w - -,f2f3 f4h3 g1g2 h3g5 e1e8 g4h3 g2g1 h3f1 e8f8 g8f8,-426
8/8/3K3r/8/R7/5k2/3P4/8 w - -,d6d5 h6h5 d5e6 h5h6 e6e5 h6g6 d2d4 g6g5 e5e6 g5g4,585
r3k2r/ppqn1ppp/2pbpn2/4N3/3P1P2/3Q2N1/PPP3PP/R1B2RK1 w kq -,e5c4 e8h8 c4d6 c7d6 b2b3 h7h5 a2a4 f8c8 h2h3 c6c5,9
r2qkb1r/pp2pppp/2np1n2/2p5/2B1P1b1/5Q2/PPPPNPPP/RNB2RK1 w kq -,,0
r3k3/1RR2ppp/4r3/P7/5K2/8/8/8 w - -,,0
1k6/4bnpp/1p6/1p2P3/1P3N2/P1R3PP/3r4/4R1K1 w - -,h3h4 g7g5 h4g5 e7g5 e5e6 f7d6 e6e7 b8b7 c3d3 d2d3,536
r3k2r/2p2p1p/p1b1p3/Pp1pP3/2nP1R2/2P5/1P4PP/R1BQ2K1 w kq -,d1h5 e8a8 b2b3 h8g8 g2g3 h7h6 b3c4 d5c4 g1f2 c6d5,667
2rr1bk1/3n2pp/p1q2p1B/1p2pP2/4N1Q1/P1P5/1P4PP/3R1R1K w - -,,0
5rk1/1R6/5P2/8/4K2p/7P/8/8 w - -,h6c1 d7c5 d1d8 c8d8 e4f6 c6f6 c1g5 f6d6 g5d8 d6d8,Mate
4rrk1/6pp/p1pb4/1p5q/3P2b1/2P2PPn/PPBN3P/R3RQK1 w - -,g1g2 h3g5 c2b3 g8h8 e1e8 h5e8 f3g4 f8f1 g2f1 e8f8,-434
1r1q1rk1/p1p2ppp/2p1pn2/4B3/3P4/1PpbP3/P2N1PPP/R2QR1K1 w - -,d2b1 d3b1 a1b1 f6d5 d1g4 f7f6 g4e6 f8f7 e5g3 d8d7,50
1r6/5pkp/6p1/R5PP/8/4P3/5PK1/8 w - -,h5h6 g7f8 g2g3 f8e7 g3f4 e7f8 a5a4 f8e7 a4a7 e7f8,117
3r4/1p2rk2/p3p2p/2P2p2/P4p2/6P1/1P2RP1P/4R1K1 w - -,g3f4 d8d4 b2b3 d4f4 c5c6 b7c6 e2c2 e7c7 c2e2 f4g4,-12
8/5K2/8/5k2/7p/7P/8/8 w - -,g3f4 d8d4 b2b3 d4f4 c5c6 b7c6 e2c2 e7c7 c2e2 f4g4,Mate
rnbqk2r/p3ppbp/2p2np1/3P4/1p1P4/2N3P1/PP1NPP1P/R1BQKB1R w KQkq -,c3e4 f6e4 d2e4 d8d5 f1g2 d5d4 d1d4 g7d4 e1h1 c8f5,7
r6r/1p4bk/3pq1n1/2n2p1B/p1P5/4B2Q/PPR3PP/5R1K w - -,f1f5 h7g8 c2f2 a8e8 h3g4 g6e5 f5e5 e6e5 h5f7 g8f8,-84
4rrk1/1pq2pnp/p4bp1/3p4/3PB3/2P5/PP1BQ2P/4RRK1 w - -,e2g4 f6d4 c3d4 d5e4 e1e4 e8e4 g4e4 f8e8 e4f3 g7f5,-281
rnbqk2r/1p2ppbp/p2p1np1/2p5/2B1P3/3P1N2/PPPB1PPP/RN1Q1RK1 w kq -,a2a4 b8c6 b1a3 e8h8 h2h3 a8b8 f1e1 e7e6 d2f4 e6e5,-7
7r/Bp1k1ppp/4p3/3p3n/3P4/8/PPr2PPP/R2R2K1 w - -,a7b6 c2b2 d1b1 b2b1 a1b1 h8a8 b6c5 d7c7 a2a3 h5f6,-195
r2q1rk1/1pp4p/p1bp1p2/4n1pQ/3NPB1b/2NP4/PPP5/2K3RR w - -,h1h4 d8d7 f4e5 d6e5 d4f5 g8h8 h4h2 d7f7 h5f3 a8d8,577
1r3k2/5p1p/6pP/R5P1/8/4P3/5PK1/8 w - -,g2h3 b8c8 h3g3 c8d8 g3f4 f8e7 e3e4 d8b8 f4f3 e7e6,232
4rrk1/6pp/p1pb4/1p4nq/3P2b1/2P2PP1/PPBN2KP/R3RQ2 w - -,e1e8 g4h3 g2g1 h3f1 e8f8 g8f8 a1f1 c6c5 c2d1 h5g6,-425
7K/3P3N/8/5N2/8/7k/8/3r4 w - -,e1e8 g4h3 g2g1 h3f1 e8f8 g8f8 a1f1 c6c5 c2d1 h5g6,Mate
r1b1k2r/pppp2p1/7p/4p3/1b6/7P/PP1KB1P1/nN5R w kq -,b1c3 d7d5 d2c1 c8e6 e2h5 e8e7 c1b1 h8f8 b1a1 c7c6,-719
1r4k1/2RR1pp1/8/7P/6P1/2P2P2/r7/6K1 w - -,,0
8/8/5p2/5K2/6P1/4k3/8/8 w - -,c7b7 b8e8 d7e7 e8d8 b7d7 d8b8 g1f1 b8b1 e7e1 b1b2,Mate
r3k3/1RR2ppp/r7/8/5K2/8/8/8 w - -,,0
8/8/4b3/2Bp3p/5P1p/1K2Pk2/8/8 w - -,b3c3 h4h3 f4f5 e6f5 c5d6 f3g2 d6b8 h3h2 b8h2 g2h2,-894
rnbqk2r/4ppbp/p2p1np1/1pp5/2B1P3/3P1N2/PPPB1PPP/RNQ2RK1 w kq -,c4b3 e8h8 f1e1 c8b7 d2h6 b8d7 a2a3 e7e6 b1c3 a8c8,-36
1k6/4bnpp/1p6/1p2P3/1P3N2/P2R2PP/r7/4R1K1 w - -,e5e6 f7g5 h3h4 g5e6 e1e6 e7f6 e6b6 b8c8 b6e6 a2b2,642
2rq1rk1/3n1p1p/p2p2p1/6b1/2p1PN2/1NP5/PP1Q2PP/3R1RK1 w - -,d2d6 c4b3 d6d7 d8d7 d1d7 b3a2 f4d5 c8c4 f1a1 c4a4,-55
8/5k2/5p2/5K2/5pPp/7P/8/8 w - -,g4g5 f4f3 f5g4 f3f2 g4h4 f2f1q g5g6 f7g6 h4g4 f1f2,-1952
r1bqr1k1/1pp2pp1/2nb3p/p2np3/8/2PP1N2/PPQN1PPP/R1B1RBK1 w - -,a2a4 c8e6 d2c4 e6g4 c4d6 d8d6 f3d2 a8d8 f2f3 g4f5,-39
rnbqkb1r/5ppp/p2p1n2/1ppP4/2B5/2N2N2/PPP2PPP/R1BQK2R w KQkq -,c4d3 b8d7 e1h1 f8e7 a2a4 b5b4 c3e2 c8b7 c2c4 b4c3,9
1k6/3Rb1pp/1p6/1p2P1n1/1P3N2/P5PP/r7/4R1K1 w - -,e1e3 a2a1 g1g2 a1a2 e3e2 a2e2 f4e2 e7c5 d7g7 g5e6,693
7K/3P4/8/5NN1/8/8/7k/3r4 w - -,e1e3 a2a1 g1g2 a1a2 e3e2 a2e2 f4e2 e7c5 d7g7 g5e6,Mate
r1bqr1k1/1pp2pp1/2nb1n1p/p2pp3/4P3/2PP1N2/PPQN1PPP/R1B1RBK1 w - -,h2h3 d5d4 c3d4 e5d4 d2b3 a5a4 b3d4 c6d4 f3d4 d6b4,-28
4Rrk1/6pp/p1pb4/1p4nq/3P4/2P2PPb/PPBN2KP/R4Q2 w - -,g2g1 h3f1 e8f8 g8f8 a1f1 c6c5 d2e4 g5e4 f3e4 f8e8,-451
r4k2/1R2Rppp/r7/8/5K2/8/8/8 w - -,,0
4rrk1/pp3pbp/2n3p1/q1p1n3/2P2Q2/2N1B1PP/PP3PB1/R2R2K1 w - -,a2a3 b7b6 a1b1 a5a6 c3b5 e8d8 b2b3 d8d1 b1d1 a6c8,90
2rq1rk1/3n1p1p/p2Q2p1/6b1/4PN2/1pP5/PP4PP/3R1RK1 w - -,d6d7 d8d7 d1d7 b3a2 g2g3 c8c4 f1a1 g5f4 g3f4 c4e4,-28
r1b2rk1/2qn1pp1/p2pp3/1p4Pp/4PP1P/P1N2Q2/1PP5/2KR1B1R w - -,f3h5 c8b7 c1b1 c7c5 f1d3 f8b8 h1g1 b7c6 c3d5 e6d5,226
6R1/7R/2k5/8/8/8/8/4K3 w - -,f1e2 g7g6 f3f2 c8b7 f2d4 d7c5 b2b4 c5a4 c3a4 b5a4,Mate
4Rrk1/6pp/p1pb4/1p4nq/3P4/2P2PP1/PPBN3P/R4bK1 w - -,e8f8 g8f8 a1f1 c6c5 c2d1 h5g6 g1g2 g6d3 d2e4 c5d4,-447
8/8/5r1k/8/4K2p/7P/8/R7 w - -,,0
r3q1k1/pp3pp1/2np4/6pQ/2BP4/P1P5/5PP1/R5K1 w - -,g1h2 a8c8 a1e1 c6e7 c4d3 g7g6 h5g5 c8c7 d3b5 e8f8,61
r3k3/1R3Rpp/r7/8/5K2/8/8/8 w - -,,0
r1b2rk1/pp2n1p1/1qn1p2p/3pP3/1b6/N1BB1N2/PP3PPP/R2Q1RK1 w - -,a3c2 a7a5 c2d4 c8d7 a1c1 a8c8 d3b1 c6d4 f3d4 c8c4,39
5rk1/pp3pbp/2n1r1p1/q1pNn3/2P2Q2/4B1PP/PP3PB1/R2R2K1 w - -,g1h1 f8e8 e3d2 a5d8 d2c3 g6g5 f4f5 c6d4 c3d4 c5d4,59
4r2r/2k2p1p/pp1Rp2p/2p1P3/b1P5/2P2B2/P2R1PPP/2K5 w - -,f3e4 h8f8 g2g3 h6h5 d2b2 e8b8 e4h7 a4c6 c1d2 f7f6,111
8/5p2/8/5kp1/6p1/4KP1P/8/8 w - -,h3g4 f5e5 e3e2 e5f4 e2f2 f7f6 f2e2 f4g3 e2e3 g3h2,Mate
r4rk1/1ppq3p/p1bp1p2/4n1pQ/3NPB1R/2NP4/PPP5/2K3R1 w - -,f4e5 d6e5 d4f5 g8h8 h4h2 d7f7 h5f3 a8d8 g1h1 d8d7,590
r3k1nr/pppbq2p/3b1pp1/1B6/Nn1p1P1Q/1P6/PBPPN1PP/R3K2R w KQkq -,b5d7 e8d7 h4h3 f6f5 e1d1 d4d3 c2d3 g8f6 h3f3 h8e8,18
5k1K/6R1/5P2/8/8/8/8/1r6 w - -,,0
8/5p2/8/4k1p1/6P1/4K2P/8/8 w - -,,0
8/8/5r2/6k1/4K2p/7P/8/R7 w - -,,0
r2qkb1r/pp1bpp1p/2np1np1/2p5/2B1P3/4QP2/PPPPN1PP/RNB2RK1 w kq -,c4b5 f8g7 b5c6 d7c6 d2d4 c5d4 e2d4 d8d7 c2c4 b7b5,-18
1rbqr1k1/5ppp/p2Ppn2/p1p5/8/2N1QB2/1PP2PPP/R2R2K1 w - -,b2b3 c8d7 e3c5 d8b6 a1a5 e8c8 c5b6 b8b6 c3a4 d7a4,126
8/8/8/6k1/4Kr1p/7P/8/1R6 w - -,,0
2r2rk1/3q1p1p/p5p1/6b1/4PN2/1pP5/PP4PP/3R1RK1 w - -,d1d7 b3a2 g2g3 g5f4 g3f4 c8c4 f1a1 c4e4 a1a2 e4f4,-19
3r1bk1/2rn2pp/p1qN1p1B/1p2pP2/6Q1/P1P5/1P4PP/3R1R1K w - -,b2b4 c6c3 d6e4 c7c4 h6g7 f8g7 f1f3 c4e4 g4e4 d7f8,-66
r4rk1/1ppq3p/p1b2p2/4p1pQ/3NP2R/2NP4/PPP5/2K3R1 w - -,d4f5 g8h8 h4h2 d7f7 h5f3 f8d8 g1h1 d8d7 c3d1 g5g4,585
5k1K/7R/5P2/8/8/8/8/r7 w - -,,0
r2qk1nr/pppbppbp/2n3p1/8/3P4/1Q3N2/PP2PPPP/RNB1KB1R w KQkq -,e2e3 g8f6 f1e2 a7a5 f3e5 e8h8 e1h1 d7e6 e5c6 b7c6,38
r4rk1/1bqn1pp1/p2pp3/1p4PQ/4PP1P/P1N5/1PP5/2KR1B1R w - -,c1b1 c7c5 f1d3 f8b8 h1g1 b7c6 c3d5 e6d5 e4d5 d7f8,211
1k6/6pp/1p6/1p2P1n1/1b3N2/R5PP/8/4R1K1 w - -,e1a1 b4c5 g1g2 b5b4 a3a8 b8c7 a8a7 c7c6 e5e6 g5e4,679
5k1K/5P1R/8/8/8/8/8/1r6 w - -,,0
8/5p2/6k1/6p1/6P1/4K2P/8/8 w - -,,0
8/8/3Bb3/7p/5P1p/4pk2/1K6/8 w - -,b2c2 h4h3 f4f5 e6f5 c2c3 e3e2 c3d2 f3f2 d6g3 f2g3,-1668
rnbqk2r/pp3ppp/1bp1p3/8/1PPPp3/P4NP1/4PPBP/R1BQK2R w KQkq -,f3h4 b6d4 a1a2 f7f5 e1h1 d4f6 a2d2 d8e7 f2f4 a7a5,-144
8/8/8/6k1/7p/3K4/5r2/3R4 w - -,,0
8/1p2rk2/p3p2p/2P2p2/PP1r4/5pP1/1R3P1P/4R1K1 w - -,c5c6 e6e5 b4b5 a6b5 a4b5 b7c6 h2h4 c6b5 b2b5 f7f6,-63
rnb1k2r/pp3ppp/1bp1p3/4N3/1PPqp3/P5P1/4PPBP/R1BQK2R w KQkq -,e5g4 h7h5 c4c5 d4a1 g4e3 b6c7 e1h1 a1f6 g2e4 b8d7,-396
4rrk1/1ppq3p/p1b2p2/4pNpQ/4P2R/2NP4/PPP5/2K3R1 w - -,h4h2 e8e7 c3d1 d7e6 g1g5 f6g5 h5g5 g8h8 f5e7 e6f6,583
4k3/ppp2Rpp/4P1r1/8/8/2P4P/PPP4r/2R2K2 w - -,a2a4 h2h1 f1f2 h1c1 f7c7 c1c2 f2e3 g6e6 e3d3 c2b2,-686
2r3kr/1Q3pp1/3B4/1ppP3p/2pn4/6Pq/PP3P1P/R3b2K w - -,b7c8 h3c8 g3g4 g8h7 a1e1 c8g4 d6g3 d4f3 e1f1 g4e4,Mate
5r2/8/8/6k1/8/4K2p/8/R7 w - -,,0
2br2k1/p1R2ppp/1p4q1/4Q3/1K6/5P2/PB5P/8 w - -,c7a7 c8e6 e5g3 g6g3 h2g3 h7h6 b4b5 d8d2 a7a8 g8h7,-86
7K/3P3N/8/5N1k/8/8/8/3r4 w - -,c7a7 c8e6 e5g3 g6g3 h2g3 h7h6 b4b5 d8d2 a7a8 g8h7,Mate
rnb1kb1r/pp2pppp/3p4/q1pP2B1/2P1n2P/8/PP2PPP1/RN1QKBNR w KQkq -,b1c3 e4c3 d1d2 f7f6 g5f4 e7e5 f4g3 b7b5 d2c3 a5c3,-46
5k2/5p1p/6pP/R5P1/5P2/4P3/6K1/1r6 w - -,a5a8 f8e7 a8h8 b1e1 g2f3 e1f1 f3e4 f1c1 h8h7 c1c8,542
2r2rk1/3R1p1p/p5p1/6b1/4PN2/2P5/pP4PP/5RK1 w - -,g2g3 c8c4 f1a1 g5f4 g3f4 c4e4 a1a2 e4e2 a2a6 e2b2,-18
r1bqk1nr/p3ppb1/2np2pp/1pp5/4P3/2P2NP1/PP1P1PBP/RNBQR1K1 w kq -,d2d4 c5d4 c3d4 c8g4 c1e3 e7e6 b1c3 b5b4 c3e2 g8e7,93
r5k1/pp2qpp1/2np4/6Q1/2BP4/P1P5/5PP1/R5K1 w - -,g5g4 a8e8 a1b1 c6d8 a3a4 b7b6 g2g3 d8e6 b1e1 e7f6,46
4r1k1/1R1R1pp1/8/7P/6P1/2P2P2/r7/6K1 w - -,,0
8/1p1r1k2/p3p2p/2P2p2/PP1r4/1R3pP1/5P1P/4R1K1 w - -,b3e3 d4b4 e3f3 d7c7 f3e3 b4a4 e1b1 a4c4 b1b6 c4e4,-25
rnbqkb1r/pp2pp1p/3p2p1/2pP2B1/2P1n2P/8/PP2PPP1/RN1QKBNR w KQkq -,d1c2 f8g7 b1d2 e4g5 h4g5 b8a6 g1f3 b7b5 e2e3 b5c4,-53
2rr2k1/1b2np1p/p3p3/2q2p2/3N4/P3Q3/5PPP/1B1RR1K1 w - -,d1d2 c5d5 d4f3 d5a5 f3d4 e7g6 e1d1 f5f4 e3b3 b7a8,-165
8/4n3/3p3p/2pPp2P/2P1K1k1/r7/2R5/8 w - -,c2c3 a3a1 c3a3 a1e1 e4d3 e5e4 d3d2 e1g1 d2c2 g4f4,Mate
q2r1bk1/2rn2pp/p4p1B/1p2pP2/4N1Q1/P1P5/1P4PP/3R1R1K w - -,d1d7 d8d7 e4f6 g8h8 f6d7 c7d7 f5f6 a8e8 f6g7 f8g7,277
2r2rk1/1bqn1pp1/p2pp3/1p4PQ/4PP1P/P1N5/1PP5/1K1R1B1R w - -,f1d3 f8e8 h1f1 d7c5 f4f5 e6f5 e4f5 e8e5 f5f6 c5d3,327
8/5p2/6k1/6p1/4K1Pp/5P1P/8/8 w - -,,0
2br2k1/R4ppp/1p1q4/4Q3/1K6/5P2/PB5P/8 w - -,,0
r2qk1nr/pQpbppbp/6p1/8/3n4/5N2/PP2PPPP/RNB1KB1R w KQkq -,f3d4 g7d4 b7d5 c7c5 e2e3 g8f6 d5g5 h7h6 g5f4 f6h5,-21
8/8/5pk1/4K1p1/6Pp/5P1P/8/8 w - -,f3d4 g7d4 b7d5 c7c5 e2e3 g8f6 d5g5 h7h6 g5f4 f6h5,Mate
r3k2r/1p1bbp1p/pqnppp2/8/4P3/1NN5/PPPQ1PPP/1K1R1B1R w kq -,f2f4 h7h5 f1e2 e8a8 c3a4 b6c7 d2e3 c8b8 a4c3 c6a5,53
r4rk1/pp1nppbp/1n1p2p1/q1pP4/2P1P3/2N2QPP/PP3P2/R1BR1BK1 w - -,c3b5 d7e5 f3b3 a5b4 c1d2 b4b3 a2b3 a7a6 b5c3 e5f3,-22
8/8/8/2RR4/8/8/1k6/4K3 w - -,c3b5 d7e5 f3b3 a5b4 c1d2 b4b3 a2b3 a7a6 b5c3 e5f3,Mate
rn3rk1/ppq2ppp/2pbpnb1/4N3/3P1P2/3B2N1/PPP3PP/R1BQ1RK1 w - -,b2b3 c6c5 f4f5 e6f5 g3f5 g6f5 f1f5 c5d4 e5g4 f6g4,-27
1r6/4kp1p/6pP/R5P1/5P2/4P3/6K1/8 w - -,a5a6 e7d7 g2f3 b8c8 a6a7 d7e6 a7a4 c8b8 e3e4 b8b3,343
q2r1bk1/2r3pp/p4p1B/1pn1pP2/4N1Q1/P1P2R2/1P4PP/3R3K w - -,d1d8 a8d8 e4f2 c5a4 f3d3 c7d7 d3g3 a4b2 h2h4 b2d3,-210
rnb1kb1r/pp2pp1p/3p2p1/q1pP2B1/2P1n2P/8/PP1NPPP1/R2QKBNR w KQkq -,g5f4 f8g7 f2f3 e4f6 e2e4 e8h8 d1b3 b7b5 b3b5 a5b5,-25
r1bqkb1r/1p3ppp/p1n1pn2/8/P1Bp1B2/2N1PN2/1P3PPP/R2QK2R w KQkq -,,0
2rq1rk1/pp2ppbp/3p1np1/3Pn3/8/1N2BP2/PPPQ2PP/2KR1B1R w - -,h2h3 d8c7 c2c3 c7d7 c1b1 b7b5 e3d4 f8d8 f3f4 g7h6,-54
r3k2r/1bqnbpp1/p2ppn1p/1p6/3NPP2/P1N2B2/1PP2BPP/R2Q1RK1 w kq -,f1e1 e8h8 d1e2 a8c8 a1d1 d7b6 c3a2 b6c4 c2c3 f8e8,-52
6k1/5p2/1p2p2p/p1p1P3/b1P1B1P1/2P1K3/P4P1P/8 w - -,e3d2 g8g7 f2f4 g7f8 e4c2 a4c6 d2e3 c6g2 c2d3 f8g7,173
rn2kbnr/ppp2ppp/8/3p4/3Pp2q/4P2P/PPP1BP1P/RNBQK2R w KQkq -,,0
r1bqkb1r/pppp1Npp/8/3P4/1n6/8/PPP2nPP/RNBQKB1R w KQkq -,f7d8 f2d1 e1d1 e8d8 c1g5 f8e7 g5e7 d8e7 b1c3 c7c6,39
8/2k5/8/3K4/5r2/8/8/8 w - -,f7d8 f2d1 e1d1 e8d8 c1g5 f8e7 g5e7 d8e7 b1c3 c7c6,Mate
rnb1kb1r/ppp2ppp/3p4/4P1q1/8/8/PPPPB1PP/RNBQK2R w KQkq -,e1h1 d6e5 d2d4 g5h4 e2c4 f7f6 c1e3 b8c6 e3f2 h4g4,-10
rnb1kb1r/pp1ppppp/1qp2n2/8/4P3/1PN2N2/P1PB1PPP/R2QKB1R w KQkq -,e4e5 f6g4 d1e2 f7f6 e1a1 f6e5 h2h3 g4f6 f3e5 d7d6,94
r3kb1r/ppp1nppp/8/1N2R3/4P2q/5P2/PPP1QPBP/R1B3K1 w kq -,b5c7 e8d7 c7b5 a7a6 e2d3 d7c8 d3c4 e7c6 e5e8 c8d7,1804
8/4K3/5pk1/6p1/6Pp/5P1P/8/8 w - -,b5c7 e8d7 c7b5 a7a6 e2d3 d7c8 d3c4 e7c6 e5e8 c8d7,Mate
rn2kb1r/ppp2ppp/5n2/3p4/3Pp2q/2N1P2P/PPP1BP1P/R1BQK2R w KQkq -,e1h1 f8d6 f2f3 h4h3 f1f2 c7c6 f3e4 d5e4 c1d2 h3e6,-96
2rr2k1/1b2np1p/p3p3/2q5/3N1p2/P3Q3/B4PPP/3RR1K1 w - -,e3e6 f7e6 d4e6 c5a3 e6d8 a3a2 d8b7 e7d5 b7d6 c8f8,-376
5K2/8/5p1k/6p1/6Pp/5P1P/8/8 w - -,e3e6 f7e6 d4e6 c5a3 e6d8 a3a2 d8b7 e7d5 b7d6 c8f8,Mate
r1b1kb1r/ppppqNpp/8/3P4/1n6/8/PPP1QnPP/RNB1KB1R w KQkq -,f7h8 f2h1 b1a3 b4d5 e2e7 f8e7 f1c4 c7c6 c4d5 c6d5,11
r4rk1/pp2ppbp/1n1p2p1/q1pPn3/2P1P3/2N3PP/PP2QP2/R1BR1BK1 w - -,g1g2 e5c4 e2c2 c4a3 c2e2 g7c3 b2c3 a5c3 c1h6 c3c2,-41
5r2/8/8/8/8/4K1R1/7p/7k w - -,,0
2rr2k1/1b2np1p/p3p3/7q/3N1Q2/P7/B4PPP/3RR1K1 w - -,,0
2kr1r2/2p2p1p/p1b1p3/Pp1pP2Q/2nP1R2/1PP5/6PP/R1B3K1 w - -,b3c4 d5c4 g2g3 c8b7 g1f2 h7h6 f2e1 f8g8 c1e3 d8f8,691
5K2/8/6k1/5pp1/6Pp/5P1P/8/8 w - -,b3c4 d5c4 g2g3 c8b7 g1f2 h7h6 f2e1 f8g8 c1e3 d8f8,Mate
r3kb1r/pp1q1p1p/4pp2/2Pp4/QP4b1/2P5/P4PPP/RN2KB1R w KQkq -,f1b5 e6e5 b5d7 g4d7 a4a5 a7a6 b1a3 a8d8 a1d1 h8g8,523
8/8/6R1/8/8/4K3/7p/5r1k w - -,,0
3q1r1k/p1p3r1/3pPn1p/3P4/3B3Q/2P2P2/P6P/2K3R1 w - -,h4h6 g7h7 h6e3 d8e7 g1g6 h7g7 e3h6 h8g8 d4f6 f8f6,728
8/8/R7/8/8/4K3/7p/5rk1 w - -,,0
3q1r1k/p1p4r/3pPn1Q/3P4/3B4/2P2P2/P6P/2K3R1 w - -,h6e3 d8e7 g1g6 h7g7 e3h6 h8g8 d4f6 f8f6 g6f6 e7e8,665
3q1bk1/2r3pp/p4p1B/1p2pP2/4n1Q1/P1P3R1/1P4PP/7K w - -,g4e2 e4g3 h2g3 g7h6 g3g4 g8h8 e2e4 d8e7 g2g3 c7c8,-702
3r2k1/1R2Rpp1/8/7P/6P1/2P2P2/r7/6K1 w - -,,0
r4rk1/1bqnbpp1/p2ppn1p/1p6/3NPP2/P1N2B2/1PP2BPP/R2QR1K1 w - -,g2g4 f6h7 h2h4 a8c8 f3g2 f8e8 d1f3 e7f6 g4g5 f6d4,-47
r1bq1rk1/ppp2pp1/2np1n1p/2bNp3/2B1P3/3P1N1P/PPP2P2/R1BQ1RK1 w - -,g1h2 f6d5 c4d5 d8f6 c1e3 c6e7 d5b3 a7a5 a2a4 b7b6,-196
8/5p1p/4k1pP/R5P1/5P2/1r2PK2/8/8 w - -,a5a8 f7f6 a8a6 e6e7 a6f6 b3b8 f6a6 e7f7 e3e4 f7g8,589
rnbqk2r/pp2ppbp/3p2p1/2pP2P1/2P5/8/PP1NPPP1/R2QKBNR w KQkq -,a1b1 e7e6 f2f4 e6e5 g2g3 e5f4 g3f4 h7h6 g1f3 d8e7,-62
r1bqkb1r/1p1n1ppp/p3p3/2pn4/3P4/5N2/PPP1BPPP/RNBQ1RK1 w kq -,c2c4 d5f6 b1c3 f8e7 c1f4 e8h8 d4c5 d7c5 d1c2 d8b6,77
2kr1r2/2p2p1p/p1b1p3/Pp2P2Q/2pP1R2/2P5/6PP/R1B3K1 w - -,g2g3 f8g8 c1e3 d8f8 g1f2 g8g6 d4d5 c6d5 a1d1 b5b4,692
r4rk1/ppqn1ppp/2pbpnb1/4N3/3P1P2/3B2N1/PPP1Q1PP/R1B2RK1 w - -,c2c3 c6c5 d3b5 a7a6 b5a4 b7b5 a4b3 c5c4 b3d1 f6d5,-53
5k2/5P1R/8/8/6K1/8/8/r7 w - -,,0
r1bqkb1r/1pp2ppp/p1np1n2/4p3/Q1B1P3/2PP1N2/PP3PPP/RNB1K2R w KQkq -,,0
r2qkbnr/1p2pppp/p1b5/2p5/3p1P2/1P2PN2/P1PP2PP/RNBQ1RK1 w kq -,f3e5 d8c7 d1e2 e7e6 e5c6 c7c6 e3e4 f8d6 e2g4 g7g6,44
r1bk3r/1p3ppp/p2b1n2/1Bp3B1/8/2P5/PP3PPP/RN3RK1 w - -,b5c4 c8e6 c4e6 f7e6 f2f4 d8c7 g5f6 g7f6 b1d2 a8e8,45
1r2r1k1/ppb2ppp/3p1q2/2p1p3/3nP3/P1NP1N1P/1PP2PP1/1R1QR1K1 w - -,f3d4 c5d4 c3d5 f6d8 d1g4 c7b6 f2f4 f7f6 f4f5 b8c8,147
1rq1r1k1/2p2pbp/p1p1bnp1/2Pp4/4P3/1PN1B1PP/P1QR1PB1/5RK1 w - -,e4d5 c6d5 c3d5 e6d5 g2d5 f6d5 d2d5 c7c6 d5d3 c8h3,33
5r1k/p1p1q2r/3pPn2/3P4/3B4/2P1QP2/P6P/2K3R1 w - -,g1g6 h7g7 e3h6 h8g8 d4f6 f8f6 g6f6 g7g1 c1d2 g1g2,759
5k2/5P1R/8/7K/8/8/8/1r6 w - -,,0
1r4k1/3R1p1p/p5p1/3N2b1/r3P3/2P5/pP3KPP/R7 w - -,b2b4 a4a3 f2e2 a6a5 d7a7 a5b4 a1a2 a3a7 a2a7 b4b3,-43
rnb1kb1r/pp2pp1p/3p2p1/2pP4/2P4P/8/PP1KPPP1/RN3BNR w kq -,a2a4 f8g7 b1c3 h7h6 a4a5 b8a6 e2e3 a8b8 f1d3 a6b4,-7
1r2r1k1/ppb2ppp/3p1q2/4p3/3pP3/P1NP3P/1PP2PP1/1R1QR1K1 w - -,c3d5 f6d8 d1g4 c7b6 f2f4 e5f4 e1f1 f7f6 f1f4 g8h8,143
r4rk1/1bqnbppn/p2pp2p/1p6/3NPPP1/P1N2B2/1PP2B1P/R2QR1K1 w - -,d1d3 a8c8 f3g2 f8e8 d3e3 e7f8 h2h3 g7g6 a1d1 e6e5,-78
5r1k/p1p1q1r1/3pPnR1/3P4/3B4/2P1QP2/P6P/2K5 w - -,e3h6 h8g8 d4f6 f8f6 g6f6 e7e8 f6f5 e8e7 f5h5 g7g1,774
1r6/4kp1p/6pP/R5P1/5P2/4PK2/8/8 w - -,f3f2 b8d8 a5a7 e7e6 f2f3 d8b8 a7a4 e6d6 f3g4 d6e7,348
r4rk1/1bqnbp1n/p2pp2p/1p4p1/3NPPPP/P1N2B2/1PP2B2/R2QR1K1 w - -,d1d2 g5f4 d2f4 e6e5 f4h6 e5d4 c3d5 b7d5 e4d5 d7e5,-116
r2qkb1r/ppp2ppp/2n1pn2/3p1bB1/3P3N/8/PPPNPPPP/R2QKB1R w KQkq -,h4f5 e6f5 e2e3 f8e7 g5f6 e7f6 g2g3 c6e7 f1g2 h7h5,47
5rk1/p1p1q1r1/3pPnRQ/3P4/3B4/2P2P2/P6P/2K5 w - -,d4f6 f8f6 g6f6 e7e8 f6f5 g7g1 c1d2 e8e7 f5f6 e7g7,778
rnbqkbnr/ppp4p/6p1/4pp2/8/2P3N1/PP1P1PPP/R1BQKBNR w KQkq -,f1c4 b8c6 d2d4 e5d4 g1f3 d8e7 g3e2 c8e6 c1g5 g8f6,42
r4rk1/pp3pp1/2n4p/q3pQ2/2P5/P3B3/5PPP/3R1RK1 w - -,d1d7 a8d8 d7b7 a5a3 h2h3 a3a6 b7c7 d8c8 c7d7 a6c4,-29
2q2r1k/pb3ppp/2p1p3/1nb1N3/1p3B2/1B6/PP1RQPPP/6K1 w - -,d2d7 b5d6 e2c2 c5d4 d7d6 c6c5 c2d3 b7a8 h2h3 a7a5,353
5rk1/4r1q1/6Q1/8/4pp2/7P/4R1P1/5R1K w - -,,0
5k2/3K1P1R/8/8/8/8/8/r7 w - -,,0
r2qk2r/ppp1bppp/2n1pn2/3p1bB1/3P3N/2P5/PP1NPPPP/R2QKB1R w KQkq -,h4f5 e6f5 g5f6 e7f6 e2e3 c6e7 g2g4 f5g4 d1g4 c7c6,52
8/3K4/8/5r2/8/5k2/3P4/R7 w - -,d7e6 f5h5 a1a4 h5h6 e6d5 h6h5 d5c4 h5h2 d2d3 f3f4,585
3K1k2/5P1R/8/8/8/8/8/1r6 w - -,,0
r6r/1pkq1ppp/2n5/2pp4/Qbp1P3/6P1/PP3PBP/R1B2R1K w - -,e4d5 a8a4 d5c6 b7c6 c1f4 c7b6 a1d1 d7f5 a2a3 g7g5,-412
r1bk3r/1p3p1p/p2b1p2/1Bp5/8/2P5/PP3PPP/RN3RK1 w - -,b5c4 d8e7 f1e1 c8e6 a2a4 f6f5 b1d2 a8d8 e1e2 h8e8,22
r4rk1/1p1b1pbp/p2p2p1/PnpP3P/4P3/2NB4/1PK1NPP1/R6R w - -,h5g6 h7g6 c2d2 a8c8 f2f3 b5d4 e2d4 g7d4 d3c4 c8b8,-11
1r6/5k2/4bppp/ppB1p3/4Pn2/P4P2/1P3P1P/1K1R1B2 w - -,d1d2 g6g5 d2d6 e6c4 c5a7 b8b7 f1c4 b5c4 a7b6 a5a4,-40
5r2/4r1k1/8/8/4pp2/7P/4R1P1/5R1K w - -,h1g1 g7g6 g1f2 e7e5 f1d1 f8c8 d1d4 g6f5 d4d7 c8f8,-9
8/4n3/3p3p/2pPp2P/2P1K1k1/6r1/6R1/8 w - -,h1g1 g7g6 g1f2 e7e5 f1d1 f8c8 d1d4 g6f5 d4d7 c8f8,Mate
r2qk2r/ppp1bppp/2n2n2/3p1pB1/3P4/2P5/PP1NPPPP/R2QKB1R w KQkq -,g5f6 e7f6 e2e3 c6e7 h2h4 h7h5 g2g3 c7c6 f1g2 d8d7,46
r7/5k2/4bppp/ppB1p3/4Pn2/P4P2/1PK2P1P/3R1B2 w - -,f1b5 a8b8 b5a4 f4e2 d1d6 b8c8 b2b4 a5b4 a3b4 e2d4,87
1r1qr1k1/ppb2ppp/3p4/3Np3/3pP3/P2P3P/1PP2PP1/1R1QR1K1 w - -,d1g4 g8h8 f2f4 f7f6 e1f1 c7b6 f4f5 b8c8 f1f2 d8d7,136
2kr3r/pp4p1/1qp1pn2/4N1bp/4P3/2N4P/PPPBQ1P1/R2K3R w - -,e5d3 g5d2 e2d2 c6c5 c3a4 b6c6 a4c5 b7b6 c5b3 f6e4,343
1r4k1/3R1p1p/p5p1/3N2b1/1P2P3/r1P5/p4KPP/R7 w - -,f2e2 a6a5 d7a7 a5b4 a1a2 a3a7 a2a7 b4b3 a7a1 b3b2,-42
6k1/p1p1q1r1/3pPrRQ/3P4/8/2P2P2/P6P/2K5 w - -,g6f6 g7g1 c1d2 e7g7 h6g7 g1g7 d2d3 g7h7 f6f5 h7e7,773
r2qk2r/ppp2ppp/2n2b2/3p1p2/3P4/2P5/PP1NPPPP/R2QKB1R w KQkq -,e2e3 c6e7 h2h4 h7h5 g2g3 g7g6 f1g2 c7c6 d1b3 d8d7,42
1r1qr1k1/2p2pb1/p1p1bnp1/2Pp3p/4P3/1PN1B1PP/P1Q2PBK/3R1R2 w - -,e3f4 h5h4 g3g4 b8b4 a2a3 b4b8 c3e2 d8c8 e4e5 f6h7,78
r1bqkb1r/p3pppp/n1p2n2/1p6/2pPP3/2N2N2/PPQ2PPP/R1B1KB1R w KQkq -,h2h3 e7e6 f1e2 f8e7 e1h1 e8h8 a2a3 a6c7 b2b3 c4b3,-29
rn1qk2r/pppb2pp/8/5p2/1bP5/P1n5/1P2PPPP/R1BQKBNR w KQkq -,d1d3 c3e4 a3b4 b8c6 e2e3 c6b4 d3b3 d8e7 g1f3 a7a5,-112
rnbqk2r/pp3ppp/2p1p3/3p4/2PP4/5NP1/PP1bPPBP/R2Q1RK1 w kq -,c4d5 d2a5 d5c6 b8c6 a2a3 a5b6 e2e3 e8h8 b2b4 c8d7,-285
r3kb1r/ppp1npp1/2p1b2p/4P3/5BP1/2N2N2/PPP2P1P/R4RK1 w - -,h2h3 c6c5 c3e4 e7c6 b2b3 a8d8 f1d1 c5c4 g1h2 f8e7,-26
r4rk1/pp1R1pp1/2n4p/4pQ2/2P5/q3B3/5PPP/5RK1 w - -,h2h3 a8d8 d7b7 a3a6 b7c7 d8c8 c7d7 a6c4 e3a7 c8d8,-42
1r4k1/5p1p/2R3p1/8/8/4P1P1/5P1P/6K1 w - -,c6c2 b8b1 g1g2 h7h5 c2e2 g8g7 e3e4 g6g5 f2f4 g5g4,6
r3k2r/ppp2ppp/2nq1b2/3p1p2/3P4/2P2N2/PP2PPPP/R2QKB1R w KQkq -,e2e3 g7g6 h2h4 e8h8 g2g3 c6d8 f1g2 d8e6 e1h1 f8d8,33
r1bqr2k/ppp3pp/2n1p3/1P3p2/2pPn3/P2BPN2/2Q2PPP/R1B1K2R w KQ -,d3c4 c6e7 e1h1 e4d6 f3e5 h8g8 c4b3 d6b5 c1b2 b5d6,133
8/4kp1p/6pP/R5P1/1r3PK1/4P3/8/8 w - -,g4g3 b4b8 g3g4 e7e6 a5a4 e6e7 e3e4 b8b7 f4f5 b7b8,378
1r4k1/3R1p1p/6p1/p2N2b1/1P2P3/r1P2K2/p5PP/R7 w - -,d7a7 a5b4 a1a2 a3a2 a7a2 b4b3 a2b2 g5c1 b2b1 b3b2,-60
r3k2r/ppp1nppp/3q1b2/3p1p2/3P4/2P2N2/PP1QPPPP/R3KB1R w KQkq -,e2e3 e8h8 h2h4 c7c6 d2c2 f5f4 e3f4 d6f4 h4h5 a8e8,13
8/R4p1p/4k1pP/6P1/1r3PK1/4P3/8/8 w - -,a7a6 e6e7 a6a7 e7e6 a7a8 f7f5 g5f6 e6f6 a8a7 b4c4,378
r6r/2kq1ppp/2n5/1pp1P3/1bpp4/6P1/PP3PBP/R1BQ1R1K w - -,h2h3 c7b6 a2a3 a8a7 h1h2 h8a8 a1b1 b4a5 c1f4 a8e8,-134
8/4n3/3p3p/2pPp2k/2P1K3/r7/3R4/8 w - -,d2b2 a3a4 b2h2 h5g4 h2h6 a4c4 e4d3 c4d4 d3c3 e7f5,-950
1n1q1rk1/5ppp/3pb3/p2Np1b1/4P3/2PQ4/P1N1BPPP/1R5K w - -,b1d1 b8d7 c2e3 d7c5 d3c2 e6d7 e2c4 g7g6 f2f3 h7h5,-43
r3k2r/ppp1nppp/4qb2/3p1p2/3P4/2P1PN2/PP1Q1PPP/R3KB1R w KQkq -,d2c2 g7g6 h2h4 h7h5 g2g3 e7c8 c3c4 e6e4 c2d1 d5c4,24
1r6/5k2/4bppp/1pB1p3/1p2Pn2/P4P2/5P1P/1K1R1B2 w - -,h2h4 b4a3 c5a3 h6h5 a3d6 b8d8 f1b5 g6g5 h4g5 h5h4,-261
r1bk3r/ppp1n1pp/8/8/4R3/8/PPP2PPP/RNB3K1 w - -,c1g5 h8e8 b1c3 c8f5 e4e7 e8e7 a1e1 h7h6 g5e7 d8d7,574
r1bqr2k/ppp1n1pp/4p3/1P3p2/2BPn3/P3PN2/2Q2PPP/R1B1K2R w KQ -,e1h1 e4d6 f3e5 h8g8 c4b3 d6b5 c1b2 b5d6 f2f3 e7c6,128
r3kb1r/ppp1npp1/4b2p/2p1P3/5BP1/2N2N1P/PPP2P2/R4RK1 w - -,c3e4 a8d8 e4c5 e6d5 f3d2 e7g6 c5d3 h6h5 f4h2 h5g4,-19
rn1qk1nr/pp3ppp/4p3/2bpP3/1P6/P4b2/2P2PPP/RNBQKB1R w KQkq -,f1b5 b8c6 d1f3 c5d4 a1a2 g8e7 f3e2 a7a6 b5c6 e7c6,-169
r3k2r/1pp1nppp/4qb2/p2p1p2/3P4/2P1PN2/PP1Q1PPP/2KR1B1R w kq -,f1d3 g7g6 d2e2 h7h5 g2g3 e7c8 f3d2 e8f8 h2h3 c8d6,-21
3q1rk1/3n1ppp/3pb3/p2Np1b1/4P3/N1PQ4/P3BPPP/1R5K w - -,b1d1 d7c5 d3c4 g8h8 h1g1 f7f5 e4f5 e6f5 e2g4 f5g6,-58
rnbqk2r/pp3ppp/2p1p3/8/2pP4/5NP1/PP1QPPBP/R4RK1 w kq -,f3e5 b8d7 e5c4 d7b6 c4a5 e8h8 f1d1 d8d6 d2c2 d6b4,93
7r/1pr3k1/p2p4/P1pP1p2/3b1P2/R7/1PK1B1P1/7R w - -,a3g3 g7f7 h1h8 d4h8 e2d3 c5c4 d3f5 h8d4 f5e6 f7f6,111
R7/7p/5kpP/8/1r3PK1/4P3/8/8 w - -,a8a6 f6f7 a6a7 f7f6 g4f3 b4b3 a7h7 g6g5 h7c7 g5f4,405
r4b1r/pppknpp1/4b2p/1Np1P3/5BP1/5N1P/PPP2P2/R4RK1 w - -,f4g3 g7g5 b2b3 d7c6 b5c3 b7b6 c3d1 a7a5 a2a4 c6b7,-72
r1bq1rk1/pppp1pp1/2n4p/2b1p3/2B1P1n1/2NP1N1P/PPP2P2/R1BQK2R w KQ -,h3g4 d7d6 f3h4 c6d4 g4g5 d6d5 c4d5 g8h8 d5b3 a7a5,408
1r4k1/R4p1p/6p1/3N2b1/1p2P3/r1P2K2/p5PP/R7 w - -,a1a2 a3a7 a2a7 b4b3 a7a1 b3b2 a1b1 g5c1 f3e2 f7f5,-46
r1bkr3/ppp1n1pp/8/6B1/4R3/8/PPP2PPP/RN4K1 w - -,b1c3 h7h6 a1d1 c8d7 e4d4 h6g5 d4d7 d8c8 c3b5 e7d5,591
8/7p/8/5kPp/3K4/8/8/8 w - -,d4d3 f5g5 d3e2 g5g4 e2f2 h5h4 f2g1 h7h5 g1h1 g4f5,Mate
r5nr/pppkq2p/3b1pp1/8/Nn1p1P1Q/1P6/PBPPN1PP/R3K2R w KQ -,h4h3 f6f5 e1d1 d4d3 c2d3 g8f6 h3f3 h8e8 a2a3 b4c6,17
r3k2r/1pp1nppp/4qb2/3p1p2/p2P3P/2P1PN2/PP1Q1PP1/2KR1B1R w kq -,a2a3 h7h5 f3g5 f6g5 h4g5 e7c8 d2e2 g7g6 e2b5 e6c6,-16
rn1qk2r/pppb2pp/8/5p2/2P1n3/P1b5/1P2PPPP/R1BQKBNR w KQkq -,b2c3 b8c6 d1c2 d8f6 g1h3 c6a5 c1e3 a5c4 e3d4 f6f7,-161
6k1/6p1/4p3/1p6/2pN1q2/2P5/1P4K1/8 w - -,g2h3 f4e4 h3g3 e6e5 d4b5 e4e3 g3g4 e3f4 g4h3 f4f3,-1325
2r3k1/2q3p1/p2p2P1/1pn4Q/7P/P1NB4/1PP2r2/1K1R3b w - -,d1e1 h1e4 d3e4 c5e4 h5h7 g8f8 e1e4 c7c4 e4c4 c8c4,1362
8/4n3/3p3p/2pPp3/2P1K1k1/r7/7R/8 w - -,h2h1 e7f5 h1h4 g4h4 e4f5 h4g3 f5e6 a3a6 e6f5 h6h5,-9605
r3k2r/2p1nppp/4qb2/1p1p1p2/p2P3P/2PBPN2/PP1Q1PP1/2KR3R w kq -,d3b5 c7c6 b5d3 e8h8 a2a3 f8b8 f3e1 e7c8 e1c2 b8b3,72
1r1q1rk1/ppb2ppp/3p4/3Np3/3pP3/P2P1Q1P/1PP2PP1/1R2R1K1 w - -,f3g4 f7f6 f2f4 e5f4 e1f1 f8f7 f1f4 d8c8 g4g3 c7d8,146
rn1qk2r/pppb2pp/8/5p2/2P5/P1n5/4PPPP/R1BQKBNR w KQkq -,d1d4 d8f6 d4f6 g7f6 c1b2 c3a4 b2f6 e8h8 f6g5 b8a6,123
r4rk1/pp1b3p/2p2np1/3P4/3q4/2NB4/PPQ3PP/4RR1K w - -,d3g6 d4h4 d5d6 f6g4 g2g3 h4h6 g6d3 f8f1 d3f1 d7f5,109
rnbqkb1r/pp5p/2pp1pp1/4p3/2B4N/2PQ4/PPP2PPP/R1B2RK1 w kq -,a2a4 d6d5 c4a2 b8a6 d3e2 f8g7 f1d1 d8e7 b2b4 e5e4,-155
8/4n3/3p3p/2pPp1k1/2P1K2R/r7/8/8 w - -,h4h1 e7f5 h1h3 a3g3 h3h5 g5h5 e4f5 g3g8 f5e4 h5g4,-9605
r3k2r/2p1nppp/2q2b2/1p1p1p2/p2P3P/P1PBPN2/1P1Q1PP1/2KR3R w kq -,h4h5 c6d7 d1g1 c7c6 g2g4 f5g4 f3h2 g4g3 g1g3 e7f5,121
rn2k2r/p3ppbp/3pbnp1/q1p5/1p1PP3/P3BP2/1PPQN1PP/1K1R1BNR w kq -,g1h3 e6h3 a3b4 c5b4 g2h3 b8c6 h1g1 e8h8 g1g5 a5c7,-57
r1bqkb1r/ppp2ppp/3p1n2/4p3/2P5/2N2nP1/PP1PPPBP/R1BQ1RK1 w kq -,e2f3 f8e7 d2d4 e5d4 d1d4 e8h8 b2b3 c7c6 c1b2 f8e8,55
5k1b/1p3r2/p2p4/P1pP1pR1/5P2/8/1PK1B1P1/8 w - -,e2h5 f7g7 g5f5 f8g8 h5f3 c5c4 f5h5 g7f7 h5h6 f7f4,133
r3kb1r/pp3ppp/1qn1p3/3pPn2/1P1P4/P1N1Bb2/4BPPP/R2QK2R w KQkq -,e2f3 c6d4 e3d4 f5d4 a1c1 d4f3 g2f3 f8e7 d1a4 b6c6,-208
1rb1rnk1/1p4pp/p7/P2P1p2/Np2p3/5B2/2PQ1PPP/4R1K1 w - -,f3h5 e8d8 f2f3 c8d7 d2b4 d7a4 b4a4 g7g6 f3e4 g6h5,521
1r4k1/5p1p/6p1/3N2b1/4P3/p1P2K2/p5PP/R7 w - -,a1a2 g5c1 a2a1 c1b2 a1a2 h7h5 f3e3 h5h4 e3d3 h4h3,-82
r3kbnr/pbpq1ppp/1p1ppn2/1P6/2P5/P3PN2/1B1PBPPP/RN1Q1RK1 w kq -,a3a4 a7a5 d2d4 d7d8 b1d2 f6d7 d1c2 g8f6 e3e4 f8e7,137
8/4n3/3p2kp/2pPp2R/2P1K3/r7/8/8 w - -,h5h1 e7f5 h1h3 a3a4 h3c3 g6g5 e4f3 h6h5 f3e4 g5g4,-943
3q1rk1/5ppp/3pb3/p1nNp1b1/4P3/N1P5/P3BPPP/1R1Q3K w - -,e2f3 f7f5 e4f5 e6f5 b1b5 c5d3 h1g1 e5e4 f3e2 d8e8,-157
6k1/6p1/4p3/1p4q1/2pN4/2P4K/1P6/8 w - -,d4f3 g5c1 f3d4 c1f4 b2b4 c4b3 d4b3 f4e3 h3g2 e3c3,-1406
8/R6p/5kpP/8/2r2PK1/4P3/8/8 w - -,g4f3 c4c5 a7h7 g6g5 h7a7 g5f4 a7a6 f6f7 e3e4 c5h5,446
3r1rk1/p5p1/q1n4p/1R2p3/2P2p1Q/4B3/5PPP/5RK1 w - -,b5b1 f4e3 f2e3 a6c8 h4e4 c6e7 h2h3 g8h8 f1f8 d8f8,-378
r2k3r/ppp1bppp/2p1b3/4PnB1/8/2N2N2/PPP2PPP/R4RK1 w - -,g2g4 f5h6 g5e7 d8e7 h2h3 h6g8 f3g5 h7h5 f2f3 a8d8,101
6k1/5p2/R3p2p/4r1p1/8/P6P/5PP1/6K1 w - -,,0
r4rk1/2p1nppp/2q2b2/1p1p1p2/p2P3P/P1PBPN2/1P1Q1PP1/1K1R3R w - -,h4h5 c6e6 h1g1 g7g6 d2c2 c7c6 f3h2 f6g7 g2g4 g8h8,120
r1bq1rk1/pppp1pp1/7p/2b1p3/2BnP1P1/2NP1N2/PPP2P2/R1BQK2R w KQ -,g4g5 d7d5 f3d4 d5c4 d4f5 c4d3 d1d3 d8d3 c2d3 h6g5,401
8/4nk2/3p3R/2pPp3/2P1K3/r7/8/8 w - -,h6h2 e7g8 h2f2 f7e7 f2f1 a3g3 f1a1 g3g4 e4d3 e7f6,-714
rnbqkb1r/pp6/2pp1pp1/4p3/2B5/2PQ4/PPP2PPP/R1B2RK1 w kq -,d3g6 e8d7 f2f4 e5e4 g6e4 d6d5 e4g6 d7c7 c4d3 f8c5,-262
r2qk1nr/3bp1bp/p2p1pp1/8/p2nPN2/1P6/1BP1BPPP/R2Q1RK1 w kq -,d1d4 e7e5 d4d6 e5f4 f1d1 g8h6 e2c4 h8f8 d6f4 h6f7,121
1r1qr1k1/2p2pb1/p1p2np1/2Pp4/4P1bp/1PN1B2P/P1QR1PBK/5R2 w - -,f1e1 g4e6 e3d4 b8b4 e4d5 b4d4 d2d4 c6d5 c5c6 f6h5,-117
5k2/1p3r2/p2p4/P1pP1pR1/3b1P2/3B4/1PK3P1/8 w - -,d3f5 c5c4 g2g4 b7b6 g5g6 b6a5 g6d6 f7b7 c2d2 b7b2,145
3rk2r/ppp1bppp/2p1b3/4PnB1/8/2N2N2/PPPR1PPP/5RK1 w - -,d2d8 e7d8 g5d8 e8d8 f1d1 d8e8 h2h3 h7h6 g1h2 h6h5,35
1r6/5k2/5ppp/1pB1p3/1Pb1Pn2/5P2/5P1P/1K1R1B2 w - -,d1d7 f7e8 d7e7 e8d8 f1c4 b5c4 e7h7 b8b5 b1c2 f4d3,224
rr4k1/2p1nppp/2q2b2/1p1p1p2/p2P3P/P1PBPN2/1PQ2PP1/1K1R3R w - -,d3f5 e7f5 c2f5 g7g6 f5f4 b8e8 h4h5 e8e4 f4g3 a8e8,167
rnbq1b1r/pp1k4/2pp1pQ1/4p3/2B5/2P5/PPP2PPP/R1B2RK1 w - -,f2f4 e5e4 g6e4 d6d5 e4g6 f8c5 g1h1 d7c7 c4d3 d8f8,-264
8/1p1r4/p3pk1p/2P2p2/PP1r4/1R3pPP/5P2/4R1K1 w - -,b3e3 d4b4 e3e6 f6g7 c5c6 b7c6 e6c6 b4a4 c6c3 d7a7,14
1q4k1/p1rprppp/1p2pn2/1B6/QPP5/P5P1/4PP1P/2RR2K1 w - -,a4c2 e6e5 c2d3 g7g6 c4c5 b6c5 c1c5 c7c5 b4c5 b8c8,27
r1bkr3/ppp1n1p1/7p/6B1/4R3/2N5/PPP2PPP/R5K1 w - -,a1d1 c8d7 e4d4 h6g5 d4d7 d8c8 c3b5 e7d5 d7d5 a7a6,599
r1b1k2r/p1p1qpp1/3p1n1p/2p5/3pPB2/3P4/PPP1NPPP/R2Q1RK1 w kq -,c2c3 d4c3 e2c3 e8h8 f1e1 c8b7 d3d4 c5d4 d1d4 f6d7,76
5k2/1p6/p2p4/P1pP1r2/3b1P2/3B4/1PK3P1/8 w - -,g2g3 f5h5 b2b3 h5h2 c2d1 h2g2 g3g4 g2g4 d3f5 g4g3,-622
2kr2r1/2p2p1p/p1b1p3/Pp2P2Q/2pP1R2/B1P5/6PP/R5K1 w - -,g2g3 g8h8 a3e7 d8d7 h5f7 c6d5 g3g4 h7h6 g1f2 c8b7,771
rnbqkb1r/1p3ppp/p1p1p3/3n4/P2P4/2N2N2/1P2PPPP/R1BQKB1R w KQkq -,e2e4 d5c3 b2c3 c6c5 d4d5 e6d5 e4d5 f8d6 d1e2 d6e7,89
rr4k1/2p1nppp/3q1b2/1p1p1p2/p2P3P/P1PBPN2/1PQ2PP1/1KR4R w - -,d3f5 e7f5 c2f5 g7g6 f5c2 h7h5 f3e1 d6e6 e1d3 g8g7,157
2r3k1/2q3p1/p2p2P1/1pn4Q/4b2P/P1NB4/1PP2r2/1K2R3 w - -,d3f5 e7f5 c2f5 g7g6 f5c2 h7h5 f3e1 d6e6 e1d3 g8g7,Mate
1r4k1/5p1p/6p1/3N4/4P3/p1P2K2/R5PP/2b5 w - -,a2a1 c1b2 a1a2 g8f8 f3e2 b8c8 e2d3 h7h5 d3c2 h5h4,-136
8/2k3b1/4K3/6pp/8/4P2P/6P1/8 w - -,e6f5 g5g4 h3g4 h5g4 f5g4 c7d6 g4f5 g7c3 e3e4 c3e1,21
8/4K3/8/5k2/2B2N2/8/8/8 w - -,f4e6 f5e5 e7d7 e5f5 d7d6 f5e4 c4a6 e4f3 d6e5 f3e3,215
2r2rk1/1bqnbp1n/p2p4/1p2pPp1/4P1P1/P1N2B2/1PP1NB2/R2QR1K1 w - -,d1d2 f8d8 a1d1 d7f6 e2g3 c7c4 e1e3 a6a5 b2b3 c4c6,50
r2qk2r/ppp1bppp/2np1n2/4p3/4PPb1/2NP2P1/PPP3BP/R1BQK1NR w KQkq -,c3e2 d6d5 h2h3 g4e6 g1f3 d5e4 f3e5 e4d3 e5c6 b7c6,-33
r1bqkb1r/p4ppp/n1p2n2/1p2p3/2pPP3/P1N2N2/1PQ2PPP/R1B1KB1R w KQkq -,c2d1 e5d4 d1d4 c8e6 d4d8 a8d8 f3e5 d8d6 e5f3 d6d7,-151
r3k2r/p3ppbp/2npbnp1/q1P5/1p2P3/P3BP2/1PPQN1PP/1K1R1BNR w kq -,e2c1 d6c5 c1b3 e6b3 c2b3 a8d8 f1d3 c5c4 b3c4 f6d7,-144
r2q1rk1/p1pn1ppp/2p1p3/4Bb2/Q1pP4/4P3/PP3PPP/RN3RK1 w - -,f1c1 d7e5 d4e5 a8b8 b1a3 b8b2 a3c4 b2e2 c4a5 d8d2,-18
rn1qk1nr/pp3ppp/4p3/2bpPb2/8/P7/1PP2PPP/RNBQKBNR w KQkq -,f1d3 d8b6 d3f5 c5f2 e1e2 e6f5 g1f3 b8c6 d1d3 f2d4,-92
rn3rk1/ppq1ppbp/2pp1npB/8/2PPP1b1/2N2N2/PP1Q1PPP/R3KB1R w KQ -,h6g7 g8g7 f3h4 e7e5 h2h3 g4e6 f1e2 c7e7 h4f3 e5d4,71
4k2r/ppp2ppp/2p1b3/4Pnb1/8/2N2N2/PPP2PPP/3R2K1 w - -,f3g5 e6c8 g5f3 h7h5 f3g5 h5h4 d1d2 f5e7 f2f4 f7f6,15
rnbq1rk1/pp3ppp/2p1p3/4N3/2pP4/6P1/PP1QPPBP/R4RK1 w - -,f1d1 b8d7 e5c4 d7b6 c4a5 d8e7 d2c3 a8b8 c3c5 f8e8,96
r2qk1nr/3b2bp/p2p1pp1/4p3/p2QPN2/1P6/1BP1BPPP/R4RK1 w kq -,d4d6 e5f4 f1d1 g8h6 e2c4 h8f8 d6f4 h6f7 a1a4 f7e5,119
r1bqkbnr/pp4pp/2n2p2/4p3/2Pp1B2/3P1N2/PP1N1PPP/R2QKB1R w KQkq -,f3e5 f6e5 f4g3 f8b4 f1e2 g8f6 e1h1 e8h8 d2f3 e5e4,-314
rr4k1/2p2ppp/2nq1b2/1p1p1p2/p2P3P/P1PBPN2/KPQ2PP1/2R4R w - -,d3f5 g7g6 f5d3 b5b4 c3b4 c6b4 a3b4 d6b4 h4h5 c7c5,160
1r2r1k1/2p2pb1/p1p2qp1/2Pp4/4P1np/1PN1B3/P1QR1PB1/5RK1 w - -,c3d5 c6d5 d2d5 g4e3 f2e3 f6e7 f1f3 g7e5 g2f1 c7c6,-190
8/4K3/8/3N4/2B1k3/8/8/8 w - -,e7f6 e4d4 c4b3 d4e4 f6e6 e4d4 e6f5 d4c5 f5e5 c5c6,192
2r3k1/2q3p1/p2p2P1/1p5Q/4n2P/P1N5/1PP2r2/1K2R3 w - -,e7f6 e4d4 c4b3 d4e4 f6e6 e4d4 e6f5 d4c5 f5e5 c5c6,Mate
4k3/4n2R/3p4/2pPp3/2P1K3/r7/8/8 w - -,h7h5 a3a4 e4d3 e8f7 h5h7 f7f6 h7h6 e7g6 h6h7 g6f4,-728
8/7R/5k1P/6p1/2r2PK1/4P3/8/8 w - -,h7d7 g5f4 d7d4 c4c1 g4f4 c1f1 f4e4 f6e6 d4a4 e6f6,407
r3kbnr/pbpqpp1p/1p1p1np1/1P6/2P5/P3PN2/1B1PBPPP/RN1Q1RK1 w kq -,a3a4 f8g7 a4a5 a8b8 d2d4 g8h6 d4d5 e7e5 a5a6 b7c8,141
3q1rk1/4nppp/3pb3/p2Np3/4P3/2PQb3/P3BPPP/1R5K w - -,d5f6 g7f6 d3e3 g8g7 c3c4 d8c7 h2h4 e7g8 h4h5 f8b8,-364
2r2rk1/1bq1bp1n/p2p1n2/1p2pPp1/4P1P1/P1N2B2/1PP1NBK1/R2QR3 w - -,d1d3 f8d8 a1d1 d8d7 d1d2 d6d5 c3d5 f6d5 e4d5 h7f6,17
r2qb2k/ppb2p1p/2n1pPr1/B7/2B1P2Q/2P2R2/1P4PP/7K w - -,b2b4 c7a5 f3d3 d8f6 h4f6 g6f6 d3f3 f6f3 g2f3 a5c7,-870
2rr2k1/1b3p1p/p3p1n1/q1P2p2/3N4/P3Q3/5PPP/1B1RR1K1 w - -,d1c1 f5f4 e3b3 c8c5 b3b7 d8d4 b7b2 c5c1 e1c1 a5e5,-129
rr4k1/2p2ppp/2nq1b2/3p1p2/pp1P3P/P1PBPN2/KP1Q1PP1/2R4R w - -,c3b4 f6e7 c1c3 e7f8 h1c1 c6b4 a3b4 b8b4 f3e5 a8b8,224
r2qk2r/ppp1bppp/2n5/1B1p4/3p2b1/2P2N2/P1P2PPP/R1BQR1K1 w kq -,d1d3 g4f3 d3f3 e8h8 b5c6 b7c6 c3d4 e7b4 e1e3 f8e8,-71
7R/3kn3/3p4/2pPp3/2P1K3/r7/8/8 w - -,h8h5 a3c3 h5h7 c3c4 e4d3 c4f4 d3d2 d7e8 h7h8 e8f7,-723
2q2r1k/pb2bppp/2p1p3/1nP5/1p3B2/1B3N2/PP1RQPPP/6K1 w - -,f3e5 c8e8 e5d7 f8g8 e2e4 b7c8 b3c2 f7f5 e4c6 a7a6,257
2r1r1k1/1bq1bp1n/p2p1n2/1p2pPp1/4P1P1/P1N2B2/1PP1NBK1/R2Q3R w - -,e2g3 d6d5 e4d5 b5b4 a3b4 e7b4 h1h7 b4c3 h7h6 e5e4,58
8/8/2P1kp2/1R2p3/1b3P1p/4B2K/8/1r6 w - -,f4f5 e6d6 b5b4 b1h1 h3g2 h1e1 g2f2 e1a1 b4c4 a1a8,528
rr4k1/2p2ppp/3q1b2/3p1p2/pn1P3P/P2BPN2/KP1Q1PP1/2R4R w - -,a3b4 b8b4 c1c6 d6f8 d2c2 a8b8 h1b1 f8d8 d3f5 g7g6,265
r3r1k1/pp1b4/2p1p1n1/6p1/6R1/2Q3B1/PPP3PP/R5K1 w - -,a3b4 b8b4 c1c6 d6f8 d2c2 a8b8 h1b1 f8d8 d3f5 g7g6,Mate
5r2/4k3/6K1/6p1/8/8/8/8 w - -,a3b4 b8b4 c1c6 d6f8 d2c2 a8b8 h1b1 f8d8 d3f5 g7g6,Mate
7R/1p4r1/p2pBk2/P1pP1p2/5P2/8/1PK3P1/8 w - -,h8g8 g7h7 g8f8 f6e7 f8f5 h7h4 f5f7 e7e8 c2d3 h4h2,753
1r4k1/3R4/5ppp/1pB1p3/1Pb1Pn2/5P2/5P1P/1K3B2 w - -,c5e7 c4f1 e7f6 b8e8 d7g7 g8f8 g7d7 f1e2 f6g7 f8g8,-392
r5k1/2p2ppp/3q1b2/3p1p2/pr1P3P/3BPN2/KP1Q1PP1/2R4R w - -,c1c6 d6f8 d2c2 a8b8 h1b1 f8d8 c6c7 f5f4 f3e5 f6e5,275
r1b1kb1r/p2p1ppp/1qn1pn2/1p6/3P4/PP3N2/1BP2PPP/RN1QKB1R w KQkq -,,0
3R4/2k1n3/3p4/2pPp3/2P1K3/r7/8/8 w - -,d8d6 a3e3 e4e3 c7d6 e3e2 e7d5 e2f2 d5b6 f2e1 e5e4,-1883
r2qk2r/ppp1bppp/2n1b3/1B1p4/3Q4/2P2N2/P1P2PPP/R1B1R1K1 w kq -,d4g7 e7f6 g7h6 h8g8 h6h7 g8h8 b5c6 b7c6 h7d3 d8d6,239
1r4k1/2p2ppp/3q1b2/2Rp1p2/pr1P3P/3BPN2/KP1Q1PP1/7R w - -,h1b1 g7g6 d2c2 b4b3 h4h5 f6g7 d3e2 g7f8 f3e5 f5f4,220
r3k2r/pp2bppp/1qn1p3/3pPn2/1P1P4/P1N1BP2/4BP1P/R2QK2R w KQkq -,f3f4 a8c8 c3a4 b6d8 e2g4 f5h4 a1c1 e8h8 e1h1 b7b5,-50
2r1qrk1/1p1n1pbp/4p1p1/p5B1/1nQ5/P1NP1bP1/1P2PPBP/2RR2K1 w - -,c4b5 c8c5 b5a4 f3g2 g1g2 c5g5 a3b4 a5b4 a4b4 b7b6,-312
3r2k1/pp2qppp/n1p1p3/8/3b1B2/1Q4P1/PP2PPBP/3R2K1 w - -,e2e3 d4b6 f4e5 a6b4 a2a3 b4d5 h2h4 b6c7 e5d4 b7b6,-38
6k1/5p1p/6p1/3NP3/8/p1P2K2/R5PP/1rb5 w - -,d5c7 g8f8 f3e4 b1b8 c7d5 b8c8 e4d3 c1b2 c3c4 h7h5,-95
2r1rbk1/1bq2p1n/p2p1n2/1p2pPp1/4P1P1/P1N2B2/1PPQNBK1/R6R w - -,d2e3 d6d5 h1h7 f6h7 e4d5 e5e4 f3e4 f8g7 e3d3 h7f6,-60
1r4k1/3R4/5ppp/2B1p3/1Pp1P3/3n1P2/2K2P1P/8 w - -,c2c3 d3f4 c3c4 b8c8 b4b5 f4e6 d7d5 e6c7 d5d6 c7b5,417
r2qk1nr/3b2bp/p2Q1pp1/8/p3Pp2/1P6/1BP1BPPP/R4RK1 w kq -,f1d1 g8h6 e2c4 h8f8 d6f4 h6f7 a1a4 f7e5 c4e6 d7e6,121
8/1R6/5k1P/8/2r2pK1/4P3/8/8 w - -,b7b6 f6f7 e3f4 c4c2 b6d6 c2h2 g4g5 h2g2 g5f5 g2h2,101
8/8/4K3/6r1/8/5k2/3P4/R7 w - -,a1a4 g5g6 e6d5 g6g5 d5c4 g5g2 d2d3 f3f4 a4a5 g2c2,585
r2qk2r/pbpp1ppp/1pn1pn2/8/2PPP3/2bB4/PP2NPPP/R1BQ1RK1 w kq -,d3c2 c3b4 e4e5 f6g4 a2a3 b4e7 e2f4 g4e5 d4e5 c6e5,-235
1r4k1/2p1bppp/3q4/2Rp1p2/pr1P3P/3BPN2/KP1Q1PP1/1R6 w - -,f3e5 d6e6 c5c6 e7d6 c6a6 b4b3 d2c2 g7g6 e5c6 b8b6,274
2r3k1/6p1/p2p2P1/1p5Q/2q1R2P/P1N5/1PP2r2/1K6 w - -,f3e5 d6e6 c5c6 e7d6 c6a6 b4b3 d2c2 g7g6 e5c6 b8b6,Mate
8/3Rn3/1k1p4/2pPp3/2P1K3/r7/8/8 w - -,d7c7 e7d5 c7g7 d5e3 g7g1 b6c6 g1g8 e3c4 g8c8 c6d7,-762
r1bq1bk1/1pp2r2/1p1P1n2/P3p3/2N1Pp2/2N2Pp1/4B1nP/R2QR1BK w - -,h1g2 f7g7 c4e5 g3h2 g2h1 h2g1r e1g1 f6h5 d1d5 g8h7,-52
r1bqkb1r/p2p1ppp/2n1pn2/1p6/3P4/1P3N2/PBP2PPP/RN1QKB1R w KQkq -,a2a3 a7a6 f1d3 f8e7 e1h1 a8b8 f1e1 h7h6 b1d2 e8h8,15
1r4k1/2p1bppp/1q6/2Rp1p2/pr1P3P/4PN2/KPBQ1PP1/1R6 w - -,d2c3 b4b3 c5c6 b6b5 c2d3 b5d3 c3d3 b3d3 c6c7 e7f8,75
2r1rbk1/1bq2p1n/p4n2/1p1ppPp1/4P1P1/P1N1BB2/1PPQN1K1/R6R w - -,c3d5 f6d5 e3g5 c7c2 a1c1 c2d2 g5d2 d5b6 b2b3 c8c1,-271
r1bqk2r/2ppbppp/p1n5/3np3/Pp2P3/5N2/1PPPQPPP/RNB1K2R w KQkq -,e4d5 c6d4 f3d4 e5d4 e1h1 e8h8 c2c4 c7c6 d2d3 c6d5,-70
2b1k2r/ppp2ppp/2p5/4PnN1/8/2N5/PPP2PPP/3R2K1 w - -,g5f3 h7h5 f3g5 h5h4 c3e2 h8h5 g5e4 b7b6 e2f4 h5h6,6
1r4k1/2p2ppp/1q6/2bp1p2/pr1P3P/2Q1PN2/KPB2PP1/1R6 w - -,d4c5 b6a6 c2d3 a6b7 f3d4 b4b3 c3c2 g7g6 h4h5 c7c6,104
1k1r1r2/2p4p/1p6/p7/4Q3/8/PPP2PPP/4R1K1 w - -,h2h4 h7h6 f2f3 f8f6 e4a4 f6d6 e1e8 d6d1 g1h2 d8e8,659
r2qkbnr/ppp1pppp/3p4/1P1n4/6b1/P3PN2/2PP1PPP/RNBQKB1R w KQkq -,c2c4 d5b6 d2d4 e7e6 h2h3 g4h5 a3a4 a7a5 b1d2 g8f6,90
1r4k1/2p2ppp/8/1qPp1p2/pr5P/2Q1PN2/KPB2PP1/1R6 w - -,f3d4 b5a6 c2f5 b4c4 f5d3 c4c3 d3a6 c3c5 b1d1 g8f8,162
6k1/5p1p/6p1/3NP3/4K3/p1P5/Rb4PP/1r6 w - -,e4d4 b1c1 d4c5 c1c2 d5e3 c2c3 e3c4 c3b3 c4a5 b3b8,-205
5r1k/p1p3pp/4Q3/4P3/2P4n/3P4/PP2Kq1P/R3R3 w - -,e4d4 b1c1 d4c5 c1c2 d5e3 c2c3 e3c4 c3b3 c4a5 b3b8,Mate
r1bqk2r/2ppbppp/p7/3P4/Pp1p4/8/1PPPQPPP/RNB1K2R w KQkq -,e1h1 e8h8 c2c4 c7c6 d2d3 c6d5 f1e1 e7c5 b1d2 d5c4,-82
r1bqk2r/pp1n1ppp/2p1p3/3p4/2PP4/6P1/PP1NPPBP/R2Q1RK1 w kq -,d1c2 e8h8 f1d1 d7f6 e2e4 f6e4 d2e4 d5e4 g2e4 h7h6,71
r1r3k1/3np2p/p2pNbpn/1ppq4/3P1P2/4BN2/PPP3PP/R2QR1K1 w - -,,0
rnbqk1nr/1p1p1pbp/p3p1p1/2p5/2B1P3/NQP5/PP1P1PPP/R1B1K1NR w KQkq -,g1f3 b7b5 c4e2 d7d6 d2d3 b8d7 e1h1 g8f6 c1f4 e6e5,-64
8/8/8/8/R7/2k5/8/4K3 w - -,g1f3 b7b5 c4e2 d7d6 d2d3 b8d7 e1h1 g8f6 c1f4 e6e5,Mate
5r1k/p1p3pp/4Q3/4P3/2P5/3P1n2/PP3q1P/R2KR3 w - -,g1f3 b7b5 c4e2 d7d6 d2d3 b8d7 e1h1 g8f6 c1f4 e6e5,Mate
4qrk1/1p1n1pbp/2n1p1p1/p5B1/2P5/P1N2BP1/1P2PP1P/2RR2K1 w - -,f3c6 b7c6 c3e4 f7f6 g5e3 f6f5 e4c5 d7c5 e3c5 f8f7,-318
1r4k1/2p2ppp/8/q1Pp1p2/pr1N3P/2Q1P3/KPB2PP1/1R6 w - -,d4c6 a5b5 c6b4 b5b4 c3b4 b8b4 b1d1 g8f8 d1d5 b4h4,545
2kr2r1/2p2p1p/p3p3/Pp1bP2Q/2pP1R2/B1P3P1/7P/R5K1 w - -,a3e7 d8e8 h5f7 c8b8 f7h7 b8a7 h7f7 e8b8 g3g4 g8c8,832
2r1rbk1/1bq2p2/p4n2/1p2pP2/6P1/P1N2pK1/1PPQN3/R6R w - -,h1h4 f3e2 g3f2 e5e4 d2g5 f8g7 c3e2 e4e3 f2f1 f6e4,-614
r1bq1k1r/ppp1n1pp/8/7Q/4R3/8/PPP2PPP/RNB3K1 w - -,c1g5 f8g8 e4e7 d8f8 e7e8 c8f5 e8f8 a8f8 g5e3 b7b6,695
3r2k1/p5p1/7p/4p3/2qn1pQ1/5P2/5BPP/5RK1 w - -,h2h3 d8d6 f1b1 c4c2 b1b8 g8h7 g4c8 c2c8 b8c8 h7g6,-188
r2qk2r/3b2bp/p2Q1ppn/8/p3Pp2/1P6/1BP1BPPP/R2R2K1 w kq -,e2c4 h8f8 d6f4 h6f7 a1a4 f7e5 c4e6 d7e6 d1d8 a8d8,125
r1r3k1/3np2p/p2pNbpn/1p1q4/3p1P2/5N2/PPP2BPP/R2QR1K1 w - -,,0
r1bqkb1r/ppp2pp1/2n1pn1p/6N1/3Pp3/4B3/PPPN1PPP/R2QKB1R w KQkq -,g5e4 c6d4 e4f6 g7f6 d2e4 e6e5 c2c3 f6f5 c3d4 f5e4,-2
8/8/2P1kp2/1R2p3/5P1p/7K/3b4/1r6 w - -,,0
2kr1bnr/pbpqppp1/1p1p1n1p/1P6/2PP4/P3PN2/1B2BPPP/RN1Q1RK1 w - -,a3a4 g7g5 c4c5 b6c5 d4c5 d6c5 d1c2 e7e6 f3e5 d7e8,392
5r1k/p1p3pp/4Q3/4P3/2P5/3P1n2/PP2R2P/R2K1q2 w - -,a3a4 g7g5 c4c5 b6c5 d4c5 d6c5 d1c2 e7e6 f3e5 d7e8,Mate
r1b1kb1r/pp1p1ppp/2n5/2pqp3/8/1P2PN2/P1PB1PPP/R2QKB1R w KQkq -,c2c4 d5e6 h2h4 d7d6 f3g5 e6g6 f1e2 h7h5 e2f3 f8e7,-101
rnbqk1nr/3p1pbp/p3p1p1/1pp5/2B1P3/NQP2N2/PP1P1PPP/R1B1K2R w KQkq -,c4e2 d7d6 d2d3 b8d7 e1h1 g8f6 c1e3 c8b7 a3c4 d8c7,-58
8/8/4K1r1/8/R7/5k2/3P4/8 w - -,e6e5 g6g5 e5d6 g5g6 d6d5 g6g8 d2d4 f3f4 d5c5 g8c8,646
2q4k/pb3rpp/2p1p3/1nb5/1p3B2/1B6/PP1RQPPP/6K1 w - -,e2e4 c5b6 b3c2 c8g8 c2b3 b5c7 f4d6 c7d5 g2g4 f7d7,-286
r2k3r/p2Ppp1p/2n1b1p1/q7/1p2P3/P3B3/1bPQN1PP/1K1R1BNR w - -,e3d4 e6a2 b1b2 a5a3 b2a1 c6d4 e2c1 d4c2 d2c2 a2b3,-417
r1bq1rk1/2ppbppp/p7/3P4/Pp1p4/8/1PPPQPPP/RNB2RK1 w - -,c2c4 c7c6 d2d3 c6d5 f1e1 e7c5 b1d2 d5c4 d2c4 d7d6,-89
8/4n3/3p3p/2pPp2k/2P1K3/r7/2R5/8 w - -,c2e2 a3h3 e2f2 h3h4 e4d3 e5e4 d3c3 h5g5 c3b3 e4e3,-999
r1bqkb1r/pp3ppp/5n2/3Pp3/1n6/1NN2P2/PPP3PP/R1BQKB1R w KQkq -,c1g5 d8d6 g5f6 g7f6 a2a3 b4a6 f1b5 c8d7 d1e2 d7b5,246
r2qk2r/ppp2p1p/2n1b2Q/1B1p4/8/2b2N2/P1P2PPP/R1B1R1K1 w kq -,e1e6 f7e6 h6e6 d8e7 b5c6 b7c6 e6c6 e7d7 c6c3 e8a8,539
r4rk1/pp2bppp/1qn1p3/3pPn2/1P1P4/P1NQBP2/4BP1P/R3K2R w KQ -,a1d1 g7g6 c3a4 b6c7 f3f4 f8c8 e2g4 f5e3 f2e3 b7b5,-101
rn1q1rk1/pb1p1ppp/1p2pn2/b1p5/2PP4/P3PNP1/1P1N1PBP/R1BQK2R w KQ -,e1h1 a5d2 c1d2 d7d6 b2b3 b8d7 d2c3 a7a5 d1e2 f6e4,21
8/8/2P1kp2/4p3/5b1p/7K/8/1R6 w - -,,0
r1r3k1/3np2p/p2pNbp1/1p1q1n2/3B1P2/5N2/PPP3PP/R2QR1K1 w - -,,0
r4rk1/pp3pb1/2p2qpp/4p2n/2P1P3/2N1BP2/PP1QKP1P/3R3R w - -,d2c2 f6h4 d1d7 h5f4 e3f4 e5f4 h2h3 f8e8 c2d2 g7f8,-97
r2qk2r/pbpp1ppp/1p2pn2/8/2PnP3/2NB4/PP3PPP/R1BQ1RK1 w kq -,e4e5 d4c6 e5f6 d8f6 d3e4 e8a8 c1e3 g7g5 d1e2 d7d6,312
r1bq1rk1/ppp2ppp/2n1p3/3n4/1b1P4/2N3P1/PP1BPP1P/R2QKBNR w KQ -,g1f3 d8f6 c3d5 b4d2 d1d2 e6d5 f1g2 c8g4 a1d1 g4f3,11
5r1k/p1p3pp/4Q3/4P3/2P5/3P1n2/PPK1q2P/R7 w - -,g1f3 d8f6 c3d5 b4d2 d1d2 e6d5 f1g2 c8g4 a1d1 g4f3,Mate
1k1r4/2p4Q/1p6/p7/8/5rP1/PPP2P1P/4R1K1 w - -,h7e7 f3f8 g1g2 b8b7 h2h4 b7b8 g2h3 d8c8 e7d7 f8d8,725
rn1qk2r/ppp2ppp/3p1n2/4p2b/1b2P3/2N3PP/PPPPNPB1/R1BQK2R w KQkq -,e1h1 b8c6 g3g4 h5g6 f2f4 e5f4 d2d3 f4f3 g2f3 h7h6,81
2r1rk2/1bq2pb1/p4R2/1p2pPQ1/6P1/P1N3K1/1PP1p3/R7 w - -,a1g1 c7e7 g5h4 e7f6 h4f6 g7f6 g4g5 f6g5 g3f2 g5f6,-648
r1bqk2r/pp2bppp/5n2/3Pp1B1/1n6/1NN2P2/PPP3PP/R2QKB1R w KQkq -,f1b5 e8f8 g5f6 g7f6 a2a3 h8g8 d1d2 b4a6 e1a1 f6f5,299
8/1p2r3/4p2p/2Pk1p2/PR6/6PP/5P2/6K1 w - -,b4b5 e7c7 g1g2 c7c5 b5b7 c5c4 a4a5 c4a4 b7a7 h6h5,70
rn1qk2r/ppp2ppp/3p1nb1/4p3/1b2P1P1/2N4P/PPPPNPB1/R1BQK2R w KQkq -,d2d3 b8c6 f2f4 e5f4 e2f4 h7h6 e1h1 e8h8 c3e2 b4c5,76
7r/p1p1kppp/1pp1b3/4P3/3nN3/8/PPP2PPP/3R2K1 w - -,d1d4 c6c5 d4d1 h8d8 d1d8 e7d8 e4g5 e6a2 g5h7 a2b1,-119
3r2k1/pp3ppp/n1p1p3/8/Qq1b1B2/6P1/PP2PPBP/3R2K1 w - -,a4b4 a6b4 a2a3 b4a6 g1f1 g8f8 f4e3 e6e5 e3g5 d8d6,-60
r1r3k1/1R3ppp/p3pb2/8/2P2B2/2n2N2/P4PPP/2R3K1 w - -,c1c2 c8c4 g2g3 c4c8 f3e5 f6e5 f4e5 c3d5 b7a7 c8d8,-56
r1r3k1/4p2p/p2pNnp1/1p1q1n2/5P2/5N2/PPP3PP/R2QR1K1 w - -,,0
r1bq1bk1/1pP2r2/1p3n2/P3p3/2N1Pp2/2N2Pp1/4B2P/R2Qn1BK w - -,d1e1 d8c7 c4b6 f7g7 e2f1 a8b8 c3d5 f6d5 a1c1 c7d8,-291
r4rk1/pp2bppp/1qn5/3pPn2/1P1P4/P2QBP2/4BP1P/R3K2R w KQ -,a1d1 g7g6 f3f4 e7h4 e2g4 c6e7 e1e2 f7f6 d1c1 a8d8,-378
2r3k1/6p1/p2p2P1/1p5Q/2R4P/P1N5/1PP5/1K3r2 w - -,a1d1 g7g6 f3f4 e7h4 e2g4 c6e7 e1e2 f7f6 d1c1 a8d8,Mate
1r2r1k1/2p2pb1/p1p2qp1/2P5/3pP1np/1P2B3/P1QR1PB1/3N1RK1 w - -,e3g5 f6g5 f2f4 g5h6 e4e5 g4e3 d1e3 d4e3 d2d3 b8b4,-217
1r4k1/2p2ppp/8/2qp1p2/pr1N3P/Q3P3/KPB2PP1/1R6 w - -,c2a4 b8a8 b2b3 c5b6 d4c6 b4b5 b1c1 f5f4 c1c3 h7h5,60
r1b2rk1/p2pqpp1/2p2n1p/2p5/4PB2/2PP4/P3NPPP/R2Q1RK1 w - -,e2g3 d7d5 e4e5 f6h7 f1e1 c8d7 f4c1 f7f6 d3d4 c5d4,75
4r1k1/1R2Rp2/6p1/7P/6P1/2P2P2/r7/6K1 w - -,e7e8 g8g7 e8e7 g6h5 e7f7 g7g6 f7g7 g6f6 g4h5 f6e5,970
rnbqk2r/ppp1bpp1/4pn2/3p4/3PP3/2N2NPp/PPP2P1P/R1BQKB1R w KQkq -,e4e5 f6d7 c3e2 c7c5 c2c3 b8c6 a2a3 a7a5 e2g1 a5a4,14
8/8/8/3K2r1/R7/5k2/3P4/8 w - -,d5e6 g5h5 d2d4 h5h6 e6d5 h6h5 d5c4 f3e4 a4a8 h5h4,526
2q4k/pb3rpp/2p1B3/2b5/1p1n1B2/8/PP1RQPPP/6K1 w - -,e6f7 d4e2 d2e2 c5d4 e2e8 c8e8 f7e8 d4b2 f4e3 a7a5,-230
r2qkbnr/pp1bpppp/8/1B1pP3/1n3P2/8/2PP2PP/RNBQK1NR w KQkq -,b5d7 d8d7 g1f3 e7e6 e1h1 b4c6 b1c3 g8h6 d2d4 f8e7,-85
6k1/5p1p/6p1/4P3/4K3/p1P1N3/Rb4PP/r7 w - -,a2a1 b2a1 e3c2 a1b2 c3c4 a3a2 e4d5 g8f8 d5d6 f8e8,-282
1kr5/2p1R2Q/1p6/p7/8/5rP1/PPP2P1P/6K1 w - -,h7e4 f3f8 g1g2 f8g8 h2h4 g8h8 g2h3 h8f8 f2f3 a5a4,816
r2qk1nr/pbpp1ppp/1p2p3/4P3/2Pn4/2NB4/PP3PPP/R1BQ1RK1 w kq -,d1g4 d4f3 g2f3 g8e7 d3e4 b7e4 f3e4 e7g6 f2f4 d8e7,406
6k1/5p1p/6p1/4P3/4K3/p1P1N3/6PP/b7 w - -,e3c2 a1b2 c3c4 a3a2 e4d5 g8f8 e5e6 f8e7 e6f7 e7f7,-305
r4rk1/1bqnbp1n/p2p4/1p2pPp1/3NP1P1/P1N2B2/1PP2B2/R2QR1K1 w - -,d4b5 a6b5 c3b5 c7c6 a3a4 g8g7 d1d2 f8c8 b5a7 c6c2,-151
4r1k1/1R2R1p1/5p2/7P/6P1/2P2P2/r7/6K1 w - -,d4b5 a6b5 c3b5 c7c6 a3a4 g8g7 d1d2 f8c8 b5a7 c6c2,Mate
r1bq1bk1/1pP2r2/1p3n2/P3p3/2N1Pp2/2N2P2/4B1pP/R3Q1BK w - -,h1g2 f7g7 g2h1 c8h3 e1f2 d8c7 a5b6 c7d8 a1a8 d8a8,-192
2r2rk1/2q3p1/p2p2p1/1pn2P1Q/7P/P1NB4/1PP5/1K1R3b w - -,f5g6 f8f6 d1h1 c5d3 h5h7 g8f8 h7h8 f8e7 c3d5 e7e6,838
1r4k1/2p2ppp/8/3p1p2/prqN3P/Q3P3/KP3PP1/1R1B4 w - -,a2a1 h7h5 d1e2 c4c5 e2h5 c5b6 h5d1 f5f4 a3c3 c7c5,-76
2kr4/pp1bnp1p/4p3/3p4/P2P4/3B4/1P4rP/RNB1KR2 w - -,f1f2 g2g1 d3f1 e7f5 b1c3 f5d4 c1e3 d4b3 a1d1 g1h1,215
rn1q1rk1/pb4pp/3b1n2/1Ppp4/4p3/1P2PN2/P2NBPPP/R1BQ1RK1 w - -,f3g5 d8e7 c1b2 b8d7 a2a4 d7e5 g5h3 a8d8 g2g3 d6b8,-122
r1bq1k1r/pp3ppp/n4b2/1B1Pp3/8/PNN2P2/1PP3PP/R2QK2R w KQ -,d5d6 a6b8 c3e4 c8d7 d1d3 f6g5 b3c5 d8a5 b2b4 g5h4,304
r1b1kb1r/pp1ppppp/8/2pqn3/8/1P2PN2/P1PB1PPP/R2QKB1R w KQkq -,a2a4 e5f3 d1f3 d5f3 g2f3 g7g6 d2c3 h8g8 h2h4 h7h5,-97
rn1qkbnr/ppp1ppp1/8/3p3p/6b1/1P4P1/PBPPPP1P/RN1QKBNR w KQkq -,h2h3 g4f5 g1f3 b8c6 d2d3 d8d6 b1d2 g8f6 c2c4 d5d4,37
rnbq1rk1/1p3pbp/p5pn/2ppP3/8/NQPP1N2/PP3PPP/R1B1K2R w KQ -,c1g5 d8d7 e1h1 h6f5 f1e1 h7h6 g5f6 g7f6 e5f6 d7d6,-369
4k3/7K/6P1/8/8/8/p7/8 w - -,,0
r2qk2r/pbppnppp/1p2pn2/8/2PPP3/2PB4/P3NPPP/R1BQ1RK1 w kq -,e4e5 f6g8 e2g3 d7d6 d1e2 d8d7 e5d6 d7d6 a2a4 g8f6,199
5r1k/p1p3pp/4Q3/4P3/2Pn4/1K1P4/PP2q2P/R7 w - -,d4d5 d7d6 f2f4 e8h8 a2a4 e7g6 a4a5 b6a5 e2g3 b7c8,Mate
1kr5/2p1R3/1p3r2/p7/4Q3/6P1/PPP2P1P/6K1 w - -,e7e8 a5a4 g1g2 b6b5 e8c8 b8c8 e4e8 c8b7 e8b5 f6b6,869
rnbqkbnr/8/1p1p1p1p/p1prp1p1/P1P1PRP1/1P1P1P1P/8/RNBQKBNR w KQkq -,f4f6 d8f6 c4d5 g8e7 g1e2 f6f3 h1h2 f3f7 h2f2 f7h7,97
1r2r1k1/2p2pb1/p1p3p1/2P5/3BPqnp/1P6/P1QR1PB1/3N1RK1 w - -,d4e5 e8e5 f1e1 h4h3 g2h3 f4h2 g1f1 h2h3 f1e2 h3h5,Mate
2r2rk1/pp2bppp/1qn5/3pPQ2/1P1P4/P3BP2/4BP1P/R3K2R w KQ -,a1d1 a7a5 h2h4 g7g6 f5h3 f7f5 e5f6 e7f6 h4h5 g6g5,205
rnb2rk1/1p1q1pbp/p5pn/2ppP1B1/8/NQPP1N2/PP3PPP/R3K2R w KQ -,h2h3 h6f5 e1h1 h7h6 g5f6 g7f6 e5f6 d7d6 g2g4 b8c6,-362
1r4k1/5ppp/8/2pp1p2/prqN3P/Q3P3/1P3PP1/KR1B4 w - -,d1e2 c5d4 e2c4 b4c4 e3d4 h7h6 a3d6 c4b4 d6d7 a4a3,353
rn1qkbnr/ppp1ppp1/8/3p4/6bp/1P4P1/PBPPPPBP/RN1QK1NR w KQkq -,h2h3 g4c8 g3g4 e7e5 b2e5 f7f5 e5b2 f5g4 e2e3 g8f6,67
r3r1k1/p1p2ppp/4b3/3p2q1/P2Q4/B1P5/2P2PPP/R3R1K1 w - -,e1e3 g5g4 a4a5 g4d4 c3d4 e6f5 e3c3 e8e2 c3c7 e2c2,17
r1bq1bk1/1pP3r1/1p3n2/P3p3/2N1Pp2/2N2P2/4B1KP/R3Q1B1 w - -,g2h1 c8h3 e2f1 d8d3 c4e5 h3f1 a1a2 d3a6 e1d1 f1h3,-232
r5k1/pp3pb1/2p3pp/4p3/2P1Pn2/2N1BP1b/PP1KBP1P/7R w - -,h1g1 f4g2 c3a4 g7f8 b2b3 h6h5 g1d1 f8e7 a4b2 g2e3,-92
r2q1k1r/pp3ppp/n2Pbb2/1B2p3/8/PNN2P2/1PP3PP/R2QK2R w KQ -,b5a6 b7a6 b3c5 a8b8 c3e4 b8b2 c5e6 f7e6 e1h1 d8b6,319
5r1k/p1p3pp/4n3/4P3/K1P5/3P4/PP2q2P/R7 w - -,d1d2 a8c8 c3e4 d8b6 b5a6 b7a6 d6d7 e6d7 d2d7 b6e3,Mate
rnbqkbnr/8/1p1p1p1p/p1p1pRp1/P1PrP1P1/1P1P1P1P/8/RNBQKBNR w KQkq -,h3h4 b8a6 g1e2 a6b4 e2d4 c5d4 b1a3 c8f5 g4f5 h6h5,34
r1bqk2r/p2pnpbp/2p1p1p1/2p1P3/5P2/2NP4/PPP3PP/R1BQK1NR w KQkq -,c3e4 e8h8 c1e3 c5c4 d3c4 c8a6 b2b3 e7f5 e3c5 d7d5,99
r3qr1k/pb2bppp/2p1p3/1nn5/1p1P1B2/1B3N2/PPR1QPPP/3R2K1 w - -,c2c5 b5d4 d1d4 e7c5 d4e4 c5e7 b3a4 a8d8 h2h4 d8d5,-233
8/7K/4k1P1/8/8/8/p7/8 w - -,,0
rnb1r1k1/1p1q1pbp/p5pn/2ppP1B1/8/NQPP1N1P/PP3PP1/R3K2R w KQ -,e1h1 h6f5 d3d4 h7h6 g5d2 b8c6 d4c5 c6e5 f3e5 e8e5,-335
1r2r1k1/2p2pb1/p1p3p1/2P5/3BPqn1/1P5p/P1QR1PB1/3NR1K1 w - -,g2h1 f4h2 g1f1 h2h1 f1e2 h1e1 e2e1 h3h2 d4g7 h2h1q,-681
6k1/5p1p/6p1/4P3/4K3/p1P5/1bN3PP/8 w - -,e4d5 a3a2 c3c4 g8f8 d5d6 f8e8 c4c5 e8d8 e5e6 f7e6,-354
r2k3r/p2Ppp1p/6p1/8/1pbnP3/q7/2PQN1PP/1K1R1BNR w - -,e2c1 d4b5 g1e2 b5c3 e2c3 b4c3 d2c3 a3c3 f1c4 c3c4,Mate
6k1/5p1p/6p1/4P3/2P1K3/8/pbN3PP/8 w - -,e4d5 g8f8 d5d6 f8e8 h2h3 e8d8 e5e6 f7e6 d6e6 d8c7,-356
8/6PK/4k3/8/8/8/8/q7 w - -,,0
rn2r1k1/1b1q1pbp/p5pn/1pppP1B1/8/NQPP1N1P/PP3PP1/4RRK1 w - -,d3d4 b8c6 b3d1 h6f5 g2g4 f5h6 a3c2 c5d4 c3d4 g8h8,-250
r2q1bk1/1pP3r1/1p3n2/P3p3/2N1Pp2/2N2P1b/4B2P/R3Q1BK w - -,e2f1 d8d3 c4e5 h3f1 e1f1 d3c3 a1c1 c3e5 c7c8q a8c8,-250
1rb1q1k1/p5rp/1pn5/2pnppN1/7N/2P3P1/PP5P/3R1RK1 w - -,d1d5 g7g5 d5d6 f5f4 h4f3 g5g7 f3d2 c8h3 d2e4 g7g6,-979
8/4k2K/6P1/8/8/8/p7/8 w - -,,0
rn1qkbnr/ppp1ppp1/8/3p4/7p/1P3bP1/PBPPPPBP/RN1QK2R w KQkq -,e1h1 f3g2 g1g2 d8d7 e2e3 g8f6 c2c4 h4g3 h2g3 d7h3,-573
rn1qkbnr/pp5p/2p1b1p1/3pp3/6P1/3P1Q1P/PPP1NP2/RNB1KB1R w KQkq -,b1c3 b8d7 d3d4 f8g7 d4e5 d7e5 f3g3 d8h4 f2f4 h4g3,-32
rn2r1k1/1b1q1pbp/p5pn/2ppP1B1/1pP5/NQ1P1N1P/PP3PP1/4RRK1 w - -,a3b1 d5c4 d3c4 d7c6 g5h6 g7h6 e5e6 f7e6 e1e2 b8d7,-452
r1bqk1nr/p2pppbp/1pn3p1/8/3NP3/4B3/PPP2PPP/RN1QKB1R w KQkq -,f2f3 c8b7 d1d2 c6d4 e3d4 g7h6 d4e3 h6e3 d2e3 d8c7,63
1r4k1/5p2/2R3p1/7p/8/4P1P1/5P1P/6K1 w - -,c6c1 b8b4 g1g2 b4a4 g2f3 a4a3 c1e1 g8g7 e1e2 a3a1,10
rnbq1k1r/pp3ppp/3P1b2/1B2p3/8/PNN2P2/1PP3PP/R2QK2R w KQ -,d1d3 b8d7 e1a1 a7a6 b5c4 g7g6 d3d5 d8e8 c3e4 f8g7,337
r3r1k1/p1p2ppp/4b3/3p4/P2Q2q1/B1P1R3/2P2PPP/R5K1 w - -,f2f4 g4f5 h2h3 f5c2 a1e1 c2b3 a3c5 e6d7 a4a5 a7a6,12
1r4k1/5ppp/8/2pp1p2/p1qN3P/Qr2P3/1P2BPP1/KR6 w - -,e2c4 b3a3 b2a3 b8f8 c4d5 c5d4 e3d4 f8d8 d5c6 g7g5,559
7r/1Qpknppp/3r4/3p4/1R6/P1q3P1/4PP1P/2BK1R2 w - -,c1b2 c3c5 d1d2 e7c6 f1c1 c5f2 b4f4 h8b8 f4f2 b8b7,7
rn2r1k1/1b1q2bp/p4ppn/2ppP1B1/1pP5/1Q1P1N1P/PPN2PP1/4RRK1 w - -,e5f6 b8c6 c2e3 c6d4 f3d4 c5d4 e3d5 b7d5 f6g7 h6f7,-94
r1bqr2k/ppp3pp/2n5/1BPp1p2/1P1pn3/P3PN2/2Q2PPP/R1B1K2R w KQ -,e1h1 d4e3 c1e3 c8d7 b5c6 d7c6 a3a4 a7a6 f1e1 h8g8,36
8/4k1PK/8/8/8/8/8/q7 w - -,,0
r1bqk1nr/p3ppbp/1pp3p1/8/4P3/4B3/PPP2PPP/RN1QKB1R w KQkq -,d1d8 e8d8 b1c3 g8f6 f2f3 f6d7 a2a4 a7a5 f1c4 g7c3,41
r1b1k2r/ppp2p1p/1b3qp1/3nn3/8/2QBN3/PPP2PPP/RNB1K2R w KQkq -,c3a3 d5e3 c1e3 b6e3 f2e3 e5g4 h1f1 f6e5 a3a4 c8d7,-225
rnb1kb1r/1p3ppp/p1p1p3/3q4/P2P4/5N2/1P2PPPP/R1BQKB1R w KQkq -,g2g3 e6e5 d4e5 d5d1 e1d1 c8g4 c1d2 b8d7 d2c3 a6a5,60
rn1q1k1r/pp3ppp/3Pbb2/1B2p3/8/PNNQ1P2/1PP3PP/R3K2R w KQ -,b3c5 b8c6 b5c6 b7c6 e1a1 h7h5 c3e4 e6d5 h1e1 h5h4,423
q4rk1/p3bppp/1p3n2/3b4/3Pp3/PP6/1B1NQPPP/1BR3K1 w - -,f2f3 e4e3 e2e3 d5e6 d2e4 f6d5 e3d3 f7f5 e4f2 d5f4,50
6Q1/4k2K/8/8/8/8/8/7q w - -,,0
rn1qkbnr/ppp1ppp1/8/3p4/8/1P3Bp1/PBPPPP1P/RN1QK2R w KQkq -,c2c4 g3f2 e1f2 c7c6 d1g1 e7e6 f2e1 g8e7 h2h4 e7f5,-157
r4bk1/1pP3r1/1p3n2/P3p3/2N1Pp2/2Nq1P1b/7P/R3QBBK w - -,c4e5 h3f1 a1a2 d3a6 e1d1 f1h3 g1d4 b6a5 e5d3 g7c7,-260
rn3bk1/1b1q3p/p4Ppn/2pp2B1/1pP5/1Q1P1N1P/PPN2PP1/4R1K1 w - -,g5h6 f8h6 e1e7 d7c6 c4d5 c6d5 e7b7 d5b3 a2b3 b8c6,343
r3r1k1/p1p2ppp/4b3/3p1q2/P2Q1P2/B1P1R3/2P3PP/R5K1 w - -,h2h3 f5c2 a1e1 c2a2 f4f5 e6d7 e3e8 d7e8 d4a7 a2d2,11
6Q1/4k1K1/8/8/8/8/6q1/8 w - -,,0
r1bq1k1r/pp2bppp/5n2/1B1Pp1B1/1n6/1NN2P2/PPP3PP/R2QK2R w KQ -,g5f6 e7f6 a2a3 b4a6 d5d6 a6b8 d1d3 f6g5 b3c5 b8d7,297
Q2b4/P7/3p2pk/2p1p2p/2PpPp1q/2NK1P2/6PP/R7 w - -,d1d2 b4d5 e1a1 c8e6 h1e1 h7h6 g5f6 d5f6 d2e3 d8c7,Mate
r1bq1bk1/ppp3p1/2n4r/3p3p/8/4Q3/PPPPNPPP/RNB1K2R w KQ -,d2d4 c6b4 b1a3 h6e6 e3c3 h5h4 c1f4 d8e8 c3d2 h4h3,-85
rn1qkbnr/8/1p1p1p1p/p1p1pbp1/P1PrP1P1/1P1PBP1P/8/RN1QKBNR w KQkq -,g4f5 a8a7 h3h4 h6h5 h4g5 f6g5 a1a2 a7g7 a2h2 g8f6,30
7r/1Qpknppp/3r4/2qp4/1R6/P5P1/1B2PP1P/3K1R2 w - -,d1d2 e7c6 f1c1 c5f2 b4f4 h8b8 f4f2 b8b7 b2g7 d7e8,3
3q1rk1/p4ppp/1p1b1n2/3b4/3Pp3/PP6/1B1NQPPP/1BR3K1 w - -,c1e1 f8e8 b3b4 a7a5 b4a5 b6a5 d2f1 d8b8 g2g3 h7h5,-64
1r4k1/5ppp/8/2pp1p2/2qN3P/1p2P3/1P2BPP1/KR6 w - -,c1e1 f8e8 b3b4 a7a5 b4a5 b6a5 d2f1 d8b8 g2g3 h7h5,Mate
r4b1r/pp2nppp/3k4/1QR5/4P2q/5P2/PPP2PBP/R1B3K1 w - -,c1e1 f8e8 b3b4 a7a5 b4a5 b6a5 d2f1 d8b8 g2g3 h7h5,Mate
1r1q1rk1/ppb3pp/3p4/3Npp1Q/3pP3/P2P3P/1PP2PP1/1R2R1K1 w - -,e4f5 d8d7 c2c4 c7d8 f2f4 e5f4 e1e6 b7b5 h5g4 b5c4,132
r1b1r2k/p1p3pp/2p5/2Pp1pq1/1P1Nn3/P3P3/2Q2PPP/R1B1K2R w KQ -,e1h1 g5g6 a3a4 a8b8 b4b5 c6b5 a4b5 a7a6 c1b2 a6b5,139
2r2rk1/pp1n1p1p/5n2/3p1N2/3P2p1/1PN2PP1/2PK3P/3R3R w - -,f5e7 g8g7 e7c8 f8c8 f3g4 f6g4 d1f1 d7f6 h2h3 g4e3,390
2k4r/2pr1Q2/p3p3/Pp1bP3/2pP1R2/B1P3P1/7P/R5K1 w - -,a3e7 c8b7 g3g4 c7c5 d4c5 d7c7 g4g5 d5c6 f7e6 b7a7,922
2r2rk1/pp4pp/1qn2b2/3p4/1P1P2Q1/P3BP2/4BP1P/R3K2R w KQ -,a1c1 g7g6 e1h1 c6e7 e2d3 h7h5 g4h3 g8f7 c1e1 c8c3,126
6QK/4k3/8/8/8/8/1q6/8 w - -,,0
rnbq1rk1/ppp1p1bp/5pp1/4P1N1/6n1/2NB4/PPP2PPP/R1BQK2R w KQ -,d3c4 e7e6 d1d8 f8d8 g5e6 g4e5 e6d8 e5c4 c3d5 b8a6,332
r3r2k/p1pb2pp/2p5/2Pp1pq1/1P1Nn3/P3P3/2Q2PPP/R1B2RK1 w - -,f2f3 e4f6 b4b5 c6b5 c5c6 d7e6 d4b5 e8e7 c1d2 a7a6,150
r1bqk2r/pp1n1ppp/2p1p3/8/2PPp3/6P1/PP1N1PBP/R2Q1RK1 w kq -,d2e4 d7f6 d1d3 h7h6 f1e1 f6e4 g2e4 e8h8 a1d1 d8f6,83
2rr2k1/3nbppp/p4n2/1p1ppP2/4P3/P1NPB3/1P1N2PP/3R1R1K w - -,e4d5 e7a3 c3b5 f6d5 e3g5 a6b5 g5d8 a3b2 d1b1 b2c3,-130
rn5k/1b3P1p/p2q2p1/2pp4/1pP3N1/1Q1P3P/PPNb1PP1/4R1K1 w - -,e1e8 h8g7 f7f8b d6f8 e8f8 g7f8 d3d4 b8d7 b3g3 b4b3,550
r2qkbnr/3n4/1p1p1p1p/p1p1pPp1/P1PrP3/1P1PBP1P/8/RN1QKBNR w KQkq -,b1c3 d7b8 f1e2 b8a6 f3f4 g5f4 e2h5 e8d7 e3d4 c5d4,83
rn1qr3/pp3k2/2p2ppb/3p1b1p/3P4/1B2P2P/PPP1Q1P1/2KR1NNR w - -,c2c3 f5e4 g1f3 b8d7 g2g4 h5h4 h1h2 e4f3 e2f3 f7g7,-37
r1bq1bk1/ppp3p1/7r/3p3p/1n1P4/4Q3/PPP1NPPP/RNB1K2R w KQ -,b1a3 h6e6 e3c3 d8f6 c1e3 e6c6 c3d2 c8f5 e1h1 b4c2,-107
r1b1kb1r/pp1pp1pp/2n2p2/2pq4/8/1P2PN2/P1PB1PPP/R2QKB1R w KQkq -,f1e2 d5f7 e1h1 e7e6 e3e4 f8e7 e2d3 e8h8 h2h3 a7a6,-97
8/8/b1k5/P1P5/1KP5/8/8/8 w - -,,0
rn2R3/1b3Pkp/p2q2p1/2pp4/1pP3N1/1Q1P3P/PPNb1PP1/6K1 w - -,f7f8b d6f8 e8f8 g7f8 d3d4 b8d7 b3g3 a8d8 g3d6 f8f7,578
1k3q2/p1p5/1p3p1p/3Qp1p1/1bP1P3/1P2BKPP/P4P2/8 w - -,d5d7 h6h5 d7h7 f8e8 f3g2 b8b7 h7f5 b4e7 g2h2 a7a5,71
2r2r1k/pp4pp/1qn1Qb2/3p4/1P1P4/P3BP2/4BP1P/R3K2R w KQ -,e2d3 f6d4 e1h1 d4e3 e6e3 c6d4 f3f4 b6f6 a1c1 c8e8,-79
r2q1rk1/ppp2ppp/1b2bn2/4p3/2P5/2NBP3/PP3PPP/R1BQ1RK1 w - -,d1c2 c7c6 b2b4 b6c7 c1b2 d8d6 c4c5 d6e7 a2a4 a7a6,13
r2qkbnr/3n4/1p1p1p1p/p3pPp1/P1PpP3/1P1P1P1P/8/RN1QKBNR w KQkq -,f3f4 d7c5 f1e2 h6h5 e2h5 e8d7 h5f7 g5f4 b1a3 g8e7,-34
2r2rk1/pp1n1p1p/8/3p1N2/3P2n1/1PN3P1/2PK3P/3R3R w - -,f5e7 g8g7 e7c8 f8c8 d1f1 d7f8 c3d5 f8e6 d2d3 c8d8,431
r3r2k/p1pb2pp/2p2n2/2Pp1pq1/1P1N4/P3PP2/2Q3PP/R1B2RK1 w - -,b4b5 c6b5 c5c6 d7e6 d4b5 e8e7 c1d2 a7a6 b5d4 a8e8,171
rn4R1/1b3k1p/p2q2p1/2pp4/1pP3N1/1Q1P3P/PPNb1PP1/6K1 w - -,g8h8 f7g7 h8e8 b8d7 e8a8 b7a8 c2e3 d2e3 g4e3 d5d4,-380
r2q1b1r/3k1b1p/p1np3P/1p1Npp2/8/N5P1/PPP2PB1/R2QK2R w KQ -,c2c3 a8b8 a3c2 d8g5 a2a4 b5b4 d5b4 c6b4 c2b4 f8h6,185
r2qk2r/pbppnppp/1p2p3/4P3/2PP2n1/2PB4/P3NPPP/R1BQ1RK1 w kq -,h2h3 g4h6 c1h6 g7h6 e2g3 d7d6 d3e4 d6d5 c4d5 b7d5,288
8/1r6/6pk/R7/8/4P3/5PK1/8 w - -,f2f4 h6g7 e3e4 b7b1 a5a6 b1b3 g2f2 g7f7 a6a7 f7g8,31
3r1rk1/pp3pbp/2bp1np1/q3p3/3BPP2/1BNQ3P/PPP3PK/R4R2 w - -,d4e3 d6d5 e4d5 f6d5 b3d5 e5f4 e3d2 c6d5 c3d5 a5d5,-56
1rb1q1k1/p6p/1pn5/2pRppr1/7N/2P3P1/PP5P/5RK1 w - -,h4f3 g5g7 c3c4 f5f4 f3d2 e8e7 d2e4 c8f5 e4d6 f5h3,-968
r4bk1/1pP3r1/1p3n2/P3N3/4Pp2/2Nq1P2/7P/R3QbBK w - -,e1f1 d3c3 a1c1 c3e5 c7c8q a8c8 c1c8 b6b5 c8c2 f6h5,-267
r1bq1rk1/pp3ppp/2p1pn2/6N1/2PP4/6P1/PP3PBP/R2Q1RK1 w - -,f1e1 c8d7 g5f3 d8c7 f3e5 f8d8 c4c5 f6d5 e5c4 d5e7,88
5rk1/p4ppp/1p1b4/3b4/3PB2q/PP6/1B2QPPP/2R3K1 w - -,e2e3 h4e4 e3e4 d5e4 d4d5 f8e8 h2h4 f7f6 h4h5 e4f5,-478
rnbqk2r/pp2bpp1/3ppn2/7p/3NP1P1/2N1B3/PPP2P1P/R2QKB1R w KQkq -,g4h5 h8h5 h2h4 b8c6 f1e2 h5h8 d1d3 c8d7 e1a1 c6e5,103
8/7R/8/R7/1k6/8/8/4K3 w - -,f1b5 c8d7 g4h5 d7b5 d4b5 a7a6 b5d4 h8h5 h1g1 g7g6,Mate
r1bqr1k1/2p2ppp/1b1p1n2/p1p3B1/P2NP3/N1P5/1P3PPP/R2QR1K1 w - -,d4b5 h7h6 g5f6 d8f6 a3c4 a8b8 b2b3 f6g6 f2f3 c8e6,22
r3kb1r/ppp4p/2n1b3/1B2q1p1/Q4p2/6B1/PPPK1PPP/RN5R w kq -,d2c1 e8a8 b5c6 b7c6 a4a6 c8b8 a6c6 f4g3 h2g3 e6c8,-458
rn3b1k/1b3P1p/p2q2p1/2pp4/1pP3N1/1Q1P3P/PPN2PP1/4R1K1 w - -,d3d4 d5c4 b3c4 b8d7 d4c5 d6c5 c4f4 g6g5 f4c1 a8c8,-292
2r5/1kp4R/1p4P1/p7/8/6P1/PPP2P2/6K1 w - -,g6g7 c8g8 g1g2 c7c5 g2f3 b7c6 f3g4 b6b5 g4g5 c5c4,833
r2q1bnr/3nk3/1p1p1p1p/p3pPp1/P1PpP3/1P1P1P1P/4K3/RN1Q1BNR w - -,f3f4 d7c5 a1a2 h6h5 e2e1 e7d7 a2g2 f8h6 f1e2 g8e7,-68
2rr3k/pp4pp/1qn2b2/3Q4/1P1P4/P3BP2/4BP1P/R3K2R w KQ -,d5b5 b6b5 e2b5 c6d4 e3d4 f6d4 a1d1 c8c3 e1h1 c3a3,-14
3r1rk1/pp3pbp/2b2np1/q2pp3/4PP2/1BNQB2P/PPP3PK/R4R2 w - -,c3d5 f6d5 e4d5 c6d5 e3d2 a5c5 d2e3 c5c6 a1d1 d5b3,-39
8/1p3r2/4p2p/2k2p2/P5PR/7P/5P1K/8 w - -,h2g3 f7f6 f2f4 c5d5 g4g5 h6g5 f4g5 f6f8 h4b4 e6e5,87
r1bq1rk1/pp4bp/1np2pp1/3Pp1B1/2n1P3/2N2NP1/PP2QPBP/R4RK1 w - -,g5c1 c6d5 c3d5 c4d6 d5c3 c8e6 f1d1 f8f7 f3d2 a8c8,16
r4bk1/1pP3r1/1p3n2/P3N3/4Pp2/2q2P2/7P/R4QBK w - -,a1c1 c3e5 c7c8r a8c8 c1c8 b6b5 c8c2 f6h5 g1b6 e5e6,-300
1r2r1k1/p4p1p/2p1bQp1/2Bp2R1/P4P2/2P5/2q3PP/R5K1 w - -,h2h4 e6f5 c5d4 g8f8 f6g7 f8e7 a1e1 e7d6 g7f6 d6d7,349
8/5k1p/6p1/3K4/2P5/8/pbN3PP/8 w - -,c4c5 f7e7 c5c6 e7d8 d5d6 d8c8 d6d5 c8c7 d5c4 b2h8,-433
r2q1bk1/ppp3p1/7r/3p1b1p/1n1P4/8/PPPQNPPP/RNB1K2R w KQ -,b1a3 h5h4 e1h1 h4h3 g2g3 d8d7 d2d1 h6b6 f2f3 d7c6,-117
r2qk2r/pbppnppp/1p2p2n/4P3/2PP4/2PB1P2/P3N1PP/R1BQ1RK1 w kq -,c1h6 g7h6 e2g3 e7g6 g3h5 d8g5 h5f6 e8e7 d3e4 b7e4,267
r1b2k1r/pp3ppp/8/1B1Pp1q1/1n5b/PNN2PP1/1PP4P/R2QK2R w KQ -,a3b4 g5e3 d1e2 e3e2 b5e2 h4e7 b4b5 h7h5 e1a1 h8h6,565
r2q1bnr/3n1k2/1p1p1p1p/p3pPp1/P1PpP3/1P1P1P1P/5K2/RN1Q1BNR w - -,f1e2 d7c5 f3f4 f7e8 e2h5 e8d7 g1f3 g8e7 b1a3 e7c6,-7
2rr3k/pp4pp/2n2b2/2q5/1P1P4/P3BP2/4BP1P/R3K2R w KQ -,d4c5 f6a1 f3f4 a1c3 e1f1 c3b2 e2g4 c8b8 f1g2 b2a3,-501
r3Rb1k/1b1n1P1p/p2q2p1/2pp4/1pP3N1/1Q1P3P/PPN2PP1/6K1 w - -,d3d4 d5c4 b3c4 h8g7 e8e1 d6d5 c4d5 b7d5 d4c5 f8c5,-319
8/8/b7/P1k5/2P5/2K5/8/8 w - -,,0
1r4k1/5ppp/8/2pp1p2/p1BN3P/r3P3/1P3PP1/KR6 w - -,b2a3 b8f8 c4d5 c5d4 e3d4 g7g5 d5c6 g5h4 d4d5 f8d8,574
8/8/8/8/R1K5/5k2/3P2r1/8 w - -,d2d3 f3e3 c4c3 g2g8 a4e4 e3f3 e4e5 g8c8 c3b4 c8d8,646
r4bk1/1pP3r1/1p3n2/P3q3/4Pp2/5P2/7P/2R2QBK w - -,c7c8q a8c8 c1c8 b6b5 c8c2 f6h5 f1d1 e5e6 g1d4 g7g6,-297
r4bnr/2qn1k2/1p1p1p1p/p3pPp1/P1PpP3/1P1P1P1P/2Q2K2/RN3BNR w - -,c2d1 h6h5 f3f4 d7c5 f1e2 f7e7 f2f1 e7d8 e2h5 c7h7,-58
r3r1k1/1bqnbp1n/p2pp1p1/1p4P1/3NPP2/P1N2B2/1PP2B2/R2QR1K1 w - -,d4e2 e6e5 f3g4 a8c8 f2g3 e5f4 e2f4 c7d8 c3d5 h7g5,-162
8/8/8/P1k5/2b5/3K4/8/8 w - -,,0
2q2r1k/pb3ppp/3Pp3/2p1Q3/1p6/1B6/PP1R1PPP/6K1 w - -,d6d7 c8a8 f2f4 f8d8 f4f5 f7f6 e5e6 a7a5 e6e7 b7e4,323
r2q1rk1/pp3ppp/1bp1bn2/4p3/2P5/2NBP3/PPQ2PPP/R1B2RK1 w - -,b2b4 a7a5 b4b5 c6b5 c3b5 d8e7 h2h3 a8c8 f1d1 b6c5,17
r1b1k2r/pp3ppp/1qn2n2/2b1p1B1/8/2NP4/PPPQ1PPP/R3KBNR w KQkq -,c3a4 c5f2 d2f2 b6b4 c2c3 b4a4 g5f6 g7f6 f2f6 h8g8,54
r1bqr3/pp1n2k1/2p3pb/3pNp1p/3P4/1B2P2P/PPP1Q1P1/2KR1N1R w - -,c2c4 d7e5 d4e5 e8e5 c1b1 c8e6 c4d5 c6d5 f1h2 e5e3,-273
r3r1k1/1bqnbppn/p2pp3/1p4p1/3NPP1P/P1N2B2/1PP2B2/R2QR1K1 w - -,d4e6 f7e6 h4g5 d6d5 e4e5 e7c5 g5g6 h7f8 d1d3 c5f2,-295
r2q1bk1/ppp3p1/7r/3p1b2/1n1P3p/N7/PPPQNPPP/R1B1K2R w KQ -,e1h1 h4h3 g2g3 d8d7 d2d1 h6b6 f2f3 d7c6 c1g5 f5c2,-107
r1bqk2r/2p2ppp/1pn2n2/p1b1p3/4P3/5NP1/PPPN1PBP/R1BQ1RK1 w kq -,c2c3 a5a4 d1c2 e8h8 d2c4 f6g4 h2h3 c8a6 b2b3 a6c4,-63
rnb2rk1/ppp1bppp/3p1n2/4p1N1/2B1P1q1/3P1Q2/PPP2PPP/RNB1K2R w KQ -,f3g4 c8g4 h2h3 g4d7 a2a4 b8c6 g5f3 a7a6 c1d2 c6d4,10
r1b1r1k1/2pq1ppp/1bNp1n2/p1p3B1/P3P3/N1P5/1P3PPP/R2QR1K1 w - -,e4e5 d7c6 e5f6 e8e1 d1e1 c8b7 e1f1 a8e8 f2f3 d6d5,-112
rn1qkb1r/pb2p1pp/2p1Pp2/1p1n4/2pP4/2N2N2/PPQ2PPP/R1B1KB1R w KQkq -,c3d5 d8d5 b2b3 d5e6 f1e2 c4b3 a2b3 b8a6 c1d2 e6d7,-56
1r2r1k1/2p2pb1/p1p3p1/2P1q3/3RPP1p/1P2n3/P1Q3B1/3N1RK1 w - -,d4d3 e3c2 f4e5 b8d8 e5e6 f7e6 d3f3 d8d2 b3b4 g7e5,-377
6r1/1kp3PR/1p6/p7/8/6P1/PPP2P2/6K1 w - -,g1g2 c7c5 g2f3 b7c6 f3f4 a5a4 f4g5 b6b5 g5g6 c5c4,851
8/4K3/8/6k1/2B5/6N1/8/8 w - -,g3e2 g5f5 c4d5 f5e5 d5a8 e5f5 e7d6 f5f6 e2d4 f6f7,220
r2qk2r/pbpp1ppp/1p2pnn1/8/2PPP3/2PB4/P1Q1NPPP/R1B2RK1 w kq -,e2g3 e8h8 f2f4 f6g4 h2h3 d8h4 h3g4 h4g3 f4f5 g6h4,192
rnbqr3/pp4k1/2p3pb/3p1p1p/3P4/1B2PN1P/PPP1Q1P1/2KR1N1R w - -,c2c4 c8e6 c1b1 b8d7 h1g1 a7a5 c4d5 c6d5 b3c2 a8c8,-79
5r1k/pb1P1ppp/2q1p3/2p1Q3/1p6/1B6/PP1R1PPP/6K1 w - -,e5g5 h7h6 d7d8q f8d8 d2d8 h8h7 b3c2 g7g6 c2g6 h7g7,655
8/8/8/8/R1K5/3Pk3/6r1/8 w - -,c4c3 g2g8 a4e4 e3f3 e4e5 g8c8 c3b3 f3f4 d3d4 c8d8,646
rnb1kbnr/pp2q2p/2p1p1p1/3pB2Q/3P4/8/PPP2PPP/RN2KBNR w KQkq -,h5f3 f8g7 e5g7 e7g7 f3c3 g8h6 g1f3 e8h8 b1d2 b7b6,42
r1b1r1k1/2p2ppp/1bqp1n2/p1p1P1B1/P7/N1P5/1P3PPP/R2QR1K1 w - -,e5f6 e8e1 d1e1 c8b7 e1f1 a8e8 f2f3 d6d5 f6g7 c6a4,-103
8/1b6/2k5/P1P5/2P5/2K5/8/8 w - -,,0
r2q1bk1/ppp3p1/7r/3p1b2/1n1P4/N6p/PPPQNPPP/R1B2RK1 w - -,g2g3 d8d7 d2d1 h6b6 f2f3 c7c5 g3g4 f5h7 e2f4 c5d4,-130
r1b2k1r/pp3ppp/8/1B1Pp1q1/1P6/1NN1KP2/1PP5/R2Q3R w - -,e3f2 h7h5 d1d2 g5d8 a1g1 h5h4 d2g5 d8g5 g1g5 a7a6,626
rnb1kbnr/pp2pppp/2pq4/3pP3/8/5P2/PPPP2PP/RNBQKBNR w KQkq -,e5d6 e7e5 d2d4 f8d6 d4e5 d6c5 g1e2 g8e7 e2c3 e7g6,760
2rr3k/pp4pp/5b2/2P5/3n4/P3BP2/4BP1P/R3K2R w KQ -,e3d4 f6d4 a1b1 c8c5 e1h1 c5e5 e2c4 e5g5 g1h1 g5c5,-18
2b5/8/2k5/P1P5/1KP5/8/8/8 w - -,,0
r2k3r/p2Ppp1p/2n3p1/8/1pbBP3/q7/2PQN1PP/K2R1BNR w - -,a1b1 c6d4 e2c1 d4b5 g1e2 b5c3 e2c3 b4c3 d2c3 a3c3,-609
r4bk1/pp3p2/2p3pp/4p2n/2P1P3/2N1BP1b/PP1KBP1P/7R w - -,d2c1 h3e6 c1c2 g8g7 h1d1 h5f4 e2f1 g6g5 c4c5 f8e7,-64
r1b3k1/2p2ppp/1bqp1P2/p1p3B1/P7/N1P5/1P3PPP/R2Qr1K1 w - -,d1e1 c8b7 e1f1 a8e8 f6g7 e8e6 g5f4 c6a4 a3c4 a4b3,-113
r2qkb1r/pp3ppp/2n1pn2/1Qpp4/3P1B2/4P2P/PPP2PP1/RN2K1NR w KQkq -,b5b7 a8c8 g1f3 c5d4 f3d4 d8d7 b7d7 f6d7 c2c3 e6e5,64
r2qk1nr/pbpp1ppp/1p2p1n1/4P3/2PP4/2PB4/P1Q1NPPP/R1B2RK1 w kq -,e2g3 d8h4 f2f3 g8e7 g3e4 h4h5 a2a4 e8h8 a4a5 a8b8,176
r1b2k1r/pp3ppp/8/1B1Pp1q1/1P6/1NN2P2/1PPK4/R2Q3R w - -,d2e2 g5g2 e2e3 c8f5 d1d2 g2g6 a1g1 g6b6 e3e2 a8c8,597
8/6r1/8/8/R7/2KPk3/8/8 w - -,a4e4 e3f2 d3d4 g7c7 c3b4 c7d7 b4c5 d7d8 e4e5 d8a8,526
3r1rk1/pp2ppbp/2b2np1/q2p4/3BPP2/1BNQ3P/PPP3PK/R4R2 w - -,e4e5 f6d7 d3e3 e7e6 c3e2 c6b5 f1f2 a5c7 c2c3 d7b6,73
r2qk2r/2p2ppp/bpn2n2/2b1p3/p3P3/5NPP/PPPN1PB1/R1BQR1K1 w kq -,b2b3 e8h8 a2a3 c5d4 f3d4 d8d4 a1b1 f8d8 b3b4 a6b5,-44
r5k1/1bp2ppp/1bqp1P2/p1p3B1/P7/N1P5/1P3PPP/R3Q1K1 w - -,e1f1 a8e8 f2f3 d6d5 a1e1 c5c4 g1h1 e8e1 f1e1 c6e6,-108
2r2rk1/pp3p1p/1n6/3p1N2/3P2n1/1PN3P1/2PK3P/3R2R1 w - -,f5e7 g8g7 e7c8 b6c8 c3d5 c8d6 d2c1 g4h2 g1e1 a7a5,371
6r1/2p3PR/1p2kP2/p7/8/6P1/PPP5/6K1 w - -,h7h8 e6f6 h8g8 f6f7 g8h8 f7g7 h8h2 b6b5 g1g2 g7f6,794
r3r2k/p1pb2pp/2p2n2/2Pp2q1/1P1NPp2/P4P2/2Q3PP/R1B2RK1 w - -,c2d2 d5e4 d2f4 g5g6 f4c7 a7a5 c1b2 e4f3 d4f3 e8e2,40
5r1k/pb1P2pp/2q1pp2/2p3Q1/1p6/1B6/PP1R1PPP/6K1 w - -,d7d8q c6c8 d8c8 f8c8 g5g4 b7c6 g4e6 c8e8 e6e8 c6e8,843
r1bqr3/pp1n2k1/2p3pb/3p1p1p/3P4/1B1RPN1P/PPP1Q1P1/2K2N1R w - -,a2a4 b7b6 d3c3 d7f6 c3c6 c8b7 c6f6 d8f6 f3e5 e8e5,-157
3R1K2/6r1/8/8/8/2k5/8/8 w - -,a2a4 b7b6 d3c3 d7f6 c3c6 c8b7 c6f6 d8f6 f3e5 e8e5,Mate
r4rk1/pp1bn1p1/1qn1p2p/1N1pP3/1b6/2BB1N2/PP3PPP/R2Q1RK1 w - -,b5d4 a8c8 a1b1 f8f4 a2a3 c6d4 c3d4 b4c5 d4c5 c8c5,22
r3r1k1/1bqnbppn/p2pp2p/1p6/3NPPPP/P1N2B2/1PP2B2/R2QR1K1 w - -,a1b1 a8c8 f3g2 e6e5 d4f5 e5f4 d1d2 f4f3 g2f3 d7e5,-83
rn1qk1nr/pppb1ppp/8/bB1p4/3P4/2P2N2/PP3PPP/RNBQK2R w KQkq -,b5d7 b8d7 d1b3 g8e7 b3b7 a8b8 b7a6 c7c5 e1h1 e8h8,97
r2qk2r/2p2ppp/1pn2n2/2b1p3/p3P3/2Pb1NPP/PP1N1PB1/R1BQR1K1 w kq -,d2f1 d3c4 c1e3 d8d1 e1d1 f6d7 h3h4 c5d6 f1d2 c4e2,17
r2k3r/p2Ppp1p/6p1/1n6/1pb1P3/q7/2PQ2PP/1KNR1BNR w - -,f1c4 b5c3 d2c3 b4c3 c1d3 a8b8 c4b3 b8b3 c2b3 a3b3,-769
8/6r1/8/8/4R3/2KP1k2/8/8 w - -,e4e5 g7c7 c3b4 c7b7 b4c4 b7c7 e5c5 c7d7 d3d4 f3e3,646
8/2k5/b7/P1P5/2P5/2K5/8/8 w - -,,0
3r4/p1p1kppp/1pp1b3/4P3/3R1P2/2N5/PPP3PP/6K1 w - -,,0
r1bqr3/pp4k1/2p2npb/3p1p1p/3P4/1B1RPN1P/PPP1Q1P1/1K3N1R w - -,h1g1 b7b5 f1d2 d8d6 a2a4 b5a4 b3a4 c8a6 f3e5 a6d3,-156
r3kb1r/p1p4p/2p1b3/4q1p1/Q4p2/6B1/PPPK1PPP/RN5R w kq -,b1c3 e8a8 d2c1 f4g3 a4a6 c8b8 h2g3 f8c5 f2f3 e5g3,-468
rn1qkbnr/1bpp1ppp/pp6/3Pp3/2P1P3/2N5/PP3PPP/R1BQKBNR w KQkq -,f2f4 d7d6 g1f3 b8d7 f1d3 e5f4 c1f4 g7g6 e1h1 f8g7,98
2k5/8/b7/P1P5/1KP5/8/8/8 w - -,,0
8/7p/3K1kp1/2P1b3/8/8/p1N3PP/8 w - -,d6d5 e5h2 c5c6 h2e5 d5c4 f6e6 c4b4 a2a1q c2a1 e5a1,-630
r3r2k/p1pb2pp/2p5/2Pp2qn/1P2Pp2/P4P2/2Q1N1PP/R1B2RK1 w - -,c1b2 g5g6 c2d2 d7h3 f1f2 d5e4 e2f4 h5f4 d2f4 h8g8,37
2rr3k/pp4pp/5b2/2P5/8/P3nP2/4BP1P/1R3K1R w - -,f1g1 e3d5 b1b7 d5f4 e2f1 c8c5 h2h4 c5c2 b7f7 f6e5,-569
2rr2k1/4bppp/p4n2/1pnPpP2/8/P1NPB3/1P1N2PP/3R1R1K w - -,e3c5 e7c5 d2e4 c5d4 d1c1 d4c3 e4c3 g8f8 c3e4 c8c1,-41
r4b1r/p1p2k1p/2Q1b3/4q1p1/5p2/6B1/PPPK1PPP/RN5R w - -,b1c3 a8d8 d2c1 f4g3 h2g3 f8g7 c6f3 g7f6 a2a4 g5g4,-445
4r1k1/1bp2ppp/1bqp1P2/p1p3B1/P7/N1P5/1P3PPP/R4QK1 w - -,f2f3 d6d5 a1e1 c6a4 c3c4 a4d7 f6g7 a5a4 g1f2 c7c6,-121
5k2/pp3ppp/nbp1p3/8/8/1Q4P1/PP2PqBP/3R3K w - -,b3d3 g7g6 g2c6 b7c6 d3a6 f8g7 a6c4 e6e5 c4g4 f2c5,172
3k4/p1p2ppp/1pp1b3/4P3/5P2/2N5/PPP3PP/6K1 w - -,,0
1r1q1rk1/ppb3pp/3p4/3Npp2/3pP3/P2P2QP/1PP2PP1/1R2R1K1 w - -,f2f4 d8d7 e1f1 b8e8 f4e5 d6e5 f1f5 f8f5 d5c7 f5g5,85
r1bqk2r/pp3ppp/5b2/3Pp3/1n6/1NN2P2/PPP3PP/R2QKB1R w KQkq -,a2a3 b4a6 f1b5 c8d7 b5d7 d8d7 d1e2 a8c8 e1a1 e8h8,268
r1b2rk1/1ppp1ppp/2n1p3/6q1/N1PP4/P3P3/1PQK1PPP/R4B1R w - -,d2e1 d7d5 a1d1 e6e5 c4d5 c6d4 e3d4 f8e8 d1d2 c8f5,89
r1bqkb1r/1p3ppp/p1n1p3/2pn4/P2P1B2/2N1PN2/1P3PPP/R2QKB1R w KQkq -,c3d5 d8d5 f1e2 c5d4 e1h1 d4e3 f4e3 d5d1 f1d1 e6e5,-25
8/1r3p2/7k/R7/8/4P3/5PK1/8 w - -,e3e4 b7b4 f2f3 f7f6 g2f2 h6g6 a5a3 g6g5 f2g3 g5g6,11
4rrk1/1pq3np/p2b2pB/4pP2/3PQ3/2P5/PP5P/4RRK1 w - -,f5f6 g7f5 h6f8 g8f8 g1h1 c7f7 f1f3 h7h5 f3d3 e5d4,-209
r4bk1/pppq2p1/7r/3p1b2/1n1P4/N5Pp/PPPQNP1P/R1B2RK1 w - -,d2d1 h6b6 f2f3 c7c5 g3g4 f5h7 e2f4 c5d4 c2c3 b4c6,-139
r1bqk2r/pp2nppp/2n1p3/2b1P3/3p4/P2B1N2/2PP1PPP/RNBQK2R w KQkq -,e1h1 e8h8 a3a4 b7b6 d3e4 h7h6 d2d3 c8b7 b1d2 e7d5,-62
4r1k1/1bp2ppp/1bq2P2/p1pp2B1/P7/N1P2P2/1P4PP/R4QK1 w - -,a1e1 g7f6 g5h4 g8g7 a3b5 b7a6 c3c4 a6b5 a4b5 e8e1,-103
r1b1r3/pp4k1/2pq1npb/3p1p1p/3P4/1B1RPN1P/PPPNQ1P1/1K5R w - -,h1e1 b7b5 a2a4 b5a4 b3a4 c8a6 f3e5 a6d3 c2d3 a8b8,-163
r1bqk2r/pp3ppp/n4b2/3Pp3/8/PNN2P2/1PP3PP/R2QKB1R w KQkq -,f1b5 c8d7 b5d7 d8d7 d1e2 a8c8 e1a1 e8h8 c3e4 f6d8,264
3r2k1/5ppp/2b5/p3q3/4P3/8/P3BPPP/3R3K w - -,d1f1 e5e4 e2f3 e4d3 f1e1 c6f3 h2h4 f3c6 f2f3 d3c4,-9605
6rR/2p3P1/1p3k2/p7/8/6P1/PPP5/6K1 w - -,h8g8 f6f7 g8h8 f7g7 h8h2 g7f6 g1g2 c7c5 g2f3 c5c4,802
3Q2rk/pb4pp/2q1pp2/2p3Q1/1p6/1B6/PP1R1PPP/6K1 w - -,g5g7 h8g7 d2d7 c6d7 d8d7 g7h6 d7b7 c5c4 b3c4 b4b3,1220
r1b1kb1r/1p3ppp/p1n1p3/2pq4/P2P1B2/4PN2/1P3PPP/R2QKB1R w KQkq -,f1e2 c5d4 e1h1 d4e3 f4e3 f8e7 f3d2 e6e5 d2c4 d5d1,-25
r7/pp2bpk1/2p3pp/4p2n/2P1P3/2N1BP1b/PPK1BP1P/3R4 w - -,a2a3 h3e6 e2f1 h5f4 a3a4 a7a5 e3b6 g6g5 c3e2 f4g6,-48
1rnr2k1/1p3ppp/p1pNp1b1/4P3/3P4/1P4P1/1P3PBP/2R2RK1 w - -,d6e4 g6e4 g2e4 d8d4 f1d1 d4d1 c1d1 c8b6 f2f4 g8f8,-162
2rr2k1/3nbppp/p2p1n2/1p2pP2/4P3/P1NqB3/1PPN2PP/3R1R1K w - -,f1e1 d3c2 d1b1 g8f8 e1d1 f8e8 e3g1 c8c7 d2f3 c7c3,-746
r7/1p2bpk1/2p3pp/p3p2n/2P1P3/P1N1BP1b/1PK1BP1P/3R4 w - -,e2d3 h5f4 d3f1 h3f1 d1f1 a8d8 f1b1 f4e6 b1d1 d8d1,-65
r1b1r3/pp4k1/3q1npb/2ppNp1p/3P4/1B1RP2P/PPPNQ1P1/1K5R w - -,h1g1 c5c4 d2c4 d5c4 b3c4 e8e7 d3b3 c8e6 g2g4 f5g4,-228
r3r1k1/1bqnbp1n/p2p2p1/1p2p1P1/3NPP2/P1N2B2/1PP2BK1/R2QR3 w - -,a3a4 e5f4 a4b5 a6b5 a1a8 b7a8 d4b5 c7d8 b5d6 e7d6,-190
6R1/2p2kP1/1p6/p7/8/6P1/PPP5/6K1 w - -,g8h8 f7g7 h8h2 g7f6 g1g2 f6g5 g2f3 g5f6 g3g4 f6g6,822
1r1q1rk1/ppb3pp/3p4/3Np3/3pPp2/P2P1PQP/1PP3P1/1R2R1K1 w - -,g3f2 c7b6 e1c1 h7h6 a3a4 d8d7 b1a1 f8c8 g1h2 c8c6,67
3k4/p1p2ppp/1pp5/4Pb2/5P2/2N5/PPP2KPP/8 w - -,,0
r1b2rk1/pp3ppp/1qp1pn2/6N1/2PP4/6P1/PP3PBP/R2QR1K1 w - -,b2b3 c8d7 g5f3 f8d8 c4c5 b6c7 f3e5 d7e8 e5c4 f6d5,81
rnbqkbnr/1p4pp/2pp4/p3pp2/2P5/2NP2P1/PP2PPBP/R1BQK1NR w KQkq -,g1f3 g8f6 e1h1 f8e7 d3d4 e5e4 f3h4 e8h8 f2f3 e4f3,29
r1br2k1/pp3ppp/1qp1pn2/6N1/2PP4/6P1/PP1Q1PBP/R3R1K1 w - -,a1d1 c8d7 c4c5 b6c7 g5f3 d7e8 f3e5 b7b5 h2h4 a7a5,79
3k4/p1p2ppp/1pp5/4P3/5P2/2N1K3/PPb3PP/8 w - -,g2g4 h7h5 h2h3 h5g4 h3g4 d8e7 f4f5 g7g6 e3f4 g6f5,-9
r1bq1rk1/p4ppp/p4b2/3Pp3/8/PNN2P2/1PP3PP/R2Q1RK1 w - -,b3c5 f6e7 c3e4 e7c5 e4c5 d8b6 b2b4 a6a5 c2c3 a5b4,178
r2qk2r/pbpp1ppp/1p2p1nn/4P3/2PP1P2/2PB4/P1Q1N1PP/R1B2RK1 w kq -,c1a3 d8h4 h2h3 g6e7 d4d5 h6f5 f1f2 g7g6 e2d4 e6d5,165
7r/1kprBQ2/p3p3/Pp1bP3/2pP1R2/2P3P1/7P/R5K1 w - -,g3g4 c7c5 d4c5 h8c8 f7f6 d5c6 f6e6 b7a7 g4g5 c8c7,991
3r3k/ppr3pp/5b2/2P5/8/P3PP2/4B2P/1R3K1R w - -,,0
r1b1r3/pp4k1/3q1npb/3pNp1p/B1pP4/3RP2P/PPPNQ1P1/1K5R w - -,d3c3 e8e7 c3a3 a8b8 c2c3 b7b5 a4c2 b5b4 c3b4 d6b4,-264
4rk2/p4p1p/2p1bQp1/3p2R1/P2B1P2/2P5/5KPP/1q6 w - -,g5e5 h7h5 e5e6 e8e6 f6d8 e6e8 d4c5 f8g7 d8e8 b1b2,373
r4rk1/2p2ppp/1pn2n2/2b1p3/p1b1P2N/2Pq1QPP/PP3PB1/R1B1RNK1 w - -,f1e3 c5e3 c1e3 d3d7 h4f5 f6e8 h3h4 f7f6 g2f1 c4f1,29
4r1k1/1bp2pPp/1b6/p2p2B1/q1p5/N1P2P2/1P4PP/R4Q1K w - -,a1d1 b6c5 h2h3 c5d6 d1e1 b7c8 f1f2 c8f5 g5h4 e8b8,-112
r1b1kbnr/pp3ppp/1qnpp3/1B6/3NPP2/8/PPP3PP/RNBQK2R w KQkq -,b1c3 a7a6 b5a4 g8f6 e1h1 f8e7 c1e3 b6c7 f4f5 e8h8,35
Q2r3r/1ppk3p/2b5/2b1P1p1/1q6/2N5/PPP2RPP/4R1K1 w - -,e1e4 c5f2 g1f1 c6e4 a8a4 b4a4 c3a4 h8f8 a4c3 e4c2,-1125
rnbqkbnr/pp4pp/2pp1p2/4p3/2P5/2NP2P1/PP2PP1P/R1BQKBNR w KQkq -,d3d4 f6f5 d4e5 d6e5 d1d8 e8d8 f1h3 b8a6 c1g5 f8e7,67
4rrk1/1pq4p/p2b1PpB/4pn2/3PQ3/2P5/PP5P/4RRK1 w - -,f1f5 g6f5 e4g2 g8f7 g2g5 f8g8 h6g7 g8g7 g5g7 f7e6,-318
8/2R5/1p3k2/p7/8/6P1/PPP5/6K1 w - -,g1f2 f6e5 f2f3 a5a4 c7c8 a4a3 b2a3 e5d5 f3f4 b6b5,825
r4rk1/1bqnbp2/p2ppn1p/1p4p1/3NPPP1/P1N2B2/1PP2B1P/R2QR1K1 w - -,h2h4 g5f4 d1d2 f6h7 g1g2 a8c8 e1g1 e7f6 g2h3 g8h8,-117
r7/1p2bpk1/1Bp1b1pp/p3p3/2P1Pn2/P1N2P2/1PK2P1P/3R1B2 w - -,a3a4 h6h5 c3e2 f4e2 f1e2 h5h4 b2b3 h4h3 b6e3 e7b4,-41
2bk4/1p1n1Q2/r6p/p1b5/5p2/P4K2/2P4P/3R4 w - -,f7g7 d8c7 g7c3 a6c6 c3a5 c7b8 f3f4 c5b6 a5b5 b6c7,-139
r1bqkbnr/pp4pp/n1pp1p2/4p3/2P5/2NP2P1/PP2PPBP/R1BQK1NR w KQkq -,a1b1 a6c7 e2e4 f6f5 b2b4 f5e4 b4b5 c6b5 c3e4 f8e7,70
r4rk1/2p2ppp/1pn1bn2/2b1p3/p3P2N/2PqNQPP/PP3PB1/R1B1R1K1 w - -,e1d1 d3a6 h4f5 a6c8 e3g4 f6e8 c1e3 a8a5 b2b4 a4b3,22
2q3k1/p2b1n1p/6pB/2pQnp2/2Pp4/3P2NP/P4PP1/5BK1 w - -,g3e4 f5e4 d5e4 d7f5 e4e1 f5d3 h6d2 d3f1 e1f1 c8f5,-472
r1b1r3/p5k1/3q1npb/1p1pNp1p/B1pP4/R3P2P/PPPNQ1P1/1K5R w - -,e5g6 g7g6 a4b5 e8e7 b5c4 d5c4 d2c4 d6d4 h1d1 d4e4,-354
r3k2r/pbpp1ppp/1p2p1nn/4P3/2PP1P1q/2PB2N1/P1Q3PP/R1B2RK1 w kq -,f4f5 h6g4 h2h3 h4g3 h3g4 g6h4 d3e4 e8a8 c1g5 d8e8,157
r1br2k1/pp3pp1/1qp1pn1p/6N1/2PP4/6P1/PP1Q1PBP/3RR1K1 w - -,g5f3 b6c7 f3e5 c6c5 d2e3 c5d4 d1d4 c8d7 b2b3 d7c6,100
8/1R6/1p3k2/8/p7/6P1/PPP5/6K1 w - -,b7b8 f6e5 g1f2 e5d6 f2f3 d6e5 f3e3 b6b5 b8e8 e5d5,836
r1b1kbnr/p4ppp/1qppp3/8/3NPP2/8/PPP3PP/RNBQK2R w KQkq -,b1c3 f8e7 d4b3 c6c5 e1h1 c8b7 b3d2 d6d5 f4f5 g8f6,-71
r1bqkbnr/pp4pp/2pp1p2/4p3/1nP5/2NPP1P1/PP3PBP/R1BQK1NR w KQkq -,g1e2 f6f5 a2a3 b4a6 b2b4 a6c7 b4b5 c8d7 e1h1 g8f6,98
1r2q1k1/p3n1rp/bpn5/2p1pp2/7N/2P2NP1/PP4BP/3R1RK1 w - -,f1e1 e8h5 d1d6 e5e4 g1h1 b8f8 b2b3 g8h8 b3b4 a6d3,-767
r4rk1/pp2qppp/1bp1bn2/4p3/2P5/2NBP3/PPQ2PPP/R1BR2K1 w - -,b2b3 a8d8 c1b2 g7g6 c3e4 f6e4 d3e4 b6c5 c2c3 f7f6,8
4rk2/1pq4p/p2b1Pp1/4pn2/3PQ3/2P5/PP5P/4RRK1 w - -,f1f2 c7d7 f2e2 e8e6 e2f2 d6b8 f2f3 e6f6 d4e5 f6e6,-232
3nQ3/1pr2p1k/2p3qp/8/2P3P1/P6P/1B4K1/8 w - -,f1f2 c7d7 f2e2 e8e6 e2f2 d6b8 f2f3 e6f6 d4e5 f6e6,Mate
1k6/p1p5/1p3p1p/3Qp1pK/1bP1P3/1P2B1Pq/P4P2/8 w - -,h5g6 h6h5 d5b5 b4a3 b5e8 b8b7 g6f6 h5h4 e3g5 h4g3,90
r1b2rk1/1ppp1ppp/2n1p3/6q1/N1PP4/PQ2P3/1P1K1PPP/R4B1R w - -,d2e1 d7d6 a4c3 e6e5 d4e5 c6a5 b3c2 c8f5 e3e4 f5e6,66
2bk1nQ1/1p3q2/r6p/p1b1p3/5P2/P4K2/2P4P/1R6 w - -,b1d1 d8e7 g8f7 e7f7 c2c3 e5f4 a3a4 a6c6 d1d2 c5e7,-859
8/8/1R6/4k3/p7/6P1/PPP5/6K1 w - -,g1g2 e5e4 g2f2 e4f5 f2f3 f5e5 b6b8 e5d5 f3f4 d5c6,880
8/3K4/8/8/8/3k4/1R3P1r/8 w - -,d7e6 d3c3 b2a2 c3b3 a2e2 b3c4 e6f5 c4d3 e2a2 h2h5,431
4r1k1/p4p1p/2p1bQp1/3p2R1/P2B1P2/2P5/6PP/1q4K1 w - -,g1f2 g8f8 g5e5 h7h5 e5e6 b1b2 f2g3 e8e6 f6d8 e6e8,414
r1b5/p3r1k1/3q1npb/1B1pNp1p/2pP4/R3P2P/PPPNQ1P1/1K5R w - -,b5a4 a8b8 b1a1 b8b2 e5c4 d5c4 d2c4 d6b4 a4b3 b2b3,-198
8/8/R7/4k3/8/p5P1/PPP5/6K1 w - -,a6a3 e5d5 g1f2 d5d4 a3a4 d4c5 f2e3 c5d5 e3f4 d5d6,1145
rn2k2r/p2bppbp/3p1np1/q1pP4/1p2P3/P3BP2/1PPQN1PP/1K1R1BNR w kq -,e4e5 d6e5 h2h4 b8a6 h4h5 f6h5 g2g4 h5f4 e2f4 e5f4,-64
8/1p2bk2/rBp1bppp/p3p3/N1P1Pn2/P4P2/1PK2P1P/3R1B2 w - -,b6c7 a6a8 c4c5 g6g5 a4b6 a8g8 b2b4 a5b4 a3b4 g5g4,-32
8/8/8/8/3k4/R5P1/PPP5/6K1 w - -,b6c7 a6a8 c4c5 g6g5 a4b6 a8g8 b2b4 a5b4 a3b4 g5g4,Mate
rnbq1rk1/ppppppbp/1n4p1/8/2PP4/4PNB1/PP3PPP/RN1QKB1R w KQ -,b1c3 d7d6 h2h3 c7c5 d4d5 c8d7 a1c1 f7f5 f1e2 a7a5,79
r3k2r/pbpp1ppp/1p4nn/4Pp2/2PP3q/2PB2N1/P1Q3PP/R1B2RK1 w kq -,c1h6 h4h6 g3f5 h6g5 f5g7 e8d8 g7f5 f7f6 d3e4 d8c8,389
r1bq1rk1/p4p1p/p4bp1/3Pp3/8/PNN2P2/1PP1Q1PP/R4RK1 w - -,g1h1 a8b8 a1d1 c8f5 c3a4 a6a5 b3c5 f6e7 c2c4 e7c5,206
3r4/p1p1k2p/1pp2pp1/3bP3/3R1P2/2N5/PPP2KPP/8 w - -,e5f6 e7f6 g2g4 a7a5 a2a3 h7h6 c3e4 f6e7 f2e3 d8e8,38
3n2k1/1pr2p2/2p3qp/8/2P3P1/P3Q2P/1B4K1/8 w - -,e5f6 e7f6 g2g4 a7a5 a2a3 h7h6 c3e4 f6e7 f2e3 d8e8,Mate
1rb5/p3r1k1/2Bq1npb/3pNp1p/2pP4/R3P2P/PPPNQ1P1/1K5R w - -,b1c1 b8b6 c6d5 d6d5 c1b1 b6a6 a3c3 c8b7 h1f1 d5a5,-330
4r1k1/1bp2ppp/1b2qP2/pQ1p2B1/P1p5/N1P2P2/1P4PP/R6K w - -,g5h4 b7c6 b5a6 g7g5 h4g3 e6f6 a3b5 e8a8 b5a7 b6a7,-485
8/8/8/8/4k3/2R3P1/PPP5/6K1 w - -,g5h4 b7c6 b5a6 g7g5 h4g3 e6f6 a3b5 e8a8 b5a7 b6a7,Mate
2k5/8/b7/P7/1K5P/8/8/8 w - -,,0
8/5k2/8/4K2r/3Q4/8/8/8 w - -,e5d6 h5h6 d6d7 f7g6 d4g4 g6f6 g4f4 f6g6 d7e7 g6h5,20000
r4rk1/2p2ppp/qpn1bn2/2b1p3/p3P2N/2P1NQPP/PP3PB1/R1BR2K1 w - -,h4f5 a6c8 e3g4 f6e8 c1e3 a8a5 b2b4 a4b3 a2b3 a5a1,32
r1br2k1/ppq2pp1/2p1pn1p/2P3N1/3P4/6P1/PP1Q1PBP/3RR1K1 w - -,g5f3 b7b6 f3e5 c8b7 b2b4 f6d5 g2f3 b6c5 b4c5 b7a6,96
2bq1rk1/r3bppp/p7/8/Pp6/3p1Q2/1PPP1PPP/RNB2RK1 w - -,f3d3 d8d3 c2d3 c8f5 d3d4 f5d3 f1e1 a7c7 b1c3 b4c3,-256
8/8/8/8/P2k4/2R3P1/1PP5/6K1 w - -,f3d3 d8d3 c2d3 c8f5 d3d4 f5d3 f1e1 a7c7 b1c3 b4c3,Mate
3K4/8/2P2kp1/8/7p/8/p1N3Pb/8 w - -,d8c8 h2e5 c8b7 f6f5 c6c7 e5c7 b7c7 f5f4 c7d6 f4g3,-898
2kr1bnr/pbpq1pp1/1p1p1n1p/1P2p3/2PP4/P3PN2/1BQ1BPPP/RN3RK1 w - -,a3a4 g8e7 b1c3 h6h5 d4e5 d6e5 c4c5 b6c5 a1d1 d7e8,311
rnbq1rk1/ppp1ppb1/3p2pp/8/2PPP1n1/2N1B1N1/PP3PPP/R2QKB1R w KQ -,d1c1 g4e3 c1e3 e7e5 d4d5 h6h5 f1d3 g8h7 g3f1 g7h6,-87
q6k/p1p3pp/4Q3/2K1Pn2/2P5/3P4/PP3r1P/R3R3 w - -,e6d7 a8b8 c5c6 b8b6 c6d5 b6b7 d5c5 h7h6 d7e8 h8h7,-215
4r1k1/2p2ppp/1bb1qP2/pQ1p2B1/P1p4P/N1P2P2/1P4P1/R6K w - -,b5a6 h7h6 g5f4 e6f6 f4g3 e8a8 a6a8 c6a8 a1e1 a8c6,-554
rnb1kb1r/1pq3pp/2pp1n2/p1P1pp2/8/2NP1NP1/PP2PPBP/R1BQK2R w KQkq -,c5d6 f8d6 e1h1 e8h8 d3d4 e5e4 f3h4 c8e6 f2f3 b8d7,15
r1br2k1/p1q2pp1/1pp1pn1p/2P5/3P4/5NP1/PP1Q1PBP/3RR1K1 w - -,f3e5 f6d5 d1c1 c8d7 e5c4 d7e8 c4d6 d8d6 c5d6 c7d6,85
2b5/p3r1k1/1rBq1npb/3pNp1p/2pP4/R3P2P/PPPNQ1P1/K6R w - -,d2f3 b6c6 e5c6 d6c6 f3e5 c6d6 h1b1 h6g5 e2e1 f6e4,-325
r7/5k2/2p1bppp/ppB1p3/2P1Pn2/P4P2/1PK2P1P/3R1B2 w - -,c4b5 c6b5 f1b5 a8b8 b5a4 f4e2 d1d6 b8c8 b2b4 a5b4,102
1r3k2/1p1Rnppp/p1p1p1b1/4P3/2N5/1P4P1/1P3PBP/6K1 w - -,c4a5 b7b6 a5c6 e7c6 g2c6 a6a5 f2f4 f7f6 d7d6 f6e5,9
rn1qkbnr/1ppb1ppp/p2p4/4p3/1P6/4P3/PBPPBPPP/RN1QK1NR w KQkq -,c2c4 g8f6 b1c3 c7c5 b4c5 d6c5 g1f3 b8c6 d2d3 f8d6,39
r1bq1rk1/pppn1ppp/3bpn2/3p4/3P4/1PP1PN2/P2N1PPP/R1BQKB1R w KQ -,c1b2 d8e7 c3c4 b7b6 f1e2 c8b7 e1h1 a8c8 a1c1 f6e4,-5
r2r2k1/pbq2pp1/1pp1pn1p/2P1N3/3P4/6P1/PP1Q1PBP/3RR1K1 w - -,b2b4 f6d5 a2a3 b6c5 b4c5 b7a6 d2c2 a8b8 h2h4 b8b7,102
rnbq1rk1/ppp1ppbp/1n4p1/3p4/P1PP4/4PNB1/1P3PPP/RN1QKB1R w KQ -,c4c5 b6d7 b1c3 c7c6 a4a5 e7e5 f1e2 e5d4 e3d4 d7f6,65
r3nrk1/2p2ppp/qpn1b3/2b1pN2/p3P2N/2P2QPP/PP3PB1/R1BR2K1 w - -,,0
2rqr1nk/1n2b1pp/p2pPp2/1ppN1PB1/5N1P/6Q1/PPP3P1/2KR3R w - -,g3g4 c5c4 g4h5 h7h6 g5h6 g8h6 g2g4 c8c5 g4g5 c5d5,578
4r1k1/2p2pp1/Qbb1qP1p/p2p2B1/P1p4P/N1P2P2/1P4P1/R6K w - -,a3c2 h6g5 a1e1 e6f6 e1e8 c6e8 a6c8 g8f8 c2d4 g5h4,-574
r1bqkb1r/ppp2p1p/2n2np1/1B2p3/4p3/3P2Q1/PPP2PPP/RNB1K1NR w KQkq -,g3e5 f8e7 d3e4 e8h8 b5c6 b7c6 b1c3 f8e8 g1e2 c8a6,-45
8/P7/8/8/4k3/2R3P1/1PP5/6K1 w - -,g3e5 f8e7 d3e4 e8h8 b5c6 b7c6 b1c3 f8e8 g1e2 c8a6,Mate
rn3rk1/p2bppbp/3p1np1/q1pP4/1p2P3/P3BP2/1PPQ2PP/1KNR1BNR w - -,a3b4 a5b4 d2b4 c5b4 g1e2 a7a5 g2g4 b8a6 e2g3 a5a4,-31
2kr1bnr/pbpq1pp1/1p1p3p/1P2P3/2P3n1/P3PN2/1BQ1BPPP/RN3RK1 w - -,f1d1 h6h5 c4c5 b6c5 b1d2 g8h6 d2c4 d7e6 c2a4 d6d5,378
8/8/8/8/6p1/2Nk1pKp/8/8 w - -,c3a4 d3e2 a4c3 e2f1 c3e4 f1g1 e4g5 f3f2 g3g4 g1g2,-1255
1q5k/p1pQ2pp/8/2K1Pn2/2P5/3P4/PP3r1P/R3R3 w - -,c5c6 b8b6 c6d5 b6b7 d5c5 h7h6 d7e8 h8h7 e1g1 b7b6,-255
r1bq1rk1/pppn1ppp/3b1n2/3pp3/3P4/1PP1PN2/P2NBPPP/R1BQK2R w KQ -,d4e5 d7e5 e1h1 f6e4 d2e4 d5e4 f3e5 d6e5 c1a3 f8e8,-26
1r4k1/p3n1rp/bpn5/2p1pp1q/7N/2P2NP1/PP4BP/3RR1K1 w - -,d1a1 e5e4 f3d2 c6e5 b2b4 b8f8 b4c5 g8h8 c5b6 a7b6,-788
Q7/8/8/8/3k4/2R3P1/1PP5/6K1 w - -,d1a1 e5e4 f3d2 c6e5 b2b4 b8f8 b4c5 g8h8 c5b6 a7b6,Mate
2r1r1nk/1n2b1pp/p2pPp2/qppN1PBP/5N2/6Q1/PPP3P1/2KR3R w - -,d1a1 e5e4 f3d2 c6e5 b2b4 b8f8 b4c5 g8h8 c5b6 a7b6,Mate
r1r3k1/1R3ppp/p3p3/8/2P1nB2/5N2/Pb3PPP/2R3K1 w - -,b7b2 e4c5 f3e1 f7f6 f4e3 c8c6 e3c5 c6c5 e1d3 c5c6,490
8/1kprBQ2/p3p3/Pp1bP3/2pP1RPr/2P5/7P/R5K1 w - -,f7e8 d5c6 e7h4 d7d4 e8f7 c6e8 f7f8 d4f4 f8f4 e8g6,1285
r1bq1rk1/p4pbp/p5p1/3Pp3/4N3/PN3P2/1PP1Q1PP/R4RK1 w - -,a1d1 d8b6 g1h1 f8d8 d5d6 c8b7 d6d7 g7f8 e2c4 a8b8,165
4r1k1/2p2pp1/Qbb2P1p/p2p1qB1/P1p4P/2P2P2/1PN3P1/R6K w - -,c2d4 f5d7 d4c6 d7c6 g5f4 c6f6 f4g3 f6c6 a1e1 c6a4,-317
r1br2k1/ppq2pp1/2p1p2p/2Pn4/3P4/5NP1/PP1Q1PBP/3RR1K1 w - -,f3e5 b7b6 d2c2 c8a6 g2f3 b6c5 c2c5 a8b8 d1c1 d5e7,89
1k2qb2/p1p5/1p3p1K/3Qp1p1/2P1P3/1P2B1PP/P4P2/8 w - -,h6h7 c7c6 d5d8 e8d8 h7g6 f8e7 g6f7 d8f8 f7e6 f8e8,-976
5k2/1p1q3p/p2brPp1/4pn2/3PQ3/2P5/PP2R2P/4R1K1 w - -,g1g2 d6b8 b2b4 e6f6 d4e5 f6e6 e4f3 f8g7 g2h1 b7b5,-232
5k2/pp1Q1ppp/nbp1p3/8/8/4q1P1/PP2P1BP/3R3K w - -,d7b7 a6c5 b7c6 g7g6 b2b4 e3e2 c6d6 f8g7 b4c5 b6c5,482
3r1r2/pp1n1pkp/2bpp1p1/2qN4/4PP2/1B1Q3P/PPP3P1/3R1R1K w - -,c2c4 e6d5 e4d5 d7f6 d5c6 b7c6 d3d4 f8e8 d4c5 d6c5,-18
5k2/R7/6K1/6P1/8/6r1/8/8 w - -,a7a8 f8e7 a8g8 g3h3 g6g7 h3g3 g5g6 g3g4 g8h8 e7e6,643
2rq1rk1/p2n1ppp/bp2pn2/2bp4/2P2B2/1PN2NP1/P1Q1PPBP/R2R2K1 w - -,a1c1 h7h6 g2h3 d8e7 c4d5 c5f2 g1f2 c8c3 d5d6 e7d8,-59
1k2qb2/p6K/1pp2p2/3Qp1p1/2P1P3/1P2B1PP/P4P2/8 w - -,e3c5 b6c5 d5d8 e8d8 h7g6 f8e7 g6h5 d8g8 h5g4 g8c8,Mate
r4rk1/1bq1bp2/p2ppn2/1p2n1p1/3NP1P1/P1N1BB2/1PP4P/R2QR1K1 w - -,h2h3 d6d5 e4d5 e5f3 d1f3 f6d5 c3d5 b7d5 f3f2 a8d8,-143
1r1qr1k1/2p2pbn/p1p1b1p1/2Pp2Pp/4P3/1PN1B2P/P1Q2PB1/3R1RK1 w - -,c2d2 d8c8 g1h2 d5e4 c3e4 e6d5 f2f3 d5e4 f3e4 h7f8,-51
3q1rk1/1br1bppp/p7/8/Pp1p4/3P1Q2/1PP2PPP/RNB2RK1 w - -,f3d1 d8d5 f2f3 e7d6 b1d2 d5h5 g2g3 c7c6 f1f2 d6b8,-189
8/3k4/4b3/2Q5/8/K7/8/8 w - -,f3d1 d8d5 f2f3 e7d6 b1d2 d5h5 g2g3 c7c6 f1f2 d6b8,Mate
rn1qkb1r/1ppb1ppp/p2p1n2/4p3/1PP5/4P3/PB1PBPPP/RN1QK1NR w KQkq -,d2d3 f8e7 g1f3 a6a5 b4b5 e8h8 e1h1 d7f5 a2a4 b8d7,42
4r1k1/2p2pp1/Q1b2P1p/p2p1qB1/P1pb3P/2P2P2/1P4P1/R6K w - -,a6c6 e8e2 a1d1 d4f6 g5f6 f5g6 d1g1 g6f6 c6f6 g7f6,-178
Q7/8/8/4k3/1P6/2R3P1/2P5/6K1 w - -,a6c6 e8e2 a1d1 d4f6 g5f6 f5g6 d1g1 g6f6 c6f6 g7f6,Mate
r1b2rk1/p4pbp/pq4p1/3Pp3/4N3/PN3P2/1PP1Q1PP/3R1RK1 w - -,g1h1 c8f5 d5d6 f8d8 b3c5 f5e4 c5e4 b6b2 e2d3 a8c8,183
3r3k/ppr1b1pp/8/2P5/5P2/P3P3/4B2P/1R3K1R w - -,f1g2 e7c5 h1d1 d8f8 b1b3 c7e7 d1d3 f8e8 g2f2 e7e4,2
2k5/8/8/P6P/1K6/8/4b3/8 w - -,,0
2q3k1/p4n1p/4b1p1/2pQnp2/2Pp1B2/3P2NP/P4PP1/5BK1 w - -,d5d6 f7d6 f4e5 c8d8 g3e2 d6f7 e5h2 g6g5 h3h4 f5f4,-542
r4r1k/1bq1bp2/p2ppn2/1p2n1B1/3NP1P1/P1N2B2/1PP4P/R2QR1K1 w - -,g5d2 f6h7 g1h1 f8g8 d1e2 g8g7 e1g1 a8g8 a1f1 e7f6,-129
4k3/pp3ppp/nbpQp3/8/8/4q1P1/PP2P1BP/3R3K w - -,d6d7 e8f8 d7b7 a6c5 b7c6 g7g6 b2b4 e3e2 c6d6 f8g7,480
3r4/p1p1k2p/1p4p1/2pb4/3RNPP1/8/PPP2K1P/8 w - -,d4d2 d5e4 d2e2 d8d4 c2c3 d4c4 e2e3 c4a4 e3e2 e7f7,-187
4Q3/1kprB2r/p3p3/Pp1bP3/2pP1RP1/2P5/7P/R5K1 w - -,d4d2 d5e4 d2e2 d8d4 c2c3 d4c4 e2e3 c4a4 e3e2 e7f7,Mate
r1b2rk1/p5bp/pq4p1/3Ppp2/4N3/PN3P2/1PP2QPP/3R1RK1 w - -,e4c5 f8d8 c5a4 b6c7 b3c5 g7f8 c2c4 a6a5 f1e1 f8d6,167
r4b2/pp3pk1/2p3pp/4p2n/2P1P3/2N1BP1b/PPK1BP1P/7R w - -,h1e1 h3e6 e2f1 h5f4 a2a4 a7a5 e1d1 g6g5 e3b6 f8b4,-46
2k5/8/7P/P7/1K6/3b4/8/8 w - -,,0
8/3k1b2/8/2Q5/1K6/8/8/8 w - -,b4c5 c8b7 c5d4 d3c2 a5a6 b7a6 d4e3 c2h7 e3f4 a6a7,Mate
8/5p2/7k/R7/4P3/1r6/5PK1/8 w - -,f2f3 f7f6 g2g3 h6g6 a5a7 b3b4 a7a6 g6g7 g3g4 g7f7,10
Brb5/p3r1k1/3q1npb/3pNp1p/2pP4/R3P2P/PPPNQ1P1/K6R w - -,e5c4 d5c4 d2c4 d6e6 a8f3 c8a6 d4d5 e6c8 a3a6 c8a6,-349
8/5b2/4k3/2Q5/8/2K5/8/8 w - -,e5c4 d5c4 d2c4 d6e6 a8f3 c8a6 d4d5 e6c8 a3a6 c8a6,Mate
r2q1rk1/ppp2ppp/1b2bn2/4p3/2P5/3BP3/PP3PPP/RNBQ1RK1 w - -,b2b3 e5e4 d3e2 b6c5 c1a3 c5a3 b1a3 c7c6 a3c2 d8a5,-5
r1b2rk1/1pp2ppp/2n1p3/3p2q1/N1PP4/PQ2P3/1P3PPP/R3KB1R w - -,h2h4 c6a5 b3d1 g5e7 c4d5 e6d5 a4c3 c7c6 f1d3 a5c4,62
8/5p2/6k1/R7/4P3/1r3P2/6K1/8 w - -,g2g3 f7f6 g3g4 b3b1 a5a6 b1g1 g4h4 g1e1 h4g3 e1e3,9
rn1qkbnr/pp1bpppp/8/2pp4/8/1P3PP1/PBPPP2P/RN1QKBNR w KQkq -,f3f4 d5d4 g1f3 b8c6 f1g2 g7g6 b1a3 g8h6 e1h1 f8g7,-22
3r3k/ppr3pp/8/2b5/5P2/P3P3/4BK1P/1R5R w - -,b1b3 d8f8 f2f3 g7g5 h1d1 c7e7 e2b5 g5g4 f3g4 c5e3,-3
8/8/5pk1/R7/4P3/1r3PK1/8/8 w - -,a5a6 g6f7 a6a7 f7g6 a7a5 g6f7 g3g4 f7g6 a5a6 b3b4,8
4r3/2r2k2/b1pb1ppp/5R2/PP1Pp2N/2P1B2P/6P1/R5K1 w - -,f5c5 d6c5 d4c5 c7d7 e3d4 e4e3 g2g4 e8e4 h4g2 e3e2,-198
5k2/8/6K1/R5P1/8/6r1/8/8 w - -,a5a8 f8e7 a8g8 e7e6 g8e8 e6d5 g6f6 g3f3 f6g7 d5c4,749
r1bqkb1r/pp3p1p/2n1p1p1/3pPn2/2pP4/2P2N2/PPB2PPP/RNBQ1RK1 w kq -,c1g5 f8e7 g5e7 d8e7 b2b3 b7b5 c2f5 g6f5 b1d2 c8a6,107
8/8/R4p2/6k1/4P3/1r3PK1/8/8 w - -,g3f2 b3b2 f2g3 b2b3 a6d6 b3a3 g3f2 g5g6 f2e2 a3a2,11
8/8/8/8/8/2N2K2/8/5k1b w - -,,0
8/1k6/7P/P1K5/8/3b4/8/8 w - -,,0
8/2K5/6p1/6k1/7p/8/p1N3P1/8 w - -,c7b6 g5g4 b6b5 g4g3 b5b4 g3g2 b4a3 h4h3 a3a2 g2f2,-1041
4r3/2r2k2/2pb1ppp/R7/PP1Pp2N/2PbB2P/6P1/R5K1 w - -,a1d1 f6f5 h4f3 f5f4 e3f2 d3e2 f3e5 d6e5 d1e1 e2c4,-62
2rq1rk1/1b1npp2/p2p2p1/1p5p/3bP3/2N2P2/PPPQN1PP/R4RK1 w - -,d2e3 d4e3 g1h1 d8b6 a2a3 d7f6 f1d1 g8h8 d1d3 b6a7,-1088
r7/1p2bpk1/2p1b1pp/p3p2n/2P1P3/P1N1BP2/1PK2P1P/3R1B2 w - -,c2b3 b7b5 b3c2 b5b4 c3a4 b4a3 a4c5 e7c5 e3c5 a3b2,-46
2r1r1nk/1n2b1p1/p2pPpp1/qppN1PBP/8/6Q1/PPP3P1/2KR3R w - -,c2b3 b7b5 b3c2 b5b4 c3a4 b4a3 a4c5 e7c5 e3c5 a3b2,Mate
8/8/8/8/8/2N1Kb2/8/5k2 w - -,e3f3 f1e1 f3e3 e1f1 c3e4 f1g2 e3e2 g2h2 e2f3 h2h3,14
3r4/p1p1k2p/1pb3p1/2p5/R3NPP1/8/PPP2K1P/8 w - -,a4c4 c6d5 c4a4 b6b5 a4a3 d5e4 a3e3 d8d2 f2f1 e7d7,-273
2kr3r/pbpp1ppp/1p6/4PBq1/2PP1n2/2P3N1/P1Q2RPP/4R1K1 w - -,f5e4 f4e6 c4c5 h8f8 c2a4 c8b8 e4b7 b8b7 g3e4 g5e7,287
r4rk1/2p1nppp/qp3n2/4pP2/p7/2P1BQPP/PP3PB1/R2R2K1 w - -,g2f1 a6c8 g3g4 h7h6 c3c4 f8e8 d1d2 c7c5 f1g2 e5e4,94
8/8/3K2p1/8/5k1p/8/p1N3P1/8 w - -,d6d7 f4g3 d7e7 g3g2 e7f6 g2f2 f6e5 h4h3 e5d4 h3h2,-1256
2rr2k1/6pp/p1q2p2/1pn1pP2/4N1Q1/P1P5/1P4PP/3R1R1K w - -,d1d8 c8d8 e4c5 c6c5 h2h3 c5c4 g4c4 b5c4 f1e1 g7g6,-46
2kr2nr/pbpq1pp1/1p1b3p/1P6/2P3n1/P3PN2/1BQ1BPPP/RN3RK1 w - -,h2h3 h6h5 b2g7 g8f6 g7h8 d8h8 e2d3 d7e7 b1d2 g4e5,235
4rk2/p4p1p/2p1b3/3p1p2/P2B1P2/2P5/4RKPP/8 w - -,a4a5 e8b8 d4a7 b8b5 a7b6 d5d4 c3d4 f8g7 b6c7 b5b4,64
1q2r1k1/p1rp1ppp/Bp2pn2/1QP5/1P6/P5P1/4PP1P/2RR2K1 w - -,a3a4 g7g6 h2h4 b6c5 b4c5 f6d5 c1c4 f7f5 d1b1 b8b5,47
2rq1rk1/p2n1ppp/bp2p3/2bn4/5B2/1PN2NP1/P1Q1PPBP/R2R2K1 w - -,a1c1 d5c3 c2c3 a6e2 d1d7 d8d7 f3e5 d7e8 c3e1 e2b5,-275
rn1qkbnr/pp1bpppp/8/2p5/3p4/1P3PP1/PBPPP1BP/RN1QK1NR w KQkq -,e2e3 b8c6 f3f4 g7g6 a2a4 g8h6 g1f3 f8g7 e1h1 e8h8,-34
3r1k2/1pr2ppp/p1p1p3/4P2b/3P4/1P3PP1/1P3KBP/2RR4 w - -,g3g4 h5g6 f3f4 h7h5 h2h3 f7f6 f2e3 c7d7 b3b4 f6e5,9
6k1/1pr5/2p1n1qp/4Qp2/2P3P1/P2R3P/1B4K1/8 w - -,d3f3 f5f4 e5h8 g8f7 b2e5 c7c8 h8c8 g6c2 f3f2 c2e4,142
2kr2nr/pbpq1pp1/1p1b1n1p/1P6/2P5/P3PN1P/1BQ1BPP1/RN3RK1 w - -,b1d2 g8e7 f3d4 h8g8 a1d1 c8b8 e2f3 b7f3 d2f3 d7e8,264
8/1k6/6bP/P7/3K4/8/8/8 w - -,,0
r2qkbnr/ppp2ppp/2n1p3/5b2/2Q5/5NP1/PP1PPP1P/RNB1KB1R w KQkq -,d2d3 d8d7 f1g2 h7h6 a2a3 a7a6 b2b4 e6e5 b1d2 f5h3,57
3r4/p1p1k2p/6p1/1ppb4/R3NPP1/8/PPP2K1P/8 w - -,a4a3 d5e4 a3e3 d8d2 f2f1 e7d7 e3e4 d2c2 f4f5 g6f5,-292
2kr3r/pbpp1p1p/1p4p1/4PBq1/2PP1n2/2P3N1/P2Q1RPP/4R1K1 w - -,d2f4 g5f4 f2f4 g6f5 g3f5 h7h5 d4d5 d8f8 h2h4 c8d8,298
2r1r2k/1n2b1p1/p2pPpPn/qppN1PB1/8/6Q1/PPP3P1/2KR3R w - -,f5c2 f4e6 d2g5 e6g5 h2h4 g5e6 f2f7 b7a6 c2b3 d8f8,Mate
2rr2k1/6pp/p1q2p2/1pn1pP2/6Q1/P1P1B3/1P4PP/3R1R1K w - -,d1d8 c8d8 e3c5 c6c5 h2h3 c5c4 g4c4 b5c4 f1e1 g7g6,-47
2kr2nr/pbpq1p2/1p1b1n1p/1P4p1/2P5/P3PN1P/1BQ1BPP1/RN1R2K1 w - -,c4c5 b6c5 f3e5 d7e6 e2c4 e6e8 c2f5 c8b8 e5c6 b8a8,444
r7/5pkp/2p1b3/2Bp1p2/P4P2/2P5/4RKPP/8 w - -,e2a2 f7f6 a2a1 g7f7 a4a5 e6c8 f2e3 c8a6 e3d4 a8b8,112
3r1k2/1p1r1ppp/p1p1p1b1/4P3/3P1PP1/1P6/1P3KBP/2RR4 w - -,d4d5 c6d5 g2f3 f7f6 d1e1 d7e7 h2h4 h7h6 c1c5 g6e8,-89
8/8/3R1pk1/8/4P3/1r3PK1/8/8 w - -,d6c6 g6f7 c6c7 f7g6 c7a7 g6h6 g3f4 h6g6 a7a5 g6g7,7
r1bqk2r/pp2pp1p/1np3p1/3Pb3/4P3/2N4P/PPQ2PP1/R1B1KB1R w KQkq -,d5c6 e8h8 c1h6 e5g7 h6g7 g8g7 c6b7 c8b7 f1e2 d8c7,95
1r3rk1/p2bppbp/n2p2p1/q1pP3P/4P1P1/p3B3/1PPQ4/1KNR1BNR w - -,c1b3 a5a4 g1e2 b8b3 c2b3 a4e4 d2d3 e4h1 d3a6 a3b2,-387
rn1qkbnr/pp2pppp/2b5/2p5/3p1P2/1P4P1/PBPPP1BP/RN1QK1NR w KQkq -,g2c6 b8c6 g1f3 g8f6 b1a3 g7g6 e2e3 f8g7 a3c4 e8h8,-24
2rq1rk1/1b2pp2/p2p2p1/1p2n2p/3NP3/2N2P2/PPPQ2PP/R4RK1 w - -,d2h6 b5b4 c3e2 d8b6 g1h1 d6d5 e4d5 b7d5 a1d1 b6f6,-42
2r3k1/3r2pp/p1q2p1B/1pn1pP2/6Q1/P1P5/1P4PP/3R1R1K w - -,c3c4 c8d8 d1d7 d8d7 c4b5 a6b5 f1c1 c6e4 h2h3 e4g4,-42
8/4kp2/2B2n2/p6p/Pp2Pb2/1P5P/3R2K1/8 w - -,d2f2 f4c7 f2f5 f6h7 c6d5 h7f6 g2f3 h5h4 f3e2 c7d8,482
8/8/8/8/5K2/6Q1/8/2k5 w - -,d2d3 f4e5 d3d1 h5h4 g2f3 e5c7 d1d4 c7b6 d4c4 e7d6,Mate
r4rk1/pp1bn1p1/1qn1p2p/3pP3/1b6/N1BB1N2/PP3PPP/1R1Q1RK1 w - -,d1e2 d7e8 f3h4 b4c5 a3c2 a7a5 a2a3 a5a4 g2g3 a8c8,-42
8/8/4K3/8/8/2k5/1R3P1r/8 w - -,b2a2 h2h4 e6e5 h4h5 e5e4 h5h2 e4e3 h2h1 f2f4 h1e1,474
r4rk1/p2b2bp/pq4p1/3Ppp2/8/PN3P2/1PPN1QPP/3R1RK1 w - -,b3c5 a8d8 b2b4 e5e4 d2c4 b6b8 c4a5 g7e5 f3f4 e5c7,242
7Q/1pr2k2/2p1n1qp/5p2/2P3P1/P2R3P/1B4K1/8 w - -,d3f3 f5f4 b2e5 c7c8 h8c8 g6c2 f3f2 c2e4 g2h2 e4e5,164
8/8/k5bP/P7/2K5/8/8/8 w - -,,0
r7/1p2bk2/1Bp1bppp/p3p3/2P1Pn2/P1N2P2/1PK2P1P/3R1B2 w - -,c3e2 a5a4 c2c1 f4h3 f1h3 e6h3 c1d2 h3e6 c4c5 f6f5,-78
1r4k1/p3n1rp/bpnR4/2p2p1q/4p2N/2P2NP1/PP4BP/4R1K1 w - -,f3d2 g8h8 d6e6 b8f8 a2a4 h5f7 e6d6 c6e5 c3c4 a6c4,-807
8/8/R4pk1/8/4P3/1r3PK1/8/8 w - -,a6d6 g6f7 d6d7 f7g6 d7a7 b3b2 a7a5 b2b3 g3g4 b3e3,7
r2q1rk1/pp3ppp/1bp1bn2/4p3/2P5/2NBP3/PP3PPP/R1BQ1RK1 w - -,,0
2r2rk1/2pQ1ppp/1p6/q3pP2/p5P1/2P1B2P/PP3PB1/R5K1 w - -,g2d5 a5a6 f5f6 b6b5 f6g7 g8g7 d5e4 f8e8 g1h2 c8d8,480
r1b1kb1r/pp3p1p/2n1p3/3pn1N1/2p5/2P5/PPBP1PPP/RNB1R1K1 w kq -,b2b4 a7a6 f2f4 e5d3 c2d3 c4d3 b1a3 b7b5 c1b2 f8d6,-148
6k1/5pp1/5r2/3B3Q/P3P2P/1P3P2/5qPK/8 w - -,h2h3 f2c2 h5g5 g8h8 h4h5 c2d1 h3g3 d1e1 g3h2 e1a5,324
8/4k3/8/1b1p1pNp/3P1P1P/4PKP1/2q5/3RR3 w - -,g5h3 b5e2 e1e2 c2d1 h3f2 d1b1 e2d2 e7d6 d2d1 b1b2,8
8/8/3R1pk1/8/4P3/r4PK1/8/8 w - -,d6d7 a3a4 d7d6 a4a3 g3g4 a3a4 d6d5 a4a3 g4f4 g6f7,7
r4k2/B4p1p/2p1b3/3p1p2/P4P2/2P5/4RKPP/8 w - -,e2e1 a8a7 e1a1 f8e7 f2g3 c6c5 g3h4 e7d6 h4g5 d5d4,-457
8/2Rrk2p/6p1/1pp5/4bPP1/8/PPP2K1P/8 w - -,c7c5 d7d5 c5c7 e7d6 c7h7 e4c2 h7h8 d6c7 h8e8 d5d4,-73
3r1r2/1p3pkp/2bppnp1/p1q5/4PP2/PBNQ3P/1PP3P1/3R1R1K w - -,b3a4 d6d5 a4c6 c5c6 d3d4 d5e4 d4e5 e4e3 e5e3 b7b5,-32
rn1qk2r/1b2bppp/p4n2/1p1p4/2pP4/1PP2N2/P2NBPPP/R1BQ1RK1 w kq -,a2a4 b8c6 c1a3 e7a3 a1a3 e8h8 a3a1 d8c7 f1e1 f8b8,-9
1r4k1/1q3pb1/2p1r1p1/4p1Pp/1pP1P3/pP1R1Q1P/P1B2P2/2K4R w - -,h1d1 b7e7 f3e3 g7f8 d3d2 b8a8 h3h4 e7c5 d2d7 c5e3,-63
8/8/4K3/8/8/1k6/R4P1r/8 w - -,a2e2 h2h8 e2e4 h8e8 e6d5 e8d8 d5e5 b3c2 f2f4 d8e8,474
r1bqk2r/ppp2p1p/1n2p1pB/3Pb3/4P3/2N4P/PP3PP1/R2QKB1R w KQkq -,d1d2 h8g8 h6g5 e5c3 f1b5 c8d7 b5d7 e8d7 b2c3 f7f6,79
5rk1/p2bppbp/3p2p1/Q1pP3P/1n2P1P1/p3B3/1rP5/K1NR1BNR w - -,a5b4 b2b4 a1a2 b4b2 a2a3 b2b4 c2c3 g7c3 c1d3 b4e4,Mate
8/3R4/5pk1/8/r3P3/5PK1/8/8 w - -,d7d6 a4a3 g3g4 a3e3 g4f4 e3a3 d6b6 g6f7 f4g3 f7g7,7
8/1k6/6bP/P7/1K6/8/8/8 w - -,,0
8/4k3/8/1b1p1pNp/3P1P1P/4PKP1/7q/3RR3 w - -,e3e4 f5e4 g5e4 d5e4 e1e4 e7f6 d4d5 h2a2 e4e6 f6f7,-217
1r2rnk1/2pq1p2/p1p3p1/2Pp2Pp/3RP2P/1PN2P2/P1Q3K1/5R2 w - -,d4d2 f8e6 f1d1 a6a5 c3e2 d7c8 e4d5 c6d5 d2d5 b8b4,-41
rn1q1rk1/pb1pbppp/1p2pn2/2p5/3P1B2/2NBPN2/PPP1QPPP/R3K2R w KQ -,e3e4 c5d4 f3d4 d7d6 f4g3 a7a6 a2a4 b8d7 e1h1 d7c5,-21
8/3k3p/6p1/1pp5/4bPP1/8/PPP2K1P/8 w - -,f2e1 e4c2 e1d2 c2b1 a2a3 d7d6 b2b3 b1e4 a3a4 b5b4,-440
3r1r2/p4pkp/2bppnp1/1pq5/4PP2/PBNQ3P/1PP3P1/3R1R1K w - -,f4f5 a7a5 f5e6 f7e6 f1e1 b5b4 a3b4 a5b4 c3a2 f6h5,-30
r1bqkb1r/pp1p1ppp/2n2n2/4p3/4P3/B1N2N2/2PP1PPP/R2QKB1R w KQkq -,a3f8 e8f8 f1c4 g7g6 e1h1 f8g7 f3g5 d8e7 g5f7 d7d5,-2
rnb3k1/6p1/P3pr1p/q2p4/1bp5/2N1PN2/PP2BPPP/R2QK2R w KQ -,a1c1 b4c3 c1c3 a5a2 d1c1 a8a6 b2b3 a6b6 f3d2 c8a6,47
r1b1kb1r/pp3p1p/2n1p3/3pn1N1/8/2Pp4/PPB2PPP/RNB1R1K1 w kq -,c2d1 h7h5 f2f4 f8c5 c1e3 c5e3 e1e3 e5c4 e3e1 c4b2,-151
r1q1k2r/1ppbbppp/p1np1n2/4p3/1PP5/P1N1P3/1BQPBPPP/R3K1NR w KQkq -,e2d3 c6d8 g1f3 e8h8 e1h1 g7g6 d3e2 f8e8 d2d4 e7f8,79
3r3k/p1r3pp/1p6/2b5/5P2/P3P3/4BK1P/1RR5 w - -,c1c3 d8f8 f2g2 c7e7 b1b3 h7h6 c3d3 g7g5 f4g5 f8g8,-1
r7/1p2bk2/2p1bppp/p3p3/N1P1Pn2/P3BP2/1PK2P1P/3R1B2 w - -,d1d2 f7e8 a4c5 e7c5 e3c5 g6g5 b2b3 a5a4 b3b4 h6h5,-25
r7/1p3k2/2p1bppp/p1b1p3/2P1Pn2/P3BP2/1PK2P1P/3R1B2 w - -,f1h3 c5e3 h3e6 f4e6 f2e3 f7e7 d1g1 g6g5 b2b3 h6h5,-496
r2qkbnr/pp1npppp/2b5/2p5/3pPP2/1P4P1/PBPP2BP/RN1QK1NR w KQkq -,d2d3 e7e5 g1e2 e5f4 e2f4 f8d6 e1h1 g8f6 c2c3 d4c3,-12
r1bqkbnr/pp3p1p/2n1p1p1/1BPp4/5B2/4P3/PPP2PPP/RN1QK1NR w KQkq -,g1f3 f8c5 c2c4 g8f6 b1c3 e8h8 e1h1 c5e7 d1e2 a7a6,90
rnb1k2r/ppp2ppp/3qpn2/3p4/3P1P1P/2N5/PPP2PP1/R2QKBNR w KQkq -,d1d2 c7c5 h4h5 h7h6 g1f3 e8h8 e1a1 b8c6 g2g3 f8d8,25
r2q1rk1/1b2bppp/p1n2n2/1p1p4/2pP4/1PP2N1P/P1QNBPP1/R1B2RK1 w - -,a1b1 a8b8 f1e1 e7d6 a2a4 f8e8 a4b5 a6b5 b3c4 b5c4,-41
6k1/5pp1/6r1/3B3Q/P3P2P/1P3P1K/5qP1/8 w - -,h5g6 f2a7 g6f5 g8f8 f5c8 f8e7 a4a5 a7a5 c8b7 e7d8,943
r4rk1/p5bp/pq4p1/1bNPpp2/8/P4P2/1PPN1QPP/3R1RK1 w - -,c2c4 f8c8 b2b4 b5e8 c5e6 b6f2 f1f2 g7f6 c4c5 e8a4,260
2k5/b7/8/P7/1K5P/8/8/8 w - -,,0
8/8/4K3/8/8/2k5/4RP1r/8 w - -,e6f5 c3d3 e2a2 d3c4 f5e5 c4b5 a2c2 b5b6 e5e4 b6b7,524
8/8/5K2/8/4N1k1/8/2B5/8 w - -,e6f6 c3d3 e2a2 h2g2 f6f5 d3c4 f5e5 c4b4 a2e2 g2g5,Mate
r7/5p1p/2p1b1k1/3p1p2/P2B1P2/2P5/4RKPP/8 w - -,e2a2 c6c5 d4c5 d5d4 a2a3 d4d3 a4a5 e6c4 c5e3 a8b8,17
rnb1k1nr/pppp1ppp/5q2/1Bb1p3/4P3/5P2/PPPP2PP/RNBQK1NR w KQkq -,g1e2 g8e7 d2d4 e5d4 b5d3 d7d5 b1d2 b8c6 e1h1 c8d7,-98
3r4/R1p1k2p/6p1/1pp5/4bPP1/8/PPP2K1P/8 w - -,a7c7 e7d6 c7h7 e4c2 h2h4 b5b4 h7a7 d6c6 a7e7 c2b1,-321
r1r2bk1/p6p/pq4p1/1bNPpp2/1PP5/P4P2/3N1QPP/3R1RK1 w - -,g1h1 b5e8 g2g4 f8c5 b4c5 b6c5 g4f5 g6f5 f2g3 e8g6,259
r1bqk2r/ppp2p1p/1n2p1p1/3Pb3/4P3/2N4P/PPQ2PP1/R1B1KB1R w KQkq -,f1b5 c8d7 d5e6 f7e6 e1h1 a7a6 b5e2 d8e7 a2a4 d7c6,87
rn1q1rk1/pbppb1pp/1p2p3/5p2/2PPn3/1PNBPN2/PB3PPP/R2QK2R w KQ -,e1h1 c7c5 c3e2 b8c6 a2a3 e7f6 e2f4 c5d4 e3d4 g7g6,35
3r2k1/pQ3pp1/6p1/8/3r1qP1/3n1p1P/PP1R1P2/3R3K w - -,d1c2 e7b4 d3e2 d7d6 e1h1 b4c3 b2c3 e4c3 c2c3 b8d7,Mate
8/r4k2/3R1p2/8/4PPK1/8/8/8 w - -,g4f5 a7a5 d6d5 a5a7 d5b5 a7c7 b5a5 c7b7 f5g4 f7g6,7
1qr2rk1/2pQ1ppp/1p3P2/4p3/p5P1/2P1B2P/PP3PB1/3R2K1 w - -,f6g7 f8d8 d7a4 d8e8 a4e4 c8d8 d1d8 b8d8 g1h2 d8d6,518
3r4/2R4p/3k2p1/1pp5/4bPP1/8/PPP2K1P/8 w - -,c7h7 e4c2 h2h4 b5b4 f2e3 d8e8 e3d2 c2e4 h4h5 g6h5,-330
3r3k/p4rpp/1p6/2b5/5P2/P3PK2/4B2P/1RR5 w - -,,0
r2q1r1k/ppp2ppp/2np1n2/2bNp1B1/2B1P1b1/3P1N2/PPP2PPP/R2Q1RK1 w - -,c2c3 a7a5 g5h4 c5b6 d3d4 e5d4 d5f6 g7f6 d1d2 h8g7,168
8/3k1p2/7R/1pp5/8/1P1r4/p1K2PPP/8 w - -,f2f4 a2a1q c2d3 a1b2 d3e4 b5b4 h6h3 b2g2 h3f3 g2e2,-727
r4rk1/pp2qppp/1bp1bn2/4p3/2P5/2NBP3/PPQ2PPP/R1B2RK1 w - -,f1d1 a8d8 c1d2 h7h5 b2b4 h5h4 h2h3 b6c7 d2e1 g7g5,-16
3r2k1/ppQ2pp1/6p1/3r4/3P1qP1/3n1p1P/PP1R1P2/3R3K w - -,c7c3 d3c5 c3e3 c5e6 e3f4 e6f4 h3h4 f4e6 h1h2 d5d4,-516
1k3r2/pbppN2p/1p6/4P1p1/2PPBn1P/2P5/P5P1/4R1K1 w - -,h4g5 b7e4 e1e4 f4e6 g5g6 h7g6 e7g6 f8g8 g6e7 g8f8,361
8/4k2N/8/3p1p1p/2bP1P1P/4PKP1/7q/3RR3 w - -,,0
8/2k2p2/r6p/P6p/6P1/3K4/5P2/R7 w - -,g4h5 a6f6 a1c1 c7b7 c1b1 b7a7 d3e4 f6f2 b1b5 f2h2,9
8/5k2/3R1p2/8/r3PPK1/8/8/8 w - -,g4f5 a4a5 d6d5 a5a7 d5b5 a7c7 b5a5 c7b7 f5g4 b7c7,8
1qr2rk1/2p2p1p/1p3Pp1/4pQ2/p5P1/2P1B2P/PP3PB1/3R2K1 w - -,d6d7 f7e6 d7b7 a4e4 b7b6 e6f7 g4f5 e4e7 b6f6 f7g8,Mate
1r2r1k1/2pq1p1n/p1p3p1/2Pp2Pp/3RP2P/1PN2P2/P1Q3b1/5RK1 w - -,d4d5 c6d5 g1g2 d5e4 c3e4 e8e4 c2e4 h7f8 f1f2 f8e6,-526
8/8/8/5K2/8/3k4/4RP1r/8 w - -,e2a2 d3c4 a2e2 h2h5 f5g4 h5h2 g4g3 h2h8 f2f4 c4d5,524
2kr3r/pppq1pp1/2np1n1p/2b1p2b/4P3/2PP1N1P/PPBN1PP1/R1BQ1RK1 w - -,,0
r1b2rk1/5ppp/5n2/q2p2Q1/2pP4/5N1P/P1nNBPP1/R3R1K1 w - -,a1b1 c2e1 b1e1 a5c3 g5f4 a8a2 g2g4 h7h6 d2f1 f6e4,-397
8/1p2r3/8/1RP1pp1p/P1k5/5KPP/5P2/8 w - -,h3h4 c4d4 b5b6 e7f7 c5c6 b7c6 b6c6 f5f4 c6d6 d4c5,82
8/5k2/3R1p2/r4K2/4PP2/8/8/8 w - -,d6d5 a5a7 d5b5 a7c7 b5a5 c7b7 f5g4 b7e7 a5a4 f7g6,8
rn2qrk1/pbppb1pp/1p2p3/5p2/2PP4/1PBBPN2/P4PPP/R2Q1RK1 w - -,b3b4 d7d6 a2a4 a7a5 b4a5 b6a5 d4d5 b8d7 f3d4 d7c5,65
6k1/p5r1/3R4/4N3/8/P5p1/3r2K1/7n w - -,,0
3r4/7R/3k2p1/1pp5/5PP1/8/PPb2K1P/8 w - -,h2h4 b5b4 h4h5 g6h5 h7h5 d8a8 a2a3 b4a3 b2a3 a8a4,-338
1qr1r1k1/2p2p1p/1p3Pp1/4Q3/p5P1/2P1B2P/PP3PB1/3R2K1 w - -,e5f4 e8e6 f4h6 e6f6 g4g5 f6f2 e3f2 c7c5 h6h4 c8d8,597
5r1k/p4rpp/1p6/2b5/P4P2/4PK2/4B2P/1RR5 w - -,h2h4 f7e7 b1b3 e7e6 c1c3 e6h6 f3g3 h6g6 g3h2 g6d6,6
2k5/8/n7/P7/1K5P/8/8/8 w - -,b4b5 c8b7 b5c4 a6c7 c4c5 c7e6 c5d5 e6g7 d5e5 g7h5,13
8/4kp2/2Bb1n2/p6p/Pp2P3/1P5P/5RK1/8 w - -,f2f5 f6h7 f5a5 h7f8 a5b5 f8g6 a4a5 d6f4 a5a6 f4e3,573
r1bq1rk1/ppp2p1p/1n4p1/3Pb3/8/2N1B2P/PPQ2PP1/R3KB1R w KQ -,e3h6 f8e8 e1a1 d8h4 h6e3 c7c6 d5c6 b7c6 c2e4 h4e4,-99
8/5k2/3R4/r3pK2/5P2/8/8/8 w - -,,0
r5k1/p6p/p2q2p1/2bPpp2/b1P5/P4P2/3NQ1PP/1R3R1K w - -,g2g4 g8h8 g4f5 g6f5 d2b3 c5a3 b3a5 a4e8 b1e1 a3b4,298
r2q1r1k/ppp2pp1/2np1n1p/2bNp1B1/2B1P1b1/2PP1N2/PP3PPP/R2Q1RK1 w - -,d5f6 g7f6 g5h6 f8g8 c4f7 d8d7 f7g8 a8g8 h6e3 f6f5,267
r1b2rk1/5ppp/5n2/q2p1Q2/1npP4/5N1P/P2NBPP1/R3R1K1 w - -,f5e5 b4c2 e5f4 c2a1 e1a1 a5c3 a1e1 a8a2 d2f1 h7h6,-391
4r1k1/1pq2rn1/p2b2pB/3Qp3/3P4/2P5/PP5P/4RRK1 w - -,f1f7 c7f7 d5d6 g7f5 d6c5 f5h6 e1e5 e8e5 c5e5 f7f3,-255
3r1rk1/pp2qppp/1bp1bn2/4p3/2P5/2NBP3/PPQ2PPP/R1BR2K1 w - -,b2b3 e6g4 d3e2 g4e2 d1d8 f8d8 c2e2 e5e4 c1b2 d8d3,-21
rn3rk1/pbppb1pp/1p2p1q1/5p2/2PP4/1PBBPN2/P3QPPP/R4RK1 w - -,b3b4 d7d6 a2a4 b8d7 a4a5 e6e5 d3c2 e5e4 f3d2 d6d5,42
r1bqk2r/ppp2ppp/2n2n2/4p3/4P3/P5P1/1P1P1PBP/R1BQK1NR w KQkq -,d2d3 c8g4 f2f3 g4e6 c1e3 d8d6 a1c1 e8a8 c1c3 c6d4,-30
1r4k1/2q2pb1/2p1r1p1/4p1Pp/1pP1P3/pP1R1Q1P/P1B2P2/2KR4 w - -,d3d7 e6e7 d7c7 e7c7 c4c5 g8h7 h3h4 b8a8 f3d3 g7f8,418
8/5k2/3R4/4PK2/8/8/8/r7 w - -,,0
r1b5/P7/2p2pkp/3p1p2/3B1P2/2P5/1R3KPP/8 w - -,b2b8 a8a7 d4a7 c8a6 a7d4 g6f7 f2g3 a6d3 b8b6 d3b5,695
6k1/p5r1/8/4N3/8/P5p1/3R1nK1/8 w - -,,0
5rk1/pp1b4/2p1p1n1/6p1/6R1/2Q3B1/PPP3PP/5K2 w - -,f1e1 f8f5 c3e3 g8h7 g4g5 a7a5 g3e5 f5e5 g5e5 g6e5,810
4r3/1pq2rk1/p2b2p1/3Qp3/3P4/2P5/PP5P/4RRK1 w - -,e1e2 f7f1 g1f1 e8e7 f1g2 e5d4 d5d4 e7e5 b2b4 g7h7,-434
r1bqk1nr/pp3p1p/2n1p1p1/1Bbp4/5B2/4PN2/PPP2PPP/RN1QK2R w KQkq -,c2c4 g8f6 b1c3 e8h8 e1h1 c5e7 d1e2 a7a6 b5a4 d8a5,97
8/8/8/5K1r/8/3k4/R4P2/8 w - -,f5g4 h5h2 g4f5 h2g2 a2a3 d3d4 f2f4 d4d5 f5f6 d5c6,524
rnbq1k1r/ppp2ppp/8/2bp4/2B1n3/3N4/PPPPQPPP/RNB1K2R w KQ -,b2b3 d5c4 b3c4 c8f5 d3c5 e4c5 c1a3 d8d4 c2c3,-193
rn1qkbnr/ppp2pp1/8/3p4/5Pb1/5N2/PPPPP2P/RNBQKB1R w KQkq -,e2e3 b8c6 d2d4 g8f6 d1e2 d8d7 a2a3 e8a8 e2g2 g4h3,-121
8/5p2/2Bbkn2/p4R1p/Pp2P3/1P5P/6K1/8 w - -,f5a5 d6e5 a5b5 e6d6 c6d5 f6d7 d5f7 d6e7 f7h5 e5d4,591
3r4/2p1k3/2p3pp/pp1b4/3R1PP1/2N1K3/PPP4P/8 w - -,b2b3 e7f7 a2a3 d8e8 c3e4 h6h5 g4h5 g6h5 f4f5 d5e4,59
8/8/4N3/4K3/8/5k2/2B5/8 w - -,b2b3 e7f7 a2a3 d8e8 c3e4 h6h5 g4h5 g6h5 f4f5 d5e4,Mate
5r1k/p3r1pp/1p6/2b5/P4P2/4PK2/4B2P/1R4R1 w - -,e2b5 e7e3 f3g2 f8f4 g1e1 f4g4 g2h1 e3e1 b1e1 h8g8,-184
2k5/2n5/8/PK6/7P/8/8/8 w - -,b5c6 c7e8 h4h5 e8f6 h5h6 c8b8 c6d6 b8b7 d6e6 f6h7,10
6k1/p5r1/3R3R/4N3/7p/P4p2/3r1nPK/8 w - -,,0
8/4k3/3RP3/5K2/8/8/8/r7 w - -,,0
r1bqkbnr/n3pppp/p7/1p6/2p1P3/N2p4/PPPP1PPP/R1BQKBNR w KQkq -,c2d3 c4d3 d1f3 g8f6 f1d3 a7c6 d3b1 e7e5 a3c2 f8c5,-34
r2qkbnr/pppb1p2/2n1p2p/3p2p1/3P1B2/2PBPN2/PP3PPP/RN1QK2R w KQkq -,g2g3 g5f4 e3f4 f8d6 b1d2 h6h5 b2b4 d8f6 b4b5 c6e7,-247
r1b2rk1/pp2n1p1/1qn1p2p/3pP3/8/2bB1N2/PPN2PPP/R2Q1RK1 w - -,a2a3 c3e5 c2b4 c6b4 a3b4 e5b2 a1a2 b2f6 f1e1 b6d6,-479
8/8/8/8/6K1/3k4/R4P1r/8 w - -,g4g3 h2h8 a2a4 h8g8 a4g4 g8d8 g4g5 d3e4 f2f3 e4e3,524
3r1r2/5pkp/2bppnp1/ppq2P2/4P3/PBNQ3P/1PP3P1/3R1R1K w - -,f5e6 f7e6 f1e1 f6h5 d3d4 c5d4 d1d4 e6e5 d4d3 b5b4,-39
r1bqk1nr/4ppbp/p1pp2p1/2p1P3/5P2/2NP4/PPP3PP/R1BQK1NR w KQkq -,d1e2 g8h6 e5d6 a8a7 g1f3 e8h8 d6d7 a7d7 f3e5 d7b7,19
rn1qkb1r/1b3ppp/p3pn2/1pp3B1/3P4/1BN1PN2/PP3PPP/R2QK2R w KQkq -,a1c1 b8d7 e1h1 f8e7 d4d5 c5c4 d5e6 f7e6 b3c2 e8h8,-25
2k5/8/1K6/P2n4/7P/8/8/8 w - -,b6a6 d5c7 a6b6 c7d5 b6b5 d5f6 b5c5 f6h5 c5d5 h5f4,3
2kr3r/1ppq1pp1/p1np1n1p/2b1p2b/P3P3/2PP1N1P/1PBN1PP1/R1BQ1RK1 w - -,b2b4 c5a7 b4b5 c6a5 f1e1 g7g5 d2f1 g5g4 h3g4 d7g4,56
4r2k/p3r1pp/1p6/2b5/P4P2/1R2PK2/4B2P/6R1 w - -,f3g4 c5e3 g1f1 e7e4 e2d3 e4d4 f1f3 h7h5 g4g3 e3d2,-69
3r1r2/6kp/2bppnp1/ppq5/4P3/PBNQ3P/1PP3P1/3R1R1K w - -,f1e1 f6h5 d3d4 c5d4 d1d4 e6e5 d4d3 b5b4 a3b4 a5b4,-42
3r1rk1/pp2qp1p/1bp1bnp1/4p3/2P5/1PNBP3/P1Q2PPP/R1BR2K1 w - -,h2h3 f6d7 a2a4 b6a5 d3f1 a5b4 c3a2 b4d6 b3b4 f7f5,-7
r1bqkb1r/pppn1ppp/3p1n2/4p3/3PP3/1QP5/PP3PPP/RNB1KBNR w KQkq -,f1c4 d8e7 g1f3 e5d4 e1h1 d4d3 c4d3 g7g6 c3c4 f8g7,23
4r3/8/5kpp/pppp4/5PPP/1P2K3/P1PR4/8 w - -,e3f2 d5d4 d2d3 h6h5 c2c3 e8d8 g4h5 g6h5 c3d4 d8d4,-58
3r1r2/6kp/2bpBnp1/p1q5/1p2P3/P1NQ3P/1PP3P1/3R1R1K w - -,a3b4 a5b4 e6d5 b4c3 b2b4 c5b5 d3c3 c6d5 e4d5 d8c8,-275
rn3rk1/p1p1b1pp/1p1pp1q1/5p2/2PPb3/1PBBPN2/P3QPPP/3RR1K1 w - -,d3c2 a7a5 e1f1 b8d7 f3e1 a8e8 f2f3 e4b7 e1d3 e7f6,-13
8/5p2/2Bbkn2/R7/Pp2P2p/1P5P/6K1/8 w - -,a5f5 d6e7 a4a5 e6d6 c6b5 e7d8 g2f3 d6c7 e4e5 f6d5,657
r2q1r1k/ppp2pp1/2np1N2/2b1p1p1/2B1P1b1/2PP1N2/PP3PPP/R2Q1RK1 w - -,f6g4 c5b6 d1d2 f7f6 a2a4 g7g6 h2h3 h8g7 b2b4 a7a6,473
4k3/8/4P3/5K2/3R4/8/8/5r2 w - -,,0
2kr1b1r/ppp1pppp/2n2n2/7q/4N1b1/3P1N2/PPP1BPPP/R1BQK2R w KQ -,h2h3 f6e4 e1h1 e4f6 h3g4 f6g4 c1f4 f7f5 f3h2 g7g5,-80
7r/8/8/8/8/3k2K1/R4P2/8 w - -,a2a4 h8g8 a4g4 g8d8 g4g5 d3e4 f2f3 e4e3 f3f4 d8d1,524
r1bqk1nr/pppp1ppp/2n1p3/8/1b1PP3/8/PPP2PPP/RNBQKBNR w KQkq -,c2c3 b4e7 f1d3 d7d6 g1f3 g8f6 h2h3 e8h8 c1e3 f6d7,92
8/5Q2/1k6/8/8/8/8/4K3 w - -,c2c3 b4e7 f1d3 d7d6 g1f3 g8f6 h2h3 e8h8 c1e3 f6d7,Mate
4r1k1/p6p/p2q2p1/2bPpp2/b1P5/P2Q1P2/3N2PP/1R3R1K w - -,g2g4 e5e4 f3e4 f5g4 b1b7 d6e5 d3g3 e5g3 h2g3 c5e3,285
2k5/8/2K5/P7/5n1P/8/8/8 w - -,,0
r1b2rk1/ppppqppp/2nb1n2/1B2p3/8/1P2P3/PBPPNPPP/RN1Q1RK1 w - -,e2g3 a7a6 b5e2 e7d8 c2c4 d6e7 b1c3 d7d5 c4d5 f6d5,71
r1bqk2r/ppp1bppp/2n1pn2/8/3Pp3/P2B1N2/1PP2PPP/RNBQR1K1 w kq -,d3e4 f6e4 e1e4 e7f6 c1f4 b7b6 b1c3 e8h8 d1d3 c8b7,-16
6k1/5pp1/2Q4p/p7/2B1P3/1b5P/5PP1/3q3K w - -,c4f1 d1f1 h1h2 f1f2 c6a8 g8h7 a8a5 f2f4 h2g1 f4e4,-762
5rk1/pp1b4/2p1p1n1/6R1/8/2Q3B1/PPP3PP/6K1 w - -,c4f1 d1f1 h1h2 f1f2 c6a8 g8h7 a8a5 f2f4 h2g1 f4e4,Mate
r1bqk2r/ppp1ppbp/nn4p1/3P4/4P3/P1N2N1P/1P3PP1/R1BQKB1R w KQkq -,c1e3 e8h8 a3a4 a6b4 a4a5 b6d7 f1e2 b7b6 e1h1 d7c5,133
4r1k1/pR5p/p1bq2p1/2bPpp2/2P5/P2Q1P2/3N2PP/5R1K w - -,b7b1 c6d7 d2b3 c5a3 b3a5 d7c8 a5b7 c8b7 b1b7 a3c5,287
r1b1kb1r/pppnqppp/3p1n2/4p3/3PP3/1QPB4/PP3PPP/RNB1K1NR w KQkq -,g1e2 g7g6 f2f3 f8g7 c1g5 e8h8 e1h1 e5d4 c3d4 c7c5,35
2rq1rk1/p2n1ppp/bp2pn2/2b5/2p1PB2/1PN2NP1/P1Q2PBP/R2R2K1 w - -,h2h3 c5b4 a1c1 d8e8 c2b2 e6e5 f4e3 e8e7 b2b1 c4b3,-109
8/7k/7p/3p1R2/2bB1P2/2P3K1/r5PP/8 w - -,f5f8 c4d3 f4f5 d3f5 f8f5 a2d2 f5d5 h7g8 d5f5 g8h7,656
6r1/8/8/8/R7/3k2K1/5P2/8 w - -,g3h4 g8f8 h4g3 f8g8 a4g4 g8d8 g4g5 d3d4 f2f4 d8e8,524
r2q1r1k/ppp2pp1/2n5/2bpp1p1/2B1P1N1/2PP1N2/PP3PPP/R2Q1RK1 w - -,c4d5 f7f6 d3d4 e5d4 f3d4 c5d4 c3d4 g7g6 d1d3 h8g7,585
r1bqk1nr/pppp1ppp/2nb4/3p4/4P3/2P5/PP3PPP/RNBQKBNR w KQkq -,e4d5 c6e5 f1e2 g8f6 g1f3 e8h8 e1h1 f8e8 f3d4 d6c5,-10
rn2kb1r/1b2p2p/2p1PpN1/pp1q3Q/2pP4/2n5/PP3PPP/R1B1KB1R w KQkq -,g6f4 d5h5 f4h5 c3d5 h5f4 a5a4 f1e2 e8d8 e1h1 h8g8,-437
r1bqk1nr/ppppnppp/3b4/3P4/8/2P5/PP3PPP/RNBQKBNR w KQkq -,c3c4 g8f6 b1c3 e8h8 f1d3 e7g6 g1e2 b7b6 h2h3 c8b7,19
4r1k1/p2b3p/p2q2p1/2bPpp2/2P5/P2Q1P2/3N2PP/1R3R1K w - -,d2b3 c5a3 b3a5 d7c8 a5b7 c8b7 b1b7 a3c5 f1b1 e8c8,294
r4rk1/p1pn2pp/1p1pp1q1/8/2PPp2b/1PB1P1P1/P2NQP1P/3RR1K1 w - -,e2f1 h4e7 f1g2 d6d5 f2f3 e4f3 d2f3 g6h5 f3d2 d7f6,-79
6k1/5pp1/2Q4p/p7/2b1P3/7P/5PPK/3q4 w - -,f2f4 d1c2 c6a8 g8h7 a8a5 c2e4 a5d2 h7g6 d2f2 g6f5,-517
2kr3r/Qp1q1ppp/8/2pp4/1bp1P3/P5P1/1P2nPBP/R1B2RK1 w - -,g1h1 e2c1 e4d5 b7b5 a7a8 c8c7 a8a6 d8b8 d5d6 d7d6,356
r1b2rk1/pp2n1p1/2n1p2p/q2pP3/8/2PB1N2/P1N2PPP/R2Q1RK1 w - -,d1e1 c8d7 a1b1 b7b6 f3d4 a8c8 b1c1 c6d4 c2d4 c8c7,51
8/8/5k1p/5p2/5P1P/5r2/5K2/8 w - -,c2d4 a5c3 a1c1 c3b2 g1h1 f8f4 d4b5 c8d7 a2a3 a8f8,Mate
4rr1k/1pq3np/p2b2pB/3QpP2/3P4/2P5/PP5P/4RRK1 w - -,f5g6 h7g6 f1f8 e8f8 d4e5 d6c5 g1h1 h8h7 h6g7 h7g7,-324
r1bqk2r/pp2ppbp/nnp3p1/3P4/4P3/P1N2N1P/1PQ2PP1/R1B1KB1R w KQkq -,f1a6 b7a6 d5c6 d8c7 c3e2 a6a5 c1f4 e7e5 f4g3 c8a6,145
8/1p2r3/8/1RP1pp1p/P2k3P/5KP1/5P2/8 w - -,b5b6 e7f7 c5c6 b7c6 b6c6 f5f4 c6d6 d4c5 d6d2 f4g3,63
r1bqk2r/ppppnppp/3b1n2/3P4/8/2P2N2/PP3PPP/RNBQKB1R w KQkq -,c3c4 c7c6 b1c3 e8h8 f1d3 h7h6 e1h1 c6d5 c4d5 d6c5,6
4rr1k/pppb2bp/1qn1Bpp1/8/6n1/2N2N2/PPP1QPPP/R1B2RK1 w - -,c3d5 e8e6 d5b6 e6e2 b6d7 f8d8 d7c5 g7f8 c5a4 g4e5,-156
r1b1kb1r/pppnqp2/3p1p1p/4p3/3PP3/1QPB4/PP3PPP/RN2K1NR w KQkq -,g1f3 f6f5 e1h1 f5f4 a2a4 a7a5 b1d2 f8g7 g1h1 e8h8,49
1k6/8/P1K5/8/5n1P/8/8/8 w - -,,0
2kr3r/Qp1q1ppp/8/2pp4/1bp1P3/P5P1/1P3PBP/R1n2R1K w - -,e4d5 d7b5 a3b4 c1b3 b4c5 b3a1 g2h3 c8c7 d5d6 c7c6,405
r1b1kb1r/pp1ppppp/2n5/2p4q/2P5/1P3N2/P2BPPPP/R2QKB1R w KQkq -,a2a3 e7e5 d2c3 f8e7 e2e3 d7d6 b3b4 h5g6 b4b5 c6d8,-109
8/5p2/2B1kn2/6R1/Pp2P2p/1P4bP/6K1/8 w - -,c6d5 e6e7 a4a5 f6e8 a5a6 g3b8 g2f3 e8c7 d5c4 b8a7,699
r1bqk1nr/1pp2p2/p1np3p/2b1p1p1/2B1P3/2NP4/PPP1NPPP/R1BQ1R1K w kq -,f2f4 g5f4 c1f4 e5f4 d3d4 c5b6 e2f4 h8h7 e4e5 c6d4,72
r1bq1rk1/pp1p1ppp/2n1pn2/8/3NP3/2P5/P1P1BPPP/R1BQ1RK1 w - -,d4c6 d7c6 c1a3 f8e8 d1d8 e8d8 f1d1 d8e8 f2f3 a7a5,94
5r2/8/8/8/6R1/3k2K1/5P2/8 w - -,g4b4 d3c2 f2f3 f8f7 b4e4 c2b3 f3f4 b3c2 e4e5 f7g7,524
2r3k1/3r2pp/p1q2p2/1pb1pP2/4N1Q1/P1P1B3/1P4PP/5R1K w - -,e4c5 d7d5 b2b4 a6a5 h2h3 g8h8 h1h2 c8g8 f1a1 c6d6,292
8/7k/5R1p/3p1P2/2bB4/2P3K1/3r2PP/8 w - -,f6f7 h7g8 f7g7 g8f8 f5f6 f8e8 g7e7 e8f8 e7a7 d2d4,870
r1b1kb1r/pp2pppp/1qn2n2/3p2B1/4P3/5P2/PPP3PP/RN1QKBNR w KQkq -,b1c3 d5d4 g5f6 g7f6 c3d5 b6d8 a2a3 e7e6 d5f4 h7h5,-144
r2qkb1r/1b1n1ppp/p3pn2/1pp3B1/3P4/1BN1PN2/PP3PPP/R2Q1RK1 w kq -,d4c5 f8c5 d1e2 e8h8 f1d1 d8a5 a2a3 f8d8 h2h3 a5b6,-21
r2q1r1k/ppp2pp1/8/n1bPp1p1/2B3N1/2PP1N2/PP3PPP/R2Q1RK1 w - -,b2b4 e5e4 d3e4 f7f5 e4f5 a5c4 b4c5 f8f5 d5d6 c7d6,583
5k2/1p3pp1/pq1bbn1p/3p4/Q2P4/P1r1P1N1/2PN1PPP/3B1RK1 w - -,d2b3 e6d7 a4a5 c3b3 a5d2 b3a3 d1e2 b6b4 d2d1 d6g3,-494
rn3b1r/1bk1pN1p/2p1Pp2/pp1q3Q/2pP4/2n5/PP3PPP/R1B1KB1R w KQ -,c1g5 f6g5 b2c3 h8g8 f1e2 d5e6 f7e5 f8g7 e2g4 e6d5,-400
3r4/1p1rkpp1/p1p1p3/4P3/3PKPP1/1P6/1P6/2R4R w - -,c1d1 c6c5 f4f5 d7d4 d1d4 d8d4 e4f3 f7f6 h1h7 e6f5,-101
1k6/8/PK6/7n/7P/8/8/8 w - -,,0
2K5/8/1k1N4/8/8/3B4/8/8 w - -,d3e2 b6c6 d6e4 c6d5 e4f6 d5c5 c8b7 c5d4 e2b5 d4c3,159
r1b1k2r/p1q1ppbp/pnP3p1/8/4P3/P1N2N1P/1PQ2PP1/R1B1K2R w KQkq -,c3e2 a6a5 c1f4 e7e5 f4g3 e8h8 e1h1 c8a6 f1d1 a8c8,130
r4rk1/p1pn2pp/1p1pp3/8/2PP2qb/1PB1PpP1/P2N1Q1P/3RR1K1 w - -,d2f1 f8f7 e3e4 h4g5 e4e5 d6e5 d4e5 d7c5 h2h4 g5h4,-307
r1b1kbnr/n3pppp/p7/1p2q3/2p5/N2p1N2/PPPP1PPP/R1BQKB1R w KQkq -,f3e5 c8b7 c2d3 c4d3 f1d3 e7e6 e1h1 f8d6 e5f3 g8f6,743
6k1/5pp1/3q3p/p7/2Q1P3/7P/5PPK/8 w - -,e4e5 d6e5 g2g3 g7g6 h3h4 h6h5 f2f4 e5b2 h2h1 b2b4,-237
4rr1k/1pq4p/p2b1PpB/3Qpn2/3P4/2P5/PP5P/4RRK1 w - -,f1f5 f8f7 f5e5 d6e5 e1e5 e8a8 e5e6 c7d8 d5e5 h8g8,301
3r2k1/p3n1rp/bpnR4/2p2p1q/4p2N/2P3P1/PP1N2BP/4R1K1 w - -,d6d8 c6d8 b2b4 c5b4 c3b4 h5h6 d2b3 g8f8 a2a3 d8c6,-729
8/8/5k2/3p1P2/2b5/2P3K1/3B2PP/8 w - -,g3f4 d5d4 c3d4 c4f1 g2g4 f1h3 d2e3 f6f7 g4g5 f7e7,849
r4rk1/p1pn2pp/1p1pp3/6b1/2PPP1q1/1PB2pP1/P2N1Q1P/3RR1K1 w - -,h2h3 g4h3 d2f3 g5f4 f2g2 h3g3 c3d2 a8e8 d2f4 g3g2,-310
r1b2rk1/pppp1ppp/2nb1n2/1B2q3/3N4/1P2P3/PBP2PPP/RN1Q1RK1 w - -,f1e1 c6d4 b2d4 e5h2 g1f1 h2h1 f1e2 h1h5 e2d2 h5b5,-436
1r3rk1/ppq1nppp/2nbp3/3p4/3P3N/2P4P/PP1NQPP1/R1B1R1K1 w - -,a2a4 a7a6 d2b3 b8e8 c1d2 h7h6 b3c1 c6a5 c1d3 c7c4,-32
5r2/8/8/8/6R1/5PK1/4k3/8 w - -,g4e4 e2d3 e4e5 f8g8 g3h4 d3d4 f3f4 g8g2 h4h5 g2a2,524
2kr3r/bppq1pp1/p2p1n1p/nP2p2b/P3P3/2PP1N1P/2BN1PP1/R1BQ1RK1 w - -,f1e1 g7g5 d2f1 g5g4 h3g4 f6g4 d3d4 h8g8 d1e2 e5d4,78
5k2/1p1b1pp1/pq1b1n1p/3p4/Q2P4/PNr1P1N1/2P2PPP/3B1RK1 w - -,a4d7 f6d7 g3e2 c3c8 a3a4 d7f6 b3c5 b6b4 c2c4 d6c5,-546
8/k7/P7/1K5n/7P/8/8/8 w - -,,0
2rq1rk1/p2n1ppp/bp2p3/2b1P3/2p2Bn1/1PN2NP1/P1Q2PBP/R2R2K1 w - -,f3d4 g7g5 c2e2 g4f2 e2f2 g5f4 c3e4 d7e5 e4c5 b6c5,-97
r1bq1rk1/pp3ppp/2nppn2/8/3NP3/2P1B3/P1P1BPPP/R2Q1RK1 w - -,d4c6 b7c6 f2f3 d6d5 c3c4 c8a6 d1e1 f8e8 a1d1 e6e5,26
8/5p2/2Bk1n2/P5R1/1p2P2p/1P4bP/6K1/8 w - -,g5f5 g3e5 c6d5 e5d4 a5a6 f6e8 f5f7 e8c7 d5c4 d6c6,703
r3kb1r/pppb3p/2n1q3/1B1Q2p1/5p2/6B1/PPP2PPP/RN2K2R w KQkq -,e1f1 e6d5 b1c3 d5c5 a1e1 f8e7 f2f3 f4g3 h2g3 e8a8,-890
5r2/8/8/8/4R3/3k1PK1/8/8 w - -,e4b4 f8f7 b4a4 d3e3 a4e4 e3d3 e4e5 d3c4 f3f4 c4b4,524
r3kb1r/pp3ppp/1qn1bp2/3p4/4P3/2N2P2/PPP3PP/R2QKBNR w KQkq -,e4d5 e8a8 f1d3 e6d5 g1e2 d5c4 d1d2 b6b2 a1b1 b2a3,-264
r1br2k1/p1q2pp1/1pp1p2p/2PnN3/3P4/6P1/PP1Q1PBP/3RR1K1 w - -,d1c1 c8d7 e5c4 d5e7 c4d6 d7e8 g2e4 a7a5 d2f4 a8b8,93
8/k5n1/P7/K7/7P/8/8/8 w - -,,0
4rb1k/1pq4p/p4Pp1/3Qpn2/3P4/2P5/PP5P/4RRK1 w - -,,0
4r2k/p3r1pp/1p6/8/P4P2/1R2bK2/4B2P/3R4 w - -,e2b5 e8f8 b3e3 e7f7 d1d4 g7g5 e3e8 f8e8 b5e8 f7f8,457
r2qkbnr/ppp2pp1/3p3p/n2B4/4Ppb1/2P2N2/PP1P2PP/RNBQ1RK1 w kq -,h2h3 g4h5 b2b4 a5c6 c3c4 g8f6 d5c6 b7c6 d1a4 d8d7,-32
r4rk1/p1p3pp/1p2p1q1/2n1P3/2PR4/1PB2pP1/P4Q1P/4R1K1 w - -,g1f1 c5d3 f2c2 d3e1 c2g6 h7g6 f1e1 a8d8 h2h3 f3f2,-451
r4rk1/pp1bn1p1/2n1p2p/q2pP3/8/2PB1N2/P1N2PPP/R3QRK1 w - -,a1b1 b7b6 f3d4 c6d4 c2d4 e7c6 e1e3 a8c8 e3g3 c6e7,42
2kr3r/b1pq1pp1/p2p1n1p/n3p2b/P3P3/2PP1N1P/2BN1PP1/R1BQ1RK1 w - -,d3d4 e5d4 c3d4 a7d4 a1b1 d4b6 c2d3 c8b8 d2b3 a5b3,212
1r1q1rk1/p1pn1ppp/4p3/2p5/2bP4/2N1P1B1/P4PPP/R2QR1K1 w - -,a1c1 c5d4 c3e4 d7b6 e4d2 d8d5 e3e4 d5c6 h2h3 h7h6,22
1r4k1/p2bppbp/3p2p1/2pP3P/4P1P1/KN2B3/2r5/3R1BNR w - -,g1e2 g7b2 a3a2 b2e5 a2a3 c2c4 e3d4 c4a4 a3b2 c5d4,-372
4r1k1/p2b3p/3q2p1/p1bP4/2P1p3/PN1Q4/R5PP/5R1K w - -,d3c3 e8f8 f1f8 d6f8 a2a1 c5e7 c3e3 a5a4 b3d4 f8f6,291
rn3b1r/1bk1pN1p/2p1Pp2/pp1q4/2pPn1Q1/8/PP3PPP/R1B1KB1R w KQ -,c1e3 f6f5 g4f4 e4d6 f7h8 d5e6 f4g5 f5f4 g5f4 f8g7,-279
3r2k1/4B1p1/b3p2p/3p3q/N3n1n1/1P3rP1/P3PPBP/2RQR1K1 w - -,h2h4 f3f2 d1d4 f2g2 g1g2 d8d7 a4c3 e4c3 c1c3 d7e7,-326
6r1/8/8/4R3/8/3k1PK1/8/8 w - -,g3f2 d3d4 f3f4 g8h8 f2f3 h8g8 e5a5 g8e8 f3g4 d4c3,524
r1b2rk1/pppp1ppp/2nb1n2/1B6/3N1P2/1P2q3/PBP3PP/RN1Q1RK1 w - -,f1f2 f6e4 d1f3 e3f2 f3f2 e4f2 g1f2 c6d4 b2d4 d6f4,-500
r1bq1rk1/pp3ppp/2p1pn2/8/4P3/2P5/P1P1BPPP/R1BQ1RK1 w - -,c1a3 f8e8 d1d8 e8d8 f1d1 d8d7 f2f3 b7b6 a3d6 c8b7,96
r3r2k/p1pb2pp/2p2n2/2Pp1p1q/1P1NP3/P4P2/2Q3PP/R1B2RK1 w - -,e4f5 a7a5 c1f4 h5f7 h2h3 h8g8 f1e1 a5b4 a3b4 a8a1,321
2kr1b1r/pp3ppp/1qn1bp2/3P4/8/2N2P2/PPP3PP/R2QKBNR w KQ -,d1d2 f8b4 f1d3 d8d5 g1e2 h8d8 a2a3 b4c3 b2c3 d5e5,-247
r1bqk2r/ppp1ppbp/1n4p1/n2P4/4P3/2N2N1P/PP3PP1/R1BQKB1R w KQkq -,c1e3 e8h8 e3d4 g7h6 d4b6 a7b6 b2b4 b6b5 b4a5 b5b4,131
8/8/1pk5/8/5N2/2n2K1P/8/8 w - -,,0
r1b2rk1/pppp1ppp/2nb4/1B6/3NnP2/1P2q3/PBP3PP/RN1Q1R1K w - -,d4f3 e3f4 b1c3 e4c3 b2c3 f4h6 d1d5 c6e7 d5g5 h6g5,-146
4r1k1/p2b3p/3q2p1/p2P4/2P1p3/bNQ5/R5PP/5R1K w - -,c4c5 d6e5 c3e5 e8e5 c5c6 a3b4 c6d7 e5d5 a2e2 d5d7,431
r1b2rk1/ppp2p1p/3p2p1/8/2nNP3/3PN1Pq/PP3P1P/R1B2RK1 w - -,d3c4 h3h5 c1d2 c7c6 f2f3 h5c5 d4b3 c5b6 f1e1 f7f5,-263
r1bq1rk1/4bppp/2np1n2/p1p1p3/Pp2P3/2PP1N2/1PB2PPP/R1BQRNK1 w - -,f1e3 c8e6 f3g5 g8h8 g5e6 f7e6 c2b3 d6d5 e4d5 e6d5,5
r4rk1/2p3pp/1p2p1q1/p1n1P3/2PR4/1PB1RpP1/P4Q1P/6K1 w - -,g3g4 a8d8 d4d8 g6g4 f2g3 g4g3 h2g3 f8d8 e3f3 c5e4,-279
r1bqr1k1/pp3ppp/2p1pn2/8/4P3/B1P5/P1P1BPPP/R2Q1RK1 w - -,d1d8 e8d8 f1d1 d8d7 f2f3 b7b6 a3d6 c8b7 d6f4 d7d1,105
8/3r1p2/6pp/Pk5P/R5P1/2K5/5P2/8 w - -,a4d4 d7c7 c3d3 c7c1 d4f4 c1d1 d3e4 d1e1 e4f3 g6h5,402
rnbqk1nr/ppp1bpp1/4p3/3p4/3P3p/2N2NP1/PPP1PPBP/R1BQK2R w KQkq -,g3h4 g8f6 c1f4 c7c5 f4g3 e8h8 e1h1 c5d4 d1d4 f6h5,56
rnbqk2r/ppb1n1pp/2p2p2/2Pp4/3P4/3B1N2/PP3PPP/RNBQ1RK1 w kq -,d1c2 b8a6 a2a3 c8g4 b1d2 d8d7 f1e1 e8a8 b2b4 g4f5,92
1r1q1rk1/p1p2ppp/1n2p3/2p5/Q1bP4/2N1P1B1/P4PPP/R3R1K1 w - -,a4a7 b8a8 a7c7 d8c7 g3c7 c5d4 e3d4 b6a4 c3a4 a8a4,11
r1b2rk1/pppp1ppp/2nb4/1B3N2/5P2/1P2q3/PBP2nPP/RN1Q1R1K w - -,f1f2 e3f2 f5d6 c7d6 b1c3 f2f4 c3d5 f4g5 b2c1 g5h4,Mate
r1bqkb1r/pppp1ppp/2n1pn2/8/8/4P1Q1/PPPP1PPP/RNB1KBNR w KQkq -,d2d4 d7d5 b1c3 c6b4 f1d3 f8d6 f2f4 b7b6 g1f3 e8h8,-82
8/8/4k3/p5pP/P1pp2P1/6K1/2P2R2/4r3 w - -,,0
4r2k/p3r1pp/1p6/1Bb5/P4P2/1R3K2/7P/3R4 w - -,b5e8 e7e8 b3d3 a7a6 d3d8 e8g8 d8g8 h8g8 d1d8 g8f7,464
rnbqk2r/pp1pppbp/2p2np1/8/2NP1B2/1P2P3/P1P2PPP/R2QKBNR w KQkq -,f1d3 c6c5 g1e2 d7d5 c4e5 f6h5 c2c3 h5f4 e3f4 c5d4,-36
r1br2k1/pp3ppp/2p1pn2/8/4P3/B1P5/P1P1BPPP/R4RK1 w - -,f1d1 d8e8 f2f3 a7a5 a3d6 a5a4 c3c4 e6e5 a1b1 f6d7,107
5rk1/p2b3p/3q2p1/p1bP4/2P1p3/PNQ5/R5PP/5R1K w - -,f1f8 d6f8 a2a1 c5e7 c3e3 e7a3 c4c5 a3b2 a1e1 a5a4,292
r3k1nr/ppq2ppp/2n1p3/7b/2NP1b2/3B1N1P/PP3PP1/R1BQ1RK1 w kq -,g2g4 h5g6 f3e5 f4c1 a1c1 g8e7 e5c6 b7c6 c4e5 a8d8,16
r1bq1rk1/pp2ppbp/1np3p1/n2P4/4P3/2N2N1P/PP2BPP1/R1BQ1RK1 w - -,c1e3 c6d5 e4d5 b6c4 d1c1 c4e3 c1e3 g7c3 e3c3 d8d5,46
8/8/7p/3k1p2/5P1P/4K3/8/8 w - -,c1f4 g7c3 b2c3 c6d5 e4e5 b6c4 f4h6 f8e8 d1d4 a5c6,Mate
r1b2rk1/pppp1ppp/2nb4/1B3N2/5P2/1P6/PBP2qPP/RN1Q3K w - -,b1a3 f2f4 f5d6 f4d6 d1d6 c7d6 a3c4 d6d5 c4d6 a8b8,-172
8/5p2/5n2/P1kB2R1/1p2P2p/1P4bP/6K1/8 w - -,d5c4 c5d4 a5a6 f6e8 a6a7 e8c7 g2f3 f7f6 g5g7 f6f5,850
5r2/8/8/4R3/7K/3k1P2/8/8 w - -,h4g3 d3c2 f3f4 c2d1 g3f3 d1c2 f3g4 f8g8 g4h5 g8h8,583
r1bq1rk1/4bp1p/2np1np1/p1p1p3/Pp2P3/2PP1NN1/1PB2PPP/R1BQR1K1 w - -,c2b3 f8e8 f3g5 e8f8 h2h3 d8c7 g5f3 f8e8 c1h6 c6d8,34
3r1b1k/1pq4p/p4Pp1/3QPn2/8/2P5/PP5P/4RRK1 w - -,d5e4 d8d2 e1e2 d2e2 e4e2 c7c6 g1f2 c6e6 f1d1 f5h6,15
4r2k/p5pp/1p6/2b5/P4P2/1R3K2/7P/3R4 w - -,b3d3 h8g8 d3d8 g8f8 d1d7 e8d8 d7d8 f8e7 d8g8 e7f6,485
8/8/8/2k2p1p/5P1P/2K5/8/8 w - -,d1d7 a7a6 d7c7 h7h6 a4a5 e8e6 b3d3 e6f6 d3d8 h8h7,Mate
r2q1rk1/Q1p2ppp/1n2p3/2p5/2bP4/2N1P1B1/P4PPP/R3R1K1 w - -,a7c7 c5d4 e3d4 d8c7 g3c7 b6a4 c3a4 a8a4 a2a3 c4d5,15
8/8/2k5/1p6/8/2nN1K1P/8/8 w - -,,0
r1b2rk1/pp1p1ppp/2np4/1B6/5P2/1P6/PBP2qPP/RN1Q3K w - -,b5d3 c6b4 b1a3 f2f4 a3b5 d6d5 d1e2 d7d6 a1f1 f4g5,-202
r5k1/2p3pp/1p2p1q1/p1n1P3/2PR4/1PB2rP1/P4Q1P/6K1 w - -,f2b2 a8f8 c3b4 a5b4 b2a1 g6f5 d4f4 f3f4 g3f4 f5f4,-838
2kr1b1r/pppbq2p/2n1P3/1B1Q2p1/5p2/6B1/PPP2PPP/RN2K2R w KQ -,g3f4 g5f4 e1h1 d7e6 d5e4 e6d7 e4f4 a7a6 b1c3 a6b5,-449
r1b3k1/pp3ppp/2p1pn2/8/4P3/B1P5/P1P1BPPP/R2r2K1 w - -,a1d1 c8d7 e4e5 f6d5 c3c4 d5b6 d1b1 c6c5 a3c5 b6a4,156
rn1k1b1r/1b2p2p/2p1Pp2/pp1qN2Q/2pP4/2n5/PP3PPP/R1B1KB1R w KQ -,f1c4 d5e4 c1e3 f6e5 b2c3 b5c4 d4e5 d8c7 a1d1 c6c5,-382
r3r2k/2pb2pp/2p2n2/p1Pp1P1q/1P1N4/P4P2/2Q3PP/R1B2RK1 w - -,c1f4 h5f7 h2h3 h7h6 g2g4 h8g8 c2d2 d7c8 f1e1 c8a6,333
r1br2k1/p1q2pp1/2p1p2p/2pnN3/3P4/6P1/PPQ2PBP/3RR1K1 w - -,c2c5 c8b7 b2b4 a8c8 a2a3 c7b8 h2h4 d5f6 g2f3 d8d6,91
rnbq1rk1/ppb1n2p/2p2pp1/2Pp4/3P3N/3B4/PP3PPP/RNBQR1K1 w - -,c1h6 f8f7 b1d2 b8d7 f2f4 d7f8 d2f3 c8g4 h2h3 g4f3,75
r1b2rk1/pp2ppbp/1nP3p1/n7/4P3/2N2N1P/PP2BPP1/R1Bq1RK1 w - -,c3d1 a5c6 c1g5 h7h6 g5d2 c8e6 d2c3 f8d8 c3g7 g8g7,-49
r1bq1rk1/ppp2pbp/3p1np1/4n1B1/4P3/3B1N2/PPP2PPP/RN1Q1RK1 w - -,f3e5 d6e5 a2a4 h7h6 g5e3 f6h5 f1e1 d8e7 a4a5 f8d8,24
8/8/2k5/1p1n4/7P/3N1K2/8/8 w - -,,0
rnbqkb1r/pp3ppp/4pn2/2pp4/2B1P3/3P1Q2/PPP1NPPP/RNB1K2R w KQkq -,c4b3 b8c6 e1h1 f8e7 e4d5 e6d5 b1c3 c8e6 c1g5 e8h8,-10
8/5p2/Pk3n2/3B2R1/1p2P2p/1P4bP/6K1/8 w - -,d5f7 b6a6 e4e5 f6e4 g5g6 a6b5 e5e6 g3d6 e6e7 d6e7,616
r2qr2k/ppp2pp1/8/n1bPN1p1/2B3N1/2PP4/PP3PPP/R2Q1RK1 w - -,e5f7 h8g8 f7d8 e8d8 c4b5 a7a6 b5a4 c5a7 b2b4 b7b5,1049
r5k1/pp1b1ppp/2p1pn2/8/4P3/B1P5/P1P1BPPP/3R2K1 w - -,e4e5 f6d5 c3c4 d5b6 d1b1 c6c5 a3c5 b6a4 c5b4 h7h6,160
5rk1/p2b3p/3q2p1/p2P4/2P1p3/bNQ5/6PP/R4R1K w - -,c4c5 d6d5 f1f8 g8f8 c5c6 d7f5 c6c7 a3b4 a1f1 f8g8,452
6r1/8/8/4R3/6K1/3k1P2/8/8 w - -,e5g5 g8a8 f3f4 d3d4 f4f5 d4d5 g5g6 a8a1 g6e6 a1f1,583
5rk1/2p3pp/1p2p1q1/p1n1P3/2PR4/1PB2QP1/P6P/6K1 w - -,f3g4 g6c2 c3e1 c2a2 d4d2 a2b1 g4e2 b1b3 e1f2 b3b1,-366
8/8/4k2P/p5p1/P1pp2P1/6K1/2P4r/8 w - -,g3h2 e6f7 h2g3 c4c3 h6h7 f7g7 g3f3 d4d3 c2d3 c3c2,-1415
2kr3r/b2q1pp1/p2p1n1p/2p1p2b/P1P1P3/2P2N1P/2B2PP1/R1BQ1RK1 w - -,a4a5 g7g5 d1d3 d7e6 f3h2 h5g6 f1e1 c8d7 h2f1 d7e7,133
r1bq1rnk/1pp4p/p1np4/P3p1b1/1PBPPpp1/2P5/3N1PPP/R1BQRNK1 w - -,c1b2 d8f6 b4b5 a6b5 c4b5 g8e7 d4e5 d6e5 d2c4 h7h5,-113
r1b2rk1/pp2ppbp/1nn3p1/8/4P3/2N2N1P/PP2BPP1/R1BR2K1 w - -,c3d5 b6d5 e4d5 c6e5 f3d4 f8d8 d4b5 c8d7 c1g5 d7b5,26
5r2/p5qp/4Rr1k/3p2R1/5BbP/8/PP3PP1/6K1 w - -,g5g4 h6h5 g4g7 f6e6 g2g3 f8f4 g3f4 h5h4 f4f5 e6a6,142
rn3rk1/1b2ppbp/p5p1/1p6/3PP3/1B2B3/P2K1PPP/2R3NR w - -,d4d5 a6a5 c1c7 b7c8 g1f3 a5a4 b3c2 e7e6 d5d6 e6e5,39
rnbq2k1/ppb1nr1p/2p2pp1/2Pp4/3P3N/3B4/PP2QPPP/RNB1R1K1 w - -,f2f4 b7b6 c1e3 b8d7 b1d2 d7f8 g1h1 a8b8 d2b3 d8d7,52
8/8/2k2n2/1p5P/8/3N1K2/8/8 w - -,,0
r1bq1rk1/pppn1pbp/5np1/4p1B1/4P3/3B1N2/PPP2PPP/RN1Q1RK1 w - -,h2h3 d7c5 b1c3 h7h6 g5e3 d8e7 d1c1 g8h7 b2b4 c5d3,4
r4rk1/2q2ppp/1n2p3/2p5/2bP4/2N1P1B1/P4PPP/R3R1K1 w - -,g3c7 c5d4 e3d4 b6a4 c3a4 a8a4 a2a3 f8c8 c7d6 c4d5,19
8/3K4/7R/2r5/8/2k5/4P3/8 w - -,d7d6 c5a5 h6h4 a5a6 d6e5 a6a5 e5f4 a5a2 e2e3 a2f2,444
5rk1/2p3pp/1p2p3/p1n1Pq2/2PR4/1PB3P1/P3Q2P/6K1 w - -,h2h4 f5f3 e2f3 f8f3 c3e1 c5d3 e1d2 f3g3 g1f1 a5a4,-53
8/5k2/7P/p5p1/P1pp2P1/8/2P4K/8 w - -,h2h4 f5f3 e2f3 f8f3 c3e1 c5d3 e1d2 f3g3 g1f1 a5a4,Mate
4r2k/p5p1/1p5p/2b5/P4P2/3R1K2/7P/3R4 w - -,d3d8 e8d8 d1d8 h8h7 d8a8 a7a5 f3e4 h6h5 h2h3 g7g6,528
8/8/2k2n1P/8/1p6/3N1K2/8/8 w - -,,0
r3r1k1/pp1n1p1p/5n2/3p1N2/3P2p1/1PN2PP1/2P4P/3R1K1R w - -,f3g4 a8c8 d1d3 f6e4 c3e4 d5e4 d3d2 c8c3 d2e2 d7f6,164
r3k1nr/ppq2ppp/2n1p1b1/8/2NP1bP1/3B1N1P/PP3P2/R1BQ1RK1 w kq -,f3e5 f4c1 a1c1 g8e7 e5c6 b7c6 c4e5 a8d8 d1f3 e8h8,15
8/5B2/k4n2/6R1/1p2P2p/1P4bP/6K1/8 w - -,g5g3 f6e4 g3e3 e4d2 e3e2 d2b1 g2f3 a6b7 f7c4 b7b6,875
3r2k1/6p1/b3p2p/2N5/3p2q1/1P6/P3P1K1/2RQR3 w - -,f7c4 a6b7 e4e5 f6e8 g5g8 e8c7 e5e6 g3d6 g8d8 d6c5,Mate
4r1k1/pp1q2bp/2n3p1/3p4/3P1r2/P1QRN1P1/1P5P/3R2K1 w - -,g3f4 e8e3 d3e3 d7g4 g1f1 g4d1 c3e1 d1g4 e1g3 g4d7,-389
1q2r1k1/p1rp1ppp/B2Rpn2/1Qp5/1P6/P5P1/4PP1P/2R3K1 w - -,b5b8 e8b8 c1c5 c7c5 b4c5 b8b1 g1g2 b1c1 a6b7 c1c5,-10
r5k1/pp1b1ppp/2p1p3/4P3/4n3/B1P5/P1P1BPPP/3R2K1 w - -,d1d7 e4c3 g1f1 c3a2 d7b7 a7a5 f1e1 a2c3 e2f3 h7h5,468
rnbqk2r/p3ppbp/2pp1np1/1p6/3PPB2/2N5/PPPQ1PPP/R3KBNR w KQkq -,f4h6 e8h8 h6g7 g8g7 f2f3 b5b4 c3d1 c6c5 g1e2 c5d4,-1
8/1p2kpp1/p1p1p3/1r2P3/1PRPKPP1/3R4/1P5r/8 w - -,c4c5 h2e2 e4f3 e2b2 c5b5 c6b5 d3c3 e7d7 c3d3 b2b4,-193
1nbq1rk1/r4ppp/2p1p3/pp1nN3/P1pP4/4P1P1/1PQN1PBP/R4RK1 w - -,g2e4 g7g6 b2b3 f7f6 e5f3 f6f5 e4d5 e6d5 f3e5 d8c7,-50
r2qk2r/pp2bpp1/1np2np1/4p3/2BP4/6N1/PPP2PPP/R1BQR1K1 w kq -,d4e5 d8d1 e1d1 b6c4 e5f6 e7f6 g3e4 f6b2 c1b2 c4b2,43
rnbqkb1r/p1p1pppp/5n2/6B1/1ppPP3/2N5/PP3PPP/R2QKBNR w KQkq -,d1a4 b8d7 a4b4 h7h6 g5e3 f6g4 b4c4 g4e3 f2e3 e7e6,41
rnb1kb1r/pp1ppppp/8/2p4q/2P5/1P6/P2BPPPP/R2QKBNR w KQkq -,h2h4 b7b6 d2c3 c8b7 d1d2 f7f6 e2e3 h5f7 a2a4 a7a5,-95
2kr3r/b4pp1/p1qp1n1p/2p1p2b/P1P1P3/2P2N1P/2B2PP1/R1BQR1K1 w - -,a4a5 c6d7 d1d3 h5f3 d3f3 d7e6 f3d3 c8c7 c2a4 d8b8,165
8/8/5n1P/8/2k5/3N1K2/8/8 w - -,,0
r1bq2k1/ppbnnr1p/2p2ppB/2Pp4/3P3N/3B4/PP2QPPP/RN2R1K1 w - -,f2f4 b7b6 b1d2 b6c5 f4f5 g6f5 h4f5 e7f5 d3f5 d7f8,9
4r2k/r1pb2pp/2p2n2/p1Pp1P1q/1P1N1B2/P4P2/2Q3PP/R4RK1 w - -,b4b5 h5f7 f1e1 e8e1 a1e1 c6b5 c5c6 d7c8 d4b5 a7a8,461
6k1/p2b3p/6p1/p1Pq4/4p3/bNQ5/6PP/5R1K w - -,c3a5 d7e6 a5a3 d5d3 a3c1 d3b3 c5c6 b3c4 c6c7 c4c1,478
8/8/8/2k5/8/3K1N2/6B1/8 w - -,f3g5 c5b4 g2d5 b4c5 d5e6 c5d6 d3d4 d6e7 d4e5 e7f8,278
3r3k/p5p1/1p5p/2b5/P4P2/5K2/7P/3R4 w - -,d1a1 d8d3 f3e4 d3d4 e4e5 d4d2 e5f5 d2h2 a1d1 h2a2,-564
r1bqk2r/2b1n1pp/2p1p3/ppB1Pp2/5P2/2NPQN2/PPP3PP/2KR2R1 w kq -,g2g4 b5b4 c3e4 e8h8 g4f5 e7f5 e3f2 a8b8 c5f8 d8f8,318
5rk1/2p3pp/1p2p3/p1n1P3/2P2R2/1PB3P1/P3Q2P/1q4K1 w - -,c3e1 f8f4 g3f4 c5d3 g1f1 d3f4 e2f3 f4d3 f1e2 b1e1,-345
5r2/pp1b3k/2p1p1n1/6p1/6R1/2Q3B1/PPP3PP/6K1 w - -,g4g5 h7h6 g5g6 h6g6 c3d3 g6f6 d3d7 e6e5 g3e5 f6e5,969
r5k1/pp1b1ppp/2p1p3/3nP3/8/B1P5/P1P1BPPP/3R2K1 w - -,c3c4 d5b6 d1b1 c6c5 a3c5 b6a4 c5b4 h7h6 f2f3 d7e8,151
6k1/pp1q2bp/2n3p1/3p4/3P1P2/P1QRr3/1P5P/3R2K1 w - -,d3e3 d7g4 g1h1 g4d1 e3e1 d1g4 c3d2 g7f6 d2g2 g4d7,-387
4rrk1/1p3q1p/p2b1PpB/3Qpn2/3P4/2P5/PP5P/4RRK1 w - -,d5d6 f5d6 d4e5 d6f5 h6g5 f7d5 g5f4 d5c5 g1g2 g6g5,-573
1nbq1rk1/r4p1p/2p1p1p1/pp1nN3/P1pPB3/4P1P1/1PQN1P1P/R4RK1 w - -,b2b3 f7f6 e5f3 f6f5 e4d5 e6d5 f3e5 d8c7 d2f3 b8d7,-56
r1b2rk1/1p2n1p1/1qn1p2p/p2pP3/1b6/2BB1N2/PPN2PPP/R2Q1RK1 w - -,c2d4 c8d7 a1c1 a8c8 d3b1 c6d4 f3d4 c8c4 b1d3 c4c8,46
r4rk1/2B2ppp/1n2p3/8/2bp4/2N1P3/P4PPP/R3R1K1 w - -,e3d4 b6a4 c3a4 a8a4 a2a3 c4d5 c7d6 f8c8 d6b4 h7h5,17
3R4/p5pk/1p5p/2b5/P4P2/5K2/7P/8 w - -,d8a8 a7a5 f3e4 h7g6 a8c8 g6f7 c8c7 f7g6 c7c6 g6h7,571
rnb2rk1/4ppbp/p5p1/1p6/B2PP3/4B3/P2K1PPP/2R3NR w - -,a4b3 a6a5 g1f3 a5a4 b3d5 a8a7 c1b1 c8a6 a2a3 e7e6,5
rnbq1rk1/p3ppbp/2pp1npB/1p6/3PP3/2N5/PPPQ1PPP/R3KBNR w KQ -,h6g7 g8g7 a2a3 e7e5 g1f3 b8d7 f1e2 f8e8 e1h1 c8b7,-4
r1bqk2r/pp1n1ppp/3bpn2/1Bpp4/4P3/3P1Q2/PPPN1PPP/R1B1K1NR w KQkq -,f3e2 e8h8 g1f3 a7a6 b5d7 f6d7 e1h1 b7b5 f1e1 h7h6,-55
r1br2k1/pp2ppbp/1nn3p1/8/4PB2/2N2N1P/PP2BPP1/R2R2K1 w - -,d1d8 c6d8 a2a4 g7c3 b2c3 c8d7 a4a5 b6a4 a1a3 a8c8,17
r3r1k1/pp1n1p1p/8/3p1N2/3P2n1/1PN3P1/2P4P/3R1K1R w - -,c3d5 e8e6 h2h3 g4h6 f5h6 e6h6 f1e2 a7a5 e2d3 a5a4,220
5r2/p5qp/4Rr2/3p3k/5BRP/8/PP3PP1/6K1 w - -,g4g7 f6e6 g2g3 h7h6 g1g2 f8f4 g3f4 d5d4 g2f3 d4d3,154
3r2k1/6p1/b3p2p/3p4/N6q/1P6/P3P2K/2RQR3 w - -,h2g1 d5d4 e1f1 h4g3 g1h1 a6b7 f1f3 d8f8 d1e1 g3g4,-717
r2qkb1r/pppb1p2/2n1pn1p/3pB1p1/3P4/2PBPN2/PP3PPP/RN1QK2R w KQkq -,e5g3 f6h5 g3e5 h5f6 b2b4 a7a6 h2h3 c6e5 f3e5 d7b5,33
r3k1nr/3np1bp/pq1p1pp1/2p5/P2PPN2/5N2/1BP1BPPP/Q4RK1 w kq -,f4e6 a8b8 f1b1 d7f8 d4c5 d6c5 e6g7 e8f7 a1a2 f7g7,394
r4r1k/pq4pp/p3bn2/2p5/3b4/1PNQN3/PBP2PPP/2KRR3 w - -,f2f3 a8d8 c1b1 h7h6 d3e2 f8e8 e2f1 f6d7 e3c4 d7b6,164
rnbqkb1r/p3pppp/2p2n2/6B1/QppPP3/2N5/PP3PPP/R3KBNR w KQkq -,a4b4 e7e5 b4c4 d8d4 g1f3 d4c4 f1c4 f6d7 g5e3 f7f6,56
2k4r/b2r1pp1/p1qp1n1p/2p1p2b/P1P1P3/2PB1N1P/5PP1/R1BQR1K1 w - -,a4a5 d7c7 d3c2 c6d7 d1d3 h5f3 d3f3 c8d8 c2a4 d7e6,175
r5k1/pp1b1ppp/1np1p3/4P3/2P5/B7/P1P1BPPP/3R2K1 w - -,d1b1 c6c5 a3c5 b6a4 c5d4 b7b6 b1b3 g7g6 g1f1 d7c6,147
r5k1/5pp1/1p2p2p/1P6/5P2/5R1P/6PK/8 w - -,f3e3 a8a5 e3b3 a5a4 h2g3 g7g6 g3g4 a4c4 g4f3 g8g7,-303
6k1/pp4bp/2n3p1/3p4/3P1Pq1/P1Q1R3/1P5P/3R2K1 w - -,g1f1 g4d1 e3e1 d1g4 c3e3 g7d4 e3e6 g4e6 e1e6 d4b2,-399
r1bqk2r/2b1n1pp/2p1p3/ppB1P3/5Pp1/2NPQN2/PPP4P/2KR2R1 w kq -,g1g4 e8h8 c5e7 d8e7 d1g1 a8b8 g4g7 e7g7 g1g7 g8g7,465
r1bn2k1/pp2ppbp/1n4p1/8/4PB2/2N2N1P/PP2BPP1/R5K1 w - -,a2a4 g7c3 b2c3 c8d7 a4a5 b6a4 a1a3 a8c8 c3c4 a4c5,17
8/1p2kp2/p1p1p1p1/1r2P3/1PRPKPP1/1P1R4/7r/8 w - -,d3c3 h2g2 g4g5 g2h2 c3e3 e7d7 e3d3 d7c7 d3g3 b5d5,-164
rn1qkb1r/1b2p1pp/2p1Pp2/pp2NQ2/2pP4/2n5/PP3PPP/R1B1KB1R w KQkq -,c1e3 d8d5 b2c3 b7c8 a1d1 c8e6 f5f4 b8d7 e5d7 d5d7,-293
6k1/2p3pp/1p2p3/p1n1Pq2/2P2P2/1PB5/P3Q2P/7K w - -,e2e1 f5f4 e1e2 f4f5 c3e1 h7h6 h2h4 c5e4 h1g1 f5e5,-320
6k1/p2b3p/6p1/Q1P5/4p3/bq6/6PP/5R1K w - -,e2e1 f5f4 e1e2 f4f5 c3e1 h7h6 h2h4 c5e4 h1g1 f5e5,Mate
r4rk1/5ppp/1B2p3/8/2b5/2p1P3/P4PPP/R3R1K1 w - -,,0
8/8/6kP/p5p1/P3K1P1/2pP4/8/8 w - -,e4e3 g6h6 d3d4 c3c2 e3d2 h6g7 d2c2 g7f6 c2b3 f6e6,978
r1bq1rk1/pp1n1ppp/3bpn2/1Bpp4/4P3/3P4/PPPNQPPP/R1B1K1NR w KQ -,g1f3 a7a6 b5d7 f6d7 e1h1 a6a5 f1e1 a5a4 c2c4 d5d4,-54
r1b3k1/pp2ppbp/1nn3p1/8/4PB2/2N2N1P/PP2BPP1/3R2K1 w - -,c3d5 g7b2 d5c7 a8b8 e2b5 f7f6 c7d5 b8a8 b5c6 b7c6,49
r2qr1k1/ppp2Np1/8/n1bP2p1/2B3N1/2PP4/PP3PPP/R2Q1RK1 w - -,f7d8 e8d8 c4b5 d8d5 b2b4 c5d6 b5a4 a5c6 a4b3 c6e7,1084
3rr3/5ppp/1k6/1ppP4/1bpn1B2/6P1/PP3PBP/R4R1K w - -,a2a4 c4c3 b2c3 b4c3 a4b5 c3a1 f1a1 e8e2 h1g1 e2b2,-179
1r2qrk1/ppb3pp/3p4/3Np3/3pPpQ1/P2P1P1P/1PP3P1/1R2R1K1 w - -,d5c7 e8f7 c7d5 b7b5 c2c3 d4c3 b2c3 a7a5 g4h4 g8h8,407
r5k1/pp1b1ppp/2p1p3/2B1P3/n1P5/8/P1P1BPPP/3R2K1 w - -,c5e7 d7e8 d1d3 c6c5 d3b3 e8c6 f2f4 a7a6 e7d6 a8d8,89
8/8/7k/p5p1/P2P2P1/8/3K4/2q5 w - -,c5e7 d7e8 d1d3 c6c5 d3b3 e8c6 f2f4 a7a6 e7d6 a8d8,Mate
8/5B2/Pk6/6R1/1p2n2p/1P4bP/6K1/8 w - -,g5g6 e4d6 f7c4 g3e5 g6e6 e5f4 g2f3 f4g3 f3g4 g3h2,817
3r1rk1/pp2npp1/2n1p1p1/4N3/Q2P1qP1/5N1P/PP3PK1/R4R2 w - -,e5c6 e7c6 a1e1 b7b5 a4a6 c6d4 f3d4 d8d4 a6a7 f8d8,-88
r2r2k1/p1q2pp1/bpp1p2p/2PnN3/3P4/6P1/PPQ2PBP/3RR1K1 w - -,d1c1 a8b8 h2h4 d5b4 c2e4 b6c5 c1c5 b8b5 b2b3 b5c5,103
r1bqk2r/pppp1ppp/5nn1/3P4/4P3/8/PPP1BKPP/RNBQ3R w kq -,,0
r1b1k2r/pp1pqppp/3b1n2/2p1P3/5Q2/2N5/PPP2PPP/R1B1KB1R w KQkq -,f4f3 d6e5 c1e3 a7a6 e1a1 d7d6 h2h3 c8d7 f1c4 d7e6,-82
5rk1/5ppp/1B2p3/8/2b5/2p1P3/r4PPP/R1R3K1 w - -,,0
rn1qkb1r/pb2p2p/2p1Ppp1/1p1n1Q2/2pP4/2N2N2/PP3PPP/R1B1KB1R w KQkq -,f5h3 d5b4 a1b1 b4c2 e1d2 c2d4 f3d4 d8d4 d2e1 f6f5,-195
5q2/1k1b4/2p1p3/1p2P1Q1/3PpPP1/1PP5/R7/4K3 w - -,g5f6 f8f6 e5f6 d7e8 a2h2 b7c7 f6f7 e8f7 h2h7 c7d7,782
r3k2r/ppqn1p1p/2pbpnpB/8/3P4/6N1/PPPQ1PPP/R3KB1R w KQkq -,f1c4 e8a8 c2c3 f6g4 g3e4 g4h6 e4d6 c7d6 d2h6 e6e5,-11
r4r1k/1ppq3p/3p1bnn/P1PPp3/4Ppp1/1N6/5PPP/R1BQRNK1 w - -,b3d2 d6c5 a1b1 a8a5 b1b7 h6f7 d2c4 a5a1 f1d2 d7c8,-71
5rk1/pp2npp1/2n1p1p1/3rN3/Q2P1qP1/5N1P/PP3PK1/3R1R2 w - -,f1e1 g6g5 a4c2 c6e5 e1e5 f8d8 c2b3 b7b6 b3e3 d5e5,-39
r3b1k1/pp2Bppp/2p1p3/4P3/n1P5/8/P1P1BPPP/3R2K1 w - -,d1d3 c6c5 d3b3 e8c6 h2h4 a8e8 e7d6 g7g6 h4h5 e8d8,93
1r2r1k1/2pq1pbp/p1p3p1/2PpP3/6b1/1PN1B3/P1Q2PB1/3R1RK1 w - -,f2f3 g4h3 e3d4 g7e5 c3e2 e8e7 c2d2 b8e8 d2h6 h3g2,123
2kr1b1r/pp3ppp/2n2p2/1q1N4/8/5P2/PPP3PP/R2QK1NR w KQ -,d1d3 b5a5 c2c3 d8d5 d3c4 a5c5 c4c5 f8c5 g1e2 h8d8,-565
5rk1/5ppp/1B2p3/8/8/2p1P3/b4PPP/2R3K1 w - -,,0
8/8/3K3R/r7/8/2k5/4P3/8 w - -,h6h4 a5a6 d6e5 a6a5 e5f4 a5a2 e2e3 c3c4 f4e5 c4c5,493
r2qk1nr/pQp1bppp/4b3/3p4/1n1P4/5N2/PPP2PPP/RNB1KB1R w KQkq -,b7b5 e6d7 b5e2 d7f5 b1a3 g8f6 e2d1 e8h8 c2c3 f8e8,73
rnbqkb1r/p4ppp/2p2n2/4p1B1/1QpPP3/2N5/PP3PPP/R3KBNR w KQkq -,b4c4 d8d4 g1f3 d4c4 f1c4 f6d7 g5e3 f7f6 c3a4 b8a6,46
1r3rk1/ppN2qpp/3p4/4p3/3pPpQ1/P2P1P1P/1PP3P1/1R2R1K1 w - -,c7d5 b8c8 c2c3 c8c6 c3c4 g8h8 e1f1 c6c8 b2b4 c8e8,421
r3k2r/p3ppbp/n1ppbnp1/q7/1p1PP3/1P2BP2/P1PQN1PP/1K1R1BNR w kq -,e2f4 a6c7 a2a4 a7a6 g1e2 c6c5 f4e6 c7e6 g2g4 e8h8,63
r2r2k1/pbq2pp1/1pp1p2p/2PnN3/3P4/6P1/PPQ2PBP/2R1R1K1 w - -,a2a3 a8b8 c2e2 d5f6 e2c4 f6d5 h2h4 b6c5 d4c5 f7f6,93
2kr3r/pbpqnpp1/1p1b1n1p/1P6/2P5/P3PN1P/1BQ1BPP1/RN1R2K1 w - -,f3d4 c8b8 b1d2 f6h7 e2g4 d7e8 g4f3 h7g5 f3b7 b8b7,294
1r2r1k1/2pq1p1p/p1p3p1/2Ppb3/6b1/1PN1B3/P1Q2PB1/4RRK1 w - -,e3d2 h7h5 c2c1 h5h4 d2f4 e5d4 c1d2 d4c5 e1e8 b8e8,-36
6k1/2p3p1/1p2p2p/p1P1Pq2/5P2/1PBn4/P2Q3P/7K w - -,h2h4 d3f4 d2f2 f5e4 h1h2 f4d3 f2g3 d3c5 g3f2 c5d3,-476
8/k4B2/P5R1/8/1p2n2p/1P4bP/6K1/8 w - -,f7c4 e4c3 g6g7 a7b8 g7b7 b8a8 b7d7 g3f4 g2f3 f4g5,817
r1b1qrk1/pp2bpp1/2n1pn1p/2p1N1N1/3P3P/2PB4/PPQ2PP1/R1B1K2R w KQ -,d3c4 c5d4 e5g4 f6e4 c2e4 f7f5 e4d3 e8h5 g5e6 c8e6,103
rnbqkb1r/1p3ppp/4pn2/2Pp4/p7/4PN2/PBPP1PPP/RN1QKB1R w KQkq -,c2c4 f8c5 c4d5 e8h8 d5e6 c8e6 b2a3 f6e4 f1e2 d8e7,89
r2qk2r/pppbbppp/2n2n2/3p2B1/3P4/5NP1/PP2PPBP/RN1Q1RK1 w kq -,b1c3 d7e6 f3e5 e8h8 a1c1 a7a5 e5c6 b7c6 c3a4 e6d7,82
r2qk2r/pbp1bpp1/1pn1pn1p/3p4/3P3B/2NBPN2/PPP2PPP/R2Q1RK1 w kq -,c3e2 e8h8 c2c3 f6e4 h4e7 d8e7 h2h3 c6a5 e2f4 c7c5,29
2kr2nr/pbp1qp2/1p1b1n1p/1P2N1p1/2P5/P3P2P/1BQ1BPP1/RN1R2K1 w - -,e5c6 b7c6 b5c6 c8b8 b1c3 e7e5 d1d6 e5d6 c2a4 g5g4,521
r3r1k1/ppp1qNp1/8/n1bPN1p1/2B5/2PP4/PP3PPP/R2Q1RK1 w - -,d5d6 a5c4 d6e7 c4e5 f7e5 c5e7 d1b3 g8h7 b3b7 a8b8,915
r6R/2p1k3/6Q1/1p2N3/4P3/1q1P4/1P3P2/1K6 w - -,c4b5 e8f8 d1h5 f8f7 e5g6 f7f6 g6e7 c5e7 a1e1 f6h6,Mate
3r1rk1/pq4pp/p3bn2/2p5/3b4/1PNQN3/PBP2PPP/2KRR3 w - -,c1b1 g8h8 f2f3 h7h6 d3e2 f8e8 e2f1 b7b8 g2g3 f6d7,162
6k1/6p1/1p2p2p/p3Pq2/5P2/1PBn4/P2Q3P/7K w - -,h2h4 d3f4 d2f2 f5g4 h1h2 g4h3 h2g1 h3c3 f2f4 c3a1,-421
r1b2rk1/ppppqppp/3b1n2/1B6/3n4/1P2P3/PBP2PPP/RN1Q1RK1 w - -,b2d4 c7c5 d4b2 d6e5 b2e5 e7e5 b1d2 d7d5 f1e1 c8e6,-20
6k1/5pp1/1p5p/rP3R2/8/7P/6PK/8 w - -,g2g3 g8f8 f5e5 f7f6 e5d5 f8e7 h2g2 e7e6 d5d8 a5b5,-303
8/1p2kp2/p1p1p1p1/1r2P1P1/1PRPKP2/1P3R2/7r/8 w - -,f3d3 h2h1 e4f3 b5d5 f3g2 h1b1 c4c2 e7d8 g2f3 d5b5,-214
r6R/2p3Q1/3k4/1p2N3/4P3/1q1P4/1P3P2/1K6 w - -,f3d3 h2h1 e4f3 b5d5 f3g2 h1b1 c4c2 e7d8 g2f3 d5b5,Mate
8/8/8/K7/3k4/8/p7/5Q2 w - -,f3d3 h2h1 e4f3 b5d5 f3g2 h1b1 c4c2 e7d8 g2f3 d5b5,Mate
rnb1k2r/ppq2ppp/4pn2/2Pp4/5P1P/2N5/PPP2PP1/R2QKBNR w KQkq -,d1d4 e8h8 g1f3 b8c6 d4d2 c7e7 h4h5 h7h6 e1a1 e7c5,22
R7/3b4/1kp1p3/1p2P3/3Pp1P1/1PP5/4K3/7q w - -,e2f2 h1f3 f2g1 e4e3 a8a1 f3f2 g1h1 e3e2 c3c4 e2e1q,-977
8/8/r2K4/8/7R/2k5/4P3/8 w - -,d6d5 a6a5 d5d6 a5a6 d6e5 a6a5 e5f4 a5a2 e2e3 c3c4,493
rnbq1rk1/pppp2pp/3bpn2/5p2/3P4/2N1PNP1/PPP2P1P/R1BQKB1R w KQ -,f1g2 c7c6 e1h1 d6c7 f1e1 c7a5 c1d2 f6e4 c3e4 f5e4,45
8/6pk/1p2p2p/p3Pq2/5P2/PPBn4/3Q3P/7K w - -,a3a4 d3f4 h1g1 f4h3 g1g2 f5e4 g2f1 h3g5 d2d4 e4f3,-426
5k2/p6p/2b3p1/p2q4/4p3/bNQ5/6PP/R6K w - -,b3a5 a3d6 a5c6 f8g8 c6a5 d5c5 c3c5 d6c5 a5c4 e4e3,462
r2r2k1/pbq2pp1/2p1p2p/2pnN3/3P3P/6P1/PPQ2PB1/2R1R1K1 w - -,c2c5 a7a5 g2f3 c7d6 c5c2 a8b8 f3h5 d8f8 c2c5 d6c5,85
8/k7/P5R1/2n5/1pB4p/1P4bP/6K1/8 w - -,c2d2 c5d4 d2d4 a8b8 c1c5 b7a8 e1c1 c7b6 e5c4 b6b7,Mate
3R4/p5pk/1p6/2b2P1p/P7/5K2/7P/8 w - -,d8d7 a7a6 f5f6 c5f8 f3e4 h5h4 d7b7 a6a5 e4f5 h7h6,654
5k2/p6p/2P3p1/p2q1b2/4p3/bNQ5/6PP/R6K w - -,b3a5 a3c5 c6c7 e4e3 a5b3 c5b6 c7c8q f5c8 c3c8 f8e7,453
8/1R6/P7/6P1/1K6/8/2k2P2/8 w - -,a1f1 a3d6 c3h8 f8e7 b3d4 a5a4 h8h7 d5f7 h7f7 e7f7,Mate
r1bqk2r/ppp2p1p/1n2p1p1/3Pb3/4P3/2N4P/PP2BPP1/R1BQK2R w KQkq -,a2a4 a7a5 e1h1 e6d5 c3d5 c7c6 f2f4 e5g7 d5b6 d8b6,56
r1bqkb1r/pppp1ppp/8/4n3/8/2NQB3/PPP2PPP/R3K1NR w KQkq -,d3d5 d7d6 d5e4 f8e7 c3d5 e8h8 e1a1 f8e8 g1f3 e5g4,-124
8/6pk/1p2p2p/p3Pq2/5n2/PPB1Q3/7P/7K w - -,h2h3 f4d5 e3g3 f5e4 h1g1 d5f4 g1h2 e4c2 h2h1 f4e2,-596
8/1R6/P5P1/8/1K6/8/5P2/1k6 w - -,h2h3 f4d5 e3g3 f5e4 h1g1 d5f4 g1h2 e4c2 h2h1 f4e2,Mate
5k2/p1P4p/6p1/p2q1b2/1b2p3/1NQ5/6PP/R6K w - -,c3f6 d5f7 f6d8 f8g7 b3d4 f5g4 c7c8q g4c8 d8c8 h7h6,499
rn1qk1nr/4p1bp/p2p1pp1/8/P2pPN2/5N2/1BP1BPPP/3Q1RK1 w kq -,f3d4 d8c8 d4e6 g7h6 f4d5 a8a7 e2g4 b8d7 b2d4 a7b7,354
rn1qkb1r/pb2p1pp/2p1p3/1p1n4/2pP4/2N2N2/PPQ2PPP/R1B1KB1R w KQkq -,f1e2 d5b4 c2e4 b8d7 e1h1 d7f6 e4b1 d8b6 b2b3 b4d5,83
8/1R4P1/P7/8/1K6/8/5P2/k7 w - -,b2b3 c6c5 b3c4 d5b4 c2b2 b7f3 g2f3 b5c4 f1c4 b8c6,Mate
1n3rk1/5qpp/r1Pp1p2/p7/Bbp4B/5Q2/1P3PPP/R4RK1 w - -,a1c1 d6d5 c6c7 b8c6 f1d1 b4d6 f3d5 f7d5 d1d5 d6c7,110
r3r1k1/ppp1qNp1/3b4/n2PN1p1/1PB5/2PP4/P4PPP/R2Q1RK1 w - -,d1h5 e7e5 f7e5 e8e5 b4a5 g5g4 h5g4 a8f8 d3d4 e5e7,891
2bq1rk1/2p1bppp/p1np1n2/Pr2p3/1p2P3/1B1P1N2/1PPN1PPP/R1BQR1K1 w - -,b3a4 b5a5 d2b3 a5a4 a1a4 f6d7 c2c3 b4c3 b2c3 d7b6,105
r1bq1rk1/pp1p1p1p/3b2p1/2p1P2n/4Q3/2N5/PPP2PPP/R1B1KB1R w KQ -,c1e3 f8e8 f2f4 d6f8 e1a1 d7d6 f1b5 c8d7 b5d7 d8d7,204
8/8/8/r3K3/7R/2k5/4P3/8 w - -,e5d6 a5a6 d6e5 a6a5 e5f4 a5a8 h4h5 a8f8 h5f5 f8h8,546
rnbq1rk1/pppp2pp/3bp3/4N3/3Pp3/4P1P1/PPP2P1P/R1BQKB1R w KQ -,f1g2 d8f6 f2f4 e4f3 e5f3 f6g6 c2c3 b8c6 e1h1 b7b6,42
r1bq1rk1/ppp2p1p/1n4p1/3Pb3/8/2N4P/PP2BPP1/R1BQ1RK1 w - -,a2a4 a7a5 e2f3 c8f5 f1e1 f8e8 g2g4 f5d7 c3e4 d8h4,29
2k5/brq3p1/p2p1n1p/P1p1p1p1/2P1P3/2PB3P/2Q1RPP1/2B3K1 w - -,,0
8/8/1pk5/8/8/5K1P/4n3/8 w - -,,0
r1b2rk1/ppppqppp/3b1n2/1B2n3/3N4/1P2P3/PBP2PPP/RN1Q1RK1 w - -,d4f5 e7e6 f5d6 c7d6 b2a3 f6e8 b1c3 a7a6 b5e2 b7b5,215
r1bqr1k1/ppp2p1p/1n4pB/3Pb3/8/2N4P/PP2BPP1/R2Q1RK1 w - -,e2b5 c8d7 b5d7 d8d7 a2a4 a7a5 d1c2 f7f6 f1d1 g6g5,-12
3r4/1p2kp2/p1p1p1p1/4P1P1/1PRP1P2/1PK2R2/8/7r w - -,c3d3 e7d7 c4c2 d7c7 c2d2 d8h8 d2e2 h1g1 e2e3 g1d1,-266
2bq1rk1/2p1bppp/p1np1n2/r3p3/Bp2P3/3P1N2/1PPN1PPP/R1BQR1K1 w - -,d2b3 a5a4 a1a4 f6d7 c2c3 b4c3 b2c3 d7b6 a4a1 f7f5,114
r2qk2r/pbp1bpp1/1pn1p2p/3p4/3Pn2B/2NBPN2/PPP2PPP/R2QR1K1 w kq -,h4e7 c6e7 c3e2 e8h8 e2f4 c7c5 c2c3 e7c6 a1c1 d8c7,28
8/8/2k5/1p6/8/7P/4K3/8 w - -,,0
5k2/5pp1/1p5p/rP3R2/7P/8/6PK/8 w - -,f5d5 f8e7 g2g4 e7e6 d5d8 a5b5 d8g8 e6f6 h2g3 h6h5,-332
r1bq1nk1/p1b1nr1p/1pp2ppB/2Pp4/3P1P1N/3B4/PPQ3PP/RN2R1K1 w - -,c5b6 c7b6 f4f5 b6d4 g1h1 g6g5 h4f3 e7f5 h6f8 d8f8,-87
rnbqkb1r/ppp1pppp/5n2/3p4/3PP3/7P/PPP2PP1/RNBQKBNR w KQkq -,e4d5 d8d5 g1f3 e7e6 c2c4 d5d8 b1c3 c7c5 d4d5 f8e7,87
8/8/8/1p1k4/7P/8/4K3/8 w - -,,0
8/6pk/1p2p2p/p2nPq2/3B4/PP2Q3/7P/7K w - -,e3g1 d5f4 g1f1 f5e4 h1g1 e4d4 g1h1 d4e4 h1g1 b6b5,-680
8/8/8/8/5K1R/2k5/r3P3/8 w - -,e2e3 c3d3 f4f3 a2a7 h4d4 d3c3 d4d5 a7f7 f3g4 f7e7,546
r1bq1rk1/pp3pp1/2np1n1p/2p1p3/1bPP3B/2NBPN2/PP3PPP/R2Q1RK1 w - -,c3d5 f8e8 d4e5 d6e5 h4f6 g7f6 d1c2 g8g7 d3f5 c6e7,335
2bq1rk1/2p1bppp/p1np1n2/4p3/rp2P3/1N1P1N2/1PP2PPP/R1BQR1K1 w - -,b3d4 a4a1 d4c6 d8d7 c6e7 d7e7 h2h3 c7c5 f3h4 h7h6,-500
8/8/8/4k2P/1p6/3K4/8/8 w - -,,0
r2qk2r/ppp2ppp/2np1n2/8/1b1PP1b1/2N2N2/PPPB1PPP/R2QKB1R w KQkq -,h2h3 g4f3 d1f3 c6d4 f3d3 c7c5 e1a1 e8h8 g2g4 f8e8,96
r3k2r/ppqb1ppp/2pb1n2/3pp1B1/3P4/2NBP3/PPP2PPP/R2QK2R w KQkq -,g5f6 g7f6 d1f3 e8a8 f3f6 c8b8 e1a1 d7e6 g2g3 h7h5,-45
4rrk1/1p3qnp/p2b2pB/3QpP2/3P4/2P5/PP5P/4RRK1 w - -,d5f7 f8f7 f5g6 h7g6 f1f7 g8f7 h6g7 f7g7 g1g2 g7f7,-406
r1b1r1k1/ppp2p1p/1n4pB/3Pb3/7q/2N4P/PP1QBPP1/R4RK1 w - -,a1e1 f7f6 e2b5 c8d7 e1e5 e8e5 b5d7 b6d7 h6f4 e5e7,29
2kr2nr/pbpq1p2/1pNb1n1p/1P4p1/2P5/P3P2P/1BQ1BPP1/RN1R2K1 w - -,c4c5 b7c6 b5c6 d7c6 c2f5 c8b8 c5d6 d8d6 d1d6 c6d6,606
r1b1k2r/pp3ppp/2n1pn2/q1Pp4/3Q1P1P/2N5/PPP2PP1/R3KBNR w KQkq -,f1b5 a5b5 c3b5 c6d4 b5d4 c8d7 h1h3 e8e7 h3a3 h8c8,70
8/6pk/1p2p2p/p2nP3/3B4/PP3q2/7P/4Q2K w - -,h1g1 d5f4 e1b1 h7h8 b1f1 f4e2 f1e2 f3e2 d4b6 e2d1,-927
1r1q1rk1/p1p2ppp/2p1pn2/4B3/2pP4/2NbP3/PP3PPP/R2QR1K1 w - -,b2b3 f6d7 e5g3 c6c5 b3c4 d3c4 a1c1 c5d4 c3e4 b8b4,31
r2qk2r/pbp1npp1/1p2p2p/3p4/3Pn3/2NBPN2/PPP2PPP/R2QR1K1 w kq -,c3e2 c7c5 c2c3 e8h8 e2f4 e7c6 a1c1 a8c8 a2a3 d8c7,20
2q2rk1/p4p1p/4bPp1/2p5/8/1P3pP1/P4P1P/2Q2RK1 w - -,c3a4 e8h8 c2c4 d5c4 d3c4 e7g6 d1e2 e4g5 f3g5 d8g5,Mate
8/8/8/8/5K1R/3kP3/r7/8 w - -,f4f3 a2a8 h4d4 d3c2 d4d5 c2b3 e3e4 a8f8 f3g4 f8g8,523
8/6pk/1p2p2p/p2nP3/3B2q1/PP6/7P/4Q1K1 w - -,g1h1 g4f3 h1g1 d5f4 e1b1 h7h8 b1f1 f4e2 f1e2 f3e2,-1016
r1bqk2r/p1pp1ppp/2p2n2/4p3/8/2P2N2/P1PP1PPP/R1BQR1K1 w kq -,e1e5 e8f8 c3c4 d7d6 e5e3 c8d7 h2h3 f8g8 a1b1 h7h6,132
8/p2R2p1/1p5k/2b2P1p/P7/5K2/7P/8 w - -,d7a7 h5h4 f3g4 h4h3 a7c7 c5d4 c7c8 g7g5 c8c7 d4e3,714
8/5p2/1p2k1pp/1r6/6PP/6K1/8/3R4 w - -,d1a1 h6h5 g4h5 b5h5 a1a6 h5b5 a6a7 b5c5 a7a6 c5c6,-447
r3r1k1/ppp1qNp1/3b4/P2PN3/2B3p1/2PP4/P4PPP/R2Q1RK1 w - -,d1g4 e7f6 d3d4 e8e7 f7g5 b7b5 a5b6 a7b6 a1e1 a8f8,934
4rrk1/1p3qnp/p2Q3B/4pp2/3P4/2P5/PP5P/4RRK1 w - -,e1e5 e8e5 d4e5 f8e8 g1f2 e8e6 d6d8 f7e8 d8e8 g7e8,150
5qk1/p2b3p/6p1/3P4/p1P1p3/bN2Q3/6PP/R6K w - -,b3d2 a3c5 e3e4 d7f5 e4e2 a4a3 d2b3 f8f6 a1f1 c5b4,191
r3r1k1/pppb1p1p/1n4pB/3Pb3/7q/2N4P/PP1QBPP1/4RRK1 w - -,e2f3 b6c4 d2c1 c4d6 c3e4 d6e4 e1e4 h4f6 f1e1 e5d6,58
r4rk1/1p1bn1p1/1qn1p2p/p2pP3/1b1N4/2BB1N2/PP3PPP/R2Q1RK1 w - -,a1c1 a8c8 d3b1 c6d4 f3d4 c8c4 b1d3 c4c8 d1g4 b4c5,37
2rq1rk1/1p3pbp/3n2p1/p2P4/P1p4N/Q1N1B1P1/1Pn2PBP/R5K1 w - -,e3c5 c2a3 c5a3 d8b6 a1f1 g8h8 h4f3 h7h6 f1d1 c8d8,-578
r5k1/p4rp1/2p4p/P2n2q1/4p3/N1P4b/P2PBPPP/R2Q1RK1 w - -,g2g3 h3f1 d1f1 g5d2 a3c4 d2c3 a1c1 c3f6 e2h5 f7f8,-318
2bq1rk1/2p1bppp/p1n2n2/3pp3/Rp2P3/1N1P1N2/1PP2PPP/2BQR1K1 w - -,c1g5 d8d6 g5f6 e7f6 c2c3 h7h6 d1c2 f8d8 e1a1 d5e4,116
8/R7/1p4pk/2b2P1p/P7/5K2/7P/8 w - -,a7a6 h6g7 f5g6 c5g1 h2h3 g7h6 f3e4 h6g6 a4a5 g6f6,792
8/r7/8/8/7R/3kPK2/8/8 w - -,h4d4 d3c3 d4d5 a7f7 f3g4 f7e7 g4f4 e7f7 d5f5 f7d7,548
6k1/4R1b1/8/2pq2Bp/3pNRnP/6P1/5P2/1r4K1 w - -,g1g2 d4d3 f4f7 d5f7 e7f7 g8f7 e4c5 g4e5 c5e4 b1b2,-529
r1b5/ppp1k2p/6p1/8/8/8/PPP2PPP/RN4K1 w - -,b1c3 c8f5 c3d5 e7f7 d5e3 f5e6 a1d1 a7a5 g1f1 a5a4,139
R7/P4pk1/7p/5p1P/8/8/3K2P1/r7 w - -,,0
r2q1rk1/pp3pbp/2p1bnp1/4p1B1/4P3/2NB3P/PPP2PP1/R2Q1RK1 w - -,a2a4 d8e7 c3e2 a7a5 d1d2 f8d8 d2e3 d8e8 b2b3 e7b4,1
r3r1k1/pp3p1p/1n6/3p1N2/3P2n1/1PN3P1/2P4P/3R1KR1 w - -,d1d3 g8f8 g1g2 e8e6 h2h3 g4f6 g2e2 a8e8 e2e6 e8e6,61
3R4/5p2/1p2k1p1/7r/7P/6K1/8/8 w - -,d8d4 b6b5 d4b4 e6d6 g3f3 h5d5 b4b3 d6c5 b3c3 c5b4,-533
r1bqk2r/pp3ppp/2p1pn2/8/2PPN3/6P1/PP3PBP/R2Q1RK1 w kq -,f1e1 e8h8 d1d3 d8e7 e4c5 f8d8 a1d1 e7c7 d3e3 h7h6,87
R7/P4pk1/r6p/5p1P/8/3K4/6P1/8 w - -,,0
1r3rk1/pp3qp1/3p4/1N2p2p/3pPpQ1/P2P1P1P/1PP3P1/1R2R1K1 w - -,g4f5 f7e7 f5h5 f8f6 b5d4 e5d4 h5d5 f6e6 e4e5 g8h8,348
q2r1bk1/3r2pp/p4p1B/1p2pP2/4N1Q1/P1P5/1P4PP/5R1K w - -,e4f6 g8h8 f6d7 d8d7 f5f6 a8e8 h6g7 f8g7 f6g7 d7g7,296
r4rk1/pp1b4/2p1p1n1/6p1/6R1/2Q3B1/PPP3PP/R5K1 w - -,g4g5 d7e8 c3b3 f8f4 g3f4 e8f7 b3b7 a8f8 a1f1 g8h7,1387
2k5/brqn2p1/p2p3p/P1p1p1p1/2P1P3/2PB3P/Q3RPP1/2B3K1 w - -,,0
r3r1k1/ppp3p1/3q4/P2PN3/2B3p1/2PP4/P4PPP/R2Q1RK1 w - -,d3d4 g4g3 f2g3 e8f8 d1g4 b7b5 f1f8 a8f8 c4b5 d6h6,1014
8/N7/1p2k1rp/8/4P1np/2P5/PP4P1/5RK1 w - -,f1e1 g4e5 e1e3 e5c4 e3e2 h4h3 b2b3 c4e5 a7b5 e5d3,51
8/5r2/8/3R4/8/2k1PK2/8/8 w - -,f3g4 f7g7 g4f3 g7g8 e3e4 g8f8 f3g4 f8g8 g4f5 g8f8,548
r3r1k1/pp3p1p/1n6/3p1N2/3P4/1PN1n1PP/2P5/3R1KR1 w - -,,0
r1bqk2r/pp1p1p1p/6p1/2pNP2n/4Q3/8/PPPb1PPP/R3KB1R w KQkq -,e1d2 e8h8 f1e2 d7d6 e2h5 c8f5 e4e3 d6e5 h5f3 e5e4,230
r2q1nk1/p1bbnr1p/2p2ppB/2Pp4/5P1N/3B4/PPQN2PP/R3R1K1 w - -,d2f3 f8e6 f4f5 e7f5 d3f5 g6f5 b2b4 e6g5 b4b5 g5e4,39
rnbq1rk1/ppp2pbp/3p2pB/3Pp3/4n3/2N2P2/PPPQP1PP/R3KBNR w KQ -,d2c1 d8h4 g2g3 e4g3 h2g3 h4h1 h6g7 g8g7 e1f2 h1h6,-344
2rq1rk1/1p3pbp/3n2p1/p2P4/P1p4N/2N1B1P1/QP3PBP/n5K1 w - -,h4g6 f8e8 a2a1 e8e3 g6f4 e3e5 c3b5 d6b5 a4b5 d8d6,-509
2b2rk1/2pqbppp/p1np1n2/4p3/Rp2P3/1N1P1N2/1PP2PPP/2BQR1K1 w - -,c2c3 b4c3 b2c3 h7h6 h2h3 d6d5 d1c2 e7d6 c1e3 f8e8,124
8/1p2kp2/p1p1p1p1/4P1P1/1P1PKP2/1PR2R2/7r/3r4 w - -,b4b5 a6b5 f3e3 d1h1 b3b4 e7d7 c3a3 h1b1 e3b3 b1e1,-274
r1bqk2r/ppp1ppbp/1n4p1/3P4/1n2P3/2N2N1P/PP3PP1/R1BQKB1R w KQkq -,d1b3 a7a5 c1e3 e8h8 a1d1 c8d7 a2a3 b4a6 b3c2 d8e8,153
5qk1/p2b3p/6p1/p2P4/2P1p3/bNQ5/6PP/R6K w - -,c4c5 a3b4 c3c4 d7f5 a1d1 f8f7 b3d4 e4e3 d1f1 f7e7,307
r1b1r1k1/ppppqppp/2nb1n2/1B6/3P4/1P6/PBP1NPPP/RN1Q1RK1 w - -,e2c3 b7b6 b5c4 c8b7 c3b5 d6f4 d1f3 e7e4 f3e4 f6e4,-21
8/3K4/8/2r5/8/2k5/4P2R/8 w - -,d7d6 c5c4 d6e5 c4c8 e2e4 c8e8 e5f4 e8f8 f4e3 c3b4,548
r1bq1rk1/p1pp1ppp/2p2n2/4N3/8/2P5/P1PP1PPP/R1BQR1K1 w - -,c3c4 c8b7 a1b1 a8b8 c1b2 d7d6 e5g4 f6g4 d1g4 f7f6,57
1R6/5p2/4k1p1/1p5r/7P/6K1/8/8 w - -,g3f2 h5f5 f2e3 e6f6 b8d8 f6g7 d8e8 f5c5 e8b8 c5h5,-508
r3k2r/ppqb1p1p/2pb1p2/3pp3/3P4/2NBP3/PPP2PPP/R2QK2R w KQkq -,d1f3 e8e7 d3f5 a8g8 f5d7 c7d7 g2g3 h7h5 h2h4 g8g4,-30
r1b1r1k1/ppppqppp/2n2n2/1B6/3P4/1P4b1/PBP2PPP/RN1Q1RK1 w - -,b5c6 g3h2 g1h2 d7c6 h2g1 c8f5 c2c4 f6g4 b1d2 a8d8,-177
rq3nk1/p1bbnr1p/2p2ppB/2Pp4/5P1N/3B1N2/PPQ3PP/R3R1K1 w - -,g2g3 f8e6 f4f5 g6f5 h4f5 g8h8 f5e7 f7e7 c2c3 d5d4,99
r1bq1rnk/1pp1b1pp/p1np4/P3pp2/2B1P3/2PP1N1P/1P3PP1/RNBQR1K1 w - -,b2b4 d8e8 b1d2 e8g6 g1h1 f5f4 b4b5 a6b5 c4b5 g6h6,-10
8/pp3k1p/5P2/4K3/8/2N4P/1Pr3b1/6R1 w - -,,0
8/8/1p2k1rp/1N6/4P2p/2P1n3/PP4P1/5RK1 w - -,f1f2 h4h3 b5c7 e6e5 c7d5 e3d1 f2d2 g6g2 d2g2 h3g2,1
8/3k1p2/1R4p1/1p5r/7P/6K1/8/8 w - -,g3f3 h5f5 f3e3 d7e7 b6b8 e7f6 b8b6 f6g7 b6b8 f5h5,-535
2k1r1nr/pbpq1p2/1pNb1n1p/1P4p1/2P5/P3PB1P/1BQ2PP1/RN1R2K1 w - -,c6a7 c8b8 a7c6 b7c6 f3c6 g8e7 c6d7 f6d7 b2h8 e8h8,687
8/1p2kp2/p1p1p1p1/4P1P1/1P1PKP2/1PR4R/7r/4r3 w - -,e4d3 h2h3 d3d2 h3c3 d2c3 e1f1 c3d3 f1f4 d3c4 f4f3,-737
r4rk1/1bq3pp/p1p2p2/2n1pP2/P3B2B/2P2Q2/2P3PP/R4RK1 w - -,f1d1 c5e4 f3e4 c6c5 e4g4 g8h8 a4a5 a8d8 a1b1 d8d1,-61
2rq1rk1/p2nbppp/bp2pn2/3P4/3p1B2/1PN2NP1/P1Q1PPBP/R2R2K1 w - -,e2e4 c8c3 c2b2 c3f3 g2f3 e6e5 f4c1 d7c5 b2b1 d4d3,-342
8/1R3p2/4k1p1/1p5r/7P/6K1/8/8 w - -,b7b8 h5f5 b8d8 f5d5 d8h8 e6e7 g3f3 d5f5 f3e3 e7f6,-535
r1bqkb1r/p4ppp/2p1pn2/8/4p3/2NBB3/PPP2PPP/R2QK2R w KQkq -,d3e4 d8d1 a1d1 f6d5 c3a4 f7f5 e4f3 d5e3 f3c6 e8f7,59
r1b1r1k1/1pppqppp/p1n2n2/1B6/3P4/1P4P1/PBP2PP1/RN1Q1RK1 w - -,b5d3 d7d5 b1c3 e7d6 d1d2 c8d7 c3e2 c6e7 f1e1 d7f5,8
r1bqk2r/p2p1p1p/6p1/p1pNP2n/4Q3/8/PPP2PPP/R3KB1R w KQkq -,d5f6 e8f8 e4a8 f8g7 f6h5 g6h5 e1a1 h8e8 a8e4 d8g5,599
2k5/br4p1/p1qp1n1p/2p1p1p1/P1P1P3/2PB3P/2Q1RPP1/2B3K1 w - -,,0
r1b1r1k1/1pp1qppp/p1n2n2/3p4/3P4/1P1B2P1/PBP2PP1/RN1Q1RK1 w - -,b1d2 c8g4 d2f3 g4h5 d1d2 h5g6 f1e1 e7b4 c2c3 b4a5,20
r2qk1nr/pp1b1ppp/2n1p3/1B1pP3/2pP4/P1P2N2/2P2PPP/R1BQK2R w KQkq -,a3a4 h7h6 h2h4 d8a5 b5c6 d7c6 d1d2 c6a4 e1h1 a5b5,43
r2qk2r/ppp2pp1/3p1n2/2b1p2p/2B1P1b1/2PP2Q1/PP3PPP/RNB2RK1 w kq -,h2h3 h5h4 g3h2 g4e6 c4e6 f7e6 b1d2 f6h5 d2f3 d8f6,29
2k1r1nr/1bpq1p2/1pNb1n1p/1P4p1/2P5/P3PB1P/1BQ2PP1/RN1R2K1 w - -,c6a7 c8d8 f3b7 d8e7 b1c3 e7f8 c4c5 b6c5 c3d5 e8b8,700
8/8/1p2k1rp/1N6/4P3/2P1n2p/PP3RP1/6K1 w - -,b5c7 e6e5 c7d5 e3d1 f2d2 g6g2 d2g2 h3g2 d5b6 d1b2,1
r1bqkb1r/p4ppp/2p1p3/3n4/4N3/3BB3/PPP2PPP/R2QK2R w KQkq -,e3d2 f8e7 d1g4 e8h8 d2h6 e7f6 e4f6 d8f6 h6d2 f6b2,28
8/8/6p1/3p1p1b/p3k2P/6K1/1B4P1/8 w - -,g3h2 d5d4 h2g3 e4e3 b2c1 e3e2 g3f4 d4d3 g2g4 h5g4,-928
r2qk1nr/p2b1ppp/2p1p3/3pP3/2pP4/P1P2N2/2P2PPP/R1BQK2R w KQkq -,e1h1 c6c5 a3a4 g8e7 c1a3 c5d4 f3d4 e8h8 f2f4 f7f6,87
rn1qk2r/1p2bppp/p1p2n2/3p1b2/3P1B2/2N2N1P/PP2PPP1/R2QKB1R w KQkq -,f3h4 f5e4 e2e3 b8d7 f1e2 h7h6 h4f3 e8h8 c3e4 d5e4,10
r3k2r/3bpp1p/p2p1npQ/q1pP4/Pp2P2P/nP3P1N/1KP1N1P1/3R1B1R w kq -,e2f4 d7a4 h4h5 h8g8 h3g5 a4b5 e4e5 c5c4 h5g6 c4c3,-116
2kr3r/ppqb1p1p/2pb1p2/3pp3/3P4/2NBPQ2/PPP2PPP/R3K2R w KQ -,f3f6 c8b8 e1a1 d7e6 f2f3 h7h5 c1b1 e5d4 e3d4 d6h2,-32
r2qk2r/1pp2pp1/pbnpbn1p/8/P3P2B/1NNB4/1PP2PPP/R2QK2R w KQkq -,c3d5 e6d5 e4d5 d8e7 d3e2 c6e5 a4a5 b6a7 h4f6 e7f6,3
rq3nk1/2bbnr1p/2p2ppB/p1Pp4/5P1N/3B1NP1/PPQ4P/R3R1K1 w - -,e1e3 a5a4 a1e1 b8d8 c2e2 c7a5 e3e7 a5e1 e7f7 g8f7,164
r1bqk1nr/pp4pp/1bn1pp2/3pP3/3p4/1N1B1N2/PPP2PPP/R1BQ1RK1 w kq -,d1e1 g8e7 a2a4 a7a5 c2c3 d4c3 e5f6 g7f6 b2c3 e8h8,-85
rn2k1nr/pp2ppbp/2p3p1/2Pp1b2/3P4/1PN2N2/1P2PPPP/R1B1KB1R w KQkq -,b3b4 b8d7 c1f4 f5g4 e2e3 g4f3 g2f3 e7e5 d4e5 d7e5,42
rnbqk1nr/1pp1bppp/p3p3/3pP3/3P4/2P5/PP3PPP/RNBQKBNR w KQkq -,b2b4 b7b6 f1d3 c7c5 b4c5 b6c5 g1e2 b8c6 b1d2 a8b8,87
2r2rk1/1p1bn1p1/1qn1p2p/p2pP3/1b1N4/2BB1N2/PP3PPP/2RQ1RK1 w - -,d3b1 c6d4 f3d4 c8c4 b1d3 c4c8 d1e2 f8f7 c3b4 c8c1,42
r3r1k1/1pp1qppp/p1n2n2/3p4/3P2b1/1P1B2P1/PBPN1PP1/R2Q1RK1 w - -,d2f3 g4h5 d1d2 h5g6 f1e1 e7b4 c2c3 e8e1 f3e1 b4b6,17
r2q1rk1/pb2bppp/1pn1p3/2pp2N1/3P1P2/1PPBn3/PB1N2PP/R2Q1RK1 w - -,d3h7 g8h8 d1h5 e3g4 h5g4 e7g5 f4g5 h8h7 f1f7 f8f7,565
2k1r1nr/1bpq1p2/1pNb1n2/1P4pp/2P5/P3PB1P/1BQN1PP1/R2R2K1 w - -,c4c5 b6c5 c6a7 c8b8 f3b7 b8b7 c2a4 e8a8 a4a6 b7b8,697
r1bq1rk1/ppp1ppbp/nn4p1/3P4/4P3/P1N1BN1P/1P3PP1/R2QKB1R w KQ -,a3a4 a6b4 a4a5 b6d7 f1c4 b7b6 e1h1 b6a5 a1a5 c7c5,128
r3r1k1/pp3p1p/1n6/3p1N2/3P4/1PN3PP/2P2K2/3n2R1 w - -,c3d1 a7a5 g3g4 g8f8 g1f1 a8a6 d1e3 e8d8 g4g5 b6c8,-124
3r1b1k/2rn2pp/p1q2p1B/1p2pP2/4N1Q1/P1P5/1P4PP/3R1R1K w - -,h6e3 c7c8 h2h4 d7c5 e3c5 f8c5 d1d8 c8d8 f1d1 d8d5,9
r3r3/ppp3pk/3q4/P2P4/2B3N1/2PP4/P4PPP/R2Q1RK1 w - -,d3d4 g7g6 g4e5 e8e7 d1g4 a8e8 a1e1 h7g7 c4d3 e7e5,942
7k/1R6/6p1/8/7P/7P/5rK1/8 w - -,g2f2 h8g8 f2f3 g8f8 f3g4 f8e8 g4g5 e8d8 h4h5 d8e8,1616
1k6/8/P5R1/2n5/1pB4p/1P3KbP/8/8 w - -,g2f2 h8g8 f2f3 g8f8 f3g4 f8e8 g4g5 e8d8 h4h5 d8e8,Mate
2k1r1nr/1bpq1p2/1pNb4/1P4pp/2P1n3/P3PB1P/1BQ2PP1/R2R2K1 w - -,f3e4 e8e4 c2e4 h8h6 a3a4 f7f5 e4d5 g8e7 c6e7 d7e7,483
8/6k1/4p2p/6Pp/5P2/4P1K1/8/8 w - -,,0
r1bqkb1r/p5pp/2p1pp2/3n2B1/4N3/3B4/PPP2PPP/R2QK2R w KQkq -,d1h5 g7g6 e4f6 d5f6 d3g6 e8e7 e1h1 f8g7 g6e4 a8b8,80
3r3r/2pk1pp1/3b4/Qp1q4/2p2B1p/6P1/PP3P1P/R4RK1 w - -,g3h4 d8a8 a5c3 h8h4 f1d1 d5h5 f4g3 h4g4 d1d4 a8h8,-148
rq4k1/2bbnr1p/2p1nppB/p1Pp4/5P1N/3B1NP1/PPQ1R2P/R5K1 w - -,a1e1 b8c8 f4f5 e7f5 h4f5 g6f5 d3f5 e6f8 g3g4 c8d8,214
r3r1k1/1pp1qppp/p1n2n2/3p3b/3P4/1P1B1NP1/PBP2PP1/R2Q1RK1 w - -,d1d2 f6e4 d3e4 d5e4 f3h4 e4e3 f2e3 e7e3 d2e3 e8e3,16
2k1r1nr/1bp2p2/1pNbq3/1P4pp/2P1B3/P3P2P/1BQ2PP1/R2R2K1 w - -,e4d5 h8h6 d5e6 h6e6 c6d4 e6e4 d4f5 d6c5 f5g7 e8f8,666
5qk1/p2b3p/6p1/p1PP4/1bQ5/1N2p3/6PP/R6K w - -,c5c6 d7f5 b3d4 f5c8 d5d6 f8f7 c4f7 g8f7 d6d7 c8d7,493
3r3r/1qpk1pp1/3b4/Qp6/2p2B1p/6P1/PP3P1P/3R1RK1 w - -,a5a3 b7c6 f4d6 c7d6 a3a7 d7c8 a7f7 h4h3 d1d5 h8e8,-91
8/8/4p2k/7p/5P2/4P1K1/8/8 w - -,g3h4 e6e5 f4e5 h6g6 e3e4 g6f7 h4h5 f7e6 h5g4 e6e5,2
b2r2k1/3r2pp/p1q2p2/2p2P2/P3p1Q1/2P1B3/1RP3PP/1R4K1 w - -,h2h4 g8h8 h4h5 h7h6 b2b6 c6a4 e3h6 a4c2 h6e3 d7d1,18
r2qk2r/1pp2pp1/pbnp1n1p/3b4/P3P2B/1N1B4/1PP2PPP/R2QK2R w KQkq -,e4d5 d8e7 d3e2 c6e5 a4a5 b6a7 h4f6 e7f6 e1h1 e8h8,7
rnbqk2r/pp2ppbp/2p2np1/3p4/P1NP1B2/1P2P3/2P2PPP/R2QKBNR w KQkq -,c4a3 g6g5 f4g3 h7h5 f1d3 h5h4 g3e5 b8d7 f2f4 g5f4,-97
r2q1rk1/pppbppbp/nn4p1/3P4/4P3/P1N1BN1P/1PQ2PP1/R3KB1R w KQ -,a1d1 d8b8 b2b4 c7c6 d5c6 d7c6 b4b5 c6d7 b5a6 f8c8,141
8/6K1/8/8/8/8/8/q1k5 w - -,f3d4 d8e8 f1e2 c7c6 d5c6 d7c6 e1h1 a8c8 a1c1 a6c5,Mate
r3r3/ppp2kp1/3q4/P2P4/2B3N1/2PP4/P4PPP/R2Q1RK1 w - -,d1f3 f7g8 a1e1 e8f8 f3h3 f8f7 e1e6 d6f4 e6g6 a8e8,1003
8/8/4p1k1/7p/5P1K/4P3/8/8 w - -,f4f5 g6f5 h4h5 e6e5 h5h6 f5e4 h6g5 e4e3 g5h4 e5e4,-1068
r1q3k1/2bbnr1p/2p1nppB/p1Pp4/5P1N/3B1NP1/PPQ1R2P/4R1K1 w - -,b2b3 a8b8 a2a3 g8h8 c2c3 e7g8 f4f5 g6f5 h4f5 g8h6,254
r3r1k1/1pp1qppp/p1n5/3p3b/3Pn3/1P1B1NP1/PBPQ1PP1/R4RK1 w - -,d3e4 e7e4 f3e5 e4e2 d2c3 c6e5 d4e5 e2b5 c3c7 a8c8,3
bR1r2k1/3r2pp/p4p2/P1p2P2/4p1Q1/2P1B3/2q3PP/1R4K1 w - -,e3h6 c2b1 b8b1 a8c6 h2h3 c5c4 g1h2 g8h8 h6e3 d7d3,410
4r2k/r1pb2pp/2p2n2/p1Pp1P2/1P1N1BP1/P4P1q/2Q4P/R4RK1 w - -,b4b5 c6b5 c5c6 d7c8 a1e1 e8g8 d4b5 a7a6 b5d4 a6a8,466
r3k2r/1pp1qpp1/pbnp1n1p/3P4/P6B/1N1B4/1PP2PPP/R2QK2R w KQkq -,d3e2 c6e5 a4a5 b6a7 h4f6 e7f6 e1h1 f6f5 a1a4 e8h8,11
3rr1k1/1b3ppp/p4P2/1p4P1/2qp4/P1N3R1/1PP2Q1P/5RK1 w - -,,0
R7/P4pk1/7p/r4p1P/8/5KP1/8/8 w - -,,0
rn3rk1/p1p3pp/1p1pp1q1/8/2PPp2b/1PB1P3/P2NQPPP/3RR1K1 w - -,d2e4 g6e4 f2f3 e4g6 g2g3 h4g3 h2g3 g6g3 e2g2 f8f3,-328
2k5/brqn2p1/p2p3p/P1p1p3/2P1P2p/2PB4/Q3RPP1/2B3K1 w - -,e2e3 a7b8 d3c2 c7d8 c2a4 b8c7 a4c6 b7b8 e3e1 d7f6,-56
r3r1k1/1pp2ppp/p1n5/3p3b/3Pq3/1P3NP1/PBPQ1PP1/R4RK1 w - -,f3e5 e4e2 f1d1 e2d2 d1d2 c6e7 g3g4 h5g6 g4g5 f7f6,8
r3r3/ppp3p1/3q2k1/P2P4/2B3N1/2PP1Q2/P4PPP/R4RK1 w - -,d3d4 g6h7 a1e1 h7g8 e1e6 a8d8 f3h3 a7a6 h3h5 e8f8,1369
b2r2k1/6p1/p4p1p/P1p2P2/4pQ2/2PqB3/6PP/2R3K1 w - -,h2h3 d8d5 g1h2 a8c6 c3c4 d5e5 g2g4 c6a4 f4g3 g8h7,-120
q5k1/5p2/5Ppp/3bP3/8/7P/p5P1/Q4B1K w - -,h1g1 a8a7 g1h2 a7e3 a1b2 g8h7 b2a1 e3f2 e5e6 f2f4,-1044
r7/ppp1k2p/6p1/5b2/8/2N5/PPP2PPP/R5K1 w - -,c3d5 e7f7 d5e3 f5e6 a1d1 a7a5 g1f1 a5a4 d1d4 a8a5,142
8/R7/1p3P1k/2b3pp/P7/5K2/7P/8 w - -,c3d5 e7f7 d5e3 f5e6 a1d1 a7a5 g1f1 a5a4 d1d4 a8a5,Mate
8/8/6K1/4q3/8/8/8/2k5 w - -,c3d5 e7f7 d5e3 f5e6 a1d1 a7a5 g1f1 a5a4 d1d4 a8a5,Mate
r2q1rk1/1ppbnpbp/p2p1np1/3Pp3/2P1P1P1/2N1BN1P/PP1QBP2/R3K2R w KQ -,a2a4 f6e8 f3g5 f7f5 g4f5 g6f5 f2f3 g7f6 h3h4 f5f4,63
r3k2r/1pp1qpp1/pb1p1n1p/3Pn3/P6B/1N6/1PP1BPPP/R2QK2R w KQkq -,a4a5 b6a7 h4f6 e7f6 e1h1 e8h8 a1a4 f8e8 g2g3 f6f5,8
8/8/2pk4/8/3n4/5B1P/5K2/8 w - -,,0
r5nr/pppkq2p/3b2p1/5p2/Nn1p1P2/1P5Q/PBPPN1PP/R3K2R w KQ -,e1d1 d4d3 c2d3 g8f6 h3f3 h8e8 a2a3 b4d5 e2d4 c7c6,32
8/8/8/8/6k1/pp6/8/4K3 w - -,e1d1 d4d3 c2d3 g8f6 h3f3 h8e8 a2a3 b4d5 e2d4 c7c6,Mate
r3r1k1/1pp2ppp/p1n5/3pN2b/3P4/1P4P1/PBPQqPP1/R4RK1 w - -,d2c3 c6e5 d4e5 e2b5 a2a4 b5d7 a4a5 e8e6 c3d2 c7c5,17
8/8/1p4rp/4k3/3NP3/2P1n2p/PP3RP1/6K1 w - -,,0
2k5/brqn2p1/p2p3p/P1p5/2P1Pp1p/2PB4/Q3R1P1/2B3K1 w - -,e4e5 d6e5 d3f5 g7g6 f5g6 c7d6 a2c2 d7f6 c2f5 b7d7,66
b5k1/6p1/p4p1p/P1B2P2/8/2P1p2P/3rq1P1/2R2QK1 w - -,c3c4 e2f1 g1f1 a8g2 f1g1 e3e2 c1e1 g2h3 g1f2 h3g4,-414
r2qk2r/pb1p1p1p/1p4p1/B1pNP2n/4Q3/8/PPP2PPP/R3KB1R w KQkq -,a5c3 e8h8 e1a1 a8b8 a2a4 f8e8 e4f3 a7a6 g2g4 d8g5,571
3r4/4kpp1/2qp4/1p5r/1QpR4/5PPp/PP5P/3R2K1 w - -,b4a5 h5e5 a5d8 e7d8 d4d6 d8c7 d6c6 c7c6 g1f2 b5b4,-159
6k1/1q3p2/5Ppp/3bP3/7P/8/p5P1/Q4B1K w - -,f1d3 b7b4 h1g1 b4h4 d3e2 h4e4 e2f3 e4b1 a1b1 a2b1q,Mate
8/3kP1K1/8/8/8/8/4r3/8 w - -,f1d3 b7b4 h1g1 b4h4 d3e2 h4e4 e2f3 e4b1 a1b1 a2b1q,Mate
r2qr1k1/pp1nbp1p/2n3pB/3pp3/3P4/2PBRQN1/PP3PPP/R5K1 w - -,f3d5 d7f6 d5f3 e5d4 e3e2 d4c3 b2c3 d8d6 g3e4 c6e5,35
r1b1r1k1/3q2pp/2pbpn2/pp1n4/3P3B/1BPQ1NP1/PP3P1P/2KR3R w - -,f3e5 d7c7 b3c2 d6e5 d4e5 c7e5 h1e1 e5h5 f2f4 d5f4,-339
rnbqk2r/ppp1bppp/5n2/8/4Np2/3B1N2/PPPP2PP/R1BQK2R w KQkq -,e4f2 e8h8 e1h1 h7h6 d3c4 e7d6 d2d4 b8c6 a2a3 c8f5,-105
r7/ppp4p/3k2p1/3N1b2/8/8/PPP2PPP/R5K1 w - -,a1d1 d6c5 d5f6 h7h5 f2f3 a7a5 g2g4 h5g4 f3g4 a8a6,153
8/3k4/8/1nB1K3/8/8/7P/8 w - -,h2h4 d7e8 e5f6 b5c3 f6g6 c3d5 g6g7 d5c3 h4h5 c3e4,598
2rq1rk1/p2nbppp/bp3n2/3Pp3/3N1B2/1PN3P1/P1Q1PPBP/R2R2K1 w - -,d4c6 d8e8 f4c1 d7b8 c6b8 c8b8 d5d6 e7d8 c1a3 e8d7,276
8/8/3k4/2p5/3n4/7P/5K2/7B w - -,,0
r1q3k1/2bbnr2/2p1nppB/p1Pp4/5P2/3B1NP1/PPQ1R2P/4R1K1 w - -,b2b4 a5b4 d3g6 e7g6 c2g6 e6g7 g6f7 g8f7 e2e7 f7g6,-160
1k1r3r/ppqb1p1p/2pb4/3p4/3Q4/2NBP3/PPP2PPP/R3K2R w KQ -,e1a1 d6e5 d4c5 d7e6 d3e2 b7b6 c5b4 d5d4 c3a4 c6c5,-22
r1bqk2r/pp2n2p/1bn1pp2/3p4/3p4/1N1B1N2/PPP2PPP/R1BQR1K1 w kq -,c2c3 d4c3 a2a4 a7a5 b2c3 e8h8 a1a2 e6e5 a2d2 d8c7,-68
r2r2k1/pbq2pp1/2p1pn1p/1pP1N3/1P1P4/6P1/P2Q1PBP/3RR1K1 w - -,g3g4 f6d5 h2h4 f7f6 e5g6 c7f7 g2e4 d8e8 g4g5 d5e7,170
6k1/5p2/5Ppp/3bP3/1q5P/3B4/p5P1/Q6K w - -,h1g1 b4h4 e5e6 d5e6 a1c3 g8h7 d3c2 h4g4 c3e5 g4g5,Mate
r2qk2r/1bp1bppp/p1np4/3np3/Pp2P3/1B1P1N2/1PP2PPP/R1BQ1RK1 w kq -,c2c3 d5f4 c3b4 f4e6 b3e6 f7e6 c1d2 e8h8 b4b5 c6d4,-292
r3k2r/1pp1qpp1/pb1p1n1p/3Pn3/P6B/1N1B4/1PPK1PPP/R2Q3R w kq -,d2c1 e8h8 a4a5 b6a7 c1b1 e5d3 d1d3 a8e8 f2f3 e7e5,-45
2r2b1k/2rn2pp/p1q2p2/1p2pP2/4N1Q1/P1P1B3/1P4PP/3R1R1K w - -,f1f3 d7b6 f3h3 b6d5 g4g6 h7h6 e4g5 f6g5 g6c6 c7c6,28
r6r/ppp3p1/3q2k1/P2P4/2BP2N1/2P2Q2/P4PPP/R4RK1 w - -,h2h3 a6a5 f1f2 d7b6 e3b6 c6b6 f2d2 b6b8 b2b4 h7h6,Mate
r7/ppp4p/3kb1p1/8/8/4N3/PPP2PPP/R5K1 w - -,a1d1 d6e5 a2a3 a7a5 f2f3 b7b5 g1f2 b5b4 a3a4 a8f8,118
rnbq1rk1/ppp1bppp/5n2/8/4Np2/3B1N2/PPPP2PP/R1BQ1RK1 w - -,e4f2 h7h6 d3c4 b8c6 d2d4 e7d6 a2a3 c8f5 c4d3 d8d7,-100
8/p2bp2p/4k1pB/4P3/8/8/PPP1n1PP/5R1K w - -,h6e3 d7b5 f1e1 b5a6 a2a4 g6g5 e3g5 e2d4 c2c3 d4c2,579
8/6k1/8/5p1p/4P3/6K1/8/8 w - -,,0
r3r1k1/3q2pp/b1pbpn2/pp1n4/3P3B/2PQ1NP1/PPB2P1P/2KR3R w - -,f3d2 a5a4 h4f6 g7f6 d2e4 d6f8 g3g4 d7g7 h1g1 g8h8,-331
8/8/8/8/5kp1/1Q6/3K4/8 w - -,f3d2 a5a4 h4f6 g7f6 d2e4 d6f8 g3g4 d7g7 h1g1 g8h8,Mate
r4rk1/1QPq2pp/3p1p2/p7/1bp4B/8/1P3PPP/R4RK1 w - -,c7c8b d7c8 b7d5 g8h8 f1c1 c8c5 d5c4 c5c4 c1c4 a8c8,-155
r2q1rk1/ppp1ppbp/1nn3p1/8/3PP1b1/2N2NP1/PP3PBP/R1BQ1RK1 w - -,c3e2 g4f3 g2f3 c6d4 e2d4 d8d4 a1b1 f8d8 b2b3 d4d1,-76
r2qk2r/1bp1bppp/p2p4/n2Bp3/Pp2P3/3P1N2/1PP2PPP/R1BQ1RK1 w kq -,d5b7 a5b7 d3d4 e7f6 d4e5 d6e5 d1e2 e8h8 f1d1 d8c8,65
rnbqk2r/ppppnppp/4p3/2b5/2P2P2/5N2/PP1PP1PP/RNBQKB1R w KQkq -,a2a3 c5b6 b2b4 c7c5 e2e3 e8h8 d1c2 b8c6 c1b2 d7d6,64
r3r1k1/1p1q1pbp/3ppnp1/pNpP4/PnP1P2P/R5P1/1P3PKN/2BQR3 w - -,a3e3 e6d5 e4d5 e8e3 e1e3 a8e8 b2b3 e8e3 c1e3 f6e8,129
1k1r3r/ppqb1p1p/2p5/3pb3/3Q4/2NBP3/PPP2PPP/2KR3R w - -,d4c5 d7e6 d3e2 b7b6 c5b4 d5d4 c3a4 c6c5 b4b5 e6d7,-27
2r3k1/1b3pp1/p3p2p/3pq3/8/2PQ4/PP1RN1PP/6K1 w - -,a2a3 a6a5 d2d1 a5a4 e2d4 c8c4 d4f3 e5c7 d3e3 b7a6,-262
r2qk2r/1np1bppp/p2p4/4p3/Pp2P3/3P1N2/1PP2PPP/R1BQ1RK1 w kq -,d3d4 e7f6 d4e5 d6e5 d1e2 e8h8 f1d1 d8e7 c1e3 e7e6,74
rn1qkb1r/pp3ppp/2p1pn2/8/2N1PQb1/8/PPPP1PPP/R1B1K1NR w KQkq -,e4e5 b8d7 e5f6 d7f6 g1f3 b7b5 c4e5 f8d6 d2d4 e8h8,-59
8/8/8/8/4k1p1/1Q6/4K3/8 w - -,e4e5 b8d7 e5f6 d7f6 g1f3 b7b5 c4e5 f8d6 d2d4 e8h8,Mate
1r2kr2/p2b1pQp/2p1p1q1/3pP3/2pP3B/P7/5PPP/R4RK1 w - -,g7f8 e8f8 h4f6 c6c5 h2h4 f8e8 h4h5 g6c2 a1c1 c2b2,-526
4rr1k/1pq4p/p2bnPpB/3Qp3/3P4/2P5/PP5P/4RRK1 w - -,,0
r1bqkb1r/pp1ppppp/8/1Bp1n3/6n1/2P2N2/PP1P1PPP/RNBQK2R w KQkq -,e1h1 a7a6 f3e5 g4e5 d2d4 e5g6 b5e2 e7e6 d4d5 f8d6,-74
rnbq1rk1/ppp2ppp/5b2/8/5p2/3B1N2/PPPP2PP/R1BQ1RK1 w - -,d3c4 c7c5 d2d3 g7g5 c2c3 b8c6 h2h4 h7h6 g2g3 c6a5,-98
8/8/8/5k2/1Q4p1/8/4K3/8 w - -,d3c4 c7c5 d2d3 g7g5 c2c3 b8c6 h2h4 h7h6 g2g3 c6a5,Mate
1k1r3r/ppqb1p1p/2pb4/2Qp4/8/2NBP3/PPP2PPP/2KR3R w - -,c5d4 d6e5 d4c5 h7h5 d3e2 d7e6 e2f3 h5h4 h2h3 b7b6,-18
r1bq1rk1/pp3p2/2np1n1p/2pNp1p1/1bPP3B/3BPN2/PP3PPP/R2Q1RK1 w - -,f3g5 f6g4 g5f3 f7f6 h2h3 d8e8 d4e5 d6e5 d3e4 f6f5,487
1r4k1/2pq1pbp/p1p3p1/2Pprb2/3B4/1PN2P2/P1Q3B1/3R1RK1 w - -,c2d2 d7e7 f1f2 a6a5 d4e5 e7e5 c3e2 b8b4 d1e1 h7h5,155
5rk1/p4p1p/1p2bPp1/2q5/8/1P3pP1/P4P1P/2Q2RK1 w - -,c3e4 d7e6 c2b2 d5e4 f3f4 e5c5 d4g7 e4e3 b2d4 c5c2,Mate
1rb1kr2/p4p1p/2p1pB2/3pP3/2pP4/P7/5PPP/R4RK1 w - -,f2f3 b8b3 f1b1 a7a5 b1b3 c4b3 g1f2 e8d7 f2e3 c8a6,-254
r7/ppp1k2p/4b1p1/8/8/4N3/PPP2PPP/3R2K1 w - -,e3d5 e6d5 d1d5 e7e6 d5d3 a7a5 d3e3 e6f6 g1f1 a5a4,158
8/2p2k2/1p2p3/p1P1Pqp1/5n1p/1P2Q3/P4K1P/4B3 w - -,e1d2 f4d5 e3f3 g5g4 f3f5 e6f5 c5b6 c7b6 d2g5 h4h3,-452
3rbrk1/pp2q1bp/3ppp2/2p1n2Q/4PR2/2N1B3/PPP1B1PP/3R2K1 w - -,h5h3 b7b6 e3c1 e8f7 e2h5 f7g6 f4f1 f6f5 h5g6 h7g6,-81
r3k2r/1ppq1p2/pbnpbn1p/6p1/P3P3/1NNB2B1/1PP2PPP/R2Q1RK1 w kq -,d1f3 f6g4 c3d5 h6h5 h2h3 c6e5 g3e5 g4e5 f3f6 h8g8,33
6k1/5p2/4PPpp/3b4/7q/3B4/p5P1/Q6K w - -,d1f3 f6g4 c3d5 h6h5 h2h3 c6e5 g3e5 g4e5 f3f6 h8g8,Mate
8/8/8/5k2/1Q6/4K1p1/8/8 w - -,d1f3 f6g4 c3d5 h6h5 h2h3 c6e5 g3e5 g4e5 f3f6 h8g8,Mate
rnbq1rk1/p1p2ppp/1p3b2/8/2B2p2/5N2/PPPP2PP/R1BQ1RK1 w - -,d2d4 c7c5 d4c5 c8a6 d1d8 f8d8 c4a6 b8a6 c5b6 a7b6,-6
8/1r3p2/3R2p1/7k/1p3K1P/8/8/8 w - -,d6d2 b4b3 d2b2 f7f5 f4f3 h5h4 b2h2 h4g5 h2g2 g5f6,-735
2k1r2r/1bp2p2/1pNbq2n/1P3Bpp/2P5/P3P2P/1BQ2PP1/R2R2K1 w - -,f5e6 f7e6 b2h8 h6f7 h8d4 e8g8 a3a4 b7c6 b5c6 g5g4,992
rnbqkb1r/pp3ppp/2p2n2/4p3/2B1p3/7N/PPPP1PPP/RNBQK2R w KQkq -,d2d3 c8g4 d1d2 b7b5 c4b3 e4d3 h3g5 g4h5 c2d3 b8d7,-206
3rr1k1/1b3pp1/p4Pp1/1p6/2qp4/P1N3R1/1PP2Q1P/5RK1 w - -,,0
8/8/8/2k5/8/2K4P/8/7B w - -,c3d3 c5d6 h1a8 d6e7 d3d4 e7f6 d4d5 f6f7 d5e5 f7g6,38
8/8/3K4/r7/8/2k5/4P2R/8 w - -,h2h4 a5a6 d6e5 a6a5 e5f4 a5a2 e2e3 c3d3 f4f3 a2a8,548
4rn1k/1pq4p/p2b1Pp1/3Qp3/3P4/2P5/PP5P/4RRK1 w - -,,0
8/1r3p2/6p1/3R4/1p3K1k/8/8/8 w - -,d5d1 g6g5 f4f3 h4h5 d1d2 b4b3 d2b2 g5g4 f3f4 b7b4,-772
2k4r/1bp2p2/1pNbr2n/1P4pp/2P5/P3P2P/1BQ2PP1/R2R2K1 w - -,b2h8 g5g4 c2a4 c8d7 a4a7 g4h3 a7b7 h3h2 g1h1 h6g4,1244
6k1/5p2/4bPpp/8/7q/3B4/p5P1/Q5K1 w - -,b2h8 g5g4 c2a4 c8d7 a4a7 g4h3 a7b7 h3h2 g1h1 h6g4,Mate
8/2p2kp1/1p2p3/p3Pq2/2P2n1p/1P2Q3/P4K1P/4B3 w - -,a2a4 g7g5 e1d2 f7g6 c4c5 f4d3 f2e2 d3c5 d2a5 f5g4,-441
8/4k3/8/7K/R7/8/8/8 w - -,a2a4 g7g5 e1d2 f7g6 c4c5 f4d3 f2e2 d3c5 d2a5 f5g4,Mate
1r2r1k1/2pq1pbp/p1p3p1/2PpPb2/8/1PN1BP2/P1Q3B1/3R1RK1 w - -,c2d2 g7e5 c3e2 d7e7 e3f2 f5d7 d1e1 e5g7 f3f4 d7g4,152
1r3r2/pb1k1p1p/2p1pB2/3pP3/1RpP4/P7/5PPP/5RK1 w - -,f1c1 c6c5 d4c5 b7c6 f6g5 b8b5 b4b5 c6b5 g5e3 f7f6,-130
r6r/ppp3p1/3q3k/P2PN3/2BP4/2P2Q2/P4PPP/R4RK1 w - -,f1c1 c6c5 d4c5 b7c6 f6g5 b8b5 b4b5 c6b5 g5e3 f7f6,Mate
8/1p2r3/8/1RP1pp1p/P1k4P/4K1P1/5P2/8 w - -,f2f4 e5f4 e3f4 e7g7 f4f3 g7f7 b5b6 c4c5 a4a5 c5d5,274
1bk5/1r2q1p1/p2p1n1B/P1p5/2P1P2p/2PB4/Q4RP1/6K1 w - -,,0
r4qk1/2bbRrn1/2p2pQB/p1Pp4/5P2/5NP1/PP5P/4R1K1 w - -,g6g7 f8g7 h6g7 g8g7 f3d4 c7d8 e7e3 g7g8 g1g2 f6f5,-245
8/1r3p2/8/6p1/1p3K1k/8/3R4/8 w - -,f4f3 h4h5 d2b2 b4b3 f3e4 h5h4 b2h2 h4g3 h2b2 g5g4,-896
2r3k1/1q2bpp1/4p1p1/3n4/pPQ2P2/P4BP1/5B1P/3R2K1 w - -,c4d3 e7f6 f2c5 f6e7 c5e3 e7f6 f3d5 e6d5 d3d5 b7d5,2
r1b1kb1r/pp1ppppp/2n5/2pq4/8/1P2P3/P1PB1PPP/R2QKBNR w KQkq -,g1h3 b7b6 c2c4 d5d6 g2g4 e7e6 f1g2 d6c7 d2c3 c8b7,-101
rn1q1rk1/pbp2ppp/1p3b2/8/2BP1p2/5N2/PPP3PP/R1BQ1RK1 w - -,c1f4 b8c6 c2c3 c6e7 f3e5 f6e5 f4e5 d8d7 d1h5 e7g6,57
3rr1k1/1b4p1/p4Pp1/1p6/2qp4/P1N5/1PP2Q1P/5RK1 w - -,,0
5n1k/1pq4p/p2brPp1/3Qp3/3P4/2P5/PP4KP/4RR2 w - -,,0
3r1rk1/pp2q1bp/3pppb1/2p1n3/4PR2/2N1B2Q/PPP1B1PP/3R2K1 w - -,f4f1 a7a6 a2a4 d8d7 h3g3 g8h8 e3f4 f8d8 h2h4 d8g8,-84
8/1r3p2/8/6pk/1p6/5K2/3R4/8 w - -,d2h2 h5g6 h2b2 b4b3 f3f2 g5g4 f2g3 g6g5 b2e2 b7b4,-897
8/R7/1p3Pk1/2b3pp/P7/5K1P/8/8 w - -,f6f7 g6f6 a7b7 f6e6 b7b6 e6f7 b6b5 g5g4 f3e4 c5d6,720
rn1q1rk1/pb2bppp/1p2pn2/3p4/2PP4/2N2NP1/PP3PBP/R1BQ1RK1 w - -,f3e5 f6e4 c1d2 e4c3 d2c3 a7a5 d1e2 a8a7 f1d1 d5c4,50
3rrk2/1b3Pp1/p5p1/1p6/2qp4/P1N5/1PP2Q1P/5RK1 w - -,,0
r1bqkb1r/pp1p1pp1/1nn1p2p/2p1P3/3P4/1BP2N2/PP3PPP/RNBQK2R w KQkq -,d4c5 f8c5 c1f4 a7a5 a2a4 e8h8 e1h1 c6e7 c3c4 e7f5,85
r5k1/2bb1qn1/2p2pQB/p1Pp4/5P2/5NP1/PP5P/4R1K1 w - -,f4f5 f7g6 f5g6 a8e8 h6d2 g7e6 b2b4 a5b4 d2b4 g8g7,-352
8/8/4k3/8/4K3/7P/8/7B w - -,e4d4 e6f5 d4d5 f5f6 d5d6 f6g7 d6e6 g7g8 e6e7 g8g7,35
5qk1/p6p/6p1/pbPP4/1b2Q3/1N2p3/6PP/R6K w - -,e4e3 f8f7 e3d4 a7a6 c5c6 b4d6 b3c5 a5a4 c5b7 f7f4,375
8/1r3p2/6k1/6p1/1p6/5K2/7R/8 w - -,h2b2 b4b3 f3g4 f7f5 g4h3 b7b5 h3g3 b5b4 g3h3 g6h5,-1069
r2q1rk1/p1pp1ppp/b1p2n2/4N3/8/2P2Q2/P1PP1PPP/R1B1R1K1 w - -,d2d3 h7h6 f3g3 g8h7 g3h4 f6d5 h4h5 d5f6 h5f5 h7g8,100
8/r4p2/5kp1/1R5p/7P/4P1PK/5P2/8 w - -,g3g4 h5g4 h3g4 f6g7 h4h5 a7a4 g4g3 f7f5 g3g2 a4g4,8
1r4r1/pbk2p1p/2p1pB2/3pP3/PRpP4/8/5PPP/1R4K1 w - -,f6e7 c7d7 b4b7 b8b7 b1b7 d7c8 b7b1 g8g4 e7c5 a7a5,364
3rk3/1b4p1/p5p1/1p6/2qp4/P1N5/1PP2Q1P/5RK1 w - -,,0
rnbqkb1r/pp3pp1/2p2n1p/4p1N1/2B1p3/8/PPPP1PPP/RNBQK2R w KQkq -,c4f7 e8e7 f7b3 h6g5 d2d3 b8a6 d1e2 a6c5 d3e4 g5g4,-355
8/1r3p2/6k1/6p1/8/1p3K2/1R6/8 w - -,f3f2 f7f5 f2g3 b7b4 g3f2 g5g4 f2e2 g6g5 e2d3 b4b8,-1131
1k1r3r/1ppq4/pnn1pp1b/5bpp/3P4/1PN2N1P/PBPQ1PP1/R3RBK1 w - -,f3h2 g5g4 d2d1 c6d4 c3e4 d7c6 e4f6 d4c2 d1e2 c2e1,-392
8/8/4k3/1Q6/8/4K1p1/8/8 w - -,f3h2 g5g4 d2d1 c6d4 c3e4 d7c6 e4f6 d4c2 d1e2 c2e1,Mate
6k1/3R1pp1/5bp1/8/pP3P2/P1r3P1/5B1P/6K1 w - -,,0
8/R4Pk1/1p6/2b3pp/P7/5K1P/8/8 w - -,a7b7 g5g4 h3g4 h5h4 f3g2 c5e3 g2h3 e3f2 g4g5 g7f8,3352
8/8/3K4/r7/7R/8/3kP3/8 w - -,e2e4 a5a6 d6e5 a6a5 e5e6 a5a4 e6f6 d2e3 f6f5 a4b4,613
r6r/p1pn1B1p/3pN1n1/1p4b1/3PP1Pk/7P/PPP4K/R2N1R2 w - -,h4h7 d2e2 h7h2 e2f3 d6e6 f3e3 h2h4 e3e2 e6f6 e2d3,Mate
3r1Q2/1b1k2p1/p5p1/1p6/2qp4/P1N5/1PP4P/5RK1 w - -,,0
r3r1k1/2q1bpp1/p1ppb2p/4p3/4P2P/P1NB1RP1/1PPQ1P2/R5K1 w - -,a1e1 d6d5 e4d5 c6d5 d3f5 e5e4 f5e6 f7e6 c3d5 e6d5,-124
1k1r3r/ppqb1p1p/8/2pp4/Q7/2PBP3/P1P2PPP/2KR3R w - -,a4f4 d7c6 h1g1 d8d6 c3c4 d5c4 d3c4 d6d1 g1d1 c7f4,78
r2bk1nr/ppp2ppp/2n5/4p1Nb/2B1P3/2N5/PPP2PPP/R1B1K2R w KQkq -,c3e2 h5g6 e2g3 h7h5 h2h4 c6d4 e1d1 f7f6 g5f3 g8e7,10
rnbqkb1r/pp3ppp/2p5/3np1N1/2B1p3/8/PPPP1PPP/RNBQK2R w KQkq -,d2d3 e4e3 g5e4 f7f5 c1e3 d5e3 f2e3 f5e4 d1h5 e8d7,-202
1r2r1k1/2pq2bp/p1p2pp1/2PpP3/5Pb1/1PN1B3/P1Q3B1/3R1RK1 w - -,d1d4 f6e5 f4e5 e8e5 c2d2 g4h3 e3f4 e5h5 d4d3 h3g2,-45
8/6N1/8/p2bP3/2k5/5K2/8/3R4 w - -,f3f4 a5a4 e5e6 a4a3 e6e7 d5f7 f4e5 c4c3 e5f6 f7b3,9605
8/8/r2K4/8/4P2R/8/3k4/8 w - -,d6d5 a6a1 e4e5 d2d3 d5e6 a1f1 e6d6 f1e1 e5e6 e1b1,613
4r1k1/p4p1p/1p2bPpQ/2q5/8/1P3pP1/P4P1P/5RK1 w - -,d6e7 a6a4 e7f6 a4c4 f6f5 d2e3 h4h3 e3d4 e4e5 c4c5,Mate
r6r/ppp3p1/3q4/P2PN2k/2BP1Q2/2P5/P4PPP/R4RK1 w - -,d6e7 a6a4 e7f6 a4c4 f6f5 d2e3 h4h3 e3d4 e4e5 c4c5,Mate
8/8/4k3/1Q6/4K3/8/6p1/8 w - -,d6e7 a6a4 e7f6 a4c4 f6f5 d2e3 h4h3 e3d4 e4e5 c4c5,Mate
rn3rk1/pbppb1pp/1p2p1q1/5p2/1PPP4/2BBPN2/P4PPP/R2Q1RK1 w - -,d3e2 d7d6 a2a4 b8d7 a4a5 b7e4 f3e1 g6h6 e1d3 c7c5,64
1r3b1k/2rn2pp/p1qN1p1B/1p2pP2/6Q1/P1P5/1P4PP/3R1R1K w - -,c3c4 d7c5 b2b4 f8d6 c4b5 a6b5 b4c5 d6c5 h6c1 c5f8,-242
k7/8/PR6/2n5/1pB4p/1P3KbP/8/8 w - -,b6h6 c5d7 h6h8 g3b8 f3e4 d7c5 e4d5 c5d7 c4b5 d7f6,9605
8/6N1/8/p2RP3/8/1k3K2/8/8 w - -,b6f6 c5d7 c4d5 a8b8 a6a7 b8a7 f6f7 a7b6 f7d7 b6c5,Mate
2r1r1k1/pp3p1p/1n6/3p1N2/3P4/1P4PP/2P2K2/3N2R1 w - -,d1e3 c8c6 g1a1 a7a6 a1a5 g8f8 g3g4 e8d8 f2e2 b6c8,-124
8/2R2Pk1/1p6/6pp/P2b4/5K1P/8/8 w - -,d1e3 c8c6 g1a1 a7a6 a1a5 g8f8 g3g4 e8d8 f2e2 b6c8,Mate
8/8/4k3/1Q6/8/4K3/8/6q1 w - -,,0
rn2kb1r/ppq2ppp/2pp1n2/4p3/4P1b1/2N2NP1/PPPP1PBP/R1BQ1RK1 w kq -,h2h3 g4f3 d1f3 b8d7 f1d1 f8e7 d2d4 e5d4 d1d4 e8h8,66
2kr1Q2/1b3Rp1/p5p1/1p6/2qp4/P1N5/1PP4P/6K1 w - -,,0
8/6N1/8/p3P3/8/3R1K2/k7/8 w - -,f8e7 c4c6 c3e4 d8d7 e7e8 c8c7 e8e5 c7b6 f7d7 c6d7,Mate
2k4B/1bp2p2/1pNbr2n/1P5p/2P3p1/P3P2P/2Q2PP1/R2R2K1 w - -,c2a4 c8d7 a4a7 b7c8 h8e5 h6f5 c4c5 b6c5 e5d6 f5d6,1345
1R6/p1k2p1p/2p1p3/3pP3/P1pP2r1/8/5PPP/1R4K1 w - -,c2a4 c8d7 a4a7 b7c8 h8e5 h6f5 c4c5 b6c5 e5d6 f5d6,Mate
2r1qrk1/p2nbppp/bpN2n2/3Pp3/5B2/1PN3P1/P1Q1PPBP/R2R2K1 w - -,f4c1 d7b8 c6b8 c8b8 d5d6 e7d8 c1a3 e8d7 c3d5 f6d5,281
rn2k1nr/3qp1bp/p2pNpp1/2p5/b3P3/1P3N2/1BPPBPPP/Q4RK1 w kq -,e2c4 a4c6 e6g7 e8f8 g7e6 f8e8 f3g5 d7c8 e4e5 d6e5,419
8/8/4k3/1Q6/4K3/8/8/q7 w - -,,0
8/6N1/8/p3P3/8/5K2/3R4/k7 w - -,b5f5 e6d6 f5d5 d6c7 d5c5 c7d7 e4f5 a1f1 f5g6 d7e6,Mate
r2b1k2/3R4/2p2p2/p1Pp4/5P2/5NP1/PP5P/6K1 w - -,d7d6 f8e8 d6c6 d8e7 g1f1 e8d7 f3d4 f6f5 h2h4 a5a4,439
rnbqkb1r/pp3ppp/4p3/3pPn2/1p1P4/2P2N2/P4PPP/RNBQKB1R w KQkq -,c1g5 f8e7 g5e7 d8e7 f1d3 b8c6 a2a3 b4c3 b1c3 f5d4,-86
r1bqkb1r/pp3ppp/2nppn2/1N4B1/2B1P3/2N5/PPP2PPP/R2QK2R w KQkq -,g5f4 c6e5 d1d4 a7a6 b5d6 f8d6 f4e5 d6e5 d4e5 e8h8,107
3r3r/ppk2p1p/4b3/2pp4/8/2PBP3/P1P2PPP/2KR3R w - -,d3e2 h8g8 h1g1 g8g6 g2g4 g6h6 h2h3 h6h3 g1h1 h3h1,78
4k3/8/8/1nB1K3/8/8/7P/8 w - -,e5f6 b5c3 f6g6 c3d5 h2h4 d5f4 g6f6 f4d3 c5a3 d3f4,800
r4rk1/1bqn2pp/p1pp1p2/4pP2/Pb2P2B/2NB4/1PP1Q1PP/R4RK1 w - -,f1f3 d6d5 h4f2 a6a5 f3h3 d7c5 e2h5 h7h6 f2e3 c5d3,21
8/5p1p/4r1k1/6Pp/5P2/4PK2/8/R7 w - -,e3e4 e6b6 f3g3 h7h6 a1a5 h6g5 a5g5 g6h6 g3h4 b6b4,3
r3k2r/pppq1pp1/3p1n2/2b1p1Bp/2B1P1b1/2PP2Q1/PP3PPP/RN3RK1 w kq -,g5f6 g7f6 g3h4 b7b5 c4b3 e8a8 a2a4 d8g8 b1d2 b5b4,-39
rnbqk2r/4bppp/p1p1pn2/1p4B1/P1pPP3/2N2N2/1PQ2PPP/R3KB1R w KQkq -,h2h4 e8h8 e4e5 f6d5 f1e2 c8b7 c3e4 b8d7 e4d6 a8b8,-89
r4rk1/1bqn2pp/p1pp1p2/4pP2/P3P1QB/2bB4/1PP3PP/R4RK1 w - -,f1f3 c3b2 a1b1 b2d4 g1h1 d6d5 d3e2 f8f7 h4e1 a8d8,-328
r1bqkb1r/pp2pppp/2np1n2/6B1/3P4/2N5/PPP2PPP/R2QKBNR w KQkq -,d4d5 c6e5 f1b5 e5d7 d1e2 a7a6 b5d7 c8d7 e1a1 a8c8,66
8/6N1/8/p3P3/8/5K2/R7/1k6 w - -,g1f3 d6d5 f3e5 a7a6 d1d2 h7h6 g5h4 c8f5 e5c6 b7c6,Mate
1r6/8/6k1/5p2/2K3p1/1p6/1R6/8 w - -,c4d3 g6g5 d3c3 f5f4 c3d2 g4g3 d2c1 g5g4 b2d2 b3b2,-1525
5n1k/1pq4p/3brPp1/p2Qp3/3P4/2P2R2/PP4KP/4R3 w - -,a2a4 e6e8 h2h4 e8d8 h4h5 g6h5 d4e5 d6c5 d5e4 d8d2,8
rn1q1rk1/p1p2ppp/1p3b2/8/2BP1B2/5b2/PPP3PP/R2Q1RK1 w - -,d1f3 d8d4 g1h1 b8d7 c4f7 g8f7 a1d1 d4c4 b2b3 c4e6,50
8/8/8/r2K4/4P2R/8/3k4/8 w - -,d5d6 d2c2 e4e5 a5a6 d6d7 a6a7 d7e6 c2d3 e6f6 a7a1,613
2k4B/1bp2p2/2Nbr3/1Pp4p/6n1/P3P3/2Q2PP1/R2R2K1 w - -,d5d4 d2c2 h4h3 a5a4 d4e5 c2b1 e5f5 a4a5 e4e5 a5a6,Mate
r4rk1/ppq2pbp/2p1bnp1/4p1B1/4P3/2NB3P/PPPQ1PP1/R4RK1 w - -,a1d1 f8d8 d2e3 d8d7 b2b3 f6h5 c3a4 b7b6 d3e2 d7d1,-1
r3k2r/pp1nbppp/2p1p3/3n4/3P4/PPqBBQN1/2P2PPP/R4RK1 w kq -,b3b4 a7a5 g3e2 c3b2 f1b1 b2b1 a1b1 a5b4 a3b4 d5b4,416
rnb1kb1r/pp3Np1/2p2n1p/4p3/2Bqp3/8/PPPP1PPP/RNBQK2R w KQkq -,f7h8 d4c4 d2d3 c4d4 b1c3 c8g4 c1e3 g4d1 e3d4 e5d4,63
rnbqkb1r/1p1ppppp/p4n2/8/2Pp4/5NP1/PP2PP1P/RNBQKB1R w KQkq -,f3d4 d7d5 f1g2 e7e5 d4f3 d5d4 e1h1 b8c6 e2e3 f8e7,16
4rb2/2q2p1k/2ppb1p1/p3p2p/Pr2P2P/1PNR1BP1/2PQ1P2/3R2K1 w - -,g1g2 e8d8 d2e2 f8h6 c3a2 b4b8 c2c4 b8b7 g2h2 d8b8,-63
8/5p1p/1r4k1/6Pp/4PP2/5K2/8/R7 w - -,f3g3 h7h6 a1a5 h6g5 a5g5 g6h6 g3h4 b6b4 g5h5 h6g6,4
8/6N1/8/p3P3/8/8/R3K3/2k5 w - -,f4f5 g6g5 a1g1 g5h6 e4e5 b6b3 f3e4 b3b4 e4f3 b4b3,Mate
8/k7/P6R/2n5/1pB4p/1P3KbP/8/8 w - -,f4f5 g6g5 a1g1 g5h6 e4e5 b6b3 f3e4 b3b4 e4f3 b4b3,Mate
8/3k4/1Q6/8/4K3/8/8/q7 w - -,,0
r1bq1bnr/2pp2pp/p2k4/np6/3PP1Q1/8/PPP2PPP/RNB1K2R w KQ -,c1g5 g8f6 e4e5 d6c6 g4f3 d7d5 e5d6 c6d7 f3a8 d8e8,-200
r5k1/1p1q1pbp/3p1np1/pNpP4/P1P2P1P/R5P1/1Pn3KN/2B1Q3 w - -,e1f1 c2a3 b2a3 d7f5 f1e2 a8e8 e2d1 f5e4 g2h3 e4c4,-696
r7/ppp1k2p/6p1/3b4/8/8/PPP2PPP/3R2K1 w - -,d1d5 e7e6 d5d3 a7a5 d3e3 e6f6 g1f1 a5a4 f1e2 h7h5,153
rnbqk2r/4bppp/p3pn2/1p4B1/2pPP3/2N2N2/1PQ2PPP/R3KB1R w KQkq -,b2b3 c4b3 c2b3 c8b7 f1d3 e8h8 e1h1 h7h6 g5f6 e7f6,-150
r2q1r1k/pb2bppB/1pn1p3/2pp2N1/3P1P2/1PP1n3/PB1N2PP/R2Q1RK1 w - -,d1h5 e7g5 f4g5 e3g4 h5g4 h8h7 f1f7 h7g8 g5g6 b7a6,563
3r2k1/pp1rqp1p/1bp1bnp1/4p3/2P5/1PN1P3/PBQ1BPPP/R2R2K1 w - -,c3a4 e6f5 d1d7 d8d7 c2c3 b6c7 f2f3 f5e6 c3e1 h7h5,-17
r7/2bb1kB1/2p2p2/p1Pp4/5P2/5NP1/PP5P/4R1K1 w - -,f3h4 a8b8 b2b3 a5a4 g7h6 c7a5 e1b1 b8h8 b3a4 h8h6,-76
8/3k4/1Q6/3K4/8/8/8/2q5 w - -,,0
8/6N1/8/p3P3/8/8/R7/1k2K3 w - -,b6e6 d7c7 e6e7 c7b6 e7d6 b6b7 d6b4 b7c8 b4d4 c1g5,Mate
rn1q1rk1/p1p2ppp/1p6/8/2Bb1B2/5Q2/PPP3PP/R4RK1 w - -,g1h1 b8d7 a1d1 d4b2 c4b5 d8f6 d1d7 a8d8 d7c7 g7g5,423
r2qr1k1/p1pp1ppp/b1p2n2/4N3/8/B1P2Q2/P1PP1PPP/R3R1K1 w - -,c3c4 c6c5 a3c5 e8e5 e1e5 d7d6 f3c6 a6c4 c5e3 d6e5,43
rnbqkb1r/1p1p1ppp/p4n2/4p3/2PN4/6P1/PP2PP1P/RNBQKB1R w KQkq -,d4f3 b8c6 f1g2 f8c5 b1c3 h7h6 a2a3 d7d6 b2b4 c5a7,28
rnbq1rk1/pp2ppbp/2p2np1/3p4/2PPP3/2N1BN2/PP1Q1PPP/R3KB1R w KQ -,c4d5 c6d5 e4e5 f6e4 c3e4 d5e4 f3g5 b8c6 f1e2 d8d5,94
4rn1k/1pq4p/3b1Pp1/p2Qp3/P2P4/2P2R2/1P4KP/4R3 w - -,g2h1 e5e4 e1e4 e8e4 d5e4 c7f7 f3f2 h7h5 h1g1 f7d7,7
2rq1rk1/p2nbppp/bp3n2/2pp4/3P1B2/1PN2NP1/P1Q1PPBP/R2R2K1 w - -,c2b2 f8e8 a1c1 d7f8 d4c5 b6c5 b2a3 d8b6 c3d5 f6d5,56
8/6N1/8/p3P3/8/8/3R4/k3K3 w - -,f4e5 f8e8 c2b2 a6b7 a1c1 h7h6 e2e3 a7a6 e5f4 e7f8,Mate
8/5p1p/6k1/6Pp/4PP2/1r3K2/8/6R1 w - -,f3e2 h5h4 f4f5 g6h5 e2f2 b3b5 f2g2 b5a5 g2f3 a5a3,-6
3k4/1Q6/8/3K4/8/8/8/2q5 w - -,,0
5Bk1/4K3/5R2/8/8/7p/8/7r w - -,,0
2kr4/1b2QRp1/p1q3p1/1p6/3p4/P1N5/1PP4P/6K1 w - -,,0
r1bq1rk1/pp3p2/2np3p/2pnp1N1/1bPP3B/3BP3/PP3PPP/R2Q1RK1 w - -,d1h5 d8c7 g5h7 f7f5 h7f8 d5f4 e3f4 c7f7 f8g6 e5e4,472
1r2r1k1/2pq2bp/p1p2pp1/2PpP3/5P2/1P2B3/P1Q3B1/3N1RK1 w - -,d1f2 f6e5 f4e5 e8e5 e3f4 e5h5 g2f3 d7f7 f2d3 h5f5,-136
r3k2r/pp1nbppp/2p1p3/8/1P1P4/P1qBnQN1/2P2PPP/R4RK1 w kq -,f2e3 e8h8 g3e4 c3b2 f1b1 d7e5 b1b2 e5f3 g2f3 f7f5,448
1r6/8/2K5/8/6k1/5pp1/1p1R4/8 w - -,f3e3 c6c5 b4c5 e7f6 g3e2 c3a5 a1b1 a8b8 e3f3 a5c7,Mate
8/6N1/8/p3P3/8/8/3R4/1k1K4 w - -,f3e3 c6c5 b4c5 e7f6 g3e2 c3a5 a1b1 a8b8 e3f3 a5c7,Mate
1r6/8/2K5/8/3R4/5ppk/1p6/8 w - -,f3e3 c6c5 b4c5 e7f6 g3e2 c3a5 a1b1 a8b8 e3f3 a5c7,Mate
k7/7R/P7/2n5/1pB4p/1P3KbP/8/8 w - -,f3e3 c6c5 b4c5 e7f6 g3e2 c3a5 a1b1 a8b8 e3f3 a5c7,Mate
3k4/1Q6/3K4/8/8/8/8/3q4 w - -,,0
8/6N1/8/p3P3/8/8/2R5/k2K4 w - -,b7d5 d1d5 d6d5 d8d7 d5e4 d7c6 e4f3 c6c5 f3g4 c5c4,Mate
rnb1kb1r/1p3ppp/p4n2/3qp3/8/6P1/PPN1PP1P/RNBQKB1R w KQkq -,f2f3 d5a5 c1d2 a5c7 f1g2 c8e6 e1h1 b8c6 b1c3 a8d8,-111
r3brk1/1pp2p2/p1nbpp1p/7P/2B1P3/2N2N2/PPP1KPP1/3R3R w - -,a2a4 g8h8 g2g3 f8g8 c4d3 c6e5 f3e5 d6e5 d1a1 e8c6,-48
1r6/8/2K5/8/8/5ppk/8/1q1R4 w - -,a2a4 g8h8 g2g3 f8g8 c4d3 c6e5 f3e5 d6e5 d1a1 e8c6,Mate
8/5p1p/6k1/6Pp/4PP2/1r4K1/8/6R1 w - -,g3h4 h7h6 f4f5 g6g7 h4h5 h6g5 h5g5 f7f6 g5f4 g7f7,7
2r1rk2/pp3p1p/1n5N/3p4/3P4/1P4PP/2P2K2/3N2R1 w - -,d1e3 c8c6 h6f5 b6c8 g1a1 c8d6 f5d6 c6d6 g3g4 a7a6,-282
rnbqkb1r/pp2ppn1/2p3pp/3p4/3P3B/2NBP3/PPP2PPP/R2QK1NR w KQkq -,f2f3 g7f5 h4f2 h6h5 g1e2 f8h6 d1d2 a7a5 a2a3 b7b5,31
8/8/2K5/8/8/5ppk/8/1r6 w - -,f2f3 g7f5 h4f2 h6h5 g1e2 f8h6 d1d2 a7a5 a2a3 b7b5,Mate
8/8/8/r3K3/4P2R/8/3k4/8 w - -,e5e6 a5a4 e6f6 d2e3 f6f5 a4b4 h4h3 e3d4 e4e5 b4b1,613
1rbq1rk1/2ppbppp/p4n2/4N3/p2Q4/P7/1PP2PPP/RNB1R1K1 w - -,b1c3 c8b7 d4a4 f8e8 c1g5 h7h6 g5h4 g7g5 h4g3 e7f8,-20
3r3r/1pk2p1p/4b3/p1pp4/8/2P1P3/P1P1BPPP/2KR3R w - -,d1d2 h8g8 g2g3 g8g6 h1d1 d8e8 f2f4 g6h6 e2f3 h6h3,111
rnbqk2r/pp3ppp/2p2n2/2b1p1N1/2B1p3/8/PPPP1PPP/RNBQK2R w KQkq -,g5f7 d8d4 d1e2 b7b5 c4b3 h8f8 c2c3 d4d3 f7e5 d3e2,-120
1k6/7R/P7/2nB4/1p5p/1P3KbP/8/8 w - -,g5f7 d8d4 d1e2 b7b5 c4b3 h8f8 c2c3 d4d3 f7e5 d3e2,Mate
8/5p1p/6k1/6Pp/1r2PP1K/8/8/6R1 w - -,f4f5 g6g7 g1e1 h7h6 h4h5 h6g5 h5g5 f7f6 g5f4 b4a4,7
4Q3/2r2ppk/5q1p/8/8/1Pp4R/3pbPP1/2R3K1 w - -,e8e4 f6g6 e4g6 h7g6 c1c3 d2d1q g1h2 c7c3 h3c3 d1d6,-856
3k4/1Q6/2K5/8/8/8/8/2q5 w - -,,0
4k3/2n5/5K2/2B5/8/8/7P/8 w - -,h2h4 c7d5 f6g7 e8d7 g7f7 d7c6 c5f2 c6b5 h4h5 d5f4,829
8/6N1/8/4P3/8/p7/1R6/k1K5 w - -,c5d4 e8f8 d4e5 c7d5 f6e6 d5e3 e5f6 e3c2 f6c3 c2e3,Mate
7k/1r4b1/p4n1p/q5p1/1p3p2/1P1Q1N2/P4PPP/3R1NK1 w - -,d1c1 b7e7 c1c4 a5b5 d3c2 f6d5 c2g6 b5d7 g6a6 d5c3,104
8/3K4/8/8/8/6pk/5p2/1r6 w - -,d1c1 b7e7 c1c4 a5b5 d3c2 f6d5 c2g6 b5d7 g6a6 d5c3,Mate
8/8/2K5/8/8/7k/5pp1/1r6 w - -,d1c1 b7e7 c1c4 a5b5 d3c2 f6d5 c2g6 b5d7 g6a6 d5c3,Mate
2k5/P6R/8/2nB4/1p5p/1P3KbP/8/8 w - -,d1c1 b7e7 c1c4 a5b5 d3c2 f6d5 c2g6 b5d7 g6a6 d5c3,Mate
r1q3k1/2bbn1r1/2p1npBB/p1Pp4/5P2/5NP1/PPQ1R2P/4R1K1 w - -,h6g7 c7e5 f3e5 g8g7 e5d7 e7g6 c2f5 c8d7 f5e6 d7e6,545
rn3rk1/p1p2ppp/1p3b2/8/2Bq1B2/5R2/PPP3PP/R2Q2K1 w - -,d1d4 f6d4 g1f1 d4b2 a1e1 b2f6 f3a3 h7h6 c4d5 c7c6,-29
8/2r2p1k/5qpp/8/4Q3/1Pp4R/3pbPP1/2R3K1 w - -,e4c2 e2g4 h3e3 g4f5 c2d1 d2c1q d1c1 c3c2 e3e1 f6d4,-758
8/3K4/8/8/8/7k/6p1/1r3q2 w - -,e4c2 e2g4 h3e3 g4f5 c2d1 d2c1q d1c1 c3c2 e3e1 f6d4,Mate
2r3k1/4bpp1/6p1/3q4/pP3P2/P5P1/5B1P/3R2K1 w - -,d1d5 c8c3 d5d7 e7f6 d7a7 c3a3 g3g4 g6g5 f4g5 f6g5,3
r4rk1/pp1nbppp/2p1p3/8/1P1P4/P1qBPQN1/2P3PP/R4RK1 w - -,g3e4 c3b2 f1b1 d7e5 f3e2 e5d3 e2d3 b2a1 b1a1 a7a5,487
rn3rk1/p1p2ppp/1p6/8/2Bb1B2/5R2/PPP3PP/R5K1 w - -,g1f1 d4b2 a1e1 b2f6 f3a3 h7h6 c4d5 c7c6 d5f3 a7a5,-30
r2qnrk1/1p1b2bp/3p1n2/1N1Pp3/4Ppp1/1Q3P2/P2NBBPP/R4RK1 w - -,b5a3 b7b5 e2b5 g4g3 h2g3 f4g3 f2g3 f6h5 b5d7 h5g3,-90
rnb1k2r/p2qbppp/2p1pn2/1p4B1/P1pPP3/2N2N2/1PQ2PPP/R3KB1R w KQkq -,h2h4 h7h6 g5f4 d7b7 f1e2 b8d7 e1h1 a7a6 f3d2 e8h8,-47
3r2k1/1b4pp/p1q2p2/2p1pP2/P7/2P4Q/1RPr1BPP/5RK1 w - -,a4a5 c6e4 h3g3 d2d1 b2b1 d1f1 b1f1 d8d2 h2h3 e4c2,-275
1rbqr1k1/2ppbppp/p4n2/4N3/Q7/P7/1PP2PPP/RNB1R1K1 w - -,b1c3 e7d6 e5d3 e8e1 d3e1 d6f8 e1d3 c8b7 a4a5 h7h6,-25
r1bqkbnr/1p3pp1/p1np3p/2p1p3/4P3/2N3P1/PPPPNPBP/R1BQ1RK1 w kq -,c3d5 g8f6 f2f4 e5f4 d5f6 d8f6 e2f4 f6d8 f4h5 c6e5,77
4k3/8/5K2/2Bn4/7P/8/8/8 w - -,f6e5 d5c3 e5e6 c3b5 e6f6 b5c3 c5a3 c3d5 f6g7 d5e3,950
8/6N1/8/4P3/8/p7/k7/2K5 w - -,f6f5 e8f7 c5d4 d5e7 f5g5 e7g6 h4h5 g6f8 g5f5 f8h7,Mate
r3kbnr/pppbq2p/2np1p2/8/5B2/2N2N2/PPP1PPPP/R2QKB1R w KQkq -,c3d5 e7d8 e2e4 c6e7 f3h4 d7e6 f1c4 e6f7 d5e3 f7c4,313
rnq1k2r/ppp1ppbp/5np1/3p4/3P1Bb1/1QP1PN2/PP3PPP/RN2KB1R w KQkq -,f1e2 c7c5 h2h3 g4f5 a2a4 e8h8 b1d2 c5c4 b3a3 b8c6,58
r1bq1bnr/2p4p/p2pk1p1/np6/3PP3/3N4/PPP2PPP/RNBQK2R w KQ -,a2a4 b5b4 d3b4 e6f7 e1h1 f8g7 a1a3 a8b8 b4d5 c7c6,43
1r3rk1/pp4p1/3p1q2/1N2p1Qp/3pPp2/P2P1P1P/1PP3P1/1R2R1K1 w - -,g5f6 f8f6 c2c3 g7g5 c3d4 f6g6 e1f1 g5g4 h3g4 h5g4,414
6k1/4bpp1/6p1/3R4/pP3P2/P1r3P1/5B1P/6K1 w - -,,0
4r2k/1pqn3p/3b1Pp1/p2Qp3/P2P4/2P2R2/1P5P/4R2K w - -,d5f7 d7f6 f3f6 c7f7 f6f7 e5e4 f7f6 d6c7 d4d5 h8g7,443
2k5/Pn5R/8/8/1p5p/1P3KbP/8/8 w - -,c3c4 c7c6 d5c6 b7c6 c4c5 d6f8 e1e4 e8b8 d4e5 d7c5,Mate
rn1qkbnr/ppp2ppp/4b3/3pp3/8/4P1P1/PPPPNPBP/RNBQK2R w KQkq -,d2d4 e5e4 c2c4 c7c6 e2f4 g8f6 f4e6 f7e6 e1h1 b8d7,78
3r2r1/1pk2p1p/4b3/p1pp4/P7/2P1P3/2P1BPPP/2KR3R w - -,e2f3 d8d6 d1d2 f7f5 h1d1 g8d8 h2h3 b7b6 f3e2 h7h6,101
2rq1rk1/p2nbppp/bp2p3/2pn4/3P1B2/1PN2NP1/P1Q1PPBP/R2R2K1 w - -,e2e4 d5f4 g3f4 c5d4 d1d4 d8c7 c2d2 f8d8 a1c1 d7c5,-184
8/5pkp/8/5PPp/1r2P2K/8/8/6R1 w - -,g1e1 h7h6 h4h5 h6g5 h5g5 f7f6 g5f4 b4a4 e1e3 g7f8,7
1r4k1/pp4p1/3p1r2/1N2p2p/3pPp2/P2P1P1P/1PP3P1/1R2R1K1 w - -,c2c3 g7g5 c3d4 g5g4 h3g4 h5g4 f3g4 f6g6 b1c1 b8d8,455
2r3k1/Bp3p1p/5bp1/8/5PPP/3p1Q2/1r6/3K2R1 w - -,,0
8/2R2Pk1/1p6/6pp/P3K3/7P/5b2/8 w - -,f3e4 c8d8 g1g3 b2b1 d1d2 b1b3 d2d1 h7h6 g4g5 b3b1,Mate
4KBk1/8/5R2/8/8/8/7p/7r w - -,,0
6k1/5pp1/5bp1/4R3/pP3P2/P1r3P1/5B1P/6K1 w - -,,0
2r2rk1/pb2qpp1/1p5p/3p4/3p4/1B2P3/PPQ2PPP/3R1RK1 w - -,c2e2 d4e3 f2e3 f8e8 f1f3 e7e5 e2f2 c8c7 f2d2 e8e7,-143
4rk2/pp3p1p/1n5N/3p4/3P2P1/1P5P/2r2K2/3N2R1 w - -,f2g3 e8e6 g4g5 c2d2 h6g4 d2d4 d1f2 b6d7 g1c1 e6c6,-471
rn3rk1/p1p2ppp/1p6/8/2B2B2/5R2/PbP3PP/R4K2 w - -,a1e1 b2f6 f3a3 h7h5 h2h3 h5h4 c4d5 c7c6 d5f3 g7g6,-15
8/5pk1/7p/5PPp/1r2P2K/8/8/4R3 w - -,h4h5 h6g5 h5g5 f7f6 g5f4 b4a4 e1e3 g7f7 e3c3 a4a1,7
6k1/5pp1/6p1/8/pP3P2/P3B1P1/1b5P/6K1 w - -,g1f1 b2a3 b4b5 a3d6 f1e2 a4a3 e2d1 a3a2 e3d4 d6c5,1
r2qr1k1/pb1n1ppp/np1p1b2/3P4/1P1N4/P1N1BP2/B2Q2PP/2R2RK1 w - -,d4c6 b7c6 d5c6 d7f8 c3e4 d6d5 a2d5 a6c7 d5c4 b6b5,320
r1b1kb1r/ppp2ppp/2p5/4Pn2/6P1/5N2/PPP2P1P/RNBq1RK1 w kq -,g1g2 f5h4 f3h4 d1g4 g2h1 g4h4 c1e3 h4e4 f2f3 e4e3,-950
r1bqkb1r/ppp3pp/2n5/3p4/4pp2/5NN1/PPPPBPPP/R1BQK2R w KQkq -,d2d4 f4g3 h2g3 e4f3 e2f3 c8f5 e1h1 f8e7 f1e1 d8d7,-256
2r2rk1/pb2qpp1/1p5p/3p4/8/1B1Qp3/PP3PPP/3R1RK1 w - -,d3e3 e7e3 f2e3 f8e8 f1e1 e8e5 d1d3 c8c5 e1d1 g8f8,-146
rnbqkb1r/pp2ppn1/2p3pp/3p4/3P2PB/2N1P3/PPP2P1P/R2QKBNR w KQkq -,h4g3 h6h5 g4g5 g7f5 d1d2 f8g7 g1f3 b8d7 e3e4 d5e4,-34
6k1/pp1b4/2p1p1n1/6p1/6R1/2Q3B1/PPP3PP/5rK1 w - -,h4g3 h6h5 g4g5 g7f5 d1d2 f8g7 g1f3 b8d7 e3e4 d5e4,Mate
8/2r2p1k/5qpp/8/8/1Pp4R/2Q1bPP1/2q3K1 w - -,c2c1 h6h5 h3e3 e2g4 f2f3 g4c8 e3e2 f6d4 g1h2 d4h4,-728
Qbk5/1n5R/8/8/1p5p/1P3K1P/8/8 w - -,c2c1 h6h5 h3e3 e2g4 f2f3 g4c8 e3e2 f6d4 g1h2 d4h4,Mate
1bk5/1r4p1/p7/P1pp4/2P1P2p/3BB3/4Q1PK/q7 w - -,h2h3 a1e5 e2g4 b7d7 g2g3 d5e4 e3f4 e5d4 d3e2 b8f4,-452
r1bqkb1r/pp3ppp/2n1pn2/2pp4/3P1B2/1PPBPN2/P4PPP/RN1QK2R w KQkq -,b1d2 f8d6 d4c5 d6c5 e1h1 e8h8 d1c2 h7h6 b3b4 c5d6,39
6k1/5pp1/5bp1/8/pP3P2/Pr2R1P1/5B1P/6K1 w - -,,0
r1q5/2bbn1k1/2p1npB1/p1Pp4/5P2/5NP1/PPQ1R2P/4R1K1 w - -,g6f5 a8a7 f5e6 d7e6 f3d4 e6f7 e2e7 c8h3 b2b3 g7g8,554
4k3/6K1/8/2B5/5n1P/8/8/8 w - -,c5d6 f4g2 h4h5 e8d7 d6a3 g2e3 g7f7 e3g4 a3b4 g4e5,978
r1b1r1k1/pp1nqppp/2p1pn2/3p4/1bPP4/5NP1/PPQNPPBP/R1BR2K1 w - -,a2a3 b4d6 d1e1 e7f8 b2b4 e6e5 c4d5 c6d5 d4e5 d7e5,57
r1b1kb1r/ppp1nppp/2p5/4P3/6P1/5N2/PPP2P1P/RNBR2K1 w kq -,g1g2 c8g4 h2h3 g4f5 c2c4 e7g6 g2g3 f8e7 b1c3 f5d7,-263
8/2r2p1k/5qpp/8/8/1P5R/2p1bPP1/2Q3K1 w - -,h3e3 e2g4 b3b4 g4f5 e3e2 f6d4 e2d2 d4d2 c1d2 c2c1q,-785
8/2R2Pk1/1p6/5Kpp/P7/4b2P/8/8 w - -,h3e3 e2g4 b3b4 g4f5 e3e2 f6d4 e2d2 d4d2 c1d2 c2c1q,Mate
2r2rk1/pb3pp1/1p5p/3pq3/8/1B1QP3/PP4PP/3R1RK1 w - -,d3d4 f8e8 f1f3 e5d4 d1d4 e8e5 g1f2 g8f8 d4d2 f8e7,-135
r1bqkb1r/pp3ppp/2n5/2pnp3/8/P3PNP1/1P1P1P1P/RNBQKB1R w KQkq -,b2b4 c5b4 c1b2 f7f6 f1g2 c8g4 d1b3 g4e6 a3b4 f8b4,-110
rnb1k2r/p2qbppp/4p3/1p1nP1B1/2pP4/2N2N2/1PQ2PPP/R3KB1R w KQkq -,h2h4 c8b7 g5e7 d5e7 h4h5 h7h6 f1e2 a7a6 h1h4 b8c6,-171
rn3rk1/p1p2ppp/1p6/8/2Bb1B2/5R2/P1P3PP/1R3K2 w - -,f4c7 b8c6 c4d5 d4c5 d5c6 a8c8 c7b6 a7b6 c6b5 c8c7,-8
8/6k1/5p2/5PK1/1r2P3/8/8/4R3 w - -,g5g4 b4a4 g4f4 g7f8 e1b1 a4a5 b1b3 a5a7 f4e3 f8f7,7
7k/1r4b1/p4n1p/6q1/1p3p2/1P1Q4/P4PPP/3R1NK1 w - -,d3a6 g5b5 a6a8 h8h7 a2a4 b4a3 a8a3 b5b3 a3c1 b7b4,-206
r1b1r1k1/pp1nqppp/2p1pn2/8/1bPPp3/5NP1/PPQN1PBP/R1BR2K1 w - -,d2e4 f6e4 c2e4 e6e5 d4e5 f7f6 a2a3 b4a5 b2b4 a5c7,88
4KB2/7k/6R1/8/8/8/7p/7r w - -,,0
r2qr1k1/p1p2ppp/b1pp1n2/4N3/8/B1P1RQ2/P1PP1PPP/R5K1 w - -,e5c6 e8e3 f2e3 d8e8 c6e7 g8h8 f3c6 e8c6 e7c6 f6e4,80
r1b1kb1r/ppp1npp1/2p5/4P2p/6P1/5N1P/PPP2P2/RNBR2K1 w kq -,g1g2 h5g4 h3g4 c8g4 c1g5 g4h3 g2g3 e7f5 g3f4 f7f6,-267
3r2r1/2k2p1p/1p2b3/p1pp4/P7/2P1PB2/2P2PPP/2KR3R w - -,d1d3 d8d7 d3d2 d7d6 h1d1 g8d8 h2h3 h7h6 g2g4 f7f6,100
r3brk1/2p2p2/p2bpp1p/np5P/4P3/PBN2N2/1PP1KPP1/3R3R w - -,g2g4 a8b8 e4e5 f6e5 c3e4 a5b7 g4g5 e8c6 h1h4 g8g7,-88
4r2k/1p3q1p/p2Qn1pB/8/3p4/2P5/PP5P/4R1K1 w - -,,0
r1b1r1k1/pp1nq1pp/2p1pp2/8/1bPPQ3/5NP1/PP3PBP/R1BR2K1 w - -,c1e3 b4d6 e4c2 g8h8 a1c1 d7f8 f3d2 e6e5 d4d5 c6d5,112
6k1/5pp1/6p1/8/pP3P2/Pr2R1P1/1b3B1P/5K2 w - -,,0
1bk5/1r4p1/p7/P1pp4/2P1P2p/3BB2K/4Q1P1/7q w - -,h3g4 h4h3 c4d5 c5c4 d3c4 b7b4 c4a6 c8d8 e3g5 d8e8,-337
r1bq1rk1/pp2ppbp/2np1np1/8/4P3/1P1B4/PBP2PPP/RN1QK1NR w KQ -,b1d2 d6d5 e4d5 d8d5 g1f3 c8f5 d3f5 d5f5 e1h1 a8d8,-158
r1bqnrk1/1ppn1pbp/3p2p1/p2Pp3/1PP1P3/2N1B3/P2NBPPP/R2Q1RK1 w - -,a2a3 f7f5 d2b3 d8h4 b3a5 d7f6 e4f5 g6f5 f2f4 e5f4,79
4R3/5ppk/6p1/8/pP3P2/Pr4P1/1b3B1P/5K2 w - -,,0
1r4k1/Np6/3p1r2/4p1pp/3pPp2/P2P1P1P/1PP3P1/1R2R1K1 w - -,a7b5 f6g6 g1f2 b8c8 c2c3 c8c5 a3a4 g5g4 f3g4 h5g4,447
8/k1B5/2B5/8/8/2K5/8/8 w - -,a7b5 f6g6 g1f2 b8c8 c2c3 c8c5 a3a4 g5g4 f3g4 h5g4,Mate
4KBk1/8/7R/8/8/8/7p/7r w - -,,0
2rq1rk1/p2nbppp/bp6/2pp4/3P1B2/1P3NP1/P1Q1PPBP/R2R2K1 w - -,d4c5 d7c5 c2b2 c5e4 f4e5 f7f6 e5d4 d8d7 a1c1 e7d6,33
r1bqk1nr/1pp1nppp/1b6/pP1p4/P1B1P3/1QPp1N2/5PPP/RNB1K2R w KQkq -,b1a3 d5c4 a3c4 g8f6 c4b6 c7b6 f3d2 f6d7 c1a3 e8h8,-444
4k3/6K1/3B4/7n/7P/8/8/8 w - -,b1a3 d5c4 a3c4 g8f6 c4b6 c7b6 f3d2 f6d7 c1a3 e8h8,Mate
2r2rk1/p3qpp1/bp5p/2pp4/3P4/1B2P3/PPQ2PPP/3R1RK1 w - -,c2f5 a6f1 g1f1 e7e4 f5d5 e4d5 b3d5 c5d4 d1d4 f8d8,-216
r1bq1rk1/pppn1pb1/3p1npp/4p3/3PP3/2N2NPP/PPP2PB1/R1BQ1RK1 w - -,c1e3 b7b6 a2a3 a7a5 f1e1 g8h7 b2b4 c8b7 d4d5 f6g8,46
r4q2/2bb2k1/2p1np2/p1Pp1Q2/5P2/5NP1/PP2R2P/4R1K1 w - -,e2e6 g7g8 f5g6 f8g7 g6g7 g8g7 e6e7 g7h6 e7d7 a8b8,682
3r2r1/2k2p1p/1p2b3/p1p5/P2p4/2P1PB2/2PR1PPP/2K4R w - -,c3d4 c5d4 d2d4 d8d4 e3d4 e6d7 h1e1 c7d6 e1e5 d7a4,174
rn2kbnr/pppq1ppp/8/3pp3/8/1P2P1Pb/P1PPNPBP/RNBQ1RK1 w kq -,d2d4 h3g2 g1g2 e5e4 e2f4 h7h5 h2h4 g8f6 c2c4 c7c6,-11
8/2Q5/3K1k2/8/8/7b/8/8 w - -,d2d4 h3g2 g1g2 e5e4 e2f4 h7h5 h2h4 g8f6 c2c4 c7c6,Mate
rn1q1rk1/pb4pp/3b1n2/1Pppp3/8/1P2PN2/P3BPPP/RNBQ1RK1 w - -,a2a4 e5e4 f3h4 d8c7 g2g3 b8d7 c1a3 g7g6 h4g2 d7e5,-19
rnb1k2r/p2qnppp/4p3/1p2P3/2pP4/2N2N2/1PQ2PPP/R3KB1R w KQkq -,f1e2 c8b7 f3g5 b8a6 e2h5 e7g6 c2d1 a6c7 d1g4 e8a8,-133
r5k1/Bp3p1p/5bp1/8/5PPP/3p1Q2/1r6/3K2R1 w - -,f3e3 f6c3 d1c1 d3d2 c1d1 b2b1 d1c2 b1e1 c2c3 d2d1n,-490
8/5pk1/8/5PpK/1r2P3/8/8/4R3 w - -,h5g5 f7f6 g5f4 b4a4 e1g1 g7f7 g1c1 a4a3 f4g4 a3a2,7
8/2Q5/5k2/3K4/8/8/6b1/8 w - -,e1f1 b4e4 h5g5 f7f6 g5h5 e4e5 f1a1 e5f5 h5g4 g7g6,Mate
r2kqbnr/1bpp2pp/p7/np2N3/3PP3/2N5/PPP2PPP/R1BQ1RK1 w - -,f2f3 a5c6 e5c6 d7c6 c3e2 d8c8 a2a4 g8f6 c1f4 h8g8,-52
4rk2/pp3p1p/1nr4N/3p4/3P2P1/1P3K1P/8/3N2R1 w - -,g4g5 c6c1 g1f1 b6c8 h6g4 e8e4 d1e3 c1f1 e3f1 e4d4,-490
8/1pp4p/4b3/p1k2p2/6P1/P3N3/1PP1K2P/8 w - -,g4f5 e6a2 e2f3 c5d6 f3f4 b7b5 e3g4 b5b4 g4f6 h7h6,310
r4rk1/p1B2ppp/1pn5/8/2Bb4/5R2/P1P3PP/1R3K2 w - -,c4d5 d4c5 d5c6 a8c8 c7b6 c8c6 b6c5 c6c5 b1b7 a7a5,-6
8/1k4p1/3K3p/2Q5/3n1P2/6P1/8/8 w - -,c4d5 d4c5 d5c6 a8c8 c7b6 c8c6 b6c5 c6c5 b1b7 a7a5,Mate
r1bqk2r/1p2bppp/p1nppn2/2p5/4PPP1/2NPB3/PPP3BP/R2QK1NR w KQkq -,g4g5 f6d7 g1f3 h7h6 h2h4 b7b5 d3d4 h6g5 h4g5 h8h1,60
r4rk1/pp1nbppp/2p1p3/8/1P1P4/P2BPQ2/2PqN1PP/R4RK1 w - -,a1d1 d2d1 f1d1 a7a5 b4a5 a8a5 d1b1 a5a7 a3a4 d7f6,446
3r1r2/pp1nppkp/3p2p1/2qb4/4PP2/2NQ3P/PPP3P1/3R1R1K w - -,c3d5 e7e6 b2b4 c5c6 d3d4 f7f6 d5e3 d7b6 c2c4 d8c8,50
1bk5/1r4p1/p7/P1pp4/2P1P1Kp/3BB3/4Q1Pq/8 w - -,e2f2 b8d6 c4d5 c8b8 e3f4 h2f4 f2f4 d6f4 g4f4 b7b4,-248
rnb1kb1r/ppp3pp/5q2/4pp2/4P3/3P4/PPP2PPP/R1BQKBNR w KQkq -,g1f3 b8c6 c2c3 h7h6 f1e2 c8e6 e4f5 e6f5 c1e3 e8a8,80
2kr3r/1pp5/p2p3p/P3n1p1/2P5/1N4pq/1P2B2B/3QR2K w - -,g1f3 b8c6 c2c3 h7h6 f1e2 c8e6 e4f5 e6f5 c1e3 e8a8,Mate
8/8/8/r7/4PK1R/3k4/8/8 w - -,e4e5 d3d4 f4f5 d4c5 f5f6 c5d5 e5e6 a5a1 e6e7 a1f1,693
8/1n6/k7/8/1K6/8/8/1Q6 w - -,h4h6 a5a2 h6d6 d3c3 e4e5 a2f2 f4g5 f2g2 g5f6 g2f2,Mate
r1b1kb1r/pp3ppp/1qp2n2/4p3/2P1P3/2N5/PP3PPP/R1BQKB1R w KQkq -,h2h3 f8c5 d1c2 e8h8 c3a4 c5b4 c1d2 b4d2 c2d2 b6c7,-51
r5k1/B4p1p/1p3bp1/8/5PPP/3pQ3/1r6/3K2R1 w - -,h4h5 h7h6 e3c1 a8a7 h5g6 f7g6 g4g5 b2c2 c1b1 a7a1,-542
6r1/2kb1p1p/1p6/p7/P2P4/5B2/2P2PPP/2K4R w - -,h1e1 c7d6 c1b2 d7a4 e1e5 g8g6 e5h5 h7h6 f3e4 g6e6,210
r2q1rk1/1b4pp/2nbpn2/1Bpp4/8/1P2PN2/P2N1PPP/R1BQ1RK1 w - -,c1b2 d8c7 f1e1 e6e5 e3e4 c6d4 a2a4 d4b5 a4b5 a8a1,43
r1bqk2r/pp2ppbp/1np3p1/n2P4/4P3/2N2N1P/PP2BPP1/R1BQK2R w KQkq -,c1e3 g7c3 b2c3 c6d5 e3b6 d8b6 e4d5 b6c5 e1h1 e8h8,52
r2q2k1/p1p2ppp/b1Np1n2/8/8/B1P1rQ2/P1PP1PPP/R5K1 w - -,f2e3 d8e8 c6e7 g8h8 f3c6 a8d8 c6a6 e8e7 a6a7 f6e4,114
5r2/2b3k1/2p1Qp2/p1qp4/5P2/5NP1/PP5P/4R2K w - -,e6d7 f8f7 d7g4 g7f8 f3h4 f7e7 h4g6 f8f7 e1e7 c5e7,891
2r3k1/1p6/3p1r2/1N2p1pp/3pPp2/P2P1P1P/1PP3P1/1R2R1K1 w - -,c2c3 f6g6 g1f2 c8c5 a3a4 d4c3 b5c3 g5g4 h3g4 h5g4,470
1bk5/1r6/p5p1/P1pp3K/2P1P2p/3BB3/4Q1Pq/8 w - -,h5g5 h2e5 g5h6 e5h8 h6g5 h8d8 g5h6 d8f8 h6g5 d5e4,-583
2kr3r/1pp5/p2p3p/P5p1/2P2pn1/1NR3bq/1P5B/3QR2K w - -,d1c2 g4h2 c2g2 h3g2 h1g2 g3e1 c3d3 h2g4 b3d2 h8e8,-972
r2qnrk1/1p1b2bp/3p1n2/1N1Pp1p1/4Pp2/5P2/P2NBBPP/R2Q1RK1 w - -,b5c3 g8h8 a1b1 f8g8 d2c4 g7f8 c4b6 a8b8 b6d7 d8d7,107
1r2brk1/2p2p2/p2bpp1p/np5P/4P3/P1N2N2/BPP1KPP1/3R3R w - -,e2f1 g8h8 g2g3 f8g8 f1g2 b5b4 a3b4 b8b4 b2b3 a5c6,-95
r1b1r1k1/pp1n1qpp/2p1pp2/8/1bPP4/5NP1/PPQ2PBP/R1BR2K1 w - -,c4c5 b4a5 c1f4 d7f8 f4d6 f8g6 b2b4 a5c7 d6c7 f7c7,150
2r2rk1/p1B2ppp/1pn5/3B4/3b4/5R2/P1P3PP/1R3K2 w - -,,0
rnbqk2r/ppp1b1pp/5n2/3NppB1/4P3/3P4/PPP2PPP/R2QKBNR w KQkq -,g5f6 e7f6 d1h5 g7g6 h5h6 b8c6 g1f3 c8e6 d5f6 d8f6,96
8/2R2Pk1/1p2K3/7p/P5p1/4b2P/8/8 w - -,g5f6 e7f6 d1h5 g7g6 h5h6 b8c6 g1f3 c8e6 d5f6 d8f6,Mate
r1b1kb1r/p1p1qppp/1pn2n2/3p4/3P4/2P1B3/PP1N1PPP/R2QKBNR w KQkq -,f1b5 c8d7 g1f3 c6d8 a2a4 f6g4 e1h1 g4e3 b5d7 e7d7,64
6r1/3b1p1p/1p1k4/p7/P2P4/5B2/2P2PPP/2K1R3 w - -,e1e5 d7a4 c1b2 h7h6 e5h5 g8g6 f3e4 g6e6 e4d3 d6e7,211
3rr3/pp1nppkp/3p2p1/2qN4/4PP2/3Q3P/PPP3P1/3R1R1K w - -,b2b4 c5c6 d3d4 d7f6 c2c4 d8c8 d1c1 a7a5 a2a3 g7g8,82
2r2rk1/p3qpp1/bp5p/3p4/2pP4/1B2P3/PPQ2PPP/3RR1K1 w - -,b3a4 b6b5 a4b3 c4b3 c2b3 c8c4 b3d3 f8e8 b2b3 c4c7,-370
6k1/r4p1p/1p3bp1/7P/5PP1/3pQ3/1r6/3K2R1 w - -,b3a4 b6b5 a4b3 c4b3 c2b3 c8c4 b3d3 f8e8 b2b3 c4c7,Mate
r2qr1k1/pb1n1ppp/np1p4/3PbN2/1P6/P1N1BP2/B2Q2PP/2R2RK1 w - -,f3f4 e5c3 d2c3 d8f6 c3d3 a6c5 b4c5 d7c5 e3c5 d6c5,336
r3r1k1/p4ppp/6nP/3p2P1/3Pn3/4P2N/P4PK1/R6R w - -,a2a4 g7h6 g5h6 e8e6 a1c1 e6f6 h1g1 g8f8 g2f1 g6e7,-363
rn1qkb1r/pbpp2pp/4pn2/1p1P1Q2/4P3/8/PPP2PPP/RNB1KBNR w KQkq -,d5e6 b7e4 f5h3 a7a6 g1f3 e4c2 f1e2 f8b4 c1d2 b8c6,82
rnbqk1nr/1pp1b1pp/p3pp2/3pP3/3P4/2P2N2/PP3PPP/RNBQKB1R w KQkq -,f1d3 c7c5 e1h1 b8c6 f1e1 f6e5 f3e5 g8f6 c1e3 d8b6,97
2bqr1k1/2ppbppp/pr3n2/4N3/Q7/P7/1PP2PPP/RNBR2K1 w - -,e5d3 c8b7 b1c3 e7f8 f2f3 c7c5 c1g5 d7d5 a4a5 c5c4,-78
2k5/1r6/p5pK/P1pp4/2P1Pb1p/3BB3/4Q1Pq/8 w - -,e5d3 c8b7 b1c3 e7f8 f2f3 c7c5 c1g5 d7d5 a4a5 c5c4,Mate
rn1qkb1r/p1pp2pp/4Pn2/1p3Q2/4b3/8/PPP2PPP/RNB1KBNR w KQkq -,f5h3 c7c6 g1f3 e4c2 f1e2 c2b1 e1h1 b1e4 f3g5 e4d5,61
8/8/1K2k3/8/4b3/6Q1/8/8 w - -,f5h3 c7c6 g1f3 e4c2 f1e2 c2b1 e1h1 b1e4 f3g5 e4d5,Mate
r1bqk2r/p1ppbpp1/1pn2n2/4p1Bp/4P3/3P1QPP/PPP2PB1/RN2K1NR w KQkq -,g1e2 f6h7 g5e7 d8e7 b1c3 h7g5 f3e3 g5e6 c3d5 e7d6,53
r3k2r/pppq1pp1/3p1n2/2b1p1B1/2B1P1bp/2PP2QP/PP3PP1/RN3RK1 w kq -,c4f7 d7f7 g5h4 g4e2 h4f6 g7f6 f1e1 h8g8 g3g8 f7g8,-418
2R5/5Pk1/1p2K3/2b4p/P5p1/7P/8/8 w - -,c4f7 d7f7 g5h4 g4e2 h4f6 g7f6 f1e1 h8g8 g3g8 f7g8,Mate
r2qkb1r/p1pn2pp/5n2/1p3Q2/4b3/8/PPP2PPP/RNB1KBNR w KQkq -,f5e6 d8e7 e6e7 f8e7 b1c3 e4b7 c3b5 e8a8 g1f3 e7c5,47
r1bq1rk1/ppp2pb1/3p1npp/2nPp3/4P3/2N2NPP/PPP2PB1/R1BQ1RK1 w - -,f3h2 a7a5 c1e3 f6d7 d1d2 g8h7 f2f4 e5f4 g3f4 f7f5,15
2k5/1r6/p5pK/P1pp4/2P1Pq1p/3B4/4Q1P1/8 w - -,f3e1 c7c6 b2b4 c5a6 d5c6 b7c6 e1d3 a6c7 a2a4 a7a5,Mate
r3k2r/4pp1p/p1ppbnpQ/q7/P2PP1PP/1Pp2P2/2P5/1K1R1BNR w kq -,g1e2 a8b8 h6e3 e6b3 e2c3 b3a4 b1c1 h7h5 d1d3 e8h8,-143
2kr3r/bpp5/p2p3p/P5p1/2P5/1N3n1q/1P2BP1B/3QR1K1 w - -,e2f3 a7f2 g1h1 h6h5 f3g2 h3h4 e1e4 g5g4 d1d3 h8f8,-279
2r5/1p3k2/3p1r2/4p1pp/4Pp2/P1NP1P1P/1P4P1/1R2R1K1 w - -,e1c1 f6h6 c3d5 h6h8 d5b6 c8f8 c1c7 f7g6 b6c4 g6f6,496
r2qr1k1/pb1n1ppp/np1p4/3P1N2/1P3P2/P1b1B3/B2Q2PP/2R2RK1 w - -,d2c3 d8f6 c3d3 a6c5 b4c5 d7c5 e3c5 d6c5 a3a4 a8d8,326
8/2b2rk1/4Rp2/p1pp4/5P2/5NP1/PP5P/7K w - -,e6c6 c5c4 b2b3 c4b3 a2b3 f7d7 f3d4 c7b8 h1g2 b8a7,241
2bqr1k1/2p1bppp/pr1p1n2/4N3/Q7/P1N5/1PP2PPP/R1BR2K1 w - -,e5c6 d8d7 c6e7 e8e7 c1g5 d7a4 c3a4 b6c6 g5f6 g7f6,39
r3k2r/pppq1pp1/3p1n2/2b1p3/2B1P2B/2PP2Qb/PP3PP1/RN3RK1 w kq -,b2b4 h3g2 b4c5 g2f1 g1f1 f6h5 g3f3 d6c5 a2a4 h5f4,-113
8/5Pk1/4K3/2p4p/P5p1/7P/8/8 w - -,b2b4 h3g2 b4c5 g2f1 g1f1 f6h5 g3f3 d6c5 a2a4 h5f4,Mate
8/8/5k2/4p3/4K3/2r2p2/8/4R3 w - -,e1f1 c3c4 e4d3 c4f4 d3e3 f3f2 f1f2 f4f2 e3f2 e5e4,-7
r5k1/Bp3p1p/6p1/8/5PPP/2bpQ3/1r6/3K2R1 w - -,d1c1 d3d2 c1d1 b2b1 d1c2 b1e1 c2c3 d2d1n c3d2 d1e3,-490
2k5/1r3q2/p5K1/P1pp4/2P1P2p/3B4/4Q1P1/8 w - -,g6g5 f7g8 g5h4 b7h7 e2h5 h7h5 h4h5 d5e4 d3e4 g8c4,-727
r1bq1rk1/1pp2pb1/3p1npp/p1nPp3/4P3/2N3PP/PPP2PBN/R1BQ1RK1 w - -,c1e3 c8d7 a2a3 d8c8 b2b4 c5a6 b4b5 a6c5 h3h4 g8h7,16
r3nr1k/pp2bp1p/2n1q3/5N1Q/8/3BP2P/1P4P1/3R1RK1 w - -,f5e7 f7f5 e7f5 e6e5 h5h4 e8f6 d3b1 f6d5 f1f3 a8d8,321
8/4K3/1r6/8/4P2R/8/3k4/8 w - -,e4e5 b6b1 e7f6 d2c3 f6f5 b1b5 h4h1 b5b2 h1h3 c3b4,693
8/2b2rk1/2R2p2/p2p4/2p2P2/5NP1/PP5P/7K w - -,b2b3 c4b3 a2b3 f7e7 f3d4 g7g6 h1g2 e7e4 d4f3 e4e7,255
r3nrk1/pp2bp1p/2n1q2p/5N1Q/8/3BP2P/1P4P1/3R1RK1 w - -,f5h6 g8g7 h6f5 g7h8 f5e7 f7f5 e7f5 e6e5 h5h4 e5f6,277
r2qk1nr/ppp3pp/3bpp2/3p1b2/3P1B2/4P3/PPP2PPP/RN1QKB1R w KQkq -,f4d6 d8d6 c2c4 g8e7 b1c3 c7c6 a1c1 d6b4 c4d5 e6d5,17
8/kn6/6Q1/8/1K6/8/8/8 w - -,f4d6 d8d6 c2c4 g8e7 b1c3 c7c6 a1c1 d6b4 c4d5 e6d5,Mate
r1b1r2k/pp1n1qpp/2p1pp2/2P5/1b1P4/5NP1/PPQ2PBP/R1BR2K1 w - -,c2a4 a7a5 a2a3 d7c5 a4c2 c5a6 a3b4 a6b4 c2c5 b4d5,325
r1bq1rk1/2p2pb1/1p1p1npp/p1nPp3/4P3/2N1B1PP/PPP2PBN/R2Q1RK1 w - -,a2a3 d8e8 d1d2 g8h7 b2b4 c5a4 b4b5 a4c5 a1e1 a5a4,24
1r1qr1k1/bpp2ppp/p2p1n2/3Pn2b/1PP1N3/P4PP1/1B2N1BP/R2QK2R w KQ -,b2d4 a7d4 d1d4 f6e4 f3e4 e5f3 g2f3 h5f3 h1f1 e8e4,-404
r1bqk1nr/1p2bppp/p1npp3/8/2P1P3/2N2N2/PP1Q1PPP/R1B1KB1R w KQkq -,f1e2 g8f6 e1h1 d8c7 b2b3 b7b6 h2h3 c8b7 d2e3 c6e5,59
6k1/rp3p1p/6p1/8/5PPP/2bQ4/1r6/3K2R1 w - -,d3c3 a7a1 c3c1 b2b1 d1d2 b1c1 g1c1 a1c1 d2c1 h7h5,-990
8/4KPk1/8/2p4p/P7/7p/8/8 w - -,d3c3 a7a1 c3c1 b2b1 d1d2 b1c1 g1c1 a1c1 d2c1 h7h5,Mate
rnbqkb1r/p5p1/4pn1p/1P1p4/2p4B/5N2/PP2PPPP/RN1QKB1R w KQkq -,a2a3 d8a5 b1c3 f6e4 e2e3 e4c3 b2c3 f8c5 d1c2 e8h8,62
2k3q1/1r6/p7/P1pp2K1/2P1P2p/3B4/4Q1P1/8 w - -,g5h4 b7h7 e2h5 h7h5 h4h5 d5e4 d3e4 g8c4 e4f5 c8c7,-777
r1b1k2r/ppppqppp/2n5/4P3/P2n4/5N2/1PP2PPP/RN1Q1RK1 w kq -,h2h3 d4f3 d1f3 e8h8 b1c3 c6e5 f3g3 d7d6 a1e1 e7d8,-418
2kr3r/1pqb1pp1/p2p1b1p/4pP2/2n1P3/2NB3Q/PPP3PP/2KR3R w - -,,0
2r2rk1/5ppp/1pn5/3B4/3b4/5R2/P1P3PP/1R3K2 w - -,c2c3 d4c5 b1e1 c6e7 d5b3 g7g6 a2a4 c8d8 g2g3 g8h8,-484
r5k1/p1pq1ppp/b1Np1n2/8/8/B1P1Q3/P1PP1PPP/R5K1 w - -,c6b4 a6b7 c3c4 d7g4 e3g3 g4c4 a3b2 f6h5 g3b3 c4g4,-32
r1bqk1nr/1p3ppp/p1np4/3pp3/3P1B2/2P1P3/PP3PPP/R2QKBNR w KQkq -,d4e5 d6e5 f4g3 g8e7 g1f3 f7f6 f1e2 c8e6 e1h1 e8h8,-26
r4rk1/pp2qpp1/8/3pPn1p/4n3/5N2/PPQ2PPP/2R1R1K1 w - -,h2h3 a8d8 c1d1 g7g6 a2a4 d8c8 c2e2 f8d8 a4a5 h5h4,-426
r1b2rk1/pp1ppp1p/1bn3p1/8/4P3/1B2nP2/PPP1Q1PP/R3K2R w KQ -,c2c3 d7d5 e4d5 c6a5 b3a4 e7e6 a1d1 e3d1 e1d1 f8d8,-239
3K4/8/8/4k3/8/5Q2/8/8 w - -,c2c3 d7d5 e4d5 c6a5 b3a4 e7e6 a1d1 e3d1 e1d1 f8d8,Mate
2kr3r/1pp5/p2p3p/P5p1/2P5/1N3B2/1P3K1q/3QR3 w - -,f2e3 h2b2 e3d3 h8f8 f3d5 d8e8 d5e4 e8e5 e1e2 b2a3,-387
3r1r2/pp2ppkp/2bp1np1/2qB4/4PP2/2NQ3P/PPP3P1/3R1R1K w - -,a2a3 a7a5 d1e1 d8c8 d5c6 c8c6 e1e2 c5c4 g2g4 f8c8,-6
r1b1r2k/ppbn1qpp/2p1pp2/2P5/1P1P4/P4NP1/2Q2PBP/R1BR2K1 w - -,a3a4 a7a6 c1b2 a8b8 f3h4 d7f8 b2c3 c8d7 d1e1 h8g8,103
r2q1rk1/pp3ppp/2pp1n2/2b5/2B1P3/2NPBP1b/PPP2P2/R2Q1RK1 w - -,d3d4 c5b4 c3e2 f6h5 g1h2 d8h4 e3g5 h4g5 h2h3 g8h8,-154
r1bqk2r/1ppp1ppp/p1nb1n2/8/4p3/1P1BP3/PBPPNPPP/RN1QK2R w KQkq -,d3a6 a8a6 b1c3 e8h8 d2d3 e4d3 d1d3 f8e8 d3d2 d6f8,-404
r3r1k1/p4p1p/6np/3p2P1/P2Pn3/4P2N/5PK1/R6R w - -,g5h6 e8e6 a1c1 e6f6 h1g1 g8f8 g2f1 a8b8 g1g4 g6e7,-405
8/6KB/2k5/6N1/8/8/8/8 w - -,g7f6 c6c5 f6e5 c5c4 h7e4 c4c3 e5d5 c3b4 d5d4 b4b3,168
3r1r2/1p2ppkp/2bp1np1/p1qB4/4PP2/P1NQ3P/1PP3P1/3R1R1K w - -,,0
6k1/1p3p1p/6p1/8/5PPP/2Q5/1r6/r2K2R1 w - -,c3c1 b2b1 d1d2 b1c1 g1c1 a1c1 d2e3 g8g7 e3f3 c1f1,-990
3K4/8/8/8/4k3/6Q1/8/8 w - -,c3c1 b2b1 d1d2 b1c1 g1c1 a1c1 d2e3 g8g7 e3f3 c1f1,Mate
8/5Q2/8/1K6/3kb3/8/8/8 w - -,c3c1 b2b1 d1d2 b1c1 g1c1 a1c1 d2e3 g8g7 e3f3 c1f1,Mate
8/7B/5K2/3k2N1/8/8/8/8 w - -,f6f5 d5c5 f5e5 c5c4 g5e4 c4b3 e5d4 b3c2 d4c4 c2b2,165
r1b1k2r/ppppqppp/8/4P3/P2n4/8/1PP2PPP/RN1Q1RK1 w kq -,h2h3 d4c6 b1c3 d7d6 e5d6 e7d6 d1d6 c7d6 c3b5 c8e6,-350
6k1/1p3p1p/6p1/8/5PPP/8/8/rrQK2R1 w - -,d1d2 b1c1 g1g3 c1g1 g3g1 a1g1 g4g5 g1f1 d2e3 g8g7,-994
4rk2/pp3p1p/1n4rN/3p2P1/3P4/1P3K1P/8/3N2R1 w - -,d1e3 g6c6 e3g4 b6d7 f3g3 e8e4 g1f1 f7f6 g5f6 e4d4,-350
8/5Pk1/4K3/P1p4p/8/7p/8/8 w - -,d1e3 g6c6 e3g4 b6d7 f3g3 e8e4 g1f1 f7f6 g5f6 e4d4,Mate
rn1qkb1r/p4ppp/2p1pn2/1N2N3/2pPb3/6P1/PP2PPBP/R1BQK2R w KQkq -,g2e4 f6e4 b5c3 f8b4 e1h1 e4c3 b2c3 b4c3 e5c4 e8h8,50
r1bq1rk1/2p2pbn/1p1p2pp/p1nPp3/4P3/P1N1B1PP/1PP2PBN/R2Q1RK1 w - -,b2b4 c5d7 d1d2 h6h5 a1e1 f7f5 f2f4 h5h4 g3h4 e5f4,36
3r4/2k2p1p/1pb5/p7/P2P4/2P5/5PPP/2KB3R w - -,h1g1 d8d6 c1d2 d6h6 h2h3 f7f5 c3c4 c7d6 d2c3 h6g6,334
3K4/8/8/8/8/3k4/6Q1/8 w - -,h1g1 d8d6 c1d2 d6h6 h2h3 f7f5 c3c4 c7d6 d2c3 h6g6,Mate
r3r1k1/pb1n1ppp/np1p1q2/3P1N2/1P3P2/P1Q1B3/B5PP/2R2RK1 w - -,c3d3 a6c5 b4c5 d7c5 e3c5 d6c5 f5g3 a8d8 c1d1 b6b5,318
6k1/1p3p1p/6p1/8/5PPP/8/3K4/r1r3R1 w - -,g1c1 a1c1 d2d3 c1g1 g4g5 g1f1 d3e3 g8g7 e3e4 h7h5,-1143
8/1pp2b1p/8/p4P2/3k4/P3NK2/1PP4P/8 w - -,f3f4 b7b5 e3g4 d4c5 g4f6 h7h6 f6g4 h6h5 g4h6 f7c4,435
r1bqk2r/2pp1ppp/p1nb1n2/1p6/2B1p3/1P2P3/PBPPNPPP/RN1QK2R w KQkq -,d2d3 b5c4 d3c4 d6e5 b1c3 e8h8 d1d2 d7d5 c4d5 f6d5,-326
8/5Pk1/P3K3/2p4p/8/8/7p/8 w - -,e6e7 h2h1q f7f8q g7h7 f8f5 h7h6 a6a7 h1b7 f5d7 b7a8,Mate
r1bqkb1r/1p3ppp/p1nppn2/1N4B1/2B1PP2/2N5/PPP3PP/R2QK2R w KQkq -,b5d4 d8b6 d4c6 b6b2 g5f6 g7f6 c3a4 b2a3 c4b3 b7c6,10
8/8/8/4p3/1P3p2/8/4K3/5q1k w - -,e2f1 e5e4 b4b5 e4e3 b5b6 f4f3 b6b7 e3e2 f1f2 e2e1q,Mate
r1b2rk1/ppppqppp/8/4P3/P2Q4/8/1PP2PPP/RN3RK1 w - -,b1c3 b7b6 c3d5 e7d8 f1d1 f8e8 d4c3 c7c6 d5e3 d8g5,68
2kr3r/1pqb1pp1/p2p3p/3NpPb1/4P3/n2B3Q/PPP3PP/1K1R3R w - -,b1a1 a3c2 a1b1 c2a3 b2a3 c7a5 d3c2 d7c6 h3b3 c8b8,-117
rnb1k1nr/p2pppbp/1q4p1/1ppP4/4P3/8/PPPBBPPP/RN1QK1NR w KQkq -,b1c3 c8a6 a1b1 d7d6 b2b4 g8f6 g1f3 b8d7 e1h1 e8h8,50
2r2rk1/5ppp/1pn5/2bB4/8/2P2R2/P5PP/1R3K2 w - -,b1e1 g7g6 g2g4 c6e7 d5b3 g8h8 f3f6 e7g8 f6f3 c8d8,-489
2r2rk1/p3qpp1/1p5p/2pB4/3P4/4P3/PPQ2PPP/3R1bK1 w - -,g1f1 c5d4 c2b3 d4e3 f2e3 g8h8 f1g1 f8d8 d1f1 e7g5,-405
r1b1r2k/1p1n1qpp/2p1pp2/p1P5/Qb1P4/5NP1/PP3PBP/R1BR2K1 w - -,a2a3 d7c5 a4c2 f7g6 c2g6 h7g6 a3b4 c5b3 a1a3 a5a4,341
8/8/8/4P3/5K1R/3k4/8/r7 w - -,f4f5 d3c3 e5e6 a1f1 f5e5 f1a1 e6e7 a1a8 e5e6 a8a6,796
rn1qkb1r/p4ppp/4pn2/1p2Nb2/2pP4/6P1/PP2PPBP/R1BQK2R w KQkq -,c1g5 h7h6 g5f6 g7f6 e5c4 b5c4 g2a8 f8b4 e1f1 e8h8,-345
6r1/1p3k2/3p1r2/3Np1pp/4Pp2/P2P1P1P/1P4P1/1R2R1K1 w - -,e1c1 f7e6 d5f6 e6f6 c1c7 g5g4 h3g4 h5g4 f3g4 g8g4,573
r1bqk2r/1p2bpp1/p1nppn1p/8/2BNPP1B/2N5/PPP3PP/R2QK2R w KQkq -,d4c6 b7c6 d1f3 c8b7 e1a1 d6d5 h1e1 e8h8 g2g4 a8b8,57
2kr3r/1p1b1pp1/p2p3p/2qNpPb1/4P3/P2B3Q/P1P3PP/1K1R3R w - -,d3e2 d7a4 h3c3 c8b8 h2h4 g5f6 c3c4 a4c6 h1h3 c5f2,-26
r1bqk2r/4bpp1/p1ppp2p/3nP3/2B2P1B/2N5/PPP3PP/R2QK2R w KQkq -,h4e7 d8e7 d1d4 d6e5 d4e5 e8h8 e1a1 e7b4 c4d5 c6d5,25
r1bq1rk1/pp3ppp/2pp1n2/2b5/2BnP3/2NP1N2/PPP2PPP/R1BQ1RK1 w - -,h2h3 c8e6 f3d4 c5d4 c3e2 d4b6 c4e6 f7e6 e2g3 d6d5,123
rnb1k1nr/p2pppbp/1q4p1/2pP4/1p2P3/2N5/PPPBBPPP/R2QK1NR w KQkq -,c3b5 a7a6 a2a3 a6b5 a3b4 a8a1 d1a1 c5b4 d2e3 b6a6,-323
8/8/4Q3/3b4/3k4/1K6/8/8 w - -,,0
8/2KR4/8/1r6/8/5k2/3P4/8 w - -,c7c6 b5a5 d7e7 a5a4 c6c5 a4a5 c5c4 a5a4 c4b3 a4d4,459
r1b1k2r/4qpp1/p1ppp2p/3nP3/2B2P2/2N5/PPP3PP/R2QK2R w KQkq -,d1d4 d6e5 d4e5 e8h8 e1a1 e7b4 c4d5 e6d5 a2a3 b4c5,19
r1b1k1nr/pp1p1ppp/4p3/2b1n3/2B1P2q/2N5/PPPQ1PPP/R1B1K1NR w KQkq -,g1f3 e5c4 f3h4 c4d2 c1d2 g8f6 f2f3 e8h8 g2g4 b7b5,-24
rnbqkb1r/2p2ppp/1p2pn2/p1Pp4/3P4/2N1P3/PP3PPP/R1BQKBNR w KQkq -,,0
2r2rk1/p4pp1/1p1q3p/2pB4/3P4/4P3/PPQ2PPP/3R1K2 w - -,d4c5 c8c5 c2f5 d6c7 f1e2 c7c8 f5c8 f8c8 d5b7 c8c7,-158
2k3q1/7r/p7/P1pp4/2P1P2K/3B4/4Q1P1/8 w - -,e2h5 h7h5 h4h5 d5e4 d3e4 g8c4 e4f3 c8c7 h5g5 c4b4,-835
8/4KPk1/P7/2p4p/8/8/8/7q w - -,f7f8q g7h7 f8f5 h7h6 a6a7 h1b7 f5d7 b7a8 e7f6 a8h8,20000
rn2k1br/pp4p1/2p2n1p/8/3P2BP/6P1/PPP1q1P1/R1B2RK1 w kq -,f1f6 e2g4 f6d6 e8e7 c1f4 g4f4 g3f4 e7d6 a1e1 d6d7,-740
8/3K4/8/8/8/5Q2/8/k7 w - -,f1f6 e2g4 f6d6 e8e7 c1f4 g4f4 g3f4 e7d6 a1e1 d6d7,Mate
r1bqkb1r/p2p1ppp/2p1p1n1/8/4P3/2N1B3/PPP2PPP/R2QKB1R w KQkq -,d1d2 d8a5 e1a1 f8b4 f1e2 a8b8 d2d4 e6e5 d4a7 a5a7,43
2bqr1k1/2p1bppp/pr1p4/3nN3/Q7/P7/1PP2PPP/R1BR2K1 w - -,d1d5 b6b5 d5b5 a6b5 a4b5 d6e5 c1e3 d8d7 a3a4 d7b5,-364
r2r2k1/1p1b1pp1/p3p2p/1P6/2P1nP2/P3q2P/3NB1PK/R1Q2R2 w - -,a1a2 e4c3 a2b2 c3e2 c1e1 e3d4 b2b4 e2f4 d2b3 f4g2,-368
r1b1k2r/5pp1/p2qp2p/3p4/5P2/2N5/PPP3PP/R2QK2R w KQkq -,d1d4 e8h8 e1a1 a8b8 a2a3 c8d7 d1d3 b8b7 h1e1 f8c8,1
r1b1kbnr/pp1p1ppp/2n1p3/q1p5/2P1P3/3PB3/PP3PPP/RN1QKBNR w KQkq -,b1c3 f8e7 f2f4 a7a6 g1f3 b7b5 f1e2 b5b4 c3a4 g8f6,25
5Q2/4K2k/P7/2p4p/8/8/8/7q w - -,f8f5 h7h6 a6a7 h1b7 f5d7 b7a8 e7f6 a8f8 f6e5 f8h8,20000
r2qr1k1/bppb1pp1/p2p1n1p/3P4/4P3/2N2N1P/PPQ2PP1/R1B1R1K1 w - -,c1e3 f6h5 e3a7 a8a7 e1e3 h5f4 a1e1 a7a8 c3e2 f4e2,43
3r1r2/1p3pkp/2bppnp1/p1qB4/4PP2/P1NQ1R1P/1PP3P1/3R3K w - -,d5c6 b7c6 f4f5 e6e5 d3e2 g6g5 f3d3 h7h6 e2e1 c5b6,-11
r1b1k2r/1ppp1ppp/p1nb1q2/8/4p3/1P1BP3/P1PPNPPP/RN1QK2R w KQkq -,d3c4 f6a1 e2c3 b7b5 c4d5 f7f5 b3b4 c8b7 a2a3 e8a8,-458
2k5/1r6/p7/P1pp4/2P1PK1p/3B2q1/4Q1P1/8 w - -,d3c4 f6a1 e2c3 b7b5 c4d5 f7f5 b3b4 c8b7 a2a3 e8a8,Mate
8/4K3/P6k/2p2Q1p/8/8/8/7q w - -,f5f6 h6h7 f6e6 h1h4 e7f8 h4d4 e6f5 h7h6 f8e7 d4g7,20000
8/8/1k6/3K4/8/8/4N2B/8 w - -,f5f4 h6h7 f4f7 h7h6 f7f6 h6h7 f6e6 h1h4 e7f8 h4d4,Mate
1b6/5rk1/2R2p2/p2p4/2pN1P2/6P1/PP5P/7K w - -,b2b3 c4b3 a2b3 f7d7 h1g2 b8a7 d4b5 g7f7 g2f3 f7e7,240
3r1r2/5pkp/2pppnp1/p1q5/4PP2/P1NQ1R1P/1PP3P1/3R3K w - -,f4f5 e6e5 d3e2 g6g5 f3d3 h7h6 e2e1 c5b6 c3a4 b6b8,-5
r1bq1rk1/2pn1pbn/1p1p2pp/p2Pp3/1P2P3/P1N1B1PP/2P2PBN/R2Q1RK1 w - -,d1d2 h6h5 a1e1 a5b4 a3b4 c8a6 b4b5 a6c8 e1a1 a8a1,24
r1b1k2r/p1pq1ppp/8/b7/1p1p2n1/BB4QP/P4PP1/RN3RK1 w kq -,f1e1 e8f8 a3c1 g4f6 b1d2 a5b6 d2c4 c8b7 c4e5 d7f5,152
8/3R4/2K5/r7/8/5k2/3P4/8 w - -,d7e7 a5a4 c6c5 a4a5 c5c4 a5a4 c4b3 a4a1 d2d4 f3g2,478
2bqr1k1/2p2ppp/pr1p1b2/3RN3/Q7/P7/1PP2PPP/R1B3K1 w - -,e5f3 c8b7 d5d1 e8e4 c2c4 d8e7 a1b1 h7h6 b2b4 e4e2,-252
8/4K2k/P4Q2/2p4p/8/8/8/7q w - -,f6e6 h1h4 e7f8 h4d4 e6f5 h7h6 f8e7 d4g7 f5f7 g7g2,20000
3r1r2/5pkp/2pp1np1/p1q1pP2/4P3/P1NQ1R1P/1PP3P1/3R3K w - -,f5g6 h7g6 d3a6 d8d7 b2b4 a5b4 a3b4 c5b4 a6c6 b4c5,-13
r6k/r1pb2pp/2p2n2/P1Pp1P1q/3N1B2/P4P2/2Q3PP/R4RK1 w - -,f4d2 h7h6 f1e1 h8g8 e1e5 a8e8 e5e8 h5e8 g2g4 e8c8,384
r2r2k1/1p1b1pp1/p3p2p/1P6/2P1NP2/P6P/4q1PK/R1Q2R2 w - -,e4g3 e2d3 f1d1 d3g6 a3a4 d7e8 c1b2 g8h7 d1d8 a8d8,50
4r3/2k2p1p/2b5/pp6/P2P4/2P2P2/3K2PP/3B3R w - -,a4b5 c6b5 h1e1 e8g8 g2g3 a5a4 e1e7 c7c6 d1c2 g8b8,359
2r2rk1/5ppp/1p6/n1bB4/8/2P2R2/P5PP/4RK2 w - -,g2g4 c8d8 c3c4 b6b5 e1d1 a5c4 d5f7 g8h8 d1d8 f8d8,-447
rnbqkb1r/pp1p1ppp/8/8/2p1n3/1N3P2/PPP3PP/RNBQKB1R w KQkq -,,0
8/5pkp/R7/6Pp/8/4PP2/1r4K1/8 w - -,g2g3 h5h4 g3f4 b2b4 e3e4 b4b1 a6h6 b1h1 f4g4 h1g1,9
6B1/8/k4B2/p6p/1p3P2/6P1/5R1P/1q4K1 w - -,,0
r6k/r1pb1qp1/2p2n2/P1Pp1P1p/P2N1BP1/5P2/2Q4P/R4RK1 w - -,g4g5 f6g8 f4e5 a7a5 f5f6 g7f6 g5f6 a8e8 f1e1 g8f6,421
3r2k1/pp5p/3N2p1/2Pp2rq/8/4B1K1/PP2P3/R1Q1R2B w - -,e3g5 h7h6 g5d8 h5e5 c1f4 e5e6 h1f3 h6h5 g3f2 d5d4,1865
8/5pkp/R7/6P1/7p/4PPK1/1r6/8 w - -,g3f4 b2b4 e3e4 b4b1 f4g4 b1h1 f3f4 h4h3 a6h6 h3h2,15
3qr1k1/1bp2ppp/pr1p1b2/3R4/Q7/P2N4/1PP2PPP/R1B3K1 w - -,d5h5 e8e4 a4a5 e4g4 d3e1 d8a8 a5f5 g4g6 f5h3 h7h6,-289
8/4R3/2K5/8/r7/5k2/3P4/8 w - -,c6c5 a4a5 c5c4 a5a4 c4b3 a4d4 b3c3 d4d8 d2d4 f3f4,528
5rk1/p4pp1/1p1q3p/2rB4/8/4P3/PPQ2PPP/3R1K2 w - -,c2e4 d6h2 d1d4 c5c1 f1e2 h2c7 d4d2 c7c8 b2b3 c1c7,-255
2rqr2k/pn6/1p1pP1pp/2p2P2/8/2N3Q1/PPP3P1/1K1R4 w - -,d1h1 e8e6 f5e6 h8g7 g3f4 h6h5 f4f7 g7h6 f7b7 d8g8,606
8/b4rk1/1R3p2/p2p4/2pN1P2/6P1/PP5P/7K w - -,b6b5 a7d4 h1g2 a5a4 b5d5 d4b2 g2f3 f7c7 d5d2 c4c3,-427
8/5pkp/R7/6P1/7K/1r2PP2/8/8 w - -,,0
r1b2rk1/pp2pp1p/1b4p1/3p4/3nP2P/1B2nP2/PPPQ2P1/R3K2R w KQ -,e4d5 a7a5 c2c3 a5a4 b3d1 f8d8 h4h5 d8d5 h5g6 h7g6,-387
rn1q1r1k/pp4pb/2p1Qn1p/8/3P1B1P/6N1/PPP2PP1/R4RK1 w - -,c2c3 b8d7 a1e1 f6d5 f4d2 d7b6 b2b3 d8h4 c3c4 d5f6,-333
r1b1k2r/pp1pbppp/4pn2/q1p5/2PnP3/P2PB3/1P1N1PPP/R1Q1KBNR w KQkq -,b2b4 a5c7 g1e2 d4e2 f1e2 b7b6 e1h1 e8h8 e2f3 a8b8,24
r1b2k1r/p1pq1ppp/8/b7/1p1p2n1/BB4QP/P4PP1/RN2R1K1 w - -,a3c1 g4f6 b1d2 a5b6 d2f3 c8b7 f3e5 d7d6 b3f7 d4d3,150
r3qrk1/1p4pp/p1b1p3/2bpBp2/8/1QP1PN1P/PP3PP1/R4RK1 w - -,b3d1 c6a4 b2b3 a4c6 a2a4 e8e7 d1d2 f8c8 e5d4 c6e8,33
r1b2rk1/ppp1pp1p/1n1q2p1/3Pb3/4P3/2N3P1/PP3PBP/R1BQ1RK1 w - -,c1h6 f8d8 a1c1 c7c6 f2f4 d6c5 g1h1 e5g7 h6g7 g8g7,73
r1bq1rk1/pppn1pbn/3p2pp/3Pp3/4P3/2N2NPP/PPP2PB1/R1BQ1RK1 w - -,g1h2 b7b6 c1e3 f7f5 e4f5 g6f5 d1d2 d8f6 c3b5 c8a6,34
r3k1nr/pp3ppp/2n1p3/4Pb2/3p4/2N1B3/P1P1BPPP/R4RK1 w kq -,a1b1 d4e3 f2e3 g8h6 b1b7 e8h8 b7c7 c6e5 e3e4 f5g6,-367
8/4R3/8/r1K5/8/5k2/3P4/8 w - -,c5c4 a5a4 c4b3 a4d4 b3c3 d4d6 d2d4 d6d8 e7e1 d8c8,588
3q2k1/1bp2ppp/pr1p1b2/7R/Q3r3/P2N4/1PP2PPP/R1B3K1 w - -,a4a5 e4g4 d3e1 d8a8 a5f5 g4g6 f5h3 h7h6 g1f1 f6b2,-327
2rq1rk1/p2n1ppp/bp6/2bp4/5B2/1P3NP1/P1Q1PPBP/R2R2K1 w - -,c2b2 d8f6 b2d2 f6e7 f3d4 d7f6 f4g5 h7h6 g5f6 e7f6,40
5rk1/p2q1pp1/1p5p/2rB4/8/1Q2P3/PP3PPP/3R1K2 w - -,e3e4 f8c8 g2g3 d7b5 b3b5 c5b5 d5b3 b5c5 f1e2 g8f8,-158
8/2R2Pk1/1p2K3/8/P5p1/4b3/8/8 w - -,e3e4 f8c8 g2g3 d7b5 b3b5 c5b5 d5b3 b5c5 f1e2 g8f8,Mate
r1b2rk1/1p2pp1p/1b4p1/p2P4/3n3P/1B2nP2/PPPQ2P1/R3K2R w KQ -,c2c3 a5a4 b3d1 f8d8 a1c1 d4f5 g2g4 e3d5 g4f5 b6e3,-419
6r1/2k2p1p/2b5/pp6/P2P4/1BP2P2/3K2PP/7R w - -,a4b5 g8g2 d2e3 c6b5 h1a1 c7b6 a1a2 g2a2 b3a2 f7f6,263
rnb1k2r/p2q1ppp/4p3/1p2PnN1/2pP4/2N5/1PQ2PPP/R3KB1R w KQkq -,f2f4 c8b7 c2f2 b8c6 d4d5 e6d5 g2g4 f5d4 f1g2 h7h6,-190
rnbqkb1r/pp1p1ppp/8/2n5/2pN4/5P2/PPP3PP/RNBQKB1R w KQkq -,f1c4 c5e6 d4e6 f7e6 f3f4 b8c6 c4d3 d8h4 g2g3 h4h3,43
4rk2/pp5p/1n3pr1/3p1NP1/3P4/1P3K1P/8/3N2R1 w - -,f5d6 e8b8 g1f1 b6c8 d6f5 c8e7 d1e3 e7f5 e3f5 g6g5,-363
N6r/pp1knppp/2n1p3/4Pb2/8/4p3/P1P1BPPP/R4RK1 w - -,g2g4 f5e4 f1d1 d7c8 a2a4 c6e5 a1a3 e3f2 g1f2 e4c6,-303
r5k1/pbpq1ppp/2Np1n2/8/8/B1P2Q2/P1PP1PPP/R5K1 w - -,a1e1 b7c6 f3d3 d7g4 f2f3 g4h4 g1f1 h7h5 h2h3 c6d5,-433
8/4R3/8/8/r1K5/5k2/3P4/8 w - -,c4d5 a4a5 d5c4 a5a4 c4b3 a4d4 b3c3 d4d8 d2d4 f3f4,588
rn1qk2r/pp3ppb/2pbp2p/7n/2BP1N1P/8/PPP1QPP1/R1B1K2R w KQkq -,e2h5 d6f4 c1f4 d8d4 f4b8 a8b8 c4b3 d4b2 e1h1 h7f5,-283
r1b2k1r/p1p2ppp/3q4/b7/1p1p2n1/1B4QP/PB3PP1/RN2R1K1 w - -,g3d6 c7d6 h3g4 a5b6 b1d2 c8g4 e1e4 g4e6 d2f3 d4d3,296
5rk1/p4pp1/1p5p/2rB4/8/1Q2P3/PP3PPq/3R1K2 w - -,f2f4 c5c7 b3d3 f8c8 d5b3 c7c1 d1c1 c8c1 f1f2 h2h4,-332
2R5/5Pk1/1p2K3/2b5/P5p1/8/8/8 w - -,f2f4 c5c7 b3d3 f8c8 d5b3 c7c1 d1c1 c8c1 f1f2 h2h4,Mate
rr4k1/2q1ppbp/3p1np1/pQ1P4/8/2P1BP2/PPN3PP/1K1R3R w - -,b5c6 f6d5 c6c7 d5c7 d1d3 b8b7 b1a1 a8b8 h1b1 a5a4,-32
8/b4r2/1R2Npk1/p2p4/2p2P2/6P1/PP5P/7K w - -,b6a6 g6f5 h2h4 f7b7 h4h5 d5d4 h1g2 f5e4 a6c6 d4d3,-121
rnbqkbnr/p4ppp/4p3/1p1p4/2pP1B2/1PP1P3/P2N1PPP/R2QKBNR w KQkq -,d1c1 g8f6 a2a4 b5b4 b3c4 d5c4 f1c4 f6d5 c4d5 e6d5,92
r1b1r1k1/pp1n1qpp/2p1pp2/b1P5/3P4/5NP1/PPQ2PBP/R1BR2K1 w - -,c1f4 d7f8 f4d6 e8d8 f3d2 a5d2 d1d2 f8g6 g2e4 c8d7,159
r1b2rk1/ppqn1pbp/2p3p1/4p1B1/4P3/2NB1Q1P/PPP2PP1/R2R2K1 w - -,g5e3 d7b6 a2a4 c8e6 a4a5 b6d7 f3g3 b7b5 a5a6 f8d8,32
r1bq1rk1/ppppbppp/5n2/4p1B1/2BnP2P/2NP4/PPP2PP1/R2QK1NR w KQ -,c3e2 b7b5 e2d4 b5c4 d4f5 d7d5 d3c4 c8f5 e4f5 c7c6,-70
1b1rr3/6p1/pk2p2p/1N6/Pp2P1P1/1P1n3P/6B1/1K1R3R w - -,b5d6 d8d6 e4e5 d3e5 d1d6 b8d6 h3h4 e8c8 h1d1 d6b8,-521
r2qk2r/1pp2ppp/p1pb1nb1/4p3/8/1PN1P1N1/PBPP1PPP/R2QK2R w KQkq -,d2d3 h7h5 h2h4 d8e7 d1e2 f6d5 e3e4 d5f4 e2f3 f4e6,-27
2rq1rk1/p4ppp/bp3n2/2bp4/5B2/1P3NP1/PQ2PPBP/R2R2K1 w - -,e2e3 f6e4 g2h3 g7g5 f4e5 f7f5 f3d2 d8e7 d2e4 d5e4,60
8/4K3/3Q4/8/8/8/k7/7q w - -,,0
1r1q3r/3k1p1p/3p1Pp1/p7/8/4Q3/PPP2PPP/2KR1B1R w - -,e3h3 d7c6 h3c3 c6d7 f1c4 d7c8 c4a6 c8d7 h1e1 h8e8,1077
2rqr2k/1n4p1/pp1pP1Qb/2p2P2/8/2N5/PPP3P1/1K1R3R w - -,e3h3 d7c6 h3c3 c6d7 f1c4 d7c8 c4a6 c8d7 h1e1 h8e8,Mate
8/2k2Brp/2b5/p7/p2P4/2P2P2/3K2PP/6R1 w - -,f7c4 c6f3 g2g3 g7g6 c4d3 g6d6 d2e3 f3c6 c3c4 c6e8,241
r1b2rk1/5pp1/p2qp2p/3p4/3Q1P2/2N5/PPP3PP/R3K2R w KQ -,,0
r1br2k1/1p2pp1p/1b4p1/p2P4/P6P/1P2nP2/1P1Q2P1/R3K2R w KQ -,a1d1 e3d1 e1d1 c8e6 d5e6 f7f5 h4h5 g8g7 d2d7 d8d7,-478
r2qk2r/1pp2pp1/p1pb1nb1/4p2p/7P/1PN1P1N1/PBPP1PP1/R2QK2R w KQkq -,d1e2 e5e4 h1h3 d8d7 e1a1 e8a8 e2f1 h8e8 f2f3 e4f3,-36
2kr3r/pppq1pp1/3p1n2/2b1p3/2B1P2B/2PP2QP/PP3P2/RN3RK1 w - -,g1h2 h8h5 b1d2 d6d5 c4b3 d8h8 d2f3 d5e4 d3e4 f6e4,-134
8/4K3/8/4Q3/8/8/8/1k5q w - -,,0
5r1k/p4Bp1/1p5p/2r5/8/1Q2P3/PP3PPq/3R1K2 w - -,f2f4 f8f7 d1d8 h8h7 b3d3 g7g6 b2b4 c5c1 f1f2 h2h4,-530
8/4R3/8/8/3r4/1K3k2/3P4/8 w - -,b3c3 d4d8 d2d4 f3f4 e7e5 d8c8 c3b4 c8d8 b4c4 d8c8,588
r1b1rnk1/pp3qpp/2p1pp2/b1P5/3P1B2/5NP1/PPQ2PBP/R2R2K1 w - -,f4d6 e8d8 f3d2 a5d2 d1d2 c8d7 h2h4 d7e8 g2h3 f7h5,166
8/4K3/8/5Q2/8/8/8/k6q w - -,,0
rn1qkb1r/ppp1pppp/8/3p4/3PnB2/5b1P/PPPNPPP1/R2QKB1R w KQkq -,c2c4 e4d2 f4d2 f3e4 f2f3 e4g6 d1a4 c7c6 c4d5 d8d5,-300
8/br6/3RNpk1/p2p4/2p2P2/6P1/PP5P/7K w - -,g3g4 d5d4 f4f5 g6h7 h2h4 a5a4 g4g5 a4a3 b2a3 f6g5,179
rn2k2r/pb1q1ppp/4p3/1p2P1N1/2pnQ1P1/2N5/1P3P1P/R3KB1R w KQkq -,e4b1 b7h1 f2f4 d4b3 b1d1 b3a1 d1a1 d7e7 f1e2 b8c6,-607
6R1/5P2/1p2K2k/2b5/P5p1/8/8/8 w - -,e4b1 b7h1 f2f4 d4b3 b1d1 b3a1 d1a1 d7e7 f1e2 b8c6,Mate
8/8/3K4/5Q2/8/8/8/kq6 w - -,,0
r1bq1rk1/ppppbpp1/5n1p/n3p3/2B1P2P/2NPB3/PPP2PP1/R2QK1NR w KQ -,a2a3 a5c4 d3c4 c7c6 c4c5 d8a5 f2f3 f8d8 g1e2 d7d5,-92
r4rk1/pp1b4/2p1p1n1/6R1/8/2Q3B1/PPP3PP/R5K1 w - -,a2a3 a5c4 d3c4 c7c6 c4c5 d8a5 f2f3 f8d8 g1e2 d7d5,Mate
2k5/5r2/p7/P1pK2q1/2P1P2p/3B4/4Q1P1/8 w - -,e4e5 g5d8 d5c5 f7d7 c5b4 d7d3 e2g4 c8b8 g4g7 d3d1,-3498
r1b5/p5k1/n1p1pR2/1p6/3P2P1/2P5/PP6/3r1RK1 w - -,a2a4 b5a4 f1d1 g7f6 d1a1 a6c7 a1a4 c8d7 c3c4 e6e5,-560
r1b1r1k1/pp3qpp/2pBppn1/b1P5/3P4/5NP1/PPQ2PBP/R2R2K1 w - -,b2b4 a5c7 d6c7 f7c7 f3d2 g6e7 d2c4 e7f5 g2e4 h7h6,166
1b1rr3/6p1/pk2p2p/1N6/Pp2PnP1/1P5P/2K3B1/3R3R w - -,g2f1 d8d1 c2d1 e8d8 d1e1 a6b5 f1b5 b8e5 b5c4 b6c5,-539
r2qrnk1/pb3ppp/np1p1b2/3P1N2/1P6/P1N1BP2/B2Q2PP/2R2RK1 w - -,c3e4 e8e4 f3e4 a6c7 e3d4 f6d4 d2d4 c7e8 e4e5 d6e5,413
rr4k1/2q1ppbp/2Qp2p1/p2n4/8/2P1BP2/PPN3PP/1K1R3R w - -,c6c7 d5c7 e3d4 e7e5 d4e3 b8b7 a2a4 a8b8 e3c1 d6d5,-35
8/8/3K4/4Q3/8/8/k7/1q6 w - -,,0
rn1qkb1r/ppp2ppp/4p3/3p4/3PnB2/5N1P/PPP1PPP1/R2QKB1R w KQkq -,e2e3 f8d6 f1d3 d6f4 e3f4 d8d6 d1c1 c7c5 c2c3 e8h8,32
r2qk2r/pbppbppp/1pn1pn2/8/4PP2/3P1N2/PPP1B1PP/RNBQ1RK1 w kq -,c2c4 d7d6 b1c3 e8h8 d3d4 d6d5 c4d5 e6d5 e4e5 f6e4,85
2r4k/p5p1/1p5p/2rB4/8/1Q2P3/PP3PPq/3R1K2 w - -,f1e2 h2h5 d5f3 c5c2 d1d2 c2d2 e2d2 h5h1 f3e4 h1h4,-404
8/8/3K4/3Q4/8/8/8/kq6 w - -,,0
3n4/1pp3k1/4p3/p1Pp4/3P1Rp1/P1KQP1qr/1P6/5R2 w - -,c3b3 c7c6 b3a2 h3h6 d3d2 e6e5 d4e5 g3h3 d2a5 d8e6,483
rnbqkb1r/3ppppp/8/p1pP4/2p5/2N5/PP1QPPPP/R3KBNR w KQkq -,h2h4 g7g6 h4h5 f8g7 h5h6 g7f6 e2e4 d7d6 f1c4 d8b6,14
3r4/4R3/8/8/8/2K2k2/3P4/8 w - -,d2d4 f3f4 e7e5 d8c8 c3b4 c8d8 b4c4 d8c8 e5c5 c8e8,588
r1bq1rk1/p1ppbpp1/1pn2n1p/4p3/2B1P2P/2NPB3/PPP2PP1/R2QK1NR w KQ -,g2g4 d7d5 e4d5 c6d4 g4g5 f6g4 g1f3 h6h5 f3d4 g4e3,28
8/5P1k/1p2K3/2b5/P5R1/8/8/8 w - -,g2g4 d7d5 e4d5 c6d4 g4g5 f6g4 g1f3 h6h5 f3d4 g4e3,Mate
8/b7/4Npk1/p2R4/2p2P2/6P1/Pr5P/7K w - -,,0
rn1qk2r/ppp2ppp/4p3/3p4/1bPPnB2/5N1P/PP2PPP1/R2QKB1R w KQkq -,d1d2 b8c6 a1c1 e4d2 f4d2 b4d2 f3d2 c6d4 e2e3 d4c6,-604
r1bqk2r/2b3pp/2p1p3/ppBnP3/4QPp1/2NP1N2/PPP4P/2KR2R1 w kq -,g1g4 c7b6 c5b6 d8b6 g4g7 a8a7 d1g1 a7g7 g1g7 b6f2,395
7k/1R6/8/8/7P/8/r5p1/5K2 w - -,,0
r1bqk2r/ppp1nppp/3p1n2/3P4/2B5/4QN2/PB3PPP/R4RK1 w kq -,b2f6 g7f6 e3h6 h8g8 f1e1 g8g6 h6h7 e8f8 f3h4 g6g7,260
rr4k1/4ppbp/3p2p1/p2Q4/8/2q1BP2/PPN3PP/1K1R3R w - -,b1c1 c3b2 c1d2 b2c3 d2e2 c3c2 d1d2 c2c7 d5e4 h7h5,-361
rnb1k2r/p2q1ppp/4p3/1p2P1N1/2pn2P1/2N5/1PQ2P1P/R3KB1R w KQkq -,e1a1 d4c2 d1d7 c8d7 c1c2 d7c6 g5e4 e8h8 f1g2 f8d8,-513
8/4Q3/4b3/K2k4/8/8/8/8 w - -,e1a1 d4c2 d1d7 c8d7 c1c2 d7c6 g5e4 e8h8 f1g2 f8d8,Mate
r1bq1rk1/pp1nppbp/5np1/2Pp4/5B2/3BPN2/PPPN1PPP/R2QK2R w KQ -,c2c3 d7c5 d3c2 b7b6 e1h1 c8a6 f1e1 f6e4 d2b3 a8c8,-62
6k1/1bp1qppp/pr1p1b2/7R/Q1P1r3/P2N4/1P3PPP/R1B3K1 w - -,a4d1 e4c4 h5h3 e7e4 d1f1 h7h6 h3f3 c7c5 c1d2 e4g6,-264
8/5P1k/1p3K2/8/P2b2R1/8/8/8 w - -,a4d1 e4c4 h5h3 e7e4 d1f1 h7h6 h3f3 c7c5 c1d2 e4g6,Mate
r1bqk2r/ppp1np1p/3p1p2/3P4/2B5/4QN2/P4PPP/R4RK1 w kq -,e3h6 h8g8 f1e1 g8g6 h6h7 e8f8 f3h4 g6g7 h7h8 g7g8,253
rnq2knr/4p1bp/p2p1pp1/2p5/Q3PN2/1P3N2/1BPPBPPP/R5K1 w - -,e2c4 e7e5 f4e6 f8e7 e6g7 b8d7 a4a5 c8b8 c4d5 a8a7,429
4rk2/pp5p/1n3p2/3p1Nr1/3P4/1P2NK1P/8/6R1 w - -,g1a1 a7a6 h3h4 g5g8 f5d6 e8b8 f3f4 f8e7 d6f5 e7d7,-299
rnbq1rk1/pp3pbp/3ppnp1/2pP4/4P3/1P1B4/PBP1NPPP/RN1QK2R w KQ -,h2h3 e6d5 e4d5 f6d5 b2g7 g8g7 e1h1 d5b4 a2a3 b4d3,-67
r5k1/pbp1qppp/3p1n2/8/8/B1P2Q2/P1PP1PPP/R5K1 w - -,f3f4 a8e8 f2f3 b7c6 a1b1 f6d5 f4c4 e7d7 a3b2 c6a8,-441
8/b7/4Np2/p2R1P1k/2p5/6P1/Pr5P/7K w - -,d5d7 a7e3 h2h3 c4c3 d7h7 e3h6 e6d4 c3c2 d4c2 b2c2,-205
5rk1/p4pp1/1pq4p/2r5/2B5/1Q2P3/PP3PPP/3R1K2 w - -,c4d5 c6d7 h2h4 g8h8 d1d4 c5c1 f1e2 d7f5 d4f4 f5h5,-139
3rr3/p1b3p1/1k2p2p/4n3/Pp1NP1P1/1Pp4P/2P3B1/2KR3R w - -,h1f1 b6c5 d4f3 e5f3 g2f3 c7f4 c1b1 e6e5 f3e2 d8d2,-213
r1b5/p5k1/n1p1pR2/1p6/3P2r1/2P5/PP5K/5R2 w - -,f6f7 g7h6 f1f3 e6e5 d4e5 g4g6 f7f6 g6f6 f3f6 h6g5,-520
r1bq1rk1/1pp2pbp/3p1np1/p2Pp3/1nP1P3/2N2N2/PP2BPPP/R1BQ1RK1 w - -,a2a3 b4a6 b2b4 c8d7 a1b1 d8e7 c1e3 f6g4 e3g5 f7f6,71
r1bqk2r/2b4p/2p1p1p1/ppBnP3/4QPR1/2NP1N2/PPP4P/2KR4 w kq -,g4h4 d8d7 f3g5 d7g7 e4d4 d5c3 b2c3 c8d7 g5e4 e8d8,404
r1b1kb1r/pp1n1ppp/4pq2/2p5/3P4/6P1/PPP2PBP/R1BQK1NR w KQkq -,g1f3 c5d4 d1d4 f8c5 d4f6 d7f6 e1h1 e8h8 f3e5 f8d8,65
r1bqkb1r/pp3p2/2n1p3/2ppN1pp/3P1Pn1/2P1P3/PP1NQ1PP/R1B1KB1R w KQkq -,e5c6 b7c6 h2h3 g4h6 e2h5 g5f4 d2f3 d8f6 h5e5 f6e5,13
rnbqk1nr/ppp2ppp/3p4/2b5/2P1p3/5NP1/PP1PPPBP/RNBQK2R w KQkq -,f3g5 d8g5 d2d4 c5b4 e1f1 g5a5 a2a3 d6d5 c4c5 a5a6,-300
rnb1k1nr/ppp2ppp/3p4/2b1p3/4P2q/P1N5/1PPPQPPP/R1B1KBNR w KQkq -,g1f3 h4d8 c3a4 b8c6 a4c5 d6c5 e2e3 d8d6 b2b4 c5b4,47
r2q1rk1/1p2bppp/p1np4/4p1B1/P1b1N3/N7/1PP2PPP/R2Q1RK1 w - -,g5e7 c6e7 a3c4 d6d5 c4e5 d5e4 f1e1 f7f5 d1d7 d8d7,24
6k1/1bp1qppp/pr1p1b2/7R/Q1P5/P2Nr3/1P3PPP/R5K1 w - -,c4c5 b6b2 c5c6 e3d3 c6b7 b2b7 a1f1 g7g6 a4a6 d3b3,-561
6r1/2k2p1p/2b5/p7/p2P4/1BP2P2/3K2PP/6R1 w - -,b3f7 g8g7 f7c4 c6f3 g2g3 f3g4 g1b1 g4d7 c4b5 d7g4,236
rnb1kb1r/pp3ppp/2p2n2/q3p3/8/2NB1Q2/PPPP1PPP/R1B1K1NR w KQkq -,h2h3 c8e6 d3f5 e6f5 f3f5 b8d7 d2d3 g7g6 f5f3 f8g7,-24
r1bq1rk1/1pp2pbp/n2p1np1/p2Pp3/2P1P3/P1N2N2/1P2BPPP/R1BQ1RK1 w - -,b2b4 c8d7 a1b1 d8e7 c1e3 f6g4 e3g5 f7f6 g5d2 f6f5,71
2k5/3r4/p7/P1pKP1q1/2P4p/3B4/4Q1P1/8 w - -,d5e6 g5g8 e6f6 d7f7 f6e6 g8e8 e6d5 e8d8 d5c5 f7d7,-9605
r1b2rk1/ppppqppp/2n5/1n2P3/P7/5N2/1PP2PPP/RN1Q1RK1 w - -,d1d5 c6e5 a4b5 e5f3 d5f3 c7c6 c2c4 e7c5 b1d2 c6b5,-58
6B1/8/2k2K1N/8/8/8/8/8 w - -,f6e5 c6b5 e5d4 b5a4 h6f5 a4a3 d4c3 a3a4 f5d4 a4a5,20000
2r3k1/Bp3p1p/5bp1/8/5PPP/5Q2/1r1p4/3K2R1 w - -,d1e2 c8e8 a7e3 f6d4 g1d1 e8e3 f3e3 d4e3 e2e3 g8f8,-382
rnbqkb1r/1p3ppp/2n1p3/p1p5/2Pp4/P3PNP1/1P1P1PBP/RNBQ1RK1 w kq -,b2b3 f8e7 d2d3 e8h8 d1e2 e6e5 e3d4 e5d4 f1e1 c8f5,-38
rn1qkb1r/pppbpp2/3p1npp/6B1/3PP3/2N2P2/PPP4P/R2QKBNR w KQkq -,g5f4 f8g7 d1d2 b8c6 f4e3 e7e5 d4e5 d6e5 e1a1 d7e6,-133
2r5/8/8/4R3/3P1k2/2K5/8/8 w - -,c3b4 c8b8 b4c4 b8c8 e5c5 c8a8 c5c6 a8a4 c4c5 f4e4,588
2r2k1r/5p1p/3p1qp1/p2B4/8/4Q3/PPP2PPP/2KR3R w - -,e3f3 f8g7 f3f6 g7f6 d5f3 f6g7 d1d6 c8c4 h1d1 c4f4,615
rnb1kb1r/pp3ppp/2p5/q3p3/4n3/3B1Q2/PPPP1PPP/R1B1K1NR w KQkq -,d3e4 c8e6 e4f5 e6f5 f3f5 b8d7 g1e2 g7g6 f5h3 f8g7,-53
6B1/8/4K2N/2k5/8/8/8/8 w - -,e6e5 c5c6 h6f5 c6d7 g8e6 d7c6 e6f7 c6c5 f7d5 c5b5,20000
r5nr/pppkq2p/3b2p1/5p2/Nn3P2/1P1p3Q/PBPPN1PP/R2K3R w - -,c2d3 g8f6 h3f3 h8e8 a2a3 b4c6 e2d4 e7f7 d1c2 c6d4,18
rn1q1knr/4p1bp/p2p1pp1/2pN4/Q3P3/1P3N2/1BPPBPPP/R5K1 w - -,d5f4 d8d7 e2b5 d7c8 b5c4 e7e5 f4e6 f8e7 e6g7 b8d7,418
3q1rk1/p2nbppp/bp6/2rp4/5B2/1P3NP1/P1Q1PPBP/R2R2K1 w - -,c2c1 c5c1 a1c1 d7f6 f3e5 e7a3 c1c2 d8e8 d1d5 a3c5,-360
r2q1rk1/ppp1ppbp/nn4p1/3P4/4P1b1/P1N2NP1/1P3PBP/R1BQ1RK1 w - -,h2h3 g4f3 d1f3 c7c6 c1g5 h7h6 g5f4 c6d5 e4d5 b6c4,103
r1bqn2k/2p1n1bp/1p1p2p1/3Pp3/P1P1P3/1NN5/3BB1PP/R4QK1 w - -,a4a5 b6a5 b3a5 c8d7 d2e3 e7g8 c4c5 d6c5 a5b7 a8a1,42
4r1k1/Bp3p1p/5bp1/8/5PPP/5Q2/1r1pK3/6R1 w - -,e2d1 e8d8 f3e4 b2a2 a7e3 a2a1 d1e2 a1g1 e3d2 g1g4,-374
6k1/1bp2ppp/pr1p1b2/7R/Q1P5/P2Nq3/1P4PP/R5K1 w - -,d3f2 b6b2 h5f5 b2f2 f5f2 f6a1 a4d1 a1d4 d1f1 g8f8,-946
4rk2/pp5p/1n3p2/3p1r2/3P2N1/1P3K1P/8/6R1 w - -,f3g3 h7h5 g1c1 h5g4 g3g4 f5g5 g4f3 f8f7 c1c3 g5g8,-798
3n4/1pp3k1/4p3/p1Pp4/3P1Rp1/P5r1/1P1K4/5R2 w - -,b2b4 a5b4 a3b4 g3g2 d2e3 d8c6 b4b5 c6a5 f4f7 g7g6,128
r1b2rk1/p1qn1pbp/2p3p1/1p2p1B1/2B1P3/2N2Q1P/PPP2PP1/R2R2K1 w - -,c4b3 d7c5 g5e3 c7e7 d1d2 c5b3 a2b3 f8e8 f3g3 c8e6,25
r2q1rk1/ppp2ppp/3p1n2/2b5/2B1P1b1/2NPBn2/PPP2PPP/R2Q1RK1 w - -,g2f3 g4h3 d3d4 c5b4 c3e2 d6d5 c4d3 d5e4 f3e4 c7c5,31
r3q1k1/1Q3rpp/p3p3/2bpBp2/b7/2P1PN1P/PP3PP1/R4RK1 w - -,b7f7 g8f7 c3c4 c5e7 a1c1 a8c8 c4d5 e6d5 h3h4 a4d7,-359
1r6/2k2B1p/2b5/p7/p2P4/2P2P2/3K2PP/6R1 w - -,d2c2 b8f8 f7c4 h7h5 h2h4 f8f4 g1h1 f4f6 c4d3 f6f8,290
r1bqk2r/2p2ppp/p1np1n2/1pb1p3/4P3/PBNP1N2/1PP2PPP/R1BQK2R w KQkq -,c1g5 h7h6 g5h4 c8d7 h2h3 c6d4 c3d5 g7g5 f3d4 c5d4,27
r2q1rk1/1p2bppp/p1n5/3pp1B1/P1N1N3/8/1PP2PPP/R2Q1RK1 w - -,g5e7 c6e7 c4e5 d5e4 f1e1 f7f5 d1d7 d8d7 e5d7 f8d8,21
r4rk1/pppqppbp/nn4p1/3P4/4P1b1/P1N2NP1/1PQ2PBP/R1B2RK1 w - -,f1d1 a8c8 a3a4 a6b4 c2e2 a7a5 c1e3 f8d8 a1c1 b6a4,76
r4r2/1pqb1p2/1n1bp1kp/p4p1N/7Q/PBP4N/1P3PPP/R4R1K w - -,c1e3 c7c6 f1d1 a8c8 c2b3 c6d5 e3b6 a7b6 c3d5 d7e6,Mate
r2qrnk1/pb2bppp/np1p4/1N1P1N2/1P6/P3BP2/B2Q2PP/2R2RK1 w - -,d2b2 f7f6 e3f4 f8g6 f4d6 g8f8 f5e7 g6e7 f1e1 a8c8,481
8/b7/4Np2/p2R1P1k/8/2p3PP/Pr6/7K w - -,e6f4 h5h6 d5d6 h6g5 d6d7 c3c2 f4d3 a7e3 d7e7 c2c1q,-414
r1bqk2r/pppp1p1p/2n4n/2b3p1/2B1Pp2/3P1N1P/PPP3P1/RNBQK2R w KQkq -,d3d4 c5b6 b1c3 d8e7 d1d3 c6b4 d3e2 d7d5 c4d5 b4c6,95
8/p4Qpk/1p5p/8/8/4P3/Pq2KPPP/2rR4 w - -,d1d2 b2b5 e2f3 c1c5 g2g4 b5f1 f7e6 f1h1 f3e2 b6b5,68
r5k1/Bp3p1p/5bp1/8/5PPP/5Q2/1r1p4/3K2R1 w - -,f3e3 a8d8 e3e4 b2a2 a7e3 a2a1 d1e2 a1g1 e3d2 g1g4,-391
4r1k1/pQp1qppp/3p1n2/8/8/B1P5/P1PP1PPP/R5K1 w - -,a1f1 h7h6 b7a7 e7e2 a7c7 e2d2 c7d6 d2c2 h2h3 f6e4,58
r4r2/1pqb1p2/1n1bpQ1p/p4p1k/8/PBP4N/1P3PPP/R4R1K w - -,b7b5 f6d5 g2g3 e7e6 b5c6 h7h5 c3c4 d5f6 a1f1 h5h4,Mate
6k1/1bp2ppp/p2p1b2/7R/Q1P5/P3q3/1r3NPP/R5K1 w - -,h5f5 b2f2 f5f2 f6a1 a4d1 a1d4 d1f1 g8f8 h2h4 h7h5,-1315
r1b2rk1/p1q2pbp/2p3p1/1pn1p1B1/4P3/1BN2Q1P/PPP2PP1/R2R2K1 w - -,g5e3 c7e7 d1d2 a7a5 e3c5 e7c5 a2a4 c8e6 b3e6 g7h6,21
4rk2/pp6/1n3p2/3p1r1p/3P2N1/1P4KP/8/6R1 w - -,g1c1 h5g4 g3g4 f5g5 g4f3 f8f7 c1c7 e8e7 c7c5 g5g8,-856
8/5B2/7N/3K4/1k6/8/8/8 w - -,d5d4 b4a3 d4c3 a3a4 h6f5 a4b5 c3d4 b5a4 d4c4 a4a3,20000
8/p4Qpk/1p5p/1qr5/8/4PK2/P2R1PPP/8 w - -,g2g4 b5f1 f7f4 f1h1 f3e2 a7a5 a2a4 b6b5 f4d4 c5c1,74
r1bqkb1r/pppp1ppp/2n4n/8/2B1Pp2/3P4/PPP3PP/RNBQK1NR w KQkq -,c1f4 c6a5 b1c3 f8b4 g1e2 e8h8 a2a3 b4c3 e2c3 a5c4,89
r2q1rk1/1p2nppp/p7/3pp3/P1N1N3/8/1PP2PPP/R2Q1RK1 w - -,d1g4 f7f5 g4h3 e7g6 c4e5 g6f4 e4f6 d8f6 h3e3 a8e8,19
r5k1/4ppbp/3p2p1/p2Q4/8/1rq1BP2/P1N3PP/1K1R3R w - -,d5b3 c3f6 b3b7 a8d8 d1d5 a5a4 e3d4 e7e5 d4b2 f6f5,480
8/5B2/7N/8/k2K4/8/8/8 w - -,d5b3 c3f6 b3b7 a8d8 d1d5 a5a4 e3d4 e7e5 d4b2 f6f5,Mate
rnbqk2r/p5p1/4pn1p/1P1p4/1bp4B/4PN2/PP3PPP/RN1QKB1R w KQkq -,b1c3 a7a6 a2a4 a6b5 a4b5 a8a1 d1a1 d8a5 a1a5 b4a5,68
2kr3r/pp1q1pp1/1bppbn2/4p1Bp/PPB1P3/2PP2QP/3N1PP1/R4RK1 w - -,a4a5 b6c7 c4e6 d7e6 c3c4 d8g8 f2f4 e5f4 g3f2 a7a6,167
r1b2k1r/p4ppp/1b1p4/8/1p1p2P1/1B6/PB3PP1/RN2R1K1 w - -,b1d2 c8g4 e1e4 g4e6 d2f3 d6d5 e4f4 d4d3 f4b4 h7h5,299
r4r1k/pb1n2bp/2p1q1p1/2p4n/5p2/2N1PN1P/P4PPB/2RQRBK1 w - -,e3f4 e6f6 d1d7 b7c8 d7d2 h5f4 e1e3 g6g5 c3e4 f6g6,521
r1b2rk1/pppp1ppp/2n5/1n2P3/Pq6/5N2/1PP2PPP/RN1QR1K1 w - -,e5e6 b5d4 e6f7 f8f7 e1e8 f7f8 e8f8 g8f8 a1a3 d4e6,-298
1r6/2k2B1p/2b5/p7/3P4/p1P2P2/2K3PP/6R1 w - -,g1b1 b8f8 f7c4 a5a4 b1a1 h7h5 a1a3 h5h4 h2h3 f8e8,336
1r6/8/8/4R3/1K1P1k2/8/8/8 w - -,b4c4 b8c8 e5c5 c8a8 c5c6 a8a4 c4c5 a4a5 c5b4 a5a8,662
8/5B2/7N/8/k7/2K5/8/8 w - -,b4c3 b8c8 c3d3 c8d8 d3c4 d8c8 e5c5 c8a8 c5c6 a8a4,Mate
6B1/8/k4B2/p6p/5PP1/7P/1pq5/5RK1 w - -,,0
8/8/6pp/pQ6/8/2k5/8/4K3 w - -,g8a2 c2d3 f1f2 b2b1q a2b1 d3b1 g1g2 a5a4 f2f3 a6b5,Mate
r1bq1rk1/1pp1ppbp/p1n2np1/3p4/3PPB2/2NB1N2/PPP2PPP/R2QK2R w KQ -,e4e5 f6h5 f4e3 f7f6 e5f6 e7f6 h2h3 f6f5 c3e2 f5f4,1
8/p4Qpk/1p5p/2r5/6P1/4PK2/P2R1P1P/5q2 w - -,f7e6 f1h1 f3e2 b6b5 e6b3 c5c1 d2d1 c1d1 b3d1 h1c6,65
r1b2rk1/1p1nRpp1/2pq3p/p7/P1BP4/1QP4P/3B1PP1/3R2K1 w - -,c4f7 g8h8 d1e1 d7f6 c3c4 b7b6 d4d5 c6d5 f7d5 f6d5,357
4B3/8/7N/8/8/k1K5/8/8 w - -,e7f7 f8f7 c4f7 g8h8 d1e1 d7f6 f7g6 b7b5 a4b5 c8h3,Mate
r1b2rk1/pp3ppp/1qpp1n2/2b5/2BnP3/2NPBN2/PPP2PPP/R2Q1RK1 w - -,f3d4 c5d4 c3a4 b6d8 e3d4 b7b5 c4b3 b5a4 b3a4 c6c5,362
r1b2rk1/5pp1/p2qp2p/3p4/5P2/2N5/PPP3PP/R2Q1RK1 w - -,d1d4 a8b8 a2a3 d6c7 c3a4 c7c2 a1c1 c2e2 f1f2 e2e4,-45
7k/8/8/8/7P/8/5K2/6r1 w - -,,0
r1br2k1/1p2pp1p/1b4p1/3P4/p2n3P/2P1nP2/PP1Q2P1/R2BK2R w KQ -,a1c1 d4f5 g2g4 f5g3 c3c4 g3h1 c1c3 e3d1 e1d1 h1f2,-425
r1b2rk1/p1q2pbp/2p3p1/1pn1p1B1/4P3/2NB1Q1P/PPP2PP1/R2R2K1 w - -,,0
rnbqkbnr/pp2p1pp/2p2p2/4p3/3P4/3B4/PPP2PPP/RNBQK1NR w KQkq -,d1h5 g7g6 d3g6 h7g6 h5h8 d8d5 d4e5 d5g2 h8g8 c8f5,84
r2q1rk1/pp3ppp/2ppbn2/2b5/2BnP3/2NP1N1P/PPP2PP1/R1BQ1RK1 w - -,f3d4 c5d4 c3e2 d4b6 c4e6 f7e6 e2g3 d6d5 d1e2 d8c7,134
8/b2R4/4Np1k/p4P2/8/2p3PP/Pr6/7K w - -,d7d8 b2b8 d8b8 a7b8 e6d4 b8g3 h1g2 g3e5 d4c2 h6g5,-290
6B1/8/k4B2/p6p/5PP1/1p1q3P/8/5RK1 w - -,f1f2 h5g4 h3g4 d3g3 g1f1 g3h3 f1e1 a5a4 g4g5 a4a3,-7
r3k2r/p2n1qbp/4pnp1/8/1BQ1P3/5N2/1P3PPP/R3KB1R w KQkq -,a1a7 a8b8 f3g5 g7f8 b4c3 f7e7 f1e2 e6e5 e1h1 f8h6,696
r4rk1/1b3pp1/p2qp2p/3p4/5P2/2N5/PPP3PP/R2Q1R1K w - -,c3e2 a8d8 e2d4 b7c8 c2c3 f7f6 d1g4 e6e5 d4f5 c8f5,-41
rnb1k2r/pp1pqppp/2p2n2/4N3/1bPPP3/2N5/PP3PPP/R1BQKB1R w KQkq -,f1d3 e8h8 e1h1 h7h6 c1f4 d7d6 e5f3 c8g4 h2h3 g4h5,224
r2qkbnr/pp3pp1/1np1p2p/3pPb2/3P1P2/2N2N2/PPP3PP/R1BQKB1R w KQkq -,f1d3 g8e7 a2a4 a7a5 e1h1 h6h5 f3h4 f5d3 d1d3 g7g6,49
2r2k1r/2q2p2/3p1Pp1/p2B3p/8/2P1Q3/PP3PPP/2KR3R w - -,h1e1 h5h4 d5b3 c7d7 e3e7 d7e7 f6e7 f8g7 d1d6 f7f6,836
4rk2/pp6/1n3p1N/3p2rp/3P4/1P4KP/8/6R1 w - -,h6g4 h5g4 h3g4 f8f7 g1g2 b6c8 g2h2 c8d6 h2g2 e8e3,-943
r1b2rk1/2q2ppp/2np1n2/p3pP2/PpN1P3/1N1BQ2P/1PP3P1/R4RK1 w - -,c4b6 c7a7 a1e1 a8b8 b6d5 a7e3 e1e3 c8b7 d5f6 g7f6,78
2r2rk1/1b3pp1/p2qp2p/3p4/3Q1P2/2N5/PPP3PP/R4R1K w - -,a1d1 c8c7 d1d3 f7f6 d4f2 f8c8 d3d2 c7c4 a2a3 d5d4,-98
2k5/1r6/8/1KP5/8/8/3R4/8 w - -,,0
6k1/1bp2ppp/p2p1b2/7R/Q1P5/P7/1r3qPP/5RK1 w - -,b5c6 b7c7 c6b5 c7b7 b5a4 b7b1 d2f2 c8c7 a4a3 b1a1,Mate
1rb2k1r/p4ppp/1b1p4/3B4/1p1p2P1/8/PB3PP1/RN2R1K1 w - -,g4g5 c8e6 d5b3 h7h6 g5g6 e6b3 a2b3 b8e8 e1d1 d4d3,253
r1bqk2r/1pp1ppbp/p1n2np1/3p4/3P4/2N1PN2/PPP1BPPP/R1BQ1RK1 w kq -,b2b3 e8h8 c1b2 b7b6 c3a4 c8b7 c2c4 e7e6 b2a3 f8e8,41
rn1qkbnr/1b2pppp/p7/1ppp4/4PP2/3P1N2/PPP1B1PP/RNBQK2R w KQkq -,e4d5 d8d5 b1c3 d5d8 e1h1 g8f6 f3e5 g7g6 e2f3 d8c7,45
r2q1rk1/pp3ppp/2pp1n2/2b5/2BnP1b1/2NPBN2/PPP2PPP/R2Q1RK1 w - -,e3d4 c5d4 h2h3 g4f3 d1f3 d4c3 b2c3 d8a5 d3d4 a8e8,60
8/2K5/8/r7/8/5k2/3P4/4R3 w - -,c7d6 a5a6 d6c5 a6a5 c5c4 a5a4 c4b3 a4d4 b3c3 d4d8,588
r1bqr3/p5k1/n1p1pn2/1p4B1/3P4/2PB4/PPQ2PPb/R4R1K w - -,c2d2 e8h8 g5h6 g7f7 d2g5 d8g8 f2f4 f6g4 d3e2 h8h6,-386
2r2rk1/1b3pp1/p1q1p2p/3p4/3QNP2/8/PPP3PP/R4R1K w - -,e4c3 c6d6 a1d1 c8c7 d1d3 f7f6 h1g1 f8c8 d4e3 e6e5,-120
r1b4k/1p3Bp1/2pq1n1p/p7/P2P4/1QP4P/3B1PP1/4R1K1 w - -,f7g6 d6f8 c3c4 b7b5 a4b5 c6b5 b3b5 a5a4 d2b4 f8g8,353
r1b1r1k1/pp3qpp/2pBppn1/2P5/1b1P4/5NP1/P1Q2PBP/R2R2K1 w - -,c2a4 a7a5 a2a3 b7b5 a4c2 b4a3 a1a3 g6e7 d1a1 a5a4,300
r2qrnk1/pb3ppp/np1p1b2/1N1P1N2/1P6/P3BP2/BQ4PP/2R2RK1 w - -,e3d4 f8g6 d4f6 d8f6 b2f6 g7f6 b5d6 e8e5 f3f4 e5d5,498
r1bq1rk1/1np2pbn/1p1p2pp/p2Pp3/1P2P3/P1N1B1PP/2P2PBN/R2Q1RK1 w - -,d1d2 h6h5 c3b5 f7f5 e4f5 g6f5 c2c4 c8d7 h2f3 h5h4,86
2r2rk1/1b1q1pp1/p3p2p/3p4/3Q1P2/2N5/PPP3PP/R4R1K w - -,a1d1 d7e7 f4f5 c8c4 d4d3 f8c8 f5e6 f7e6 d3g6 e7e8,-82
r1b2rk1/pppp1ppp/2n5/1q2P3/8/5N2/1PP2PPP/RN1QR1K1 w - -,b1c3 b5c5 f3g5 d7d6 d1d3 g7g6 g5e4 c5d4 e4f6 g8g7,82
rnbqkb1r/ppp2ppp/4p3/2npP3/8/5P2/PPPPN1PP/R1BQKBNR w KQkq -,d2d4 c5d7 f3f4 c7c5 g1f3 b8c6 c2c3 f8e7 c1e3 e8h8,44
r1b1r1k1/pp3qpp/2pBppn1/2P5/Q2P4/5NP1/Pb3PBP/2RR2K1 w - -,c1b1 b2c3 d1c1 e6e5 c1c3 e5e4 f3d2 f6f5 a4b3 c8e6,387
r6k/1p1b2p1/2pq1nBp/p7/P2P4/1QP4P/3B1PP1/4R1K1 w - -,b3b7 a8f8 e1e5 f6d5 g6c2 d7c8 b7b1 c8e6 b1e1 e6f7,363
2k5/3r4/pK2q3/P3P3/2P4p/3B4/4Q1P1/8 w - -,b3b6 a8f8 b6b7 c6c5 b7a7 c5d4 a7d4 d6d4 c3d4 d7a4,Mate
4rk2/pp6/1n3p1N/3p3p/3P4/1P5P/5K2/6r1 w - -,f2g1 e8e3 b3b4 e3h3 g1f2 b6c4 b4b5 h3b3 b5b6 a7a5,-1776
rnbqkb1r/pppn1ppp/4p3/3pP3/3P4/5P2/PPP1N1PP/R1BQKBNR w KQkq -,f3f4 c7c5 c2c3 b8c6 c1e3 f8e7 g1f3 e8h8 d1c2 f7f6,40
r1bqkb1r/pppp1p1p/2n4n/6p1/2B1Pp2/3P1N2/PPP3PP/RNBQK2R w KQkq -,b1c3 g5g4 c1f4 g4f3 d1f3 f8g7 f3h5 d7d5 c3d5 c8g4,61
4r1k1/2pnqpbp/p1p1b1p1/2PpP3/1r1B1PP1/1PN4P/P1Q3B1/3R1RK1 w - -,d4e3 f7f5 a2a3 b4b8 g4g5 d7e5 f4e5 d5d4 d1d4 e6b3,131
r2q1rk1/pp3ppp/2pp1n2/2b5/2B1P1b1/2NPBn1P/PPP2PP1/R2Q1RK1 w - -,g2f3 g4h3 d3d4 c5b4 f1e1 d6d5 c4f1 h3f1 g1f1 d5e4,-166
r1b2rk1/pppp1ppp/2n5/4P3/8/2N2N2/1qP2PPP/R2QR1K1 w - -,c3d5 d7d6 d5c7 a8b8 e5d6 c8g4 c2c4 b2c3 a1c1 g4f3,104
r1bq1rk1/pppp1pp1/2nb1n1p/4p3/4P3/2NP2P1/PPP1NPBP/R1BQK2R w KQ -,f2f4 d6e7 h2h3 a7a5 c1e3 f8e8 e1h1 d7d6 g1h1 c6b8,69
rnbqkb1r/pp1n1ppp/4p3/2ppP3/3P4/2P2P2/PP2N1PP/R1BQKBNR w KQkq -,f3f4 b8c6 c1e3 f8e7 g1f3 e8h8 h2h4 f7f6 h4h5 b7b5,42
2k5/2r5/2K5/2P5/8/8/3R4/8 w - -,,0
r1b1k2r/ppp1n1pp/8/6B1/8/2n2N2/PP3PPP/2KR3R w - -,h1e1 c3d1 c1d1 h7h6 g5e7 e8f7 e7h4 h8e8 f3e5 f7g8,-314
8/p4Qpk/1p5p/1q6/4P3/2r2K2/P2R1PPP/8 w - -,h1e1 c3d1 c1d1 h7h6 g5e7 e8f7 e7h4 h8e8 f3e5 f7g8,Mate
r1b1r1k1/pp3qpp/2pBppn1/2P5/Q2P4/2b2NP1/P4PBP/1R1R2K1 w - -,d1c1 e6e5 c1c3 e5e4 f3d2 f6f5 a4b3 c8e6 b3b7 f7f6,394
r3b2k/1p3Qp1/2pq1nBp/p7/P2P4/2P4P/3B1PP1/4R1K1 w - -,f7b7 a8b8 e1e8 f6e8 b7a7 e8f6 g6d3 b8b2 d2c1 d6b8,69
4r1k1/2pnqpbp/p1p1b1p1/2PpPP2/3r2P1/1PN4P/P1Q3B1/3R1RK1 w - -,c2f2 d4d1 f1d1 e6f5 g4f5 e7e5 c3e4 d5e4 d1d7 e4e3,-475
6B1/8/k7/p6p/5PP1/7P/1q6/5RK1 w - -,g4g5 b2g7 g8a2 h5h4 a2b1 g7c3 g5g6 c3g3 g1h1 g3h3,-59
8/b2R4/5p1k/p4P2/5N2/2p3PP/P2r4/7K w - -,d7c7 c3c2 f4d5 a7b8 c7c6 b8e5 h3h4 d2d1 h1g2 c2c1q,-456
5k2/pp6/1n3p1N/3p3p/3P4/1P2r2P/8/6K1 w - -,d7c7 c3c2 f4d5 a7b8 c7c6 b8e5 h3h4 d2d1 h1g2 c2c1q,Mate
r2qkb1r/pppb2pp/2n1p3/1B6/3Np3/8/PPP2PPP/R1BQK2R w KQkq -,d4c6 b7c6 d1h5 g7g6 h5e5 f8b4 c2c3 e8h8 b5c6 f8f5,128
r1bqk2r/pppp1p1p/1bn4n/6p1/2BPPp2/5N1P/PPP3P1/RNBQK2R w KQkq -,b1c3 d8e7 d1d3 c6b4 d3e2 d7d5 c4d5 b4c6 d5c6 b7c6,94
2k5/2r5/p3q3/P1K1P3/2P4p/3B4/4Q1P1/8 w - -,c5d4 c7d7 d4c3 c8b8 e2e4 d7e7 c3d4 e7g7 d3e2 e6h6,-61
1rr3k1/2q1ppbp/3p1np1/pQ1P4/8/2P1BP2/PPN3PP/1K1R3R w - -,b5c6 c7d8 c6a4 c8c3 e3a7 b8b7 a7d4 d8c7 d1c1 c3c4,-188
r1bqk2r/1p1nbppp/2n1p3/p7/2Pp1B2/P2P1NP1/1P3PBP/RN1Q1RK1 w kq -,d1c2 e8h8 f4c1 e6e5 f1e1 f7f5 b1d2 g8h8 b2b3 a8a6,-96
r1bqk2r/pppp1p1p/7n/n1b3p1/2B1Pp2/2PP1N1P/PP4P1/RNBQK2R w KQkq -,b2b4 a5c4 b4c5 c4e3 c1e3 f4e3 d1a4 e8h8 a4d4 f7f5,-3
2k5/2r5/p7/P3P3/2PK2qp/3B4/4Q1P1/8 w - -,b2b4 a5c4 b4c5 c4e3 c1e3 f4e3 d1a4 e8h8 a4d4 f7f5,Mate
8/b2R4/5p1k/p4P2/8/3N2PP/P1pr4/7K w - -,d7a7 d2d3 a7c7 d3d1 h1g2 c2c1q c7c1 d1c1 a2a4 c1c3,-824
r1bq1rk1/2p2pb1/1p1p1npp/2nPp3/p3P3/P1N1B1PP/1PP2PBN/R2Q1RK1 w - -,b2b3 f6h7 b3b4 c5d7 d1d2 f7f5 e3h6 f5f4 h6g7 g8g7,55
r2qkb1r/p1pb2pp/2p1p3/1B6/4p3/8/PPP2PPP/R1BQK2R w KQkq -,d1h5 g7g6 h5e5 f8b4 c2c3 e8h8 c3b4 f8f5 e5e4 c6b5,125
r2qr1k1/pb3ppp/np1p1bn1/1N1P1N2/1P1B4/P4P2/BQ4PP/2R2RK1 w - -,d4f6 d8f6 b2f6 g7f6 b5d6 e8e5 f3f4 e5d5 a2d5 b7d5,515
r4r1k/pb2q1bp/1np1P1p1/2p4n/5p2/2N1PN1P/P4PPB/2RQRBK1 w - -,c3e4 a8d8 d1b3 c5c4 f1c4 c6c5 e3f4 h5f4 e4g5 h8g8,244
4r1k1/pQp1qppp/3p4/8/4n3/B1P4P/P1PP1PP1/R5K1 w - -,a1e1 g8f8 f2f3 e4c5 e1e7 c5b7 e7c7 e8e7 c7c8 e7e8,399
2rqr2k/1n6/pp1pP1Qp/2p2P2/8/2N5/PPP3P1/1K1R4 w - -,d2d3 e4d2 b7a7 e7e1 a1e1 e8e1 g1h2 d2f1 h2g1 f1e3,Mate
3K4/4P3/8/2k5/3R4/8/8/1r6 w - -,d2d3 e4d2 b7a7 e7e1 a1e1 e8e1 g1h2 d2f1 h2g1 f1e3,Mate
r2qrbk1/3b1pp1/1npp1n1p/p2Pp3/P1P1P3/3B1NNP/5PP1/R1BQR1K1 w - -,c1e3 d8c7 f3d2 e8b8 g3e2 d7e8 e2c3 f6d7 h3h4 c7d8,70
4br2/pp3k2/2p1p1n1/6R1/7P/2Q3B1/PPP3P1/6K1 w - -,c1d2 d8c7 d2e3 e8b8 f3d2 d7e8 d1f3 c6d5 e4d5 b6a4,Mate
8/p4Qpk/1p5p/1q6/4P3/2r5/P3KPPP/8 w - -,c1d2 d8c7 d2e3 e8b8 f3d2 d7e8 d1f3 c6d5 e4d5 b6a4,Mate
r1b1r1k1/ppb2qpp/2pBppn1/2P5/1P1P4/5NP1/P1Q2PBP/R2R2K1 w - -,d6c7 f7c7 f3d2 g6e7 d2c4 e8d8 c4d6 c8d7 c2b3 a8b8,160
r1b2rk1/1ppp1ppp/2n5/p2NP3/8/5N2/1qP2PPP/R2QR1K1 w - -,c2c4 b7b5 e1e2 b2a1 d1a1 b5b4 d5c7 c8b7 a1a4 a8c8,381
3Q4/8/8/8/6p1/pp6/6k1/4K3 w - -,e1e2 b7b5 c2c4 b2a1 d1a1 b5b4 d5c7 c8b7 a1a4 a8b8,Mate
1r6/2k2B1p/8/p7/b2P4/p1P2P2/2K3PP/R7 w - -,c2d3 a4c6 a1a3 a5a4 c3c4 b8b2 d4d5 c6d7 f7e6 d7e8,451
r2qkb1r/p1pb3p/2p1p1p1/1B5Q/4p3/8/PPP2PPP/R1B1K2R w KQkq -,h5e2 c6b5 h2h4 d7c6 c1e3 f8g7 h4h5 d8f6 a1d1 e8h8,-382
8/4Q3/8/8/6p1/pp6/8/4K1k1 w - -,h5e2 c6b5 h2h4 d7c6 c1e3 f8g7 h4h5 d8f6 a1d1 e8h8,Mate
r1b1r1k1/ppq3pp/2p1ppn1/2P5/1P1P4/5NP1/P1Q2PBP/R2R2K1 w - -,f3d2 g6e7 d2c4 c8d7 c2b3 e7f5 g2h3 a8d8 h3f5 e6f5,174
5k2/pp6/1n3p2/3p4/3P2p1/1P2r2P/8/6K1 w - -,h2h4 a7a5 b4a5 e8d8 a2a4 g6e7 f3d2 d8d4 d2c4 d4d1,Mate
r1b2rk1/pp2ppbp/1nn3p1/8/4P3/2N2NP1/PP3PBP/R1BR2K1 w - -,h2h3 c8e6 f3g5 e6c4 g5f3 g7c3 b2c3 b6a4 d1d7 a4c5,-55
r3r1k1/pb3ppp/np1p1qn1/1N1P1N2/1P6/P4P2/BQ4PP/2R2RK1 w - -,b2f6 g7f6 b5d6 e8e5 f3f4 e5d5 a2d5 b7d5 f1d1 d5b3,510
8/2K1P3/8/8/3k4/8/8/1r6 w - -,e7e8q b1b4 e8e2 b4b3 e2g4 d4e5 c7c6 b3c3 c6b5 c3e3,253
3q1rk1/p3bppp/bp3n2/2rp4/5B2/1P3NP1/P2QPPBP/R2R2K1 w - -,d2b2 d8c8 a1c1 c8e6 f4e3 c5c1 d1c1 f8c8 c1c8 e6c8,34
8/8/8/8/6p1/Qp6/6k1/4K3 w - -,f4e3 f6e4 d2e1 c5c8 g2h3 c8c7 a1c1 c7c1 d1c1 e7a3,Mate
r3rbk1/2qb1pp1/1npp1n1p/p2Pp3/P1P1P3/3BBNNP/5PP1/R2QR1K1 w - -,f3d2 e8b8 g3e2 d7e8 e2c3 f6d7 d2b3 f8e7 a1c1 e7g5,68
2k5/3r4/p7/P3P3/2PK2Qp/3B4/6P1/8 w - -,a1a3 e8b8 f3d2 d7e8 d1f3 b6d7 g3f5 b8b4 g1h1 c7d8,Mate
8/8/8/8/8/1Q4p1/6k1/4K3 w - -,a1a3 e8b8 f3d2 d7e8 d1f3 b6d7 g3f5 b8b4 g1h1 c7d8,Mate
rr3bk1/2qb1pp1/1npp1n1p/p2Pp3/P1P1P3/3BB1NP/3N1PP1/R2QR1K1 w - -,g3e2 d7e8 e2c3 f6d7 a1b1 d7c5 e3c5 d6c5 d2f1 b6c8,66
4Q3/2K5/8/8/1r1k4/8/8/8 w - -,e8e1 b4b3 c7c6 b3d3 c6d6 d3e3 e1d2 d4e4 d6c5 e3d3,252
rnbqk1nr/1pp1b1p1/p3pp1p/3pP3/3P1B2/2P2N2/PP3PPP/RN1QKB1R w KQkq -,f3h4 g7g5 h4g6 h8h7 e5f6 e7f6 f4g3 h7g7 f1d3 b8c6,192
r3r1k1/pb3p1p/np1p1pn1/1N1P1N2/1P6/P4P2/B5PP/2R2RK1 w - -,b5d6 e8e5 f3f4 e5d5 a2d5 b7d5 c1c8 a8c8 d6c8 d5e6,512
r2qk2r/p1pb3p/2p1p1p1/1B2Q3/1b2p3/8/PPP2PPP/R1B1K2R w KQkq -,c2c3 e8h8 c3b4 f8f5 e5e4 c6b5 e1h1 f5d5 c1h6 d8f6,117
r3r1kn/ppqb2pp/2p1pp2/2P5/1PNP4/6P1/P1Q2PBP/R2R2K1 w - -,b4b5 c6b5 c4d6 e8e7 g2b7 a8b8 b7e4 d7c6 e4h7 g8f8,221
8/5pk1/8/5p1p/r6P/6PK/8/8 w - -,h3g2 f5f4 g2f3 f4g3 f3g3 g7f6 g3f3 f6e5 f3e2 a4a3,-9605
8/b1R5/5p1k/p4P2/8/3r2PP/P1p5/7K w - -,h3h4 d3d1 h1g2 c2c1q c7c1 d1c1 g2f3 c1c3 f3e4 c3g3,-957
rnbqkb1r/pp2pp2/3p1n1p/2p3p1/3PP3/2PB1N2/PP3PPP/RNBQK2R w KQkq -,d4c5 d6c5 e4e5 f6h5 h2h3 b8c6 b1a3 d8c7 a3b5 c7b8,87
r4k1r/1pp1nqpp/p1np4/8/4PP2/2N1B3/PP2QP1P/R3K2R w KQ -,e1a1 f8e8 d1d2 g7g6 e2g4 a8d8 c1b1 h8f8 h1d1 d8d7,111
rnbqkbnr/ppp3pp/5p2/2Pp4/3p4/4B3/PP2PPPP/RN1QKBNR w KQkq -,e3d4 b7b6 c5b6 a7b6 d4c3 b6b5 b2b3 c7c6 e2e3 f8d6,-15
8/b7/5p1k/p4P2/8/6rP/P1R5/7K w - -,c2c6 a7d4 c6c4 d4b2 h3h4 h6h5 c4c5 g3a3 c5c8 b2e5,-594
8/8/8/8/8/1Q4p1/3K3k/8 w - -,c2c6 a7d4 c6c4 d4b2 h3h4 h6h5 c4c5 g3a3 c5c8 b2e5,Mate
r1b2rk1/pp3ppp/1qpp1n2/2b5/N1B1P3/3PBn2/PPP2PPP/R2Q1RK1 w - -,d1f3 b6b4 a4c5 d6c5 c2c3 b4b2 e3c5 f8e8 c5d4 b7b5,321
5k2/pp6/1n3p2/3p4/3P2P1/1r6/8/6K1 w - -,d1f3 b6b4 a4c5 d6c5 c2c3 b4b2 e3c5 f8e8 c5d4 b7b5,Mate
r2qkb1r/pp3ppp/2n1p3/2pn1b2/5P2/2PP1N2/PP2B1PP/RNBQK2R w KQkq -,d1b3 a7a6 f3e5 c6e5 f4e5 f8e7 b1d2 e8h8 d2f3 d8c7,-157
r1b3k1/p2q4/n1p1pB2/1p6/3P1RP1/2PB4/PP1r4/5RK1 w - -,f1f3 d2d3 f3d3 d7h7 d3d2 h7h3 d2f2 c8b7 d4d5 c6c5,-520
r4r1b/1pqb1p1k/1n2p3/p4ppN/5P1Q/PBP5/1P4PP/3R1R1K w - -,f1f3 d2d3 f3d3 d7h7 d3d2 h7h3 d2f2 c8b7 d4d5 c6c5,Mate
2rq1rk1/pp1n2pp/5bp1/3p4/3p4/2P2N1P/PPQ2PPB/3R1RK1 w - -,h2d6 f8f7 c2b3 d7b6 d6e5 d4c3 b2c3 h7h6 f1e1 g8h7,-69
r1b1kb1r/ppqp1ppp/2n1p3/2pnP3/8/2PP1N2/PP2BPPP/RNBQK2R w KQkq -,d3d4 c5d4 c3d4 d7d6 e1h1 f8e7 e5d6 c7d6 b1c3 e8h8,-18
1r6/2k2B1p/8/p7/3P4/pbPK1P2/6PP/R7 w - -,f7b3 b8b3 d3c4 a5a4 g2g4 c7b6 f3f4 b6c6 f4f5 h7h6,506
2r2k1r/4qp2/3p1Ppp/3B4/p7/2P5/PP3PPP/2KRR3 w - -,f7b3 b8b3 d3c4 a5a4 g2g4 c7b6 f3f4 b6c6 f4f5 h7h6,Mate
3r2k1/Bp3p1p/5bp1/8/5PPP/5Q2/1r1p4/3K2R1 w - -,f3e4 b2a2 a7e3 a2a1 d1e2 a1g1 e3d2 g1g4 h4h5 g4h4,-423
8/8/2R2p1k/p4P2/3b4/6rP/P7/7K w - -,h3h4 d4e5 c6c8 h6h5 c8h8 h5g4 h8g8 g4h4 a2a4 h4h5,-634
5k2/pp6/1n6/3p2p1/3P4/1r6/8/6K1 w - -,h3h4 d4e5 c6c8 h6h5 c8h8 h5g4 h8g8 g4h4 a2a4 h4h5,Mate
r1b1kb1r/ppqp1ppp/2n1p3/3nP3/3p4/2P2N2/PP2BPPP/RNBQK2R w KQkq -,c3d4 d7d6 e1h1 c8d7 e5d6 f8d6 b1c3 c6e7 c3b5 c7b8,-14
r4r1b/1pqb1p2/1n2pNk1/p4pp1/5P1Q/PBP5/1P4PP/3R1R1K w - -,c3d4 d7d6 e1h1 c8d7 e5d6 f8d6 b1c3 c6e7 c3b5 c7b8,Mate
3r2k1/Bp3p1p/5bp1/8/4QPPP/8/r2p4/3K2R1 w - -,a7e3 a2a1 d1e2 a1g1 e3d2 g1g4 d2e1 h7h5 e1f2 g8g7,-435
8/2k4p/8/8/p1KP4/prP2P2/6PP/R7 w - -,g2g4 c7d7 f3f4 d7e6 h2h4 e6e7 h4h5 e7e6 d4d5 e6d6,569
r1bqk2r/ppp2ppp/2n5/2bnp3/8/3B1N2/PPPP1PPP/RNBQ1RK1 w kq -,,0
6k1/pp5p/4p1p1/4Pr2/2pP4/3nP1P1/PP1Q2RK/5r2 w - -,,0
1r5k/1pqbR1p1/2p2nBp/p7/P2P4/Q1P4P/3B1PP1/6K1 w - -,d2h6 b8g8 a3c1 f6h7 h6f4 g8e8 g6e8 c7d8 c1e1 d7h3,1087
r4rk1/pp3ppp/1qpp1n2/8/N1B1P1b1/3PPQ2/PPP3PP/R4RK1 w - -,a4b6 g4f3 b6a8 f3g4 a8c7 f8c8 h2h3 g4d7 c7a6 c6c5,459
1r5k/1pqbR3/2p2nBp/p7/P2P4/Q1P4P/5PP1/6K1 w - -,a4b6 g4f3 b6a8 f3g4 a8c7 f8c8 h2h3 g4d7 c7a6 c6c5,Mate
2r3k1/1p1n2p1/p2B2pp/3p4/3P4/1P5P/1P3PP1/4R1K1 w - -,e1e7 c8c1 g1h2 d7f6 e7b7 c1c2 f2f3 c2b2 b3b4 g6g5,37
5k2/1p6/1n6/p2p2p1/3P4/1r6/8/5K2 w - -,g2g4 d7f6 f2f3 c8c6 d6a3 g6g5 e1e7 c6b6 e7e3 g8f7,Mate
4r1k1/2pn1pbp/p1p1b1p1/2qpPP2/3R2P1/1PN4P/P1Q3B1/5RK1 w - -,f1f4 g7e5 c2f2 c5c3 d4d1 e5f4 f2f4 d7e5 f5e6 e8e6,-452
r4r1b/1pqb1pk1/1n2pN2/p4ppQ/5P2/PBP5/1P4PP/3R1R1K w - -,f1f4 g7e5 c2f2 c5c3 d4d1 e5f4 f2f4 d7e5 f5e6 e8e6,Mate
2r1r1k1/pn4p1/1p1pPqQR/2p2P2/8/2N5/PPP3P1/1K1R4 w - -,f1f4 g7e5 c2f2 c5c3 d4d1 e5f4 f2f4 d7e5 f5e6 e8e6,Mate
rn2kbnr/pp3pp1/2p1p2p/q2pPb2/3P4/2P2N2/PP2BPPP/RNBQK2R w KQkq -,a2a4 a5c7 e1h1 b8d7 b1d2 a7a5 f1e1 g8e7 d2f1 f5g6,74
3r2k1/1p3p1p/5bp1/8/4QPPP/4B3/3p4/r2K2R1 w - -,d1e2 a1g1 e3d2 g1g4 h4h5 g4h4 h5g6 h4h2 e2f3 h7g6,-417
rnb1k2r/pp2qppp/2pp4/8/1bPP4/2nB1N2/PP3PPP/R1BQ1RK1 w kq -,b2c3 b4c3 c1g5 f7f6 g5f4 e8h8 d1c2 g7g5 c2c3 g5f4,221
8/3n1kp1/p1r3pp/1pBp4/1P1P4/7P/1P3PP1/R5K1 w - -,,0
rr2b1k1/2q1bpp1/1npp1n1p/p2Pp3/P1P1P3/3BB2P/2QNNPP1/R3R1K1 w - -,e2c3 f6d7 d3e2 e7g5 e3g5 h6g5 d2f3 c7d8 d5c6 d7c5,63
8/8/5p1k/p3bP2/8/6rP/P1R3K1/8 w - -,g2h1 g3h3 h1g1 h6g5 c2d2 h3a3 d2e2 e5d4 g1g2 g5f5,-683
2rr4/6kp/1p2pp2/pR1nN1p1/P2P4/6P1/1P2PP1P/5RK1 w - -,e5f3 g5g4 f3h4 f6f5 e2e3 c8c4 b2b3 c4b4 b5b4 a5b4,36
8/8/8/8/6k1/1Q4p1/8/5K2 w - -,e5f3 g5g4 f3h4 f6f5 e2e3 c8c4 b2b3 c4b4 b5b4 a5b4,Mate
r3kb1r/ppp3pp/5q2/3p4/3Q4/2N5/PPb2PPP/R3KB1R w KQkq -,f1b5 c7c6 d4f6 g7f6 b5a4 c2a4 c3a4 e8d7 e1h1 f8d6,-393
rr2b1k1/2qnbpp1/1npp3p/p2Pp3/P1P1P3/2NBB2P/2QN1PP1/R3R1K1 w - -,d2b3 e7g5 e3g5 h6g5 c2d2 f7f6 a1b1 c7d8 e1c1 b8c8,80
r4knr/pp3ppp/4p3/1B1pPb2/1b1N4/2N5/PqP2PPP/R3QRK1 w - -,d4e2 b4c3 e2c3 a8c8 b5d7 c8c3 a1b1 b2a3 b1b7 g7g6,-364
2r1rk2/pn4pQ/1p1pPq1R/2p2P2/8/2N5/PPP3P1/1K1R4 w - -,d4e2 b4c3 e2c3 a8c8 b5d7 c8c3 a1b1 b2a3 b1b7 g7g6,Mate
8/6p1/p3k2p/1pBp2p1/1P1P1n2/1P3P1P/5KP1/8 w - -,f2g1 f4d3 c5f8 e6f7 f8d6 d3c1 g1f2 c1b3 f2e3 a6a5,-114
3r2k1/1p3p1p/5bp1/8/4QPPP/4B3/3pK3/6r1 w - -,e3d2 g1g4 d2e1 h7h5 e1f2 g8g7 e2f3 d8c8 f2d4 c8c6,-457
5k2/1p6/1n6/3p2p1/p2P4/1r6/4K3/8 w - -,e3d2 g1g4 d2e1 h7h5 e1f2 g8g7 e2f3 d8c8 f2d4 c8c6,Mate
r1b1kb1r/3n1ppp/1qn1p3/pB1pP3/1P1P1N2/P4N2/5PPP/R1BQK2R w KQkq -,b5c6 b6c6 b4a5 c8a6 c1d2 a8b8 f3g1 f8e7 h2h4 e8h8,65
4r1k1/2pnqpbp/p1p1b1p1/2PpP3/3r1PP1/PPN4P/2Q3B1/3R1RK1 w - -,f1f2 d4d1 c3d1 e7c5 b3b4 c5c2 f2c2 d7b8 d1b2 f7f6,-511
8/8/2k1P3/8/4K3/8/8/3r4 w - -,f1f2 d4d1 c3d1 e7c5 b3b4 c5c2 f2c2 d7b8 d1b2 f7f6,Mate
r2qkb1r/pp3ppp/2n2n2/2ppp3/3P2b1/2PBPN2/PP1NQPPP/R1B1K2R w KQkq -,d4e5 c6e5 d3b5 e5c6 e3e4 f8e7 e4d5 f6d5 h2h3 g4f5,5
4r1k1/pQp1q1pp/3p4/5p2/4n3/B1P4P/P1PP1PP1/4R1K1 w - -,d2d3 e7e6 d3e4 e6a2 b7b5 a2f7 e4e5 h7h6 f2f4 d6e5,427
2k1rr2/1p4pp/p1n1b3/8/3PB2q/1QP1P2P/P2B1N2/4R1KR w - -,h1h2 e6b3 e4d3 b3e6 d3e2 f8f2 h2f2 e6h3 e2f1 e8e6,-570
1r5k/1pqbQ3/2p3Bp/p5n1/P2P4/2P4P/5PP1/6K1 w - -,g6f5 h8g8 f5d7 b8d8 d7e6 g5e6 e7e6 g8g7 e6g4 g7h8,-432
r4knr/pp3ppp/4p3/1B1pPb2/3N4/2b5/PqP2PPP/1R2QRK1 w - -,d4e6 f5e6 b1b2 c3e1 f1e1 g8e7 a2a4 g7g6 a4a5 a8c8,-485
8/8/8/5k2/8/1Q4p1/6K1/8 w - -,d4e6 f5e6 b1b2 c3e1 f1e1 g8e7 a2a4 g7g6 a4a5 a8c8,Mate
2rr4/6kp/1p2pp2/pR1n4/P2P2p1/5NP1/1P2PP1P/5RK1 w - -,f3h4 f6f5 f1e1 g7f6 h4g2 h7h5 e2e3 c8c2 g2f4 d5f4,19
8/8/8/8/4kn2/8/1K6/6Q1 w - -,f3h4 f6f5 f1e1 g7f6 h4g2 h7h5 e2e3 c8c2 g2f4 d5f4,Mate
8/8/2K5/8/r7/5k2/3P4/4R3 w - -,c6c5 a4a5 c5c4 a5a4 c4b3 a4d4 b3c3 d4d8 d2d4 f3f4,588
r4knr/pp3ppp/4p3/1B1pPb2/3N4/8/PRP2PPP/4bRK1 w - -,g2g4 e1c3 b2b3 c3d4 g4f5 e6f5 f1d1 d4e5 d1d5 e5f6,-505
3r2k1/1p3p1p/5bp1/8/4QPrP/8/3BK3/8 w - -,h4h5 g4h4 h5g6 h7g6 d2e3 h4h2 e2f3 g8g7 f3g4 b7b5,-392
r2qk2r/1b3ppp/2p2n2/p2p4/1b1N4/3BP3/1B3PPP/R2Q1RK1 w - -,,0
r1b1kb1r/3n1ppp/2q1p3/p2pP3/1P1P1N2/P4N2/5PPP/R1BQK2R w KQkq -,b4a5 c8a6 c1d2 a8b8 f3g1 f8e7 h2h4 e8h8 g1e2 f8c8,74
rnb1k2r/pp2qppp/2pp4/8/2PP4/2bB1N2/P4PPP/R1BQ1RK1 w kq -,c1g5 f7f6 g5f4 c8g4 a1b1 c3d4 c4c5 d6c5 f1e1 d4e5,238
r1bq1rk1/pp2bppp/5n2/2ppN3/3n4/2N3P1/PP2PPBP/R1BQ1RK1 w - -,c1g5 d4c6 e5c6 b7c6 d1a4 c8d7 e2e4 h7h6 g5f6 e7f6,-96
1rrq2k1/4ppbp/2Qp1np1/p2P4/8/2P1BP2/PPN3PP/1K1R3R w - -,c6a4 c8c3 e3a7 b8b7 a7d4 d8c7 d1c1 c3c4 a4a3 f6d5,-196
r1bq1rk1/2p2pb1/1p1p1npp/2nPp3/4P3/PpN1B1PP/2P2PBN/R2Q1RK1 w - -,a3a4 b3c2 d1c2 f6d7 h2f3 f7f5 f3h4 f5f4 e3c5 d7c5,-106
5k2/1p6/1n6/3p2p1/3P4/pr6/3K4/8 w - -,a3a4 b3c2 d1c2 f6d7 h2f3 f7f5 f3h4 f5f4 e3c5 d7c5,Mate
8/5k2/3K2R1/6Pr/8/8/8/8 w - -,,0
8/2k4r/8/1KP5/8/8/3R4/8 w - -,,0
8/7p/3k4/8/p1KP4/prP2P2/R5PP/8 w - -,g2g4 d6c7 h2h4 c7b6 f3f4 b3b2 a2a3 b6a5 d4d5 b2f2,581
8/8/4k3/8/8/6Q1/6K1/8 w - -,g2g4 d6c7 h2h4 c7b6 f3f4 b3b2 a2a3 b6a5 d4d5 b2f2,Mate
1r3k1r/pb3ppp/1b6/8/1p1p1RP1/3B4/PB3PP1/RN4K1 w - -,d3c4 f7f6 b1d2 b8c8 b2d4 h7h5 d4b6 a7b6 c4b3 h5g4,414
r1bq1rk1/pp2bppp/2n2n2/2ppN3/8/2N1P1P1/PP3PBP/R1BQ1RK1 w - -,e5d3 c8g4 c3e2 d5d4 h2h3 g4e2 d1e2 c5c4 d3f4 d4d3,-165
8/8/p3k1pp/1p1pB1p1/1P1P1n2/1P3P1P/5KP1/8 w - -,e5c7 f4d3 f2e3 d3b4 g2g4 b4c6 f3f4 g5f4 c7f4 h6h5,-173
r4k1r/pp2nppp/4p3/1B1pPb2/3N4/8/PRP2PPP/4R1K1 w - -,h2h4 h7h6 e1e3 g7g5 b5e2 b7b6 h4h5 a8c8 e3a3 c8c7,-35
r1bqk2r/ppp2ppp/2n5/2b1p3/8/2nB1N2/PPPP1PPP/R1BQ1RK1 w kq -,d2c3 f7f6 f3d2 c8e6 d1h5 e6f7 h5h3 a7a5 d2e4 c5b6,17
1r1n1rk1/1p6/5p2/p1pP3Q/2P4P/8/PB3PPK/1R3R2 w - -,d2c3 f7f6 f3d2 c8e6 d1h5 e6f7 h5h3 a7a5 d2e4 c5b6,Mate
4r1k1/2pn2bp/p1p1bpp1/2qpP3/3R1PP1/PPN4P/3Q2B1/5RK1 w - -,f1c1 f6e5 c3e2 c5a3 d4a4 a3d6 b3b4 d7b6 a4a6 e5f4,-214
8/2k5/2P5/1K5r/8/8/3R4/8 w - -,,0
r3k2r/2q2pp1/b2b1n1p/p1p1nP2/1p2PB1N/6NP/PPP1Q1B1/R4RK1 w kq -,e2d2 a6f1 a1f1 a8d8 g1h1 a5a4 b2b3 a4a3 g3e2 c7e7,-300
rnbqkb1r/pp3ppp/4pn2/4N3/3pP3/8/PPP3PP/RNBQKB1R w KQkq -,f1b5 c8d7 e5d7 b8d7 d1d4 a8c8 b1c3 f8c5 b5d7 d8d7,-85
8/8/p3k1pp/1p1p4/1P1P1p2/1P3P1P/5KP1/8 w - -,,0
rnb1kb1r/1p3ppp/p2p1n2/2q1p3/4PB2/2N2N2/PPP2PPP/R2QKB1R w KQkq -,f4g3 f8e7 f1d3 e8h8 e1h1 b7b5 d1e2 b8d7 f3d2 c5c7,-33
1r1q2k1/4ppbp/3p1np1/p2P4/Q7/2r1BP2/PPN3PP/1K1R3R w - -,e3a7 b8b7 a7d4 d8c7 d1c1 c3c4 a4a3 f6d5 d4g7 g8g7,-180
r2q3r/1b2kppp/2p2n2/p2p4/Qb1N4/3BP3/1B3PPP/R4RK1 w - -,,0
1b1rr3/pk4p1/4p1np/P7/1p1NP1P1/1Pp4P/2P3B1/2KR3R w - -,c1b1 b8e5 d4f3 e5c7 e4e5 g6f4 f3h4 f4g2 h4g2 c7e5,-199
8/7p/4k3/8/p1KP2P1/prP2P2/R6P/8 w - -,h2h4 h7h6 f3f4 e6d7 g4g5 h6h5 f4f5 d7d8 d4d5 d8e8,607
3r4/6kp/1p2pp2/pR6/Pn1P2p1/4P1P1/1PrN1P1P/5RK1 w - -,,0
3rBR2/ppq4k/2p3pp/5Q2/8/1P4P1/P6P/6K1 w - -,d2e4 f6f5 e4c3 c2b2 b5b6 d8c8 c3d1 b2b1 e3e4 c8c1,Mate
rnb1kb1r/pp3ppp/1q1Ppn2/2p5/3P4/2PB1N2/PP3PPP/RNBQK2R w KQkq -,e1h1 c5d4 b1a3 b6d6 a3c4 d6d7 f3d4 f8e7 c1f4 e8h8,112
8/8/8/r1K5/8/5k2/3P4/4R3 w - -,c5c4 a5a4 c4b3 a4d4 b3c3 d4a4 d2d4 f3f2 e1e6 a4a1,588
rnbq1rk1/pp3ppp/2pb1n2/8/2BpN3/8/PPP1QPPP/R1B1K1NR w KQ -,c1g5 d8a5 g5d2 a5e5 e4f6 e5f6 g1f3 c6c5 e1h1 b8c6,-150
r1bq1rk1/ppp2ppp/2n5/2b1p3/8/2PB1N2/PPP2PPP/R1BQ1RK1 w - -,f3g5 g7g6 g5e4 c5e7 c1h6 f8e8 d1e2 e7f8 h6e3 g8g7,55
8/8/p5pp/1p1p1k2/1P1P1p1P/1P3P2/5KP1/8 w - -,f2e2 g6g5 e2d1 f5g6 d1e2 g6h5 h4g5 h5g5 e2e1 g5h5,-856
r1bqkb1r/pp1n1ppp/4pn2/1B2N3/3pP3/8/PPP3PP/RNBQK2R w KQkq -,d1d4 f8e7 e5d7 c8d7 b5d7 d8d7 d4d7 f6d7 c1e3 a8c8,-70
5r1k/1Q4p1/2bq3p/p1pnR3/P2P4/2PB3P/3B1PP1/6K1 w - -,b7a7 c5d4 a7d4 f8d8 d3e4 h8g8 f2f3 d5e7 d2e3 c6e4,385
2r2k1r/pb4pp/1b3p2/6P1/1pBp1R2/8/PB3PP1/RN4K1 w - -,b1d2 h7h6 g5f6 g7g5 f4f5 h8h7 a1e1 h7c7 c4b3 c7c5,450
1r1n1r1k/1p6/5pQ1/p1pP4/2P4P/8/PB3PPK/1R3R2 w - -,c4b3 b6c7 f4d4 c7e5 b1d2 e5d4 b2d4 a7a5 b3e6 f8e7,Mate
1bkr4/p3r1p1/2B1p1np/P3P3/1p1N2P1/1Pp4P/2P5/2KR3R w - -,a5a6 g6f4 h1e1 g7g5 e1e4 f4h3 c6b7 e7b7 a6b7 c8b7,146
r2qkb1r/ppp2ppp/2np1n2/8/2Pp2b1/P1N1PN2/1P3PPP/R1BQKB1R w KQkq -,e3d4 g4f3 g2f3 g7g6 d1e2 c6e7 c1g5 f8g7 e1a1 h7h6,36
r3kb1r/3n1ppp/b1q1p3/P2pP3/3P1N2/P4N2/5PPP/R1BQK2R w KQkq -,c1d2 a8b8 f3g1 f8e7 h2h4 e8h8 g1e2 f8c8 h1h3 h7h6,78
8/8/4k2p/8/p1KP1PP1/prP5/R6P/8 w - -,h2h4 e6f6 h4h5 f6e6 a2a1 e6f6 d4d5 f6f7 g4g5 f7g8,625
8/8/p6p/1p1p1kp1/1P1P1p1P/1P3P2/6P1/5K2 w - -,f1f2 f5g6 f2e1 g6h5 h4g5 h5g5 e1f1 g5h5 f1e2 h5h4,-835
3r4/6kp/1p2p3/pR3p2/Pn1PN1p1/4P1P1/1Pr2P1P/5RK1 w - -,,0
rnb1k2r/pp2qppp/2pp4/8/1bPP4/1Q1B1N2/nP3PPP/R1B2RK1 w kq -,c1g5 f7f6 a1e1 b4e1 f1e1 e7e1 f3e1 f6g5 b3a2 e8h8,104
r1bqk2r/1p2bppp/2n1p3/p1n5/2Pp1B2/P2P1NP1/1P3PBP/RN1QR1K1 w kq -,d1c2 f7f6 f4c1 e6e5 f3d2 c8f5 d2e4 c5e4 g2e4 f5e4,-132
r3k2r/pp3ppp/2n1b3/q1b5/4nB2/2N2N2/PPP1PPPP/RQ2KB1R w KQ -,f4e3 a8d8 a2a3 e4c3 b2c3 a5c3 e3d2 d8d2 f3d2 c6d4,-199
r2qk2r/1pp2ppp/p1pb1n2/4pb2/8/1P1PP3/PBP1NPPP/RN1QK2R w KQkq -,d1d2 f5d7 b1c3 d8e7 e2g3 h7h5 a2a3 h5h4 g3e4 h4h3,-21
8/8/p6p/1p1p1k2/1P1P1ppP/1P3P2/6P1/6K1 w - -,g1f1 g4g3 f1e1 f5g6 e1e2 g6h5 e2f1 h5h4 f1e2 h6h5,-913
r5k1/Bp3p1p/5bp1/8/5PPP/3p1Q2/6r1/3K4 w - -,,0
rn2kb1r/1p2pppp/p2p1n2/2q5/4PBb1/2N2N2/PPP2PPP/R2QKB1R w KQkq -,h2h3 g4f3 d1f3 b8c6 f4e3 c5a5 e3d2 a5c7 e1a1 e7e6,56
r3k2r/ppp1n1pp/8/3P2B1/6b1/2N2N2/PP1K1PPP/n3R3 w - -,e1e7 e8f8 f3e5 a8c8 e5g4 h7h6 g4e5 h6g5 e5g6 f8g8,525
r1bq1rk1/pp2ppbp/1nn3p1/8/4P3/5NP1/PPQ2PBP/RNB2RK1 w - -,c1e3 c8e6 b1a3 c6b4 c2b1 d8d3 e3c5 d3b1 a1b1 b4d3,-57
r5k1/5Rpp/1b1p4/1p1qp3/1P6/2P4P/1B2QPP1/6K1 w - -,e2f3 d5f3 f7f3 a8a2 b2c1 a2a1 g1f1 a1c1 f1e2 c1c2,-475
8/8/p6p/1p1p1k2/1P1P1p1P/1P3p2/6PK/8 w - -,g2f3 f5e6 h2h3 h6h5 h3g2 e6f6 g2f1 f6f7 f1f2 f7e7,Mate
8/8/8/8/r1K5/5k2/3P4/4R3 w - -,c4c5 a4a5 c5c4 a5a4 c4b3 a4d4 b3c3 d4d8 d2d4 f3f4,588
rnb2rk1/pp3ppp/2pb1q2/8/2Bp4/8/PPP1QPPP/R1B1K1NR w KQ -,g1f3 c6c5 e1h1 b8c6 c1g5 f6g6 g5d2 c8g4 c4d3 g4f5,-172
rn1qk1nr/pbpp1ppp/1p2p3/8/1b1P1B2/2N2N2/PPP1QPPP/R3KB1R w KQkq -,e2c4 b8c6 e1a1 d7d5 c4d3 a7a6 h2h4 d8e7 g2g4 e8a8,-96
6k1/rp3p1p/5bp1/8/5PPP/3p4/6Q1/3K4 w - -,,0
8/8/3k3p/3P4/p1K2PP1/prP5/R6P/8 w - -,g4g5 h6g5 f4g5 b3b8 a2a3 b8c8 c4d4 c8h8 c3c4 h8h4,602
r4r1k/pb2q1bp/1np1P1p1/2p5/5n2/2N2N1P/P4PPB/2RQRBK1 w - -,c3e4 a8d8 d1c2 f4e6 e4g5 b7c8 e1e4 f8f6 c1e1 b6d5,249
8/8/p7/1p1p1k1p/1P1P1p1P/1P3P2/7K/8 w - -,,0
r3k2r/pp3ppp/2n1b3/2b5/5B2/2q1PN2/P1P2PPP/RQ2KB1R w KQ -,f3d2 g7g5 f4g5 h8g8 h2h4 h7h6 g5h6 a8d8 f1d3 g8g2,-177
8/8/p5k1/1p1p3p/1P1P1p1P/1P3P2/6K1/8 w - -,,0
r3kb1r/ppp1qppp/2np1n2/8/2PP2b1/P1N2N2/1P3PPP/R1BQKB1R w KQkq -,c1e3 g7g6 h2h3 g4f3 d1f3 f8h6 f1e2 h6e3 f2e3 e8h8,91
rn2kb1r/1p2pppp/p2p1n2/2q5/4PB2/2N2b1P/PPP2PP1/R2QKB1R w KQkq -,d1c1 f3e4 c3e4 f6e4 c1e3 c5e3 f4e3 e7e6 g2g4 b8c6,-474
rnb1k2r/pp2bppp/1q2pn2/2p5/3P4/N1PB1N2/PP3PPP/R1BQ1RK1 w kq -,d4c5 e7c5 c1f4 e8h8 a3c4 b6d8 d1e2 b8d7 a1d1 h7h6,126
rnb2rk1/pp3ppp/3b1q2/2p5/2Bp4/5N2/PPP1QPPP/R1B1K2R w KQ -,c1g5 f6g6 g5h4 b8c6 h4g3 c8g4 e1h1 a8e8 e2d3 g4f5,-168
8/5k2/p7/1p1p3p/1P1P1p1P/1P3P2/8/5K2 w - -,,0
8/8/8/8/3r4/1K3k2/3P4/4R3 w - -,b3c3 d4d8 d2d4 f3f4 e1e5 d8c8 c3d3 c8h8 d3c4 h8c8,662
r1b2rk1/p1q2pbp/2p1n1p1/1p2p3/4P3/2NBBQ1P/PPP2PP1/R2R2K1 w - -,,0
r1bqk2r/3n1ppp/3bp3/pB1pN3/8/4P3/1B3PPP/2RQ1RK1 w - -,c1c8 a8c8 b5d7 e8e7 d7c8 d8c8 d1h5 h8f8 h5h7 f8g8,466
rn2k2r/pp1b1ppp/1q2pn2/8/1PpP4/5NP1/1P2PPBP/RN1QK2R w KQkq -,e1h1 b6b4 d1d2 b4d2 f3d2 d7c6 e2e4 b7b5 b1c3 a7a5,30
r1b1k2r/ppppnppp/5qn1/8/3PP3/2N4P/PPP3P1/R1BQ1BKR w kq -,a2a4 d7d5 c3b5 e8d8 b5c3 f6d6 c3d5 e7d5 e4d5 d6d5,117
6k1/1p3p1p/5bp1/8/4QPPP/3p4/8/r2K4 w - -,,0
2q2rk1/Qnpb1pb1/1p1p1npp/3Pp3/1P2P3/2N1B1PP/2P2PBN/5RK1 w - -,f1a1 f6h7 g2f1 f7f5 f1a6 f5f4 e3d2 h7g5 a7b7 g5h3,153
8/8/p4k2/1p1p3p/1P1P1p1P/1P3P2/4K3/8 w - -,,0
1r1n3k/1p6/5rQ1/p1pP4/2P4P/8/P4PPK/1R3R2 w - -,e2d1 f6e6 d1c1 e6d6 c1b2 d6c6 b2c3 c6b6 c3c2 b6c7,Mate
4r1k1/pQp1q1pp/3p4/2n2p2/8/B1PP3P/P1P2PP1/4R1K1 w - -,e1e7 e8e7 a3c5 d6c5 b7c8 g8f7 c8f5 f7g8 f5d5 e7f7,696
8/8/p3k3/1p1p3p/1P1P1p1P/1P1K1P2/8/8 w - -,,0
rn1qkbnr/pp4pp/2p1b3/3p1p2/2PPp3/1PN1PP2/PB4PP/R2QKBNR w KQkq -,c4d5 c6d5 f3e4 f5e4 d1h5 e8d7 g1h3 g8f6 h5h4 f8e7,69
5k2/1p6/1n6/3p2p1/1r1P4/p7/2K5/8 w - -,c4d5 c6d5 f3e4 f5e4 d1h5 e8d7 g1h3 g8f6 h5h4 f8e7,Mate
2r2k1r/pbb3pp/5p2/6P1/1pBp1R2/8/PB1N1PP1/R5K1 w - -,f4d4 b7c6 c4a6 f8f7 g5f6 g7g5 d2f3 h8d8 a6c8 d8c8,548
2rqk2r/3n1ppp/3bp3/pB1pN3/8/4P3/1B3PPP/3Q1RK1 w - -,b5d7 e8e7 d7c8 d8c8 d1h5 h8f8 h5h7 f8g8 g2g3 c8a8,499
r2qk2r/1pp2pp1/p1pbbn2/4p2p/8/1PNPP3/PBP1NPPP/R2QK2R w KQkq -,h2h4 d8e7 e2g3 e8a8 d1e2 d6b4 a2a3 b4a5 b3b4 a5b6,-50
r3kb1r/1p1npppp/p2p1n2/2q5/4PB2/2N2Q1P/PPP2PP1/R3KB1R w KQkq -,f4e3 c5c6 g2g4 g7g6 e3d4 f8g7 e1a1 a8c8 h3h4 b7b5,55
8/3k4/p7/1p1p3p/1P1P1p1P/1PK2P2/8/8 w - -,,0
1r1n2k1/1p6/5Q2/p1pP4/2P4P/8/P4PPK/1R3R2 w - -,c3d3 d7c7 d3d2 c7c8 d2c1 c8d8 c1c2 d8e7 c2d1 e7f6,Mate
3r4/8/8/8/8/2K2k2/3P4/4R3 w - -,d2d4 f3f4 e1e5 d8c8 c3d3 c8c1 e5e6 f4f5 d4d5 c1c5,662
r1b2rk1/pp3ppp/2pp1n2/q1b5/N1BnP3/3PBN2/PPP2PPP/R2Q1RK1 w - -,a4c5 d4f3 d1f3 d6c5 e3g5 b7b5 c4b3 f6g4 h2h3 h7h6,341
r5k1/Bp3p1p/5bp1/8/5PPP/3p1Q2/6R1/1r1K4 w - -,d1d2 a8a7 d2e3 d3d2 g2d2 a7a3 e3e2 b1e1 e2e1 a3f3,-619
r1b2rk1/ppppnppp/5qn1/8/3PP3/2N1B2P/PPP3P1/R2Q1BKR w - -,h3h4 g6h8 h4h5 h7h6 d1d2 d7d5 e4d5 e7f5 e3f4 f5d6,185
rn2k2r/pp1b1ppp/1q2p3/8/1PpPn3/5NP1/1P1QPPBP/RN2K2R w KQkq -,d2c2 e4d6 e1h1 b8c6 b1a3 c6b4 c2c3 d7c6 f1c1 e8h8,5
2r5/6kp/1R2p3/p4p2/Pn1P2p1/2N1P1P1/1r3P1P/5RK1 w - -,,0
8/1r6/3k3p/3P4/p1K2PPP/p1P5/R7/8 w - -,a2a3 b7f7 a3a4 f7f4 c4b5 f4f8 a4a6 d6d5 c3c4 d5d4,662
6k1/rp3p1p/5bp1/8/5PPP/3p1Q2/3K2R1/1r6 w - -,d2e3 d3d2 g2d2 a7a3 e3e2 b1e1 e2f2 f6h4 f2g2 e1g1,-654
8/2k5/8/1KP5/8/8/R7/7r w - -,,0
4q1k1/1pp2rp1/1n4RP/3pP3/1p3BQ1/2P1P3/r3KP1P/8 w - -,,0
r1bqk2r/1ppp1p2/p1n2p1p/2bNp3/2B1P3/3P4/PPP2PPP/R2QK1NR w KQkq -,d1h5 h8h7 c2c3 d7d6 g1f3 e8f8 b2b4 c5a7 e1h1 c8e6,215
2kr3r/pp1q1pp1/1bp1bn2/3pp1Bp/PPB1P3/2PP2QP/3N1PP1/RR4K1 w - -,a4a5 b6c7 e4d5 c6d5 c4b3 h5h4 g3e3 d5d4 c3d4 e5d4,98
r3kb1r/1p1npp1p/p2p1np1/2q5/4PB2/2N2Q1P/PPP2PP1/2KR1B1R w kq -,f4e3 c5c7 g2g4 a8c8 f3g2 f8g7 f2f4 d7c5 e3d4 c5e6,50
rnbqkb1r/ppp1pppp/3p4/4P3/1n6/8/PPPP1PPP/RNBQKBNR w KQkq -,a2a3 b4c6 e5d6 d8d6 d2d3 e7e5 g1f3 f8e7 f1e2 f7f5,-30
r1bq1rk1/p3ppbp/2np1np1/2p5/Pp2PP2/3P1NP1/1PPN2BP/R1BQ1RK1 w - -,d2c4 a8b8 e4e5 f6d5 a4a5 d6e5 f4e5 c8g4 d1e1 e7e6,-42
r2q1rk1/1bp2ppp/pn1p1b2/np1Pp3/P3P3/2P2N2/1PB1QPPP/RNBR2K1 w - -,a4b5 a6b5 c2d3 c7c6 d5c6 b7c6 d3b5 d8c7 f3d2 f6e7,128
r1b2rk1/pp3ppp/2pp1n2/2q5/2BnP3/3PBN2/PPP2PPP/R2Q1RK1 w - -,e3d4 c5h5 f3d2 h5d1 f1d1 b7b5 c4b3 a7a5 a2a4 c8e6,558
r3k2r/pp3p1p/2n1b3/2b3p1/5B2/2q1P3/P1PN1PPP/RQ2KB1R w KQ -,f4g3 c5b4 b1d1 h7h5 h2h3 h5h4 g3h2 a8d8 f1d3 e6c4,-215
r2q1rk1/pp1nb1pp/6p1/2ppB3/3P4/2P2N1P/PPQ2PP1/R3K2R w KQ -,e1h1 d7e5 f3e5 e7f6 f1e1 c5d4 c3d4 d8d6 e1e2 a8e8,64
rn2k2r/pp1b1ppp/4p3/8/1qpPn3/5NP1/1P2PPBP/RNQ1K2R w KQkq -,,0
r1bqkb1r/pppnpppp/5n2/3P4/5P2/2N5/PPPP2PP/R1BQKBNR w KQkq -,d2d4 g7g6 g1f3 f8g7 f1e2 d7b6 e1h1 f6d5 c3d5 b6d5,63
2rq1rk1/1p1n1ppp/p1p2n2/1P1p4/P2P4/2NQPN2/5PPP/1R3RK1 w - -,b5a6 b7a6 d3a6 c8a8 a6d3 a8a7 d3c2 d8a8 f1c1 h7h6,135
6k1/1p3p1p/5bp1/6P1/5P1P/3p1Q2/r2K2R1/1r6 w - -,d2e3 d3d2 g2d2 b1b3 d2d3 b3d3 e3d3 a2a3 d3e4 a3f3,-768
8/3K1k2/6R1/6Pr/8/8/8/8 w - -,,0
r1bqk2r/1p2b1pp/2n1pp2/p1n5/2Pp1B2/P2P1NP1/1PQ2PBP/RN2R1K1 w kq -,e1d1 e6e5 f4c1 a5a4 b1d2 c6a5 f3e1 c8g4 a1b1 a5b3,-183
r3k2r/1b1n1ppp/2p1p3/p2qN3/Qb6/3BP3/1B3PPP/R4RK1 w - -,e5d7 d5d7 f1d1 e8f8 d3e4 d7c8 a1c1 f8g8 c1c4 h7h5,97
r3k2r/1pp1qpp1/p1pbbn2/4p2p/8/1PNPP3/PBPQNPPP/R3K2R w KQkq -,h2h4 e8a8 e2g3 h8h6 f2f3 h6g6 d2f2 f6d5 c3d5 c6d5,-43
r1bq1rk1/pp3ppp/2pp1n2/2b5/N1BnP3/3PBN2/PPP2PPP/R2Q1RK1 w - -,e3d4 c5d4 f3d4 c8g4 d1d2 b7b5 d4c6 d8e8 c4b5 a7a6,426
8/8/3k3p/3P4/p1K2PPP/p1P5/Rr6/8 w - -,a2a3 b2f2 a3a4 f2f4 c4b5 f4f8 a4a6 d6d5 c3c4 d5d4,672
rnb1k2r/3pppbp/P4np1/q1pP4/8/4PN2/PP3PPP/RNBQKB1R w KQkq -,b2b4 c5b4 c1b2 c8a6 f1a6 b8a6 e1h1 d7d6 a2a3 e8h8,-74
6k1/1p3p1p/5bp1/6P1/5P1P/4KQ2/r2p2R1/1r6 w - -,g2d2 b1b3 e3f2 a2d2 f2g3 b3f3 g3f3 f6e7 f3g3 d2d3,-892
3r4/8/8/8/3P1k2/2K5/8/4R3 w - -,e1e5 d8c8 c3d3 c8d8 d3c4 d8c8 e5c5 c8a8 c5c6 a8d8,662
r3k2r/1b1q1ppp/2p1p3/p7/Qb6/3BP3/1B3PPP/R4RK1 w - -,f1d1 e8f8 d3e4 d7c8 a1c1 f8g8 c1c4 h7h5 c4d4 b7a6,96
r3k1r1/pp3p1p/2n1b3/2b3B1/8/2q1P3/P1PN1PPP/RQ2KB1R w KQ -,g5h4 c6b4 f1b5 e8f8 e1h1 c3d2 b5a4 d2d5 h4g3 d5e4,-239
r2q1rk1/1bpn1ppp/p2p1b2/Pp1Pp3/1Pn1P3/2P2N2/2B1QPPP/RNBR2K1 w - -,f3d2 c4d2 c1d2 f6g5 d2e1 g5f4 c3c4 b5c4 g2g3 f4g5,144
r1bqkb1r/p2n1ppp/2p1pn2/1pPp4/Q2P1B2/2N2N2/PP2PPPP/R3KB1R w KQkq -,a4c2 b5b4 c3b1 f6h5 f4d2 e6e5 f3e5 d7e5 d4e5 a8b8,71
r1b1k2r/pp1n1ppp/2p5/q2p2B1/1b1Pn3/2NBPN2/PP1Q1PPP/R3K2R w KQkq -,d2e2 b4c3 e1f1 c3b4 h2h4 d7f8 f3e5 f8e6 g5f4 a5d8,-418
6k1/1p3p1p/5bp1/6P1/5P1P/1r2KQ2/r2R4/8 w - -,e3e4 a2a4 e4d5 b3f3 g5f6 f3f4 d2b2 h7h5 b2b7 f4f6,-957
2r3k1/3n2p1/p2B2pp/1p1p4/1P1P4/7P/1P3PP1/4R1K1 w - -,d6c5 d7f6 e1e6 c8a8 g1f1 g6g5 e6d6 g8f7 g2g4 a6a5,66
r1b1kb1r/p2ppppp/n2n4/q1pP4/2P1P3/5P2/P2N2PP/R1BQKBNR w KQkq -,c1b2 a8b8 d1c1 f7f6 b2c3 a5d8 f3f4 d6f7 e4e5 g7g6,112
r4k1r/1b1q1ppp/2p1p3/p7/Qb6/3BP3/1B3PPP/R2R2K1 w - -,d3e4 d7c7 a1c1 f8g8 c1c4 a8f8 e4c6 b7c6 c4c6 c7b7,95
2r2k1r/pb4pp/5p2/4b1P1/1pBR4/8/PB1N1PP1/R5K1 w - -,d4d7 b7c6 d7f7 f8e8 b2e5 f6e5 f7a7 e8d8 d2f1 c8c7,571
2k5/br4p1/p1qp1npp/2p1p3/P1P1P3/2PBR2P/2Q2PP1/2B3K1 w - -,,0
5k2/1p6/1n6/3p2p1/r2P4/p1K5/8/8 w - -,h3h4 a7b6 c2d1 c6e8 d3c2 c8c7 e3f3 e8e6 f3g3 e6f7,Mate
1r1n2k1/1p6/5Q2/1RpP4/p1P4P/8/P4PPK/5R2 w - -,h3h4 a7b6 c2d1 c6e8 d3c2 c8c7 e3f3 e8e6 f3g3 e6f7,Mate
rn3rk1/pp1b1ppp/4p3/8/1qpPn3/2N2NP1/1P2PPBP/R1Q1K2R w KQ -,,0
2r2rk1/1b3pp1/p3p2p/2qp4/3Q1P2/1PN5/P1P3PP/R4R1K w - -,d4c5 c8c5 c3e2 c5c2 e2d4 c2d2 f1d1 d2b2 d1b1 b2b1,-196
r1b1k2r/pp1n1ppp/2p5/q5B1/1b1Pp3/2N1PN2/PP1Q1PPP/R3K2R w KQkq -,g5f4 e4f3 g2f3 d7b6 a1c1 b6d5 e3e4 d5f4 d2f4 e8h8,-414
r1b1k2r/pp2nppp/1qn1p3/3pb3/1P4Q1/P1PB1N2/4K1PP/RNB2R2 w kq -,g4h5 e5f6 b4b5 g7g6 h5h6 e7g8 h6e3 c6a5 e3b6 a7b6,-325
1k6/R7/8/1KP5/8/8/8/7r w - -,,0
6k1/1p3p1p/5bp1/6P1/5P1P/3rKQ2/r7/8 w - -,e3e4 a2a4 e4d3 a4a3 d3e4 a3f3 e4f3 f6g5 h4g5 g8g7,-1147
2r5/8/8/8/2KP1k2/8/8/4R3 w - -,c4d3 f4f5 d4d5 f5f6 d3d4 f6f7 d5d6 c8e8 e1e5 e8a8,662
6k1/1p3p1p/5bp1/6P1/5P1P/r2K1Q2/8/8 w - -,c4b5 c8d8 b5c4 d8c8 c4d3 f4f5 d4d5 f5f6 d3d4 f6f7,Mate
r1b1kb1r/pp1p1ppp/2n1pq2/2p5/4P3/2NPPN2/PPP1B1PP/R2QK2R w KQkq -,d3d4 c5d4 e3d4 f6f4 g2g3 f4c7 h1f1 f8b4 d1d3 c7a5,52
1r4k1/1p3n2/5Q2/2RP4/p1P4P/8/P4PPK/5R2 w - -,d3d4 c5d4 e3d4 f6f4 g2g3 f4c7 h1f1 f8b4 d1d3 c7a5,Mate
3rk1r1/pp3p1p/2n1b3/2b5/5B2/2q1P3/P1PN1PPP/RQ2KB1R w KQ -,f1e2 d8d2 e1h1 d2e2 b1b7 c5b6 g2g3 c6d8 b7e4 g8g6,-472
rnbqkbnr/2p2pp1/p2pp2p/1p6/3P1B2/2N1PN2/PPP2PPP/R2QKB1R w KQkq -,a2a4 b5b4 c3a2 a6a5 c2c3 b4c3 a2c3 g8f6 d4d5 e6e5,51
rnb1k2r/1p2qppp/2pp4/p7/1bPP4/1Q1B1N2/RP3PPP/2B2RK1 w kq -,b3b4 a5b4 a2a8 e8h8 a8b8 e7c7 b8a8 c8g4 a8f8 g8f8,204
2r1k2r/pb3Rpp/5p2/6P1/1pB5/8/Pb1N1PP1/R5K1 w - -,a1e1 e8d8 f7b7 b2e5 g5f6 g7f6 c4b3 c8c3 b7a7 e5b8,583
8/8/3k3p/1K1P4/r5PP/2P5/8/8 w - -,a1d1 c8c4 f7b7 c4c8 d2e4 b2e5 b7g7 h8f8 g5f6 c8c7,Mate
2kr3r/pp1q1pp1/1bp2n2/3bp1Bp/PPB5/2PP2QP/3N1PP1/RR4K1 w - -,c4d5 d7d5 a4a5 b6c7 g3e3 d5d3 e3a7 c7b8 a7a8 d3a6,129
4r1k1/2pnqpbp/p1p1b3/2PpP1p1/3Q1PP1/1PN4P/P5B1/3R1RK1 w - -,f4f5 d7e5 d4f2 e6d7 f5f6 g7f6 f2f6 e7c5 g1h1 c5c3,117
r3kb1r/pp4pp/2p2q2/3Q4/8/2N5/PPb2PPP/R3KB1R w KQkq -,d5c4 e8a8 f1e2 d8d4 e2g4 c8b8 c4e6 f6e6 g4e6 f8c5,-425
r1b1k2r/pp2nppp/1q2p3/3pn3/1P4Q1/P1PB4/4K1PP/RNB2R2 w kq -,g4h3 e5d3 h3d3 e6e5 c1e3 b6g6 d3g6 h7g6 h2h3 f7f6,-400
r1bqk1nr/ppp2ppp/2np4/2b1p3/2P5/6PN/PP1PPPBP/RNBQK2R w KQkq -,d1a4 g8f6 d2d3 h7h6 b1c3 e8h8 a2a3 c8f5 a4d1 c5d4,-60
8/6B1/2n1k1p1/3p2pp/p2P2P1/3K1P1P/8/8 w - -,d3c2 e6f7 g7h8 c6b4 c2c3 a4a3 c3b3 a3a2 b3b2 b4d3,-395
r2qk2r/1pp2pp1/p1pbbn2/4p2p/8/1P1PP3/PBPNNPPP/R2QK2R w KQkq -,e2c3 d8e7 a2a3 h5h4 h2h3 e8a8 d2e4 f6e4 c3e4 f7f6,-30
rn3rk1/pp1b1ppp/3np3/4N3/1qpP4/2N3P1/1P2PPBP/R1Q1K2R w KQ -,e1h1 a7a5 d4d5 d7e8 d5e6 f7e6 c1e3 b8c6 e5c6 e8c6,28
5B2/8/4k1p1/3p2pp/p1nP2P1/2K2P1P/8/8 w - -,c3c2 a4a3 c2b3 c4d2 b3a3 d2f3 a3b2 f3g1 b2c1 g1h3,-557
4q1k1/p1r1rpp1/Bp2pn2/1QPp3p/PP6/5PP1/4P2P/2RR2K1 w - -,c5b6 a7b6 a4a5 e8b5 a6b5 b6a5 b4a5 g7g5 c1c7 e7c7,136
r1b1k2r/pp3ppp/1np5/q3N1B1/1b1Pp3/2N1P3/PP1Q1PPP/R3K2R w KQkq -,f2f3 f7f6 e1h1 e8h8 f3e4 f6e5 a2a3 f8f1 a1f1 b4c3,-330
r1b2rk1/pp3ppp/2nb1q2/2p5/2Bp4/5N2/PPP1QPPP/R1B2RK1 w - -,c2c3 c8g4 h2h3 f8e8 e2d1 g4f3 d1f3 f6f3 g2f3 a8d8,-170
3rr1k1/pp3ppp/4b3/q7/4B3/2P3P1/PQ2KP1P/R1B4R w - -,c1e3 e6c4 e2f3 e8e4 f3g2 c4d5 g2g1 d5c6 h2h3 a5d5,-476
r1bqk2r/ppp2ppp/2np1n2/2b1p3/2P5/6PN/PP1PPPBP/RNBQ1RK1 w kq -,b2b4 c6b4 b1c3 h7h6 d2d3 e8h8 a1b1 c8e6 g1h1 d8d7,-110
r1b2rk1/pppp1ppp/2n5/1P2P3/8/5N2/1qP2PPP/RN1QR1K1 w - -,b1a3 b2c3 b5c6 d7c6 e1e3 c3c5 c2c3 c5e7 f3d4 f8d8,260
r1bqnrk1/pppn1pb1/3p2pp/3Pp3/4P3/2N2NPP/PPP2PB1/R1BQ1RK1 w - -,f3h4 g8h7 b2b3 a7a5 c1e3 g7f6 h4f3 b7b6 a2a3 f6g7,38
rn1q1rk1/pbp1bppp/1p2pn2/3p2B1/8/3P1NP1/PPPNPPBP/R2Q1RK1 w - -,c2c3 h7h6 g5f6 e7f6 f1e1 c7c5 e2e4 d5e4 d3e4 d8c7,-23
5rk1/1pR2n2/5Q2/3P4/p1P4P/8/P4PPK/5R2 w - -,c2c3 h7h6 g5f6 e7f6 f1e1 c7c5 e2e4 d5e4 d3e4 d8c7,Mate
8/8/7p/3k4/K5PP/2P5/8/8 w - -,c2c3 h7h6 g5f6 e7f6 f1e1 c7c5 e2e4 d5e4 d3e4 d8c7,Mate
r3k2r/1pp1qpp1/p1pbbn2/4p2p/8/1P1PP2P/PBPNNPP1/R2QK2R w KQkq -,e2g3 h5h4 g3e4 f6e4 d2e4 d6b4 e4d2 f7f6 a2a3 b4c5,-41
rn3rk1/pp1b2pp/3npp2/4N3/1qpP4/2N3P1/1P2PPBP/R1Q2RK1 w - -,e5d7 b8d7 a1a4 b4b3 c1f4 e6e5 f4d2 f8d8 a4a5 g8h8,45
2rk3r/pR4pp/5p2/4b1P1/1pB5/8/P2N1PP1/4R1K1 w - -,g5f6 g7f6 c4b3 c8c7 b7b4 c7c3 d2f3 e5d6 b4b7 c3c7,596
6k1/p1r1rpp1/BP2pn2/1q1p3p/PP6/5PP1/4P2P/2RR2K1 w - -,a6b5 a7b6 a4a5 b6a5 b4a5 g7g5 a5a6 c7a7 c1c6 g8g7,153
r1bqr1k1/pp2pp1p/1np3pB/3Pb3/4P3/2N3P1/PP3PBP/R2Q1RK1 w - -,a1c1 e5g7 h6g7 g8g7 b2b3 e7e5 h2h3 d8e7 f2f4 c6d5,75
3rk3/pp3p1p/2n1b3/2b5/5B2/2qBP3/P1PN1PrP/RQ2K2R w KQ -,h2h4 g2g4 b1d1 c6b4 f4g5 f7f6 g5h6 b4d3 c2d3 c3d3,-435
8/8/5pk1/4p2p/7P/5rPK/8/8 w - -,h2h4 g2g4 b1d1 c6b4 f4g5 f7f6 g5h6 b4d3 c2d3 c3d3,Mate
8/6B1/4k1p1/3p2pp/3P2P1/7n/1K6/8 w - -,g7e5 h3f4 g4h5 g6h5 b2c3 h5h4 c3b3 e6f5 e5b8 h4h3,-906
6k1/2r1rpp1/1p2pn2/1B1p3p/PP6/5PP1/4P2P/2RR2K1 w - -,a4a5 b6a5 b4a5 g7g5 a5a6 c7a7 c1c6 g8g7 g1f2 e6e5,155
4r1k1/pR4pp/8/3pqp1n/8/3P1PP1/P1P4P/3Q1K2 w - -,d3d4 e5e6 f1g2 e6a6 b7c7 h5f6 a2a4 a6b6 c7c5 b6e6,-390
8/8/3k3p/1K6/6PP/2P5/8/8 w - -,d3d4 e5e6 f1g2 e6a6 b7c7 h5f6 a2a4 a6b6 c7c5 b6e6,Mate
r1bn1rk1/pppp1ppp/8/1P2P3/8/N4N2/1qP2PPP/R2QR1K1 w - -,d1d2 a7a6 e1b1 b2a1 b1a1 b7b6 a1d1 a6b5 a3b5 d8e6,426
5k2/1p6/1n6/3p2p1/r2P4/1K6/p7/8 w - -,c2c4 d7d6 e5d6 c7d6 a3c2 d8e6 h2h4 e6c5 d1d6 b7b6,Mate
r3kb1r/pp4pp/2p3q1/8/8/2N5/PPbQ1PPP/R3KB1R w KQkq -,g2g3 f8c5 d2e2 e8d8 e2d2 d8c8 f1h3 c8c7 e1h1 a8d8,-155
8/6B1/4k3/3p2pp/3P4/7n/1K6/8 w - -,b2a3 h3f4 g7f8 e6f5 f8b4 h5h4 b4e1 f5g4 e1f2 h4h3,-997
r3kbnr/ppqnpppb/2p4p/8/2BP1N1P/6N1/PPP2PP1/R1BQK2R w KQkq -,d1h5 g7g6 h5f3 g8f6 e1h1 f8g7 f1e1 d7b6 c4b3 a7a5,114
r1b1k2r/pp4pp/1np2p2/q3N3/1b1Pp2B/2N1P3/PP1Q1PPP/R3K2R w KQkq -,f2f3 f6e5 e1h1 e8h8 f3e4 c8e6 f1f8 a8f8 d2d3 b6d7,-398
rnbqk2r/pp3ppp/2p1p3/3p2P1/1b1P1B2/2nBP3/PPP2P1P/R2QK1NR w KQkq -,b2c3 b4c3 e1f1 c3a1 d1a1 e6e5 d4e5 c8e6 h2h4 c6c5,-138
8/8/8/b7/1n1B4/2K5/8/k7 w - -,,0
2k5/br3pp1/p1qp1nbp/2p1p3/P1P1P2N/2PBR2P/2Q2PP1/2B3K1 w - -,h4f5 f6e8 a4a5 c8d8 h3h4 a7b8 g2g4 b8c7 c2a2 c6d7,100
rnbqk1nr/1pp1b3/p3pp1p/3pP1p1/3P1B1P/2P2N2/PP3PP1/RN1QKB1R w KQkq -,h4g5 f6g5 f3g5 e7g5 d1h5 e8d7 f4g5 d8e8 b1d2 b7b6,360
4rr1k/pb2q1bp/1np1n1p1/2p1N3/6Q1/2N4P/P4PPB/2R1RBK1 w - -,c3e4 e6f4 h2f4 g7e5 f4e5 e7e5 e4c5 e5b2 e1e8 f8e8,246
r2q1bnr/2pb1k1p/3p2p1/1p5Q/3pP3/8/1PP2PPP/RNB1K2R w KQ -,a1a8 d8a8 h5h4 f8e7 h4f4 g8f6 b1d2 h8e8 e1h1 f7g8,-425
r2q1rk1/1p1nbppp/p1p1pn2/6B1/3P3Q/2NB3P/PPP3P1/R4RK1 w - -,f1f6 g7g6 f6g6 f7g6 g5e7 d8b6 e7f8 a8f8 g1h1 f8f7,469
Rnbk3r/1pq2ppp/2pp4/8/1pPP4/3B1N2/1P3PPP/2B1R1K1 w - -,c1f4 c7d7 a8b8 h8e8 e1a1 h7h6 f4g3 d8e7 d4d5 e7f6,348
r4r1k/p3q1pp/3NB1b1/2p1P3/8/1Q4P1/PP3P1P/5RK1 w - -,b3d5 a8e8 d6e8 f8e8 e6h3 e7e5 d5e5 e8e5 f1d1 h7h6,275
2rk3r/pR5p/5p2/4b3/1pB5/8/P2N1PP1/4R1K1 w - -,c4b3 c8c7 b7b4 c7c3 d2f3 e5d6 b4b7 c3c7 b7b8 c7c8,589
2kr3r/1pp1qpp1/p1pbbn2/4p2p/8/1PNPP2P/PBPN1PP1/R2QK2R w KQ -,d1e2 h5h4 a2a3 d6c5 c3e4 f6e4 d2e4 c5b6 b2e5 f7f5,-43
5k2/1p6/1n6/3p2p1/r2P4/8/1K6/q7 w - -,d1e2 h5h4 a2a3 d6c5 c3e4 f6e4 d2e4 c5b6 b2e5 f7f5,Mate
r4rk1/pp1n2pp/3npp2/8/1qpP4/2N3P1/1P2PPBP/R1Q2RK1 w - -,a1a4 b4b6 c3e4 b6b5 e4d6 b5a4 c1e3 e6e5 g2b7 a8b8,30
8/2k5/7p/1K6/2P3PP/8/8/8 w - -,a1a4 b4b6 c3e4 b6b5 e4d6 b5a4 c1e3 e6e5 g2b7 a8b8,Mate
4r1k1/pnp1R1pp/3p4/5p2/8/B1PP3P/P1P2PP1/6K1 w - -,e7e8 g8f7 e8c8 f7e6 c8c7 b7d8 c7g7 d8f7 g7g8 f7e5,751
2r3k1/1bq2pp1/p3p2p/3p4/5r2/2NQ4/PPPR1RPP/7K w - -,f2f4 c7f4 h1g1 f4b4 c3d1 b4a5 a2a3 c8c4 c2c3 c4e4,-279
r2q1rk1/3b1pbp/p4np1/2pPp3/P1p5/2N1BPNP/1P4P1/R2Q1RK1 w - -,g3e4 f6h5 d1e2 h5f4 e2c4 d8h4 c3e2 f4g2 g1g2 d7h3,93
r2q1bnr/2p2k1p/3pb1p1/1p1Q4/3pP3/8/1PP2PPP/RNB1K2R w KQ -,a1a8 e6d5 a8d8 d5e4 d8d7 g8e7 d7c7 e4g2 h1g1 g2d5,278
2r3k1/1bq2pp1/p3p2p/3p4/2r2P2/2NQ4/PPP2RPP/3R3K w - -,f4f5 c4h4 h2h3 d5d4 f5e6 f7e6 c3e2 c7c2 h1g1 e6e5,-200
1k6/4R3/8/1KP5/8/8/8/r7 w - -,e7h7 a1b1 b5c6 b1g1 h7h8 b8a7 h8d8 g1c1 d8d7 a7b8,8
8/1k6/7p/1KP5/6PP/8/8/8 w - -,e7h7 a1b1 b5c6 b1g1 h7h8 b8a7 h8d8 g1c1 d8d7 a7b8,Mate
4r1k1/pR4pp/8/3p1p1n/5P2/3Pq1P1/P1P4P/3Q1K2 w - -,b7b1 h5f6 d1e1 e3e1 b1e1 e8e1 f1e1 d5d4 e1d2 f6d5,-475
B2q1rk1/3p4/bn2p2p/5pp1/ppP5/1P4P1/P1N2P1P/bN1QR1K1 w - -,a8g2 a4b3 a2b3 a1f6 c2b4 a6c8 c4c5 b6a8 d1d2 a8c7,58
rnbq1rk1/ppp1ppb1/3p1np1/7p/3PP3/2N3P1/PPP1NPBP/R1BQK2R w KQ -,h2h3 b8d7 a2a4 c7c5 e1h1 c5d4 e2d4 a7a6 c1e3 d7e5,63
8/8/8/4k3/8/1K6/8/2QR4 w - -,h2h3 b8d7 a2a4 c7c5 e1h1 c5d4 e2d4 a7a6 c1e3 d7e5,Mate
8/2k5/2P4p/1K6/6PP/8/8/8 w - -,h2h3 b8d7 a2a4 c7c5 e1h1 c5d4 e2d4 a7a6 c1e3 d7e5,Mate
2r1k2r/pR5p/5p2/4b3/1pB5/8/P2N1PP1/3R2K1 w - -,b7a7 c8d8 c4b3 e8f8 d1e1 d8d2 a7f7 f8e8 f7f6 e8d8,622
r1bqr1k1/pp2pp1p/1n4pB/3pb3/4P3/2N3P1/PP2QPBP/R4RK1 w - -,e4d5 e5h8 a1c1 c8d7 c3b5 d7b5 e2b5 b6c8 b5b7 c8d6,66
r4rk1/pp1n2pp/3npp2/8/R1pP4/1qN3P1/1P2PPBP/2Q2RK1 w - -,c1f4 e6e5 f4d2 f8d8 a4a3 b3b4 f1d1 e5d4 d2d4 d7b6,46
r1b1k2r/pp1n1ppp/2p5/q2p2B1/3P4/3BPN2/P1Q1KPPP/b6R w kq -,h2h4 a1c3 h4h5 h7h6 g5f4 c3b4 g2g4 b4e7 g4g5 h6g5,-410
rn1qkbnr/1bp2p2/p2pp2p/1p4p1/3P1B2/P1N1PN2/1PP1BPPP/R2QK2R w KQkq -,f4g3 g8e7 e2d3 b8d7 h2h4 g5g4 f3d2 b7g2 h1g1 g2h3,3
2kr3r/1pp1qpp1/p1p1bn2/2b1p2p/8/PPNPP2P/1BPN1PP1/R2QK2R w KQ -,d2e4 c5a7 e4f6 g7f6 d1f3 f6f5 e1a1 a7c5 a3a4 h5h4,-42
5r1k/1pR2n2/6Q1/3P4/p1P4P/8/P4PPK/5R2 w - -,d2e4 c5a7 e4f6 g7f6 d1f3 f6f5 e1a1 a7c5 a3a4 h5h4,Mate
4R3/pnp2kpp/3p4/5p2/8/B1PP3P/P1P2PP1/6K1 w - -,e8c8 f7e6 c8c7 b7d8 c7g7 d8f7 g7g8 f7e5 g8e8 e6d7,776
2k2r2/1p4pp/p1n5/8/3Pr2q/1PP1P2P/3B1N1R/4R1K1 w - -,f2e4 h4e4 h2g2 c6e7 e1e2 e7g6 e2f2 f8f2 g1f2 g6h4,-575
8/8/8/8/5k2/1K6/3R4/2Q5 w - -,f2e4 h4e4 h2g2 c6e7 e1e2 e7g6 e2f2 f8f2 g1f2 g6h4,Mate
rnbqk1nr/1pp1b3/p3p2p/3pP1p1/3P1B2/2P2N2/PP3PP1/RN1QKB1R w KQkq -,f3g5 e7g5 d1h5 e8d7 f4g5 d8e8 b1d2 b7b6 g2g4 e8h5,388
r1bqr3/pp2ppkp/1n4p1/3P4/8/2N3P1/PP2QPBP/R4RK1 w - -,f1e1 c8d7 h2h4 h7h5 a1c1 a8c8 b2b3 d7f5 e2e5 f7f6,76
q4bnr/2p2k1p/3pb1p1/1p6/3pP3/8/1PP2PPP/RNB1K2R w KQ -,a1a8 d6d5 e4e5 g8e7 a8a7 f8g7 a7c7 g7e5 c7b7 h8b8,270
2kr3r/1pp1qpp1/p1p1b3/2b1p2p/4n3/PP1PP2P/1BPN1PP1/R2QK2R w KQ -,b2e5 e4d2 d1d2 f7f6 e5h2 c5a3 e1h1 a3d6 h2d6 e7d6,-439
8/8/8/8/8/1K3k2/3R4/4Q3 w - -,b2e5 e4d2 d1d2 f7f6 e5h2 c5a3 e1h1 a3d6 h2d6 e7d6,Mate
r3kb1r/pp4pp/2p5/8/2B5/2N5/PPbQ1PqP/R3K2R w KQkq -,d2e2 f8e7 h1f1 g2g6 h2h4 h7h5 f1h1 e8a8 e1f1 e7f6,-475
4kNb1/pp4p1/3p3p/n6P/3P4/P1P3P1/B4KP1/8 w - -,a2g8 e8f8 g8d5 f8e7 f2e3 e7f6 e3f4 a5c6 a3a4 c6a5,212
r1bqr3/pp2p1kp/1n3pp1/3PQ3/8/2N3P1/PP3PBP/R4RK1 w - -,e5d4 c8f5 a1c1 e7e5 d4b4 a7a5 b4c5 a8c8 c5b5 b6c4,66
2rqr1k1/pp1nbppp/2p1pn2/6B1/3P3Q/2NB3P/PPP3P1/3R1RK1 w - -,g1h1 d7f8 h4f2 c8c7 g5f4 c7d7 g2g4 f8g6 f4h2 h7h6,-81
2k5/br3pp1/p1qp1n1p/2p1p2b/P1P1P3/2PBRN1P/2Q2PP1/2B3K1 w - -,a4a5 a7b8 f3h4 h5g6 h4f5 g6f5 e4f5 c6c7 e3g3 d6d5,52
r1bqk2r/pppnbppp/5n2/8/2BP4/5N1P/PP3PP1/RNBQK2R w KQkq -,b1c3 d7b6 c4b3 b6d5 d1d3 e8h8 e1h1 c8e6 f1e1 d5b4,38
r4rk1/pp1n2pp/3n1p2/4p3/R1pP1Q2/1qN3P1/1P2PPBP/5RK1 w - -,f4d2 f8d8 a4a3 b3b4 f1d1 a7a5 d2c2 e5d4 d1d4 d7e5,36
2k2r2/1p4pp/p1n5/8/3Pq3/1PP1P2P/3B3R/4R1K1 w - -,e1e2 c6e7 h2f2 f8f2 e2f2 e7f5 c3c4 f5h4 g1f1 h4f3,-598
4k3/R3P3/8/5K2/8/8/8/r7 w - -,e1e2 c6e7 h2f2 f8f2 e2f2 e7f5 c3c4 f5h4 g1f1 h4f3,Mate
4rr1k/pb5p/1np3p1/2p1q3/4N1Q1/7P/P4PP1/2R1RBK1 w - -,e4c5 e5b2 e1e8 f8e8 g4f4 b2g7 c5b7 g7b7 f4f6 b7g7,260
rnb2rk1/p1p2ppp/1p2pn2/4N3/1bpq4/6P1/PP1NPPBP/R1BQ1RK1 w - -,g2a8 d4e5 d2c4 e5b5 c4a3 b5a6 c1f4 b4a3 b2a3 c8b7,98
2r2r1k/1pN1QBbp/p4pp1/2q5/8/8/PP2bPPP/3R2K1 w - -,,0
q4rk1/3p4/bn1Qp2p/5pp1/ppP5/1P4P1/P1N2P1P/bN2R1K1 w - -,,0
r1b1kb1r/pp3ppp/2n1pq2/2pp4/2P5/5NP1/PP1PPP1P/R1BQKB1R w KQkq -,f1g2 h7h6 e1h1 d5c4 d1a4 a8b8 a4c4 e6e5 d2d3 f8e7,-39
Bnb2rk1/p1p2ppp/1p2pn2/4q3/1bp5/6P1/PP1NPP1P/R1BQ1RK1 w - -,d2c4 e5b5 c4a3 b5a6 c1f4 b4a3 b2a3 c8b7 a8b7 a6b7,97
r3kb1r/ppp1pppp/2n2nq1/8/3N4/2N4b/PPPPBPP1/R1BQ1RK1 w kq -,g2g4 h3g4 f2f3 g4h3 g1f2 g6g2 f2e3 g2g5 f3f4 g5c5,Mate
2rqr1k1/1p1nbppp/p1p1pn2/6B1/3P3Q/2NB3P/PPP3P1/3R1R1K w - -,g2g4 d7f8 h4f2 h7h6 g5d2 c6c5 d4c5 e7c5 f2g2 c5d4,-20
r2k2nr/ppp2B1p/2np4/8/3bP1bq/3Q4/PPP3NP/RNB2RK1 w - -,d3d4 h4h2 g1h2 c6d4 b1c3 d8d7 c1e3 d4f3 h2g3 h7h5,367
rnbqkb1r/pp3p1p/4pnp1/3p4/5P2/1BNP4/PPP3PP/R1BQK1NR w KQkq -,c3e2 d8b6 g1f3 f8g7 c2c3 e8h8 a2a4 b8c6 b3c2 a7a5,-24
1k6/7R/8/1KP5/8/8/8/1r6 w - -,,0
r1nqkb1r/pp1b2pp/2n1p3/3pPp2/3P4/1P3N2/P3BPPP/RNBQ1RK1 w kq -,b1c3 f8e7 e2d3 a7a5 g1h1 c8a7 c3e2 g7g5 a2a3 g5g4,92
2bq1rk1/2pn1pbn/1p1p2pp/r2Pp3/4P3/P1N1B1PP/2P2PBN/R2Q1RK1 w - -,d1c1 h6h5 a3a4 d7c5 a1a3 c8d7 c1d2 d8c8 h3h4 f7f5,-63
r1bqk2r/ppp1bppp/1n3n2/8/2BP4/2N2N1P/PP3PP1/R1BQK2R w KQkq -,c4b3 b6d5 e1h1 e8h8 c1d2 c7c6 f1e1 h7h6 a1c1 f8e8,33
r2r2k1/pp1n2pp/3n1p2/4p3/R1pP4/1qN3P1/1P1QPPBP/5RK1 w - -,a4a3 b3b4 f1d1 a7a5 a3a1 g8h8 d2c2 b4b3 c2b3 c4b3,39
r2k2nr/ppp2B1p/3p4/8/4P1bN/8/PPn4P/RNB2RK1 w - -,f7b3 c2a1 f1f8 d8e7 f8a8 a1b3 a2b3 e7f7 b1c3 h7h5,401
r2k2nr/ppp4p/3p4/8/4P1bN/1B6/PP5P/nNB2RK1 w - -,f1f8 d8e7 f8a8 a1b3 a2b3 e7f7 b1c3 h7h6 a8b8 h8h7,433
3rr1k1/pp3ppp/8/8/1Pb1B3/6P1/P3KP1P/R1B4R w - -,e2e3 f7f5 e3f3 e8e4 c1e3 c4d5 f3e2 g7g5 f2f3 e4b4,-90
1k6/7R/8/2P5/K7/8/8/r7 w - -,,0
r1b1kb1r/pp1npppp/5n2/qBpp4/3P1P2/4P3/PPP3PP/RNBQK1NR w KQkq -,b1c3 a7a6 b5e2 b7b5 g1f3 e7e6 c1d2 a5c7 e1h1 f8d6,-64
6k1/pR4pp/8/3p1p1Q/5P2/3P2P1/P1P1r1KP/4q3 w - -,h5e2 e1e2 g2g1 e2d1 g1f2 d1c2 f2e3 c2h2 e3f3 h7h6,-742
8/8/8/2R5/k7/8/8/4K3 w - -,h5e2 e1e2 g2g1 e2d1 g1f2 d1c2 f2e3 c2h2 e3f3 h7h6,Mate
1rr3k1/4ppbp/3p1np1/p2P4/7P/2qQ1P2/PPN3P1/1K1RR3 w - -,d3c3 c8c3 e1e3 c3c5 e3b3 b8b3 a2b3 f6d5 c2a3 d5b4,-566
2r3k1/1b3pp1/p3p2p/3p4/3N4/2P5/PP1q2PP/5QK1 w - -,f1e2 d2c1 g1f2 c8e8 h2h3 e6e5 a2a3 b7c8 d4b3 c1b1,-602
r1bq1rk1/pp2ppbp/n5p1/3n4/8/P1N2NP1/1P2QPBP/R1B2RK1 w - -,c1g5 d5c3 b2c3 f8e8 f3d4 a6c5 e2b5 c5d7 a1d1 d8b6,-47
2r3k1/1b3pp1/p3p2p/3p4/3N3P/2P5/Pq4P1/5QK1 w - -,a2a4 c8c3 f1f4 b2c1 f4c1 c3c1 g1h2 c1c3 g2g4 c3a3,-732
r2r2k1/pp1n2pp/1q1n1p2/4p3/2pP4/R1N3P1/1P1QPPBP/5RK1 w - -,e2e3 e5d4 e3d4 d8e8 f1a1 b6d8 a3a7 a8a7 a1a7 f6f5,72
1r3rk1/3nbppp/b1q1p3/P2pP3/3P1N1P/P7/3B1PP1/R2QK1NR w KQ -,g1e2 f8c8 h1h3 f7f6 a1c1 c6b7 e5f6 d7f6 c1c8 b7c8,63
r1bqkb1r/ppp3pp/2n5/3npp2/8/2NP1N1P/PPP2PP1/R1BQKB1R w KQkq -,a2a3 d5c3 b2c3 d8f6 g2g3 c8d7 f1g2 e5e4 f3d4 c6d4,-108
r1b2rk1/pp2ppbp/n5p1/3q4/8/P4NP1/1P2QPBP/R1B2RK1 w - -,e2e7 d5d8 e7e2 a6c5 c1e3 d8d3 e2e1 c5b3 a1d1 d3b5,7
rn2kbnr/pp3ppp/q3p3/1bppP3/3P4/2PB1N2/PP3PPP/RNBQ1RK1 w kq -,d3b5 a6b5 b1a3 b5d7 c3c4 c5d4 c4d5 f8a3 d5e6 f7e6,77
rkb3nr/p1p1q2p/Qbpp4/6B1/4P3/2N5/PPP3NP/R4R1K w - -,a6b6 a7b6 g5e7 g8e7 g2f4 a8a5 a2a3 e7g6 f1f2 g6e5,-87
8/5pkp/R3r3/6Pp/8/4PK2/5P2/8 w - -,,0
r1bqnrk1/2p2pb1/1p1p2pp/p1nPp3/4P3/P1N1B1PP/1PP2PBN/R2Q1RK1 w - -,b2b4 c5d7 d1d2 g8h7 a1e1 f7f5 f2f4 a5b4 a3b4 e5f4,32
1r4k1/4ppbp/3p1np1/p2P4/7P/2r2P2/PPN3P1/1K1RR3 w - -,e1e3 c3c5 e3b3 b8b3 a2b3 f6d5 g2g4 g8f8 c2a3 d5b4,-564
8/6kp/4p3/6Pp/8/4PK2/5P2/8 w - -,,0
r1bq1rk1/pp2bppp/1np5/3n4/3P1B2/1BN2N1P/PP3PP1/R2Q1RK1 w - -,f4g3 a7a5 f1e1 c8f5 f3e5 f5e6 a2a3 d5c3 b2c3 e6b3,57
r2qkb1r/1pp2ppp/p3pn2/3p1b2/1n3P2/1P2PN2/PBPPB1PP/RN1Q1RK1 w kq -,f3d4 c7c5 d4f5 e6f5 c2c4 d5d4 e3d4 c5d4 d2d3 h7h5,17
rnb1k2r/ppppNppp/8/8/1b6/5N2/PPPP1PPP/R1BnKB1R w KQkq -,e7c8 d1b2 a2a3 b4c5 c1b2 e8h8 d2d4 f8e8 f3e5 b8c6,492
8/pnp2kpp/3p4/8/5p2/B1PPR2P/P1P2PP1/6K1 w - -,e3f3 g7g5 g2g3 b7c5 g3f4 c5a4 f4g5 f7g6 d3d4 g6g5,666
r1b3k1/pp1n1p1p/1np3p1/8/4r3/1PR1BN1P/P3BPP1/5RK1 w - -,f3g5 e4e8 e2c4 b6c4 c3c4 d7f6 c4h4 h7h5 e3d4 f6d5,-50
r1bqr1k1/ppp1nppp/1b6/3np3/1PB5/1QPP1N2/P4PPP/RNB1R1K1 w - -,a2a4 c7c6 e1e5 c8g4 b1d2 b6c7 e5e4 d8d7 h2h3 g4h3,50
8/7p/4p1k1/6Pp/5K2/4P3/5P2/8 w - -,f4e5 g6g5 f2f4 g5g4 e3e4 h5h4 f4f5 e6f5 e4f5 h4h3,-16
rn1qr1k1/1b3p1p/p1pp1npb/1p1Pp3/2P1P3/1P3N1P/P1BN1PP1/R1BQR1K1 w - -,a2a4 b5b4 a4a5 b8d7 g2g4 h6f4 d2f1 h7h5 c1f4 e5f4,37
2rqk2B/1p1b1p2/2n1p3/p2pn2P/P2p2P1/1N1B4/1PP2P2/R2Q2K1 w - -,f2f4 e5d3 d1d3 d8h4 d3e2 e6e5 h8e5 h4g3 e2g2 g3e3,-50
r1bq1rk1/pp2nppp/2n1p3/3p4/1bB1P3/2N2N2/PP2QPPP/R1BR2K1 w - -,e4d5 e6d5 c3d5 e7d5 c4d5 d8e8 e2c2 b4e7 c1d2 c8e6,63
1rr3k1/3nbppp/b1q1p3/P2pP3/3P1N1P/P7/3BNPP1/R2QK2R w KQ -,h4h5 e7g5 h1h3 f7f6 a1c1 a6c4 h3g3 c6a6 e5f6 g5f6,71
8/8/8/4k3/4r3/3K4/8/1R6 w - -,,0
rn2k2r/1p2q1pp/2pp1p2/p7/1bPP2bB/1Q1B1N2/RP3PPP/5RK1 w kq -,d3b1 e8h8 h2h3 g4e6 h4g3 e7f7 b1d3 h7h6 b3c2 f6f5,-85
r1b2rk1/1p2q1pp/1bn4n/p3pp2/2PpNP1N/P2P2B1/1P2B1PP/R2Q1RK1 w - -,e2f3 e5f4 g3f4 f5e4 f3e4 e7h4 e4d5 c8e6 d5e6 g8h8,-230
8/2K5/8/4r3/2R5/4k3/2P5/8 w - -,c7b6 e5e6 b6b5 e6e8 c4g4 e8b8 b5a4 b8a8 a4b3 a8b8,430
2k2r2/1p4pp/p1n1r3/8/3PB2q/2P1P2P/P2B1N2/4R1KR w - -,h1h2 e6e4 f2e4 h4e4 e1e2 c6e7 d2e1 f8f6 h2g2 f6g6,-570
r4rk1/pp3ppp/5n2/3p4/8/2qP1P2/P1P3PP/R2QRK2 w - -,d3d4 a8c8 d1d3 c3c7 f1g1 b7b6 e1e5 h7h6 a2a4 c7c2,-490
8/7p/4p3/4K1kp/8/4P3/5P2/8 w - -,e5e4 g5g4 e4e5 h5h4 e5e4 h4h3 e4d4 g4f3 d4c5 h3h2,-836
r2q1rk1/pp2bppp/1np5/3n1b2/3P4/1BN2N1P/PP3PPB/R2Q1RK1 w - -,f3e5 a7a5 a2a3 f5e6 f1e1 d5c3 b2c3 e6b3 d1b3 a5a4,48
2kr3r/1pp1qpp1/pbp1b3/4p2p/4N3/PP1PP2P/1BP2PP1/R2QK2R w KQ -,e4d2 f7f6 d1e2 e6d5 h1g1 c8b8 h3h4 d5e6 g2g3 e6g4,-61
r4rk1/pp1R1pp1/2n1p3/2b3Pp/4B2P/2P5/PPQ4R/1KB3q1 w - -,h2g2 g1f1 d7d1 f1b5 g5g6 c6e7 g6f7 f8f7 e4h7 g8f8,270
r2qkbnr/pbp2ppp/p2pp3/4P3/3P4/5N2/PPP2PPP/RNBQK2R w KQkq -,c2c4 g8e7 b1c3 e7g6 h2h4 h7h5 e5d6 f8d6 c1g5 d8d7,49
r1bq1rk1/pp1pppbp/2n2np1/2p5/2P1PP2/2N2N2/PP1PB1PP/R1BQK2R w KQ -,a1b1 a7a6 e1h1 d7d6 g1h1 e7e6 a2a3 f6d7 b2b4 b7b6,-26
r1bq1rk1/p2n1pbp/2p3p1/2ppp3/5P2/2NPP3/PPP1B1PP/R1B1QRK1 w - -,f4f5 g6f5 f1f5 d7b6 f5h5 f7f5 e3e4 f5f4 e2f3 d5d4,34
rn1qkbnr/ppp1ppp1/8/3pPb1p/5P2/5N2/PPPP2PP/RNBQKB1R w KQkq -,d2d4 e7e6 c1e3 g8h6 f1e2 f8e7 b1c3 b8d7 d1d2 c7c6,33
5r2/2R3pk/p3p2p/2Q5/3pP1qP/8/PP3PK1/5R2 w - -,g2h2 g4h4 h2g2 h4g4 g2h2 f8f3 c7g7 h7g7 c5e7 f3f7,-518
rn2k2r/4q1pp/2pp1p2/pp6/1bPP2bB/1Q3N2/RPB2PPP/5RK1 w kq -,f1d1 b5c4 b3c4 d6d5 c4d3 g7g6 a2a1 g4f5 d3b3 f5c2,-33
8/8/2k5/8/8/8/8/R3K3 w - -,f1d1 b5c4 b3c4 d6d5 c4d3 g7g6 a2a1 g4f5 d3b3 f5c2,Mate
r4rkn/p3bppp/b1p5/1qp2P2/N2p4/BP1P1N2/P1P2QPP/R4RK1 w - -,f3d4 c5d4 a3e7 f8e8 e7c5 a8d8 a1e1 f7f6 c5a7 c6c5,452
5rk1/p2qbppp/bp3n2/2rpB3/8/1P3NP1/P2QPPBP/R2R2K1 w - -,e5d4 c5c7 a1c1 f8c8 c1c7 d7c7 g2h3 f6e4 d2e1 c8d8,42
r1bq1rk1/p2n1pbp/2p3p1/2pp4/4Pp2/2NP4/PPP1B1PP/R1B1QRK1 w - -,g1h1 g6g5 g2g3 d5d4 c3d1 f4f3 e2f3 c5c4 d3c4 d7e5,-73
2k2r2/1p4pp/p1n5/8/3Pq3/2P1P2P/P2B3R/4R1K1 w - -,e1e2 c6e7 h2f2 f8f2 e2f2 e7f5 f2f4 e4b1 f4f1 b1d3,-589
8/pnp2k1p/3p4/6p1/5p2/B1PP1R1P/P1P2PP1/6K1 w - -,g2g3 f7g6 g3f4 g5f4 f3f4 h7h6 g1f1 b7d8 f4g4 g6f6,703
2r1k2B/1p1b1p2/2n1p3/p2pn2P/P2p2Pq/1N6/1PP1BP2/R2Q2K1 w - -,g1g2 f7f6 d1h1 h4g5 h1c1 g5c1 a1c1 e8f7 f2f4 e5g4,-116
k6r/p1p4p/bbpp3n/8/4P2B/2N5/PPP3NP/R6K w - -,h2h3 h8g8 g2f4 h6f7 f4d3 a6d3 c2d3 f7e5 a1d1 e5f3,-143
8/8/1K2r3/8/2R5/4k3/2P5/8 w - -,b6b5 e6e8 c4g4 e8b8 b5a4 b8c8 a4b3 e3d2 g4d4 d2e3,509
k6r/p1p2n1p/bbpp4/8/4P2B/2N5/PPP3NP/4R2K w - -,h4f6 h8g8 c3e2 f7g5 f6g5 g8g5 e2f4 a6c8 g2e3 a8b7,-142
r2r2k1/pp1n2pp/1q1n1p2/8/2pp4/R1N1P1P1/1P1Q1PBP/5RK1 w - -,e3d4 d8e8 f1a1 b6d8 a3a7 a8a7 a1a7 d7f8 c3d5 f8e6,72
2r1k3/1p1b1p2/4p3/p2pn2P/P2p2Pq/1N6/1PP1BP2/R2Q2K1 w - -,a1c1 d4d3 c2d3 c8c1 d1c1 e5g4 c1f4 e6e5 f4g3 h4g3,-53
r3k2r/pp2nppp/1qn1p3/3pP3/1b1P4/3Q1NN1/PP3PPP/R1B2K1R w kq -,a2a3 b4a5 b2b4 a5b4 a3b4 c6b4 d3d1 a7a5 f1g1 b6c7,184
2kr3r/1pp1q1p1/pbp1b3/4Bp1p/4N3/PP1PP2P/2P2PP1/R2QK2R w KQ -,e4c3 e6b3 d3d4 b3c4 c3e2 f5f4 e5f4 c6c5 c2c3 h8f8,-233
r1bqk1nr/p1pp1pbp/1pn3p1/4p3/2B1P3/P1N2N2/1PPP1PPP/R1BQK2R w KQkq -,e1h1 g8e7 c3d5 c6a5 d5e7 a5c4 e7c8 d8c8 f1e1 e8h8,57
8/5pkp/6p1/5p2/8/p2R1PP1/3R2KP/4q3 w - -,f3f4 e1e4 d3f3 f7f6 h2h4 g7h6 d2a2 h6h5 a2a3 h7h6,-11
5r2/2R3pk/p3p2p/2Q5/3pP1q1/8/PP3PK1/5R2 w - -,g2h1 f8f3 c7g7 h7g7 c5d4 g7g6 d4c3 f3c3 b2c3 g4e4,-538
r3k2r/pp3pp1/4b2p/q1ppP3/5P1B/3BP2P/P1Q1K1P1/R7 w kq -,a1b1 c5c4 d3h7 a5c7 g2g4 a8c8 h4e1 c4c3 h7d3 e8h8,-229
r2q1rk1/pp3ppp/1np5/3n1b2/1b1P4/1BN2N1P/PP3PPB/R2QR1K1 w - -,d1d2 f8e8 e1e8 d8e8 g2g4 f5g6 f3e5 e8e7 a2a3 d5c3,34
2kr3r/1pp1q1p1/pbp5/4Bp1p/8/Pb1PP2P/2PN1PP1/R2QK2R w KQ -,d3d4 b3a4 e1h1 c6c5 d2f3 a4b5 f1e1 b6a5 c2c4 b5c4,-69
8/7p/4K3/6k1/7p/4P3/5P2/8 w - -,e6d6 h4h3 d6e5 h3h2 e5e6 h2h1q e6d6 h1f3 e3e4 f3e4,-1539
r2qk2r/1pp2ppp/p3p3/2bp1b2/1n3Pn1/1P1PPN2/PBPQB1PP/RN3RK1 w kq -,b2d4 d8d6 c2c3 b4c6 d4c5 d6c5 d3d4 c5e7 c3c4 g4f6,35
r1bq1rk1/p2nppbp/2p3p1/2p5/3p1P2/2NPP3/PPP1B1PP/R1B1QRK1 w - -,c3d1 a7a5 e3e4 c5c4 d3c4 e7e5 d1f2 f8e8 e2d3 e5f4,38
8/2R3pk/p3p2p/2Q5/3pP1q1/5r2/PP3P1K/5R2 w - -,c5a3 g4f4 h2g2 f3a3 c7g7 h7g7 b2a3 f4g4 g2h2 g4f3,Mate
4r3/8/8/1K6/2R5/4k3/2P5/8 w - -,c4h4 e8b8 b5a4 b8a8 a4b3 a8b8 h4b4 b8h8 c2c4 e3e4,509
8/3k4/1r5p/P5p1/5p2/7P/5KP1/8 w - -,h3h4 b6a6 g2g3 f4g3 f2g3 a6a5 g3f3 d7e6 f3e4 a5a4,-807
r4rk1/1p2Q2p/5Pp1/1n1p2n1/4q3/1P6/1NR3PP/2R4K w - -,h3h4 b6a6 g2g3 f4g3 f2g3 a6a5 g3f3 d7e6 f3e4 a5a4,Mate
r1nq1rk1/pp1b2pp/2n1p3/3pPp2/3P4/NP3N2/P3BPPP/R2Q1RK1 w - -,d1d2 d7e8 f1c1 e8h5 c1c3 a7a6 a3c2 d8e7 a2a3 h7h6,47
r1bq1rk1/pppn1pb1/3p2pp/3Pp2n/4P3/2N2NPP/PPP2PB1/R1BQ1RK1 w - -,c1e3 a7a5 f3d2 h5f6 d2c4 f6e8 d1d2 f7f5 f2f4 e5f4,56
r2r2k1/1p1n2pp/pq1n1p2/8/2pP4/R1N3P1/1P1Q1PBP/5RK1 w - -,c3d5 b6a7 f1d1 d7f8 a3e3 g8h8 h2h4 d6f5 e3e2 d8d7,109
r1bq1rk1/p2nppbp/2p3p1/2p5/N4P2/3Pp3/PPP1B1PP/R1B1QRK1 w - -,e2f3 a8b8 c1e3 d7b6 a4c5 b6d5 f3d5 c6d5 c5b3 d5d4,16
r4rkn/p3bppp/b1p5/1q3P2/N2p4/BP1P4/P1P2QPP/R4RK1 w - -,a3e7 f8e8 e7c5 f7f6 c5d4 b5a5 a4c5 h8f7 b3b4 a5b6,452
k3r3/p1p4p/2pp1B2/8/P3P3/2P1R3/Pn4KP/8 w - -,e3g3 a8b7 g3g7 h7h5 g7g5 e8e6 e4e5 b2d3 g2f3 d3e5,-49
r1bqr1k1/pp2nppp/1bp5/3nN3/1PB5/1QPP4/P4PPP/RNB1R1K1 w - -,e5f3 c8g4 b1d2 e7g6 c1b2 d8f6 c4d5 c6d5 c3c4 f6f5,46
rn1q1rk1/pp3ppp/3bbn2/2p1p3/8/2NPP3/PPP2PPP/R1BQKBNR w KQ -,g1f3 h7h6 f3d2 b8c6 f1e2 f6h7 e2f3 d8d7 f3c6 d7c6,92
r1b2rk1/p1qn1pbp/2p3p1/4p1B1/1p2P3/2NB1Q1P/PPP2PP1/R2R2K1 w - -,c3a4 c6c5 a2a3 d7b6 a4b6 a7b6 a3b4 a8a1 d1a1 c5b4,111
rnb2rk1/pppp1ppp/1b1q4/8/3Pn3/2P1NN2/PP3PPP/R1BQKB1R w KQ -,f1d3 d6e6 a2a4 c7c6 a4a5 b6c7 d4d5 c6d5 e1h1 b8c6,154
r1bqkbnr/pp1p1ppp/4p3/2p1n3/4P3/1B1P4/PPP2PPP/RNBQK1NR w KQkq -,b1c3 a7a6 g1f3 e5g6 a2a4 b7b6 e1h1 f8e7 d3d4 c5d4,44
r2qk1nr/ppp2pbp/3p2p1/3Pp3/3nP3/2N1BP2/PPP1BP1P/R2QK2R w KQkq -,,0
r2nk2r/pp2b1pp/4Qn2/3p4/2p2B2/2P1PN2/Pq2BPPP/RN2K2R w KQkq -,e6e5 b2a1 e1h1 d8f7 e5e6 a1a2 b1d2 a2a6 e6a6 b7a6,-152
r2qk2r/1pp2ppp/p3p3/3p1b2/1n1b1Pn1/1P1PPN2/P1PQB1PP/RN3RK1 w kq -,f3d4 c7c5 d4f5 e6f5 e2g4 f5g4 d3d4 d8d6 f4f5 e8h8,50
r1bqk2r/pp1nppbp/2pp1np1/8/3PPB2/2PB1N2/PP3PPP/RN1QK2R w KQkq -,f4e3 e7e5 b1d2 e8h8 e1h1 f8e8 f1e1 d6d5 d4e5 f6g4,26
r1bqk2r/ppp2ppp/2n2n2/3pp3/1P1bP3/2NP1N2/P1PQ1PPP/R1B1KB1R w KQkq -,b4b5 c6e7 f3d4 e5d4 c3e2 d5e4 d3e4 c7c5 e2g3 e8h8,25
r3k2r/pp3pp1/4b2p/q2pP3/2p2P1B/3BP2P/P1Q1K1P1/1R6 w kq -,f4f5 c4d3 c2d3 a5a2 e2f3 e8h8 h4e7 f8e8 e7d6 a2c4,-500
2kr3r/1pp3p1/pbp5/4qp1p/8/PN1PP2P/2P2PP1/R2QK2R w KQ -,a3a4 f5f4 a4a5 b6a7 e3e4 g7g5 a1a4 g5g4 h3h4 c8b8,-120
8/5P1p/4K3/8/6k1/4P3/8/7q w - -,a3a4 f5f4 a4a5 b6a7 e3e4 g7g5 a1a4 g5g4 h3h4 c8b8,Mate
r1bq1rk1/p3ppbp/1np3p1/2p5/N4P2/3PB3/PPP1B1PP/R3QRK1 w - -,a4c3 a8b8 a1b1 g7d4 e2f3 d8d6 e3f2 c8e6 g1h1 d4f2,27
r2q1rk1/pp2nppp/2n5/3p4/6b1/1BP2N2/P3QPPP/R1BR2K1 w - -,,0
1r6/8/8/1K6/6R1/4k3/2P5/8 w - -,b5a4 b8c8 a4b3 c8b8 g4b4 b8h8 c2c4 e3e4 b4b5 h8h2,509
r2q1rk1/pp3ppp/1np1b3/3nR3/1b1P4/1BN2N1P/PP3PPB/R2Q2K1 w - -,f3g5 e6d7 d1d3 g7g6 a1e1 a7a5 a2a3 b4d6 c3e4 d6c7,118
r2r2k1/qp1n2pp/p2n1p2/3N4/2pP4/R5P1/1P1Q1PBP/5RK1 w - -,f1d1 g8h8 h2h4 d7f8 h4h5 d6b5 a3e3 h7h6 e3e7 d8e8,127
8/4Qrk1/p3p2p/8/3pP1q1/8/PP3P1K/5R2 w - -,e7a3 g4h4 a3h3 f7f2 f1f2 h4f2 h2h1 f2e1 h1g2 e1d2,-654
5r1r/np1k1pp1/1qn1p3/p2pP2p/3P3P/4BNN1/1P2QPP1/2R3KR w - -,g1h2 c6e7 e3g5 a7c6 g5e7 c6e7 c1c5 f8c8 c5b5,453
2kr3r/1pp3p1/pbp5/4q2p/5p2/PN1PP2P/2P2PP1/R2Q1RK1 w - -,g1h1 f4e3 f2e3 b6e3 d1f3 e3b6 f3f5 e5f5 f1f5 h8e8,-192
5Q2/7p/4K3/8/4q1k1/4P3/8/8 w - -,g1h1 f4e3 f2e3 b6e3 d1f3 e3b6 f3f5 e5f5 f1f5 h8e8,Mate
4r3/p1p1P2R/2p1kB2/3p1n2/5K2/2P5/P6P/8 w - -,h7h5 f5d6 f6h4 e6d7 a2a3 a7a6 a3a4 a6a5 h2h3 e8g8,46
rnbqk1nr/1pp5/p3p2p/3pP1b1/3P1B2/2P5/PP3PP1/RN1QKB1R w KQkq -,d1h5 e8d7 f4g5 d8e8 b1d2 e8h5 h1h5 a6a5 f1b5 c7c6,376
rnb2rk1/ppppqppp/8/8/1b2n3/2N2N2/PPPPBPPP/R1BQK2R w KQ -,c3d5 e7c5 d5e3 c5a5 c2c3 b4e7 d1c2 e4f6 e1h1 d7d5,83
r2qk2r/1p3ppp/p3p3/2pp1b2/1n1N1Pn1/1P1PP3/P1PQB1PP/RN3RK1 w kq -,d4f5 e6f5 e2g4 f5g4 d3d4 d8d6 f4f5 d6f6 b1c3 c5d4,48
r1b3kr/p2p1pp1/4q3/4QN1p/4N3/5P2/1PP3PP/2K4R w - -,d4f5 e6f5 e2g4 f5g4 d3d4 d8d6 f4f5 d6f6 b1c3 c5d4,Mate
2kr3r/1pp3p1/pbp5/6qp/3P1p2/PN2P2P/2P2PP1/R2Q1RK1 w - -,d1d3 c6c5 c2c3 h8e8 a1e1 f4e3 f2e3 c8b8 a3a4 g5g3,-76
8/pnp2k2/3p3p/6p1/5p1P/B1PP1R2/P1P2PP1/6K1 w - -,g2g3 f7g6 h4g5 h6g5 g3f4 g5g4 f3g3 g6f5 f2f3 f5f4,709
1n3rk1/6pp/r1Ppqp2/p7/Bbp4B/5Q2/1P3PPP/R4RK1 w - -,c6c7 b8d7 h4g3 d7e5 f3e2 d6d5 f2f4 e5d3 e2e6 a6e6,64
2r5/kP2q3/8/6p1/6Pp/7P/8/6K1 w - -,a1d1 a6b6 h4g3 f8c8 a4c2 g7g6 c2e4 g8g7 e4d5 e6e8,Mate
r7/8/8/8/K5R1/4k3/2P5/8 w - -,a4b4 a8b8 b4a4 b8a8 a4b3 a8b8 g4b4 b8d8 c2c3 e3d3,588
8/p1pkr2R/2p5/3p4/5K2/2P5/P6P/8 w - -,h7e7 d7e7 f4e5 e7d7 h2h4 d7e7 a2a4 e7d7 h4h5 d7e7,567
4rr1k/pb2q1bp/1np3p1/2p1N3/4NnQ1/7P/P4PPB/2R1RBK1 w - -,h2f4 g7e5 f4e5 e7e5 e4c5 e5b2 e1e8 f8e8 g4f4 h8g8,260
1q4k1/p1r1rpp1/Bp3n2/1QPpp2p/PP6/5PP1/4P2P/2RR2K1 w - -,c5c6 e7e6 d1d5 f6d5 b5d5 b8f8 a6d3 f8d6 d3e4 f7f5,9
2k5/8/8/1KP5/4R3/8/8/7r w - -,b5b6 h1h2 e4e1 h2c2 e1f1 c8d7 f1f7 d7c8 f7h7 c2c1,6
7k/2pbq1p1/2p5/2Pp1PPp/r2N1B2/5P2/7P/4R1K1 w - -,b5b6 h1h2 e4e1 h2c2 e1f1 c8d7 f1f7 d7c8 f7h7 c2c1,Mate
r1bqr1k1/pp2npp1/1bp4p/3nN3/1PBP4/1QP5/P4PPP/RNB1R1K1 w - -,b1d2 b6c7 a2a4 c7e5 e1e5 c8e6 e5e1 e7f5 d2e4 a7a5,84
2kr3r/1pp3p1/pb6/2p3qp/2PP1p2/PN2P2P/5PP1/R2Q1RK1 w - -,d1e2 c5d4 e3d4 b6d4 b3d4 d8d4 a1b1 b7b6 f1d1 h8d8,-105
rnb2rk1/pppp1ppp/8/2qN4/1b2n3/5N2/PPPPBPPP/R1BQK2R w KQ -,d5e7 c5e7 c2c3 b4c5 e1h1 e7d8 d2d3 e4f6 d3d4 c5e7,-381
7k/2pbR1p1/2p5/2Pp1PPp/3r1B2/5P2/7P/6K1 w - -,d5e7 c5e7 c2c3 b4c5 e1h1 e7d8 d2d3 e4f6 d3d4 c5e7,Mate
2r1k3/1p1b1p2/2n1p3/p2p2qr/P2p2P1/1N6/1PP1BP2/R2QR1K1 w - -,d1c1 g5g7 c1f4 e6e5 f4g3 h5g5 f2f3 c6b4 e2d3 c8c2,-341
r2qk2r/1p3ppp/p7/2pp1p2/1n3Pn1/1P1PP3/P1PQB1PP/RN3RK1 w kq -,e2g4 f5g4 d3d4 d8d6 f4f5 f7f6 b1c3 c5d4 e3d4 e8h8,51
r1b2rk1/1p2pp1p/1pnp2p1/8/3bP3/1B1Q1P2/PPP3PP/R4K2 w - -,c2c3 d4g7 f3f4 c6a5 b3d1 c8e6 f1g1 a5c4 d3e2 b6b5,-314
r2r2k1/qp4pp/pn1n1p2/3N4/2pP4/R5P1/1P1Q1PBP/3R2K1 w - -,d5e7 g8h8 a3e3 b6c8 e7d5 c8b6 d5c7 a8c8 c7e6 d8g8,133
8/8/2n5/b7/3B4/2K5/8/k7 w - -,c3b3 c6d4 b3c4 a5b6 c4d5 a1b2 d5d6 b2c3 d6d7 c3d3,-233
1r6/8/8/8/6R1/1K2k3/2P5/8 w - -,g4b4 b8c8 c2c3 e3d3 b4d4 d3e3 d4d5 c8b8 b3a4 e3f3,611
2kr3r/ppbq1pp1/2p2n2/P2bp3/1PB4B/2PP2QP/3N1PP1/RR4K1 w - -,c4d5 c6d5 h4f6 g7f6 g3e3 d8g8 g1f1 d7f5 a5a6 b7b5,115
5Q2/7p/5K2/8/5qk1/4P3/8/8 w - -,b4b5 e5e4 b5b6 a7b6 a5a6 c7g3 h4g3 d7f5 c4d5 b7a6,Mate
r2qk2r/1p3ppp/p7/2pp4/1n3Pp1/1P1PP3/P1PQ2PP/RN3RK1 w kq -,d3d4 d8d6 f4f5 c5d4 e3d4 e8a8 b1c3 h7h5 c3a4 b4c6,52
r2qkb1r/ppp2ppp/2n1pnb1/8/2BP4/2N1PN2/PP3PPP/R1BQK2R w KQkq -,e1h1 f8e7 a2a3 e8h8 b2b4 e7d6 f1e1 e6e5 b4b5 c6a5,43
5rk1/2Pn2pp/r2pqp2/p7/Bbp4B/5Q2/1P3PPP/R4RK1 w - -,h4g3 d7e5 f3e2 d6d5 f2f4 e5d3 e2e6 a6e6 a4d7 e6e8,62
r3k2r/ppq2ppB/4b2p/3pP3/2p2P1B/4P2P/P1Q1K1P1/1R6 w kq -,b1b5 g7g5 f4g5 a7a6 b5b1 h6g5 h4g5 c7e5 h3h4 d5d4,-292
2kr3r/1pp3p1/pb6/2p3qp/2PP4/PN2pQ1P/5PP1/R4RK1 w - -,b3c5 e3f2 f1f2 b6c5 d4c5 g5c5 a1b1 c7c6 f3f5 c5f5,-84
5Q2/7p/5K2/8/6k1/4Pq2/8/8 w - -,b3c5 e3f2 f1f2 b6c5 d4c5 g5c5 a1b1 c7c6 f3f5 c5f5,Mate
r2q1rk1/pp3ppp/1npbb3/3nR1N1/3P4/1BN4P/PP3PPB/R2Q2K1 w - -,d1c2 g7g6 g5e6 f7e6 e5e6 d6h2 g1h2 g8h8 c3d5 b6d5,207
R7/8/4rp2/6kp/4p3/6P1/5PK1/8 w - -,,0
r1bqnrk1/pppn2b1/3p2pp/3Ppp2/4P3/2N1BNPP/PPP2PB1/R2Q1RK1 w - -,d1d2 g8h7 e4f5 g6f5 a1e1 f8f7 c3e2 d7f8 f3h4 g7f6,53
r2r3k/qp2N1pp/pn1n1p2/8/2pP4/R5P1/1P1Q1PBP/3R2K1 w - -,a3e3 b6c8 e7d5 c8b6 d5c7 a8c8 c7e6 d8e8 d1e1 a7b8,152
rn2k2r/pb2nppp/4p3/1p2P1N1/2pq4/2N5/1PQ1BPPP/R3K2R w KQkq -,h2h4 d4e5 e1h1 b8c6 g5f3 e5c5 b2b3 c6b4 c2b2 b4d3,-245
2k5/8/2P5/1K6/4R3/8/8/r7 w - -,,0
5q2/6Kp/8/8/6k1/4P3/8/8 w - -,e4e8 c8c7 e8e7 c7c8 e7e5 a1b1 b5c5 c8c7 e5e7 c7c8,Mate
rnb2rk1/ppppqppp/8/8/4n3/2b2N2/PPPPBPPP/R1BQ1RK1 w - -,f1e1 c3a5 e2c4 c7c6 c4b3 d7d5 d2d3 a5e1 d1e1 c8g4,-332
3k3r/p2b2pp/8/4np2/1b6/1BN1R2P/P4PP1/r2N1K1R w - -,e3e5 b4c3 e5d5 d8e7 f1e2 h8b8 f2f3 a7a5 d1c3 a1h1,-125
r1bqk2r/p2nppbp/2pp1np1/1p6/3PPB2/2PB1N2/PP3PPP/RN1Q1RK1 w kq -,a2a4 e8h8 h2h3 b5a4 d1a4 c6c5 d4d5 a7a5 f1e1 c8a6,65
r1bq1rk1/p2n1pbp/2p3p1/2p1pP2/3p4/2NPP3/PPP1B1PP/R1B1QRK1 w - -,c3e4 d7f6 e4f6 g7f6 e3e4 g8h8 e2g4 f8g8 e1e2 d8e7,95
4r3/p7/2n4R/2pk2B1/P2p3P/3K4/8/8 w - -,h6h5 c5c4 d3c2 c6b4 c2b2 e8e2 b2a3 b4c2 a3a2 c4c3,-444
4r2k/2pbnqp1/2p5/2PpRPPp/r2N1B2/5P2/4Q2P/4R1K1 w - -,e5e7 d7f5 e7e8 h8h7 e8e7 f7f8 d4f5 f8f5 e2e5 f5e5,1098
2kr3r/ppbq1p2/2p2p2/P2bp3/1PB5/2PP2QP/3N1PP1/RR4K1 w - -,d2e4 d8g8 g3f3 h8h3 g2g3 g8h8 c4d5 h3h1 f3h1 h8h1,-178
8/8/8/4pp2/6k1/4R1P1/r7/5K2 w - -,,0
1n3rk1/6pp/r1P1qp2/p2p4/Bbp4B/5Q2/1P3PPP/2R2RK1 w - -,f3e3 e6e3 f2e3 b8c6 f1d1 c6e5 d1d5 a6d6 d5d6 b4d6,-100
8/8/2n5/b7/3B4/3K4/8/1k6 w - -,,0
r2qkb1r/pp1npppp/5n2/2pp1b2/3P4/1P2PN2/PBP2PPP/RN1QKB1R w KQkq -,d4c5 d7c5 f1b5 f5d7 b5e2 e7e6 e1h1 f8e7 a2a4 e8h8,18
r1bqrnk1/p3bp1p/1p2p1p1/3pP2Q/3P1B2/2NBP3/PP4PP/R4RK1 w - -,h5f3 f8d7 f4h6 f7f5 c3d5 a8b8 d5e7 d8e7 e3e4 c8b7,373
2k5/8/1KP5/8/4R3/8/8/1r6 w - -,,0
r2qk2r/1p3ppp/p1n5/2pp4/5Pp1/PP1PP3/2PQ2PP/RN3RK1 w kq -,b1c3 e8h8 f4f5 f7f6 c3a4 b7b6 d3d4 c5d4 e3d4 a8c8,19
5K2/7p/8/5k2/8/4P3/8/8 w - -,b1c3 e8h8 f4f5 f7f6 c3a4 b7b6 d3d4 c5d4 e3d4 a8c8,Mate
b7/8/8/8/3K1k2/8/2Q5/8 w - -,b1c3 e8h8 f4f5 f7f6 c3a4 b7b6 d3d4 c5d4 e3d4 a8c8,Mate
4r3/p6R/2n1k3/2p3B1/P2p3P/3K4/8/8 w - -,h7h5 c6e5 d3e4 e5f7 e4d3 e8b8 g5d2 f7e5 d3e4 e5d7,-46
r1bqkb1r/pp3ppp/3ppn2/2p5/4P3/1BNP1Q2/PPP2PPP/R1B1K2R w KQkq -,g2g4 f6d7 f3g3 a7a6 c1e3 f8e7 e1a1 b7b5 f2f4 b5b4,86
7b/k4K2/8/2N5/8/8/8/6B1 w - -,f7g8 h8a1 c5b3 a7a6 b3a1 a6b5 a1c2 b5c4 g8f7 c4d5,266
5r2/r3qBk1/7p/ppp1pQ2/8/P1PP3P/1P3PP1/6K1 w - -,g1e3 a7b8 f7e6 b8c7 e3f4 c7c6 f4e5 h8e5 e6e5 c6c5,Mate
b7/8/8/8/3K4/6k1/8/2Q5 w - -,g1e3 a7b8 f7e6 b8c7 e3f4 c7c6 f4e5 h8e5 e6e5 c6c5,Mate
8/pnp2k2/3p4/6p1/5p2/B1PP1R2/P1P2PP1/6K1 w - -,g2g3 f7g6 g3f4 g5g4 f3g3 g6f5 f2f3 g4f3 g1f2 b7d8,707
8/6K1/8/5k1p/8/4P3/8/8 w - -,d3d4 b7a5 g2g3 a5c4 a3c1 c4b6 g3f4 g5g4 f3g3 b6a4,Mate
2k5/8/2P5/2K5/4R3/8/8/r7 w - -,,0
rnbqkb1r/ppp2ppp/4p3/4p3/1n6/2N2N2/PPPP1PPP/R1BQKB1R w KQkq -,a2a3 b4c6 g2g3 f8d6 f1g2 c6d4 d2d3 e8h8 e1h1 d4f3,-71
r1b2rk1/1pq2pbp/1np3p1/p3p1B1/4P3/1BN2Q1P/PPP2PP1/R2R2K1 w - -,f3d3 c7d7 d3f3 d7c7 a2a4 f8e8 d1d6 c8h3 a1d1 h3e6,140
8/2K5/8/8/2R5/4k3/2P2r2/8 w - -,c7b6 f2e2 b6b5 e2d2 c4c8 d2d5 b5c6 d5d4 c6c5 d4h4,596
Q7/3k4/5R2/8/8/2P5/8/K7 w - -,c7d6 f2h2 d6c7 h2h1 c7c6 h1c1 c6d5 e3d2 d5e4 c1c2,Mate
r1bqkb1r/1p1n1ppp/p3pn2/1Bpp4/3P1P2/2P1P3/PP4PP/RNBQK1NR w KQkq -,b5e2 d8c7 g1f3 f8e7 a2a4 e8h8 e1h1 b7b6 f3e5 f6e4,-60
R7/8/4r3/5pkp/4p3/6P1/5P2/5K2 w - -,,0
b7/8/8/8/3K2k1/8/8/4Q3 w - -,f2f3 e4f3 f1f2 f5f4 f2f3 e6e3 f3f2 e3g3 a8g8 g5h4,Mate
2k5/8/2P5/2K1R3/8/8/8/1r6 w - -,,0
3rr1k1/pp4pp/8/5p2/1Pb1B3/5KP1/P4P1P/R1B4R w - -,e4b7 e8e7 b7c6 d8c8 b4b5 c8c6 b5c6 c4d5 f3f4 g7g5,360
r2q1rk1/ppp2pbp/3p1np1/3P4/3QP3/2N2P2/PPP1BP1P/R3K2R w KQ -,d4e3 f6h5 f3f4 d8h4 e2h5 h4h5 c3e2 f7f5 e1a1 a8e8,-72
r2qk2r/1p3ppp/p7/n1pp4/2P2Pp1/PP1PP3/3Q2PP/RN3RK1 w kq -,b3b4 c5b4 d2b4 d5c4 d3c4 a8c8 b1d2 f7f5 a1d1 d8c7,48
8/p6R/8/3kr3/P1pp3P/3K4/8/8 w - -,d3c2 e5e2 c2d1 e2h2 d1e1 c4c3 e1f1 c3c2 h7c7 h2h1,-646
3k1b1r/p2b1ppp/8/4n3/8/1BN1n2P/Pr1N1PP1/4RK1R w - -,f1g1 b2d2 e1e3 f7f6 c3e4 d2d4 g1h2 f8b4 h1b1 h8e8,-445
3q2k1/R4p1p/2pn2pP/1r2p3/4P2P/5Q2/2P2P2/1NK5 w - -,f1g1 b2d2 e1e3 f7f6 c3e4 d2d4 g1h2 f8b4 h1b1 h8e8,Mate
r1b2rk1/ppppqppp/2n5/8/4n3/2P2N2/PPP1BPPP/R1BQ1RK1 w - -,f1e1 f8e8 e2d3 d7d5 c3c4 e7d8 c4d5 d8d5 c1f4 c8f5,94
r4rk1/pp5p/1np1R1p1/3n4/3P3q/1BN4P/PPQ2PPK/R7 w - -,c3e4 a7a5 g2g3 h4h6 a1e1 a5a4 b3d5 b6d5 e6e5 h6g7,239
b7/8/4Q3/8/3K4/5k2/8/8 w - -,c3d5 c6d5 h2g1 a8c8 c2e2 h4d4 e6e7 f8f7 e7f7 g8f7,Mate
8/p6R/8/3k4/P2p3P/2p5/2K1r3/8 w - -,c2b1 d4d3 h7c7 e2e1 b1a2 d3d2 c7d7 d5c4 d7c7 c4d3,-9605
2k5/8/2P5/2KR4/8/8/8/r7 w - -,,0
R7/8/1r6/5pkp/4p3/5PP1/8/5K2 w - -,,0
r1bqk2r/ppp1n1bp/2n1ppp1/3p4/3P1B2/2PBP2P/PP1N1PP1/R2QK1NR w KQkq -,f4h2 e6e5 d4e5 c6e5 d3c2 e8h8 g1f3 c7c5 e1h1 e7c6,40
r1bqnrk1/pppn2b1/3p3p/3Pp1p1/P3Pp2/2N2NPP/1PPB1PB1/R2Q1RK1 w - -,f3e1 a7a5 e1d3 d7f6 d1e2 c8d7 g1h2 c7c6 f1g1 c6d5,-65
r1b2rk1/ppp1qppp/8/1P2p3/8/2N5/1PP2PPP/R2Q1RK1 w - -,f1e1 e7b4 c3d5 b4d6 d1f3 c8e6 e1d1 d6c5 b2b4 e6d5,-25
r1b1r1k1/ppppqppp/2n5/8/4n3/2P2N2/PPP1BPPP/R1BQR1K1 w - -,e2f1 e7f8 f3d4 c6d4 d1d4 c7c5 d4d3 d7d5 d3d5 e4c3,96
r1bq1rk1/p2n1pbp/2p3p1/2pp4/4Pp2/3P4/PPPNB1PP/R1B1QRK1 w - -,g1h1 d8e7 f1f4 f8e8 a1b1 a7a5 a2a4 c5c4 d3c4 d5e4,-124
4r1k1/6pp/2r1qp2/p2Q4/1bp4B/8/1P3PPP/2RR2K1 w - -,g1f1 e6d5 d1d5 c4c3 b2c3 c6c3 c1c3 b4c3 f2f3 e8a8,-274
r2q1rk1/1p3ppp/p7/n1pp4/2P2Pp1/PP1PP3/1Q4PP/RN3RK1 w - -,b1c3 d5d4 c3d5 d4e3 f4f5 f8e8 f5f6 g7g6 a1e1 h7h5,-4
6R1/8/6r1/5pkp/4p3/5PP1/8/5K2 w - -,,0
rnb1k2r/ppp2ppp/5q2/2bnN3/2B5/2N5/PPPP1PPP/R1BQK2R w KQkq -,d2d4 d5c3 b2c3 c8e6 e1h1 e6c4 e5c4 c5e7 a1b1 b7b6,229
8/p6R/8/3k4/P6P/2pp4/4r3/3K4 w - -,h7d7 d5c4 d7c7 c4b3 c7b7 b3a3 b7c7 c3c2 d1c1 e2e1,Mate
5rk1/p1rqbppp/bp3n2/3p4/3B4/1P3NP1/P2QPPBP/R2R2K1 w - -,a1c1 c7c1 d1c1 f8c8 f3e5 d7e6 c1c8 e6c8 e5d3 c8f5,47
5r1k/r3qB2/6Qp/ppp1p3/8/P1PP3P/1P3PP1/6K1 w - -,d1c1 f8c8 e2e3 f6e4 d2b2 c7c1 a1c1 e7f8 c1c8 d7c8,Mate
rn3rk1/1bq1bppp/1pp2n2/pP1p4/Q2P4/P4NP1/3NPPBP/R1B2RK1 w - -,f3e5 c6c5 c1b2 b8d7 a1c1 f8e8 e5d7 f6d7 d4c5 d7c5,35
r4rk1/ppp2pbp/3p2p1/3P3n/4PP1q/2N1Q3/PPP1BP1P/R3K2R w KQ -,e1a1 h5f4 c1b1 a7a6 d1g1 f4e2 e3e2 a8e8 f2f3 g7c3,-182
5Q2/3K3p/8/5q2/6k1/4P3/8/8 w - -,e1a1 h5f4 c1b1 a7a6 d1g1 f4e2 e3e2 a8e8 f2f3 g7c3,Mate
8/p2R4/8/8/P1k4P/2pp4/4r3/3K4 w - -,d7c7 c4b3 c7b7 b3a3 b7c7 c3c2 d1c1 e2e1 c1d2 e1d1,Mate
2k5/8/1KP5/3R4/8/8/8/1r6 w - -,,0
3k4/7Q/8/8/8/8/3K4/8 w - -,d5b5 b1a1 b5b3 a1a2 b3b1 a2c2 b1b5 c2d2 b5b4 d2g2,Mate
8/p1R5/8/8/P6P/1kpp4/4r3/3K4 w - -,c7b7 b3a3 b7c7 c3c2 d1c1 e2e1 c1d2 e1d1 d2e3 a7a5,Mate
8/3K3p/8/5k2/8/4P3/8/8 w - -,c7b7 b3a3 b7c7 c3c2 d1c1 e2e1 c1d2 e1d1 d2e3 a7a5,Mate
r1bqk2r/pp1p1ppp/4pn2/8/3nP3/2P5/P1P1BPPP/R1BQ1RK1 w kq -,d1d4 d8b6 e4e5 b6d4 c3d4 f6d5 a2a4 b7b6 a4a5 c8b7,158
r1b1rqk1/pppp1ppp/2n5/8/2B1n3/2P2N2/PPP2PPP/R1BQR1K1 w - -,c1g5 h7h6 g5h4 e4c5 d1d5 e8e1 a1e1 c5e6 b2b4 d7d6,82
1r3rk1/3q1pbp/p4n2/2pPpN2/P1p5/2N1B2P/1P2Q1P1/R5K1 w - -,a1f1 g8h8 f5g7 f6d5 c3d5 d7d5 g7f5 b8b7 e3g5 f7f6,292
r2q1rk1/1p3ppp/p1n5/3p4/1PP2Pp1/3PP3/1Q4PP/RN3RK1 w - -,b4b5 d8b6 c4c5 b6b5 b2b5 a6b5 b1c3 d5d4 e3d4 c6d4,-35
R7/8/6r1/5pkp/8/4pPP1/8/5K2 w - -,,0
8/8/2n5/8/1b6/3KB3/8/1k6 w - -,,0
1rr3k1/4ppbp/3p2p1/p2Q4/8/2q2P2/PPN3PP/K2RR3 w - -,e3f2 c6d4 d3c4 b4a5 c4d5 a5c7 f2h4 b1c2 h4e7 c2b3,Mate
8/6k1/2K2R2/6PP/8/8/8/7r w - -,f6g6 g7f7 g6h6 f7g8 c6d6 h1g1 h6g6 g8f7 g6f6 f7g7,555
rnbqk2r/ppp2ppp/5n2/2bp4/8/2N2N2/PPPPPPPP/R1BQKB1R w KQkq -,d2d4 c5b4 e2e3 e8h8 f1d3 c7c5 d4c5 c8g4 h2h3 g4h5,90
8/1R6/2k5/8/7P/2pp4/4r3/3K4 w - -,d2d4 c5b4 e2e3 e8h8 f1d3 c7c5 d4c5 c8g4 h2h3 g4h5,Mate
8/pnp5/3p2k1/6p1/5p2/B1PP1RP1/P1P2P2/6K1 w - -,g3f4 g5g4 f3g3 g6f5 f2f3 f5f4 g1f2 f4g5 f3g4 a7a5,706
r1bqnrk1/ppp3b1/3p1n1p/3Pp1p1/P3PpP1/2N2N1P/1PPB1PB1/R2Q1RK1 w - -,a4a5 f6g4 h3g4 c8g4 g1h2 g4d7 f1h1 g5g4 f3e1 e8f6,-58
8/R7/2k5/8/7P/3p4/2p1r3/3K4 w - -,a4a5 f6g4 h3g4 c8g4 g1h2 g4d7 f1h1 g5g4 f3e1 e8f6,Mate
8/8/3K4/5k1p/8/4P3/8/8 w - -,a4a5 f6g4 h3g4 c8g4 g1h2 g4d7 f1h1 g5g4 f3e1 e8f6,Mate
8/3K2k1/5R2/6Pr/8/8/8/8 w - -,,0
r1bqk2r/pp1p1ppp/4p3/8/3Pn3/8/P1P1BPPP/R1BQ1RK1 w kq -,e2d3 d7d5 c1a3 c8d7 c2c4 d8a5 c4d5 a5a3 d5e6 d7e6,48
rn2k2r/ppp2ppp/4bq2/2bnN3/2B5/2N5/PPPP1PPP/R1BQ1RK1 w kq -,c4d5 f6e5 d5b7 c5d6 g2g3 e5d4 d2d3 c7c6 c1e3 d4b4,541
r1b2rk1/ppp1q1pp/8/1P2pp2/8/2N2Q2/1PP2PPP/R4RK1 w - -,f3d5 g8h8 f1d1 e5e4 d5d4 c8e6 a1a7 a8a7 d4a7 b7b6,-22
rnbqk2r/ppp2ppp/3bp3/4N3/1n6/2N5/PPPP1PPP/R1BQKB1R w KQkq -,e5c4 e6e5 f1e2 c8e6 e1h1 b8c6 a2a3 b4d5 c3d5 e6d5,-10
r2q1rk1/1p3ppp/p1n5/8/1Pp2Pp1/3PP3/1Q1N2PP/R4RK1 w - -,b4b5 a6b5 a1a8 d8a8 b2b5 c4d3 b5d3 f8d8 d3c3 a8a2,-123
4rrk1/ppp2pbp/3p2p1/3P1P1q/4P3/2N1Q3/PPP2P1P/R3K2R w KQ -,e1d2 e8e7 c3e2 h5h4 f2f4 f8e8 e2g3 c7c6 d5c6 b7c6,-111
7R/8/5kr1/5p1p/8/4pPP1/8/5K2 w - -,,0
8/R7/2k5/8/7P/3p4/2p5/2K1r3 w - -,f1e2 g6g3 e2e3 f6g5 h8f8 g3h3 f8g8 g5f6 e3f4 h3h4,Mate
r2qr1k1/pp2npp1/1bp4p/3nNb2/1PBP4/2P5/P1Q2PPP/RNB1R1K1 w - -,c2b3 e7g6 e5f3 e8e1 f3e1 a7a5 b4a5 b6a5 c1d2 a5c7,-26
8/8/8/3K1k2/7p/4P3/8/8 w - -,c2b3 e7g6 e5f3 e8e1 f3e1 a7a5 b4a5 b6a5 c1d2 a5c7,Mate
8/pnp5/3p2k1/8/5p2/B1PP1R2/P1P2P2/6K1 w - -,f3f4 g6g7 f4c4 c7c5 g1f1 a7a5 c4h4 b7d8 a3c1 d8e6,725
r1bqkb1r/pp2pppp/2n5/2ppP3/4n3/1PN2N2/P1PP1PPP/R1BQKB1R w KQkq -,h2h3 a7a6 g2g3 g7g6 c1b2 f8g7 d1e2 c6e5 f3e5 g7e5,-43
8/R7/2k5/8/7P/3p4/1K6/2b1r3 w - -,b2c3 d3d2 a7a6 c6b5 a6d6 d2d1q d6d1 e1d1 h4h5 d1d5,Mate
r1bqnrk1/ppp3b1/3p1n2/3Pp1pp/P3PpP1/2N4P/1PPB1PBN/R2Q1RK1 w - -,f2f3 a7a5 c3a2 f6d7 b2b4 e8f6 c2c4 a5b4 d2b4 b7b6,-51
r1bqk2r/pp3ppp/4p3/3p4/3Pn3/3Q4/P1P1BPPP/R1B2RK1 w kq -,c1a3 c8d7 f2f3 e4f6 a1b1 d8c7 d3e3 d7c6 a3b4 h7h6,49
rnb1r1k1/ppppqppp/8/8/4n3/2P2N2/P1PPBPPP/R1BQ1RK1 w - -,f1e1 e7c5 d2d4 c5c3 a1b1 d7d5 b1b3 c3a5 e2d3 c8e6,47
rn2k2r/ppp2ppp/4b3/2bBq3/8/2N5/PPPP1PPP/R1BQ1RK1 w kq -,d5b7 c7c6 b7a8 c5d4 f1e1 e5f5 d1e2 e8h8 d2d3 f8c8,562
rnbqkb1r/pp2pp2/7p/2p1P1pn/8/2PB1N2/PP3PPP/RNBQK2R w KQkq -,b1a3 b8c6 h2h3 a7a6 e1h1 d8c7 d3e4 f8g7 f3e1 h5f4,93
8/8/6k1/3K4/4P2p/8/8/8 w - -,e1h1 b8c6 b1a3 f8g7 d1e2 g5g4 f1e1 c8d7 d3c2 d8b8,Mate
8/R7/2k5/8/7P/3p4/1K6/2n1r3 w - -,a7a8 d3d2 a8d8 d2d1q d8d1 e1d1 b2c2 d1h1 h4h5 c1e2,-605
rnb1r1k1/ppppqppp/8/8/8/2n2N2/PBPPBPPP/R2Q1RK1 w - -,e2d3 c3d1 a1d1 e7d8 d1e1 e8f8 f3d4 d7d6 e1e3 g7g6,-452
7R/8/5k2/5p1p/8/4pPr1/4K3/8 w - -,,0
r4rk1/1p2qppp/p1n5/8/1PP2Pp1/4P3/1Q1N2PP/R4RK1 w - -,b2c3 c6b4 a1a5 b4c6 a5g5 f7f5 c4c5 e7f6 c3c4 g8h8,-138
r2qk2r/pp1b1ppp/4p3/3p4/3Pn3/B2Q4/P1P1BPPP/R4RK1 w kq -,f2f3 e4f6 a1b1 d7c6 d3e3 d8c7 a3b4 h7h6 b1b3 f6d7,62
r1b1k2r/p1qnppbp/2pp1np1/1p6/3PPB2/P1PB1N2/1P3PPP/RN1Q1RK1 w kq -,h2h3 a7a5 f4h2 e8h8 a3a4 b5a4 b1d2 d7b6 e4e5 f6d5,64
r3k2r/pbpq1ppp/8/bp6/3p2n1/BB4QP/P4PP1/RN3RK1 w kq -,h3g4 e8a8 b3d1 h7h5 g4h5 g7g6 a3c1 g6h5 d1f3 h8g8,-71
8/R7/8/1k6/7P/2pp4/4r3/3K4 w - -,a7c7 b5b4 c7b7 b4a4 b7c7 c3c2 d1c1 a4b3 c7b7 b3c4,Mate
rn1qkbnr/pp1b1ppp/4p3/2pp4/3P4/1PP1P3/P4PPP/RNBQKBNR w KQkq -,g1f3 b8c6 f1d3 f8d6 e1h1 g8f6 b1d2 e6e5 d4c5 d6c5,26
rnb1r1k1/pppp1ppp/8/8/8/2B2N2/P1PPqPPP/R2Q1RK1 w - -,f1e1 e2d1 a1d1 e8d8 h2h4 f7f6 h4h5 h7h6 f3d4 d7d6,-97
r1bqkb1r/pp2pppp/2n5/1BppP3/8/1Pn2N2/P1PP1PPP/R1BQK2R w KQkq -,e5e6 c3d1 e6f7 e8f7 b5c6 b7c6 e1h1 d8d6 f1d1 c8g4,-715
r2qnrk1/ppp2pp1/3p3p/n2P2b1/8/2PB4/P4PPP/R1BQR1K1 w - -,f2f4 g5f6 d3c2 c7c6 g2g4 g7g6 a1b1 f6c3 e1f1 d8f6,-346
rn1q1rk1/pbp3pp/1p6/3p1p2/3Pn3/P1BBPN2/1P3PPP/R2Q1RK1 w - -,c3e1 b8d7 b2b4 c7c6 f3e5 d8e8 f2f3 e4d6 e1c3 e8e7,85
rn1qkb1r/pppb1ppp/3pp3/8/2PPPP1n/3B1N2/PP4PP/RNBQK2R w KQkq -,f3h4 d8h4 g2g3 h4e7 b1c3 g7g6 c1e3 f8g7 d1d2 b8c6,85
r1bqkb1r/ppp2p2/3p1n1p/n3p1p1/4P3/1BNPBN2/PPP2PPP/R2QK2R w KQkq -,d3d4 e5d4 f3d4 f8g7 f2f3 a5b3 d4b3 c8e6 d1d2 f6d7,71
3r2k1/pp3ppp/8/8/1P6/4K1P1/P4P1P/R1B4b w - -,,0
4r1k1/6pp/5p2/p7/1bp1q2B/5Q1P/1P3PP1/3R2K1 w - -,f3e3 e4e3 f2e3 e8e3 d1c1 e3e2 c1c4 e2b2 h4f2 a5a4,-382
r2qr1k1/pp2npp1/1bp4p/3nN3/1P1P4/2Pb4/P1Q2PPP/RNB1R1K1 w - -,e5d3 e7g6 c1d2 a7a5 e1e8 d8e8 b4a5 b6a5 c3c4 d5f4,-6
8/pnp5/3p4/6k1/5R2/B1PP4/P1P2P2/6K1 w - -,f4f7 b7d8 f7c7 g5f6 c7a7 d8f7 g1f1 f7e5 a7a6 f6e6,832
rn1qkb1r/pp1bpppp/5n2/2Pp4/8/2P1P3/PP3PPP/RNBQKBNR w KQkq -,b2b4 b7b6 c5b6 a7b6 b4b5 e7e5 c1b2 f8d6 g1f3 d7g4,49
rnb3k1/pppp1ppp/8/8/8/2B2N2/P1PPrPPP/R4RK1 w - -,a2a4 b8c6 a4a5 d7d6 f1b1 a7a6 h2h3 f7f6 f3h2 e2e4,-89
r4rk1/pp2pp1p/3pb1p1/8/4P1P1/1PN4P/1PP3P1/R4RK1 w - -,c3d5 e6d5 e4d5 f8c8 c2c3 a7a5 f1f4 g6g5 f4a4 c8c5,-1
r4rk1/1p2qppp/p7/8/1nP2Pp1/R3P3/1Q1N2PP/5RK1 w - -,b2e5 e7e5 f4e5 b4c6 f1b1 c6e5 b1b7 f8d8 a3a2 h7h5,-149
8/8/6k1/3KP3/8/7p/8/8 w - -,b2e5 e7e5 f4e5 b4c6 f1b1 c6e5 b1b7 f8d8 a3a2 h7h5,Mate
r2qkb1r/pp2pppp/2n5/1BppP3/6b1/1PP2N2/P1P2PPP/R1BQK2R w KQkq -,b5c6 b7c6 h2h3 g4f5 f3h4 f5e4 f2f3 e7e6 g2g3 e4g6,23
8/1b6/8/4KQ2/8/8/4k3/8 w - -,e1h1 e7e6 c3c4 f8e7 h2h3 g4h5 c4d5 e6d5 c2c4 d5d4,Mate
7R/8/5k2/7p/5p2/4KPr1/8/8 w - -,,0
2kr3r/pbpq1ppp/8/bp6/3p2P1/BB4Q1/P4PP1/RN3RK1 w - -,a3c1 h7h5 c1d2 a5d2 b1d2 h5g4 f2f3 d4d3 g3g4 f7f5,-139
rnb1r1k1/pppp1ppp/8/8/3N4/2B5/P1PP1PPP/R4RK1 w - -,a2a4 b8a6 f1b1 d7d6 a4a5 h7h6 d2d3 b7b6 a5b6 a7b6,-65
r2qk2r/pp2bppp/2np1n2/4p1B1/4P1b1/N1N5/PPP2PPP/R2QKB1R w KQkq -,f1e2 g4e2 e1e2 f6g4 g5e7 d8e7 c3d5 e7h4 g2g3 h4h3,1
r2qk2r/pp3ppp/2b1p3/3p4/2PPn3/B2Q4/P3BPPP/R4RK1 w kq -,a1c1 f7f5 e2h5 g7g6 h5f3 e4f6 c4d5 f6d5 f3d5 d8d5,46
r4rk1/pp5p/1np1R1p1/3n4/3PQ3/1BN4P/PP3qPK/R7 w - -,c3d5 b6d5 b3d5 c6d5 e4d5 f8f7 e6e7 a8c8 h2h1 g8g7,157
6k1/6pp/5p2/p3r2Q/1bp1q2B/7P/1P3PP1/3R2K1 w - -,f2f3 e5h5 d1d8 g8f7 f3e4 h5h4 g1f2 h4e4 d8d7 f7e6,-578
8/8/8/5Bk1/8/5Q2/3K4/8 w - -,f2f3 e5h5 d1d8 g8f7 f3e4 h5h4 g1f2 h4e4 d8d7 f7e6,Mate
r3k3/pppq2rp/2n1b3/5p2/2pN3R/6P1/PPP2P1P/RN1Q2K1 w - -,b1c3 a8d8 d4c6 d7c6 d1h5 e8f8 a1e1 d8d6 h4f4 g7f7,188
2r3k1/1b1r1pbp/pB4p1/3Pn3/8/3B1P2/P1RRN1PP/6K1 w - -,e2c1 c8c2 d2c2 e5d3 c1d3 d7d5 c2c7 d5d3 c7b7 d3d1,-21
r3k2r/pp3ppp/2b1p3/3q4/3Pn3/B2Q4/P3BPPP/R4RK1 w kq -,a1c1 a8d8 f1d1 f7f5 e2h5 g7g6 h5f3 e8f7 d3e3 d8d7,9
7R/8/5k2/8/5K1p/5Pr1/8/8 w - -,,0
rnbq1rk1/p3bppp/2pppn2/1p1P2B1/2B1P3/2N2N2/PPP2PPP/R2QK2R w KQ -,c4b3 e6d5 e4d5 f6d5 c3d5 e7g5 e1h1 b8a6 f1e1 c8g4,-98
r1b2rk1/ppp2qpp/8/1P1N1p2/4p3/5Q2/1PP2PPP/R2R2K1 w - -,f3e3 c8e6 d5f4 b7b6 b2b3 f7e7 g2g3 e6f7 f4d5 f7d5,-35
r1bqr1k1/ppp1bppp/2n2n2/3p4/4P2P/3P2Q1/PPP1BPP1/RNB1K1NR w KQ -,b1c3 e7d6 c1f4 c6b4 a1d1 b4c2 e1f1 d6f4 g3f4 c2d4,-37
rnbqr1k1/ppp2ppp/5n2/b2pP3/3P4/P1N2P2/1P4PP/R1BQKBNR w KQ -,g1e2 c7c5 e5f6 b8c6 d4c5 d5d4 e1f2 d4d3 e2f4 d8d4,51
rn1q1rk1/p1p3pp/1p6/3p1p2/3Pn3/P1B1PN2/1P3PPP/R2Q1RK1 w - -,c3e1 d8d6 f3e5 b8d7 e5d3 e4f6 h2h3 c7c5 a1c1 a7a5,69
6k1/6pp/5p2/p7/2p3PB/8/1P1b1PP1/5K2 w - -,g2g3 a5a4 f1e2 d2c1 e2d1 c1b2 d1c2 b2d4 g4g5 f6g5,-533
6k1/3r1p1p/pB4p1/3bb3/2R5/2N2P2/P5PP/6K1 w - -,f3f4 d5c4 f4e5 f7f5 e5f6 d7d6 b6f2 d6f6 a2a4 f6f4,-477
r2r2k1/1p2qppp/p7/8/1nP1PPp1/R7/1Q1N2PP/5RK1 w - -,a3c3 e7c5 g1h1 b4d3 d2b3 c5e3 b3c1 d3b2 c3e3 b2c4,-370
8/2p2pkp/p5p1/2P5/1P4P1/2q4P/P4P2/3Q2K1 w - -,a2a3 c7c6 g1g2 c3a3 d1d4 g7g8 g4g5 a3a4 d4d8 g8g7,37
3rr1kn/p4ppp/b1p2P2/2Bq4/N2p4/1P1P4/P1P2QPP/R4RK1 w - -,c5e7 d8a8 a1e1 g7g5 a4c5 a6c8 e1e4 h8g6 e4d4 d5e5,448
r1bq1rk1/p3ppbp/2p2np1/2pp4/5P2/3PP3/PPP1B1PP/RNBQ1RK1 w - -,g1h1 a7a5 b1d2 f8e8 e3e4 e7e5 f4f5 c5c4 d1e1 c4d3,-39
1q4k1/p1r2pp1/BpP1rn2/1Q1pp2p/PP6/5PP1/4P2P/2RR2K1 w - -,d1d5 f6d5 b5d5 b8f8 a6d3 f8d6 d3e4 f7f5 c1d1 c7c6,13
8/K7/8/6N1/4n3/6N1/6pn/6k1 w - -,a6b7 d5d4 e2e3 f6e8 b5d5 e8d6 e3d4 d6b7 d4e5 b7c5,Mate
6k1/5p1p/pB4p1/3rb3/2R5/5P2/P5PP/6K1 w - -,b6e3 d5d1 g1f2 e5h2 c4a4 h2g1 f2e2 d1b1 e3g1 b1g1,-1
5R2/p1p5/3p4/2n3k1/8/B1PP4/P1P2P2/6K1 w - -,a3c5 d6c5 c3c4 g5h5 g1f1 h5g4 f1g2 g4g5 g2f3 g5g6,968
rnb3k1/pppp1ppp/8/8/3N4/2B5/P1PP1PPP/R3r1K1 w - -,a1e1 g8f8 d4b5 b8a6 c3b4 d7d6 b5c7 a6c7 b4d6 f8g8,73
8/8/5k2/8/5K1R/5P2/8/6r1 w - -,,0
r2q1rk1/ppp2ppp/1b2bn2/8/2P1p3/2NBP3/PP3PPP/R1BQ1RK1 w - -,d3e2 d8e7 d1c2 e6d7 c3d5 f6d5 c4d5 f8e8 f1d1 e7g5,-27
rn1qkbnr/pp3ppp/4p3/2ppPb2/8/2P5/PP1PQPPP/RNB1KBNR w KQkq -,g1f3 b8c6 d2d4 a7a6 d4c5 f8c5 g2g3 g8e7 f1g2 d8c7,-80
rnb2k2/pppp1ppp/8/8/3N4/2B5/P1PP1PPP/4R1K1 w - -,c3b4 d7d6 d4b5 b8a6 b5c7 a6c7 b4d6 f8g8 e1e7 c8f5,87
6k1/6pp/5p2/B7/6P1/2p2P2/1b4P1/5K2 w - -,f1e1 c3c2 a5d2 c2c1q d2c1 b2c1 e1e2 g8f7 e2d3 c1b2,-625
r1bqk2r/ppp2ppp/8/2bpp3/3nP1n1/1P3N2/PBPN1PPP/R2QKB1R w KQkq -,b2d4 e5d4 f1d3 g4f6 e1h1 e8h8 a2a3 c5b6 b3b4 d5e4,-98
r4rk1/ppp2qpp/4b3/1P1N1p2/4pQ2/8/1PP2PPP/R2R2K1 w - -,c2c4 e6d5 d1d5 c7c6 b5c6 b7c6 d5c5 f7d7 h2h3 a8b8,-28
rnb2k2/ppp2ppp/3p4/8/1B1N4/8/P1PP1PPP/4R1K1 w - -,f2f3 c8d7 b4c3 c7c5 d4e2 b7b6 e1b1 b8c6 g1f2 a8b8,-161
8/4k3/7R/8/5K2/5P2/8/6r1 w - -,,0
r1b2k1r/p4ppp/3p4/b7/1p1p2n1/1B5P/PB3PP1/RN2R1K1 w - -,h3g4 h7h5 b2d4 h5g4 b1d2 h8h5 a1d1 c8d7 d2e4 a5c7,299
r1b2k2/ppp2ppp/n2p4/1N6/1B6/8/P1PP1PPP/4R1K1 w - -,b5c7 a6c7 b4d6 f8g8 e1e7 f7f6 e7c7 b7b6 d6b4 a7a5,83
2rq1rk1/p2n2pp/1p6/2pp1p2/3Pn3/P1B1PN2/1P3PPP/R2Q1RK1 w - -,f3e5 d7e5 d4e5 d8d7 f2f3 e4g5 d1b3 c8d8 a1d1 d7c6,-32
r1bq1rk1/p3ppbp/2p2np1/2p5/N4P2/3Pp3/PPP1B1PP/R1BQ1RK1 w - -,c2c3 d8a5 c1e3 f6d5 e3d2 d5b6 a4b6 a5b6 d1b3 c8e6,-28
rn1qrbk1/1b3p1p/2pp1np1/p2Pp3/1pP1P3/1P3N1P/P1B2PP1/RNBQR1K1 w - -,b1d2 d8c7 d2f1 c6d5 c4d5 b8d7 c1g5 b7a6 c2d3 a6d3,31
r1b1k2r/p1qn1pbp/2pp1np1/1p2p3/3PPB2/P1PB1N1P/1P3PP1/RN1Q1RK1 w kq -,f4h2 e8h8 f1e1 a7a6 b2b4 a6a5 b1d2 c8a6 d1e2 f8e8,77
rnbqk2r/pp2ppbp/2pp2p1/8/2P1n3/3P2P1/PP2PPBP/R1BQK1NR w KQkq -,g1f3 d8a5 f3d2 e4d2 c1d2 a5c7 b2b4 g7a1 d1a1 f7f6,-451
2r2rk1/ppN2qpp/4b3/1P3p2/4pQ2/8/1PP2PPP/R2R2K1 w - -,c7a6 b7a6 a1a6 e6c4 f4e5 f5f4 e5e4 c4b5 a6e6 f4f3,-341
5rk1/ppp1rp1p/3p2p1/3P1P1q/4P3/2b3Q1/PPPK1P1P/R6R w - -,d2c3 e7e4 a1e1 f8e8 e1e4 e8e4 f5g6 h7g6 b2b3 h5h8,-328
8/8/3K2k1/4P3/8/8/7p/8 w - -,d2c3 e7e4 a1e1 f8e8 e1e4 e8e4 f5g6 h7g6 b2b3 h5h8,Mate
r1bqkbnr/pp2p2p/2n2p2/3p2p1/3P1B2/2P5/PP1N1PPP/R2QKBNR w KQkq -,d1h5 e8d7 f4g3 g8h6 h2h4 h6f5 h4g5 f5g3 f2g3 e7e5,147
r2qrbk1/1b3p1p/n1pp1np1/p2Pp3/1pP1P3/1P2BN1P/P1B2PP1/RN1QR1K1 w - -,b1d2 f8g7 f3h2 e8f8 d2f1 f6h5 h2f3 a8c8 a1c1 a6c5,28
r2r2k1/1p2qppp/p7/4P3/2P2Pp1/R7/1QnN2PP/5RK1 w - -,a3c3 e7c5 g1h1 d8d2 b2c1 c2e3 f1e1 e3g2 c1d2 g2e1,-371
8/K6p/6p1/1Bk2p2/n7/5P2/8/8 w - -,a7a6 a4c3 b5f1 h7h5 f1g2 c5d4 a6a5 h5h4 g2h1 h4h3,-748
8/5pkp/pB4p1/1r2b3/8/5P2/P5PP/2R3K1 w - -,b6d8 b5b2 a2a3 e5d4 g1h1 b2a2 d8e7 d4b2 c1d1 b2a3,-46
2r2rk1/pp4pp/4q3/1P3p2/4pQ2/8/1PP2PPP/R2R2K1 w - -,,0
r1b2rk1/pp1nb2p/2n1p1p1/2ppP1P1/3P1P2/2PNB3/1P4P1/3QK2R w - -,d1g4 c5d4 c3d4 f8f7 g4h4 c6d8 d3f2 e7f8 f2g4 a7a5,-109
rn2k2r/pBp2ppp/4b3/2b3q1/8/2N5/PPPP1PPP/R1BQ1RK1 w kq -,d2d4 g5d8 d4c5 b8d7 b7a8 d8a8 f1e1 a8c6 d1d5 c6d5,681
r3k2r/pb3ppp/1qnRp3/1p1nP1N1/2p5/2N5/1PQ1BPPP/5RK1 w kq -,c3d5 c6d4 d5b6 d4c2 b6a8 b7a8 e2f3 a8f3 g5f3 e8e7,453
6k1/pp3r1p/1np1Q1p1/3n4/3P3q/1BN4P/PP3PPK/R7 w - -,c3e4 h4e7 e6e7 f7e7 e4c5 g8g7 a1c1 h7h5 g2g3 h5h4,131
r2qrbk1/1b3p1p/2pp1np1/p1nPp3/1pP1P3/1P2BN1P/P1BN1PP1/R2QR1K1 w - -,a2a3 c5a6 d2f1 b4a3 a1a3 a6b4 c2b1 f6h5 f1g3 h5f4,45
5R2/p1p5/3pn3/6k1/8/B1PP1P2/P1P5/6K1 w - -,a3c1 g5g6 f8a8 g6f7 a8a7 f7e7 a2a4 e7d8 a4a5 c7c6,768
5rk1/ppp2p1p/3p2p1/3P1P1q/4r3/2K3Q1/PPP2P1P/R6R w - -,h1e1 f8e8 e1e4 e8e4 c3b3 h5f5 g3d3 f5f4 c2c3 e4e5,-374
r4rk1/pbq1nppp/1p6/3pp3/PP6/2P1BN2/3Q1KPP/RN3R2 w - -,b1a3 e7g6 a3b5 c7c6 h2h4 h7h5 f2g1 a7a6 b5a3 f7f5,72
r2q1rk1/pp2bppp/2np1n2/4p1B1/2N1P1b1/2N5/PPP2PPP/R2QKB1R w KQ -,,0
8/4k3/7R/5K2/8/5P2/8/r7 w - -,,0
1bk5/1rqn2p1/p2p3p/P1p5/2P1PB1p/2PB4/Q3R1P1/6K1 w - -,e4e5 d6e5 f4h2 c8d8 d3e4 b7a7 a2b1 c7a5 e4f5 a5b6,146
8/8/3KP1k1/8/8/8/8/7q w - -,e4e5 d6e5 f4h2 c8d8 d3e4 b7a7 a2b1 c7a5 e4f5 a5b6,Mate
rnbqk2r/pppp1p1p/5bp1/8/3PP3/8/PPP3PP/R1BQKBNR w KQkq -,g1f3 d7d5 e4e5 f6h4 g2g3 h4e7 c1h6 c7c5 f1b5 b8c6,94
3B4/5pkp/p5p1/4b3/8/5P2/Pr4PP/2R3K1 w - -,h2h3 b2a2 c1c6 e5g3 d8f6 g7h6 c6c4 a2e2 f6c3 f7f5,-133
r3r1k1/1pq2pbp/1np1b1p1/p3p1B1/P3P3/1BN2Q1P/1PP2PPK/R2R4 w - -,b3e6 e8e6 d1d3 h7h6 g5h4 e6d6 d3d6 c7d6 a1d1 d6e6,42
r3k2r/pb3ppp/1qnRp3/1p2PnN1/2p5/2N5/1PQ1BPPP/5RK1 w kq -,g5f7 e8f7 c3d5 b6d4 d6d7 c6e7 f1d1 b7d5 d1d4 f5d4,-248
2rq1rk1/1p1n1ppp/5n2/1P1p4/3p4/2NQPN2/5PPP/R4RK1 w - -,e3d4 f8e8 h2h3 d7b6 f3e5 f6e4 a1c1 e4d6 d3f3 d8g5,-26
r2qnrk1/ppp1bp2/3p3p/n2P4/8/2PB1N2/P4PPP/R2QR1K1 w - -,d1a4 c7c6 a4e4 f7f5 e4e7 d8e7 e1e7 c6d5 f3h4 e8g7,169
r5k1/1pq2pbp/1np1r1p1/p3p1B1/P3P3/2N2Q1P/1PP2PPK/R2R4 w - -,d1d3 h7h6 g5e3 b6c4 a1d1 e6f6 f3e2 c4e3 e2e3 c7e7,36
rnbqkb1r/p1pppp1p/1p3np1/8/3P1B2/8/PPPNPPPP/R2QKBNR w KQkq -,e2e4 c8b7 e4e5 f6d5 f4g3 f8h6 h2h4 d7d6 h4h5 d6e5,42
5R2/p1p5/3p4/6k1/5n2/B1PP4/P1P5/6K1 w - -,a3c1 g5g6 f8f4 d6d5 g1f2 g6h7 f2f3 h7g7 f3g4 g7g6,991
rnbqkb1r/pp1ppp1p/2n3p1/4P3/2Pp1B2/P4N2/1P3PPP/RN1QKB1R w KQkq -,b1d2 f8g7 f1d3 d7d6 e5d6 e7e5 f4g3 d8d6 e1h1 c8e6,-32
1br1k3/1p1bnp1r/1q2pB2/p2pP1PP/P2p1P2/1N1P4/1P6/R2QR1K1 w - -,a1c1 c8c1 b3c1 b6b2 h5h6 e7f5 c1e2 d7c6 d1c1 b2b4,-185
6k1/pp3r1p/1n2Q1p1/3p4/3P3q/1B5P/PP3PPK/R7 w - -,b3d5 b6d5 e6d5 h4f2 a1d1 f2e2 d5b3 g8g7 d1g1 e2e4,99
r5k1/1p3ppp/p7/2q1P3/2P2Pp1/2R5/1Qnr2PP/5R1K w - -,b2c1 c2e3 f1e1 e3g2 c1d2 g2e1 d2e1 a8d8 h1g2 h7h5,-386
4q1rk/p2R3r/1pb1pb2/2p1Np2/2P2P2/1PB3P1/P6P/3R2K1 w - -,e5c6 h7d7 c3f6 h8h7 d1d7 e8d7 c6e5 d7d1 g1f2 d1d2,-820
8/8/3kb3/4b2r/8/R7/5R2/3K4 w - -,a3a6 d6e7 f2e2 e6c4 a6c6 c4b3 d1d2 e7d7 c6b6 b3c4,8
8/4P3/3K2k1/8/4q3/8/8/8 w - -,a3a6 d6e7 f2e2 e6c4 a6c6 c4b3 d1d2 e7d7 c6b6 b3c4,Mate
2r3kr/pb3Rpp/5p2/6P1/1pB5/8/Pb1N1PP1/R5K1 w - -,f7b7 c8c4 d2c4 b2a1 b7b8 g8f7 b8h8 f6g5 g1f1 f7e6,589
r2qk1nr/pbpp1ppp/1pn5/2b5/4P3/P1N1Q3/1PP2PPP/R1B1KBNR w KQkq -,e3g3 g8f6 c1d2 d8e7 e1a1 e8a8 d1e1 d8e8 f2f3 c5a3,34
rnb2rk1/pppp1ppp/8/8/3N4/2B5/P1PP1PPP/R3R1K1 w - -,,0
3k4/7R/8/5K2/8/5P2/8/r7 w - -,,0
8/4k3/R3b3/4b2r/8/8/5R2/3K4 w - -,a6a7 e7d6 a7a6 d6e7 f2e2 e6c4 a6c6 c4b3 d1d2 e7d7,6
2q5/pp1bpk2/1n1pN1p1/3PbpP1/1P3N2/P2QP3/5P2/5BK1 w - -,,0
8/R7/3kb3/4b2r/8/8/5R2/3K4 w - -,a7a6 d6e7 a6a7 e7d6 f2d2 d6c5 d1e2 c5c4 e2e3 e6f5,2
rnbq1rk1/pp2ppbp/2pp1np1/8/P2PP3/2N2P2/1PP1N1PP/R1BQKB1R w KQ -,c1e3 b8d7 d1d2 e7e5 e1a1 f8e8 g2g4 d6d5 g4g5 f6h5,47
8/3KP3/6k1/3q4/8/8/8/8 w - -,e2g3 b8d7 c1g5 d6d5 d1d2 d5e4 c3e4 d8c7 h2h4 f6e4,Mate
6k1/pp3r1p/6p1/3Q4/3P4/7P/PP3qPK/R7 w - -,a1d1 f2e2 d1c1 g8g7 d5e5 e2e5 d4e5 f7d7 c1c8 g6g5,94
6kr/pR4pp/5p2/6P1/1pr5/8/Pb1N1PP1/R5K1 w - -,d2c4 b2a1 b7b8 g8f7 b8h8 f6g5 h8b8 a1c3 b8b7 f7e6,575
rn1qk1nr/1ppbb3/p3p2p/3pP1p1/3P4/2P1BN2/PP3PP1/RN1QKB1R w KQkq -,f3g5 e7g5 d1h5 e8f8 e3g5 d8e8 h5f3 e8f7 b1d2 d7b5,330
rnb2r2/ppppNkpp/5p2/8/8/2B5/P1PP1PPP/R3R1K1 w - -,h2h4 c7c5 e1e3 f8e8 a1e1 b8a6 e7f5 e8e6 d2d4 c5d4,-23
r4rk1/p3npp1/1p2p3/P2pPb1p/3N3P/8/1RP1BPP1/4R1K1 w - -,e2h5 f5h7 e1a1 a8c8 a5b6 a7b6 b2b6 h7c2 h5e2 e7f5,6
2q5/pp1bpk2/1n1pN1p1/3P1pP1/1P3b2/P2QP2B/5P2/6K1 w - -,e6f4 b6c4 h3g2 c4e5 d3d2 c8h8 d2d4 h8h4 f4e6 h4d4,-18
r3r1k1/2pq1ppp/2p2b2/p2p1b2/P7/1P1P2Q1/1P1B1PPP/RN2R1K1 w - -,b1c3 e8b8 d2f4 b8b3 f4e5 f6e5 e1e5 b3b2 a1e1 f5e6,-187
r5k1/1p3ppp/p7/4P3/2P2Pp1/8/1QRr1qPP/5R1K w - -,f1g1 d2c2 b2b7 a8d8 b7b1 g4g3 e5e6 f7e6 b1f1 d8f8,-759
2k5/brqn4/p2p3p/P1p3p1/2P1PB1p/2PB4/Q3R1P1/6K1 w - -,,0
rn1qk1nr/1ppb4/p3p2p/3pP1p1/3P4/b1P1BN2/PP3PP1/R2QKB1R w KQkq -,b2a3 d8e7 f3g5 e8d8 c3c4 d8c8 a1c1 b8c6 d1b3 c6a5,327
r1b2r2/pppp1kpp/n4p2/3N4/8/2B5/P1PP1PPP/R3R1K1 w - -,g2g4 b7b6 e1e7 f7g8 a1e1 c8b7 d5e3 f8e8 e3f5 g8f8,-10
1r3rk1/5pbp/p4n2/2pPpN2/P1p5/2N1B2P/1q4P1/R3Q1K1 w - -,a1a2 b2b6 a4a5 b6c7 e1h4 f6e8 d5d6 c7d8 f5e7 g8h8,200
rnb1k2r/2qp1pp1/p2bpn2/1p5p/4P3/1NNB2P1/PPP2P1P/R1BQR1K1 w kq -,e4e5 d6e5 e1e5 d7d6 e5e1 h5h4 c1f4 e6e5 g3h4 h8h4,316
rnb1k2r/1p1p1ppp/1q2pn2/2b5/p1P5/P4N2/1B1PPPPP/RN1QKB1R w KQkq -,d1c2 c5f2 e1d1 f2c5 b2f6 g7f6 b1c3 b6b3 d2d4 c5e7,-49
2q5/pp1bpk2/3p2p1/3P1pP1/1Pn2N2/P2QP2B/5P2/6K1 w - -,h3g2 c4e5 d3d2 c8h8 d2d4 h8h4 f4e6 h4d4 e6d4 e5c4,-6
6rk/p2R3r/1pb1pbq1/2p2p2/2P2P2/1PB3P1/P6P/3R2K1 w - -,d7h7 h8h7 c3a5 b6a5 d1d3 g6h5 g1f1 h5h2 a2a3 h2g2,-1465
r1b1k1nr/ppqpppbp/2n3p1/8/4P3/2PB1N2/PP3PPP/RNBQR1K1 w kq -,b1a3 a7a6 a3c4 d7d6 c4e3 g8f6 e3d5 c7a5 d3c4 e8h8,85
6rk/p2R3r/1pb1pq2/2p2p2/2P2P2/1P4P1/P6P/3R2K1 w - -,c3c4 d7d6 h2h3 g8f6 c1d2 f6d7 b1c3 d7c5 d3f1 c7d8,Mate
rnbq1rk1/pp3pbp/2pp1np1/4p3/P2PP2P/2N2P2/1PP1N1P1/R1BQKB1R w KQ -,c1e3 e5d4 e3d4 d6d5 h4h5 d5e4 h5h6 g7h8 c3e4 f6e4,-25
r1b1kb1r/ppq3pp/2n1p3/1B1nNp2/4Q3/2P5/PP1N1PPP/R1B1K2R w KQkq -,e4d4 f8d6 e5c4 e8h8 b5c6 b7c6 c4d6 c7d6 d2c4 e6e5,3
1r3rk1/5pbp/pq3n2/2pPpN2/P1p5/2N1B2P/R5P1/4Q1K1 w - -,a4a5 b6c7 e1h4 f6e8 d5d6 c7d8 f5e7 g8h8 c3e4 f7f6,181
r1bq1rk1/pp2nppp/2npp3/8/2B1P3/P1b2N2/1P2QPPP/R1BR2K1 w - -,b2c3 d8c7 a3a4 f8d8 f3d4 a7a6 d4c6 e7c6 c1a3 c6a5,-28
r1b1k2r/ppp1qppp/3p4/1n2n3/P7/5N2/1PP2PPP/RN1QR1K1 w kq -,b1d2 b5c3 b2c3 e8h8 a4a5 c8g4 h2h3 g4h5 g2g4 h5g6,-138
rn1qk1nr/1pp2ppp/1p1pb3/4p3/4P3/6P1/PPPP1PBP/R1BQK1NR w KQkq -,d2d4 e5d4 d1d4 g8f6 g1e2 b8c6 d4c3 d6d5 e1h1 e8h8,32
6r1/p6k/1pb1pq2/2p2p2/2P2P2/1P4P1/P6P/3R2K1 w - -,d2d3 b8c6 f2f4 e5f4 c1f4 d6d5 e4d5 e6d5 g1f3 g8e7,Mate
2K5/4P3/4q1k1/8/8/8/8/8 w - -,d2d3 b8c6 f2f4 e5f4 c1f4 d6d5 e4d5 e6d5 g1f3 g8e7,Mate
3b4/8/8/1PK5/3B4/3k4/8/8 w - -,d4e5 d8a5 e5d4 a5c7 d4h8 c7d8 c5d5 d8c7 h8f6 c7a5,15
r1b1k2r/ppq3pp/2nbp3/1B1nNp2/3Q4/2P5/PP1N1PPP/R1B1K2R w KQkq -,,0
4rrk1/pbpn2pp/1p1ppq2/5p2/2PPn3/P1BBPN2/1P3PPP/R2Q1RK1 w - -,d1a4 e4c3 b2c3 e8e7 a4a7 b7f3 g2f3 f5f4 g1h1 f6h4,-92
3K4/4P3/3q2k1/8/8/8/8/8 w - -,d1a4 e4c3 b2c3 e8e7 a4a7 b7f3 g2f3 f5f4 g1h1 f6h4,Mate
rnbqkb1r/ppp2ppp/4pn2/8/4P3/3P1N2/PP3PPP/RNBQKB1R w KQkq -,b1c3 c7c5 d3d4 c5d4 f3d4 e6e5 f1b5 c8d7 b5d7 d8d7,27
r2qnrk1/ppp1bp2/7p/n2Pp3/8/2PB4/P4PPP/R2QR1K1 w - -,e1e5 e8g7 d5d6 d8d6 e5a5 f8d8 d3e2 d6d1 e2d1 e7f6,-470
1r3rk1/2q2pbp/p4n2/P1pPpN2/2p5/2N1B2P/R5P1/4Q1K1 w - -,e1h4 f6e8 d5d6 c7d8 f5e7 g8h8 c3e4 f7f6 e7g6 h8g8,200
rnbq1rk1/ppp2pb1/3p1npp/4p3/2B1P3/2PP1NP1/PP3P1P/RNBQ1RK1 w - -,f1e1 c7c6 d3d4 e5d4 e4e5 f6d5 c3d4 d6e5 f3e5 b8d7,-51
6k1/pp3r1p/6p1/3Q4/3P1q2/7P/PP4PK/3R4 w - -,h2h1 g8g7 d5e6 f4f6 e6c4 f7d7 c4a4 f6e6 a4a7 e6e2,108
r1b2rk1/ppp1qppp/8/1P2p3/8/8/1PP2PPP/RN1QR1K1 w - -,d1e2 f7f6 e2e4 a8b8 b1c3 a7a6 b5a6 b7a6 b2b3 c8b7,-46
rnbqk2r/ppp2ppp/4pn2/2b5/4PB2/3P1N2/PP3PPP/RN1QKB1R w KQkq -,d3d4 c5b4 f4d2 b4d2 b1d2 e8h8 d1c2 b7b6 a1c1 c7c5,50
r2q1rk1/pp2bppp/3p1n2/4p1B1/2NnP1b1/2N5/PPPQ1PPP/R3KB1R w KQ -,c4e3 g4e6 h2h4 h7h6 g5f6 e7f6 c3d5 f6h4 c2c3 d4c6,12
4rrk1/pbpn2pp/1p1p1q2/4pp2/2PPn3/P1BBPN2/1P3PPP/R2Q1RK1 w - -,c3b4 c7c5 d4c5 b6c5 b4e1 f6h6 f3d2 e4g5 f2f3 e5e4,-138
2r5/4ppkp/3p2p1/p7/8/5P2/PrqQ2PP/K2RR3 w - -,d2a5 b2b7 a5a3 c8a8 d1c1 b7b1 c1b1 a8a3 b1b2 c2c4,Mate
rnb1r1k1/ppppqppp/8/8/8/2B2N2/P1PP1PPP/R1Q2RK1 w - -,a2a4 f7f6 f1e1 e7f7 e1e8 f7e8 c1b2 d7d6 a1e1 e8f7,-81
r3k2r/p3np2/1p4p1/3pPb1p/3N1P1P/8/PR2B1P1/4R1K1 w kq -,e2b5 f5d7 b2c2 d7b5 d4b5 e8h8 b5d6 d5d4 e1d1 a8d8,20
r2qr1k1/1b3pbp/2pp1np1/p1nPp3/1pP1P3/PP2BN1P/2BN1PP1/R2QR1K1 w - -,f3h2 h7h5 a1a2 c5a6 h2f3 b4a3 a2a3 a6b4 c2b1 f6d7,44
r1b2rk1/p3q1pp/2p1p3/3n1p2/2NQ4/2P5/PP3PPP/R1B1K2R w KQ -,,0
r1b2rk1/p5pp/2pqp3/3n1p2/3Q4/2P5/PP1N1PPP/R1B1K2R w KQ -,,0
rnbq1rk1/1p1p1ppp/p1p2n2/2b1p3/2B1P3/P1N2Q1P/1PPP1PP1/R1B1K1NR w KQ -,d2d3 d7d6 g1e2 b7b5 c4a2 c8e6 e2g3 b8d7 g3f5 a6a5,-8
r1b1k2r/pppnqnpp/4N3/2b5/8/8/PPP3PP/RNBQ1R1K w kq -,e6c7 e8f8 c7a8 d7f6 b1c3 f8g8 c1f4 g7g5 f1e1 e7d7,549
rnbq1rk1/ppp1ppbp/3p1np1/8/2PP4/1PN5/P3PPPP/R1BQKBNR w KQ -,e2e3 c7c5 g1f3 e7e5 d4e5 d6e5 d1d8 f8d8 e3e4 b8c6,-32
4R3/pp1r1p1p/2p2k2/5p2/P4P2/1PK4P/6P1/8 w - -,e8c8 f6e6 c8h8 f7f6 c3c4 d7d2 h8e8 e6f7 e8b8 b7b5,-7
r2q1rk1/pp2bppp/3pbn2/4p1B1/3nP3/2N1N3/PPPQ1PPP/R3KB1R w KQ -,h2h4 a8c8 g5f6 e7f6 c3d5 e6d5 e4d5 d8d7 f1d3 g7g6,-3
2k5/ppbq1p2/2p2p2/P3p3/1PB3r1/2PPQN1r/5P2/RR3K2 w - -,e3a7 g4c4 b1d1 c4c3 a5a6 c7b8 a6b7 d7b7 a7b7 c8b7,-103
2r5/5pkp/3p2p1/p3p3/3Q4/5P2/Prq3PP/K2RR3 w - -,d4b2 c2f5 d1d6 c8c2 g2g4 c2b2 g4f5 b2h2 f5f6 g7h6,460
6k1/pp3r1p/6p1/3Q1q2/3P4/7P/PP4P1/3R3K w - -,d5b3 f5f6 b3c4 f6f4 b2b3 h7h5 c4c5 b7b6 c5c6 g8g7,118
r2qr1k1/1b3pbp/2pp1np1/2nPp3/1pP1P3/1P2BN1P/2BN1PP1/R2QR1K1 w - -,a1a8 d8a8 e3c5 d6c5 d2f1 a8a5 f1e3 a5c7 d1d3 g7f8,35
r1b2rk1/ppp1q1pp/5p2/1P2p3/8/2N5/1PP2PPP/R2QR1K1 w - -,d1d5 g8h8 h2h3 h7h6 d5e4 a7a6 c3d5 e7f7 b5a6 a8a6,-28
rnb1rqk1/pppp1ppp/8/8/8/2B2N2/P1PP1PPP/R1Q1R1K1 w - -,h2h3 e8e1 c1e1 b8a6 e1e4 a6c5 e4h4 h7h6 f3d4 d7d6,-71
r3k2r/p2bnp2/1p4p1/1B1pP2p/3N1P1P/8/PR4P1/4R1K1 w kq -,b2c2 d7b5 d4b5 e8h8 b5d6 a8d8 c2c7 e7c8 d6b7 d8e8,16
rnbq1rk1/3p1ppp/p1p2n2/1pb1p3/2B1P3/P1NP1Q1P/1PP2PP1/R1B1K1NR w KQ -,c4a2 d7d6 g2g4 c8e6 g1e2 a6a5 e2g3 b8d7 c3e2 b5b4,8
r1bq1r2/ppp1ppkp/1n4p1/3P4/4P3/6P1/PP3PBP/RN1Q1RK1 w - -,d1d4 f7f6 b1d2 e7e5 d4c3 c8d7 a1c1 c7c6 c3a3 b6c8,83
8/2R3pk/p3pq1p/1rQ5/3pP3/5nP1/PP3P2/2R4K w - -,b2b4 b5c5 b4c5 d4d3 c7d7 f3e5 c1f1 f6f3 h1g1 e5d7,-791
r1bqkb1r/ppp2ppp/2np1n2/8/4P3/2PB1N2/P4PPP/RNBQK2R w KQkq -,e1h1 f8e7 f3d4 e8h8 f2f4 c6d4 c3d4 c7c5 b1d2 f6g4,-89
b2qr1k1/5pbp/2pp1np1/2nPp3/1pP1P3/1P2BN1P/2BN1PP1/3QR1K1 w - -,e3c5 d6c5 d1e2 a8b7 e2e3 d8a5 e1d1 g7f8 f3e1 e8a8,42
r2q1rk1/ppp1bpn1/7p/n2Pp3/6Q1/2PB4/P4PPP/R3R1K1 w - -,e1e5 f7f5 d3f5 e7d6 g4g6 f8f5 e5f5 d8e8 f5f6 e8g6,-519
r1b2rk1/ppq2ppp/2np2n1/4p3/2B1P3/P1P1BN2/4QPPP/R2R2K1 w - -,c4d5 h7h6 c3c4 b7b6 a3a4 c8e6 e2d3 a8d8 f3d2 c6a5,-67
b2qr1k1/5pbp/2p2np1/2pPp3/1pP1P3/1P3N1P/2BN1PP1/3QR1K1 w - -,d1e2 a8b7 e2e3 d8a5 c2d3 g7f8 d3f1 a5c7 e1a1 e8a8,46
8/1p3p2/p4p2/2Pk1np1/1P5p/2PN1PP1/P2K3P/8 w - -,g3g4 f5e7 d3f2 f6f5 g4f5 d5e5 a2a4 e5f5 b4b5 a6b5,163
rnb1rqk1/pppp2pp/5p2/8/8/2B2N2/PQPP1PPP/R3R1K1 w - -,b2b3 e8e6 f3d4 f8f7 d4e6 d7e6 a2a4 b8c6 a4a5 a8b8,145
rnbqk2r/ppp2ppp/4p3/8/4PB2/5NP1/PP3b1P/RN1QKB1R w KQkq -,e1f2 d8d1 f1b5 d1d7 b5d7 b8d7 f4c7 d7f6 b1c3 b7b6,353
6k1/p4r1p/1p4p1/2Q2q2/3P4/7P/PP4P1/3R3K w - -,c5c4 f5f4 c4e6 f4f5 e6e8 f7f8 e8c6 f8d8 d4d5 f5d7,117
r1bqnr2/ppp2kb1/3p1n2/3Pp1pp/P3PpP1/2N2P1P/1PPB2BN/R2Q1RK1 w - -,c3a2 a7a5 b2b4 a5b4 a2b4 c7c5 d5c6 b7c6 b4d3 e8c7,-49
r2q1rk1/pp3ppp/3pbb2/4p3/3nP3/2N1N3/PPPQ1PPP/R3KB1R w KQ -,e1a1 f6g5 c1b1 a8c8 f1d3 a7a6 h2h4 g5h6 d2e1 h6e3,2
6kr/pR4pp/5p2/6P1/1pN5/8/P4PP1/b5K1 w - -,b7b8 g8f7 b8h8 f6g5 g1f1 f7e6 h8b8 a1c3 b8b5 g5g4,571
rnb1rq1k/pppp2pp/5p2/8/8/1QB2N2/P1PP1PPP/R3R1K1 w - -,e1e8 f8e8 a1e1 e8f8 b3d5 d7d6 f3g5 h7h6 g5f7 h8h7,171
B4rk1/p1pn1ppp/3b4/6B1/3P4/2N4P/PPP2P1P/R2Q1RK1 w - -,a8c6 d7b8 c6d5 c7c6 d5f3 b8d7 g1h1 h7h6 g5e3 f8e8,1491
r1b2r1k/ppp1q1pp/5p2/1P1Qp3/8/2N5/1PP2PPP/R3R1K1 w - -,d5e4 a7a6 c3d5 e7f7 b5a6 a8a6 a1a6 b7a6 d5e3 h7h6,-18
8/1R3p1p/2K2k2/P4p2/8/7P/3r2P1/8 w - -,b7b5 d2g2 a5a6 g2a2 c6b7 f6g5 b7b6 g5h4 b5f5 h4h3,266
r1b2rk1/ppq1nppp/3p2n1/3Bp3/4P3/P1P1BN2/4QPPP/R2R2K1 w - -,d5a2 c8e6 a2e6 f7e6 a3a4 h7h6 a4a5 d6d5 a1b1 c7a5,-60
rnb1q2k/pppp2pp/5p2/8/8/1QB2N2/P1PP1PPP/R5K1 w - -,b3d5 d7d6 a1e1 e8f8 f3g5 h7h6 g5f7 h8h7 d5e4 f6f5,176
5rk1/p1p2ppp/1n1b4/6B1/3P4/2N4P/PPP2PBP/R2Q1RK1 w - -,g1h1 h7h6 g5c1 f7f5 f1g1 c7c5 c3b5 d6e7 d1e2 e7g5,1488
Q7/pp1k4/2p1bP2/3p4/5PPp/4P1KP/Pq6/R7 w - -,,0
r2qk2r/p1pb1pbp/2Q3p1/4pn2/2B2P2/2N5/PPP2BPP/R3K2R w KQkq -,c6c5 f5d6 e1a1 e8h8 c4d5 a8b8 f4e5 g7e5 d5b3 d8f6,108
8/p4rkp/1p4p1/5q2/2QP4/7P/PP4P1/3R3K w - -,d4d5 f7d7 c4c6 f5f7 d5d6 f7e6 c6c1 e6e5 c1c8 e5f5,181
r1bqkbnr/1p2pppp/p7/n2p4/3P4/1QPB4/PP3PPP/RNB1K1NR w KQkq -,b3c2 a5c6 g1f3 c8g4 f3e5 c6e5 d4e5 d8c7 f2f4 e7e6,43
rnb2q1k/pppp2pp/5p2/8/8/1QB2N2/P1PP1PPP/4R1K1 w - -,f3g5 f6g5 b3d5 h7h6 h2h4 c7c6 d5e4 d7d5 e4g6 c8d7,208
4r1k1/p1p2ppp/1n1b4/6B1/3P2Q1/2N4P/PPP2PBP/R4RK1 w - -,g1h1 h7h5 g4f3 e8e6 f1g1 d6e7 c3e4 b6d5 c2c3 d5f6,1509
2k5/ppbq1p2/2p2p2/P3p3/1PB2r2/2PPQr2/4KP2/R5R1 w - -,e3a7 d7f5 a1d1 f3f2 e2e1 c8d7 a7c5 f4f3 b4b5 f5h3,-290
8/1p3p2/p7/2P1knp1/1P2N2p/2P2P2/P2K3P/8 w - -,e4g5 e5f4 g5f7 h4h3 f7d6 f5h4 d6b7 h4f3 d2c2 f4e5,295
3r4/2p2pk1/p5p1/2P1q2p/1P4P1/P6P/2Q2P2/5RK1 w - -,f1d1 d8h8 c2d3 h5g4 h3g4 a6a5 b4a5 e5c5 d3d4 c5d4,33
Q7/pp1k4/2p1bq2/3p4/5PPK/4P2P/P7/R7 w - -,h4g3 f6a1 a8b7 d7d8 b7a7 a1e1 g3f3 e1h1 f3g3,Mate
r2q1rk1/1pp2ppp/pb2bn2/4p3/2P5/2NBP3/PP3PPP/R1BQ1RK1 w - -,b2b3 d8e7 d1c2 c7c6 c1b2 g7g6 a1d1 a8d8 c2c1 b6c7,11
rnbqk2r/ppp2ppp/4p3/2b5/4nB2/3P1NP1/PP3P1P/RN1QKB1R w KQkq -,d3e4 d8d1 e1d1 c5f2 f4c7 e8h8 b1d2 f2c5 a1c1 b7b6,299
2r2rk1/pb2n1pp/1p3p2/1N1pp3/PP6/5N2/3B2PP/R4RK1 w - -,a4a5 b6a5 a1a5 c8b8 a5a7 e7c8 a7a5 c8b6 b5d6 f8d8,87
r1bqkbnr/1p2pp1p/p5p1/n2p4/3P4/1QPB1N2/PP3PPP/RNB1K2R w KQkq -,b3d1 g8h6 e1h1 c8f5 d3e2 f8g7 b1d2 d8c7 d2b3 a5c4,53
4r1k1/p1p2p1p/1n1b1Bp1/8/3P2Q1/2N4P/PPP2PBP/R4RK1 w - -,a1e1 e8b8 g1h1 d6b4 d4d5 a7a5 e1d1 b4f8 f1e1 h7h5,1518
rnbq1rk1/pp2bppp/2pppn2/3P4/2B1P3/2N2N2/PPP2PPP/R1BQK2R w KQ -,d5e6 c8e6 c4e6 f7e6 e4e5 d6e5 d1e2 b8d7 f3e5 d7e5,10
r2q1rk1/pp3ppp/3pb3/3Np1b1/3nP3/2N5/PPPQ1PPP/R3KB1R w KQ -,d2d1 d8a5 f1c4 b7b5 h2h4 g5d8 c4b3 a8c8 e1h1 d8h4,-73
r1bq1rk1/p1p1bppp/2p5/3p4/4n3/1B6/PPPPQPPP/RNB2RK1 w - -,d2d3 e4c5 c1e3 c5e6 c2c3 a7a5 b1a3 c8a6 a1e1 e7d6,-71
r7/P4R2/8/7p/3K3k/7P/8/8 w - -,,0
r1bqrnk1/5p1p/pp2p1pB/3pP1b1/3P4/2NBP2R/PP4PP/R2Q2K1 w - -,h6g5 d8g5 d1f3 c8d7 a1f1 g5e7 f3f2 e8d8 h3f3 d7e8,284
6k1/p1p2p1p/1n1brBp1/8/3P2Q1/2N4P/PPP2PBP/4RRK1 w - -,d1f1 g5h6 h3h6 d8e7 f1f4 c8d7 h6h3 e8c8 a1f1 b6b5,Mate
r1bqk1nr/ppp3bp/2n1ppp1/3p4/3P1B2/2P1P2P/PP1N1PP1/R2QKBNR w KQkq -,f4h2 e6e5 d1b3 g8e7 d4e5 c6e5 f1e2 c7c5 e3e4 c5c4,86
r2qkb1r/pppn1ppp/4pn2/3p2B1/3P4/2P2PP1/PP3P1P/RN1QKB1R w KQkq -,f1e2 f8e7 b1d2 e8h8 e1h1 c7c5 g5e3 d8b6 a1b1 b6c7,7
r4rk1/ppq1nppp/3pb1n1/4p3/4P3/P1P1BN2/B3QPPP/R2R2K1 w - -,a2e6 f7e6 a3a4 h7h6 a4a5 g6f4 e2a2 d6d5 a5a6 f4h3,-60
8/2R3pk/p3pq1p/2r1P3/3p4/5nP1/P4P2/5R1K w - -,c7a7 c5e5 h1g2 f6f5 f1h1 f3d2 a7f7 f5f7 f2f4 e5e2,-1530
r1bqn2r/ppp2kb1/3p1n2/P2Pp1pp/4PpP1/2N2P1P/1PPB2BN/R2Q1RK1 w - -,c3b1 c8d7 c2c4 a8c8 d1b3 c8b8 b1c3 g7f8 b3a3 b8c8,-36
rnbq1rk1/ppppppbp/5np1/8/2PP4/1P6/P3PPPP/RNBQKBNR w KQ -,g1f3 c7c5 e2e3 d7d5 b1d2 c5d4 e3d4 b8c6 c1b2 c8f5,-90
5r1k/6pp/1Q1P4/Pb1q1P2/8/6P1/5R1P/6K1 w - -,f5f6 f8c8 b6b5 d5b5 f6f7 c8f8 a5a6 g7g5 g1g2 b5c6,-693
rnb2q1k/ppp3pp/3p1p2/3Q4/8/2B2N2/P1PP1PPP/4R1K1 w - -,f3g5 h7h6 g5f7 h8h7 d5e4 f6f5 e4e7 f8e7 e1e7 b8c6,165
r2qkbnr/pp4pp/2n2p2/3pp3/6b1/1BPP1N2/PP3PPP/RNBQK2R w KQkq -,b3a4 f8d6 h2h3 g4e6 e1h1 g8e7 c3c4 d5c4 d3d4 e5e4,-86
6k1/p1p4p/1n1bpBp1/8/3P2Q1/2N4P/PPP2PBP/5RK1 w - -,b3a4 f8d6 h2h3 g4e6 e1h1 g8e7 c3c4 d5c4 d3d4 e5e4,Mate
r1b2r1k/pp2q1pp/2p2p2/1P1Qp3/5P2/2N5/1PP3PP/R3R1K1 w - -,d5c4 c8e6 c4e2 c6b5 e2b5 e6d7 b5a5 d7c6 f4e5 f6e5,-113
r2qkb1r/pppn1pp1/4pn1p/3p2B1/3P4/2P2PP1/PP3PBP/RN1QK2R w KQkq -,,0
r6r/pppkq2p/3b1np1/5p2/Nn3P2/1P1P3Q/PB1PN1PP/R2K3R w - -,h3f3 h8e8 a2a3 b4c6 e2d4 c6d4 b2d4 e7f7 d1c2 f6d5,19
rn1q1rk1/pp2bppp/2ppbn2/8/2B1P3/2N2N2/PPP2PPP/R1BQK2R w KQ -,c4e6 f7e6 e4e5 d6e5 d1e2 b8d7 f3e5 d7e5 e2e5 d8d7,7
r1bqkb1r/ppp2ppp/2n1pn2/8/4PB2/3P1N2/PP3PPP/RN1QKB1R w KQkq -,b1c3 f8c5 f1e2 c6d4 f3d4 c5d4 e4e5 f6d7 d1a4 c7c5,26
7R/p1pk1KP1/1p6/3p1p2/6r1/8/8/8 w - -,,0
5k2/p1p4p/1n1bQBp1/8/3P4/2N4P/PPP2PBP/5RK1 w - -,h8h6 g4g7 f7g7 d5d4 g7f6 d7d6 f6f5 d6d5 f5f4 a7a5,Mate
r3k2r/pbqn1pbp/2pp1np1/1p2p3/3PP3/P1PB1N1P/1P3PPB/RN1Q1RK1 w kq -,f1e1 e8h8 b1d2 f8e8 a3a4 a7a6 b2b4 g7f8 d1b3 c7d8,80
r1b1k1nr/ppqp1ppp/2nbp3/8/4P3/PN2B3/1PP2PPP/RN1QKB1R w KQkq -,b1c3 d6e5 d1d2 a7a6 e1a1 g8f6 f2f4 e5c3 d2c3 e6e5,93
r2qn2r/pppb1kb1/3p1n2/P2Pp1pp/1P2PpP1/2N2P1P/2PB2BN/R2Q1RK1 w - -,b4b5 a7a6 d1e2 a6b5 c3b5 h5g4 h2g4 h8h7 c2c4 c7c6,-31
1R5r/p4kpp/5p2/6P1/1pN5/8/P4PP1/b5K1 w - -,b8h8 f6f5 h8d8 a7a5 d8d1 a1c3 g5g6 f7g6 c4a5 g6h5,596
r1bq1rk1/p1p1bppp/2p5/2np4/8/1B1P4/PPP1QPPP/RNB2RK1 w - -,b1c3 c5e6 c3a4 f8e8 c1e3 e7d6 a1e1 d8h4 g2g3 h4f6,-61
7R/p1pk4/1p3KP1/3p1p2/r4P2/8/8/8 w - -,g6g7 d7c6 g7g8q a4c4 g8e6 c6c5 h8c8 c5b4 e6d5 a7a6,869
8/p2r2kp/1p4p1/3P1q2/2Q5/7P/PP4P1/3R3K w - -,d5d6 f5f6 c4c6 f6e6 c6c3 e6f6 c3c4 f6e5 d1d5 e5e1,174
r2qk1nr/pp4pp/2nb1p2/3pp3/6b1/1BPP1N2/PP1N1PPP/R1BQK2R w KQkq -,d2f1 g8e7 f1e3 g4e6 e1h1 d6c7 b3a4 e8h8 b2b4 a7a6,-99
r4r1k/pb2q1pp/2Q2p2/4p3/5P2/2N5/1PP3PP/R3R1K1 w - -,c6a4 e7c5 g1h1 c5f2 c3e4 f2f4 e4c5 f4a4 a1a4 b7c6,-134
rnb2q1k/ppp3pp/3p4/3Q2p1/8/2B5/P1PP1PPP/4R1K1 w - -,d5g5 c8e6 e1e6 b8c6 h2h4 f8f7 h4h5 d6d5 g5d5 a8f8,297
6k1/R4p1p/2pn1qpP/1r2p3/4P2P/8/2P2P2/1NK5 w - -,d5a5 c7c5 a5c7 b8d7 h2h4 g5h4 f2f4 d6d5 d2d4 d7f6,Mate
rnb1r1k1/ppp2ppp/1n2pq2/8/3PP3/BQP2N2/P3BPPP/R3K2R w KQ -,e1h1 b8c6 e4e5 f6d8 e2d3 c8d7 c3c4 c6b8 b3c2 h7h6,187
2k5/p3Q3/2p1bP2/3p4/5PPp/4PK1P/P7/q7 w - -,f3f2 a1a2 f2f3 d5d4 e7f8 c8b7 f8b4 b7a6 b4d4 e6d5,-72
7k/6pp/PQbP4/3q1r2/8/6P1/1R5P/6K1 w - -,b6d8 d5g8 b2b8 c6d5 a6a7 h7h5 d8g8 d5g8 a7a8q h8h7,6753
r3k2r/pp1qbppp/2n1p3/1B1n4/4Q3/2P5/PP3PPP/RNB2RK1 w kq -,b1d2 e8h8 d2f3 d7c7 b5d3 d5f6 e4e2 h7h6 g2g3 f8d8,20
r1bq1r2/pp3pkp/1n2p1p1/3P4/8/1QN3P1/PP3PBP/R4RK1 w - -,f1e1 e6d5 g2d5 d8d6 a1c1 a8b8 c3e4 d6e5 c1c5 b6d7,82
r1bqrnk1/7p/pp2pbpB/3p4/3P4/2NBP2R/PP4PP/R2Q2K1 w - -,h6f8 e8f8 h3h7 f6g5 g1h1 d8f6 h7h3 a8a7 h3f3 f6h8,254
r4r1k/1b2q1pp/p4p2/1Q2p3/5P2/2N5/1PP3PP/R3R1K1 w - -,b5a5 e7d7 a1d1 d7g4 c3d5 b7d5 d1d5 g4f4 b2b3 h7h6,-60
8/p2r2kp/1p1P2p1/2q5/2Q5/7P/PP4P1/3R3K w - -,c4f4 c5f5 f4d4 f5f6 d4c4 f6e5 c4c6 e5e6 a2a3 g7h6,174
r1bqkb1r/ppp2p1p/2n1pnp1/8/4PB2/3P1NP1/PP3P1P/RN1QKB1R w KQkq -,b1c3 f8g7 d3d4 e8h8 f1b5 f6d7 f4e3 a7a6 b5c6 b7c6,76
2r3k1/6pp/p7/1p1bPp2/4q3/PK5P/1P2B3/3Q2R1 w - -,b1c3 f8g7 d3d4 e8h8 f1b5 f6d7 f4e3 a7a6 b5c6 b7c6,Mate
r1bq1r2/pp3pkp/6p1/3n4/8/1Q4P1/PP3PBP/R2R2K1 w - -,g2d5 d8f6 a1c1 c8g4 d1e1 g4h3 c1c7 a8e8 e1e8 f8e8,24
4b3/1k6/8/K7/8/2Q5/8/8 w - -,d1d5 d8f6 d5d2 c8e6 b3b7 f8d8 a1d1 d8d2 d1d2 a8d8,Mate
r1bq1r2/7k/pp2pbp1/3p4/3P4/2NBP3/PP4PP/R2Q2K1 w - -,d1h5 h7g8 h5g6 f6g7 g6h7 g8f7 a1f1 d8f6 f1f6 f7f6,655
r3r1k1/2pqbppp/2p5/p1np1b2/8/1B1P2Q1/PPPB1PPP/RN2R1K1 w - -,a2a4 e7d6 f2f4 f5d3 e1e8 a8e8 d2c3 f7f6 b1d2 c5b3,-282
1bk5/1r6/p5p1/P1ppq1K1/2P1P2p/3BB3/4Q1P1/8 w - -,g5h6 e5g7 h6g5 g7e7 g5h6 e7f8 h6g5 d5e4 e2g4 f8f5,-607
rn2k1nr/1ppbq3/p3p2p/3pP1p1/3P4/P1P1BN2/P4PP1/R2QKB1R w KQkq -,f3g5 e8d8 f1d3 d8c8 d1f3 e7a3 e3c1 a3c3 c1d2 c3a1,412
r1b1kb1r/ppqp1ppp/2n1p3/1B6/3Nn3/2N5/PPP2PPP/R1BQ1RK1 w kq -,c3e4 f8e7 c2c3 e8h8 f1e1 d7d5 e4g3 e7d6 b5e2 c6d4,348
8/pk6/2p1QP2/3p4/5PPp/4PK1P/P7/q7 w - -,,0
r1b1Qb1k/1p5p/1npq2p1/p3p1B1/P3P3/1BN4P/1PP2PP1/R5K1 w - -,f3f2 a1a2 f2f3 a2b1 e6d7 b7b6 d7d8 b6b7 d8d7,Mate
2kb2R1/pp1q1p2/2p2p2/P3p3/1PB2r2/2PPQr2/4KP2/R7 w - -,e3c5 f3f2 c5f2 f4f2 e2f2 d7f5 f2e2 e5e4 d3d4 f5h3,-188
4b3/8/1k6/8/1K6/2Q5/8/8 w - -,e3c5 f3f2 c5f2 f4f2 e2f2 d7f5 f2e2 e5e4 d3d4 f5h3,Mate
r1b2r2/pp3pkp/1q4p1/3B4/8/1Q4P1/PP3P1P/R2R2K1 w - -,b3b6 a7b6 a2a3 a8a5 d5f3 f8e8 g1g2 e8e7 d1d6 a5a6,36
2r3k1/p2qbppp/bp3n2/3p4/3B4/1P3NP1/P2QPPBP/2R3K1 w - -,f3e5 d7e6 c1c8 e6c8 e5d3 f6e4 d2b2 a6d3 e2d3 e4f6,46
8/p6r/1pk1p2p/3pP2P/P2p1BPK/3P4/8/8 w - -,f4h6 c6d7 h4g5 h7f7 g5g6 f7f3 h6c1 f3d3 h5h6 d3h3,415
6k1/5r2/5K2/8/8/2Q5/8/8 w - -,f4h6 c6d7 h4g5 h7f7 g5g6 f7f3 h6c1 f3d3 h5h6 d3h3,Mate
r1bqk1nr/1ppp2pp/p1n2p2/2b1p3/4P3/2N3P1/PPPPNPBP/R1BQK2R w KQkq -,c3d5 g8e7 c2c3 c5a7 d2d4 d7d6 d5e3 e8h8 g3g4 g8h8,35
6k1/5pPp/6n1/2P3q1/3rP3/1P6/P4QPP/5RK1 w - -,a2a4 d7d6 e1h1 g8e7 d2d3 e8h8 a4a5 c8d7 h2h3 d8e8,Mate
r1b2r2/1p3pkp/1p4p1/3B4/8/6P1/PP3P1P/R2R2K1 w - -,d5f3 c8e6 a2a3 a8d8 d1d8 f8d8 a1d1 d8c8 f3e4 b6b5,42
2r1k2r/pb3Rpp/5p2/4b1P1/1pB5/8/P2N1PP1/4R1K1 w - -,f7b7 e8d8 g5f6 g7f6 c4b3 c8c3 b7a7 e5b8 a7b7 d8c8,610
1q4k1/pBr2pp1/1pP1rn2/1Q2p2p/PP1p4/5PP1/4P2P/2RR2K1 w - -,e2e3 f6e8 b5d5 e8d6 e3d4 d6b7 d4e5 b7c5 b4c5 e6c6,7
r1bqk2r/1pppn1pp/p1n2p2/2b1p3/4P3/2N3P1/PPPPNPBP/R1BQ1RK1 w kq -,c3d5 d7d6 d5e7 d8e7 c2c3 c5b6 d2d4 e8h8 c1e3 c8g4,24
r4rk1/pbqn1pbp/2pp1np1/1p2p3/3PP3/P1PB1N1P/1P3PPB/RN1QR1K1 w - -,b1d2 f8e8 a3a4 a7a6 b2b4 g7f8 d1b3 h7h6 b3b2 a8c8,84
r1b1r1k1/ppp2ppp/1nn1pq2/8/3PP3/BQP2N2/P3BPPP/R4RK1 w - -,e4e5 f6d8 e2d3 c6e7 f3g5 h7h6 d3h7 g8f8 f2f4 d8d5,189
rnb1qrk1/pppp2pp/4pn2/5p2/2PP4/5NP1/PP1NPPBP/R2QK2R w KQ -,e1h1 d7d6 f1e1 e6e5 e2e4 f5f4 c4c5 f4g3 h2g3 b8c6,69
2b5/4K3/8/4k3/8/5Q2/8/8 w - -,e1h1 d7d6 f1e1 e6e5 e2e4 f5f4 c4c5 f4g3 h2g3 b8c6,Mate
r1bqkb1r/ppp2p1p/2n2np1/4p3/4PB2/3P2P1/PP3P1P/RN1QKBNR w KQkq -,f4g5 h7h6 g5e3 f6g4 b1c3 c8e6 g1f3 g4e3 f2e3 f8c5,-101
r3r1k1/2pqbppp/2p5/p2p1b2/P7/1n1P2Q1/1PPB1PPP/RN2R1K1 w - -,c2b3 e7d6 f2f4 d6c5 g1h1 e8b8 d3d4 c5d4 d2c3 b8b3,-264
r1bq1rk1/1pppn1pp/p1n2p2/2b1p3/4P3/2NP2P1/PPP1NPBP/R1BQ1RK1 w - -,h2h3 b7b5 g1h2 b5b4 c3d5 a6a5 c2c3 c8a6 c3c4 d7d6,29
rnb1rqk1/pppp1ppp/8/8/8/2B2N2/PQPP1PPP/R4RK1 w - -,h2h3 e8d8 f1e1 b8c6 f3e5 c6e5 e1e5 f7f6 b2b3 g8h8,-25
2b5/4K3/8/3k4/8/4Q3/8/8 w - -,h2h3 e8d8 f1e1 b8c6 f3e5 c6e5 e1e5 f7f6 b2b3 g8h8,Mate
rnb2rk1/pp3ppp/3b2q1/2p3B1/2Bp4/5N2/PPP1QPPP/R3K2R w KQ -,h2h4 h7h6 h4h5 g6h7 g5d2 b8c6 c4d3 c8f5 g2g4 f5d3,-160
r2qk2r/pp2n1pp/2nb1p2/3pp3/B5b1/2PP1N2/PP1N1PPP/R1BQK2R w KQkq -,b2b4 e8h8 b4b5 c6a5 c3c4 d8c7 e1h1 e5e4 d3e4 d6h2,-148
8/p2r3p/3P1kp1/2pR4/8/7P/PP4P1/7K w - -,d5c5 d7d6 c5a5 a7a6 h1g1 g6g5 b2b4 f6g6 g1f2 h7h5,187
r1br4/1p3pkp/1p4p1/3B4/8/P5P1/1P3P1P/R2R2K1 w - -,d5f3 c8e6 d1d8 a8d8 a1d1 d8c8 f3e4 b6b5 d1d4 c8c1,39
r1b1r1k1/1p3pbp/1npq2p1/p3p1B1/P3P3/1BN2Q1P/1PP2PP1/R5K1 w - -,f3f7 g8h8 f7e8 d6f8 e8f8 g7f8 g5f6 f8g7 f6d8 b6d7,382
rnbqkb1r/pp2pppp/2np4/4P3/1PPp4/P4N2/5PPP/RNBQKB1R w KQkq -,e5d6 d8d6 c4c5 d6g6 b4b5 c6a5 f1d3 c8f5 d3f5 g6f5,4
r2qr1k1/1ppb1pbp/n4np1/p1pPp3/4P3/1QNBBN2/PP3PPP/R4RK1 w - -,d3a6 a8a6 b3b7 a6b6 b7a7 b6b2 a1b1 b2b4 e3c5 b4c4,50
8/5p1p/8/6k1/8/r3P3/5PK1/7R w - -,h1h7 f7f5 h7h8 a3a6 h8g8 g5f6 g2g3 a6e6 g3f4 e6e4,8
rnb2rk1/pp3ppp/6q1/2p1b1B1/2Bp4/5N2/PPP2PPP/R3K2R w KQ -,e1h1 e5d6 g5h4 b8c6 h4g3 d6g3 h2g3 g6c2 a1c1 c2b2,-744
r3k2r/pp2n1pp/1qnb1p2/3pp3/B5b1/2PP1N2/PP3PPP/R1BQKN1R w KQkq -,h2h3 g4e6 f1g3 h7h5 e1h1 e8a8 c1e3 b6c7 c3c4 d5c4,-136
r1b1r1k1/ppp2ppp/1nn1p1q1/4P3/3P4/BQP2N2/P3BPPP/R4RK1 w - -,a1e1 b6d5 a3c1 a7a5 a2a4 d5b6 f3h4 g6e4 f2f4 e4d5,205
r2r4/1p3pkp/1p2b1p1/8/8/P4BP1/1P3P1P/R2R2K1 w - -,a1c1 a8c8 c1c8 d8c8 f3e4 b6b5 d1d4 c8c1 g1g2 b7b6,33
3Q4/pk6/2p2P2/3p4/5PPp/4PK1P/P7/q7 w - -,,0
r1b1kbnr/1p1pppp1/pqn4p/1Bp5/P3P3/2P2N2/1P1P1PPP/RNBQK2R w KQkq -,b5c4 g8f6 e1h1 f6e4 d2d4 c5d4 c3d4 e7e6 d4d5 c6a5,29
rnb2qk1/pppp1ppp/4r3/8/8/2B2N2/PQPP1PPP/4RRK1 w - -,f3d4 f7f6 d4e6 d7e6 f2f4 b8c6 b2b5 f8f7 f1f3 a7a6,167
r1b2rk1/ppp1q1pp/8/1P3p2/4p3/2N2Q2/1PP2PPP/R2R2K1 w - -,f3e3 c8e6 a1a4 h7h6 d1a1 f8d8 a4a7 a8a7 a1a7 e7d6,-35
8/p1R4p/r4kp1/8/8/7P/PP4P1/7K w - -,a2a3 h7h6 c7b7 h6h5 h1g1 h5h4 b7b3 f6e5 b3b5 e5f6,82
r3k2r/pp2n1pp/1qnb1p2/4p3/B2p2b1/2PPBN2/PP3PPP/R2QKN1R w KQkq -,b2b4 d4e3 f1e3 g4f3 d1f3 e8h8 e3c4 b6c7 e1h1 f6f5,-347
3rr1k1/2p1qp1p/p5p1/2PR4/6P1/1PQ4P/P4P2/5RK1 w - -,f1d1 d8d5 d1d5 e7e1 c3e1 e8e1 g1g2 e1c1 d5d8 g8g7,146
r2qnrk1/ppp2pp1/3p1b1p/n2P4/8/2PB1N2/P3QPPP/R1B1R1K1 w - -,e2e4 g7g6 c1h6 e8g7 e4f4 b7b5 f3d4 g8h7 e1e4 g7h5,219
r2q1rk1/p2b1ppp/2pbp3/3n4/B3Q3/2P5/PP1N1PPP/R1B1K2R w KQ -,d2c4 d6c7 c4e5 d7e8 e1h1 f7f6 e5c4 e8d7 f2f4 c6c5,11
rnb1k2r/pp3ppp/4pn2/2qp4/5P1P/2N2N2/PPP2PP1/R2QKB1R w KQkq -,d1e2 e8h8 e1a1 b8c6 f3e5 f6d7 h4h5 h7h6 e5f3 b7b5,15
r1bqkbnr/1pp2ppp/p1n1p3/3p4/2B1P3/N7/PPPP1PPP/R1BQK1NR w KQkq -,e4d5 e6d5 c4b3 d8f6 c2c3 f8a3 b2a3 d5d4 c1b2 f6e7,-98
rnb2qk1/pppp1ppp/1r6/6N1/8/2B5/PQPP1PPP/4RRK1 w - -,g5h7 g8h7 b2a1 b6h6 f2f4 d7d5 f4f5 b8c6 d2d3 f8c5,-277
6k1/8/7R/6PP/3K4/8/8/3r4 w - -,d4e5 d1e1 e5d6 e1f1 h6f6 f1h1 d6e7 h1c1 f6g6 g8h8,769
rnb2rk1/pp3ppp/8/2p1N1Bq/2Bp4/8/PPP2PPP/R3K2R w KQ -,f2f4 c8e6 c4e6 f7e6 e1h1 b8c6 e5c6 b7c6 f1e1 c5c4,-557
8/7k/5K2/4P2p/8/3p4/2p4P/6R1 w - -,f2f4 c8e6 c4e6 f7e6 e1h1 b8c6 e5c6 b7c6 f1e1 c5c4,Mate
r1bqk2r/p2nppbp/2p2np1/1p1p4/3P1B1P/2N1P3/PPPQ1PP1/2KR1BNR w kq -,f2f3 d7b6 f1d3 b5b4 c3e2 a7a5 f4e5 h7h5 e2f4 b6c4,-28
r1br2k1/ppp2ppp/1nn1p1q1/4P3/2PP4/BQ3N2/P3BPPP/R4RK1 w - -,a1d1 a7a5 e2d3 g6h5 f1e1 c6b4 a3b4 a5b4 b3b4 c8d7,251
rnb2qk1/pppp1ppp/6r1/6N1/8/2B5/P1PP1PPP/Q3RRK1 w - -,c3g7 f8d8 e1e3 d7d6 f1e1 c8d7 g5e4 d7e6 g7f6 d8e8,331
rnbqkb1r/ppp2ppp/5n2/4p3/2B5/2PP4/PP3PPP/RNBQK1NR w KQkq -,g1f3 f8d6 e1h1 e8h8 c1g5 h7h6 g5h4 c8f5 b1d2 b8d7,21
6k1/8/7R/3r2PP/8/2K5/8/8 w - -,,0
r4rk1/pp2n1pp/1qnb1p2/8/B2p2b1/3P1N2/PP1B1PPP/R2QKN1R w KQ -,h2h3 g4f3 d1f3 c6e5 f3e2 b6a6 a4c2 a8c8 a1c1 a6a2,-225
rnbqk2r/ppp2ppp/3b1n2/4p3/2B5/2PP1N2/PP3PPP/RNBQK2R w KQkq -,e1h1 e8h8 c1g5 h7h6 g5h4 c8f5 b1d2 b8d7 f1e1 g7g5,35
r3k2r/1p1b1ppp/p3pn2/2P5/P1n5/4PN2/N4PPP/R1BR2K1 w kq -,d1d4 c4a5 a1b1 e8h8 c1d2 a5c6 d4c4 f8b8 a2b4 c6a5,-8
r1bqk2r/ppp2pbp/2n2np1/4p1B1/4P3/3P2P1/PP3P1P/RN1QKBNR w KQkq -,g1f3 h7h6 g5e3 e8h8 b1c3 c8e6 f1g2 d8d7 e1h1 a8d8,-87
2r1rbk1/1bq2ppp/p4n1B/1p2p3/4P3/P1N2BQ1/1PP3PP/3R1RK1 w - -,h2h3 c7b6 g1h2 c8c3 b2c3 f6e4 g3e1 f7f5 h6c1 b6c6,-74
r1n1brk1/pp2q1pp/2n1p3/3pPp2/3P4/1P3N2/P1NQBPPP/R4RK1 w - -,b3b4 e8h5 b4b5 c6d8 a2a4 c8b6 f1c1 a8c8 d2e1 d8f7,80
8/4P3/1k3K1r/8/3R4/8/8/8 w - -,f1c1 a7a5 a2a3 e8h5 c2e1 c8a7 h2h3 h7h6 g1h2 f8f7,Mate
7k/6pp/3P4/Pb3r2/8/6P1/1R5P/6K1 w - -,d6d7 f5f8 b2b5 h8g8 b5c5 g8f7 c5f5 f7e6 f5f8 e6d7,1030
rnbq1rk1/ppp2ppp/3b1n2/4p3/2B5/2PP1N2/PP3PPP/RNBQ1RK1 w - -,c1g5 h7h6 g5h4 c8f5 b1d2 b8d7 f1e1 a7a5 a2a4 f5g6,36
r1bq1r2/pp2ppkp/1n4p1/3p4/4P3/1QN3P1/PP3PBP/R4RK1 w - -,e4d5 e7e6 f1e1 e6d5 g2d5 c8h3 a1d1 d8c7 c3b5 c7c5,82
r1b1kbnr/1pqp1pp1/p1n1p2p/2p5/P1B1P3/2P2N2/1P1P1PPP/RNBQ1RK1 w kq -,d2d4 g8f6 d4d5 c6a5 c4a2 c5c4 d1e2 e6e5 b1d2 b7b5,94
r1bq1rk1/pp3ppp/2np1b2/4p3/4P3/N1N5/PPP2PPP/R2QKB1R w KQ -,a3c4 c8e6 d1d6 d8c8 d6d2 f8d8 c3d5 e6d5 e4d5 e5e4,3
rnbqkb1r/pp2pp2/5n1p/3P2p1/3P4/5N2/PP3PPP/RNBQKB1R w KQkq -,f1b5 b8d7 b1c3 f8g7 h2h4 g5g4 f3e5 e8h8 e5g4 f6g4,146
r4rk1/1bqn1pbp/p1pp1np1/1p2p3/3PP3/P1PB1N1P/1P1N1PPB/R2QR1K1 w - -,b2b4 f8e8 a3a4 a6a5 a4b5 c6b5 d3b5 a5b4 c3b4 a8a1,88
8/4PK1r/1k6/8/3R4/8/8/8 w - -,b2b4 f8e8 a3a4 a6a5 a4b5 c6b5 d3b5 a5b4 c3b4 a8a1,Mate
8/p1R5/r4kp1/7p/8/P6P/1P4P1/7K w - -,h1g1 a6a5 c7c6 f6g5 g1f2 a5f5 f2e2 f5e5 e2d3 e5d5,121
r1b1k2r/2qp1ppp/p2bpn2/1p6/3QP3/2N5/PPP1BPPP/R1B2R1K w kq -,f2f4 c8b7 e4e5 d6c5 d4d3 f6d5 c3d5 b7d5 d3g3 c7c6,-11
4K3/4P2r/8/2k5/3R4/8/8/8 w - -,f2f4 c8b7 e4e5 d6c5 d4d3 f6d5 c3d5 b7d5 d3g3 c7c6,Mate
r1b1kb1r/2q2ppp/p1n1p3/1p1pP3/1PnP4/P1NB1N2/3B1PPP/R2QK2R w KQkq -,,0
r2qkb1r/p2b1ppp/2p1p3/1B1n4/4Q3/2P5/PP3PPP/RNB1K2R w KQkq -,b5a4 f8d6 b1d2 e8h8 d2c4 d6c7 c1d2 f7f5 e4e2 e6e5,9
7k/3b2pp/8/P4r2/8/6P1/1R5P/6K1 w - -,b5a4 f8d6 b1d2 e8h8 d2c4 d6c7 c1d2 f7f5 e4e2 e6e5,Mate
r3r1k1/1p3pbp/1npq2p1/p3p1B1/P3P3/1BN2Q1P/1PP2P2/R5K1 w - -,b3f7 g8h8 f7e8 a8e8 f3f7 d6e6 f7e6 e8e6 b2b3 g7f6,61
8/6k1/p3p2p/8/3pP3/3n3P/Pr3P2/2R2K2 w - -,c1a1 d3f4 a1d1 d4d3 a2a3 g7f6 f1g1 d3d2 g1h2 f4e2,-1004
4K2r/3RP3/8/2k5/8/8/8/8 w - -,c1a1 d3f4 a1d1 d4d3 a2a3 g7f6 f1g1 d3d2 g1h2 f4e2,Mate
r1br2k1/ppp2ppp/1nn1p3/4P3/2PP2q1/BQ1B1N2/P4PPP/R4RK1 w - -,h2h3 c6d4 h3g4 d4b3 a1d1 b3d4 f3d4 d8d4 d3h7 g8h7,257
8/3RPK1r/8/2k5/8/8/8/8 w - -,h2h3 c6d4 h3g4 d4b3 a1d1 b3d4 f3d4 d8d4 d3h7 g8h7,Mate
8/p2Q4/1kp2P2/3p2P1/5P1p/4P2P/P2q1K2/8 w - -,,0
r3r2k/1p3Qbp/1npq2p1/p3p1B1/P3P3/1BN4P/1PP2P2/R5K1 w - -,a1d1 d6b4 f7b7 b6d5 b7c6 d5f4 g1h2 b4f8 c6d6 f8d6,12
8/3RP2r/2k3K1/8/8/8/8/8 w - -,a1d1 d6b4 f7b7 b6d5 b7c6 d5f4 g1h2 b4f8 c6d6 f8d6,Mate
rnb1k2r/pp3ppp/4pn2/2qp3P/5P2/2N5/PPP2PP1/R2QKBNR w KQkq -,h5h6 g7g6 g1f3 b8c6 f1d3 e8h8 d1d2 c8d7 h1h4 a8c8,27
rnb1r1k1/pp2Bppp/3b2q1/2p5/2Bp4/5N2/PPP1QPPP/R3K2R w KQ -,c4d3 g6h6 e7d6 e8e2 e1e2 h6d6 h1e1 b8c6 e2f1 c8d7,-496
3qr1k1/2pb1p1p/1n4p1/4b3/8/2Q3P1/P4P1P/5RK1 w - -,c3b4 d7h3 b4h4 d8h4 g3h4 h3f1 g1f1 e5h2 h4h5 g6h5,-951
r3k2r/1bqp1ppp/p2bpn2/1p6/3QPP2/2N5/PPP1B1PP/R1B2R1K w kq -,e4e5 d6c5 d4d3 f6d5 c3d5 b7d5 d3g3 c7c6 c1d2 e8h8,-6
r2qk2r/p1p2pp1/b1pp3p/8/3PP3/5N2/PPQ2PPP/R3K2R w KQkq -,c2c6 e8e7 c6a6 h8e8 e4e5 e7f8 e1h1 e8e6 a6c4 f8g8,541
rnb2qk1/pppp1prp/8/6N1/8/8/P1PP1PPP/Q3RRK1 w - -,g5e4 f7f5 e4f6 g8f7 e1e8 f8d6 e8c8 b8c6 c8a8 c6d4,373
r1br2k1/ppp2ppp/1nn1p3/4P2q/2PP4/BQ1B1N1P/P4PP1/R4RK1 w - -,a1d1 c8d7 d1e1 c6a5 b3c3 d7c6 d4d5 e6d5 c3a5 d5c4,296
3R2rk/p3q1rp/1pb1pb2/2p1Np2/2P2P2/1PB3PQ/P6P/3R2K1 w - -,d8g8 g7g8 h3h6 g8g7 e5c6 g7g6 h6h4 e7f7 d1d8 h8g7,1039
r1b2k1r/p4p2/1pq2Np1/3p3p/3P1p1Q/P1Pn1P2/3B2PP/3R2KR w - -,h4g5 c8f5 g2g4 h5g4 f3g4 f8g7 g4f5 c6f6 g5f6 g7f6,-353
r1b2rk1/pp2pp1p/1nP3p1/4b3/4P3/2N3P1/PP3PBP/R1Bq1RK1 w - -,c6b7 d1f1 g2f1 c8b7 a2a4 b6d7 c1h6 f8d8 a1c1 d7f6,-465
rnb1r1k1/pp2Bppp/3b3q/2p5/3p4/3B1N2/PPP1QPPP/R3K2R w KQ -,e7d6 e8e2 d3e2 h6d6 e1h1 c8f5 e2b5 f5c2 f1c1 c2f5,-512
rnb1k2r/pp2bppp/4p3/q1Pn4/5B2/2N2N2/PP2PPPP/R2QKB1R w KQkq -,f4d2 a5c5 e2e3 e8h8 f1e2 f8d8 d1b3 b8c6 e1h1 d5f6,20
r1bq1rk1/7R/pp2p1p1/3p2b1/3P4/2NBP3/PP4PP/R2Q2K1 w - -,g1h1 d8f6 h7h3 a8a7 h3f3 f6h8 d3g6 h8h6 f3f8 g8f8,250
r3k2r/1bqp1ppp/p3pn2/1pb1P3/3Q1P2/2N5/PPP1B1PP/R1B2R1K w kq -,d4d3 f6d5 c3d5 b7d5 d3g3 c7c6 c1d2 e8h8 a1d1 c5e7,-15
8/2Q5/8/1b2K3/1k6/8/8/8 w - -,d4d3 f6d5 c3d5 b7d5 d3g3 c7c6 c1d2 e8h8 a1d1 c5e7,Mate
r2qr1k1/1bp2pb1/p2p1npp/1p6/Pn1PP3/R4N1P/1P1N1PP1/1BBQR1K1 w - -,e4e5 d6e5 d4e5 f6d7 e5e6 e8e6 e1e6 f7e6 b1g6 b4d5,53
r1bqkb1r/pp1p1ppp/4pn2/2p5/3nP3/2NP4/PPP2PPP/R1BQKBNR w KQkq -,g2g3 b7b5 f1g2 c8b7 g1e2 b5b4 e2d4 c5d4 c3e2 f8c5,-5
8/6k1/p3p2p/8/3pPn2/7P/Pr3P2/3R1K2 w - -,f1e1 d4d3 e1f1 g7f6 f1g1 f6e5 g1h2 e5e4 h2g3 d3d2,-1088
r2qkb1r/pppb1ppp/2n2n2/4p3/3P4/5NP1/PPQ1PP1P/RNB1KB1R w KQkq -,f1g2 e5e4 f3g5 h7h6 g5e4 c6d4 e4f6 d8f6 c2e4 f8e7,-90
8/5pkp/3R2p1/4p3/r7/5P2/7r/1K2R3 w - -,d6d5 a4f4 e1f1 h7h5 d5e5 h5h4 e5e4 f4e4 f3e4 h2e2,-863
7r/R3P3/2k3K1/8/8/8/8/8 w - -,d6d5 a4f4 e1f1 h7h5 d5e5 h5h4 e5e4 f4e4 f3e4 h2e2,Mate
2rq1rk1/pp2ppbp/3pbnp1/8/3BP3/1BN2P2/PPPQ2PP/R4RK1 w - -,b3e6 f7e6 c3e2 e6e5 d4f2 e7e6 d2b4 d8c7 c2c3 d6d5,21
8/p1R5/r5p1/4k2p/8/P5PP/1P6/7K w - -,h3h4 a6d6 b2b4 d6d3 c7a7 d3g3 h1h2 g3b3 a7a4 b3b2,23
rnb1k1nr/pp1p1pbp/2p1p1p1/q5B1/2B1P3/3P1N2/PPP2PPP/RN1QK2R w KQkq -,c2c3 h7h6 g5h4 d7d6 b1d2 g8f6 d3d4 b8d7 h4g3 d6d5,60
r1b2rk1/7R/pp2p1B1/3p2q1/3P4/2N1b3/PP4PP/R2Q3K w - -,h7h3 a8a7 d1d3 e3f4 c3e2 a7g7 g6h7 g8h8 e2f4 f8f4,215
r1b2r2/p3ppkp/1np3p1/8/4P3/2N3P1/PP3PBP/R2R2K1 w - -,a1c1 c8e6 b2b3 f8d8 c3e2 d8d1 c1d1 a8c8 e2f4 e6d7,26
r3r1k1/1bqn1pbp/p1pp1np1/1p2p3/3PP3/P1PB1N1P/1PQN1PPB/R3R1K1 w - -,b2b4 g7f8 a1b1 c7c8 c2b3 c8d8 d4e5 d7e5 f3e5 d6e5,71
3r4/P4kpp/1R1P4/5P2/4b1P1/8/7P/6K1 w - -,g1f2 d8d7 f2e3 e4a8 b6a6 f7f6 e3f4 g7g5 f5g6 h7g6,31
8/6k1/p6p/4p3/3pPn2/7P/Pr3P2/3R2K1 w - -,h3h4 g7g6 g1h2 g6h5 h2g3 b2a2 d1f1 a2a3 f2f3 a3a2,-1035
r1b2k1r/p4p2/1pq2Np1/3p1p1p/3P3Q/P1Pn1P2/3B2PP/R5KR w - -,c3c4 d5c4 d2c3 c6e6 h4g5 f5f4 h2h4 e6f5 a1a2 f5g5,-92
1r6/R3P1K1/2k5/8/8/8/8/8 w - -,c3c4 d5c4 d2c3 c6e6 h4g5 f5f4 h2h4 e6f5 a1a2 f5g5,Mate
rnb1k1nr/pp1p1pbp/2p1p1p1/2q5/2B1P3/3P1N2/PPPB1PPP/RN1QK2R w KQkq -,b1c3 d7d5 c4b3 g8f6 d1e2 c5e7 h2h4 h7h6 e1a1 b7b5,87
rnb1k2r/pp2bppp/4p3/q1Pp4/2P1nB2/2N1PN2/PP3PPP/R2QKB1R w KQkq -,f4e5 b8c6 e5g7 h8g8 c4d5 g8g7 d5c6 e4c3 d1d2 a5c5,66
rnb3k1/pp3ppp/3q4/2p5/3p4/5N2/PPP1BPPP/R3K2R w KQ -,e1h1 c8f5 a1c1 b8c6 f1e1 h7h6 e2b5 g7g5 b5c6 d6c6,-520
r3k2r/1bqp1ppp/p3p3/1pbnP3/5P2/2NQ4/PPP1B1PP/R1B2R1K w kq -,c1d2 e8h8 c3e4 c5e7 a1d1 a8c8 c2c3 f7f5 e5f6 d5f6,-7
1r6/R3PK2/1k6/8/8/8/8/8 w - -,c1d2 e8h8 c3e4 c5e7 a1d1 a8c8 c2c3 f7f5 e5f6 d5f6,Mate
rnbqk2r/pp2ppbp/2p3p1/3p4/2P1B3/3P2P1/PP2PP1P/R1BQK1NR w KQkq -,e4f3 d5c4 d3c4 d8d1 e1d1 b8d7 f3g4 f7f5 g4f3 d7b6,-203
rnb1k1nr/pp3pbp/2p1p1p1/2qp4/2B1P3/2NP1N2/PPPB1PPP/R2QK2R w KQkq -,c4b3 c5d6 h2h4 h7h6 d3d4 g8e7 a2a4 b7b6 e1h1 d6d8,89
rnbqkb1r/ppp2ppp/4p3/3nN3/8/2P5/PP1P1PPP/RNBQKB1R w KQkq -,d2d4 b8d7 f1d3 c7c5 e1h1 c5d4 c3d4 d7e5 d4e5 c8d7,14
1R6/P4kpp/3r4/5P2/4b1P1/8/7P/6K1 w - -,,0
r2q1rk1/ppp2ppp/2np1n2/b3p3/2B1P1b1/2PP1N2/PP1N1PPP/R1BQR1K1 w - -,h2h3 g4d7 b2b4 a5b6 a2a4 a7a6 c4b3 d7e6 b3c2 a6a5,68
r1bqkb1r/pp1p1p1p/4pnp1/2p5/3nPB2/2NP4/PPP2PPP/R2QKBNR w KQkq -,g2g3 f8g7 f1g2 d7d6 g1e2 e6e5 f4g5 c8g4 d1d2 h7h6,-11
8/8/8/2Q5/8/1k1b4/8/2K5 w - -,g2g3 f8g7 f1g2 d7d6 g1e2 e6e5 f4g5 c8g4 d1d2 h7h6,Mate
Rr4k1/5p1p/2pn1qpP/4p3/4P2P/8/2P2P2/1NK5 w - -,g2g3 f8g7 f1g2 d7d6 g1e2 e6e5 f4g5 c8g4 d1d2 h7h6,Mate
4r1k1/3q1p2/1p4p1/2p5/3p2P1/P2P1Q1P/2P5/5RK1 w - -,f3g3 e8e2 h3h4 d7e8 f1f2 e2f2 g3f2 e8e6 g4g5 e6a2,-88
8/p1R5/r5p1/7p/4k3/P5PP/1P4K1/8 w - -,h3h4 a6d6 b2b4 d6a6 c7c3 e4d4 c3f3 d4c4 g2f2 a6e6,73
5bk1/1p3rp1/p5Qr/4q3/3B3P/2P3P1/1P3P2/5RK1 w - -,g6c2 e5e8 c2b3 e8e6 b3c2 e6c4 f1d1 h6d6 f2f4 c4e6,-410
7r/4PK2/1k6/8/8/8/8/R7 w - -,g6c2 e5e8 c2b3 e8e6 b3c2 e6c4 f1d1 h6d6 f2f4 c4e6,Mate
r3r2k/1p3Bbp/1npq2p1/p3p1B1/P3P3/2N2Q1P/1PP2P2/R5K1 w - -,f7e8 a8e8 f3f7 d6e6 f7e6 e8e6 b2b3 g7f6 g5d2 b6c8,70
r1b1kb1r/pp1p1p1p/1q2pnp1/2p5/3nPB2/2NP4/PPPQ1PPP/R3KBNR w KQkq -,e1a1 d7d6 f4g5 f8g7 g5h6 e8h8 h2h4 g7h6 d2h6 b6a6,-23
8/1K6/6p1/5p1p/8/4kP2/8/3B4 w - -,b7c6 h5h4 c6d6 h4h3 d1a4 h3h2 a4e8 e3f4 e8g6 h2h1q,-947
2b2rk1/r7/pp2p1Bq/3p4/3P4/2N1b1R1/PP4PP/R2Q3K w - -,d1d3 e3f4 g3h3 h6g5 c3e2 a7g7 g6h7 g8h8 e2f4 f8f4,223
5b2/1p3kp1/p6r/4q3/3B3P/2P3P1/1P3P2/5RK1 w - -,f2f4 e5e2 f1f2 e2e1 g1g2 h6e6 b2b3 f7e8 b3b4 e6e2,-659
r3kb1r/pppnpppp/2q2n2/8/2pP2b1/2N1PN2/PP2BPPP/R1BQ1RK1 w kq -,h2h3 g4f5 d4d5 c6a6 b2b3 f5d3 c1b2 d3e2 d1e2 e7e6,95
1Rn3k1/5p1p/2p2qpP/4p3/4P2P/8/2P2P2/1NK5 w - -,b2b3 c4b3 d1b3 c6b6 b3c2 c7c6 h2h3 g4f3 e2f3 b6c7,Mate
2r1r1k1/1bq1bppp/p4n2/1p2p1B1/4P3/P1N2BQ1/1PP3PP/3R1RK1 w - -,f1e1 e8d8 g1h1 d8d1 e1d1 c8d8 d1d8 e7d8 g5h6 f6e8,-43
rnb2qk1/ppp2ppp/6r1/3p2N1/5P2/2B5/P1PP2PP/Q3RRK1 w - -,h2h4 f7f6 a1b2 b8a6 f4f5 g6h6 g5f3 b7b6 g2g4 f8d6,75
4r3/5K2/1k6/8/8/8/8/R7 w - -,f1f2 b8c6 g5f3 g6e6 e1e6 c8e6 f3d4 c6d4 c3d4 e6d7,Mate
r2qk1nr/1bpp1pbp/ppn1p1p1/8/2B1P3/P1PP1N2/1P3PPP/RNBQ1RK1 w kq -,d3d4 d7d6 f1e1 g8f6 b1d2 c6e7 c4d3 e8h8 d2f1 f6h5,55
5r1k/3P1pbp/p5n1/2p1pN2/r3N1Q1/2p1B2P/1q4PK/2R5 w - -,g4g5 b2b8 e3c5 f7f6 c5f8 b8f8 g5e3 f8d8 f5g7 d8d7,388
2Rq2k1/5p1p/2p3pP/4p3/4P2P/8/2P2P2/1NK5 w - -,f5d6 f7f5 d6f5 b2b5 f5d6 a4e4 d6e4 f8d8 e4c5 e5e4,Mate
r1b2qk1/pppn1ppp/6r1/3p2N1/5P1P/2B5/P1PP2P1/Q3RRK1 w - -,f4f5 g6f6 e1e3 b7b6 f1e1 c8a6 c3f6 d7f6 e3e7 h7h6,297
r4rk1/1bqp1ppp/p3p3/1pbnP3/5P2/2NQ4/PPPBB1PP/R4R1K w - -,c3e4 c5e7 a1d1 a8c8 c2c3 f7f6 e5f6 d5f6 e4f6 f8f6,-3
8/p1R5/r5p1/8/4k1p1/P6P/1P4K1/8 w - -,c7c4 e4e5 h3g4 a6b6 b2b4 b6a6 g2g3 g6g5 c4c5 e5f6,14
3r4/5kpp/PR1P4/5P2/6P1/3b4/7P/6K1 w - -,g1f2 d3e4 f2e3 e4h1 e3f4 d8a8 g4g5 f7e8 f5f6 g7f6,106
rnb3k1/pp3ppp/3B3q/2p5/3p4/3B1N2/PPP1rPPP/R3K2R w KQ -,d3e2 h6d6 e1h1 c8f5 e2b5 b8c6 c2c3 d4c3 b2c3 c6e5,-519
r1b2qk1/pppn1ppp/r7/3p1PN1/7P/2B5/P1PP2P1/Q3RRK1 w - -,c3g7 f8g7 e1e8 d7f8 f5f6 c8e6 f6g7 a8e8 g7f8q e8f8,610
r1br2k1/ppp2ppp/1n2p3/4P2q/2Pn4/BQ1B1N1P/P4PP1/3R1RK1 w - -,f3d4 c8d7 d1e1 a8c8 f2f4 d7a4 b3c3 d8d7 d4b3 a4c6,426
r4rk1/1bqpbppp/p3p3/1p1nP3/4NP2/3Q4/PPPBB1PP/R4R1K w - -,a1d1 b7c6 b2b3 f7f5 e5f6 d5f6 e4f6 f8f6 d2e3 a8c8,-7
2kr4/p4pp1/1p6/4Pp1p/1nP4P/8/P2RBPP1/6K1 w - -,d2d1 d8d1 e2d1 b4a2 d1h5 c8d7 c4c5 b6c5 h5f7 a2c3,-59
1q3r1k/3P1pbp/p5n1/2p1pNQ1/r3N3/2p1B2P/6PK/2R5 w - -,e3c5 f7f6 c5f8 b8f8 g5e3 f8d8 e4c5 g7f8 c5a4 d8d7,466
r2q1rk1/ppp2ppp/1bnp1n2/4p3/1PB1P1b1/2PP1N2/P2N1PPP/R1BQR1K1 w - -,h2h3 g4e6 c4e6 f7e6 d2c4 a7a6 c4b6 c7b6 c1e3 b6b5,61
r1bqk2r/1pp2pp1/p1pb1n2/4p2p/8/1PN1P3/PBPPNPPP/R2QK2R w KQkq -,d2d3 h5h4 h2h3 d8e7 d1d2 c8e6 e1a1 e8a8 c1b1 f6h5,-44
r1b3k1/pppn1pqp/r7/3p1PN1/7P/8/P1PP2P1/Q3RRK1 w - -,e1e8 d7f8 f5f6 c8e6 f6g7 a8e8 g7f8q e8f8 a1e5 h7h6,616
r2q1rk1/2pb1pb1/1p1p1npp/p1nPp3/4P3/P1N1B1PP/1PP2PBN/R2Q1RK1 w - -,d1d2 g8h7 b2b4 c5a4 c3a4 d7a4 c2c4 f6d7 a1c1 f7f5,56
3k4/p4pp1/1p6/4Pp1p/1nP4P/8/P3BPP1/6K1 w - -,g1f1 b4a2 e2h5 a7a5 f1e2 d8e7 f2f4 a2b4 e2d2 b4a6,-35
r1b1k2r/ppppnppp/8/1P2P3/8/N4N2/1qP2PPP/R2Q1RK1 w kq -,d1d2 b7b6 f1b1 b2b1 a3b1 c8b7 f3d4 e8a8 f2f3 h8e8,482
r1bqk1nr/3pppbp/p5p1/1pp5/3nP3/2NPB1P1/PPPQ1PBP/R3K1NR w KQkq -,h2h4 h7h5 c3d5 e7e6 c2c3 d4c6 d5f4 d7d6 g1h3 g8e7,43
r3k2r/1p1b1ppp/p3pn2/n1P5/P2R4/4PN2/N4PPP/R1B3K1 w kq -,a1b1 e8h8 c1d2 a5c6 d4c4 a8b8 a2b4 f8c8 b4c6 d7c6,-1
r1b1Rnk1/ppp2pqp/r7/3p1PN1/7P/8/P1PP2P1/Q4RK1 w - -,f5f6 c8g4 f6g7 a8e8 g7f8r e8f8 a1e5 g4h5 g5h7 g8h7,671
3k4/p4pp1/1p6/4Pp1B/2P4P/8/n4PP1/6K1 w - -,h5f7 d8e7 f7g8 a2c1 g1f1 a7a5 f1e1 c1d3 e1d2 d3e5,-96
1q1r3k/3P1pbp/p5n1/2B1pNQ1/r3N3/2p4P/6PK/2R5 w - -,h5f7 d8e7 f7g8 a2c1 g1f1 a7a5 f1e1 c1d3 e1d2 d3e5,Mate
2r2rk1/pp1bppbp/3p1np1/q7/3BP3/1BN2P2/PPPQ2PP/R4RK1 w - -,a1d1 f8e8 d2f2 b7b6 h2h3 d7c6 a2a4 f6d7 f3f4 g7d4,27
8/p3kBp1/1p6/4Pp2/2P4P/8/n4PP1/6K1 w - -,f7g8 a2c1 g1f1 a7a5 f1e1 c1d3 e1e2 d3e5 f2f4 e5g4,-120
r1b1k2r/pppp1ppp/8/1P1nP3/8/N4N2/1qPQ1PPP/R4RK1 w kq -,d2d5 b2b4 f1b1 b4f4 a3c4 e8h8 b5b6 c7c6 d5d4 f4d4,508
1q1r2k1/3P1p1p/p4Qn1/2B1p3/r3N3/2p4P/6PK/2R5 w - -,f1b1 b2c3 d2d5 e8h8 f3g5 d7d6 e5d6 c7d6 d5e4 g7g6,Mate
rnb1kb1r/1pq2ppp/p2ppn2/2p5/4P3/3P1NP1/PPP1QPBP/RNB1K2R w KQkq -,e4e5 f6d7 e5d6 f8d6 b1d2 e8h8 d2c4 b8c6 c2c3 e6e5,45
r4rk1/1bqp2pp/p3pb2/1p1n4/4NP2/3Q1R2/PPPBB1PP/R6K w - -,c2c3 f6h4 a1f1 d5e7 e2d1 e7f5 f3h3 h4e7 e4g3 g7g6,-27
r1b4r/p4pk1/1pq2Np1/3p3p/3P1B1Q/P1Pn1P2/6PP/3R2KR w - -,d1d3 c8f5 d3e3 c6f6 f4e5 f6e5 d4e5 g7g8 h2h3 a7a5,527
r2q1rk1/ppp1nppp/1b1p1n2/4p3/1PB1P1b1/2PP1N2/P4PPP/R1BQRNK1 w - -,h2h3 g4e6 c4e6 f7e6 a2a4 a7a5 b4b5 e7g6 d3d4 f6d7,25
rn1qkb1r/pbp1pppp/5n2/1p1p2B1/3P4/5N2/PPPNPPPP/R2QKB1R w KQkq -,c2c3 h7h6 g5f6 e7f6 e2e3 a7a6 a2a4 c7c6 f1d3 b8d7,70
r1br2k1/ppp2ppp/1n2p3/4q3/2PN4/BQ1B3P/P4PP1/3R1RK1 w - -,d4f3 e5f6 a3b2 f6e7 b3c2 c8d7 d3h7 g8h8 h7e4 f7f6,457
r1b1k2r/pppp1ppp/8/1P1QP3/8/N1q2N2/2P2PPP/R4RK1 w kq -,f3g5 e8h8 d5e4 g7g6 e4h4 h7h5 a3c4 d7d5 e5d6 c8g4,550
rnb1k2r/ppp2ppp/3p1n2/2b1p3/2B1P1q1/2NP1QP1/PPP2P1P/R1B1K1NR w KQkq -,f3g2 b8c6 h2h3 g4d7 g1e2 c6d4 e2d4 e5d4 c3d5 f6d5,9
1q1r2k1/3P1p1p/p4Q2/4p3/r3Nn2/2p1B2P/6PK/2R5 w - -,f3g2 b8c6 h2h3 g4d7 g1e2 c6d4 e2d4 e5d4 c3d5 f6d5,Mate
rnb1kbnr/pp1pqppp/2p5/2P1p3/8/8/PPQPPPPP/RNB1KBNR w KQkq -,b1c3 e7c5 e2e4 g8f6 a2a3 d7d5 b2b4 c5d6 e4d5 f8e7,-101
2rr2k1/1bq1bppp/p4n2/1p2p1B1/4P2P/P1N2BQ1/1PP3P1/3R1RK1 w - -,d1d8 c8d8 g5h6 f6e8 f3h5 g7g6 h5f3 e7f8 h6g5 f7f6,-61
7r/pb3pkp/1qnR2n1/1p2P3/2p5/2N5/1PQ1BPPP/6K1 w - -,c2c1 h8d8 c1g5 d8d6 e5d6 c6d8 g5g3 d8e6 h2h4,-309
r4rk1/1bqp2pp/p3p3/1p1n4/4NP1b/2PQ1R2/PP1BB1PP/R6K w - -,a1f1 d5e7 f3h3 e7g6 d2e3 h4e7 e4g3 g6h4 f1f2 f8f7,-25
r1b1Rnk1/ppp2p1p/r4Pq1/3p2N1/7P/8/P1PP2P1/Q4RK1 w - -,a1e5 a6e6 g5e6 c8e6 e8a8 h7h5 e5c7 g6h6 c7f4 h6f4,717
r3kb1r/pppnp1pp/2q2p2/4P3/2p2P2/2N1P3/PP2Q1PP/R1B2RK1 w kq -,a2a4 f6e5 a4a5 g7g6 a1a4 b7b5 a5b6 d7b6 a4a5 e5f4,-60
r1b1k2r/ppp2ppp/2np1n2/2b1p3/2B1P1q1/2NP1QP1/PPPB1P1P/R3K1NR w KQkq -,h2h3 g4f3 g1f3 c8e6 c4e6 f7e6 c3a4 c5b6 e1h1 b6a5,10
r1b2k1r/p4p2/1pq2Np1/3p3p/3P1n1Q/P1P2P2/6PP/3R2KR w - -,h4f4 f8g7 f6h5 g6h5 d1e1 c6f6 f4g3 f6g6 g3e5 g7h7,-359
r2q1rk1/ppp2ppp/1b1p1nn1/4p3/1PB1P1b1/2PP1NN1/P4PPP/R1BQR1K1 w - -,h2h3 g4e6 c4b3 c7c6 d3d4 f8e8 a1b1 e6b3 d1b3 h7h6,39
2q2rk1/Qnpb1pbn/1p1p2pp/3Pp3/1P2P3/2N1B1PP/2P2PBN/R5K1 w - -,g2f1 b6b5 c3b5 f7f5 e3d2 f5f4 g3g4 h6h5 f2f3 h5g4,160
8/3Q4/2B5/3K4/8/4k3/8/8 w - -,e3d2 h7f6 d2e3 g8h7 g3g4 b6b5 a1a6 f6e8 g2f1 f7f5,Mate
r3r1k1/1bqn1pbp/p2p1np1/1pp1p3/3PP3/PQPB1N1P/1P1N1PPB/R3R1K1 w - -,b3c2 c5d4 c3d4 c7c2 d3c2 a8c8 c2d3 g7f8 a3a4 b5a4,-37
r3kb1r/pppnp1pp/1q3p2/4P3/2p2P2/2N1PQ2/PP4PP/R1B2RK1 w kq -,e5e6 d7c5 f1d1 c7c6 f4f5 g7g6 f3g4 f8g7 f5g6 e8h8,54
4rr1k/pb5p/1np2qp1/2N5/6Q1/7P/P4PP1/2R1RBK1 w - -,e1e8 f6f2 g1h1 f8e8 c5b7 b6d5 b7c5 f2f6 g4g3 h8g7,345
r1b1k2r/p1pp1ppp/2p2q2/4N3/Nb2n3/8/PPPP1PPP/R1BQK2R w KQkq -,e5g4 f6e6 e1h1 f7f5 f2f3 e8h8 f3e4 f5g4 d2d3 d7d5,-36
8/3Q4/2B5/4K3/8/8/4k3/8 w - -,e5g4 f6e6 e1h1 f7f5 f2f3 e8h8 f3e4 f5g4 d2d3 d7d5,Mate
r1b4r/p4pk1/1pq2Np1/3p3p/3P1Q2/P1P2P2/6PP/3R2KR w - -,f6h5 g6h5 d1e1 c6f6 f4g3 f6g6 g3e5 g7h7 g1f2 c8e6,-350
2r1r2k/1bq1bppp/p4n2/1p2p1B1/4P2P/P1N2BQ1/1PP3P1/3R1RK1 w - -,c3d5 b7d5 e4d5 c7c2 h4h5 c8d8 h5h6 c2g6 h6g7 h8g8,-60
r4rk1/1bq3pp/p2ppb2/1p1n4/4NP2/2PQ1R2/PP1BB1PP/R6K w - -,e2d1 d5b6 d1c2 g7g6 b2b3 b6d5 a1f1 d5e7 e4f6 f8f6,39
8/3Q4/8/4K3/4B3/8/8/4k3 w - -,e2d1 d5b6 d1c2 g7g6 b2b3 b6d5 a1f1 d5e7 e4f6 f8f6,Mate
r1b1kb1r/2q2pp1/p1n1p2p/1p1pP3/1PnP4/P1NB1N2/3B1PPP/R2Q1RK1 w kq -,,0
5k2/8/R7/7P/8/8/7K/1r6 w - -,,0
1q1r3k/3P1p1p/p7/4p1Q1/r3Nn2/2p1B2P/6PK/2R5 w - -,h5h6 b1b8 h2g3 f8g8 g3g4 b8b1 a6a7 g8h8 g4g5 b1b4,Mate
5k2/8/R6P/8/8/8/1r5K/8 w - -,,0
r1b1k2r/pppp1ppp/2n5/1n2P3/Pq6/5N2/1PP2PPP/RN1Q1RK1 w kq -,e5e6 b5d6 e6f7 d6f7 f1e1 e8d8 b1c3 b4d6 d1e2 d6e6,-252
5k2/8/R6P/8/8/1r4K1/8/8 w - -,,0
r1bqkb1r/pp1npp2/5n1p/1B1P2p1/3P4/5N2/PP3PPP/RNBQK2R w KQkq -,f3e5 f6d5 d1b3 e7e6 b1c3 d5c3 b2c3 f8d6 e1h1 e8h8,142
r1b1k2r/pppp1ppp/2n5/1P2P3/8/5N2/1qP2PPP/RN1Q1RK1 w kq -,b1a3 b2c3 b5c6 d7c6 f1e1 a7a5 e1e3 c3c5 c2c3 a5a4,255
r1b1k2r/2q1bpp1/p1n1p2p/1p1pP3/1PnP4/P1NBBN2/5PPP/R2Q1RK1 w kq -,,0
8/5pkp/7R/4P1Pp/5K2/8/5P2/6r1 w - -,h6h5 g1a1 h5h6 g7g8 f4f5 a1a3 f2f4 g8g7 h6h2 a3a4,95
5k2/8/R6P/8/8/8/8/1r4K1 w - -,,0
4rrk1/1bq3pp/p2ppb2/1p1n1P2/4N3/2PQ1R2/PP1BB1PP/R6K w - -,a1f1 c7e7 f5e6 e7e6 e4g5 f6g5 f3f8 e8f8 d2g5 h7h6,14
r2qk2r/p1p2pp1/2p4p/1b1p4/3PP3/1P3N2/P1Q2PPP/R3K2R w KQkq -,a2a4 e8h8 a4b5 d5e4 f3d2 c6b5 e1h1 f7f5 c2c5 d8d7,243
r3k2r/1p1b1ppp/p3pn2/2P1N3/P2R4/1n2P3/N4PPP/R1B3K1 w kq -,a1b1 b3d4 e3d4 d7c6 a2c3 e8h8 c1e3 f8e8 h2h3 f6d5,-145
r2q1rk1/ppp2ppp/1b1p1nn1/4p2b/1PB1P3/2PP1NNP/P4PP1/R1BQR1K1 w - -,c1g5 h5f3 d1f3 h7h6 g5f6 d8f6 f3f6 g7f6 a2a4 a7a5,128
2r1r1k1/pp1bppbp/3p1np1/q7/3BP3/1BN2P2/PPPQ2PP/3R1RK1 w - -,d2f2 b7b6 h2h3 d7c6 f1e1 f6h5 f3f4 g7d4 d1d4 a5c5,30
8/pp1n4/1kp1N3/6R1/2p1P1p1/6P1/r6r/1K1R4 w - -,d2f2 b7b6 h2h3 d7c6 f1e1 f6h5 f3f4 g7d4 d1d4 a5c5,Mate
5k2/8/R6P/8/7r/8/6K1/8 w - -,,0
4r2k/pb5p/1np3p1/2N5/6Q1/7P/P4qP1/2R2B1K w - -,c5b7 f2e3 g4d1 e8f8 b7c5 b6d5 c5d3 h8g7 d1e2 f8f7,360
r2qk2r/p1p2pp1/2p4p/3p4/3PP3/1b3N2/P1Q2PPP/R3K2R w KQkq -,c2c6 e8e7 a2b3 d8d6 c6c2 d6b4 f3d2 h8b8 e4d5 e7f8,482
r1bqk1nr/1p1nppbp/p1pp2p1/8/3PPB2/2N2N2/PPP1BPPP/R2QK2R w KQkq -,e1h1 g8f6 a2a4 e8h8 a4a5 e7e5 d4e5 d6e5 f4e3 d8e7,84
r1br2k1/ppp2ppp/1n2pq2/8/2PN4/BQ1B3P/P4PP1/3RR1K1 w - -,a3b2 f6h6 b2c1 h6f6 d4f3 h7h6 c4c5 b6d5 c1b2 f6e7,462
6k1/6r1/5K2/8/8/4Q3/8/8 w - -,a3b2 f6h6 b2c1 h6f6 d4f3 h7h6 c4c5 b6d5 c1b2 f6e7,Mate
r1bqkb1r/pp1p1ppp/2n1pn2/8/1PQ1P3/8/P1P2PPP/RNB1KBNR w KQkq -,b4b5 d7d5 e4d5 c6e5 c4d4 f8d6 c1f4 e5g6 f4d6 d8d6,-94
r1br4/ppp2ppk/1n2pq2/8/2PN4/BQ5P/P4PP1/3RR1K1 w - -,a3b2 e6e5 d4b5 c8f5 b5c7 a8c8 c7d5 b6d5 d1d5 f5g6,86
r2qkb1r/pppnppp1/5n1p/5b2/2pP4/2N2NP1/PP2PPBP/R1BQK2R w KQkq -,f3d2 e7e5 d2c4 e5d4 d1d4 f8c5 d4f4 f5e6 c4a5 c5b6,74
8/2Q5/8/2N1K3/8/k7/8/8 w - -,a2a4 a7a5 f3h4 f5h7 g2b7 a8b8 b7c6 e7e6 h4f3 f8b4,Mate
2q2rk1/Qn1b2b1/1p1p2pp/3Ppp2/1P6/4B1PP/2P2P1N/R4BK1 w - -,e3b6 f5f4 a1a3 f4g3 a3g3 d7f5 c2c4 f8f7 g3a3 g8h7,210
2r1r2k/1bq1bpp1/p4n1p/1p2p1BP/4P3/P1N2BQ1/1PP3P1/3R1RK1 w - -,g5c1 e7a3 f3g4 a3c5 g1h2 f6g4 g3g4 c8d8 c3d5 b7d5,-212
r2q1rk1/ppp2ppp/1b1pbnn1/4p3/1PB1P3/2PP1NNP/P4PP1/R1BQR1K1 w - -,c4b3 h7h6 d3d4 a7a5 b4b5 a5a4 b3a4 d8d7 a2a3 a8a5,34
5r1k/3P1pbp/p5n1/2p1pN2/P2rN1Q1/2p1B2P/1q4PK/2R5 w - -,c1f1 b2b6 f5d6 c3c2 d6f7 h8g8 a4a5 b6c6 e3d4 e5d4,152
r3k1nr/1ppbq3/p1n1p2p/3pP1p1/3P4/P1P2N2/P4PP1/R1BQKB1R w KQkq -,a1b1 c6a5 c1g5 e7g7 g5h4 d7c6 h1h3 e8d7 h3g3 g7f7,178
r3Rnk1/ppp2p1p/r3bPq1/3pQ1N1/7P/8/P1PP2P1/5RK1 w - -,e8a8 a6b6 a8f8 g8f8 e5c7 g6f6 f1f6 f8g7 f6f7 g7h6,1611
8/4k2r/5R2/8/8/8/5K2/8 w - -,,0
r3kb1r/1pp2ppp/p1np1q2/4p3/2B1P1b1/2NP1N2/PPP2PPP/R2QK2R w KQkq -,c3d5 f6d8 d5e3 g4c8 a2a4 g7g6 c2c3 f8h6 d1e2 d8e7,36
rn2kb1r/ppq1nppp/2p1p3/3pPb2/3P1P2/2P2N2/PP4PP/RNBQKB1R w KQkq -,f1e2 f5g4 b1d2 e7f5 e1f2 h7h5 h2h3 g4f3 d2f3 h5h4,59
2k2b1r/p6p/3r1Rp1/1Ppqn1N1/3p1B2/8/PP4PP/R2Q2K1 w - -,f4e5 d5e5 f6f7 f8e7 d1g4 c8b8 g5f3 e5e6 g4e6 d6e6,-28
2kr2nr/1ppbq3/p1n1p2p/3pP1p1/3P4/P1PB1N2/P4PP1/R1BQK2R w KQ -,c1g5 e7a3 d1b3 a3b3 a2b3 d8f8 e1e2 c6d8 h1h3 d8f7,261
rnb2rk1/p3qpp1/2p1p2p/1p1nN3/2BP3P/2N1P3/PPQ2PP1/2KR3R w - -,c3d5 e6d5 c4d3 c8e6 c1b1 f8c8 f2f4 b8d7 e5c6 e7f6,107
8/pp1R4/1kp1N3/6R1/2p1P1p1/6P1/rr6/1K6 w - -,c4d5 c6d5 c3b5 c8d7 b5c3 f8c8 c1b1 b8c6 e5c6 c8c6,Mate
r1bqk2r/pp3ppp/2nbpn2/2p5/1PPp4/3P1NP1/P3PPBP/RNBQ1RK1 w kq -,b4b5 c6e7 e2e3 d4e3 c1e3 a7a6 b1c3 a6b5 c3b5 e8h8,55
r1b1k2r/ppppqppp/8/1n2n3/P7/5N2/1PP2PPP/RN1Q1RK1 w kq -,f3e5 b5d6 f1e1 e8h8 e5g6 e7e1 d1e1 h7g6 b1c3 c7c6,192
8/4k3/8/8/5R2/8/5K2/7r w - -,,0
r1b1Rnk1/ppp2p1p/4rPq1/3pQ1N1/7P/8/P1PP2P1/5RK1 w - -,g5e6 c8e6 e8a8 h7h5 e5c7 g6h6 c7f4 h6f4 f1f4 a7a6,723
4r1k1/p1pR4/1p3KP1/3p1p2/P4P2/8/8/8 w - -,f6f5 c7c5 f5g5 a7a6 g5h6 d5d4 f4f5 e8f8 d7g7 g8h8,654
8/4k3/8/8/5R2/5K2/8/r7 w - -,,0
3rr2k/1bq1bpp1/p4n1p/1p2p2P/4P2B/P1N2BQ1/1PP3P1/3R1RK1 w - -,g1h1 f6h7 h4e7 c7e7 c3d5 b7d5 d1d5 d8d5 e4d5 h7f6,-84
8/pp1R4/1kp1N3/6R1/2p1P1p1/6P1/r1r5/2K5 w - -,g1h1 f6h7 h4e7 c7e7 c3d5 b7d5 d1d5 d8d5 e4d5 h7f6,Mate
8/p1R5/1r4p1/8/4k1P1/P7/1P4K1/8 w - -,,0
5r1k/3P1pbp/p5n1/2p2N2/P2pN1Q1/2p4P/1q4PK/2R5 w - -,f5g7 b2b8 e4g3 h8g7 g4g5 b8c7 h2h1 f7f6 g3h5 g7h8,-127
r3kb1r/pppnp1pp/2q5/4p3/2p2P2/1PN1P3/P3Q1PP/R1B2RK1 w kq -,b3c4 e7e6 f4e5 a7a6 e2h5 g7g6 h5h4 f8e7 h4e4 c6e4,-105
2q4k/6pp/1b1p4/1p2p3/1P6/2P4P/Q4PP1/2B3K1 w - -,a2d5 h7h6 c1d2 c8f5 d2e1 f5d7 g1f1 b6d8 f2f3 d8g5,69
8/8/3k4/8/4R3/5K2/8/r7 w - -,,0
r1b1kb1r/ppp1qpp1/2np3p/4P3/2B1n3/1QP2N2/PP3PPP/RNB1K2R w KQkq -,c1e3 c6e5 f3e5 d6e5 e1h1 e4d6 b1d2 c7c6 f2f4 d6c4,-39
r2qr1k1/1bp2pb1/p5pp/1p1nP3/Pn6/R4N1P/1P1N1PP1/1BBQR1K1 w - -,d2e4 d8e7 c1d2 b4c6 e5e6 f7f5 e4g3 e7f6 a4b5 c6e7,124
1brqk3/1p1bnp2/4pB1P/p2pP3/P2p1Pr1/1N1Q4/1PP5/R3R1K1 w - -,d3g3 g4g3 g1h2 g3g6 e1e2 g6h6 h2g2 d8b6 f6g5 d4d3,-1034
5rk1/p1R5/1p3KP1/3p1p2/P4P2/8/8/8 w - -,,0
5r2/pb3pkp/1qnR2n1/1p2PQ2/2p5/2N5/1P2BPPP/6K1 w - -,e2h5 b6c7 h5g6 h7g6 f5f6 g7g8 h2h4 c7e7 d6c6 e7f6,-152
r3Rnk1/ppp2p1p/4bPq1/3pQ3/7P/8/P1PP2P1/5RK1 w - -,e8a8 h7h5 e5c7 g6h6 c7f4 h6f4 f1f4 b7b6 f4f3 e6g4,776
8/5pkp/7R/4P1Pp/8/6K1/5P2/7r w - -,f2f4 h1g1 g3f3 g1f1 f3e3 f1h1 e3f2 h1h2 f2g3 h2h1,23
rnb1kbnr/pppp2p1/4pp2/7p/3PP2B/2N2N2/PqP2PPP/R2QKB1R w KQkq -,c3b5 b2b4 c2c3 b4a5 f1e2 d7d6 f3d2 a7a6 d2c4 a5b5,9
r1b2rk1/ppppqppp/8/1n2N3/P7/8/1PP2PPP/RN1Q1RK1 w - -,f1e1 b5d6 e5g6 e7e1 d1e1 h7g6 b1c3 c7c6 f2f3 d6e8,181
r2qkb1r/pppnppp1/4bn1p/8/Q1pP4/2N2NP1/PP2PPBP/R1B1K2R w KQkq -,e2e4 c7c6 e1h1 g7g6 a4c2 f8g7 a2a4 e6g4 c1f4 e8h8,78
r3kb1r/pppnp1pp/5p2/2qNP3/2p2P2/4PQ2/PP4PP/R1B2RK1 w kq -,b2b4 c4b3 c1a3 c5c2 a1c1 e8a8 c1c2 b3c2 e5e6 d7b8,508
r1br4/ppp2ppk/1n2pq2/8/2P5/BQ3N1P/P4PP1/3R1RK1 w - -,a3b2 e6e5 b2e5 f6e7 c4c5 d8d1 f1d1 b6d7 e5c7 h7g8,328
3r2k1/p1R5/1p4P1/3p1pK1/P4P2/8/8/8 w - -,,0
r2q4/ppp1k1rp/2n1b3/5p2/2pN3R/6P1/PPP2P1P/RN1Q2K1 w - -,b1a3 d8d7 d4e6 d7e6 a3c4 e7f8 d1d2 g7d7 d2c3 a8d8,274
2q2rk1/Qn1b2b1/1B1p2pp/3Pp3/1P3p2/6PP/2P2P1N/R4BK1 w - -,g3f4 e5f4 a1a3 f4f3 a3f3 f8f3 h2f3 d7h3 f1h3 c8h3,205
r2qk2r/3bbpp1/p1n1p2p/1p1pP3/1PnP4/P1NBBN2/4QPPP/R1R3K1 w kq -,,0
8/5pkp/7R/4P1Pp/8/8/5PK1/4r3 w - -,f2f4 e1e2 g2g3 e2e3 g3f2 e3h3 f2g2 h3h4 h6f6 h4g4,18
r2qk2r/p1p2pp1/b1p4p/3p4/P2PP3/1P3N2/2Q2PPP/R3K2R w KQkq -,c2c6 e8f8 c6a6 d5e4 f3d2 d8d4 a1c1 a8d8 d2c4 e4e3,405
r1b1r3/pp1nkppp/1bp5/3P4/2B2P2/2NPBN2/PPP1K1PP/7R w - -,e3d2 e7f8 e2d1 d7f6 h2h3 c6d5 c3d5 c8e6 d5f6 g7f6,90
8/p7/1r4p1/8/2R3P1/P2k4/1P4K1/8 w - -,,0
2k5/Q1bq1p2/p1p2p2/4p3/1P6/2rP1N1r/5P2/R2R1K2 w - -,a7a6 c8d8 f3g1 h3d3 f1e1 d7d5 b4b5 d5b5 a6b5 c6b5,-293
5rk1/pb3p1p/1qnR1Qn1/1p2P3/2p5/2N5/1P2BPPP/6K1 w - -,c3d5 b6a5 f6g5 a5e1 e2f1 e1e5 d5f6 g8g7 f6h5 g7h8,-168
6k1/5p2/3pb2p/2q5/1pPpP3/1Q4P1/5P2/5BK1 w - -,g1g2 c5h5 g2g1 h5a5 b3b2 a5c5 b2c1 g8f8 f1d3 b4b3,-211
r1b2rk1/ppppqppp/3n4/4N3/P7/8/1PP2PPP/RN1QR1K1 w - -,e5g6 e7e1 d1e1 h7g6 b1c3 c7c6 f2f3 d6e8 c3e2 e8f6,182
r2qkb1r/p1p2ppp/1pnp1n2/4p3/4P3/1QPP1N2/PP3PPP/RNB1K2R w KQkq -,e1h1 d8d7 f1e1 f8e7 c3c4 e8h8 b1c3 c6a5 b3b5 c7c6,39
r2qkb1r/1pp2pp1/p1n1pn1p/2Pp1b2/3P1B2/4PN2/PP2BPPP/RN1QK2R w KQkq -,b1c3 g7g5 f4g3 f8g7 f3e5 c6e5 g3e5 e8h8 h2h4 g5h4,51
8/p1R5/6p1/8/6P1/P2k4/1r4K1/8 w - -,g2f3 g6g5 c7a7 d3d4 a7a4 d4e5 a4e4 e5d5 e4b4 b2c2,4
2kr2nr/pp3ppp/2n1b3/q7/1P1b4/P1N1B3/5PPP/R2QKB1R w - -,b4a5 d4c3 e3d2 c3d2 d1d2 d8d2 e1d2 c6a5 d2e1 g8f6,-398
r1b5/3n3r/1p2p1pk/p3P1q1/2pP1Q2/2P5/PPB3PP/6K1 w - -,f4g5 h6g5 g2g3 g5h6 b2b3 h6g7 b3c4 h7h8 c2d1 a8a7,-705
8/2p2p1p/p1k5/6p1/6P1/1P2K2P/P4P2/8 w - -,f2f4 c6c5 f4g5 c5b4 e3f4 b4a3 f4e5 a3a2 e5f6 a2b3,334
r3r3/pppkq2p/3b1np1/5p2/Nn3P2/1P1P1Q2/PB1PN1PP/R2K3R w - -,a2a3 b4c6 e2d4 e7f7 d1c2 c6d4 b2d4 f6d5 g2g3 a7a5,13
8/5pkp/7R/4P1Pp/5P2/4r1K1/8/8 w - -,g3h4 e3e1 h6f6 e1h1 h4g3 h1b1 f6h6 b1h1 g3f3 h1h2,19
r7/ppp1k1rp/2nqb3/5p2/2pN3R/2N3P1/PPP2P1P/R2Q2K1 w - -,c3b5 d6d7 d1e2 e7f7 a1e1 e6d5 b5c3 f7g8 c3d5 d7d5,400
r1b2qk1/ppp2ppp/r4n2/3p2N1/7P/2B5/P1PP2P1/Q3RRK1 w - -,c3f6 a6f6 f1f6 g7f6 a1f6 c8g4 e1e7 f8g7 f6f4 a8f8,197
2kr2nr/pp3ppp/2n1b3/P7/8/P1b1B3/5PPP/R2QKB1R w - -,e3d2 c3d2 d1d2 d8d2 e1d2 c6a5 d2e1 a5c6 a1d1 g8e7,-402
rnbqk2r/pp2npbp/2p3p1/1B1p4/3P4/2P2Q2/PP3PPP/RNB1K1NR w KQkq -,b5d3 c6c5 g1e2 e8h8 e1h1 b8c6 d4c5 c6e5 f3g3 b7b6,-28
r1bqr1k1/pppn1ppp/5n2/3p4/1P1P4/P1NBP3/4NPPb/R1BQ1RK1 w - -,g1h1 h2d6 g2g3 c7c6 h1g2 h7h6 f1h1 d7f8 b4b5 f6e4,-141
r1b5/3n3r/1p2p1p1/p3P1k1/2pP4/2P5/PPB3PP/6K1 w - -,c2e4 a8a7 b2b3 c4b3 a2b3 c8b7 e4b1 g5f4 b1d3 f4e3,-777
r1b2qk1/ppp2p1p/r4p2/3p2N1/7P/8/P1PP2P1/Q3RRK1 w - -,a1d4 f6g5 e1e5 g5h4 e5d5 a6d6 c2c4 d6d5 c4d5 f8h6,-289
1br1k3/1p1bnp2/1q2pB1P/p2pP3/P2p1Pr1/1N1Q4/1PP5/R3R2K w - -,h6h7 d7b5 d3b5 b6b5 a4b5 e8d7 b3c5 d7c7 e1g1 g4g6,492
8/2R5/6p1/p7/6P1/P2k2K1/1r6/8 w - -,,0
r3kb1r/1bqn1ppp/p3p3/3pP1B1/1p1NnPP1/5QN1/PPP4P/2KR1B1R w kq -,c1b1 e4g5 f4g5 d7e5 f3f4 f8d6 g3h5 e8h8 f4e3 e5g4,-217
r3kb1r/1ppq1pp1/p1n1pn1p/2Pp1b2/3P1B2/4PN1P/PP2BPP1/RN1QK2R w KQkq -,b1c3 f8e7 d1b3 e8h8 e1h1 a8b8 b3a3 b7b6 b2b4 b8a8,64
8/5pkp/7R/4P1Pp/5P2/7r/5K2/8 w - -,f2g2 h3h4 h6f6 h4g4 g2f3 g4g1 f3f2 g1h1 f6b6 h1h3,20
2rr4/6kp/1p2pp2/pR6/Pn1P2p1/6P1/1P1NPP1P/5RK1 w - -,b5b6 c8c2 d2b3 c2e2 b3a5 d8d4 a5b3 d4c4 f1c1 c4c1,59
r2qr1k1/1bp2pb1/p5pp/1p2P2n/Pn6/R4N1P/1P1N1PP1/1BBQR1K1 w - -,a4b5 a6b5 d1b3 d8e7 d2e4 b7d5 b3e3 a8d8 g2g4 f7f5,95
r4qk1/ppp2p1p/4bQ2/3p2N1/7P/8/P1PP2P1/4R1K1 w - -,e1e3 e6g4 e3e7 f8g7 f6f7 g7f7 g5f7 g8g7 f7d6 g7f6,220
r2qkb1r/ppp2ppp/2n1b3/3pP3/3P4/2Q5/PPP3PP/R1B1KBNR w KQkq -,e1e2 f7f6 e2d1 f6e5 d4e5 f8b4 c3g3 e8h8 g1f3 d8d7,-137
r1bqr1k1/ppp2ppp/5n2/3p4/1P1P2n1/P1NBP1K1/4NPP1/R1BQ1R2 w - -,g3f3 f6e4 g2g3 d8f6 f3g2 e4f2 c3d5 f6h6 f1h1 f2h1,-156
5rk1/pb3p1p/2nR1Qn1/qp2P3/2p1N3/8/1P2BPPP/6K1 w - -,e4c3 b5b4 c3d5 c6e5 d5e3 b7c8 h2h4 e5d7 f6d4 a5e5,-275
4k3/1pp1pppp/p7/3p4/1P1P4/8/P1P1PPPP/R3K3 w - -,e2e4 d5e4 c2c4 f7f5 d4d5 g7g5 a1d1 f5f4 b4b5 a6b5,544
3r1rk1/4nqpp/bp2p3/p1pp1p2/2PPn3/PBB1P3/1P1NQPPP/R4RK1 w - -,a1c1 e4d2 c3d2 c5d4 e3d4 f5f4 f1e1 e7c6 d2c3 d5c4,-37
8/5pkp/7R/4P1Pp/5P1r/8/6K1/8 w - -,g2g3 h4h1 g3g2 h1h4 g2f3 h4h1 f3e4 h1e1 e4f5 e1h1,32
r1br4/ppp2ppk/1n2p3/8/2P2q2/1Q3N1P/PB3PP1/3R1RK1 w - -,d1d8 f7f6 b3d3 f4f5 d3d4 g7g5 d4f6 f5f6 b2f6 h7g6,693
r2q1rk1/3bbpp1/p1n1p2p/1p1pP3/1PnP4/P1NBBN1P/4QPP1/R1R3K1 w - -,,0
r2qk1nr/pp3p1p/3p2p1/2pPb3/3nP3/2N1B3/PPP1BP1P/R2QK2R w KQkq -,d1d3 d8h4 e1a1 g8f6 h1f1 e5f4 d1e1 e8h8 e2d1 a8e8,-2
r2q2k1/ppp2p1p/4bQ2/3p2N1/7P/4R3/P1PP2P1/6K1 w - -,f6f2 d8e7 e3g3 f7f6 g5e6 g8h8 e6c7 a8d8 c7b5 d8c8,550
r3r1k1/1pq2pbp/1np1b1p1/p3p1B1/P3P3/1BN2Q1P/1PPR1PP1/R5K1 w - -,b3e6 e8e6 a1d1 e6e8 b2b3 h7h6 g5e3 a8d8 e3b6 c7b6,82
r1bqrbk1/pp3p2/2n2n1p/2pp2p1/8/P1NQ1NP1/1PP1PPBP/R1B1R1K1 w - -,b2b3 d5d4 c3d1 c8e6 e2e4 d4e3 d1e3 d8d3 c2d3 a8d8,-100
3r4/6kp/1p2pp2/pR1n4/P2P2p1/6P1/1PrNPP1P/5RK1 w - -,d2e4 c2e2 e4c3 d5c3 b2c3 d8c8 b5b6 c8c3 b6a6 c3d3,-13
r2q1rk1/ppp2ppp/1b1p2n1/4p2n/1PB1P3/2PP1N1P/P4PP1/R1BQR1K1 w - -,a2a4 a7a5 b4b5 h7h6 d3d4 h5f6 d1b3 d8d7 d4e5 d6e5,71
r1b1k2r/ppqp1ppp/2n1pn2/1B6/3NP3/2N5/PPP2PPb/R1BQ1R1K w kq -,f2f4 c6d4 e4e5 f6d5 d1d4 d5c3 b2c3 h2g3 f1f3 g3h4,165
8/1p3p2/6pp/3pk3/1P1N2P1/2K1nP2/6P1/8 w - -,g2g3 e3f1 d4e2 f1g3 e2g3 e5f4 g3e2 f4f3 c3d2 f3g4,-493
8/1q3p1k/3p2pp/4p3/2P1P2P/Q2P2P1/1p3PB1/5K2 w - -,f1g1 b2b1q g1h2 b1b2 a3b2 b7b2 f2f3 b2d2 h4h5 g6h5,-651
8/5pkp/7R/4P1Pp/5P2/6K1/8/7r w - -,h6a6 h1g1 g3f3 g1f1 f3e4 f1e1 e4f5 e1b1 a6a2 b1b4,21
r3kbnr/pp3ppp/2nqp3/1B1p1b2/3P4/2N1PN2/PP3PPP/R1BQK2R w KQkq -,f3e5 f7f6 e5c6 b7c6 b5a4 d6d7 e1h1 f8d6 e3e4 d5e4,53
1brqk1r1/1p1bnp2/4pB2/p2pP2P/P2p1PP1/1N1Q4/1PP5/R3R1K1 w - -,h5h6 g8g4 g1h1 e7g6 f6d8 e8d8 e1e2 g4f4 a1g1 f4h4,198
4k3/1pp1p1pp/p7/3p1p2/PP1P4/8/2P1PPPP/R3K3 w - -,e2e4 d5e4 d4d5 e8d7 b4b5 a6a5 f2f3 e4f3 e1f1 g7g5,529
8/8/6p1/2R5/p5P1/P2k2K1/1r6/8 w - -,,0
r3k2r/1ppqbpp1/p1n1pn1p/2Pp1b2/3P1B2/2N1PN1P/PP2BPP1/R2QK2R w KQkq -,e1h1 e8h8 a2a3 f6e4 c3e4 f5e4 b2b4 e7f6 f4g3 d7e7,54
4k3/1pp1p1pp/8/pP1p1p2/P2P4/8/2P1PPPP/R3K3 w - -,c2c4 d5c4 a1c1 e8d7 c1c4 h7h5 c4c1 b7b6 e1d1 e7e6,562
r1bq1rk1/pp2npbp/2n1p1p1/2pp4/4PP2/P1N2N2/BPPP2PP/R1BQ1RK1 w - -,d2d3 c6d4 f3d4 c5d4 c3e2 c8d7 e4e5 d8b6 g2g4 a7a5,-58
rnb2rk1/p4pp1/2pq3p/1p1pN3/3P2PP/2N1P3/PPQ2P2/2KR3R w - -,c3e2 c6c5 c2c5 d6c5 d4c5 f8e8 d1d5 f7f6 e5f3 c8b7,71
2q2rk1/Qn1b1pb1/1ppp1npp/3Pp3/1P2P3/2N1B1PP/2P2PBN/R5K1 w - -,a7b6 c6d5 c3d5 f6d5 e4d5 f7f5 a1a7 f5f4 g3f4 e5f4,284
r3kb1r/2qp1ppp/p3p3/2p1P3/2N5/8/PPP2PPP/R1BQR1K1 w - -,c1d2 a8b8 h2h4 f8e7 d1g4 g7g5 h4g5 c7c6 g4h3 h8g8,589
3B1k2/5p1p/p5p1/P7/6P1/5P2/6KP/b7 w - -,d8b6 a1e5 h2h3 e5f4 g2f1 f8e7 f1e2 e7e6 e2d3 e6d5,-198
rnbqk2r/ppp1bppp/5n2/3p4/3P4/4B2P/PPP2PP1/RN1QKBNR w KQkq -,f1d3 e8h8 g1f3 f6e4 e1h1 b8c6 f1e1 c8f5 d3f1 f8e8,11
r1bq1rk1/pp2npbp/4p1p1/2pp4/3nPP2/P1N2N2/BPPP2PP/R1B1QRK1 w - -,e1d1 d4f3 d1f3 d5e4 c3e4 b7b6 d2d3 d8c7 f3h3 c8b7,-133
8/1p3ppk/p1pR1n1p/3r4/3N4/P3P1P1/1P3PP1/5K2 w - -,d6d5 f6d5 d4f5 h7g6 f5d6 b7b5 f1e2 d5b6 e2d3 c6c5,41
r2q1rk1/3bb1p1/p1n1pp1p/1p1pP3/1PnP4/P1N1BN1P/2B1QPP1/R1R3K1 w - -,,0
8/5p1p/5kp1/4p3/r7/5P2/7r/1K2R3 w - -,e5f6 f8f6 e2d3 e7d6 d3h7 g8f7 e3g5 c6d4 f3d4 h6g5,Mate
2q2rk1/Qn1b2b1/BB1p2pp/3Pp3/1P6/6pP/2P2P1N/R5K1 w - -,a6b7 g3h2 g1h2 c8c4 a1a3 c4b4 a3g3 d7f5 b7a6 f8f7,-125
r1bq1rk1/p1pn2pp/1pnpp3/5p2/2PPPP2/P1PB4/4N1PP/R1BQK2R w KQ -,e2g3 c6a5 e1h1 c8a6 d1e2 g7g6 a1b1 d7f6 e4e5 f6e8,24
4k3/1pp3pp/4p3/pP1p1p2/P1PP4/8/4PPPP/R3K3 w - -,c4d5 e6d5 e2e4 d5e4 b5b6 e8d7 d4d5 c7b6 a1b1 f5f4,605
r1bqkbnr/1p4pp/p3pp2/3pP3/1n1P4/5N2/PP2BPPP/RNBQK2R w KQkq -,b1c3 b4c6 e1h1 g8e7 f1e1 f6e5 d4e5 e7g6 e2d3 f8c5,121
r5k1/ppp1qp1p/4b3/3p2N1/7P/4R3/P1PP1QP1/6K1 w - -,e3g3 f7f6 g5e6 g8h8 e6c7 a8d8 c7b5 a7a6 b5d4 b7b5,555
r1bqk2r/1pp2ppp/2np1n2/p1b1p3/2B1P3/2PP1N2/PPQ2PPP/RNB1K2R w KQkq -,e1h1 e8h8 h2h3 g8h8 c1e3 f6h5 d3d4 c5b6 c2e2 f7f5,-9
8/3k1p1p/pB4p1/P7/6P1/5P2/5K1P/b7 w - -,f3f4 f7f5 h2h3 a1c3 f2e3 c3b4 g4f5 g6f5 e3d4 d7d6,-286
r1bqk2r/1pp2pp1/p1pb1n2/4p2p/8/1P1PP3/PBP1NPPP/RN1QK2R w KQkq -,h2h4 d8e7 b1c3 c8e6 a2a3 e8a8 e2g3 d6c5 d1e2 c5b6,-43
8/5p1P/P4R2/8/2k2P2/r4K2/8/8 w - -,h2h4 d8e7 b1c3 c8e6 a2a3 e8a8 e2g3 d6c5 d1e2 c5b6,Mate
8/5p1p/pBk3p1/P7/6P1/4KP2/7P/b7 w - -,f3f4 c6d5 g4g5 d5c4 f4f5 a1e5 e3e4 e5h2 b6e3 h2g3,-241
rnbqk2r/pp3ppp/3b1n2/3Np3/2BpP3/5N2/PPP2PPP/R1BQK2R w KQkq -,e1h1 e8h8 c1g5 d6e7 g5f6 e7f6 a1c1 b8c6 c2c3 c8e6,35
6k1/p4p2/1p4p1/8/1P2PQP1/P2q2P1/5PK1/8 w - -,f4e3 d3c4 g2h2 c4e6 g4g5 e6a2 h2g2 a2c4 e4e5 b6b5,220
r1bqkb1r/pp1n1ppp/4pn2/3p4/3P4/2N2N2/PPP1QPPP/R1B1KB1R w KQkq -,h2h4 f8d6 g2g4 e8h8 g4g5 f6h5 f3e5 g7g6 c1d2 a7a6,17
r3k2r/1ppqbp2/p1n1pn1p/2Pp1bp1/3P1B2/2N1PN1P/PP2BPP1/R2Q1RK1 w kq -,f3e5 c6e5 f4e5 e8h8 b2b4 d7d8 a2a4 c7c6 e2d3 f5d3,98
rnbqk2r/pp3ppp/3b4/3np3/2BpP3/5N2/PPP2PPP/R1BQ1RK1 w kq -,c4d5 h7h6 c2c3 d4c3 b2c3 d8e7 g2g3 b8d7 f3h4 d7b6,41
3k4/1pp3pp/4p3/pPPp1p2/P2P4/8/4PPPP/R3K3 w - -,g2g4 f5g4 e1f1 d8e7 e2e4 d5e4 a1e1 h7h5 e1e4 e7f6,539
r1bq1rk1/p3ppbp/nnp3p1/8/4P3/P4NP1/1PQ2PBP/RNB2RK1 w - -,f1d1 d8e8 c1e3 c6c5 b1c3 a8b8 b2b3 c8g4 a1c1 e8c8,91
2k4r/p4p2/1p2n1p1/3RPp1p/2P2P1P/6P1/P3B3/6K1 w - -,g1f1 h8e8 e2f3 e8e7 d5d6 e7d7 f3c6 d7d8 f1f2 c8c7,14
8/5p1p/pB4p1/Pk6/4K1P1/5P2/7P/b7 w - -,e4f4 a1c3 f4g5 c3a5 b6e3 a5b4 e3c1 b5c4 f3f4 a6a5,-292
r4qk1/ppp4p/4pQ2/3p4/7P/8/P1PP2P1/4R1K1 w - -,f6e6 f8f7 e6g4 f7g6 g4g6 h7g6 e1e7 a8c8 g1f2 a7a5,190
8/5p1P/P4R2/8/2k2PK1/8/8/r7 w - -,f6g5 f8g7 g5h5 g7f7 h5g4 f7g6 g4e6 g6e6 e1e6 a8f8,Mate
3k4/2bq1p2/1Qp2p2/4p3/1P6/2rP1N1r/5P2/R2R1K2 w - -,a1a8 d8e7 b6a6 h3f3 a6c8 d7c8 a8c8 e7d7 f1e2 f3f2,-575
rnb1k2r/ppp1qppp/3b1n2/3P4/2BP1p2/5N2/PPP1Q1PP/RNB1K2R w KQkq -,e2e7 e8e7 c4b3 c7c6 b1c3 h8d8 c1d2 c6d5 c3d5 f6d5,65
3k4/2p3pp/1pP1p3/pP1p1p2/P2P4/8/4PPPP/R3K3 w - -,g2g4 f5g4 e2e4 d8e7 e4d5 e6d5 f2f3 g4f3 e1f2 e7f6,659
r3k1nr/pp3p1p/3p2p1/2pP4/3nPb1q/2N1B3/PPPKB2P/R2Q3R w kq -,e3f4 h4f4 d2d3 g8f6 h1f1 f4e5 d1d2 d4e2 d3e2 e5h2,-313
8/4b3/8/2p4k/1pP2P1p/2n2K2/P7/2N1N3 w - -,,0
5rk1/Qn1b2b1/BB1p2pp/3Pp3/1P6/2q3PP/2P4N/R5K1 w - -,a6f1 b7c5 b6c5 d6c5 f1g2 c5b4 a1f1 d7f5 d5d6 e5e4,-192
r5k1/ppp2q1p/4Q3/3p4/7P/8/P1PP2P1/4R1K1 w - -,e6g4 f7g6 g4g6 h7g6 e1e7 a8f8 e7c7 f8f4 c7b7 f4a4,195
3r4/6kp/1p2pp2/pR1n4/P2PN1p1/6P1/1P2rP1P/5RK1 w - -,e4c3 d5c3 b2c3 d8c8 b5b6 c8c4 f1a1 c4c3 b6b5 c3c2,-14
8/8/6p1/R7/p5P1/P3k1K1/1r6/8 w - -,g3h4 b2c2 a5a4 c2c5 a4a6 g6g5 h4h5 e3f3 a3a4 f3g3,454
rn2k1nr/1bpp1ppp/pp2p3/8/1bPPPP1q/2NB4/PP4PP/R1BQK1NR w KQkq -,g2g3 h4e7 g1f3 g8f6 d1e2 d7d5 c4d5 e6d5 e4e5 f6e4,80
r5k1/ppp4p/6q1/3p4/6QP/8/P1PP2P1/4R1K1 w - -,g4g6 h7g6 e1e7 a8c8 g1f2 b7b5 e7d7 c7c6 d7a7 c8f8,203
7Q/5p2/P4R2/8/2k2PK1/8/8/6r1 w - -,g4f3 c7c6 h4h5 g6g5 e1f1 g8h8 f3e2 a8g8 f1f7 g8g7,Mate
4R3/8/2Q5/5P2/8/3k4/8/K7 w - -,g4f3 c7c6 h4h5 g6g5 e1f1 g8h8 f3e2 a8g8 f1f7 g8g7,Mate
rn2k1nr/pbppqpbp/1p2p1p1/8/2PPP3/2NB4/PP1B1PPP/R2QK1NR w KQkq -,g1f3 d7d6 d2g5 g7f6 g5e3 f6g7 d1d2 g8f6 e1h1 b8d7,92
8/1q5k/1b1pbppp/4p3/1pPPP2P/1Q3NP1/5PB1/6K1 w - -,b3b4 b7c7 d4e5 f6e5 g2f1 b6c5 b4d2 h7g7 d2c2 c7a5,9
8/7R/3k2p1/r7/8/8/5KPP/8 w - -,h7f7 d6e6 f7f8 a5h5 f2g3 h5g5 g3f3 g5h5 h2h3 e6e7,2
r1bqkb1r/p1pppppp/1pn2n2/6B1/2PP4/8/PP2PPPP/RN1QKBNR w KQkq -,b1c3 e7e6 e2e4 h7h6 g5e3 f8b4 e4e5 f6e4 a1c1 e4c3,42
r4rk1/pppq1ppp/1b1p2n1/4p1Nn/1PB1P3/2PP3P/P4PP1/R1BQR1K1 w - -,d1h5 h7h6 h5g6 h6g5 g6g5 a7a5 g5g3 g8h8 b4b5 a5a4,525
2r3k1/ppp1R3/6p1/3p4/7P/8/P1PP2P1/6K1 w - -,g1f2 b7b5 e7d7 c7c5 d7d5 a7a5 d5d6 g8g7 d6d7 g7f6,207
r3k2r/1ppqbp2/p1n1pn1p/2Pp1b2/3P2p1/2N1PN1P/PP2BPPB/R2Q1RK1 w kq -,h3g4 f6g4 h2f4 h6h5 b2b4 h5h4 b4b5 a6b5 e2b5 a8a3,66
2kr1b1r/5ppp/p3b3/Pp1np3/8/4N1P1/P3PPBP/R1B2RK1 w - -,e3d5 e6d5 c1g5 d8d6 a1c1 c8b7 g5e3 d5g2 g1g2 d6e6,32
8/pp6/1kp1Nn2/2p3R1/4P1p1/6P1/Pr5r/K2R4 w - -,d1e1 b2a2 a1b1 h2b2 b1c1 b2c2 c1b1 c5c4 g5c5 c2b2,-619
3B4/5pkp/p5p1/b7/6P1/5P2/r6P/2R4K w - -,c1c8 a5d8 c8d8 a6a5 d8d6 a5a4 d6a6 h7h5 h2h3 a4a3,-152
r2q1rk1/3bb1p1/p1n1p2p/1p1pPp2/1PnP4/P1NQBN1P/2B2PP1/R1R3K1 w - -,c1b1 a6a5 c3b5 a5b4 a3a4 d8b6 e3d2 c4d2 d3d2 c6a5,-78
5rk1/ppp1R3/6p1/3p4/7P/8/P1PP1KP1/8 w - -,f2e3 f8f7 e7f7 g8f7 e3d4 f7e6 d4c5 c7c6 g2g4 e6d7,223
3k4/2p3pp/1pP1p3/pP1p4/P2P1p2/5P2/4P1PP/R3K3 w - -,e2e3 f4e3 g2g4 d8e8 e1e2 e8f8 e2e3 f8e7 e3f4 e7f6,654
2q2rk1/Qn4b1/BB1p2pp/3Pp3/1P6/6Pb/2P4N/R5K1 w - -,b6f2 e5e4 a1e1 c8c2 a6f1 h3f1 e1f1 b7d8 f2d4 f8f1,-127
8/5pkp/p5p1/r7/6P1/5P2/7P/2R4K w - -,c1c8 a5a2 g4g5 h7h6 f3f4 h6h5 c8c5 a6a5 h2h3 h5h4,-161
r1b2rk1/p4pp1/2pq3P/1p1pn3/3P3P/2N1P3/PPQ2P2/2KR3R w - -,h1g1 e5g4 h6g7 f8e8 g1g2 g4h6 g2g5 d6f6 c2d2 c8f5,-192
rn2k1nr/1bppqppp/pp2p3/8/1bPPPP2/2NB2P1/PP5P/R1BQK1NR w KQkq -,g1f3 g8f6 d1e2 b6b5 c4b5 b4c3 b2c3 a6b5 e1h1 c7c5,98
3k4/2p4p/1pP1p3/pP1p2p1/P2P1p2/4PP2/6PP/R3K3 w - -,e3f4 d8e7 e1f2 g5f4 g2g3 f4g3 f2g3 e7f6 g3f4 f6g6,1186
6k1/ppp1Rr2/6p1/3p4/7P/4K3/P1PP2P1/8 w - -,e7f7 g8f7 e3d4 f7e6 d4c5 c7c6 g2g4 e6d7 c5d4 d7d6,330
r1bqkb1r/1ppppppp/p1n2n2/6B1/2PP4/8/PP2PPPP/RN1QKBNR w KQkq -,b1c3 e7e5 d4d5 c6e7 g2g3 d7d6 e2e4 h7h6 g5e3 f6g4,60
5r1k/3q2bp/p5n1/4pR2/P3N1Q1/B6P/2p3PK/8 w - -,f5h5 d7g4 h3g4 f8f1 h5f5 f1e1 e4g5 h8g8 f5f2 c2c1b,-360
8/ppp2k2/6p1/3p4/7P/4K3/P1PP2P1/8 w - -,e3d4 f7e6 d4c5 c7c6 g2g4 e6d7 h4h5 g6h5 g4h5 b7b6,369
5rk1/QB4b1/1B1p2pp/3Pp3/1P6/6Pb/2q4N/R5K1 w - -,a7a2 c2c3 a2a3 c3d2 a3a2 d2b4 a1b1 b4e4 b7a6 f8a8,Mate
1K6/8/2k5/8/3Q4/8/6b1/8 w - -,a7a2 c2c3 a2a3 c3d2 a3a2 d2b4 a1b1 b4e4 b7a6 f8a8,Mate
r1bqk2r/1p1nppb1/p4n1p/3PN1p1/B2P4/8/PP3PPP/RNBQK2R w KQkq -,b1c3 e8h8 h2h4 d7e5 d4e5 f6g4 f2f3 g4e5 h4g5 c8f5,143
r2qr1k1/1b3pb1/6pp/1pp1P2n/1n6/RQ3N1P/1P1N1PP1/1BB1R1K1 w - -,d2e4 g7e5 e4c5 b7f3 b3f3 a8c8 c5e4 e5g7 e1d1 d8e7,93
r3kb1r/2qp1ppp/p3p3/2pbP3/2N5/8/PPP2PPP/R1BQR1K1 w - -,c4d6 f8d6 d1d5 e6d5 e5d6 e8d8 d6c7 d8c7 g1f1 a6a5,429
rnbqkb1r/p3nppp/1pp1p3/3p4/2PP4/2N1PN2/PP3PPP/R1BQKB1R w KQkq -,f1d3 d5c4 d3c4 e7d5 e3e4 d5c3 b2c3 f8e7 f3e5 b6b5,86
r3k2r/1ppqbp2/p1n1p2p/2Pp1bp1/3Pn3/2N1PN1P/PP2BPPB/R2Q1RK1 w kq -,c3e4 f5e4 b2b4 e8h8 d1d2 b7b6 a2a4 b6c5 d4c5 e7f6,99
3k4/2p4p/1pP1p3/pP4p1/P2Ppp2/5P2/6PP/R3K3 w - -,f3e4 d8e8 a1d1 g5g4 d4d5 e6d5 e4d5 e8e7 d5d6 c7d6,852
5n1k/3q2bp/p7/4p3/P3N1Q1/B6P/2p3PK/8 w - -,g4h4 f8g6 h4e1 d7a4 a3c1 a4c6 e1e2 h7h6 e4g3 g6f4,-200
1q2r1k1/p4pp1/BP2pn2/1Q1p3p/PP6/5PP1/4P2P/2rR2K1 w - -,b5e8 f6e8 d1c1 b8b6 g1g2 b6a6 g2f1 e8d6 a4a5 d6c4,-500
8/2p5/2P2p1p/6p1/pPK3P1/5P1P/1k6/8 w - -,c4b5 a4a3 b5a6 a3a2 a6b7 a2a1q b7c7 a1a4 c7d7 a4b5,-640
8/1q3p1k/3pb2p/7p/1pPpP3/1Q4P1/5PB1/6K1 w - -,b3d3 b7b6 g2f1 h7g7 d3b3 b6a5 b3b2 a5c5 b2b3 g7f8,-254
2kr2n1/3b1q2/p1p1p3/1p1pP1pQ/P2P4/1PPB4/5PP1/1RB1K3 w - -,h5f7 g8h6 f7h7 c6c5 h7h6 g5g4 d4c5 g4g3 f2g3 c8b8,1100
8/ppp5/4k1p1/3p4/3K3P/8/P1PP2P1/8 w - -,d4c5 d5d4 c5d4 e6f5 d4d5 a7a5 d2d4 a5a4 c2c4 f5f6,412
4r1k1/pbpn2pp/1p1ppr1q/5p2/2PPn3/P1BBPN2/1P3PPP/R2Q1RK1 w - -,g1h1 f6g6 d3e4 f5e4 f3g1 h6g5 g2g3 d7f6 a3a4 a7a5,-187
3k4/2p4p/1pP1p3/pP6/P2PPpp1/8/6PP/R3K3 w - -,a1d1 f4f3 g2f3 h7h5 d4d5 e6d5 e4d5 d8c8 d5d6 c7d6,1012
r3k2r/p1p2pp1/2pp3p/1q6/3PP3/5N2/1PQ2PPP/R3K2R w KQkq -,c2a4 e8h8 a4b5 c6b5 e1d2 a7a5 h1c1 f8e8 c1c7 e8e4,378
r1bqkb1r/pppppp1p/2n5/8/2PPn2p/5P2/PP2P1PP/RN1QKBNR w KQkq -,g2g4 e4f6 d4d5 c6e5 g4g5 f6h5 e2e3 e5g6 f3f4 h5g7,-315
2k3nr/pp3ppp/2n1b3/P7/8/P1b5/3r1PPP/R2QKB1R w - -,d1d2 c3d2 e1d2 c6a5 d2e1 g8f6 f2f3 c8b8 a1c1 h8d8,-395
1K6/8/5Q2/1k6/8/8/6b1/8 w - -,d1d2 c3d2 e1d2 c6a5 d2e1 g8f6 f2f3 c8b8 a1c1 h8d8,Mate
r1b1k1nr/pp1n1ppp/1q1bp3/3p2B1/3P4/2N2N2/PPP1QPPP/R3KB1R w KQkq -,c3b5 d6b8 e1a1 h7h6 g5h4 g8e7 b5c3 b8d6 g2g4 a7a6,25
4r1k1/p4pp1/Bq2pn2/1Q1p3p/PP6/5PP1/4P2P/2R3K1 w - -,b5b6 a7b6 a4a5 b6a5 b4a5 e8e7 c1c8 g8h7 a6d3 g7g6,318
5rk1/Qn4b1/BB1p2pp/3Ppq2/1PP5/6Pb/7N/R5K1 w - -,a6b7 f5e4 a7a2 f8b8 a2d2 b8b7 c4c5 h6h5 a1e1 e4c4,-151
r1b1kbnr/ppp1pppp/4q3/8/3n4/2NQ4/PPPP1PPP/R1B1KBNR w KQkq -,g1e2 d4f5 b2b3 c8d7 c1b2 e8a8 e1a1 e6b6 g2g4 f5d6,-14
r1bqk2r/pppppp1p/2n4b/8/2PPP2p/8/PP2P1PP/RN1QKBNR w KQkq -,g2g3 e7e5 d4d5 c6d4 b1c3 d8g5 g1f3 d4f3 e2f3 h4g3,-89
8/5pkp/7R/4PKPp/7r/5P2/8/8 w - -,h6a6 h4b4 f3f4 b4b2 a6f6 b2a2 f6h6 a2h2 h6d6 h2b2,18
r2q1rk1/1b2nppp/p1nBp3/1p4P1/4P3/1BN5/PP4PP/R2Q1RK1 w - -,d6c5 d8c7 d1d2 c6a5 d2d4 a5c6 d4e3 c6e5 c5b6 c7b8,33
3k4/2p4p/1pP5/pP1p4/P3Ppp1/8/6PP/R3K3 w - -,e4d5 d8e7 a1d1 e7d6 e1f1 d6e7 d5d6 c7d6 f1f2 h7h6,1113
4r1k1/5pp1/Bp2pn2/3p3p/PP6/5PP1/4P2P/2R3K1 w - -,a4a5 b6a5 b4a5 e8e7 c1c8 g8h7 a6d3 g7g6 g1f2 h7g7,326
8/2K5/5Q2/1k1b4/8/8/8/8 w - -,c1c6 e8b8 c6c8 b8c8 a6c8 f6e8 a4a5 b6a5 b4a5 e8c7,Mate
r2qr1k1/5pb1/6Bp/1ppbP2n/1n6/RQ3N1P/1P1N1PP1/2B1R1K1 w - -,g6f7 d5f7 e5e6 e8e6 e1e6 h5f4 e6d6 f7b3 d6d8 a8d8,-311
rq2k2r/p1p2pp1/2pp3p/1b6/P2PP3/5N2/1PQ2PPP/R3K2R w KQkq -,a4b5 b8b5 c2a4 b5a4 a1a4 a8b8 a4a7 e8d7 e1h1 b8b2,379
r3k2r/1ppqbp2/p1n1p2p/2Pp2p1/3Pb3/4PN1P/PP2BPPB/R2Q1RK1 w kq -,b2b4 e8h8 d1d2 b7b6 a1c1 f7f6 a2a3 b6b5 c1a1 f8b8,94
rnbqkb1r/p3np1p/1pp1p1p1/3p4/2PP4/2NBPN2/PP3PPP/R1BQK2R w KQkq -,h2h4 f8g7 h4h5 e8h8 h5g6 f7g6 f3g5 h7h6 g5f3 c6c5,102
3k4/2p5/1pP4p/pP1P4/P4pp1/8/6PP/R3K3 w - -,e1h1 f8g7 e3e4 e8h8 d1e2 d5e4 d3e4 b8d7 c1g5 d7f6,Mate
8/8/8/6p1/R5P1/P3k1K1/1r6/8 w - -,a4a5 b2b3 a5g5 b3a3 g5b5 e3d3 g3h4 a3a1 h4h5 d3d4,500
8/5pkp/7R/4PKPp/5P2/8/8/7r w - -,f5e4 h1h3 h6a6 h3b3 a6d6 b3b4 e4f5 b4b1 d6h6 b1h1,15
r2q1rk1/2bb1ppp/pnp1p3/8/2P1Q3/4BN2/PP3PPP/RN1R2K1 w - -,e3b6 c7b6 f3e5 a8a7 c4c5 b6c5 e4d3 c5f2 g1h1 f7f6,242
5rk1/QB4b1/1B1p2pp/3P1q2/1PP1p3/6Pb/7N/R5K1 w - -,b7c8 f5c8 a1c1 c8e8 b6f2 e8e5 a7a3 f8f2 g1f2 e4e3,-288
8/p1p5/1p2k1p1/3p4/3K2PP/8/P1PP4/8 w - -,d4e3 c7c5 h4h5 e6f6 h5g6 f6g6 e3f4 g6f6 g4g5 f6e6,378
rnb3k1/ppp2r1p/3p1qp1/3P4/1P1NPp2/P1Q4P/3BBPP1/5RK1 w - -,f1c1 a7a6 c3a1 b8d7 c1c7 d7e5 a1c1 f7c7 c1c7 e5f7,97
r2q1rk1/3b1ppp/pbp1p3/8/2P1Q3/5N2/PP3PPP/RN1R2K1 w - -,f3e5 a8a7 c4c5 b6c5 e4d3 c5f2 g1h1 f7f6 e5d7 f8f7,226
1b1k4/3q1p2/Q1p2p2/4p3/1P6/2rP1N1r/5P2/R2R1K2 w - -,b4b5 c3d3 a6b6 d8e7 b6c5 e7e8 f1e2 e5e4 f3h2 h3h2,-384
r3kb1r/pppnpppp/2q2n2/7b/2pP4/2N1PN1P/PP2BPP1/R1BQ1RK1 w kq -,b2b3 e7e6 b3c4 f8e7 d1b3 c6b6 a1b1 h5g6 c4c5 b6b3,112
r1bq1r1k/pp2bppp/2np4/2pBp3/P3P3/3P1N2/1PP2PPP/R1BQR1K1 w - -,c1d2 f7f5 h2h3 a7a5 c2c3 h7h6 a1b1 c8d7 b2b4 a5b4,28
r3k2r/1ppqbp2/p3p2p/2Ppn1p1/3Pb3/4P2P/PP2BPPB/R2Q1RK1 w kq -,h2e5 e8h8 a2a4 c7c6 a1a3 f7f6 e5h2 g8h8 b2b4 e7d8,74
rnbqk2r/pp2bppp/5n2/3p4/8/1NNp2P1/PP2PPBP/R1BQK2R w KQkq -,d1d3 e8h8 e1h1 b8c6 f1d1 c6b4 d3b1 c8e6 c1f4 b4c6,86
6k1/1p4bp/p5p1/4p3/3pN3/1P1P4/n1rB2PP/R6K w - -,h1g1 a2c3 d2c3 d4c3 g1f1 g7h6 a1a5 h6e3 a5e5 g8f8,-329
8/p1p5/1p4p1/3pk3/6PP/4K3/P1PP4/8 w - -,h4h5 c7c5 h5h6 d5d4 e3f3 e5f6 g4g5 f6f7 f3e4 f7g8,520
2Q5/8/1p3p1p/6p1/2K3P1/5P1P/1k6/q7 w - -,c8f8 a1a4 c4d5 a4d7 d5e4 d7c6 e4d3 c6f3 d3d4 b2c2,-435
rnb3k1/1pp2r1p/p2p1qp1/3P4/1P1NPp2/P1Q4P/3BBPP1/2R3K1 w - -,a3a4 b8d7 d4e6 f6c3 c1c3 d7f6 e6c7 a8b8 f2f3 c8d7,97
rnbq1rk1/pp2bppp/5n2/3p4/8/1NNQ2P1/PP2PPBP/R1B1K2R w KQ -,e1h1 b8c6 c1f4 c8e6 f1d1 d8c8 a1c1 f8d8 c3a4 e6g4,87
r2qr1k1/5pb1/6pp/1ppbP2n/1n2N3/RQ3N1P/1P3PP1/1BB1R1K1 w - -,b3d1 d5c6 e4d6 e8e6 c1d2 a8a3 b2a3 b4d5 d6e4 e6e7,94
8/5pkp/7R/4P1Pp/4KP2/7r/8/8 w - -,e4d4 h3f3 d4e4 f3h3 h6d6 h3a3 e4f5 a3a1 d6h6 a1h1,15
r2q1rk1/ppp2ppp/1b1p2n1/4p1N1/1PB1Pn2/2PP3P/P4PP1/R1BQR1K1 w - -,g5f3 a7a5 b4a5 b6a5 c1d2 d8d7 d3d4 e5d4 c3d4 b7b5,23
r1b3k1/1ppn1r1p/p2p1qp1/3P4/PP1NPp2/2Q4P/3BBPP1/2R3K1 w - -,d4e6 d7e5 e6f4 g6g5 f4d3 g5g4 d3e5 f6f2 g1h1 g4h3,118
rnbqk2r/p3npbp/1pp1p1p1/3p4/2PP3P/2NBPN2/PP3PP1/R1BQK2R w KQkq -,h4h5 e8h8 h5g6 f7g6 f3g5 h7h6 g5f3 c6c5 c4d5 e6d5,109
1bk5/1q3p2/Q1p2p2/4p3/1P6/2rP1N1r/5P2/R2R1K2 w - -,a6b7 c8b7 f1g2 h3h8 a1c1 c3c1 d1c1 h8d8 f3e1 b8d6,-97
8/5pkp/7R/4PPPp/4K3/8/8/7r w - -,e5e6 f7e6 f5e6 h1a1 e4d5 a1a5 d5d6 a5a6 d6d7 a6a7,3
8/2p1k3/1pP4p/pP1P4/P4pp1/8/6PP/3RK3 w - -,e4d5 h1d1 d5c6 d1e1 e5e6 f7e6 f5f6 g7g8 c6d6 e1a1,Mate
rnbq1rk1/pp2bppp/8/3n4/8/1N1Q2P1/PP2PPBP/R1B1K2R w KQ -,d3d1 d5f6 e1h1 b8c6 c1e3 c8e6 b3c5 e7c5 e3c5 f8e8,-388
rn1qkb1r/1bp1pppp/p4n2/1p1p2B1/3P4/4PN2/PPPN1PPP/R2QKB1R w KQkq -,c2c3 h7h6 g5h4 e7e6 b2b4 b8d7 a2a4 b7c6 h4f6 g7f6,70
6k1/1p5p/p5pb/2R1p3/4N2P/1P1P4/2p3PK/2r5 w - -,c5c4 g8f8 h2g3 h6e3 e4f6 c1f1 f6h7 f8g8 c4c2 g8h7,-429
r1b3k1/1pp2r1p/p2pNnp1/3P4/PP2Pp2/2R4P/3BBPP1/6K1 w - -,e6c7 a8b8 f2f3 c8d7 b4b5 a6b5 c7b5 d7b5 e2b5 b8a8,104
r1bqr1k1/1ppn1ppp/3b1n2/p2p4/1P1P4/P1NBP3/4NPPP/R1BQ1RK1 w - -,b4b5 d6h2 g1h2 f6g4 h2g3 d7f6 f1h1 d8d6 e2f4 g7g5,-48
8/p1p5/1p6/3pk2p/6P1/4K3/P1PP4/8 w - -,g4h5 e5f6 e3d4 f6e6 h5h6 c7c5 d4e3 d5d4 e3d3 e6f7,569
R7/8/1r1KPk2/8/8/8/8/8 w - -,,0
r1b2rk1/pp2bppp/2n5/3B4/8/1N4P1/PP2PP1P/R1B1K2R w KQ -,c1d2 a7a5 a2a4 c6b4 d5e4 f8d8 d2c3 f7f5 e4b1 g7g6,63
8/8/8/R5p1/6P1/Pr2k1K1/8/8 w - -,a5g5 b3a3 g5b5 e3d3 g3h4 a3a1 h4h5 d3d4 g4g5 a1h1,500
r1bq1k1r/pppp2pp/3n1p2/4R3/2B5/B1P5/P1PP1PPP/R2Q2K1 w - -,d1h5 d8e7 e5e7 f8e7 h5f7 e7d8 f7g7 c7c5 g7h8 d8c7,1408
8/2p5/1pPk3p/pP1P4/P4pp1/8/3R2PP/4K3 w - -,e5e1 g7g6 e1e3 f8g7 a3d6 c7d6 d1e2 h8f8 e3e7 g7h8,Mate
1rb3k1/1pN2r1p/p2p1np1/3P4/PP2Pp2/2R4P/3BBPP1/6K1 w - -,f2f3 c8d7 b4b5 f6e8 c7e6 a6b5 a4b5 b8a8 e2c4 d7e6,107
r1bn1rk1/ppp1q1pp/3pp3/1P6/8/2N2N2/1PP2PPP/R2Q1RK1 w - -,h2h3 a7a6 f1e1 a8b8 b5b6 c7c6 c3e4 d8f7 c2c4 e6e5,-85
3b4/1q3p1k/3pb1pp/4p3/1pP1P3/1Q1P1NP1/5PBP/6K1 w - -,d3d4 b7b6 d4e5 d6e5 g2f1 b6a5 b3c2 d8b6 f3d2 a5a1,-176
r2qk2r/2bb1ppp/pnp1p3/8/2P1Q3/5N2/PP3PPP/RNBR2K1 w kq -,c1e3 d8e7 e3b6 c7b6 f3e5 e7c5 e4e1 a8d8 b2b4 c5e7,139
r2q2k1/5pb1/2bNr1pp/1pp1P2n/1n6/R4N1P/1P3PP1/1BBQR1K1 w - -,c1d2 a8a3 b2a3 b4d5 d6e4 e6e7 g2g4 f7f5 g4f5 g6f5,82
8/6kp/4P2R/6Pp/4K3/8/8/r7 w - -,,0
5q1k/3P2b1/p5Qp/4p2R/P3N3/7P/6PK/2q5 w - -,h5f5 f8f5 g6f5 c1d1 f5f7 h6h5 f7e8 h8h7 d7d8q d1d8,1013
6k1/p3bppp/bp6/3p4/4n3/1PB2NP1/P3PPBP/6K1 w - -,c3e5 a6e2 f3d4 e2d3 d4c6 e7c5 g2e4 d5e4 b3b4 c5f8,-67
8/p1p5/1p3k2/3p3P/8/4K3/P1PP4/8 w - -,h5h6 a7a6 e3d4 c7c6 h6h7 f6g7 d4e5 g7h7 e5d6 b6b5,703
r4rk1/p4ppp/3bpq2/3p4/1PbP1N2/P5P1/1BRQ1P1P/2R3K1 w - -,c1e1 f6f5 f4g2 c4b5 g2h4 f5h3 c2c3 f8c8 d2c1 c8c3,-92
4k3/8/3r2K1/8/8/1Q6/8/8 w - -,g6f5 e8e7 f5e5 d6g6 b3a3 e7f7 a3a7 f7e8 a7a4 e8f8,667
1r4k1/1pNb1r1p/p2p1np1/3P4/PP2Pp2/2R2P1P/3BB1P1/6K1 w - -,b4b5 f6e8 c7e6 a6b5 a4b5 b8a8 e2c4 a8a1 g1f2 a1b1,104
r1bqr1k1/1ppn1ppp/3b1n2/3p4/1p1P4/P1NBP3/4NPPP/1RBQ1RK1 w - -,b1b4 d6b4 a3b4 d7b6 f2f3 c8e6 e3e4 d5e4 f3e4 a8a1,-142
6k1/2R4p/pp4p1/4p3/4N1PP/1P1Pb3/2p4K/2r5 w - -,b3b4 g8f8 c7c6 f8e7 e4f6 e3g1 h2g3 g1d4 g3h2 b6b5,-475
r2qk2r/pp3p1p/3p1np1/2pPb3/4P3/2N1B3/PPP1QP1P/R3K2R w KQkq -,e3h6 d8e7 e1a1 e5c3 b2c3 e8a8 h1e1 h8e8 f2f3 f6d7,-23
1r2n1k1/1pNb1r1p/p2p2p1/1P1P4/P3Pp2/2R2P1P/3BB1P1/6K1 w - -,c7e6 a6b5 a4b5 b8a8 e2c4 a8a1 g1f2 a1b1 f2e2 g6g5,99
1kr5/4npp1/Pp2p2p/1P2P3/2rp4/1NP3P1/2R2PP1/K6R w - -,a6a7 b8a8 b3d2 c4c3 c2a2 c3c5 d2e4 c5e5 e4d6 c8c5,-207
r4rk1/pp2bppp/2n1b3/3B4/8/PN4P1/1P2PP1P/R1B1K2R w KQ -,d5g2 e6b3 e1h1 a7a5 c1e3 a5a4 a1c1 f8e8 h2h4 a8c8,-478
r1b1k2r/p2p2pp/4p3/2p5/2P1nP2/B7/PP2K1PP/R4B1R w kq -,e2e3 c8b7 f1d3 e4f6 a3c5 d7d5 h1c1 e8f7 g2g3 d5c4,162
6qk/3P2b1/p5Qp/4pR2/P3N3/7P/6PK/2q5 w - -,a1e1 c8b7 e2e3 d7d6 h1g1 a7a5 g2g4 e4f6 g4g5 f6h5,Mate
8/8/8/6R1/4k1P1/Pr4K1/8/8 w - -,g3h4 b3a3 g5b5 a3a1 g4g5 e4d3 h4h5 a1a8 g5g6 a8h8,555
8/2p5/2P2p1p/p5p1/2K3P1/1P3P1P/1k6/8 w - -,c4d4 b2b3 d4d5 a5a4 d5e6 a4a3 e6d7 a3a2 d7c7 a2a1q,-539
r2r2k1/1b2nppp/p1n1p3/1pB3P1/4P3/1BN5/PP4PP/3R1RK1 w - -,c3d5 e7g6 d5b6 d8d1 f1d1 a8d8 g1f2 d8d1 b3d1 g6f4,49
8/p7/1p6/2ppk2P/8/4K3/P1PP4/8 w - -,d2d4 e5f6 h5h6 f6g6 e3f4 g6h6 f4e5 c5d4 e5d4 h6g5,762
r1bn1rk1/pp2q1pp/1p2p3/1N1p4/8/5N2/1PP2PPP/R2Q1RK1 w - -,f1e1 d8c6 a1a3 c8d7 b5c7 a8d8 a3e3 d5d4 e3e4 e7c5,-92
r4rk1/pp2b1pp/2n1p3/8/8/PN4P1/1P2PP1P/R1B1K2R w KQ -,c1e3 f8d8 a1b1 a8c8 e1h1 b7b6 b1d1 d8d1 f1d1 e7f6,121
8/pp6/1kp2n2/2N3R1/4P1p1/6P1/r6r/K2R4 w - -,a1b1 h2b2 b1c1 b2e2 c1b1 a2a5 g5g6 a5b5 b1a1 b6c5,-636
1br1r1k1/1p3pp1/p1pq1nbp/3p4/1P1N2n1/P2PP3/1B2BPPP/R2QRNK1 w - -,e2g4 f6g4 d1g4 a6a5 d4f3 a5b4 a3b4 d6f8 f1g3 b8d6,383
r3n1k1/1p1b1r1p/3pN1p1/1P1P4/4Pp2/2R2P1P/3BB1P1/6K1 w - -,e2c4 a8a1 g1h2 a1d1 c3d3 b7b6 e6d8 f7f6 d2b4 d1b1,98
8/2p5/1pPk4/pP1P3p/P2R1pp1/8/6PP/4K3 w - -,e2c4 a8a1 g1h2 a1d1 c3d3 b7b6 e6d8 f7f6 d2b4 d1b1,Mate
r2n1rk1/Np1bq1pp/1p2p3/3p4/8/5N2/1PP2PPP/R2Q1RK1 w - -,c2c4 d8c6 a7c6 d7c6 a1a8 f8a8 f3e5 d5c4 e5c4 e7g5,-67
8/2p5/2P2p1p/K5p1/2k3P1/5P1P/8/8 w - -,a5a6 c4c5 a6a5 c5c6 a5b4 c6d5 b4a3 d5e5 a3a2 c7c5,Mate
rnb5/p5k1/2pq1rp1/1p1pN2p/3P1P1P/4P1N1/PPQ5/2KR3R w - -,d1g1 g7f8 f4f5 c8f5 g3f5 g6f5 c2g2 f8e8 g2g5 b8d7,442
r3k2r/pp3p1p/3p1npB/q1pPb3/4P3/2N5/PPP1QP1P/R3K2R w KQkq -,e1h1 e8a8 h6d2 d8e8 f2f4 e5d4 g1h1 a5b6 e2d3 f6g4,-32
8/p7/1p3k2/2pp3P/3P4/4K3/P1P5/8 w - -,e3f4 b6b5 h5h6 c5c4 h6h7 f6g7 f4e5 g7h7 e5d5 h7h6,807
r2r2k1/1b2nppp/p7/npBP2P1/8/1B6/PP4PP/3R1RK1 w - -,g5g6 e7g6 c5b6 a5b3 b6d8 a8d8 a2b3 f7f6 d5d6 g6e5,-292
3r1rk1/pp2b1pp/2n1p3/8/8/PN4P1/1P2PP1P/R1B2RK1 w - -,c1e3 f8f5 a3a4 e7f6 b3c5 c6d4 e3d4 d8d4 f1c1 b7b6,164
4n1k1/1p1b1r1p/3pN1p1/1P1P4/2B1Pp2/2R2P1P/3B1KP1/1r6 w - -,f2e2 g6g5 e6g5 f7g7 d2f4 h7h6 g5e6 g7g2 e2e3 g8f7,85
rnbq1rk1/ppp1ppbp/3p2pn/4P3/2PP4/3B1N1P/PP3PP1/RNBQK2R w KQ -,e5d6 c7d6 e1h1 e7e5 b1c3 b8c6 c1g5 f7f6 g5h6 g7h6,41
8/1Kp5/2Pk1p1p/6p1/6P1/5P1P/8/8 w - -,b7b8 d6c6 b8a7 c6d5 a7b7 c7c5 b7b6 c5c4 b6c7 c4c3,-722
8/2p5/K1P2p1p/2k3p1/6P1/5P1P/8/8 w - -,h3h4 g5h4 a6b7 c5d6 b7a6 d6c6 a6a5 h4h3 a5b4 h3h2,-4387
4n1k1/1p1b1r1p/3pN3/1P1P2p1/2B1Pp2/2R2P1P/3BK1P1/1r6 w - -,e6g5 f7g7 d2f4 h7h6 g5e6 g7g2 e2e3 g8f7 f4h6 b1e1,85
r4rk1/Np1bqnpp/1p2p3/3pN3/8/8/1PP2PPP/R2Q1RK1 w - -,d1d4 f7e5 d4e5 e7c5 c2c3 f8f5 e5g3 e6e5 f1d1 e5e4,-158
8/p5k1/1p6/2pp3P/3P1K2/8/P1P5/8 w - -,h5h6 g7h6 f4e5 c5d4 e5d4 h6g6 d4d5 b6b5 d5c5 b5b4,883
1kr5/4npp1/Pp2p2p/1P2P3/3r4/1Np3P1/2R2PP1/K7 w - -,f2f4 d4a4 a1b1 a4b4 b1a2 b8a8 c2c1 e7d5 a2a3 c8c4,-690
rn1qkb1r/1bp1pppp/p4n2/3p2B1/Pp1P4/4PN2/1PPN1PPP/R2QKB1R w KQkq -,c2c4 b4c3 b2c3 e7e6 a1b1 a8a7 c3c4 c7c5 c4d5 b7d5,66
r4rk1/pp3p1p/3p1np1/q1pPb3/4P3/2N5/PPPBQP1P/R3K2R w KQ -,f2f4 e5d4 e1a1 a8e8 h1e1 a5a6 e2d3 a6d3 c2d3 f6g4,-52
4n1k1/1p1b2rp/3p4/1P1P2N1/2B1Pp2/2R2P1P/3BK1P1/1r6 w - -,d2f4 h7h6 g5e6 g7g2 e2e3 g8f7 f4h6 b1e1 e3d4 g2b2,79
8/2p5/1pP5/pP1Pk2p/P2R1pp1/8/3K2PP/8 w - -,d2f4 h7h6 g5e6 g7g2 e2e3 g8f7 f4h6 b1e1 e3d4 g2b2,Mate
8/1p3pk1/p4npp/3p4/3N4/P3PPP1/1P2K1P1/8 w - -,e2d3 g7f8 d4b3 f6e8 d3d4 e8d6 d4d5 d6f5 d5c5 f5e3,203
rnbq1rk1/pp3ppp/2pbpn2/3p4/2PP4/5NP1/PPQ1PPBP/RNB2RK1 w - -,b1c3 h7h6 e2e4 d5e4 c3e4 f6e4 c2e4 b8d7 f1e1 a7a5,95
3q1q1k/3P2b1/p5Qp/4p2R/P3N3/6PP/7K/8 w - -,g6c6 f8f7 g3g4 f7d7 c6a6 d7c7 e4f2 c7d6 a6a7 d8c7,-411
r4r1b/1pqb1p2/1n2pk2/p4ppQ/5P2/PBP5/1P4PP/3R1R1K w - -,g6c6 f8f7 g3g4 f7d7 c6a6 d7c7 e4f2 c7d6 a6a7 d8c7,Mate
r4r2/Np1bqkpp/1p2p3/3p4/8/8/1PP2PPP/R2Q1RK1 w - -,c2c3 e7c5 d1d3 f7g8 b2b4 c5c7 f2f3 h7h6 f1e1 c7f4,-89
4n1k1/1p1b2r1/3p3p/1P1P2N1/2B1PB2/2R2P1P/4K1P1/1r6 w - -,g5e6 g7g2 e2e3 g8f7 e6d8 f7e7 d8b7 d7b5 c4b5 b1b5,78
8/2p5/2P2p1p/pK4p1/6P1/1k3P1P/8/8 w - -,f3f4 g5f4 b5a6 a5a4 a6b7 f4f3 b7c7 f3f2 c7d8 f2f1r,-688
3r1rk1/p3b1pp/1p2p3/4n3/8/PN2B1P1/1P2PP1P/2R2RK1 w - -,b3d4 d8d6 c1c7 e7f6 d4b5 d6c6 c7c6 e5c6 b2b4 a7a5,264
r1bq1k1r/p1pp2pp/3n1p2/1p2R3/2B5/B1P2Q2/P1PP1PPP/R5K1 w - -,c4d5 b5b4 a3b4 a8b8 b4d6 c7d6 e5e3 c8b7 d5b7 g7g6,1038
1r5r/p2q2k1/3p1p2/2p1pPp1/2PnP1P1/2N5/PP1Q2K1/1R5R w - -,b2b3 b8f8 c3d5 d7d8 g2g3 d8e8 d2a5 e8b8 h1h8 f8h8,52
rnb1kbnr/1p1p1ppp/p3p3/2pP4/5B2/q1N1P3/P1P1NPPP/R2QKB1R w KQkq -,g2g3 e6e5 f4e5 d7d6 c3b1 a3a4 e5b2 a4b4 b2c3 b4e4,54
rn1qkb1r/1bp1pppp/p4n2/3p2B1/P2P4/2p1PN2/1P1N1PPP/R2QKB1R w KQkq -,d2b1 c3b2 a1a2 c7c5 a2b2 b7c6 g5f6 g7f6 d4c5 e7e6,-78
rnbqk2r/1p2bpp1/p2pp2p/8/3NP1n1/2NBB3/PPPQ1PPP/R3K2R w KQkq -,f2f4 g4e3 d2e3 b7b5 e1a1 d8b6 e3h3 b8d7 d4e6 f7e6,-24
1k6/4npp1/Pp2p2p/1P2P3/2rN4/2p3P1/2R2PP1/K7 w - -,a1a2 c4d4 c2c3 e7d5 c3f3 f7f5 e5f6 g7f6 g3g4 d4g4,-459
8/4k1K1/3r4/8/8/1Q6/8/8 w - -,b3f7 e7d8 g7f8 d8c8 f7f5 c8d8 f8f7 d6c6 f5g4 c6d6,790
r1bq1rk1/ppppbppp/2n2n2/8/4Pp2/2NP2P1/PPP3BP/R1BQK1NR w KQ -,g3f4 d7d5 e4e5 f6g4 g1f3 e7c5 d1e2 f7f6 e5e6 f6f5,-129
r1bqkbnr/p4ppp/1pnpp3/2p5/1P1PP3/P4N2/2P2PPP/RNBQKB1R w KQkq -,d4d5 e6d5 e4d5 c6e5 b4c5 b6c5 f3e5 d6e5 f1b5 c8d7,92
8/1p3ppk/p4n1p/3p4/3N4/P3P1P1/1P3PP1/5K2 w - -,d4f5 h7g8 f1e2 g8f8 e2d3 g7g6 f5d6 b7b5 f2f3 f8e7,108
r4rk1/pp3p1p/3p1np1/q1pP4/3bPP2/2N5/PPPBQ2P/R3K2R w KQ -,f4f5 a5a6 e2a6 b7a6 e1a1 d4c3 d2c3 f6e4 c3e1 f8e8,-112
3R4/8/1r2Pk2/3K4/8/8/8/8 w - -,,0
rn6/p7/2pq1rpk/1p1pNb1p/3P1P1P/4P1N1/PP2Q3/2KR2R1 w - -,g3f5 f6f5 g1g6 d6g6 e5g6 h6g6 d1g1 g6f7 e3e4 f5g5,1169
5rk1/p1Rrb1pp/1p2p3/4n3/8/PN2B1P1/1P2PP1P/5RK1 w - -,c7d7 e5d7 f1c1 e7f6 b3d4 d7c5 c1c4 f8e8 b2b4 c5a4,332
4n3/1p1b1k2/3pN2p/1P1P4/2B1PB2/2R1KP1P/6r1/1r6 w - -,f4h6 b1e1 e3d4 g2b2 h6c1 b2b1 c1f4 d7b5 c4b3 b5e2,87
rnbqk2r/4ppbp/p2p1np1/1ppP4/4PB2/2NB4/PPPQ1PPP/R3K1NR w KQkq -,g1f3 c5c4 d3e2 b5b4 c3d1 c4c3 d2e3 c3b2 a1b1 e8h8,-74
8/p1p5/1p3kp1/3p4/3P2PP/4K3/P1P5/8 w - -,e3f4 a7a5 g4g5 f6e7 f4g4 e7f8 h4h5 g6h5 g4h5 f8g7,343
r1bqk2r/pp1p1ppp/2n1p3/b7/3N4/2PQB3/P1P2PPP/R3KB1R w KQkq -,f1e2 e8h8 e1h1 c6e5 d3d2 d7d5 a1b1 a5b6 f2f4 e5d7,-150
r4rk1/ppq2ppp/1bp1bn2/4p3/2P5/2NBP3/PPQ2PPP/R1B2RK1 w - -,h2h3 c7e7 b2b3 a8d8 c1b2 d8d7 f1d1 f8d8 d3f5 e6f5,15
r1bq1rk1/ppp1bppp/2np1n2/8/4PB2/2NP2P1/PPP3BP/R2QK1NR w KQ -,d3d4 c8g4 g1e2 d6d5 e4e5 f6e4 c3e4 d5e4 c2c3 f7f6,40
4n3/1p1b1k2/3pN2B/1P1P4/2B1P3/2R1KP1P/6r1/4r3 w - -,e3d4 g2b2 h6c1 b2b1 c1f4 d7b5 c4b3 b5e2 e6d8 f7g6,82
6k1/p2rb1pp/1p2p3/4n3/8/PN2B1P1/1P2PP1P/2R3K1 w - -,h2h3 g8f7 g1g2 g7g5 b3d2 g5g4 c1c2 e7f6 d2e4 h7h5,221
8/1p1n1p2/6pp/p2pk3/3N2P1/PPK1PP2/6P1/8 w - -,b3b4 a5b4 c3b4 d7b6 b4c5 b6c4 d4c2 h6h5 g4h5 g6h5,7
8/8/8/6R1/4k1PK/r7/8/8 w - -,g5b5 a3a1 h4h5 a1g1 g4g5 g1h1 h5g6 h1h8 g6f6 h8f8,621
4n3/1p1b1k2/3pN2B/1P1P4/2BKP3/2R2P1P/1r6/4r3 w - -,h6c1 b2b1 c1f4 d7b5 c4b5 b1b5 h3h4 b5b2 h4h5 e1d1,82
3q3k/3Pq1b1/p5Qp/4pR2/P3N3/6PP/7K/8 w - -,f5f7 d8g8 f7e7 g8a2 h2g1 a2b1 g1f2 b1c2 f2f3 c2d1,840
6k1/p2r2pp/1p2p3/2b1n3/3N4/P3B1P1/1P2PP1P/2R3K1 w - -,d4e6 c5e3 f2e3 h7h6 h2h3 d7d2 c1c8 g8f7 e6d4 d2b2,209
1k6/5pp1/Pp2p2p/1P1nP3/2r5/2p3P1/2R1NPP1/K7 w - -,a6a7 b8a7 c2a2 a7b7 a2a3 c4e4 e2c3 d5c3 a3c3 e4e5,-361
4rk2/1Qp5/5p2/7p/P4R2/6P1/4q2P/5K2 w - -,,0
r2qkbnr/1p1b2pp/p3pp2/3pP3/1n1P4/5N2/PP2BPPP/RNBQ1RK1 w kq -,f1e1 g8e7 b1c3 e7g6 e5f6 g7f6 a2a3 b4c6 e2d3 e8f7,131
1br1k2r/1p1b1p1P/1q2pBn1/p2pP1P1/P2p1P2/1N1Q4/1PP5/R3R1K1 w - -,e1f1 h8h7 g1g2 b6b4 b3d4 b8a7 d4b5 d7b5 d3b5 b4b5,-417
4n3/1p1b1k2/3pN3/1P1P4/2BKP3/2R2P1P/8/1rB1r3 w - -,c1f4 d7b5 c4b5 b1b5 h3h4 b5b2 c3a3 e1h1 f4g5 h1b1,88
r1bqk2r/p2p1ppp/2p1p3/b7/8/2PQB3/P1P2PPP/R3KB1R w KQkq -,e3d4 e8h8 d3g3 f7f6 d4c5 a5c7 g3f3 f8e8 f1e2 d7d5,-169
3B2k1/6p1/5p1p/5q2/2P5/6P1/P4P2/1r3RK1 w - -,d8c7 f5d3 f1b1 d3b1 g1h2 b1a2 h2g2 a2c4 c7f4 g8f7,-808
r1bqk2r/ppp2pbp/2nppnp1/6B1/3P4/5NP1/PPP1PPBP/RN1Q1RK1 w kq -,c2c4 h7h6 g5f4 a7a5 b1c3 e8h8 b2b3 d8e7 h2h3 e6e5,44
r1knR3/p1p4p/8/1p4b1/1P1p4/8/P1P2PPP/6K1 w - -,g2g4 a8b8 e8h8 d4d3 c2d3 h7h6 d3d4 b8b6 g1g2 b6g6,-567
1br1k2n/1p1b1p1P/1q2p3/p2pP1P1/P2p1P2/1N1Q4/1PP5/R3R1K1 w - -,g1g2 b8a7 e1h1 e8f8 g5g6 f7g6 a1c1 b6b4 d3h3 a7b6,-60
6k1/p2r2pp/1p2N3/4n3/8/P3b1P1/1P2PP1P/2R3K1 w - -,c1b1 e3h6 h2h4 g8f7 e6g5 h6g5 h4g5 e5c4 f2f4 c4e3,-347
rnbqk2r/ppp2ppp/3b1n2/3pp3/8/1P1PP2P/PBP2PP1/RN1QKBNR w KQkq -,g1f3 d8e7 g2g3 c7c5 f1g2 b8c6 e1h1 e8h8 b1d2 e7c7,-29
6k1/p2r2pp/1p2N3/8/6n1/P3P1P1/1P2P2P/2R3K1 w - -,e6g5 d7d8 e3e4 d8e8 g5f3 h7h6 c1c4 b6b5 c4d4 a7a5,272
8/p7/1pp2kp1/3p4/3P1KPP/8/P1P5/8 w - -,g4g5 f6f7 f4g4 f7g7 h4h5 g6h5 g4h5 c6c5 h5h4 g7f7,607
2q3k1/p3bppp/bp3n2/3pN3/3B4/1P4P1/P2QPPBP/6K1 w - -,e5d3 f6e4 d2b2 g7g5 a2a4 c8e6 b3b4 a6c4 d3e5 f7f6,47
1k6/5pp1/Pp2p2p/1P1nP3/1r6/2p3P1/2R1NPP1/1K6 w - -,b1a1 b4b5 e2c3 b5c5 a1b2 c5c3 c2c3 d5c3 b2c3 b8a7,Mate
4n3/1p3k2/3pN3/3P4/3KPB2/1BR2P1P/4b3/1r2r3 w - -,e6d8 f7g6 d8b7 e2d1 b7a5 e1h1 b3c2 d1c2 c3c2 h1h3,82
3r4/8/3k4/8/3K4/8/8/8 w - -,e6d8 f7g6 d8b7 e2d1 b7a5 e1h1 b3c2 d1c2 c3c2 h1h3,Mate
r1b1k2r/p2p2pp/2p1pq2/4Q3/2P1nP2/4B3/PP2K1PP/R4B1R w kq -,e2e1 f6e5 f4e5 c6c5 f1d3 c8b7 d3e4 b7e4 e3c5 h7h5,169
1k6/5pp1/Pp2p2p/1r1nP3/8/2p3P1/2R1NPP1/2K5 w - -,e2c3 d5c3 c2c3 b5c5 c3c5 b6c5 a6a7 b8a7 c1d2 a7a6,-468
rn1qkb1r/1p2pppp/p2p1n2/3P4/4P1b1/2N2N2/PP2BPPP/R1BQK2R w KQkq -,d1b3 b8d7 b3b7 g7g6 c1e3 f8g7 b7b3 e8h8 b3c2 g4f3,111
rnbqk2r/pp3ppp/3b1n2/2ppp3/8/1P1PP1PP/PBP2P2/RN1QKBNR w KQkq -,f1g2 b8c6 g1e2 c8e6 b1d2 e8h8 g3g4 d8d7 c2c4 c6b4,-58
3Nn3/1p6/3p2k1/3P4/3KPB2/1BR2P1P/4b3/1r2r3 w - -,d8e6 g6f7 c3e3 e2a6 e3e1 b1e1 b3c2 e1e2 d4c3 e2f2,76
8/6R1/8/8/4k1PK/8/8/r7 w - -,h4h5 a1a2 g7f7 e4e5 h5g6 a2g2 g4g5 e5e6 f7b7 g2g1,556
8/8/8/R7/1p6/2k5/8/4K3 w - -,g7e7 e4f4 e7f7 f4e5 h4h5 e5e6 f7b7 a1g1 g4g5 e6f5,Mate
r2qkb1r/1p2pppp/p2p1n2/3Pn3/4P1b1/2N2N2/PP2BPPP/R1BQK2R w KQkq -,f3e5 g4e2 e1e2 d6e5 d1b3 a8b8 c1e3 g7g6 f2f3 h7h5,171
1q2r1k1/2r2pp1/Bp2pn2/1Q1p3p/PP6/5PP1/4P2P/2RR2K1 w - -,a4a5 f6d7 c1c6 c7c6 b5c6 e8d8 g1g2 b8a7 c6b7 a7b7,39
r4rk1/p4ppp/3bp3/3p1q2/1PbP4/P2N2P1/1BRQ1P1P/2R3K1 w - -,d3f4 f8b8 f4g2 c4b5 c2c3 h7h6 c3e3 f5g4 b2c3 a7a6,-104
r1b2r1k/1p3q2/p1n1p2p/4Ppp1/PbBp4/5NQ1/1P2NPPP/R4RK1 w - -,f3d4 c6a5 c4a2 a5c6 a1d1 a8b8 g3h3 f7g6 h3b3 a6a5,83
8/8/8/8/R7/1pk5/8/4K3 w - -,,0
6k1/2B3p1/5p1p/8/2P5/6P1/P4P2/1q4K1 w - -,g1h2 b1a2 h2g2 a2c4 c7f4 c4e2 f4c7 g8f7 c7d6 e2e4,-954
r2q1rk1/3bb1p1/2n1p2p/pp1pPp2/1PnP4/P1NQBN1P/2B2PP1/RR4K1 w - -,e3c1 a5b4 c3b5 d7e8 c2d1 f8f7 d1b3 c4a3 b5a3 b4a3,-73
8/5p1k/4b3/4Pp1p/NQPb4/1P5P/P5BK/6q1 w - -,e3c1 a5b4 c3b5 d7e8 c2d1 f8f7 d1b3 c4a3 b5a3 b4a3,Mate
4n3/1N6/3p2k1/3P4/3KPB2/1BR2P1P/8/1r1br3 w - -,b7a5 e1h1 b3c2 d1c2 c3c2 h1h3 f4d6 e8d6 c2c6 h3f3,64
2k5/3R1p2/1KB4p/4Pp2/2p2P2/2P3P1/rp6/8 w - -,d7d1 b2b1r d1b1 a2a3 b1d1 a3b3 c6b5 b3b2 d1d4 h6h5,832
r2r2k1/1pp1qpp1/p1n4p/3np3/3P4/P3PNP1/1PQN1PP1/R2R2K1 w - -,e3e4 d5f6 d4d5 c6a7 d2c4 c7c6 d5d6 e7e6 c4e5 a7b5,78
rn1qkb1r/pb2np1p/1pp1p1p1/3p4/2PP3P/2NBPN2/PP3PP1/R1BQK2R w KQkq -,h4h5 f8g7 h5h6 g7f6 e3e4 d5c4 d3c4 e8h8 e4e5 f6h8,158
rn6/p6k/2pq1r2/1p1pNpRp/3P1P1P/4P3/PP2Q3/2KR4 w - -,d1e2 d5c4 d3c4 e7f5 h4h5 f8g7 h5h6 g7f6 e1h1 e8h8,Mate
1k6/5pp1/Pp2p2p/1r2P3/8/2n3P1/2R2PP1/2K5 w - -,f2f4 c3d5 c2d2 b5c5 c1b1 b8a7 g3g4 a7a6 f4f5 b6b5,-575
4n3/8/3p2k1/N2P4/3KPB2/1BR2P1P/8/1r1b3r w - -,b3c2 d1c2 c3c2 h1h3 f4d6 e8d6 c2c6 h3f3 a5c4 g6g5,66
8/p7/1pp1k1p1/3p2P1/3P1K1P/8/P1P5/8 w - -,f4g4 e6f7 h4h5 g6h5 g4h5 f7g7 g5g6 g7f8 h5g5 f8g7,641
1k6/5pp1/Pp2p2p/2r1P3/8/2R3P1/5PP1/2K5 w - -,c1c2 b8a7 c2b3 c5c3 b3c3 a7a6 c3d4 a6b5 f2f3 h6h5,-496
8/8/8/8/8/2k5/1p6/R3K3 w - -,,0
r3k1nr/pbpp1ppp/1pn2q2/2b5/4P3/P1N3Q1/1PP2PPP/R1B1KBNR w KQkq -,c3d5 f6d4 d5c7 e8f8 c7a8 d4e4 c1e3 e4c2 e3c5 b6c5,311
4rk2/1Qp5/5p2/7p/P4R2/6P1/7P/3q2K1 w - -,,0
1k6/5pp1/P3p2p/2p1P3/8/6P1/5PP1/2K5 w - -,c1d2 b8a7 d2d3 a7a6 d3e2 a6b5 e2d3 b5b4 d3c2 b4c4,-773
8/3r1pk1/6p1/p6p/1p3R1P/4K3/PP6/8 w - -,f4c4 d7d1 c4c5 d1h1 c5a5 h1h4 a5a4 g6g5 a2a3 h4h3,-629
8/6R1/8/7K/4k1P1/8/8/7r w - -,h5g6 e4f4 g4g5 h1a1 g7b7 a1a6 g6h5 f4f5 b7f7 f5e5,609
4n3/8/3p2k1/N2P4/3KPB2/2R2P1P/2b5/1r5r w - -,c3c2 h1h3 f4d6 e8d6 c2c6 h3f3 c6d6 f3f6 d6c6 b1d1,59
2kr2r1/1p1qbp2/p1p1p2p/2PpBbp1/PP1P4/4PB1P/5PP1/R2Q1RK1 w - -,f3e2 f7f6 e5g3 e6e5 b4b5 d7e6 b5a6 b7a6 a1b1 c8d7,293
r3kbnr/p1pb2pp/2Np2q1/8/3Pp3/8/PPP1QPPP/RNB2RK1 w kq -,c6b4 c7c6 b1c3 g8f6 d4d5 c6c5 b4c6 e8f7 f2f3 e4f3,190
8/8/8/8/8/8/1pk5/1R2K3 w - -,,0
4n3/8/3p2k1/N2P4/3KPB2/5P1r/2R5/1r6 w - -,f4d6 e8d6 c2c6 h3f3 c6d6 f3f6 d6c6 b1d1 d4e5 f6c6,57
8/p4k2/1pp3p1/3p2P1/3P2KP/8/P1P5/8 w - -,h4h5 g6h5 g4h5 f7g7 g5g6 c6c5 h5g5 a7a6 g5f5 c5c4,730
r1b1kb1r/pp1p1p1p/2p2np1/q3p3/2BnP3/3P1N2/PPP2PPP/RNBQK2R w KQkq -,c1d2 d4f3 d1f3 a5d8 a2a4 f8g7 b1c3 d7d6 a4a5 e8h8,16
r3r1k1/pp3p1p/3p1np1/q1pP4/3bPP2/2N5/PPPBQ2P/2KR3R w - -,h1e1 a5a6 e2a6 b7a6 e4e5 d6e5 d5d6 e5e4 d2e3 d4c3,-41
rn2kb1r/pp3pp1/1qp1pn1p/3p1b2/2P5/1QN2NP1/PP1PPPBP/R1B2RK1 w kq -,d2d3 b6b3 a2b3 b8d7 c4d5 e6d5 f3d4 f5g6 d4c2 a7a6,35
r2qk2r/pbpp1ppp/1pn2n2/2b5/4P3/P1N3Q1/1PP2PPP/R1B1KBNR w KQkq -,c1d2 d8e7 e1a1 e8a8 d1e1 h7h5 h2h4 h8e8 f2f3 c5d6,32
rn1qk2r/pb2npbp/1pp1p1p1/3p3P/2PP4/2NBPN2/PP3PP1/R1BQK2R w KQkq -,h5h6 g7f6 e3e4 d5c4 d3c4 e8h8 c1g5 f6g5 f3g5 e7d5,164
r3kb1r/1b1n1ppp/pq2pn2/1ppP2B1/8/1BN1PN2/PP3PPP/R2Q1RK1 w kq -,g5h4 c5c4 d5e6 f7e6 b3c2 f8d6 d1e2 e8h8 a1d1 a8e8,-12
8/8/3n2k1/N2P4/3KP3/5P1r/2R5/1r6 w - -,c2c6 h3f3 c6d6 f3f6 d4e5 f6d6 e5d6 g6f7 a5c6 b1e1,54
5b1k/3q4/p5Qp/4p3/P3N3/6PP/7K/8 w - -,g6f6 h8g8 f6a6 d7d4 a6g6 g8h8 g6c6 d4b2 h2g1 h8g7,186
4rk2/1Qp5/5p2/7p/P2q4/6P1/7P/5RK1 w - -,,0
r1b2k1r/ppppq1pp/3n1p2/4R2Q/2B5/B1P5/P1PP1PPP/R5K1 w - -,f1f2 h5h4 b7f3 f8g7 g1g2 e8e3 f3f4 d4d5 g2h3 d5e6,Mate
8/6R1/8/6K1/6P1/5k2/8/7r w - -,g7f7 f3e4 g5g6 e4e5 g4g5 h1g1 g6h6 e5d5 g5g6 g1h1,609
r3k2r/p1p1b1pp/2Pp1nq1/8/2P1p3/8/PP2QPPP/RNB2RK1 w kq -,b1c3 a7a5 c3b5 a8c8 h2h3 e8h8 c1e3 h7h6 a1d1 g8h7,162
8/3k4/8/3p3R/2nP2P1/2K5/8/6r1 w - -,h5h6 c4d6 h6h4 g1g3 c3d2 d6c4 d2e2 g3e3 e2f2 e3e4,-540
8/k4pp1/P3p2p/2p1P3/8/6P1/2K2PP1/8 w - -,c2d3 a7a6 d3c4 a6b6 g3g4 b6c6 c4c3 c6d5 c3d3 c5c4,-782
1br4B/1p1b1k1P/1q2p1p1/p2pP1P1/P2p1P2/1N6/1PP5/R3R1K1 w - -,a1d1 d4d3 g1g2 d3c2 d1d3 b8a7 e1f1 c8h8 b3c1 d7a4,-775
r2q1rk1/3bb1p1/2n1p2p/1N1pPp2/1pnP4/P2QBN1P/2B2PP1/RR4K1 w - -,e3c1 d7e8 c2d1 f8f7 d1b3 c4a3 b5a3 b4a3 b3d1 d8a5,-68
4rk2/1Qp5/5p2/7p/P4R2/6P1/7P/4q1K1 w - -,f4f1 e1e3 g1h1 e3e5 b7f3 f8g7 a4a5 e8e6 f3f5 e6a6,1
8/5pp1/k3p2p/2p1P3/8/2K3P1/5PP1/8 w - -,f2f3 a6b6 f3f4 b6b5 c3b3 c5c4 b3c2 b5c5 c2d2 c5d5,-784
5bk1/8/Q6p/4p3/P2qN3/6PP/7K/8 w - -,a6g6 g8h8 g6c6 d4b2 h2g1 h8g7 h3h4 b2a1 g1h2 a1a2,194
r2qkb1r/1b1n1ppp/p3pn2/1p1P2B1/2p5/1BN1PN2/PP3PPP/R2Q1RK1 w kq -,a2a4 c4b3 a4b5 e6d5 f3d4 a6b5 a1a8 b7a8 d1b3 f8c5,-194
6k1/p7/1pp3p1/3p2P1/P2P2KP/8/2P5/8 w - -,c2c3 g8f7 g4f3 f7e6 f3f4 a7a6 f4g4 a6a5 h4h5 g6h5,-536
r2qkbnr/1p3ppp/p2p4/3Pn3/8/2N2B2/PP3PPP/R1BQK2R w KQkq -,f3e2 f8e7 d1b3 d8d7 e1h1 g8f6 a2a4 e7d8 a4a5 e8h8,86
2r5/2P2Pk1/6p1/5pK1/p7/P7/8/2R5 w - -,f7f8r g7f8 g5f6 f8e8 f6e6 e8f8 e6d7 c8e8 c7c8q e8c8,718
8/5pp1/1k2p2p/2p1P3/2K5/6P1/5PP1/8 w - -,c4b3 b6b5 b3b2 c5c4 b2c1 b5c5 f2f4 c5d5 c1d1 g7g5,-788
r5k1/1pp1qpp1/p1n2n1p/3rp3/3P4/P3PNP1/1PQN1PP1/R2R2K1 w - -,,0
1br5/1p1b1k1P/1q2pBp1/p2pP1P1/P4P2/1N1p4/1PP5/R3R1K1 w - -,b3c5 b6c5 g1g2 b8a7 e1f1 c5c2 g2g3 d3d2 f6d8 c8d8,Mate
8/5p2/1k2p2p/2p1P1p1/2K3P1/8/5PP1/8 w - -,f2f4 b6c6 g2g3 c6b6 c4d3 b6b5 d3c3 c5c4 c3d2 b5c5,-820
8/8/2Rn2k1/N2P4/3KP3/5r2/8/1r6 w - -,a5c4 g6g5 c6d6 f3f8 d6b6 b1b6 c4b6 g5g6 b6d7 f8f1,54
r1b2rk1/p2p1ppp/2p1p1q1/b7/3B4/2PQ4/P1P1BPPP/1R3RK1 w - -,d3c4 a5c7 f2f4 g6f5 e2d3 f5d5 c4a4 f7f6 g2g3 d5a5,-70
r2q1rk1/bpp2ppp/p1np2b1/4p3/2B1n2N/2PP2NP/PP3PP1/R1BQR1K1 w - -,d3e4 d8h4 c1e3 a7e3 e1e3 c6e7 a2a4 g8h8 c4d3 a6a5,-97
8/8/8/4kn2/6Q1/1K6/8/8 w - -,d3e4 d8h4 c1e3 a7e3 e1e3 c6e7 a2a4 g8h8 c4d3 a6a5,Mate
8/p4k2/1pp5/3p2Pp/3P2K1/8/P1P5/8 w - -,g4h5 c6c5 h5h6 f7g8 h6g6 c5d4 g6f6 d4d3 c2d3 d5d4,643
8/8/3R1rk1/N2P4/3KP3/8/8/1r6 w - -,d4e5 f6d6 e5d6 b1e1 e4e5 g6f7 a5c6 e1d1 c6d8 f7e8,53
rnbqk1nr/pppp1ppp/8/8/2B1Pp1b/2P2N2/PP1P2PP/RNBQK2R w KQkq -,g2g3 f4g3 e1h1 g3h2 f3h2 g8f6 c4f7 e8f7 d1h5 f7g8,-78
r5k1/1pp1qpp1/p4n1p/3rn3/8/P3PNP1/1PQN1PP1/R2R2K1 w - -,d2e4 a8d8 d1d5 d8d5 e4c3 d5d6 f3e5 e7e5 a1d1 g7g6,-5
rnbqk2r/4bpp1/p2pp2p/1p6/3NP1n1/2NBB3/PPPQ1PPP/2KR3R w kq -,h1f1 g4e3 d2e3 d8b6 f2f4 b8d7 c3e2 e7f6 c1b1 c8b7,-49
2Q2r2/6k1/8/8/4K3/8/8/8 w - -,h1f1 g4e3 d2e3 d8b6 f2f4 b8d7 c3e2 e7f6 c1b1 c8b7,Mate
8/p5k1/1pp5/3p2PK/3P4/8/P1P5/8 w - -,g5g6 c6c5 h5g5 c5c4 g5f5 b6b5 f5e5 g7g6 e5d5 g6f5,728
r2q1rk1/6bp/p1bpp1p1/2p4n/PpN1P3/3P1N2/1PP3PP/R1B1QRK1 w - -,e1e2 d8c7 c1d2 e6e5 a4a5 a8e8 a1e1 h5f4 e2d1 d6d5,-40
8/8/3r2k1/N2PK3/4P3/8/8/1r6 w - -,e5d6 b1e1 e4e5 g6f7 a5c6 e1d1 c6d8 f7e8 d8e6 d1e1,53
2b1rnk1/r4p1p/pp2p1p1/3pP1q1/3P4/2NBPQ1R/PP4PP/5RK1 w - -,f3f2 b6b5 a2a3 e8e7 h3f3 g5h6 h2h4 a7d7 c3e2 d7c7,278
r4rk1/bpp2ppp/p1np2b1/4p3/2B1P2q/2P3NP/PP3PP1/R1BQR1K1 w - -,d1g4 h4g4 h3g4 c6a5 c4e2 f7f6 g3f5 a5c6 a2a4 a6a5,-98
r2qkb1r/1p2pppp/p2p1n2/3PN3/4P3/2N5/PP2bPPP/R1BQK2R w KQkq -,e1e2 d6e5 d1b3 a8b8 f2f3 g7g6 c1e3 h7h5 e3a7 f8h6,166
3b1rk1/p1p3pp/2Pp1nq1/1P3r2/2P1pB2/2N4P/P3QPP1/R4RK1 w - -,f4g3 f8e8 c3d1 f5g5 d1e3 f6h5 g3h2 d8f6 h3h4 g5c5,146
8/3Q1rk1/8/8/4K3/8/8/8 w - -,f4d2 f5f3 a1e1 f3d3 a2a4 f8e8 g1h1 e4e3 f2e3 f6h5,Mate
r1b2rk1/p4ppp/2p1p1q1/b2p4/3B4/2P5/P1PQBPPP/1R3RK1 w - -,f2f4 f7f6 e2d3 g6f7 d2e3 a5c7 c3c4 a8b8 b1b3 a7a5,-43
8/8/3K2k1/N2P4/4P3/8/8/4r3 w - -,e4e5 g6f7 a5c6 e1d1 c6b4 d1b1 b4d3 f7e8 d6e6 e8d8,53
r1b1k2r/ppppqppp/5nn1/1B2P3/3Q4/2N5/PPP2PPP/R1B1K2R w KQkq -,e1h1 g6e5 c1g5 e7d6 d4d6 c7d6 f2f4 e5g6 a1e1 e8f8,290
r3r1k1/1p3p1p/p2p1np1/q1pP4/3bPP2/2N5/PPPBQ2P/2K1R2R w - -,c1b1 b7b5 e2f3 b5b4 c3d1 a5b5 h2h4 f6h5 f4f5 a6a5,3
r1b4r/ppppk1pp/3n1p2/7Q/2B5/B1P5/P1PP1PPP/R5K1 w - -,e2f3 b7b5 c1b1 b5b4 c3d1 a5b5 h2h4 e8e7 h4h5 a8e8,Mate
r2qkb1r/1p2pppp/p4n2/3Pp3/4P3/2N5/PP2QPPP/R1B1K2R w KQkq -,f2f4 e7e6 f4e5 f6d7 e1h1 d7e5 c1f4 e5g6 d5e6 d8b6,132
8/5p2/2k1p2p/2p1P1p1/2K3P1/6P1/5P2/8 w - -,f2f4 c6b6 c4c3 b6b5 c3d2 b5c4 d2c2 c4d4 c2b1 d4c3,-1384
r1b2r1k/1p3q2/p1n1p2p/4P1p1/PbBp1p2/5NQ1/1P2NPPP/R4RK1 w - -,h2h4 f4g3 h4g5 d4d3 e2g3 d3d2 c4d3 f8g8 g3e4 b4e7,-570
8/5k2/3K4/N2PP3/8/8/8/4r3 w - -,a5b7 e1a1 b7c5 f7e8 d6e6 a1h1 c5e4 e8d8 e4f6 h1e1,53
6k1/p7/1pp3P1/3p3K/3P4/8/P1P5/8 w - -,h5g5 g8g7 g5f5 a7a6 f5g5 c6c5 g5f5 c5c4 f5e6 g7g6,817
8/7R/4k1p1/r7/8/8/5KPP/8 w - -,f2f3 e6f5 h7e7 f5g5 h2h3 a5f5 f3e3 f5a5 g2g3 a5a3,1
8/5p2/1k2p2p/2p1P1p1/2K3P1/5PP1/8/8 w - -,c4c3 b6b5 c3b3 c5c4 b3c3 b5c5 c3c2 c5d4 f3f4 d4e4,-1397
8/6k1/2BP2pp/p1p1p1n1/1p2P1q1/1P2Qr2/P6P/6RK w - -,g1g4 f3e3 g4g5 e3e1 h1g2 e1d1 c6d5 d1d2 g2f1 g7f6,550
1br5/1p1b1k1P/1q2pBp1/p2pP1P1/P4P2/1N6/1Pp5/R3R2K w - -,h7h8r c8h8 f6h8 b6b3 h1h2 d7c6 f4f5 e6f5 e1e2 d5d4,-979
r2q1rk1/6bp/2bpp1p1/p1p4n/PpN1P3/3PBN2/1PP3PP/R3QRK1 w - -,f1f2 h7h6 e1d2 g6g5 a1f1 h5f4 e3f4 g5f4 f1a1 d8c7,-34
r1b2rk1/p4ppp/2p1p3/b2p3q/3B4/2PB4/P1PQ1PPP/1R3RK1 w - -,d2e3 f7f6 f2f4 a5c7 a2a4 f8e8 e3f2 a7a5 d4b6 h5f7,-41
r4rk1/p3bppp/4p3/3pNq2/1PbP4/P5P1/1BRQ1P1P/2R3K1 w - -,e5c4 d5c4 c2c4 e7g5 f2f4 g5e7 d2c2 f5d5 c2g2 d5b5,47
8/1N3k2/3K4/3PP3/8/8/8/r7 w - -,b7d8 f7e8 d8c6 a1d1 c6b4 d1b1 b4c2 b1b6 d6c5 b6a6,53
8/8/3n4/4k3/6Q1/2K5/8/8 w - -,b7d8 f7e8 d8c6 a1d1 c6b4 d1b1 b4c2 b1b6 d6c5 b6a6,Mate
8/5k2/5p1p/8/5pP1/6K1/3q4/8 w - -,b7d8 f7e8 d8c6 a1d1 c6b4 d1b1 b4c2 b1b6 d6c5 b6a6,Mate
1br1k1r1/1p1b1p2/1q2pBnP/p2pP1P1/P2p1P2/1N1Q4/1PP5/R3R1K1 w - -,e1e2 d7a4 h6h7 g8h8 f6h8 a4b5 d3d4 b8a7 e2d2 g6h8,-114
rn1qkb1r/pp3ppp/4bn2/3pp3/4P3/4BP2/PPP1N1PP/RN1QKB1R w KQkq -,b1d2 b8c6 e2c1 f8e7 f1b5 d8c7 e1h1 a7a6 b5d3 e8h8,-115
4k3/1N6/3KP3/3P4/8/8/8/r7 w - -,b7c5 a1e1 c5a6 e8d8 a6c7 e1e2 c7b5 e2e1 b5d4 d8e8,43
r1bk2r1/pp1p3p/3n4/2Q5/2B5/B1P5/P1PP1PPP/R5K1 w - -,b7c5 a1e1 c5a6 e8d8 a6c7 e1e2 c7b5 e2e1 b5d4 d8e8,Mate
r4rk1/1p2ppbp/1nnpb1p1/p1q5/2P1P3/1PNB1N1P/P2B1PP1/2RQ1RK1 w - -,d2e3 c6d4 c3b5 d4f3 d1f3 c5c6 c4c5 d6c5 c1c5 c6d7,284
2rr2k1/pp4pp/4q3/1P3p2/4pQ2/2P5/1P3PPP/R2R2K1 w - -,d1d8 c8d8 h2h3 h7h6 a1a7 e6b6 a7a4 b6b5 a4b4 b5c5,26
4rrk1/R4b1p/1p3Qp1/5p2/7P/8/PP3BP1/5qK1 w - -,g1f1 f7c4 f1g1 f8f6 b2b3 c4f7 a7d7 f6c6 f2d4 b6b5,-523
r2q1rk1/pp1np1bp/2ppb1p1/5p2/2PPn3/1P2NNP1/PB2PPBP/R2Q1RK1 w - -,d1c2 e6f7 f1d1 a7a5 d4d5 g7b2 c2b2 a8c8 f3e1 c6d5,26
8/p5k1/1pp3P1/3p2K1/3P4/8/P1P5/8 w - -,g5f5 a7a6 f5g5 a6a5 g5f5 a5a4 a2a3 g7g8 f5e5 g8g7,854
8/2p2p2/5kp1/p6p/R5P1/1Pr3KP/P4P2/8 w - -,g3f4 g6g5 f4e4 c3h3 a4a5 h5g4 a5a6 f6e7 e4f5 g4g3,Mate
r4rk1/p3bppp/4p3/5q2/1PpP4/P5P1/1BRQ1P1P/2R3K1 w - -,c2c4 e7g5 f2f4 g5e7 d2c2 f5d5 c2g2 d5b5 c4c7 e7d6,61
1R6/8/8/8/1p6/2k5/8/4K3 w - -,d2e1 a7a5 c2c4 a5b4 a3b4 f5d5 e1c3 f8b8 h2h4 h7h6,Mate
4k3/8/3KP3/2NP4/8/8/8/4r3 w - -,c5b7 e1b1 b7c5 b1e1 c5d7 e1f1 d7e5 f1e1 e5g6 e1f1,32
2kr2nr/pp3ppp/2n1b3/6q1/1P1B4/P1N5/5PPP/R2QKB1R w - -,f2f4 g5f4 c3e2 f4h4 g2g3 h4e4 a1c1 e4h1 b4b5 e6h3,-401
rnbq1rk1/pp2bppp/4pn2/2Pp4/3P4/2N2N2/PP3PPP/R1BQKB1R w - -,c1f4 b7b6 b2b4 f6e4 d1c2 b8c6 a1b1 b6c5 c3e4 d5e4,-61
8/6R1/6K1/8/5kP1/8/8/7r w - -,g4g5 f4e5 g7a7 e5e6 g6g7 e6e5 a7a5 e5d6 g7f6 h1f1,621
r2qkb1r/1b1n2pp/p3pn2/1p4B1/2p5/1BN1PN2/PP3PPP/R2Q1RK1 w kq -,a2a4 c4b3 f3d4 d7c5 a4b5 a6b5 a1a8 b7a8 c3b5 e8f7,-217
8/4p3/p2pPr1k/3P4/6Q1/7P/P1B4K/8 w - -,a2a4 c4b3 f3d4 d7c5 a4b5 a6b5 a1a8 b7a8 c3b5 e8f7,Mate
r2qk2r/1p1nppbp/p2p1np1/3P2B1/4P1b1/2N2N2/PP1QBPPP/R4RK1 w kq -,f3d4 g4e2 d2e2 e8h8 f1d1 d8a5 a1c1 f8c8 a2a3 d7e5,53
r2q1rk1/6bp/2b1p1p1/p1pp3n/PpN1P3/3PBN2/1PP1Q1PP/R4RK1 w - -,g2g4 h5f4 e3f4 d5c4 f4e3 g7b2 a1d1 c4d3 d1d3 d8e7,-196
3br1k1/p1p3p1/2Pp1nq1/1P5p/2PRp2P/6r1/P3QPP1/3N1RK1 w - -,f2g3 g6g3 d1e3 g3h4 e2f2 h4g5 f2f4 g5g6 c4c5 f6g4,202
2q3k1/p3bppp/bp6/3p4/3Bn3/1P1N2P1/P2QPPBP/6K1 w - -,d2b2 c8f5 d4g7 a6d3 e2d3 f5f2 b2f2 e4f2 g1f2 g8g7,32
4rrk1/R6p/1p3Qp1/5p2/2b4P/8/PP3BP1/5K2 w - -,f1g1 f8f6 b2b3 c4f7 f2d4 f6d6 d4c3 d6d3 c3f6 b6b5,-542
4k3/3N4/3KP3/3P4/8/8/8/5r2 w - -,d7c5 f1e1 c5d3 e1e4 d3e5 e4e1 e5g6 e1h1 g6f4 h1h2,31
5k2/4p2Q/p2pPr2/3P4/8/7P/P1B4K/8 w - -,d7c5 f1e1 c5d3 e1e4 d3e5 e4e1 e5g6 e1h1 g6f4 h1h2,Mate
r4rk1/p4ppp/4p3/5qb1/1PRP4/P5P1/1B1Q1P1P/2R3K1 w - -,d2c3 g5c1 c3c1 f8d8 c4c5 f5e4 a3a4 a7a6 b2c3 h7h6,-171
r2q1rk1/6bp/2b3p1/p1pp3n/PpN5/3PBN2/1PP1Q1PP/R4RK1 w - -,e3g5 f8e8 e2f2 d8c7 c4e3 h7h6 g5h4 g8h7 e3g4 c6d7,-171
r1bq1k1r/2pp2pp/p2n1p2/1B2R3/8/B1P2Q2/P1PP1PPP/R5K1 w - -,b5c4 c8b7 f3b7 g7g6 a3d6 c7d6 b7d5 f8g7 d5f7 g7h6,1392
r4rk1/pp1q1ppp/1bp1bn2/4p3/2P5/2NBP3/PPQ2PPP/R1B2RK1 w - -,b2b3 a8d8 f1d1 d7e7 c1b2 g7g6 c3e4 f6e4 d3e4 a7a5,5
r2q1rk1/1p1b1ppp/2n1p3/8/1pn1Q3/2N2N2/PP3PPP/R1BR2K1 w - -,f3g5 g7g6 e4h4 h7h5 h4c4 b4c3 g5e4 f7f6 c4c3 c6e5,220
8/8/8/8/3BK3/1N6/6k1/8 w - -,b3c5 g2g3 e4e3 g3g2 c5e4 g2h3 e3f3 h3h2 e4c5 h2h1,20000
4r1k1/R6p/1p3rp1/5p2/2b4P/8/PP3BP1/6K1 w - -,b2b3 c4f7 a7d7 f6c6 g1h2 c6c2 h2g3 c2a2 f2b6 a2a8,-538
r4rk1/1p1npp1p/2npb1p1/p1q5/2P1P3/1PbB1N1P/P2B1PP1/2RQ1RK1 w - -,d2c3 a5a4 d1d2 a4b3 a2b3 f7f6 b3b4 c5b6 f1d1 a8a4,54
8/6R1/6K1/6P1/6k1/8/8/7r w - -,g7a7 h1h8 g6g7 h8c8 g5g6 c8c5 a7b7 g4h4 g7h7 c5h5,621
r4rk1/2q3bp/2b3p1/p1ppN2n/Pp6/3PBN2/1PP1Q1PP/R4RK1 w - -,e3f2 h5f4 e2e1 a8e8 d3d4 c5d4 f2d4 c6a4 e1d2 c7c2,-228
r3kb1r/1b1n2pp/pq2pn2/1p4B1/2p5/2N1PN2/PPB2PPP/R2Q1RK1 w kq -,h2h3 f8e7 d1e2 e8h8 a1d1 a8e8 d1d4 b6c5 g5h4 e6e5,-13
r2q1rk1/1p1nppbp/p2p1npB/3P4/4P1b1/2N2N2/PP1QBPPP/R4RK1 w - -,h6g7 g8g7 f3d4 g4e2 d2e2 a8c8 a1d1 b7b5 h2h3 b5b4,57
8/6k1/ppp3P1/3p1K2/3P4/8/P1P5/8 w - -,c2c3 a6a5 f5e5 g7g6 e5d6 g6f5 d6c6 f5e4 a2a4 e4d3,920
8/8/8/8/3B4/1N2K3/8/6k1 w - -,f5g5 c6c5 g5f5 c5c4 f5e6 b6b5 e6d5 g7g6 d5c6 g6g5,Mate
1R6/8/8/8/8/1pk5/8/3K4 w - -,f5g5 c6c5 g5f5 c5c4 f5e6 b6b5 e6d5 g7g6 d5c6 g6g5,Mate
r1bq1rk1/4bppp/p1p1pn2/2p5/4pP2/2NP1NQ1/PPP3PP/R1B2RK1 w - -,c3e4 a6a5 e4f6 e7f6 f3e5 d8d4 g1h1 a5a4 c1e3 d4d5,74
r7/r1p5/2p1kp2/1p2p1p1/4P2p/1pPP1P1P/R1P3P1/R5K1 w - -,a2a7 a8a7 a1a7 b3b2 f3f4 b2b1q g1h2 e5f4 a7c7 f4f3,-778
r2q1rk1/1p1b1p1p/2n1p1p1/6N1/1pn1Q3/2N5/PP3PPP/R1BR2K1 w - -,e4h4 h7h5 h4c4 b4c3 g5e4 f7f6 c4c3 e6e5 c1e3 d8e8,235
r5k1/1pp1qpp1/p4n1p/3rp3/3nP3/P4NP1/1PQN1PP1/R2R2K1 w - -,f3d4 d5d4 d2b3 d4d8 f2f3 b7b6 g1h2 f6h5 d1d8 a8d8,-108
k3q3/p7/Q1pN4/2N4p/P2P3P/2P5/1PK2r2/8 w - -,f3d4 d5d4 d2b3 d4d8 f2f3 b7b6 g1h2 f6h5 d1d8 a8d8,Mate
rn1qkb1r/ppp1pp2/5n1p/3p2p1/3P1B2/3QPN2/PPP2PPP/RN2K2R w KQkq -,f4g3 c7c6 c2c4 f8g7 b1c3 e8h8 h2h4 g5g4 f3e5 b8d7,77
r1n1brk1/1p2q1pp/2n1p3/p2pPp2/3P4/1P3N2/P1NQBPPP/R1R3K1 w - -,c2e1 c8a7 a2a3 h7h6 h2h3 e8h5 g1h2 a7c8 f3g1 h5e2,55
r1bq1rk1/pppnppbp/5np1/3P2B1/8/2N2Q2/PPP3PP/2KR1BNR w - -,f1c4 d7b6 f3e2 b6c4 e2c4 c7c6 d5c6 d8b6 g1f3 c8e6,-194
r3k1nr/pbpp1ppp/1pn5/2bN4/3qP3/P5Q1/1PP2PPP/R1B1KBNR w KQkq -,d5c7 e8f8 c7a8 d4e4 c1e3 c5e3 f2e3 b7a8 e1a1 g8f6,307
8/8/ppp1K1k1/3p4/3P4/8/P1P5/8 w - -,e6d6 g6f5 d6c6 f5e6 c6b6 e6d6 a2a4 d6e6 b6a6 e6d6,946
1R6/8/8/8/8/1p1k4/8/2K5 w - -,a2a3 a6a5 c2c3 a5a4 e6d7 g6f5 d7c6 f5e4 c6b6 e4d3,Mate
8/8/8/8/3B4/1N3K2/8/7k w - -,a2a3 a6a5 c2c3 a5a4 e6d7 g6f5 d7c6 f5e4 c6b6 e4d3,Mate
8/r1p5/2p1kp2/1p2p1p1/4P2p/1pPP1P1P/2P3P1/R5K1 w - -,a1a7 b3b2 g1h2 b2b1q a7c7 e6d6 c7b7 b1c2 d3d4 c2c3,-745
r2q1rk1/1p1b1p2/2n1p1p1/6Np/1pn4Q/2N5/PP3PPP/R1BR2K1 w - -,h4c4 b4c3 g5e4 f7f6 c4c3 e6e5 c1e3 d8e8 e3c5 c6d4,245
r2qr3/1p1nppkp/p2p1np1/3P4/3NP3/2N5/PP2QPPP/R4RK1 w - -,a1d1 b7b5 a2a3 d8b6 h2h3 a8c8 f2f3 c8c4 e2e3 b5b4,69
8/8/pppK4/3p1k2/3P4/8/P1P5/8 w - -,d6c6 f5e4 c2c3 b6b5 c6c5 a6a5 c5b5 e4d3 a2a4 d3c3,991
r1bq1rk1/pppnppb1/5np1/3P2Bp/7P/2N2Q2/PPP3P1/2KR1BNR w - -,f3f4 d7b6 f1c4 b6c4 f4c4 c7c6 d5d6 e7d6 c4f4 d6d5,-220
8/1R6/6K1/6P1/6k1/8/8/r7 w - -,b7b5 a1h1 g6f6 h1f1 f6g7 g4f4 g5g6 f1a1 g7h6 f4e3,704
r2q1rk1/3bbppp/p1p1pn2/2p5/4PP2/2N2NQ1/PPP3PP/R1B2RK1 w - -,f3e5 d7e8 c1e3 d8b8 a1b1 f6h5 g3f2 f7f6 e5d3 c5c4,135
r3k2r/pb1pq1pp/2pQpn2/8/2P2P2/4B3/PP2K1PP/3R1B1R w kq -,e3c5 e7d6 c5d6 c6c5 h1g1 h8g8 g2g4 f6e4 d6c7 a8c8,77
8/R1p5/2p1kp2/1p2p1p1/4P2p/2PP1P1P/1pP3P1/6K1 w - -,g1h2 b2b1q d3d4 e5d4 c3d4 e6d7 a7a6 b1c2 d4d5 c6d5,-794
r2r2k1/1pp1qpp1/p6p/3np3/3nP3/P4NP1/1PQN1PP1/R2R2K1 w - -,f3d4 e5d4 e4d5 d8d5 c2b3 d5b5 b3d3 a8d8 d1e1 b5e5,256
rnbqk2r/4bpp1/p2pp2p/1p6/3NPP2/2NBn3/PPPQ2PP/2KR3R w kq -,d1g1 e3c4 d3c4 b5c4 g2g4 d8b6 h2h4 c8d7 g4g5 b8c6,-376
rn1qkb1r/pp2ppp1/2p2n1p/8/2pP1B2/3QPN2/PP3PPP/RN2K2R w KQkq -,d3c4 e7e6 e1h1 f8e7 b1c3 e8h8 e3e4 d8b6 f1d1 f8d8,29
r1bq1rk1/ppp1ppb1/1n3np1/3P2Bp/2B4P/2N2Q2/PPP3P1/2KR2NR w - -,g5f6 e7f6 f3f4 c8g4 g1f3 d8d6 f4d6 c7d6 c4b3 f6f5,-324
5rk1/p2p2p1/4p1qp/1b3p2/1p3P2/1P2K3/5N1P/Q7 w - -,a1e5 a7a6 e5c5 g6h5 e3d2 h5h2 d2c2 h2f4 f2d1 b5c6,-978
r2qbrk1/4b1p1/2n1p2p/1N1pPp2/1pnP4/P2Q1N1P/2B2PP1/RRB3K1 w - -,c2d1 f8f7 d1b3 c4a3 b5a3 b4a3 b3d1 d8a5 b1b3 a3a2,-80
rnbqkbnr/pp3ppp/2p1p3/8/3P4/1pN2N2/P3PPPP/R1BQKB1R w KQkq -,a2a4 c6c5 e2e3 g8f6 d1b3 c5d4 f3d4 f8c5 f1e2 e8h8,-65
r1bqk2r/1pp1bppp/p1np4/4p3/2B1n3/5N1P/PPPP1PP1/RNBQR1K1 w kq -,e1e4 d6d5 f3e5 c6e5 e4e5 d5c4 b1c3 e8h8 d1f3 c7c6,-22
r3r1k1/5p1p/p2p1np1/q1pP4/1p1bPP2/8/PPPBQ2P/1K1NR2R w - -,e2g2 a5b5 h2h4 f6h5 g2f3 a6a5 f4f5 a5a4 h1g1 g8h8,-57
r2r2k1/1pp1qpp1/p6p/3n4/3pP3/P5P1/1PQN1PP1/R2R2K1 w - -,e4d5 d8d5 c2b3 d5b5 b3d3 a8d8 a1b1 b5d5 b2b4 c7c5,264
1b4r1/1p1bkp1r/1q2p2P/p2pP1P1/P2p1P2/1N1P4/1P6/R2QR1K1 w - -,e1e2 h7h6 e2h2 h6h2 g1h2 b6b4 b3d2 e7d8 d2f3 d8c8,-332
r3r3/1p1nppkp/pq1p1np1/3P4/3NPP2/2N5/PP2Q1PP/R4RK1 w - -,a1d1 e7e6 d5e6 e8e6 g2g4 e6e4 c3e4 a8e8 e2d3 f6e4,62
r2q1rk1/1p1b1ppp/4p3/np6/2n1Q3/2N2N2/PP3PPP/R1BR2K1 w - -,b2b4 a5c6 c3b5 c4b6 b5c3 c6e7 f3g5 e7f5 e4b7 d8c8,39
r4rk1/2q3bp/2b3p1/p3N3/Pp1B4/3PQN2/1PP3nP/R4RK1 w - -,e3e2 g2f4 e2e3 a8e8 a1e1 f8f5 h2h4 c6f3 e3f3 g7e5,-515
2q3k1/p3bppp/1p6/3p4/3Bn3/1P1b2P1/PQ2PPBP/6K1 w - -,h2h4 d3a6 d4g7 c8e6 g7d4 e7f6 g2f3 h7h6 a2a4 a6c8,-324
rnbqk2r/ppp2ppp/3bp3/8/4Q3/8/PPPP1PPP/RNB1KB1R w KQkq -,b2b3 d8f6 b1c3 b8c6 c1b2 c8d7 e1a1 f6f2 c3b5 e8h8,-13
r5k1/1pp1qpp1/p6p/3r4/3p4/P5P1/1PQN1PP1/R2R2K1 w - -,c2b3 d5b5 b3d3 a8d8 d1e1 b5e5 d2f3 e5e1 a1e1 e7d6,271
r2q1rk1/ppp1ppb1/1n3np1/3P2Bp/2B3bP/2N5/PPP1Q1P1/2KR2NR w - -,e2e1 g4d1 c4b3 d1g4 g1f3 d8d6 f3e5 b6d7 e5c4 d6a6,-615
5rk1/QB4b1/1B1p2pp/3P1q2/1PP5/4p1Pb/7N/3R2K1 w - -,e2e1 g4d1 c4b3 d1g4 g1f3 d8d6 f3e5 b6d7 e5c4 d6a6,Mate
r2qbrk1/4bppp/p1p1pn2/2p1N3/4PP2/2N3Q1/PPP3PP/R1B2RK1 w - -,f1d1 d8c7 e5c4 a8d8 g3f3 f6d5 e4d5 c6d5 c4d2 c5c4,143
8/5p1k/4b3/2Q1Pp1p/N1P2b1q/1P5P/P5B1/7K w - -,a4b6 h4g3 c5g1 f4e3 g1d1 e3b6 d1f3 g3e1 g2f1 e1e5,-422
3b4/8/8/1P1K4/3B4/8/3k4/8 w - -,d5c6 d2d3 d4b6 d8h4 b6c7 h4f2 c6d5 f2e1 c7d8 e1f2,19
8/8/ppK5/3p4/3Pk3/8/P1P5/8 w - -,c2c3 b6b5 c6c5 a6a5 c5b5 e4d3 a2a4 d3e3 b5a5 e3e4,1725
r3kbnr/pp3ppp/2n1p3/qBPpP3/6b1/P4N2/1PP2PPP/RNBQK2R w KQkq -,b1c3 f8c5 c1f4 g4f3 d1f3 g8e7 e1h1 c5d4 b5c6 b7c6,-54
4Q3/6pk/2B5/5PK1/8/8/8/2q5 w - -,g5g4 c1g1 g4h3 g1f1 h3g3 f1d1 e8e6 d1g1 c6g2 h7h8,280
8/2p2p2/4k1p1/p1r5/R6P/1P2K3/P4P2/8 w - -,,0
r1bq1rk1/ppp1ppbp/3p1np1/2nP4/2P1P3/P1NB1N1P/1P3PP1/R1BQK2R w KQ -,d3c2 f6d7 c1d2 a7a5 e1h1 a5a4 d2e3 f8e8 c3a4 c5a4,49
r1bqr1k1/pp3pp1/2nb1n1p/2pp4/3P4/P1NBPP2/1P2N1PP/R1BQ1R1K w - -,g2g4 a7a6 f1g1 b7b5 g1g2 a8b8 d1g1 b5b4 a3b4 c6b4,-40
r1bqkbnr/pp3ppp/2pp4/4p3/4P3/1nNP4/PPP2PPP/R1BQK1NR w KQkq -,c1g5 d8g5 g1f3 g5g2 h1g1 g2g1 f3g1 b3a1 d1a1 f8e7,-550
r4rk1/p4ppp/4pb2/5q2/1PRP1P2/P5P1/1B1Q3P/2R3K1 w - -,d2c2 f5b5 c4c5 b5d7 c2e4 h7h6 g1g2 d7a4 c1c4 f8d8,63
2rqr3/p3ppkp/1p1p2p1/1b1P4/8/1B3P2/PPPQ2PP/3RR1K1 w - -,c2c3 b5d7 e1e4 d7f5 e4e2 a7a5 a2a3 c8c5 d1e1 f5c8,104
3b4/8/3K4/1P6/3B4/8/2k5/8 w - -,d6c6 c2d3 d4b6 d8h4 b6c7 h4f2 c6d5 f2e1 c7d8 e1f2,18
8/3k4/6p1/4R2p/8/5P2/r5PP/5K2 w - -,h2h3 a2b2 f1g1 b2b4 e5e4 b4b2 h3h4 b2b5 g1f2 b5b2,76
r1bq1r2/ppp1k1pn/2np3p/2b1p3/4P3/1BN5/PPPP1PPP/R1BQ1RK1 w - -,c3a4 a7a5 a4c5 d6c5 d2d3 d8d6 c1e3 b7b6 c2c3 c8e6,-252
r1bq1rk1/pppnppbp/3p2p1/2nP4/2P1P3/P1N2N1P/1PB2PP1/R1BQK2R w KQ -,e1h1 a7a5 c1e3 g7c3 b2c3 b7b6 f3h2 f7f6 e3h6 f8f7,67
r3r1k1/5p1p/p2p1np1/1qpP4/1p1bPP2/5Q2/PPPB3P/1K1NR2R w - -,,0
8/8/pp6/3K4/3P4/2k5/P7/8 w - -,d5e5 c3b4 d4d5 b4b5 d5d6 b5c6 e5e6 c6b7 e6e7 b7c6,20000
4rrk1/2q3bp/2b3p1/p3N3/Pp1B4/3PQN2/1PP3KP/R4R2 w - -,e5c6 e8e3 d4e3 c7c6 a1e1 c6c2 g2g3 c2d3 e3c5 f8c8,-407
r3r3/pppkq2p/2nb1np1/5p2/N4P2/PP1P1Q2/1B1PN1PP/R2K3R w - -,e2d4 c6d4 b2d4 e7f7 d1c2 f6d5 g2g3 a7a5 h1b1 h7h5,18
3bq2k/p1p3p1/2P5/1Pp1n2p/4R2P/2N5/P5P1/5RK1 w - -,f1e1 d8f6 c3d5 h8h7 a2a4 e8d8 e4e5 f6e5 e1e5 d8h4,-338
r4rk1/pp3ppp/1bpqbn2/4p3/2P5/2NBP3/PPQ2PPP/R1B2RK1 w - -,d3e2 b6c7 f1d1 d6e7 a2a4 f8d8 d1d8 a8d8 b2b3 c7d6,-13
r2q1rk1/bpp2ppp/p1np2N1/4p3/2B5/2PP2NP/PP3nP1/R1BQR1K1 w - -,d1f3 f2d3 e1e3 h7g6 c4d3 d6d5 f3g4 e5e4 d3c2 c6e5,-282
r3r3/1p1n2kp/pq1ppnp1/8/3NPP2/2N5/PP2Q1PP/3R1RK1 w - -,e4e5 f6h5 g1h1 d6e5 f4e5 g7g8 g2g4 h5g7 c3e4 e8f8,218
8/3k4/6p1/4R2p/8/5P2/1r4PP/6K1 w - -,g1f1 b2c2 e5e2 c2c4 e2e4 c4c2 e4e5 c2b2 f1g1 b2d2,31
r2q1rk1/ppp1ppb1/5np1/3P2Bp/2n3bP/2N2N2/PPP1Q1P1/2KR3R w - -,h1f1 c4d6 d1e1 f8e8 e2d2 g4f3 g2f3 d6f5 c1b1 d8d7,-614
8/2p2p2/4k1p1/p3r3/4R2P/1P2K3/P4P2/8 w - -,e3d3 f7f6 e4e5 e6e5 d3c4 f6f5 a2a3 e5e6 a3a4 f5f4,285
4Q3/6pk/2B5/5P1K/8/8/8/3q4 w - -,h5g5 d1d6 e8h5 h7g8 h5f3 g8f8 c6d5 d6f6 g5h5 f6d6,342
5rk1/1pp3b1/7r/p1pPp3/1PP1P2q/P1N2p1P/8/1R2RQK1 w - -,h5g5 d1d6 e8h5 h7g8 h5f3 g8f8 c6d5 d6f6 g5h5 f6d6,Mate
5rk1/QB4b1/3p2pp/3P4/1PP5/4B1Pb/2q4N/3R2K1 w - -,h5g5 d1d6 e8h5 h7g8 h5f3 g8f8 c6d5 d6f6 g5h5 f6d6,Mate
r2q1rk1/1pp1ppb1/p4np1/3P2Bp/2Q3bP/2N2N2/PPP3P1/2KR3R w - -,d1d2 b7b5 c4f4 d8d6 a2a3 f8e8 f3e5 g4f5 h1e1 f6d7,-209
2kr2nr/pp3ppp/4b3/6q1/1P1n4/P7/4NPPP/R2QKB1R w - -,d1c1 c8b8 e2d4 g5c1 a1c1 d8d4 f1e2 g8e7 f2f3 e7g6,-546
4r1k1/2q3bp/2b3p1/p3Nr2/Pp1B4/3PQN2/1PP3KP/4RR2 w - -,e3d2 g7e5 c2c3 e8f8 d4e5 c6f3 f1f3 c7c6 g2g1 c6f3,-260
8/3R4/4p3/4kp2/6p1/r5P1/5PK1/8 w - -,d7d1 e5e4 d1e1 e4d5 e1d1 d5c5 d1e1 a3a6 g2g1 c5d5,-5
8/r7/5pK1/4b3/4Rp2/p1k5/B3P3/8 w - -,g6h6 c3b2 a2d5 a3a2 d5a2 a7a2 h6g6 b2c3 g6f7 c3d2,-634
r5k1/1pp1qpp1/p4n1p/4p3/3rP3/P5P1/1PQN1PP1/R2R2K1 w - -,d2b3 d4d8 a3a4 d8d1 a1d1 a8d8 d1d8 e7d8 f2f3 d8d6,-107
r2q1rk1/2p2ppp/p1p5/b2pP3/3P2b1/P1N2N2/1PPQ2PP/R4RK1 w - -,a1e1 a5b6 c3a4 a6a5 h2h3 g4f5 f1f2 h7h6 d2c3 d8d7,103
r2q1rk1/ppp1ppbp/2np1np1/8/3P2b1/2N1PNP1/PPPB1PBP/R2QK2R w KQ -,h2h3 g4d7 e3e4 e7e5 d4e5 d6e5 e1h1 f8e8 d2e3 d7e6,10
r1bq1rk1/1pp2pbp/1n1pp1p1/p1nP4/2PNP3/P1N1B2P/1PB2PP1/R2Q1RK1 w - -,b2b3 a5a4 b3b4 c5d7 d1e2 d7e5 c2d3 e6d5 c3d5 b6d5,49
8/3k4/1r4p1/4R2p/8/5P1P/6P1/6K1 w - -,g1f2 b6b2 f2g3 b2c2 g3h2 c2c4 e5e2 c4b4 e2e4 b4b7,28
8/5k2/1pp3p1/p2p2P1/P2P2KP/8/2P5/8 w - -,g4g3 b6b5 c2c4 b5c4 g3f4 f7e6 f4e3 e6f5 e3e2 f5g4,-731
r2q1rk1/2p1ppb1/p4np1/1p1P2Bp/2Q3bP/2N2N2/PPP3P1/2KRR3 w - -,c4d4 f8e8 d1d2 g4f5 d4f4 d8d6 f3d4 f5d7 d4f3 d7g4,-218
8/3bk3/8/2KQ4/8/8/8/8 w - -,c4d4 f8e8 d1d2 g4f5 d4f4 d8d6 f3d4 f5d7 d4f3 d7g4,Mate
r1bq1rk1/1pp2pbp/1n1pp1p1/2nP4/p1PNP3/PPN1B2P/2B2PP1/R2Q1RK1 w - -,b3b4 c5d7 d1e2 d7e5 c2d3 e6d5 c3d5 b6d5 c4d5 c7c6,52
rn2kb1r/ppq2pp1/2p1pn1p/3p1b2/2PP3B/1QN2N2/PP2PPPP/R3KB1R w KQkq -,c4d5 c6d5 e2e3 f8d6 b3a4 b8c6 c3b5 c7b8 b5d6 b8d6,21
2kr2nr/pp3ppp/4b3/4q3/1P1N4/P7/5PPP/R2QKB1R w - -,d1e2 e5d4 a1c1 c8b8 e2e3 d4e3 f2e3 g8f6 f1e2 d8c8,-563
5r2/1p1rk1p1/p1p1p1b1/4P3/1P1P2P1/4KB2/1P6/2RR4 w - -,,0
4r1k1/2q3bp/6p1/p3Nr2/Pp1B4/3PQb2/1PP4P/4RRK1 w - -,f1f2 g7e5 g1f1 c7c6 d4e5 f3e2 f1g1 e8e5 e3e5 f5e5,-530
5rk1/QB4b1/3p2pp/3P4/1PP5/4B1Pb/3R3N/1q4K1 w - -,f1f2 g7e5 g1f1 c7c6 d4e5 f3e2 f1g1 e8e5 e3e5 f5e5,Mate
r1bqk3/ppp2rpn/2np3p/2bNp2Q/4P3/1B6/PPPP1PPP/R1B2RK1 w - -,d5b6 h7g5 b3f7 g5f7 b6a8 c8d7 a8c7 d8c7 d2d3 c6d4,182
rnbq1k1r/pp3pbp/3p1np1/1BpP4/4PP2/2N5/PP4PP/R1BQK1NR w KQ -,e4e5 f6g4 g1f3 d6e5 e1h1 e5e4 c3e4 a7a6 b5e2 g4f6,167
r1b2r1k/1p2b3/p1n1p1qp/4P1p1/P1Bp1p2/5N1Q/1P2NPPP/R4RK1 w - -,e2d4 g5g4 f3h4 e7h4 h3h4 c6d4 h2h3 g4h3 h4h3 f4f3,-336
r1bq1rk1/1ppn1pbp/1n1pp1p1/3P4/pPPNP3/P1N1B2P/2B2PP1/R2Q1RK1 w - -,c2d3 d7e5 d1e2 e6d5 c3d5 b6d5 c4d5 c7c6 a1c1 e5d3,51
r2q1rk1/1p1n1pb1/p2ppnpp/P1p3B1/4P3/2NP1N2/1PP2PPP/R2QR1K1 w - -,g5f4 d8c7 h2h3 f6h5 f4h2 g8h7 c3a4 a8c8 d1e2 c8d8,26
2rq1rk1/pp2p1bp/2ppbnp1/5p2/2PPn3/1P2NNP1/PBQ1PPBP/3R1RK1 w - -,f3e1 b7b5 e1d3 e6f7 f1e1 a7a5 e3f1 a5a4 c4c5 d8d7,39
4r1k1/2q4p/6p1/p3br2/Pp1B4/3PQR2/1PP4P/4R1K1 w - -,f3f5 e5h2 g1f2 e8e3 e1e3 g6f5 c2c3 h2d6 c3c4 c7d8,-568
8/2p5/2p1kp2/1p2p1p1/4P2p/2PP1P1P/R1P3P1/1q4K1 w - -,f3f5 e5h2 g1f2 e8e3 e1e3 g6f5 c2c3 h2d6 c3c4 c7d8,Mate
r4rk1/2p1qpp1/pbp1b2p/2NpP3/1P1P1Q2/P4N2/2P3PP/R4RK1 w - -,c2c3 e6c8 h2h3 a6a5 a1e1 a5b4 a3b4 a8a3 e1e3 a3a2,135
r2qr1k1/2p1ppb1/p4np1/1p1P2Bp/5QbP/2N2N2/PPP3P1/2KRR3 w - -,g5h6 d8d6 f4g5 g7h8 a2a3 b5b4 a3b4 g4f3 g2f3 d6b4,-243
8/p4k2/1p4p1/2pp2P1/3P2KP/P7/2P5/8 w - -,a3a4 c5d4 g4f3 f7e6 f3e2 e6f5 e2d3 f5g4 d3d4 g4h4,-416
r4r1k/1p1n3p/pq2p1p1/4P2n/3NN3/8/PP2Q1PP/3R1R1K w - -,d4f3 b6c6 d1d6 h5f4 d6c6 f4e2 c6e6 f8f4 e4g5 h7h6,265
4Q3/6pk/2B5/5P2/3q3K/8/8/8 w - -,c6e4 d4f2 h4g4 f2g1 g4f4 g1c1 f4e5 c1c3 e5d6 c3d4,585
2q3k1/p3bppp/1p3n2/3p4/3B4/1P1P2P1/PQ3PBP/6K1 w - -,b2d2 c8g4 d2c3 h7h5 h2h3 g4d7 a2a4 h5h4 g3g4 f6e8,45
r1bq1rk1/1pp2pbp/1n1pp1p1/3Pn3/pPPNP3/P1NBB2P/5PP1/R2Q1RK1 w - -,d1e2 c7c6 f1d1 e6d5 c4d5 c6d5 c3d5 b6d5 e4d5 e5d3,60
4k3/1R6/4pP2/6pK/4r3/8/8/8 w - -,h5g6 e4f4 g6g7 e6e5 f6f7 e8d8 f7f8q f4f8 g7f8 d8c8,5302
8/p4k2/6p1/2pp2P1/6KP/P7/2P5/8 w - -,h4h5 g6h5 g4h5 c5c4 h5g4 d5d4 g4f3 f7g6 f3e4 d4d3,5
r4r1k/1p1n3p/p1q1p1p1/4P2n/4N3/5N2/PP2Q1PP/3R1R1K w - -,d1d6 h5f4 d6c6 f4e2 c6e6 f8f4 e4g5 h7h6 g5h3 f4b4,285
4k1r1/3q1p2/rPp1p2p/p2pBbp1/Pb1P4/1Q2P2P/5PP1/R2B1RK1 w - -,e5c7 e8e7 a1c1 a6a8 d1c2 b4d6 c2f5 e6f5 b6b7 d6c7,214
r1bq1rk1/1p3pbp/1nppp1p1/3Pn3/pPPNP3/P1NBB2P/4QPP1/R4RK1 w - -,a1c1 e6d5 e4d5 c6d5 c3d5 b6d5 c4d5 e5d3 e2d3 c8d7,67
r2q1rk1/1p1n1pb1/p2p1npp/P1p1p3/4PB2/2NP1N2/1PP2PPP/R2QR1K1 w - -,f4e3 d7b8 f3d2 b8c6 d2c4 d8c7 e1f1 a8e8 f2f3 g8h7,84
r1n1brk1/1p2q1pp/2n1p3/p2pPp2/1P1P4/5N2/P1NQBPPP/R4RK1 w - -,b4b5 c6d8 f1c1 c8b6 c2e1 h7h6 c1c5 g7g5 h2h3 f8f7,117
r4r1k/1p1n3p/p1qRp1p1/4P3/4Nn2/5N2/PP2Q1PP/5R1K w - -,d6c6 f4e2 c6e6 d7b8 e6d6 b8c6 f1d1 a8d8 e4c5 d8d6,285
8/p4k2/8/2pp2Pp/6K1/P7/2P5/8 w - -,g4h4 f7g6 a3a4 a7a5 c2c3 c5c4 h4g3 g6g5 g3f3 h5h4,-684
r3r1k1/2p1ppb1/p2q1npB/1p1P3p/5QbP/2N2N2/PPP3P1/2KRR3 w - -,f4e3 e7e5 d5e6 d6e6 h6g7 e6e3 e1e3 g8g7 e3e8 a8e8,-275
r1b2rk1/pp2n1pp/1qn1pp2/3pP3/3P4/2N2N2/PP1Q1PPP/R3KB1R w KQ -,a1c1 f6e5 c3a4 b6d8 d4e5 e7g6 f1e2 g6f4 e2f1 d5d4,-92
8/p5k1/8/2pp2PK/8/P7/2P5/8 w - -,,0
r4r1k/1p1n3p/p1R1p1p1/4P3/4N3/5N2/PP2n1PP/5R1K w - -,c6e6 f8f4 e4g5 h7h6 g5h3 f4b4 e6g6 a8e8 h3f2 b4b2,320
r1bq1rk1/1p3pbp/1n1pp1p1/3pn3/pPPNP3/P1NBB2P/4QPP1/2R2RK1 w - -,c4d5 e5d3 e2d3 e6d5 c3d5 b6d5 e4d5 c8d7 d4b5 d8e7,52
r2qkb1r/pp3ppp/2n2n2/2ppp3/4P3/2PP1b1P/PPQN1PP1/R1B1KB1R w KQkq -,b2b4 f3h5 g2g4 h5g6 b4b5 c6a5 c3c4 d5c4 d3c4 d8c7,-355
r1bqk3/ppp2rp1/1Nnp3p/2b1p1nQ/4P3/1B6/PPPP1PPP/R1B2RK1 w - -,b3f7 g5f7 b6a8 c8d7 a8c7 d8c7 d2d3 c6d8 c2c3 d8e6,194
1rb1r1kb/1p2p2p/p1q1n1p1/P2n1p2/2P2B2/R4N1P/1P3PP1/2Q1RBK1 w - -,f4b8 d5c7 b2b4 b7b6 b8c7 c6c7 a5b6 c7b6 c4c5 b6b4,424
3k4/1R6/4pPK1/6p1/4r3/8/8/8 w - -,f3e5 d5f4 e5c6 b7c6 b2b4 b8b4 a3f3 b4a4 f3a3 a4a3,Mate
r4rk1/2p1qppp/p1p1b3/b2pP3/N2P1Q2/P4N2/1PP3PP/R4RK1 w - -,f3e1 a5b6 e1d3 f7f6 c2c3 f6e5 f4e5 a8e8 a4c5 e6c8,170
5rk1/p2q2pp/1p2p3/2pp1r2/2PP1P2/1P2Q2P/P5P1/3RR1K1 w - -,d4c5 f5f4 c5b6 a7b6 e3b6 f4f2 c4d5 e6d5 a2a4 f2b2,132
r4rk1/p4ppp/4pb2/3q4/1PRP1P2/P5P1/1BQ4P/2R3K1 w - -,c2g2 a7a5 g2d5 e6d5 c4c5 a5b4 a3b4 a8a2 b2c3 h7h5,71
2Q2R2/p6k/3q2p1/1Pp4p/3b3P/7K/P5P1/8 w - -,f8f7 d4g7 c8c7 d6d3 c7g3 d3e4 f7a7 h7h8 g3f3 e4e1,338
r2q1rk1/1p1b1p2/2n1p1p1/6Np/2Q5/2p5/PP3PPP/R1BR2K1 w - -,g5e4 f7f6 c4c3 e6e5 c1e3 d8e8 e3c5 c6d4 c5d4 e5d4,263
5rk1/QB4b1/3p2pp/3P4/1PP1q3/4B1Pb/7N/3R2K1 w - -,g5e4 f7f6 c4c3 e6e5 c1e3 d8e8 e3c5 c6d4 c5d4 e5d4,Mate
r1bq1rk1/1p3pbp/1n1p2p1/3pn3/pP1NP3/P1NBB2P/4QPP1/2R2RK1 w - -,c3d5 b6d5 e4d5 e5d3 e2d3 c8d7 d3d2 f8e8 d4c6 d8f6,59
3rr1k1/2p1ppb1/p2q1npB/1p1P2Qp/6bP/2N2N2/PPP3P1/2KRR3 w - -,d1d3 c7c6 h6g7 g8g7 d5c6 d6c6 f3d4 c6b7 g5e5 g7g8,-300
3qr1k1/5n2/pr2pb1p/1p2B1p1/1PpP1p2/P3Q1N1/2P2PPP/3RR1K1 w - -,e3e4 f6e5 d4e5 f4g3 e4g6 g8f8 d1d8 g3h2 g1h2 e8d8,507
8/p5k1/6P1/3p3K/2p5/P7/2P5/8 w - -,h5h4 c4c3 h4g3 d5d4 g3f3 d4d3 c2d3 c3c2 a3a4 c2c1q,-1413
r3r3/1p1n2kp/pq1p1np1/4p3/3NPP2/2N5/PP2Q1PP/3R1R1K w - -,d4b3 e5f4 f1f4 e8e7 e2d2 a8e8 d2d6 b6d6 d1d6 e7e6,53
r3r1k1/1bqn1pbp/p2p1np1/1p2p3/2pPP3/P1PB1N1P/1P1N1PPB/R2QR1K1 w - -,d3c2 e5d4 c3d4 a8d8 a1c1 g7h6 g2g4 h6g7 e1e3 d8c8,-42
r2q1rk1/1p1b4/2n1ppp1/7p/2Q1N3/2p5/PP3PPP/R1BR2K1 w - -,c4c3 f8f7 e4d6 d7e8 c1g5 d8a5 g5f6 a5c3 f6c3 f7c7,261
r1bq1rk1/1p3pbp/1n1p2p1/3N4/pP1NP3/P2nB2P/4QPP1/2R2RK1 w - -,e2d3 b6d5 e4d5 c8d7 d3d2 f8e8 d4c6 b7c6 d5c6 d7f5,61
4r1k1/7p/6p1/p3br2/Pp1B4/3PQR2/1Pq3KP/4R3 w - -,g2f1 e8f8 e3e5 c2d3 f1g1 f5e5 f3f8 g8f8 d4e5 d3b3,-451
2k5/pppn1Np1/7p/2b1p3/8/N1P5/PP3PPP/3R2K1 w - -,a3c4 c5e7 c4e5 d7c5 e5d3 c5a4 g1h1 c7c5 c3c4 e7f6,614
r3kb1r/1p2pp2/1pn3pp/3p1bN1/2pP4/P1P1P1P1/1P1N1PP1/R3KB1R w KQkq -,e3e4 h8g8 e4d5 c6d4 c3d4 h6g5 d2c4 e8a8 c4e5 f7f6,95
3qr1k1/5n2/pr2pb1p/1p2B1p1/1PpPQ3/P5p1/2P2PPP/3RR1K1 w - -,e4g6 g8f8 e5f6 g3h2 g1h1 e8e7 e1e3 f8e8 e3f3 g5g4,566
4Q3/6pk/8/5P2/4B2K/8/5q2/8 w - -,h4g4 f2g1 g4f4 g1c1 f4e5 c1c5 e5e6 c5c4 e6d6 c4d4,776
3r2k1/p1p3pp/1p4r1/4p3/4N2P/BP1P1qP1/P3n2K/R1R2n1Q w - -,c1f1 f3h1 f1h1 g6c6 h1f1 h7h6 f1f2 c6c2 a1e1 c2a2,277
3k4/1R3P2/4p1K1/6p1/5r2/8/8/8 w - -,c1f1 f3h1 f1h1 g6c6 h1f1 h7h6 f1f2 c6c2 a1e1 c2a2,Mate
8/p5k1/6P1/6K1/2pp4/P7/2P5/8 w - -,g5f4 g7g6 f4e4 d4d3 c2d3 c4c3 e4e3 g6f5 d3d4 c3c2,Mate
8/5kpp/1p1r4/8/r4P2/1R1K2PP/P2R4/8 w - -,,0
r2qk2r/1pp2ppp/p1nbpn2/3p4/3P1B2/P2QPN2/1PP2PPP/RN3RK1 w kq -,f4g5 h7h6 g5f6 d8f6 c2c4 d5c4 d3c4 e8h8 b1c3 f6g6,32
3rr3/2p1ppk1/p2q1np1/1p1P2Qp/3R3P/2N2b2/PPP3P1/2K1R3 w - -,e1e5 f3g4 g2g3 c7c5 d4f4 c5c4 c3e4 f6e4 f4e4,-598
8/8/8/8/8/4B1K1/5N2/5k2 w - -,e1e5 f3g4 g2g3 c7c5 d4f4 c5c4 c3e4 f6e4 f4e4,Mate
2R5/2P3k1/8/2r3PK/8/8/6P1/8 w - -,h5g4 c5c3 g4f5 c3c4 f5e6 c4c1 e6d6 c1d1 d6c6 d1c1,19
8/5p2/4k1p1/p1p1r3/3KR2P/1P6/P4P2/8 w - -,d4c3 e5e4 c3d3 e4h4 d3d2 e6f5 d2c3 h4f4 f2f3 f5e6,-845
4r1k1/4rp1p/p4np1/1qpPp2P/1p1b1P2/5Q2/PPPB4/1K1NR2R w - -,d5d6 b5b7 f3b3 e7e6 h5g6 e5f4 e1e6 e8e6 b3h3 h7h5,10
5rk1/1B4b1/3p2pp/3P4/1PP5/4q1Pb/Q6N/3R2K1 w - -,h5g6 f7g6 f4f5 e5e4 f3g3 f6d5 d2g5 e7d7 f5g6 h7g6,Mate
r1bqk2r/pppnbppp/4pn2/8/2pP1B2/P1N1P3/1P2NPPP/R2QKB1R w KQkq -,d1a4 e8h8 a4c4 c7c5 a1d1 c5d4 c4d4 d8a5 f4d6 e7d6,-29
r2q1rk1/bpp2pp1/p1np2p1/4p3/2B5/2PP2NP/PP2QnP1/R1B1R1K1 w - -,d3d4 d6d5 c4b3 f2e4 g3e4 d5e4 e2e4 e5d4 g1h2 c6a5,-220
2r2rk1/2qp1pp1/p3p3/6Pp/3Q1PbP/3B4/PPP4R/2K2R2 w - -,h2f2 d7d5 b2b3 g7g6 c1b2 c7b7 f1c1 c8c7 c2c4 d5c4,-39
r2q1rk1/1p1b1pbp/3p2p1/3P4/pP1N4/P2QB2P/5PP1/2R2RK1 w - -,f1d1 a8c8 c1c8 d8c8 b4b5 c8d8 b5b6 f8e8 d4f3 d8f6,49
8/p7/5k2/8/2ppK3/P7/2P5/8 w - -,a3a4 d4d3 c2d3 c4c3 e4e3 f6e5 d3d4 e5d5 e3d3 c3c2,Mate
r3rk2/2p2p2/2p2Qp1/4p2p/2P1P2P/1P6/1qPK4/5Rn1 w - -,a3a4 d4d3 c2d3 c4c3 e4e3 f6e5 d3d4 e5d5 e3d3 c3c2,Mate
3k4/1R3PK1/4p3/8/5rp1/8/8/8 w - -,a3a4 d4d3 c2d3 c4c3 e4e3 f6e5 d3d4 e5d5 e3d3 c3c2,Mate
2k5/5p2/R1p2p2/4b3/1P2p3/2rP3r/4KP2/3RN3 w - -,a6a4 h3h4 a4a7 e5d4 a7a8 c8d7 d3e4 h4e4 e2f1 e4h4,-53
1Bb1r1kb/1pn1p2p/p1q1n1p1/P4p2/2P5/R4N1P/1P3PP1/2Q1RBK1 w - -,b2b4 c8d7 b8a7 e8c8 a7b6 d7e8 c1d2 e8f7 f3e5 h8e5,423
8/pp1kn3/2p2p1p/5P1K/P5PP/6r1/8/1B3R2 w - -,b1a2 e7d5 a2d5 c6d5 f1e1 g3h3 a4a5 d5d4 e1d1 d4d3,85
3r4/5kpp/1p6/4R3/r4P2/3pK1PP/P2R4/8 w - -,e5f5 f7e7 f5b5 d8a8 b5b6 a4a2 d2d3 a8a3 b6b3 a3b3,5
r1bqk2r/ppp1nppp/2nb4/3pp3/8/1P1PP1P1/PBP2PBP/RN1QK1NR w KQkq -,g1f3 e8h8 b1d2 c8g4 h2h3 g4f5 e3e4 d5e4 d3e4 f5e6,10
r3r3/1p4kp/pq1p1np1/2n1p3/4PP2/1NN5/PP2Q1PP/3R1R1K w - -,f4e5 e8e5 e2f2 c5d7 f2b6 d7b6 d1d6 b6d7 c3d5 f6d5,165
8/p7/6k1/8/2p1K3/P2p4/2P5/8 w - -,e4e3 d3c2 e3d2 g6f6 d2c2 f6e6 c2d2 e6d6 d2c2 d6c5,Mate
8/8/4B3/N1k2K2/8/8/8/8 w - -,f5e4 c5b4 a5b3 b4c3 e4e3 c3b2 e3d3 b2a2 d3c2 a2a3,212
2rq1rk1/1p1b1pbp/3p2p1/3P4/pP1N4/P2QB2P/5PP1/2RR2K1 w - -,c1c8 d8c8 b4b5 f8e8 d1c1 c8d8 c1c4 d8a5 c4b4 h7h5,36
8/p7/6k1/8/4K3/P2p4/8/8 w - -,e4f3 g6f6 f3e3 f6e6 e3d3 e6d5 d3c3 d5c5 c3b2 c5b6,Mate
r1bqk2r/pppn1ppp/4pn2/8/1bpP1B2/2N1P3/PP2NPPP/R2QKB1R w KQkq -,a2a3 b4e7 d1a4 e8h8 a4c4 c7c5 d4c5 d7c5 a1d1 c8d7,-21
r2R1nk1/2q2pbp/1pp3p1/p3p3/P3P1b1/1BN2Q1P/1PP2PP1/R5K1 w - -,f3f7 c7f7 b3f7 g8f7 d8a8 g4d7 a1d1 d7e8 d1d8 e8d7,603
8/p7/5k2/8/8/P2K4/8/8 w - -,,0
r3brk1/4b1p1/1qn1p2p/1N1pPp2/1pnP4/P2Q1N1P/5PP1/RRBB2K1 w - -,b5d6 e7d6 e5d6 e8h5 a3b4 a8a1 b1a1 h5f3 d1f3 b6d4,-37
3rr3/2p2pk1/p2q1np1/3Pp1Qp/1p5P/2N2P2/PPP5/2KRR3 w - -,e1e3 b4c3 e3c3 c7c5 g5g3 d6c7 g3f2 c5c4 f2d2 d8d5,-542
r7/1p4kp/pq1p1np1/2n1r3/4P3/1NN5/PP2Q1PP/3R1R1K w - -,e2f2 c5d7 f2b6 d7b6 d1d6 b6d7 c3d5 f6d5 d6d7 d5e7,184
1Bb1r1k1/1pn1p2p/p1q1nbp1/P4p2/2P5/4RN1P/1P3PP1/2Q1RBK1 w - -,b2b4 e8d8 f3e5 c6a4 e3d3 d8d3 e5d3 a4b3 h3h4 g8g7,384
r3k2r/pp1b1ppp/3qp3/3p4/8/2N2Q2/PPP2PPP/R3R1K1 w kq -,c3e2 e8h8 a1d1 d6b6 f3b3 b6c7 e2d4 a7a5 b3g3 c7g3,-146
r1bqk2r/pp1n1ppp/3p1b2/2pP4/4P3/2N5/PP3PPP/R2QKBNR w KQkq -,g1f3 e8h8 f1e2 d7e5 f3d2 e5g6 e1h1 d8e7 d2c4 c8d7,-67
r1bqkb1r/ppp1nppp/2n5/3p4/5P2/2NP4/PPP3PP/R1BQKBNR w KQkq -,d3d4 g7g6 g1f3 f8g7 f1b5 e8h8 e1h1 a7a6 b5c6 e7c6,-66
r4rk1/2p1qpp1/1bp4p/2NpPQ2/1p1P4/P7/2P3PP/R4RK1 w - -,a3a4 b6c5 d4c5 e7c5 f1f2 a8e8 a4a5 c5d4 a1e1 c6c5,-328
4r1k1/1q2rp1p/p2P1np1/2p1p2P/1p1b1P2/5Q2/PPPB4/1K1NR2R w - -,f3b3 e7e6 h5g6 e5f4 e1e6 e8e6 b3h3 h7h5 d2f4 e6e2,7
rnbqkbnr/p4ppp/4p3/3p4/2pP1B2/1Pp1PN2/P2N1PPP/R2QKB1R w KQkq -,d2b1 d8a5 d1c2 c4b3 c2b3 g8f6 f4b8 c3c2 b1d2 a5a3,-22
r4rk1/1ppqn1pp/1b1ppn2/pP2p3/P3P3/1QPP1N2/5PPP/RNB2RK1 w - -,b1a3 f6h5 b3d1 h7h6 a3c4 b6c5 f3d2 h5f4 d2b3 c5a7,48
4k1r1/2Bq1p2/rPp1p2p/p2p2p1/Pb1Pb3/1Q2P2P/5PP1/R2B1RK1 w - -,f2f3 e4g6 d1e2 a6b6 c7b6 h6h5 b6c5 b4c5 d4c5 d7c7,403
rn1qk2r/pb1p2pp/1p2pn2/3p1p2/2PP4/P1N1PN2/1P3PPP/R2QKB1R w KQkq -,a1c1 e8h8 c4d5 f6d5 f1c4 d5c3 c1c3 b8a6 d1e2 a6c7,78
r1b2rk1/p3bppp/1pnqp3/3n4/3p4/N1P2NP1/PP2QPBP/R1B2RK1 w - -,c3d4 e7f6 f1d1 f8d8 c1g5 f6g5 f3g5 h7h6 g5f3 d6e7,-41
r4rk1/2p2pp1/1bp4p/2NpPQ2/1P1P3q/8/2P3PP/R4RK1 w - -,c2c3 a8a1 f1a1 b6c5 b4c5 f8b8 a1f1 h4e7 h2h3 e7e6,97
r3kb1r/1p2ppp1/2n4p/1p3bN1/2pPp3/P1P3P1/1P1N1PP1/R3KB1R w KQkq -,e1a1 e7e5 d4d5 c6a5 g5e4 e8a8 f2f3 d8d5 a3a4 f5d7,-85
4K3/2k1P3/8/8/R7/8/8/1r6 w - -,e1a1 e7e5 d4d5 c6a5 g5e4 e8a8 f2f3 d8d5 a3a4 f5d7,Mate
2q3k1/p3bpp1/1p3n1p/3p4/3B4/1P1P2PP/PQ3PB1/6K1 w - -,b3b4 c8e6 a2a3 f6e8 b2c2 e6d7 h3h4 e7f6 d4e3 g7g5,39
2r1r1k1/p1q4p/1p1pPpp1/7P/P2Qb3/1B3P2/1PP3P1/4R1K1 w - -,e1e4 c7c5 g1f1 c5d4 e4d4 g8f8 h5g6 h7g6 d4d6 c8c7,-14
5rk1/2p2pp1/1bp4p/2NpPQ2/1P1P3q/2P5/6PP/r4RK1 w - -,c5d7 b6d4 c3d4 h4d4 f5f2 a1f1 g1f1 d4d3 f1g1 d3d1,-564
4k1r1/2Bq1p2/rPp1p2p/p2p1b2/Pb1P2p1/1Q2P2P/5PP1/R2B1RK1 w - -,h3g4 f5g4 d1g4 g8g4 b3d3 d7c8 a1c1 e6e5 d3e2 g4g6,357
8/8/4B3/5K2/1k6/1N6/8/8 w - -,f5e5 b4c3 e5e4 c3b2 e4d4 b2b1 d4d3 b1a2 d3c2 a2a3,202
r2qnrk1/ppp1bpp1/2np3p/3P4/Q7/2PB1N2/P4PPP/R1B1R1K1 w - -,d5c6 b7c6 a4e4 e8f6 e4e7 d8e7 e1e7 f6d5 e7e4 d5c3,559
r1b3k1/pp2n1pp/1qn1pr2/3p4/3P4/2N2N2/PP1Q1PPP/R3KB1R w KQ -,e1a1 c8d7 h2h4 a8f8 h4h5 h7h6 c1b1 f6f4 b1a1 b6b4,-45
r2qkb1r/pbp1nppp/1pn5/3p4/3P1P2/2N1B3/PPP3PP/R2QKBNR w KQkq -,d1d3 g7g6 e1a1 f8g7 g1f3 e7f5 g2g4 f5e3 d3e3 d8e7,28
5rk1/2p2p2/1bp3pp/2NpPQ2/1P1P3q/2P5/6PP/R5K1 w - -,f5d3 b6c5 b4c5 g8g7 a1f1 f8e8 h2h3 e8e6 d3e2 h6h5,85
3rr3/2p2pk1/p4qp1/3Pp1Qp/1p2P2P/8/PPP5/2KRR3 w - -,c2c3 f6g5 h4g5 b4c3 b2c3 e8h8 e1h1 f7f6 g5f6 g7f6,-189
2k5/5p2/R1p2p2/4b3/1Pr1P3/7r/4KP2/3RN3 w - -,e2f1 c8b7 a6a2 c4e4 d1d7 b7c8 e1d3 c8d7 d3c5 d7c7,-56
rn1qk2r/pb1p2pp/1p2p3/3n1p2/3P4/P1N1PN2/1P3PPP/R2QKB1R w KQkq -,a1c1 d5c3 c1c3 e8h8 f1c4 b8a6 e1h1 a6c7 d1e2 b6b5,73
rnbq1rk1/ppp1bppp/3p1n2/3Pp3/4P3/2N1BP2/PPP1N1PP/R2QKB1R w KQ -,g2g4 h7h6 e2g3 f6h7 d1e2 a7a6 e2f2 b7b5 a2a3 e7h4,89
r1bq1rk1/pppp1p1p/2nb1np1/4p1N1/2B1P3/8/PPPPQPPP/RNB1K2R w KQ -,g5f3 f8e8 e1h1 d6f8 d2d3 d7d5 e4d5 c6d4 f3d4 e5d4,-21
8/8/4B3/5K2/3N4/2k5/8/8 w - -,f5e4 c3d2 d4b3 d2c2 e4d4 c2b2 d4d3 b2a3 d3c2 a3b4,201
4k1r1/2Bq1p2/rPp1p2p/p2p1b2/Pb1P4/1Q2P2p/4BPP1/R4RK1 w - -,g2g3 d7c8 f1c1 e8d7 e2b5 c6b5 a4b5 a6a8 c7e5 a8b8,296
3rr3/2p2pk1/p5p1/3Pp2p/1p2Pq1P/6Q1/PPP5/2KRR3 w - -,d1d2 f4g3 d2e2 g3h4 c1b1 h4g4 e2f2 h5h4 f2h2 g4f4,-715
4r1k1/1pnbp2p/p1q2bp1/P4p2/1PP5/4RN1P/5PP1/2Q1RBK1 w - -,b4b5 c6c5 c1d1 f5f4 e3e2 d7f5 b5b6 e7e5 b6c7 c5c7,422
5rk1/2p2p2/2p3pp/2bpP3/1P1P3q/2P2Q2/6PP/R5K1 w - -,b4c5 g8g7 f3e3 f8e8 a1f1 e8e6 h2h3 h6h5 g1h2 h4e7,77
3q2k1/5pb1/2bNr1pp/1ppnP2n/8/P4N1P/3B1PP1/1B1QR1K1 w - -,b1a2 e6e7 a3a4 b5a4 d1c1 d8d7 d6f7 g8f7 c1c5 f7g8,105
rnb1kb1r/pp2pp1p/6p1/2P1p3/6n1/2P5/PP3PPP/RNB1KBNR w kq -,b1d2 b8d7 g1f3 f8g7 d2b3 e8h8 c1g5 e5e4 f3d2 f7f6,-36
rn1qk2r/p2p2pp/1p2p3/3b1p2/3P4/P3PN2/1P3PPP/R2QKB1R w KQkq -,a1c1 b8c6 f1c4 c6e7 e1h1 e8h8 c4d5 e7d5 d1a4 a7a6,44
3rr3/2p2pk1/p5p1/3P3p/1p2Pp1P/8/PPP5/2KRR3 w - -,a2a3 b4a3 b2a3 e8e5 c2c4 f4f3 c1c2 d8e8 c2d3 f7f5,-328
4r1k1/1q3p1p/p2Prnp1/2p1p2P/1p1b1P2/1Q6/PPPB4/1K1NR2R w - -,c2c3 c5c4 b3c4 b4c3 d2c3 e8c8 c4b3 b7b3 a2b3 d4c3,-164
rnb1kb1r/pp2pppp/8/2P1p3/6n1/2P5/PP3PPP/RNBK1BNR w kq -,d1e1 g7g6 b1a3 f8g7 a3b5 b8a6 h2h3 g4f6 f1c4 e8h8,-29
3r2k1/p1p3pp/1p4r1/4p3/4N2P/BP1P2q1/P3n2K/R4R1Q w - -,e4g3 e2f4 h1e4 f4e6 g3f5 g8h8 a3e7 e6c5 e4e5 d8c8,850
r3r1k1/1bqn1pbp/p4np1/1p2p3/2p1P3/P1PB1N1P/1P1N1PPB/R2QR1K1 w - -,d3c2 d7c5 a3a4 a8d8 a4b5 a6b5 d1e2 f6h5 a1d1 h5f4,-140
r1bqkb1r/p1p2ppp/1pn5/3p1n2/3P1P2/2N1B3/PPP3PP/R2QKBNR w KQkq -,f1b5 c8b7 e3f2 f8b4 g1e2 d8f6 d1d3 b4c3 d3c3 h7h5,-41
r1bqk2r/pp1pbppp/2n1pn2/2p5/4P3/2PP3P/PP2NPP1/RNBQKB1R w KQkq -,b1d2 d7d5 e2g3 e8h8 f1e2 e6e5 d2f3 d8c7 e1h1 c8e6,-50
2r1r1k1/p6p/1p1pPpp1/2q4P/P3Q3/1B3P2/1PP3P1/4R1K1 w - -,,0
3r4/2p2pk1/p5p1/3Pr2p/1p2Pp1P/3R4/PPP5/2K1R3 w - -,c2c4 b4c3 b2b4 d8e8 c1c2 e5e4 e1e4 e8e4 c2c3 g7f6,-392
8/8/8/8/5KN1/3kB3/8/8 w - -,c2c4 b4c3 b2b4 d8e8 c1c2 e5e4 e1e4 e8e4 c2c3 g7f6,Mate
r2R1n2/5kbp/1pp3p1/p3p3/P3P1b1/2N4P/1PP2PP1/R5K1 w - -,d8a8 g4d7 a1d1 d7e8 a8a7 f7g8 a7b7 g7f6 b7b8 e8f7,608
4k1r1/2Bq1p2/rPp1p2p/p2p4/Pb1P2b1/1Q2P3/5PP1/R2B1RK1 w - -,d1g4 g8g4 b3d3 d7c8 a1c1 e6e5 d3e2 g4g6 f2f4 c8b7,406
r3brk1/6p1/1qnbp2p/3pPp2/1pnP4/P2Q1N1P/5PP1/RRBB2K1 w - -,e5d6 e8h5 a3b4 a8a1 b1a1 h5f3 d1f3 b6d4 d3d4 c6d4,-33
8/8/6p1/p1pk1p2/5P1P/1P1K4/P7/8 w - -,d3c2 d5e4 c2c3 e4f4 c3c4 f4g3 c4c5 f5f4 c5c4 g3h4,-626
8/p7/1pp2kp1/3p4/3P2PP/3K4/P1P5/8 w - -,d3d2 g6g5 h4h5 a7a5 d2c3 f6g7 c3b3 b6b5 b3b2 g7h8,7
5k2/5p2/7p/4PK2/5P2/8/8/8 w - -,,0
2bqrnk1/r3b2p/pp2p1p1/3pPp2/3P1B2/2NBP1QR/PP4PP/R5K1 w - -,f4h6 b6b5 c3e2 d8a5 e2f4 a5d2 a1f1 a7c7 h6f8 e7f8,119
4r3/2p2pk1/p5p1/3Pr2p/1pP1Pp1P/3R4/PP6/2K1R3 w - -,e1g1 e5e4 b2b3 f7f6 c1d1 f4f3 d3f3 e4h4 d1d2 h4d4,-420
2r1r1k1/p6p/1p1pPpp1/7q/P3Q3/1B3P2/1PP3P1/4RK2 w - -,,0
r1bqk2r/pp2bppp/2n1pn2/2pp4/4P1P1/2PP3P/PP2NP2/RNBQKB1R w KQkq -,b1d2 e8h8 f1g2 d5e4 d2e4 f6e4 d3e4 d8d1 e1d1 b7b6,-76
8/p7/1pp1k1p1/8/2KP2PP/8/P7/8 w - -,c4c3 a7a6 c3c4 e6d6 a2a3 d6e6 a3a4 b6b5 c4c5 e6f6,34
4r1k1/1pn1p2p/p3bbp1/P3Np2/1PP5/4R2P/5PP1/3R1BK1 w - -,e5d7 f6b2 g2g3 e6f7 d7c5 e7e5 c5b7 b2d4 b7d6 e8d8,399
r4rk1/bppq1ppp/2np1nb1/p3p3/P1B1P2N/2PP2NP/1P3PP1/R1BQR1K1 w - -,c1g5 f6e8 d1f3 c6e7 h4g6 e7g6 f3f5 d7f5 e4f5 g6f4,137
r2q1rk1/ppp2pp1/2np1nb1/2b1p1p1/2B1P2B/2PP1N1P/PP1N1P2/R2QK2R w KQ -,h4g5 c6a5 c4b5 a7a6 b5a4 b7b5 a4c2 b5b4 c3b4 c5b4,63
4k3/5p2/5K1p/4P3/5P2/8/8/8 w - -,f6g7 h6h5 f4f5 e8e7 e5e6 f7f6 g7h6 h5h4 h6g6 h4h3,-1623
5rk1/2p5/2p3pp/2PpPp2/3Pq3/2P2QP1/7P/R5K1 w - -,f3e4 f5e4 a1a6 e4e3 a6a2 g6g5 a2e2 f8f3 g3g4 g8f8,166
8/8/8/8/6N1/4BK2/2k5/8 w - -,a1f1 g6g5 g1g2 g8g7 f3e4 f5e4 f1f8 g7f8 g2g1 h6h5,Mate
4r3/2p2pk1/p5p1/2PP3p/1p2rp1P/3R4/PP6/2K1R3 w - -,e1g1 e4c4 c1d2 c4c5 d3d4 e8d8 d4f4 d8d5 d2e3 a6a5,-552
8/p7/1ppk2p1/8/P1KP2PP/8/8/8 w - -,c4c3 d6e6 c3c4 e6f6 c4d3 f6f7 d3c2 f7e6 c2c3 e6e7,5
3q2k1/5pb1/1nbNr1pp/1pp1P2n/8/P4N1P/3B1PP1/1BQ1R1K1 w - -,b1e4 c6e4 d6e4 b6c4 d2h6 c4e5 f3g5 e6c6 e1d1 d8e7,69
r1bqk2r/ppppnpbp/6p1/1B6/4P3/1Pp5/PB1P1PPP/RN1Q1RK1 w kq -,b1c3 c7c6 b5d3 e8h8 f2f4 d7d5 e4e5 f7f6 c3a4 f6e5,-13
4r2k/1q3p1p/p2Prn1B/2p1pp1P/1p1b4/1Q6/PPP5/1K1NR2R w - -,h6g5 f6e4 e1e4 f5e4 g5e7 e4e3 h1e1 e8e7 d6e7 b7e7,-296
rr4k1/5ppp/2Q5/p7/1N6/1q6/R4PPP/5RK1 w - -,a2a4 b3a4 c6a4 a5b4 a4b3 a8a3 b3d5 b4b3 d5e5 a3a8,267
5rk1/2p5/2p3pp/2PpP3/3Pp3/2P3P1/7P/R5K1 w - -,a1a6 e4e3 a6a2 f8f3 a2e2 g6g5 g3g4 h6h5 g4h5 g8g7,245
8/2p2pk1/p5p1/2PP3p/1p2rp1P/3R4/PP6/2K5 w - -,c1b1 g7f8 a2a3 b4a3 d3a3 e4c4 d5d6 c7d6 c5d6 c4c6,-490
r4rk1/1pqn1pb1/p2ppnpp/P1p5/4PB2/2NP1N2/1PP2PPP/R2QR1K1 w - -,h2h3 a8d8 f4h2 g8h7 c3a4 e6e5 d1d2 f8e8 c2c4 d7b8,26
8/2p3pb/2k5/PN3pK1/8/5P2/8/8 w - -,a5a6 f5f4 g5f4 h7d3 a6a7 c6b7 b5c7 b7a7 f4g5 g7g6,2
r2R1nk1/1bq2pbp/1pp3p1/p3p3/P3P3/1BN2Q1P/1PP2PP1/R5K1 w - -,a1d1 a8d8 d1d8 h7h5 d8e8 b7a6 e8a8 a6b7 f3f7 c7f7,490
4k3/8/4pK1p/8/5P2/8/8/8 w - -,f6g7 h6h5 g7f6 h5h4 f6e5 h4h3 e5e4 h3h2 e4f3 h2h1q,-9605
3qr1k1/5n2/pr2p2p/1p2b1p1/1PpPQp2/P5N1/2P2PPP/3RR1K1 w - -,d4e5 d8c7 g3h5 g8f8 e4g6 e8d8 h2h4 f4f3 h5f6 f8e7,492
4k3/pp2n3/2p2p1p/5P1K/P6P/2r3P1/8/1B4R1 w - -,h5h6 e8f8 g3g4 c3a3 g1d1 a3a4 d1d8 f8f7 h6h5 a4a5,128
r1b2rk1/p1b2ppp/2p1p3/3p4/3B1q2/2P1Q2P/P1P1BPP1/1R3RK1 w - -,e3g3 f4g3 f2g3 c7g3 d4c5 f8d8 b1b3 g3c7 a2a4 g7g6,-237
8/8/8/8/6N1/2k1B3/4K3/8 w - -,e3g3 f4g3 f2g3 c7g3 d4c5 f8d8 b1b3 g3c7 a2a4 g7g6,Mate
3qr1k1/5n2/pr2p2p/1p2P1p1/1Pp1Q3/P5p1/2P2PPP/3RR1K1 w - -,d1d8 g3h2 g1h2 e8d8 e4g6 g8f8 e1e3 d8d4 e3f3 d4f4,529
4r1k1/1pnNp2p/p3b1p1/P4pb1/1PP5/4R2P/5PP1/3R1BK1 w - -,e3e5 g8g7 e5c5 c7a8 d7e5 g5f6 g2g3 e8b8 f2f4 f6e5,418
r2qk2r/pp1bbppp/2n1pn2/2pp4/4P1P1/2PP1P1P/PP2N3/RNBQKB1R w KQkq -,c1e3 c6e5 e2g3 d7c6 f3f4 e5g6 g4g5 f6d7 g3h5 e8h8,-138
8/8/1p6/3p3k/2K5/8/8/8 w - -,c4c3 b6b5 c3d3 b5b4 d3d4 h5g5 d4d3 g5g4 d3d2 g4f5,-1131
2rq2k1/1pr2pn1/p2bp1p1/P2p4/1P1P1PPp/2P2Q1P/3B4/2RR1B1K w - -,f1d3 g8f8 d1g1 d8f6 g1f1 f8e8 f3e2 f6e7 e2e3 f7f5,92
r2q1rk1/bpp3pp/p1nppn2/4p3/1P2P3/2PP1N2/P2N1PPP/R1BQ1RK1 w - -,d2b3 d8e8 h2h3 f6h5 g1h2 h7h6 a2a4 h5f6 h2g1 e8h5,7
4k1r1/2Bq1p2/rPp1p2p/p2p4/Pb1P4/1Q2PP1b/6P1/R2B1RK1 w - -,f1f2 e8e7 b3d3 a6a8 b6b7 d7c7 b7a8r g8a8 g2h3 a8g8,307
r1b1kbnr/1pp2ppp/p1nq4/4p3/Q1B5/2P2N2/PP1P1PPP/RNB1K2R w KQkq -,b1a3 f8e7 d2d4 d6g6 e1h1 c8h3 f3e1 e5d4 a3b5 e8a8,-7
8/1R6/6K1/6P1/5k2/8/8/7r w - -,b7a7 h1g1 a7a5 f4e4 g6g7 e4d3 g5g6 d3c3 a5f5 c3b3,621
4r2k/1q3p1p/p2Prn1B/2p1pp1P/1p6/1Q2b3/PPP5/1K2R2R w - -,b3e3 f6g4 e3c5 e6h6 e1d1 b7d7 d1d2 e8d8 h1d1 f5f4,-404
3k4/8/8/1P6/3r4/5K2/8/1R6 w - -,,0
3r4/3P1pk1/p5p1/7p/1p3p1P/3R4/PP6/2K5 w - -,c1d1 g7f6 d1e2 f6e6 d3d4 d8d7 d4f4 a6a5 f4e4 e6f5,-471
rnbqk2r/pp2ppb1/5npp/3p2B1/2PP4/2N2N2/PP3PPP/R2QKB1R w KQkq -,g5f6 g7f6 c3d5 f6g7 d5c3 c8g4 f1e2 b8c6 d4d5 g4f3,58
r3kbnr/1ppb1ppp/p1nq4/4p3/Q1B5/2P2N2/PP1P1PPP/RNB2RK1 w kq -,,0
6k1/2p5/2p3pp/2PpP3/3Pp3/2P2rP1/7P/4R1K1 w - -,,0
r1b2rk1/p4ppp/2p1p3/3p4/3B1b1q/2P1Q2P/P1P1BPP1/1R3RK1 w - -,g2g3 f4e3 g3h4 e3f4 d4c5 f8d8 h4h5 h7h6 b1b3 e6e5,-151
3r4/3P1p2/p4kp1/7p/1p3p1P/3R4/PP1K4/8 w - -,d2c1 f6e6 d3d4 d8d7 d4f4 a6a5 a2a3 b4a3 b2a3 d7d5,-545
r1bqk2r/pppp2pp/2nb4/1B4p1/8/5N2/PPP2PPP/RN1Q1RK1 w kq -,f1e1 e8f8 b1c3 g5g4 c3d5 c6e7 b5c4 c7c6 d5b6 e7f5,245
4rk2/2q2n2/pr2p2p/1p2P1pN/1Pp1Qp2/P7/2P2PPP/3RR1K1 w - -,h2h4 e8d8 e4g6 f4f3 h5f6 f8e7 f6g8 d8g8 g6g8 c7c6,525
4r1k1/5pbp/p5p1/3P4/4q3/PQ6/P6P/1K1R3R w - -,b3d3 e8b8 b1c1 g7h6 c1c2 e4g2 d1d2 g2h1 d2d1 h1g2,Mate
8/8/2k3p1/p1p2p2/5P1P/1P6/P2K4/8 w - -,d2c2 c6b6 c2d3 b6c6 d3c4 c6d6 a2a3 d6c6 a3a4 c6d6,776
3q2k1/4rpb1/2bN2pp/1ppnP2n/8/P4N1P/B2B1PP1/3QR1K1 w - -,a3a4 b5a4 d1c1 d5c7 c1c2 c6d5 a2d5 c7d5 c2a4 g7f8,122
4R3/2k4r/2P5/1K6/8/8/8/8 w - -,,0
rn2kb1r/1b1p1ppp/pp2pn2/8/2qNP3/P1N3P1/1P3PBP/R1BQK2R w KQkq -,c1e3 c4c7 e1h1 b8c6 a1c1 c7b8 c3a4 f8c5 a4c5 b6c5,154
4k1r1/2Bq1p2/rPp1p2p/p2p1b2/Pb1P4/1Q2PP2/6P1/R2B1RK1 w - -,d1e2 a6b6 c7b6 d7d6 f3f4 e8e7 e2f3 g8b8 b6a7 e7d7,382
rnbqk2r/1p2bpp1/p2p1n1p/4p3/3NPB2/2NB4/PPPQ1PPP/R3K2R w KQkq -,d3e2 e5f4 d2f4 d8b6 e1a1 b8c6 d4b3 c8e6 h2h4 h6h5,-339
r4rk1/pppq1pp1/2np1nb1/2b1p1B1/2B1P3/2PP1N1P/PP1N1P2/R2QK2R w KQ -,f3h4 c6e7 g5f6 g7f6 h4g6 e7g6 d1f3 g8g7 d2f1 f8h8,166
8/2p2k2/2p3pp/2PpP3/2PPp3/5rP1/7P/4R1K1 w - -,e1e2 d5c4 e2e4 f7e6 g1g2 f3d3 g2f2 c4c3 e4e1 d3d4,-360
8/8/6K1/1R4P1/5k2/8/8/r7 w - -,g6h6 a1h1 h6g7 h1d1 g5g6 f4e3 g7f6 d1d6 f6g5 d6d8,621
1b5r/1k3p2/2p2p2/4p3/1P6/2rP1N2/5PK1/R2R4 w - -,a1b1 h8d8 f3e1 d8d4 g2f1 f6f5 f1e2 b7b6 e1f3 d4d5,-132
3r4/3P1p2/p3k1p1/7p/1p3p1P/3R4/PP2K3/8 w - -,e2f3 d8d7 d3d7 e6d7 f3f4 d7d6 f4f3 d6e5 f3g3 f7f6,-588
3r2k1/p1p3pp/1p6/4p3/4N2P/BP1Pnqr1/P3n2K/R1R4Q w - -,h1f3 g3f3 c1e1 e2f4 a3b2 d8d3 h2h1 e3c2 b2e5 c2e1,-563
4r3/2q1kn2/pr2p1Qp/1p2P1pN/1Pp2p2/P7/2P2PPP/3RR1K1 w - -,g6f6 e7f8 f6g7 f8e7 h2h4 e8d8 h4g5 h6g5 h5f6 b6b8,579
4r3/1pnNpk1p/p3b1p1/P4pb1/1PP5/7P/5PP1/3RRBK1 w - -,b4b5 g5f4 d7c5 e6c8 c5d3 f4g5 b5b6 c7e6 c4c5 g5f6,468
8/2p3k1/2p3pp/2PpP3/2PPp3/5rP1/7P/4R1K1 w - -,e1c1 g6g5 c4d5 c6d5 c1f1 f3d3 c5c6 d3c3 f1f5 c3c6,-4
8/r6K/8/1R4P1/5k2/8/8/8 w - -,h7h6 a7a8 g5g6 a8h8 h6g7 h8c8 g7h7 f4e4 g6g7 e4f4,704
3q2k1/4rpb1/1nbN2pp/1pp1P2n/8/P4N1P/B2B1PP1/2Q1R1K1 w - -,a2f7 e7f7 d6f7 g8f7 c1c5 c6f3 e5e6 f7g8 e6e7 d8e8,449
r1q2rk1/bpp2pp1/2np1n1p/p3pN2/P1B1P3/2PP1Q1P/1P3PP1/R1B1R1K1 w - -,c1h6 c8f5 f3f5 c6d8 h6g7 g8g7 f5g5 g7h7 g5f6 f8g8,651
rn2k2r/1bpqb1pp/1p1ppn2/p4pN1/2PP1B2/P1NBP3/1P3PPP/R2QK2R w KQkq -,d4d5 e6d5 c4d5 b7d5 d1c2 g7g6 e1a1 h7h6 g5f3 d5e4,170
4r2k/1q3p1p/p2Pr3/2p1pp1P/1p2n3/1Q2B3/PPP5/1K2R2R w - -,e3c1 e4d6 h1g1 f5f4 b3d3 c5c4 d3d1 d6f5 b2b3 c4b3,-296
rnbqkbnr/ppp3pp/4p3/3p1p2/8/2P1P1P1/PP1P1P1P/RNBQKBNR w KQkq -,c3c4 b8c6 d2d4 g8f6 g1f3 d5c4 f1c4 f8d6 b1c3 e8h8,17
8/2p3pb/P1k5/1N4K1/5p2/5P2/8/8 w - -,g5f4 h7d3 a6a7 c6b7 b5c7 b7a7 f4g5 a7b6 c7e6 g7g6,1
r1bqk2r/ppppb1pp/2n5/1B4p1/8/5N2/PPP2PPP/RN1QR1K1 w kq -,d1d5 h8f8 f3g5 c6b4 d5b3 c7c6 b3b4 f8f5 b4g4 d7d6,450
4r3/1pnNpk1p/p3bbp1/P4p2/1PP5/6PP/5P2/3RRBK1 w - -,e1e3 f7g7 d7f6 g7f6 e3d3 e6c4 d3d7 c4f1 g1f1 c7b5,429
3r4/2q1kn2/pr2p1Qp/1p2P1pN/1Pp2p1P/P7/2P2PP1/3RR1K1 w - -,g6f6 e7e8 h4g5 h6g5 f6g7 e8e7 h5f6 b6b8 f6d5 d8d5,578
r1bqk2r/1pppnpbp/p5p1/1B6/3pP3/1PP5/PB1P1PPP/RN1Q1RK1 w kq -,b5d3 d7d5 c3d4 d5e4 d3e4 e8h8 b1c3 g7d4 d1c2 f8e8,-25
2r3k1/5pp1/pprpqb2/7p/PPPpP3/3Q1P2/2RB2PP/2R3K1 w - -,h2h3 a6a5 b4a5 b6a5 d2a5 c6a6 a5d2 a6a4 c4c5 d6c5,-11
r1b2rk1/p1p1qp2/1pnp1n1p/4p1p1/2PPP2B/P1PB1P2/4N1PP/R2Q1RK1 w - -,h4g3 f6h5 g3f2 e7f6 a3a4 c6a5 e2g3 h5f4 f1e1 c7c5,-14
6r1/2Bqkp2/rPp1p2p/p2p1b2/Pb1P4/1Q2PP2/4B1P1/R4RK1 w - -,e2a6 h6h5 a6d3 b4d6 d3f5 d6c7 b6c7 e6f5 b3b8 g8c8,517
3rk3/2q2n2/pr2pQ1p/1p2P1pN/1Pp2p1P/P7/2P2PP1/3RR1K1 w - -,f6g7 e8e7 h4g5 h6g5 h5f6 b6b8 f6d5 d8d5 d1d5 b8d8,592
rn2k2r/1bpqb1pp/1p1p1n2/p2PppN1/2P2B2/P1NBP3/1P3PPP/R2QK2R w KQkq -,g5e6 g7g6 f4h6 b8a6 e3e4 f5f4 d3c2 e8f7 g2g3 a6c5,153
3r4/3P1p2/4k1p1/p6p/1p1R1p1P/8/PP2K3/8 w - -,e2f3 d8d7 d4e4 e6f6 e4f4 f6g7 f3e2 d7e7 e2d2 e7e5,-547
8/8/8/8/2k5/4B3/4KN2/8 w - -,e3g5 c4d4 e2d2 d4d5 d2c3 d5c6 c3d4 c6b6 d4c4 b6b7,153
r1b1k2r/ppppqppp/5n2/1B2n3/3Q4/2N5/PPP2PPP/R1B2RK1 w kq -,c1g5 e7d6 d4d6 c7d6 f2f4 e5c6 a1d1 e8f8 g5f6 g7f6,317
2r1r1k1/pQ5p/1p1pPpp1/8/P6q/1B3P2/1PP2KP1/4R3 w - -,,0
8/2p2k2/6pp/2PpP3/3Pp3/5rP1/7P/4R1K1 w - -,e1d1 f7e7 g1g2 h6h5 h2h4 f3a3 d1b1 a3a2 g2f1 a2a4,-169
8/8/7K/1R4P1/5k2/8/8/r7 w - -,g5g6 a1h1 b5h5 h1c1 g6g7 c1c8 h6h7 f4g4 h5a5 g4f4,962
5rk1/QB6/1B1p2pp/3Pbq2/1PP1p3/6Pb/7N/3R2K1 w - -,a7a3 f5g5 b6f2 h6h5 b7c8 h3c8 a3e3 e5f4 e3e4 f4g3,-283
r2qk2r/pp2bpp1/2p2np1/4n3/2B5/6N1/PPP2PPP/R1BQ1RK1 w kq -,d1d8 a8d8 c4b3 e5d7 f1e1 d7c5 b3c4 d8d7 b2b3 f6d5,14
r3r3/pppkq2p/3b1np1/5p2/N2n1P2/PP1P1Q2/1B1P2PP/R2K3R w - -,b2d4 e7f7 d1c2 f6d5 g2g3 a7a5 h1b1 h7h5 h2h4 c7c6,17
3q4/5kb1/1nb3pp/1pp1P2n/8/P4N1P/3B1PP1/2Q1R1K1 w - -,c1c5 c6d5 d2a5 d8c8 a5b6 c8c5 b6c5 h5f4 c5e3 f4g2,487
3rk3/2q2n2/pr2pQ2/1p2P1pN/1Pp2p2/P7/2P2PP1/3RR1K1 w - -,f6g7 e8e7 h5f6 b6b8 f6d5 d8d5 d1d5 b8d8 g7f6 e7f8,601
3q4/5kb1/1n4pp/1pQ1P2n/8/P4b1P/3B1PP1/4R1K1 w - -,e5e6 f7g8 e6e7 d8e8 g2f3 b6d7 c5b5 g8h7 a3a4 g7f6,510
rnbqkbnr/pp4pp/2p1p3/1B1p1p2/8/2P1P1P1/PP1P1P1P/RNBQK1NR w KQkq -,b5e2 e6e5 d2d4 e5e4 h2h4 g8f6 g1h3 c8e6 b2b3 e6f7,-27
8/2p2k2/7p/2PpP1p1/3Pp3/5rP1/7P/5RK1 w - -,f1f3 e4f3 g3g4 f7e8 g1f2 e8e7 f2f3 e7f8 f3e3 f8g7,446
8/3r1p2/4k1p1/p6p/1p3R1P/8/PP2K3/8 w - -,f4f1 d7d4 f1h1 e6f5 e2e3 d4f4 b2b3 f4e4 e3d3 f5e5,-567
b4nk1/2q2pb1/1pp3p1/p3p2p/P3P3/1BN2Q1P/1PP2PP1/3R2K1 w - -,b3f7 c7f7 f3f7 g8f7 d1d8 f7e7 d8a8 g7h6 a8b8 e7d6,471
rnbq1rk1/p4ppp/1p2pn2/3p4/3P4/2N1PN1P/PP1Q1PP1/R3KB1R w KQ -,a1c1 b8c6 f1d3 c8b7 e1h1 c6b4 d3b1 a8c8 f3e5 b4c6,40
rnb1k2r/ppq2ppp/2pb1n2/3pp3/8/PPNP1N1P/2PBPPP1/R2QKB1R w KQkq -,e2e3 c7e7 e3e4 d6a3 f3e5 d5e4 d1e2 e8h8 d3e4 b8a6,-70
r1b2rk1/p4ppp/2p1p3/3p2b1/3B3q/2P2Q1P/P1P1BPP1/1R3RK1 w - -,e2d3 g5e7 d4e5 e7c5 c3c4 c8a6 c4d5 a6d3 c2d3 c6d5,-48
r4rk1/1p1bqppp/2n1p3/1p6/2n1Q3/2N2N2/PP3PPP/R1BR2K1 w - -,c3b5 c6a5 b5d4 c4d6 e4e2 f8d8 b2b3 a5c6 a2a4 e7e8,14
8/2p2k2/7p/2PpP1p1/3P4/5pP1/7P/6K1 w - -,g3g4 f7g6 g1f2 g6h7 f2f3 h7g8 f3e3 g8h7 e3d3 h7g6,624
8/8/3k2p1/p1p2p2/5P1P/1P1K4/P7/8 w - -,d3c4 d6c6 a2a4 c6d6 c4b5 d6d5 b5a5 d5e4 a5b5 e4f4,3582
8/3r1p2/6p1/p4k1p/1p2R2P/8/PP2K3/8 w - -,e2f3 d7d3 e4e3 d3e3 f3e3 g6g5 h4g5 f5g5 a2a3 b4a3,-724
r2q1rk1/1p1b1pbp/p3p1p1/3n4/P1Bp1P1Q/3P4/1PP1N1PP/R1B2RK1 w - -,h4f2 d5e3 c1e3 d4e3 f2e3 g7b2 a1a2 b2f6 a4a5 a8c8,-134
2b1r3/1pn1p1kp/p4bp1/P3Np2/1PP5/6PP/5PB1/3RR1K1 w - -,d1d3 h7h5 h3h4 c8e6 e5d7 f5f4 g2b7 e8d8 d7c5 f4g3,398
3rr1k1/1bqn1pbp/p4np1/1p2p3/2p1P3/P1P2N1P/1PBN1PPB/R2QR1K1 w - -,a3a4 d7c5 d1e2 f6h5 a1d1 h5f4 h2f4 e5f4 e2f1 d8d7,-129
3bq2k/p1p3p1/2Pp4/1P5p/2PRp1nP/2N5/P5P1/5RK1 w - -,d4e4 e8g6 f1f8 h8h7 e4f4 g6c2 c3d5 c2c1 f4f1 c1c4,-438
r2q1rk1/1p1bnppp/4p3/1p6/2n1Q3/2N2N2/PP3PPP/R1BR2K1 w - -,e4b7 d7c6 d1d8 c6b7 d8a8 f8a8 c3b5 a8d8 c1g5 f7f6,65
1r1r4/2q1knQ1/p3pN2/1p2P1p1/1Pp2p2/P7/2P2PP1/3RR1K1 w - -,f6d5 d8d5 d1d5 b8d8 g7f6 e7f8 f6e6 d8d5 e6d5 c7d8,614
rnbqkbnr/1p4pp/p1p1p3/3p1p2/8/2PBP1P1/PP1P1P1P/RNBQK1NR w KQkq -,d3e2 e6e5 d2d4 e5e4 h2h4 c8e6 g1h3 g8f6 b2b3 h7h6,-35
r2qr1k1/5pb1/2b3pp/1pp1P2n/1n2N3/R4N1P/1P3PP1/1BBQR1K1 w - -,e4d6 e8e6 c1d2 b4d5 a3a8 d8a8 d6e4 d5f4 d2f4 h5f4,103
8/3r1p2/5kp1/p6p/1p2R2P/4K3/PP6/8 w - -,a2a3 d7e7 e4e7 f6e7 a3a4 f7f6 e3e4 e7d6 e4f4 d6e6,-677
r2q1rk1/pppb1ppp/2nbpn2/8/2PP4/2N2N2/PP3PPP/R1BQKB1R w KQ -,,0
r1bq1rk1/1pppnpbp/p5p1/8/3pP3/1PP5/PB1PBPPP/RN1Q1RK1 w - -,d2d3 c7c5 c3c4 d7d6 b2c1 c8e6 c1g5 f7f6 g5h4 d8d7,-36
7r/1k3p2/2pb1p2/4p3/1P6/3P1N2/5PK1/2R5 w - -,f3d2 h8d8 d2e4 f6f5 e4d6 d8d6 c1h1 f7f6 h1h7 b7b6,-117
1r6/2q1knQ1/p3p3/1p1rP1p1/1Pp2p2/P7/2P2PP1/3RR1K1 w - -,d1d5 e7e8 e1d1 b8d8 g7g8 e8e7 d5d8 c7d8 d1d8 f7d8,615
8/8/8/8/6N1/3kBK2/8/8 w - -,g7f6 e7f8 d1d5 e6d5 e5e6 c7e7 f6g6 b8b7 g6h7 e7f6,Mate
8/6Q1/3nk3/8/8/2K5/8/8 w - -,g7f6 e7f8 d1d5 e6d5 e5e6 c7e7 f6g6 b8b7 g6h7 e7f6,Mate
r1bq1rk1/pppp1ppp/5n2/2b1p3/3nP1P1/2NP1N1P/PPP2P2/R1BQKB1R w KQ -,f3e5 d7d5 e5f3 d5e4 d3e4 f8e8 c1e3 f6e4 f3d4 c5d4,-7
8/8/6PK/1R6/5k2/8/8/7r w - -,b5h5 h1d1 g6g7 d1d8 h6h7 d8b8 g7g8q b8g8 h7g8 f4e3,9605
2b1r3/1p2p1kp/p3nbp1/P3Np2/1PP2P2/6PP/6B1/3RR1K1 w - -,g1h2 g6g5 e5d7 c8d7 d1d7 e6f8 d7b7 g5f4 g3f4 f8g6,396
8/2k2r2/2P5/1K2R3/8/8/8/8 w - -,,0
6r1/2Bqkp2/BPp1p2p/p2p4/Pb1P4/1Q2PP1b/6P1/R4RK1 w - -,f1f2 b4d6 c7d6 d7d6 b3a3 d6a3 a1a3 e7d6 a3a1 h3f5,582
r4rk1/p3bppp/1pnNp3/3n4/3p4/2P2NP1/PP2bPBP/R1B2RK1 w - -,c3c4 d5b4 d6b5 a8d8 f3d2 e2f1 g1f1 a7a6 b5c7 d8c8,-428
8/3k4/r4p2/P4Ppp/4K2P/R5P1/8/8 w - -,a3d3 d7e8 d3d5 a6c6 e4d3 c6c1 d3d4 c1a1 d4c4 e8e7,385
r2r2k1/1p1b1pbp/p3p1p1/3n4/P1Bp1P2/3P4/1PP1N1PP/R1B2RK1 w - -,a4a5 d7b5 c4b5 a6b5 c1d2 d8c8 f1c1 b5b4 a1a4 c8c6,-88
5rk1/6p1/1qnbp2p/3p1p1b/1P1P4/3Q1N1P/5PP1/R1BB2K1 w - -,d3e3 f8e8 c1d2 f5f4 e3c3 e8c8 a1b1 c6e7 c3b2 e7f5,-7
r4rk1/p3bppp/1pnNp3/3n4/3p4/2P2bP1/PP3PBP/R1B1R1K1 w - -,g2f3 e7d6 g1g2 d4c3 b2c3 a8c8 e1d1 d6c5 a2a4 d5c3,-528
5rk1/1B6/3p2p1/3Pb1qp/1PP1p3/Q5Pb/5B1N/3R2K1 w - -,a3e3 e5f4 e3e4 f4g3 f2d4 g3e5 g1h1 e5d4 b7c8 f8c8,-478
8/2p3p1/P1k5/1N6/5K2/3b1P2/8/8 w - -,a6a7 c6b7 b5c7 b7a7 f4g5 a7b6 c7e6 g7g6 g5f6 b6c6,1
8/8/8/8/8/2k1BK2/5N2/8 w - -,a6a7 c6b7 b5c7 b7a7 f4g5 a7b6 c7e6 g7g6 g5f6 b6c6,Mate
r1nn1rk1/1p2q2p/4p3/pP1pPppb/3P4/5N2/P2QBPPP/R1R1N1K1 w - -,h2h3 c8b6 c1c3 d8f7 a1c1 h5f3 e1f3 f8c8 c3c8 b6c8,163
r3kb1r/ppq2pp1/4pn1p/1bppN3/3P3B/2P2Q2/PP3PPP/RN2K2R w KQkq -,e5d3 f6e4 b1a3 b5a6 a3c2 c5d4 c2d4 f8d6 f3e3 e8h8,-421
r1b2rk1/p4ppp/2p1p3/3p2b1/3B1q2/2P3QP/P1P1BPP1/1R3RK1 w - -,d4e5 f4g3 e5g3 f8d8 e2d3 g5e7 c3c4 f7f6 c4d5 c6d5,-101
r1bqkb1r/pp3ppp/4pn2/3p4/3PP3/8/PP1N1PPP/R1BQKB1R w KQkq -,e4e5 f6g8 f1d3 g8e7 e1h1 c8d7 a2a4 e7c6 d2b3 c6b4,68
r2r2k1/1p1b1pbp/p5p1/3p4/P2p1P2/3P4/1PP1N1PP/R1B2RK1 w - -,f1d1 a8c8 d1d2 d8e8 g1f1 h7h5 h2h3 c8c6 b2b3 e8c8,-41
r4rk1/p4ppp/1pnbp3/3n4/3p4/2P2BP1/PP3P1P/R1B1R1K1 w - -,c3c4 d5e7 f3g2 a8d8 c1d2 e6e5 a2a3 f7f5 g3g4 d4d3,-526
rnbqkbnr/1p4pp/p3p3/2pp1p2/7P/2PBP1P1/PP1P1P2/RNBQK1NR w KQkq -,d3f1 g8f6 d2d4 c8d7 f1g2 f8d6 b2b3 b8c6 c1a3 d8e7,-65
1r6/3q1PQ1/p2k4/1p1p2p1/1Pp2p2/P7/2P2PP1/4R1K1 w - -,g7e5 d6c6 e5f6 c6c7 e1e7 b8c8 f6e5 c7c6 e7d7 c6d7,4448
8/6K1/6P1/1R6/6k1/8/8/7r w - -,g7f7 h1f1 f7g8 f1f4 g8h7 f4f8 g6g7 f8f7 h7h8 g4f3,9605
rnbqk2r/ppp1bpp1/5n1p/3p4/8/1B1P4/PPP1QPPP/RNB1K1NR w KQkq -,d3d4 e8h8 g1f3 f8e8 c1e3 e7d6 e1h1 a7a5 c2c3 c8g4,-85
8/2k5/2P5/1KR5/8/8/8/5r2 w - -,,0
8/8/8/8/2k1K3/4B3/5N2/8 w - -,c5g5 f1f7 b5b4 c7c6 g5g8 f7e7 b4b3 c6d7 g8h8 e7e5,Mate
r7/1p1n2kp/pq1p1np1/4r3/4P3/1NN5/PP3QPP/3R1R1K w - -,f2b6 d7b6 d1d6 b6d7 c3d5 f6d5 d6d7 d5e7 b3d2 a8c8,185
8/8/8/8/3K4/3Q2r1/5k2/8 w - -,d3c2 f2f1 d4e4 f1e1 c2c5 e1e2 c5h5 e2f2 h5h2 g3g2,9605
1r6/3q1P2/p1k5/1p1pQ1p1/1Pp2p2/P7/2P2PP1/4R1K1 w - -,d3c2 f2f1 d4e4 f1e1 c2c5 e1e2 c5h5 e2f2 h5h2 g3g2,Mate
2k5/4r1pK/3RP2p/p6P/6P1/P7/8/8 w - -,h7g8 e7b7 g8f8 b7b8 e6e7 c8c7 d6d8 g7g6 h5g6 b8d8,768
r4rk1/pp2bpp1/2p2np1/4n3/8/1B4N1/PPP2PPP/R1BR2K1 w - -,d1e1 e7d6 c1g5 f8e8 a1d1 d6c7 g1f1 c7a5 c2c3 e5d7,47
4r1k1/6p1/1qnbp2p/3p1p1b/1P1P4/4QN1P/5PP1/R1BB2K1 w - -,c1d2 f5f4 e3c3 h5f3 c3f3 d6b4 d2f4 b6d4 a1a6 d4c4,-6
8/8/8/8/3BK3/1k6/5N2/8 w - -,c1d2 f5f4 e3c3 h5f3 c3f3 d6b4 d2f4 b6d4 a1a6 d4c4,Mate
r1bqk2r/1pppnpbp/p5p1/8/4P3/1Pp5/PB1PBPPP/RN1Q1RK1 w kq -,b1c3 e7c6 d2d3 c6d4 d1d2 e8h8 f2f4 c7c6 e2d1 f7f5,16
r4rk1/p3bppp/1pnNp3/8/1nPp4/5NP1/PP2bPBP/R1B2RK1 w - -,c1f4 a8d8 d6e4 b4d3 f1b1 h7h6 e4d2 d3f4 g3f4 d4d3,-436
5k2/1R6/4pP2/4P1p1/4P3/6K1/8/r7 w - -,g3g4 a1h1 b7e7 h1h2 g4g5 h2g2 g5f4 g2g1 e7e6 g1f1,887
r2q1rk1/bpp3pp/p1nppn2/4p3/PP2P3/2PP1N2/5PPP/RNBQ1RK1 w - -,c1e3 a7e3 f2e3 d8e8 b1d2 c6d8 h2h3 e8h5 f1f2 g7g5,22
8/Pkp3p1/8/1N6/5K2/3b1P2/8/8 w - -,b5c7 b7a7 f4g5 a7b6 c7e6 d3e2 f3f4 e2d3 e6g7 b6c6,1
r7/1k3p2/2pb1p2/4p3/1PR5/3P1N2/5PK1/8 w - -,f3e1 a8a2 e1c2 b7b6 g2f3 a2b2 f3e4 b2b3 c2e3 b6b5,-74
r7/1p4kp/pn1p1np1/4r3/4P3/1NN5/PP4PP/3R1R1K w - -,d1d6 b6d7 c3d5 f6d5 d6d7 d5e7 b3d2 a8c8 h2h4 g7g8,179
3k2K1/4r1p1/R3P2p/p6P/6P1/P7/8/8 w - -,a6a8 d8c7 a8a7 c7d8 a7e7 d8e7 g8g7 e7e6 g7h6 e6d6,3664
6K1/8/6P1/1R6/6k1/8/8/r7 w - -,g6g7 g4f4 g8h7 a1h1 h7g6 h1g1 g6f6 g1g2 b5f5 f4e3,9605
8/8/8/8/3K4/5kr1/3Q4/8 w - -,d2e3 f3g4 e3e4 g4g5 e4e5 g5h4 e5e1 h4g4 d4e4 g3g2,20000
r3r1k1/3n1pb1/pq1ppnpp/2p5/4P2B/2NP1N1P/1PPQ1PP1/R3R1K1 w - -,h4g3 b6c6 e4e5 d7e5 f3e5 d6e5 g3e5 c5c4 d3c4 c6c4,59
8/3k4/r7/P4Ppp/4K3/R5P1/8/8 w - -,e4d5 d7e7 d5c5 e7f6 c5b5 a6a8 a5a6 f6f5 a3a4 a8b8,285
r3kb1r/ppq2p2/4pp1p/1bppN3/3P4/2P2Q2/PP3PPP/RN2K2R w KQkq -,a2a4 f6e5 a4b5 c5d4 e1h1 d4c3 b1c3 f8g7 f1c1 c7d6,-550
8/2p2p2/5kp1/p4r2/R6P/1P3K2/P4P2/8 w - -,,0
5k2/1R6/4pP2/4P1p1/4P1K1/8/8/6r1 w - -,g4h5 g1f1 h5g6 f8e8 f6f7 e8d8 b7b8 d8e7 b8e8 e7d7,5523
5k2/pp2n3/2p2PBP/r5K1/8/8/8/6R1 w - -,g6f5 a5f5 g5g4 f5f6 g1h1 f8g8 h1a1 a7a6 a1b1 b7b5,-523
r2qk2r/ppp2ppp/2n5/1B1pP3/1b1Pn3/2N2b2/PPPB2PP/R2QK2R w KQkq -,c3e4 f3d1 d2b4 d8h4 e4g3 d1c2 b4c5 h4f4 h1f1 f4e3,-534
r4rk1/pp3pp1/2pb1np1/4n3/8/1B4N1/PPP2PPP/R1B1R1K1 w - -,g3e4 d6b4 e1e2 a8e8 c1f4 e5g4 e4f6 g7f6 e2e8 f8e8,46
rnbqkbnr/1p4pp/p3p3/3p1p2/P1p4P/2PBP1P1/1P1P1P2/RNBQK1NR w KQkq -,d3e2 b8c6 b2b3 c6a5 b3c4 d5c4 c1a3 f8a3 b1a3 d8c7,-64
6K1/R3r1p1/3kP2p/p6P/6P1/P7/8/8 w - -,a7e7 d6e7 g8g7 e7e6 g7h6 e6d5 g4g5 d5c4 g5g6 c4b3,9605
r1bq1rk1/1ppp1ppp/2n2n2/p1b1p3/4P1P1/2NP1N1P/PPP2P2/R1BQKB1R w KQ -,a2a3 a5a4 c1g5 h7h6 g5h4 c5e7 f1g2 d7d6 h4g3 f6h7,-20
8/6r1/8/4K3/8/5k2/3Q4/8 w - -,d2d5 f3e3 d5e6 g7g3 e6b3 e3f2 b3c2 f2f3 c2d1 f3e3,20000
r1bqkb1r/pp1p1ppp/2n2n2/2Q1p3/4PP2/8/PPPP2PP/RNB1KBNR w KQkq -,c5f2 f6e4 f2f3 d7d5 f1b5 f8c5 g1e2 e8h8 b1c3 c6b4,-284
6K1/4R3/3kP1pp/p6P/6P1/P7/8/8 w - -,c5f2 f6e4 f2f3 d7d5 f1b5 f8c5 g1e2 e8h8 b1c3 c6b4,Mate
r4rk1/1p2qppp/2b1p3/n7/2nNQ3/5N2/PP3PPP/R1BR2K1 w - -,d4c6 b7c6 f3g5 f7f5 e4e6 e7e6 g5e6 f8b8 c1f4 b8b2,155
2r1r1k1/1p1b1pbp/p5p1/3p4/P2p1P2/1P1P4/R1P1N1PP/2B2RK1 w - -,c2c3 d4c3 e2g3 g7d4 g1h1 c3c2 f4f5 d7f5 g3f5 g6f5,-484
r1bqk1nr/1ppp1pbp/p5p1/8/4P3/1PN5/PB1PBPPP/R2Q1RK1 w kq -,d1c2 e8f8 d2d4 d7d6 a1d1 h7h5 f2f4 c8g4 h2h3 d8h4,213
8/2p2p2/6p1/p4k2/7P/1P3K2/P4P2/8 w - -,f3e2 f5e4 e2d2 e4d4 d2c2 f7f5 c2b2 f5f4 b2a3 f4f3,-367
r1bq1rk1/1ppp1ppp/2n2n2/2b1p3/p3P1P1/P1NP1N1P/1PP2P2/R1BQKB1R w KQ -,c1g5 h7h6 g5h4 c6d4 f3e5 f8e8 h4g3 d7d6 e5f3 d6d5,-26
8/5pk1/6p1/p2r3p/1p3R1P/8/PP2K3/8 w - -,f4e4 d5c5 e2d2 g7f6 e4e2 f6f5 e2g2 f5f4 g2g1 f4f3,-613
r4rk1/pp3pp1/2pb2p1/4n3/4n3/1B6/PPP2PPP/R1B1R1K1 w - -,f2f4 d6c5 g1f1 e5g4 e1e4 f8e8 e4e2 g4h2 f1e1 e8e2,-260
r5K1/6P1/8/1R6/6k1/8/8/8 w - -,f2f4 d6c5 g1f1 e5g4 e1e4 f8e8 e4e2 g4h2 f1e1 e8e2,Mate
8/8/8/4K3/8/2k1B3/5N2/8 w - -,f2f4 d6c5 g1f1 e5g4 e1e4 f8e8 e4e2 g4h2 f1e1 e8e2,Mate
r1bq1k1r/2pp2pp/3n1p2/p3R3/2B5/B1P2Q2/P1PP1PPP/R5K1 w - -,f2f4 d6c5 g1f1 e5g4 e1e4 f8e8 e4e2 g4h2 f1e1 e8e2,Mate
8/8/3k4/8/7P/6K1/4B3/8 w - -,g3g4 d6e6 g4h5 e6f7 h5h6 f7g8 e2a6 g8h8 a6b5 h8g8,26
r2qkb1r/ppp2ppp/2n1bn2/3pp3/4P3/3P1N2/PPPNBPPP/R1BQ1RK1 w kq -,e4d5 e6d5 f1e1 f8e7 c2c4 d5e6 e2f1 e7d6 d3d4 e5d4,25
3r2k1/p1p3pp/1p4r1/4p3/4N2P/BP1Pn1P1/P3n2K/R1R4q w - -,c1h1 e3c2 a1e1 c2e1 h1e1 e2d4 e1f1 g6c6 h2h3 c6c2,-489
2q2rk1/1p1b1pbp/3p2p1/3P4/pP1N4/P2QB2P/5PP1/3R2K1 w - -,b4b5 f8e8 d1c1 c8d8 c1c4 d8a5 c4b4 h7h5 d3d2 e8c8,43
8/2k5/2P5/1K4R1/8/8/8/1r6 w - -,,0
8/8/8/3K4/1k6/4B3/5N2/8 w - -,b5c5 b1c1 c5d4 c7c6 g5g8 c1h1 g8g2 c6b6 g2g6 b6b5,Mate
r7/5p2/1kpb1p2/4p3/1PR5/3P1N2/5P2/5K2 w - -,c4g4 a8a1 f1e2 f6f5 g4g5 e5e4 d3e4 f5e4 f3e5 d6b4,-120
2r2r2/p4p1k/1p1Np1p1/nPqb3n/8/P2B4/1BP2PPP/3R2K1 w - -,d6c8 f8c8 a3a4 c5b4 b2d4 b4e7 d4e3 a5c4 d1f1 c4e5,-864
r7/1p5p/pq1p1kp1/2n1r3/4P3/1NN5/PP2Q1PP/3R3K w - -,c3d5 e5d5 e4d5 c5b3 d1f1 f6g7 e2e7 g7g8 a2b3 b6d4,110
5rk1/1B6/3p2p1/3P2qp/1PP1pb2/4Q1Pb/5B1N/3R2K1 w - -,e3e1 e4e3 g1h1 e3f2 e1f2 f4g3 h2f3 g5g4 f2e2 f8f3,-574
2b1r3/1p2p2p/p3nkp1/P4p2/1PP2P1P/6P1/6B1/3RR1K1 w - -,e1e5 h7h6 d1e1 e6d4 b4b5 e7e6 e1d1 e8d8 g1f2 d8d6,441
8/2k5/2P5/2K3R1/8/8/8/2r5 w - -,,0
2r1r1k1/1p1b1p2/p4bp1/3p3p/P2p1P2/1P1P3P/R1P1NKP1/2B2R2 w - -,a4a5 d7f5 f1d1 c8c6 d1d2 f6h4 g2g3 h4f6 c1b2 f5h3,-52
rnbqkbnr/ppp2p2/3p3p/6p1/3PPpP1/5N2/PPP4P/RNBQKB1R w KQkq -,h2h3 b8c6 b1c3 a7a6 d1d3 f8g7 f1g2 g8f6 a2a3 e8h8,-90
r4rk1/pp3pp1/2p2np1/4n3/1b2N3/1B6/PPP2PPP/R1B1R1K1 w - -,e1e2 a8e8 c1f4 e5d7 e4f6 g7f6 e2e8 f8e8 a1d1 e8e7,53
r1bqkb1r/pp3ppp/2n2n2/3pp3/4PP2/4Q3/PPPP2PP/RNB1KBNR w KQkq -,d2d3 e5f4 e3f4 f8d6 f4h4 c6d4 e1d1 d5e4 c1g5 c8g4,-310
r1bq1rk1/1pppnpbp/p5p1/8/4P3/1PN5/PB1PBPPP/R2Q1RK1 w - -,d2d4 d7d5 e4e5 f7f6 f2f4 c8e6 b2a3 b7b6 e2g4 d8d7,52
r2qkb1r/pp1b1ppp/4pn2/1B1p4/3PP3/8/PP1N1PPP/R1BQK2R w KQkq -,b5d3 d5e4 d2e4 d7c6 e4f6 g7f6 c1e3 d8a5 e1f1 h8g8,-108
8/8/3K4/8/8/4k3/8/5R2 w - -,b5d3 d5e4 d2e4 d7c6 e4f6 g7f6 c1e3 d8a5 e1f1 h8g8,Mate
r3r1k1/6p1/pn4p1/np2p1B1/3p4/1P3Q2/P4PP1/2R1b1K1 w - -,c1e1 e8e6 f3g4 a8e8 g5d8 a5c4 b3c4 b6c4 e1d1 c4b2,216
8/p2Q1Rbk/6p1/1Pp1q2p/7P/7K/P5P1/8 w - -,a2a4 c5c4 d7a7 c4c3 a7c7 e5e3 h3h2 e3d4 g2g3 d4d2,352
r2qk2r/1pp2ppp/p1np1n2/2b4b/2Pp4/P1N1PPP1/1P2N1BP/R1BQK2R w KQkq -,c3a4 d8e7 e3e4 c5a7 e2f4 h5g6 e1h1 b7b5 c4b5 a6b5,-129
r7/1p5p/pq1p1kp1/2nr4/4P3/1N6/PP2Q1PP/3R3K w - -,e4d5 c5b3 d1f1 f6g7 e2e7 g7g8 a2b3 b6d4 e7f7 g8h8,85
2q1r1k1/1p1b1pbp/3p2p1/1P1P4/p2N4/P2QB2P/5PP1/3R2K1 w - -,d1c1 c8d8 c1c4 d8a5 c4b4 h7h5 d4f3 e8c8 e3d4 g7h6,37
r6K/6P1/8/1R6/6k1/8/8/8 w - -,d1c1 c8d8 c1c4 d8a5 c4b4 h7h5 d4f3 e8c8 e3d4 g7h6,Mate
2r1r1k1/1p1b1p2/p5p1/3p3p/P2p1P1b/1P1P3P/R1PBNKP1/5R2 w - -,f2g1 e8e2 d2a5 d7f5 f1f3 f5e4 d3e4 d5e4 f3f1 c8c2,-550
r4rk1/p3bppp/1pnNp3/8/1nPp1B2/5NP1/PP3PBP/R4bK1 w - -,g2f1 g7g5 f3g5 e6e5 f4d2 e7d6 a2a3 b4a6 b2b4 d6e7,-402
8/5pk1/8/p2r2pp/1p2R2P/8/PP2K3/8 w - -,e4e7 g5g4 e2e3 g7g6 e7e4 f7f6 e4c4 d5e5 e3f2 g6f5,-595
r2q1r2/ppp1k1pp/2np1n2/2b1p1N1/4P1b1/1BN5/PPPP1PPP/R1BQ1RK1 w - -,c3d5 e7e8 d5f6 g7f6 d1g4 f6g5 d2d4 c6d4 c1g5 d8d7,385
2b1r3/1p2p3/p3nkpp/P3Rp2/1PP2P1P/6P1/6B1/3R2K1 w - -,d1e1 e6d4 b4b5 g6g5 h4g5 h6g5 f4g5 f6f7 e1d1 d4b3,435
8/6r1/8/4K3/5Q2/8/4k3/8 w - -,f4h2 e2f3 h2h3 g7g3 h3f1 f3g4 f1f5 g4h4 f5h7 h4g4,20000
3qr1k1/1p1b1pbp/3p2p1/1P1P4/p2N4/P2QB2P/5PP1/2R3K1 w - -,c1c4 d8a5 c4b4 h7h5 d4f3 d7f5 d3d2 e8c8 e3d4 g7d4,31
6rK/8/8/1R6/6k1/8/8/8 w - -,c1c4 d8a5 c4b4 h7h5 d4f3 d7f5 d3d2 e8c8 e3d4 g7d4,Mate
r1bqkb1r/pp3ppp/2n5/3pP3/4P1n1/4Q3/PPPP2PP/RNB1KBNR w KQkq -,e3f3 f8c5 e4d5 c6d4 f3f4 e8h8 b1c3 f8e8 f1d3 g4e5,-333
8/4N3/k7/4K3/3B4/8/8/8 w - -,e7f5 a6b7 f5d6 b7b8 e5d5 b8c7 d4f2 c7b8 d5c6 b8a8,9605
r2q1rk1/ppp2pp1/2npb2p/2b1p3/4P1n1/1BPP1N2/PP2RPPP/RNBQ2K1 w - -,h2h3 g4f6 b3c2 d6d5 e4d5 f6d5 b2b4 c5d6 d3d4 e5d4,34
r7/1p5p/pq1p1kp1/3P4/8/1n6/PP2Q1PP/3R3K w - -,d1f1 f6g7 e2e7 g7g8 a2b3 b6d4 e7d6 d4e4 h2h3 a8e8,78
8/5pk1/8/p5rp/1p2R3/8/PP2K3/8 w - -,e2e3 g5g2 e4e5 a5a4 e5a5 g2b2 a5a4 h5h4 a2a3 b2b3,-550
5rk1/1B6/3p2p1/3P2qp/1PP2b2/2Q1p1Pb/5B1N/3R2K1 w - -,b7c8 e3f2 g1h1 f8c8 c3d3 c8f8 c4c5 f4g3 d3e4 h3f5,-1210
4r1k1/1p1b1pbp/3p2p1/qP1P4/p1RN4/P2QB2P/5PP1/6K1 w - -,c4b4 h7h5 d4f3 d7f5 d3d2 e8c8 e3d4 g7d4 f3d4 f5e4,32
r2q1r2/ppp1k1pp/2np4/2bnp1N1/4P1b1/1B6/PPPP1PPP/R1BQ1RK1 w - -,d1g4 d8d7 g4d7 e7d7 e4d5 c6d4 g5e4 c5b6 b3a4 d7e7,474
r2qkb1r/ppp3pp/2n1pn2/3p1bB1/3P4/2N5/PPP1PPBP/R2QK1NR w KQkq -,d1d2 h7h6 g5h4 c6b4 a1c1 f8d6 g1f3 e8h8 e1h1 d8e8,-71
8/p7/4k1p1/1Pp4p/P3K2P/8/6P1/8 w - -,g2g3 c5c4 e4d4 e6f5 a4a5 f5g4 b5b6 c4c3 d4c3 a7a6,728
r4rk1/p4ppp/1pnbp3/8/1nPp1B2/5NP1/PP3P1P/R4BK1 w - -,f4d6 f8d8 d6b4 c6b4 a2a3 b4c6 f1d3 h7h6 b2b4 a8c8,-349
r7/1p4kp/pq1p2p1/3P4/8/1n6/PP2Q1PP/5R1K w - -,e2e7 g7g8 a2b3 b6d4 e7d6 d4e4 h2h3 a8e8 d6c5 e4e5,75
rnb1k2r/pp2ppb1/3p1npp/2q5/2P1P2B/2N5/PP1Q1PPP/R3KBNR w KQkq -,f2f3 b8c6 h4f2 c5a5 g1e2 e8h8 a1c1 a7a6 e2f4 c8d7,32
rnbqr1k1/pp2bppp/2p2n2/3p4/3P4/2NBPN1P/PP3PP1/R1BQK2R w KQ -,,0
rn2kb1r/pp1q1ppp/2p2n2/3p1b2/3P4/P1NBP3/1P3PPP/R1BQK1NR w KQkq -,f2f3 f5d3 d1d3 c6c5 g1e2 c5d4 e2d4 f8c5 e1h1 e8h8,18
rnbqk2r/ppp3pp/4p3/3p1p2/2PPn3/3Q1NP1/PP2PP1P/RN2KB1R w KQkq -,f1g2 b8d7 e1h1 c7c6 f1c1 e8h8 d3e3 d8f6 b2b4 b7b6,45
r2qk2r/ppp1b1pp/2n1pn2/3p1bB1/3P4/2N1P3/PPP2PBP/R2QK1NR w KQkq -,g5f6 e7f6 g2h3 c6e7 h3f5 e7f5 d1d3 a8c8 e1a1 c7c5,-42
4r1k1/5ppp/p4n2/1p6/1PnN4/P1N2P1q/2Q5/2BR1K2 w - -,c2g2 h3c8 c1g5 g8h8 d1d3 f6g8 c3e4 h7h6 g2h2 c8d7,136
r1bqkb1r/pp2np1p/4p1p1/3pPnB1/2pP4/2P2N2/PPB2PPP/RN1Q1RK1 w kq -,g5f6 h8g8 g2g4 f5g7 b1a3 a7a6 f3g5 h7h5 h2h3 d8c7,238
2kr1b1r/pppq1ppp/2n1bn2/3pp3/4P3/3P1N2/PPPNBPPP/R1BQ1RK1 w - -,c2c3 f6h5 g2g3 d5e4 f3g5 h5g3 h2g3 e4d3 e2f3 f7f5,35
4r1k1/1p1b1pb1/3p2p1/qP1P3p/pR1N4/P2QB2P/5PP1/6K1 w - -,d4f3 d7f5 d3c4 e8e4 f3d4 f5d7 c4c2 e4d4 b4d4 a5e1,39
8/p7/3k2p1/PPp4p/4K2P/8/6P1/8 w - -,e4d3 d6d5 d3c3 d5d6 c3c4 d6c7 c4c5 c7d8 b5b6 a7a6,875
2q1rk2/5n2/pr2pBQp/1p4p1/1PpP4/P7/2P2PPp/3RR2K w - -,a5a6 g6g5 h4g5 c5c4 b5b6 c4c3 e4d3 a7b6 a6a7 c3c2,Mate
8/4bp2/1kp2p2/4p3/rPR1N3/3P4/5P2/5K2 w - -,f1e2 f6f5 e4g3 f5f4 g3f5 e7f8 e2f3 f7f6 c4c2 a4b4,-127
2r1r1k1/1p1b1p2/p4bp1/3p3p/P2p1P2/1P1P2PP/R1PBNK2/5R2 w - -,f4f5 d7f5 e2f4 f6d8 h3h4 f7f6 a4a5 f5g4 f2g1 g8g7,-163
r5k1/1p2Q2p/pq1p2p1/3P4/8/1n6/PP4PP/5R1K w - -,e7e6 g8h8 e6f6 h8g8 f6f7 g8h8 a2b3 b6d4 f7b7 a8e8,89
8/5p1k/4b3/2Q1Pp1p/N1P4q/1P5P/P4bB1/7K w - -,a2a3 f2c5 a4c5 h4e1 h1h2 e1e5 h2h1 e5c5 a3a4 c5e3,-985
r1b2rk1/p4ppp/2p1p3/3pB1b1/8/2P3qP/P1P1BPP1/1R3RK1 w - -,e5g7 g3d6 g7f8 g8f8 c3c4 g5d8 g2g3 f8e7 f1e1 d8a5,-602
r2qk2r/ppp2ppp/2n5/1B1pP3/3P2b1/2b2N2/P1P3PP/R1BQ1RK1 w kq -,a1b1 d8d7 d1d3 g4f3 b5c6 d7c6 f1f3 c3a5 c1a3 a5b6,163
rn1qkb1r/1bpppp1p/p4p2/1p6/3P4/5N2/PPPNPPPP/R2QKB1R w KQkq -,e2e4 c7c5 d4d5 f8g7 c2c4 e8h8 f1d3 d7d6 e1h1 b8d7,69
4r1k1/1p3pb1/3p2p1/qP1P1b1p/pR6/P2QBN1P/5PP1/6K1 w - -,d3c4 e8e4 f3d4 f5d7 g1h1 a5d8 c4c2 d8e8 b4a4 g6g5,30
N6r/pp1k1p1p/2n1bq2/2bp2n1/5B2/6P1/PPP1PP1P/R2QKB1R w KQ -,a8c7 g5e4 f1g2 e4f2 c7d5 f6g7 d1d2 f2h1 g2h1 h8d8,355
2r3k1/5pp1/pprpqb2/7p/PPPpPP2/3Q3P/2RB2P1/2R3K1 w - -,b4b5 a6b5 c4b5 c6c5 d2b4 c5c2 c1c2 g7g5 c2c8 e6c8,42
8/3r4/8/8/3K1Q2/8/4k3/8 w - -,d4c4 d7d2 f4e4 e2f1 c4c3 d2g2 e4f3 f1g1 c3d3 g2g7,20000
8/5pk1/8/p6p/1p5R/8/PP2K1r1/8 w - -,e2e1 g2b2 h4h5 b2a2 h5g5 g7f6 g5b5 a2a3 e1f2 f6g7,-3361
r1bqk2r/p1p2ppp/2n2n2/1pp1p3/4P3/3P2P1/PPP2PBP/R1BQK1NR w KQkq -,f2f4 e8h8 g1f3 c8g4 h2h3 g4f3 d1f3 a7a5 c1e3 f6d7,69
3q1k2/4rn2/pr2pBQp/1p4p1/1PpP4/P7/2P2PPp/3RR2K w - -,e1e3 a6a5 b4a5 b6d6 d1e1 f8e8 f6e7 d8e7 e3e6 e8f8,617
1R6/1R1bkp1r/4p2P/p2pP1P1/1r1p1P2/8/8/4K3 w - -,e1f1 b4b7 b8b7 h7h8 b7a7 a5a4 f1e2 h8b8 e2d3 b8b3,-393
r1bqk2r/pp2bp1p/2n1p1p1/3pPnB1/2pP4/2P2N2/PPB2PPP/RN1Q1RK1 w kq -,g5e7 d8e7 b2b3 b7b5 c2f5 g6f5 b1d2 e7a3 f3g5 a8b8,118
2r3k1/1p1b1p2/p3rbp1/3p3p/P2p1P2/1P1P2PP/R1PB1K2/5RN1 w - -,h3h4 e6c6 f1c1 d7f5 g1e2 c8e8 b3b4 f5g4 c1e1 e8c8,-60
r6k/1p5p/pq1pQ1p1/3P4/8/1n6/PP4PP/5R1K w - -,e6f6 h8g8 f6f7 g8h8 a2b3 b6d4 f7b7 a8e8 h2h3 d4b2,72
6k1/1p3pb1/3p2p1/qP1P1b1p/pRQ1r3/P3BN1P/5PP1/6K1 w - -,f3d4 f5d7 c4d3 e4e8 d3d2 e8c8 d2d1 c8a8 g1h1 g7e5,37
6k1/q4pp1/p1p4p/3p3b/8/PBNQ4/1PP3PP/5Kb1 w - -,d3g3 a7d4 b3a4 g1e3 a4c6 d4c4 f1e1 e3d4 g3b8 g8h7,-513
r5k1/1p5p/pq1p1Qp1/3P4/8/1n6/PP4PP/5R1K w - -,f6f7 g8h8 a2b3 b6d4 f7b7 a8e8 h2h3 d4b2 b7a6 b2e2,78
r1bqk2r/1p1pnpbp/p5p1/2p5/3pP3/1PP5/PB1PBPPP/RN1Q1RK1 w kq -,d2d3 e8h8 c3c4 d7d6 b2c1 g8h8 c1g5 f7f6 g5h4 g7h6,-32
r1b2rk1/p4ppp/2p1p3/3pB3/8/2P1b1PP/P1P1B1P1/1R3RK1 w - -,f1f2 f7f6 e5d4 e3f2 d4f2 f8f7 a2a4 f7b7 b1b7 c8b7,-385
r6k/1p3Q1p/pq1p2p1/3P4/8/1n6/PP4PP/5R1K w - -,a2b3 b6d4 f7b7 a8e8 b7d7 d4e5 h2h3 e5e2 f1g1 e2e5,70
6k1/1p1b1pb1/3p2p1/qP1P3p/pRQNr3/P3B2P/5PP1/6K1 w - -,c4d3 e4e8 d4f3 d7f5 d3d2 e8c8 e3d4 g7d4 f3d4 f5e4,24
r1bqr1k1/pp1n1ppp/2pb1n2/3p4/3P4/2NBPN1P/PPQ2PP1/R1B2RK1 w - -,f1e1 d7f8 c1d2 h7h6 a2a3 a7a6 e1e2 c8e6 a1e1 f8d7,15
r4rk1/pp3pp1/2p2np1/8/1b2N3/1BPn4/PP3PPP/R1B1R1K1 w - -,e1e3 d3c1 a1c1 b4e7 c1e1 f6e4 e3e4 e7f6 f2f4 g6g5,14
2r1r3/p3P1kp/1p1p4/3B1p2/P7/5P2/1PP3P1/4R1K1 w - -,d5b3 c8c7 e1d1 e8e7 g1f2 g7f6 c2c3 e7d7 d1d4 h7h5,-144
8/5k2/1Q6/8/3K4/8/4B3/8 w - -,d5b3 c8c7 e1d1 e8e7 g1f2 g7f6 c2c3 e7d7 d1d4 h7h5,Mate
1R6/3bkp1r/4p2P/3pP1P1/1p1p1P2/8/8/4K3 w - -,e1f2 b4b3 f2e2 b3b2 b8b2 h7h8 e2d3 h8c8 b2a2 d7b5,-196
7r/ppNk1p1p/2n1bq2/2bp4/4nB2/6P1/PPP1PP1P/R2QKB1R w KQ -,f1g2 e4f2 c7d5 f6g7 d1d2 f2h1 g2h1 h8d8 c2c3 d7c8,361
r4rk1/pp3p2/2p2pp1/8/1b6/1BPn4/PP3PPP/R1B1R1K1 w - -,e1d1 d3c1 a1c1 b4c5 d1d7 a8e8 d7b7 e8e2 c1f1 c5b6,8
8/2p2p2/6p1/p7/6kP/1P2K3/P4P2/8 w - -,e3d4 g4h4 a2a4 g6g5 b3b4 a5b4 a4a5 b4b3 d4c3 b3b2,414
r6k/1p3Q1p/p2p2p1/3P4/3q4/1P6/1P4PP/5R1K w - -,f7b7 a8e8 h2h3 d4b2 b7a6 b2e2 a6a1 e2e5 a1a7 e5d5,79
r2qk2r/p1p2ppp/2p5/3pP3/3P2b1/2n2N2/P1P3PP/R1BQ1RK1 w kq -,d1d3 c3e4 c1a3 c6c5 d4c5 e8h8 f3d4 e4g5 c5c6 f8e8,57
4r3/1b2pk2/p3R3/P4pp1/1PP2P2/8/8/4R1K1 w - -,f4g5 b7e4 e6a6 e4f3 g5g6 f7g7 g1f2 f3g4 e1e5 f5f4,542
r1b3k1/pp4pp/1qn1prn1/3p4/3P4/2N2N2/PP1QBPPP/R3K2R w KQ -,d2e3 b6b2 a1b1 b2a3 e1h1 a3f8 f1c1 h7h6 h2h4 g6e7,-22
r5k1/1p2bppp/pqr1p3/3pPn2/3P2Q1/1PNRB2P/P4PP1/2R3K1 w - -,e3f4 b6c7 f4d2 e7b4 g1h2 c7a5 g4d1 b4c3 c1c3 c6c3,-104
r1b2rk1/p5pp/2p1pp2/3pB3/8/2P1b1PP/P1P1B1PK/1R3R2 w - -,e5c7 e3c5 a2a4 e6e5 g3g4 c8e6 e2a6 a8e8 a6b7 e8e7,-196
8/p7/PP1k2p1/7p/4K2P/2p5/6P1/8 w - -,e5c7 e3c5 a2a4 e6e5 g3g4 c8e6 e2a6 a8e8 a6b7 e8e7,Mate
3r4/2n1k2p/2Q3p1/3n1p2/8/8/5PPP/6K1 w - -,h2h4 d8d6 c6c5 c7e6 c5a3 d5f6 f2f3 e6c7 a3b4 c7d5,-343
rn1q1rk1/1b2bppp/pp2pn2/2p5/2BPP3/P1N2N2/1P2QPPP/R1B2RK1 w - -,f1d1 b6b5 d4c5 b8d7 c4a2 e7c5 c1f4 b5b4 a3b4 c5b4,63
2r3k1/2r2pp1/1p1p1b2/1P2qP1p/2PpP3/3Q3P/2RB2P1/2R3K1 w - -,c2a2 c8e8 a2a6 c7b7 c1e1 h5h4 d2b4 f6g5 b4d2 g5d2,-42
r2qk2r/p1p2ppp/2p5/3pP3/3Pn1b1/3Q1N2/P1P3PP/R1B2RK1 w kq -,c1a3 c6c5 d4c5 e8h8 f3d4 e4g5 d3g3 g4h5 e5e6 g5e6,53
r1bqk2r/1p1pnpbp/p5p1/8/3pP3/1P6/PB1PBPPP/RN1Q1RK1 w kq -,h2h3 e8h8 d2d3 d7d5 b1d2 d5e4 d2e4 f7f5 e4g3 c8e6,-26
rn1q1rk1/pbpp1ppp/1p1b1n2/3P4/1P6/P1N2N2/4PPPP/R1BQKB1R w KQ -,g2g3 c7c6 f1g2 f6d5 c3d5 c6d5 c1b2 f8e8 a1c1 b8a6,63
3qk3/1r2rn2/p4BQp/1p1p2p1/1Pp5/P4R2/2P2PPp/3R3K w - -,f3f5 b7b6 g6g8 e8d7 f5d5 d7e6 d5d8 e6f6 d8f8 f6f5,797
r7/1p5p/pq1p1kp1/3R4/4P3/1n6/PP2Q1PP/7K w - -,,0
8/5pk1/8/p6p/1p5R/5K2/Pr6/8 w - -,a2a3 b2b3 f3e2 b3a3 h4h5 b4b3 e2d2 a5a4 d2c3 a3a2,-9605
4r3/4pk2/p3R3/P4pP1/1PP1b3/8/8/4R1K1 w - -,e1e4 f5e4 e6a6 e7e6 b4b5 e8c8 a6c6 c8a8 g1f2 f7g6,578
8/p7/PP1k2p1/7p/7P/3K4/2p3P1/8 w - -,e6e5 e8b8 b4b5 b8c8 b5a6 c8c4 a6a7 c4c8 e1d1 f7g6,Mate
3q2Q1/1r1krn2/p4B1p/1p1p2p1/1Pp5/P4R2/2P2PPp/3R3K w - -,d1d5 d7c8 d5d8 f7d8 h1h2 h6h5 f6g5 b7d7 g5e7 d7e7,765
8/8/8/7Q/2K5/4r3/5k2/8 w - -,c4d4 e3f3 h5h2 f2f1 d4e4 f3b3 h2d2 b3g3 d2f4 f1g2,20000
8/8/2K5/2B5/8/2k5/5N2/8 w - -,c5e3 c3c4 e3c1 c4b4 c1d2 b4c4 d2e3 c4b4 c6d5 b4b5,20000
8/5pk1/8/p6R/1p6/5K2/r7/8 w - -,f3e3 b4b3 e3d3 a5a4 h5h1 b3b2 h1g1 g7f8 g1b1 a4a3,-9605
r1br2k1/p5pp/2pBpp2/3p4/8/2P1b1PP/P1P1B1PK/1R3R2 w - -,d6b4 a7a5 b4e7 d8d7 e7a3 e6e5 g3g4 d7b7 b1b7 c8b7,-227
3r2k1/p1p3pp/1p4r1/4p3/4N2P/BP1Pn1P1/P3nq1K/R1R4Q w - -,e4f2 e3f5 c1c7 e2d4 f2e4 a7a6 h2h3 d4e2 h1f3 f5g3,567
r2qk2r/p1p2pp1/2p5/3pP2p/3Pn1b1/B2Q1N2/P1P3PP/R4RK1 w kq -,f3d2 d8d7 d2e4 d5e4 d3e4 g4e6 a3c5 h8h6 f1f2 h5h4,82
r7/1p4kp/pq1p2p1/3RP3/8/1n6/PP2Q1PP/7K w - -,a2b3 a8e8 h2h3 b6c6 e2d2 d6e5 d5d6 c6b5 d6d7 g7g8,-7
8/8/Pp1k2p1/7p/7P/8/2K3P1/8 w - -,a2b3 a8e8 h2h3 b6c6 e2d2 d6e5 d5d6 c6b5 d6d7 g7g8,Mate
2kn2Q1/1r2r3/p4B1p/1p4p1/1Pp5/P4R2/2P2PPp/7K w - -,h1h2 a6a5 f6e7 b7e7 f3f8 c8c7 g8d5 d8b7 b4a5 b7d6,1499
6r1/4pk2/R7/P4pP1/1PP1b3/8/8/4R1K1 w - -,g5g6 f7g7 e1e4 f5e4 g1f2 g8h8 f2e3 h8h3 e3e4 h3h4,631
2kn2Q1/4r3/p6p/1p4p1/1Pp5/P4R2/2P2PPp/7K w - -,f3f8 e7d7 g8e6 c8c7 e6e5 c7b7 e5f5 d7d3 f5c5 d3d7,3729
r1bq1rk1/1p1pnpbp/p5p1/8/3pP3/NP6/PB1PBPPP/R2Q1RK1 w - -,a1b1 d7d5 d2d3 b7b5 a3c2 c8b7 e2f3 d5e4 f3e4 b7e4,-40
r5k1/4rpb1/pn1pp1p1/2p5/4P3/2NP1N1P/1PP2PP1/R3R1K1 w - -,a1a3 e7b7 e1a1 b6d7 a1a2 a6a5 c3d1 b7a7 g2g3 g8f8,124
rnb1k2r/pp2bppp/1q1np3/2p5/3P4/2PB1N2/PP3PPP/RNBQ1RK1 w kq -,d4c5 b6c5 c1f4 e8h8 a2a4 b8c6 b2b4 c5h5 b1a3 a7a6,93
8/5p2/5k2/pR6/1p6/5K2/r7/8 w - -,b5b6 f6g7 f3e3 a2a3 e3d2 b4b3 b6b5 a5a4 b5g5 g7f6,-3578
2kn1RQ1/3r4/p6p/1p4p1/1Pp5/P7/2P2PPp/7K w - -,f3e4 a2a3 b5f5 f6g6 f5f1 b4b3 f1g1 g6f6 g1b1 f6g7,Mate
2k5/1r6/8/1KP5/8/8/R7/8 w - -,,0
r1br2k1/p5pp/2p2p2/3pp3/8/B1P1b1PP/P1P1B1PK/1R3R2 w - -,g3g4 h7h6 h3h4 g8f7 c3c4 e3b6 b1b4 c8e6 c4c5 b6c7,-239
r1b1kb1r/pp3ppp/2n1p3/1B1p4/4nP1q/4Q2P/PPPP2P1/RNB1K1NR w KQkq -,e3f2 h4f2 e1d1 f2g2 d2d4 e4f2 d1e1 f2h1 g1e2 g2f2,-1203
r7/1p4kp/p2R2p1/1q2P3/8/1n6/PP2Q1PP/7K w - -,e2b5 a6b5 a2a3 a8e8 d6d5 e8e7 h2h4 g7f7 h1h2 f7e6,-318
3n1R2/2kr4/p3Q2p/1p4p1/1Pp5/P7/2P2PPp/7K w - -,e2b5 a6b5 a2a3 a8e8 d6d5 e8e7 h2h4 g7f7 h1h2 f7e6,Mate
8/8/2K5/8/2k5/4B3/5N2/8 w - -,e3d2 c4d4 d2f4 d4c4 f4e3 c4b4 c6d5 b4a5 f2d3 a5a6,20000
2r3k1/4rpp1/1p1p4/1P2qP1p/2PpP2b/5Q1P/2RB2P1/4R1K1 w - -,d2f4 e5c5 g2g3 h4f6 c2a2 e7e8 f3d3 h5h4 g3g4 c5c4,-112
2k5/2r5/8/2P5/2K5/8/R7/8 w - -,,0
rnbqk2r/1pp1ppb1/p4npp/3p4/3P1B2/2N2P2/PPPQP1PP/2KR1BNR w kq -,e2e4 e7e6 f1d3 b7b5 g1e2 c8b7 e4d5 b7d5 c1b1 b8d7,88
r2qk2r/1bpnb1p1/1p1pp2p/p4p2/2PP1B2/P1RBPN1P/1P3PP1/3Q1RK1 w kq -,d4d5 d7c5 f3d4 e8h8 d3b1 e7f6 d5e6 f6d4 e3d4 c5e6,85
8/2k5/5pp1/P6p/1K2R2P/6P1/3r1P2/8 w - -,f2f4 d2d3 e4c4 c7b7 c4c3 d3d7 c3b3 d7c7 b3e3 g6g5,378
1R6/3bkp1r/4p2P/3pP1P1/3p1P2/3K4/1p6/8 w - -,b8b7 h7h8 b7b2 h8c8 b2a2 d7b5 d3d4 e7f8 a2a7 f8g8,-191
7r/ppNk1p1p/2n1bq2/2bp4/5B2/6P1/PPP1PnBP/R2QK2R w KQ -,c7d5 f6g7 d1d2 d7c8 c2c3 f2h1 g2h1 h8d8 e1a1 e6f5,371
5kr1/4p3/R5P1/P7/1PP1p3/8/8/6K1 w - -,a6a8 f8g7 a8g8 g7g8 g1f2 g8g7 a5a6 e4e3 f2e2 g7g6,1189
8/5p2/4k3/pR6/1p2K3/8/r7/8 w - -,b5b8 a2a3 b8b6 e6e7 e4d5 b4b3 d5e5 e7d7 e5d5 a5a4,-951
r2qkb1r/pbpn2pp/1p1ppn2/5p2/3P1B2/3NP3/PPP1BPPP/RN1QK2R w KQkq -,e1h1 f8e7 c2c4 e8h8 f4g3 g7g5 b1c3 c7c5 d4d5 e6d5,6
3n1R2/1k1r4/p6p/1p2Q1p1/1Pp5/P7/2P2PPp/7K w - -,e1h1 f8e7 c2c4 e8h8 f4g3 g7g5 b1c3 c7c5 d4d5 e6d5,Mate
3r1rk1/1p1b1pbp/p5p1/3p1n2/P2p1P2/1B1P4/1PP1N1PP/R1B2RK1 w - -,a4a5 d8c8 c1d2 f8d8 g1f2 c8c5 h2h3 d8c8,-37
3r2k1/p1p3pp/1p4r1/4p3/6nP/BP1P2P1/P3nN1K/R1R4Q w - -,f2g4 g6g4 h1f3 g4d4 f3e2 d4d3 h2h3 c7c5 c1f1 a7a5,763
r2qk1nr/1p1bb1pp/p3pp2/3pP3/1n1P4/2N2N2/PP2BPPP/R1BQ1RK1 w kq -,f1e1 b4c6 e2d3 f6f5 a2a3 g8h6 c1h6 g7h6 g2g3 e8h8,150
r5k1/r4p2/pn1pp1p1/R1p5/4P3/2bP1N1P/1PP2PP1/R5K1 w - -,a5a2 c3g7 e4e5 d6e5 f3d2 a6a5 d2b3 a5a4 b3c5 g7f8,-362
r1br2k1/p5pp/2p2p2/3pp3/8/B1P2RPP/P1PbB1PK/1R6 w - -,b1b3 c8e6 f3f1 d2e3 c3c4 e3d4 c4d5 c6d5 e2a6 e6c8,-245
8/5p2/5k2/pR6/1p2K3/r7/8/8 w - -,b5d5 a5a4 e4d4 a3a2 d5d6 f6g7 d6b6 a2b2 b6b7 b4b3,-9605
rnbqk2r/1pp2pb1/p3pnpp/3p4/3PPB2/2N2P2/PPPQ2PP/2KR1BNR w kq -,e4e5 f6d7 f4e3 c7c5 f3f4 c5d4 e3d4 b8c6 d4e3 b7b5,90
3n1R2/1k6/p2r3p/1p3Qp1/1Pp5/P7/2P2PPp/7K w - -,g2g4 b7b5 g4g5 h6g5 f4g5 d5e4 f1g2 e4e3 d2e3 f6d5,Mate
r2qkb1r/pp3ppp/2b1pn2/1B1p4/4P3/2P5/PP1N1PPP/R1BQK2R w KQkq -,d1a4 d8d7 b5c6 d7c6 a4c6 b7c6 e4d5 c6d5 b2b3 f8c5,-28
r2qk2r/p1p2pp1/2p5/3pP2p/3P2b1/B2Q4/P1Pn2PP/R4RK1 w kq -,h2h3 d2f1 h3g4 f1h2 g4g5 d8g5 d3c3 e8d7 g1h2 h5h4,-360
r1bq1r2/pp2p1kp/1np2pp1/3P4/3QP3/2N3P1/PP3PBP/R4RK1 w - -,b2b3 e7e5 d4b4 f8f7 a1c1 c8d7 b4a5 c6d5 e4d5 d7f5,81
8/2k5/3r1pp1/P6p/1K3R1P/6P1/5P2/8 w - -,f4f3 c7b7 b4c5 d6c6 c5d5 b7c7 f3e3 c6d6 d5c5 d6c6,408
3r1rk1/1p3pbp/p5p1/3B1n2/b2p1P2/3P4/1PP1N1PP/R1B2RK1 w - -,f1f3 d8d5 a1a4 f8c8 a4c4 d5c5 g2g4 c5c4 d3c4 f5h6,-129
4r3/p1r1P1kp/1p1p4/5p2/P7/1B3P2/1PP3P1/4R1K1 w - -,e1d1 e8e7 g1f2 g7f6 d1d5 e7d7 f2e3 h7h5 g2g3 c7c5,-148
6k1/p3bpp1/1p2qn1p/3p4/1P1B4/3P2PP/PQ3PB1/6K1 w - -,a2a3 e6e1 g2f1 e1e6 b2c2 e6d7 f1g2 f6e8 h3h4 h6h5,40
3n1R2/1k1r4/p6p/1pQ3p1/1Pp5/P7/2P2PPp/7K w - -,b4b5 e6e1 g1h2 h6h5 d4e5 e7c5 d3d4 c5f8 e5f6 g7f6,Mate
r1q2rk1/bpp2p2/2np1n1p/p3pN2/P1B1P3/2PP1Q1P/1P3PP1/R3R1K1 w - -,b4b5 e6e1 g1h2 h6h5 d4e5 e7c5 d3d4 c5f8 e5f6 g7f6,Mate
rnbqkb1r/pp2p1np/2p2pp1/3p4/3P2PB/2N1P3/PPP2P1P/R2QKBNR w KQkq -,f1d3 d8b6 a2a3 e7e5 h4f6 e5e4 d3e2 b8d7 f6g5 h7h6,28
2k5/5r2/R7/2P5/2K5/8/8/8 w - -,,0
1k1n4/3r4/p4R1p/1pQ3p1/1Pp5/P7/2P2PPp/7K w - -,a6h6 c8b7 c4b5 f7g7 h6f6 g7h7 f6a6 b7b8 a6g6 b8c7,Mate
8/8/1K3r2/8/2R5/4k3/2P5/8 w - -,b6b5 f6f2 b5b4 f2d2 b4b3 d2d8 c4b4 e3d2 c2c4 d8d3,613
5r2/1p4kp/p2R2p1/1q2P3/8/1n6/PP3QPP/7K w - -,f2g1 f8f1 a2b3 f1g1 h1g1 b5c5 g1f1 c5c1 f1f2 c1b2,-664
8/8/2K5/8/3k4/8/3B1N2/8 w - -,d2f4 d4c4 f4e3 c4b4 c6d5 b4b5 f2d3 b5a6 d5c6 a6a5,20000
r2q1r2/pp2p1kp/1np2pp1/3P4/3QP1b1/2N3P1/PP3PBP/R2R2K1 w - -,d1d2 e7e5 d4b4 a7a5 b4b3 c6d5 c3d5 b6d5 e4d5 f8f7,60
r1b2rk1/ppp2p1p/2nb1p2/4p3/8/2P2N2/PP3PPP/RN1BR1K1 w - -,b1d2 f8d8 d2e4 d6e7 e4g3 a7a5 d1c2 c8e6 b2b3 a5a4,-132
2kn4/3r4/pQ3R1p/1p4p1/1Pp5/P7/2P2PPp/7K w - -,b1d2 f8d8 d2e4 d6e7 e4g3 a7a5 d1c2 c8e6 b2b3 a5a4,Mate
r1bqk2r/ppp2pp1/2nb1n1p/4p3/4P3/1B3N2/PPP2PPP/RNBQ1RK1 w kq -,b1d2 c6a5 d1e2 e8h8 d2c4 a5b3 a2b3 f8e8 f1d1 c8g4,-14
r1bq1r2/pp2p1kp/1np2pp1/3P4/3QP3/2N2PP1/PP4BP/R2R2K1 w - -,a1c1 c6d5 e4d5 c8d7 c3e4 b6c8 g3g4 c8d6 e4d6 e7d6,56
r1br2k1/p5pp/2p2p1b/3pp3/8/B1PR2PP/P1P1B1PK/1R6 w - -,a3e7 d8e8 e7d6 c8f5 d3f3 f5c2 b1b7 c2e4 f3f1 e8d8,-290
r4rk1/1bp1qpp1/1p1p1n1p/p2P4/1P2PP1B/2NQ4/P5PP/R4RK1 w - -,b4b5 g7g5 f4g5 f6h7 g5g6 h7g5 g6g7 g8g7 h4f2 f7f6,245
r2qk2r/4bpp1/p2pbn2/1p2p2p/3nP2P/2N1N1P1/PPP2PB1/R1BQK2R w KQkq -,c3d5 f6d5 e3d5 e6g4 f2f3 g4e6 e1h1 e6d5 e4d5 a8c8,46
5r2/1p4kp/p4Rp1/2q1P3/8/1n6/PP3QPP/7K w - -,f6f8 c5f8 f2f8 g7f8 a2b3 f8f7 h1g1 f7e6 g1f2 e6e5,-465
r3kb1r/pp1b1ppp/2n1p3/1B1p4/4nP1q/4Q2P/PPPPK1P1/RNB3N1 w kq -,d2d3 f8c5 b5c6 d7c6 d3d4 e4g3 e2d1 g3f5 e3d3 c5d4,-747
5rk1/8/B2P2p1/6q1/3Qp3/6Bb/7N/6K1 w - -,h2g4 g5g4 d4e5 f8f3 e5e8 g8h7 e8e7 h7h6 e7h4 g4h4,-460
r3r1k1/1bp1qpp1/1p1p1n1p/pP1P4/4PP1B/2NQ4/P5PP/R4RK1 w - -,a1e1 a8d8 e1e3 a5a4 h2h3 d8d7 a2a3 g7g5 f4g5 f6h7,315
2kn4/1r6/pQ5R/1p4p1/1Pp5/P7/2P2PPp/7K w - -,d3d4 b7c8 f1f3 g8h7 a1e1 e7f8 h4f6 g7f6 d4f6 f8g7,Mate
r2qkb1r/ppp2ppp/2n5/1B2P3/3p2b1/2PP1N2/P1P3PP/R1BQK2R w KQkq -,h2h3 g4h5 g2g4 h5g6 f3d4 f8b4 c1d2 e8h8 b5c6 b7c6,100
r1b1k2r/pp2qp1p/2n1p1p1/3pPn2/2pP4/2P2N2/PPB2PPP/RN1Q1RK1 w kq -,b2b3 b7b5 c2f5 g6f5 b1d2 c8a6 b3b4 e7f8 f3g5 f8g7,117
2k5/1r6/R7/1KP5/8/8/8/8 w - -,,0
1R2b3/4kp1r/4p2P/3pP1P1/3p1P2/8/1pK5/8 w - -,c2d2 h7h8 b8b2 e8d7 b2a2 h8c8 a2a1 c8b8 d2c2 b8d8,-222
5r2/8/8/1K6/2R5/4k3/2P5/8 w - -,c4h4 f8b8 b5a4 e3d2 c2c4 b8c8 a4b5 c8b8 b5c6 b8b4,613
5r2/1p4kp/p4Rp1/2q1P3/8/8/PP1n2PP/5Q1K w - -,f1d1 d2e4 f6f8 g7f8 d1f3 f8e7 h2h3 c5e5 h1g1 e5d5,-484
r1bq1r2/pp2p1kp/1n3pp1/3p4/3QP3/2N2PP1/PP4BP/2RR2K1 w - -,e4d5 c8d7 c3e4 b6c8 g3g4 c8d6 e4d6 e7d6 d4b4 d7c8,59
3rr1k1/1bqn1pbp/p5p1/1p2p2n/2p1P3/P1P2N1P/1PBNQPPB/R3R1K1 w - -,a1d1 h5f4 h2f4 e5f4 h3h4 d7c5 h4h5 d8d7 e2f1 c5d3,-142
2k5/1r3n2/Q6R/1p4p1/1Pp5/P7/2P2PPp/7K w - -,a1d1 h5f4 h2f4 e5f4 h3h4 d7c5 h4h5 d8d7 e2f1 c5d3,Mate
5r2/7k/3P2p1/6q1/2BQp3/6Bb/7N/6K1 w - -,d4a7 h7h6 h2g4 g5g4 a7e3 g6g5 g1h2 h3f1 c4f1 f8f1,-547
r2qk2r/2pnb1pp/1p1p4/p3pp2/2PP1B2/P1RBPQ1P/1P3PP1/5RK1 w kq -,d3f5 e5f4 f3c6 e8h8 f5d7 g7g5 f1e1 g8h8 c3d3 a8a7,282
r3k2r/pp1b1ppp/2n1p3/1Bbp4/4nP2/2P1QN1P/PP1PKqP1/RNB5 w kq -,e2d3 c5e3 d3c2 e3f4 h3h4 f2g2 f3e1 g2h1 e1d3 f4d6,-1214
1R2b2r/4kp2/4p2P/3pP1P1/3p1P2/8/1K6/8 w - -,b8b6 e8d7 b2c2 h8a8 c2d3 a8a3 d3d4 a3f3 b6b1 f3f4,-223
1k6/1r3n2/Q1R5/1p4p1/1Pp5/P7/2P2PPp/7K w - -,b8b6 e8d7 b2c2 h8a8 c2d3 a8a3 d3d4 a3f3 b6b1 f3f4,Mate
r2qkb1r/ppp2ppp/2n5/1B2P3/8/2pP1Q1P/P1P3P1/R1B1K2R w KQkq -,b5c6 b7c6 f3c6 d8d7 c6a8 d7d8 a8c6 d8d7 c6c4 d7e6,628
r4rk1/ppp2p1p/2nb1p2/4pb2/8/2P2N2/PP1N1PPP/R2BR1K1 w - -,f3h4 f5e6 d2e4 f6f5 e4d6 c7d6 d1c2 c6e7 f2f4 e5e4,-75
r2r2k1/p5pp/2p2p1b/3ppb2/8/B1PR1BPP/P1P3PK/1R6 w - -,f3e2 f5d3 c2d3 a8b8 b1f1 h6d2 a3e7 d8d7 e7c5 d7b7,-429
5r2/1p4kp/p4Rp1/2q1P3/4n3/8/PP4PP/3Q3K w - -,b2b4 e4f2 h1g1 f2d1 b4c5 f8f6 e5f6 g7f6 a2a3 d1c3,-663
r2q1rk1/ppp1npbp/3p2p1/1B2n3/6b1/1PN1PN2/PBPP2PP/R2Q1RK1 w - -,d1c1 g4f3 g2f3 e7f5 b5e2 d6d5 f3f4 e5c6 c3d1 d8h4,-82
2k5/2r5/R1K5/2P5/8/8/8/8 w - -,,0
1q2r1k1/2rn1pp1/Bp2p3/PQ1p3p/1P6/5PP1/4P2P/2RR2K1 w - -,c1c6 c7c6 b5c6 e8d8 g1f1 h5h4 d1c1 b6a5 b4a5 h4g3,20
1k6/1r3n2/2R5/Qp4p1/1P6/P1p5/2P2PPp/7K w - -,a5b6 c7c1 d1c1 b8b6 b5b6 d7b6 c1c7 e8a8 b4b5 a8b8,Mate
rn1q1rk1/ppp1bppp/4n3/3pPb2/5B2/5N1P/PPP1BPP1/RN1Q1RK1 w - -,f4h2 c7c6 b1d2 a7a5 d2b3 c6c5 a2a4 d8b6 d1d5 f5c2,-56
r3kbnr/pp2pppp/2q5/2ppPb2/3P4/2P5/PP2NPPP/RNBQK2R w KQkq -,d4c5 c6c5 c1e3 c5a5 d1b3 a5a6 b1a3 f5d7 e2d4 e7e6,74
rnbqk2r/pp3ppp/2p1pn2/3pN3/2PP4/2b5/PP1BPPPP/R2QKB1R w KQkq -,d2c3 f6e4 d1c2 b8d7 e2e3 d7e5 d4e5 c6c5 f1d3 e4c3,28
r7/1bp1qp1k/1p1p1p1p/pP1P1Pr1/3QP3/2N4R/P5PP/R5K1 w - -,c3e2 a8c8 e2g3 e7e5 d4e5 f6e5 a1c1 h7g7 h3h4 b7a8,271
r4rk1/1bqnnpp1/pp1p3p/1p1Pp3/4P3/P1P2N1P/1PBN1PP1/R2QR1K1 w - -,d2f1 f7f5 e4f5 e7f5 a3a4 b5a4 a1a4 b7c8 f1e3 f5e3,61
r1b1k1nr/pp2bppp/2n1p3/3q4/3p4/5NP1/PPPN1PBP/R1BQK2R w KQkq -,e1h1 d5d8 f1e1 g8h6 d2b3 h6f5 g3g4 f5h4 f3h4 e7h4,17
2r4r/3p1k1p/p2Pp1p1/1p3p2/2P1bP1P/1P6/P3B1PK/3R1R2 w - -,d1d2 b5c4 e2c4 a6a5 f1e1 h7h6 g2g4 g6g5 d2f2 f7g6,-97
r1b2r2/pp2p1kp/1nP2pp1/8/3qP3/2N2PP1/PP4BP/R2R2K1 w - -,g1f1 d4c4 f1g1 b7c6 g2f1 c4b4 a1c1 g7h8 c3e2 c6c5,-689
8/5pk1/8/pR6/1p6/r4K2/8/8 w - -,f3e4 b4b3 e4d3 a5a4 d3d2 a3a2 d2c1 g7f6 c1b1 a4a3,Mate
4n1k1/p3bpp1/1p2q2p/3p4/1P1B4/2QP2PP/P4PB1/6K1 w - -,g2f3 e7f6 g1g2 f6d4 c3d4 e8c7 d4f4 e6d7 h3h4 c7a6,42
1R3r2/3bkp2/4p2P/3pP1P1/3p1P2/8/3K4/8 w - -,b8b2 f8c8 b2a2 c8c3 d2e1 c3h3 e1f1 d4d3 f1g2 h3h4,-235
7r/pp1k1p1p/2n1b3/2bN4/5B2/6P1/PqP1PnBP/R2QK2R w KQ -,d1b1 b2b1 a1b1 b7b6 d5f6 d7e7 g2c6 e7f6 h1f1 f2g4,395
2k5/5r2/R7/1KP5/8/8/8/8 w - -,,0
r2qkb1r/pp1bnp1p/4p1p1/3pPnB1/B1pP4/2P2N2/PP3PPP/RN1Q1RK1 w kq -,g5f6 h8g8 b1d2 h7h5 a4c2 f8g7 f6g5 d8c7 h2h3 g7h6,151
r7/1bp2p1k/1p1p1p1p/pP1PqPr1/3QP3/7R/P3N1PP/R5K1 w - -,d4e5 f6e5 a1c1 a8c8 h3c3 f7f6 e2g3 h7g8 c3c7 c8c7,374
r7/1p4kp/p2R2p1/1qn1P3/8/8/PP4PP/4Q2K w - -,a2a4 b5b2 d6d5 c5e6 d5d7 g7g8 h2h3 a8e8 e1e4 b2c1,-360
8/7k/3P2p1/6q1/2B1p3/2Q2rBb/7N/6K1 w - -,c3f3 e4f3 h2f1 h3f1 g1f1 g5g3 c4a6 g3g2 f1e1 f3f2,Mate
8/2k5/r4pp1/P2K2P1/R7/8/5P2/8 w - -,f2f4 c7b7 a4b4 b7c7 b4b5 c7c8 d5c5 c8c7 c5c4 f6f5,480
r1b2r2/p3p1kp/1np2pp1/8/3RP3/2N2PP1/PP4BP/R5K1 w - -,e4e5 c8e6 e5f6 e7f6 a1e1 f8e8 g1f2 e6f7 e1e8 a8e8,50
r2qk2r/2pnb1pp/1p1p4/p4B2/2PP1p2/P1R1PQ1P/1P3PP1/5RK1 w kq -,f3c6 e8h8 f5d7 g7g5 f1e1 g8h8 e3e4 a5a4 e4e5 a8a7,264
1r6/8/8/1K6/7R/4k3/2P5/8 w - -,b5a4 b8a8 a4b3 a8b8 h4b4 b8d8 b4b5 e3e4 c2c4 e4d4,594
8/8/3n4/1p1k1p2/pP3P2/P2Kb3/1B6/4N3 w - -,e1g2 e3f2 b2c1 d6c4 d3e2 f2d4 e2d3 d4f6 g2e1 f6b2,-389
2r1kr2/pb1p2pp/4p3/2p1P1P1/2P1n3/4B3/PP2K2P/3R1BR1 w - -,f1g2 b7a8 d1f1 f8f1 e2f1 d7d6 f1e2 d6e5 e2d3 a8b7,82
r7/1p4kp/p2R2p1/1q2P3/1P2n3/8/P5PP/4Q2K w - -,a2a4 b5e5 d6d7 g7g8 h1g1 e5e6 d7d4 a8e8 e1c1 e4f6,-475
r1bq1rk1/pppp1p1p/3b1np1/4p1N1/2BnP3/2N5/PPPPQPPP/R1B1K2R w KQ -,e2d1 c7c6 c4e2 d6c7 d2d3 b7b5 a2a3 f8e8 g5f3 a7a5,-94
1k6/8/r4pp1/P2K2P1/R4P2/8/8/8 w - -,a4b4 b8c7 b4b5 a6d6 d5c4 f6g5 b5c5 c7b7 f4g5 d6e6,494
5r2/1p4kp/p5p1/1q2P3/1P1Rn3/8/P5PP/4Q2K w - -,d4d1 e4f2 h1g1 f2d1 e1d1 b5b6 g1h1 b6f2 h2h3 f2f1,-706
r7/1bp2p1k/1p1p3p/pP1PpPr1/4P3/7R/P3N1PP/R5K1 w - -,a1c1 a8c8 h3c3 g5g4 e2g3 b7d5 e4d5 h6h5 g3h5 h7h6,408
8/8/8/4K3/8/1Bk5/2N5/8 w - -,e2g3 h7g7 a1c1 a8c8 g1f2 g7h7 g3h5 h7h8 c1c4 h8g8,Mate
r2q1rk1/ppp2ppp/2n5/1B1pP3/1b1P2b1/2N2N2/PPPQ2PP/R3K2R w KQ -,e1h1 f7f6 e5f6 g4f3 f6g7 g8g7 g2f3 d8h4 g1h1 g7h8,25
rnbqk2r/pp2bppp/4pn2/3p4/2BPP3/5N2/PP3PPP/RNBQK2R w KQkq -,e4e5 d5c4 e5f6 e7f6 b1c3 b8c6 e1h1 e8h8 d1e2 c6d4,-149
5r2/1p4kp/p5p1/1q2P1n1/1P1R4/8/P5PP/4Q1K1 w - -,a2a4 b5b6 e1e3 f8f7 a4a5 b6a7 h2h4 g5e6 d4e4 a7e3,-420
r3k2r/1ppb1ppp/p1n1pn2/1q6/2p5/B5P1/PPQNPPBP/R3K2R w KQkq -,d2c4 e6e5 a1c1 d7e6 b2b3 e6d5 g2d5 b5d5 e1h1 e8a8,-76
r1b2r2/p3p1kp/1n3pp1/2p5/3RP3/2N2PP1/PP5P/R4BK1 w - -,d4d2 c8e6 g1f2 a7a5 a1c1 f8c8 c3d5 b6d5 e4d5 e6f7,32
r2qkb1r/pp3pp1/2p2np1/4n3/8/2P3N1/PP3PPP/R1BQKB1R w KQkq -,c1g5 d8a5 f1e2 a8d8 d1c1 f8e7 e1h1 e8h8 f1d1 f8e8,-21
r7/8/8/8/K6R/4k3/2P5/8 w - -,a4b4 a8b8 b4a4 b8a8 a4b3 a8b8 h4b4 b8c8 c2c3 c8d8,613
r2qr1k1/pp2bppp/2n1n3/2p1P3/2Pp4/3Q1NBP/PP1N1PP1/R4RK1 w - -,d2e4 c6b4 d3d2 b4c6 a2a3 d8d7 d2d3 a8d8 a1e1 f7f5,36
6k1/1p1R3p/p5p1/4P1n1/1P6/8/P4rPP/7K w - -,h1g1 f2f7 d7d8 g8g7 h2h4 g5e6 d8d6 f7e7 a2a4 e6f8,-392
r4r2/p3p1kp/1n2bpp1/2p5/4P3/2N2PP1/PP1R3P/R4BK1 w - -,e4e5 f6f5 f3f4 a7a5 a1c1 a5a4 g1f2 f8b8 a2a3 e6b3,32
r2r2k1/p5pp/2p2p2/3pp3/5bP1/B1PP1B1P/P5PK/1R6 w - -,h2h1 a8b8 b1f1 f4d2 h3h4 d2c3 g4g5 f6g5 a3c5 c3d4,-438
8/5p2/3k4/p3R3/1p2K3/8/r7/8 w - -,e5g5 a5a4 e4f5 a2f2 f5e4 b4b3 g5g8 d6e7 e4d5 e7f6,-9605
4r2k/1q3p1p/p2Pr3/2p1p2P/1p2np2/1Q2B3/PPP5/1K2R1R1 w - -,d6d7 b7d7 e3c1 d7c6 b3d3 f7f5 d3h3 f4f3 g1f1 f3f2,-325
rnb1k2r/pp2bppp/3ppn2/q7/2BPP3/5N2/PP3PPP/RNBQK2R w KQkq -,f3d2 f6e4 e1h1 e4f6 b1c3 d6d5 c4d3 c8d7 d2b3 a5b6,-108
2r5/1bp2p1k/1p1p3p/pP1PpPr1/4P3/7R/P3N1PP/2R3K1 w - -,h3c3 g5g7 e2g3 h6h5 g3h5 g7g5 h5g3 f7f6 h2h4 g5g4,433
r1bq1rk1/ppp2pp1/2np3p/8/2BPP3/1Q3N2/PP3PPP/R4RK1 w - -,b3e3 c6e7 c4d3 c7c6 a1d1 c8e6 d3b1 d8a5 a2a3 a5b6,49
r4nk1/1p3p1p/p1prbnp1/q3p1N1/PbB1P3/2N4P/1PPBQPP1/3RR1K1 w - -,c3b1 b4d2 b1d2 a5b4 c4e6 f8e6 g5e6 d6e6 e2c4 a6a5,3
rnbqk2r/pp3ppp/2p1p3/3pN3/2PPn3/2P5/P2BPPPP/R2QKB1R w KQkq -,e2e3 b8d7 e5d7 e4d2 d1d2 c8d7 a2a4 e8h8 f1e2 d5c4,2
7Q/8/3P2p1/5qk1/2B5/4p1Bb/7N/6K1 w - -,e2e3 b8d7 e5d7 e4d2 d1d2 c8d7 a2a4 e8h8 f1e2 d5c4,Mate
r1bqr1k1/p1p2p2/1pnp3p/4p1pn/2PPP3/2PB1P2/P3NBPP/R2Q1RK1 w - -,c4c5 d6c5 d3b5 c8d7 d4c5 a7a6 b5c4 c6a5 c4d5 c7c6,28
r4rk1/2p1qppp/pbp1b3/2NpP3/3P1Q2/P4N2/1PP3PP/R4RK1 w - -,b2b4 e6c8 h2h3 a6a5 c2c3 h7h6 g1h2 b6c5 d4c5 c8a6,132
2r2rk1/pp1Rbp2/6p1/4n1P1/8/1B2PN2/P3KP2/8 w - -,f3e5 e7g5 e5g6 a7a5 g6f8 a5a4 b3a4 g8f8 a4b3 g5e7,299
2N5/1k1K4/5B2/8/8/8/8/8 w - -,c8d6 b7a7 d7c6 a7b8 f6d4 b8a8 d4f2 a8b8 d6f5 b8a8,9605
8/8/8/4K3/8/1B6/1k6/N7 w - -,,0
8/k7/r4pp1/P1K3P1/R4P2/8/8/8 w - -,c5b5 a6e6 a4c4 a7b7 c4c5 e6d6 b5c4 f6g5 f4g5 d6d2,494
r3r1k1/p1p2ppp/2pb2b1/4N3/6Pq/5Q1P/PPPP1P2/R1B1R1K1 w - -,d2d3 d6e5 c1d2 e5d6 a2a3 e8f8 d2b4 h7h5 f3c6 h4h3,-365
2NB4/3K4/k7/8/8/8/8/8 w - -,c8d6 a6a7 d8h4 a7a8 h4e1 a8b8 e1f2 b8a8 d7c6 a8b8,9605
r3kb1r/pp2qpp1/2p2np1/4n3/8/2P3N1/PP2QPPP/R1B1KB1R w KQkq -,c1g5 e8a8 a1d1 d8e8 e1d2 e7e6 b2b3 f8c5 h2h3 e6d5,-117
8/k7/4rpp1/PK4P1/R4P2/8/8/8 w - -,a4d4 f6g5 d4d7 a7b8 f4g5 b8c8 d7d5 c8c7 d5c5 c7b7,504
r4rk1/p1p1b1pp/2Pp1nq1/8/2P1p3/2N5/PP2QPPP/R1B2RK1 w - -,c1e3 a7a5 c3b5 e7d8 h2h3 h7h6 b2b3 a8a6 b5d4 a6a8,161
5n2/1p4kp/pR4p1/4r3/1P5P/8/P4KP1/8 w - -,a2a4 e5e7 g2g4 f8e6 f2f3 e6d8 h4h5 d8c6 f3f4 c6e5,-421
rnbqk2r/1pp2ppp/p7/4N3/3pn3/P7/P1PP1PPP/R1BQKB1R w KQkq -,d1e2 d8d5 f2f3 d5e5 e2e4 e5e4 f3e4 b8c6 a1b1 b7b6,-35
r2r2k1/p5pp/2p2p1b/3pp3/6P1/B1PP1BPP/P6K/1R6 w - -,b1b7 e5e4 f3e2 a8b8 b7c7 h6e3 g4g5 f6g5 d3d4 e3d2,-391
r1bqkb1r/1pp2pp1/p1np1n1p/8/2B1PB2/2N2N2/PP3PPP/R2Q1RK1 w - -,f1e1 c8e6 d1b3 f6h5 c4e6 f7e6 f4d2 d8d7 b3b7 a8a7,228
rnbqkbnr/pp1p1pp1/2p4p/4p3/P7/3P2P1/1PP1PP1P/RNBQKBNR w KQkq -,f1g2 d7d5 g1f3 f8d6 e1h1 g8f6 b1d2 e8h8 e2e4 f8e8,-28
r4rk1/2p1qppp/p1p1b3/2bpP3/1P1P1Q2/P4N2/2P3PP/R4RK1 w - -,d4c5 a6a5 f3d4 e6d7 a1e1 h7h6 e1e3 a5b4 a3b4 a8a4,135
2r4r/1p1k1ppp/p1b1p3/3p4/PP1N1P2/2P4P/3BK1P1/R7 w - -,d2c1 d7e7 c1e3 f7f6 d4f3 e7f7 h3h4 c6d7 e3d4 h7h5,-331
5n2/1R5p/p5pk/4r3/1P5P/8/P4KP1/8 w - -,g2g3 e5b5 b7a7 b5b4 a7a6 f8d7 f2g2 b4d4 a6a3 d4d2,-265
2r1kr2/1b1p2pp/p3p3/2p1P1P1/2P1n3/4B3/PP2K1BP/3R2R1 w - -,e2d3 d7d5 e5d6 e4d6 d3c3 d6e4 c3c2 c8c7 d1d3 f8f7,151
r2q1rk1/ppp2pp1/2np3p/8/2BPP1b1/3Q1N2/PP3PPP/R4RK1 w - -,f3d2 a7a5 h2h3 g4d7 a2a3 d8f6 d2f3 c6e7 f1e1 e7g6,50
rn1qkb1r/1pp1ppp1/p4n1p/3p4/3P1BbP/2N1P3/PPP2PP1/R2QKBNR w KQkq -,f2f3 g4d7 e3e4 e7e6 g1e2 c7c5 e4d5 e6d5 d4c5 f8c5,37
8/5pkp/7R/4PKP1/5P1p/8/7r/8 w - -,f5g4 h2g2 g4h3 g2g1 h6d6 g1h1 h3g2 h1e1 d6h6 e1e4,142
8/1k6/4rpp1/PK4P1/2R2P2/8/8/8 w - -,c4c5 e6d6 b5c4 f6g5 f4g5 d6e6 c4b5 e6e7 a5a6 b7a7,532
2NB4/2K5/8/1k6/8/8/8/8 w - -,c8d6 b5c5 d8f6 c5d5 c7d7 d5c5 d7e6 c5c6 f6d4 c6c7,9605
8/5p2/2k5/pR6/1p2K3/8/r7/8 w - -,b5d5 a2e2 e4d3 c6d5 d3e2 a5a4 e2d2 d5e5 d2c2 b4b3,-20000
r2r4/p3p1kp/1n2bpp1/2p5/4P3/2N2PP1/PP1R3P/2R2BK1 w - -,c1c2 a7a5 g1f2 e6f7 f2e3 g7f8 f3f4 e7e5 f4e5 f6e5,17
r2qkb1r/pb1p1ppp/2n1pn2/1pp3B1/3P4/5NP1/PPP1PPBP/RN1Q1RK1 w kq -,d4d5 c6e7 d5e6 f7e6 e2e4 f6e4 f3e5 d8c7 g5f4 d7d6,82
1r6/8/8/8/7R/1K2k3/2P5/8 w - -,h4b4 b8h8 c2c3 h8c8 b4c4 c8b8 b3c2 b8d8 c4h4 e3f3,613
r2qk2r/pp1bbppp/2n1p3/3pP3/3P4/2PB4/P3NPPP/R1BQ1RK1 w kq -,a1b1 d8c7 e2f4 g7g6 c3c4 d5c4 d3c4 c6a5 c4d3 d7c6,87
r1bqk1nr/pp1p1pbp/2n1p1p1/4P3/3B4/1P6/P1P2PPP/RN1QKBNR w KQkq -,d4c3 g7e5 f1b5 e5f6 g1f3 c6e7 e1h1 a7a6 b5d3 b7b6,-105
8/8/8/5k2/5P2/7P/4R2K/2r5 w - -,,0
8/5p2/2k5/p4R2/4K3/1p6/r7/8 w - -,f5f1 b3b2 e4d4 a2a1 f1f6 c6b5 f6f7 b5b4 f7b7 b4a3,-20000
8/3n3p/R5pk/8/7P/5KP1/Pr6/8 w - -,a6a4 b2b7 g3g4 h6g7 f3e3 b7c7 a4a5 g7f7 e3d4 c7b7,-255
r2qk2r/pp1bbp1p/2n1p1p1/3pP3/3P1P2/2PB4/P3N1PP/R1BQ1RK1 w kq -,g2g4 d8a5 f4f5 g6f5 g4f5 e6f5 d3f5 d7e6 d1d3 e8a8,78
8/R6p/6pk/4n3/7P/5KP1/Pr6/8 w - -,f3e4 e5c6 a7a6 c6e7 e4f3 b2c2 a6a3 c2c4 f3g2 e7f5,-309
r2qk2r/4bpp1/p2pb3/1p1np2p/3nP2P/4N1P1/PPP2PB1/R1BQK2R w KQkq -,e3d5 e6g4 f2f3 g4e6 e1h1 e6d5 e4d5 g7g6 g1h2 d4f5,52
r2qk2r/2pnb1pp/1p1pp3/p4p2/2PP1B2/P1RBPb1P/1P3PP1/3Q1RK1 w kq -,d1c2 f3b7 e3e4 b7e4 d3e4 f5e4 c2e4 e8h8 e4e6 g8h8,-294
r4rk1/2p1qppp/2p1b3/2PpP3/1p3Q2/P1P2N2/6PP/R4RK1 w - -,c3b4 a8a4 f3d4 f8a8 f4g3 e7d7 h2h3 h7h6 g1h2 d7e7,147
3br1k1/p1p3p1/2Pp1nq1/1P5p/2PRp1rP/2N3B1/P3QPP1/5RK1 w - -,e2e3 f6h7 f1e1 d8h4 g3h4 g4h4 d4e4 h4e4 c3e4 g8h8,135
4b1r1/2R2prk/1p1p3p/pP1PpP2/P3P2R/6N1/6PP/6K1 w - -,c7b7 f7f6 b7b6 h6h5 b6d6 h7h6 h4h3 h6g5 d6d8 h5h4,433
8/8/8/5k2/5P2/7P/5R1K/r7 w - -,,0
rnbqk2r/pp3ppp/1bpp1n2/8/2BPP3/5N2/PP1B1PPP/RN1QK2R w KQkq -,b1c3 d6d5 e4d5 c6d5 c4b5 b8c6 e1h1 e8h8 d2g5 c8g4,19
8/R6p/6pk/8/5K1P/3n2P1/Pr6/8 w - -,f4g4 d3e5 g4h3 b2c2 a2a4 e5f3 h3g4 c2c3 g4f4 f3h2,-298
rnbqkbnr/pp3pp1/2p4p/P2pp3/8/3P2P1/1PP1PP1P/RNBQKBNR w KQkq -,b1d2 f8b4 g1f3 f7f6 e2e4 g8e7 f1g2 b4a5 e1h1 c8g4,-54
rnbqk2r/1pp2p1p/p3p3/5p2/1b1PQ3/2N2N2/PPP2PPP/R3KB1R w KQkq -,e4e3 b8d7 g2g3 b7b6 a2a3 b4d6 f1g2 c8b7 e1a1 d8f6,47
r1r3k1/pR4pp/2p2p1b/3pp3/6P1/B1PP1BPP/P6K/8 w - -,h2g2 a8b8 b7d7 g7g6 h3h4 h6f8 a3c1 b8b1 c1e3 b1b2,-351
r4rk1/ppp2pp1/2np1q1p/8/2BPP3/3Q1b1P/PP3PP1/3R1RK1 w - -,d3f3 f6f3 g2f3 c6e7 g1g2 d6d5 c4d5 e7d5 e4d5 f8d8,-14
8/5R2/2k5/p7/4K3/8/rp6/8 w - -,d3f3 f6f3 g2f3 c6e7 g1g2 d6d5 c4d5 e7d5 e4d5 f8d8,Mate
2k5/8/R1P5/1K6/8/8/5r2/8 w - -,,0
r4rk1/ppp2pp1/2np3p/8/2BPP3/5q1P/PP3PP1/3R1RK1 w - -,g2f3 c6e7 g1g2 a8d8 c4b3 d6d5 f1e1 d8d6 e4d5 e7d5,-10
8/8/8/5k1P/5P2/8/5R1K/r7 w - -,,0
8/R6p/6pk/8/1n5P/5KP1/Pr6/8 w - -,a7b7 b4d3 b7b2 d3b2 g3g4 h6g7 g4g5 g7f7 f3f4 b2a4,-289
8/p2q1ppk/1p3n1p/P2p4/1P6/2QP2PP/5PBK/8 w - -,h2g1 d5d4 c3c4 h7g8 c4a6 d7c7 g2b7 b6a5 b4a5 c7c1,52
8/5pkp/7R/4P1P1/5P1K/8/7r/8 w - -,,0
8/8/8/5k1P/5P2/6K1/5R2/1r6 w - -,,0
8/8/5R2/p1k5/4K3/8/rp6/8 w - -,h5h6 b1b3 f2f3 b3b6 h6h7 b6h6 f3a3 h6h7 a3a5 f5e6,Mate
rn1qkb1r/p4ppp/2pp1n2/1p2p3/2B1P1b1/2N3Q1/PPPP1PPP/R1B1K1NR w KQkq -,c4b3 a7a5 a2a3 b8a6 g1f3 a6c5 d2d4 c5b3 c2b3 g4f3,-39
b1r1kr2/p2p2pp/4p3/2p1P1P1/2P1n3/4B3/PP2K1BP/3R2R1 w - -,d1d3 c8b8 b2b3 f8f7 g2h3 e8e7 g1g4 b8f8 g4h4 e7e8,82
6r1/1bp2p1k/1p1p1p2/1P1PqPrp/p3PR2/2N1Q1PR/P6P/6K1 w - -,e3d2 h7g7 f4h4 g7f8 g1f2 g8h8 c3a4 e5a1 a4c3 f8e7,168
rn1qkb1r/p4ppp/2pp1n2/4p3/1p2P1b1/1BN3Q1/PPPP1PPP/R1B1K1NR w KQkq -,c3a4 c6c5 d2d3 b8c6 f2f4 e5f4 c1f4 f8e7 g1f3 e8h8,-10
r4rk1/ppp2pp1/3p3p/n7/2BPP3/5P1P/PP3P2/3R1RK1 w - -,c4e2 a5c6 d1d2 c6e7 d4d5 a8c8 f1c1 f8d8 f3f4 c7c6,17
r2qk2r/4bpp1/p2p4/1p1Np2p/3nP1bP/6P1/PPP2PB1/R1BQK2R w KQkq -,f2f3 g4e6 e1h1 e6d5 e4d5 d8c8 c2c3 d4f5 g2h3 g7g6,48
r4rk1/2p1qp2/pbp1b2p/2NpP1p1/1P1P1Q2/P1P2N2/6PP/R4RK1 w - -,f4g3 g8h7 f1f2 a6a5 a1f1 a5b4 a3b4 e6c8 h2h4 b6c5,265
8/R6p/6pk/8/6PP/5K2/nr6/8 w - -,f4d2 g8g7 h2h3 b6c5 d4c5 f7f5 e5f6 f8f6 d2e2 a8e8,Mate
8/8/7P/5k2/5P2/6K1/6R1/7r w - -,,0
rn2k2r/1p2bppp/p2p1n2/4pq2/2B5/2N1B3/PPP1QPPP/R3K2R w KQkq -,h2h3 f5d7 g2g4 h7h6 e1a1 b8c6 f2f4 e5f4 e3f4 e8h8,111
8/8/3n4/1p1k1p2/pP3P2/P2K4/1B3bN1/8 w - -,b2c1 d6c4 d3e2 f2d4 e2d3 d4f6 g2e1 f6b2 c1b2 c4b2,-486
8/8/8/p4R2/2k1K3/8/rp6/8 w - -,b2c3 d6c4 c3e1 c4b2 d3c2 f2e1 g2e1 b2c4 c2d3 c4a3,Mate
8/R6p/6p1/6Pk/7P/5K2/nr6/8 w - -,b2c3 d6c4 c3e1 c4b2 d3c2 f2e1 g2e1 b2c4 c2d3 c4a3,Mate
7r/pp1k1p1p/2n1b3/2bN4/5B2/6P1/P1P1P1BP/1R2K2n w - -,b1b7 d7e8 d5c7 e8e7 c7a6 e7f6 a6c5 c6d4 g2h1 h8d8,595
2kr1bnr/1pp2ppp/p1p1b3/8/8/3P1N2/PPP1KPPP/RNB4R w - -,h1e1 g8e7 e2f1 e6d5 b1d2 f7f6 b2b3 e7f5 c1b2 h7h5,-38
8/1k6/3r1pp1/PKR3P1/5P2/8/8/8 w - -,b5c4 f6g5 f4g5 d6e6 c4d5 e6a6 d5e5 b7b8 e5d4 a6d6,530
rn3rk1/1p2bppp/p2p1n2/4pq2/2B5/2N1B3/PPP1QPPP/2KR3R w - -,h1g1 f6g4 c1b1 b8c6 h2h3 g4e3 f2e3 f5d7 g2g4 a8c8,121
2kr3r/ppq1bp1p/2n1b3/3pPN2/3P4/2PB4/P6P/R1BQ1RK1 w - -,c1h6 d8g8 g1h1 c8b8 d1h5 c7a5 h6d2 h7h6 a1b1 b8a8,70
r3r1k1/ppp2pp1/3p3p/n7/3PP3/3B1P1P/PP3P2/3R1RK1 w - -,d1c1 e8c8 f1d1 c7c5 d4c5 c8c5 c1c5 d6c5 d3e2 a5c6,28
r2q1rk1/1bpnb1pp/1p1pp3/p4p2/2PP1B2/P1RBPN1P/1P3PP1/3Q1RK1 w - -,c3c1 d8e8 f4h2 c7c5 d3e2 a5a4 c1c2 e8g6 c2d2 c5d4,-10
6k1/1p3p1p/p1p2rp1/q7/PbQpP3/2N4P/1PP2PP1/4R1K1 w - -,,0
8/R6p/7k/6p1/1n4PP/5K2/Pr6/8 w - -,h4g5 h6g6 a7b7 b4d3 b7b2 d3b2 f3g3 g6f7 a2a3 f7g7,-34
r1bqkb1r/ppnnpppp/2p5/8/2PP4/5N2/PP3PPP/RNBQKB1R w KQkq -,f1e2 g7g6 b1c3 f8g7 e1h1 e7e5 c1g5 f7f6 g5e3 e8h8,75
2kr3r/ppq1bp2/2n1b3/3pPN1p/3P4/2PB4/P6P/R1BQ1R1K w - -,a1b1 c8b8 d1f3 b8a8 f1f2 c6a5 b1b5 a7a6 b5a5 e6f5,65
r4rk1/1bqnnpp1/pp1p3p/1p1Pp3/4P3/2P2N1P/PPB2PP1/R2QRNK1 w - -,d1d2 d7f6 f1e3 b7c8 g1h2 f6h7 a2a4 b5a4 a1a4 b6b5,73
8/8/8/p2R4/2k1K3/8/r7/1q6 w - -,f3h4 d7f6 g1h2 b7c8 f1e3 f6h7 d1e2 e7g6 h4f5 g6e7,Mate
r2qkbnr/pp1b1ppp/2n1p3/1B1pP3/3Q4/5N1P/PPP2PP1/RNB1K2R w KQkq -,b5c6 b7c6 e1h1 g8e7 c2c4 c6c5 d4d3 d8b6 b1c3 d5c4,-8
8/8/R7/8/6p1/7k/8/1r4K1 w - -,g1f2 g4g3 f2f3 b1b3 f3e2 g3g2 e2f2 b3b2 f2f3 h3h2,-447
8/1k6/3r2p1/P1R3p1/2K2P2/8/8/8 w - -,f4g5 d6e6 c5b5 b7c7 c4d4 e6e8 b5c5 c7b7 d4d5 e8f8,540
2k4r/pR3p1p/2n1b3/2bN4/5B2/6P1/P1P1P1BP/4K2n w - -,b7c7 c8d8 c7c6 e6d5 g2d5 c5f2 e1d1 h1g3 h2g3 h7h5,612
4r3/1p1k1p1p/6p1/3p1p2/3N4/2PK3P/r2B2P1/1R6 w - -,b1b7 d7c8 b7f7 a2a1 d2f4 e8e4 g2g3 c8d8 f7h7 a1d1,392
r2q1k1r/pbpp2pp/3n1p2/1B2R3/8/B1P2Q2/P1PP1PPP/R5K1 w - -,f3f4 f8f7 a3d6 c7d6 b5c4 f7f8 e5e3 d8b6 a1e1 a8d8,871
r1bq1rk1/ppppnpbp/6p1/1B6/3nP3/1P6/PBP2PPP/RN1Q1RK1 w - -,b5c4 d4e2 d1e2 g7b2 b1d2 b2a1 f1a1 d7d6 a1e1 c8e6,-552
8/8/3n4/1p1k1p2/pP1b1P2/P7/1B2K1N1/8 w - -,b2c1 d5c4 e2d2 c4b3 d2d3 d4b2 c1b2 b3b2 g2e3 b2a3,-489
4rrk1/1bqnnpp1/pp1p3p/1p1Pp3/4P3/2P1NN1P/PPB2PP1/R2QR1K1 w - -,f3d2 e8d8 g1h2 b7c8 d2f1 d7f6 a2a4 c8d7 a4b5 a6b5,89
8/1R5p/7k/6p1/1n4PP/5K2/r7/8 w - -,,0
rn1r2k1/1p2bppp/p2p1n2/4pq2/2B4P/2N1B3/PPP1QPP1/2KR3R w - -,h1g1 f6g4 c1b1 b8c6 e3b6 f5d7 f2f3 g4f6 b6d8 a8d8,146
rnb1k2r/pp2ppb1/6pp/q1p1P3/2P3nB/2N5/PP1Q1PPP/R3KBNR w KQkq -,c3d5 a5d2 e1d2 b8a6 a1e1 g4e5 h4e7 c8e6 e7f6 g7f6,-48
8/8/8/p2RK3/2k5/8/r7/4q3 w - -,c3d5 a5d2 e1d2 b8a6 a1e1 g4e5 h4e7 c8e6 e7f6 g7f6,Mate
2k2r1r/ppq1bp2/2n1b2N/3pP2p/3P4/2PB1Q2/P6P/R1B2R1K w - -,h6f5 c8b8 a2a4 f8g8 a1b1 b8a8 b1b5 c7d7 f5e3 g8d8,71
8/1k6/4r1p1/P1R3P1/2K5/8/8/8 w - -,c5b5 b7c7 c4d4 e6e8 b5c5 c7b7 d4d5 e8f8 d5d6 f8f1,540
8/8/3n4/1p3p2/pP1bkP2/P7/4K1N1/2B5 w - -,g2e1 d6c4 e1d3 d4f6 d3c5 e4d4 c5e6 d4c3 e6c7 c3c2,-525
8/8/4N1p1/5n2/6P1/3k3K/8/8 w - -,,0
1rb1r1k1/1pq1ppbp/p1p1n1p1/P6n/2PP4/2NBBN1P/1P3PP1/R1Q1R1K1 w - -,d3f1 c8d7 c1d2 b8c8 b2b4 c8d8 a1d1 e6f4 d2c1 g7h6,224
8/7p/8/6k1/1R4P1/2r5/5K2/8 w - -,,0
r3rk2/p1p2pp1/1p1p3p/n2P4/4P3/3B1P1P/PP3P1K/3R1R2 w - -,d3a6 a8b8 b2b4 a5b7 d1c1 e8e7 c1c3 b7d8 f1c1 c7c6,204
8/1k6/r5p1/P1RK2P1/8/8/8/8 w - -,d5d4 a6d6 c5d5 d6a6 d5e5 b7c7 d4c4 c7d6 e5c5 a6a7,540
2b1rrk1/2qnnpp1/pp1p3p/1p1Pp3/4P3/2P1N2P/PPBN1PP1/R2QR1K1 w - -,a2a4 b5a4 a1a4 b6b5 a4a3 d7b6 d1e2 e7g6 g2g3 g6e7,89
3rr1k1/1bqn1pb1/p5pp/1p2p2n/2p1P3/P1P1QN1P/1PBN1PPB/R3R1K1 w - -,a3a4 h5f4 a4b5 a6b5 b2b3 g7f8 f3e5 f4g2 g1g2 d7e5,-58
8/8/3n4/1p3p2/pP1k1P2/P7/4K1N1/8 w - -,g2e3 d4e4 e2d2 e4f4 d2d3 f4e5 e3g2 d6c4 g2e1 c4a3,-628
rr4k1/pR4pp/2p2p1b/3pp3/6P1/B1PP1BPP/P6K/8 w - -,b7c7 b8c8 c7d7 c8d8 d7e7 g7g6 e7e6 a8c8 e6f6 h6f8,-432
1k6/8/r5p1/P1R1K1P1/8/8/8/8 w - -,e5d4 b8a8 c5e5 a6c6 d4d5 c6a6 d5c4 a8b7 e5e7 b7c8,540
2k2r1r/pp2b3/2n1qp1N/3pP2p/3P4/2P2Q2/P2B3P/R4R1K w - -,f3h5 f6e5 f1f8 h8f8 a1e1 e7d6 h5g4 e6g4 h6g4 e5d4,-85
8/5p1p/6kP/4P3/5PK1/8/8/8 w - -,,0
3rnk2/ppp2pp1/3r3p/7R/2BP4/2K2P2/PP3P1P/3R4 w - -,d1d3 g7g5 h5h3 e8f6 b2b4 b7b5 c4b3 f8g7 d3d1 a7a6,-171
2kr1b1r/1pp1nbpp/p1p2p2/8/8/2NP1N2/PPP2PPP/R1B1RK2 w - -,b2b3 c6c5 c1b2 b7b6 a2a3 a6a5 c3b5 f7e8 a3a4 e7d5,-41
8/2k5/r5p1/PR2K1P1/8/8/8/8 w - -,b5c5 c7d7 e5d5 a6a8 d5c4 d7d6 c4b4 d6d7 c5e5 a8a6,540
3k3r/p4p1p/2R1b3/3N4/5B2/6P1/P1P1PbBP/4K2n w - -,e1f1 e6d5 g2d5 h1g3 h2g3 f2b6 c2c4 b6d4 f1g2 h8e8,631
3br2k/p1p2Qp1/2Pp4/1P5p/2PRp1nP/2N5/P4RPq/6K1 w - -,,0
8/2k5/1R4p1/r3K1P1/8/8/8/8 w - -,e5f6 c7b6 f6g6 b6c7 g6f6 c7d8 g5g6 d8e8 f6e6 a5a6,-499
r4rk1/ppq2ppp/3bpn2/7b/2nP4/3Q1N1P/PP1N1PP1/R1B1R1K1 w - -,d3c4 f6d5 g2g4 h5g6 f3e5 c7a5 e5g6 a8c8 c4b3 f7g6,-111
1r3rk1/2p1qpp1/pbp1b2p/2NpP3/1P1P1Q2/P4N1P/2P3P1/R4RK1 w - -,c5a6 b8a8 a6c5 b6c5 d4c5 a8a4 f3d4 f8a8 d4c6 e7e8,221
r1bqk2r/5ppp/p2bpn2/np1p4/3P4/P5B1/1PPNNPPP/R2QKB1R w KQkq -,e2c1 a5c4 g3d6 c4b2 f1b5 a6b5 d1e2 d8d6 e2b5 e8e7,-38
rnbq1k1r/pp1p2pp/2p2n2/2b1p1N1/2B5/5Q2/PPPP1PPP/RNB1K2R w KQ -,g5f7 d8c7 f7h8 d7d5 c4e2 c8g4 f3g3 g4e2 e1e2 b8d7,82
r2q1k1r/pQpp2pp/3n4/1B2p3/8/B1P5/P1PP1PPP/R5K1 w - -,b7f3 f8e7 a1e1 d8b8 e1e5 e7d8 a3d6 c7d6 f3f7 b8b7,819
8/8/6Nn/5kP1/8/7K/8/8 w - -,,0
1rb1r1k1/1pq1ppbp/p1p1n1p1/P7/2PP1n2/2N1BN1P/1P3PP1/R1Q1RBK1 w - -,d4d5 c6d5 c4d5 f4d5 c3d5 c7c1 a1c1 c8d7 d5b6 d7c6,412
r3r1k1/pp3p2/6pn/2p1n1q1/2Pp4/P2Q2B1/1P1N4/R3NRK1 w - -,d3e4 g5g3 e1g2 e5c4 e4f3 g3f3 d2f3 c4e5 f3e5 e8e5,-571
r3r1k1/ppqb1pp1/4pn2/2pnP1N1/1p1PN2Q/8/PP3PPP/R4RK1 w - -,d3e4 g5g3 e1g2 e5c4 e4f3 g3f3 d2f3 c4e5 f3e5 e8e5,Mate
r4rk1/2p1qpp1/pbp1b2p/2NpP3/1P1P1Q2/P4N1P/2P3PK/R4R2 w - -,c5e6 f7e6 f4g4 a6a5 c2c3 g8h7 f3g1 a5b4 a3b4 a8a1,175
rn1qk2r/1ppb1ppp/p3pn2/3p4/1bPP1B2/2N1PN2/PP3PPP/R2QKB1R w KQkq -,a1c1 d7c6 a2a3 b4c3 c1c3 b8d7 c3c1 d5c4 f1c4 f6h5,84
3b3k/p1p2Qp1/2Pp4/1P2r2p/2PRp1nP/2N5/P4RPq/5K2 w - -,,0
r1bqkb1r/ppp1p1pp/2n2n2/3p1pB1/3P2P1/2N5/PPP1PP1P/R2QKBNR w KQkq -,e2e3 f6g4 g1f3 a7a6 d1e2 g4f6 e1a1 e7e6 f3e5 c8d7,-23
r4rk1/pp3ppp/3qpn2/8/3P4/3Q1b1P/PP3PP1/R1B1R1K1 w - -,d3f3 f6d5 f3g4 g8h8 c1e3 a8c8 a1c1 h7h6 g4e2 h8g8,-40
r4k2/p1p1rpp1/1p1p3p/n2P4/4P3/3B1P1P/PP3P1K/3RR3 w - -,b2b4 a5b7 d3a6 b7d8 d1c1 a8b8 a2a4 c7c6 d5c6 e7c7,141
r1bq1rk1/ppp1npbp/6p1/1B1p4/3BP3/1P6/P1P2PPP/RN1Q1RK1 w - -,d4g7 g8g7 d1d4 g7g8 f1d1 c8g4 d1d2 c7c6 b5f1 d5e4,29
r2qkb1r/ppp1p1pp/2n2n2/3p1bB1/3P4/2N5/PPP1PP1P/R2QKBNR w KQkq -,a2a3 e7e6 e2e3 h7h6 g5h4 d8e7 h4g3 e7f7 f1d3 e8a8,-34
2b1rrk1/2qnnp2/pp1p2pp/3Pp3/R3P3/2P1N2P/1PBN1PP1/3QR1K1 w - -,a4a1 g8g7 d1b1 g7h8 e1c1 f7f5 e4f5 d7f6 c3c4 g6f5,114
r4rk1/2p1q1p1/pbp1p2p/3pP3/1P1P1Q2/P4N1P/2P3PK/R4R2 w - -,f4g4 f8f7 f3h4 g7g5 c2c3 g8g7 a1e1 a8f8 f1f6 f7f6,189
r1bqkb1r/pp3ppp/2nppn2/8/4P3/3B1N2/PPPQ1PPP/RNB1K2R w KQkq -,e1h1 b7b6 f1d1 d8c7 d2e2 c8b7 c2c4 f8e7 b1c3 e8h8,30
r1b1kbnr/pp1p1ppp/6n1/qNp5/4PB2/6P1/PPP2P1P/RN1QKB1R w KQkq -,b1c3 g6f4 g3f4 h7h5 f1c4 h8h6 c4f7 e8f7 d1d5 h6e6,292
8/2b1kp1r/4p2P/p2pP1P1/Rr1p1P2/8/2KN4/8 w - -,g5g6 d4d3 c2d3 f7g6 a4a1 b4f4 a1h1 c7e5 d2f1 a5a4,-866
r1bq1rk1/p3bppp/2np1n2/1pp1p3/4P3/2PP1N1P/PPB2PP1/R1BQKN1R w KQ -,f1g3 d8c7 e1h1 a7a5 f1e1 a5a4 d3d4 c5d4 c3d4 e5d4,23
rn1qkbnr/ppp2ppp/4p1b1/3p4/2P1P3/3P4/PP1N1PPP/R1BQKBNR w KQkq -,h2h4 h7h5 c4d5 e6d5 g1h3 b8c6 h3f4 g8f6 e4d5 f6d5,-7
r5k1/p1R3pp/1rp2p1b/3pp3/6P1/B1PP1BPP/P6K/8 w - -,f3g2 b6a6 a3e7 a6a2 h3h4 h6e3 c7c6 a8e8 e7d6 a2b2,-323
rnb1k2r/pp2ppb1/6pp/2pNP3/2P3nB/8/PP1q1PPP/R3KBNR w KQkq -,e1d2 b8a6 a1e1 g4e5 h4e7 c8e6 e7f6 g7f6 d5f6 e8e7,-41
7k/p1p2Qp1/2Pp1b2/1P2r2p/2P1R1nP/2N5/P4RPq/5K2 w - -,,0
5r1r/pp1kn3/8/3pP2p/8/2P5/P2B3P/R4R1K w - -,d2g5 f8f1 a1f1 d7e6 g5e3 e7f5 e3a7 h8c8 a7d4 c8c4,-60
r4rk1/ppq2ppp/3Npn2/8/3P4/3Q3P/PP3Pb1/R1B1R1K1 w - -,c1f4 g2c6 f4e5 c7d7 d3g3 f6h5 g3e3 a8d8 a1c1 d7e7,-214
r6r/2qnn1bp/p2pkpp1/1Pp5/Q3P3/2B1NN2/2PP1PPP/R5K1 w - -,a4c4 d6d5 e4d5 e6d6 c4f4 d7e5 c3e5 f6e5 e3c4 d6d7,699
r1bq1rk1/pp2bppp/2n2n2/2ppp3/4P3/2PP1N1P/PPB2PP1/R1BQKN1R w KQ -,f1g3 f8e8 e1h1 h7h6 e4d5 f6d5 f1e1 e7d6 a2a3 c8e6,-6
5r1r/pp2n3/4k3/3pP1Bp/8/2P5/P6P/R4R1K w - -,g5e3 e7c6 f1g1 h8g8 e3c5 g8g1 a1g1 f8f3 c5d4 c6d4,-80
3rr1k1/2pqbpp1/pn6/1p2p1BQ/4b2N/1PPP4/1P3PPP/R3R1K1 w - -,d3e4 e7g5 h5g5 d7d2 g5g4 d2f4 g4f4 e5f4 a1a6 b5b4,117
r1bq1r2/ppp1npkp/6p1/1B1p4/4P3/1P6/P1P2PPP/RN1Q1RK1 w - -,d1d4 g7g8 f1d1 c8g4 d1d2 c7c6 b5f1 d5e4 d4e5 g4d7,22
2b1rr2/2q1npk1/pp1p1npp/3Pp3/4P3/R1PBN2P/1P1N1PP1/3QR1K1 w - -,d3a6 c8a6 a3a6 e8a8 d1e2 a8a6 e2a6 f8b8 e1a1 b6b5,196
8/3k1p2/2p1pPp1/2B1P3/2P1K1P1/1P6/3b4/8 w - -,e4d3 d2e1 c5d4 d7c8 d3e2 e1a5 e2f3 a5b4 f3f4 c8d7,46
3k3r/p2b1p1p/2R5/3N4/5B2/6P1/P1P1PbBP/5K1n w - -,c6c7 f2d4 c2c3 d4b6 d5b6 a7b6 g2h1 h8e8 h1f3 e8e6,672
r2q1rk1/1bpnb2p/1p1pp3/p4pp1/2PP1B2/P1RBPN1P/1P3PP1/3QR1K1 w - -,d3b1 g5f4 e3f4 e6e5 f4e5 d6e5 d4e5 d7c5 f3d4 b7e4,-119
rn1qkb1r/ppp2ppp/4pnb1/3p4/2P1P3/3P4/PP1NNPPP/R1BQKB1R w KQkq -,d1a4 c7c6 c4d5 e6d5 e2f4 d5e4 d3e4 b8d7 g2g3 d7c5,-46
8/p7/p3k3/4pp2/P1Pp4/1P1K3P/8/8 w - -,h3h4 e6f6 c4c5 f6e6 c5c6 e6d6 h4h5 f5f4 d3e4 d6c6,655
2r3k1/1p2bppp/p1q1p3/3pPn2/N2P2Q1/1P1RB2P/P4PPK/8 w - -,a4c3 b7b5 e3g5 b5b4 g5e7 f5e7 c3a4 c6c2 d3f3 e7f5,-144
2b1rr2/2qnnpk1/p2p2pp/1p1Pp3/4P3/R1PBN2P/1P1N1PP1/3QR1K1 w - -,d1b1 f7f5 e4f5 d7b6 f5g6 b6d5 c3c4 d5e3 e1e3 b5b4,135
3rr1k1/2pqbp2/pn4p1/1p2p1BQ/4P2N/1PP5/1P3PPP/R3R1K1 w - -,h4g6 f7g6 h5g6 g8h8 g6h5 h8g8 e1e3 e7g5 h5g5 d7g7,506
r1b2bk1/p1qn1p1p/1p3np1/8/2B5/1P3N2/P2N1RPP/R2Q2K1 w - -,a1c1 f8c5 g1h1 c7f4 f2f1 c8b7 f3g1 f4h6 d2f3 a8f8,27
rn1qkb1r/ppp2ppp/5n2/3ppb2/1P6/P4N2/1BPPPPPP/RN1QKB1R w KQkq -,f3e5 b8d7 e5f3 f8d6 e2e3 e8h8 f1e2 a7a5 b4b5 c7c5,84
r3k1nr/ppp2ppp/8/3q4/3n4/4PP2/PP3P1P/R2QKB1R w KQkq -,f1b5 c7c6 d1d4 d5d4 b5c6 b7c6 e3d4 g8f6 e1a1 f6d5,-459
r4rk1/2p1qpp1/pbp1b2p/2NpP3/1P1P1Q2/P1P2N1P/6P1/R4RK1 w - -,c5e6 f7e6 f4g3 a6a5 f3h4 a5b4 a3b4 a8a1 f1a1 e7e8,216
5rr1/pp2n3/4kB2/3pP2p/8/2P5/P6P/R4R1K w - -,f1d1 e7f5 d1d3 f8c8 a1d1 c8c5 d1f1 c5c4 d3f3 f5h6,-74
7k/p1p2Qp1/2Pp1b2/1P2q2p/2P3nP/2N5/P4RP1/5K2 w - -,,0
8/r4p2/6p1/Pk4P1/5R2/4K3/5P2/8 w - -,e3d4 a7c7 f4e4 c7d7 d4e5 d7e7 e5f4 e7a7 e4e1 b5c6,388
5rk1/r1p1qpp1/pbp1b2p/2NpP3/1P1P1Q2/P1P2N1P/6PK/R4R2 w - -,c5e6 f7e6 f4g3 f8a8 f3h4 e7g5 g3g5 h6g5 h4f3 a6a5,388
2b1rr2/2q1npk1/p2p2pp/1pnPp3/4P3/R1PBN2P/1P1N1PP1/1Q2R1K1 w - -,b2b4 c5d3 b1d3 f7f5 c3c4 b5c4 e1c1 c7b8 d3c4 f8f7,142
r5k1/2R3pp/1rp2p1b/p2pp3/1B4P1/2PP1BPP/P6K/8 w - -,b4d6 b6b2 h2h1 b2d2 c7c6 d2d3 f3e2 d3g3 h3h4 h6d2,-400
r4rk1/ppq2ppp/3bpn2/8/2NP4/3Q1b1P/PP3PP1/R1B1R1K1 w - -,g2f3 f6d5 c4d6 c7d6 c1d2 f8d8 a1c1 d8d7 c1c4 d6a6,-157
7k/p1p2Qp1/2Pp1b2/1P2q2p/2P4P/8/P4nP1/3N1K2 w - -,,0
r4rk1/pQ3ppp/4p3/3n4/3q4/7P/PP3PP1/R1B1R1K1 w - -,b7b3 f8c8 b3f3 h7h6 a1b1 a8b8 f3g3 h6h5 b2b3 h5h4,-17
r1bq1rk1/ppp1np1p/6p1/1B1p4/3QP3/1P6/P1P2PPP/RN3RK1 w - -,f1d1 c8g4 d1d2 c7c6 b5f1 d5e4 d4e5 g4d7 b1c3 f8e8,22
rnb1k2r/pp2ppb1/7p/q1p1P1p1/2P2PnB/2N5/PP1Q2PP/R3KBNR w KQkq -,h2h3 g4e5 f4e5 g5h4 g1f3 b8c6 d2e3 c8e6 e1a1 c6d4,-88
r2q1rk1/1bpnb1pp/1p6/p3pp2/2P2B2/P1RBPN1P/1P3PP1/3QR1K1 w - -,f4g3 b7f3 g2f3 f5f4 g3h2 e7d6 d3e4 a8b8 e4c6 g8h8,-132
2r3k1/4bppp/p1p1p3/q2pPn2/N2P2Q1/1PR1B2P/P4PPK/8 w - -,g2g3 h7h6 g4d1 e7b4 c3d3 f5e3 d3e3 c8c7 d1c2 c6c5,-35
5rk1/r1p1q1p1/pbp1p2p/3pP3/1P1P1Q2/P1P2N1P/6PK/R4R2 w - -,f4g3 e7d7 f3h4 f8f1 a1f1 a7a8 h4g6 a8b8 g3d3 b8a8,407
2k1b1r1/pr4PR/2p1p3/q2p2Q1/2pPP3/2N2P2/PPP5/2KR4 w - -,g5f6 e8f7 h7h8 b7d7 e4d5 a5d8 f6d8 d7d8 d5e6 f7e6,544
r1b3k1/pp2n1pp/1qn1pr2/1N1p4/3P4/5N2/PP1QBPPP/R3K2R w KQ -,h2h4 e7g6 b5c3 c8d7 e1h1 a8f8 c3a4 b6c7 a4c5 g6f4,-53
r5k1/2R3pp/r1p2p1b/p1Bpp3/6P1/2PP1BPP/P6K/8 w - -,h2g2 a8e8 c3c4 d5c4 d3c4 e5e4 f3e2 h6d2 c5d6 a6b6,-229
r2q1rk1/2pnb1pp/1p1p4/p3Pp2/2P2B2/P1RBPb1P/1P3PP1/3QR1K1 w - -,d1c2 d6e5 g2f3 e5f4 d3f5 e7d6 e3f4 g8h8 c3d3 d7c5,-343
r2r2k1/3nbppp/p1q1p3/P2b4/1p3P2/1N1BB2P/1PP2QP1/2R2RK1 w - -,f4f5 e6e5 f1d1 c6b7 b3d2 e5e4 d3f1 e7f6 d2c4 d5c4,-24
r4k2/p1p1rpp1/1p1p3p/n2P4/4P3/3B1P1P/PP3P1K/2R2R2 w - -,b2b4 a5b7 d3a6 b7d8 h2g3 b6b5 a6b5 a7a6 b5d3 a6a5,157
6k1/r1p1qrp1/pbp1p2p/3pP3/1P1P4/P1P2NQP/6PK/R4R2 w - -,f3h4 e7d7 h4g6 a6a5 f1f7 d7f7 g3d3 f7e8 a1f1 a5b4,426
6k1/1p3pp1/4p2p/3b4/7P/1p4P1/1B3Q1q/4R1K1 w - -,f2h2 f7f6 g3g4 h6h5 h2b8 g8h7 b8c7 h7g6 g4h5 g6h6,9605
8/4rp2/P5p1/1k4P1/5R2/4K3/5P2/8 w - -,e3d4 b5a6 d4d5 a6b5 f4f6 e7a7 f6d6 b5b4 d5d4 b4b3,4
r3k1nr/ppp2ppp/2nq4/8/3pP3/2B2P2/PP3P1P/R2QKB1R w KQkq -,c3d4 d6d4 d1d4 c6d4 e1a1 e8a8 f1c4 g8e7 f3f4 c8b8,-460
r2q1rk1/2pnb1pp/1p6/p3pp2/2P2B2/P1RBPQ1P/1P3PP1/4R1K1 w - -,f4g3 e5e4 f3d1 e7f6 d3e2 f6c3 b2c3 a8c8 d1d5 g8h8,-248
rn2kb1r/ppp1qppp/3p1n2/4p3/2B1P3/3P1b1P/PPP2PP1/RNBQ1RK1 w kq -,d1f3 g7g6 a2a4 a7a5 c2c3 f8g7 c1e3 e8h8 b1d2 b8c6,74
r1bq1rk1/ppp1np1p/6p1/8/3Qp3/1P1B4/P1P2PPP/RN3RK1 w - -,d4e3 e4d3 f1d1 c8f5 b1c3 e7d5 c3d5 d8d5 a1c1 c7c6,-539
r2r2k1/3nbppp/p1q5/P2bpP2/1p6/1N1BB2P/1PP2QP1/2R2RK1 w - -,f1d1 d7f6 b3d2 h7h6 b2b3 a8c8 e3b6 f6d7 b6e3 e5e4,-33
r4rk1/bp1q2p1/2ppp1np/p7/3pPn2/2P3NP/PPB2PPK/R1BQR3 w - -,c3d4 c6c5 d4c5 a7c5 e1f1 d7b5 a1b1 c5a7 b2b4 a5b4,-42
r1b1k2r/2q2ppp/p3pn2/1p1p4/2nP4/P2N4/1PPN1PPP/R2QKB1R w KQkq -,d2b3 e8h8 f1e2 c4b2 d3b2 c7c3 d1d2 c3b2 e2d3 c8d7,-41
r1bq1rk1/1p3pbp/3p2p1/3n4/pP1NP3/P2QB2P/5PP1/2R2RK1 w - -,e4d5 c8d7 d3d2 f8e8 d4c6 d8f6 e3d4 f6h4 d4g7 g8g7,47
r1bq1k1r/pppp1ppp/3n4/4R3/2B5/2P5/P1PP1PPP/R1BQ2K1 w - -,c1a3 b7b5 c4d5 d8f6 d1h5 h7h6 e5f5 g7g6 f5f6 g6h5,959
r4rk1/5ppp/4p3/pQB5/8/qPn4P/P4PP1/R3R1K1 w - -,c5a3 c3b5 a3f8 g8f8 a1c1 b5d4 c1c4 a8d8 c4c5 g7g6,431
rnbqk1nr/ppp2pb1/7p/3p2P1/2BPPp2/8/PPP3P1/RNBQK1NR w KQkq -,c4d5 b8c6 b1c3 c6d4 c1f4 c7c6 e4e5 d4e6 d5e6 c8e6,72
2rb1rk1/pp1R1p2/2n3p1/4R1P1/8/1B2PN2/P3KP2/8 w - -,e5b5 b7b6 f3e5 c6e5 b5e5 c8c7 b3f7 g8g7 f7e8 c7d7,219
5rk1/2p5/R1p3pp/2PpP3/3P4/2P1p1P1/7P/6K1 w - -,a6a2 g6g5 a2e2 f8f3 g3g4 h6h5 g4h5 g5g4 g1g2 g8f8,225
r2q1r1k/2pnb1pp/1p6/p2Qpp2/2P2B2/P1RBP2P/1P3PP1/4R1K1 w - -,f4e5 c7c6 e5g7 h8g7 d5f3 d7e5 f3g3 e5g6 e1d1 g7h8,-221
3rr1k1/2pqb3/pn4p1/1p2p1BQ/4P3/1PP5/1P3PPP/R3R1K1 w - -,h5g6 g8h8 g6h5 h8g8 e1e3 e7g5 h5g5 d7g7 g5f5 g7f7,504
1r4k1/2R3pp/r1p2p1b/p1Bpp3/6P1/2PP2PP/P3B2K/8 w - -,c5a3 h6d2 g4g5 d2g5 h3h4 g5d2 e2g4 d2c3 h4h5 c3b4,-323
7r/1pk1qpp1/p3p2r/3pP2P/2n3Q1/2P2N2/P4PP1/2RR2K1 w - -,g4d4 h6h5 g2g4 h5h6 d1e1 h6g6 c1b1 c7b8 b1b4 h8c8,-216
6k1/1p3pp1/4p2p/3b4/7P/1p4P1/1B3Qq1/4R1K1 w - -,f2g2 d5g2 g1g2 b7b5 e1e3 b5b4 e3b3 e6e5 b3b4 f7f5,607
rn1qkb1r/p1p2ppp/1p2pnb1/3p4/2P1P3/1Q1P4/PP1NNPPP/R1B1KB1R w KQkq -,c4d5 e6d5 e4e5 f6g8 e2f4 b8c6 d3d4 a7a6 b3c3 d8d7,121
rn1qkb1r/p1p2ppp/1p1pp3/8/2PP4/P2bPN2/1P3PPP/R1BQK2R w KQkq -,d1d3 b8d7 e3e4 f8e7 c1f4 e8h8 a1d1 d8c8 e1h1 c8b7,42
4r2k/1q3p1p/p2nr3/2p1p2P/1p3p2/1Q6/PPP5/1KB1R1R1 w - -,b3h3 h7h6 h3g4 f7f5 g4h3 b7f7 a2a3 a6a5 h3b3 d6e4,-316
2R5/6kp/p2R2p1/1p2p3/q3n3/6N1/P5PP/5K2 w - -,b3h3 h7h6 h3g4 f7f5 g4h3 b7f7 a2a3 a6a5 h3b3 d6e4,Mate
3rr2k/2pqb3/pn4Q1/1p2p1B1/4P3/1PP5/1P3PPP/R3R1K1 w - -,g6h5 h8g8 e1e3 e7g5 h5g5 d7g7 g5f5 g7f7 e3g3 g8f8,524
r4rk1/5ppp/4p3/pQ1n4/8/qP2B2P/P4PP1/R3R1K1 w - -,e3c5 d5b4 c5f8 a8f8 b5c5 a3b2 c5e5 b2a3 e1e4 h7h6,363
r4k2/pnp1rpp1/1p1p3p/3P4/4P3/3B1P1P/PPR2P1K/5R2 w - -,d3b5 a7a5 b5c6 a8b8 c6b7 b8b7 h2g3 f7f5 f1e1 f8f7,41
r2r2k1/pp2qppp/1bp1bn2/4p3/2P5/2NBP3/PPQ2PPP/R1BR2K1 w - -,b2b3 e6g4 d3e2 d8d1 e2d1 g4d1 c3d1 a8d8 c1b2 e7d6,-22
2kq2rR/pr3bP1/2p1pQ2/3p4/2pPP3/2N2P2/PPP5/2KR4 w - -,e4e5 b7e7 c3a4 d8c7 a4c5 e7e8 f3f4 c7e7 h8h6 a7a5,604
r4rk1/ppp2ppp/2nq1n2/8/3pP3/1Q3P2/PP1B1P1P/R3KB1R w KQ -,a1c1 f8e8 f1e2 a8b8 b3a3 d6d7 e1h1 b8d8 d2f4 d4d3,-153
2r3k1/4bppp/p3p3/q1ppPn2/N2P2Q1/1PR4P/P2B1PPK/8 w - -,c3c5 a5d8 c5c8 d8c8 d2c3 c8b7 g4e2 h7h6 h2g1 e7b4,78
6k1/2R3pp/rrp2p1b/p1Bpp3/6P1/2PP1BPP/P6K/8 w - -,c3c4 b6b2 h2h1 b2b8 c4d5 c6d5 f3d5 g8h8 h1g2 h6d2,-82
r2qkb1r/p1pn1ppp/1p1pp3/8/2PP4/P2QPN2/1P3PPP/R1B1K2R w KQkq -,e3e4 f8e7 c1f4 d8c8 e1h1 a7a5 f1e1 e8h8 a1d1 f8d8,43
r1bq1rk1/4bppp/p1np1n2/1pp1p3/4P3/2PP1NNP/PPB2PP1/R1BQK2R w KQ -,e1h1 d8c7 a2a4 c8e6 f3g5 e6d7 f2f4 b5b4 f4e5 d6e5,22
r1bqk2r/ppppnppp/5n2/4p3/1bP1P3/2NP1N2/PP3PPP/R1BQKB1R w KQkq -,f3e5 e8h8 f1e2 c7c6 d1b3 b4a5 e1h1 d7d6 e5f3 f8e8,120
5rk1/4B2p/2qpP1p1/5p2/3Q1P2/2P5/1r4PP/4R1K1 w - -,d4f2 b2f2 g1f2 f8a8 e7d6 a8a2 e1e2 a2e2 f2e2 c6d6,Mate
1q2r1k1/r2n1pp1/Bp2p3/PQ1p3p/1P2P3/5PP1/7P/2RR2K1 w - -,e4d5 e6d5 a5b6 b8b6 b5b6 d7b6 a6b5 e8d8 f3f4 g7g6,4
r1bq1rk1/ppp2pbp/2n1p1p1/8/2pP4/2Q2NP1/PP2PPBP/R1BR2K1 w - -,c1f4 d8e7 c3c4 h7h6 h2h4 a7a5 a2a3 e6e5 d4e5 a5a4,113
r2r4/1b2k1pp/p3pp2/1p6/2p1PP1n/P1N4P/BPP1NbP1/1K1R1R2 w - -,d1d8 a8d8 f1f2 b7c6 g2g3 h4g6 b2b3 a6a5 b3c4 b5b4,376
5k2/1b1r2p1/5p1p/7Q/2P5/6PP/5P2/6K1 w - -,g3g4 b7e4 h5b5 d7e7 f2f4 e4g6 c4c5 g6e8 b5a6 e7e1,232
6k1/2R3pp/r1p2p1b/p1Bpp3/6P1/2PP1BPP/Pr5K/8 w - -,h2h1 a6a8 f3g2 b2d2 c3c4 d2d3 c7c6 d5c4 g2e4 a8b8,-364
r1bqk2r/5ppp/p1n1p3/1p1pn3/8/P4N1P/1PP1NPP1/R2QKB1R w KQkq -,e2g3 d8c7 c2c3 e5f3 d1f3 e8h8 g3h5 f7f5 h5f4 d5d4,-187
r4k2/1np1rpp1/1p1p3p/3P4/1p2P3/P2B1P1P/2R2P1K/5R2 w - -,a3b4 a8a3 d3b5 b7d8 f1c1 a3a7 h3h4 g7g5 h4g5 h6g5,20
7r/3p1k1p/p1rPp1p1/1p3p2/2P2P1P/1P1R4/P5PK/R7 w - -,d3c3 b5c4 c3c4 c6d6 a1c1 h7h6 c4c8 h8c8 c1c8 d6d4,-190
r2qk2r/3bbppp/p1n1pn2/1p1p4/2pP1B2/P1N1PN2/1PP1BPPP/R2QR1K1 w kq -,f3e5 e8h8 e2f3 d8b6 b2b3 d7e8 b3c4 d5c4 a1b1 a8c8,-13
2kr3R/pr3bP1/2p1p3/3p4/2pPP3/2N2P2/PPP5/2KR4 w - -,d1g1 f7g8 e4e5 b7f7 g1g3 f7f4 c3e2 f4f5 f3f4 a7a5,540
N6r/pp1k1p1p/2nbbq2/3p2n1/5B2/6P1/PPP1PP1P/R2QKB1R w KQ -,f4d6 d7d6 f1g2 g5h3 h1f1 f6b2 a1b1 b2a2 f2f4 e6g4,104
3rr1k1/2pqb3/pn6/1p2p1BQ/4P3/1PP5/1P3PPP/R3R1K1 w - -,h5g6 g8h8 g6h5 h8g8 e1e3 e7g5 h5g5 d7g7 g5f5 g7f7,513
1q2r1k1/r2n1pp1/Bp6/PQ1p3p/1P6/5PP1/7P/2RR2K1 w - -,d1e1 e8d8 c1c6 b8a8 c6d6 b6a5 b5a5 d8b8 b4b5 d5d4,1
3k4/2pp4/3p4/Q2p3q/3P4/3P4/3PP3/3K4 w - -,,0
2r2qk1/4bppp/p3p3/B1RpPn2/N2P2Q1/1P5P/P4PPK/8 w - -,c5c8 f8c8 a5c3 h7h6 g4e2 c8b7 h2g1 e7b4 e2d2 b4a3,90
r2q1rk1/1bpnb1pp/1p1p4/p3pp2/2PP4/P1RBPN1P/1P3PPB/3Q1RK1 w - -,d4e5 d6e5 f3e5 e7f6 e5d7 d8d7 c3c2 f8d8 c2d2 d7c6,50
5k2/1np1rpp1/1p1p3p/3P4/rP2P3/3B1P1P/2R2P1K/5R2 w - -,f1b1 a4a3 d3b5 b7d8 c2c1 f7f5 b1a1 a3a1 c1a1 e7e5,49
2kr2bR/pr4P1/2p1p3/3p4/2pPP3/2N2P2/PPP5/2K3R1 w - -,e4e5 b7f7 g1g3 f7f4 c3e2 f4f5 f3f4 f5f7 g3g5 c8c7,530
r6r/2qnn1bp/p2pkpp1/1P6/2p1P3/1QB1NN2/2PP1PPP/R5K1 w - -,e3c4 d7c5 f3d4 e6d7 b3b4 a6a5 a1a5 a8a5 c4a5 h8b8,-131
8/p6R/kp6/8/1P4K1/P7/2r5/8 w - -,g4f4 c2c3 b4b5 a6b5 h7a7 c3c4 f4e3 c4a4 a7b7 a4a3,-7
r2q2k1/p1pb1ppp/2n5/8/2QP4/B4N2/P4PPP/4R1K1 w - -,d4d5 c6a5 c4b4 c7c5 b4c5 a8c8 c5a7 a5c4 a3b4 d8c7,274
r4rk1/ppp1nppp/8/8/3P4/5P1B/PP3P1P/R3K2R w KQ -,e1a1 f8d8 h3g2 d8d6 h1e1 g8f8 f3f4 c7c6 e1e3 d6h6,-196
5k2/1np1rpp1/1p1p3p/3P4/1r2P3/3B1P1P/2R2P1K/2R5 w - -,c2c7 b7c5 c7c8 e7e8 c8e8 f8e8 d3f1 e8e7 c1a1 b4b2,-116
r2qkb1r/pp2np1p/4p1p1/3pPnB1/b1pP3N/2P5/PP3PPP/RN1Q1RK1 w kq -,g5e7 d8a5 b2b3 f5e7 b3a4 e7c8 f2f4 f8e7 d1e1 a5a4,-182
4n3/5pp1/pp3k2/3p3p/P7/1N1KPPP1/1P4P1/8 w - -,,0
3k4/2pp4/3p4/Q2p4/3P4/3P4/3PP3/4K2q w - -,e1f2 h1h4 f2f3 h4d4 a5c3 d4h4 e2e3 c7c6 f3e2 h4g4,-24
r2q1rk1/3bbppn/p1n1p2p/1p1pN3/1PpP1B2/P1N1PB2/2P2PPP/R2QR1K1 w - -,e3e4 c6e5 d4e5 d5d4 d1d4 a6a5 c3e2 h7g5 a1d1 d7c6,50
rn1qk2r/pp2bppb/2p1p2p/3pPn2/3P1B1P/5NP1/PPP2PB1/RN1Q1RK1 w kq -,b1c3 e8h8 h4h5 a7a5 c3e2 b8d7 c2c3 a5a4 a1c1 c6c5,-42
r1b1k2r/pp2ppb1/n5pp/2pNP3/2P3nB/8/PP1K1PPP/R4BNR w kq -,a1e1 e7e6 d5f6 g7f6 e5f6 g6g5 h4g3 g4f6 h2h4 g5g4,-48
8/8/r5p1/P2k1p1p/R4P1P/4K1P1/8/8 w - -,e3d3 d5c5 d3c3 c5b5 a4a1 b5c6 c3d4 c6d7 a1a4 d7c7,399
5k2/1b4p1/5p1p/7Q/2Pr2P1/7P/5P2/6K1 w - -,h5c5 f8f7 c5d4 b7c8 g1h2 f6f5 d4e5 c8d7 g4f5 d7e8,802
r2q1rk1/1bpn2pp/1p1ppb2/p4p2/2PP4/P1RBPN1P/1P3PPB/3Q1RK1 w - -,f1e1 g8h8 b2b4 d8e7 c3c1 a5b4 a3b4 e6e5 d4e5 d7e5,13
r3kb1r/pp1qnp1p/4p1p1/3pPnB1/Q1pP3N/2P5/PP3PPP/RN3RK1 w kq -,a4d1 f5h4 g5h4 f8g7 h4g5 e7f5 a2a4 h7h6 g5c1 g7f8,30
r7/4k1pp/p3ppn1/1pb5/2p1bP2/P5PP/BPP1N3/1K1N1R2 w - -,f1e1 a8d8 e2c3 e4f3 b2b3 d8b8 b3c4 b5c4 b1c1 c5a3,-275
Q7/2ppk3/3p4/3p4/3P4/3P4/2KPq3/8 w - -,,0
6k1/2R3pp/r1p2p1b/p1Bpp3/6P1/2PP1BPP/r7/6K1 w - -,f3g2 a6a8 c7c6 e5e4 d3e4 d5e4 g2e4 a8d8 e4f3 d8d2,-325
2kr2bR/p5P1/2p1p3/3pP3/1rpP4/2N2P2/PPP5/2K3R1 w - -,f3f4 c8d7 a2a3 b4b8 c3a4 d7e7 a4c5 b8b6 b2b3 d8b8,561
Q7/2ppk3/3p4/3p3q/3P4/3P4/3PP3/3K4 w - -,,0
r2q1rk1/3bbppn/p1n1p2p/1p2N3/1PpPpB2/P1N2B2/2P2PPP/R2QR1K1 w - -,c3e4 c6e5 d4e5 a8c8 e4d6 e7d6 e5d6 d7c6 a3a4 b5a4,81
2q3k1/4bppp/p3p3/B2pPn2/N2P2Q1/1P5P/P4PPK/8 w - -,g4d1 c8c6 a5c3 c6b5 g2g3 e7a3 h2g2 f5e7 d1d2 e7c6,88
5k2/2R1rpp1/1p1p3p/2nP4/1r2P3/3B1P1P/5P1K/2R5 w - -,c7c8 e7e8 c8e8 f8e8 d3f1 e8e7 c1a1 b4b2 h2g3 f7f5,-114
6Q1/3pk3/2pp4/3p3q/3P4/3P4/3PP3/3K4 w - -,,0
rn1qk2r/ppp3pp/5n2/3ppb2/8/PBbP4/1PP2PPP/R1BQK1NR w KQkq -,d1d2 c3d2 c1d2 b8c6 g1f3 e8h8 h2h3 d8d6 e1a1 a8e8,-706
3rr1k1/2p1b3/pn2q3/1p2p1BQ/4P3/1PP5/1P3PPP/3RR1K1 w - -,g5e7 d8a8 e7d8 e8d8 d1d8 a8d8 h5g5 g8f7 g5d8 e6e7,578
N6r/pp3p1p/2nkbq2/3p2n1/8/6P1/PPP1PP1P/R2QKB1R w KQ -,c2c4 f6b2 f1g2 b2b4 e1f1 b4c4 a1c1 c4g4 d1c2 h8a8,103
1q2r1k1/r4pp1/Bp3n2/PQ1R3p/1P6/5PP1/7P/2R3K1 w - -,,0
8/1p3p1k/p4npp/3p4/3N4/P3PPP1/1P4P1/5K2 w - -,f1e2 f6g8 e2d3 g8e7 d4c2 h6h5 a3a4 e7c6 e3e4 d5e4,110
r1b2rk1/pp1n2pp/2np4/4pp2/8/2P2N2/PP3PPP/R1BBR1K1 w - -,d1b3 g8h8 e1d1 d7c5 d1d6 c5b3 a2b3 e5e4 f3d4 c6d4,43
rn1qk2r/pb1p1ppp/1p2pn2/2p5/2PP4/P4NP1/1P1bPPBP/RN1QK2R w KQkq -,f3d2 b7g2 h1g1 g2c6 g3g4 g7g6 g4g5 f6h5 e2e4 c5d4,-491
8/pp2nk2/2p4p/4RB1K/r1P2PPP/8/8/8 w - -,h5h6 e7g8 h6g5 f7g7 h4h5 a4c4 e5e6 g7f7 h5h6 g8h6,611
2kr2bR/p5P1/4p3/2ppP3/1rpP1P2/2N5/PPP5/2K3R1 w - -,d4c5 c8c7 c3e2 d8b8 b2b3 c4b3 a2b3 a7a5 c1d2 a5a4,573
2R5/5kpp/r1p2p1b/p1Bpp3/6P1/2PP1BPP/r7/6K1 w - -,c8c7 f7g6 h3h4 h6d2 g1f1 a6a8 c3c4 a2c2 f3d1 c2c3,-224
3r2k1/2p1b3/pn2q3/1p2p1BQ/4P3/1PP5/1P3PPP/4R1K1 w - -,g5e7 d8d7 h5g5 g8f7 e7c5 d7d3 g5h5 f7g7 c5e3 b6d7,509
8/8/r5p1/k4p1p/1R3P1P/2K3P1/8/8 w - -,b4b3 a6d6 c3c4 a5a6 c4c5 d6e6 c5d5 e6e1 d5d6 e1e4,509
r1b2r1k/pp1n2pp/2np4/4pp2/8/1BP2N2/PP3PPP/R1B1R1K1 w - -,e1d1 d7c5 d1d6 c5b3 a2b3 e5e4 f3d4 c6d4 c3d4 h8g8,44
3q4/p4ppk/1p3n1p/P2pQ3/1P6/3P2PP/5PBK/8 w - -,a5a6 d8c8 b4b5 c8c5 e5b2 h7g8 h2g1 d5d4 g2c6 g7g5,38
3k4/3p2Q1/2pp4/3p3q/3P4/3P4/3PP3/3K4 w - -,,0
3r2k1/2p1q3/pn6/1p2p2Q/4P3/1PP5/1P3PPP/4R1K1 w - -,e1e3 e7f6 e3g3 g8f8 h2h4 a6a5 g3f3 b6d7 g1h2 a5a4,586
2kr2bR/p5P1/4p3/2P1P3/1rpp1P2/2N5/PPP5/2K3R1 w - -,a2a3 b4b8 c3e4 c8d7 e4d6 d7c6 d6c4 c6c5 c4d6 a7a5,570
5R2/6pp/r1p1kp1b/p1Bpp3/6P1/2PP1BPP/r7/6K1 w - -,g1f1 h6g5 f8d8 a2c2 c3c4 e6f7 d8d7 f7g6 h3h4 a6a8,-221
r6r/2qnn1bp/p3kpp1/1Ppp4/2Q1P3/2B1NN2/2PP1PPP/R5K1 w - -,e4d5 e6d6 c4f4 d7e5 c3e5 f6e5 e3c4 d6d7 f4f7 h8b8,711
N6r/pp3p1p/2nkbq2/6n1/2Pp4/6P1/PP2PP1P/R2QKB1R w KQ -,d1b3 h8a8 b3b7 g5f3 e2f3 f6e5 e1d1 a8b8 b7a6 d4d3,92
3r2k1/2p5/pn3q2/1p2p2Q/4P3/1PP1R3/1P3PPP/6K1 w - -,e3g3 g8f8 h2h4 d8d6 g3f3 f6f3 h5f3 f8e7 f3h5 b6d7,614
r2qk2r/bb1pnppp/p1n1p3/1p1N4/4P3/PN3B2/1PP2PPP/R1BQR1K1 w kq -,c1f4 a8c8 a3a4 b5a4 d5e7 c6e7 a1a4 e8h8 b3a5 b7a8,57
1rkr2bR/p5P1/4p3/2P1P3/2pp1P2/P1N5/1PP5/2K3R1 w - -,c3e4 c8b7 e4d6 b7c6 d6c4 c6c5 c4d6 a7a5 d6e4 c5d5,584
r2qk2r/pp1nbp2/2p1p1bp/3pPn2/3P1B2/5NP1/PPPN1PB1/R2Q1RK1 w kq -,d2b3 d8b6 a2a4 a7a5 f1e1 g6h5 d1d3 h5g6 g2h3 c6c5,7
8/4kpp1/1p1p3p/2nP4/4P3/5P1P/1r3P1K/2R2B2 w - -,h2g2 e7f6 c1e1 f6e5 e1e3 b6b5 f3f4 e5d4 e4e5 d6e5,-233
8/2kp4/2pp1Q2/3p3q/3P4/3P4/3PP3/3K4 w - -,,0
r4b1r/pp1knp1p/4p1p1/3pPnB1/2pP3N/2P5/PP3PPP/RN3RK1 w - -,,0
r1bqkb1r/pp1p1ppp/2p5/1B6/1n2P3/2Q5/PPP2PPP/RNB1K2R w KQkq -,a2a3 d8a5 e1h1 a5b5 a3b4 b5b4 c3g3 h7h5 h2h4 b4d6,44
r1bqr1k1/ppp2pbp/2n1p1p1/3p4/2PP4/2Q2NP1/PP2PPBP/R1BR2K1 w - -,c1g5 c6e7 h2h4 f7f6 g5f4 c7c6 c3d3 e7f5 e2e4 d5e4,75
q3r1k1/r4pp1/Bp3n2/PQ5p/1P6/5PP1/3R3P/2R3K1 w - -,g1g2 a7a6 c1c6 a6a7 c6b6 a8c8 b6c6 a7d7 c6c2 d7d2,-248
1r1r2bR/p2k2P1/4p3/2P1P3/2ppNP2/P7/1PP5/2K3R1 w - -,e4d6 d7c6 d6c4 c6c5 c4d6 a7a5 d6e4 c5d5 e4f6 d5c4,596
r6r/2qnn1bp/p2k1pp1/1PpP4/2Q5/2B1NN2/2PP1PPP/R5K1 w - -,c4f4 d7e5 c3e5 f6e5 e3c4 d6d7 f4f7 h8b8 d5d6 c7d8,764
3q1rk1/rp3ppn/8/2p1P3/3pB1Pp/P2P3P/2P4Q/R1R4K w - -,e4h7 g8h7 c1f1 h7g8 h2f4 b7b5 g4g5 b5b4 a3a4 f8e8,-62
8/4kpp1/3p3p/1pnP4/4P3/5PKP/1r3P2/2R2B2 w - -,h3h4 b5b4 c1c4 b4b3 c4b4 b2c2 e4e5 d6e5 b4b6 c2d2,-243
r1b1k2r/ppp2ppp/2nb1n2/4p3/8/2P2N2/PP3PPP/RNBBR1K1 w kq -,d1a4 f6d7 b1d2 f7f6 f3d4 d7c5 a4c2 c8d7 d4b5 e8a8,-64
7r/1pk1qpQ1/p3p3/3pP2r/2n5/2P2N2/P4PP1/2RR2K1 w - -,g2g3 h8h7 g7f6 e7f6 e5f6 h7h6 g1g2 h6f6 d1d3 h5f5,-246
r2qkb1r/p1p2ppp/1pn1pnb1/3p4/2P1PN2/1Q1P4/PP1N1PPP/R1B1KB1R w KQkq -,c4d5 e6d5 d3d4 a7a6 e4e5 f6g8 b3c3 d8d7 a2a3 c6d8,119
8/8/3r2p1/k4p1p/5P1P/1RK3P1/8/8 w - -,c3c4 d6d1 c4c5 a5a4 b3e3 d1d8 e3e6 a4b3 e6g6 b3c3,523
r1bqkb1r/pp3ppp/2p5/3p4/1n2P3/2Q5/PPP1BPPP/RNB1K2R w KQkq -,c1d2 d5d4 c3b3 c8e6 e2c4 e6c4 b3c4 a7a5 d2b4 f8b4,-53
r1bq1rk1/4bpp1/p1np1n1p/1pp1p3/4P2N/2PP2NP/PPB2PP1/R1BQK2R w KQ -,h4f5 f8e8 e1h1 e7f8 f2f4 c8f5 f4e5 c6e5 f1f5 g7g6,60
4r1k1/8/pr1np1qp/1p4pN/1PpP1p2/P4Q2/2P2PPP/3RR1K1 w - -,f3g4 g8h7 g2g3 d6f5 g3f4 e8f8 f4g5 g6g5 g4g5 h6g5,90
3kq1Q1/3p4/2pp4/3p4/3P4/3P4/3PP3/3K4 w - -,,0
r1bq1rk1/ppp2pp1/2np3p/2bN4/2BpP3/2P2N2/PP3PPP/R2QK2R w KQ -,c3d4 c5b6 d5b6 a7b6 d4d5 c6e7 e1h1 e7g6 f3d4 c8d7,11
r1bqk2r/ppppn1bp/2n3p1/1B2pp2/3PP3/1P3N2/PBP2PPP/RN1QK2R w KQkq -,b1d2 c6d4 f3d4 e5d4 e4e5 a7a6 b5d3 g7e5 e1h1 e5f6,-69
r2qk2r/p2nbppp/1p1p4/2pPp3/2P1PB2/P2Q1N2/1P3PPP/R3K2R w KQkq -,f4d2 e8h8 a3a4 d7f6 e1h1 d8d7 h2h3 h7h6 a1a3 a8b8,86
3r4/8/6p1/k4p1p/2K2P1P/1R4P1/8/8 w - -,c4c5 d8c8 c5d5 c8e8 b3c3 e8e1 c3c6 e1d1 d5e5 d1e1,542
r2qkb1r/p1p2ppp/1pn2nb1/3p4/4PN2/1Q1P4/PP1N1PPP/R1B1KB1R w KQkq -,d3d4 a7a6 e4e5 f6g8 b3c3 d8d7 a2a3 c6d8 d2f3 d8e6,114
r1bq1rk1/pp2bppp/2np1n2/2p1p3/4P3/1P1P2PP/PBP1NP2/RN1QKB1R w KQ -,e2c3 c8e6 f1g2 d6d5 e4d5 f6d5 e1h1 d5c3 b2c3 e6d5,-60
r1b2rk1/ppqn1ppp/2pbpn2/3p4/2P5/1P1P1NP1/PB2PPBP/RN1Q1RK1 w - -,b1c3 f8d8 d3d4 d5c4 b3c4 e6e5 d1c2 e5d4 f3d4 d6e5,46
4k3/3p4/2pp4/3p4/3P4/3P4/3PP3/3K4 w - -,,0
3k4/3p4/2pp4/3p4/3P4/3P4/2KPP3/8 w - -,,0
r4r2/pp2pk2/1b1p2p1/1Q1R4/4P1q1/1P2B1Pp/P2Nn2P/2R4K w - -,c1e1 b6e3 b5e2 g4e2 e1e2 e3d2 d5d2 f7e6 d2d1 a8c8,-342
8/5pp1/3p1k1p/1pnP4/4P3/5PKP/1r3P2/R4B2 w - -,a1a8 b5b4 a8e8 b4b3 e4e5 d6e5 e8b8 b2d2 b8b6 f6e7,-265
r1bq1rk1/ppp2pp1/1bnp3p/3N4/2BPP3/5N2/PP3PPP/R2QK2R w KQ -,d5b6 a7b6 d4d5 c6e7 e1h1 c8d7 f1e1 e7g6 c4f1 d8f6,23
4r3/7k/pr1np1qp/1p4pN/1PpP1pQ1/P7/2P2PPP/3RR1K1 w - -,g2g3 b6b7 g3f4 b7f7 f4g5 h6g5 e1e2 d6f5 d4d5 e6e5,76
1rr5/p3k3/2pnbqBp/8/2P2N2/1P5P/P3QP2/1K4R1 w - -,,0
8/2kp4/2pp4/3p4/3P4/2KP4/3PP3/8 w - -,,0
r3kb1r/p1pq1ppp/1pn2nb1/3p4/Q3PN2/3P4/PP1N1PPP/R1B1KB1R w KQkq -,g2g3 c6b4 a4d7 f6d7 e1d1 d5e4 d3e4 e8a8 a2a3 b4c6,-11
4r3/8/6p1/k2K1p1p/5P1P/1R4P1/8/8 w - -,b3c3 e8d8 d5e5 a5b5 e5f6 d8d6 f6f7 b5b6 c3e3 b6c5,569
r2q1rk1/1p1bnpb1/p1npp2p/2p3N1/P1B1p2Q/2NP4/1PP3PP/R1B2RK1 w - -,g5h3 d6d5 h4h5 f7f5 c1h6 d8e8 h5g5 e8g6 h6g7 g6g5,-246
r1bqkb1r/pp3ppp/n1p5/8/3pP3/P7/1PPQBPPP/RNB1K2R w KQkq -,f2f3 a6c5 b2b4 c5e6 f3f4 g7g5 f4f5 e6f4 e1h1 f8g7,-26
5R2/6pp/r1p1k2b/p1BpppP1/8/2PP1BPP/r7/6K1 w - -,g5h6 g7g6 f8e8 e6f6 h3h4 a2a1 g1g2 a1a2 g2h3 a2d2,226
8/8/3K2p1/k4p1p/5P1P/1R4P1/4r3/8 w - -,d6c5 e2c2 c5d6 c2e2 d6d7 e2e1 b3c3 a5b4 c3c6 g6g5,536
r1b2rk1/p1qn1ppp/1ppbpn2/3p4/2P5/1P1P1NP1/PB1NPPBP/R2Q1RK1 w - -,c4d5 c6d5 e2e4 c8b7 a1c1 c7b8 d1e2 e6e5 f3h4 f8e8,72
r1bq1rk1/1pp2pp1/1pnp3p/8/2BPP3/5N2/PP3PPP/R2QK2R w KQ -,d4d5 c6e7 e1h1 e7g6 f3d4 c8d7 d4e6 d7e6 d5e6 f7e6,17
1r1r2bR/p5P1/4kN2/2P1Pp2/2pp4/P7/1PP5/2K3R1 w - -,c5c6 b8a8 c6c7 d8c8 f6g8 c8g8 h8g8 a8g8 c7c8r g8c8,594
3rr1k1/1bqn1pb1/p5pp/1p5n/2ppP3/P1P1Q2P/1PBN1PPB/R3R1K1 w - -,h2c7 d4e3 e1e3 d8c8 c7h2 d7c5 a3a4 e8d8 d2f3 b5a4,-419
r1bq1rk1/pp3ppp/3p1nn1/2pP4/2P1PB2/2PB4/P3N1PP/R2Q1RK1 w - -,f4g5 c8g4 h2h3 g4e2 d1e2 f8e8 f1f2 e8e5 h3h4 g6f8,79
q3r1k1/r4pp1/Bp3n2/PQ3R1p/1P6/5PP1/7P/2R3K1 w - -,c1c4 a8d8 c4c1 b6a5 f5c5 a5b4 c5c8 d8d4 g1g2 a7a8,-133
r1bqk2r/ppp1ppbp/1n4p1/3P4/2n1P3/2N1BN1P/PP3PP1/R2QKB1R w KQkq -,f1c4 b6c4 d1a4 c7c6 a4c4 e8h8 e1h1 c6d5 e4d5 e7e5,482
8/ppk2p2/5P2/3K2P1/3P4/6r1/8/7R w - -,,0
8/1pk1qpQr/p3p3/3pP2r/2n5/2P2N2/P4PP1/2RR1K2 w - -,g7g4 h5h1 f1e2 e7a3 g4d4 h1d1 c1d1 a3a2 f3d2 c7b8,-253
5R2/7p/r1p1k2p/p1Bppp2/8/2PP1BPP/r7/6K1 w - -,g3g4 a2a1 g1f2 a1a2 f2e1 a2a1 e1d2 a1a2 d2d1 f5f4,297
rn1qkbnr/pp3ppp/2p5/8/2pPNBb1/8/PP2PPPP/R2QKBNR w KQkq -,a2a3 f8e7 h2h3 g4e6 g1f3 f7f5 e4g3 g8f6 d1c2 g7g6,50
r2q1rk1/1p1b1pb1/p1npp2p/2p2n2/P1B1N2Q/2NP4/1PP3PP/R1B2RK1 w - -,h4e1 d6d5 c4d5 e6d5 c3d5 c6b4 d5b4 c5b4 g1h1 f8e8,-294
r1q1r1k1/pp2ppbp/2np1np1/5b2/2PP4/P1N3P1/1P2NPBP/R1BQR1K1 w - -,b2b3 a8b8 d4d5 c6e5 e1f1 a7a6 a3a4 e5d3 c1e3 d3b4,21
8/p7/p4k2/4pp2/P1Pp3P/1P1K4/8/8 w - -,c4c5 f6e6 c5c6 e6d6 h4h5 d6c6 h5h6 c6d5 h6h7 e5e4,778
r1bq1rk1/4bppp/p1np4/1pp1p3/4n2N/2PP2NP/PPB2PP1/R1BQK2R w KQ -,d3e4 e7h4 g3f1 f7f5 e4f5 d6d5 g2g3 h4f6 f1e3 c6e7,-95
rn3rk1/pp2bppp/1qpp1n2/8/3pP3/3B1P2/PPPBNP1P/R2QR1K1 w - -,,0
8/2K5/6p1/k4p1p/5P1P/1R4P1/3r4/8 w - -,b3b6 d2d3 b6g6 a5b4 g6g5 b4c3 g5h5 d3g3 h5f5 c3d4,518
2k1r1r1/ppp2pP1/1b3B2/1P1q3Q/2p1b1P1/2Pp1N2/P2N1P1P/R5K1 w - -,d2e4 d5e4 g1g2 e8e6 g4g5 e4e2 a1f1 d3d2 h5f7 e2f1,-171
r1bqk2r/pp2ppbp/1np3p1/n2P4/4P3/2N1BN1P/PP3PP1/R2QKB1R w KQkq -,e3d4 g7f6 d4f6 e7f6 b2b4 a5c4 f1c4 b6c4 d1d4 c4b6,167
r3kbnr/1p1b1ppp/pq2p3/4n3/B2P4/2N5/PP3PPP/R1BQK2R w KQkq -,,0
r4rk1/pbqn1ppp/1ppbpn2/3p4/2P5/1P1P1NP1/PB1NPPBP/2RQ1RK1 w - -,c4d5 f6d5 d2c4 d6e7 e2e4 d5f6 f3d4 c6c5 d4b5 c7c6,67
3q2k1/p4pp1/Pp3n1p/3pQ3/1P6/3P2PP/5PBK/8 w - -,h2h1 b6b5 e5d4 d8e7 h1g1 e7c7 g2f3 c7c1 g1g2 c1c7,82
8/2K5/1R4p1/k4p1p/5P1P/3r2P1/8/8 w - -,b6g6 a5b4 g6g5 b4c3 g5h5 d3g3 h5f5 c3d4 h4h5 g3h3,518
rnb1kb1r/pppp2pp/5p2/8/4q3/5N2/PPPP1PPP/RNB1KB1R w KQkq -,e1d1 e8d8 d2d4 d7d5 b1c3 e4e6 f1e2 e6f7 h2h4 c8g4,-556
r1b1r1k1/ppp2pbp/2nqp1p1/3p2B1/2PP4/2Q2NP1/PP2PPBP/R2R2K1 w - -,a1c1 d6f8 f3e5 c6b4 c3b3 f7f6 g5d2 a7a5 e5f3 f8f7,104
r2qrnk1/p3b1pp/bp2p3/1N1pPp2/3P1B2/3BPR2/PP4PP/R2Q2K1 w - -,d1a4 a6c8 b5d6 c8d7 a4b3 e7d6 e5d6 f8g6 f4g3 a8c8,136
8/2K5/6R1/5p1p/1k3P1P/3r2P1/8/8 w - -,g6g5 b4c3 g5h5 d3g3 h5f5 c3d4 h4h5 g3h3 c7d7 d4e4,518
r2q1rk1/1bpn3p/1p1ppbp1/p4p2/2PP4/P1RBPN1P/1P3PPB/3QR1K1 w - -,e3e4 f6g7 h2f4 e6e5 f4g5 g7f6 g5f6 d7f6 c4c5 f6e4,60
5R2/7p/r1p1k2p/p1Bpp3/5pP1/2PP1B1P/r7/6K1 w - -,g4g5 a2a1 g1f2 a1a2 f2e1 h6h5 f3h5 a2g2 h5g4 g2g4,378
r2qkb1r/ppp2ppp/5n2/3pBb2/1nPP4/1Q3N2/PP2PPPP/RN2KB1R w KQkq -,b1a3 d5c4 b3c4 c7c6 e5f6 d8f6 e2e3 f5e6 c4c1 b4a2,-34
r3r1k1/p1pqbppp/2p5/2np1b2/8/1B1P1Q2/PPPB1PPP/RN2R1K1 w - -,b1c3 f5g6 c3d5 c6d5 b3d5 a8b8 d5c6 d7d8 c6e8 d8e8,-5
r3k2r/p1pq1ppp/1pnb1nb1/3p4/4PN2/3P4/PP1N1PPP/R1BQKB1R w KQkq -,e4d5 d7e7 d1e2 c6d4 e2e7 d6e7 e1d1 f6g4 d2e4 g6e4,-128
8/ppN5/1kp5/2n3R1/2p1P1p1/6P1/r6r/1K1R4 w - -,e4d5 d7e7 d1e2 c6d4 e2e7 d6e7 e1d1 f6g4 d2e4 g6e4,Mate
2r2rk1/pbqn1ppp/1ppbpn2/3p4/2P5/1P1P1NP1/PBQNPPBP/2R2RK1 w - -,f1e1 f8e8 e2e4 d5e4 d3e4 f6g4 b2c3 e6e5 c1d1 a7a5,16
6Q1/1pk2p1r/p3p3/3pP2r/2n5/q1P2N2/P4PP1/2RR1K2 w - -,g8e8 h5h1 f1e2 h1d1 c1d1 a3c3 e8e7 c7b6 g2g3 c3b2,-340
r1bqk2r/pp3pbp/n1p3p1/8/1P1pP3/P7/1BPQBPPP/RN2K2R w KQkq -,c2c3 d8h4 d2c2 d4c3 b2c3 g7c3 c2c3 e8h8 e1h1 a6c7,39
r7/pp3p1p/2nkbq2/6n1/2Pp4/1Q4P1/PP2PP1P/R3KB1R w KQ -,b3b7 g5f3 e2f3 f6e5 e1d1 a8b8 b7a6 d4d3 a6a3 d6c7,64
4r3/8/pr2p2p/1p3nk1/1PpP1N2/P7/2P2P1P/3RR1K1 w - -,f4g2 b6d6 e1e4 a6a5 c2c3 g5f6 g2f4 e8a8 e4e5 a5b4,132
r1bqr1k1/ppp1npbp/4p1p1/3p2B1/2PP4/2Q2NP1/PP2PPBP/R2R2K1 w - -,c3c2 b7b6 a1c1 h7h6 g5f4 g6g5 f4d2 c8a6 c4d5 e6d5,72
r1b1kbnr/1p1p1ppp/p7/qNp5/4PP2/2N5/PPP2P1P/R2QKB1R w KQkq -,b5d6 f8d6 d1d6 g8f6 e1a1 e8d8 h1g1 f6e8 d6d5 h8f8,412
r1q1r1k1/pp2pp2/2np1bpp/5b2/2PP4/P1N3P1/1P2NPBP/R2QR1K1 w - -,b2b4 f6g7 a1c1 f5g4 d1d3 g4f5 d3d2 c8d7 c3d5 e7e5,29
5R2/3k3p/r1p4p/p1Bpp1P1/5p2/2PP1B1P/r7/6K1 w - -,g5h6 a2a1 g1f2 a1a2 f2e1 d5d4 f3g4 d7c7 f8f7 c7b8,516
2r2rk1/pbqn1ppp/1p1bpn2/2pp4/2P5/1P1P1NP1/PBQNPPBP/2RR2K1 w - -,f3h4 d5d4 d1f1 f8d8 g2b7 c7b7 c1e1 d6e7 e2e4 d4e3,-30
6r1/p4kP1/2P5/4Pp2/2pp4/P7/1PP5/2K3R1 w - -,c6c7 a7a6 c1d2 f7e7 d2e2 e7d7 e2f3 d7c7 f3f4 c7d7,589
r3kbnr/1p3ppp/pq2p3/4P3/b7/2N5/PP3PPP/R1BQK2R w KQkq -,d1a4 b6c6 a4c6 b7c6 c1e3 a8b8 a1c1 b8b2 e1h1 f8b4,64
r1bqnrk1/ppp1n1bp/3p2p1/3Ppp2/2P1P1P1/2NBBN1P/PP3P2/R2QK2R w KQ -,e4f5 g6f5 d3c2 c7c6 h1g1 e5e4 f3g5 h7h6 g5e6 c8e6,66
6k1/1p3p1p/p1pr2p1/q7/Pb1QP3/2N4P/1PP2PP1/4R1K1 w - -,d4a7 b4c3 b2c3 a5c3 e1b1 d6d7 a7b8 g8g7 b1b7 d7b7,-3
3q2k1/p4pp1/P4n1p/1p1pQ3/1P1P4/6PP/5PBK/8 w - -,h2g1 g7g5 g2f3 g8g7 g1g2 g7g8 e5f5 g8g7 f5c2 d8d6,30
8/5pp1/3p1k1p/1RnP4/2B1P3/1p3PKP/5P2/1r6 w - -,c4e2 b1b2 e2d1 f6e5 b5b6 b2b1 d1e2 e5d4 g3g2 b1e1,-389
r2qk2r/pp1nbp1b/2p1p3/3pPnp1/3P4/2P2NP1/PP1B1PB1/RN1Q1RK1 w kq -,b1a3 d8b6 a3c2 e8a8 f3g5 h7g6 g5f3 d8g8 b2b4 b6d8,-40
rnb2rk1/pp1p1pbp/1q1Ppnp1/2p5/P3PB2/2N5/1PP2PPP/R2QKBNR w KQ -,g1e2 b8c6 d1d2 c6a5 e2g3 b6b2 a1b1 b2a3 f4e5 b7b6,-14
r1bqk2r/pp2pp1p/1np3p1/n2P4/3bP3/2N2N1P/PP3PP1/R2QKB1R w KQkq -,d1c2 d4g7 b2b4 a5c4 f1c4 b6c4 a1d1 d8c7 e1h1 e8h8,-375
3rr1k1/1bBn1pb1/p5pp/1p5n/2p1P3/P1P1p2P/1PBN1PP1/R3R1K1 w - -,e1e3 d8c8 c7h2 d7c5 a3a4 e8d8 d2f1 c5e6 a4b5 a6b5,-419
r1bqk2r/ppppn1bp/2n3p1/1B2N3/3Pp3/1P6/PBP2PPP/RN1QK2R w KQkq -,e1h1 e8h8 b5c6 e7c6 f2f3 e4f3 e5f3 d7d6 b1c3 c8g4,-63
r1bqk2r/pp3pbp/n1p3p1/8/1P2P3/P1p5/1B1QBPPP/RN2K2R w KQkq -,d2c2 c3b2 a1a2 a6c7 e1h1 c8e6 a2b2 d8f6 b2b3 e6b3,-592
r2q1rk1/2pn2pp/1p1ppb2/p4p2/2PPb3/P1RBPN1P/1P3PPB/3QR1K1 w - -,d3e4 f5e4 f3d2 f6h4 d2e4 d8e8 d1g4 h4d8 c3c2 a5a4,171
r1bqnrk1/ppp1n1bp/3p4/3Ppp2/2P3P1/2NBBN1P/PP3P2/R2QK2R w KQ -,d3c2 e5e4 f3h4 f5f4 e3d4 e7d5 c3d5 d8h4 c2e4 c7c6,65
r1bq1rk1/pp2pp1p/1np3p1/n2P4/3QP3/2N2N1P/PP3PP1/R3KB1R w KQ -,b2b4 c6d5 b4a5 d5e4 d4e4 c8f5 e4d4 d8d4 f3d4 f8c8,328
2rr2k1/pbqn1ppp/1p1bpn2/2pp4/2P5/1P1PPNP1/PBQN1PBP/2RR2K1 w - -,h2h3 c7b8 d2f1 d8e8 c2e2 c8d8 h3h4 a7a5 f3d2 h7h5,-10
r1bqrbk1/2p2ppp/pnn5/1p2p3/8/1BPP1NN1/PP3PPP/R1BQR1K1 w - -,f3g5 c8e6 d1h5 h7h6 b3e6 f7e6 g3e4 f8c5 h5f7 g8h8,479
r2q1rk1/pp1n1pp1/4pb1p/8/2PP4/5bP1/PB1Q1PBP/2R1R1K1 w - -,d2c2 f3g2 g1g2 a8c8 b2a3 f8e8 c2e4 d7b6 e4b7 b6c4,-443
r1b1k1nr/1pp1nppp/p2b4/3p4/3P3q/N1PB2N1/PP3PPP/R1BQK2R w KQkq -,d1d2 h7h6 a3c2 g8f6 e1h1 f6e4 d3e4 d5e4 b2b3 e8h8,-39
rn2kb1r/pp3ppb/1q2p2p/2ppPn2/3P1B1P/1P3NP1/P1P2PB1/RN1Q1RK1 w kq -,c2c4 b6a5 c4d5 e6d5 b3b4 c5b4 g3g4 f5e7 b1d2 e7c6,96
8/pk6/4rp2/6r1/2N5/2PR4/P4P1P/5K2 w - -,c4e3 e6a6 d3d7 b7c8 d7h7 a6a2 h2h4 g5e5 h4h5 a7a5,-155
r1bqnrk1/ppp3bp/3p4/3Ppn2/2P5/2NBBN1P/PP3P2/R2QK2R w KQ -,e3g5 d8d7 d1e2 a7a6 h1g1 b7b5 e1a1 g8h8 d3c2 b5c4,60
1r6/pQ3p1p/2nkbq2/6n1/2Pp4/6P1/PP2PP1P/R3KB1R w KQ -,b7a6 g5e4 f2f4 d4d3 a6a3 d6c7 a3d3 f6b2 d3e4 b2a1,-270
r3k2r/p1pq1ppp/1pn2nb1/3p4/4Pb2/3P1N2/PP3PPP/R1BQKB1R w KQkq -,c1f4 e8h8 f1e2 d7g4 f4g3 d5e4 f3d4 g4d7 d4c6 d7c6,-104
6k1/1p3p1p/p1p3p1/3qP3/P1Q5/2P4P/2Pr1PP1/4R1K1 w - -,c4g4 d2c2 g4c8 g8g7 c8b7 d5c5 e1e3 c5c4 b7b4 c4b4,13
r2q1rk1/2pn2pp/1p1ppb2/p7/2PPp3/P1R1PN1P/1P3PPB/3QR1K1 w - -,c4c5 e4f3 c5d6 c7d6 h2d6 f6e7 d1b3 f8f6 d6e7 d8e7,-239
r3kbnr/1p3ppp/p3p3/q3P3/N7/8/PP3PPP/R1BQK2R w KQkq -,a4c3 a5e5 c1e3 f8c5 d1a4 e8f8 e1h1 c5e3 f2e3 g8f6,-86
r2q1rk1/pp1n1pp1/4p2p/6b1/2PP4/5BP1/PB1Q1P1P/2R1R1K1 w - -,e1e3 g5e3 d2e3 f8e8 e3c3 a8b8 d4d5 d7f6 d5e6 e8e6,-100
4r3/8/3rpk1p/pp3n2/1PpPR3/P1P5/5PNP/3R2K1 w - -,g2f4 e8a8 g1g2 a5b4 a3b4 a8a3 d1c1 f5e7 e4e3 f6f7,144
r1bqrbk1/2p2ppp/p1n5/1p1np3/8/1BPP1N2/PP3PPP/R1BQRNK1 w - -,f3g5 c8e6 d1f3 d8d7 f1e3 d5e3 f3h5 d7d3 g5e6 f7e6,142
r2q1rk1/1p1bn1bp/p1nppp2/2p2pB1/P1B1P3/2NP1N2/1PP3PP/R3QRK1 w - -,g5h4 g8h8 g1h1 f5e4 d3e4 e7g6 h4g3 d8e7 a1d1 g6e5,-105
r1bq1rk1/ppp3bp/3p1n2/3PpnB1/2P5/2NB1N1P/PP3P2/R2QK2R w KQ -,d1c2 d8d7 e1a1 f6h5 g5d2 g8h8 d1g1 d7e7 c2d1 h5f4,110
r1b1kb1r/ppp1pppp/2n5/3p4/1q1Pn2B/2N1PN2/PPP2PPP/R2QKB1R w KQkq -,a2a3 b4a5 d1d3 a7a6 f3g5 e4c3 d3c3 a5c3 b2c3 f7f6,-10
1r6/pQ3p1p/2n1bq2/2Pk2n1/3p4/6P1/PP2PP1P/R3KB1R w KQ -,b7c7 f6e5 c7e5 c6e5 f2f4 b8b2 f4e5 d5e5 f1g2 d4d3,127
r2q1rk1/2pn2pp/1p2pb2/p2p4/2PPp3/P1R1P2P/1P1N1PPB/3QR1K1 w - -,d1g4 d8e8 c4d5 e6d5 c3c7 a8d8 h2d6 f8f7 e1c1 b6b5,291
r4rk1/pp1nbppp/1qpp1n2/8/3pP3/3B1P2/PPPBNP1P/1R1QR1K1 w - -,a2a4 a7a5 f3f4 d7c5 e2g3 c5d3 c2d3 f8e8 g1h1 c6c5,-59
r1bqrbk1/2p2ppp/p1n2n2/1p1pp3/4P3/1BPP1N2/PP3PPP/R1BQRNK1 w - -,e4d5 c6a5 c1g5 a5b3 a2b3 d8d5 g5f6 g7f6 f1e3 d5c6,135
2rr2k1/p1qn1ppp/1p1bpn2/2pb4/8/1P1PPNP1/PBQN1PBP/2RR2K1 w - -,e3e4 d5b7 d2c4 d6e7 c2e2 b6b5 c4e3 c7b8 b2a1 h7h6,20
6r1/p1P2kP1/8/4P3/2pp1p2/P7/1PP5/2K3R1 w - -,c1d2 f7e6 c7c8q g8c8 g7g8q c8g8 g1g8 e6d5 d2e2 d5e5,676
rnb1kb1r/ppp1qppp/5n2/8/4p3/1Q1PB3/PP3PPP/RN2KBNR w KQkq -,d3e4 e7e4 b1c3 f8b4 e1a1 b4c3 b3c3 e8h8 e3g5 b8c6,-73
r1bqk2r/pp2ppbp/1np3p1/n2P4/4PB2/2N2N1P/PP3PP1/R2QKB1R w KQkq -,a1c1 c6d5 c3d5 e8h8 f4c7 d8d7 c7b6 a7b6 c1c7 d7d8,72
r7/8/3rpk1p/1p3n2/1PpPRN2/2P5/5P1P/3R2K1 w - -,g1g2 a8a3 d1c1 a3b3 f4h5 f6e7 h5g3 d6d5 e4f4 f5d6,153
r3k2r/p1pq1ppp/1pn2nb1/3pb3/4P3/3P4/PP3PPP/R1BQKB1R w KQkq -,f1e2 d5e4 d3e4 d7d1 e2d1 e8a8 d1a4 c6d4 c1e3 g6e4,-699
8/5p2/3p1k1p/1RnP2p1/2B1P3/4KP1P/1p3P2/1r6 w - -,c4e2 f6e5 e3d2 c5a4 e2d3 b1a1 b5b3 h6h5 d3c2 a1a2,-265
r2q1rk1/1p1bn1bp/p2ppp2/2p1np2/P1B1PB2/2NP1N2/1PP3PP/R3QRK1 w - -,f4g3 a8c8 a4a5 g8h8 b2b3 d8c7 g3e5 d6e5 c3a4 c8e8,-84
6k1/1p3p1p/p1p3p1/3rP3/P7/2P4P/2P2PP1/4R1K1 w - -,,0
r1bqr1k1/p1p1npbp/1p2p1p1/3p2B1/2PP4/5NP1/PPQ1PPBP/R2R2K1 w - -,h2h4 c8b7 c4d5 e6d5 a1c1 c7c6 d1e1 d8d7 g5f4 f7f6,73
3qr3/1b1r4/p2pkb2/1p2p3/8/P2QB3/1PP3PP/4R2K w - -,e1e2 e8g8 h1g1 d7f7 g2g3 d8c7 g1f1 f6d8 f1e1 b7d5,-793
r3k2r/pp1qnpbp/6p1/3pPpB1/2pP4/2P5/PP3PPP/RN1Q1RK1 w kq -,g5e7 d7e7 b1a3 e8a8 d1a4 a7a6 b2b3 g7f8 a3c2 e7d7,97
r3kb1r/pp1n1ppp/1qp2n2/3p2B1/3P2b1/2NB1N2/PPP2PPP/R2Q1RK1 w kq -,f1e1 f8e7 h2h3 g4e6 c3e2 e7d6 e2f4 d6f4 g5f4 e8h8,117
r2q1rk1/2pn2pp/1p3b2/p2p4/3Pp3/P1R1P2P/1P1N1PPB/3QR1K1 w - -,d1b3 d7c5 d4c5 a5a4 b3b4 f6c3 b4c3 d8f6 c3f6 f8f6,272
r4rk1/p1pq1ppp/1pn2nb1/3pb3/4P3/3P1P2/PP4PP/R1BQKB1R w KQ -,f1e2 a8d8 e1h1 d5e4 d3e4 d7e7 d1e1 c6b4 e1h4 b4c2,-706
r3kbnr/1p3ppp/p3p3/4q3/N7/8/PP1B1PPP/R2QK2R w KQkq -,d1e2 e5d4 a4c3 g8f6 e1h1 f8d6 f1e1 d4g4 e2g4 f6g4,-94
6k1/5p1p/p1p3p1/1p1rP3/P7/2P4P/2P2PP1/1R4K1 w - -,,0
r4rk1/p1pq1ppp/1p3nb1/3pb3/3nP3/3P1P2/PP1Q2PP/R1B1KB1R w KQ -,f1e2 c7c5 d2d1 d5e4 d3e4 d7c7 g2g3 f8e8 c1e3 a8d8,-779
8/5p2/3p1k1p/1RnP2p1/4P3/4KP1P/Bp3P2/4r3 w - -,e3d2 e1f1 b5b4 f1f2 d2e3 f2h2 b4b6 f6e5 b6b8 h2c2,-396
r2q1rk1/1p1bn1bp/p2pp3/2p1pp2/P1B1PB2/2NP4/1PP3PP/R3QRK1 w - -,f4g3 f5f4 g3h4 g7f6 h4f6 f8f6 c3e2 e7c6 c2c3 g8h8,-187
r4rk1/pp1qnpbp/6p1/3pPpB1/2pP4/2P5/PP3PPP/RN1QR1K1 w - -,g5e7 d7e7 b1a3 b7b5 a3c2 a7a5 a2a3 f8d8 h2h3 g7f8,86
5k2/R7/8/4K1P1/8/8/8/5r2 w - -,,0
2rr2k1/p1qnbppp/1p2pn2/2pb4/2N5/1P1PPNP1/PBQ2PBP/2RR2K1 w - -,c2e2 d5b7 e3e4 b6b5 c4e3 c7b8 c1c2 h7h6 b2c3 e7d6,22
6k1/5p1p/2p3p1/1p1rP3/8/2P4P/2P2PP1/1R4K1 w - -,,0
r1b1kbnr/pp3ppp/1q1p2n1/1Np5/4P3/2N3P1/PPPB1P1P/R2QKB1R w KQkq -,c3d5 b6c6 b5c7 e8d8 c7a8 c5c4 f1g2 h7h5 d2a5 b7b6,554
3qr1k1/5n2/pr2pb1p/1p3pp1/1PpP1B2/P3Q1N1/2P2PPP/3RR1K1 w - -,f4g5 f6g5 e3f3 b6d6 c2c3 d8d7 a3a4 b5a4 d4d5 g5f6,-288
8/p7/p7/2Pkpp2/P2p4/1P1K3P/8/8 w - -,b3b4 e5e4 d3e2 f5f4 c5c6 d5c6 h3h4 d4d3 e2d2 c6d5,-701
r2qr1k1/p1p2ppp/4bn2/3p4/1b6/3B1PN1/PPP3PP/R1BQ1RK1 w - -,c2c3 b4d6 c1e3 c7c5 d1d2 h7h6 g1h1 a7a5 b2b3 e6d7,-39
3q1rk1/6pn/pr2p2p/1p3pb1/1PpP1B2/P1N2Q2/2P2PPP/3RR1K1 w - -,d4d5 g5f4 f3f4 f8e8 a3a4 b5a4 d5e6 d8c8 e6e7 h7f6,126
5R2/3k3p/r1p4P/2Bpp3/p4p2/2PP1B1P/r7/6K1 w - -,f3g4 d7c7 f8f7 c7b8 f7h7 a6a5 c5d6 b8a8 h7h8 a8a7,746
r2q1rk1/ppn1ppbp/2p1b1p1/2p1P3/8/2NP1N1P/PPP2PP1/R1BQR1K1 w - -,c1e3 b7b6 d1d2 e6d5 c3d5 d8d5 e3h6 a8d8 h6g7 g8g7,39
6k1/5p1p/2p3p1/1pr1P3/5P2/2P4P/2P3P1/1R4K1 w - -,,0
8/1K6/8/8/3r4/4k3/2P3R1/8 w - -,b7c6 d4b4 c6c5 b4b2 g2h2 e3f4 h2h4 f4g5 h4c4 b2b8,567
r2qr1k1/p1p2ppp/3bbn2/3p4/8/2PB1PN1/PP4PP/R1BQ1RK1 w - -,c1e3 c7c5 d1d2 h7h6 g1h1 a7a5 b2b3 d8b8 a1b1 e6d7,-36
6r1/p4k2/8/4P3/2pp1p2/P7/1PP5/2K3R1 w - -,e5e6 f7f8 e6e7 f8e7 g1g8 e7e6 g8f8 e6e5 c1d2 f4f3,660
5rk1/p3ppbp/6p1/5b2/8/1B2B3/PrP2PPP/R4RK1 w - -,,0
r3k3/ppp2b1p/8/4n3/2p2P2/2N1Q3/Pq4PP/R5K1 w - -,a1e1 b2b6 e3b6 a7b6 e1e5 e8d7 a2a4 a8a5 e5a5 b6a5,-150
1qrr2k1/p2nbppp/1p2pn2/2pb4/2N5/1P1PPNP1/PB2QPBP/2RR2K1 w - -,e3e4 d5a8 h2h4 h7h6 c1c2 a7a6 d1c1 a8b7 g2h3 b6b5,25
r3kb1r/ppp1qppp/2np1n2/4p3/2B1P3/3P1P1P/PPP2P2/RNBQ1RK1 w kq -,b1c3 e8a8 g1g2 c8b8 f3f4 e7d7 a1b1 h8g8 b2b4 e5f4,-36
6k1/5p1p/2p5/1pr1P1p1/5P2/1RP4P/2P3P1/6K1 w - -,,0
r3r1k1/p1pq1pp1/1p4bp/3pb3/3nPn2/3P1P2/PP1B2PP/1R1KQB1R w - -,b2b3 d5e4 d3e4 a8d8 h2h4 g8h8 b1b2 f7f5 h4h5 g6h7,-951
8/5p2/3p1k1p/1RnP2p1/4P3/5P1P/Bp1K1P2/5r2 w - -,b5b4 f1f2 d2e3 f2h2 b4b6 f6e5 b6b8 h2c2 b8e8 e5f6,-432
5kr1/p7/4P3/8/2pp1p2/P7/1PP5/2K3R1 w - -,e6e7 f8e7 g1g8 c4c3 g8g4 e7d6 b2c3 d6e5 c1d2 d4c3,676
8/5R1p/r1p1k2P/2Bpp3/p4p2/2PP1B1P/r7/6K1 w - -,f7g7 a2a1 g1f2 a1a2 f2e1 a2g2 g7g2 a6a5 c5a3 a5a7,577
rn1q1rk1/ppp1bppp/3pbn2/4p2N/8/1P2P3/PBPP1PPP/RN1QKB1R w KQ -,b1c3 d6d5 h5f6 e7f6 f1e2 b8d7 e1h1 c7c6 e2g4 e6g4,-87
1qrr2k1/p2nbppp/1p2pn2/2p5/2b1P3/1P1P1NP1/PB2QPBP/2RR2K1 w - -,e4e5 c4a6 e5f6 e7f6 b2f6 d7f6 f3e5 a6b7 g2b7 b8b7,-181
6Q1/1pk2p1r/p3p3/3pP2r/2n5/2P2NP1/Pq3P2/2RR1K2 w - -,g8h7 h5h7 f3h4 c7c6 f1g1 b2e2 d1e1 e2g4 c1d1 h7h8,-582
rnb1kb1r/ppp2ppp/8/8/1q2n3/1QN1B3/PP3PPP/R3KBNR w KQkq -,b3c2 c8f5 f1d3 e4c3 d3f5 c3e4 e1d1 e4d6 f5d3 b8c6,-59
2r3k1/p3ppbp/6p1/5b2/8/1B2B3/PrP2PPP/2R2RK1 w - -,,0
6r1/p3Pk2/8/8/2pp1p2/P7/1PP5/2K3R1 w - -,g1g8 f7e7 g8g4 e7d6 g4f4 d6c5 c1d2 c5d5 f4f7 a7a6,682
2r3k1/B3ppbp/6p1/8/8/1B6/Prb2PPP/2R2RK1 w - -,,0
1r1qr1k1/p1p2ppp/4bn2/2bp4/8/2PB1PN1/PP4PP/R1BQ1R1K w - -,b2b4 c5f8 c1e3 a7a5 a2a3 f6d7 f3f4 d5d4 e3d4 c7c5,9
r2q1rk1/1p1bn1bp/p2pp3/2p1p1B1/P1B1Pp2/2NP4/1PP3PP/R3QRK1 w - -,g1h1 g7f6 g5f6 f8f6 c3e2 g8h8 b2b4 d8c7 b4c5 c7c5,-153
r2q1k1r/1bpp2pp/p2n1p2/4R3/2B5/B1P2Q2/P1PP1PPP/R5K1 w - -,f3b7 g7g5 e5e3 f8g7 a3d6 h8e8 d6c7 d8c8 b7d5 e8e6,1432
r1bqkbnr/pp3ppp/3p2n1/1NpN4/4P3/6P1/PPPB1P1P/R2QKB1R w KQkq -,b5c7 d8c7 d5c7 e8d8 c7a8 g8f6 f1g2 c8g4 f2f3 g4d7,778
r1bqk2r/1pppn1bp/p5p1/1B2P3/4p3/1P6/PBPN1PPP/R2QK2R w KQkq -,b5a4 b7b5 d2e4 e8h8 e4f6 g8h8 h2h4 d7d6 d1f3 d6e5,-120
6k1/5p1p/2p5/1p2r1P1/8/1RP4P/2P3P1/6K1 w - -,,0
r1bqk2r/ppp2ppp/2nb1n2/3pp3/8/1PPPP3/P2NNPPP/R1BQKB1R w KQkq -,c1b2 a7a5 c3c4 e8h8 c4d5 f6d5 a2a3 d6c5 d1c1 c5a7,-75
8/5p2/3p1k1p/3P2p1/n3P3/5P1P/BR2KP2/r7 w - -,b2b8 a1a2 e2f1 a4c5 b8d8 f6e7 d8h8 c5d3 f1g2 a2f2,-511
8/8/1K6/8/r7/4k3/2P3R1/8 w - -,b6b5 a4a2 b5b4 e3f3 g2h2 f3g4 b4b3 a2a7 c2c4 a7b7,593
4rk2/1p3ppp/2p5/p2p4/1KnP1B2/2P5/P1R2PPP/8 w - -,b4c5 e8e1 c2b2 c4b2 c5b6 f8e8 b6b7 e8d7 a2a4 b2c4,-653
1qrr1nk1/p3bppp/1p2pn2/2p5/2P1P3/1P3NP1/PB2QPBP/2RR2K1 w - -,f3d2 f6d7 e4e5 b8c7 h2h4 d7b8 d1e1 b8c6 g2c6 c7c6,113
2r3k1/ppr2ppb/1qn1p2p/3pPn1N/3P3P/1PR1BNP1/Pb3PB1/3Q1RK1 w - -,c3d3 f5e3 d3e3 c6d4 f3h2 d4f5 e3e2 b2c3 g2h3 g8h8,-326
6k1/4ppbp/6p1/8/8/1Br1B3/Prb2PPP/2R2RK1 w - -,,0
r2q1rk1/ppn1ppbp/2p3p1/2pbP3/P7/2NP1N1P/1PP2PP1/R1BQR1K1 w - -,f3h4 f7f6 c3d5 d8d5 d1g4 f6e5 e1e4 c7e6 c1e3 e6d4,28
r1b1k2r/pp2qppp/2n5/2p1p3/3pP1n1/3P2P1/PPP1NPBP/RN1Q1RK1 w kq -,h2h3 g4f6 f2f4 b7b6 b1d2 f6d7 d2f3 c8a6 f1f2 e8h8,-40
6R1/p3k3/8/8/2pp1p2/P7/1PP5/2K5 w - -,g8g4 f4f3 g4d4 f3f2 d4f4 f2f1q f4f1 e7d6 f1f5 d6e6,818
r1b2r1k/6p1/p6p/6q1/2B1p3/4N2P/PP1Q1Pn1/R3R2K w - -,e1d1 g2f4 d1g1 g5h4 g1g2 f4g2 e3g2 h4h3 h1g1 c8e6,-529
1r6/pQ3p1p/2n1bq2/2Pk4/3p4/5nP1/PP2PPBP/R3K2R w KQ -,e2f3 b8b7 f3f4 d5c5 b2b3 c5d6 e1h1 b7b6 a1c1 c6b4,-539
6k1/4ppbp/2r3p1/8/8/1B6/PrbB1PPP/2R2RK1 w - -,,0
r2q2k1/1p1bnrbp/p2pp3/2p1p1B1/P1B1Pp1Q/2NP4/1PP3PP/R4RK1 w - -,h4h5 g7f6 g5h6 e7g6 g2g3 f6g7 h6g5 d8b6 a1b1 b6c7,-105
r2r2k1/1pp1qpp1/p1n2n1p/4p3/3PP3/P4NP1/1PQN1PP1/R2R2K1 w - -,d4d5 c6d4 f3d4 e5d4 a1c1 a8c8 c2c5 e7c5 c1c5 d8e8,58
8/p3k3/8/8/2pp2R1/P4p2/1PP5/2K5 w - -,g4d4 f3f2 d4f4 e7d6 f4f2 d6c6 f2f4 c6c7 f4c4 c7b6,892
4rk2/5ppp/p7/2q5/1P3R2/6P1/P5KP/8 w - -,,0
1r6/pQ3p1p/2n1b3/2Pk4/3p4/5qP1/PP2PP1P/R3K2R w KQ -,e2f3 b8b7 b2b3 c6e5 e1a1 e5f3 c5c6 b7c7 c1b2 c7c6,-279
r1bqk2r/1pppn1bp/6p1/1p2P3/4N3/1P6/PBP2PPP/R2QK2R w KQkq -,h2h4 d7d5 e4f6 g7f6 e5f6 e7c6 f6f7 e8f7 d1f3 f7g8,-212
2r3k1/ppr2ppb/1q2p2p/2RpPn1N/3n3P/1P2BNP1/Pb3PB1/3Q1RK1 w - -,e3d4 f5d4 f3d4 b6c5 d1g4 c5f8 d4b5 b2e5 b5c7 c8c7,-389
8/p3k3/8/8/2pR4/P7/1PP2p2/2K5 w - -,d4f4 e7d6 f4f2 d6e7 c1d2 e7e8 f2f6 e8e7 f6a6 c4c3,3345
r2r2k1/1pp1qpp1/p4n1p/3Pp3/3nP3/P4NP1/1PQN1PP1/R2R2K1 w - -,f3d4 e5d4 a1c1 a8c8 c2c5 e7c5 c1c5 d8e8 f2f3 f6d7,76
r2qkb1r/pb1p1p1p/1pn1pnp1/2p5/3P4/PP2PN2/1BPN1PPP/R2QKB1R w KQkq -,d4c5 b6c5 f1e2 f8e7 e1h1 a8b8 c2c4 e8h8 d1c2 d7d6,20
r4rk1/1p1nbppp/1qpp1n2/p7/P2pP3/3B1P2/1PPBNP1P/1R1QR1K1 w - -,d2g5 d7e5 e2g3 f6d5 g5d2 e5d3 c2d3 d5b4 d2b4 b6b4,-73
1qrr1nk1/p3bppp/1p3n2/2p1p3/2P1P3/1P4P1/PB1NQPBP/2RR2K1 w - -,g2h3 c8c6 d2f3 d8d1 c1d1 e7d6 f3h4 b8e8 h4f5 d6b8,109
r3r1k1/p1p2pp1/1p4bp/1q1pb3/3nPn2/3P1P2/PP1B2PP/2RKQB1R w - -,b2b3 a8d8 e1e3 b5a6 a2a4 f4e6 h2h4 e5f4 e3f4 e6f4,-882
4r2k/1q3p1p/p2nr3/4p2P/1pp2p2/3Q4/PPP5/1KB1R1R1 w - -,d3d1 d6f5 b2b3 c4b3 a2b3 b7c6 e1e2 e6d6 e2d2 d6d2,-305
8/p3k3/8/8/2p2R2/P7/1PP5/2K2q2 w - -,f4f1 e7d6 c1d2 d6e7 f1f4 e7e6 f4c4 e6e5 c4a4 e5d5,Mate
8/8/1K6/8/8/4k3/r1P4R/8 w - -,b6c5 e3f4 h2h4 f4g5 h4c4 a2a8 c5b6 a8b8 b6c7 b8b2,594
r1b3k1/pp4bp/2n3p1/2pN3n/8/3Pp3/PPP2PPP/R3R1K1 w - -,f2e3 c8d7 c2c3 a8f8 a2a4 h5f6 d5f6 g7f6 e1f1 g8g7,-510
r1b2r1k/3Q2p1/p6p/4q3/2B1pn2/4N2P/PP3PP1/R3R1K1 w - -,e3g4 e5c5 d7d2 c8g4 e1e4 c5f5 d2e3 f4h3 g2h3 g4f3,-435
r2q4/1p1bnkbp/p2p4/2p1p1B1/P3Pp1Q/3P4/1PP3PP/R4RK1 w - -,a4a5 d8e8 h4h7 e8h8 h7h8 a8h8 g2g3 d7h3 f1f2 f7e6,-196
5k2/5ppp/p7/2P5/5R2/6P1/P3r1KP/8 w - -,,0
r1bq1rk1/ppp1npp1/3p1n1p/3Pp3/2P4B/P1Q1P3/1P3PPP/R3KBNR w KQ -,h4f6 g7f6 f1d3 b7b5 c4b5 e7d5 c3d2 d5e7 g1e2 a7a6,113
r1bq1k1r/3p2pp/3p1p2/p3R3/2B5/2P2Q2/P1PP1PPP/R5K1 w - -,f1d3 e7g6 h4f6 d8f6 g1e2 c8f5 e1h1 f5d3 c3d3 a8e8,Mate
r1bq1rk1/ppp2pbp/4pnp1/3p4/1nPP4/5NP1/PPQ1PPBP/RNBR2K1 w - -,c2c3 a7a5 c1g5 h7h6 g5f6 g7f6 a2a3 b4c6 c3c2 f6g7,34
r7/7R/2p1k2P/2Bpp3/p4p2/2PP1B1P/r7/6K1 w - -,h7g7 a2a1 g1f2 a1a2 f2f1 a2a1 f1e2 a1g1 g7g1 e5e4,836
8/7p/2k3p1/4R3/3K1P1P/r5P1/8/8 w - -,e5e3 a3a7 d4e4 c6d6 e4f3 a7a5 e3e8 a5h5 f3g2 d6d7,26
1qrr2k1/p3bppp/1p3nn1/2p1p3/2P1P3/1P4P1/PB2QPBP/1NRR2K1 w - -,b1c3 d8d1 c1d1 c8e8 c3d5 g6f8 g2h3 h7h6 h3f5 e7d8,127
r4r1k/1b4p1/p6p/4q3/2B1pn2/4N2P/PP1Q1PP1/R3R1K1 w - -,d2d7 b7c8 d7c6 c8h3 c4f1 a8c8 c6a4 h3e6 a1d1 e5g5,-92
rn1qk2r/pppbppbp/5np1/3P4/2Q5/5N2/PP2PPPP/RNB1KB1R w KQkq -,b1c3 c7c6 e2e4 e8h8 f1e2 b7b5 c4b3 c6d5 e4d5 d8a5,-66
r3r1k1/p1p2pp1/1p4bp/3qb3/3n1n2/3P1P2/PP1B2PP/2RKQB1R w - -,b2b3 g8h8 d2e3 d4f5 e3d2 f4d3 f1d3 d5d3 e1e2 d3d7,-959
8/r6p/2k3p1/8/3K1P1P/4R1P1/8/8 w - -,e3e5 a7a3 e5e3 a3a7 d4e4 c6d6 e4f3 a7a5 e3e8 a5h5,15
rnq1k2r/pppbppbp/5np1/3P4/8/1Q3N2/PP2PPPP/RNB1KB1R w KQkq -,b1c3 e8h8 e2e4 c7c6 c1f4 c6d5 c3d5 f6d5 e4d5 c8c5,-20
r1bqk2r/1ppp3p/5Pp1/1p3n2/8/1P6/PBP2PPP/R2QK2R w KQkq -,f6f7 e8e7 g2g4 h8f8 g4f5 d7d6 f5g6 h7g6 d1d5 c8e6,139
1qr3k1/p3bppp/1p3nn1/2p1p3/2P1P3/1PN3P1/PB2QPBP/2Rr2K1 w - -,e2e1 d1e1 c1e1 c8d8 c3d5 f6d5 c4d5 b6b5 g2f1 g6h4,-633
r1b2k1r/3pq1pp/3p1p2/p2QR3/2B5/2P5/P1PP1PPP/R5K1 w - -,e2e1 d1e1 c1e1 c8d8 c3d5 f6d5 c4d5 b6b5 g2f1 g6h4,Mate
r4rk1/1bq3p1/p6p/4P3/4pn2/7P/PP1QBPP1/R2NR1K1 w - -,d2d6 c7d6 e5d6 a8d8 e2c4 g8h7 d1c3 d8d6 e1e3 d6d4,143
r3r1k1/p1p2pp1/6bp/1p1qb3/2Rn1n2/3P1P2/PP1B2PP/3KQB1R w - -,e1e4 g6e4 f3e4 d5d7 c4c5 d7g4 d1c1 e5d6 c5c3 g8h8,-1260
2r3k1/ppr2ppb/1q2p2p/2RpPn1N/3b3P/1P2B1P1/P4PB1/3Q1RK1 w - -,h5f6 g7f6 e3d4 c7c5 e5f6 b6b4 d4c5 b4c5 g3g4 f5h4,-434
r1bq1bnr/ppNk1ppp/3p2n1/2pN4/4P3/6P1/PPPB1P1P/R2QKB1R w KQ -,h5f6 g7f6 e3d4 c7c5 e5f6 b6b4 d4c5 b4c5 g3g4 f5h4,Mate
r2qk1nr/pp3pbp/2n1p1p1/3pP3/3P4/5B1P/PP3PP1/RNBQK2R w KQkq -,b1c3 d8b6 c3e2 g8e7 g2g4 b6b4 c1d2 b4b2 d2e3 e8h8,-59
8/8/4kp2/1p4p1/2b4p/5P2/5KPP/3R4 w - -,f2e3 e6e5 d1d8 c4f1 d8d2 f1c4 d2f2 c4d5 f3f4 g5f4,40
r2qk3/ppp4p/4b3/8/2pn2p1/2P3P1/PP3P1P/RN1Q2K1 w - -,b1d2 d4f3 d2f3 d8d1 a1d1 g4f3 d1d4 c7c5 d4e4 e8e7,-475
r1bq1rk1/4bppn/p1np3p/1pp1p3/4P2N/2PP1QNP/PPB2PP1/R1B1K2R w KQ -,h4f5 e7g5 e1h1 a8b8 f3e2 c6e7 f5e7 d8e7 f2f4 e5f4,9
r1bqk2r/ppppn1bp/6p1/1B2n3/3Pp3/1P6/PBPN1PPP/R2QK2R w KQkq -,f2f3 e5f3 g2f3 c7c6 f3e4 c6b5 d1f3 d7d5 e1a1 c8e6,-378
r2r4/1b2k1pp/p3ppn1/1p6/2p1PP2/P1N4P/BPP1NbP1/1K1R3R w - -,g2g3 d8d1 h1d1 a8c8 h3h4 g6f8 f4f5 e6f5 d1f1 f2e3,-134
1q1r2k1/p3bppp/1p3nn1/2p1p3/2P1P3/1PN3P1/PB2QPBP/3R2K1 w - -,c3d5 d8e8 e2f3 g6f8 f3f5 f6d5 c4d5 e7d6 g2f1 b6b5,142
8/8/5p2/1p2k1p1/2b4p/4KP2/6PP/3R4 w - -,d1d7 c4f1 d7d2 f1c4 d2f2 c4d5 f2f1 e5f5 e3d4 d5b3,50
8/8/8/r1K5/8/4k3/2P4R/8 w - -,c5b4 a5a2 b4b3 a2a1 h2h4 a1b1 b3a4 b1a1 a4b5 a1b1,612
8/4r2p/2k3p1/4K3/5P1P/4R1P1/8/8 w - -,e5d4 e7a7 d4e4 c6d6 e4f3 a7a5 e3e8 a5h5 f3g2 d6d7,9
r2q1rk1/3bbppp/p2ppn2/1p3PB1/3nP3/PBN5/1PP3PP/R2Q1RK1 w - -,f5e6 d4b3 e6f7 f8f7 c2b3 d8b6 g1h1 a8f8 h2h3 d7e6,-440
8/3R4/5p2/1p2k1p1/7p/4KP2/6PP/5b2 w - -,d7d2 f1c4 d2f2 c4d5 f2f1 e5f5 e3d4 d5c4 f1e1 f5f4,58
rnbqk2r/pp3ppp/4pn2/3p4/3P1b2/2P2N2/PP1Q1PPP/RN2KB1R w KQkq -,d2f4 d8b6 b2b4 c8d7 a2a4 e8h8 a4a5 b6d8 f1d3 b8c6,23
3r2k1/pp1q1pb1/4b1pp/1P1N4/P1Pp4/6P1/3Q1PBP/4R1K1 w - -,h2h4 b7b6 a4a5 d7d6 a5b6 a7b6 d2d3 h6h5 g2e4 e6g4,21
2r3k1/4ppbp/6p1/5b2/8/1B2B3/Pr3PPP/2R2RK1 w - -,c1c8 f5c8 f1d1 g7c3 d1c1 b2e2 b3c4 e2e1 c1e1 c3e1,47
r2qkb1r/1b1p1pp1/p1n1pn2/1pp4p/4PP2/2NP2PN/PPP3BP/R1BQ1RK1 w kq -,h3f2 d8b6 e4e5 f6g8 f1e1 g8e7 c3e4 e7f5 c2c3 f8e7,22
r1b4r/3pk1pp/3p1p2/p2Q4/2B5/2P5/P1PP1PPP/R5K1 w - -,h3g5 d8b6 c3e2 f8e7 h2h3 d7d5 e4e5 f6h7 g5h7 h8h7,Mate
r1bq1rk1/4bpp1/p1np3p/1pp1p3/4n2N/2PP1QNP/PPB2PP1/R1B1K2R w KQ -,d3e4 e7h4 g3f5 c8f5 f3f5 g7g6 f5g4 g8g7 g2g3 h4g5,-82
2r3k1/pp3ppb/1q2p2p/2rpPn1N/3N3P/1P2B1P1/Pb3PB1/3Q1RK1 w - -,g2h3 f5d4 e3h6 h7g6 h6g7 c5c2 h5f4 g6e4 h3g2 g8g7,-417
8/r6p/3k2p1/8/4KP1P/4R1P1/8/8 w - -,e4f3 a7a5 f3g4 a5h5 e3e8 h5f5 g4h3 h7h5 e8e2 f5b5,9
2b3k1/4ppbp/6p1/8/8/1B2B3/Pr3PPP/5RK1 w - -,f1d1 g7c3 d1c1 b2e2 b3c4 e2e1 c1e1 c3e1 g1f1 e1a5,51
6k1/p4pp1/Pq3n1p/1p1pQ3/1P1P3P/5BP1/5PK1/8 w - -,f3d5 f6d5 e5d5 b6a6 h4h5 g7g5 h5g6 a6g6 d5e5 h6h5,165
8/8/5p2/1p2k1p1/2b4p/4KP2/3R2PP/8 w - -,d2f2 c4d5 f2f1 e5f5 e3d4 d5c4 f1e1 f5f4 e1e4 f4f5,64
r3kb1r/pp1n1ppp/2p2n2/3p2B1/Nq1P2b1/3B1N2/PPP2PPP/R2Q1RK1 w kq -,f1e1 f8e7 c2c3 g4f3 g2f3 b4a5 d1b3 b7b5 a4c5 d7c5,153
4r2k/1q3p1p/p3r3/4pn1P/1pp2p2/8/PPP5/1KBQR1R1 w - -,h5h6 f4f3 d1d2 f7f6 e1f1 e6d6 d2h2 e5e4 b2b3 c4c3,-309
r3k3/pp5p/2p1b3/6q1/2pP2p1/2N3P1/PP3P1P/R2Q2K1 w - -,d1c2 g5f5 c2a4 e8f7 a1e1 a8f8 a4a7 f7g8 d4d5 c6d5,133
1q1r2k1/p2nbppp/1p4n1/2pNp3/2P1P3/1P4P1/PB2QPBP/3R2K1 w - -,h2h4 d8e8 h4h5 g6f8 h5h6 g7g6 f2f4 e7d6 f4f5 d6e7,218
r1bk3r/3p2pp/3p1p2/p2Q4/2B5/2P5/P1PP1PPP/4R1K1 w - -,b2c1 h7h6 h2h4 d7f6 a2a4 f6d5 c4d5 g6f8 g2f1 f8d7,Mate
8/8/5p2/1p1bk1p1/7p/4KP2/5RPP/8 w - -,f2c2 d5c4 c2f2 c4d5 f2f1 e5f5 e3d4 d5c4 f1e1 f5f4,64
Q1b4r/2kp2pp/3p1p2/p7/2B5/2P5/P1PP1PPP/4R1K1 w - -,f2c2 d5c4 c2f2 c4d5 f2f1 e5f5 e3d4 d5c4 f1e1 f5f4,Mate
2r3k1/ppr2ppb/1qn1p2p/2RpP2N/3P3P/bP2PNP1/P5B1/3Q1RK1 w - -,b3b4 a3b4 c5c1 c6d4 c1c7 d4f3 d1f3 c8c7 h5g7 g8g7,-381
8/8/5p2/1p1b1kp1/7p/4KP2/6PP/5R2 w - -,e3d4 d5c4 f1e1 f5f4 e1e4 f4f5 g2g4 h4g3 h2g3 c4b3,56
1kb4r/3p2pp/3p1p2/Q7/2B5/2P5/P1PP1PPP/4R1K1 w - -,e3d4 d5c4 f1e1 f5f4 e1e4 f4f5 g2g4 h4g3 h2g3 c4b3,Mate
r2qkb1r/pp2pppp/2np1n2/1Bp5/4P3/2P2b2/PPQP1PPP/RNB2RK1 w kq -,g2f3 a8c8 d2d4 c5d4 c3d4 d6d5 c1e3 e7e6 b1c3 a7a6,-25
2b3k1/4pp1p/6p1/8/8/1Bb1B3/Pr3PPP/3R2K1 w - -,d1c1 b2e2 b3c4 e2e1 c1e1 c3e1 a2a4 e1a5 g1f1 c8b7,39
1q1r2k1/p2n1ppp/1p3bn1/2pNp3/2P1P3/1P4PB/PB2QP1P/3R2K1 w - -,h3d7 g6e7 d7h3 e7c6 d1f1 d8d6 f2f3 b8d8 g1h1 f6g5,577
r4rk1/p2npp1p/b1pp2p1/6NP/1p1PP1n1/8/qPPQ1PP1/1NKR1B1R w - -,f1a6 a2a6 h5g6 h7g6 d2f4 d7f6 e4e5 b4b3 e5f6 b3c2,271
8/8/8/8/1K6/4k3/r1P4R/8 w - -,b4b3 a2a1 h2h4 a1b1 b3a4 b1c1 c2c4 e3d3 a4b5 c1b1,613
1k5r/1b1p2pp/1Q1p1p2/8/2B5/2P5/P1PP1PPP/4R1K1 w - -,b4c5 e3f4 h2h4 f4g5 h4c4 g5f6 c5d6 a2a8 c4c6 a8d8,Mate
r6r/pbppk3/1p2pqQ1/6B1/2P5/5n2/PP3PPP/R4RK1 w - -,g2f3 f6g5 g6g5 e7f7 g5f4 f7e7 f1e1 a8g8 g1f1 e7d8,500
r2qkb1r/pp3ppp/2np1n2/1Bp1p3/4P3/2P2P2/PPQP1P1P/RNB2RK1 w kq -,d2d4 c5d4 c3d4 e5d4 b5c6 b7c6 c2c6 f6d7 b1a3 f8e7,21
2r3k1/ppr2ppb/2n1p2p/q2pP2N/3P3P/bPR1PNP1/P5B1/3Q1RK1 w - -,d1e1 a3b4 f3h2 b4c3 e1f2 c6d4 e3d4 a5b4 h2f3 h7g6,-387
1r2r1k1/2pq1p1p/p1p3p1/2P1b3/3p2b1/1P2B3/P1Q1NPB1/4RRK1 w - -,e2g3 e5g3 e3h6 g3e5 c2d3 b8a8 g2e4 e5f6 e4g2 f6g7,-368
8/5b2/5p2/1p3kp1/3K3p/5P2/6PP/5R2 w - -,f1e1 f7c4 g2g3 h4g3 h2g3 c4b3 d4c5 b3c4 e1e4 f5g6,54
2k4r/1b1p2pp/1Q1p1p2/3B4/8/2P5/P1PP1PPP/4R1K1 w - -,f1e1 f7c4 g2g3 h4g3 h2g3 c4b3 d4c5 b3c4 e1e4 f5g6,Mate
r2q1rk1/3bbppp/p2p1n2/1p3pB1/3QP3/PBN5/1PP3PP/R4RK1 w - -,f1e1 f8e8 e4f5 d7f5 a1d1 f5g6 c3d5 f6d5 d4d5 e7g5,-51
r1bqk2r/ppp1n1bp/2n3p1/1B1pN3/3Pp3/1P6/PBPN1PPP/R2QK2R w KQkq -,e1h1 e8h8 b5c6 e7c6 c2c4 d8g5 d1e2 c6e5 d4e5 c7c6,-70
1q1r2k1/p2B1ppp/1p4n1/2pNp1b1/2P1P3/1P4P1/PB2QP1P/3R2K1 w - -,e2g4 g5h6 d7f5 b8d6 h2h4 d8e8 f5g6 h7g6 h4h5 g6h5,593
1q1r2k1/3n1pp1/BpQ1p3/P2p3p/1P6/5PP1/4P2P/3R2K1 w - -,g1f1 h5h4 d1c1 b6a5 b4a5 h4g3 c6c7 d7f8 a6d3 g3h2,5
r4rk1/1p2bppp/1qpp1n2/p3n1B1/P2pP3/3B1P2/1PP1NP1P/1R1QR1K1 w - -,e2c1 f8e8 d3f1 f6d7 g5d2 d6d5 e4d5 c6d5 c1d3 b6g6,-139
r7/4R3/2p4P/2Bppk2/p4p2/2PP1B1P/r7/6K1 w - -,e7g7 a2a1 g1f2 a1a2 f2f1 a2a1 f1e2 a1a2 e2d1 a2a1,670
6k1/p4pp1/q6p/1p1Q4/1P1P3P/6P1/5PK1/8 w - -,h4h5 g7g6 h5g6 a6g6 d5e5 g6g4 d4d5 g4g5 e5g5 h6g5,185
1r6/bb2k2p/p3pp2/6p1/1RB1PP2/P1N4P/K1P1N1n1/8 w - -,f4f5 e6f5 e4f5 g2e3 c4d3 b7c6 d3a6 b8b4 a3b4 e3c2,-178
r7/8/8/8/8/1K2k3/2P4R/8 w - -,h2h4 a8b8 h4b4 b8c8 c2c3 c8d8 b4c4 e3d3 c4h4 d8c8,613
2kr1b2/1b1n1p1p/p1q2n2/1p2pP2/3p4/PN6/1PP1N1BP/R2QR1BK w - -,e2f4 e5f4 d1d2 f4f3 g1d4 f6e4 g2f3 e4d2 f3c6 b7c6,-418
2bR4/4ppkp/6p1/8/8/1Bb1B3/Pr3PPP/6K1 w - -,,0
r1bqk2r/1pp1n1bp/p1n3p1/1B1pN3/2PPp3/1P6/PB1N1PPP/R2QK2R w KQkq -,e5c6 b7c6 b5a4 e8h8 e1h1 f8f7 d1e1 g7h6 b2c1 h6f4,-113
1q1r2k1/p5pp/1p3pn1/2pNpBb1/2P1P3/1P4P1/PB2QP1P/3R2K1 w - -,h2h4 g5h6 h4h5 g6h8 d1f1 h8f7 f2f4 e5f4 g3f4 f7d6,621
r2q1rk1/1p1b2bp/p2pppn1/2p1n1BQ/P1B1P3/2N2N2/1PP3PP/R4RK1 w - -,c3e2 e5f3 f1f3 f6g5 f3h3 g6h4 e4e5 d7e8 h5g4 d6d5,-455
rnbq1rk1/1p2ppbp/p2p1np1/1BpP4/P3PB2/2N5/1PP2PPP/R2QK1NR w KQ -,b5c4 d8b6 f4d2 e7e6 g1e2 e6d5 c3d5 f6d5 c4d5 c8e6,36
r2qkb1r/1ppbpppp/p1n2n2/1B6/8/1P2PN2/PBPP2PP/RN1Q1RK1 w kq -,b5c6 d7c6 f3e5 d8d6 d2d4 g7g6 d1e1 f8h6 b1d2 e8h8,88
r3r1k1/p4pp1/2p3bp/1p1qb3/1R1n1n2/3P1P2/PP1B2PP/3KQB1R w - -,d2c3 d5a2 e1d2 c6c5 b4d4 c5d4 b2b3 a2b1 d2c1 b1b3,-1214
2k1r1r1/ppp2pP1/5q2/1PQ5/2N3b1/2Pp1N2/P4PPP/3R2K1 w - -,b5b6 a7b6 c5d4 f6d4 c3d4 g4f3 g2f3 e8e2 a2a3 g8g7,-421
1q1r2k1/p5p1/1p3pp1/2pNp1b1/2P1P3/1P4P1/PB2QP1P/3R2K1 w - -,h2h4 g5h6 h4h5 g6g5 d5e7 g8h7 d1d5 b8c7 e7f5 g7g6,587
2r3k1/ppr2ppb/1qn1p2p/2RpP2N/3n3P/1P2BNP1/Pb3PB1/3Q1RK1 w - -,h5f6 g7f6 f3d4 b6c5 d4e6 c5c2 e6c7 c2d1 f1d1 c8c7,-327
rnb1kb1r/ppppq1pp/8/4p3/2Q5/8/PPPP1PPP/RNB1KB1R w KQkq -,h2h4 c7c6 c4g4 h7h5 g4g6 e7f7 g6f7 e8f7 d2d3 d7d5,-30
3R4/4ppkp/6p1/5b2/7P/1Bb1B3/Pr3PP1/6K1 w - -,,0
3r2k1/2n1R1p1/7p/1p6/1P6/5BK1/2r3PP/1R6 w - -,h2h3 g8f8 e7e4 g7g6 b1a1 d8d7 a1a7 f8g7 h3h4 h6h5,40
r3r1k1/5pp1/2p3bp/pp1qb3/1R1n1n2/3PQP2/PP1B2PP/3K1B1R w - -,b4d4 e5d4 e3f4 d4b2 f1e2 d5a2 d1e1 g6d3 e1f2 e8e2,-1315
r2qkb1r/1ppbpppp/p4n2/8/1n6/1P1BPN2/PBPP2PP/RN1Q1RK1 w kq -,d3e2 g7g6 c2c3 b4c6 c3c4 f8h6 b1c3 e8h8 d1e1 d7f5,71
r2q1rk1/4bppp/p1bp1n2/1p3PB1/3Q4/PBN5/1PP3PP/R4RK1 w - -,g5h4 f8e8 a1e1 a8c8 e1e2 d6d5 f1e1 d8d7 h2h3 h7h6,-35
rn2kb1r/pp2qppp/2p5/5b2/4n3/2N5/PP1PQPPP/R1B1KBNR w KQkq -,e2e3 e4c5 g1f3 b8a6 f1a6 c5a6 e1h1 a6b4 e3f4 e7d7,-71
1q1r2k1/p5p1/1p3ppb/2pNp3/2P1P2P/1P4P1/PB2QP2/3R2K1 w - -,h4h5 g6h5 e2h5 d8d6 b2a3 b8f8 b3b4 d6d8 b4c5 h6g5,601
2r1r1k1/1bBn1pb1/p5pp/1p5n/2p1P3/P1P1R2P/1PBN1PP1/R5K1 w - -,c7a5 h5f4 a3a4 d7e5 a4b5 a6b5 d2f3 e5f3 e3f3 f4e6,-429
r1bqk2r/1pp1n1bp/2n3p1/1p1PN3/3Pp3/1P6/PB1N1PPP/R2QK2R w KQkq -,d2e4 d8d5 f2f3 c8f5 e1h1 e8h8 f1e1 c6e5 d4e5 f5e4,-470
r2r2k1/3nbppp/p1q5/P2bpP2/8/1NpBB2P/1P3QP1/2R2RK1 w - -,c1c3 c6b7 b3c5 e7c5 e3c5 d7c5 c3c5 d5g2 f2g2 b7g2,-23
r2qkb1r/2pbpppp/p4n2/1p6/1nB5/1P2PN2/PBPP2PP/RN1Q1RK1 w kq -,c4e2 e7e6 f3e5 f8e7 e2f3 a8b8 a2a3 b4d5 f3h5 g7g6,82
r4rk1/pR2npbp/2n1p1p1/3pP3/3P4/q3BB1P/P2N1PP1/3Q1RK1 w - -,d1b3 a3a6 b3b5 a6b5 b7b5 e7f5 d2b3 f8b8 b5b8 a8b8,-62
rnbq1rk1/1pp2p1p/p3p3/5p2/1b1PQ3/2N2N2/PPP2PPP/R3KB1R w KQ -,e4e3 b8d7 e1a1 g8h8 a2a3 b4d6 f3e5 b7b5 g2g4 d8h4,96
5r2/4k3/6KR/6P1/8/8/8/8 w - -,h6h7 e7e6 g6g7 f8a8 h7h2 a8a7 g7g6 a7a8 h2f2 a8a7,558
2r3k1/ppr2ppb/1qn1p2p/2RpP2N/3b3P/1P2B1P1/P4PB1/3Q1RK1 w - -,d1g4 h7g6 c5c6 c7c6 h5f6 g7f6 e3d4 f6f5 g4f4 b6b4,-217
2kr1b2/1b1n1p1p/p1q2n2/1p3P2/3p1p2/PN6/1PP3BP/R2QR1BK w - -,d1e2 f4f3 g1f2 f3e2 g2c6 b7c6 h1g1 d7e5 e1e2 e5f3,-461
r1bqk2r/1pp3bp/2n3p1/1p2N3/3Pp3/1P6/PB1N1PPP/R2QK2R w KQkq -,e5c6 d8g5 g2g3 b7c6 d2e4 g5d5 e1h1 c8h3 f1e1 e8h8,-20
2b3k1/4pp1p/6p1/8/8/1Bb1B3/P3rPPP/2R3K1 w - -,b3c4 e2e1 c1e1 c3e1 a2a4 e1a5 g1f1 c8b7 e3h6 b7c6,31
r2q1r2/p5bk/bpQ4p/2pp1p2/8/2PP2N1/PP1N2PP/n1B2RK1 w - -,f1f2 d8e8 c6d5 a8d8 d5f3 d8d3 f3f4 a1c2 f4h4 e8e1,-505
8/p7/p3k3/2P1pp2/P2p3P/1P1K4/8/8 w - -,c5c6 e6d6 h4h5 d6c6 h5h6 c6d5 h6h7 e5e4 d3e2 d4d3,895
8/4kr1K/7R/6P1/8/8/8/8 w - -,h7g6 f7f1 h6h7 e7e6 g6g7 f1a1 h7h2 a1g1 h2h6 e6f5,558
r1bq1rk1/5ppn/p1np3p/1pp1pNb1/4P3/2PP1QNP/PPB2PP1/R1B1K2R w KQ -,e1h1 c6e7 d3d4 c8f5 e4f5 c5d4 c3d4 a8c8 c2b3 e5d4,8
2r3k1/ppr2ppb/2q1p2p/3pP2N/3b3P/1P2B1P1/P4PB1/3Q1RK1 w - -,h5f6 g7f6 d1d4 c6c3 d4g4 g8h8 e3d4 f6f5 g4f4 c3b4,-146
r1bqk2r/1pp1bpp1/p1np1n1p/8/2B1PB2/2N2N2/PP3PPP/R2QR1K1 w - -,e4e5 d6e5 d1b3 e8f8 a1d1 d8e8 f3e5 c6e5 f4e5 b7b5,258
1q1r4/p4kp1/1p3ppb/2pNp3/2P1P1QP/1P4P1/PB3P2/3R2K1 w - -,g4f3 f7f8 b2c3 f8f7 b3b4 c5b4 c3b4 b8c8 h4h5 g6g5,587
3rrq1k/1b5p/p1n2p1B/1p2np2/3pB3/5P1Q/PP4PP/2R1R2K w - -,h6f8 f5e4 f8c5 e4e3 h3h6 e5g6 h1g1 h8g8 c5d4 d8d4,179
r2qkb1r/2pb1ppp/p3pn2/1p6/1n6/1P2PN2/PBPPB1PP/RN1Q1RK1 w kq -,a2a3 b4d5 f3e5 f8d6 c2c4 b5c4 b3c4 d5b6 a3a4 e8h8,75
2b3k1/4pp1p/6p1/8/2B5/2b1B3/P4PPP/2R1r1K1 w - -,c1e1 c3e1 g1f1 e1a5 a2a4 c8b7 f2f4 g8f8 c4b5 f7f6,45
r1b1kb1r/ppq2ppp/2n2n2/2p1p3/2P1P3/5NP1/PP1N1PBP/R1BQK2R w KQkq -,e1h1 f8e7 b2b3 c8g4 h2h3 g4h5 d1e1 e8h8 c1b2 a8d8,-59
r1bq1rk1/ppp1ppbp/1n4p1/n2P4/4P3/2N1BN1P/PP3PP1/R2QKB1R w KQ -,e3d4 g7h6 a2a4 d8d6 b2b4 d6b4 a1b1 b4a3 c3b5 a3a4,115
1R6/K7/8/4k3/8/8/2P5/3r4 w - -,b8e8 e5f6 e8e3 d1c1 c2c3 c1b1 a7a6 b1a1 a6b5 a1b1,479
5r2/pp4k1/2n3p1/2p3p1/2Pp2R1/P2r1N2/1P4N1/5RK1 w - -,g2e1 d3d1 g4g5 d4d3 g5c5 d3d2 f3d2 d1d2 f1f8 g7f8,-13
r2qkb1r/2pb1ppp/p1n1pn2/1p6/8/PP2PN2/1BPPB1PP/RN1Q1RK1 w kq -,d2d4 c6e7 f3e5 e7f5 d1d3 c7c5 g2g4 c5c4 b3c4 b5c4,103
1q2r3/p4kp1/1p3ppb/2pNp3/2P1P2P/1P3QP1/PB3P2/3R2K1 w - -,h4h5 b8c8 h5g6 f7g6 g1g2 c8e6 d5c7 e6c8 c7e8 c8e8,625
3rr1k1/1b3qBp/p1n2pp1/1p2nN2/3pB3/5P1Q/PP4PP/2R1R2K w - -,f5h6 g8g7 h6f7 e5f7 e4c6 b7c6 e1e8 d8e8 h1g1 d4d3,320
r2q1rk1/1p1b1pbp/p2pp3/2p1n2Q/P1B1P3/2N5/1PP3PP/R1B2RK1 w - -,f1f4 e5g6 f4g4 b7b5 g4g3 b5c4 g3h3 h7h6 c1h6 g7d4,-127
5k2/2N2p1K/1p3p2/1P6/5P1P/8/8/3b4 w - -,c7a8 d1a4 a8b6 a4b5 b6d5 b5d3 h7h8 d3g6 d5f6 f8e7,272
8/K7/2k1rppp/P7/7P/5RP1/5P2/8 w - -,f3b3 c6c5 b3b6 e6e7 a7a6 e7e8 b6f6 e8a8 a6b7 a8a5,510
2r3k1/pp3pp1/1qr1p1bp/3pP2N/3b2QP/1P2B1P1/P4PB1/5RK1 w - -,e3h6 d4e5 h6e3 b6d8 h5f4 g6f5 g4h5 e5f4 e3f4 c6c2,-402
r1bq1rk1/5pp1/p1np3p/1pp1pNn1/4P3/2PP1QNP/PPB2PP1/R3K2R w KQ -,f3e3 g5e6 g3h5 e6f4 h5f4 c8f5 f4e2 f5e6 e1h1 a8b8,5
8/4k3/6PR/7K/8/8/8/r7 w - -,,0
r1b1kb1r/ppp1pppp/2nq4/8/3P4/2P2N2/P1P1BPPP/R1BQ1RK1 w kq -,d4d5 c6d8 f1e1 e7e6 a2a4 c7c6 c3c4 f7f6 c1a3 d6d7,229
r4rk1/pp1q1pbp/2n3p1/3pPpB1/2pP4/2P5/PP1N1PPP/R2QR1K1 w - -,f2f4 b7b5 a2a3 a7a5 d1f3 h7h6 g5h4 f7f6 e5f6 g7f6,68
8/p7/p7/2Pkpp1P/P2p4/1P1K4/8/8 w - -,h5h6 e5e4 d3d2 d5c6 h6h7 a6a5 h7h8q c6b7 c5c6 b7c6,1248
rn1qkb1r/pp1npppp/2p5/3pP3/6b1/3B1N2/PPPP1PPP/RNBQ1RK1 w kq -,f1e1 d8c7 h2h3 g4f3 d1f3 d7e5 f3f4 b8d7 d3f5 e7e6,-27
2k1r1r1/Qpp2pP1/5q2/1P6/2N5/2Pp1b2/P4PPP/3R2K1 w - -,a7c5 f3d1 c4e3 f6g7 c5f5 c8b8 g2g3 d1e2 f5d7 e8e3,-806
2kr1b2/1b1n1p1p/p1q2n2/1p3P2/3p4/PN3p2/1PPQ2BP/R3R1BK w - -,e1e2 f3g2 e2g2 f8h6 b3d4 h6d2 d4c6 b7c6 a1d1 d2f4,-688
r1bq1bnr/ppN2ppp/2kp2n1/2pN4/4P1Q1/6P1/PPPB1P1P/R3KB1R w KQ -,e1e2 f3g2 e2g2 f8h6 b3d4 h6d2 d4c6 b7c6 a1d1 d2f4,Mate
rnbq1rk1/ppp1pp2/3p1bpp/8/4P3/2PP1N2/PP2BPPP/RN1QK2R w KQ -,d3d4 e7e5 e1h1 a7a5 a2a4 f6g7 b1d2 e5d4 f3d4 b8d7,-22
2kr3r/pp4p1/1qp1pn2/7p/4P3/2NN3P/PPPbQ1P1/R2K3R w - -,e2d2 c6c5 c3a4 b6c6 a4c5 b7b6 c5b3 f6e4 d2e3 e6e5,354
2r3k1/ppr2pp1/2q1p1bp/3pP2N/3b2QP/1P2B1P1/P4PB1/5RK1 w - -,g4d4 g6h5 g3g4 h5g6 d4f4 g6d3 f1d1 c6c2 d1c1 c2b2,-332
8/K7/4rppp/P1k5/7P/1R4P1/5P2/8 w - -,b3b6 e6e7 a7a6 e7e8 b6f6 e8a8 a6b7 a8a5 f6g6 c5d5,516
2r3k1/ppr2pp1/2q1p2p/3pP2b/3B2QP/1P4P1/P4PB1/5RK1 w - -,g4h3 h5e2 f1a1 h6h5 g3g4 e2g4 h3g3 c6c2 d4a7 c7c3,-451
r1b2rk1/pppq2bp/3p1n2/3PpnB1/2P5/2NB1N1P/PPQ2P2/R3K2R w KQ -,e1a1 a7a6 d1g1 g8h8 g5d2 b7b5 g1g5 f6g8 h1g1 d7f7,106
1B6/8/8/2KN4/8/8/8/2k5 w - -,c5d4 c1d2 d4e4 d2e2 b8h2 e2f1 d5e3 f1e1 h2g3 e1d2,9605
4R3/K7/5k2/8/8/8/2P5/3r4 w - -,e8e3 d1d4 a7b6 d4c4 c2c3 c4c8 b6b5 c8b8 b5c5 b8c8,562
r3kb1r/pp1n1ppp/2pq1n2/3p2B1/N2P2b1/2PB1N2/PP3PPP/R2Q1RK1 w kq -,f1e1 f8e7 d1d2 d6c7 g5f4 c7d8 d2e3 a8c8 b2b4 g4e6,173
8/p7/p6P/2k1pp2/P2p4/1P1K4/8/8 w - -,h6h7 e5e4 d3d2 c5d5 h7h8q f5f4 h8f6 f4f3 f6f5 d5d6,1282
8/6p1/3k3p/pp2p2P/4P3/1PKN1B2/2P3P1/1r6 w - -,f3g4 b1g1 g4h3 g1d1 h3f5 d1g1 g2g4 b5b4 c3c4 g1g2,98
8/5k1p/R3b1n1/1p2P3/p4K1P/P7/1P6/8 w - -,,0
r1bqkbnr/ppp1p3/n4p2/3p4/3P2p1/P4N2/1PP1PPPB/RN1QKB1R w KQkq -,h2c7 h8h1 c7d8 g4f3 g2f3 e8d8 d1d3 f6f5 b1c3 e7e6,23
rnb1kb1r/pp3ppp/2p5/8/8/2P5/PP2qPPP/R1B1KBNR w KQkq -,g1e2 f8c5 e2d4 c5d4 c3d4 c8e6 f2f3 a7a5 e1f2 b8a6,-21
8/p6P/p2k4/4pp2/P2p4/1P1K4/8/8 w - -,g1e2 f8c5 e2d4 c5d4 c3d4 c8e6 f2f3 a7a5 e1f2 b8a6,Mate
r2q1rk1/3b1pbp/p2pp3/1pp1n2Q/P3P3/2N5/1PP1B1PP/R1B2RK1 w - -,c1f4 b5b4 c3d1 d7c6 d1f2 f7f5 f4g5 d8e8 h5h3 c6a4,-139
r1b2r1k/pppq2bp/3p1n2/3PpnB1/2P5/2NB1N1P/PPQ2P2/2KR3R w - -,d1g1 a7a6 g5d2 b7b5 g1g5 f6g8 g5h5 g7h6 d2h6 f5h6,96
2q1r3/p4kp1/1p3pp1/2pNp3/2P1P2P/1P3QP1/P4P2/2R3K1 w - -,g1g2 e8d8 c1d1 d8d6 d1h1 d6d8 h4h5 g6g5 h5h6 g5g4,591
r2b1rk1/1bpn2pp/1p1p4/pN1P1p1q/1PP2p2/P2BP2P/3Q2PB/2R2RK1 w - -,h2f4 a5b4 a3b4 b7c8 d2c2 d7e5 d3e2 h5e8 c4c5 b6c5,97
8/6p1/7p/ppk1p2P/4P3/1PK2B2/2P2NP1/1r6 w - -,f3e2 b1g1 f2d3 c5d6 e2f3 g1b1 f3g4 b1g1 g4h3 g1d1,94
r1bqkb1r/1p3ppp/p1n1pn2/2pp2B1/3P4/P1N2N2/1PP1PPPP/R2QKB1R w KQkq -,e2e3 c8d7 d4c5 f8c5 f1d3 h7h6 g5h4 a8c8 d1e2 g7g5,-39
r3k2r/pp2npbp/1qn1p1p1/3pP3/3P4/5B1P/PP2NPP1/R1BQK2R w KQkq -,b2b3 e7f5 c1b2 f5h4 e1h1 h4f3 g2f3 f7f6 e5f6 g7f6,-71
r1b2r1k/1ppq2bp/p2p1n2/3PpnB1/2P5/2NB1N1P/PPQ2P2/2K3RR w - -,g5d2 b7b5 g1g5 f6g8 h1g1 d7f7 g5g7 f5g7 f3g5 f7f2,98
r1bq1rk1/ppb2ppp/2n5/3n4/2NPp3/5NP1/PP3PBP/R1BQ1RK1 w - -,f3e5 f7f5 f2f3 c6e5 c4e5 c7e5 d4e5 d8b6 g1h1 c8e6,-7
2bqrnk1/r4p1p/pp2p1p1/3pP3/3P1Q2/2NBP2R/PP4PP/5RK1 w - -,h3f3 a7c7 h2h4 d8e7 h4h5 c8b7 f4h6 e8c8 f3f7 e7f7,324
8/6p1/7p/1pk1p2P/p3P1N1/1PK2B2/2P3P1/1r6 w - -,,0
r1b2rk1/5pp1/p1np1q1p/1pp1pNn1/4P1Q1/2PP2NP/PPB2PP1/R3K2R w KQ -,c2b3 a8a7 g3h5 f6g6 f2f4 c5c4 f4g5 c4b3 g5h6 c8f5,114
2qr4/p4kp1/1p3pp1/2pNp3/2P1P2P/1P3QP1/P4P2/3R2K1 w - -,h4h5 g6g5 h5h6 g5g4 f3h1 c8e6 h1h5 g7g6 h5h4 d8f8,596
r1bq1rk1/1pp2pbn/6pp/p1pPp3/4P3/2N3PP/PPP2PBN/R2Q1RK1 w - -,d1d3 g8h8 h2f3 a8a6 c3a4 b7b6 a4c3 f7f5 f3h4 f8f6,22
8/K7/5k2/8/3r4/4R3/2P5/8 w - -,a7b6 d4c4 c2c3 c4c8 b6b5 c8b8 b5c5 f6f5 c3c4 b8c8,603
r1b2r1k/2pq2bp/p2p1n2/1p1Ppn2/2P5/2NB1N1P/PPQB1P2/2K3RR w - -,g1g5 f6g8 h1g1 d7f7 g5g7 f5g7 f3g5 f7h5 g5h7 f8f2,103
8/2K1r3/P4ppp/2k5/7P/1R4P1/5P2/8 w - -,c7c8 e7a7 b3a3 c5c6 c8b8 a7f7 a3b3 f6f5 b3b7 f7f8,475
r2q1k1r/2pp2pp/b2n1p2/p3R3/2B5/B1P2Q2/P1PP1PPP/4R1K1 w - -,c4d5 d8e8 d5a8 e8e5 e1e5 a6c4 e5c5 c4e6 c5c7 f8e7,1652
4rk2/3Rb1p1/4Qr1P/2q5/pp5P/5P2/PPP5/1K2R3 w - -,h6g7 f8g7 d7e7 c5e7 e6e7 e8e7 e1e7 g7g6 e7e3 f6f4,496
r2r2k1/1q1nbppp/p7/P2bpP2/8/1NRBB2P/1P3QP1/5RK1 w - -,b3c5 d7c5 e3c5 e7f6 c5b6 d8d7 d3e2 e5e4 c3c1 a8e8,-28
r1bq1rk1/1pp2pbp/4pnp1/p2p4/1nPP4/2Q2NP1/PP2PPBP/RNBR2K1 w - -,c1f4 f6e4 c3c1 d5c4 b1a3 c4c3 b2c3 b4d5 f4d2 d8e7,26
2r3k1/ppr2pp1/4p2p/4P2Q/3p2PP/1P2B3/4qPB1/R5K1 w - -,g2f1 e2b2 e3h6 g7h6 a1a7 b2d2 f1c4 g8g7 g1g2 d2f4,-353
r2q1rk1/pp2ppbp/2p1nnp1/3p4/3P1B2/1QNPPN2/PP3PPP/R4RK1 w - -,b3b7 e6f4 e3f4 f6h5 g2g3 d8d6 f1e1 g7f6 b7a6 f8b8,89
r2q1rk1/1pp3p1/pbnppn1p/4p3/PP2P3/2PP1N2/3N1PPP/R1BQR1K1 w - -,a1a2 d8e8 h2h3 c6e7 d2f1 e7g6 f1h2 a6a5 b4b5 f8f7,33
8/2k3p1/2b2b2/2prpB2/1p6/pP1R2P1/P4N2/6K1 w - -,g3g4 d5d3 f5d3 c6d5 d3b1 c5c4 b3c4 d5c4 f2e4 b4b3,-500
2q5/p4kp1/1p3pp1/2p1p3/2PrP2P/1P2NQP1/P4P2/3R2K1 w - -,g1g2 c8h8 e3c2 f7e7 c2d4 c5d4 f3e2 h8h5 e2h5 g6h5,556
8/p5R1/1p1k4/n1p1N3/2Pp1K2/r4N2/8/8 w - -,e3d5 c8h8 f3g4 f6f5 g4f3 d4e4 d5c3 e4d4 d1d4 c5d4,Mate
1B6/8/8/8/3K4/3N4/3k4/8 w - -,d3f4 d2e1 d4e3 e1f1 b8e5 f1g1 e3f3 g1h1 e5c3 h1h2,9605
rnb1kb1r/pp2qppp/2p5/8/8/2n5/PP1PQPPP/R1B1KBNR w KQkq -,e2e7 f8e7 d2c3 e7c5 g1e2 e8h8 e2d4 b8d7 f1e2 f8e8,-32
1r3rk1/p1q1ppbp/2B1b1p1/3Q4/8/4B3/PPP2PPP/1R3RK1 w - -,d5e4 b8b2 b1b2 g7b2 c6d5 e6d5 e4d5 f8c8 g2g3 a7a6,-18
r1b2r1k/2pq2b1/p2p1n1p/1p1PpnR1/2P5/2NB1N1P/PPQB1P2/2K4R w - -,d3f5 d7f7 f5g6 f7e7 g5g3 c8d7 h1g1 b5b4 c3e4 a6a5,506
rnbqkb1r/4pppp/p2p1n2/2pP4/1pP1PB2/5P2/PP4PP/RN1QKBNR w KQkq -,a2a3 a6a5 g1e2 g7g6 d1d2 b8d7 e2c1 f8g7 f4h6 e8h8,-11
r1bqkb1r/ppp3pp/2n5/3n1p2/2B1p3/5N2/PPPPQPPP/RNB1K2R w KQkq -,e1h1 f8e7 f3e1 c6d4 e2h5 g7g6 h5d1 b7b5 c4b3 d5f4,-113
r2q1rk1/3b1pbp/p2pp2B/2p1n2Q/Pp2P3/2N5/1PP1B1PP/R4RK1 w - -,a1d1 g7h6 h5h6 b4c3 d1d3 d8e7 d3g3 e5g6 b2c3 f7f6,-202
5rk1/p1q1ppbp/2B1b1p1/8/4Q3/4B3/PrP2PPP/1R3RK1 w - -,b1b2 g7b2 c6d5 e6d5 e4d5 f8c8 g2g3 a7a6 f1d1 h7h5,-13
6k1/pp3pp1/4p2p/4P2Q/3B2PP/1P6/5PBK/2rq4 w - -,h2h3 d1d4 g4g5 c1c3 f2f3 d4e5 h5g4 e5f5 b3b4 h6g5,-614
5rk1/pp2rpp1/2n5/3Q2p1/2B4P/4PN2/P4P2/b5K1 w - -,d5f5 c6e5 f3g5 g7g6 f5f6 e7d7 c4b3 f8c8 h4h5 c8c6,145
5rk1/p1q1pp1p/2B1b1p1/8/4Q3/4B3/PbP2PPP/5RK1 w - -,c6d5 e6d5 e4d5 f8c8 c2c4 c7c4 d5b7 b2e5 e3a7 c8e8,-22
2q5/p4kp1/1p3pp1/4p3/2PpP2P/1P2NQP1/P4P2/6K1 w - -,f3g4 c8c6 e3d5 a7a6 g1g2 b6b5 c4b5 a6b5 h4h5 g6g5,503
r3r1k1/1b2qp1n/3p2p1/1ppP3p/1n2P3/1P3N1P/3Q1PP1/RB1NR1K1 w - -,a1a8 e8a8 d1c3 e7f6 c3b5 h7f8 f3g5 a8a5 b5c3 a5a1,140
8/p2R4/1p2k3/n1p1N3/2Pp1K2/r4N2/8/8 w - -,d2c3 a8a1 c3a1 b7d5 e4d5 e7e1 f3e1 e8e1 g1h2 e1d1,Mate
3K4/r7/P4p1p/2k4P/6p1/R5P1/5P2/8 w - -,f2f4 f6f5 d8c8 c5c6 c8b8 a7e7 a3b3 e7e8 b8a7 c6c5,431
rnbqk2r/pp1pbppp/4pn2/8/3P4/2P2N2/4PPPP/RNBQKB1R w KQkq -,c1f4 a7a5 b1a3 f6h5 f4d2 d7d5 e2e3 h5f6 f1d3 e8h8,-98
r1bq2k1/ppb2pp1/2p2n1p/8/B2Nrp2/P4N2/1PP1QPPP/3R1RK1 w - -,d4c6 d8f8 e2b5 b7c6 b5c6 c8g4 h2h3 g4h5 d1d4 h5f3,-366
r1bq1r2/5ppk/p1np3p/1pp1pNn1/4P1Q1/2PP2NP/PPB2PP1/R3K2R w KQ -,f2f4 g5e6 f4e5 g7g6 e5d6 c6e5 g4h4 g6f5 g3f5 d8h4,-23
r4r1k/1pp3pp/p5q1/2P1Q3/P3Pn2/1B2RN1P/5P2/R5K1 w - -,e5g5 f4h3 g1g2 h3g5 f3h4 f8f2 g2f2 g6f6 h4f5 f6a1,Mate
4b2N/7p/K7/P7/8/1k6/8/8 w - -,h8f7 e8f7 a6b5 h7h5 b5c5 f7c4 c5d4 b3b4 d4e3 b4a5,Mate
6k1/pp3pp1/4p2p/4P2Q/6PP/1P2B3/5PBK/1r1q4 w - -,h2g3 b1b3 g2f3 d1g1 g3h3 a7a5 g4g5 h6g5 h4g5 g7g6,-482
1q2r1k1/5pp1/Bp2pn2/PQ1p3p/1P6/5PP1/4P2P/2rR2K1 w - -,b5e8 f6e8 d1c1 b6a5 c1c8 b8b4 c8e8 g8h7 a6d3 g7g6,-507
r5k1/1b2qp1n/3p2p1/1ppP3p/1n2P3/1P3N1P/3Q1PP1/1B1NR1K1 w - -,d1c3 e7f6 c3b5 h7f8 f3g5 a8a5 b5c3 f8d7 c3a4 a5b5,147
8/8/1K3k2/8/2r5/4R3/2P5/8 w - -,c2c3 f6f5 b6b5 c4c8 c3c4 c8b8 b5c5 b8c8 c5b4 c8b8,603
r2q1rk1/1pp3p1/p1nppn1p/4p3/PPN1P3/2PPbN2/5PPP/R2QR1K1 w - -,e1e3 f6g4 e3e1 g4f6 b4b5 a6b5 a4b5 a8a1 d1a1 c6e7,24
r2q1r2/3b2kp/p2pp3/2p1np1Q/Pp2P3/8/1PP1B1PP/RN3RK1 w - -,f1d1 d8e7 b1d2 d7c6 d1f1 g7h8 h5h3 f5e4 f1f8 a8f8,-232
r1bq1r2/5ppk/p1npn2p/1pp1pN2/4P1QP/2PP2N1/PPB2PP1/R3K2R w KQ -,h4h5 a8a7 g3f1 h7h8 f1e3 c6e7 g4h4 e6g5 f5e7 a7e7,-22
rnb1kb1r/ppp1q1pp/8/3pp3/2Q5/3B4/PPPP1PPP/RNB1K2R w KQkq -,c4c3 b8c6 d3b5 c8d7 d2d3 e7e6 e1h1 f8d6 c3d2 e8a8,-152
r5k1/4qp1n/b2p2p1/1ppP3p/1n2P3/1PN2N1P/3Q1PP1/1B2R1K1 w - -,e4e5 a6b7 c3e4 d6e5 d5d6 e7f8 e4c5 b7f3 g2f3 a8d8,344
rnbq1rk1/ppp2ppp/8/2bB4/2Pp4/6P1/PP2PP1P/R1BQK1NR w KQ -,g1f3 b8d7 f3d4 d7b6 d4c2 c7c6 d5g2 d8d1 e1d1 f8d8,-58
1r3rk1/p1q1ppbp/2B3p1/8/4Q3/4B3/bPP2PPP/1R3RK1 w - -,b1d1 b8b2 d1d7 c7e5 d7e7 e5e4 c6e4 a7a5 e7a7 a2c4,2
r1b4r/pp3p2/2pp1k1p/6pP/PP2Pn2/2NP2P1/3K1R2/R7 w - -,a1b1 a7a6 g3f4 f6e7 c3e2 c8e6 f4g5 h6g5 e2g3 b7b5,-56
r1b3k1/pp2n1pp/1qn1p3/1N1p4/3P4/5r2/PP1QBPPP/R4RK1 w - -,a2a4 f3f8 a4a5 b6d8 b2b4 a7a6 b5c3 e7f5 e2d3 c6b4,-448
r1bq1rk1/ppp1bpp1/2np3p/4p3/2B1P3/2PP1nN1/PP3PPP/R1BQR1K1 w - -,g1f1 f3e1 c1h6 e1c2 h6g7 g8g7 d1c2 f8h8 a1e1 h8h7,-561
r2q1r2/3b2kp/p2pp3/2p1n2Q/Pp2Pp2/8/1PPNB1PP/R4RK1 w - -,a4a5 d7e8 h5h3 f8f6 f1f2 e8b5 h3h4 b5e2 f2e2 f6f7,-120
2r3k1/pp3pp1/4p2p/3pP2Q/6PP/1Pr1B3/4qPB1/R5K1 w - -,e3a7 c3b3 g2f1 e2f3 f1g2 f3f4 g4g5 c8c1 a1c1 f4c1,-398
1K6/5r2/P1k2p1p/7P/6p1/R5P1/5P2/8 w - -,a3b3 f7e7 b3e3 e7f7 e3e6 c6d5 e6b6 d5c5 b6b7 f7f8,522
5rk1/p1q1ppbp/2B3p1/8/4Q3/4B3/brP2PPP/3R1RK1 w - -,,0
rnbqk2r/3nppb1/p2p2p1/2pP3p/1pP1PB2/3B1P2/PP1QN1PP/RN3RK1 w kq -,a2a3 d7e5 a3b4 c5b4 e2d4 a6a5 d3e2 b8d7 h2h3 d7c5,13
r2qk2r/bpp2p2/p1np1n1p/4p1p1/4P1b1/1BPP1NN1/PP3PPP/R1BQ1RK1 w kq -,c1e3 d8e7 b3a4 a7e3 a4c6 b7c6 f2e3 h6h5 d1a4 g4d7,47
r2q1r2/3b2kp/p2pp3/2p4Q/Pp2Pp2/5n2/1PP1B1PP/R4RK1 w - -,g1h1 f3e5 f1f2 d8e7 a1f1 e5g6 h1g1 e6e5 e2c4 g7h8,-485
8/2KR1pkp/4P3/5P2/8/8/8/2r5 w - -,c7d8 g7f6 d7f7 f6g5 e6e7 c1d1 d8e8 g5f4 e8f8 d1d2,790
r2n1r1k/1p4q1/1n2p2p/1P1pPpp1/p2P4/2R4P/P2QBPP1/2R2NK1 w - -,f1g3 d8f7 g3h5 g7g6 c3c7 b6c4 d2b4 a8c8 h5f6 g5g4,364
r2q1rk1/pp3ppp/6n1/1BPpp1bQ/1PPB4/8/P4PPP/R2R2K1 w - -,d4e3 g5e3 f2e3 d5d4 e3d4 e5d4 h5d5 a7a6 b5a4 a6a5,57
r1bqkb1r/ppp2ppp/2n2n2/8/2B1p3/5N2/PPPPQPPP/RNB1K2R w KQkq -,c4b5 f8b4 f3e5 e8h8 b5c6 b7c6 e5c6 d8d7 c6b4 a7a5,-100
4r2k/5Qb1/7p/pp6/8/P1P1P1Pq/1P1R1P2/1B1R2K1 w - -,c4b5 f8b4 f3e5 e8h8 b5c6 b7c6 e5c6 d8d7 c6b4 a7a5,Mate
r2q1rk1/ppp2ppp/5n2/3pp3/2BnP3/2NPQ2P/PPP2PP1/2R2RK1 w - -,c3d5 f6d5 e4d5 f8e8 a2a4 g7g6 f1e1 d4f5 e3d2 d8f6,102
rnbq2k1/pp3pp1/2pb1n1p/3p4/3P4/2PB1N1P/PP3PP1/RNB1Q1K1 w - -,f3e5 b8d7 b1d2 d7f8 d2f3 a7a5 c1f4 a5a4 d3c2 c8e6,10
r5k1/3b2p1/3B1p2/2PP1Np1/4P1P1/pr5P/R7/5BK1 w - -,c5c6 d7e8 f5d4 b3c3 d4b5 c3c1 a2a3 a8c8 g1f2 e8c6,516
r1b2rnk/2pq2bp/p2p4/1p1PpnR1/2P5/2NB1N1P/PPQB1P2/2K4R w - -,h1g1 d7f7 g5g2 b5c4 f3g5 f7e7 d3c4 g7h6 c4d3 f5d4,119
r4rk1/pp2ppbp/2n2np1/1q6/2NPb3/1P3NP1/PB3PBP/R2Q1RK1 w - -,,0
1K6/5r2/Pk3p1p/7P/6p1/2R3P1/5P2/8 w - -,b8c8 f6f5 c3d3 b6a6 c8d8 f5f4 d3d6 a6b5 d6h6 f4g3,400
rn2kb1r/ppp1q1pp/4b3/3Qp3/8/3B4/PPPP1PPP/RNB1K2R w KQkq -,d5b7 e7d8 b7a8 e6d5 a8a7 b8d7 a7e3 f8c5 e3h3 c5f2,430
r2q1rk1/1pp1n1p1/p2ppn1p/4p3/PP2P3/2PPNN2/5PPP/R2QR1K1 w - -,e3f1 e7g6 g2g3 d8d7 h2h3 a8c8 f1h2 c7c5 d1b3 c5b4,5
1rbq1rk1/2pp1ppp/2n2n2/2b1p3/1p2P3/1BNP1N2/1PP2PPP/R1BQ1RK1 w - -,c3d5 f6d5 b3d5 c6e7 f3e5 e7d5 e4d5 c5d4 e5c4 d8f6,47
5rk1/6pp/p7/1p2Ppq1/3P4/P6P/1P2B3/1Kr4Q w - -,h1c1 g5c1 b1c1 f8d8 a3a4 d8d4 a4b5 a6b5 e2b5 g8f7,Mate
r2qk2r/ppp2ppp/2nb4/4p3/6b1/2NPBN2/PPP2PPP/R2QK2R w KQkq -,h2h3 g4h5 g2g4 h5g6 d1e2 d6b4 e3d2 d8e7 a2a3 b4d6,-76
rnbqk2r/4ppb1/p2p2p1/2pPn2p/1pP1P3/3BBP2/PP1QN1PP/RN3RK1 w kq -,a2a4 e5d3 d2d3 g7b2 a1a2 b2g7 a4a5 e7e6 b1d2 e6d5,-112
Q3r1r1/1p1k1pP1/3p4/1P6/2N5/2P2b2/P4PPP/6K1 w - -,c4e3 e8a8 g2f3 g8g7 g1f1 d7c7 e3d5 c7b8 h2h4 g7g8,-549
r1b2rnk/2p2qbp/p2p4/1p1PpnR1/2P5/2NB1N1P/PPQB1P2/2K3R1 w - -,g5g2 b5c4 f3g5 f7e7 d3c4 g7h6 c4d3 f5d4 c2d1 c8f5,110
1rbq1rk1/2pp1ppp/2n5/2bnp3/1p2P3/1B1P1N2/1PP2PPP/R1BQ1RK1 w - -,d3d4 c6d4 b3d5 c7c6 f3d4 c5d4 d5b3 d7d6 d1d3 d8f6,-123
r1bq1rk1/ppb2pp1/2p2n1p/3p1N2/B3Pp2/P2P1N2/1PP1QPPP/R4RK1 w - -,f1d1 f8e8 e2f1 f6h7 d1e1 h7g5 f5d4 d5e4 d3e4 c8g4,-142
8/p2q1kp1/1p3pp1/3Np3/2PpP2P/1P3QP1/P4P2/6K1 w - -,g3g4 d7e6 g1f1 f7g8 g4g5 f6g5 h4g5 a7a6 f1g2 e6d7,542
rnbqr1k1/1pp1ppbp/p2p1np1/8/2B1P3/P1N2N1P/1PPP1PP1/R1BQ1RK1 w - -,d2d4 b7b5 c4b3 e7e6 d1e2 c8b7 c1f4 b8d7 a1d1 a8c8,70
2r1r1k1/1b1n1p2/p5pp/1p2b2n/2p1P3/P1P1R2P/1PBN1PPB/R5K1 w - -,a3a4 e5h2 g1h2 d7e5 d2f1 c8d8 b2b4 c4b3 c2b3 h5f4,-400
2kr3r/ppq1bppp/2n1bn2/2p1p3/2P1P3/1P3NPP/P2N1PB1/R1BQ1RK1 w - -,f3g5 h7h5 d1e1 f6h7 g5e6 f7e6 c1b2 g7g5 a1d1 c8b8,-60
1K6/Pr6/1k3p1p/7P/6p1/2R3P1/5P2/8 w - -,b8c8 b7a7 f2f4 f6f5 c8d8 b6b5 d8e8 b5b4 c3c2 a7a3,68
r1b2rnk/2p2qbp/p2p4/3Ppn2/2p5/2NB1N1P/PPQB1PR1/2K3R1 w - -,f3g5 f7e7 d3c4 g7h6 c4d3 f5d4 c2d1 c8f5 d3f5 d4f5,108
r1b3k1/1p2n1pp/pqn1p3/1N1p4/3P4/5P2/PP1QBP1P/R4RK1 w - -,d2f4 a6b5 f1e1 b6d4 f4c7 d4b2 a1c1 b2f6 f3f4 b5b4,-410
r2qr1k1/p4ppp/2p2n2/4Q3/2Bn4/2NP3P/PPP2PP1/2R2RK1 w - -,e5c5 d8b6 c5b6 a7b6 f1e1 b6b5 c4b3 b5b4 c3e4 f6e4,227
r1bqkb1r/ppp2p2/2n1pn1p/3p2p1/3P4/2P1BN2/PP2PPPP/RN1QKB1R w KQkq -,g2g3 f8g7 f1g2 b7b6 a2a4 e8h8 b1a3 d8e7 h2h4 g5g4,-24
r1b2rk1/p1b3pp/2p2q2/3n1p2/Q1NPp3/6P1/PP3PBP/R1B2RK1 w - -,c4e5 c6c5 c1g5 f6d6 f1d1 h7h6 g5f4 d5f4 g3f4 c5d4,-43
8/p2q1kp1/1p3p2/3Np2p/2PpP3/1P3QP1/P4P2/6K1 w - -,f3h5 f7f8 g3g4 d7e8 h5h8 f8f7 h8h7 e8d7 h7h5 f7e6,537
rnb1k2r/pp3ppp/2p2n2/q3p1Q1/3p4/1PbP1N1P/PBP1PPP1/R3KB1R w KQkq -,f3d2 c3b2 g5g7 h8g8 g7f6 b8d7 f6h4 b2a1 e1d1 a5a2,-728
r1b2rnk/2p1q1bp/p2p4/3PpnN1/2p5/2NB3P/PPQB1PR1/2K3R1 w - -,d3c4 g7h6 c4d3 f5d4 c2d1 c8f5 d3f5 d4f5 g5e6 f8f7,99
r2qk2r/bppb1p2/p1np1n1p/4p1p1/4P3/1BPP1NNP/PP3PP1/R1BQ1RK1 w kq -,c1e3 d8e7 f3d2 e8a8 b3d5 c8b8 b2b4 f6d5 e4d5 c6d4,39
rnbqk2r/4ppb1/3p2p1/p1pP3p/1pP1PPn1/3BB3/PP1Q2PP/RNN2RK1 w kq -,f1e1 e8h8 a2a4 e7e6 c1b3 e6d5 c4d5 b8d7 d2c2 g4e3,-181
4Qb1k/8/7p/pp6/8/P1P1P1Pq/1P1R1P2/1B1R2K1 w - -,f1e1 e8h8 a2a4 e7e6 c1b3 e6d5 c4d5 b8d7 d2c2 g4e3,Mate
r2q4/3b2kp/p2p2r1/2p1p2Q/Pp2Pp2/5P2/1PP1B2P/R5RK w - -,g1g2 d7e6 a1g1 d8f6 b2b3 a6a5 g2g5 a8c8 e2c4 e6c4,-102
rn3rk1/p3pp1p/2ppPnpQ/8/4P2P/qPp2P2/P1P3P1/1K1R1BNR w - -,e6f7 g8f7 h6c1 a3c1 b1c1 b8d7 d1d3 a7a5 d3c3 a5a4,126
r4rk1/1ppqn1p1/p2ppn1p/4p3/PP2P3/1QPPNN2/5PPP/R3R1K1 w - -,e3f1 f8f7 d3d4 e5d4 c3d4 e7g6 e1e3 g6f4 f1g3 a8f8,21
6k1/p2q2p1/1p3p2/3Np2Q/2PpP3/1P4P1/P4P2/6K1 w - -,g3g4 g8f8 g1g2 d7e8 h5h8 f8f7 h8h7 e8e6 h7h5 f7g8,553
2r3k1/1pr2pp1/p3p2p/3pP2Q/6PP/1P2B3/4qPB1/R5K1 w - -,a1b1 d5d4 e3f4 c7c2 b1f1 d4d3 f4h6 g7h6 h5h6 e2e5,-321
rnb1k2r/pp3ppp/2p2n2/q3p1Q1/3p4/1P1P1N1P/PbP1PPP1/R2K1B1R w kq -,g5g7 h8g8 g7f6 b8d7 f6f5 b2a1 f3g5 g8g5 f5g5 a5a2,-698
rn1qkb1r/ppp1pppp/5nb1/8/2BP3P/2N2P2/PPP3P1/R1BQK1NR w KQkq -,g1e2 b8c6 h4h5 f6h5 d4d5 c6a5 c4d3 e7e5 d3g6 f7g6,85
r1b2rnk/2p1q2p/p2p3b/3PpnN1/2B5/2N4P/PPQB1PR1/2K3R1 w - -,c4d3 f5d4 c2d1 c8f5 d3f5 d4f5 h3h4 g8f6 f2f4 e5f4,109
r1bqkbnr/ppp4p/6p1/3pp2Q/8/1P2P3/P1P2PPP/RN2KBNR w KQkq -,h5e5 d8e7 e5h8 g8f6 f1d3 c8f5 g1e2 e8a8 d3f5 g6f5,77
Q3r1r1/1ppk1pP1/5q2/1P6/2N5/2Pp1b2/P4PPP/3R2K1 w - -,c4d2 f3d1 a8e8 g8e8 g2g3 f6c3 b5b6 c3d2 g7g8n d2e1,-825
rnbq1rk1/pppn1pbp/3p2p1/3Np3/2B1P3/5N1P/PPPP1PP1/R1BQ1RK1 w - -,d2d4 h7h6 d4e5 d6e5 a2a4 c7c6 d5c3 d7c5 c1e3 b8a6,51
r2q1rk1/ppp3pp/2nb4/4pp1b/8/P1NPBN1P/1PP2PP1/R2Q1RK1 w - -,f1e1 a7a6 b2b4 b7b6 b4b5 c6d4 e3d4 e5d4 c3d5 a6b5,-199
r1b2rk1/5ppn/p1np1q1p/1pp1pN2/4P1QP/2PP2N1/PPB2PP1/R3K2R w KQ -,g3h5 f6g6 g4f3 h7f6 h5g7 g8h8 h1h3 c8f5 g7f5 f6h5,221
rnbq1rk1/ppp2ppp/5n2/3pp3/1b2P3/2NP2P1/PPP1NPBP/R1BQK2R w KQ -,c1d2 d5d4 c3b1 b4d2 b1d2 c7c5 e1h1 b8c6 a2a4 c8e6,-43
r1b2rk1/p5pp/2p2q2/3nbp2/Q2Pp3/6P1/PP3PBP/R1B2RK1 w - -,d4e5 f6e5 a4c6 c8e6 f1d1 d5b4 c6a4 b4d3 c1e3 f8d8,-22
r1b2rnk/2p1q2p/p2p3b/3Pp1N1/3n4/2NB3P/PPQB1PR1/2K3R1 w - -,c2d1 c8f5 d3f5 d4f5 g5e6 f8f7 c1b1 h6d2 d1d2 f5h4,106
r1b2rk1/p5pp/2p5/3nqp2/Q3p3/6P1/PP3PBP/R1B2RK1 w - -,a4c6 c8e6 f1d1 h7h6 c6a4 f8d8 g2f1 e6f7 a4d4 e5e8,-26
r2qkbnr/pp3ppp/2n1p3/3p1b2/2p2P2/2P1PN2/PP1PB1PP/RNBQ1RK1 w kq -,b2b3 b7b5 a2a4 a7a6 d2d3 c4d3 e2d3 f5d3 d1d3 b5b4,-6
r7/3b2kp/p2p1qr1/2p1p2Q/PpB1Pp2/5P2/1PP4P/R5RK w - -,b2b3 d7e6 c4e6 f6e6 a1d1 a8c8 a4a5 c5c4 h5h4 c4b3,-88
r1b2rk1/5pp1/p1npnq1p/1pp1pN2/4P1QP/2PP2N1/PPB2PP1/R3K2R w KQ -,g3h5 f6g6 g4f3 e6f4 h5g7 g6g2 f3g2 f4g2 e1d2 g2f4,105
r1b1kbnr/ppp1q2p/6p1/3pQ3/8/1P2P3/P1P2PPP/RN2KBNR w KQkq -,e5h8 g8f6 f1d3 c8f5 g1e2 e8a8 d3f5 g6f5 e1h1 f8g7,69
r2q1rk1/ppp3pp/2nb4/4p2b/5p2/P1NPBN1P/1PP2PP1/R1Q2RK1 w - -,f3h2 f4e3 f2e3 f8f1 h2f1 d8d7 c1d2 d6e7 f1g3 h5g6,-378
r2q1r1k/ppp3pp/8/3B3R/1P1n3b/P1NP3b/2P2Pp1/R1BQ2K1 w - -,f3h2 f4e3 f2e3 f8f1 h2f1 d8d7 c1d2 d6e7 f1g3 h5g6,Mate
r1r3k1/pp1n1pp1/q4b1p/2pP4/4b3/B3PNP1/P2Q1PBP/2R1R1K1 w - -,a3c5 c8c5 d5d6 b7b6 g2f1 a6a3 f3d4 a8d8 d4b5 c5b5,-394
r4rnk/2p1q2p/p2p3b/3PpbN1/3n4/2NB3P/PP1B1PR1/2KQ2R1 w - -,d3f5 d4f5 h3h4 g8f6 f2f4 a8b8 c1b1 e5f4 d2f4 h6g5,109
r3k2r/bppbqp2/p1np1n1p/4p1p1/4P3/1BPPBNNP/PP3PP1/R2Q1RK1 w kq -,f3h2 e8a8 b3a4 c8b8 h2g4 f6g4 h3g4 e7e6 a4c6 d7c6,48
rn4k1/p3pr1p/2pp1npQ/8/4P2P/qPp2P2/P1P3P1/1K1R1BNR w - -,h6c1 a3c1 b1c1 b8d7 g1h3 d7e5 f3f4 e5g4 f1c4 d6d5,Mate
3q2k1/p5p1/1p3pQ1/3Np3/2PpP3/1P4P1/P4P2/6K1 w - -,g3g4 g8h8 g6f5 d8e8 g1f1 h8g8 f1e1 a7a5 g4g5 f6g5,570
2r3k1/1pr2pp1/p3p2p/4P2Q/3p2PP/1P2B3/1q3P2/4RBK1 w - -,g1g2 d4e3 e1e3 c7c1 e3f3 c8f8 f3f6 b2d2 g4g5 d2d5,-430
r1bq1rk1/p2nppbp/6p1/Pp1pP3/3P4/5N2/1PQ1BPPP/R1B2RK1 w - -,e2b5 d7b8 c1d2 c8a6 b5a6 b8a6 c2c6 a6c7 f1c1 c7e6,252
rnbqk2r/5pb1/3pp1p1/p1pP3p/1pP1PP2/3B4/PP1Q1KPP/RNN2R2 w kq -,d5e6 c8e6 c1e2 b8c6 f2g1 e8h8 f4f5 e6d7 e2f4 a5a4,-209
r2q1rk1/ppp1b1pp/2n1pn2/3pp3/P3P3/2PP1N2/1P3PPP/RNBQR1K1 w - -,b1d2 a7a5 e4d5 d8d5 d1b3 f6d7 b3c4 f8e8 d2b3 b7b6,38
r4rnk/2p1q2p/p2p3b/3PpnN1/8/2N4P/PP1B1PR1/2KQ2R1 w - -,g5e6 f8f7 c1b1 h6d2 d1d2 f5h4 g2g7 h4g6 g7f7 e7f7,98
7r/6Rp/2k1pp2/8/8/2P1BP2/P4P1b/3K4 w - -,f3f4 e6e5 g7f7 c6d5 f7f6 h8c8 f4e5 h2e5 f6h6 c8c7,157
1rbqr1k1/2pp1ppp/2n5/2bBp3/1p2P3/3P1N2/1PP2PPP/R1BQ1RK1 w - -,f3g5 e8e7 d1h5 h7h6 g5f7 e7f7 d5f7 g8f8 c1e3 c5b6,527
r1b2rk1/p1b3pp/5q2/2pnNp2/Q2Pp3/6P1/PP3PBP/R1B2RK1 w - -,c1g5 f6d6 f1d1 h7h6 g5f4 d5f4 g3f4 c5d4 a1c1 c7b6,-36
6k1/p4ppp/5n2/2p5/5Q2/3P3P/Pqn2PP1/2R3K1 w - -,c1c2 b2b7 c2c5 h7h5 d3d4 b7b1 c5c1 b1g6 c1e1 g8h7,526
8/6k1/8/6PK/8/8/6r1/8 w - -,c1c2 b2b7 c2c5 h7h5 d3d4 b7b1 c5c1 b1g6 c1e1 g8h7,Mate
rnbq1rk1/ppp2ppp/8/3np3/1b6/2NP2P1/PPP1NPBP/R1BQK2R w KQ -,a2a3 d5c3 e2c3 b4c5 e1h1 b8c6 f1e1 f8e8 d1h5 g7g6,26
r1b2r2/1p4kp/2p3p1/8/q1nN1P2/2B5/2P4P/1K2R2R w - -,d1d2 c8e6 a2a3 b4e7 f2f4 b8c6 c3d5 e6d5 e2c3 d5g2,Mate
rnb1k2r/5pb1/3ppqp1/p1pP3p/1pP1PP2/3B4/PP1Q2PP/RNN2RK1 w kq -,f1e1 f6b2 e4e5 b2d2 b1d2 e8h8 d3e4 a8a7 c1d3 e6d5,-223
r2q1rk1/ppp3pp/2nb4/4p3/5p2/P1NP1b1P/1PPB1PP1/R1Q2RK1 w - -,c3e4 f3e4 d3e4 g8h8 g1h2 a7a5 d2c3 d8h4 c1d2 h4e7,-529
r5k1/1b2qp1n/3p2p1/1ppPP2p/1n6/1PN2N1P/3Q1PP1/1B2R1K1 w - -,c3e4 d6e5 d5d6 e7d8 f3e5 b7e4 b1e4 a8a2 d2d1 h7f6,366
r1bq1rk1/ppp2pp1/2np3p/4p2Q/2B1P3/2PP4/PP3PPP/R1b1RNK1 w - -,h2h4 c1b2 a1b1 b2c3 e1e3 c6d4 g2g4 d6d5 e4d5 b7b5,-464
r3k1nr/pp3pbp/2Pp2p1/q7/3pP3/5B2/PPP1NPPP/R2QK2R w KQkq -,d1d2 a5d2 e1d2 b7c6 e4e5 e8a8 e5d6 g8f6 a1e1 d8d6,36
r1bqk2r/pp2bppp/2nppn2/8/2PN4/1P2P3/PB3PPP/RN1QKB1R w KQkq -,g2g3 d8a5 b2c3 a5c7 f1g2 c6d4 d1d4 c8d7 e1h1 e8h8,39
r4rnk/2p1q2p/p2p4/3Ppnb1/8/2N4P/PP1B1PR1/1K1Q2R1 w - -,d2g5 e7f7 b1a1 g8e7 d1d3 h7h6 g5e7 f5e7 d3c4 e7f5,116
rnbqkb1r/p3pppp/2p2n2/1p2N3/P1p5/4P3/1P1P1PPP/RNBQKB1R w KQkq -,a4b5 c6b5 d1f3 d8d5 b1c3 d5e5 f3a8 a7a6 d2d3 e5c7,90
r1bqk2r/1p3ppp/p1n1pn2/2bp2B1/8/P1N2N2/1PP1PPPP/R2QKB1R w KQkq -,e2e3 h7h6 g5h4 c5e7 d1d2 e8h8 f1d3 b7b5 e1h1 c8b7,-54
rn4k1/p3pr1p/2pp1np1/2q5/4P2P/1Pp2P2/P1P3P1/1KQR1BNR w - -,g1h3 b8d7 h3g5 d7e5 h4h5 g6h5 g5f7 g8f7 f1e2 e5g6,185
1rbq2k1/2pprppp/2n5/2bBp1N1/1p2P3/3P4/1PP2PPP/R1BQ1RK1 w - -,d1h5 h7h6 g5f7 e7f7 d5f7 g8f8 c1e3 c5d4 e3d4 e5d4,568
r2qk2r/ppp2pp1/2nbpn1p/3p1bB1/3P4/2NBPN2/PPP2PPP/R2Q1RK1 w kq -,g5h4 g7g5 d3f5 e6f5 h4g3 d6g3 f2g3 c6e7 f3e5 e8h8,12
r4rnk/2p2q1p/p2p4/3PpnB1/8/2N4P/PP3PR1/1K1Q2R1 w - -,b1a1 g8f6 d1d3 f6d7 c3e4 h7h6 g5c1 f8g8 g2g4 a8f8,107
5r2/8/3k4/1p1p1P2/1P1K4/8/8/5R2 w - -,f5f6 f8f7 f1a1 f7c7 a1a6 d6d7 d4d5 c7c1 a6a8 c1d1,575
2kr3r/bppbqp2/p1np1n1p/4p1p1/4P3/1BPPB1NP/PP3PPN/R2Q1RK1 w - -,b3a4 c8b8 h2g4 f6g4 h3g4 e7e6 a4c6 d7c6 e3a7 b8a7,39
r1b2rk1/pp1nqpbp/2pp1np1/8/2PNP3/2N5/PPQ1BPPP/R1BR2K1 w - -,c1g5 d7c5 f2f3 f8e8 d1d2 a7a5 a1e1 e7f8 g5e3 a5a4,55
r4rk1/ppp3pp/2nb4/4p3/5p1q/P1NP1P1P/1PPB1P2/R1Q2RK1 w - -,g1h2 f8f6 f1g1 c6d4 c1d1 f6h6 d1f1 d4f3 h2h1 f3d2,-624
r1b2Qnr/ppkp3p/2n2b2/q3p3/2B1P3/2N2N2/PP3PPP/R1B1K2R w KQ -,c4g8 f6d8 f8g7 h8g8 g7g8 a5a6 c1e3 c7b8 a1d1 d8c7,635
8/8/8/5k1P/7K/8/p7/N2b4 w - -,h5h6 f5g6 h4g3 g6h6 g3f4 d1b3 f4e3 h6g5 e3e4 g5f6,Mate
8/4k3/6K1/6P1/8/8/6r1/8 w - -,g6f5 e7f7 g5g6 f7g7 f5e4 g7f6 g6g7 g2g7 e4d4 f6e6,-457
r1bqkb1r/p1p2p2/1pn1pn1p/3p2p1/3P4/2P1BNP1/PP2PP1P/RN1QKB1R w KQkq -,f1g2 c8b7 a2a4 f8g7 h2h4 g5g4 f3h2 h6h5 e1h1 a7a5,-11
rnbq1rk1/ppp1ppb1/3p1npp/8/3P4/2N2NP1/PPP1PPBP/R1BQ1RK1 w - -,e2e4 b8c6 h2h3 e7e5 c1e3 g8h7 d1d2 b7b6 a1d1 c8b7,62
Q3r1r1/1ppk1pP1/3q4/1P6/2N5/2PR1b2/P4PPP/6K1 w - -,a8d8 d7d8 d3d6 c7d6 c4e3 g8g7 g1f1 f3e4 f1e2 e4g2,-689
6k1/p7/1p3p2/4p3/2PpP3/1P4P1/P4P2/6K1 w - -,b3b4 g8h8 g1f1 h8g8 f1e2 g8g7 f2f4 f6f5 e2d3 b6b5,568
8/8/3k3r/1p1p1P2/1P1K4/8/8/5R2 w - -,f1f4 h6f6 f4f1 f6h6 f5f6 h6h4 d4e3 h4h8 f6f7 d6e7,348
r4r1k/2p2q1p/p2p1n2/3PpnB1/8/2N4P/PP3PR1/K2Q2R1 w - -,a2a3 a8b8 d1d3 f6h5 g2g4 f5d4 g5h6 f8c8 f2f4 f7f5,113
1rbq2k1/2pprpp1/2n4p/2bBp1NQ/1p2P3/3P4/1PP2PPP/R1B2RK1 w - -,g5f7 e7f7 d5f7 g8f8 c1e3 c5d4 e3d4 c6d4 f2f4 e5f4,576
r3k2r/ppp2ppp/2n5/2bqp3/8/3P1N2/PPP2PPP/R1BQ1RK1 w kq -,d1e2 e8a8 c1e3 f7f6 e3c5 d5c5 a2a3 g7g5 b2b4 c5d5,-57
rnb5/pp3p1p/2pk4/4p1Q1/3p4/1P1P3P/q1P1PPP1/b2K1B1R w - -,e2e4 b8d7 g5g8 a1c3 g2g4 a2b1 d1e2 b1c2 e2f3 c2b3,-698
r5k1/ppp3pp/2nb1r2/4p3/5p1q/P1NP1P1P/1PPB1P1K/R1Q2R2 w - -,f1g1 c6d4 c1f1 d4f3 h2h1 f3d2 g1g4 h4g4 h3g4 f6h6,-635
r3k1nr/p4pbp/2pp2p1/8/3pP3/5B2/PPPKNPPP/R6R w kq -,e4e5 e8a8 e5d6 d8d6 a1e1 d4d3 c2d3 g7b2 e1b1 b2e5,35
r1bqnrk1/p2nppbp/2p3p1/Pp2P3/3P4/2N2N2/1PQ1BPPP/R1B2RK1 w - -,h2h4 d7b8 h4h5 c8f5 e2d3 f5d3 c2d3 e8c7 c1e3 b8a6,191
r1bq1rk1/pp2bppp/2nppn2/8/2PN4/1P2P3/PB2BPPP/RN1QK2R w KQ -,e1h1 c6d4 d1d4 c8d7 b1c3 d8a5 f1d1 d7c6 d4f4 a7a6,33
1r3r1k/2p2q1p/p2p1n2/3PpnB1/8/P1N4P/1P3PR1/K2Q2R1 w - -,d1d3 f6d7 c3e4 h7h6 g5e3 f8g8 g2g4 g8g4 h3g4 f5e3,113
r1b2rk1/p1b3pp/8/2pnNpq1/Q2Pp3/6P1/PP3PBP/R4RK1 w - -,a4c6 g5e7 c6a8 e7e6 a8a7 c5d4 e5d3 c7b6 a7a3 f5f4,-39
2r3k1/1p3pq1/p3p3/4P2P/3p1QP1/1Pr5/5P2/4RBK1 w - -,f1g2 c8f8 h5h6 g7g6 g1f1 a6a5 g2e4 f7f5 g4f5 e6f5,-55
2r5/8/3K2k1/8/8/2P1R3/8/8 w - -,d6d5 c8d8 d5c6 d8f8 c3c4 g6g5 c4c5 g5f4 e3e6 f8c8,603
rnb1k2r/5pb1/3p1qp1/p1pp3p/1pP1PP2/3B4/PP1Q1RPP/RNN3K1 w kq -,d2e1 e8h8 c4d5 a5a4 b1d2 a4a3 d2c4 c8a6 e4e5 a3b2,-223
8/8/3k1P2/1p1p4/1P1K3r/8/8/5R2 w - -,d4d3 h4h3 d3d4 h3h4 d4e3 h4h8 f6f7 d6e7 e3d4 e7f8,483
r3k2r/ppp1qppp/2np1n2/1Bb1p1B1/4P1b1/3P1N2/PPP2PPP/RN1QR1K1 w kq -,b1c3 a7a6 c3d5 e7d8 b5c6 b7c6 d5f6 g7f6 g5e3 c5e3,84
3r1rk1/ppqnbppp/4b3/4p3/2PpP3/1P4PP/PBQN1PBK/R4R2 w - -,f2f4 f7f6 d2f3 a7a5 f3e1 a5a4 a1b1 d8b8 c2d1 e6f7,-128
r1b2rk1/pp2qpbp/2pp1np1/2n3B1/2PNP3/2N5/PPQ1BPPP/R2R2K1 w - -,f2f3 f8e8 d1d2 a7a5 a1e1 e7f8 e2f1 f6d7 g5h4 c5e6,54
r1bq1rk1/pp2bppp/3ppn2/8/2Pn4/1P2P3/PB2BPPP/RN1Q1RK1 w - -,b1c3 d4e2 d1e2 c8d7 e3e4 a7a6 a1d1 d8c7 d1d3 b7b5,-370
1rb2qk1/2pprNp1/2n4p/2bBp2Q/1p2P3/3P4/1PP2PPP/R1B2RK1 w - -,b1c3 d4e2 d1e2 c8d7 e3e4 a7a6 a1d1 d8c7 d1d3 b7b5,Mate
r2qkbnr/pp3ppp/4p3/3p1b2/2pn1P2/2P1P3/PP1PB1PP/RNBQ1RK1 w kq -,c3d4 b7b5 d2d3 c4d3 e2d3 a7a6 d3f5 e6f5 d1d3 g7g6,-28
4Q3/5ppk/6qp/pp1P4/1P5P/6P1/5PK1/8 w - -,b4a5 b5b4 d5d6 g6d6 e8e4 f7f5 e4b7 b4b3 b7b3 f5f4,253
1r3r1k/2p2q1p/p2p4/3Pp1Bn/3n2R1/P1NQ3P/1P3P2/K5R1 w - -,g5h6 f7f3 d3a6 f8c8 a6c4 d4f5 h6c1 h5f6 g4g2 b8b7,126
rnb2rk1/5pb1/3p1qp1/p1pP3p/1p2PP2/3B4/PP1Q1RPP/RNN3K1 w - -,g1h1 b8d7 a2a3 c8b7 d2e2 d7b6 d3b5 c5c4 f4f5 g6g5,-220
r1bq1rk1/pp1n1ppp/2p2n2/4p3/1b2P3/PPpP1N1P/1BPQ1PP1/R3KB1R w KQ -,a3b4 c3d2 f3d2 f6h5 d2c4 f8e8 g2g3 d7f8 f1e2 h5f6,-651
r1bq1rk1/1pppnpbp/p1n3p1/1B6/3NP3/1P6/PBP2PPP/RN1Q1RK1 w - -,b5c6 d7c6 b2c3 f7f5 d4e2 d8d1 f1d1 f5e4 c3g7 g8g7,-19
2r1r1k1/1b3p2/p5pp/1pn1b2n/2p1P3/P1P1R1PP/1PBN1P1B/R5K1 w - -,a3a4 e5c7 e3e2 c8d8 a4b5 a6b5 g1f1 g6g5 f1g2 h5g7,-416
2kr2nr/p4pbp/2pp2p1/4P3/3p4/5B2/PPPKNPPP/R6R w - -,e5d6 d8d6 a1e1 g8f6 e2c1 f6d7 c1d3 c6c5 b2b3 g7h6,44
r1b2rk1/p1b1q1pp/2Q5/2pnNp2/3Pp3/6P1/PP3PBP/R4RK1 w - -,c6d5 c8e6 e5c6 e7e8 d5c5 c7b6 c5d6 f8f6 d4d5 e6d7,-66
8/8/3k1P2/1p1p4/1P6/3K3r/8/5R2 w - -,d3d4 h3h4 d4e3 h4h8 f6f7 d6e7 e3d4 e7f8 f1f5 h8h2,394
7k/qqqqqqR1/6q1/6q1/6q1/2B3q1/PPP3q1/1K1B2q1 w - -,d3d2 h3h8 f6f7 d6e7 d2d3 h8c8 f1f5 e7f8 f5d5 f8f7,Mate
r1bq1rk1/pp2bppp/3p1n2/4p3/2PQ4/1P2P3/PB2BPPP/RN3RK1 w - -,d4d3 a7a6 b1c3 c8e6 f1d1 d8b6 b2c1 a8c8 e3e4 b6c6,104
1r3r1k/2p4p/p2p3B/3Pp2n/3n2R1/P1NQ1q1P/1P3P2/K5R1 w - -,d3a6 f8e8 a6c4 e8e7 c3e4 f3e2 c4e2 d4e2 g1d1 e7f7,164
r1bqnrk1/p2np1b1/2p1p1pp/Pp2P3/3P4/2N5/1PQ1BPPP/R1B2RK1 w - -,c2g6 c6c5 e2d3 f8f5 d3f5 d7f8 g6g3 e6f5 d4c5 d8c7,128
r4rk1/p1b1q1pp/4b3/2pQNp2/3Pp3/6P1/PP3PBP/R4RK1 w - -,e5c6 e7e8 d5c5 c7b6 c5d6 f8f6 d4d5 e6d7 d6f4 d7c6,-67
r5k1/ppp3pp/2nb3r/4p1q1/5p2/P2P1P1P/1PPB1P1K/R1Q2R2 w - -,f1g1 g5h5 c1f1 c6d4 d2c1 g8h8 c2c4 a8g8 h2h1 d4f3,-942
8/qqqqqq1k/6R1/6q1/6q1/2B3q1/PPP3q1/1K1B2q1 w - -,f1g1 g5h5 c1f1 c6d4 d2c1 g8h8 c2c4 a8g8 h2h1 d4f3,Mate
r1bq1rk1/ppppbppp/2n5/4P3/3P1n2/2P2B2/PP4PP/RN1QK1NR w KQ -,b1d2 d7d6 g1e2 f4d3 e1f1 d6e5 d1c2 e5d4 c2d3 d4c3,-555
2r5/8/3KR3/5k2/8/2P5/8/8 w - -,e6e5 f5f6 e5c5 c8e8 c3c4 e8e6 d6c7 e6e4 c7b6 f6e7,603
2kr2nr/p4pbp/2B3p1/4p3/3p4/8/PPPKNPPP/R6R w - -,c6b5 d8d6 h2h4 g8f6 h1h3 a7a6 b5c4 d6c6 c4b3 h8d8,-106
5rk1/1pr2pq1/p3p3/4P2P/3p1QP1/1P6/5P2/4RBK1 w - -,f1d3 f7f6 e5f6 g7f6 f4f6 f8f6 g1g2 c7c3 e1d1 c3b3,-84
1rr4k/2p4p/Q2p3B/3Pp2n/3n2R1/P1N2q1P/1P3P2/K5R1 w - -,a6c4 d4f5 h6g5 f5d4 c3e4 c8g8 a1a2 f3e2 c4e2 d4e2,177
3q2k1/p5p1/1p3pQ1/3N4/2PpPp2/1P4P1/P7/6K1 w - -,g3f4 d4d3 d5f6 d8f6 g6f6 g7f6 g1f2 d3d2 f2e2 d2d1r,723
r2q1rk1/pp1bbppp/3ppn2/8/2PQ4/1P2P3/PB2BPPP/RN3RK1 w - -,b1c3 d8a5 a2a3 d7c6 b3b4 a5g5 f2f3 f8d8 a1d1 e6e5,34
rn1q1rk1/pp3ppp/3pbn2/4p3/2P5/P1B2N2/1PQ1PPPP/R3KB1R w KQ -,e2e3 d8c8 f3d2 b8d7 f1e2 a7a5 e1h1 a5a4 f2f4 f6g4,17
r1bq1rk1/1pp1npbp/p1p3p1/1B6/4P3/1P6/PBP2PPP/RN1Q1RK1 w - -,d1c1 g7b2 c1b2 a6b5 f1e1 b5b4 c2c3 c6c5 b1d2 b4c3,-490
r5k1/ppp3pp/2nb3r/4p3/5p1q/P2P1P1P/1PPB1P1K/R1Q3R1 w - -,c1f1 c6d4 h2h1 h4h5 g1g4 d4f3 f1g2 f3d2 f2f3 h5h3,-676
rn1qkbnr/pb2pppp/2p5/1p2N3/P1p5/4P3/1P1P1PPP/RNBQKB1R w KQkq -,a4b5 c6b5 b2b3 b8c6 c1b2 c6e5 b2e5 g8f6 b3c4 f6d7,65
r2qkb1r/1b1p1pp1/p1n1p3/1pp1P2p/5Pn1/2NP2PN/PPP3BP/R1BQ1RK1 w kq -,h3f2 d7d5 f2g4 h5g4 d1g4 c6d4 c3e2 d4c2 f4f5 d8d7,17
r2q1rk1/pp2bppp/2bppn2/8/2PQ4/1PN1P3/PB2BPPP/R4RK1 w - -,b3b4 d8b6 b4b5 b6d4 e3d4 c6d7 a2a4 b7b6 f1c1 f8c8,56
r6r/p1ppk3/1p2pqQ1/6B1/2P5/8/PP2nPbP/R4R1K w - -,h1g2 e2f4 g2h1 f4g6 f2f4 h8h5 g5f6 e7f6 f1f2 g6h4,-566
1rr4k/2p4p/3p3B/3Ppn1n/2Q3R1/P1N2q1P/1P3P2/K5R1 w - -,h6g5 b8a8 c3e4 h7h6 g5e3 f5e3 f2e3 f3e3 a1a2 a8b8,201
6k1/R7/8/6q1/6q1/2B3q1/PPP3q1/1K1B2q1 w - -,h6g5 b8a8 c3e4 h7h6 g5e3 f5e3 f2e3 f3e3 a1a2 a8b8,Mate
N1bq3r/1p1kbQpp/p2p1n2/2pN4/4P3/6P1/PPPB1P1P/R3KB1R w KQ -,h6g5 b8a8 c3e4 h7h6 g5e3 f5e3 f2e3 f3e3 a1a2 a8b8,Mate
2r5/8/3K1k2/4R3/8/2P5/8/8 w - -,e5e6 f6f5 e6e5 f5f4 e5c5 c8h8 c3c4 f4e4 c5g5 h8d8,603
rnbq1rk1/ppp1b1pp/3ppn2/5p2/3P1B1P/2N1PN2/PPP2PP1/R2QKB1R w KQ -,a2a3 a7a6 f1c4 b7b5 c4a2 c7c5 d4d5 c5c4 d5e6 b8c6,22
8/k4p2/P4rp1/1K5p/5P1P/6P1/8/R7 w - -,b5c5 f6e6 a1a3 e6b6 c5d5 a7a8 a6a7 b6e6 a3c3 e6e8,274
r1b3k1/1p2n1pp/pq2p3/3p4/3n4/2N2P2/PP1QBP1P/R4RK1 w - -,f1e1 c8d7 a1d1 e7f5 f3f4 b6d8 h2h3 d8h4 e2g4 h7h5,-72
r4rk1/pp1q1pb1/2n3pp/3pPpB1/2pP1P2/2P1R3/PP4PP/RN1Q2K1 w - -,e5e6 d7d6 g5h4 d6f4 h4f2 a8e8 e6f7 g8f7 e3e8 f8e8,-127
rnb1kb1r/pp3ppp/2q2n2/2pQ4/8/2N2N2/PP2PPPP/R1B1KB1R w KQkq -,d5c6 b8c6 e2e4 c8e6 f1b5 e8a8 b5c6 b7c6 f3g5 e6c4,35
1k1r3r/bppbqp2/p1np1n1p/3Bp1p1/4P3/2PPB1NP/PP3PPN/R2Q1RK1 w - -,a2a4 h6h5 d5c6 d7c6 e3g5 d8g8 h3h4 e7e6 d1f3 f6h7,20
2r3k1/1b4pp/p7/1p2Pp2/4q3/P1K4P/1P2B3/3Q2R1 w - -,c3d2 e4d4 e2d3 d4f4 d2e1 f4e3 e1f1 c8c1 d1c1 e3c1,Mate
2b1nrk1/p6p/1p4pQ/nPq2p2/8/P2B4/1BP2PPP/3R2K1 w - -,h2h4 e8f6 d3e2 c5e7 d1e1 c8e6 e2f3 a5c4 b2a1 e7d6,-81
N1bq3r/1p2bQpp/p1kp1N2/2p5/4P3/6P1/PPPB1P1P/R3KB1R w KQ -,h2h4 e8f6 d3e2 c5e7 d1e1 c8e6 e2f3 a5c4 b2a1 e7d6,Mate
r3kb1r/pp1n1ppp/2pq1n2/3p2Bb/N2P4/2PB1N1P/PP3PP1/R2Q1RK1 w kq -,f1e1 f8e7 d1d2 d7b6 a4c5 e8h8 g5f4 d6d8 c5b7 d8d7,300
r7/ppp3kp/2nb3r/4p3/5p1q/P2P1P1P/1PPB1P1K/R1Q5 w - -,c1g1 h6g6 d2c3 g6g1 a1g1 g7f7 g1g2 a8f8 b2b4 f7e8,-1128
4Q3/p4ppk/7p/1p1P1q2/1P5P/6P1/5PK1/8 w - -,e8b5 f5e4 g2h2 a7a6 b5a6 e4d5 a6e2 f7f5 b4b5 d5c5,252
r4rk1/pp2bppp/1qbppn2/8/2PQ4/PPN1P3/1B2BPPP/R4RK1 w - -,d4b6 a7b6 b3b4 f8c8 f1d1 f6e4 c3e4 c6e4 b2d4 e7d8,47
r1b1kbnr/ppp2ppp/2nq4/4p3/8/1PP2N2/P2P1PPP/RNBQKB1R w KQkq -,f1c4 f8e7 d1e2 c8f5 d2d4 e5d4 f3d4 c6d4 c3d4 e8a8,-66
3r2k1/1pr2pq1/p3p3/4P2P/3p1QP1/1P6/5P2/4RBK1 w - -,h5h6 g7g6 f1d3 g6d3 f4g5 d3g6 g5d8 g8h7 d8c7 g6g4,488
r2q1k1r/1bpp2pp/3n1p2/p2BR3/8/B1P2Q2/P1PP1PPP/4R1K1 w - -,d5b7 a8b8 b7d5 h7h5 e5h5 h8g8 f3e2 d8e8 e2e8 b8e8,1713
r4rk1/1p2bppp/pQbppn2/8/2P5/PPN1P3/1B2BPPP/R4RK1 w - -,g1h1 f8d8 a1d1 d6d5 c4d5 f6d5 c3d5 d8d5 d1d5 c6d5,673
r3kb1r/1b1p1pp1/pqn1p3/1pp1P2p/4NPn1/3P2PN/PPP3BP/R1BQ1RK1 w kq -,c2c3 f7f5 e5f6 g7f6 d1e2 f6f5 e4g5 f8e7 h3f2 c6d8,-23
r3kbnr/ppp2ppp/2n1b3/3qp3/8/1PP2N2/P2P1PPP/RNBQKB1R w KQkq -,f1e2 e5e4 f3d4 c6d4 c3d4 d5d4 b1c3 g8f6 d1c2 e8a8,-158
r1bq2k1/p2np1n1/7Q/Pp2Pp2/3p4/2N5/1P3PPP/R4RK1 w - -,h6c6 d4c3 c6a8 c3b2 a1b1 d7e5 a8a7 e5c4 f1d1 d8e8,164
r1br2k1/pp2pp1p/1n4p1/n2q4/5B2/2P2NP1/P4PBP/R1Q2RK1 w - -,f1e1 a5c6 f4c7 d8e8 f3e5 d5c5 e5c6 b7c6 e1e5 c5c4,93
2b2rk1/p6p/1p3npQ/nPq2p2/8/P2B4/1BP2PPP/4R1K1 w - -,h2h4 c5f2 g1f2 f6g4 f2g1 g4h6 e1e7 f8d8 b2c3 h6g4,-95
r4rk1/4p1b1/p1p1bpp1/1p1n3P/3BNqp1/5P2/PPP2Q2/2KR1B1R w - -,d1d2 f4f3 f2f3 g4f3 h5h6 g7h8 h6h7 g8f7 d2f2 e6f5,-275
r3kbnr/pppq1ppp/2n1b3/4p3/2B5/1PP2N2/P2P1PPP/RNBQK2R w KQkq -,c4e2 e8a8 d2d3 e6f5 b3b4 f5d3 b4b5 d3e2 d1e2 c6e7,-107
r1br1nk1/4qp1p/pp4p1/3pP3/3P1Q2/2NB3R/PP4PP/5RK1 w - -,h3h4 a8a7 f4h6 a7c7 h2h3 e7b4 f1f2 b6b5 a2a3 b4e7,231
3r4/8/3K1k2/2R5/8/2P5/8/8 w - -,d6c7 d8d2 c3c4 d2d4 c7b6 f6e7 c5c7 e7d8 c4c5 d4d3,603
1r1q1k1r/1Bpp2pp/3n1p2/p3R3/8/B1P2Q2/P1PP1PPP/4R1K1 w - -,b7d5 h7h5 e5h5 h8g8 f3e2 d8e8 e2e8 b8e8 a3d6 c7d6,1713
r3kbnr/ppp2ppp/2n1q3/4p3/8/1PP2N2/P2P1PPP/RNBQK2R w KQkq -,c1b2 e8a8 e1h1 e5e4 f3d4 c6d4 c3d4 g8f6 d1c2 f8b4,-128
rqb2rk1/p6p/2p1pp2/b1Pp4/5P2/P3B3/1P3KPP/R2Q1B1R w - -,b2b4 a5d8 f1d3 e6e5 b4b5 c6b5 h1f1 b8b7 d1e2 e5e4,59
6k1/p5p1/1p1q1pQ1/3N4/2PpPP2/1P6/P7/6K1 w - -,g6e8 g8h7 d5e7 d6e7 e8e7 d4d3 g1f2 h7g6 e7e8 g6h6,4425
rnbqk1nr/ppppppbp/6p1/8/3P1B2/2P1P3/PP3PPP/RN1QKBNR w KQkq -,g1f3 g8f6 b1d2 d7d6 e3e4 e8h8 f1e2 f6h5 f4e3 e7e5,48
r3qrk1/p1b3pp/2N1b3/2pQ1p2/3Pp3/6P1/PP3PBP/R4RK1 w - -,d5c5 c7b6 c5d6 f8f6 d4d5 e6f7 d6e5 a8d8 f1d1 f7h5,-73
r7/ppp3kp/2nb2r1/4p3/5B2/P2P1P1q/1PP2P2/R1Q3K1 w - -,d5c5 c7b6 c5d6 f8f6 d4d5 e6f7 d6e5 a8d8 f1d1 f7h5,Mate
r1r3k1/p3Rpp1/3P3p/1p1n4/2pP4/B5P1/P4PKP/2R5 w - -,e7e5 d5b6 e5b5 c8d8 b5a5 d8d7 a3c5 a8c8 a2a4 f7f5,254
1rbr2k1/2q1ppbp/2p3p1/p7/1P6/P1P1BB2/5PPP/R1Q2RK1 w - -,f1e1 c8f5 e3c5 g7f6 g2g4 f5d3 b4a5 c7a5 c5e7 f6c3,21
r2qkbnr/pp1n1ppp/3P4/8/8/2N5/PP3PPP/R1BQK2R w KQkq -,d1e2 f8e7 e1h1 e8f8 d6e7 g8e7 f1d1 d8c8 c1g5 e7c6,291
r7/ppp3kp/2nb4/4p3/8/P2P1Prq/1PP2P2/R1Q3K1 w - -,c1f4 d8f6 d1d2 g7g5 f4g3 f6e6 e1d1 e8a8 h1e1 e6f5,Mate
r1bq1rk1/ppppnpbp/6p1/1B2n3/3NP3/1P6/PBP2PPP/RN1Q1RK1 w - -,b5e2 c7c5 f2f4 c5d4 f4e5 e7c6 e2c4 d7d6 e5d6 c8e6,-40
4B2n/7P/k7/p7/8/2K5/8/8 w - -,c3d4 a6b6 d4e5 b6c5 e5f6 c5d6 e8a4 d6d5 f6g7 d5c4,1165
r3r1k1/pp1q1p2/2n2Pp1/3p1p1p/2pP1P2/2P4R/PP4PP/RN1Q2K1 w - -,h3g3 g8f8 b1d2 e8e6 d2f3 e6f6 b2b3 c4b3 a2b3 f6e6,-132
r2r2k1/1q1n1ppp/p7/P1bbpP2/8/2RBB2P/1P3QP1/5RK1 w - -,e3c5 d7c5 c3c5 d5g2 f2g2 b7g2 g1g2 d8d3 c5e5 h7h6,-17
r2n3k/1p3rq1/1n2p2p/1P1pPpp1/p2P4/P1R4P/3QBPP1/2R2NK1 w - -,f1g3 g7f8 g3h5 f7e7 c3c7 d8c6 c7e7 c6e7 c1c7 f8d8,360
6r1/1p3p2/1N1p4/PP6/2Pk4/5P2/5P1P/5K2 w - -,f1e2 g8g1 h2h4 g1a1 a5a6 b7a6 h4h5 a6b5 c4b5 d4c5,-155
6k1/7p/p2N4/nppP4/1PP5/4r3/P6P/7K w - -,c4b5 c5b4 b5a6 e3e7 d6f5 e7a7 f5d4 a7a6 d4c2 a6b6,-493
r1bqn1k1/p2np1b1/6Qp/Ppp1Pp2/3P4/2N5/1P3PPP/R1B2RK1 w - -,g6e6 g8h8 c1h6 c5d4 h6g7 e8g7 e6d5 d4c3 d5a8 c3b2,172
6k1/8/6p1/3R1p1p/4pP1P/P3r1P1/8/6K1 w - -,g1f2 e3f3 f2g2 f3a3 d5d7 g8f8 g2f2 a3a6 f2e1 a6e6,-131
r2r2k1/1q3ppp/p7/P1nbpP2/8/2RB3P/1P3QP1/5RK1 w - -,c3c5 d5g2 f2g2 b7g2 g1g2 d8d3 c5e5 h7h6 f5f6 g7g5,-17
1rbr2k1/2q1pp1p/2p3pB/p3b3/1P6/P1P2B2/5PPP/R1Q2RK1 w - -,h2h3 c6c5 f1e1 c8b7 e1e5 c7e5 h6f4 e5e6 f4b8 b7f3,7
r1br2k1/pp3pbp/n2Bp1p1/q1P5/2p5/2n3P1/PPQNPPBP/R2R2K1 w - -,b2c3 a5c3 c2c3 g7c3 a1c1 a6c5 d2b1 d8d6 d1d6 c3f6,133
r1bq1rk1/1p2bppp/p1np1n2/4p3/2B1P3/2N1B3/PPP1NPPP/R2Q1RK1 w - -,e2g3 b7b5 c4b3 c6a5 e3g5 c8e6 g3f5 e6f5 e4f5 a5b3,33
r4rk1/bppq1pp1/p2p1nnp/8/1PPN2b1/P1N1P1P1/1B3PBP/2RQR1K1 w - -,c3e2 a8d8 d4f3 f6h7 h2h4 c7c6 f3h2 g4h3 d1c2 f8e8,60
8/2K5/5k2/2R5/8/2P5/8/3r4 w - -,c3c4 d1c1 c7d6 c1d1 c5d5 d1e1 d6c7 e1e7 d5d7 e7e4,603
r1bq1rk1/1pppnpbp/p5p1/1B2n3/3NPP2/1P6/PBP3PP/RN1Q1RK1 w - -,d1d2 a6b5 f4e5 c7c6 d2f2 f7f5 e5f6 f8f6 d4f3 f6f3,-52
r2qkb1r/pp1nPp1p/6p1/8/8/2N5/PP2QPPP/R1B1K2R w KQkq -,e7d8r e8d8 c1g5 d8c8 e2e8 c8c7 e8a8 f8g7 c3b5 c7c6,1658
4Q3/p5pk/1p1q1p2/3N4/2PpPP2/1P6/P7/6K1 w - -,e7f8b e8f8 c1h6 f8g8 e1h1 d8h4 e2e3 d7e5 h6g5 e5f3,Mate
rn2kb1r/pp1bpp1p/6p1/1BPn4/8/2P5/PP3PPP/RNB1K1NR w KQkq -,b5c4 d7c6 g1e2 b8d7 e2d4 d7c5 d4c6 b7c6 e1d1 a7a5,22
1rbr2k1/2q1pp1p/6pB/p1p1b3/1P6/P1P2B1P/5PP1/R1Q2RK1 w - -,f1e1 c8b7 e1e5 c7e5 h6f4 e5e6 f4b8 b7f3 c1f4 a5b4,4
8/1R6/8/5p2/3rkp2/8/8/4K3 w - -,e1e2 f4f3 e2f2 d4d2 f2f1 e4e3 b7e7 e3f4 e7b7 d2c2,-1
3r1rk1/p1q2bpp/1n3p2/1p2pP2/2PpP1P1/PP3R1P/1BQb2BK/5R2 w - -,c2d2 b5c4 b2c1 c4c3 d2c2 b6d7 g4g5 f6g5 c1g5 d7f6,-283
6N1/6k1/8/8/3K4/1B6/8/8 w - -,d4e5 g7g6 g8e7 g6h5 e5f5 h5h6 b3c4 h6g7 f5g5 g7h8,223
rn2kb1r/pp2pp1p/2b3p1/2Pn4/2B5/2P5/PP3PPP/RNB1K1NR w KQkq -,g1f3 b8d7 f3d4 d7c5 d4c6 b7c6 e1d1 a7a5 h1e1 a5a4,36
r1br2k1/pp3pbp/3Bp1p1/q1n5/2p5/2P3P1/P1QNPPBP/R2R2K1 w - -,d2c4 a5b5 c4e3 d8d7 a1b1 b5a5 c2c1 h7h6 c3c4 a7a6,127
r1r3k1/p4pp1/3P1n1p/1p2R3/2pP4/B5P1/P4PKP/2R5 w - -,e5b5 c8c6 b5a5 g8h7 d4d5 c6c8 a3c5 f6d5 c1c4 d5f6,278
6k1/7p/p7/nppP1N2/1PP5/8/P6P/4r2K w - -,h1g2 a5c4 b4c5 e1e5 f5h6 g8f8 h6g4 e5d5 g4f6 d5g5,-630
4B2n/7P/8/k7/p7/2K5/8/8 w - -,e8d7 a5b6 c3d4 b6c7 d7a4 c7d6 a4b3 d6e7 d4e5 e7f8,944
r1bqkb1r/ppp3pp/2np1n2/3p1p2/5B2/2N1PN2/PPP2PPP/R2QKB1R w KQkq -,c3d5 h7h6 h2h4 g7g6 f1c4 f6d5 c4d5 d8f6 c2c4 c6e5,46
r1bq1rk1/1p1pnpbp/p5p1/2p1n3/3NPP2/1P6/PBP1B1PP/RN1Q1RK1 w - -,f1f2 d7d6 f4e5 c5d4 e5d6 e7c6 e2d3 d8d6 b2a3 c6b4,-26
r3qrk1/p5pp/1bN1b3/2Q2p2/3Pp3/6P1/PP3PBP/R4RK1 w - -,c5d6 f8f6 d4d5 e6f7 d6e5 a8d8 f1d1 e8e5 c6e5 f7h5,-76
rqb2rk1/p1b4p/2p1pp2/2Pp4/1P3P2/P3B3/5KPP/R2Q1B1R w - -,d1g4 g8h8 f1d3 e6e5 g4h4 f8f7 h1f1 c8d7 f2g1 b8g8,80
r3kb1r/pp1npp1p/2b3p1/2Pn4/2B5/2P2N2/PP3PPP/RNB1K2R w KQkq -,f3d4 d7c5 d4c6 b7c6 e1d1 a7a5 d1c2 a5a4 b1a3 e7e6,30
r3qk1r/2pp2pp/b2n1p2/p2BR3/8/B1P2Q2/P1PP1PPP/4R1K1 w - -,d5a8 e8e5 e1e5 a6c4 e5c5 c4e6 c5c7 f8e7 f3c6 e7f7,1630
r1r3k1/p4pp1/3P3p/3nR3/1ppP4/B5P1/P4PKP/2R5 w - -,d6d7 c8d8 e5d5 b4a3 c1c4 g8f8 c4a4 f8e7 a4a3 d8d7,256
r1bq1rk1/ppp2pp1/2np3p/4pN2/2B1P3/2PP1Q2/PP3PPP/R1b1R1K1 w - -,f5g7 g8g7 a1c1 d8f6 f3f6 g7f6 e1f1 c8e6 c4d5 f6g7,-342
6k1/7p/p7/1ppP1N2/1Pn5/8/P5KP/4r3 w - -,b4c5 e1e5 f5d4 c4e3 g2g3 e3d5 d4f3 e5e8 f3g5 g8g7,-642
r1bq1rk1/1p1pnpbp/p5p1/4P3/3pP3/1P6/PBP1B1PP/RN1Q1RK1 w - -,b1d2 e7c6 e2c4 d7d6 e5d6 b7b5 c4d5 d8d6 d2f3 c8e6,-10
r2n1q1k/1p3r2/1n2p2p/1P1pPpp1/p2P4/P1R3NP/3QBPP1/2R3K1 w - -,h3h4 f8g8 g3h5 f5f4 h5f6 g8g7 c3h3 g5g4 f6g4 b6c4,350
rqb2r1k/p1b4p/2p1pp2/2Pp4/1P3PQ1/P3B3/5KPP/R4B1R w - -,f1d3 e6e5 g4h4 f8f7 h1f1 c8d7 f2g1 b8g8 f4e5 c7e5,80
1k4rr/bppbqp2/p1np1n1p/3Bp1p1/1P2P3/2PPB1NP/P4PPN/R2Q1RK1 w - -,d5c6 d7c6 e3a7 b8a7 h2g4 f6g4 h3g4 h6h5 g4h5 g5g4,17
8/6R1/8/5p2/5p2/6r1/6k1/4K3 w - -,g7f7 g3e3 e1d2 e3e5 d2c3 f4f3 c3d4 e5a5 f7g7 g2f1,-924
r3q1k1/p5pp/1bNQbr2/5p2/3Pp3/6P1/PP3PBP/R4RK1 w - -,d4d5 e6f7 d6e5 a8d8 f1d1 e8e5 c6e5 f7h5 d1e1 d8d5,-73
r1b1k2r/1pq1npbp/p2pp1p1/2p5/2PnPP2/2NP2P1/PP4BP/R1BQNRK1 w kq -,e1c2 a8b8 a1b1 b7b5 c3e2 b5c4 d3c4 d4c2 d1c2 f7f5,-37
2r2b1r/1p3kp1/p1n1p1p1/3pP2p/N4PPP/3B4/PPP5/2KR3R w - -,a4b6 c8d8 g4h5 h8h5 c2c4 d5c4 d3e2 d8d1 h1d1 h5h4,-30
r1bq1rk1/ppppnppp/8/2b1p3/P1B1P1n1/3P1N2/1PP2PPP/RNBQK2R w KQ -,e1h1 d7d6 a4a5 a7a6 b1d2 c7c6 c2c3 g4f6 c4b3 e7g6,24
r1r3k1/p4pp1/3P3p/3R4/2pP4/p5P1/P4PKP/2R5 w - -,d6d7 c8d8 c1c4 g8f8 c4a4 f8e7 a4a3 d8d7 d5d7 e7d7,252
r1br2k1/pp3pbp/3Bp1p1/1qn5/2N5/2P3P1/P1Q1PPBP/R2R2K1 w - -,c4a3 b5a5 a3c4 a5b5 c4e3 d8d7 a1b1 b5a5 c2c1 h7h5,141
2r3k1/pp3pb1/4b1pp/QP1N4/P1Pp4/q5P1/5PBP/2R3K1 w - -,a5e1 d4d3 h2h4 g7b2 c1d1 c8c4 d5f4 e6f5 h4h5 g6g5,-114
1br1r1k1/1b3p2/p5pp/1pn4n/2p1PP2/P1P1R1PP/1PBN3B/R5K1 w - -,e3e2 g6g5 f4g5 h6g5 a1f1 f7f6 g3g4 h5f4 h2f4 b8f4,-471
6k1/4r2p/p7/1ppP4/1Pn5/8/P5KP/8 w - -,b4c5 c4e3 g2f3 e3d5 c5c6 d5c7 f3g4 g8f7 g4f5 e7e1,-903
5rk1/1pqbpp1p/3p1npQ/p7/2r1P3/1NN2P2/PPP3PP/1K1R3R w - -,d1d4 a5a4 d4c4 c7c4 b3d2 c4d4 h2h4 f8c8 a2a3 c8c3,-66
r2qkbnr/pp2pp1p/1np3p1/5b2/3P1P2/3BPN2/PP4PP/RNBQK2R w KQkq -,e3e4 f5g4 b1d2 f8g7 d1c2 g4f3 d2f3 g7d4 c1d2 g8f6,82
rnb2rk1/pppp1ppp/8/4p3/1b2P2q/1B6/PPPP1PPP/R1BQK1NR w KQ -,d1e2 d7d6 g1f3 h4f6 a2a4 a7a5 c2c3 b4c5 e1h1 c8e6,2
r2r2k1/p2P1pp1/7p/3R4/2pP4/p5P1/P4PKP/2R5 w - -,c1c4 g8f8 c4a4 f8e7 a4a3 a7a6 g2f3 d8d7 d5d7 e7d7,258
r1bqk2r/ppp2ppp/3b1n2/3p4/3P4/2NQ4/PPP1NPPP/R1B2RK1 w kq -,c3b5 e8h8 b5d6 d8d6 c1f4 d6c6 f1e1 f8e8 f2f3 h7h6,33
r1bq1rk1/1p2npbp/p2p2p1/4P3/3QP3/1P6/PBP1B1PP/RN3RK1 w - -,c2c4 e7c6 d4e3 g7e5 b2c3 c8e6 h2h3 d8e7 b1d2 a8e8,-10
5Q2/8/3p2p1/P1bP3k/5p2/3n1PqP/6P1/5B1K w - -,,0
8/1p6/p1b5/8/P1PKp3/1P6/5pk1/2R5 w - -,d4e3 f2f1q c1f1 g2f1 b3b4 c6a4 e3e4 f1e2 e4d4 e2d2,-808
rnb2rk1/ppp2ppp/3p4/4p3/1b2P2q/1B6/PPPPQPPP/R1B1K1NR w KQ -,,0
5k2/p5p1/1p1q1pQ1/3N4/2PpPP2/1P6/P4K2/8 w - -,e4e5 d6c6 e5f6 g7f6 g6f6 c6f6 d5f6 f8f7 f6d5 f7e6,3375
B4k1r/2pp2pp/b2n1p2/p3q3/8/B1P2Q2/P1PP1PPP/4R1K1 w - -,e1e5 a6c4 e5c5 c4e6 c5c7 f8e7 f3c6 e7f7 a3d6 f7g6,1676
8/5R2/8/4rp2/5p2/8/3K2k1/8 w - -,d2c3 f4f3 f7g7 g2f1 c3d4 e5a5 g7b7 f3f2 d4e3 a5a3,-1156
4r1k1/5pp1/BQ2pn2/P3q2p/1P1p4/5PP1/4P2P/2R3K1 w - -,c1d1 e5e3 g1f1 f6d5 b6d4 h5h4 a6b7 e3h6 f1g1 d5e3,305
rnbqkb1r/pp3pp1/7p/2pNp3/2P3n1/4P3/PP1P1PBP/R1BQK1NR w KQkq -,b2b3 f8d6 c1b2 b8c6 d1e2 a7a5 h2h3 g4f6 f2f4 a5a4,40
5rk1/r1qb1pb1/2Bp2p1/p2P1P1p/1p2P3/1N5P/1P3QP1/RN4K1 w - -,b1d2 g7b2 a1b1 b2c3 c6d7 c7d7 b3d4 a7a8 d2f3 d7e7,-285
rqb2r1k/p1b4p/2p2p2/2Ppp3/1P3PQ1/P2BB3/5KPP/R6R w - -,f4f5 e5e4 d3e2 f8g8 g4h3 c7f4 a1d1 f4e3 h3e3 c8f5,-166
r3q1k1/p4bpp/1bNQ1r2/3P1p2/4p3/6P1/PP3PBP/R4RK1 w - -,d6e5 e8d7 c6e7 g8h8 d5d6 a8f8 a1d1 f7a2 e7d5 a2d5,-85
r1b1kb1r/1pqpnppp/p3p3/2p5/2PnP3/2N2NP1/PP1P1PBP/R1BQ1RK1 w kq -,c3e2 d4e2 d1e2 e7c6 e4e5 b7b5 d2d3 c8b7 c1e3 f8e7,22
5k2/p2Q1p1p/6p1/8/8/2N5/PP3PPP/R1B1K2R w KQ -,a1b1 e7c6 d2d3 f8e7 a2a3 d4f3 d1f3 e8h8 f3d1 e7f6,Mate
5k2/p5p1/1p3pQ1/3N4/2PpPP2/qP6/P3K3/8 w - -,d5c7 a3e7 c7b5 a7a6 b5d4 e7a3 e4e5 a3b2 d4c2 f6e5,564
r1br2k1/pp3p1p/n2Bp1p1/q1Pn4/2p5/2b3P1/PPQNPPBP/R2R2K1 w - -,d2c4 a5b5 e2e4 a6c5 e4d5 b5c4 d6e7 d8e8 d5d6 c8d7,154
6k1/8/6p1/3R1p1p/4pP1P/P3r1PK/8/8 w - -,d5a5 g8f7 h3g2 f7e6 a5e5 e6d6 a3a4 e3e2 g2f1 e2c2,-1
r1b2rk1/pp1nqpbn/3p2pp/2pPp3/2P1P3/2N1BN2/PPQ1BPPP/R2R2K1 w - -,g2g3 d7f6 e3d2 f6e8 f3h4 g7f6 h4g2 h6h5 c2d3 g8h8,82
rnbqk2r/pp3pp1/3b3p/2pNp3/2P3n1/1P2P3/P2P1PBP/R1BQK1NR w KQkq -,c1b2 b8c6 d1e2 e8h8 e1a1 a7a5 a2a4 c6b4 d2d3 d8h4,27
r1b2rk1/2q1bppp/p2ppn2/1p4B1/3NP3/PnN3Q1/1PP2PPP/2KRR3 w - -,c1b1 b3d4 d1d4 f6e8 g5e7 c7e7 d4d3 c8b7 f2f4 a8c8,-400
2r2kb1/7p/2p5/3p4/8/8/8/7K w - -,c1b1 b3d4 d1d4 f6e8 g5e7 c7e7 d4d3 c8b7 f2f4 a8c8,Mate
8/K1k5/2r3pp/P4p2/7P/5RP1/5P2/8 w - -,f3b3 f5f4 g3f4 c6c4 b3b7 c7c8 b7f7 c4e4 a5a6 e4d4,467
rnbqk2r/ppppppbp/5np1/8/3P1B2/2P1P3/PP1N1PPP/R2QKBNR w KQkq -,h2h3 e8h8 g1f3 d7d6 f1e2 b7b6 e1h1 c7c5 f4h2 c8b7,41
r1bq1rk1/ppb2pp1/2n2n1p/2p1p1N1/P1NpP3/3P2P1/1PP2PBP/R1BQ1RK1 w - -,h2h4 h6g5 h4g5 f6g4 g2f3 d8d7 f3g2 d7e7 g2h3 g4e3,-200
4k3/7Q/6p1/8/8/2N5/PP3PPP/R1B1K2R w KQ -,h2h4 h6g5 h4g5 f6g4 g2f3 d8d7 f3g2 d7e7 g2h3 g4e3,Mate
5k2/p5p1/1p3pQ1/3NP3/2Pp1P2/1P6/q3K3/8 w - -,e2e1 a2a5 e1d1 a5a1 d1d2 a1a5 b3b4 a5a2 g6c2 a2c2,613
8/8/3k1r2/1p1p1P2/3K4/8/1P6/5R2 w - -,f1f4 b5b4 b2b3 f6f8 f5f6 f8f7 f4f3 d6e6 f3f1 e6d6,446
r2q1k1r/3p2pp/b2p1p2/p3R3/2B5/2P2Q2/P1PP1PPP/4R1K1 w - -,e5a5 d8e8 e1e8 a8e8 a5a6 e8e1 c4f1 f8e7 f3g3 e7f7,1015
r5k1/p2q1bpp/1bN2r2/3PQp2/4p3/6P1/PP3PBP/R4RK1 w - -,c6e7 g8h8 d5d6 a8f8 a2a4 f7c4 f1c1 f6e6 e5f4 e6d6,-74
r1br2k1/pp3p1p/n2Bp1p1/2Pn4/1qN5/2b3P1/PPQ1PPBP/R2R2K1 w - -,e2e4 a6c5 e4d5 b4c4 d6e7 d8e8 d5d6 c8d7 a1c1 c5a4,138
8/6k1/4Q3/8/8/2N5/PP3PPP/R1B1K2R w KQ -,e2e4 a6c5 e4d5 b4c4 d6e7 d8e8 d5d6 c8d7 a1c1 c5a4,Mate
5k2/p5p1/1p3pQ1/3NP3/2Pp1P2/1q3K2/8/8 w - -,f3e4 b3c2 e4d4 c2g6 e5e6 g6c2 d5c7 c2d2 d4e4 d2e2,-533
8/6k1/6p1/8/8/8/5r2/3K3R w - -,,0
r4rk1/5ppn/p1npbq1p/1pp1pN2/P3P1QP/2PP2N1/1PB2PP1/R3K2R w KQ -,g3h5 f6g6 g4f3 d6d5 h5g7 d5d4 h1h3 g8h8 h3g3 g6f6,282
r1b1kb1r/1p1pnppp/p3p3/8/2qpP3/6P1/PP1PNPBP/R1BQ1RK1 w kq -,a2a3 e6e5 f2f4 d7d6 d2d3 c4c7 f4f5 h7h5 c1g5 e7c6,-50
8/8/kpp5/8/2p5/8/8/7K w - -,a2a3 e6e5 f2f4 d7d6 d2d3 c4c7 f4f5 h7h5 c1g5 e7c6,Mate
r6k/p2qNbpp/1b3r2/3PQp2/4p3/6P1/PP3PBP/R4RK1 w - -,d5d6 a8f8 a2a4 f7c4 f1c1 f6e6 e5f4 e6d6 a4a5 b6d4,-79
8/K1k5/2r3pp/P7/5p1P/1R4P1/5P2/8 w - -,b3b7 c7c8 b7b6 c6c5 a7a6 f4f3 b6f6 c8c7 f6g6 c5c2,499
rnb1kbnr/pp1q2pp/4pp2/1B1p4/3P4/2N2N2/PPP2PPP/R1BQK2R w KQkq -,b5d7 c8d7 e1h1 h7h5 g1h1 g8e7 a2a4 h5h4 c3b5 d7b5,607
N1bq1r2/1p2bQpp/p1kp4/2pN4/4P3/6P1/PPPB1P1P/R3KB1R w KQ -,b5d7 c8d7 e1h1 h7h5 g1h1 g8e7 a2a4 h5h4 c3b5 d7b5,Mate
r2n1q1k/1p1nr3/4pN1p/1P1pPpp1/p2P4/P1R4P/3QBPP1/2R3K1 w - -,f6h5 d8f7 c1c2 d7b6 h5f6 b6d7 f6d7 e7d7 b5b6 f7d8,348
8/6k1/6p1/5r2/8/8/8/4K2R w - -,,0
8/1p3p2/1N1p4/PP6/2Pk4/5P2/4KP1P/6r1 w - -,e2d2 g1a1 b6c8 a1a2 d2d1 d4c5 a5a6 b7a6 h2h4 a2a1,-345
1r2r1k1/bpp2ppp/p2p1q2/3Pn2b/1PP5/P4PP1/1B2N1BP/R2QK2R w KQ -,d1c2 e5f3 g2f3 a7f2 e1f2 f6f3 f2g1 e8e2 c2e2 f3e2,-798
rqb4k/p1b2r1p/2p2p2/2Ppp3/1P3P1Q/P2BB3/5KPP/R6R w - -,h1f1 c8d7 f2g1 b8g8 f4e5 c7e5 e3d4 g8g7 d4e5 f6e5,57
r1bqkb1r/pp1ppp2/2n3p1/4P2p/4n2P/2Q2N2/PPP2PP1/RNB1KB1R w KQkq -,c3a3 f8g7 f1d3 d7d5 e5d6 e4d6 c1f4 e8h8 e1h1 c8f5,-63
7k/8/8/5Q2/8/2N5/PP3PPP/R1B1K2R w KQ -,c3a3 f8g7 f1d3 d7d5 e5d6 e4d6 c1f4 e8h8 e1h1 c8f5,Mate
1r1r2k1/2q1ppbp/2p3p1/p4b2/1P6/P1P1BB2/5PPP/R1Q1R1K1 w - -,e3f4 e7e5 f4g3 f7f6 c1e3 g7f8 f3e4 f5e4 e3e4 d8d5,15
5r1k/p2qNbpp/1b1P1r2/4Qp2/4p3/6P1/PP3PBP/R4RK1 w - -,a2a4 f7c4 f1c1 f6e6 e5f4 e6d6 a4a5 b6d4 c1c4 d7e7,-70
r1b1kb1r/1p1pnppp/p3p3/2q5/3pP3/3P2P1/PP2NPBP/R1BQ1RK1 w kq -,c1f4 c5b6 a1c1 e7c6 e4e5 b6b2 g3g4 b2a3 g4g5 a6a5,-43
r1br2k1/pp3p1p/n2Bp1p1/2Pn4/2q1P3/2b3P1/PPQ2PBP/R2R2K1 w - -,e4d5 a6c5 d6e7 d8e8 d5d6 c8d7 a1c1 c5a4 b2c3 a8c8,151
r4rk1/1pq1bppp/p1b1pn2/2ppN3/2P5/1P1PP3/PB1N1PPP/R2Q1RK1 w - -,c4d5 e6d5 a1c1 a8c8 d3d4 c6b5 f1e1 f6d7 e5d7 c7d7,9
5k2/p5p1/1p3pQ1/3NP3/2Pp1P2/1P6/8/q3K3 w - -,g6b1 a1b1 e1d2 b1b3 e5f6 f8f7 f6g7 f7g7 f4f5 d4d3,-3410
8/6k1/8/5rp1/8/8/4K3/7R w - -,,0
6k1/8/8/5QB1/8/2N5/PP3PPP/R3K2R w KQ -,h1h3 g7g6 h3f3 f5f3 e2f3 g6h5 f3g3 g5g4 g3h2 h5g5,Mate
2kr1b1Q/ppp1q2p/4bnp1/3p4/6P1/1P2P2P/P1P2P2/RN2KBNR w KQ -,b1d2 f8g7 h8d8 c8d8 c2c3 h7h5 g4h5 e6f5 g1e2 f6h5,-97
7k/4B3/8/5Q2/8/2N5/PP3PPP/R3K2R w KQ -,b1d2 f8g7 h8d8 c8d8 c2c3 h7h5 g4h5 e6f5 g1e2 f6h5,Mate
8/8/6k1/5rp1/8/7R/4K3/8 w - -,,0
r2q2k1/pp2b1pp/2n1pr2/1B1p1n2/3P4/2N1BQ1P/PP3PP1/R2R2K1 w - -,f3g4 d8b6 a1c1 a8f8 b5d3 f5e3 f2e3 b6b2 c3e2 e7d6,-99
8/4B2k/8/6Q1/8/2N5/PP3PPP/R3K2R w KQ -,f3g4 d8b6 a1c1 a8f8 b5d3 f5e3 f2e3 b6b2 c3e2 e7d6,Mate
1r1r2k1/2q1pp1p/2p3p1/p1B1bb2/1P6/P1P2B2/5PPP/R1Q1R1K1 w - -,b4a5 e5h2 g1h1 h2d6 c5b6 b8b6 a5b6 c7b6 h1g1 d8a8,11
8/pp4p1/4kp2/7p/7r/PP3P2/1K3R1P/8 w - -,b2c2 e6f5 b3b4 f5f4 b4b5 g7g5 f2d2 f6f5 a3a4 b7b6,-457
rnbq1bnr/pp3kpp/4pp2/1B1p4/3P4/2N2N2/PPP2PPP/R1BQK2R w KQ -,e1h1 b8c6 b5d3 c6b4 d3e2 b4c6 c3a4 f8d6 c2c4 g8e7,60
r1br2k1/pp3p1p/3Bp1p1/2nP4/2q5/2b3P1/PPQ2PBP/R2R2K1 w - -,d6e7 d8e8 d5d6 c8d7 a1c1 c5a4 b2c3 a8c8 d1d3 d7b5,157
8/8/6k1/6p1/8/5r2/4K3/8 w - -,,0
4r2k/p2qNbpp/1b1P1r2/4Qp2/4p3/6P1/PP3PBP/R4RK1 w - -,a1d1 f7a2 f1e1 e8f8 b2b4 a2c4 e5f4 f8d8 g2h3 f6d6,-59
r4rk1/1bq1bppp/p2ppn2/1pn3B1/3NP3/PBN3Q1/1PP2PPP/2KRR3 w - -,h2h4 f6e4 c3e4 c5e4 g3e3 c7d8 b3e6 e7g5 h4g5 e4f2,-71
1r4k1/r4p2/1qPp1Ppb/p6p/1p1NP3/7P/1P1N1QP1/R5K1 w - -,a1d1 a5a4 d2c4 b6c5 c4e3 b4b3 e3d5 a4a3 g2g4 a3a2,-232
8/1p6/1kp5/8/8/8/8/7K w - -,a1d1 a5a4 d2c4 b6c5 c4e3 b4b3 e3d5 a4a3 g2g4 a3a2,Mate
1r4k1/2q1pp1p/2p3p1/p1B1bb2/1P6/P1Pr1B1P/5PP1/R1Q1R1K1 w - -,,0
rnb2rk1/ppp2ppp/3qpn2/3P4/3P1P2/5N2/PP3PPP/RN1QKB1R w KQ -,d1d2 f6e4 d2c1 e6d5 f1d3 b8c6 e1h1 c6b4 d3e2 c8g4,-49
1r2r1k1/bpp2ppp/p2p1q2/3P3b/1PP2P2/P2n2P1/1B2N1BP/R2QK2R w KQ -,d1d3 f6b2 g2e4 b2a1 e1d2 a1a2 d2d1 f7f5 g3g4 h5g4,Mate
8/K1k5/1Rr3pp/P7/7P/5pP1/5P2/8 w - -,b6b3 c6d6 b3c3 c7d7 c3f3 d7c6 f3b3 c6c5 b3b6 d6d7,523
r1b1r1k1/pp2Bp1p/4p1p1/2nP4/2q5/2b3P1/PPQ2PBP/R2R2K1 w - -,d5d6 c8d7 a1c1 c5a4 b2c3 a8c8 d1d3 d7b5 g2f1 c4c5,169
6k1/7p/7b/8/8/8/8/7K w - -,h1g2 g8f7 g2f3 f7g6 f3g4 h6c1 g4g3 g6g5 g3h2 g5g4,-25
3B4/8/8/8/2K5/k7/8/4N3 w - -,h1h2 g8g7 h2g3 g7f6 g3g4 h6c1 g4g3 f6g5 g3h2 g5g4,Mate
rnbqk2r/ppppppbp/6p1/3n4/3P1B2/2P1PN2/PP1N1PPP/R2QKB1R w KQkq -,f4g3 d7d6 e3e4 d5f6 h2h3 b8c6 e4e5 f6d5 f1c4 d6e5,85
5B1k/8/8/6Q1/8/2N5/PP3PPP/R3K2R w KQ -,f4e5 d5f6 f1d3 d7d6 e5g3 e8h8 e1h1 c7c5 h2h3 c5d4,Mate
r1bq1rk1/pp1pbppp/2n2n2/2p1p3/2P5/PP1PP3/1B3PPP/RN1QKBNR w KQ -,g1f3 d7d5 f3e5 c6e5 b2e5 f6g4 e5g3 e7h4 a1a2 d5d4,-19
r3kb1r/p2n1ppp/2pq4/1p1p2Bb/3Pn3/1PPB1N1P/PN3PP1/R2Q1RK1 w kq -,f1e1 f7f5 a2a4 b5b4 c3b4 h5f3 d1f3 d6g6 f3e3 f8b4,91
3r2k1/ppr2pbp/4pnp1/1q2N3/1nNPb3/1P4PB/PB2QP1P/3RR1K1 w - -,e2d2 b4a2 d1a1 b5b3 e1e3 b3b4 a1a2 c7c4 e5c4 b4c4,50
8/1p3p2/1N1p4/PP6/2Pk3P/5P2/4KP2/r7 w - -,b6d5 d4c4 d5f6 c4b5 h4h5 a1h1 f3f4 d6d5 e2d3 b5a5,-383
r1b2rk1/pp1nq1bn/3p2pp/2pPpp2/2P1P3/2N1BNP1/PPQ1BP1P/R2R2K1 w - -,f3h4 e7f6 e4f5 g6f5 f2f3 h7g5 g1h1 g5h3 d1f1 h3f4,135
4r2k/p2qN1pp/1b1P1r2/4Qp2/4p3/6P1/bP3PBP/3R1RK1 w - -,f1e1 a2b3 d1d2 e8f8 g1h1 b3c4 g3g4 f6e6 e5c3 e4e3,-67
r4rk1/4bpp1/p1q1pn1p/1ppp4/2P5/1P1PP2P/PB1NQPP1/R4RK1 w - -,a1c1 f8d8 c1c2 a8c8 f1a1 a6a5 c4b5 c6b5 a1c1 f6d7,-10
8/pp2R1p1/5p2/5k1p/8/PP3P2/1K5r/8 w - -,b2a1 g7g5 b3b4 h2f2 b4b5 f2f3 a1b2 b7b6 e7a7 h5h4,Mate
2kr3r/ppp2ppp/1nn1p3/4P3/2PP1q2/P1PB1P2/4QB1P/R3K2R w KQ -,e1h1 f7f5 e5f6 g7f6 f2g3 h8g8 g1h1 f4h6 e2e6 c8b8,154
r1bq1rk1/pp2bppp/2np1n2/2p1p3/2P5/PP1PPN2/1B3PPP/RN1QKB1R w KQ -,f1e2 b7b6 e1h1 c8b7 f1e1 h7h6 b1d2 f6h7 d3d4 e5d4,-5
1r4k1/r4p2/2Pp1Ppb/2q4p/ppNNP3/1P5P/5QP1/R5K1 w - -,a1d1 a4a3 d4f3 a7c7 f2c5 d6c5 f3e5 h6f4 g2g4 f4e5,-340
8/K7/2k3pp/P7/7P/5pP1/5P2/8 w - -,a5a6 c6c7 g3g4 c7d7 a7b6 d7e6 a6a7 e6e5 b6c7 e5f4,739
1r4k1/2q1pp1p/2p3p1/p1B2b2/1P6/P1brRB1P/5PP1/R1Q3K1 w - -,,0
r5k1/1p1bn1pp/pqn1p3/3p4/3P4/2N2P2/PP1QBP1P/R4RK1 w - -,f1e1 c6d4 f3f4 a8f8 a1d1 e6e5 e2h5 d7g4 h5g4 b6g6,-70
1r2r1k1/bpp2ppp/p2p4/3P3b/1PP2P2/P2Q2P1/1q2N1BP/R3K2R w KQ -,g3g4 b2a1 e1d2 a1b2 d2d1 h5g4 g2e4 f7f5 d3c2 b2a1,Mate
r3qk1r/3p2pp/b2p1p2/p7/2B5/2P2Q2/P1PP1PPP/4R1K1 w - -,e1e8 a8e8 c4a6 e8e1 a6f1 f8e7 g2g3 h8c8 g1g2 e1f1,676
5B2/7k/8/6Q1/8/2N5/PP3PPP/2KR3R w - -,f3d1 e8c8 c4d5 a6b7 d5b7 c8b7 d1h5 b7c6 h2h3 d6d5,Mate
8/pp2R3/5p2/5kpp/8/PPK2P2/7r/8 w - -,c3b4 h5h4 e7b7 a7a6 b4a5 h2h3 a5a6 h3f3 a3a4 g5g4,-601
8/8/6k1/5r2/6p1/5R2/4K3/8 w - -,,0
r1b1k2r/pppq1ppp/2np4/2bBP3/8/2N2NK1/PP4PP/R1BQ3R w kq -,h2h3 d6e5 f3g5 c6d8 d1h5 c7c6 d5b3 g7g6 h5e2 d7c7,285
r1bqnrk1/pp2ppbp/2np2p1/2p5/2P1P3/2NPB1P1/PP2NPBP/R2QK2R w KQ -,e1h1 c6d4 d1d2 c8d7 a1c1 a7a5 e3h6 a5a4 h6g7 d4e2,14
8/7p/8/4p1B1/4P3/8/2p5/5K1k w - -,b2b3 c6d4 a1b1 c8g4 h2h3 g4e2 c3e2 d8a5 b3b4 a5a2,Mate
1r4k1/2q1pp1p/2p3p1/p1B2b2/1P6/P2R1B1P/5PP1/b1Q3K1 w - -,d3d1 a1f6 b4a5 c7a5 c5b4 a5a7 g2g4 f5d7 g1g2 f6d4,-14
4r1k1/5pp1/BQ2pn2/P6p/1P1p4/4qPP1/4P2P/2R4K w - -,b6c5 g7g6 c1d1 e6e5 a6b5 e8f8 a5a6 g8g7 c5c1 e3b3,238
r4rk1/5ppn/2npbq1p/1pp1pN2/4P1QP/2PP2N1/1PB2PP1/R3K2R w KQ -,a1c1 g7g6 h4h5 g6g5 g4e2 e6f5 g3f5 c6e7 f5e3 f6e6,28
5B1k/3R4/8/6Q1/8/2N5/PP3PPP/2K4R w - -,a1c1 g7g6 h4h5 g6g5 g4e2 e6f5 g3f5 c6e7 f5e3 f6e6,Mate
r4rk1/4bpp1/p1q1pn1p/1pp5/2PpP3/1P1P3P/PB1NQPP1/R4RK1 w - -,g2g3 f6d7 f2f4 b5c4 d2c4 a6a5 b2c1 a5a4 a1b1 a4b3,-32
r1bqkb1r/ppp1p1pp/2np1n2/5p2/3PP3/3B4/PPP1QPPP/RNB1K1NR w KQkq -,d3b5 c8d7 b5c6 d7c6 d4d5 c6d7 e4f5 d7f5 b1c3 d8d7,15
r1b1k2r/ppp2ppp/2p5/6B1/3qP3/6P1/PPP2K1P/RN3B1R w kq -,g5e3 d4b2 b1d2 b2a1 d2b3 a1f6 e3f4 c8e6 f2g2 f6b2,-697
k7/3n4/pp6/8/8/8/8/7K w - -,g5e3 d4b2 b1d2 b2a1 d2b3 a1f6 e3f4 c8e6 f2g2 f6b2,Mate
8/pR6/5p2/5k2/6p1/PPK5/7r/8 w - -,b3b4 g4g3 b7g7 f5f4 a3a4 g3g2 g7g2 h2g2 a4a5 g2a2,-615
rq5k/p1bb1r1p/2p2p2/2Ppp3/1P3P1Q/P2BB3/5KPP/R4R2 w - -,f2g1 b8g8 f4e5 c7e5 e3d4 g8g7 d4e5 f6e5 f1f7 g7f7,76
r1b1k2r/pppq1ppp/2n5/2bBp3/8/2N2NKP/PP4P1/R1BQ3R w kq -,f3g5 c6d8 d1h5 c7c6 d5b3 d7f5 c3e4 c5e7 h1d1 e8h8,295
5k2/p5p1/1p3pQ1/3NP3/2Pp1PK1/8/8/3q4 w - -,f3g5 c6d8 d1h5 c7c6 d5b3 d7f5 c3e4 c5e7 h1d1 e8h8,Mate
4rk1r/3p2pp/b2p1p2/p7/2B5/2P2Q2/P1PP1PPP/6K1 w - -,c4a6 e8e1 a6f1 f8e7 g2g3 g7g6 f3d5 a5a4 g1g2 e1f1,676
r1bqkb1r/ppp1p2p/2np1np1/5p2/3PP3/2PB4/PP2QPPP/RNB1K1NR w KQkq -,e4f5 c8f5 d3f5 g6f5 c1g5 e7e5 d4d5 c6b8 g1f3 h8g8,96
8/p5R1/5p2/5k1r/6p1/PPK5/8/8 w - -,c3d3 h5h3 d3e2 h3b3 a3a4 b3a3 g7a7 f5f4 a4a5 a3a2,-611
5B2/7k/3R4/6Q1/8/2N5/PP3PPP/2K4R w - -,c3d3 h5h3 d3e2 h3b3 a3a4 b3a3 g7a7 f5f4 a4a5 a3a2,Mate
r3rnk1/3bqp1p/pp2p1p1/3pP3/3P1Q2/3BP2R/PP4PP/3N1RK1 w - -,d1f2 f7f6 e5f6 e6e5 f6e7 e5f4 e7f8q e8f8 h3f3 f4e3,500
8/K7/P5pp/2k5/7P/5pP1/5P2/8 w - -,a7b8 g6g5 h4g5 h6g5 a6a7 g5g4 b8c7 c5b4 a7a8r b4c4,767
8/8/8/4p1Bp/4P3/8/2p1K3/7k w - -,a7b8 g6g5 h4g5 h6g5 a6a7 g5g4 b8c7 c5b4 a7a8r b4c4,Mate
1k4rr/bppbqp2/p1np3p/3np1p1/PP2P3/2PPB1NP/5PPN/R2Q1RK1 w - -,e4d5 c6d8 e3a7 b8a7 d1b3 f7f5 b4b5 g5g4 b3c4 d7c8,-47
2r1q1k1/1RQb4/6p1/1B1p1p1p/4pP1P/P3P1P1/7K/8 w - -,c7d7 e8d7 b7d7 c8c2 h2h3 c2c1 a3a4 c1h1 h3g2 h1a1,553
4rk2/3Rb1pP/4r3/2q5/pp5P/5P2/PPP5/1K2R3 w - -,e1c1 e6h6 d7d1 h6h7 c2c3 h7h4 b1a1 a4a3 c1c2 c5f5,-1009
5B1k/8/3R4/6Q1/8/2N5/PP3PPP/2K1R3 w - -,e1c1 e6h6 d7d1 h6h7 c2c3 h7h4 b1a1 a4a3 c1c2 c5f5,Mate
8/1K6/P6p/2k3p1/7P/5pP1/5P2/8 w - -,h4g5 h6g5 g3g4 c5c4 a6a7 c4d3 a7a8r d3e2 a8a2 e2f1,853
8/p5R1/5p2/5kr1/P5p1/1PK5/8/8 w - -,g7h7 g4g3 h7h1 g3g2 h1g1 f5f4 b3b4 f6f5 a4a5 f4g3,-739
r3kbnr/pp1q2pp/2n1pp2/3p4/3P4/2N2N2/PPP2PPP/R1BQ1RK1 w kq -,f1e1 f8b4 d1d3 g8e7 a2a3 b4c3 d3c3 e7f5 c3d3 e8h8,4
r4rk1/1b1n1ppp/p3p3/1p1p4/Pq1B1P2/3BPQ2/2P3PP/R4RK1 w - -,f3g4 e6e5 g4d7 e5d4 d7b7 d4e3 b7d5 a8d8 d5e4 b4e4,414
1k1n2rr/bppbqp2/p2p3p/3Pp1p1/PP6/2PPB1NP/5PPN/R2Q1RK1 w - -,e3a7 b8a7 d1b3 f7f5 b4b5 a6a5 b5b6 c7b6 f1b1 b6b5,-25
r1bqkb1r/ppp1p2p/2np1np1/1B6/3Pp3/2P5/PP2QPPP/RNB1K1NR w KQkq -,c1g5 c8f5 f2f3 f8g7 b1d2 e4f3 g1f3 a7a6 b5a4 b7b5,-21
1k6/2p5/8/3P4/8/8/8/7K w - -,,0
r2q1rk1/p1n1ppbp/1pp1b1p1/2p1P3/8/2NPBN1P/PPP2PP1/R2QR1K1 w - -,d1d2 e6d5 c3d5 c6d5 d3d4 c7e6 a1d1 a8b8 b2b3 c5d4,36
r1bqkbnr/pp2pppp/1np5/8/2BP1P2/4P3/PP4PP/RNBQK1NR w KQkq -,c4d3 e7e6 g1f3 c6c5 e3e4 c5d4 f3d4 f8b4 b1c3 g8f6,53
8/PK6/7p/2k5/6pP/5pP1/5P2/8 w - -,b7c7 c5d4 c7d6 d4c4 d6e6 c4c5 a7a8r c5b6 e6f6 b6b7,3378
r3r1k1/pp1bBp1p/3Pp1p1/2n5/2q5/2b3P1/PPQ2PBP/R2R2K1 w - -,a1c1 c5a4 b2c3 a8c8 d1d3 d7b5 g2f1 c4c5 c3c4 b5c6,147
r1bq1rk1/ppp3b1/3p1n1p/3PpnB1/2P1N3/3B1N1P/PP3P2/R2QK2R w KQ -,g5f6 g7f6 d1e2 f6g7 e1a1 f5h4 f3h4 d8h4 c1b1 g8h8,71
r1b1k2r/ppp2ppp/2p5/6B1/4P3/6P1/PPq2K1P/RN3B1R w kq -,b1d2 h7h6 g5e3 c8g4 h2h3 e8a8 h3g4 d8d2 e3d2 h8d8,-540
8/8/5B2/2N5/2K5/8/k7/8 w - -,b1d2 h7h6 g5e3 c8g4 h2h3 e8a8 h3g4 d8d2 e3d2 h8d8,Mate
8/3R4/5p2/5kr1/P7/1PK5/6p1/8 w - -,d7d4 g2g1q d4d5 f5g6 d5g5 g6g5 c3c4 g1e3 a4a5 f6f5,-1657
5B1k/2R5/8/6Q1/8/2N5/PP3PPP/2K1R3 w - -,d7d4 g2g1q d4d5 f5g6 d5g5 g6g5 c3c4 g1e3 a4a5 f6f5,Mate
r2r2k1/ppq1ppbp/2n3p1/2p1Pb1P/8/2PB1N1P/PP3P2/RNBQR1K1 w - -,e5e6 f7f6 f3d4 c5d4 d3f5 d4c3 d1f3 c3b2 c1b2 c7a5,-152
Q7/1K6/8/2k4p/6pP/5pP1/5P2/8 w - -,e5e6 f7f6 f3d4 c5d4 d3f5 d4c3 d1f3 c3b2 c1b2 c7a5,Mate
8/1p6/p1b5/8/PPPKp3/8/6k1/2R2q2 w - -,d4c5 f1c1 c5b6 c1c4 b4b5 g2f3 b6a7 e4e3 b5b6 e3e2,-9605
5k2/p5p1/1p3pQ1/3NP3/2Pp1P1K/8/8/7q w - -,c1c3 f1f6 d4c5 f6c3 b4b5 c3e3 c5b4 a6a5 b4a5 e3d4,Mate
8/8/5p2/5kr1/P7/1PK5/8/3R2q1 w - -,d1g1 g5g1 c3d3 g1a1 d3d4 a1b1 d4c3 f5e4 c3c2 b1a1,Mate
6k1/2R3B1/8/6Q1/8/2N5/PP3PPP/2K1R3 w - -,d1g1 g5g1 c3d3 g1a1 d3d4 a1b1 d4c3 f5e4 c3c2 b1a1,Mate
r2qkb1r/ppp1p2p/2np1np1/1B3b2/3Pp3/2P2P2/PP2Q1PP/RNB1K1NR w KQkq -,f3e4 f5e4 c1g5 d6d5 b1d2 f8g7 g5f6 e7f6 d2e4 e8h8,40
6k1/1R1B4/6p1/3p1p1p/4pP1P/P3P1P1/2r4K/8 w - -,h2h3 c2c5 a3a4 c5c3 d7b5 c3a3 h3g2 g8h8 g2f2 h8g8,513
2rr4/pp3kbp/4bnp1/1q6/1nNP4/1P4P1/PB2QP1P/3RR1K1 w - -,e2e6 f7f8 d4d5 b5e8 b2f6 e8e6 e1e6 g7f6 e6f6 f8g7,264
4R3/2R3Bk/8/6Q1/8/2N5/PP3PPP/2K5 w - -,e2e6 f7f8 d4d5 b5e8 b2f6 e8e6 e1e6 g7f6 e6f6 f8g7,Mate
5k2/p5p1/1p3pQ1/3NP3/2Pp1P2/6K1/8/6q1 w - -,e2e6 f7f8 d4d5 b5e8 b2f6 e8e6 e1e6 g7f6 e6f6 f8g7,Mate
8/8/5p2/5k2/P7/1PK5/8/6r1 w - -,e2e6 f7f8 d4d5 b5e8 b2f6 e8e6 e1e6 g7f6 e6f6 f8g7,Mate
r1bq1rk1/pp1pnpbp/2p3p1/1B2n3/3NPP2/1P6/PBP3PP/RN1Q1RK1 w - -,b5a4 e5g4 d1g4 d7d5 g4e2 d5e4 f1d1 b7b5 d4c6 d8b6,-27
2r1r1k1/bb3p2/p5pp/1pn1P2n/2p2P2/P1P1R1PP/1PBN3B/R5K1 w - -,g1f1 c5b3 d2b3 a7e3 b3d4 e3d4 c3d4 c4c3 a1b1 h5g7,-529
r1bnkb1r/ppp2pp1/5n1p/4p1B1/2B1P3/5N2/PPP2PPP/RN2K2R w KQkq -,g5f6 g7f6 b1d2 d8e6 d2b3 e6g5 b3d2 h6h5 f3h4 c8e6,-7
r2qk2r/ppp2pp1/3p1n1p/n1b1p2b/2B1P3/2NP1N1P/PPPB1PP1/R2Q1RK1 w kq -,,0
r4r2/1b1n1ppk/p3p3/1p1p4/Pq1B1P2/4PQ2/2P3PP/R4RK1 w - -,f3h5 h7g8 d4g7 g8g7 h5g5 g7h8 g5h6 h8g8 f1f3 b4e4,373
8/8/5p2/5k2/PP6/2K5/8/2r5 w - -,f3h3 h7g8 d4g7 f7f5 g7d4 g8f7 f1b1 b4d6 h3h5 f7e7,Mate
r2q1rk1/p3ppbp/1pp1b1p1/2pnP3/8/2NPBN1P/PPPQ1PP1/R3R1K1 w - -,e3h6 d5c3 h6g7 g8g7 d2c3 a7a5 a2a4 e6d5 f3h2 f7f5,59
8/7p/8/4p1B1/4P3/8/2p1K1k1/8 w - -,c3e2 d5e3 d2e3 d8d7 a1d1 a8d8 c2c4 d7c7 b2b3 e6d7,Mate
4r2Q/3Rbkp1/4r3/2q5/pp5P/5P2/PPP5/1K2R3 w - -,h8g7 f7g7 e1c1 g7h8 a2a3 b4a3 c2c3 a3b2 c1d1 a4a3,-1371
8/1K6/8/4k2p/1Q4pP/5pP1/5P2/8 w - -,h8g7 f7g7 e1c1 g7h8 a2a3 b4a3 c2c3 a3b2 c1d1 a4a3,Mate
2r5/8/5p2/5k2/PP6/8/1K6/8 w - -,h8g7 f7g7 e1c1 g7h8 a2a3 b4a3 c2c3 a3b2 c1d1 a4a3,Mate
5k2/p5p1/1p3pq1/3NP3/2Pp1P2/5K2/8/8 w - -,h8g7 f7g7 e1c1 g7h8 a2a3 b4a3 c2c3 a3b2 c1d1 a4a3,Mate
r1bqk2r/1pp1bpp1/p1n2n1p/4p3/2B2B2/2N2N2/PP3PPP/R2QR1K1 w - -,d1b3 e8f8 a1d1 d8e8 f3e5 c6e5 f4e5 b7b5 c4d5 c7c6,243
r3kb1r/p2n2pp/2pq1p2/1p1p2Bb/3Pn3/1PPB1N1P/PN2QPP1/R4RK1 w kq -,d3e4 d5e4 e2e4 e8f7 g5f4 d6d5 e4d5 c6d5 a2a4 b5b4,119
r2qkb1r/ppp2ppp/2n1b3/1N1QP3/4nB2/8/PPP1PPPP/R3KBNR w KQkq -,d5e4 f8b4 c2c3 a7a6 b5a7 b4c3 b2c3 c6a7 g1f3 c7c5,454
4r1k1/5pp1/BQ3n2/P3p2p/1P1p4/4qPP1/4P2P/5R1K w - -,a6b5 e8f8 a5a6 e3a3 a6a7 f6d5 b6a6 a3a6 b5a6 d5b4,518
r2q2k1/p3b1pp/2p1pr2/3p1n2/3P4/2N1BQ1P/PP3PP1/R2R2K1 w - -,f3h5 f6g6 c3e2 f5e3 f2e3 g6g5 h5f3 d8b6 e2f4 a8f8,-101
2r2rk1/p3qppp/2B5/1P2p1b1/2p2n2/2B5/P3QPPP/R2R2K1 w - -,e2c4 f8d8 g2g3 f4e6 c3e5 g5f6 c4c3 f6e5 c3e5 e7a3,200
8/1K5k/8/4Q2p/6pP/5pP1/5P2/8 w - -,e2c4 f8d8 g2g3 f4e6 c3e5 g5f6 c4c3 f6e5 c3e5 e7a3,Mate
5k2/p7/1p3pq1/3N4/2Pp1P2/5K2/8/8 w - -,e2c4 f8d8 g2g3 f4e6 c3e5 g5f6 c4c3 f6e5 c3e5 e7a3,Mate
8/7k/8/7p/2r5/7K/7P/R7 w - -,,0
1r4k1/bpp1rppp/p2p4/3P4/1PP2P2/P5P1/3K2BP/7R w - -,h1b1 e7e3 a3a4 e3a3 g2e4 a3a4 h2h4 a4a3 g3g4 a7b6,-623
2k5/ppp5/2pr3p/6p1/4bPP1/2P5/PP2K2P/R1B5 w - -,f4g5 h6g5 c1g5 a7a5 h2h4 a5a4 a2a3 c8d7 e2f2 e4c2,274
4R3/2R3B1/6k1/8/7Q/2N5/PP3PPP/2K5 w - -,f4f5 b7b6 c1e3 c6c5 a1e1 c8d7 e2f2 d6d3 c3c4 a7a5,Mate
8/4R3/8/8/3K4/8/3k1p2/4r3 w - -,f4f5 b7b6 c1e3 c6c5 a1e1 c8d7 e2f2 d6d3 c3c4 a7a5,Mate
r1b1k2r/ppp2ppp/2p5/6B1/4P3/6P1/P2N3P/q4BKR w kq -,d2b3 a1a2 b3c1 a2a1 h2h4 c8e6 c1d3 e6c4 g1g2 c4d3,-780
7k/1K2Q3/8/7p/6pP/5pP1/5P2/8 w - -,d2b3 a1a2 b3c1 a2a1 h2h4 c8e6 c1d3 e6c4 g1g2 c4d3,Mate
r4rk1/5ppn/p1npb1qp/1pp1pN1N/P3P1QP/2PP4/1PB2PP1/R3K2R w KQ -,g4f3 h7f6 h5g7 g8h7 h1h3 e6f5 g7f5 f6h5 c2b3 h5f4,288
8/1p6/2b5/1P6/2PKp3/8/5k2/8 w - -,b5c6 b7c6 d4e4 f2g3 c4c5 g3f2 e4e5 f2e2 e5d6 e2e3,Mate
8/5rk1/6p1/8/8/8/8/3KR3 w - -,,0
4R3/2R3B1/8/5k2/5P1Q/2N5/PP4PP/2K5 w - -,e1e2 f7f4 d1d2 f4f6 d2e1 g7h6 e2h2 h6g5 h2h1 g5g4,Mate
5qrk/1p5p/2pbp3/p2p1p2/P2P2r1/1P1PP1P1/4Q1NP/5RRK w - -,b3b4 f8h6 g2f4 a5b4 f1f3 g8a8 e2c2 a8a6 g1a1 g4g8,-127
5k2/p1N5/1p4q1/5p2/2Pp1P2/5K2/8/8 w - -,b3b4 f8h6 g2f4 a5b4 f1f3 g8a8 e2c2 a8a6 g1a1 g4g8,Mate
4r1k1/bpp1rppp/p2p4/3P4/1PP2P2/P5P1/3K2BP/2R5 w - -,c1c2 e7e2 d2c3 e2c2 c3c2 e8e2 c2b3 e2g2 g3g4 g2h2,-796
r1b1kb1r/pppp1p1p/5qp1/3Q4/2BpN3/8/PPPP1PPP/R1B1K2R w KQkq -,e4f6 e8d8 f6g8 c7c6 d5f7 f8d6 f7f6 d8c7 f6h8 b7b5,1308
3n2rr/kppbqp2/p2p3p/3Pp1p1/PP6/2PP2NP/5PPN/R2Q1RK1 w - -,d1b3 f7f5 b4b5 a6a5 b5b6 c7b6 f1b1 b6b5 a4b5 b7b6,-37
4R3/2R3B1/8/8/5kPQ/2N5/PP5P/2K5 w - -,d1b3 f7f5 b4b5 a6a5 b5b6 c7b6 f1b1 b6b5 a4b5 b7b6,Mate
8/8/2p5/8/2PKp3/8/5k2/8 w - -,d1b3 f7f5 b4b5 a6a5 b5b6 c7b6 f1b1 b6b5 a4b5 b7b6,Mate
r4rk1/1b1n1pp1/p3p3/1p1p3Q/Pq1B1P2/4P3/2P3PP/R4RK1 w - -,d4g7 g8g7 h5g5 g7h8 g5h6 h8g8 f1f3 b4e4 f3g3 e4g6,397
8/8/3k1P2/1p1p4/1Pr5/2K5/8/5R2 w - -,,0
r2r2k1/1q3ppp/p7/P1R1pP2/8/3B3P/1P3Qb1/5RK1 w - -,f2g2 b7g2 g1g2 d8d3 c5e5 h7h6 f5f6 g7g6 h3h4 d3b3,-10
8/7p/8/4p1B1/4P3/3K1k2/2p5/8 w - -,f2g2 b7g2 g1g2 d8d3 c5e5 h7h6 f5f6 g7g6 h3h4 d3b3,Mate
5k2/p7/1pq5/1N3p2/2Pp1P2/5K2/8/8 w - -,f2g2 b7g2 g1g2 d8d3 c5e5 h7h6 f5f6 g7g6 h3h4 d3b3,Mate
5R2/2R3B1/8/8/6PQ/2N1k3/PP5P/2K5 w - -,f2g2 b7g2 g1g2 d8d3 c5e5 h7h6 f5f6 g7g6 h3h4 d3b3,Mate
8/3r2k1/6p1/8/8/8/8/3K3R w - -,,0
5bk1/5p2/r4Pp1/2p1P2p/1pN4P/pP3K2/6P1/R7 w - -,a1c1 a6a8 c1d1 g8h7 g2g3 a8a7 f3f4 f8h6 f4e4 a7a8,-116
3q2rk/1p5p/2pbp3/p2p1p2/P2P1Nr1/1P1PP1P1/4Q2P/5RRK w - -,,0
3n2rr/kppbq3/p2p3p/3Pppp1/PP6/1QPP2NP/5PPN/R4RK1 w - -,b4b5 a6a5 b5b6 c7b6 f1b1 b6b5 a4b5 b7b6 a1a5 b6a5,-46
2kr1b1r/p2n2pp/2pq1p2/1p1p3b/3Pn2B/1PPB1N1P/PN2QPP1/R4RK1 w - -,a2a4 g7g5 a4b5 h5f3 e2f3 e4d2 f3e2 d2f1 e2f1 g5h4,199
r1b1k2r/ppp2ppp/2p5/6B1/4P3/6P1/q2N2KP/5B1R w kq -,f1c4 a2a5 g5f4 c8e6 h1f1 a8d8 f1f2 h8f8 c4f1 g7g5,-799
N1bq1r2/1p1kNQpp/p2p4/2p5/4P3/6P1/PPPB1P1P/R3KB1R w KQ -,f1c4 a2a5 g5f4 c8e6 h1f1 a8d8 f1f2 h8f8 c4f1 g7g5,Mate
4r1k1/1pp1rppp/p2p4/3P4/1PP2P2/P3b1P1/3K3P/2R2B2 w - -,d2d3 e3c1 c4c5 c1a3 d3c2 a3b4 c5c6 b7c6 f1a6 e7e3,-987
8/5rk1/6p1/8/8/8/8/4K2R w - -,,0
r1bq1rk1/1pp1bppp/p1n5/3p4/3P1B2/5N2/PPP2PPP/RN1QR1K1 w - -,h2h3 c8e6 b1d2 f8e8 c2c3 d8d7 a2a4 b7b6 e1e3 e7f8,-4
r1b1k2r/p4ppp/1pp1p3/2npP3/2P2P2/PPq1P3/2BN2PP/R1Q1K2R w KQkq -,,0
2r2rk1/p4ppp/2B3n1/1Pq1p1b1/2p5/2B5/P3QPPP/R2R2K1 w - -,g2g3 f8d8 a1b1 d8d1 b1d1 c8d8 a2a4 d8d1 e2d1 c5a3,98
r4r2/1b1n1pk1/p3p3/1p1p3Q/Pq3P2/4P3/2P3PP/R4RK1 w - -,f4f5 g7f6 a4b5 b4e4 h5e2 f6e7 b5a6 b7c6 f1f4 e4e5,-443
5rk1/1p1bn1pp/pqn1p3/3p4/3P4/2N2P2/PP1QBP1P/3R1RK1 w - -,f3f4 b6c7 e2d3 c6d4 d3h7 g8h7 d2d4 f8f4 d4d3 e7f5,-91
5k2/p7/1p6/1N3p2/2qp1P2/6K1/8/8 w - -,f3f4 b6c7 e2d3 c6d4 d3h7 g8h7 d2d4 f8f4 d4d3 e7f5,Mate
6k1/5p2/r4Ppb/2p1P2p/1pN1K2P/pP6/6P1/R7 w - -,a1a2 a6c6 e4d5 c6c8 a2f2 c8d8 d5c5 h6f8 c4d6 d8c8,-121
r1br2k1/pp2qpp1/4pn1p/2p1B3/2P5/P2BP3/1PQ2PPP/R3K2R w KQ -,e1a1 b7b6 c2e2 c8b7 h2h4 h6h5 f2f3 d8d7 e5f6 g7f6,56
3rNr1k/6pp/p3pp2/1p6/1b6/6RP/1Q3PPB/5RK1 w - -,e8g7 b4c3 b2c3 d8c8 c3b4 f8f7 g7e6 c8e8 b4g4 b5b4,1233
5k1r/3p2pp/b2p1p2/p7/2B4P/2P2Q2/P1PP1PP1/4r1K1 w - -,g1h2 a6c4 d2d3 c4f7 f3a8 e1e8 a8a5 f7e6 f2f4 f8e7,-424
3r4/5k2/1p6/2p5/p4Ppb/PbP1B3/1PK1N3/7R w - -,c2c1 d8d3 f4f5 d3e3 h1h4 e3e2 h4g4 e2c2 c1b1 c2f2,-467
2r5/8/3k1P2/1p1p4/1P6/1K6/8/5R2 w - -,,0
3n2rr/kppbq3/3p3p/pP1Pppp1/P7/1QPP2NP/5PPN/R4RK1 w - -,b5b6 c7b6 f1b1 b6b5 a4b5 b7b6 a1a5 b6a5 b5b6 a7b8,-45
r1b1k2r/ppp2ppp/2p5/6B1/2B1P3/6P1/2qN2KP/7R w kq -,c4e2 c8e6 h1d1 a7a5 d1a1 e8h8 g2f2 c2c5 g5e3 c5c3,-837
r1bqk2r/1pp1bpp1/p1n2n1p/8/2B2p2/1QN2N2/PP3PPP/R3R1K1 w - -,c4f7 e8f8 f7g6 d8e8 g6e8 f8e8 a1d1 h8f8 f3h4 a8b8,593
r1b1kb1r/pppp1p1p/6p1/3Q4/2BpN2q/8/PPPP1PPP/R1B1K2R w KQkq -,d2d3 h7h6 d5d4 h4e7 d4h8 f7f5 c1h6 f5e4 e1h1 c7c6,685
4rrk1/ppbb1pp1/2n3q1/2p3P1/P1Np3P/1P1P4/2P3B1/R1BQ1RK1 w - -,c1f4 c7f4 f1f4 c6e5 d1d2 d7c6 g2c6 g6c6 c4e5 e8e5,9
rn2kbnr/pppqpppp/8/8/2pP2b1/6P1/PP2PPBP/RNBQK1NR w KQkq -,g2b7 e7e5 b7a8 c7c6 g1f3 g4f3 e2f3 e5d4 b1d2 f8c5,452
8/8/2p5/8/2P1K3/8/4k3/8 w - -,g2b7 e7e5 b7a8 c7c6 g1f3 g4f3 e2f3 e5d4 b1d2 f8c5,Mate
8/5r2/5kp1/8/8/8/4K3/7R w - -,,0
r2qk2r/ppp2ppp/2n1bn2/2b1p1B1/4p3/1BNP1N2/PPP2PPP/R2Q1RK1 w kq -,c3e4 c5e7 b3e6 f7e6 f1e1 e8h8 a2a4 a7a6 e4d2 d8d5,83
8/5p2/r2p4/8/2Pk4/4NP2/5PKP/8 w - -,f3f4 d4e4 g2g3 a6a8 f4f5 a8g8 g3h4 e4f3 h4h5 f3f2,-124
5k2/p7/1p1N4/5p2/3p1P2/3q2K1/8/8 w - -,f3f4 d4e4 g2g3 a6a8 f4f5 a8g8 g3h4 e4f3 h4h5 f3f2,Mate
r4r1k/1b1n1p2/p3p3/1p1p4/Pq3PQ1/4P3/2P3PP/R4RK1 w - -,g4h4 h8g8 h4g5 g8h8 g5h6 h8g8 f1f3 b4e4 f3g3 e4g6,416
r4r1k/p2q2bp/2p2pp1/1P2nb2/3B4/Q4N1P/P2N1PP1/2R1R1K1 w - -,d4e5 f6e5 b5c6 d7c7 d2e4 a8d8 a3c5 h7h6 c1b1 f5e4,278
rnbqk1nr/ppp2p1p/3p3b/6N1/4PppP/2N5/PPPP2P1/R1BQKB1R w KQkq -,f1c4 h6g5 h4g5 d8g5 d2d4 g8e7 g2g3 g5g7 c3b5 e8d8,90
4k3/R4p2/6p1/4P2p/p4P1P/6P1/8/r4K2 w - -,,0
5rk1/p4bp1/q4p1p/4pP2/3pP1P1/P1r1n2P/1R3RBK/B3Q3 w - -,b2d2 c3b3 e1g1 a6a3 g2f3 f8b8 d2a2 a3e7 a2b2 a7a5,-446
r1b1k2r/ppp3pp/2p2p2/6B1/4P3/6P1/2qNB1KP/7R w kq -,g5e3 c8e6 e2h5 g7g6 h5d1 c2c3 g2f2 e8a8 d2b1 c3b2,-875
8/8/2p5/2P5/4K3/8/3k4/8 w - -,g5e3 c8e6 e2h5 g7g6 h5d1 c2c3 g2f2 e8a8 d2b1 c3b2,Mate
2kr1bbQ/ppp1q2p/5np1/3p4/6P1/1P2P2P/P1PN1P2/R3KBNR w KQ -,g4g5 f8g7 g5f6 g7f6 h8f6 e7f6 a1b1 d8f8 g1f3 f6c3,125
5k2/p7/1p1N4/5p2/3p1P1K/5q2/8/8 w - -,g4g5 f8g7 g5f6 g7f6 h8f6 e7f6 a1b1 d8f8 g1f3 f6c3,Mate
8/5p2/r2p4/4k3/2P5/4NPK1/5P1P/8 w - -,h2h3 f7f5 f3f4 e5e4 e3d5 a6a8 g3h4 a8a3 h4g5 a3h3,-13
r4rk1/1ppqbppp/p1n1b3/3p4/3P1B2/2P2N1P/PP3PP1/RN1QR1K1 w - -,b1d2 f8e8 a2a4 e7f8 d2b3 b7b6 f3g5 e6f5 e1e8 a8e8,-8
4rrk1/pp1b1pp1/6q1/2p1n1P1/P1Np1R1P/1P1P4/2P3B1/R2Q2K1 w - -,d1d2 d7c6 a1f1 f7f5 g2c6 b7c6 c4e5 e8e5 d2h2 g6h5,6
5k2/p7/1p1N4/5pK1/3p1Pq1/8/8/8 w - -,d1f1 d7c6 c4e5 e8e5 g2c6 g6c6 f1f3 c6f3 f4f3 g8h7,Mate
3r3k/5rNp/p3pp2/1p6/1b6/6RP/1Q3PPB/5RK1 w - -,d1f1 d7c6 c4e5 e8e5 g2c6 g6c6 f1f3 c6f3 f4f3 g8h7,Mate
r2qk2r/1b1nb1pp/p3pn2/1p4B1/2p5/2N1PN2/PPB2PPP/R2Q1RK1 w kq -,d1d4 d8b6 f1d1 b7f3 g2f3 b6d4 d1d4 e8f7 f3f4 h8d8,-7
3n2rr/kp1bq3/3p3p/pp1Pppp1/P7/1QPP2NP/5PPN/RR4K1 w - -,a4b5 b7b6 a1a5 b6a5 b5b6 a7b8 b6b7 d7e8 b3b6 d8b7,-51
r3k2r/ppp3pp/2p1bp2/8/4P3/4B1P1/2qNB1KP/7R w kq -,h1d1 e8a8 g2f2 a7a5 g3g4 c8b8 g4g5 f6g5 e3g5 c2c5,-881
8/8/8/B1N5/8/1K6/8/2k5 w - -,h1d1 e8a8 g2f2 a7a5 g3g4 c8b8 g4g5 f6g5 e3g5 c2c5,Mate
3n2rr/k2bq3/1p1p3p/pP1Pppp1/8/1QPP2NP/5PPN/RR4K1 w - -,a1a5 b6a5 b5b6 a7b8 b6b7 d7e8 b3b6 d8b7 g3f5 e7c7,-47
8/6k1/6p1/8/5r2/8/4K3/7R w - -,,0
rnbqkb1r/p1pppp2/1p5p/6p1/3P4/5PP1/PPP1P1P1/RN1QKBNR w KQkq -,e2e4 f8g7 b1c3 e7e6 d1d2 a7a6 e1a1 d7d6 d4d5 b6b5,13
3k4/R4p2/6p1/4P2p/p4P1P/6P1/r7/5K2 w - -,,0
8/8/2p5/2P5/3K4/8/2k5/8 w - -,a7f7 a4a3 f7a7 d8e8 f1g1 e8f8 a7a8 f8f7 g1f1 f7e7,Mate
r2rq1k1/p2b1pp1/4pn1p/1pB5/2P5/P2BP3/1PQ2PPP/2KR2R1 w - -,b2b3 b5c4 d3c4 d8c8 c5d6 d7b5 c1b1 b5a6 e3e4 e6e5,-47
5k2/p7/1p1N1K2/5p2/3p1q2/8/8/8 w - -,b2b3 b5c4 d3c4 d8c8 c5d6 d7b5 c1b1 b5a6 e3e4 e6e5,Mate
8/8/5kp1/8/5r2/8/4K3/R7 w - -,,0
2rn2k1/2prq1pp/1p6/pP1Ppp2/P3P2P/2R3P1/2R2P1K/2Q2B2 w - -,f1h3 e7f8 h3f5 d7f7 h2g1 f7f5 e4f5 d8b7 c3c7 c8c7,503
rn1qkb1r/pbpppp2/1p5p/6p1/3PP3/5PP1/PPP3P1/RN1QKBNR w KQkq -,b1c3 e7e6 d1d2 f8g7 e1a1 b8c6 d4d5 c6e5 f1e2 e5g6,28
2kr2bQ/ppp1q1bp/5np1/3p2P1/8/1P2P2P/P1PN1P2/R3KBNR w KQ -,h8g7 e7g7 g5f6 g7f6 a1b1 c8b8 g1f3 g8e6 h1g1 e6f5,128
r2q1rk1/pp2ppbp/n1p3p1/3p3n/3P1B2/2NPPN2/PP3PPP/R2Q1RK1 w - -,d1d2 h5f4 e3f4 a6c7 h2h4 g7f6 c3e2 d8c8 g2g3 c7e8,-42
r4r1k/p1q4p/2P3pb/4pb2/4N3/Q4N1P/P4PP1/2R1R1K1 w - -,c1c5 h6g7 a3c3 a8e8 c3c4 f5e6 c4c2 e8d8 f3g5 e6c8,266
r2qkb1r/pp2np2/5p1p/2pPp3/2Pp4/P2P2P1/1P3PBP/R2QK1NR w KQkq -,g1f3 h6h5 b2b4 e7g6 f3d2 h5h4 g2h3 h4g3 h2g3 f6f5,192
8/8/2p5/2P1K3/8/2k5/8/8 w - -,a1b1 h6h5 g1f3 e7g6 b2b4 c5b4 a3b4 h5h4 e1h1 f8h6,Mate
r2qkb1r/pp2pp1p/6p1/2p1n2n/8/2PB1Q1P/PP3PP1/RNB1K2R w KQkq -,d3b5 e5d7 f3b7 a8c8 b7a7 c8c7 a7a4 d8b8 e1h1 c7a7,313
6k1/1pr2pb1/1N2b2p/1P4p1/2Pp1Q2/q5P1/5PBP/2R3K1 w - -,c1d1 g5f4 g2f1 g8h8 b6d5 f4g3 h2g3 c7c8 d5f4 e6f5,-735
r1b2rk1/pp2qppp/2n2n2/2p1p3/2P5/P1B1PN2/1PQ2PPP/2KR1B1R w - -,h2h3 f6e8 f1e2 f7f5 h1g1 e8d6 f3g5 h7h6 c2d3 f8f6,51
8/8/5k2/6p1/5r2/8/8/R3K3 w - -,,0
5k2/p4N2/1p3K2/5p2/5q2/3p4/8/8 w - -,e1e2 f6g6 e2e3 f4f6 e3e2 f6f5 a1f1 f5f1 e2f1 g6h6,Mate
2kr3r/ppp3pp/2p1bp2/8/4P3/4B1P1/2qNB1KP/4R3 w - -,e1d1 a7a5 g2f2 c8b8 e3f4 a5a4 g3g4 a4a3 d1a1 c2c3,-1060
8/8/r2p4/4kp2/2P5/4NP2/5PKP/8 w - -,g2h3 f5f4 e3d5 a6a4 h3g4 a4c4 d5e7 e5e6 e7f5 d6d5,-323
3r3k/6rp/p3pp2/1p6/1Q6/6RP/5PPB/5RK1 w - -,g2h3 f5f4 e3d5 a6a4 h3g4 a4c4 d5e7 e5e6 e7f5 d6d5,Mate
rnbq1rk1/pp2npbp/4p1p1/2pp4/P1B1PP2/3P1N2/1PP3PP/RNBQ1RK1 w - -,b1a3 d5c4 a3c4 b7b6 a4a5 c8a6 a5b6 a7b6 c1e3 b8c6,-320
5k1r/3p2pp/b2p1p2/p7/7P/2P2Q2/P1PP1PP1/5rK1 w - -,g1h2 a6c8 f3a8 f8e7 a8e4 e7d8 f2f3 h7h6 e4d5 h8e8,-188
4Q3/3P1ppk/7p/P7/7P/1p3qP1/5P1K/8 w - -,e8e1 f3d3 a5a6 d3d7 e1b1 g7g6 b1b3 d7a7 b3a2 g6g5,515
2kr3r/ppp1qppp/1nn1p3/4P3/2PP4/P1PB1P2/4QB1P/R3K2R w KQ -,a3a4 a7a5 f3f4 h8f8 f4f5 f7f6 f5e6 e7e6 e1h1 c6e7,120
7R/5R2/1rrpp1p1/pNn1k3/Pp2P3/1P2q3/2P3Q1/1K6 w - -,c4c5 b6d5 e2d2 e7e8 a1b1 f7f6 c3c4 d5e7 d2b2 c8d7,Mate
r3rnk1/3bqp2/pp2p3/3pP1pp/3P1QP1/3BP2R/PP3N1P/5RK1 w - -,f4f7 e7f7 h3h5 f7g7 f2h3 e8e7 h5g5 d7b5 d3b5 a6b5,-299
2r5/4kP2/8/1p1p4/1P6/1K6/8/5R2 w - -,,0
2kr3r/ppp3pp/2p2p2/8/2b1P3/4BNP1/2q1B1KP/4R3 w - -,f3g1 h8e8 h2h3 c4e2 e1e2 c2e4 g2h2 e4d3 g3g4 e8e3,-1134
8/7k/8/8/1r5p/7K/7P/R7 w - -,,0
5k1N/p7/1p3K2/5p2/7q/3p4/8/8 w - -,a1a7 h7g6 a7a6 g6g7 a6a7 g7f6 a7a6,Mate
3r4/6kp/p3pp2/1p6/1Q6/7P/5PPB/5RK1 w - -,a1a7 h7g6 a7a6 g6g7 a6a7 g7f6 a7a6,Mate
r2qk2r/ppp2ppp/2n1b3/2bnp3/8/1BNP1N2/PPP2PPP/R1BQ1RK1 w kq -,c3e4 c5e7 f3g5 d8d7 g5e6 d7e6 f2f4 c6d4 b3c4 e5f4,73
r4rk1/pp1qp1bp/n1p2pp1/3p3n/3P3B/2NPPN2/PP3PPP/R2Q1RK1 w - -,c3e2 a6c7 h2h3 c7e6 f1e1 g6g5 h4g3 h5g3 e2g3 f6f5,10
r1bq1rk1/ppp5/3p1b1p/3PpnB1/2P5/3B1N1P/PP3P2/R2QK2R w KQ -,g5e3 e5e4 d3e4 f5e3 f2e3 d8e7 d1d3 f8e8 f3d2 f6b2,-1
8/8/8/5kp1/5r2/8/4K3/R7 w - -,,0
N1bq1r2/1p4Qp/p1kp1b2/2pN4/4P3/6P1/PPPB1P1P/R3KB1R w KQ -,d5f6 c8e6 f6d5 f8f7 g7h6 d8e8 e4e5 f7f5 a8c7 f5e5,1254
2r1r1k1/bb3pn1/p5pp/1pn1P3/2p2P2/P1P1R1PP/1PBN3B/R4K2 w - -,e3e2 g7e6 a3a4 a7b6 h2g1 e8d8 g1c5 e6c5 a4b5 a6b5,-382
3k4/5R2/6p1/4P2p/5P1P/p5P1/r7/5K2 w - -,,0
8/5p2/r2p4/5k2/2P3N1/5PK1/5P1P/8 w - -,f3f4 f5e4 f2f3 e4f5 g4e3 f5e6 e3d5 a6a1 h2h4 a1c1,-48
3r4/4Q2p/p3ppk1/1p6/8/7P/5PPB/5RK1 w - -,f3f4 f5e4 f2f3 e4f5 g4e3 f5e6 e3d5 a6a1 h2h4 a1c1,Mate
r1bqk2r/ppp3bp/2nppnp1/5p2/2BP1B2/2N1PN2/PPP1QPPP/R3K2R w KQkq -,e1a1 d8e7 h2h4 h7h6 d4d5 e6d5 c4d5 c8d7 e2c4 e8a8,25
r2q1rk1/ppp2ppp/2nbbn2/8/3P4/P1N2N2/1PP2PPP/R1BQKB1R w KQ -,f1e2 h7h6 c3b5 e6d5 e1h1 a7a6 b5d6 d8d6 f3h4 a8d8,97
6r1/pp3k1p/2p1p2q/5n2/3P1nR1/1P3P1r/P4Q2/2B1RBK1 w - -,f1g2 h3h1 g2h1 f4h3 g1f1 h3f2 c1h6 f2g4 h6c1 g4f6,-204
6k1/1pr2pb1/1N2b2p/1P4p1/2P5/q2p2P1/3Q1PBP/2R3K1 w - -,g2e4 g7b2 c1d1 b2d4 b6d5 c7c4 e4d3 c4a4 d5e3 a3c5,-50
r2q1rk1/ppb3pp/2n2p2/2p1P2n/P1Np1Pb1/1P1P1N2/2P3BP/R1BQ1RK1 w - -,a4a5 d8d7 d1e1 g4h3 e1h4 h3g2 g1g2 d7f5 c1d2 a8e8,-64
r2qr1k1/pp1n1ppp/2pb1pb1/8/2PP4/3BBN1P/PPQ2PP1/R4RK1 w - -,f1d1 d8e7 a1c1 a8d8 d3g6 h7g6 d1e1 d6b8 e3d2 e7d6,44
5r2/4k3/8/1p1p4/1P6/1K6/8/5R2 w - -,,0
r1bqkbnr/ppp1p2p/6p1/4np2/7Q/8/PPP2PPP/RNB1KBNR w KQkq -,b1c3 e5f7 g1f3 e7e6 h4d8 e8d8 c1d2 g8f6 e1a1 f8d6,-31
3Q4/5k1p/p3pp2/1p6/8/7P/5PPB/5RK1 w - -,b1c3 e5f7 g1f3 e7e6 h4d8 e8d8 c1d2 g8f6 e1a1 f8d6,Mate
3k4/5R2/4P1p1/7p/5P1P/p5P1/3r4/5K2 w - -,f1e1 d2b2 g3g4 a3a2 f7a7 b2b1 e1e2 a2a1q a7a1 b1a1,-771
r2qkb1r/pp2np2/5p2/2pPp3/2Pp3p/P2P1NP1/1P3PBP/R2Q1RK1 w kq -,f3h4 h8h4 g3h4 e7g6 g2e4 g6f4 e4f5 d8c7 g1h1 e8e7,303
r3k2r/1bq1bnpp/p2ppn2/1p4B1/3N1P2/2N3Q1/PPP3PP/2KR3R w kq -,d4e6 c7c8 e6g7 e8f8 h1e1 f7g5 f4g5 c8g4 g5f6 g4g3,343
4r3/3Rb1k1/4Qr2/2q5/pp5P/5P2/PPP5/1K2R3 w - -,d7e7 e8e7 e6e7 c5e7 e1e7 g7g6 e7e3 f6f4 a2a3 b4a3,580
8/7b/7P/pk6/8/PpK5/8/6R1 w - -,e6h3 g7f8 h3g2 b4b3 a2b3 a4b3 e1g1 c5c2 g2c2 b3c2,Mate
r3kb1r/pppqp1pp/1n6/3Pn3/8/2N1BQ2/PP4PP/R3KB1R w KQkq -,f3e4 e8a8 e4e5 b6d5 e1a1 e7e6 f1e2 f8d6 e5e4 h8e8,359
8/3kPR2/6p1/7p/5P1P/p5P1/3r4/5K2 w - -,e7e8r d7e8 f7a7 a3a2 f1e1 d2b2 e1d1 b2b1 d1c2 a2a1q,-950
5k2/8/8/1p1p4/1P6/1K6/8/8 w - -,b3c3 f8e7 c3c2 e7d6 c2d3 d6e6 d3c2 e6e5 c2d3 d5d4,-7101
r2qk2r/ppp2ppp/4b3/2bnn3/8/1BNP4/PPP2PPP/R1BQ1RK1 w kq -,d1e1 d5c3 b3e6 f7e6 e1e5 c3d5 c2c4 c5d6 e5e6 d5e7,-125
8/8/3k4/1p1p4/1P1K4/8/8/8 w - -,d4c3 d6e5 c3d3 d5d4 d3e2 e5e4 e2d2 d4d3 d2d1 e4d5,Mate
2kr3r/pppbppbp/2n3p1/8/7P/2N1BP2/PPP1BP2/3RK2R w - -,h4h5 d7f5 h5g6 f5g6 d1d2 h7h5 e2d3 g6d3 c2d3 c6d4,-267
8/5p2/3p4/5k2/2r2PNP/6K1/5P2/8 w - -,g4e3 f5e6 e3c4 d6d5 c4d2 e6f5 d2f3 f5g6 f3e5 g6g7,688
3Q4/5k2/p3pp2/1p5p/8/7P/5PPB/3R2K1 w - -,h4h5 c4f4 g4h2 f4a4 h2f3 a4a3 h5h6 f5g6 g3f4 g6h6,Mate
5rk1/p4bp1/q4p1p/4pP2/3pP1P1/4r2P/3R2K1/BR2Q3 w - -,e1c1 f8c8 c1b2 e3b3 b2b3 f7b3 a1d4 e5d4 b1b3 a6c6,-589
1rb2rk1/2q1ppbp/2p3p1/p7/1P6/2P1BB2/P4PPP/R1Q2RK1 w - -,e3c5 g7e5 h2h3 c8e6 f1e1 e5h2 g1h1 h2f4 c1c2 f4d6,23
1rr4k/p4q2/2ppb2p/4pn2/2P1B3/1P3N1P/P3QP2/1K1R2R1 w - -,e4c2 f7f6 e2e4 c8g8 g1g8 h8g8 e4c6 b8c8 c6b7 f6f7,226
r3k2r/1b2bnpp/p2pNn2/1p4B1/2q2P2/2N3Q1/PPP3PP/2KR3R w kq -,e6g7 e8d7 g3h3 d7d8 h1e1 f7g5 f4g5 f6d7 g7e6 d8c8,346
r1bq1k1r/1pp1bBp1/p1n2n1p/8/5p2/1QN2N2/PP3PPP/R3R1K1 w - -,f7g6 d8e8 g6e8 f6e8 c3d5 g7g6 d5e7 c6e7 e1e7 f8e7,620
2kr1b1r/p2n2pp/2pq1p2/3p3b/2pPn2B/1P1B1N1P/PN2QPP1/R4RK1 w - -,b3c4 d8e8 e2c2 h5f3 c4d5 e4g5 h4g5 f3g2 d5c6 g2c6,184
N2q1r2/1p5Q/p1kpbb2/2pN4/4P3/6P1/PPPB1P1P/R3KB1R w KQ -,a8c7 e6g8 h7h5 b7b5 c2c3 d8d7 f1h3 d7h7 h5h7 g8h7,1093
3r4/pp3k1p/2p1p3/4P3/7n/1P3P2/P7/4RK1B w - -,f3f4 d8d2 h1e4 h4g6 e1e3 h7h5 e3g3 g6e7 e4f3 h5h4,-202
r1b1kbnr/pp3ppp/4pq2/4n3/1p2P3/2P2N2/P4PPP/RNBQKB1R w KQkq -,a2a3 b4c3 b1c3 c8d7 c1b2 e5f3 g2f3 a8d8 h1g1 a7a6,-99
3n2rr/kppbq3/p2p3p/P2Ppp2/1P4p1/1QPP2NP/5PPN/R4RK1 w - -,b4b5 d7b5 g3f5 e7f6 c3c4 b5d7 f5e3 g4h3 g2g3 h6h5,-218
r4rk1/4nppn/3pbq1p/1pp1pN2/4P1QP/2PP2N1/1PBK1PP1/R6R w - -,g3h5 e7f5 a1a8 f8a8 e4f5 f6g6 g4f3 e6f5 f3a8 h7f8,408
rn1qkbnr/1ppb1pp1/p2pp2p/8/3PP3/3B1N2/PPPN1PPP/R1BQK2R w KQkq -,e1h1 g7g6 a2a4 f8g7 c2c3 g8e7 b2b4 e8h8 h2h3 d7c6,96
r2q1r1k/ppp2p1p/3p1N1Q/2b1p3/2B1P3/3P4/PPP1nPbP/R4R1K w - -,h1g2 f8g8 f6g8 d8g8 g2h1 g8g6 h6g6 f7g6 a1d1 e2f4,216
7r/7P/R7/5k2/8/6K1/8/8 w - -,,0
r1bq1rk1/ppb3pp/2n2p2/2p1P2n/P1Np1P2/1P1P1N1P/2P3B1/R1BQ1RK1 w - -,f3d4 c6d4 d1h5 f6e5 c4e5 f8f5 h5d1 c7e5 f4e5 d4c2,-85
r3kb1r/pppqpppp/1nn5/3PP3/2P5/2N1Bb2/PP4PP/R2QKB1R w KQkq -,e5e6 f7e6 d1f3 c6a5 b2b4 a5c4 e3b6 c4d6 b6f2 g7g6,310
8/7k/8/8/2r4K/8/7P/R7 w - -,,0
rnbq1b1r/pp3kp1/2p2n1p/4p3/8/5N2/PPPPBPPP/R1BQK2R w KQ -,c2c3 e5e4 f3e5 f7g8 e2c4 g8h7 e5f7 d8e8 d2d4 b8d7,-198
4rk1r/3p2pp/3p1p2/p7/2b4P/2P2Q2/P1PP1PP1/6K1 w - -,h4h5 f8f7 h5h6 g7g6 f3b7 c4e6 b7a7 e8b8 a2a4 h8c8,-476
5bk1/5p2/3N1P2/r1p1P1Pp/1pK5/1P4P1/p7/R7 w - -,d6f5 a5a8 f5h4 a8e8 g5g6 e8e5 g6g7 f8g7 f6g7 e5e3,78
8/7r/8/5k2/8/6K1/8/R7 w - -,,0
r2q1rk1/pp2ppbp/n1p2np1/3p4/3P1B2/2NPPN2/PP3PPP/R2QK2R w KQ -,f4e5 f6h5 h2h3 c6c5 e1h1 c5d4 e5d4 g7d4 f3d4 h5f6,31
1r3rk1/p1q1ppbp/2p1b1p1/8/8/P1P1BB2/1P3PPP/R1Q2RK1 w - -,e3f4 g7e5 f4e5 c7e5 f1e1 e5f6 f3c6 f8c8 c6f3 h7h5,56
2kr3r/ppp3pp/2p2p2/8/4P3/4BNP1/4R2P/3q1K2 w - -,f1f2 h8e8 f3d2 d1h1 h2h4 h1h2 f2f3 h2h3 f3f2 f6f5,-960
r1bqk2r/4ppb1/pnpp1np1/1p4Np/3PP2P/2N1BP2/PPPQ2P1/2KR1B1R w kq -,f1d3 d8c7 c1b1 e8h8 g2g4 c6c5 d4c5 d6c5 e3f4 e7e5,65
6r1/1p3pP1/1N1pk3/1P6/8/2P2P2/P4P1P/6K1 w - -,g1g2 g8g7 g2f1 d6d5 a2a4 e6d6 f1e2 g7h7 e2e3 h7h3,-119
3n2rr/kppbq3/p2p3p/PP1Pp3/2P2p2/1Q1P2Np/5PPN/R4RK1 w - -,g3e4 g8g2 g1h1 e7g7 f1g1 h8g8 b5b6 a7a8 b3d1 c7c6,-374
1rr4k/p7/2pnbq1p/4N3/2P1B3/1P5P/P3QP2/1K4R1 w - -,e5g6 h8g7 g6e5 g7f8 e4d3 e6f5 d3f5 f6f5 b1a1 c8e8,-143
r2q2k1/p3b1pp/2p1p1r1/3p1n2/3P4/2N1B2P/PP2QPP1/R2R2K1 w - -,d1d3 e7d6 a1d1 d8h4 e3c1 a8f8 f2f4 d6f4 c1f4 h4f4,-185
5r2/1b2Npkp/pq4p1/1p1pP3/8/P2R2Q1/1Pr3PP/5R1K w - -,e5e6 f7f6 e7f5 g7g8 f5d4 c2c4 b2b3 c4d4 g3f2 f6f5,195
r1r3k1/p2bqppp/8/B1pp4/Q2Rn3/1P2P1P1/5PBP/3R2K1 w - -,a4d7 e7d7 d4e4 d7b5 e4a4 c5c4 d1d5 b5b3 a4a1 a8b8,-409
8/7k/8/8/8/6K1/2r4P/R7 w - -,,0
2kr1r2/ppp3pp/2p2p2/8/4P3/4BNP1/4RK1P/3q4 w - -,g3g4 f8e8 e3f4 d1a4 f3d2 d8d3 h2h4 d3d2 e2d2 a4e4,-871
2kr1b1r/p2n2pp/2pq1p2/3p3b/2PP3B/2nB1N1P/PN2QPP1/R4RK1 w - -,e2c2 d6a3 h4g3 h5f3 g2f3 f8b4 c4d5 d7b6 d3f5 c8b7,321
1r3rk1/p1q1ppbp/2p3p1/5b2/8/P1P1BB2/1P3PPP/R1Q2RK1 w - -,b2b4 f8d8 f1e1 a7a5 e3h6 g7h6 c1h6 c6c5 a1c1 c5b4,22
8/1p2k2p/n3n1p1/B7/1b4P1/7P/4RP2/6K1 w - -,a5b4 a6b4 e2b2 b4d3 b2b7 e7f6 g1g2 d3f4 g2g3 h7h6,12
2rq2k1/2rb1pb1/2p1p1pp/1pQpP3/pP3P2/P1PR2PP/N4PB1/4R1K1 w - -,c5e3 c6c5 h3h4 h6h5 e1d1 d8e7 g1h2 g7f8 e3e1 g8g7,-50
5rk1/5ppn/2npbq1p/1pp1pN2/4P1QP/2PP2N1/1PBK1PP1/r6R w - -,h1a1 g7g6 a1a6 e6d7 f5h6 g8h8 g4d7 c6b8 d7d6 b8a6,-9
1r1r2k1/p1q1ppbp/2p3p1/5b2/8/P1P1BB2/1P3PPP/R1Q1R1K1 w - -,b2b4 a7a5 e3g5 d8d7 g5h4 c6c5 h4g3 e7e5 b4a5 f5d3,13
r5k1/p4pp1/2rn3p/1RB5/2RP4/6P1/P4PKP/8 w - -,a2a4 d6c4 h2h3 c6c8 b5b4 c4d2 c5d6 a7a5 b4b5 d2e4,-516
1r4k1/3pbppp/4p3/4P3/5P2/8/1qK1Q1PP/2RR4 w - -,a2a4 d6c4 h2h3 c6c8 b5b4 c4d2 c5d6 a7a5 b4b5 d2e4,Mate
r2qk2r/ppp3pp/2n1bp2/2bnp3/8/1BNP1N2/PPP2PPP/R1BQR1K1 w kq -,c3a4 b7b6 c2c3 d8d7 d3d4 e5d4 d1e2 e8f7 a4c5 b6c5,148
8/2N2bpp/8/8/3p2PP/2k1p3/4K3/8 w - -,g4g5 f7c4 e2f3 c3d3 f3f4 e3e2 f4e5 e2e1q e5d6 d3c3,-1273
rnbqk1nr/pp4pp/2pbpp2/3p4/3P4/4PNB1/PPP2PPP/RN1QKB1R w KQkq -,c2c4 d6g3 h2g3 g8h6 b1c3 e8h8 d1c2 f6f5 c3e2 b8d7,71
8/8/5B2/2N5/8/2K5/8/k7 w - -,c2c4 d6g3 h2g3 g8h6 b1c3 e8h8 d1c2 f6f5 c3e2 b8d7,Mate
1k6/5R2/6p1/4P2p/5P1P/p5P1/1r6/4K3 w - -,f7f6 b8a7 f6f7 b2b7 f7b7 a7b7 e1d2 a3a2 d2d1 a2a1q,-954
2kr3r/ppp1qp1p/1nn1p3/4P1p1/2PP1P2/P1PB4/4QB1P/R3K2R w KQ -,f4f5 e7d7 e1h1 e6f5 a3a4 f5f4 a4a5 d7h3 d3e4 g5g4,157
5rk1/5p1n/2npbqpp/1pp1pN2/4P1QP/2PP2N1/1PBK1PP1/R7 w - -,a1a6 e6d7 f5h6 g8h8 g4d7 c6b8 d7d6 b8a6 d6f6 h7f6,-8
8/K2R4/4r3/8/4k3/8/2P5/8 w - -,a7b7 e6e5 b7b6 e5e6 b6b5 e6e5 b5c4 e5e6 d7d5 e6e7,599
4rr1k/5Bpp/3b4/5Q2/6P1/4p2P/4K1q1/R4R2 w - -,a7b8 e6c6 d7d2 c6c3 b8b7 e4e3 d2h2 e3e4 b7b6 e4d4,Mate
1k6/5R2/4P1p1/7p/5P1P/6P1/pr6/4K3 w - -,a7b8 e6c6 d7d2 c6c3 b8b7 e4e3 d2h2 e3e4 b7b6 e4d4,Mate
N2q1r2/1k6/p2pbb2/2pN4/4P3/6P1/PPPB1P1P/R3KB1R w KQ -,a8c7 e6c8 f1g2 f6d4 e1h1 d4e5 c2c3 f8f7 f2f4 e5h8,530
3Q4/5ppk/7p/P7/7P/4P1P1/7K/1q6 w - -,d8d2 b1f1 d2a2 f1a6 e3e4 h7g8 h4h5 g8h8 e4e5 h8g8,40
r1b2rk1/ppb3pp/5q2/2p1n3/P1Np1P2/1P1P2nP/2P3B1/R1BQR1K1 w - -,g2d5 e5f7 d1f3 g3f5 a4a5 f5e7 d5b7 a8b8 a5a6 f7d8,-433
r1r3k1/p2b1ppp/8/B1pp4/Q3q3/1P2P1P1/5PBP/3R2K1 w - -,a4d7 e4c2 d7d5 c8e8 g2f1 c2a2 a5c7 a8c8 c7f4 a2c2,442
r5k1/1q3ppp/p7/P1R1pP2/8/3r3P/1P3Qb1/4R1K1 w - -,f2g2 b7a7 b2b4 a8d8 f5f6 g7g6 g2c6 d3d6 c6c7 a7c7,-175
8/2Q5/8/8/3kB3/8/3K4/8 w - -,f2g2 b7a7 b2b4 a8d8 f5f6 g7g6 g2c6 d3d6 c6c7 a7c7,Mate
r1r3k1/p4pp1/3n3p/1RBP4/2R5/6P1/P4PKP/8 w - -,c4f4 d6b5 c5b4 c8d8 f4f5 b5c7 d5d6 c7e8 f5d5 e8f6,-522
3B4/8/8/2N5/2K5/8/8/1k6 w - -,c4f4 d6b5 c5b4 c8d8 f4f5 b5c7 d5d6 c7e8 f5d5 e8f6,Mate
r2qk2r/1pp1bppp/p1npbn2/4p3/4P3/2NP1NPP/PPP2PB1/R1BQK2R w KQkq -,d3d4 e5d4 f3d4 c6d4 d1d4 e8h8 e1h1 f8e8 f1d1 h7h6,42
k2n2rr/1ppbq3/pP1p3p/P2Pp3/2P2p2/1Q1P2Np/5PPN/R4RK1 w - -,b6c7 f4g3 f2g3 g8g3 f1f2 e7g5 b3c2 d8f7 h2f1 g3g2,-388
8/8/8/8/4k1K1/8/3R4/1r6 w - -,,0
4rr1k/5Bpp/3b4/5Q2/6P1/7P/4Kpq1/R7 w - -,d2e2 e4d5 e2a2 b1g1 g4h3 g1g8 a2a5 d5c6 h3h4 g8b8,Mate
r5k1/p4pp1/3B3p/1R1P4/2r5/6P1/P4PKP/8 w - -,d6f4 c4a4 d5d6 a4a2 b5e5 a8d8 e5e7 g8f8 e7c7 a7a5,-88
8/1K1R4/8/4r3/4k3/8/2P5/8 w - -,b7b6 e5e6 b6b5 e6e5 b5c4 e5e6 d7d5 e6g6 d5h5 g6c6,599
8/8/8/8/4k1K1/8/R7/2r5 w - -,,0
1rr5/p5k1/2pnbqNp/8/2P1B3/1P5P/P3QP2/1K4R1 w - -,g6f4 g7f8 f4e6 f6e6 e2f3 d6f7 e4f5 e6e5 f5c8 b8c8,-172
4r1k1/5pp1/1Q6/P6p/1P1pn3/3Bq1P1/4P2P/5R1K w - -,b6c7 e4f6 a5a6 h5h4 a6a7 h4g3 c7g3 e3g3 h2g3 f6d5,560
8/8/8/8/4k1K1/8/1R6/r7 w - -,,0
r4rk1/4p1b1/p1p1bpp1/1p1n3P/3BN1p1/5q2/PPP2Q2/1K1R1B1R w - -,f2e1 f3h1 e4g3 h1h4 e1e6 g8h8 e6e1 e7e5 d4f2 g6h5,-296
2kr1b1r/pppq2pp/2n3b1/4pp2/8/3PBNNP/PPP2PP1/R2Q1RK1 w - -,e3d2 e5e4 f3h4 f8e7 h4g6 h7g6 f1e1 e7f6 d2c3 d7f7,-147
8/3n1p1k/r5pp/p1q5/1p6/5NPP/1P3R1K/5Q2 w - -,f3g5 h7g8 g5f7 g8g7 f7d8 d7e5 b2b3 h6h5 d8f7 a6a7,-82
r1b2rk1/ppb3pp/8/2p1P3/P1Np4/1P1P2nP/2P2qB1/R1BQR1K1 w - -,g1h2 c8d7 c1g5 d7c6 d1d2 c6g2 d2f2 f8f2 h2g3 a8f8,-467
r1r3k1/p4ppp/8/B1pp4/b3B3/1P2P1P1/5P1P/3R2K1 w - -,e4h7 g8h7 b3a4 a8b8 a5c3 b8b3 d1c1 b3a3 a4a5 f7f6,-362
8/8/r2k2pp/P7/4KPP1/8/8/R7 w - -,a1d1 d6e6 d1d5 a6c6 d5e5 e6d6 e4d4 d6d7 e5d5 d7e7,340
r3k2r/pp1n1ppp/1qp1p3/3pPnB1/1b1P4/1PNQ1N2/P1P2PPP/R3K2R w KQkq -,e1a1 b4c3 d3c3 c6c5 h1e1 h7h6 g5e3 c5c4 b3c4 b6c6,-59
r1bq1rk1/pp3ppp/2n1p3/2bp3n/2P2B2/3BPN2/PP1N1PPP/R2Q1RK1 w - -,f4g5 c5e7 c4d5 e6d5 g5e7 d8e7 a1c1 h5f6 h2h3 c8d7,53
r3r1k1/2pqbppp/2p5/p1np1b2/8/1BNP1Q2/PPPB1PPP/R3R1K1 w - -,c3a4 c5b3 a2b3 d5d4 d2f4 f5g6 h2h4 e7h4 e1e5 h4e7,10
4rnk1/r2bqp2/pp2p1p1/3pP3/3P2Q1/3BP2R/PP4PP/5RK1 w - -,g4f4 d7b5 d3b5 a6b5 f4h6 f7f5 e5f6 e7h7 h6g5 h7f7,331
8/8/3k1P2/1p1p4/1P3K1r/8/8/5R2 w - -,f4g5 h4h8 f6f7 h8f8 g5h6 d5d4 h6g7 f8b8 f7f8q b8f8,575
r1bqkb1r/pp2nppp/2n1p3/2PpP3/8/3B1N2/PPP2PPP/RNBQK2R w KQkq -,c1g5 h7h6 g5e3 g7g5 b1c3 f8g7 c3b5 e7f5 d1d2 a7a6,79
4rr1k/5Bpp/3b4/5Q2/6P1/3K3P/6q1/R4q2 w - -,c1e3 e7g6 d3b5 c8d7 b5c6 d7c6 e3d4 d8c7 d1d2 c6d7,Mate
5r1k/5p1n/2npbqpN/1pp1p3/4P1QP/2PP2N1/1PBK1PP1/R7 w - -,g4f3 f6h4 f3e3 h4f4 a1a6 f8c8 e3f4 e5f4 g3e2 h8g7,-43
rnbqk1nr/p5pp/1ppbpp2/3p4/3P4/2P1PNB1/PP3PPP/RN1QKB1R w KQkq -,b1d2 g8h6 c3c4 e8h8 d1c2 c8b7 f1d3 f6f5 a1c1 d6g3,80
6R1/6b1/7N/8/8/B7/p1K5/k7 w - -,b1d2 g8h6 c3c4 e8h8 d1c2 c8b7 f1d3 f6f5 a1c1 d6g3,Mate
8/7k/6rp/p4q2/1p2n3/7P/1P2R3/1Q5K w - -,b1d2 g8h6 c3c4 e8h8 d1c2 c8b7 f1d3 f6f5 a1c1 d6g3,Mate
r1b1k2r/ppp2pp1/2n1pq1p/3p4/QbPP4/2N2P2/PP2P1PP/R3KBNR w KQkq -,a2a3 b4c3 b2c3 c8d7 c4d5 e6d5 a4b3 c6e7 b3b7 e8h8,-139
1rr5/p4k2/2pnbq1p/8/2P1BN2/1P5P/P3QP2/1K4R1 w - -,,0
8/3R4/1K2r3/8/4k3/8/2P5/8 w - -,b6b5 e6e5 b5c4 e5e6 d7d5 e6c6 d5c5 c6b6 c2c3 b6h6,599
r2qkb1r/ppp2ppp/2n1bn2/3p4/4PB2/2NP2P1/PPP3BP/R2QK1NR w KQkq -,f4g5 d5e4 c3e4 f8e7 g5f6 g7f6 g1e2 d8d7 e2f4 e8a8,-24
r3rnk1/3bq3/pp2ppp1/3pP3/3P2Q1/3BP2R/PP4PP/5RK1 w - -,e5f6 e6e5 g4h4 d7h3 f6e7 e5e4 d3e2 f8h7 h4h3 e8e7,666
2kr3r/ppp2p1p/1nn1p3/4P1q1/2PP4/P1PB4/4QB1P/R3K2R w KQ -,h1g1 g5h6 f2e3 h6h4 e1d2 h8g8 d2c2 h4e7 g1f1 h7h5,78
6R1/8/7N/8/8/8/pbK5/k7 w - -,a1b1 d8g8 h1f1 h7h5 e1d1 g5e7 d1c2 g8g2 d3e4 g2h2,Mate
2kr1b1r/pppq2pp/2n2pb1/4p3/8/3PBNNP/PPP2PP1/R2Q1RK1 w - -,f1e1 h7h5 h3h4 d7g4 d1e2 f8e7 a2a3 f6f5 b2b4 a7a6,-129
4rr1k/5Bpp/3b4/5Q2/6P1/3K3P/4q3/5R2 w - -,f1e1 h7h5 h3h4 d7g4 d1e2 f8e7 a2a3 f6f5 b2b4 a7a6,Mate
r1bq2nr/ppppbk1p/2n5/4P3/8/8/PPP1PPPP/RNBQKB1R w KQ -,e2e3 h7h5 d1d5 f7g7 f1c4 d8e8 c1d2 e8g6 e1h1 d7d6,-10
r5k1/q4ppp/p7/P1R1pP2/8/3r3P/1P4Q1/4R1K1 w - -,b2b4 a8d8 f5f6 g7g6 g2c6 d3d6 c6c7 a7c7 c5c7 d6f6,-224
8/4q1k1/5r2/8/pp5P/5P2/PPP5/1K2R3 w - -,e1e7 g7g6 e7e3 a4a3 b2a3 b4a3 e3a3 g6h5 a3b3 f6f4,Mate
r4rk1/ppbb2pp/8/2p1P3/P1Np4/1P1P2nP/2P2qBK/R1BQR3 w - -,c1d2 d7c6 e1g1 g3e2 d1e1 e2g1 e1f2 f8f2 a1g1 a8e8,-525
8/8/7N/8/8/8/p1K5/k1b3R1 w - -,c1d2 d7c6 e1g1 g3e2 d1e1 e2g1 e1f2 f8f2 a1g1 a8e8,Mate
1r1r2k1/2q1pp1p/2p3p1/P1B2b2/8/P1P2B2/5PPb/R1Q1R1K1 w - -,,0
4rr1k/5Bpp/8/4bQ2/3K2P1/7P/4q3/5R2 w - -,g1h1 h2d6 c5b6 b8b6 a5b6 c7b6 h1g1 d8a8 a3a4 a8a5,Mate
8/3R4/8/1K2r3/4k3/8/2P5/8 w - -,b5b6 e5e6 b6b5 e6e8 d7b7 e8e5 b5b4 e5g5 b7b5 g5g1,599
1r1r2k1/2q1pp1p/2pb2p1/P1B2b2/8/P1P2B2/5PP1/R1Q1R2K w - -,c5b6 b8b6 a5b6 c7b6 h1g1 d8a8 a3a4 a8a5 c1d2 b6c7,3
3r1r1k/5Bpp/8/3KbQ2/6P1/7P/4q3/5R2 w - -,c5b6 b8b6 a5b6 c7b6 h1g1 d8a8 a3a4 a8a5 c1d2 b6c7,Mate
3r2k1/4pp1p/1qpb2p1/5b2/8/P1P2B2/5PP1/R1Q1R2K w - -,h1g1 d8a8 a3a4 b6c7 c1h6 d6e5 f3c6 e5g7 h6g7 g8g7,1
r2qk2r/ppp1bppp/2npbn2/4p3/4PP2/2NP2P1/PPP3BP/R1BQK1NR w KQkq -,g1e2 e8h8 e1h1 e6d7 h2h3 e5f4 g3f4 g7g6 d3d4 f6h5,76
2k2r2/ppp3pp/2p2p2/2q5/8/5NP1/3R1K1P/8 w - -,f2g2 b7b6 f3h4 c8b7 d2d7 a7a5 d7g7 a5a4 g3g4 a4a3,-979
2kr1b1r/pppq1b1p/2n2p2/4p1p1/1P6/P2PBNNP/2P2PP1/R2Q1RK1 w - -,g3e4 f8e7 b4b5 c6d4 c2c4 d4f3 d1f3 f6f5 f1e1 f5e4,-78
5rk1/pp3np1/4B3/7r/5Q2/4P3/P4P2/6K1 w - -,f4c7 h5h6 c7e7 b7b5 f2f4 b5b4 f4f5 a7a6 e3e4 a6a5,274
r2qkbnr/pp2pppp/2b5/2ppP3/P7/5N2/1PPP2PP/RNBQK2R w KQkq -,e1h1 e7e6 d2d4 c5d4 f3d4 g8e7 d1f3 e7f5 c2c3 d8d7,-89
r1bqkb1r/pp3ppp/2n1p1n1/2PpP3/8/3B1N2/PPP2PPP/RNBQ1RK1 w kq -,d3g6 h7g6 c2c4 f8c5 c1g5 c5e7 g5e7 c6e7 b1d2 e8h8,54
3r1r1k/5Bpp/8/2K1bQ2/6P1/4q2P/8/5R2 w - -,b1c3 f8c5 c1g5 d8d7 f1e1 h7h6 g5d2 a7a6 d3g6 f7g6,Mate
rn2kb1r/pp1qpppp/2p2n2/8/2pP2b1/2N2NP1/PP2PPBP/R1BQK2R w KQkq -,f3e5 d7c8 e5g4 c8g4 e1h1 e7e6 h2h3 g4h5 d1a4 b8d7,110
8/1kp5/8/3P4/8/8/6K1/8 w - -,,0
8/3R4/5Kpk/1B3p1p/5P1P/6r1/4p3/8 w - -,d7d8 h6h7 b5e2 g3c3 e2b5 c3c1 b5e8 h7h6 e8d7 h6h7,20000
r1bqkbnr/pp2p1pp/2n2p2/2PpP3/8/P7/1PP2PPP/RNBQKBNR w KQkq -,f1b5 f6e5 c2c4 g8f6 g1f3 e5e4 c4d5 d8d5 d1d5 f6d5,92
6k1/p3pp2/2p3p1/2Q4p/PP1P4/1q5P/5PP1/5K2 w - -,f1e2 b3a4 c5e7 a4c2 e2e3 c2c3 e3f4 c3d4 f4g3 g8g7,-75
2kr4/ppp3pp/2p2p2/2q5/8/5NP1/3R2KP/8 w - -,d2e2 b7b6 f3h4 c8b7 g3g4 c5c4 g2f2 c4g4 h4f3 a7a5,-1025
r4rk1/ppb3pp/2b5/2p1P3/P1Np4/1P1P2nP/2PB1qBK/R2QR3 w - -,e1e4 g3e4 d3e4 c6e4 d1g4 e4f3 g4g3 f3c6 b3b4 c6d5,Mate
r2qk2r/pppbbppp/2np1n2/4pP2/4P3/2NP2P1/PPP3BP/R1BQK1NR w KQkq -,g1f3 a7a5 a2a4 e8h8 e1h1 f8e8 g1h1 h7h6 h2h4 c6d4,63
1r3r1k/5Bpp/8/1K2bQ2/6P1/4q2P/8/5R2 w - -,a2a4 g7g6 g1f3 g6f5 e1h1 f5f4 g3f4 d7g4 g1h1 h8g8,Mate
r1bqkbnr/ppp4p/3p1p2/4n3/5B2/5N2/PPP1PPPP/RN1QKB1R w KQkq -,b1c3 e5g6 f4g3 f6f5 e2e3 f8g7 h2h4 g7c3 b2c3 g8f6,205
4r3/3R4/8/8/2K1k3/8/2P5/8 w - -,d7d5 e8g8 c2c3 g8g7 d5c5 e4e3 c4b4 e3d2 c3c4 d2c1,603
r1r3k1/p4ppp/8/B1pp1B2/2b5/4P1P1/5P1P/1R4K1 w - -,b1c1 c8b8 e3e4 g7g6 f5h3 b8b7 e4d5 c4d5 h3f1 a8b8,-418
r1bqnbk1/ppp2r1p/3p2n1/2PPp1p1/4Pp2/2NN1P2/PP2BBPP/2RQ1RK1 w - -,c5c6 b7b6 g2g4 h7h5 h2h3 a7a5 a2a4 c8a6 g4h5 g6h8,98
k2n2rr/1pPbq3/p2p3p/P2Pp3/2P5/1Q1P2pp/5PPN/R4RK1 w - -,f2g3 g8g3 f1f2 e7g5 b3c2 d8f7 h2f1 g3g2 f2g2 h3g2,-411
r5k1/4pp1p/1qpb2p1/5b2/8/P1P2B2/5PP1/R1Q1R1K1 w - -,a3a4 b6c7 c1h6 a8a5 g2g3 d6e5 e1e3 c6c5 g1g2 e5g7,7
8/1p5p/n2kn1p1/B7/1P4P1/b6P/4RP2/6K1 w - -,b4b5 a6c7 a5c7 e6c7 e2d2 d6e7 b5b6 c7e6 g1g2 a3b4,-58
r4rk1/bpp2pp1/p5np/4p3/1Pb1n3/P3PNP1/1B3PBP/2RR2K1 w - -,f3d2 e4d2 d1d2 c4e6 g2b7 a8d8 d2d8 f8d8 b7a6 d8d2,-304
5r2/pp4kp/2b3p1/6q1/4rp2/1Q5P/PPN2PPK/R6R w - -,h3h4 g5c5 h1f1 f4f3 g2g3 c6b5 c2e3 b5f1 a1f1 e4b4,-234
2r3k1/p4ppp/8/B1pp4/2b5/4P1P1/5P1P/1R4K1 w - -,h2h4 f7f6 b1b7 a7a6 f2f3 d5d4 g1f2 c4b5 b7e7 g8f8,-135
2k5/ppp3pp/2p2p2/2q5/8/3r1NP1/5RKP/8 w - -,f3e1 d3d8 g3g4 b7b6 f2e2 c8b7 g2f3 a7a5 e2e3 d8d2,-1024
r2n1q1k/1p2R3/4p2p/1P1pPppN/p2P4/P6P/3nBPP1/2R3K1 w - -,c1c7 d2e4 f2f3 a8c8 e7h7 h8g8 c7g7 f8g7 h7g7 g8f8,543
3R4/7k/5Kp1/1B3p1p/5P1P/6r1/4p3/8 w - -,b5e2 g3c3 e2b5 c3c1 d8e8 c1c2 e8e2 c2c3 b5e8 c3c8,20000
r3r1k1/1p2ppbp/1qp1nnp1/p2pB3/3P4/Q1NPPN2/PP3PPP/2R2RK1 w - -,c1c2 b6b4 c3e2 g7f8 a3c3 f6d7 h2h4 h7h5 f1b1 e8c8,9
8/5k2/1pr1p3/3nBpp1/3P4/1bN1K2P/1P1R2P1/8 w - -,e3e2 d5c3 b2c3 b3d5 g2g3 c6c3 d2b2 d5c4 e2e1 b6b5,-158
r1bqnbk1/ppp2r2/3p2n1/2PPp1pp/4Pp2/2NN1P2/PP2BBPP/2RQ1R1K w - -,c5c6 b7b6 g2g3 f8h6 g3g4 h5g4 f3g4 e8f6 h2h3 a7a6,55
2rr2k1/1p3ppp/4p3/4P3/PpB1bR2/1P2P3/1B1n2PP/2R3K1 w - -,h2h4 d2c4 b3c4 e4c6 a4a5 d8d3 b2d4 h7h6 c1b1 b4b3,-85
r2qkb1r/pp1b1ppp/2n2n2/1Bp1p3/3pP3/2PP1P2/PP2Q1PP/RNB1K1NR w KQkq -,f3f4 d4c3 b5c6 d7c6 b1c3 c5c4 d3c4 f8b4 g1f3 e5f4,-67
r5k1/ppb3pp/2b5/2p1P3/P1Np4/1P1P1rnP/2PB1qBK/R2Q2R1 w - -,d2f4 g3e2 d1e2 f2e2 a1e1 e2f2 c4d6 f3f4 e1f1 f2g2,Mate
r1bq1rnk/1ppnb1pp/p2p4/P2Pp3/2B1N3/2P5/1P3PPP/RNBQR1K1 w - -,c4f1 d7f6 e4f6 e7f6 b1d2 f6g5 d2e4 g5c1 a1c1 c8f5,47
5b2/r7/4PP2/2p1N1kp/1p6/1P1K2P1/p7/R7 w - -,e5c6 c5c4 d3c4 a7c7 c4d5 g5f6 a1a2 c7c8 a2e2 f6g5,428
r1bq1rk1/p3ppbp/2p2np1/1pp5/4P3/2NP1N1P/PPP2PP1/R1BQ1RK1 w - -,c1e3 c5c4 f1e1 b5b4 c3a4 d8a5 a4c5 f6d7 c5d7 c8d7,73
r7/8/8/3R4/2K1k3/8/2P5/8 w - -,d5h5 a8c8 h5c5 c8g8 c2c3 g8g1 c5h5 g1c1 c4b4 e4d3,603
r2qk2r/ppp2ppp/2bbpn2/3pN3/5P2/1P2P3/P1PP2PP/RNBQK2R w KQkq -,,0
r3k2r/4pp1p/2pp1npQ/1p6/1p1PP2P/1P3P2/q3N1P1/2KR1BNR w kq -,d1d3 a2a1 c1d2 a1f1 d2e3 f1g2 h1h3 a8a2 d3d2 a2a3,-136
4Q3/r5bk/2p5/5NB1/2pP1n2/2P4P/1P4PK/5q2 w - -,f5h4 f1e2 e8b8 f4g2 h4g2 a7f7 g5e3 f7f6 e3f4 f6e6,-78
2k5/ppp3pp/2p2p2/8/7P/5rP1/5K2/8 w - -,f2f3 a7a5 f3e2 a5a4 e2d2 c6c5 g3g4 b7b5 d2c1 a4a3,-732
8/8/7p/p1p3p1/PkB2bP1/1P3K1P/8/8 w - -,h3h4 b4c3 f3e4 f4b8 h4h5 c3d2 e4f5 d2e3 f5g6 e3f3,732
2rq2k1/2rb1pb1/4p1pp/1pppP3/pP3P2/P1PRQ1PP/N4PB1/4R1K1 w - -,e1d1 h6h5 h3h4 g7f8 g1h2 d8e7 e3e1 d7e8 e1e3 e8c6,-54
3k3r/1p2nppp/pN2p3/3p1b2/3P4/P7/P4PPP/2R2RK1 w - -,f1d1 e7c6 b6a4 h7h5 f2f3 c6a5 c1c3 a5c4 d1c1 d8c7,56
r1bqk1nr/ppp3bp/3p1p2/4n3/4PB2/5N2/PPP2PPP/RN1QKB1R w KQkq -,b1c3 g8e7 d1d2 e5f3 g2f3 c8e6 h1g1 h8g8 e1a1 d8d7,210
r4rk1/1bq1b1pp/p2ppn2/1p2n1B1/3N1P2/2N3Q1/PPP3PP/2KR3R w - -,g3h3 e5g4 g5f6 g4f6 d4e6 c7c6 h1e1 b7c8 c3e2 c6c4,-291
r4rk1/4nppn/3pb1qp/1pp1pN1N/4P1QP/2PP4/1PBK1PP1/R6R w - -,f5e7 g8h8 e7g6 f7g6 g4g6 f8f2 d2e3 a8g8 e3f2 h7f8,1185
8/1pn4p/3kn1p1/BP6/6P1/b6P/4RP2/6K1 w - -,a5c7 e6c7 e2d2 d6e7 b5b6 c7e6 h3h4 a3b4 d2a2 b4c5,-56
rnbqk2r/ppp1ppbp/6p1/8/3PQ3/5N2/PPP2PPP/R1B1KB1R w KQkq -,f1c4 b8c6 c2c3 c8f5 e4f4 e8h8 e1h1 h7h6 f1e1 d8d6,72
rn2kb1r/pp2pppp/2p1qn2/4N3/2pP2b1/2N3P1/PP2PPBP/R1BQK2R w KQkq -,h2h3 g4f5 g3g4 f5g6 f2f4 b8d7 e1h1 e6d6 f4f5 d7e5,322
r1bq1rk1/p2nppbp/2p3p1/1pp5/4P3/2NPBN1P/PPP2PP1/R2Q1RK1 w - -,d1d2 a7a5 e3h6 a5a4 h6g7 g8g7 e4e5 d7b6 f1e1 c5c4,70
2k5/1pp3pp/2p2p2/p7/7P/5KP1/8/8 w - -,f3e2 a5a4 e2d2 b7b5 d2c2 c6c5 g3g4 a4a3 g4g5 f6g5,-1132
r2qk1nr/pp3ppp/2n5/3p4/1b1p2b1/5NP1/PPP1NPBP/R1BQK2R w KQkq -,e2c3 d8e7 d1e2 e7e2 e1e2 d4c3 a1b1 e8a8 h1d1 g8f6,-529
2k5/1pp3pp/2p2p2/7P/p7/5KP1/8/8 w - -,e2c3 d8e7 d1e2 e7e2 e1e2 d4c3 a1b1 e8a8 h1d1 g8f6,Mate
8/7k/2p1N2b/7Q/2pP1n2/2P4P/1P4PK/5q2 w - -,e2c3 d8e7 d1e2 e7e2 e1e2 d4c3 a1b1 e8a8 h1d1 g8f6,Mate
rnbqk2r/pp2ppbp/6p1/2p5/2BPQ3/5N2/PPP2PPP/R1B1K2R w KQkq -,c1e3 d8c7 e1a1 c5d4 c4b5 b8c6 e3d4 g7h6 c1b1 e8h8,81
2r5/8/8/7R/2K1k3/8/2P5/8 w - -,h5c5 c8g8 c4b4 e4d4 c2c3 d4d3 c5d5 d3c2 c3c4 g8b8,603
7r/1pk2ppp/pNn1p3/3p1b2/3P4/P1R5/P4PPP/3R2K1 w - -,b6a4 c7d6 a4c5 c6a5 f2f3 h7h5 d1d2 b7b6 c5a6 a5c4,49
8/8/r4p2/1R4p1/3pk1P1/7P/5PK1/8 w - -,b5b4 a6d6 b4a4 e4d3 g2f1 d3c2 a4a2 c2c1 a2a1 c1b2,-364
r3kb1r/pp2pp1p/6p1/4Pb2/1n1PBPn1/8/PP2N1PP/RNB1K2R w KQkq -,e4f5 g6f5 h2h3 g4h6 e1d2 e7e6 a2a3 b4d5 b1c3 d5c7,171
r5k1/ppb3pp/2b5/2p1P3/P1Np4/1P1P1r1P/2PB1qBK/R3QnR1 w - -,e4f5 g6f5 h2h3 g4h6 e1d2 e7e6 a2a3 b4d5 b1c3 d5c7,Mate
r4r1k/4Nppn/3pb1qp/1pp1p2N/4P1QP/2PP4/1PBK1PP1/R6R w - -,e7g6 f7g6 g4g6 f8f2 d2e3 a8g8 e3f2 h7f8 g6e8 d6d5,1304
r4rk1/bppq1pp1/p2pbnnp/8/1PPp4/P1N1PNP1/1B3PBP/2RQR1K1 w - -,c3a4 b7b5 c4c5 e6g4 d1c2 g4h3 b2d4 h3g2,-181
2kr1b1r/p2n2pp/2p2p2/8/2NP1q1B/2QB1b1P/P4PP1/R4RK1 w - -,h4g3 f4g5 g2f3 a7a5 c4d6 c8c7 d6e4 g5g3 e4g3 f8b4,768
r3kb1r/p4ppp/1nppb3/8/2P5/1P6/PB2BPPP/RN2K2R w KQkq -,e1h1 e8a8 b2d4 c6c5 d4c3 d6d5 c4d5 b6d5 c3a5 f8d6,75
r2qk1nr/ppp3bp/3pbp2/4n3/4PB2/2N2N2/PPP2PPP/R2QKB1R w KQkq -,f3d4 e6f7 d4f5 g7f8 f1b5 c7c6 b5a4 d8c7 a4b3 e8a8,272
2r5/1pk2ppp/p1n1p3/3p1b2/N2P4/P1R5/P4PPP/3R2K1 w - -,a4c5 c8d8 d1c1 d8d6 c3b3 b7b5 c5a6 c7b6 a6b4 c6d4,134
r1bqk2r/pp2ppbp/2n3p1/2p5/2BPQ3/4BN2/PPP2PPP/R3K2R w KQkq -,e1a1 c8f5 e4h4 d8b6 c2c3 b6a5 g2g4 c5d4 g4f5 d4e3,89
2k5/1pp4p/2p2p1p/8/p7/5KP1/8/8 w - -,f3e5 c8f5 e4f4 c5d4 c4f7 e8f8 f7g6 h7g6 e5g6 f8e8,Mate
2r5/p1r2kp1/5p1p/R1BP4/2K5/6P1/P4P1P/8 w - -,d5d6 c7d7 c4d5 c8c7 g3g4 c7b7 a2a4 b7b2 d5c6 b2b7,139
8/8/r4p2/6p1/4k1P1/1R1p3P/5PK1/8 w - -,b3b8 e4d4 b8d8 d4c3 d8c8 c3b3 c8d8 b3c2 d8c8 c2d1,-522
1r6/8/8/2R5/2K1k3/8/2P5/8 w - -,c2c3 e4f3 c5d5 f3e4 d5b5 b8c8 c4b3 c8h8 c3c4 h8h3,603
r3kb1r/pp2pp1p/8/4Pp2/1n1P1Pn1/8/PP2N1PP/RNB1K2R w KQkq -,h2h3 g4h6 e1d2 e7e6 a2a3 b4c6 d2d3 a8d8 c1e3 h8g8,151
1r6/R6P/6k1/8/7K/8/8/8 w - -,,0
r2qk2r/pp2ppbp/2n3p1/2p2b2/2BPQ3/4BN2/PPP2PPP/2KR3R w kq -,f3g5 f5e4 c4f7 e8f8 d4c5 h7h6 g5e4 d8d1 h1d1 f8f7,-423
r5k1/ppb3pp/2b5/2p1P3/P1Np4/1P1P3r/2PB1qBK/R3QR2 w - -,f3g5 f5e4 c4f7 e8f8 d4c5 h7h6 g5e4 d8d1 h1d1 f8f7,Mate
8/pp6/3kP3/5K2/8/8/8/8 w - -,f3g5 f5e4 c4f7 e8f8 d4c5 h7h6 g5e4 d8d1 h1d1 f8f7,Mate
5r2/8/4kP2/1p1p4/1P1K4/8/8/5R2 w - -,f6f7 e6e7 d4d5 f8d8 d5c6 e7f8 c6b5 d8b8 b5c5 b8c8,715
r1bqnbk1/ppp3r1/3p2n1/2PPp1pp/4Pp2/2NN1P2/PP2BBPP/2RQ2RK w - -,c5c6 e8f6 g2g3 b7b6 b2b4 f8e7 a2a4 g8h8 a4a5 f4g3,71
r2qk1nr/ppp2bbp/3p1p2/4n3/3NPB2/2N5/PPP2PPP/R2QKB1R w KQkq -,d4f5 g7f8 d1d4 g8e7 f1b5 e7c6 e1h1 d8d7 b5c6 b7c6,272
2r5/1pk2ppp/2n1p3/p1Np1b2/3P4/P1R5/P4PPP/3R2K1 w - -,d1c1 e6e5 d4e5 d5d4 c3g3 g7g6 g3b3 b7b6 c5a4 c8b8,228
1r3rk1/p1q1ppbp/2p3p1/3b4/1P6/P1P1BB2/5PPP/R1Q2RK1 w - -,f3e2 a7a5 e3f4 e7e5 f4e3 f7f5 a1b1 a5b4 a3b4 f5f4,36
r3k1nr/pp3ppp/2n2q2/3p4/1b1p2b1/5NP1/PPP1NPBP/R1BQ1K1R w kq -,a2a3 b4c5 e2f4 g8e7 h2h3 g4f3 g2f3 c6e5 f3e2 d4d3,-44
r4r1k/p3qppp/1np1pb1B/8/3PN1Q1/8/PP3PPP/R3R1K1 w - -,h6f4 f8d8 e4f6 e7f6 f4e5 f6g6 g4f3 a8c8 a1c1 b6d5,47
8/8/2R2p2/1p1pk1p1/4r1P1/7P/P4PK1/8 w - -,c6b6 b5b4 g2g3 d5d4 f2f3 e4e2 b6b5 e5d6 b5b4 d6c5,-68
2k5/1pp4p/2p2p1p/8/6P1/p4K2/8/8 w - -,c6b6 b5b4 g2g3 d5d4 f2f3 e4e2 b6b5 e5d6 b5b4 d6c5,Mate
2kr1b1r/p4ppp/1nppb3/8/2P5/1P6/PB2BPPP/RN3RK1 w - -,b1d2 d6d5 f1c1 d5c4 d2c4 b6c4 e2c4 e6c4 c1c4 c8b7,66
r5k1/ppb3pp/2b5/2p1P3/P1Np4/1P1P3K/2PB2q1/R3QR2 w - -,b1d2 d6d5 f1c1 d5c4 d2c4 b6c4 e2c4 e6c4 c1c4 c8b7,Mate
2r4r/pp2kp2/2pb1Nnp/2q3PQ/4P3/8/PPP2PP1/2KR1B1R w - -,h5f3 h6g5 h1h8 c8h8 f6h5 d6f4 h5f4 g6f4 e4e5 c5e5,98
5r1k/6pn/3pQ1pp/1pp1p2N/4P2P/2PP4/1PBK1PP1/r6R w - -,h1a1 g6h5 d2e1 f8d8 a1a7 c5c4 d3c4 b5c4 e6g6 d8g8,1224
r3k2r/pp2ppbp/1qn3p1/2p2b2/2BP3Q/4BN2/PPP2PPP/2KR3R w kq -,c2c3 b6a5 d4d5 b7b5 c4d3 f5d3 d1d3 c5c4 d3d1 a5a2,80
2r5/p2r1kp1/3P1p1p/R1B5/2K5/6P1/P4P1P/8 w - -,c4d5 c8c7 a2a4 c7b7 g3g4 b7b2 d5c6 b2b7 f2f4 f7e8,135
rnb1k2r/pp2qppp/2p2n2/4p3/2P1P3/P1N2N2/1P1Q1PPP/R3KB1R w KQkq -,h2h3 b8d7 f1d3 e8h8 e1h1 d7c5 d3c2 a7a5 d2g5 f8e8,17
r3rnk1/3bqp2/pp2p1p1/3pP3/3P1Qp1/3BP2R/PP4PP/5RK1 w - -,f1f3 g4h3 f3h3 e8c8 f4h6 f7f5 h6h8 g8f7 a2a4 f7e8,-471
7r/8/8/2R5/2K1k3/2P5/8/8 w - -,c4b4 h8b8 c5b5 b8d8 c3c4 e4d4 b5b6 d8a8 b6d6 d4e5,603
r1bq1rk1/3nppbp/2p3p1/ppp5/4P3/2NPBN1P/PPPQ1PP1/R4RK1 w - -,e3h6 a5a4 h6g7 g8g7 e4e5 d7b6 f1e1 c5c4 e1e4 f8h8,81
1r3rk1/p1q1ppbp/6p1/3p4/1P6/P1P1B3/5PPP/R1Q2RK1 w - -,e3c5 f8c8 c1e3 a7a5 e3e7 c7e7 c5e7 g7c3 a1d1 a5b4,-6
rnb1kbnr/ppp2p1p/8/4p3/4q1p1/2P5/PPNP1PPP/RNBQKB1R w KQkq -,d1e2 e4c2 e2e5 c8e6 b1a3 c2g6 e5c7 b8c6 a3c4 e6c4,-217
8/5pk1/1pn3pp/p1p1p2n/P1P1P2N/2PrBPPP/5K2/1R6 w - -,b1b6 c6d8 e3c5 d3c3 c5d6 c3c2 f2e3 c2c3 e3d2 c3c4,173
2rq2k1/3b1pb1/4p1pp/1prpP3/p4P2/P1PRQ1PP/N4PB1/4R1K1 w - -,a2b4 c5c4 e1d1 d7c6 h3h4 h6h5 g2f1 c6b7 b4c2 g7f8,-73
2k5/1pp4p/2p2p2/6p1/8/p4K2/8/8 w - -,a2b4 c5c4 e1d1 d7c6 h3h4 h6h5 g2f1 c6b7 b4c2 g7f8,Mate
2kr1b1r/pppqnb1p/5p2/1P2p1p1/8/P2PBNNP/2P2PP1/R2Q1RK1 w - -,f3d2 d7b5 d1f3 b5c6 d2e4 h7h6 f3f6 c6f6 e4f6 b7b6,-50
r1bqkb1r/1pp2pp1/2n2n2/p2pp2p/8/PP1P2P1/2PNPPBP/R1BQK1NR w KQkq -,e2e3 h5h4 g1e2 h4h3 g2f3 f8c5 e1h1 e8h8 c2c4 d5d4,-107
8/R6P/6k1/8/1r4K1/8/8/8 w - -,,0
r4r1k/p3qppp/1np1p3/6b1/3PN1Q1/8/PP3PPP/R3R1K1 w - -,d4d5 g5h6 d5d6 e7d8 g4g3 b6d5 a1d1 a7a5 g3b3 h6f4,-630
2r1r1k1/bb3pn1/p5pp/1p2P3/2p2P2/P1PnR1PP/1PBN3B/4RK2 w - -,e3d3 c4d3 c2b3 a6a5 g3g4 a5a4 b3a2 c8d8 h2g3 a7b6,-482
r5k1/ppb3pp/2b5/2p1P3/P1Np3K/1P1P4/2PB3q/R3QR2 w - -,e3d3 c4d3 c2b3 a6a5 g3g4 a5a4 b3a2 c8d8 h2g3 a7b6,Mate
2r5/1pk2pp1/2n1p3/p1Np1b1p/3P4/P1R2P2/P5PP/3R2K1 w - -,d1c1 a5a4 c5a4 c7b8 a4c5 b8a7 c5b3 c8a8 a3a4 g7g5,208
r1bqk2r/ppp2pb1/2np2pp/1B1Np3/4P3/3P1N2/PPP2PPP/R2Q1RK1 w kq -,b5a4 e8h8 c2c3 c6e7 d5e7 d8e7 f1e1 f7f5 e4f5 g6f5,-19
3n4/5pk1/1R4pp/p1p1p2n/P1P1P2N/2PrBPPP/5K2/8 w - -,e3c5 d3c3 c5d6 c3c2 f2e3 c2c3 e3d2 c3c4 d6e5 g7f8,151
r3k2r/pp2ppbp/1qn3p1/5b2/3p3Q/1B2BN2/PPP2PPP/2KR3R w kq -,e3f4 h7h5 h1e1 d4d3 f4e3 b6a5 h2h3 e7e6 e3d2 a5a6,-149
5r2/5P2/3k4/1p1p4/1P1K4/8/8/5R2 w - -,f1f6 d6e7 d4e5 e7d7 e5d5 d7e7 f6f5 f8d8 d5c5 d8c8,5391
8/R6P/6k1/8/8/7K/8/1r6 w - -,,0
r5k1/ppb3p1/2b5/2p1P2p/P1Np2K1/1P1P4/2PB3q/R3QR2 w - -,h3g4 b1h1 g4f3 h1h7 a7h7 g6h7 f3f4 h7g6 f4e4 g6f6,Mate
1rr5/p2k4/2pnq1Bp/8/2P2N2/1P5P/P4P2/1K2R3 w - -,,0
8/R6P/6k1/8/6K1/8/8/6r1 w - -,,0
r2qkbnr/ppp2b1p/3p1p2/4nN2/4PB2/2N5/PPP2PPP/R2QKB1R w KQkq -,f1b5 c7c6 b5e2 d8c7 d1d4 a7a6 f4g3 g8h6 f5h6 f8h6,285
r2r2k1/pp1qppbp/1np1b1p1/8/1n1PP3/2N2NPP/PPQ2PBK/R1BR4 w - -,c2d2 b6c4 d2e2 c4a5 c1f4 e6c4 e2d2 c6c5 d4d5 b7b6,112
1rr5/p2k4/2p1N1Bp/8/2n5/1P5P/P4P2/1K2R3 w - -,,0
8/5k2/6p1/R4p1p/4pP1P/P3r1PK/8/8 w - -,,0
r3k2r/pp2pp1p/1q4p1/5b2/3b3Q/1B6/PPP2PPP/2KR3R w kq -,a2a3 e8a8 h4e7 d4f6 e7b4 b6b4 a3b4 c8b8 b3f7 d8d1,-428
1r1r2k1/p1q1ppbp/2p3p1/3b4/1P6/P1P1B3/4BPPP/R1Q2RK1 w - -,f1e1 g7e5 g2g3 a7a5 e3c5 e5f6 e2f1 d5e6 h2h4 d8d5,47
r4q1k/1p6/4R2p/1P1pPppN/p1nP4/P6P/n3BPP1/2R3K1 w - -,c1c2 a2b4 a3b4 a4a3 c2a2 f8b4 e6h6 h8g8 h5f6 g8f7,176
5r2/4kP2/5R2/1p1p4/1P1K4/8/8/8 w - -,f6f2 e7e6 f2f4 e6d6 f4f6 d6e7 d4e5 e7d7 e5d5 d7e7,5321
r1bq1rk1/ppp3pp/2n5/1BQpp3/4n3/5N2/PPP2PPP/RNB2RK1 w - -,c5e3 d8d6 b5c6 b7c6 b1c3 e4c3 b2c3 c8a6 f1e1 e5e4,337
8/R6P/6k1/8/8/5K2/8/5r2 w - -,,0
1r3rk1/bppq1pp1/p1npbn1p/4p3/1PP5/P1NPPNP1/1B3PBP/2RQ1RK1 w - -,d1c2 e6h3 f1d1 b8c8 d3d4 e5d4 c3d5 f6d5 c4d5 h3g2,40
8/8/8/2R5/1K2k3/2P5/8/7r w - -,c5b5 h1h3 c3c4 h3h7 b5d5 h7h8 d5d6 h8b8 b4a5 b8c8,603
5r1k/6pn/3pQ2p/1pp1p2p/4P2P/2PP4/1PBK1PP1/R7 w - -,b4b3 e4f4 b3c4 h1h7 c4b4 h7b7 c5b5 b7h7 c3c4 h7h8,Mate
r2b2k1/pp4p1/2b5/2p1P1Kp/P1Np4/1P1P4/2PB3q/R3QR2 w - -,b4b3 e4f4 b3c4 h1h7 c4b4 h7b7 c5b5 b7h7 c3c4 h7h8,Mate
5r2/R6P/6k1/8/8/8/6K1/8 w - -,,0
r1bq1rk1/1ppp1pp1/2n2n1p/p1b1p1N1/P1B1P3/2N5/1PPP1PPP/R1BQ1RK1 w - -,g5f3 d7d6 d2d3 c6d4 f3d4 c5d4 c3d5 f6d5 c4d5 d8h4,-14
rn2kbnr/ppp2p1p/4b3/3qp3/6p1/2P5/PP1PNPPP/RNBQKB1R w KQkq -,e2g3 h7h5 d1b3 g8f6 b3d5 f6d5 g3e4 f8e7 d2d3 f7f5,-151
2k5/1pp4p/2p2p2/6p1/4K3/8/p7/8 w - -,e2g3 h7h5 d1b3 g8f6 b3d5 f6d5 g3e4 f8e7 d2d3 f7f5,Mate
5r2/6k1/1p3pp1/1P1B3p/2Pb3P/3p1RP1/5P2/3K4 w - -,,0
6R1/ppkn4/2p5/2p3N1/4P1p1/4n1P1/PPr4r/1K1N2R1 w - -,g8g7 e3d1 g1d1 c2b2 b1a1 b2a2 a1b1 a2b2 b1a1 b2d2,-326
8/5k2/6p1/R4p1p/4pP1P/Pr4P1/6K1/8 w - -,,0
r3r1k1/2pqbppp/2p5/p2p1b2/N7/1n1P1Q2/PPPB1PPP/R3R1K1 w - -,,0
r1bq1bk1/1pp3r1/p2p1nn1/2PPp1pp/4Pp2/N2N1P2/PP2BBPP/2RQ2RK w - -,a3c4 g5g4 g2g3 f4g3 f2g3 c8d7 d1d2 g4f3 e2f3 f6g4,65
r1b2rk1/p2p2pp/2p1pn2/2P5/4NP2/8/PP1K2PP/2R2B1R w - -,e4f6 g7f6 d2c3 g8f7 c1d1 a7a5 d1d3 f8g8 h1g1 f7e7,75
2kr1b1r/Bppqnb2/5p2/1P2p1pp/8/P2P1NNP/2P2PP1/R2Q1RK1 w - -,c2c4 g5g4 h3g4 h5g4 f3e5 f6e5 d1a4 d7e6 a7e3 e7f5,-145
8/5k2/6p1/R4p1p/P3pP1P/r5P1/6K1/8 w - -,,0
5r2/6k1/1p3pp1/1PbB3p/2P4P/3p1RP1/3K1P2/8 w - -,,0
3r1r1k/p4ppp/1np1p3/6N1/3P4/8/PP3PPP/R3R1K1 w - -,g5f3 d8d6 a1c1 f7f6 c1c5 f8c8 h2h4 h8g8 e1c1 g8f8,34
2kB3r/ppp2p1p/2n1p2q/4P3/2PPQ3/P1nB4/7P/R3K2R w KQ -,e4g2 h6e3 d3e2 h8d8 h2h4 c6d4 h1h3 e3e5 e1f1 c3e2,-569
r1b2rk1/ppp3pp/2nq4/1B1pp3/4n3/4QN2/PPP2PPP/RNB2RK1 w - -,b5c6 b7c6 b1c3 e4c3 b2c3 e5e4 f3d4 h7h6 a1b1 f8f6,340
rnbqk2r/pp1pppb1/5np1/1B5p/3QP2P/5N2/PPP2PP1/RNB1K2R w KQkq -,e1h1 e8h8 b1c3 d7d6 d4d2 a7a6 b5d3 b8c6 c3d5 c8g4,-46
4r1k1/1pq2pp1/p1p2n1p/5N2/8/P3P1P1/1P1Q1PP1/3R2K1 w - -,,0
rn1qkb1r/pp2ppp1/2p2nbp/3p4/2PP2PP/P3PP2/1P6/RNBQKBNR w KQkq -,g1h3 e7e6 h3f4 g6b1 a1b1 b8d7 e1f2 f8d6 c4c5 d6f4,38
8/R6P/6k1/8/8/7K/8/5r2 w - -,,0
r1b2rk1/p1p3pp/2pq4/3pp3/4n3/4QN2/PPP2PPP/RNB2RK1 w - -,b1c3 c8a6 f1e1 e4c3 b2c3 e5e4 f3d4 f8f6 e3g3 c6c5,330
5nk1/5p2/3PrQ1p/8/6PP/5K2/8/8 w - -,f6e7 f8g6 e7c7 g6e5 f3g3 g8h7 d6d7 e5c6 c7c6 e6c6,408
r2qkbnr/ppp4p/3p1pb1/4nN2/3QPB2/2N5/PPP2PPP/R3KB1R w KQkq -,e1a1 d8d7 g2g3 e5c6 d4a4 g6f5 e4f5 e8a8 c3d5 g8e7,342
r3k2r/pp1nbp2/2p1pq1B/3p4/8/1PN4Q/P1P2P1P/R4K1R w kq -,a1e1 h8h6 h3d3 e7c5 e1e2 e8a8 c3a4 c5d6 h1g1 d5d4,-672
r3k2r/pp2pp1p/1q6/5bp1/3R3Q/1B6/PPP2PPP/2K4R w kq -,h4g3 b6d4 g3g5 d4f6 g5g3 e8f8 h1e1 a8d8 g3c7 d8d7,-469
4r1k1/1p3pp1/p1p2n1p/4qN2/3Q4/P3P1P1/1P3PP1/3R2K1 w - -,g3g4 e5d4 d1d4 g8f8 f2f3 g7g6 f5h6 e8e5 d4d8 f8g7,3
r2qr1k1/pb2bppp/1p3n2/3p4/2B2B2/2N5/PPPQRPPP/3R2K1 w - -,c3d5 b7d5 c4d5 f6d5 d2d5 e7f6 f4e5 g7g6 g2g3 f6e5,119
r1bb1rk1/ppp2ppp/2np2q1/1B1N4/3PP3/5N2/PP3PPP/R2Q1RK1 w - -,d1e2 c8g4 a1d1 c6e7 d5e7 d8e7 d4d5 a7a6 b5d3 a8e8,-24
r4q1k/1p6/4R2p/1P1pPppN/1PnP4/p6P/2R1BPP1/6K1 w - -,c2a2 a8d8 g1h2 h8g8 e6g6 g8h7 g6f6 f8b4 f6f7 h7g8,187
2k5/1pp4p/2p2p2/6p1/8/4K3/8/q7 w - -,e2f3 a3a2 c2a2 a8a2 f3d5 a2a1 g1h2 c4d2 g2g4 d2f1,Mate
8/1pn4p/3k2p1/1P6/6P1/b6P/4RP2/6K1 w - -,e2d2 d6e7 b5b6 c7e6 g1g2 a3b4 d2d1 b4c5 g2f3 e6f8,-52
2r5/2k2pp1/2n1p3/ppNp1b1p/3P4/P1R2P2/P2R2PP/6K1 w - -,d2b2 c7d6 c5b7 d6d7 b2b5 c6d4 c3c8 d4b5 c8f8 a5a4,213
r2r2k1/pp1qppbp/2p1b1p1/8/1nnPP3/2N2NPP/PP1Q1PBK/R1BR4 w - -,d2e2 c4a5 c1e3 e6c4 e2d2 b7b6 b2b3 c4a6 e3h6 f7f6,119
rnbqk2r/pp1pppb1/6p1/1B2P2p/3Q2nP/5N2/PPP2PP1/RNB1K2R w KQkq -,d4a4 b8c6 b1c3 e8h8 c1g5 c6e5 f3e5 g7e5 c3d5 g4f6,-85
2k5/1pp4p/2p2p2/6p1/3q4/8/3K4/8 w - -,d4a4 b8c6 b1c3 e8h8 c1g5 c6e5 f3e5 g7e5 c3d5 g4f6,Mate
r3k2r/pp2pp1p/1q4b1/6pQ/3R4/1B6/PPP2PPP/2K4R w kq -,h5g5 b6d4 h1d1 d4f2 d1d2 f2f1 d2d1 f1f5 b3a4 e8f8,-463
2r5/5pp1/1kn1p3/ppNp1b1p/3P4/P1R2P2/P4RPP/6K1 w - -,c5d7 b6b7 g2g4 f5h7 d7e5 c6d4 c3c8 b7c8 e5f7 c8d7,168
1r3rk1/p1q1ppbp/2p1b1p1/8/1P6/2P1BB2/P4PPP/R1Q2RK1 w - -,e3f4 g7e5 f4e5 c7e5 f1e1 e5c7 a2a3 a7a5 c1e3 f8d8,73
r2qkb1r/ppp1n2p/3p1pb1/4nN2/3QPB2/2N5/PPP2PPP/2KR1B1R w kq -,f1b5 e7c6 d4a4 a7a6 b5c6 e5c6 a4b3 d8d7 b3b7 a8b8,445
4r1k1/5pp1/1Q3n2/P3p3/1P1p3p/3BqPP1/4P2P/5R1K w - -,g3h4 e5e4 f3e4 f6g4 b6c7 g4e5 f1f5 f7f6 f5f1 g8f8,454
rn1qk2r/ppp2ppp/3b1n2/4p3/2B1P1b1/5N2/PPPN1PPP/R1BQK2R w KQkq -,h2h3 g4h5 d1e2 b8d7 g2g4 h5g6 f3h4 a7a5 e1h1 e8h8,31
2r5/1k1N1pp1/2n1p3/pp1p1b1p/3P4/P1R2P2/P4RPP/6K1 w - -,g2g4 f5h7 d7e5 c6d4 c3c8 b7c8 e5f7 c8d7 g4h5 d7e7,177
5k1r/3p2pp/3p1p2/p7/2b4P/2P2Q2/P1PP1PPK/4r3 w - -,f3f4 c4e6 d2d4 f8e7 c3c4 h8c8 c4c5 d6c5 d4d5 e6f7,-445
1r3rk1/p1q1pp1p/2p1b1p1/4b3/1P3B2/2P2B2/P4PPP/R1Q2RK1 w - -,f4e5 c7e5 f1e1 e5c7 a2a3 a7a5 h2h4 c6c5 b4a5 c7a5,80
r4q1k/1p6/4R2p/1P1pPp1N/1PnP2p1/p6P/R3BPP1/6K1 w - -,h3g4 a8e8 e6f6 f8b4 f6h6 h8g8 g1h2 f5g4 h5f6 g8g7,277
2r3k1/pb2qpp1/Bp2pn1p/8/8/b1N1PN1P/1P2QPP1/3R2K1 w - -,c3a2 b7a6 e2a6 c8c2 b2a3 c2a2 a6c8 g8h7 d1d8 g7g5,-80
2kr1b1r/p2n2p1/2p2p2/6qp/2NP4/2QB1PBP/P4P2/R4RK1 w - -,c4b6 c8b7 b6d7 f8c5 d7c5 b7a8 c5e6 d8d6 e6g5 h8b8,1778
r3r1k1/1bqn1p1p/3p1np1/1p1P4/2p1PP1N/2N3PP/1P1Q2B1/4RRK1 w - -,d2f2 b5b4 c3b5 c7b8 e4e5 d6e5 f4e5 e8e5 e1e5 b8e5,-100
1r3rk1/p3pp1p/2p1b1p1/4q3/1P6/2P2B2/P4PPP/R1Q2RK1 w - -,f1e1 e5c7 c1g5 a7a5 a2a3 b8b5 g5e3 b5f5 h2h3 f8b8,69
rnbqkb1r/pp3ppp/4p2n/3pP3/3Q4/5N2/PPP2PPP/RNB1KB1R w KQkq -,f1b5 c8d7 b5d7 b8d7 c1h6 g7h6 b1d2 d8b6 d4b6 d7b6,32
8/1pn1k2p/6p1/1P6/6P1/b6P/3R1P2/6K1 w - -,b5b6 c7e6 g1g2 a3b4 d2d1 b4d6 h3h4 e7d7 g2f3 d7c6,-49
r1bq1bk1/1pp3r1/p2p1nn1/2PPp2p/2N1P1p1/3N1Pp1/PP2BB1P/2RQ2RK w - -,f2g3 h5h4 g3f2 g4g3 h2g3 h4g3 f2g3 f6h5 g3h2 b7b5,66
2kr1b1r/B1pqnb1p/1p3p2/1P2p1p1/8/P2P1NNP/2P2PP1/R2Q1RK1 w - -,c2c4 e7f5 d1a4 d7e6 g3e4 f7h5 c4c5 f8c5 e4c5 b6c5,160
6k1/pB2nppp/Pq2p3/1P1pQ3/3P4/2r5/2r2PPP/R2R2K1 w - -,e5b8 c3c8 b8f4 e7g6 f4g3 c8c7 a1b1 g6e7 g3f4 h7h6,-43
5r2/4kP2/5R2/1p2K3/1P1p4/8/8/8 w - -,f6e6 e7d7 e5f6 f8a8 e6e4 a8a6 f6g7 a6a8 f7f8q a8f8,5410
1r3rk1/p1q1pp1p/2p1b1p1/8/1P6/2P2B2/P4PPP/R1Q1R1K1 w - -,c1e3 f8d8 h2h4 c6c5 a2a3 a7a5 b4a5 c7a5 h4h5 c5c4,66
3n4/5pk1/1R4pp/p1B1p2n/P1P1P2N/2r2PPP/5K2/8 w - -,c5d6 c3c2 f2e3 c2c3 e3d2 c3c4 d6e5 g7f8 h4g2 c4a4,202
8/1p2k2p/1P2n1p1/8/6P1/b6P/3R1P2/6K1 w - -,g1g2 a3d6 h3h4 e7d7 g2f3 d7c6 f3e4 e6c5 e4e3 c5d7,-45
r2qk2r/pp2bppp/2n1bn2/2p5/3pN3/3P1NP1/PPP1QPBP/R1B1K2R w KQkq -,f3g5 d8d7 g5e6 d7e6 e1h1 f6d5 e2h5 g7g6 h5h6 e8a8,95
r1bqkb1r/1pp1npp1/5n2/p2pp2p/8/PP1P2PP/2PNPPB1/R1BQK1NR w KQkq -,g1f3 e7g6 e2e4 d5e4 d2e4 f6e4 d3e4 d8d1 e1d1 f8c5,-60
5r2/5k2/4R3/1p2K3/1P1p4/8/8/8 w - -,e6f6 f7g7 f6f8 g7f8 e5d4 f8e8 d4c5 e8d7 c5b5 d7d6,5420
r3k2r/pp1n1p2/2p1p2p/3pP1p1/3q2Pb/1PN4Q/P1PB1P1P/2KR3R w kq -,d1f1 d7e5 f2f4 e5d7 f1d1 d4f6 h1f1 g5f4 f1f4 f6e7,-219
r1bq1bk1/1pp3r1/p2p1nn1/2PPp3/2N1P1pp/3N1PB1/PP2B2P/2RQ2RK w - -,g3e1 g4g3 h2g3 h4g3 e1g3 f6h5 g3h2 b7b5 c5b6 c7b6,64
3K4/4P3/3k4/8/4R3/8/1r6/8 w - -,g3e1 g4g3 h2g3 h4g3 e1g3 f6h5 g3h2 b7b5 c5b6 c7b6,Mate
5r2/4k3/5R2/1p2K3/1P1p4/8/8/8 w - -,g3e1 g4g3 h2g3 h4g3 e1g3 f6h5 g3h2 b7b5 c5b6 c7b6,Mate
rn1q1rk1/ppp2ppp/3b1n2/4p3/2B1P1b1/5N2/PPPN1PPP/R1BQ1RK1 w - -,h2h3 g4h5 f1e1 f8e8 a2a4 b8d7 a4a5 c7c6 g2g4 h5g6,34
rnbqk2r/1p2ppbp/2pp1np1/p7/3PP3/2N2N2/PPP1BPPP/R1BQ1RK1 w kq -,h2h3 a5a4 f1e1 e8h8 a2a3 b8d7 c1e3 d6d5 e4e5 f6e8,78
r3k2r/pp1qbppp/2n1bn2/2p3N1/3pN3/3P2P1/PPP1QPBP/R1B1K2R w KQkq -,g5e6 d7e6 e1h1 f6e4 g2e4 e8h8 e2f3 e7d6 c1d2 a8b8,87
8/1p2k2p/1P2n1p1/2b5/6P1/7P/3R1PK1/8 w - -,h3h4 c5b4 d2a2 e7d7 g2f3 d7c6 a2a8 c6b6 a8h8 e6f8,-28
r1bqk1nr/2pn1pb1/p2pp1pp/1p6/3PP2P/2N1BP2/PPPQ2P1/2KR1BNR w kq -,g2g4 g8e7 c1b1 c8b7 g1h3 d6d5 h4h5 b5b4 c3e2 d5e4,92
5k1r/3p2pp/3pbp2/p7/7P/2PP1Q2/P1P2PPK/4r3 w - -,a2a4 f8e7 c3c4 h7h5 c2c3 g7g6 f3b7 e1e2 b7a7 e2a2,-467
2r5/1k1N1pp1/4p3/pp1p1b1p/3n4/P1R2P2/P2R2PP/6K1 w - -,d7c5 c8c5 c3c5 b7b6 c5c8 e6e5 c8f8 f5e6 f3f4 g7g6,187
rnb2rk1/ppq1bppp/2pp1n2/4p3/3PP3/2NB1N2/PPPB1PPP/R2QR1K1 w - -,h2h3 b8d7 a2a4 a7a5 d2e3 b7b6 d1e2 c8b7 a1d1 f8e8,56
r2q1b1r/ppp1nk1p/3p1pb1/4nN2/Q3PB2/2N5/PPP2PPP/2KR1B1R w - -,f1c4 e5c4 a4c4 f7e8 d1d6 c7d6 f5d6 d8d6 f4d6 a8d8,606
8/5p2/k4rp1/P6p/4KP1P/R5P1/8/8 w - -,e4e5 f6e6 e5d4 e6f6 d4c5 f6e6 a3f3 a6b7 f4f5 e6f6,428
2kr1b1r/p2n2p1/2p2p2/6q1/2NP3p/2QB1PBP/P4P2/1R3RK1 w - -,e4e5 f6e6 e5d4 e6f6 d4c5 f6e6 a3f3 a6b7 f4f5 e6f6,Mate
8/1p2k2p/1P4p1/2b5/3n2PP/8/3R1PK1/8 w - -,d2a2 d4e6 a2d2 c5b4 d2a2 e7d7 g2f3 b4e7 h4h5 e7d6,-19
3r1b1r/2pqnb1p/1k3p2/1P2p1p1/8/3P1NNP/2P2PP1/R2Q1RK1 w - -,g3e4 d7b5 a1b1 c7c6 e4f6 f8g7 f3e5 f7d5 b1b5 c6b5,529
6k1/2p1rpp1/3q1p1p/p1pP4/2N1r3/PP1Q4/2P3PP/4R1K1 w - -,e1e4 d6d7 a3a4 f6f5 e4e7 d7e7 g1f1 e7g5 d3d2 g5g4,446
8/8/8/8/bK2kp2/Pp6/8/2B5 w - -,b4a4 f4f3 a4b3 f3f2 b3b4 f2f1q c1d2 f1f2 d2c3 e4d3,-913
3K4/4P3/4k3/8/8/8/1r6/8 w - -,e7e8q e6d5 e8a4 d5c5 d8c7 b2e2 c7c8 e2b2 a4a3 b2b4,265
2k5/2p4p/2p2p2/1p4p1/3q4/8/4K3/8 w - -,e7e8q e6d5 e8a4 d5c5 d8c7 b2e2 c7c8 e2b2 a4a3 b2b4,Mate
6k1/pb2qpp1/Bp2pn1p/8/8/P1r1PN1P/4QPP1/3R2K1 w - -,a6b7 e7b7 e2d2 b7c7 d2d8 g8h7 d8c7 c3c7 d1d8 f6e4,-170
r1bq1bk1/1pp3r1/p2p1nn1/2PPp3/2N1P2p/3N1Pp1/PP2B2P/2RQB1RK w - -,h2g3 h4g3 e1g3 f6h5 g3h2 b7b5 c5b6 c7b6 f3f4 h5f4,42
2kr3r/ppp2p1p/2n1p2q/4P3/n1PPQ2B/P1PB4/7P/R3K2R w KQ -,h4f2 a4c3 e4e3 h6e3 f2e3 c6d4 e1d2 c3a4 a1f1 d4c6,-314
r2q1rk1/pppn1ppp/3b1n2/4p3/2B1P1b1/5N2/PPPNQPPP/R1B2RK1 w - -,h2h3 g4h5 g2g4 h5g6 a2a4 f8e8 f3h4 f6e4 d2f3 e4f6,16
3r2k1/2pr1pp1/p1q2n1p/1pb1p3/4P3/2P2PPP/PPB1Q2K/2BRR3 w - -,d1d7 d8d7 h3h4 c5b6 f3f4 c6c5 h2g2 f6g4 e1f1 g4e3,18
8/R4p2/6p1/3kP2p/5P1P/p5P1/r7/5K2 w - -,a7a4 d5c5 f1e1 c5b5 a4a7 b5b4 g3g4 a2b2 a7f7 a3a2,-246
r3k2r/pp2bppp/2n1qn2/2p5/3pN3/3P2P1/PPP1QPBP/R1B1K2R w KQkq -,e1h1 f6e4 g2e4 e8h8 f1e1 e6d7 e2f3 e7d6 c1d2 c6e5,89
rnbqk2r/pp3ppp/2p2n2/2bpp3/4P3/2PPN3/PP3PPP/R1BQKBNR w KQkq -,g1f3 e8h8 f1e2 c5d6 e1h1 f8e8 a2a4 h7h6 e4d5 c6d5,-32
r3kb1r/1b1n1ppp/pq2pn2/1p1P2B1/2p5/2N1PN2/PPB2PPP/R2Q1RK1 w kq -,b2b3 e6d5 c2f5 h7h6 g5h4 a8d8 a2a4 b5b4 a4a5 b6d6,-82
r1b2rk1/p2p3p/2p1pp2/2P5/5P2/8/PP1K2PP/2R2B1R w - -,d2c3 g8f7 c1d1 a7a5 d1d3 f7e7 d3h3 f8f7 f4f5 e6f5,55
2rr2k1/1p3ppp/2b1p3/4P3/PpP2R1P/4P3/1B4P1/2R3K1 w - -,a4a5 d8d3 b2d4 h7h6 c1a1 b4b3 f4f2 c6e4 c4c5 c8f8,-90
2r4r/pp2kp2/2pb1Nnp/6q1/4P3/5Q2/PPP2PP1/2KR1B1R w - -,c1b1 g6e5 f3f5 c8d8 f6h5 d6c5 d1e1 e5g4 f1c4 h8f8,94
r2q1rk1/ppp2ppp/3b1n2/2n1p3/2B1P1b1/5N2/PPPNQPPP/R1B1R1K1 w - -,a2a4 a7a6 a4a5 b7b5 a5b6 c7b6 h2h3 g4d7 b2b4 c5a4,7
2b2bk1/1pPn1p2/r2P1r2/P2Q2p1/1PN1P2p/2q4P/3R2PB/5RK1 w - -,d5g5 f6g6 g5d5 g6g7 b4b5 a6a5 c4a5 c3a5 d2f2 d7b6,466
r2r2k1/1pp2pp1/p6p/3nq3/8/P3P1P1/1PQN1PP1/R2R2K1 w - -,d2f3 e5e7 e3e4 d5f6 d1e1 c7c6 e4e5 f6e8 e1e3 d8d5,17
5r2/1b2Npkp/p3q1p1/1p1p4/8/P2R2Q1/1Pr3PP/5R1K w - -,f1e1 c2e2 d3e3 e2e3 e1e3 e6f6 h1g1 d5d4 e3e1 b7a8,-448
2r5/5pp1/1k2p3/ppNp1b1p/3n4/P1R2P2/P2R2PP/6K1 w - -,c5a4 b6b7 d2d4 b5a4 c3c8 b7c8 d4a4 f5d3 a4a5 c8b7,306
r2qkb1r/ppp1n2p/3p1pb1/5N2/2Q1PB2/2N5/PPP2PPP/2KR3R w - -,d1d6 c7d6 f5d6 d8d6 f4d6 a8d8 d6f4 h8g8 h1d1 d8d1,619
1r3rk1/2q1pp1p/2p1b1p1/p7/1P6/2P1QB2/P4PPP/R3R1K1 w - -,a2a3 f8d8 h2h4 c6c5 b4a5 c7a5 h4h5 b8b3 h5h6 d8d6,75
rn2kb1r/pp2pppp/2p1qnb1/4N3/2pP2P1/2N4P/PP2PPB1/R1BQK2R w KQkq -,f2f4 b8d7 e1h1 e6d6 f4f5 d7e5 c1f4 e7e6 f5g6 h7g6,327
r2q1rk1/ppp2ppp/3bnn2/4p3/4P1b1/3B1N2/PPPNQPPP/R1B1R1K1 w - -,d3c4 e6f4 e2e3 f6d7 h2h3 g4h5 d2f1 d8f6 f1h2 a7a5,-28
r1b1r3/pppp2kp/6p1/4q3/3Q4/2P5/PP3PPP/RNB2K1R w - -,h2h4 b7b6 c1e3 g7g8 f1g1 e5f5 c3c4 c8b7 b1c3 e8e6,452
rn3bnr/pp1kp1pp/4p3/3N4/3p4/8/PP3PPP/R1BK1B1R w - -,d5f4 e6e5 f1b5 d7d6 f4d3 a7a6 b5a4 b7b5 a4b3 b8d7,-31
r2r2k1/1pp1qpp1/p4n1p/8/8/P3PNP1/1PQ2PP1/2RR2K1 w - -,,0
2r5/1k3pp1/4p3/pp1p1b1p/N2n4/P1R2P2/P2R2PP/6K1 w - -,c3c8 b7c8 d2d4 b5a4 d4a4 f5d3 a4a5 c8b7 g1f2 d3c4,311
5rk1/1b1q1p1p/p5p1/1p1p1N2/8/P3R1Q1/1Pr3PP/5R1K w - -,f5h6 g8g7 e3e7 d7e6 g3g5 b7c8 e7e6 c8e6 h6g4 e6g4,449
2k5/2p4p/2p2p2/1p4p1/5q2/5K2/8/8 w - -,e3e7 d7f5 f1f5 c2c1 e7e1 c1e1 g3e1 g6f5 e1g3 g8h8,Mate
r4rk1/ppb2pp1/2n4p/2p2PNn/P1NpP3/1P1P4/2P4P/R1B2R1K w - -,f1g1 h6g5 g1g5 g7g6 c1d2 f7f6 g5g6 g8f7 a1g1 f8h8,-230
r3k2r/pp3ppp/2n1qb2/2p5/3p4/3P2P1/PPP1QPBP/R1B1K2R w KQkq -,a2a3 e6e2 e1e2 e8d7 h1e1 h8e8 g2e4 h7h6 e2f1 a7a5,79
r2qkb1r/ppp4p/3p1pb1/3n1N2/2Q1PB2/2N5/PPP2PPP/2K4R w - -,c3d5 e8d7 c4c3 d7c8 h1d1 h7h5 d5f6 g6f5 e4f5 f8h6,309
8/2k2p2/r6p/P4p2/R3K2P/6P1/8/8 w - -,e4f5 c7d7 a4d4 d7e7 d4e4 e7f8 e4a4 f8e7 f5e5 e7d8,350
rnbq1rk1/pp3ppp/2p2n2/2bpp3/4P3/2PPNQ2/PP3PPP/R1B1KBNR w KQ -,g1e2 d5d4 e3f5 d4c3 e2c3 c8f5 f3f5 c5d4 f1e2 a7a5,-66
r1b5/pppp2kp/6p1/4r3/8/2P5/PP3PPP/RNB2K1R w - -,c1e3 g7g8 h2h4 d7d6 f1g1 a7a5 c3c4 c8e6 b1d2 e6d7,446
2k5/2p4p/2p2p2/1p6/5qp1/8/4K3/8 w - -,c1e3 g7g8 h2h4 d7d6 f1g1 a7a5 c3c4 c8e6 b1d2 e6d7,Mate
2kr4/pp1n1p2/2p1p3/3pP1p1/3R2P1/1PN4r/P1P4P/2K4R w - -,c1b2 d8h8 d4d2 d7e5 d2e2 e5g4 h1g1 h3h4 c3a4 b7b6,-484
r5k1/1pq2pp1/p1p2n1p/5N2/8/P3P1P1/1PQ2PP1/3R2K1 w - -,f2f3 a8d8 d1d8 c7d8 c2c3 h6h5 c3e5 f6e8 g1h2 g8h7,33
8/3k1p2/r6p/P4K2/R6P/6P1/8/8 w - -,g3g4 d7e7 f5e5 e7d7 e5d5 d7c7 d5c5 c7c8 a4c4 a6f6,394
r3k2r/pp4pp/2n1pb2/2p5/3p4/3P2P1/PPP2PBP/R1B1K2R w KQkq -,a2a4 c6b4 e1d1 b4d5 c1d2 e8d7 a1a3 b7b6 c2c4 d4c3,70
2r3k1/1p3pp1/2b1p2p/P3P3/2PB1R1P/1p1rP3/6P1/1R4K1 w - -,g1f1 d3d2 b1b3 d2g2 b3b2 g7g5 f4f6 g2b2 d4b2 g8g7,-80
rn1qkbnr/pp4pp/2p1b3/4N3/2PpP3/2N5/PP3PPP/R1BQKB1R w KQkq -,c3d5 g8f6 d5f6 d8f6 e5f3 b8d7 d1d4 f6g6 d4c3 a7a5,64
r3r1k1/1p2ppbp/pqp1nnp1/3pB3/3P4/Q1NPPN2/PP3PPP/2R2RK1 w - -,b2b3 a6a5 a3b2 f6d7 e5g7 e6g7 f1e1 b6b4 e3e4 a5a4,35
8/5R2/4P1p1/7p/1k3P1P/6P1/pr6/5K2 w - -,f7a7 b2b1 f1f2 a2a1q a7a1 b1a1 e6e7 a1a8 f2e1 b4c4,-821
r4r2/ppb2ppk/2n4p/2p2P1n/P1NpP3/1P1P1N2/2P4P/R1B2R1K w - -,c1a3 b7b6 a1b1 g7g5 b3b4 c5b4 a3b4 f8d8 f1g1 f7f6,29
2k5/2p4p/2p2p2/1p6/5q2/3K2p1/8/8 w - -,a1b1 a7a6 c1a3 b7b6 b3b4 b6b5 c4d2 c5b4 a3b4 f8c8,Mate
2kr3r/pp3ppp/2n5/b3Pb2/5B2/P1n1N3/1P2PPPP/R3KBNR w KQ -,e3c4 c6d4 c4d6 d8d6 e5d6 c3e4 b2b4 d4c2 e1d1 e4f2,-391
r2qkb1r/ppp4p/3p1pb1/3R1n2/2Q1PB2/2N5/PPP2PPP/2K4R w - -,e4f5 g6f7 c4b5 d8d7 b5b7 a8c8 d5a5 f8e7 h1e1 e8d8,518
r3k2r/pp2bppp/2n2q2/2p5/3p4/3P2P1/PPP1QPBP/R1B1K2R w KQkq -,e1h1 e8h8 f1e1 f8e8 e2g4 e7d6 c1g5 c6e5 g4h5 f6e6,112
r1b3k1/pppp3p/6p1/4r3/8/2P1B3/PP3PPP/RN3K1R w - -,h2h4 d7d6 b1d2 c8d7 d2f3 e5h5 c3c4 a7a5 f1g1 a8e8,437
2b5/8/5N2/p4P1P/3k4/p7/2P5/2K5 w - -,f6d7 c8d7 f5f6 d7e8 h5h6 d4c3 c1b1 e8g6 f6f7 g6f7,479
2r3k1/p3qpp1/bp2pn1p/8/8/b3PN1P/NP2QPP1/3R2K1 w - -,e2a6 c8c2 a6a3 e7a3 b2a3 c2a2 d1d8 g8h7 f3e5 f6e4,-100
r2qk1nr/1b2ppbp/p2p2p1/1pp1nP2/4P3/2NP2PN/PPP3BP/R1BQ1RK1 w kq -,a2a3 g8f6 h3f4 e8h8 c3d5 f6d5 f4d5 a6a5 c1g5 b7d5,-3
r3r1k1/2pqbppp/2p5/p4b2/N2p4/1P1P1Q2/1PPB1PPP/R3R1K1 w - -,,0
8/8/8/1R6/1K2k3/2P5/8/1r6 w - -,b4c4 b1f1 b5d5 f1f3 d5h5 e4e3 c4b4 f3f1 c3c4 f1f2,682
rnb1kbnr/ppp2ppp/3p1q2/4p3/1P6/4PN2/PBPP1PPP/RN1QKB1R w KQkq -,b1c3 c7c6 d2d4 f6e7 d4e5 d6e5 a2a3 g8f6 f1c4 h7h6,60
4k3/5p2/r6p/P4K2/R5PP/8/8/8 w - -,f5e5 e8d7 e5d5 d7c7 d5c5 a6c6 c5d4 c6a6 d4d5 c7d7,431
2rr4/pp3kbp/4pnp1/1q1b4/1nNP4/1P4PB/PB2QP1P/3RR1K1 w - -,c4e5 f7g8 e2b5 b4c2 e1e2 d8e8 f2f3 c8c7 b5d3 e8c8,539
rn1qk2r/ppp2ppp/4p1b1/3p4/1b1PnBPP/2N1P3/PPP1BP2/R2QK1NR w KQkq -,e1f1 b4c3 b2c3 e4c3 d1d2 c3e2 g1e2 b8c6 h4h5 g6e4,-120
r1bqkbnr/pp2pppp/6n1/8/3N1B2/2N5/PP3PPP/R2QKB1R w KQkq -,d4b5 e7e5 c3d5 f8c5 d5c7 e8e7 f4g5 f7f6 g5d2 a7a6,206
r1b2rk1/1pp1qppp/p1n2n2/4p1B1/2B1P3/3P1N2/PP2QPPP/R4RK1 w - -,h2h3 c8e6 a1c1 f8d8 b2b4 h7h6 g5e3 f6d7 c4e6 e7e6,18
rnbqk1nr/1p3pp1/p1p1p2p/3pP3/1bPP4/4BN2/PP3PPP/RN1QKB1R w KQkq -,b1d2 g8e7 a1c1 c6c5 d4c5 e7f5 a2a3 f5e3 f2e3 b4c5,90
4k3/5p2/r7/P4Kp1/R6P/8/8/8 w - -,f5g5 e8d7 g5f4 a6h6 a4d4 d7e6 f4e3 e6e7 d4a4 h6a6,349
4r3/r7/2KPkp1p/2B3p1/P7/6P1/5P1P/8 w - -,d6d7 a7d7 c5e3 e8c8 c6b5 d7d1 b5b4 e6d5 b4b3 d5e4,-736
8/8/8/1R6/2K1k3/2P5/8/r7 w - -,b5h5 a1a7 c4b4 e4d3 c3c4 a7b7 h5b5 b7a7 b5d5 d3c2,682
r2qkb1r/ppp2b1p/3p1p2/3R1P2/2Q2B2/2N5/PPP2PPP/2K4R w - -,c4b5 d8d7 b5b7 a8c8 d5a5 e8d8 h1d1 h8g8 g2g3 g8g4,537
8/3b4/8/p4P1P/3k4/p7/2P5/2K5 w - -,f5f6 d4c3 c1b1 d7e8 h5h6 a3a2 b1a1 e8g6 f6f7 g6f7,696
6k1/p3qpp1/Qp2pn1p/8/8/b3PN1P/NPr2PP1/3R2K1 w - -,b2a3 c2a2 a6c8 g8h7 d1d8 g7g5 c8b8 a2c2 d8h8 h7g7,-113
rn1qk1nr/pp3ppp/2p1p3/3p4/2PP1b2/2N2P2/PP1QPP1P/R3KB1R w KQkq -,d2f4 g8f6 e2e4 e8h8 h1g1 g8h8 e1a1 b8d7 c4d5 c6d5,28
r3r1k1/2pqbppp/2p3b1/p2p4/N7/1P1P1Q2/1PPB1PPP/R3R1K1 w - -,h2h3 h7h5 f3g3 d5d4 f2f4 c6c5 g3f3 f7f6 e1e2 e7f8,10
1r3r1k/4bppp/p2p4/qnp2P1Q/4NB2/3P3P/BP4P1/4R1K1 w - -,e4c3 b5c3 e1e7 a5a2 b2c3 a2a1 g1h2 a1c3 h5g5 c3d4,-348
r1b5/ppp3kp/3p2p1/4r3/8/2P1B3/PP3PPP/RN3K1R w - -,e3d4 b7b5 b1d2 c8b7 f2f3 g6g5 d4e5 d6e5 f1e1 a8d8,518
rnb2rk1/4qppp/1pp1p3/p1Pp4/1P1Pn3/P1N1PN2/5PPP/R2QKB1R w KQ -,,0
r4rk1/pp2bppp/2n2q2/2p5/3p4/3P2P1/PPP1QPBP/R1B2RK1 w - -,e2g4 e7d6 c1d2 c6e5 g4f4 f6e6 f1e1 a8e8 f4e4 e5c6,104
3r1r1k/4bppp/p2p4/qnp2P1Q/4NB2/3P3P/BP4P1/R5K1 w - -,f4g3 d6d5 f5f6 g7f6 g3e1 a5a4 e4c3 b5c3 e1c3 f8g8,-256
8/R7/4P1p1/7p/1k3P1P/6P1/4K3/qr6 w - -,a7a1 b1a1 e6e7 a1a8 e2d2 b4c5 d2d3 a8e8 d3c3 e8e7,-1341
2r1r1k1/1b3pn1/p5pp/1p2P3/2p2P2/P1PBb1PP/1P1N3B/4RK2 w - -,e1e3 c4d3 g3g4 c8d8 h2g3 g7e6 e3e1 g8h7 f1g1 e8g8,-502
r3kb1r/pp3ppp/4p3/n3P3/8/P1Nb1N2/1P3PPP/R1B1K2R w KQkq -,c1g5 a5b3 a1d1 d3c2 c3b5 c2d1 e1d1 a8c8 b5a7 c8c4,-244
r2q1rk1/ppp2ppp/3bnn2/4p3/2N1P1b1/3B1N2/PPP2PPP/R1BQR1K1 w - -,h2h3 g4f3 d1f3 a7a6 c1e3 b7b5 c4d6 d8d6 e1d1 d6b4,55
2k4r/pp3p2/2p1p3/3pn1p1/3R2P1/1P4Nr/P1P4P/2K4R w - -,h1d1 h3h2 d1f1 h2g2 g3e4 d5e4 d4e4 h8h2 c1b1 g2c2,-542
8/1k3pp1/4p3/pprp1b1p/3n4/P1R2P2/P2R2PP/6K1 w - -,c3c5 b7b6 c5c8 e6e5 c8f8 f5e6 f3f4 g7g6 f4e5 d4c6,193
8/8/4bP2/p6P/3k4/p7/2P5/2K5 w - -,h5h6 d4c3 c1b1 e6g8 f6f7 g8f7 h6h7 c3c4 h7h8q f7d5,701
2kr3r/pp3ppp/2n5/b3PN2/4nB2/P7/1P2PPPP/R3KBNR w KQ -,f4d2 a5d2 e1d1 e4f2 d1c2 f2h1 f5d6 d8d6 e5d6 d2e3,-464
r7/4P3/6p1/7p/1k3P1P/6P1/4K3/8 w - -,g3g4 b4c5 e2f2 c5d5 f4f5 g6f5 g4f5 d5e5 f2f3 a8e8,-1553
r4rk1/ppp2ppp/3qnn2/4p3/4P1b1/3B1N2/PPP2PPP/R1BQR1K1 w - -,c1e3 g4h5 h2h3 f8d8 g2g4 h5g6 f3d2 f6d7 d1e2 d6e7,-24
8/5pp1/1k2p3/ppRp1b1p/3n4/P4P2/P2R2PP/6K1 w - -,c5c8 e6e5 c8f8 f5e6 f3f4 g7g6 f4e5 d4c6 d2c2 d5d4,215
r1bqk2r/pppnppb1/3p1n1p/6p1/3P4/2P2NB1/PP2PPPP/RN1QKB1R w KQkq -,e2e3 f6h5 a2a4 e8h8 f1d3 e7e5 b1d2 d8e7 d3c2 h5g3,14
r3r1k1/2pqbpp1/2p3bp/p2p4/N7/1P1P1Q1P/1PPB1PP1/R3R1K1 w - -,f3g4 g6f5 g4f3 f5g6 e1e2 e7d6 e2e8 a8e8 d2a5 c6c5,11
1r3r1k/4b1pp/p2p1p2/qnp2P1Q/4NB2/3P3P/BP4P1/R5K1 w - -,g1h1 b5d4 h5d1 a5b6 e4c3 b6b2 c3d5 d4e2 f4h2 e2c3,-314
r1b3k1/1ppp3p/6p1/p3r3/7P/2P1B3/PP3PP1/RN3K1R w - -,b1d2 b7b6 d2f3 e5h5 f3d4 c7c5 d4f3 c8b7 f1g1 a8e8,436
1r3r2/p1b2p1k/1pn4p/2p2Ppn/P1NpP3/1P1P1N2/2PB3P/1R4RK w - -,,0
6k1/1p3pp1/p4n1p/3p1N2/8/P3P1P1/1P3PP1/5K2 w - -,f1e2 g8f8 e2d3 f6g4 f2f3 g4e5 d3c3 h6h5 b2b3 e5c6,135
r1b2rk1/2q1bp1p/p3pnp1/1p2N1B1/3R4/3B4/PPP1QPPP/2KR4 w - -,g5f4 c7b6 d3e4 f6e4 e2e4 c8b7 e4e2 b7g2 d4d7 e7h4,93
2k5/2p4p/2p2p2/1p6/5q2/8/2K3p1/8 w - -,g5f4 c7b6 d3e4 f6e4 e2e4 c8b7 e4e2 b7g2 d4d7 e7h4,Mate
2R5/5pp1/1k6/pp1ppb1p/3n4/P4P2/P2R2PP/6K1 w - -,c8f8 f5e6 f3f4 g7g6 f4e5 d4c6 d2c2 d5d4 g1f2 d4d3,212
6k1/p4pp1/1p2pn1p/8/8/q3PN1P/NPr2PP1/3R2K1 w - -,b2a3 c2a2 d1d8 g8h7 f3e5 f6e4 e5f7 a2a1 g1h2 e4f2,-99
3r1b1r/p1k3p1/1npN1p2/Q5q1/3P3p/3B1PBP/P4P2/1R3RK1 w - -,b2a3 c2a2 d1d8 g8h7 f3e5 f6e4 e5f7 a2a1 g1h2 e4f2,Mate
1r3r1k/4b1pp/p2p1p2/1np2P2/1q2NB2/3P3P/BP4P1/R2Q2K1 w - -,d1d2 b5d4 a2c4 b4b2 d2b2 b8b2 f4d6 d4f5 d6e7 f5e7,-332
r2qkb1r/pp3b1p/2pp1p2/1Q1R1P2/5B2/2N5/PPP2PPP/2K4R w - -,h1e1 f8e7 b5a4 f7d5 c3d5 b7b5 d5f6 e8f7 a4b3 d6d5,602
2k4r/pppr1p1p/1nn1p3/4P1q1/2PPQ3/P1PB4/5B1P/R3K2R w KQ -,h1g1 g5h6 h2h4 c6a5 f2e3 h6f8 c4c5 b6d5 e4f3 c7c6,54
4r1k1/5pp1/1Q3n2/P7/1P1pp1Pp/3BqP2/4P2P/5R1K w - -,d3c4 h4h3 b6c7 d4d3 c4f7 g8h8 c7g3 d3e2 f1e1 e8f8,-200
2k5/2p4p/2p2p2/1p6/5q2/3K4/8/6r1 w - -,d3c4 h4h3 b6c7 d4d3 c4f7 g8h8 c7g3 d3e2 f1e1 e8f8,Mate
5k2/1p2Npp1/p4n1p/3p4/8/P3P1P1/1P3PP1/5K2 w - -,,0
8/8/8/3k2B1/3pp3/8/3KP3/8 w - -,g5f6 d4d3 e2e3 d5c4 f6c3 c4b3 c3a5 b3b2 a5b6 b2b3,68
r4nk1/2p1q1b1/6p1/pPpPp1Pp/4P2P/8/PP1QB3/2KR4 w - -,d5d6 e7d6 d2d6 c7d6 e2c4 g8h7 d1d6 a8b8 a2a4 h7h8,275
rn2kb1r/pp2pppp/2p1qn2/4N2b/2pP4/2N3PP/PP2PPB1/R1BQK2R w KQkq -,g3g4 h5g6 f2f4 b8d7 e1h1 d7e5 f4f5 e5f3 f1f3 e6d7,332
r1b2rk1/1p1n2pp/pqn1pb2/3p4/3P4/2N2N2/PP1QBPPP/R1B1R1K1 w - -,e1d1 f6e7 d2e3 d7f6 h2h3 e7d6 c1d2 c8d7 a1c1 b6a7,32
r2qkb1r/2p1nppp/p7/1p1p4/3n1B2/1B3Q2/PPP2PPP/RN3RK1 w kq -,f3e3 d4e6 f1d1 c7c6 c2c4 b5c4 b3a4 d8d7 e3f3 e6f4,-62
2kr3r/pp3ppp/8/b3PN2/1n2nB2/P7/4PPPP/R3KBNR w KQ -,f5d6 d8d6 e5d6 b4d5 e1d1 e4f2 d1c2 d5f4 g2g3 f4d5,-135
5k2/1p3p2/p4npp/3p1N2/8/P3P1P1/1P3PP1/5K2 w - -,,0
8/8/3b3p/p1p3p1/PkB1K1P1/1P5P/8/8 w - -,,0
2r1r1k1/1b3pn1/p5pp/1p2P3/5P2/P1PpR1PP/1P1N3B/5K2 w - -,e3d3 c8d8 f1e2 g6g5 d3d4 d8d4 c3d4 g7e6 d2b3 b7d5,-513
r2qk2r/pp2bb1p/2pp1p2/1Q1R1P2/5B2/2N5/PPP2PPP/2K1R3 w - -,b5a4 e8f8 d5d6 d8d6 f4d6 e7d6 a4d4 d6e5 e1e5 f6e5,605
6k1/p4pp1/1p2pn1p/8/8/P3PN1P/r4PP1/3R2K1 w - -,d1d8 g8h7 f3e5 f6e4 e5f7 a2a1 g1h2 e4f2 h2g3 f2e4,-96
5bk1/1pPb1p2/r7/P2P2p1/1PN4p/2B4P/3R2P1/6K1 w - -,c4b6 f8d6 b6d7 d6c7 d7f6 g8f8 d2d1 f8e7 d1e1 e7f8,640
5k2/8/8/1p2K3/1P1p4/8/8/8 w - -,c4b6 f8d6 b6d7 d6c7 d7f6 g8f8 d2d1 f8e7 d1e1 e7f8,Mate
1r6/3k4/1K1P1p1p/P1B3p1/8/6P1/5P1P/8 w - -,b6a6 d7c6 a6a7 b8b7 a7a8 b7b2 c5b6 b2d2 a8b8 d2d6,-173
4r1k1/5pp1/1Q6/P7/1P1pP1np/3Bq3/4P2P/5R1K w - -,f1f3 e3c1 h1g2 g4e5 b6d4 e5f3 e2f3 c1f4 d4f2 e8e6,-268
r1b3k1/1ppp3p/6p1/p7/3Br2P/2P5/PP3PP1/RN3K1R w - -,b1d2 e4e6 f2f3 b7b6 f1f2 c8a6 a1e1 a8e8 c3c4 e6e1,492
r1b2rk1/5p1p/p2qpnp1/1p2N3/5B2/3B4/PPP1QPPP/2KR4 w - -,e5g6 d6d8 g6f8 d8f8 e2f3 c8b7 f3b7 a8c8 b7f3 f6d5,573
r1bq1rk1/pppnppb1/3p1n1p/6p1/3P4/2P2NB1/PP1NPPPP/R2QKB1R w KQ -,a2a4 f8e8 e2e4 e7e5 d4e5 d6e5 a4a5 a7a6 f1c4 d7c5,15
8/8/3b3p/p1p2Kp1/P1B3P1/1Pk4P/8/8 w - -,,0
r2qkbnr/ppp3pp/2n5/3p1b2/4p3/1B3N2/PPPP1PPP/RNB1QRK1 w kq -,d2d3 f8e7 d3e4 d5e4 f3d2 g8f6 b1c3 c6d4 d2e4 f6e4,43
2kr3r/pp3ppp/8/b3PN2/4nB2/P3P3/2n2PPP/R3KBNR w KQ -,e1e2 c2a1 f5d6 e4d6 e5d6 f7f6 h2h4 a1c2 g2g3 c2a3,-22
r1bq3r/pp4pp/2p1k3/3nP3/2BbQ3/2N5/PPn2PPP/R1B2RK1 w - -,e4c2 d4c3 b2c3 e6f7 a1b1 d8e7 f1e1 c8e6 c4d3 b7b5,357
r1b1k2r/pp3pp1/n1pbpq1p/8/3P4/5N2/PPPBQPPP/2KR1B1R w kq -,h2h4 a6b4 f3e5 b4a2 c1b1 a2b4 h1h3 f6e7 e2g4 e8h8,204
r3r1k1/pp2bppp/2n2q2/2p5/3p2Q1/3P2P1/PPP2PBP/R1B2RK1 w - -,g4d7 e7f8 d7b7 c6b4 c1f4 g7g5 f4d2 b4c2 a1b1 c2b4,122
r4bnr/pp2p1pp/2nk4/1B2p3/3p4/3N4/PP3PPP/R1BK3R w - -,b5c6 b7c6 h1e1 g8f6 d3e5 h8g8 c1f4 g7g5 f4g3 f6h5,105
r2q1rk1/1b2bppp/pn1p4/n1p1p3/Pp2P3/3P1N1P/BPPB1PP1/R2QRNK1 w - -,f1e3 a8b8 c2c3 b4c3 d2c3 a5c6 a4a5 b6d7 f3d2 c6d4,49
r1b3k1/1ppp3p/4r1p1/p7/3B3P/2P5/PP1N1PP1/R4K1R w - -,f2f3 b7b6 c3c4 c8a6 f1f2 d7d5 a1e1 a8e8 e1e6 e8e6,491
8/K2k4/3P1p1p/P1B3p1/8/6P1/5P1P/1r6 w - -,a5a6 d7c6 c5b6 b1e1 b6e3 e1d1 a7b8 d1d6 b8c8 d6e6,-35
r2qk2r/pppbbppp/1n2p3/3pP1B1/1n1P3P/2NB1N2/PPPQ1PP1/R3K2R w KQkq -,h4h5 e7g5 f3g5 h7h6 g5f3 d8e7 d3e2 e8a8 a2a3 b4c6,69
8/8/8/1RK5/4k3/2P5/8/r7 w - -,c3c4 a1g1 b5b6 e4d3 b6b3 d3e4 b3h3 e4f5 c5b5 g1g8,682
r3k2r/pp2bpp1/1qn1p2n/3pP2p/1P5P/2PQ1N2/P4PP1/RNB1R1K1 w kq -,c1e3 b6d8 e3h6 h8h6 g2g3 g7g5 h4g5 e7g5 b1d2 h5h4,45
2kr3r/pp3ppp/8/b3PN2/4nB2/P3P3/4KPPP/n4BNR w - -,g1h3 a1b3 g2g4 a5c7 f5g7 e4c3 e2f3 b3d2 f3g3 c3e4,-119
r2qkb1r/2p1nppp/p3n3/1p1p4/5B2/1B2Q3/PPP2PPP/RN3RK1 w kq -,f1d1 c7c6 c2c4 b5c4 b3a4 d8d7 b1c3 e8a8 f4g3 e7f5,-66
r2q1rk1/ppp2ppp/3bnn2/4p3/1PB1P1b1/2P2N2/P2N1PPP/R1BQR1K1 w - -,h2h3 g4h5 c4e6 f7e6 d2c4 d8e8 d1d3 a8d8 d3e3 h5g6,17
r2q1rk1/1b2bppp/pnnp4/2p1p3/P3P3/2BP1N1P/BP3PP1/R2QRNK1 w - -,a4a5 b6d7 f1e3 a8b8 f3d2 c6d4 a1b1 b7c6 d2c4 g7g6,46
8/4b3/6Kp/p1p3p1/P1B3P1/1Pk4P/8/8 w - -,,0
r1b2rk1/3p3p/2p1pp2/p1P5/5P2/2K5/PP4PP/2R2B1R w - -,c1d1 g8f7 d1d3 f7e7 d3h3 f8f7 f4f5 e6f5 f1d3 d7d5,53
rnbqkbnr/3pppp1/2p5/pp5p/2BPP3/2N5/PPP2PPP/R1BQK1NR w KQkq -,c4b3 a5a4 b3f7 e8f7 g1h3 g8h6 d1h5 f7g8 h3g5 d7d6,-118
r1bq1rk1/1p2npbp/p1n1p1p1/8/2P1N3/1B3N2/PPP3PP/R1B1QRK1 w - -,c1g5 f7f6 g5e3 d8c7 e1f2 f6f5 e3b6 c7f4 e4c3 c6e5,119
8/K7/P1kP1p1p/2B3p1/8/6P1/5P1P/1r6 w - -,c5a3 g5g4 d6d7 c6d7 a3c5 f6f5 c5e3 h6h5 e3g5 d7c6,-477
r2qkb1r/pp3ppp/n1p1pn2/3p4/3P4/3QPN2/PPPN1PPP/R1B2RK1 w kq -,a2a3 c6c5 c2c4 f8e7 f1d1 c5d4 f3d4 a6c5 d3c2 a7a5,31
r1b2rk1/ppn2pp1/2pbpq1p/8/2PPQ3/5N2/PP1B1PPP/2KR1B1R w - -,f1d3 f6g6 e4e2 g6f6 g2g4 d6f4 e2e4 f4d2 d1d2 f6g6,299
2rq1rk1/p3bpp1/bp2p2p/2np4/2P5/P1BQ2P1/1P1NPPBP/R2R2K1 w - -,d3d4 e7f6 d4g4 f6c3 b2c3 c5a4 c4d5 a4c3 d1e1 c3d5,-199
5Q2/8/8/2r2K2/3k4/8/8/8 w - -,f5f4 c5c6 f8g7 d4c4 g7e7 c6c5 f4e4 c4b5 e7b7 b5a5,219
r1bq1rk1/1p2n1bp/p1n1ppp1/6B1/2P1N3/1B3N2/PPP3PP/R3QRK1 w - -,g5e3 c6a5 e3c5 b7b6 a1d1 d8c7 c5d6 c7a7 c4c5 a5b3,116
r2qk2r/pp2bppp/n1p1pn2/3p4/3P4/2PQPN2/PP1N1PPP/R1B2RK1 w kq -,b2b4 a6b8 a2a4 e8h8 a4a5 b8d7 f1e1 a8c8 e3e4 f6e4,28
r3kb1r/pppq1ppp/2n5/4p2b/8/2NP1N1P/PPP2PP1/R1BQK2R w KQkq -,d1e2 f8d6 g2g4 h5g6 c1e3 d6b4 e1a1 b4c3 b2c3 d7d5,-88
2kr3r/pp3ppp/3n4/b3P3/5B2/P3P3/4KPPP/n4BNR w - -,e2f3 d6e8 f1c4 d8d1 c4f7 h8f8 e5e6 a1c2 h2h4 d1c1,-402
8/1p5p/3k2p1/1P1n4/6P1/b6P/3R1P2/6K1 w - -,d2a2 a3c5 a2a8 c5d4 a8d8 d6c5 h3h4 h7h5 d8g8 d5f4,-56
r4bnr/p3p1pp/2pk4/4p3/3p4/3N4/PP3PPP/R1BK3R w - -,h1e1 g8f6 d3e5 h8g8 c1f4 g7g5 f4g3 f6h5 a1c1 a8c8,131
r4rk1/ppp1qppp/3bnn2/4p3/1PB1P1b1/1QP2N2/P2N1PPP/R1B1R1K1 w - -,h2h3 g4f3 d2f3 a7a5 c1d2 a5a4 b3c2 c7c6 a1b1 f8c8,51
rnbqkbnr/4ppp1/2p5/p2p3p/1p1PP3/3B4/PPP1NPPP/R1BQK1NR w KQkq -,e4e5 e7e6 g1f3 c8a6 e1h1 f8e7 a2a3 c6c5 b2b3 a6d3,102
r1bq1rk1/1p2n1bp/p3ppp1/n7/2P1N3/1B2BN2/PPP3PP/R3QRK1 w - -,a1d1 d8c7 e3c5 a5b3 c2b3 b7b6 c5d6 c7b7 f3e5 f6e5,118
8/8/R7/5p1p/2k4P/pr2PK2/6P1/8 w - -,a6a7 c4c3 f3f4 c3b2 f4g5 b3b5 g5h5 f5f4 h5g4 f4e3,-290
r2q1rk1/pp2bppp/n1p1pn2/3p4/3PP3/2PQ1N2/PP1N1PPP/R1B2RK1 w - -,e4e5 f6d7 f3e1 c6c5 d3g3 c5d4 c3d4 d8b6 d2f3 g8h8,24
2kr3r/ppnb1pp1/2pbpq1p/8/2PPQ3/3B1N2/PP1B1PPP/2KR3R w - -,c1b1 f6f5 e4e2 f5h5 d2c3 f7f6 e2c2 d7e8 h2h3 c8b8,124
8/1p5p/3k2p1/1P1n4/1b4P1/7P/R4P2/6K1 w - -,a2a7 d6c7 a7a8 c7b6 a8d8 d5f4 d8d7 f4h3 g1g2 h3g5,-16
2kr3r/pp3ppp/3P4/b7/5B2/P3P3/2n1KPPP/5BNR w - -,g2g3 c2a3 g1f3 a3b5 f1h3 c8b8 h1a1 a5b4 f3g5 h8f8,-50
2rr2k1/1b3pn1/p5pp/1p2P3/5P2/P1PR2PP/1P1N3B/5K2 w - -,f1e2 d8d3 e2d3 g6g5 h2g1 g5f4 g3f4 f7f5 d3e3 g7e6,-507
rnbqkbnr/5pp1/2p1p3/p2pP2p/1p1P4/3B4/PPP1NPPP/R1BQK1NR w KQkq -,c2c3 c8a6 g1f3 a6d3 d1d3 b8d7 e1h1 f8e7 e2f4 d7f8,106
r1bqkb1r/1pp2pp1/5n2/4p3/p2pPnPp/PP1P3P/1BPNN1B1/R2QK2R w KQkq -,h1h2 c8g4 g2f3 f4e2 d1e2 g4e6 d2c4 f6d7 f3g4 e6g4,-382
2kr3r/1pp2ppp/2nq1n2/p2Np3/2P5/5BPP/PP2PP2/R2Q1RK1 w - -,d5f6 d6f6 d1a4 c6d4 a4a5 c8b8 a1d1 h8e8 d1d2 d4f3,68
2kr1b1r/p5p1/2p2p2/2n3q1/2NP3p/3B1PBP/PQ3P2/1R3RK1 w - -,f3g2 e5e4 e2e3 f6d5 c4d5 d6d5 d1d5 d8d5 g2e4 d5d2,Mate
r1b2rk1/1pq1n1bp/p3ppp1/n7/2P1N3/1B2BN2/PPP3PP/3RQRK1 w - -,e3c5 a5b3 c5d6 c7b6 c4c5 b3c5 d6c5 b6c7 c5d6 c7d8,106
2k5/3N1pp1/4p3/pp1p1b1p/3n4/P4P2/P2R2PP/6K1 w - -,d7e5 d4c2 a3a4 b5a4 g2g4 h5g4 f3g4 f5h7 e5f7 c8d7,111
r2qk2r/p3b2p/2pp1p2/1p1N1P2/Q4B2/8/PPP2PPP/2K1R3 w - -,d5f6 e8f7 a4b3 d6d5 f6g4 e7g5 g4e5 f7f8 b3g3 h8g8,640
rn3rk1/5ppp/1P1bp3/P2p4/3Pn3/1p1N4/3N1PPP/R4RK1 w - -,d2f3 a8a6 a1b1 a6a5 b1b3 b8d7 b6b7 f7f6 f1b1 f8b8,-378
r3k2r/pp1q1ppp/2n1pn2/3p4/1b1P2b1/1QN1PNP1/PP3PBP/R1B1K2R w KQkq -,f3e5 b4c3 b3c3 d7d6 e1h1 e8h8 e5g4 f6g4 c1d2 g4f6,34
6r1/p1b2r1k/1pR5/2p1PP2/P1Np1n2/1P1P4/2P4P/1R5K w - -,e5e6 f4h3 b1f1 f7g7 c6c7 g7c7 f5f6 h3g5 e6e7 g5f7,-74
r1bqk2r/pp1pppb1/2n2np1/7p/3NP2P/4BP2/PPP3P1/RN1QKB1R w KQkq -,c2c4 d8b6 d4f5 b6b2 f5g7 e8f8 b1d2 f8g7 c4c5 b2e5,-3
1k1r3r/ppqb1p1p/2p5/3p4/Q7/2bBP3/PPP2PPP/2KR3R w - -,b2c3 h8g8 g2g3 d7g4 d1d2 h7h5 h1e1 g8e8 d3e2 c7d6,58
1r5k/5P2/6R1/p3K3/8/1p5P/8/8 w - -,e5f6 h8h7 g6g7 h7h8 g7g4 b8b6 f6f5 b6b8 f5g6 b8b6,9605
r2qr1k1/pp2bppp/n1p1pn2/3p4/3PP3/2PQ1N2/PP1N1PPP/R1B1R1K1 w - -,e4e5 f6d7 b2b4 a6b8 d2b3 b7b6 a1b1 a7a5 b4a5 b6a5,26
rn3rk1/ppq2ppp/2pb1n2/4p3/2B1P3/1QN1B3/PPP2PPP/3R1RK1 w - -,d1d6 c7d6 b3b7 b8d7 f1d1 d6b8 b7b8 f8b8 f2f3 d7b6,77
r1bq1rk1/ppp2ppp/2n2n2/2b1p3/2B1P3/2NP1N2/PP2QPPP/R1B2RK1 w - -,c1e3 c6d4 e3d4 c5d4 c3b5 d4b6 f3e5 c7c6 b5a3 d8c7,17
r1bq1rk1/pp2ppbp/1n4p1/n2p4/4P3/2N2NP1/PP2QPBP/R1B2RK1 w - -,c3d5 b6d5 e4d5 d8d5 e2e7 d5h5 c1f4 a5c6 e7g5 h5g5,-17
r2qk2r/pp3ppp/2nbbn2/1Bp1p3/8/2N1P3/PPPP1PPP/R1BQK1NR w KQkq -,b5c6 b7c6 e3e4 a7a5 g1f3 a5a4 e1h1 e8h8 d2d3 c5c4,82
1r1q1rk1/n3bppp/p2p4/P1p2P2/3n1pQ1/2BP3P/BP1N2P1/R3R1K1 w - -,a1c1 a7c6 d2f3 e7f6 g4f4 d6d5 g1h1 b8b5 f3d4 c5d4,-134
8/1k3pp1/1N2p3/pp1p1b1p/3n4/P4P2/P2R2PP/6K1 w - -,b6d5 d4c2 g2g4 c2e1 g1f2 e1f3 d2b2 h5g4 b2b5 b7c6,48
2kr3r/pp3ppp/3P4/b7/5B2/n3PN2/4KPPP/5B1R w - -,g2g3 a3b5 f3g5 h8f8 g5h7 f8h8 h7g5 b5c3 e2f3 f7f6,-49
rnbqk1nr/4bpp1/2p1p3/p2pP2p/1p1P4/3B1N2/PPP1NPPP/R1BQK2R w KQkq -,e1h1 c8a6 a2a3 a6d3 d1d3 b8d7 e2f4 d7b6 h2h4 b4a3,125
1r1r2k1/p1q2pbp/2p3p1/4pb2/5B2/P1P2B2/1P3PPP/R1Q1R1K1 w - -,f4g5 f7f6 g5e3 f5d3 b2b4 f6f5 f3e2 e5e4 a1a2 c7f7,-19
8/8/R7/5p1p/1k3K1P/pr2P3/6P1/8 w - -,a6a7 b3c3 f4f5 c3c5 f5g6 c5a5 a7c7 a3a2 c7c1 a2a1q,-165
6r1/p1b2r1k/1pR1P3/2p2P2/P1Np4/1P1P3n/2P4P/1R5K w - -,b1f1 f7g7 c6c7 g7c7 f5f6 h3g5 e6e7 g5f7 c4d2 c7c8,Mate
r1bqk2r/2p1bpp1/p1np1n1p/1p2p3/2B1P3/2NPBN1P/PPP2PP1/R2Q1RK1 w kq -,c4f7 e8f7 c3d5 h8f8 c2c4 f7g8 a1c1 c8d7 f1e1 b5c4,-287
8/1p3pp1/p4nkp/3p4/3N4/P3PPP1/1P4P1/5K2 w - -,d4b3 b7b6 b3d4 f6e8 f1f2 g6f6 g3g4 g7g6 f2e2 f6e7,1
r6k/5P2/1R6/p3K3/8/1p5P/8/8 w - -,,0
r2qr1k1/pp2bppp/n1p1pn2/8/3Pp3/2PQ1N2/PP3PPP/R1B1RNK1 w - -,d3d1 e4f3 d1f3 d8d5 f3d1 d5d7 f1e3 d7d8 e3c4 a6c7,-441
1r1r2k1/p1q3bp/2p2pp1/4pbB1/8/P1P2B2/1P3PPP/R1Q1R1K1 w - -,g5e3 f5d3 b2b4 f6f5 f3e2 e5e4 e3f4 g7e5 f4e5 c7e5,-15
rnbqk1nr/4bpp1/2p1p3/p2pP2p/3P4/2pB1N2/PP2NPPP/R1BQK2R w KQkq -,b2c3 c8a6 e1h1 g8h6 c1h6 h8h6 a1b1 h5h4 h2h3 h6h8,128
r4rk1/5ppp/1Pnbp3/P2p4/3Pn3/1N1N4/5PPP/R4RK1 w - -,a5a6 e4c3 g1h1 c3e2 a6a7 d6c7 b6c7 a8a7 f1e1 a7a1,84
r2q3r/p3bk1p/2pp1N2/1p3P2/Q4B2/8/PPP2PPP/2K1R3 w - -,a4b3 d6d5 f6g4 e7g5 g4e5 f7f8 b3g3 h8g8 e5g6 g8g6,639
8/1k3pp1/8/pp1p1b1p/3n4/P4P2/P2R2PP/6K1 w - -,d2d4 b7c6 d4d1 f5e6 g1f2 d5d4 d1d4 e6a2 d4d8 b5b4,69
1r1r2k1/p1q3bp/2p2pp1/4p3/8/P1PbBB2/1P3PPP/R1Q1R1K1 w - -,b2b4 f6f5 f3e2 e5e4 e3f4 g7e5 f4e5 c7e5 c1d2 d3e2,-22
r3kb1r/1b1n1ppp/p2ppq2/8/p2NP3/3BB2P/1PP2PP1/R2QK2R w KQkq -,e1h1 f8e7 d4f3 h7h6 a1a4 e8h8 d1e2 a6a5 f1a1 f8c8,40
r2q1rk1/1p3ppp/3b1n2/2p1p3/1PBnP3/P1Q5/5PPP/R1B1RNK1 w - -,c1g5 c5b4 a3b4 a8c8 c3d3 b7b5 c4b5 d4c2 e1c1 c2a1,-78
r1b1k2r/1pp1qppp/2n2n2/p3p3/2P1P3/5NP1/PP1N1PBP/R2Q1RK1 w kq -,f1e1 c8e6 h2h3 e8h8 d1c2 a8d8 d2f1 c6d4 f3d4 d8d4,-56
r1b2rk1/1p1n2pp/pq2pb2/3p4/3n4/2N2N2/PP1Q1PPP/R1B1RBK1 w - -,e1e3 d4f3 e3f3 d7e5 f3h3 e5g4 h3f3 c8d7 f3f4 g4e5,-213
r2qkb1r/1b1n1ppp/p2pp3/8/p2NP3/2PBB2P/1P3PP1/R2QK2R w KQkq -,d1a4 d8c7 b2b4 f8e7 e1h1 e8h8 a4c2 d7e5 c3c4 h7h6,36
8/5pp1/2k5/pp1p1b1p/3R4/P4P2/P5PP/6K1 w - -,d4f4 f5e6 g1f2 d5d4 f4d4 e6a2 f2e3 a2d5 e3d3 c6c5,71
r1bqk2r/ppp2ppp/3p1n2/4n3/1bP1P3/2NP4/PP4PP/R1BQKBNR w KQkq -,c1f4 e8h8 f1e2 e5c4 d1b3 b4c3 b3c3 c4e5 f4e5 d6e5,-63
2k4r/pp1r1ppp/3P4/b5N1/5B2/n3P3/4KPPP/5B1R w - -,g5e4 h8d8 g2g4 a3c4 g4g5 c4d6 e4d6 d7d6 f1h3 c8b8,-46
6r1/p1b3rk/1pR1P3/2p2P2/P1Np4/1P1P3n/2P4P/5R1K w - -,c6c7 g7c7 f5f6 h3g5 e6e7 g5f7 c4d2 c7c8 d2e4 h7g6,Mate
r1bqkb1r/2p2pp1/p1np3p/1p1Np3/4P3/3PBN1P/PPP2PP1/R2Q1RK1 w kq -,d3d4 f8e7 d4e5 e8h8 d5e7 d8e7 e5d6 c7d6 f1e1 c6e5,128
rnbqk1nr/5pp1/4p3/p1bpP2p/8/2NB1N2/PP3PPP/R1BQK2R w KQkq -,c3b5 b8c6 e1h1 d8b6 b5d6 c5d6 e5d6 g8f6 c1e3 b6b7,113
r1b2r2/3p1k1p/2p1pp2/p1P5/5P2/2K5/PP4PP/3R1B1R w - -,g2g4 f7e7 d1d6 f8g8 h1g1 a5a4 f1e2 c8a6 e2d1 h7h5,59
r2q3r/p3bk1p/2p2N2/1p1p1P2/5B2/1Q6/PPP2PPP/2K1R3 w - -,f6g4 e7g5 g4e5 f7f8 b3g3 h8g8 e5g6 g8g6 f5g6 d8f6,647
r1b2rk1/1pp1qppp/2n2n2/p3p3/2P1P3/5NP1/PP1N1PBP/R2QR1K1 w - -,d1c2 f8d8 h2h3 c8e6 d2f1 e7c5 b2b3 c6b4 c2b1 d8d7,-58
8/8/R7/5K1p/1k5P/p3r3/6P1/8 w - -,a6b6 b4a5 b6b1 e3g3 b1b8 g3g2 b8a8 a5b4 a8b8 b4c3,-421
1r1q1rk1/4bppp/p2p4/Pnp2P2/3nNpQ1/2BP3P/BP4P1/R3R1K1 w - -,c3d2 d4c2 d2f4 g8h8 g1h1 c2e1 a1e1 d8a5 e1a1 a5b4,-200
8/5pp1/8/ppkp1b1p/3R4/P4P2/P4KPP/8 w - -,d4d1 d5d4 d1c1 c5d6 f2e2 a5a4 h2h4 f5e6 e2d3 d6d5,86
2r3k1/1b3pn1/p5pp/1p2P3/5P2/P1Pr2PP/1P1NK2B/8 w - -,e2d3 g6g5 f4g5 c8d8 d3c2 h6g5 h2g1 d8e8 g1d4 g7f5,-509
rn1qk1nr/5pp1/b3p3/p1bpP2p/8/P1NB1N2/1P3PPP/R1BQK2R w KQkq -,d1a4 b8d7 d3a6 a8a6 b2b4 c5b6 c3b5 e8f8 e1h1 g8e7,108
r6k/5P2/1R3K2/p7/8/7P/1p6/8 w - -,,0
r1bqk2r/ppp2ppp/3p1n2/2b1n1B1/2P1P3/2NP4/PP4PP/R2QKBNR w KQkq -,d3d4 h7h6 g5h4 g7g5 h4g3 c5b4 d4e5 b4c3 b2c3 f6e4,258
3q1rk1/p1r2pp1/bp5p/4p3/1PP5/P2n2P1/2QN1PBP/1R1R2K1 w - -,g2e4 d3f2 g1f2 d8d4 f2g2 f7f5 e4f3 g8h8 b4b5 a6c8,242
r3k1nr/1b1pqpbp/p5p1/1pp2p2/4P3/2PP2PN/PP2Q1BP/R1B2RK1 w kq -,c1g5 f7f6 g5f4 c5c4 e2f2 c4d3 e4f5 b7g2 f2g2 e7c5,135
r2n3k/1p2q3/4p2p/1P1pPppN/p1nP4/P6P/3QBPP1/2R3K1 w - -,e2c4 d8f7 c4a2 a8f8 h5f6 f7d8 d2e3 e7g7 a2b1 f8f7,553
6r1/p1r4k/1p2P3/2p2P2/P1Np4/1P1P3n/2P4P/5R1K w - -,c4d2 c7g7 d2f3 g7g2 e6e7 h3f2 f1f2 g2f2 f3g5 g8g5,-1002
8/5p2/8/ppkp1bpp/3R4/P3KP2/P5PP/8 w - -,d4d1 f5c2 d1c1 d5d4 e3d2 d4d3 c1e1 c5d6 e1e8 h5h4,310
r3r3/1p1nppkp/pqp1n1p1/3p4/1P1P4/Q1NPPN2/P4PPP/2R2RK1 w - -,h2h3 e8c8 a3b2 b6d8 c1c2 e6c7 f1c1 c7b5 f3d2 d7b6,63
1r1r2k1/p1q3bp/2p3p1/4pp2/1P6/P1PbBB2/5PPP/R1Q1R1K1 w - -,f3e2 e5e4 e3f4 g7e5 f4e5 c7e5 c1d2 d3e2 d2e2 b8b7,-7
2k4r/pp1r2pp/3P1p2/b5N1/5B2/n3P1P1/4KP1P/5B1R w - -,f1h3 f6g5 f4g5 b7b5 h1d1 a5d8 d1a1 d8g5 a1a3 c8d8,-165
r1bq3r/pp3kpp/2p5/3nP3/2Bb4/2N5/PPQ2PPP/R1B2RK1 w - -,c3e4 d4e5 e4g5 f7g8 f1e1 e5f6 h2h3 g7g6 g5e4 h7h6,373
2r3k1/pb2qpp1/Bp2p2p/2b5/4n3/P3PN1P/1P2QPP1/2RN2K1 w - -,b2b4 e4g3 e2b5 b7f3 g2f3 e7d8 b5d3 d8g5 a6c8 g3e2,244
r2q1rk1/5ppp/3b1n2/1p2p3/1PBnP3/2Q1B3/5PPP/R3RNK1 w - -,e3d4 e5d4 a1a8 d4c3 a8d8 f8d8 c4b5 d6b4 e4e5 f6g4,-73
8/1Q6/4r3/8/5k2/3K4/8/8 w - -,b7c7 f4f5 c7g3 e6f6 d3d4 f6e6 g3f3 f5g5 d4d5 e6e8,184
r1b2rk1/qp1n2pp/p1n1pb2/3p4/N2P4/5N2/PP1QBPPP/R1B1R1K1 w - -,e1d1 b7b5 a4c3 d7b6 b2b3 b5b4 c3b1 a7e7 c1b2 a6a5,3
r3k2r/pp1q1ppp/4p3/3pP3/4n1b1/2Q1P1P1/PP3PBP/R1B1K2R w KQkq -,c3d4 f7f6 f2f3 f6e5 d4b4 a7a5 b4a3 a8c8 f3g4 c8c2,119
r1b2rk1/ppqn1ppp/3b4/4p2n/8/2P2NB1/PPBNQPPP/R3K2R w KQ -,f3g5 g7g6 g5h7 f8e8 h7g5 g8g7 e1a1 d7f6 h1e1 a8b8,126
r1bqkb1r/1pp2pp1/5n2/8/3pPpPp/Pp1P3P/1BPN2B1/R2Q1RK1 w kq -,f1f4 b3c2 d1c2 c7c5 b2c1 c8e6 a1b1 f8d6 f4f1 f6d7,-115
r1bqkb1r/ppp1pp2/3p1npp/3Pn3/4PB2/2N2P2/PPP3PP/R2QKBNR w KQkq -,g1e2 f8g7 e2d4 c7c6 d1d2 a7a6 d5c6 e5c6 d4c6 b7c6,16
3q1rk1/4npbp/2pp2p1/4p3/1PPnP3/r1N1B1P1/5PBP/1R1Q1RK1 w - -,c3e2 c6c5 e3c1 a3a7 e2d4 e5d4 b4c5 d6c5 b1b5 d8c7,42
8/5p2/8/ppkp1bp1/3R2p1/P3KP2/P6P/8 w - -,f3g4 f5b1 d4d2 a5a4 e3e2 d5d4 e2d1 c5c4 d1c1 b1e4,49
r3k2r/1b1n1ppp/pq2pn2/1pbP2B1/2p1P3/2N2N2/PPB2PPP/R2Q1RK1 w kq -,a2a3 h7h6 g5h4 e8h8 d1d2 e6d5 e4d5 a8d8 f1e1 d8e8,-39
5rk1/p1r2pp1/bp5p/4p3/1PPq4/P5P1/2QN1K1P/1R1R1B2 w - -,f2e1 f7f5 c2d3 d4g4 b1b3 e5e4 d3e3 g4h5 e3f2 h5f7,200
r1b2rk1/qp1n2pp/p3p3/3p4/N2b4/8/PP1Q1PPP/R1B1RBK1 w - -,g1h1 f8f2 d2d1 d7f6 c1g5 c8d7 f1d3 a8f8 a4c3 b7b5,-310
r3r1k1/pp2bppp/n1p5/3p4/3P4/2P2N2/PP3PPP/R1B2NK1 w - -,a2a4 a6c7 h2h4 f7f6 h4h5 c7e6 g2g3 g7g6 f1e3 e6g7,-261
8/5p2/8/ppkp2p1/3R2P1/P3K3/P6P/1b6 w - -,d4d2 a5a4 e3e2 c5c4 e2d1 b1e4 d1c1 d5d4 d2f2 c4c3,54
6r1/p1r1Pn1k/1p3P2/2p5/P1Np4/1P1P4/2P4P/5R1K w - -,h2h4 c7c6 c4d2 c6e6 d2e4 g8g4 e4g5 f7g5 h4g5 g4g5,-65
rn1qk1nr/p1pp1pbp/1p2p1p1/8/3Pb3/2P2NP1/PP3PBP/RNBQK2R w KQkq -,e1h1 e4d5 f1e1 g8f6 b2b3 d5b7 c3c4 e8h8 b1c3 d7d6,-76
r3k2r/1b1n2pp/pq2pn2/1pb3B1/2p1P3/2N2N2/PPB2PPP/R2Q1RK1 w kq -,g5h4 e8h8 d1d2 f6g4 d2d7 a8d8 c3a4 d8d7 a4b6 c5b6,-47
3r4/5kp1/2K4p/1p3PP1/1R5P/8/8/8 w - -,b4b5 h6g5 h4g5 d8d1 b5b7 f7f8 g5g6 d1c1 c6d6 c1d1,12
3q1rk1/4npbp/2pp2p1/4p3/1PP1P3/2Q1B1P1/4nPBP/1R3RK1 w - -,g1h1 e2c3 b1b3 c3e2 b4b5 e2d4 e3d4 e5d4 b5b6 d4d3,-538
r1b1kbnr/p3qppp/2p5/2pp4/3P4/5N2/PPP1QPPP/RNB1K2R w KQkq -,b1c3 c8g4 d4c5 g4f3 g2f3 e7e2 c3e2 f8c5 c1e3 c5d6,-4
r2q3r/p4k1p/2p5/1p1p1Pb1/5BN1/1Q6/PPP2PPP/2K1R3 w - -,g4e5 f7g8 b3g3 h7h6 h2h4 h8h7 h4g5 h6g5 f4g5 h7g7,734
8/8/8/ppkp1pp1/6P1/P3K3/P2R3P/1b6 w - -,g4f5 b1f5 d2d1 d5d4 d1d4 f5e6 d4d2 g5g4 d2c2 c5d5,381
r1bqk2r/pp1pnppp/2nbp3/2p5/4P3/2NP1N2/PPP1BPPP/R1BQK2R w KQkq -,d3d4 c5d4 f3d4 d6e5 c1e3 d7d5 f2f4 e5d4 e3d4 e8h8,23
r3k2r/pp3pp1/1qn1p2n/3pP1bp/1P5P/2PQ1N2/P4PP1/RN2R1K1 w kq -,h4g5 h6g4 e1e2 c6e7 a2a4 e7g6 a4a5 b6c7 d3d4 e8h8,-56
r3r1k1/2pqb1pp/2p2pb1/p7/N2p1B2/1P1P1Q1P/1PP2PP1/R3R1K1 w - -,,0
8/8/r7/5k2/8/3K4/8/4Q3 w - -,e1e4 f5f6 e4f4 f6e7 f4c7 e7f6 d3e4 a6e6 e4d5 e6a6,175
r3k2r/1b1n2pp/pq2p3/1pbnP1B1/2p5/2N2N2/PPB2PPP/R2Q1RK1 w kq -,d1e2 e8h8 a1d1 d5c3 b2c3 b6c6 f3h4 f8f7 g1h1 h7h6,-46
r3r1k1/pp3ppp/n1pb4/3p4/3P4/2P1BN2/PP3PPP/R4NK1 w - -,g2g3 a6c7 a2a4 h7h5 e3d2 f7f6 h2h4 c7e6 f1e3 g8f7,-273
r3k1nr/1b1pqpbp/p5p1/1pp5/4p3/2PPB1PN/PP2Q1BP/R4RK1 w kq -,a1e1 h7h6 e3f4 g8f6 d3e4 e8h8 e2d2 f6e4 g2e4 b7e4,50
1r1q1rk1/4bppp/p7/Pnpp1P2/3nNQ2/2BP3P/BP4P1/R3R1K1 w - -,e4g3 b5c3 b2c3 d4c2 g3h5 c2a1 e1a1 e7d6 f4g4 g7g6,-319
r1bqk2r/ppp1nppp/2nb4/8/4P3/2N5/PPP2PPP/R1BQKBNR w KQkq -,c1e3 e8h8 d1d2 f7f5 f1c4 g8h8 g1e2 a7a6 e1a1 b7b5,125
8/8/8/ppkp1bp1/8/P3K3/P2R3P/8 w - -,d2d1 d5d4 d1d4 f5e6 d4d2 b5b4 a3b4 a5b4 e3e4 g5g4,433
r1bqkb1r/pp2pppp/3p1n2/8/2PpP3/3P4/PP2BPPP/RNBQK2R w KQkq -,a2a4 g7g6 a4a5 f8g7 e1h1 c8d7 c1d2 e8h8 b1a3 e7e5,57
r2qkb1r/pp2pppp/5nn1/2Pp4/1P4b1/P4N2/1BP2PPP/RN1QKB1R w KQkq -,b1d2 d8c7 h2h3 g4f5 h3h4 h7h5 f1b5 f5d7 b5d3 g6f4,121
r1bqkb1r/ppp1pp2/3p1n1p/3Pn1p1/3QPB2/2N2P2/PPP3PP/R3KBNR w KQkq -,f4e5 d6e5 d4e5 f8g7 c3b5 f6h5 e5c7 g7b2 a1b1 b2g7,95
r1bq1rk1/pp1pnppp/2nbp3/2p3B1/4P3/2NP1N2/PPP1BPPP/R2QK2R w KQ -,a2a4 d6b8 d3d4 c5d4 f3d4 b8e5 g5e3 d7d5 e1h1 d5e4,-25
r1bq1rk1/p1p2pp1/1p1p1n1p/n2P2B1/7Q/2PB1N2/P4PPP/R3R1K1 w - -,g5h6 g7g6 h6g5 g8g7 h4h6 g7g8 d3g6 f7g6 h6g6 g8h8,531
5k2/2Q5/8/3r4/8/8/4K3/8 w - -,e2e3 f8e8 e3f4 d5d2 c7c3 d2d6 c3c8 e8e7 f4e5 d6d7,9605
2k2b1r/p5p1/2p2p2/2P3q1/2N4p/3r1PBP/PQ3P2/1R3RK1 w - -,e2e3 f8e8 e3f4 d5d2 c7c3 d2d6 c3c8 e8e7 f4e5 d6d7,Mate
8/8/8/ppkp1b2/6p1/P3K3/P5RP/8 w - -,e3f4 f5b1 f4g4 b1e4 g2b2 e4g6 g4f4 b5b4 a3b4 a5b4,461
r3k2r/ppp1nppp/2qbb3/8/4P3/2N2N2/PPP2PPP/R1BQK2R w KQkq -,f3d4 c6c4 d4e6 c4e6 c1d2 e7c6 d1e2 e8a8 e1a1 d6e5,88
r1b2rk1/pp1qbppp/2n1pn2/2p5/3P4/N1P2B2/PP2NPPP/R1BQ1RK1 w - -,a3c4 c5d4 e2d4 c6d4 c3d4 f8d8 d1b3 f6d5 c1d2 b7b6,15
1r1q1rk1/5p1p/p2b1p2/Pnpp4/3n1Q2/2BP2NP/BP4P1/R3R1K1 w - -,f4h4 f6f5 h4d8 f8d8 g3h5 b5c3 b2c3 d4c2 a2d5 c2a1,-245
4r1k1/5pp1/1Q6/P7/1P1pP1nP/3Bq3/4P2P/5R1K w - -,b6c7 g4e5 f1f5 f7f6 f5f1 e3h3 f1g1 g7g6 a5a6 g8f8,500
r1b2rk1/ppqpnppp/2nbp3/2p3B1/4P3/2NP1N2/PPP1BPPP/R2Q1RK1 w - -,c3b5 c7b8 d1d2 f7f6 g5e3 b7b6 c2c3 f6f5 b5d6 b8d6,49
8/8/8/ppkp4/5Kp1/P2b4/P5RP/8 w - -,g2g4 d3b1 g4g2 b1e4 g2b2 c5c4 h2h4 e4h7 h4h5 d5d4,496
2Q5/4k3/8/3r4/8/8/4K3/8 w - -,e2e3 e7d6 e3e4 d5b5 e4d4 b5b4 d4c3 b4b6 c8d8 d6c5,222
r1bq1rk1/p1p2p2/1p1p1n1p/n2P4/7Q/2PB1N2/P4PPP/R3R1K1 w - -,h4h6 c8a6 d3a6 f6h7 a6d3 f7f5 d3f5 f8f5 h6g6 g8h8,585
r2qkbnr/pp2pp2/2n4p/3p1bp1/3P3B/2N2P2/PP2P1PP/R2QKBNR w KQkq -,e2e4 g5h4 e4f5 h6h5 d1b3 d8d7 e1a1 g8h6 f5f6 e7e6,-58
2rq1rk1/5ppp/3b1n2/1p2p3/1P1nP3/1BQ1B3/5PPP/R3RNK1 w - -,c3d3 d6b4 e3d4 b4e1 a1e1 d8d4 d3b5 c8b8 b5c4 d4c4,-343
r1b3k1/p2p2pp/2p1pr2/2P5/5P2/8/PP1K2PP/2R2B1R w - -,d2e3 a7a5 f1e2 c8a6 e2f3 e6e5 f4e5 f6e6 h1e1 a8b8,76
2kr3r/ppp1nppp/2qbb3/8/4P3/2N2N2/PPP2PPP/R1BQ1RK1 w - -,f3d4 d6h2 g1h2 c6d6 f2f4 d6d4 d1d4 d8d4 f4f5 e6d7,4
7k/5P2/r3K3/p7/8/7P/1R6/8 w - -,,0
8/8/8/pp1p4/2k2KR1/P2b4/P6P/8 w - -,h2h4 d5d4 h4h5 c4d5 g4g3 d3b1 g3g5 d5c4 h5h6 b1c2,559
2r3k1/1b3p2/p3n1pp/1p2P3/5P2/P1PK2PP/1P1N3B/8 w - -,h2g1 f7f5 e5f6 c8f8 d2e4 f8d8 g1d4 g8f7 e4f2 e6d4,-471
r4rk1/5ppp/PP2p3/2bp4/1n1Pn3/1N6/5PPP/R4RK1 w - -,b3c5 e4c5 d4c5 a8a6 a1a6 b4a6 c5c6 f8c8 c6c7 a6c5,-239
8/8/3r4/5k2/3K4/8/4Q3/8 w - -,d4c4 d6f6 e2g2 f5e5 g2g7 e5e6 g7g3 e6f7 c4d5 f6f5,154
2kr3r/ppp1nppp/2q1b3/2b5/4P3/2N1BN2/PPP2PPP/R2Q1RK1 w - -,d1e2 c5b4 f3d4 c6c4 d4e6 c4e6 e3a7 b4c3 b2c3 e7c6,96
r3k2r/pp1q1ppp/2n1pn2/3pN3/3P2b1/1Qb1P1P1/PP3PBP/R1B1K2R w KQkq -,b3c3 d7d6 c1d2 e8h8 e5g4 f6g4 e1h1 g4f6 c3b3 d6d7,39
r1bq1rk1/4ppbp/1pp3p1/p1p4n/P3PB2/2NP1N1P/1PP2PP1/R2Q1RK1 w - -,f4h2 f8e8 d1d2 g7f8 f1d1 h5g7 d2e3 d8d7 f3e5 d7b7,66
r2qk2r/1b1nbppp/p2pp3/8/Q2NP3/2PBB2P/1P3PP1/R3K2R w KQkq -,d4b3 e8h8 b3a5 d7c5 a4c2 c5d3 c2d3 d8c7 e1h1 d6d5,31
3r4/2kb1p1p/1p6/p7/P2P4/2P2B2/5PPP/2K4R w - -,f3d1 d8g8 g2g3 g8g6 c1d2 g6f6 f2f3 b6b5 a4b5 d7b5,319
8/8/8/ppkpK3/6R1/P2b4/P6P/8 w - -,h2h4 d3e2 g4g5 c5c4 h4h5 d5d4 e5f4 e2d3 h5h6 d3c2,625
r2q3r/p6p/2p2k2/1p1pNPb1/5B2/1Q6/PPP2PPP/2K1R3 w - -,h2h4 d3e2 g4g5 c5c4 h4h5 d5d4 e5f4 e2d3 h5h6 d3c2,Mate
r1bqk2r/ppp1bppp/2n1p3/4P3/2BPn3/P4N2/1P3PPP/RNBQK2R w KQkq -,d1d3 f7f5 e5f6 e4f6 b1c3 e8h8 e1h1 g8h8 f1e1 e6e5,156
7R/8/8/8/8/2k1K3/8/6Q1 w - -,e1h1 e8h8 c1e3 g8h8 b2b4 f7f5 d1c2 g7g5 h2h3 f8g8,Mate
r2qkbnr/pp1b1p1p/2n1p1p1/3pP3/3P4/5N2/PP2BPPP/RNBQK2R w KQkq -,b1c3 g8e7 h2h4 h7h6 a2a3 a8c8 e2d3 e7f5 c3e2 f8e7,84
r3kb1r/1bq2pp1/p3pn1p/3pn3/Np1NP1PP/4BP2/PPPQ4/1K1R1B1R w kq -,h1g1 d5e4 g4g5 h6g5 h4g5 f6d5 f3e4 d5e3 d2e3 a8d8,-78
2k4r/p5p1/2p2p2/2b3q1/2N4p/3r1PBP/PQ3P2/1R2R1K1 w - -,h1g1 d5e4 g4g5 h6g5 h4g5 f6d5 f3e4 d5e3 d2e3 a8d8,Mate
8/8/8/ppkpK3/2b3RP/P7/P7/8 w - -,h4h5 c4e2 g4h4 e2d3 h5h6 d3h7 h4d4 c5c6 d4d5 h7f5,725
r2qkb1r/pp2ppp1/2n2n1p/3p1b2/3P3B/2N2P2/PP2P1PP/R2QKBNR w KQkq -,e2e4 g7g5 h4f2 d5e4 d4d5 e4e3 f2e3 c6e5 e3d4 e5g6,36
r1b2rk1/qp1n2pp/p1n1pb2/3p4/3P4/2N2N2/PP1QBPPP/R1BR2K1 w - -,d2e3 g8h8 h2h3 f6e7 e3e6 d7f6 e6e3 a7b6 e3d3 e7d6,89
r2qk2r/pppb1ppp/2np4/1Bb1p3/4P1n1/2PP1N2/PP3PPP/RNBQR1K1 w kq -,d3d4 c5b6 b1a3 h7h6 a3c4 e8h8 a2a4 f7f5 e4f5 d7f5,92
2kr3r/ppp1nppp/2q1b3/8/4P3/2N1bN2/PPP1QPPP/R4RK1 w - -,e2e3 c6b6 e3b6 a7b6 a2a3 e7c6 f1d1 e6g4 d1d8 h8d8,145
r1bq1rk1/1pp2pb1/3p1np1/p1nPp2p/2P1P1P1/2N1B2P/PPQ2P2/2KR1BNR w - -,f2f3 a5a4 c1b1 c8d7 g1e2 f6e8 h1g1 a4a3 b2b3 g8h7,104
r3k2r/pp1q1ppp/4pn2/3pn3/3P2b1/1QP1P1P1/P4PBP/R1B1K2R w KQkq -,d4e5 f6e4 c1a3 a8c8 g2e4 d5e4 e1h1 b7b6 h2h3 g4e2,-12
r3k2r/pp3pp1/1qn1p3/3pPnPp/1P6/2PQ1N2/P4PP1/RN2R1K1 w kq -,,0
8/8/8/ppkpK2P/6R1/P7/b7/8 w - -,g4g1 a2c4 g1c1 d5d4 h5h6 d4d3 h6h7 b5b4 h7h8q d3d2,857
2kr3r/ppp1nppp/2q5/8/2b1P3/2N1QN2/PPP2PPP/R4RK1 w - -,e3a7 c6a6 a7a6 c4a6 f1d1 e7c6 d1d8 h8d8 a2a3 h7h5,285
r2q3r/p6p/2p5/1p1pNPk1/8/1Q6/PPP2PPP/2K1R3 w - -,e3a7 c6a6 a7a6 c4a6 f1d1 e7c6 d1d8 h8d8 a2a3 h7h5,Mate
1r1q1rk1/4bppp/p2p4/Pnp2P2/4NpQ1/3P3P/BPnB2P1/R3R1K1 w - -,a1c1 c2e1 d2e1 g8h8 g1h1 b5d4 a2d5 d8d7 e1c3 d7f5,-253
2kr3r/ppp2ppp/2q3n1/8/2b1P3/2N1QN2/PPP2PPP/R2R2K1 w - -,b2b3 c4e6 e3a7 b7b6 f3d4 c6b7 a7b7 c8b7 a2a4 d8d6,348
r3k1nr/3pqpbp/p5p1/1pp5/4b3/2PPB1PN/PP2Q2P/R4RK1 w kq -,a1e1 e4d5 e2f2 e8a8 e3h6 e7e1 f2c5 d5c6 f1e1 g8h6,-115
7k/5P2/1r3K2/p7/1p6/6RP/8/8 w - -,a1e1 e4d5 e2f2 e8a8 e3h6 e7e1 f2c5 d5c6 f1e1 g8h6,Mate
3r2k1/p4pp1/2b4p/2P5/8/P1R1Q1P1/1q3p1P/5BK1 w - -,e3f2 b2c3 f1e2 d8d2 f2e1 c3c5 g1f1 c5d5 e1d2 d5d2,-1246
r1b2k2/1ppp2R1/1r4p1/p6p/3B3P/2P5/PP1N1PP1/5K1R w - -,d4b6 f8g7 b6c7 b7b5 f2f3 c8b7 f1f2 a8e8 c7b6 g7f7,560
2kr4/ppp2ppp/2q3n1/8/2b1P3/2N1QN2/PPP2PPP/R5K1 w - -,e3a7 c6a6 a7a6 c4a6 a1d1 d8d1 c3d1 a6e2 d1e3 e2f3,291
r1bqk2r/ppp1bppp/2n1p3/4P1n1/2BP4/P4N2/1P3PPP/RNBQ1RK1 w kq -,f3g5 e7g5 c1e3 g5e3 f2e3 c6e7 b1c3 e7f5 d1h5 d8e7,127
5rk1/1Q4pp/1p6/2b2p2/6K1/2P2PP1/PP5P/RNq5 w - -,b1d2 c6d4 f3g5 e7g5 d2e4 g5c1 a1c1 e8h8 d1h5 d4f5,Mate
r1b3k1/3p2pp/2p1pr2/p1P5/5P2/4K3/PP4PP/2R2B1R w - -,f1e2 c8a6 e2f3 g8f8 h1d1 f8e7 d1d4 a8b8 c1d1 b8b7,67
r1bqk2r/pppp1p1p/2n2np1/4p3/1bB1P3/3P1Q2/PPP1NPPP/RNB1K2R w KQkq -,b1c3 h7h6 c1e3 b4f8 d3d4 f8g7 d4d5 c6e7 d5d6 c7d6,86
r1b2rk1/pp1qbppp/2n1pn2/8/3p4/N1P1BB2/PP2NPPP/R2Q1RK1 w - -,e3d4 c6d4 d1d4 e7a3 b2a3 d7c7 a1b1 f8d8 d4e3 f6d5,-60
2kr4/ppp2ppp/2q5/4n3/2b1P3/2N1Q3/PPP2PPP/R5K1 w - -,e3a7 d8d2 a1e1 b7b6 h2h3 c6c5 a7a8 c8d7 c3d1 c4e6,-389
8/8/7P/ppkpK3/8/P2b4/8/6R1 w - -,g1c1 c5b6 e5d5 b5b4 a3b4 a5b4 c1c8 b6b7 c8c4 d3c4,920
7k/5P2/1r4K1/p7/1p6/6RP/8/8 w - -,g1c1 c5b6 e5d5 b5b4 a3b4 a5b4 c1c8 b6b7 c8c4 d3c4,Mate
5rk1/1Q4pp/1p6/2b2p2/8/2P2PPK/PP5P/RN3q2 w - -,g1c1 c5b6 e5d5 b5b4 a3b4 a5b4 c1c8 b6b7 c8c4 d3c4,Mate
rnbqkb1r/4pppp/p2p1n2/1ppP2B1/8/4PN2/PPP2PPP/RN1QKB1R w KQkq -,c2c3 b8d7 a2a4 b5b4 f1d3 g7g6 e3e4 f8g7 e1h1 e8h8,-2
r2qkb1r/1p3pp1/4bn2/2p5/3pPpPp/PN1P1Q1P/1BP3B1/R4RK1 w kq -,f1b1 g7g5 a3a4 f8e7 b3d2 e8h8 c2c3 f6d7 f3e2 d7e5,-142
1b2r1k1/5pp1/p4B2/2Rp1B2/Np1P2K1/nP4r1/8/7Q w - -,g4h4 g7f6 h1c1 g3g5 c5c8 b8g3 h4h3 e8c8 c1c8 g8g7,449
2k5/ppp2ppp/2q5/4n3/2b1P3/2N1Q3/PPP2PPP/3r2K1 w - -,c3d1 c6d6 e3c1 e5g4 g2g3 c4e6 d1c3 d6c5 c1f1 g4e5,-489
r4rk1/ppn3pp/2p5/3pbp2/3P1P2/2P1B1P1/PP1N3P/R5K1 w - -,d2b3 e5d6 b3c5 b7b6 c5d3 c7e8 e3f2 e8f6 a2a4 f6e4,-533
r3k1nr/3pq1bp/p4pp1/1pp3B1/4b3/2PP2PN/PP2Q2P/R4RK1 w kq -,a1e1 f6g5 e2e4 e7e4 e1e4 e8d8 f1f7 g8f6 f7g7 f6e4,-307
8/8/1k5P/pp1pK3/8/P2b4/8/2R5 w - -,e5d5 b5b4 a3b4 a5a4 d5d4 d3h7 c1c5 b6b7 c5b5 b7c7,1149
4r1k1/2Q2pp1/8/P7/1P1pP2p/3Bq3/4Pn1P/5R1K w - -,f1f2 e3f2 h2h3 f2f1 h1h2 f7f6 d3b5 f1f2 h2h1 e8e5,Mate
2k5/ppp2ppp/2q3n1/8/2b1P3/4Q3/PPP2PPP/3N2K1 w - -,b2b3 c4e6 c2c4 b7b6 d1c3 c6d6 h2h3 e6d7 c3e2 c8b7,-395
r2q1rk1/1ppb1pb1/3p1np1/p1nPp2p/2P1P1P1/2N1BP1P/PPQ5/2KR1BNR w - -,c1b1 h5h4 e3g5 c7c6 g1e2 c6d5 c3d5 d7a4 b2b3 a4c6,115
3r2k1/p4pp1/2b4p/2P5/8/P1R1QpP1/1q3K1P/5B2 w - -,c1b1 h5h4 e3g5 c7c6 g1e2 c6d5 c3d5 d7a4 b2b3 a4c6,Mate
1r1q1r1k/4bppp/p2p4/Pnp2P2/4NBQ1/3P3P/BPn3P1/R3R1K1 w - -,e1d1 c2a1 d1a1 b5d4 a1b1 d8a5 a2d5 b8b2 b1b2 a5a1,-248
r4rk1/pp4pp/2p1n3/3pPp2/5P2/2P1B1P1/PP1N3P/R5K1 w - -,d2f3 c6c5 a1d1 f8d8 g1f2 a8c8 f2e2 b7b6 f3h4 g7g6,-241
2kr3r/ppb2pp1/2p1p1p1/P2P2q1/2P5/6P1/1P3P1P/R2QRBK1 w - -,a5a6 b7b5 d1f3 c6d5 f3f7 g5f5 f7f5 g6f5 c4d5 d8d5,145
2k5/ppp1nppp/2q5/8/2b1P3/2N1Q3/PPP2PPP/6K1 w - -,e3d4 b7b5 h2h3 a7a6 b2b3 c4e6 d4g7 c6c5 g7f8 c8d7,-325
7k/5P2/5r2/p6K/1p6/6RP/8/8 w - -,e3d4 b7b5 h2h3 a7a6 b2b3 c4e6 d4g7 c6c5 g7f8 c8d7,Mate
8/p4pp1/6k1/2p5/2PbKB2/1P6/P4P1P/8 w - -,f2f3 d4f2 e4d5 g6f6 f4e5 f6f5 e5d6 g7g5 h2h3 a7a5,540
2r3k1/1b3p2/p5pp/1pn1P3/5P2/PNPK2PP/1P5B/8 w - -,b3c5 c8c5 h2g1 c5c8 h3h4 b7d5 g1d4 g8f8 d4b6 d5e6,-441
r2qkb1r/pp3pp1/2n1pn1p/1BPp4/2P5/4BQ2/PP3PPP/RN3RK1 w kq -,b1c3 f8e7 c4d5 e6d5 f1d1 e8h8 c3d5 f6d5 f3d5 d8a5,198
2kr3r/ppb2pp1/2p3p1/P2p2q1/2P5/5QP1/1P3P1P/R3RBK1 w - -,f3f7 g5f6 e1e7 f6f7 e7f7 d8d7 f7d7 c8d7 c4d5 c6d5,47
r1bqr1k1/p1p2p2/1p1p1n1Q/n2P4/8/2PB1N2/P4PPP/R3R1K1 w - -,f3g5 e8e4 d3e4 c8f5 e4f5 d8f8 f5h7 g8h8 h6f6 f8g7,9605
rnbqk2r/pppp1ppp/8/4P3/4n3/2b2N2/PPPP2PP/R1BQKB1R w KQkq -,d2c3 d7d5 e5d6 e8h8 d6c7 d8c7 f1d3 c8f5 c1e3 f5g6,85
6R1/5P1k/5r2/p6K/1p6/7P/8/8 w - -,b2c3 d7d5 f1e2 d8e7 a2a4 b8d7 c1a3 c7c5 e1h1 e8h8,Mate
8/8/1k5P/p2K4/1p6/P2b4/8/2R5 w - -,a3b4 a5a4 d5d4 d3g6 c1c5 b6b7 c5a5 g6c2 d4c5 b7b8,1449
8/4Q1pk/8/1r4K1/8/q7/8/8 w - -,a3b4 a5a4 d5d4 d3g6 c1c5 b6b7 c5a5 g6c2 d4c5 b7b8,Mate
r4rk1/p5pp/1pp1n3/3pPp2/5P2/1NP1B1P1/PP5P/R5K1 w - -,g1f2 c6c5 a2a4 a8c8 a4a5 f8d8 f2e2 d5d4 a5b6 a7b6,-259
2k5/ppp1np1p/2q3p1/4P3/2b5/2N1Q3/PPP2PPP/6K1 w - -,e3a7 c4e6 h2h3 e7d5 c3e4 d5b6 e4f6 c6c2 a7a3 c8b8,-406
6k1/1b3p2/p5pp/1pr1P3/5P2/P1PK2PP/1P5B/8 w - -,h2g1 c5c8 d3c2 b7d5 h3h4 d5e6 c2d2 g8f8 g1b6 f8e7,-493
5rR1/7k/8/p6K/1p6/7P/8/8 w - -,h2g1 c5c8 d3c2 b7d5 h3h4 d5e6 c2d2 g8f8 g1b6 f8e7,Mate
rnb1k2r/ppp2ppp/4pb2/8/2Pq4/3B4/PP3PPP/R1BQK1NR w KQkq -,g1f3 d4d6 e1h1 b8c6 d1e2 c8d7 d3e4 e8a8 f1d1 d6e7,-69
r3k2r/1b4pp/pq2p3/1pbnn1B1/2p4N/2N5/PPB2PPP/R2Q1RK1 w kq -,d1e1 b6c7 e1e2 e8h8 a1e1 c5d6 e1d1 d5c3 b2c3 f8f7,-180
r1bq1r1k/pp4pp/2pp1n2/2bNp1B1/3nP2N/3B4/PPP2PPP/R2Q1RK1 w - -,d5f6 g7f6 g5d2 d4e6 b2b4 c5b6 d1h5 f8g8 g1h1 a7a5,63
r2n1q1k/1pR5/4p2p/1P2PppN/p2P4/7P/3Q1PP1/6K1 w - -,h5f6 d8f7 d2a2 a8e8 a2a4 h8g7 f6e8 f8e8 a4b4 g7g6,655
5R2/7k/8/p6K/8/1p5P/8/8 w - -,d2a2 a4a3 h5f6 f8g7 c7g7 h8g7 g1h2 h6h5 d4d5 d8f7,Mate
rnbq1rk1/1p2bppp/p1pppn2/6B1/2PP4/2NBPN2/PP3PPP/R2QK2R w KQ -,g5f6 e7f6 d1c2 g7g6 h2h4 h7h6 e1a1 f6g7 g2g4 d8e7,56
2k5/ppp4p/2q2Pp1/5n2/2b1N3/4Q3/PPP2PPP/6K1 w - -,e3f4 c4f7 c2c3 f5d6 e4g5 h7h6 g5f7 d6f7 h2h4 c6e6,-299
r4rk1/1pnqppbp/3p2p1/p1p5/2PnPPb1/1PNPB1P1/P2QN1BP/1R3RK1 w - -,e3d4 c5d4 c3d1 e7e5 d1f2 g4e6 f4f5 g6f5 e4f5 e6f5,-26
r3rnk1/4qp2/pp2p3/4P1p1/3Pb1Pp/3B1Q1R/PP5P/5RK1 w - -,f3e2 e4d3 h3d3 a8d8 h2h3 d8d7 e2d2 f8h7 d3f3 e8f8,-377
r2r2k1/p5pp/1pp5/3pPp2/3n1P2/2P1B1P1/PP5P/3R2K1 w - -,e3d4 c6c5 d4e3 a8c8 d1e1 g7g6 a2a4 g8f7 e3d2 f7e6,-300
r1bq1r1k/pp5p/2pp1p2/2b1p1B1/3nP2N/3B4/PPP2PPP/R2Q1RK1 w - -,g5d2 f8g8 g1h1 d4e6 b2b4 c5b6 d1h5 a7a5 b4b5 d8e8,56
rn2kb1r/pp2pppp/1qp2n2/8/2Pp4/1Q3PP1/PP1P1PBP/RNB2RK1 w kq -,b3c2 e7e6 f3f4 f8d6 d2d3 e8h8 b1d2 c6c5 d2e4 f6e4,45
r1bq1rk1/1pp2p1p/2np2p1/2b5/p1P2P2/2NBPQ2/PP4PP/R1B2RK1 w - -,g1h1 a4a3 a1b1 c6b4 d3e2 b4c2 e2d1 a3b2 b1b2 c2b4,34
8/8/1k5P/3K4/pP6/3b4/8/2R5 w - -,d5d4 d3g6 c1c5 g6b1 c5a5 b1c2 d4c3 c2e4 a5a4 b6c6,1608
1r1q1r1k/4bppp/p2p4/Pnp2P1Q/4NB2/3P3P/BP4P1/R3n1K1 w - -,a1d1 g7g6 h5g4 g6f5 g4f5 b5d4 f5h5 f7f5 d1e1 f5e4,-424
6k1/5R2/8/p6K/8/1p5P/8/8 w - -,a1d1 g7g6 h5g4 g6f5 g4f5 b5d4 f5h5 f7f5 d1e1 f5e4,Mate
8/4q1pk/8/1r6/6K1/8/8/8 w - -,a1d1 g7g6 h5g4 g6f5 g4f5 b5d4 f5h5 f7f5 d1e1 f5e4,Mate
2k5/pppq1P1p/6p1/5n2/2b1N3/4Q3/PPP2PPP/6K1 w - -,f7f8q d7d8 f8d8 c8d8 e3a7 f5e7 f2f3 c4d5 e4c5 g6g5,832
8/3NK3/6k1/8/8/7B/8/8 w - -,f7f8q d7d8 f8d8 c8d8 e3a7 f5e7 f2f3 c4d5 e4c5 g6g5,Mate
r2q1rk1/1ppb1pb1/3p1np1/2nPp2p/p1P1P1P1/2N1BP1P/PPQ5/1K1R1BNR w - -,g1e2 a4a3 b2b3 g8h7 c3b5 f6e8 c2c1 h5h4 e2c3 f7f5,107
r1bq2rk/pp5p/2pp1p2/2b1p3/3nP2N/3BB3/PPP2PPP/R2Q1RK1 w - -,g1h1 a7a5 e3d2 d8f8 f2f3 a5a4 b2b4 a4b3 a2b3 a8a1,36
8/8/1k5P/3K4/1p6/3b4/8/2R5 w - -,f1e1 a7a5 g2g3 d4e6 h4f5 d6d5 e4d5 c6d5 c2c3 a5a4,Mate
r1bqkb1r/pppnpp2/3p3p/6p1/3Pn3/2P2NB1/PP2PPPP/RN1QKB1R w KQkq -,b1d2 e4g3 h2g3 f8g7 e2e4 e7e5 d1c2 d8e7 f1d3 e5d4,39
6k1/5R2/6K1/p7/8/7P/1p6/8 w - -,b1d2 e4g3 h2g3 f8g7 e2e4 e7e5 d1c2 d8e7 f1d3 e5d4,Mate
8/6pk/1R2Q3/2p5/3p1P2/4nqPP/7K/8 w - -,b1d2 e4g3 h2g3 f8g7 e2e4 e7e5 d1c2 d8e7 f1d3 e5d4,Mate
r3k1nr/3pq1bp/p5p1/1pp3p1/4b3/2PP2PN/PP2Q2P/4RRK1 w kq -,h3g5 e4d5 e2f2 d5e6 f2g2 a8d8 g5e6 d7e6 g2c6 e7d7,-356
rnbq1rk1/4bppp/1pp1p3/p1Pp2B1/1P1Pn3/P1N1PN2/5PPP/R2QKB1R w KQ -,c3e4 d5e4 g5e7 d8e7 f3d2 e6e5 d2e4 e5d4 d1d4 a5b4,-17
3r2k1/p4pp1/2b4p/2P5/8/P1q3P1/5Q1P/5BK1 w - -,f1e2 d8d2 g1f1 c6b5 e2b5 d2f2 f1f2 c3c5 f2e1 c5b5,Mate
1r3rk1/p4p1p/3PqBp1/1pp1nb2/8/8/PP1QB1PP/R4RK1 w - -,f1f5 e5d7 a1f1 b8b6 f5e5 b6d6 e5e6 d6d2 f6c3 d2d5,439
r2q1rk1/1pp1bppp/p1n1pn2/3pNb2/3P1P2/PP2P3/1BPNB1PP/R2Q1RK1 w - -,g2g4 f5e4 g4g5 f6e8 d2e4 c6e5 d4e5 d5e4 d1d8 a8d8,148
r1bq1rk1/1pppnpbp/p5p1/3P4/B1n1P3/5N2/PP1B1PPP/RN1Q1RK1 w - -,a4b3 c4d2 d1d2 d7d6 b1c3 c8d7 h2h3 e7c8 f1e1 f8e8,19
2r1rnk1/4qp2/pp2p3/4P1p1/3PQ1Pp/3B3R/PP5P/5RK1 w - -,h3f3 e8d8 e4e3 f8g6 f3f7 e7f7 f1f7 g8f7 e3g5 g6f8,456
2R5/1k6/7P/3K4/1p6/3b4/8/8 w - -,f1f6 e7c7 f6f1 c7d7 e4e3 f8g6 h3f3 e8e7 f3f6 c8c7,Mate
r1bq1rk1/1p1n1pbp/p1pp1np1/3Pp3/2P1P3/2N1B3/PP1NBPPP/R2QK2R w KQ -,e1h1 f6e8 d5c6 b7c6 b2b4 a8b8 a2a3 f7f5 f2f3 g7f6,103
5N2/4K3/8/6k1/8/7B/8/8 w - -,e7e6 g5f4 h3f5 f4e3 e6e5 e3d2 e5d4 d2d1 f5e4 d1d2,9605
r1bq2k1/p1p2p2/1p1p1n1Q/n2P2N1/8/2PB4/P4PPP/R3r1K1 w - -,e7e6 g5f4 h3f5 f4e3 e6e5 e3d2 e5d4 d2d1 f5e4 d1d2,Mate
5k1r/3p2pp/4bp2/p2p4/P6P/2PP1Q2/2P2PPK/4r3 w - -,f3h5 e1e5 h5d1 f8f7 d1b1 e5e2 f2f4 h7h5 b1b5 h8e8,-542
r2q1r2/1ppb1pbk/3p1np1/2nPp2p/p1P1P1P1/2N1BP1P/PPQ1N3/1K1R1B1R w - -,a2a3 f6e8 h3h4 g7h6 e3h6 h7h6 g4h5 e8f6 c2d2 h6g7,149
rnbqkbnr/ppppp2p/6p1/5p2/8/P2P4/1PP1PPPP/RNBQKBNR w KQkq -,e2e4 d7d6 b1c3 f8g7 g1f3 g8f6 e4f5 c8f5 d3d4 e8h8,35
rnbq1r2/pppnb1pk/4p3/3pP1p1/3P2QP/2N5/PPP2PP1/R3K1NR w KQ -,b1c3 d7d5 d3d4 g8f6 c1f4 f8g7 g1f3 c7c6 e2e3 e8h8,Mate
r7/3pk1pp/b1p1pr2/p1P5/5P2/4KB2/PP4PP/2RR4 w - -,d1d4 a8b8 c1d1 b8b7 f3g4 a6b5 b2b3 h7h5 g4h3 a5a4,72
r2q1rk1/1p2bpp1/4bn2/2p5/3pPQPp/PN1P3P/2P3B1/R1B2RK1 w - -,f4f2 f6d7 b3d2 e7d6 e4e5 d7e5 g2b7 a8a7 b7g2 f7f5,-82
r5k1/ppq2pp1/1r2p2p/3p4/2PP2n1/1Q1B4/PP3PPP/2R1R1K1 w - -,d3h7 g8h7 b3d3 h7g8 g2g3 d5c4 c1c4 b6c6 e1c1 c6c4,-480
5N2/8/4K3/8/5k2/7B/8/8 w - -,h3f5 f4f3 f8g6 f3f2 e6e5 f2e3 e5d5 e3d2 d5d4 d2e2,9605
rnbqk2r/ppp1bppp/5p2/8/2B5/2P5/P1PPQPPP/R1B1K1NR w KQkq -,,0
8/1k6/7P/3K4/1pb5/8/8/8 w - -,g1f3 e8h8 e1h1 f8e8 f1e1 c8d7 d2d4 b8c6 c1e3 e7f8,Mate
r3k1nr/3p2bp/p5p1/1pp3p1/4q3/2PP2PN/PP5P/4RRK1 w kq -,d3e4 h7h6 e4e5 g8e7 e5e6 h8f8 e6d7 e8d7 h3f2 c5c4,-452
rnb2rk1/ppp2pbp/4P1p1/2n5/2P1P3/2N5/PP4PP/R1BBK1NR w KQ -,e6e7 f8e8 d1c2 c8e6 c1e3 b8d7 g1f3 g7c3 b2c3 e6c4,-124
8/7P/R7/4k3/8/8/4K3/7r w - -,,0
8/8/Q1K1r3/4k3/8/8/8/8 w - -,,0
8/4k3/8/p2p3p/Pp6/1P6/5KPP/8 w - -,,0
1R6/7k/8/7K/p7/1p5P/8/8 w - -,g2g3 e7f6 f2e3 f6f5 h2h3 f5e5 e3d3 e5f5,Mate
2rr2k1/1p2qpbp/p1p3p1/3p1b2/PP1P1N2/1QR1P3/4BPPP/2R3K1 w - -,h2h3 h7h5 b4b5 a6b5 a4b5 f5d7 e2f1 c8a8 f4d3 d8b8,25
r2q2k1/pbp2p2/1p1p1n1Q/n2P2N1/8/2PB4/P4PPP/4R1K1 w - -,b3b2 h7h5 e2d3 f5d7 d3f1 d7f5 b2b3 g7h6 f4d3 h6f8,Mate
5r2/2qkn2p/p5p1/1p6/2P1p3/3BB3/P1PR2PP/6K1 w - -,d3e4 d7e8 d2d4 f8f6 e4f3 f6f3 g2f3 e7f5 d4e4 e8d7,-525
r2q1rk1/ppp2pp1/2n1bn1p/2bpp3/4P3/1BPP1N2/PP2NPPP/R1BQ1RK1 w - -,f3d2 d5e4 d2e4 f6e4 d3e4 d8d1 f1d1 a8d8 c1d2 e6g4,-46
4Rr1k/pb5p/1np3p1/2N5/6Q1/7P/P4qP1/2R2BK1 w - -,g1h1 f8e8 c5b7 f2e3 g4d1 e8f8 b7d6 e3f4 d6c4 b6d5,364
8/8/7p/p1p3p1/PkB3PP/1P3K2/8/2b5 w - -,h4h5 b4c3 f3e4 c3d2 e4f5 d2e3 f5g6 e3f4 c4e6 f4e5,842
rnb3k1/ppp2rbp/6p1/2n5/2P1P3/2N5/PP4PP/R1BBK1NR w KQ -,d1b3 b8c6 g1f3 c8g4 e1h1 c6d4 c1e3 c5b3 a2b3 g4f3,-83
5N2/8/4K3/5B2/8/4k3/8/8 w - -,d1b3 b8c6 g1f3 c8g4 e1h1 c6d4 c1e3 c5b3 a2b3 g4f3,Mate
6k1/1b3p2/p5pp/1p1rP3/5P2/P1PK2PP/1P6/6B1 w - -,g1d4 d5d8 d3c2 b7g2 h3h4 g2h3 c2b3 a6a5 d4b6 h3e6,-462
r1bq1rk1/3n1pbp/p1pp1np1/4p3/2P1P3/2N1B3/PP1NBPPP/R2QK2R w KQ -,d2b3 d8c7 a1c1 a6a5 c4c5 d7c5 b3c5 d6c5 e1h1 a5a4,34
r5k1/pp3pp1/1r2p2p/3p4/2PP2n1/3B4/PPQ2PPq/2R1R1K1 w - -,g1f1 h2h1 f1e2 h1g2 e1f1 d5c4 d3e4 g2h2 c2d2 h2h4,-504
r1bqkb1r/2p2pp1/p1np3p/1p1N4/3pP3/4BN1P/PPP2PP1/R2Q1RK1 w kq -,f3d4 c6d4 e3d4 c7c5 d4c3 b5b4 c3d2 f8e7 a2a3 b4b3,182
r1r5/6pp/1pp1k3/p2pPp2/3P1P2/4B1P1/PP2K2P/2R5 w - -,c1c3 a5a4 h2h4 h7h5 e2d3 e6d7 d3c2 a8a5 c3a3 c6c5,-257
4kr2/2q1n2p/p5p1/1p6/2P1B3/4B3/P1PR2PP/6K1 w - -,e4d3 b5c4 d3f1 e7d5 e3f2 f8f2 d2f2 c7c5 g2g3 d5e3,-562
4r1k1/5pp1/1Q3n2/P3p3/1P1p1q1P/3B1P2/4P2P/5R1K w - -,f1g1 e5e4 b6d4 e8e6 d3e4 g7g6 e2e3 f4b8 e4d3 e6d6,560
r5k1/pp3pp1/1r2p2p/3p4/2PP2n1/3B4/PPQ2PP1/2R1RK1q w - -,f1e2 h1g2 e1f1 d5c4 d3e4 g2h2 c2d2 h2h4 c1c4 g4f2,-507
r1bqkb1r/2p2pp1/p2p3p/1p1N4/3nP3/4B2P/PPP2PP1/R2Q1RK1 w kq -,c2c4 d4c6 a1c1 b5b4 f2f4 c8b7 d1h5 d8d7 a2a3 a6a5,-172
8/8/8/ppkpK2P/2b5/P7/8/6R1 w - -,h5h6 c4d3 g1c1 c5b6 e5d5 b6b7 d5c5 d3h7 c5b5 h7f5,924
8/R6P/8/4k3/8/8/4K2r/8 w - -,,0
r2q1rnk/1ppbb2p/p1np4/P2Np1p1/2BPPp2/2P2N1P/1P3PP1/R1BQR1K1 w - -,b2b4 g5g4 h3g4 d7g4 c4e2 g8h6 d4e5 d6e5 c1b2 e7d6,90
r5k1/pp3pp1/1r2p2p/3p4/2PP2n1/3B4/PPQ1KPq1/2R1R3 w - -,e1f1 d5c4 d3h7 g8h8 h7e4 g2h2 c2d2 a8d8 c1c4 f7f5,-493
r3k2r/pp3pp1/1qn1p3/3pPnP1/1P5p/2PQ1N2/P2N1PP1/R3R1K1 w kq -,g5g6 f7g6 f3g5 c6d8 c3c4 b6d4 d3e2 e8h8 c4d5 d4d5,58
r2q3k/pbp2p1B/1p1p1n1Q/n2P2N1/8/2P5/P4PPP/4R1K1 w - -,g5g6 f7g6 f3g5 c6d8 c3c4 b6d4 d3e2 e8h8 c4d5 d4d5,Mate
r3k2r/pppq1pp1/3p1n2/2b1p2p/2B1P1bP/2PP2Q1/PP3PP1/RNB2RK1 w kq -,b2b4 c5b6 a2a4 a7a5 b4a5 a8a5 b1a3 e8h8 c1g5 f6h7,1
r1bq1rk1/1pppnpbp/p5p1/3P4/B1n1P3/5N2/PP3PPP/RNB1QRK1 w - -,b1c3 d7d6 h2h3 b7b5 a4b3 c4a5 b3c2 c8b7 c1g5 h7h6,59
1r3rk1/p4p1p/3P1Bp1/1pp1nq2/8/8/PP1QB1PP/R5K1 w - -,a1f1 f5e6 d2h6 e6f6 f1f6 c5c4 f6f4 e5d7 f4f1 b8e8,506
rnbq1rk1/ppp1bppp/5p2/8/2BP4/2P5/P1P2PPP/R1BQK1NR w KQ -,g1e2 c7c5 e1h1 e7d6 c4d3 b8c6 c1e3 c5d4 c3d4 c6b4,10
2kr1b1r/1bpn1ppp/p2qpn2/1p6/3P4/1BN1BN1P/PPP2PP1/R2Q1RK1 w - -,a1c1 g7g5 f3g5 h8g8 f2f3 d6e7 d1e1 f6h5 g5h7 f7f5,-31
r7/2r3pp/1pp1k3/3pPp2/p2P1P2/2RKB1P1/PP5P/8 w - -,e3d2 c6c5 h2h3 a8a5 c3c2 a5b5 d3e2 h7h5 e2f3 c7c6,-276
r5k1/pp3pp1/1r2p2p/8/2pP2n1/3B4/PPQ1KPq1/2R2R2 w - -,d3e4 g2h2 c2d2 h2h4 c1c4 g4f2 e4c2 f2e4 d2f4 h4f4,-506
8/8/4K1N1/5B2/3k4/8/8/8 w - -,e6d6 d4c4 g6e5 c4b3 d6d5 b3b4 f5e4 b4a3 d5c4 a3b2,9605
5k1r/3p2pp/5p2/p2b4/P6P/2PP4/2P2PPK/4r3 w - -,f2f3 e1c1 c3c4 d5c6 d3d4 c1c2 d4d5 c6a4 h2g1 c2c4,-2063
6k1/1b4rp/pq2N1p1/1p1p1R2/8/P2R4/1Pr3PP/7K w - -,f2f3 e1c1 c3c4 d5c6 d3d4 c1c2 d4d5 c6a4 h2g1 c2c4,Mate
r1b2rk1/p2qbppp/2p1p3/3n4/8/N1P1BB2/PP3PPP/R2Q1RK1 w - -,a3c4 c8a6 f3e2 d7c7 f1e1 f8d8 d1c2 a6c4 e2c4 d5e3,-13
r1bq1rk1/1pp1npbp/p2p2p1/3P4/B1n1P3/2N2N2/PP3PPP/R1B1QRK1 w - -,h2h3 c7c5 a4b3 c4a5 b3c2 b7b5 a1b1 b5b4 c3e2 a5c4,50
r2q1k1r/4npp1/1bnNp3/p2pP2p/5B2/P4N2/1P3PPP/2RQ1RK1 w - -,f3g5 f8g8 g5f7 d8f8 f4e3 f8b8 f7h8 c6e5 d1h5 b8d6,501
rnbqkb1r/ppppp2p/6pn/5p2/4P3/P2P4/1PP2PPP/RNBQKBNR w KQkq -,b1c3 d7d6 h2h4 f8g7 g1f3 b8c6 h4h5 h6f7 d3d4 f5e4,41
3r1r1k/4b1pp/p4p2/1B1p1P2/R1pqNB2/3P3P/6P1/3Q3K w - -,a4a6 d5e4 a6a4 e4d3 a4c4 d4d5 b5a6 d5f5 f4d2 f5e5,-518
r1b2rk1/p1q1bppp/1p1np3/2ppN3/3PnPP1/2PBP2Q/PP1N1B1P/R3K2R w KQ -,f2g3 f7f6 e1h1 b6b5 e5f3 g7g6 h3g2 a7a5 g4g5 f6f5,-83
r2q1rk1/1b3ppp/np1ppn2/p7/1pPPP3/P2B1N2/1P2QPPP/RN3RK1 w - -,f1d1 d8e7 h2h3 f8e8 a3b4 a6b4 b1c3 a8c8 a1c1 b4d3,37
r6r/1b1k2pp/pq2p3/1pbnn1BQ/2p4N/2N5/PPB2PPP/R4RK1 w - -,g5d2 a8f8 h5e5 c5f2 g1h1 f2h4 e5g7 h4e7 c2h7 d5c3,-55
8/8/8/p1p3p1/PkB3P1/1P3K2/8/2b5 w - -,,0
8/8/3k4/p2p3p/Pp6/1P2K3/6PP/8 w - -,e3f4 d6e6 g2g3 d5d4 f4e4 d4d3 e4d3 e6f5 d3c4 f5e5,404
r2q2k1/pbp2p2/1p1p1nBQ/n2P2N1/8/2P5/P4PPP/4R1K1 w - -,e3f4 d6e6 g2g3 d5d4 f4e4 d4d3 e4d3 e6f5 d3c4 f5e5,Mate
r2qkbnr/1p2pppp/p1n5/2p2b2/2pP1B2/2N1P3/PP3PPP/R2QKBNR w KQkq -,d4d5 c6a5 e3e4 f5d7 g1f3 b7b5 f1e2 b5b4 c3a4 g8f6,104
3r1r1k/4b1pp/Bq3p2/5P2/R3pB2/3P3P/6P1/3Q3K w - -,d1c2 e4d3 a6d3 e7d6 d3f1 f8e8 f4d6 b6d6 c2f2 d6e5,-404
r1bq1rk1/ppp2pbp/n4np1/3Pp3/2P1P3/2N5/PP2B1PP/R1BQK1NR w KQ -,g1f3 a6c5 c1g5 h7h6 g5f6 d8f6 b2b4 c5e4 c3e4 f6f4,34
r7/pp6/6k1/5R2/1P1PPp1p/5P2/5P1K/8 w - -,d4d5 a7a6 f5f4 b7b6 d5d6 a8d8 e4e5 a6a5 b4a5 b6a5,444
5k2/1b3p2/p5pp/1p1rP3/3B1P2/P1PK2PP/1P6/8 w - -,g3g4 f8g8 d3e3 d5d8 e3f2 a6a5 f2g3 b7c8 g3f2 b5b4,-443
1rb2rk1/p2qbppp/2p1p3/3n4/8/N1P2B2/PP1B1PPP/R2Q1RK1 w - -,c3c4 d5b4 a3c2 b4d3 b2b3 e7f6 a1b1 c6c5 d1e2 d7d6,36
1r3rk1/p4p1p/3PqBp1/1pp1n3/8/8/PP1QB1PP/5RK1 w - -,d2h6 e6f6 f1f6 c5c4 f6f4 f7f6 e2f3 e5f3 f4f3 f8f7,509
rnb1kb1r/ppp1qppp/8/8/4Bp2/5N2/PPPP2PP/R1BQK2R w KQkq -,e1h1 e7f6 d2d4 f8d6 c2c4 b8c6 d1d3 c6b4 d3e2 e8h8,57
8/p4pp1/8/2K1k3/2P5/1P6/P6P/8 w - -,c5c6 f7f5 c4c5 f5f4 c6b7 f4f3 c5c6 f3f2 c6c7 f2f1q,23
r1b2k1r/pp1pnNbp/1qnNp1p1/8/2B1P3/8/PP3PPP/R1BQK2R w KQ -,e1h1 c6d4 c1e3 e7c6 e4e5 b6b2 a1b1 b2c3 f7h8 g7h8,487
3r1r1k/4R1pp/5p2/5P2/5B2/3q3P/6P1/3Q3K w - -,d1e1 d3f5 e1g3 f8g8 g3e3 f5b5 e3g3 d8d1 h1h2 b5c5,-480
r1q1rbk1/ppp2ppp/5n2/2P1p3/2N1Pn2/1P3NPb/PBQ2PBP/R4RK1 w - -,g2h1 h3f1 g1f1 f4e6 c5c6 b7c6 f3e5 c8a6 c2e2 e6c5,-68
4kr2/2q1n2p/p5p1/8/2p5/3BB3/P1PR2PP/6K1 w - -,d3f1 e7d5 e3f2 f8f2 d2f2 c7c5 g2g3 d5c3 g1g2 c5d5,-635
r2q1rk1/1p3ppn/4b3/2p1P1b1/3p1QPp/P2P3P/2PN2B1/R1B2RK1 w - -,d2e4 g5f4 c1f4 e6d5 e4d6 d5g2 g1g2 b7b6 g2g1 a8a7,-537
r1bqkb1r/pp3p1p/2n2p2/3ppN2/4P3/8/PPP2PPP/RN1QKB1R w KQkq -,a2a4 c8e6 d1f3 e6f5 e4f5 d8a5 c2c3 e5e4 f3h5 e8a8,-117
8/p5p1/2K5/4kp2/2P5/1P6/P6P/8 w - -,a2a3 f5f4 c4c5 f4f3 b3b4 f3f2 b4b5 f2f1q b5b6 f1f3,-593
6b1/8/1k5P/p7/1pK5/P7/8/2R5 w - -,c4d4 b4a3 c1a1 a3a2 a1a2 g8h7 a2a3 b6b5 a3f3 b5b6,518
1r3rk1/pq2bppp/b1p1p3/3n4/8/N1P2B2/PPQB1PPP/R2R2K1 w - -,c3c4 d5b4 c2e4 b7b6 d2f4 b8d8 a3c2 b4c2 e4c2 c6c5,32
r1bqkb1r/2p2pp1/2np3p/pp1Np3/4P3/3PBN1P/PPPQ1PP1/R4RK1 w kq -,d3d4 f8e7 d4e5 c6e5 f3d4 e8h8 b2b3 c7c6 d5e7 d8e7,144
r3rbk1/ppp2ppp/5n2/2P1p3/2N1PPq1/1P3N1b/PBQ2PBP/R4RK1 w - -,c4e3 g4f4 g2h3 f4f3 h3g2 f3h5 a1d1 b7b6 e3f5 g7g6,382
8/pKP3p1/8/4k3/8/1P6/P6P/5q2 w - -,b7c6 f1a6 c6c5 a6d6 c5c4 d6c7 c4d3 e5f4 a2a4 c7c1,-773
r3k2r/pp3pp1/1qn1p3/3pPnP1/1P6/1NPQ1N1p/P4PP1/R3R1K1 w kq -,g2g4 f5h4 f3h4 h8h4 d3g3 h4h8 g1h2 a8c8 e1e3 c8c7,76
2kr1b1r/1bpnqppp/p3pn2/1p4N1/3P4/1BN1B2P/PPP2PP1/R2Q1RK1 w - -,c3e2 h7h6 g5f3 g7g5 f3d2 h8g8 a2a4 g5g4 h3h4 g4g3,-56
r2n3k/1pR5/4p2p/1P2PppN/pq1P4/7P/5PP1/6K1 w - -,f2f4 b4d4 g1h2 d4f4 h5f4 g5f4 c7c1 a4a3 h2g1 a3a2,-750
r1bqk1nr/1p3ppp/p1n1p3/3p4/3P4/2NBP1b1/PP3PPP/R2QK1NR w KQkq -,h2g3 g8f6 a1c1 g7g6 g1f3 e8h8 d1d2 d8a5 d3b1 c8d7,47
r4rk1/1pnq2bp/3pp1p1/p1p2p1b/2PnPP2/1PNPB1PP/P2Q2B1/1R3RNK w - -,e4f5 g6f5 g2b7 a8b8 b7g2 g8h8 c3e2 c7a6 e3f2 e6e5,80
3r1b2/1pk1n1p1/pNn1p1p1/2P1q3/6P1/8/PPPQ1P2/2KR3B w - -,a2a3 a8b8 b3b4 b7b6 e4f5 a5b4 a3b4 g6f5 h1h2 b6b5,Mate
2Q5/pK4p1/8/4k3/8/1P6/P5qP/8 w - -,c8c6 g2a2 c6b5 e5d6 h2h4 a7a5 b7a6 d6e6 h4h5 a2a3,23
4kr2/2q4p/p5p1/3n4/2p5/4B3/P1PR2PP/5BK1 w - -,e3d4 f8f1 g1f1 c7f4 f1e1 f4h2 e1f1 h2f4 f1e1 c4c3,-665
6b1/8/1k5P/p7/8/Pp1K4/8/2R5 w - -,d3c3 g8h7 a3a4 b6c6 c1g1 h7c2 g1g7 b3b2 c3b2 c2d3,850
7r/p3bkpp/5p2/B1p5/8/1P5P/P4PP1/3R2K1 w - -,d1d7 h8a8 d7b7 f7e6 g1f1 f6f5 f1e2 h7h5 a5d2 g7g5,78
5N2/8/8/3K1B2/5k2/8/8/8 w - -,d5e6 f4g3 e6e5 g3h4 f5e4 h4h5 e5f6 h5g4 e4c2 g4h3,9605
8/8/8/8/8/6K1/7R/k7 w - -,d5e6 f4g3 e6e5 g3h4 f5e4 h4h5 e5f6 h5g4 e4c2 g4h3,Mate
1r1r2k1/pq2bppp/b1p1p3/3n4/8/N1P2B2/PPQB1PPP/1R1R2K1 w - -,c3c4 d5b4 c2a4 b7b6 d2f4 b8c8 f4e3 c6c5 a3b5 h7h6,25
3r1r1k/4bp1p/p2p1p2/qnp4Q/4NB2/3P3P/BP4P1/R5K1 w - -,f4d2 a5a4 e4c3 a4c2 a1d1 f8g8 c3d5 e7f8 d5f6 g8g7,-202
r4rk1/1pnq2bp/3pp3/p1p2p1b/2Pn1P2/1PNPB1PP/P2Q2B1/1R3RNK w - -,g2b7 a8b8 b7g2 g8h8 c3e2 d4e2 g1e2 h5e2 d2e2 g7c3,89
4k3/2q4p/p5p1/3n4/2pB4/8/P1PR2PP/5rK1 w - -,g1f1 c7f4 f1e1 f4h2 e1f2 h2f4 f2e1 c4c3 d2e2 e8d7,-709
1r1q1rk1/4npbp/3p2p1/p1p5/2PpP3/P4B2/1P3PPP/1RNQ1RK1 w - -,g2g3 e7c6 b2b3 h7h5 c1d3 f8e8 f3g2 c6e5 g2h3 d8e7,-48
rnbqkb1r/pppp3p/6pn/4pp2/4P3/P2P3P/1PP2PP1/RNBQKBNR w KQkq -,g1f3 h6f7 d3d4 f5e4 f3e5 d7d5 e5f7 e8f7 c2c4 c7c6,81
8/8/1K6/5k2/8/3PR3/8/3r4 w - -,b6c5 d1c1 c5d5 c1c8 e3f3 f5g4 f3f6 c8d8 f6d6 d8h8,465
r4rk1/1b2qppp/5n2/p1p1N3/1pNnP3/P2BQ3/1P3PPP/R1R3K1 w - -,a1b1 e7c7 f2f4 a8d8 c4d2 f6h5 d2f3 d4e6 f4f5 e6d4,-39
r1b4r/1p2kppp/p2Np3/4P2q/6n1/1B1R2P1/PP2Q2P/R5K1 w - -,a1f1 h8f8 d3d4 h5h2 e2h2 g4h2 g1h2 c8d7 f1c1 d7c6,462
r1bqk2r/1p3ppp/p1n1pn2/3p4/3P4/2NBP1P1/PP3PP1/R2QK1NR w KQkq -,a1c1 h7h6 g1f3 d8d6 a2a3 e8h8 c3a4 e6e5 d4e5 c6e5,41
8/2r3pp/1p2k3/1rppPp2/p2P1P2/P1R1B1PP/1PK5/8 w - -,c2c1 c7c6 b2b4 a4b3 g3g4 b5a5 c1b2 a5a4 b2b3 b6b5,-335
r2qkbnr/1p3ppp/p1n1p3/5b2/2BP1B2/2N5/PP3PPP/R2QK1NR w KQkq -,,0
r3r1k1/pp1Qbppp/5q2/2p1n3/3p4/3P2P1/PPP2PBP/R1B2RK1 w - -,d7b7 a8b8 b7a7 e5f3 g2f3 f6f3 c1f4 b8a8 a7d7 e7f8,126
4k3/7p/p5p1/3n4/2pB1q2/8/P1PR2PP/5K2 w - -,f1e1 f4h2 e1f2 h2f4 f2e1 c4c3 d2e2 e8d7 d4e5 f4c4,-745
r3kb1r/pppq1ppp/2n5/4N3/8/2NP3P/PPP2PP1/R1BbK2R w KQkq -,e1d1 c6e5 h1e1 f8d6 f2f4 e8h8 f4e5 d6b4 c1e3 b4c3,-572
r2qkb1r/2pb1pp1/2np3p/pp1Np3/4P3/2QPBN1P/PPP2PP1/R4RK1 w kq -,d3d4 f8e7 a2a3 e8h8 d4e5 f8e8 e3f4 a8c8 f1d1 e7f8,155
r2q1b1r/pppb1kpp/4pn2/8/3QP3/2N2N2/PP3PPP/R1B1K2R w KQ -,e4e5 f6d5 c3d5 e6d5 f3g5 f7e8 e1h1 d7f5 e5e6 c7c6,240
r3kb1r/1b1n1p2/p2Rp3/1p2P1B1/4q1Qp/1P6/1PP3PP/2K4R w kq -,d6d4 e4g4 d4g4 h8g8 c1b1 d7e5 g4h4 g8g5 h4h8 e5g6,-727
r3rbk1/ppp2ppp/5n2/2P1p3/2N1PP2/1P3q2/PBQ2P1P/R4R1K w - -,h1g1 f3f4 f2f3 f8c5 g1h1 c5d4 a1d1 d4b2 c4b2 b7b6,-285
1r2r1k1/pQ2bppp/5q2/2p1n3/3p4/3P2P1/PPP2PBP/R1B2RK1 w - -,c1g5 f6g5 b7a7 g5f6 a2a4 e7d6 a4a5 e8e7 a7a6 h7h5,-244
4r1k1/pp2r3/2n1pq2/6B1/4Q3/3R4/P4bPP/4R1K1 w - -,g1h1 f6g5 e1b1 g5f5 e4e2 e8f8 b1f1 f5e5 e2e5 c6e5,-625
8/2r4p/1p2k1p1/1rppPp2/p2P1PP1/P1R1B2P/1PK5/8 w - -,g4g5 b5b3 e3g1 e6d7 c3b3 a4b3 c2d2 c5d4 g1d4 b6b5,-430
r2q1rk1/1p3ppn/4b3/2p1P3/3p2Pp/P2Pb2P/2PN2BQ/R1B2RK1 w - -,f1f2 f7f5 g4g5 h7g5 g1f1 f5f4 d2f3 c5c4 c1d2 c4d3,-474
r2q3r/ppp3kp/2n1b1p1/3p4/1b2Q3/8/PPP2PPP/RNBK3R w - -,c1h6 g7h6 e4e6 d8h4 e6e3 h6g7 b1d2 a8e8 d2f3 h4c4,-555
r1b2rk1/1pp1qp1p/3p1p2/p1nPp3/2P1P3/6P1/PP1N2BP/R2Q1RK1 w - -,d2b3 c5a4 f1f2 g8h8 d1f1 b7b6 a1e1 c8g4 g2h3 g4h3,16
rn1q1rk1/pbp1b1pp/1p1ppn2/5p2/2PP4/2N1PN2/PP1QBPPP/R1B2RK1 w - -,d4d5 e6d5 f3d4 d5c4 e2c4 d6d5 d4e6 d8d7 e6f8 g8f8,61
8/8/4k3/p2p3p/Pp1K4/1P6/6PP/8 w - -,,0
rq3k1r/4npp1/1bnNp3/p2pP1Np/5B2/P7/1P3PPP/2RQ1RK1 w - -,d6f7 b8e8 f7h8 g7g6 h8f7 e8d7 f7d6 f8g7 g5f3 g7g8,598
4k3/7p/p5p1/3n4/2pB4/8/P1P2RPP/2q2K2 w - -,f1e2 c1c2 e2e1 c2b1 e1e2 b1d3 e2e1 d3d4 g2g4 c4c3,-1194
r1b1k2r/1p3ppp/pqn1pn2/3p4/3P4/2NBPNP1/PP3PP1/R2QK2R w KQkq -,c3a4 b6c7 a1c1 c8d7 e1f1 c7a5 a4c3 h7h6 h1h4 a8c8,66
r2qk2r/ppp2pp1/2n1bn1p/2bpp3/4P3/1B1P1N2/PPP1NPPP/R1BQ1RK1 w kq -,e2c3 e8h8 c3d5 f6d5 e4d5 e6d5 c1e3 c5b6 c2c4 d5f3,-22
r3k2r/1b1nb3/p3Q3/1p2P1B1/4q2p/1P6/1PP3PP/2K4R w kq -,e2c3 e8h8 c3d5 f6d5 e4d5 e6d5 c1e3 c5b6 c2c4 d5f3,Mate
4r1k1/pp2r3/2n1p3/6q1/4Q3/3R4/P4bPP/4RK2 w - -,e1e3 f2e3 d3e3 g5f5 f1g1 f5e4 e3e4 e7g7 g2g3 e6e5,-712
rnbqkb1r/ppp4p/3p2pn/4pp2/4P3/P2P1N1P/1PP2PP1/RNBQKB1R w KQkq -,b1c3 f8g7 d3d4 h6f7 e4f5 c8f5 c1e3 b8c6 d4d5 c6e7,83
r3kbnr/pb1p1ppp/np6/2pP4/2P5/3B4/PP2NPPP/RNB1K2R w KQkq -,b1c3 g7g6 c3b5 d7d6 c1d2 h7h5 a2a4 e8d7 d2c3 h8h7,148
r3r1k1/Q3bppp/5q2/2p1n3/3p4/3P2P1/PPP2PBP/R1B2RK1 w - -,g2a8 e7f8 c1f4 e5g6 f4c7 e8e2 a8g2 h7h5 a1e1 e2c2,535
8/8/8/7R/5k2/2K5/8/R7 w - -,c1g5 a8a7 g5f6 g7f6 f1e1 g8f8 b2b3 e8b8 a2a4 e7d8,Mate
4k3/7p/p5p1/3n4/2pB4/8/P1q1KRPP/8 w - -,e2e1 c2b1 e1d2 b1d3 d2e1 d3d4 a2a3 c4c3 g2g3 e8d7,-1322
r2qkb1r/pp1n1ppp/2p1pn2/1B1pNbB1/3P4/4P3/PPP2PPP/RN1QK2R w KQkq -,e5d7 d8d7 b5d3 f5d3 c2d3 f8e7 b1d2 a7a5 e1h1 e8h8,-32
r1bq1rk1/ppp2pbp/2n3p1/8/3p1B2/2P2NP1/P3PPBP/1R1Q1RK1 w - -,d1c1 d4c3 f4h6 c6d4 f3d4 g7h6 c1c3 c7c6 f1d1 h6g7,-129
8/8/4k3/p4pP1/2P2K2/PP6/8/8 w - -,d1c1 d4c3 f4h6 c6d4 f3d4 g7h6 c1c3 c7c6 f1d1 h6g7,Mate
r1b2r1k/1pp1qp1p/3p1p2/p1nPp3/2P1P3/5QP1/PP1N2BP/R4RK1 w - -,b2b3 f8g8 a2a3 c8g4 f3e3 g4d7 a1b1 d7g4 b3b4 a5b4,10
r2qkb1r/2pb1p2/2np2pp/pp1Np3/4P3/2QPBN1P/PPP2PP1/R3R1K1 w kq -,f3d4 e5d4 e3d4 b5b4 c3c4 c6e5 d5c7 e8e7 c7d5 e7e8,204
8/8/8/6k1/7R/2K5/8/R7 w - -,a2a4 b5b4 c3d2 f8g7 d3d4 e5d4 f3d4 e8h8 b2b3 c6d4,Mate
1r2r1k1/R4ppp/4q3/2p1N3/1pNnnP2/4Q2P/1P4P1/3R2K1 w - -,f4f5 e6d5 a7d7 d5a8 d7f7 h7h6 d1d4 c5d4 f5f6 e4f6,237
r2q1rk1/pppn1ppp/3b1n2/4p3/2B1P1b1/2P2N2/PP1N1PPP/R1BQ1RK1 w - -,h2h3 g4h5 f1e1 d7c5 g2g4 h5g6 f3h4 d8d7 a2a4 g8h8,27
1r1q1rk1/5pb1/2np2p1/p1p4p/2PpP3/PP1N1B2/5PPP/1R1Q1RK1 w - -,d1c2 f8e8 f3d1 d8c7 d3f4 c7e7 d1f3 c6e5 f3e2 e5g4,-46
r1b1k2r/1p3ppp/p1n1pn2/3p4/3P4/P1NBPNP1/1q3PP1/R2QK2R w KQkq -,c3a4 b2a1 d1a1 c8d7 g3g4 a8c8 e1h1 c6a5 a4b6 c8c6,502
r3kb1r/pppN1ppp/2n5/8/8/2NP3P/PPb2PP1/R1B1K2R w KQkq -,e1d2 e8a8 d2c2 d8d7 c1e3 c6b4 c2b3 b4d3 a1d1 f8e7,-175
rn1qkb1r/pp1b1ppp/3ppn2/1B4B1/4P3/2N2N2/PP3PPP/R2QK2R w KQkq -,a1c1 f8e7 e4e5 d6e5 f3e5 a7a6 b5a4 h7h6 g5h4 b8c6,-71
r2n3k/1pR5/4pN1p/1P2P1p1/p2P1p2/7P/5PPK/1q6 w - -,d4d5 a4a3 f6e4 b1e4 f2f3 e4e5 d5d6 a3a2 c7c1 a2a1q,-1165
8/8/8/5k2/4R3/2K5/8/R7 w - -,d4d5 a4a3 f6e4 b1e4 f2f3 e4e5 d5d6 a3a2 c7c1 a2a1q,Mate
1r2r1k1/R4ppp/8/2p1N3/1pqnQP2/7P/1P4P1/3R2K1 w - -,e4f5 d4f5 e5c4 f5d4 a7a5 e8c8 g1f2 h7h5 g2g4 c8c7,-96
r3rbk1/ppp2ppp/5n2/2P1p3/2N1Pn2/1P3NPq/PBQ2P1P/R4RK1 w - -,f3h4 f8c5 c4e3 c5e3 f2e3 f4e6 f1f6 g7f6 c2f2 e6g7,-233
r2qk2r/2pb1pb1/2np2pp/pp1Np3/3PP3/2Q1BN1P/PPP2PP1/R3R1K1 w kq -,d4e5 e8h8 e3h6 g7h6 d5f6 g8h8 f6d7 d8d7 e5e6 h6g7,159
8/2k5/3r1p2/P5pp/2K4P/4R1P1/5P2/8 w - -,e3f3 g5h4 g3h4 d6e6 c4d4 e6e5 a5a6 e5e6 f3a3 c7b8,438
1r2r3/1pqnppkp/p1p3p1/2Pp4/3P4/Q2PPN2/PR3PPP/5RK1 w - -,f1b1 e7e5 d4e5 d7e5 a3c3 f7f6 f3d4 e5g4 g2g3 g4e5,111
r1bqr1k1/1pp2ppp/2np4/p1b5/2P2P2/2NBP2P/PP4P1/R1BQ1RK1 w - -,f1f3 d8h4 c1d2 c8d7 a2a3 c6e7 d1c2 d7c6 d3e4 e7f5,71
8/8/7P/pk6/8/PK1b4/8/6R1 w - -,g1h2 c6b4 d3e4 f7f5 e4f3 c7c6 f1e1 d8f6 a2a3 b4a6,Mate
r2qr1k1/pp3pp1/n2bb2p/3p4/3Pn3/PQNB1N2/1P3PPP/R1B1R1K1 w - -,c1e3 a6c7 a1c1 b7b6 b3c2 e6f5 g2g3 a8c8 f3h4 f5h7,32
rq3kr1/4nNp1/1bn1p3/p2pP1Np/5B2/P7/1P3PPP/2RQ1RK1 w - -,d1h5 f8e8 c1c6 e8d7 c6d6 d7c8 d6e6 b8c7 f7d6 c8b8,1020
8/8/8/5k2/R7/2K5/8/R7 w - -,g5e6 f8f7 e6g5 f7e8 c1c6 g8h8 c6e6 b8b7 d1a4 b7d7,Mate
1r1qr1k1/5pb1/2np2p1/p1p4p/2PpP3/PP1N1B2/2Q2PPP/1R3RK1 w - -,d3f4 d8g5 f4d5 c6e7 d5c7 e8c8 c7b5 h5h4 g2g3 c8f8,-46
8/2r4p/1p2k1p1/3pPpP1/p1pP1P1P/PrR1B3/1PK5/8 w - -,e3c1 b6b5 c2d1 c7c8 h4h5 g6h5 c3c2 c4c3 c2h2 c3b2,-396
3r2k1/pr2bppp/bqp1p3/8/2P2n2/N4B1P/PPQ2PP1/1R1RB1K1 w - -,d1d8 b6d8 c2a4 d8b8 b2b3 b7b6 e1a5 a6b7 a5b6 a7b6,174
4r1k1/pp2r3/2n1p3/5q2/4Q3/3R4/P4KPP/4R3 w - -,e4f5 e6f5 e1e7 e8e7 f2g3 g8f7 g3f4 f7f6 d3d6 e7e6,-394
rnbqk2r/ppp3bp/3p2pn/4pp2/4P3/P2P1N1P/1PPQ1PP1/RNB1KB1R w KQkq -,b1c3 b8c6 h3h4 h6f7 g2g3 e8h8 f1g2 f5f4 c3e2 f4g3,-48
1r2rk2/1pqnpp1p/p1p3p1/2Pp4/3P4/Q2PPN2/PR3PPP/1R4K1 w - -,b2b3 e7e5 d4e5 d7e5 a3b2 f8g8 f3e5 e8e5 b3b6 e5e7,161
r2q1rk1/1p3ppn/8/2pbP3/3p2Pp/P2Pb2P/2PN2BQ/R1B2R1K w - -,f1f5 h7g5 g2d5 d8d5 h2g2 d5g2 h1g2 b7b5 d2f3 g5e6,-117
r6r/3k2pp/pq2p3/1pbbn1BQ/2p4N/8/PPB2PPP/R4RK1 w - -,b2b4 c5d4 a1d1 a8f8 g1h1 g7g6 h5e2 h7h6 g5e3 d4e3,-104
8/8/4k3/R7/8/2K5/8/R7 w - -,b2b4 c5d4 a1d1 a8f8 g1h1 g7g6 h5e2 h7h6 g5e3 d4e3,Mate
r2q1rk1/2pb1pb1/2np2pp/pp1NP3/4P3/2Q1BN1P/PPP2PP1/R3R1K1 w - -,d5f6 g7f6 e5f6 b5b4 c3d2 d8f6 e3h6 f8e8 a1b1 c6e5,159
rn1qkb1r/1p3ppp/p1p2n2/3p1b2/3P1B2/2N1P3/PP2BPPP/R2QK1NR w KQkq -,g2g4 f5e6 h2h4 h7h6 g1h3 c6c5 d1b3 b8c6 b3b7 a8a7,32
2k4r/pppr1p1p/2n1p3/2n1P3/2PPQ3/P1PBB2q/3K2RP/R7 w - -,d2e2 c5e4 d3e4 c6e5 a1b1 c7c6 d4e5 h3h5 e2f2 h5e5,-549
5N2/8/4K3/8/3k2B1/8/8/8 w - -,g4f5 d4c3 e6d5 c3b2 d5c4 b2a2 c4c3 a2a1 f5e4 a1a2,9605
rn1qkb1r/pp3ppp/4pn2/1b1pN3/8/2N5/PPPP1PPP/R1BQK2R w KQkq -,c3b5 d8b6 b5c3 f8d6 e5f3 b8c6 e1h1 d5d4 c3e2 e8h8,-79
8/2r4p/4k1p1/1p1pPpP1/p1pP1P1P/PrR5/1PKB4/8 w - -,c2b1 b5b4 a3b4 c7b7 c3b3 c4b3 b1c1 e6d7 d2c3 d7c6,-448
r1bqkbnr/pp3pp1/2np3p/2pN4/8/2P4N/PP2PPPP/R1BQKB1R w KQkq -,e2e4 f8e7 h3f4 g8f6 f1d3 e8h8 e1h1 c6e5 d3c2 b7b5,93
8/2k5/2r5/P3R1pp/2K5/6P1/5P2/8 w - -,c4b5 c6g6 e5e7 c7c8 e7h7 h5h4 g3h4 g5h4 h7h4 g6f6,482
r7/p2Rbkpp/5p2/B1p5/8/1P5P/P4PP1/6K1 w - -,d7b7 f7e6 g1f1 h7h5 f1e2 g7g5 e2d3 f6f5 d3c4 g5g4,77
8/8/2k4P/p5R1/8/PK1b4/8/8 w - -,d7b7 f7e6 g1f1 h7h5 f1e2 g7g5 e2d3 f6f5 d3c4 g5g4,Mate
3r2k1/pr2bppp/bqp1pn2/8/2P5/N4B1P/PPQ2PP1/1R1RB1K1 w - -,d1d8 b6d8 f3c6 b7b6 e1a5 e7a3 b1d1 d8c7 b2a3 c7c6,214
1r2r1k1/5Rpp/4qn2/2p1Nn2/1pN2P2/6QP/1P4P1/3R2K1 w - -,g3g5 f6e4 g5f5 e6f5 f7f5 b8d8 d1d7 b4b3 f5f7 d8d7,457
r4q2/ppp2pbk/2n2np1/4p2p/4P3/2N1B2P/PPP1BPP1/2QR2K1 w - -,g2g4 c6d4 e3d4 e5d4 d1d4 f6g4 d4d7 f8e8 c1d2 g7c3,41
8/2k5/6r1/PK2R1pp/8/6P1/5P2/8 w - -,e5e7 c7c8 e7h7 h5h4 g3h4 g5h4 h7h4 g6f6 f2f4 f6f5,509
r6r/3k2pp/pqn1p3/1pbb3Q/2p2B1N/8/PPB2PPP/R4RK1 w - -,h4f3 a8f8 f4g3 d7c8 a1d1 g7g6 h5h3 c8b7 f1e1 f8d8,-67
r1bqkb1r/pppnpp2/3p3p/6p1/3P4/2P2Nn1/PP1NPPPP/R2QKB1R w KQkq -,h2g3 e7e5 e2e4 d8f6 f1e2 d7b6 d2c4 b6c4 e2c4 f8e7,32
r1b2r2/1pp2pkp/3p1R2/p1nPp3/2P1P3/6P1/PP1N2BP/R5K1 w - -,f6f3 a5a4 f3a3 a8a6 b2b3 a4b3 a2b3 a6b6 g2f3 f7f5,-61
r2qk2r/1pp2pp1/p1np1n1p/2b1p2b/2B1P3/2NP1N1P/PPPB1PP1/R2Q1RK1 w kq -,c3d5 b7b5 c4b3 c6d4 g2g4 d4b3 d5f6 d8f6 a2b3 h5g6,-3
rn1q1rk1/1p2ppbp/2pp1np1/p7/P2PPBb1/2N2N2/1PP1BPPP/R2Q1RK1 w - -,h2h3 g4f3 e2f3 b8a6 f1e1 a6b4 f4e3 e7e5 d4e5 d6e5,53
8/2r2k1p/6p1/1p1pPpP1/p1pP1P1P/PrR5/1P1B4/1K6 w - -,d2e1 c7c8 e1d2 f7e6 c3c1 b3h3 d2e1 h3d3 e1c3 d3f3,-367
1k6/4R3/6r1/PK4pp/8/6P1/5P2/8 w - -,e7h7 g5g4 h7h5 b8b7 h5f5 g6g8 b5c4 g8d8 f5f4 d8d2,514
r3kN1r/ppp2ppp/2n5/8/8/2Nb3P/PP3PP1/R1B1K2R w KQkq -,c1g5 e8f8 a1d1 a8e8 g5e3 e8d8 e3f4 d8d7 f4c7 f8e7,-17
r2qk2r/1pp2pp1/p2p1n1p/2b1p2b/2BnP3/2NPBN1P/PPP2PP1/R2Q1RK1 w kq -,g2g4 f6g4 h3g4 h5g4 c4f7 e8f7 f3e5 d6e5 d1g4 d8c8,-9
r1bq1rk1/1p1nppbp/2pp1np1/p7/P2PPB2/2N2N2/1PP1BPPP/R2Q1RK1 w - -,e4e5 f6h5 f4d2 d6e5 d4e5 d7e5 f3e5 g7e5 e2h5 g6h5,56
8/6k1/6P1/1p3K2/1P6/5b2/1P3B2/8 w - -,f5g5 g7g8 f2d4 f3e2 g5f6 e2f1 g6g7 f1c4 f6e7 c4f1,21
1r1qr1k1/5pb1/3p2p1/p1p1n2p/2PpP3/PP1N4/2Q2PPP/1R1B1RK1 w - -,d1e2 d8e7 f2f4 e5g4 e2g4 h5g4 d3f2 b8b6 a3a4 d4d3,-41
R7/P5k1/8/6P1/r2K4/8/8/8 w - -,,0
8/6R1/2k4P/p7/4b3/PK6/8/8 w - -,d4c3 a4a6 c3b2 a6a5 b2b1 a5a4 g5g6 a4a6 b1c1 a6a2,Mate
rnb2rk1/1pq1ppbp/2pp1np1/p7/P2PPB2/2N2N2/1PP1BPPP/R2Q1RK1 w - -,e4e5 f6h5 f4d2 d6e5 d4e5 f8d8 e2c4 g7h6 d1e2 h6d2,65
3r1r1k/5p1p/pq3b2/1npp3Q/3P1B2/7P/BP4PK/R7 w - -,e2c4 b8d7 h2h3 e7e5 f4h2 e5d4 f3d4 d7c5 f1e1 f6e8,Mate
6k1/8/4K1P1/1p6/1P6/5b2/1P3B2/8 w - -,f2d4 f3e4 e6f6 e4d3 g6g7 d3f1 d4e5 f1e2 f6e7 e2d3,21
8/1K6/7Q/2r1k3/8/8/8/8 w - -,h6e3 e5d5 e3d3 d5e5 b7b6 c5d5 d3e3 e5f5 b6c6 d5e5,207
1k6/7R/6r1/PK4p1/7p/6P1/5P2/8 w - -,g3h4 g5h4 h7h4 g6f6 f2f4 b8c7 b5c4 c7d7 c4d4 f6d6,527
r1r3k1/pp2qppp/3bb3/8/1P2Ppn1/2P2N2/2Q2PPP/R2BRNK1 w - -,a1b1 a7a5 b4a5 d6c5 e1e2 e6c4 e2d2 c4f1 g1f1 c5f2,-170
8/8/4k3/p2p4/Pp1K3p/1P5P/6P1/8 w - -,d4c5 e6e5 c5b6 d5d4 b6a5 d4d3 a5b5 d3d2 a4a5 d2d1q,-781
r2qk2r/1pp2ppp/p1n1pn2/5b2/2BP1B2/2P1PN2/P4PPP/R2Q1RK1 w kq -,a1c1 e8h8 c4e2 f6e4 h2h3 a8c8 c3c4 d8e7 c4c5 c6b4,117
2rq1rk1/pp1b1pbp/3p1np1/3Pp3/n3P1P1/2N1BPNP/PPQ5/R3KB1R w KQ -,c2d2 a4c3 b2c3 h7h5 f1d3 h5h4 g3e2 f6h7 a2a4 f7f5,8
8/1K6/8/2r4Q/3k4/8/8/8 w - -,h5g4 d4d3 g4d1 d3e4 d1e2 e4d4 e2f2 d4d5 b7b6 c5c3,201
5r1r/3k2pp/pqn1p3/1pbb3Q/2p2B1N/8/PPB2PPP/3R1RK1 w - -,h5g5 c6d4 f4g3 d4c2 d1d5 e6d5 g5d5 c5d6 f1d1 c2b4,-201
r3kbnr/pbnp1ppp/1p6/2pP4/2P5/2NB4/PP2NPPP/R1B1K2R w KQkq -,c1f4 d7d6 h2h4 g8f6 e2g3 f6g4 h4h5 g4e5 f4e5 d6e5,162
R7/P5k1/r7/6P1/8/2K5/8/8 w - -,,0
r3k2r/pp2qpp1/2n1bb1p/2p5/3p4/3P1NPB/PPP1QP1P/R1B2RK1 w kq -,e2e6 f7e6 f1e1 e6e5 h3g2 e8h8 f3e5 c6e5 c1f4 e5f3,-469
1k6/7R/6r1/PK6/7p/8/5P2/8 w - -,h7h4 g6f6 f2f4 b8b7 b5c5 f6a6 h4h7 b7c8 h7f7 a6a5,529
4r1k1/5pp1/1Q3n2/P3p3/1P1p3q/3B1P2/4P2P/6RK w - -,a5a6 f6d5 b6c6 h4d8 c6h6 d8f6 h6f6 d5f6 a6a7 f6d5,601
8/1K6/8/2r5/7Q/3k4/8/8 w - -,h4g3 d3e2 g3g4 e2d3 g4d1 d3c4 b7b6 c5e5 d1d2 e5e4,196
r4rk1/1pq1npp1/p3p2p/P2pN3/3Pb3/2P5/1P3PPP/R2QRBK1 w - -,a1a4 a8b8 d1e2 f8d8 e2d2 e4f5 h2h4 e7g6 e5g6 f5g6,26
r1b2rk1/ppp2pb1/6pp/3P4/1PP1pq2/2N2N2/P3B1PP/R2QK2R w KQ -,c3e4 g7a1 d1a1 f4e4 a1d4 e4b1 e2d1 f8e8 e1f2 b1b4,-306
r3k2r/ppp2ppb/2n5/8/8/2N4P/PP3PP1/R1B1K2R w KQkq -,c1f4 e8a8 e1h1 c6b4 f4g3 d8d7 a2a3 b4d3 b2b4 b7b6,-26
r1bqk2r/pp2bppp/2n1pn2/3p4/3p4/2P1BNP1/PP2PPBP/RN1Q1RK1 w kq -,c3d4 d8b6 d1d2 f6e4 d2c2 e4d6 e3f4 c8d7 b1c3 a8c8,-3
rnb2rk1/p3ppbp/3p1np1/qppP4/2P2B2/4PN1P/PP1N1PP1/R2QKB1R w KQ -,f4g5 c8a6 c4b5 a6b5 f1b5 a5b5 e3e4 b5b2 e1h1 b8d7,-109
rn1qkb1r/pb3ppp/1p2p3/3nN3/3P4/2N5/PP3PPP/R1BQKB1R w KQkq -,f1b5 e8e7 d1h5 g7g6 c1g5 f7f6 e5g6 h7g6 h5h8 b8d7,524
4r1k1/1b2r2p/pq2NRp1/1p1pQ3/8/P2R4/1PP3PP/7K w - -,f1c4 d5c3 b2c3 b8c6 c4b5 a8c8 d1a4 a7a6 b5c6 b7c6,Mate
1k6/8/8/PK4r1/7R/8/5P2/8 w - -,b5c6 g5f5 f2f4 b8a7 h4g4 a7a6 c6d6 f5a5 g4g5 a5a2,536
r1bqr1k1/1pp2p1p/2np2p1/p1b5/2P2P2/2NBPQ2/PP4PP/R1B2RK1 w - -,a2a3 c6e7 g1h1 e7f5 e3e4 f5d4 f3d1 f7f5 c1e3 c7c6,64
r2qk2r/1p3pp1/p1pp1n1p/4p2b/2BbP3/2NP1N1P/PPP2PP1/1R1Q1RK1 w kq -,g2g4 b7b5 c4b3 d4c3 b2c3 h5g6 f3h4 g6h7 h4g2 e8h8,-21
rnbq1rk1/1p2ppbp/2pp2p1/p6n/P2PPB2/2N2N2/1PP1BPPP/R2Q1RK1 w - -,f4g5 h5f6 h2h3 b8d7 g5e3 e7e5 d4e5 d6e5 d1d6 f8e8,88
r3k2r/pp3pp1/2n1qb1p/2p5/3p4/3P1NP1/PPP1QP1P/R1B2RK1 w kq -,e2d2 e8h8 d2d1 e6d5 f3d2 f8e8 d2e4 f6e7 e4d2 e7f8,-73
3r1r1k/5p2/pq3b1p/1npp3Q/3P1B2/7P/1P4PK/RB6 w - -,e2d2 e8h8 d2d1 e6d5 f3d2 f8e8 d2e4 f6e7 e4d2 e7f8,Mate
8/8/8/2K2k2/8/3PR3/8/2r5 w - -,c5d5 c1c8 e3f3 f5g4 f3f6 c8d8 f6d6 d8h8 d3d4 g4f5,525
3Q4/1K6/8/2r5/4k3/8/8/8 w - -,b7b6 c5f5 d8d2 e4f3 d2h6 f5f4 b6c5 f4e4 c5d5 e4a4,197
r2qr1k1/2pb1pb1/2np2pp/pp1NP3/4PB2/2Q2N1P/PPP2PP1/R3R1K1 w - -,f4h6 b5b4 c3e3 c6e5 h6g7 e5f3 e3f3 g8g7 f3e3 c7c5,153
8/7R/1k6/p7/8/PK6/8/8 w - -,c3e3 g6g5 f4g3 d6e5 a1d1 e8e6 d1d2 e6d6 e1d1 d7e8,Mate
8/2r3kp/6p1/1p1pPpP1/p2P1P1P/PpB5/1P6/1K6 w - -,c3b4 c7c2 e5e6 c2e2 b1c1 e2e6 c1d2 e6e4 b4d6 e4d4,-645
r3k2r/pp4p1/2n1pb1p/2p5/3p4/3P1NP1/PPP2P1P/R1B2RK1 w kq -,h2h4 e8d7 f1e1 e6e5 e1e2 b7b5 b2b3 d7e6 a2a4 a7a6,14
1r4k1/rpqnpp1p/p1p3p1/2Pp4/3P4/1R1PPN2/PQ3PPP/1R4K1 w - -,h2h4 a6a5 a2a4 h7h5 g2g3 d7f6 g1g2 g8g7 b3b6 f6g4,157
rq2k1r1/4nNp1/1bn1p3/p2pP1NQ/5B2/P7/1P3PPP/2R2RK1 w - -,c1c6 b6c5 c6c5 e8d7 h5g4 e7f5 g5e6 g7g6 e6c7 b8b6,1053
3b2k1/pr3ppp/bqp1pn2/8/2P5/N4B1P/PPQ2PP1/1R2B1K1 w - -,c2a4 b7b8 c4c5 b6b7 f3c6 b7c8 b2b4 a6b7 c6b7 c8b7,286
r1bq1rk1/pp3pbp/2p2np1/2p1p3/P3P3/2NP1N1P/1PP2PP1/R1BQK2R w KQ -,a4a5 d8e7 c1e3 f8d8 d1c1 f6d7 e1h1 d7f8 e3h6 g7h6,50
r3k2r/1p3pp1/pqpp1n1p/4p2b/2BbP3/2NP1N1P/PPP2PP1/1R1QR1K1 w kq -,e1f1 e8a8 g2g4 h5g6 d1d2 h8e8 b1e1 d4c3 d2c3 b6c7,-32
r2r2k1/pp1bqppp/3b4/4n3/1P1NP3/1BP2p1P/3Q1PP1/R3RNK1 w - -,d2e3 f3g2 f1g3 d7h3 f2f4 e5g4 g3f5 g4e3 f5e7 d6e7,-58
r3k2r/pp3pp1/1q2p3/3pPnP1/1P1n4/2PQ1N1p/P4PP1/R3R1K1 w kq -,f3d4 f5d4 c3d4 h3g2 a1c1 b6b4 g1g2 b4e7 d3d2 a8d8,-37
2r2rk1/pp1b1pbp/3p1np1/q2Pp3/4P1P1/2P1BPNP/P2Q4/R3KB1R w KQ -,c3c4 a5a3 a1b1 d7a4 e1f2 b7b5 c4c5 c8c5 e3c5 a3c5,89
3r1rk1/5p2/pq3b1Q/1npp4/3P1B2/7P/1P4PK/RB6 w - -,c3c4 a5a3 a1b1 d7a4 e1f2 b7b5 c4c5 c8c5 e3c5 a3c5,Mate
rq2k1r1/5Np1/1bn1p3/p2pP1NQ/5B2/P7/1P3PPP/5RK1 w - -,f7d6 e8d8 g5e6 d8d7 h5g4 b8c8 d6c8 b6f2 f1f2 g8c8,1144
8/8/7p/p1p3p1/P1B3PP/1Pk3K1/8/2b5 w - -,,0
r2q1rk1/1pp2ppp/p3p1b1/2bpP3/5P2/PP1BP2R/1BP3PP/R2Q2K1 w - -,d1g4 d8e7 a1f1 a8d8 f1f3 c5a3 d3g6 f7g6 b2a3 e7a3,69
2kr3r/1p3pp1/pqpp1n1p/4p2b/2BbP3/2NP1N1P/PPP2PP1/1R1Q1RK1 w - -,g2g4 h5g6 d1d2 h8e8 b1e1 d4c3 d2c3 f6h7 e1e3 c8b8,-42
8/7R/8/p1k5/K7/P7/8/8 w - -,g2g4 h5g6 d1d2 h8e8 b1e1 d4c3 d2c3 f6h7 e1e3 c8b8,Mate
r2q1rk1/1p3ppn/8/2p1P3/3pb1Pp/P2P3P/2P3BQ/R1R4K w - -,a1b1 e4g2 h2g2 h7g5 c1f1 a8a3 b1b7 a3a6 b7b5 d8a8,-539
r1b2rk1/ppp2pb1/6pp/3Pq3/1PPNp3/2N5/P3B1PP/R2QK2R w KQ -,c3b5 a7a6 b5c7 e5c7 e1h1 c7b6 c4c5 b6b4 d4b3 a6a5,-218
1rr3k1/p4p1p/3PqBpQ/1pp1n3/8/8/PP2B1PP/5RK1 w - -,c3b5 a7a6 b5c7 e5c7 e1h1 c7b6 c4c5 b6b4 d4b3 a6a5,Mate
1rbqnrk1/1pp1n1bp/p2p2p1/3Ppp2/2P1P2P/2N1BPN1/PP1Q2P1/2KR1B1R w - -,e4f5 g6f5 e3g5 e8f6 h4h5 d8e8 d1e1 b7b5 f1d3 c8d7,80
r6r/pp3kp1/2n1pb1p/2p5/3p4/3P1NP1/PPP2P1P/R1B1R1K1 w - -,e1e4 e6e5 a2a4 a7a6 a4a5 h8f8 c1d2 f7e6 g1g2 f8f7,25
8/7R/3k4/K7/8/P7/8/8 w - -,g1g2 e6e5 e1e4 b7b5 c1d2 h8e8 h2h4 f7e6 g3g4 e6d5,Mate
rnb2rk1/4ppbp/p2p1np1/qPpP4/5B2/4PN1P/PP1N1PP1/R2QKB1R w KQ -,d1b3 b8d7 e3e4 f6e4 f1c4 a6b5 c4b5 c8a6 b5d7 f8b8,-209
r3k2r/pp3pp1/1q2p3/3pP1P1/1P1n4/2PQ3p/P4PP1/R3R1K1 w kq -,c3d4 h3g2 a1c1 b6b4 g1g2 h8h4 e1d1 b4e7 d3g3 h4h8,-46
3b2k1/p2r1ppp/bqp1pn2/8/1PP5/N4B1P/P1Q2PP1/1R2B1K1 w - -,c2a4 a6b7 c4c5 b6c7 a3c4 a7a6 c4d6 d7d6 c5d6 c7d6,200
2r5/8/8/3K1k2/8/3PR3/8/8 w - -,e3f3 f5g4 f3f6 c8c2 d3d4 g4g5 f6f1 c2e2 d5d6 e2a2,574
1k6/8/8/P1K3r1/7R/8/5P2/8 w - -,c5c6 g5f5 f2f4 b8a7 h4g4 a7a6 c6d6 f5b5 g4g5 b5b4,517
3r2k1/pp1q1p2/2prpbp1/8/P1PPR3/1PB3P1/1Q3PK1/4R3 w - -,e1h1 f6d4 b2d2 d4c3 d2c3 d6d4 e4h4 g8f8 h4h8 f8e7,48
8/1K6/8/2r5/3k4/1Q6/8/8 w - -,b7b6 c5c3 b3b2 d4c4 b6c6 c3d3 b2f2 d3c3 c6d6 c3d3,194
1r3rk1/1pq1npp1/p3p2p/P2pN3/R2Pb3/2P5/1P3PPP/3QRBK1 w - -,d1e2 e4f5 e2e3 f8c8 e1a1 c7d8 a4b4 e7c6 e5c6 c8c6,31
2kr3r/qp3pp1/p1p2n1p/3pp2b/N2bP3/1B1P1N1P/PPP2PP1/1R1Q1RK1 w - -,e4d5 f6d5 b3d5 d8d5 d1e2 f7f6 c2c3 d4b6 c3c4 d5d7,-13
2k5/pp3ppp/2n5/3rPb2/1b2nB2/7N/PP2PPPP/R2K1B1R w - -,f4d2 d5d2 d1c1 d2d5 e2e3 d5c5 c1d1 f5h3 g2h3 e4f2,Mate
r1b2rk1/1pp2pb1/p5pp/1N1Pq3/1PPNp3/8/P3B1PP/R2QK2R w KQ -,b5a3 e5d4 d1d4 g7d4 e1a1 d4c3 a3c2 h6h5 c4c5 g8g7,-279
r2qr1k1/2pb1pb1/2n3pp/pp1Np3/4PB2/4QN1P/PPP2PP1/R3R1K1 w - -,a1d1 e5f4 d5f4 d8c8 e3d3 c6e5 f3e5 g7e5 f4g6 f7g6,-315
5r2/1p4kp/p5p1/4P1n1/1P6/8/P4qPP/3RQ2K w - -,e1f2 f8f2 h2h4 g5e6 d1d6 e6f8 e5e6 g7f6 d6b6 f2a2,-360
rnbq1rk1/1p2ppb1/2pp2pp/p5Bn/P2PP3/2N2N2/1PP1BPPP/R2Q1RK1 w - -,g2g4 c8g4 g5e3 b8d7 d1d2 g4h3 f1d1 g8h7 g1h1 d7f6,-139
r3r3/pp3kp1/2n1pb1p/2p5/3p1B2/3P1NP1/PPP2P1P/R3R1K1 w - -,f4e5 a8c8 b2b3 e8d8 e1e2 d8d5 a1e1 c6e5 f3e5 d5e5,14
1k6/8/8/P3K1r1/7R/8/5P2/8 w - -,e5e6 g5a5 h4c4 a5a6 e6f7 a6a7 f7g6 a7a6 g6g5 a6a5,509
8/2r3kp/6p1/3pPpP1/pp1P1P1P/PpB5/1P6/2K5 w - -,c1d2 b4c3 b2c3 g7f7 d2d3 c7b7 d3e3 b3b2 c3c4 b2b1q,-1198
rq1k2r1/6p1/1bnNp3/p2pP1NQ/5B2/P7/1P3PPP/5RK1 w - -,c1d2 b4c3 b2c3 g7f7 d2d3 c7b7 d3e3 b3b2 c3c4 b2b1q,Mate
2kr3r/qp3pp1/p1p2n1p/3pp2b/N3P3/1BPP1N1P/PP3bP1/1R1Q1RK1 w - -,f1f2 d5e4 c3c4 e4f3 c4c5 d8d4 a4b6 c8d8 d1c2 f6d7,-147
r2qr1k1/2pb2b1/2n2ppB/pp1Np3/4P3/4QN1P/PPP2PP1/R3R1K1 w - -,a1d1 c6b4 d5b4 a5b4 f3h4 e8e7 h4g6 e7f7 d1d3 d8e8,342
r2qk2r/1bpnb1pp/1p1pp3/p4p2/2PP1B2/P1nBPN1P/1P3PP1/2RQ1RK1 w kq -,d1c2 c3e4 c4c5 b6c5 d4c5 e4c5 f3d4 a5a4 d3c4 d6d5,-389
1k6/8/5K2/P7/7R/8/5P2/6r1 w - -,h4a4 b8b7 a5a6 b7a8 f2f4 g1g4 f6e5 g4h4 a6a7 h4h6,600
r1b2rk1/1pq2pb1/p5pp/3P4/1PPNp3/8/P3B1PP/R2QK2R w KQ -,d1d2 e4e3 d2c3 f8e8 c4c5 c7e5 e1a1 e5d5 h1f1 d5e5,-322
2kr3r/qp3pp1/p1p2n1p/4p2b/N3p3/1BPP1N1P/PP3RP1/1R1Q2K1 w - -,c3c4 e4f3 c4c5 d8d4 a4b6 c8d8 d1e1 a7b8 b3d1 d4d3,-157
2r5/8/8/3K4/6k1/3P1R2/8/8 w - -,f3f6 c8c2 d3d4 g4g5 f6e6 g5f5 d5d6 c2d2 d4d5 d2d3,574
8/2r3kp/6p1/3pPpP1/1P1P1P1P/ppB5/1P6/2K5 w - -,c1d2 a3a2 b4b5 a2a1q b5b6 c7b7 h4h5 g6h5 d2e3 b7b6,-9605
r2qk2r/1bpn2pp/1p1ppb2/p4p2/2PP1B2/P1RBPN1P/1P3PP1/3Q1RK1 w kq -,c3c1 e8h8 f4h2 d8e7 d3c2 g7g6 f1e1 e6e5 c2a4 e5e4,3
8/4K1k1/8/3n4/5Q2/8/8/8 w - -,e7e6 d5f4 e6e5 f4h5 e5f5 g7f7 f5e5 h5g7 e5d6 f7f6,-11
r2qr3/2pb2k1/2n2pp1/pp1Np3/4P3/4QN1P/PPP2PP1/R3R1K1 w - -,e1d1 e8e6 d1d2 a8a6 a1d1 e6d6 d5c7 d6d2 e3d2 d8c7,283
r4rk1/3bqpp1/n1pp1n2/4p2p/1PP1P3/3N1PP1/2QN2BP/R4RK1 w - -,h2h4 d6d5 c2c3 d5e4 d2e4 f6e4 f3e4 f7f6 g2f3 a6c7,16
5n2/R6p/p5pk/8/1r5P/6P1/P4K2/8 w - -,a7a8 f8d7 a8a6 h6h5 a6a7 d7f6 f2f3 h7h6 a7a3 f6g4,-351
4rn1r/p4kbp/4pnp1/1Ppp4/5B2/q1NB3P/P1PQ1PP1/R3R1K1 w - -,b5b6 a7b6 c3b5 a3a5 b5d6 f7e7 d2a5 b6a5 d6e8 f6e8,217
1r1r2k1/1pq1npp1/p3p2p/P2pN3/R2Pb3/2P5/1P2QPPP/4RBK1 w - -,e2e3 d8e8 e1a1 b8d8 e3g3 f7f6 e5g6 e6e5 g6e7 e8e7,27
r2qk2r/1pp2ppp/p3pn2/4nb2/2BP1B2/2P1P3/P4PPP/R2Q1RK1 w kq -,f4e5 e8h8 f2f3 f6d7 e5g3 h7h5 h2h4 f5g6 c4e2 c7c5,121
1k6/8/5K2/P7/2R5/8/5P2/r7 w - -,f2f4 a1a5 f4f5 a5a2 f6e6 a2e2 e6d6 e2f2 d6e5 b8b7,607
r3r3/pp3kp1/4pb1p/2p1n3/3p4/3P1NP1/PPP2P1P/R3R1K1 w - -,f3h4 g7g5 f2f4 g5f4 e1e4 f4g3 h2h3 f7e7 g1g2 f6h4,-516
2k4r/q4pp1/p1p2n1p/1p2p2b/N3p3/1BPr1N1P/PP2QRP1/1R5K w - -,g2g4 b5a4 b3a4 d3f3 f2f3 e4f3 e2f3 h5g6 f3c6 c8b8,-323
8/2B4p/p5p1/3k1bP1/p4P2/1P4P1/1KP5/8 w - -,b3a4 d5c4 c2c3 f5d7 a4a5 d7e6 b2c2 e6f5 c2d2 f5e6,6
rnbq1rk1/1pp1bppp/p2ppn2/8/3PP3/P2B1N2/1PP2PPP/RNBQ1RK1 w - -,c2c4 e6e5 d4d5 b8d7 b1c3 f6h5 f1e1 h5f4 d3f1 f4g6,81
3r4/8/5R2/3K4/6k1/3P4/8/8 w - -,f6d6 d8e8 d6e6 e8f8 d5e4 f8d8 d3d4 d8c8 e4e5 g4f3,574
2k4r/q4pp1/p1p2n1p/1p2p2b/N3p3/2P1rN1P/PPB1QRP1/1R5K w - -,e2f1 e4f3 g2g4 h5g6 c2g6 f7g6 b2b3 c8c7 a4b2 e5e4,-403
1k6/8/5K2/P4P2/2R5/8/8/r7 w - -,c4c5 a1b1 f6e6 b8b7 f5f6 b1e1 c5e5 e1c1 f6f7 c1c8,678
r3r3/pp3kp1/4p2p/2p1b3/3p4/3P2P1/PPP2P1P/R3R1K1 w - -,h2h4 e5d6 e1e4 e6e5 g1g2 e8e6 f2f3 a8f8 a2a4 c5c4,-440
rnbqkbnr/p4ppp/1p2p3/3p4/3P4/1QN5/PP2PPPP/R1B1KBNR w KQkq -,e2e4 g8f6 e4e5 f6e4 c3e4 d5e4 f1b5 c8d7 g1e2 d7b5,72
rnbq1rk1/pp2ppbp/3p1np1/2pP4/2P5/4PN2/PP1N1PPP/R1BQKB1R w KQ -,e3e4 e7e6 f1d3 e6d5 c4d5 c8g4 h2h3 g4f3 d1f3 b8d7,-7
8/7p/p2B2p1/6P1/P1k1bP2/6P1/1KP5/8 w - -,d6c7 e4f5 c7d8 f5d7 a4a5 d7e6 d8b6 e6g4 b6f2 g4f5,5
2kr4/q4pp1/p1p2n1p/1p2p2b/N3p3/2P1rN1P/PPB2RP1/1R1Q3K w - -,d1c1 e4f3 c3c4 b5a4 c4c5 f6d5 c2a4 f3g2 h1g1 e3h3,-493
r1r3k1/p4ppp/8/B1pp1B2/8/1b2P1P1/5P1P/3R2K1 w - -,d1e1 c8c6 e1b1 c6a6 a5c7 c5c4 c7e5 a6a2 f5d7 a8d8,-453
5r1r/3kn1pp/pq2p3/1pbb4/2p2BQN/8/PPB2PPP/3R1RK1 w - -,c2e4 h7h5 g4g5 d7c8 e4f3 h8g8 f4e5 d5f3 h4f3 f8f5,-44
1r4k1/1pq1npp1/p2rp2p/P2pN3/R2Pb3/2P5/1P2QPPP/R4BK1 w - -,e2e3 e4c2 a4b4 e7c6 e5c6 d6c6 f1e2 g8f8 h2h4 f8g8,28
8/8/8/8/8/K1rk4/1Q6/8 w - -,a3b4 c3c4 b4b3 c4f4 b2c3 d3e4 b3c4 f4f3 c3d4 e4f5,178
r4rk1/3bqppn/n1pp4/4p3/1PP1P1Pp/3N1P2/2QN2BP/RR4K1 w - -,c2b2 a6c7 c4c5 a8a1 b1a1 f7f6 h2h3 d6c5 d3c5 f8b8,-41
r4rk1/pp1qppbp/4n1p1/2ppP3/P2P4/2P2N1P/1P3PP1/R1BQR1K1 w - -,d4c5 e6c5 c1e3 a8c8 a4a5 e7e6 d1e2 f8e8 g2g3 d7c7,29
r3r3/p4kp1/1p2p2p/2p1R3/3p4/3P2P1/PPP2P1P/R5K1 w - -,g1g2 a8c8 b2b3 c8d8 a1e1 d8d5 e5d5 e6d5 e1e8 f7e8,67
r3rnk1/3bqp1p/pp2p1pQ/3pP3/3P4/2NBP2R/PP4PP/5RK1 w - -,c3d1 b6b5 d1f2 f7f5 e5f6 e7f7 h3g3 e6e5 e3e4 d7e6,418
3b2k1/p1q2ppp/2Pr4/1R1p4/8/7P/P1Q2PP1/4B1K1 w - -,b5b7 d6e6 e1d2 c7c6 c2c6 e6c6 b7b8 f7f6 b8d8 g8f7,475
8/7p/p5p1/P1B3P1/2b1kP2/K1P3P1/8/8 w - -,a3b4 e4d5 c5d4 c4f1 b4b3 f1b5 d4e5 b5e2 b3c2 e2c4,7
5r2/8/3R4/3K4/6k1/3P4/8/8 w - -,d3d4 g4f5 d6d7 f5f6 d5c6 f8a8 d7b7 a8a6 b7b6 a6a5,574
rq4r1/3k2p1/1b1NN3/p2pn3/5BQ1/P7/1P3PPP/5RK1 w - -,d6a6 g4f5 d3d4 f8c8 a6c6 c8a8 c6c5 a8a6 c5b5 a6a4,Mate
r2q1rk1/1pp2ppp/pb2p1b1/3pP3/1P3P2/P2BP2R/1BP3PP/R2Q2K1 w - -,d1g4 d8e7 a1f1 a6a5 b4b5 c7c6 f4f5 e6f5 d3f5 g6f5,27
3r2k1/pp1q1p2/2prp1p1/8/P1PbR3/1PB3P1/1Q3PK1/7R w - -,b2d2 d4c3 d2c3 d6d4 e4h4 g8f8 h4h8 f8e7 h8d8 d7d8,52
2kr4/q4pp1/p1p2n1p/1p2p3/N7/2P2b1P/PPr2R2/1R3QK1 w - -,b2d2 d4c3 d2c3 d6d4 e4h4 g8f8 h4h8 f8e7 h8d8 d7d8,Mate
1r4k1/1pq1npp1/p1r1p2p/P2p4/R1NPb3/2P5/1P2QPPP/R4BK1 w - -,c4e5 c6d6 e2e3 e4c2 a4b4 e7c6 e5c6 d6c6 f1e2 g8f8,31
rnbq1rk1/2p1bppp/pp1ppn2/8/2PPP3/P2B1N2/1P3PPP/RNBQ1RK1 w - -,e4e5 f6d7 d3c2 d6e5 d4e5 f8e8 d1e2 c8b7 b1c3 d7f8,98
r1b1kb1r/2p1pppp/p1pq1n2/4N3/3P4/2N5/PPP2PPP/R1BQK2R w KQkq -,e1h1 f6d7 e5c4 d6g6 c1f4 d7b6 c4e3 a8a7 f1e1 h7h5,188
2r1r3/p4kp1/1p2p2p/2p1R3/3p4/3P2P1/PPP2P1P/4R1K1 w - -,b2b3 b6b5 g1g2 c8c6 g2f3 f7e7 f3e4 e7d6 a2a3 g7g5,67
4r1k1/pp4r1/1b2p3/6q1/7Q/7R/P3n1PP/3R3K w - -,g2g3 g5h4 h3h4 e8f8 a2a4 e6e5 a4a5 b6d4 a5a6 b7b5,-656
5k2/p1p2rq1/1p2Q2R/4P3/8/P7/1PP4P/7K w - -,g2g3 g5h4 h3h4 e8f8 a2a4 e6e5 a4a5 b6d4 a5a6 b7b5,Mate
r5r1/3k2p1/1b1qN3/p2pB3/6Q1/P7/1P3PPP/5RK1 w - -,g2g3 g5h4 h3h4 e8f8 a2a4 e6e5 a4a5 b6d4 a5a6 b7b5,Mate
2kr4/q4pp1/p1p2n1p/4p3/pP6/2P2b1P/P1r2R2/1R3QK1 w - -,g2g3 g5h4 h3h4 e8f8 a2a4 e6e5 a4a5 b6d4 a5a6 b7b5,Mate
r1bq1rk1/1p1nppb1/2pp2pp/p6n/P2PP3/2N1BN2/1PP1BPPP/R2Q1RK1 w - -,f3d2 h5f6 f2f4 e7e6 h2h3 b7b6 e3f2 c8b7 f2h4 d8c7,130
8/2r3kp/6p1/3pPpP1/1P1P1P1P/1pB5/pP6/1K6 w - -,f1e1 h5f6 f3d2 b7b6 e2f1 e7e5 h2h3 e5d4 e3d4 c8a6,Mate
r3k2r/pp3pp1/4p3/3pP1P1/1P1q4/2P4p/P4PP1/R3R1K1 w kq -,c3d4 a8c8 e1c1 c8c4 f2f4 a7a6 c1c4 h3h2 g1h1 d5c4,-57
rnb2rk1/4ppbp/P2p2p1/q1pn4/5B2/4PN1P/PP1N1PP1/R2QKB1R w KQ -,d1c1 b8a6 f1c4 d5f4 e3f4 a5b4 b2b3 b4b6 e1h1 a6c7,-319
r3kb1r/ppp2ppp/2n1q3/4p2b/8/2NP1N1P/PPP2PP1/R1BQK2R w KQkq -,e1h1 h7h6 c3e4 f7f5 e4g3 h5f7 f1e1 e8a8 c1d2 e6f6,-96
5r2/8/3R4/3K1k2/3P4/8/8/8 w - -,d6d7 f5f6 d5c6 f8a8 d7b7 a8a6 b7b6 a6a5 c6d6 a5a7,574
4r1k1/4r1pn/7p/2pqNP2/1pNn1QP1/1P2R2P/5K2/3R4 w - -,d1e1 d4c2 e3d3 h7g5 d3d5 g5h3 f2g3 h3f4 g3f4 c2e1,-147
r1bqk1nr/pp3pbp/3p2p1/4p3/2PpP3/3P2P1/PP3PBP/R1BQK1NR w KQkq -,g1h3 g8f6 e1h1 h7h5 c1g5 d8b6 b2b4 b6b4 f2f4 c8g4,-22
r4rk1/1b1pqpbp/p5pn/1pp2p2/4P3/2PPB1PN/PP2Q1BP/4RRK1 w - -,e4f5 b7g2 e2g2 h6f5 e3g5 e7d6 g3g4 f5h6 h3f2 f7f6,72
2br2k1/p1q4p/1p3np1/6P1/5P2/1P4P1/PBP1Q3/2K1R3 w - -,b2f6 d8f8 e2h2 c8f5 e1e7 c7e7 f6e7 f8c8 e7f6 c8c2,662
rnbq1r2/1p2ppbk/2pp2pp/p6n/P2PP3/2N1BN2/1PP1BPPP/R2Q1RK1 w - -,e4e5 b8a6 h2h3 d6e5 d4e5 d8d1 a1d1 g6g5 e2d3 h7g8,131
r2qkbnr/pp2pppp/2np4/8/4P3/2PBBb1P/PP3PP1/RN1QK2R w KQkq -,d1c2 f3g2 h1h2 g2f3 c2b3 d8c7 a2a4 f3h5 a4a5 a7a6,-402
2r1r3/p4kp1/4p2p/1pp1R3/3p4/1P1P2P1/P1P2P1P/4R1K1 w - -,g1g2 c8c6 g2f3 f7e7 f3g4 e8f8 f2f4 g7g6 a2a3 f8f5,51
4r2Q/pp3kr1/1b2p3/6q1/8/7R/P3n1PP/3R3K w - -,d1d7 e8e7 h3f3 f7g6 h8c8 g5c5 c8c5 b6c5 d7d3 g7f7,-719
5r1r/3k2pp/pq2p3/1pbb4/1np2BQN/8/PPB2PPP/3R1RK1 w - -,g2g3 d7c8 c2b1 c8b7 g4g7 b7a8 h4g2 h7h5 f4e3 c5e3,-63
4r1k1/1b2r3/pq2N1p1/1p1pQ3/8/P2R4/1PP3PP/7K w - -,g2g3 d7c8 c2b1 c8b7 g4g7 b7a8 h4g2 h7h5 f4e3 c5e3,Mate
8/8/8/p1Kpk3/Pp5p/1P5P/6P1/8 w - -,c5b5 d5d4 b5c4 e5e4 c4b5 d4d3 b5a5 e4e5 a5b4 d3d2,-1442
rn1qkb1r/pb3ppp/1p3n2/3pN3/3P4/2N5/PP3PPP/R1BQKB1R w KQkq -,f1b5 f6d7 e1h1 f8b4 e5d7 b8d7 d1g4 e8h8 g4d7 d8d7,424
8/2r3k1/6pp/3pPpP1/1P1P1P1P/1pB5/pP6/K7 w - -,d1f3 a7a6 f1c4 f8e7 c1g5 b8d7 e1h1 h7h6 g5h4 e8h8,Mate
1r2r3/2qnppkp/ppp3p1/2Pp4/3P4/Q2PPN2/P4PPP/1R3RK1 w - -,c5b6 b8b6 b1b6 c7b6 f1c1 a6a5 g2g3 f7f6 a3a4 e8c8,78
r5r1/2k3p1/1b1q4/p2pB3/3N2Q1/P7/1P3PPP/5RK1 w - -,h2h3 b6c5 d4c5 b8b5 a3c3 g7g8 d3d4 e8b8 c3c2 c7b7,Mate
2r2rk1/p4ppp/3Rp3/1p2P3/2q1p3/B1P1P1P1/P4P1P/3Q2K1 w - -,d6d4 c4a2 a3f8 c8f8 d4e4 a7a5 e4d4 h7h6 d1d3 f8b8,-32
8/5k2/ppp2p1p/6p1/7P/4R1P1/PPPrPPK1/8 w - -,e3c3 c6c5 g2f3 g5h4 g3h4 d2d1 a2a4 d1d4 a4a5 b6a5,110
r3k2r/pp3pp1/4p3/3pP1P1/1P1P4/8/P4Pp1/R3R1K1 w kq -,g1g2 e8d7 e1e3 a8c8 e3f3 d7e7 g5g6 f7g6 f3a3 c8c4,-25
2r3k1/1R3ppp/p7/B1pp4/2b5/4P1P1/5P1P/6K1 w - -,a5b6 g7g5 f2f3 g8g7 b7c7 c8c7 b6c7 c4d3 c7b6 c5c4,-152
4r3/2qnppkp/prp3p1/3p4/3P4/Q2PPN2/P4PPP/1R3RK1 w - -,f1c1 b6b1 c1b1 c6c5 b1c1 c5c4 a3a6 d7b6 a6b5 e8a8,68
4r3/p4kp1/2r1p2p/1pp1R3/3p4/1P1P2P1/P1P2PKP/4R3 w - -,g2f3 f7e7 h2h4 g7g6 g3g4 e7d6 a2a3 c6a6 b3b4 c5c4,71
r5r1/6p1/1b1k4/p2p4/3N2Q1/P7/1P3PPP/5RK1 w - -,g3g4 e8c8 f2f4 c6a6 e1a1 c5c4 g2f3 c4b3 c2b3 c8c3,Mate
5k2/pbq2pp1/1p1b4/8/8/2P1B1Pp/PP1N1P1P/3R1RK1 w - -,e3d4 f7f5 f1e1 c7c6 f2f3 d6c5 d4f2 c5e7 f2d4 e7g5,-109
8/2r3k1/6p1/1P1pPpp1/3P1P1P/1pB5/pP6/K7 w - -,e3d4 f7f5 f1e1 c7c6 f2f3 d6c5 d4f2 c5e7 f2d4 e7g5,Mate
2k1r2r/pp3pp1/P1p3p1/2Ppb2q/8/6P1/1P3PQP/R3RBK1 w - -,a1a4 c8c7 h2h3 h5f5 a6b7 c7b7 e1e3 b7a8 e3f3 f5e6,66
rnbq1rk1/1p2ppb1/2p3pp/p2p3n/P2PP3/2N1BN2/1PP1BPPP/R2Q1RK1 w - -,e4e5 g8h7 h2h3 f7f6 e2d3 c8f5 d3f5 g6f5 e5e6 f5f4,261
7Q/pp1Rrkr1/1b2p3/6q1/8/7R/P3n1PP/7K w - -,h8h5 g5h5 d7e7 f7e7 h3h5 g7f7 g2g3 f7f1 h1g2 f1f2,-836
4r3/3nppkp/pqp3p1/3p4/3P4/Q2PPN2/P4PPP/5RK1 w - -,f1c1 a6a5 g2g3 f7f6 g1g2 g7f7 a3c3 e8b8 h2h4 h7h5,57
r5r1/2k3p1/1b2Q3/p2p4/3N4/P7/1P3PPP/5RK1 w - -,a3c3 e8b8 g2g3 b6b5 f1c1 b8b6 c3a3 g7f8 g1g2 f7f6,Mate
r1bqk1nr/pp3pb1/3p2p1/4p2p/2PpP2P/3P2P1/PP3PB1/R1BQK1NR w KQkq -,g2h3 b7b5 b2b3 b5c4 b3c4 g8f6 a1b1 e8h8 a2a4 f6g4,-25
rn2k2r/1bq2ppp/p3pn2/1p4B1/3N4/1BN1Q3/PPP2PPb/R3K2R w KQkq -,h1h2 b8c6 g5f4 c7b6 d4c6 b6e3 f4e3 b7c6 f2f3 e8h8,406
rnbqk1nr/pp2ppb1/2pp2pp/8/3PP2P/2N2N2/PPP2PP1/R1BQKB1R w KQkq -,c1f4 g8f6 d1d2 d8a5 f1c4 b7b5 c4d3 b8d7 e1h1 f6g4,65
5r1r/3k2pp/pqn1p3/1p1b4/2pb1BQN/8/PPB2PPP/3R1RK1 w - -,a2a4 d7c8 h4f3 h7h5 g4h4 d4b2 f4e3 b6c7 h4h3 f8d8,-67
R7/P5k1/8/8/6P1/7K/8/r7 w - -,,0
2r5/6k1/6p1/1P1pPpP1/3P1P2/1pB5/pP6/K7 w - -,g4g5 a1a4 h3g2 a4a3 g2f2 a3a5 f2e2 a5a2 e2e3 a2a4,Mate
1k2r2r/pP3pp1/2p3p1/2Ppb2q/8/6P1/1P3PQP/R3RBK1 w - -,a1a6 e5d4 e1e8 h8e8 a6c6 h5f5 b2b4 b8b7 c6d6 b7c7,25
2r2rk1/p4ppp/4p3/1p2P3/3Rp3/B1q1P1P1/P4P1P/3Q2K1 w - -,a3f8 c8f8 d1b1 c3c6 a2a4 b5a4 b1e4 c6c1 g1g2 a4a3,-38
r3kb1r/pppq1ppp/2n5/4p2b/4N3/3P1N1P/PPP2PP1/R1BQK2R w KQkq -,e4g3 h5g6 c1d2 e8a8 f3h4 f7f5 d2c3 f8e7 h4g6 h7g6,-109
r5r1/1k4p1/1b2Q3/p2p4/3N4/P7/1P3PPP/2R3K1 w - -,e4g3 h5g6 c1d2 e8a8 f3h4 f7f5 d2c3 f8e7 h4g6 h7g6,Mate
r1bqr1k1/pp2nppp/5n2/3p4/3Pp3/2B1P1PP/PP2NPB1/R2Q1RK1 w - -,a2a4 e7g6 a4a5 h7h5 d1b3 h5h4 e2f4 h4g3 f2g3 g6f4,-40
rnbq1rk1/1p2p1b1/2pp2pp/p4p1n/P2PP3/2N1BN2/1PP1BPPP/R2Q1RK1 w - -,f3h4 g6g5 h4g6 h5f4 g6f8 d8f8 e4f5 b8a6 g2g4 a6b4,312
r1b1k2r/pp1p1ppp/8/1B6/2Npn3/R7/2P2PPP/5RK1 w kq -,f1e1 e8h8 c4b6 e4c3 b6a8 c3b5 a3b3 a7a6 e1e7 h7h6,9
rn1qkbnr/p2b1ppp/1p2p3/1B6/3Pp3/1QN5/PP3PPP/R1B1K1NR w KQkq -,d4d5 d7b5 d5e6 f7e6 c3b5 d8d7 c1e3 b8a6 a1d1 f8b4,70
5k2/pbq2pp1/1p1b4/8/8/2P1B1p1/PP1N1P1P/3R1RK1 w - -,h2g3 d6g3 f2f3 c7c8 f1f2 g3f2 g1f2 c8h3 d1g1 h3h2,-339
4r3/p4kp1/2r1p2p/1p2R3/2pp1P2/1P1P2P1/P1P3KP/4R3 w - -,e1e2 c4b3 c2b3 c6c3 e2d2 a7a6 e5e1 e8d8 g2f3 h6h5,32
4rn1r/p4kbp/1p2pnp1/1Ppp4/3P1B2/q1NB3P/P1PQ1PP1/R3R1K1 w - -,f4d6 f8d7 c3e2 g7f8 d2e3 a3a4 d4c5 b6c5 d6f8 h8f8,41
2r3k1/1R3ppp/p7/Bbpp4/8/4PPP1/7P/6K1 w - -,h2h4 d5d4 g1f2 f7f5 b7e7 f5f4 g3f4 c5c4 e3d4 c4c3,-125
4k3/1b3p2/p5pp/3rP3/2KB1P2/P5PP/1P6/8 w - -,d4e3 d5d1 f4f5 h6h5 a3a4 g6f5 e3f4 b7c6 a4a5 c6d5,-503
6k1/6p1/5P1p/2p2r2/1p1nqQ1P/1P6/5K2/3R4 w - -,d4e3 d5d1 f4f5 h6h5 a3a4 g6f5 e3f4 b7c6 a4a5 c6d5,Mate
1r4k1/1pq2pp1/p1r1p2p/P2p1b2/1R1P4/2P2Q2/1P3PPP/R4BK1 w - -,a1a3 g8f8 f1e2 f5g6 f3e3 g6b1 e3e5 b7b5 a5b6 c7e5,31
r1b4r/4kppp/p1p1p3/q1Pp4/5PnP/2N5/PPPQ2P1/2KR2NR w - -,c3d5 e6d5 d2a5 g7g6 a5c7 e7f6 c7c6 c8e6 g1f3 f6g7,675
r3k2r/1pp2ppp/p3pn2/4Pb2/2B2B2/2P1P3/P4PPP/R2q1RK1 w kq -,a1d1 f6h5 f2f3 h5f4 e3f4 f5c2 d1d2 c2a4 g1f2 e8e7,-6
r5r1/3Q2p1/kb6/p2p4/3N4/P7/1P3PPP/2R3K1 w - -,a1d1 f6h5 f2f3 h5f4 e3f4 f5c2 d1d2 c2a4 g1f2 e8e7,Mate
5k2/pbq2pp1/1p6/8/8/2P1B1b1/PP1N1P2/3R1RK1 w - -,f2f3 c7c8 f1f2 g3f2 g1f2 c8h3 d1g1 h3h2 g1g2 h2h4,-339
R7/P5k1/8/8/6PK/r7/8/8 w - -,,0
rn1qkb1r/1b2pppp/pp3n2/3P4/3P4/2N2N2/PP3PPP/R1BQKB1R w KQkq -,f1c4 b6b5 c4b3 g7g6 f3e5 f8g7 h2h4 b5b4 h4h5 f6h5,135
r7/3R4/8/3K1k2/3P4/8/8/8 w - -,d7f7 f5g6 f7f1 a8d8 d5c5 d8c8 c5b6 c8d8 f1d1 g6f5,464
r3k2r/1ppn1ppp/p3p3/4Pb2/2B2B2/2P1P3/P4PPP/R2R2K1 w kq -,d1d4 e8a8 e3e4 d7b6 c4d3 c7c5 d4d6 f5g6 a2a4 d8d6,36
8/8/7p/p1p3pP/PkB3P1/1P3K2/3b4/8 w - -,f3e4 b4c3 e4f5 c3d4 f5g6 d4e5 g6h6 e5f4 c4e6 c5c4,822
7Q/pp1Rrkr1/1b2p3/6q1/5n2/5R2/P5PP/7K w - -,h8g7 f7g7 f3g3 e7d7 g3g5 g7f6 h2h4 e6e5 h1h2 e5e4,-715
1k2r2r/pP3pp1/2p3p1/2Pp3q/3b4/6P1/RP3PQP/4RBK1 w - -,e1a1 d4c5 a1c1 c5b6 c1c6 b8b7 c6c1 b7b8 f1a6 h5h6,-14
1r3k2/1pq2pp1/p1r1p2p/P2p1b2/1R1P4/R1P2Q2/1P3PPP/5BK1 w - -,f1e2 f5h7 f3e3 h7c2 h2h4 c7d6 h4h5 f8g8 e3g3 d6d8,28
r1b2b1r/ppp2kpp/2n5/4q3/3pP3/2N5/PPP2PPP/R1BQK1NR w KQ -,g1f3 e5h5 f3g5 f7g6 d1h5 g6h5 c3e2 h5g6 h2h4 g6f6,242
rn1qkb1r/1b2pppp/pp6/3nN3/3P4/2N5/PP3PPP/R1BQKB1R w KQkq -,d1f3 f7f6 f3h5 g7g6 e5g6 h7g6 h5h8 d5b4 c1h6 b4c2,272
r7/pp2kpp1/4p3/3pP1P1/1P1P4/8/P4PK1/7R w - -,,0
rn1qk1nr/pp3ppp/2p1p3/3pP3/3P2Pb/3B1P2/PPQ5/RNB1K1NR w KQkq -,e1f1 h4e7 f3f4 c6c5 d4c5 b8d7 b1c3 e7c5 g1f3 g8e7,322
r2qr1k1/pp1bnppp/5n2/3p4/3Pp3/2B1P1PP/PP2NPB1/2RQ1RK1 w - -,e2f4 a7a5 c3d2 h7h6 a2a4 b7b6 c1c3 d7c8 f4h5 f6h5,-46
r4rk1/1b1p1p1p/p5pb/1pp2P2/8/2PP2PN/PP2q1BP/4RRK1 w - -,g2b7 e2b2 h3f2 g6f5 e1e5 a8b8 e5f5 b8b7 f2e4 g8h8,-553
2r1r1k1/pp4pp/4b3/2q1p3/8/P1N1Q3/1PP3PP/R3K2R w KQ -,e3g1 c5d4 g1f2 e8f8 f2d4 e5d4 c3e2 e6g4 e2d4 f8f4,-133
8/5k2/ppp4p/6p1/8/4R1P1/PPPrPPK1/8 w - -,e3f3 f7e7 f3c3 c6c5 g2f3 h6h5 f3e3 d2d5 f2f3 h5h4,143
r2qkb1r/1ppb1ppp/p1n1pn2/8/3PN3/3B1N2/PPP2PPP/R1BQK2R w KQkq -,e1h1 c6b4 e4f6 g7f6 c2c4 c7c5 d4d5 e6d5 c4d5 d7e6,89
rn1qk2r/pp3ppp/3b1n2/3p1b2/3P1B2/1QN5/PP3PPP/R3KBNR w KQkq -,f4d6 d8d6 c3b5 d6e7 b3e3 f5e6 f1d3 b8c6 g1e2 e8h8,-2
r7/pp1k1pp1/4p3/3pP1P1/1P1P4/8/P4PK1/2R5 w - -,,0
r7/1k5p/2R3p1/pP1p1p2/3P1P2/4PPP1/4K3/8 w - -,,0
7Q/pp2k1r1/1b2p3/6q1/5n2/5R2/P5PP/7K w - -,g2g3 g7f7 h8h4 g5h4 g3h4 f4g6 f3f7 e7f7 h1g2 g6h4,Mate
2r2rk1/pp1qppbp/6p1/2npP3/P7/2P1BN1P/1P3PP1/R2QR1K1 w - -,h3h4 h7h5 b2b4 c5e6 d1d2 b7b6 a4a5 d7c6 e1c1 c6b7,34
r2qk1nr/pp1n1ppp/2p1p3/3pP3/3P2Pb/3B1P2/PPQ5/RNBK2NR w kq -,f3f4 h4e7 g1f3 c6c5 f4f5 d8b6 b1c3 c5c4 d3e2 e7b4,348
rn2k2r/pp3ppp/3q1n2/3p1b2/3P4/1QN5/PP3PPP/R3KBNR w KQkq -,,0
4r1k1/pp4pp/4b3/2r1p3/8/P1N5/1PP3PP/R3K2R w KQ -,e1a1 e6f5 h1e1 g8f7 d1d2 h7h5 c3e4 f5e4 e1e4 f7e6,9
3r2k1/pp1q4/2p1ppp1/8/P1Pr4/1PB3P1/3Q1PK1/7R w - -,d2h6 d7g7 c3d4 d8d4 h6e3 e6e5 a4a5 a7a6 e3c1 d4d3,-43
rn1qkb1r/1b2p1pp/pp3p2/3nN3/3P4/2N2Q2/PP3PPP/R1B1KB1R w KQkq -,f3h5 g7g6 e5g6 h7g6 h5h8 d5c3 b2c3 d8c8 c1d2 c8e6,269
r7/5R2/6k1/3K4/3P4/8/8/8 w - -,f7f1 a8d8 d5c5 d8c8 c5b6 c8d8 f1d1 g6f6 b6c6 d8a8,511
rn2k2r/1b3ppp/p3Nn2/1p4B1/8/1BN1Q3/PPPK1PP1/q7 w kq -,e6g7 e8d8 g5f6 d8c8 b3f7 a1d1 c3d1 b7g2 g7e6 b8c6,1132
8/8/7p/p1p3pP/P1B1K1P1/1Pk5/3b4/8 w - -,e4f5 c3d4 f5g6 d4e5 g6h6 e5f4 c4e2 d2c1 h6g6 c1d2,821
r1b4r/ppq1kppp/2n1p3/1BPp4/5PnP/2N5/PPPQ2P1/2KR2NR w - -,h4h5 h7h6 d1e1 g4f6 g1f3 h8d8 g2g4 f6e4 d2e3 c6b4,150
1r3k2/1pq2ppb/p1r1p2p/P2p4/1R1P4/R1P2Q2/1P2BPPP/6K1 w - -,f3e3 h7e4 h2h4 c7d6 h4h5 f8g8 e3h3 d6f4 h3g3 f4g3,31
r4rk1/3p1p1p/p5pb/1pp2P2/8/2PP2PN/PP2R1bP/5RK1 w - -,e2g2 a8e8 f5g6 f7g6 g2c2 e8e3 h3f2 e3e6 g1g2 d7d5,-29
5k2/pbq2pp1/1p1b4/8/8/2P1BPp1/PP1N3P/R4RK1 w - -,h2g3 d6g3 g1g2 c7e7 g2g3 e7e3 a1d1 g7g5 g3g2 f7f5,-252
r1b2b1r/ppp2kpp/2n5/2q5/3pP3/2N2N2/PPP2PPP/R1BQK2R w KQ -,c3d5 f7g8 e1h1 f8d6 f3e1 c6e7 e1d3 c5c6 d5e7 d6e7,251
rnbq1rk1/1p3pb1/2ppp1pp/p6n/P2PP3/2N1BN2/1PP1BPPP/R2Q1RK1 w - -,e4e5 f7f5 e5f6 h5f6 f3h4 g6g5 h4g6 f8f7 f2f4 g5g4,198
5k2/pbq2pp1/1p6/8/8/2P1BPb1/PP1N4/R4RK1 w - -,g1g2 c7e7 g2g3 e7e3 d2b3 e3e5 g3g2 e5g5 g2f2 g5f4,-267
8/5k2/4ppp1/1q6/5PB1/1r2P1K1/8/5R2 w - -,f1e1 f6f5 g4f3 b5d3 e1e2 f7e7 g3f2 b3b1 f3c6 d3d1,-1132
r4rk1/p1p2ppp/2pbpq2/3pN2n/3P1Pb1/1P2P3/PBP3PP/RN2QRK1 w - -,e5g4 f6g6 e1e2 f7f6 b1c3 c6c5 d4c5 d6c5 c3a4 c5d6,484
1r4k1/5pb1/3p4/p1p2q2/2Pp2p1/PP1N4/2Q3PP/4R1K1 w - -,g1h1 g7h6 c2d1 h6e3 b3b4 a5b4 a3b4 g8g7 e1f1 f5e4,-256
1r3k2/1pq2pp1/p1r1p2p/P2p1b2/1R1P4/R1P1Q3/1P2BPPP/6K1 w - -,a3a1 c7d6 a1a3 f5e4 e3d2 f8g8 h2h4 e4b1 h4h5 d6d8,23
R7/P5k1/8/6P1/7K/8/8/r7 w - -,,0
1k2r3/pP3pp1/2p3p1/2Pp3q/3b4/6P1/RP3PQP/5BK1 w - -,b2b4 e8e4 b4b5 c6b5 c5c6 b5b4 a2a5 h5f5 a5b5 d4b6,-71
2kr1bnr/pbnp1ppp/1p6/2pP4/2P2B2/2NB4/PP2NPPP/R3K2R w KQ -,h2h4 d7d6 h4h5 f8e7 e1a1 g8f6 e2g3 g7g6 d1e1 h8e8,172
r1bqk2r/pp3p2/3p1npb/4p2p/2PpPP1P/3P2PN/PP4B1/R1BQK2R w KQkq -,d1f3 e8h8 e1h1 f6g4 h3f2 e5f4 c1f4 g4e5 f3d1 h6f4,-42
r2k1b1r/p1pb1pp1/1pp4p/4Pn2/8/1PN2N2/PBP2PPP/R4RK1 w - -,c3e2 c6c5 e2f4 d8c8 e5e6 f7e6 g2g4 f5d4 f3d4 c5d4,31
7Q/pp2k1r1/1b2p3/5q2/5n2/6R1/P5PP/7K w - -,h8h4 e7f7 g3g7 f7g7 h4e1 f4h5 h2h4 f5f4 g2g3 h5g3,-9605
2r2rk1/pp1qp1bp/4npp1/3pP3/P2P4/4B2P/1P3PPN/R2QR1K1 w - -,h2f3 f8d8 e3c1 d7c6 c1d2 c6d7 a1c1 c8c1 d2c1 d8c8,24
rn1qk1nr/ppp2ppp/4p3/3p4/1b3Pb1/4PNP1/PPPP3P/RNBQKB1R w KQkq -,,0
r2qr1k1/p2bnppp/1p3n2/3p4/3Pp3/1QB1P1PP/PP2NPB1/2R2RK1 w - -,c3b4 e7c6 c1c2 a7a5 b4d6 e8e6 d6e5 c6e5 d4e5 e6e5,-13
3r4/8/6k1/3K4/3P4/8/8/5R2 w - -,d5c5 d8c8 c5b6 c8d8 f1d1 g6f6 b6c6 d8a8 d1e1 a8a6,512
8/8/7p/p1p2KpP/P1B2bP1/1Pk5/8/8 w - -,f5g6 c3d4 g6h6 f4c1 h6g6 d4e5 h5h6 e5e4 c4e6 e4f4,844
r1bq1rk1/p3ppbp/1pnp2p1/2pn2B1/2B1P3/3P1N1P/PPP2PP1/R2Q1RK1 w - -,d3d4 d5c7 c2c3 c6a5 c4e2 a5b7 d1d2 f7f6 g5h6 g7h6,-426
r1b2bkr/ppp3pp/2n5/2q3N1/3pP3/2N5/PPP2PPP/R1BQK2R w KQ -,c3e2 h7h6 g5f3 c8g4 f3d4 a8d8 c2c3 g4e2 d1e2 c6d4,103
2r5/pp1k1pp1/4p3/3pP1P1/1P1P1P2/8/P5K1/2R5 w - -,c1h1 g7g6 b4b5 c8c2 g2f3 c2a2 h1h8 a2a5 b5b6 a7b6,-135
1r3q2/2R3pk/p3p2p/2Q4n/3pP3/5n2/PP3P1P/2R2NK1 w - -,g1g2 f3h4 g2h3 f8f3 f1g3 b8b5 c7g7 h5g7 h3h4 b5c5,-701
rn2k2r/pQ3ppp/2q2n2/3p1b2/3P4/2N5/PP3PPP/R3KBNR w KQkq -,f1b5 e8h8 b5c6 b8c6 b7c6 a8b8 g1e2 b8b2 e1h1 b2d2,614
r2qk1nr/pp1nbppp/2p1p3/3pP3/3P1PP1/3B4/PPQ5/RNBK2NR w kq -,g1f3 c6c5 f4f5 d8b6 b1c3 c5c4 d3e2 e7b4 a2a3 b4c3,351
4qrk1/rQp2pb1/p2p2pp/3Pp1n1/2P1P1PB/5P1P/PPbNB3/2K4R w - -,c4c5 a7b7 c5c6 b7b4 c1c2 e8b8 b2b3 b8a7 d2b1 f7f5,-673
r2qr3/2pb2k1/2n2pp1/p2Np3/Pp2P3/4QN1P/1PP2PP1/R3R1K1 w - -,e1d1 a8a6 e3d3 c6b8 f3h4 g6g5 d3g3 e8h8 h4f3 h8h5,262
r1bqk2r/pp3p2/3p2pb/4p2p/2PpPPnP/3P2P1/PP3NB1/R1BQK2R w KQkq -,e1h1 g4e3 c1e3 d4e3 f2h3 c8g4 d1a4 g4d7 a4c2 d7h3,-141
R7/P5k1/8/6PK/8/8/8/7r w - -,,0
r3k2r/pppq1ppp/2n5/4N2b/1b2N3/3P3P/PPP2PP1/R1BQK2R w KQkq -,c1d2 h5d1 e5d7 d1c2 d2b4 c6b4 a2a3 b4d3 e1d2 c2a4,-192
rn1qkbnr/p5pp/1p2p3/1b6/4p3/1QN5/PP3PPP/R1B1K1NR w KQkq -,b3e6 d8e7 e6c8 e7d8 c8d8 e8d8 c3b5 g8f6 g1h3 f8c5,61
1r4k1/5pb1/3p4/p1p5/2Ppq1p1/PP1N4/2Q3PP/5RK1 w - -,c2d1 g7h6 g1h1 h6e3 b3b4 g8g7 d3f4 e3f4 d1g4 e4g6,-247
4r3/pk3pp1/2p3p1/2Pp3q/1P1b4/6P1/R4PQP/5BK1 w - -,g3g4 h5e5 g2f3 e8e7 f3d3 e5f6 d3a6 b7b8 h2h3 g6g5,-21
r1b1kb1r/pppp1p2/4p2p/3Pq1p1/4P3/2N5/PPP2PPP/R2QKB1R w KQkq -,a2a3 f8g7 f1c4 b7b5 c4e2 a8b8 e1h1 a7a6 f1e1 e8h8,-39
r2q1rk1/pb2ppbp/1pnp2p1/2pB2B1/4P3/3P1N1P/PPP2PP1/R2Q1RK1 w - -,d5c6 b7c6 d1c1 f7f5 f1e1 d8d7 g5h6 e7e5 a2a4 c6a4,-44
7Q/pp1Rr1r1/1b2p1k1/6q1/8/5R2/P3n1PP/7K w - -,d7d1 e2g3 f3g3 g5g3 a2a4 g3f4 h8h3 g7h7 h3d3 g6f6,Mate
r2q3r/2pb2k1/2n2pp1/p2Np3/Pp2P3/1P2QN1P/2P2PP1/R3R1K1 w - -,a1d1 a8c8 d1d3 d8e8 e1d1 d7e6 e3c5 g6g5 d5e3 h8h7,256
r3r1k1/3p1p1p/p5pb/1pp2P2/8/2PP2PN/PP2R1KP/5R2 w - -,f1f2 g8f8 e2e8 a8e8 f5g6 h7g6 h3f4 h6f4 f2f4 e8e2,-5
2r3k1/1R3ppp/p7/Bb1p4/2p5/4PPP1/5K1P/8 w - -,g3g4 h7h5 a5c3 h5h4 b7a7 c8b8 f2g2 b5a4 a7a6 a4d1,-45
r1b1kb1r/pp3pp1/7p/2p1p3/3P1nK1/P3QP1N/2q3PP/R4B1R w kq -,g3g4 h7h5 a5c3 h5h4 b7a7 c8b8 f2g2 b5a4 a7a6 a4d1,Mate
8/8/6Kp/p1p1b1pP/P1B3P1/1Pk5/8/8 w - -,g6h7 c3d4 h7h6 e5f4 h6g6 d4e3 h5h6 e3f2 c4e6 f2e3,911
4r3/pk3pp1/2p3p1/1Pbp3q/8/6P1/R4PQP/5BK1 w - -,g3g4 h5e5 a2e2 e5e2 f1e2 e8e2 b5c6 b7c6 g2f1 e2f2,-55
r1b2k1r/ppq2pp1/2n1p2p/1BPp3P/5Pn1/2N5/PPPQ2P1/2K1R1NR w - -,h1h4 g4f6 b5c6 c7c6 g2g4 c6c5 g1f3 f8g8 g4g5 h6g5,164
r4rk1/pbq1ppbp/1pnp2p1/2pB2B1/4P3/3P1N1P/PPP2PP1/R1Q2RK1 w - -,d5b3 c6a5 g5h6 a5b3 a2b3 a7a5 h6g7 g8g7 c1e3 e7e5,-16
8/1b1k1p2/p5pp/3rP3/2KB1PP1/P6P/1P6/8 w - -,a3a4 d7e6 d4c3 d5d8 c4c5 b7g2 h3h4 g2h3 g4g5 h6g5,-490
2brrk2/1p5Q/p1p1pp2/2P1P3/3P2pp/8/PP5P/1B5K w - -,a3a4 d7e6 d4c3 d5d8 c4c5 b7g2 h3h4 g2h3 g4g5 h6g5,Mate
r3k2r/pp1q1p2/3p2pb/4p2p/2PpPPbP/3P1BP1/PP6/R1BQK2R w KQkq -,f3g4 d7g4 d1g4 h5g4 e1h1 a7a5 a1b1 a5a4 a2a3 e8h8,34
8/8/4kpp1/1q6/5P2/1r2P1K1/8/5R2 w - -,a2a3 h6g7 f3g4 h5g4 d1e2 f7f5 c1d2 b7b5 c4b5 d7b5,Mate
2k5/pp3ppp/2n5/3rPb2/1b3B2/2n4N/PP2PPPP/R1K2B1R w - -,a2a3 h6g7 f3g4 h5g4 d1e2 f7f5 c1d2 b7b5 c4b5 d7b5,Mate
1r4k1/5p2/3p3b/p1p5/2Ppq1p1/PP1N4/6PP/3Q1RK1 w - -,g1h1 h6e3 b3b4 g8g7 d3f4 e3f4 d1g4 e4g6 g4f4 a5b4,-264
r3r1k1/4qp1n/pp2p3/3bP1p1/3PN1Pp/3B1Q1R/PP5P/5RK1 w - -,f3e3 d5e4 e3e4 f7f5 e5f6 h7f6 e4g6 e7g7 f1f6 g7g6,549
r1bq1r1k/pppnp1bn/3pB1pp/8/3P1B2/2N2N2/PPP2PPP/R2Q1RK1 w - -,f4g3 g6g5 f1e1 d7f6 d4d5 c8e6 e1e6 c7c6 d1d3 f8f7,118
r2q1rk1/ppp2ppp/3bnn2/4p2b/1PB1P3/2P2N1P/P2N1PP1/R1BQR1K1 w - -,c4e6 f7e6 a2a4 a7a5 d1b3 f6d7 c1a3 d8e7 e1e3 h7h6,18
r1b1kb1r/pp3pp1/7p/2p1p2n/3P4/P3QPKN/2q3PP/R4B1R w kq -,d1b3 f6d7 a2a4 a7a5 c4e6 f7e6 c1a3 h7h6 b4a5 d6a3,Mate
r3k2r/pppq1ppp/8/4n2b/1b2N3/2PP3P/PP3PP1/R1BQK2R w KQkq -,d1h5 e5d3 e1e2 e8a8 h1d1 h8e8 e2f1 e8e4 c3b4 d7d5,-146
r2qk1nr/pp1n1p1B/2p1p1p1/3pP3/3P2Pb/5P2/PPQ5/RNBK2NR w kq -,h7g8 h8g8 f3f4 c6c5 g1f3 h4e7 c1e3 c5d4 e3d4 a8c8,335
8/8/2K5/p3k3/Pp1p3p/1P5P/6P1/8 w - -,h7g8 h8g8 f3f4 c6c5 g1f3 h4e7 c1e3 c5d4 e3d4 a8c8,Mate
4r3/p1k2pp1/2P3p1/2bp3q/8/6P1/R4PQP/5BK1 w - -,g3g4 h5g5 g2f3 e8e7 h2h3 c5b6 a2c2 a7a5 g1g2 g5e5,-27
4r3/3nppkp/1qp3p1/p2p4/3P4/Q2PPN2/P4PPP/2R3K1 w - -,g2g3 f7f6 g1g2 g7f7 a3c3 e8b8 h2h4 h7h5 e3e4 d7f8,55
r1b1kb1r/pppp1p2/7p/3pq1p1/4P3/2NQ4/PPP2PPP/R3KB1R w KQkq -,e1a1 d5e4 d3e4 e5e4 c3e4 d7d6 h2h4 g5h4 e4f6 e8d8,-109
R7/P5k1/r7/5KP1/8/8/8/8 w - -,,0
r2q4/4rpkp/5Np1/1pR1p3/8/1P1b4/4QPPP/2R3K1 w - -,f6h5 g6h5 e2h5 e7e6 c1d1 d8e7 b3b4 d3g6 h5e2 e6d6,-411
4rbk1/ppp2ppp/5n2/2P1p1q1/2N1Pn2/1P1Q1PP1/PB4KP/R4R2 w - -,g2h1 f4d3 b2c1 g5g6 c1a3 d3c5 a1c1 c5e6 a3f8 g8f8,-683
r2qk1nr/ppp2ppp/2n1p3/3p4/1b3Pb1/4PNP1/PPPPB2P/RNBQK2R w KQkq -,c2c3 b4d6 d2d4 g8f6 f3e5 g4h3 e2f3 h7h5 e5d3 h3f5,-44
r1b1k2r/pp2bpp1/7p/2p1p2n/3P3K/P3QP1N/2q3PP/R4B1R w kq -,c2c3 b4d6 d2d4 g8f6 f3e5 g4h3 e2f3 h7h5 e5d3 h3f5,Mate
2rq3r/2pb2k1/2n2pp1/p2Np3/Pp2P2P/1P2QN2/2P2PP1/R3R1K1 w - -,a1d1 d8e8 d1d2 h8f8 e3c5 f8f7 d5e3 c8a8 e1d1 c6d8,226
r2qk1nr/pp1n4/2p1p1p1/3pP3/3P2Pb/5P2/PPQ5/RNBK2NR w kq -,c2g6 e8f8 g1e2 d8e8 e2f4 e8g6 f4g6 f8g7 g6h8 h4f2,472
8/2k5/5pp1/PK5p/7P/4R1P1/3r1P2/8 w - -,f2f4 d2d5 b5b4 d5d8 e3e7 c7d6 e7b7 g6g5 b7b6 d6c7,419
1rb2rk1/p1q1pp2/2B3p1/7p/8/4BQ2/PbP2PPP/1R3RK1 w - -,h2h3 c8e6 c6d5 e6d5 f3d5 f8c8 f1d1 c7c2 e3a7 b8b4,-15
6k1/pp1qp1bp/4n1p1/3pP3/PQ1P2N1/1P2B2P/2r3P1/4R1K1 w - -,,0
rn3rk1/pQ3ppp/3q1n2/3p1b2/3P4/2N5/PP3PPP/R3KBNR w KQ -,,0
5rk1/p4ppp/4p3/1p2P3/3Rp3/2q1P1P1/P4P1P/3Q2K1 w - -,d1b1 c3a5 h2h4 h7h6 b1e4 a5a2 e4b7 a2a1 g1g2 a7a6,-25
r2q1knr/pp1n4/2p1p1Q1/3pP3/3P2Pb/5P2/PP6/RNBK2NR w - -,g1e2 d7e5 d4e5 d8b6 e2f4 a8e8 b1c3 h8h6 g6d3 h4g3,464
8/5k2/4p1p1/1q3p2/5PB1/1r2P1K1/8/4R3 w - -,g1e2 d7e5 d4e5 d8b6 e2f4 a8e8 b1c3 h8h6 g6d3 h4g3,Mate
r1b1kb1r/pp1n1ppp/1q2pn2/2pp4/3P1B2/P1P1PN2/1P3PPP/RN1QKB1R w KQkq -,d1c2 f8d6 f4g3 e8h8 b1d2 b6c7 c3c4 c5d4 f3d4 d6g3,11
3r2k1/1R3ppp/1Q6/5q2/8/6PK/5P1P/8 w - -,,0
8/8/7p/p1p3p1/P1B1KbP1/1Pk4P/8/8 w - -,h3h4 c3d2 h4h5 f4d6 e4f5 d2e3 c4e6 d6f8 f5f6 e3f4,541
r2qk1nr/ppp2ppp/2n1p3/b2p4/5Pb1/P3PNP1/1PPPB2P/RNBQK2R w KQkq -,b2b4 a5b6 b1c3 a7a5 c3a4 b6a7 b4b5 c6e7 c2c4 d5c4,20
r2q1rk1/ppp3pp/3bpn2/4p2b/1P2P3/2P2N1P/P2N1PP1/R1BQR1K1 w - -,d2c4 d8e8 d1d3 a8d8 d3e3 h5g6 f3d2 f6h5 e3a7 h5f4,17
2rqr1k1/3bnppp/1p3n2/p2p4/3Pp3/1QB1P1PP/PPR1NPB1/2R3K1 w - -,c3d2 c8c2 b3c2 e7c6 c2b3 h7h6 g2f1 c6e7 a2a4 d8b8,-3
r1b2rk1/ppp1qppp/2nppn2/8/2PP4/2NBPN2/PP1Q1PPP/R3K2R w KQ -,e1h1 e6e5 d3c2 c8g4 f3g5 c6b4 c2b1 h7h6 g5e4 f6e4,55
1r4k1/1pq2pp1/p1r1p2p/P2p1b2/1R1P1P2/R1P1Q3/1P2B1PP/6K1 w - -,,0
rn1qkbnr/pb3ppp/1p2p3/3p4/3PP3/1QN5/PP3PPP/R1B1KBNR w KQkq -,e4d5 e6d5 f1b5 b8c6 g1f3 f8d6 b3d5 g8e7 d5h5 a7a6,105
r3k2r/pp3p2/3p2pb/4p3/2PpPPpP/3P2P1/PP6/R1B1K2R w KQkq -,e1h1 a7a5 a2a4 a8a6 b2b3 h8f8 a1b1 f7f5 f1e1 h6g7,11
1r3q2/2R3pk/p3p2p/2Q5/3pPn2/5n2/PP3P1P/2R2N1K w - -,c5f8 b8f8 f1g3 h6h5 c7c8 f8f6 e4e5 f6g6 c1d1 a6a5,-32
3r2k1/1R3ppp/1Q6/8/4q3/6P1/5PKP/8 w - -,,0
r1bq1rk1/p3ppbp/1p1p2p1/2pPn1B1/2B5/3P1N1P/PPP2PP1/R2Q1RK1 w - -,c4b3 e5f3 d1f3 g7b2 a1e1 f8e8 e1e4 b2c3 b3a4 c8d7,-88
1r3rk1/p1q1pp2/2B1b1p1/7p/8/4BQ1P/PbP2PP1/1R3RK1 w - -,c6d5 e6d5 f3d5 f8c8 f1d1 c7c2 e3a7 b8b4 a7e3 b4c4,-12
1r4k1/5p2/3p4/p1p5/2Ppq1p1/PP2b3/5NPP/3Q1RK1 w - -,g2g3 g8g7 a3a4 e4f3 d1f3 g4f3 h2h4 b8b3 g1h1 e3f2,-481
8/8/7p/p1p2Kp1/PkB2bP1/1P5P/8/8 w - -,h3h4 b4c3 h4h5 c3d4 f5g6 f4e3 g6h6 d4e5 h6g6 e5f4,789
r2qk1nr/ppp2ppp/1bn1p3/3p4/1P3Pb1/P3PNP1/2PPB2P/RNBQK2R w KQkq -,b1c3 a7a5 c1b2 g8f6 c3a4 b6a7 b2f6 g7f6 c2c3 d8d6,28
r6k/1pR2q2/5N1p/1P2Ppp1/3P4/7P/5PPK/q7 w - -,b1c3 a7a5 c1b2 g8f6 c3a4 b6a7 b2f6 g7f6 c2c3 d8d6,Mate
8/5k2/4p1p1/1q3p2/5P2/4PBK1/1r6/4R3 w - -,b1c3 a7a5 c1b2 g8f6 c3a4 b6a7 b2f6 g7f6 c2c3 d8d6,Mate
rnbqkbnr/3pppp1/2p5/p6p/1p1PP3/2NB4/PPP2PPP/R1BQK1NR w KQkq -,a1b1 b4c3 b2c3 d7d5 e4d5 c6d5 g1f3 e7e6 e1h1 f8d6,-169
rn1qkbnr/pppb1ppp/8/1B2N3/3Pp3/8/PPP2PPP/RNBQK2R w KQkq -,b5c4 d7e6 c4e6 f7e6 d1h5 g7g6 h5h3 b8c6 e5c6 b7c6,369
1r1q2k1/1p3pp1/p1r1p2p/P2pQb2/1R1P1P2/R1P5/1P2B1PP/6K1 w - -,,0
2b1rk2/1p1r3Q/p1p1pP2/2P5/3P2pp/8/PP5P/1B5K w - -,e5e3 f5e4 h2h3 d8c7 g1f2 g8h8 f2g1 c7d6 g1f2,Mate
8/8/8/2k5/8/5r2/4K3/8 w - -,,0
r1b1kb1r/pppp1p2/7p/3N2p1/4P3/3Q4/PqP2PPP/R3KB1R w KQkq -,d3c3 b2c3 d5c3 f8b4 e1d2 c7c6 h2h4 g5g4 f1e2 d7d6,-216
Qn3rk1/p4ppp/1q3n2/3p1b2/3P4/2N5/PP3PPP/R3KBNR w KQ -,c3d5 b6b2 a1d1 b8d7 a8c6 f6d5 c6d5 b2c3 d1d2 f8e8,-13
8/8/6Kp/p1p3p1/P1B2bP1/1Pk4P/8/8 w - -,,0
6k1/pp1qp1bp/4n1p1/3pP3/PQ1P2N1/1P2B2P/4r1P1/2R3K1 w - -,b4c3 d7e8 c3d3 e2b2 g4f2 b2a2 d3c3 e8d8 h3h4 g7f8,73
r7/4k1b1/1pPp4/3P3r/5R1p/5P2/5BP1/4N2K w - -,f2b6 h5d5 b6f2 g7f6 f4e4 e7f7 h1h2 d5d1 f3f4 d1d2,-141
8/1b1k1p2/p6p/3rPp2/2KB2P1/P6P/1P6/8 w - -,g4f5 d7c6 a3a4 b7c8 e5e6 f7e6 f5e6 c8e6 c4c3 d5h5,-539
1r3rk1/2q1pp2/p1B1b1p1/7p/P7/4BQ1P/1bP2PP1/1R3RK1 w - -,e3f4 b2e5 f4e5 c7e5 c6b7 e6c4 f1e1 e5c7 f3e4 e7e6,-14
r3k2r/pp2ppbp/2n3p1/2p5/3PP3/q1P1BP2/P2Q2PP/2NRKR2 w kq -,f1f2 c5d4 c3d4 e8h8 c1b3 b7b6 d2b2 a3a4 f2d2 a8c8,-47
2b1r2Q/1p1r1k2/p1p1pP2/2P5/3P2pp/8/PP5P/1B5K w - -,f1f2 c5d4 c3d4 e8h8 c1b3 b7b6 d2b2 a3a4 f2d2 a8c8,Mate
8/5k2/4p1p1/5p2/5P2/3qPBK1/1r6/7R w - -,f1f2 c5d4 c3d4 e8h8 c1b3 b7b6 d2b2 a3a4 f2d2 a8c8,Mate
r1bk1b1r/ppNp1p2/7p/6p1/4P3/3Q4/PqP2PPP/R3KB1R w KQ -,d3c4 b2a1 e1d2 a8b8 c7d5 a1e5 c4a4 b7b6 a4a7 b8b7,-479
r4k2/3p1p1p/p5pb/1pp2P2/8/2PP2PN/PP2R1KP/8 w - -,f5g6 h7g6 g2f3 f7f6 h3f2 f8f7 f2g4 h6f8 e2d2 a8e8,2
8/5k2/4p1p1/5p2/5P2/3qPBK1/1r6/6R1 w - -,e2e5 a8c8 h3f2 h6c1 b2b3 c5c4 d3c4 b5c4 f2e4 c4b3,Mate
r3kbnr/pppq1ppp/8/8/3Pp3/8/PPP2PPP/RNBQK2R w KQkq -,b1d2 f7f5 c2c3 g8f6 d2c4 e8a8 c1g5 f8e7 c4e5 d7d5,-16
r1b2bkr/ppp3p1/2n4p/2qN2N1/3pP3/8/PPP2PPP/R1BQK2R w KQ -,d5c7 h6g5 c7a8 h8h4 d1d3 c8e6 e1h1 f8d6 h2h3 e6c4,-182
r3k2r/pppN1ppp/2n5/8/1b2N3/3P3P/PPbB1PP1/R3K2R w KQkq -,d7c5 e8a8 a2a3 b4c5 e4c5 h8e8 d2e3 c2d3 c5d3 d8d3,-203
rn2kbnr/pp3pp1/1q2p2p/1bppP2P/3P1PP1/2P2N2/PP6/RNBQKB1R w KQkq -,f1b5 b6b5 a2a4 b5d7 d4c5 f8c5 b2b4 c5f8 a4a5 b8c6,107
6k1/5p2/3p4/p1p5/2Ppq1p1/Pr6/5RPP/3Q3K w - -,d1f1 b3b1 h1g1 b1f1 g1f1 d4d3 f2a2 e4f4 f1e1 f4c1,-1437
3qr1k1/3bnppp/1pr2n2/p2p4/3Pp3/1Q2P1PP/PPR1NPB1/2R1B1K1 w - -,g2f1 g7g5 c2c6 e7c6 a2a3 e8e6 e2c3 c6e7 b3d1 d8e8,11
8/p6p/1p2k3/1P1p1p2/3P1P2/3KPP2/8/8 w - -,e3e4 h7h6 e4e5 e6f7 d3e3 f7g6 e3f2 g6f7 f2g3 f7g7,603
N1bk3r/pp1p1p2/7p/6p1/1b2P3/3Q4/PqP2PPP/R3KB1R w KQ -,e1d1 b2a1 d1e2 a1e1 e2f3 g5g4 f3g3 b4c5 d3e2 e1c3,-881
rnb2kr1/ppp2p2/4p2b/3PN1qp/3P3p/2N4P/PPP2PP1/R2QKB1R w KQ -,f1c4 b8d7 e5f7 f8f7 d5e6 f7g7 e6d7 c8d7 e1h1 d7h3,153
Qn3rk1/p4ppp/5n2/3N1b2/3P4/8/Pq3PPP/R3KBNR w KQ -,a1d1 b8d7 a8c6 f6d5 c6d5 b2c3 d1d2 f8e8 g1e2 f5c2,-11
8/5k2/4p1p1/5p2/5P2/3qPBK1/6r1/8 w - -,a1d1 b8d7 a8c6 f6d5 c6d5 b2c3 d1d2 f8e8 g1e2 f5c2,Mate
2r3k1/1R3pp1/p6p/Bb1p4/2p5/4PPP1/7P/4K3 w - -,b7c7 c8c7 a5c7 c4c3 c7e5 c3c2 e5b2 f7f6 e1d2 b5a4,-107
r4knr/pp1n4/2p1p1Q1/3pP1q1/3P2Pb/5P2/PP6/RN1K2NR w - -,g6g5 h4g5 h1h8 f8g7 h8h5 g5e3 g1e2 a8f8 h5h3 g8e7,336
3r1bk1/ppp2ppp/6n1/2P1r1qn/4P3/1P1N1PP1/PBQ3KP/R4R2 w - -,b2c1 g6h4 g2h1 h5g3 h2g3 g5g3 c1f4 g3h3 c2h2 h3h2,-167
1r1q2k1/5pp1/1Pr1p2p/p2pQb2/1R1P1P2/1RP5/1P2B1PP/6K1 w - -,b4b5 c6b6 g2g3 b8b7 e5e3 b6b5 b3b5 b7b5 e2b5 d8b8,-57
2r1rbk1/2pq2pp/2p2p2/p7/N2pbB2/1P1P3P/1PP1QPP1/4R1K1 w - -,d3e4 d7e6 f2f3 g8h8 e2c4 c6c5 f4d2 f8d6 g2g4 e6c4,-209
r4knr/pp1n4/2p1p3/3pP1b1/3P2P1/5P2/PP6/RN1K2NR w - -,h1h8 g5e3 g1e2 f8g7 h8h3 c6c5 b1a3 c5d4 a3c2 d7e5,333
r6k/5R2/1p3N1p/1P2Ppp1/3P4/7P/5PPK/q7 w - -,h1h8 g5e3 g1e2 f8g7 h8h3 c6c5 b1a3 c5d4 a3c2 d7e5,Mate
r3kbnr/pppq2pp/8/5p2/3Pp3/8/PPP2PPP/RNBQ1RK1 w kq -,f2f3 g8f6 f3e4 f6e4 c2c3 e8a8 b1d2 e4d2 c1d2 f8d6,-16
r5nR/pp1n2k1/2p1p3/3pP1b1/3P2P1/5P2/PP6/RN1K2N1 w - -,h8h5 g5e3 g1e2 g8e7 b1a3 a8f8 h5h3 e7g6 a3c2 e3g5,345
N1bk3r/pp1p1p2/7p/6p1/1b2P3/3Q4/P1P1KPPP/q4B1R w - -,g2g3 a1e1 e2f3 b4c5 d3e2 e1c3 e2d3 c3f6 f3e2 b7b6,-487
3r1b1r/p1k2ppp/1nppb3/8/2P5/1P6/PB2BPPP/RNR3K1 w - -,b1d2 h8g8 b2c3 d8a8 c3a5 g7g6 c1e1 a8e8 d2e4 f8e7,71
5bk1/ppp2ppp/6n1/2P1B1qn/4P3/1P1r1PP1/P1Q3KP/R4R2 w - -,f3f4 d3g3 g2h1 g5g4 e5c7 g6h4 f1f2 f8c5 c2c5 g3g2,-448
2r2rk1/1p2bppp/p1n1p3/q1Pn4/B1Q5/P1N1B3/1P3PPP/R2R2K1 w - -,c3d5 e6d5 d1d5 c8d8 a1d1 e7f6 e3d2 a5c7 d2c3 d8d5,208
2k5/pp3ppp/2n5/3rPb2/1b6/7N/nP1BPPPP/R1K2B1R w - -,c3d5 e6d5 d1d5 c8d8 a1d1 e7f6 e3d2 a5c7 d2c3 d8d5,Mate
r1bq1rk1/pp1nppbp/3p1np1/2pP4/P3PB2/2N5/1PPQ1PPP/R3KBNR w KQ -,g1e2 d8a5 f2f3 d7e5 e2g3 a7a6 f1e2 b7b5 e1h1 b5b4,41
1r1q2k1/5pp1/1r2p2p/pR1pQb2/3P1P2/1RP5/1P2B1PP/6K1 w - -,g2g3 b8b7 e5e3 b6b5 b3b5 b7b5 e2b5 d8b8 e3e2 f5g4,-47
2rq4/2pb2k1/2n2pp1/p2Np2r/Pp2P2P/1P2QN2/2P2PP1/R2R2K1 w - -,c2c3 d8e8 a1c1 g6g5 c3b4 g5g4 b4b5 c6b4 d5c7 e8f7,261
r3kbnr/pppq3p/6p1/5p2/3PpB2/8/PPP2PPP/RN1Q1RK1 w kq -,b1d2 e8a8 d2c4 f8g7 c2c3 g8f6 d1b3 f6h5 f4e5 h8e8,-24
r5n1/pp1n2k1/4p3/2ppP1b1/3P2P1/5P2/PP6/RN1K2NR w - -,g1h3 g5e3 f3f4 c5d4 b1d2 g8h6 d1e2 g7g6 d2f1 h6g4,329
8/3k1p2/p1b4p/3rPP2/2KB4/P6P/1P6/8 w - -,h3h4 f7f6 e5f6 h6h5 d4e3 d5f5 e3g5 d7e6 b2b3 c6b5,-499
2r1r1k1/p2n1ppp/Qp2pn2/8/P1qP4/2P2N1P/3B1PP1/R3R1K1 w - -,a6c8 e8c8 d2e3 f6d5 f3g5 c8f8 g5e4 f7f5 e4d2 c4c3,-517
r3r3/1pqn2k1/p1p2pp1/2Ppp2p/3P4/QR1PPN2/P4PPP/5RK1 w - -,f1b1 a8a7 a3c1 a6a5 b1b2 e5d4 f3d4 e8e7 h2h3 c7c8,108
6k1/5p2/3p4/p1p5/2Ppq1p1/P7/5RPP/1r3Q1K w - -,b3b2 e5d4 f3d4 d7f8 f1b1 a8a7 a3c3 f8e6 d4f3 a6a5,Mate
r1bqk2r/2pnnpb1/p2pp1pp/1p6/3PP1PP/2N1BP2/PPPQ4/2KR1BNR w kq -,g1e2 c8b7 e2f4 c7c5 d4d5 e6d5 c3d5 b7d5 f4d5 e7d5,56
8/8/8/p1K5/Pp1pk2p/1P5P/6P1/8 w - -,g1h3 c8b7 h3f4 c7c5 d4d5 e6d5 c3d5 e7d5 f4d5 b7d5,Mate
2rq4/2pb2k1/2n2pp1/p2Np2r/P3P2P/1Pp1QN2/5PP1/R2R2K1 w - -,e3c3 h5h7 a1c1 d8f8 c3e3 g7g8 e3c5 c6b4 c5a5 b4d5,308
r1bqkb1r/ppp2ppp/2n2n2/1N6/Q2p4/6P1/PP1PPP1P/R1B1KBNR w KQkq -,g1f3 f8c5 f1g2 e8h8 e1h1 c8f5 d2d3 a7a6 b5a3 f8e8,-51
r2qk2r/1b1n1ppp/p4n2/1pbN4/2p1P3/P4N2/BP3PPP/R1BQ1RK1 w kq -,d5c3 e8h8 b2b3 a6a5 b3c4 b5b4 a3b4 a5b4 c3d5 f6e4,-90
r3k1nr/ppp3qp/6p1/5p2/3Pp3/8/PPP2PPP/RN1Q1RK1 w kq -,b1a3 e8a8 c2c3 g8f6 a3c4 h8e8 f1e1 f5f4 d1a4 c8b8,-73
r1bq1rk1/1p1nppbp/p2p1np1/P1pP4/4PB2/2N5/1PPQ1PPP/R3KBNR w KQ -,g1f3 b7b5 a5b6 d8b6 a1a2 a6a5 f1d3 f6g4 e1h1 g4e5,12
r2qk1nr/5pp1/b1n1p3/p1bpP2p/8/P1NB1N2/1P3PPP/R1BQ1RK1 w kq -,c1g5 c5e7 d3a6 a8a6 d1e2 a6a8 c3b5 g8h6 b5d6 e8f8,169
2k5/pp3ppp/2n5/3rPb2/8/7N/RP1bPPPP/2K2B1R w - -,d1a4 g8e7 c3b5 e8h8 a4h4 e7f5 h4h5 g7g6 h5h3 g8g7,Mate
3r1br1/p1k2ppp/1nppb3/8/2P5/1P6/PB1NBPPP/R1R3K1 w - -,d2e4 f8e7 c4c5 d6c5 e4c5 e7c5 c1c5 d8d2 b2e5 c7b7,65
5bk1/ppp2ppp/8/2P3q1/4Pn2/1P1Q1PP1/P5KP/R4R2 w - -,g2g1 g5c5 g1h1 f4d3 f1g1 h7h5 a1f1 g8h7 g1g2 c5e3,-622
rnbq1rk1/pp4pp/5p2/2bpP1B1/2B3n1/2NP1N2/PPP3PP/R2QK2R w KQ -,h2h3 d5c4 h3g4 f6g5 d1e2 c4d3 e2e4 d3d2 e1f1 g7g6,-154
2kr2nr/ppp3qp/6p1/5p2/3Pp3/2N5/PPP2PPP/R2Q1RK1 w - -,d1e1 g8f6 c3e2 h8e8 c2c4 e4e3 f2f3 f6h5 e1c3 g6g5,-107
r5n1/pp1n2k1/4p3/2ppP3/3P2P1/4bP1N/PP6/RN1K3R w - -,f3f4 g8e7 b1a3 a8h8 d1e2 c5d4 a3c2 e7g6 a1f1 e3f4,327
1r1q2k1/5pp1/4p2p/pr1pQb2/3P1P2/1RP3P1/1P2B2P/6K1 w - -,b3b5 b8b5 e2b5 d8b6 e5e2 f5g4 e2f1 h6h5 g1g2 h5h4,-44
4r1k1/2q1nppp/1pb2n2/p2p4/3Pp3/1Q2P1PP/PP2NPBK/2R1B3 w - -,,0
r3qrk1/1pp2pb1/p2p2pp/3Pp1n1/2P1P1PB/1b3P1P/P1QNB3/2KR3R w - -,d2b3 c7c6 c1b1 a6a5 h4e1 a5a4 b3d2 b7b5 h3h4 g5h7,307
2r2rk1/1p3ppp/p1n2b2/q1PR4/B1Q5/P3B3/1P3PPP/R5K1 w - -,c4c2 c8d8 b2b4 a5c7 a1d1 g7g6 g2g3 d8d5 d1d5 f8d8,259
2k5/pp3ppp/2n5/3rPb2/1b6/7N/RP2PPPP/3K1B1R w - -,c4c2 c8d8 b2b4 a5c7 a1d1 g7g6 g2g3 d8d5 d1d5 f8d8,Mate
8/8/8/k7/5K2/7R/8/2R5 w - -,c4c2 c8d8 b2b4 a5c7 a1d1 g7g6 g2g3 d8d5 d1d5 f8d8,Mate
rnbqk2r/ppp1ppb1/3p3p/6pn/3PP3/2N2NB1/PPPQ1PPP/R3KB1R w KQkq -,f1c4 e7e6 e1a1 a7a6 e4e5 b8d7 c1b1 d6d5 c4b3 c7c5,44
4rk2/3p1p1p/p4Ppb/1pp5/8/2PP2PN/PP2R1KP/8 w - -,h3f4 h6f4 e2e8 f8e8 g3f4 d7d5 g2f3 e8d7 f3g4 d7e6,-43
8/5kpB/4p3/8/8/8/5PPP/6K1 w - -,h2h4 g7g6 g1h2 f7g7 h7g6 g7g6 h2g3 g6f5 g3f3 f5e5,960
2kr3r/ppp1n1qp/6p1/3P1p2/4p3/2N5/PPP2PPP/R2Q1RK1 w - -,a2a4 c7c6 d5d6 g7e5 d1e2 d8d6 e2e3 c8b8 a4a5 a7a6,-184
r3r1k1/Q2n1ppp/1p2pn2/8/P1qP4/2P2N1P/3B1PP1/R3R1K1 w - -,a7b6 d7b6 f3e5 c4c7 a4a5 b6c4 e5c4 c7c4 e1b1 c4c7,-526
r2qkb1r/pp1n1ppp/2p1pnb1/3p4/3P1B2/2NBP1N1/PPP2PPP/R2QK2R w KQkq -,e1h1 f8e7 d3g6 h7g6 e3e4 d5e4 c3e4 f6d5 f4c1 b7b5,-20
3q2k1/5pp1/4p2p/pr1pQb2/3P1P2/2P3P1/1P2B2P/6K1 w - -,e2b5 d8b6 e5e2 f5g4 e2f1 a5a4 g1g2 g7g6 h2h3 g4d1,-38
8/8/1k6/2R5/5K2/7R/8/8 w - -,e2b5 d8b6 e5e2 f5g4 e2f1 a5a4 g1g2 g7g6 h2h3 g4d1,Mate
2brr2k/1p6/p1p1pp2/2P1P1q1/3P2pp/8/PPQ4P/1B5K w - -,e2b5 d8b6 e5e2 f5g4 e2f1 a5a4 g1g2 g7g6 h2h3 g4d1,Mate
6k1/6p1/4p3/8/8/8/5PPP/6K1 w - -,g2g4 g8f7 g1g2 f7f8 h2h4 f8e7 g2f3 e7f6 f3e4 f6f7,877
rr4k1/1Q1n1ppp/1p2pn2/8/P1qP4/2P2N1P/3B1PP1/R3R1K1 w - -,b7e4 f6e4 e1e4 a8a4 a1a4 c4a4 e4e1 b8a8 d2e3 h7h6,-513
5rn1/pp1n2k1/4p3/2ppP1b1/3P2P1/5P2/PP2N3/RN1K3R w - -,h1f1 g5e3 b1a3 e3d4 e2d4 c5d4 a3b5 f8f4 b5c7 g7f7,244
6k1/5pp1/1q2p2p/pB1pQb2/3P1P2/2P3P1/1P5P/6K1 w - -,e5e2 f5g4 e2f1 a5a4 g1g2 g7g6 h2h3 g4f5 f1e2 b6a5,-43
r1b2rk1/pppp1ppp/1nn1p3/4P3/1qPP4/5N2/PPQN1PPP/R3KB1R w KQ -,a2a3 b4e7 f1d3 h7h6 e1h1 d7d6 b2b4 d6e5 d4e5 b6d7,127
2R5/8/8/k7/5K2/7R/8/8 w - -,e1a1 b4e7 a2a3 d7d6 f1d3 h7h6 g2g4 d6e5 d4e5 b6d7,Mate
2r2r1k/1p4b1/pq1pQ2p/5pp1/3P4/1P3NB1/PP3PPP/5RK1 w - -,g3e5 b6c7 e6h6 h8g8 e5g7 c7g7 h6d6 g7f6 d6d5 f6f7,100
rnbqk2r/ppp1ppb1/3p3p/6p1/3PP3/2N2Nn1/PPPQ1PPP/2KR1B1R w kq -,f1b5 c7c6 h2g3 c6b5 f3g5 b8c6 g5f3 c8g4 d4d5 c6a5,-301
1k6/5p2/P1K3p1/7p/3r1P1P/4R1P1/8/8 w - -,c6c5 d4d8 e3f3 d8e8 f4f5 b8a7 c5d5 a7a6 f5g6 f7g6,495
4rn1r/p4kbp/1p2pnp1/1Ppp4/q2P1B2/3B3P/P1PQ1PP1/RN2R1K1 w - -,d4c5 f6d7 c5c6 g7a1 c2c3 e6e5 d3e4 f8e6 c6d7 d5e4,64
1k1r3r/1pp1n1qp/p5p1/3P1p2/4p3/2N4P/PPPQ1PP1/R4RK1 w - -,a1e1 g7e5 f2f3 e7d5 f3e4 d5c3 d2c3 e5c3 b2c3 f5e4,-92
5bk1/ppp2ppp/6n1/2P1B3/4PP2/1P4nq/P6Q/R4R1K w - -,a1e1 g7e5 f2f3 e7d5 f3e4 d5c3 d2c3 e5c3 b2c3 f5e4,Mate
5rn1/pp1n2k1/4p3/2ppP3/3P2P1/4bP2/PP2N3/RN1K1R2 w - -,b1a3 e3d4 e2d4 c5d4 a3b5 f8f4 b5c7 g7f7 f1h1 d7f8,252
r3kbnr/p2n1ppp/1p2p3/1B1q4/3P4/1Q6/PP3PPP/R1B1K1NR w KQkq -,b3d5 e6d5 c1f4 g8e7 b5a6 d7f6 g1f3 e7g6 a6b7 e8d7,158
3r2k1/p4pp1/Br2b2p/8/4P3/P7/5PPP/R3K2R w - -,a6e2 b6b2 a1d1 d8c8 d1d2 c8c1 e2d1 b2b1 d2d8 g8h7,-94
2r3k1/2q1nppp/1pb2n2/p2p4/3Pp3/1Q2P1PP/PP2NP1K/2R1BB2 w - -,a2a4 h7h6 b3a3 c7d7 b2b4 c6a4 b4a5 b6a5 e1a5 c8c1,14
2kr1b1r/ppp2ppp/2n1q3/8/4P3/4BN1P/PPP2PP1/R2Q1RK1 w - -,f3d2 f8e7 c2c3 g7g5 d1h5 h8g8 a1d1 g5g4 h3g4 g8g4,72
1R6/8/8/7R/5K2/2k5/8/8 w - -,e3d2 e6e4 f1e1 e4c4 c2c3 g7g6 d1e2 c4e2 e1e2 f8g7,Mate
8/3k1p2/p1b4p/r3PP2/P1KB4/7P/1P6/8 w - -,b2b3 c6e4 c4b4 a5d5 b4c4 d7c6 e5e6 d5f5 e6f7 e4d5,-536
r1b2bkr/ppN3p1/2n4p/q5N1/3pP3/8/PPP2PPP/R1BQK2R w KQ -,b2b4 a5c7 g5f3 f8b4 c1d2 b4d2 f3d2 g8h7 e1h1 h8f8,-417
r1bqk2r/pppnppb1/3p3p/6p1/3PP3/2N2NP1/PPPQ1PP1/2KR1B1R w kq -,e4e5 e7e6 g3g4 d6d5 f1d3 a7a6 c3e2 c7c5 c2c3 b7b5,60
6k1/5pp1/1q2p2p/pB1p4/3P1Pb1/2P3P1/1P2Q2P/6K1 w - -,e2f1 a5a4 g1g2 g7g6 h2h3 g4f5 f1e2 f5e4 g2f2 b6a5,-65
2brr2R/1p3k2/p1p1pp2/2P1P1q1/3P2pp/8/PPQ4P/1B5K w - -,e2f1 a5a4 g1g2 g7g6 h2h3 g4f5 f1e2 f5e4 g2f2 b6a5,Mate
3r2r1/p1k1bppp/1nppb3/8/2P1N3/1P6/PB2BPPP/R1R3K1 w - -,e2f1 a7a5 c4c5 d6c5 e4c5 e6f5 b2e5 e7d6 c5a6 c7b7,61
1R6/8/8/8/5K2/7R/2k5/8 w - -,e2f1 a7a5 c4c5 d6c5 e4c5 e6f5 b2e5 e7d6 c5a6 c7b7,Mate
r1bqk2r/1ppnbppp/p2pp3/7n/3P1B2/2PBPN2/PP1N1PPP/R2QK2R w KQkq -,d1e2 c7c5 h2h4 h5f4 e3f4 b7b5 e1a1 b5b4 c3c4 c5d4,12
2r3k1/1R4p1/p6p/Bb1p1p2/2p5/4PPP1/3K3P/8 w - -,b7a7 g7g6 a5c3 c8c6 a7d7 c6e6 d7d5 g8f7 d5d8 a6a5,-5
r2q1rk1/3bppbp/pn1p1np1/2pP4/4PB2/2N5/BPPQ1PPP/R3K1NR w KQ -,f2f3 b6a4 c3a4 d7a4 a1b1 a6a5 g1e2 a4b5 f4g5 d8b6,-62
2r5/8/p3p1kn/2Np4/1P1p1Pn1/4b1N1/P3K3/R4R2 w - -,,0
3q4/4rpkp/r4Np1/1pR1p3/8/1P1b1Q2/5PPP/2R3K1 w - -,f6h7 e7d7 c5e5 g7h7 h2h3 a6d6 c1c5 d8f6 f3f6 d6f6,-324
6k1/ppp2ppp/6n1/2b1B3/4PP2/1P4nq/P6Q/R4RK1 w - -,f6h7 e7d7 c5e5 g7h7 h2h3 a6d6 c1c5 d8f6 f3f6 d6f6,Mate
r3kbnr/p2n1ppp/1p6/1B1p4/3P4/8/PP3PPP/R1B1K1NR w KQkq -,g1f3 f8d6 b5c6 a8c8 c6d5 g8f6 d5b3 e8h8 e1h1 b6b5,164
6k1/5pp1/1q2p2p/1B1p4/p2P1Pb1/2P3P1/1P5P/5QK1 w - -,g1g2 g7g6 h2h3 g4f5 f1e2 b6a5 b5d3 f5d3 e2d3 a5b6,-59
2R5/8/8/8/5K2/7R/1k6/8 w - -,g1g2 g7g6 h2h3 g4f5 f1e2 b6a5 b5d3 f5d3 e2d3 a5b6,Mate
3r2k1/p4pp1/4b2p/8/4P3/P7/1r2BPPP/R3K2R w - -,a1d1 d8c8 d1d2 c8c1 e2d1 b2b1 d2d8 g8h7 h2h4 h6h5,-86
1k1r4/1pp1n1qp/p5p1/3r1p2/NQ2p3/7P/PPP2PP1/1R3RK1 w - -,b4a3 e7c6 g1h1 c6d4 c2c4 d5d6 b2b4 g6g5 b4b5 a6b5,-353
8/6rk/5K2/8/8/8/Q7/8 w - -,b4a3 e7c6 g1h1 c6d4 c2c4 d5d6 b2b4 g6g5 b4b5 a6b5,Mate
2kr3r/1b2q1b1/2n1p2p/p2pP1pN/1p4PP/3B1N2/PPP1Q3/1K1R3R w - -,d3b5 c6a7 b5a6 d8e8 f3d4 g5h4 d4b3 b7a6 e2a6 c8b8,233
rnN2k1r/pp3p1p/5np1/4b3/4P3/2N5/PPP1BPPP/R3K2R w KQ -,e1a1 e5c3 b2c3 f6e4 e2f3 b8c6 f3e4 a8c8 d1d7 c8e8,155
r2q1rk1/4ppbp/pn1p1np1/1bpP4/4PB2/2N5/BPPQNPPP/R3K2R w KQ -,h2h3 b6a4 c3a4 b5a4 e2g3 a8b8 c2c3 d8b6 a1b1 a4b3,-40
r1b2rk1/pppp1pp1/1nn1p2p/4P3/1qPP4/3B1N2/PPQN1PPP/R3K2R w KQ -,a2a3 b4e7 b2b4 d7d6 e1h1 b6d7 a1e1 d6e5 d4e5 b7b6,122
r1bqk2r/pppn1pb1/3pp2p/4P1p1/3P4/2N2NP1/PPPQ1PP1/2KR1B1R w kq -,g3g4 d7b6 c3e4 c8d7 e4g3 h8g8 e5d6 d7c6 f3e5 d8d6,65
3r2r1/p1k1bppp/1np1b3/2p5/4N3/1P6/PB2BPPP/R1R3K1 w - -,e4c5 e7c5 c1c5 d8d2 b2e5 c7b7 e2f3 b6d7 c5b5 b7a6,57
r3k1nr/1bqpbppp/p1n1p3/1pp3N1/4P2P/2NP4/PPP1BPP1/R1BQK2R w KQkq -,g5h3 d7d6 c1f4 c6d4 f4g3 c7c6 a2a4 b5b4 c3b1 f7f5,-117
8/8/8/p7/PpK1k2p/1P1p3P/6P1/8 w - -,g5h3 d7d6 c1f4 c6d4 f4g3 c7c6 a2a4 b5b4 c3b1 f7f5,Mate
6k1/5pp1/1q2p2p/1B1p1b2/p2P1P2/2P3P1/1P4KP/5Q2 w - -,f1e2 f5g4 e2f1 g7g6 h2h3 g4f5 f1e2 b6a5 b5d3 f5d3,-46
r6r/3k1pp1/1qnPp1n1/p2p3p/Q4B2/P4N2/1P3PPP/2R2RK1 w - -,f4e3 b6a6 f3g5 h8f8 c1c5 g6e5 f1c1 f8c8 e3f4 e5d3,307
1R6/8/8/8/2k2K2/8/7R/8 w - -,h2h3 a8b8 f4e3 b6b5 a4b5 b8b5 c1c6 d7c6 f3d4 c6b6,Mate
rn1qkbnr/1pp2ppp/p3b3/3p4/8/2N3P1/PP1PPPBP/R1BQK1NR w KQkq -,d1b3 b8d7 g2d5 d7c5 b3c4 g8f6 d5e6 c5e6 g1f3 c7c5,90
1R6/8/8/7R/5K2/3k4/8/8 w - -,d1b3 b8d7 g2d5 d7c5 b3c4 g8f6 d5e6 c5e6 g1f3 c7c5,Mate
1k6/5p2/P1K5/5p1p/3r3P/4R1P1/8/8 w - -,e3f3 d4g4 f3f5 g4g3 f5h5 g3h3 c6b6 h3b3 h5b5 b3f3,463
r1N2k1r/pp1n1p1p/5np1/4b3/4P3/2N5/PPP1BPPP/2KR3R w - -,c8d6 f8e7 d6b7 a8b8 e2a6 e5c3 b2c3 f6g4 d1d4 g4f2,256
r3k2r/ppp2ppp/8/3p4/5Rb1/2P3P1/P3q2P/R1BQK3 w kq -,d1e2 g4e2 e1e2 f7f6 c1e3 e8a8 a1d1 h8e8 f4d4 e8e5,151
3R4/8/8/7R/5K2/8/2k5/8 w - -,d1e2 g4e2 e1e2 f7f6 c1e3 e8a8 a1d1 h8e8 f4d4 e8e5,Mate
rnb2kr1/ppp5/4pp1b/3PN1qp/2BP3p/2N4P/PPP2PP1/R2QK2R w KQ -,d1f3 f8g7 c3e4 g5f4 f3f4 h6f4 e5d3 f4h6 d5e6 g8d8,299
r6r/1q1k1pp1/2nPp1n1/p2p3p/Q7/P3BN2/1P3PPP/2R2RK1 w - -,c1c5 a8a6 c5b5 b7a8 e3c5 h8c8 f1e1 c8b8 b5b8 a8b8,319
3r4/2k2p1p/1p2b1r1/p1pp4/P7/2P1PB2/2PR1PPP/2K4R w - -,h2h4 g6f6 h1d1 d8g8 c3c4 d5c4 d2d6 f6f3 g2f3 g8g2,104
6k1/5pp1/1q2p2p/1B1p4/p2P1Pb1/2P3P1/1P2Q1KP/8 w - -,e2f1 g8f8 h2h3 g4h5 f1d3 h5g6 d3e2 b6a5 b5d3 g6d3,-39
5rn1/pp1n2k1/4p3/3pP3/3p2P1/2N1bP2/PP2N3/R2K1R2 w - -,c3b5 d4d3 e2d4 g7f7 f1e1 e3f4 e1h1 d7e5 h1h7 f7g6,185
8/8/4k3/1KB5/7r/6R1/8/8 w - -,,0
6r1/p1k2ppp/1np1b3/2R5/8/1P6/PB1rBPPP/R5K1 w - -,b2e5 c7b7 e2f3 b6d7 c5b5 b7a6 b5a5 a6a5 e5c3 a5b6,58
r3k2r/ppp2ppp/8/3p4/5R2/2P3P1/P3b2P/R1B1K3 w kq -,e1e2 f7f6 c1e3 e8a8 a1d1 h8e8 f4d4 e8e5 e2f3 e5f5,152
5rn1/1p1n2k1/p3p3/1N1pP3/3p2P1/4bP2/PP2N3/R2K1R2 w - -,b5d4 g7f7 f3f4 g8e7 d1c2 d7c5 f1f3 e3d4 e2d4 f8h8,393
4rn1r/p4kbp/1p2pnp1/1Ppp4/3P1B2/3B3P/PqPQ1PP1/RN2R1K1 w - -,c2c3 b2d2 b1d2 f6h5 f4e3 f8d7 a1d1 c5c4 d3b1 h5f6,95
1r4k1/p4pp1/B3b2p/8/4r3/P7/5PPP/R4RK1 w - -,a1b1 b8b1 f1b1 e4a4 a6d3 g7g5 b1a1 g8g7 d3b5 a4d4,-16
r5nk/2p1br2/2qp4/P3p2p/4PnQ1/BN3pP1/3N1P1P/R3R1K1 w - -,a1c1 c6b5 g4f4 e5f4 c1c7 f4g3 h2g3 h5h4 a3d6 b5h5,-473
2kr1b1r/pppq1ppp/2n3b1/4p3/8/3P1NNP/PPP2PP1/R1BQ1RK1 w - -,f1e1 f7f6 a2a3 h7h5 h3h4 d7g4 d1e2 a7a6 c1e3 f8e7,-109
4R3/k4p2/P1K5/5p1p/3r3P/6P1/8/8 w - -,e8f8 d4d3 f8f7 a7a6 f7g7 d3f3 g7g8 a6a7 g8g5 f5f4,22
2r1n1k1/1q2nppp/1pb5/pN1p4/3Pp3/1Q2P1PP/PP3P1K/2R1BB2 w - -,a2a4 h7h5 b3d1 h5h4 g3g4 c6b5 f1b5 e8c7 b5e2 c7e6,28
rnbqk2r/pp3ppp/2p1pn2/4N3/1bpP4/2N5/PP1BPPPP/R2QKB1R w KQkq -,e2e3 b7b5 a2a4 c8b7 a4b5 b4c3 d2c3 c6b5 c3a5 d8d5,-28
2kr3r/ppp2ppp/8/3p4/5R2/2P3P1/P3K2P/R1B5 w - -,f4f7 d8d7 f7d7 c8d7 c1e3 h8e8 a1f1 b7b6 f1f5 c7c6,272
3r4/2k2p1p/1p2b2r/p1pp4/P7/2P1PB2/2PR1PPP/2KR4 w - -,h2h3 h6f6 c3c4 d8g8 c4d5 e6h3 d5d6 c7d8 f3d5 h3e6,95
rnN2k1r/pp3p1p/5np1/8/4P3/2b5/PPP1BPPP/2KR3R w - -,e2b5 c3e5 c8d6 a7a6 b5c4 e5f4 c1b1 f4d6 d1d6 f8e7,-199
4r1k1/p4ppp/P3p3/1p2R3/2rP4/2n4P/3B1PP1/R5K1 w - -,e5e1 b5b4 d2c3 b4c3 e1c1 e8c8 a1a3 c3c2 a3a2 g8f8,-204
1k1r4/1pp3qp/p1n3p1/3r1p2/NQP1p3/7P/PP3PP1/1R3RK1 w - -,b4e1 d5d2 a4c3 d8d3 c3d5 d2b2 e1c1 b2b1 c1b1 g7d4,-434
r5nk/2p1br1p/2qp4/P3p3/4PnQ1/BN3pP1/5P1P/R3RNK1 w - -,b3d2 h7h5 g4f3 f4h3 g1g2 f7f3 d2f3 h3g5 f1d2 g5e6,-387
8/p7/1p2k3/1P1p1p1p/3PPP2/3K1P2/8/8 w - -,e4e5 e6d7 d3e3 d7c7 e3f2 c7b7 f2g3 b7c7 g3h4 c7b7,770
2r5/2pbq1k1/2n2pp1/p3p2r/P3P2P/1PN1QN2/5PP1/R2R2K1 w - -,c3d5 e7e6 a1c1 d7e8 c1c5 g6g5 h4g5 f6g5 f3g5 e6g6,298
rn1qkbnr/p4ppp/1p2p3/3b4/3P4/1QN5/PP3PPP/R1B1KBNR w KQkq -,c3d5 d8d5 f1b5 e8d8 c1f4 d5b3 a2b3 a7a5 a1c1 f8b4,175
r6r/1q3pp1/2nkp1n1/p1Rp3p/Q7/P3BN2/1P3PPP/5RK1 w - -,f1c1 a8a6 f3g5 g6e5 c5b5 b7c7 f2f4 e5g4 e3c5 d6d7,355
5r1k/q2b2pp/p1n1p3/1p1p1r2/1P1P4/P6P/3QNPP1/R1BR2K1 w - -,d1f1 e6e5 e2g3 f5f7 d4e5 c6e5 c1b2 e5c4 d2d4 a7d4,40
r2qnrk1/1pp1bppp/p1n1p3/4N1P1/3PpP2/PP2P3/1BP1B2P/R2Q1RK1 w - -,e5g4 f7f5 g5f6 e7f6 c2c4 e8d6 d1c2 d8e8 g1h1 c6e7,160
r1bqkbnr/pp2pppp/8/3p4/8/1n3N2/PPPP1PPP/RNBQ1RK1 w kq -,,0
rn1qkb1r/p4ppp/1p2pn2/4N3/2BP4/P1N5/1P3PbP/R1BQK2R w KQkq -,c4b5 f6d7 h1g1 g2b7 d4d5 d8f6 g1g5 a7a6 c3e4 f6e5,326
r4rk1/ppp2ppp/8/3p4/5R2/2P3P1/P3K2P/R1B5 w - -,f4d4 f8e8 e2f2 c7c6 a2a4 e8e5 a1b1 b7b6 a4a5 b6a5,174
3r4/2k2p1p/1p2br2/p1pp4/P7/2P1PB1P/2PR1PP1/2KR4 w - -,c3c4 d8g8 c4d5 e6h3 f3e4 h3d7 d1h1 h7h6 f2f3 g8e8,95
r3k2r/1b1pq1bp/p4ppn/1pp3B1/4p3/2PP2PN/PP2Q1BP/4RRK1 w kq -,g2e4 b7e4 e2d2 f6g5 e1e4 g7e5 e4e5 e7e5 f1e1 e5e1,183
2r5/2pb2k1/2n1qpp1/p2Np2r/P3P2P/1P2QN2/5PP1/R2R2K1 w - -,a1c1 d7e8 c1c5 g6g5 h4g5 f6g5 f3g5 e6g4 g5f3 c8d8,297
4r1k1/p4ppp/P3p3/1p2R3/3P4/2r4P/5PP1/R5K1 w - -,g2g4 e8b8 a1a5 b5b4 e5b5 b8b5 a5b5 g7g6 b5b4 c3a3,-28
r3k1nr/1bqpbp1p/p1n1p1p1/1pp3NB/4P2P/2NP4/PPP2PP1/R1BQK2R w KQkq -,h5g4 h7h6 g5f3 f7f5 g4h3 e8a8 g2g3 g8f6 a2a3 c8b8,-139
4r1k1/pp2r3/1bn1p3/6B1/4Q3/3R4/P4qPP/4R1K1 w - -,g1h1 e7g7 d3d7 g8h8 g5h4 f2f8 d7g7 f8g7 e4d3 g7h6,-303
r5n1/2p1b1kp/2qp4/P3p3/4PP2/BN3p2/5P1P/R3RNK1 w - -,a3c1 g7f7 e1e3 e7f6 a1a3 g8e7 f4e5 a8g8 f1g3 d6e5,-203
r2qkb1r/p2n1ppp/1p2pn2/1B2N3/3P4/P1N5/1P3PbP/R1BQK2R w KQkq -,h1g1 a7a6 b5d7 f6d7 g1g2 d7e5 d4e5 d8c7 d1e2 a8d8,385
2r4r/1q3pp1/2nkp1n1/p1Rp3p/Q7/P3BN2/1P3PPP/2R3K1 w - -,c5b5 b7a8 b5b6 h8d8 a4b5 d6e7 b6c6 c8c6 c1c6 e7f8,427
2r2rk1/1p3ppp/p4b2/q1PRn3/B1Q5/P3B1P1/1P3P1P/R5K1 w - -,c4e4 e5c6 e4c2 b7b5 a4b3 c6b4 c2d2 b4c6 a1d1 a5d2,270
1k1r4/1pp3qp/p1n3p1/5p2/N1P1p3/1Q1r3P/PP3PP1/1R3RK1 w - -,b1d1 d3b3 d1d8 c6d8 a2b3 f5f4 b3b4 e4e3 f2e3 f4e3,-565
r4rk1/pp3ppp/2p5/3p4/3R4/2P3P1/P3K2P/R1B5 w - -,e2f2 f8e8 a2a4 e8e5 c1f4 e5f5 g3g4 f5f6 f2g3 f6e6,166
5rn1/1p4k1/p2Np3/2npP3/3p2P1/4bP2/PP2N3/R2K1R2 w - -,f3f4 g8h6 f1f3 h6f7 f3e3 d4e3 a1c1 c5d3 c1c7 g7g8,75
3r4/2k2p1p/1p2br2/p1p5/P1Pp4/4PB1P/2PR1PP1/2KR4 w - -,h3h4 e6c4 e3d4 c4d5 f3d5 d8d5 f2f3 d5h5 d4c5 b6c5,61
q1r4r/5pp1/2nkp1n1/pR1p3p/Q7/P3BN2/1P3PPP/2R3K1 w - -,b5b6 h8d8 a4b5 d6e7 b6c6 c8c6 c1c6 e7f8 e3d2 e6e5,442
r2q1rk1/3nppbp/pn1p2p1/2pP4/2b1PB2/2N2P2/BPPQNKPP/R6R w - -,f4h6 g7h6 d2h6 c4e2 f2e2 d7e5 h2h3 a8b8 f3f4 e5d7,-33
r3kb1r/p3nppp/2p1p3/q3P3/2Q5/2N2P2/PP3P1P/R1B1K2R w KQkq -,e1h1 a8c8 f1d1 e7g6 f3f4 f8b4 c1e3 b4c3 c4c3 a5c3,47
r3r1k1/pp3ppp/2p5/3p4/3R4/2P3P1/P4K1P/R1B5 w - -,a2a4 b7b6 a4a5 f7f6 h2h4 h7h5 c1f4 g8f7 a1b1 e8e6,155
1k1r4/1pp4p/p5p1/5p2/NnPqp2P/3r4/PPQ2PP1/1R3RK1 w - -,c2c1 e4e3 a2a3 d3d2 c1d2 e3d2 a3b4 d4c4 b1d1 c4b4,-606
r1bqk2r/pp1n1pb1/4p2p/3pP1p1/3p2P1/5NN1/PPPQ1PP1/2KR1B1R w kq -,g3h5 e8f8 d1e1 a7a5 h5g7 f8g7 f3d4 d7c5 h1h5 a5a4,169
6k1/5p2/1q2p1pp/1B1p3b/p2P1P2/2P3PP/1P3K2/5Q2 w - -,g3g4 g6g5 g4h5 g5f4 f2g2 b6a5 b5d3 a5c7 f1e1 c7d8,275
q1rr4/5pp1/1Rnkp1n1/p2p3p/Q7/P3BN2/1P3PPP/2R3K1 w - -,h2h4 d6d7 a4b5 d7e7 b6c6 c8c6 c1c6 e7f8 e3d2 a5a4,452
r3kb1r/2pb1ppp/p7/1pnBn1q1/3p4/2P2Q2/PP1N1PPP/R1B2RK1 w kq -,f1e1 e8a8 e1e5 g5e5 c3d4 e5d4 d2b3 d4g4 c1f4 g4f3,-522
r3r1k1/p4ppp/1pp5/3p4/P2R4/2P3P1/5K1P/R1B5 w - -,a4a5 f7f6 a1b1 a8b8 c1f4 b8b7 h2h4 h7h5 d4b4 b6b5,163
r2q1rk1/3nppbp/pn1p2p1/2pP4/4PBP1/2N2P2/bPPQNK1P/R6R w - -,c3a2 b6c4 d2e1 g7b2 a1b1 a8b8 a2c3 d7e5 f4e5 d6e5,-219
4r3/P5k1/1Q3np1/4p3/1P1p3q/5P2/4P2P/6RK w - -,b6b7 g7h6 b7f7 h4h5 f7e8 f6e8 a7a8q g6g5 a8d5 e8f6,656
8/2k2p1p/1p2br2/p1p5/P1Pr4/5B1P/2PR1PP1/2KR4 w - -,d2d4 c5d4 d1d4 e6h3 c4c5 b6c5 d4d5 c7b6 d5d3 h3c8,6
2r5/2pb2k1/2n1qpp1/p2Np3/P3P2r/1P2Q3/3N1PP1/R2R2K1 w - -,f2f4 c6d4 d2f3 d4f3 e3f3 e5f4 a1c1 g6g5 f3c3 d7e8,-46
8/p7/1p2k3/1P1pPp2/3P1P2/5P2/5K1p/8 w - -,f2g2 h2h1q g2h1 e6f7 h1g2 f7g6 g2g3 g6h7 g3h3 h7g7,Mate
K7/6Q1/8/8/8/8/7p/7k w - -,,0
6r1/pk1n1ppp/2p1b3/2R1B3/8/1P3B2/P2r1PPP/R5K1 w - -,e5f4 d7c5 f4d2 g8d8 d2g5 d8e8 a1d1 c5a6 h2h4 a6c7,46
2r5/2pb2k1/4qpp1/p2Np3/P2nP2r/1P3Q2/3N1PP1/R2R2K1 w - -,d5c7 c8c7 f3d3 c7c3 d3d4 e5d4 d2f1 e6e5 d1e1 e5h5,-625
1k1r4/1pp4p/p5p1/5p2/2q1p2P/2Nr4/nP2QPP1/1R3RK1 w - -,b1a1 a2c3 b2c3 c4c3 f1d1 c3d4 d1b1 e4e3 e2a2 e3f2,-607
8/2k2p1p/1p2br2/p7/P1Pp4/5B1P/2P2PP1/2KR4 w - -,d1d4 e6h3 c4c5 b6c5 d4d5 c7b6 d5d3 h3c8 d3b3 b6a6,10
r3r1k1/p5pp/1pp2p2/P2p4/3R4/2P3P1/5K1P/R1B5 w - -,c1f4 g7g5 f4e3 a8d8 d4d3 c6c5 a5b6 a7b6 a1a6 d5d4,168
2n1n1k1/1q3ppp/1p6/pb1p4/3Pp3/1Q2P1PP/PP1B1P1K/5B2 w - -,b3b5 e8d6 b5a4 c8a7 a4d1 b7c6 d1g4 a7b5 g4g5 f7f6,24
2kr1b1r/ppp2ppp/2n5/8/4q3/4BN1P/PPP1QPP1/R4RK1 w - -,f1e1 f8e7 c2c3 h8e8 e2b5 d8d5 b5f1 e4f5 f3d4 f5d7,8
2r1r1k1/1p3ppp/p4b2/q1PRn3/B3Q3/P3B1P1/1P3P1P/R5K1 w - -,a4e8 c8e8 f2f4 h7h5 e3f2 a5b5 f4e5 h5h4 a1d1 h4g3,546
4rn1r/p4kbp/1p2pnp1/1Ppp4/3P1B2/2PB3P/P2q1PP1/RN2R1K1 w - -,b1d2 f6h5 f4e3 f8d7 g2g4 h5f6 f2f4 h7h5 g4g5 f6g8,71
6k1/5p2/1q2p2p/1B1p2pb/p2P1P2/2P3PP/1P3K2/5Q2 w - -,f4g5 h6g5 f2g2 g8f8 f1d3 b6a5 b5d7 a4a3 b2a3 a5a3,-34
r3r1k1/4q3/pp2pp2/3bP1p1/3PBnPp/4QR2/PP3N1P/5RK1 w - -,f2d3 f6e5 d4e5 a8c8 d3f4 g5f4 f3f4 e7c5 e3c5 c8c5,133
6k1/2pr4/pn3q2/1p2p2Q/4P2P/1PP1R3/1P3PP1/6K1 w - -,e3f3 f6e6 h5g5 d7g7 g5d8 g8h7 f3f8 e6e7 f8h8 h7g6,161
5r2/1p4k1/p2Np2n/2npP3/3p2P1/4bPN1/PP6/R2K1R2 w - -,b2b4 c5d3 d6b7 f8c8 b7c5 d3c5 b4c5 g7g6 d1e1 c8c5,55
r3k1nr/1bqpb3/p1n1p1pp/1pp2p2/4P1BP/2NP1N2/PPP2PP1/R1BQK2R w KQkq -,g4h3 g8f6 g2g3 e8a8 h3g2 e7d6 c1d2 d8f8 d1e2 f6g4,-148
2Q5/1K6/8/8/8/6k1/7p/8 w - -,g4h3 g8f6 g2g3 e8a8 h3g2 e7d6 c1d2 d8f8 d1e2 f6g4,Mate
rn1qkbnr/1pp2pp1/p3b2p/3p4/8/2NP2P1/PP2PPBP/R1BQK1NR w KQkq -,d1b3 g8e7 b3b7 b8d7 d3d4 g7g5 b7b3 c7c5 b3d1 f8g7,78
5r2/1p6/p2Np1kn/2npP3/3p2P1/4bPN1/PP2K3/R4R2 w - -,,0
8/2k2p1p/1p3r2/p7/P1PR4/5B1b/2P2PP1/2K5 w - -,c4c5 b6c5 d4d5 c7b6 d5d3 h3c8 d3b3 b6a6 b3b5 c8d7,10
1k1r4/1pp4p/p5p1/5p2/4p2P/3r4/qP2QPP1/1R3RK1 w - -,h4h5 a2b3 f1c1 d3d2 e2c4 b3b6 c4c5 d2d1 c1d1 d8d1,-580
5r2/1p1n4/p2Np1kn/3pP3/1P1p2P1/4bPN1/P3K3/R4R2 w - -,,0
4r3/p1k2pp1/2P3p1/2bp2q1/6P1/8/R4PQP/5BK1 w - -,g2g3 g5e5 g3f3 e8e7 a2e2 e5d6 e2e7 d6e7 f3d5 a7a5,-25
4rr2/3p2kp/p5pn/1pQ3N1/8/2PP2P1/PP5P/6K1 w - -,c5d4 g7g8 g5e4 h6f5 d4d5 e8e6 d5d7 e6e7 d7d5 g8g7,172
2r5/2pb2k1/4qpp1/p2Np3/P3P2r/1P4Q1/3NnPP1/R2R2K1 w - -,g1f1 e2g3 f2g3 h4h1 f1f2 h1d1 a1d1 e6c6 d5e3 d7e6,-715
1k1r4/1pp4p/p5p1/3q1p2/4p2P/3r4/1P2QPP1/4RRK1 w - -,e1b1 d3d2 e2e3 b7b6 b2b4 b8b7 h4h5 d5d6 b1c1 d6b4,-585
q1rr4/6p1/1Rnkppn1/pQ1p3p/8/P3BN2/1P3PPP/2R3K1 w - -,b6a6 a8a6 b5a6 g6e7 e3b6 d8e8 f3d4 e6e5 d4b5 d6d7,577
8/2k2p1p/5r2/p1p5/P2R4/5B1b/2P2PP1/2K5 w - -,d4d5 c7b6 d5d3 h3c8 d3b3 b6a6 b3b5 c8d7 b5c5 d7a4,14
4rk2/PQ6/5np1/4p3/1P1p3q/5P2/4P2P/6RK w - -,g1g6 e8d8 g6g1 h4h6 a7a8r d8a8 b7a8 f8e7 a8c6 h6h7,679
2r5/8/p3p1kn/2Npn3/1P1p2P1/4bPN1/P3K3/R4R2 w - -,f1h1 h6f7 g3h5 f7d6 f3f4 e5g4 e2f3 g4h6 h1h3 d6f5,103
4r3/p1k2pp1/2P3p1/2bpq3/6P1/6Q1/R4P1P/5BK1 w - -,g3f3 e8e7 a2e2 e5d6 e2e7 d6e7 f3d5 a7a5 d5d2 c5b6,-10
2kr1b1r/p2n2pp/2p2p2/8/2NPq3/2QB1bBP/P4PP1/R4RK1 w - -,d3e4 f3e4 c3a5 d7e5 d4e5 d8d5 a5a7 f6e5 c4e5 d5d6,1305
6k1/2pr4/pn2q3/1p2p2Q/4P2P/1PP2R2/1P3PP1/6K1 w - -,h5g5 d7g7 g5d8 g8h7 f3f8 e6e7 f8h8 h7g6 d8d1 g7h7,211
6k1/5p2/1q2p3/1B1p2pb/p2P4/2P3PP/1P3K2/5Q2 w - -,f2g2 g8g7 h3h4 g5h4 g3h4 g7f8 f1d3 h5g4 c3c4 g4f5,-34
rn1q1k1r/pp3pbp/3Nb1p1/8/4PQn1/2N5/PPP2PPP/R3KB1R w KQ -,f1b5 g7e5 d6f7 e6f7 f4g4 e5c3 b2c3 d8a5 g4c8 f8g7,-296
Bn1r2k1/p4ppp/1bp5/8/3p2b1/1QP1PqP1/PB3P1P/R1N2KR1 w - -,c3d4 b6a5 g1g2 g4h3 b2c3 a5c3 b3c3 f3d1 c3e1 h3g2,-480
r2q1rk1/3nppbp/p2p2p1/2pP4/2n1PBP1/2N2P2/RPPQNK1P/7R w - -,d2c1 a6a5 h2h4 c4e5 h4h5 a8b8 f2g2 f7f5 e4f5 g6f5,31
4rn1r/p4kbp/1p2p1p1/1Ppp3n/3P1B2/2PB3P/P2N1PP1/R3R1K1 w - -,f4e3 f8d7 g2g4 h5f6 f2f4 h7h5 g4g5 f6g8 a2a4 g8e7,78
r2qk2r/ppp2ppp/2nb1n2/3ppQ2/3P4/2P1P3/PP1N1PPP/R1B1K1NR w KQkq -,f5c2 e5e4 f2f3 d8d7 g1h3 e4f3 d2f3 e8a8 c1d2 h7h6,-77
7r/2pb2k1/4qpp1/p2Np3/P2nP1r1/1P2Q3/3N1PP1/R2R2K1 w - -,b3b4 g4g2 g1g2 h8h3 f2f3 h3g3 g2f2 e6h3 e3e1 g3f3,-490
8/8/8/p7/PpK1k3/1P1p2pP/8/8 w - -,b3b4 g4g2 g1g2 h8h3 f2f3 h3g3 g2f2 e6h3 e3e1 g3f3,Mate
4n1k1/5ppp/1pqn4/p2p4/3Pp3/1Q2P1PP/PP1B1P1K/5B2 w - -,h2g2 g7g6 f1e2 h7h5 b3c3 c6a4 b2b4 a5b4 c3b3 a4b3,12
1qrr4/6p1/R1nkppn1/pQ1p3p/8/P3BN2/1P3PPP/2R3K1 w - -,c1c6 d6e7 c6b6 b8c7 b6b7 d8d7 b7c7 c8c7 h2h3 e6e5,682
r2q1rk1/3nbpp1/2n1p2p/1bppP2P/pp4N1/P2P1NP1/1PP2PB1/R1BQR1K1 w - -,,0
5rk1/Qb3ppp/2q5/1pb5/8/2P2PP1/PP4KP/RNB2R2 w - -,a7a3 c5a3 b2a3 f8e8 f1f2 h7h5 b1d2 c6c3 a1b1 h5h4,-566
1k1r4/1pp5/p5p1/3q1p1p/7P/4r3/1PQ3P1/R4RK1 w - -,c2f2 e3d3 f1e1 d3d2 e1e2 d2e2 f2e2 d5c5 e2f2 c5d6,-578
8/p7/1p2k3/1P5p/3PKP2/8/8/8 w - -,d4d5 e6e7 f4f5 h5h4 e4f3 e7e8 f3f4 e8e7 f4g4 e7e8,685
8/p6R/Pr2pp1R/1p4k1/2r2nP1/5K2/8/8 w - -,h6f6 g5f6 h7h1 b6a6 h1e1 a6a4 e1e3 f4d5 e3d3 c4g4,-887
7r/2Nb1qk1/5pp1/p3p3/P2nP1r1/1P2Q3/3N1PP1/R2R2K1 w - -,c7d5 f7e6 f2f4 g4g3 f4f5 e6g8 e3g3 d4e2 g1f2 e2g3,-280
4r2r/p2n1kbp/1p2p1p1/1Ppp3n/3P4/2PBB2P/P2N1PP1/R3R1K1 w - -,a1d1 c5c4 d3b1 a7a6 b5a6 e8a8 b1c2 a8a6 a2a4 h5f6,80
r6k/4b3/3p4/P1p1p1np/4P1nP/BNR3Pq/3N1P2/4R1K1 w - -,a3c5 d6c5 d2f3 g5f3 c3f3 a8f8 e1e3 h3h2 g1f1 g4e3,-1270
1q1r4/6p1/R1rkppn1/pQ1p3p/8/P3BN2/1P3PPP/6K1 w - -,a3c5 d6c5 d2f3 g5f3 c3f3 a8f8 e1e3 h3h2 g1f1 g4e3,Mate
r1bqkb1r/1p3ppp/p1n5/3np3/8/5NP1/PP2PPBP/RNBQK2R w KQkq -,e1h1 e5e4 f3d4 f7f5 d4c6 b7c6 d1c2 c8e6 c2c6 e8f7,35
rn1r2k1/p4pp1/1ppN3p/3p4/3P4/P7/2P2PPP/R3R1K1 w - -,h2h4 d8d6 e1e8 g8h7 a1e1 c6c5 d4c5 b6c5 a3a4 d5d4,-165
r2qkb1r/ppp2p1p/2n2np1/3ppQ2/3P4/2P1P3/PP1N1PPP/R1B1K1NR w KQkq -,f5d3 d8d7 g1e2 e5e4 d3c2 d7g4 e2f4 f8d6 h2h3 g4f5,-80
r2q1rk1/3np1bp/p2p1pp1/2pP4/2n1PBP1/2N2P2/RPP1NK1P/2Q4R w - -,e2g3 a8b8 h2h4 a6a5 f2g2 d8b6 c1f1 c4b2 f4c1 b6b4,78
r1b4k/ppp1p2n/3p1q1p/8/3Q4/6P1/PPP2r1P/R5K1 w - -,c2c3 h7g5 d4f6 f2f6 a1f1 g5f3 g1g2 c8d7 f1f3 d7c6,-1196
r1b3kr/ppN3p1/2n4p/q5N1/1b2P3/2p5/PP1Q1PPP/R1B1K2R w KQ -,d2e2 c3b2 e1f1 a5c7 e2c4 g8f8 c1b2 h6g5 a2a3 b4a5,-607
7r/2Nb1qk1/5pp1/p3p3/P1NnP2r/1P2Q3/5PP1/R2R2K1 w - -,e3h6 h4h6 f2f3 d7a4 a1a4 h6h1 g1f2 h1d1 c7d5 d4b3,-964
1k6/1pp5/p5p1/3q1p1p/7P/4r1r1/1PQ3PK/R4R2 w - -,f1e1 g3g2 c2g2 d5e5 h2g1 e3e1 a1e1 e5e1 g2f1 e1h4,-598
rn1qkb1r/pp3ppp/2p1p3/8/3PnBb1/2P5/PPQ2PPP/R3KBNR w KQkq -,,0
5r1k/4b3/3p4/P1p1p1np/4P1nP/BNR3Pq/5P2/4RNK1 w - -,c2e4 b8d7 f1d3 d7f6 e4e5 d8b6 g1e2 e8a8 e5b8 c8d7,Mate
r3kb1r/1bp1pppp/p1pq1n2/4N3/3P4/2N5/PPP2PPP/R1BQ1RK1 w kq -,c3a4 g7g6 f1e1 f8g7 a4c5 b7c8 h2h3 h7h6 d1f3 d6d5,240
r1bqk1nr/3nppb1/p2p2pp/1pp5/3PP2P/2N1BP2/PPPQ2P1/2KR1BNR w kq -,h4h5 g6g5 d4c5 d6c5 e3c5 g7e5 c5d4 c8b7 d4e5 d7e5,153
1r6/rpqn4/pRp2ppk/2P4p/3Pp3/4PN2/P4PPP/1RQ3K1 w - -,f3d2 f6f5 d2c4 c7d8 b6b2 d8c7 h2h3 d7f6 f2f4 c7e7,224
1q1r4/3k2p1/R1r1ppn1/pQBp3p/8/P4N2/1P3PPP/6K1 w - -,h2h3 e4f3 g2f3 a6a5 c1c4 h6g7 a2a4 c7d8 b6b3 d7f8,Mate
8/p6R/Pr2p3/1p3pk1/2r3n1/4K3/7R/8 w - -,h2h3 e4f3 g2f3 a6a5 c1c4 h6g7 a2a4 c7d8 b6b3 d7f8,Mate
2kr3r/ppp2pp1/6q1/4b1p1/8/1QP1B2P/PP4P1/R4RK1 w - -,b3a4 g5g4 a4g4 g6g4 h3g4 d8d7 a1e1 e5g3 e1d1 d7d1,-35
r5k1/1b3ppp/2q5/Qpb5/8/2P2PP1/PP4KP/RNB2R2 w - -,b1d2 a8a5 b2b4 c5a7 b4a5 c6e6 d2e4 f7f5 a5a6 b7c6,-638
1k6/1pp5/p5p1/5p1p/7P/3qr1r1/1P3QPK/R4R2 w - -,f1e1 d3d6 h2g1 e3e1 a1e1 b7b6 e1e6 d6e6 f2g3 a6a5,-528
r1bqk2r/ppp2pbp/5np1/8/2PpP3/2N4P/PPQ2PP1/R1B1KB1R w KQkq -,c3a4 e8h8 f1d3 b7b6 c1d2 c7c5 e1h1 c8b7 a1e1 f6h5,-104
rnbqkb1r/ppp2p2/3pp2p/7n/3PP1p1/2P2NB1/PP3PPP/RN1QKB1R w KQkq -,f3h4 d8g5 b1d2 b8c6 d1b3 f8g7 e1a1 a8b8 d4d5 e6d5,20
r2qk2r/pp1nbppp/2p1p2n/3pP3/3P1PP1/3B1N2/PPQ5/RNBK3R w kq -,c2g2 d8b6 b1c3 e8a8 c1d2 b6b2 a1b1 b2a3 b1b3 a3a5,375
r2qk2r/ppp2pbp/2n2np1/3pp3/3P4/2P1P3/PPQN1PPP/R1B1K1NR w KQkq -,a2a4 e8h8 g1e2 f8e8 e1h1 e5d4 c3d4 a7a5 d2f3 c6b4,-41
4br1k/q5pp/p1n5/1p2P3/1P3r2/P2p2NP/1B1Q1PP1/4RRK1 w - -,e1e4 f4e4 g3e4 a7e7 d2c3 f8f4 e4d6 e8d7 c3c5 e7h4,287
4nk2/5ppp/1pqn4/p2p4/P2Pp3/1Q2P1PP/1P1B1P1K/5B2 w - -,h2g1 g7g6 b3a2 f8g7 b2b4 a5b4 d2b4 d6c4 f1c4 c6c4,20
1k6/1pp5/p5p1/5p1p/7P/1q2r1r1/1P3QPK/3R1R2 w - -,d1d4 b3e6 f2g3 e3g3 d4d8 b8a7 h2g3 e6b3 g3h2 b3b2,-500
r2q1rk1/3np1bp/p2p1pp1/2pPn3/4PBPP/2N2P2/RPP1NK2/2Q4R w - -,e2g3 a6a5 h4h5 d8b8 f2g2 b8b4 f4d2 f8b8 c3e2 b4b5,124
r2r2k1/p4pp1/npp4p/3p1N2/3P4/P7/2P2PPP/R3R1K1 w - -,a3a4 g8f8 a4a5 h6h5 h2h3 g7g6 f5e7 a6b4 e1e2 d8e8,-119
2k4r/pppr1p1p/4p3/2P1n3/2P1Q3/P1PBB2q/3K2RP/R7 w - -,g2e2 e5d3 c5c6 b7c6 d2c2 h3h5 e2g2 d7d6 a1b1 a7a6,-157
rnb1kb1r/ppp2p2/3pp2p/6qn/3PP1pN/2P3B1/PP3PPP/RN1QKB1R w KQkq -,b1d2 h5g3 h2g3 h6h5 a2a4 b8c6 f1d3 c8d7 b2b4 c6e7,24
r1bqkb1r/pp1npppp/3p4/2p5/2PPn2B/5N2/PP2PPPP/RN1QKB1R w KQkq -,,0
3k1b1r/2pb1npp/p7/1pn5/3p4/2P5/PP1N1PPP/R1B2RK1 w - -,d2b3 d4c3 b2c3 c5a4 f1e1 f8d6 c1e3 d8c8 c3c4 b5c4,-399
r2qk2r/pp1nbppp/4p2n/2ppP3/3P1PP1/3B1N2/PP4Q1/RNBK3R w kq -,b1c3 d8b6 c1d2 c5c4 d3c2 d7b8 a1b1 b8c6 b2b3 b6a5,378
r3k2r/1bqpb3/p1n1pn1p/1pp2p2/7P/2NP1N1B/PPP2PP1/R1BQK2R w KQkq -,c3e2 e7d6 c2c3 c6e7 a2a4 b5b4 c3b4 c5b4 e2d4 a8c8,-157
8/1k6/5pp1/PK5p/5P1P/R5P1/3r4/8 w - -,b5c5 d2f2 a3b3 b7a7 c5d5 g6g5 d5e4 g5f4 g3f4 f2h2,464
2r4r/p3kppp/3Rp3/1Q2P3/4p3/B1q1P1P1/P4P1P/6K1 w - -,b5c5 d2f2 a3b3 b7a7 c5d5 g6g5 d5e4 g5f4 g3f4 f2h2,Mate
3R4/kpp5/p5p1/5p1p/7P/1q2r1r1/1P3QPK/5R2 w - -,d8d7 b3e6 f1d1 g3g4 d1d3 e6e5 h2g1 f5f4 b2b4 b7b6,-541
r1bqk2r/1p1p1ppp/p1n2n2/2b1p3/2P5/5NP1/PP2PPBP/RNBQK2R w KQkq -,e1h1 h7h6 b1c3 d7d6 b2b3 c8e6 c1b2 e8h8 e2e3 a8c8,21
8/8/8/pK6/Pp2k3/1P1p3P/6p1/8 w - -,b1c3 h7h6 e1h1 d7d6 b2b3 c8e6 c1b2 e8h8 e2e3 a8c8,Mate
2kr3r/ppp2pp1/3b2qp/6N1/5Pn1/1QP1B2P/PP4P1/R4RK1 w - -,f4f5 g6h5 g5f7 g4e3 f7d8 h5g5 b3b7 c8d8 b7f3 e3f1,-164
r3k2r/pppq1pp1/2n1bn1p/2bpp3/4P3/1B1P1N2/PPP1NPPP/R1BQR1K1 w kq -,b3a4 f6g4 d3d4 d5e4 f3e5 g4e5 d4c5 e8a8 d1d7 e6d7,45
5r1k/q2b2pp/p1n5/1p1ppr2/1P1P4/P6P/3QNPP1/R1B2RK1 w - -,e2g3 f5f7 d4e5 c6e5 c1b2 e5c4 d2d4 a7d4 b2d4 c4d2,38
r2qk1nr/pp1nbppp/4p3/2ppP3/3P1PP1/2NB1N2/PP4Q1/R1BK3R w kq -,c1d2 c5d4 c3a4 d7b6 d3b5 e8f8 a4b6 d8b6 b5d3 e7b4,387
r1bqk2r/pppn1pbp/6p1/3N4/2PpP3/7P/PPQ2PP1/R1B1KB1R w KQkq -,c1d2 c7c6 d5f4 e8h8 e1a1 b7b5 h3h4 d7e5 h4h5 b5c4,-46
r2k1b1r/1p2pppp/2p1bn2/p7/P3PB2/2N5/1PP2PPP/R3KB1R w KQ -,e1a1 f6d7 f1e2 g7g6 g2g4 f7f6 h2h4 h7h5 g4h5 g6h5,68
6r1/pk3ppp/2R1b3/4n3/8/1P3B2/P2r1PPP/R5K1 w - -,c6c5 e5f3 g2f3 g8d8 g1g2 d2d5 c5d5 d8d5 h2h4 d5d2,-508
r1b2bkr/ppq3p1/2n4p/6N1/3pP3/8/PPPQ1PPP/R1B1K2R w KQ -,f2f4 h6g5 f4f5 c8d7 h2h4 c7g3 e1f1 g5g4 h4h5 d7e8,-609
2kr3r/ppp2pp1/3b2q1/6p1/5PP1/1QP1B3/PP4P1/R4RK1 w - -,f1f3 g5f4 e3f2 g6g4 a1e1 h8h6 b3d5 d8h8 g1f1 h6h1,-385
rn2kb1r/ppp2pp1/4pnbp/q7/2BP2PP/2N2P2/PPP1N3/R1BQK2R w KQkq -,e2f4 g6h7 d4d5 e6e5 d1e2 b8d7 c1d2 e8a8 f4d3 h7d3,52
6k1/5p2/1q2p1b1/1B1p2p1/p2P2P1/2P4P/1P3K2/5Q2 w - -,f2e1 a4a3 b2a3 b6a5 e1d2 a5a3 f1c1 a3d6 c1f1 d6b8,-62
4br1k/q5pp/p1n5/1p1ppr2/1P1P4/P6P/1B1QNPP1/R4RK1 w - -,e2g3 f5f4 d4e5 h7h5 a1c1 h5h4 g3h5 f4f5 h5f6 c6e5,204
r1b1kb1r/pp1npppp/3p4/q1p5/2PPn2B/5N2/PP1NPPPP/R2QKB1R w KQkq -,,0
b5k1/5ppp/2q5/1pb5/8/2P2PP1/PP4KP/RNB2R2 w - -,c3c4 c6e8 b1c3 b5b4 c1d2 b4c3 a1e1 e8a4 d2e3 c5f8,-489
r2qk1nr/pp1nbppp/4p3/3pP3/3p1PP1/2NB1N2/PP1B2Q1/R2K3R w kq -,c3a4 d7b6 a4b6 d8b6 g2g1 e7b4 g1d4 b4d2 d4b6 a7b6,402
8/k7/P4pp1/2K4p/5P1P/R5P1/5r2/8 w - -,c5d5 g6g5 h4g5 f6g5 d5e4 g5g4 a3a5 f2f3 a5h5 f3g3,521
4n3/4kppp/1pqn4/p2p4/P2Pp3/1QB1P1PP/1P3P1K/5B2 w - -,h2g2 h7h5 b3a3 e7d7 b2b4 d6c4 f1c4 a5b4 c3b4 d5c4,29
3R4/kpp5/pq4p1/5p1p/3Q3P/6r1/1P2r1PK/R7 w - -,a1a6 b7a6 h2g3 b6d4 d8d4 e2b2 d4d7 a7b7 g3f3 a6a5,-565
r1bqk2r/ppp2pbp/6p1/3Nn3/2PpPB2/7P/PPQ2PP1/R3KB1R w KQkq -,d5b4 d8d6 f4d2 c8e6 f1e2 a7a5 c4c5 d6e7 b4d3 e6c4,-47
r1bq1rk1/pp2ppbp/2np1np1/8/4PP2/2N2N2/PPP3PP/R1BQKB1R w KQ -,a2a4 d8b6 f1d3 e7e5 f4e5 d6e5 d1e2 c8e6 e2f2 b6f2,-68
r3r3/2p2ppk/2ppbn1p/q1b1p3/p3P2N/2PP2NP/PP3PP1/R1BQR1K1 w - -,h4f5 e6f5 g3f5 d6d5 d1f3 e8e6 g2g4 d5e4 d3e4 c5f8,28
2kr3r/ppp2pp1/3b4/4P1p1/4q3/1QP1B2P/PP4P1/R4RK1 w - -,e3d4 d6e5 f1f7 e5d4 c3d4 e4d4 g1h1 g5g4 a1c1 d8d7,-151
r2qkb1r/1pp1pppp/2n2n2/p2p4/3P1P2/3QP3/PPPN2PP/R1B1K1NR w KQkq -,a2a3 a5a4 g1f3 e7e6 f3e5 a8a6 e1h1 f8e7 b2b3 a4b3,-27
r1b1kb1r/ppp2ppp/5n2/3qp3/3n4/5N2/PPPNBPPP/R1BQK2R w KQkq -,c2c4 d4f3 e2f3 d5d3 d1a4 c8d7 a4a5 e5e4 f3e2 d3d6,-99
2k4r/pppr1p1p/4p3/2P1Q3/2P5/P1PBB3/3K2qP/R7 w - -,e3f2 g2f2 d2c1 h8g8 d3c2 g8g2 e5e4 d7d2 a1a2 f2f1,-739
r3k2r/1b2b2p/pq2pp2/3p4/1p3Q2/6N1/PPP1B1PP/1K1R3R w kq -,e2g4 e8a8 h1e1 b6c7 g4e6 c8b8 f4h4 d5d4 g3f5 e7c5,105
8/k7/P2K4/6pp/5P2/R5P1/5r2/8 w - -,d6e5 g5g4 e5e4 f2f1 a3a5 f1f3 a5h5 a7a6 e4f5 f3g3,523
6k1/5p2/1q4b1/1B1pp1p1/p2P2P1/2P4P/1P2QK2/8 w - -,f2e3 e5d4 c3d4 b6d6 e2d1 d6f4 e3e2 f4h2 e2e3 h2b2,-249
4n3/5ppp/1pqnk3/p2p4/P2Pp3/Q1B1P1PP/1P3P1K/5B2 w - -,b2b4 a5b4 a3b4 h7h5 h2g2 g7g6 g2g1 c6c7 c3b2 e8g7,32
5rk1/q2b2pp/p1n5/1p1ppr2/1P1P4/P6P/1B1QNPP1/R4RK1 w - -,d4e5 f5f2 d2d5 f2f7 g1h2 c6d8 f1f7 f8f7 e2d4 a7c7,163
8/1pp5/pk4p1/3R1p1p/7P/1r6/1P2r1PK/R7 w - -,a1a2 b3b4 d5d3 b4h4 d3h3 h4b4 h3g3 e2e6 a2a3 b4b2,-639
8/k7/P7/4K2p/5Pp1/R5P1/5r2/8 w - -,e5e4 f2f1 a3a5 f1f3 a5h5 f3g3 h5g5 a7a6 e4f5 a6b5,523
r2qk2r/pb1nbppp/1p3n2/1B1pN3/3P4/P1N5/1P3PPP/R1BQK2R w KQkq -,c1g5 a7a6 b5c6 d8c8 c3d5 b7c6 d5e7 e8e7 a1c1 d7e5,150
r1b1kb1r/1p3ppp/p1n2n2/3qp3/8/5NP1/PP2PPBP/RNBQK2R w KQkq -,d1d5 f6d5 f3e5 f8b4 c1d2 c6e5 g2d5 b4d2 b1d2 e8e7,129
k4b1r/p2Q2pp/8/3b1p2/2N5/6BP/P4PP1/R4RK1 w - -,e1h1 d5d1 f1d1 f8c5 b1c3 e8h8 h2h3 c5b4 c1d2 c8e6,Mate
r1b1k2r/pp1nppbp/6p1/q7/2BPP3/B4N2/P4PPP/R2QK2R w KQkq -,f3d2 a5a3 e4e5 e8h8 e1h1 d7b6 c4b3 a7a5 h2h4 c8f5,-403
8/k7/P7/4KP1p/6p1/R4rP1/8/8 w - -,a3a4 f3g3 f5f6 g3e3 a4e4 e3c3 f6f7 c3c8 e4f4 c8f8,521
r3kb1r/1p2pppp/2p1bn2/p7/P3PB2/2N5/1PP2PPP/2KR1B1R w - -,c3b5 c6b5 f1b5 f6d7 d1d3 g7g5 f4e3 a8c8 h1d1 c8c7,159
8/1pp5/pk4p1/3R1p1p/7P/8/1r4rK/R7 w - -,h2h3 f5f4 d5d6 c7d6 a1a6 b6c5 a6c6 c5b4 c6c4 b4a5,-3367
r1b3kr/ppq3p1/2n4p/8/1b1pP3/5N2/PPPQ1PPP/R1B1K2R w KQ -,d2b4 c6b4 e1h1 b4c2 a1b1 g8h7 c1d2 d4d3 b1c1 c7b6,-657
2b3k1/5pp1/1p1r1q1p/2pBpP2/2P1P3/P6P/2Q3P1/1R4K1 w - -,c2a4 f6d8 a4a8 d8c7 a3a4 g8h7 b1b5 g7g6 a4a5 b6a5,119
6k1/5p2/1q4b1/3p2p1/B2p2P1/2P4P/1P2QK2/8 w - -,f2e1 d4c3 e2e8 g8h7 b2c3 b6a5 a4d7 a5c3 e1f2 c3c7,-392
8/8/8/K7/Pp2k3/1P5P/3p2p1/8 w - -,f2e1 d4c3 e2e8 g8h7 b2c3 b6a5 a4d7 a5c3 e1f2 c3c7,Mate
Bn1r2k1/p4ppp/2p5/8/3P4/4P1P1/P4PKP/R1N1q3 w - -,c1b3 e1b4 h2h4 g8h8 a1c1 b4a3 a8b7 a3a2 b3c5 a7a5,-499
2rr2k1/1p2qpbp/2p3p1/1p1p1b2/P2P1N2/1QR1P3/4BPPP/2R3K1 w - -,e2f1 b5a4 b3a4 c8a8 a4d1 a8a2 f1d3 f5d7 c3b3 a2a7,-154
8/5k2/6R1/1KB5/7r/8/8/8 w - -,,0
6k1/5ppp/4q3/1pb5/4b3/2P2PP1/PP4KP/R1B2R2 w - -,c1f4 e4f5 g3g4 e6e2 g2g3 f5e6 b2b3 h7h5 g4h5 e2c2,-529
8/1pp5/pk4p1/3R1p1p/7P/7K/1r5r/R7 w - -,h3g3 h2f2 d5d4 c7c5 d4f4 f2g2 g3h3 g2d2 h3g3 b2b3,-660
r1b1kb1r/1p3ppp/p1n5/4N3/1n6/6P1/PP2PPBP/RNB1K2R w KQkq -,e5c6 b4c2 e1d1 c2a1 c1f4 c8f5 b1c3 a1c2 c6b8 c2d4,143
r1b1k2r/pp1nppbp/6p1/8/2BPP3/q4N2/P2Q1PPP/R3K2R w KQkq -,a1c1 e8h8 e1h1 d7b6 c4b3 a7a5 c1c3 a3d6 a2a4 c8d7,-346
8/5k2/3R4/1KB4r/8/8/8/8 w - -,,0
rnbqk1nr/4ppbp/p2p2p1/1ppP4/2P1P3/8/PP1N1PPP/R1BQKBNR w KQkq -,c4b5 g8f6 a2a4 e8h8 g1f3 e7e6 d5e6 c8e6 f1e2 a6b5,32
r1b3kr/ppq3p1/2n4p/8/1b2P3/2p2N2/PP1Q1PPP/R1B1K2R w KQ -,d2c3 b4c3 b2c3 c6d4 c3d4 c7c3 f3d2 c3a1 e1h1 a1a2,-727
8/1pp5/pk4p1/3R1p1p/7P/6K1/1r4r1/R7 w - -,g3h3 f5f4 d5d6 c7d6 a1a6 b6c5 a6c6 c5b4 c6b6 b4c3,-3291
rn2kb1r/ppq1nppp/4p3/2ppPb2/3P4/2P2N2/PP2BPPP/RNBQ1RK1 w kq -,d4c5 c7c5 c1e3 c5c8 b1d2 b8c6 a1c1 c8d7 f1e1 f5g4,94
8/k7/P7/4KP1p/R5p1/6r1/8/8 w - -,f5f6 g3e3 a4e4 e3f3 e4f4 f3e3 e5f5 e3e8 f6f7 e8f8,522
2kr3r/ppp2qp1/8/4b1p1/8/2P1B2P/PP4P1/R4RK1 w - -,f1f7 e5f6 a1f1 d8d7 f7d7 c8d7 f1f3 d7e6 g1f1 b7b6,16
r2q1rk1/2p1np1p/2Pp2p1/1B6/6b1/2b1BN2/P1P2PPP/1R1Q1K1R w - -,h2h3 g4f3 d1f3 e7f5 e3h6 c3g7 h6g7 g8g7 a2a4 f5d4,20
2kr3r/1b2b2p/pq2pp2/3p4/1p3Q2/6N1/PPP1B1PP/1K1RR3 w - -,e2g4 b6c7 f4e3 c8b8 e3e6 e7c5 e6f6 h8f8 f6h4 c7f4,114
5r1k/3b2pp/pqn5/1p1ppr2/1P1P4/P6P/1B1QNPP1/R4RK1 w - -,e2g3 f5f4 d4e5 d7e6 a1c1 d5d4 g3e2 f4e4 f1e1 d4d3,112
4n3/1n3ppp/1pq1k3/3p4/PQ1Pp3/2B1P1PP/5P1K/5B2 w - -,f1b5 c6c7 b5e8 b7d6 e8b5 h7h5 h2g2 h5h4 g3g4 g7g6,397
2kr3r/ppp2Rp1/5b2/6p1/8/2P1B2P/PP4P1/R5K1 w - -,a1f1 d8d7 f7d7 c8d7 f1f3 d7e6 g1f2 a7a6 f3g3 e6f5,17
2rr2k1/1p1bqpbp/2p3p1/1P1p4/3P1N2/1QR1P3/4BPPP/2R3K1 w - -,e2f1 c8a8 f4d3 h7h5 b3b2 h5h4 c3b3 e7e8 d3c5 d7c8,22
r1bqkb1r/p4ppp/1pn1p3/2PpPn2/3B4/2P2N2/PP3PPP/RN1QKB1R w KQkq -,f1b5 c8d7 b5c6 d7c6 c5b6 a7b6 e1h1 g7g5 f1e1 g5g4,44
rn1qk2r/ppp1bppp/3ppn2/8/4P1b1/2NP1N2/PPP1BPPP/R1BQK2R w KQkq -,h2h3 g4f3 e2f3 d6d5 e1h1 e8h8 d3d4 a7a5 a2a4 c7c6,46
8/k7/P4P2/4K2p/R5p1/1r6/8/8 w - -,f6f7 b3b8 a4f4 b8f8 e5e6 a7a6 e6e7 f8b8 f7f8q b8f8,523
r1b1kb1r/1p3ppp/p1n5/8/8/6P1/PP2PPBP/RNB1K2R w KQkq -,e1h1 f8c5 c1f4 c8e6 f1d1 e8h8 b1c3 f8d8 f4c7 d8d1,182
8/1pp5/pk4p1/3RKp1p/7P/8/4r1r1/R7 w - -,e5d4 e2d2 d4e5 g2e2 e5f6 d2d5 f6g7 f5f4 a1a3 e2e4,-988
1r6/k4P2/P7/4K2p/R5p1/8/8/8 w - -,a4f4 b8f8 e5e6 a7a6 e6e7 f8b8 f7f8q b8f8 f4f8 a6b5,524
1r6/p1k2pp1/2P3p1/2bpq3/6P1/1Q6/R4P1P/5BK1 w - -,b3c2 e5d4 h2h3 b8b4 c2c1 b4a4 a2d2 a4a1 c1c2 d4c4,-114
rn1q1rk1/ppp1bppp/3ppn2/8/4P1b1/2NPBN2/PPP1BPPP/R2QK2R w KQ -,h2h3 g4f3 e2f3 d6d5 d3d4 e7b4 e4d5 f6d5 e3d2 b8d7,26
2rq1rk1/pp1bbppp/2n1pn2/6B1/2BP4/5N2/PPPNQPPP/R3K2R w KQ -,c2c3 f6d5 g5e7 c6e7 g2g3 d8b6 a1b1 d7c6 e1h1 e7g6,147
r1b1kb1r/1p3ppp/p1n5/3np3/8/5NP1/PP2PPBP/RNB1K2R w KQkq -,f3e5 f8b4 c1d2 c6e5 g2d5 b4d2 b1d2 e8e7 f2f4 h8d8,131
3R4/Q4pkp/6p1/4P3/6q1/8/4K1PP/8 w - -,,0
rn1q1rk1/ppp1bppp/4pn2/3p4/4P1b1/2NPBN2/PPP1BPPP/R2Q1RK1 w - -,e4d5 e6d5 h2h3 g4f5 d3d4 c7c6 g2g4 f5g6 f3e5 f6e4,7
1r6/k4P2/P4K2/7p/R7/6p1/8/8 w - -,a4a5 h5h4 a5g5 b8d8 f6g7 d8d7 g5g6 g3g2 g6g2 a7a6,595
r2q1rk1/2p2p1p/2Pp2p1/1B3n2/P5b1/2b1BN2/2P2PPP/1R1Q1K1R w - -,e3g5 g4f3 d1f3 d8g5 f3c3 f8b8 h2h4 f5h4 g2g3 h4f5,-14
r2qkbnr/pp1n1ppp/2p1p3/3pP2P/3P2P1/2N2P2/PPb5/R1BQKBNR w KQkq -,d1c2 a8c8 c1e3 c6c5 f1b5 c5d4 e3d4 a7a6 b5d7 d8d7,335
rnb1k1nr/4ppbp/p2p2p1/qPpP4/4P3/8/PP1N1PPP/R1BQKBNR w KQkq -,,0
6k1/5p2/5qb1/1Q1p2p1/B2p2P1/2P4P/1P3K2/8 w - -,f2e1 d4c3 b2c3 f6c3 e1e2 c3h3 b5b4 g6e4 a4d7 h3d3,-547
5r2/q2b1kpp/p1n5/1p1ppr2/1P1P4/P5NP/1B1Q1PP1/R4RK1 w - -,d4e5 c6e7 b2d4 a7b7 d4c5 f5f3 g2f3 e7g6 c5f8 f7f8,488
r1b1kb1r/pppp1p2/2n1pq1p/8/3PP1p1/2N2N2/PPPQ1PPP/R3KB1R w KQkq -,c3b5 g4f3 b5c7 e8d8 c7a8 f6d4 d2d4 c6d4 e1a1 d4c6,-157
1r6/k4P2/P4K2/R6p/8/8/6p1/8 w - -,a5g5 b8c8 g5g2 c8c6 f6g7 c6c7 g2g5 h5h4 g5h5 a7a6,595
3R4/kp6/p1p2Kp1/5p1p/7P/8/4r1r1/2R5 w - -,c1b1 e2b2 b1b2 g2b2 f6g6 a6a5 g6h5 b2b4 d8g8 a5a4,-600
r2qkb1r/p2b1ppp/1pn1p3/1BPpPn2/3B4/2P2N2/PP3PPP/RN1QK2R w KQkq -,b5c6 d7c6 c5b6 a7b6 e1h1 f8c5 f1e1 e8h8 b1d2 c6a4,77
r2r2k1/p3Rpp1/np5p/2pp1N2/3P4/P7/2P2PPP/R5K1 w - -,a1e1 c5d4 f5d4 d8c8 e7d7 c8c3 e1e3 c3e3 f2e3 a6c5,-36
2bq2k1/5pp1/1p1r3p/2pBpP2/Q1P1P3/P6P/6P1/1R4K1 w - -,a4a7 c8e6 f5e6 f7e6 d5b7 d8e7 a7b8 d6d8 b7c8 g8h7,161
r2qk2r/pp1nnppp/2p1p3/3pP2P/1b1P2P1/2N1BP2/PPQ5/R3KBNR w KQkq -,a2a3 b4c3 b2c3 c6c5 h5h6 g7h6 c2d2 a7a6 f1d3 c5d4,397
8/5Q1B/8/8/4K3/2k5/8/8 w - -,a2a3 b4c3 b2c3 c6c5 h5h6 g7h6 c2d2 a7a6 f1d3 c5d4,Mate
r3kb1r/1p2pppp/4bn2/pp6/P3PB2/8/1PP2PPP/2KR1B1R w - -,d1d4 e6c4 f1c4 b5c4 d4c4 h8g8 f4e3 g7g5 f2f3 f6d7,-221
r2qk2r/1p1nnppp/2p1p3/p2pP2P/1b1P2P1/2N1BP2/PPQ5/2KR1BNR w kq -,f3f4 b7b5 g1f3 a5a4 a2a3 b4a5 h5h6 g7h6 f4f5 b5b4,394
rnbqk2r/ppp1p1bp/6p1/3p2N1/3PpB2/8/PPPQPPPP/R3KB1R w KQkq -,e2e3 e8h8 h2h4 c7c5 f4e5 h7h6 g5h3 b8c6 e5g7 g8g7,-27
6k1/5p2/5qb1/1Q1p2p1/B5P1/2p4P/1P6/4K3 w - -,b2c3 f6c3 e1e2 c3h3 b5e8 g8h7 a4d7 h3d3 e2e1 d3e4,-550
r2q1r2/4pkb1/p4p2/2pPnNp1/2p1P1P1/5PN1/RPP2K2/2Q4R w - -,h1h7 f8h8 h7g7 f7f8 f2g2 c4c3 g3h5 a8a7 b2c3 a6a5,432
8/5Q1B/8/8/8/4K3/1k6/8 w - -,g3h5 f8h8 f5g7 a8b8 g7e6 d8d6 c1e3 b8b6 e6g5 f6g5,Mate
4r1k1/pp1R2r1/2n1p3/6B1/3bQ3/8/P4qPP/4R2K w - -,d7d5 f2f7 h2h4 e6d5 e4e8 f7e8 e1e8 g8f7 e8e1 d4c3,-466
r2qk2r/3nnppp/2p1p3/pp1pP2P/1b1P2P1/2N1BP2/PPQ1N3/2KR1B1R w kq -,e2f4 d7b6 e3f2 b6c4 f1c4 d5c4 h5h6 g7g5 f4h5 e8d7,360
8/5kP1/7P/5p2/4p3/8/5K2/8 w - -,,0
rnbqk2r/ppp1p1bp/6p1/3p4/3PpB2/8/PPPQPPPP/R3KBNR w KQkq -,a1d1 b8d7 e2e3 e7e5 d4e5 d7e5 c2c4 d8e7 d2d5 c8e6,-14
6k1/5p2/6b1/1Q1p2p1/B5P1/2q4P/8/4K3 w - -,e1d1 c3h3 b5b4 g6e4 a4d7 h3f1 d1d2 f1f4 d2e1 f4e3,-556
r2qkb1r/p2b1ppp/1p2p3/1BPpPn2/Q2n4/2P2N2/PP3PPP/RN2K2R w KQkq -,c3d4 b6c5 d4c5 f8c5 b1c3 a8c8 b5d7 d8d7 a1c1 c5b6,-66
r2qk2r/3nnppp/2p1p3/1p1pP2P/pb1P2P1/4BP2/PPQ1N3/1NKR1B1R w kq -,h5h6 g7g5 e3g5 a4a3 b2a3 b4a3 b1a3 a8a3 c1b1 d8a8,298
r4r1k/2p2pp1/p1pqpn1p/2bpN2b/3N1P2/1P1PP1Q1/PBP3PP/R4RK1 w - -,a2a4 a6a5 g3h3 h8g8 d4c6 a8a6 g1h1 f8e8 g2g4 a6c6,273
r2q2r1/4pkbR/p4p2/2pPnNp1/2p1P1P1/5PN1/RPP2K2/2Q5 w - -,c1h1 f7e8 f5g7 e8d7 g7e6 d8e8 g3f5 g8f8 e6f8 e8f8,610
r2qk2r/3nnppp/2p1p3/bp1pP2P/p2P2P1/5P2/PPQBN3/1NKR1B1R w kq -,b1c3 a4a3 b2b3 h7h6 c1b1 d8b6 f1h3 c6c5 d4c5 b6c5,262
1k6/1p4R1/p1p2Kp1/5p1p/7P/8/4r2r/1R6 w - -,g7b7 b8c8 f6g6 e2g2 g6f5 g2d2 b7a7 h2h4 b1b7 d2d5,-59
r2r2k1/p3Rpp1/np5p/3p1N2/3p4/P1P5/5PPP/R5K1 w - -,a1c1 g8f8 e7e2 d4c3 c1c3 a6c5 f5d4 d8e8 e2e8 a8e8,-324
r3k2r/3nnppp/2p1p3/qp1pP2P/p2P2P1/5P2/PPQ1N3/1NKR1B1R w kq -,a2a3 a8b8 h5h6 g7g5 b1c3 c6c5 d4c5 b5b4 a3b4 b8b4,200
r2qkbnr/ppp1pppp/8/3P4/4PP2/3p4/PP3P1P/RNBQK2R w KQkq -,b1c3 d8d7 c1e3 e7e6 d1d3 g8e7 e1a1 e6d5 d3c2 e8a8,79
r2B1rk1/2p2p1p/2Pp2p1/1B3n2/P7/2b5/2P2PPP/1R1b1K1R w - -,b1d1 f8d8 h2h4 h7h5 h1h3 c3a5 h3b3 d6d5 b5e2 g8g7,-396
r1bqkb1r/1p2pp1p/p4np1/2pP4/5P2/2N2N2/PPPP2PP/R1BQK2R w KQkq -,d1e2 f8g7 d2d3 f6d5 c3d5 d8d5 e1h1 c8g4 c1e3 a8c8,-38
r1k2b1r/p1pb1p2/1pp4p/4Pnp1/8/1PN2N1P/PBP2PP1/3R1RK1 w - -,c3e4 d7e6 g2g4 f5e7 f3d4 e7g6 b2c1 a7a5 f2f4 g5f4,87
6k1/6P1/7P/5p2/4p3/4K3/8/8 w - -,,0
r3k2r/3nnppp/2p1p3/q2pP2P/pp1P2P1/5P2/PP1QN3/1NKR1B1R w kq -,d2g5 h8f8 g5g7 c6c5 g7h7 a8c8 b1d2 c5c4 d2b1 e7c6,202
r2q1rk1/2p2ppp/p3pn2/1p2Bb2/2BP4/2P1PP2/P5PP/R2Q1RK1 w - -,c4e2 f6d7 e5g3 d7b6 a1c1 a8b8 e3e4 f5g6 d1d2 d8e7,109
bn4k1/p1p2ppp/1N6/8/1P6/2P4P/P2P1Pr1/R1B2RK1 w - -,,0
4r3/5k2/ppp2p1p/6p1/8/3R2P1/PPP1PPKP/8 w - -,d3d7 f7g6 d7d6 e8e2 d6c6 e2d2 g2f3 a6a5 f3e3 d2d1,285
r3kb1r/pppq1ppp/5n2/1Q1pn3/8/2P1P3/PP1N1PPP/R1B1K1NR w KQkq -,b5f1 f6e4 f1e2 e8a8 g1f3 e5f3 g2f3 e4d6 e2d3 d7e6,-132
r3k2r/3nnppp/2p1p3/q2pP2P/p2P2P1/p4P2/1P1QN3/1NKR1B1R w kq -,b1a3 a5b6 c1b1 e8h8 e2c1 f8b8 h1h2 b8b7 h5h6 g7g6,209
3k4/1RR5/p1p2Kp1/5p1p/7P/8/4r2r/8 w - -,b1a3 a5b6 c1b1 e8h8 e2c1 f8b8 h1h2 b8b7 h5h6 g7g6,Mate
2bq3k/Q4pp1/1p1r3p/2pBpP2/2P1P3/P6P/6P1/1R4K1 w - -,a3a4 h8h7 a4a5 b6a5 a7f7 d6f6 f7a7 f6a6 a7c5 c8d7,228
r3k2r/3nnppp/2p1p3/Q2pP2P/p2P2P1/5P2/1p2N3/1NKR1B1R w kq -,c1b2 a8a5 b1a3 e8h8 f3f4 f8b8 b2a2 c6c5 d4c5 e7c6,134
r4q1r/4pkNR/p4p2/2pPnNp1/2p1P1P1/5P2/RPP2K2/2Q5 w - -,c1b2 a8a5 b1a3 e8h8 f3f4 f8b8 b2a2 c6c5 d4c5 e7c6,Mate
r2qkb1r/pp1nnpp1/4p2p/2ppPb2/3P4/1NP2N1P/PP3PP1/R1BQKB1R w KQkq -,b3c5 d7c5 d4c5 e7c6 c1e3 d8c7 f1b5 f5e4 e1h1 e4f3,119
4k3/1R1R4/p1p2Kp1/5p1p/7P/8/4r2r/8 w - -,f1e2 c5c4 b3d2 b7b5 d2f1 f5g6 h3h4 e7c6 f1e3 f8e7,Mate
2kr3r/ppp2Qp1/7q/4b1p1/8/2P1B2P/PP4P1/R4RK1 w - -,f7f5 c8b8 f5e5 d8e8 e5g3 h6e6 f1e1 b7b6 e3g5 e6c6,569
8/6k1/4B3/6K1/8/8/3N4/8 w - -,a1e1 e5g3 e1d1 d8d1 f1d1 g3d6 f7f5 c8b8 f5g5 h6e6,Mate
r2qk2r/2p1np1p/2Pp2p1/1B6/6b1/4BN2/PbP2PPP/R2QK2R w KQkq -,a1b1 b2c3 e1f1 e8h8 h2h3 g4f3 d1f3 a8a2 e3g5 c3g7,9
3k4/1R3R2/p1p2Kp1/5p1p/7P/8/4r2r/8 w - -,e1h1 g4f3 d1f3 b2a1 f1a1 e7f5 e3d2 e8h8 f3d3 d6d5,Mate
r2qk2r/2p1npbp/2np2p1/1B1P4/6b1/4BN2/PPP2PPP/R2QK2R w KQkq -,e1h1 e8h8 d5c6 g7b2 a1b1 b2g7 e3g5 h7h6 g5e7 d8e7,55
2rq2k1/pbn1rpp1/1p2p2p/3pN3/1PP5/P2Q2P1/4PPBP/2RR2K1 w - -,c4d5 e6d5 e5c6 b7c6 c1c6 e7e6 g2d5 e6c6 d5c6 d8d3,208
5r1k/q2b1rpp/p1n5/1p1pp3/1P1P4/P5NP/3Q1PP1/R1B2RK1 w - -,d4e5 c6e5 c1b2 e5c4 d2d4 a7d4 b2d4 c4d2 f1d1 d2b3,39
r2qkb1r/pp3ppp/2p2n2/1Q1pn3/8/2P1P3/PP1N1PPP/R1B1K1NR w KQkq -,b5f1 d8d7 g1f3 f8d6 f1e2 e8a8 f3e5 d6e5 d2b3 d7f5,-115
r1bq1rk1/p4pp1/5n1p/3p4/2p4B/2PB4/P1P2PPP/R2QR1K1 w - -,d3f1 a8b8 a2a4 a7a6 d1d4 c8f5 e1d1 f5c2 h4f6 g7f6,24
r2qkb1r/p2b1ppp/4p3/1BppPn2/Q2P4/5N2/PP3PPP/RN2K2R w KQkq -,d4c5 f8c5 b1c3 a8c8 a1c1 d7b5 a4b5 d8d7 b5d7 e8d7,-73
r2qk2r/ppp2ppp/2n5/4Pn2/1bbp4/1N3NP1/PPQ1PPBP/R1B1K2R w KQkq -,c1d2 b4d2 e1d2 c4e6 b3c5 e6c8 c5b7 c8b7 c2f5 e8h8,126
5r1k/q2b1rpp/p7/1p1pn3/1P6/P5NP/3Q1PP1/R1B2RK1 w - -,c1b2 e5c4 d2d4 a7d4 b2d4 c4d2 f1d1 d2b3 a1a2 b3d4,38
r1b3kr/ppq3p1/7p/8/1b1nP3/2P2N2/P2Q1PPP/R1B1K2R w KQ -,f3d4 b4c3 e1h1 c3d2 c1d2 g8h7 d4f3 c7d6 a1c1 h8f8,-483
rnbqk2r/ppppb1p1/4pn1p/5p2/3P1B2/3BPN2/PPP2PPP/RN1QK2R w KQkq -,h2h3 b8c6 a2a3 e8h8 c2c4 e7d6 f4d6 c7d6 b1c3 c6e7,84
r1b1k1nr/ppp2ppp/2nb4/3q4/3p4/2P2N2/PP1N1PPP/R1BQKB1R w KQkq -,f1c4 d5h5 e1h1 g8e7 d2e4 d4c3 b2c3 e8h8 h2h3 h7h6,-16
r2r1k2/p3Rpp1/np5p/3p1N2/3P4/P7/5PPP/R5K1 w - -,e7e5 a6c7 a1c1 c7e6 g1f1 h6h5 f5h4 e6d4 c1d1 d4b5,-132
3K4/P7/8/8/1k6/7r/8/8 w - -,,0
r4k1q/4p1NQ/p4p1N/2pPn1p1/2p1P1P1/5P2/RPP2K2/8 w - -,d8c7 h3h7 c7b6 h7h8 b6b7 b4c5 a7a8q h8a8 b7a8 c5d4,Mate
r1bq1rk1/ppppnpbp/6p1/1B1Pp3/8/3P1N2/PPP2PPP/R1BQ1RK1 w - -,c2c4 d7d6 b5a4 h7h6 f1e1 f7f5 h2h3 g6g5 c1d2 c8d7,-69
2k3r1/pppr1p1p/4p3/2P1Q3/2P5/P1P1B3/2B1q2P/R1K5 w - -,e3f4 e2e5 f4e5 g8g2 e5d4 g2e2 a1b1 c7c6 h2h4 f7f5,-40
1r6/p1k3p1/2P2pp1/2bpq3/6P1/5Q2/R4P1P/5BK1 w - -,a2e2 e5d4 f3g3 c5d6 e2e7 c7c6 e7e6 b8d8 g3f3 a7a5,-137
r4rk1/2p1qppp/p3pn2/1p2Bb2/3P4/1BP1PP2/P5PP/R2Q1RK1 w - -,a2a4 h7h6 e3e4 f5g6 d1e2 f6d7 e5g3 c7c6 h2h3 f8d8,122
r2qk2r/pQ3ppp/2p2n2/2bpn3/8/2P1P3/PP1N1PPP/R1B1K1NR w KQkq -,g1f3 f6d7 e1h1 a7a5 b7b3 e8h8 b3c2 a5a4 a1b1 d8f6,63
8/3qkppp/1Q1n4/P2p4/1B1Pp3/4P1PP/5P1K/8 w - -,a5a6 d7d8 b6d8 e7d8 a6a7 d8c7 a7a8q d6b7 a8f8 f7f5,1185
r1b1kbnr/pp3ppp/2n1p3/2ppP3/3P4/q3BN2/P1PN1PPP/R2QKB1R w KQkq -,a1b1 c5c4 f1e2 a8b8 e1h1 b7b5 c2c3 c8d7 d1c2 g8e7,-154
r2q1rk1/p4pp1/5n1p/3p1b2/2p4B/2P5/P1P2PPP/R2QRBK1 w - -,h4f6 d8f6 d1d5 a8c8 a1c1 f8d8 d5e5 f5e6 e5f6 g7f6,19
6k1/6p1/1p1q3p/p7/1pP1p2P/1P2N2b/P3K3/4R3 w - -,a2a4 b4a3 c4c5 b6c5 h4h5 g8h7 e1d1 d6h2 e2e1 h2g3,-9605
4rn1r/p4kbp/1p2pnp1/1Ppp4/3P1B2/2PB3P/P2Q1PP1/qN2R1K1 w - -,b1a3 a1e1 d2e1 f8d7 e1e3 c5c4 d3e2 h7h6 a3c2 g7f8,113
3krR2/1R6/p1p2Kp1/5p1p/7P/8/7r/8 w - -,f8e8 d8e8 f6g6 h2h4 g6f5 e8d8 b7a7 d8c8 f5e5 c8b8,-506
8/3k1p2/p6p/r3PP2/P1KB4/1P5P/6b1/8 w - -,c4c3 g2f1 b3b4 a5d5 b4b5 a6b5 a4b5 f1b5 h3h4 h6h5,-498
4r1k1/pp1R2r1/2n1p3/8/3bQ2B/8/P5PP/4q2K w - -,e4e1 g7d7 g2g4 d4e5 h4f2 e8f8 e1e2 d7f7 f2e1 f8d8,-307
r3r1k1/p4ppp/5n2/1N1p1b2/1b3B2/P7/1P2KPPP/2R3NR w - -,f4e3 b4a5 b5d4 f5c8 g1f3 a5b6 h1e1 f6g4 h2h3 g4e3,-34
r2qk1nr/1p1b1ppp/p1n1p3/3pP3/3P4/b1PB1N2/5PPP/RN1QK2R w KQkq -,b1a3 g8e7 e1h1 c6a5 h2h4 h7h6 d1e2 a8c8 a3b1 a5c4,-81
r1b1kb1r/ppp2p2/2npp2p/6qn/3PP1pN/2PB2B1/PP3PPP/RN1QK2R w KQkq -,b1a3 c8d7 a3c4 h5g3 h2g3 c6e7 e1h1 h6h5 a2a4 e7g6,16
r1b1kbnr/1pqp1ppp/p1n1p3/2p1P3/8/2PB1N2/PP1P1PPP/RNBQK2R w KQkq -,e1h1 c6e5 f3e5 c7e5 d3c2 e5c7 d2d4 g8f6 d4c5 f8c5,-108
1rb2rk1/p4pb1/3p1np1/qBpP4/5P1p/2N1B3/PP1Q2PP/R3KN1R w KQ -,a2a4 a7a6 b5c6 c8f5 h2h3 f6h5 a1a3 a5c7 b2b3 c7e7,97
8/3Rrk2/ppp2p1p/6p1/8/6P1/PPP1PPKP/8 w - -,d7e7 f7e7 g2f3 e7f7 f3e4 f7e6 g3g4 a6a5 b2b3 e6e7,384
1R2rR2/2k5/p1p2Kp1/5p1p/7P/8/7r/8 w - -,b8a8 e8f8 a8f8 h2h4 f6g6 a6a5 g6f5 h4c4 f8h8 a5a4,-617
8/8/3k4/p2p4/Pp1K2P1/1P6/8/8 w - -,g4g5 d6e6 g5g6 e6f6 d4d5 f6g6 d5c5 g6f5 c5b5 f5e4,1004
r1bq1rk1/1pp2ppp/3p4/p1bNn3/2P5/P3PB2/1P3PPP/R1BQ1RK1 w - -,f3e2 c7c6 d5f4 a5a4 c1d2 f8e8 d1c2 d8g5 g1h1 g5h4,-3
6k1/6P1/7P/4pp2/8/5K2/8/8 w - -,f3e2 c7c6 d5f4 a5a4 c1d2 f8e8 d1c2 d8g5 g1h1 g5h4,Mate
rn1qkbnr/pp3ppp/4p3/4P3/2Bp4/5Q1P/PP3PP1/RNB1K2R w KQkq -,f3b7 b8d7 c4b5 a8c8 e1h1 f8c5 c1d2 g8e7 b2b4 c5b6,225
r2qk2r/ppp2ppp/2n5/4Pn2/2bp4/1N3NP1/PPQbPPBP/R3K2R w KQkq -,e1d2 c4e6 b3c5 e6c8 c5b7 c8b7 c2f5 e8h8 f3g5 g7g6,118
r2qk1nr/ppp2ppp/4p3/3P4/1b2PP2/2NQ4/PP3P1P/R1B1K2R w KQkq -,d3b5 d8d7 b5b4 e8a8 c1e3 g8e7 e1a1 e6d5 e4d5 e7f5,457
rnb3r1/ppp3k1/4P2b/4p1qp/2BP3p/2N2Q1P/PPP2PP1/R3K2R w KQ -,f3f7 g7h8 e6e7 c8d7 f7g8 g5g8 c4g8 h8g8 c3d5 b8c6,347
r1bk3r/1p2ppbp/p5p1/2P5/5P2/2P2N2/P1P3PP/R1B1K2R w KQ -,e1f2 g7c3 a1b1 d8c7 c1b2 c3b2 b1b2 c8e6 h1e1 h8e8,-17
1rb2rk1/5pb1/p2p1np1/qBpP4/P4P1p/2N1B3/1P1Q2PP/R3KN1R w KQ -,b5c6 c8f5 h2h3 f6h5 a1a3 a5d8 b2b3 d8e7 c3e2 b8b4,58
8/Q1K5/8/3r4/2k5/8/8/8 w - -,a7a2 c4d4 c7c6 d5f5 a2d2 d4e4 d2c2 e4f4 c6d6 f5f6,246
4r1k1/pp1r4/2n1p3/8/3b3B/8/P5PP/4Q2K w - -,e1b1 d4g7 h4g5 e8f8 g2g3 c6e5 b1c2 f8f5 h2h4 g8f7,-307
rnb1kb1r/pp2pppp/2p1q3/8/3P4/2n2N2/PPP1BPPP/R1BQ1RK1 w kq -,d4d5 c3e2 g1h1 c6d5 f1e1 e6a6 e1e2 c8g4 c2c4 g4f3,-481
r3q1k1/3b2bn/p2p3p/1ppPpr2/2P4P/1P2BP2/P1Q1B3/1NKR3R w - -,d1g1 g8h8 e2d3 e8f8 d3e4 b5c4 b3c4 f5f3 g1g7 f3f1,143
2rr2k1/3bqpbp/2p3p1/3p4/3P1N2/1QR1P3/4BPPP/2R3K1 w - -,b3d1 h7h5 g2g3 c8a8 h2h4 e7d6 f4d3 d8b8 d3c5 d7e8,17
8/8/B7/8/1k6/4K3/2Q5/8 w - -,e2f3 h7h5 h2h3 c8b8 b3d1 b8b6 f4d3 d8b8 d3c5 d7e8,Mate
r2qk2r/1p1bnppp/p1n1p3/3pP3/3P4/N1PB1N2/5PPP/R2QK2R w KQkq -,e1h1 h7h6 h2h4 a8c8 d1e2 e8h8 h4h5 d7e8 f1c1 f7f6,-86
8/8/5kP1/p2p4/Pp1K4/1P6/8/8 w - -,d4d5 f6g6 d5c5 g6f7 c5b5 f7e6 b5a5 e6d7 a5b4 d7d6,1629
1rb1r1k1/5pb1/p2p1np1/q1pP4/P4P1p/2NBB3/1P1Q2PP/R3KN1R w KQ -,a1a2 f6g4 c3d1 b8b4 a2a3 a5b6 h2h3 g4f6 a4a5 b6b7,-91
r1b1kb1r/ppp2p2/2npp2p/6q1/3PP1pN/2PB2n1/PP3PPP/RN1Q1RK1 w kq -,f1e1 g5h4 f2g3 h4g5 b1a3 h6h5 d3b5 a7a6 b5c6 b7c6,-368
8/2K5/Q7/3r4/3k4/8/8/8 w - -,a6e2 d5f5 e2d2 d4e4 d2c2 e4e5 c7c6 f5f6 c6c5 f6f5,245
1R2R3/2k5/p1p2Kp1/5p1p/7r/8/8/8 w - -,f6g6 h4h1 g6f5 h5h4 e8c8 c7d7 c8h8 h4h3 f5e5 h1e1,345
r1b1kbnr/ppqn1pp1/2p4p/4p3/4P3/2NBBN2/PPP2PPP/R2QK2R w KQkq -,h2h3 f8e7 c3e2 d7c5 e2g3 g8f6 e1h1 c8e6 a2a4 e8h8,10
r1b1kb1r/pp1npp1p/3p2p1/q1p5/2PPn2B/4PN2/PP1N1PPP/R2QKB1R w KQkq -,,0
r2k1b1r/1p1bpppp/2p2n2/p7/P3PB2/2N5/1PP2PPP/2KR1B1R w - -,f1e2 e7e6 d1d3 d8e8 h1d1 h7h6 f4e5 a8d8 e5c7 d8c8,224
6k1/p1n2ppp/1p6/2p1rP2/8/4B1P1/PP3K1P/3R4 w - -,d1d8 e5e8 d8d7 c7a6 a2a3 a6b8 d7c7 h7h5 e3f4 a7a5,19
8/3k1p2/p6p/3rPP2/P1K5/1PB4P/6b1/8 w - -,h3h4 d5d1 h4h5 g2h3 e5e6 f7e6 c3g7 h3f1 c4b4 e6f5,-519
r1k3q1/pp2Qp2/2b1pP2/3p4/6P1/8/PPP2PP1/1K5R w - -,g4g5 g8e8 e7e8 c6e8 g5g6 f7g6 f6f7 e8f7 h1h8 c8c7,450
r2q1rk1/p4pp1/5n1p/3pR3/2p1b2B/2P5/P1P2PPP/R2Q1BK1 w - -,f2f3 d8b6 d1d4 f6d7 e5e7 e4f5 a1e1 b6d4 c3d4 a8b8,10
2rr1k2/p3Rpp1/np5p/3p1N2/3P4/P7/5PPP/4R1K1 w - -,g1f1 a6c7 a3a4 a7a5 e1c1 c7e6 c1c8 d8c8 e7b7 h6h5,-37
r2qkb1r/pp1n1ppp/2n1p3/2PpPb2/8/1NP2N2/PP3PPP/R1BQKB1R w KQkq -,f3d4 f5e4 f1b5 d8c7 e1h1 f8c5 f2f3 e4g6 b3c5 d7c5,47
8/8/QK6/4r3/3k4/8/8/8 w - -,a6a1 d4e4 b6c6 e4f4 a1d4 e5e4 d4f2 f4e5 c6c5 e4f4,239
8/5kP1/7P/4p1K1/5p2/8/8/8 w - -,a6a1 d4e4 b6c6 e4f4 a1d4 e5e4 d4f2 f4e5 c6c5 e4f4,Mate
r3kb1r/pppb1p2/2npp2p/6q1/3PP1pN/2PB2P1/PP4PP/RN1Q1RK1 w kq -,a2a4 h6h5 f1f2 f8h6 b1a3 e8h8 d1c2 c6e7 a1e1 e7g6,-6
8/8/5k2/p1K5/Pp6/1P6/8/8 w - -,c5b6 f6e5 b6a5 e5e4 a5b4 e4d4 a4a5 d4d5 b4b5 d5d6,1789
rn1qk2r/pbp1nppp/1p6/3p4/1b2P3/2NP1N2/PP1B1PPP/R2QKB1R w KQkq -,d1a4 b8c6 a2a3 b4c3 d2c3 f7f6 g2g3 d8d7 f1g2 e8a8,8
r1b2bkr/ppq3p1/7p/8/4P3/2P2P2/PB1Q1P1P/R3K2R w KQ -,h2h4 g8h7 e1a1 c8e6 f3f4 f8c5 f4f5 h8d8 d2e2 e6c4,-402
4r3/3R4/ppp2pkp/6p1/8/6P1/PPP1PPKP/8 w - -,d7d6 c6c5 e2e3 e8b8 e3e4 g6f7 g2f3 h6h5 h2h4 a6a5,295
1R2R3/2k5/p1p3K1/5p1p/8/8/8/7r w - -,g6f5 a6a5 e8c8 c7d7 c8h8 d7c7 b8b3 h5h4 f5e5 h1e1,355
r2qk2r/pQ3ppp/2p2n2/2bp4/8/2PnPN2/PP1N1PPP/R1B1K2R w KQkq -,e1d1 d3f2 d1e2 f2h1 b7c6 f6d7 f3e5 a8c8 c6d5 d7e5,-268
rn1qk1nr/ppp2pbp/3p2p1/4p3/3PPPb1/5N2/PPP1B1PP/RNBQK2R w KQkq -,d4e5 g4f3 e2f3 d6e5 d1d8 e8d8 b1a3 b8c6 c1d2 e5f4,89
4r1k1/pp1r4/1bn1p3/6B1/4Q3/8/P4qPP/4R2K w - -,g5f4 d7g7 e1d1 f2h4 h2h3 h4f6 g2g3 e8f8 a2a4 f6g6,-661
7R/4kp2/4P3/1P2P1p1/1P3b2/2P5/2K2n2/8 w - -,e6f7 e7f7 b5b6 f4e5 b6b7 f2e4 b7b8q e5b8 h8b8 g5g4,552
4r1k1/p2R1ppp/1p6/1np2P2/8/4B1P1/PP3K1P/8 w - -,a2a4 b5d4 e3d4 c5d4 d7a7 g7g5 a7b7 d4d3 b7b6 g5g4,67
r4rk1/p4pp1/1q3n1p/3pR3/2p1b2B/2P2P2/P1P3PP/R2Q1BK1 w - -,d1d4 f6d7 e5e7 e4f5 h4f2 b6d4 f2d4 f8d8 e7e2 d7b8,11
rn2kb1r/1b2qppp/pp2p3/3nN3/3P4/P1N2Q2/1P3PPP/R1B1KB1R w KQkq -,c3e4 f7f6 f3h5 g7g6 e5g6 e7f7 g6f4 f7h5 f4h5 b8c6,69
r1bq1rk1/ppppnpbp/6p1/1B1P4/3Pp3/5N2/PPP2PPP/R1BQ1RK1 w - -,d5d6 e7f5 c1g5 f7f6 b5c4 g8h8 g5f4 e4f3 d6c7 d8e7,-125
6k1/6P1/7P/4p3/5pK1/8/8/8 w - -,d5d6 e7f5 c1g5 f7f6 b5c4 g8h8 g5f4 e4f3 d6c7 d8e7,Mate
rn1qk2r/p2p1ppp/1p2pn2/8/1pPP3N/6P1/PP2PPbP/RN1QK2R w KQkq -,e1d2 g2h1 d1h1 b8c6 d4d5 c6e5 d2e1 e8h8 b1d2 a8c8,-641
3R4/Q4pkp/6p1/4P3/2q5/8/6PP/5K2 w - -,d8d3 c4d3 f1g1 d3b1 g1f2 b1b2 f2g1 b2e5 h2h3 g6g5,-39
4r1k1/p2R1ppp/1p6/2p2P2/P2n4/4B1P1/1P3K1P/8 w - -,e3d4 c5d4 d7a7 g7g5 a7b7 d4d3 b7b6 g8g7 b2b3 g5g4,33
r2qk2r/pQ3ppp/2p2n2/2bp4/8/2P1PN2/PP1NKPPP/R1n4R w kq -,e2d1 c1d3 b7c6 f6d7 d1e2 d3b2 h1b1 c5a3 f3e5 a8c8,-207
1R2R3/2k5/p1p5/5K2/7p/8/8/7r w - -,e8c8 c7d7 c8h8 h4h3 b8b3 h3h2 b3h3 h1f1 f5e4 f1e1,358
5rk1/1B6/3b2p1/3P1q2/1P2p2p/4Q1Pb/5B1N/3R2K1 w - -,f2e1 f5e5 e1c3 e5g3 e3g3 h4g3 h2f1 f8f2 c3d4 f2g2,11
4r1k1/p2R1ppp/1p6/5P2/P2p4/6P1/1P3K1P/8 w - -,d7a7 g7g5 a7b7 g8g7 b7b6 d4d3 b2b3 g5g4 b6d6 e8e2,21
r1b2rk1/1p3pp1/p1p3p1/3Nq3/8/8/PP4PQ/K1R5 w - -,c1h1 f7f6 h2e5 f6e5 d5b6 c8e6 b6a8 f8a8 h1e1 e6d5,-643
r1bqk2r/1p2nppp/2pp1n2/p2Pp3/1bP1P3/5NP1/PP1N1PBP/R1BQ1RK1 w kq -,d2b3 a5a4 c1d2 b4d2 b3d2 e8h8 d1e2 d8b6 f1b1 c8d7,-5
3r4/1p1kbn2/1qr1p1p1/p2pPp2/P2P3P/2B1NRP1/QP4K1/4R3 w - -,,0
4r1k1/R4ppp/1p6/5P2/P7/3p2P1/1P3K1P/8 w - -,a7d7 e8e2 f2f3 g8f8 b2b3 e2h2 d7d3 f8e7 d3d4 h2c2,18
r2k1b1r/1p1b1ppp/2p1pn2/p7/P3PB2/2N5/1PP1BPPP/2KR3R w - -,d1d3 f8e7 h1d1 d8e8 f4e5 a8d8 e5c7 d8a8 g2g4 h7h6,222
r4rk1/p2n1pp1/1q5p/3pR3/2pQb2B/2P2P2/P1P3PP/R4BK1 w - -,e5e7 e4f5 h4f2 b6d4 f2d4 f8e8 e7e8 a8e8 a1b1 f5c2,10
1nrr1k2/R4pp1/1p5p/3p1N2/3P4/P7/5PPP/4R1K1 w - -,a7b7 b8c6 e1b1 h6h5 h2h4 c6a5 b7b6 a5c4 b6b7 g7g6,23
r1bq1rk1/pp1pnpbp/2p3p1/1B1P2N1/3Pp3/8/PPP2PPP/R1BQ1RK1 w - -,b5c4 c6d5 c4b3 d7d6 c2c3 b7b5 f2f3 h7h6 g5h3 c8h3,-168
r3kb1r/pppbnp2/3pp2p/6q1/1P1PP1pN/2PB2P1/P5PP/RN1Q1RK1 w kq -,g1h1 h6h5 b1d2 f8h6 d2b3 e8h8 d1e1 g5e3 e1b1 d7a4,-43
3R4/Q4pkp/6p1/4P3/7q/8/5KPP/8 w - -,,0
r1bq4/pppp1kp1/5n1p/2b1p3/3nP3/3P4/PPPN1PPP/R1BQ1RK1 w - -,g1h1 d7d5 c2c3 d4e6 d2f3 f7g8 f3e5 d5e4 f2f4 c5d6,-171
2k4r/ppp2p1p/4p3/2P1n3/2P1Q3/P1PrB2q/2K3RP/R7 w - -,a1e1 h8d8 g2e2 e5f3 e1c1 c7c6 c2b2 h3h5 e2c2 f3d2,-234
r4rk1/2p1qppp/p3pnb1/1p2B3/3PP3/1BP2P2/P5PP/R2Q1RK1 w - -,a1c1 f8c8 c3c4 c7c5 c4b5 f6d7 e5g3 a6b5 d4c5 c8c5,132
1RR5/3k4/p1p5/5K2/7p/8/8/7r w - -,c8h8 a6a5 b8b3 d7c7 f5e5 h1e1 e5d4 e1d1 d4c4 d1a1,364
r2qk2r/ppp2ppp/2n1b3/4Pn2/3p4/1N3NP1/PPQKPPBP/R6R w kq -,b3c5 e6c8 c5b7 c8b7 c2f5 c6e7 f5c2 e8h8 h1d1 e7g6,124
5rk1/p2p2p1/2b1p1qp/4Qp2/1p3P2/1P2K3/5N1P/8 w - -,e3d2 g6g2 e5c5 g2h2 d2e1 h2f4 f2d3 f4e4 e1d2 f5f4,-877
rn1qkb1r/pb1p1p1p/1p2pnp1/2pP4/4PP2/3B4/PPP1Q1PP/RNB1K1NR w KQkq -,g1f3 f8g7 b1c3 e6d5 e4d5 d8e7 c3b5 e7e2 d3e2 e8h8,46
2rr1k2/R1n2pp1/1p5p/3p1N2/3P4/P7/5PPP/4R1K1 w - -,e1e7 d8e8 e7e8 c8e8 f2f3 c7b5 a7b7 b5a3 f5d6 e8d8,23
1r1qrbk1/1b3p1p/p2p1np1/1pnPp3/P1p1P3/2P1BNNP/1PBQ1PP1/R3R1K1 w - -,e3c5 d6c5 a1a2 b7c8 a4b5 a6b5 e1a1 d8d6 d2e3 b8b6,38
8/5kP1/7P/4pK2/5p2/8/8/8 w - -,e3c5 d6c5 a1a2 b7c8 a4b5 a6b5 e1a1 d8d6 d2e3 b8b6,Mate
r1b1k2r/1pp2ppp/2n2n2/p2q2N1/3Pp3/P5P1/1P1QPPBP/R1B2RK1 w kq -,d2e3 c8f5 f2f3 d5d4 f3e4 f5d7 e4e5 f6g4 e3d4 c6d4,7
r4rk1/p2nRpp1/1q5p/3p1b2/2pQ3B/2P2P2/P1P3PP/R4BK1 w - -,h4f2 b6d4 f2d4 f8d8 e7e2 d7b8 d4c5 b8c6 e2d2 a8b8,18
r1bq1k1r/ppp3pp/2n5/2b4Q/3pP3/8/PPP2PPP/RNB1K2R w KQ -,h5d1 d8e7 e1h1 c8e6 c2c3 c5b6 c3d4 b6d4 b1c3 d4c3,-349
2rq1rk1/1b1n1ppp/p2bpn2/1p6/3NP3/P1N5/BP2QPPP/R1B2R1K w - -,d4f3 d8c7 a2b1 d7e5 f3e5 d6e5 c1d2 f8d8 f2f4 e5c3,-96
6k1/3R1ppp/1p6/5P2/P7/3p2P1/1P2rK1P/8 w - -,f2f3 g8f8 b2b3 e2h2 d7d3 f8e7 d3d5 h2c2 f3f4 c2c3,13
rn1qkb1r/pb1p1p1p/4pnp1/1ppP4/2P1PP2/3B4/PP2Q1PP/RNB1K1NR w KQkq -,g1f3 b5c4 d3c4 e6d5 e4d5 d8e7 b1c3 d7d6 e2e7 f8e7,37
8/2k5/1R2p3/2P5/3PP2p/2n2Pp1/3r2P1/5K2 w - -,g1f3 b5c4 d3c4 e6d5 e4d5 d8e7 b1c3 d7d6 e2e7 f8e7,Mate
r1b2bkr/pp3qp1/7p/3Q4/4P3/2P2P2/PB3P1P/R3K2R w KQ -,h1g1 c8e6 d5e5 a8d8 a1d1 d8e8 c3c4 g8h7 e5g3 h8g8,-428
1rbn1b1r/pp2kNpp/4pn2/8/2B2B2/8/PP3PPP/2KR3R w - -,f7h8 d8c6 f4b8 c6b8 h8f7 e7f7 d1d8 b8d7 d8c8 f8d6,503
1R5R/3k4/p1p5/5K2/8/7p/8/7r w - -,b8b3 h3h2 b3h3 a6a5 h3h2 h1b1 h8h7 d7d6 h2d2 d6c5,371
r4k2/5p2/p2pppb1/3q4/2R4Q/1P2P1P1/PB5P/6K1 w - -,b8b7 d7d6 b7h7 d6d5 h7h3 h1c1 h3h1 c1c2 f5f4 d5d4,Mate
rn2kb1r/1b2qpp1/pp2p2p/3nN3/3PN3/P4Q2/1P3PPP/R1B1KB1R w KQkq -,e4d6 e8d8 d6f7 d8c7 f7h8 b8c6 e5c6 b7c6 h8g6 e7e8,593
r1bq3r/ppp2kpp/2n5/2Q5/3pP3/8/PPP2PPP/RNB1K2R w KQ -,c5h5 f7g8 e1h1 d8e7 b1d2 c6b4 h5d1 c7c5 c2c3 b4c6,195
rn2kb1r/pb1pqp1p/5np1/1PpP4/5P2/3B4/PP2Q1PP/RNB1K1NR w KQkq -,b1c3 f6d5 e2e7 d5e7 e1f2 f8g7 g1f3 d7d5 h1e1 b8d7,36
rn2kb1r/1b3pp1/pp1qp2p/3nN3/3P4/P4Q2/1P3PPP/R1B1KB1R w KQkq -,f3f7 e8d8 f7b7 d6c7 e5f7 d8e8 b7c7 d5c7 f7h8 c7d5,578
6k1/6P1/7P/4p3/4Kp2/8/8/8 w - -,c1g5 d6c7 g5d8 e8d8 e5f7 d8e8 f7h8 d5f4 f3d1 b8c6,Mate
3R4/Q4pkp/6p1/4P3/8/8/6PP/2q3K1 w - -,d8d1 c1d1 g1f2 d1c2 f2g1 c2c1 g1f2 c1f4 f2g1 f4e5,-16
rnbqk1nr/pp2ppbp/6p1/2p5/4p3/2PP1B2/PP3PPP/RNBQK1NR w KQkq -,d3e4 d8c7 g1e2 b8d7 e2f4 g8f6 f4d5 f6d5 e4d5 e8h8,-23
rnb1k2r/p1q1nppp/1p6/2p1P3/2Bp4/B4N2/P2Q1PPP/1R3RK1 w kq -,,0
4r1k1/1p3pp1/1pp4p/8/P7/1N1n3b/1PP2P1P/R6K w - -,b3d2 d3b2 a1b1 b2a4 d2c4 g8h7 c4d6 e8e2 d6b7 a4c3,-613
r3r1k1/p4ppp/5n2/1N1p4/1b3B2/P2b4/1P3PPP/2R2KNR w - -,g1e2 e8e2 a3b4 d3b5 f1g1 d5d4 h2h3 d4d3 g1h2 d3d2,-586
r4rk1/p2nRpp1/7p/3p1b2/2pq4/2P2P2/P1P2BPP/R4BK1 w - -,f2d4 f8e8 e7e8 a8e8 a1b1 f5c2 b1b5 c2d3 g1f2 d3f1,3
rn1k1b1r/1b3Qp1/pp1qp2p/3nN3/3P4/P7/1P3PPP/R1B1KB1R w KQ -,f7b7 d6c7 e5f7 d8e8 b7c7 d5c7 f7h8 b8c6 c1e3 f8d6,583
r1b2b1r/pp3kp1/7p/8/4P3/2P2P2/PB3P1P/R3K2R w KQ -,h1g1 g7g6 f3f4 c8e6 h2h4 h6h5 c3c4 h8g8 a1c1 a8c8,-350
2R5/8/8/5p2/1k6/6PP/p6K/r7 w - -,,0
3R4/Q4pkp/6p1/4P3/5q2/8/5KPP/8 w - -,,0
2r5/8/pppR1pkp/6p1/8/6P1/PPP1PPKP/8 w - -,e2e4 g6f7 g2f3 h6h5 d6d7 f7e6 d7b7 b6b5 b7a7 f6f5,318
rn2k2r/pb1pbp1p/5np1/1PpP4/5P2/3B4/PP4PP/RNB1K1NR w KQkq -,b1c3 a7a6 g1e2 a6b5 d3b5 f6d5 e1h1 f7f5 c3d5 b7d5,4
7R/3k4/p1p5/5K2/8/1R6/7p/7r w - -,b3h3 a6a5 h3h2 h1c1 h2h1 c1c2 h1a1 d7c7 a1a5 c2c1,379
2k4r/ppp4p/4pp2/2P1Q3/2P5/P1PrB2q/2K3RP/R7 w - -,e5f4 d3e3 g2g7 e3c3 c2d2 h8d8 d2e1 e6e5 f4g4 h3g4,-400
6k1/1p3pp1/1pp4p/8/P7/1N1P3b/1r3P1P/3R3K w - -,h1g1 b2b3 f2f4 g8h7 g1f2 h3e6 f2f3 b3a3 d1b1 a3d3,-678
1R6/8/8/5p2/8/k5PP/p6K/r7 w - -,,0
rn2k2r/1b1pbp1p/p4np1/1PpP4/5P2/2NB4/PP4PP/R1B1K1NR w KQkq -,g1e2 a6b5 d3b5 f6d5 e1h1 f7f5 c3d5 b7d5 c1e3 b8a6,1
r1k2b1r/1p2pppp/2p1bn2/p7/P3PB2/2N5/1PP2PPP/2KR1B1R w - -,e4e5 g7g5 f4g5 f6g4 c3e4 e6d5 h2h3 g4e5 e4c3 d5e6,77
8/8/8/8/3K4/2B5/k7/5B2 w - -,b2b3 f6d7 f4e3 f7f6 d1d2 c8c7 e3f4 d7e5 c3e2 g7g5,Mate
r3r1k1/p4ppp/5n2/1b1p4/1b3B2/P7/1P3PPP/2R3KR w - -,a3b4 d5d4 h2h3 a7a6 g1h2 d4d3 h1d1 h7h6 f4d2 a8d8,-553
r3k2r/pppbnpb1/3pp2p/6q1/1P1PP1pN/2PB2P1/P1Q3PP/RN3RK1 w kq -,c2e2 c7c5 b4c5 d6c5 e4e5 e7d5 f1e1 a8c8 e2b2 g5d8,-60
8/5kP1/7P/4pp2/7K/8/8/8 w - -,c2e2 c7c5 b4c5 d6c5 e4e5 e7d5 f1e1 a8c8 e2b2 g5d8,Mate
r3k2r/1b1pbp1p/n4np1/2pP4/5P2/2NB4/PP4PP/R1B1K1NR w KQkq -,d3c4 a6b4 e1f2 b4d5 c3d5 b7d5 c4d5 f6d5 g1f3 f7f5,-108
rn4rk/ppp1PQ2/4b2b/4p1qp/2BP3p/2N4P/PPP2PP1/R3K2R w KQ -,f7e6 b8c6 c3e4 g5g7 e4f6 c6d4 e7e8n g8e8 f6e8 d4e6,366
8/p5K1/1k6/7P/1r6/8/p7/7R w - -,,0
rn2kb1r/1b2q1pp/pp2p3/3nNp2/3PN3/P4Q2/1P3PPP/R1B1KB1R w KQkq -,c1g5 f5e4 f3g4 d5f6 g4h3 b8c6 f1c4 c6d4 e1a1 a8d8,-135
r4rk1/6bn/p2p3B/1ppP1b2/2P4P/1P3p2/P2Qq3/1NK3RR w - -,h1h2 e2d2 b1d2 a8a7 h2f2 g8h8 h6g7 a7g7 g1g7 h8g7,-266
r2qk2r/pQ3ppp/2pb1n2/3pn3/8/2P1P3/PP1N1PPP/R1B1K1NR w KQkq -,g1h3 e5d3 e1e2 d3e5 f2f4 a8b8 b7a7 e5g4 h3f2 g4f2,-56
7R/3k4/p1p5/5K2/8/7R/7p/2r5 w - -,h3h2 d7c7 h2h1 c1c2 f5e4 a6a5 h8h7 c7b6 h1b1 b6c5,400
r4rk1/pppbnpb1/3pp2p/6q1/1P1PP1pN/2PB2P1/P4QPP/RN3RK1 w - -,a2a3 d7b5 f2e2 b5d3 e2d3 c7c5 b1d2 c5d4 c3d4 a8c8,-111
3q1rk1/1b1n1ppp/p2bp3/1p6/3NnP2/P1P5/B3Q1PP/R1B2R1K w - -,a2b3 e4c3 e2e1 d8a8 d4f3 c3e4 c1d2 f8c8 a1c1 d6a3,-148
r3kb1r/1b2q1pp/ppn1p3/3nNpN1/3P4/P4Q2/1P3PPP/R1B1KB1R w KQkq -,e5c6 b7c6 f1c4 b6b5 c4b3 e8a8 f3e2 e7d7 e1h1 f8d6,120
5k2/3R1ppp/1p6/5P2/P7/3p1KP1/1P2r2P/8 w - -,b2b3 e2h2 d7d3 f8e7 d3d5 h2c2 f3f4 c2f2 f4g5 h7h6,7
r1bN1b1r/pp2k1pp/4pn2/8/2B2B2/8/PP3PPP/2KR3R w - -,h1e1 e7e8 d8e6 c8e6 e1e6 f8e7 f4d6 f6g8 c1b1 e8f8,576
8/8/8/8/2K5/k1B5/8/5B2 w - -,f2f3 g7g5 f4d6 e7d8 d6f8 f6d5 f8h6 g5g4 f3g4 h8g8,Mate
8/8/4k3/1B6/1Q6/8/3K4/8 w - -,f2f3 g7g5 f4d6 e7d8 d6f8 f6d5 f8h6 g5g4 f3g4 h8g8,Mate
r3kb1r/4q1pp/ppb1p3/3n1pN1/3P4/P4Q2/1P3PPP/R1B1KB1R w KQkq -,f1c4 b6b5 c4b3 g7g6 f3e2 h7h6 g5e6 e8d7 e6c5 d7d6,119
7R/8/p1pk4/5K2/8/8/7R/2r5 w - -,h2h1 c1c4 h8h4 c4c2 f5e4 a6a5 e4d3 c2g2 h4h6 d6c5,411
r2q1rk1/ppp2ppp/2n1b3/2N1Pn2/3p4/5NP1/PPQKPPBP/R6R w - -,c5b7 d8e8 h1c1 c6b4 c2c5 b4a2 c1b1 a8b8 f3g5 e8d7,163
r1b1kbnr/ppq2ppp/4p3/2Ppn3/8/P3BN2/1PP2PPP/RN1QKB1R w KQkq -,f3e5 c7e5 f1b5 c8d7 b5d7 e8d7 e1h1 b7b6 e3d4 e5c7,141
r4rk1/6Bn/p2p4/1ppP1b2/2P4P/1P6/P2Qqp2/1NK3RR w - -,d2e2 f2g1q h1g1 g8f7 e2f3 f7e7 g7f8 a8f8 g1g7 f8f7,951
8/8/8/1K6/8/1kB5/8/5B2 w - -,g7b2 f2g1q h1g1 e2g4 g1g4 f5g4 d2d3 g4f5 d3g3 g8f7,Mate
r2qk2r/pp3pbp/3p1np1/2pP4/3pP3/5B2/PPP1NPPP/R2Q1RK1 w kq -,c2c3 d4c3 e2c3 e8h8 g2g3 f6d7 a2a4 a7a6 f3e2 d8e7,-57
rnb2rk1/pp3pbp/5np1/4p3/4P3/2N1BN1P/PPP3P1/R2qKB1R w KQ -,c3d1 f6e4 f1c4 e4g3 h1g1 b8c6 e3c5 f8d8 d1c3 c6a5,-178
Bn1r2k1/p4ppp/2p5/b7/3P2b1/1Q2PqP1/PB3P1P/R1N2KR1 w - -,b2c3 a5c3 b3c3 f3d1 c3e1 g4h3 g1g2 h3g2 f1g2 d1e1,-503
1r1qr1k1/1b3pbp/p2p1np1/1pnPp3/P1p1P3/R1P1BNNP/1PBQ1PP1/4R1K1 w - -,e3c5 d6c5 a4b5 a6b5 e1a1 d8c7 h3h4 h7h5 g3f1 b8a8,35
2b1r1k1/5pb1/p2p2p1/q1p5/P4P1p/R1nBB3/1Q3KPP/5N1R w - -,b2c1 d6d5 a3c3 g7c3 e3d2 c3d4 f1e3 a5c7 f2f3 c5c4,-294
5rk1/2q2p2/7p/4PQ2/3nN3/2p5/5PPP/R5K1 w - -,b2c1 d6d5 a3c3 g7c3 e3d2 c3d4 f1e3 a5c7 f2f3 c5c4,Mate
r4rk1/7n/p2p4/1ppP1b2/2P4P/1PB5/P2Qq3/1NK3qR w - -,h1g1 e2g4 g1g4 f5g4 d2h6 f8f1 c1b2 a8a7 h6g6 g8f8,Mate
r1b1k2r/ppp1qppp/7n/2bBn1N1/3pP3/5Q2/PPP2PPP/RNB2RK1 w kq -,f3h5 c8g4 h5h4 e8a8 f2f3 c7c6 d5b3 g4d7 g1h1 f7f6,-150
r1br2k1/pp2ppb1/6p1/7p/2BNP2P/2q1BP2/P5P1/1R1Q1K1R w - -,d1d3 c3d3 c4d3 g7d4 f1f2 b7b6 d3c4 d4e3 f2e3 c8b7,-68
5rk1/1pp1q2p/6r1/p1b5/2PQPB2/6N1/6PP/4RRK1 w - -,d4c5 e7c5 g1h1 c5c4 e1c1 c4a2 c1a1 a2a1 f1a1 f8f4,-433
r3kb1r/4q1pp/ppb1p3/5pN1/1nBP4/P4Q2/1P3PPP/R1B1K2R w KQkq -,f3e2 c6g2 g5e6 g2h1 c1g5 e7d6 g5f4 d6d7 a3b4 f8b4,300
5k2/3R1ppp/1p6/5P2/P7/1P1p1KP1/7r/8 w - -,d7d3 f8e7 d3d4 h2c2 d4b4 c2c6 g3g4 e7d6 f3f4 h7h6,6
2kr4/ppp4p/4pQ2/2P5/2P5/P1PrB2q/2K3RP/R7 w - -,f6f2 d3e3 g2g3 e3g3 h2g3 e6e5 a1f1 c8b8 c2b3 a7a6,-44
7R/8/p1pk4/8/2r1K3/8/7R/8 w - -,e4d3 c4g4 h8h6 d6c5 h2c2 c5b4 c2c6 a6a5 c6c1 g4g3,420
r1b1k2r/pp2qppp/2p4n/2bBn1N1/3pP3/1Q6/PPP2PPP/RNB2RK1 w kq -,c1d2 a7a5 a2a4 c6d5 e4d5 e8h8 g5e4 c8f5 e4c5 e7c5,-310
rnbq1rk1/pp3pbp/3p1np1/4p3/3NPP2/2N1B2P/PPP3P1/R2QKB1R w KQ -,d4e2 f8e8 f4e5 e8e5 e2g3 d6d5 f1c4 d8a5 c4b3 d5e4,-80
r3r1k1/p4ppp/5n2/1N1p4/1b2bB2/P4K2/1P3PPP/2R3NR w - -,f3g3 f6h5 g3g4 h5f4 a3b4 f4d3 g1f3 d3f2 g4g3 f2h1,-477
8/8/8/1K6/3B4/8/2k5/5B2 w - -,f3g3 f6h5 g3g4 h5f4 a3b4 f4d3 g1f3 d3f2 g4g3 f2h1,Mate
8/4kppp/1p6/5P2/P7/1P1R1KP1/7r/8 w - -,d3d5 h2c2 f3f4 c2f2 f4g4 f2c2 d5b5 c2c6 g4f4 e7f6,3
r1bq1rk1/ppp1npbp/3p2p1/1B1Pp3/2P5/3P1N2/PP3PPP/R1BQ1RK1 w - -,f1e1 c7c5 h2h3 a7a6 b5a4 b7b5 a4c2 c8d7 c1d2 a6a5,-81
7R/8/p1pk4/8/6r1/3K4/7R/8 w - -,h8h6 d6c5 h2c2 c5d5 c2c6 g4g3 d3e2 g3g8 e2e3 g8e8,424
r6N/pppk2pp/3bbn2/4p3/2Nn4/1P6/P2P1PPP/R1BR2K1 w - -,f2f4 e6c4 b3c4 a8h8 f4e5 d6e5 a1b1 f6g4 g2g3 h8f8,-373
rnb1k2r/p1q1nppp/1p6/4P3/2Bp4/B7/P2Q1PPP/1R3RK1 w kq -,,0
5rk1/1pp4p/6r1/p1q5/2P1PB2/6N1/6PP/4RRK1 w - -,g1h1 c5c4 g3f5 g6e6 f4h6 f8f5 f1f5 e6h6 f5a5 c4c3,-441
r4rk1/7n/p2p4/1ppP1b2/2P4P/1PB5/PK1Qq3/1N5q w - -,g1h1 c5c4 g3f5 g6e6 f4h6 f8f5 f1f5 e6h6 f5a5 c4c3,Mate
r1b1k2r/pp2qppp/2p4n/2b3N1/2npP3/1Q6/PPP2PPP/RNB2RK1 w kq -,g5h3 c4e5 b1d2 d4d3 c2d3 c8h3 d3d4 c5d4 b3h3 h6g4,-469
8/p5K1/1k6/7P/8/8/pr6/R7 w - -,,0
3q1n1k/pp2P1pp/2p2p2/8/2B4P/6P1/PPP5/2K5 w - -,h5h6 b2g2 g7f6 g2h2 f6g6 b6b5 h6h7 a7a5 a1a2 h2h7,Mate
2rr2k1/3bqp1p/2p3p1/3p4/3b4/1QRNP3/4BPPP/2R3K1 w - -,e2f3 d4c3 b3c3 d7f5 d3c5 h7h5 h2h3 d8e8 g2g4 h5g4,-319
8/4kppp/1p6/3R1P2/P7/1P3KP1/2r5/8 w - -,f3f4 c2f2 f4g4 f2c2 g4g5 h7h6 g5f4 c2f2 f4e5 g7g6,1
r1b1k2r/p3qppp/1pp4n/2b3N1/2QpP3/8/PPP2PPP/RNB2RK1 w kq -,b2b4 f7f6 b4c5 b6b5 c4d4 f6g5 h2h4 h6f7 h4g5 f7g5,207
8/8/8/8/8/2QB2k1/3K4/8 w - -,g5f3 a7a5 f1e1 h6g4 h2h3 g4e5 f3e5 e7e5 b1d2 e8h8,Mate
1rbqr1k1/5pbp/p2p1np1/1pnPp3/P1p1P3/R1P1BNNP/1PBQ1PP1/R5K1 w - -,a4b5 a6b5 e3c5 d6c5 a3a7 b8b7 a7a8 d8d6 g3f1 c8d7,42
r3r1k1/p4ppp/8/1N1p3n/1b2bB2/P5K1/1P3PPP/2R3NR w - -,g3g4 h5f4 g1f3 f4d3 a3b4 d3f2 g4g3 f2h1 c1h1 a8b8,-480
r1b1kbnr/2qp1ppp/p1n1p3/1p6/2BPP3/5Q2/PP2NPPP/RNB1K2R w KQkq -,c4b3 c6d4 f3c3 c7c3 b2c3 d4b3 a2b3 g8f6 b1d2 c8b7,-162
8/8/p1p4R/2k5/6r1/3K4/7R/8 w - -,h2c2 c5d5 c2c6 g4g3 d3e2 g3g7 c6g6 g7b7 e2d3 d5e5,447
8/p5K1/1k5P/8/8/8/p5r1/R7 w - -,,0
8/8/8/1K6/3B4/8/3kB3/8 w - -,g7f6 g2h2 f6g7 a7a5 h6h7 b6b5 g7g8 b5b4 a1a2 h2h1,Mate
2r4k/1R6/6p1/8/7p/6PP/5PK1/8 w - -,g3g4 c8c3 b7e7 c3c5 g2f3 c5c3 e7e3 c3c5 f3f4 g6g5,37
r4rk1/ppp2pp1/2np1q1p/8/2BPP1b1/3Q1N2/PP3PPP/3R1RK1 w - -,f1e1 g4f3 d3f3 f6f3 g2f3 c6e7 f3f4 a8d8 d1c1 d6d5,3
r1bq1rk1/pppp2p1/2n2nQp/4p3/5P2/2NB4/PPP3PP/R1B2RK1 w - -,c3e4 c6e7 e4f6 f8f6 g6h7 g8f7 c1d2 e5e4 d3e2 d8g8,195
r1b3k1/pppp1Npp/8/2b1p3/3nP1nq/3P4/PPPN1PPP/R1BQ1RK1 w - -,d1g4 h4g4 f7e5 g4h5 e5f3 d4c2 b2b4 c5b6 a1b1 d7d6,Mate
8/p7/1k3K1P/8/8/8/p4r2/R7 w - -,,0
r1b1k2r/4qppp/1pp4n/p1b3N1/3pP3/8/PPP1QPPP/RNB2RK1 w kq -,e2f3 h6g4 h2h3 g4e5 f3g3 c8a6 f1e1 d4d3 g5f3 e5f3,-167
8/5R2/8/6r1/8/4k2p/4p2K/8 w - -,e2f3 h6g4 h2h3 g4e5 f3g3 c8a6 f1e1 d4d3 g5f3 e5f3,Mate
8/4kppp/1pr5/1R3P2/P7/1P3KP1/8/8 w - -,,0
rn2kbnr/pp2p1pp/8/q3P1N1/3p2Q1/8/PP3PPP/RNB1K2R w KQ -,b1d2 a5e5 d2e4 b8d7 f2f4 e5d5 e1h1 d7f6 e4f6 g8f6,242
8/8/8/8/8/2QB1k2/8/2K5 w - -,e1f1 a5b5 g4e2 d4d3 e2d2 h7h6 b1c3 b5e5 g5f3 e5d6,Mate
4rnk1/r3qp2/pp6/3pP1p1/3P2Pp/3NQ2R/PP5P/5RK1 w - -,h3f3 f8e6 f3f6 a7c7 f1f5 e7f8 h2h3 c7c2 f6e6 e8e6,179
8/p7/1k4KP/8/8/8/p5r1/R7 w - -,,0
4r1k1/ppp2ppp/5n2/2b3q1/2N1P3/1P1Q1Pp1/P5KP/4RR2 w - -,h2g3 b7b5 c4b2 g5e5 d3c2 c5d6 f3f4 e5e6 e4e5 d6b4,170
1rbqr1k1/5pbp/3p1np1/1pnPp3/2p1P3/R1P1BNNP/1PBQ1PP1/R5K1 w - -,e3c5 d6c5 a3a7 b8b7 a7a8 d8d6 g3f1 g7f8 g2g4 b7b8,40
r1bqkb1r/ppp2ppp/2n2n2/4p3/2Pp4/1PNP4/PB2PPPP/R2QKBNR w KQkq -,c3b1 e5e4 a2a3 c8f5 g2g3 e4d3 e2d3 d8e7 f1e2 c6e5,-187
r2q1rk1/p6p/b1p1p3/2PpPpp1/8/P1Q5/1P3PPP/R1B2RK1 w - -,b2b4 a6f1 g1f1 f5f4 c3h3 d8e7 a3a4 a8b8 a1b1 e7f7,-280
r4rk1/7n/p2p4/1ppP4/2P3bP/1PB5/PK2Q3/1N5q w - -,b2b4 a6f1 g1f1 f5f4 c3h3 d8e7 a3a4 a8b8 a1b1 e7f7,Mate
r3k2r/4qppp/bpp4n/p1b3N1/3pP3/2P5/PP2QPPP/RNB2RK1 w kq -,e2d2 a6f1 c3d4 a8d8 g1f1 d8d4 d2c2 h6g4 b1c3 g4h2,-350
r1bq1rk1/pppp2p1/5nQp/4n3/8/2NB4/PPP3PP/R1B2RK1 w - -,g6g3 d7d6 c1h6 f6h5 f1f8 d8f8 g3h4 e5d3 c2d3 g7h6,146
8/5ppp/1pr2k2/1R3P2/PP6/5KP1/8/8 w - -,,0
3r1rk1/1p1R1ppp/p3p3/4P3/5q2/1BN5/PP2Q1PP/6K1 w - -,d7d3 d8d3 e2d3 f4e5 g2g3 e5c7 d3e3 f8d8 c3d1 d8c8,-180
8/8/p1p4R/3k4/6r1/3K4/2R5/8 w - -,c2c6 g4d4 d3c3 d4f4 c6a6 f4f8 c3d3 f8f3 d3e2 f3f7,527
8/8/8/1K6/3B4/3k1B2/8/8 w - -,d3e3 a6a5 c2c6 g4e4 e3f3 e4e7 h6d6 d5e5 f3e3 e5f5,Mate
8/8/8/8/8/3B2k1/3Q4/2K5 w - -,d3e3 a6a5 c2c6 g4e4 e3f3 e4e7 h6d6 d5e5 f3e3 e5f5,Mate
r5rk/ppp1P3/2n1Q2b/4p1qp/2BP3p/2N4P/PPP2PP1/R3K2R w KQ -,c3e4 g5g7 e4f6 c6d4 e7e8n g8e8 f6e8 d4e6 e8g7 e6g7,361
2rr1k2/R1n1Rp2/1p4pp/3p1N2/3P4/P7/5PPP/6K1 w - -,e7c7 c8c7 a7c7 g6f5 c7c6 d8a8 g2g3 a8a3 c6h6 b6b5,23
rn2kb1r/4qppp/pp2p3/3bN3/3P4/P4Q2/1P3PPP/R1B1KB1R w KQkq -,f3g3 e7b7 f1d3 f7f5 c1f4 f8d6 a1c1 e8h8 e1h1 b8c6,63
r2q1rk1/1p2ppbp/n1pp1np1/p7/P2PPB2/2N2B1P/1PP2PP1/R2Q1RK1 w - -,f1e1 a6b4 f4e3 e7e5 d4e5 d6e5 d1e2 d8e7 c3b1 b4a6,56
4kr2/r6p/p7/1p3Q2/3p3P/N7/PP4PP/5RK1 w - -,f3e2 d8b6 f4c1 e7e5 d4e5 d6e5 e2c4 a6c5 d1f3 f8e8,Mate
8/8/8/8/8/8/3QB1k1/2K5 w - -,f3e2 d8b6 f4c1 e7e5 d4e5 d6e5 e2c4 a6c5 d1f3 f8e8,Mate
8/5ppp/1pr5/1R3Pk1/PP4P1/5K2/8/8 w - -,,0
8/8/p1R4R/3k4/1r6/3K4/8/8 w - -,c6a6 b4d4 d3c3 d4c4 c3b3 c4c7 h6h4 d5e5 a6a5 e5f6,548
r3r1k1/p4ppp/8/1N1p4/1b2bnK1/P7/1P3PPP/2R3NR w - -,g1f3 f4d3 a3b4 d3f2 g4g3 f2h1 c1h1 a8b8 b5a7 b8b4,-485
r1bq1rk1/pp2ppbp/3p1np1/8/3nPP2/2N2N1P/PPP1B1P1/R2QK2R w KQ -,e1h1 d4f3 e2f3 c8d7 d1d2 d7c6 a1d1 d8c7 f4f5 f6d7,-472
r1bqk2r/p1ppbppp/2n2n2/1p2p1B1/1P2P3/2PP4/P4PPP/RN1QKBNR w KQkq -,a2a4 b5a4 g1f3 e8h8 f1e2 h7h6 g5f6 e7f6 e1h1 a7a5,12
r3k2r/4qppp/1pp4n/p1b3N1/4P3/2p5/PP3PPP/RNB1QK2 w kq -,h2h4 c3b2 c1b2 f7f6 g5f3 h6g4 e1c3 e8h8 b2a3 c5a3,-448
rn2kb1r/4qp1p/pp2p1p1/3bN3/3P4/P5Q1/1P3PPP/R1B1KB1R w KQkq -,c1g5 e7b7 a1c1 f8d6 g5f4 b8c6 e5c6 d6f4 g3f4 d5c6,116
r3r1k1/p4ppp/8/1N1p4/4bK2/P7/1P1b1PPP/2R3NR w - -,f4g3 d2c1 b5c7 c1b2 g1f3 b2a3 c7a8 a3d6 g3g4 g7g6,-592
8/5ppp/1p6/PR3Pk1/1P4P1/2r2K2/8/8 w - -,,0
r4rk1/4qppp/1pp4n/p1b3N1/4P3/2N5/PP3PPP/R1B1QK2 w - -,h2h3 f7f6 g5f3 h6f7 c1e3 f8e8 f1g1 b6b5 f3h4 g7g6,-338
8/8/R6R/3k4/8/1r1K4/8/8 w - -,d3e2 b3b2 e2d3 b2b3 d3c2 b3b7 h6h4 b7f7 a6a5 d5c6,620
rn2k2r/4qpbp/pp2p1p1/3bN3/3P1B2/P5Q1/1P3PPP/R3KB1R w KQkq -,a1c1 e8h8 h2h4 b8d7 c1c7 g7e5 d4e5 e7d8 c7c1 a8c8,56
rn1q1rk1/1p2ppbp/2pp1np1/p7/P2PPB2/2N2b1P/1PP1BPP1/R2Q1RK1 w - -,g2g4 f3e4 f4c1 e4d5 h3h4 e7e6 a1a3 e6e5 d4e5 d6e5,-494
r2q1rk1/1p1n1p1p/p2p2p1/2pP4/P2bP3/2N2B2/1PQ2PPP/R3R1K1 w - -,e1f1 f8e8 g2g3 a8b8 f3e2 d7f6 e2f3 b7b5 a4b5 a6b5,-90
r4rk1/4qppp/1pp5/p1b1P1N1/6n1/2N5/PP3PPP/R1B1QK2 w - -,c1f4 f7f6 g5e4 g4e5 e1e2 a8d8 a1e1 e5d3 f4d6 c5d6,-418
r1bq2k1/pp3p1p/2p3p1/2Ppr2n/8/2NBP3/PP3PPP/R2QR1K1 w - -,d3f1 h5f6 b2b4 d8e7 d1d2 c8d7 c3e2 a8e8 d2b2 f6e4,-7
r4rk1/4Q2n/p2p4/1ppP1b2/2P4P/1PB5/P5q1/KN6 w - -,c4b5 a8e8 e7g7 g2g7 c3g7 g8g7 b1c3 a6b5 b3b4 e8e1,-9605
r1b5/pppp1kpp/8/4p3/4P3/3P3P/PPnN1KP1/R1B5 w - -,b2b3 c2a1 c1b2 a1c2 b2e5 d7d6 e5c3 c8e6 d2f3 f7g8,-577
8/5ppp/8/pR3Pk1/1P2K1P1/2r5/8/8 w - -,,0
1r3b1r/4kppp/pNB1b3/1p2p3/2n5/4B1P1/PP2PP1P/R1R3K1 w - -,b6c4 b5c4 b2b3 e7f6 f2f4 f8d6 b3c4 e5f4 e3f4 d6f4,17
rn3rk1/1pq1ppbp/2pp1np1/p7/P2PPB2/2N2B1P/1PP2PP1/R2Q1RK1 w - -,f4e3 b8a6 d1d2 e7e5 d4d5 a6b4 a1c1 c6d5 e4d5 c7d8,63
8/1r6/R6R/3k4/8/8/2K5/8 w - -,a6a4 b7c7 c2d3 d5e5 h6h5 e5f6 a4a6 f6g7 h5h6 c7c1,9605
r1b2rk1/pppn1pp1/4p2p/3N4/3P3q/4P3/PP3PPP/R2QKB1R w KQ -,d5c7 a8b8 f1e2 d7f6 e1h1 f8d8 a1c1 e6e5 d4d5 h4g5,85
1r1qr1k1/1b3pbp/3p1np1/1pnPp3/2p1P3/R1P1BNNP/1PB2PP1/R3Q1K1 w - -,f3d2 d8c7 b2b4 c4b3 d2b3 c5a4 g3e2 g7f8 b3d2 a4c5,82
2k4r/pppr3p/4p3/2P1Qp2/2P5/P1PBB3/2K3qP/R7 w - -,c2b3 h8f8 d3c2 g2c6 a1e1 d7e7 e1g1 e7d7 a3a4 c8b8,260
r1bqk3/2pp1ppp/p6n/1pbQP3/5P2/1B6/PPPP2PP/RNB2R1K w - -,d5c5 a6a5 b3d5 a8a6 c5f2 h6g4 f2e1 d7d6 e5d6 e8f8,721
1r1q1rk1/Q4ppp/2pb1n2/2npN3/8/2P1P3/PP1NKPPP/R1B4R w - -,f2f3 b8a8 e5c6 d8c8 a7b6 a8a6 b6b5 a6c6 d2b3 c8c7,-318
rnbqkb1r/pp3ppp/4p3/8/2pPpP2/2P1P3/PP4PP/RNBQK1NR w KQkq -,b1d2 b7b5 g1e2 d8d5 a2a4 a7a6 b2b3 c4b3 c1a3 f8a3,7
r4rk1/4Q2n/p2p4/1PpP1b2/7P/1PB5/P7/KN4q1 w - -,e7g7 g1g7 c3g7 g8g7 b5a6 f5b1 a1b1 g7f6 a2a4 f6e5,Mate
8/p5KP/8/8/1k6/8/p6r/R7 w - -,,0
8/7k/n6p/2p2r2/1pP2P2/1K6/5Q2/8 w - -,f2c2 h7g6 c2e4 a6c7 e4c6 g6h5 c6c7 h5g4 b3c2 b4b3,403
8/2r5/7R/3k4/R7/8/2K5/8 w - -,f2f1 f5f6 f1g2 h7h8 f4f5 f6f5 g2c6 h8g7 c6b7 f5f7,Mate
5k2/1p1R2p1/7p/4p2P/4P3/1r3PPK/8/8 w - -,h3g4 b3b6 d7d3 g7g6 f3f4 g6h5 g4f5 h5h4 f5e5 h4g3,119
7r/p5K1/8/8/1k6/8/p7/R7 w - -,,0
8/5ppp/8/PR3Pk1/4K1P1/6r1/8/8 w - -,,0
1rq2rk1/Q4ppp/2Nb1n2/2np4/8/2P1P3/PP1NKPPP/R1B4R w - -,c6a5 c8g4 d2f3 f6e4 a5c6 g4g2 h1f1 b8b7 a7a3 d6h2,-471
r1bqkbnr/pp2pp1p/6p1/2p5/3pPP2/2N2N2/PPPP2PP/R1BQK2R w KQkq -,c3d5 e7e6 c2c4 e6d5 c4d5 f8g7 d2d3 g8f6 e1h1 e8h8,-275
rn3rk1/1pq2pbp/2pp1np1/p3p3/P2PPB2/2N2B1P/1PPQ1PP1/R4RK1 w - -,f4e3 e5d4 e3d4 b8d7 a1d1 f8e8 f1e1 a8d8 g2g3 d7c5,21
r1bqk2r/p1pp1ppp/2n2b2/1p2p3/1P2P3/2PP4/P4PPP/RN1QKBNR w KQkq -,a2a4 b5a4 g1f3 a7a5 b4b5 c6e7 f1e2 e8h8 e1h1 c8b7,-10
7K/p7/8/8/8/1k6/p7/R7 w - -,,0
r3kbnr/pp2p1pp/2n5/4q1N1/3pN1Q1/8/PP3PPP/R1B1K2R w KQ -,e1h1 g8f6 e4f6 g7f6 g4h5 e8d7 h5h3 d7e8 f2f4 e5e2,318
r1b1kbnr/pp2p1pp/2p5/2n1Np2/4P3/8/PPPN1PPP/R1BK1B1R w kq -,f1c4 g8h6 h1e1 g7g6 e4f5 c8f5 h2h3 c5d7 e5f3 d7b6,76
rnb1r1k1/ppp2ppp/8/8/1bP2PN1/3qP3/PP1N2PP/R1BQK2R w KQ -,e1f2 c8g4 d2f3 d3c4 b2b3 c4c5 a2a3 b4c3 a1a2 b8c6,-517
4r3/8/pppR1pkp/6p1/4P3/6P1/PPP2PKP/8 w - -,g2f3 a6a5 d6c6 a5a4 f3e3 a4a3 b2b3 b6b5 b3b4 e8d8,409
1bq2rk1/Q4ppp/5n2/2np4/8/2P1P3/PP1NKPPP/R1B4R w - -,a7a8 c8g4 f2f3 g4g2 e2d1 g2h1 d1c2 h1h2 b2b4 c5d7,-474
3R1b1r/pkp1npp1/1p2b2p/2p1P3/8/1PN2N1P/PBP2PP1/6K1 w - -,g1h2 e7c6 d8d1 f8e7 g2g4 c6b4 d1d2 h8d8 d2d8 e7d8,-98
rn1qk2r/pb1p1pbp/1p2pnp1/2pP4/2P1PP2/3B4/PP2Q1PP/RNB1K1NR w KQkq -,e4e5 e8h8 e5f6 e6d5 c4d5 f8e8 c1e3 g7f6 b1c3 b8a6,84
8/2r5/7R/4k3/R7/3K4/8/8 w - -,e4e5 e8h8 e5f6 e6d5 c4d5 f8e8 c1e3 g7f6 b1c3 b8a6,Mate
r2q1rk1/1p1n1pbp/p2p2p1/2pP4/P3P3/5B2/1PQ1NPPP/R3R1K1 w - -,a4a5 d7e5 e2g3 e5f3 g2f3 g7e5 g1g2 a8b8 e1e3 b7b5,-126
r2qk2r/pp1bbpp1/2n1p2n/3pP2p/3P3P/2PB1N2/5PP1/RNBQK2R w KQkq -,,0
2k4r/ppp4p/4p3/2P1Qp2/2P5/PKPrB3/6qP/R7 w - -,e3f4 g2c6 e5h8 d3d8 h8e5 b7b5 c5b6 a7b6 a1e1 d8g8,376
r2qk1nr/1pp2ppp/p1n1p3/5b2/2BP1B2/2b1PN2/PP3PPP/R2Q1RK1 w kq -,b2c3 g8f6 a1c1 h7h6 c4e2 e8h8 h2h3 d8e7 f4h2 f8c8,107
1r1q1rk1/2p3bp/p2p1np1/1p1PpbBP/2PnN3/2N2P2/PP1QB1P1/2KR3R w - -,c4b5 f5e4 h5h6 g7h8 f3e4 a6b5 b2b4 d8c8 c1b2 d4e2,43
rn3rk1/ppq1bppp/2pp1n2/3Pp3/2P1P1b1/2NB1N2/PP1B1PPP/R2Q1RK1 w - -,a2a3 h7h6 h2h3 g4h5 g2g4 h5g6 d1e2 f6h7 g1h2 b8d7,76
8/2r5/5k2/7R/R7/3K4/8/8 w - -,d1e2 b8d7 h2h3 g4h5 a2a3 h7h6 g2g4 h5g6 b2b4 f6h7,Mate
rnbqk1nr/pp2ppbp/2p3p1/3p4/2BP4/4P3/PPP2PPP/RNBQK1NR w KQkq -,c4e2 b8d7 g1f3 e7e5 c2c4 e5e4 f3d2 g8e7 b1c3 d7f6,-46
rn1q1rk1/pb1p1pbp/1p2pnp1/2pPP3/2P2P2/3B4/PP2Q1PP/RNB1K1NR w KQ -,e5f6 e6d5 c4d5 f8e8 c1e3 g7f6 b1c3 b8a6 d3a6 b7a6,62
r3r1k1/p4ppp/5n2/bN1p1b2/8/P3B3/1P2KPPP/2R3NR w - -,b5d4 f5c8 g1f3 c8a6 e2d1 f6g4 b2b4 a5b6 h1e1 a6c4,-31
8/5ppp/8/PR2KPk1/6P1/r7/8/8 w - -,b5d5 g5g4 d5c5 f7f6 e5d5 h7h5 d5c4 h5h4 c4b4 a3a2,-327
1b3rk1/5ppp/1Q3n2/2np4/6q1/2P1P3/PP1NKPPP/R1B4R w - -,f2f3 g4g2 e2d1 g2h1 d1c2 c5d7 b6b5 h1h2 a2a4 h7h5,Mate
rn1qk1nr/pp1bppbp/2p3p1/3p4/3P4/1B2P3/PPP2PPP/RNBQK1NR w KQkq -,c2c4 d5c4 b3c4 c6c5 g1f3 g8f6 b1c3 e8h8 e1h1 b8c6,-4
rn1q1rk1/pb1p1pbp/1p3Pp1/2pp4/2P2P2/3B4/PP2Q1PP/RNB1K1NR w KQ -,c4d5 f8e8 c1e3 g7f6 b1c3 f6d4 c3d1 d8h4 g2g3 h4e7,64
8/2r3k1/R7/7R/8/3K4/8/8 w - -,c4d5 f8e8 c1e3 g7f6 b1c3 f6d4 c3d1 d8h4 g2g3 h4e7,Mate
r2qk2r/ppp1bppp/2n5/4P3/2bp2Pn/1N3N2/PP2PPBP/R1BQ1RK1 w kq -,f3h4 e7h4 g2c6 b7c6 b3d4 e8h8 c1e3 f8e8 d1c2 c4d5,173
8/5ppp/8/P2RKP2/6k1/r7/8/8 w - -,d5c5 f7f6 e5d5 h7h5 d5c4 h5h4 c4b4 a3a2 c5c7 h4h3,-401
r5rk/ppp1P3/2n1QN1b/4p2p/2BP3p/7P/PPP2Pq1/R3K2R w KQ -,e6f7 g2g6 f7g6 g8g6 e7e8r a8e8 f6e8 c6b4 c4b3 e5e4,480
6k1/1pp4p/6r1/4P3/p7/3qB3/3N2PP/4R1K1 w - -,d2b1 d3e4 g2g3 e4e5 e3d2 e5d4 d2e3 g6e6 e3d4 e6e1,-631
rnbqkbnr/ppp1p2p/3p1pp1/8/3PP3/4B3/PPP2PPP/RN1QKBNR w KQkq -,b1c3 e7e5 d1d2 e5d4 e3d4 f8h6 d4e3 h6e3 d2e3 c8e6,138
r2qk2r/ppp2ppp/2n5/4P3/2bp2Pb/1N6/PP2PPBP/R1BQ1RK1 w kq -,g2c6 b7c6 b3d4 e8h8 d4f5 d8d1 f1d1 h4d8 g1f1 h7h5,175
rn1qk2r/pp1bppbp/2p2np1/3p4/2PP4/1B2P3/PP3PPP/RNBQK1NR w KQkq -,g1f3 e8h8 b1c3 a7a5 c4d5 c6d5 e1h1 e7e6 b3c2 b7b5,-5
3rr1k1/pp1nbppp/1q1p1n2/1NpPp3/1PP1P3/3B1Q1P/P2B1PP1/2R1R1K1 w - -,a2a3 g7g6 c1b1 d8a8 g2g3 h7h5 h3h4 f6g4 f3e2 e7f8,115
4r1k1/ppp2ppp/8/2b3qn/2N1P3/1P1Q1PP1/P5K1/4RR2 w - -,f3f4 g5e7 e4e5 g7g6 e1d1 h5g7 d3d7 g8f8 d1d5 b7b6,241
1b3rk1/5ppp/1Q3n2/2np4/2q5/2P1PN2/PP2KPPP/R1B4R w - -,e2d2 f6e4 d2e1 c5d3 e1d1 e4f2 d1d2 d3c5 d2e1 b8c7,-544
r1b1r3/pp5p/6pk/3q1p2/4pP2/PpQ1P3/3PB1PP/R4RK1 w - -,h2h3 d5d8 g2g4 g6g5 c3b3 c8e6 b3b2 g5f4 f1f4 d8h4,147
r2qk2r/p1p2ppp/2p5/4P3/2bp2Pb/1N6/PP2PP1P/R1BQ1RK1 w kq -,b3d4 e8h8 b2b3 c4a6 c1e3 f8e8 d1c2 d8d5 f1d1 c6c5,187
8/8/8/8/1N6/K7/2N5/2k5 w - -,,0
5k2/2r5/R6R/8/8/3K4/8/8 w - -,b4d5 c1d2 d5c3 d2c3 c2e3 c3d3 a3b4 d3d4 e3f5 d4d5,Mate
5rk1/2b2ppp/1Q3n2/2np4/2q5/2P1PN2/PP3PPP/R1B1K2R w - -,b6b3 c5b3 a2b3 c4d3 f3d4 c7b6 d4c6 f8e8 c6b4 d3g6,-521
k7/P7/2r2pp1/7p/5P1P/R4KP1/8/8 w - -,f4f5 g6f5 a3a5 c6c1 a5f5 c1f1 f3e4 f1e1 e4d5 e1e3,541
r2q1rk1/1pp2ppp/2np2b1/p1bN4/2nN1P2/P3P3/1P2B1PP/R1BQ1RK1 w - -,e2c4 g6e4 d5c3 c5d4 e3d4 d6d5 c4a2 d8d7 c1e3 f8e8,390
r2qk2r/1p1bbpp1/p1n1p2n/3pP2p/3P3P/N1PB1N2/5PP1/R1BQK2R w KQkq -,e1h1 a8c8 g2g3 c6a5 a3b1 g7g6 c1g5 a5c4 d1c1 h6f5,-12
1q2k3/4r2p/p7/1p1Q4/7P/N2p4/PP4PP/4RRK1 w - -,e1h1 a8c8 g2g3 c6a5 a3b1 g7g6 c1g5 a5c4 d1c1 h6f5,Mate
r3k2r/1pp2ppp/p3p3/4Pb1n/2B2B2/2P1P3/P4PPP/R2R2K1 w kq -,,0
r2q1rk1/1p1nppbp/2pp1np1/p7/P2PPB2/2N2B1P/1PP2PP1/R2Q1RK1 w - -,e4e5 f6e8 d1e2 e8c7 a1d1 c7e6 f4g3 d8b6 f3g4 e6d4,63
r3k2r/ppq1bpp1/2n1p2p/3pP3/3B4/2PQ1N1P/PP3PP1/R4RK1 w kq -,a2a3 e8h8 f1e1 f8c8 g2g3 c6a5 f3d2 a5c4 d2c4 c7c4,-30
3r1rk1/1R3pp1/p3p3/4P2p/5q2/1BN5/PP2Q1PP/6K1 w - -,,0
r2q1rk1/3n1pbp/p2p2p1/1ppP4/P3P3/5B2/1PQ1NPPP/1R2R1K1 w - -,b2b3 d7e5 e2g3 e5f3 g2f3 g7e5 g1g2 d8h4 h2h3 a8b8,-164
8/8/8/8/1N6/8/1KNk4/8 w - -,,0
k7/P7/5p2/2r2p1p/5K1P/R5P1/8/8 w - -,a3a6 c5c4 f4f5 c4c3 f5g6 c3g3 g6h5 f6f5 a6f6 a8a7,546
rn1qr1k1/pb1p1pbp/1p3Pp1/2pP4/5P2/3B4/PP2Q1PP/RNB1K1NR w KQ -,c1e3 g7f6 b1c3 f6d4 c3d1 d8h4 g2g3 h4f6 g1f3 b7d5,83
r4rk1/6bn/p2p2q1/1ppP4/2P4P/1P2BP2/P2QB3/1K1R3R w - -,d2d3 g6f6 e3d4 f6d4 d3d4 g7d4 c4b5 a6b5 e2b5 f8f3,-247
8/8/8/3N4/8/8/1KN5/3k4 w - -,,0
rn1qk2r/pp1bppbp/2p3p1/3n4/3P4/1B2P3/PP3PPP/RNBQK1NR w KQkq -,e3e4 d5c7 b1c3 c6c5 d4c5 b8a6 c1e3 c7e6 g1f3 a8c8,28
6k1/2r5/5R1R/8/8/3K4/8/8 w - -,e3e4 d5c7 b1c3 c6c5 d4c5 b8a6 c1e3 c7e6 g1f3 a8c8,Mate
8/8/8/8/8/4N3/1KNk4/8 w - -,,0
k7/P7/R4p2/5p1p/2r2K1P/6P1/8/8 w - -,f4f5 c4c3 f5g6 c3g3 g6h5 f6f5 a6f6 a8a7 f6f5 g3g8,553
1r1qr1k1/Rb1n1pbp/3p2p1/1pnPp3/2p1P3/2P1BNNP/1PB2PP1/R3Q1K1 w - -,a1a5 b7c8 e1c1 g7f8 f3d2 b8b7 b2b4 c4b3 d2b3 c5b3,58
5rk1/Q1b2ppp/5n2/3p4/2q5/2PnPN2/PP3PPP/R1B1K2R w - -,e1d2 f6e4 d2c2 d3b4 c2d1 e4f2 d1e1 b4d3 e1d2 d3c5,Mate
6k1/1p1R1p2/2p3pp/8/r7/2P5/5PKP/8 w - -,g2f3 b7b5 f3e3 a4c4 e3d3 g8f8 d3d2 h6h5 d2d3 c4f4,-459
rn1qr1k1/pb1p1p1p/1p3bp1/2pP4/5P2/3BB3/PP2Q1PP/RN2K1NR w KQ -,b1c3 f6d4 c3d1 d8h4 g2g3 h4f6 g1f3 b7d5 e1h1 b8c6,88
r1bqk1nr/ppp3pp/2nb4/3p4/3Np3/4P1B1/PPP2PPP/RN1QKB1R w KQkq -,c2c4 c6d4 d1d4 d6g3 h2g3 g8f6 c4d5 d8d5 d4d5 f6d5,97
rnbqkb1r/ppp1p2p/3p1ppn/8/3PP3/2N1B3/PPP2PPP/R2QKBNR w KQkq -,f1c4 h6g4 e3d2 e7e5 h2h3 e5d4 h3g4 d4c3 d2c3 d8e7,152
8/8/8/8/2N5/8/1KN5/3k4 w - -,,0
r2qk2r/1p1bbpp1/p3p2n/n2pP1Np/3P3P/N1PB4/5PP1/R1BQK2R w KQkq -,e1h1 g7g6 g2g3 a8c8 c1d2 e8f8 g5h3 f8g7 h3f4 d8e8,-26
1q6/4Q2p/p1k5/1p6/7P/N2p4/PP4PP/4RRK1 w - -,e1h1 g7g6 g2g3 a8c8 c1d2 e8f8 g5h3 f8g7 h3f4 d8e8,Mate
r1b1r1k1/5p1p/1p3Bp1/1p6/3P4/4P3/P2KBPPP/R7 w - -,d4d5 c8d7 a2a3 a8a7 a1c1 e8a8 f6b2 b5b4 a3b4 a7a2,38
k7/P7/R4p2/5K1p/7P/2r3P1/8/8 w - -,f5f4 c3c4 f4f5 c4c3 f5g6 c3g3 g6h5 f6f5 a6f6 a8a7,579
r2q1rk1/p1p2ppp/2p5/4P3/2bN2Pb/8/PP2PP1P/R1BQ1RK1 w - -,b2b3 c4d5 d1c2 f8e8 f2f4 h4e7 c1b2 c6c5 d4f5 c5c4,195
r3kbnr/pp1qppp1/2p4p/3pNb2/2PP3B/2nBP3/PP3PPP/R2QK2R w KQkq -,d1f3 f5d3 f3f7 e8d8 e5d7 d8d7 b2c3 d3c4 a1b1 b7b6,458
6k1/1R3p2/2p3pp/8/r1P5/8/5PKP/8 w - -,b7c7 a4c4 h2h3 g6g5 g2g1 g8g7 c7c8 h6h5 c8c7 g7g6,-411
1q6/4Q2p/p3R3/1p1k4/7P/N2p4/PP4PP/5RK1 w - -,b7c7 a4c4 h2h3 g6g5 g2g1 g8g7 c7c8 h6h5 c8c7 g7g6,Mate
rn1qr1k1/pb1p1p1p/1p4p1/2pP4/3b1P2/2NBB3/PP2Q1PP/R3K1NR w KQ -,c3d1 d8h4 g2g3 h4e7 e3d4 b7d5 d4f6 e7e2 g1e2 d5h1,94
r4rk1/6bn/p2p1q2/1ppP4/2P4P/1P1BBP2/P2Q4/1K1R3R w - -,d1g1 f6a1 b1c2 a1a2 c2d1 a2b3 d3c2 b3a3 g1g6 f8f6,62
rn1qk2r/pbp1nppp/1p2p3/3p4/1bP1P3/2NP1N2/PP1B1PPP/R2QKB1R w KQkq -,d1a4 b8c6 a2a3 b4c3 d2c3 e8h8 f1e2 d5e4 d3e4 e7g6,11
5k2/2r5/6RR/8/8/3K4/8/8 w - -,d1a4 b8c6 a2a3 b4c3 d2c3 e8h8 f1e2 d5e4 d3e4 e7g6,Mate
r3k2r/1pp2p2/p3p2p/4Pbp1/2B5/2P1P1n1/P4PPP/R2R2K1 w kq -,f2g3 e8e7 c4e2 a8d8 e2f3 f5c2 d1d8 h8d8 f3b7 a6a5,-98
r2q1rk1/5pbp/3p2p1/1ppPn3/4P3/1P3B2/2Q1NPPP/1R2R1K1 w - -,e2g3 e5f3 g2f3 d8h4 c2d3 g7d4 e1e2 b5b4 e4e5 d6e5,-232
2r5/5k2/pppR1p1p/6p1/4P3/6P1/PPP2PKP/8 w - -,g2f3 h6h5 d6d7 f7e6 d7b7 b6b5 b7a7 f6f5 e4f5 e6f5,329
3rr1k1/1pq1bppp/2pp1n2/pPnPp3/2P1P3/2NB1Q1P/P2B1PP1/2R1R1K1 w - -,c1b1 d8c8 d5c6 b7c6 e1c1 c8b8 d3c2 g7g6 d2e3 e8c8,101
r3kbnr/pp1Nppp1/2p4p/3p1b2/2PP3B/3BP3/PP3PPP/R2nK2R w KQkq -,d7c5 f5d3 c5d3 d5c4 d3c5 d1b2 c5b7 g8f6 b7a5 f6d5,-409
r4rk1/ppp2ppp/3qbn2/8/1PB5/1QP5/P4PPP/RN3RK1 w - -,c4e6 f7e6 b3c4 a7a5 a2a3 h7h5 h2h3 f6d5 b1d2 d5f4,-26
1r2r1k1/Rb1n1pbp/1q1p2p1/RpnPp3/2p1P3/2P1BNNP/1PB2PP1/4Q1K1 w - -,e1a1 b7c8 a1a3 g7f6 g3f1 f6d8 f1d2 b8b7 b2b3 c4b3,76
r1bqk2r/pppnbppp/5n2/2Ppp3/3P4/3BPN2/PP3PPP/RNBQ1RK1 w kq -,d4e5 f6e4 b2b4 a7a5 d1a4 c7c6 b1d2 e4c3 a4a3 c3b5,97
4r1k1/pp2r3/2n1p3/2q5/4Q3/3R4/P4KPP/4R3 w - -,f2f1 e8f8 d3f3 f8f3 g2f3 c5d5 h2h4 g8f8 e1b1 d5e4,-414
k7/P7/R4K2/7p/7P/6r1/8/8 w - -,a6a5 g3g4 a5h5 g4b4 h5h8 a8a7 h8h7 a7a6 h7h6 a6b7,8
rn2r1k1/pb1p1p1p/1p4p1/2pP4/3b1P1q/3BB3/PP2Q1PP/R2NK1NR w KQ -,g2g3 h4f6 g1f3 b7d5 e1h1 b8c6 e2d2 d5f3 f1f3 c6e5,81
6k1/5p2/2p3pp/8/2r5/8/5PKP/1R6 w - -,h2h3 g8g7 b1d1 g6g5 d1d8 h6h5 d8d6 f7f6 f2f4 c4f4,-437
7R/2r2k2/6R1/8/8/3K4/8/8 w - -,h2h3 g8g7 b1d1 g6g5 d1d8 h6h5 d8d6 f7f6 f2f4 c4f4,Mate
r1bqkb1r/ppp1pppp/2n2n2/3p4/7P/P3P3/1PPP1PP1/RNBQKBNR w KQkq -,d2d4 e7e5 g1f3 f8d6 d4e5 c6e5 f3e5 d6e5 b1d2 e8h8,-96
r4rk1/ppp3pp/4pn2/4q3/1P6/1QP5/P4PPP/RN1R2K1 w - -,b3c4 b7b5 c4c5 a8d8 b1a3 d8d1 a1d1 e5e2 d1f1 a7a6,-92
r4rk1/6bn/p2p4/1ppP4/2P4P/1P1BBP2/q1KQ4/2R4R w - -,,0
r3kbnr/pp1Nppp1/2p4p/3p1B2/2PP3B/4P3/Pn3PPP/R3K2R w KQkq -,c4c5 e7e6 f5c2 e8d7 a1b1 f8e7 h4e7 g8e7 b1b2 h8b8,-162
8/8/2k3p1/5p1p/1PK2P1P/8/8/8 w - -,c4c5 e7e6 f5c2 e8d7 a1b1 f8e7 h4e7 g8e7 b1b2 h8b8,Mate
r2qk2r/pp3ppp/2np1n2/3Pp3/2P1P3/P2B1b2/2Q2PPP/R1B1K2R w KQkq -,d5c6 f3g4 c6b7 a8b8 c4c5 d6c5 a1b1 e8h8 e1h1 d8d7,103
2r5/1p2r3/4Pk1p/1R2R1p1/5p2/P6P/1P4P1/6K1 w - -,e5f5 f6e6 f5e5 e6d6 e5e7 d6e7 b5b7 e7f6 g1f2 c8c1,42
r1k2b1r/1p2pp1p/2p1bnp1/p3P3/P4B2/2N5/1PP2PPP/2KR1B1R w - -,e5f6 e7f6 c3e4 f8e7 e4d6 e7d6 d1d6 h8d8 d6d8 c8d8,482
2b2rk1/5ppp/3b4/1p1Np3/8/4P1P1/1P2P1BP/3R2K1 w - -,d5f6 g7f6 d1d6 c8e6 g1f2 b5b4 g2d5 e6d5 d6d5 f8b8,26
r4rk1/5pbp/3p2p1/1ppPn3/4P2q/1P3B2/3QNPPP/1R2R1K1 w - -,d2f4 h4f4 e2f4 g7h6 f4e2 h6d2 e1f1 a8a2 h2h4 b5b4,-267
rnb2rk1/pp2ppbp/1q1p2p1/2p4n/2BP1B2/1QP1PN2/PP3PPP/RN3RK1 w - -,f1e1 b8c6 b3b6 a7b6 d4c5 b6c5 b1d2 f8d8 a2a4 h5f4,-60
r2qk2r/pp3ppp/2Pp1n2/4p3/2P1P3/P2B4/2Q2PbP/R1B1K2R w KQkq -,h1g1 g2h3 c6b7 a8b8 a1b1 f6d7 c1e3 h3e6 g1g7 d8c7,113
2r5/1p2r3/4k2p/1R3Rp1/5p2/P6P/1P4P1/6K1 w - -,f5e5 e6d6 e5e7 d6e7 b5b7 e7f6 g1f2 c8c1 a3a4 c1a1,44
r3kNnr/pp2ppp1/2p4p/3p1B2/2nP3B/4P3/P4PPP/R3K2R w KQkq -,a2a4 c4d6 f5d3 e8f8 f2f3 f8e8 e1f2 b7b6 g2g4 e7e6,-151
rn2r1k1/pb1p1p1p/1p3qp1/2pP4/3b1P2/3BB1P1/PP2Q2P/R2NK1NR w KQ -,g1f3 b7d5 e1h1 b8c6 e2d2 d5f3 f1f3 c6e5 f3f1 e5g4,78
8/5p2/2p3pp/5k2/8/2r1KP1P/8/4R3 w - -,e3d4 c3f3 h3h4 g6g5 e1e7 f5g4 h4g5 h6g5 e7e4 g4f5,-629
r1bqk2r/pppn1ppp/3b1n2/3pp3/2PP4/3BPN2/PP3PPP/RNBQ1RK1 w kq -,c4c5 d6c5 d4c5 e5e4 c5c6 d7b8 c6b7 c8b7 d3e2 e4f3,97
8/2r4R/6k1/8/8/3K4/8/8 w - -,c4c5 d6c5 d4c5 e5e4 c5c6 d7b8 c6b7 c8b7 d3e2 e4f3,Mate
3r1rk1/ppp3pp/4pn2/4q3/1P6/1QP2P2/P5PP/RN1R2K1 w - -,b1a3 f6d5 a3c2 e5c3 d1e1 c3c6 a1d1 c6b6 c2d4 f8f6,-104
2r5/1p2r3/3k3p/1R2R1p1/5p2/P6P/1P4P1/6K1 w - -,e5e7 c8c1 g1f2 d6e7 a3a4 e7f6 b5b7 c1a1 b7b4 f6e5,32
rn2r1k1/p2p1p1p/1p3qp1/2pb4/3b1P2/3BBNP1/PP2Q2P/R2NK2R w KQ -,e1h1 b8c6 e2d2 d5f3 f1f3 c6e5 f3f1 e5g4 e3f2 e8e7,78
4r1k1/pp2r3/2n1p3/8/4q3/5R2/P4KPP/4R3 w - -,h2h3 e4h4 g2g3 h4h3 e1e4 h3h2 f2e3 h2a2 e4g4 e7g7,-1000
r1k2b1r/1p2pppp/2p1b3/p3P3/P4Bn1/2N5/1PP2PPP/2KR1B1R w - -,f4g3 g7g6 h2h3 g4h6 g3h2 h6f5 g2g4 f5g7 f1e2 h7h5,98
r2q1rk1/p1p2ppp/2p5/3bP3/3N2Pb/1P6/P3PP1P/R1BQ1RK1 w - -,d1c2 a7a5 e2e4 d5e6 f1d1 d8e8 c1a3 h4e7 a3e7 e8e7,202
8/2R5/8/5k2/8/3K4/8/8 w - -,d1c2 a7a5 e2e4 d5e6 f1d1 d8e8 c1a3 h4e7 a3e7 e8e7,Mate
3r1rk1/ppp3pp/4p3/3nq3/1P6/NQP2P2/P5PP/R2R2K1 w - -,g1h1 e5c3 b3c3 d5c3 d1c1 c3d5 b4b5 f8f5 c1c4 d8d7,-133
2r5/1p2k3/7p/1R4p1/5p2/P6P/1P4P1/6K1 w - -,b5b7 e7f6 g1f2 c8c1 a3a4 c1a1 b7b4 f6e5 g2g3 e5f5,43
8/8/1k4p1/1P3p1p/2K2P1P/8/8/8 w - -,g1f2 c8c7 b5b6 e7d8 f2g1 h6h5 b6g6 c7c5 b2b4 c5d5,Mate
r3r1k1/p2p1p1p/1pn2qp1/2pb4/3b1P2/3BBNP1/PP2Q2P/R2N1RK1 w - -,e2d2 d5f3 f1f3 c6e5 f3f1 e5g4 e3f2 e8e7 d3b5 g4f2,81
r4r1k/5pp1/3qpn1p/p1pp3b/5P2/1P1PPNQ1/PBP3PP/R4RK1 w - -,b2f6 g7f6 g3h4 a5a4 h4h5 h8g7 g1h1 d6a6 a1b1 f8g8,532
r1b2rk1/4ppbp/ppnp1np1/q1p5/2PPP3/2N1BP2/PP1QNKPP/3R1B1R w - -,d4c5 b6c5 b2b3 c8b7 g2g4 e7e6 f1g2 a8d8 e3h6 g7h6,32
rnbqkb1r/pp2p2p/2pp1ppn/8/2BPP3/2N1B3/PPP2PPP/R2QK1NR w KQkq -,g1e2 h6g4 e3d2 f8g7 f2f3 g4h6 d2e3 h6f7 d1d2 b8d7,149
6k1/1pp4p/6r1/4P3/3B4/p4q2/6PP/4R1K1 w - -,g2g3 a3a2 e5e6 g6e6 e1e6 f3d1 g1g2 d1d4 e6e8 g8f7,-947
rnbqkb1r/p2ppppp/5n2/1ppP4/2P5/8/PP1N1PPP/R1BQKBNR w KQkq -,g1f3 d7d6 b2b4 c5b4 c1b2 g7g6 c4b5 f8g7 f1c4 e8h8,-92
r4knr/pp2ppp1/2p4p/3p4/2nP3B/3BP3/P4PPP/R3K2R w KQ -,e1h1 c4d6 a1b1 f8e8 h4g3 b7b6 g3d6 e7d6 a2a4 e8d7,-160
r6k/ppp1P3/4QN1b/4p2p/3n3p/7P/PPP1KP2/R5rB w - -,e2d3 d4e6 a1g1 h6g5 e7e8r a8e8 f6e8 e6f4 d3c4 f4h3,547
r3r1k1/p2p1p1p/1pn2qp1/2p5/3b1P2/3BBbP1/PP1Q3P/R2N1RK1 w - -,f1f3 c6e5 f3f1 e5g4 e3f2 h7h5 d3c4 g4f2 d1f2 a8d8,77
6k1/6bn/p2p4/1ppP4/2PB3P/5r2/3R4/1q1KQ3 w - -,d1e2 b1e1 e2e1 g7d4 d2g2 g8h8 g2g6 f3f6 g6g4 b5c4,-838
rnbqk1nr/2pp1pb1/pp2p1pp/8/3PP3/2NBBN2/PPP2PPP/R2QK2R w KQkq -,d1d2 d7d6 e1h1 b8d7 a1d1 g8e7 c3e2 c7c5 c2c3 c8b7,91
r1b2rk1/pp2ppbp/1qnp2p1/2p3Bn/2BP4/1QP1PN2/PP3PPP/RN3RK1 w - -,b3b6 a7b6 b1a3 h7h6 g5h4 g6g5 h4g3 c8f5 c4e2 h5g3,-30
r4knr/pp2ppp1/2p4p/8/2pP3B/4P3/P4PPP/R3K2R w KQ -,f2f3 b7b5 a2a4 b5b4 a4a5 g8f6 e1d2 f6d5 h4g3 d5c3,-160
r1b3k1/5p1p/1p2rBp1/1B6/3P4/4P3/P2K1PPP/R7 w - -,f6h4 c8a6 d4d5 e6d6 b5c6 a8c8 d2e1 d6c6 d5c6 c8c6,28
r3r1k1/p2p1p1p/1p3qp1/2p1n3/3b1P2/3BBRP1/PP1Q3P/R2N2K1 w - -,f3f1 e5g4 e3f2 e8e7 d3b5 g4f2 d1f2 a7a6 b5e2 f6c6,93
rnbqkb1r/p2ppppp/3n4/1ppP4/2P5/8/PP1N1PPP/R1BQKBNR w KQkq -,b2b3 c8b7 c1b2 e7e6 g1h3 e6d5 c4d5 b7d5 h3f4 d5b7,-17
1N6/8/8/p5p1/k5b1/P7/1K6/5B2 w - -,b2b3 c8b7 c1b2 e7e6 g1h3 e6d5 c4d5 b7d5 h3f4 d5b7,Mate
r3r1k1/p2p1p1p/1p3qp1/2p5/3b1Pn1/3BB1P1/PP1Q3P/R2N1RK1 w - -,e3f2 e8e7 d3b5 g4f2 d1f2 a7a6 b5e2 f6c6 f1e1 a8e8,78
rr4k1/p4ppp/8/B1pp1B2/8/1b2P1P1/5P1P/1R4K1 w - -,b1f1 b3c4 f1c1 b8b5 a5c7 b5b7 c7a5 c4e2 a5c3 c5c4,-452
r1bqk2r/pp3ppp/2np1n2/8/2PpP3/P2B1N2/2Q2PPP/R1B1K2R w KQkq -,c1b2 d8a5 c2d2 a5d2 e1d2 f6g4 d2e2 e8h8 f3d4 c6e5,5
1rb2rk1/4ppbp/ppnp1np1/q1p5/2PPP2P/2N1BP2/PP1QNKP1/3R1B1R w - -,d4c5 b6c5 b2b3 h7h5 g2g3 f6d7 f1g2 f8e8 h1f1 d7f8,-12
r2qkb1r/ppp2ppp/2np1n2/8/3NP1b1/1Q6/PPP2PPP/RNB1KB1R w KQkq -,c1e3 f8e7 f2f3 c6d4 e3d4 g4e6 f1c4 e6c4 b3c4 d6d5,28
8/5p2/8/3K2pp/4Pk2/7P/8/8 w - -,d5c5 f4e4 c5b4 g5g4 h3g4 h5g4 b4c5 g4g3 c5c4 g3g2,-2047
8/5p2/8/3KP2p/5kp1/7P/8/8 w - -,d5c5 f4e4 c5b4 g5g4 h3g4 h5g4 b4c5 g4g3 c5c4 g3g2,Mate
1rb2rk1/4ppbp/p1np1np1/qpp5/2PPP2P/1PN1BP2/P2QNKP1/3R1B1R w - -,c3d5 a5d2 d1d2 b5c4 d4c5 f6d5 e4d5 c6a5 c5d6 e7d6,-37
rnbqk2r/2pp1pb1/pp2pnpp/3P4/4P3/2NBBN2/PPP2PPP/R2QK2R w KQkq -,d1d2 f6g4 e1a1 d7d6 d5e6 c8e6 e3d4 g4f6 e4e5 d6e5,78
r1k2b1r/1p2pppp/2p1b3/p2nP3/P4B2/2N5/1PP2PPP/2KR1B1R w - -,c3d5 e6d5 h2h4 g7g6 h4h5 h7h6 h5g6 f7g6 f1d3 d5g2,99
8/n2K4/P7/8/8/8/5k2/8 w - -,,0
r3kbnr/pp1N1pp1/2p1p2p/3p1B2/2PP3B/4P3/PP3PPP/R2nK2R w KQkq -,f5c2 e8d7 c2d1 f8b4 e1e2 d5c4 a2a4 a7a5 b2b3 c4b3,-99
r3kNnr/pp3pp1/2p4p/3p1p2/2PP3B/4P3/PP3PPP/R2nK2R w KQkq -,f8d7 d1e3 f2e3 e8d7 c4d5 c6d5 a1c1 g7g5 h4g3 d7e6,-89
3r2k1/ppp3pp/4p3/8/1PP2n1Q/5P2/P2q2PP/R6K w - -,a1g1 d2d6 g2g3 f4g6 h4e4 b7b6 g1b1 g6f8 e4e3 d6d7,-508
2r1r1k1/pp2ppbp/1qn2np1/3p1b2/3P1B2/2P2N1P/PP1NBPP1/R1Q2RK1 w - -,d2b3 f6e4 f4e3 b6d8 f1e1 e4d6 e3f4 b7b6 c1e3 f7f6,2
4Rb1r/pkpb1pp1/1pn4p/2p1P3/8/1PN2N1P/PBP2PP1/5K2 w - -,c3e2 d7e8 e2f4 c6b4 e5e6 f8d6 f3e5 f7e6 f4e6 h8g8,-562
r5k1/5p1p/bp2r1p1/1B6/3P3B/4P3/P2K1PPP/R7 w - -,d4d5 e6d6 b5c6 a8c8 d2e1 c8c6 d5c6 d6c6 a1b1 f7f6,23
r2q1rk1/1pp2ppp/3bnn2/p3p3/1PB1P1b1/2P2N2/P4PPP/R1BQRNK1 w - -,c1d2 a5b4 c3b4 a8a3 f1g3 e6d4 e1e3 d8a8 d2c3 a3c3,-87
r2qkb1r/pp3ppp/2n1pn2/3p4/3p2b1/2P1BNP1/PP2PPBP/RN1Q1RK1 w kq -,e3d4 f8e7 f3e5 c6e5 d4e5 e8h8 c3c4 d8b6 c4d5 f6d5,-17
3r1rk1/1R3ppp/p3p3/4P3/8/1BN5/PP2Q1PP/2q3K1 w - -,e2d1 c1e3 g1f1 d8d1 b3d1 f7f6 d1e2 f6e5 f1e1 e3f4,-558
k7/P7/5pp1/1r5p/4KP1P/R5P1/8/8 w - -,e4f3 b5c5 a3a6 c5c3 f3g2 g6g5 h4g5 f6g5 f4g5 c3c5,542
r3k2r/2pb3p/ppqbp1p1/3NR1BQ/P2P4/8/1PP2PPP/R5K1 w kq -,h5h6 e8f7 d5f6 d6f8 h6h3 f8g7 d4d5 e6d5 f6d7 h8e8,495
r4rk1/5p1p/3p2p1/1ppPb3/4P2q/1P3PN1/3Q1P1P/1R2R1K1 w - -,e1c1 e5f4 d2d1 f4c1 d1c1 a8a2 c1e3 h4f6 g1g2 f6d4,-304
r2qkb1r/pp1n1ppp/2p1pn2/8/2B1N3/5Q1P/PPPP1PP1/R1B2RK1 w kq -,d2d4 f6e4 f3e4 d7f6 e4f4 d8d6 f4e3 f6d5 e3e4 d5f6,46
3R4/1pk5/p1p2Kp1/5p1p/7P/8/4r1r1/1R6 w - -,d8g8 b7b5 b1a1 c7b7 a1d1 a6a5 f6f7 g2g4 g8d8 b7b6,-611
2r5/1R6/5k1p/6p1/5p2/P6P/1P4P1/6K1 w - -,a3a4 c8c1 g1f2 c1a1 b7b4 f6e5 b2b3 e5f5 f2f3 a1f1,38
1r3r1k/5pp1/3qpn1p/p1pp3b/P4P2/1P1PPNQ1/1BP3PP/R4RK1 w - -,b2f6 g7f6 g3h4 h8h7 h4h5 c5c4 f3d4 c4d3 c2d3 d6a6,539
r1br2k1/pp2pp2/6p1/7p/2BbP2P/1Qq1BP2/P5P1/1R3K1R w - -,c4f7 g8g7 b3c3 d4c3 f7d5 e7e6 d5c4 a7a6 f1f2 b7b5,60
r4r1k/5pp1/3qpn1p/p1pp4/P4P2/1P1PPbQ1/1BP3PP/R4RK1 w - -,b2f6 g7f6 g3h4 f3h5 h4h5 h8g7 f1f3 f8h8 a1e1 a8c8,210
r3kbnr/pp1qppp1/2p4p/3p1b2/2PPn2B/2NBPN2/PP3PPP/R2QK2R w KQkq -,f3e5 d7c8 c4d5 e4c3 d1f3 e7e6 d5c6 c3d5 d3f5 f8b4,342
r1b2rk1/pp2ppbp/1q1p2p1/n1pP2Bn/2B5/1QP1PN2/PP3PPP/RN3RK1 w - -,b3d1 a5c4 b2b3 c4e5 f3e5 g7e5 g2g4 e5f6 f2f4 f6g5,-411
r1k2b1r/1p2pppp/2p5/p2bP3/P4B2/8/1PP2PPP/2KR1B1R w - -,h2h4 h7h6 h4h5 g7g5 h5g6 f7g6 f1d3 d5g2 h1g1 g2f3,125
rnbqk2r/pp1p1pp1/7p/2bNP3/2B1n2P/8/PPP2PP1/R1BQK1NR w KQkq -,d1g4 c5f2 e1d1 e8f8 g4e4 d7d6 e5d6 b8c6 g1e2 d8d6,530
r3nr1k/5pp1/3qp2p/p1pp4/P4P2/1P1PPRQ1/1BP3PP/R5K1 w - -,h2h3 f7f6 e3e4 d6b6 g3f2 a8c8 a1e1 d5d4 b2c1 e8d6,200
r1br1k2/pp2pB2/6p1/7p/3bP2P/1Qq1BP2/P5P1/1R3K1R w - -,e3h6 d4g7 b3c3 g7h6 c3h8 f8f7 h8h6 d8g8 f1f2 g8g7,665
8/4R3/p2R4/1p6/5k1P/N7/PP1p2PP/6K1 w - -,e3d4 c3b3 f7b3 d8d4 f1e2 c8d7 e2e3 d4d6 b3d5 d7c6,Mate
r1b2rk1/1p2ppbp/1p1p2p1/n1pP2Bn/2B5/2P1PN2/PP3PPP/RN3RK1 w - -,c4e2 f7f6 g5h4 a5b3 b1a3 b3a1 f1a1 g6g5 h4g3 c8d7,-204
r3k2r/2pb3p/ppq1p1pQ/3Nb1B1/P2P4/8/1PP2PPP/R5K1 w kq -,d4e5 e8f7 d5f6 c6c2 f6d7 c2d3 g5f6 a8g8 f6h8 g8h8,558
3k1r2/1R3K2/p1p3p1/5p1p/7P/8/7r/8 w - -,f7g6 h2h4 g6g7 d8c8 b7a7 f8d8 g7f6 d8d5 a7a6 c8b7,-832
rnbqkb1r/p3p2p/2pp1ppn/1p6/2BPP3/2N1B3/PPP1NPPP/R2QK2R w KQkq -,c3b5 f8g7 b5c3 f6f5 d1d2 h6g4 e4f5 g4e3 f2e3 d6d5,195
6k1/ppp3pp/3q4/8/6P1/4r2P/PP4K1/R7 w - -,c3b5 f8g7 b5c3 f6f5 d1d2 h6g4 e4f5 g4e3 f2e3 d6d5,Mate
k7/P7/R4pp1/7p/4KP1P/1r4P1/8/8 w - -,g3g4 b3b4 e4e3 b4b3 e3e2 h5g4 a6f6 b3h3 f6g6 h3h4,488
rn1qkb1r/pb1p1p1p/5np1/1Ppp4/4PP2/3B4/PP2Q1PP/RNB1K1NR w KQkq -,e4d5 d8e7 b1c3 f6d5 e2e7 d5e7 g1f3 d7d5 e1h1 f8g7,40
3k1K2/1R6/p1p3p1/5p1p/7r/8/8/8 w - -,f8f7 d8c8 b7a7 h4g4 f7e6 a6a5 e6d6 g4c4 a7a5 c8b7,-671
rnbqkb1r/p3p2p/3p1ppn/1p6/2BPP3/4B3/PPP1NPPP/R2QK2R w KQkq -,c4d5 f8g7 d5a8 e8h8 h2h3 a7a5 e1h1 e7e6 e2f4 f6f5,382
rnbq1rk1/4bppp/p2ppn2/1p4B1/3NP3/1BN2P2/PPP3PP/R2QK2R w KQ -,g5e3 c8d7 e1h1 b8c6 a2a4 b5b4 d4c6 d7c6 c3e2 d8c7,-34
rnbqk2r/pp1p1pp1/7p/3NP3/2B1n1QP/8/PPP2bP1/R1B1K1NR w KQkq -,e1d1 e8f8 g4e4 d7d6 e5d6 d8d6 c1f4 d6e6 e4e2 f2g1,551
rn1q1rk1/pb2ppbp/1p1p1np1/2pP4/2P1P3/2N2N2/PP2BPPP/R1BQK2R w KQ -,c1f4 f8e8 e1h1 e7e6 f3d2 b8a6 f1e1 h7h6 f4g3 a6c7,93
r3k2r/2pb3p/ppq3pQ/3pP1B1/P7/8/1PP2PPP/R5K1 w kq -,h6g7 c6e6 g7h8 e8f7 h8h7 f7e8 h7h8 e8f7 h8a8 e6e5,657
rn1q1rk1/pb3pbp/1p1ppnp1/2pP4/2P1P3/2N2N2/PP2BPPP/R1BQ1RK1 w - -,c1f4 f8e8 f3d2 b8a6 f1e1 a6c7 a2a4 c7a6 f4g3 a6b4,83
3k1K2/6R1/p5p1/2p2p1p/7r/8/8/8 w - -,g7g8 h4g4 f8g7 d8c7 g8a8 c5c4 a8a7 c7c6 g7g8 a6a5,-672
2r5/5k2/pppR1p2/6pp/4P3/5KP1/PPP2P1P/8 w - -,d6d7 f7e6 d7b7 b6b5 b7a7 f6f5 e4f5 e6f5 a7a6 g5g4,331
r1q1kbnr/pp2ppp1/2p4p/3pNb2/2PP3B/2PBP3/P4PPP/R2QK2R w KQkq -,d1f3 f5e6 c4d5 c6d5 d3b5 e8d8 e1h1 g8f6 c3c4 a7a6,439
r3kb1r/pp1n1ppp/2p1pq2/8/2B5/5Q1P/PPPP1PP1/R1B2RK1 w kq -,c4e2 f6f3 e2f3 a7a5 a1b1 f8e7 d2d4 h7h6 c2c3 a5a4,20
rn2kb1r/pb1pqp1p/6p1/1Ppn4/5P2/2NB4/PP2Q1PP/R1B1K1NR w KQkq -,e2e7 d5e7 g1f3 d7d5 e1h1 f8g7 f1e1 b8d7 d3f1 d5d4,52
r1k2b1r/4pppp/1pp5/p2bP3/P4B1P/8/1PP2PP1/2KR1B1R w - -,h1h3 g7g6 h3c3 c8b7 d1d5 c6d5 e5e6 a8c8 f1a6 b7a6,177
r1bnkb1r/ppp2p2/7p/4N3/2B1n1pP/2P5/PP3PP1/RNB1K2R w KQkq -,c4b5 e8e7 b5d3 e4d6 e1h1 c8f5 d3f5 d6f5 e5g4 f5h4,64
3r3k/pp1rqpp1/2p1pb1p/8/2PP1QRP/1PB3P1/P4P2/4R1K1 w - -,,0
3k1K2/R7/p5p1/5p1p/2p4r/8/8/8 w - -,f8f7 c4c3 a7a6 h4c4 a6g6 c3c2 g6g5 h5h4 f7g7 d8c7,-722
8/4r3/1pr1Pk1p/1R2R1p1/5p2/P4K1P/1P4P1/8 w - -,h3h4 g5h4 e5h5 f6g7 h5h4 c6e6 h4f4 e6e3 f3f2 e3e2,103
r2q1rk1/5ppp/3b1n2/1p2p3/1PBnP3/8/3B1PPP/R2QRNK1 w - -,c4a2 a8a4 f1g3 d6b4 d2b4 a4b4 g3f5 b4a4 f5d4 a4d4,-140
rn2k2r/pb1pbp1p/6p1/1Ppn4/5P2/2NB4/PP4PP/R1B1K1NR w KQkq -,d3e4 d5c3 e4b7 c3b5 b7a8 b5d4 e1d1 e8h8 g1f3 b8a6,449
3R1b1r/pkp2pp1/1p2b1np/2p1P3/8/1PN4P/PBPN1PP1/6K1 w - -,d2f3 g6e7 d8d1 g7g5 c3e4 e7g6 c2c4 a7a6 f3e1 b7c6,-66
5rk1/r4p1p/3p2p1/1p1Pb3/1Pp1P2q/5PN1/3Q1PKP/1R2R3 w - -,b1c1 f8a8 c1c2 h7h5 e1c1 a7a3 c2c3 e5f4 c3a3 a8a3,-406
2r1r1k1/pp2ppbp/8/3p1p2/4n3/2P4P/Pq1NQPPB/R4RK1 w - -,f1d1 e4c3 e2h5 e7e6 d2f1 b2e2 f1g3 e2h5 g3h5 c3d1,-519
3k1K2/8/R5p1/5p1p/7r/2p5/8/8 w - -,a6d6 d8c7 d6d1 c3c2 d1d2 h4c4 d2g2 c7c6 f8g7 c6d6,-766
r1b1kb1r/pp3pp1/7p/2p1p3/3PQnK1/P4P1N/2q3PP/R4B1R w kq -,a6d6 d8c7 d6d1 c3c2 d1d2 h4c4 d2g2 c7c6 f8g7 c6d6,Mate
r1bqk3/2pp1npp/p7/1pb1P3/5P2/1B6/PPPP2PP/RNB2R1K w - -,c2c3 d8h4 d2d4 c5e7 b1d2 c8b7 d4d5 h4g4 d2f3 f7h6,-259
8/4r3/1pr1Pk1p/1R2R3/5p1p/P4K2/1P4P1/8 w - -,e5h5 f6g6 h5h4 e7e6 h4g4 g6h7 f3f4 e6e2 b2b3 e2b2,116
rn2kb1r/pb1pnp1p/6p1/1Pp5/5P2/2NB4/PP4PP/R1B1K1NR w KQkq -,g1f3 d7d5 e1h1 f8g7 f1e1 b8d7 d3f1 d5d4 c3e4 e8h8,42
r3kb1r/pp3pp1/7p/2p1pb2/3P1nK1/P4P1N/2q3PP/R4B1R w kq -,g1f3 d7d5 e1h1 f8g7 f1e1 b8d7 d3f1 d5d4 c3e4 e8h8,Mate
3k1K2/8/2R3p1/7p/5p1r/2p5/8/8 w - -,f8g7 g6g5 c6c3 g5g4 c3d3 d8c7 d3a3 g4g3 g7f6 g3g2,-696
r3r1k1/p1pb1ppp/1qp5/2bpPP2/3Nn3/1PP1B3/P5PP/RN1Q1RK1 w - -,b3b4 c5f8 e5e6 f7e6 f5e6 e8e6 f1e1 e6g6 d4f3 b6b8,-76
r1b2rk1/pp2ppb1/1qnp2pp/2pP2Bn/2B5/1QP1PN2/PP3PPP/RN3RK1 w - -,b1d2 h6g5 d5c6 b7c6 f3g5 d6d5 c4e2 h5f6 h2h4 f8e8,-101
2k2b1r/r3pppp/1pp5/p2bP3/P4B1P/7R/1PP2PP1/2KR1B2 w - -,h4h5 g7g6 h5h6 h8g8 h3c3 e7e6 d1d5 e6d5 c3c6 c8b7,202
r1bqk2r/pp3pp1/2nppn1p/3p4/3P4/2N1PN1P/PPP2PP1/R2QKB1R w KQkq -,a2a4 e8h8 f1e2 e6e5 e1h1 c8e6 d1d2 a8c8 f3h2 d8b6,-19
rnbqk2r/pp1p1pp1/7p/3NP3/2B1n1QP/8/PPP3P1/R1BK2bR w kq -,g4g7 h8f8 h1g1 d8h4 c1h6 h4g4 g7g4 e4f2 d1d2 f2g4,644
r4rk1/pp1n1ppp/2pbpq2/8/2BPQ3/7P/PPP2PP1/R1B2RK1 w - -,a2a4 a7a5 g2g3 f8e8 f1e1 f6g6 e4g6 h7g6 g1g2 d7b6,47
3R3r/pkp1bpp1/1p2b1np/2p1P3/6P1/1PN4P/PBPN1P2/6K1 w - -,d8e8 h8e8 c3e2 e8d8 d2e4 e6d5 e2g3 b7a8 e5e6 f7f6,-587
8/4r3/1pr1k2p/1R3R2/5p1p/P4K2/1P4P1/8 w - -,b5e5 e6d7 e5e7 d7e7 f5f4 c6d6 f4e4 e7f6 f3g4 d6d2,89
r3k2r/2pb2Qp/pp2q1p1/3pP1B1/P7/8/1PP2PPP/R5K1 w kq -,g7h8 e8f7 h8h7 f7e8 h7h8 e8f7 h8a8 e6e5 f2f4 e5d4,697
3k1K2/8/8/6pp/7r/5R2/8/8 w - -,f3d3 d8c7 f8e7 h4g4 d3c3 c7b6 c3h3 h5h4 e7f6 g4g3,-532
r5k1/1b3p1p/1p1r2p1/8/3P2BB/4P3/P2K1PPP/R7 w - -,g4f3 b7f3 g2f3 g8f8 a2a4 f8e8 d2c3 e8d7 h4g3 d6c6,-42
2k2b1r/1r2pppp/1pp5/p2bP2P/P4B2/7R/1PP2PP1/2KR1B2 w - -,e5e6 c8d8 f1a6 b7a7 a6b5 c6b5 d1d5 d8e8 d5b5 a7b7,510
r4rk1/pp1n1p1p/2pbpqp1/8/3PQ3/3B3P/PPP2PP1/R1B2RK1 w - -,f1e1 f8e8 c1h6 d6f8 h6f4 f6d8 d3f1 f8g7 c2c3 a7a5,39
2k2K2/8/8/6pp/7r/3R4/8/8 w - -,d3d1 h4g4 d1c1 c8d7 f8f7 h5h4 c1h1 g4g3 f7f6 d7c7,-583
r1bqnrk1/pp2nppp/3p4/2pPp3/2P1P3/P1P2N2/2Q1BPPP/R1B2RK1 w - -,e2d3 h7h6 a3a4 f7f5 e4f5 c8f5 f3h4 f5d3 c2d3 d8d7,22
r5k1/r4p1p/3p2p1/1p1Pb3/1Pp1P2q/4QPN1/5PKP/1R2R3 w - -,e1e2 a7a3 e3b6 h4f6 e2e3 e5d4 e4e5 d4b6 e5f6 b6e3,-457
r1b2rk1/pp2ppb1/1qPp2p1/2p3pn/2B5/1QP1PN2/PP3PPP/RN3RK1 w - -,g2g4 h5f6 f3g5 d6d5 b3b6 a7b6 c6b7 c8b7 c4e2 b7c6,-55
r6Q/2pb1k1p/pp2q1p1/3pP1B1/P7/8/1PP2PPP/R5K1 w - -,h8h7 f7e8 h7h8 e8f7 h8a8 e6e5 f2f4 e5e8 a8d5 e8e6,696
r4rk1/pbq1bppp/2p1pn2/8/2Q5/2N3P1/PP2PPBP/R1B2RK1 w - -,c1f4 c7b6 f4e3 c6c5 e3c5 b6c5 c4c5 e7c5 g2b7 a8b8,67
8/8/1pr1rk1p/1R5R/5p1p/P4K2/1P4P1/8 w - -,h5h6 f6e7 h6h4 e7d8 h4f4 c6c1 g2g3 d8c7 a3a4 c1g1,251
2k5/6K1/8/7p/6pr/3R4/8/8 w - -,d3c3 c8d7 g7h6 h4h3 c3c1 g4g3 c1g1 h5h4 h6g5 h3h2,-530
r1q1kbnr/pp2ppp1/2p1b2p/3pN3/2PP3B/2PBPQ2/P4PPP/R3K2R w KQkq -,c4d5 c6d5 d3b5 e8d8 e1h1 a7a6 b5d7 e6d7 e5f7 d8c7,490
8/4k3/1pr1r2R/1R6/5p1p/P4K2/1P4P1/8 w - -,h6h4 e7d7 h4f4 c6c1 b5b4 c1b1 a3a4 d7c6 f3g3 b1e1,256
8/3k2K1/8/7p/6pr/2R5/8/8 w - -,g7h6 h4h3 c3c1 g4g3 h6g5 h5h4 c1d1 d7e6 d1e1 e6d5,-663
r3r1k1/pp1n1p1p/2pbpqpB/8/3PQ3/3B3P/PPP2PP1/R4RK1 w - -,f1e1 d6f8 h6f4 f6d8 a1d1 d7f6 e4e2 f8g7 c2c3 f6d5,50
2k2b1r/1r2p1pp/1pp1p3/p2b3P/P4B2/7R/1PP2PP1/2KR1B2 w - -,f1a6 h8g8 c2c4 d5e4 h3b3 g7g5 h5g6 g8g6 b3b6 c6c5,559
r1q1kbnr/pp2ppp1/2p4p/3bN3/3P3B/2PBPQ2/P4PPP/R3K2R w KQkq -,e3e4 d5e6 d4d5 g8f6 d5e6 c8e6 h4g3 f6d7 e5d7 e6d7,504
4r1k1/R3ppbp/8/3p1p2/8/4r2P/P5PB/5K2 w - -,a7a4 g8h8 a4a5 e3c3 a5d5 c3c1 f1f2 c1c2 f2g3 e7e6,-638
8/1b4k1/p1qp2p1/P1p2nQp/2Pb4/8/R2BrNPP/5RK1 w - -,a2c2 g7h7 d2c3 e2c2 c3d4 c5d4 f1e1 c6c4 g2g4 h5g4,-890
r2qkb1r/1pp1pppp/p1n2n2/3p4/3P1P2/3BPb2/PPPN2PP/R1BQK2R w KQkq -,d2f3 e7e6 a2a3 c6b8 b2b4 f8e7 e1h1 e8h8 c2c4 d5c4,69
r1q1kbnr/pp2ppp1/2p1b2p/4N3/3PP2B/2PB1Q2/P4PPP/R3K2R w KQkq -,d4d5 g8f6 d5e6 c8e6 h4g3 f6d7 e5d7 e6d7 a1d1 e7e6,489
Q7/2pb1k1p/pp4p1/3pq1B1/P7/8/1PP2PPP/R5K1 w - -,f2f4 e5e3 g1h1 e3e4 a8h8 d7f5 h8f6 f7e8 f6d8 e8f7,701
r5k1/5p1p/1Q1p2p1/1p1Pb3/1Pp1P2q/5PN1/r4PKP/1R2R3 w - -,e1g1 h7h5 b1e1 g8h7 g1f1 h4g5 f3f4 g5f4 b6e3 f4f6,-489
8/4k3/1p2r3/1R6/5p1R/P4K2/1Pr3P1/8 w - -,h4f4 e7d8 b5b4 e6g6 f4d4 d8e7 d4e4 e7f7 g2g3 g6d6,275
rq1rn1k1/1b3pbp/p1np2p1/1p1Np1P1/4P3/4B1NP/PPPQ1PB1/R2R2K1 w - -,c2c3 c6a5 b2b3 b7d5 e4d5 b8c7 g3e4 d8c8 h3h4 f7f5,193
r3kb1r/pp3p2/7p/2p1pbpn/3P3K/P4P1N/2q3PP/R4B1R w kq -,c2c3 c6a5 b2b3 b7d5 e4d5 b8c7 g3e4 d8c8 h3h4 f7f5,Mate
1r3r1k/pbq2Bpp/1p1b4/8/2Q5/3R4/PPP2PPP/3R2K1 w - -,f7d5 d6c5 c2c3 b7d5 c4d5 c5f2 g1h1 b8e8 d3f3 c7e7,-443
8/3Bk3/8/5K1N/8/8/8/8 w - -,f7d5 d6c5 c2c3 b7d5 c4d5 c5f2 g1h1 b8e8 d3f3 c7e7,Mate
2r3k1/1p3pp1/1q2p2p/pP2P1b1/P1pP4/3Q3P/1B3PP1/R6K w - -,d3a3 b6c7 b2c3 b7b6 a3b2 g5e7 h1g1 c7b7 f2f3 b7d5,-49
6k1/3q1pp1/4p2p/1r6/p2P3P/Q3P1P1/5P2/5BK1 w - -,a3a4 b5d5 a4c2 d5a5 f1g2 d7d6 c2c8 d6f8 c8c3 f8d8,-62
r4rk1/pp4p1/7q/3R4/1P2Pp1p/2P2P2/3Q1P1K/3R4 w - -,d5d6 h6h5 d1g1 f8f7 d6g6 a8c8 d2d4 c8c7 g1g4 f7d7,400
8/8/3k4/6K1/6R1/7p/8/7r w - -,,0
r3r1k1/pp1nbp1p/2p1pqpB/8/3P2Q1/3B3P/PPP2PP1/R4RK1 w - -,c2c3 e8d8 a2a4 a7a5 d3e2 f6h4 h6f4 h4g4 h3g4 g6g5,28
8/4k3/1p4r1/1R6/5R2/P4K2/1Pr3P1/8 w - -,g2g4 e7d7 f4b4 d7c7 g4g5 c2c1 b4b3 c1g1 f3f4 g6d6,299
8/8/3k4/6K1/7R/8/7p/7r w - -,h4h6 d6e7 h6h7 e7f8 h7h4 h1g1 g5f4 g1f1 f4e5 h2h1q,-570
r1b2rk1/1p2p1bp/1p1p1pp1/nBpP2Bn/8/2P1PN2/PP3PPP/RN3RK1 w - -,a2a4 f6g5 f3g5 h5f6 f1d1 h7h6 g5f3 c8d7 b1a3 g6g5,-317
rq4k1/1bnr1pbp/pBnp2p1/1p1Np1P1/4P3/7P/PPPQNPB1/R2R2K1 w - -,b6c7 d7c7 d5c7 b8c7 d2d6 c7a5 d6d2 a5b6 e2c3 c6d4,271
r1q1kbnr/pp2ppp1/4b2p/3pN3/4P2B/2PB1Q2/P4PPP/R3K2R w KQkq -,d3b5 e8d8 e4d5 c8c5 e1h1 d8c7 d5e6 c5e5 h4g3 e5d6,795
r1k2b1r/4pppp/1pp5/p2bP2P/P4B2/7R/1PP2PP1/2KR1B2 w - -,d1d5 c6d5 e5e6 c8d8 e6f7 e7e5 f4e5 a8a7 h3f3 a7e7,327
8/8/8/4k2K/7R/8/7p/7r w - -,h5h6 e5f5 h6h5 h1c1 h4h2 c1g1 h5h4 f5f4 h2f2 f4e4,Mate
rq4k1/1br2pbp/pBnp2p1/1p2p1P1/4P3/7P/PPPQNPB1/R2R2K1 w - -,b6c7 b8c7 d2d6 c7c8 d6d7 c6d8 d7c8 a8c8 d1d7 b7c6,293
2r5/4k3/pppR1p1p/6p1/4P3/5KP1/PPP2P1P/8 w - -,e4e5 f6e5 d6h6 b6b5 h6g6 c8h8 g6g5 e5e4 f3e3 h8h2,407
8/3k4/1p4r1/1R6/5RP1/P4K2/1Pr5/8 w - -,g4g5 d7c6 a3a4 c2c1 f3e4 c1e1 e4f5 g6g8 b5b4 e1g1,321
2rr2k1/3b1p1p/2p3p1/3p4/3P4/1QRN4/4qPPP/2R3K1 w - -,c3c5 c8a8 d3e5 a8a2 c5c2 a2c2 b3c2 e2c2 c1c2 d8a8,-15
r1b2rk1/1p2p1bp/1p1p1pp1/1BpP3n/7B/1nP1PN2/PP3PPP/RN3RK1 w - -,a2a3 b3a1 b1d2 a1c2 a3a4 g6g5 h4g3 c8f5 f1c1 f8d8,-306
rnbq1rk1/pp2bppp/3ppn2/8/3P4/1P1B1N2/P1P2PPP/RNBQ1RK1 w - -,c2c4 d6d5 b1c3 d5c4 b3c4 b7b6 c1b2 c8b7 d1e2 b8d7,41
8/1b3k2/p1qp1bp1/P1p2nQp/2P5/8/R2BrNPP/5RK1 w - -,g5f6 f7f6 f2e4 c6e4 d2c3 f6g5 h2h4 g5h4 a2e2 e4e2,-1408
r1q3k1/1b3pbp/p1nQ2p1/1p2p1P1/4P3/7P/PPP1NPB1/R2R2K1 w - -,d6d7 c6a5 d7c8 a8c8 c2c3 h7h6 h3h4 h6g5 h4g5 g7f8,303
8/8/8/8/4k1KR/8/7p/7r w - -,g4g3 e4d3 h4h3 h1f1 g3h2 d3e2 h3a3 f1f8 a3a2 e2e3,Mate
r1qk1bnr/pp2ppp1/4b2p/1B1pN3/4P2B/2P2Q2/P4PPP/R3K2R w KQ -,e4d5 c8c5 e1h1 e6d7 e5f7 d8c7 h4g3 c7c8 b5d7 c8d7,818
r7/7p/1k4p1/pP1p1p2/3P1P2/4PPP1/4K3/2R5 w - -,e2d2 a5a4 e3e4 f5e4 f3e4 d5e4 d2e3 b6b5 e3e4 a4a3,-103
1rb3k1/2q1ppbp/2p3p1/p7/1P6/P1PrBB2/5PPP/R1Q1R1K1 w - -,e3f4 e7e5 f4e3 c8e6 f3e2 d3d8 e1d1 e5e4 d1d8 b8d8,25
8/8/8/5k2/7R/6K1/7p/7r w - -,,0
1r1r2k1/3b1p1p/2p3p1/2Np4/3P4/1QR5/4qPPP/2R3K1 w - -,b3d1 e2d1 c1d1 d7f5 h2h3 h7h5 c5d3 f5d3 d1d3 d8d6,-90
1r1k1b1r/pbp2ppp/8/1B1nq3/8/5Q2/PP1P1PPP/RNB2RK1 w - -,d2d4 e5f6 f3f6 d5f6 a2a4 f8b4 b1c3 f6e4 c3e4 b7e4,149
r5k1/5p2/1Q1p2p1/1p1Pb2p/1Pp1P2q/5PN1/r4PKP/1R3R2 w - -,b1e1 h4g5 f3f4 g5f4 b6e3 f4f6 e3f3 f6f3 g2f3 a8a3,-534
r3r1k1/pp1nbp1p/2p1p1pB/8/3P2Qq/2PB3P/PP3PP1/R4RK1 w - -,h6e3 h4g4 h3g4 e6e5 d4e5 e7c5 e3f4 d7e5 d3e2 f7f6,39
k7/P7/r5p1/5p1p/5P1P/4RKP1/8/8 w - -,e3e7 a6a3 f3f2 a3a2 f2e3 a2a3 e3d4 a3g3 e7g7 g3g4,1
r3r1k1/pp3ppp/2p5/3p1bq1/P2P2Nn/B1PBPPn1/5QP1/R3R1K1 w - -,e1d1 h7h5 a3d6 g3h1 g1h1 h5g4 f3g4 f5d3 d1d3 e8e4,-221
r2k1bnr/pp2ppp1/4b2p/1BqPN3/7B/2P2Q2/P4PPP/R3K2R w KQ -,e1h1 d8c7 d5e6 c5e5 h4g3 e5d6 b5a6 a8b8 f1b1 b7b6,791
1r1k1b1r/pbp2ppp/8/1B1n4/3q4/5Q2/PP3PPP/RNB2RK1 w - -,f1d1 d4f6 d1d5 b7d5 f3d5 f6d6 d5h5 d6g6 h5e2 f8d6,475
2k5/ppp2pp1/6q1/2b5/3nrBP1/3P4/PPP5/R2Q3K w - -,f1e1 f8c5 e1d1 d4f6 d1d5 b7d5 f3d5 f6d6 d5d6 c5d6,Mate
2rq2k1/1p3pp1/4p2p/pP2P1b1/P1pP4/2Q4P/1B3PP1/R6K w - -,b2a3 b7b6 h1g1 d8d5 g2g3 d5e4 h3h4 g5d8 a1e1 e4g4,-48
r5k1/1b2Bp1p/1p4p1/r7/3P4/4PB2/P2K1PPP/R7 w - -,d2d3 b7f3 g2f3 a5a2 a1b1 a2f2 b1b6 f2f3 d4d5 f3f1,-78
r1k2b1r/4p1pp/1p2p3/p2p3P/P4B2/7R/1PP2PP1/2K2B2 w - -,h3c3 c8d8 f4c7 d8c8 f1b5 h8g8 c7b6 c8b8 b6c7 b8b7,360
rn1qkb1r/pb3ppp/1p1ppn2/2p5/3PPP2/2PB4/PP2Q1PP/RNB1K1NR w KQkq -,g1f3 f8e7 d4c5 b6c5 e4e5 f6g4 e1h1 b8d7 h2h3 g4h6,54
4rqk1/r4p2/1p2nR2/p2pPRp1/3P2Pp/3NQ3/PP5P/6K1 w - -,f5g5 e6g5 e3g5 f8g7 g5h4 e8e6 f6f5 e6h6 h4d8 g8h7,226
8/8/6p1/1k1K1p1p/5P1P/8/8/8 w - -,g1g2 a7c7 g2h3 f8g7 d3e1 e6f4 f5f4 g5f4 e3f4 e8e6,Mate
rn1qk2r/p2b1ppp/1p2pn2/3p4/Q1NP4/4PN2/PP3PPP/R3KB1R w KQkq -,a4d1 d5c4 f1c4 b8c6 e1h1 e8h8 a1c1 d7c8 c4b5 c6e7,-315
r3r1k1/pp1n1p1p/2p1p1pB/8/3P3b/2PB3P/PP3PP1/R4RK1 w - -,a2a4 a7a5 a1a3 e6e5 a3b3 a8b8 d3c2 b7b5 c2e4 b8b6,29
2k5/ppp2pp1/8/2b5/3nqBP1/8/PPP5/R2Q3K w - -,f1e1 a7a5 a2a4 e8d8 d3e2 h4e7 g2g4 d7b6 g1g2 b6d5,Mate
2rr2k1/3b1p1p/2p3p1/3p4/3P2q1/1QRN4/5PPP/4R1K1 w - -,f2f4 d8e8 d3e5 g4f4 c3e3 d7f5 b3b7 f5e6 b7b2 f4h4,-102
3r2k1/pp1rqp2/2p1pbpp/8/2PPR1RP/1PB2QP1/P4P2/6K1 w - -,c3b4 e7b4 f3f6 b4f8 h4h5 f8g7 e4e6 g6g5 f6g7 g8g7,-3
rnb1kb1r/p3p2p/3p1ppn/qp1B4/3PP3/4B3/PPP1NPPP/R2QK2R w KQkq -,c2c3 e7e6 d5a8 f8g7 e1h1 e8h8 a2a4 b5b4 c3b4 a5b4,425
5kqQ/1b1r1rp1/ppn1R1Bp/2b5/2P3P1/P4N2/1B5P/5R1K w - -,c2c3 e7e6 d5a8 f8g7 e1h1 e8h8 a2a4 b5b4 c3b4 a5b4,Mate
r2k1b1r/4p1pp/1p2p3/p2p3P/P4B2/2R5/1PP2PP1/2K2B2 w - -,f4c7 d8c8 f1b5 h8g8 c7b6 c8b7 b6d4 a8c8 b5a6 b7a6,383
rn1qkb1r/pb3ppp/1p2pn2/2p1p3/3P1P2/2PB4/PP2Q1PP/RNB1K1NR w KQkq -,d4e5 f6d5 g1f3 b8c6 d3e4 d8d7 b1a3 e8a8 c1d2 a7a6,54
Q7/2pb1k1p/pp4p1/3p4/P7/8/1qPB1PPP/R5K1 w - -,a1e1 b2f6 a8d5 d7e6 d5c6 f6e7 d2h6 e7d6 c6a8 f7e7,716
8/8/3k4/6Kp/6p1/2R5/8/7r w - -,c3a3 d6e5 a3a5 e5e4 a5a3 h1h2 a3b3 h2h3 b3b4 e4f3,-480
rn1qkb1r/pb3ppp/1p2p3/2pnP3/5P2/2PB4/PP2Q1PP/RNB1K1NR w KQkq -,g1f3 b8c6 d3e4 d8d7 b1a3 e8a8 c1d2 f8e7 e1a1 c8b8,57
rnbqr1k1/ppp2ppp/5n2/3P4/1b1Pp3/6P1/PP1NPPBP/R1BQNRK1 w - -,e1c2 b4d2 c1d2 f6d5 c2e3 d5e3 d2e3 b8d7 a1c1 d7f6,26
2rr2k1/3b1p1p/2p3p1/3pN3/3q4/1QR5/5PPP/4R1K1 w - -,g2g3 d8e8 c3e3 d7e6 h2h4 c6c5 h4h5 d4b4 b3d1 d5d4,-194
1r1k3r/3b1ppp/1P3n2/4R3/1bpN4/2N4P/1P3PP1/2B2RK1 w - -,c1e3 b4c3 b2c3 b8b6 d4f5 b6b5 e5b5 d7b5 f1b1 b5a6,304
8/8/3k4/6K1/6pp/6R1/8/7r w - -,g3g2 g4g3 g2d2 d6c6 d2c2 c6d5 c2d2 d5e4 d2a2 h1h2,-760
r1bqkbnr/p4ppp/2n5/1p1p4/2pP1B2/1PP2N2/P4PPP/RN1QKB1R w KQkq -,a2a4 c6a5 f3d2 f8d6 f4d6 d8d6 a4b5 a5b3 d2b3 c4b3,138
r2k1bnr/pp2ppp1/7p/1BqbN3/7B/2P2Q2/P4PPP/R4RK1 w - -,f1d1 g8f6 h4f6 d8c7 d1d5 c5b6 e5c4 b6d6 f6d4 a8e8,1352
3Q4/8/7R/8/4K3/8/1k6/8 w - -,f3f5 c5b5 e5f7 d8e8 f7h8 b5c4 a1d1 c4e4 d1d5 e4f5,Mate
8/2p2k1p/pp2b1p1/3Q4/P7/8/1qPB1PPP/R5K1 w - -,d5f3 b2f6 f3f6 f7f6 a1e1 e6f5 c2c4 a6a5 h2h4 f5e6,568
r2qkb1r/pp3ppp/2n1pn2/3p4/B5b1/3P2Q1/PPP2PPP/RNB1K1NR w KQkq -,a4c6 b7c6 c1g5 g4f5 g1f3 h7h6 g5f6 d8f6 b1d2 f8e7,-113
k7/P7/3r2p1/5p1p/5P1P/R3K1P1/8/8 w - -,e3e2 d6b6 e2d2 b6b4 d2d3 g6g5 h4g5 h5h4 g3h4 b4f4,581
rn1qk2r/pb1pppbp/1p3np1/8/3NP3/2PBB3/PP3PPP/RN1QK2R w KQkq -,e4e5 f6d5 e3c1 g7e5 d3e4 e7e6 e1h1 d8h4 f2f4 e5d4,-86
rn1q1rk1/pb2bppp/1p2p3/2pnP3/5P2/2PB1N2/PP2Q1PP/RNB2RK1 w - -,e2e4 g7g6 c3c4 d5b4 e4b7 b8c6 d3e4 a8b8 b7c6 b4c6,132
7k/7n/p2p4/2pPqr2/2p4P/1PQ2p2/P7/1NK3R1 w - -,c1d2 c4b3 a2b3 h7f6 c3e5 f5e5 g1f1 f3f2 b1a3 f6g4,-334
r3r1k1/pp1n1p1p/2p1pbpB/8/3P4/2PB3P/PP3PP1/R2R2K1 w - -,a2a4 a7a5 a1a3 d7b6 d1a1 b6d5 a3b3 e8b8 d3e4 b7b5,35
8/8/8/2k5/7R/6Q1/6K1/8 w - -,g2g3 f6e7 a2a4 a7a5 g1g2 e8d8 g3g4 d7b6 d3c2 d8d5,Mate
r2q2kr/p2b1ppp/1pnNpn2/3pN3/3P4/Q3P3/PP3PPP/R3KB1R w KQ -,e5f7 d8f8 f7h8 g8h8 f1a6 e6e5 a6b7 a8d8 a1c1 c6d4,375
rnbqr1k1/1pp2ppp/5n2/p7/1bP5/5NP1/PP1NPPBP/R1BQK2R w KQ -,e1h1 c8f5 d2b1 d8d1 f1d1 b8c6 a2a3 f5c2 d1f1 b4c5,39
6k1/1p3pp1/1q2p2b/pP1pP2p/P1rP1P2/3Q2PP/1B6/R6K w - -,b2c3 h5h4 h1g2 b6d8 c3d2 h4g3 g2g3 f7f5 d3e3 d8b6,-119
r2q1rk1/1p1bbppp/p2ppn2/n1p5/P3P3/2PP1N2/BP3PPP/RNBQR1K1 w - -,e4e5 d6e5 b1d2 d8c7 f3e5 d7c6 d2f3 c6d5 c1f4 d5a2,-16
rn1q1rk1/pb2bp1p/1p2p1p1/2pnP3/4QP2/2PB1N2/PP4PP/RNB2RK1 w - -,c3c4 d5b4 e4b7 b8c6 d3e4 a8b8 b7c6 b4c6 e4c6 a7a6,150
1r5k/pbq2rpp/1p1R4/8/2Q5/8/PPP2PPP/3R2K1 w - -,c3c4 d5b4 e4b7 b8c6 d3e4 a8b8 b7c6 b4c6 e4c6 a7a6,Mate
2kr1bnr/ppp2ppp/2n5/3q4/3P4/5N2/PP1N1PPP/R1BQR1K1 w - -,d1c2 g8e7 d2e4 e7f5 c1f4 f8b4 e1d1 h8e8 e4c3 b4c3,-30
8/2p2k1p/pp2bqp1/8/P7/5Q2/2PB1PPP/R5K1 w - -,f3f6 f7f6 a1e1 e6f5 c2c4 f5e6 c4c5 e6d7 a4a5 f6f7,571
8/8/8/1k2Kppp/5P1P/8/8/8 w - -,a1a3 f6f3 a3f3 f7e7 f3c3 c7c5 d2h6 e7f7 c3f3 f7e7,Mate
rnb1kb1r/pp1qpppp/2p5/8/3P4/2P2N2/P1P1BPPP/R1BQ1RK1 w kq -,f1e1 f7f6 c1a3 b8a6 e2a6 b7a6 e1e3 g7g6 d1d3 e7e6,267
7k/7n/p2p4/2pP1r2/2p4P/1Pq2p2/P7/1NK1R3 w - -,b1c3 c4b3 a2b3 f3f2 e1f1 h7f6 c1c2 f5f3 c2b2 h8g7,Mate
r3r1k1/ppp1nppp/2npbq2/8/4P3/1NN1QP2/PPP3PP/1K1R1B1R w - -,c3b5 a8c8 b5a7 c6a7 e3a7 c8a8 a7d4 f6d4 d1d4 f7f5,107
6k1/5p2/3p1qp1/1p1Pb2p/1Pp1P3/r3QP2/r3NP1P/1R3RK1 w - -,f3f4 a3e3 f4e5 f6e5 e2g3 h5h4 b1e1 e3e1 f1e1 c4c3,-1082
8/8/8/1k2K1Pp/5p1P/8/8/8 w - -,f3f4 a3e3 f4e5 f6e5 e2g3 h5h4 b1e1 e3e1 f1e1 c4c3,Mate
r2q1rk1/3bbppp/p2ppn2/npp5/P3P3/2PP1N2/BP1N1PPP/R1BQR1K1 w - -,a2b1 d8c7 h2h3 h7h6 a4b5 a6b5 d2f1 e6e5 f1e3 d7e6,-12
3rr1k1/pp1n1p1p/2p1pbp1/8/3P4/2PBB2P/PP3PP1/R2R2K1 w - -,a2a4 d7b6 a4a5 b6d5 e3h6 d8d7 d1e1 a7a6 d3f1 d5e7,33
r1bq1r2/pp1pkpQ1/2n2N1B/2b1P3/2B4P/8/PPP2nP1/R1K1R3 w - -,e3h6 f6g7 h6f4 d7f6 g2g3 a7a5 a2a4 f6d5 f4d2 d8d7,Mate
1q1r1r2/1bb2pk1/pN1pp3/4n1p1/1PPQP3/1N2BPp1/P5P1/1RR2B1K w - -,d4e5 d6e5 h1g1 f8h8 f1e2 h8h5 e2d1 d8h8 g1f1 h5h1,-585
rn2k2r/pb1qbppp/1p2p3/2pnP3/5P2/2PB1N2/PP2Q1PP/RNB2RK1 w kq -,f4f5 e6f5 f3g5 g7g6 d3c4 b8c6 e5e6 f7e6 g5e6 c6a5,78
r1q1kb1r/pp2ppp1/2p1bn1p/3PN3/4P2B/2PB1Q2/P4PPP/R3K2R w KQkq -,d5e6 c8e6 h4g3 f6d7 e5d7 e6d7 a1d1 d7e6 f3e2 a8d8,495
r3k2r/1p1bbpp1/p3p3/q2pPnNp/7P/N1P4Q/5PP1/R1B1K2R w KQkq -,a3c2 a5b5 g5f3 b5d3 f3d4 d3e4 c1e3 e4e5 d4f5 e5c3,-431
r1b1kbnr/p3qppp/2n5/1p1p4/P1pP1B2/1PP2N2/5PPP/RN1QKB1R w KQkq -,f1e2 c6a5 b1d2 b5b4 b3c4 b4c3 e1h1 g8f6 c4d5 f6d5,299
r4qkr/p2b1Npp/1pnNpn2/3p4/3P4/Q3P3/PP3PPP/R3KB1R w KQ -,f7h8 g8h8 f1a6 a8b8 f2f3 f6e8 d6e8 f8e8 a6e2 a7a5,400
rn2k2r/pb1qbppp/1p6/2pnPp2/8/2PB1N2/PP2Q1PP/RNB2RK1 w kq -,f3g5 g7g6 d3c4 b8c6 e5e6 f7e6 g5e6 c6a5 c4b5 b7c6,71
r3r1k1/2p2pbp/1qpp2p1/p1n5/2P1P3/1PN2P2/P1QB2PP/3R1RK1 w - -,f1f2 g7d4 d2e1 d4f2 e1f2 b6b4 f2e1 b4b8 h2h3 b8d8,-121
r3kb1r/pp2ppp1/2p1qn1p/4N3/4P2B/2PB1Q2/P4PPP/R3K2R w KQkq -,h4g3 f6d7 e5d7 e6d7 a1d1 d7e6 f3e2 e6c8 g3e5 c8d8,501
r2q1rk1/3bbppp/3ppn2/npp5/4P3/2PP1N2/BP1N1PPP/R1BQR1K1 w - -,d2f1 a5c6 c1f4 d8c7 a2b3 a8a1 d1a1 c6e5 f3e5 d6e5,-31
4r2q/2p3p1/K6p/3kBp2/5P2/8/2P1Q1PP/8 w - -,,0
r7/p4kbp/1qp2np1/3p4/4rQ2/7P/PP2NP2/R1B1K2R w KQ -,f4f3 a8e8 c1e3 d5d4 e2d4 b6d4 e1h1 d4d5 f1d1 d5e6,-430
r2q1k1r/1pbnnppb/p1p1p2p/4P2P/PPBP2Q1/2N3N1/5PP1/R1B2RK1 w - -,c1a3 d7b6 c4b3 b6d5 a1c1 f8g8 c3e4 h7f5 g4f3 f5e4,188
k7/P7/6p1/5p1p/1r3P1P/R2K2P1/8/8 w - -,d3e2 b4e4 a3e3 e4a4 e3e6 a8a7 e6g6 a7b7 g6g5 a4a5,363
rnbqkb1r/p3pppp/3p1n2/1ppP4/2P3P1/8/PP2PP1P/RNBQKBNR w KQkq -,g4g5 f6h5 c4b5 g7g6 a2a4 a7a6 e2e4 b8d7 b1c3 f8g7,45
r1bqkbnr/pp1n2pp/2p1pp2/3pP3/3P4/1B6/PPP2PPP/RNBQK1NR w KQkq -,e5f6 g8f6 g1f3 a7a5 a2a4 f8d6 e1h1 e8h8 c2c4 f8e8,53
r1k2br1/4pppp/1pp5/p2bP3/P4B1P/7R/1PP2PP1/2KR1B2 w - -,h3e3 d5e6 e3c3 c8b7 f1c4 e6c4 c3c4 c6c5 e5e6 f7f6,251
rnbqkb1r/ppp1nppp/4p3/4P3/3p4/5N2/PPPPQPPP/RNB1KB1R w KQkq -,d2d3 b7b6 g2g3 h7h6 f1g2 b8c6 e1h1 d8d7 a2a3 a7a5,28
r2qkb1r/pp3ppp/2n1pn2/3p4/3p1B2/2N1PB1P/PPP2PP1/R2QK2R w KQkq -,c3d5 f6d5 e1h1 d5f4 e3f4 f8e7 f4f5 e6f5 f3c6 b7c6,-769
rn2k2r/pb1q1ppp/1p6/2pnPpb1/8/2PB4/PP2Q1PP/RNB2RK1 w kq -,c1g5 e8h8 d3f5 d7e8 e2e4 g7g6 g5h6 b7c6 b1d2 d5e7,200
rnbqrbk1/1pp2ppp/5n2/8/p1P5/P4NP1/1P1NPPBP/R1BQ1RK1 w - -,e2e3 d8d3 b2b3 a4b3 c1b2 b8d7 d2b3 d3d1 f1d1 f6e4,35
3QR3/8/8/8/4K3/8/2k5/8 w - -,f1e1 b8c6 b2b4 a4b3 d1b3 c6d4 f3d4 d8d4 a1a2 f6d7,Mate
7k/7n/p2p1r2/2pP4/2p4P/1P6/P4p2/2KN1R2 w - -,f1f2 f6f2 d1f2 c4b3 a2b3 h7f6 f2h3 f6d5 h3g5 h8g7,2
4r2q/2p3p1/K3k2p/1Q2Bp2/5P2/8/2P3PP/8 w - -,,0
k7/P7/6p1/5p1p/4rP1P/R1K3P1/8/8 w - -,c3d2 e4d4 d2e3 d4e4 e3f3 e4e6 f3f2 e6f6 f2e2 f6b6,584
r1b1k1nr/pppp1ppp/2n2q2/4p3/4P1Q1/P1P5/1PP2PPP/R1B1KBNR w KQkq -,g4g3 d7d6 f1d3 f6g6 f2f3 g8e7 c1d2 f7f5 e1a1 f5f4,11
rn3rk1/pb1q1ppp/1p6/2pnPpB1/8/2PB4/PP2Q1PP/RN3RK1 w - -,d3f5 d7e8 e2e4 g7g6 g5h6 g6f5 e4f5 g8h8 c3c4 f8g8,200
b7/3k2KP/p1pP4/1pB1np2/1P2p3/PB6/8/8 w - -,d3f5 d7e8 e2e4 g7g6 g5h6 g6f5 e4f5 g8h8 c3c4 f8g8,Mate
4r3/p4kbp/2pq1np1/8/4r3/4B2P/PP3P2/R4RK1 w - -,f1e1 d6e6 g1g2 f6d5 e3d2 g7b2 a1b1 e4e1 b1e1 e6e1,-1301
r1k2br1/4pppp/1p6/p2pP3/P4B1P/7R/1PP2PP1/2K2B2 w - -,h3c3 c8d8 f4e3 a8b8 c3c6 g7g5 h4h5 g5g4 e3b6 d8d7,159
8/3k4/p4p1p/3rPP2/P1KB4/1P5P/6b1/8 w - -,b3b4 f6e5 d4c5 d5d1 f5f6 d7e6 c5e3 h6h5 c4c3 d1f1,-546
4r2q/2p1k1p1/K6p/4Bp2/2Q2P2/8/2P3PP/8 w - -,,0
r1bqk2r/pppp1ppp/2n4n/2b1P3/2B5/1Qp2N2/PP3PPP/RNB2RK1 w kq -,c1h6 c3b2 c4f7 e8f8 b3b2 g7h6 e5e6 h8g8 b2c2 g8g5,335
7k/7n/p2pr3/2pP4/2p4P/1P6/P4R2/2KN4 w - -,d5e6 h7f6 f2f6 h8g7 e6e7 g7f6 e7e8q a6a5 h4h5 c4b3,9605
rn1q1rk1/ppp2ppp/3b1n2/4p2b/2B1P3/5N1P/PPPN1PP1/R1BQ1RK1 w - -,f1e1 a7a5 a2a4 b8d7 g2g4 h5g6 f3h4 d7c5 h4f5 d8d7,32
2Q1R3/8/8/8/4K3/8/1k6/8 w - -,d1e2 b8d7 g2g4 h5g6 f3h4 d7c5 a2a4 a7a5 h4f5 g6f5,Mate
rn2qrk1/pb3ppp/1p6/2pnPBB1/8/2P5/PP2Q1PP/RN3RK1 w - -,e2e4 g7g6 g5h6 g6f5 e4f5 g8h8 c3c4 f8g8 c4d5 g8g6,196
4r2q/2Q3p1/K3k2p/4Bp2/5P2/8/2P3PP/8 w - -,,0
8/8/8/2K1k3/3N4/7B/8/8 w - -,h3f1 e5f4 d4c2 f4g3 f1c4 g3f4 c5d4 f4f5 c2e3 f5f4,212
r1bq1r2/pp1pkp2/2n2N1B/2b1P1Q1/2B4P/3n4/PPP3P1/R1K1R3 w - -,h3f1 e5f4 d4c2 f4g3 f1c4 g3f4 c5d4 f4f5 c2e3 f5f4,Mate
1r1kr3/3b1ppp/1P3n2/4R3/1bpN4/2N1B2P/1P3PP1/5RK1 w - -,d4f3 d7c6 f1d1 f6d7 c3d5 b4d6 e5f5 d6f8 f5f7 d8c8,331
3rr1k1/pp1n1p2/2p1pbpp/8/3P1P2/2PBB2P/PP4P1/R2R2K1 w - -,g1f2 a7a5 a2a4 d7b6 g2g3 f6e7 e3d2 g8g7 f2e2 d8d7,12
r3kb1r/ppp2ppp/2n5/3qpb2/8/PP2P3/3P1PPP/R1BQKBNR w KQkq -,b3b4 e8a8 c1b2 f8e7 g1f3 e7f6 f1e2 c8b8 b4b5 c6a5,-67
r2qkbnr/1pp2ppp/p1np4/2P1p3/B3P1b1/5N2/PP1P1PPP/RNBQK2R w KQkq -,d2d4 e5d4 a4c6 b7c6 d1d4 g8f6 c1e3 f8e7 b1d2 e8h8,63
8/8/8/4k3/6KR/8/7p/6r1 w - -,b1a3 g8f6 e1h1 f8e7 h2h3 g4f3 d1f3 e8h8 a4c6 b7c6,Mate
r2k1br1/4pppp/1p6/p2pP3/P4B1P/2R5/1PP2PP1/2K2B2 w - -,f4e3 a8b8 c3c6 g7g5 h4h5 g5g4 e3b6 d8d7 f1b5 b8b6,167
1Q2R3/8/8/8/4K3/8/2k5/8 w - -,f4g5 a8c8 c3b3 c8b8 g5e3 d8d7 f1b5 d7e6 b3d3 h7h6,Mate
r2qk2r/1p1bbp2/p3p1pn/n2pP1Np/3P3P/N1PB4/5PP1/R1BQ1RK1 w kq -,g2g3 e8f8 g5h3 f8g7 h3f4 b7b5 f1e1 d8c8 c1d2 d7c6,-26
rnbqkb1r/pp2nppp/4p3/2p1P3/3pQ3/5N2/PPPP1PPP/RNB1KB1R w KQkq -,g2g3 b8c6 h2h4 d8c7 h4h5 b7b6 b1a3 a7a6 f1g2 c8b7,-55
4r1k1/r4pq1/1p2nR2/p2pPRp1/3P2Pp/3N1Q2/PP5P/6K1 w - -,f3d5 e8d8 d5b5 a7d7 b5b6 d7d4 d3f2 d8d7 b6b8 d7d8,109
r2qkbnr/1pp2ppp/p1np4/2P1p3/B3P3/5b1P/PP1P1PP1/RNBQK2R w KQkq -,d1c2 f3g2 h1h2 g2f3 c2b3 d8g5 b3f3 g5g1 e1e2 g1h2,-746
8/3k4/p4P1p/5r2/P1KB4/1P5P/6b1/8 w - -,h3h4 g2d5 c4c3 f5f3 c3b4 d5b3 h4h5 b3f7 b4c5 f3f5,-536
rn1q1rk1/1pp2ppp/3b1n2/p3p2b/2B1P3/5N1P/PPPN1PP1/R1BQR1K1 w - -,c2c3 b8d7 d2f1 d7b6 c4b5 c7c6 b5d3 f8e8 f1g3 h5g6,31
5r2/4k3/pppR1p1p/4P1p1/8/5KP1/PPP2P1P/8 w - -,f3e3 a6a5 d6c6 f6e5 c6h6 f8c8 c2c3 b6b5 h6g6 b5b4,464
r1bq1r2/pp2kp2/2np1N1B/2b1P1Q1/2B4P/3P4/PP4P1/R1K1R3 w - -,f3e3 a6a5 d6c6 f6e5 c6h6 f8c8 c2c3 b6b5 h6g6 b5b4,Mate
1r1krb2/3b1ppp/1P3n2/6R1/2pN4/2N1B2P/1P3PP1/5RK1 w - -,d4c2 f6e4 g5a5 d8c8 f1a1 e4c3 b2c3 f8d6 e3d4 e8e4,323
2k4r/ppp3p1/1b6/8/3P1BP1/5Q2/PPq3K1/R7 w - -,f3f2 c2e4 f2f3 e4d4 a1e1 h8f8 f3e2 a7a6 e1f1 d4d5,-318
r1bqk2r/pppp1p1p/2n4p/2b1P3/2B5/1Qp2N2/PP3PPP/RN3RK1 w kq -,c4f7 e8f8 f7h5 d8e7 b1c3 e7e6 c3d5 c6b4 a1d1 b7b6,315
3rr1k1/pp3p2/1np1pbpp/8/3P1P2/2PBB1PP/PP6/R2R2K1 w - -,g1f2 a7a5 a2a4 g8g7 f2e2 d8d7 d1f1 h6h5 a1a3 f6d8,13
r1bqkb1r/ppp2ppp/2n1p3/3p4/1P1Pn3/P3P3/2PB1PPP/RN1QKBNR w KQkq -,g1f3 g7g5 b4b5 c6e7 d2b4 e7g6 f3d2 f7f5 c2c4 g5g4,42
r2q3r/1p1bbk2/p3p1pn/n2pP2p/3P3P/N1PB4/5PP1/R1BQ1RK1 w - -,c1h6 h8h6 g2g3 f7g7 a3c2 a8c8 c2e1 c8c3 a1c1 c3c1,-344
r3kbnr/pp1qppp1/2p4p/3pN3/2PP3B/2nbPQ2/PP3PPP/R3K2R w KQkq -,f3f7 e8d8 e5d7 d8d7 b2c3 d3c4 a1b1 b7b6 b1b4 c4d3,413
r1bqkb1r/pp3ppp/2n1p1n1/2p1P3/2BpQ3/5N2/PPPP1PPP/RNB2RK1 w kq -,a2a4 f8e7 d2d3 c8d7 f1e1 c6b4 e4e2 d7c6 c4b5 c6b5,-37
r2q1rk1/1pp2ppp/pbnp1n2/4p1N1/PPB1P1b1/2PP4/3N1PPP/R1BQ1RK1 w - -,g5f3 h7h6 h2h3 g4e6 c4b3 e6b3 d1b3 f8e8 f1e1 b6a7,22
1Q1R4/8/8/8/4K3/8/4k3/8 w - -,g5f3 h7h6 h2h3 g4e6 c4b3 e6b3 d1b3 f8e8 f1e1 b6a7,Mate
r2k1br1/4p1pp/1p2p3/p2p4/P4B1P/2R5/1PP2PP1/2K2B2 w - -,f4c7 d8c8 c7b6 c8b7 c3b3 b7c8 b6e3 g7g6 b3b6 f8g7,88
rn2k2r/pb1qbp1p/1p4p1/2pnPpN1/8/2PB4/PP2Q1PP/RNB2RK1 w kq -,b1a3 e8h8 d3c4 a7a6 e5e6 f7e6 e2e6 d7e6 g5e6 b6b5,92
r2k1bnr/pp1qpQp1/2p4p/3pN3/2PP3B/2nbP3/PP3PPP/R3K2R w KQ -,e5d7 d8d7 b2c3 d3c4 a1b1 b7b5 a2a4 a7a6 b1b4 g7g5,464
r1bq1r2/pp3p2/2nk1N1B/2b3Q1/2B4P/3P4/PP4P1/R1K1R3 w - -,b2c3 d7f5 c4d5 g7g5 h4g3 f5f7 e5f7 d8e8 f7h8 f8g7,Mate
r2q1rk1/1pp2ppp/pbnp1n2/4p1Nb/PPB1P3/1QPP4/3N1PPP/R1B2RK1 w - -,a4a5 b6a7 c1b2 c6e7 f1e1 d8d7 d3d4 e7g6 g5f3 f8e8,-15
rnbqkb1r/p2ppppp/8/2pP2Pn/1pP5/8/PP2PP1P/RNBQKBNR w KQkq -,e2e4 g7g6 f1e2 d7d6 e2h5 g6h5 d1h5 f8g7 g1e2 d8d7,79
r1bq1k1r/pppp1B1p/2n4p/2b1P3/8/1Qp2N2/PP3PPP/RN3RK1 w - -,f7h5 d8e7 b1c3 e7e6 c3d5 h8g8 a1c1 e6h3 d5f4 h3f5,359
r1k2br1/2B1p1pp/1p2p3/p2p4/P6P/2R5/1PP2PP1/2K2B2 w - -,c7f4 c8d8 f4c7 d8c8 c7b6 c8b7 c3b3 g7g5 h4g5 e6e5,105
r3k2r/pb1qbp1p/1pn3p1/2pnPpN1/2B5/2P5/PP2Q1PP/RNB2RK1 w kq -,e5e6 f7e6 g5e6 c6a5 c4b5 b7c6 b5c6 d7c6 f1e1 e8f7,96
8/3k4/p4P1p/3b1r2/P1KB3P/1P6/8/8 w - -,c4c5 d5b3 c5b6 b3c4 d4c3 h6h5 c3d4 f5f4 d4c3 f4f3,-565
r1bq1rk1/pp2ppbp/2n2np1/3p4/3NP2P/2N1BP2/PPP1B1P1/R2QK2R w KQ -,d4c6 b7c6 e1h1 a8b8 b2b3 f6h5 d1e1 d8c7 a1d1 g7e5,-100
rnbqkb1r/ppp2pp1/5n1p/3B4/4P3/8/PP3PPP/RNBQK1NR w KQkq -,d5f7 e8f7 d1d8 f8b4 d8d2 b4d2 b1d2 b7b6 f2f3 b8c6,28
rnbqkb1r/p2ppp1p/6p1/2pP2Pn/1pP1P3/8/PP3P1P/RNBQKBNR w KQkq -,f1e2 d7d6 e2h5 g6h5 d1h5 f8g7 g1e2 b8d7 f2f4 h7h6,75
1Q1R4/8/8/8/3K4/8/5k2/8 w - -,f1e2 d7d6 e2h5 g6h5 d1h5 f8g7 g1e2 b8d7 f2f4 h7h6,Mate
r4bnr/pp1kpQp1/2p4p/3p4/2PP3B/2nbP3/PP3PPP/R3K2R w KQ -,b2c3 d3c4 a1b1 b7b6 b1b4 c4a6 c3c4 g7g5 h4g3 g8f6,472
3r2k1/r4pq1/1p2nR2/p2QPRp1/3P2Pp/3N4/PP5P/6K1 w - -,d5b5 a7d7 b5b6 d7d4 d3f2 d8d7 b6a5 d7c7 f2e4 h4h3,102
r2q1rk1/1pp2pp1/1bnp1n1p/p3p2b/PPB1P3/1QPP1N1P/3N1PP1/R1B2RK1 w - -,f1e1 d8d7 c1b2 c6e7 d3d4 e7g6 c4b5 c7c6 b5f1 f8e8,10
r4br1/1k2p1pp/1B2p3/p2p4/P6P/2R5/1PP2PP1/2K2B2 w - -,c3b3 b7c8 b6e3 g7g6 b3b6 f8g7 b6e6 g7f6 g2g3 g8d8,95
b2rk3/5p1p/p1pPp2P/1pR1P3/1P2PK1n/P7/BB4r1/1R6 w - -,c5c1 e8d7 c1h1 h4g6 f4e3 g2g3 e3f2 g3g4 b1f1 c6c5,84
r3k2r/pb1qbp1p/1p4p1/n1pnPpN1/2B5/2P5/PP2Q1PP/RNBR2K1 w kq -,,0
r4rk1/2qbbppp/3ppn2/npp5/4P3/2PP1N2/1P1N1PPP/RBBQR1K1 w - -,d3d4 e6e5 h2h3 h7h6 b2b3 c5c4 b3c4 a5c4 a1a8 f8a8,-15
r1b2k1r/ppppq2p/2n4p/2b1P2B/8/1Qp2N2/PP3PPP/RN3RK1 w - -,b1c3 e7e6 c3d5 c6e7 d5c7 e6b3 a2b3 a8b8 f1c1 b7b6,363
8/8/8/4k3/7R/5K2/8/6rq w - -,b1c3 e7e6 c3d5 c6e7 d5c7 e6b3 a2b3 a8b8 f1c1 b7b6,Mate
8/3k4/p4P1p/2K2r2/P2B3P/1b6/8/8 w - -,c5b6 b3c4 d4c3 h6h5 c3a1 f5f1 a1e5 f1f3 f6f7 f3f7,-579
rn1q1rk1/1pp2pp1/1b1p1n1p/pP2p2b/P1B1P3/1QPP1N1P/3N1PP1/R1B2RK1 w - -,d3d4 b8d7 c1a3 f8e8 a1d1 f6h7 c4d5 a8b8 d4e5 d6e5,30
r4bnr/pp1kpQp1/2p4p/3p4/2bP3B/2P1P3/P4PPP/R3K2R w KQ -,a1b1 b7b6 b1b4 g7g5 b4c4 g5h4 c4c6 d7c6 f7e6 c6c7,483
rnbq1b1r/ppp2kp1/5n1p/8/4P3/8/PP3PPP/RNBQK1NR w KQ -,d1d8 f8b4 d8d2 b4d2 b1d2 b8c6 f2f3 h8d8 g1e2 b7b6,29
1rk1rb2/3b1ppp/1P3n2/6R1/2p5/2N1B2P/1PN2PP1/5RK1 w - -,g5a5 d7c6 f1a1 f6d7 c2d4 c6b7 e3f4 d7b6 f4b8 c8b8,345
rnb1k1nr/pp1p1pbp/2p1p1p1/q5B1/2BPP3/5N2/PPP2PPP/RN1QK2R w KQkq -,g5d2 a5c7 b1c3 d7d5 c4d3 b8d7 h2h4 d5e4 c3e4 g8f6,88
3rr1k1/pp3p2/2p1pb1p/3n2p1/3P1P2/P1PB2PP/1P3B2/R2R2K1 w - -,f4f5 e6f5 d3f5 e8e2 a1b1 d5e3 f2e3 e2e3 g1f2 e3e7,14
1Q4R1/8/8/8/3K4/8/5k2/8 w - -,c3c4 d5e7 f4g5 h6g5 d1d2 g8g7 d3e4 b7b5 a1c1 d8d7,Mate
r2q4/1p1bbk2/p3p1pr/n2pP2p/3P3P/N1PB4/5PP1/R2Q1RK1 w - -,g2g3 f7g7 d1e2 a8c8 a3b1 h6h8 a1a2 c8c6 g1g2 d8c7,-350
8/8/8/4k3/8/5K2/8/7r w - -,g2g3 f7g7 d1e2 a8c8 a3b1 h6h8 a1a2 c8c6 g1g2 d8c7,Mate
r1b2k1r/pppp3p/2n1q2p/2b1P2B/8/1QN2N2/PP3PPP/R4RK1 w - -,c3d5 c6e7 d5c7 e6b3 a2b3 a8b8 f1c1 b7b6 a1a7 h8g8,380
8/k7/6R1/5p1p/5P1P/1r4P1/3K4/8 w - -,d2e2 a7b7 e2f2 b3b2 f2f3 b2b5 f3g2 b5d5 g6h6 b7c7,431
r4rk1/1ppnqpp1/1b1p3p/pP2p2n/P1B1P2N/BQPP3P/5PP1/R3R1K1 w - -,h4f3 e7f6 b3d1 h5f4 a3c1 d7c5 a1a2 a8e8 c1f4 f6f4,67
1rk1rb2/3b1pp1/1P3n1p/6R1/2p5/2N1B2P/1PN2PP1/R5K1 w - -,g5a5 f8d6 a1d1 e8e6 e3d4 d7c6 c2e3 b8a8 a5a7 a8a7,355
r1bq1r2/pp3p2/3k1N1B/2b1n3/2B4P/3P2Q1/PP4P1/R1K1R3 w - -,g5a5 f8d6 a1d1 e8e6 e3d4 d7c6 c2e3 b8a8 a5a7 a8a7,Mate
8/3k4/pK3P1p/5r2/P1bB3P/8/8/8 w - -,d4e3 f5f6 b6c5 f6e6 e3f4 h6h5 f4b8 e6e8 b8a7 e8e4,-567
8/8/8/4k3/7r/8/6K1/8 w - -,d4e3 f5f6 b6c5 f6e6 e3f4 h6h5 f4b8 e6e8 b8a7 e8e4,Mate
r3kb1r/pp2pppp/2n2n2/3p1Q2/3P1B2/5N1P/Pq2PPP1/RN2KB1R w KQkq -,f4d2 f6e4 f3g5 e4d6 f5d3 b2a1 e2e3 a1a2 b1c3 a2a1,-381
r5k1/2qbbppp/2nppn2/1pp5/4P3/2PP1N2/1P3PPP/1BBQRNK1 w - -,c1g5 h7h6 g5h4 c7a5 f1e3 b5b4 d3d4 b4c3 e4e5 d6e5,-24
r4rk1/1ppn1pp1/1b1p3p/pP2pNqn/P1B1P3/BQPP3P/5PP1/R3R1K1 w - -,h3h4 g5f6 b3d1 g7g6 a3c1 h5f4 f5e3 h6h5 a1a2 c7c6,59
3rr1k1/pp3p2/1np1pb1p/6p1/2PP1P2/P2B2PP/1P3B2/R2R2K1 w - -,a3a4 d8d7 f4g5 h6g5 a4a5 b6c8 a5a6 c8e7 d3e4 e8d8,-4
8/6p1/3k1p2/2pN1P1p/2K5/1P4PP/8/6b1 w - -,d5f4 h5h4 g3h4 d6e5 f4d3 e5f5 c4d5 f5g6 d3c5 g6h5,17
r1bqkb1r/pp3pp1/2n2n1p/2ppp3/4P3/2PPBN2/PP2BPPP/RN1Q1RK1 w kq -,d3d4 e5d4 e4d5 f6d5 c3d4 d5e3 f2e3 c5d4 e3d4 f8d6,-36
rn1qkb1r/pb1ppppp/5n2/1ppP4/2P3P1/8/PP2PP1P/RNBQKBNR w KQkq -,g4g5 f6h5 c4b5 a7a6 e2e4 g7g6 a2a4 f8g7 a1a3 e8h8,76
8/k7/6R1/5p1p/5P1P/6P1/1r2K3/8 w - -,e2f3 b2b3 f3g2 a7b8 g6g5 b3b5 g5h5 b8c7 h5h6 c7d7,513
3r1k1r/pb1qb1Np/1p4p1/n1p2p2/2B2n2/1PP5/P3Q1PP/RNBR2K1 w - -,g7e6 d7e6 d1d8 e7d8 c1f4 e6e2 c4e2 d8f6 b1a3 g6g5,-120
1rk2b2/3b1pp1/1P2rn1p/R7/2p5/2N1B2P/1PN2PP1/R5K1 w - -,a5a7 g7g5 e3d4 b8b6 d4f6 e6f6 c3d5 f6c6 d5b6 c6b6,385
1k6/8/6R1/5p1p/5P1P/5KP1/1r6/8 w - -,g6g8 b8b7 g8h8 b2b5 h8h5 b7c7 h5g5 c7d7 f3g2 d7e6,513
r4rk1/1ppn1p2/1b1p2pp/pP2pNqn/P1B1P3/B1PP3P/5PP1/R2QR1K1 w - -,h3h4 g5f6 a3c1 h5f4 f5e3 h6h5 a1a2 f4e6 g2g3 c7c6,67
3rr2k/pp3p2/1np1pb1p/6p1/2PP1P2/P2B2PP/1P3B2/2RR2K1 w - -,d3e2 g5f4 g3f4 b6c8 e2g4 c8e7 g1f1 d8d7 d1d3 e8d8,-5
r4r2/1ppn1p1k/1b1p2pp/pP2p1qn/P1B1P3/B1PPN2P/5PP1/R2QR1K1 w - -,a3c1 g5h4 a1a2 b6e3 c1e3 f7f5 e4f5 g6f5 c4e6 d7b6,69
r1bq1r2/1pp1n1bk/p1np3p/4p1p1/4Pp2/2PP1N1P/PPB2PP1/R1BQRNK1 w - -,g1h1 d8e8 f1h2 h7h8 d3d4 e8g6 c1d2 g7f6 e1g1 g6h7,-86
1k6/8/8/5pRp/5P1P/1r3KP1/8/8 w - -,f3g2 b3b5 g5h5 b8c7 h5h7 c7d6 h4h5 d6e6 h7c7 b5b6,517
8/6p1/3k1p2/2p2P2/2K2N1p/1P4PP/8/6b1 w - -,g3h4 d6e5 f4e6 e5f5 c4d5 f5g6 e6c5 g6h5 b3b4 h5h4,15
8/3k4/pK3r1p/8/P1b4P/4B3/8/8 w - -,b6c5 f6e6 e3d2 h6h5 d2g5 e6c6 c5d4 c4f7 d4e3 c6c3,-576
r1b1kb1r/p3pp1p/1qp3p1/2p5/Q7/2P1PN2/P2P1PPP/R1B1K2R w KQkq -,e1h1 f7f6 d2d4 c5d4 c3d4 c8f5 f1e1 b6b5 a4b3 b5b3,75
rnb1k2r/pp1p1ppp/2p2B2/q7/2PPp3/2b3P1/PP2PPBP/R2QK1NR w KQkq -,b2c3 g7f6 d1c1 d7d5 g1h3 c8e6 e1h1 b8d7 c4d5 c6d5,143
r2q3k/p2nR1b1/1p1PbN1p/4p2p/3n4/B2B3P/PP1Q2P1/6K1 w - -,b2c3 g7f6 d1c1 d7d5 g1h3 c8e6 e1h1 b8d7 c4d5 c6d5,Mate
r1b1kb1r/ppp2ppp/2n1p3/1P1p4/3P3q/P3PPn1/2PB3P/RN1QKBNR w KQkq -,e1f2 g3h1 f2g2 f8d6 f3f4 h1f2 d1e1 h4g4 g2f2 g4h4,-379
r4r2/1ppn3k/1b1p2p1/pP2pppn/P1B1P3/B1PPN2P/5PP1/R3R1K1 w - -,e4f5 g6f5 d3d4 a8e8 e3f5 h5f4 c4b3 e5d4 e1e8 f8e8,75
1rk5/3b1pp1/1P2rn1p/R7/1bp5/N1N1B2P/1P3PP1/R5K1 w - -,a5a7 e6e3 f2e3 b8b6 a7a8 c8c7 a3c4 b6b7 a8a7 b4c5,387
r1b2r2/pp3p2/3k1q1B/2b1R3/2B4P/3P2Q1/PP4P1/R1K5 w - -,a5a7 e6e3 f2e3 b8b6 a7a8 c8c7 a3c4 b6b7 a8a7 b4c5,Mate
r4b1r/1k2pppp/1pp5/p2bP3/P4B1P/7R/1PP2PP1/2KR1B2 w - -,h3d3 h7h5 g2g3 a8c8 e5e6 d5e6 d3d7 b7a8 f1a6 e6d7,171
1r1r2k1/2q2pbp/2p3p1/p3pb2/1P3B2/P1P2B2/5PPP/R1Q1R1K1 w - -,f4g3 f7f6 c1e3 g7f8 f3e4 f5e4 e3e4 d8d5 e4h4 f8e7,15
r3kb1r/pp3ppp/2n1pn2/3p4/3P1B2/5B1P/PqP1NPP1/R2QK2R w KQkq -,a2a3 f8e7 e1h1 b2b5 a1b1 b5a6 e2g3 e8h8 f3e2 a6a3,-162
3rr2k/pp3p2/1np1pb2/6p1/2PP4/P2B2PP/1P3B2/2RR2K1 w - -,d3f1 d8d7 d1d3 e8d8 c1d1 b6c4 d3f3 f6d4 d1d4 d7d4,-17
5k2/8/8/3Q1K1r/8/8/8/8 w - -,,0
r1q1kbnr/pp2pp2/2p3pp/3pNb2/2PP3B/2PBPQ2/P4PPP/R3K2R w KQkq -,g2g4 f5e6 c4d5 e6d5 e3e4 f8g7 e4d5 g7e5 d4e5 c6d5,433
r4rk1/p4ppp/3n2b1/b2p4/5B2/P4N2/1P2KPPP/2RR4 w - -,f4d6 f8c8 b2b4 a5b6 d6c5 g6e4 a3a4 b6d8 g2g3 d8f6,32
r1b2B2/pp1k1p2/5q2/2b1R3/2B4P/3P2Q1/PP4P1/R1K5 w - -,f4d6 f8c8 b2b4 a5b6 d6c5 g6e4 a3a4 b6d8 g2g3 d8f6,Mate
1rk5/R2b1pp1/1Pr2n1p/8/1bp5/N1N1B2P/1P3PP1/R5K1 w - -,e3f4 d7e6 f4b8 c8b8 a3b5 b4c3 b2c3 c6b6 a7a8 b8b7,392
2r1r1k1/pp3pp1/3bpn1R/3nN3/3q1P2/6Q1/PP1N2PP/R1B3K1 w - -,g1h1 f6e4 h6h8 g8h8 g3h4 h8g8 d2f3 d4d1 h4e1 d1e1,Mate
r1b1k2r/p3ppbp/1qp3p1/2p5/Q7/2P1PN2/P2P1PPP/R1B2RK1 w kq -,c1a3 b6a6 a4a6 c8a6 f1b1 c5c4 a3c5 e8d7 b1b4 h8b8,104
7k/6r1/8/p3q3/4P2p/5r1P/P1P3P1/3R2RK w - -,d1d2 e5e4 g2f3 g7g1 h1g1 e4e1 g1g2 e1d2 g2f1 d2d1,-797
1r1r2k1/2q3bp/2p2pp1/p3p3/1P6/P1PbBB2/5PPP/R1Q1R1K1 w - -,f3e2 f6f5 c1d2 d3e4 d2b2 e4d5 a1d1 a5b4 c3b4 b8a8,27
3r1k1r/pb2b2p/1p2q1p1/n1p2p2/2B2n2/1PP5/P3Q1PP/RNBR2K1 w - -,d1d8 e7d8 c1f4 e6e2 c4e2 d8f6 b1a3 g6g5 f4e3 f8e7,-132
r1b2k1r/ppppn2p/4q2p/2bNP2B/8/1Q3N2/PP3PPP/R4RK1 w - -,d5c7 e6b3 a2b3 a8b8 f1c1 b7b6 a1a7 h8g8 c1d1 b6b5,392
4r3/p1pk3p/2n3p1/2B5/8/2Pq4/P4PPP/RN2K2R w - -,c5e3 c6e5 h2h4 e5c4 h1h3 d3c2 b1d2 e8e3 f2e3 c2d2,-683
3Q4/8/4R3/8/4K3/8/8/1k6 w - -,c5e3 c6e5 h2h4 e5c4 h1h3 d3c2 b1d2 e8e3 f2e3 c2d2,Mate
2r1r1k1/pp3pp1/3bpn1R/3nN3/5q2/6Q1/PP1N2PP/R1B4K w - -,g3h4 f4h4 h6h4 d6e5 d2f3 f6d7 f3e5 d7e5 h4d4 f7f6,-600
r1q1kbnr/pp2pp2/2p1b1pp/3pN3/2PP2PB/2PBPQ2/P4P1P/R3K2R w KQkq -,c4d5 e6d5 e3e4 d5e6 d4d5 g8f6 d5e6 c8e6 h4g3 b7b5,443
r1bk1b1r/1p2pp1p/p5p1/2P5/5P2/2n2N2/PPP3PP/R1B1K2R w KQ -,a2a4 c3e4 c1e3 d8e8 e1a1 f8g7 h1e1 c8d7 d1d3 d7c6,-366
r1b2B2/pp1k1p2/2q5/1Bb1R3/7P/3P2Q1/PP4P1/R1K5 w - -,a2a4 c3e4 c1e3 d8e8 e1a1 f8g7 h1e1 c8d7 d1d3 d7c6,Mate
r7/r1p5/2p1kp2/1p2p1p1/4P2p/pPPP1P1P/R1P3P1/R5K1 w - -,b3b4 a7a4 g1f2 e6d6 a1b1 c6c5 f2e3 d6c6 e3d2 c6b6,-55
r5k1/2qbbppp/2np1n2/2p1p1B1/1p1PP3/2P2N2/1P3PPP/1B1QRNK1 w - -,d4c5 d6c5 b1d3 b4c3 b2c3 f6g4 h2h3 e7g5 f3g5 g4f6,36
r3kb1r/pp3ppp/4pn2/n2p4/3P1B2/5B1P/PqP1NPP1/R2Q1RK1 w kq -,c2c3 b2b5 f4g5 f8e7 e2g3 a8c8 a1b1 b5d7 g5f6 e7f6,-137
3b1k1r/pb5p/1p2q1p1/n1p2p2/2B2n2/1PP5/P3Q1PP/RNB3K1 w - -,c1f4 e6e2 c4e2 d8f6 b1a3 g6g5 f4e3 f8e7 a1c1 h8d8,-129
r1bq1rk1/pppp1ppn/2n4p/4P3/5P2/2N5/PPP1B1PP/R1BQ1RK1 w - -,d1e1 d7d6 c1e3 c6b4 a1c1 c8f5 e3f2 f8e8 f2h4 d8d7,125
r1k2b1r/4ppp1/1pp5/p2bP2p/P4B1P/7R/1PP2PP1/2KR1B2 w - -,h3d3 c8b7 g2g3 a8c8 e5e6 d5e6 d3d7 b7a8 f1a6 e6d7,171
2rq1rk1/pp1bbppp/2n1p3/3n2B1/2BP4/2P2N2/PP1NQPPP/R3K2R w KQ -,g5e7 c6e7 g2g3 d8b6 a1b1 d7c6 e1h1 e7g6 c4d3 b6c7,142
r1q1kbnr/pp2pp2/2p3pp/3bN3/3P2PB/2PBPQ2/P4P1P/R3K2R w KQkq -,e3e4 f8g7 e4d5 g7e5 d5c6 e5d4 c3d4 c8c6 f3c6 b7c6,432
3rr1k1/2p2ppp/p1n2q2/1p1n4/8/1N3PPP/PPP2QB1/1K1R3R w - -,f3f4 d5b6 d1d8 e8d8 h1e1 b6c4 c2c3 c6e7 b1c1 h7h6,5
r3kb1r/pp3ppp/4pn2/n2p4/3P1B2/q4B1P/P1P1NPP1/1R1Q1RK1 w kq -,e2g3 f8e7 f1e1 b7b6 f3e2 e8h8 e2b5 a8c8 b5a6 c8c3,-158
3b1k1r/pb5p/1p4p1/n1p2p2/2B2B2/1PP5/P3q1PP/RN4K1 w - -,c4e2 d8f6 b1a3 g6g5 f4e3 b7e4 a3b5 f8e7 a1c1 a5b7,-127
3rr2k/pp3pb1/1np1p3/6p1/2PPB3/P5PP/1P3B2/2RR2K1 w - -,b2b3 b6c8 g1g2 g7f6 c1c3 h8g7 c3d3 c8e7 a3a4 d8d7,14
r1b2B2/pp1k1p2/2qb4/1B1R4/7P/3P2Q1/PP4P1/R1K5 w - -,c1c2 d8d7 b2b3 b6c8 c2d2 c8e7 e4f3 a7a6 d4d5 e6d5,Mate
rnb1k2r/pp1p1p1p/2p2p2/8/2PPp3/2q3P1/P3PPBP/R2Q1KNR w kq -,a1c1 c3a5 g2e4 f6f5 e4d3 d7d5 c4c5 f5f4 f1g2 h7h5,195
8/6k1/8/8/7p/7K/r6P/2R5 w - -,,0
rnb2rk1/pp2ppbp/3p1np1/2q5/5B2/2P1PN2/PP1NBPPP/R2QK2R w KQ -,h2h3 b7b6 e1h1 c8b7 f4h2 b8d7 a1c1 a7a6 c3c4 f8c8,-22
4r3/p1pk3p/2n3p1/8/8/2P1B3/P1q2PPP/RN2K2R w - -,h1f1 c2b2 a2a3 d7c8 f1g1 b2a1 e1e2 a1a2 b1d2 a2a3,-705
r3kb1r/pp3ppp/3qpn2/n2p4/3P4/5B1P/P1P1NPP1/1RBQ1RK1 w kq -,c1g5 f8e7 g5d2 a5c4 b1b7 d6c6 b7e7 e8e7 d2b4 e7d7,-159
5k1r/pb5p/1p3bp1/n1p2p2/5B2/1PP5/P3B1PP/RN4K1 w - -,b1a3 g6g5 f4e3 f8g7 a3b5 f5f4 e3f2 h8d8 a1d1 d8d1,-128
r1bqk2r/ppp2ppp/2n2n2/2b1p3/4p3/1NPP1N2/PP3PPP/R1BQKB1R w KQkq -,f3d2 c5b6 d1c2 e4e3 f2e3 b6e3 d2c4 e3c1 a1c1 c8e6,-181
r1q1kb1r/pp2pp2/2p1bnpp/3PN3/4P1PB/2PB1Q2/P4P1P/R3K2R w KQkq -,d5e6 c8e6 h4g3 f6d7 e5d7 e6d7 d3c4 e7e6 g3e5 h8h7,448
r1b2kr1/pppp1ppp/8/1q6/6Q1/2B5/PPP2PPP/4R1K1 w - -,h4g3 e6g4 e5g4 c8g4 f3g4 f6g4 a1b1 f8g7 b1b7 c6d5,Mate
r1k2b1r/5pp1/1pp1p3/p2bP2p/P4B1P/3R4/1PP2PP1/2KR1B2 w - -,c2c4 f8c5 c4d5 c6d5 c1b1 a8a7 d3f3 a7c7 d1c1 c8b7,441
4r3/R7/3pr2k/pn4p1/3P2P1/B3P3/6K1/4R3 w - -,f4e3 c6c5 e3g5 c5c4 d3d5 e6d5 d1d5 f8c5 f2f3 c4c3,Mate
r3kb1r/pp2pp2/2p1qnpp/4N3/4P1PB/2PB1Q2/P4P1P/R3K2R w KQkq -,h4g3 f6d7 e5d7 e6d7 d3c4 e7e6 g3e5 h8h7 a1d1 d7e7,446
2n5/8/P7/8/8/2K5/5k2/8 w - -,,0
1rb2k1r/ppNpn2p/7p/2b1P2B/8/1P3N2/1P3PPP/R4RK1 w - -,f1c1 c5b6 a1a4 e7g6 c7d5 f8g7 d5b6 a7b6 h2h4 h8f8,375
r1bqk2r/ppp2ppp/2n2n2/2N1p3/8/2PP1p2/PP3PPP/R1BQKB1R w KQkq -,g2f3 d8e7 c5e4 f6d5 d1b3 d5b6 h1g1 c8e6 b3a3 e7a3,-104
2rr2k1/1p2qpbp/p1p3p1/3p4/PP1P1N2/1QRbP3/5PPP/2R3K1 w - -,h2h3 d3c4 c3c4 d5c4 c1c4 d8e8 g2g3 g7f8 a4a5 c8d8,-455
r3kb1r/pp1q1ppp/4pn2/n2p4/3P1B2/5B1P/P1P1NPP1/1R1Q1RK1 w kq -,f1e1 f8e7 e2g3 e8h8 f3e2 a7a6 a2a4 f8c8 e2d3 c8c6,-212
r2qk2r/1pp2ppp/p1np1n2/2b1p2b/2P5/P1N1PPP1/1P1PN1BP/R1BQK2R w KQkq -,h2h3 c5a7 d2d4 e5d4 e3d4 e8h8 e1h1 f8e8 g3g4 h5g6,57
r1b2B2/p2k1p2/2pb4/3R4/7P/3P2Q1/PP4P1/R1K5 w - -,b2b4 c5a7 d2d4 h5g6 e1h1 e8h8 g3g4 e5d4 e3d4 h7h6,Mate
r1b4r/ppp2kp1/3b1n1p/2q5/8/1PNp4/1PP1NPPP/R1BQK2R w KQ -,e2g1 h8e8 e1f1 f6g4 d1f3 f7g8 h2h3 e8f8 h3g4 f8f3,-360
r1bqk2r/pppp1pp1/2n2n1p/4p3/1bP1P3/3PB3/PP1N1PPP/R2QKBNR w KQkq -,g1f3 f6g4 a2a3 g4e3 f2e3 b4c5 d3d4 e5d4 d2b3 c5e7,-39
r2q1rk1/1bpn1ppp/pp2pn2/8/2BP4/P1P1PN2/4QPPP/R1B2RK1 w - -,c4d3 f8e8 f1d1 c7c5 e3e4 d8c7 e4e5 c5c4 d3c2 f6d5,56
8/8/2k5/5Kp1/6p1/5p2/5PP1/8 w - -,g2g3 c6d5 f5g5 d5d4 g5g4 d4e4 g4h3 e4e5 g3g4 e5d5,1122
8/6k1/8/8/8/6K1/r7/2R5 w - -,,0
7r/pb2k2p/1p3b2/n1p3p1/5p2/NPP5/P3BBPP/R5K1 w - -,a1c1 a5c6 e2f3 h8d8 b3b4 c5b4 c3b4 d8d7 h2h4 c6b4,-93
rnb2rk1/pp2ppbp/5np1/2qp4/5B2/2P1PN2/PP1NBPPP/R2QK2R w KQ -,h2h3 c5b6 d1b3 b8d7 e1h1 d7c5 b3a3 c8f5 d2b3 f5d3,-15
rnbqkb1r/5ppp/2p1pn2/pp6/8/1B2PN2/PP1PQPPP/RNB2RK1 w kq -,d2d4 b5b4 b1d2 f8e7 e3e4 e8h8 b3c4 c6c5 e4e5 f6d5,42
r3k2r/pp2bpp1/2bppn1p/q5B1/4P3/2N2N2/PPPQ1PPP/2KRR3 w kq -,,0
r1bqk2r/pppp1pp1/2n2n1p/4p3/2P1P3/P2PB3/1P1b1PPP/R2QKBNR w KQkq -,e1e2 d2e3 f2e3 d7d6 e2e1 f6g4 d1d2 d8g5 h2h4 g5e3,-557
8/1K6/B7/8/8/1k6/2N5/8 w - -,c2e3 b3c3 b7c6 c3d2 e3d5 d2c2 c6c5 c2b2 a6d3 b2b3,204
4r2k/pp1r1pb1/1np1p3/6p1/2PP4/P4BPP/1P3B2/2RR2K1 w - -,b2b3 e8d8 f2e3 g7f6 g1g2 h8g7 a3a4 f6d4 e3g5 f7f6,24
8/6p1/2k2p2/2p2P2/2K4P/1P1Nb2P/8/8 w - -,d3e1 c6d6 e1g2 e3g1 g2f4 d6e5 f4e6 e5f5 c4d5 f5g6,14
3r4/pb2k2p/1p3b2/n1p3p1/5p2/NPP5/P3BBPP/3R2K1 w - -,d1d8 e7d8 b3b4 a5c6 b4c5 f6e7 a3c4 b6c5 g2g3 d8c7,-81
8/8/8/8/7R/8/1k4KQ/8 w - -,d1d8 e7d8 b3b4 a5c6 b4c5 f6e7 a3c4 b6c5 g2g3 d8c7,Mate
1rb2k1r/p1Npn2p/1p5p/2b1P2B/8/1P3N2/1P3PPP/R1R3K1 w - -,a1a7 h8g8 c1d1 b6b5 a7a1 e7g6 c7a6 c8a6 a1a6 f8e7,402
8/6p1/2k2p2/2p2P2/2K4P/1P5P/5b2/4N3 w - -,e1d3 f2e3 d3b2 c6d6 c4d3 e3c1 b2a4 d6e5 a4c5 e5f5,17
r2qkbnr/pp1n1ppp/2p1p3/5b2/2pP4/2N1PN2/PP2BPPP/R1BQK2R w KQkq -,e3e4 f5g6 e2c4 g8f6 c4d3 f8b4 e4e5 f6e4 e1h1 b4c3,29
3k4/pb5p/1p3b2/n1p3p1/5p2/NPP5/P3BBPP/6K1 w - -,b3b4 a5c6 b4c5 f6e7 a3c4 b6c5 g2g3 b7c8 g3f4 g5f4,-88
r3kbnr/pp2ppp1/2p4p/3pNq2/2PP3B/2P1P3/P4PPP/R2QK2R w KQkq -,c4d5 f7f6 d5c6 b7c6 e5f3 f5d7 a1b1 e7e6 e1h1 g8e7,289
r1b2k1r/ppNpn2p/7p/2b1P2B/8/1q3N2/PP3PPP/R4RK1 w - -,a2b3 a8b8 f1c1 b7b6 a1a7 h8g8 c1d1 b6b5 a7a1 f8g7,396
4r1k1/p1p2ppp/1p3n2/2b3q1/2N1Pp2/1P1Q1PP1/P5KP/4RR2 w - -,e4e5 f6h5 d3d7 e8d8 d7g4 g5h6 e1d1 d8f8 d1d7 h6c6,222
r2q1rk1/1pp2ppp/3bnn2/p3p3/1PB1P1b1/1QP2N2/P2N1PPP/R1B1R1K1 w - -,h2h3 g4f3 d2f3 d8e7 c1d2 a5a4 b3c2 c7c6 a1b1 f8c8,56
2r2rk1/ppq1bpp1/4pn1p/2n1N2P/5P2/6N1/PPPBQ1P1/1K1R3R w - -,h1f1 f8d8 d2c1 d8d1 f1d1 b7b5 d1d4 a7a6 b2b3 a6a5,-65
8/8/3k4/8/8/3NKQ2/8/8 w - -,h1f1 f8d8 d2c1 d8d1 f1d1 b7b5 d1d4 a7a6 b2b3 a6a5,Mate
2rq1rk1/pp1bnppp/4p3/3n4/2BP4/2P2N2/PP1NQPPP/R3K2R w KQ -,g2g3 d8b6 a1b1 d7c6 e1h1 e7g6 c4d3 b6c7 f1e1 d5f6,142
8/5pnk/6p1/8/4q2P/p5P1/5P1K/8 w - -,f3e5 d7e8 e1h1 b7b5 c4d5 d8d5 a2a3 a7a5 e5d3 e8c6,Mate
3k4/pb5p/1pn2b2/6p1/1P3p2/N7/P3BBPP/6K1 w - -,a3b5 c6b4 b5a7 b4d5 e2f3 b7a8 a7b5 d8d7 f3g4 d7e7,-23
r1bqk2r/ppp2pp1/2np1n1p/4p3/2P1P3/P2PB3/1P1K1PPP/R2Q1BNR w kq -,h2h3 c6d4 g1f3 c7c5 a3a4 c8e6 d2e1 e8h8 g2g4 f6d7,-84
8/6p1/5p2/2pk1P2/7P/1P1K1N1P/5b2/8 w - -,h4h5 f2g3 f3d2 g3f4 d2c4 f4c1 d3c3 c1f4 c4b6 d5c6,6
rnb2rk1/pp2ppbp/1q3np1/3p4/5B2/1NP1PN2/PP2BPPP/R2QK2R w KQ -,e1h1 b8c6 a2a4 a7a5 h2h3 f8d8 e2b5 f6e4 f4h2 e7e5,-44
3r1rk1/1ppq1pp1/p1n1b2p/3np3/8/2NPPNPP/PPP3BK/3RQR2 w - -,c3e4 b7b6 g3g4 f7f5 g4f5 e6f5 f3h4 f5h7 e1g3 g8h8,10
8/1K6/8/8/1N6/2kB4/8/8 w - -,,0
r1k4r/2p1bpp1/1p2b2p/2p1Pn2/2P2N2/1P3N1P/1B1R1PP1/5RK1 w - -,g2g4 f5h4 f3h4 e7h4 f4g2 h8d8 d2e2 h4e7 f2f4 a8a2,14
3k4/pb5p/1p3b2/1N4p1/1n3p2/8/P3BBPP/6K1 w - -,b5a7 b4d5 e2f3 b7a8 a7b5 d8d7 a2a4 f6e5 b5a3 d7e6,-22
r4b1r/1k2ppp1/1pp5/p2bP2p/P4B1P/3R4/1PP2PP1/2KR1B2 w - -,f4e3 d5e6 d3d4 g7g6 f1c4 e6c4 d4c4 c6c5 c4f4 h8h7,189
3r3k/pp1r1p2/1np1pb2/6p1/2PP4/P3BBPP/1P4K1/2RR4 w - -,b2b3 h8g7 a3a4 f6d4 e3g5 f7f6 g5h4 d4e3 d1d7 d8d7,25
r1b2rk1/pp1nppbp/1q3np1/3p4/3Q1B2/1NP1PN2/PP2BPPP/R3K2R w KQ -,d4b6 d7b6 a2a4 f6e4 b3d2 e4c5 a4a5 b6a4 d2b3 f7f6,-45
r1k4r/2p1b1p1/1p2p2p/2p1Pn2/2P5/1P3N1P/1B1R1PP1/5RK1 w - -,d2d3 c8b7 g2g4 f5h4 f3h4 e7h4 d3d7 h8g8 b2c1 b7c6,9
r4rk1/pp3ppp/n1p2n2/3p4/3P2q1/P1N3P1/1P2PPBP/R2Q1RK1 w - -,d1b3 a8b8 b3a4 h7h5 a1d1 f8e8 f1e1 g7g6 e2e3 g8g7,32
r5k1/2q1bppp/2np1n2/4p1B1/1p1PP1b1/4NN2/1P3PPP/1B1QR1K1 w - -,g5f6 g4f3 d1c1 e7f6 d4d5 f3h5 c1c6 c7d8 b1d3 f6g5,69
3k4/Nb5p/1p3b2/6p1/5p2/8/n3BBPP/6K1 w - -,f2b6 d8e7 b6c5 e7e6 a7b5 f6e5 e2g4 e6f6 b5d4 a2c1,-16
3r4/2k5/5pp1/PK5p/5P1P/R5P1/8/8 w - -,a5a6 c7b8 b5c6 g6g5 a3a5 g5f4 g3f4 d8d4 a5f5 b8a8,509
8/8/8/7R/4k3/6K1/7p/7r w - -,,0
r2qk2r/ppp2pp1/2np1n1p/4p3/2P1P1b1/P2PB1P1/1P1K1P1P/R2Q1BNR w kq -,g1f3 a7a5 h2h3 g4f3 d1f3 e8h8 a1b1 a5a4 d2e1 f6d7,-81
1r1r2k1/2q3bp/2p2pp1/p3pb2/1P6/P1P2BB1/5PPP/R1Q1R1K1 w - -,c1e3 g7f8 f3e4 f5e4 e3e4 d8d5 e4c4 g8g7 f2f3 c7d7,17
8/1K6/8/8/8/3B4/1kN5/8 w - -,b7c6 b2c3 d3g6 c3b2 c6c5 b2c3 c2e3 c3b3 e3c4 b3c3,207
8/Nb2k2p/1B3b2/6p1/5p2/8/n3B1PP/6K1 w - -,b6c5 e7e6 a7b5 f6e5 e2g4 e6f6 b5d4 a2b4 c5b4 e5d4,-17
r1bq1rk1/ppp3pp/2np1n2/bB2p3/4P3/P1N2N2/1PPB1PPP/R2Q1RK1 w - -,h2h3 g8h8 f1e1 a5c3 d2c3 c8d7 a3a4 d8e8 a4a5 a7a6,-32
1r5k/pbr3pp/1p1R4/8/8/8/PPP2PPP/3R2K1 w - -,h2h3 g8h8 f1e1 a5c3 d2c3 c8d7 a3a4 d8e8 a4a5 a7a6,Mate
r3kbnr/pp2p1p1/2p2p1p/3pNq2/Q1PP3B/2P1P3/P4PPP/R3K2R w KQkq -,e5f3 f5d7 a1b1 d5c4 a4c4 e7e6 e3e4 b7b5 c4e2 f8d6,120
r1bqkb1r/p2npppp/2p5/2ppP3/3P4/2N2N2/PPP2PPP/R1BQK2R w KQkq -,e5e6 f7e6 c1f4 g7g6 f3g5 d7f6 d4c5 e6e5 f4e5 f8h6,60
4r1k1/p1p2ppp/5n2/1pb3q1/4P3/1P1Q1Pp1/PN4KP/4RR2 w - -,h2g3 c7c6 f3f4 g5g4 d3f3 g4c8 b2d3 c5d4 d3f2 c8e6,167
r1br1k2/pp2pB2/6pb/7p/4P2P/2Q2P2/P5P1/1R3K1R w - -,c3h8 f8f7 h8h6 b7b6 f1f2 c8e6 h6h7 f7f8 h7g6 e6c4,731
r1bnk2r/ppp2ppp/3b4/1P1p4/3P1p1N/P3P3/2P5/RNKQBq1n w kq -,e3e4 d5e4 b1d2 f1g1 d2e4 g1e3 e4d2 e3d4 c1b1 d6e5,-891
1k1r4/8/P4pp1/1K5p/5P1P/R5P1/8/8 w - -,b5c6 b8a7 a3e3 g6g5 h4g5 f6g5 f4g5 d8d4 e3e7 a7a6,514
3k4/Nb5p/5b2/2B3p1/5p2/8/n3B1PP/6K1 w - -,c5b6 d8e7 b6c5 e7e6 a7b5 f6e5 e2g4 e6f6 b5d4 a2c1,-13
3r1rk1/1ppq2p1/p1n1b2p/3npp2/4N3/3PPNPP/PPP3BK/3RQR2 w - -,a2a3 d7e7 e4d2 f5f4 d2c4 g7g5 c2c3 d8e8 e3e4 f4g3,-52
8/8/8/8/7R/8/k5K1/7Q w - -,a2a3 d7e7 e4d2 f5f4 d2c4 g7g5 c2c3 d8e8 e3e4 f4g3,Mate
r3kb1r/1p2nppp/p1n1pq2/2Pp1b2/BP1N4/8/P1P2PPP/RNBQR1K1 w kq -,b1c3 e8a8 c1e3 c6d4 e3d4 f6g6 b4b5 a6b5 a4b5 f5c2,350
8/1K6/8/8/8/2kB4/8/4N3 w - -,d3g6 c3d4 b7c6 d4c4 e1c2 c4c3 c6c5 c3b3 c5d4 b3b2,201
r5kB/pp2r2p/8/n2q4/8/3B4/P5PP/Q4RK1 w - -,f1f3 a8c8 h8c3 a5c6 f3g3 g8f8 c3b4 f8e8 b4e7 c6e7,142
3R1r1k/7r/7Q/p3p3/4P2p/6qP/P1P3P1/6RK w - -,a1c3 d5c6 f1f3 c6c3 h8c3 b7b6 f3g3 g8f7 d3h7 a5c6,Mate
r1b2rk1/pp2npbp/1q2p1p1/3p4/3pPP2/1B1P4/PPP1N1PP/R1B1QRK1 w - -,,0
r1b1k1nr/1pqp1pbp/p1n1p1p1/2p3N1/2B1P3/P2P4/1PPN1PPP/R1BQK2R w KQkq -,e1h1 g8e7 c4a2 h7h6 g5f3 e8h8 f1e1 d7d5 c2c3 f8d8,-52
4r1k1/5pbp/4p3/R2p1p2/8/4r2P/P5PB/5K2 w - -,g2g4 f5g4 h3g4 e3c3 f1g2 c3c2 g2h3 e6e5 h2g3 e5e4,-660
rn2kb1r/ppp1qppp/3p1n2/8/3P2b1/5NP1/PPP2P1P/RNBQKB1R w KQkq -,c1e3 f6d5 d1e2 d5e3 f2e3 g7g6 h2h3 g4e6 c2c4 b8d7,-54
8/8/8/8/8/1k6/6KR/7Q w - -,c1e3 f6d5 d1e2 d5e3 f2e3 g7g6 h2h3 g4e6 c2c4 b8d7,Mate
8/8/8/8/4k3/6K1/7R/6r1 w - -,,0
r1br3Q/pp2pk2/6pb/7p/4P2P/5P2/P5P1/1R3K1R w - -,h8h6 d8g8 f1f2 g8g7 h6f4 f7g8 f4e5 g8f7 f2g3 f7g8,772
r3kbnr/pp2p1p1/2p2p1p/3p4/Q1PP3B/2PqPN2/P4PPP/R3K2R w KQkq -,f3d2 d3c3 a1b1 d5c4 b1b7 c3c1 e1e2 c1h1 a4c6 e8f7,198
5Rqk/7r/7Q/p3p3/4P2p/7P/P1P3P1/6RK w - -,a1d1 d3c4 a4c2 e7e6 f3d2 c4a6 c2g6 e8e7 g2g4 b7b6,Mate
r2qk2r/ppp2pp1/2np1n1p/4p3/2P1P3/P2PB1P1/1P1K1PBP/R2b2NR w kq -,g2f3 d1a4 b2b3 a4b3 g1e2 c6a5 e2c3 f6d7 h1b1 d7c5,-770
3r1rk1/2pq1pp1/ppn1b2p/3np3/4N3/3PPNPP/PPP3BK/3RQR2 w - -,f3h4 f7f5 e4c3 c6e7 e3e4 d5c3 e1c3 f5f4 g3f4 e5f4,32
7k/8/p4n2/2pP1r2/2P1p2P/8/P2N1p2/2K2R2 w - -,a2a3 e4e3 c1d1 e3d2 d1d2 f6g4 d2d3 g4h2 f1b1 f2f1q,-575
rnb1kb1r/p3p2p/3p1pp1/qp1B4/3PP1n1/2P1B3/PP2NPPP/R2QK2R w KQkq -,e3d2 f8h6 d5a8 e7e6 h2h3 h6d2 d1d2 g4f2 e1f2 e8h8,481
k2r4/P7/5pp1/1K5p/5P1P/R5P1/8/8 w - -,b5c6 g6g5 a3b3 d8d1 h4g5 f6g5 f4g5 a8a7 b3a3 a7b8,523
8/5pk1/1r3p2/1pR1p2p/1P2P2P/5KP1/4P3/8 w - -,e2e3 g7h7 g3g4 h7g6 c5c8 g6h6 c8c7 h6g6 c7c5 g6h6,15
r1bqkb1r/ppp1pppp/2np4/4P3/2QP4/8/PPP2PPP/RNB1K1NR w KQkq -,e5d6 d8d6 g1f3 c8e6 c4d3 e8a8 c1e3 g7g6 b1c3 f8g7,-86
r1bQ4/p3pk2/1p4pb/7p/4P2P/5P2/P5P1/1R3K1R w - -,d8d5 c8e6 d5a8 h6g7 b1d1 e6a2 a8a7 a2b3 d1d7 g7f6,918
2r5/3k1ppp/2n5/1BPp1N2/Pr6/1pn1B3/1R3PPP/5RK1 w - -,e3d2 c3a4 d2b4 a4b2 f5d4 b2c4 d4b3 c4e5 b4c3 c8b8,487
8/1b5p/3N1b2/2k3p1/5pB1/8/n5PP/6K1 w - -,d6b7 c5d5 g4f3 d5e5 b7a5 e5d4 g1f1 a2c1 f1f2 h7h6,-6
2rq1r1k/pp1bbppp/2n1pn2/6B1/2BP4/2P2N2/PP1NQPPP/R3K2R w KQ -,e1h1 f6d5 c4d5 e6d5 g5e7 d8e7 e2e7 c6e7 f1e1 c8e8,169
4r2k/pp1r1p2/1np1pb2/6p1/2PP4/P3BBPP/1P6/2RR2K1 w - -,g1f2 e8d8 b2b3 h8h7 f2e2 h7h6 h3h4 h6g7 c4c5 b6c8,5
r3kbnr/pp2p1p1/2p2p1p/3p4/Q1PP3B/2q1P3/P2N1PPP/R3K2R w KQkq -,a1b1 a8d8 b1b7 c3c1 a4d1 c1d1 e1d1 d8d7 b7b8 e8f7,176
r5k1/1q2b1pp/p2p1r2/1pnPp3/8/P3BP2/1PPQB2P/3R2RK w - -,g1g3 a8f8 d1g1 g7g6 b2b4 c5a4 e2d3 a4b2 e3h6 b2d3,86
8/8/8/8/8/2k5/5K1R/7Q w - -,d1f1 a8c8 b2b4 c5d7 e2d3 g7g6 d3e4 f6f7 e3h6 d7f8,Mate
r3k2r/pp1qb1pp/2nppn2/2p5/4P1P1/2N1B2P/PPP1NP2/R2QK2R w KQkq -,e2g3 e8h8 g4g5 f6e8 f2f4 a8d8 d1g4 d6d5 e4d5 e6d5,-13
4r3/p1pk3p/6p1/8/8/4B1n1/P2N1PPP/3R1qKR w - -,d2f1 d7c8 h2g3 h7h5 e3a7 e8e4 a7e3 e4a4 d1a1 a4e4,982
r1bqkb1r/1p2pp1p/p5p1/2P5/5P2/2n2N2/PPP3PP/R1BQK2R w KQkq -,d1d4 d8d4 f3d4 c3a4 c5c6 f8g7 c1e3 b7c6 e1h1 a4b2,-514
8/1N5p/5b2/3k2p1/5pB1/8/n5PP/6K1 w - -,g4f3 d5e5 h2h3 a2c3 g1f1 f6e7 b7a5 e7c5 a5b3 c5b4,-6
8/8/8/8/4k3/6K1/6R1/r7 w - -,,0
3r1rk1/2pq2p1/ppn1b2p/3npp2/4N2N/3PP1PP/PPP3BK/3RQR2 w - -,e1e2 d5e7 e4f2 g7g5 h4f3 e7g6 c2c4 f5f4 b2b3 d7g7,-65
6k1/7r/7Q/p3p3/4P2p/7P/P1P3P1/6RK w - -,e1e2 d5e7 e4f2 g7g5 h4f3 e7g6 c2c4 f5f4 b2b3 d7g7,Mate
r1bnk2r/ppp2ppp/3bq3/1P1p3Q/3P4/P3p1n1/2P3N1/RNK1BB2 w kq -,h5f3 e3e2 e1g3 e2f1q f3f1 d6g3 b1c3 e6f5 f1e2 d8e6,-799
7k/8/p7/2pP1r2/P1P1n2P/1N2p3/5p2/2K2R2 w - -,c1d1 e4g3 f1f2 e3f2 b3d2 f5f4 h4h5 f4d4 d1c2 d4d2,Mate
8/1N5p/5b2/4k1p1/5p2/5B2/n5PP/6K1 w - -,h2h3 a2c3 g1f1 f6e7 b7a5 c3b5 a5c6 e5f6 f1e2 b5c3,-4
2krn2r/pp1qb1pp/2npp3/2p3P1/4PN2/2N1B2P/PPP2P2/R2QK2R w KQ -,d1h5 e8c7 e1a1 d7e8 h3h4 c6e5 h5e2 h8f8 e2f1 c8b8,12
r1b2rk1/pp2ppbp/1n3np1/3p4/5B2/1NP1PN2/PP2BPPP/R3K2R w KQ -,f4e5 f6e4 e5g7 g8g7 f3d2 e4d6 b3c5 a7a5 e1h1 a5a4,-50
8/6p1/5p2/2p2k1P/4Nb2/1P3K1P/8/8 w - -,e4c5 f4d2 h3h4 f5e5 c5d3 e5d4 d3b2 d2c1 b2c4 f6f5,19
r1q2rk1/pp3ppp/n1p2n2/3pN3/1P1P4/P1N3P1/4PPbP/1R1Q1RK1 w - -,g1g2 a6b8 b4b5 f8e8 b1c1 h7h5 h2h4 b8d7 e5d7 c8d7,35
3R4/p3p1k1/1pQ3p1/4b2p/4P2P/5P2/b4KP1/3R4 w - -,g1g2 a6b8 b4b5 f8e8 b1c1 h7h5 h2h4 b8d7 e5d7 c8d7,Mate
2krn2r/pp1qb1pp/3pp3/2p3P1/3nPNQ1/2N1B2P/PPP2P2/R3K2R w KQ -,e1a1 e8c7 f4d3 h7h6 e4e5 h6h5 g4g2 h8f8 f2f4 d7c6,67
2R5/1r3pk1/5p2/1p2p2p/1P2P2P/5KP1/4P3/8 w - -,c8c6 b7b8 c6a6 b8b7 a6d6 b7b8 d6c6 b8b7 e2e3 b7b8,7
r2q1rk1/pp1nbppp/2p1pn2/3p4/3PbBP1/P1N2N1P/1PPQPP2/2KR1B1R w - -,h1g1 e4f3 e2f3 b7b5 c3a2 a7a5 c1b1 d7b6 g4g5 f6d7,-137
7k/8/p7/2pP1r2/P1P4P/1Nn5/4pp2/2K2R2 w - -,h1g1 e4f3 e2f3 b7b5 c3a2 a7a5 c1b1 d7b6 g4g5 f6d7,Mate
8/1N5p/5b2/4k1p1/5p2/2n2B2/5KPP/8 w - -,b7a5 e5f5 h2h3 f6d4 f2f1 c3e4 f1e2 d4e5 a5b3 e4g3,-6
k2r4/P7/5p2/2K3pp/5P1P/R5P1/8/8 w - -,a3a6 d8d1 f4g5 f6g5 h4g5 d1d3 a6h6 d3g3 h6h5 a8a7,518
r3k2r/1bq2ppp/p2bpn2/1p6/1P2n3/P1N1PN2/B3QPPP/R1BR2K1 w kq -,c3b1 f6g4 d1d6 c7d6 b1d2 a8c8 a2b3 g4f2 c1b2 e8h8,-362
r1bnk2r/ppp2ppp/3bq3/1P1p3n/3P4/P3p3/2P1B1N1/RNK1B3 w kq -,e1b4 h5f6 c1b2 d6b4 a3b4 e8h8 a1a3 e6e4 g2e1 e4d4,-1376
4r1k1/5p1p/3Bp3/R2p1p2/8/2b4P/P5P1/4K3 w - -,e1e2 c3a5 a2a3 e6e5 d6c5 d5d4 g2g4 f5g4 h3g4 e8c8,-720
8/1K6/B7/8/8/8/3k4/4N3 w - -,e1g2 d2c1 a6d3 c1d2 d3g6 d2c3 b7b6 c3b2 b6c5 b2a1,196
4r3/p1p4p/4k1p1/8/8/4B1n1/P4PPP/3R1NKR w - -,h2g3 h7h5 g3g4 e8h8 e3a7 h8a8 a7e3 h5g4 h1h7 a8a2,1030
r5k1/2q1bppp/2np4/4p1B1/1p1PP1n1/5N2/1P3PPP/1B1QR1K1 w - -,g5e7 c7e7 h2h3 g4f6 d1d2 c6d4 f3d4 e5d4 d2d4 b4b3,26
rnbqk2r/1p1p1pp1/2p2n1p/p1b1p3/2B1P3/2NP3P/PPP1NPP1/R1BQK2R w KQkq -,f2f4 f6h5 a2a4 d7d6 g2g3 e8h8 f4f5 d6d5 c4b3 h5f6,-79
3R4/p3pbk1/2Q3p1/1p5p/4PP1P/8/1R3KP1/8 w - -,f2f4 f6h5 a2a4 d7d6 g2g3 e8h8 f4f5 d6d5 c4b3 h5f6,Mate
8/1k5p/pP1b1p2/2p2p2/P1P5/1K2BP1P/8/8 w - -,a4a5 f5f4 e3d2 b7c8 d2c3 f6f5 b3c2 c8b7 c2d3 h7h5,3
3r2k1/p4ppp/8/8/2B3b1/3NP1P1/P2Q3P/q3K1R1 w - -,d2c1 a1c1 d3c1 d8c8 c4f7 g8f7 g1f1 f7g6 c1d3 g4f5,22
7k/8/p7/2pP2r1/P1P4P/1Nn5/4pp2/2K4R w - -,h4g5 h8g7 c1d2 f2f1q h1f1 e2f1q d2c3 f1f3 c3c2 g7g6,Mate
3Q4/8/2k5/8/4N3/3K4/8/8 w - -,h4g5 h8g7 c1d2 f2f1q h1f1 e2f1q d2c3 f1f3 c3c2 g7g6,Mate
4r1k1/pp2bpp1/1q2pn1p/4N3/3PnPP1/5N1R/PP5P/R1r1Q1K1 w - -,b2b3 c1e1 a1e1 e7b4 e1e2 b6a6 e5c4 f6d5 h3g3 e4c3,-709
4r3/p1p4p/5kp1/8/8/4B1N1/P4PPP/3R2KR w - -,h2h4 c7c6 g1h2 e8e3 f2e3 f6e5 d1d7 h7h6 d7a7 c6c5,1098
8/1K6/B7/8/8/2kN4/8/8 w - -,b7c6 c3d4 c6b6 d4e3 b6c5 e3e2 c5c4 e2d2 c4b3 d2e2,199
3r1rk1/2pq2p1/ppn1b2p/3np3/5p1N/2NPP1PP/PPP3BK/3RQR2 w - -,h4g6 d5e3 g2c6 e3f1 e1f1 f4g3 h2g3 d7d6 f1e2 e5e4,-136
8/1k5p/pP1b1p2/P1p5/2P2p2/1K2BP1P/8/8 w - -,,0
3Q4/1k6/8/8/2K1N3/8/8/8 w - -,e3c1 f6f5 c1b2 h7h5 b3c2 b7c8 c2d2 c8b8 d2d3 b8c8,Mate
2kr3r/ppnqb1pp/3p2P1/2p1p3/3nPNQ1/2N1B2P/PPP2P2/2KR3R w - -,f4d5 e7f6 d5c7 c8c7 c3d5 c7c8 c2c3 d4e6 h3h4 d8f8,69
r1bqkb1r/3p1ppp/pp2pn2/2p5/P2nP3/2NP4/BPP2PPP/R1BQK1NR w KQkq -,c1f4 c8b7 g1f3 d7d5 e4d5 f6d5 a2d5 b7d5 c3d5 d8d5,-29
8/6p1/5p2/5k1P/1b2N3/1P3K1P/8/8 w - -,h3h4 f5e6 e4g3 f6f5 g3e2 e6e5 e2f4 b4d2 f4g6 e5d5,17
3r3k/pbr3pp/1p6/8/8/8/PPP2PPP/3R2K1 w - -,h5h6 g7h6 e4f2 f5e6 f2d3 b4f8 d3f4 e6f5 f4d5 f5e6,Mate
r4bnr/pR2pkp1/2Q2p1p/8/2pP3B/4P3/P2NKPPP/7q w - -,c6d5 f7g6 h4g3 h1c1 b7b1 c1a3 d5a8 c4c3 a8e4 f6f5,228
3rr1k1/2p2ppp/pn3q2/1p2n3/5P2/1NP3PP/PP3QB1/1K1R3R w - -,,0
k2r4/P7/8/2K3pp/5P2/R5P1/8/8 w - -,f4f5 g5g4 a3a4 d8f8 a4f4 h5h4 g3h4 g4g3 c5d6 g3g2,523
8/7p/pPkb1p2/P1p5/2P2p2/1K3P1P/3B4/8 w - -,b3c2 f6f5 d2c3 h7h5 c3g7 c6b7 c2d3 b7b8 g7h6 b8a8,10
2rq1rk1/pp1bbppp/2n1pn2/6B1/2BP4/2P2N2/PP1NQPPP/R4RK1 w - -,f1e1 f6d5 c4d5 e7g5 d5b3 g5d2 e2d2 c6a5 b3c2 d8c7,181
7k/8/p7/2pP4/P1P4P/2n5/4pp2/N1K3rR w - -,g5f4 f6h5 f4g3 g7g6 f1e1 c6a5 c4d3 d7c6 g3e5 c6d5,Mate
8/1K6/8/1B6/3k4/3N4/8/8 w - -,b7c6 d4c3 c6d5 c3d2 d5c4 d2e3 c4c3 e3e2 d3b4 e2d1,200
4r1k1/pp2bpp1/1q2pn1p/4N3/3PnPP1/5N1R/PPr4P/R1B1Q1K1 w - -,h3h4 e7d6 e5d3 b6b5 e1f1 g7g5 h4h6 f6g4 h6h5 g4f6,-290
3r1rk1/2pq2p1/ppn1b2p/3n4/5p1N/2NPP2P/PPP3BK/3RQR2 w - -,d3d4 f4e3 f1f8 d8f8 c3d5 e6d5 e1e3 d5g2 h4g2 c6e7,-73
3Q4/8/2kN4/8/2K5/8/8/8 w - -,d3d4 f4e3 f1f8 d8f8 c3d5 e6d5 e1e3 d5g2 h4g2 c6e7,Mate
8/7p/pPkb4/P1p2p2/2P2p2/5P1P/2KB4/8 w - -,,0
rnb1kb1r/pp1q1ppp/2p1p3/8/3P4/2P2N2/P1P1BPPP/R1BQR1K1 w kq -,e2c4 d7d6 f3g5 h7h6 d1h5 g7g6 h5h3 f8e7 a2a4 b8a6,294
b4rk1/5pp1/2nqpn2/prNp3p/3P4/1P1NP1P1/5PBP/R2Q1RK1 w - -,f2f4 c6b4 d3b4 a5b4 g2f3 g7g6 d1e2 a8c6 f1c1 b5b8,45
2rr2k1/1p2qp1p/p1p3p1/3p4/PP1b4/1QRNP3/5PPP/2R3K1 w - -,e3d4 e7h4 b4b5 a6b5 a4b5 h4d4 b5c6 c8c6 c3c6 b7c6,353
1rbr2k1/2q3bp/2p3p1/p3pp2/1P6/P1P3B1/4BPPP/R1Q1R1K1 w - -,e2c4 g8h8 f2f3 d8e8 c1e3 c8e6 e3c5 e6c4 c5c4 a5b4,39
3r3k/pp3p2/1np1p2P/8/2Pr4/P2B2PP/1P6/2RR2K1 w - -,c4c5 d4d3 d1d3 d8d3 c5b6 a7b6 c1f1 f7f5 g3g4 d3h3,-11
1rbr3k/2q3bp/2p3p1/p3pp2/1PB5/P1P3B1/5PPP/R1Q1R1K1 w - -,f2f3 d8e8 c1c2 c8e6 c4e6 e8e6 c2b3 b8e8 a1d1 h7h5,41
2k4r/pp2b1pr/3pq1Q1/2pNp3/3nPP2/4B2P/PPP5/2KR3R w - -,g6e6 d4e6 d5e7 c8d7 e7g6 e5f4 g6f4 e6f4 e3f4 h7h3,470
1r2r1k1/p2b1pp1/2p3qp/PpP5/3PpQ2/4P3/1R2B1P1/3R1K2 w - -,f1g1 d7e6 d1f1 b8d8 f1f2 a7a6 f4c7 e6d5 c7f4 g6g5,-257
3r1rk1/2pq2p1/ppn4p/3b4/5p1N/2NPP2P/PPP4K/3RQR2 w - -,a2a3 f4e3 e1e3 c6d4 e3g3 d5c6 c3e4 d8e8 f1f8 e8f8,-135
2rr2k1/1p3p1p/p1p3p1/3p4/PP1P4/1QRN4/4qPPP/2R3K1 w - -,d3e5 e2d2 e5f3 d2h6 g2g3 c8a8 g1g2 d8e8 b4b5 a6b5,425
1r6/5p2/2R2pk1/1p2p3/1P2P1KP/8/4P3/8 w - -,c6c5 g6g7 c5c3 b8h8 c3c1 h8d8 g4f5 d8d4 c1b1 d4c4,5
8/6p1/5p2/5k1P/4N2P/1P3K2/8/4b3 w - -,e4g3 f5e6 f3f4 e6f7 g3f5 f7g8 f4f3 g8h7 f3e4 e1b4,27
r3kb1r/1p2nppp/p1n1pq2/2Pp4/BP1N4/2N5/P1b2PPP/R1BQR1K1 w kq -,d4c2 f6c3 a1b1 c3f6 c1b2 f6g5 c2d4 a8c8 b2c1 g5f6,411
rn1qk2r/pp2ppbp/2ppbnp1/8/2P5/2N1PNP1/PP1P1PBP/R1BQK2R w KQkq -,d1e2 a7a6 e1h1 e8h8 a2a4 d8a5 d2d3 a5h5 f3d4 e6g4,42
k2r4/P7/8/2K2P1p/6p1/R5P1/8/8 w - -,a3a4 d8f8 a4f4 h5h4 g3h4 g4g3 c5d6 g3g2 f4g4 f8f5,519
1rb1r2k/2q3bp/2p3p1/p3pp2/1PB5/P1P2PB1/6PP/R1Q1R1K1 w - -,c1c2 c8e6 c4e6 e8e6 a3a4 h7h5 a1b1 h8h7 g1h1 b8e8,34
rn1q1rk1/pp3ppp/2pp4/b3p2b/4P3/1BP2N1P/PP1P1PP1/R1BQ1RK1 w - -,g2g4 h5g6 d2d3 b8a6 h3h4 d8d7 f3h2 h7h6 h4h5 g6h7,47
r1bqnrk1/pp3ppp/3p2n1/2pP4/2P1Pp2/P1P5/2Q1B1PP/R1B1NRK1 w - -,e1d3 e8f6 d3f4 d8e7 h2h3 g6e5 a3a4 f8e8 a4a5 c8d7,-40
r1k2b1r/1p2pp1p/2p3p1/p2bP3/P4B1P/8/1PP2PP1/2KR1B1R w - -,h4h5 h7h6 h5g6 f7g6 f1d3 d5g2 h1g1 g2f3 d1d2 g6g5,102
7k/pp3p2/2p1p2P/8/2n5/P5PP/1P6/3B2K1 w - -,d1e2 c4b2 g3g4 b2a4 g4g5 a4c3 e2h5 c3e4 h3h4 e4d6,-42
3r2k1/2pq2p1/ppn2rNp/3b4/5p2/2NPP2P/PPP4K/3RQR2 w - -,c3e2 f6g6 e2f4 g6g5 e3e4 d5f7 d3d4 f7c4 f1f2 c6d4,-410
r3kbnr/pp2p1p1/2p4p/3Ppq2/Q2P3B/2P1P3/P4PPP/R3K2R w KQkq -,a1d1 f5d7 a4c2 e5e4 d5c6 d7c6 d4d5 c6a6 c2e4 e8f7,-156
7k/pp6/2p1p2P/5p1B/2n5/P5PP/1P6/6K1 w - -,g3g4 f5g4 h3g4 h8h7 g4g5 c4d6 h5e2 h7g6 e2d3 g6g5,3
8/8/8/8/2K5/8/3k4/q7 w - -,g1f2 c4b2 h5f7 h8h7 f7e6 h7h6 f2e3 h6g5 e6b3 c6c5,Mate
4r1k1/pp2bpp1/1q2pn1p/4N1P1/3P1P2/5N1R/PPr2n1P/R1B1Q1K1 w - -,e1f2 c2f2 g1f2 f6e4 f2g1 f7f6 g5h6 g7h6 e5g4 f6f5,-334
r1bqkbnr/1p3p1p/p1n1p1p1/2pp2N1/2B1P3/P2P4/1PP2PPP/RNBQK2R w KQkq -,c4a2 h7h6 g5h3 g8f6 b1d2 d5e4 d2e4 f6e4 d3e4 d8d1,-70
k4r2/P7/8/2K2P1p/R5p1/6P1/8/8 w - -,a4f4 h5h4 g3h4 g4g3 c5d6 g3g2 f4g4 f8f5 g4g2 a8a7,519
r2q1rk1/pp1n1ppp/2pp4/b3p2b/3PP3/1BP2N1P/PP3PP1/R1BQ1RK1 w - -,g2g4 h5g6 d4e5 d6e5 d1e2 a5b6 f1d1 d8c7 c1e3 d7f6,21
r1k2b1r/1p2ppp1/2p4p/p2bP3/P4B1P/8/1PP2PP1/2KR1B1R w - -,h4h5 g7g5 h5g6 f7g6 f1d3 d5g2 h1g1 g2f3 d1d2 g6g5,103
r3kbnr/p3p1p1/1pP4p/4pq2/Q2P3B/2P1P3/P4PPP/R3K2R w KQkq -,a1d1 e8f7 d4d5 g8f6 f2f3 f7g8 e1h1 f6e8 a4a6 e8d6,103
8/6p1/5p2/4k2P/7P/1P3KN1/8/4b3 w - -,f3g4 e5e6 g3f5 e6f7 f5d4 e1f2 d4e2 f2e1 g4f5 e1h4,28
2k1r2r/p1pb1ppp/1qp5/2bpPP2/3Nn3/1PP1B3/P5PP/RN1Q1RK1 w - -,b3b4 c5f8 f1e1 c6c5 d4f3 b6c6 b1d2 e4c3 d1b3 c5b4,-10
k4r2/P7/8/2K2P2/5Rpp/6P1/8/8 w - -,g3h4 g4g3 c5d6 g3g2 f4g4 f8f5 g4g2 a8a7 d6e6 f5h5,519
8/pp5k/2p1B2P/5p2/8/P5PP/1n6/6K1 w - -,e6f5 h7h6 f5e6 c6c5 g1f2 b7b5 f2e3 a7a5 h3h4 b5b4,6
4r1k1/pp2bpp1/1q2p2p/4N1P1/3PnP2/5NR1/PPr2n1P/R1B1Q1K1 w - -,e1f1 e4g3 h2g3 f2e4 g5h6 g7h6 c1e3 b6b2 a1e1 e7f6,-378
8/8/8/8/7R/6KQ/k7/8 w - -,e1f1 e4g3 h2g3 f2e4 g5h6 g7h6 c1e3 b6b2 a1e1 e7f6,Mate
8/pp6/2p4k/5B2/8/P5PP/1n6/6K1 w - -,f5e6 b7b5 g1f2 a7a5 f2e3 c6c5 h3h4 b5b4 a3b4 c5b4,11
rn1q1rk1/pp2ppbp/2ppbnp1/8/2P5/2N1PNP1/PP1PQPBP/R1B1K2R w KQ -,e1h1 e6f5 h2h3 f6e4 c3e4 f5e4 d2d3 e4f3 e2f3 e7e5,35
7k/pp3B2/2p1p2P/5p2/8/P5PP/1n6/6K1 w - -,g3g4 b2d3 g4g5 d3f4 g5g6 f4g6 f7g6 b7b5 g6f7 e6e5,65
r1b1r1k1/4nppp/8/1N6/8/7Q/4BPPP/5RK1 w - -,h3f3 a8b8 e2c4 e8f8 b5d6 b8b6 c4f7 g8h8 d6c8 e7c8,514
r1kr4/2p3p1/1p2p2p/2p1P3/2P2PPb/1P5P/1B1R4/5RK1 w - -,d2d8 c8d8 f1a1 a8a1 b2a1 g7g6 a1c3 h6h5 g1f1 h5g4,31
2r3k1/p4ppp/8/8/2B3b1/4P1P1/P6P/2N1K1R1 w - -,c4f7 g8f7 g1f1 f7g6 c1d3 g4f5 d3f4 g6h6 f4e2 f5d3,15
r1bq1rk1/pp1n1ppp/3p2n1/2pP4/2P1PN2/P1P5/2Q1B1PP/R1B2RK1 w - -,f4g6 h7g6 c1f4 d8e7 c2d2 f8e8 d2e3 d7f6 e4e5 c8f5,-7
4r1k1/2r2p2/1p2nR2/p2pPRp1/1q1P2Pp/4QN2/PP5P/6K1 w - -,g1g2 b4b2 g2h3 b2c3 f5g5 g8f8 e3c3 c7c3 h3h4 e6g5,16
r2qk2r/ppp1bp1p/5p2/8/4QP2/2N5/PP3P1P/R3K2R w KQkq -,a1d1 d8d1 e1d1 e8a8 d1e2 e7b4 e4b4 h8e8 e2f1 d8d3,494
r2k4/2p3p1/1p2p2p/2p1P3/2P2PPb/1P5P/1B6/5RK1 w - -,f1a1 a8b8 g1g2 d8e7 g2f3 b8d8 f3e3 h4f2 e3f2 d8d2,24
4r1k1/pp2bpp1/1q2p2p/4N1P1/3PnP2/5N1n/PPr3RP/R1B1Q1K1 w - -,g1f1 b6a6 g2e2 e8c8 a2a3 h6g5 f4g5 e4g5 c1d2 g5f3,-488
6k1/5pp1/7p/P1p1N3/5P2/1P2P1P1/1Q5P/2n2K1q w - -,f1f2 h1h2 f2f3 h2b2 b3b4 b2e2 f3e4 e2g2 e5f3 c5b4,-1003
8/6p1/5p2/4k2P/1b4KP/1P4N1/8/8 w - -,g3f5 e5e6 f5g7 e6f7 g7f5 b4c3 g4f4 c3d2 f4e4 d2b4,522
r5k1/2q1bppp/3p1n2/4pPB1/1p1n4/5N2/1P3PPP/1B1QR1K1 w - -,f3d4 e5d4 d1d4 d6d5 g2g3 h7h6 g5f6 e7f6 d4d5 c7d8,18
r2q1rk1/pp2bpp1/2bppn1p/8/3QP2B/2N2N2/PPP2PPP/2KRR3 w - -,,0
rn1qkbnr/p1p2ppp/1pb1p3/3p4/Q1PP4/6P1/PP2PPBP/RNB1K1NR w KQkq -,a4c2 f8b4 c1d2 b4d2 b1d2 d5c4 g1f3 b6b5 e1h1 g8f6,28
2r5/p4kpp/8/8/6b1/4P1P1/P6P/2N1K1R1 w - -,g1f1 f7g6 c1d3 g4f5 d3f4 g6h6 f4e2 f5d3 f1f2 c8c2,16
r2r2k1/ppb2ppp/2p2n2/4p1Bb/4P3/1BP2N1P/PP3PP1/R4RK1 w - -,f3h4 g8f8 f1e1 c7b6 g1f1 h7h6 g5f6 g7f6 f2f3 a7a5,43
rnb1kb1r/ppp2ppp/5n2/4q3/4p3/P1N5/1PPP1PPP/R1BQKBNR w KQkq -,d2d4 e4d3 c1e3 d3c2 d1c2 f6g4 g1f3 g4e3 c2a4 c8d7,-43
r5k1/2q1bppp/3p1n2/5PB1/1p1p4/8/1P3PPP/1B1QR1K1 w - -,d1d4 d6d5 g2g3 h7h6 g5e3 b4b3 b1d3 c7a5 e1d1 f6e4,21
2r1r1k1/pp1nbpp1/1q2p2p/8/3PnP2/5N1R/PP4PP/R1B1Q1K1 w - -,f3e5 d7e5 e1e4 e5c6 c1e3 e7f6 g2g4 f6d4 e3d4 c6d4,-540
rnk2b1r/pppp1ppp/5n2/8/8/8/PPPPQPPP/RNB1KB1R w KQ -,d2d4 b8c6 c2c3 d7d5 g2g3 a7a5 f1g2 c8b8 c1e3 f8d6,789
8/6k1/p7/2pPr2n/2P4P/5K2/P4p2/4qN1R w - -,d2d4 b8c6 c2c3 d7d5 g2g3 a7a5 f1g2 c8b8 c1e3 f8d6,Mate
r4r2/1pp2kp1/p4n1p/4b3/1P6/2NP4/1P2NPPP/2KR3R w - -,c3e4 f7g8 f2f3 f6d5 d3d4 e5f6 e2c3 d5b4 e4f6 f8f6,-16
r3kbnr/pp1qp1p1/2N2p1p/3p4/Q1PP3B/2P1P3/P4PPP/R3K2R w KQkq -,e1h1 e7e6 c4d5 e6d5 e3e4 d7c6 a4d1 d5e4 d1h5 e8d8,-192
4r1k1/pp2bpp1/1q2p2p/4N1P1/3P1P2/5N1n/PPr2nRP/R1B1Q2K w - -,e1f2 h3f2 g2f2 c2f2 h1g1 f2f3 e5f3 h6g5 f4g5 b6c6,-703
8/8/p4k2/2pPr2n/2P4P/8/P4pK1/4qN1R w - -,e1f2 h3f2 g2f2 c2f2 h1g1 f2f3 e5f3 h6g5 f4g5 b6c6,Mate
rn1qk2r/pb3ppp/2p1pn2/1p6/PbpPP3/2N2N2/1PQB1PPP/R3KB1R w KQkq -,h2h4 a7a6 e4e5 f6d5 f1e2 c6c5 a4b5 a6b5 a1a8 b4c3,-45
r1b2rk1/pp2npbp/1q2p1p1/8/3pPP2/1B6/PPP1N1PP/R1B1QRK1 w - -,f1f3 a7a5 a2a4 c8d7 e2g3 d7c6 f3d3 b6c5 e4e5 b7b5,-36
rn1qkbnr/p1p2ppp/1pb1p3/8/2pP4/6P1/PPQ1PPBP/RNB1K1NR w KQkq -,g1f3 f8b4 c1d2 b4d2 b1d2 b6b5 e2e4 g8f6 e1h1 e8h8,42
r1b1kbnr/ppq2ppp/2n5/1B1p4/3Pp3/2P2N2/PP1N1PPP/R1BQK2R w KQkq -,f3e5 f8d6 c3c4 c8e6 e1h1 g8f6 f2f4 e4f3 d2f3 e8h8,-43
r7/2p1k1p1/1p2p2p/2p1P3/2P2PPb/1P5P/1B6/3R2K1 w - -,g1h2 a8a2 d1d2 h4e1 d2c2 e1b4 c2g2 a2a8 f4f5 e7f7,-20
r5k1/pp1q1pp1/4p2p/2b4P/4Q3/8/PPP2PP1/1KB4R w - -,,0
r4rk1/2pb1p1p/1qp2Pp1/p1bpP3/3Nn3/1PP1B3/P5PP/RN1Q1RK1 w - -,a2a3 f8e8 b3b4 c5f8 d1c1 a5b4 c3b4 f8h6 b1c3 e8e5,-111
r4r2/1pp2kp1/p2b1n1p/8/1P1P4/2N5/1P2NPPP/2KR3R w - -,h1f1 f7g8 f2f3 d6b4 f1e1 f8f7 c1c2 a6a5 g2g3 f7d7,-39
r4rk1/pp3ppp/P1pn4/3pN1n1/NP1P4/5PPq/4P1KP/1R1Q1R2 w - -,g2g1 b7a6 b1b3 a8e8 a4c5 f7f6 e5d3 h3c8 d3f4 g5h3,-38
r2b2k1/2q2ppp/2np1n2/4pNB1/1p1PP1b1/5N2/1P3PPP/1B1QR1K1 w - -,h2h3 g4f5 d4e5 d6e5 e4f5 h7h6 g5f6 d8f6 b1e4 a8c8,25
2r2rk1/3q1pbp/p3p1pB/1p1p4/3P4/1PP4P/P2Q1PP1/2R1R1K1 w - -,,0
2rr2k1/1p3pbp/p1p2qp1/3p4/PP1P4/1QRNP3/5PPP/2R3K1 w - -,b4b5 a6b5 a4b5 g7f8 g2g3 c8c7 b5c6 b7c6 b3b6 d8c8,97
rn1qk1nr/p1p2ppp/1pb1p3/8/1bpP4/5NP1/PPQ1PPBP/RNB1K2R w KQkq -,c1d2 b4d2 b1d2 b6b5 e2e4 g8f6 e1h1 e8h8 f1e1 c6e8,34
r1k2b1r/1p2pp1p/2p1bn2/p3P1p1/P4B2/2N5/1PP2PPP/2KR1B1R w - -,f4g5 f6g4 c3e4 e6d5 h2h3 g4e5 e4c3 d5e6 f1e2 h7h5,79
2r2r2/3q1pkp/p3p1p1/1p1p4/3P4/1PP4P/P2Q1PP1/2R1R1K1 w - -,e1e3 c8c6 e3f3 f8c8 a2a3 d7e7 b3b4 e7c7 d2g5 e6e5,-25
2r1r1k1/pp2bpp1/1q2pn1p/8/3PQP2/5N1R/PP4PP/R1B3K1 w - -,e4e1 c8c2 e1d1 e8c8 f3e1 c2c4 h3d3 f6d5 b2b3 c4c3,-274
2r2r2/5pkp/p2qp1p1/1p1p4/3P4/1PP1Q2P/P4PP1/2R1R1K1 w - -,h3h4 h7h6 h4h5 g6g5 g2g3 c8c7 c1c2 f8c8 e1c1 d6e7,-29
8/R7/5pp1/4rk1p/7P/4p1P1/5PK1/8 w - -,f2e3 e5e3 a7a8 g6g5 h4g5 f6g5 a8a5 f5f6 a5a6 e3e6,-1
r3r1k1/2pb1p1p/1qp2Pp1/p1bpP3/3Nn3/PPP1B3/6PP/RN1Q1RK1 w - -,b3b4 c5f8 d1c1 a5b4 e5e6 b4b3 d4b3 b6b3 e6d7 e8d8,-102
r1q1r1k1/p2bnppp/1p3n2/3p4/3Pp3/1QB1P1PP/PPR1NPB1/5RK1 w - -,c3b4 c8d8 f1c1 e7g6 a2a4 d7e6 c2c7 h7h5 b3a3 h5h4,43
r1br2k1/p3ppbp/2p3p1/8/1Pn2P2/1PN2R2/6PP/4Q1K1 w - -,c3e4 c4d6 f3d3 c8f5 e4d6 e7d6 d3d1 d8e8 e1f2 a7a5,-454
rnb1kb1r/5ppp/p2qpn2/1pp5/2B5/P1N2N2/1PPP1PPP/R1BQK2R w KQkq -,c4e2 c8b7 d2d4 c5d4 d1d4 d6d4 f3d4 b7g2 h1g1 g2b7,-89
8/2p1k1p1/1p2p2p/2p1P3/2P2PP1/1P5P/rB1R2K1/4b3 w - -,d2f2 e1f2 g2f2 a2b2 f2g3 b2b3 g3h2 b3b2 h2g3 b2c2,-634
k4r2/P7/8/2K2P2/5R1P/6p1/8/8 w - -,c5d6 g3g2 f4g4 f8f5 g4g2 f5h5 g2h2 a8a7 d6e7 a7b6,578
r1bqkb1r/1p3ppp/p3pn2/2pp4/P2nP3/2NP4/BPP2PPP/R1BQK1NR w KQkq -,g1h3 d5e4 c3e4 f8e7 e1h1 e8h8 f1e1 b7b5 c1e3 d8c7,-39
2rr2k1/1p3pbp/p1p1q1p1/3p4/PP1P4/1QRNP3/5PPP/2R3K1 w - -,d3c5 e6e7 b4b5 a6b5 a4b5 d8d6 b5c6 b7c6 c5d3 e7e8,89
r1k2b1r/1p2pp1p/2p1b3/p3P1B1/P5n1/2N5/1PP2PPP/2KR1B1R w - -,c3e4 e6d5 h2h3 g4e5 e4c3 d5e6 g5e3 h7h5 f2f4 f8h6,70
rnbq1rk1/pp1p1p2/1b2pn1p/4P1p1/7B/1N1B4/PPP2PPP/RN1QK2R w KQ -,e5f6 d8f6 h4g3 d7d5 b1c3 a7a5 a2a4 f6g7 d1e2 b8c6,365
1N6/4k3/Q7/8/3K4/8/8/8 w - -,e5f6 d8f6 h4g3 d7d5 b1c3 a7a5 a2a4 f6g7 d1e2 b8c6,Mate
rnb1kb1r/ppp2ppp/5n2/4q3/8/P1Np4/1PP2PPP/R1BQKBNR w KQkq -,e1d2 d3c2 d2c2 b8c6 g1f3 e5h5 f1d3 f8e7 f3g5 c6d4,-200
r2r2k1/pp3pp1/2bQpb1p/q3P3/8/2N2N2/PPP2PPP/2KRR3 w - -,d6a3 d8d1 c3d1 f6g5 c1b1 a5a3 b2a3 c6f3 g2f3 a8d8,-137
8/p5k1/1p1p2pp/2pP4/2P1b1P1/P1P4P/8/4KB2 w - -,e1f2 g7f6 f2e3 f6e5 h3h4 g6g5 h4g5 h6g5 f1e2 e4c2,-140
r1bqkb1r/ppp2ppp/8/4n2Q/2B1p3/8/PPPP1PPP/R1B1K2R w KQkq -,c4b3 f8d6 h2h3 e8h8 e1h1 d8f6 d2d4 e4d3 f2f4 e5c6,-491
8/2R5/8/4k3/8/4K3/3Q4/8 w - -,c4b3 f8d6 h2h3 e8h8 e1h1 d8f6 d2d4 e4d3 f2f4 e5c6,Mate
r1b1kb1r/ppp2ppp/2n1pq2/1P1p4/3Pn3/P3P3/2PB1PPP/RN1QKBNR w KQkq -,g1f3 c6b8 d2b4 f8e7 b4e7 f6e7 c2c4 a7a6 d1a4 c8d7,30
2r5/6k1/p1r1ppp1/3p3p/1p1P3P/1PP1R3/P3KPP1/2R5 w - -,f2f4 a6a5 e2d2 a5a4 b3a4 c6c4 e3e6 b4c3 d2d3 c4a4,-13
7k/pp1r4/1np1p3/6p1/2P5/PP3BPP/6K1/2R5 w - -,c1d1 a7a5 h3h4 h8g7 g2h3 g5h4 g3h4 g7f6 f3g4 d7d1,25
8/8/4k3/2R5/8/4K3/3Q4/8 w - -,f3e4 d7d2 g2f3 b6d7 c1c2 d2d1 c2e2 h8g7 f3g4 g7h6,Mate
2r1r1k1/1p3pp1/pb5p/3p3n/1P1PpB2/2P4P/1P2RPP1/R4NK1 w - -,f4h2 g7g5 f1e3 c8d8 e3f5 h5f4 h2f4 g5f4 f2f3 e4f3,19
2r5/6k1/p1r1pp2/3p2pp/1p1P3P/1PP1R3/P2K1PP1/2R5 w - -,,0
r2q1rk1/1pp2pp1/p1n4p/2bbp3/7N/3P2PP/PPP2PBK/R1BQ1R2 w - -,d1h5 f8e8 g2d5 d8d5 h5g4 g8h8 h4f5 c5f8 f5e3 d5c5,-42
8/2Q5/8/3K4/8/5k2/8/8 w - -,d1h5 f8e8 g2d5 d8d5 h5g4 g8h8 h4f5 c5f8 f5e3 d5c5,Mate
2r5/6k1/p1r1p3/3p2pp/1p1P4/1PP1R3/P2K1PP1/2R5 w - -,,0
5bnr/3kp1p1/2r2p1p/8/3P3B/2P1P3/P4PPP/R3K2R w KQ -,a2a4 e7e5 e1d2 f8d6 h1b1 g8e7 h4g3 d6c7 b1b5 e7f5,-116
r1b1kb1r/ppp2ppp/2n1p3/1P1p4/3Pn2q/P3PP2/2PB2PP/RN1QKBNR w KQkq -,g2g3 e4g3 h2g3 h4h1 e1f2 h1h2 f1g2 c6e7 b1c3 h7h5,-311
k4r2/P7/8/5P2/3K1R1P/8/6p1/8 w - -,f4g4 f8f5 d4e3 f5h5 e3f2 g2g1r f2g1 a8a7 g4b4 a7a6,425
4r1k1/2pb1p1p/1qp2Pp1/3pP3/1P2n3/4B3/2N3PP/1r1Q1RK1 w - -,d1b1 b6a6 b1c1 e8e5 c1a1 a6a1 f1a1 e4f6 e3d4 e5e6,-112
8/pp1r2k1/1np1p3/6p1/2P1B3/PP4PP/6K1/2R5 w - -,g2f3 d7d2 c1c2 d2d1 c2e2 b6d7 f3g4 g7h6 e4g2 d7f6,3
r3r1k1/2N1nppp/8/8/8/7b/4BPPP/5RK1 w - -,g2h3 e7g6 c7e8 a8e8 e2a6 f7f5 a6d3 g6h4 f1a1 e8d8,-20
8/5pk1/5R2/1p2pK1P/4P3/8/1r2P3/8 w - -,,0
8/8/8/4rk1p/6p1/6P1/6K1/R7 w - -,,0
k7/P7/8/5r2/3K2RP/8/6p1/8 w - -,d4e3 f5h5 e3f2 a8a7 g4b4 a7a6 f2g2 a6a5 b4e4 h5h8,487
r1k2b1r/1p2pp1p/2p5/p2bP1B1/P3N1n1/8/1PP2PPP/2KR1B1R w - -,h2h3 g4e5 e4c3 d5e6 f1e2 h7h5 h1e1 c8c7 e2h5 h8h5,67
8/2p1k1p1/1p2p2p/2p1P3/2P2PP1/1PR3KP/8/1r6 w - -,,0
r2b2k1/2q2ppp/3p1n2/n2PpNB1/1p2P1b1/5N2/1P3PPP/1B1QR1K1 w - -,h2h4 a5b7 f5e3 g4d7 f3d2 h7h6 g5f6 d8f6 g2g3 b7c5,-18
2kr1bnr/ppp2ppp/2n5/q4b2/8/2NN4/PPPBBPPP/R2QK2R w KQ -,a2a3 c6d4 e1h1 g8f6 f1e1 f8d6 c3e4 a5a4 e4d6 d8d6,-33
r1bqkb1r/pp2pp1p/3p2p1/2p1P2n/2Bn4/2N2N1P/PPPP1PP1/R1BQK2R w KQkq -,g2g4 h5f4 e5d6 d8d6 d2d3 c8d7 c3e4 d6c7 c2c3 d4e6,-31
8/8/7Q/3K4/8/8/5k2/8 w - -,g2g4 h5f4 e5d6 d8d6 d2d3 c8d7 c3e4 d6c7 c2c3 d4e6,Mate
8/4R2p/2R3p1/5B1k/4N3/8/5PP1/6K1 w - -,g2g4 h5f4 e5d6 d8d6 d2d3 c8d7 c3e4 d6c7 c2c3 d4e6,Mate
k7/P7/8/8/4K1RP/8/5rp1/8 w - -,g4g3 a8a7 g3g4 f2b2 e4f3 b2b4 g4g2 b4h4 f3g3 h4h5,1
4r1k1/2pb1p1p/1qp2Pp1/3pP3/1P1Nn3/4B3/6PP/rN1Q1RK1 w - -,d4c2 a1b1 d1b1 b6a6 f1e1 e8e5 b1a1 a6a1 e1a1 e4f6,-117
r1bqnrk1/pp3ppp/3p4/2pPp3/2P1Pn2/P1P5/2Q1B1PP/R1B1NRK1 w - -,c1f4 e5f4 f1f4 e8f6 h2h3 c8d7 e2d3 d8e7 c2d2 a8e8,-43
5bnr/3kp3/2r2p1p/6p1/3P3B/2P1P3/P2K1PPP/R6R w - -,h1b1 g5h4 a2a4 e7e5 b1b8 f8d6 b8a8 c6c8 a8c8 d7c8,-307
8/4R3/8/5k2/1Q6/4K3/8/8 w - -,h1b1 g5h4 a2a4 e7e5 b1b8 f8d6 b8a8 c6c8 a8c8 d7c8,Mate
r3r1k1/p2bnppp/qp3n2/3p4/1B1Pp3/1Q2P1PP/PPR1NPB1/5RK1 w - -,b3a3 a6a3 b4a3 g7g5 f1c1 e7g6 g2f1 h7h5 e2c3 a7a6,104
5bnr/3kp3/2r2p2/6pp/3P4/2P1P1B1/P2K1PPP/R6R w - -,g3b8 e7e5 h1b1 e5d4 c3d4 f8a3 b1b7 d7e6 e3e4 g8e7,19
r3Rr1k/pp4n1/3P1bq1/2P2bp1/1PB3P1/P4p2/1BQ2P2/4R1K1 w - -,e8a8 f8a8 g4f5 g6h5 e1e4 h5h3 c4f1 h3h6 b2f6 h6f6,641
5b2/6p1/5p2/3k1N1P/1P4KP/8/8/8 w - -,b4b5 d5e6 b5b6 f8c5 b6b7 c5a7 f5g7 e6f7 g7f5 a7b8,585
8/5R2/8/6k1/1Q6/4K3/8/8 w - -,f5e3 d5e6 b4b5 f8c5 g4f4 e6f7 e3d5 f7e6 d5c7 e6d7,Mate
r2q1rk1/1p2bppp/1np1pn2/p3Nb2/P2P4/6P1/NP2PPBP/R1BQ1RK1 w - -,a2c3 e7b4 e2e3 h7h6 d1e2 b6d7 e3e4 f5h7 c3a2 b4e7,25
8/1pr3k1/p2r2pp/R2pN3/1P1Pp1P1/2P2p1P/1P2nP1K/3R4 w - -,,0
8/8/8/8/7R/1k4K1/7Q/8 w - -,h3h4 c7e7 a5c5 e2f4 d1a1 d6f6 h2g3 g6g5 h4h5 f6e6,Mate
r1bqk2r/ppp2ppp/3b4/3pn2Q/2B1N3/8/PPPP1PPP/R1B1K2R w KQkq -,d2d4 e5c4 e4d6 c4d6 c1g5 d8d7 e1a1 e8h8 h1e1 d7c6,-415
8/1pr3k1/p2r2pp/R2pN3/1P1PpnP1/2P2p1P/1P3P1K/R7 w - -,a5c5 f4e6 c5a5 g6g5 h2g3 e6f4 a5c5 f4e2 g3h2 c7e7,-4
5bnr/3k4/2r1pp2/6pp/3P3P/2P1P1B1/P2K1PP1/R6R w - -,a1b1 g5h4 b1b7 d7e8 g3h4 c6a6 d2d3 h8h6 h1b1 h6g6,56
8/8/p7/2pP4/2b2nkP/4R3/P5K1/8 w - -,g2h1 c4d5 h1g1 g4h4 g1f2 h4g4 e3a3 g4f5 a3a4 d5b7,-220
r6r/1pp2kp1/5n1p/1p2b3/8/2NP4/1P2NPPP/R3K2R w KQ -,a1c1 h8d8 c3b5 d8d3 f2f4 e5b2 c1c7 f7g8 e1h1 d3d2,-96
r2qr1k1/1pp2pp1/p1n1b2p/2b1p2Q/7N/3P2PP/PPP2PBK/R1B2R2 w - -,c1e3 c5f8 g2e4 d8d7 h4g6 f7g6 h5g6 e6d5 g6h7 g8f7,-39
1nbq1rk1/2r1bppp/p7/1p1B4/8/P3BN2/1P3PPP/R2Q1RK1 w - -,e3b6 b8d7 b6c7 d8c7 a1c1 c7d8 b2b4 e7f6 f1e1 f6b2,325
5rk1/pp1b2pp/1qn1prn1/3p4/3P4/2N2N2/PP1QBPPP/3R1RK1 w - -,c3a4 b6c7 d2e3 g6f4 a4c3 d7e8 d1d2 a7a6 e2d1 e8h5,-41
r2b2k1/2q2ppp/3p1n2/n2Pp1Bb/1p2P3/4NN2/1P3PPP/1B1QR1K1 w - -,g5f6 d8f6 g2g4 h5g6 h2h4 h7h5 g4g5 f6e7 d1a4 c7b8,15
5b2/6p1/5p2/1Pk2N1P/6KP/8/8/8 w - -,b5b6 c5c6 f5d4 c6b6 d4e6 f8b4 e6g7 f6f5 g4f5 b4e7,863
5bnr/3k4/2r1p3/6pp/3P4/2P1P1B1/P2K1PP1/R6R w - -,h1b1 g8f6 b1b7 d7d8 g3e5 h8h6 a2a4 f6d7 a4a5 c6a6,75
4r1k1/2r2p2/1p2nR1Q/p2pPR2/3P2Pp/5N2/Pq5P/6K1 w - -,h6h4 c7c1 f3e1 b2d4 g1f1 d4d3 f1g2 d3d2 g2f1 e8c8,-3
8/1B1k4/K7/4B3/7b/8/8/8 w - -,,0
5bn1/3k3r/2r1p3/4B1pp/3P4/2P1P3/P2K1PP1/R6R w - -,f2f3 f8d6 e5d6 d7d6 a1b1 h5h4 b1b5 g5g4 b5g5 g8f6,-36
r3kb1r/pb3ppp/1pn1p3/2p5/4PB2/2P2N2/PPK2PPP/R4B1R w kq -,h2h4 h7h6 a1d1 a7a6 a2a4 c6a5 f3d2 e8a8 f1e2 f8d6,28
8/2r3k1/pr4pp/3pN3/1P1Pp1P1/R1P2p1P/4nP1K/R7 w - -,a3a6 b6a6 a1a6 c7c3 g4g5 h6g5 a6g6 g7h7 g6g5 e4e3,12
2kr2nr/p4pbp/2p3p1/4p3/3N4/5B2/PPPK1PPP/R6R w - -,f3c6 d8d4 d2e2 d4c4 c6d5 c4c2 e2d3 c2c7 h1c1 g7h6,-421
r1b2r1k/pp4n1/3P1bq1/2P3p1/1PB1R1P1/P4p2/1BQ2P2/4R1K1 w - -,e4e8 c8f5 e8a8 f8a8 g4f5 g6h5 e1e4 h5h3 c4f1 h3h6,641
r1b2rk1/p2q1ppp/1p2pn2/8/1pPP4/3Q4/PP2BPPP/RN2K2R w KQ -,d3d2 f8d8 d2b4 d7d4 b4d2 d4d2 b1d2 c8a6 a1d1 a8c8,-40
r3r1k1/2pb1p1p/1qp2Pp1/3pP3/1b1Nn3/P3B3/6PP/RN1Q1RK1 w - -,a3b4 a8a1 d4c2 a1b1 d1b1 b6a6 b1b2 h7h5 c2d4 a6d3,-104
r2qr1k1/1pp2pp1/p1n4p/2bbp2Q/7N/3P2PP/PPPB1PBK/R4R2 w - -,g2d5 d8d5 a1e1 c5f8 f2f4 g7g6 h5g4 h6h5 g4g5 f8e7,-35
r2b2k1/1nq2ppp/3p1n2/3Pp1Bb/1p2P3/3BNN2/1P3PPP/3QR1K1 w - -,e3c2 c7b6 g5e3 b7c5 d1e2 b4b3 c2a3 b6b4 e3c5 b4c5,-49
r3kb1r/pb3pp1/1pn1p3/2p4p/4PB1P/2P2N2/PPK2PP1/R4B1R w kq -,f1b5 a7a6 b5e2 f8e7 f3d2 b6b5 a2a4 c5c4 a4b5 a6b5,38
8/8/p2P4/2p5/2b4P/4k3/Pn6/4K3 w - -,d6d7 c4e2 d7d8q b2d3 d8d3 e3d3 e1f2 c5c4 f2g2 c4c3,Mate
8/3k2pp/2p1p3/n2p1p2/P2P1B2/R3PP1P/Pr2B1P1/1b2K3 w - -,e3e4 f5e4 f4c1 b2c2 c1d2 a5c4 e2c4 d5c4 f3e4 d7c8,-6
r4rk1/pb1q1ppp/1p2pn2/8/1pPP4/3Q4/PP2BPPP/RN3RK1 w - -,f1e1 b7e4 d3e3 f8d8 e1d1 e4c2 d1d2 c2g6 a2a3 a7a5,-17
r2q1rk1/1p2bppb/1np1pn1p/p3N3/P2PP3/2N3P1/1P3PBP/R1BQ1RK1 w - -,c1e3 e7b4 f2f3 f6d7 e5d3 b6c4 e3f2 c4b2 d3b2 b4c3,50
rqb1k2r/4bppp/4p3/1N2n2n/5B2/2N3Q1/PPP3PP/2KR3R w kq -,d1e1 h5g3 f4e5 g3h1 e5b8 a8b8 b5c7 e8d8 c7b5 h1f2,-520
r3kb1r/1b3pp1/ppn1p3/1Bp4p/4PB1P/2P2N2/PPK2PP1/R6R w kq -,b5c4 c6a5 c4e2 b7e4 c2d2 b6b5 h1d1 f7f6 d2e1 e6e5,-102
r2qr1k1/1pp2pp1/p1n4p/2bb3Q/5p1N/3P2PP/PPPB2BK/R4R2 w - -,g2d5 c6e5 d5b3 d8g5 h5g5 h6g5 g3f4 e5d3 h4g2 e8e2,395
r2qkbnr/pp2ppp1/2n5/2Pp3p/5BbP/5N2/PPP1PPP1/RN1QKB1R w KQkq -,,0
r3kb1r/1b3pp1/pp2p3/n1p4p/4PB1P/2P2N2/PPK1BPP1/R6R w kq -,f3d2 f8e7 f2f3 a8c8 g2g3 e8h8 d2b3 a5c6 a1d1 e6e5,39
6n1/3k3r/2rbp3/4B1pp/3P4/2P1P3/P2K1PP1/RR6 w - -,a2a4 d6e5 d4e5 g8e7 a4a5 c6a6 d2d3 d7c7 b1b5 h7f7,-92
r2q1rk1/1p2bpp1/1np1pn1p/p3Nb2/P2P4/2N3P1/1P2PPBP/R1BQ1RK1 w - -,e2e4 f5h7 c1e3 e7b4 f2f3 f6d7 e5d3 b6c4 e3f2 c4b2,52
2k1r3/1pp2ppp/p7/4P2n/4PP2/2N1B3/PP5P/2K4R w - -,h1g1 g7g6 c3d5 e8d8 g1d1 d8d7 d5c3 d7d1 c1d1 h5g7,523
5b2/6p1/5p2/1k3N1P/5K1P/8/8/8 w - -,f5d4 b5b6 f4f5 f8d6 f5g6 d6f8 g6f7 b6b7 f7f8 f6f5,889
6n1/7r/2rkp3/6pp/3P4/2P1P3/P2K1PP1/RR6 w - -,b1b5 g8f6 f2f3 g5g4 e3e4 f6d7 a2a4 g4f3 g2f3 h5h4,-34
8/7k/3R4/3pN1p1/1P1Pp3/5p1P/4nP1K/2r5 w - -,,0
r1k2b1r/1p2pp1p/2p5/p3P1B1/P3b1n1/7P/1PP2PP1/2KR1B1R w - -,h3g4 e4d5 f2f3 h7h6 g5f4 d5e6 f1d3 c8c7 h1h5 a8d8,329
8/3k3p/2p1p1p1/n2p1p2/P2P1BP1/R2BPP1P/br6/4K3 w - -,a3c3 a2c4 g4f5 e6f5 d3c2 c4b3 c2b3 a5b3 a4a5 b3a5,-26
k7/P7/5pp1/2r4p/5P1P/R4KP1/8/8 w - -,a3a6 c5c3 f3g2 g6g5 h4g5 f6g5 f4g5 c3c5 g5g6 c5c4,551
r1bqk2r/pp1pbppp/2pn4/1B1R4/8/8/PPPP1PPP/RNBQ2K1 w kq -,d5d6 e7d6 b5f1 d6e7 d2d4 d7d5 f1d3 e8h8 b1d2 e7g5,-236
3K4/8/P1n5/8/8/8/8/6k1 w - -,,0
8/5k2/8/8/4K3/2Q4B/8/8 w - -,d8d7 c6a7 d7d8 a7b5 d8e7 g1f2 e7d7 b5a7 d7c7 f2e3,Mate
r2qk2r/bpp2ppp/p1np1n2/7b/2PP4/P1N2PP1/1P2N1BP/R1BQK2R w KQkq -,e1h1 e8h8 g3g4 h5g6 c1g5 c6e5 f3f4 e5g4 f4f5 h7h6,84
r3k2r/1b2bpp1/pp2p3/n1p4p/4PB1P/2P5/PPKNBPP1/R6R w kq -,g2g3 b6b5 h1d1 b7c6 b2b3 g7g6 a2a4 e8h8 a4b5 a6b5,39
r4rk1/pp1bnpbp/1q2p1p1/8/3pPP2/1B6/PPP1NQPP/R1B2RK1 w - -,f1d1 e6e5 f4e5 d7g4 h2h3 g4e2 f2e2 g7e5 e2f2 g8g7,27
r3k1nr/p4pbp/3p2p1/4P3/2pp4/3K1B2/PPP1NPPP/R6R w kq -,d3c4 a8c8 c4d4 d6e5 d4d3 f7f5 f3b7 e5e4 d3d2 c8d8,-79
5b2/6p1/2k2p2/5N1P/4K2P/8/8/8 w - -,f5d4 c6d7 e4f5 g7g5 h5g6 d7e7 d4c6 e7d7 f5f6 d7c6,876
1nbq1rk1/3rbppp/p7/1p1B4/8/P3BN2/1P3PPP/R2Q1RK1 w - -,d5f7 f8f7 d1c2 e7f6 a3a4 c8b7 f1e1 h7h6 a4b5 a6b5,-320
3Q4/8/p7/2p5/7P/3nk3/b7/3K4 w - -,d8e7 e3f4 e7d6 f4e4 d6g6 e4d4 g6g7 d4e3 g7g3 e3d4,557
r4rk1/p2nbppp/2p1p3/q2p4/Pp1P1BP1/1Pn1QN1P/2P1PPB1/2KR3R w - -,f3e5 d7e5 f4e5 c6c5 d4c5 c3d1 h1d1 a5c5 e3c5 e7c5,-223
8/n2K4/P7/8/8/8/8/6k1 w - -,,0
1rb2k1r/2N1bppp/4p3/8/8/2N3n1/PPP3PP/2KR3R w - -,h1g1 b8b7 c7a6 g3f5 c3e4 h7h5 a2a4 g7g6 a6c5 b7c7,-405
2Q5/4k3/8/8/4K3/7B/8/8 w - -,h1g1 b8b7 c7a6 g3f5 c3e4 h7h5 a2a4 g7g6 a6c5 b7c7,Mate
2rr2k1/1p3pbp/2p1q1p1/1p1p4/P2P4/1QRNP3/5PPP/2R3K1 w - -,a4b5 g7f8 b5c6 b7c6 b3c2 e6e4 d3f4 e4c2 c1c2 c6c5,107
r3r1k1/p2bnppp/1p3n2/3p4/1B1Pp3/Q2qP1PP/PPR1NPB1/5RK1 w - -,f1c1 e7f5 e2c3 a7a5 b4d6 b6b5 a3c5 d3c4 c5c4 b5c4,107
r1bqk2r/pp1p1ppp/2pb4/1B6/8/8/PPPP1PPP/RNBQ2K1 w kq -,b5f1 d6e7 d2d4 d7d5 f1d3 e8h8 c2c3 e7d6 b1d2 f8e8,-249
k7/P7/R4pp1/7p/5P1P/2r2KP1/8/8 w - -,f3g2 g6g5 h4g5 f6g5 f4g5 c3c5 g5g6 c5c4 a6a5 c4g4,578
5N2/4k3/8/8/8/3QK3/8/8 w - -,f3g2 g6g5 h4g5 f6g5 f4g5 c3c5 g5g6 c5c4 a6a5 c4g4,Mate
8/8/8/8/2k5/6KR/7Q/8 w - -,f3g2 g6g5 h4g5 f6g5 f4g5 c3c5 g5g6 c5c4 a6a5 c4g4,Mate
8/2K5/P7/1n6/8/8/8/6k1 w - -,,0
rnb2rk1/pp1p1ppp/1q2pn2/2b5/2P5/5NP1/PP1BPPBP/RN1Q1RK1 w - -,b1c3 c5e7 a2a3 d7d6 d2f4 b8c6 b2b4 b6d8 d1d3 h7h6,91
2r3k1/2q2pp1/3p1bbp/2nPp3/1pN1P1P1/3B1N2/1P2QPKP/4R3 w - -,c4d2 c8a8 d3c2 a8a2 e1b1 c5e6 e2c4 e6f4 g2g3 a2a7,-55
3Q4/8/p6P/2p5/8/3nk3/b7/3K4 w - -,d8e8 e3f3 e8e2 f3f4 e2d3 a2g8 d3g6 g8h7 g6h7 c5c4,1657
k7/P7/R4pp1/7p/5P1P/6P1/2r3K1/8 w - -,g2h3 c2c8 a6f6 c8g8 f6a6 a8b7 a6a5 g8c8 a5g5 c8c6,600
6rk/3R2p1/5p1p/2p1p3/1q2P1Q1/1P2P2P/1PP2KP1/8 w - -,d7c7 b4d2 g4e2 d2d6 c7a7 g8d8 a7a5 d6c7 a5a4 h8h7,250
2n5/pp1r2k1/2p1p3/6p1/2P1B3/PP3KPP/8/2R5 w - -,h3h4 g7f6 c1f1 f6e5 f1e1 e5f6 e4b1 g5h4 g3h4 c8e7,12
8/7k/3R3p/3pN1P1/1P1Pp2P/5p2/4nPrK/8 w - -,h2h1 h6g5 d6g6 g2g1 h1h2 e4e3 h4g5 g1g2 h2h1 e3f2,Mate
2rr2k1/pp2bpp1/1q3n1B/5P2/3P4/5p1R/PP1Q2PP/R5K1 w - -,a1d1 f3f2 d2f2 f6g4 f2f4 g4h6 h3b3 b6f6 g2g4 f6h4,-596
8/7r/2rkpn2/1R4pp/3P4/2P1P3/P2K1PP1/R7 w - -,b5b3 f6e4 d2d3 e4f2 d3e2 f2g4 a2a4 h7f7 a4a5 e6e5,-135
r5kB/pp2r2p/8/n4q2/8/3B1R2/P5PP/Q5K1 w - -,b5b3 f6e4 d2d3 e4f2 d3e2 f2g4 a2a4 h7f7 a4a5 e6e5,Mate
2r3k1/2q2pp1/3p1bbp/3Pp3/1pN1P1P1/1n1B1N2/1P2QPKP/2R5 w - -,c1h1 b3c5 h1c1 c8a8 h2h3 a8a2 d3c2 f6e7 h3h4 c7c8,-51
8/8/8/8/3k4/7R/6KQ/8 w - -,c1h1 b3c5 h1c1 c8a8 h2h3 a8a2 d3c2 f6e7 h3h4 c7c8,Mate
k7/P1r5/R4pp1/7p/5P1P/6PK/8/8 w - -,a6f6 c7g7 f6a6 g7g8 h3g2 g8c8 a6g6 c8h8 g2f3 a8a7,665
r6k/pp4n1/3P1bq1/2P2bp1/1PB3P1/P4p2/1BQ2P2/4R1K1 w - -,g4f5 g6h5 e1e4 h5h3 c4f1 h3h6 b2f6 h6f6 c2d3 a8d8,499
r1bnk2r/ppp2ppp/3b4/1P1p3B/3P4/P3p2q/2P3N1/RNK1B3 w kq -,b5b6 a7b6 g2e3 h3e3 e1d2 e3d4 d2c3 d4h4 h5f3 d5d4,-1412
rnbqkbnr/pp3ppp/3p4/8/1p1pPP2/5N2/P1P3PP/RNBQKB1R w KQkq -,a2a3 b8c6 a3b4 d6d5 b4b5 c6b4 e4e5 g8h6 f3d4 f8c5,-66
r2qkbnr/pp2ppp1/8/2Ppn2p/5BbP/8/PPP1PPP1/RN1QKB1R w KQkq -,f4e5 f7f6 e5g3 e7e5 f2f3 g4e6 g3f2 d5d4 e2e3 f8c5,-4
8/2r5/2rkpn2/1R4pp/3P4/2PKP3/P4PP1/R7 w - -,d3e2 c6c3 a1e1 g5g4 e2f1 f6e4 a2a4 h5h4 a4a5 c3c2,-315
8/k1r5/5Rp1/7p/5P1P/6PK/8/8 w - -,f6g6 a7b7 g6g5 c7h7 g3g4 h5g4 h3g4 b7c6 h4h5 c6d6,678
r1b1qrk1/1pppnppp/pb6/3nP1B1/3P4/1B3N2/PP3PPP/RN1Q1RK1 w - -,b1c3 d5c3 b2c3 b6a5 d1d3 e7g6 h2h4 d7d5 b3d5 c7c6,221
8/pp1rn1k1/2p1p3/6p1/1PP1B3/P4KPP/8/2R5 w - -,c1c3 d7d4 h3h4 g5h4 f3e3 d4d1 g3h4 g7f6 c3d3 d1e1,-4
6k1/p4ppp/8/8/2r3b1/P3P1P1/7P/2N1K1R1 w - -,e1d2 c4a4 c1e2 a4a3 e2c3 g7g6 g1b1 g8g7 b1b7 g4e6,-128
1nbq1rk1/2r1bppp/p7/1p1BN3/8/P3B3/1P3PPP/R2Q1RK1 w - -,e3b6 e7d6 e5f7 f8f7 d5f7 g8f7 a1c1 d6h2 g1h2 d8d1,494
4rk2/2r2p2/1p2nR2/p2pPR2/3P2Pp/4QN2/Pq5P/6K1 w - -,g1f1 e8e7 f6f7 e7f7 e3h6 f8g8 h6e6 b2c1 f1g2 c1c6,-28
r5kB/pp2r2p/8/n5q1/8/3B1R2/P5PP/Q5K1 w - -,f3g3 g5g3 h2g3 a8e8 a1d4 b7b6 g1h2 a7a6 h8f6 e7f7,619
8/2r5/2rkpn2/1R5p/3P2p1/2PKP3/P4PP1/2R5 w - -,f2f4 h5h4 a2a4 h4h3 g2h3 g4h3 c3c4 c7h7 c4c5 d6d7,-78
8/8/8/3k4/5Q2/7R/6K1/8 w - -,f2f4 h5h4 a2a4 h4h3 g2h3 g4h3 c3c4 c7h7 c4c5 d6d7,Mate
r4rk1/pp2npbp/1qb1p1p1/8/3pPP2/1B6/PPP1NQPP/R1BR2K1 w - -,e4e5 a7a5 e2d4 a5a4 b3c4 f8d8 c4e2 c6e4 c2c3 a4a3,28
r1bqk2r/pp1pbppp/2p5/1B6/8/8/PPPPQPPP/RNB3K1 w kq -,b5a4 d7d5 d2d4 e8h8 b1d2 f8e8 e2d1 e7d6 d2f1 d8f6,-319
1r1q1rk1/bpp2ppp/p1np1n2/7b/1PPP4/P1N2PP1/1B2N1BP/R2QK2R w KQ -,c3d5 f6d5 c4d5 c6e7 e2f4 h5g6 d1d2 f8e8 e1f2 e7f5,-42
r3kb1r/pp2pppp/2p5/4n3/8/4BB2/PPP2PPP/R3K2R w KQkq -,f3h5 g7g6 h5e2 e5d7 e1a1 h7h5 c1b1 f8h6 f2f4 d7b6,-59
2r1k1r1/1b2bpp1/pp2p3/n1p4p/4PB1P/P1P2P2/1PKNB1P1/R6R w - -,a1g1 c5c4 g2g4 e7c5 g1g3 h5g4 f3g4 a5b3 e2f3 b3d2,41
8/1kr5/6R1/7p/5P1P/6PK/8/8 w - -,g6g5 c7h7 g3g4 h5g4 h3g4 b7c6 h4h5 c6d6 g5g6 d6c5,730
7k/6r1/4Q3/p3p3/4P2p/5rqP/P1P3P1/3R2RK w - -,g6g5 c7h7 g3g4 h5g4 h3g4 b7c6 h4h5 c6d6 g5g6 d6c5,Mate
2rr1bk1/1p3p1p/2p1q1p1/1P1p4/3P4/1QRNP3/5PPP/2R3K1 w - -,b3c2 e6e4 c2b3 e4e8 b5c6 b7c6 b3c2 e8e4 d3f4 e4c2,98
rnbqk2r/2p1ppbp/p2p1np1/1p6/3PPB2/2N5/PPPQ1PPP/R3KBNR w KQkq -,f4h6 g7h6 d2h6 b8d7 g1f3 c8b7 f1d3 c7c5 d4d5 c5c4,-6
r1b1Rr1k/pp4n1/3P1b2/2P3p1/1PB3P1/P4p2/1Bq2P2/4R1K1 w - -,e8f8 h8h7 c4g8 h7h6 f8f6 c2g6 f6g6 h6g6 e1e7 c8g4,926
rnbq1rk1/ppp2ppp/8/2bpN3/4n3/P1N4P/1PPP1PP1/R1BQKB1R w KQ -,f1d3 c5f2 e1e2 f2d4 c3e4 d5e4 d3e4 d4e5 d2d4 d8d4,-522
2rr2k1/pp2bpp1/1q6/5P2/3Pn3/4Bp1R/PP1Q2PP/R5K1 w - -,f5f6 e7f6 d2e1 f3f2 e3f2 e4f2 h3f3 f6d4 e1e7 b6g6,-734
r1b1kb1r/ppq1pp1p/2p2np1/2p5/4P3/2NP1N2/PPP2PPP/R1BQK2R w KQkq -,a2a4 e7e5 a4a5 f8e7 e1h1 e8h8 c1e3 f8d8 h2h3 f6h5,30
8/pp1r2k1/2p1p1n1/6p1/1PP1B3/P3K1PP/8/2R5 w - -,e4g6 g7g6 e3e4 d7d2 h3h4 d2e2 e4d4 e6e5 d4c5 e2g2,10
r1bq1rk1/pp1pbppp/2p5/8/B7/8/PPPPQPPP/RNB3K1 w - -,d2d4 f8e8 e2d1 d7d5 b1d2 e7d6 d2f1 d8h4 c1e3 a7a5,-314
2r1k1r1/1b2bpp1/p3p3/npp4p/4PB1P/PPP2P2/2KNB1P1/R6R w - -,a3a4 b5b4 a1d1 g7g5 h4g5 e7g5 f4g5 g8g5 d1g1 e8e7,48
8/2r5/r2kpn2/1R5p/2PP2p1/3KP3/P4PP1/2R5 w - -,c4c5 d6d7 e3e4 a6a3 b5b3 a3a2 d3e3 h5h4 c1b1 h4h3,-127
3Q4/5b1P/p7/2p5/8/3nk3/8/3K4 w - -,c4c5 d6d7 e3e4 a6a3 b5b3 a3a2 d3e3 h5h4 c1b1 h4h3,Mate
r3r1k1/p2b1ppp/1p3n2/3p1n2/1B1Pp3/Q2qP1PP/PPR1NPB1/2R3K1 w - -,e2c3 a7a5 b4d6 b6b5 g2f1 b5b4 d6b4 f5e3 f1d3 e4d3,107
r2qkb1r/1p2pppp/p1np1n2/8/2B1P3/1QN1Bb2/PP3PPP/R4RK1 w kq -,c4f7 e8d7 b3b7 d8c7 f7e6 d7e6 b7c7 c6e5 c7b7 a8d8,641
8/5k1N/8/8/6Q1/4K3/8/8 w - -,c4d5 f6d5 e4d5 c6e5 g2f3 e5f3 g1g2 f3h4 g2h3 h4f5,Mate
2kr1bnr/ppp2ppp/2n5/8/6b1/4PN2/PPP1BPPP/RNBK3R w - -,c1d2 g4f5 h2h3 g8f6 b1c3 f8e7 d1c1 h7h6 e2c4 h8f8,77
r1b2R2/pp4nk/3P1b2/2P3p1/1PB3P1/P4p2/1Bq2P2/4R1K1 w - -,c4g8 h7h6 f8f6 c2g6 f6g6 h6g6 e1e7 c8g4 e7g7 g6h6,1056
2r2rk1/ppqbb1pp/2n1pp2/3n4/2BP4/2P1BN2/PP1NQPPP/1R3RK1 w - -,b1d1 g8h8 d2e4 d7e8 c4d3 d5e3 e2e3 e8f7 f1e1 a7a6,113
2r1k1r1/1b2bpp1/p3p3/n1p4p/Pp2PB1P/1PP2P2/2KNB1P1/R6R w - -,a1d1 e7f6 d2c4 a5c4 e2c4 f6c3 d1d6 c8c6 d6c6 b7c6,53
r2qkbnr/pp2p1p1/5p2/2PpB2p/6bP/8/PPP1PPP1/RN1QKB1R w KQkq -,,0
8/7N/4k3/7Q/8/4K3/8/8 w - -,e5g3 e7e5 f2f3 g4e6 g3f2 d5d4 e2e3 f8c5 e3d4 c5d4,Mate
r1bqnrk1/pp3ppp/3p4/2pP4/2P1Pp2/P1P5/2Q1B1PP/R3NRK1 w - -,f1f4 d8e7 h2h3 c8d7 c2d2 e8f6 e2d3 a8e8 e1f3 d7c8,-60
8/7k/3R4/3pN1P1/1P1Pp3/5p2/4nr2/7K w - -,g5g6 h7g7 d6d7 g7f8 g6g7 f8g8 d7d8 g8g7 d8d7 g7f8,-581
rnb2rk1/1p1p1ppp/pq2pn2/2b5/2P5/2N2NP1/PP1BPPBP/R2Q1RK1 w - -,c3a4 b6c7 d2f4 d7d6 a4c5 e6e5 c5d3 e5f4 d3f4 c7c4,222
7k/6r1/4Q3/p3p3/4P2p/5q1P/P1P5/3R2RK w - -,h1h2 f3e2 h2h1 e2e4 h1h2 e4c2 h2h1 c2e4 h1h2 e4f4,Mate
r1b2RB1/pp4n1/3P1b1k/2P3p1/1P4P1/P4p2/1Bq2P2/4R1K1 w - -,f8f6 c2g6 f6g6 h6g6 e1e7 c8g4 e7g7 g6h6 g8h7 g4e6,980
r1b1qrk1/1p1pnpp1/pbp4p/3nP1B1/3P4/1B3N2/PP1N1PPP/R2QR1K1 w - -,d2e4 e7f5 g2g4 h6g5 g4f5 d7d6 e4d6 e8e7 e1e4 c8d7,263
6k1/p4ppp/8/8/P5b1/4P1P1/7P/2r1K1R1 w - -,e1f2 c1c2 f2e1 c2e2 e1f1 e2h2 f1e1 h7h5 e3e4 g8h7,-726
8/7N/6Q1/3k4/8/4K3/8/8 w - -,e1f2 c1c2 f2e1 c2e2 e1f1 e2h2 f1e1 h7h5 e3e4 g8h7,Mate
8/1k5r/8/6Rp/5P1P/6PK/8/8 w - -,g3g4 h7f7 g5h5 f7c7 g4g5 c7g7 h3g4 b7c6 h5h6 c6d5,761
r2q1b1r/1p1kpBpp/p1np1n2/8/4P3/1QN1Bb2/PP3PPP/R4RK1 w - -,b3b7 d8c7 f7e6 d7e6 b7c7 c6e5 c7b7 a8d8 b7b3 d6d5,668
r1bq1rk1/ppp3p1/3p1n1p/n4p2/2PPpN2/2P3P1/P3PPBP/R1BQ1RK1 w - -,d1a4 b7b6 f2f3 d8e8 a4e8 f8e8 f3e4 f5e4 f4d5 f6d5,-110
2r1brk1/ppq1b1pp/2n1pp2/3n4/2BP4/2P1BN2/PP1NQPPP/3R1RK1 w - -,d2e4 e8f7 c4d3 d5e3 e2e3 g8h8 f1e1 f8d8 a2a3 e7f8,114
rnb2rk1/1pqp1ppp/p3pn2/2b5/N1P5/5NP1/PP1BPPBP/R2Q1RK1 w - -,d2f4 d7d6 a4c5 e6e5 c5d3 e5f4 d3f4 c7c4 d1d6 b8c6,216
6k1/8/3R2P1/3pN3/1P1Pp3/5p2/4nr2/7K w - -,d6d8 g8g7 d8d7 g7f8 g6g7 f8g8 d7d8 g8g7 d8d7 g7f8,Mate
8/6N1/5p2/4k2P/6KP/8/3b4/8 w - -,g7f5 d2c1 h5h6 c1b2 h6h7 e5e6 h7h8q e6d7 g4h5 d7c7,9605
r1bq1rk1/ppp1bppp/2n1p3/2Pp4/3Pn3/5NP1/PP1BPPBP/RN1Q1RK1 w - -,b1c3 f7f5 a1c1 e7f6 e2e3 a7a5 a2a4 g7g5 c3b5 g5g4,-11
r1b3B1/pp4n1/3P1Rqk/2P3p1/1P4P1/P4p2/1B3P2/4R1K1 w - -,f6g6 h6g6 e1e7 c8g4 e7g7 g6h6 g8h7 g4e6 g7e7 e6g8,1003
8/2r5/r1k1pn2/1RP4p/3P2p1/3KP3/P4PP1/2R5 w - -,b5b2 a6a3 b2b3 a3a2 e3e4 a2f2 b3b6 c6d7 c1a1 h5h4,-170
1r1qr1k1/bpp2ppp/p1np1n2/7b/1PPPN3/P4PP1/1B2N1BP/R2QK2R w KQ -,a1c1 d6d5 c4d5 f6d5 d1d2 f7f5 e4c5 d5e3 e1f2 e3g2,-143
8/8/5k2/7R/6Q1/8/6K1/8 w - -,a1c1 d6d5 c4d5 f6d5 d1d2 f7f5 e4c5 d5e3 e1f2 e3g2,Mate
3R4/6k1/6P1/3pN3/1P1Pp3/5p2/4nr2/7K w - -,d8d7 g7f8 g6g7 f8g8 d7d8 g8g7 d8d7 g7f8 d7d8 f8e7,Mate
2rr2k1/pp2bpp1/8/5P2/3Pn3/3QBR2/P5PP/q5K1 w - -,d3f1 a1b2 h2h4 e7f6 g1h1 f6d4 e3g5 e4d2 f3b3 d2f1,Mate
r2qk1nr/pp1nbpp1/2p1p1b1/3pP2p/3P4/2P5/PP2BPPP/RNBQNRK1 w kq -,e1d3 h5h4 a2a4 a7a5 b1d2 g8h6 f1e1 c6c5 d3f4 g6h7,98
r1b3B1/pp4n1/3P2k1/2P3p1/1P4P1/P4p2/1B3P2/4R1K1 w - -,e1e7 c8g4 e7g7 g6h6 g8h7 g4h3 h7e4 h6h5 g7h7 h5g4,1237
r1k2b1r/2pb1pp1/1p5p/p2NPn2/P7/1p5P/1BPN1PP1/3R1RK1 w - -,d1a1 b3c2 f1c1 f5e7 d5f4 d7f5 d2c4 e7g6 f4h5 c8b7,-306
8/1k6/7r/6Rp/5PPP/7K/8/8 w - -,g4h5 h6h7 g5g6 h7h5 h3g4 h5b5 h4h5 b7c7 h5h6 b5b8,791
r4b1r/1QqkpBpp/p1np1n2/8/4P3/2N1Bb2/PP3PPP/R4RK1 w - -,f7e6 d7e6 b7c7 c6e5 c7b7 a8d8 b7b3 e6d7 g2f3 g7g5,696
rnbq1rk1/ppp2ppp/8/2bpN3/3P4/P1N4P/1PP2nP1/R1BQKB1R w KQ -,d1d2 f2h1 d4c5 f8e8 d2f4 b8c6 c1e3 e8e5 e1a1 e5f5,-546
2r5/6k1/p1r1p3/3p2pp/3P4/1Pp1R3/P2K1PP1/4R3 w - -,d2c2 c8f8 f2f3 g7f6 e3c3 c6c3 c2c3 f8c8 c3d3 c8g8,-28
8/3np3/4K3/2k1b3/4B3/8/8/8 w - -,e6e7 e5c7 e4c2 c7d6 e7f7 c5d4 c2a4 d7f6 a4b5 d4e3,5
8/2r5/1rk1pn2/2P4p/3P2p1/3KP3/P4PP1/2R5 w - -,c1g1 b6b8 g1a1 c6b7 a1b1 b7c8 b1b8 c8b8 e3e4 c7a7,-573
r1b4r/p1p1kpp1/1pp4p/4Pn2/4N3/2N4P/PPP2PP1/R2R2K1 w - -,,0
7k/6r1/4Q3/p3p3/4P2p/7P/P1P2q1K/3R2R1 w - -,h2h1 f2f3 h1h2 f3e2 h2h1 e2e4 h1h2 e4e2 h2h1,Mate
2r5/8/p1r1pk2/3p2pp/3P4/1Pp1R3/P1K2PP1/4R3 w - -,e3f3 f6g6 f3e3 c8e8 e3e5 e8e7 a2a4 a6a5 e1e3 h5h4,-21
r2r4/3nppkp/1pq3p1/p1p5/P1P5/3P2P1/3NPP1P/1R1Q1RK1 w - -,d2e4 d7f6 e4c3 h7h5 h2h4 c6e6 g1g2 a8b8 d1c2 f6e8,60
r1b1qrk1/1p1pnppp/pbp5/3nP1B1/3P4/1B3N2/PP3PPP/RN1QR1K1 w - -,b1c3 b6a5 d1d3 h7h6 c3d5 c6d5 e1e3 a5d8 g5e7 e8e7,272
8/2r5/1k2pn2/7p/3P2p1/3KP3/P4PP1/2R5 w - -,c1e1 c7a7 e1b1 b6c7 e3e4 a7a3 b1b3 a3a2 d3e3 h5h4,-308
2rr2k1/pp3pp1/5b2/5P2/3PQ3/2q1B3/P5PP/5RK1 w - -,e4f3 c3e3 f3e3 f6d4 e3d4 d8d4 g1h1 c8d8 g2g4 d4g4,-674
2r5/8/p1r1p1k1/3p2pp/3P4/1Pp2R2/P1K2PP1/4R3 w - -,f3e3 c8e8 e3e5 e8e7 a2a4 a6a5 e1e3 h5h4 f2f3 g6f6,-11
6k1/3R2P1/8/3pN3/1P1Pp3/5p2/4nr2/7K w - -,d7d8 g8g7 d8d7 g7f8 d7d8 f8e7 e5c6 e7f6 d8g8 e4e3,Mate
r1bq1r2/pp2ppkp/3p1np1/2p5/3nP3/2NP2P1/PPPQ1PBP/R3K1NR w KQ -,h2h3 e7e5 g1e2 c8d7 e1h1 d7h3 e2d4 c5d4 g2h3 d4c3,-26
2r2rk1/ppq1bbpp/4pp2/3n4/2nPN3/2PB1N2/PP1BQPPP/3R1RK1 w - -,d2c1 c4b6 g2g3 f8e8 f1e1 e7f8 e2f1 a7a6 a2a3 b6c4,135
3Q3Q/5b2/p7/2p5/4k3/3n4/8/3K4 w - -,d2e3 b7b5 e3c1 a7a6 f1e1 c4b6 e4g3 b6c4 h2h4 b5b4,Mate
r1b2b1r/p2kp1pp/3q1n2/3pQ3/PpPP1B2/6P1/1P3PBP/R3K2R w - -,,0
r3r1k1/1bqn1ppp/1p1p1n2/p3p3/1pPPP3/3Q1NN1/PP3PPP/R2BR1K1 w - -,d1a4 b7c6 a4c6 c7c6 a1c1 a8c8 h2h3 g7g6 b2b3 c6b7,69
rn1qk2r/pp2bpp1/2p1pnbp/3pN3/2PP2PP/2N1P3/PP3P2/R1BQKB1R w KQkq -,e5g6 f7g6 f1d3 e8d7 d3g6 d5c4 d1e2 b8a6 e2c4 h8f8,204
8/2k5/4pn2/7p/3P2p1/3KP3/P4PP1/8 w - -,d3d2 h5h4 d2e1 f6d5 a2a4 c7b6 e1f1 d5c3 f1g1 b6a5,-389
r1b2r1k/pp4n1/3P1b2/2P2qpp/1PB1R3/P4p1P/1BQ2PP1/4R1K1 w - -,g2g4 h5g4 h3g4 f5g6 e4e8 c8f5 e8a8 f8a8 g4f5 g6h5,609
rnb2rk1/1pqp1ppp/p2bpn2/8/N1P2B2/5NP1/PP2PPBP/R2Q1RK1 w - -,f4d6 c7d8 c4c5 b7b5 c5b6 c8b7 a4c5 d8b6 d6f8 g8f8,654
2r1k1r1/1b3p2/p3p3/n1p3bp/Pp2PB2/1PP2P2/2KNB1P1/3R3R w - -,g2g3 g5f4 g3f4 g8g2 e2f1 g2f2 h1h5 e8e7 d1e1 a5b3,48
2rr2k1/pp3pp1/8/5P2/3bQ3/2q5/P4BPP/5RK1 w - -,e4f4 d4f2 f4f2 c3d4 f2d4 d8d4 a2a3 c8d8 a3a4 d4d1,-683
r2qr1k1/3nbppp/Bp1p1n2/8/3NP3/2N5/1PP1QPPP/2B2RK1 w - -,c1f4 e7f8 a6b7 a8a7 b7c6 a7c7 f1a1 d8c8 a1a8 c7c6,110
2rr2k1/pp3pp1/8/5P2/3qQ3/8/P5PP/5RK1 w - -,e4d4 d8d4 h2h3 c8c2 f1f3 d4d1 g1h2 d1d2 f3g3 d2f2,Mate
1r6/5pk1/2R2p2/1p2p2P/1P2P1K1/8/4P3/8 w - -,c6c1 b8d8 g4f5 d8d4 c1b1 d4c4 b1b2 c4c6 b2b3 c6c4,4
1r4k1/p4pp1/3Rb2p/PBP5/4p3/4P3/6P1/5K2 w - -,b5e2 b8c8 c5c6 g8f8 e2a6 c8c7 a6b7 f8e7 d6d4 f7f5,-100
rnb2rk1/ppp2ppp/8/2bpN3/3P3q/P1N4P/1PP2KP1/R1BQ1B1R w - -,f2g1 c5d4 g1h2 d4e5 h2g1 e5d4 g1h2 c8h3 c1g5 d4e5,-530
8/2k5/4p3/3n3p/3P2p1/3KP1P1/P4P2/8 w - -,e3e4 d5b4 d3e3 b4a2 e3f4 a2c3 f4e3 c7c6 e3d3 c3b5,-354
7r/5pk1/2R2p2/1p2pK1P/1P2P3/8/4P3/8 w - -,,0
6k1/p4ppp/8/8/P5b1/4P1P1/2r2K1P/6R1 w - -,f2e1 c2e2 e1f1 e2h2 f1e1 h7h5 e3e4 g8h7 g1f1 h2e2,-751
2r3k1/pp3pp1/8/5P2/3r4/8/P5PP/5RK1 w - -,g1h1 c8c2 f1b1 d4d2 b1g1 c2a2 h2h4 d2f2 h4h5 g8h7,-748
2r1k3/1b3p2/p3p3/n1p4p/Pp2PP2/1PP2P2/2KNB1r1/3R3R w - -,e2c4 a5c4 b3c4 b7c6 c2b3 c8d8 d2b1 d8d1 h1d1 a6a5,-184
2r2rk1/p1q1bbpp/4pp2/1p1n4/2nPN3/2PB1N2/PP2QPPP/2BR1RK1 w - -,b2b3 c4a3 c1d2 f7g6 f1e1 a7a5 d3b5 a3b5 e2b5 f8e8,143
r2r2k1/3npp1p/1pq3p1/p1p5/P1P5/3P2P1/2QNPP1P/1R3RK1 w - -,d2e4 d7f6 e4c3 h7h5 c2c1 c6e6 g1g2 a8c8 h2h3 c8c6,65
r1bq1rk1/1pp1ppbp/1nn3p1/p7/P1NPP3/4BP2/1P4PP/R2QKBNR w KQ -,d1d2 c6d4 c4b6 c7b6 a1d1 e7e5 g1e2 c8d7 e2c3 d7e6,-141
8/5R1P/P7/8/2k2P2/8/6K1/7r w - -,d1d2 c6d4 c4b6 c7b6 a1d1 e7e5 g1e2 c8d7 e2c3 d7e6,Mate
rn1qk2r/pp2b1p1/2p1pnpp/3p4/2PP2PP/2N1P3/PP3P2/R1BQKB1R w KQkq -,f1d3 e8d7 d3g6 d5c4 d1e2 b8a6 e2c4 d8b6 c1d2 a8f8,204
r1b1qrk1/1p1pnpp1/pbp4p/3nP1B1/3P4/1B3N2/PP1Q1PPP/RN2R1K1 w - -,g5f6 e7g6 f3h4 g6h4 f6h4 b6d8 h4g3 e8e6 b1c3 d8a5,167
2r4k/1p3pb1/4b1p1/1PqN2Qp/2Pp3P/6P1/5PB1/2R3K1 w - -,b5b6 d4d3 d5f4 c5g5 h4g5 c8c4 f4d3 g7d4 g2b7 c4c1,-3
2r2rk1/p1q1bbpp/4pp2/1p1n4/3PN3/nPPB1N2/P3QPPP/2BR1RK1 w - -,c1d2 c7c6 d1c1 a7a5 h2h4 c6d7 c3c4 b5c4 b3c4 d5b4,142
r2qknnr/pp2bpp1/2p1p1b1/3pP2p/3P4/2PB4/PP3PPP/RNBQNRK1 w kq -,a2a4 c6c5 b1a3 a7a6 a3c2 g6d3 e1d3 c5c4 d3e1 f8g6,124
2r2rk1/4ppbp/p1n3p1/2p5/4NB2/3P3P/PPP3P1/4RRK1 w - -,c2c3 c6d8 e4d2 d8e6 d2c4 c8d8 f1f3 e6f4 f3f4 g7f6,10
2r1k3/1b3p2/p3p3/n1p4p/Pp2PP2/1PP2P2/2KN1r2/3R1B1R w - -,f1d3 c5c4 d3c4 a5c4 b3c4 b7c6 c2b3 c8d8 d2b1 d8d1,-77
6k1/p4ppp/8/8/P5b1/4P1P1/4r2P/4K1R1 w - -,e1f1 e2h2 f1e1 h7h5 a4a5 f7f6 e3e4 h2e2 e1f1 e2e4,-753
r2k1b1r/1Qq1p1pp/p1npBn2/8/4P3/2N1Bb2/PP3PPP/R4RK1 w - -,e1f1 e2h2 f1e1 h7h5 a4a5 f7f6 e3e4 h2e2 e1f1 e2e4,Mate
2r3k1/3qbpp1/3p2bp/2nPp3/1p2P1P1/3B1N1P/1P1NQPK1/4R3 w - -,e1c1 e7d8 c1a1 h6h5 g4g5 b4b3 a1a3 c8b8 e2e3 d8b6,-41
rnb1k2r/pppp1ppp/5q2/2b1p2Q/N1P5/3n4/PP1P2PP/R1B2KNR w kq -,h5f3 c5e7 a4c3 d7d6 f3f6 e7f6 g1f3 f6d8 h2h4 c8e6,-684
r2qkbnr/pp4p1/5p2/2Ppp2p/6bP/6B1/PPP1PPP1/RN1QKB1R w KQkq -,f2f3 g4e6 g3f2 d5d4 e2e3 f8c5 e3d4 c5d4 f2d4 e5d4,-4
2r2rk1/p3bbpp/2q1pp2/1p1n4/3PN3/nPPB1N2/P2BQPPP/3R1RK1 w - -,f1e1 a7a5 d1c1 f8d8 e4g3 c6d7 e1d1 c8b8 h2h4 e7d6,150
8/5R1P/P7/8/5P2/1k6/8/7K w - -,d1c1 a7a5 f1e1 f8d8 e4g3 e7f8 h2h4 f8d6 e2e4 f6f5,Mate
r1bqk2r/p2pppbp/2p3p1/2p1P3/N5n1/5N2/PPPP1PPP/R1BQK2R w KQkq -,a4c5 g4e5 f3e5 g7e5 d2d4 e5g7 e1h1 d7d6 c5a4 e8h8,-30
8/6k1/3R1N2/3p2p1/1PrPp3/5p1P/4nP1K/8 w - -,,0
rnb1k2r/pppp1ppp/5q2/2b4Q/N1P1p3/3n1N2/PP1P2PP/R1B2K1R w kq -,a4c5 d3c5 h5c5 e4f3 c5e3 e8f8 e3f3 f6f3 g2f3 b8c6,-564
r1b2b1r/p2kp1pp/4qn2/3p1Q2/PpPP1B2/6P1/1P3PBP/R3K2R w - -,f5e5 c8b7 h2h4 e6d6 a1c1 e7e6 e5e3 d6b6 c4c5 b6c6,-36
6k1/p4ppp/8/8/P5b1/4P1P1/7r/5KR1 w - -,a4a5 h7h5 f1e1 f7f6 e1f1 g8h7 f1e1 h7h6 e1f1 g4h3,-765
r1k2b1r/2p2pp1/1pb4p/p2NPn2/P7/1P5P/1B1N1PP1/3R1RK1 w - -,d2f3 c8b7 d1d2 a8d8 f1d1 f8c5 g1f1 h8e8 h3h4 f5e7,-134
8/7k/3R3p/3pN3/1P1Pp1P1/5p1P/4nP1K/2r5 w - -,d6d7 h7g8 d7d8 g8g7 d8d7 g7f8 e5f3 e4f3 d7d5 f8e7,-19
r2q1rk1/1pp1npp1/p6p/2bbpN2/8/3P2PP/PPP2PBK/R1BQ1R2 w - -,g2e4 e7f5 e4f5 d8f6 d1g4 a8d8 c1e3 c5d4 e3d4 e5d4,-63
rnb1k2r/pppp1ppp/5q2/2N4Q/2P1p3/5N2/PP1P2PP/R1n2K1R w kq -,c5e4 f6b2 a1c1 b2c1 f1f2 c1c4 h5g5 c4e4 g5g7 h8f8,-368
q3rbk1/5ppp/1p1p1n2/2n5/3NPB2/2N5/1PP1QPPP/5RK1 w - -,f2f3 d6d5 e4e5 c5e6 f4e3 f8c5 c3b5 e6d4 e3d4 a8c6,129
2r3k1/1q2bpp1/3p2bp/2nPp3/1p2P1P1/3B1N1P/1P1NQPK1/R7 w - -,a1a5 b7c7 a5b5 c8b8 d3c2 b4b3 d2b3 b8b5 e2b5 c5e4,-30
5r2/4k3/p1r1p3/3R2pp/3P4/1Pp5/P1K2PP1/4R3 w - -,f2f3 g5g4 d5h5 g4f3 h5h2 f3g2 h2g2 e7d6 g2e2 f8f6,1
rn1qk2r/pb2ppbp/1ppp1np1/8/2PPP3/2NBB2P/PP3PP1/R2QK1NR w KQkq -,g1f3 e8h8 e1h1 b8d7 f1e1 e7e5 d4d5 a8c8 d1d2 f6h5,92
r1bqkb1r/1p2pp1p/p5p1/2pn4/3P1P2/2N2N2/PPP3PP/R1BQK2R w KQkq -,c3a4 c5c4 e1h1 c8f5 f3h4 e7e6 h4f5 g6f5 a4c3 d5c3,-71
rnb2rk1/ppp2ppp/8/2bpN3/3q4/P1N3PP/1PP2K2/R1BQ1B1R w - -,d1d4 c5d4 c1e3 d4e5 c3d5 b8c6 a1d1 c8f5 f1b5 f5c2,Mate
rnbqkb1r/ppp1pppp/3p4/4P3/8/3Q4/PPPP1PPP/RNB1K1NR w KQkq -,e5d6 e7e5 f2f4 b8c6 f4e5 d8h4 d3g3 h4g3 h2g3 c7d6,-75
r3kb1r/1Qq1p1pp/pBnpBn2/8/4P3/2N2b2/PP3PPP/R4RK1 w - -,e5d6 e7e5 f2f4 b8c6 f4e5 d8h4 d3g3 h4g3 h2g3 c7d6,Mate
rnb1k2r/pppp1ppp/8/7Q/2P1N3/5N2/Pq1P2PP/R1n2K1R w kq -,a1c1 b2c1 f1f2 c1c4 h5g5 c4e4 g5g7 h8f8 h1e1 e4e1,-382
r2qr1k1/1pp2pp1/p6p/2b1pQ2/8/3P2PP/PPP2PK1/R1B2R2 w - -,a2a4 e8e6 f5e4 c7c6 a4a5 d8d7 c1e3 c5d4 a1a4 a8d8,-17
2rr3k/4bbpp/2q1pp2/pp1n4/3PN2P/nPPB1N2/P2BQPP1/2R1R1K1 w - -,c3c4 b5c4 b3c4 d5b4 d2b4 a5b4 c4c5 e7f8 e4g3 c8b8,184
4k3/1R6/8/4K3/4P3/8/4r3/8 w - -,,0
r2qkb1r/pp2pp1p/2p2np1/2p5/4P3/2NP1b1P/PPP2PP1/R1BQK2R w KQkq -,e4e5 f3d1 e5f6 d1c2 e1h1 e7f6 f1e1 e8d7 c1d2 g6g5,-666
r2q1r2/pp2ppkp/3p1np1/2p5/3nP1bP/2NP2P1/PPPQ1PB1/R3K1NR w KQ -,c3e2 h7h5 c2c3 d4e2 g1e2 b7b5 e1h1 e7e5 a2a4 a7a6,-39
r2q2k1/1pp2pp1/p3r2p/2b1pQ2/8/3P2PP/PPP2PK1/R1B1R3 w - -,e1f1 d8d7 f5f3 a8b8 f3e4 e6c6 f1e1 b8e8 c1e3 c5e3,-50
rnb1k2r/pppp1ppp/8/7Q/2P1N3/5N2/P2P1KPP/q1n4R w kq -,h1c1 a1c1 h5e5 e8f8 e5c5 d7d6 c5c7 b8c6 e4d6 c8e6,-496
r3r1k1/3b1ppp/3B1n2/pp1p1n2/3Pp3/Q1NqP1PP/PPR2PB1/2R3K1 w - -,g2f1 b5b4 d6b4 f5e3 f1d3 e4d3 f2e3 a5b4 a3b4 d3c2,114
8/4k3/p1r1p3/6Rp/3P4/1Pp5/P1K2rP1/4R3 w - -,,0
r1bqkbnr/pp2pppp/3p4/2p5/1n2P3/B4N2/P1PP1PPP/RN1QKB1R w KQkq -,d2d4 g8f6 d4d5 g7g6 c2c3 b4a6 f1a6 b7a6 e1h1 f8g7,-73
3r1rk1/p4p1p/6pb/4R3/2p5/2N2P2/PPP2P1P/2RK4 w - -,d1e2 h6c1 e5a5 c1b2 c3e4 f7f5 e4c5 b2f6 e2f1 f8e8,-567
8/7k/3R4/3p2p1/1P1Pp1N1/5p1P/4nP1K/6r1 w - -,d6d7 h7g6 d7d6 g6f7 g4e3 g1b1 d6d5 f7g6 b4b5 e2f4,12
8/pp1rn1k1/2p1p3/6p1/2P1B1P1/PP3K1P/8/2R5 w - -,f3e3 c6c5 c1h1 e7g6 e4g6 g7g6 h1f1 d7d4 f1f8 d4d1,6
r4b1r/1kp2pp1/1pb4p/p2NPn2/P3N3/1P5P/1B3PP1/3R1RK1 w - -,f2f3 a8d8 d5f4 c6e4 d1d8 f8c5 g1h2 h8d8 f3e4 f5e3,-184
rnb1k2r/pp1q1ppp/2pbp3/8/2BP4/2P2N2/P1P2PPP/R1BQR1K1 w kq -,f3g5 b8a6 d1h5 g7g6 h5f3 a6c7 g5e4 d6e7 e4f6 e7f6,322
r1bq1rk1/ppp1bppp/2n5/2Ppp3/3P2n1/2N2NP1/PP1BPPBP/R2Q1RK1 w - -,d4e5 d5d4 c3b5 a7a6 d1a4 d4d3 b5d6 c7d6 c5d6 d3e2,45
r2qknnr/1p2bpp1/2p1p1b1/p2pP2p/P2P4/2PB4/1P3PPP/RNBQNRK1 w kq -,d1e2 d8d7 b1a3 g8h6 a3c2 g6d3 e1d3 h6f5 d3f4 g7g6,125
rnbqkb1r/pp1pn1pp/2p2p2/4p3/4PP2/2NP4/PPP3PP/R1BQKBNR w KQkq -,f4e5 f6e5 d1h5 e7g6 g1f3 f8e7 f3g5 e7g5 c1g5 d8b6,94
4r1k1/p1p2pp1/3b1n2/1p4q1/4Ppp1/1P1Q1P1P/PN4K1/4RR2 w - -,g2h1 g5h4 f3g4 f6g4 d3f3 g4e5 f3f2 h4h5 f2f4 h5h3,-500
7k/1R6/8/8/7r/8/6K1/8 w - -,,0
r5k1/1p3pp1/pqp1rb1p/4p3/1P2Q3/2BP2PP/P1P2PK1/R3R3 w - -,e1e2 b6c7 a2a4 a8d8 h3h4 h6h5 a4a5 g7g6 e4c4 d8d5,3
3qr1k1/5p2/3p2p1/p1nPp2p/1pR1P1nP/1P4N1/P1NQ1PP1/6K1 w - -,c2e3 d8h4 g3f1 g4e3 d2e3 g8g7 f1h2 h4f4 h2f1 g7f6,-127
r5kB/pp2r2p/8/n7/8/3B2q1/P5PP/Q5K1 w - -,h2g3 a8d8 a1f6 d8d7 f6f5 d7d3 f5d3 a5c6 h8f6 e7e1,631
r2q1rk1/pb1nbppp/1p1ppn2/2p5/2PP1B2/P1NBPN2/1P3PPP/R2Q1RK1 w - -,d4d5 e6e5 f4g3 g7g6 h2h3 f6e8 f3d2 f7f5 f2f3 e7f6,37
r1bqk2r/ppp2ppp/2p2n2/4b3/3PP3/2N5/PPP2PPP/R1BQK2R w KQkq -,d4e5 d8d1 e1d1 f6g4 d1e2 g4e5 c1f4 f7f6 b2b3 e8e7,83
rnb1k2r/pppp1p1p/6p1/4N2Q/2P1N3/8/P2P1KPP/q1n4R w kq -,h5g5 c1d3 e5d3 a1d4 g5e3 d4e3 f2e3 d7d6 d3f4 c8f5,-594
r5k1/1p3pp1/pqp1r2p/2b1p3/4Q3/3P2PP/PPPB1PK1/R3R3 w - -,f2f3 b6b2 e4c4 b2d4 c4d4 c5d4 a1c1 e6d6 g3g4 d6d5,-136
r2qkbnr/pp4p1/4bp2/2Ppp2p/7P/5PB1/PPP1P1P1/RN1QKB1R w KQkq -,,0
8/1k6/8/Q3K3/1N6/8/8/8 w - -,g3f2 d5d4 e2e3 f8c5 e3d4 c5d4 f2d4 e5d4 f1d3 g8e7,Mate
Q7/3k4/7p/2pPK1p1/6P1/4q2P/8/8 w - -,,0
3r1rk1/p4p1p/6p1/3NR3/2p2b2/5P2/PPP2P1P/2RK4 w - -,d1e1 f4e5 c1d1 g8h8 f3f4 e5b2 e1f1 b2g7 f1g2 f8e8,-591
r2q4/ppp3k1/2n5/3b1p2/2pp4/5N2/PPP2PPP/RNQ3K1 w - -,b1d2 d8f6 c1f1 a8d8 d2c4 d5f3 g2f3 b7b5 c4d2 f6g5,-72
rnb4r/ppppkp1p/5Np1/4N2Q/2P5/8/P2P1KPP/q1n4R w - -,f6d5 e7e8 h5g5 c1d3 e5d3 a1d4 f2e2 b8c6 h1f1 f7f5,-314
2K1N2N/8/8/3p1k2/4p3/1Q6/1P6/5B2 w - -,f6d5 e7e8 h5g5 c1d3 e5d3 a1d4 f2e2 b8c6 h1f1 f7f5,Mate
r1b1k2r/2pp1ppp/1np4q/p3P3/PbP5/1PN5/1B2QPPP/R3KB1R w KQkq -,e2e4 e8h8 f1e2 f7f6 e1h1 f6e5 e4e5 c8a6 h2h3 d7d6,-52
r1b1k2r/pp3ppp/4p3/3pN1q1/3Pn3/1P6/PB3PPP/R3KB1R w KQkq -,b2c3 e4c3 a2a4 e8h8 e5f3 g5e7 f1d3 c3e4 e1h1 f7f6,-747
r3r1k1/3b1ppp/3B1n2/p2p1n2/1p1Pp3/Q1NqP1PP/PPR2P2/2R2BK1 w - -,d6b4 f5e3 f1d3 e4d3 f2e3 a5b4 a3b4 d3c2 c1c2 d7h3,102
8/6pp/3k4/1p2p3/1P2K3/8/2P3PP/8 w - -,e4e3 d6d5 e3d3 e5e4 d3e3 d5e5 e3e2 e5d4 e2d2 h7h5,-424
r1bqkbnr/pp2pppp/3p4/8/1p2P3/5N2/P1PP1PPP/RN1QKB1R w KQkq -,c2c3 g8f6 d1a4 c8d7 a4b4 a7a5 b4b7 a8b8 b7a7 f6e4,-67
4r1k1/3n1p2/3p2pQ/p1nPp2p/1pR1Pq2/1P3PN1/P4KP1/4N3 w - -,h6g6 f7g6 g3f1 d7b6 g2g3 f4f8 c4c5 d6c5 f1e3 g8h7,-756
2K1N2N/8/8/3Q4/4pk2/8/1P6/5B2 w - -,h6g6 f7g6 g3f1 d7b6 g2g3 f4f8 c4c5 d6c5 f1e3 g8h7,Mate
3r1b1r/1kp1npp1/1pb4p/p2NP3/P3N3/1P5P/1B1R1PP1/3R2K1 w - -,d5e7 f8e7 f2f3 d8d2 d1d2 h8d8 d2d8 e7d8 g1f2 c6d5,-142
r2r2k1/4pp1p/1pq2np1/p1p5/P1P1N3/3P2P1/2Q1PP1P/1R3RK1 w - -,e4c3 h7h5 c2c1 a8c8 b1b2 d8d6 f2f4 h5h4 g3h4 c6d7,64
r1bq1rk1/ppp1bppp/2n5/2Ppn3/3P4/2N3P1/PP1BPPBP/R2Q1RK1 w - -,d4e5 c8e6 d2f4 d5d4 c3e4 a7a5 h2h3 d8d7 g1h2 a8d8,40
r6r/1p3kp1/p1p2n1p/4b3/1P6/2NP4/1P1KNPPP/R6R w - -,d2c2 a8d8 h1d1 h8e8 d1d2 f6d5 c3d5 d8d5 a1a4 e5d6,3
4r1k1/p1p2pp1/3b4/1p4q1/4Ppn1/1P1Q1P2/PN4K1/4RR2 w - -,e2c1 h8e8 h1e1 e5f4 d2d1 e8e1 d1e1 f4d6 c1a2 a8e8,Mate
r2r2k1/1p3ppb/1np1pq1p/p3N3/Pb1PP3/1QN3P1/1P3PBP/R4RK1 w - -,,0
rnb2k1r/pppp1p1p/6p1/3NN2Q/2P5/8/P2P1KPP/q1n4R w - -,h5h6 f8e8 h1e1 d7d6 h6h4 c1d3 e5d3 a1e1 d3e1 g6g5,585
8/2r5/2k1pn2/2P4p/3P2p1/r2KP3/PR3PP1/2R5 w - -,d3c2 c7a7 c2b1 f6d5 g2g3 d5c3 b1c2 c6d5 c2d2 c3e4,-243
5rk1/p4p1p/6p1/3r4/2p2b2/5P2/PPP1RP1P/2RK4 w - -,d1e1 f4c1 e2e4 c1b2 e4c4 b2g7 e1f1 a7a5 a2a4 g8h8,Mate
8/pp1r2k1/2p1p3/6p1/1PP1BnP1/P3K2P/8/2R5 w - -,h3h4 f4g6 e4g6 g7g6 h4h5 g6g7 e3e4 d7f7 e4e5 f7f4,112
4R3/8/8/8/6r1/5k1p/4p2K/8 w - -,a3a4 e6e5 b4b5 d7d4 b5c6 b7c6 e4c6 f4d3 c1b1 d3c5,Mate
r1bqnrk1/pp4pp/3p1pn1/2pPp3/2P1PP2/P1P5/2Q1B1PP/R1B1NRK1 w - -,f4f5 g6h8 f1f3 c8d7 a3a4 h8f7 h2h4 g8h8 f3g3 a7a6,141
4r1k1/r4pq1/1p3R2/p2pP1Q1/3P2Pp/3N4/PP5P/6K1 w - -,g5h4 e8e6 f6f5 e6h6 h4d8 g7f8 f5g5 h6g6 g5g6 f7g6,252
2rr3k/6pp/2q1ppb1/p7/1bPPN2P/n2B1N2/P3QPP1/2RR2K1 w - -,c4c5 a3b5 e2e3 b4a3 c1b1 a3b4 h4h5 g6e4 d3e4 c6e8,271
r2qknnr/1p2bpp1/2p1p1b1/p2pP3/P2P3p/N1PB4/1P3PPP/R1BQNRK1 w kq -,d3g6 f8g6 e1d3 g8h6 c1h6 h8h6 d1e2 g6f8 a3c2 h6h8,127
rnb1k2r/pppp1p1p/6pQ/3NN3/2P5/8/P2P1KPP/q1n4R w - -,h1e1 d7d6 h6g5 c1d3 e5d3 a1e1 d3e1 b8c6 g5f6 h8g8,610
8/6pp/8/1p1kp3/1P6/4K3/2P3PP/8 w - -,g2g4 g7g5 e3d3 e5e4 d3e3 d5e5 e3e2 e5d4 e2f2 e4e3,-489
rn2kb1r/1p3ppp/p3b3/4p3/8/2n3P1/PPN1PPBP/R1B1K2R w KQkq -,g2b7 a8a7 b7g2 c3a2 c1d2 a7c7 c2e3 f8b4 f2f4 b4d2,-415
3r2k1/5p2/3p4/2nPnNpp/pp2Pp2/1P3P2/P1R1K1P1/4N3 w - -,c2d2 a4b3 a2b3 g8h7 d2c2 d8b8 c2b2 b8b6 e1c2 g5g4,-129
2rr1bk1/5p1p/2p1q1p1/3p4/3P4/1QRNP3/5PPP/2R3K1 w - -,b3c2 e6f5 d3f4 f5c2 c1c2 c6c5 d4c5 c8c6 g2g3 d5d4,97
3rr1k1/5pp1/2n3b1/ppB1p2p/4P2q/P1PP1Q1P/B4P2/R5RK w - -,g1g6 g8h8 g6c6 d8c8 c6c8 e8c8 c5e3 c8c6 h1h2 c6f6,636
2r3r1/3q1pk1/5p2/1p1p3Q/2pN4/P1P1R3/1P3PPP/6K1 w - -,d4f5 d7f5 h5f5 g8e8 e3g3 g7f8 h2h4 e8e6 f5d5 b5b4,766
r2q1r2/pp2ppkp/3p2p1/2pn4/3nP1bP/3P2P1/PPPQ1PB1/R3K1NR w KQ -,g2h3 g4h3 h1h3 d5f6 c2c3 d4e6 f2f4 g7h8 h4h5 g6h5,-410
3r2k1/1p3pp1/pqp1rb1p/4p3/PP2Q3/2BP2PP/2P2PK1/R3R3 w - -,h3h4 h6h5 e1e2 b6c7 a4a5 d8d5 a1e1 g7g6 e4c4 f6g7,6
2K1N2N/8/8/8/5k2/4p3/1P1Q4/5B2 w - -,a4a5 b6c7 a1b1 d8d5 e4f3 c7d7 e1e4 g7g6 b1e1 f6g7,Mate
4r1k1/p1p2pp1/3b4/1p6/4Ppq1/1P1Q4/PN4K1/4RR2 w - -,a4a5 b6c7 a1b1 d8d5 e4f3 c7d7 e1e4 g7g6 b1e1 f6g7,Mate
r1q2rk1/3n1pbp/p3p1p1/1p1pN3/3P1B2/2PQ3P/PP3PP1/2R1R1K1 w - -,h3h4 h7h5 e1e2 d7e5 f4e5 c8b7 c1e1 a8c8 a2a3 c8c6,23
8/pp1r2k1/2p1p3/4n1P1/1PP1B1P1/P3K3/8/2R5 w - -,e3f4 e5d3 e4d3 d7d3 c1e1 g7f7 g5g6 f7f6 g4g5 f6g7,185
r1bqnrkn/pp4pp/3p1p2/2pPpP2/2P1P3/P1P5/2Q1B1PP/R1B1NRK1 w - -,e1d3 h8f7 a3a4 g7g6 d3f2 b7b6 h2h4 g8h8 g1h2 f8g8,125
8/6pp/8/1p6/1Pk1p3/4K3/2P3PP/8 w - -,g2g3 c4b4 e3d4 e4e3 d4d3 g7g6 d3e3 b4c3 e3f4 c3c2,-622
3r2k1/5p2/3N4/2nPn1pp/1p2Pp2/1p3P2/P1R1K1P1/4N3 w - -,d6f5 b3c2 e1c2 c5d3 f5e7 g8f8 e7c6 d8a8 e2f1 e5c6,-581
5rk1/p4p1p/6p1/3r4/2p5/5P2/PPP1RP1P/2b1K3 w - -,e2e4 c1b2 e4c4 d5d8 c4c6 d8c8 c6d6 g8h8 e1f1 b2g7,-693
r1bqkbnr/pp1n1pp1/2p5/3pp3/7P/2NP1N2/PPP1PPBP/R1BQK2R w KQkq -,a2a3 g8e7 e2e4 d5d4 c3e2 d7f6 c1g5 e7g6 h4h5 h8h5,-42
r2q1rk1/ppp1bppp/2n1b3/2PpP3/8/2N3P1/PP1BPPBP/R2Q1RK1 w - -,d2f4 d5d4 c3e4 a7a5 h2h3 d8d7 g1h2 a8d8 d1d2 e6d5,36
8/6pp/8/1p2k3/1P2p3/4K3/2P3PP/8 w - -,e3f2 e5d4 f2e2 d4c3 e2e3 c3c2 e3e4 c2c3 e4e5 c3b4,-641
3r2k1/1pq1bp2/p1p1r1pp/4p3/PP2Q3/1RBP2PP/2P2PK1/1R6 w - -,b1a1 b7b5 g2g1 f7f5 e4e2 h6h5 c3b2 e7f8 a4b5 c6b5,-19
rn2kb1r/1B3ppp/p7/3bp3/8/2n3P1/PPN1PP1P/R1B1K2R w KQkq -,b7d5 c3d5 c1d2 b8d7 e1h1 f8c5 f1d1 d7f6 a1c1 e8h8,-357
rnb4r/ppNpkp1p/6pQ/4N3/2P5/8/P2P1KPP/q1n4R w - -,h6f4 b8a6 c7d5 e7d6 e5d3 d6c6 h1c1 d7d6 c1a1 c8e6,589
r4rk1/pp1bnpbp/1q4p1/4p3/3pPP2/1B6/PPP1NQPP/R1BR2K1 w - -,f4e5 d7g4 h2h3 g4e2 f2e2 g7e5 e2f2 g8g7 f2h4 e7g8,27
r2q1rk1/2p2ppp/p1n1b3/1pbpP3/4n3/2P2N2/PPBNQ1PP/R1B2RK1 w - -,g1h1 c6e7 d2e4 d5e4 f3g5 e6c4 e2h5 h7h6 f1d1 c4d3,62
r2qkbnr/ppp3pp/2n2p2/3pP3/3P1p1P/5P2/PPP5/RNBQKB1R w KQkq -,c1f4 f8e7 f1b5 f6e5 f4e5 g8h6 b1c3 e8h8 b5c6 b7c6,-36
8/1r6/2k1pn2/2P4p/3P2p1/r3P3/PR2KPP1/2R5 w - -,b2b6 b7b6 c5b6 c6b6 c1c2 h5h4 e2f1 f6e4 f2f3 e4f6,-296
5r2/5pk1/p1r1p1p1/1p1pR2p/3P3P/1PP5/P4PP1/2R3K1 w - -,e5e2 f8c8 e2c2 g7f6 g1f1 f6f5 f1e2 f7f6 e2e3 a6a5,-39
2rr3k/4bbpp/2q1pp2/p7/1nPPN2P/n2B1N2/P2BQPP1/2R1R1K1 w - -,d2b4 a5b4 c4c5 e7f8 e4g3 c8b8 e2e3 a3b5 g3e2 e6e5,171
r2qkbnr/pp2pppp/3p4/8/1p1PP1b1/5N2/P1P2PPP/RN1QKB1R w KQkq -,f1b5 g4d7 b5d7 d8d7 e1h1 g7g6 a2a3 g8f6 f1e1 b4a3,-34
r1bq1r2/pp3pkp/3p1np1/2p1p3/3nP2P/2NP2P1/PPPQ1PB1/R3K1NR w KQ -,g1e2 c8g4 e1h1 a8c8 a2a4 d8a5 f2f3 g4e6 g3g4 d4e2,-49
r2q1rk1/4bppp/Bp1p1n2/4n3/3NP3/2N5/1PP1QPPP/2B2RK1 w - -,f2f4 e5g6 a6b5 a8a1 d4b3 a1a8 c1e3 d6d5 f1d1 e7b4,121
rnbqkbnr/pp2ppp1/2p5/3p4/7P/5N2/PPPPPPBP/RNBQK2R w KQkq -,d2d4 c8g4 c2c4 e7e6 c1f4 g8e7 b1d2 e7f5 e1h1 f8e7,24
rnb4r/ppNpk2p/5pp1/4N1Q1/2P5/8/P2P1KPP/q1n4R w - -,c7d5 e7d6 g5f6 d6c5 d5c3 a1c3 d2c3 h8e8 h1c1 b8c6,515
2r5/5pk1/p1r1p1p1/1p1pR2p/3P3P/1PP5/P4PP1/2R2K2 w - -,e5e3 b5b4 f1e2 b4c3 c1c2 a6a5 e2d3 g7h6 e3f3 c6c7,-30
2rr2k1/5p1p/2p1q1p1/2bp4/3P4/1QR1P3/5PPP/2R3K1 w - -,b3a4 c5d6 c3c6 c8c6 a4c6 d8b8 h2h3 g8g7 g2g3 b8b2,-362
4brk1/pp2n1pp/1qn1pr2/3p4/3P4/2N2N2/PP1QBPPP/3R1RK1 w - -,f1e1 b6d8 h2h3 a7a6 d2e3 e7f5 e3c1 d8d6 c1d2 e8h5,-47
8/1k6/4pn2/2P4p/3P2p1/r3P3/P3KPP1/2R5 w - -,c1d1 a3a2 d1d2 a2d2 e2d2 h5h4 d2e2 f6d5 e2f1 d5c3,-250
r2qkb1r/pppbpppp/1nn5/8/8/5N2/PPPPBPPP/RNBQK2R w KQkq -,d2d4 e7e5 d4e5 d8e7 e1h1 e8a8 f1e1 d7f5 e2d3 e7e6,26
r1bq1rk1/ppppbppp/2n2n2/4p3/4P3/3P2Q1/PPP1BPPP/RNB1K1NR w KQ -,b1c3 d7d5 h2h4 g8h8 c1d2 d5d4 c3b1 a7a5 b1a3 c8e6,-82
3r2k1/5p2/8/3P1N1p/1p2Ppp1/5P2/1n4P1/2K1N3 w - -,e1c2 g4f3 g2f3 b2d3 c1d2 d3e5 c2b4 e5f3 d2e2 f3g5,-296
r2qkn1r/1p2bpp1/2p1p1bn/p2pP3/P2P3p/2PB4/1PN2PPP/R1BQNRK1 w kq -,d3g6 f8g6 c1h6 h8h6 e1d3 g6f8 d1e2 h6h8 g2g4 g7g5,135
3r2k1/4Rpb1/1p4p1/1P1B3p/2Pp3P/6P1/5P2/6K1 w - -,d5f7 g8f8 e7b7 d4d3 f7g6 d3d2 g6h5 d2d1q h5d1 d8d1,60
r3r1k1/3b1ppp/5n2/p2p4/1B1P4/Q1Npn1PP/PPR2P2/2R3K1 w - -,f2e3 a5b4 a3b4 d3c2 c1c2 d7h3 c2f2 a8b8 b4d6 f6g4,114
8/2k5/4pn2/2P4p/3P2p1/r3P3/P3KPP1/1R6 w - -,b1b2 h5h4 b2c2 f6d5 c2b2 d5c3 e2e1 a3a2 b2a2 c3a2,-245
rn1q1rk1/pppb1ppp/4pn2/3p4/2PP4/P1P2NP1/4PP1P/R1BQKB1R w KQ -,f1g2 b8c6 e1h1 c6a5 c4c5 b7b6 f3e5 d8e8 a3a4 b6c5,25
r1bqkbnr/pp1nppp1/2p5/3p4/7P/3P1N2/PPP1PPBP/RNBQK2R w KQkq -,c1f4 e7e5 f4g3 g8e7 b1d2 e7g6 e2e4 d5e4 d2e4 d7c5,30
r1bqkb1r/ppp2ppp/5n2/3Pp3/2B5/5n2/PPPPNPPP/R1BQK2R w KQkq -,g2f3 f6d5 d2d4 d8d6 e1h1 d5b6 c4d3 c8h3 d4e5 d6e5,-28
r1bq1rk1/pp2bppp/2n5/2ppP3/3P4/2PB1Q2/P1PB2PP/R3K1NR w KQ -,,0
8/2k5/4p3/2Pn3p/3P2p1/r3P3/PR2KPP1/8 w - -,e2d2 h5h4 d2e2 d5c3 e2e1 a3a2 b2a2 c3a2 e1f1 a2c3,-253
rn1q1rk1/pppb1ppp/4p3/3n4/3P4/P1P2NP1/4PP1P/R1BQKB1R w KQ -,f1g2 c7c5 e1h1 c5d4 d1d4 b8c6 d4d3 a8c8 c3c4 d5f6,32
6k1/p5pp/1b6/5p2/4P3/P4N2/1P4PP/6K1 w - -,g1f1 f5e4 f3d2 b6d4 b2b3 g8f7 f1e2 f7e6 d2e4 d4b2,28
8/5p1k/8/3P1N1p/1p2PN2/5P2/1K4r1/8 w - -,g1f1 f5e4 f3d2 b6d4 b2b3 g8f7 f1e2 f7e6 d2e4 d4b2,Mate
6k1/5ppp/4q3/1pb2b2/5B2/2P2PP1/PP4KP/R4R2 w - -,g3g4 e6e2 g2g3 f5e6 a1d1 h7h5 g4h5 g8h7 b2b3 c5f2,-529
3r1k2/4RBb1/1p4p1/1P5p/2Pp3P/6P1/5P2/6K1 w - -,e7b7 d4d3 f7g6 d3d2 g6h5 d2d1r h5d1 d8d1 g1g2 d1c1,60
rn1q1rk1/pppb1ppp/5n2/3p4/3P4/P1P2NP1/4PP1P/R1BQKB1R w KQ -,f1g2 d8c8 e1h1 h7h6 c1f4 b8c6 f3e5 d7h3 e5c6 b7c6,6
r3kb1r/3q1ppp/p3pn2/n2p4/Q1B1P1b1/2N1BN2/PP3PPP/R4RK1 w kq -,a4a5 d5c4 f3e5 d7c8 a5a4 f6d7 e5g4 a8b8 g4e5 b8b4,528
r2r2k1/1p3ppb/1n2pq1p/p3N3/Pb1pP3/1Q4P1/NP3PBP/3R1RK1 w - -,e5d3 f6e7 d1a1 d8c8 f1c1 c8c1 a1c1 g7g5 a2b4 a5b4,-26
r1bqkb1r/ppp2ppp/8/3np3/2B5/5P2/PPPPNP1P/R1BQK2R w KQkq -,d2d4 d8d6 e1h1 d5b6 c4d3 c8h3 f1e1 e8a8 d4e5 d6e5,-17
1rq3k1/4bpp1/2Bp2bp/2nPp3/1p2P1P1/1P2QN1P/3N1PK1/R7 w - -,,0
8/2k5/4p3/2P5/3PP1pp/r1n5/PR3PP1/5K2 w - -,e4e5 a3a4 b2c2 c3d5 c2d2 c7c6 g2g3 h4g3 f1g2 g3f2,-377
r1bq1r2/pp2ppk1/3p1np1/2p4p/3nP2P/2NP2P1/PPPQ1PB1/R3K1NR w KQ -,g1e2 d8b6 c3a4 b6a6 a4c3 e7e5 e1h1 c8g4 f2f3 g4e6,-41
8/3R4/5N1k/6p1/1r2p3/5p1P/4nP1K/8 w - -,d7c7 h6g6 f6g4 e2f4 c7c6 g6f7 h3h4 f4d3 c6f6 f7e7,-7
r1bq1rk1/pp3p1p/2n1p2p/1Bb1P3/2p5/2N2N2/PP3PPP/R2QK2R w KQ -,e1h1 d8d1 f1d1 c5e7 a1c1 f8d8 d1d8 c6d8 c3e4 g8f8,75
r4rk1/pp2npbp/1q4p1/4P3/3pP1b1/1B6/PPP1NQPP/R1BR2K1 w - -,h2h3 g4e2 f2e2 g7e5 e2f2 g8g7 f2h4 e7g8 d1d3 a8d8,27
3rkb1r/pppqp1pp/2n2n2/8/6N1/2NP3P/PPP2PP1/R1BQK2R w KQ -,d1e2 f6g4 e2g4 c6d4 e1d1 g7g6 g4d7 d8d7 c3e4 d4e6,319
r1b1qrk1/1p1pnp2/pbp2p1p/3nP3/3P4/1B3N2/PP1Q1PPP/RN2R1K1 w - -,e5f6 d5f6 d2h6 d7d5 h6g5 e7g6 e1e8 f8e8 b1c3 g8g7,325
rnbqkbnr/pp2pppp/2p5/8/3p4/4B3/PPP2PPP/RN1QKBNR w KQkq -,e3c1 e7e5 g1f3 f8d6 f1c4 g8f6 c2c3 c6c5 c1g5 h7h6,-242
rn2k2r/1ppq1p2/3p1n2/p2PpNpp/2P3b1/2B1P1P1/PPQ2PBP/R4RK1 w kq -,f5g7 e8f8 f2f4 f8g7 f4e5 d6e5 f1f6 g7f6 c3e5 f6e5,181
rn2kb1r/pp1q1ppp/5n2/2p5/3p4/2NP1N2/PPP2PPP/R1BQK2R w KQkq -,c3e2 b8c6 e1h1 f8d6 c1f4 d6f4 e2f4 e8h8 d1d2 h7h6,-38
8/3K4/7Q/8/3k4/8/8/8 w - -,c3e2 b8c6 e1h1 f8d6 c1f4 d6f4 e2f4 e8h8 d1d2 h7h6,Mate
1rq5/4bppk/2Bp2bp/2nPp3/1p2P1P1/1P2QNKP/3N1P2/R7 w - -,a1a2 b8b6 a2a7 e7f6 a7a8 b6b8 a8a2 c8c7 g3h2 f6e7,-3
r3kb1r/3q1ppp/p3pn2/Q7/2p1P1b1/2N1BN2/PP3PPP/R4RK1 w kq -,f3e5 d7b7 a5a4 f6d7 e5g4 f8b4 f1d1 b4c3 b2c3 b7b5,525
r1bqk2r/1p2ppb1/p1np1np1/2p4p/4P3/2NPB1PP/PPPQ1PB1/R3K1NR w KQkq -,f2f4 a8b8 g1e2 c8d7 d3d4 c5d4 e2d4 d8c8 e1a1 b7b5,44
r1bqkb1r/3n1ppp/p1pp4/8/5P2/2N5/PPP3PP/R1BQKB1R w KQkq -,c1e3 f8e7 f1d3 a8b8 c3a4 c6c5 e1h1 e8h8 c2c4 d7f6,-27
rn1q1rk1/pp2ppbp/2pp1np1/6B1/2PPPPb1/2N2N2/PP4PP/R2QKB1R w KQ -,h2h3 g4f3 d1f3 d6d5 e4d5 c6d5 e1a1 b8d7 c3d5 f6d5,50
8/2k5/1R2p3/2P5/3PP1pp/2n5/r4PP1/5K2 w - -,a1c1 f6h5 f4f5 g4f3 g2f3 g7f6 g5f6 h5f6 e1d2 e7e6,Mate
r3k2r/pp1b1p2/q3p3/P1bpPp2/3N1P1p/4B2P/1PP3P1/R2QK2R w - -,e1f2 a8c8 d1d2 c5d4 e3d4 d7b5 h1e1 a6c6 a1c1 a7a6,74
8/3R4/6k1/6p1/1r2p1N1/5p1P/4nP1K/8 w - -,,0
8/3K4/8/8/8/3k4/8/7Q w - -,d7c7 e2f4 c7c6 g6f7 c6c5 f7e6 c5g5 f4d3 g5a5 b4b2,Mate
3r1k2/1R3Bb1/1p4p1/1P5p/2P4P/3p2P1/5P2/6K1 w - -,b7d7 d8d7 f7g6 d3d2 g6h5 d7e7 g1g2 e7e1 f2f4 g7d4,-570
r4rk1/pp2npbp/1q4p1/4P3/3pP3/1B5P/PPP1bQP1/R1BR2K1 w - -,f2e2 g7e5 e2f2 g8g7 f2h4 e7g8 d1d3 a8d8 c1d2 d8d6,20
3rkb1r/pppqp1pp/2n5/8/6n1/2NP3P/PPP1QPP1/R1B1K2R w KQ -,c1e3 g4e3 f2e3 e7e5 e1h1 d7e6 a2a3 f8e7 b2b4 d8d7,-504
8/8/3R4/5kp1/1r2p1N1/5p1P/4nP1K/8 w - -,c1e3 g4e3 f2e3 e7e5 e1h1 d7e6 a2a3 f8e7 b2b4 d8d7,Mate
r3kb1r/pp1q1ppp/2n2n2/2p5/3p4/3P1N2/PPP1NPPP/R1BQK2R w KQkq -,e1h1 f8d6 f1e1 e8h8 c1f4 d6f4 e2f4 a7a5 a2a3 a5a4,-24
8/p2k4/5p2/3p4/8/2r3P1/P4P2/4R1K1 w - -,e1e3 d5d4 e3e4 c3c4 g1f1 d7d6 g3g4 d6d5 e4f4 c4c6,-12
r3r1k1/pp1nqppp/3b1n2/2pPp3/2B1P3/2N4P/PP1BQPP1/R2R2K1 w - -,c4d3 e8f8 a2a4 a7a6 a4a5 f6e8 c3a4 g8h8 b2b3 d6b8,154
r3kb1r/1q3ppp/p3pn2/Q3N3/2p1P1b1/2N1B3/PP3PPP/R4RK1 w kq -,a5a4 f6d7 e5g4 a8d8 g4e5 f8d6 e5d7 b7d7 f1d1 d7a4,538
rn1qr1k1/pppb1ppp/5n2/3p4/3P4/P1P2NP1/4PPBP/R1BQK2R w KQ -,c1g5 d7f5 f3h4 f5e6 d1b3 b8d7 b3b7 d8b8 b7b8 a8b8,12
1rq5/4b1pk/2Bp1pbp/2nPp3/1p2P1PP/1P2QNK1/3N1P2/R7 w - -,a1a7 e7f8 h4h5 g6e8 c6e8 c8e8 f3e1 b8a8 a7a8 e8a8,56
r1bqk2r/p1p2ppp/1p1p1nn1/3Pp3/2P1P3/2N1QP2/PP4PP/R3KBNR w KQkq -,e1a1 e8h8 g2g3 h7h6 f1d3 f6h5 c1b1 d8g5 e3f2 f7f5,66
rnbqkb1r/pp2pppp/2p2n2/8/3B4/8/PPP2PPP/RN1QKBNR w KQkq -,a2a4 c8g4 f1e2 g4e2 g1e2 e7e6 e1h1 f8e7 b1c3 e8h8,-123
r3kb1r/1p1n1ppp/p1p1pn2/2Pp1b2/3P1B2/1PN2N1P/1P2PPP1/R3KB1R w KQkq -,b3b4 f8e7 e2e3 e8h8 f1e2 f5e4 f4h2 a8c8 g2g4 h7h6,62
rn1qr1k1/pp1b1ppp/5n2/2pp4/3P4/P1P2NP1/4PPBP/R1BQ1RK1 w - -,c1g5 d7b5 g5f6 d8f6 a1b1 b5a6 d4c5 e8d8 f1e1 f6e7,54
r3kb1r/pp1qpppp/7n/2ppP3/P2n1P2/3P4/1PP3PP/RNBQK1NR w KQkq -,c2c3 d4c6 d1e2 e7e6 g1f3 f8e7 e1h1 d5d4 b1d2 e8a8,-31
3rkb1r/ppp1p1pp/8/8/1n4P1/2NP4/PPP2PP1/R1B1K2R w KQ -,e1d1 c7c5 c1d2 e7e6 c3e4 f8e7 a2a3 b4c6 b2b4 c5c4,379
r3r1k1/5ppp/5n2/3p4/1Q1P4/2N1P1Pb/PPR5/6K1 w - -,c2f2 a8b8 b4d6 f6g4 f2e2 e8c8 d6f4 b8b6 f4f5 b6b8,125
rnb2rk1/pp1q1ppp/2pbp3/6N1/2BP4/2P5/P1P2PPP/R1BQR1K1 w - -,d1h5 h7h6 g5e4 f7f5 e4d6 d7d6 c1h6 d6e7 h6g7 e7g7,450
r3kbnr/pp1qpppp/8/2ppPn2/P4P2/3P4/1PP3PP/RNBQK1NR w KQkq -,g1f3 h7h5 e1h1 e7e6 c2c3 h5h4 d1e2 f8e7 f3g5 g8h6,-47
r1b1kbnr/pp2pppp/1q1p4/8/1p1PP3/5N2/P1P2PPP/RN1QKB1R w KQkq -,b1d2 g7g6 a1b1 a7a5 f1d3 f8g7 c2c3 g8f6 e1h1 e8h8,-75
8/6k1/3R4/6p1/1r2p1N1/5p1P/4nP1K/8 w - -,,0
2r3k1/5p1p/2prq1p1/2Rp4/3P4/1Q2P3/5PPP/2R3K1 w - -,c1c2 g8g7 h2h3 h7h5 b3c3 e6e8 c5a5 c8b8 a5a6 h5h4,14
rnb1kbnr/pp2pppp/2p5/q7/2P5/1P6/P2P1PPP/RNBQKBNR w KQkq -,g1e2 c8f5 a2a3 b8d7 c1b2 g8f6 b3b4 a5c7 e2g3 f5g6,-77
6rk/p1pR2pp/1bp1P3/5r2/4N3/6Q1/Pq3PPP/4R1K1 w - -,d7d1 f5e5 e4g5 e5g5 g3g5 b6f2 g1h1 f2e1 d1e1 b2b4,14
r1b2r1k/pp4n1/3P1b2/2P2qp1/1PB1R1p1/P4p1P/1BQ2P2/4R1K1 w - -,h3g4 f5g6 e4e8 c8f5 e8a8 f8a8 g4f5 g6h5 e1e4 h5h3,611
r3kb1r/pp3ppp/2n2n2/2p5/3p1Bq1/3P1N2/PPP1NPPP/R2QK2R w KQkq -,f4g3 f8e7 e1h1 e8h8 f1e1 f8e8 g3h4 f6d5 h4e7 c6e7,-27
8/pp6/2p1pk2/8/1PP1BK2/P7/2R5/3r4 w - -,c4c5 d1f1 e4f3 a7a6 c2c3 f1e1 f3e4 e6e5 f4f3 f6e6,317
2rr2k1/4qpp1/1np4p/p3pP2/Pb2B3/8/1PQB1PPP/R4RK1 w - -,f5f6 e7c5 c2c5 b4c5 d2a5 d8d4 e4c2 b6d5 f1c1 c8a8,86
r3kb1r/1q1n1ppp/p3p3/4N3/Q1p1P1b1/2N1B3/PP3PPP/R4RK1 w kq -,e5g4 a8d8 g4e5 f8d6 e5d7 b7d7 f1d1 d7a4 c3a4 e8e7,524
r1bqk2r/1p1nppb1/p2p1npp/2p5/P1BPPB2/2N2P2/1PPQ2PP/R3K1NR w KQkq -,d4c5 d7c5 a4a5 b7b5 a5b6 d8b6 b2b3 c8e6 c4e6 c5e6,37
1rq1b3/4b1pk/2Bp1p1p/2nPp2P/1p2P1P1/1P2QNK1/3N1P2/R7 w - -,c6e8 c8e8 a1d1 b8a8 f3h4 a8a2 e3f3 h7g8 f3f5 a2c2,38
r4k2/8/3pp2p/pB5b/4Pq1p/2B2P2/PPP3PP/2KR3R w - -,c1b1 f4g5 a2a4 g5g2 d1g1 g2f2 c3e1 f2e3 e1h4 a8c8,145
rnb1k2r/ppp2pp1/3bpq1p/3p4/3P4/2P1PN2/PP1N1PPP/R2QKB1R w KQkq -,e3e4 d5e4 d2e4 f6e7 f1d3 b8d7 d1e2 b7b6 e1a1 c8b7,43
8/8/8/3p4/3Kb3/8/7Q/5k1N w - -,e3e4 d5e4 d2e4 f6e7 f1d3 b8d7 d1e2 b7b6 e1a1 c8b7,Mate
1Rn1r1k1/6p1/3pP2p/1prNp3/8/6P1/5P1P/3R2K1 w - -,h2h4 e8e6 g1g2 e5e4 d5f4 e6e8 d1d5 g8f7 d5c5 d6c5,-21
r1bqk2r/4bppp/p1pp4/2n5/5P2/2NB4/PPP3PP/R1BQ1RK1 w kq -,d3e2 e8h8 c1e3 d6d5 d1d2 f8e8 a1d1 c8f5 e2f3 a8b8,-36
8/1R3pk1/2P3p1/7p/3K3P/5rP1/8/8 w - -,d3e2 e8h8 c1e3 d6d5 d1d2 f8e8 a1d1 c8f5 e2f3 a8b8,Mate
r1b2b1r/p2kp1pp/5n2/3Pq3/Pp1P1B2/6P1/1P3PBP/R3K2R w KQ -,f4e3 e5f5 d5d6 f6d5 d6e7 f8e7 h2h4 d7e8 e1h1 c8b7,-802
2rqk1r1/1b2bp2/p2pp1n1/1p2n1p1/3NP1P1/P1N3R1/1PP1QP2/1KBR3B w - -,e2d2 d8b6 d2e1 g8h8 h1g2 g6f4 g2f1 e5g6 c1e3 b6a5,-47
r7/4k3/3pp2p/pB5b/4Pq1p/2B2P2/PPP3PP/1K1R3R w - -,a2a4 h4h3 g2g4 h5e8 b5e8 a8e8 d1d3 f4g5 h1g1 g5c5,171
r1bqkb1r/pp1npppp/2p2n2/8/3B4/5N2/PPP2PPP/RN1QKB1R w KQkq -,f1d3 e7e6 e1h1 f8c5 d4c3 e8h8 d1e2 c5e7 a2a4 f6d5,-96
r2qkb1r/pppb1ppp/1nn1p3/8/3P4/5N2/PPP1BPPP/RNBQK2R w KQkq -,c2c4 c6e7 b1c3 g7g6 c1f4 f8g7 d1b3 e8h8 e1h1 d7c6,73
8/pp6/2p2k2/4p3/1PP1BK2/P1R5/8/3r4 w - -,f4f3 a7a6 c4c5 d1e1 c3d3 f6e7 d3e3 e1a1 f3e2 a6a5,310
r4rk1/pp2np1p/1q4p1/4b3/3pP3/1B5P/PPP1Q1P1/R1BR2K1 w - -,e2f2 g8g7 f2h4 e7g8 d1d3 a8d8 c1d2 f7f6 g1h1 b6c7,11
r3kb1r/pp3ppp/2n5/2p4n/3p2q1/3P1NB1/PPP1NPPP/R2QK2R w KQkq -,e1h1 h5g3 e2g3 e8a8 f1e1 f7f6 d1e2 g4d7 e2e6 f8d6,4
4k3/2R2p2/6p1/2P4p/7P/2r2PP1/4K3/8 w - -,e2f2 c3b3 c5c6 b3c3 f3f4 f7f6 c7c8 e8e7 c6c7 c3c6,12
r1b1qrk1/1p1pnp1n/pbp4Q/8/3P4/1B3N2/PP3PPP/RN2R1K1 w - -,f3g5 h7f6 e1e3 d7d5 h6f6 b6d4 f6d4 e7f5 d4d3 e8d7,551
3r1k2/1R4b1/1p4B1/1P5p/2P4P/6P1/3p1P2/6K1 w - -,b7f7 f8g8 f7g7 g8g7 g6h5 d2d1q h5d1 d8d1 g1g2 d1c1,-474
r1bq1rk1/1p2ppbp/p1np1np1/8/P3P3/2N3P1/1PP1NPBP/R1BQK2R w KQ -,e1h1 a8b8 c3d5 b7b5 a4b5 a6b5 c2c3 b5b4 c1g5 b4c3,-3
r1bq1rk1/4bppp/p1pp4/2n5/5P2/2NB4/PPP3PP/R1BQR1K1 w - -,c3e4 c5d3 d1d3 c8f5 d3e2 d8b6 c1e3 b6b2 e1b1 b2a3,-74
rnbqk2r/ppppbppp/3n4/8/2BQ4/2P2N2/PP3PPP/RNB1K2R w KQkq -,e1h1 d6c4 d4g7 h8f8 c1h6 d7d5 f3d4 c8e6 f2f4 d8d6,-78
8/8/8/3p4/3K4/4Q3/6b1/5N1k w - -,e1h1 d6c4 d4g7 h8f8 c1h6 d7d5 f3d4 c8e6 f2f4 d8d6,Mate
2rq1rk1/1p3p2/p1n1p2p/3pPbp1/5P2/1B4B1/PPP1Q1PP/2KR3R w - -,c1b1 c6a5 d1d2 d5d4 e2f2 d4d3 c2c3 b7b5 f4g5 b5b4,-141
6rk/p1pRP1pp/1bp5/4r3/4N3/6Q1/Pq3PPP/4R1K1 w - -,g3h4 b2b4 d7d1 g8e8 a2a3 b4e7 h4e7 e5e7 g1f1 h7h6,-66
r2qkbnr/ppp2ppp/2n1b3/8/2B5/1Q2pN2/PP3PPP/RNB2RK1 w kq -,b3b7 e3f2 f1f2 c6a5 c4b5 c7c6 b5c6 a5c6 b7c6 e6d7,84
r1bqkb1r/pp1npp1p/2p2np1/8/3B4/2N2N2/PPP2PPP/R2QKB1R w KQkq -,d1e2 f8g7 e1a1 e8h8 h2h4 d8c7 f3g5 c6c5 c3d5 f6d5,-94
8/pp6/2p2k2/4p3/1PP1B3/P1R1K3/8/4r3 w - -,e3f3 f6e6 c4c5 e6d7 c3e3 e1a1 e4c2 a1c1 c2f5 d7c7,321
3r1k2/1R4b1/1p6/1P5B/2P4P/6P1/5P2/3q2K1 w - -,h5d1 d8d1 g1g2 d1c1 b7b6 c1c4 b6b7 g7d4 b7d7 c4b4,Mate
8/2R2p2/5kp1/7p/2P4P/2r2PP1/5K2/8 w - -,c7c8 f6e7 f2e2 e7d7 c8c5 d7e6 c5c7 e6f6 e2f2 f6e6,5
r3kb1r/pp3ppp/2n1q3/2p4n/3p4/3P1NBP/PPP1NPP1/R2QK2R w KQkq -,e1h1 e8a8 f1e1 e6f5 g3h4 f7f6 e2g3 h5g3 h4g3 f5d5,37
8/pp6/2p2k2/4p3/1PP1B3/P1R2K2/8/7r w - -,f3e2 h1h2 e2d1 f6e6 c4c5 h2h4 c3e3 h4h2 d1c1 a7a6,329
1r2q3/4b1pk/3p1p1p/2nPp2P/1p2P1P1/1P2QNK1/3N1P2/R7 w - -,a1d1 b8a8 f3h4 f6f5 h4f5 e7g5 e3f3 g5d2 d1d2 e8f8,43
5b1r/1pk2ppp/p1n1b3/4p3/8/4B1P1/PP2PPBP/RN4K1 w - -,b1d2 f8e7 f2f4 h8d8 d2f3 e5f4 e3f4 e7d6 f4e3 h7h6,-10
rnbqk2r/pp3ppp/4pn2/2p5/3PP3/P1P2P2/6PP/R1BQKBNR w KQkq -,f1d3 e8h8 g1e2 b8c6 c1e3 b7b6 e1h1 c8b7 d1e1 a8c8,103
r1b1qr1k/1p2np2/pbp5/3p2Q1/3P4/1B2R3/PP3PPP/RN4K1 w - -,e3e7 c8f5 e7e8 a8e8 b1c3 f5c8 g5f6 h8g8 b3d5 c6d5,582
8/4kp2/2R3p1/7p/2P4P/2r2PP1/5K2/8 w - -,c4c5 e7d8 c6d6 d8e7 d6d5 e7e6 d5g5 f7f6 g5g6 e6f7,5
5k2/1R4b1/1p6/1P6/2P4P/6P1/5P2/3r2K1 w - -,g1g2 d1c1 b7b6 c1c4 b6c6 c4b4 c6c5 g7f6 g2h3 f8e7,54
r1bqnrk1/pp3ppp/3p2n1/2pPp3/2P1P3/P1P5/2Q1BPPP/R1B1NRK1 w - -,e1f3 h7h6 a3a4 b7b6 f1e1 e8f6 f3d2 f6h7 d2f1 f7f5,6
r1bqkb1r/1pp1nppp/p1np4/8/B2pP3/2N5/PPPP1PPP/R1BQK2R w KQkq -,c3d5 b7b5 a4b3 c6a5 d2d3 c7c6 d5e7 f8e7 f2f4 e8h8,-434
r2qkb1r/ppp2ppp/3ppn2/5bN1/1n1P1P2/2N1P3/PPP3PP/R1BQKB1R w KQkq -,e3e4 f5g6 a2a3 b4c6 d4d5 e6d5 e4d5 c6e7 f1c4 d8d7,61
rn1q1rk1/ppp2ppp/3pb3/3Np3/1bBPn3/5N2/PPP2PPP/R1BQ1RK1 w - -,d1e2 c7c6 d5b4 d6d5 a2a4 e4d6 c4b3 e5e4 f3g5 d8b6,239
r3kb1r/pp3ppp/2n3q1/2p4n/3p4/3P1N1P/PPP1NPPB/R2QK2R w KQkq -,g2g4 e8a8 h1g1 h7h6 g4h5 g6h5 e2f4 h5f5 f3d2 g7g5,119
1r1r2k1/p4pp1/3b3p/q1pQp3/8/8/P1PP1PPP/RNB2RK1 w - -,b1c3 a5c7 g2g3 c5c4 a1b1 b8b1 c3b1 d6c5 d5e4 d8d4,427
rnbq1rk1/pp3pbp/5pp1/3p4/3PP3/2N2N1P/PP3PP1/R2QKB1R w KQ -,e4e5 b8c6 e5f6 d8f6 f1b5 f8e8 e1f1 e8d8 g2g3 c6d4,-164
4k3/5p2/2R3p1/2P4p/7P/2r2PP1/5K2/8 w - -,c6c7 c3b3 c5c6 b3c3 f3f4 f7f6 c7c8 e8f7 f2e1 f7e6,14
r1bqkb1r/1pp2ppp/p1np4/3n4/B2pP3/8/PPPP1PPP/R1BQK2R w KQkq -,e4d5 d8e7 e1f1 b7b5 a4b3 c6a5 d1f3 e7f6 f3f6 g7f6,-406
r5k1/pp2qpnp/2p3p1/2Ppr3/1P6/3bP1N1/P1Q2PPP/R3R1K1 w - -,c2d3 a8e8 e1d1 h7h5 h2h3 a7a6 a1b1 g7f5 g3f5 e5f5,-35
r2q1r2/pp1bppkp/3p1np1/2p5/3nP2P/2NP2P1/PPPQ1PB1/R3K1NR w KQ -,c3e2 d8b6 c2c3 d4c6 c3c4 h7h5 f2f4 b6a6 a2a4 a8b8,-34
5k2/2R2p2/2P3p1/7p/7P/2r2PP1/4K3/8 w - -,e2d2 c3c5 d2d3 c5c1 d3d4 c1d1 d4c5 d1c1 c5b6 c1b1,368
4r1k1/r3qp2/pp2n3/3pP1p1/3P2Pp/3NQR2/PP5P/5RK1 w - -,f3f6 e7f8 f1f5 a7c7 h2h3 f8g7 d3b4 e6f4 f5f4 g5f4,163
8/pp6/2p2k2/4p3/1PP1B3/P1R5/5K2/r7 w - -,f2e2 f6e6 c4c5 a7a6 c3d3 a1a2 e2d1 a2f2 d1c1 e6e7,332
r4rk1/2q1bppp/1p1p1n2/1B2n3/3NP3/2N5/1PP1QPPP/2B2RK1 w - -,f2f4 c7c5 f1d1 e5g6 c1e3 c5b4 d4c6 b4b2 f4f5 e7d8,169
r1bq1rk1/1pp1npbp/p1np2p1/1B2p3/4P3/2NP1N1P/PPP2PP1/R1BQR1K1 w - -,b5c6 e7c6 c3d5 f7f5 a2a4 a6a5 e4f5 g6f5 c2c4 f5f4,-50
8/1n4Q1/pk1b4/7p/2p5/2P3P1/5P1P/6K1 w - -,g7h6 a6a5 h6h5 a5a4 h2h4 a4a3 h5e2 b7c5 h4h5 d6f8,715
rn1q1rk1/ppp2ppp/3pb3/3np3/1bBPP3/5N2/PPP2PPP/R1BQ1RK1 w - -,a2a3 d5e3 c1e3 e6c4 a3b4 c4f1 d1f1 b8c6 f1b5 e5d4,-163
1r1r2k1/p4pp1/3b3p/2pQp3/1q6/2N5/P1PP1PPP/R1B2RK1 w - -,a1b1 b4d4 b1b8 d8b8 d5e4 c5c4 e4e2 d6c5 g2g3 c5b6,454
rn1qk2r/pp3pp1/2pbpn1p/3p1b2/3P4/2P1P1P1/PP1NNPBP/R1BQK2R w KQkq -,f2f3 d6e7 e3e4 f5h7 e4e5 f6d7 f3f4 c6c5 d2f3 d8b6,-22
r3kbnr/pp1bpppp/1q1p4/8/1p1PP3/3B1N2/P1P2PPP/RN1QK2R w KQkq -,b1d2 g7g6 a2a3 f8g7 e1h1 b4a3 a1a3 g7d4 a3b3 b6c5,-21
r4rk1/2q1bppp/1p1p1nn1/1B6/3NPP2/2N5/1PP1Q1PP/2B2RK1 w - -,c1e3 f8c8 d4f5 c8d8 b5d3 a8a5 e2f3 d6d5 e4e5 f6e4,159
8/1n5Q/pk6/4b2p/2p5/2P3P1/5P1P/6K1 w - -,h7h6 b6c5 h6h5 c5d6 h5g6 d6d7 g6f7 d7d6 f7c4 b7c5,730
r1b1k2r/1pq1ppb1/p1np1np1/2p4p/4P3/2NPB1PP/PPPQNPB1/R3K2R w KQkq -,f2f4 a8b8 d3d4 c5d4 e2d4 c8d7 e1a1 b7b5 d4c6 d7c6,45
4rqk1/r4p2/pp2nR2/3pP1p1/3P2Pp/3NQ3/PP5P/5RK1 w - -,h2h3 f8g7 f1f5 a7c7 d3b4 e6f4 f5f4 g5f4 e3f4 c7d7,185
r2qrbk1/1p3pp1/p5p1/3pn3/1P3BP1/P3P2P/5P2/2RQR1K1 w - -,f4e5 e8e5 e1e2 e5e6 e2d2 a8c8 c1c8 d8c8 d2d5 c8c6,-418
2r2rk1/1p2qpp1/p1p1b1np/3pP2Q/PP6/1BP2NRP/5PP1/4R1K1 w - -,b3c2 g8h8 f3d4 g6f4 h5f3 g7g5 h3h4 f8g8 h4g5 h6g5,241
r2k3r/5ppp/p1p1p3/3nPb2/1b3B2/2N5/PPP3PP/2KR1B1R w - -,f4d2 a6a5 a2a3 b4e7 c3a4 d8c7 f1e2 h7h5 h1f1 h5h4,46
1r1r2k1/p4pp1/3b3p/2pQp3/6q1/2N5/P1PP1PPP/1RB2RK1 w - -,b1b8 d8b8 d5d6 b8e8 d6c5 g4c8 c5a3 e5e4 c3d5 c8c4,693
1rbq1r2/pp2ppkp/3p1np1/2p5/3nP2P/2NP2P1/PPPQ1PB1/R3K1NR w KQ -,c3e2 h7h5 e2d4 c5d4 g1f3 d8b6 e1h1 c8g4 c2c3 d4c3,-35
r1bqnrk1/pp4pp/3p2n1/2pPpp2/2P1P3/P1P3P1/2Q1BP1P/R1B1NRK1 w - -,f2f3 f5f4 e1d3 c8h3 f1f2 d8g5 c2d1 e8f6 e2f1 h3d7,-66
rn1q1rk1/ppp2ppp/3p4/b2Pp3/2BP2b1/2P2N2/PP3PPP/R1BQ1RK1 w - -,a2a4 e5e4 h2h3 g4h5 g2g4 h5g6 f3e1 c7c6 b2b4 a5c7,99
8/1n6/pk6/7Q/2p5/2b3P1/5P1P/6K1 w - -,h5g6 b6c5 g6f5 c5b6 f5e6 b6b5 e6e8 b5b4 e8b8 b4b3,731
3qr1k1/2p2ppp/p7/1p6/n1n2P2/1NP3PP/PPB2Q2/1K5R w - -,b3c5 c4b2 h1e1 e8e1 f2e1 a4c5 b1b2 g8f8 e1h1 g7g6,-146
r1bq1rk1/pp3p1p/4p2p/1Bb1P3/2pn4/5N2/PP1N1PPP/R2Q1RK1 w - -,d2e4 d4b5 d1c1 b5d4 f3d4 c5d4 e4f6 g8g7 f1d1 d8b6,79
r1bq1rk1/pp1n1pbp/5pp1/3P4/3P4/2N2N1P/PP3PP1/R2QKB1R w KQ -,f1d3 d7b6 d1b3 a7a5 e1h1 a5a4 b3d1 d8d6 b2b3 c8d7,-21
2r2r1k/1p2qpp1/p1p1b1np/3pP2Q/PP6/2P2NRP/2B2PP1/4R1K1 w - -,f3d4 c8e8 c2g6 f7g6 h5g6 e7d7 a4a5 f8f4 e1e3 d7f7,284
r3r1k1/ppp2pp1/2nq1n1p/2bpp2b/4P3/1BPP1NNP/PP3PP1/R1BQR1K1 w - -,g3h5 f6h5 e4d5 e5e4 d3e4 c6e5 f3d4 h5f6 c1f4 d6a6,308
r1r3k1/2q1bppp/1p1p1nn1/1B6/3NPP2/2N1B3/1PP1Q1PP/5RK1 w - -,b5c6 e7f8 c6a8 c8a8 e2d3 a8e8 d4f5 c7c6 f5g3 h7h5,185
8/8/pk6/2n1b1PQ/2p5/8/5P1P/6K1 w - -,h5g6 b6c7 g6f7 c7d6 f7c4 c5e6 h2h4 a6a5 g1g2 a5a4,712
2rr2k1/5pp1/1np2q1p/p3p3/Pb2B3/8/1PQB1PPP/R4RK1 w - -,d2b4 a5b4 a4a5 b6d5 a5a6 c8a8 f1c1 d8d6 a6a7 f6e7,102
1qr3k1/2r1nppp/1p1p4/2nPp3/2P1P3/R2N2P1/3N1P1P/1Q1R2K1 w - -,d3c5 b6c5 b1b8 c8b8 d1b1 b8d8 a3a6 g8f8 g1g2 e7c8,141
r2qnrk1/pp4pp/3p2n1/2pPpb2/2P5/P1P3P1/2Q1BP1P/R1B1NRK1 w - -,e2d3 f5d3 e1d3 d8d7 a3a4 e8f6 f2f4 f6g4 h2h3 e5f4,-80
2r2r1k/1p2qpp1/p1p1b2p/3pP2Q/PP1N1n2/2P3RP/2B2PP1/4R1K1 w - -,h5f3 e7h4 g3g4 f4h3 g2h3 e6g4 h3g4 a6a5 g1g2 a5b4,300
rn1q1rk1/5ppp/1pp1pn2/p7/2PPb3/PQ1BPNB1/5PPP/R3K2R w KQ -,d3e2 b8d7 e1h1 e4g6 f3d2 a8c8 g3d6 f8e8 b3b2 c6c5,113
r3k3/ppqb1p1p/3np1r1/8/3P1Q2/P1P3P1/4NPBP/R3K2R w - -,a3a4 a8c8 f2f3 d6f5 f4c7 c8c7 e1f2 f5d6 f3f4 d7c6,52
r1bq1rk1/ppp1npb1/2np2pp/1B2p3/4P3/2NP1N1P/PPP2PP1/R1BQR1K1 w - -,a2a3 f7f5 a3a4 f5f4 c3d5 g6g5 b5c4 g8h7 a4a5 e7g6,-44
rn1q1rk1/ppp1b1pp/3ppn2/4p1B1/2P1P3/3P1N2/PP3PPP/RN1QK2R w KQ -,e1h1 c7c5 g5e3 b8c6 b1c3 d8e8 f3g5 e7d8 a2a3 c6d4,-31
r1bqkb1r/pp2pppp/2n5/2ppP3/5B2/2P2Q2/PPP2PPP/R3KBNR w KQkq -,,0
8/8/5p2/7p/4k2P/8/5K2/8 w - -,f2g2 e4f4 g2f2 f6f5 f2e2 f4g3 e2e3 f5f4 e3e2 f4f3,-6813
2r2r1k/1p3pp1/p1p1b2p/3pP3/PP1N1n1q/2P2QRP/2B2PP1/4R1K1 w - -,g3g4 f4h3 g2h3 e6g4 h3g4 g7g6 g1g2 c8e8 a4a5 h6h5,323
8/8/pk4P1/4b2Q/2p5/3n4/5P1P/6K1 w - -,h5f5 a6a5 g1f1 a5a4 f2f4 e5a1 f5d5 d3f4 d5d6 b6b5,753
2r5/4k3/3pp2p/pB5b/4Pq1p/2B2P2/PPPR2PP/1K5R w - -,c3a5 h4h3 g2g4 h5e8 b5e2 c8b8 b2b3 f4e3 b1b2 e3c5,140
3r3r/1p2bkpp/pNn1b3/4pp2/8/4B1P1/PP2PPBP/R2R2K1 w - -,b6d5 h8e8 b2b3 e5e4 d5e7 c6e7 f2f3 d8d1 a1d1 e7d5,16
r6r/4kppp/p1p1p3/3nPb2/1b3B2/8/PPP1N1PP/2KR1B1R w - -,e2d4 h8c8 d4f5 e6f5 f4g5 e7f8 f1c4 h7h6 g5d2 b4d2,41
r3r1k1/pppq1pp1/2n2n1p/2bppN1b/4P3/1BPP1N1P/PP3PP1/R1BQR1K1 w - -,f5g3 d5e4 g3h5 f6h5 d3e4 d7d1 e1d1 h5f6 b3c2 a7a5,43
r4rk1/pp3ppp/3q4/2p4n/1n1p4/3P1N1P/PPPQNPP1/2KR2R1 w - -,a2a3 b4d5 d1e1 a8e8 d2g5 g7g6 g5h6 b7b5 g2g4 h5f4,-42
4r1k1/5pp1/2n3b1/ppB1p2p/4P2q/P1Pr1Q1P/B4P2/R5RK w - -,g1g3 d3f3 g3f3 h4e4 h1g2 e8d8 a3a4 d8d3 c5e3 b5b4,-715
rnbq1rk1/pp3ppp/5n2/3p4/3Pp3/2B3PN/PP2PPBP/R2QK2R w KQ -,f2f3 b8c6 e1h1 f8e8 f3e4 c8h3 g2h3 e8e4 h3f5 e4e7,-41
2rr2k1/5pp1/2p2q1p/P2np3/1p2B3/8/1PQ2PPP/R4RK1 w - -,g2g3 c8a8 a5a6 f6d6 h2h4 a8a7 f1c1 d5e7 e4g2 g7g6,85
1r1q4/R3b1pk/3p1p1p/2nPp2P/1p2P1P1/1P2QNK1/3N1P2/8 w - -,f3h4 b8a8 a7a8 d8a8 e3f3 h7g8 h4g6 e7f8 f3f5 a8e8,123
2r2r1k/1p3pp1/p1p1b2p/3pP3/PP1N2Rq/2P2Q1n/2B2PP1/4R1K1 w - -,g2h3 e6g4 h3g4 c8e8 g1g2 g7g6 a4a5 h8g8 f3g3 h4g3,327
8/2R2p2/4k1p1/7p/2P4P/2r2PP1/4K3/8 w - -,c4c5 e6e5 c5c6 e5e6 e2f2 e6f6 c7c8 f6e7 c6c7 e7d6,12
5k2/2R2p2/6p1/2P4p/7P/2r2PP1/5K2/8 w - -,f2e2 f8e8 e2f2 e8f8 c5c6 f8e8 f3f4 f7f6 c7c8 e8f7,15
r2q4/R3b1pk/3p1p1p/2nPp2P/1p2P1PN/1P2Q1K1/3N1P2/8 w - -,a7e7 d8e7 d2c4 e7c7 e3f3 h7g8 g3h2 a8a2 h4g6 c7d8,-146
5k2/8/4R3/8/8/4K3/8/8 w - -,a7e7 d8e7 d2c4 e7c7 e3f3 h7g8 g3h2 a8a2 h4g6 c7d8,Mate
r1bqkb1r/ppp2ppp/2n2n2/8/3p3P/PP6/1B1PPPP1/RN1QKBNR w KQkq -,g1f3 c8g4 d2d3 f8d6 b1d2 e8h8 d1c2 f8e8 f3d4 c6d4,-77
2Q5/p5pk/1p4p1/3p1r2/3P1P1K/4P3/P1R5/1qB5 w - -,h4g4 b6b5 c2h2 f5h5 c8c2 b1c2 h2c2 a7a5 g4f3 b5b4,377
r1b1kb1r/p1p2ppp/1pnq4/4p3/Q2PPB2/5P2/PP4PP/R3KBNR w KQkq -,e1a1 e5f4 e4e5 d6g6 f1d3 b6b5 d3b5 c8d7 e5e6 g6e6,-49
r4rk1/pp3ppp/4q3/2p4n/1n1p4/3P1N1P/PPPQNPP1/1K1R2R1 w - -,e2c1 e6d6 c1e2 a8e8 d1e1 h7h6 h3h4 d6d5 b2b3 a7a5,-42
2Q5/p5pk/1p4p1/3p3r/3P1PK1/4P3/P1R5/1qB5 w - -,f4f5 h5f5 c2h2 f5h5 c8c2 b1c2 h2c2 h5f5 c1a3 f5f6,417
3q1rk1/1p3p2/p3p2P/3pPb2/8/1P4B1/1Pr1Q1PP/2KR3R w - -,e2c2 d8g5 d1d2 f5c2 c1c2 g5g6 c2d1 g6b1 d1e2 b1h1,Mate
8/8/p5PQ/2k1b3/2p5/3n4/5P1P/6K1 w - -,h2h4 c5d5 h4h5 c4c3 h6e3 d3f4 g6g7 e5g7 e3f4 g7d4,785
q7/4b1pk/3p1p1p/2nPp2P/1p2P1PN/1P2Q1K1/3N1P2/8 w - -,e3f3 h7g8 f3f5 e7f8 h4g6 a8e8 g3f3 g8f7 f3g2 f7g8,131
r2q1rk1/ppp2ppp/5b2/2PNn3/6b1/4P1P1/PP1B1PBP/R2Q1RK1 w - -,d5f6 d8f6 f2f3 g4d7 f3f4 e5c6 d1b3 f8b8 b3c3 f6e7,152
8/2p5/1p2k2P/p5n1/P7/1P1KN1P1/8/8 w - -,d3d4 e6f7 e3d5 f7g6 d5c7 g5f3 d4c3 g6h6 c7d5 h6h5,554
2rr2k1/pp2ppbp/5np1/7q/1nNPb3/1P3NPB/PB2QP1P/3RR1K1 w - -,f3d2 h5h3 d2e4 b4d5 c4e5 f6e4 e2e4 h3e6 e4f3 c8c2,-48
rnbqr1k1/pp3ppp/5n2/3p4/3Pp3/2B2PPN/PP2P1BP/R2QK2R w KQ -,e1h1 b8c6 f3e4 c8h3 g2h3 f6e4 f1f4 e8e7 h3g2 d8d7,-28
rnb2rk1/ppp2ppp/8/3pb3/8/P1N3PP/1PP3K1/R1B2B1R w - -,g3g4 c7c6 f1d3 b8d7 h1e1 f7f6 c3e2 d7c5 e2f4 f8e8,-339
4r2r/pppb1kp1/5n1p/2q5/8/1PN2PP1/1PPP4/R1BQ1K1R w - -,b3b4 c5b4 f1g2 d7c6 d2d3 h8f8 h1h4 b4d6 c1f4 d6c5,-48
r3r1k1/pppq1pp1/2n4p/2bppN1b/4P1n1/1BPP1N1P/PP3P2/R1BQR1K1 w - -,h3g4 h5g4 c1e3 d5d4 c3d4 e5d4 e3f4 c5b4 e1f1 a7a5,89
r4rk1/ppp2ppp/5q2/2P1n3/6b1/4P1P1/PP1B1PBP/R2Q1RK1 w - -,f2f3 g4d7 f3f4 e5c6 d1b3 f8b8 b3c3 f6e7 b2b4 a7a6,156
8/2p5/1p2k2P/p7/P2K4/1P2NnP1/8/8 w - -,d4c3 f3g5 c3c4 e6f7 c4d5 f7g6 d5c6 g5e6 c6d7 e6d4,579
8/1q2b1pk/3p1p1p/2nPpN1P/1p2P1P1/1P2Q1K1/3N1P2/8 w - -,d2c4 b7d7 e3f3 h7g8 f5h4 e7d8 g3h2 d8e7 h4g6 e7d8,111
2r2r1k/1p3pp1/p1p4p/3pP3/PP1N2bq/2P2Q1P/2B2P2/4R1K1 w - -,h3g4 c8e8 g1g2 g7g6 a4a5 h8g8 f3g3 h4g3 g2g3 e8e7,335
rnbqk2r/1p2bp2/p2ppn1p/6p1/3NP1P1/2N1B2P/PPP2PB1/R2QK2R w KQkq -,d1e2 b8d7 e1a1 d7e5 d4f3 d8c7 f3e5 d6e5 h3h4 h8g8,81
r1q3k1/PQ3pp1/7p/2p5/8/1P2P1P1/5P1P/2n2BK1 w - -,b7b6 c8d7 b6b8 d7d8 b8d8 a8d8 f1g2 d8d1 g2f1 c1e2,-107
8/2p5/1p2k2P/p5n1/P3K3/1P2N1P1/8/8 w - -,e4d4 g5f3 d4e4 f3g5 e4d3 e6e5 g3g4 e5f6 e3d5 f6g6,571
r3r1k1/pp3ppp/4q3/2p4n/1n1p4/1P1P1N1P/P1PQNPP1/1K1R2R1 w - -,e2d4 e6f6 d4b5 h5f4 b5c3 b4d5 c3d5 f4d5 d3d4 e8e2,-57
2r3k1/P4pp1/7p/2p5/8/1P2P1P1/5P1P/2n2BK1 w - -,f1c4 c8a8 g1f1 a8a7 f1e1 a7a8 e1d2 c1a2 f2f4 a8d8,-551
rnbqk2r/p3ppbp/2p2np1/1p1p4/3P1P2/2PBPN2/PP4PP/RNBQ1RK1 w kq -,a2a4 b5a4 b1d2 e8h8 a1a4 a7a5 b2b4 c8b7 d2b3 a5b4,82
8/2k1K1n1/Q7/8/8/8/8/8 w - -,a2a4 b5a4 b1d2 e8h8 a1a4 a7a5 b2b4 c8b7 d2b3 a5b4,Mate
8/6Q1/p7/3k4/2p5/3n4/5P1P/6K1 w - -,h2h4 d3e5 h4h5 c4c3 g7b7 d5d4 h5h6 c3c2 b7b2 d4d3,1724
2rr2k1/pp3pbp/4pnp1/8/1nNPb2N/1P4PB/PB2RP1P/3R2K1 w - -,b2a3 b4d5 a3b2 b7b5 c4e5 d5b4 h3g2 e4g2 g1g2 f6d5,-92
r1bqkbnr/pppp2pp/2n5/4pp2/2P5/4P1P1/PP1P1PBP/RNBQK1NR w KQkq -,b1c3 g8f6 g1e2 g7g6 e1h1 f8g7 d2d4 d7d6 b2b3 e5e4,70
r4rk1/ppp2ppp/5q2/2P1n2b/8/4PPP1/PP1B2BP/R2Q1RK1 w - -,g3g4 f8d8 g4h5 e5c4 d1c1 d8d2 c1c4 f6g5 c4g4 g5e3,314
r3r1k1/pp3ppp/q7/2p4n/1n1p4/1P1P1N1P/P1PQNPP1/1K1RR3 w - -,c2c4 d4c3 e2c3 e8e1 f3e1 a8d8 c3e4 b7b6 g2g3 f7f5,-100
r1bqk2r/1pp1ppbp/1nn3p1/p7/P2PP3/3BBP2/1P4PP/RN1QK1NR w KQkq -,b1c3 g7d4 e3d4 d8d4 g1e2 d4b4 e1h1 c8d7 g1h1 e8a8,-176
R1n2rk1/6p1/1pNpP2p/4p3/2P5/6P1/5r1P/R5K1 w - -,a8c8 f8c8 c6e7 g8f8 e7c8 f2f6 e6e7 f8f7 c8b6 f7e7,609
7k/p7/1p3K2/3p1Q2/3P4/4P3/P7/2B4q w - -,a1d1 g8h7 e6e7 c8e7 a8f8 f2f8 c6e7 e5e4 d1e1 f8f3,Mate
4rr1k/1p3pp1/p1p4p/3pP3/PP1N2Pq/2P2Q2/2B2P2/4R1K1 w - -,g1g2 g7g6 a4a5 h8g8 f3g3 h4g3 g2g3 g8g7 f2f4 e8c8,336
8/8/bPp5/2k2N2/8/4K3/7P/8 w - -,h2h4 c5b6 h4h5 a6c4 f5e7 c4a2 e3f4 a2b1 e7f5 b1a2,439
2r3k1/P4pp1/7p/2p5/8/1n2P1P1/5PBP/6K1 w - -,g2b7 c8d8 a7a8q d8a8 b7a8 c5c4 a8d5 b3d2 d5c6 g8f8,-30
r1bqkbnr/ppp3pp/2np4/4pp2/2P5/2N1P1P1/PP1P1PBP/R1BQK1NR w KQkq -,g1e2 g8f6 b2b3 g7g6 e1h1 f8g7 d2d4 e5e4 f2f3 e4f3,64
2r3rk/p7/1pR3pp/3PPp2/2K4P/P4P2/5P2/6R1 w - -,g1g6 c8c6 g6c6 g8g1 d5d6 g1d1 c6c7 a7a6 d6d7 h8g8,797
r4rk1/pp2npbp/1q4p1/8/3pP3/1B5P/PPP2QP1/R1BR2K1 w - -,d1f1 g8h8 c1f4 a7a5 a2a4 a8d8 a1e1 b6c5 g1h1 e7c6,31
8/6Q1/p7/3kn3/2p4P/8/5P2/6K1 w - -,g7b7 d5d4 h4h5 c4c3 h5h6 c3c2 b7b2 d4d5 b2c2 e5f3,6077
r4rk1/pppb1ppp/5q2/2P1n3/8/4PPP1/PP1B2BP/R2Q1RK1 w - -,f3f4 e5c6 d1b3 f8b8 b3c3 f6e7 b2b4 a7a6 a2a4 b8d8,145
2Q5/p6k/1p3K2/3p4/3P4/4P3/P7/2B4q w - -,f3f4 e5c6 d1b3 f8b8 b3c3 f6e7 b2b4 a7a6 a2a4 b8d8,Mate
4rr1k/1p3pp1/p1p4p/3pPNq1/PP4P1/2P2Q2/2B2P2/4R1K1 w - -,g1f1 h8g8 f3g3 h6h5 g4h5 g5g3 f5g3 e8e6 f2f4 c6c5,326
r1bqkb1r/ppp3pp/2np1n2/4pp2/2PP4/2N1P1P1/PP3PBP/R1BQK1NR w KQkq -,g1e2 g7g6 b2b3 e5e4 f2f3 e4f3 g2f3 f8g7 e1h1 e8h8,61
r4rk1/1p1nbppp/p1p1pn2/2Pp1b2/1P1P1B2/1NN1P2P/1P3PP1/R3KB1R w KQ -,g2g4 f5g6 f2f3 h7h5 b3a5 a8a7 g4g5 f6h7 h3h4 f8c8,127
r1b2rk1/1p1p1pp1/pbp1q2p/3nP3/3PN2N/1B6/PP3PPP/R2QR1K1 w - -,e4d6 b6c7 h4f5 c7d6 f5d6 b7b6 f2f4 f7f5 a1c1 a8b8,305
7R/6R1/8/8/2k5/5K2/8/8 w - -,e4d6 b6c7 h4f5 c7d6 f5d6 b7b6 f2f4 f7f5 a1c1 a8b8,Mate
r3r1k1/p4ppp/q7/1pp4n/Pn1p4/1P1P1N1P/2PQNPP1/1K1RR3 w - -,e2c1 e8e1 d1e1 b4d5 a4b5 a6b5 d2g5 h5f4 b1b2 b5b7,-112
6rk/p7/1pr3Rp/3PPp2/2K4P/P4P2/5P2/8 w - -,g6c6 g8g1 d5d6 g1d1 c6c7 a7a6 d6d7 h8g8 e5e6 g8f8,837
r1b1kb1r/pp2pppp/2n5/q1ppP3/5B2/2P2Q2/PPP2PPP/2KR1BNR w kq -,c1b1 h7h6 c3c4 d5d4 f4d2 a5c7 d1e1 g7g6 f1d3 f8g7,13
6k1/1q2b1p1/3p1p1p/2nPpN1P/1p2P1P1/1P4K1/3NQP2/8 w - -,e2c4 e7f8 d2f3 b7a6 c4a6 c5a6 f3d2 g8f7 f5h4 f6f5,117
2r5/2rqnk1p/4ppp1/1P1p4/Q2P4/P3P2P/2R2PP1/2R3K1 w - -,g2g4 c7c2 c1c2 c8c2 a4c2 d7b5 a3a4 b5c4 c2c4 d5c4,-448
8/pQ6/1p3K1k/3p4/3P4/4P3/P7/2B4q w - -,g2g4 c7c2 c1c2 c8c2 a4c2 d7b5 a3a4 b5c4 c2c4 d5c4,Mate
rnq1k2r/ppp2ppp/4pn2/4N3/1bB3P1/2NP1Q2/PPb2P1P/R1B1K2R w KQkq -,f3e2 b7b5 c4b5 c7c6 b5c4 c2a4 e1h1 b4c3 b2c3 e8h8,156
7k/p7/1pR4p/3PPp2/2K4P/P4P2/5P2/6r1 w - -,d5d6 g1d1 c6c7 h6h5 f3f4 a7a6 d6d7 h8g8 e5e6 g8f8,879
r1bqr1k1/pp3ppp/2n2n2/3p4/3Pp3/2B2PPN/PP2P1BP/R2Q1RK1 w - -,f3e4 c8h3 g2h3 f6e4 f1f4 e8e7 h3g2 d8d7 g2e4 d5e4,-29
4rr1k/1p3pp1/p1pN3p/3pP3/PP4P1/2P2Q2/2Bq1P2/4R1K1 w - -,e1e2 d2c1 g1g2 e8e5 f3d3 e5e4 d6e4 d5e4 d3e4 g7g6,494
rnbqk1nr/2p2pb1/pp1pp1pp/8/P2PP3/3B1N2/1PP2PPP/RNBQR1K1 w kq -,c2c3 g8e7 c1f4 e8h8 f4g3 b8c6 b1a3 g6g5 e4e5 e7f5,76
r4rk1/pppb1ppp/5q2/2P5/5Pn1/4P1P1/PP1B2BP/R2Q1RK1 w - -,c5c6 b7c6 h2h3 g4h6 d2c3 f6e6 e3e4 f7f6 f1e1 h6f7,225
r3r1k1/p4ppp/q4n2/1pp5/Pn1p2P1/1P1P1N1P/2PQNP2/1K1RR3 w - -,e2d4 b5a4 d4f5 a4b3 c2b3 f6d5 g4g5 e8e1 f3e1 a6g6,-243
8/8/p2k4/4n1Q1/2p4P/8/5P2/6K1 w - -,g5f6 d6d5 f6f5 d5d6 h4h5 c4c3 h5h6 c3c2 f5c2 e5f3,6135
4r1k1/p1p2pp1/3b4/1p6/4Pp1q/1P1Q4/PN3K2/4RR2 w - -,f2e2 d6b4 d3f3 b4e1 f1e1 h4h2 f3f2 e8e4 e2f3 h2f2,-171
4r1k1/2r2pq1/1p3R2/p2pP3/3P2PQ/3N4/PP5P/6K1 w - -,f6f5 c7c6 f5h5 a5a4 d3f4 a4a3 b2a3 f7f6 f4d5 f6e5,446
8/1q2bkp1/3p1p1p/2nPpN1P/1pQ1P1P1/1P4K1/3N1P2/8 w - -,d2f1 b7a6 c4a6 c5a6 f2f3 e7f8 f5h4 f6f5 h4f5 a6c5,129
r1bqkb1r/ppp4p/2np1np1/4pp2/2PP4/2N1P1P1/PP2NPBP/R1BQK2R w KQkq -,b2b4 e5e4 e1h1 f8g7 b4b5 c6e7 a2a4 e8h8 a4a5 a7a6,53
8/kP6/8/1pK5/1P6/8/8/8 w - -,,0
8/8/p2k4/6QP/2p5/5n2/5P2/6K1 w - -,g1f1 f3g5 f1e2 d6c5 e2d2 c5b4 d2c2 g5f7 c2b2 c4c3,-6483
7k/p7/1pRP3p/4Pp2/2K4P/P4P2/5P2/3r4 w - -,c6c7 a7a6 d6d7 h8g8 e5e6 g8f8 d7d8q d1d8 e6e7 f8e8,924
6k1/p5pp/1b6/8/4p3/P4N2/1P4PP/5K2 w - -,f3d2 b6d4 b2b3 g8f7 d2e4 f7e6 f1e2 d4b2 a3a4 b2e5,30
rnbqk2r/pp2ppb1/2p2npp/3p4/2PP4/2N2N2/PP2PPPP/R1BQKB1R w KQkq -,c4d5 c6d5 c1f4 d8b6 d1b3 b6b3 a2b3 e8h8 f3e5 f6h5,10
rn1qk1nr/1bp2pb1/pp1pp1pp/8/P2PP3/2PB1N2/1P3PPP/RNBQR1K1 w kq -,a4a5 b6b5 c3c4 b5c4 d3c4 b8d7 d1b3 a8b8 b3d3 b8a8,84
1k6/1P6/2K5/1p6/1P6/8/8/8 w - -,,0
4rk2/2r2pq1/1p6/p2pPR2/3P2PQ/3N4/PP5P/6K1 w - -,d3f4 c7c1 g1f2 e8e7 f5g5 g7g5 h4g5 c1c6 f4d5 e7e6,610
8/q3bkp1/3p1p1p/2nPpN1P/1pQ1P1P1/1P3K2/3N1P2/8 w - -,f3g2 e7f8 c4b5 a7a2 b5b4 a2c2 f5e3 c2b2 d2f3 c5d3,85
r4rk1/pppb1ppp/5q1n/2P5/5P2/4P1PP/PP1B2B1/R2Q1RK1 w - -,g3g4 f6e7 g2b7 a8b8 b7f3 f8d8 f1f2 b8b2 d1c1 b2b5,206
r3r1k1/p4ppp/q4n2/1pp5/Pn4P1/1PpP1N1P/3QNP2/1K1RR3 w - -,e2c3 b5a4 c3a4 a6d6 g4g5 d6d5 a4c5 d5c5 g5f6 e8b8,-167
3rn1k1/8/8/1Q6/4b3/8/8/6K1 w - -,b5g5 g8f7 g5d8 e4f5 g1f2 e8g7 d8c7 f7f6 c7c3 f6f7,156
r6r/4kppp/p3p3/2pnPb2/1b3B2/6P1/PPP1N2P/2KR1B1R w - -,c2c3 b4a5 f1g2 a8b8 f4g5 f7f6 e5f6 g7f6 g2d5 f6g5,7
7k/2R5/pp1P3p/4Pp2/2K4P/P4P2/5P2/3r4 w - -,d6d7 h8g8 e5e6 g8f8 d7d8r d1d8 e6e7 f8e8 e7d8r e8d8,1171
7R/8/8/2k5/6R1/5K2/8/8 w - -,d6d7 h8g8 e5e6 g8f8 d7d8r d1d8 e6e7 f8e8 e7d8r e8d8,Mate
4r3/5k2/pr2p1qp/1p3npN/1PpP1pQ1/P7/2P1RPPP/3R2K1 w - -,e2e5 b6d6 d4d5 f5g7 h5g7 f7g7 h2h3 d6d5 d1d5 e6d5,35
r4b1r/ppp2kp1/7p/2qn1b2/8/1PN5/1PP1QPPP/R1B1K1NR w KQ -,e2h5 g7g6 h5f3 d5b4 e1f1 b4c2 a1a4 c2d4 f3f4 d4b3,-113
r3rnk1/pp1b1pbp/3q1pp1/8/3P1N2/3B1N1P/PP1Q1PP1/R3R1K1 w - -,d3c4 g7h6 g2g3 e8e1 a1e1 a8c8 e1c1 d7h3 c1c3 h3g4,-216
4r1k1/p1p2pp1/3b4/1p6/4Pp2/1P1Q4/PN2K2q/4RR2 w - -,f1f2 h2h4 d3f3 d6c5 f2g2 f7f5 e1h1 h4f6 e2f1 e8e4,185
4r1k1/r3qp2/1p2nR2/p2pP1p1/3P2Pp/3NQ3/PP5P/5RK1 w - -,f1f5 e7f8 f5g5 e6g5 e3g5 f8g7 g5h4 e8e6 f6f5 e6h6,298
r7/2R1r1pk/2p2q1p/p1N1pp2/2Q5/8/PPP2PPP/5RK1 w - -,c7e7 f6e7 c5d3 a5a4 c4c6 a8a5 f1e1 e5e4 d3f4 a5c5,435
rn1qk1nr/1bp2pb1/p2pp1pp/Pp6/3PP3/2PB1N2/1P3PPP/RNBQR1K1 w kq -,c3c4 b5c4 d3c4 g8e7 d1b3 b7e4 c4e6 d6d5 e1e4 e8h8,97
r2qkn1r/1p2bpp1/2p1p1b1/p2pPn2/P2P3p/2PBN3/1P3PPP/R1BQNRK1 w kq -,e3f5 g6f5 h2h3 e7g5 d1b3 a8b8 f2f4 g5e7 b3c2 g7g6,126
4r1k1/5pp1/2n5/pp2p2p/4b2q/P1PrBQ1P/B4P2/R5RK w - -,g1g7 g8g7 f3e4 h4e4 h1h2 d3e3 f2e3 e8d8 a1g1 g7h8,-1406
8/8/p2k4/6nP/2p5/8/5PK1/8 w - -,g2f1 g5f7 f1e2 d6c5 e2d2 c5b4 d2c2 c4c3 f2f4 b4c4,-6489
rnq1k2r/ppp2ppp/4pn2/4N3/b1B3P1/2PP4/P3QP1P/R1B1K2R w KQkq -,g4g5 c7c5 g5f6 g7f6 e5f3 c8c7 h1g1 b8d7 a1b1 e8a8,228
6k1/2RP4/pp5p/4Pp2/2K4P/P4P2/5P2/3r4 w - -,h2h4 b7b5 c4b3 c8b7 e1h1 a4b3 a2b3 b8d7 g4g5 d7e5,Mate
8/8/p2k3P/6n1/8/2p5/5PK1/8 w - -,h2h4 b7b5 c4b3 c8b7 e1h1 a4b3 a2b3 b8d7 g4g5 d7e5,Mate
2r3k1/1Q1r1p1p/2p1q1p1/2Rp4/3P4/4P3/5PPP/2R3K1 w - -,b7c8 g8g7 c5c6 e6f5 c6c7 d7d6 c7f7 f5f7 c1c7 d6f6,762
2rr2k1/pp3pbp/4pnp1/8/1nNP3N/BP1b2PB/P3RP1P/3R2K1 w - -,e2e6 d3c4 b3c4 f7e6 h3e6 g8h8 e6c8 b4c2 c8b7 c2a3,-32
rnbqk2r/1pp1ppbp/1n4p1/p7/P2PP3/3B1P2/1P4PP/RNBQK1NR w KQkq -,f3f4 d8d4 b1c3 d4c5 e4e5 b8c6 d1e2 c8e6 c1e3 c5b4,-155
r5k1/p4ppp/q4n2/1pp5/Pn4P1/1PNP1N1P/3Q1P2/1K1Rr3 w - -,f3e1 b5a4 c3a4 a6b5 d2c3 f6d5 c3c4 b5e8 d3d4 c5d4,-129
r2qkn1r/1p2bpp1/2p1p3/p2pPb2/P2P3p/2PB4/1P3PPP/R1BQNRK1 w kq -,d1e2 d8c7 c1e3 c7d7 e2f3 f8g6 h2h3 g6f8 f3d1 f8g6,125
4rr1k/1p3pp1/p1pN3p/3pP1q1/PP4P1/2P2Q2/2B1RPK1/8 w - -,d6e8 f8e8 e5e6 f7f6 f3g3 d5d4 c3d4 b7b5 e6e7 g7g6,552
8/8/p2k3P/6n1/5P2/8/2p3K1/8 w - -,g2g3 g5e7 f3d3 g7g6 d6e8 f8e8 f2f4 h8g7 d3d4 g7g8,Mate
6k1/2RP4/p3P2p/1p3p2/2K4P/P4P2/5P2/3r4 w - -,g2g3 g5e7 f3d3 g7g6 d6e8 f8e8 f2f4 h8g7 d3d4 g7g8,Mate
4rR2/2pkP3/2p3p1/2p5/2P3P1/1P1r4/4R1K1/8 w - -,,0
rn1qk1nr/1b3pb1/p1ppp1pp/Pp6/2PPP3/3B1N2/1P3PPP/RNBQR1K1 w kq -,b1c3 g8e7 c1f4 g6g5 f4g3 e8h8 h2h3 c6c5 d4d5 b5c4,145
4rk2/8/p2rp1qp/1p1PRnpN/1Pp2pQ1/P7/2P2PPP/3R2K1 w - -,h5f4 g6f6 f4e6 d6e6 e5e6 e8e6 d5e6 f6e6 h2h3 f8f7,528
r1k1bb1r/2p2pp1/1pn4p/p3P3/P4NP1/1P3N1P/1B3P2/3RR1K1 w - -,d1d3 c8b7 e5e6 h8g8 f3e5 c6e5 b2e5 a8c8 e5c3 f8d6,-19
r1bq1rk1/ppp2pp1/2n2n1p/2bpp3/4P3/P1NP1N1P/1PP1QPP1/R1B1KB1R w KQ -,c1d2 f8e8 e2d1 c5d4 e4d5 d4c3 b2c3 d8d5 c3c4 d5d6,-120
r3r1k1/1b2qpn1/1p1p2p1/p1nPp2p/1pP1P2P/4N1P1/PP1NQPB1/R3R1K1 w - -,e2d1 f7f5 e4f5 g6f5 d2f3 b7c8 f3g5 e7f6 d1c2 e5e4,-24
rnbqkb1r/p1p2ppp/1p1p4/4P3/2P1n3/P3P3/1P3PPP/RNBQKBNR w KQkq -,b1d2 e4d2 c1d2 d6e5 d1f3 c7c6 d2c3 d8f6 f3e4 f8d6,72
8/7P/p2k4/6q1/8/8/6K1/8 w - -,b1d2 e4d2 c1d2 d6e5 d1f3 c7c6 d2c3 d8f6 f3e4 f8d6,Mate
r1b1kb1r/p3p1pp/3q1n2/3PQ3/Pp1P1B2/6P1/1P3PBP/R3K2R w - -,,0
r5k1/p4ppp/q4n2/2p5/pn4P1/1PNP1N1P/3Q1P2/1K2R3 w - -,c3a4 b4d3 e1e3 c5c4 f3e5 d3e5 e3e5 c4b3 a4c3 b3b2,-294
r1b1k2r/1pq2pb1/p1nppnp1/2p4p/4P3/2NPB1PP/PPPQNPB1/R4RK1 w kq -,a1d1 e8h8 d3d4 c6d4 e2d4 c5d4 e3d4 c8d7 f1e1 d7c6,56
r3k2r/p2bbppp/1qn1p3/3pP3/8/2PB1N2/PP2QPPP/RN2K2R w KQkq -,a2a4 e8h8 e1h1 f7f6 d3b5 f6e5 b5c6 d7c6 f3e5 c6e8,40
2q2r1k/4b1pp/8/6N1/8/1Q6/B4PPP/6K1 w - -,b2b4 f7f6 e1h1 e8h8 e5f6 e7f6 b1d2 f6c3 d3h7 g8h7,Mate
8/4bkp1/3p1p1p/2nPp2P/1pQ1P1P1/qP2NK2/3N1P2/8 w - -,f3e2 a3a5 f2f3 a5a3 e3c2 a3b2 c2b4 f6f5 b4d3 c5d3,71
r4rk1/pppbqppp/7n/2P5/5P2/2B1P1PP/PP4B1/R2Q1RK1 w - -,f1e1 a8d8 d1e2 f8e8 a1c1 e7e6 e3e4 d7c6 g3g4 f7f6,164
rn1qkb1r/ppp1pppp/5n2/3P3b/8/3B1P2/PPPP2PP/RNBQK1NR w KQkq -,g1e2 d8d5 b1c3 d5d7 d3b5 b8c6 d2d4 a7a6 b5a4 e7e6,-24
rnbqk1nr/pp1p2pp/1bp2p2/8/P2P4/2B5/2P1PPPP/RN1QKBNR w KQkq -,e2e3 d7d5 c3b4 g8e7 g1f3 e8h8 f1e2 a7a5 b4a3 b8a6,70
r3r1k1/3b1pbp/3qn1p1/pp3p2/3P4/PB3N1P/1P1QNPP1/R3R1K1 w - -,a1c1 a5a4 b3a2 a8b8 c1c2 b5b4 a3b4 d6b4 f3e5 e8c8,-66
8/7P/p2k4/8/7q/5K2/8/8 w - -,a1c1 a5a4 b3a2 a8b8 c1c2 b5b4 a3b4 d6b4 f3e5 e8c8,Mate
5k2/2RP4/p3P2p/1pK2p2/7P/P4P2/5P2/3r4 w - -,a1c1 a5a4 b3a2 a8b8 c1c2 b5b4 a3b4 d6b4 f3e5 e8c8,Mate
rn1qk2r/1b2npb1/p1ppp1pp/Pp6/2PPP3/2NB1N2/1P3PPP/R1BQR1K1 w kq -,c1f4 e8h8 h2h3 g6g5 f4h2 c6c5 d4c5 d6c5 c4b5 a6b5,162
3r2k1/p4pp1/7p/3N4/3p4/8/P1PP1PPP/2B2RK1 w - -,c2c4 d8b8 d5e7 g8h8 e7c6 b8c8 c6d4 c8c4 c1b2 h8g8,729
8/5p1P/P4R2/8/2k2P2/7r/4K3/8 w - -,d5b4 d8c8 c1b2 a7a5 b4d3 c8c2 f1d1 g7g6 b2d4 c2a2,Mate
4r1k1/r4pq1/pp2nR2/3pPRp1/3P2Pp/3NQ3/PP5P/6K1 w - -,d3e1 a7c7 e1f3 b6b5 h2h3 g8h8 f3g5 e6g5 e3g5 g7g5,246
8/1b2rpp1/7k/8/6P1/5P2/5K1P/8 w - -,f3f4 e7e4 f2f3 e4d4 f3e3 d4c4 h2h3 c4c3 e3d4 c3h3,-817
r3bb1r/1kp2pp1/1pn1P2p/p7/P4NP1/1P3N1P/1B3P2/3RR1K1 w - -,g1g2 f8b4 e1e3 b4c5 e3e1 h8g8 f3e5 c6e5 b2e5 e8c6,-28
r1bqk2r/1pp1ppbp/1nn3p1/p7/P2PP3/3B1P2/1P2N1PP/RNBQK2R w KQkq -,d3b5 e8h8 b5c6 b7c6 b1c3 a8b8 e1h1 c8a6 f3f4 d8d7,-113
r7/4q1pk/2p4p/p1N1pp2/2Q5/8/PPP2PPP/5RK1 w - -,c5d3 a8c8 f1e1 e5e4 f2f3 c8e8 d3f2 e7f6 f3e4 f6b2,452
3b4/5kp1/3p1p1p/2nPp2P/1pQ1P1P1/qP2N3/3NKP2/8 w - -,c4c2 d8e7 e3f5 a3a6 d2c4 e7f8 c2b1 f7g8 e2f3 a6a7,70
rnbqk1nr/ppbp2pp/2p2p2/P7/3P4/2B5/2P1PPPP/RN1QKBNR w KQkq -,e2e3 g8e7 g1f3 e8h8 c3d2 d7d5 c2c4 g8h8 f1e2 c8e6,60
4r3/5kn1/p2rp1qp/1p1PR1pN/1Pp2pQ1/P7/2P2PPP/3R2K1 w - -,h5g7 f7g7 h2h3 e6d5 d1d5 d6d5 e5d5 g6e4 d5d6 f4f3,21
2rr2k1/4ppbp/p3n1p1/2p5/8/2PP3P/PP1N2PB/4RRK1 w - -,,0
8/P4p1P/5R2/8/2k2P2/8/4K2r/8 w - -,f1f3 d8d7 g1f2 c8d8 f2e2 e6g5 f3e3 g5e6,Mate
2rr2k1/pp3pbp/4pnp1/3n4/2NPb2N/BP4PB/P3RP1P/3R2K1 w - -,a3b2 b7b5 c4e5 c8c7 f2f3 e4f5 h4f5 g6f5 h3f1 g7h6,-85
r5k1/p4ppp/5n2/2p5/Nn4P1/1P1q1N1P/3Q1P2/1K2R3 w - -,d2d3 b4d3 e1e7 f6d5 e7d7 d5b4 g4g5 g7g6 a4b2 d3f2,-140
r4rk1/p2bbppp/1qn1p3/3pP3/8/2PB1N2/PP2QPPP/RN3RK1 w - -,a2a4 f7f6 d3b5 f6e5 b5c6 d7c6 f3e5 c6e8 e5d3 e7f6,45
4r3/6k1/p2rp1qp/1p1PR1p1/1Pp2pQ1/P7/2P2PPP/3R2K1 w - -,h2h3 e6d5 d1d5 d6d5 e5d5 g6e4 d5d6 f4f3 d6a6 e4g4,24
3r1k2/2R5/p3P2p/1pK2p2/7P/P4P2/5P2/8 w - -,g4e2 g7f8 a3a4 d6d5 a4b5 a6b5 h2h3 g6f7 d1e1 d5e5,Mate
8/8/8/4k2K/Q7/8/8/8 w - -,g4e2 g7f8 a3a4 d6d5 a4b5 a6b5 h2h3 g6f7 d1e1 d5e5,Mate
1N3rk1/p3bp1p/4p1pP/3p4/1p1PnBP1/3RQ3/2p1PPB1/q1K4R w - -,g4e2 g7f8 a3a4 d6d5 a4b5 a6b5 h2h3 g6f7 d1e1 d5e5,Mate
8/P4p1P/5R2/8/2k2P2/5K1r/8/8 w - -,g4e2 g7f8 a3a4 d6d5 a4b5 a6b5 h2h3 g6f7 d1e1 d5e5,Mate
r1b1k2r/ppppnpp1/2nb1q1p/4p3/2B1P3/P2P1N2/1PP2PPP/RNBQ1RK1 w kq -,c1e3 e8h8 c2c3 e7g6 d3d4 d6e7 a3a4 d7d6 d4d5 c6b8,72
rn1q1rk1/1b2npb1/p1ppp1pp/Pp6/2PPPB2/2NB1N2/1P3PPP/R2QR1K1 w - -,h2h4 b5c4 d3c4 d6d5 d1b3 d8c8 c4f1 c6c5 e4d5 e7d5,144
7r/pp1kpppp/8/2p5/3PP3/8/PPP2PPP/4K2R w - -,d4c5 h8c8 c2c3 c8c5 e1e2 d7c7 h1d1 c5h5 h2h3 h5g5,170
8/1b3pp1/7k/8/4rPP1/8/5K1P/8 w - -,f2f3 e4a4 f3e3 a4c4 h2h3 c4c3 e3d4 c3h3 d4c5 h3f3,-1397
4r3/6k1/p2r2qp/1p1pR1p1/1Pp2pQ1/P6P/2P2PP1/3R2K1 w - -,d1d5 d6d5 e5d5 g6e4 d5d6 f4f3 d6a6 e4g4 h3g4 e8e1,10
8/P4p1r/5R2/8/2k2P2/8/6K1/8 w - -,e5d5 e8d8 d5d6 d8d6 g1h2 g6e6 d1d6 e6d6 g4f3 d6e6,Mate
r1b1k2r/p1p2ppp/1pn5/2b1P3/4PB2/5P2/PP3KPP/R4BNR w kq -,f2e2 c8a6 e2e1 a6f1 e1f1 e8a8 g1e2 c6b4 e2c3 b4d3,-71
8/6b1/p6Q/2k5/2p5/3n4/5P1P/6K1 w - -,h6g7 c5d5 h2h4 d3f4 h4h5 f4h5 g7g5 d5d4 g5h5 c4c3,737
rn1qkb1r/pbp2ppp/1p1p4/4P3/2P1n3/P2BP3/1P3PPP/RNBQK1NR w KQkq -,d3e4 b7e4 g1f3 e4b7 e5d6 f8d6 b1c3 b8d7 c3b5 d6e7,36
r1b1k2r/pp1pb1pp/2n1pn2/qBp5/4P3/2N4N/PPP2PPP/R1BQK2R w KQkq -,e1h1 e8h8 a2a4 d7d6 f2f4 c6d4 e4e5 f6d5 e5d6 e7d6,34
rnbq1rk1/1pp1ppbp/1n4p1/p7/P2PP3/3B1P2/1P2N1PP/RNBQK2R w KQ -,d3b5 b8c6 c1e3 c6b4 b1a3 c7c6 b5c4 b6c4 a3c4 b7b5,-109
r2qkbnr/pppn3p/4p1p1/4N3/3Pp3/7Q/PPP2PPP/RNB1K2R w KQkq -,e5g6 h7g6 h3h8 d7f6 c1e3 d8d5 e1h1 f8b4 b1c3 b4c3,389
3b4/5kp1/q2p1p1p/2nPp2P/1p2P1P1/1P2N3/2QNKP2/8 w - -,d2c4 d8e7 e3f5 e7f8 e2e1 f7g8 e1d2 g8h7 c2b1 a6a7,66
r2q1rk1/pp2bppp/2n1b3/3pP3/3p4/2PB1Q2/P1PBN1PP/R4RK1 w - -,c3d4 h7h6 c2c3 e7g5 d2g5 d8g5 e2f4 c6e7 f3f2 a8c8,149
3rk3/2R1P3/p6p/1pK2p2/7P/P4P2/5P2/8 w - -,c3d4 h7h6 c2c3 e7g5 d2g5 d8g5 e2f4 c6e7 f3f2 a8c8,Mate
1Nr3k1/p3bp1p/4p1pP/3p4/1p1PnBP1/3RQ3/2K1PPB1/q6R w - -,c3d4 h7h6 c2c3 e7g5 d2g5 d8g5 e2f4 c6e7 f3f2 a8c8,Mate
r6k/5prp/2pb3q/pp3b2/P2P1p2/1BP2P2/1P1NR2P/R1B2Q1K w - -,a4b5 a8g8 d2c4 f5d3 c4d6 h6d6 c1d2 g7g1 f1g1 g8g1,-161
r1b2rk1/1p2qpp1/p1pb3p/3n4/3PN3/1B3N2/PPQ2PPP/R3R1K1 w - -,b3d5 c6d5 e4g5 h6g5 e1e7 d6e7 h2h3 e7f6 a1e1 g5g4,177
rn2kbnr/pppq1b2/5p2/3p3p/3P1N1P/4P3/PPP1BPP1/RN1QK2R w KQkq -,b1c3 b8c6 a2a3 e8a8 e2f3 c6e7 f3h5 f7h5 f4h5 f6f5,-160
r2q1rk1/ppp2pp1/2npbn1p/2b1p3/4P3/P1NPBN1P/1PP1QPP1/R3KB1R w KQ -,h1g1 c6d4 e2d2 c5b6 f1e2 c7c6 g2g4 f6h7 g1g3 a7a5,-42
Q7/5pr1/5R2/8/2k2P2/8/6K1/8 w - -,h1g1 c6d4 e2d2 c5b6 f1e2 c7c6 g2g4 f6h7 g1g3 a7a5,Mate
r3r3/pppk1q1p/3b1np1/5p2/N2B1P2/PP1P1Q2/3P2PP/R2K3R w - -,d1c2 f6d5 g2g3 a7a5 h1b1 h7h5 h2h4 a8a6 a4c3 c7c6,9
7r/4kpp1/4p2p/r7/p1pP1b2/P7/1PB1KPPP/1R5R w - -,h1d1 f4g5 g2g3 h8b8 h2h4 g5f6 e2f1 b8d8 d1d2 d8d4,-95
r2qkbnr/pppn4/4p1p1/8/3Pp3/7Q/PPP2PPP/RNB1K2R w KQkq -,h3h8 d7f6 c1e3 e8f7 h8h3 g8e7 b1c3 e7f5 e1a1 f8b4,408
r2qkn1r/1p2bp2/2p1p1p1/p2pPb2/P2P3p/2PBB3/1P3PPP/R2QNRK1 w kq -,h2h3 f8d7 b2b3 e8f8 e1f3 f8g7 d1d2 c6c5 d3f5 c5d4,144
r1bqnrk1/pp4pp/3p2n1/2pPpp2/2P1P3/P1PN4/2Q1BPPP/R1B2RK1 w - -,e4f5 c8f5 g2g4 f5d7 f2f4 d8h4 f4f5 e8f6 c2d1 h7h5,-60
2rr2k1/4pp1p/p3n1pb/2p5/8/2PPR2P/PP1N2PB/5RK1 w - -,e3e2 d8d3 d2c4 c8d8 h3h4 h6g7 h2e5 d3d1 e5g7 g8g7,-85
2rr2k1/p4pbp/4pnp1/1p1n4/2NPb2N/1P4PB/PB2RP1P/3R2K1 w - -,c4e5 c8c7 f2f3 e4f5 h4f5 g6f5 h3f1 g7h6 f3f4 h6f8,-84
r5k1/p4ppp/5n2/2p5/N5P1/1P1n1N1P/5P2/1K2R3 w - -,e1e2 d3f4 e2e5 f4h3 g4g5 f6d7 e5d5 d7b6 d5c5 h3f2,-161
3k4/2R5/p6p/1pK2p2/7P/P4P2/5P2/8 w - -,e1e2 d3f4 e2e5 f4h3 g4g5 f6d7 e5d5 d7b6 d5c5 h3f2,Mate
rn1qkb1r/p3pppp/2p2n2/1B5b/8/5P2/PPPP2PP/RNBQK1NR w KQkq -,b5c4 b8d7 g1e2 e7e6 b1c3 d7b6 c4b3 a7a5 a2a4 d8c7,53
2r3k1/4pp1p/p3n1pb/2p5/8/2Pr3P/PP1NR1PB/5RK1 w - -,d2c4 c8d8 h3h4 h6g7 h2e5 d3d1 e5g7 d1f1 g1f1 g8g7,-82
1N4k1/p3bp1p/4p1pP/3p4/1p1PnBP1/2q5/2K1PPB1/7R w - -,d2c4 c8d8 h3h4 h6g7 h2e5 d3d1 e5g7 d1f1 g1f1 g8g7,Mate
r2qnrk1/pp4pp/3p2n1/2pPpb2/2P5/P1PN4/2Q1BPPP/R1B2RK1 w - -,f2f3 e8f6 c1g5 h7h6 g5f6 d8f6 c2d2 b7b6 g2g3 f5h3,-65
4r3/6k1/p2R3p/1p4p1/1Pp1q1Q1/P4p1P/2P2PP1/6K1 w - -,g2f3 e4g4 f3g4 e8e2 d6a6 e2c2 g1f1 c2c3 a6a5 c3h3,8
r2q1rk1/1pp2pp1/p1npbn1p/2b1p3/4P3/P1NPBN1P/1PP1QPP1/2KR1B1R w - -,h1g1 b7b5 g2g4 c6d4 e3d4 e5d4 c3b1 f6h7 h3h4 d8d7,-78
1N4k1/p3bp1p/4p1pP/3p4/3PnBP1/1pq5/4PPB1/1K5R w - -,h1g1 b7b5 g2g4 c6d4 e3d4 e5d4 c3b1 f6h7 h3h4 d8d7,Mate
r1bqkb1r/5ppp/p1np4/3Np1n1/1p6/4NQ2/PPP2PPP/R1B1KB1R w KQkq -,f3g3 a8b8 f1d3 g5e6 f2f4 e5f4 d5f4 e6f4 g3f4 c6e5,-35
4r1k1/r4pq1/pp3R2/3pPRp1/3P1nPp/4Q3/PP5P/4N1K1 w - -,e1f3 f4e6 f3g5 e6d8 g1g2 a6a5 g2h3 a5a4 h3h4 a7c7,470
rn1qkb1r/p4ppp/2p2n2/4p2b/2B5/5P2/PPPP2PP/RNBQK1NR w KQkq -,d2d3 b8d7 d1e2 f8c5 b1c3 e8h8 h2h4 h5g6 c3e4 c5e7,61
8/1b3pp1/7k/8/3r1PP1/5K2/7P/8 w - -,g1h3 f8c5 d2d3 b8d7 d1e2 e8h8 b1d2 d7b6 h3f2 f6d5,Mate
3q1rk1/1p1n1ppp/p2bpn2/3p2B1/2rP4/2N2N2/PP3PPP/R2QR1K1 w - -,d1d3 h7h6 g5d2 d8c7 a2a4 f8c8 a4a5 d6b4 c3e2 b4d2,-223
3bk3/6p1/q2p1p1p/2nPp2P/1pN1P1P1/1P6/2QNKP2/8 w - -,e2f3 e8f8 f3g2 d8e7 c2b1 f8g8 d2f1 e7f8 f1e3 a6a7,66
8/6k1/p2R3p/1p4p1/1Pp3P1/P6P/2P1rP2/6K1 w - -,g1g2 e2c2 d6a6 c2c3 f2f3 c3b3 a6a5 c4c3 a5b5 b3a3,5
r2q1rk1/1pp2pp1/p1n1bn1p/2p1p3/4P3/P1NP1N1P/1PP1QPP1/2KR1B1R w - -,e2e1 b7b5 g2g4 f6d7 h1g1 b5b4 c3b1 a8b8 g4g5 h6h5,-130
r5k1/p4ppp/5n2/2p5/N5P1/1P2RN1P/5n2/1K6 w - -,g4g5 f6e4 b1c2 e4d6 h3h4 c5c4 b3c4 d6c4 e3c3 c4d6,-190
7r/5kn1/3p1p2/pb1PpPp1/1p2P2r/3p3N/PP4KN/3R2R1 w - -,d1d2 h4e4 h3f2 e4d4 g1d1 g7f5 d2d3 b5d3 d1d3 d4d3,-665
2r5/4kppp/p7/b3P3/3pbN2/4B1P1/PP5P/2K2R2 w - -,c1d1 d4e3 b2b4 a5b6 h2h3 g7g5 f4e2 e4c2 d1e1 c2d3,-634
r1b1k2r/1p1n1ppp/p3p3/8/1q6/1BN1R3/PP2Q1PP/3R2K1 w kq -,b3e6 e8h8 e6d7 b4a5 h2h3 h7h6 d7c8 a8c8 e3e5 b7b5,406
2rr2k1/4pp1p/p3n1pb/2p5/8/2PP1R1P/PP1N2PB/4R1K1 w - -,d2c4 h6g5 g1f1 e6g7 e1e5 h7h6 f1e2 g7f5 h2g1 f5h4,45
r3kb1r/ppp2ppp/2n1bn2/2q5/4P3/2P2N2/PP1NQPPP/R1B1KB1R w KQkq -,d2b3 c5h5 c1f4 e8a8 f3g5 e6g4 f2f3 g4d7 e1a1 f8d6,115
r5r1/4kpp1/4p2p/8/p1pP1b2/P7/1PB1KPPP/1R5R w - -,g2g3 f4g5 c2e4 a8a5 h2h4 g5f6 h1d1 g8c8 b1c1 a5b5,-31
r1bqkb1r/ppp2ppp/2n1p3/8/8/1B3Q2/PPPP1PPP/R1B1K1NR w KQkq -,g1e2 f8d6 d2d4 e8h8 c1e3 c6a5 e1h1 c8d7 e3f4 d7c6,-8
r1bqkb1r/5p1p/p1np1p2/4p1n1/1p6/4NQ2/PPP2PPP/R1B1KB1R w KQkq -,,0
r2qk2r/1p2bp1n/2p1p1p1/p2pPb2/P2P3p/2PBB3/1P1Q1PPP/R3NRK1 w kq -,g1h1 h7g5 f2f3 g5h7 h2h3 e8f8 b2b3 f8g7 c3c4 h7f8,134
8/6k1/p2R3p/1p4p1/1Pp3P1/P6P/2r2PK1/8 w - -,d6a6 c2c3 a6a5 g7f6 a5b5 c3a3 b5f5 f6g6 b4b5 c4c3,4
r3kb1r/ppp2ppp/2n1bn2/7q/4P3/1NP2N2/PP2QPPP/R1B1KB1R w KQkq -,c1f4 e8a8 f3g5 e6g4 f2f3 g4d7 e1a1 f8d6 d1d6 c7d6,118
r2q1rk1/2p2pp1/p1n1bn1p/1pp1p3/4P3/P1NP1NPP/1PP1QP2/2KR1B1R w - -,f1g2 a8b8 e2e3 d8d6 f3d2 c6d4 c3d5 f6d7 e3e1 a6a5,-182
8/1b3pp1/7k/8/2r2PP1/4K3/7P/8 w - -,f1g2 a8b8 e2e3 d8d6 f3d2 c6d4 c3d5 f6d7 e3e1 a6a5,Mate
3q1rk1/1p1n1p2/p3pn1p/3p4/2rP2p1/2N2NP1/PP4PP/2RQR1K1 w - -,f3h4 d8b6 c3e2 b6b2 c1b1 b2a2 d1d3 b7b5 h4g6 f8e8,-327
4k3/2R5/p2K3p/1p3p2/7P/P4P2/5P2/8 w - -,f3h4 d8b6 c3e2 b6b2 c1b1 b2a2 d1d3 b7b5 h4g6 f8e8,Mate
r2qkb1r/3b1p1p/p1Qp1p2/4p1n1/1p6/4N3/PPP2PPP/R1B1KB1R w KQkq -,,0
2rr4/4ppkp/p3n1p1/2p3b1/2N5/2PP1RBP/PP4P1/4R1K1 w - -,g3h2 g7g8 h2g3 g5f6 g1f2 h7h5 f2e2 h5h4 g3h2 g8g7,46
r5k1/p4ppp/5n2/2N5/6P1/1P2RN1n/8/1K6 w - -,g4g5 f6d5 e3e5 h3f4 c5d3 a8b8 d3f4 d5f4 b1c2 f4e6,-257
r2q1rk1/1p1n1p2/p3p2p/3pQbp1/3P4/1BN5/PPP2PPP/2KR3R w - -,e5e1 b7b5 h2h4 a6a5 a2a4 b5a4 b3a4 g5g4 f2f3 g4f3,-39
2kr1b1r/ppp2ppp/2n1bn2/7q/4PB2/1NP2N2/PP2QPPP/R3KB1R w KQ -,f3g5 e6g4 f2f3 g4d7 g2g4 h5g6 e1a1 f8d6 e2e3 d6f4,113
8/6k1/R6p/1p4p1/1P4P1/P1p4P/2r2PK1/8 w - -,a6c6 c2c1 g2f3 c3c2 f3e3 c1e1 e3d2 e1a1 c6c2 a1a3,91
5rk1/1p1n1p2/pq2pn1p/3pN3/2rP2p1/2N3P1/PP4PP/2RQR1K1 w - -,g1h1 c4d4 e5d7 f6d7 d1e2 b6d6 c1d1 d6b4 d1c1 d4c4,-234
8/3k4/5b2/1K6/8/5B2/8/8 w - -,,0
r2q1rk1/2p2pp1/p1n1bn1p/2p1p3/1p2P3/P1NP1NPP/1PPRQP2/2K2B1R w - -,c3a4 b4a3 c1b1 c6d4 f3d4 c5d4 c2c4 d4c3 a4c3 a8b8,-480
4k3/2b3p1/q2p1p1p/2nPp2P/1pN1P1P1/1P6/1Q1NKP2/8 w - -,b2b1 c7b6 e2f1 c5d7 f1g2 b6c5 b1c2 e8f8 d2f1 f6f5,69
4k3/1R6/p2K4/1p3p1p/7P/P4P2/5P2/8 w - -,b2c2 e8f8 d2f1 f8g8 f1e3 a6a1 c4d2 g8h7 c2c4 a1a2,Mate
8/6k1/2R4p/1p4p1/1P4P1/P1p4P/5PK1/2r5 w - -,g2f3 c3c2 f3e3 c1e1 e3d2 e1a1 c6c2 a1a3 c2c5 a3f3,37
r4b1r/pb1kp1pp/3q1n2/3pQ3/PpPP1B2/6P1/1P3PBP/R4RK1 w - -,a4a5 d7e8 a5a6 b7c6 f1e1 d6d7 a1a5 a8d8 a5c5 e8f7,226
8/1b3pp1/7k/8/r4PP1/4K2P/8/8 w - -,a1c1 d7d8 h2h4 h7h6 h4h5 d6e5 d4e5 f6h5 f4e3 g7g5,Mate
8/6k1/2R4p/1p4p1/1P4P1/P4K1P/2p2P2/2r5 w - -,f3e2 c1a1 c6c2 a1a3 c2c5 a3h3 f2f3 g7g6 c5b5 h6h5,41
r1bqkbnr/pp4pp/2n1p3/2p1Pp2/3P4/2P5/PP4PP/RNBQKBNR w KQkq -,g1f3 g8e7 d4c5 d8d1 e1d1 e7g6 b1a3 f8c5 a3c4 c5b6,16
8/8/p7/4k3/2p4P/8/5P2/6K1 w - -,g1f1 a6a5 f1e2 e5f4 h4h5 f4g5 e2d2 a5a4 h5h6 g5h6,-5418
7r/1p2pppp/2k5/p1P5/1P2P3/8/P1P2PPP/4K2R w - -,a2a3 a5b4 a3b4 c6b5 e1d2 b5b4 h1b1 b4c5 b1b7 c5d6,109
r5k1/p3Rppp/8/2N5/6n1/1P3N1n/8/1K6 w - -,c5e4 h7h5 b3b4 a7a6 e4d6 g4h6 b1c2 h3f4 e7d7 f4g6,-367
3k4/1R6/p3K3/1p3p1p/7P/P4P2/5P2/8 w - -,c5e4 h7h5 b3b4 a7a6 e4d6 g4h6 b1c2 h3f4 e7d7 f4g6,Mate
8/8/p7/4k2P/8/2p5/5P2/6K1 w - -,c5e4 h7h5 b3b4 a7a6 e4d6 g4h6 b1c2 h3f4 e7d7 f4g6,Mate
r2qk2r/1p2bp2/2p1p1p1/p2pPbn1/PP1P3p/2PBB3/3Q1PPP/R3NRK1 w kq -,f2f3 g5h7 d3f5 e6f5 e1d3 h7f8 f1b1 f8e6 b4a5 d8d7,114
6rk/5prp/2pb3q/pp6/P2P1p2/1BP2P1b/1P1NR2P/R1B2Q1K w - -,h2h3 g5e4 d3e4 f5e4 e1d3 b7b6 d3c1 e4f5 c1b3 a8b8,Mate
4r1k1/5pp1/2n5/ppB1p2p/7q/P1Pr1b1P/B5Q1/R5RK w - -,a2f7 g8f7 g2f3 d3f3 g1f1 h4h3 h1g1 h3g4 g1h1 f7e6,Mate
8/8/2Bk1b2/1K6/8/8/8/8 w - -,,0
rn1qkb1r/1p1b1ppp/p4n2/1B1pp3/8/2NP1N2/PPP2PPP/R1BQK2R w KQkq -,b5d7 b8d7 e1h1 f8d6 d3d4 e5e4 f3h4 g7g6 g2g3 e8h8,-14
8/6k1/2R4p/1p4p1/1P4P1/P3K2P/2p2P2/4r3 w - -,e3d4 c2c1q c6c1 e1c1 f2f4 g5f4 d4e4 c1c3 e4f4 c3h3,-674
3rr1k1/3b1pbp/3q2p1/1p3p2/p2n4/P4NNP/BP1Q1PP1/3RR1K1 w - -,d2a5 e8e1 a5e1 d7e6 f3d4 g7d4 a2e6 d4f2 g1f2 d6d1,-355
rnbqk2r/p4pbp/2p1pnp1/1p1pN3/3P1P2/2PBP3/PP4PP/RNBQ1RK1 w kq -,a2a4 b5a4 a1a4 e8h8 b2b4 f6e4 d3e4 d5e4 b1d2 f7f6,130
8/1b3pp1/7k/8/2r2PPP/4K3/8/8 w - -,a2a4 b5a4 a1a4 e8h8 b2b4 f6e4 d3e4 d5e4 b1d2 f7f6,Mate
r2q1rk1/2p2pp1/p1n1bn1p/2p1p3/4P3/p2P1NPP/1PPRQP2/2KN1B1R w - -,b2b4 c6d4 f3d4 e5d4 c2c3 d4c3 d1c3 d8d4 f1g2 d4c3,-696
8/6k1/2R4p/1p4p1/1P4P1/P6P/2pK1P2/r7 w - -,c6c2 a1a3 c2c7 g7f6 c7c6 f6g7 c6b6 a3f3 d2e2 f3h3,31
8/7P/p7/4k3/8/8/5P2/2q3K1 w - -,c6c7 g7g6 c7c6 g6g7 c6c2 a1a3 c2c7 g7g6 c7c6 g6g7,Mate
8/2bk2p1/q2p1p1p/3Pp2P/npN1P1P1/1P3P2/1Q2K3/5N2 w - -,,0
2rr2k1/pp3pbp/4pn2/3n2p1/2NPb2N/1P4PB/PB2RP1P/3R2K1 w - -,f2f3 e4g6 h4g6 h7g6 a2a4 a7a6 h3f1 d5b4 g1f2 f6d5,-71
r3r1k1/ppp2pp1/2nq1n1p/2b1p2b/3pP3/1BPP1NNP/PP2QPP1/R1B1R1K1 w - -,g3h5 f6h5 f3g5 h6g5 e2h5 c6d8 c1g5 d8e6 g5h4 g7g6,129
r5k1/p3Rppp/8/2N1n3/8/1P5n/8/1K6 w - -,e7e5 f7f6 e5e4 h3g5 e4a4 h7h5 c5d3 g8h7 b1c2 h7h6,-475
8/6k1/7p/1p4p1/1P4P1/r6P/2RK1P2/8 w - -,c2c7 g7f6 c7c6 f6g7 c6b6 a3f3 d2e2 f3h3 f2f3 h6h5,17
R7/6k1/P4pr1/8/3B2p1/2N4p/3P1PPP/6K1 w - -,a8b8 g6g5 a6a7 g5a5 a7a8q a5a8 b8a8 g7f7 a8a6 f6f5,3916
4n1k1/8/8/1Q1r4/4b3/8/5K2/8 w - -,b5e8 g8g7 e8e4 d5g5 e4e7 g7g6 e7e6 g6h7 f2f3 g5g1,20000
8/1b3pp1/7k/7P/1r3PP1/4K3/8/8 w - -,b5e8 g8g7 e8e4 d5g5 e4e7 g7g6 e7e6 g6h7 f2f3 g5g1,Mate
r4b1r/pb1k2pp/3qpn2/P2pQ3/1pPP1B2/6P1/1P3PBP/R4RK1 w - -,a5a6 b7a6 e5g5 d6b6 c4d5 a6f1 d5e6 d7d8 g2a8 f1h3,254
r1b1k2r/1pq1npb1/p2ppnp1/2p4p/4PP2/2NPB1PP/PPPQN1B1/R4RK1 w kq -,e4e5 d6e5 f4e5 f6d5 c3e4 g7e5 e3c5 f7f5 c5e7 d5e7,71
8/4kppp/p7/4P3/4b3/3Np1P1/PPrbK2P/8 w - -,a2a4 d6d5 e4e5 f6d7 d3d4 b7b6 c3d1 c8b7 c2c3 g7f8,Mate
r1b2rk1/ppp3pp/2nb1q2/4pp2/8/2PP1NP1/P1P1QPBP/R1B2RK1 w - -,d3d4 e5e4 f3d2 f8e8 a2a4 c8e6 a4a5 a7a6 c1a3 a8d8,-48
8/6k1/7p/1pR3p1/1P4P1/5r1P/3K1P2/8 w - -,d2e2 f3h3 f2f3 g7g6 c5b5 h6h5 b5b6 g6f7 g4h5 h3h5,14
4k3/1R6/3K4/pp3p1p/5P1P/P7/5P2/8 w - -,d2e1 f3h3 c5b5 h3b3 b5b8 b3b2 b8b6 g7h7 b4b5 b2b4,Mate
r2q1rk1/1p3p2/p1n1p2p/3pPbp1/4n3/1BN3B1/PPP1QPPP/2KR3R w - -,h2h4 e4g3 f2g3 f5g6 c1b1 a8c8 h1h3 g8g7 g3g4 g5h4,-103
r4b1r/p2k2pp/P1bqpn2/3pQ3/1pPP1B2/6P1/1P3PBP/R4RK1 w - -,e5e2 d6e7 a1c1 a8c8 f1e1 d7d8 c4d5 f6d5 g2d5 e6d5,403
r1bq1rk1/p3bp1p/2p1p1p1/8/3P4/1Q3N2/PP3PPP/R1B1R1K1 w - -,c1h6 f8e8 f3e5 d8d5 b3g3 c8d7 h2h4 e8b8 a1d1 b8b4,108
r5k1/p5pp/5p2/2N1R3/8/1P5n/8/1K6 w - -,e5e4 h3g5 e4a4 h7h5 b1b2 g8f7 c5d7 f7g6 b3b4 h5h4,-481
8/6k1/7p/1pR3p1/1P4P1/7r/4KP2/8 w - -,f2f3 g7g6 c5b5 h6h5 g4h5 h3h5 b5c5 h5h4 b4b5 h4b4,11
r3bb1r/1kp3p1/1p2Pp1p/p3B3/P4NP1/1P5P/5P2/3RR1K1 w - -,e5c7 f8b4 c7d6 b4e1 d1e1 a8c8 e6e7 c8c6 e1d1 e8f7,-83
8/3k2p1/qb1p1p1p/3Pp2P/1pN1P1P1/1Pn2P2/3Q1K2/5N2 w - -,f2g2 b6c5 d2b2 c5d4 b2c2 d7d8 c2d2 d8c7 d2c2 a6a7,-7
7r/2pr1k2/p1n2b2/1p3p1p/4pP2/4B3/PPP1B1PP/2KR4 w - -,e2h5 f7e6 d1d7 e6d7 g2g4 d7d6 h2h4 f6g7 c2c3 c6e7,-517
3R4/P5k1/5p2/r7/3B2p1/2N4p/3P1PPP/6K1 w - -,e2h5 f7e6 d1d7 e6d7 g2g4 d7d6 h2h4 f6g7 c2c3 c6e7,Mate
2r2rk1/4pp1p/p1n3p1/2N5/8/3PB2P/PbP3P1/4RRK1 w - -,,0
r4b1r/p2kq1pp/P1b1pn2/3p4/1pPP1B2/6P1/1P2QPBP/R4RK1 w - -,a1c1 a8c8 f1e1 d7d8 c4d5 f6d5 g2d5 e6d5 e2g4 e7d7,450
rnbq1rk1/p4pbp/2p1pnp1/1p1pN3/3P1P2/2PBP3/PP1B2PP/RN1Q1RK1 w - -,a2a4 b5a4 d1a4 c8b7 a4a5 d8a5 a1a5 f6d7 b2b4 d7e5,77
8/6k1/7p/1R4p1/1P4P1/1r6/4KP2/8 w - -,b5b6 g7h7 b4b5 b3b4 b6b7 h7g6 f2f3 b4b3 b5b6 g6f6,3
8/1b3pp1/7k/5P1P/6r1/4K3/8/8 w - -,e2d2 g7f6 d2c2 b3f3 b5c5 f3f2 c2b3 f6e6 b4b5 e6d6,Mate
3r2k1/p1r2pbp/4pnp1/1p1nN3/3Pb2N/1P4PB/PB2RP1P/3R2K1 w - -,f2f3 e4f5 h4f5 g6f5 h3f1 g7h6 f3f4 h6f8 d1c1 c7c1,-85
rn1q1rk1/1b2npb1/p1ppp1pp/P7/1pPPPB2/2NB1N1P/1P3PP1/R2QR1K1 w - -,c3a4 g6g5 f4h2 c6c5 d4c5 d6c5 a4c5 a8a7 h2b8 d8b8,239
r2R4/6k1/5p2/8/3B2p1/2N4p/3P1PPP/6K1 w - -,c3a4 g6g5 f4h2 c6c5 d4c5 d6c5 a4c5 a8a7 h2b8 d8b8,Mate
8/3k2p1/q2p1p1p/2bPp2P/1pN1P1P1/1Pn2P2/3Q2K1/5N2 w - -,d2c1 c3e2 c1b2 e2f4 g2h2 a6a7 f1g3 d7e7 g3f5 e7f8,-5
rnbqr1k1/ppp1ppbp/3p1np1/8/2PP3N/6P1/PP2PPBP/RNBQK2R w KQ -,,0
2r3k1/p5pp/5p2/2N5/8/1P2R2n/8/1K6 w - -,c5d3 h3g5 b1b2 g8f7 e3e1 h7h5 e1h1 g7g6 d3f4 c8c7,-482
r7/3r1qp1/2p3kp/p1N1pp2/1P6/2Q5/P1P2PPP/5RK1 w - -,c3e5 d7e7 c5d3 a5b4 e5c5 f7f6 d3b4 e7e6 h2h3 g6h7,-193
r1bq1rk1/1pb2pp1/p6p/3p4/3P4/1B1Q1N2/PP3PPP/R3R1K1 w - -,f3e5 d8d6 a1c1 c7b6 c1d1 b6c7 h2h4 g7g6 d3f3 c8e6,79
8/5k2/3K4/pR3p1p/5P1P/P7/5P2/8 w - -,f3e5 d8d6 a1c1 c7b6 c1d1 b6c7 h2h4 g7g6 d3f3 c8e6,Mate
r1b2rk1/ppp3pp/2nb1q2/4p3/5p2/2PP1NP1/P1P1QPBP/1RB2RK1 w - -,f1e1 a8b8 f3d2 c8d7 d2e4 f6f7 e2d1 f7a2 b1b3 d6e7,-13
1kb3rr/1p2n1q1/1Np1Rp2/1p6/1P1N1P1p/8/2P2QPP/R6K w - -,f1e1 a8b8 f3d2 c8d7 d2e4 f6f7 e2d1 f7a2 b1b3 d6e7,Mate
8/1R6/5k1p/6p1/1P4P1/1r6/4KP2/8 w - -,,0
3r2k1/3b1pbp/3q2p1/1p3p2/p2Q4/P4NNP/BP3PP1/3Rr1K1 w - -,g1h2 e1d1 d4d6 d1d6 f3g5 d7e8 a2b1 g7b2 b1f5 g6f5,-715
r2q1rk1/2p2pp1/p3bn1p/2p1p3/3nP3/P2P1NPP/2PRQP2/2KN1B1R w - -,d1e3 d4e2 f1e2 c5c4 e3c4 g8h8 h1d1 a8b8 g3g4 d8e7,-616
rn1qkb1r/pp2pppp/2p2n2/1B1P3b/8/5P2/PPPP2PP/RNBQK1NR w KQkq -,b5d3 c6d5 d3b5 b8c6 d2d4 h5g6 g1e2 e7e6 c2c3 a7a6,-93
2r2rk1/4pp1p/N1n3p1/8/8/2bPB2P/P1P3P1/4RRK1 w - -,e1b1 c6d4 g1h1 d4c2 e3c5 c8c6 f1c1 c3f6 c1c2 c6a6,-7
7r/pp2pppp/2k5/2P5/4P3/8/PPP2PPP/4K2R w - -,h2h4 h8d8 h1h3 d8d4 h3e3 c6c5 a2a3 d4c4 e1d2 c4d4,191
5rk1/1p1n1p2/pq2pn1p/3pN3/3r2p1/1PN3P1/P5PP/2RQR1K1 w - -,c3a4 d4d1 a4b6 d1e1 c1e1 d7b6 h2h3 b6d7 e5g4 f6g4,-591
8/1R6/5k1p/1P4p1/1r4P1/8/4KP2/8 w - -,,0
8/1b3pp1/8/5P1k/6r1/3K4/8/8 w - -,f2f3 b4b3 b7b8 f6g7 b8b6 g7f7 e2d2 f7e7 b6b7 e7e6,Mate
1N4k1/p3bp1p/4p1pP/3p4/1p1PnBP1/2r1Q3/2K1PPB1/q6R w - -,f2f3 b4b3 b7b8 f6g7 b8b6 g7f7 e2d2 f7e7 b6b7 e7e6,Mate
3r2k1/p1r2pbp/4pnp1/1p1nNb2/3P3N/1P3PPB/PB2R2P/3R2K1 w - -,h4f5 g6f5 h3f1 g7h6 f3f4 h6f8 d1c1 c7c1 b2c1 d8c8,-86
3r2k1/p2N2pp/5p2/8/8/1P2R2n/8/1K6 w - -,e3e7 d8c8 b3b4 h3f4 e7e4 f4g6 b1b2 h7h5 e4e1 g8f7,-488
R7/5k2/5p2/8/3B2p1/2N4p/3P1PPP/6K1 w - -,e3e7 d8c8 b3b4 h3f4 e7e4 f4g6 b1b2 h7h5 e4e1 g8f7,Mate
r4rk1/2p2pp1/p3bn1p/2p1p3/3qP3/P2P2PP/2PRQP2/2KN1B1R w - -,d1b2 d4c3 d2d1 a8b8 b2a4 c3a3 c1d2 a3a4 d2e3 b8b2,Mate
7r/2R5/p1nk1b2/1p3p1p/4pP2/4B3/PPP1B1PP/2K5 w - -,c7f7 d6e6 f7b7 f6d4 e3d4 c6d4 e2f1 e4e3 b7b6 e6d5,52
8/8/p2k4/6Q1/2p2P1P/5n2/8/6K1 w - -,,0
8/3k2p1/q2p1p1p/2bPp2P/1pN1P1P1/1P3PN1/3Q2K1/1n6 w - -,,0
8/5k2/R7/5p2/3B2p1/2N4p/3P1PPP/6K1 w - -,d2d1 b1c3 d1c1 d7e8 g3f5 e8f8 c1b2 c3d1 b2b1 d1c3,Mate
5k2/1R6/4K3/p4p1p/5P1P/P7/5P2/8 w - -,d2d1 b1c3 d1c1 d7e8 g3f5 e8f8 c1b2 c3d1 b2b1 d1c3,Mate
2rr2k1/4pp1p/N1n3p1/8/8/2bPB2P/P1P3P1/1R3RK1 w - -,,0
r1b2rk1/pp2qppp/3p1n2/2pP4/2P1PR2/P1PB4/2Q3PP/R3N1K1 w - -,h2h3 c8d7 c2d2 a8e8 e1f3 d7c8 d3c2 f6d7 d2d3 g7g6,-52
r1bqk2r/ppp1npbp/2n3p1/4p3/2B1P3/2N2N2/PPPP2PP/R1BQ1RK1 w kq -,g1h1 c8e6 c4e6 f7e6 f3g5 d8d7 d2d3 c6d4 c1d2 h7h6,89
8/3k2p1/q2p1p1p/2bPp2P/1pN1P1P1/nP3PN1/1Q4K1/8 w - -,,0
8/8/8/5K2/1k6/8/5R2/8 w - -,b2a2 d7c8 g3f5 c8b7 f5e3 a6a7 a2e2 b7c7 g2g3 a3c4,Mate
r1b1kb1r/ppq2ppp/2n1p1n1/2PpP3/1P6/2PBBN2/P4PPP/RN1QK2R w KQkq -,e1h1 f8e7 f1e1 e8h8 e3d4 b7b6 c5b6 a7b6 b4b5 c6d4,212
3r2k1/p5pp/5p2/2N5/5n2/1P2R3/8/1K6 w - -,b1b2 h7h5 e3e7 a7a5 e7a7 d8d5 c5b7 d5d7 a7a8 g8h7,-509
7r/5R2/p1n1kb2/1p3p1p/4pP2/4B3/PPP1B1PP/2K5 w - -,f7b7 f6d4 e3d4 c6d4 e2f1 e4e3 c1d1 h8g8 b7b6 e6d5,52
7r/pp2pppp/8/2k5/4P3/8/PPP1KPPP/7R w - -,h1d1 c5c6 a2a4 h7h5 f2f4 h8g8 h2h4 g7g6 d1d5 f7f6,200
8/8/8/6K1/8/2k5/5R2/8 w - -,c2c3 h8d8 h1d1 d8d1 e2d1 g7g5 d1d2 h7h5 d2d3 e7e5,Mate
8/1b4p1/5p2/5P1k/6r1/2K5/8/8 w - -,c2c3 h8d8 h1d1 d8d1 e2d1 g7g5 d1d2 h7h5 d2d3 e7e5,Mate
2r3k1/4pp1p/NBnr2p1/8/8/2bP3P/P1P3P1/1R3RK1 w - -,b6c5 d6d5 g1h1 c6d4 c5d4 c3d4 b1b8 c8b8 a6b8 d5b5,-6
8/8/8/8/4pk1p/2R2PrP/7K/8 w - -,b6c5 d6d5 g1h1 c6d4 c5d4 c3d4 b1b8 c8b8 a6b8 d5b5,Mate
rn1qk2r/pbpp1pb1/1p2pn1p/6p1/3P4/5NP1/PPPBPPBP/RN1Q1RK1 w kq -,c2c4 c7c5 d4c5 b6c5 b1c3 d7d6 h2h4 g5g4 f3e1 b7g2,49
8/1PR5/5k2/6pp/1r6/8/4KP2/8 w - -,,0
8/8/p4Q2/3kn3/2p4P/8/5P2/6K1 w - -,f6f5 c4c3 f2f4 c3c2 f5e5 d5c4 e5b2 c4d3 g1f2 a6a5,7075
3r2k1/p1r2pbp/4pn2/1p1nNp2/3P4/1P3PPB/PB2R2P/3R2K1 w - -,h3f1 b5b4 d1c1 d5c3 b2c3 b4c3 e2c2 f6d5 f3f4 g7f8,-68
r1bqkbnr/ppp5/2n2p2/3p2p1/3P1B1p/4P3/PPP1NPPP/RN1QKB1R w KQkq -,h2h3 g5f4 e2f4 f6f5 b1d2 c6e7 c2c4 g8f6 a1c1 c7c6,-152
2r3k1/4pp1p/N1n3p1/2Br4/8/2bP3P/P1P3P1/1R3RK1 w - -,,0
3r2k1/p3R1pp/5p2/2N5/8/1P1n4/8/1K6 w - -,c5e6 d8d6 e6g7 d6d5 e7a7 d5e5 b1c2 d3b4 c2c3 b4d5,-248
2r5/2rq1k1p/Q1n1ppp1/3p4/PP1P4/4P2P/2R2PP1/2R3K1 w - -,a6b6 c7b7 c2c6 b7b6 c6c8 b6b7 b4b5 e6e5 b5b6 b7b6,95
7r/pp2pppp/2k5/8/4P3/8/PPP1KPPP/3R4 w - -,a2a4 h7h5 e2e3 a7a5 f2f4 g7g6 d1d5 b7b6 f4f5 h8g8,211
8/1P6/2R5/4k1pp/1r6/8/4KP2/8 w - -,,0
rnbqk2r/pppp1ppp/4pn2/8/2P1P3/1Qb5/PP1P1PPP/R1B1KBNR w KQkq -,b2c3 f6e4 d2d4 b7b6 f1d3 e4f6 b3c2 c8a6 g1f3 a6b7,-82
r1b1qb1N/pp1kn1p1/4p3/3pn1N1/8/3B4/PP3PPP/R2Q1RK1 w - -,f1e1 e7c6 h8g6 e5g6 g5e6 g6e5 e1e5 c6e5 d3b5 d7e6,540
3rb1k1/5pbp/3q2p1/1p3p2/p2n4/P4NNP/BP1Q1PP1/3R2K1 w - -,a2f7 e8f7 f3d4 d6d4 d2d4 d8d4 d1e1 d4d8 g3e2 g7b2,-570
rnbqk2r/pppp1ppp/4p3/8/2P1n3/1QP5/P2P1PPP/R1B1KBNR w KQkq -,d2d4 b7b6 f1d3 e4f6 g1f3 c8b7 b3d1 d7d6 e1h1 b8d7,-66
2r3k1/1R3p2/3q2pp/3bp3/7Q/4P2P/5PPK/1B6 w - -,b7a7 c8c1 b1e4 c1c4 f2f3 d5e4 f3e4 g8g7 h4f2 d6f6,-11
8/8/p4Q2/3kn2P/8/2p5/5P2/6K1 w - -,f2f4 e5f3 g1f2 f3d4 h5h6 c3c2 f6e5 d5c6 e5e3 d4f5,6112
r1bqr1k1/1p3pp1/p2b3p/3p4/3P4/1B1Q1N2/PP3PPP/R3R1K1 w - -,b3d5 e8f8 f3e5 d6e5 e1e5 d8b6 b2b3 c8e6 d5f3 f8e8,161
rn1q1rk1/1b2npb1/p2pp1pp/P1p5/NpPPPB2/3B1N1P/1P3PP1/R2QR1K1 w - -,d4c5 d6c5 a4c5 b7c6 d1d2 g6g5 f4g3 b8d7 g3d6 d7c5,260
r2q3r/4bpk1/2p1p1p1/p2pPbn1/P2P3p/2PBB3/3Q1PPP/1R2NRK1 w - -,f2f3 g5h7 e3h6 g7g8 d3f5 g6f5 b1b7 h7g5 b7e7 h8h6,165
r1b1kb1r/ppq2ppp/2n1pn2/1Bpp4/4P3/2NP1N2/PPP2PPP/R1BQ1RK1 w kq -,e4d5 e6d5 f1e1 c8e6 d3d4 a7a6 b5c6 c7c6 c1f4 f8d6,81
3r2k1/R5pp/5p2/2n5/8/1P6/8/1K6 w - -,b1c2 c5b3 c2b3 h7h5 a7a4 g8f7 a4a7 f7g6 a7a4 g6g5,-733
8/1P6/5k2/2R3pp/1r6/8/4KP2/8 w - -,,0
8/8/RPR1pk2/2np4/3P4/1K3r2/P1P4r/8 w - -,b3b4 c5a6 b4b5 a6b8 c6c8 b8d7 a2a4 f3f2 c8c7 f6e7,-585
2r2b1r/p2kq1pp/P1b1pn2/3p4/1pPP1B2/6P1/1P2QPBP/2R2RK1 w - -,f1e1 d7d8 c4d5 f6d5 g2d5 e6d5 e2g4 e7d7 f4g5 d8c7,504
rnbqkb1r/pp2pppp/2p5/8/2BPp3/8/PPP2PPP/R1BQK1NR w KQkq -,f2f3 e7e5 f3e4 d8h4 e1f1 f8e7 g1f3 h4e4 f3e5 c8e6,-40
r2qkbnr/p1p2ppp/1pn1p3/2P2b2/3Pp3/1Q3N2/PP3PPP/RNB1KB1R w KQkq -,f1b5 e8e7 b5c6 e4f3 b3f3 a8b8 d4d5 b6c5 e1h1 b8b4,333
8/8/nPR1pk2/3p4/1K1P4/5r2/P1P4r/8 w - -,b4a5 f3a3 a5b5 a6b8 c6c8 b8d7 c8c7 f6e7 c7a7 a3c3,-747
rnbqkb1r/pp2pppp/5n2/3p4/3p1B2/4P3/PPP1BPPP/RN1QK1NR w KQkq -,,0
R7/P4pk1/8/7p/2K2p1P/r7/6P1/8 w - -,,0
r1bq1rk1/1p3p2/p2b2pp/3p4/3P4/1B1Q1N2/PP3PPP/R3R1K1 w - -,b3d5 d6h2 f3h2 d8d5 e1e5 d5d6 d3e3 g8g7 d4d5 c8d7,37
4k3/6p1/q2p1p1p/2bPp2P/1p2P1P1/nP3PN1/1Q1N2K1/8 w - -,,0
rn1q1rk1/1b2npb1/p3p1pp/P1p5/NpP1PB2/3B1N1P/1P3PP1/R2QR1K1 w - -,a4c5 b7c6 d1d2 g6g5 f4g3 b8d7 g3d6 a8a7 c5b3 e7g6,261
3r2k1/R5p1/5p1p/2n5/8/1P6/1K6/8 w - -,b3b4 c5d3 b2c3 d3b4 c3b4 g8h7 a7a2 h6h5 a2f2 h7g6,-805
r1b1k2r/pp1nqppp/8/3p4/1b1Pp3/2N1P1P1/PP2NPBP/R2QK2R w KQkq -,d1b3 d7f6 e1h1 b4c3 e2c3 c8e6 a1c1 e8h8 c3b5 f6e8,17
r1bq1rk1/p2n1pbp/2p1pnp1/1p1pN3/3P1P2/2PBP3/PP4PP/RN1QBRK1 w - -,e5c6 d8b6 c6e5 f6e4 a2a4 b5a4 d3e4 d5e4 b1d2 a7a5,123
8/8/RPR1pk2/3p4/3P4/3n1r2/PKP4r/8 w - -,b2a3 d3e5 a3b2 e5c6 a6a8 f3f2 a8f8 f6e7 f8f2 h2f2,Mate
r2qkbnr/pppn1ppp/8/4N3/3Pp3/8/PPP2PPP/RNBQK2R w KQkq -,d1e2 g8f6 e1h1 d8e7 c1f4 e7e6 b1d2 e8a8 a1e1 d8e8,80
1rbq1rk1/2p1bppp/p1n2n2/4p3/p2pP3/2PP1N2/1PBNQPPP/R1B2RK1 w - -,c2a4 d4c3 b2c3 c8b7 d2c4 f6d7 c1e3 h7h6 f1b1 b7a8,182
8/8/p1n5/3k3P/5Q2/2p5/5P2/6K1 w - -,f4f3 d5d6 f3c3 c6e5 h5h6 d6e6 h6h7 e5g6 c3g7 e6f5,7302
r3kb1r/pp1bnNp1/1qn1p2p/3pP1B1/8/3B1N2/PP3PPP/R2Q1RK1 w - -,f7d6 e8d8 g5e3 d5d4 f3d4 c6d4 d6f7 d8c7 a1c1 e7c6,513
rnbqkb1r/pp3ppp/4pn2/3p4/3P1B2/8/PPP1BPPP/RN1QK1NR w KQkq -,c2c3 f8d6 f4d6 d8d6 g1f3 d6b6 d1b3 b6c7 e1h1 e8h8,32
8/1P4R1/3k4/7p/1r4p1/8/4KP2/8 w - -,,0
1rqr2kb/3bpp1p/2np1npB/1pp5/4PP2/2NP2PP/1PPQN1BK/R4R2 w - -,a1e1 d8e8 c3d1 c8c7 d1e3 c6d4 g3g4 d4e2 e1e2 b5b4,54
r2q4/1R2bpk1/2p1p1p1/p2pPbnr/P2P3p/2PBB3/3Q1PPP/4NRK1 w - -,d3f5 g6f5 d2e2 h5h8 e1d3 a8c8 f2f3 g5h7 f1b1 h7f8,230
8/8/p6P/3k4/3n1Q2/2p5/5P2/6K1 w - -,f4f7 d5e4 h6h7 c3c2 f7b7 e4d3 b7a6 d3e4 a6a8 e4d3,7211
r2k1b1r/pp1bn1p1/1qnNp2p/3pP1B1/8/3B1N2/PP3PPP/R2Q1RK1 w - -,g5e3 d5d4 f3d4 c6d4 a1c1 e7c6 d6f7 d8c7 f7h8 d7e8,526
4k3/6p1/3p1p1p/2bPp2P/1p2P1P1/nP1q1PN1/1Q4K1/5N2 w - -,,0
2n3q1/k4p1b/p6p/1p5P/8/6P1/Pb3PB1/6K1 w - -,b2a2 e8f7 a2e2 d3b3 e2a6 a3c2 a6b7 f7g8 b7c8 g8h7,Mate
rnbq1rk1/4npb1/p3p1pp/P1N5/1pP1PB2/3B1N1P/1P3PP1/R2QR1K1 w - -,d1d2 g6g5 f4e3 e6e5 c5a4 b8c6 a4b6 a8b8 c4c5 c6d4,248
rn1qkb1r/ppp1ppp1/5n2/3p1b1p/2PP1B2/7P/PP2PPP1/RN1QKBNR w KQkq -,e2e3 e7e6 b1d2 c7c5 c4d5 e6d5 d4c5 f8c5 a1c1 b8d7,34
r1b1k2r/pp2qppp/5n2/3p4/1b1Pp3/2N1P1P1/PP2NPBP/R2Q1RK1 w kq -,d1b3 b4c3 b2c3 e8h8 f1c1 f8d8 b3b4 e7b4 c3b4 c8d7,16
2r1r1k1/ppqbppbp/2np1np1/8/2P1P3/1PNBBP2/P1Q1N1PP/2RR3K w - -,c2d2 c6e5 d3c2 c7a5 h2h3 a7a6 f3f4 e5c6 a2a4 a5b4,94
6k1/4pp1p/p1N1n1p1/2p3b1/8/2P4P/PP1r2PB/4R2K w - -,e1b1 c5c4 c6a5 d2e2 a5c4 e6c5 c4e5 g5f6 e5c4 c5e4,-112
3rr1k1/3b1pbp/6p1/1p3p2/p2q4/P5NP/BP1Q1PP1/3RR1K1 w - -,e1e3 d7e6 d2d4 d8d4 d1d4 g7d4 e3e2 e8c8 a2e6 c8c1,-402
8/1r6/3k4/6Rp/6p1/8/4KP2/8 w - -,,0
r1bq1rk1/ppp1ppbp/1nn3p1/8/3PP3/2N2N2/PP2BPPP/R1BQ1RK1 w - -,d4d5 c6a5 d1c2 c7c6 f1d1 c8g4 d5c6 d8b8 c6b7 b8b7,106
rnbqkb1r/pp2pppp/8/8/3Pp3/8/PPP2PPP/R1BQKBNR w KQkq -,c2c3 e7e5 g1e2 d8a5 c1e3 f8e7 e2g3 e8h8 f1c4 g8h8,61
8/1r6/3k4/7R/8/6p1/4KP2/8 w - -,,0
rnbqkb1r/pp3ppp/2p1p3/7Q/2BPp3/8/PPP2PPP/R1B1K1NR w KQkq -,c4b3 d8d4 g1e2 d4c5 h5h4 b8d7 e1h1 c5e5 e2c3 f8e7,-108
r2r4/1p4k1/p3pp1p/3pBb2/4N3/1B4P1/PPP1Q2P/2K4R w - -,e4f6 d8f8 f6d5 g7h7 d5f6 f8f6 e5f6 a8g8 f6d4 g8g4,1270
r4rk1/pp2q1bp/2p1bpp1/P1p1p3/2N1P1n1/3PBN2/1PP2PPP/R2QR1K1 w - -,e3d2 g4h6 a1a4 f8d8 h2h3 h6f7 d2e3 g7h6 e3h6 f7h6,41
3r2k1/4pp1p/p3n1p1/2p1N1b1/8/2P4P/PP4PB/4R2K w - -,a2a4 g8f8 e1b1 f7f6 e5c6 d8c8 c6a7 c8a8 a7c6 c5c4,-105
r4rk1/2p2pp1/p3bn1p/2p1p3/4P3/P1qP2PP/1NPRQP2/2K2B1R w - -,d2d1 a8b8 b2a4 c3a3 c1d2 a3a4 d2e3 b8b2 d1c1 c5c4,-657
8/pp6/8/P2b2kp/3N4/1PP3K1/7P/8 w - -,h2h4 g5f6 g3f4 d5f7 c3c4 f7g6 c4c5 g6e8 b3b4 e8a4,343
r1bqkb1r/5p1p/p1np2p1/3Np3/4n3/PP2N3/1P3PPP/R1BQKB1R w KQkq -,b3b4 c6d4 f1d3 f7f5 e1h1 f8g7 f2f3 e4f6 d5f6 g7f6,57
4k3/p1rb1p1p/1p5r/3p1n2/5N2/P1P3P1/5PBP/R1R3K1 w - -,g2d5 h6d6 c3c4 f5e7 d5e4 d7f5 e4f5 e7f5 a1b1 f5d4,42
2kr3r/pppnqppp/4pn2/3p4/3P4/1QNPPNP1/PP3PP1/R3K2R w KQ -,a2a4 f6e8 e3e4 g7g5 e1h1 g5g4 f3h4 c7c6 f1e1 d7f6,32
r1b1kb1r/pp1n1pp1/1qp5/4P2p/2Q1P1n1/2N3B1/PP3PPP/R3KBNR w KQkq -,g1f3 h5h4 f3h4 f8c5 c4e2 d7e5 a1d1 c5f2 g3f2 g4f2,-67
r4rk1/2p2pp1/p3bn1p/2p1p3/4P3/q2PQ1PP/1NPR1P2/2K2B1R w - -,c2c3 a3a1 c1c2 a8b8 d3d4 b8b2 c2d3 c5d4 d2b2 d4e3,Mate
r1bqk2r/ppp1b1pp/5n2/4N3/3Bp3/8/PPP2PPP/RN1Q1RK1 w kq -,b1c3 e8h8 f1e1 c8f5 h2h3 f8e8 g2g4 c7c5 d4e3 f5e6,15
r2q1rk1/1pp3p1/p1n1pn1p/4p3/3pP3/2PPRNN1/PP3PPP/R2Q2K1 w - -,a2a4 d4e3 f2e3 d8e8 d3d4 a8b8 b2b4 f6d7 d1b3 g8h8,-483
rn1qkbnr/pp2p1pp/5p2/2pp3b/3P3P/5N2/PPP1PPP1/RNBQKB1R w KQkq -,d4c5 e7e6 b2b4 a7a5 c2c3 a5b4 c3b4 b8c6 d1b3 b7b6,32
r4rk1/2p2pp1/p3bn1p/2p1p3/4P3/3PQ1PP/1qPR1P2/3K1B1R w - -,h1g1 c5c4 d3c4 a6a5 g3g4 f6h7 d2d5 a5a4 d5b5 a4a3,-643
rnb1kb1r/pp2pppp/1qpp1n2/8/3P4/5N2/PPP1PPPP/RNBQKB1R w KQkq -,b1c3 d6d5 e2e3 c8g4 h2h3 g4f3 d1f3 e7e6 g2g4 f8b4,11
2n3q1/2k3pb/p6p/1p5P/8/6P1/Pb3PB1/6K1 w - -,b1d2 c8f5 e2e3 h7h6 f1e2 e7e6 e1h1 f8e7 b2b3 f5h7,Mate
r1bq1rk1/4npb1/p1n1p1pp/P1N5/1pP1PB2/3B1N1P/1P1Q1PP1/R3R1K1 w - -,f4h6 c6d4 f3d4 g7h6 d2h6 d8d4 h6e3 d4e3 e1e3 e6e5,280
4r1k1/5pq1/1pr5/p2pPR2/3P2PQ/3N4/PP5P/6K1 w - -,f5h5 e8e7 d3f4 e7d7 g1g2 a5a4 h5g5 c6g6 f4g6 f7g6,415
8/8/p6P/3k4/8/2p5/4nP2/2Q3K1 w - -,,0
r1bq1rk1/pp1pbppp/2n2n2/2p1p3/2B1P3/P1P2N2/1PQP1PPP/RNB1K2R w KQ -,c4e2 f6e4 f3e5 c6e5 c2e4 e7f6 e4d5 f8e8 e1h1 d7d6,-118
4k3/6p1/3p1p1p/2bPp2P/1p2P1P1/1P3P2/2n1N1K1/5N2 w - -,f1d2 c2e3 g2h3 e8f7 e2g3 g7g6 h5g6 f7g6 g3f5 e3c2,26
3rb1k1/5pbp/6p1/1p3p2/p2q4/P5NP/BP1Q1PP1/3R2K1 w - -,g3e4 f5e4 d2d4 d8d4 d1c1 g8f8 b2b4 d4d8 a2b1 g7b2,-603
r2r2k1/ppq2ppp/2bbpn2/2p1N3/3PpB2/2N5/PPP1RPPP/R2Q2K1 w - -,h2h4 f6d5 e5c6 d5c3 b2c3 c7c6 f4e3 c5d4 c3d4 d6e7,-241
2Q2R2/P7/8/4k3/8/1K6/8/r7 w - -,h2h4 f6d5 e5c6 d5c3 b2c3 c7c6 f4e3 c5d4 c3d4 d6e7,Mate
r2qkbnr/pp2p1pp/2n2p2/2pp3b/3P3P/2P2N2/PP2PPP1/RNBQKB1R w KQkq -,d4c5 e7e5 b2b4 g8h6 c1h6 g7h6 b1d2 a7a5 a2a3 f6f5,39
6k1/4rpq1/1pr5/p2pP2R/3P2PQ/3N4/PP5P/6K1 w - -,g1f2 e7e8 d3f4 f7f6 f2g3 a5a4 f4d5 f6e5 d4e5 a4a3,526
r4rk1/2p2pp1/p3bn1p/2p1p3/2P1P3/3PQ1PP/3R1P2/1q1K1B1R w - -,d1e2 f8d8 f1g2 b1b3 h1c1 a6a5 e2f1 b3a3 d2d1 a5a4,-544
8/8/p6P/3k4/3n4/4Q3/2p2P2/6K1 w - -,d1e2 f8d8 f1g2 b1b3 h1c1 a6a5 e2f1 b3a3 d2d1 a5a4,Mate
r1bqkb1r/pp3ppp/3p1n2/2nPp3/4PP2/2N5/PP4PP/R1BQKBNR w KQkq -,g1f3 c8d7 f4e5 d6e5 f3e5 f8d6 e5c4 f6e4 c4d6 e4d6,11
r2q4/1R2bpk1/2p1p1p1/p2pPbnr/P2P3p/2P1BP2/3QB1PP/4NRK1 w - -,e1d3 a8c8 h2h3 g5h7 d3f4 h5g5 e2d3 f5d3 d2d3 h7f8,349
r1bq1rk1/pp1pnpbp/2p3p1/4p3/B2nP3/2NPBN2/PPP2PPP/R2Q1RK1 w - -,f1e1 d7d6 e3d4 e5d4 c3e2 a7a5 a2a3 c8g4 f3d2 b7b5,-73
1r3rk1/2p2pp1/p3bn1p/2p1p3/2P1P3/3PQ1PP/3RKP2/1q3B1R w - -,f2f3 b1a1 f1g2 a1c3 f3f4 b8b3 e2f2 f8b8 h1d1 f6d7,-565
r1bq1rk1/pp1nbppp/2p2n2/4P3/4p3/3B1N2/PPP1NPPP/R1BQR1K1 w - -,e5f6 d7f6 d3e4 f6e4 e2d4 e4g5 f3g5 e7g5 c1g5 d8g5,-4
r2q1r2/2p1ppk1/p4np1/5b1p/1n1Pp2P/2N2P2/1PPQ1NP1/2KR1B1R w - -,f3e4 f5d7 f1c4 a8b8 d2g5 c7c5 g5c5 a6a5 d4d5 b8c8,42
4b1k1/5p1p/6p1/1p3p2/p2b4/P5NP/BP3PP1/6K1 w - -,g3e2 d4b2 e2f4 b2a3 f4d3 a3d6 f2f3 g8f8 g1f2 f8e7,-597
4k3/6p1/3p1p1p/3Pp2P/1p1bP1P1/1P3P2/2n3K1/2N2N2 w - -,f1g3 c2e1 g2f1 e1f3 f1e2 f3g1 e2d1 e8d7 c1d3 g1h3,60
r2qkbnr/pp2p1pp/2n2p2/2pp4/3P1B1P/2P2b2/PP2PPP1/RN1QKB1R w KQkq -,d1b3 f3e4 f2f3 e4b1 e2e4 e7e5 e4d5 e5f4 d5c6 b7c6,-283
5R2/P7/8/5Q2/3k4/1K6/8/r7 w - -,d1b3 f3e4 f2f3 e4b1 e2e4 e7e5 e4d5 e5f4 d5c6 b7c6,Mate
rq2kb1r/pp1bnppp/4p3/1N1pn1B1/8/3B1N2/PP3PPP/R2Q1RK1 w kq -,g5f4 e5f3 d1f3 e6e5 f4e5 b8e5 f1e1 e5f6 f3g3 d7c6,214
r1bq1rk1/pp2bppp/2p2n2/8/4p3/3B1N2/PPP1NPPP/R1BQR1K1 w - -,,0
1r3rk1/2p2pp1/pq2bn1p/2p1p3/2P1P3/3PQ1PP/3RKPB1/7R w - -,d2a2 b6b3 h1a1 f8d8 a2a3 b3c2 e3d2 c2d2 e2d2 e6c4,-529
r3r1k1/ppp2pp1/2n1qn1p/2b1p2b/3pP3/1BPP1NNP/PP2QPP1/R1B1R1K1 w - -,b3e6 e8e6 g3h5 f6h5 b2b4 c5b6 b4b5 c6d8 c3d4 a7a6,553
5R2/P7/5Q2/8/8/1K1k4/8/r7 w - -,b3e6 e8e6 g3h5 f6h5 b2b4 c5b6 b4b5 c6d8 c3d4 a7a6,Mate
r2qkb1r/pp3ppp/3p1n2/2nPp3/4PPb1/2N2Q2/PP4PP/R1B1KBNR w KQkq -,f1b5 c5d7 b5d7 d8d7 f3d3 e5f4 c1f4 f8e7 h2h3 g4h5,13
r4rk1/pp2qnbp/2p2pp1/P1p1p3/2P1P3/4BN2/1PP2PPP/R2QR1K1 w - -,h2h4 a8d8 d1e2 g7h6 e3h6 f7h6 f3d2 f6f5 d2f3 f5f4,15
r2q1rk1/ppp1ppbp/1n4p1/3Pn3/4P1b1/2N1BN2/PP2BPPP/R2Q1RK1 w - -,f3e5 g4e2 e5f7 e2d1 f7d8 f8d8 c3d1 a8c8 a1c1 c7c6,114
6k1/4r1q1/1pr2p2/p2pP2R/3P1NPQ/8/PP5P/6K1 w - -,h5h6 g7h7 h6h7 e7h7 f4h5 h7h6 e5f6 h6g6 g1f2 g8f7,609
8/5kp1/3p1p1p/3Pp2P/1p1bP1P1/1P3PN1/2n3K1/2N5 w - -,g3f5 d4c5 g2f1 c2a1 f1e2 g7g6 f5h4 g6h5 g4h5 a1c2,137
r2q1rk1/1p3pp1/p2bb2p/3p4/3P4/1B1Q1N2/PP3PPP/R3R1K1 w - -,b3c2 f8e8 d3h7 g8f8 h7h8 f8e7 h8g7 e8g8 e1e6 e7e6,368
r1b1k2r/1pq1npb1/p3pnp1/2p1p2p/5P2/2NPB1PP/PPPQN1B1/R4RK1 w kq -,f4e5 f6d5 c3e4 g7e5 e3c5 f7f5 c5e7 d5e7 d3d4 e5g7,75
r2qkb1r/pp3ppp/3p1n2/2nP4/4Ppb1/2N1Q3/PP4PP/R1B1KBNR w KQkq -,e3f4 f8e7 g1f3 e8h8 f1c4 a8c8 e1h1 g4h5 c1e3 h5g6,-94
r1b2q1k/p4Pp1/2p1Q2p/2pp4/8/8/PP4PP/5RK1 w - -,e6e5 c8a6 f1f2 d5d4 e5f4 d4d3 b2b3 a8d8 f4c7 d8d4,-321
1r3rk1/2p2pp1/p2qbn1p/2p1p3/2P1P3/3PQ1PP/3RKPB1/R7 w - -,f2f4 f8d8 f4f5 e6c4 d3c4 d6d2 e3d2 d8d2 e2d2 b8b2,-556
8/5kp1/3p1p1p/2bPpN1P/1p2P1P1/1P3P2/2n3K1/2N5 w - -,g2f1 c2a1 f1e2 a1c2 e2d2 c2a3 c1d3 a3b5 d2c2 b5a3,163
rnbqk2r/1p3pp1/2p2n1p/p1bpp3/4P3/1BNP3P/PPP1NPP1/R1BQK2R w KQkq -,c3a4 c5d6 c2c4 d6b4 c1d2 b4d2 d1d2 d5c4 d3c4 d8d2,-96
r2qk2r/pp2bppp/3p1n2/2nP4/4PQb1/2N5/PP4PP/R1B1KBNR w KQkq -,f1c4 a8c8 g1f3 e8h8 e1h1 g4h5 c1e3 h5g6 f3d2 f6d7,-89
rnbqk2r/1p3pp1/5n1p/p1bpp3/8/1BNP3P/PPP1NPP1/R1BQK2R w KQkq -,c3a4 c5d6 d3d4 e8h8 e1h1 b8c6 a4c3 f8e8 c1e3 c8f5,-26
r4rk1/p1p2ppp/2pp4/4n1q1/4P3/5BPP/PB2QPK1/1RR5 w - -,b2e5 g5e5 c1c6 a8b8 b1b8 f8b8 c6c7 g7g6 e2c4 e5f6,497
8/5kp1/3p1p1p/3PpN1P/1p1bP1P1/1P2nP2/6K1/2N5 w - -,f5e3 d4e3 c1d3 e3d2 d3b2 d2e3 b2c4 e3c5 g2f1 g7g6,235
rnbqkb1r/p4ppp/2p1p3/1p5Q/2BPp3/2P5/PP3PPP/R1B1K1NR w KQkq -,f2f3 b5c4 f3e4 f8e7 e4e5 e8h8 g1f3 d8e8 h5g4 f7f5,-365
1r3rk1/5pp1/p1pqbn1p/2p1p3/2P1P3/3PQ1PP/R3KPB1/R7 w - -,f2f4 b8b3 a2a3 e6c4 a3b3 c4b3 e2f2 c5c4 f4e5 d6e5,-506
r2q1rk1/ppp1ppbp/1n4p1/3PN3/4P3/2N1B3/PP2bPPP/R2Q1RK1 w - -,e5f7 e2d1 f7d8 f8d8 c3d1 a8c8 a1c1 c7c6 d5c6 c8c6,116
1r1q1rk1/5ppp/3pb3/1p1Np1b1/4P3/2P5/1P2BPPP/R2QK2R w KQ -,e1h1 e6d5 d1d5 b5b4 c3c4 d8b6 a1a5 b6b7 d5b7 b8b7,51
1k1r3r/pppnqp2/4pn2/3p2pp/3P4/1QNPPNP1/PPR1KPP1/7R w - -,f3g5 f6g4 g5f3 c7c6 c3a4 b8a8 b3a3 e7a3 b2a3 d8c8,128
1r1qk1n1/p4pb1/3p2p1/2p1p3/4P3/PpPPB1Pr/1P2Q3/R2NR1K1 w - -,e2f3 d8f6 f3g4 h3h5 g4e2 g7h6 g1g2 e8f8 e3h6 g8h6,-83
5rk1/5pp1/p1pqbn1p/2p1p3/2P1P3/R2PQ1PP/1r2KPB1/R7 w - -,e3d2 b2d2 e2d2 d6d4 d2c1 d4f2 a3a2 f2g1 c1b2 g1g2,-1031
r1b2rk1/pp2qp1p/3p1n2/2pP2p1/2P1PR2/P1PB1N2/2Q3PP/R5K1 w - -,f4f6 e7f6 a1f1 f6g7 e4e5 d6e5 d3f5 c8f5 c2f5 f7f6,-181
3Q4/6pk/3p3p/3P4/pR6/P5P1/5K1P/2q1r3 w - -,f4f6 e7f6 a1f1 f6g7 e4e5 d6e5 d3f5 c8f5 c2f5 f7f6,Mate
r4r1k/pp2npbp/1q4p1/8/3pP3/1B5P/PPP2QP1/R1B2RK1 w - -,c1f4 a7a5 a2a4 a8d8 g1h1 e7c6 f2g3 d8d7 a1d1 f8d8,31
1r1q1rk1/2pbbppp/p1n2n2/4p3/B2pP3/2PP1N2/1P1NQPPP/R1B2RK1 w - -,d2c4 d4c3 b2c3 d8c8 a4c6 d7c6 c4e5 c6b7 f3d4 e7c5,214
3r1rk1/pp2qnbp/2p2pp1/P1p1p3/2P1P2P/4BN2/1PP2PP1/R2QR1K1 w - -,d1e2 g7h6 e3h6 f7h6 e1d1 h6f7 f3h2 d8d1 a1d1 f8d8,12
1r1q1rk1/5ppp/3p4/1p1bp1b1/4P3/2P5/1P2BPPP/R2Q1RK1 w - -,d1d5 b5b4 c3c4 d8c7 f1d1 g5e7 b2b3 c7b6 e2g4 b6b7,53
rnbqk2r/1p3pp1/5n1p/p1bpp3/P1B5/2NP3P/1PP1NPP1/R1BQK2R w KQkq -,c1e3 d5d4 f2f4 c5d6 f4e5 d6e5 e3d4 e5d4 e2d4 d8d4,-172
3Q4/6pk/3p3p/3P4/pR6/P5P1/2q3KP/4r3 w - -,c1e3 d5d4 f2f4 c5d6 f4e5 d6e5 e3d4 e5d4 e2d4 d8d4,Mate
1r4k1/5pp1/p1pqbn1p/2p1p3/2P1P3/R2PQ1PP/1r3PB1/R4K2 w - -,g2f3 e6h3 f1g1 b2b1 a1b1 b8b1 g1h2 h3c8 e3e2 d6d7,-591
8/5kp1/3p1p1p/3Pp2P/1p2P1P1/1P2bP2/6K1/2N5 w - -,c1d3 e3d2 d3b2 d2e3 b2c4 e3c5 g2f1 g7g6 f1e2 g6h5,286
r3kb1r/pp1bnppp/8/1N1pq3/8/3B1Q2/PP3PPP/R4RK1 w kq -,f1e1 e5f6 f3g3 d7c6 b5c7 e8d7 c7a8 f6d6 g3e3 d5d4,238
3Q4/6pk/3p3p/3P1q2/pR6/P5PK/7P/4r3 w - -,a1e1 e5f6 f3f6 g7f6 b5d6 e8d8 d6f7 d8e8 f7d6 e8d8,Mate
8/7P/p7/3k4/3n4/4Q3/5P2/2r3K1 w - -,e3c1 d4e2 g1f1 e2c1 h7h8q c1d3 f1e2 d3f4 e2e3 f4e6,5483
1k1r3r/pppnqp2/4pn2/3p3p/3P2p1/1QNPPNP1/PPR1KPP1/2R5 w - -,f3e5 d7e5 d4e5 f6e8 c3b5 c7c6 b5d4 b8a8 b3a4 d8b8,133
3r1rk1/pp2qn1p/2p2ppb/P1p1p3/2P1P2P/4BN2/1PP1QPP1/R3R1K1 w - -,e3h6 f7h6 f3d2 h6f7 d2b3 d8e8 a1d1 g8g7 e2e3 b7b6,9
r1k2b1r/2p1npp1/1pb4p/p2NP3/P1N5/1P5P/1B3PP1/3R1RK1 w - -,c4d6 c7d6 d5b6 c8b7 b6a8 e7d5 d1d2 d6e5 f1d1 f8b4,85
8/7P/p7/3k4/8/8/4nP2/2Q3K1 w - -,g1f1 e2c1 h7h8q c1d3 f1e2 d3e5 f2f4 e5c6 f4f5 a6a5,5728
r3r1k1/ppp2pp1/2nq3p/2b1p2n/3pP3/1BPP1N1P/PP2QPP1/R1B1R1K1 w - -,f3d4 e5d4 e2h5 c6e5 e1d1 a7a5 g1h1 a5a4 b3c2 c5b6,123
1r1q1rk1/5ppp/3p4/3Qp1b1/1p2P3/2P5/1P2BPPP/R4RK1 w - -,c3c4 d8c7 f1d1 g5e7 b2b3 g7g6 a1a5 c7b7 d5b7 b8b7,58
8/5kp1/3p1p1p/2bPp2P/1p2P1P1/1P3P2/N5K1/8 w - -,a2c1 c5d4 c1d3 d4c3 g2f1 g7g6 f1e2 g6h5 g4h5 f6f5,162
rq2kb1r/pp1bnppp/8/1N1p4/8/3B1Q2/PP3PPP/R3R1K1 w kq -,f3d5 d7c6 d5d4 f7f6 a1d1 a7a6 b5d6 e8d7 d3e4 b8a7,490
1k1r3r/ppp1qp2/4pn2/3pn2p/3P2p1/1QNPP1P1/PPR1KPP1/2R5 w - -,d4e5 f6e8 c3b5 c7c6 b5d4 b8a8 b3a4 e7d7 c2c3 e8c7,183
2r2r2/1b3pkp/pq2p3/1pbn2N1/7P/1B4P1/PPP1QP2/2KRR3 w - -,,0
6k1/r4pq1/1p2rR2/p2pP3/3P2PQ/3N4/PP5P/6K1 w - -,f6f5 e6h6 h4d8 g8h7 d3f2 g7h8 d8d5 h7g7 d5e4 h8c8,287
r2q1rk1/ppp1pNbp/1n4p1/3P4/4P3/2N1B3/PP3PPP/R2b1RK1 w - -,f7d8 f8d8 c3d1 a8c8 a1c1 c7c6 d5c6 c8c6 c1c6 b7c6,129
1k1r3r/pppnqp2/4p3/3pP2p/6p1/1QNPP1P1/PPR1KPP1/2R5 w - -,c3d5 d7c5 d5e7 c5b3 a2b3 d8d7 e7c6 b7c6 c2c6 b8b7,332
8/7P/p7/3k4/8/8/5PK1/2Q3n1 w - -,c3d5 d7c5 d5e7 c5b3 a2b3 d8d7 e7c6 b7c6 c2c6 b8b7,Mate
r1bqkbnr/p1p2pp1/p3p3/3p3p/3P1B2/2P1P3/PP3PPP/RN1QK1NR w KQkq -,g1f3 f7f6 d1c2 g8e7 h2h4 e7f5 c3c4 d5c4 c2c4 f8d6,56
1r3rk1/5ppp/1q1p4/3Qp1b1/1pP1P3/8/1P2BPPP/R4RK1 w - -,a1a5 b6b7 d5b7 b8b7 a5b5 f8b8 f1d1 g5e7 b2b3 g7g6,59
r1b1k2r/1pqnnpb1/p3p1p1/2p1P2p/8/2NPB1PP/PPPQN1B1/R4RK1 w kq -,c3e4 e7f5 a1e1 g7e5 e3f4 b7b5 f4e5 c7e5 d3d4 c5d4,89
6k1/5pp1/p1pqbn1p/2p1p3/2P1P3/R2PQ1PP/5PB1/1r4K1 w - -,e3e1 b1e1 g1h2 d6d4 a3a2 g8h7 a2d2 d4c3 d2a2 c3d3,Mate
8/5kp1/3p1p1p/3Pp2P/1p1bP1P1/1P3P2/6K1/2N5 w - -,c1d3 d4c3 g2f1 g7g6 f1e2 g6h5 g4h5 f6f5 e4f5 c3d4,252
r1b2rk1/pp2qp1p/3p4/2pP2Nn/2P1PR2/P1PB4/2Q3PP/R5K1 w - -,f4f3 e7g5 h2h3 f7f6 c2f2 g8h8 g2g4 h5g7 g1h1 c8d7,-221
r1b2rk1/4npb1/p1nqp1pB/P1N5/1pP1P3/3B1N1P/1P1Q1PP1/R3R1K1 w - -,e4e5 c6e5 e1e5 g7e5 c5e4 d6c7 f3e5 c7e5 d2b4 a8a7,425
8/7P/p7/8/2k5/8/5PK1/6Q1 w - -,e4e5 c6e5 e1e5 g7e5 c5e4 d6c7 f3e5 c7e5 d2b4 a8a7,Mate
6k1/5pp1/p1pq1n1p/2p1p3/2P1P1b1/R2PQ1PP/5PBK/1r6 w - -,a3a4 g4e6 a4a3 d6d4 g3g4 b1b2 h2g3 e6c8 g2f3 f6h7,-496
r1b1k2r/3nbpQp/p3p3/1p2q3/3N4/2N5/PPP3PP/2KR1B1R w kq -,g7g4 c8b7 d4f3 e5c7 f1d3 h7h5 g4g3 c7g3 h2g3 d7f6,-129
7Q/8/p7/8/8/1k6/5PK1/6Q1 w - -,g7g4 c8b7 d4f3 e5c7 f1d3 h7h5 g4g3 c7g3 h2g3 d7f6,Mate
r3kb1r/pp3ppp/3p1n2/q1nPp3/4PPb1/2N1Q3/PP4PP/R1B1KBNR w KQkq -,f1b5 g4d7 b5d7 f6d7 g1f3 c5b3 a1b1 e5f4 e3f4 b3c1,-48
8/4k3/3rp3/6q1/1PR5/8/5B2/4K3 w - -,,0
r4b1r/1kp2pp1/1pb4p/p2NPn2/P1N5/1P5P/1B3PP1/3R1RK1 w - -,d1d2 a8d8 f1d1 f8c5 d2d3 f5h4 e5e6 f7f6 b2c3 h8e8,-114
r1bq1rk1/pp2bppp/2p2n2/3pn3/4P3/3B1N2/PPP1NPPP/R1BQR1K1 w - -,f3e5 e7d6 c1f4 d8c7 e4d5 d6e5 f4e5 c7e5 d5c6 e5d5,181
5qk1/5pp1/R1p2n1p/2p1p3/2P1P1b1/3PQ1PP/5PBK/1r6 w - -,a6a3 g4e6 g2f3 f8d6 h2g2 d6d4 g3g4 b1b8 g2g3 f6d7,-417
r1q2rk1/p3bppp/b1p1p3/2B5/3Q4/2n3P1/PP2PPBP/2R2RK1 w - -,d4c3 e7c5 c3c5 a6e2 f1e1 c8a6 a2a4 a8c8 b2b4 f8d8,29
r1bq1rk1/p4pbp/2p1pnp1/1p1pn3/3P1P2/2PBPR2/PP4PP/RN1QB1K1 w - -,f4e5 f6d7 b1d2 a7a5 a2a3 f7f6 e1h4 d8e8 e5f6 g7f6,53
3Q1qk1/r4p2/1p5r/p2pPR2/3P2P1/3N4/PP5P/6K1 w - -,f5g5 h6g6 g5g6 f7g6 d8d5 g8g7 d5e4 a7c7 d3f4 g7g8,312
5k2/6p1/3p1p1p/2bPp2P/1p2P1P1/1P3PN1/6K1/8 w - -,g2f1 g7g6 f1e2 f8g7 g3f1 g7f7 f1d2 c5b6 e2d3 g6h5,338
rq2kb1r/pp1b1ppp/2n1p1n1/1N1pP1B1/8/3B1N2/PP3PPP/R2Q1RK1 w kq -,d1e2 a7a6 d3g6 f7g6 b5d4 c6d4 f3d4 h7h6 g5d2 f8c5,-89
3Q1qk1/r4p2/1p4r1/p2pP1R1/3P2P1/3N4/PP5P/6K1 w - -,g5g6 f7g6 d8d5 g8h7 d5e4 a7f7 e5e6 f8e7 g1g2 f7f8,314
r1b2rk1/4npb1/p1n1p1pB/P1q1P3/1pP5/3B1N1P/1P1Q1PP1/R3R1K1 w - -,h6e3 c6d4 e3d4 c5c7 d4b6 c7d7 d2b4 c8b7 b4d6 a8d8,460
2r2rk1/1pp2pbp/p1n2np1/3Np3/4PP2/3BB2P/PPP2P2/2KRR3 w - -,c2c3 f8d8 d5f6 g7f6 f4f5 d8d7 c1c2 c8d8 e1g1 a6a5,76
1rb1r1k1/2q2p1p/p1p3p1/3P1P1n/3bB3/2N2QPP/PPPB1K2/1R5R w - -,f2f1 d4c3 d2c3 h5g3 f1g2 g3e4 f5g6 h7g6 b1e1 c8f5,-479
r1bqk2r/1ppn1ppp/p3pn2/3p4/2PP4/2N1PN2/PP1Q1PPP/R3KB1R w KQkq -,c4d5 e6d5 f1d3 e8h8 e1h1 f8e8 d2c2 c7c6 c3a4 f6e4,44
r4r1k/pp3Bbp/1qn3p1/8/3pP3/7P/PPP2QP1/R1B2RK1 w - -,f2e1 c6b4 e1g3 b4c2 a1b1 c2e3 f1f3 b6c5 c1e3 d4e3,-158
3Q1qk1/r7/1p4p1/p2pP3/3P2P1/3N4/PP5P/6K1 w - -,d8d5 g8g7 d5e4 a5a4 d4d5 a4a3 b2b3 f8c8 e5e6 a7e7,323
2n3q1/k4ppb/p6p/1p5P/8/6P1/Pb3PB1/6K1 w - -,d8f6 f8f6 e5f6 a7c7 d3e5 c7c1 g1g2 g6g5 h2h4 g5h4,Mate
1r1qk1n1/p4pb1/3p2p1/2p1p2r/4P3/PpPPB1P1/1P2Q1K1/R2NR3 w - -,g3g4 h5h8 d1f2 g8f6 e3g5 d8d7 g5f6 g7f6 e1h1 f6h4,-39
6R1/pp6/2p2k2/2P1p3/1P1r4/P7/1KB5/8 w - -,g8g6 f6f7 g6h6 a7a5 b4a5 d4d8 h6h7 f7e6 c2b3 e6f5,477
r2N1rk1/ppp1p1bp/1n4p1/3P4/4P3/2N1B3/PPb2PPP/R4RK1 w - -,d8e6 g7c3 b2c3 f8c8 f2f3 b6c4 e3g5 c7c6 f1c1 c2a4,271
r1b1k2r/1pqnnp2/p3p1p1/2p1b2p/4N3/3PB1PP/PPPQN1B1/R4RK1 w kq -,a1e1 e7f5 e3f4 a8a7 g3g4 h5g4 h3g4 f5e7 e4g5 d7f6,90
r1b1k2r/4bp1p/p3p3/1p2n3/3N4/2N5/PPP3PP/2KR1B1R w kq -,d4b3 f7f5 f1e2 e7f6 h1e1 e8e7 g2g3 h7h5 c1b1 c8b7,-90
r3k2r/pp1n1ppp/2p1pn2/q5B1/1b1P4/2N2B1P/PPPQ1PP1/2KRR3 w kq -,d4d5 c6d5 a2a3 b4c3 d2c3 a5c3 b2c3 a8c8 f3d5 f6d5,-135
1RQb3r/5pk1/4p1p1/p1ppPbn1/q2P4/2PNBPPp/4BK1P/8 w - -,e3g5 f5d3 e2d3 a4d1 g5d8 g7h7 c8b7 d1d2 d3e2 h8f8,954
5k2/6p1/3p1p1p/2bPp2P/1p2P1PN/1P3P2/6K1/8 w - -,g2f1 f6f5 h4f5 f8f7 f1e2 g7g6 h5g6 f7g6 e2d3 g6g5,448
8/p1k1r3/1p6/8/1PP5/1K1R4/P7/8 w - -,d3h3 c7b7 b3c3 e7g7 h3e3 a7a6 e3h3 g7d7 a2a4 d7f7,4
2r2rk1/1b3p1p/pq2p3/1pbnQ1N1/7P/1B4P1/PPP2P2/2KRR3 w - -,,0
rnbqkbnr/pp1pp1pp/2p2p2/8/1P2P3/8/P1PP1PPP/RNBQKBNR w KQkq -,d2d4 d7d5 e4d5 c6d5 f1d3 b8c6 d1h5 g7g6 d3g6 h7g6,63
r3kb1r/pp1bpppp/2np1n2/6B1/4PP2/1NN1q3/PPP3PP/R2QKB1R w KQkq -,c3e2 f6e4 g5h4 g7g5 f4g5 f8g7 a2a3 g7b2 d1d3 e3d3,-482
r4r1k/pp3Bbp/1q4p1/8/1n1pP3/7P/PPP3P1/R1B1QRK1 w - -,a1b1 b4c2 e1g3 c2e3 f1f3 b6c5 c1e3 d4e3 g1h1 a8d8,-168
6k1/5pp1/R1pq1n1p/2p1p3/2P1P1b1/3PQ1PP/1r3PBK/8 w - -,f2f3 g4e6 g3g4 g8h7 a6a7 f6d7 a7a5 d6d4 e3d4 c5d4,-536
8/3k4/B2P4/2p1b3/8/6r1/P1K5/8 w - -,f2f3 g4e6 g3g4 g8h7 a6a7 f6d7 a7a5 d6d4 e3d4 c5d4,Mate
2r2rk1/1pp2pbp/p5p1/3Pn3/8/3BB2P/PPP2P2/2KRR3 w - -,d3e2 f8e8 c2c3 f7f5 c1c2 e5f7 e2f1 e8e7 e3c5 e7e5,51
rnbqkb1r/pp1ppppp/2p4n/8/1P2P3/8/P1PP1PPP/RNBQKBNR w KQkq -,d2d4 g7g6 f1d3 d7d5 e4e5 f8g7 g1f3 e8h8 e1h1 f7f6,47
6R1/pp6/2p2k2/2P1p3/1P5r/P1K5/2B5/8 w - -,g8b8 e5e4 b8b7 h4h3 c3d4 e4e3 c2d3 a7a5 b7c7 h3h4,536
1q4k1/3b1pb1/3P2pp/1p3p2/p3r3/P4N1P/BP1Q1PP1/3R2K1 w - -,d1c1 b8e8 c1c2 g7f8 a2d5 f8d6 d5e4 f5e4 d2d6 e4f3,171
8/pk2r3/1p6/8/1PP5/1K5R/P7/8 w - -,a2a4 a7a6 b3c3 e7g7 h3h6 b7c7 h6e6 c7b7 e6f6 g7h7,3
2k5/1pq1p3/p2p4/2pP2B1/3bP3/P1N2n2/1PPN3K/R7 w - -,h2g3 f3g5 a1e1 c7d8 g3f4 g5f7 f4f3 d8h8 d2c4 f7e5,-656
R7/5ppk/2pq1n1p/2p1p3/2P1P1b1/3PQ1PP/1r3PBK/8 w - -,e3e1 d6d3 g2f1 d3d4 h2g1 g4e6 a8a3 b2d2 f1e2 e6h3,-608
r1br2k1/1p3pbp/p1n1pnp1/2B5/2P1PN2/2N2P2/PP4PP/R3KB1R w KQ -,c5b6 d8d6 b6e3 b7b6 f1e2 f6d7 e1f2 g7c3 b2c3 c6e5,154
r4r1k/pp4bp/1q4p1/8/1n2P3/1B1p3P/PPP3P1/R1B1QRK1 w - -,c1e3 f8f1 g1f1 b6f6 f1g1 b4c2 b3c2 d3c2 e1d2 a8c8,-316
3r1bk1/p5r1/P1pqbp2/1pp1p1pp/4P3/1P1PBP1P/2P1RQP1/R4NK1 w - -,g2g4 h5h4 e2e1 g7d7 e1b1 d8a8 g1g2 f8e7 f2g1 c5c4,39
r1b1k2r/ppp2ppp/2n5/2n5/8/5N2/PPP2PPP/R1B1KB1R w KQkq -,c1e3 c5e6 e1a1 c8d7 h2h4 f7f6 h4h5 e8a8 f1d3 a7a6,68
r1bqk2r/1p1n1ppp/p4n2/2b1p3/2B1P3/2N2N2/PPP3PP/R1BQK2R w KQkq -,c4b3 e8h8 d1e2 b7b5 c1e3 c5b4 e1h1 b4c3 b2c3 d8c7,-51
2r1r1k1/1pp2pbp/p5p1/3Pn3/8/4B2P/PPP1BP2/2KRR3 w - -,c2c3 f7f5 c1c2 e5f7 e2f1 g7f6 c3c4 e8e4 c4c5 c8e8,55
7r/1p2pppp/8/1kP5/1P2P3/8/2P2PPP/4K2R w - -,e1e2 b5b4 h1b1 b4c5 b1b7 c5d6 c2c4 h8a8 c4c5 d6e6,105
rq2kb1r/pp1bnpp1/4p2p/1N1pn3/5B2/3B1N2/PP3PPP/R2Q1RK1 w kq -,f4e5 e7c6 e5b8 a8b8 b5c7 e8d8 c7b5 a7a6 b5c3 g7g5,666
r6k/pp4bp/1q4p1/8/1n2P3/1B1pB2P/PPP3P1/R3QrK1 w - -,g1f1 b6f6 f1g1 b4c2 b3c2 d3c2 e1f2 f6b2 a1c1 a8c8,-330
r1bq1rk1/1pp1bppp/1nn5/p3p3/1P6/P1N2NP1/3PPPBP/R1BQ1RK1 w - -,a1a2 a5b4 a3b4 a8a2 c3a2 c8e6 a2c3 e7b4 d1c2 d8e7,-129
1r1qk3/p4pb1/3p1np1/2p1p2r/4P3/PpPPB1P1/1P2QNK1/R3R3 w - -,e1f1 d8e7 f1h1 h5h1 a1h1 d6d5 e3g5 d5d4 e2d2 e7e6,-18
1R6/pp6/2p2k2/2P1p3/1P6/P1K5/2B4r/8 w - -,b8b7 h2h3 c3b2 h3e3 b7a7 e5e4 a7c7 f6e5 c7c6 e3g3,614
4r1k1/4rpq1/1p2nR2/p2pPRp1/3P2Pp/3N3P/PP1Q4/6K1 w - -,d3c1 e7c7 c1e2 c7c4 b2b3 c4c6 e2c3 e8d8 d2e3 b6b5,205
r3kb1r/pp1b1ppp/3p1n2/qBnPp3/4PP2/2N1Q3/PP4PP/R1B1K1NR w KQkq -,b5d7 f6d7 g1f3 e5f4 e3e2 c5b3 e4e5 d6e5 f3e5 d7e5,-61
r6k/pp4bp/5qp1/8/1n2P3/1B1pB2P/PPP3P1/R3QK2 w - -,f1g1 b4c2 b3c2 d3c2 e1d2 f6b2 a1e1 a8c8 d2d7 b2c3,-327
r1r3k1/ppp1p1bp/1n2N1p1/3P4/4P3/2N1B3/PPb2PPP/R4RK1 w - -,e6g7 g8g7 f2f3 c7c5 f1f2 c2d3 f2d2 d3a6 b2b3 b6d7,344
rn1qkb1r/ppp1ppp1/5n2/5b1p/2pP1B2/1Q5P/PP2PPP1/RN2KBNR w KQkq -,,0
r1bqkbnr/p1p1pppp/2n5/1B1p4/3P4/4P3/PPP2PPP/RNBQK1NR w KQkq -,b5c6 c8d7 c6d7 d8d7 g1f3 d7c6 d1e2 c6c4 e2c4 d5c4,613
2r1r1k1/1pp3bp/p5p1/3Pnp2/8/2P1B2P/PP2BP2/2KRR3 w - -,c1c2 e5f7 e2f1 e8e5 e3d2 e5e1 d2e1 c8e8 c3c4 e8e4,62
5k2/3q1p2/6p1/1p1B3p/pP2nP2/P5KP/3Q4/8 w - -,g3h2 e4d2 d5a8 d2c4 h2g3 d7d3 g3f2 d3e3 f2f1 c4d2,-2094
3r1bk1/p4r2/P1pqbp2/1pp1p1pp/4P3/1P1PBP1P/2PR1QP1/R4NK1 w - -,g2g4 h5h4 d2d1 g8g7 g1g2 f8e7 e3d2 f7f8 f1e3 f8h8,33
8/pR6/2p2k2/2P5/1P2p3/P1K5/2B4r/8 w - -,c2e4 h2e2 e4c6 e2e3 c3b2 a7a6 c6a4 e3e2 a4c2 f6e6,696
r6k/pp4bp/5qp1/8/4P3/1B1pB2P/PPn3P1/R3Q1K1 w - -,b3c2 d3c2 e1d2 a8c8 g1h1 f6b2 a1g1 b2c3 d2d7 c3c6,-336
rn1q1rk1/ppp2ppp/3p4/3n4/1bBPp2N/8/PPP2PPP/R1BQ1RK1 w - -,c4d5 c7c6 d1g4 c6d5 c1h6 g7g6 h6f8 d8f8 g4g5 b8c6,309
r2q1rk1/ppp1bpp1/2n1pnp1/2Pp4/3P2P1/2N2P2/PP2P1BP/R1BQ1RK1 w - -,b2b4 b7b6 a1b1 a7a6 e2e3 g6g5 a2a3 b6c5 b4c5 d8d7,64
r1r5/ppp1p1kp/1n4p1/3P4/4P3/2N1B3/PPb2PPP/R4RK1 w - -,f2f3 c2d3 f1d1 d3a6 b2b3 b6d7 d1d2 g7f7 e3g5 c8e8,348
5bk1/p2r2r1/P1pqbp2/1pp1p1pp/4P3/1P1PBP1P/2PR1QP1/R4NK1 w - -,g2g4 h5h4 d2d1 d7d8 g1g2 g7d7 d1b1 d6e7 f2e1 c5c4,31
r3kb1r/pp1n1ppp/3p4/q1nPp3/4PP2/2N1Q3/PP4PP/R1B1K1NR w KQkq -,g1f3 e5f4 e3e2 c5b3 e4e5 d6e5 f3e5 d7e5 e2e5 e8d8,-73
r6k/pp4bp/5qp1/8/4P3/4B2P/PPp3P1/R3Q1K1 w - -,e1e2 f6b2 a1e1 a8c8 e3c1 b2e5 g1h1 h7h5 e2f2 e5c3,-342
r3kb1r/pp3ppp/3p1n2/q1nPp3/4PP2/2N1Q1P1/PP5P/R1B1K1NR w KQkq -,g1e2 c5e4 b2b4 a5b4 a1b1 b4a5 e1h1 e4c3 e2c3 a8c8,-81
r2Bk2r/pp3ppp/2np4/1N1Np3/4n1b1/8/PPP1KbPP/R2Q1B1R w kq -,e2d3 e4c5 d3d2 g4d1 d8f6 d1g4 f6g7 h8g8 d5f6 e8e7,-92
3q1rk1/1p3p2/p3pn1p/3pn3/2rP2p1/2N3P1/PP4PP/2RQR1K1 w - -,h2h4 e5c6 c3e2 c4c1 d1c1 g8h7 a2a4 f6e4 c1e3 c6e7,-453
rq2kb1r/pp1b1ppp/4p3/1N1p4/5B2/3n4/PP3PPP/R2QR1K1 w kq -,f4b8 d7b5 d1b3 d3b4 b3g3 a7a5 a1c1 b4c6 b8c7 h7h5,269
7r/1p2pppp/8/2P5/1k2P3/8/2PK1PPP/7R w - -,h1b1 b4c5 b1b7 c5d6 c2c4 h8a8 c4c5 d6e6 d2c3 a8a5,111
rn1q1rk1/pp3ppp/2pp4/3B4/1b1Pp2N/8/PPP2PPP/R1BQ1RK1 w - -,d1g4 c6d5 c1h6 g7g6 c2c3 b4a5 h6f8 d8f8 g4g5 a5d8,308
r3k2r/pppn1ppp/1q2pn2/3p4/1P1P4/P1NPPNP1/2Q2PP1/R3K2R w KQkq -,c3a4 b6a6 f3e5 a6b5 a4c5 d7e5 d4e5 f6d7 a1b1 d7c5,49
rq2kb1r/pp1b1ppp/4p3/1N1pn3/5B2/3B4/PP3PPP/R2Q1RK1 w kq -,f1e1 e5d3 f4b8 d7b5 d1b3 a7a6 a2a4 b5c6 b3d3 a8b8,272
2r3k1/p1r2pbp/4pn2/1p1nNp2/3P4/1P3PP1/PB2R2P/3R1BK1 w - -,e2e1 a7a6 a2a4 g7h6 f3f4 h6f8 d1c1 f8b4 c1c7 c8c7,-34
r3k2r/pppn1ppp/q3pn2/3p4/NP1P4/P2PPNP1/2Q2PP1/R3K2R w KQkq -,h1h4 h7h6 a4c5 a6c6 a3a4 a7a6 a1c1 d7c5 d4c5 e8h8,47
8/2k3r1/pp6/8/PPP5/2K1R3/8/8 w - -,e3h3 c7b7 h3h4 b7c7 h4h6 c7b7 c3d4 g7d7 d4e5 d7c7,2
3r1bk1/p4r2/P1pqbp2/1pp1p1p1/4P2p/1P1PBP1P/2PR1QP1/4RNK1 w - -,,0
1r1q4/p3kpb1/3p1np1/2p1p2r/4P3/PpPPB1P1/1P2QNK1/R6R w - -,e3d2 d8d7 h1h5 f6h5 a1h1 b8h8 e2d1 d7b7 d1f3 e7f8,-19
5k2/8/7p/4KPpP/6P1/5P2/8/8 w - -,e3d2 d8d7 h1h5 f6h5 a1h1 b8h8 e2d1 d7b7 d1f3 e7f8,Mate
r3k2r/ppp2ppp/q3pn2/2np4/1P1P4/P2PPNP1/2Q2PP1/R3K2R w KQkq -,d4c5 f6g4 c2c3 e8h8 c3d4 f7f5 e1h1 c7c6 f1b1 f8e8,70
r1r5/ppp1p1kp/1n4p1/3P4/b3P3/2N1B3/PP3PPP/2R2RK1 w - -,c3a4 b6a4 c1c2 a4b6 f1c1 c7c6 d5c6 b7c6 c2c6 c8d8,442
2r1r1k1/1pp2nbp/p5p1/3P1p2/5P2/2P1B2P/PP2B3/2KRR3 w - -,e2d3 f7d6 c1c2 g8f7 a2a4 d6e4 a4a5 g7h6 h3h4 h6f8,11
r1b1k2r/1pqnnp2/p3p1p1/4b2p/3pN3/4B1PP/PPPQN1B1/R4RK1 w kq -,e3f4 e5f4 g3f4 e8h8 e2d4 b7b5 e4f6 d7f6 g2a8 c7a7,-60
5qk1/3b1pp1/2R2n1p/2p1p3/2P1P3/3PQ1PP/5PBK/1r6 w - -,e3c5 d7c6 c5c6 b1b2 h2g1 f8d8 g2f1 b2b1 g1g2 g8h7,-463
7k/7p/3N1N1K/8/8/8/8/8 w - -,e3c5 d7c6 c5c6 b1b2 h2g1 f8d8 g2f1 b2b1 g1g2 g8h7,Mate
6k1/2p2pp1/8/p3p2P/qr2P1B1/4Q1PK/5P2/2R5 w - -,e3g5 a4e8 h5h6 g7g6 c1c7 b4b8 g5f6 e8f8 h6h7 g8h7,1011
q4rk1/3n1pp1/4pb1p/1p6/2pPN3/4PN2/1P3PPP/3Q1RK1 w - -,e4f6 d7f6 f3e5 f8c8 h2h3 a8a2 d1c2 c8a8 f1c1 a2a4,-66
5k2/3b1pb1/3P2pp/1p1Bqp2/p6N/P6P/1P3PP1/2Q3K1 w - -,d5f3 g6g5 h4f5 d7f5 f3c6 g7f6 c1d1 e5c5 d6d7 c5c6,-446
rn1qkbnr/pp2pppp/2p1b3/1P1p4/4P3/8/P1PP1PPP/RNBQKBNR w KQkq -,e4d5 c6d5 g1f3 g8f6 f1e2 a7a6 c1b2 a6b5 e2b5 e6d7,-15
r5k1/pp2qp1p/2p3p1/2Pp3r/1P6/3QP3/P4PPP/R3R1K1 w - -,h2h3 a7a6 d3c3 h5h4 f2f4 h4h5 a2a4 a8c8 b4b5 c6b5,-25
7r/1R2pppp/3k4/8/4P3/8/2PK1PPP/8 w - -,c2c4 h8a8 c4c5 d6e6 d2c3 a8a5 c3c4 a5a2 f2f4 a2g2,106
7k/7P/6PK/8/8/8/8/8 w - -,b7b5 h8a8 b5h5 h7h6 h5d5 d6c6 h2h4 g7g6 d5d3 f7f6,Mate
1k1r3r/ppp1n1qp/6p1/3P1p2/4p3/2N5/PPPQ1PPP/R4RK1 w - -,a1e1 g7e5 f2f3 e7d5 f3e4 d5c3 d2c3 e5c3 b2c3 f5e4,-83
r6r/1kp2pp1/1pb4p/p3Pn2/PbN2N2/1P5P/1B3PP1/3R1RK1 w - -,f4d3 h8d8 g1h2 b4f8 e5e6 c6e4 d3f4 d8d1 f1d1 g7g5,-158
r1r5/ppp1p1kp/6p1/3P4/n3P3/4B3/PP3PPP/2R2RK1 w - -,c1c2 c7c6 f1c1 g7f7 b2b3 a4b6 d5c6 b7c6 c2c6 c8b8,430
r1b2rk1/4npb1/p3p1p1/P1q1n3/1pP5/3BBN1P/1P1Q1PP1/R3R1K1 w - -,e3c5 e5d3 d2d3 f8e8 c5e7 e8e7 d3d8 g7f8 f3e5 c8b7,649
8/8/1k6/7p/5K1P/8/8/8 w - -,e3c5 e5d3 d2d3 f8e8 c5e7 e8e7 d3d8 g7f8 f3e5 c8b7,Mate
6k1/5pp1/2b5/8/8/5NP1/5P2/5K2 w - -,,0
rn2kb1r/pQp1ppp1/5n2/3q1b1p/2pP1B2/7P/PP2PPP1/RN2KBNR w KQkq -,,0
rn2kbnr/pp2ppp1/2p5/3pP2p/3P2qP/3Q4/PPP1NPP1/RNB1K2R w KQkq -,e2f4 e7e6 f2f3 g4f5 d3f5 e6f5 b1c3 a7a5 a2a4 b8a6,92
r1b1k2r/pppn1ppp/8/1Qb1n2q/4N3/5N2/PPP2PPP/R1B1KB1R w KQkq -,e4c5 e5f3 g2f3 h5c5 b5c5 d7c5 c1e3 c5e6 f3f4 c8d7,67
r2q1rk1/ppp1bpp1/4pnp1/2Pp4/1n1P2P1/2N2P2/P3P1BP/R1BQ1RK1 w - -,a1b1 b4c6 b1b7 d8c8 b7b3 c8d7 g4g5 f6h5 f3f4 a8b8,69
5k2/2Qb1pb1/3P2pp/1p1B1p2/p6N/P6P/1P3PP1/4q1K1 w - -,a1b1 b4c6 b1b7 d8c8 b7b3 c8d7 g4g5 f6h5 f3f4 a8b8,Mate
2r3k1/3n1pp1/4p2p/1p1qN3/2pP4/4P3/1PQ2PPP/R5K1 w - -,e5d7 d5d7 c2c3 d7b7 c3b4 c8a8 a1c1 b7d5 h2h3 a8a4,-47
r3kb1r/1p1bpppp/p1np1n2/6B1/4PP2/1NN5/PPP1B1PP/R3K2R w KQkq -,e1a1 a8c8 d1d2 h8g8 c1b1 f6g4 f4f5 g7g6 g5e7 c6e7,49
r3kb1r/pp1b1ppp/5n2/q1nPp3/4P3/2N1Q2P/PP4P1/R1B1KBNR w KQkq -,b2b4 a5b4 a1b1 b4a5 c1d2 a5c7 g1f3 a7a6 f1e2 f8d6,-111
1rqr2kb/3bpp1p/2np1npB/2p2P2/1p2P3/2NP2PP/1PPQN1BK/R4R2 w - -,c3a4 c8c7 h2h1 c6d4 g3g4 h8g7 h6g7 g8g7 b2b3 d4e2,-56
1r1q4/p3kpb1/3p2p1/2p1p2n/4P3/PpPPB1P1/1P2QNK1/R7 w - -,f2g4 d8d7 e3g5 f7f6 g5h4 e7f7 a1f1 b8f8 e2d1 d7e6,-15
r1b1k2r/pppn1ppp/8/1QN4q/8/5n2/PPP2PPP/R1B1KB1R w KQkq -,e1e2 f3d4 e2e1 d4b5 c1e3 b5d6 c5d3 e8h8 f1e2 h5a5,-723
r6r/1kp3p1/1pb1p2p/p4n2/PbN2N2/1P5P/1B3PP1/3R1RK1 w - -,f2f3 h8e8 g2g4 f5h4 c4e5 b4c5 g1h2 c5d6 d1d6 c7d6,-180
r2q1rk1/ppp1bpp1/2n1pnp1/2Pp4/3P2P1/2N2P2/P3P1BP/1RBQ1RK1 w - -,b1b7 d8d7 c1f4 f8c8 d1d3 c6a5 b7b1 a5c4 f4g3 a7a5,56
r1bB1k1r/ppN2ppp/2np4/3Np3/4n3/8/PPP2bPP/R2QKB1R w KQ -,e1e2 c8g4 e2d3 e4c5 d3d2 g4d1 c7a8 d1g4 f1e2 c5e4,17
5k2/2Qb1p2/3P2pp/1p1Bbp2/p6N/P6P/1P3PPK/4q3 w - -,e1e2 c8g4 e2d3 e4c5 d3d2 g4d1 c7a8 d1g4 f1e2 c5e4,Mate
r1bqk2r/3n1ppp/p4n2/1pb1p1B1/4P3/2NB1N2/PPP3PP/R2QK2R w KQkq -,f3d2 e8h8 d2b3 c5e7 a2a3 h7h6 g5h4 d7b6 d1f3 c8e6,-68
2n3q1/k5pb/p6p/1p5P/8/6P1/Pb3PB1/6K1 w - -,f3d2 e8h8 d2b3 c5e7 a2a3 h7h6 g5h4 d7b6 d1f3 c8e6,Mate
rn1q1rk1/pbppbppp/1p2p3/8/3P1P2/3B1N2/PPP2PPP/RN1QR1K1 w - -,f4f5 e6f5 d3f5 g7g6 f5h3 e7f6 g2g3 f6g7 b1c3 d7d6,-7
r1r5/ppp1pk1p/6p1/3P4/n3P3/4B3/PP3PPP/2RR2K1 w - -,d1d2 f7e8 d2c2 e8d7 b2b3 a4b6 a2a4 a7a5 c2c5 c7c6,407
r1bqk2r/ppp1bppp/2n2n2/3p4/8/3QP3/PPP2PPP/RNB1KBNR w KQkq -,b1d2 c6b4 d3b3 c8f5 f1d3 b4d3 c2d3 d8d6 g1f3 d6a6,-135
r1b1kb1r/1pq2ppp/p3pn2/3pn3/4P3/1NPBB3/PP1N1PPP/R2Q1RK1 w kq -,e3f4 f8d6 d1e2 e8h8 g2g3 e5d3 f4d6 c7d6 e2d3 d6c7,-10
r2r2k1/pp4pp/2qbpp2/8/3QpP2/1PN5/P1P1RP1P/R5K1 w - -,a1d1 f6f5 d4c4 c6c4 b3c4 d6f4 d1b1 a8c8 b1b7 c8c4,-417
r1b2rk1/1pqnnp2/p3p1p1/4b2p/3BN3/6PP/PPPQN1B1/R4RK1 w - -,a1d1 g8g7 d4e5 c7e5 e2f4 e7d5 c2c4 d5f6 d1e1 f6e4,92
r1b1k2r/pppn1ppp/8/1Qq5/8/5P2/PPP2P1P/R1B1KB1R w KQkq -,b5c5 d7c5 c1e3 c5d7 e1a1 e8h8 h2h4 d7e5 f1e2 c8e6,71
r3r3/1kp3p1/1pb1N2p/p4n2/PbN5/1P5P/1B3PP1/3R1RK1 w - -,e6g7 f5g7 b2g7 e8g8 c4e5 g8g7 e5c6 b7c6 g2g4 h6h5,-467
r3kb1r/pp1b1ppp/5n2/2nPp3/1q2P3/2N1Q2P/PP1B2P1/R3KBNR w KQkq -,g1f3 c5e4 f3e5 f8c5 c3e4 b4e4 e3e4 f6e4 e5d7 e8d7,-35
2r3k1/6p1/4p2p/1p1qQp2/2pP4/4P3/1P3PPP/R5K1 w - -,e5d5 e6d5 g1f1 c8b8 f1e2 f5f4 h2h4 f4e3 f2e3 b8b6,9
r4rk1/1b1n1ppp/pq2pn2/1pb5/5B2/1QN2NP1/PP2PPBP/R2R2K1 w - -,e2e3 h7h6 g3g4 b7c6 g4g5 h6g5 f3g5 c6g2 g1g2 b6b7,-102
r1b1kb1r/1pq2ppp/p1n1pn2/3p4/4P3/1N1BB3/PPPN1PPP/R2Q1RK1 w kq -,f2f4 d5e4 d2e4 f8e7 c2c4 a6a5 d1e2 e8h8 a1d1 b7b6,34
2r1r1k1/1pp3bp/p2n2p1/3P1p2/5P2/2P1BB1P/PP6/2KRR3 w - -,a2a4 e8e7 c1c2 g8f7 e3f2 e7e1 d1e1 g7h6 f2g3 b7b5,4
4r2r/p2n1kbp/4pnp1/qPpp4/2P2B2/2NB3P/P2Q1PP1/R3R1K1 w - -,a1d1 d7b6 c3e4 a5d2 e4d6 f7e7 d1d2 g7h6 f4h6 e7d6,208
r1bq1rk1/pppp1pbp/2n1pnp1/8/2PP4/1P3P2/PBQ1P1PP/RN2KBNR w KQ -,g1h3 d7d5 c2d2 e6e5 d4e5 c6e5 h3f2 f8e8 c4d5 f6d5,-106
rn1q1rk1/pp3ppp/3p4/b2p1N2/3Pp3/2P5/PP3PPP/R1BQ1RK1 w - -,c1h6 d8d7 f5g7 f7f5 g7h5 f8f7 f2f3 d7e6 h6e3 b8d7,313
r3kb1r/pp1b1ppp/5n2/q2Pp3/4P3/1nN1Q2P/PP1B2P1/R3KBNR w KQkq -,a1d1 f8c5 e3g3 b3d2 d1d2 e8h8 f1d3 f6h5 g3f3 h5f4,-174
r1b2rk1/4npb1/p3p1p1/P1B5/1pP5/3B1n1P/1P1Q1PP1/R3R1K1 w - -,g2f3 c8b7 c5e7 f8e8 e7d6 b4b3 e1e3 e8d8 c4c5 b7c6,679
6k1/p1p2pp1/3br3/1p6/4Ppq1/1P1Q4/PN6/4RR1K w - -,g2f3 c8b7 c5e7 f8e8 e7d6 b4b3 e1e3 e8d8 c4c5 b7c6,Mate
4qk2/3b1pb1/3P2pp/1p1B1p2/p6N/P6P/1P3PP1/4Q1K1 w - -,e1b4 e8e2 b4a5 g7f6 a5a8 e2e8 a8a5 f6h4 a5c3 f8g8,-371
r1r5/ppp1pk1p/1n4p1/3P4/4P3/1P2B3/P4PPP/2RR2K1 w - -,d1d2 c7c6 d5c6 c8c6 c1c6 b7c6 d2c2 a8c8 c2c5 c8d8,353
r3kb1r/1p1b1p2/p1nppn1p/6p1/4PP1B/1NN2B2/PPP3PP/2KR3R w kq -,f4g5 h6g5 h4g5 f8e7 g5f4 c6e5 b3a5 b7b5 a2a3 f6g4,60
5qk1/3b1pp1/5n1p/2R1p3/2P1P3/3PQ1PP/5PBK/4r3 w - -,c5a5 e1e3 f2e3 f8b4 a5a2 g8h7 d3d4 b4c4 a2a3 e5d4,-659
r2q1rk1/p4ppp/bpn1pn2/2b5/2N1P3/PP3NP1/5PBP/RQB2RK1 w - -,e4e5 f6d5 f3g5 g7g6 g5e4 d8c7 f1d1 c6d4 c1h6 d4e2,75
r3k2r/pppn1ppp/4pn2/3p4/q2P4/P1NPPNP1/1P3PP1/R3K2R w KQkq -,c3a4 e8e7 b2b4 c7c6 e1e2 a7a5 f3e5 d7e5 d4e5 f6d7,8
2r1r3/1pp2kbp/p2n2p1/3P1p2/5P2/2P1BB1P/PPK5/3RR3 w - -,e3f2 g7h6 f2e3 h6g7 a2a4 b7b6 h3h4 h7h5 e3f2 e8e1,2
r1b1k2r/pppn1ppp/8/1Qb1P2q/3nN3/5N2/PPP2PPP/R1B1KB1R w KQkq -,f3d4 h5e5 b5d3 c5d4 f2f4 e5a5 c1d2 a5b6 d2c3 d4c3,61
6k1/3b1pp1/5n1p/2q1p3/2P1P3/3P2PP/5PBK/4Q3 w - -,e1g1 c5d4 g2f1 d4c3 g1g2 c3c1 f2f3 c1e3 g2e2 e3d4,-340
1r6/p2qkpb1/3p2p1/2p1p2n/4P3/PpPPB1P1/1P2QNK1/7R w - -,e3d2 b8h8 e2d1 d7b5 d1f3 e7f8 f2g4 b5d7 h1f1 d7e6,-18
r5k1/2p3p1/p2qp2p/1p2n2n/3pP3/1Q1P1P2/PPR2P1P/2R2NK1 w - -,a2a4 h5f4 g1h1 e5d3 c1d1 c7c5 a4b5 a6b5 b3b5 a8b8,-308
r3k2r/1bqn1ppp/p3pn2/1pb5/3NP3/2NB4/PP2QPPP/R1BR2K1 w kq -,d4f3 f6g4 d1f1 a8d8 c1g5 f7f6 g5h4 d7e5 f3e5 g4e5,-68
r1b1k2r/pp3ppp/1qn1pn2/3p4/1bPP1B2/1PN2N2/P4PPP/R2QKB1R w KQkq -,d1c1 c6d4 f4d2 d4f3 g2f3 e8h8 c1b2 d5d4 c3e4 f6e4,-263
rn1q1rk1/pbpp1ppp/1p2pb2/8/3P1P2/2NB1N2/PPP2PPP/R2QR1K1 w - -,f4f5 e6f5 d3f5 g7g6 f5h3 f6g7 g2g3 d7d6 h3g2 b8d7,-9
r1b1r1k1/4npb1/p3p1p1/P1B5/1pP5/3B1P1P/1P1Q1P2/R3R1K1 w - -,d3e4 a8b8 c5e7 c8b7 e7d6 b7e4 d6b8 e4f3 e1e3 f3a8,746
r4rk1/pp1b1ppp/2p3q1/8/4nQ2/1BP3B1/PP3PPP/R4RK1 w - -,f1e1 e4c5 b3c4 d7e6 a1d1 h7h6 c4f1 f8d8 b2b4 d8d1,36
r3kb1r/pp1b1ppp/5n2/2nPp3/4q3/4Q2P/PP1B2P1/R2NKBNR w KQkq -,g1f3 f6d5 e3e4 c5e4 f3e5 e4d2 e1d2 d7e6 f1b5 e8e7,-284
1r1r4/1pqbppkp/p1np1np1/2p5/P3PPP1/2NP3P/1PPQN1BK/R4R2 w - -,g4g5 f6g8 c3d5 c7c8 a4a5 f7f6 c2c3 d8f8 d5b6 c8c7,194
r1b1k2r/pppn1ppp/8/1Qb1q3/3NN3/8/PPP2PPP/R1B1KB1R w KQkq -,b5d3 c5d4 f2f4 e5d5 c1e3 d5a5 e3d2 a5b6 c2c3 d4f6,60
rn1qk2r/pp3ppp/4pn2/2bp4/8/P2bPN1P/1PP2PP1/RNBQK2R w KQkq -,c2d3 e8h8 e1h1 c5e7 d1b3 d8d7 b1c3 b8c6 c1d2 f8b8,-10
r3k2r/1b1n1ppp/pq2pn2/1pb5/3NP3/2NBB3/PP2QPPP/R2R2K1 w kq -,d3c2 e8h8 a2a3 b6c7 a1c1 d7e5 e3f4 a8d8 d4b3 c5b6,-16
r1bq1k1r/ppN2ppp/2np4/2bNp1B1/4n3/8/PPP2PPP/R2QKB1R w KQ -,f1d3 c5f2 e1f1 e4g5 f1f2 a8b8 h1f1 g7g6 f2g1 f8g7,-259
5k2/1R6/4p2p/1p1rPpp1/2p2P2/4P3/1P4PP/5K2 w - -,,0
4r1k1/p1p2pp1/8/1pb5/4Ppq1/1P1Q4/PN3K2/4RR2 w - -,f1e2 f8e8 g2g3 g5g4 b7b6 e8f7 b6b7,Mate
r7/1p2pppp/2k5/2P5/1P2P3/8/P4PPP/4K2R w - -,h2h4 a8a2 h1h3 a2b2 h3f3 f7f6 f3g3 g7g6 e4e5 b2b4,-9
r1r5/pppnpk1p/6p1/3P4/4P3/1P2B3/P4PPP/2RR1K2 w - -,c1c4 f7e8 d1c1 d7f6 e3g5 e8d7 c4d4 f6g8 h2h4 a7a5,362
6k1/5pp1/8/1b6/6P1/5N2/5P2/5K2 w - -,,0
6k1/3b1pp1/5n1p/4p3/2P1P3/3P2PP/5qBK/Q7 w - -,a1b1 g8h7 b1a1 f2c2 a1f1 d7e6 f1f3 f6d7 f3e3 c2c3,-510
r3kb1r/pp1b1ppp/8/2nnp3/1P2q3/4Q2P/P2B2P1/R2NKBNR w KQkq -,e3e4 c5e4 a2a3 e4g3 h1h2 g3f1 e1f1 f8e7 g1e2 e8h8,-492
4r1k1/p1p2pp1/8/1pb5/4P1q1/1P1Qp3/PN3K2/5R2 w - -,e3e4 c5e4 a2a3 e4g3 h1h2 g3f1 e1f1 f8e7 g1e2 e8h8,Mate
2r2b1r/p2kq2p/P1b1pnp1/3p4/1pPP1B2/6P1/1P2QPBP/2R1R1K1 w - -,c4d5 f6d5 g2d5 c6d5 c1c8 d7c8 e2b5 c8d8 b5b8 d8d7,666
r2qkb1r/6pp/p1npb3/1p1Npp2/4n3/N4B2/PPP2PPP/R1BQ1RK1 w kq -,,0
rn1q1rk1/pbp2ppp/1p2pb2/3p4/3PNP2/3B1N2/PPP2PPP/R2QR1K1 w - -,e4f6 d8f6 g2g3 b7a6 d3a6 b8a6 f3e5 a8d8 e5g4 f6e7,102
r1bqk2r/1pp1bppp/p1n1pn2/2Pp4/3P4/P1N4P/1P2PPP1/R1BQKBNR w KQkq -,g1f3 b7b6 b2b4 b6c5 b4c5 f6e4 d1c2 e4c3 c2c3 f7f6,24
r4rk1/1b1n1ppp/pq3n2/1pb1p3/3NPP2/2N1B3/PPB1Q1PP/R2R2K1 w - -,d4f5 e5f4 e3c5 b6c5 e2f2 c5f2 g1f2 d7e5 h2h3 f8d8,-139
r3kb1r/pp1b1ppp/8/3np3/1P2n3/7P/P2B2P1/R2NKBNR w KQkq -,a2a3 e4g3 h1h2 g3f1 e1f1 f8e7 g1e2 a8c8 e2c3 d5c3,-498
6k1/3b1pp1/1q3n1p/4Q3/2P1P3/3P2PP/6BK/8 w - -,e5a1 b6c5 e4e5 f6h7 a1a8 h7f8 a8e4 h6h5 e4d5 c5f2,-324
1k5r/1pp1n1qp/p5p1/3r1p2/N3p3/7P/PPPQ1PP1/1R3RK1 w - -,d2c3 g7c3 a4c3 d5d2 b1c1 h8d8 f1d1 d2d1 c3d1 b8c8,-278
1R6/pp6/2p2k2/2P1p3/1P6/P7/1KB4r/8 w - -,b2c3 h2h3 c3b2 e5e4 b8b7 e4e3 c2d3 h3h2 b2c3 h2h3,570
r7/2R3pk/p2qp2p/1p2n3/3pPn2/1Q1P1P2/PP3P1P/2R2N1K w - -,a2a4 e5d3 c1c6 d3f2 h1g1 f2h3 g1h1 d6e5 f1g3 a8d8,-296
rnbqk2r/ppp2pp1/3bpn1p/3p2B1/3P4/2P1PN2/PP1N1PPP/R2QKB1R w KQkq -,g5h4 b8d7 f1d3 c7c5 e1h1 e8h8 f1e1 d6e7 f3e5 d7e5,44
r1r5/pp1npk1p/2p3p1/3P4/4PB2/1P6/P4PPP/2RR1K2 w - -,d5c6 b7c6 d1d7 a7a5 f1e2 c6c5 c1c4 a5a4 b3a4 f7f6,596
5k2/1B1b1pb1/3P2pp/Qp3p2/p6N/P6P/5PP1/q5K1 w - -,g1h2 g7f6 a5c7 d7e6 h4f3 a1a3 b7c8 e6c8 c7c8 f8g7,Mate
1R6/pp6/2p2k2/2P1p3/1P6/P1K4r/2B5/8 w - -,c3b2 e5e4 b8b7 e4e3 c2d3 a7a6 b7c7 f6e5 c7c6 a6a5,538
6k1/5pp1/8/8/6P1/5b2/5P2/5K2 w - -,c3d2 h3a3 b8b7 a7a5 b4b5 c6b5 c5c6 b5b4 c6c7 a3c3,Mate
1rbq1rk1/2p1bppp/p4n2/4p3/Pn2P3/3P1N2/2BNQPPP/R1B2RK1 w - -,d2c4 c8e6 f3e5 f6d7 e5f3 d7c5 f1d1 e7f6 e4e5 f6e7,58
r3kb1r/1p1b1p2/p1nppn2/6p1/4P2B/1NN2B2/PPP3PP/2KR3R w kq -,h4g5 f8e7 g5f4 c6e5 b3a5 b7b5 a2a3 f6g4 h1e1 e5f3,78
rn1q1rk1/p1pp1ppp/1p2pb2/8/3PbP2/3B1N2/PPP2PPP/R2QR1K1 w - -,g2g4 e4d3 d1d3 b8c6 c2c4 f6e7 d4d5 c6b4 d3d2 a7a5,-448
1r6/p2qkp2/3p1bp1/2p1p1Bn/4P3/PpPP2P1/1P2QNK1/7R w - -,e2d2 d7e6 g5f6 e7f6 d2h6 f6e7 c3c4 b8f8 h6g5 e7d7,-35
rn3rk1/pp3ppp/3p1q1B/b2p1N2/3Pp3/2P5/PP3PPP/R2Q1RK1 w - -,d1g4 g7g6 h6f8 f6f5 g4f5 g6f5 f8d6 b8c6 f2f3 a8d8,325
r3kb1r/pp1b1ppp/8/3Pp3/1PN1n3/7P/P2K2P1/R4BNR w kq -,d2e3 e4g3 c4e5 g3h1 e5d7 e8d7 f1b5 d7d8 g1e2 f8b4,-407
rnbqk2r/1pp1ppbp/1n4p1/p7/P2PP3/5P2/1P2N1PP/RNBQKB1R w KQkq -,h2h4 b8c6 c1e3 b6c4 e3c1 e8h8 b1c3 h7h5 c3b5 c6b4,-72
6k1/3b1pp1/5n1p/1qP1Q3/4P3/3P2PP/6BK/8 w - -,e5c3 d7c6 c3a3 b5b8 a3c3 b8d8 e4e5 c6g2 h2g2 f6d5,-255
rnb2rk1/ppp2pp1/3qpn2/3p3p/2PP4/4PN2/PP2BPPP/RN1QK2R w KQ -,e1h1 b8d7 a2a4 b7b6 c4d5 e6d5 a4a5 c7c5 b1c3 c8b7,62
rn1q1rk1/p1p2ppp/1p2pb2/3p4/3PBP2/5N2/PPP2PPP/R2QR1K1 w - -,d1e2 d5e4 e2e4 d8d5 e4d5 e6d5 c2c3 b8c6 a1d1 f8e8,-371
r4rk1/2q1bppp/Bp1p1n2/2nPp3/4P3/2N2N2/1PP1QPPP/2B2RK1 w - -,a6b5 a8a1 f3d2 f8c8 g2g3 c7d8 d2c4 g7g6 g1g2 h7h5,101
1k6/1P3R2/4K1r1/8/8/8/8/8 w - -,,0
8/pR6/2p2k2/2P5/1P2p3/P7/1KB4r/8 w - -,b2c3 h2h3 c3d4 e4e3 c2d3 h3h4 d4c3 h4h3 d3e2 h3h2,595
r2q1rk1/p1p1bppp/2n1pn2/2pp1b2/1P1P4/P1N2NP1/4PPBP/R1BQ1RK1 w - -,d4c5 f6e4 c1b2 e7f6 d1b3 a7a5 c3e4 f5e4 f3d2 f6b2,-9
r1b1k2r/pppn1ppp/8/q7/3bNP2/3Q4/PPP3PP/R1B1KB1R w KQkq -,c1d2 a5b6 c2c3 d4c5 e4c5 d7c5 d3e3 e8f8 e1a1 h7h5,83
r2r2k1/pp4pp/2q1pp2/4b3/3QRP2/1PN5/P1P2P1P/R5K1 w - -,d4d8 a8d8 e4c4 e5c3 c4c6 b7c6 a1b1 e6e5 f4f5 d8d2,-503
2r1r3/2p2kbp/1p4p1/p1PP1p2/4nP2/1P2BB1P/P1K5/3RR3 w - -,c5c6 g7c3 e1h1 c3b4 e3d4 b4d6 h1e1 d6f4 f3e4 f5e4,-12
4r1k1/p1p2pp1/8/1p6/4q3/1P2K3/PN6/5R2 w - -,c5c6 g7c3 e1h1 c3b4 e3d4 b4d6 h1e1 d6f4 f3e4 f5e4,Mate
5rk1/ppp3pp/1b1p4/2PPp1q1/1P2Pr2/PN3P1b/5RB1/1R1Q2K1 w - -,d1f1 f8f6 c5b6 a7b6 b3d2 f6g6 b1b3 h7h6 b3c3 f4h4,-224
4r1kr/p2n2bp/4pnp1/1Ppp2N1/2P2B2/3B3P/P2q1PP1/R3R1K1 w - -,f4d2 d7e5 e1e5 f6e4 g5e4 d5e4 e5c5 g7a1 d3e4 e8d8,214
8/6k1/8/6KB/8/6N1/8/8 w - -,f4d2 d7e5 e1e5 f6e4 g5e4 d5e4 e5c5 g7a1 d3e4 e8d8,Mate
3R4/kpp5/p3q1p1/5p1p/7P/6r1/1P1Qr1PK/R7 w - -,d8a8 a7a8 d2d8 a8a7 d8d4 b7b6 h2g3 e2e4 d4d2 e6e5,-628
r3k2r/1p1bbp2/p1nppn2/6B1/4P3/1NN2B2/PPP3PP/2KR3R w kq -,g5f4 c6e5 b3a5 b7b5 a2a3 a8a7 c1b1 f6g4 h1f1 h8g8,75
1k4r1/1P3R2/8/5K2/8/8/8/8 w - -,,0
5k2/1B1b1p2/3P2pp/Qp2bp2/p6N/P5PP/q4P1K/8 w - -,a5e1 e5d6 h2h1 a2a3 e1d2 f8e7 d2h6 a3c5 h1g2 d6e5,-473
3R4/1pp5/pk4p1/5p1p/7P/6r1/1P2r1PK/R7 w - -,d8d6 c7d6 h2g3 e2b2 g3f3 b2b4 a1d1 b4g4 d1d6 b6c5,-631
r1b1k2r/pppn1ppp/1q6/8/3bNP2/3Q4/PPPB2PP/R3KB1R w KQkq -,c2c3 d4c5 e4c5 d7c5 d3e3 e8f8 e1a1 h7h5 b2b4 c5a4,80
rnbq1rk1/1pp1ppbp/1n4p1/p7/P2PP3/4BP2/1P2N1PP/RN1QKB1R w KQ -,e2c3 b8c6 c3b5 c6b4 b1c3 f7f5 e4e5 c8e6 f1e2 c7c6,-56
rn1q1rk1/p4ppp/1p2pb2/2pp4/3P1P2/3B1N2/PPP2PPP/R2QR1K1 w - -,c2c3 b8c6 f3e5 f6e5 f4e5 c5d4 d3b5 d8d7 c3d4 a7a6,11
rq2kb1r/1p1b1ppp/p1n1p1n1/1N1pP1B1/8/3B1N2/PP3PPP/R2QR1K1 w kq -,b5c3 f8b4 a2a3 b4a5 d3g6 h7g6 h2h4 a5c3 b2c3 b8c7,-59
2r2r1k/pp2npbp/1q4p1/8/3pPB2/1B5P/PPP2QP1/R4RK1 w - -,a1e1 c8d8 g1h1 d8d7 f2g3 b6c5 f1f3 e7c6 e4e5 d4d3,61
r5k1/pp3p1p/2p3p1/2Pp3r/1P5q/4P3/P3QPPP/R3R1K1 w - -,h2h3 a8e8 a1b1 h5g5 e2f3 e8e4 a2a3 g5e5 b1b3 h7h5,-38
r2qr1k1/pbpnbppp/1p3n2/3p4/3P4/2N2NP1/PP2PPBP/R1BQ1RK1 w - -,,0
r7/pp1npk1p/2r3p1/8/4PB2/1P6/P4PPP/2RR1K2 w - -,c1c6 b7c6 d1d7 a7a5 f1e2 a5a4 b3b4 a4a3 d7d1 f7g8,607
1rqr2n1/1p1bppkp/p1np2p1/2pN2P1/P3PP2/3P3P/1PPQN1BK/R4R2 w - -,a4a5 f7f6 c2c3 d8f8 d5b6 c8c7 d3d4 f6g5 d4d5 c6d8,195
r1bq1rk1/p2n1pbp/2p1p1p1/1p1pP3/3P4/2PBPR2/PP4PP/RN1QB1K1 w - -,b1d2 a7a5 a2a3 f7f6 e1h4 d8e8 e5f6 g7f6 h4f2 e6e5,60
r5k1/pp3p1p/2p3p1/2Pp2r1/1P5q/4P2P/P3QPP1/R3R1K1 w - -,e2f3 g5f5 f3e2 a8e8 a1b1 e8e4 b4b5 d5d4 b5c6 b7c6,-32
8/8/5k1P/5B2/8/8/5K2/8 w - -,f2e3 f6f7 f5h7 f7e6 e3f4 e6f6 f4g4 f6e5 g4g5 e5e6,9605
r1r3k1/2q1bppp/1p1p1n2/1BnPp3/4P3/2N2N2/1PP1QPPP/2B2RK1 w - -,f3d2 a8a1 g2g3 h7h5 h2h4 c8b8 g1g2 c7a7 d2c4 c5a6,113
r2q1rk1/p4ppp/1pn1pb2/2pp4/3P1P2/2PB1N2/PP3PPP/R2QR1K1 w - -,f3e5 f6e5 f4e5 c5d4 d3b5 c6e7 c3d4 e7f5 d1g4 d8h4,6
r3kb1r/pp1b1ppp/8/3Pp3/1PN5/4KN1P/P5P1/R4B1n w kq -,f3e5 a8d8 f1d3 d7c8 a1h1 f7f6 e5f3 f8b4 e3d4 b7b6,-461
8/pR6/2p2k2/2P5/1P6/P1K1p3/2B4r/8 w - -,c2d3 h2h3 d3e2 f6e5 b7a7 h3h8 a7e7 e5f4 a3a4 h8h1,615
r6r/3kn3/p1pp1p2/1p5p/3NP2p/3P4/PPP2P2/R4RK1 w - -,g1h2 h8g8 b2b4 a6a5 a2a3 f6f5 d4f5 e7f5 e4f5 g8g4,-47
r7/p2npk1p/2p3p1/8/4PB2/1P6/P4PPP/3R1K2 w - -,d1d7 a7a5 f1e2 f7e8 d7c7 a8a6 e4e5 e7e6 f4e3 a5a4,610
r3rbk1/1p3pp1/p1nq2p1/3p2B1/1P4P1/P3PN1P/5P2/2RQR1K1 w - -,g5f4 d6e6 e1e2 f8e7 e2d2 e8d8 f4g5 a8c8 d2c2 f7f6,39
6k1/Q1p2pp1/8/p3p2P/q3r1B1/6PK/5P2/2R5 w - -,g5f4 d6e6 e1e2 f8e7 e2d2 e8d8 f4g5 a8c8 d2c2 f7f6,Mate
1r6/p2qkpb1/3p2p1/2p1p2n/4P3/PpPP2P1/1P1BQNK1/7R w - -,e2d1 a7a5 d1f3 b8h8 d2g5 e7f8 f2g4 a5a4 g4e3 g7h6,-23
r4rk1/pp1b1ppp/2p3q1/8/1Q2n3/1BP3B1/PP3PPP/R4RK1 w - -,f1e1 e4g3 h2g3 b7b6 b4e7 d7g4 e7b7 f8b8 b7c7 b8c8,117
r2k1b1r/5ppp/p1p1p3/3nPb2/8/2N5/PPPB2PP/2KR1B1R w - -,c3e2 d8e8 e2d4 f8c5 d4f5 e6f5 f1c4 e8e7 d2g5 e7e6,94
2r2b1r/p2kq2p/P1b1p1p1/3n4/1p1P1B2/6P1/1P2QPBP/2R1R1K1 w - -,g2d5 c6d5 c1c8 d7c8 e2b5 c8d8 b5b8 d8d7 e1c1 d5c6,719
r1bq1rk1/pp2ppbp/n5p1/2pP4/4N3/8/PPP1BPPP/R1BQK2R w KQ -,e1h1 a6c7 c2c4 b7b6 e2f3 a8b8 d1b3 b8b7 f1d1 c7e8,49
8/pp6/8/3p1p2/3P1P2/P1P3rk/1P5P/7K w - -,a3a4 g3g2 b2b3 g2h2 h1g1 h3g3 g1f1 g3f3 f1g1 h2d2,-9605
r1b1k2r/pppn1ppp/1q3b2/8/4NP2/2PQ4/PP1B2PP/R3KB1R w KQkq -,e1a1 e8h8 d3f3 f6e7 f1d3 d7c5 e4c5 e7c5 f4f5 f8e8,95
r3kb1r/pp1b2pp/5p2/3Ppn2/1PN5/P2BKN1P/6P1/3R4 w kq -,d3f5 d7f5 c4a5 b7b6 g2g4 f5d7 a5c6 a8c8 d1c1 h7h5,-590
r1b2rk1/1p1nnp2/p3p1p1/4q2p/4N3/6PP/PPPQN1B1/R4RK1 w - -,a1e1 e5b2 d2g5 f7f6 g5h6 f8f7 c2c3 f7h7 h6e3 e7d5,29
3Q4/1B1b1pk1/3P2pp/1p2bp2/p6N/P5PP/q4P1K/8 w - -,d8e7 a2f2 h2h1 e5g3 b7g2 g3h4 e7h4 f2h4 h1g1 h4e1,-1779
8/1p2pppp/2k5/2P5/1P2P3/4K3/1r3PPP/7R w - -,h2h4 b2b3 e3f4 b3b4 h1d1 b4b2 f4e3 b2b3 e3f4 b3c3,-62
r4rk1/pp1b2pp/2p3q1/5p2/1Q2n3/2P3B1/PPB2PPP/R4RK1 w - -,b4b7 g6f7 f1e1 d7e6 b7f7 e6f7 g3f4 a8d8 f2f3 e4c5,288
r1b2rk1/pppn1ppp/1q3b2/8/4NP2/2PQ4/PP1B2PP/2KR1B1R w - -,d3f3 f6e7 f1d3 d7c5 e4c5 e7c5 f4f5 f8e8 d3c4 c8d7,94
r4rk1/5ppp/pq2p3/8/1p2QPP1/3P4/PP5P/R4R1K w - -,d3d4 a8d8 f1d1 b6a5 a2a3 d8d5 a3b4 a5b4 a1a6 f8d8,-127
r3k2r/pp1b2pp/3b1p2/3Pp3/1PB5/P3KN1P/6P1/3R4 w kq -,g2g4 a8c8 f3d2 e8e7 d1g1 h8e8 g1f1 e5e4 e3e4 d6e5,-639
r1k2b1r/2p2pp1/1p2b2p/p2NPn2/P7/1P5P/1B1N1PP1/3R1RK1 w - -,d2e4 f5e7 d5e7 f8e7 d1d3 h8d8 d3c3 e7b4 c3e3 c8b7,-162
6k1/5pp1/8/4P3/1ppKN3/q1P5/8/8 w - -,e4c5 a3c3 d4d5 b4b3 e5e6 f7e6 c5e6 b3b2 d5c5 b2b1q,-1391
3q1rk1/1p1n1p2/p2bpn1p/3p2p1/2rP3B/2N2N2/PP3PPP/2RQR1K1 w - -,f3d2 g5h4 d2c4 d5c4 d1f3 b7b5 a2a4 d6b4 a4b5 a6b5,-339
r3kb1r/1p1b1p2/p1nppp1p/8/4PP2/1NN5/PPP1B1PP/2KR3R w kq -,c3a4 h6h5 a4b6 a8d8 c1b1 h5h4 g2g4 c6b8 b3a5 d7c6,59
8/p3R3/2p5/2P5/1P3k2/PBK5/4p2r/8 w - -,b3c2 h2h3 c2d3 f4g5 e7e6 e2e1q e6e1 g5f6 c3d4 h3h4,663
r2q1rk1/p1p1bppp/1pn1p3/2Pp1b2/1P1Pn3/P1N2NP1/4PPBP/R1BQ1RK1 w - -,,0
r4nk1/3rqp2/pp6/3pPQp1/3P2Pp/3N1R2/PP5P/5RK1 w - -,d3c1 f8e6 c1e2 e7b4 f5d3 b4b2 f3f7 d7f7 d3g6 f7g7,107
r3r1k1/2p2pp1/2n1pq1p/pp1p4/3P4/2P2N2/PPQN1PPP/R4RK1 w - -,a1e1 a5a4 a2a3 c6a5 e1e2 f6f5 c2c1 f7f6 f1e1 a8a6,376
r1b2rk1/pppn1ppp/4qb2/8/4NP2/2PQB3/PP4PP/2KR1B1R w - -,d3c4 e6c4 f1c4 f8e8 c4d3 b7b6 h1e1 c8b7 e4f6 d7f6,40
2r3k1/2q1bppp/1pBp1n2/2nPp3/4P3/2N2N2/1PP1QPPP/r1B2RK1 w - -,f3d2 c7b8 b2b4 c5a6 e2c4 a6c7 d2b3 a1a7 c1e3 h7h5,90
r3r1k1/2p2pp1/2n1pq1p/p2p4/1p1P4/2P2N2/PPQN1PPP/R3R1K1 w - -,a2a3 b4a3 b2a3 a5a4 a1b1 e6e5 d4e5 c6e5 h2h4 f6d6,360
r3r1k1/2p2pp1/4pq1p/p2p4/1pP5/3Q1n2/PP1N1PPP/R3R1K1 w - -,d2f3 f6b2 c4d5 e8d8 d3c4 d8d5 c4c7 a5a4 c7c4 b2c3,186
r1b2rk1/pppn1ppp/5b2/8/2q1NP2/2P1B3/PP4PP/2KR1B1R w - -,f1d3 c4a2 h1e1 f6e7 c3c4 d7f6 e4c3 a2a5 e3d4 c7c5,-717
2r2rk1/1p4pp/p2b1p2/1b1Pp3/1P4PP/PB2KN2/8/6R1 w - -,e3d2 f8e8 g1c1 c8c1 d2c1 e5e4 f3d4 e4e3 c1b1 e3e2,-707
r2q1rk1/p1p1bppp/1pn1p3/2Pp4/1P1Pb3/P4NP1/4PPBP/R1BQ1RK1 w - -,c1b2 e7f6 e2e3 b6c5 b4c5 h7h6 b2c3 a7a5 f1e1 d8d7,3
rnb1kb1r/pp2pppp/1qp2n2/3p4/2P5/1QN3P1/PP1PPP1P/R1B1KBNR w KQkq -,g1f3 c8g4 d2d4 g4f3 e2f3 d5c4 b3c4 e7e6 f1e2 b8d7,14
r1k4r/2p2pp1/1p2b2p/p3Pn2/Pb3N2/1P5P/1B1N1PP1/3R1RK1 w - -,g2g3 e6d7 e5e6 f7e6 d2c4 d7c6 c4e5 c6e4 d1d7 b4d6,-24
2r3k1/2Pr1ppp/2R5/8/2B2PP1/8/P2b2KP/8 w - -,c4d5 d7c7 c6a6 d2f4 h2h4 f4e5 d5b3 c8d8 g2f3 e5d6,-555
3R4/1p2pp1p/2k3p1/2P5/1r2PK2/8/5PPP/8 w - -,,0
r1b1kb1r/ppp4p/4pnp1/8/3q4/3B4/PP3PPP/RNBQR1K1 w kq -,d3b5 d4d7 e1e6 f8e7 b5d7 c8d7 e6e7 e8e7 c1g5 h8f8,668
8/5pkp/4pp2/Q7/P7/4PK2/2r2PPP/3q4 w - -,e1e6 c8e6 d3b5 d4d7 b5d7 f6d7 d1d4 h8g8 d4h4 h7h6,Mate
r3r1k1/2p2pp1/7p/3Q4/pp6/5N2/Pq3PPP/R3R1K1 w - -,f3e5 b4b3 d5f7 g8h8 f7h5 h8g8 a2b3 a4b3 a1b1 b2c2,275
3q1rk1/pbr1bppp/1p2pn2/2np4/2P5/1P2PNP1/PB1N1PBP/2RQ1RK1 w - -,,0
2rq2k1/4bppp/1pBp1n2/1NnPp3/4P3/5N2/1PP1QPPP/r1B2RK1 w - -,f3d2 h7h5 c2c3 c5e6 e2c4 e6c7 b5a3 h5h4 c4e2 b6b5,82
5rk1/1p4pp/p2b1p2/1b1Pp1P1/1P2K2P/Pr3N2/8/6R1 w - -,b2b4 c5e4 c2c4 a1b1 c1b2 b1f1 g1f1 h7h6 b2c1 c8b8,Mate
rnb1kb1r/pp2pppp/1qp2n2/8/2p5/1QN3P1/PP1PPPBP/R1B1K1NR w KQkq -,b3c2 b8a6 g1f3 a6b4 c2b1 g7g6 e1h1 c8f5 e2e4 f5g4,-68
r1k4r/2p3p1/1p2p2p/p3Pn2/Pb6/1P5P/1B1N1PP1/3R1RK1 w - -,d2e4 h8f8 g2g4 f5h4 f2f4 c8b7 g1h2 a8d8 h2g3 d8d1,11
3q1rk1/p1rnbppp/1p2pn2/2pb4/3P4/1P2PNP1/PB1N1PBP/2RQ1RK1 w - -,d1e2 d8a8 f1e1 f6e4 d2e4 d5e4 d4c5 c7c5 f3h4 e4g2,-12
r6r/4kp2/p1b1pn1p/1pb3p1/4P2B/1BN2P2/PP4PP/R2R1K2 w - -,h4e1 f6d7 c3e2 h8c8 a1c1 c6b7 e2d4 c5d6 a2a4 d7c5,-5
r2q1rk1/p4ppp/1p2pb2/2ppn3/3P1P2/2PB4/PP3PPP/R2QR1K1 w - -,d3h7 g8h7 d4e5 f6e7 d1h5 h7g8 e1e3 f7f6 e3h3 f6e5,-81
rn1qk2r/pp2bppp/2p1pn2/3p1b2/3P1B2/P1N5/1PPQPPPP/2KR1BNR w kq -,f2f3 b7b5 g2g4 f5g6 h2h4 h7h5 e2e4 b5b4 a3b4 a7a5,-78
r3r1k1/2p2pp1/7p/8/p7/1p3N2/Pq3PPP/R2QR1K1 w - -,a2b3 a4a3 d1b1 e8e2 e1e2 b2e2 a1a2 e2e7 h2h3 e7c5,312
r6r/4kp2/p1b1pn1p/1p4p1/4P3/1BN2P2/PP3bPP/R2R1K2 w - -,f1f2 f6d7 c3e2 d7e5 e2d4 a8c8 d1d2 h8d8 a1c1 c6b7,-17
2rr2k1/1b3pp1/1p2pn1p/pq6/1n1P3Q/4P3/1PB2PPP/R2RNNK1 w - -,d1c1 b4c2 e1c2 b7e4 c2e1 c8c1 a1c1 b5b2 c1c7 a5a4,-306
r1r5/4kp2/p1b1pn1p/1p4p1/4P3/1BN2P2/PP3KPP/R2R4 w - -,c3e2 f6d7 d1d2 d7e5 e2d4 c6d7 g2g3 a6a5 f3f4 e5g6,-10
K4R2/P7/5P2/6kp/8/8/8/1r6 w - -,f6f7 g5g6 f8b8 b1f1 f7f8q f1f8 b8f8 g6g7 f8c8 g7f6,6362
r1b2rk1/p3ppbp/2p3p1/q2p4/2B1N3/4B3/PPP1QPPP/2KR3R w - -,c4b3 d5e4 h2h4 a5e5 e3d4 e5f4 d4e3 f4g4 e2g4 c8g4,-53
r2qkb1r/1b1p1pp1/ppn1pn1p/2p5/P1B1P2B/2NP4/1PP1NPPP/R2QK2R w KQkq -,f2f3 f8e7 e1h1 e8h8 c4b3 a8c8 g1h1 f8e8 h2h3 f6h5,-64
r3r1k1/2p2pp1/7p/8/8/1p3N2/1q3PPP/R2QR1K1 w - -,a1b1 e8e1 f3e1 b2e5 d1b3 a8a1 b1a1 e5a1 g1f1 a1c1,367
r1k4r/ppp1Q2p/4R1p1/1b6/8/8/PP3PPP/RNB3K1 w - -,a1b1 e8e1 f3e1 b2e5 d1b3 a8a1 b1a1 e5a1 g1f1 a1c1,Mate
r2q1rk1/p3bppp/1p2p3/2ppP3/3P4/2PB4/PP3PPP/R2QR1K1 w - -,d1e2 c5d4 c3d4 b6b5 g1h1 g7g6 f2f4 d8b6 e2e3 f7f6,19
r1b1kb1r/pppn1pp1/4pq1p/3p4/3PP3/3Q1N2/PPP2PPP/RN2KB1R w KQkq -,b1c3 f8b4 a2a3 d5e4 d3e4 b4c3 b2c3 a8b8 f1b5 a7a6,5
2rr2k1/1b3pp1/1p2pn1p/p7/1nqP3Q/4P3/1P1R1PPP/RB2NNK1 w - -,d2d1 d8d7 f1g3 d7c7 b1e4 f6e4 g3e4 c4d5 e4c3 d5b3,-107
r2q1rk1/p1p1bppp/1pn1p3/2P2b2/1P1Pp3/P4NP1/4PPBP/R1BQ1RK1 w - -,f3e5 c6e5 d4e5 b6c5 d1c2 c5b4 f1d1 d8e8 a3b4 e7b4,-42
2r3k1/6p1/R3p2p/4Pp2/1pp5/4P3/1P3PPP/6K1 w - -,,0
3q1rk1/pbrn1ppp/1p2pn2/2bp4/2P5/1P2PNP1/PB1N1PBP/2RQ1RK1 w - -,d1e2 b7a6 e3e4 f6e4 d2e4 d5e4 e2e4 a6b7 e4e2 d8a8,24
r5k1/2p2pp1/7p/8/8/1p3N2/1q3PPP/1R1Qr1K1 w - -,f3e1 b2f6 d1b3 a8a1 b1a1 f6a1 g1f1 a1a6 b3d3 a6c6,379
r1b1r2k/2q2p1p/8/pp2p1Q1/4P3/2BB3P/PPP3P1/R5K1 w - -,,0
8/8/2k5/4K3/8/7b/3Q4/8 w - -,g5f6 h8g8 f6g5 g8h8 a1f1 b5b4 c3d2 e8e6 d3c4 e6g6,Mate
2rr2k1/1b3pp1/1p2p3/p5p1/1n1Pn3/4PB2/1P1R1PPP/R3NNK1 w - -,h2h3 e4d2 f3b7 c8c7 f1d2 c7b7 d2c4 f7f6 e1f3 d8b8,-327
4r1k1/ppp2ppp/8/2b3qn/2N1Pp2/1P1Q1PP1/P5KP/4RR2 w - -,d3d7 e8e6 d7d5 h7h6 e1d1 c5e7 d5g5 h6g5 d1d5 g7g6,210
r1k4r/pppbQ2p/4R1p1/8/5B2/8/PP3PPP/RN4K1 w - -,d3d7 e8e6 d7d5 h7h6 e1d1 c5e7 d5g5 h6g5 d1d5 g7g6,Mate
rn2kb1r/pp2pppp/1qp1bn2/8/2Q5/2N3P1/PP1PPPBP/R1B1K1NR w KQkq -,c4a4 e6d7 g1f3 c6c5 a4c4 b8c6 e1h1 e7e6 d2d3 c6a5,33
r5k1/2p2pp1/7p/8/8/qp3N2/5PPP/1R2Q1K1 w - -,h2h3 b3b2 e1e5 a8b8 e5c7 a3a8 c7c2 a8a2 f3d2 g7g6,287
1rqr2n1/1p1bppkp/p1np4/2pN1pP1/P3P3/3P3P/1PPQN1BK/R4R2 w - -,d5b6 c8c7 b6d5 c7c8 e2g3 e7e6 d5e3 f5e4 e3g4 d8f8,216
K2R4/P4P2/8/6kp/8/8/8/1r6 w - -,a1e1 g7h8 e2g3 e7e6 d5b6 c8c7 a4a5 g8e7 e4f5 d6d5,Mate
2r3k1/6p1/R3p2p/4Pp2/1p6/2p1P3/1P3PPP/5K2 w - -,,0
r1k4r/ppp4p/2b1R1p1/2Q5/5B2/8/PP3PPP/RN4K1 w - -,b2c3 b4c3 a6a1 g7g5 f1e2 g8f7 a1c1 f7g6 e2d3 c8d8,Mate
r4rk1/1p3pbp/1Q4p1/pBP5/P4q2/2N5/1P3PbP/2R2RK1 w - -,c3e2 f4f3 b6d6 g2f1 c1f1 a8d8 d6f4 f3f4 e2f4 g7b2,-439
rnb1kb1r/pp3ppp/1qp2n2/4p3/2Q5/2N3P1/PP1PPPBP/R1B1K1NR w KQkq -,g1f3 c8e6 c4a4 b8d7 e1h1 a8d8 f3g5 d7c5 a4c2 e6c8,26
2r3k1/6p1/R3p2p/4Pp2/8/2p1P3/5PPP/5K2 w - -,,0
5R2/1p2p2p/2k3p1/2P2p2/1r2PK2/8/5PPP/8 w - -,f8c8 c6d7 c8b8 d7c7 b8h8 b4e4 f4f3 e4h4 h2h3 c7d7,-50
r7/p3kpp1/1p2b2p/4N3/1q6/4N3/4nK2/8 w - -,e5c4 b4c4 e3c4 e6c4 f2e3 a7a5 e3d2 a5a4 d2c2 a4a3,-4634
3q1rk1/pbr1bppp/1p2p3/2nn4/8/1P2PNP1/PB1N1PBP/2RQ1RK1 w - -,b2d4 b7a6 d2c4 b6b5 c4a5 b5b4 a5c4 e7f6 d1c2 f6d4,-44
r1r5/3nkp2/p1b1p2p/1p4p1/4P3/1BN2P2/PP3KPP/2RR4 w - -,b3c2 d7e5 c3e2 b5b4 e2d4 c6d7 f2e2 a6a5 c2d3 h6h5,-19
K2R1Q2/P7/8/6kp/8/8/8/r7 w - -,b3c2 d7e5 c3e2 b5b4 e2d4 c6d7 f2e2 a6a5 c2d3 h6h5,Mate
8/5pk1/3Q1bpp/5p2/6PP/5P1K/4q3/1q6 w - -,b3c2 d7e5 c3e2 b5b4 e2d4 c6d7 f2e2 a6a5 c2d3 h6h5,Mate
2r3k1/6p1/1p2p3/p2b2p1/1n1Pp3/R4PN1/1P1R1KPP/2r1N3 w - -,g3f1 b4c2 e1c2 c8c2 f2g3 g8h7 h2h3 e4f3 g2f3 c2d2,-327
r2q1rk1/pp1nbppp/2p1pn2/3p1b2/3P1B2/P1N2N1P/1PPQPPP1/2KR1B1R w - -,f3e5 h7h6 h3h4 f5h7 h1h3 d7e5 d4e5 f6g4 e2e3 d8c7,-65
rn3rk1/ppq1bppp/2p2n2/4p1Bb/2B1P3/2N2N1P/PPP1QPP1/R4RK1 w - -,a2a4 a7a6 g2g4 h5g6 c4a2 b8d7 f3h4 b7b5 f2f3 d7c5,31
rn2kb1r/pp3ppp/1qp1bn2/4p3/2Q5/2N2NP1/PP1PPPBP/R1B1K2R w KQkq -,c4h4 f6g4 d2d4 e5d4 c3e4 f8b4 c1d2 b4e7 d2g5 f7f6,-128
r6r/pppk3p/2b1R1p1/4Q3/5B2/8/PP3PPP/RN4K1 w - -,c4h4 f6g4 d2d4 e5d4 c3e4 f8b4 c1d2 b4e7 d2g5 f7f6,Mate
3q1rk1/p1r1bppp/bp2p3/2nn4/3B4/1P2PNP1/P2N1PBP/2RQ1RK1 w - -,d2c4 b6b5 c4e5 b5b4 e5c4 e7f6 f1e1 c5e4 f3e5 e4c3,-39
r5k1/5pp1/7p/2p5/8/2N5/1p3PPP/qR2Q1K1 w - -,g2g3 c5c4 g1g2 a8a3 h2h4 h6h5 g2h2 g8h8 c3d5 a3a5,201
8/R7/1K6/7r/5k2/8/3P4/8 w - -,a7a4 f4f3 b6c6 h5h6 c6d5 h6h5 d5c4 h5h2 d2d3 f3f4,376
r1b1kb1r/ppppq1p1/2n1p2p/4Pp2/3P4/2N5/PPP1BPPP/R2QK1NR w KQkq -,e2h5 e8d8 g1f3 e7b4 e1h1 b4b2 c3e2 c6e7 d1d3 b2b6,97
rnbqkb1r/pp3pp1/3pp2p/2p1P3/3P4/2P2N2/PP3PPP/RN1QKB1R w KQkq -,d4c5 d6c5 f1d3 c8d7 d1e2 d7c6 e1h1 b8d7 a2a4 d8c7,19
3q1rk1/p1r1bppp/b3p3/1pnn4/2NB4/1P2PNP1/P4PBP/2RQ1RK1 w - -,c4a5 b5b4 a5c4 e7f6 d1c2 c5a4 f3e5 a4c3 a2a3 c3b5,-33
r5k1/5pp1/7p/8/2p5/2N5/1p3PPP/qR2QK2 w - -,e1e4 g7g6 g2g3 a8d8 e4c4 a1a8 c4e4 a8a6 f1g2 d8d2,206
3q1rk1/p1r1bppp/b3p3/N1nn4/1p1B4/1P2PNP1/P4PBP/2RQ1RK1 w - -,a5c4 e7f6 f1e1 d5c3 d4c3 f6c3 d1d8 f8d8 e1d1 d8d1,-40
r1bqk1nr/5pbp/1pp3p1/p1p1p3/P3P3/3P1N2/1PP2PPP/RNBQR1K1 w kq -,c1e3 g8e7 b1a3 e8h8 h2h3 d8c7 d1c1 f8d8 f3h2 c8e6,29
r2q1k1r/ppbnnppb/4p2p/2p1P2P/3PN1Q1/P5N1/BP3PP1/R1B2RK1 w - -,e4d6 c7d6 e5d6 e7c6 d4c5 d7c5 c1e3 d8d6 a1d1 d6e7,246
r2q1rk1/p1n1bppp/5n2/2p5/Q1N1b3/P4NP1/1P3PBP/R1B2RK1 w - -,f1d1 d8c8 f3e5 e4g2 g1g2 c8f5 a4b3 f6d5 b3f3 f5f3,48
r2q1rk1/2p1bppp/1pn1p3/pPPp1b2/3Pn3/P1N2NP1/4PPBP/R1BQ1RK1 w - -,c3e4 d5e4 b5c6 e4f3 g2f3 b6c5 g3g4 f5g6 d4c5 e7c5,29
5rk1/6p1/1p2p3/p5p1/1nbPP3/6R1/1P1RNKPP/1r2N3 w - -,e2f4 f8f4 e1f3 f4e4 g3g5 b4d3 f2g3 b1b2 d2b2 d3b2,Mate
r3k2r/1p1bbp2/p2ppn2/4n1B1/4P3/1NN2B2/PPP3PP/2KRR3 w kq -,b3a5 a8b8 g5f4 e7d8 a5b3 d8e7 b3c5 d7c6 c5d3 f6d7,39
r1r5/4kp2/p1b1p2p/1p2n1p1/4P3/1B3P2/PP2NKPP/2RR4 w - -,b3c2 c6d7 c2d3 e5d3 d1d3 c8c1 e2c1 a8c8 c1b3 a6a5,-16
rn1qk2r/pp3ppp/2pb1n2/4p3/4P1b1/2NP1N2/PP2BPPP/R1BQK2R w KQkq -,d3d4 g4f3 g2f3 d8b6 d4e5 d6e5 d1c2 b6c7 c1e3 b8d7,26
r3k2r/pp3ppp/5n2/q1Pp1bB1/1bp5/2N1PN2/PPQ2PPP/R3K2R w KQkq -,e3e4 f5e4 c2c1 e4d3 a2a3 b4c5 f3e5 d5d4 e5d3 d4c3,-307
r2qkb1r/1b1p1p2/ppn1pn2/2p5/P1B1P1pp/2NP3P/1PP1NPPB/R2Q1RK1 w kq -,e4e5 c6e5 h2e5 g4h3 d3d4 b7g2 e2f4 c5d4 d1d4 f8c5,-117
8/5k2/8/2K1r3/8/8/8/8 w - -,e4e5 c6e5 h2e5 g4h3 d3d4 b7g2 e2f4 c5d4 d1d4 f8c5,Mate
r4rk1/1Q3p1p/6p1/pBP1b3/P7/2N5/1P3PKq/2R2R2 w - -,g2f3 h2h5 f3e3 a8d8 c3e4 g6g5 e4d6 e5d6 c5d6 d8d6,78
rn1qk1nr/pp3ppp/2pb4/4p3/4P1b1/2NP1N2/PP3PPP/R1BQKB1R w KQkq -,d3d4 d8e7 d4d5 g8f6 h2h3 g4h5 c1g5 h7h6 g5f6 e7f6,25
8/1p2R2p/2k1p1p1/2P2p2/1r2PK2/8/5PPP/8 w - -,f2f3 c6c5 e7h7 b7b5 g2g4 f5e4 f3e4 b4c4 h2h4 b5b4,1
8/8/K2k4/4r3/8/8/8/8 w - -,e7e6 c6c5 f2f3 b7b5 e6e7 f5e4 f3e4 b4b2 e7h7 b2g2,Mate
rn1q1rk1/pp3pbp/4p1p1/2pP1b2/8/6N1/PPP1BPPP/R1BQK2R w KQ -,g3f5 e6f5 e1h1 d8d6 a2a4 b8d7 a4a5 f8e8 g2g3 h7h5,25
r1r5/4kp2/2b1p2p/pp2n1p1/4P3/1B2KP2/PP2N1PP/2RR4 w - -,a2a3 c6d7 b3a2 c8c1 d1c1 a8b8 e2d4 h6h5 g2g3 a5a4,-23
r1b2rk1/1p1n1p2/p3p1p1/4qn1p/4NN2/6PP/PPPQ2B1/R4RK1 w - -,g3g4 h5g4 h3g4 e5d4 d2d4 f5d4 a1d1 d4c2 d1d7 c8d7,-9
r4rk1/pp1b1ppp/1np3q1/8/1Q2n3/NBP3B1/PP3PPP/R4RK1 w - -,f1e1 f8e8 b3c2 d7f5 c2e4 f5e4 f2f3 e4f5 c3c4 h7h5,4
2r2r1k/pp3pbp/1qn3p1/8/3pPB2/1B5P/PPP2QP1/4RRK1 w - -,f4d6 c6e5 d6f8 g7f8 f2f4 f8g7 g1h1 c8c7 f4h4 c7d7,167
r1r1b3/4kp2/4p2p/pp2n1p1/4P3/PB2KP2/1P2N1PP/2RR4 w - -,e2d4 e8d7 g2g3 a5a4 b3a2 a8b8 d4c2 e5c6 c2e1 b5b4,-8
r2q1rk1/2p1bppp/1pn1p3/pPP2b2/3Pp3/P4NP1/4PPBP/R1BQ1RK1 w - -,b5c6 e4f3 g2f3 b6c5 g3g4 f5g6 d4c5 e7c5 c1f4 c5b6,16
rn3rk1/pbp2ppp/1p2pq2/3p4/3P1P2/3B1N2/PPP2PPP/R2QR1K1 w - -,g2g3 b7a6 d3a6 b8a6 c2c4 f6d8 f3e5 d5c4 d1a4 a6b8,88
4R3/1p1kpp1p/6p1/2P5/1r2PK2/8/5PPP/8 w - -,,0
r2q1rk1/2p1bppp/1pP1p3/p1P2b2/3P4/P4pP1/4PPBP/R1BQ1RK1 w - -,g2f3 b6c5 d4c5 e7c5 c1f4 c5b6 d1c1 d8f6 f4g5 f6e5,23
2r1b3/4kp2/4p2p/pp2n1p1/4P3/PB2KP2/1P2N1PP/3R4 w - -,d1c1 c8b8 e2d4 a5a4 b3a2 b5b4 a3b4 b8b4 b2b3 h6h5,-23
8/2p3pp/2pk4/p2b4/Np6/1P4PP/P1PK4/8 w - -,c2c3 d5e6 g3g4 c6c5 a4b2 d6d5 d2d3 e6f7 g4g5 d5e5,-207
8/8/1K6/7r/R7/5k2/3P4/8 w - -,b6c6 h5h6 c6d5 h6h8 d2d4 f3f4 d5c5 h8d8 a4a6 f4e4,477
1r2b3/4kp2/4p2p/pp2n1p1/4P3/PB2KP2/1P2N1PP/2R5 w - -,e2d4 a5a4 b3a2 b5b4 g2g3 e7d6 a3b4 b8b4 c1c2 e5c6,-21
r2q1rk1/2p1bppp/2P1p3/p1p2b2/3P4/P4BP1/4PP1P/R1BQ1RK1 w - -,d4c5 e7c5 c1f4 c5b6 d1c1 d8f6 f4g5 f6e5 f1d1 h7h6,12
rnbqk2r/1p1nbpp1/p2pp2p/8/3NPPP1/2N4P/PPP3B1/R1BQK2R w KQkq -,e1h1 b8c6 c3e2 c6d4 e2d4 d7f8 c1e3 f8g6 d1d2 c8d7,28
r3kbnr/ppp1qppp/8/5b2/1nBPp3/1QN5/PP3PPP/R1B1K1NR w KQkq -,a2a3 b4d3 c4d3 e4d3 c1e3 e8a8 g1f3 g8f6 e1h1 e7e6,-96
4rq1k/8/3p1P1p/Q2p2pb/1p6/1P2rNRP/PP4PK/2R5 w - -,a5d5 f8f6 c1d1 f6f4 d5d6 h8h7 d1d4 f4d6 d4d6 h5f3,37
r1bqkbnr/pp1ppppp/n7/2p5/1P6/2P5/P2PPPPP/RNBQKBNR w KQkq -,b4c5 a6c5 d2d4 c5e6 e2e4 g7g6 f1d3 f8g7 g1e2 d7d6,82
r2q1rk1/2p2ppp/2P1p3/p1b2b2/8/P4BP1/4PP1P/R1BQ1RK1 w - -,c1f4 c5b6 g3g4 f5g6 d1a4 d8f6 f4g3 a8d8 a1d1 f6c3,11
r4rk1/ppqnbppp/2p2nb1/4p1B1/2B1P1P1/2N2N1P/PPP1QP2/3R1RK1 w - -,d1d7 c7d7 f3e5 d7c7 g5f4 e7d6 e5g6 d6f4 g6f8 a8f8,23
rnbq1rk1/p1p1ppbp/1p1p1np1/8/3P1B1P/2NBP3/PPP2PP1/R2QK1NR w KQ -,h4h5 c7c5 h5g6 f7g6 g1f3 b8c6 d1d2 c6b4 d3c4 d6d5,81
1rqr2n1/1p1b1pkp/p1npp1p1/2pN2P1/P3PP2/3P2NP/1PPQ2BK/R4R2 w - -,d5e3 d8f8 f4f5 f7f6 f5g6 h7g6 g5f6 g8f6 f1f6 f8f6,167
4r1k1/1Q3p1p/6p1/p1P1b3/P7/2N2K2/1P3P1q/2R2R2 w - -,c3e4 e8b8 b7d5 b8b2 e4d2 b2d2 d5d2 h2h5 f3e3 e5f4,46
r1b1r1k1/2q2p1p/5Q2/pp2p3/4P3/2BB3P/PPP3P1/R5K1 w - -,,0
1r2b3/4kp2/4p2p/1p2n1p1/p3P3/PB2KP2/1PR1N1PP/8 w - -,b3a2 b5b4 a3b4 e5c6 b4b5 c6b4 c2c7 e7d6 c7c4 b8b5,-31
r2qkb1r/1b1p1p2/ppn1p3/2p5/P1B1P1np/2NP4/1PP1NPPB/R2Q1RK1 w kq -,h2f4 d8f6 c4d5 e6d5 f2f3 g4e5 c3d5 f6g6 g1h1 f8d6,-190
r7/PR6/1K6/5k1p/8/8/8/8 w - -,,0
r3kbnr/pppq1ppp/8/5b2/1nBPp3/1QN5/PP3PPP/R1B1K1NR w KQkq -,c1g5 c7c6 a2a3 b4d3 c4d3 e4d3 g1f3 f7f6 g5f4 g8e7,-98
5R2/1p2p2p/2k3p1/2P5/4PK2/8/1r4PP/8 w - -,,0
1r2b3/4kp2/4p2p/4n1p1/pp2P3/P3KP2/BPR1N1PP/8 w - -,a3b4 b8b4 e2d4 h6h5 g2g3 e8d7 c2d2 f7f6 d2c2 b4b6,-21
r1b3k1/p2n1rbp/2p1p1p1/1p1pPpq1/3P2P1/2PBPQ1R/PP5P/RN2B1K1 w - -,h3g3 f5g4 f3g4 g5g4 g3g4 d7b6 g4g3 a7a5 b1d2 g7h6,8
2rq2k1/4bpp1/1pBp1n1p/1NnPp3/4P3/8/1PPNQPPP/r1B2RK1 w - -,c2c3 c5a6 b5a3 a6b8 c6b5 f6e8 a3c2 a1a5 c2b4 e8c7,109
r4rk1/p1q1bppp/2p2nb1/1pn1p1B1/4P1PN/1BN4P/PPP1QP2/3R1RK1 w - -,h4f5 a7a5 a2a3 h7h6 g5h4 b5b4 h4f6 e7f6 c3a4 c5b3,-27
r3rbk1/1p1q1pp1/p1n3p1/3p2B1/1P4P1/P3PN1P/5P2/2RQR1K1 w - -,e1e2 a6a5 e2d2 a5b4 d2d5 d7e6 a3b4 c6b4 d5e5 e6d6,28
r2q1rk1/pp1n1ppp/2pb1n2/4p2b/4P3/2NP1N1P/PP2BPP1/R1BQR1K1 w - -,,0
4b3/4kp2/4p2p/4n1p1/pr2P3/4KP2/BPR1N1PP/8 w - -,e2d4 e8d7 g2g3 h6h5 c2d2 e5c6 d4c6 d7c6 d2c2 c6b5,-21
1R6/r7/1K6/5k1p/8/8/8/8 w - -,,0
r1bq1rk1/ppppn1b1/2n4p/1B3p2/3Pp3/2N1BN2/PPP2PPP/R2Q1RK1 w - -,f3h4 f5f4 c3e4 d7d5 e4g3 f4e3 f2e3 f8f1 b5f1 d8d6,-196
2rr3k/pp3pbp/1qnB2p1/8/3pP3/1B5P/PPP2QP1/4RRK1 w - -,e4e5 d8e8 b3f7 c6e5 f7e8 b6d6 e8a4 b7b5 a4b5 d4d3,192
1R6/K7/8/5k2/7p/8/8/8 w - -,,0
rn1q1rk1/pp3ppp/2pp4/3n4/1bBPp2N/2P5/PP3PPP/R1BQ1RK1 w - -,h4f5 g7g6 f5h6 g8g7 c3b4 f7f5 d1b3 g6g5 f2f3 e4e3,250
8/8/5Q2/8/4K3/3B4/k7/8 w - -,d1g4 d5f6 g4g3 d6d5 h4f5 g7g6 c4e2 g8h8 c3b4 g6f5,Mate
1r4k1/6p1/R3p2p/1p2Pp2/2p5/4P3/1P3PPP/6K1 w - -,,0
rn3rk1/pb3ppp/1p2pq2/2pp4/3P1P2/3B1NP1/PPP2P1P/R2QR1K1 w - -,h2h4 b7a6 f3e5 a6d3 c2d3 f6e7 h4h5 f8c8 d4c5 b6c5,79
7R/K7/8/8/6kp/8/8/8 w - -,,0
8/kBK5/8/8/p2N4/8/8/8 w - -,h8g8 g4f4 a7b7 h4h3 g8d8 h3h2 d8h8 f4g3 h8h6 g3g2,Mate
r2q1rk1/2p2ppp/1bP1p3/p4b2/5B2/P4BP1/4PP1P/R2Q1RK1 w - -,g3g4 f5g6 d1a4 d8f6 f4g3 a8d8 a1d1 h7h6 d1d7 f6c3,16
1r1q1rk1/p2nbppp/2p1p3/3p4/Pp1PnBP1/4QN1P/1PP1PPB1/2KR3R w - -,f3e5 d7e5 f4e5 e4d6 b2b3 e7g5 f2f4 g5h4 e3f3 h7h6,-20
8/kBK5/4N3/p7/8/8/8/8 w - -,f3e5 d7e5 f4e5 e4d6 b2b3 e7g5 f2f4 g5h4 e3f3 h7h6,Mate
5R2/8/3k4/8/2K5/8/8/8 w - -,f3e5 d7e5 f4e5 e4d6 b2b3 e7g5 f2f4 g5h4 e3f3 h7h6,Mate
6k1/5p1p/6p1/p1PQb3/P3N3/5K2/1r3P1q/2R2R2 w - -,,0
4r1k1/p1p2ppp/3b1n1q/1p6/4PpP1/1P1Q1P2/PN4KP/4RR2 w - -,d3b5 e8e5 b5d3 h6g5 b2c4 h7h5 c4e5 d6e5 d3d8 g8h7,233
2rr2k1/pp2ppbp/5np1/3n4/2NPN3/1P4Pq/PB2QP1P/3RR1K1 w - -,c4e5 h3f5 e4c5 b7b6 c5d3 h7h5 d1c1 c8c1 e1c1 f6e4,-40
k7/pp1K4/4N3/8/8/8/8/7B w - -,c4e5 h3f5 e4c5 b7b6 c5d3 h7h5 d1c1 c8c1 e1c1 f6e4,Mate
r1b2rk1/1p3p2/p3p1p1/2n1qn1p/4NN2/2P3PP/PP1Q2B1/R4RK1 w - -,e4c5 e5c5 d2f2 c5f2 g1f2 g8g7 f1e1 a6a5 c3c4 a5a4,-117
1r4k1/6p1/4R2p/4Pp2/1pp5/4P3/1P3PPP/6K1 w - -,e6c6 c4c3 b2b3 b8a8 f2f4 a8a3 e3e4 a3b3 e5e6 g8f8,-252
rnb1kb1r/pp1p1ppp/8/q2N1nB1/1p6/2P5/P3PPPP/R2QKBNR w KQkq -,e2e4 f8e7 g5d2 f5h4 c3b4 a5d8 a1c1 b8c6 g2g3 h4g6,323
r1b1kbnr/ppp2ppp/8/3qp3/3NN3/8/PPP2PPP/R1BQKB1R w KQkq -,f1b5 c7c6 d1e2 d5d4 c2c3 d4d7 c1g5 f7f6 a1d1 d7e7,53
r1bqk2r/4npbp/1pp3p1/p1p1p3/P3P3/N2P1N2/1PP2PPP/R1BQR1K1 w kq -,c1e3 e8h8 h2h3 c8e6 d1d2 a8b8 f3g5 e6d7 a3c4 f7f6,26
2r4k/pp1r1pbp/1qnB2p1/4P3/3p4/1B5P/PPP2QP1/4RRK1 w - -,g1h1 c6d8 f2h4 c8a8 h4g4 b6c6 g4d4 d8e6 d4f2 h7h5,286
r3kbnr/pppq1ppp/8/5b2/2BPp3/PQNn4/1P3PPP/R1B1K1NR w KQkq -,e1d2 e8a8 g1e2 g8f6 b3a4 d7a4 c3a4 a7a6 d2c3 f5g6,-344
1r4k1/6p1/2R4p/4Pp2/1p6/2p1P3/1P3PPP/6K1 w - -,b2b3 b8a8 f2f4 a8a3 g1f2 a3b3 f2e2 b3b1 g2g4 f5g4,-279
r2q1rk1/n1p1bppp/1p2pn2/pPPp1b2/3P4/P1N2NP1/4PPBP/R1BQ1RK1 w - -,f3h4 f5g4 h2h3 g4h5 g3g4 h5g6 h4g6 h7g6 c5c6 f6e4,111
2rqn1k1/4bpp1/1pBp3p/1NnPp3/4P3/2P5/1P1NQPPP/r1B2RK1 w - -,b2b4 c5d7 d2c4 c8a8 c6a8 d8a8 e2b2 a1a6 c4a3 f7f5,182
r1bq1rk1/ppp3pp/2n1pb2/3p1p2/2PPn3/1P2PNP1/PB1N1PBP/R2Q1RK1 w - -,d1c2 c6b4 c2b1 b7b6 a2a3 b4c6 c4d5 e6d5 b1c2 c8b7,68
5R2/1p2p2p/2k3p1/2P5/4PK2/6P1/5r1P/8 w - -,f4e3 f2f8 h2h4 c6c5 g3g4 e7e5 e3d2 f8d8 d2e2 b7b5,-1230
r3k2r/pppb1ppp/2n2n2/3q4/4N3/2PP4/P1P1QPPP/R1B1KB1R w KQkq -,e4f6 e8d8 f6d5 h8e8 d5e3 c6e5 e2h5 f7f5 f1e2 h7h6,979
k7/1pK5/4N3/p7/8/8/8/7B w - -,e4c5 c6e7 c5d7 d5d7 c1b2 e8h8 e2d2 f8e8 e1a1 e7d5,Mate
5rk1/1p3pbp/rQb3p1/pBP5/P4q2/2N5/1P3PPP/2R2RK1 w - -,b5a6 g7e5 g2g3 f4f3 b6c6 b7c6 c1d1 h7h5 d1d3 f3f5,-138
r3k2r/ppp2ppp/2n1bn2/3q4/4N3/2PP4/P1P1QPPP/R1B1KB1R w KQkq -,e4f6 g7f6 e2e4 d5a5 c1d2 e8a8 f1e2 d8e8 e4f4 h8g8,62
r1b2rk1/1p3p2/p3p1p1/4qn1p/4nN2/2P3PP/PP1Q2B1/4RRK1 w - -,d2f2 f5g3 g2e4 g3f1 g1h1 c8d7 e4b7 e5g5 b7a8 f8a8,-351
rnb1k2r/pp1p1ppp/8/q2N1nB1/1b6/8/P3PPPP/R2QKBNR w KQkq -,d1d2 b4d2 g5d2 a5d5 g1f3 f5d6 e2e3 b8c6 a1d1 e8h8,-734
r2q1knr/ppp2Bpp/3b4/5b2/1n1Pp3/1QN5/PP3PPP/R1B1K1NR w KQ -,e1f1 d8e7 f7c4 c7c6 a2a3 b4d3 c1d2 g8f6 c4d3 e4d3,-54
3b1r2/1R3P1k/3P2p1/p1P5/3B2Pp/7K/PP4P1/8 w - -,c5c6 d8b6 d4b6 a5a4 c6c7 f8b8 b7b8 a4a3 f7f8q g6g5,2043
r3k2r/pp3ppp/8/q1Pp1bB1/1bp1n3/2N1PN2/PP1Q1PPP/R3K2R w KQkq -,d2c2 b4c3 b2c3 e4g5 c2f5 a5c3 e1e2 c3b2 f3d2 g5e4,-424
8/5Q2/3P2pk/8/pR4Pp/7K/PP4P1/8 w - -,d2c2 b4c3 b2c3 e4g5 c2f5 a5c3 e1e2 c3b2 f3d2 g5e4,Mate
1r1r2n1/1pq1p1kp/p1np1pp1/2p2PP1/P3PQ2/3P3P/1PP1N1BK/R4R2 w - -,f4h4 c6d4 e2f4 f6g5 h4g5 e7e5 f4d5 c7f7 c2c3 d4b3,228
r1bq1rk1/ppp1b1pp/4p3/3pPp2/2P1n3/1P2P1P1/PB1N1PBP/R2Q1RK1 w - -,c4d5 e6d5 d1c2 c8e6 a1d1 e4d2 d1d2 c7c6 e3e4 f5e4,45
r1b2rk1/1p3p2/p3p1p1/2q2n1p/4RN2/2P3PP/PP1Q2B1/5RK1 w - -,f1f2 f5g3 e4d4 g8h7 d4d3 h5h4 b2b4 c5e7 a2a4 a8b8,-109
5rk1/2qrn1b1/1pp1bp1p/p1p1p1p1/P1N1P1P1/1P1P1N1P/2PBQP2/R3R2K w - -,c4e3 g8f7 h3h4 f7e8 h4h5 e8d8 e1b1 d8c8 c2c3 c7d6,54
r2qkbnr/ppp2ppp/6b1/8/1nBPp3/1QN5/PP3PPP/R1B1K1NR w KQkq -,c1f4 g8f6 a2a3 b4d3 c4d3 e4d3 b3b5 f6d7 g1f3 f8e7,-50
3rr1k1/pp3ppp/2q5/2P5/8/P3p3/3Q1PPP/2RR2K1 w - -,d2d8 e3e2 d1d6 c6e4 c1e1 h7h6 d8a5 g8h7 d6d2 e4f5,419
K7/P7/5k2/7r/8/8/8/8 w - -,,0
r1b3k1/p2n1rbp/2p1p1p1/1p1pP1q1/3P2p1/2PBPQR1/PP5P/RN2B1K1 w - -,f3g4 g5g4 g3g4 d7b6 g4g3 g7h6 g3h3 h6g5 b1d2 a7a5,-3
r1bqkb1r/p1pppppp/1pn2n2/8/2P5/3P2P1/PP2PP1P/RNBQKBNR w KQkq -,f1g2 g7g6 b1c3 f8g7 e2e4 e7e5 g1e2 e8h8 f2f4 d7d6,63
2rn3k/pp1r1pbp/1q1B2p1/4P3/3p4/1B5P/PPP2QP1/4RR1K w - -,b3a4 d8c6 a4b3 c6d8 f2h4 d8e6 b3a4 c8c6 c2c3 d4c3,297
r1bqk2r/pp1p1ppp/2n2n2/1Nb1p3/4P3/2P2P2/PP4PP/RNBQKB1R w KQkq -,b5d6 c5d6 d1d6 d8e7 d6e7 e8e7 c1e3 d7d6 b1a3 c8e6,76
r2qkb1r/pp1b1pp1/4p2p/2ppP3/3P4/2Q2N2/PPP1BPPP/R3K2R w KQkq -,e1h1 a7a5 c3e3 c5d4 f3d4 a8c8 c2c3 f8c5 a2a3 e8h8,-14
r5k1/pp3p1p/q1p3p1/2Pp2r1/8/4PQ1P/P4PP1/1RR3K1 w - -,,0
r4rk1/p1q1bpp1/2p2np1/1pn1p1B1/4P1P1/1BN4P/PPP1QP2/3R1RK1 w - -,a2a4 b5b4 g5f6 e7f6 e2c4 b4c3 c4c5 c3b2 c5c3 c6c5,-38
r1b3k1/p2n1rbp/2p1p1p1/1p1pP3/3P2q1/2PBP1R1/PP5P/RN2B1K1 w - -,g3g4 d7b6 g4g3 g7h6 e1d2 c8d7 b2b3 a7a5 e3e4 h6f8,1
5rk1/2qr2b1/1pp1bpnp/p1p1p1p1/P3P1P1/1P1PNN1P/2PBQP2/R3R2K w - -,e3f5 f8e8 h3h4 g7f8 h1g2 g6f4 d2f4 e5f4 h4g5 h6h5,65
r1b2rk1/pp2qpbp/5np1/4p3/4P3/2N2N1P/PPP1B1P1/R2QK2R w KQ -,e1h1 a7a6 d1e1 b7b5 e2d3 c8b7 e1e3 f6h5 a1d1 h5f4,-144
rnbq1rk1/p2pppbp/1p3np1/8/3p4/1P1BPN2/P1PN1PPP/R1BQ1RK1 w - -,c1b2 d4e3 f2e3 c8b7 d1e1 b8a6 e1h4 a6c5 a2a4 a8c8,-189
4r1k1/2qr2b1/2p1bpnp/ppp1pNp1/P3P1PP/1P1P1N2/2PBQP2/R3R2K w - -,a4b5 c6b5 d2a5 c7c6 a5d2 h6h5 h4g5 h5g4 f3h4 g6h4,69
r2q1rk1/2p1bppp/1pP1p3/pn1p1b2/3P4/P1B2NP1/4PPBP/R2Q1RK1 w - -,c3b2 a5a4 f3e5 b5d6 a1c1 b6b5 c1c5 f8e8 g3g4 f5g6,-161
r2qkbnr/ppp2ppp/8/8/1nBPb3/1Q6/PP3PPP/R1B1K1NR w KQkq -,c3b2 a5a4 f3e5 b5d6 a1c1 b6b5 c1c5 f8e8 g3g4 f5g6,Mate
rnb1k2r/pp3ppp/4pn2/2bp2B1/Nq2P3/5N2/PPP2PPP/R2QKB1R w KQkq -,f3d2 b4a4 g5f6 g7f6 d1f3 b8c6 e1a1 c5e7 e4d5 e6d5,-684
rn1qk1nr/1bppppbp/p5p1/1p6/2BPP3/2N1BN2/PPP2PPP/R2QK2R w KQkq -,c4b3 b8c6 a2a3 c6a5 b3a2 a5c4 a2c4 b5c4 f3d2 g8f6,89
rn1q1rk1/pp3ppp/2pp4/b2n1N2/2BPp3/2P5/PP3PPP/R1BQ1RK1 w - -,c1h6 d5b6 c4b3 g7g6 f2f3 e4e3 h6f8 d8f8 f5e3 b8d7,295
r1b2rk1/1p3pq1/p3p1p1/5n1p/4RN2/2P3PP/PP1Q2B1/5RK1 w - -,d2e1 c8d7 g3g4 h5g4 h3g4 f5h6 g4g5 h6f5 e4b4 d7b5,-116
r2q1rk1/p2n1ppp/2pb1n2/1p2p1Bb/4P3/2NP1N1P/PP2BPP1/R2QR1K1 w - -,f3h4 h5g6 a2a4 a7a6 d1c2 d6c5 a4b5 d8b6 d3d4 c5d4,18
4rbk1/2qr4/2p1bpnp/pp2pNp1/P1p1P1PP/1P1P1N2/2PB1P2/R2RQ2K w - -,d2a5 c7b7 d3c4 d7d1 a1d1 b5a4 b3a4 b7a8 d1a1 c6c5,69
1r6/2R3pk/p3p2p/2Q1n3/3pP3/7q/PP3P1P/2R2K2 w - -,f1e1 e5d3 e1d2 d3c5 c7c5 h3f3 b2b3 f3f2 d2d3 f2a2,Mate
r1b3k1/p4rbp/1np1p1p1/1p1pP3/3P2R1/2PBP3/PP5P/RN2B1K1 w - -,g4g3 g7h6 b2b3 a7a5 b1d2 b5b4 c3c4 c8a6 g3h3 h6g5,7
8/p7/8/1p1p1p2/3P1P2/P1P3Pk/1P6/7K w - -,b2b4 h3g3 h1g1 g3f4 g1f2 f4e4 f2e2 f5f4 e2f2 f4f3,-1029
r2q1rk1/n1p1bppp/1pP1p3/pP3b2/3Pp3/P4NP1/4PPBP/R1BQ1RK1 w - -,f3e5 a7b5 e5d7 a5a4 e2e3 f8e8 d1c2 e7d6 c2c4 b5a7,-7
8/8/3K4/1p3k1p/1P5P/8/8/8 w - -,,0
5rk1/1p3pbp/rQb3p1/pBP2q2/P7/2N3P1/1P3P1P/2R2RK1 w - -,b6a6 c6f3 a6b7 f3b7 c5c6 b7c8 f1d1 g8h8 d1d5 f5e6,-252
2r3k1/6p1/R3p2p/1p2Pp2/8/2p1P3/1P3PPP/6K1 w - -,,0
4rbk1/q2r4/2p1bpnp/p3pNp1/P1P1P1PP/5N2/2PB1P2/R2RQ2K w - -,h4h5 g6f4 d2e3 a7a6 d1d7 e6d7 e1c3 d7e6 e3f4 g5f4,70
8/8/8/8/4K3/8/4Bk2/1Q6 w - -,h4h5 g6f4 d2e3 a7a6 d1d7 e6d7 e1c3 d7e6 e3f4 g5f4,Mate
4rbk1/2qr4/2p1bpnp/p3pNp1/P1p1P1PP/1P3N2/2PB1P2/R2RQ2K w - -,b3c4 c7a7 h4h5 g6f4 d2e3 d7d1 a1d1 a7a6 e3f4 g5f4,57
r2qr1k1/pb1nbppp/1p1pp3/3n4/3P4/2PB1N1P/PP1N1PPB/R2QR1K1 w - -,a2a4 d8c7 d3f1 h7h6 d1b3 d5f6 b3a3 e8b8 c3c4 a7a5,47
r2qr3/pb1nbppk/1p1pp3/3n4/3P4/2P2N1P/PP1N1PPB/R2QR1K1 w - -,d2e4 d7f8 h3h4 h7g8 f3g5 f7f5 d1h5 g7g6 h5f3 d5b4,-328
6k1/6p1/R3p2p/1p2Pp2/8/2r1P3/5PPP/6K1 w - -,,0
r3rbk1/1p3pp1/p1n3p1/3p2B1/1P4q1/P3PN1P/4RP2/2RQ2K1 w - -,h3g4 a6a5 b4b5 c6d8 b5b6 d8e6 d1d5 f8a3 c1b1 a3e7,611
8/1p3R1p/6p1/2k1p3/4P3/5K2/1r4PP/8 w - -,f7e7 b2b3 f3g4 h7h5 g4g5 c5d4 g5g6 b3b2 g6h5 b2g2,-10
r1bk2nr/ppp5/2pb2Q1/8/3qp3/2N5/PPPP1PPP/R1B2RK1 w - -,f1e1 g8e7 g6g5 d6h2 g1f1 c8f5 d2d3 h2d6 e1e4 f5e4,-336
r2qkbnr/ppp2ppp/6b1/8/2BPp3/1QNn4/PP2NPPP/R1B1K2R w KQkq -,e1d1 d3f2 d1e1 f2h1 b3b5 c7c6 b5b7 f8d6 b7c6 e8f8,-307
r1b2rk1/pp2qpbp/6p1/4p2n/4P3/2N2N1P/PPP1B1P1/R2Q1RK1 w - -,d1d2 c8e6 f1d1 f8c8 g1h2 c8c5 d2d6 e7d6 d1d6 g7f8,-122
8/8/1K6/6r1/5k2/R7/3P4/8 w - -,a3a4 f4f3 b6c6 g5g6 c6d5 g6g5 d5c4 g5g2 d2d3 f3f4,526
r1bq1r1k/1p4p1/p3pp1N/2n4Q/8/7R/PPP3PP/R6K w - -,a3a1 f4e4 b6c6 e4d3 a1a2 d3d4 a2a8 d4c4 c6d6 c4d3,Mate
6k1/6p1/R3p2p/4Pp2/1p6/2r1P3/5PPP/5K2 w - -,a6e6 c3c1 f1e2 b4b3 e6b6 c1c2 e2f3 b3b2 b6b7 g7g5,26
r1bk3r/ppp1n3/2pb2Q1/8/3qp3/2N3P1/PPPP1P1P/R1B2RK1 w - -,g6g5 h8g8 g5h4 g8g4 h4h6 d6g3 g1h1 g3d6 d2d3 c8f5,-400
K5R1/P4P2/8/7p/5k2/8/8/r7 w - -,g6g5 h8g8 g5h4 g8g4 h4h6 d6g3 g1h1 g3d6 d2d3 c8f5,Mate
6k1/6p1/4R2p/4Pp2/8/1pr1P3/5PPP/5K2 w - -,e6b6 c3c1 f1e2 c1c2 e2f3 b3b2 b6b7 g8f8 f3g3 g7g5,15
r2qkb1r/pp1bpppp/2np1n2/8/4P3/2PQ1NP1/PP3PBP/RNB1K2R w KQkq -,c1g5 d8b6 d3c2 g7g6 g5f6 e7f6 e1h1 f8g7 b1a3 d7e6,30
r3kb1r/1p1b1pp1/p1nppn1p/8/4PP1B/1NN5/PPP1B1PP/2KR3R w kq -,e2f3 a8c8 h4f2 e6e5 f4f5 f8e7 h1e1 g7g6 f5g6 f7g6,60
1r6/2R3pk/p3p2p/2Q5/3pP3/3n3q/PP3P1P/2R1K3 w - -,e1d1 h3f3 d1d2 d3c5 c1c5 f3f2 d2d1 d4d3 b2b3 f2e2,-4149
K4QR1/P7/8/7p/8/4k3/8/r7 w - -,e1d1 h3f3 d1d2 d3c5 c1c5 f3f2 d2d1 d4d3 b2b3 f2e2,Mate
4rbk1/1q1r4/2p1bpnp/Bp2pNp1/P1p1P1PP/1P1P1N2/2P2P2/R2RQ2K w - -,d3c4 d7d1 a1d1 b5c4 b3c4 c6c5 a5d2 b7a6 h4h5 g6e7,53
8/8/6p1/4p1p1/p3P3/Nk2K3/8/8 w - -,e3f3 b3a3 f3g4 a3b4 g4g5 b4c3 g5g4 a4a3 g4f3 a3a2,-1313
r3k2r/5ppp/p1p1pn2/3p1b2/3P1B2/4P3/PP2BPPP/R3K2R w KQkq -,a1c1 e8d7 h2h4 h7h5 e1h1 f6e4 b2b4 f7f6 f2f3 e4d6,98
r3kbnr/1pp3pp/p1pq1p2/4p3/4P1b1/4RN2/PPPP1PPP/RNBQ2K1 w kq -,c2c3 e8a8 b2b4 d6d7 h2h3 g4h5 d2d4 g7g5 e3d3 g8h6,-88
r1b2rk1/pp2qpbp/6p1/4p3/4Pn2/2N2N1P/PPP1B1P1/R3QRK1 w - -,g1h1 c8e6 e2b5 e7b4 f3g5 b4b2 a1b1 b2a3 e1h4 h7h6,-100
3rr1k1/1pp3pp/1pn5/1N1q4/1P2p3/P6P/4QPP1/R3R1K1 w - -,b5c7 c6d4 e2e3 d5b3 c7e8 b3e3 f2e3 d4c2 e8c7 d8c8,361
6k1/6p1/1R5p/4Pp2/8/1p2P3/5PPP/2r2K2 w - -,f1e2 c1c2 e2f3 b3b2 b6b7 g8f8 h2h4 g7g5 f3g3 c2e2,4
r2qrbk1/1b1n1ppp/pp1pp3/8/P2Pn3/2PB1N1P/1P3PPB/R2QR1K1 w - -,d3e4 b7e4 e1e4 b6b5 e4e1 d8c7 a4b5 a6b5 d1d3 c7b7,-21
r1bk3r/ppp5/2pb4/5n2/3qQ3/2N3P1/PPPP1P1P/R1B2RK1 w - -,a1b1 c8d7 d2d3 d4g7 e4g2 d8c8 c3e4 f5d4 f2f4 d7h3,-295
r2qrbk1/3n1ppp/pp1pp3/8/P2Pb3/2P2N1P/1P3PPB/R2QR1K1 w - -,e1e4 b6b5 e4e1 d8c7 a4b5 a6b5 d1d3 c7c4 d3c4 b5c4,-17
6k1/6p1/1R5p/4Pp2/8/1p2P3/4KPPP/1r6 w - -,h2h4 g7g5 b6h6 g5g4 g2g3 b1b2 e2f1 b2c2 h6b6 b3b2,192
2r5/2p2kbp/1p4p1/p1PP1p2/5P2/1P5P/P1KB4/3Rr3 w - -,d2e1 g7f8 c5b6 c7b6 c2d3 c8c5 d3d4 f7e8 b3b4 f8g7,-46
r3kbnr/ppp2ppp/6b1/8/2BPp2q/1QNn4/PP2NPPP/R1B2K1R w kq -,c4d3 e4d3 e2f4 e8a8 c1e3 g8e7 a1c1 c8b8 c3b5 e7f5,-148
r1bq1rk1/pp3pbp/5np1/4p3/3NP3/2N4P/PPP1B1P1/R2QK2R w KQ -,d4f3 d8b6 d1d2 b6b2 a1b1 b2a3 e2c4 a3c5 c4d5 c8d7,-250
8/8/8/8/1P1K2kp/8/8/8 w - -,b4b5 h4h3 b5b6 h3h2 b6b7 h2h1q b7b8q h1a1 d4c5 a1c3,Mate
8/8/1K6/6r1/R7/5k2/3P4/8 w - -,b6c6 g5g6 c6d5 g6g5 d5c4 g5g2 d2d3 f3f4 a4a5 g2c2,526
8/1pp5/pk4p1/R4p1p/7P/8/1r2r1PK/R7 w - -,a5a4 e2g2 h2h3 a6a5 a1a3 g2g1 a3a1 b2b3 h3h2 g1a1,-667
8/1p5R/6p1/2k1p3/4P3/1r3K2/6PP/8 w - -,f3f2 c5d4 h7g7 b3b6 f2f3 b6f6 f3g4 b7b5 g7b7 d4c5,-10
r5k1/p2b1rbp/1np1p1p1/1p1pP3/3P2R1/1PPBP3/P6P/RN2B1K1 w - -,,0
r2qk2r/ppp2ppp/2n1bn2/3p4/1b1Pp3/2N1PN2/PPPBBPPP/R2QK2R w KQkq -,f3e5 b4d6 e5c6 b7c6 c3a4 f6d7 f2f4 g7g5 c2c4 g5f4,-41
8/8/8/8/1P5p/4K1k1/8/8 w - -,b4b5 h4h3 b5b6 h3h2 b6b7 h2h1q b7b8q g3g4 b8g8 g4f5,Mate
2r2b2/2p2k1p/1p4p1/p1PP1p2/5P2/1P5P/P1KB4/4R3 w - -,d2e3 f8c5 e3c5 b6c5 c2d3 c7c6 d5c6 c8c6 d3c4 c6b6,-14
8/p7/8/1p1p1p2/3P1P2/P1P3k1/1P6/6K1 w - -,a3a4 b5a4 g1f1 g3f4 f1e2 f4e4 e2d1 f5f4 d1e2 f4f3,-1203
r1k1r3/2p3p1/1p2p1np/p3P3/Pb1N2P1/1P5P/1B3P2/3R1RK1 w - -,g1g2 c8b7 f2f4 a8d8 f4f5 e6f5 g4f5 g6e5 d4e6 d8d1,66
8/8/8/1P6/8/4K1kp/8/8 w - -,b5b6 h3h2 b6b7 h2h1q b7b8q g3g4 b8g8 g4f5 g8f7 f5g5,Mate
6k1/6p1/1R5p/4Pp2/7P/4P3/1p2KPP1/1r6 w - -,h4h5 b1g1 b6b2 g1g2 e2d3 g2g5 b2b8 g8f7 b8b7 f7e6,273
r1b2rk1/ppq1b1pp/4p3/2p1Pp2/2P1n3/4PNP1/PBQ2PBP/R4RK1 w - -,f3e1 c8d7 a2a4 a8d8 e1d3 e7g5 f1e1 c7a5 f2f3 a5d2,48
r4rk1/pp3pbp/1q4p1/2pp1b2/5B2/1QPnP2P/PP1NBPP1/R2R2K1 w - -,d2f1 d3b2 d1d5 f5e6 e3e4 e6d5 e4d5 f8e8 f1e3 e8e4,-155
8/8/2K3r1/8/R7/5k2/3P4/8 w - -,c6d5 g6g5 d5c4 g5g2 d2d3 f3f4 a4a5 g2g8 d3d4 g8e8,526
8/5pk1/5p1p/R2p1P2/4P1KP/3r1P2/8/8 w - -,a5d5 h6h5 g4f4 d3a3 d5d1 a3a7 d1g1 g7f8 f4g3 a7a4,11
5b2/5k1p/1p4p1/p1rP1p2/5P2/1P1K3P/P2B4/4R3 w - -,d2e3 c5d5 d3c4 d5d6 a2a4 d6c6 c4b5 c6c3 e3b6 c3b3,-90
2r3k1/p1q2p1p/4p1p1/8/4Q3/1P4P1/P4P1P/5RK1 w - -,,0
r1bqk1nr/ppp2ppp/2np4/1N2p3/1b2P3/5N2/PPPP1PPP/R1BQKB1R w KQkq -,c2c3 b4a5 d2d4 g8f6 d4e5 d6e5 d1d8 e8d8 f1d3 a5b6,23
8/1p5R/6p1/4p3/3kP1K1/1r6/6PP/8 w - -,h2h4 d4e4 h7h6 b3b6 g4g5 e4d5 h4h5 b6b2 h5g6 b2g2,-3
2kr1b1r/1pp2ppp/p1b2n2/2p5/4PB2/2N5/PPP1NPPP/R4RK1 w - -,a1d1 f6e4 d1d8 c8d8 f1d1 d8c8 c3d5 c6d5 d1d5 e4f6,-161
r3rnk1/5ppp/2pqbn2/pp1p4/1P1P4/2NBPN1P/P1Q2PP1/RR4K1 w - -,b4a5 a8a5 a2a4 e8a8 f3d2 b5a4 a1a4 a5a4 c3a4 f6d7,43
r1b2rk1/5pq1/p3p1p1/1p3n1p/4RN2/2PQ2PP/PP4B1/5RK1 w - -,e4d4 f5d4 g2a8 d4f5 a8e4 g7e5 e4f5 e6f5 d3d4 e5d4,-142
5rk1/p2b1rbp/1np1p1p1/1p1pP3/3P2RB/1PPBP3/P6P/RN4K1 w - -,d3e2 b6c8 a2a4 b5a4 a1a4 c6c5 a4a5 c5d4 c3d4 c8e7,9
8/5pk1/5p2/3R1P1p/4P1KP/3r1P2/8/8 w - -,g4f4 d3a3 d5d1 a3a4 d1g1 g7f8 f4g3 f8g7 g3f2 g7h7,11
8/1p5R/6p1/4p1K1/4k3/1r6/6PP/8 w - -,,0
r2q1rk1/ppp2ppp/2np1n2/4p1B1/2B1P3/2PP1b1P/P1P2PP1/R2Q1RK1 w - -,g2f3 c6a5 c4d5 h7h6 g5e3 c7c6 d5b3 f6h5 g1h2 a5b3,-106
8/2R1Q1pk/p3p2p/7q/3pP2n/7P/Pr3PK1/2R5 w - -,g2g3 h5e5 g3h4 e5f4 h4h5 f4f3 h5h4 f3f2 h4h5 f2e2,Mate
1r1r2n1/1pq1p1kp/p1n3p1/2p2PQ1/P3p2P/3P4/1PP1N1B1/R4R1K w - -,f5g6 h7g6 e2f4 c7d6 g2e4 c6e5 f1g1 g8f6 f4g6 f6e4,510
r3kbnr/ppp2ppp/6b1/8/1q1P1N2/1QNpB3/PP3PPP/R3K2R w KQkq -,f4d5 b4b3 a2b3 e8d7 e1d2 g8e7 d5f4 e7c6 h2h4 g6f5,-56
2kr1b1r/pppq1ppp/5p2/8/2B5/2N2Q2/PP3PPP/R1B1K2R w KQ -,e1h1 h7h5 f1d1 f8d6 c1e3 d7g4 c4f7 d6e5 f3g4 h5g4,616
8/1p6/pkp2Kp1/3R1p1p/7P/8/4r1r1/R7 w - -,d5d6 e2b2 f6e7 a6a5 d6d8 f5f4 d8a8 f4f3 a8a5 g2e2,-614
8/pp6/8/3p1p2/3P1P2/P1P3k1/1P6/7K w - -,h1g1 b7b5 b2b3 g3f4 g1g2 f4e4 b3b4 e4d3 g2f3 d3c3,-1050
r2qkb1r/pp1b1pp1/4p2p/3pP3/2pP4/2QB1N2/PPP2PPP/R4RK1 w kq -,d3e2 b7b5 a2a3 f8e7 c3d2 a7a5 b2b4 e8h8 c2c3 a8a6,-23
r1b1kbnr/1pq2ppp/p1npp3/4P3/3N1P2/3BB3/P1PN2PP/R2Q1RK1 w kq -,a1b1 g8h6 d4c6 c7c6 d1e2 d6e5 d3e4 c6c7 g1h1 f8c5,107
r1bqk2r/1p1nbp2/p1npp2p/6p1/3NPPP1/2N1B2P/PPPQ2B1/R3K2R w KQkq -,f4f5 d7e5 b2b3 c8d7 e1a1 d8a5 h1f1 e8a8 c1b2 c6d4,99
8/5kbp/1p4p1/p1rPRp2/5P2/1P1K3P/P2B4/8 w - -,e5e3 c5d5 d3e2 g7f8 e3d3 f7e6 d3e3 e6d7 e3d3 d7c6,-128
r1b1kbnr/1p3ppp/p1qpp3/4P3/5P2/3BB3/P1PN2PP/R2Q1RK1 w kq -,d1e2 f7f5 d2c4 g8h6 a1b1 d6e5 c4e5 c6c7 e2f2 f8d6,121
4rrk1/6pp/p1pb4/1p5q/3P1nb1/2P2PP1/PPBN2KP/R3RQ2 w - -,g2g1 f4h3 g1g2 h3g5 e1e8 g4h3 g2g1 h3f1 e8f8 g8f8,-436
4r1k1/1p4pp/1p6/8/1P1np3/P6P/4RPP1/4R1K1 w - -,e2e4 e8e4 e1e4 d4b5 a3a4 b5c3 e4e8 g8f7 e8b8 f7f6,537
r1bqkb1r/3n1ppp/p2p4/1p1np3/4P3/2N2N2/PPP2PPP/R1BQK2R w KQkq -,a2a4 d5c3 b2c3 b5a4 d1d5 a8b8 f3g5 d8f6 c1e3 f8e7,-495
r3kbnr/ppp1qppp/6b1/8/3P1N2/1QN1B3/PP1p1PPP/R3K2R w KQkq -,e1f1 e8a8 a1d1 g6f5 d1d2 g8f6 d4d5 f6e4 c3e4 e7e4,-73
1r1q1rk1/p2nbppp/4p3/2pp4/Pp1PnBPP/4QN2/1PP1PPB1/2KR3R w - -,f4b8 d7b8 f3e5 c5d4 d1d4 e4f6 g4g5 f6d7 g2d5 d7e5,102
r1b1kb1r/1p3ppp/p1qpp2n/4P3/5P2/3BB3/P1PNQ1PP/R4RK1 w kq -,a1b1 h6f5 e3f2 d6d5 g2g4 f5e7 c2c4 c8d7 f1c1 a8c8,111
r3kb1r/3b1pp1/p2p1q1p/1p2p3/P3P3/5N2/1PPB1PPP/R2QK2R w KQkq -,d2e3 b5a4 e1h1 f8e7 f3d2 f6g6 f2f3 e8h8 d2c4 d7b5,-110
2kr4/ppq2p1p/2n1p1r1/3p4/3Pp3/2P3PP/PPQN1P2/2KR2R1 w - -,g1f1 h7h5 c1b1 h5h4 g3h4 d8h8 d2b3 h8h4 f2f3 e4e3,-86
rn1q1rk1/pp3pp1/2pp1n1p/b2P2B1/2BPp2N/2P5/PP3PPP/R2Q1RK1 w - -,g5f6 d8f6 d1g4 b7b5 c4b3 c6c5 d4c5 b8a6 c5d6 a5d8,176
2kr1b1r/pppq1p2/5p2/6pp/2B5/2N1BQ2/PP3PPP/R4RK1 w - -,c4d5 c7c6 d5e4 c8b8 f3f6 f8b4 e3g5 b4c3 f6c3 h5h4,660
1r1n2n1/1pq1p1kp/p2r2p1/2p2PQ1/P3BN1P/3P4/1PP5/R4R1K w - -,f5g6 d6g6 e4g6 h7h6 g5g3 c7d6 g6f5 g7f7 f5e6 d6e6,1072
r1b1kb1r/5pp1/p2p1q1p/1p2p3/4P3/5N2/PPPB1PPP/R2QK2R w KQkq -,d2a5 c8b7 f3d2 f8e7 e1h1 e8h8 f1e1 f6e6 a2a4 f7f5,-87
5rk1/pp4pp/8/3Pp1R1/3q4/8/PP4PP/4Q2K w - -,,0
r2q1rk1/1b1nbppp/pp1p1n2/4p3/2BPP3/2N2N2/1PP1QPPP/R1B2RK1 w - -,a1a6 b7a6 c4a6 d8c7 d4d5 d7c5 a6b5 a8a1 f3d2 g7g6,83
r1b2rk1/ppq1b2p/4p3/2p1Ppp1/2P1n2N/4P1P1/PBQ2PBP/R4RK1 w - -,f2f3 e4g3 h2g3 g5h4 f3f4 h4g3 a1d1 c8d7 e3e4 a8d8,-43
5r1k/p2b1rbp/1np1p1p1/1p1pP3/3P2RB/1PPBP3/P2N3P/R5K1 w - -,a1f1 h8g8 f1f7 f8f7 g4g3 g7f8 h4f6 c6c5 d4c5 f8c5,82
r1b1kb1r/1p3ppp/p1q1p2n/3pP3/5P2/3BB3/P1PNQ1PP/1R3RK1 w kq -,c2c4 f8c5 c4d5 c6d5 d3e4 c5e3 e2e3 h6f5 e3f2 d5d4,128
r3kb1r/5pp1/p1bp1q1p/Pp2p3/4P3/5N2/1PPB1PPP/R2QK2R w KQkq -,h2h3 c6e4 e1h1 f8e7 f1e1 e4f3 d1f3 f6f3 g2f3 a8c8,-202
r3k2r/1pqn1p2/p3p1pp/3pPn2/bP1N1P2/P2B1Q2/1BP3PP/R4R1K w kq -,d3f5 g6f5 d4f5 e6f5 e5e6 h8h7 e6d7 c7d7 f3g3 e8a8,172
7k/p1r2pp1/1p2p2p/4P1N1/2nP3Q/2q5/P4PPP/5RK1 w - -,g5e6 c7c8 e6g7 c3c2 h4h6 c2h7 g7f5 h7h6 f5h6 c8c7,435
rqb1k1nr/pp1p1ppp/2nbp3/1N6/2B1P3/2N5/PPP2PPP/R1BQK2R w KQkq -,b5d6 e8f8 c1f4 g8f6 f4g3 b7b5 c4b5 e6e5 d6c4 b8b7,653
r2k1b1r/1p1b1ppp/8/1p1p4/3Nn3/2P1B3/PP4PP/RN3RK1 w - -,d4f5 f7f6 b1d2 e4d2 e3d2 d8e8 a2a3 e8f7 d2e1 a8e8,-96
r4rk1/pb3ppp/1pn1pq2/2pp4/3P1P2/2PB1NP1/PP3P1P/R2QR1K1 w - -,h2h4 f8c8 h4h5 c8c7 d1d2 c6a5 g1g2 a5c4 d2e2 h7h6,124
r3kb1r/5pp1/p1bp3p/Pp2p3/4q3/5N2/1PPBQPPP/R4RK1 w kq -,f1e1 e4e2 e1e2 e8d7 d2b4 g7g5 a1d1 c6f3 g2f3 d7e6,-220
rnbqkbnr/pp2pp1p/6p1/2p5/4p3/6PN/PPPP1PBP/RNBQK2R w KQkq -,h3g5 f7f5 d2d3 b8c6 d3e4 d8d1 e1d1 h7h6 g5f3 f5e4,-85
r1b1qrk1/pp3ppp/2nb1n2/1B1N2B1/3P4/5N2/PP3PPP/R2QK2R w KQ -,f3e5 f6d5 e1h1 d6e5 d4e5 e8e5 d1d2 h7h6 g5h4 e5h5,-444
r1bqk2r/ppp4p/2pb1nN1/7Q/4p3/8/PPPP1PPP/RNB2RK1 w kq -,h5g5 d6h2 g1h1 h7g6 g5g6 e8f8 d2d3 f6g4 g2g3 h2g3,-485
r2r2k1/pp3pbp/1q4p1/1bpp4/5B2/1PP1PN1P/P1Q2PP1/R2R2K1 w - -,a1c1 b6e6 a2a4 b5a6 d1d2 b7b6 a4a5 h7h6 f4g3 a6b5,-38
r1b1k1nr/1ppp1ppp/p1n5/2b1p1q1/2B1P3/3P4/PPP2PPP/RNBQK2R w KQkq -,c1g5 c6a5 c4d5 c7c6 d5f7 e8f7 c2c3 d7d5 b2b4 d5e4,596
r2q1rk1/3n1ppp/2p2n2/pp2p1Bb/1b2P3/N2P1N1P/PP2BPP1/R2QR1K1 w - -,e1f1 h5f3 e2f3 b4a3 b2a3 d7c5 g5e3 c5e6 d1c2 d8c7,-24
r1b1k2r/1p3ppp/p1q1p2n/2bpP3/2P2P2/3BB3/P2NQ1PP/1R3RK1 w kq -,c4d5 c6d5 d3e4 c5e3 e2e3 h6f5 e3f2 d5d4 g2g4 d4f2,136
8/8/1K6/6r1/5k2/8/3P4/R7 w - -,a1a4 f4f3 b6c6 g5g6 c6d5 g6g5 d5c4 g5g2 d2d3 f3f4,526
8/6p1/1N3p1k/2R3pP/2p4r/2P5/6P1/6K1 w - -,c5c4 g5g4 c4d4 h4h5 d4g4 h5c5 g4c4 c5a5 c4a4 a5b5,426
8/1p5R/6K1/4p3/4k3/8/1r4PP/8 w - -,,0
8/3k3p/2p1p1p1/n2p1p2/P1bP2P1/R2BPPBP/1r6/4K3 w - -,g4f5 g6f5 h3h4 h7h5 a3c3 b2a2 d3c2 a2a1 e1d2 c4f1,-71
r3k2r/pp3ppp/5n2/q2p1QB1/1bpPn3/2N1PN2/PP3PPP/R4RK1 w kq -,g5f6 e4f6 f5e5 e8f8 e5f4 h7h5 a2a3 b4c3 b2c3 f8g8,48
r1b1qrk1/pp3ppp/2n2n2/1B4B1/1b1P4/4NN2/PP3PPP/R2QK2R w KQ -,e1f1 f6e4 g5f4 b4d6 f4d6 e4d6 b5d3 c6e7 h2h4 h7h6,64
r1b1k2r/1p3ppp/p1q1p2n/3PP3/5P2/3Bb3/P2NQ1PP/1R3RK1 w kq -,e2e3 c6d5 d3e4 h6f5 e3f2 d5d4 g2g4 d4f2 g1f2 f5e7,136
r2k1b1r/1p1b1Rpp/5n2/1p1p4/3N4/2P1B3/PP4PP/RN4K1 w - -,d4f3 d8e8 f7f8 h8f8 e3c5 f8g8 b1a3 e8d8 a3c2 g8e8,-164
4R1rk/pp1Q2bp/6p1/2B2p2/3P4/2P3P1/q4P1P/6K1 w - -,d4d5 h7h5 d5d6 g7c3 e8g8 a2g8 d7e7 g8g7 e7e8 h8h7,373
8/5pk1/5p2/3R1P1p/4PK1P/r4P2/8/8 w - -,d5d1 a3a4 d1g1 g7h8 f4e3 a4a2 g1d1 h8g7 d1b1 g7g8,8
r3rnk1/5ppp/2pqbn2/p2p4/pP1P4/2NBPN1P/2Q2PP1/RR4K1 w - -,b4b5 c6b5 c3b5 d6e7 a1a4 e8c8 c2d2 f6e4 d2e1 e7f6,108
r1b1k2r/1p3ppp/p3p2n/3qP3/5P2/3BQ3/P2N2PP/1R3RK1 w kq -,d3e4 h6f5 e3f2 d5d4 g2g4 d4f2 g1f2 f5e7 d2c4 e8h8,146
5r1k/p2b2bp/1np1p1p1/1p1pP3/3P2RB/1PPBP3/P2N3P/5rK1 w - -,d3f1 h8g8 g4g3 f8c8 h4e7 g7f8 e7c5 d7e8 c5f8 g8f8,71
8/5pk1/5p2/3R1P1p/4PK1P/1r3P2/8/8 w - -,d5a5 b3b1 f4g3 b1d1 g3g2 d1c1 a5a2 c1e1 g2g3 e1h1,11
3q1rk1/1p2bpp1/5nbp/3N4/1PnN4/1r4P1/4PPBP/B1RR2K1 w - -,b4b5 b3a3 d5e7 d8e7 c1c4 f8d8 b5b6 g8h7 d1c1 a3a2,-460
q5k1/4bppp/p1r1pn2/1p1b4/5B1P/5NP1/PP1QPPB1/3R2K1 w - -,f3e1 d5g2 e1g2 h7h6 g2e3 c6c8 d1c1 e7c5 d2c2 f6d5,-16
8/5kbp/1p4p1/p1r2p2/2K2P2/1P5P/P2BR3/8 w - -,c4d3 c5c6 e2h2 g7f6 h2h1 f6e7 d2e3 e7a3 h3h4 h7h5,-154
r3qrk1/pp1b1ppp/2n2n2/1B4B1/1b1P4/4NN2/PP3PPP/R2Q1K1R w - -,g5f6 g7f6 d1a4 b4d6 d4d5 c6e5 b5d7 e8d7 a4d7 e5d7,222
rnb1kb1r/pp1p1ppp/8/2pN1nB1/q7/2P5/PP2PPPP/R3KBNR w KQkq -,a2a3 b4e7 h2h4 a8d8 b5d3 f6g4 d3c2 d7e6 e3g4 e6g4,Mate
r1b2rk1/pp2b1pp/2q1p3/2p1Pp2/2P1n3/4P1P1/PBQ2PBP/R3NRK1 w - -,a2a4 c6e8 e1d3 c8d7 d3f4 e7d8 a4a5 d7c6 f2f3 e4g5,89
8/5pk1/5p2/R4P1p/4PK1P/5P2/8/1r6 w - -,f4g3 b1d1 a5a8 d1b1 a8a3 b1c1 g3g2 c1c2 g2h3 c2f2,8
1rb2rk1/5pq1/p3p1p1/1p3n1p/5N2/2PQ2PP/PP2R1B1/5RK1 w - -,e2f2 b8b6 g3g4 b6d6 d3f3 h5g4 h3g4 f5h6 g2h3 f8d8,-136
r3qrk1/pp1b1p1p/2n2p2/1B6/1b1P4/4NN2/PP3PPP/R2Q1K1R w - -,e3d5 e8e6 b5c6 b7c6 d5b4 e6c4 b4d3 d7f5 f3e1 f8e8,245
r2q1rk1/3n1ppp/2p2n2/pp2p3/4P3/P2P1b1P/P2BBPP1/R2QR1K1 w - -,e2f3 d7c5 d2c3 f8e8 d3d4 c5a4 a1c1 a4c3 c1c3 a8c8,14
8/6p1/5p2/6pk/2N5/2P5/6P1/6K1 w - -,c4d6 h5g4 g1f2 g4f4 d6e8 g7g6 e8f6 g5g4 f6d5 f4f5,789
R7/5ppk/2pq1n1p/2p1p3/2P1P3/3PQbPP/1r3P1K/8 w - -,a8d8 d6d8 e3f3 h7g8 h2g2 f6h7 f3e3 h7f8 e3f3 f8e6,-770
r1b1k1nr/ppppq1pp/8/4np2/2P5/2P1PN2/P4PPP/R1BQKB1R w KQkq -,f3e5 e7e5 d1d4 d7d6 c4c5 g8f6 c5d6 e5d6 a2a4 c8e6,39
8/5pk1/5p2/R4P1p/4P2P/5PK1/8/6r1 w - -,g3h2 g1c1 a5a2 c1b1 a2g2 g7h8 h2g3 b1a1 g2h2 a1g1,10
8/5pkp/4p3/Q4p2/P7/4P1K1/2r2PPP/3q4 w - -,h2h3 d1d6 g3f3 d6c6 f3g3 c6c7 a5c7 c2c7 f2f3 c7a7,-703
1r3rk1/p3bpp1/nq3n1p/2pb4/8/PP3NP1/1BQN1PBP/1R3RK1 w - -,f1e1 e7d8 b2e5 d8c7 d2c4 b6c6 c2c3 b8d8 b1d1 a6b8,92
8/6p1/3N1p2/6p1/6k1/2P5/6P1/6K1 w - -,d6e8 g4f5 e8g7 f5g6 g7e8 g5g4 g1f2 g6f7 e8f6 f7f6,882
r1b1k2r/1p3ppp/p3p3/3qPn2/4BP2/4Q3/P2N2PP/1R3RK1 w kq -,e3f2 d5d4 g2g4 d4f2 g1f2 f5e7 d2c4 e8h8 f1c1 a8b8,136
8/pp6/8/5p2/2pP1P2/P5k1/1P6/7K w - -,a3a4 g3f4 d4d5 f4e5 h1g2 e5d5 g2f2 a7a5 f2e3 d5e5,Mate
8/5pk1/5p2/R4P1p/4P2P/5P2/7K/2r5 w - -,a5a2 c1b1 h2g3 b1e1 g3f2 e1b1 a2d2 b1a1 d2d6 a1a3,10
r4rk1/3nqppp/2p2n2/pp2p3/4P3/P2P1B1P/P2B1PP1/R2QR1K1 w - -,a3a4 b5b4 d1c2 f8c8 a2a3 c6c5 e1c1 d7f8 a3b4 a5b4,20
8/6p1/3N1p2/6p1/2P2k2/8/6P1/6K1 w - -,d6e8 f4e4 g1f2 e4f4 e8g7 f4e5 f2g3 f6f5 g7f5 e5f5,882
r4rk1/pp1b1p1p/2n1qp2/1B1N4/1b1P4/5N2/PP3PPP/R2Q1K1R w - -,b5c6 d7c6 d5b4 e6c4 b4d3 c6e4 f3e1 a8d8 d1g4 e4g6,263
8/8/5k2/8/8/8/2r5/1R3K2 w - -,,0
1r1n2nk/1pq1p3/p2r2Pp/2p3QN/P3B2P/3P4/1PP5/R4R1K w - -,b1b6 f6e7 b6h6 c2a2 h6g6 e7d7 g6g7 d7c6 g7h7 c6d5,Mate
4N3/6p1/5p2/4k1p1/2P5/8/6P1/6K1 w - -,g1f2 f6f5 c4c5 g7g6 c5c6 e5e6 c6c7 e6d7 f2f3 g5g4,1304
r1b1k2r/1p3ppp/p3p3/4Pn2/3qBP2/8/P2N1QPP/1R3RK1 w kq -,g2g4 d4f2 g1f2 f5e7 d2c4 e8h8 f1c1 a8b8 c4d6 f8d8,147
r4rk1/ppNb1p1p/2n2p2/1B3q2/1b1P4/5N2/PP3PPP/R2Q1K1R w - -,b5d3 f5h5 c7a8 f8a8 h2h4 d7g4 d3e2 h5d5 h4h5 g4h5,231
5k2/6pp/p1pb4/1p4nq/3P4/2P2PP1/PPBN3P/R4bK1 w - -,a1f1 c6c5 d2e4 g5e4 c2e4 h5f7 g1g2 c5d4 c3d4 f7c4,-406
4rbk1/q7/2p1bpnp/B3pNp1/P1P1P1PP/5N2/2P2P2/R2rQ2K w - -,a1d1 g6f4 h4g5 h6g5 a5d2 a7a4 d2f4 g5f4 e1c3 a4c4,34
rn1qk2r/pb1p1ppp/1p2p3/2p1P3/1b1Pn3/2N1QN2/PPP2PPP/R1B1KB1R w KQkq -,a2a3 e4c3 a3b4 c3d5 e3b3 c5b4 c2c4 d5e7 c1f4 a7a5,-19
rnbqk2r/ppp1ppb1/5n2/3pB1pp/3P4/2N5/PPP1PPPP/R2QKBNR w KQkq -,c3b5 b8a6 h2h4 g5h4 g1f3 c7c6 b5c3 d8b6 a1b1 a6b8,32
rnbqk2r/pppp1ppp/8/4P3/3P1p1b/2P2N2/P1P3PP/R1BQKB1R w KQkq -,g2g3 f4g3 h2g3 h4g3 e1e2 d7d6 f1h3 b8c6 d1g1 c8h3,38
r1b2rk1/ppq1b1pp/4p3/2p1Ppn1/2P5/4P1P1/PBQ2PBP/R3NRK1 w - -,h2h4 g5f7 e1d3 a8b8 e3e4 f5f4 d3f4 f7e5 c2e2 e7f6,99
8/6N1/5p2/6p1/2Pk4/8/6P1/6K1 w - -,g1h2 d4e5 h2g3 f6f5 c4c5 e5f6 g7h5 f6g6 c5c6 g6h5,1757
r1r3k1/3nqppp/2p2n2/pp2p3/4P3/P2P1B1P/P2B1PP1/R1Q1R1K1 w - -,d2e3 c6c5 a1b1 a8b8 c1d2 b5b4 e1c1 h7h6 a3b4 a5b4,22
4rbk1/q7/2p1bp1p/B3pNp1/P1P1PnPP/5N2/2P2P2/3RQ2K w - -,a5d2 a7a4 h4g5 h6g5 d2f4 g5f4 e1c3 a4c4 c3c4 e6c4,25
r2r2k1/pp4bp/1q3pp1/1bppB3/8/1PP1PN1P/P1Q2PP1/R2R2K1 w - -,c3c4 f6e5 c4b5 e5e4 f3h2 g7a1 d1a1 a8c8 a1d1 h7h5,-281
r2qk2r/1pp1bppp/p1n1pn2/2Pp4/3P1Bb1/2N1PN2/PP3PPP/R2QKB1R w KQkq -,h2h3 g4f3 d1f3 b7b6 c5b6 c7b6 a1c1 e8h8 f1d3 b6b5,46
8/8/8/2N2n1p/7P/4k2K/1p6/8 w - -,h2h3 g4f3 d1f3 b7b6 c5b6 c7b6 a1c1 e8h8 f1d3 b6b5,Mate
r2q1rk1/pbppb1pp/1p2p3/3P1p2/2PNn3/P5P1/1P2PPBP/R1BQ1RK1 w - -,d1d3 e7f6 c1e3 d8e7 a1c1 a7a5 f1d1 h7h6 d4b5 f6b2,60
N4rk1/pp1b1p1p/2n2p2/1q6/1b1P4/5N2/PP3PPP/R2Q1K1R w - -,f1g1 f8a8 d4d5 c6e7 d1b3 b5b6 a1d1 b4d6 b3b6 a7b6,-300
8/8/8/5ppN/2Pk4/8/6P1/6K1 w - -,g1f2 d4c4 h5g7 c4d5 g7f5 d5e5 f5h6 e5f4 g2g3 f4e4,9605
5k2/6pp/p2b4/1pp3nq/3P4/2P2PP1/PPBN3P/5RK1 w - -,c2d1 c5d4 f3f4 g5h3 g1g2 h5d5 d2f3 d4c3 b2c3 h3f4,-447
rn1qk2r/ppp1ppb1/5n2/3pBbpp/3P4/2N2N2/PPP1PPPP/R2QKB1R w KQkq -,f3g5 b8c6 e2e4 d5e4 f1b5 e8h8 b5c6 b7c6 e1h1 f5g6,95
r2q1rk1/pp1bppbp/2np1np1/8/3NPP2/2N1BQ1P/PPP3P1/R3KB1R w KQ -,f1d3 c6d4 e3d4 d8a5 f3f2 b7b5 e1h1 b5b4 d4f6 g7f6,21
r2qk1nr/ppp1bppp/2np4/1B2p3/4P1b1/P1N2N2/1PPP1PPP/R1BQK2R w KQkq -,d2d4 e5d4 d1d4 g8f6 e4e5 d6e5 d4d8 a8d8 f3e5 g4d7,53
r1b1k2r/1p3ppp/p3p3/4Pn2/4BPP1/8/P2N1q1P/1R3RK1 w kq -,g1f2 f5e7 d2c4 e8h8 f1c1 e7d5 f4f5 c8d7 e4d5 e6d5,137
rnbqk2r/pp3ppp/4p1n1/2bpP3/6Q1/3B4/PPP2PPP/RNB1K1NR w KQkq -,g4g3 b8c6 g1f3 d8c7 b1d2 c8d7 d3g6 h7g6 e1h1 c6b4,-41
8/1p5R/5K2/4p3/4k3/8/6rP/8 w - -,h2h3 g2f2 f6g6 b7b5 h3h4 f2g2 g6f6 g2h2 h7b7 h2h4,-4
r1b1r1k1/ppp1bppp/2n5/3q4/4N3/3PB3/PPP1QPPP/R3KB1R w KQ -,g2g4 d5a5 e3d2 a5a4 d2c3 c6d4 c3d4 a4d4 c2c3 d4b6,-21
r2qk1nr/ppp1bppp/2np4/1B2p2b/4P3/P1N2N1P/1PPP1PP1/R1BQK2R w KQkq -,g2g4 h5g6 d2d4 g8f6 d1e2 f6d7 c1e3 e5d4 f3d4 c6d4,84
r2q1rk1/pbp1b1pp/1p2p3/8/2PNp3/P5P1/1P2PP1P/R1BQ1RK1 w - -,d4e6 d8d1 f1d1 f8f7 e6c7 a8c8 c7d5 e7c5 c1f4 g7g5,169
r1b2bkr/1p1np3/pq1pNp1p/7Q/4P3/2N5/PPP2PPP/R3K2R w KQ -,d4e6 d8d1 f1d1 f8f7 e6c7 a8c8 c7d5 e7c5 c1f4 g7g5,Mate
8/1R6/5K2/4p3/4k3/8/7r/8 w - -,,0
4rbk1/8/2p1bp1p/4pNp1/q1P1PnPP/5N2/2PB1P2/3RQ2K w - -,h4g5 f6g5 d2f4 e5f4 f3d4 e6c4 e1c3 c4f7 c3h3 c6c5,16
r5k1/pp1b1p1p/2n2p2/1q6/1b1P4/5N2/PP3PPP/R2Q2KR w - -,h2h4 h7h5 d4d5 c6e7 f3d2 b5d5 d2e4 g8g7 d1d5 e7d5,-314
r2qk2r/ppp1bppp/2np1n2/1B2p2b/4P3/P1NP1N1P/1PP2PP1/R1BQK2R w KQkq -,g2g4 h5g6 c1e3 a7a6 b5c4 e8h8 c4a2 a8b8 d1d2 g8h8,74
r2r2k1/pb3ppp/1pn1pq2/2ppN3/3P1P2/2PB2P1/PP3P1P/R2QR1K1 w - -,e5g4 f6e7 f4f5 g8h8 f5e6 f7e6 g4e5 c6e5 e1e5 e7f7,199
r2qkb1r/2p2ppp/p1pppn2/8/5Pb1/1P2PN2/P1PP2PP/RNBQ1RK1 w kq -,h2h3 g4f3 d1f3 d6d5 c1b2 f8d6 d2d3 e8h8 e3e4 f6d7,71
8/5pkp/4pp2/Q7/P7/4P1K1/2r1qPPP/8 w - -,h2h3 g4f3 d1f3 d6d5 c1b2 f8d6 d2d3 e8h8 e3e4 f6d7,Mate
4rnk1/5ppp/2pqbn2/r2p4/p2P4/2NBPN1P/2Q2PP1/RR4K1 w - -,a1a4 e8a8 a4a5 a8a5 b1c1 f6d7 f3d2 a5a7 c3e2 a7c7,68
6k1/p1q3pp/1p1bpp2/8/1P1P4/P1Q1B1P1/5P1P/6K1 w - -,,0
r1b1r1k1/ppp1bppp/2n5/4q3/8/2NPB3/PPP1QPPP/R3KB1R w KQ -,a2a3 c6d4 e2d2 c8g4 f1e2 d4e2 c3e2 e5b2 e1h1 b2f6,-68
8/8/8/6p1/2Pk1p2/6N1/6P1/6K1 w - -,a2a3 c6d4 e2d2 c8g4 f1e2 d4e2 c3e2 e5b2 e1h1 b2f6,Mate
q4rk1/2p1b1pp/1n2bp2/pP6/8/P1pP2P1/4PP1P/1RBQ1RK1 w - -,d1c2 e6h3 e2e4 h3f1 g1f1 f6f5 c1f4 f5e4 d3e4 g8h8,-310
r1bqkb1r/pp3ppp/2n2n2/4p3/2Pp4/3B1N2/PP1P1PPP/RNBQR1K1 w kq -,h2h3 f8d6 c4c5 d6c5 f3e5 e8h8 d3f1 c6e5 e1e5 d8d6,-71
r1bqk1nr/pppp1p1p/2n1p3/6p1/1bPP4/5N2/PP1NPPPP/R1BQKB1R w KQkq -,d4d5 c6b8 g2g4 h7h5 d1a4 b8a6 d5e6 h5g4 e6f7 e8f7,85
r3r3/1kp3p1/1p2p1np/p3P3/Pb1N1PP1/1P5P/1B6/3R1RK1 w - -,g1g2 a8d8 g2f3 g6f8 h3h4 g7g6 d4e2 f8d7 b2d4 b4c5,61
r1b3kr/1p1np1b1/pq1pNpQp/8/4P3/2N5/PPP2PPP/R3K2R w KQ -,f4f5 e6f5 g4f5 g6e5 d4e6 e5f7 d1d7 e8e7 d7e7 b4e7,Mate
r1b1k2r/1p3ppp/p3p3/4P3/4BPP1/4n3/P2N1R1P/1R4K1 w kq -,f2f3 e3d5 d2c4 e8h8 f4f5 c8d7 e4d5 e6d5 c4d6 d7c6,62
r5k1/pp3p1p/2n1bp2/1q6/1b1P4/1Q3N2/PP3PPP/R5KR w - -,b3e3 g8g7 a1d1 a8d8 h2h3 d8d5 g1h2 b4d6 g2g3 c6e7,-382
r2q1rk1/1p1bppbp/2np1np1/p7/3NPPP1/2N1BQ1P/PPP5/R3KB1R w KQ -,e1a1 a5a4 a2a3 a8c8 d4b5 c6a5 e3d4 a5c4 b5a7 c8c7,117
r1b1r1k1/ppp1bppp/8/4q3/3n4/2NPB3/PPP1QPPP/2KR1B1R w - -,e2e1 c7c5 e3d4 e5d4 e1e3 d4d8 c1b1 c8g4 f2f3 g4e6,-62
5r1k/3b2bp/1np1p1p1/1p1pP3/p2P2RB/1PPBP3/P2N3P/6K1 w - -,h4e7 f8f7 e7c5 g7h6 g4g3 b6c8 g3h3 h6g5 b3a4 b5a4,91
3r2k1/pp3p1p/2n1bp2/1q6/1b1P4/5N2/PPQ2PPP/R5KR w - -,a2a3 b4a5 a1d1 g8g7 h2h3 b5d5 b2b4 a5c7 c2e2 c6e7,-406
r4r2/1p1k2pp/3b4/1p1p4/3B4/2P5/PP3KPP/RN6 w - -,d4f6 f8f6 f2e3 a8e8 e3d3 e8e1 a2a4 f6f2 b2b4 b5a4,-814
r3k2r/pp3ppp/5B2/3p1Q2/2pP4/2qnPN2/P3KPPP/R6R w kq -,f6h4 c3b2 f3d2 e8h8 h1d1 b7b5 e2f1 a8c8 f5d5 c4c3,191
r2q1rk1/pbppb1pp/1p2p3/3P4/2PNp3/P5P1/1P2PP1P/R1BQ1RK1 w - -,d5e6 d8c8 c1e3 d7e6 d1a4 a7a6 a1d1 c7c5 d4c2 b6b5,-17
8/8/1K6/7R/6r1/5k2/3P4/8 w - -,b6c5 g4a4 h5e5 a4a5 c5d4 a5a1 d4c4 a1c1 c4d5 c1c8,586
r1b1k2r/1p3ppp/p3p3/4P3/4BPn1/5R2/P2N3P/1R4K1 w kq -,d2c4 a8b8 c4d6 e8e7 b1c1 c8d7 c1c7 g7g5 h2h3 g4h6,174
R7/5ppk/2pq1n1p/2p1p3/2P1P3/3P1QPP/3r1P1K/8 w - -,h2g1 g7g6 a8a3 d2b2 f3e3 h7g7 a3a1 b2b3 a1d1 d6d4,-557
1rb2rk1/ppq1b1pp/4p3/2p1P3/2P1QP2/4P1P1/PB5P/R3NRK1 w - -,e4c2 c7c6 a2a4 b7b6 e1f3 c8b7 a1e1 g7g5 e3e4 g5f4,-26
r3r3/1kp3p1/1p2p1np/p1b1P3/P2N1PP1/1P5P/1B4K1/3R1R2 w - -,f4f5 c5d4 b2d4 e6f5 g4f5 g6e5 d1e1 e5f7 d4g7 a8d8,106
r3r1k1/4qp2/pp2nR2/3pP1p1/3P2Pp/3NQ3/PP5P/5RK1 w - -,f1f5 e7f8 f6f7 f8f7 f5f7 g8f7 e3f3 f7g8 f3d5 a8d8,358
8/1p5R/1r3K2/4p3/4k3/8/6PP/8 w - -,f6g7 e4d5 h7h5 d5d4 h2h4 e5e4 h5a5 e4e3 a5a1 b6e6,-79
r1bqkb1r/3npppp/p2p4/P2N4/1p1Nn3/4B3/1PP2PPP/R2QKB1R w KQkq -,d4c6 e7e6 c6d8 e8d8 d5b4 d8e8 f2f3 a8b8 c2c3 e4c5,627
1q4k1/7p/2Q1ppp1/1P1p4/8/P3P2P/5PP1/2n4K w - -,b5b6 c1d3 c6c7 b8a8 b6b7 a8b7 c7b7 d3e5 h1h2 g6g5,693
r1b2rk1/1p3ppp/p3p3/4P3/2N1BPn1/5R2/P6P/1R4K1 w - -,c4b6 a8b8 f3c3 f8d8 e4f3 c8d7 f3g4 d7c6 b6c4 d8d4,210
3r2k1/pp3p1p/2n2p2/1q3b2/1b1P4/5N2/PPQ2PPP/3R2KR w - -,c2c1 g8g7 a2a3 b4a5 h2h3 a5c7 f3h4 f5e6 g2g3 b5e2,-384
r1q2rk1/pbppb1pp/1p2P3/8/2PNp3/P5P1/1P2PP1P/R1BQ1RK1 w - -,c1e3 d7e6 d1b3 g8h8 e3f4 e7f6 d4b5 e6e5 f4e3 f6e7,-19
rnb1k1nr/1p1p1ppp/p3p3/8/N2NP3/8/P1PQKPPP/q4B1R w kq -,g2g4 b8c6 d4c6 b7c6 a4b6 a1e5 d2e3 e5b8 e2f3 g8e7,-428
4br1k/6bp/1np1p1p1/1p1pP3/p2P1R1B/1PPBP3/P2N3P/6K1 w - -,h4d8 f8f4 e3f4 a4b3 a2b3 b6c8 g1f2 g7f8 b3b4 c8e7,65
r3k2r/pp3p1p/5p2/3p1Q2/2pP4/2qnP3/P2NKPPP/R6R w kq -,,0
r4rk1/pbpqb1pp/1p6/8/2PNp3/P5P1/1P2PP1P/R1BQ1RK1 w - -,c1e3 c7c5 d4b5 d7h3 b5c7 a8d8 c7d5 b7d5 c4d5 f8f5,-85
8/8/8/2K4R/r7/5k2/3P4/8 w - -,h5e5 a4a5 c5d4 a5a6 d4c4 a6c6 e5c5 c6e6 d2d4 f3e4,586
3rr3/1kp3p1/1p2p1np/p3P3/Pb1N1PP1/1P5P/1B4K1/3R1R2 w - -,f4f5 e6f5 g4f5 g6e5 d4e6 d8d1 f1d1 e5c6 b2g7 c6e7,67
r3k2r/1b2ppbp/p4np1/1p6/2p1P3/2N5/PPPNBPPP/R2R2K1 w kq -,g2g3 a8b8 e4e5 f6d7 f2f4 f7f6 e5f6 g7f6 d2e4 b7e4,-36
8/5p2/4p1k1/P3Qp1q/7K/4P2P/2r2PP1/8 w - -,h4g3 h5e2 e5f4 e6e5 f4f3 e2f3 g3f3 c2a2 f3g3 a2a5,-785
r1b2rk1/ppq1bnpp/4p3/2p1Pp2/2P2P2/4P1P1/PBQ3BP/R3NRK1 w - -,e3e4 f7h6 e1f3 c8d7 f3g5 g7g6 a1d1 a8d8 c2e2 b7b6,91
rnbqr1k1/ppp1bppp/5n2/3PN3/8/2NQ4/PPP2PPP/R1B1KB1R w KQ -,e5f3 e7b4 f1e2 d8d5 e1h1 b4c3 b2c3 c8f5 d3d5 f6d5,-44
r2r2k1/pb3ppp/2n1pq2/2ppN3/5P2/2PB2P1/PP3P1P/R2QR1K1 w - -,h2h4 a8c8 e5c6 c8c6 e1e5 h7h6 d1e2 c5c4 d3c2 d5d4,1
1r3rk1/p2nbp1p/4p1pP/q2pN3/Pp1PnBP1/3RQ3/2p1PPB1/2K4R w - -,e5c6 a5a4 c6e7 g8h8 f4b8 f8b8 d3b3 e4d6 e3d3 d6c4,-67
8/5p2/4p1k1/P3Qp2/7p/4P1KP/2r2PP1/3q4 w - -,g3h4 d1h5 h4g3 h5g5 g3f3 g5h4 e5g3 h4g3 f3g3 c2a2,-578
2rq1rk1/pp1bnppp/4p3/8/2BP1n2/2P2N2/PP1NQPPP/R4RK1 w - -,e2e3 e7d5 c4d5 f4d5 e3e2 f7f6 d2e4 d7c6 c3c4 d5f4,97
8/5p2/4p1k1/4Qp1p/P7/4P1KP/2r2PP1/3q4 w - -,g3h2 d1d8 e5g3 d8g5 g3b8 g6h7 h2g1 g5f6 b8f4 h5h4,-423
r1n3k1/2pNqrpp/1pP1pp2/1P1p4/Pp1P4/1Q4P1/4PPKP/R4R2 w - -,f2f3 e7d6 a1b1 c8e7 b3b4 e7f5 f1c1 d6b4 b1b4 f5d6,120
3r2k1/pp3p1p/1qn2p2/5b2/1b1P4/5N2/PP3PPP/2QR2KR w - -,a2a3 b4f8 d4d5 c6e7 h2h4 h7h5 g1h2 b6f2 d1d4 e7g6,-337
r3k3/B5P1/1P1P1P2/3PpK2/8/8/6B1/8 w - -,a2a3 b4f8 d4d5 c6e7 h2h4 h7h5 g1h2 b6f2 d1d4 e7g6,Mate
8/3R4/8/8/8/r3pPKP/4k1P1/8 w - -,,0
rnbq1rk1/ppp1ppbp/3p2p1/6N1/2B1n2P/2N5/PPPP1PP1/R1BQK2R w KQ -,g5e4 c7c6 c4b3 d6d5 e4g3 e7e5 h4h5 b8a6 d2d3 f7f5,195
r3kb1r/1bqp1ppp/p3pn2/4n3/1p1NPBP1/2N2P2/PPPQ3P/2KR1B1R w kq -,f4e5 c7e5 c3e2 f8e7 h2h4 e8h8 g4g5 f6h5 f1g2 e5c7,-44
rnbqr1k1/ppp2ppp/5n2/3PN3/1b6/2NQB3/PPP2PPP/R3KB1R w KQ -,e5c4 c8g4 h2h3 g4h5 f1e2 h5e2 d3e2 b7b5 c4a3 f6d5,-98
r1bqk1nr/pppp1p1p/2n5/3p2p1/1bP5/5N2/PP1NPPPP/R1BQKB1R w KQkq -,c4d5 c6b8 d1a4 b8a6 a2a3 b4e7 d2e4 f7f5 d5d6 f5e4,98
r3k2r/1b1nppbp/p5p1/1p6/2p1P3/2N2B2/PPPN1PPP/R2R2K1 w kq -,h2h4 e8a8 a2a4 g7c3 b2c3 c8c7 g1f1 d7c5 a4b5 a6b5,-114
r1bqkb1r/pppnpppp/7n/4N3/2B1p3/8/PPPP1PPP/RNBQK2R w KQkq -,e5d7 c8d7 b1c3 d7c6 d1e2 h6f5 c4b5 c6d7 e2e4 c7c6,-57
8/5p2/4p1k1/P3Qpq1/8/4P2P/5rPK/8 w - -,e5d7 c8d7 b1c3 d7c6 d1e2 h6f5 c4b5 c6d7 e2e4 c7c6,Mate
rnbqr1k1/ppp2ppp/8/3n4/1bN5/2NQB3/PPP2PPP/R3KB1R w KQ -,g2g3 d8f6 e1a1 d5c3 b2c3 c8f5 d3d4 b4c3 d4f6 c3f6,-167
r2r2k1/pb3ppp/4pq2/2ppn3/5P2/2PB2P1/PP2QP1P/R3R1K1 w - -,d3h7 g8h7 e2h5 h7g8 e1e5 d5d4 e5c5 g7g6 h5e5 f6e5,-477
r4rk1/pbp1b1pp/1p6/8/2P1p3/PN4Pq/1P2PP1P/R1BQ1RK1 w - -,b3d4 a8d8 d1a4 e4e3 f2f3 d8d4 c1e3 d4d7 f1d1 h3e6,-366
3r2k1/pp3p1p/1q6/3Ppb2/1b6/8/PP3PPP/2QR2KR w - -,c1g5 f5g6 h2h4 b4c5 h1h3 c5f2 g1h1 f7f6 g5g4 g8h8,-206
R7/5p1k/2pq1npp/2p1pQ2/2P1P3/3P2PP/3r1P1K/8 w - -,a8a2 d2a2 f5f3 a2d2 d3d4 d2d4 g3g4 d4d3 f3e2 d6d4,Mate
rnbqkb1r/p1p1pppp/8/1p2P3/2pP4/5P2/PP3KPP/RNBQ1BNR w kq -,a2a4 e7e6 a4b5 c7c5 b5c6 b8c6 f1c4 f8c5 g1e2 e8h8,390
4br1k/6b1/1np1p1pp/1p1pP3/p2P1R1B/1PPBPN2/P6P/6K1 w - -,h4e7 f8f7 f4f7 e8f7 e7d8 a4b3 a2b3 b6c8 c3c4 b5c4,71
r1bqkb1r/ppp1pppp/7n/4n2Q/2B1p3/8/PPPP1PPP/RNB1K2R w KQkq -,h5e5 f7f5 d2d3 h6g4 e5c3 e4d3 c2d3 d8d6 h2h3 g4e5,-37
8/8/8/r1K1R3/8/5k2/3P4/8 w - -,c5b4 a5e5 b4c4 e5e8 c4b4 e8d8 b4c3 d8d5 c3c2 f3e2,-9605
rnbqr1k1/ppp2ppp/8/3n4/2N5/2bQB3/PPP2PPP/2KR1B1R w - -,f1e2 c7c6 b2c3 b7b5 c4d2 b8d7 c3c4 d5e3 f2e3 d8e7,-146
rnbqkb1r/pppppp1p/6p1/4P1B1/3P4/8/PPP2PPP/RN1QKBNR w KQkq -,g1f3 f8g7 d1d2 d7d6 g5h6 g7h6 d2h6 d6e5 b1c3 c8g4,530
r2r2k1/pb2qppp/4p3/2ppP3/8/2PB2P1/PP2QP1P/R3R1K1 w - -,d3c2 a8b8 a1d1 e7c7 h2h4 d5d4 c3d4 d8d4 d1d4 c5d4,-39
4bb1k/8/1np1p1pp/1p1pP3/p2P3B/1PPBPN2/P6P/6K1 w - -,h4d8 a4b3 a2b3 b6c8 d3e2 h8g7 g1f2 g6g5 c3c4 b5c4,29
r1b2rk1/ppq1b1pp/4p2n/2p1Pp2/2P1PP2/6P1/PBQ3BP/R3NRK1 w - -,e1f3 c8d7 f3g5 g7g6 a1d1 a8d8 c2c3 f5e4 g5e4 d7c6,56
3r1rk1/pbp1b1pp/1p6/8/2P1p3/PN2B1Pq/1P2PP1P/R2Q1RK1 w - -,b3d2 f8f5 f2f3 e4f3 e2f3 d8d3 f1e1 b7f3 d1f3 f5f3,-404
3r2k1/pp3p1p/1q4b1/3Pp1Q1/1b6/8/PP3PPP/3R2KR w - -,h2h4 b4c5 h1h3 c5f2 g1h1 f7f6 g5g4 g8h8 h4h5 g6e8,-231
8/5p2/4p1k1/P4pq1/8/4P1QP/r5PK/8 w - -,g3f3 a2a5 f3f4 a5a2 f4f3 g5h4 h2g1 a2a1 g1h2 h4e1,-20000
1rb2rk1/5pq1/p3p1p1/1p6/5NPn/2PQ4/PP2R1B1/5RK1 w - -,d3d6 h4g2 d6b8 g2f4 f1f4 g7h6 b8e5 h6h3 e2e3 h3h7,137
8/8/8/4R3/r2K4/5k2/3P4/8 w - -,d4c5 a4a5 c5d4 a5a4 d4c3 a4a3 c3c4 a3a4 c4b3 a4d4,573
8/1kp3p1/1pr3np/p3PP2/Pb4P1/1P5P/1B4K1/3R4 w - -,b2d4 g6f4 g2g3 f4e2 g3f3 e2d4 d1d4 c6c3 f3e4 c3b3,-327
r1r3k1/4qppp/2p2n2/ppn1p3/4P3/P2P1B1P/PQ1B1PP1/R3R1K1 w - -,f3e2 c5a4 b2c2 e7a3 a1c1 f6d7 e2g4 a3e7 f2f4 a4c5,-35
rnb1r1k1/ppp2ppp/8/3q4/2N5/2b1B3/PPP2PPP/2KR1B1R w - -,f1d3 c3b2 c1b1 c8f5 c4b2 b8c6 d3c4 d5e4 c4b3 e4e7,-625
R1Q5/5p1k/2pq1npp/2p1p3/2P1P3/3P2PP/5r1K/8 w - -,h2h1 g6g5 c8h8 h7g6 h8d8 d6d8 a8d8 f2d2 d8d6 g6g7,-692
rnb1r1k1/ppp2ppp/5b2/3R4/2N5/4B3/PPP2PPP/2K2B1R w - -,f1e2 b8c6 d5d2 c8e6 g2g3 h7h6 c2c3 a8c8 h1d1 g7g5,13
1r1r2k1/6bp/1p4p1/1PpbPp2/3p1P2/3P1N1P/4N1P1/R1R3K1 w - -,f3d2 b8a8 g1f2 d5e6 a1a6 a8a6 b5a6 d8a8 c1a1 a8a7,29
q4rk1/1p2bpp1/6bp/3n4/1PR5/1N4P1/4PPBP/B2R2K1 w - -,g2f3 d5b4 a1c3 a8a2 c3b4 a2b3 d1d4 e7b4 c4b4 b3c3,-375
3r2k1/pp3p1p/1q1b2b1/3PQ3/8/8/PP3PPP/3R2KR w - -,e5e2 d8c8 b2b3 h7h5 h2h4 c8c2 d1d2 c2c3 h1h3 c3h3,-273
8/5p2/4p3/P4pk1/8/4P2P/r5PK/8 w - -,e5e2 d8c8 b2b3 h7h5 h2h4 c8c2 d1d2 c2c3 h1h3 c3h3,Mate
r2qk2r/1p1bbp2/p1npp2p/4nPp1/3NP1P1/1PN1B2P/P1PQ2B1/R3K2R w KQkq -,e1a1 d8a5 c1b1 h6h5 d4c6 d7c6 f5e6 f7e6 e3g5 e5f3,74
r3kb1r/1bq2ppp/p3pn2/3pn3/Np1NPBP1/5P2/PPPQ3P/2KR1B1R w kq -,h2h4 f8d6 f4h2 e8h8 g4g5 f6e8 e4d5 b7d5 f1e2 e5c6,-53
8/8/8/4R3/8/r1K2k2/3P4/8 w - -,c3c4 a3a4 c4b3 a4d4 b3c3 d4d8 d2d4 f3f4 c3c4 d8c8,573
r4nk1/5ppp/2pqbn2/r2p4/N2P4/3BPN1P/2Q2PP1/RR4K1 w - -,c2d1 f8d7 a4c3 a5a1 b1a1 a8a1 d1a1 c6c5 d4c5 d7c5,30
r4r2/1p6/2k5/1pbp3p/3B2p1/P1P1N3/1P4PP/R5K1 w - -,a1d1 c5d4 d1d4 a8e8 d4d3 h5h4 e3c2 c6b6 d3e3 b6c5,-406
8/1p5R/1r6/4p1K1/8/3k4/6PP/8 w - -,,0
8/5k1p/1pr2bp1/p4p2/P4P2/1P1K3P/3BR3/8 w - -,e2e1 c6d6 d3e2 f6e7 e1b1 d6e6 e2d3 e7c5 b1c1 e6d6,-158
4r1k1/pp3p1p/1q1b2b1/3P4/8/2Q5/PP3PPP/3R2KR w - -,d1f1 h7h5 h2h4 g6f5 a2a4 e8e2 c3c1 d6c5 c1g5 b6g6,-324
r1r3k1/4qppp/2p1nn2/pp2p3/4P3/P2P1B1P/P1QB1PP1/R3R1K1 w - -,c2b2 e6d4 f3d1 f6d7 d2e3 d7c5 e3d4 e5d4 b2d2 c5e6,-40
8/1k6/p4n1p/Q5p1/1PP5/5P2/1q6/5K2 w - -,a5c5 b2c1 f1e2 c1c2 e2e1 c2d3 b4b5 a6b5 c5b5 b7c7,-405
rnb2rk1/ppNp1ppp/4pn2/8/N3P3/8/q1PQKPPP/5B1R w - -,a4b6 a7b6 c7a8 a2a8 e4e5 f6e4 d2f4 f7f5 e5f6 e4f6,-735
8/1p2R3/1r6/6K1/4p3/3k4/6PP/8 w - -,,0
4bb2/7k/1np1pBpp/1p1pP3/p2P4/1PPBPN2/P6P/6K1 w - -,g1f2 h7g8 f6d8 a4b3 a2b3 b6c8 c3c4 g8g7 c4c5 f8e7,43
5rk1/p1r2p1p/npp2b2/8/5p2/2N3P1/PP3PBP/3R1RK1 w - -,f1e1 g8g7 e1e4 f4g3 e4g4 g7h8 h2g3 f8g8 g4c4 g8g6,-17
4rbk1/3q4/5p1p/p1p2PpP/P1P1Pp2/8/2P1QP2/R4N1K w - -,a1e1 d7a4 f1h2 e8d8 h2g4 a4c6 h1h2 d8d4 c2c3 d4d6,11
6k1/pp3p1p/1q1b2b1/3P4/8/1PQ5/P3rPPP/3R2KR w - -,c3f3 e2f2 f3f2 d6c5 d1d2 c5f2 d2f2 b6e3 h2h4 g6d3,-522
8/1p2R3/5r2/8/4pK2/3k4/6PP/8 w - -,f4g4 b7b6 e7d7 d3e2 g4g5 f6f1 h2h4 e4e3 h4h5 f1d1,-17
r2r2k1/pb3ppp/1pn1pq2/3pN3/3p1P2/2PB2P1/PP2QP1P/R3R1K1 w - -,a1c1 a8c8 e5c6 c8c6 c3d4 f6d4 e1d1 c6c1 d1c1 d8d7,-57
4rbk1/8/5p1p/p1p2PpP/q1P1Pp2/8/2P1QP2/4RN1K w - -,f1h2 a4d7 h2g4 f8g7 h1g2 d7d4 g2h2 a5a4 e4e5 f6e5,18
rnbqkb1r/pppppp2/6p1/4P1Bp/3P4/8/PPPQ1PPP/RN2KBNR w KQkq -,c2c4 f8g7 g1f3 d7d6 e5d6 c7d6 h2h3 b8c6 b1c3 c8f5,530
rnbq1rk1/1p2ppbp/1np3p1/pB6/P2PP3/2N1BP2/1P4PP/R2QK1NR w KQ -,h2h4 c6b5 a4b5 b6c4 e3f2 e7e5 d4d5 c4d6 f2c5 f8e8,-311
8/1p2R3/7r/4K3/4p3/3k4/6PP/8 w - -,,0
r1b2rk1/1p2bppp/p1n1pn2/q7/P1BP4/2N1BN2/1P3PPP/R2Q1RK1 w - -,a1c1 f8d8 d1b3 a5b4 h2h3 h7h6 f1d1 c6a5 b3b4 e7b4,-21
r2q1rk1/1p1bppbp/p1np1np1/8/3NPPP1/2N1BQ1P/PPP5/R3KB1R w KQ -,e1a1 a8c8 c1b1 b7b5 d4b3 b5b4 c3d5 f6d5 e4d5 c6a5,32
6k1/2pN1rpp/2Pnpp2/R2p4/3P4/6P1/4PPKP/8 w - -,f1g2 c6a5 e1a1 a8c8 e4e5 f6e8 d4b3 a5c4 e3d4 d6e5,Mate
2rq1rk1/pp1b1ppp/4p3/3n4/2BP1n2/2P1QN2/PP1N1PPP/R4RK1 w - -,c4d5 f4d5 e3e2 d8b6 c3c4 d5e7 b2b3 f8d8 a1d1 e7f5,99
rnb1kb1r/4pppp/1q1p4/1p1N4/Pp2n3/8/1PP2PPP/R2QKB1R w KQkq -,d5b6 a8a5 f1b5 c8d7 b6d7 b8d7 d1d4 f7f5 b5d7 e8d7,567
4rbk1/8/2q2p1p/p1p2PpP/2P1Pp2/8/2P1QP1N/4R2K w - -,e2d3 f8d6 h2g4 g8g7 h1g2 d6c7 f2f3 c6d6 d3e2 d6c6,36
r4rk1/pbp1b1pp/1p6/8/2P1p3/P5Pq/1PN1PP1P/R1BQ1RK1 w - -,c2e3 a8d8 d1a4 e7d6 c4c5 d6c5 b2b4 c5e3 c1e3 d8d5,-136
rn1q1rk1/1p2ppbp/1np1b1p1/p7/P2PP3/2N1BP2/1P2B1PP/R2QK1NR w KQ -,h2h4 b6c4 e2c4 e6c4 h4h5 b8a6 h5h6 g7h8 b2b3 c6c5,-46
8/8/8/4R3/r1K5/5k2/3P4/8 w - -,c4b3 f3f4 e5e8 a4d4 b3c3 d4d7 d2d4 f4f5 c3c4 d7c7,492
r1b1kbnr/ppp1p1pp/5p2/8/1nN5/N7/PP1PPPPP/R1B1KB1R w KQkq -,a3b5 e8d8 c4e3 e7e5 g2g3 g8e7 a2a3 c7c6 b5c3 b4d5,-8
8/1R6/7r/4K3/8/3kp3/6PP/8 w - -,,0
r2qkbnr/pp2pppp/n1p5/3pPb2/3P4/8/PPPN1PPP/R1BQKBNR w KQkq -,f1a6 b7a6 d2b3 e7e6 c1d2 a8c8 g1e2 c6c5 b3c5 f8c5,91
2r5/4kppp/1p6/3Qpq2/B7/5P2/P1P2P2/R4RK1 w - -,f1d1 f5g6 g1f1 g6e6 d5b7 e7f6 a4b3 c8c4 d1d6 e6d6,805
8/8/7r/4K3/8/1R2p3/4k1PP/8 w - -,,0
6k1/pp3p1p/1q1b2b1/3P4/8/1P3Q2/r4PPP/3R2KR w - -,h2h4 a2f2 f3f2 d6c5 f2c5 b6c5 g1h2 g6e4 d1d2 c5d6,-497
r2q1rk1/3bppbp/p1np1np1/1p6/3NPPP1/2N1BQ1P/PPP5/2KR1B1R w - -,e4e5 c6d4 e3d4 d6e5 f4e5 f6e8 f1g2 a8c8 c3d5 e7e6,155
3r1bk1/8/2q2p1p/p1p2PpP/2P1Pp2/8/2P1QPKN/4R3 w - -,e2f3 a5a4 h2g4 d8d4 e1b1 f8g7 e4e5 c6f3 g2f3 f6e5,12
8/5k2/1pr2bpp/p4p2/P4P2/1P1K3P/3B3R/8 w - -,h2f2 c6d6 d3c2 d6e6 c2d3 f6e7 f2f1 e7c5 f1c1 e6d6,-171
3r1rk1/pbp3pp/1p6/2b5/2P1p3/PQ2N1Pq/1P2PP1P/R1B2RK1 w - -,e3d5 b7d5 c4d5 d8e8 b3c3 f8f5 c1f4 f5h5 g3g4 h3g4,-192
r2qkbnr/1p1n1ppp/p3p3/3pPb2/2pP4/1NP2N2/PP2BPPP/R1BQK2R w KQkq -,b3d2 h7h6 d2f1 g8e7 f1g3 f5g6 f3h4 g6h7 e1h1 e7c6,31
r3kb1r/1bqp1pp1/p3pn1p/4n3/Np1NPBP1/5P2/PPPQ3P/2KR1B1R w kq -,a4b6 a8d8 b6c4 e5c4 f4c7 c4d2 d1d2 d8c8 c7g3 f8c5,-22
2k5/1p1r4/1RnB1p2/5p1p/7P/6P1/4rP2/1R4K1 w - -,b6c6 c8d8 c6b6 d8e8 d6f4 e8f7 b6b7 d7e7 b1b6 e7b7,572
3r1rk1/p1p3pp/1p6/2bb4/2P1p3/PQ4Pq/1P2PP1P/R1B2RK1 w - -,c4d5 d8e8 d5d6 g8h8 b3c3 c5d6 c1f4 d6f4 g3f4 h3g4,-202
r2qkbnr/pp2pppp/2p5/3pPb2/1n1P4/5N2/PPPN1PPP/R1BQKB1R w KQkq -,f1d3 f5d3 c2d3 b4d3 e1f1 d3c1 e5e6 g8h6 a1c1 g7g6,-54
8/8/8/4R3/3r4/1K3k2/3P4/8 w - -,b3c3 d4d8 d2d4 f3f4 c3d3 d8h8 e5e6 h8c8 d4d5 f4f5,586
rnb1k1nr/pp1pbppp/4p3/8/3NP3/4B3/PqPN1PPP/R2QKB1R w KQkq -,d4b5 e8f8 c2c3 b8c6 a1c1 b2a2 d2c4 d7d5 c1a1 a2a1,386
8/8/8/8/4K2r/1R2p3/4k1PP/8 w - -,e4d5 e2f2 b3b2 e3e2 h2h3 h4b4 b2b4 e2e1q b4b2 f2f1,-262
8/8/8/p6K/6R1/1k6/8/8 w - -,,0
r3kb1r/p1p2ppp/5nn1/1p1qp1N1/8/2P4Q/PP1P1PPP/RNB2RK1 w kq -,c3c4 b5c4 b1c3 g6f4 h3g3 d5d3 f1e1 d3g3 e1e5 e8d7,-150
4r3/1p6/2k5/1pbp3p/3B2p1/P1P2rP1/1PN4P/3R2K1 w - -,c2b4 c5b4 a3b4 e8e2 b2b3 e2b2 d1e1 f3d3 d4c5 d3d2,-406
r3kb1r/ppqb1pp1/4p2p/2PpP3/8/2QB1N2/PPP2PPP/R3K2R w KQkq -,b2b4 b7b6 c5c6 c7c6 c3c6 d7c6 c2c3 a7a5 b4b5 c6d7,-42
4rrk1/p1p3pp/1p6/2bP4/4p3/PQ4Pq/1P2PP1P/R1B2RK1 w - -,b3c3 f8f5 c1f4 f5h5 g3g4 h3g4 c3g3 g4e2 b2b4 c5d6,-219
5k2/pp3p1p/1q1b2b1/3P4/8/1P3Q2/r4PPP/4R1KR w - -,g2g4 a2f2 f3f2 d6c5 f2c5 b6c5 g1g2 c5d5 g2g3 d5d6,-603
3r1bk1/8/2q2p1p/2p2PpP/p1P1Pp2/5Q2/2P2PKN/4R3 w - -,h2g4 d8d4 e1b1 f8g7 b1b8 g8f7 b8b5 c6e4 f3e4 d4e4,3
r2qr1k1/ppp2pp1/2npbn1p/2b1p3/2B1P2B/2PP1N2/PP1N1PPP/R2Q1RK1 w - -,f1e1 c5b6 a2a4 a7a6 b2b4 d8e7 h2h3 b6a7 b4b5 c6a5,45
Nnb2rk1/pp1p1ppp/4pn2/8/q3P3/8/2PQKPPP/5B1R w - -,e4e5 f6e4 d2c1 b8c6 c1b2 a4a5 c2c4 f7f5 e5f6 e4f6,-744
r2qkb1r/1p1nnppp/p3p3/3pPb2/2pP4/2P2N2/PP1NBPPP/R1BQK2R w KQkq -,f3h4 h7h6 h4f5 e7f5 d2f3 f8e7 e1h1 h6h5 d1d2 b7b5,80
r2rb1k1/pp4bp/1q3pp1/2pp4/8/1PP1PNBP/P1Q2PP1/R2R2K1 w - -,c3c4 d5c4 c2c4 e8f7 c4c2 b6c6 a1c1 b7b6 g1h2 c6e6,-26
7r/4kpbp/4p1p1/8/P1r1P3/2pN1P2/2P2P1P/R2R2K1 w - -,a4a5 h8a8 g1g2 e7d6 d1b1 d6c7 a5a6 a8a7 b1b5 g7d4,167
R1Q5/5p1k/2pq1npp/2p1p3/2P1P3/3r2PP/5P1K/8 w - -,d1b1 e7d7 a4a5 h8a8 a5a6 d7c8 a1a5 g7d4 g1f1 a8a7,Mate
5rk1/p1p3pp/1p6/2bPr3/4p3/PQ2P1Pq/1P3P1P/R1B2RK1 w - -,d5d6 g8h8 b3d1 e5h5 d1h5 h3h5 d6c7 f8c8 b2b4 c5f8,-425
8/1kp3R1/1p2r2p/p7/Pb4P1/1P5P/1B4K1/8 w - -,b2c1 e6c6 c1f4 b4d6 f4d6 c6d6 g7f7 b7c6 f7f5 c6d7,5
3r4/8/8/4R3/8/2K2k2/3P4/8 w - -,d2d3 f3f4 d3d4 d8c8 c3b4 c8b8 b4c4 b8c8 e5c5 c8a8,492
r2r2k1/pb2qppp/1pn1p3/2pp4/3P1PN1/2PB2P1/PP3P1P/R2QR1K1 w - -,f4f5 g8h8 f5e6 f7e6 g4e5 c6e5 e1e5 e7f6 d1h5 h7h6,198
5bk1/8/2q2p1p/2p2PpP/p1PrPpN1/5Q2/2P2PK1/4R3 w - -,,0
5Q2/3r3p/p2r2p1/2pP1R2/6kP/1Pq3P1/P2R1P2/6K1 w - -,e1b1 f8g7 b1b8 g8f7 b8b5 c6e4 f3e4 d4e4 b5c5 a4a3,Mate
5r1k/p1p3pp/1p1P4/2b1r3/4p3/PQ2P1Pq/1P3P1P/R1B2RK1 w - -,b3d1 e5h5 d1h5 h3h5 d6c7 f8c8 b2b4 c5f8 c1b2 c8c7,-430
r1bq1rk1/p3b1np/3p2p1/2pP1p2/2P1Pp2/P7/1B1NB1PP/1R1Q1RK1 w - -,e2d3 e7f6 f1f4 a8b8 b2f6 b8b1 d3b1 d8f6 f4f1 f6d4,-56
5k2/pp3p1p/1q4b1/2bP4/8/1P3QP1/r4P1P/4R1KR w - -,e1e2 a2e2 f3e2 b6b3 g1g2 b3d3 e2d3 g6d3 h1d1 d3b5,-466
8/8/5r2/8/5K2/1R2p3/4k1PP/8 w - -,,0
4r1k1/p1p2pp1/8/1pb4p/4npP1/1P3PqP/PN2Q3/4RK1R w - -,b2d3 e8d8 e1d1 e4c3 e2g2 c3d1 g2g3 f4g3 d3c5 d1f2,-625
r2qkb1r/1p1nnppp/p3p1b1/3pP3/2pP3N/2P5/PP1NBPPP/R1BQK2R w KQkq -,h4g6 h7g6 g2g3 e7c6 e1f1 b7b5 f1g2 a6a5 h2h4 b5b4,95
r3kb1r/1bq2ppp/p3p3/3pn1Pn/Np1NPB2/5P2/PPPQ3P/2KR1B1R w kq -,c1b1 h5f4 d2f4 f8d6 f4e3 e8h8 h2h4 a8c8 b2b3 d5e4,-143
r3k1nr/pp2ppbp/3p2p1/q1p5/3nP3/2NPBNPb/PPPQ1PBP/R3K2R w KQkq -,c3d5 a5d2 f3d2 d4c2 e1d1 h3g2 d1c2 g2h1 a1h1 e8d7,-388
5k2/pp3p1p/1q6/2bP4/8/1P1b1QP1/r4P1P/5RKR w - -,f3f4 d3f1 g1f1 a2f2 f4f2 c5f2 f1g2 b6b3 g2f2 b3d5,-727
8/8/4r3/8/5K2/1R2p3/5kPP/8 w - -,,0
6k1/6b1/2q2p1p/2p2PpP/p1PrPpN1/5Q2/2P2PK1/1R6 w - -,,0
r7/3rkpbp/P3p1p1/8/4P3/2pN1P2/2P2P1P/RR4K1 w - -,a1a4 d7a7 b1b6 e7e8 f3f4 g7f6 g1g2 f6d8 b6c6 d8e7,248
4r1k1/p1p2pp1/8/1pb4p/4P1P1/1P3pqP/PN2Q3/4RK1R w - -,e2h2 g3h4 b2d3 c5b6 b3b4 h4d8 h2c2 d8d4 d3f2 e8d8,46
8/6bR/2r2k2/2p1pn2/1p4R1/pP3P2/P5P1/1K6 w - -,g4c4 g7h6 g2g4 f6g6 h7d7 f5d6 c4c2 d6b5 d7d5 b5c3,-401
rn1q1rk1/pbpp1ppp/1p2p3/8/2PPn3/P3P3/1PQ2PPP/R1B1KBNR w KQ -,f1d3 f7f5 g1e2 d8g5 e2f4 e6e5 d4e5 b8c6 e1h1 c6e5,61
1R6/5kb1/2q2p1p/2p2PpP/p1PrPpN1/5Q2/2P2PK1/8 w - -,,0
r2q1rk1/3bppbp/p1n2np1/1p2p3/3N1PP1/2N1BQ1P/PPP5/2KR1B1R w - -,d4c6 e5e4 c3e4 d7c6 d1d8 c6e4 d8f8 g7f8 f3e2 e4h1,357
r1bq1rk1/1pppn1bp/p1n3p1/4pp2/B3P3/2PPBN2/PP3PPP/RN1Q1RK1 w - -,e4f5 g6f5 e3g5 h7h6 g5h4 d7d6 b1d2 b7b5 a4b3 g8h8,-55
r3r1k1/4qp2/1p2nR2/p2pPRp1/3P2Pp/3NQ3/PP5P/6K1 w - -,f5g5 g8f8 g5h5 e7c7 h5h7 a8a7 e3h6 f8e7 f6e6 e7d8,1628
r2qk1nr/pbpn1pbp/1p1p2p1/4p3/1PP5/P1N1PN2/2QP1PPP/R1B1KB1R w KQkq -,c1b2 g8h6 f1e2 e8h8 e1h1 e5e4 f3e1 f7f5 d2d3 c7c5,9
r3kb1r/1bq2ppp/p3p3/4n1Pn/Np1Np3/4BP2/PPPQ3P/2KR1B1R w kq -,f3f4 e5g4 c1b1 a8c8 f4f5 g4e3 d2e3 e6f5 f1h3 g7g6,-180
5k2/pp3p1p/1q6/3P4/8/1P1Q2P1/r4b1P/5RKR w - -,,0
r2qkb1r/1p1n1ppp/p3p1n1/3pP3/2pP4/2P5/PP1NBPPP/R1BQK2R w KQkq -,d2f3 b7b5 h2h4 g6e7 e1h1 a6a5 h4h5 b5b4 f3g5 h7h6,111
Q7/p2pkpp1/2n4p/1P1P4/8/4KN2/4PPPP/2q2B1R w - -,e3e4 c1c4 e4e3 c4c1 e3d3 c1b1 d3d2 b1b2 d2e3,Mate
8/8/8/p6k/P6P/7K/8/8 w - -,,0
6k1/2R3pp/2P5/1r2p3/8/6P1/5PKP/8 w - -,c7b7 b5c5 c6c7 e5e4 b7b8 g8f7 c7c8q c5c8 b8c8 g7g5,782
2rq1rk1/pp1b1ppp/4p3/3n4/2BP4/2P1QNPn/PP1N1P1P/R4RK1 w - -,g1h1 d5e3 f2e3 c8c4 d2c4 d7b5 c4d2 h3g5 h1g1 g5f3,-530
r2qk2r/1p1nbppp/p3p1n1/3pP3/2pP4/2P2N2/PP2BPPP/R1BQK2R w KQkq -,g2g3 e8h8 e2f1 f8e8 h2h4 g6f8 f1h3 b7b5 h4h5 h7h6,86
3r1rk1/ppq1b1pp/2b1p3/2p1P3/2Pn1P2/4N1P1/PB2Q1BP/3R1RK1 w - -,b2d4 c5d4 g2c6 c7c6 e3g4 d4d3 d1d3 d8d3 e2d3 f8d8,-69
8/1p6/8/1pkp1r1p/1N4p1/P1P3P1/1P1R3P/4r1K1 w - -,g1g2 c5c4 b4d3 e1b1 h2h3 c4b3 h3g4 h5g4 d3c5 b3a2,-389
4n1r1/3P4/1pp1k1NK/p1P4R/1P2N1q1/P6r/5Q2/8 w - -,g1g2 c5c4 b4d3 e1b1 h2h3 c4b3 h3g4 h5g4 d3c5 b3a2,Mate
r1q2rk1/pbp1b1pp/1p2p3/8/2PNp3/P3B1P1/1P2PP1P/R2Q1RK1 w - -,d1b3 g8h8 e3f4 a7a6 f1d1 e7f6 d4c2 a6a5 f4e3 e6e5,-11
4r1k1/pR1b3p/5q2/2pP1p2/2Pb1p2/P2B2P1/3Q2P1/4N2K w - -,e1f3 f4g3 d2f4 d4f2 b7b1 f6g6 f4h4 g6g4 h4h6 f2e3,Mate
r1bq1rk1/1pppn1bp/p1n5/4pp2/B7/2PPBN2/PP3PPP/RN1Q1RK1 w - -,f1e1 f5f4 e3c1 d7d5 b1d2 b7b5 a4c2 c8g4 b2b4 a6a5,-99
r1r3k1/5ppp/2pq1n2/ppn1p3/4P3/P2P1B1P/P1QB1PP1/R3R1K1 w - -,d3d4 c5d7 d4e5 d7e5 f3e2 d6a3 a1c1 c8e8 e2f1 a5a4,33
r2q1rk1/1p1nbppp/p3p1n1/3pP3/2pP4/2P2NP1/PP2BP1P/R1BQK2R w KQ -,e2f1 f8e8 h2h4 g6f8 f1h3 b7b5 h4h5 h7h6 f3h2 b5b4,89
r1k2b2/r4p1p/P3p1p1/8/4P3/2pN1P2/2P1KP1P/RR6 w - -,b1b6 c8c7 a1b1 c7c8 b6c6 c8d7 d3e5 d7e8 b1a1 f8h6,229
r1q2rk1/pbp1b1pp/1p6/4p3/2PNp3/PQ2B1P1/1P2PP1P/R4RK1 w - -,c4c5 g8h8 c5c6 e5d4 c6b7 c8b7 e3d4 c7c5 d4e3 e7f6,43
2r5/2p2p2/1p2b1k1/p1p1P1p1/P1P3Pr/1P1R1PKp/3B3P/4R3 w - -,d2g5 h4g4 f3g4 g6g5 e1e4 c8h8 e4f4 h8b8 d3f3 g5g6,454
r2q1rk1/4ppbp/p1b2np1/1p6/4NPP1/4BQ1P/PPP5/2KR1B1R w - -,e4f6 g7f6 f3c6 d8a5 c6c5 f6g7 c5a3 a5c7 f1d3 b5b4,341
8/5k2/1p1r1bpp/p4p2/P4P1P/1P1K4/3B3R/8 w - -,d3e2 d6e6 e2d3 e6e4 h2h1 f6e7 h1h3 e7d6 h3f3 d6b4,-171
rnbqkb1r/pppppp2/6p1/4P1B1/3P3p/2N5/PPPQ1PPP/R3KBNR w KQkq -,f1c4 d7d6 g1f3 f8g7 e1a1 b8c6 d2f4 c8f5 h1e1 d8c8,584
r1q2r1k/pbp1b1pp/1p6/2P1p3/3Np3/PQ2B1P1/1P2PP1P/R4RK1 w - -,c5c6 e5d4 c6b7 c8b7 e3d4 c7c5 d4e3 b7c6 a1d1 a8d8,38
1r1r2k1/6b1/1p4pp/1PpbPpN1/3p1P2/3P3P/4N1P1/R1R3K1 w - -,,0
r1b1k1nr/1pppqppp/p1n5/4P3/8/5N2/PPP1PPPP/RN1QKB1R w KQkq -,b1c3 c6e5 d1d4 e5f3 g2f3 g8f6 e1a1 e8h8 h1g1 g7g6,90
1r3rk1/1b3pq1/p2Qp1p1/1p6/5NPn/2P5/PP2R1B1/5RK1 w - -,g2e4 b7e4 e2e4 b8d8 d6a6 b5b4 a6c4 d8d2 e4e2 b4c3,-142
r1r3k1/5ppp/2pqnn2/pp2p3/4P3/P2PRB1P/P1QB1PP1/R5K1 w - -,c2b2 e6d4 d2c3 c6c5 c3d4 c5d4 e3e1 b5b4 a3b4 a5b4,-76
r1q2r1k/pbp1b1pp/1pP5/8/3pp3/PQ2B1P1/1P2PP1P/R4RK1 w - -,c6b7 c8b7 e3d4 c7c5 d4e3 b7c6 f1d1 a8d8 a1c1 h7h6,39
rn1q2k1/pbpp2pp/1p2p1r1/5p2/2PPn3/PP1BPN2/2Q2PPP/R1B1K2R w KQ -,e1f1 d7d6 h2h4 b8d7 c1b2 c7c5 d4d5 d7f6 d5e6 d8e7,-70
8/5k2/1p3bpp/p4p2/P1Kr1P1P/1P6/3B3R/8 w - -,c4c3 d4f4 c3c2 f4h4 h2h4 f6h4 d2h6 f7e6 c2d3 h4d8,-523
r5k1/ppQ2p1p/2p3p1/2Pp1r2/8/4P2P/q4PP1/1RR3K1 w - -,c1f1 d5d4 c7b7 a8f8 b7c6 d4e3 f2e3 f5e5 b1a1 a2d2,-4
r4r1k/pqp1b1pp/1p6/8/3pp3/PQ2B1P1/1P2PP1P/R4RK1 w - -,e3d4 c7c5 d4e3 b7c6 f1d1 a8d8 a1c1 a7a5 d1d8 f8d8,44
8/1kp3R1/1pr4p/p7/Pb4P1/1P5P/6K1/2B5 w - -,g4g5 c6c1 g5h6 b4f8 h3h4 c1c6 g7g4 c6c2 g2h3 c2c3,-483
6k1/p1p2pp1/8/1pb4p/4rpP1/1P4qP/PN2Q3/4RK1R w - -,e1d1 e4e2 d1d8 g8h7 f1e2 g3g2 e2d3 g2h1 b3b4 f4f3,-1702
r2q1rk1/3nbppp/p3p1n1/1p1pP3/2pP4/2P2NP1/PP3P1P/R1BQKB1R w KQ -,h2h4 f8e8 h4h5 g6f8 h5h6 g7g6 f1e2 f7f6 e5f6 d7f6,83
3k4/p7/4R3/2pP1p2/2P2qp1/P7/6P1/5B1K w - -,h2h4 f8e8 h4h5 g6f8 h5h6 g7g6 f1e2 f7f6 e5f6 d7f6,Mate
r2r2k1/pb2qppp/1pn1p3/3pN3/3p1P2/2PB2P1/PP3P1P/R2QR1K1 w - -,d1c2 c6e5 d3h7 g8f8 e1e5 a8c8 f4f5 d4c3 b2c3 d5d4,-64
5rk1/1r3pq1/p2Qp1p1/1p6/5NPn/2P5/PP2R3/5RK1 w - -,e2h2 g6g5 f4h5 g7g6 h5f6 g8g7 d6d4 g7h6 h2h3 a6a5,145
3r1rk1/ppq1b1pp/4p3/2p1P3/2Pn1PQ1/4N1P1/PB4bP/3R1RK1 w - -,d1d4 c5d4 g4e6 g8h8 e3g2 d4d3 g1h1 d3d2 f1d1 b7b5,-324
8/8/4r3/8/5KP1/1R6/4pk1P/8 w - -,b3b2 f2g2 f4f5 g2h3 b2b3 h3h4 b3b8 e6e5 f5f4 h4h3,Mate
r4r1k/pq4pp/1p3b2/2p5/4p3/PQ2B1P1/1P2PP1P/R4RK1 w - -,e3c5 b7f7 b3f7 f8f7 c5e3 f7c7 a1c1 c7c1 e3c1 a8c8,69
r1bq1rk1/ppp2ppp/2np1n2/8/1b2P3/P1NQ4/1PPB1PPP/R3KBNR w KQ -,f1e2 c6e5 d3e3 b4c5 e3g3 c5d4 f2f3 f6h5 g3g5 d4c3,-81
8/1kp3R1/1prb3p/p7/P4BP1/1P5P/6K1/8 w - -,f4e3 c6c2 e3f2 c2b2 h3h4 b2b3 g4g5 h6g5 h4h5 b3b2,-41
r2qr1k1/ppp2pp1/2np1n1p/2b1p3/2b1P2B/2PP1N2/PP1N1PPP/R2QR1K1 w - -,d2c4 b7b5 c4e3 c5e3 e1e3 c6b8 a2a4 b5a4 d1a4 b8d7,57
r4rk1/pp3ppp/1np3q1/5b2/1Q2n3/N1P3B1/PPB2PPP/R4RK1 w - -,c2b1 a8e8 b1e4 e8e4 c3c4 h7h5 f2f3 e4d4 f1d1 f8d8,-46
r2r2k1/6b1/1p4pp/1PpbPp2/3p1P2/3P1N1P/4N1P1/R1R3K1 w - -,f3d2 d5e6 a1a6 a8a6 b5a6 d8a8 c1a1 a8a7 d2c4 e6c8,-13
r2k1b2/5p1p/r3p1p1/8/4P3/2RN1P2/2P1KP1P/R7 w - -,a1a6 a8a6 d3e5 f7f6 e5c6 d8e8 c6d4 f8d6 d4e6 d6h2,53
8/8/4R3/8/3P1k2/r2K4/8/8 w - -,d3c4 a3a4 c4c5 a4a5 c5b4 f4f5 e6e8 a5a2 b4c5 a2d2,644
8/p7/8/1p1p1p2/3P1k2/P1P5/1P6/5K2 w - -,f1g2 f4e4 g2h3 f5f4 h3h4 f4f3 h4h5 a7a5 a3a4 b5a4,-1056
1rbq1rk1/2p1bppp/p1n5/4p3/PpN1P1n1/2PP1N2/2B1QPPP/R1B2RK1 w - -,h2h3 b4c3 h3g4 c8g4 e2e3 e7d6 a1b1 b8b1 c2b1 d8d7,111
3k1b2/5p1p/r3p1p1/8/4P3/2RN1P2/2P1KP1P/8 w - -,d3e5 f7f6 e5c6 d8e8 c6d4 f8d6 d4e6 d6h2 e6c7 h2c7,49
3rk3/Rp3p1p/4p2p/2Q1r3/8/7P/1qp2PPK/4R3 w - -,c5c2 b2c2 e1e5 c2f2 a7a4 d8d1 a4g4 f2g1 h2g3 d1d2,-791
8/8/4r3/8/5KP1/8/5k1P/1R2q3 w - -,b1e1 e6e1 g4g5 f2g2 g5g6 g2h3 f4g5 e1g1 g5h6 g1g2,Mate
2r3k1/p4p1p/4p1p1/8/4Q3/1P4P1/P1q2P1P/3R2K1 w - -,d1d8 g8g7 e4d4 g7h6 d8c8 c2c8 h2h4 a7a6 d4f6 c8c7,192
r1bq1rk1/pp3pp1/3b1n1p/3p4/3N1B2/2PQ3P/PP3PP1/RN3RK1 w - -,f4d6 d8d6 f1e1 c8d7 b1d2 f8e8 d2f1 a7a5 e1e8 a8e8,33
1rbq1rk1/2p2ppp/p1nb1n2/4p3/PpN1P3/2PP1N2/2B1QPPP/R1B2RK1 w - -,d3d4 c8g4 d4d5 b4b3 c2d3 c6e7 h2h3 g4h5 a4a5 f6d7,50
r2q1rk1/3nb1pp/p3ppn1/1p1pP3/2pP3P/2P2NP1/PP3P2/R1BQKB1R w KQ -,h4h5 g6h8 f1h3 d8b6 e5f6 e7f6 e1h1 h8f7 f1e1 f8e8,153
7r/rp2k2p/p1b1ppp1/8/3p1P1Q/1R4P1/P1P1B1KP/q6R w - -,e2f3 a1a2 h1c1 a2a5 h4h6 a5d2 g2h3 e7f7 c1f1 d2c2,-282
8/8/8/8/5KP1/8/5k1P/4r3 w - -,,0
r1bqk2r/pppnppbp/5np1/3p4/3P4/2PBP3/PP2QPPP/RNB1K1NR w KQkq -,f2f4 f6e4 g1f3 d7f6 f3e5 e8h8 b2b3 a7a5 a2a4 c7c5,-32
1r1q1rk1/2p2ppp/p1np1n2/1pb1p1B1/P3P1b1/1B1P1N2/1PP1QPPP/RN3RK1 w - -,c2c3 h7h6 g5e3 b5b4 b1d2 c6a5 b3a2 c5e3 f2e3 b4c3,-46
r5k1/ppQ2p1p/2p3p1/2Pp4/8/4P2P/q4rP1/1R3RK1 w - -,,0
8/8/4R3/8/r1KP1k2/8/8/8 w - -,c4c5 a4a5 c5b4 f4f5 e6e8 a5a6 b4b5 a6a3 d4d5 a3b3,660
3b4/5k2/1p4pp/pK3p2/P4P1P/1P1rB3/7R/8 w - -,h2e2 d3b3 b5c6 h6h5 e3f2 b3b4 c6d7 d8f6 e2a2 f6d4,-385
6k1/5p2/6pp/2p5/8/4P1P1/5PKP/5q2 w - -,,0
3k1b2/5p1p/4p1p1/8/4P3/1R1NKP2/2P2P1P/7r w - -,b3b8 d8e7 c2c4 h1a1 e4e5 a1a7 f3f4 f8g7 d3b4 e7d7,220
8/1p6/8/1pkp1r2/5Npp/P1P3P1/1P1R1K1P/1r6 w - -,a3a4 b5a4 f2e3 b1e1 e3d3 f5f4 g3f4 e1f1 d2g2 f1f4,-482
8/5R2/1P5p/1Rb3p1/6PP/1P3P2/5k2/2r4K w - -,,0
5r2/1pR1bbpk/7p/5p2/1q6/1N3BP1/4PP1P/B1R3K1 w - -,c1b1 b7b6 a1c3 b4d6 c7c6 d6d8 b3d4 e7c5 d4e6 f7e6,-56
R1Q5/5p1k/2pq1n1p/2p1p1p1/2P1P3/3P2PP/3r1P1K/8 w - -,c8f8 d6f8 a8f8 h7g7 f8c8 d2f2 h2h1 f2f3 c8c6 f3d3,-658
5rk1/pp1rb1pp/2q1p3/2p1P3/2Pn1PQ1/4N1P1/PB5P/3R1RK1 w - -,h2h3 g7g6 h3h4 f8d8 b2c3 g8h8 g1h2 c6e4 c3d4 c5d4,-48
4bbk1/8/1np1pBpp/1p1pP3/p2P4/1PPBPN1P/P7/6K1 w - -,f6d8 b6c8 g1f2 c6c5 d4c5 a4b3 a2b3 f8c5 f3h4 g6g5,25
8/p7/8/1p1p1p2/3Pk3/P1P5/1P3K2/8 w - -,f2g3 f5f4 g3h4 a7a5 h4g4 f4f3 g4g3 a5a4 g3f2 e4f4,-1316
r1bq1rk1/pp1nb1np/3p2p1/2pPpp2/2P1P3/P5P1/1P2BPNP/RNBQ1RK1 w - -,e4f5 g7f5 b1c3 e7g5 c1g5 d8g5 e2g4 f5d4 f2f4 g5e7,-15
r2q1rk1/3bppbp/p1np1np1/8/1p1NPPP1/2N1BQ1P/PPP5/1K1R1B1R w - -,c3d5 a6a5 f1c4 f6d5 e4d5 g7d4 d5c6 d7c6 f3c6 d4e3,47
4rrk1/pbp2q1p/1p3b2/1N3pp1/2P1n3/P3B1P1/1PQ1PPBP/R4RK1 w - -,a1d1 a7a6 b5d4 f5f4 e3c1 f6h8 g3g4 h7h5 d4f5 f7h7,37
2rR4/p4pkp/4p1p1/8/4Q3/1P4P1/P1q2P1P/6K1 w - -,e4e5 g7h6 e5f4 h6g7 f4d4 g7h6 d8c8 c2c8 h2h4 c8c7,212
R6Q/5p2/2pq1nkp/2p1p1p1/2P1P3/3P2PP/3r1P1K/8 w - -,h2h1 d2d1 h1g2 d6d3 a8g8 f6g8 h8g8 g6f6 g8h8 f6e7,Mate
r2q1rkn/3nb1pp/p3pp2/1p1pP2P/2pP4/2P2NP1/PP3P2/R1BQKB1R w KQ -,f1h3 d8b6 e5f6 e7f6 e1h1 h8f7 f1e1 f8e8 a2a4 d7f8,155
r3kb1r/ppqn1ppp/2p1pn2/3p4/4P3/2N2B1P/PPPP1PP1/R1BQR1K1 w kq -,e4d5 c6d5 c3d5 f6d5 f3d5 f8d6 d2d4 e8h8 d5f3 a8b8,181
r1bq1rk1/1pp1n1b1/p1np3p/4pp2/B6B/2PP1N2/PP3PPP/RN1Q1RK1 w - -,d3d4 e5e4 f3e1 d6d5 f2f3 d8e8 f3e4 f5e4 f1f8 g7f8,-77
r2r2k1/5ppp/2pqnn2/4p3/1p2P3/3PRB1P/PBQ2PP1/R5K1 w - -,f3d1 e6f4 d3d4 e5d4 e4e5 d6e6 b2d4 d8d4 e5f6 e6f6,-109
8/8/4R3/r1K5/3P1k2/8/8/8 w - -,c5b4 f4f5 e6e8 a5a2 d4d5 a2c2 d5d6 c2d2 b4c5 f5f4,644
rn3rk1/pbpp2pp/1p2p3/5pq1/2PPn3/P2BP3/1PQ1NPPP/R1B1K2R w KQ -,h1g1 g5h4 g1f1 c7c5 h2h3 b8c6 b2b3 d7d5 c4d5 e6d5,-91
3k4/5p1p/3bp1p1/8/4P3/1R1NKP2/2P2P1P/r7 w - -,e4e5 d6c7 f3f4 a1h1 e3d4 h1h2 d4c5 d8e8 c5c6 c7d8,46
3b4/5k2/1pK3pp/p4p2/Pr3P1P/8/7R/6B1 w - -,c6d7 d8f6 g1e3 b4a4 h4h5 b6b5 h5g6 f7g6 h2c2 a4e4,-473
5r2/1R2bbpk/3q3p/5p2/8/1N3BP1/4PP1P/B1R3K1 w - -,c1c7 f7b3 c7e7 f8f7 e7f7 d6d1 g1g2 b3f7 b7f7 d1a1,73
8/5R2/1P1b3p/1R6/5pPP/1P6/5k1K/2r5 w - -,b5d5 d6b8 f7f8 h6h5 g4h5 b8c7 b6c7 c1c7 f8f4 f2e3,623
3k4/2b2p1p/4p1p1/4P3/8/1R1NKP2/2P2P1P/r7 w - -,f3f4 a1h1 e3d4 h1h2 d4c5 d8e8 c5c6 c7d8 c2c4 h2h1,35
r3k2r/ppqnbppp/2p1pn2/3p4/4P3/2NP1B1P/PPP2PP1/R1BQR1K1 w kq -,e4d5 c6d5 c3b5 c7b6 c2c4 e8h8 a2a4 e7b4 c1d2 b6a5,33
3b1rk1/pp1r2pp/2q1p3/2p1P3/2Pn1PQ1/4N1P1/PB5P/4RRK1 w - -,f1f2 d8a5 e1f1 d4f5 e3f5 e6f5 g4f3 c6e6 f1d1 d7d1,-49
8/8/8/p7/P6k/7P/7K/8 w - -,,0
r2q1rk1/1p4p1/2p1pn1p/2b1p3/p2pP3/3P1Q1P/PPP1NPP1/R1B2RK1 w - -,f3g3 c5d6 c1h6 f6h5 g3g4 d8f6 h6g5 f6g6 g2g3 c6c5,105
8/8/4R3/r4k2/1K1P4/8/8/8 w - -,e6e1 a5a2 d4d5 f5f4 e1e6 a2c2 b4b5 f4f5 e6e1 f5g6,644
8/1kp3R1/1p1r3p/p7/P5P1/1P5P/6K1/8 w - -,g7f7 b7c6 f7f5 c6d7 f5h5 c7c6 g2f3 d7e7 f3e4 e7f7,7
r2q1rk1/3bppbp/p2p1np1/8/Np1nPPP1/4BQ1P/PPP5/1K1R1B1R w - -,f3g2 e7e5 f4e5 d6e5 a4c5 d7c6 g4g5 f6h5 f1c4 d8c7,-390
r2q1rkn/3nb1pp/p3p3/1p1pPp1P/2pP4/2P2NPB/PP3P2/R1BQK2R w KQ -,g3g4 f5g4 h3g4 d8b6 e1h1 h8f7 g1h1 g8h8 f1g1 b5b4,175
r4rk1/ppqnbppp/2p1pn2/3p4/4P3/2NPBB1P/PPP2PP1/R2QR1K1 w - -,d3d4 d5e4 c3e4 f6e4 f3e4 c6c5 c2c3 d7f6 d1f3 f6e4,23
8/1kp3R1/3r3p/pp6/P5PP/1P6/6K1/8 w - -,,0
8/4B3/6pK/5k2/6n1/8/8/8 w - -,h6g7 g4f6 e7d8 g6g5 g7f7 g5g4 d8c7 f6h5 c7h2 f5e4,-23
r3qrk1/1p4p1/2p1p2p/2bnp3/p2pP3/3P1QNP/PPPB1PP1/R4RK1 w - -,g3f5 e6f5 e4d5 e5e4 d3e4 f5e4 f3g4 f8f6 c2c3 d4d3,-208
r2r2k1/5ppp/2pq1n2/4p3/1p2Pn2/3PR2P/PBQ1BPP1/R5K1 w - -,a2a3 b4a3 b2c1 f4e2 c2e2 a8a4 e2a2 d8a8 e3f3 d6e6,-130
rnbqkb1r/1p2pp1p/2p2np1/p2p4/8/1P3NP1/P1PPPPBP/RNBQ1RK1 w kq -,c1b2 f8g7 c2c4 e8h8 d2d3 f8e8 f1e1 b8a6 h2h3 e7e5,32
8/4B1K1/5np1/5k2/8/8/8/8 w - -,e7c5 g6g5 g7h6 f6h5 h6h5 g5g4 c5d6 f5e4 h5g4 e4d3,-19
rnbqk2r/pppppp2/6pb/4P1B1/3P3p/2N2N2/PPPQ1PPP/R3KB1R w KQkq -,g5h6 h4h3 g2h3 d7d6 h1g1 d6e5 f3e5 b8c6 e5c6 b7c6,764
8/1kp3R1/7p/pP6/6PP/1P6/3r2K1/8 w - -,,0
r3q1k1/1p4p1/2p1p2p/2b1p3/p2pPrQ1/3P2NP/PPP2PP1/R4RK1 w - -,b2b4 f4g4 b4c5 g4f4 f1b1 e8e7 g3f1 f4f8 f1d2 g8h7,-484
r4rk1/pbpp2pp/1pn1p3/5pq1/2PPnN2/P2BP3/1PQ2PPP/R1B1K2R w KQ -,h2h4 g5h6 f2f3 e6e5 d4e5 e4c5 b2b4 c5d3 f4d3 f8e8,71
3k4/2b2p1p/4p1p1/4P3/5P2/1R1NK3/2P2P1P/7r w - -,b3a3 h1h2 a3a8 d8e7 e3e2 h2h3 a8a7 e7d8 c2c4 h7h5,18
r1bq1rk1/1pppn1b1/p1n4p/4ppB1/B7/2PP1N2/PP3PPP/RN1Q1RK1 w - -,g5c1 d7d5 b1d2 d8d6 f3h4 f5f4 d1h5 c8d7 g1h1 d7e8,-127
r2r2k1/ppqnbppp/2p1pn2/3p4/4P3/2NPBB1P/PPPQ1PP1/R3R1K1 w - -,e4d5 f6d5 c3d5 c6d5 c2c3 b7b5 a2a4 a7a6 e1c1 h7h6,13
8/8/p2P1k2/2p4p/1pP5/1P4K1/P7/8 w - -,,0
3b4/5k2/1pK3p1/p4p1p/Pr3P1P/8/R7/6B1 w - -,g1f2 b4f4 f2b6 d8b6 c6b6 f4h4 b6a5 g6g5 a5b6 h4e4,-523
rnbqkb1r/1p2pp1p/2p2np1/3p4/p1P5/1P3NP1/P2PPPBP/RNBQ1RK1 w kq -,c4d5 c6d5 b1c3 a4b3 d1b3 f8g7 c1b2 e8h8 c3b5 b8c6,41
3k4/2b2p1p/4p1p1/4P3/2P2P2/1R1NK3/5P1r/8 w - -,b3a3 h7h5 a3a8 d8e7 c4c5 h5h4 a8a1 h2h3 e3e2 e7d7,14
r1bq1rk1/p3nppp/2pp4/npb1p3/4P3/1BNP1N2/PPP2PPP/R1BQ1RK1 w - -,h2h3 a5b3 a2b3 f7f5 c1g5 h7h6 g5e3 c5e3 f2e3 a7a5,-43
8/p7/8/1p1p4/3Pkp2/PPP5/5K2/8 w - -,f2f1 e4e3 c3c4 b5c4 b3c4 d5c4 f1g1 f4f3 a3a4 f3f2,-9605
3k4/2b2p1p/4p1p1/2P1P3/5P2/1R1NK3/5P2/7r w - -,,0
4r3/5kpp/5p2/p7/2pP3P/2n3P1/PR1Nr3/1R3K2 w - -,b2b7 f7g6 d2c4 c3b1 b7b1 e2a2 b1b5 e8c8 b5a5 a2a5,-475
4bbk1/8/1n2pBpp/1pppP3/p2P4/1PPBP2P/P7/4N1K1 w - -,f6d8 a4b3 a2b3 b6c8 d4c5 f8c5 g1f2 g8f7 d8c7 c8e7,12
8/5k2/1pK3p1/p4p1p/Pr3P1b/4B3/R7/8 w - -,e3d2 b4b3 a2c2 h4e7 d2c3 e7f6 c3e1 b3b1 e1f2 b1b4,-519
8/8/p2Pk3/2p4p/1pP4K/1P6/P7/8 w - -,,0
r4rk1/pbpn1ppp/1p2pq2/3p4/3P1P2/3B1N2/PPPQ1PPP/R3R1K1 w - -,h2h4 f6d8 c2c3 d7f6 d2e3 f8e8 f3e5 f6e4 h4h5 d8h4,114
r2r2k1/ppq1bppp/2p1pn2/3pn1B1/4P3/2NP1B1P/PPPQ1PP1/R3R1K1 w - -,d2d1 h7h6 g5d2 d5d4 c3b1 c6c5 d2f4 f6d7 b1d2 e7d6,-48
r1r3k1/3n1ppp/2pqn3/pp2p3/4P3/P1BPRB1P/P1Q2PP1/R5K1 w - -,f3g4 d7f8 a1c1 c8b8 c3b2 c6c5 c2b3 a8a6 g2g3 d6c7,-60
4R3/8/8/3r1k2/1K1P4/8/8/8 w - -,b4c4 d5d7 d4d5 f5f6 c4c5 d7c7 c5d6 c7c1 d6d7 f6f7,660
4r1k1/p1pn1pp1/8/1pb4p/4PpP1/1P3PqP/PN2Q3/4RK1R w - -,b2d3 c5e3 e1d1 h5h4 e2g2 d7f8 h1h2 f8e6 d3e1 e3d4,-54
r4rk1/pbpp2pp/1pn1p2q/5p2/2PPnN1P/P2BP3/1PQ2PP1/R1B1K2R w KQ -,f2f3 e6e5 d4e5 e4c5 b2b4 c5d3 f4d3 f8e8 c2c3 d7d6,67
r2q1rk1/3bppbp/p2p2p1/n2P4/1p1N1PP1/4BQ1P/PPP5/1K1R1B1R w - -,h3h4 d8c8 f4f5 a5c4 f1c4 c8c4 h4h5 a8c8 h5g6 f7g6,181
3r2k1/1p2bppp/1q2p3/1P1n4/8/1Q4P1/1P1B1PBP/r2R2K1 w - -,d1a1 b6d4 b3c2 e7f6 a1a4 d4e5 g2f3 h7h6 b2b3 b7b6,-8
8/8/p2k4/2p4K/1pP5/1P6/P7/8 w - -,,0
8/1kp3R1/7p/pP6/5KPP/1r6/8/8 w - -,,0
3r2k1/1p2bppp/4p3/1P1n4/3q4/1Q4P1/1P1B1PBP/R5K1 w - -,,0
3k4/2b2p1p/2P1p1p1/4P3/5P2/1R1NK3/5P2/r7 w - -,e3f3 a1a5 d3b4 a5a4 b4c2 a4c4 c2e3 c4c6 e3g4 c6c4,-10
r4rk1/pbpp2pp/1pn1pn1q/5p2/2PP1N1P/P2BPP2/1PQ3P1/R1B1K2R w KQ -,c1d2 e6e5 d4e5 f6h5 f4h5 h6h5 f3f4 h5g4 d2c3 c6d8,127
8/8/p1k3K1/2p5/1pP5/1P6/P7/8 w - -,,0
4r3/5kpp/5p2/p7/2NP3P/2n3P1/Pr6/1R3K2 w - -,b1a1 b2a2 c4d6 f7f8 a1a2 c3a2 d6e8 f8e8 f1e2 a2b4,-590
3b4/5k2/1pK3p1/p4p1p/P3rP1P/4B3/R7/8 w - -,e3g1 e4f4 g1f2 f4e4 a2a3 d8e7 a3a1 e7f6 a1a3 f6h4,-523
r2r2k1/ppq1bpp1/2p1pn1p/3pn1B1/4P3/2NP1B1P/PPP1QPP1/R3R1K1 w - -,g5d2 b7b5 e4d5 e5f3 e2f3 c6d5 a2a3 a8c8 a1c1 a7a6,-46
8/8/1P1k1B2/K6p/2bP4/6P1/8/8 w - -,d4d5 c4d5 a5a6 d6e6 f6g5 d5c4 a6a7 e6f5 g5h4 c4d5,1424
2kr4/1pp1qp2/p6p/4P1p1/PP3B2/1QPb2PP/6P1/R5K1 w - -,f4c1 e7e5 b3f7 e5c3 f7a2 c3b4 g1h2 b4c4 a2b2 d3e4,-179
8/8/3r4/8/5KP1/8/4pk1P/1R6 w - -,,0
1r3rk1/1b3pq1/p3p1p1/1p6/5NPn/2PQ4/PP2R3/5RKB w - -,d3g3 b7h1 g1h1 b5b4 e2h2 b4c3 b2c3 g6g5 f4h5 g7g6,-18
r2q1r1k/1p4p1/2p1pn1p/2b1p3/p2pP3/3P2QP/PPP1NPP1/R1B2RK1 w - -,g3e5 a8a5 e5e6 a5b5 e2f4 f8e8 e6c4 c5b6 c4a4 h8h7,230
3k4/1Rb2p1p/1rP1p1p1/4P3/1N3P2/4K3/5P2/8 w - -,e3d3 d8c8 b4a2 b6b7 c6b7 c8b7 a2c3 h7h6 c3e4 b7c6,-110
4bbk1/8/1n2pBpp/1p1pP3/p1pP4/1PPBP2P/P5N1/6K1 w - -,d3c2 c4b3 a2b3 a4a3 c2b1 b6d7 f6d8 g6g5 g2e1 g8g7,-144
4R3/3r4/8/5k2/2KP4/8/8/8 w - -,c4c5 d7c7 c5d6 c7c3 d4d5 f5f4 d6d7 c3d3 d7c6 d3c3,660
r1b1k2r/pp1pppbp/1qn2n2/8/3pP3/3B4/PPPB1PPP/RNQ1K1NR w KQkq -,f2f4 d7d5 e4e5 f6e4 g1f3 e8h8 e1h1 f7f6 e5f6 f8f6,-111
rnbqk2r/1p1nbpp1/p2pp2p/8/3NP1PP/2N5/PPP2PB1/R1BQK2R w KQkq -,c1e3 b8c6 d1e2 e7h4 e1a1 h4f6 c1b1 g7g5 d4f5 e6f5,76
3k4/5p1p/1bP1p1p1/4P3/1N3P2/4K3/5P2/8 w - -,e3e2 d8c7 e2f3 b6d4 f3g3 h7h5 g3f3 c7b6 b4c2 d4c5,-86
8/8/p7/1p1p4/P2Pkp2/1PP5/5K2/8 w - -,f2e2 b5a4 b3a4 a6a5 e2f2 f4f3 c3c4 d5c4 d4d5 e4d5,-2006
3b4/5k2/1pK3p1/p4p1p/P4P1P/8/R2Br3/8 w - -,a2b2 d8h4 b2b6 e2d2 b6a6 h4d8 a6a7 d8e7 a7a5 h5h4,-678
r2q1rk1/3bppbp/p2p2p1/1n1P4/1p1N1PPP/4BQ2/PPP5/1K1R1B1R w - -,h4h5 d8c8 d4c6 d7c6 d5c6 c8e6 e3c1 f8c8 f4f5 e6f6,175
3r2k1/1p2bppp/4p3/1P1nq3/8/6P1/1PQB1PBP/R5K1 w - -,,0
r2r2k1/ppq2pp1/2pbpn1p/3pn3/4PB2/2NP1B1P/PPP1QPP1/R3R1K1 w - -,f4e3 e5f3 e2f3 d5d4 e3d4 d6h2 g1h1 d8d4 g2g3 h2g3,-19
r1r3k1/pp4pp/8/6N1/8/4Q3/1q3PPP/5RK1 w - -,f4e3 e5f3 e2f3 d5d4 e3d4 d6h2 g1h1 d8d4 g2g3 h2g3,Mate
8/2k2p1p/1bP1p1p1/4P3/1N3P2/5K2/5P2/8 w - -,b4a2 b6d4 a2c1 d4c5 c1e2 c5f8 e2c3 f8b4 c3e2 c7c6,-45
rn2kb1r/pp2pppp/2p2n2/3q4/6b1/5N2/PPPPQPPP/RNB1KB1R w KQkq -,b1c3 d5h5 e2d1 g4f3 d1f3 h5f3 g2f3 b8d7 h2h4 f6h5,-19
3b2k1/pp1r2pp/2q5/2p1Pr2/2P3Q1/6P1/PB5P/4R1K1 w - -,g4e2 c6e6 b2c3 f5f8 e1b1 d7f7 e2d3 d8g5 b1d1 b7b5,-510
r4rk1/ppp2pp1/4p1q1/3pPb1p/4nP2/3BPQ1P/PPP3P1/RN3RK1 w - -,f1c1 f7f6 e5f6 f8f6 b1c3 c7c6 c3e2 e6e5 c1e1 h5h4,-149
rnbqr1k1/ppp2ppp/3bpn2/3pN3/3P1B2/3BP3/PPP2PPP/RN1QK2R w KQ -,c2c3 c7c5 e1h1 d8c7 f4g3 b7b6 a2a4 e8f8 d1e2 f6e4,40
2kr4/1pp2p2/p6p/4q1p1/PP6/1QPbB1PP/6P1/R5K1 w - -,a1e1 e5g3 e3f2 g3f4 f2d4 d3e4 b3a2 e4d5 a2e2 f4d6,-47
2Q3K1/8/8/6pk/8/8/6P1/4q3 w - -,a1e1 e5g3 e3f2 g3f4 f2d4 d3e4 b3a2 e4d5 a2e2 f4d6,Mate
8/4B2K/6p1/5k2/6n1/8/8/8 w - -,,0
r3qrkn/3nb1pp/p3p3/1p1pPp1P/2pP2P1/2P2N1B/PP3P2/R1BQK2R w KQ -,h1g1 f5g4 h3g4 e7d8 d1e2 b5b4 e2f1 a6a5 f1h3 a8a6,193
r1b2rk1/ppp2ppp/3p1q2/4p3/2BnP3/BPPP4/P2N1KPP/R2Q4 w - -,f2g1 d4e6 d1f3 f6f3 d2f3 c8d7 d3d4 e5d4 c3d4 b7b5,-347
r2qr1k1/ppp2p2/2np1n1p/2b1p1p1/2N1P2B/2PP1N2/PP3PPP/R2QR1K1 w - -,f3g5 h6g5 h4g5 e8e6 b2b4 c5b6 d3d4 e5d4 c4b6 a7b6,77
r2r2k1/pp3pp1/1qpbpn1p/3pn3/4P3/2NP1BBP/PPP1QPP1/R3R1K1 w - -,g3e5 d6e5 e4d5 e5c3 b2c3 c6d5 e1b1 b6c7 c3c4 a8b8,-26
8/8/8/6P1/5K2/8/4pk1P/1R1r4 w - -,b1d1 e2d1q f4f5 d1f3 f5e5 f3f7 h2h3 f2g3 e5d6 f7f4,Mate
8/2k2p1p/2P1p1p1/4P1K1/1N3P2/4b3/8/8 w - -,g5g4 e3d2 b4a6 c7c6 a6b8 c6c7 b8a6 c7b6 a6b8 h7h5,-369
r4rk1/ppp2pp1/2nq4/2b1p1pQ/3pP3/1BPP3P/PP3PP1/R1B1R1K1 w - -,c1g5 c6d8 g5h4 a7a5 a2a4 a8a6 b3c4 d6h6 h5h6 a6h6,164
r2qk2r/pp1bbppp/2np4/1Bpnp1B1/4P3/3P1N2/PPP2PPP/R2Q1RK1 w kq -,g5e7 d5e7 f3g5 f7f6 f2f4 f6g5 d1h5 g7g6 h5g5 e7g8,-498
5rk1/pp4pp/8/3Pp1R1/4q3/8/PP4PP/4Q2K w - -,g5e5 e4e5 e1d1 e5f4 h2h3 f4f1 d1f1 f8f1 h1h2 f1d1,-699
r3qrkn/3nb1pp/p7/1p1pPp1P/2pP4/2P2N1B/PP3P2/R1BQK2R w KQ -,f3g1 h8f7 h3g2 d7b6 g1h3 e8d8 h1g1 h7h6 d1f3 f7g5,166
3b2k1/pp4pp/2q5/2p1PQ2/2P5/6P1/PB1r3P/4R1K1 w - -,f5h3 d2b2 e1d1 d8g5 d1d5 g5e3 g1f1 b2f2 f1e1 f2f8,-449
8/8/8/6P1/5K2/8/1R2p2P/3r1k2 w - -,b2e2 f1e2 g5g6 d1h1 f4f5 h1h2 f5e6 h2g2 e6f6 g2g4,Mate
4R3/3r4/5k2/3P4/2K5/8/8/8 w - -,c4c5 d7c7 c5b6 c7c2 d5d6 c2b2 b6c5 b2c2 c5b5 c2d2,660
r3k2r/pppbnppp/2n5/8/4N3/2P2N2/PP2PPPP/R3KB1R w KQkq -,e4c5 d7c8 e2e3 a7a5 f3d4 c6d4 c3d4 b7b6 c5d3 c8b7,187
8/8/k1r5/8/8/2B5/3b4/2K5 w - -,c1d2 a6b5 d2d3 c6c8 c3e5 b5c5 d3e4 c8e8 e4f5 c5d5,-9
r2q1rk1/3bppbp/3p2p1/pn1P3P/1p1N1PP1/4BQ2/PPP5/1K1R1B1R w - -,f1b5 d7b5 d4b5 d8d7 b5d4 b4b3 c2b3 a5a4 a2a3 a4b3,451
rnbqk2r/ppp1bppp/4pn2/4N3/3P4/2NQ4/PPP1BPPP/R1B1K2R w KQkq -,d3g3 e8h8 c1e3 e7b4 e2d3 b8c6 a1d1 b4e7 a2a3 f6d5,125
5rk1/pp4pp/8/3Pp1R1/8/8/PP2q1PP/2Q4K w - -,h2h4 f8f1 c1f1 e2f1 h1h2 f1c4 h2g3 c4d5 b2b4 d5d3,-755
r3rnk1/p4ppp/2pqbn2/1p1p4/3P4/2NBPN1P/PPQ2PP1/RR4K1 w - -,b1c1 e8c8 c3e2 a7a5 c2c5 d6b8 e2f4 h7h6 c5c3 f8d7,86
r4rk1/pbpnqppp/1p2p3/3pN3/3P1P2/3B4/PPPQ1PPP/R3R1K1 w - -,c2c3 d7f6 f2f3 b7c8 g2g4 f6d7 f4f5 c7c5 a1d1 c5d4,102
8/2k2p1p/2P1pKp1/4P3/1N3b2/8/8/8 w - -,b4d3 f4g3 f6f7 c7c6 f7e6 c6b5 e6f7 g3e5 d3e5 g6g5,-10
r4rk1/3b1pp1/p1Np1q1p/1pnP4/2p1PP2/2P5/P1Q1B1PP/R4RK1 w - -,g2g3 d7c6 d5c6 f8e8 e2f3 a8c8 a2a4 c5a4 f3g4 c8c7,-212
1r1qr1k1/pbp3pp/2nppn2/5p2/PB1P4/2P2NP1/4PPBP/R2Q1RK1 w - -,d1c2 d8d7 f1b1 b7a6 g2f1 f6e4 b1b2 h7h6 a1b1 a6c4,-22
r1bq1rk1/pp3pbn/3p2p1/2pPn2p/4P2P/2N1BPN1/PP1Q2P1/R3KB1R w KQ -,e3h6 g7f6 e1a1 f8e8 f1e2 a7a6 d1f1 b7b5 c3d1 f6h4,-48
r4rk1/ppp2pp1/4p1q1/3pPb2/4nP1p/3BPQ1P/PPP3PK/RN3R2 w - -,a2a4 e4g3 f1d1 f5d3 d1d3 c7c5 b1c3 f7f6 e5f6 f8f6,-132
r2q1rk1/3bpp1p/p2p2p1/3P3P/1p1b1PP1/5Q2/PPP5/1K1R1B1R w - -,d1d4 a6a5 f1d3 d8e8 h5g6 f7g6 f4f5 e8f7 f3h3 f7g7,255
1r1q1rk1/2p1bppp/p4n2/4n3/Pp2P1b1/2PP1N2/2B1QPPP/R1B2RK1 w - -,c1e3 b4b3 c2b1 e5f3 g2f3 g4e6 d3d4 b3b2 a1a2 e6a2,-445
8/4B1K1/8/5kp1/6n1/8/8/8 w - -,,0
8/8/8/6P1/5K2/8/4k2P/3r4 w - -,,0
r2r2k1/pp3pp1/1qpbpn1p/3p4/4P3/3n1BBP/PPP1QPP1/R2NR1K1 w - -,c2d3 d6g3 d1e3 g3d6 g2g3 a7a5 a1b1 d6c5 e3g4 f6e8,-191
8/8/2kbKNpp/8/8/8/8/8 w - -,f6e8 h6h5 e8d6 h5h4 d6e4 h4h3 e4f2 h3h2 e6f6 c6d5,-9
4R3/3r1k2/8/2KP4/8/8/8/8 w - -,e8e1 d7c7 c5d6 c7c4 d6d7 c4d4 d5d6 d4c4 e1e3 c4a4,732
rn2kb1r/pp2pppp/2p2nb1/3q4/6P1/5N1P/PPPPQP2/RNB1KB1R w KQkq -,b1c3 d5d8 d2d3 e7e6 c1d2 b8d7 e1a1 f6d5 f1g2 f8e7,41
8/5K2/2kb1N1p/6p1/8/8/8/8 w - -,,0
r3qrk1/3nbnpp/p7/1p1pPp1P/2pP4/2P4B/PP3P2/R1BQK1NR w KQ -,e5e6 e7d6 d1e2 d7f6 e6f7 e8f7 h3f5 a8e8 c1e3 f6e4,213
rnb1kbnr/ppq1pppp/2p5/8/4P3/7P/PPP2PP1/RNBQKBNR w KQkq -,g1f3 e7e5 f1c4 h7h6 a2a4 g8f6 d1e2 b8d7 b1c3 d7c5,44
2kr4/1pp5/p6p/4qpp1/PP6/1QPb2PP/5BP1/R5K1 w - -,,0
r4rk1/pbpnqppp/1p6/3pNp2/3P4/3B4/PPPQ1PPP/R3R1K1 w - -,e5g6 e7f6 g6e7 g8h8 d2f4 f6d6 f4d6 c7d6 e7f5 d7f6,266
8/8/p7/3p4/P1pPkp2/1P6/5K2/8 w - -,d3f5 d7e5 e1e5 e7f6 a1e1 b7c6 f5e6 f6d8 e6g4 f8e8,Mate
8/8/2k2NKp/6p1/5b2/8/8/8 w - -,,0
rnbr2k1/pp3ppp/4pn2/2b5/2B5/4PN2/PP3PPP/RNB2RK1 w - -,b2b3 b8c6 c1b2 b7b6 b1c3 c8b7 f1d1 c6b4 f3e1 c5e7,-7
8/8/p7/8/P1pPkp2/8/5K2/8 w - -,b2b3 b8c6 c1b2 b7b6 b1c3 c8b7 f1d1 c6b4 f3e1 c5e7,Mate
r1b1r1k1/pp1nqpp1/2p4p/4p3/2BP4/2Q1PN2/PP3PPP/2R2RK1 w - -,e3e4 a7a5 f1e1 e5d4 f3d4 d7b6 c4b3 a5a4 b3c2 e7e5,38
1r3rk1/5pq1/p3p1p1/1p6/5NPn/2P4Q/PP2R3/5RKb w - -,h3h4 h1a8 f4d3 b8d8 d3c5 g7h8 h4h8 g8h8 e2f2 h8g8,-103
r1r3k1/3n1ppp/2p1n3/pp2p3/4P3/q1BPRB1P/P1Q2PP1/3R2K1 w - -,d3d4 e5d4 c3d4 e6d4 d1d4 a3c5 c2c5 d7c5 e4e5 a8b8,-62
4b1k1/8/1n2pBpp/1p1pP3/p1pP4/bPP1P2P/P1B3N1/6K1 w - -,f6d8 a4b3 a2b3 c4b3 c2b3 b6c4 g2f4 e8f7 b3c4 b5c4,-25
r2r2k1/pp3pp1/1qp1pn1p/3p4/4P3/3P1BbP/PP2QPP1/R2NR1K1 w - -,d1e3 g3d6 a1b1 a7a5 g2g3 d6c5 e3g4 f6d7 g1g2 a5a4,-195
8/2r2k2/8/2KP4/8/8/8/4R3 w - -,c5d6 c7c4 e1e3 f7f8 d6d7 c4d4 d5d6 f8f7 e3f3 f7g6,732
r1bqr1k1/ppp1b2p/2n3p1/3n1pN1/4N2P/3P4/PPPBQPP1/2KR1B1R w - -,e2f3 c6d4 f3g3 d8d7 c1b1 d4c2 d1c1 f5e4 d3e4 e7g5,77
8/8/8/8/5KP1/5r2/5k1P/8 w - -,f4g5 f3b3 g5f5 f2f3 g4g5 b3b5 f5f6 f3f4 g5g6 b5b6,-13
4n3/3bbk1n/3p2p1/2pP4/2P3P1/3BBNK1/5N2/8 w - -,f3h4 h7f8 e3h6 e8g7 h4f3 d7a4 f2e4 f7g8 e4c3 a4d7,63
r1bqr1k1/pp3pbn/3p2p1/2pPn2p/4P2P/2N1BPN1/PP1QB1P1/R3K2R w KQ -,g3f1 a8b8 a1c1 a7a6 e3h6 b7b5 h6g7 g8g7 f1g3 f7f5,-41
r1b1kb1r/ppqnpppp/2p2n2/8/4P3/3B1N1P/PPP2PP1/RNBQK2R w KQkq -,b1d2 e7e5 a2a4 a7a5 e1h1 f8e7 d2c4 e8h8 c1d2 f8e8,21
r3qrk1/3n1npp/p3P3/1p1p1pbP/2pP4/2P4B/PP3P2/R1BQK1NR w KQ -,d1e2 g5c1 a1c1 e8e7 e1f1 a8e8 e6d7 e7d7 e2d2 f7d6,242
r2r2k1/pp3pp1/1qp1pn1p/3pb3/4P3/3PNB1P/PP2QPP1/R3R1K1 w - -,e4d5 c6d5 e3d5 f6d5 e2e5 d5b4 e1d1 b4c2 a1b1 c2d4,-112
5rk1/pp4pp/8/3Pq3/8/8/PP4PP/4Q2K w - -,e1d1 e5f4 h2h3 f4f1 d1f1 f8f1 h1h2 f1d1 h3h4 d1d5,-765
6b1/8/3K4/8/1k6/3Q4/8/8 w - -,e1d1 e5f4 h2h3 f4f1 d1f1 f8f1 h1h2 f1d1 h3h4 d1d5,Mate
r1r3k1/3n1ppp/2p1n3/pp6/3pP3/q1B1RB1P/P1Q2PP1/3R2K1 w - -,c3d4 e6d4 d1d4 a3c5 d4d2 c5c2 d2c2 d7e5 f3e2 b5b4,-99
r1b2rk1/p2p1pp1/n4q1p/1p1P4/1bp1P3/2N2N2/PPQ1BPPP/R3K2R w KQ -,a2a4 a6c5 e4e5 f6f4 a4b5 c8b7 e1h1 b4c3 c2c3 b7d5,65
8/6bp/1p2k1p1/1PpbPp2/3p1PP1/3P1N1P/5K2/2N5 w - -,,0
8/8/7K/6p1/4kbN1/8/8/8 w - -,,0
r1bqk2r/p1p2ppp/1n1b4/2p5/2P5/4B3/PPQ2PPP/RN2KB1R w KQkq -,f1d3 d8h4 b1c3 e8h8 e1a1 c8b7 g2g3 h4h5 d3e4 b7e4,64
5rk1/pp4pp/8/3Pp1R1/8/3q4/PP4PP/4Q2K w - -,h1g1 d3d4 g1h1 d4e4 e1g1 e4e2 h2h3 f8f1 g5f5 f1f5,-617
8/8/8/6pK/5bN1/5k2/8/8 w - -,g4f2 f3f2 h5g6 g5g4 g6f5 f2f3 f5e6 f3g3 e6d5 g3h4,-1196
r1bqk2r/ppp2pp1/4p2p/8/3P4/2bB1N2/P1P2PPP/R2Q1RK1 w kq -,d1e2 c3a1 f1a1 c8d7 f3e5 d7c6 c2c3 d8d5 f2f4 e8h8,-224
8/5b2/3K4/8/1k6/3Q4/8/8 w - -,d1e2 c3a1 f1a1 c8d7 f3e5 d7c6 c2c3 d8d5 f2f4 e8h8,Mate
3bq1k1/pp4pp/4P3/2p2Q2/2P1R3/6P1/Pr5P/6K1 w - -,f5d5 d8e7 e4f4 b2b1 g1g2 b1b6 f4f3 b6d6 d5b7 d6e6,-402
4rnk1/pp1r1qpp/2p1pp2/5P2/2BP3P/Q5P1/PPP5/2KRR3 w - -,f5e6 f8e6 e1e3 f7e7 a3b3 d7d6 d1e1 g8f7 e3e6 d6e6,638
r2q1rk1/3bb1pp/p2p4/nppPpp2/2P5/1B1PBN2/PP3PPP/R2Q1RK1 w - -,e3d2 a5b3 a2b3 b5b4 d1e2 a6a5 a1e1 e7f6 d2c1 h7h6,-170
r4rk1/ppp2pp1/4p3/3pPb2/4nP1p/3BPQqP/PPP3PK/RN4R1 w - -,h2h1 e4f2 f3f2 g3f2 d3f5 e6f5 b1c3 c7c6 g1e1 f2c2,Mate
2kr4/1pp5/p2q3p/5pp1/PP6/1QPb2PP/5BP1/4R1K1 w - -,e1e6 d3c2 e6d6 c2b3 d6h6 f5f4 g3f4 d8d1 g1h2 d1d2,63
8/8/5N2/6pK/5b2/4k3/8/8 w - -,,0
r5k1/pp1r1pp1/1qp1pn1p/3pb3/4P3/3PNB1P/PP2QPP1/1R2R1K1 w - -,e4d5 c6d5 e3d5 f6d5 e2e5 d5b4 e5e3 b6e3 e1e3 a8d8,-135
rn1qkb1r/p3pppp/3p1n2/2pP4/1pB2Bb1/4PN2/PPP2PPP/RN1QK2R w KQkq -,a2a3 g7g6 a3b4 c5b4 c2c3 f8g7 c3b4 f6h5 f4g5 h7h6,41
r2q1rk1/p1p1nppp/1p2pn2/3p4/2PP1P2/2N3P1/PP1Q1PBP/R4RK1 w - -,c4d5 e7d5 c3d5 f6d5 a1c1 a8c8 h2h4 c7c6 g2f3 d8f6,12
r2q1rk1/p2bppbp/2p3p1/3nR3/2B5/2N5/PPP2PPP/R1BQ2K1 w - -,e5e1 d5c3 b2c3 g7c3 c1h6 d7f5 h6f8 d8f8 h2h3 a8d8,-65
r1bqkb1r/pp2pp1p/n1p3p1/3p4/3P1P2/2N5/PPP2PPP/R2QKBNR w KQkq -,f1a6 b7a6 c3a4 a8b8 b2b3 f7f6 g1e2 d8d6 e1h1 f8g7,28
8/8/p7/8/P1pPk3/5p2/4K3/8 w - -,d1d2 d8b6 e1a1 b6a5 d1e1 c8f5 f1a6 a5a6 c1b1 f7f6,Mate
r1bqkb1r/ppp1ppp1/1n6/3PP2p/1nP5/5N2/PP4PP/RNBQKB1R w KQkq -,a2a3 e7e6 a3b4 f8b4 c1d2 b4d2 d1d2 e6d5 c4c5 b6d7,300
1r3rk1/5pq1/p3p3/1p4p1/5NPn/2P4Q/PP2R3/5R1K w - -,a2a4 g7h6 f4h5 f7f5 h3g3 f5f4 g3d3 f8d8 d3e4 d8d6,-113
r1bqk2r/pppp2pp/3b1n2/3Qnp2/2P2B2/6P1/PP2PP1P/RN2KBNR w KQkq -,d5g2 e5c4 f4d6 c4d6 g2f3 c7c6 f3b3 d6e4 f1h3 d7d5,-207
r3qrk1/3n1npp/p3P3/1p1p1p1P/2pP4/2P4B/PP2QP2/R1b1K1NR w KQ -,a1c1 e8e7 e1f1 a8e8 e6d7 e7d7 e2d2 f7d6 g1f3 d6e4,254
rnbqk2r/pp3pp1/2p2n1p/2bp4/2B1PB2/2NP3P/PPP3P1/R2QK1NR w KQkq -,f4b8 a8b8 c4b3 e8h8 g1f3 d5e4 d3e4 d8e7 f3d2 b7b5,-182
r1bqkb1r/ppp1pp1p/6p1/3p4/1n1P1P2/2N5/PPP2PPP/R2QKBNR w KQkq -,g1f3 c8f5 a1c1 f8g7 a2a3 b4c6 f1b5 e8h8 h2h3 d8d6,-34
5rk1/pp4pp/8/3Pp1R1/8/8/PP2q1PP/6QK w - -,g5e5 e2e5 g1d1 e5f4 h2h3 f4f1 d1f1 f8f1 h1h2 f1d1,-711
rnbqk2r/pp3ppp/2pb4/3p4/3Pn3/3N4/PP2PPPP/RNBQKB1R w KQkq -,d1b3 e8h8 g2g3 f8e8 f1g2 b8d7 b1c3 d7f6 c1f4 c8f5,-93
8/4Npk1/6p1/4br2/8/7P/1q4P1/1Q3R1K w - -,e7f5 g7g8 f5e7 g8g7 b1b2 e5b2 e7f5 g7g8 f5h4 g6g5,566
rn1qkb1r/4pppp/3p1n2/p1pP4/1pB2Bb1/4PN2/PPPN1PPP/R2QK2R w KQkq -,h2h3 g4c8 e3e4 g7g6 e4e5 d6e5 f3e5 f8g7 d1f3 e8h8,95
rnbq1rk1/pp3pp1/2p2n1p/2bP4/2B2B2/2NP3P/PPP3P1/R2QK1NR w KQ -,c4b3 f8e8 g1e2 f6h5 d1d2 g7g5 f4e5 e8e5 d3d4 e5e2,-42
r5k1/pp1r1pp1/1qp1p2p/3nb3/8/3PNB1P/PP2QPP1/1R2R1K1 w - -,e3c4 d5f4 e2e5 b6c7 e5c7 d7c7 d3d4 f4d5 b1d1 a8d8,355
r1bqr1k1/1pp1bppp/2n5/p2n4/4N2P/3P1N2/PPPBQPP1/2KR1B1R w - -,a2a3 c8g4 d3d4 c6d4 e2d3 c7c5 f3d4 g4d1 e4g5 d5f6,-87
r1bqr1k1/pp3pp1/2n2n1p/2b5/2B2B2/2NP3P/PPP1N1P1/R2QK2R w KQ -,d3d4 c6d4 d1d2 d4c2 d2c2 d8d4 c4f7 g8f7 h1f1 f7g8,-180
8/1B6/8/3K4/1k1B4/8/8/8 w - -,d3d4 c6d4 d1d2 d4c2 d2c2 d8d4 c4f7 g8f7 h1f1 f7g8,Mate
r1bq1rk1/ppp2ppp/1bn4n/1B1pP3/3P4/5N1P/PP3PP1/RNBQ1RK1 w - -,b5c6 b7c6 c1h6 g7h6 d1c1 f7f6 c1c6 a8b8 f1e1 f6e5,177
r2q1rk1/p1p2ppp/1pn1pn2/3p4/2PP1P2/6P1/PP1Q1PBP/RN3RK1 w - -,d2c3 d8d7 b1d2 a8d8 d2f3 d5c4 f3e5 c6e5 d4e5 f6g4,18
1r3rk1/5p2/p3p1q1/1p4pN/6Pn/2P4Q/PP2R3/5R1K w - -,,0
2B5/8/8/3K4/3B4/1k6/8/8 w - -,h3e3 b8d8 h5f6 g8g7 f6h5 g7h7 h5f6 h7h6 e2h2 h6g7,Mate
rnb1kb1r/ppp2ppp/3p4/3Pp3/3q4/3P2P1/PPP2P1P/R1BQKBNR w KQkq -,f1g2 d4g4 g1e2 f8e7 c1e3 e8h8 d1d2 g4h5 h2h3 f7f5,54
r1r3k1/3nqppp/2p1n3/4P3/pp6/4RB1P/PBQ2PP1/3R2K1 w - -,f3g4 a4a3 b2a1 d7f8 d1f1 f8g6 g2g3 c8d8 c2c6 a8c8,-20
rnb1qrk1/ppp1ppbp/3p2p1/7n/3P1B2/2PBPN2/PP3PPP/RN1Q1RK1 w - -,d3e2 b8d7 f4g5 f7f5 f3d2 h7h6 g5h4 d7f6 f2f4 c8d7,-36
r1bqk2r/p1p2ppp/3p1n2/1p2p3/2BbP3/2NP3P/PPP2PP1/R1BQ1RK1 w kq -,c4f7 e8f7 c3b5 d4b6 a2a4 a7a5 c1e3 b6e3 f2e3 c7c6,-268
5r2/8/8/8/4K1P1/8/5k1P/8 w - -,e4e5 f2f3 g4g5 f3g4 g5g6 f8g8 e5f6 g4h5 g6g7 h5h6,-478
r1bq1rk1/pppp1pp1/5n1p/2b1p3/1nB1P3/3P3N/PPP2PPP/RNBQ1RK1 w - -,a2a3 b4c6 g1h1 d7d5 e4d5 f6d5 b1d2 d5f6 h3g1 c5b6,-53
8/3nk3/b2p1np1/2pP4/2P1NKP1/4N3/4B3/8 w - -,,0
r1bq1rk1/ppp4p/1bn2p1p/1B1pP3/3P4/5N1P/PP3PP1/RN1Q1RK1 w - -,b5c6 b7c6 f1e1 f6e5 e1e5 d8f6 e5e3 c8d7 d1d2 a8e8,65
8/8/p7/8/P2Pk3/2p2p2/8/5K2 w - -,b5c6 b7c6 f1e1 f6e5 e1e5 d8f6 e5e3 c8d7 d1d2 a8e8,Mate
r1bqk2r/ppnpppbp/2n3p1/1Bp1P3/P7/2P2N2/1P1P1PPP/RNBQ1RK1 w kq -,b5c4 c6e5 f3e5 g7e5 d2d4 c5d4 c3d4 e5g7 d4d5 d7d6,-28
6k1/pp4pp/8/3Pp1R1/8/7P/PP2q1P1/5rQK w - -,g5f5 f1g1 h1g1 e5e4 a2a3 e2d2 g1h2 d2d4 h2g3 e4e3,-827
3r1rk1/p3R1p1/5bNp/2pq1p2/3n4/1P4PP/Q4PNK/4R3 w - -,g2f4 d4f3 h2h1 d5c6 b3b4 c5c4 b4b5 c6b5 e1b1 d8d2,-120
3q2k1/pp4pp/4Pb2/2Q5/2P1R3/6P1/Pr5P/6K1 w - -,c5f2 b2f2 g1f2 d8d2 f2f3 d2d3 e4e3 d3f1 f3e4 f1c4,-896
r1bq1rk1/p1p4p/1bp2p1p/3pP3/3P4/5N1P/PP3PP1/RN1Q1RK1 w - -,a2a4 a7a5 a1a3 g8h8 d1d2 c8f5 b1c3 f6e5 f3e5 d8d6,62
2N3k1/5p2/6p1/4br2/8/7P/1q4P1/1Q3R1K w - -,c8e7 g8h7 e7f5 b2b1 f1b1 g6f5 b1b5 f7f6 b5b3 h7h6,398
r2qk2r/p1p1nppp/1p3n2/3p4/3P1P2/2N3P1/PP1Q1PBP/R3K2R w KQkq -,g2h3 e8h8 e1h1 f8e8 a1c1 c7c6 a2a3 a7a5 c3b1 c6c5,34
r1bqk2r/p1p2pp1/1n1b3p/2p5/2P5/3BB3/PPQ2PPP/RN2K2R w KQkq -,b1d2 e8h8 d2e4 d8h4 e1a1 c8e6 h1e1 f8e8 g2g3 h4e7,75
r1bqkbnr/ppp5/2np1pp1/4p3/2B1P3/2N5/PPPP2PP/R1BQK1NR w KQkq -,d2d3 f8g7 h2h4 g8h6 g1f3 h6g4 d1e2 c6a5 c1d2 c7c6,-11
r1bqk2r/pppp2pp/2n2n2/5p2/1bPQ1B2/2N3P1/PP2PP1P/R3KBNR w KQkq -,f4c7 d8c7 d4e3 c7e5 e3e5 c6e5 e1a1 b4c3 b2c3 e5c4,-499
5r2/8/8/8/4K1PP/6k1/8/8 w - -,f4c7 d8c7 d4e3 c7e5 e3e5 c6e5 e1a1 b4c3 b2c3 e5c4,Mate
1r2r1k1/p2q1ppp/np6/3p4/P1pPn3/2P1P1N1/1BQ2PPP/4RRK1 w - -,g3h5 e4d6 f2f3 b6b5 e3e4 b5b4 b2c1 g8h8 c1f4 e8e6,34
8/8/p7/8/P2Pk3/2p5/5p2/4K3 w - -,g3h1 b6b5 f2f3 e4c3 c2c3 b5b4 c3c2 e8c8 e1b1 d7e6,Mate
r2q1rk1/p1p1nppp/1p3n2/3p4/3P1P2/2N3PB/PP1Q1P1P/R3K2R w KQ -,e1h1 f8e8 f1e1 a8b8 b2b4 e7c6 e1e8 f6e8 b4b5 c6e7,28
8/8/p7/8/P2Pk3/8/2p2K2/8 w - -,e1h1 f8e8 f1e1 a8b8 b2b4 e7c6 e1e8 f6e8 b4b5 c6e7,Mate
8/6R1/8/k6K/p7/8/8/8 w - -,,0
r1bqkbnr/ppp5/2np2p1/4pp2/2B1P3/2N4P/PPPP2P1/R1BQK1NR w KQkq -,d2d3 d8h4 e1f1 f5f4 c3d5 h4h7 g1f3 h7g7 d1e1 g8f6,-81
8/8/p7/8/P2Pk3/8/4K3/2q5 w - -,d2d3 d8h4 e1f1 f5f4 c3d5 h4h7 g1f3 h7g7 d1e1 g8f6,Mate
8/8/1P1k1B2/K2b3p/8/6P1/8/8 w - -,a5a6 d5e4 b6b7 e4b7 a6b7 d6c5 f6g5 c5b5 g5h4 b5c5,1275
r1bq1rk1/pppp1pp1/2n2n1p/2b1p3/2B1P3/2PP3N/PP3PPP/RNBQ1RK1 w - -,b1d2 c5b6 g1h1 d7d5 e4d5 c6a5 b2b4 a5c4 d3c4 c7c6,-47
r1bq1rk1/4bppp/p1p5/8/PpQp4/8/1PPP1PPP/RNB2RK1 w - -,f1e1 d4d3 c4c6 a8b8 c6e4 f8e8 e4d3 d8d3 c2d3 c8f5,-299
rnbqk1nr/pp2bpp1/2pp3p/4p3/B3P3/2P2N2/PP1P1PPP/RNBQK2R w KQkq -,d2d4 b8d7 e1h1 g8f6 a4c2 e8h8 h2h3 f8e8 c1e3 e7f8,35
r4rk1/pp3ppp/1np3q1/5b2/1Q6/N1P3n1/PPB2PPP/R3R1K1 w - -,a3c4 b6d5 b4d6 g3e2 e1e2 f5c2 d6g6 c2g6 a1d1 a8b8,-417
5r2/8/8/6P1/4K3/8/6kP/8 w - -,e4e5 g2h3 g5g6 h3h2 e5e6 h2g3 g6g7 f8b8 e6e7 g3g4,Mate
2q2rk1/p2b1ppp/3p1n2/3Bp3/3bP3/2NP3P/PPP2PP1/R1BQ1RK1 w - -,c1g5 d4c3 g5f6 c3b2 a1b1 g7f6 b1b2 d7h3 d1f3 h3e6,574
r3r1k1/pp3pp1/3qbn1p/3p4/3N4/2PQ3P/PP1N1PP1/R3R1K1 w - -,e1e3 e6d7 a1e1 e8e3 e1e3 a7a5 d2f1 a5a4 f1g3 d6b6,40
2N3k1/5p2/6p1/4br2/8/7P/6P1/qQ3R1K w - -,b1a1 e5a1 c8e7 g8h7 e7f5 a1e5 f5e7 f7f6 e7c6 e5g3,546
8/8/8/6pK/4kbN1/8/8/8 w - -,,0
r3rnk1/5ppp/2pqbn2/pp1p4/3P4/2NBPN1P/PPQ2PP1/R1R3K1 w - -,c3e2 e8c8 c2c5 d6d8 e2f4 g7g6 c5c3 d8d6 c1c2 e6d7,91
rnbqk1nr/pp2bpp1/2pp3p/8/B2pP3/2P2N2/PP3PPP/RNBQK2R w KQkq -,c3d4 g8f6 b1c3 d6d5 e4e5 f6e4 e1h1 e8h8 a4c2 c8f5,71
r1bq1rk1/ppp2pp1/2np3p/2b1p2n/2B1P3/2PP2QN/PP3PPP/RNB2RK1 w - -,g3g6 d8h4 c1h6 c8h3 g2h3 h4h3 h6c1 c6a5 g6f5 h3f5,-131
rnbqk2r/pp2bpp1/2pp1n1p/8/B2PP3/5N2/PP3PPP/RNBQK2R w KQkq -,a4c2 d6d5 e4e5 f6h5 e1h1 b8a6 b1c3 g7g6 a2a3 a6c7,71
8/8/p7/8/P2Pkq2/8/5K2/8 w - -,a4c2 d6d5 e4e5 f6h5 e1h1 b8a6 b1c3 g7g6 a2a3 a6c7,Mate
r1bq1rk1/4bppp/p1P5/3p4/PpQp4/8/1PPP1PPP/RNB2RK1 w - -,c4b3 e7d6 d2d3 d8h4 f2f4 h4h5 b1d2 c8g4 d2f3 g4f3,-88
8/3k4/KP3B2/3b3p/8/6P1/8/8 w - -,b6b7 d7e6 f6g5 d5b7 a6b7 e6f7 g5d8 f7f8 b7c7 f8f7,1286
r1b2k1r/2qp1npp/p1n1pp2/1p3N2/4PPPP/2N2K2/2PQ4/3R1B2 w - -,f5d4 c8b7 g4g5 c6d4 d2d4 c7f4 f3f4 e6e5 d4e5 f7e5,-583
2q2rk1/p4ppp/3p1n2/3Bp1B1/3bP3/2NP3b/PPP2PP1/R2Q1RK1 w - -,g5f6 h3g4 d1d2 g7f6 d2h6 c8d8 a1e1 g8h8 e1e3 d4e3,570
r2q2k1/ppp2p2/1bnprn2/4p1B1/1PN1P3/2PP4/P4PPP/R2QR1K1 w - -,d3d4 e5d4 c4b6 a7b6 c3d4 d8e8 d4d5 f6d5 d1d5 c6b4,50
r3r1k1/pp1b1pp1/3q1n1p/3p4/3N4/2PQR2P/PP1N1PP1/R5K1 w - -,d2f1 e8e4 a1e1 a8e8 f1g3 e4e3 e1e3 d6b6 e3e8 f6e8,34
r2qk2r/pppbnpbp/3p1np1/3Pp3/4P3/2N1BN1P/PPPQBPP1/R3K2R w KQkq -,f3h2 h7h5 h2f3 b7b5 a2a3 e8h8 g2g4 a7a5 g4g5 b5b4,70
2kr1b1r/2p2pp1/pn2p3/4P2p/2P5/2N2P2/PP5P/R1BK1B1R w - -,d1c2 b6d7 c1g5 d8e8 c4c5 f8c5 f1a6 c8b8 a6b5 d7e5,469
rnb2rk1/pp2qpp1/7p/2pp4/3P4/2P1PN2/P1Q2PPP/R3KB1R w KQ -,f1e2 c8e6 d4c5 b8d7 f3d4 d7c5 e1h1 a8c8 e2f3 c5d7,-15
8/8/p7/8/P2Pk3/5q2/6K1/8 w - -,f1d3 b8c6 d4c5 c8e6 e1h1 a8c8 f1b1 c8c7 f3d4 c6e5,Mate
r1bq1rk1/ppp2p2/2np2pp/2b1p2n/2B1P2Q/2PP3N/PP3PPP/RNB2RK1 w - -,h4d8 f8d8 c1h6 c8h3 g2h3 c6a5 c4b5 c5b6 b1d2 d6d5,31
1k6/8/1p4r1/p2R2P1/8/P3PN2/1Pr2PK1/8 w - -,d5b5 c2c5 b5c5 b6c5 g2g3 b8c7 g3g4 g6b6 g4h5 b6b2,304
r7/8/8/4K1P1/8/8/6kP/8 w - -,e5e6 g2h3 e6f7 h3h4 g5g6 h4g5 g6g7 a8a7 f7f8 g5f6,-20
2N3k1/5p2/6p1/5r2/8/7P/6P1/b4R1K w - -,c8e7 g8h7 e7f5 a1e5 f5e7 f7f6 e7c6 e5g3 c6d4 g3e5,564
5r2/8/8/4K1P1/8/7k/7P/8 w - -,g5g6 f8f1 g6g7 f1e1 e5f6 e1g1 f6f7 h3h2 f7g8 h2h3,Mate
r1bqr1k1/ppp2p2/2np2pB/2b1p2n/2B1P2Q/2PP3N/PP3PPP/RN3RK1 w - -,h3g5 c8e6 c4e6 e8e6 b2b4 c5b6 a2a4 a7a6 b1a3 d8f6,159
8/8/4k3/6pK/5bN1/8/8/8 w - -,,0
8/1p6/8/1R1p1r2/5Npp/P1P1K1P1/1rk4P/8 w - -,f4e6 f5e5 e3d4 e5e6 b5d5 c2c1 c3c4 b2h2 g3h4 g4g3,-609
r3r1k1/5ppp/2pqbnn1/pp1p4/3P4/3BPN1P/PPQ1NPP1/R1R3K1 w - -,c2c6 d6f8 c6c5 b5b4 c5f8 e8f8 f3e5 g6e5 d4e5 f6e4,236
rnb2rk1/pp2qpp1/2p1p2p/3p4/2PP4/2P1PN2/P1Q2PPP/R3KB1R w KQ -,f1d3 b7b6 e1h1 c8b7 e3e4 d5e4 d3e4 b8d7 a2a4 d7f6,-13
8/P7/1pn5/8/6K1/8/8/1k6 w - -,f1d3 b7b6 e1h1 c8b7 e3e4 d5e4 d3e4 b8d7 a2a4 d7f6,Mate
r1bq1r1k/p1p4p/1bp2p1p/3pP3/3P4/2N2N1P/PP3PP1/R2Q1RK1 w - -,d1d2 f6e5 f3e5 d8h4 f2f4 f8g8 f1f3 g8g7 g1h2 c8f5,69
6k1/pp2b1pp/4P3/3P4/4R3/6P1/Pr5P/6K1 w - -,e4f4 b2d2 f4f7 e7c5 g1f1 d2d5 f7b7 d5d8 a2a4 a7a5,-375
8/5pk1/8/5p2/8/7P/6P1/b4R1K w - -,f1a1 f5f4 a1f1 g7f6 f1f4 f6e5 f4f7 e5e6 h1h2 e6d6,817
5r2/8/6P1/4K3/6k1/8/7P/8 w - -,e5e6 g4g5 g6g7 f8a8 e6f7 a8a7 f7f8 g5f6 g7g8n f6e6,Mate
r1bqk2r/pp3pp1/4p2p/2p5/3P4/2bB1N2/P1P2PPP/1R1Q1RK1 w kq -,d3b5 e8e7 b1b3 c3d4 f3d4 d8d4 d1f3 a7a6 f1d1 d4e5,-17
rnbqk2r/1p3pp1/2p2n1p/p1bpp3/P1B1P3/2NP3P/1PP1NPP1/R1BQK2R w KQkq -,c4d5 c6d5 f2f4 f6h5 c3d5 e8h8 f4e5 b8c6 d1d2 c8e6,-323
8/8/8/8/5k2/8/8/1K1Q4 w - -,c4d5 c6d5 f2f4 f6h5 c3d5 e8h8 f4e5 b8c6 d1d2 c8e6,Mate
r2q1rk1/p1p2ppp/1p2pn2/3n4/3P1P2/2N3P1/PP1Q1PBP/R4RK1 w - -,c3d5 f6d5 h2h4 a8c8 a1c1 c7c6 g2f3 d8f6 f3d5 c6d5,11
r7/6P1/8/4K3/6k1/8/7P/8 w - -,e5e6 g4g5 e6f7 a8a7 f7f8 g5f6 g7g8n f6e6 h2h3 a7h7,Mate
2r1rnk1/5ppp/2pqbn2/pp1p4/3P4/3BPN1P/PPQ1NPP1/R1R3K1 w - -,c2c5 d6d8 e2f4 h7h6 c5c2 e6d7 f3e5 c6c5 e5d7 f8d7,109
r2q1rk1/p1p2ppp/1p2p3/3n4/3P1P2/6P1/PP1Q1PBP/R4RK1 w - -,h2h4 c7c6 a1c1 a8c8 g2f3 d8d7 c1c4 f8d8 f1c1 h7h6,3
r1br2k1/ppp2p2/2np2pB/2b1p1N1/2B1Pn2/2PP4/PP3PPP/RN3RK1 w - -,g5f7 d6d5 f7d8 f4e2 g1h1 d5c4 d8c6 b7c6 d3c4 a7a5,453
r1b2rk1/pp1nqpp1/2p1p2p/3p4/2PP4/2PBPN2/P1Q2PPP/R3K2R w KQ -,e1h1 b7b6 c4d5 c6d5 c2b3 c8b7 b3b4 e7d8 f1c1 a8c8,21
r7/6P1/5K2/7k/8/8/7P/8 w - -,f6f7 a8a7 f7f8 a7g7 f8g7 h5g4 g7g6 g4h4 g6f6 h4h3,Mate
r1b4r/2kp1npp/p1n2p2/1p3p2/4PPPP/5K2/2PQ4/3R1B2 w - -,f3f2 f5e4 d2d5 e4e3 f2g3 h8f8 c2c4 b5b4 f1g2 a6a5,-222
r1b2rk1/ppp2ppp/2n2b2/q7/2QP4/4BN2/PPP2PPP/R3KB1R w KQ -,c2c3 c6e7 c4b5 a5b6 f1c4 c8g4 b5b6 a7b6 f3d2 e7f5,121
Q7/8/1p6/4n3/6K1/8/8/1k6 w - -,f3d2 c8e6 c4c3 c6b4 f1d3 b4d3 c2d3 a5f5 e1h1 a8c8,Mate
5k2/pp4pp/4Pb2/3P4/4R3/6P1/Pr5P/6K1 w - -,d5d6 b2d2 e4b4 d2d6 b4b7 d6e6 b7b8 f8e7 b8b7 e7d6,-482
r1b2rk1/pp1nqpp1/2p4p/3p4/3P4/2PBPN2/P1Q2PPP/R3K2R w KQ -,e1h1 c6c5 c2b2 b7b6 a2a4 a8b8 h2h3 f8e8 f1b1 e7f6,38
r1b1kb1r/1p2pppp/p7/2pq4/3P4/5N2/PPP2PPP/R1BQK2R w KQkq -,c2c3 c5d4 d1d4 d5d4 f3d4 e7e5 d4b3 a6a5 c1e3 a5a4,-62
1r2r1k1/p2q1ppp/n7/1p1p4/P1pPn3/2P1P3/1BQ2PPP/4RRKN w - -,b2a3 b5b4 c3b4 a6b4 a3b4 b8b4 h1g3 a7a5 e1a1 e4g3,-142
4r1k1/pp1b1pp1/3q1n1p/3p4/3N4/2PQR2P/PP1N1PP1/6K1 w - -,d2b3 e8e4 f2f3 e4e3 d3e3 f6h5 e3d2 h5f4 b3c1 a7a5,25
r4r1k/pbp1qp1p/1p2pp2/3pP3/8/3B4/PPPQ1PPP/R3R1K1 w - -,a2a4 f8g8 a4a5 f6f5 a5b6 a7b6 g2g3 c7c5 d2h6 d5d4,-92
6r1/2pq1Nkp/6pn/ppp5/P1QP2b1/1P2p3/2B3PP/B3R1K1 w - -,d4c5 g7f8 c4f4 h6f7 f4e3 b5b4 a1f6 c7c6 c2d3 h7h6,548
6k1/pp3r1p/3qQ1p1/2bN4/7P/1P3PN1/P5P1/7K w - -,d5f6 g8f8 e6c8 f8g7 f6e8 g7h6 e8d6 c5d6 c8e6 h6g7,927
2r2rk1/pp2bppp/1qn2n2/5p2/3p4/2P1B2P/PP1NBPP1/RQ3RK1 w - -,e3d4 c6d4 c3d4 b6d4 d2f3 d4f4 g2g3 f4e4 e2d1 g7g6,-171
r2qk2r/pp1nbppp/2p1pn2/8/3P4/2PQB1N1/PP2NPPP/R3K2R w KQkq -,e1h1 e8h8 c3c4 d8c7 e3f4 c7a5 f4d2 a5a6 b2b3 f8d8,-7
5r2/p1p4k/1bp3p1/4p3/2BP4/2P3Pb/PP3P2/RN2R1K1 w - -,e1e5 h7h6 b1d2 f8d8 e5e7 c6c5 d4d5 c7c6 g1h2 h3g4,688
3r1rk1/pp3pbp/n1qP2p1/2p2b1n/N1Q2B2/5N2/PP2BPPP/R2R2K1 w - -,f4e3 d8d6 d1d6 c6d6 a4c5 g7b2 a1e1 d6c6 c4b3 c6b6,42
8/1Pk5/K4B2/3b3p/8/6P1/8/8 w - -,f3e5 c6e8 e2h5 g7e5 f4e5 e8e5 h5f3 d8d6 d1d6 e5d6,Mate
r1bqk2r/1p3pp1/2n2n1p/pBbpp3/P7/2NP3P/1PP1NPP1/R1BQK2R w KQkq -,c3b1 d8b6 e1h1 e8h8 b1a3 c8e6 c2c3 a8c8 e2g3 b6c7,-85
r4rk1/1npqbppp/p4n2/1b2p3/pP1P4/5N2/3N1PPP/RBBQR1K1 w - -,e1e5 e7b4 d2e4 f6e4 e5e4 b7a5 f3e5 d7e6 d1h5 g7g6,-93
4b1k1/8/1n2pBpp/1p1pP3/p2P1N2/bpP1P2P/P1B5/6K1 w - -,a2b3 a4b3 c2b3 e8f7 f6d8 b6c4 b3c4 b5c4 h3h4 a3b2,-23
r1bqk2r/pp3pp1/4p2p/2pn4/1b1P4/2NB1N2/PPPQ1PPP/R3K2R w KQkq -,d4c5 d5c3 b2c3 b4c5 e1h1 d8c7 d2e2 c5d6 f1e1 c8d7,-60
rnb2rk1/ppp1nppp/3p1q2/2b1p3/2P3P1/3P1N1B/PP2PP1P/RNBQ1RK1 w - -,b1c3 b8c6 g1h1 e7g6 e2e3 g6h4 f3e1 f6d8 c1d2 a7a6,-23
8/1p6/8/1R1p1r2/5Npp/P1P1K1P1/1Pk4P/4r3 w - -,e3d4 e1e4 d4c5 d5d4 c5d6 f5b5 a3a4 d4c3 b2c3 e4a4,-767
4b1k1/8/1n2pBpp/1p1pP3/3P1N2/bpP1P2P/2B5/6K1 w - -,c2b3 e8f7 f6d8 b6c4 b3c4 b5c4 h3h4 a3b2 f4e2 f7e8,-25
8/1kp3p1/1p4Pp/p3P3/Pb4P1/1P5P/1Br3K1/3R4 w - -,g2g1 c2b2 d1d7 b4c3 d7g7 c3e5 g7h7 b2b3 h7h6 b6b5,-414
8/5R2/5K2/8/8/5k2/8/8 w - -,g2g1 c2b2 d1d7 b4c3 d7g7 c3e5 g7h7 b2b3 h7h6 b6b5,Mate
8/3Pk3/p7/2p4p/1pP5/1P4K1/P7/8 w - -,,0
r1br2k1/ppp2ppp/2nq1b2/8/2QP4/4BN2/PPP2PPP/2KR1B1R w - -,c2c3 c8e6 c4a4 c6e7 f1d3 e7d5 f3d2 d6e7 d2e4 d5e3,67
8/4R3/5K2/8/5k2/8/8/8 w - -,f1e2 c6b4 a2a3 b4d5 e3d2 d5f4 d2f4 d6f4 c1b1 c7c6,Mate
8/4Npk1/6p1/5r2/8/7P/6P1/b4R1K w - -,e7f5 g7f6 f5g3 f6e6 f1a1 e6f6 a1f1 f6e6 h1h2 e6d5,826
8/3k4/p7/2p4p/1pP4K/1P6/P7/8 w - -,,0
r4rk1/1npqbppp/p7/1b1nP3/pP6/5N2/3N1PPP/RBBQR1K1 w - -,d1c2 g7g6 d2e4 a6a5 b4a5 b7a5 e5e6 f7e6 f3e5 d7e8,60
r5k1/pp1r1pp1/1qp1p2p/3N4/8/3P1B1P/PP2QPPb/1R2R1K1 w - -,g1h2 c6d5 h2g1 d7c7 e1c1 g8h7 e2d2 a8c8 d2f4 c7c1,345
r1bqkbnr/1ppp1pp1/2n5/p6p/P2pP2P/5N2/1PP2PP1/RNBQKB1R w KQkq -,f3d4 g8f6 c1g5 f8b4 b1c3 d8e7 f1e2 d7d5 e4d5 c6d4,64
r4r1k/pbp1qp1p/1p2p2Q/3pPp2/8/3B4/PPP2PPP/R3R1K1 w - -,a2a4 f8g8 a4a5 g8g6 h6f4 g6g4 f4d2 d5d4 g2g3 e7c5,-114
8/1P6/K1k5/3bB2p/8/6P1/8/8 w - -,a2a4 f8g8 a4a5 g8g6 h6f4 g6g4 f4d2 d5d4 g2g3 e7c5,Mate
8/1p6/8/1R1pr3/5Npp/P1P1K1P1/1Pk4P/1r6 w - -,e3f2 h4h3 c3c4 b1h1 b5d5 e5d5 c4d5 h1h2 f2g1 h2d2,-575
rn3rk1/4qpp1/b2b4/3pN2Q/3P1B2/1R6/5PPP/5RK1 w - -,e3f2 h4h3 c3c4 b1h1 b5d5 e5d5 c4d5 h1h2 f2g1 h2d2,Mate
5rk1/p4ppp/6r1/qn6/2pPNB2/1nP2P2/2R3PP/3RQ1K1 w - -,e1f1 f8c8 f1e1 h7h6 h2h4 c8f8 h4h5 g6a6 e1g3 a5d8,94
rn1qk2r/1p1b1pp1/5n1p/pBbpp3/P7/2NP3P/1PP1NPP1/R1BQK2R w KQkq -,e2g3 b8c6 e1h1 e8h8 c3e2 d8b6 c2c3 f8e8 c1d2 a8c8,-57
r5k1/pp3ppp/nbp1qn2/8/8/2N1P1PP/PP3PB1/R1BQ2K1 w - -,d1e2 a8d8 b2b3 a6c5 c1b2 c5d3 c3a4 d3b2 e2b2 b6c7,10
r5k1/pp1r1pp1/1q2p2p/3p4/8/3P1B1P/PP2QPPK/1R2R3 w - -,e1c1 d7c7 h2g1 a8c8 e2d2 b6a6 c1c7 c8c7 b1c1 c7c1,355
8/8/8/6K1/6P1/4kr2/7P/8 w - -,h2h4 f3f8 h4h5 f8g8 g5f5 e3f3 g4g5 g8f8 f5g6 f3g4,Mate
r2q1rk1/pp1nbppp/2p1pn2/8/3P4/2PQB1NP/PP2NPP1/R3K2R w KQ -,e1h1 d7e5 d3c2 e5g6 a1d1 d8c7 b2b3 a8d8 c3c4 h7h6,-17
rnr3k1/5pp1/3p1q1p/p2P4/RbB1P1b1/2N5/1PQN1PPP/5RK1 w - -,g1h1 g4d7 a4a1 b8a6 c2d3 a6c5 d3e3 f6g6 f2f4 b4c3,-25
r1b1k2r/ppp1qpp1/8/7p/4P1n1/2P2N2/PP2BbPP/R1BQ1R1K w kq -,e2b5 c7c6 b5c4 c8e6 c4e6 e7e6 d1e2 e8a8 c1f4 h8e8,27
8/8/8/6K1/4k1PP/5r2/8/8 w - -,g5g6 f3f4 h4h5 f4g4 g6f6 g4h4 f6g6,Mate
1r1q1rn1/1ppb1pkp/p2p1np1/3Pp3/P3P2N/2N3P1/1PPQBP2/R3K2R w KQ -,h4g2 c7c6 g2e3 b7b5 d5c6 d7c6 f2f3 b5b4 c3d1 c6e4,-100
r5rk/pbp1qp1p/1p2p2Q/3pPp2/6P1/3B4/PPP2P1P/R3R1K1 w - -,d3e2 g8g6 h6f4 a8g8 h2h3 d5d4 f4g3 f5g4 h3g4 h7h5,-400
2k5/8/p2P4/2p1R3/8/2P5/Pr5r/1K1R4 w - -,,0
5rk1/p4ppp/3p1n2/3Bp1B1/3bP3/2NP3q/PPP2P2/R2Q1RK1 w - -,g5f6 g7f6 d5c6 g8h8 c6d7 f8g8 d1g4 g8g4 d7g4 h3g4,-296
r4rk1/ppp2pp1/2nq4/2b1p1BQ/4P3/1BpP3P/PP3PP1/R3R1K1 w - -,b2c3 a8e8 a1d1 b7b5 b3c2 c6d8 d3d4 c5b6 e1e3 d6g6,216
2r3k1/4q1pp/r1p1p3/p2nP3/1p6/P3R2P/1BQ2PP1/3R2K1 w - -,d1d5 e6d5 e5e6 g8h8 f2f4 c6c5 f4f5 c5c4 b2d4 e7h4,-62
r5k1/pp1r1pp1/4p2p/3p4/3q4/3P1B1P/PP2QPPK/1RR5 w - -,e2e3 d4b6 a2a3 d7d6 h3h4 d6c6 c1c6 b6c6 b1c1 c6d7,387
5r1k/p4p1p/3p1p2/3Bp3/3bP3/3P3q/PPP1NP2/R2Q1RK1 w - -,e2e3 d4b6 a2a3 d7d6 h3h4 d6c6 c1c6 b6c6 b1c1 c6d7,Mate
rnb1kb1r/6pp/4pn2/qNpp4/8/5NP1/PP2PP1P/R1BQKB1R w KQkq -,b2b4 a5b5 c1d2 b5a4 d1a4 a8a4 b4c5 f6e4 e2e3 c8d7,-638
2k5/8/p2P4/2p1R3/8/2P5/r6r/K2R4 w - -,,0
r6k/pbp1qp1p/1p2p1rQ/3pPp2/6P1/3B3P/PPP2P2/R3R1K1 w - -,h6e3 h7h5 g1f1 d5d4 e3d4 h5g4 e1e3 h8g7 h3g4 g6g4,-390
8/5pk1/5b2/5R2/8/7P/6P1/7K w - -,g2g3 g7g6 f5b5 f6g5 h3h4 g5d2 h4h5 g6h7 g3g4 d2h6,718
rnbq1rk1/ppp1ppbp/3p1np1/3P4/2B1P3/2P2N2/PP2QPPP/RNB1K2R w KQ -,c4d3 e7e6 d5e6 c8e6 c1e3 d6d5 b1d2 f8e8 d3c2 b8d7,-39
2k5/8/p2P4/2p1R3/8/2P5/rr6/1K1R4 w - -,,0
rnb1k2r/pp2bpp1/4pn1p/2P5/2p4B/2N1PN2/PP3PPP/R2qKB1R w KQkq -,a1d1 b8d7 f1c4 d7c5 c4e2 a7a6 f3e5 b7b5 e2f3 c8b7,25
8/1k6/p2P4/2p1R3/8/2P5/rr6/2KR4 w - -,,0
8/8/p3k3/2p4K/1pP5/1P6/P7/8 w - -,,0
4r1k1/pp1r1pp1/4p2p/3p4/3q4/2RP1B1P/PP2QPPK/1R6 w - -,b1c1 d7d8 c3c2 e6e5 e2e3 d4b4 g2g3 b4d6 f3g2 a7a5,396
5k2/6r1/8/1Q1K4/8/8/8/8 w - -,b1c1 d7d8 c3c2 e6e5 e2e3 d4b4 g2g3 b4d6 f3g2 a7a5,Mate
8/1k1P4/p7/2p1R3/8/2P5/r4r2/2KR4 w - -,,0
r1bqk2r/pp3pp1/4p2p/3n4/1b1p4/2NB1N2/PPPQ1PPP/R4RK1 w kq -,f3d4 e8h8 f1d1 b4c3 b2c3 d8a5 c3c4 a5d2 d1d2 d5f6,-41
6rk/pbp1qp1p/1p2p1r1/3pPp1Q/6P1/3B3P/PPP2P2/R3R1K1 w - -,f2f4 e7b4 e1f1 g6g4 h3g4 g8g4 h5g4 f5g4 a1e1 c7c5,-505
r1bq1rk1/1pp2pb1/p1np2np/4p1p1/B3P3/2PP1NB1/PP1N1PPP/R2Q1RK1 w - -,f3e1 f7f5 e4f5 c8f5 a4b3 g8h8 b3d5 d8d7 d5e4 a8e8,-82
8/8/1K6/6R1/4r3/5k2/3P4/8 w - -,b6c5 e4a4 g5e5 a4a5 c5d4 a5a7 d4c4 a7a4 c4b3 a4a8,426
8/8/p5K1/2p1k3/1pP5/1P6/P7/8 w - -,,0
r4rk1/1npqbp1p/p5p1/1b1nP3/pP6/5N2/2QN1PPP/RBB1R1K1 w - -,e5e6 f7e6 f3e5 d7e8 b1a2 e7f6 c1a3 f6g7 d2f3 f8f5,58
6k1/p1p2pp1/5n2/1pb4p/4rpP1/1P3PqP/PN2Q3/4RK1R w - -,,0
rnbqkb1r/pp5p/2p1pnp1/3p1p2/3P1B2/4PN2/PPP1BPPP/RN1Q1RK1 w kq -,c2c4 f8g7 b1c3 f6e4 f3e5 e8h8 c3e4 d5e4 f4g3 g6g5,97
4rk2/pp1r1pp1/4p2p/3p4/3q4/2RP1B1P/PP2QPPK/2R5 w - -,e2e3 d4e3 f2e3 a7a5 d3d4 d7d6 c3b3 d6c6 c1c6 b7c6,408
r2r2k1/ppb2ppp/4p3/1P1n4/8/6P1/PP3PBP/R1B2RK1 w - -,f1d1 c7e5 a1b1 a8c8 c1d2 b7b6 b2b3 f7f6 d2e1 d5c3,-7
2r3k1/5qpp/r1p1p3/p2nP3/8/B2R3P/2Q2PP1/3R2K1 w - -,d3f3 f7g6 c2c5 a6a8 d1d4 g8h8 g1h2 g6e8 d4h4 e8g8,46
r4rk1/ppp2pp1/2n5/2b1p1BQ/4P3/1BPq3P/P4PP1/R3R1K1 w - -,a1d1 d3c3 h5g4 f8d8 g5f6 c5f8 g4h5 c3b3 a2b3 g7f6,410
8/6pk/7p/p6Q/3P4/2P2P1N/6P1/4q1K1 w - -,g1h2 a5a4 h5a5 e1e8 d4d5 e8d7 f3f4 h7g6 d5d6 d7d6,566
6rk/pb2qp1p/1p2p1r1/2ppPp1Q/6P1/3B1P1P/PPP5/R3R1K1 w - -,d3f5 e6f5 h5f5 d5d4 e1e2 e7h4 e2g2 h4h3 a1f1 h3h6,-511
4rk2/ppr2pp1/4p2p/3p4/3q4/3P1B1P/PP2QPPK/2R5 w - -,c1c7 d4f4 g2g3 f4c7 h2g2 e8c8 h3h4 f8g8 f3h5 c7c5,-411
krN5/1n6/2Q5/qN6/Pp6/1P6/2K5/8 w - -,c1c7 d4f4 g2g3 f4c7 h2g2 e8c8 h3h4 f8g8 f3h5 c7c5,Mate
6k1/p1p2pp1/8/1pb4p/4npP1/1P4qP/PN2Q3/4RK1R w - -,,0
8/8/8/2K3R1/r7/5k2/3P4/8 w - -,g5e5 a4a5 c5d4 a5a8 d4c4 a8c8 e5c5 c8a8 d2d4 f3f4,467
4rk2/ppR2pp1/4p2p/3p4/5q2/3P1B1P/PP2QPPK/8 w - -,g2g3 f4c7 h2g2 e8c8 e2e3 c7b6 e3d2 f8g8 h3h4 b6d4,-432
r5k1/pp3p1p/2p3p1/2Pp2r1/8/2q1PQ1P/P4PP1/1R2R1K1 w - -,,0
r1bq1rk1/1pp2pb1/p1np2n1/4p1pp/B3P3/2PP1NBP/PP1N1PP1/R2Q1RK1 w - -,a4b3 c6a5 b3c2 g7h6 b2b4 a5c6 d2c4 g5g4 h3g4 h5g4,-58
rn1q1rk1/ppp3bp/3ppnp1/8/4P3/2P2N2/PP2QPPP/RNB2RK1 w - -,e4e5 d6e5 f3e5 d8d5 b1d2 b8c6 e5c6 d5c6 f1e1 a8e8,53
8/8/8/4k1KP/6P1/5r2/8/8 w - -,g5g6 e5e6 h5h6 f3f6 g6g7 f6f7 g7g6 e6e7 h6h7 f7f8,Mate
4r1k1/1p1b1pp1/p6p/3p4/3N4/2P4P/PP2RPP1/6K1 w - -,e2e8 d7e8 g1f1 e8d7 f1e2 g8f8 e2e3 f8e7 d4c2 e7d6,75
8/1k1P4/p7/2p1R3/8/2P5/1r3r2/1K1R4 w - -,,0
6rk/pb2qp1p/1p2p1r1/2p1Pp1Q/3p2P1/3B1P1P/PPP4K/R3R3 w - -,d3e2 e7c7 h5h4 f5g4 f3g4 f7f5 e2c4 c7g7 e1g1 g6h6,-537
1r3rk1/5p2/p3pR2/1p4pN/6Pn/2P4Q/PP2R3/1q5K w - -,h3f1 b1f1 f6f1 h4g6 e2h2 g6e5 h5f6 g8g7 h2e2 e5g6,-136
8/8/4k2P/6K1/6P1/5r2/8/8 w - -,g5g6 f3f6 g6g7 f6f7 g7g6 e6e7 h6h7 f7f8 g6g7 f8a8,Mate
rnbqk2r/pp2bppp/4pn2/3p4/2PN4/6P1/PP2PPBP/RNBQ1RK1 w kq -,b1c3 e6e5 d4c2 d5d4 c3d5 e8h8 e2e3 d4e3 c2e3 e7c5,92
rnbq1rk1/pp2ppbp/2pp1np1/3P4/2B1P3/2P2N2/PP2QPPP/RNB2RK1 w - -,a2a4 b8d7 d5c6 b7c6 e4e5 d6e5 f3e5 d7e5 e2e5 f6d5,-21
2r2rk1/pp2bppp/1qn1pn2/3p1b2/1P3B2/2P1PN1P/P2NBPP1/R1Q2RK1 w - -,c1e1 a7a5 a2a3 f6e4 a1c1 e7f6 d2e4 f5e4 f3d2 e4g6,-31
r4rk1/5ppp/p2p1q2/Q1pPp3/2P5/Pp1P1N2/1P3PPP/R4RK1 w - -,a5c3 a6a5 a1e1 a5a4 f3d2 f6h6 f2f4 e5f4 d3d4 c5d4,382
q4rn1/2pb1pkp/3p1np1/1p1Pp3/1P2P3/r1N3P1/2PQBPN1/1R3RK1 w - -,f2f3 a8a7 g1h2 a7b6 b1b2 f8a8 c3b1 a3a2 b2b3 g8e7,-142
r1bqk2r/1p1nbp2/p1npp2p/6p1/3NP1P1/2N1B2P/PPP1QPB1/2KR3R w kq -,d4f5 e6f5 e4f5 e8f8 c1b1 a6a5 f2f4 a5a4 a2a3 a8a5,202
rnbqkb1r/1p2pp1p/5np1/3p4/p7/1P3NP1/P2PPPBP/RNBQ1RK1 w kq -,b1c3 a4b3 d1b3 f8g7 c1b2 e8h8 c3b5 b8c6 a2a4 f8e8,49
8/7P/4k3/6K1/6P1/7r/8/8 w - -,g5g6 h3h4 g4g5 h4h1 g6g7 e6f5 h7h8q h1h8 g7h8 f5g5,Mate
r1b1kbnr/1ppp1pp1/p1n2q2/1B2p2p/4P3/3P1N2/PPP2PPP/RNBQ1RK1 w kq -,b5a4 f8c5 c2c3 g8e7 f1e1 d7d6 d3d4 b7b5 d4c5 b5a4,95
6rk/pb2qp1p/1p2p3/2p1PP1Q/3p4/3B1P1P/PPP3rK/R3R3 w - -,h2h1 g2g5 e1g1 g5h5 g1g8 h8g8 f5f6 b7f3 h1g1 e7c7,-1266
rnbqr1k1/ppp3pp/8/3n1p2/1b6/2NP1N2/PPP1BPPP/R1BQK2R w KQ -,c1g5 d5c3 b2c3 b4c3 e1f1 d8d6 a1b1 h7h6 g5d2 c3d2,-107
4rk2/ppq2pp1/4p2p/3p4/8/3P1BPP/PP2QP1K/8 w - -,h2g2 e8c8 f3h5 f8g8 e2e3 c7b6 e3d2 b6d4 d2e2 c8f8,-433
rnbqr1k1/ppp3pp/8/3n1p2/8/2bP1N2/PPPBBPPP/R2QK2R w KQ -,e1h1 c3b2 a1b1 b2c3 f1e1 b8d7 d3d4 c3d2 d1d2 d7f6,-344
8/8/KP2kB2/3b3p/8/6P1/8/8 w - -,f6g5 e6d7 b6b7 d5b7 a6b7 d7e6 g5h4 e6f5 b7c7 f5e4,1275
8/5p2/5k2/8/8/7P/6P1/7K w - -,h1h2 f6f5 h2g3 f5g5 g3f3 g5f5 h3h4 f5g6 f3g4 g6h6,1248
r1bqk2r/1p3ppp/p1n2n2/4p3/1bB5/1PN1PN2/P2B1PPP/R2QK2R w KQkq -,f3g5 e8h8 a2a3 b4e7 d1c2 h7h6 g5e4 f6e4 c2e4 g8h8,-53
8/1p3k2/1P1p2p1/2pP4/2P2P2/P1Q3r1/3K4/4b3 w - -,f3g5 e8h8 a2a3 b4e7 d1c2 h7h6 g5e4 f6e4 c2e4 g8h8,Mate
krN5/1n6/2Q5/qN6/Pp6/1P6/4K3/8 w - -,f3g5 e8h8 a2a3 b4e7 d1c2 h7h6 g5e4 f6e4 c2e4 g8h8,Mate
2r2k2/ppq2pp1/4p2p/3p4/3P4/5BPP/PP2QP1K/8 w - -,h2g2 f8g8 b2b3 c7c3 e2e5 c3d2 f3e2 d2c2 h3h4 c2e4,-509
r1bq1rk1/1p3pbp/p2p1np1/2pPn3/4P3/2N1BPN1/PP1Q2PP/R3KB1R w KQ -,f1e2 b7b5 e1h1 b5b4 c3d1 f8e8 h2h3 a6a5 e3h6 g7h6,33
5rn1/2pb1pkp/q2p1np1/1p1Pp3/1P2P3/r1N2PP1/2PQB1N1/1R3RK1 w - -,g1h2 f8a8 b1b2 a6b6 c3b1 a3a2 b2b3 g8e7 b1c3 a2a3,-145
r4rk1/ppp2pp1/2n5/2b1p1BQ/4P3/1Bq4P/P4PP1/3RR1K1 w - -,h5g4 g8h8 e1e2 a8e8 d1d7 e8e7 g5e7 c5e7 d7e7 c6e7,432
rnbq1r1k/ppp4p/4p3/5p2/2BP2QB/2P5/P4PPP/R3K2R w KQ -,h4d8 f5g4 d8c7 c8d7 a1b1 b7b6 d4d5 f8f5 h2h3 g4h3,300
rnb1r1k1/ppp1q1pp/5n2/5p2/2P5/3P1N2/P1PBBPPP/R2QK2R w KQ -,d2c3 b8c6 d1d2 b7b6 e1f1 h7h6 a1e1 e7d6 h2h4 e8e7,91
2r2rk1/pp1bbppp/1qn1p3/3n4/2BP4/2P1BN2/PP1NQPPP/R3K2R w KQ -,a1b1 f7f5 c4d3 b6c7 d2c4 e7f6 e1h1 b7b5 c4e5 c6e5,103
r5rk/pbp1qp1p/1p2p2Q/3pPp2/8/3BR3/PPP2PPP/R5K1 w - -,d3e2 g8g6 h6f4 a8d8 e3g3 d5d4 a1d1 c7c5 g3g6 f7g6,-128
8/8/6B1/8/3B4/8/5K2/2k5 w - -,d3e2 g8g6 h6f4 a8d8 e3g3 d5d4 a1d1 c7c5 g3g6 f7g6,Mate
r1b1r1k1/pppnq1pp/5n2/5p2/2P5/2BP1N2/P1P1BPPP/R2QK2R w KQ -,d1d2 d7c5 e1f1 c8d7 h2h3 e7d6 a1e1 c5a4 c3a1 e8e7,112
5rk1/6pp/r1p1p3/p2nP3/8/7P/2Q2PP1/3R2K1 w - -,d1a1 a5a4 a1a3 f8a8 c2c5 a8d8 g2g3 h7h6 g1g2 g8h7,126
4b1k1/8/4pBpp/3pP3/2pP1N2/b1P1P2P/8/6K1 w - -,,0
8/8/KP6/3b1kBp/8/6P1/8/8 w - -,g5h4 d5f3 b6b7 f3b7 a6b7 f5e4 b7c7 e4e5 c7c6 e5e6,9605
6k1/p1p2pp1/8/1pb4p/4n1P1/1P1N1pqP/P3Q3/4RK1R w - -,,0
8/8/p7/2pP2k1/1pP4p/1P4K1/P7/8 w - -,g3h3 a6a5 d5d6 g5f6 h3h4 f6e6 h4g5 e6d6 g5f5 a5a4,1564
r6k/pbp1qprp/1p2p2Q/3pPp2/8/3B3R/PPP2PPP/R5K1 w - -,d3e2 a8f8 a1e1 c7c5 c2c3 e7g5 h6g5 g7g5 f2f4 g5g8,-112
r1b2rk1/ppp1nppp/n2p1q2/2b1p3/2P3P1/3PBN1B/PP2PP1P/RN1Q1RK1 w - -,e3g5 f6e6 g1h1 f7f6 g5d2 e5e4 f3h4 e4d3 e2d3 f6f5,-60
rnbqkb1r/1p2pp1p/2p2np1/3p4/p7/1P3NP1/PBPPPPBP/RN1Q1RK1 w kq -,b1a3 f8g7 c2c4 e8h8 d2d3 a4b3 a2b3 c8g4 b3b4 b8d7,32
1r6/2p2p2/2B1bkp1/p1P5/1p6/4KP2/PR4PP/8 w - -,g2g4 b8d8 h2h4 d8d1 c6a4 d1c1 c5c6 f6e5 a4c2 e6d5,-180
8/8/p4k2/2pP4/1pP4p/1P5K/P7/8 w - -,h3h4 f6g7 h4g4 g7f7 g4f5 f7e7 f5e5 e7f7 d5d6 f7e8,1078
r1bq1rk1/pp2bppp/2nppn2/2p5/4PP2/1PN5/PBPPQ1PP/2KR1BNR w - -,g2g4 d6d5 e4e5 f6d7 e2g2 c5c4 b3c4 d8a5 c4d5 e6d5,-44
r1b1k2r/p2ppp1p/1q3np1/8/3Q1P2/2N5/PPP3PP/2KR1B1R w kq -,c3d5 b6d4 d1d4 f6d5 d4d5 a7a5 f1b5 e8d8 h1e1 d7d6,48
8/8/KP6/3b3p/6kB/6P1/8/8 w - -,a6a7 g4f3 b6b7 d5b7 a7b7 f3f2 b7c6 f2f1 c6d6 f1f2,20000
r1b1k2r/ppp2ppp/2p5/4P3/4P3/8/PPPq1KPP/RNBQ1B1R w kq -,d1d2 e8h8 d2c3 a7a5 f2g1 f8e8 c1f4 c8d7 b1d2 b7b6,1884
rnbqk2r/1p2ppbp/2p2np1/p2p4/2P5/1P3NP1/P2PPPBP/RNBQ1RK1 w kq -,c1b2 e8h8 d2d3 f8e8 f1e1 e7e5 b2e5 d5c4 d3c4 d8d1,35
qk6/1np2rp1/bp3p2/5rbp/1P6/2R3NP/1QP2PP1/4RBK1 w - -,e1e8 b7d8 e8d8 a6c8 g3f5 f7d7 d8c8 b8c8 b2b3 g5d2,640
rnbqkb1r/pppppp2/6p1/4P1B1/3P4/2N2N1p/PPPQ1PPP/R3KB1R w KQkq -,d4d5 d7d6 e1a1 d6e5 f3e5 f8g7 d1e1 e8h8 e5f3 c8g4,547
8/3B3k/5K2/2N5/8/8/8/8 w - -,g2h3 d7d5 e1a1 b8c6 h3h4 c8f5 f1d3 d8d7 c1b1 e8a8,Mate
rnbqk2r/1p2ppbp/2p2np1/3p4/p1P5/1P3NP1/PB1PPPBP/RN1Q1RK1 w kq -,b1a3 e8h8 d2d3 a4b3 a2b3 c8g4 b3b4 b8d7 d1b3 e7e6,36
r1bq1rk1/p3bppp/2p5/2P5/1n1p4/3B2B1/PP1N1PPP/R2Q1RK1 w - -,d3b1 d4d3 a2a3 b4c2 b1c2 d3c2 d1c2 d8d5 f1e1 d5c5,40
5rk1/1bq3pp/p2pp2P/1p2n3/4P3/PNN5/1PPQ1bP1/R3R1K1 w - -,g1f1 f2e3 f1e2 f8f2 e2d1 e3d2 b3d2 g7h6 a3a4 b5b4,-619
3r1rk1/5p2/p3pR2/1p4pN/6Pn/2P4Q/PP2R2K/1q6 w - -,a2a4 d8d3 h5g3 h4f3 f6f3 d3f3 h3h5 b1h7 h2g2 h7h5,-327
8/1b6/K7/7p/6kB/6P1/8/8 w - -,a2a4 d8d3 h5g3 h4f3 f6f3 d3f3 h3h5 b1h7 h2g2 h7h5,Mate
4b1k1/8/4pBpp/1p1pP3/2nP1N2/bBP1P2P/8/6K1 w - -,f4e6 c4e3 g1f2 e3c4 e6f4 e8f7 e5e6 f7e6 f4e6 g8f7,100
r4rk1/pp3ppp/1np3q1/5n2/1Q6/N1P5/PP3PPP/R3R1K1 w - -,a1d1 f8e8 e1e8 a8e8 b4e4 g6e6 e4d3 h7h5 h2h3 e6g6,-461
r6k/pp5p/2p1Q1p1/2Pp4/8/1q2P2P/6P1/5RK1 w - -,e6f6 h8g8 f6e6 g8h8 f1f7 b3b2 e6e7 h8g8 h3h4 b2c3,540
2r3n1/2pb1pk1/1q1p1np1/1p1Pp2p/1P2P3/1PN1NPP1/3QB1K1/5R2 w - -,f1d1 g8e7 e2d3 c8a8 d1h1 c7c6 d5c6 d7c6 e3g4 e7g8,-141
8/8/7K/4k3/6PP/5r2/8/8 w - -,f1d1 g8e7 e2d3 c8a8 d1h1 c7c6 d5c6 d7c6 e3g4 e7g8,Mate
r1b1k2r/p2ppp1p/5np1/3N4/3q1P2/8/PPP3PP/2KR1B1R w kq -,f1e2 d4d5 d1d5 f6d5 e2f3 c8b7 h2h4 e7e6 h4h5 g6h5,-641
6k1/p1p2pp1/8/1p5p/4n1P1/bP1N1pqP/PQ6/4RK1R w - -,b2h2 g3h2 h1h2 e4g3 f1g1 c7c5 h2f2 g3e2 e1e2 f3e2,492
rnbq1rk1/ppp2ppp/3b1n2/4p1N1/8/1BN5/PPPP1PPP/R1BQK2R w KQ -,d2d3 b8c6 c1e3 c6d4 e1h1 a7a5 b3c4 c7c6 a2a4 h7h6,-33
r2q1rk1/p3bppp/b1p5/2P5/1n1p4/6B1/PP1N1PPP/RB1Q1RK1 w - -,f1e1 d4d3 d2f3 e7c5 a2a3 b4d5 f3e5 d5f6 b1d3 a6d3,51
2r1q1k1/6pp/r1p1p3/p2nP3/8/B4R1P/2Q2PP1/3R2K1 w - -,c2c4 a6b6 f3f8 e8f8 a3f8 c8f8 c4c5 h7h6 c5d6 c6c5,150
8/8/5kPK/7P/8/6r1/8/8 w - -,c2c4 a6b6 f3f8 e8f8 a3f8 c8f8 c4c5 h7h6 c5d6 c6c5,Mate
8/1p6/8/3N4/3K2p1/P1P3r1/1Pk5/8 w - -,d5b4 c2b2 c3c4 g3f3 d4e4 f3c3 b4d5 c3c4 e4d3 b2b3,-621
r2qk2r/pppbbppp/2npp3/7n/3P1B2/P1PBPN2/1P3PPP/RN1QK2R w KQkq -,h2h4 f7f5 b1d2 e7f6 f4h2 g7g6 d1b3 e6e5 d4e5 d6e5,49
r1bq1r2/pp2npp1/2n1p1k1/b2p2N1/2PP1B2/P1N5/1P3PPP/R2QK2R w KQ -,d1g4 f7f5 g4g3 a5c3 b2c3 d8a5 e1h1 f8g8 f1e1 d5c4,399
r1bq1bnr/2pp1kpp/p7/np2p3/4P3/3P1N2/PPP2PPP/RNBQK2R w KQ -,c1d2 a5c6 f3e5 c6e5 d1h5 g7g6 h5e5 g8f6 e5g3 d7d6,-160
rnbq1rk1/1p2ppbp/2pp1np1/p2P4/P1B1P3/2P2N2/1P2QPPP/RNB2RK1 w - -,f1e1 b8d7 h2h3 d7b6 e1d1 b6c4 e2c4 c8d7 c4e2 c6d5,-20
2b4Q/3k1p2/p7/3pP3/q7/4P2P/5PP1/6K1 w - -,,0
6k1/ppR4p/3bP1p1/3P4/8/6P1/Pr5P/6K1 w - -,c7f7 b2d2 f7d7 d6c5 g1f1 h7h5 f1e1 d2d4 a2a4 g8f8,-264
8/8/5B2/7B/8/8/2k2K2/8 w - -,c7f7 b2d2 f7d7 d6c5 g1f1 h7h5 f1e1 d2d4 a2a4 g8f8,Mate
2r3k1/3qbr2/p3n2Q/2ppP3/8/1P1B4/PBP3PP/7K w - -,b2c1 c8f8 h2h4 f7g7 c1e3 f8f7 c2c3 c5c4 d3e2 e6f8,-560
rnbq1rk1/2p2pp1/p3p3/1p2P1bQ/3P3P/2P5/P4PP1/R1B1K2R w KQ -,b2c1 c8f8 h2h4 f7g7 c1e3 f8f7 c2c3 c5c4 d3e2 e6f8,Mate
2r2k2/pp3pp1/4p2p/3p4/3P4/5BPP/PPqQ1P1K/8 w - -,d2b4 f8g8 h2g2 b7b6 b4b5 c2d2 f3h5 c8f8 b2b3 d2d4,-490
r1bq1rk1/1p1nppbp/2pp1np1/p2P4/P1B1PB2/2P2N2/1P2QPPP/RN3RK1 w - -,d5c6 b7c6 b1d2 d7c5 e4e5 f6d5 f4g5 h7h6 g5e3 c5e6,-46
r2q1rk1/p3bppp/b1p5/2P5/1n6/3p2B1/PP1N1PPP/RB1QR1K1 w - -,d2f3 e7c5 a2a3 b4d5 f3e5 d5f6 b1d3 a6d3 d1d3 d8d3,41
8/5kP1/7K/7P/8/6r1/8/8 w - -,d2f3 e7c5 a2a3 b4d5 f3e5 d5f6 b1d3 a6d3 d1d3 d8d3,Mate
8/8/5BB1/8/8/1k6/5K2/8 w - -,d2f3 e7c5 a2a3 b4d5 f3e5 d5f6 b1d3 a6d3 d1d3 d8d3,Mate
4b1k1/8/4pBpp/1p2P3/2pP1N2/b1P1P2P/8/6K1 w - -,f4e2 g8f7 f6d8 b5b4 c3b4 a3b4 d8c7 e8c6 c7d6 b4a5,-221
2r3k1/6pp/r1p1p1q1/p2nP3/8/B2R3P/2Q2PP1/3R2K1 w - -,c2c5 g6h5 d1e1 a6a8 d3f3 h5g6 g1h2 a5a4 e1c1 g6h5,7
r1bqkb1r/pp3ppp/2n2n2/1B2p3/8/4P3/PP1P1PPP/RNBQK1NR w KQkq -,g1f3 f8d6 d2d3 c8d7 h2h3 a7a6 b5a4 c6b4 e1h1 a8c8,75
r4r1k/pbp1q1pp/1p2pp2/3pPP2/5Q2/3B4/PPP2PPP/R3R1K1 w - -,e5f6 f8f6 e1e3 c7c5 a1e1 a8f8 f4h4 c5c4 d3f1 f6f7,196
r1bq1rk1/1p2ppbp/1npp1np1/p2P4/P1B1PB2/2P2N2/1P1NQPPP/R4RK1 w - -,c4b3 c6d5 f4g5 f8e8 e4d5 b6d5 e2c4 d8c7 c4h4 c8d7,-89
r1bq1bnr/2pp2pp/p3k3/np2N3/4P3/3P4/PPP2PPP/RNBQK2R w KQ -,d1g4 e6e7 c1g5 g8f6 b1c3 e7e8 g4h4 d7d6 e5g6 h8g8,53
r2q1rk1/p4ppp/b1p5/2b5/1n6/3p1NB1/PP3PPP/RB1QR1K1 w - -,a2a3 b4d5 f3e5 d5f6 b1d3 a6d3 d1d3 d8d3 e5d3 c5b6,46
2r3k1/pp3pp1/4p2p/3p4/1Q1P4/5BPP/PPq2P1K/8 w - -,h2g2 b7b6 h3h4 c2c4 b4d2 c4c1 d2d3 c1b2 d3e3 b2c1,-508
8/8/5kPK/7P/8/8/8/6r1 w - -,h2g2 b7b6 h3h4 c2c4 b4d2 c4c1 d2d3 c1b2 d3e3 b2c1,Mate
8/8/p2P1k2/2p4K/1pP5/1P6/P7/8 w - -,,0
3r2k1/pp1r1ppp/4pn2/1P6/8/6P1/PP3PBP/3RR1K1 w - -,,0
6k1/pp1R3p/4P1p1/2bP4/8/6P1/Pr5P/6K1 w - -,g1f1 b2d2 g3g4 h7h5 g4h5 g6h5 a2a4 g8f8 f1e1 d2d4,-258
r4rk1/3n1pp1/3p1q1p/p2P4/RbB1P3/5N2/1PQ2PPP/5RK1 w - -,a4a2 d7c5 c4b5 a8a7 f1d1 a7e7 d1d4 f6g6 f3h4 g6g4,-35
8/p4p2/4p3/kp2P1P1/8/5Kp1/1P4P1/8 w - -,f3e4 a5b6 e4f4 b6c5 f4e4 a7a5 e4d3 a5a4 d3d2 c5c4,-561
8/7K/5kP1/7P/8/8/6r1/8 w - -,f3e4 a5b6 e4f4 b6c5 f4e4 a7a5 e4d3 a5a4 d3d2 c5c4,Mate
2r3k1/6pp/r1p1p3/p2nP3/8/B5RP/2q2PP1/3R2K1 w - -,g3d3 a6a8 d3d2 c2c4 d2b2 c4c3 b2a2 c3e5 a2a1 c8b8,-710
2r3k1/p4pp1/1p2p2p/3p4/1Q1P4/5BPP/PPq2PK1/8 w - -,b4b5 c2d2 f3h5 c8f8 b2b3 d2d4 a2a4 d4e5 h5f3 e5d6,-505
r2qk2r/pp1b1ppp/2n2n2/1Bb1p3/Q7/2N1P3/PP1P1PPP/R1B1K1NR w KQkq -,g1f3 e8h8 e1h1 a7a6 b5e2 c6d4 a4d1 d4e2 d1e2 e5e4,-1
r7/p1pb3k/2pp2p1/2b5/2B1P3/2PP2p1/PP3P1P/RN3RK1 w - -,h2g3 a7a5 f1e1 a8b8 d3d4 c5a7 b2b3 h7g7 b1d2 d7g4,624
r1bq1r2/pp2npp1/2n3k1/b2pp1N1/2PP1BQ1/P1N5/1P3PPP/R3K2R w KQ -,h2g3 a7a5 f1e1 a8b8 d3d4 c5a7 b2b3 h7g7 b1d2 d7g4,Mate
4b1k1/8/4pBpp/4P3/1ppP4/b1P1P2P/4N3/6K1 w - -,f6e7 a3b2 e7b4 g6g5 g1f2 e8g6 d4d5 e6d5 e5e6 g8g7,5
r3r1k1/1npqbp1p/p5p1/1b1nP3/pP2N3/5N2/2Q2PPP/RBB1R1K1 w - -,c2b2 a6a5 c1h6 b7d8 b4a5 d8e6 b1a2 a4a3 b2d2 d5b4,87
2N3k1/5p2/6p1/4b3/8/7P/q4rP1/1Q3R1K w - -,c8e7 g8g7 e7c6 e5d6 b1a1 f7f6 f1d1 a2e2 d1g1 e2f3,-15
6k1/pp1r1ppp/4pn2/1P6/8/6P1/PP3PBP/4R1K1 w - -,,0
2r5/2pbnpk1/1q1p1np1/1p1Pp2p/1P2P3/1PN1NPP1/3QB1K1/R7 w - -,a1d1 c7c6 d5c6 d7c6 e2f1 c6d7 g2h2 d7e6 c3b5 d6d5,-157
r4rk1/pp1b2pp/1np3q1/5pn1/1Q6/N1P3B1/PPB2PPP/R3R1K1 w - -,a1d1 g5e4 c2e4 f5e4 a3c2 g6f7 b2b3 d7g4 d1d6 b6d5,121
2rq1rk1/pp2bppp/4pn2/P2p1b2/5B2/2PnPN1P/1Q1NBPP1/R4RK1 w - -,b2a2 d3f4 e3f4 c8c3 f3d4 f5e4 a2b2 c3c7 e2f3 e4g6,-280
8/8/5kPK/6rP/8/8/8/8 w - -,b2a2 d3f4 e3f4 c8c3 f3d4 f5e4 a2b2 c3c7 e2f3 e4g6,Mate
r1bq1rk1/ppp1ppbp/3p1np1/n2P4/2B1P3/2P2N2/PP2QPPP/RNB1K2R w KQ -,c4b3 a5b3 a2b3 e7e6 d5e6 c8e6 c1g5 e6b3 f3d4 b3e6,-82
2r3k1/p4pp1/1p2p2p/1Q1p4/2qP4/5BPP/PP3PK1/8 w - -,b5d7 c8f8 b2b3 c4d4 h3h4 a7a5 f3h5 d4d2 d7a4 d2b4,-512
r4rk1/pp1b2pp/1np3q1/5p2/1Q2n3/N1P3B1/PPB2PPP/R4RK1 w - -,c2e4 f5e4 a3c2 f8f7 c2e3 d7e6 c3c4 a8d8 b4a5 d8d3,59
5rk1/5p2/p3pR2/1p1r2pN/6Pn/2P1Q3/PP2R2K/1q6 w - -,,0
r1bqkb1r/ppp1pppp/8/3P4/2n1P3/5N2/PP1B1PPP/RN1QK2R w KQkq -,d1a4 c7c6 a4c4 c6d5 e4d5 e7e6 e1h1 f8e7 b1c3 e8h8,473
rn3rk1/2q2p2/b2b2p1/3pN2Q/3P1B2/1R6/5PPP/5RK1 w - -,e5g6 f7g6 h5g6 c7g7 g6d6 a6f1 b3g3 a8a1 d6e6 f8f7,442
8/8/3k1KP1/8/8/8/b7/8 w - -,,0
2r3k1/p2Q1pp1/1pq1p2p/3p4/3P4/5BPP/PP3PK1/8 w - -,d7e7 c6c7 e7a3 c7c4 a3e3 c4c1 e3e5 c1b2 h3h4 b2c2,-456
8/1K6/8/7p/7B/6Pk/8/8 w - -,d7e7 c6c7 e7a3 c7c4 a3e3 c4c1 e3e5 c1b2 h3h4 b2c2,Mate
r4r1k/pbp3pp/1p2pq2/3p1P2/5Q2/3B4/PPP2PPP/R3R1K1 w - -,f4c7 f8f7 c7d6 e6f5 d6f6 f7f6 e1e7 a8b8 a1e1 h8g8,270
r1b2rk1/5pp1/p2p1q1p/1pnP4/2pNPP2/2P5/P1Q1B1PP/R4RK1 w - -,a2a4 c8d7 a1e1 a8e8 e2d1 b5a4 e1e3 a4a3 c2e2 c5d3,-100
1r3rk1/p2nbppp/2p1p3/q2p2N1/Pp1P1BPP/2n1Q3/1PP1PPB1/2KR3R w - -,e3d3 d7f6 f4e5 f8d8 b2b3 c6c5 e5f6 e7f6 d3h7 g8f8,-100
6k1/pp1R3p/4P1p1/2bP4/8/6P1/r6P/5K2 w - -,h2h4 a2d2 g3g4 g8f8 d7d8 f8e7 d8d7 e7e8 d7b7 d2d5,-310
8/1B6/2Q5/6k1/4K3/8/8/8 w - -,h2h4 a2d2 g3g4 g8f8 d7d8 f8e7 d8d7 e7e8 d7b7 d2d5,Mate
r1b1k2r/ppp2ppp/2np1n2/2b5/2N1P1q1/3P1QP1/PPP2P1P/RNB1KB1R w KQkq -,f3g2 d6d5 e4d5 c6d4 c4e3 g4h5 h2h3 f6d5 e3d5 d4c2,84
3b4/8/1pKPb3/pPp4B/P1Pkp1p1/6P1/5p2/5N2 w - -,d6d7 e4e3 f1h2 e3e2 c6b7 e6d7 h5f7 e2e1q f7d5 f2f1r,-1416
r1bqkb1r/pp3ppp/2n1pn2/2pp4/2PP4/4PNP1/PP3PBP/RNBQK2R w KQkq -,e1h1 d5c4 f3e5 c8d7 b1a3 c5d4 a3c4 f8e7 e3d4 e8h8,37
r5k1/Q4pp1/1pq1p2p/3p4/3P4/5BPP/PP3PK1/8 w - -,a7e7 c6c2 e7d7 c2b2 f3h5 a8f8 d7a4 b2d2 h3h4 g7g6,-508
r4rk1/ppp2pp1/8/2b1p1B1/3nP1Q1/1Bq4P/P4PP1/3RR1K1 w - -,a7e7 c6c2 e7d7 c2b2 f3h5 a8f8 d7a4 b2d2 h3h4 g7g6,Mate
4Qrk1/pp5p/3q2p1/2bN4/7P/1P3PN1/P5P1/7K w - -,g3f5 f8e8 f5d6 e8e1 h1h2 c5d6 h2h3 g8h8 b3b4 e1h1,-602
2rq1rk1/p2bnppp/4p3/1p1n4/2BP4/2P2NP1/PP1NQP1P/R3K2R w KQ -,c4d3 d7c6 e1h1 a7a6 a2a4 b5a4 f3e5 c6e8 d3a6 c8a8,153
r4r1k/pbp3pp/1p2q3/3p1P2/5Q2/3B4/PPP2PPP/R5K1 w - -,h2h4 e6e7 h4h5 h7h6 g2g4 a8e8 f4g3 c7c6 a2a4 h8g8,-506
r4rk1/pbp3pp/1pn2n2/4p2q/Q1PP4/2PBBPP1/P6P/2KR2NR w - -,d4d5 c6a5 h2h4 c7c6 d5d6 c6c5 g3g4 h5f7 g1h3 b7f3,-39
r1bqk2r/pp3ppp/2nbpn2/2pp4/2PP4/4PNP1/PP3PBP/RNBQ1RK1 w kq -,d4c5 d6c5 c4d5 e6d5 b1c3 e8h8 b2b3 c8e6 c3e2 d8e7,51
rn1qk2r/pp2nppp/2pb4/3p2B1/3P2b1/2N2N2/PPPQ1PPP/R3KB1R w KQkq -,e1a1 d8c7 f1d3 b8d7 c3e2 e8h8 h2h4 a8e8 h4h5 e7f5,-19
r6k/pbp3pp/1p2P3/3p4/5r2/3B4/PPP2PPP/R5K1 w - -,f2f3 f4f6 a2a4 f6e6 a4a5 c7c5 b2b3 e6e7 g1f2 g7g6,-586
r1bqk2r/4npb1/1pp3pp/p1p1p3/P3P3/N2P1N1P/1PP2PP1/R1BQR1K1 w kq -,c1e3 c8e6 c2c3 e8h8 d3d4 c5d4 c3d4 f7f5 e4f5 e7f5,15
2rr2k1/1b2bppp/p1q1p3/4P3/1pN2P2/2pP2N1/4Q1PP/1B1RR1K1 w - -,b1c2 a6a5 d1a1 c8a8 c2a4 c6d5 g3e4 b7c6 g1f1 c6a4,-86
3r1k1r/pp1n2pp/4p3/8/1bP5/q2p2NP/4QPP1/1R3K1R w - -,e2e6 d7f6 f1g1 h7h5 g3f1 d8e8 e6f5 h5h4 f5f3 h8h5,-570
3r1k1r/pp4pp/4Qn2/8/1bP5/q2p2NP/5PP1/1R3K1R w - -,f1g1 h7h5 g1h2 d8e8 e6f5 h5h4 g3f1 h8h5 f5f3 b4d6,-609
6k1/4Qpp1/1pq1p2p/3p4/3P4/5BPP/rP3PK1/8 w - -,e7d8 g8h7 f3h5 a2a7 d8f8 g7g6 h5e2 c6c2 f8b8 a7a2,-419
8/ppp1pp2/kNp5/4P3/KP6/4P3/8/8 w - -,e5e6 f7e6 b6d7 b7b6 d7e5 a6b7 a4b3 c6c5 b4c5 b6c5,150
8/8/2K5/7p/6kB/6P1/8/8 w - -,b6c8 e7e6 c8e7 b7b5 a4b3 a6b6 e7c8 b6b7 c8e7,Mate
r2qk2r/4npb1/1pp1b1pp/p1p1p3/P3P3/N2PBN1P/1PP2PP1/R2QR1K1 w kq -,a3c4 d8c7 d1e2 e8h8 e3d2 a8e8 c4e3 g8h7 g1h1 f7f5,40
r2q1rk1/pp2ppbp/3p1np1/n1pP4/4P1b1/2PB1N2/PP2QPPP/RNB2RK1 w - -,h2h3 g4f3 e2f3 a7a6 c1e3 b7b5 b1d2 f6d7 f3e2 a8b8,56
8/1B6/8/6k1/4K3/1Q6/8/8 w - -,f1e1 e7e6 h2h3 g4f3 e2f3 f8e8 d5e6 e8e6 c1g5 h7h6,Mate
r1b1kb1r/1pqn1p2/p2ppn1p/6p1/3NP1P1/2N1B2P/PPP1QPB1/R3K2R w KQkq -,h1f1 d7e5 e1a1 f8e7 f2f4 g5f4 f1f4 e5c4 e3g1 f6d7,61
r4rk1/1pp1b1pp/5p2/pn1qp3/2N5/P2P2P1/4PP1P/1RBQ1RK1 w - -,c4e3 d5e6 b1b5 b7b6 a3a4 a8d8 d1b3 e6b3 b5b3 f6f5,342
8/6R1/6Q1/4k3/8/4K3/8/8 w - -,e2e4 d5d7 c4e5 f6e5 d1b3 f8f7 b3b5 d7b5 b1b5 b7b6,Mate
3Q4/5ppk/1pq1p2p/3p4/3P4/5BPP/rP3PK1/8 w - -,f3h5 a2a7 d8b8 c6c7 b8e8 g7g6 h5e2 c7c2 e8b8 a7a1,-505
r3k2r/pbp3pp/1pn1pn2/7q/QbPP4/2NB1PP1/PP5P/R1B1K1NR w KQkq -,d3c2 e8a8 c1e3 d8d4 e3d4 c6d4 e1a1 b4c3 b2c3 d4c2,-109
rnbq1rk1/ppp1bppp/4pn2/4N3/3P4/2N3Q1/PPP1BPPP/R1B1K2R w KQ -,c1e3 b8c6 e1a1 g8h8 e5c6 b7c6 e3f4 f6d5 c3d5 c6d5,118
5rk1/pp1R3p/3PP1p1/2b5/8/6P1/7P/4K3 w - -,e6e7 f8e8 e1d2 g8f7 d2c3 c5d6 d7d6 e8c8 c3b4 f7e7,-375
r2qk2r/4npb1/1pp1b2p/p1p1p1p1/P3P3/N2PBN1P/1PPQ1PP1/R3R1K1 w kq -,,0
r2q1rk1/pn1nppbp/3p2p1/1p1P2B1/2p1P3/2P5/PPBNQPPP/R4RK1 w - -,a2a4 a7a6 d2f3 f8e8 f3d4 d8b6 g5e3 b7c5 f2f4 b6b7,85
8/1p2pppp/2k5/2P5/1P2P3/8/r2K1PPP/7R w - -,d2d3 a2f2 h1a1 c6b5 a1a7 b5b4 a7b7 b4c5 d3e3 f2g2,-8
2rq1rk1/1p2nppp/p3p3/4P3/nP1NpP2/4B3/P1P1Q1PP/R4R1K w - -,f4f5 e6f5 d4f5 e7f5 f1f5 c8c6 e2g4 d8d5 a1d1 d5e6,2
2rq1rk1/p2b1ppp/4p3/1p1n1n2/3P4/2PB1NP1/PP1NQP1P/R3K2R w KQ -,a2a3 d7c6 e1h1 f5d6 f3e5 c6a8 f1e1 d5f6 a3a4 a7a6,160
r2qkb1r/p1pbpp1p/6p1/3P4/2Q1P3/5N2/PP1B1PPP/RN2K2R w KQkq -,d2c3 h8g8 e1h1 g6g5 f1d1 a8b8 b1a3 f8g7 e4e5 g5g4,647
r1bqr1k1/5pbp/p2p1npB/1ppPn3/4P3/2N2PN1/PP1QB1PP/R3K2R w KQ -,e1h1 g7h6 d2h6 c8d7 c3d1 b5b4 a1c1 d7b5 c1c2 a8c8,29
r2q1rk1/p4ppp/b1p5/2b5/8/P1nB1NB1/1P3PPP/R2QR1K1 w - -,d3h7 g8h7 b2c3 d8d1 e1d1 f8d8 f3e5 f7f6 e5d7 c5b6,22
2B5/8/6k1/4B3/4K3/8/8/8 w - -,d3h7 g8h7 b2c3 d8d1 e1d1 f8d8 f3e5 f7f6 e5d7 c5b6,Mate
r6k/pbQ2rpp/1p2pq2/3p1P2/8/3B4/PPP2PPP/R3R1K1 w - -,c7d6 e6f5 d6f6 f7f6 e1e7 a8b8 a1e1 h8g8 f2f3 h7h6,289
2rr2k1/1b2bppp/2q1p3/p3P3/1pN2P2/2pP2N1/2B1Q1PP/3RR1K1 w - -,d1a1 c8a8 c2a4 c6d5 g3e4 b7c6 g1f1 c6b5 a1a2 h7h5,-93
2r5/3b1pk1/1q3np1/1p1Ppn1p/1P6/1PN2PP1/3QBNK1/3R4 w - -,g2g1 f5g3 e2f1 g3f5 d2e1 f5e3 d1d3 e3c2 e1e5 c8e8,-325
r3k2r/pbp3pp/1pn2n2/3q4/Qb6/2NB1PP1/PP5P/R1B1K1NR w KQkq -,a4b5 e8a8 b5d5 f6d5 g1e2 c6e5 d3e4 d5c3 e4b7 c8b7,-362
3r1k1r/1Q4pp/4p3/p7/1bP1n3/q2p3P/5PP1/1R3K1R w - -,b7e4 a3a2 b1d1 a2c2 d1a1 c2b2 a1d1 f8e7 e4h4 b2f6,-655
8/4Qppk/1p2p2p/3p4/3P4/5BPP/rPq2PK1/8 w - -,e7f7 a2b2 f3g4 c2e4 f7f3 b2d2 h3h4 d2d4 g4h3 e4f3,-563
4r1k1/pp1RP2p/3P2p1/2b5/8/6P1/7P/4K3 w - -,e1e2 g8f7 h2h4 c5d6 d7d6 f7e7 d6d5 b7b6 e2e3 e8c8,-419
4R3/8/4b3/5p2/1RK1k3/3Nn3/4Q3/8 w - -,e1e2 g8f7 h2h4 c5d6 d7d6 f7e7 d6d5 b7b6 e2e3 e8c8,Mate
8/1pp1bk1p/p6B/3rpp2/8/2P5/PP3PPP/4RK2 w - -,h6e3 f5f4 e3c1 f7f6 f1e2 f6f5 f2f3 d5d8 e1d1 d8g8,-39
rnbq1rk1/pppp1pbp/4pnp1/8/2B1PP2/5N2/PPPP2PP/RNBQ1RK1 w - -,e4e5 f6d5 d2d4 d5e7 b1c3 d7d5 c4d3 b7b6 c1e3 c8a6,74
2kr3r/pbp3pp/1pn2n2/1Q1q4/1b6/2NB1PP1/PP5P/R1B1K1NR w KQ -,b5d5 f6d5 g1e2 c6e5 d3e4 d5c3 e4b7 c8b7 e2c3 e5f3,-372
8/8/8/3K3p/7B/6Pk/8/8 w - -,b5d5 f6d5 g1e2 c6e5 d3e4 d5c3 e4b7 c8b7 e2c3 e5f3,Mate
r1bq1rk1/ppp2ppp/2np1n2/8/1b2P3/2NQ4/PPPBNPPP/R3KB1R w KQ -,e1a1 c6e5 d3g3 f6h5 g3g5 d8g5 d2g5 e5g4 g5h4 b4c5,5
r3k2r/2q1npb1/1pp1b1pp/p1p1p3/P1N1P3/3PBN1P/1PP2PP1/R2QR1K1 w kq -,d1e2 e8h8 b2b3 g8h7 h3h4 h7g8 e3d2 b6b5 c4e3 e6c8,38
8/4Npk1/6p1/4b3/8/7P/q4rP1/1Q3R1K w - -,e7c6 e5d6 b1a1 f7f6 f1d1 a2e2 d1g1 e2f3 c6e5 d6e5,-17
8/8/8/3B4/8/3K4/8/k4N2 w - -,e7c6 e5d6 b1a1 f7f6 f1d1 a2e2 d1g1 e2f3 c6e5 d6e5,Mate
r1bq1rk1/pp1nbppp/2p1pn2/3p4/2PP1B2/2N1PQ2/PP3PPP/R3KBNR w KQ -,f3d1 d5c4 f1c4 b7b5 c4e2 c8b7 g1f3 a7a6 e1h1 a8c8,-53
5rk1/1b4p1/4pp1p/1p1p4/qPpP1P2/2P1P2P/4B1PK/Q4R2 w - -,a1a4 b5a4 f1a1 f8a8 a1a3 g8f7 h3h4 b7c6 h4h5 e6e5,-14
rnbqk2r/ppp1ppbp/6p1/3N4/3P4/4nN2/PPPQPPPP/R3KB1R w KQkq -,d5e3 c7c5 c2c3 e8h8 g2g3 c5d4 c3d4 d8b6 f1g2 b8c6,66
r1bq1rk1/pp3pbp/3p1np1/n1pp4/2P1P3/3B1N2/PP2QPPP/RNB2RK1 w - -,b1d2 d5d4 f3e1 a5c6 f2f4 a7a5 f4f5 c6e5 f5g6 f7g6,-216
rnbq1r2/pp3k2/4N1p1/4Pp1p/2BP3P/6P1/P4PK1/R2Q3R w - -,e6d8 f7g7 d8e6 c8e6 c4e6 b8a6 d1b3 a8b8 b3a3 g7h6,878
4R3/8/4q3/5p2/1RK1k1r1/3Nn3/4Q3/4r3 w - -,d1b3 d8e7 e6f4 f7g7 h1e1 b8c6 d4d5 c6a5 b3c3 b7b6,Mate
3Rr3/pp2Pk1p/3P2p1/2b5/8/6P1/7P/4K3 w - -,e1d2 c5d6 d8d6 f7e7 d6d3 e8d8 d3d8 e7d8 d2d3 a7a5,-603
rnbqk2r/ppp1ppbp/6p1/3p4/3P2n1/2N1BN2/PPPQPPPP/R3KB1R w KQkq -,e3f4 e8h8 e2e4 d5e4 c3e4 b8d7 h2h3 g4f6 e4f6 d7f6,32
8/1kp1n1p1/1pr1P2p/p4P2/Pb4P1/1P5P/1B4K1/3R4 w - -,b2g7 c6c2 g2g3 h6h5 g3h4 h5g4 h3g4 c7c6 g7f8 e7f5,187
r1bqr1k1/pp3pbp/3p1np1/n1pP4/4P3/3B1N2/PP2QPPP/RNB2RK1 w - -,d3c2 a7a6 b1c3 b7b5 c1g5 h7h6 g5h4 b5b4 c3d1 c8d7,-107
2r5/3b1pk1/5np1/1p1Ppn1p/1P6/1PN1qPP1/3QBNK1/2R5 w - -,c1c2 e3d2 c2d2 c8c3 f2d3 f5e3 g2f2 e3d5 d3e5 d7e8,-529
4r2k/p3r1pb/5p1p/7P/q3NR1Q/P1Bn2R1/6PK/8 w - -,h4f6 d3f4 g3g7 f4h5 g7g4 h5f6 c3f6 e7g7 f6g7 h8g8,385
6k1/pp1R3p/3PP1p1/2b5/8/6P1/5r1P/5K2 w - -,f1g1 f2e2 g1f1 e2e6 d7b7 e6d6 h2h4 a7a5 h4h5 a5a4,-475
3r4/1pp1bk1p/p6B/4p3/5p2/2P5/PP3PPP/4RK2 w - -,g2g4 d8d6 g4g5 d6d5 c3c4 d5c5 f1g2 e7d6 b2b3 f7g6,-142
rnq2rk1/5pp1/b2b4/3pN2Q/3P1B2/1R6/5PPP/5RK1 w - -,f1e1 a6e2 h5e2 b8d7 e1c1 d6e5 d4e5 c8a6 e2a6 a8a6,149
2kr3r/2q1npb1/1pp1b1pp/p1p1p3/P1N1P3/3PBN1P/1PP1QPP1/R3R1K1 w - -,b2b4 a5b4 a4a5 e6c4 a5b6 c7b6 d3c4 f7f5 e1b1 f5f4,206
8/5Qpk/1p2p2p/3p1q2/3P4/5BPP/rP3PK1/8 w - -,f7f5 e6f5 b2b3 a2d2 f3d5 d2d4 d5e6 h7g6 e6c4 g6f6,-457
1r1qkb1B/p1p1pp1p/6p1/1b1P4/2Q1P3/5N2/PP3PPP/RN2K2R w KQ -,c4c2 f7f6 b1c3 d8d6 c3b5 b8b5 e1h1 b5c5 c2a4 e8f7,725
3r3r/4k1pp/4p3/p7/1bP1Q3/q2p3P/5PP1/1R3K1R w - -,e4h4 e7e8 h4h5 g7g6 h5b5 e8f7 b5b7 b4e7 g2g3 h8f8,-579
6k1/pp1R3p/3bP1p1/8/8/6P1/r6P/5K2 w - -,d7b7 d6c5 b7c7 a2f2 f1e1 f2f5 e1d2 c5b6 c7b7 f5e5,-448
r1bqk2r/ppp2pp1/4pn1p/8/1b1Pp3/2NB1N2/PPP1QPPP/R3K2R w KQkq -,d3e4 e8h8 e1h1 b4c3 b2c3 f6e4 e2e4 d8d5 e4d3 b7b6,-23
8/6R1/1k6/8/8/2Q1K3/8/8 w - -,d3e4 e8h8 e1h1 b4c3 b2c3 f6e4 e2e4 d8d5 e4d3 b7b6,Mate
8/6pk/1p5p/3p1p2/3P4/5BPP/rP3PK1/8 w - -,b2b3 a2d2 f3d5 d2d4 d5e6 g7g6 e6f7 h7g7 f7c4 g6g5,-500
2r3k1/6pp/r1p1p1q1/p2nP3/8/B4R1P/2Q2PP1/3R2K1 w - -,c2c5 a6a8 d1d4 g6e8 g1h2 g8h8 d4h4 e8g8 h4a4 g8d8,35
8/6R1/8/k7/2Q5/4K3/8/8 w - -,c2c5 a6a8 d1d4 g6e8 g1h2 g8h8 d4h4 e8g8 h4a4 g8d8,Mate
r2qk1nr/ppp2ppp/2npb3/8/1b1PP3/2N2NP1/PP3P1P/R1BQKB1R w KQkq -,d4d5 e6d7 d5c6 d7c6 f1g2 g8f6 e1h1 b4c3 b2c3 e8h8,374
r2q1r2/p4ppk/b1p5/2b5/8/P1n2NB1/1P3PPP/R2QR1K1 w - -,b2c3 d8d1 e1d1 f8d8 f3e5 f7f6 e5d7 c5b6 d1d6 b6a5,18
r4rk1/ppp2pp1/4nB2/2b1p3/4P1Q1/1Bq4P/P4PP1/3RR1K1 w - -,b2c3 d8d1 e1d1 f8d8 f3e5 f7f6 e5d7 c5b6 d1d6 b6a5,Mate
8/1kp3p1/1p4np/p3rP2/Pb4P1/1P5P/1B4K1/3R4 w - -,b2a1 g6h4 g2g3 h4f5 g3f4 f5e3 a1e5 e3d1 e5g7 b4d2,-307
5rk1/1p3r2/1Q1p3q/PPpPp2p/2P1B1p1/5PP1/6KP/5R2 w - -,f3f4 e5f4 b6b7 f7b7 g3f4 f8f4 a5a6 b7a7 e4f5 f4f1,-800
r1b1kb1r/2q2p2/p2ppn1p/1p2n1p1/3NP1P1/2N1B2P/PPP1QPB1/1K1R3R w kq -,d4f3 a8b8 f3e5 d6e5 h3h4 g5h4 h1h4 b5b4 c3d5 e6d5,39
r1q1kb1r/pp1n1pp1/2p1pn1p/2Pp1b2/3P1B1P/1QN2NP1/PP2PPB1/R3K2R w KQkq -,e1h1 f8e7 f3d2 f6h5 f4d6 e7d6 c5d6 e8h8 e2e4 d5e4,12
r2qr3/5pkp/b2p1np1/p1pPn3/1p2P3/4NPN1/PP1QB1PP/R4RK1 w - -,f3f4 e5d7 e2a6 a8a6 a1e1 g7g8 h2h3 d7b6 d2e2 a6a7,58
r6k/1p4p1/2p4p/p1P2p2/8/4BPPq/PPB2P2/R3R1K1 w - -,a1d1 a5a4 e3f4 h3h5 d1d7 a4a3 f4e5 h5g5 b2b4 h6h5,592
r3k2r/2q1npb1/1pp1b2p/p1p1p1p1/P1N1P3/3PBN1P/1PP1QPP1/R3R1K1 w kq -,c2c3 e8h8 h3h4 g5g4 f3h2 h6h5 h2f1 e7g6 f1g3 c7d8,39
8/8/4k3/8/4K3/3B4/8/2N5 w - -,d3c4 e6d6 c1d3 d6d7 e4e5 d7e7 c4e6 e7e8 e5d6 e8f8,20000
8/8/5k2/8/2B1K3/8/8/2N5 w - -,c1d3 f6g7 e4e5 g7g6 c4d5 g6g7 d5b3 g7g6 b3c4 g6g7,9605
5k2/pp5p/3RP1p1/8/8/6P1/r6P/5K2 w - -,h2h4 a2b2 h4h5 a7a5 d6d8 f8e7 d8a8 b2b5 h5h6 e7e6,-293
8/8/8/7p/4K2B/6P1/6k1/8 w - -,h2h4 a2b2 h4h5 a7a5 d6d8 f8e7 d8a8 b2b5 h5h6 e7e6,Mate
rn1q1rk1/pp2bppp/2pp1n2/4p3/B3P3/2PP1b2/PPQ2PPP/RNB2RK1 w - -,h2h3 f3h5 f2f4 e5f4 c1f4 h5g6 b1d2 d6d5 a1e1 a7a5,-493
r1bq1rk1/ppp2pp1/4pn1p/8/1b1PB3/2N2N2/PPP1QPPP/R3K2R w KQ -,e1h1 b4c3 b2c3 f6e4 e2e4 d8d5 e4d3 b7b6 c3c4 d5d6,-26
3qr3/5pkp/r2p1np1/p1pPn3/1p2P3/4NPN1/PP1Q2PP/R4RK1 w - -,a1e1 e5d7 f3f4 f6e4 g3e4 e8e4 d2d3 e4e3 e1e3 a6a7,82
2rq1rk1/p4ppp/2b1p3/1p1n1n2/3P4/P1PB1NP1/1P1NQP1P/R3K2R w KQ -,d2e4 c6a8 e1h1 f5d6 e4c5 d5b6 f3e5 d6c4 f2f4 a7a5,143
r3k2r/2q2pb1/1pp1b1np/p1p1p1p1/P1N1P3/2PPBN1P/1P2QPP1/R3R1K1 w kq -,d3d4 e5d4 c3d4 c5d4 f3d4 g7d4 e3d4 e6c4 e2c4 e8h8,71
8/pb3k2/3q4/4p1p1/P3PpPp/1PQ4P/2P2P2/4K3 w - -,a4a5 b7e4 c3c4 e4d5 c4c3 d5c6 b3b4 d6d5 a5a6 f7e6,-432
r4r2/2nqp1k1/1pp3pp/p1pbPp2/P7/1P1P3P/2PQNPPN/R4RK1 w - -,d2e3 d5g8 f2f4 c7e6 h2f3 a8d8 e3d2 e6d4 g1h2 d7a7,59
8/8/8/8/5K2/4r3/5kPP/8 w - -,g2g3 e3a3 g3g4 f2g2 f4f5 g2h3 g4g5 h3h4 f5e6 h4g5,-469
rn3r2/pp2k3/6p1/4Pp1p/3P3P/1Q4P1/P4PK1/R6R w - -,b3b4 e7f7 b4b7 b8d7 e5e6 f7f6 e6e7 a8b8 b7d7 f8e8,1153
1r1qk2B/p1p2p1p/6p1/1b1Pp3/1b2P3/2N2N2/PPQ2PPP/R3K2R w KQ -,h8e5 e8f8 e1a1 b5c4 h1e1 f8g8 e1e3 d8c8 c2a4 c8a6,789
r1q1k2r/pp1nbpp1/2p1pn1p/2Pp1b2/3P1B1P/1QN3P1/PP1NPPB1/R3K2R w KQkq -,e2e4 d5e4 d2e4 f6e4 c3e4 e8h8 e1a1 d7f6 e4d6 e7d6,25
r1b1k2r/2q1bp2/p2p1p1p/1pn2p2/4P3/1BN2Q2/PPP2PPP/2KRR3 w kq -,c3d5 c7a5 e4f5 a8a7 d5e7 c5b3 c2b3 a7c7 e7c6 e8f8,339
8/1p1bkpp1/p6p/3p4/3N4/2P4P/PP2KPP1/8 w - -,e2d3 g7g5 d3e3 e7d6 f2f4 f7f6 b2b4 d7e6 e3f2 e6d7,30
r2q1rk1/3n1ppp/2p2n2/pp2p2b/4P3/b2P1N1P/PP1BBPP1/R2QR1K1 w - -,b2a3 h5f3 e2f3 d8e7 d1c2 f8c8 a1c1 e7a3 d3d4 a3e7,-10
2r5/4k2p/4p1p1/p2r4/1b5P/5K2/3p1PP1/3R3R w - -,g2g4 c8c2 f3g2 e7d6 f2f4 a5a4 h4h5 a4a3 h5g6 h7g6,-789
r1bqk2r/1ppp1ppp/6n1/p1bPp3/2P1P1n1/P1NB4/1P2NPPP/R1BQK2R w KQkq -,d1c2 c5f2 e1d2 f2e3 d2e1 d8h4 g2g3 e3f2 e1d2 h4h6,-245
r2q1k2/2p5/1ppp1nQ1/8/4P3/P7/6PP/R3R1K1 w - -,d1c2 c5f2 e1d2 f2e3 d2e1 d8h4 g2g3 e3f2 e1d2 h4h6,Mate
8/1p1b1pp1/p2k3p/3p4/3N4/2P1K2P/PP3PP1/8 w - -,h3h4 b7b6 d4e2 d7b5 e2g1 f7f6 g1f3 g7g5 h4g5 f6g5,31
r4rk1/2q1npb1/1pp1b2p/p1p1p1p1/P1N1P3/2PPBN1P/1P2QPP1/R3R1K1 w - -,a1d1 a8d8 h3h4 f7f6 d3d4 g5g4 f3h2 c5d4 c3d4 e5d4,45
r4rk1/ppp2pp1/4BB2/4p3/4P1Q1/2q4P/P4bP1/3RR1K1 w - -,a1d1 a8d8 h3h4 f7f6 d3d4 g5g4 f3h2 c5d4 c3d4 e5d4,Mate
r1q1k2r/pp1nbpp1/2p1p2p/2Pp1b2/3PnB1P/1QN3P1/PP1N1PB1/R3K2R w KQkq -,c3e4 d5e4 d2e4 e8h8 e4d6 e7d6 f4d6 f8e8 e1h1 d7f6,25
4r2k/p3r1pb/5B1p/7P/q3Nn1Q/P5R1/6PK/8 w - -,h4f4 a4e4 f4h6 e4b7 f6e7 b7e7 h6f4 e7e5 f4e5 e8e5,-328
r3kb1r/ppp2ppb/2p5/4PN1p/6P1/4B2P/PPP2PK1/R2R4 w kq -,g2g3 f7f6 f2f4 g7g6 f5h4 f6e5 h4f3 f8e7 f3e5 g6g5,95
r1q2rk1/3n1pp1/b7/3pB2Q/3P4/1R6/5PPP/4R1K1 w - -,e3f4 h5g4 h3g4 h7f5 g4f5 h8h5 f5f6 g7f6 e5f6 h5f5,Mate
3r1rk1/2q1npb1/1pp1b2p/p1p1p1p1/P1N1P3/2PPBN1P/1P2QPP1/3RR1K1 w - -,h3h4 g5g4 f3h2 h6h5 f2f3 b6b5 c4d2 f7f5 e4f5 e6f5,39
r1bqk2r/p4ppp/2pb1n2/n3p3/B7/2N2N2/PPPP1PPP/R1BQK2R w KQkq -,e1h1 e8h8 d2d3 h7h6 h2h3 f8e8 d1e2 f6d7 c3e4 d6c7,139
r4rk1/ppqn1ppp/2pbpnb1/8/3P3N/2P3N1/PP2BPPP/R1BQR1K1 w - -,c1g5 a7a5 a2a4 d6f4 g5f4 c7f4 h4g6 h7g6 d1b3 f4c7,1
3qr1k1/1b3ppp/p2b4/8/Pprp4/3P4/1PP2PPP/R1BQ1RK1 w - -,c1f4 c4c7 d1d2 d6f4 d2f4 c7c2 b2b3 h7h6 f1e1 c2e2,-485
r1q1k2r/pp1nbpp1/2p1p2p/2P2b2/3PpB1P/1QN3P1/PP1N1P2/R3K2R w KQkq -,,0
1r1qk3/p1p4p/5pp1/1b1PB3/1b2P3/2N2N2/PPQ2PPP/R3K2R w KQ -,e5d4 d8c8 e1a1 b5d7 h1e1 e8f8 c1b1 c8a6 c2b3 b8b7,808
r1b1k2r/2q1bpp1/p2ppn1p/1p3N2/4P2B/1nN2Q2/PPP2PPP/2KRR3 w kq -,a2b3 g7g5 f5d6 e7d6 f3f6 d6f4 c1b1 f4e5 c3d5 c7d6,248
4rrk1/pb4pp/1p3q2/2n2n2/1bP2B2/2N2PP1/PP1QB2P/2KR2NR w - -,g3g4 f5e7 f4g5 b4c3 b2c3 f6e5 g5e3 c5a4 e3d4 e5a5,-136
2rq1rk1/5ppp/2b1p3/pp1n1n2/3P4/P1PB1NP1/1P1NQP1P/R4RK1 w - -,f1e1 d5e7 d3b5 c6b5 e2b5 c8b8 b5a6 b8b2 e1b1 b2b1,158
r1bqr1k1/pp2n1p1/2n1p3/b2p2NQ/2PP1B2/P1N5/1P3PPP/R3K2R w KQ -,d3b5 c6b5 e2b5 c8b8 b5d3 b8b2 c3c4 d5e7 f1b1 b2b1,Mate
4r1k1/1b3ppp/p2b4/8/PpPp3q/8/1PP2PPP/R1BQ1RK1 w - -,c1f4 h4f4 g2g3 f4e4 f2f3 e4c6 d1d2 d6c5 a1e1 e8e1,-492
r1b1k2r/2q1bpp1/p2p1n1p/1p3p2/4P2B/1PN2Q2/1PP2PPP/2KRR3 w kq -,h4f6 c8b7 f6g7 h8g8 g7h6 g8g6 h6d2 a8c8 f3d3 f5e4,343
rnbq1rk1/p1p1bppp/1p2pn2/8/2pP4/1P2PN2/PB1N1PPP/R2QKB1R w KQ -,f1c4 b8d7 e1h1 c8b7 a1c1 a7a6 c1c2 c7c5 d4c5 e7c5,17
r1bq1rk1/ppp2pp1/4pn1p/8/3PB3/2b2N2/PPP1QPPP/R4RK1 w - -,b2c3 f6e4 e2e4 d8d5 e4d5 e6d5 f1b1 f8e8 a2a4 e8e2,-40
r1q2rk1/pp1nbpp1/2p1p2p/2P2b2/3PNB1P/1QN3P1/PP3P2/R3K2R w KQ -,,0
r4rk1/1pp1b1pp/5p2/1P1qp3/p1Nn4/P2P2P1/4PP1P/1RBQ1RK1 w - -,e2e4 d5d7 c1e3 d4b5 d1c2 g8h8 c2b2 c7c6 c4b6 d7d3,-119
4rrk1/pb2n1pp/1p3q2/2n5/1bP2BP1/2N2P2/PP1QB2P/2KR2NR w - -,f4g5 f6f7 h2h4 e7c6 c1b1 c6e5 h1h2 h7h6 g5e3 c5a4,-116
2r3k1/4qppp/rnp1n3/p3P3/1p4B1/4R2P/PBQ2PP1/3R2K1 w - -,d1d6 c8c7 g4f5 e6f8 e3g3 b6d5 h3h4 a5a4 h4h5 a6a5,138
2kr3r/5p1p/p4p2/1p2p3/8/2P1n3/PP3PPP/2KR3R w - -,f2e3 h7h5 e3e4 h5h4 g2g4 h4g3 h2g3 h8h1 d1h1 d8g8,2
r4rk1/1pq2ppp/2pbpnb1/p7/3P3N/2P3N1/PP2BPPP/R2QR1K1 w - -,e2f3 b7b5 h4g6 h7g6 d1e2 a8b8 a2a3 f8e8 g3f1 g6g5,-19
8/4N1k1/6p1/4b3/8/7P/q4rP1/5R1K w - -,e2f3 b7b5 h4g6 h7g6 d1e2 a8b8 a2a3 f8e8 g3f1 g6g5,Mate
4k1r1/1p3p1p/8/p2p4/3B4/5N2/PP4PP/7K w - -,h1g1 e8d7 g1f2 a5a4 a2a3 d7e6 d4c3 e6d6 g2g3 g8e8,92
4rrk1/pb2n1pp/1p3q2/8/nbP2BP1/2N2P1N/PP1QB2P/2KR3R w - -,c4c5 e7d5 e2c4 g8h8 c4d5 b7d5 g4g5 f6g6 d2d5 a4c3,-207
5k2/p6R/r3P1p1/1p6/8/6P1/7P/5K2 w - -,,0
r2q3r/4k3/p2ppp1p/1p6/8/1P3Q2/1PP2PPP/2KRR3 w - -,f3b7 e7f8 e1e6 a8b8 b7e4 h8g8 d1d6 g8g7 e6f6 g7f7,1175
r1q1r1k1/pp1nbpp1/2pBp2p/2P2b2/3PN2P/1QN3P1/PP3P2/R3K2R w KQ -,d6e7 e8e7 e4d6 c8f8 e1h1 f5g6 b3a3 d7f6 f1e1 f8d8,8
2kr2r1/5p1p/p4p2/1p2p3/8/2P1P3/PP4PP/2KR3R w - -,,0
r2qkb1r/p4ppp/1np1b3/3p4/2P5/3BB3/PP3PPP/RN1Q1RK1 w kq -,b1d2 f8e7 c4c5 b6d7 d2b3 d7e5 d3c2 e8h8 e3d4 e5d7,59
rn1q1rk1/pbp1bppp/1p2pn2/8/2BP4/1P2PN2/PB1N1PPP/R2QK2R w KQ -,d1e2 a7a6 e1h1 b8d7 a2a4 c7c5 d4c5 e7c5 f1d1 h7h6,11
8/8/8/4B2k/8/6K1/2B5/8 w - -,d1e2 a7a6 e1h1 b8d7 a2a4 c7c5 d4c5 e7c5 f1d1 h7h6,Mate
6k1/3r1ppp/8/8/3q4/1Q5P/P5P1/5R1K w - -,a2a4 g7g6 a4a5 d7a7 b3b5 d4d6 f1b1 a7a8 b1e1 a8a6,11
r1q3k1/pp1nrpp1/2p1p2p/2P2b2/3PN2P/1QN3P1/PP3P2/R3K2R w KQ -,e4d6 c8f8 e1h1 f5g6 b3a3 d7f6 f1e1 e7d7 c3e2 f6d5,11
r1bqk2r/p3bppp/1pn1pn2/3p4/3P4/2N2NP1/PP2PPBP/R1BQ1RK1 w kq -,f3e5 c8d7 e2e4 d5e4 c3e4 a8c8 e4f6 e7f6 e5d7 d8d7,56
5k2/pR6/4r1p1/1p6/8/6P1/7P/5K2 w - -,,0
r6k/1p4p1/2p4p/p1P2p1q/5B2/5PP1/PPB2P2/R3R1K1 w - -,a1d1 a8e8 f4e5 h5f7 c2b3 f7f8 g1g2 f8e7 e5g7 h8g7,607
4rrk1/nppq1ppp/3b1n2/pP1p1b2/5P2/2P1P1P1/P4NBP/RNBQ1RK1 w - -,a2a4 d6c5 f2d3 c5b6 d3e5 d7e6 b1a3 a7c8 a3c2 c8d6,-84
4k1r1/1p3p1p/1B6/3p4/p7/5N2/PP4PP/7K w - -,h1g1 e8d7 b6d4 a4a3 b2a3 g8c8 f3e1 d7e6 g1f2 e6f5,32
4rrk1/pb2nqpp/1p6/2n3B1/1bP3P1/2N2P2/PP1QB2P/2KR2NR w - -,d2c2 b4c3 c2c3 e7c6 d1d2 a7a5 b2b3 h7h6 g5h4 h6h5,-98
r5k1/ppqnrpp1/2pNp2p/2P2b2/3P3P/1QN3P1/PP3P2/R3K2R w KQ -,b3b7 c7b7 d6b7 f5g4 e1h1 d7e5 d4e5 e7b7 f2f3 g4h3,112
2kr4/5p1p/p4pr1/1p2p3/8/2P1P1P1/PP5P/2KR3R w - -,c1c2 h7h5 c2b3 g6g4 h1f1 d8d1 f1d1 h5h4 d1f1 h4g3,3
4rrk1/pb2nqpp/1p6/2n3B1/2P3P1/2b2P2/PPQ1B2P/2KR2NR w - -,c2c3 a7a5 g5e3 e7c6 e3c5 b6c5 c1b1 c6d4 e2d3 e8e3,-96
r1bqkb1r/pp1n1ppp/8/1B1pP3/4n3/2N5/PPPP2PP/R1BQK1NR w KQkq -,e5e6 f7e6 c3e4 d5e4 d1h5 e8e7 b2b3 d8a5 c1b2 d7f6,77
8/8/3K4/4N3/2B5/2k5/8/8 w - -,d6c5 c3c2 c5b4 c2d2 c4d3 d2e3 b4c3 e3f4 c3d4 f4g5,161
4rrk1/n2q1ppp/2pb1n2/p2p1b2/P4P2/2P1P1P1/5NBP/RNBQ1RK1 w - -,c3c4 d5c4 d1d4 f5e6 e3e4 d6b4 d4d7 e6d7 c1b2 f6g4,-64
r2qk1nr/ppp2ppp/2np4/3P4/1b2P1b1/2N2NP1/PP3P1P/R1BQKB1R w KQkq -,d5c6 b7c6 f1g2 g8f6 e1h1 b4c3 b2c3 e8h8 h2h3 g4h5,443
8/pp2kp1p/4p2b/3n3P/2p5/5N2/PP2KPP1/3R4 w - -,d1d4 b7b5 d4g4 d5f6 g4h4 f6d5 e2d1 a7a6 d1c2 d5b4,119
rnbqkb1r/1pp1pppp/p4n2/8/2B5/4P3/PPQP1PPP/RNB1K1NR w KQkq -,b1c3 c7c5 g1f3 b7b5 c4e2 c8b7 b2b3 g7g6 c1b2 f8g7,-18
r5k1/pq1nrpp1/2pNp2p/2P2b2/3P3P/2N3P1/PP3P2/R3K2R w KQ -,d6b7 f5g4 e1h1 d7e5 d4e5 e7b7 f2f3 g4h3 f1f2 a8d8,126
r6k/1p3qp1/2p4p/p1P2p2/5B2/5PP1/PPB2PK1/R3R3 w - -,c2b3 f7f8 f4d6 f8d8 e1e7 a5a4 b3c4 f5f4 g3g4 h8h7,661
r3r1k1/pp1b1ppp/1np3q1/8/1Q2n3/N1P3B1/PPB2PPP/R4RK1 w - -,f2f3 c6c5 b4a5 e4g3 c2g6 g3e2 g1h1 h7g6 a5c5 a8c8,318
4rrk1/1b2nqpp/1p6/p1n3B1/2P3P1/2Q2P2/PP2B2P/2KR2NR w - -,h2h4 e7c6 c1b1 c6b4 b1a1 h7h6 g5d2 e8e2 g1e2 b7f3,-84
4k3/1p3p1p/1B4r1/3p4/p7/1P3N2/P5PP/7K w - -,,0
rn1q1rk1/pb2bppp/1p2pn2/2p5/2BP4/1P2PN2/PB1NQPPP/R3K2R w KQ -,d4c5 e7c5 a2a3 a7a5 e1h1 d8e7 f1d1 b8d7 c4b5 f8d8,20
8/pp2kpbp/1n2p3/7P/2p5/5N2/PP2KPP1/3R4 w - -,f3d4 a7a6 d1d2 b6d7 b2b3 c4c3 d2d1 f7f5 f2f3 d7f6,141
1r4k1/pN1nrpp1/2p1p2p/2P2b2/3P3P/2N3P1/PP3P2/R3K2R w KQ -,b7a5 b8b2 a5c6 e7e8 e1h1 g8f8 f1e1 a7a6 a1c1 b2d2,110
8/2k2p1p/p4pr1/1p2p3/8/2P1P1P1/PP5P/2KR4 w - -,,0
r7/1kpR2p1/1p4rp/p7/Pb4P1/1P5P/1B6/5RK1 w - -,f1f3 a8e8 b2g7 b4e7 g7c3 h6h5 f3f7 e7d6 f7f6 g6f6,-31
r6k/pb3rpp/1p3q2/3p1p2/8/3B2Q1/PPP2PPP/R3R1K1 w - -,e1e5 f5f4 g3h3 g7g6 a1e1 h8g7 d3b5 a8f8 h3a3 b7c8,207
6k1/p2nrpp1/2p1p2p/N1P2b2/3P3P/2N3P1/Pr3P2/R3K2R w KQ -,a5c6 e7e8 e1h1 g8f8 f1c1 e6e5 a2a4 a7a6 c3d1 b2b7,120
4rrk1/1b3qpp/1p6/p1n3BP/1nP3P1/2Q2P2/PP2B3/2KR2NR w - -,c3d2 c5e4 f3e4 b7e4 b2b3 e4h1 a2a3 b4a6 d1f1 f7e6,-213
8/6pk/1p5p/3p1p2/3P4/1P3BPP/3r1PK1/8 w - -,f3d5 d2d4 d5e6 g7g6 e6c4 g6g5 g2g1 h7g7 c4f1 g7f6,-525
2rr2k1/2q2pbp/1pbppnp1/p1n5/2P1P3/1PNBBP2/P1Q1N1PP/2RR3K w - -,e2d4 c6a8 c2d2 c7e7 d3f1 d6d5 e4e5 f6h5 e3g5 f7f6,67
8/7N/8/2k5/2B1K3/8/8/8 w - -,c4d5 c5b4 e4d4 b4b5 h7f8 b5b4 f8e6 b4b5 d4c3 b5a4,148
rn1q1rk1/pb3ppp/1p2pn2/2b5/2B5/1P2PN2/PB1NQPPP/R3K2R w KQ -,e1h1 d8e7 a2a3 a7a5 f1d1 b8d7 c4b5 f8d8 d2c4 f6e8,19
6r1/1kp3R1/1p4rp/p7/Pb4P1/1P5P/1B6/5RK1 w - -,g7g6 g8g6 f1f6 g6f6 b2f6 b7c6 g1f2 c6d5 f2e3 b4a3,222
4r2k/p3r2b/5p1p/7P/q3NR2/P1Bn2R1/6PK/8 w - -,g7h7 g6c6 b2e5 g8e8 f1f5 c6c5 e5d4 c5c1 g1g2 e8e2,Mate
4r1k1/p2n1pp1/2N1p2p/2P2b2/3P3P/2N3P1/Pr3P2/R3K2R w KQ -,e1h1 g8f8 f1c1 e6e5 a2a4 a7a6 c3d1 b2b7 c6a5 b7c7,139
r2qkbnr/pp1bpppp/2np4/2p1P3/2B5/5N2/PPPP1PPP/RNBQK2R w KQkq -,d2d3 d6e5 e1h1 e7e6 f1e1 d8c7 c2c3 f8d6 b1d2 g8f6,-77
8/2k2p1p/p4p1r/1p2p3/8/2P1P1P1/PP1K3P/3R4 w - -,,0
2rq1rk1/4nppp/2b1p3/pp3n2/3P4/P1PB1NP1/1P1NQP1P/R3R1K1 w - -,d3b5 c6b5 e2b5 c8b8 b5a6 b8b2 e1b1 b2b1 a1b1 e7d5,164
8/6pk/1p5p/3B1p2/3r4/1P4PP/5PK1/8 w - -,d5c6 g7g5 g2f1 h7g7 f1e1 g7g6 c6f3 g6f6 f3d1 f6e5,-528
rn1r2k1/2q2pp1/b2b4/3pN2Q/3P1B2/1R6/5PPP/5RK1 w - -,d5c6 g7g5 g2f1 h7g7 f1e1 g7g6 c6f3 g6f6 f3d1 f6e5,Mate
r1bq1rk1/pp2ppbp/2p2np1/8/2P5/1Q4P1/PP2PPBP/RNB1K2R w KQ -,e1h1 h7h5 f1d1 d8c7 a2a4 h5h4 a4a5 h4h3 g2f1 f6e4,-23
8/7N/8/8/1k2K3/1B6/8/8 w - -,b3e6 b4c3 h7f6 c3d2 e4d4 d2c2 f6g4 c2b2 d4e5 b2b1,12
r1b1k1nr/pp1p1ppp/4p3/2b5/2NB4/2P5/PP2BPqP/R2QK2R w KQkq -,e2f3 g2g5 h2h4 g5f5 c4e3 f5g6 d4c5 d7d5 c3c4 g8e7,430
rn1q1rk1/pbp2ppp/1p2pn2/8/3P4/P4N2/1PQ1PPPP/R1B1KB1R w KQ -,c1f4 b8d7 e2e3 a8c8 f1d3 c7c5 c2e2 c5d4 e3d4 f6d5,-35
6k1/3r1ppp/8/p7/3q4/1Q5P/P5P1/5R1K w - -,,0
8/8/8/6k1/8/2B3K1/2B5/8 w - -,b3b8 d7d8 b8c7 d8d7 c7a5 d7a7 a5b5 g7g6 a2a3 g8g7,Mate
6r1/1kp5/1p5p/p7/Pb4P1/1P5P/1B6/5RK1 w - -,f1f5 g8d8 b2g7 d8d3 g1g2 b4d2 f5f3 d3d7 g7f6 b7c6,35
4rrk1/nppq1ppp/3b1n2/pP3b2/3P1P2/2P3P1/P4NBP/RNBQ1RK1 w - -,a2a4 c7c6 b5c6 b7c6 b1d2 f6d5 d2e4 a7c8 c1d2 e8e7,112
4Q3/pp3rkp/3q1Np1/2b5/7P/1P3PN1/P5P1/7K w - -,e8g8 g7f6 g3e4 f6e6 e4d6 c5d6 h4h5 g6h5 g2g3 b7b6,374
r3kb1r/p1q2ppp/1np1b3/8/2p1B3/4B3/PP1N1PPP/R2Q1RK1 w kq -,d1f3 a8c8 e3d4 f8d6 d4g7 d6h2 g1h1 h8g8 g7h6 h2d6,61
2r5/8/5k2/1b1p2p1/pP1P2P1/R1p1P3/6K1/3B4 w - -,a3a4 b5a4 d1a4 c3c2 a4c2 c8c2 g2g3 f6e6 b4b5 c2b2,-570
4rk2/p2n1pp1/2N1p2p/2P2b2/3P3P/2N3P1/Pr3P2/R4RK1 w - -,f1c1 e6e5 a2a4 a7a6 c3d1 b2b7 c6a5 b7c7 c5c6 d7f6,135
8/6p1/1p4kp/5p2/2Br4/1P4PP/5PK1/8 w - -,g2f3 d4d2 h3h4 d2c2 f3e3 g6f6 e3f3 f6e5 f3g2 c2b2,-495
8/1p3pp1/p2k3p/3p4/b7/1NP1K2P/PP3PP1/8 w - -,b3d4 a4d7 h3h4 g7g6 g2g3 d7g4 d4c2 g4f5 c2e1 f5b1,36
r1b1k1nr/pp1p1ppp/4p3/2b3q1/2NB4/2P2B2/PP3P1P/R2QK2R w KQkq -,h2h4 g5f5 c4e3 f5f4 d4c5 d7d5 d1e2 g8f6 e3d5 f6d5,463
r2qkbnr/pp1bpppp/1n1p4/2p1P3/2B5/5N2/PPPP1PPP/RNBQK2R w KQkq -,d1e2 b6c4 e2c4 e7e6 d2d4 c5d4 e5d6 d8b6 c4d4 b6d4,-41
4rrk1/5qpp/1p6/p5BP/2P1b1P1/2Q1n3/PP2B3/1K1R2NR w - -,b1c1 e3d1 c1d1 e4h1 h5h6 f7d7 c3d2 f8f7 d1c1 d7e6,-466
2r5/8/5k2/3p2p1/pP1P2P1/2pbP3/R5K1/3B4 w - -,d1a4 c3c2 a4c2 c8c2 a2c2 d3c2 g2f2 c2e4 f2e1 f6e7,-505
r2q1rk1/pbpn1ppp/1p2pn2/8/3P1B2/P4N2/1PQ1PPPP/R3KB1R w KQ -,c2c7 d8c7 f4c7 f8c8 c7g3 c8c2 f3d2 a8c8 f2f3 b7a6,-28
8/6p1/1p3k1p/5p2/2Br3P/1P4P1/5PK1/8 w - -,g2f3 d4d2 f3g2 d2b2 g2g1 f6e5 g1g2 e5e4 c4e6 b6b5,-521
r2q1bnr/pp1bpkpp/1n1p4/2p1P3/8/5N2/PPPP1PPP/RNBQK2R w KQ -,a2a4 f7e8 e1h1 d7g4 a4a5 b6d5 d2d4 d6e5 a5a6 b7a6,-158
6Q1/pp3r1p/3q1kp1/2b5/7P/1P3PN1/P5P1/7K w - -,h1h2 c5f2 f3f4 d6f4 g8d8 f6g7 d8g5 f4g5 h4g5 f2g3,-848
r2q1bnr/pp2pkpp/1n1pb3/2p5/8/5N2/PPPP1PPP/RNBQK2R w KQ -,e1h1 h7h6 d2d4 c5d4 f3d4 e6d7 a2a4 g8f6 a4a5 b6c4,-363
3r1rk1/2q1npb1/1pp1b2p/p3p1p1/P1NpP3/2P1BN1P/1P2QPP1/3RR1K1 w - -,c3d4 e5d4 f3d4 e6c4 e2c4 c6c5 d4b5 c7e5 b5c3 f8e8,7
4rk2/3n1pp1/p1N1p2p/2P2b2/3P3P/2N3P1/Pr3P2/R3R1K1 w - -,c6a5 d7f6 a2a3 g7g5 h4g5 h6g5 a5c4 b2b3 a1c1 e8e7,127
8/6p1/1p5p/4kp2/2Br3P/1P3KP1/5P2/8 w - -,f3e2 f5f4 e2f3 e5f5 c4b5 d4b4 b5d3 f5f6 d3c4 b6b5,-516
3r1rk1/2q1npb1/1pp1b2p/p5p1/P1NpP3/4BN1P/1P2QPP1/3RR1K1 w - -,,0
rnbq1rk1/ppp1ppbp/6p1/3p4/2BP1P2/2P2N2/P1P3PP/R1BQ1RK1 w - -,c4b3 b8a6 c1e3 c8f5 f3e5 a8c8 c3c4 d5c4 b3c4 a6b4,-115
r1b1k1nr/pp1pqppp/4p3/2b5/2NB3P/2P2B2/PP3P2/R2QK2R w KQkq -,d4g7 d7d5 b2b4 c5d6 c4d6 e7d6 g7h8 g8e7 d1d4 a7a5,469
r6k/pb3rpp/1p2p3/3pqP2/8/3B4/PPP2PPP/R3R1K1 w - -,a1b1 e5d4 e1e6 a8f8 e6e3 b7c8 e3e2 c8f5 d3f5 f7f5,-587
2rq1rk1/pbBn1ppp/1p2pn2/8/3P4/P4N2/1PQ1PPPP/R3KB1R w KQ -,a1c1 d8e7 c2b1 f6d5 c7g3 c8c1 b1c1 f8c8 c1b1 d5b4,-91
r2q1rk1/pb1n1ppp/1p2pn2/2b5/2B5/1P2PN2/PB1NQPPP/R4RK1 w - -,a1c1 a7a6 c4d3 d8e7 f3g5 a8d8 g5e4 c5a3 c1c7 b7e4,25
r4rk1/pp1b1ppp/1n4q1/2p5/1Q2n3/N1P3B1/PPB2PPP/R4RK1 w - -,b4e4 f7f5 e4f4 g6f7 f2f3 b6d5 f4c4 d7e6 c4c5 a8d8,471
8/8/5k2/8/8/6K1/2BB4/8 w - -,b4a5 g6c6 c3c4 e4g3 h2g3 d7e6 b2b3 b6d7 c2d1 d7e5,Mate
4rrk1/np1q1ppp/2pb1n2/pP3b2/P2P1P2/2P3P1/5NBP/RNBQ1RK1 w - -,b5c6 b7c6 b1d2 f6d5 d2e4 a7c8 c1d2 c8b6 d1b3 d6e7,110
8/5pk1/2Nb2p1/8/8/7P/q4rP1/1Q3R1K w - -,b1a1 f7f6 f1d1 a2e2 d1g1 e2f3 c6e5 d6e5 a1e5 f3g2,-19
r3kb1r/1p2q2p/2npQnp1/1N6/4P3/5P2/P4P1P/R1B2RK1 w kq -,b5d6 e8d8 d6b7 d8c7 c1f4 c7b7 a1b1 c6b4 e6c4 a8a5,439
3r1rk1/2q1npb1/1pp4p/p5p1/P1bNP3/4B2P/1P2QPP1/3RR1K1 w - -,e2c4 c6c5 d4b5 c7e5 b5c3 f8e8 c4b5 e5c7 f2f3 g7e5,2
8/pp2kpb1/1n2p2p/6NP/2p5/8/PP2KPP1/3R4 w - -,g5e4 b6d5 d1d2 f7f5 e4c5 b7b6 c5a6 b6b5 g2g3 g7e5,49
5rk1/5p2/p3pR2/1p1r2pN/6Pn/2P1Q3/PP3R1K/3q4 w - -,f6e6 d1d3 h5f6 g8g7 f6d5 d3d5 e3e5 d5e5 e6e5 f7f6,390
3B1rk1/pb1n1ppp/1p2pn2/8/3P4/P4N2/1Pr1PPPP/R3KB1R w KQ -,d8f6 d7f6 e2e3 c2b2 f1d3 f8c8 e1h1 c8c3 f3e5 b2b3,-113
3r1rk1/2q1npb1/1p5p/p1p3p1/P1QNP3/4B2P/1P3PP1/3RR1K1 w - -,,0
r6k/pb3rpp/1p6/3pRp2/8/3B4/PPP2PPP/R5K1 w - -,e5f5 f7f5 d3f5 a8e8 f5d3 g7g5 f2f3 h8g7 g1f2 b7c8,254
7k/1R6/4P3/5BK1/8/8/8/2b1r3 w - -,a1e1 g7g6 f2f3 h8g7 g1f2 f5f4 f2e2 a8d8 e2d2 d8d6,Mate
2k5/5p1p/p4pr1/1p2p3/8/2P1P1P1/PP5P/2Kr1R2 w - -,,0
6Q1/pp3r1p/3qk1p1/2b5/4N2P/1P3P2/P5P1/7K w - -,h4h5 d6d1 h1h2 e6e7 h5g6 h7g6 g8g6 d1d5 g2g4 c5d6,-413
8/pp2kp2/1n2p2p/7P/2p1N3/8/Pb2KPP1/3R4 w - -,d1b1 b6a4 e2d2 f7f5 e4g3 b7b5 d2c2 b5b4 b1b2 a4b2,34
3r1rk1/4npb1/1p5p/pNp1q1p1/P1Q1P3/4B2P/1P3PP1/3RR1K1 w - -,b5c3 f8e8 e1f1 e5f6 f2f3 f6c6 g1h1 c6e6 c4e6 f7e6,11
8/5Bp1/7p/1p2kp2/3r3P/1P3KP1/5P2/8 w - -,f3e3 f5f4 e3f3 e5f6 f7g8 f4g3 f2g3 h6h5 b3b4 d4b4,-628
r7/1kp3R1/1p2r2p/p7/Pb4P1/1P5P/1B6/5RK1 w - -,g7d7 b4c5 b2d4 c5d4 d7d4 e6e3 g1g2 e3b3 f1f4 a8e8,-159
8/8/8/8/5k2/8/8/1KRR4 w - -,g7d7 b4c5 b2d4 c5d4 d7d4 e6e3 g1g2 e3b3 f1f4 a8e8,Mate
r3qrk1/1bpn2pp/1p1ppb2/p4p2/2PP4/P1P1P2P/4BPPB/R2QNRK1 w - -,a1b1 a8c8 e2f3 b7f3 d1f3 g7g5 e1d3 f6g7 a3a4 f8f7,-58
r1bq1rk1/ppp1p1bp/2n2pp1/3p2N1/3P1P2/2PB4/P1P3PP/R1BQ1RK1 w - -,g5h7 f6f5 h7f8 g8f8 c1a3 f8f7 g1h1 e7e6 d1e2 d8h4,252
r1b1k2r/pp1pqpBp/4p2n/2b5/2N4P/2P2B2/PP3P2/R2QK2R w KQkq -,g7h8 h6f5 c4e5 d7d5 e5g4 c8d7 g4f6 e8d8 f6g4 d8c8,478
5rk1/pb3ppp/1p2pn2/8/3P4/P4N2/1Pr1PPPP/R3KB1R w KQ -,f3e5 c2b2 e5d3 b2b3 f2f3 f6d5 e1d2 f8c8 e2e4 d5c3,-114
8/1p3pp1/p6p/2kp4/b7/2P1K2P/PP1N1PP1/8 w - -,b2b4 c5d6 e3d4 a4b5 g2g3 f7f6 d2f3 b7b6 d4e3 g7g5,31
8/5B2/7p/1p2kpp1/3r3P/1P2K1P1/5P2/8 w - -,h4g5 h6g5 f7h5 f5f4 g3f4 g5f4 e3e2 d4b4 h5f7 f4f3,-544
3r4/r3k3/2n3R1/p4P1p/8/2N2R2/7P/7K w - -,g6c6 a7b7 c6h6 b7b4 f5f6 e7f7 h6h7 f7g6 h7g7 g6h6,447
2Q5/pp3pk1/3p2p1/3P3p/3q2r1/1P6/P4PPP/5RK1 w - -,f1c1 d4d5 c8c3 g7h7 f2f3 g4d4 c1e1 d4d3 c3f6 d3d1,-114
r3rnk1/pp3pp1/1qp1bp1p/8/1bPP1P2/3B4/PPQBN1PP/4RRK1 w - -,f4f5 b4d2 c2d2 e6c8 c4c5 b6d8 d2c3 b7b6 e2g3 e8e1,142
r6k/pb4pp/1p6/3p1r2/8/3B4/PPP2PPP/R5K1 w - -,a2a4 f5f6 f2f3 b7c6 g1f2 a7a5 h2h4 c6d7 b2b3 a8e8,-525
r2k1b1r/1pN1q2p/2npQnp1/8/4P3/5P2/P4P1P/R1B2RK1 w - -,e6e7 f8e7 c7a8 d8d7 a8b6 d7e6 a1b1 h8f8 b6d5 f6d5,412
r2q1rk1/ppp1p1bp/2n2pp1/3p4/3P1Pb1/2PB1N2/P1P3PP/R1BQ1RK1 w - -,c1a3 d8d7 h2h3 g4f5 c3c4 a8d8 c4d5 d7d5 a1b1 b7b6,-72
8/8/5k2/1b4p1/p1pP2P1/4P3/2B2K2/8 w - -,e3e4 a4a3 e4e5 f6e7 c2b1 c4c3 d4d5 c3c2 b1c2 a3a2,-828
8/8/8/3k4/5K2/2B5/2B5/8 w - -,e3e4 a4a3 e4e5 f6e7 c2b1 c4c3 d4d5 c3c2 b1c2 a3a2,Mate
4rrk1/5qpp/1p6/p5BP/1nP3P1/5b2/PP2N2R/1KQR4 w - -,d1d2 h7h6 g5h4 e8e3 b1a1 b4d3 c1b1 f7c4 e2c3 f3g4,-369
r1bqk2r/pp2nppp/2p5/2b5/3ppP2/1B1P4/PPP3PP/RNBQ1RK1 w kq -,b1a3 c5a3 b2a3 e4e3 c1b2 e8h8 d1h5 c8f5 g2g4 f5e6,-189
8/pp2kp2/1n2p2p/7P/4N3/2p5/Pb2KPP1/1R6 w - -,e2d3 b6d5 e4c3 b2c3 b1b7 e7f6 b7a7 c3e1 d3e2 e1b4,58
2rq1rk1/pbN1bppp/1pn1pn2/3p4/3P1B2/5NP1/PP2PPBP/R2Q1RK1 w - -,c7b5 d8d7 a2a4 a7a6 b5c3 f6e4 h2h4 f7f6 f3d2 c6d4,-66
8/5B2/8/1p2kpp1/3r4/1P2K1P1/5P2/8 w - -,f7g6 d4b4 g6f7 b4e4 e3d2 e4d4 d2e3 g5g4 f7h5 d4b4,-623
4r1k1/3n1pp1/p1N1p2p/2P2b2/3P3P/2N3P1/Pr3P2/R4RK1 w - -,f2f3 g8f8 g3g4 f5h7 a1c1 e8c8 c6a5 b2b4 f1d1 b4b2,179
2rq1rk1/4nppp/4p3/pb3n2/3P4/P1P2NP1/1P1NQP1P/R3R1K1 w - -,c3c4 b5a6 b2b4 e7c6 d4d5 e6d5 b4b5 c6d4 f3d4 f5d4,-282
8/pp2kp2/4p2p/3n3P/4N3/2pK4/Pb3PP1/1R6 w - -,e4c3 b2c3 b1b7 e7f6 b7a7 c3e5 g2g4 e5c7 d3e2 f6e5,36
r2q1rk1/ppp3bp/2n2pp1/3p4/3PpP2/2PBBQ1P/P1P3P1/R4RK1 w - -,d3e4 d5e4 f3e4 f6f5 e4d3 d8d5 e3f2 c6a5 f1e1 a8e8,-396
3r2k1/2Q2ppp/8/p2q4/8/7P/P5P1/5R1K w - -,,0
7k/1R6/4PK2/5B2/8/4b3/8/4r3 w - -,f1f7 d5d1 h1h2 d1d6 c7d6 d8d6 f7f5 a5a4 f5f4 d6a6,Mate
8/5B2/8/1p2k1p1/3r1p2/1P2KPP1/8/8 w - -,g3f4 g5f4 e3e2 d4d8 e2e1 d8d3 e1e2 e5d4 f7g8 b5b4,-763
r1bqk2r/ppp2pp1/4p2p/4P3/1b1Pp3/2N2N2/PPP2PPP/R2QK2R w KQkq -,f3g1 d8g5 g1e2 g5g2 h1g1 g2h2 d1d2 g7g6 d2e3 b4c3,-71
r2q1rk1/ppp3bp/2n2pp1/8/3PpP2/2P1BQ1P/P1P3P1/R4RK1 w - -,f3e4 f6f5 e4e6 f8f7 e3f2 d8d7 f1e1 d7e6 e1e6 f7e7,-394
8/8/5k2/1b4p1/2pP2P1/p3P3/5K2/1B6 w - -,d4d5 c4c3 d5d6 c3c2 d6d7 b5d7 b1c2 a3a2 f2e2 d7g4,-916
r7/1kp2RR1/1p2r2p/p1b5/P5P1/1P5P/1B6/6K1 w - -,b2d4 c5d4 g1g2 d4g7 f7g7 e6e3 g7d7 e3b3 d7d2 b3b4,-671
4rrk1/5qp1/1p5p/p6P/1nP3bB/8/PP1RN2R/1KQ5 w - -,e2g3 g7g5 h5g6 f7g6 b1a1 b4d3 d2d3 g6d3 h2g2 d3e3,-304
8/5B2/8/1p2k3/3r1p2/1P2KP2/8/8 w - -,e3e2 d4d8 f7h5 e5d4 e2d2 d8h8 h5g4 h8h2 d2d1 b5b4,-1047
r4rk1/2q1n1b1/1pp1b2p/p1p1ppp1/P1N1P3/2PPBN1P/1P2QPP1/3RR1K1 w - -,e4f5 e7f5 f3d2 f5h4 d2e4 a8b8 f2f3 b8d8 g1h1 e6d5,45
r2qk1nr/ppp2ppp/2n1p3/3p4/1b1P1B2/3PP3/PP1N1PPP/R2QK1NR w KQkq -,a2a3 b4d6 f4g3 a7a5 d2f3 g8f6 a1c1 f6d7 g1e2 a5a4,15
4rrk1/npbq1ppp/5n2/p1P2b2/Pp1P1P2/B5P1/5NBP/RN1Q1RK1 w - -,a3b2 f6d5 d1f3 d5e3 d4d5 e3f1 g2f1 e8e1 b1d2 e1a1,-242
r1b1kb1r/p3p1pp/2p2p2/2Pp4/5B2/2q1PN2/P1P2PPP/R2Q1RK1 w kq -,f1e1 e7e5 e3e4 f8c5 f4d2 c3c4 f3e5 f6e5 d1h5 e8f8,-133
r2k3r/1pN1b2p/2np1np1/8/4P3/5P2/P4P1P/R1B2RK1 w - -,e4e5 d8c7 e5f6 e7f6 a1b1 a8a2 c1f4 a2b2 f1d1 b2b1,-531
4rrk1/pp1b1ppp/1np3q1/8/1Q2n3/N1P3B1/PPB2PPP/R4RK1 w - -,f2f3 e4g3 c2g6 g3f1 g6h7 g8h7 a1f1 h7g8 c3c4 e8e2,301
4rrk1/8/1p4qp/p7/1nP3bB/6N1/PP1R3R/1KQ5 w - -,b1a1 b4d3 d2d3 g6d3 h2h1 e8e3 h1g1 g8h7 g1h1 f8f7,-331
8/5B2/3k4/1p6/3r1p2/1P3P2/4K3/8 w - -,b3b4 d6e5 f7g8 d4b4 e2d3 b4a4 d3c3 a4a3 c3b4 a3f3,-918
4b1k1/8/4pBpp/3pP3/2pP4/2P1P2P/1b2N3/6K1 w - -,g1f1 g6g5 h3h4 g5h4 f6h4 g8h7 h4e1 h7g6 f1f2 b2a3,-83
8/pp2kp2/4p2p/3n3P/8/2bK4/P4PP1/1R6 w - -,b1b7 e7f6 b7a7 c3e5 g2g4 e5c7 d3e2 f6e5 e2f3 f7f5,27
8/8/5k2/6p1/3P2P1/pbp1P3/8/1BK5 w - -,d4d5 f6e5 e3e4 e5d6 e4e5 d6e5 d5d6 e5d6 b1c2 b3c2,Mate
8/8/8/8/2R5/3k4/8/1K6 w - -,d4d5 f6e5 e3e4 e5d6 e4e5 d6e5 d5d6 e5d6 b1c2 b3c2,Mate
r2q1rk1/ppp1p1bp/2n2pp1/3p4/3P1P2/2PB1b1P/P1P3P1/R1BQ1RK1 w - -,f1f3 e7e5 f4e5 f6e5 f3f8 d8f8 a1b1 e5d4 c3c4 c6e5,-142
1r1q1rk1/4nppp/4p3/pQ3n2/3P4/P1P2NP1/1P1N1P1P/R3R1K1 w - -,b5a6 b8b2 e1b1 b2b1 a1b1 e7d5 d2e4 d5f6 e4f6 g7f6,160
4rrk1/8/1p4qp/p7/2P3bB/3n2N1/PP1R3R/K1Q5 w - -,d2d3 g6d3 h2g2 d3e3 c1e3 e8e3 g3f5 e3e4 f5h6 g8h7,-316
6B1/8/8/1pk5/3r1p2/1P3P2/4K3/8 w - -,g8f7 d4d8 e2e1 d8d3 e1e2 c5d4 f7g8 d4c3 e2f2 d3d2,-1510
rnb1kbnr/pp1p1ppp/1qp1p3/8/2P5/4PN2/PP1P1PPP/RNBQKB1R w KQkq -,d2d4 d7d5 b2b3 g8f6 f1d3 f8e7 e1h1 e8h8 b1d2 b8d7,76
8/pR3p2/4pk1p/3n3P/8/2bK4/P4PP1/8 w - -,b7a7 c3e5 g2g4 e5c7 d3e2 f6g5 e2f3 f7f5 g4f5 g5f5,30
r7/1kp2RR1/1p1br2p/p7/P5P1/1P5P/1B6/6K1 w - -,g1f1 e6e3 g7g6 a8f8 f7f8 d6f8 b2c1 e3h3 f1e2 h3b3,-181
r2q1rk1/ppp3bp/2n2pp1/3pp3/3P1P2/2PB1Q1P/P1P3P1/R1B2RK1 w - -,d3b5 e5e4 f3f2 c6e7 a2a4 f6f5 c1a3 f8f7 a4a5 b7b6,-167
8/8/4B3/1p6/1k1r1p2/1P3P2/4K3/8 w - -,e2e1 d4d8 e6f7 b4c3 e1f1 d8d2 f1e1 b5b4 f7c4 d2b2,-20000
8/8/5k2/6p1/3PP1P1/1bp5/p7/1BK5 w - -,e4e5 f6e6 b1a2 b3a2 c1c2 e6d5 c2c3 d5e4 e5e6 a2e6,Mate
r4rk1/pb1pppbp/2p3p1/q1Pn4/8/2N1B1P1/PPQ1PPBP/R3K2R w KQ -,e3d2 a5c5 a1c1 d5c3 d2c3 g7c3 c2c3 c5c3 c1c3 a7a5,-132
8/8/5k2/6p1/3PP1P1/2p5/b7/2K5 w - -,d4d5 a2b3 d5d6 b3a4 c1b1 f6e6 d6d7 e6d7 b1a2 d7d6,-1738
4Rbk1/5ppp/p7/8/PpPp4/7q/1PP2Pb1/R1BQ2K1 w - -,d1h5 h3h5 g1g2 f7f6 e8d8 h5g4 g2h2 g4f3 h2g1 f3d1,-531
2r2k2/3n1pp1/p1N1p2p/2P2b2/3P3P/2N1R1P1/Pr3P2/R5K1 w - -,c6a5 b2b4 a1d1 e6e5 c3e2 b4b2 f2f3 g7g6 a5c4 b2a2,83
8/p1Q2pk1/3p2p1/3q2rp/8/1P6/P4PPP/5RK1 w - -,f2f3 d5d2 f1f2 d2e1 f2f1 e1e3 g1h1 e3d2 f1g1 a7a5,-88
r1b1kb1r/p3p1pp/2p2p2/2Pp4/3Q1B2/4PN2/P1q2PPP/R4RK1 w kq -,a1c1 c2e4 d4c3 e7e5 f4g3 h7h5 f3d2 e4g6 d2f3 g6f7,-107
8/5k2/8/6p1/3PP1P1/pbp5/8/1BK5 w - -,a1c1 c2e4 d4c3 e7e5 f4g3 h7h5 f3d2 e4g6 d2f3 g6f7,Mate
8/3r1B2/8/1p6/1k3p2/1P3P2/4K3/8 w - -,f7g8 b4c3 e2f1 d7d2 g8f7 c3d3 f7g6 d3e3 g6e4 b5b4,-20000
6k1/p1p2pp1/8/1p5p/4n1P1/1P1N1pqP/P1Q2b2/4RK1R w - -,,0
r1b1kb1r/pppp1ppp/2n2nq1/4p3/2P5/1PN1P3/PB1P1PPP/R2QKBNR w KQkq -,h2h4 h7h5 c3b5 e8d8 g1f3 d7d6 d2d4 c8d7 f1e2 a7a6,60
8/5pk1/2N3p1/4b3/8/7P/q5P1/1Q3r1K w - -,b1f1 e5c3 f1d3 a2a1 h1h2 a1c1 d3f3 c3f6 f3e4 c1c5,-3
8/4k3/8/4P1p1/3P2P1/pbp5/8/1BK5 w - -,b1f1 e5c3 f1d3 a2a1 h1h2 a1c1 d3f3 c3f6 f3e4 c1c5,Mate
r4r1k/pbp3pp/1p2qp2/3pP3/5Q2/3B4/PPP2PPP/R3R1K1 w - -,e5f6 e6f6 f4f6 f8f6 e1e7 a8c8 a1e1 h8g8 h2h4 d5d4,245
8/4r3/4B3/1p6/1k3p2/1P3P2/4K3/8 w - -,e1e2 c7c5 e5f6 e6f6 f4f6 f8f6 e2e7 b7c6 a1e1 c5c4,Mate
1r3k2/3n1pp1/p3p2p/N1P2b2/3P3P/2N1R1P1/Pr3P2/R5K1 w - -,a1c1 d7f6 f2f3 h6h5 c5c6 b2b4 c1d1 b8c8 d1d2 f6d5,115
r2qk2r/pp1nbppp/2p1pn2/8/3P1B2/2P2b1P/PP1N1PP1/R2QKB1R w KQkq -,d1f3 e8h8 f1c4 d8b6 a1b1 c6c5 d4c5 d7c5 e1h1 f8d8,34
r3qrk1/1bpnb1pp/1p1pp3/p4p2/2PP1P2/P1P1P2P/4B1PB/R2QNRK1 w - -,e2h5 e8c8 h5e2 d7f6 e1f3 f6e4 d1c2 f8f6 f3d2 f6g6,-80
3q1rk1/4nppp/Q3p3/p4n2/3P4/P1P2NP1/1r1N1P1P/R3R1K1 w - -,e1b1 b2b1 a1b1 e7d5 d2e4 h7h6 b1b3 d5f6 e4f6 d8f6,161
4rrk1/pb4pp/1n1P1q2/1Pp5/1b1n1B2/2N2PP1/PP1QB2P/2KR2NR w - -,h2h4 b7d5 e2d3 d5a2 d3h7 g8h8 h7c2 a2g8 d2d3 b4c3,-141
6k1/8/4pBpp/3pP3/b1pP4/2P1P2P/1b2N3/5K2 w - -,f1e1 g6g5 e1d2 g8f7 h3h4 f7g6 h4g5 h6g5 e2g3 b2a3,-28
1r3rk1/pbqpppbp/2p2np1/2P5/8/2N3P1/PPQ1PPBP/R1B1K2R w KQ -,c1f4 e7e5 f4d2 b7a6 e1h1 c7a5 c3a4 a5d8 d2c3 d8e7,45
r4rk1/pb1nqppp/1p2pn2/2b5/8/1P1BPN2/PB1NQPPP/R4RK1 w - -,d3a6 b7a6 e2a6 c5b4 f1d1 f8d8 a1c1 d7c5 a6f1 b4d2,21
r4rk1/2qn1pp1/b2b4/3pN2Q/3P1B2/1R6/5PPP/5RK1 w - -,d3a6 b7a6 e2a6 c5b4 f1d1 f8d8 a1c1 d7c5 a6f1 b4d2,Mate
1r3k2/3n1pp1/p3p2p/2P2b2/1rNP3P/2N1R1P1/P4P2/R5K1 w - -,c4a5 b8c8 a1d1 e6e5 c3e2 b4b2 f2f3 b2a2 a5b7 e5d4,113
8/p4p1k/3p2p1/3q2rp/8/1PQ5/P4PPP/5RK1 w - -,c3h3 d5e4 g2g3 g5a5 h3d7 e4d5 f1a1 h7g7 d7e7 d5d2,-35
r4r1k/pbp3pp/1p3q2/3p4/5Q2/3B4/PPP2PPP/R3R1K1 w - -,f4f6 f8f6 e1e7 a8c8 a1e1 h8g8 h2h4 d5d4 e1e5 h7h6,286
8/pp2kp1p/1n2p3/6NP/2p5/8/Pb2KPP1/3R4 w - -,e2d2 c4c3 d2c2 b6c4 a2a4 b7b5 d1d4 c4a3 c2b3 b2c1,-17
8/8/4k3/1R6/1R2K3/8/8/8 w - -,e2d2 c4c3 d2c2 b6c4 a2a4 b7b5 d1d4 c4a3 c2b3 b2c1,Mate
rnbqk2r/pppp1pbp/4p1p1/4P3/2BPn3/5N2/PPP2PPP/RNBQK2R w KQkq -,c4d3 d7d5 d3e4 d5e4 f3g5 f7f5 e5f6 d8f6 c1e3 b7b6,87
r6k/pbp3pp/1p3r2/3p4/8/3B4/PPP2PPP/R3R1K1 w - -,e1e7 a8c8 a1e1 h8g8 h2h4 h7h6 g2g4 g8f8 d3f5 c8b8,284
r1b2rk1/pppn2pp/2nb1q2/3pp3/3P4/2PB1N2/PPQN1PPP/R1B2RK1 w - -,d4e5 d7e5 d3h7 g8h8 h7d3 g7g5 f3e5 c6e5 c3c4 e5d3,-52
1r4k1/5ppp/4p3/p2bN3/2pP4/q1P4P/P3RPP1/4Q1K1 w - -,,0
6k1/p1p2pp1/8/1p5p/6P1/1P1N1pqP/P4n2/4RK1R w - -,,0
1r3k2/3n1pp1/p2Np2p/2P2b2/3r3P/2N1R1P1/P4P2/R5K1 w - -,,0
8/8/5k2/1R6/3RK3/8/8/8 w - -,c3e2 d4d2 d6f5 e6f5 a1c1 d7f6 e2f4 b8b2 c5c6 b2c2,Mate
3q1rk1/4nppp/Q3p3/p4n2/3P4/P1P2NP1/3N1P1P/Rr4K1 w - -,a1b1 h7h6 g1g2 e7d5 d2e4 a5a4 b1b7 d5f6 e4f6 g7f6,166
6k1/8/4pBpp/3pP3/2pP4/2P1P2P/1bb1N3/4K3 w - -,e1d2 c2d3 e2f4 d3f5 h3h4 g8f7 f4e2 f5g4 e2f4 g4f3,-9
4r1k1/p1p3bp/1pn3p1/3q1p2/3PrP2/2P2QPP/P1P2B2/1R2R1K1 w - -,e1e4 f5e4 f3e2 c6a5 b1b4 e4e3 f2e1 g7f8 b4a4 d5d7,-471
r1b2r1k/pppn2pB/2nb1q2/3pp3/3P4/2P2N2/PPQN1PPP/R1B2RK1 w - -,d4e5 d7e5 h7d3 f6h6 f3e5 c6e5 f2f4 f8f4 d2f3 e5d3,-52
rnbqk2r/1p1nbp2/p2pp2p/6p1/3NP1P1/2N1B2P/PPP1QPB1/R3K2R w KQkq -,h3h4 g5h4 f2f4 b8c6 e1a1 d8a5 e4e5 c6d4 e3d4 d6e5,180
8/pp2k2N/1n2pp2/7P/2p5/8/Pb2KPP1/3R4 w - -,e2d2 b6d5 d2c2 b2e5 d1b1 b7b6 g2g4 a7a5 a2a3 e5f4,27
4R3/p1p2ppk/8/1p5p/6P1/1P1N1pqP/P4n2/5K1R w - -,,0
4r1k1/p1p3bp/1pn3p1/3q1p2/3P1P2/2PQ2PP/P1P2B2/1R2r1K1 w - -,b1e1 e8e1 f2e1 b6b5 e1f2 g8f7 a2a4 a7a6 h3h4 c6a5,-465
4rrk1/pb3q1p/3P2pB/1Pp5/1b1n4/2N2PP1/Pn3Q1P/1BKR2NR w - -,,0
8/5pk1/2N3p1/8/8/6bP/q4rP1/1Q3R1K w - -,c6b4 a2b1 f1b1 f2d2 b4c6 g7h6 b1f1 f7f5 h1g1 h6g5,-9
8/p4p1k/3p2p1/3qr2p/8/1PQ3P1/P4P1P/5RK1 w - -,,0
4rrk1/p4q1p/3P2pB/1Pp5/1b1n4/2N2bP1/PQ5P/1BKR2NR w - -,,0
r3kbnr/pb1p1ppp/2n1p3/qp6/2p1P3/1BP2N2/PP1P1PPP/RNBQ1RK1 w kq -,b3c2 b5b4 d2d4 b4b3 a2b3 a5a1 b3c4 b7a6 f1e1 a6c4,28
r1q2r2/1pp1npkp/1pb3p1/4P3/3PQNP1/1B5P/PP3R2/5RK1 w - -,d4d5 c6b5 d5d6 c7d6 e5d6 e7c6 f4g6 b5f1 g6f8 c8f8,578
1r3k2/3n1pp1/p6p/2P2p2/3r3P/2N1R1P1/P4P2/R5K1 w - -,,0
6k1/p1p3bp/1pn3p1/5p2/3P1P2/2PQ2PP/q1P5/4B1K1 w - -,e1f2 a2d5 d3a6 d5e6 a6b5 c6e7 c3c4 g8f7 c2c3 g7f6,-453
r1q2bkr/pp2p1pp/1nnpN3/2p5/6Q1/2P5/PP1P1PPP/RNB1K2R w KQkq -,g4h3 c6d8 e6g5 h7h6 h3c8 a8c8 g5f3 d8c6 d2d3 b6a4,-59
2r1r1k1/1p1q1ppp/3p1b2/p2P4/3Q4/8/PP2RPPP/4R1K1 w - -,d4d3 e8e2 d3e2 g7g6 e2f3 g8g7 g2g4 c8e8 e1e8 d7e8,-500
4rrk1/p4q1p/3P2pB/1Pp5/3n4/2b2NP1/PQ5P/1BKR3R w - -,f3d4 c3b2 c1b2 c5d4 b1d3 f7d5 h6f8 g8f8 d1c1 d5d6,-218
r4r2/pp2qpk1/3p3p/2pP2p1/4B1n1/2P2RP1/P1Q2PK1/7R w - -,a2a3 f8e8 h1e1 g4f6 c3c4 f6e4 f3e3 f7f5 f2f3 e7e5,-223
rnb1kb1r/pp2pppp/2p5/4P3/1nPq4/2N5/PP4PP/R1BQKBNR w KQkq -,f1e2 d4d1 e1d1 c8f5 g2g4 f5c2 d1d2 c2g6 h2h4 b8a6,-215
6k1/1p3R2/1pr1P1pp/8/8/1P6/6PP/6K1 w - -,f7f6 g8g7 e6e7 c6c1 g1f2 c1c8 f6b6 g7f7 h2h3 c8b8,213
8/pp2kp1N/4p3/3n3P/2p5/8/Pb2KPP1/3R4 w - -,d1e1 b7b5 e2d1 b2h8 d1c2 d5c3 g2g4 c3a2 g4g5 h8d4,-32
3r2k1/2Q2qpp/8/p7/8/7P/P5P1/7K w - -,,0
3q1rk1/4npp1/Q3p2p/p4n2/3P4/P1P2NP1/3N1P1P/1R4K1 w - -,b1b7 e7d5 d2e4 d5f6 e4f6 g7f6 f3d2 d8d5 a6b5 f8c8,176
4R3/p1p2ppk/8/1p5p/6P1/1P3p1P/P4Nq1/5K1R w - -,,0
8/5k1p/2R1r1p1/3p1p2/1P6/6P1/5P1P/6K1 w - -,c6c3 e6b6 c3c7 f7e6 c7h7 d5d4 g1f1 b6b4 f1e2 b4b2,-5
8/5k2/8/1R6/3R1K2/8/8/8 w - -,c6c3 e6b6 c3c7 f7e6 c7h7 d5d4 g1f1 b6b4 f1e2 b4b2,Mate
rn1qkbnr/2pppppp/2b5/1p6/3P4/1PN5/P4PPP/R1BQKBNR w KQkq -,c1f4 b5b4 c3b5 c6b5 f1b5 c7c6 b5c4 e7e6 g1f3 g8f6,-118
6k1/8/4pBpp/3pP3/2pP4/2PbP2P/1b1KN3/8 w - -,e2f4 d3f5 h3h4 g8f7 f6d8 f7e8 d8f6 e8d7 h4h5 g6h5,-12
2r4k/pbp1R1pp/1p3r2/3p4/8/3B4/PPP2PPP/R5K1 w - -,a1e1 h8g8 h2h4 d5d4 e1e5 g8f8 d3h7 b7c6 h7d3 c8e8,289
r3qrk1/1bp1b1pp/1p1pp3/p4p2/2PPn3/P1PBP2P/5PPB/R2QNRK1 w - -,d1c1 e8g6 g1h1 a8e8 a1b1 b7c6 c1c2 e7f6 e1f3 g8h8,-91
r2qk1nr/ppp2ppp/2n1p3/3p4/3P1B2/3PPN2/PP1b1PPP/R2QK2R w KQkq -,f3d2 g8e7 e1h1 a7a5 d1a4 e7c8 d2b3 c8b6 a4a3 g7g5,48
2r2rk1/pb3pbp/2p3p1/2qpp3/8/2B3P1/PPQ1PPBP/2R2RK1 w - -,g2h3 f7f5 e2e4 b7a6 f1d1 d5e4 c2b3 a6c4 b3b4 c5b4,-89
r1q2bkr/pp2p1pp/1n1pN3/2p1n3/6Q1/2P5/PP1P1PPP/RNB2RK1 w kq -,g4g3 c8e6 f2f4 e5f7 f4f5 e6d5 b1a3 h7h5 b2b3 d5c6,-356
7k/p1pn2b1/1pQ4p/2qP1p2/2P2P2/6PP/2P2K2/4B3 w - -,f2f3 c5c6 d5c6 d7b8 c4c5 b8c6 c5b6 c7b6 f3e2 a7a5,-496
r3r3/1kp3p1/1p2p1n1/p1b1P2p/P2N1PP1/1P3K1P/1B6/3R1R2 w - -,f3e4 h5g4 h3g4 c5d4 b2d4 e8e7 d1e1 a8h8 f1h1 h8e8,81
2r2rk1/pb3pbp/2pq2p1/3pp3/1P6/2B3P1/P1Q1PPBP/2R2RK1 w - -,c2a4 a7a5 b4b5 c6b5 a4b5 d6a6 b5b2 f8e8 c3a5 e5e4,-92
7k/p1p3b1/1p5p/2nP1p2/2P2P2/6PP/2P2K2/4B3 w - -,f2e2 a7a5 e2d1 h6h5 e1d2 c5e4 c2c3 h8g8 d1c2 a5a4,-539
r1b2r1k/ppp3p1/2nb3q/3pn3/8/2PB1N2/PPQN1PPP/R1B2RK1 w - -,f1e1 f8f3 d2c4 h6h5 c4d6 c7d6 c1e3 c8g4 d3f1 a8f8,-326
1r5k/p2nNp1p/4p1pP/3p4/qpnP2P1/1R1Q4/2p1PPB1/2K4R w - -,e2e4 b8e8 e4d5 c4a5 c1c2 e8e7 h1b1 e6d5 g2d5 d7b6,-48
r3k2r/p4ppp/1qp5/5P2/1b1pP1n1/2N5/PPBQ2P1/R1B1K2R w KQkq -,a1b1 d4c3 b2c3 a8d8 d2e2 b4c3 e1f1 d8d1 c2d1 b6b1,-39
5rk1/p2b1ppp/1q1bp3/3p3r/PP6/2P2N2/4NPPP/R2Q1RK1 w - -,d1d4 b6c7 e2g3 h5h6 b4b5 f8c8 a1c1 d7e8 f1d1 d6a3,-76
8/5pk1/6p1/8/1N6/6bP/5rP1/1q3R1K w - -,f1b1 f2d2 b4c6 g7h6 c6a5 d2d5 a5b3 h6g5 b1f1 g5h4,-3
2r1r1k1/pb3pb1/2pq2p1/3pp2p/1P5P/P1B3P1/2Q1PPB1/2R2RK1 w - -,c2a4 a7a5 g2h3 c8d8 c3d2 a5b4 d2b4 d6b8 e2e3 e5e4,-96
4rrk1/1pbq1ppp/5n2/pPP2b2/3n1P2/B5P1/5NBP/RN1Q1RK1 w - -,c5c6 b7c6 a3f8 g8f8 b5c6 d4c6 d1d7 f5d7 b1a3 c6b4,26
3Q1qk1/6pp/8/p7/8/7P/P5P1/7K w - -,d8a5 f8f1 h1h2 f1f4 h2g1 f4c1 g1f2 c1f4 f2e2 f4e4,3
r3qrk1/1bp3pp/1p1ppb2/p4p2/2PPn3/P1PBP2P/2Q2PPB/R3NRK1 w - -,a1b1 e8g6 f2f3 e4g3 h2g3 g6g3 c2f2 f6h4 f2g3 h4g3,-69
8/8/3B4/2KB4/8/8/1k6/8 w - -,,0
r4rk1/pbp3p1/1pn1p1p1/6B1/1bnP2P1/2N2P2/PPB4P/2KR2NR w - -,h2h4 e6e5 c2d3 c6a5 d4d5 b4c3 b2c3 b7d5 d3g6 d5c6,54
r4rk1/pb1nqppp/1p2p3/2b5/2N1n3/1P1BPN2/PB2QPPP/R4RK1 w - -,a1c1 a8c8 f1d1 f8d8 h2h3 h7h6 f3d4 e7g5 e2g4 g5g4,7
rn1qkbnr/1bpppppp/8/1p1P4/8/1PN5/P4PPP/R1BQKBNR w KQkq -,c1b2 b5b4 c3b5 g8f6 f1c4 e7e6 d5e6 d7e6 g1f3 b8d7,-96
8/p4p1k/3p2p1/2q4p/8/1P4P1/P4P1P/4Q1K1 w - -,,0
8/pp2kp2/1n1Np2p/7P/8/2p5/Pb2KPP1/3R4 w - -,e2d3 e7d6 g2g4 b6d5 d3c2 d6c5 d1e1 d5b4 c2b3 c3c2,-471
r1b1k2r/ppp2ppp/2n1pn2/3p4/QqPP4/5NP1/PP2PP1P/RN2KB1R w KQkq -,a4b4 c6b4 b1a3 b7b6 f1g2 c8a6 e1h1 e8e7 f1c1 h8c8,17
2r1r1k1/pb3pb1/3q2p1/2p1p2p/1P1pP2P/P1B3P1/2Q2PB1/2RR2K1 w - -,b4c5 d6c5 c2b2 d4c3 b2b7 g7h6 c1c2 h6d2 g2f1 e8d8,-345
5rk1/p1qb1ppp/3bp3/3p3r/PP1Q4/2P2N2/4NPPP/R4RK1 w - -,e2g3 h5h6 b4b5 f8c8 a1c1 d7e8 c1c2 c7a5 c3c4 a5a4,-85
1r3k2/5pp1/p1P2n1p/5p2/3r3P/2N1R1P1/P4P2/R5K1 w - -,,0
rn1qkb1r/ppp2pp1/4p2p/3p1b2/4nP2/1P2PN2/PBPPB1PP/RN1QK2R w KQkq -,e1h1 b8d7 c2c4 c7c6 b1c3 e4c3 b2c3 d7f6 f3d4 f5e4,27
5rk1/1pbq1ppp/5n2/pPP2b2/3n1P2/B5P1/5NBP/RN1Qr1K1 w - -,d1e1 f8e8 e1f1 d4c2 a3b2 e8e1 f1e1 c2e1 b5b6 c7d8,-473
3q1rk1/5pp1/Q3p2p/p2n1n2/3P4/P1P2NP1/3N1PKP/1R6 w - -,d2e4 h6h5 h2h4 d5f6 e4c5 f5d6 f3e5 d6f5 a6c6 d8d5,175
rnbqk2r/1p2ppbp/2pp1np1/p5B1/2PP4/4PN2/PP2BPPP/RN1QK2R w KQkq -,b1c3 h7h6 g5h4 g6g5 h4g3 f6h5 d1c2 b8d7 a1d1 d7f6,44
rn1qk2r/ppp2pp1/4p2p/2bp1b2/4nP2/1P2PN2/PBPPB1PP/RN1Q1RK1 w kq -,b2g7 h8g8 g7b2 f5h3 f3e1 d8h4 b1c3 b8c6 e2f3 f7f5,49
2kr3r/p4ppp/1qp2n2/5P2/1b1pP1P1/2N5/PPBQ2P1/R1B1K2R w KQ -,d2f2 f6g4 f2e2 d4c3 b2c3 b4c3 e1f1 c3a1 e2g4 b6b5,-255
r1b2r1k/ppp3p1/3b3q/3pn3/8/2PB4/PPQN1PPP/R1B2RK1 w - -,d3e2 c8g4 e2g4 e5g4 h2h3 h6h4 c2g6 g4f2 d2f3 f8f3,-398
1n3k2/6pp/2p1pp2/r7/1p1P4/1P1P2P1/5PBP/2R3K1 w - -,g2c6 b8c6 c1c6 a5a3 c6e6 a3b3 e6b6 f8e7 g1f1 e7d8,13
5rk1/p1qb1ppp/3bp2r/3p4/PP1Q4/2P2NN1/5PPP/R4RK1 w - -,b4b5 f8c8 f1b1 c7a5 f3e5 d6c5 d4d2 d7e8 e5f3 c5b6,-67
6k1/pp3ppp/3p4/3Np3/4P3/8/PPP2PPP/6K1 w - -,f2f4 a7a5 f4e5 d6e5 g1f2 b7b5 f2e2 g8f8 d5c3 a5a4,546
5rk1/1pbq1ppp/5n2/pPP2b2/5P2/B5P1/2n2NBP/RN2Q1K1 w - -,e1c3 d7b5 g2f1 b5c6 a1a2 f6d5 c3f3 c2a3 b1a3 c6c5,-393
r4rk1/pp1bbppp/1q2p3/3pPn2/3P1B2/2N2N2/PPQ2PPP/R2R2K1 w - -,g2g4 f5h6 f4h6 g7h6 c2d2 f7f5 e5f6 e7f6 d2h6 f6g7,20
r1bqkb1r/ppp2ppp/2n2n2/3p4/3Pp1P1/2P1P2P/PP3P2/RNBQKBNR w KQkq -,c3c4 d5c4 f1c4 h7h5 g4g5 f6d5 h3h4 d5b6 c4b5 f8d6,-89
rnbq1rk1/1p2ppbp/2pp1np1/p5B1/2PP4/2N1PN2/PP2BPPP/R2QK2R w KQ -,g5h4 h7h6 h2h3 g6g5 h4g3 c8f5 e1h1 b8d7 e2d3 f5d3,58
6k1/p2n1ppp/1p2p3/8/1q1P1B2/6P1/1r1NPP1P/Q3KB1b w - -,f2f3 b4d4 a1c1 b2a2 d2b3 d4b4 b3d2 b4c5 c1b1 c5c2,-413
r3qrk1/1bp3pp/1p1ppb2/p4pn1/2PP4/P1PBPP1P/2Q3PB/R3NRK1 w - -,a3a4 g8h8 g1h1 b7c6 c2a2 g7g6 c4c5 b6c5 d4c5 g5f7,-49
3r1k1r/ppb1qppb/4p2p/2pnP2P/3P1PQ1/P1B3N1/BP4P1/R4RK1 w - -,f4f5 f8e8 a2d5 d8d5 g4g7 e7f8 g7f8 h8f8 g3e4 c7d8,203
r3kbnr/5ppp/pq2p3/2ppPb2/3P1P2/4BN2/PP4PP/RN1Q1RK1 w kq -,d1a4 e8d8 b1c3 g8h6 f1c1 f5d3 d4c5 f8c5 e3c5 b6c5,179
7k/2p3b1/1p5p/p1nP1p2/1BP2P2/6PP/2P2K2/8 w - -,b4a3 c5e4 f2g2 e4d6 c4c5 b6c5 g3g4 a5a4 g2g3 d6c4,-583
8/5B2/7k/5K2/3N4/8/8/8 w - -,,0
r1bqk2r/ppp2p1p/2n2npb/3p4/3PpNP1/2P1P2P/PP3P2/RNBQKB1R w KQkq -,f1e2 g6g5 f4g2 h6f8 b1d2 f8d6 d2f1 h7h5 g4h5 c8e6,-89
2r2rk1/pp1bbppp/1q2p3/3pPn2/3P1B2/2N2N2/PPQ2PPP/2RR2K1 w - -,g2g4 f5h6 c2d2 h6g4 g1h1 f7f6 d1g1 f6e5 f3e5 g4e5,62
r4r2/pp2qpk1/3p3p/2pPnBp1/8/2P2RP1/P1Q2PK1/7R w - -,f3d3 e5d3 f5d3 a8e8 c2d2 f7f5 c3c4 e7e5 h1h5 f8f6,-438
4rrk1/pbpn2pp/1p3q2/5n2/1bPP1B2/2N2PP1/PP1Q3P/2KR1BNR w - -,h2h4 c7c5 d4d5 d7e5 f1d3 b7c8 f4e5 f6e5 g1e2 f5e3,30
8/pp2kp2/3Np2p/3n3P/2p5/8/Pb2KPP1/3R4 w - -,d6c8 e7f6 d1g1 c4c3 c8a7 d5b4 a7c8 c3c2 e2d2 c2c1q,-128
rnb2rk1/1pq1ppbp/2pp1np1/p5B1/2PP4/2N1PN2/PP2BPPP/R2Q1RK1 w - -,h2h3 c8f5 g2g4 f5c8 g5h4 e7e5 h4g3 e5d4 e3d4 c7d8,71
2r3k1/p1qb1ppp/3bp2r/1P1p4/P2Q4/2P2NN1/5PPP/R4RK1 w - -,f1b1 c7b7 d4d2 b7b8 d2d3 c8c4 f3d2 c4c5 d2b3 c5c8,-60
r1bqk2r/ppp2pp1/4pn1p/8/1b1Pp3/2NB4/PPPN1PPP/R2QK2R w KQkq -,d2e4 e8h8 e4f6 d8f6 e1h1 f8d8 c3e2 b4d6 c2c3 c7c5,-52
1r3k2/5pp1/p1P2n1p/5p2/2r4P/4R1P1/P3NP2/R5K1 w - -,,0
r3kb1r/pp1b1ppp/1qn1p1n1/1NppP1B1/3P4/2P2N2/PP3PPP/R2QKB1R w KQkq -,b2b4 c5b4 h2h4 c6e5 d4e5 d7b5 h4h5 g6e7 c3b4 e7c6,-98
8/5pk1/6p1/8/1N6/6bP/3r2P1/1R5K w - -,,0
rnb2rk1/1pq2pbp/2pp1np1/p3p1B1/2PP4/2N1PN1P/PP2BPP1/R2Q1RK1 w - -,g5h4 b8a6 a2a3 f8e8 b2b4 a5b4 a3b4 e5d4 f3d4 c8d7,65
8/8/8/8/8/R4bk1/3r4/5K2 w - -,a3a1 d2h2 f1e1 h2h1 e1d2 h1a1 d2c3 a1c1 c3d4 c1c6,Mate
rn2kb1r/ppp1pppp/3q1n2/8/3P4/2N1B3/PPP1NPPP/R2Q1RK1 w kq -,e3f4 d6d7 e2g3 e7e6 d4d5 f8b4 d1f3 b4c3 d5e6 f7e6,83
1r3k2/5pp1/p1P2n1p/5p2/7P/4R1P1/P3NP2/2r3K1 w - -,,0
r1bqk2r/ppp2ppp/2np1n2/4p3/1bB1P3/5N2/PPPPQPPP/RNB2RK1 w kq -,c2c3 b4c5 b2b4 c5b6 a2a4 a7a5 b4b5 c6e7 d2d4 e7g6,31
5k2/Np3p2/4p2p/3n3P/8/2p5/Pb2KPP1/3R4 w - -,,0
r3r3/1kp3p1/1p2p1n1/p3P3/P2bKPP1/1P6/1B6/3R1R2 w - -,b2a1 d4a1 d1a1 e8e7 f1h1 a8f8 a1f1 f8e8 h1h7 e7f7,-443
r1bqk2r/ppp2ppp/2np1n2/b3p3/2B1P3/2P2N2/PP1PQPPP/RNB2RK1 w kq -,a2a4 a7a6 b2b4 a5b6 a4a5 b6a7 d2d3 c8e6 c4e6 f7e6,36
r4rk1/2q3b1/1pp1b2p/p1p1pnp1/P1N5/2PPBN1P/1P2QPP1/3RR1K1 w - -,f3d2 f8f7 d2e4 a8f8 f2f3 f5h4 e3f2 h4g6 e2c2 g6f4,46
r1bq1rk1/1pp1npp1/1p1p3p/4p3/1PB1P3/3P1N2/P1PQ1PPP/R4RK1 w - -,a2a4 e7g6 d2e3 g8h7 d3d4 d8f6 d4e5 d6e5 f1b1 c8g4,-7
r1bqk2r/pp3pbp/2np1np1/2p1p3/4P3/P1P2N2/1PBP1PPP/RNBQ1RK1 w kq -,d2d3 e8h8 b2b4 d6d5 b1d2 b7b6 f1e1 d8c7 e4d5 f6d5,-21
r4rk1/pbqn1ppp/1p2pn2/8/3P1B2/P4N2/1P2PPPP/R3KB1R w KQ -,f4c7 f8c8 c7g3 c8c2 f3d2 a8c8 f2f3 c2c1 a1c1 c8c1,-35
rnb1r1k1/1pq2pbp/2pp1np1/p3p1B1/2PP4/2N1PN1P/PPQ1BPP1/R4RK1 w - -,a1d1 b8a6 c2c1 h7h6 g5h4 c7e7 c4c5 e5d4 e3d4 d6c5,71
5rk1/1pbq1ppp/5n2/pPP2b2/5P2/B1Q3P1/5NBP/nN4K1 w - -,b5b6 a1c2 a3b2 c7b6 c5b6 f8c8 c3a5 c2e3 g2f3 e3c4,-414
4r1k1/5ppp/p5r1/8/PpNp3q/3P1Q2/1PP2PK1/R1B2R2 w - -,c1g5 g6g5 f3g3 e8e2 g3g5 h4g5 g2f3 e2e6 c4e3 d4e3,Mate
2r2rk1/pb1nqppp/1p2p3/2b5/2N1n3/1P1BPN2/PB2QPPP/2R2RK1 w - -,h2h3 f8d8 f1d1 h7h6 f3d4 e7g5 e2g4 g5g4 h3g4 d7f6,6
3q1k1r/1p2b2p/2nNQnp1/r7/4P3/5P2/P4P1P/R1BR2K1 w - -,h2h3 f8d8 f1d1 h7h6 f3d4 e7g5 e2g4 g5g4 h3g4 d7f6,Mate
5k2/Np3p2/7p/3p3P/8/2p5/Pb2KPP1/8 w - -,,0
r2qk2r/pp1bbppp/2n1pn2/3p2B1/2pP4/P1P1P3/1PBN1PPP/R2QK1NR w KQkq -,g1f3 h7h6 g5f4 f6h5 f4e5 h5f6 e3e4 e8h8 e1h1 b7b5,40
2r3k1/p1qb1ppp/3bpr2/1P1p4/P2Q4/2P2NN1/5PPP/R1R3K1 w - -,g3h5 f6g6 h5g3 f7f5 d4d3 g6f6 g3f1 d7e8 a4a5 h7h6,-76
r1q2r1k/1pp1np1p/1pb5/4P2p/3P2P1/1B2Q2P/PP3R2/5RK1 w - -,f2f7 f8f7 f1f7 e7g6 e5e6 c8d8 d4d5 d8d6 d5c6 b7c6,621
r1bqkb1r/3n1ppp/p3p3/2ppP3/1n1P1P2/2N1BN2/1PPQ2PP/R3KB1R w KQkq -,c3a4 c5c4 f1e2 f8e7 h2h4 e8h8 h4h5 a6a5 e1h1 c8b7,100
rnbqk1nr/pp2ppb1/3p2pp/8/2BpP3/2N2N2/PPP2PPP/R1BQ1RK1 w kq -,f3d4 g8f6 h2h3 e8h8 c1e3 b8c6 d1d2 c8d7 a1d1 a8c8,47
r2qk2r/ppp2ppp/2np1n2/b3p3/2BPP1b1/2P2N2/PP2QPPP/RNB2RK1 w kq -,d4d5 c6e7 a2a4 a7a6 h2h3 g4d7 c4d3 e8h8 b2b4 a5b6,36
4rrk1/pb4pp/1p3q2/2pPnn2/1bP2B1P/2N2PP1/PP1Q4/2KR1BNR w - -,f1d3 b7c8 h4h5 b4c3 d2c3 e5d3 c3d3 f5d4 f4e3 d4c2,32
r1r3k1/pbBn1ppp/1p2pn2/8/3P4/P4N2/1P2PPPP/R3KB1R w KQ -,c7f4 c8c2 a1b1 b7e4 f3g5 e4f5 f2f3 f6d5 g2g3 d5f4,-7
2N3k1/5p2/6p1/4b3/8/5r1P/q5P1/1Q3R1K w - -,h1g1 f3f1 b1f1 a2c2 c8e7 g8g7 f1e1 c2c5 g1f1 c5e7,-514
r4r2/pp3pk1/3p1q1p/2pPnBp1/8/2P1R1P1/P1Q2PK1/7R w - -,f5d3 a7a6 h1e1 b7b5 d3f5 f8g8 f5h7 g8h8 h7f5 a8g8,-270
6k1/5ppp/p5r1/8/PpNp3q/3P2Q1/1PP1rPK1/R1B2R2 w - -,g3g6 h7g6 c1d2 h4g4 g2h1 f7f5 a1e1 f5f4 d2f4 g4f4,-446
1r3k2/5pp1/p1P4p/3n1p2/7P/4R1P1/P4P2/2N3K1 w - -,,0
7r/1p2b3/p3k3/2p1pp2/8/2P2PP1/PP2K3/3R2B1 w - -,g1f2 b7b5 b2b3 h8h2 e2f1 h2h1 f2g1 h1h8 d1c1 e7g5,-24
rnb1r1k1/1pq2pbp/2p2np1/p3p1B1/2P5/2N1PN1P/PPQ1BPP1/R4RK1 w - -,c4c5 b8d7 c3a4 f6d5 f3d2 b7b5 c5b6 d7b6 a4b6 c7b6,48
r5k1/pb1n1ppp/1p2pn2/8/3P1B2/P4N2/1Pr1PPPP/R3KB1R w KQ -,a1b1 b7e4 f3g5 e4f5 f2f3 f6d5 g2g3 d5f4 g3f4 c2e2,-2
r2qr2k/pp1bnQp1/2n1p3/3p2N1/2PP1B1P/P1P5/5PP1/R3K2R w KQ -,a1b1 b7e4 f3g5 e4f5 f2f3 f6d5 g2g3 d5f4 g3f4 c2e2,Mate
2r3k1/p1qb1ppp/3bp1r1/1P1p3N/P2Q4/2P2N2/5PPP/R1R3K1 w - -,h5g3 f7f5 d4d3 g6f6 g3f1 d7e8 a4a5 c7c5 c1b1 f5f4,-77
r1bqk1nr/pp2ppb1/3p2pp/2n5/2B1P3/2N2N2/PPP2PPP/R1BQ1RK1 w kq -,e4e5 c8e6 c4b5 e8f8 c1e3 a8c8 f1e1 a7a6 b5f1 e6g4,84
rn1q1rk1/pppb1pbp/3ppnp1/8/3P1B2/2N1PN2/PPPQBPPP/R3K2R w KQ -,e3e4 b7b5 a2a3 d7c6 f4g5 a7a5 e2b5 c6b5 c3b5 b8d7,65
4rrk1/pb4pp/1p6/2pPqn2/2P2P1P/2b3P1/PP1Q4/2KR1BNR w - -,b2c3 e5d6 g1h3 f5g3 h1g1 g3f1 d1f1 b7c8 h3g5 h7h6,-37
2r2rk1/pp1bbppp/1q2p3/3pP3/3P1BPn/2N2N2/PPQ2P1P/2RR2K1 w - -,f3h4 e7h4 g4g5 b6d8 c2d2 f7f6 g5f6 g7f6 g1h1 h4g5,53
5k2/5pp1/p1P4p/3n1p2/7P/3R2P1/P4P2/1rN3K1 w - -,,0
r7/1kp1r1p1/1p2p1n1/p3P3/P2RKPP1/1P6/1B6/5R2 w - -,d4d1 a8h8 f1h1 h8f8 d1f1 e7f7 f4f5 e6f5 g4f5 g6e7,72
r1b2r1k/ppp3p1/3b3q/3p4/5P2/2Pn4/PPQN2PP/R1B2RK1 w - -,d2b3 d3c1 c2c1 d6f4 f1f4 f8f4 c1e1 c8h3 g2h3 h6h3,-514
r1b1r1k1/1pq2pbp/n1p2np1/p3p1B1/2P5/2N1PN1P/PPQ1BPP1/R2R2K1 w - -,a2a3 a6c5 g5f6 g7f6 b2b4 e5e4 f3d4 a5b4 a3b4 a8a1,16
2r2r1k/1bp1R1pp/1p6/p2p4/8/3B1P2/PPP3PP/4R1K1 w - -,h2h4 d5d4 e1e5 b7c6 e5g5 g7g6 h4h5 f8e8 e7f7 e8f8,378
6k1/5ppp/p5r1/8/PpNp1q2/3P2Q1/1PP1rPK1/R4R2 w - -,g3g6 h7g6 a1e1 g6g5 e1e2 f4g4 g2h1 g4e2 h1g2 e2c2,-572
4rrk1/pb4pp/1p6/2pP4/2P2P1P/2P1n1P1/P7/2KR1BNR w - -,d1e1 e3f1 e1f1 e8e4 c1b2 b7a6 g1f3 a6c4 f1d1 e4e2,-17
r1b4k/ppp3p1/3b3q/3p4/5r2/2PQ4/PP1N2PP/R1B2RK1 w - -,d3b5 c7c6 b5e2 h6h2 g1h2 f4e4 h2g1 e4e2 d2b3 e2e4,-197
r1q4k/1pp1nr1p/1pb5/4P2p/3P2P1/1B2Q2P/PP6/5RK1 w - -,f1f7 e7g6 e5e6 c8d8 d4d5 d8d6 d5c6 b7c6 e6e7 d6c5,647
r1bq1rk1/ppp2pp1/4pn1p/8/1b1PN3/2NB4/PPP2PPP/R2QK2R w KQ -,e4f6 d8f6 e1h1 f8d8 c3e2 b4d6 c2c3 c7c5 d1c2 c8d7,-45
4r1k1/pQ3pb1/3q2p1/4p2p/3pP2P/p5P1/3B1PB1/2rR2K1 w - -,d2c1 d6c5 c1g5 e8c8 g2f1 g7f8 f1d3 c8c7 b7a6 c5b6,46
r1b1r1k1/1pq2pbp/2p2np1/p1n1p1B1/2P5/2N1PN1P/PPQRBPP1/R5K1 w - -,e3e4 c8e6 a1d1 h7h6 g5e3 g7f8 b2b3 b7b6 e2f1 g8h7,15
4rrk1/pb4pp/1p6/2pP4/2P2P1P/2P3P1/P7/2K1RnNR w - -,,0
8/4RK2/8/3p1k2/8/8/8/8 w - -,e1f1 e8e4 c1b2 e4c4 f1d1 f8d8 h1h2 d8d5 d1d5 b7d5,Mate
5rk1/pb4pp/1p6/2pP4/2P1rP1P/2P3P1/P7/2K2RNR w - -,,0
r1b4k/ppp3p1/3b3q/3p4/8/2PQ1r2/PP4PP/R1B2RK1 w - -,c1h6 f3d3 h6f4 d6c5 g1h1 c8f5 b2b4 c5b6 a2a4 f5e4,-476
rn1r2k1/1b2q1pp/2p1pp2/pp6/3PN3/1PQn2P1/4PPBP/R1R3K1 w - -,c3d3 e6e5 e4c5 d8d4 d3f5 g7g6 f5e6 e7e6 c5e6 d4d7,-39
5rk1/1pb2ppp/2q2n2/p1P2b2/5P2/B1Q3P1/2n2N1P/RN3BK1 w - -,a1a2 c2a3 b1a3 c7b6 a3c4 b6c5 c3a5 f6g4 c4e5 g4e5,-412
2r2r1k/2pR2pp/1pb5/p2p4/8/3B1P2/PPP3PP/4R1K1 w - -,d3b5 c6b5 d7d5 b5a4 b2b3 a4c6 d5d3 f8e8 e1d1 h8g8,-412
5rk1/pb4pp/1p6/2pP4/2r2P1P/2P3P1/PK6/5RNR w - -,,0
r4r2/pp3pk1/3p1q1p/2pP1Bp1/2n2P2/2P1R1P1/P1Q3K1/7R w - -,g2f2 c4e3 f2e3 a8e8 e3f2 e8e7 f4g5 f6g5 f5e4 f8g8,-539
8/8/8/8/5k2/8/3R4/1KR5 w - -,g2f2 c4e3 f2e3 a8e8 e3f2 e8e7 f4g5 f6g5 f5e4 f8g8,Mate
r3r1k1/1pq2pbp/2p2np1/p1n1pbB1/2P5/1PN1PN1P/P1QRBPP1/R5K1 w - -,c2d1 f6e4 c3e4 c5e4 g2g4 f5e6 d1c2 e4d2 f3d2 g8h8,-194
1r4k1/5pb1/1q4p1/Q3p2p/3pP2P/p5P1/3B1PB1/2R3K1 w - -,a5a3 b6b7 a3d3 g8h7 g2f1 b7e7 c1c6 b8b7 d3c4 e7d8,331
3r2k1/pb4pp/1p6/2pP4/2r2P1P/2P3P1/PK6/3R2NR w - -,,0
rnb1kbnr/1p1p1ppp/p3p3/8/3NP3/q2BB3/P1PN1PPP/R2QK2R w KQkq -,e1h1 a3d6 d2c4 d6c7 d4f3 b7b5 c4b6 a8a7 b6c8 a7b7,189
rn1rb1k1/1pq2p1p/2p1pbp1/p3N3/P1PPQP2/1PBR2P1/6BP/3R2K1 w - -,e4e3 b8d7 e5g4 f6g7 d4d5 g7c3 d3c3 e6d5 c4d5 h7h5,150
r1b1kb1r/ppqn1ppp/3p1n2/1B2p3/3pP3/2P2N2/PP2QPPP/RNB2RK1 w kq -,c3d4 f8e7 h2h3 e8h8 b1c3 a7a6 b5d3 b7b5 c1e3 f8e8,83
8/pp2k3/4p2p/3n1p1P/4N3/2p5/Pb2KPP1/1R6 w - -,e4c5 c3c2 b1e1 c2c1q e1c1 b2c1 c5b7 d5f4 e2f3 f4h5,-572
rn4k1/2q3p1/b2b4/3pP2Q/5r2/7R/5PPP/5RK1 w - -,e5e6 g8f8 h5h8 f8e7 h8g7 e7e8 h3h8 f4f8 h8f8 d6f8,634
r1b4k/ppp3p1/3b4/3p4/8/2P2Q2/PP4Pq/R1B2RK1 w - -,g1f2 c8e6 c1g5 h8g8 f1h1 d6c5 g5e3 h2d6 f2g1 a8f8,-73
6k1/5pp1/p5p1/8/PpNp3q/3P4/1PP1rPK1/R1B2R2 w - -,c1d2 h4g4 g2h1 f7f5 a1e1 f5f4 d2f4 g4f4 e1e2 f4h4,-478
r2rb1k1/1pq2p1p/n1p1pbp1/p3N3/P1PP1P2/1PBRQ1P1/6BP/3R2K1 w - -,e5g4 f6h8 d4d5 h8c3 d3c3 f7f5 g4f6 g8h8 e3e6 e8f7,280
r3k2r/p4ppp/1qp5/4nP2/1b2P3/1Pp5/P1B1Q1P1/R1B1K2R w KQkq -,a2a3 b4c5 c1f4 e8a8 b3b4 c5d4 e1a1 c8b7 c1b1 a7a5,-133
6k1/pb4pp/1p6/2pr4/2r2P1P/2P3P1/PK5R/3R2N1 w - -,,0
2r2rk1/2p1R1pp/1pb5/p2p4/8/3B1P2/PPP3PP/4R1K1 w - -,g1f2 f8f6 e1e5 g7g6 h2h4 f6f7 h4h5 g8f8 e7f7 f8f7,254
rr4k1/1Qp3p1/p1nqpn1p/3pp3/4P3/2PPRN2/PP3PPP/R4NK1 w - -,e4d5 b8b7 d5c6 b7b2 f3e5 f6d5 e5c4 d6c6 c4b2 d5e3,-527
r1b1kb1r/ppp2ppp/2n5/1B1nN1q1/8/8/PPPP1PPP/RNBQK2R w KQkq -,e5c6 g5g2 d1e2 c8e6 h1f1 a7a6 b5a4 d5f4 c6e5 b7b5,16
r1bqk2r/pp2bppp/2np1n2/2p1p3/4PP2/2P2N2/PPBP2PP/RNBQK2R w KQkq -,a2a3 e5f4 d2d4 g7g5 e1h1 c8g4 b2b4 g4f3 g2f3 d8c8,-82
8/p3kpp1/1p1n3p/8/2B1KP2/7P/PP4P1/8 w - -,e4d5 d6c4 d5c4 e7e6 c4b5 e6f5 b5a6 f5f4 a6a7 f4g3,17
6k1/p5pp/1p6/2pb4/2r2P1P/2P3P1/PK5R/6N1 w - -,,0
rnb1kb1r/1p1p1ppp/p3pn2/8/3NP3/q2BB3/P1PN1PPP/R2Q1RK1 w kq -,d2c4 a3c5 d4e6 d7e6 e3c5 f8c5 e4e5 f6d5 c4d6 c5d6,487
r6k/ppp3p1/3bb3/3p4/8/2P2Q2/PP3KPq/R1B2R2 w - -,c1d2 h2h4 g2g3 h4h2 f2e1 h8g8 e1d1 a8f8 f3d3 f8f1,-181
8/pp2k3/4p2p/2Nn1p1P/8/8/Pbp1KPP1/1R6 w - -,b1g1 c2c1q g1c1 b2c1 c5b7 d5f4 e2f3 f4h5 g2g4 f5g4,-577
r1bqk1nr/pp1n1pbp/2pp2p1/4p3/2BPPP2/2N1B3/PPP3PP/R2QK1NR w KQkq -,g1f3 d7b6 c4b3 e5f4 e3f4 a7a5 a2a4 g8f6 e1h1 e8h8,89
r1bqk2r/1p2ppbp/p1np1np1/2p5/4P3/P1P2N1P/1PBP1PP1/RNBQK2R w KQkq -,d2d4 b7b5 e1h1 e8h8 c1g5 a6a5 b1d2 a5a4 d4c5 d6c5,28
r1bqkb1r/3n1ppp/p1n1p3/3pP3/NppP1P2/4BN2/PPPQB1PP/R3K2R w KQkq -,e1h1 d7b6 a4c5 b6d7 f4f5 d7c5 d4c5 e6f5 f3d4 c6d4,59
5rk1/1pb2ppp/2q2n2/2P2b2/1p3P2/2Q3P1/R4N1P/1N3BK1 w - -,c3b4 f6d5 b4b3 c6c5 a2d2 d5e3 b3a3 c7b6 a3c5 b6c5,-230
r2qkb1r/pp1n1ppb/2p1p3/3pP1p1/3P4/1NP2B2/PP3P1P/R1BQ1RK1 w kq -,a2a4 a7a5 f3g4 f8e7 f1e1 d7f8 e1e3 h7f5 e3g3 f8g6,-166
6k1/p5pp/1pb5/2p5/2r2P1P/2P3P1/PK1R4/6N1 w - -,,0
r2rb1k1/1pq2pbp/n1p1p1p1/p7/P1PP1PN1/1PBRQ1P1/6BP/3R2K1 w - -,d4d5 g7c3 d3c3 f7f5 g4f6 g8h8 e3e6 e8f7 e6e5 c7e5,293
r1b1kbnr/pp1npppp/1q6/2pp4/3P1B2/4P3/PPPN1PPP/R2QKBNR w KQkq -,g1f3 g8f6 f1e2 g7g6 c2c4 f8g7 e1h1 c5d4 e3d4 d5c4,35
r1bqk1nr/pp1n1pbp/2p3p1/4p3/2BPP3/2N1B3/PPP3PP/R2QK1NR w KQkq -,g1f3 d7b6 c4b3 e5d4 e3d4 g7d4 f3d4 g8h6 d1d2 d8h4,56
3r1k1r/pq4pp/2p1QpP1/4BP2/3bP3/PPp5/8/3RK2R w - -,g1f3 d7b6 c4b3 e5d4 e3d4 g7d4 f3d4 g8h6 d1d2 d8h4,Mate
5rk1/1pb2ppp/2q5/2Pn1b2/1Q3P2/6P1/R4N1P/1N3BK1 w - -,b4b3 c6c5 a2d2 f8d8 f1g2 d5e3 b3c3 c5c3 d2d8 c7d8,-278
rnb1kb1r/1p1p1ppp/p3pn2/2q5/2NNP3/3BB3/P1P2PPP/R2Q1RK1 w kq -,d4e6 d7e6 e3c5 f8c5 e4e5 f6d5 c4d6 c5d6 e5d6 c8d7,430
2r2rk1/2p1R1pp/2b5/pp1p4/8/3B1P2/PPP2KPP/4R3 w - -,e1e5 f8e8 f2e3 e8e7 e5e7 g8f8 e7e5 c8e8 e5e8 c6e8,297
2rr2k1/pb1nqppp/1p2p3/2b5/2NNn3/1P1BP3/PB2QPPP/2R2RK1 w - -,,0
2R5/p4kpp/1p6/2p5/2r2P1P/2P3P1/PK4b1/6N1 w - -,c8d8 c4e4 d8d2 g2f1 g1f3 e4e3 f3e5 f7e6 g3g4 e3e4,-70
r3kbnr/5ppp/p3p3/2ppPb2/3P1P2/N3BN2/Pq4PP/R2Q1RK1 w kq -,d1a4 e8d8 a1b1 f5b1 f1b1 b2b1 a3b1 g8e7 d4c5 a8c8,915
rnbqk1nr/pp3ppp/4p3/2ppP3/1b1P4/8/PPPN1PPP/R1BQKBNR w KQkq -,d1g4 e8f8 c2c3 h7h5 g4d1 b4a5 f1d3 b8c6 g1f3 a5c7,121
r3r1k1/1pq2pbp/2p3p1/p1n1pbB1/2P1n3/1PN1PN1P/PQ1RBPP1/R5K1 w - -,c3e4 c5e4 a1d1 h7h6 g5h4 g6g5 h4g3 c7e7 d2c2 e4g3,-253
8/p1R3pp/1p3k2/2p5/2r2P1P/2P3P1/PK4b1/6N1 w - -,g1e2 c4e4 e2c1 e4e7 c7e7 f6e7 c1d3 e7e6 d3f2 h7h5,-125
r5k1/1p3pp1/8/p7/1n6/5Q2/PPrq2PP/1K2RR2 w - -,e1e8 a8e8 f3f7 g8h7 f7h5 d2h6 h5e8 c2b2 b1a1 b2a2,-625
r2q1rk1/1pp1npp1/1p1p3p/1P2p3/2B1P1b1/3P1N2/P1PQ1PPP/R4RK1 w - -,d2e3 e7g6 a2a4 g6f4 g1h1 d8e7 f3d2 g4e6 f2f3 e6c4,-18
rn1q1rk1/p2bbpp1/4p2p/1pp1P3/3P2Q1/2PB4/P2N1PPP/1RB2RK1 w - -,d2e4 f7f5 e5f6 e7f6 e4c5 b8c6 d3b5 c6d4 b5d7,459
rn1q1rk1/1ppb1pb1/3ppnp1/p6p/3P1B1P/2N1PN2/PPPQBPP1/2KR3R w - -,f4g5 b7b5 e2d3 b8c6 g2g4 b5b4 g4h5 b4c3 b2c3 c6e7,80
5r2/1kp1r1p1/1p2p1n1/p3P3/P2RKPP1/1P6/1B6/7R w - -,h1d1 f8f4 e4e3 e7f7 d4f4 g6f4 d1d8 f4d5 e3e2 f7f4,-294
3r1k1r/ppb1qppb/4p2p/2p1Pn1P/3P4/P1B2QN1/BP4P1/R4RK1 w - -,g3f5 h7f5 d4d5 c7b6 g2g4 e7g5 a2c4 f8g8 d5e6 f5e6,153
1rR5/5pbk/1q4p1/Q3p2p/3pP2P/p5P1/3B1PB1/6K1 w - -,,0
8/R5pp/1p3k2/2p5/4rP1P/2P3P1/PK4b1/6N1 w - -,a7b7 e4e1 b7b6 f6e7 b6a6 e1g1 a6a7 e7f6 a7a6 f6f5,-271
5rk1/1pb2ppp/2q5/2Pn4/2Q2P2/6P1/R4N1P/1b3BK1 w - -,a2b2 b1f5 f1g2 f8d8 b2d2 f5e6 g2f3 h7h6 g3g4 d5e7,-389
8/5k2/4pBpp/3pP3/2pP1N2/2PbP2P/1b1K4/8 w - -,f4d3 c4d3 d2d3 g6g5 c3c4 d5c4 d3c4 b2c1 c4d3 f7g6,56
2kr1bnr/1pp1q1pp/p1n2p2/5b2/2BPpN2/2N5/PPP2PPP/R1BQ1RK1 w - -,c3d5 e7d6 c2c3 g7g5 b2b4 g8e7 a2a4 g5f4 c1f4 c6e5,53
2R5/5pbk/1r4p1/4p2p/3pP2P/p5P1/3B1PB1/6K1 w - -,,0
8/4Rbk1/5p2/2P1p1B1/2r5/8/5K2/8 w - -,f2g3 f6g5 e7e5 g7f6 e5e3 c4c5 e3f3 f6g6 f3e3 c5c6,-473
r1bqk2r/pppp1ppp/5nn1/3Pp3/NbP1P3/5P2/PP4PP/R1BQKBNR w KQkq -,d1d2 b4d2 c1d2 d7d6 d2g5 h7h6 g5f6 d8f6 e1a1 f6g5,-563
4rr2/pp3pk1/3p1q1p/2pP1Bp1/2n2P2/2P2RP1/P1Q3K1/7R w - -,g2g1 e8e3 f5g4 e3f3 g4f3 f8e8 c2f2 f6c3 g1g2 c3f6,-516
8/R5pp/1p3k2/2p5/5PPP/2P5/PK4b1/4r1N1 w - -,g4g5 f6g6 h4h5 g6h5 a7g7 e1g1 g7h7 h5g4 a2a4 g2d5,-301
2r1r1k1/2p1R1pp/2b1R3/pp1p4/8/3B1P2/PPP2KPP/8 w - -,f2e3 c6d7 e7e8 d7e8 e6e5 e8f7 d3b5 c8b8 a2a4 g8f8,268
5r2/1kp2rp1/1p2p1n1/p3P3/P2R1PP1/1P2K3/1B6/7R w - -,e3d2 g6f4 b2a3 c7c5 d4d6 f4d5 h1h2 f7f3 d6d7 b7a6,-377
rn1qkb1r/pb3ppp/2p1pn2/1p6/2pPP3/2N1BN2/PP2BPPP/R2QK2R w KQkq -,e1h1 b8d7 d1b1 a7a6 a2a4 f8b4 e4e5 f6d5 c3d5 c6d5,-44
R7/5pbk/6p1/4p2p/3pP2P/p5P1/1r1B1PB1/6K1 w - -,,0
rnbqk2r/1p2bp2/p2pp2p/4nNp1/4P1P1/2N1B2P/PPP1QPB1/R3K2R w KQkq -,h3h4 e6f5 e4f5 g5h4 c3d5 b8d7 e1a1 d7f6 e3b6 d8d7,193
r1bqk2r/pp4pp/2p5/2b2p2/3p1P2/1B1Pn3/PPP3PP/RNBQR1K1 w kq -,c2c3 e8d7 c1e3 d4e3 d1f3 g7g5 f4g5 d8g5 d3d4 c5d6,113
5r1k/ppp3p1/3bb3/3p2B1/8/2P2Q2/PP3KPq/R4R2 w - -,g5f6 f8f6 f1h1 f6f3 f2f3 h2h1 a1h1 h8g8 f3e3 g8f7,-468
5rk1/1pb2ppp/2q5/2P2b2/2Q2PP1/4n3/5N1P/R4BK1 w - -,c4d4 e3g4 f1g2 c6g6 a1a7 g4f2 d4f2 f5c8 f2f3 g6b1,-581
4K3/4R3/8/5k2/3p4/8/8/8 w - -,,0
r4rk1/pp1bbppp/1qn1p3/3pP3/3P4/2N1BN2/PPQ2PPP/R2R2K1 w - -,a1c1 b6d8 h2h3 a8c8 c2e2 c6a5 b2b3 e7a3 c1c2 a3e7,2
r1bqkb1r/ppp1p1pp/2n2n2/5pN1/8/5N2/PPPP1PPP/R1BQKB1R w KQkq -,f1c4 f6d5 g5h3 f5f4 d1e2 c8h3 g2h3 d8d6 d2d4 g7g6,64
r2q1rk1/1p2npp1/1ppp3p/1P2p3/2B1P1b1/3P1N2/P1P1QPPP/R4RK1 w - -,,0
8/5k2/4pBpp/3pP3/3P4/2PpP2P/1b1K4/8 w - -,d2d3 g6g5 c3c4 d5c4 d3c4 b2c1 c4d3 f7g6 f6e7 h6h5,41
r1bqk2r/ppp2ppp/3p1nn1/3Pp3/N1P1P3/5P2/PP1Q2PP/R3KBNR w KQkq -,a4c3 h7h6 f1d3 a7a6 g1e2 e8h8 h2h4 f6h5 e1a1 c8d7,48
1r3k1r/p4ppp/2B1p3/3p1b2/3P1B2/2q1P3/P1PnQPPP/2R2K1R w - -,f1g1 b8b6 c6b5 d2e4 b5d3 c3a3 c1e1 f7f6 h2h4 b6b2,23
2krqbnr/1pp3pp/p1n2p2/3N1b2/2BPp3/2N5/PPP2PPP/R1BQ1RK1 w - -,f2f3 e4f3 d1f3 f5e6 d5c7 c8c7 c1f4 f8d6 a1e1 c6d4,80
2r2rk1/pp1bbppp/1qn1p3/3pP3/3P4/2N1BN2/PPQ2PPP/2RR2K1 w - -,,0
6k1/5pp1/p5p1/8/PpNp2q1/3PB3/1PP1rPK1/R4R2 w - -,g2h1 g4f3 h1g1 d4e3 c4e3 f7f5 a1e1 f5f4 e1e2 f3e2,-537
1r4k1/5pb1/5qp1/4p2p/3pP2P/Q5P1/3B1PB1/2R3K1 w - -,a3a2 f6b6 g2f1 b6b2 a2b2 b8b2 d2g5 b2b7 g1g2 g8h7,353
r2q1r1k/1pp1npp1/1p1p3p/1P2p3/2B1P1b1/3P1N2/P1P1QPPP/R4RK1 w - -,,0
rn1qbrk1/p3bp2/4p1pB/1p2P3/2pPN1Q1/2P5/P1B2PPP/1R3RK1 w - -,e4g5 b8d7 g5e6 d8c8 g4g3 a7a5 e6f8 d7f8 f2f4 b5b4,547
3r2k1/3P2p1/p5p1/6P1/p2R4/7P/1n4B1/6K1 w - -,g2c6 g8f7 d4e4 a4a3 e4e8 d8d7 c6d7 a3a2 e8e1 b2d3,456
r3r1k1/1pq2pbp/2p3p1/p1n1pbB1/2P5/1PN1PN1P/PQ1nBPP1/3R2K1 w - -,f3d2 h7h6 g5h4 g6g5 h4g3 f5g6 e3e4 g7f8 f2f3 a8d8,-251
2r3k1/p1qb1ppp/4p3/1Pbp4/P5r1/2PQ1NN1/5PPP/R1R3K1 w - -,g3f1 c7b6 f1e3 g4e4 f3g5 c5e3 g5e4 e3c1 a1c1 c8c4,-82
r1bqkb1r/1p1n1ppp/p2ppn2/1B6/3PP3/5N2/PP2QPPP/RNB1K2R w KQkq -,e4e5 d8a5 b1c3 a6b5 e5f6 d7f6 e2b5 a5b5 c3b5 f6d5,-113
3q1rk1/5pp1/Q3pn1p/p4n2/3PN3/P1P2NP1/5PKP/1R6 w - -,e4c5 f6d5 b1b3 f8e8 a6c6 e8f8 h2h3 d5e7 c6b7 e7d5,172
2rr2k1/pb1nqpp1/1p2p2p/2b5/2NNn3/1P1BP3/PB2QPPP/2RR2K1 w - -,h2h3 e7g5 e2g4 g5g4 h3g4 d7f6 f2f3 e4d6 g1f2 f6d5,7
5k2/4Rb2/5p2/2P1p1B1/2r5/8/5K2/8 w - -,e7b7 f6g5 b7b6 c4c5 f2g2 f8g7 g2f2 c5c3 f2e1 g5g4,-596
rnb1kbnr/pp3ppp/4p3/1Np5/8/8/PPP2PPP/RNBqKB1R w KQkq -,e1d1 b8a6 c1f4 c8d7 b1d2 d7c6 a2a4 f8e7 d2b3 g8f6,-67
8/8/4B3/4k3/2K2N2/8/8/8 w - -,,0
rnbqk1nr/pp1p1pb1/2p1p2p/6p1/3PP3/2NB1N2/PPP2PPP/R1BQK2R w KQkq -,e4e5 d7d5 e5d6 d8d6 c3e4 d6c7 f3e5 b8d7 f2f4 g8f6,168
r3kbnr/5ppp/p3p3/2ppP3/3P1P2/4BN2/P1b3PP/R4RK1 w kq -,f4f5 c2f5 d4c5 g8e7 f1c1 f5e4 f3d2 e7c6 d2e4 d5e4,-751
r2qk1nr/ppp2p1p/2n3pb/3Pp3/2P1P3/4BP2/PP5P/RN1QKB1R w KQkq -,e3g1 c6d4 g1d4 e5d4 d1d4 d8h4 d4f2 h4f2 e1f2 h6c1,26
r2qkbnr/pp2pppp/2n5/3pP3/3P2b1/5N2/PP1N1PPP/R1BQKB1R w KQkq -,f1d3 e7e6 h2h3 g4h5 g2g4 h5g6 d3g6 h7g6 e1f1 d8b6,75
r1r3k1/pp1bbppp/1qn1p3/3pP3/3P4/2N1BN2/PPQ2PPP/2RR2K1 w - -,,0
8/8/8/1k2K3/8/2B5/8/3N4 w - -,e5d5 b5a6 d5c6 a6a7 c3e5 a7a8 e5d4 a8b8 d1e3 b8a8,20000
r1bq1rk1/1pp1ppbp/p1np1np1/6N1/2PP3P/2N1P3/PP3PP1/R1BQKB1R w KQ -,f1e2 h7h6 g5e4 f6e4 c3e4 e7e6 c1d2 f7f5 e4c3 c8d7,-4
4k3/8/4pBpp/3pP3/3P4/2PKP2P/1b6/8 w - -,d3c2 b2a3 c2d3 a3b2 f6h4 e8f7 e3e4 g6g5 h4e1 b2c1,275
6k1/5pp1/p5p1/8/PpN3q1/3Pp3/1PP1rP1K/R4R2 w - -,c4e3 g4f3 h2g1 f7f5 a1e1 f5f4 e1e2 f3e2 e3c4 g6g5,-537
r3kbnr/pp2pppp/1qn5/3p1b2/3P1B2/2P5/PP1N1PPP/R2QKBNR w KQkq -,a1c1 b6b2 g1f3 g8f6 f3h4 f5g4 h4f3 e7e6 f1d3 b2a3,-85
6k1/4Rb2/5p2/2r1p1B1/8/8/5K2/8 w - -,g5h4 g8g7 e7d7 c5c6 f2f3 g7g6 h4e1 f7e6 d7e7 c6a6,-237
rnbqk1nr/p2p1pb1/2p1p2p/1p2P1p1/3P4/2NB1N2/PPP2PPP/R1BQK2R w KQkq -,c3e4 g7f8 a2a4 b5b4 f3d2 d7d5 e5d6 g8f6 h2h4 g5g4,312
r2rb1k1/1pqn1p1p/2p1pbp1/p3N3/P1PP1P2/1PBR2P1/6BP/3RQ1K1 w - -,h2h3 f6g7 g1h2 d7e5 f4e5 d8d7 h2h1 c7b6 c3a1 a8c8,132
r3r1k1/1pq3bp/2p2pp1/p1n1pbB1/2P5/1PN1P2P/PQ1NBPP1/3R2K1 w - -,g5h4 e8d8 a2a3 g6g5 h4g3 f5g6 h3h4 c7e7 h4h5 g6f5,-263
r3k1nr/ppp2p1p/2n3pB/3Pp3/2P1P2q/5P2/PP5P/RN1QKB1R w KQkq -,e1e2 c6d4 e2d3 g8h6 b1d2 f7f5 d1e1 h4e7 e1e3 f5e4,-149
r3kbnr/5ppp/p3p3/2PpP3/4bP2/4BN2/P5PP/R4RK1 w kq -,f1c1 a8c8 f3d2 e4d3 d2b3 g8e7 b3a5 e7f5 e3f2 g7g5,-631
2r2k2/2p1R1pp/2b5/pp1p4/8/3BKP2/PPP3PP/8 w - -,e7e5 f8f7 e3d4 g7g6 d4c5 f7f6 f3f4 c6d7 c5d5 c8b8,300
r3kb1r/pp1bnppp/2n1p3/2PpP1B1/8/N1P2N2/Pq3PPP/R2QKB1R w KQkq -,a3b5 e8d8 a1b1 b2a2 b5d6 f7f6 e5f6 g7f6 g5f6 h8g8,350
6k1/5pp1/p5p1/8/Pp6/3PNq2/1PP1rP1K/R4R2 w - -,h2g1 f7f5 a1e1 f5f4 e1e2 f3e2 e3c4 g6g5 f1a1 g5g4,-568
6k1/3r2p1/p5p1/6P1/p4R2/7P/1n4B1/6K1 w - -,g2f3 a4a3 f3e2 d7e7 e2a6 e7e1 g1h2 a3a2 a6b7 e1d1,-364
1r3k1r/p4ppp/2q1p3/3p1b2/3PnB2/4P3/P1P1QPPP/2R2K1R w - -,f4b8 e4c3 e2d2 c6b5 f1e1 c3e4 c2c4 d5c4 d2c2 b5a5,-267
r1bqr2k/pp2nQp1/4p3/b2p2N1/2Pn1B1P/P1N5/1P3PP1/R3K2R w KQ -,f7h5 h8g8 h5f7 g8h8 f4e5 d4f5 g2g4 e7c6 f7h5 h8g8,575
2rr2k1/1b1nqpp1/pp2p2p/2b5/2NNn3/1P1BP2P/PB2QPP1/2RR2K1 w - -,a2a3 a6a5 d4b5 b7d5 b2d4 e4f6 e2b2 f6e4 d3e2 c5d4,7
rn1qr1k1/3b2b1/2pppnp1/1p4N1/p2P1BP1/2N1P3/PPPQB3/2KR3R w - -,f4d6 c6c5 d2d3 e8e7 e3e4 a4a3 e4e5 a3b2 c1b1 d7e8,429
r2r2k1/1pq3bp/2p2pp1/p1n1pb2/2P4B/1PN1P2P/PQ1NBPP1/3R2K1 w - -,a2a3 g6g5 h4g3 f5g6 h3h4 c7e7 c3a4 c5a4 b3a4 g6d3,-288
r3kb1r/4nppp/p3p3/2ppPb2/3P1P2/4BN2/PqN3PP/R2Q1RK1 w kq -,g2g4 f5c2 d1e2 a8b8 d4c5 b2a3 e2c2 a3e3 g1h1 e3e4,-636
4k3/8/4pBpp/4P3/2pP4/3KP2P/1b6/8 w - -,d3c4 b2c1 c4d3 e8f8 d3e4 f8f7 f6h4 f7f8 h4e1 c1a3,46
rnbq1rk1/pp2bppp/2p1pn2/4N3/3P4/2N1B1Q1/PPP1BPPP/R3K2R w KQ -,e1a1 b8d7 e2d3 a7a5 a2a3 a5a4 h1e1 d7b6 e3h6 f6e8,174
rnbq2nr/3pkpb1/2pNp2p/pp2P1p1/3P4/3B1N2/PPP2PPP/R1BQK2R w KQ -,h2h4 g5g4 f3d2 d8f8 d1g4 e7d8 g4h5 f7f5 a2a4 b5b4,456
6k1/6p1/p5p1/5p2/Pp6/3PNq2/1PP1rP2/R4RK1 w - -,a1e1 f5f4 e1e2 f3e2 e3c4 g6g5 f2f3 e2c2 f1f2 c2d1,-541
r3k2r/ppp2p1p/6pn/3Pp3/2PnP2q/3K1P2/PP5P/RN1Q1B1R w kq -,b1c3 f7f5 d1e1 h4f6 e1e3 e8h8 f1e2 f5f4 e3g1 c7c6,-155
8/4Npk1/6p1/4b3/8/5r1P/q5P1/1Q3R1K w - -,h1g1 f3f1 b1f1 a2a7 g1h1 a7e7 f1c1 e7a7 c1e1 a7d4,-614
8/8/4k3/1R1R4/8/8/8/1K6 w - -,h1g1 f3f1 b1f1 a2a7 g1h1 a7e7 f1c1 e7a7 c1e1 a7d4,Mate
rnbq2nr/3pkpb1/2pNp2p/pp2P3/3P2pP/3B1N2/PPP2PP1/R1BQK2R w KQ -,f3d2 d8f8 d1g4 e7d8 g4h5 f7f5 g2g4 f5g4 d2e4 c6c5,442
rnb1kb1r/p5p1/4pq1p/1Ppp4/8/5N2/PP2PPPP/RN1QKB1R w KQkq -,b1c3 c8b7 e2e4 d5d4 c3b1 b8d7 b1d2 g7g5 d2c4 b7e4,14
3qr1k1/5pp1/Q3pn1p/p1N2n2/3P4/P1P2NP1/5PKP/1R6 w - -,b1b7 g7g5 h2h3 h6h5 a6c6 g5g4 h3g4 f6g4 c5d7 g8g7,192
r1b1kb1r/ppp3pp/2n2p2/3qp3/8/3P1NP1/PP2PP1P/R1BQKB1R w KQkq -,a2a3 c8e6 f1g2 e8a8 e1h1 d5d7 c1e3 c8b8 a1c1 c6e7,-18
4k3/8/4pBpp/4P3/2KP4/4P2P/8/2b5 w - -,c4d3 e8f8 f6d8 c1a3 d8h4 f8f7 d3d2 f7e8 h4f6 e8f7,45
r3kb1r/pp1bnppp/2n1p3/2qpP1B1/8/N1P2N2/PP3PPP/R2QKB1R w KQkq -,a3b5 c6e5 f3e5 d7b5 g5e3 c5c7 f1b5 e7c6 d1a4 a8c8,412
r2qkb1r/pp1npp2/2p2pb1/7p/3P3P/6N1/PPP1BPP1/R1BQK2R w KQkq -,c2c3 d8a5 e1h1 e7e6 c1f4 f8e7 a2a4 f6f5 e2f3 e7h4,79
r1b1kb1r/ppp3pp/2nq1p2/4p3/8/3P1NP1/PP2PPBP/R1BQK2R w KQkq -,a2a3 c8e6 e1h1 e8a8 b2b4 d6d7 d1c2 h7h5 b4b5 c6d4,41
rn1qkb1r/1p1b1pp1/p1p1p2p/4P3/3P4/2PB1N2/P4PPP/R1BQ1RK1 w kq -,c3c4 a6a5 f3d2 b8a6 a2a3 f8e7 d2e4 b7b5 d1g4 e8f8,227
8/5pk1/2N3p1/4b3/8/7r/q5P1/1Q3R1K w - -,a1b1 c6c5 b1b7 d7c6 b7b1 b8d7 c1e3 f8e7 d1e2 e8h8,Mate
3n1rk1/pp1br2p/4pnp1/q2p2N1/P1pP1P2/2P2B2/2PB2PP/R2Q1RK1 w - -,d1e1 h7h6 g5h3 e7g7 h3f2 d8f7 f2g4 f6g4 f3g4 f8e8,51
rnbq2nr/3pkpb1/2pNp3/pp2P2p/3P2pP/3B4/PPPN1PP1/R1BQK2R w KQ -,d2e4 f7f6 e1h1 b8a6 c2c3 a6c7 f2f3 g4g3 d1e1 a5a4,487
r2q1rk1/p7/bp1ppp2/n1p3p1/2PPPB2/P1PB4/6PP/R2Q1RK1 w - -,d1h5 d8e8 h5h6 a6c4 f1f3 e8f7 d3c4 a5c4 f4g5 f7h7,248
8/R1Q5/2K5/8/8/1k6/8/8 w - -,f4g3 d8e7 g3d6 e7d6 e4e5 f6e5 d1h5 d6e7 a1e1 a5c4,Mate
rnb2rk1/ppp1qppp/4p3/8/1n1P4/2N2N2/PPQ1PPPP/R3KB1R w KQ -,c2c1 b7b6 g2g3 c8b7 f1g2 b8d7 e1h1 c7c5 c1f4 a7a5,18
8/6k1/p3qpp1/P1p4p/4P2P/2bPQ1P1/2R4K/3r4 w - -,e4e5 c3e5 h2g2 e6d5 e3e4 d5d3 e4d3 d1d3 c2c5 d3a3,-648
3r2k1/3P2p1/p1B3p1/6P1/3R4/p6P/1n6/6K1 w - -,e4e5 c3e5 h2g2 e6d5 e3e4 d5d3 e4d3 d1d3 c2c5 d3a3,Mate
r1bqkb1r/ppp2ppp/2np1n2/4p3/2PP4/2N5/PP1BPPPP/R2QKBNR w KQkq -,g1f3 c6d4 f3d4 e5d4 c3d5 c7c6 d5f6 d8f6 d1b3 f8e7,-117
rnb1k1nr/ppp2ppp/1q2p3/3p4/2PP4/4P1P1/PP1Q1PP1/RN2KBNR w KQkq -,b1c3 d5c4 g1f3 g8f6 f1c4 b8d7 e3e4 c7c5 d4d5 e6d5,142
8/R7/1QK5/8/8/2k5/8/8 w - -,f1e2 d5c4 g1f3 g8f6 b1a3 f6e4 d2c2 b6a5 e1f1 c4c3,Mate
r1b1kb1r/ppp3pp/2n2p2/1q2p3/8/3P1NP1/PP2PPBP/R1BQK2R w KQkq -,a2a3 a7a5 c1e3 a5a4 f3d2 f8d6 a1b1 c8e6 b2b4 a4b3,-10
r3kb1r/4nppp/p3p3/2ppPb2/3P1P2/2q1BN2/P1N3PP/1R1Q1RK1 w kq -,b1b7 c3c2 d1c2 f5c2 d4c5 e7f5 e3f2 h7h5 f1c1 c2a4,-487
1r3k1r/p4ppp/2B1p3/3p4/3P1B2/2qbP3/P1PnQPPP/2R3KR w - -,e2d3 b8b1 c1b1 d2b1 h2h4 c3c6 c2c4 d5c4 d3b1 f8e7,530
6k1/6p1/p5p1/8/Pp3p2/3PNq2/1PP1rP2/4RRK1 w - -,e1e2 f3e2 e3c4 g6g5 g1g2 g5g4 g2g1 g4g3 g1g2 f4f3,-587
3rr1k1/pp1nbppp/1qp1p3/3n4/3P4/1QP3PP/PP2NPB1/2BR1RK1 w - -,b3a4 b6b5 a4b5 c6b5 e2f4 d7b6 f4d5 b6d5 a2a3 h7h6,51
r1bqk2r/1p2bp2/p1np3p/4nPp1/6P1/2N1B2P/PPP1QPB1/2KR3R w kq -,h3h4 g5h4 f2f4 e5d7 c3d5 e8f8 h1e1 h8g8 g4g5 h6g5,225
r2r2k1/1p2q1bp/2p2pp1/p1n1pb2/2P5/1PN1P1BP/PQ1NBPP1/3R2K1 w - -,e3e4 f5e6 d1b1 e6f7 g3h4 h7h5 d2f1 g6g5 h4g3 h5h4,-309
r2q1rk1/1pp2pp1/1p1p2np/1P2p3/2B1P1b1/3P1N2/P1P1QPPP/R4RK1 w - -,e2e3 a8a3 f3d2 g6f4 d2b1 a3a8 b1c3 d8g5 g2g3 a8a3,-45
r2qk2r/ppp2ppp/3p1nn1/2bPp3/2P1P1b1/2NB1N2/PP3PPP/R1BQ1RK1 w kq -,h2h3 g4d7 c3a4 d7a4 d1a4 d8d7 a4d1 a7a5 g1h2 a5a4,56
rnb2rk1/ppp1qppp/8/4p3/1n1P4/1QN2N2/PP2PPPP/R3KB1R w KQ -,a2a3 e5d4 b3b4 e7b4 a3b4 d4c3 b2c3 a7a5 e2e3 a5a4,-6
8/8/K6R/5kr1/8/8/3P4/8 w - -,,0
6k1/6p1/p5p1/8/Pp3p2/3PN3/1PP1qP2/5RK1 w - -,c2c3 f4e3 f2e3 b4c3 b2c3 e2d3 c3c4 g6g5 c4c5 d3c4,-578
r7/1kp1r1p1/1p2p1n1/p3P2p/P2RKPP1/1P5P/1B6/5R2 w - -,d4d1 a8h8 f1h1 h8f8 d1f1 f8e8 f1e1 h5g4 h3g4 e7f7,64
2rr2k1/1b1nqpp1/p3p2p/1pb5/2NNn3/PP1BP2P/1B2QPP1/2RR2K1 w - -,c4a5 d7f6 a5b7 e7b7 a3a4 e6e5 d4f5 c5f8 c1c8 b7c8,83
rnb2rk1/ppp1qppp/8/8/1n1p4/PQN2N2/1P2PPPP/R3KB1R w KQ -,b3b4 e7b4 a3b4 d4c3 b2c3 a7a5 e2e3 a5a4 f1d3 c7c5,13
8/3R4/2K5/2Q5/8/8/4k3/8 w - -,b3b4 e7b4 a3b4 d4c3 b2c3 a7a5 e2e3 a5a4 f1d3 c7c5,Mate
rn1q1rk1/ppp2pbp/2bppnp1/8/3P1B2/2N1PN1P/PPPQBPP1/R3K2R w KQ -,e1h1 b8d7 a2a4 a7a5 f4h2 f6e4 c3e4 c6e4 c2c3 d7b6,18
r5k1/1p2q1bp/2p2pp1/p1n1pb2/2P5/1PN1PNBP/PQ2BPP1/3r2K1 w - -,e2d1 g7f8 d1c2 f5c2 b2c2 e7d6 a2a3 a8d8 c2b2 f8e7,-373
r2q1r1k/1pp2pp1/1p1p2np/1P2p3/2B1P1b1/3P1NP1/P1P1QP1P/R4RK1 w - -,e2e3 c7c6 c4b3 f7f5 e4f5 g4f5 f1e1 f5g4 f3d2 g6e7,-62
r5k1/2p3p1/pp1qp2p/8/3pPn2/1Q1n1P2/PPRN1P1P/4R2K w - -,b3d3 f4d3 e4e5 d6f8 e1g1 f8f4 g1g3 c7c5 d2b3 f4e5,-650
r7/1kp1r1p1/1p2p3/p3P2P/P2RKP1n/1P5P/1B6/5R2 w - -,d4d3 a8h8 b2c3 h4f5 f1g1 h8h5 g1g6 f5h4 g6g1 h5h6,-16
8/3R4/2K5/5Q2/8/4k3/8/8 w - -,d4d3 a8h8 b2c3 h4f5 f1g1 h8h5 g1g6 f5h4 g6g1 h5h6,Mate
r3kb1r/ppp3pp/2n1bp2/1q2p3/8/3PBNP1/PP2PPBP/R2QK2R w KQkq -,a2a3 a7a5 f3d2 a5a4 a1c1 f8d6 e1h1 f6f5 d1c2 a8a6,-2
r1bq2nr/3pkpb1/n1pNp3/pp2P2p/3PN1pP/3B4/PPP2PP1/R1BQK2R w KQ -,c1g5 f7f6 d1d2 h8h6 e1h1 a6b4 e5f6 h6f6 c2c3 b4d5,563
r2q1rk1/pp2bppp/2n1bn2/3p2B1/8/2NBPN2/PP3PPP/2RQ1RK1 w - -,d3b1 a8c8 d1c2 g7g6 f1d1 d8b6 c2e2 f6e4 g5e7 e4c3,69
rn1qk2r/1p1bbpp1/2p1p2p/p3P3/2PP4/3BBN2/P4PPP/R2Q1RK1 w kq -,f3d2 b7b5 d1g4 e8f8 d3e4 b5c4 d2c4 b8a6 g4f3 a6b4,241
r2qk2r/ppp2ppp/3p1nn1/2bPp2b/2P1P3/2NB1N1P/PP3PP1/R1BQ1RK1 w kq -,b2b4 c5b6 g2g4 f6g4 c4c5 d6c5 h3g4 h5g4 b4c5 b6c5,86
5k2/3K2pp/8/7P/2n5/1p6/7R/8 w - -,h2f2 f8g8 d7e7 h7h6 f2f8 g8h7 f8b8 b3b2 e7e6 c4d2,19
8/3R4/2K5/4Q3/8/5k2/8/8 w - -,h2e2 g7g5 h5g6 h7g6 d7e6 b3b2 e2e1 c4a3 e6f6 b2b1q,Mate
b1rr2k1/3nqpp1/p3p2p/Npb5/3Nn3/PP1BP2P/1B2QPP1/2RR2K1 w - -,a5c6 a8c6 d4c6 c8c6 d3e4 c6d6 b3b4 d6d1 c1d1 c5d6,119
6k1/6p1/p7/6p1/Pp3p2/3P4/1PP1qPN1/5RK1 w - -,g2e1 e2g4 g1h2 g4h5 h2g1 g5g4 c2c3 b4c3 b2c3 h5h3,-636
5rk1/8/p1p1p1p1/1p3b1r/3P1pRB/1P6/P3K3/6R1 w - -,g4f4 f5d3 e2d3 f8f4 h4e1 h5h3 d3c2 g8f7 a2a3 f4f5,-525
8/6k1/p4pp1/P1p4p/4P2P/2RPQ1P1/q6K/3r4 w - -,g4f4 f5d3 e2d3 f8f4 h4e1 h5h3 d3c2 g8f7 a2a3 f4f5,Mate
r5k1/1p2q1bp/2p2pp1/p3pb2/2P1n3/1PN1PNBP/PQ3PP1/3B2K1 w - -,g3h4 e4c3 b2c3 g6g5 g2g4 f5g6 h4g3 a8d8 d1e2 e7c5,-357
8/3R4/2K5/3Q4/5k2/8/8/8 w - -,g3h4 e4c3 b2c3 g6g5 g2g4 f5g6 h4g3 a8d8 d1e2 e7c5,Mate
4rrk1/1bp3pp/1p1pp1q1/p4p2/2PPnB2/P1P1PB1P/2Q2PP1/R4RK1 w - -,a1c1 e6e5 f4h2 g8h8 f1e1 h7h6 c2b2 f8f6 b2e2 b7c6,-78
5k2/3K2pp/8/7P/2n4R/8/1p6/8 w - -,d7c6 b2b1q c6c5 c4e3 h4f4 f8e7 c5d4 e3f5 d4e5 b1b5,-751
r2qk2r/ppp2ppp/3p2n1/2bPp3/2P1P1b1/2NB1N2/PP3P2/R1BQ1RK1 w kq -,d3e2 g4h3 c3a4 d8d7 f3g5 h3f1 e2g4 d7e7 a4c5 d6c5,73
r3k2r/ppp1b1pp/2n1bp2/1q2p3/8/3PBNP1/PP2PPBP/R2Q1RK1 w kq -,a2a4 b5a6 a4a5 e8h8 d1a4 a8d8 e3d2 d8d5 b2b4 a6b5,35
8/5pk1/2N3p1/8/8/6br/q5P1/1Q3R1K w - -,f3d2 e8a8 b2b4 e7b4 a1b1 e6a2 g2c6 b7c6 b1b2 a2d5,Mate
rn1q1rk1/p4ppp/bp2pn2/2Pp4/2P5/P1P1PN2/2Q2PPP/R1B1KB1R w KQ -,c5b6 d8b6 a1b1 b6c7 c4d5 a6f1 e1f1 e6d5 g2g3 b8d7,-5
r1bq2nr/3pkp2/n1pNpb2/pp2P1Bp/3PN1pP/3B4/PPP2PP1/R2QK2R w KQ -,e4f6 e7f8 f6h7 h8h7 g5d8 h7h8 a2a3 c8b7 d8g5 b7c8,1035
2kr1b1r/ppq2ppp/2n1b3/8/2P1Q1n1/5N2/PP2PPPP/RNB1KB1R w KQ -,e4f4 c7a5 b1c3 c6b4 c1d2 b4c2 e1d1 c2a1 c3d5 g4f2,-412
b3rrk1/2p3pp/1p1pp1q1/p4p2/2PPn3/P1P1PB1P/2Q2PPB/R4RK1 w - -,a1e1 e4d2 c2d2 a8f3 h2g3 f3b7 c4c5 f5f4 e3f4 b7a6,-85
6k1/4Rb2/5B2/2r5/4p3/8/5K2/8 w - -,,0
r4rk1/pb1qbppp/2n5/2pn4/4N3/P1pB1NB1/1P1Q1PPP/R3R1K1 w - -,e4c3 c6d4 f3d4 c5d4 c3b5 a8d8 a1d1 e7f6 b5d6 b7a8,95
r1bqk2r/ppp2pp1/2np1n1p/1B2p3/P3P3/2P2N2/1PP2PPP/R1BQ1RK1 w kq -,f3d2 a7a5 f1e1 e8h8 d2f1 c6e7 f1g3 g8h8 b2b3 e7g6,12
3r2k1/1p2q1bp/2p2pp1/p3pb2/2P1n3/1PN1PN1P/PQ3PPB/3B2K1 w - -,d1e2 e7b4 c3e4 f5e4 b2a1 e4f3 g2f3 d8d2 g1f1 d2c2,-393
r3k2r/ppp1b1pp/q1n1bp2/4p3/P7/3PBNP1/1P2PPBP/R2Q1RK1 w kq -,a4a5 e8h8 d1a4 a8d8 e3d2 d8d5 f1b1 a6b5 a5a6 b7b6,29
r2qk2r/ppp2pp1/3p2n1/2bPp2p/2P1P1b1/2N2N2/PP2BP2/R1BQ1RK1 w kq -,b2b4 c5b6 c1g5 f7f6 g5e3 a7a5 c4c5 a5b4 c5b6 b4c3,99
7k/pb2bB1p/1p2N1pB/n3Pp2/5Q1P/8/P4PP1/q4K2 w - -,f4c1 b7a6 f1g1 a1c1 h6c1 a6c4 c1h6 c4e6 f7e6 a5c6,18
8/5R2/2K5/2Q5/8/8/3k4/8 w - -,f1e2 a1a2 f4d2 a2c4 d2d3 c4a2 d3d2,Mate
rn3rk1/p4ppp/bq2pn2/3p4/2P5/P1P1PN2/2Q2PPP/R1B1KB1R w KQ -,a1b1 b6c7 c4d5 a6f1 e1f1 e6d5 g2g3 b8d7 f1g2 d7b6,-9
r4rk1/pb1qbppp/8/2pn4/3n4/P1NB1NB1/1P1Q1PPP/R3R1K1 w - -,f3d4 c5d4 c3b5 a8d8 a1d1 e7f6 b5d6 d7c6 d1c1 c6b6,103
r1b1k1nr/pp1p1ppp/2nppq2/8/2BP4/2P1P3/PP3PPP/RN1QK1NR w KQkq -,e3e4 g8e7 b1a3 e8h8 d1d2 f6h4 c4d3 d6d5 e4e5 f7f6,55
rn3rk1/p4ppp/1q2pn2/3P4/8/P1P1PN2/2Q2PPP/R1B1Kb1R w KQ -,e1f1 e6d5 a1b1 b6c7 g2g3 b8d7 f1g2 d7b6 h1d1 a8c8,-11
3r2k1/1p2q1bp/2p2pp1/p3pb2/2P5/1Pn1PN1P/PQB2PPB/6K1 w - -,b2c3 e7b4 c3b2 b4d6 g1f1 f5d3 c2d3 d6d3 b2e2 d3b1,-490
8/6k1/p4p2/P1p3pp/4P2P/2RPQ1PK/q7/3r4 w - -,b2c3 e7b4 c3b2 b4d6 g1f1 f5d3 c2d3 d6d3 b2e2 d3b1,Mate
3r2k1/1p2q1bp/2p2pp1/p3p3/2P5/1PQ1PN1P/P1b2PPB/6K1 w - -,c3c2 e7d7 g1f1 d7d1 c2d1 d8d1 f1e2 d1a1 a2a4 a1a2,-467
r2q1rk1/1p2npp1/1ppp2bp/1P2p3/2B1P1P1/3P1N1P/P1P1QP2/R4RK1 w - -,,0
rn3rk1/p4ppp/1q3n2/3p4/8/P1P1PN2/2Q2PPP/R1B2K1R w - -,a1b1 b6c7 g2g3 b8d7 f1g2 d7b6 h1d1 a8c8 a3a4 f8d8,-14
r2q1rk1/pp2bpp1/2n1bn1p/3p2B1/8/2N1PN2/PP3PPP/1BRQ1RK1 w - -,g5h4 a8c8 d1d3 g7g6 d3b5 d8c7 h4g3 c7d7 g3f4 e6g4,70
r2qkb1r/pp3ppp/2n1pn2/2pp4/3P4/6PP/PPP1PPB1/RNBQK2R w KQkq -,d4c5 f8c5 e1h1 e8h8 e2e3 d8c7 d1e2 a8d8 b1d2 c5b6,-40
r1bqkbnr/pp1pp1pp/n7/2p2p2/2P5/2N3P1/PP1PPP1P/R1BQKBNR w KQkq -,g1f3 g8f6 f1g2 g7g6 a2a3 f8g7 a1b1 e8h8 e1h1 b7b6,87
6k1/8/5B2/2rb4/4R3/8/5K2/8 w - -,,0
8/5pk1/2N3p1/8/8/6br/6P1/1q3RK1 w - -,f1b1 h3h4 b1b3 g3d6 b3d3 d6c5 g1f1 h4f4 d3f3 f4f3,-21
3r2k1/1p4bp/2pq1pp1/p3p3/2P5/1P2PN1P/P1Q2PPB/6K1 w - -,g1f1 d6d1 c2d1 d8d1 f1e2 d1a1 a2a4 a1a2 f3d2 g7f8,-518
r1bq1knr/3p1p2/n1pNpN2/pp2P1Bp/3P2pP/3B4/PPP2PP1/R2QK2R w KQ -,f6h7 h8h7 g5d8 h7g7 d8f6 g8f6 e5f6 a6b4 f6g7 f8g7,1128
r3k1nr/p1p2ppp/2pp1q2/8/1b2P1b1/2N2NP1/PP3PBP/R1BQK2R w KQkq -,c1d2 g8e7 e1h1 e8h8 h2h3 g4f3 g2f3 d6d5 a2a3 b4a5,456
7k/p3bB1p/1p2p1pB/n2bPpN1/5Q1P/2q5/P4PP1/6K1 w - -,h4h5 g6h5 g5e6 d5e6 f7e6 a5c6 f4f5 c3a1 g1h2 a1e5,26
3r2k1/1p4bp/2p2pp1/p3p3/2P5/1P2PN1P/P1Q2PPB/3q1K2 w - -,c2d1 d8d1 f1e2 d1a1 a2a4 a1a2 e2e1 g7f8 g2g4 a2a3,-526
rn1k1b1r/1bq2ppp/p2p4/8/Pp1N4/2n2QP1/1P3PBP/R1B1R1K1 w - -,c1g5 f7f6 g5f6 f8e7 e1e7 g7f6 e7c7 b7f3 d4e6 d8e8,809
2rr2k1/3nqpp1/p1b1p2p/Npb5/4n3/PP1BP2P/1B2QPP1/2RR2K1 w - -,a5c6 c8c6 d3e4 c6d6 b3b4 d6d1 c1d1 c5d6 e4b7 d7b8,146
5r1k/pR4p1/1p5p/3p4/8/7P/PPr2PP1/4R1K1 w - -,,0
r1bq3r/pp1k2pp/2p5/2b2p2/3p1P2/1BPPn3/PP4PP/RNBQR1K1 w - -,d1f3 e3g4 g2g3 h8e8 e1e8 d7e8 g1g2 e8f8 c1d2 a7a5,-105
r3kb1r/1pqnpp2/2p2pb1/p6N/1P1P3P/2P5/P3BPP1/R1BQK2R w KQkq -,h5g3 a5b4 h4h5 g6h7 c3b4 f6f5 d1d2 e7e6 b4b5 c6c5,57
8/5pk1/2N3p1/8/8/6b1/6P1/1R4Kr w - -,g1h1 g7f6 b1b3 g3f4 b3b7 f4g3 h1g1 g6g5 g1f1 g5g4,434
3r2k1/3nqpp1/p1r1p2p/1pb5/4n3/PP1BP2P/1B2QPP1/2RR2K1 w - -,d3e4 c6d6 b3b4 d6d1 c1d1 c5b6 d1c1 d7f8 e4f3 f8g6,148
4rr2/pp3pk1/3p1q1p/2pP1Bp1/5PP1/2P1nR2/P1Q3K1/7R w - -,g2g3 g5f4 f3f4 e3c2 f5e6 f6c3 f4f3 c3e5 g3h3 f7e6,-1079
r1bq1rk1/ppp1ppbp/2np1npB/8/3PP3/2N2P2/PPPQ2PP/2KR1BNR w - -,h6g7 g8g7 d4d5 c6b8 g2g4 h7h5 h2h3 c7c6 g1e2 b8d7,199
6k1/1p4bp/2p2pp1/p3p3/2P5/1P2PN1P/P4PPB/3r1K2 w - -,f1e2 d1a1 a2a4 a1a2 e2e1 g7f8 g2g4 a2b2 g4g5 f6g5,-534
rn2kb1r/pbpq1ppp/1p2p2n/3pP3/3P1P2/2NB4/PPP1N1PP/R1BQ1RK1 w kq -,e2g3 g7g6 c3e2 c7c5 c2c3 b7a6 d3a6 b8a6 h2h3 f8e7,32
r1bq3r/pp1k2pp/2p5/2b2p2/5P2/1BPPp3/PP4PP/RN1QR1K1 w - -,d1f3 g7g5 f4g5 d8g5 d3d4 f5f4 d4c5 d7c7 e1f1 h8f8,118
5r2/pp3pk1/3p1q1p/2pP1Bp1/4rPP1/2P1R3/P1Q3K1/7R w - -,f4g5 f6g5 c2e4 f8b8 e4f3 b7b5 h1h5 g5f6 f5b1 f6f3,653
r1bq1rk1/ppp1pp1p/2np1npb/8/3PP1P1/2N2P2/PPPQ3P/2KR1BNR w - -,d2h6 e7e5 d4e5 c6e5 h2h3 e5d7 h3h4 c7c6 d1d6 d8e7,186
rnb1kb1r/ppppqp1p/5np1/4p3/2P1P3/2N2N2/PP1P1PPP/R1BQKB1R w KQkq -,d2d4 e5d4 f3d4 f8g7 f2f3 c7c6 c1g5 h7h6 g5h4 d7d6,66
5r2/pp3pk1/3p1q1p/2pP1Bp1/5PP1/2P1r3/P1Q3K1/7R w - -,g2g1 f8e8 h1h2 g5f4 f5d3 f6e5 d3f1 e3g3 g1h1 e5d5,-702
r2qkbnr/pp3ppp/2n1p3/2pp4/3P4/5BPP/PPP1PP2/RNBQK2R w KQkq -,e2e3 d8c7 e1h1 a8d8 c2c3 g8f6 b1d2 f8d6 d1e2 e8h8,-15
r2q1rk1/1p2npp1/1ppp3p/1P2p2b/2B1P3/3P1N1P/P1P1QPP1/R4RK1 w - -,g2g4 h5g6 f3h4 c6b5 c4b5 a8a3 b5c4 b6b5 c4b3 e7c6,2
3rr1k1/pp1nbpp1/1qp1p2p/3n4/Q2P4/2P3PP/PP2NPB1/2BR1RK1 w - -,c3c4 d5f6 a4c2 e6e5 c4c5 b6c7 a2a3 a7a5 b2b4 a5b4,60
1r1q1rk1/ppp2ppp/4p3/3pP2n/8/1Q1PP3/PP1N1PPP/R4RK1 w - -,a1c1 g7g6 b3a3 b8a8 a3b4 b7b6 c1c6 a7a5 b4c3 d5d4,107
1b6/8/P3B3/8/4K1p1/5pk1/8/8 w - -,e6d7 f3f2 e4d5 f2f1q d5c5 b8a7 c5d6 f1a6 d6e7 a6e2,-1334
8/1R6/2K5/2Q5/8/8/4k3/8 w - -,e6d7 f3f2 e4d5 f2f1q d5c5 b8a7 c5d6 f1a6 d6e7 a6e2,Mate
r3k2r/pbpq1pbp/1pn1p1pn/3pP3/3P1P2/BPNB2N1/P1P3PP/R2Q1RK1 w kq -,c3e2 c6e7 d1d2 e8h8 c2c3 f8c8 g3h1 c7c5 h1f2 f7f5,72
r3kb1r/ppp3pp/2n1bp2/3qp3/8/3P1NP1/PP2PPBP/R1BQK2R w KQkq -,a2a3 e8a8 e1h1 d5d7 c1e3 c8b8 a1c1 c6e7 e3c5 e7d5,-22
rn1k1b1r/1bq3pp/p2p1p2/6B1/Pp1N4/2n2QP1/1P3PBP/R3R1K1 w - -,g5f6 f8e7 e1e7 g7f6 e7c7 b7f3 d4e6 d8e8 g2f3 b8d7,753
rnbq1rk1/p4ppp/4pn2/2pp4/2P5/P1P1PN2/2Q2PPP/R1B1KB1R w KQ -,c4d5 e6d5 c3c4 d5d4 f1e2 c8b7 c2b2 b7e4 e3d4 b8c6,23
3r2k1/3nqpp1/p2rp2p/1pb5/4B3/PP2P2P/1B2QPP1/2RR2K1 w - -,b3b4 d6d1 c1d1 c5b6 d1c1 d7f6 e4f3 e6e5 c1c6 d8d6,133
8/8/K7/7R/5kr1/8/3P4/8 w - -,a6b5 f4f3 b5c5 g4a4 h5e5 a4a5 c5d4 a5a8 d4c4 a8c8,382
6k1/1p4bp/2p2pp1/p3p3/2P5/1P2PN1P/P3KPPB/r7 w - -,a2a4 a1a2 e2e1 g7f8 g2g4 a2a3 g4g5 f6g5 h2e5 a3b3,-536
r3k2r/pbpqnpbp/1p2p1pn/3pP3/3P1P2/BP1B2N1/P1P1N1PP/R2Q1RK1 w kq -,d1d2 e8h8 c2c3 f8c8 g3h1 c7c5 h1f2 f7f5 d2e3 c5c4,75
rn4r1/4q1p1/b3kpQ1/3pP3/5B2/6R1/5PPP/5RK1 w - -,e5f6 e7f6 g3e3 e6d7 g6g4 d7d8 f4g5 b8d7 f1e1 a6c4,826
5r2/pp3pk1/3p3p/2pP1Bq1/6P1/2P1r3/P1Q3K1/7R w - -,c2d2 f8e8 h1e1 e3e1 d2g5 h6g5 f5d3 e8e2 d3e2 e1e2,-1067
r1bq3r/pp1k3p/2p5/2b2pp1/5P2/1BPPpQ2/PP4PP/RN2R1K1 w - -,f4g5 d8g5 d3d4 c5d6 e1e3 d7c7 b1a3 f5f4 e3e1 b7b5,122
rn1qkbnr/pp2p1p1/2p1Pp2/3p2p1/8/5N2/PPPP1PPP/RNBQ1RK1 w kq -,f1e1 d8d6 g2g3 b8a6 d2d4 g8h6 b2b3 g7g6 c1a3 d6c7,96
7k/pR4p1/1p3r1p/3p4/8/5P1P/PPr3P1/4R1K1 w - -,,0
rnbqkb1r/p3pppp/2p2n2/1p6/3PNB2/8/PPP2PPP/R2QKBNR w KQkq -,e4f6 e7f6 d4d5 d8e7 d1e2 a7a6 a2a4 b5a4 d5d6 e7e2,94
3r2k1/3P2p1/p1B3p1/6P1/5R2/7P/pn6/6K1 w - -,e4c5 b8d7 c5d7 c8d7 g1f3 g7g6 f1e2 f8g7 e1h1 e8h8,Mate
r4rk1/pbpqnpbp/1p2p1pn/3pP3/3P1P2/BP1B2N1/P1PQN1PP/R4RK1 w - -,c2c3 f8c8 g3h1 c7c5 h1f2 f7f5 d2e3 c5c4 d3c2 b7a6,70
4r1k1/8/4p3/1R2P2p/4Ppp1/5P2/P4KPP/8 w - -,a2a4 e8c8 b5b2 c8a8 b2a2 a8a5 f2e2 g8f7 e2d3 f7e8,330
rnbqkb1r/p4ppp/2p2p2/1p6/3P1B2/8/PPP2PPP/R2QKBNR w KQkq -,d4d5 d8e7 d1e2 a7a6 a2a4 b5a4 e2e7 f8e7 d5d6 e7d8,65
r4rk1/pp2bpp1/1qn1bn1p/3p4/7B/2N1PN2/PP3PPP/1BRQ1RK1 w - -,c3a4 b6d8 d1d3 f6e4 h4e7 d8e7 a4c5 c6b4 d3b5 e4c5,61
6k1/1p4bp/2p2pp1/p3p3/P1P5/1P2PN1P/r3KPPB/8 w - -,e2e1 g7f8 g2g4 a2b2 g4g5 f6g5 f3g5 b2b3 h2e5 b3b4,-542
8/5k2/8/7p/5NpP/6P1/7K/5q2 w - -,f4h5 f1e2 h2g1 e2e1 g1g2 e1d2 g2f1 d2d5 f1e2 d5h5,-9605
3r2k1/3nqpp1/pb1rp2p/1p6/1P2B3/P3P2P/1B2QPP1/2RR2K1 w - -,d1d6 e7d6 c1c6 d6e7 e4c2 g8f8 e2f3 b6a7 c6a6 d7f6,241
4R3/pR4pk/1p3r1p/3p4/8/5P1P/PPr3P1/6K1 w - -,,0
r1r3k1/pbpqnpbp/1p2p1pn/3pP3/3P1P2/BPPB2N1/P2QN1PP/R4RK1 w - -,h2h3 c7c5 g3h1 f7f5 d2e3 d7c7 h1f2 g7f8 g1h2 a7a5,78
rn1k3r/1bq1b1pp/p2p1B2/8/Pp1N4/2n2QP1/1P3PBP/R3R1K1 w - -,e1e7 g7f6 e7c7 b7f3 d4e6 d8e8 g2f3 b8d7 f3a8 f6f5,785
r2q1rk1/1p2npp1/1pp3bp/1P1pp3/2B1P1PP/3P1N2/P1P1QP2/R4RK1 w - -,,0
r1b2rk1/ppp2pp1/4pn1p/8/1b1qN3/2NB4/PPP2PPP/R2Q1RK1 w - -,c3b5 d4d8 e4f6 d8f6 b5c7 a8b8 c2c3 b4c5 d1h5 c5b6,-102
r2qk2r/ppp2ppp/2n1pn2/3p4/3P1B2/3PP3/PP1N1PPP/R2QK2R w KQkq -,e1h1 a7a5 a1c1 e8h8 f4g5 a5a4 d2b1 g8h8 b1c3 a4a3,48
2k2b1r/ppq2ppp/2n1b3/8/2P1Q3/P4N2/1P2PnPP/RNBK1B1R w - -,d1d2 f2e4 d2e1 f8c5 e2e3 c7b6 b1d2 e4d2 c1d2 b6b2,-678
4r1k1/1R3pp1/Q3pn1p/p1Nq1n2/3P4/P1P2NP1/5PKP/8 w - -,c3c4 d5d8 b7a7 e6e5 a6a5 d8a5 a7a5 f5d4 f3d4 e5d4,208
r1r3k1/pb1qnpbp/1p2p1pn/2ppP3/3P1P2/BPPB2NP/P2QN1P1/R4RK1 w - -,g3h1 f7f6 h1f2 a7a5 g1h2 e7f5 a1e1 d7e7 a3c1 c8f8,73
5bk1/1p5p/2p2pp1/p3p3/P1P5/1P2P2P/r2NKPPB/8 w - -,e2d1 f8b4 d2e4 f6f5 e4f6 g8f7 f6h7 a2f2 h2e5 f2d2,-545
r3kb1r/pppq2pp/2n1bp2/4p3/8/3P1NP1/PP2PPBP/R1BQ1RK1 w kq -,c1d2 g7g5 b2b4 f8b4 d2b4 c6b4 f3d2 c7c6 d2e4 d7e7,-11
r2qr1k1/pppn1pbp/2bpp1p1/8/3PnBP1/2N1PN1P/PPPQBP2/2KR2R1 w - -,,0
r1b4r/pp1k3p/2pb4/5pq1/3P4/1BP1pQ2/PP4PP/RN2R1K1 w - -,b1a3 f5f4 a3c4 d7c7 c4d6 c7d6 g2g3 c8h3 g1h1 h3g4,-126
8/5pk1/2N3p1/8/8/6b1/q5Pr/1Q3RK1 w - -,b1a3 f5f4 a3c4 d7c7 c4d6 c7d6 g2g3 c8h3 g1h1 h3g4,Mate
2kr1b1r/1pqnpp2/2p2pb1/p6N/1P1P3P/2P5/P3BPP1/R1BQ1RK1 w - -,h5f4 g6e4 g2g3 e7e5 f4g2 a5b4 e2f3 e4f3 d1f3 b4c3,42
rn1q1rk1/ppp2pbp/3pbnp1/8/2B1P3/N1P2N2/PP2QPPP/R1B1K2R w KQ -,c1e3 f6e4 c4e6 f7e6 e1a1 d8e7 h2h4 e4f6 a3b5 b8c6,-103
3r2k1/3n1pp1/pb1qp2p/1p6/1P2B3/P3P2P/1B2QPP1/2R3K1 w - -,c1c6 d6e7 e4c2 e7g5 e2d3 d7f8 d3e4 b6a7 c6a6 a7b8,268
6k1/5p1p/4p1p1/pr6/7P/1P4P1/5P2/R4K2 w - -,f1e2 g8f8 a1a4 h7h5 e2e1 f8e7 e1d2 e7d6 d2c3 b5f5,-217
4R3/pR4pk/1p4rp/3p4/7P/5P2/PPr3P1/6K1 w - -,e8e7 g6g2 g1h1 d5d4 b7a7 d4d3 a7d7 d3d2 e7e3 c2b2,-478
5rk1/5p2/p3pR2/1p1r2pN/6Pn/2PqQ3/PP3R1K/8 w - -,e3e6 d5d7 e6e5 d3d5 e5d5 d7d5 f6a6 d5d3 h5f6 g8h8,102
r3k2r/ppp2ppp/3p2n1/2bPp3/2P1P2q/2N2B2/PP3P2/R1BQ1RK1 w kq -,f3g2 h7h5 a1b1 a7a5 a2a3 e8h8 d1f3 g6f4 c1f4 e5f4,171
8/8/8/1K5R/6r1/5k2/3P4/8 w - -,b5c5 g4a4 h5e5 a4a5 c5d4 a5a1 e5e8 f3g4 d4d5 a1a5,460
r1r3k1/pb1qn2p/1p2pbpn/2pp4/3P1P2/BPPB3P/P2QN1P1/R4RKN w - -,h1f2 c5d4 e2d4 e7f5 a3b2 a7a5 g2g4 f5d4 c3d4 h6f7,51
3r1k2/3P2p1/p1B3p1/6P1/p2R4/7P/1n6/6K1 w - -,d4e4 d8d7 c6d7 a4a3 e4e8 f8f7 e8e3 f7f8 e3a3 b2c4,525
rn1q1rk1/ppp3bp/4pnp1/4p3/8/N1P2N2/PP2QPPP/R1B1K2R w KQ -,f3e5 d8d5 e1h1 d5e4 f1e1 e4e2 e1e2 f6d5 e2e1 b8a6,44
1b6/8/P3B3/8/6p1/4K1k1/5p2/8 w - -,c1e3 f6d5 e1h1 f8f5 a3c4 b8d7 a1d1 d8e7 c4d2 d5e3,Mate
r2qr1k1/pppn1pbp/3pp1p1/8/3PbBP1/4PN1P/PPPQBP2/2KR2R1 w - -,f3g5 e4c6 e3e4 h7h6 g5f3 g8h7 e4e5 c6f3 e2f3 c7c5,-14
8/8/8/8/5NpP/5kP1/7K/5q2 w - -,f3g5 e4c6 e3e4 h7h6 g5f3 g8h7 e4e5 c6f3 e2f3 c7c5,Mate
4r3/pp3pk1/3p3p/2pP1Bq1/2P3P1/4r3/P1Q3K1/7R w - -,f3g5 e4c6 e3e4 h7h6 g5f3 g8h7 e4e5 c6f3 e2f3 c7c5,Mate
8/3k4/4pBpp/4P3/3P4/3KP2P/8/2b5 w - -,f6g7 h6h5 g7f8 d7e8 f8b4 e8d8 d3e4 d8e8 b4e1 e8e7,46
r1bq1r2/ppp2pkp/3p1np1/4p3/3QP1P1/2N2P2/PPP4P/2KR1BNR w - -,d4d2 h7h5 g4g5 f6h7 h2h4 f7f6 g5f6 d8f6 c3d5 f6f7,384
r1r3k1/pb1qnn1p/1p2pbp1/2pp4/3P1P2/BPPB3P/P2QN1P1/4RRKN w - -,h1f2 a7a5 f2g4 f6g7 f1f2 b7a6 d3a6 a8a6 g4e5 f7e5,37
r1b4r/ppk4p/2pb4/5pq1/3P4/1BP1RQ2/PP4PP/RN4K1 w - -,b1a3 g5h4 g2g3 h4h6 a3c4 f5f4 e3e4 f4g3 h2g3 h8f8,97
rnbk1b1r/ppp2Bpp/8/4N3/3Pp3/8/PPP2PqP/R1BQK2R w KQ -,h1f1 c8h3 f7c4 d8c8 e5f7 f8b4 c2c3 h8f8 f7g5 b4d6,210
rn1k3r/2q1R1pp/p2p1B2/8/Pp1N4/2n2bP1/1P3PBP/R5K1 w - -,h1f1 c8h3 f7c4 d8c8 e5f7 f8b4 c2c3 h8f8 f7g5 b4d6,Mate
rnb1kb1r/ppppqp1p/5np1/8/2PpP3/2N2N2/PP3PPP/R1BQKB1R w KQkq -,c3e2 e7e4 f3d4 b8a6 f2f3 e4e7 d1b3 c7c6 c1g5 h7h6,-129
rnbqkb1r/1p4pp/p1p1ppn1/3p4/P1PP1B2/2N1PN2/1P3PPP/R2QKB1R w KQkq -,f4g3 a6a5 h2h4 b8a6 f1d3 a6b4 d3b1 d5c4 h4h5 g6e7,92
4r1k1/1R3pp1/Q2qpn1p/p1N2n2/2PP4/P4NP1/5PKP/8 w - -,b7b6 d6c7 b6b7 c7d8 b7a7 e6e5 a6a5 d8a5 a7a5 f5d4,217
r5k1/pp1b2b1/5n1p/1N1P3q/3P2pP/3Q2B1/PPP3P1/5RK1 w - -,b5d6 a8f8 d6f5 d7f5 f1f5 h5g6 h4h5 g6e8 f5e5 e8d7,-16
8/1k5p/4p3/PK3pp1/3P2P1/8/8/8 w - -,b5c5 f5g4 d4d5 e6d5 c5d4 b7a6 d4e5 g4g3 e5f6 g3g2,-889
3r2k1/3n1pp1/pbR1p2p/1p1q4/1P2B3/P3P2P/1B2QPP1/6K1 w - -,e4d5 e6d5 b2g7 g8g7 e2h5 g7f8 h5h6 f8e7 h6d6 e7e8,855
r1r3k1/pb1q1n1p/1p2pbp1/2pp1n2/3P1P2/BPPB3P/P2QNNP1/4RRK1 w - -,f2g4 f6h4 g2g3 h4e7 g4e5 f7e5 f4e5 c8f8 d2c1 b7c6,36
6k1/1p5p/2p3p1/p3pp2/PbP1N3/1P1KP2P/r4PPB/8 w - -,h2g3 f5e4 d3e4 a2b2 g3e5 b2f2 g2g3 g8f7 e5d4 b4e7,-618
r3k1nr/pp2pp1p/2p3p1/2pqb3/6b1/3P1N2/PPP2PPP/RNBQR1K1 w kq -,b1d2 e5c7 h2h3 g4f3 d2f3 e8a8 c1d2 a7a6 d1e2 f7f6,-51
4R3/R5pk/1p5p/3p4/7P/5P2/PPr3r1/6K1 w - -,g1f1 c2f2 f1e1 f2b2 e1f1 b2f2 f1e1 d5d4 a7d7 f2a2,-666
r1r3k1/pb1q1n1p/1p2p1p1/2pp1n2/3P1PNb/BPPB3P/P2QN1P1/4RRK1 w - -,g2g3 h4e7 g4e5 f7e5 f4e5 c8f8 a3c1 a7a5 d3f5 f8f5,31
r1b4r/ppk4p/2pb4/5p2/3P3q/NBP1RQ2/PP4PP/R5K1 w - -,e3e5 d6e5 d4e5 h8e8 f3e3 h4e4 e3f2 e8e5 a3c4 e5e7,-103
3rr1k1/pp1nbpp1/1qp1pn1p/8/Q1PP4/6PP/PP2NPB1/2BR1RK1 w - -,c4c5 b6c7 f1e1 f6d5 e2f4 e7f6 f4d5 e6d5 g2f3 e8e1,52
r1bq1r2/pp3pkp/2pp1np1/4p3/4P1P1/2N1QP2/PPP4P/2KR1BNR w - -,e3d2 h7h5 g4h5 f6h5 d2d6 d8g5 d6d2 g5e7 g1e2 c8e6,347
rn1q1rk1/p4ppp/5n2/2p5/2Pp2b1/P3PN2/2Q1BPPP/R1B1K2R w KQ -,e1h1 b8c6 e3d4 c5d4 c4c5 d8d5 f1d1 g4f5 c2c4 a8d8,-7
r3kb1r/pp1b1p1p/1qn1p1pn/3pP3/3P4/2N2N2/PPB2PPP/R1BQK2R w KQkq -,e1h1 h6f5 c3a4 b6c7 c2f5 g6f5 c1g5 h8g8 g5f6 f8e7,143
r1r3k1/pb1qbn1p/1p2p1p1/2pp1n2/3P1PN1/BPPB2PP/P2QN3/4RRK1 w - -,g4e5 f7e5 f4e5 c8f8 d3f5 f8f5 f1f5 e6f5 h3h4 f5f4,42
8/3R1K2/8/3p4/4k3/8/8/8 w - -,g4e5 f7e5 f4e5 c8f8 d3f5 f8f5 f1f5 e6f5 h3h4 f5f4,Mate
8/8/8/5k2/6pP/5qP1/7K/8 w - -,g4e5 f7e5 f4e5 c8f8 d3f5 f8f5 f1f5 e6f5 h3h4 f5f4,Mate
rn1qkb1r/ppp2ppp/4bn2/4p3/2N5/8/PPPP1PPP/RNBQKB1R w KQkq -,c4e5 f8d6 e5f3 c7c5 f1b5 b8d7 b5e2 d7e5 e1h1 d8c7,22
r2q1rk1/pp2bpp1/2n1bn1p/3p4/N6B/4PN2/PP3PPP/1BRQ1RK1 w - -,d1d3 f6e4 h4e7 d8e7 a4c5 c6b4 d3a3 e4c5 a3b4 b7b6,53
r2qr1k1/pppn1pbp/2bpp1p1/6N1/3P1BP1/4P2P/PPPQBP2/2KR2R1 w - -,e3e4 h7h6 g5f3 g8h7 e4e5 c6f3 e2f3 c7c5 d4c5 d6d5,-17
r1r3k1/pb1qb2p/1p2p1p1/2ppnn2/3P1P2/BPPB2PP/P2QN3/4RRK1 w - -,f4e5 c8f8 d2c1 a7a5 d3f5 e6f5 e2f4 g6g5 f4h5 d7e6,30
8/8/8/5k2/6pP/6q1/8/6K1 w - -,f4e5 c8f8 d2c1 a7a5 d3f5 e6f5 e2f4 g6g5 f4h5 d7e6,Mate
rn4r1/6p1/b3kqQ1/3p4/5B2/6R1/5PPP/5RK1 w - -,g3e3 e6d7 g6g4 d7d8 f4g5 g8e8 g5f6 g7f6 e3e8 d8e8,891
r4rk1/pb1qb2p/1p2p1p1/2ppPn2/3P4/BPPB2PP/P2QN3/4RRK1 w - -,a3c1 a7a5 d3f5 f8f5 f1f5 e6f5 h3h4 f5f4 e5e6 d7e6,24
4r1k1/2q2pp1/QR2pn1p/p1N2n2/2PP4/P4NP1/5PKP/8 w - -,b6b7 c7d8 b7a7 e6e5 a6a5 d8a5 a7a5 f5d4 f3d4 e5d4,215
r1b2rk1/ppp2pp1/4pn1p/1N2q3/1b2N3/3B4/PPP2PPP/R2Q1RK1 w - -,e4f6 e5f6 b5c7 a8b8 c2c3 b4c5 d1h5 c5b6 c7b5 f8d8,-90
r2q1rk1/1p2npp1/1p4bp/1P2p2P/2p3P1/3P1N2/P1P1QP2/R4RK1 w - -,h5g6 e7g6 f1d1 c4d3 e2e4 d8e8 c2d3 e8b5 a1b1 b5c6,-252
r3r3/1kp1n1p1/1p2p3/p3P2p/P2BKPP1/1P5P/8/3R1R2 w - -,d4f2 h5g4 h3g4 g7g6 d1d7 b7c6 f1d1 g6g5 f4g5 e7d5,123
8/3k2B1/4p1p1/4P2p/3P4/3KP2P/8/2b5 w - -,g7f8 d7e8 f8b4 e8f7 d3e2 f7e8 e2f3 g6g5 f3e4 e8f7,46
4r3/7k/4p3/4P2p/4P3/5PK1/P5P1/1R6 w - -,a2a4 e8g8 g3h3 g8a8 b1a1 a8a5 f3f4 h7h6 h3h4 h6g6,636
r4rk1/1b1qb2p/1p2p1p1/p1ppPn2/3P4/1PPB2PP/P2QN3/2B1RRK1 w - -,d3f5 f8f5 f1f5 e6f5 d2h6 d7c6 c1g5 e7f8 h6h4 a5a4,28
r2q1rk1/p4ppp/2n2n2/2p5/2Pp2b1/P3PN2/2Q1BPPP/R1B2RK1 w - -,e3d4 c5d4 c1g5 f8e8 c4c5 d8d7 g5f6 g7f6 a1e1 g4f5,-8
r1bqk2r/ppp1ppbp/3p1np1/n2P4/2B1P3/5N1P/PPP2PP1/RNBQK2R w KQkq -,c4d3 c7c6 c2c4 b7b5 c4b5 c6d5 e4d5 c8b7 b1c3 f6d5,46
r1b4r/ppk4p/2pb3q/5p2/3P4/NBP1RQP1/PP5P/R5K1 w - -,a3c4 f5f4 e3e4 f4g3 h2g3 h8f8 f3e3 h6e3 e4e3 b7b5,85
1b6/8/P3B3/8/6p1/8/4Kpk1/8 w - -,e3d3 f5f4 a3c4 f4g3 h2g3 h8f8 f3e2 c8h3 c4d6 h6d6,Mate
r1b1r1k1/pp2qpb1/3p1np1/2pPn2p/2P5/2N1BPN1/PP1QBKPP/R6R w - -,h2h3 h5h4 g3e4 f6e4 c3e4 c8f5 e4c3 e5d7 h1e1 g7e5,-37
r5k1/1b1qb2p/1p2p1p1/p1ppPr2/3P4/1PP3PP/P2QN3/2B1RRK1 w - -,f1f5 e6f5 d2h6 a5a4 c1g5 e7f8 h6h4 d7c6 g3g4 f5g4,17
rnb1k2r/ppppqpbp/5np1/8/2PNP3/2N5/PP3PPP/R1BQKB1R w KQkq -,d4b5 d7d6 c1g5 b8a6 f2f3 h7h6 g5e3 a6c5 f1e2 e8h8,73
r2q1rk1/1p3pp1/1p4np/1P2p3/2p3P1/3P1N2/P1P1QP2/R4RK1 w - -,e2e4 c4d3 c2d3 f8e8 f1e1 e8e6 e4b7 a8a4 d3d4 d8f6,-265
4R3/pR4pk/1p3r1p/3p4/6PP/5P2/PPr5/6K1 w - -,h4h5 c2c1 g1g2 f6c6 b7b8 c6c2 g2g3 c1g1 g3f4 g7g5,658
r2q1rk1/p4ppp/2n2n2/8/2Pp2b1/P4N2/2Q1BPPP/R1B2RK1 w - -,c4c5 f8e8 c1g5 g4h5 a1d1 a8c8 f1e1 h7h6 g5h4 d8a5,-7
r3k1nr/p1p2ppp/2pp4/8/4P3/2q2BP1/P4P1P/R1BQ1RK1 w kq -,a1b1 c3f6 c1b2 f6g5 e4e5 g8e7 e5d6 c7d6 h2h4 g5g6,564
rnk4r/2q1R1pp/p2pNB2/8/Pp6/2n2bP1/1P3PBP/R5K1 w - -,c1e3 g8e7 e3d4 c3a3 d4g7 h8g8 g7f6 a8b8 f1e1 g8g6,Mate
rn2kb1r/pp2pppp/1q1p1n2/2p5/4PPb1/2N2N2/PPPPB1PP/R1BQK2R w KQkq -,a2a4 b8c6 d2d3 e7e6 e1h1 f8e7 h2h3 g4f3 e2f3 a7a6,47
r1bqk2r/p1p1bppp/8/1p1np1N1/3n4/1B1P4/PPP2PPP/RNBQ1RK1 w kq -,f1e1 f7f6 g5f3 c8g4 b1c3 d5b4 e1e4 d4b3 a2b3 d8d7,-61
r1b4r/ppk4p/2pb3q/8/2NPR3/1BP2Qp1/PP5P/R5K1 w - -,f3e2 h8f8 h2h4 f8f2 e2e3 d6f4 e4e7 c8d7 e3d3 a8e8,-362
r2qr1k1/p4ppp/2n2n2/8/2Pp2b1/P4N2/1BQ1BPPP/R4RK1 w - -,,0
rn4r1/3k2p1/b4qQ1/3p4/5B2/4R3/5PPP/5RK1 w - -,g6g4 d7d8 f4g5 b8d7 f1e1 g8h8 g5f6 g7f6 g4g7 d8c7,863
6r1/7k/4p3/4P2p/4P3/5PK1/P5P1/R7 w - -,g3h3 g8a8 a2a4 a8a5 h3h4 h7g7 f3f4 g7h6 g2g3 h6g6,655
r2qr1k1/1p3pp1/1p4np/1P2N3/2p3P1/3P4/P1P1QP2/R4RK1 w - -,f2f4 g6e5 f4e5 d8d4 g1h1 e8e5 e2f3 c4d3 c2d3 f7f6,-424
r1bqk2r/1ppn1pbp/p2p1np1/4p3/2B1PP2/P1NP1N2/1PP3PP/R1BQK2R w KQkq -,e1h1 e8h8 f4e5 d7e5 f3e5 d6e5 d1f3 c8g4 f3g3 g4e6,58
r1bqk2r/p3bppp/2p5/1p1np1N1/3n4/1BNP4/PPP2PPP/R1BQ1RK1 w kq -,g5e4 e8h8 f1e1 d5b4 e4d2 c8e6 e1e5 e6b3 d2b3 e7f6,-99
r6k/1pp2R1p/1pb3qQ/3BP2p/3P2P1/7P/PP6/6K1 w - -,g5e4 e8h8 f1e1 d5b4 e4d2 c8e6 e1e5 e6b3 d2b3 e7f6,Mate
r3kb1r/pp1b1p1p/1qn1p1p1/3pP3/3P2n1/2N2N2/PPB2PPP/R1BQ1RK1 w kq -,h2h3 g4h6 c3a4 b6c7 c1g5 h6g8 a1c1 b7b5 a4c5 h7h6,219
3rr1k1/ppqnbpp1/2p1p2p/3n4/3P4/1QP3PP/PP2NPB1/2BR1RK1 w - -,c3c4 d5f6 c1e3 e7d6 f1e1 e6e5 d4e5 d6e5 e2c1 b7b6,63
rn2kb1r/ppp2ppp/4bn2/3qN3/8/8/PPPP1PPP/RNBQKB1R w KQkq -,e5f3 b8c6 b1c3 d5d7 f1b5 f8d6 e1h1 e8h8 b5e2 h7h6,46
r1bq1rk1/1ppp1ppp/p7/2P1n3/B3n3/8/PPP2PPP/RNBQK2R w KQ -,d1d4 e5c6 a4c6 d7c6 d4d8 f8d8 c1e3 e4f6 f2f3 c8f5,-36
r2q1rk1/1p3pp1/1p4np/1P2N3/6P1/3p4/P1P1QP2/R4RK1 w - -,e5d3 a8a4 f2f3 d8g5 a1e1 f8c8 f1f2 a4a2 e2e3 g5b5,-256
r3r1k1/p3qppp/2n2n2/8/2Pp2b1/P4N2/1BQ1BPPP/3R1RK1 w - -,f1e1 g4f3 g2f3 a8d8 f3f4 e7c7 e2f3 e8e1 d1e1 c6e7,-75
r1bq1rk1/pppp1ppp/2n2n2/1B2p3/P3P3/2P2N2/2PP1PPP/R1BQK2R w KQ -,b5c6 b7c6 d2d3 f8e8 e1h1 d7d5 d1e2 c8a6 c3c4 d5e4,-2
r2qr1k1/pppn1pbp/2bp2p1/4p3/3P1BP1/3NP2P/PPPQBP2/2KR2R1 w - -,d4e5 d6e5 f4g3 a7a5 d3e1 e5e4 c2c3 d8c8 e1c2 d7c5,-107
rnbq1rk1/1pp1ppbp/p5p1/3p4/2PPnB2/2N2N1P/PP1QPPP1/R3KB1R w KQ -,c3e4 d5e4 f3e5 f7f6 e5g4 g6g5 f4h2 f6f5 g4e3 d8d4,-94
8/8/2k1p1pB/4P2p/3P4/3KP2P/8/2b5 w - -,d3e4 c1d2 e4f3 d2c1 h6f8 c6d7 f8b4 d7e8 f3e4 e8f7,46
r2qk2r/pp1nbppp/2p1pn2/3p2B1/3P2b1/1P3NP1/P1P1PPBP/RN1Q1RK1 w kq -,c2c4 h7h6 g5c1 e8h8 c1b2 d8b6 b1d2 a7a5 a2a3 f8d8,-50
8/8/8/8/8/1K4q1/5q2/7k w - -,c2c4 h7h6 g5c1 e8h8 c1b2 d8b6 b1d2 a7a5 a2a3 f8d8,Mate
r2qk2r/pbp1bppp/8/1p1np1N1/3n4/1BNP4/PPP2PPP/R1BQ1RK1 w kq -,f1e1 d4b3 a2b3 e7g5 e1e5 g5e7 d1f3 f7f6 e5d5 b7d5,-57
r1bq1r2/pp3pkp/2p2np1/3pp3/4P1PP/2N1QP2/PPP5/2KR1BNR w - -,e4d5 d8b6 e3e5 f8e8 e5f4 h7h5 g4g5 f6d5 c3d5 c6d5,471
3rr1k1/ppqnbpp1/2p1pn1p/8/2PP4/1Q4PP/PP2NPB1/2BR1RK1 w - -,c1e3 e7d6 e2c3 e6e5 d4d5 d6c5 f1e1 c5e3 e1e3 d7b6,59
rn2kb1r/ppp1qppp/4bn2/4N3/8/8/PPPP1PPP/RNBQKB1R w KQkq -,f1e2 e6d5 d2d4 d5g2 h1g1 g2e4 e2c4 e4d5 c4d5 f6d5,69
r2q2k1/p4r2/bp1ppp2/n1p3pQ/2PPPB2/P1PB4/6PP/R4RK1 w - -,f4g5 d8e8 g5f6 f7f6 h5e8 a8e8 f1f6 a6c4 f6f3 e6e5,425
rnb2rk1/ppppqpbp/5np1/8/2PNP3/2N5/PP2BPPP/R1BQK2R w KQ -,c1g5 h7h6 c3d5 e7d8 g5f6 g7f6 d5f6 d8f6 d1d2 d7d6,80
r1b1k2r/pp3p2/8/2Pp2p1/1Q2n2p/B1P1q3/P3B1PP/2RK3R w kq -,d1c2 e3e2 c2b1 e2c4 c5c6 c4b4 c3b4 b7c6 c1c6 e8h8,-498
r7/1kp1r1p1/1p2p1n1/p3P3/P2BKPP1/1P6/8/3R1R2 w - -,d1e1 a8h8 f1h1 h8e8 e1f1 e7f7 f1f3 f7d7 d4c3 c7c5,80
6r1/7k/4p3/4P3/4P2p/5P2/P4KP1/R7 w - -,a2a4 g8a8 a4a5 a8a6 f3f4 h7h6 f2f3 h6h5 f4f5 h5g5,664
8/8/8/1K4q1/5q2/8/8/7k w - -,a2a4 g8a8 a4a5 a8a6 f3f4 h7h6 f2f3 h6h5 f4f5 h5g5,Mate
r3r1k1/pp1bqpb1/3p1np1/2pPn2p/2P4P/2N1BPN1/PP1QBKP1/R6R w - -,e3g5 e7f8 a2a4 f6h7 g5f4 a8b8 g3f1 f7f5 g2g3 e8e7,21
r3kb1r/pp1bnppp/4p3/1Nqpn1B1/8/2P2N2/PP3PPP/R2QKB1R w KQkq -,f3e5 d7b5 g5e3 c5c7 f1b5 e7c6 d1a4 a8c8 f2f4 f7f6,417
r1bq1rk1/pp3p1p/6p1/3pQ3/6PP/5P2/PPP5/2KR1BNR w - -,e5d4 f8e8 f1d3 c8d7 h4h5 d8b6 g1e2 e8e3 c1b1 b6d4,553
r3kb1r/pp2pppp/1qnp1n2/2p5/4PPb1/2N2N2/PPPPB1PP/R1BQ1RK1 w kq -,c3d5 b6d8 d5f6 e7f6 h2h3 g4d7 f4f5 c6e5 d1e1 f8e7,71
r1bq1rk1/pp3pbp/3ppnp1/n1pP4/P3P3/2N2N1P/1PP1BPP1/R1BQK2R w KQ -,e1h1 e6d5 e4d5 f8e8 a1b1 c8f5 b2b3 h7h6 f1e1 a8c8,65
r1bqkb1r/3n1ppp/p1n1p3/3pP3/Np1P1P2/2p1BN2/PPPQB1PP/R4RK1 w kq -,d2e1 d7b6 a4b6 c3b2 b6a8 b2a1q e1a1 c8d7 a2a3 d8a8,83
r2qk2r/ppp2ppp/3p1n2/3Pn3/N1PQP3/7b/PPB2PP1/R1B2RK1 w kq -,f2f4 h3g2 g1g2 e5g6 a4c3 e8h8 f1h1 f8e8 f4f5 g6e5,364
8/3R4/4K3/8/3pk3/8/8/8 w - -,c1d2 h3d7 f2f4 e5g4 e4e5 f6d5 e5e6 d7e6 c4d5 d8h4,Mate
r2q1rk1/1p3pp1/1p5p/1P2N3/5nP1/3P4/P3QP2/R4RK1 w - -,e2e4 f4h3 g1h1 f8e8 f2f4 d8f6 e4b7 h3f4 b7f7 f6f7,-128
r1b2rk1/ppp2pp1/4pq1p/1N6/1b6/3B4/PPP2PPP/R2Q1RK1 w - -,b5c7 a8b8 c2c3 b4c5 d1h5 c5b6 c7b5 f8d8 h5e2 c8d7,-92
r2q1rk1/pp2bp2/2n1bn1p/3p2p1/N6B/3QPN2/PP3PPP/1BR2RK1 w - -,h4g3 f6e4 a4c3 f7f5 c3e2 a8c8 e2d4 c6d4 f3d4 c8c1,92
r3kb1r/pp2nppp/4p3/1bqpN1B1/8/2P5/PP3PPP/R2QKB1R w KQkq -,g5e3 c5c7 f1b5 e7c6 d1a4 a8c8 f2f4 f7f6 e5f3 a7a6,431
4r3/1k2r1p1/1pp5/p2RBP2/P3K3/1P6/8/5R2 w - -,d5d1 e7e5 e4f4 b7c7 f1g1 e8e7 g1g6 e5d5 d1g1 d5d4,-58
r1bqkb1r/p1pp1ppp/2p5/4P3/1n6/3B4/PPP2PPP/RNBQK2R w KQkq -,e1h1 b4d3 d1d3 d7d5 e5d6 d8d6 d3c3 d6c5 c3g3 c8e6,47
8/1p6/3K1k2/1p6/1P6/8/P7/8 w - -,d3e4 d7d5 e5d6 f8d6 e1h1 e8h8 b1c3 f8e8 c1d2 a8b8,Mate
r1bqkb1r/ppp2ppp/2n1pn2/3p4/P2P4/1P2P3/2P2PPP/RNBQKBNR w KQkq -,g1f3 f8d6 c1b2 e8h8 f1e2 d8e7 f3e5 c6a5 e1h1 b7b6,1
r2q2k1/p6r/bp1ppp2/n1p3BQ/2PPP3/P1PB4/6PP/R4RK1 w - -,h5g4 f6g5 e4e5 h7e7 f1f6 d8e8 f6h6 e8f8 g4g5 f8g7,505
r3kb1r/pp2ppp1/1qnp1n2/2p4p/4PPb1/2N2N1P/PPPPB1P1/R1BQ1RK1 w kq -,c3d5 f6d5 e4d5 g4f3 e2f3 c6d4 c2c3 d4f3 d1f3 e8a8,98
rn2kb1r/pp2pppp/2p2n2/3q4/3P4/8/PPP1QPPP/RNB1K1NR w KQkq -,e2f3 d5d4 g1e2 d4d5 f3g3 b8a6 b1c3 d5f5 e2d4 f5g4,-115
8/8/2k1p1pB/4P2p/3PK3/b3P2P/8/8 w - -,e4f4 a3e7 h6g5 e7f8 g5d8 f8h6 f4e4 h6f8 d8h4 f8b4,42
r2qk2r/pb3ppp/1pn1p3/3p4/3PB3/1Rb2N2/P1P2PPP/2BQ1RK1 w kq -,e4h7 c3d4 f3d4 h8h7 f1e1 c6d4 d1d4 a8c8 d4a4 b7c6,9
r2qr1k1/p4ppp/2n2n2/7b/2Pp4/P4N1P/1BQ1BPP1/R4RK1 w - -,a1d1 e8e4 f1e1 d8e7 b2d4 h5f3 d4f6 e4e2 f6e7 e2c2,-1
3rr1k1/ppqn1pp1/2pbpn1p/8/2PP1B2/1Q4PP/PP2NPB1/3R1RK1 w - -,f4d6 c7d6 b3b7 d8b8 b7a7 b8a8 a7b7 e8b8 b7c6 d6c6,116
5k2/5p1p/1r2p1p1/p7/7P/1P4P1/5P2/2R2K2 w - -,c1c3 b6b5 c3c8 f8g7 c8a8 h7h6 f1g2 g6g5 h4g5 h6g5,-68
2r2r1k/pp3pp1/4p2p/8/6R1/1P2P1QP/q4PP1/5RK1 w - -,g4g7 a2b3 g7g4 f8g8 g3e5 h8h7 g4f4 g8g7 e5e4 f7f5,14
rn1q1rk1/ppp2ppp/3bbn2/8/8/5N2/PPPP1PPP/RNBQKB1R w KQ -,d2d4 f8e8 f1e2 e6c4 c1e3 c4e2 d1e2 d6f4 b1c3 f6g4,26
r1bqk2r/ppp2ppp/2n1pn2/3p4/P2P4/bP2P3/2P2PPP/RN1QKBNR w KQkq -,b1a3 e6e5 d4e5 c6e5 f1e2 c7c6 g1f3 e5f3 e2f3 d8a5,-23
r1b1kb1r/3n1ppp/p1n1p3/q2pP3/Np1P1P2/2P1BN2/P1PQB1PP/R4RK1 w kq -,f4f5 e6f5 c3c4 a5a4 c4d5 d7b6 d5c6 b6d5 c6c7 a4c6,92
r1bqk2r/1pp2ppp/2n1pn2/p2p4/P2P4/NP2P3/2P2PPP/R2QKBNR w KQkq -,f1b5 e8h8 g1f3 f6e4 e1h1 d8e7 b5c6 b7c6 c2c4 c6c5,3
r1b1k2r/pp3p2/8/2Pp2p1/1QP4p/B3q3/P3BnPP/2RK3R w kq -,d1e1 f2d3 e1d1 d3b4 a3b4 e8h8 b4d2 e3d4 h1f1 c8g4,-645
8/1p5k/2pp4/1p3K2/1PP5/8/P7/8 w - -,c4b5 c6c5 b4c5 d6c5 a2a4 c5c4 f5e4 b7b6 a4a5 b6a5,1254
2r2r1k/pp3pR1/4p2p/8/8/1q2P1QP/5PP1/5RK1 w - -,g7g4 f8g8 g3e5 h8h7 g4f4 g8g7 e5e4 f7f5 f4f5 b3c4,22
3r2k1/3nqpp1/pbR1p2p/1p6/1P2B3/P3P2P/1B2QPP1/6K1 w - -,e4c2 g7g6 g2g3 h6h5 h3h4 d8b8 e2d3 b6d8 d3d4 e6e5,266
r2qkb1r/pp1n1ppp/4pn2/3p2B1/3p4/2P2N2/PP3PPP/RN1Q1RK1 w kq -,d1a4 d4c3 g5f6 g7f6 b1c3 f8g7 c3d5 e6d5 f1e1 e8f8,-202
r2q1rk1/pp2bp2/2n1b2p/3p2p1/N3n3/3QPNB1/PP3PPP/1BR2RK1 w - -,a4c3 f7f5 c3b5 f5f4 f3d4 c6d4 b5d4 f4g3 d4e6 d8d6,96
r2qk2r/1ppb1ppp/2n1pn2/pB1p4/P2P4/NP2P3/2P2PPP/R2QK1NR w KQkq -,g1f3 e8h8 e1h1 d7e8 c2c3 f6e4 d1c2 d8e7 f1c1 f7f6,8
1b6/8/P7/3B4/6p1/8/4Kp2/6k1 w - -,g1f3 e8h8 e1h1 d7e8 c2c3 f6e4 d1c2 d8e7 f1c1 f7f6,Mate
rnb2rk1/pp1pqpbp/2p2np1/8/2PNP3/2N5/PP2BPPP/R1BQ1RK1 w - -,c1g5 d7d6 d1d2 a7a5 a1d1 a5a4 f2f4 f8e8 d2c2 b8d7,83
r2qk2r/pb3ppp/1pn1p3/b2p4/3P4/1R1B1N2/P1P2PPP/2BQ1RK1 w kq -,f3e5 c6e5 d4e5 d8c7 d3b5 b7c6 b5c6 c7c6 d1g4 g7g6,45
r4rk1/ppqbbppp/1n2p3/8/2PQN3/6P1/PP3PBP/R1B2RK1 w - -,c4c5 b6d5 b2b4 f8d8 c1b2 d5f6 d4e3 f6e4 g2e4 d7c6,18
r1b1k1nr/pp3pQp/2np4/1Bp5/4PP1q/2N5/PPP3PP/R1B1K2R w KQkq -,g2g3 h4f6 g7f6 g8f6 f4f5 e8h8 c1h6 f8e8 e1h1 a7a6,268
r2qk2r/pb3ppp/1p2p3/b2pn3/3P4/1R1B4/P1P2PPP/2BQ1RK1 w kq -,d4e5 d8c7 d3b5 b7c6 b5c6 c7c6 d1g4 g7g6 g4h4 h7h6,34
4r1k1/R4pp1/q3pn1p/p1N2n2/2PP4/P4NP1/5PKP/8 w - -,a7a6 e8d8 c5b7 d8b8 a6a7 f6e4 c4c5 h6h5 c5c6 h5h4,228
rn2kb1r/pp3ppp/2p1pn2/3q4/3P4/5N2/PPP1QPPP/RNB1K2R w KQkq -,c2c4 f8b4 c1d2 b4d2 b1d2 d5f5 c4c5 b8d7 d2c4 e8h8,45
1rb2rk1/ppN2pp1/4pq1p/8/1b6/3B4/PPP2PPP/R2Q1RK1 w - -,c2c3 b4c5 d1h5 c5b6 c7b5 f8d8 h5e2 c8d7 b5a3 g7g6,-89
r2qkb1r/pppb1ppp/2n1pn2/1B6/2pP4/2N1PN2/PP3PPP/R1BQK2R w KQkq -,e1h1 f8b4 b5c4 e8h8 h2h3 b4d6 e3e4 e6e5 c1e3 h7h6,52
2r3rk/pp3p2/4p2p/8/6R1/1q2P1QP/5PP1/5RK1 w - -,g3e5 h8h7 g4f4 g8g7 e5e4 f7f5 f4f5 b3c4 e4c4 c8c4,10
r4rk1/pp1b1pbp/2npp1p1/2p5/q3PP2/2PPB1P1/PPnN1QBP/R2N1RK1 w - -,a1c1 c2e3 d1e3 c6e7 g3g4 f7f5 d2c4 a4a6 f2h4 a8e8,22
r2qkb1r/1ppb1ppp/p1n1pn2/1B6/Q1pP4/2N1PN2/PP3PPP/R1B1K2R w KQkq -,b5c6 d7c6 a4c4 f8d6 c4e2 e8h8 e1h1 f6e4 c3e4 c6e4,-42
2r3r1/pp3p1k/4p2p/4Q3/6R1/1q2P2P/5PP1/5RK1 w - -,g4f4 g8g7 e5e4 f7f5 f4f5 b3c4 e4c4 c8c4 f5e5 c4c6,7
r2qk2r/pb3ppB/1pn1p3/3p4/3b4/1R3N2/P1P2PPP/2BQ1RK1 w kq -,f3d4 h8h7 f1e1 c6d4 d1d4 a8c8 d4a4 b7c6 a4a7 h7h4,-9
8/b7/8/3B4/6p1/8/4Kp2/6k1 w - -,f3d4 h8h7 f1e1 c6d4 d1d4 a8c8 d4a4 b7c6 a4a7 h7h4,Mate
r3k2r/pp3p2/8/2Pp1bp1/1QP4p/B3q3/P1K1BnPP/2R4R w kq -,e2d3 f2d3 b4c3 d5d4 c3d3 f5d3 c2b2 d3e2 a3b4 d4d3,-833
3r2k1/5pp1/R3pn1p/p1N2n2/2PP4/P4NP1/5PKP/8 w - -,c5b7 d8b8 a6a7 f6e4 c4c5 f7f6 g3g4 f5e7 b7d6 e4d6,231
r3kbnr/pp1bpppp/8/q7/3Q4/2N1B3/PPP2PPP/R3KB1R w KQkq -,b2b4 a5d8 e3f4 d7c6 d4c4 e7e5 f4e5 d8e7 f2f4 g8f6,188
r2qk2r/ppp2ppp/3p1n2/3Pn3/N1PQPP2/8/PPB3b1/R1B2RK1 w kq -,g1g2 e5g6 a4c3 g6h4 g2f2 c7c5 d4d3 h7h5 f2e2 h4g6,372
r2qk2r/pb3ppB/1p2p3/3p4/3n4/1R6/P1P2PPP/2BQ1RK1 w kq -,,0
8/pR2R1pk/1p5p/3p4/6PP/5r2/PPr5/6K1 w - -,b7a7 f3g3 g1f1 g3g4 e7e2 c2c1 f1f2 g4h4 f2g3 h4h5,-333
r3r1k1/p2nqppp/1pp1p3/5b2/2PPp3/1Q2PN1P/PP2BPP1/2R2RK1 w - -,c4c5 e4f3 e2f3 b6c5 f3c6 a8c8 b3b7 d7b8 b7e7 e8e7,-185
r2qkb1r/2pb1ppp/p1n1pn2/1p6/Q1BP4/2N1PN2/PP3PPP/R1B1K2R w KQkq -,a4c2 b5c4 e1h1 c6b4 c2e2 f8e7 e3e4 b4d3 f3d2 d3f4,-337
r3k2r/ppp2ppp/8/2bbp3/8/1P1P1P2/1PP3PP/R1B1K1NR w KQkq -,c1g5 b7b6 g1e2 f7f6 g5d2 a7a5 h2h4 d5c6 e2g3 h7h5,-58
4r3/pp4k1/3p1p1p/2pP1Bq1/2P3P1/4r3/PQ4K1/7R w - -,h1b1 e3e2 b2e2 e8e2 g2f1 e2b2 b1b2 g5c1 f1e2 c1b2,Mate
r2q1rk1/1p2nppb/1p5p/1P1pp2P/2B3P1/3P1N2/P1P1QP2/R4RK1 w - -,c4b3 e5e4 d3e4 d5e4 f3e5 d8d6 f2f4 e4f3 e2e3 e7d5,45
r2qk2r/ppp2ppp/3p1nn1/3P4/N1PQPP2/8/PPB3K1/R1B2R2 w kq -,a4c3 f6g4 c2d1 h7h5 f1h1 e8d7 c4c5 d6c5 d4c5 a7a6,371
7k/pR4R1/1p5p/3p4/6PP/5r2/PPr5/6K1 w - -,g7h7 h8g8 b7g7 g8f8 g7a7 f8g8 h7g7 g8f8 g7b7 f3g3,12
3r1k1r/pp2q3/1b2Pp1p/2p2Q1P/2p5/P7/1P4P1/R4RK1 w - -,f5g6 e7g7 e6e7 f8g8 e7e8q d8e8 g6e8 g7f8 a1e1 f8e8,583
r2q1rk1/3nbp2/2n1p2p/1b1pP2P/pp4N1/3P1NP1/1PP2PB1/R2QR1K1 w - -,c2c4 b4c3 b2c3 g8g7 c3c4 d5c4 d3c4 b5a6 d1a4 a6b7,-153
r1b2rk1/pp2nppp/1qnp4/2p2PB1/2B1P3/2N5/PPP2QPP/R3K2R w KQ -,e1h1 h7h6 g5e7 c6e7 f5f6 g7f6 f2g3 g8h7 f1f6 b6b4,398
8/1p4k1/2p1K3/1P1p4/1P6/8/P7/8 w - -,,0
6k1/pR5R/1p5p/3p4/6PP/5r2/PPr5/6K1 w - -,h7g7 g8h8 g7h7 h8g8 b7g7 g8f8 g7a7 f8g8 h7g7 g8f8,4
r2q1rk1/1p2nppb/1p5p/1P1p3P/4p1P1/1B1P1N2/P1P1QP2/R4RK1 w - -,d3e4 d5e4 f3e5 d8d6 f2f4 e4f3 e2e3 e7d5 e3d4 f8e8,39
4rk2/pQ6/3p1p1p/2pP1Bq1/2P3P1/4r3/P5K1/7R w - -,d3e4 d5e4 f3e5 d8d6 f2f4 e4f3 e2e3 e7d5 e3d4 f8e8,Mate
8/5qk1/Q4pp1/P3b2p/4P2P/3r2P1/2R4K/8 w - -,a6c8 d3g3 h2h1 f7a7 c2c5 e5d6 e4e5 a7c5 c8c5 d6c5,-949
1r4k1/1N3pp1/R3pn1p/p4n2/2PP4/P4NP1/5PKP/8 w - -,a6a7 f6e4 c4c5 e4c3 a3a4 c3d5 b7d6 f5d6 c5d6 b8d8,242
r2qkb1r/2pb1ppp/2n1pn2/1p6/Q2P4/2N1PN2/PP3PPP/R1B1K2R w KQkq -,a4c2 d8b8 e1h1 b5b4 c3e4 f6e4 c2e4 f8d6 c1d2 f7f5,-392
r2qr1k1/pppn1pbp/2bp2p1/8/6P1/3N3P/PPPQBP1B/2KR1R2 w - -,f1e1 d7b6 e2f1 d8d7 f2f4 c6f3 e1e8 a8e8 d1e1 g7d4,-241
r1bqkb1r/p2n2pp/4p3/1Pp5/N2pn3/5N2/PP3PPP/R1BQKB1R w KQkq -,f1d3 c8b7 e1h1 f8e7 f1e1 d7f6 d1c2 d8d5 b2b4 c5b4,105
r1b2rk1/1p1qnppp/p1n1p3/3p3P/2PP4/P1PB1NB1/5PP1/R2QR1K1 w - -,h5h6 g7g6 c4c5 f7f6 g3d6 f8f7 d1d2 d7d8 c3c4 g6g5,245
r1bqkb1r/3n1ppp/2n1p3/p2pP3/1p1P1P2/4BN2/PNP1B1PP/R3QRK1 w kq -,f4f5 e6f5 c2c4 b4c3 e1c3 c6a7 e3g5 f8e7 g5e7 d8e7,135
3rr1k1/ppqn1ppp/2pbp3/3n4/3P4/1QP3PP/PP2NPB1/2BR1RK1 w - -,c3c4 d5f6 b3a4 e6e5 b2b4 b7b5 c4b5 c6b5 a4b5 e5e4,64
8/6k1/2p1K3/3p4/1P6/8/P7/8 w - -,,0
rn1qkb1r/p4ppp/2pnp3/4N3/2NP4/8/1P3PPP/R1BQ1RK1 w kq -,d1f3 d8c7 c1f4 c7b7 f1c1 d6f5 d4d5 f5d4 f3d1 c6c5,342
r3k2r/pp3p2/8/2Pp1bp1/1QP4p/B3q3/PK2B1PP/2R4n w kq -,b2a1 e8h8 b4b2 f8e8 e2h5 h1f2 c1f1 e3e1 b2c1 e1c1,-478
8/2R5/K7/8/4k3/6r1/2P5/8 w - -,a6b5 e4d4 c7c4 d4d5 c4c6 d5d4 b5b4 g3g2 c6c5 g2g1,475
rn2kb1r/ppp1qppp/5n2/3bN3/8/5Q2/PPPP1PPP/RNB1KB1R w KQkq -,f3e3 b8c6 e5c6 d5c6 c2c3 e8a8 e3e7 f8e7 d2d4 h7h5,20
3r1k1r/pp4q1/1b2PpQp/2p4P/2p5/P7/1P4P1/R4RK1 w - -,e6e7 f8g8 e7e8r d8e8 g6e8 g7f8 a1e1 f8e8 e1e8 g8g7,624
6k1/R6R/1p5p/3p4/6PP/6r1/PPr5/6K1 w - -,,0
r3k2r/5ppp/p1N1p1n1/q2pPb2/5P2/1R2b3/P1N3PP/3Q1RK1 w kq -,f1f2 e3f2 g1f2 a5c5 c2d4 a8c8 b3e3 c8c6 d1a4 e8d7,-1070
rnbqkbnr/5ppp/p3p3/2p5/Pp1pP3/1P3NN1/2PP1PPP/R1BQKB1R w KQkq -,f1c4 b8c6 d2d3 h7h5 h2h4 d8c7 e1h1 c6a5 e4e5 c8b7,4
6r1/p1kb2q1/1p4n1/3P1pB1/3R3P/P3P3/6P1/3QKB2 w - -,d4c4 c7b8 d1d4 d7b5 d4g7 g8g7 c4f4 b5d7 f4d4 g7h7,460
r1b5/3r2k1/p1pBR1p1/4Pp2/8/P7/5P1P/1R4K1 w - -,e6e8 a6a5 b1d1 g7f7 e8f8 f7g7 e5e6 d7d6 f8f7 g7g8,394
2r3r1/pp5k/4p2p/5p2/4Q1R1/1q2P2P/5PP1/5RK1 w - -,g4g8 c8g8 e4f4 b3c2 f1a1 a7a6 f4d6 c2c8 g2g3 g8g7,-8
r1b1kbnr/1p1p1ppp/pqn1p3/8/3NP3/3BB3/PPP2PPP/RN1QK2R w KQkq -,d4e6 b6a5 e3d2 a5b6 e6f8 e8f8 e1h1 d7d6 h2h3 c8e6,319
r4rk1/pp1bnppp/1qnp4/2p2PB1/2B1P3/1PN5/P1P2QPP/R3K2R w KQ -,f5f6 b6a5 e1h1 a5c3 f6e7 c6e5 e7f8r a8f8 c4d5 d7c6,519
5k2/5p1p/1r2p1p1/p7/7P/1P4P1/4KP2/1R6 w - -,f2f3 b6b5 b1a1 h7h5 a1a3 f8e7 e2d3 b5d5 d3e3 e7d7,-220
r2qk2r/2pb1ppp/2n1pn2/1p6/1b1P4/2N1PN2/PPQ2PPP/R1B1K2R w KQkq -,c1d2 d8b8 e1h1 e8h8 e3e4 b4e7 a2a3 b5b4 a3b4 c6b4,-327
4r1k1/rbp3pp/1p1p1q2/p3pp2/P1PPn3/2P1PB1P/2Q2PPB/R1R3K1 w - -,c4c5 b6c5 f3e2 e4g5 d4c5 f6g6 h2g3 d6c5 c1d1 b7e4,-34
r2q1rk1/1p2npp1/1p5p/1P1p3P/4b1P1/1B3N2/P1P1QP2/R4RK1 w - -,a1d1 g8h8 f3d2 e4h7 f1e1 e7g8 d2f3 h7e4 f3d4 g8f6,58
r7/1kp1r1p1/1p2p1n1/p3P2p/P2BKPP1/1P5P/8/3R1R2 w - -,f4f5 e6f5 e4f5 g6f8 g4h5 a8e8 h3h4 f8e6 d4b2 e6c5,113
1r4k1/RN3pp1/4pn1p/5n2/p1PP4/P4NP1/5PKP/8 w - -,f3e5 g8h7 e5f7 f5d4 f7d6 g7g5 a7a4 h6h5 c4c5 d4c6,259
3rr1k1/ppqn1ppp/2pbpn2/8/2PP4/1Q4PP/PP2NPB1/2BR1RK1 w - -,a2a3 d7f8 f1e1 f8g6 b3a4 a7a6 b2b4 d8d7 h3h4 e8d8,60
r2q1rk1/2pb1ppp/2n1pn2/1p6/1b1P4/2N1PN2/PPQ2PPP/R1B2RK1 w - -,c3b5 c6e7 b5c3 c7c5 d4c5 b4c5 f1d1 e7g6 a2a4 d8c8,-307
r1b1kbnr/1p1p1ppp/p1q1p3/8/4P3/3BB3/PPP2PPP/RN1QK2R w KQkq -,b1d2 g8f6 d1e2 b7b5 e1a1 e6e5 f2f4 d7d6 f4f5 h7h5,76
r2q1rk1/ppp2pp1/2n2n1p/2bPp3/2B5/3P3b/PPP2PPP/RNBQ1RK1 w - -,d5c6 h3g4 d1e1 b7c6 h2h3 g4h5 e1e5 c5d4 e5f5 g7g6,83
r3r1k1/ppp1qpbp/2b3p1/4p1P1/8/4Q2P/PPP1BP1B/2KR1R2 w - -,f1e1 a7a5 c1b1 a5a4 a2a3 a8b8 e2g4 b7b5 c2c3 b8d8,-140
r2r2k1/2p2ppp/p3q3/1p6/2p1P3/P1P5/1P2QPPP/3RR1K1 w - -,,0
r2qkbnr/pp1bpppp/8/8/1P1Q4/2N1B3/P1P2PPP/R3KB1R w KQkq -,e3f4 d7c6 d4c4 e7e5 f4e5 d8e7 f2f4 g8f6 e1a1 f6g4,184
r1bqk2r/pp3ppp/1bn1pn2/8/1PBP1B2/P1N2N2/5PPP/R2QK2R w KQkq -,e1h1 e8h8 f4e5 f6g4 e5g3 c6d4 f3d4 d8d4 d1b3 g4e5,21
8/2R5/8/1K6/3k4/6r1/2P5/8 w - -,c7c4 d4e5 c4c6 e5d4 b5b4 g3g2 c6c5 g2g1 c2c3 d4d3,481
r2q1rk1/pp3pp1/2nbp2p/8/3pQ3/2P1BN1P/PP3PP1/R4RK1 w - -,e3c1 d4c3 b2c3 d8e7 f3d4 c6d4 c3d4 f8d8 f1d1 d6c7,-164
r2r2k1/ppp2pb1/2n1bnpp/4p1B1/2P1P3/1PN2N2/P3BPPP/R4RK1 w - -,g5f6 g7f6 c3d5 e6d5 c4d5 c6e7 f1d1 c7c6 d5c6 e7c6,14
4rk2/pQ6/3p1p1p/2pP1B2/2P3Pq/4r3/P5K1/5R2 w - -,g5f6 g7f6 c3d5 e6d5 c4d5 c6e7 f1d1 c7c6 d5c6 e7c6,Mate
1r1q1rk1/2pb1ppp/2n1pn2/1N6/1b1P4/4PN2/PPQ2PPP/R1B2RK1 w - -,a2a4 c6a5 c1d2 b4d2 f3d2 d7b5 a4b5 b8b5 d2f3 a5b7,-266
8/7k/4p3/P3r3/4P3/5P1P/5K2/R7 w - -,a5a6 e5g5 a6a7 g5g8 a7a8q g8a8 a1a8 h7g7 f2g3 g7f7,1296
r2r2k1/ppp2pb1/2n1b1pp/4p3/2P1P1n1/1PN1BN2/P3BPPP/R4RK1 w - -,e3d2 g4f6 a1d1 c6d4 f3d4 e5d4 c3d5 f6e4 d5c7 d4d3,-14
r1bqkb1r/3n1ppp/2n5/p2pPp2/1p1P4/4BN2/PNP1B1PP/R3QRK1 w kq -,c2c4 b4c3 e1c3 d7b8 c3e1 f8e7 e1g3 g7g5 a1c1 h7h6,117
1k6/2p2pp1/p4q2/1p1b2p1/1b4Q1/1P1PBPP1/1PP4r/R3KR1r w - -,c2c4 b4c3 e1c3 d7b8 c3e1 f8e7 e1g3 g7g5 a1c1 h7h6,Mate
r3k2r/ppp2ppp/3b4/3qp3/8/1P1P1b1P/1PP2PP1/R1BQ1RK1 w kq -,a1a7 f3d1 a7a8 e8d7 a8h8 d1c2 c1e3 c2d3 f1e1 d5b3,-569
rn2kb1r/p1q2ppp/2pnp3/4N3/2NP4/5Q2/1P3PPP/R1B2RK1 w kq -,c1f4 d6c4 e5c4 c7b7 f1c1 f8e7 c4d6 e7d6 f4d6 b8d7,364
r4rk1/1p2nppb/1p1q3p/1P2N2P/4p1P1/1B6/P1P1QP2/R4RK1 w - -,f2f4 e4f3 e2e3 e7d5 e3d4 f8e8 f1e1 a8d8 g1f2 g8f8,31
r2q1rk1/ppp2pp1/2n2n1p/2bPp3/2B3b1/3P3N/PPP2PPP/RNBQ1RK1 w - -,d1g4 f6g4 d5c6 b7c6 b1d2 a7a5 b2b3 c5d4 a1b1 d8d7,-342
r2r2k1/ppp2pb1/4b1pp/4p3/2PnP3/1P2NN2/P3BPPP/R4RK1 w - -,f1e1 a7a5 a1b1 c7c6 g1f1 a5a4 e1d1 a4b3 a2b3 a8a2,-109
1r1q1rk1/2pb1ppp/2n1pn2/8/3P4/2b1PN2/PPQ2PPP/R1B2RK1 w - -,b2c3 f8e8 e3e4 e6e5 d4d5 c6a5 c3c4 c7c6 c1g5 c6d5,-232
r3k2r/ppp2ppp/3b4/4p3/8/1P1P1q1P/1PP2PP1/R1B2RK1 w kq -,d3d4 f3f5 d4e5 f5e5 g2g3 e8h8 a1a4 g8h8 c1f4 e5b2,-700
r3k2r/pp1b1p2/8/1Qpp2p1/3Pn2p/B1P1P3/P3BqPP/2RK3R w kq -,b5a5 f2e3 c1c2 e8h8 h1f1 b7b6 a5a6 e4c3 c2c3 e3c3,-548
rn2kb1r/ppp1qppp/5n2/4N3/6b1/5Q2/PPPP1PPP/RNB1KB1R w KQkq -,f3g3 b8d7 d2d4 d7e5 d4e5 h7h5 h2h3 h5h4 g3e3 f6d5,39
r2r2k1/ppp2pb1/4b1pp/4p3/2P1P3/1P2Nn2/P4PPP/R2B1RK1 w - -,d1f3 c7c6 f1d1 d8d4 h2h3 a7a5 f3g4 e6g4 d1d4 e5d4,-70
1r1q1rk1/2pb1ppp/2n1p3/8/3Pn3/2Q1PN2/PP3PPP/R1B2RK1 w - -,c3c2 f7f5 c1d2 e4g5 f3g5 d8g5 f1c1 f5f4 e3f4 g5b5,-232
6r1/pp5k/4p2p/5p2/4Q3/1q2P2P/5PP1/5RK1 w - -,,0
r5k1/ppp2pb1/4b1pp/4p3/2P1P3/1P2NB2/P2r1PPP/R4RK1 w - -,f1d1 d2d4 e3d5 c7c6 d5c7 a8d8 c7e6 f7e6 g1f1 g8f7,-21
rnbq1rk1/pp5p/2p1pbp1/8/3P4/2NB4/PPQ2PPP/R1B2RK1 w - -,c3e4 f6g7 c1d2 b8d7 a1d1 d7b6 d2b4 f8f7 b4c5 f7d7,156
8/8/8/1K1k4/2R5/6r1/2P5/8 w - -,c4c6 d5d4 b5b4 g3g2 c6c5 g2g1 c2c3 d4d3 c5d5 d3c2,481
r2q1rk1/ppp2ppp/2np1n2/2b1p3/2B1P1b1/1P1PBN2/P1P2PPP/RN1Q1RK1 w - -,e3c5 d6c5 b1d2 a7a6 a2a4 g4c8 f1e1 b7b6 d2b1 h7h6,-14
r3r1k1/2pbqpp1/p1pp1n1p/8/1b2P2B/2NQ4/PPP1NPPP/2KR3R w - -,d3d4 c6c5 d4e3 d7c6 h4f6 e7f6 g2g4 a8b8 f2f3 b4a5,-51
1q1r2k1/3n1pp1/pbR1p2p/1p6/1P2B3/P3P2P/1B2QPP1/6K1 w - -,e2g4 d7e5 c6b6 e5g4 b6b8 d8b8 h3g4 f7f6 b2d4 e6e5,347
r1kr4/pp3pb1/2p1bnpp/4p3/2P3P1/BPN1P2P/P1K1BP2/3R3R w - -,f2f4 e5f4 e3f4 h6h5 d1d8 c8d8 f4f5 g6f5 g4g5 f6d7,49
5rk1/3r1p2/p3QR2/1p4pN/6Pn/2Pq4/PP3R1K/8 w - -,e6e5 d3d5 e5d5 d7d5 f6a6 d5d3 h5f6 g8g7 a6b6 h4f3,107
1r1q1rk1/2pb2pp/2n1p3/5p2/3Pn3/3QPN2/PP3PPP/R1B2RK1 w - -,a2a3 d8e8 a3a4 f8f6 c1d2 g7g5 f1c1 g5g4 f3h4 c6e7,-248
r2q1rk1/ppp2pp1/5n1p/2bPp3/2Bn2b1/3P3N/PPPQ1PPP/RNB2RK1 w - -,f1e1 g4h3 c2c3 d4f3 g2f3 f6h5 d2d1 d8f6 e1e4 f6g6,-313
r3k2r/ppp3pp/3b1p2/4p3/8/1P1P1P1P/1PP2P2/R1B2RK1 w kq -,c1d2 e8f7 f1e1 a7a6 e1e4 a8e8 d2e3 h7h5 g1f1 g7g5,-51
6r1/pp5k/4p2p/3qQp2/8/4P2P/5PP1/5RK1 w - -,e5d5 e6d5 f1d1 g8d8 g1f1 a7a5 d1b1 d8b8 b1b5 b8a8,-24
1r6/RN3ppk/4pn1p/4Nn2/p1PP4/P5P1/5PKP/8 w - -,e5f7 f5d4 f7d6 f6g4 c4c5 b8f8 d6e4 d4c2 a7a4 g4e5,269
r1bq1rk1/p1pp1ppp/2p2n2/4p3/P3P3/2P2N2/2PP1PPP/R1BQK2R w KQ -,d2d3 f8e8 e1h1 d7d5 d1e2 c8a6 c3c4 d5e4 d3e4 d8d6,3
rnbqr1k1/pp3pp1/5b1p/2pp2N1/3P3P/2NBP3/PP3PP1/R2QK2R w - -,d1b3 h6g5 h4g5 f6g5 a1d1 g5h6 d4c5 c8e6 b3b7 b8d7,-217
rnbqkbnr/pp3ppp/2p1p3/8/3P4/P1N1pP2/1PP3PP/R1BQKBNR w KQkq -,c1e3 g8f6 f1d3 b8d7 d1e2 f8d6 c3e4 d6e7 e4f6 d7f6,53
rnbq1rk1/ppp3bp/3ppnp1/8/2PPP3/2NB1N2/PP4PP/R1BQK2R w KQ -,d3c2 b8c6 e1h1 e6e5 d4e5 d6e5 d1d8 c6d8 c1e3 c7c6,49
8/8/2R5/1K6/3k4/6r1/2P5/8 w - -,c6d6 d4c3 d6c6 c3d4 b5b4 g3g2 c6c5 g2g1 c2c3 d4d3,531
3r2k1/1pp1qpbp/p5p1/3Rp1P1/8/4Q2P/PPP2P1B/2K5 w - -,d5d8 e7d8 h2e5 d8e7 f2f4 h7h6 g5h6 g7h6 e3c3 c7c6,-9
r1b1k2r/1pqnbp2/p1npp2p/6p1/3NP1P1/2N1B2P/PPP1QPB1/1K1R3R w kq -,d4f5 b7b5 e4e5 d6e5 f5e7 e8e7 e2f3 c8b7 d1d7 e7d7,236
8/3R4/3K4/8/4k3/3p4/8/8 w - -,a2a3 c6d4 e3d4 d7e5 h3h4 h8g8 h4g5 h6g5 g2f1 b7b5,Mate
rnbqk2r/p3bppp/2pp1n2/1p2p3/3PP3/2PBB3/PP1Q1PPP/RN2K1NR w KQkq -,g1f3 f6g4 a2a4 b5a4 e3g5 e7g5 f3g5 b8d7 e1h1 e8h8,50
8/5k2/2p5/3pK3/1P6/8/P7/8 w - -,,0
1r1q1rk1/2pbn1pp/4p3/5p2/3Pn3/3QPN2/PP3PPP/R1BR2K1 w - -,f3e5 e4f6 b2b3 d7c6 f2f3 c6d5 d3c2 e7g6 e5d3 d8e7,-191
r3k2r/ppp3p1/3b1p2/4p2p/8/1P1P1P1P/1PPB1P2/R4RK1 w kq -,a1a4 e8f7 f1e1 a7a6 g1f1 g7g5 d2c3 h8g8 e1e4 a8e8,-54
rn2kb1r/p1q2ppp/2p1p3/4N3/2nP1B2/5Q2/1P3PPP/R4RK1 w kq -,e5c4 c7b7 f1c1 f8e7 c4d6 e7d6 f4d6 b7b5 f3g3 h8g8,405
r3k2r/pp1b1p2/8/3p2p1/2pPn2p/B1P1q3/P1Q1B1PP/2RK3R w kq -,d1e1 e8a8 h1f1 h4h3 g2g3 d8e8 c2b2 e4g3 f1f2 g3e4,-668
1r6/RN3Npk/4pn1p/8/p1Pn4/P5P1/5PKP/8 w - -,f7d6 h7g8 a7a4 g7g5 h2h3 g8f8 c4c5 d4c6 a4a6 c6e5,274
3r2k1/ppp2pb1/4b1pp/4p3/2P1P3/1P2NB2/P2r1PPP/R2R2K1 w - -,e3d5 d2d1 a1d1 d8d7 d5e3 h6h5 d1d7 e6d7 f3e2 g7f6,-25
r1b5/4r1k1/p1pB2p1/4Pp2/8/P7/5P1P/1R4K1 w - -,d6c5 e7b7 b1d1 c8e6 g1f1 g7f7 f1e2 a8h8 d1d6 f5f4,-507
8/8/2p1k3/3p4/1P1K4/8/P7/8 w - -,,0
rn1qkb1r/1b1p1ppp/p3pn2/2p5/Pp2P3/3PNN2/1PP2PPP/R1BQKB1R w KQkq -,f3d2 d7d5 g2g3 f8e7 f1g2 d5e4 b2b3 b8c6 d3e4 d8c7,-21
8/3R4/8/2K5/8/3pk3/8/8 w - -,f3d2 d7d5 g2g3 f8e7 f1g2 d5e4 b2b3 b8c6 d3e4 d8c7,Mate
rnbq1rk1/pp2bppp/8/2ppP3/3P4/3B2N1/PP3PPP/R1BQR1K1 w - -,d1h5 g7g6 h5h6 g8h8 g3h5 f8g8 h5f6 e7f6 e5f6 b8c6,213
3r2k1/ppp2pb1/4b1pp/3Np3/2P1P3/1P3B2/P4PPP/R2r2K1 w - -,a1d1 d8d7 d5e3 b7b6 d1d7 e6d7 f3g4 d7c6 e3d5 g7f8,-24
4R3/pR4pk/1p5p/3p3P/6P1/5r2/PPr5/6K1 w - -,b7b8 f3g3 g1f1 g3f3 f1e1 f3e3 e8e3 c2c7 e3e6 b6b5,675
r2qkbnr/pp2pppp/2b5/8/1P1Q1B2/2N5/P1P2PPP/R3KB1R w KQkq -,d4c4 e7e5 f4e5 d8e7 f2f4 g8f6 e1a1 f6g4 e5d4 g4e3,186
3q2k1/1pp2pbp/p5p1/4p1P1/8/4Q2P/PPP2P1B/2K5 w - -,,0
3r2kr/pp3pp1/1b1Pp2p/2p1Pb1P/2B4q/P1B2Q2/1P4P1/R4RK1 w - -,f3e2 g7g6 h5g6 f5g6 f1f6 h4e4 e2f1 e4e3 f6f2 d8f8,188
r3k2r/1pp3p1/p2b1p2/4p2p/R7/1P1P1P1P/1PPB1P2/5RK1 w kq -,g1g2 e8f7 a4c4 a8d8 f1e1 h8g8 g2f1 g7g5 d2a5 d8c8,-54
1r1q1rk1/2p1n1pp/4p3/1b3p2/3Pn3/1P1QPN2/P4PPP/R1BR2K1 w - -,d3c2 e7d5 f3e5 d8h4 a2a4 b5a6 f2f3 e4c3 g2g3 c3e2,-252
2kr4/1bp2pp1/p2b1q2/1p4p1/8/1P1PN1P1/1PP1QP1r/R1B2RK1 w - -,f2f3 h2e2 a1a4 b5a4 e3g2 f6e5 f1f2 d6c5 c1f4 g5f4,Mate
8/3R4/8/8/2K5/4k3/3p4/8 w - -,f2f3 h2e2 a1a4 b5a4 e3g2 f6e5 f1f2 d6c5 c1f4 g5f4,Mate
3r2k1/pp3pb1/2p1b1pp/3Np3/2P1P3/1P3B2/P4PPP/3R2K1 w - -,d5e7 g8f8 d1d8 f8e7 d8b8 b7b6 b8b7 e7e8 b7a7 g7f6,448
r4rk1/pp1bnppp/1q1p4/nNp2PB1/2B1P3/1P6/P1P2QPP/R3K2R w KQ -,g5e7 d7b5 e7f8 a5c4 b3c4 b5c4 f8g7 b6a5 f2d2 a5d2,320
8/8/2pk4/3p4/1P1K4/P7/8/8 w - -,,0
1q1r2k1/5pp1/pbR1p2p/1p2n3/1P2B1Q1/P3P2P/1B3PP1/6K1 w - -,c6b6 e5g4 b6b8 d8b8 h3g4 f7f6 b2d4 e6e5 d4c5 g8f7,387
8/3R4/8/8/8/2K5/3pk3/8 w - -,c6b6 e5g4 b6b8 d8b8 h3g4 f7f6 b2d4 e6e5 d4c5 g8f7,Mate
3r1k2/pp2Npb1/2p1b1pp/4p3/2P1P3/1P3B2/P4PPP/3R2K1 w - -,d1d8 f8e7 d8b8 b7b6 c4c5 b6b5 b8b7 e7e8 b7a7 g7f6,448
8/8/2R5/8/1K1k4/8/2P3r1/8 w - -,c6c5 g2g8 c2c4 g8b8 c5b5 b8a8 b5b6 d4e5 b4b5 a8a1,531
r1b5/4Bk2/p1p3p1/4Pp2/8/P7/5P1P/1R4K1 w - -,e7g5 a8a7 b1b8 c8e6 h2h4 a7d7 b8a8 c6c5 a8a6 c5c4,30
8/2k5/2p5/3p4/PP1K4/8/8/8 w - -,,0
r1bqk1nr/pp1n2bp/2p1ppp1/3pP3/3P1B2/3B4/PPPNNPPP/R2QK2R w KQkq -,d2f3 f6e5 d4e5 g8h6 e2d4 d8e7 h2h4 h6f7 d1e2 d7c5,55
3q1rk1/2p1n1pp/1r2p3/1b3p2/3Pn3/1P2PN2/P1Q2PPP/R1BR2K1 w - -,f3e5 e4d6 c1a3 b6a6 a3c5 d8a8 a2a4 f8b8 f2f3 e7d5,-118
1R2R3/p5pk/1p5p/3p3P/6P1/7r/PPr5/5K2 w - -,f3e5 e4d6 c1a3 b6a6 a3c5 d8a8 a2a4 f8b8 f2f3 e7d5,Mate
rnb1qrk1/ppp3bp/3ppnp1/6B1/2PPP3/2NB1N2/PP4PP/R2QK2R w KQ -,c3b5 e8d7 e1h1 b8c6 d1d2 f6h5 g1h1 a7a6 b5c3 b7b6,121
3r2k1/5pp1/pbR1p2p/1p2q3/1P2B1Q1/P3P2P/5PP1/6K1 w - -,c6b6 f7f5 e4f5 e6f5 g4f4 e5a1 g1h2 a1a3 b6b7 a3b2,270
r5k1/2pr1ppp/p3q3/1p6/2p1P3/P1P1Q3/1P3PPP/3RR1K1 w - -,,0
8/5p2/3kp1pp/p1r5/2R4P/1PK3P1/5P2/8 w - -,c3d3 c5c4 d3c4 d6c6 c4d4 c6b5 d4e5 b5b4 e5f6 b4b3,-493
r1bqk2r/pp2nppp/2p5/2bp4/3pP3/1B1P4/PPP2PPP/RNB1QRK1 w kq -,f2f4 d5e4 d3e4 c8e6 b3e6 f7e6 b1d2 e8h8 d2f3 d8d6,57
5R2/P2R2K1/1P2Pr2/2P5/2p4p/1p4b1/p6k/5r2 w - -,,0
3r2k1/6p1/pR2p2p/1p2qp2/1P2B1Q1/P3P2P/5PP1/6K1 w - -,e4f5 e6f5 g4f4 e5a1 g1h2 a1a3 b6b7 a3b2 f4f5 b2f6,275
rnbq1rk1/ppp1p1bp/3p1np1/5p2/8/1P1PPN2/PBP1BPPP/RN1QK2R w KQ -,d3d4 e7e6 c2c4 b7b6 b1c3 d8e7 e1h1 a7a5 f3e1 f6e4,15
8/3R4/8/8/8/8/2K1k3/3q4 w - -,d3d4 e7e6 c2c4 b7b6 b1c3 d8e7 e1h1 a7a5 f3e1 f6e4,Mate
3r2k1/2pr1ppp/p3q3/1p6/2pRP3/P1P1Q3/1P3PPP/4R1K1 w - -,,0
rn2kb1r/p2q1ppp/2p1p3/8/2NP1B2/5Q2/1P3PPP/R4RK1 w kq -,c4b6 d7d8 b6a8 f8d6 f4d6 d8d6 f3a3 d6a3 a1a3 e8h8,528
1r6/RN4pk/3Np2p/8/p1Pn2n1/P5P1/5PKP/8 w - -,a7a4 g4e5 c4c5 e5c6 a4a6 h7g6 a3a4 c6b4 a6b6 b4d5,271
r1bqk2r/pp2nppp/2p5/2b5/3ppP2/1B1P4/PPP3PP/RNB1QRK1 w kq -,e1d1 e4e3 d1h5 e7d5 h5e5 d8e7 e5g7 e7f6 g7f6 d5f6,-223
3r2k1/6p1/pR5p/1p2qp2/1P4Q1/P3P2P/5PP1/6K1 w - -,g4f4 e5a1 g1h2 a1a3 b6b7 a3c3 f4f5 g8h8 f5g6 d8f8,296
3rr1k1/ppqn1pp1/2pbpn1p/8/2PP4/6PP/PPQ1NPB1/2BR1RK1 w - -,f1e1 e6e5 a2a3 a7a5 c4c5 d6f8 b2b4 a5b4 a3b4 f6d5,55
r4rk1/pp2Bppp/1q1p4/nbp2P2/2B1P3/1P6/P1P2QPP/R3K2R w KQ -,e7f8 a5c4 b3c4 b5c4 f8g7 b6a5 f2d2 a5d2 e1d2 g8g7,325
r2qkbnr/pp3ppp/2b5/4p3/1PQ2B2/2N5/P1P2PPP/R3KB1R w KQkq -,f4e5 d8e7 f2f4 g8f6 e1a1 f6g4 e5d4 g4e3 d4e3 e7e3,174
2k5/8/2p5/2Kp4/PP6/8/8/8 w - -,,0
r1bqkb1r/3n1ppp/2n1p3/pp1pP3/2pP4/1PP2N2/P2N1PPP/R1BQKB1R w KQkq -,a2a4 b5b4 c1b2 d7b6 b3c4 d5c4 d2c4 b6d5 a1c1 c8a6,-14
r1b2rk1/ppp2pp1/4p2p/3q4/3PQ3/2P2N2/P1P2PPP/R4RK1 w - -,e4d5 e6d5 f1e1 c8f5 e1e5 f5e6 f3d2 f8d8 d2f1 d8d6,-30
3q1rk1/2p1n1pp/2r1p3/1b3p2/3Pn3/1P2PN2/PBQ2PPP/R2R2K1 w - -,c2b1 e7d5 d1e1 d5b4 b2a3 e4c3 a3b4 c3b1 a2a4 b5a6,-354
r1bqk2r/pp2nppp/2p5/2b5/4PP2/1B1p4/PPP3PP/RNB1QRK1 w kq -,e1e3 c5e3 c1e3 c8e6 f1d1 e6b3 a2b3 e7d5 e4d5 d3c2,-523
8/2k5/2p5/P1Kp4/1P6/8/8/8 w - -,,0
8/8/8/2R5/1K1k4/8/2P5/6r1 w - -,c2c3 d4d3 c5d5 d3c2 c3c4 g1b1 b4c5 c2c3 d5h5 c3b3,528
r1bqkb1r/3n1ppp/2n1p3/p2pP3/PppP4/1PP2N2/3N1PPP/R1BQKB1R w KQkq -,c1b2 d7b6 b3c4 d5c4 d2c4 b6d5 a1c1 c8a6 c4d6 f8d6,-8
r3kbnr/pp2qppp/2b5/4B3/1PQ5/2N5/P1P2PPP/R3KB1R w KQkq -,f2f4 g8f6 e1a1 f6g4 e5d4 g4e3 d4e3 e7e3 c1b2 f8e7,192
4r1k1/1pp2pbp/p3q1p1/3Rp1P1/8/4Q2P/PPP2P1B/2K5 w - -,e3d3 h7h5 d3b3 e6f5 b3e3 c7c6 d5d2 h5h4 c1b1 g7f8,-249
3q3r/3nrkbp/Pp2p1p1/2p3B1/2p1n3/2N4P/2Q2PP1/R3R1K1 w - -,c3e4 g7a1 e1a1 h7h6 g5e7 f7e7 a6a7 d8a8 e4c3 g6g5,276
r5k1/2R2ppp/Bp3n2/3ppb2/3P4/4P2P/PP1N1PP1/6K1 w - -,a6f1 e5d4 a2a3 d4e3 f2e3 a8b8 d2f3 f6e8 c7a7 e8d6,60
7r/1kp1r1p1/1p2p1n1/p3P3/P2BKPP1/1P6/8/4RR2 w - -,f1h1 h8e8 e1f1 e7f7 f1f3 f7d7 d4c3 c7c5 h1g1 b7c6,70
r4rk1/pp1bBppp/1q1p4/1Np2P2/2n1P3/1P6/P1P2QPP/R3K2R w KQ -,b3c4 d7b5 c4b5 b6a5 f2d2 a5d2 e1d2 f8e8 f5f6 g7f6,395
1r1q1rk1/ppp2ppp/4p3/4P2n/3p4/1Q1PP3/PP1N1PPP/3R1RK1 w - -,d1c1 d8e7 d2e4 f7f5 e5f6 h5f6 e3d4 f6d5 c1e1 b7b6,107
rnb1k1nr/pppp1ppp/8/2b1p1q1/2P1P1P1/7B/PP1P1P1P/RNBQK1NR w KQkq -,d2d4 c5b4 e1f1 g5g6 a2a3 b4e7 b1c3 d7d6 f2f4 e5f4,39
3q1rk1/2p3pp/2r1p3/1b1n1p2/3Pn3/1P2PN2/PB3PPP/RQ1R2K1 w - -,d1e1 d5b4 b2a3 e4c3 a3b4 c3b1 b4f8 d8f8 e1b1 f8a3,-364
rn2kb1r/3q1ppp/1pp1p3/8/3P1B2/5Q2/1P3PPP/R4RK1 w kq -,a1a8 f7f6 f4b8 d7d5 f3d5 c6d5 b8d6 e8f7 d6f8 h8f8,596
3r2k1/2p2ppp/p3q3/1p6/2prP3/P1P1Q3/1P3PPP/3R2K1 w - -,,0
r2q1rk1/ppp1ppbp/n4np1/1N1p4/3P1Bb1/4PN2/PPP2PPP/R2QKB1R w KQ -,b5c3 a6b4 f1e2 c7c5 e1h1 c5d4 e3d4 a8c8 a2a3 b4c6,-29
8/3q2k1/Q4pp1/P6p/4P2P/2bP2P1/7K/3r4 w - -,b5c3 a6b4 f1e2 c7c5 e1h1 c5d4 e3d4 a8c8 a2a3 b4c6,Mate
8/7k/P3p3/6r1/4P3/5P1P/5K2/R7 w - -,b5c3 a6b4 f1e2 c7c5 e1h1 c5d4 e3d4 a8c8 a2a3 b4c6,Mate
5rk1/3r1p2/p4R2/1p1qQ1pN/6Pn/2P5/PP3R1K/8 w - -,e5d5 d7d5 f6a6 d5d3 h5f6 g8g7 a6b6 h4f3 h2g2 f3h4,112
rn1qk2r/pbp1bppp/1p3n2/3p4/2P5/2NB1N2/PP3PPP/R1BQR1K1 w kq -,d1e2 b8c6 c4d5 c6b4 d3b5 e8f8 c1g5 f6d5 e2c4 d8d6,204
1k1r4/1bp2pp1/p2b1q2/1p5r/5p2/1P1PN1P1/1PP5/R1B2RK1 w - -,d1e2 b8c6 c4d5 c6b4 d3b5 e8f8 c1g5 f6d5 e2c4 d8d6,Mate
r1b1k2r/p3ppb1/1qpp2pp/8/4P1nB/2N2P2/PPPQ2PP/R3KB1R w KQkq -,a1b1 g6g5 h2h3 g4h2 h4f2 h2f1 h1f1 b6b4 c3e2 b4d2,-57
2b5/r4k2/p1p2Bp1/4Pp2/8/P7/5P1P/1R4K1 w - -,f2f4 a7b7 b1b7 c8b7 g1f2 f7e8 f2g3 b7c8 g3h4 c8e6,7
1r6/RN4pk/3Npn1p/2P5/p2n4/P5P1/5PKP/8 w - -,a7a4 d4c6 a4a6 c6d4 c5c6 f6d5 h2h4 h7g6 b7a5 b8b2,310
8/8/8/2R5/1K6/2Pk4/8/6r1 w - -,c5d5 d3c2 c3c4 g1b1 b4c5 c2b3 d5d3 b3a4 d3d8 b1c1,531
6B1/7p/2b3p1/2Pp2P1/4p3/8/3k1K2/8 w - -,c3c4 g1b1 b4a5 d3d4 c5c7 b1c1 a5b5 c1b1,Mate
1k1r4/1bp2pp1/p2b1q2/1p4pr/8/1P1PN1P1/1PP2P2/R1B2RK1 w - -,c3c4 g1b1 b4a5 d3d4 c5c7 b1c1 a5b5 c1b1,Mate
3q1rk1/2p3pp/2r1p3/1b3p2/3Pn3/1Pn1PN2/PB3PPP/RQR3K1 w - -,c1c3 e4c3 b2c3 c6c3 b1b2 c3c6 f3e5 c6d6 a2a4 b5a6,-330
1r3rk1/ppp2ppp/4p3/4P2n/3q4/1Q1P4/PP1N1PPP/3R1RK1 w - -,f1e1 b8d8 d2f3 d4g4 h2h3 g4f5 e1e4 c7c5 b3b7 d8b8,53
2k5/8/P1p5/2Kp4/1P6/8/8/8 w - -,f1e1 b8d8 d2f3 d4g4 h2h3 g4f5 e1e4 c7c5 b3b7 d8b8,Mate
3r2k1/6p1/pR5p/1p3p2/1P3Q2/P3P2P/5PP1/q5K1 w - -,g1h2 a1a3 b6b7 a3c3 f4f5 g8h8 f5g6 d8f8 f2f4 c3f6,307
4r2r/1kp3p1/1p2p1n1/p3P3/P2BKPP1/1P6/8/4R2R w - -,e1g1 h8h1 g1h1 e8f8 f4f5 e6f5 g4f5 g6e7 h1f1 f8h8,140
rn1qk2r/1bpp1ppp/p3pn2/1p6/1b1PP3/2N2N2/PPPBQPPP/R3KB1R w KQkq -,e4e5 b4c3 b2c3 f6e4 e2e3 f7f5 f1d3 b8c6 d3e4 f5e4,23
3r2k1/6p1/pR5p/1p3p2/1P3Q2/q3P2P/5PPK/8 w - -,b6b7 a3c3 f4f5 g8h8 f5g6 d8f8 f2f4 c3f6 g6e4 f8f7,317
3q1rk1/2p3pp/2r1p3/1b3p2/3P4/1Pn1PN2/P4PPP/RQR3K1 w - -,c1c3 c6c3 b1e1 c3c2 e1b1 c2e2 a2a4 b5a6 b3b4 d8d6,-352
r2q1rk1/pp1b1pb1/3p1np1/2pPn2p/P3P3/2N1BPN1/1P2B1PP/R2QK2R w KQ -,e1h1 f6h7 h2h3 h5h4 g3h1 f7f5 d1d2 e5f7 h1f2 f8e8,40
r2qk2r/p2bnpbp/1pn1p1p1/2NpP1B1/1P1P2P1/P2B1N1P/5P2/2RQ1RK1 w kq -,c5b7 d8b8 b7d6 e8f8 d3b5 h7h6 g5e7 c6e7 b5d7 f8g8,583
1k6/8/P1p5/2Kp4/1P6/8/8/8 w - -,g5e7 d8e7 c5d7 e7d7 d3b5 a8c8 d1a4 e8h8 c1c6 c8c6,Mate
3q1rk1/2p3pp/4p3/1b3p2/3P4/1Pr1PN2/P4PPP/RQ4K1 w - -,h2h4 b5a6 b1b2 c3c6 f3e5 c6d6 f2f4 d8h4 a1c1 a6b7,-358
r1bqkbnr/pp1ppp2/2n3pp/2p5/4P3/3P1N2/PPP1BPPP/RNBQK2R w KQkq -,d3d4 c5d4 f3d4 f8g7 c1e3 g8f6 b1c3 d7d6 d4b3 a7a6,29
r3k2r/pppq1ppp/3p1nn1/3P4/N1PQPP2/5K2/PPB5/R1B2R2 w kq -,d4g1 h7h5 a4c3 d7g4 f3e3 e8a8 c1d2 d8e8 g1g4 h5g4,303
8/8/8/3R4/1K6/2P5/2k5/6r1 w - -,c3c4 g1b1 b4c5 c2c3 d5h5 c3b3 h5h3 b3a4 h3h8 b1c1,531
r1bqk2r/p3b1pp/4p3/1Pp1n1N1/3pN1n1/8/PP3PPP/R1BQKB1R w KQkq -,h2h3 g4f6 e4f6 e7f6 d1h5 g7g6 h5h6 c8b7 g5h7 h8h7,-159
rnbq1rk1/pp5p/5b1Q/2pp3p/3P4/3B4/PP3PPP/R1B1R1K1 w - -,h2h3 g4f6 e4f6 e7f6 d1h5 g7g6 h5h6 c8b7 g5h7 h8h7,Mate
8/2Q5/8/8/5K2/8/8/1k6 w - -,h2h3 g4f6 e4f6 e7f6 d1h5 g7g6 h5h6 c8b7 g5h7 h8h7,Mate
5r1k/pR2R1pp/1p6/8/3p4/7P/Pr3PP1/6K1 w - -,f2f3 f8g8 e7d7 b2a2 d7d4 a2a5 g1h2 b6b5 d4d6 a7a6,3
r1bqkb1r/pp1ppp2/2n2npp/2p5/4P3/3P1N2/PPP1BPPP/RNBQ1RK1 w kq -,e4e5 f6d5 b1c3 d5c3 b2c3 f8g7 d3d4 c5d4 c3d4 d7d6,24
3q1rk1/6pp/4p3/1bp1Np2/3P4/1Pr1P3/P4PPP/RQ4K1 w - -,a2a4 b5a6 d4c5 c3c5 e5f3 a6b7 b3b4 c5c4 b4b5 d8f6,-402
r2q1rk1/ppp1bppp/2n2n2/3p4/2PP2b1/3BBN2/PP3PPP/RN1QR1K1 w - -,d3f1 d5c4 b1c3 g4e6 f3g5 e6d5 g5f3 e7b4 e3g5 b4c3,-39
K6R/PR2PPBP/qPn2NP1/3p4/4p3/1p6/1k3ppp/r7 w - -,f6d5 b2b1 e7e8q f2f1q f7f8q h2h1q e8c6 g2g1q f8f1 g1f1,535
r3kbnr/pp2q1pp/2b2p2/4B3/1PQ2P2/2N5/P1P3PP/R3KB1R w KQkq -,b4b5 c6d7 c3d5 e7a3 d5c7 e8d8 c7a8 f6e5 c4c7 d8e8,310
r1bq1rk1/pp3pp1/4p2p/2pn4/1bBP4/2N2N2/PPPQ1PPP/R3K2R w KQ -,c4d5 e6d5 e1h1 c5c4 a1e1 c8f5 e1e3 d8b6 d2c1 a8d8,-52
8/2k5/P1p5/2K5/1P1p4/8/8/8 w - -,,0
6k1/2p2ppp/p2rq3/1p6/2pRP3/P1P1Q3/1P3PPP/6K1 w - -,,0
3r2k1/1R4p1/p6p/1p3p2/1P3Q2/4P2P/1q3PPK/8 w - -,f4f5 g8h8 f5g6 d8f8 f2f4 b2f6 g6e4 f8f7 b7f7 f6f7,317
r1b1k2r/p3ppb1/2pp2pp/8/N3P1nB/4qP2/PPPQ2PP/R3KB1R w KQkq -,d2e2 c8a6 e2e3 g4e3 f1a6 e3g2 e1e2 g2h4 a6b7 a8b8,-123
3q1rk1/6pp/4p3/1b2Np2/3p4/1Pr1P3/PQ3PPP/R5K1 w - -,h2h3 d8c7 e3d4 c3c2 b2a3 f8c8 h3h4 c2c1 a3c1 c7c1,-472
r2q1rk1/pp1b1pbn/3p2p1/2pPn2p/P3P3/2N1BPN1/1P2B1PP/R2Q1RK1 w - -,g3h1 f7f5 e4f5 g6f5 h1f2 d8e7 e3d2 a7a6 f2h3 h5h4,39
8/8/Pkp5/8/1P1K4/8/8/8 w - -,,0
8/8/8/3R4/1KP5/8/2k5/1r6 w - -,b4c5 c2b3 d5d3 b3a4 d3d8 b1e1 d8a8 a4b3 c5b5 e1b1,593
6k1/rbp3pp/1p1p2r1/p2Pppq1/P1P1n3/2P1PB1P/2Q2PPB/RR4K1 w - -,g1h1 e4c5 b1g1 g5h4 c2f5 h4c4 f5c2 b7d5 f3d5 c4d5,-189
r3kb1r/pp2qppp/2b2n2/4B3/1PQ2P2/2N5/P1P3PP/R3KB1R w KQkq -,e1a1 f6g4 c3b5 g4e5 c4c3 a7a5 b4a5 a8d8 d1e1 e7h4,195
r2qkbnr/pbpn1pp1/1p1p3p/3Pp3/2P1P3/3B4/PP2NPPP/RNBQ1RK1 w kq -,b1c3 f8e7 d3c2 e7g5 f2f4 e5f4 c1f4 g8f6 e2d4 e8h8,81
8/8/k1p5/8/1PK5/8/8/8 w - -,,0
7k/pR4Rp/1p6/8/3p4/7P/Pr3rP1/6K1 w - -,,0
r1bq1rk1/pppp1pp1/1bn2n1p/4p3/1PB1P3/2PP3N/P4PPP/RNBQ1RK1 w - -,g1h1 d7d5 e4d5 c6e7 a2a4 a7a5 c1a3 a5b4 a3b4 f6d5,-107
r1bqkb1r/pp1ppp2/2n2n1p/2p3p1/4P3/2NP1N2/PPP1BPPP/R1BQ1RK1 w kq -,e4e5 f6h7 c1e3 f8g7 e3c5 c6e5 f3e5 g7e5 d3d4 e5g7,88
r1bq1rk1/1pp1bppp/8/p7/1n6/1PNPB3/1PP1QPPP/R3K1NR w KQ -,e2d1 b7b6 g1e2 d8d7 e1h1 c8b7 f2f3 f7f5 d1d2 h7h6,-25
1n1q3r/p3rkbp/2B1pnp1/PPp3B1/2p5/2N4P/2Q2PP1/R3R1K1 w - -,c6f3 h8e8 a1a4 f7g8 a5a6 d8d3 c2c1 f6d7 e1e3 d3d6,311
8/1k6/2p5/2K5/1P6/8/8/8 w - -,,0
r1bqk2r/pp3ppp/1b2pn2/8/1PBn1B2/P1NQ1N2/5PPP/R3K2R w KQkq -,e1a1 d4c6 d3e2 c8d7 f4g5 h7h6 g5h4 g7g5 h4g3 e8h8,35
rnbqr3/pp3ppk/8/2pp2b1/3P3P/2N1P3/PP3PP1/R2QK2R w - -,g2g4 g5e3 f2e3 h7g8 g4g5 c5d4 d1d4 b8c6 d4f4 d5d4,-519
3r4/1pb2p2/p1p2Pnk/3qP3/6QP/8/PP3P2/R5KR w - -,g2g4 g5e3 f2e3 h7g8 g4g5 c5d4 d1d4 b8c6 d4f4 d5d4,Mate
r1b1kbnr/pp3ppp/2n1p3/q1pp4/2PP4/P3PN2/1P3PPP/RNBQKB1R w KQkq -,c1d2 a5d8 d4c5 f8c5 b2b4 c5b6 d2c3 g8f6 b1d2 e8h8,52
2r2rk1/ppqb1ppp/4p3/4b3/4N3/2PQn1P1/PP3PBP/R4RK1 w - -,d3e3 a7a5 f2f4 e5f6 e4f6 g7f6 f1d1 d7c6 d1d4 c6g2,-4
5rk1/2q3pp/4p3/1b2Np2/3p4/1Pr1P3/PQ3PPP/3R2K1 w - -,e3d4 c3c2 b2a1 f8c8 h2h4 c2c1 d1c1 c7c1 a1c1 c8c1,-500
r1b1k2r/p3ppb1/2pp2pp/8/N3P2B/4nP2/PPP3PP/R3KB1R w KQkq -,a1b1 e3c2 e1d2 c2d4 h4f2 a8b8 b2b3 h6h5 f1c4 c6c5,-190
3r4/1pb2p1k/p1p2Pn1/3qP1Q1/7P/8/PP3P2/R5KR w - -,a1b1 e3c2 e1d2 c2d4 h4f2 a8b8 b2b3 h6h5 f1c4 c6c5,Mate
r1bq1rk1/2p1bppp/1p6/p7/1n6/1PNPB3/1PPQ1PPP/R3K1NR w KQ -,e3f4 c8b7 g1f3 c7c5 e1h1 b7f3 g2f3 b4c6 g1g2 c6d4,-62
3rr1k1/ppqn1pp1/2pb1n1p/4p3/2PP4/6PP/PPQBNPB1/3R1RK1 w - -,b2b4 c7c8 a2a4 d7f8 d4e5 d6e5 d2e3 a7a6 d1d8 e8d8,54
7k/pRR4p/1p6/8/3p4/7P/Pr4r1/6K1 w - -,g1f1 b2f2 f1e1 f2a2 e1f1 a2f2 f1e1 f2f8 c7h7 h8g8,-5
6k1/2p2ppp/p2r4/1p2q3/2pRP3/P1P1QP2/1P4PP/6K1 w - -,,0
rn2kbnr/pp2ppp1/1qp3bp/3p4/3PP2B/2N2P2/PPP3PP/R2QKBNR w KQkq -,f1d3 b8d7 g1e2 d5e4 c3e4 e7e5 e1h1 e5d4 g1h1 g6e4,46
5rk1/2q3pp/4p3/1b2Np2/3P4/1P6/PQr2PPP/3R2K1 w - -,b2a1 f8c8 h2h4 c2c1 d1c1 c7c1 a1c1 c8c1 g1h2 b5e8,-508
8/8/8/2KR4/2P5/2k5/8/1r6 w - -,d5h5 b1c1 h5h3 c3b2 c5b5 b2c2 h3h8 c2c3 c4c5 c1b1,593
r1bq1rk1/2ppbpp1/p1n2n1p/1p2p1N1/4P3/1B6/PPPP1PPP/RNBQR1K1 w - -,g5f3 c8b7 d2d3 f8e8 a2a4 c6a5 b3a2 e7f8 h2h3 b5b4,-17
8/4k3/2p5/3p4/1P1K4/8/P7/8 w - -,,0
r1bq1rk1/pp2npp1/2n1p3/b2p2N1/2PP1B2/P1N5/1P3PPP/R2QK2R w KQ -,a2a3 e7d6 a3a4 d6d7 d4c5 d7c8 a4a5 c8c7 b4b5 c6b5,Mate
r1bqkbnr/ppp2ppp/2np4/8/3pN3/5N2/PPP1PPPP/R1BQKB1R w KQkq -,f3d4 d6d5 e4c3 g8f6 c1g5 f8e7 e2e3 c6d4 e3d4 c7c6,-32
1q3b1r/p3kppp/2Q1p3/8/3P4/8/1P3PPP/R4RK1 w - -,d4d5 e7f6 d5e6 f8d6 e6f7 h8d8 c6f3 f6e7 a1e1 e7f8,625
7k/pRR4p/1p6/8/3p4/7P/P4rr1/5K2 w - -,f1e1 f2a2 e1f1 a2f2 f1e1 h8g8 b7a7 f2f8 c7d7 d4d3,-7
r4r1k/1p2nBpb/1p1q3p/1P2N2P/4p1P1/8/P1P1QP2/R4RK1 w - -,f2f4 e4f3 e2e3 a8a4 c2c4 a4a3 e3f4 d6c5 g1h1 a3e3,-185
5rk1/6pp/4p3/1b2Np2/3P4/1Pq5/P1r2PPP/1Q1R2K1 w - -,b1a1 f8c8 h2h4 c3a1 d1a1 c2c1 a1c1 c8c1 g1h2 b5e8,-516
6k1/2p2ppp/p2q4/1p6/2p1P3/P1P1QP2/1P4PP/6K1 w - -,,0
r1bq1rk1/2p1bpp1/p1np1n1p/1p2p3/4P3/1B3N2/PPPP1PPP/RNBQR1K1 w - -,c2c3 f8e8 b3c2 e7f8 d2d4 c8g4 d4d5 c6e7 h2h3 g4d7,-19
r4rk1/1p1b1p1n/pq1p2pQ/2pPn3/P3P3/2N2PPp/1P2B2P/R4RKN w - -,a1b1 c5c4 h1f2 b6d4 b1d1 d4c5 f3f4 e5g4 e2g4 d7g4,48
6k1/1pb2p2/p1p2PnQ/4P3/7P/8/PP3P2/3r2KR w - -,h6d2 b6b3 f3f4 e5c4 d2c1 b7b5 h1f2 f8e8 f1e1 b3b2,Mate
r1bq1rk1/2p1bpp1/p2p1n1p/np2p3/4P3/1B3N1P/PPPP1PP1/RNBQR1K1 w - -,d2d3 c8b7 c1d2 a5b3 a2b3 f6h7 b1c3 f7f5 c3d5 d8d7,-56
1q3b1r/p3kppp/2Q5/3Pp3/8/8/1P3PPP/R4RK1 w - -,d2d3 c8b7 c1d2 a5b3 a2b3 f6h7 b1c3 f7f5 c3d5 d8d7,Mate
7k/pRR4p/1p6/8/3p4/7P/P3r1r1/4K3 w - -,e1d1 e2a2 c7c8 g2g8 c8g8 h8g8 b7d7 h7h5 d7d4 g8f7,-497
8/3k4/2p5/2Kp4/1P6/8/P7/8 w - -,,0
6k1/1pb2p2/p1p2P1Q/4P3/5n1P/8/PP3PK1/3r3R w - -,b4b5 c6b5 c5d5 b5b4 d5c5 d7c7 c5b4 c7b6 a2a3 b6b7,Mate
8/8/8/2K4R/2P5/1k6/8/1r6 w - -,h5h3 b3a4 h3h8 b1c1 h8c8 c1c3 c8a8 a4b3 a8b8 b3c2,593
5rk1/1R4p1/p6p/1p3Q2/1P6/4P2P/1q3PPK/8 w - -,f5d5 g8h7 d5e4 h7g8 f2f4 b2c3 b7a7 c3f6 a7c7 f6b6,337
rn2kbnr/pp3pp1/1qp1p1bp/3p4/3PP2B/2NB1P2/PPP3PP/R2QK1NR w KQkq -,g1e2 d5e4 c3e4 g6e4 f3e4 f8e7 h4f2 g8f6 e2g3 c6c5,65
5rk1/6pp/4p3/4Np2/P2P4/1Pq5/2r1bPPP/1Q1R2K1 w - -,d1e1 f8c8 e5c4 e2c4 b3c4 c3c4 b1d1 c2c1 d1d2 c1e1,-708
2r5/k6p/1b4p1/p1r2p2/5P2/2BP2P1/1K2R2P/2R5 w - -,e2e7 a7a6 e7e6 c8c7 e6b6 a6b6 c3d4 b6b5 d4c5 c7c5,-33
4r2k/pNp3pp/1p6/4b3/2P3n1/2N1B2q/PP3PP1/R6K w - -,g2h3 g4e3 f2e3 e5c3 b2c3 e8e3 a1f1 h7h5 h1g2 e3c3,53
8/2k5/2p5/2Kp4/PP6/8/8/8 w - -,,0
r4rk1/1p1b1p1n/p2p2p1/2pPn3/Pq2P3/2N1QPPp/1P2B2P/R4RKN w - -,h1f2 b7b5 f1d1 b5a4 f3f4 e5c4 e2c4 b4c4 e4e5 a8b8,46
r2qkb1r/pp1npppp/2p1b3/3pN1P1/3Pn3/4P3/PPPN1P1P/R1BQKB1R w KQkq -,f2f3 e4d2 c1d2 d7e5 d4e5 g7g6 d2c3 h7h6 g5h6 f8h6,-54
4r2k/pNp3pp/1p6/4b3/2P5/2N1n2P/PP3P2/R6K w - -,f2e3 e5c3 b2c3 e8e3 h1g2 e3c3 c4c5 b6c5 b7d8 c5c4,52
4rk2/pQ6/3pBp1p/2pP4/2P3Pq/8/P3r1K1/5R2 w - -,g2f3 h4h3 f3e2 h3g2 e2e3 e8e6 d5e6 g2b7 f1f6 f8e8,Mate
7k/pRR4p/1p6/8/3p4/7P/r5r1/3K4 w - -,c7c8 g2g8 c8g8 h8g8 b7d7 h7h5 h3h4 a2h2 d7d4 g8f7,Mate
2b3k1/r1p3pp/1p1p2r1/p2Pp1q1/P1P1p3/2P1P1BP/2Q2PP1/RR4K1 w - -,g1h2 h7h5 h3h4 g5g4 c4c5 b6c5 b1b8 g6f6 a1h1 a7b7,-42
r1bqkbnr/ppp2ppp/3p4/8/3nN3/8/PPP1PPPP/R1BQKB1R w KQkq -,,0
6k1/1pb2p2/p1p2P2/4P3/3r1Q1P/8/PP3PK1/7R w - -,d1d4 d6d5 e4c3 c8e6 e2e4 g8f6 c1f4 d5e4 d4d8 e8d8,Mate
4r2k/pNp3pp/1p6/8/2P5/2b1P2P/PP6/R6K w - -,b2c3 e8e3 h1g2 e3c3 c4c5 b6c5 a2a4 c5c4 a4a5 c3c2,59
5r1k/1R4p1/p6p/1p1Q4/1P6/4P2P/1q3PPK/8 w - -,f2f4 b2f6 d5e4 f8f7 b7f7 f6f7 e4a8 h8h7 a8a6 f7c4,339
r1b1k2r/1pqnbp2/p2pp2p/4n3/3NPBP1/2N4P/PPP1Q1B1/1K1R3R w kq -,d4f5 b7b5 f5e7 e8e7 d1d4 b5b4 d4b4 a6a5 b4d4 c8a6,146
5k2/1pb2p2/p1p2P2/4P3/3Q3P/8/PP3PK1/7R w - -,h3h4 b7b5 g4g5 b5b4 c3d5 e6d5 e4d5 h6g5 h4g5 h8h1,Mate
6kr/pp1r1pp1/1b1Pp2p/2p1Pb1P/2B3q1/PPB5/4Q1P1/R4RK1 w - -,f1f5 g4e2 c4e2 e6f5 e2b5 d7d8 b5c4 g8f8 a3a4 a7a6,214
7k/pNp3pp/1p6/8/2P5/2P1r2P/P7/R6K w - -,a1d1 h7h5 h1g2 e3c3 c4c5 h8h7 h3h4 b6c5 d1d5 c3c2,46
r1bqkb1r/ppp2ppp/5n2/3p4/3Q4/2N5/PPP1PPPP/R1B1KB1R w KQkq -,c1g5 f8e7 e1a1 e8h8 c3d5 f6d5 g5e7 d8e7 d4d5 c8g4,19
8/3b2k1/1r4p1/1B5p/4p2P/4P1P1/7K/1R6 w - -,b5c6 b6b1 c6d7 b1e1 g3g4 e1e3 g4h5 g6h5 d7e8 g7f6,-476
1r3rk1/p2bn1bp/3pppp1/1pp2P2/q3P1P1/P1PPN3/1P1N1QBP/2R2RK1 w - -,f2g3 a4a6 c1e1 a6b6 g1h1 b6c7 d2f3 a7a5 d3d4 c5d4,35
r1b1k1nr/ppp1qppp/2n1p3/3p4/1bPP4/2N1P1B1/PP3PPP/R2QKBNR w KQkq -,c4d5 e6d5 g1e2 c8e6 e2f4 g8f6 a1c1 f6e4 d1a4 b4c3,104
6k1/pR5R/1p6/8/3p4/7P/r5r1/3K4 w - -,a1c1 g8f6 c4d5 f6d5 f1b5 d5c3 b2c3 b4a3 c1b1 e8h8,Mate
r1bq1rk1/pp3pp1/7p/2pp4/1b1P4/2N2N2/PPPQ1PPP/R3K2R w KQ -,e1h1 c5c4 a1e1 c8f5 e1e2 f5h7 a2a3 b4a5 b2b4 c4b3,-46
8/8/8/2K5/k1P5/7R/8/1r6 w - -,h3h8 b1c1 h8c8 c1c3 c8a8 a4b3 a8b8 b3c2 c5d5 c3d3,593
7k/pNp3p1/1p6/7p/2P5/2P1r2P/P7/3R3K w - -,h1h2 e3c3 c4c5 h8h7 a2a4 c3c2 h2g1 c2c3 g1g2 c3c2,35
r4r1k/1p3Bpb/1p1q2np/1P5P/4p1P1/8/P1P1QP2/R4RK1 w - -,h5g6 h7g6 a1d1 d6f6 f7d5 f6g5 f2f4 f8f4 f1f4 g5f4,-253
r2qkb1r/pp1npppp/2p5/3pNbP1/3PnP2/4P3/PPPN3P/R1BQKB1R w KQkq -,d2e4 f5e4 h1g1 d7e5 f4e5 e7e6 f1d3 h7h6 d3e4 d5e4,-68
5r1k/1R4p1/p6p/1p1Q4/1q3P2/4P2P/6PK/8 w - -,d5e5 f8g8 b7b6 h8h7 b6a6 b4b3 a6b6 b3f7 e5b5 g8d8,372
2r3k1/1R3ppp/p1N1p3/3pPb2/q7/7P/P5P1/2Q3K1 w - -,c6e7 g8f8 c1c8 a4e8 c8c5 h7h5 e7f5 f8g8 f5d6 e8f8,1269
2r3k1/6pp/4p3/4Np2/P2P4/1Pq5/2r1bPPP/1Q2R1K1 w - -,e5c4 e2c4 b3c4 c3c4 g2g3 c2c1 e1c1 c4c1 b1c1 c8c1,-739
r5k1/pp1bB1pp/2qp1p2/2p2P2/2P1P3/8/P1P2QPP/R3K2R w KQ -,e1a1 a8e8 e7d6 e8e4 f2c5 c6c5 d6c5 d7f5 d1d8 g8f7,509
r1bq1rk1/pp3ppp/1bn1pn2/1N6/1PBP1B2/P4N2/5PPP/R2QK2R w KQ -,f4e3 a7a5 e1h1 a5b4 a3b4 a8a1 d1a1 c8d7 b5c3 c6b4,-64
r2q1rk1/1bp1bpp1/p2p1n1p/1p2p3/4P3/1PN2N1P/1PPP1PP1/R1BQR1K1 w - -,d2d4 b5b4 c3d5 f6e4 d4e5 d6e5 e1e4 b7d5 e4e5 d5e6,-33
r4r1k/1p3Bp1/1p1q2bp/1P6/4p1P1/8/P1P1QP2/R4RK1 w - -,a1d1 d6f6 f7d5 f6g5 f2f4 f8f4 f1f4 g5f4 g1g2 e4e3,-271
3q3r/p2nrkbp/4pnp1/PPp3B1/2p1B3/2N4P/2Q2PP1/R3R1K1 w - -,e4f3 d8b8 c2e2 h8d8 a1a4 b8c7 b5b6 a7b6 a5a6 h7h6,303
6k1/1p2r3/p1p2bp1/8/4p3/1P2R1B1/1PP2P2/2K5 w - -,g3d6 e7e6 d6f4 g8f7 e3e2 g6g5 f4e3 e6e8 e3b6 f7g6,-160
4rk2/pQ6/3pBp1p/2pP4/2P3P1/5K1q/P3r3/5R2 w - -,f3e2 h3g2 e2e3 e8e6 d5e6 g2b7 g4g5 b7g2 f1f6 f8e7,Mate
3rr1k1/ppqn1pp1/2pb1n1p/8/1PPp4/6PP/P1QBNPB1/3R1RK1 w - -,e2d4 d7f8 d4f5 d6e5 d2e3 f8e6 f2f4 e5d6 c2b2 a7a5,70
r4r1k/1p4p1/1p4qp/1P6/4p1P1/8/P1P1QP2/R4RK1 w - -,a1d1 f8f3 e2f3 e4f3 d1d4 g6c2 d4f4 a8a4 f4f3 a4g4,-660
2r3k1/6pp/4p3/4Np2/P2P4/1Pq4P/4bPP1/1Qr1R1K1 w - -,e1c1 c3c1 b1c1 c8c1 g1h2 c1b1 e5d7 b1b3 d7c5 b3b2,-518
6rk/1R4p1/p6p/1p2Q3/1q3P2/4P2P/6PK/8 w - -,b7b6 h8h7 b6a6 g8d8 a6a7 b4f8 e5b5 d8e8 b5b6 h7h8,385
r4rk1/pp2qpp1/2nbp2p/2p5/3PQ3/2P1BN1P/PP3PP1/R4RK1 w - -,f1e1 c5d4 f3d4 c6d4 e4d4 b7b6 a1d1 a8d8 d4c4 g8h7,16
rnbqkb1r/ppp2p1p/4p1p1/8/2BPp1Q1/8/PPP2PPP/R1B1K1NR w KQkq -,g4e4 b8d7 g1f3 d7f6 e4h4 f6d5 c1g5 f8e7 h4g4 e7g5,64
6k1/1b6/p2pp3/1p4p1/4Pq1p/P4N2/1PP1RKP1/4R3 w - -,e2e3 g5g4 f2g1 g4f3 e3f3 f4e5 e1f1 b7e4 f3f4 e4f5,-435
r2qr1k1/1bp1bpp1/p2p1n1p/1p2p3/1P2P3/2N2N1P/1PPP1PP1/R1BQR1K1 w - -,d2d3 e7f8 c1e3 e8e6 a1c1 d8d7 e3d2 a8d8 c3e2 d6d5,-75
4rk2/pQ6/3pBp1p/2pP4/2P3P1/8/P3K1q1/5R2 w - -,e2d1 g2f1 d1c2 f1g2 c2b3 e8e6 b7b8 e6e8 b8d6 f8f7,-830
2r3k1/6pp/4p3/4Np2/P2P4/1P5P/4bPP1/2q1R1K1 w - -,e1c1 c8c1 g1h2 c1b1 e5c6 b1b3 c6e7 g8f8 e7c6 b3b2,-539
7R/8/8/2K5/k1P5/8/8/2r5 w - -,h8c8 a4b3 c5b5 b3c3 c8h8 c1b1 b5c5 c3d3 h8h3 d3e2,593
2r5/8/2PRpk2/1N4pp/b1P5/8/2P2KPP/8 w - -,b5d4 f6f7 c4c5 g5g4 d6e6 a4c2 f2e3 h5h4 e3f4 c2b3,436
7k/pNp3p1/1p6/7p/2P5/2r4P/P6K/3R4 w - -,c4c5 h8h7 a2a4 c3c2 h2g1 c2c3 g1g2 c3c2 g2f3 c2c3,32
r3k2r/p1pq1ppp/1p1p1n2/3PnP2/N1PQP3/8/PPB1K3/R1B2R2 w kq -,a4c3 e8a8 c2a4 d7e7 c1g5 d8g8 a1e1 h7h5 a4c6 c8b8,292
1q1k1b1r/p4ppp/R1Q5/3Pp3/8/8/1P3PPP/5RK1 w - -,c1f4 f6g4 a4c3 e8a8 e2d2 d7e7 c2d1 h7h5 d1e2 c8b7,Mate
6k1/r1p3pp/1p1p2r1/p2Ppbq1/P1P1Q3/2P1P1BP/5PP1/RR4K1 w - -,h3h4 g5g3 f2g3 f5e4 b1b2 a7a8 c4c5 b6c5 c3c4 g6f6,-447
6k1/2p2ppp/p7/1p2P3/2p5/P1P1QP2/1P4PP/3q2K1 w - -,,0
5rk1/pp1b1ppp/1q1p4/1Np2P2/2n1P3/1P6/P1P2QPP/R3K2R w KQ -,b3c4 d7b5 c4b5 b6b5 f2d2 d6d5 e1f2 d5d4 d2d3 c5c4,700
6k1/6pp/4p3/4Np2/P2P4/1P5P/4bPP1/2r3K1 w - -,g1h2 c1b1 h2g3 b1b3 g3f4 b3b4 f4e3 e2a6 a4a5 b4a4,-543
6k1/2p2pp1/p7/1p2P2p/2p5/P1P1QP2/1P3KPP/3q4 w - -,,0
2r2rk1/1pqb1ppp/4p3/p3b3/4N3/2P1Q1P1/PP3PBP/R4RK1 w - -,f2f4 e5f6 e4f6 g7f6 a1d1 f8d8 d1d4 d7c6 f1d1 d8d4,-3
7k/pNp3p1/1p6/2P4p/8/7P/P1r4K/3R4 w - -,h2g3 h8h7 g3f4 b6c5 d1d5 c2a2 b7c5 h7h6 c5e4 a7a5,35
5k2/pQ6/3prp1p/2pP4/2P3P1/8/P3KRq1/8 w - -,d5e6 g2b7 f2f6 f8e8 f6f7 b7a6 a2a4 a6c4 e2d2 c4a4,Mate
6k1/6pp/4p3/4Np2/P2P4/1P5P/4bPPK/1r6 w - -,g2g4 f5g4 h3g4 b1b3 a4a5 b3a3 e5c6 e2b5 d4d5 e6d5,-542
6r1/6pk/pR5p/1p2Q3/1q3P2/4P2P/6PK/8 w - -,b6a6 b4b1 a6b6 g8d8 b6b5 b1g6 e5f5 d8d3 f5g6 h7g6,390
r1bq1rk1/pp3pp1/7p/3p4/1bpP4/2N2N2/PPPQ1PPP/R4RK1 w - -,a1e1 c8f5 e1e2 f5h7 a2a3 b4a5 b2b4 c4b3 c2b3 h7e4,-42
4r3/1kp1r1p1/1p2p1n1/p3P2p/P2BKPP1/1P5P/8/4RR2 w - -,d4b2 h5g4 h3g4 b7c8 f1g1 c8b7 g1g3 b7a6 b2c3 a6b7,87
3q3r/3nrkbp/1p2pnp1/P1p3B1/2p1B3/2N4P/2Q2PP1/R3R1K1 w - -,a5a6 f6e4 c3e4 g7a1 e1a1 h7h6 g5e7 f7e7 a6a7 d8a8,301
6k1/6pp/4p3/P3Np2/3P4/1r5P/4bPPK/8 w - -,g2g4 f5g4 h3g4 b3a3 f2f4 a3a5 e5c6 a5a2 h2g3 a2a3,-558
r2qkb1r/ppp2ppp/8/3p1b2/3QN3/8/PPP2PPP/R1B1KB1R w KQkq -,d4e5 f5e6 e4g5 d8d6 e5d6 f8d6 g5e6 f7e6 f1e2 e8h8,397
7k/pNp3p1/8/2p4p/8/6KP/P1r5/3R4 w - -,d1d5 h8h7 b7c5 c2a2 d5h5 h7g6 h5h4 a2a3 g3g4 a3a1,81
r3k2r/p1qb1pbp/2pp1pp1/8/2B1P3/2N5/PPP2PPP/R2Q1RK1 w kq -,d1d3 a8d8 h2h3 e8h8 a1d1 d7c8 c4a6 c8e6 a6c4 f6f5,-24
3r1rk1/p3n1bp/3pbpp1/1pp5/q3P1P1/P1PPN1Q1/1P1N2BP/2R2RK1 w - -,e3d5 e6d5 e4d5 f6f5 c1e1 f8f7 g2h3 g7e5 g3g2 a4c2,-21
4b1k1/1p1rqp1p/4p1p1/4P3/P7/1P1p2P1/5QBP/3R3K w - -,f2f3 e7d8 h2h4 d3d2 h1h2 d8c7 f3e2 c7c3 h4h5 h7h6,-215
r1bqkb1r/pp1npppp/2p2n2/3pB3/3P4/4PN2/PPP1BPPP/RN1QK2R w KQkq -,c2c4 d5c4 e2c4 d7e5 f3e5 e7e6 b1c3 f8d6 f2f4 e8h8,39
rnbqk2r/ppp2pbp/4p1p1/8/2BPQ3/8/PPP2PPP/R1B1K1NR w KQkq -,g1f3 b8d7 e1h1 h7h6 c1f4 e8h8 e4e3 d7f6 f3e5 g6g5,74
r1b1k2r/1pqnbp2/p2pp2p/8/3nPBP1/2N4P/PPP1Q1B1/1K1R3R w kq -,e2e3 d4b5 c3b5 a6b5 f4h6 c7a5 a2a3 b5b4 d1d3 a5b6,-332
7k/pNp3p1/8/2pR3p/8/6KP/r7/8 w - -,d5h5 h8g8 h5c5 g8h7 b7d8 h7g6 d8e6 g6f6 e6d4 a7a5,134
6k1/r1p3pp/1p1p2r1/p2Pp3/P1P4B/2P1P2b/5PP1/RR4K1 w - -,g1h2 h3f5 f2f3 f5b1 a1b1 g6h6 h2g3 g7g5 h4g5 h6g6,-260
r2qk2r/ppp2ppp/3b4/3p1b2/3QN3/5P2/PPP3PP/R1B1KB1R w KQkq -,d4g7 d5e4 c1g5 f7f6 g7h8 e8d7 h8d8 a8d8 g5e3 e4f3,490
r4rk1/p1qb1pbp/2pp1pp1/8/2B1P3/2N5/PPP2PPP/R2QR1K1 w - -,d1d2 a8d8 a1d1 d7c8 c4d3 h7h5 b2b4 f8e8 a2a3 e8e7,-27
6k1/3N2pp/4p3/P4p2/3P4/r6P/4bPPK/8 w - -,d7c5 e2c4 g2g4 a3a5 h2g3 a5a2 f2f3 a2d2 g4f5 e6f5,-576
2kr3r/p1p1qppp/1p1p4/3PnP1n/B1PQP3/2N1B3/PP2K3/R4R2 w - -,e2d1 h5f6 e3g5 h7h5 g5h4 d8g8 a4b5 g7g5 f5g6 g8g6,355
3k1b1r/p1q2ppp/R1Q5/3Pp3/8/8/1P3PPP/R5K1 w - -,f1f2 e7h4 e2d2 h5f6 d2c2 f6g4 f2f1 h4h2 c2b3 g4e3,Mate
6k1/1p2r3/p1p3p1/4bpP1/4pB2/1P2R3/1PP2P2/2K5 w - -,f4e5 e7e5 e3h3 f5f4 h3h4 e4e3 f2e3 f4e3 c1d1 e5g5,-361
k6r/pp4pp/2qB4/8/1P1p4/P2P3P/6P1/5QK1 w - -,d6e5 c6d7 f1f2 h8d8 f2h4 g7g6 e5g3 d8g8 a3a4 g6g5,-257
2b2rk1/r1q1nppp/p1npp3/1p6/4PPP1/1NNBQ3/PPP4P/R3K2R w KQ -,d3b5 a6b5 c3b5 c7b8 b5a7 c6a7 e1a1 a7c6 a2a3 h7h6,6
6k1/6pp/8/P1N1pp2/3P4/r6P/4bPPK/8 w - -,d4e5 a3a5 c5e6 a5e5 e6d4 f5f4 g2g3 f4g3 h2g3 e2a6,-556
8/6k1/1P3p2/5P2/8/8/8/7K w - -,d4e5 a3a5 c5e6 a5e5 e6d4 f5f4 g2g3 f4g3 h2g3 e2a6,Mate
6k1/5pp1/p7/1pp1P2p/2p2P2/P1P5/1P1Q1KPP/1q6 w - -,,0
7k/8/4nb2/8/5P1P/8/6P1/5R1K w - -,,0
8/1P3k2/5p2/5P2/8/8/8/7K w - -,g2g3 h8g8 f1b1 g8f7 b1b7 f6e7 h1h2 e6d4 h2g2 d4f5,Mate
r1kq3r/1p3ppp/p2p4/1B1p1b2/8/4QP2/PPP3PP/R1B2RK1 w - -,b5d3 f5g6 f3f4 h8e8 e3h3 f7f5 d3f5 c8c7 h3c3 c7b8,529
6k1/6pp/8/r1N1Pp2/8/7P/4bPPK/8 w - -,c5b3 a5e5 b3d4 e2a6 f2f4 e5d5 d4f3 d5d3 f3e5 d3d2,-574
r2qrbk1/1bp2pp1/p2p1n1p/1p2p3/1P2P3/2NP1N1P/1PP2PP1/R1BQR1K1 w - -,c1e3 e8e6 a1c1 d8e8 f3d2 d6d5 e3c5 f8c5 b4c5 b5b4,-71
3k1b1r/R4ppp/2q5/3Pp3/8/8/1P3PPP/R5K1 w - -,c1e3 e8e6 a1c1 d8e8 f3d2 d6d5 e3c5 f8c5 b4c5 b5b4,Mate
6k1/p2b2pp/2p1p3/3p3r/3P3q/2R1QP2/PP3P1P/6RK w - -,e3f4 h4f4 g1g3 f4h4 g3g2 h4d4 f3f4 g8f7 c3g3 g7g6,-653
8/r2b1k2/pRp2Bp1/4Pp2/8/P7/5P1P/6K1 w - -,g1g2 c6c5 f6g5 c5c4 b6f6 f7g7 g5e3 a7a8 e3d2 d7e8,35
8/5r2/K7/2R5/4k3/8/2P5/8 w - -,c5c8 f7f2 a6b6 e4d4 c2c3 d4d3 c3c4 f2b2 b6c5 b2c2,593
r1bqkbnr/pppp1p1p/2n1p3/6p1/4P3/5N2/PPPPQPPP/RNB1KB1R w KQkq -,h2h3 f8g7 c2c3 h7h6 d2d4 d7d6 b1a3 g8f6 g2g3 e6e5,43
r2r2k1/ppp2pb1/2n1b1pp/3Np3/2P1P3/1P2nN2/P3BPPP/R4RK1 w - -,f2e3 d8d7 f3e1 b7b6 a1c1 h6h5 e1d3 a8d8 b3b4 c6b8,-33
r1k4r/1pq2ppp/p2p4/1B1p1b2/8/2Q2P2/PPP3PP/R1B2RK1 w - -,b5d3 f5g6 c3g7 c7b6 g1h1 c8d7 c1f4 a8e8 g7f6 h8g8,539
8/1p6/1ppp3k/1P6/2P1K3/8/P7/8 w - -,e4f5 h6h7 f5e6 h7g8 e6d6 g8f8 d6d7 f8f7 d7c8 f7e6,1505
r1b1k2r/1pq1bp2/p2pp2p/4n3/3RPBP1/2N4P/PPP1Q1B1/1K5R w kq -,h1d1 b7b5 e2f2 c8b7 g2f1 a8c8 a2a4 b5a4 d4a4 c8b8,109
5k2/pQ6/3prp1p/2pP4/2P1q1P1/3K4/P4R2/8 w - -,a2a3 b7b5 h1d1 c8b7 e2f2 c7c5 f2g3 e5c4 e4e5 d6d5,Mate
6k1/3N2pp/8/rb2Pp2/8/7P/5PPK/8 w - -,d7b6 b5c6 e5e6 a5e5 f2f3 e5e6 h2g3 e6e2 h3h4 h7h6,-574
6rk/R3R1pp/1p6/3p4/8/7P/P2r1PP1/6K1 w - -,e7b7 d2b2 b7d7 b2d2 f2f4 d5d4 f4f5 d2d1 g1h2 h7h6,42
8/8/3k4/1P6/8/8/6K1/8 w - -,,0
r1k4r/1p3ppp/p2p4/3p1b2/8/2qB1P2/PPP3PP/R1B2RK1 w - -,d3f5 c8c7 b2c3 a8e8 f5d3 h7h5 c1d2 f7f6 d2e1 g7g5,639
6k1/3b2pp/4P3/r4p2/8/7P/5PPK/8 w - -,e6d7 a5d5 h3h4 d5d7 h4h5 g8f7 h5h6 g7g5 h2g3 d7d3,-732
2b2rk1/r1q1nppp/2npp3/1p6/4PPP1/1NN1Q3/PPP4P/R3K2R w KQ -,c3b5 c7b8 b5a7 c6a7 e1a1 h7h6 c1b1 a7c6 h1g1 d6d5,14
r2qr1n1/1bp2pbk/p2p2pp/1p2p1P1/1P2P3/2NPBN1P/1PPQ1P2/R3R1K1 w - -,d3d4 e5d4 e3d4 g7d4 d2d4 h6g5 c3d5 a8c8 a1a3 c7c6,-26
8/1p4k1/1ppp4/1P3K2/2P5/8/P7/8 w - -,d3d4 e5d4 e3d4 g7d4 d2d4 h6g5 c3d5 a8c8 a1a3 c7c6,Mate
3rr1k1/ppqnbppp/2p1p3/3n2B1/3P4/1QP3PP/PP2NPB1/3R1RK1 w - -,g5d2 b7b5 e2f4 e7d6 f4d3 d7b6 h3h4 h7h6 f1e1 d8c8,39
r1k4r/1p3ppp/p2p4/3p4/8/2Pb1P2/P1P3PP/R1B2RK1 w - -,c2d3 h8e8 g1f2 d5d4 c3c4 b7b5 c1b2 b5c4 b2d4 c4d3,399
6k1/3P2pp/8/3r1p2/8/7P/5PPK/8 w - -,h3h4 g8f7 d7d8r d5d8 h2g3 f7f6 g3f3 d8d7 f3f4 d7d3,-809
6rk/R3R1pp/1p6/8/P2p4/7P/3r1PP1/6K1 w - -,f2f4 d4d3 e7d7 h7h6 g1h2 d2d1 f4f5 d1f1 d7d5 g8c8,10
2R5/8/K7/8/4k3/5r2/2P5/8 w - -,a6b5 e4d4 c8c4 d4e5 c4c6 e5d4 b5b4 f3f1 c6d6 d4e5,593
r2qr1n1/1bp2pbk/p2p2p1/1p2p1Pp/1P2P2P/2NPBN2/1PPQ1P2/R3R1K1 w - -,f3h2 g8e7 f2f3 d8d7 e1f1 d6d5 e3c5 d7h3 d2f2 f7f5,-71
1qb2rk1/r3nppp/2npp3/1N6/4PPP1/1N2Q3/PPP4P/R3K2R w KQ -,b5a7 c6a7 e1a1 a7c6 c1b1 h7h6 h1g1 b8c7 a2a3 e7g6,18
rn1q1rk1/pbpp2pp/1p2pn2/2b5/2P1P3/P1N3P1/1P2NPBP/R1BQK2R w KQ -,e2f4 e6e5 e1h1 e5f4 e4e5 b7g2 g1g2 b8c6 e5f6 d8f6,11
8/1p4k1/1p1pK3/1Pp5/2P5/8/P7/8 w - -,e2f4 e6e5 e1h1 e5f4 e4e5 b7g2 g1g2 b8c6 e5f6 d8f6,Mate
8/1p6/1p1K1k2/1Pp5/2P5/8/P7/8 w - -,e2f4 e6e5 e1h1 e5f4 e4e5 b7g2 g1g2 b8c6 e5f6 d8f6,Mate
3rr1k1/p1qnbppp/2p1p3/1p1n4/3P4/1QP3PP/PP2NPB1/2BR1RK1 w - -,e2f4 h7h6 f1e1 e7d6 f4d3 a7a5 c1d2 d8b8 c3c4 b5c4,36
6k1/r1p3pp/1p1p2r1/p2Ppb2/P1P5/2P1P1B1/5PP1/RR4K1 w - -,b1c1 h7h5 c4c5 b6c5 g1h2 a7b7 a1a2 f5b1 a2a1 b1d3,-225
2kr3r/p1p1qpp1/1p1p4/3PnP1p/B1PQPR2/2N5/PP2K3/R7 w - -,a1h1 c8b8 a4c6 h5h4 d4f2 h4h3 f5f6 g7f6 f4h4 d8g8,170
rn2kb1r/ppp2ppp/3pb3/4P3/4n1q1/1P3N2/PBPN1PPP/R2QKB1R w KQkq -,h2h3 g4f4 g2g3 e4g3 f2g3 f4g3 e1e2 b8c6 d1e1 g3f4,90
r4k1r/2q2ppp/pn1N1b2/1p6/4RP2/1Q6/PPP3PP/2KR4 w - -,b3b4 f6e7 e4e7 c7e7 b4d4 a8d8 d4b6 h7h5 d6f5 d8d1,-274
3r2k1/6pp/8/5p2/8/7P/5PPK/8 w - -,h2g3 g8f7 g3f4 f7f6 f4f3 f6e5 h3h4 d8d4 f3e3 d4d7,-1138
2b2rk1/q3nppp/2npp3/8/4PPP1/1N2Q3/PPP4P/R3K2R w KQ -,e3a7 c6a7 e1a1 d6d5 h1e1 d5e4 e1e4 c8b7 e4a4 a7c8,128
8/1pK5/1p6/1Pp1k3/2P5/8/P7/8 w - -,e3a7 c6a7 e1a1 d6d5 h1e1 d5e4 e1e4 c8b7 e4a4 a7c8,Mate
2R5/8/8/1K6/3k4/5r2/2P5/8 w - -,c8c4 d4e5 c4c6 e5d4 b5b4 f3f2 c6c5 f2h2 c2c3 d4e4,593
8/1p6/1K6/1Pp5/2Pk4/8/P7/8 w - -,b5b4 d4d5 b4b5 d5d6 c8c6 d6d7 c2c4 f3f1 c6g6 d7c7,Mate
r1k4r/pp3pb1/2pB2p1/4pb1p/2P1n3/1PN1P2P/P3BPP1/2KR3R w - -,c3e4 f5e4 h1g1 e4f5 g2g4 h5g4 h3g4 f5e6 e2f3 a7a5,93
2b2rk1/n3nppp/3pp3/8/4PPP1/1N6/PPP4P/R3K2R w KQ -,e1a1 f8d8 d1d2 c8b7 h1e1 g8f8 b3a5 b7a8 a5c4 d6d5,147
8/1K6/8/1Pp5/2k5/8/P7/8 w - -,e1a1 f8d8 d1d2 c8b7 h1e1 g8f8 b3a5 b7a8 a5c4 d6d5,Mate
6k1/1p6/p1p3p1/4rpP1/4p3/1P2R3/1PP2P2/2K5 w - -,e3h3 f5f4 h3h4 e4e3 f2e3 f4e3 c1d1 e5g5 h4b4 b7b5,-375
r7/3k1ppp/pp1p4/3Pr3/8/B2P1P2/P5PP/R4RK1 w - -,a3b2 e5d5 b2g7 b6b5 f1d1 b5b4 d1d2 a6a5 g1f2 a8c8,362
r3r1n1/1bpq1pbk/p2p2p1/1p1Np1Pp/1P2P2P/3PBN2/1PPQ1P2/R3R1K1 w - -,f3h2 b7d5 e4d5 g8e7 d2e2 e7d5 c2c3 d5e7 e2f3 e7f5,-228
6rk/1R2R1pp/1p6/8/P2p4/7P/5PP1/3r2K1 w - -,e7e1 d1e1 g1h2 g8d8 b7b6 d4d3 b6b2 e1e2 b2b1 e2f2,-706
r1k4r/pp3pb1/2pB2p1/4p2p/2P1b3/1P2P2P/P3BPP1/2KR3R w - -,h1g1 e4f5 g2g4 h5g4 h3g4 f5e6 e2f3 a7a5 a2a4 h8h4,93
6k1/p2bq1pp/2p5/3p3r/3p4/1R3P2/PP3PRP/2Q4K w - -,b3b8 d7e8 c1d2 g7g6 d2d4 c6c5 d4g4 g8f8 b8c8 h5f5,167
6rk/1R2R1pp/1p6/8/P7/3p3P/5PPK/3r4 w - -,b7b6 d1a1 b6d6 a1a4 d6d3 a4a8 g2g4 a8e8 e7a7 g8f8,8
rnbqkbnr/1p2pp1p/p1pp2p1/8/3PP3/3B1N2/PPP2PPP/RNBQK2R w KQkq -,h2h3 f8g7 a2a4 b8d7 a4a5 g8f6 e1h1 e8h8 f1e1 d8c7,82
r4rk1/pp1n1ppp/2pbpn2/3p1b2/1PP5/3P1NP1/1P1BPPBP/RN3RK1 w - -,b4b5 d5c4 b5c6 b7c6 d3c4 a8b8 d2c3 f6e4 f1d1 d7f6,65
rn1qk2r/p1pb1ppp/4pn2/1p6/1bpP4/5NP1/PPQNPPBP/R1B1K2R w KQkq -,a2a4 c7c6 e1h1 a7a5 b2b3 c4b3 d2b3 e8h8 f1d1 b8a6,40
r3r1k1/2pb1pp1/p1pp3p/4q3/4n2B/P1PQ1P2/2P1N1PP/2KR3R w - -,d1e1 e5h5 e2f4 h5h4 e1e4 e8e4 d3e4 a8e8 e4d4 c6c5,-278
6k1/r1p3pp/1p1p2r1/p2Pp3/P1P5/1RPbP1B1/5PP1/R5K1 w - -,e3e4 g6g4 c4c5 b6c5 c3c4 d3c4 b3e3 a7b7 a1c1 b7b4,-250
r3r1n1/1b1q1pbk/p1pp2p1/1p1Np1Pp/1P2P2P/3PBN2/1PPQ1P1K/R3R3 w - -,d5b6 d7c7 b6a8 e8a8 f3g1 g8e7 c2c3 c6c5 b4c5 d6c5,154
r7/3k1ppp/pp1p4/3P4/3P4/2r2P2/P5PP/R1B2RK1 w - -,c1f4 c3c4 a1c1 a8c8 c1c4 c8c4 f1c1 c4d4 f4e3 d4d5,392
6k1/pQ6/3prp1p/2pP4/2P1q1P1/8/P2K1R2/8 w - -,b7a8 e6e8 a8e8 e4e8 f2f6 e8e4 f6f1 g8g7 a2a4 e4g4,-759
r1b1k2r/ppp1qppp/2n1pn2/3p4/1bPP4/2NBP1B1/PP3PPP/R2QK1NR w KQkq -,c4d5 f6d5 g1e2 b4d6 a2a3 d6g3 h2g3 d5b6 a1c1 c8d7,97
5r2/4K1k1/P7/8/8/8/8/8 w - -,a1c1 d5c4 d3c4 e6e5 g1e2 e5d4 e3d4 c8e6 c4e6 f7e6,Mate
8/8/8/1K1k4/2R5/5r2/2P5/8 w - -,c4c6 d5d4 b5b4 f3f2 c6c5 f2h2 c2c3 d4e4 c3c4 h2b2,593
r1bqkb1r/ppp2p2/3p1n1p/6p1/3QP2B/2N5/PPP2PPP/R3KB1R w KQkq -,e1a1 g5h4 e4e5 f8g7 e5f6 d8f6 d4f6 g7f6 g2g3 c8g4,-81
3r1rk1/p5bp/2npbpp1/1ppN4/q3P1P1/P1PP2Q1/1P1N2BP/2R2RK1 w - -,,0
1R6/p2bqkpp/2p5/3p3r/3p4/5P2/PP3PRP/2Q4K w - -,c1f4 f7e6 b8b7 e7f6 f4c7 f6f7 g2g3 d4d3 b7b3 d5d4,188
r4rk1/pp1n1pp1/2pbpn1p/3p1b2/1PP5/2BP1NP1/1P2PPBP/RN3RK1 w - -,b1d2 e6e5 e2e4 d5e4 f3h4 f5e6 d3e4 d6c7 h4f5 a7a6,49
6rk/4R1pp/1R6/8/P7/7P/3p1PPK/3r4 w - -,e7b7 d1e1 b6d6 d2d1q d6d1 e1d1 a4a5 g8d8 a5a6 d1d7,-433
3rr1k1/p1qnbppp/2p1p3/1p6/3P1n2/1QP3PP/PP3PB1/2BR1RK1 w - -,g2f3 f4d5 g1g2 d7f6 b3c2 d8c8 f1e1 e8d8 b2b3 c6c5,-423
r3r1n1/2pq1pbk/p2p2p1/1p1bp1Pp/1P2P2P/3PBN2/1PPQ1P1K/R3R3 w - -,e4d5 g8e7 f3g1 e7d5 f2f3 d5e7 d2f2 e7c6 f2d2 e5e4,-252
rq3k1r/3bnpbp/ppnNp1p1/1B1pP1B1/1P1P2P1/P4N1P/5P2/2RQ1RK1 w - -,g5e7 f8e7 b5c6 a8a7 c6d7 a7d7 c1c6 h7h5 d1c1 h5g4,592
rnbqk1nr/ppp2ppp/8/2b5/2Bp1p2/2N2N2/PPP3PP/R1BQ1RK1 w kq -,c3e4 c5e7 f3e5 c8e6 c4e6 f7e6 d1h5 g7g6 e5g6 d8d5,297
3rr1k1/p1qn1ppp/2pbp3/1p6/3P1B2/1QP3PP/PP3PB1/3R1RK1 w - -,f4d6 c7d6 a2a4 d8b8 a4b5 b8b5 b3a4 d6c7 c3c4 d7b6,42
6k1/1p6/p1p3p1/r4pP1/4pP2/1P2R3/1PP5/2K5 w - -,c1d2 a5a1 d2c3 a1d1 b3b4 g8g7 e3h3 d1b1 h3h4 e4e3,-241
2br2k1/n3nppp/3pp3/8/4PPP1/1N6/PPP4P/2KR3R w - -,d1d2 c8b7 h1d1 a7c8 d1e1 g8f8 b3a5 b7a8 a5c4 e7g6,115
2r5/3k1ppp/pp1p4/3P4/3P1P2/8/P1rB2PP/R4RK1 w - -,f1f2 b6b5 a2a3 c8e8 f4f5 f7f6 a3a4 c2c4 a4b5 a6b5,313
r3r1n1/2p2pbk/p2p2p1/1p1Pp1Pp/1P4qP/3PBN2/1PPQ1P1K/R3R3 w - -,f3g1 g4h4 g1h3 h4g4 c2c4 b5c4 d3c4 g4c4 e1c1 c4e4,-256
3rr1k1/p1qnbppp/2p1p3/1p4B1/3P4/1QP3PP/PP3PB1/3R1RK1 w - -,g5f4 e7d6 f4d6 c7d6 a2a4 a7a6 b3c2 g7g6 a4a5 d7f6,47
r2q1rk1/3nbp2/2n1p2Q/3pP2P/bp4N1/p2P1NP1/1PP2PB1/R3R1K1 w - -,e1e2 a4c2 e2c2 c6e5 g4e5 d7e5 f3e5 e7g5 e5f7 g5h6,3
8/r2b4/pRp1kBp1/4Pp2/7P/P7/5P2/6K1 w - -,g1g2 f5f4 g2f3 e6f5 b6b4 c6c5 b4f4 f5e6 f4c4 a7c7,48
2Q1r1k1/p7/3p1p1p/2pP4/2P1q1P1/8/P2K1R2/8 w - -,c8b7 e4e3 d2c2 e3f2 c2b3 e8e3 b3a4 f2a2 a4b5 e3b3,Mate
8/8/2R5/1K6/3k4/5r2/2P5/8 w - -,c6d6 d4c3 d6c6 c3d2 c2c4 f3b3 b5c5 d2e2 c6d6 e2f2,593
r1bqkb1r/ppp3pp/4pnn1/3p4/4PP1P/5N2/PPP3P1/RNBQKB1R w KQkq -,h4h5 g6e7 b1c3 d5e4 d1d8 e8d8 f3g5 h8g8 c1d2 c8d7,114
2r5/3k2pp/pp1p4/3P1p2/3P1P2/8/P1r3PP/R1B2RK1 w - -,c1e3 b6b5 a2a3 c2e2 e3f2 g7g6 f2h4 c8c4 f1e1 e2e1,265
r1bq1rk1/pp3pp1/7p/b2p4/2pP4/P1N2N2/1PPQ1PPP/R4RK1 w - -,a1e1 c8f5 e1e3 d8b6 d2c1 a8d8 e3e5 f5e6 f1e1 a7a6,-52
8/5R2/2Bb1Bpk/2p4p/2n5/6PP/5P2/6K1 w - -,a1e1 c8f5 e1e3 d8b6 d2c1 a8d8 e3e5 f5e6 f1e1 a7a6,Mate
r1bqr1k1/1p3ppp/pbn1p3/3n4/1PBP4/P1N1BN2/5PPP/R2Q1RK1 w - -,c3e4 c6e7 f1e1 e7f5 a1c1 c8d7 e4c5 b6c5 d4c5 f5e3,35
2r2rk1/1pqb1ppp/3bp3/p7/4NP2/2P1Q1P1/PP4BP/R4RK1 w - -,,0
r7/1p2nkpb/1p1q3p/1P5P/4p1P1/8/P1P1QP2/R4RK1 w - -,a1d1 d6e6 d1d4 e7d5 e2c4 d5f6 f1d1 e6c4 d4c4 f7e6,-96
6k1/1p6/p1p3p1/3r1pP1/4pP2/1P2R3/1PP5/1K6 w - -,b1c1 d5d7 e3h3 a6a5 c2c4 d7d4 c1c2 g8g7 h3e3 g7f7,-287
r3r1n1/2p2pbk/p2p2p1/1p1Pp1Pp/1P5P/3PBq2/1PPQ1P1K/R5R1 w - -,b2b3 f3d5 c2c4 d5e6 c4b5 a6b5 a1a5 g8e7 g1a1 a8a5,-536
r1b1kb1r/pp1nppp1/1qp2n1p/3p4/3P3B/2P5/PPQNPPPP/R3KBNR w KQkq -,g1f3 c6c5 e2e3 g7g5 h4g3 f6h5 d4c5 d7c5 g3e5 f8g7,42
2r2rk1/1p1b1ppp/3qp3/p7/5P2/2P1Q1P1/PP4BP/R4RK1 w - -,,0
6k1/r1p3pp/3p2r1/p1pPp3/P7/1RPbP1B1/5PP1/R5K1 w - -,b3b2 g6g4 g1h2 g4e4 a1d1 d3c4 b2b8 g8f7 f2f4 e5f4,-159
r2q1rk1/3nbp2/2n1p2Q/1b1pP2P/1p4N1/pP1P1NP1/2P2PB1/R3R1K1 w - -,,0
6k1/1p1r4/p1p3p1/5pP1/4pP2/1P2R3/1PP5/2K5 w - -,e3e1 d7h7 b3b4 g8f7 e1f1 h7h3 c2c3 f7e6 c1d2 e6d5,-351
r1bqkb1r/ppp2p2/3p1n2/6pp/3QP3/2N3B1/PPP2PPP/R3KB1R w KQkq -,h2h4 g5g4 e4e5 d6e5 d4e5 c8e6 f1b5 c7c6 a1d1 d8e7,243
r3r1n1/2p2pbk/p2p2p1/1p1qp1Pp/1P5P/3PB1R1/1PPQ1P1K/R7 w - -,d2e2 g8e7 g3f3 h7g8 e3d2 d5e6 c2c3 d6d5 a1e1 e6g4,-567
1r2r1k1/2pb1pp1/p1pp1n1p/4q3/4P2B/P1PQ1P2/2P1N1PP/2KR3R w - -,d3d4 f6d5 d4e5 e8e5 h4f2 d5b6 f2b6 b8b6 c1d2 e5a5,-63
r5k1/3R2p1/PR5p/8/8/7P/3p1PPK/3r4 w - -,b6b7 d1a1 d7d2 a1a6 d2d7 a6g6 h3h4 a8a6 d7d4 g6d6,6
rnbqk1nr/ppp2ppp/1b6/8/2BpNp2/5N2/PPP3PP/R1BQ1RK1 w kq -,f3e5 b8d7 e5f7 d8e7 f1e1 g8h6 f7h8 d7e5 d1h5 e8f8,413
5r2/p1p4k/1bpp2p1/8/2BPP3/2P3Pb/PP3P2/RN2R1K1 w - -,b1d2 f8b8 e4e5 d6d5 c4b3 c6c5 e5e6 c5d4 e6e7 b6a5,652
1R6/r1p2kpp/3p2r1/p1pPp3/P7/2PbP1B1/5PP1/R5K1 w - -,b8d8 h7h6 g1h2 g6g5 f2f3 e5e4 f3e4 d3e4 c3c4 g5h5,-153
6k1/1p5r/p1p3p1/5pP1/4pP2/1P5R/1PP5/2K5 w - -,h3h7 g8h7 c1d2 h7g8 d2c3 g8f7 c3d4 f7e7 d4e3 a6a5,-401
r1b2rk1/ppp2ppp/4p3/2b1n3/2B5/P4P2/1P1BN1PP/RN1K3R w - -,c4a2 b7b6 b1c3 c8a6 e2f4 c5d4 d1c2 c7c5 a1d1 a8d8,149
4r1k1/p7/3p1p1p/2pP1q2/2P3P1/8/P2K1R2/8 w - -,g4f5 g8h7 f2h2 e8e5 d2c3 e5f5 c3b3 f5f1 b3a4 f1b1,Mate
2r5/3k3p/pp1p2p1/3P1p2/3P1P2/P7/5RPP/R1r3K1 w - -,a1c1 c8c1 f2f1 c1c3 g2g4 c3a3 g4f5 g6f5 g1f2 b6b5,-273
8/8/2R5/8/1K1k4/8/2P2r2/8 w - -,c6c5 f2f1 c2c3 d4d3 c5d5 d3c2 c3c4 f1b1 b4c5 c2b3,593
3r1rk1/p5bp/3pbpp1/1ppNn3/q3P1P1/P1PP2Q1/1P1N1RBP/2R3K1 w - -,h2h3 e6d5 e4d5 f6f5 g4f5 f8f5 d2e4 f5f2 g3f2 e5d3,-59
r1b1k2r/ppp1qpp1/2n1pn1p/3p4/1bPP3B/2NBP3/PP3PPP/R2QK1NR w KQkq -,c4d5 b4c3 b2c3 e6d5 g1f3 e8h8 e1h1 g7g5 h4g3 f6e4,98
8/3k3p/pp1p2p1/3P1p2/3P1P2/P7/5RPP/2r3K1 w - -,f2f1 c1c3 f1b1 b6b5 a3a4 b5a4 b1b6 d7c7 b6a6 a4a3,-345
r7/1p2n1pb/1p2k2p/1P5P/4p1P1/8/P1P2P2/R4RK1 w - -,c2c4 a8f8 f2f3 e7g8 g1h2 g8f6 h2g3 e6d6 f3e4 h7e4,-178
8/p2B4/1p2Pk2/2b3p1/P3n3/8/6P1/5KB1 w - -,g2g4 c5g1 f1g1 e4c5 d7b5 f6e6 g1f2 e6e5 f2e3 e5d5,-257
r3r3/2pqnpbk/p2p2p1/1p1Pp1Pp/1P5P/3PBN2/1PPQ1P1K/R3R3 w - -,f3g1 e7d5 f2f3 d5e7 d2f2 e7c6 f2d2 e5e4 d3e4 g7b2,-246
3rr1k1/2q2ppp/pnpbp3/1p6/3P4/1QP3PP/PP3PB1/2BRR1K1 w - -,b3c2 c6c5 c1g5 d8d7 d4c5 d6c5 d1d7 c7d7 c2e2 h7h6,38
r3r1k1/2pb1pp1/p1pp3p/8/4q2B/P1PQ4/2P1N1PP/2KR3R w - -,d3e4 e8e4 c3c4 c6c5 e2c3 e4h4 c3d5 a8a7 d1f1 h4c4,-366
rn1qk1nr/ppp3pp/1b2p3/4N3/3pNp2/8/PPP3PP/R1BQ1RK1 w kq -,d1h5 g7g6 e5g6 h7g6 h5h8 e8d7 c1f4 b8c6 g1h1 c6e7,508
2r2rk1/1pqb1ppp/4pb2/p7/4NP2/2P1Q1P1/PP4BP/R4RK1 w - -,e4f6 g7f6 a1d1 f8d8 d1d4 d7c6 f1d1 d8d4 d1d4 c7b6,-10
2kr3r/p1p2pp1/1pBp4/3PnPqp/2PQPR2/2N5/PP2K3/R7 w - -,f4f2 h5h4 a2a4 d8g8 c3b5 c8d8 a4a5 d8e7 b5c7 g8c8,171
6k1/p7/3p1p1p/2pP1R2/2P1r1P1/8/P2K4/8 w - -,d2d3 e4d4 d3c3 g8f7 f5f3 d4g4 c3b3 a7a6 b3a4 g4c4,-340
3rr1k1/2q2ppp/p1pbp3/1p1n4/3P4/2P3PP/PPQ2PB1/2BRR1K1 w - -,a2a4 h7h6 h3h4 d8b8 g2f3 a6a5 g1g2 d5f6 h4h5 e8c8,35
r1bk1b1r/ppp1n1pp/4pn2/7P/4pP2/2N2N2/PPP3P1/R1B1KB1R w KQ -,f3g5 h8g8 g5e4 e7d5 c1d2 d5c3 e4c3 f8d6 e1a1 c8d7,113
r1b1k1nr/pp3ppp/2n1p3/q7/8/1Nb1B3/PPPQ1PPP/R3KB1R w KQkq -,b3a5 c3d2 e3d2 c6a5 d2a5 c8d7 e1a1 g8e7 h2h4 b7b6,82
2r2rk1/1pqb1p1p/4pp2/p7/5P2/2P1Q1P1/PP4BP/R4RK1 w - -,a1d1 f8d8 d1d4 d7c6 f1d1 d8d4 d1d4 c6g2 g1g2 c7b6,-4
rn1qk1nr/ppp4p/1b2p1p1/4N2Q/3pNp2/8/PPP3PP/R1B2RK1 w kq -,e5g6 h7g6 h5h8 e8d7 c1f4 g8e7 h8g7 b8c6 g1h1 a7a6,543
8/8/8/2R5/1K1k4/8/2P5/5r2 w - -,c2c3 d4d3 c5d5 d3c2 c3c4 f1b1 b4c5 c2b3 d5d3 b3a4,593
8/3k3p/3p2p1/3P1p2/pp1P1PP1/P6P/6K1/8 w - -,a3b4 a4a3 g2g3 a3a2 g3h4 a2a1q h4g5 d7c7 g4f5 g6f5,-754
8/r2R2pk/7p/8/8/7P/3R1PPK/r7 w - -,g2g4 a7d7 d2d7 a1a3 d7e7 a3a1 h2g2 a1a3 e7c7 h7g6,1
r4rk1/pp3ppp/2p1b3/6B1/3q4/3B4/PPP2PPP/R2Q2K1 w - -,d3h7 g8h7 d1d4 h7g8 g5d2 a7a5 d2c3 f7f6 d4b6 f8f7,549
8/8/1Pk5/8/2P5/6K1/8/8 w - -,h2h4 d4b2 a1b1 b2a2 b1b7 a8b8 b7b8 f8b8 d1f3 a2a1,Mate
1R6/r1p2kpp/3p2r1/p1pPp3/P7/2P1P1B1/2b2PP1/3R2K1 w - -,d1a1 g6g4 a1a2 c2d3 g1h2 d3c4 a2d2 g4e4 f2f4 e5f4,-192
r2qk2r/2p2ppp/p1p1pn2/2bp1b2/5P2/1P2PN2/PBPP2PP/RN1Q1RK1 w kq -,f3e5 e8h8 d1e2 f5g6 b1c3 d8e8 d2d3 a6a5 a1e1 f6d7,86
8/5rpk/7p/8/8/3R3P/3R1PPK/r7 w - -,d2e2 f7a7 d3d2 a1a5 f2f3 a5a4 h2g3 a4a3 e2f2 a3a1,2
rq5r/3bkpbp/ppnNp1p1/1B1pP3/1P1P2P1/P4N1P/5P2/2RQ1RK1 w - -,b5c6 a8a7 b4b5 a6b5 c6d7 e7d7 d1b3 h7h5 d6f7 h5g4,610
8/p5k1/3p1R1p/2pP4/2P1r1P1/8/P2K4/8 w - -,f6f1 e4c4 f1e1 c4d4 d2c3 d4d5 e1e7 g7f6 e7a7 d5d4,-211
3rrbk1/2q2ppp/p1p1p3/1p1n4/3P3P/2P3P1/PPQ2PB1/2BRR1K1 w - -,c2e2 h7h6 c1d2 c6c5 c3c4 d5f6 c4b5 a6b5 e2b5 d8b8,41
2kr3r/p1p2pp1/1pBp4/3PnPq1/2PQP2p/2N5/PP2KR2/R7 w - -,a2a4 d8g8 c3b5 c8d8 a4a5 d8e7 b5c7 g8c8 c7b5 h4h3,199
r1b1k2r/ppp1qp2/2n1pn1p/6p1/1bBP3B/2N1PN2/PP3PPP/R2QK2R w KQkq -,h4g5 h6g5 f3g5 f6d5 g5e4 c8d7 a2a3 b4c3 b2c3 c6a5,-314
r3r1n1/1b3pbk/pNpp2p1/1p2p1Pp/1P2P1qP/3PBN2/1PPQ1P1K/R3R3 w - -,b6a8 e8a8 e1g1 g4e6 f3e1 g8e7 f2f3 a8e8 d2f2 d6d5,159
r3r1k1/2pb1pp1/p1pp1n1p/8/4Pq1B/P1NQ1P2/1PP3PP/2KR3R w - -,c1b1 f4h4 g2g3 h4g5 g3g4 g5h4 h1g1 d6d5 d3d2 d5e4,-390
8/p5k1/3R3p/2pP4/2r3P1/8/P2K4/8 w - -,,0
1R6/r1p2kpp/3p4/p1pPp3/P5r1/2P1P1B1/2b2PP1/R5K1 w - -,b8d8 h7h5 a1c1 c2a4 g3h2 a4b3 f2f3 g4g6 e3e4 a5a4,-268
8/1p5k/p1p3p1/5pP1/4pP2/1P6/1PP5/2K5 w - -,c1b1 h7g7 c2c4 g7f7 b1c2 f7e6 c2c3 a6a5 b3b4 a5b4,-583
rn1qk1nr/ppp4p/1b2p1N1/7Q/4Np2/3p4/PPP3PP/R1B2RK1 w kq -,g1h1 d8d5 g6e5 e8d8 h5g5 d8c8 g5g7 b6d4 g7h8 b7b6,600
N3r1n1/1b3pbk/p1pp2p1/1p2p1Pp/1P2P2P/3PBq2/1PPQ1P1K/R3R3 w - -,e1g1 e8a8 g1g3 f3g3 f2g3 b7c8 e3b6 f7f6 b6c7 a8a7,393
r7/1p2n1pb/1p2k2p/1P5P/6P1/4pP2/P1P5/R4RK1 w - -,f1e1 a8a3 c2c4 e7g8 a1c1 g8f6 c4c5 b6c5 c1c5 e6d6,-240
2kr3r/p1p2pp1/1pBp4/2PPnP2/3QP1qp/2N5/PP2KR2/R7 w - -,e2f1 g4h3 f2g2 c8b8 c5b6 c7b6 a1e1 e5f3 d4e3 h3h1,114
r2qr1k1/1p3ppp/pbn5/3p4/1P1P2b1/P2BBN2/5PPP/R2Q1RK1 w - -,d3c2 d8f6 d1d3 g4f3 d3h7 g8f8 g2f3 c6d4 e3d4 b6d4,-54
3rrbk1/2q2p1p/p1p1p1p1/1p1n4/3PB2P/2P3P1/PPQ2P2/2BRR1K1 w - -,h4h5 c6c5 d4c5 f8c5 g1g2 d5f6 d1d8 e8d8 c1g5 c5e7,66
5n2/ppk5/2n2p2/8/3P2P1/1PP4P/P7/1K2R3 w - -,e1f1 f8d7 b1c2 c7d8 h3h4 d8e7 c2d3 e7f8 d3e4 c6e7,453
r1bq1rk1/pp1pppbp/2n3p1/8/2BNn3/2N1B3/PPP2PPP/R2QK2R w KQ -,d4e2 e4c3 e2c3 d8a5 e1h1 e7e6 c3b5 d7d5 c4e2 a7a6,-211
8/p5k1/2R4p/2pP4/6r1/8/P2K4/8 w - -,,0
8/1p2n1pb/1p2k2p/1P5P/6P1/r3pP2/P1P5/R3R1K1 w - -,c2c4 e7g8 a1c1 g8f6 g1g2 e6e5 c4c5 b6c5 c1c5 f6d5,-301
rnbqkb1r/pp3ppp/2pppn2/8/3P1B2/P1N5/1PP1PPPP/R2QKBNR w KQkq -,g1f3 b8d7 e2e4 d8c7 f4g3 f8e7 h2h3 e6e5 f1c4 b7b5,43
r5n1/1b3pbk/p1pp2p1/1p2p1Pp/1P2P2P/3PBq2/1PPQ1P1K/R5R1 w - -,g1g3 f3g3 f2g3 a8e8 e3b6 b7c8 d2c3 g8e7 b6c7 d6d5,404
2k5/7p/1P6/4qp1P/5P2/6K1/3p4/8 w - -,g1g3 f3g3 f2g3 a8e8 e3b6 b7c8 d2c3 g8e7 b6c7 d6d5,Mate
rn2kb1r/pp3pp1/1qp1pnp1/3p4/3P1B2/2P1P3/PP3PPP/RNQ1KB1R w KQkq -,a2a4 c6c5 a4a5 b6c6 h2h3 f8d6 f4d6 c6d6 f1e2 b8c6,4
r1bqkb1r/pp1n1ppp/2pppn2/8/1P1P1B2/P1N5/2P1PPPP/R2QKBNR w KQkq -,e2e4 e6e5 f4e3 e5d4 e3d4 g7g6 g1f3 f8g7 f1d3 e8h8,-16
3rr1k1/2q2pbp/p1p1p1p1/1p1n4/3PB2P/2P3P1/PPQ2PK1/2BRR3 w - -,h4h5 f7f5 e4f3 g8f7 e1h1 c6c5 d4c5 c7c5 c1g5 d8d7,99
8/3R2pk/5r1p/8/8/7P/3R1PPK/r7 w - -,d2b2 a1a6 b2b7 f6g6 d7d2 a6d6 d2a2 d6a6 a2b2 g6f6,4
r2qkb1r/pppn1ppp/5n2/3p4/Q2P2b1/2N1P3/PP3PPP/R1B1KBNR w KQkq -,a4b3 d7b6 f1d3 f8d6 g1e2 e8h8 e1h1 g4d7 b3c2 c7c6,1
2k5/7p/1P6/4qp2/3p1P1P/8/5K2/8 w - -,f4e5 d4d3 e5e6 c8b7 e6e7 b7b6 e7e8q d3d2 f2e2 b6c7,1144
8/p7/5k1p/2RP4/6r1/8/P2K4/8 w - -,,0
r1b1k1nr/pp3ppp/4p3/n7/8/8/PPPB1PPP/R3KB1R w KQkq -,f1b5 a5c6 b5c6 b7c6 e1a1 g8f6 d2b4 a7a5 b4a3 h7h5,-384
8/4R1pk/5r1p/8/8/7P/3R1PPK/5r2 w - -,f2f3 f1a1 h3h4 a1a8 d2d7 a8g8 d7b7 f6a6 b7c7 a6f6,12
3q1rk1/1p1n1pp1/p2bpn1p/3p2B1/2rP4/2N2N2/PP3PPP/2RQR1K1 w - -,g5h4 d8c7 h4g3 d6g3 h2g3 f8c8 e1e2 f6e4 e2c2 e4c3,-225
2k5/7p/1P1p2p1/3q1p2/5PP1/5K1P/8/8 w - -,g5h4 d8c7 h4g3 d6g3 h2g3 f8c8 e1e2 f6e4 e2c2 e4c3,Mate
r2qk2r/2p2ppp/p1p1pn2/2bp4/3N1Pb1/1P2P3/PBPP2PP/RN1Q1RK1 w kq -,d1e1 d8d6 b1c3 c5a7 c3a4 c6c5 b2a3 e8h8 a1c1 f8e8,86
3rb1k1/1p1rbp1p/6p1/p2pP3/P7/qP1R2P1/3B1QBP/3R3K w - -,d2a5 d8c8 f2d4 e7c5 d4g4 h7h5 g4e2 c5b4 a5b4 a3b4,83
r1bq1rk1/pp2ppbp/2n3p1/3p4/2BNN3/4B3/PPP2PPP/R2QK2R w KQ -,c4b3 c6d4 e3d4 d5e4 d4g7 g8g7 d1e2 d8a5 c2c3 c8d7,-121
r3r3/1kp1n1p1/1p2p2p/p3P3/P2R1PP1/1P3K1P/1B6/5R2 w - -,f3e4 g7g6 f1d1 h6h5 d4d7 h5g4 h3g4 b7c6 b2c1 e7d5,100
rn2k2r/pp2bpp1/1qp1pnp1/3p4/3P1B2/2PBP3/PP3PPP/RNQ1K2R w KQkq -,h2h3 c6c5 e1h1 e7d6 f4d6 b6d6 d4c5 d6c5 c3c4 b8d7,6
rq5r/4kpb1/ppRNp1p1/3pP2p/1P1P2P1/P4N1P/5P2/3Q1RK1 w - -,f3g5 b8a7 d1c2 g7h6 g5f7 a7d7 c6c7 a8c8 d6c8 h8c8,820
8/4R1pk/6rp/8/8/5P1P/3R2PK/5r2 w - -,h3h4 f1a1 g2g3 a1a5 h2h3 h6h5 d2d8 a5a3 d8f8 a3a5,13
2kr3r/p1p1qppp/1p1p4/3P1P1n/B1PQPBn1/2N5/PP2K3/R4R2 w - -,a4c6 d8g8 c4c5 h5f4 f1f4 d6c5 d4c4 e7h4 a1f1 h4g3,273
2k5/7p/1P1p2p1/3P1p2/3P1PP1/7P/5K2/q7 w - -,f5f6 g4f6 e2d2 h5f4 f1f4 h7h5 d2c2 f6g4 a4c6 g4e5,Mate
rn1q1rk1/ppp2pbp/3pbnp1/1P2p3/8/4PN2/PBPPBPPP/RN1Q1RK1 w - -,c2c4 a7a6 d2d4 a6b5 c4b5 a8a2 a1a2 e6a2 d4e5 d6e5,32
r3r3/1kp1n3/1p2p1pp/p3P3/P2RKPP1/1P5P/1B6/5R2 w - -,b2a3 e7c6 d4d7 h6h5 a3d6 a8c8 g4h5 g6h5 f4f5 e6f5,117
r1bq1rk1/p3ppbp/2p3p1/3p4/2B1N3/4B3/PPP2PPP/R2QK2R w KQ -,d1c1 c8f5 e4g3 d5c4 e1h1 d8a5 f1d1 f8d8 d1d8 a8d8,-97
8/p7/3P1k1p/2R5/3r4/8/P2K4/8 w - -,d2c2 d4d6 c2c3 f6g6 c5c8 h6h5 c8g8 g6f5 g8f8 f5g5,-272
rn2k1nr/ppp4p/1b2p1N1/3q3Q/4Np2/3p4/PPP3PP/R1B2R1K w kq -,g6e5 e8d8 h5g5 d8c8 g5g7 b6d4 g7h8 b7b6 h8g8 c8b7,607
2kr3r/p1p1qpp1/1p1p3p/3P1P1n/B1PQPBn1/2N5/PP1K4/R4R2 w - -,d4g1 g4f6 a1e1 h5f4 f1f4 h6h5 c4c5 d6c5 g1f1 e7e5,379
8/1k6/1P6/2P5/8/6K1/8/8 w - -,f4e3 g7g5 d2c2 d8g8 e3g1 g4e5 a4c6 c8d8 a2a4 h5f4,Mate
r2qk1nr/ppp2pb1/2np3p/6p1/2BPPpb1/5N2/PPP1N1PP/R1BQ1RK1 w kq -,d1d3 g8e7 h2h3 g4h5 c1d2 e8h8 h3h4 h5g6 h4g5 d6d5,-110
8/r2b4/pRp2Bp1/3kPp2/7P/P7/5PK1/8 w - -,g2f3 d7e8 f3f4 a7d7 b6a6 c6c5 f4g5 e8f7 a6a5 d5c6,221
3rb1k1/1p1rbp1p/4p1p1/p2pP3/P1P5/qP1R2P1/3B1QBP/3R3K w - -,,0
8/1p2n1pb/1p2k2p/rP5P/6P1/5R2/P1P5/R5K1 w - -,f3e3 e6d6 a1d1 e7d5 c2c4 h7g8 c4d5 a5b5 e3e8 g8f7,264
r3k2r/2p2ppp/p1pqpn2/2bp4/3N1Pb1/1P2P3/PBPP2PP/RN2QRK1 w kq -,d2d3 e8h8 e1g3 g4h5 b1d2 f8e8 d2f3 h5f3 f1f3 c5a3,80
8/1p1kn1pb/1p5p/rP5P/6P1/4R3/P1P5/R5K1 w - -,a1d1 d7e8 d1e1 a5a4 e3e7 e8f8 e7b7 a4g4 g1f2 h7c2,487
N7/1P1N4/P3B1P1/2P5/6R1/2k5/4P2P/R2K4 w - -,a1d1 d7e8 d1e1 a5a4 e3e7 e8f8 e7b7 a4g4 g1f2 h7c2,Mate
rn1k2nr/ppp4p/1b2p3/3qN2Q/4Np2/3p4/PPP3PP/R1B2R1K w - -,h5g5 d8c8 g5g7 b6d4 g7h8 d5d8 c1f4 b8d7 c2c3 d4e5,627
3rr3/1b2npbk/pNp1q1p1/1p1pp1Pp/1PP1P2P/1P1PBN2/4QP1K/R5R1 w - -,e3c5 e7c8 b6c8 e6c8 a1a2 d8d7 g1g3 c8d8 f3d2 b7c8,-33
4b3/r7/pRp2Bp1/3kPp2/7P/P5K1/5P2/8 w - -,g3f4 a7d7 b6a6 c6c5 a3a4 c5c4 a6a8 e8f7 a4a5 d7c7,252
8/6pk/5r1p/8/8/4RP1P/3R2PK/5r2 w - -,h3h4 f1a1 e3e7 f6g6 g2g3 a1a5 d2d8 h6h5 h2h3 a5a3,11
r3kb1r/pp2pppp/1qn2n2/3p1b2/2pP1B2/N1P1PN2/PPQ2PPP/R3KB1R w KQkq -,c2e2 e7e6 a3b1 a7a5 e2d2 a5a4 d2c1 a4a3 b2a3 f6e4,-182
1r3rk1/ppp2ppp/4p3/4P2n/6q1/1Q1P1N2/PP3PPP/3R1RK1 w - -,h2h3 g4f5 d3d4 h5f4 g1h2 f4d5 g2g3 f8d8 f3h4 f5h5,-13
3rb1k1/1p2bp1p/4p1p1/p2rP3/P7/qP1R2P1/3B1QBP/3R3K w - -,g2d5 d8d5 d3d5 a3b3 d2a5 e6d5 d1c1 e8c6 h1g1 d5d4,-43
4k3/1p2n1pb/1p5p/rP5P/6P1/4R3/P1P5/3R2K1 w - -,d1e1 a5a4 e3e7 e8f8 e7b7 a4g4 g1f2 h7c2 b7b6 g4b4,513
8/p7/3r1k1p/2R5/8/2K5/P7/8 w - -,c5h5 f6g6 h5h1 h6h5 a2a4 a7a6 a4a5 d6d5 h1a1 h5h4,-217
8/6pk/5r1p/8/8/3RRP1P/5rPK/8 w - -,d3d1 f2a2 h3h4 f6a6 e3e7 a6a7 e7e1 a2f2 h2h3 a7a2,1
r3k2r/2pq1ppp/p1p1pn2/2bp4/3N1Pb1/1P2P3/PBPP2PP/RN2QRK1 w kq -,h2h3 g4h5 d2d3 h5g6 b1d2 e8h8 d2f3 d7d6 f3h4 a8e8,95
rnk3nr/ppp4p/1b2p3/3qN1Q1/4Np2/3p4/PPP3PP/R1B2R1K w - -,g5g7 b6d4 g7h8 b7b6 h8g8 c8b7 e5d3 b8d7 g8g4 d5e4,621
4b1k1/1p2bp1p/4p1p1/p2rP3/P7/qP1R2P1/3B1Q1P/3R3K w - -,d3d5 a3b3 d2a5 e8c6 h1g1 e6d5 d1c1 d5d4 c1c6 b7c6,-20
r1bq1rk1/p3ppbp/6p1/3p4/4N3/4B3/PPP2PPP/R2QK2R w KQ -,e4c3 d5d4 e3d4 g7d4 e1h1 d4c3 b2c3 c8e6 f1e1 d8d1,-474
2kr3r/p1p1q3/1pBp3p/3P2pn/2PQPBn1/8/PP1KN3/R4R2 w - -,c4c5 e7f6 f4d6 f6d4 e2d4 h5f6 c5b6 a7b6 d6e7 f6e4,370
r3k2r/pp1nbpp1/1qp1pnp1/3p4/3P1B2/2PBP3/PP1N1PPP/R1Q1K2R w KQkq -,a2a4 c6c5 e1h1 e8h8 h2h3 f8c8 f1e1 e7d6 a4a5 b6c6,23
r2qk2r/ppp2pb1/2np1n1p/6p1/2BPPpb1/2P2N2/PP2N1PP/R1BQ1RK1 w kq -,d1c2 d8d7 h2h3 g4f3 f1f3 e8a8 c4d3 d6d5 e4d5 d7d5,-97
r1b2rk1/ppp1qpp1/2n1pn1p/8/1bBP3B/2N1PN2/PP3PPP/R2QK2R w KQ -,e1h1 b4c3 b2c3 e6e5 d1c2 c8e6 c4d3 e6d7 d3e2 f8e8,134
1r3rk1/ppp2ppp/4p1q1/4P2n/8/1Q1P1N1P/PP3PP1/3R1RK1 w - -,b3c4 f7f5 f1e1 h7h6 c4c1 b8d8 d3d4 c7c6 d1d3 a7a6,33
r2r2k1/1pp1bppp/4p3/P7/8/P1Nb1P2/BK1B2PP/RN5R w - -,a2b3 a8a5 h1d1 d3a6 a1a2 a5h5 d2f4 d8d1 b3d1 h5f5,470
8/6pk/5r1p/8/8/3RRP1P/2r3P1/6K1 w - -,,0
3rr3/1b2npbk/pN2q1p1/1p1pp1Pp/1P2P2P/1P1PBN2/4QP1K/R5R1 w - -,e3c5 d8d6 c5d6 e6d6 b6c4 b5c4 b3c4 d5c4 d3c4 e7c6,-357
8/2R5/p2r1k1p/8/8/2K5/P7/8 w - -,a2a4 h6h5 c3c4 h5h4 c4c5 d6e6 c7h7 f6g5 c5d4 g5g4,-357
2kr3r/pp1nbpp1/1qp1pnp1/3p4/3P1B2/2PBP3/PPQN1PPP/R3K2R w KQ -,a2a4 c6c5 a4a5 b6c6 h2h3 e7d6 f4d6 c6d6 a5a6 b7b6,92
rq5r/4kpb1/ppRNp1p1/3pP3/1P1P2p1/P4N1P/5P2/2Q2RK1 w - -,c1f4 h8f8 f1c1 a8a7 f4g4 f8d8 f3g5 d8d6 e5d6 e7d7,784
8/6pk/6rp/8/8/4RP1P/2r3P1/3R2K1 w - -,f3f4 g6g2 g1h1 g2h2 h1g1 c2g2 g1f1 g2b2 f1g1 h2g2,-5
r1n5/1p2bQ1p/4PNpk/4p3/p1q1Pp2/8/P4PPP/1R2R1K1 w - -,f3f4 g6g2 g1h1 g2h2 h1g1 c2g2 g1f1 g2b2 f1g1 h2g2,Mate
1R6/r4b2/p1p2Bp1/3kPp2/7P/P5K1/5P2/8 w - -,b8d8 d5c4 d8d6 c4c5 f6g5 a7c7 g5e3 c5c4 e5e6 f7e8,359
rnk3nr/ppp3Qp/1b2p3/4N3/4qp2/3p4/PPP3PP/R1B2R1K w - -,b8f8 a7d7 g3f4 c6c5 f8a8 c5c4 f4g5 f5f4 g5f4 f7e6,Mate
r1bq1rk1/p3ppbp/6p1/8/3p4/4B1N1/PPP2PPP/R2QK2R w KQ -,e3d4 g7d4 c2c3 d4g7 d1d8 f8d8 e1h1 f7f5 f1d1 c8a6,-497
r3k1nr/pp1b1ppp/4p3/B7/8/8/PPP2PPP/R3KB1R w KQkq -,e1a1 g8f6 h2h4 e8h8 h1h3 f8e8 b2b3 e6e5 h3g3 d7c6,82
r3qrk1/4b1p1/b1n1pn1p/2pp4/8/1PN2NP1/PB2PPBP/R2Q1RK1 w - -,a2a4 a8c8 c3b5 f6e4 f3e1 c6a5 e1d3 c5c4 b3c4 a5c4,73
rn1qkb1r/pbp2ppp/1p2pn2/3p4/2P5/2N2NP1/PPQPPP1P/R1B1KB1R w KQkq -,c3b1 c7c5 f1g2 b8c6 e1h1 a8c8 d2d3 f8e7 c1f4 e8h8,-59
8/8/1P6/2k5/8/8/8/7K w - -,c3b1 c7c5 f1g2 b8c6 e1h1 a8c8 d2d3 f8e7 c1f4 e8h8,Mate
2kr3r/p1p3q1/1pBp3p/2PP3n/Q3Ppn1/8/PP1KN3/R4R2 w - -,c3b1 c7c5 f1g2 b8c6 e1h1 a8c8 d2d3 f8e7 c1f4 e8h8,Mate
2kr3r/pp1nbpp1/1qp1p1p1/3p3n/3P1B2/2PBP3/PPQN1PPP/2KR3R w - -,f4e5 f7f6 e5g3 f6f5 c1b1 g6g5 d3e2 g5g4 f2f3 h5g3,2
8/7R/p2r2kp/8/8/2K5/P7/8 w - -,h7b7 h6h5 b7c7 h5h4 c3b4 d6f6 c7c3 g6f5 a2a4 f5g4,-461
r2q3r/pp1k1ppp/3p4/3p1b2/8/4QP2/PPP3PP/R1B1KB1R w KQ -,f1b5 d7c7 e1h1 d8f6 c1d2 d5d4 e3a3 a7a6 b5d3 f5d3,501
r3k1nr/1p1b1ppp/p3p3/B7/7P/8/PPP2PP1/R3KB1R w KQkq -,h1h3 g8f6 b2b3 e8h8 h3d3 d7c6 e1a1 a8c8 c1b2 b7b5,104
2kr3r/pp1nbpp1/1qp1p1p1/3p4/3P4/2PBP1n1/PPQN1PPP/2KR3R w - -,h2g3 c6c5 h1h8 d8h8 d3e2 c8b8 c1b1 e7f6 d2b3 a7a6,-2
r2q1rk1/ppp2pb1/2np1n1p/6p1/2BPPpb1/1QP2N2/PP2N1PP/R1B2RK1 w - -,h2h3 g4f3 g2f3 c6a5 b3a4 a5c4 a4c4 d8d7 c4d3 d7h3,-254
5rk1/1p1n1pp1/pq1bpn1p/3p4/2rP3B/2N2N2/PP3PPP/2RQR1K1 w - -,c3a4 b6a5 b2b3 c4c1 d1c1 f6e4 h4g3 d6g3 h2g3 b7b5,-248
6k1/1bp2ppp/p2p4/7R/Q1Pb4/P3q3/1r3NPP/5RK1 w - -,c3a4 b6a5 b2b3 c4c1 d1c1 f6e4 h4g3 d6g3 h2g3 b7b5,Mate
rnb1r1k1/4qpb1/p2p1n1p/1ppP2p1/4P3/2N3B1/PPQNBPPP/R4RK1 w - -,a1e1 b8d7 a2a4 b5b4 c3d1 d7e5 d1e3 a8b8 b2b3 e5g6,108
rnk3nr/ppp3Qp/4p3/3qN3/3bNp2/3p4/PPP3PP/R1B2R1K w - -,g7h8 b7b6 h8g8 c8b7 e5d3 b8d7 g8g4 d5e4 c1f4 e4d5,614
r1b1kb1r/1pq2ppp/p1nppn2/8/P1BpP3/2N2N2/1PP2PPP/R1BQR1K1 w kq -,c3b1 c7b6 c4b3 f8e7 b1d2 b6d8 d2b1 e6e5 c2c3 d4c3,-67
r1bq1rk1/p3pp1p/6p1/3p4/8/4B1N1/PbP2PPP/R2QK2R w KQ -,e3d2 b2a1 d1a1 c8a6 h2h4 d5d4 h4h5 a8b8 d2h6 d8a5,-413
2kr3r/pp2bpp1/1qp1pnp1/3p4/3P4/2PBP1P1/PPQN1PP1/2KR3R w - -,h1h8 d8h8 d2f3 b6c7 f3g5 e7d8 c2e2 h8e8 g5f3 f6g4,21
r1bqk2r/bpp2ppp/p1np4/2nQP3/B7/2P2N2/PP3PPP/RNB2RK1 w kq -,c1g5 d8d7 e5d6 d7d6 d5d6 c7d6 a4c2 c8g4 b1d2 c5e6,26
3rr3/1b2npbk/pN2q1p1/1pB1p1Pp/1P2p2P/1P1P1N2/4QP1K/R5R1 w - -,d3e4 e7c6 a1b1 c6d4 e2e3 d4f5 e3e2 d8d4 f3d2 e8d8,-337
r3k2r/2pq1pp1/p1p1pn1p/2bp4/3N1Pb1/1P1PP3/PBP3PP/RN2QRK1 w kq -,b3b4 c5e7 h2h3 g4h5 e1c3 a6a5 a2a3 a5b4 a3b4 a8a1,132
r2q1rk1/pQp2pb1/3p1n1p/n5p1/2BPPpb1/2P2N2/PP2N1PP/R1B2RK1 w - -,b7b4 c7c5 b4a4 a5c4 a4c4 f6e4 c1f4 d6d5 c4d3 c5c4,-337
6k1/1p6/p1p3p1/5pP1/4p1r1/1P2K1R1/1PP5/8 w - -,g3g4 f5g4 e3e4 g8f7 e4f4 f7e6 f4g4 e6e5 b3b4 e5e4,-441
2r5/3k1ppp/pp1p4/3P4/3P1P2/2r5/P5PP/R1B2RK1 w - -,f4f5 f7f6 c1f4 c8c4 a2a4 a6a5 a1b1 c4b4 f4d2 b4b1,326
r2qk2r/pppn1ppp/2b1p3/3n4/1bNP1B2/5NP1/PP2PPBP/R2Q1RK1 w kq -,c4e5 d7e5 f3e5 c6b5 d1b3 a7a5 a2a3 a5a4 b3f3 b4e7,144
r4rk1/p2n1pp1/1p1b1n1p/2pp1p2/1PP5/N1BP2P1/1P2PPBP/R4RK1 w - -,b4c5 d6c5 b2b4 c5d6 a3b5 d6e5 c3e5 d7e5 b5a7 a8d8,322
7R/8/p2r2k1/7p/8/2K5/P7/8 w - -,a2a3 g6g5 h8g8 d6g6 g8h8 h5h4 c3d3 g6h6 h8g8 g5f4,-457
3rr3/1b2npbk/pN4p1/1pB1p1Pp/1P2P2P/1q3N2/4QP1K/R5R1 w - -,f3e1 d8d4 f2f3 e8d8 g1g2 e7c6 e2b2 b3e6 b2a2 e6a2,-221
r2q1rk1/p1p2pb1/Q2p1n1p/6p1/2nPPpb1/2P2N2/PP2N1PP/R1B2RK1 w - -,e4e5 g4f3 g2f3 c4e5 d4e5 d6e5 b2b3 d8d7 c1a3 f8e8,-423
r3r3/1kp1n3/1p2p1p1/p3P2p/P2RKPP1/1P5P/1B6/3R4 w - -,d4d7 h5g4 h3g4 b7c6 b2c3 e7d5 d1d5 e6d5 d7d5 e8h8,73
r1b1k1nr/1pqp1ppp/p1n5/2b1p3/2BNP3/2N1B3/PPP2PPP/R2Q1RK1 w kq -,d4b5 a6b5 c3b5 c7b6 d1d5 c6d4 d5f7 e8d8 f7g7 d4b5,549
2kr3r/pp2bpp1/1qp1pnp1/8/3Pp3/2PB2P1/PPQN1PP1/2KR3R w - -,d2c4 b6c7 h1h8 d8h8 d3e4 h8d8 b2b4 f6d5 a2a4 e7f6,26
r1bq1rk1/1p2bppp/p1np1n2/4p3/3PP3/P1NB1N2/1P3PPP/R1BQR1K1 w - -,d4d5 c6a7 h2h3 c8d7 a3a4 b7b5 a4a5 d8b8 c1e3 e7d8,118
rn1qk2r/ppp1bppp/3p1n2/4p3/2P1P1b1/2N3P1/PP1PNPBP/R1BQK2R w KQkq -,d2d4 b8c6 h2h3 g4e2 c3e2 c6d4 e2d4 e5d4 d1d4 e8h8,89
6k1/pb3pp1/1p5p/2np4/8/PP2PN2/4BPPP/6K1 w - -,b3b4 c5e6 g1f1 g8f8 g2g3 f8e7 f1e1 a7a5 e1d2 a5b4,18
rnbqk1nr/3p1ppp/2p1p3/bp6/3PP3/5N2/P2B1PPP/RN1QKB1R w KQkq -,f1d3 g8e7 e1h1 d7d6 d2e3 e8h8 b1d2 h7h6 a2a4 b5b4,-60
rn1qk2r/pbp1bppp/1p2p3/3n4/8/2N2NP1/PPQPPPBP/R1B1K2R w KQkq -,e1h1 e8h8 f1d1 c7c5 d2d4 b8d7 c3d5 e6d5 b2b3 a8c8,28
3b1rk1/pp1r2pp/2q5/2p1Pp2/2P3Q1/6P1/PB5P/4RRK1 w - -,g4e2 d8g5 b2c3 c6e6 e1d1 d7d1 f1d1 f5f4 d1f1 f4g3,-115
6k1/1p6/p1p3p1/6P1/4p1p1/1P2K3/1PP5/8 w - -,e3e4 g8f7 e4f4 f7e6 f4g4 e6e5 b3b4 e5e4 c2c4 e4e5,-470
r2qr3/1p3ppk/pbn5/3p4/1P1P2b1/P3BN2/5PPP/R2Q1RK1 w - -,a1b1 h7g8 h2h3 g4f3 d1f3 b6d4 b1d1 e8e4 d1d2 d4e3,-509
r1bqkb1r/pp1p1ppp/5n2/n1p5/3NP3/3B4/PPP2PPP/RNBQK2R w KQkq -,d4f3 d7d5 e4e5 f6d7 b1c3 d7b6 c1g5 f8e7 d3b5 a5c6,67
rn4Q1/pppk3p/4p3/3qb3/4Np2/3p4/PPP3PP/R1B2R1K w - -,c1f4 d3c2 g8h7 d7c6 e4c3 e5c3 h7c7 c6b5 a2a4 b5a6,718
7R/8/p2r4/6kp/2K5/8/P7/8 w - -,c4b3 h5h4 h8c8 d6g6 c8c3 g5g4 c3c4 g4h5 c4c5 g6g5,-542
2kr3r/pp2bpp1/1qp1p1p1/3n4/3PN3/2PB2P1/PPQ2PP1/2KR3R w - -,d3c4 b6a5 c1b1 h8h1 d1h1 d5f6 f2f3 a7a6 a2a3 c8b8,25
3rr3/1b3pbk/pN2q1p1/1pB1pnPp/1P2P2P/1P3N2/4QP1K/R5R1 w - -,f3d2 f5d4 e2d3 f7f5 a1e1 f5e4 d2e4 e8f8 c5f8 d8f8,-343
r4rk1/2pq1pp1/p1p1pn1p/2bp4/3N1Pb1/1P1PP3/PBPN2PP/R3QRK1 w - -,h2h3 g4h5 g2g4 h5g6 d2f3 c5d6 f3e5 d7e8 d4c6 f6d7,123
rn2qrk1/pbppb1pp/1p2pn2/5p2/2PP4/3BPN2/PPQN1PPP/R1B2RK1 w - -,a2a3 c7c5 f1e1 b8c6 b2b3 e7d6 c1b2 e8h5 d4d5 c6e7,36
r1bq1rk1/pppp1ppp/2n5/4p3/2B1P3/3P1N1P/PPP2KP1/RNBQ4 w - -,c1g5 c6e7 b1c3 g8h8 d3d4 f7f6 g5e3 d7d6 f2g1 f6f5,235
r1b1k2r/1pq1bppp/p1nppn2/8/P1BNP3/2N5/1PP2PPP/R1BQR1K1 w kq -,d4c6 b7c6 a4a5 d6d5 c4d3 e8h8 c1e3 c6c5 d1f3 d5d4,27
r2q1rk1/1p2bppp/p1np1n2/4p3/3PP1b1/P2B1N2/1P2NPPP/R1BQR1K1 w - -,d4d5 g4f3 g2f3 c6b8 e2g3 f6e8 d3f1 b8d7 f1h3 a6a5,68
r2qk2r/pb1pppbp/1pn3p1/2p5/4P1n1/2NP2P1/PPPBNPBP/R2QK2R w KQkq -,d2f4 e8h8 h2h3 g4f6 e1h1 f6e8 f4g5 h7h6 g5e3 c6d4,-15
r1bqk2r/6pp/P1nbpn2/2pp4/8/5NP1/PP2PPBP/RNBQK2R w KQkq -,e1h1 e8h8 b1c3 c8a6 f1e1 a8b8 c1g5 d8c7 a1c1 b8b2,74
8/1p6/p1p1k1p1/6P1/5Kp1/1P6/1PP5/8 w - -,f4g4 e6e5 b3b4 e5e4 g4g3 e4f5 g3h4 f5f4 c2c3 f4f5,-531
3rr3/1b3pbk/pN4p1/1pB1pqPp/1P5P/1P3N2/4QP1K/R5R1 w - -,g1g3 e5e4 a1e1 e4f3 e2e8 d8e8 e1e8 b7c6 e8e7 g7e5,-482
2kr3r/ppq1bpp1/2p1p1p1/3n4/3PN3/1QPB2P1/PP3PP1/2KR3R w - -,h1h8 d8h8 b3c2 e6e5 d4e5 c7e5 e4d2 e5g5 c1b1 h8d8,8
r4rk1/p1p2ppp/2pp2n1/2q5/4P3/5BP1/PB2QPKP/1R3R2 w - -,h2h4 f8b8 f1c1 c5a5 b2a1 h7h6 e2c2 b8b6 b1b6 a7b6,442
r2qk2r/pb1pppbp/1pn2np1/2p5/4P3/2NP2PP/PPPBNPB1/R2QK2R w KQkq -,d2e3 e8h8 e1h1 e7e6 d3d4 d7d6 a2a4 c6b4 f1e1 d8d7,-14
1R6/r4b2/p4Bp1/2pkPp2/5K1P/P7/5P2/8 w - -,b8d8 d5c6 d8d6 c6c7 f6e7 a7a8 d6f6 f7d5 e7c5 a8h8,390
1r3rk1/ppp2ppp/4p1q1/4P3/3P1n2/1Q3N1P/PP3PP1/3R1RK1 w - -,f3h4 g6g5 g2g3 f8d8 g1h2 g5e7 h4f3 f4d5 d1c1 d8d7,-14
r1bq1rk1/pppp1ppp/8/4p1N1/2BnP3/3P3P/PPP2KP1/RNBQ4 w - -,c2c3 d4e6 g5f3 f8e8 c4b3 c7c6 d3d4 e5d4 c3d4 d7d5,174
r1bk1b1r/pppn1ppp/5n2/4p3/4P3/2N5/PPP1BPPP/R1B1K1NR w KQ -,g1f3 f8b4 c1d2 d8e7 h1f1 b4c3 d2c3 f6e4 c3e5 d7e5,17
rq1k3r/2R2pb1/pp1Np1p1/3pP3/1P1P2p1/P4N1P/5P2/2Q2RK1 w - -,g1f3 f8b4 c1d2 d8e7 h1f1 b4c3 d2c3 f6e4 c3e5 d7e5,Mate
rnbqkb1r/pp2pppp/2p2n2/3p4/Q4P2/2P5/PP1PP1PP/RNB1KBNR w KQkq -,d2d3 c8f5 g1f3 e7e6 c1e3 f8d6 g2g3 e8h8 f1g2 b8d7,-85
r2qk2r/ppp2pb1/2np1n1p/8/2BPPpb1/2P2N2/PP2N1PP/R2Q1RK1 w kq -,d1d2 f6e4 d2f4 e4f6 e2g3 e8h8 a1e1 c6e7 f3h4 g8h8,-176
r1bqkb1r/pp2pppp/2n2n2/2pp4/2PP4/5N2/PP2PPPP/RNBQKB1R w KQkq -,c4d5 c6d4 e2e4 c8g4 f1e2 g4f3 e2f3 g7g6 e1h1 f8g7,38
r1bqkbnr/1p3ppp/p1npp3/8/3NP3/2NQ4/PPP2PPP/R1B1KB1R w KQkq -,d4c6 b7c6 f1e2 g8f6 e1h1 f8e7 f1d1 e8h8 c1f4 d6d5,44
r1bqk2r/1p1nbp2/p2p3p/3Nnp2/4PBP1/7P/PPP1Q1B1/1K1R3R w kq -,e4f5 a6a5 h3h4 h8g8 d1d4 a8a6 f4h6 e7h4 h6f4 a6c6,191
2r3k1/5rbp/1q1p1pp1/pp1Pn3/3N2P1/P1P3QP/1PB2R1K/5R2 w - -,d4e6 b5b4 c3b4 a5b4 a3a4 b6a5 c2b3 a5a6 f1d1 g8h8,35
rn6/ppp2Q1p/3kp3/4b3/4qB2/3p4/PPP3PP/R4R1K w - -,a1e1 e4f4 f1f4 d3d2 e1d1 e5f4 f7f4 d6c6 d1d2 a7a5,850
r1b3nr/1pq1k1Np/p1n2p2/3pp2Q/2B1P3/2N1P3/PPP3PP/R4RK1 w - -,c3d5 e7d6 g7e8 d6c5 e8c7 c5c4 c7a8 c8e6 d5c7 g8h6,1312
8/8/1Pk5/2P5/5K2/8/8/8 w - -,g7f5 c8f5 c3d5 e7d6 d5c7 f5g6 h5g6 h7g6 c7a8 g8e7,Mate
2kr3r/ppq1bpp1/1np1p1p1/8/3PN3/1QPB2PR/PP3PP1/2KR4 w - -,h3h8 d8h8 c1b1 b6d5 e4d2 h8d8 d2c4 g6g5 d3e2 e7f6,14
6k1/1bp2ppp/p2p1b2/7R/Q1P5/P3q3/5rPP/5RK1 w - -,h3h8 d8h8 c1b1 b6d5 e4d2 h8d8 d2c4 g6g5 d3e2 e7f6,Mate
4r1k1/r1p3pp/1p1p4/p3ppq1/P1PPb3/2P1P2P/2Q2PPB/R1R3K1 w - -,h2g3 e4c2 c1c2 f5f4 g3h2 f4e3 d4e5 d6e5 a1e1 e3f2,-556
r1b1kb1r/pp2pppp/1qn2n2/2pp4/2PP1B2/5N2/PP2PPPP/RN1QKB1R w KQkq -,d4c5 b6b2 b1d2 c6b4 a1c1 c8f5 c4d5 b4c2 c1c2 f5c2,-115
rnbqkb1r/pp3ppp/2p1pn2/3p4/Q4P2/2P1P3/PP1P2PP/RNB1KBNR w KQkq -,g1f3 f8d6 d2d4 e8h8 f1d3 c6c5 a4d1 b7b6 f3e5 c8a6,-46
r2q1rk1/ppp2pb1/2np1n1p/8/2BPPNb1/2P2N2/PP4PP/R2Q1RK1 w - -,d1e1 f6h5 f3h4 h5f4 f1f4 d8g5 e1f2 c6e7 c4f7 g8h8,-175
8/3k3p/3p2p1/3P1p2/1P1P1PP1/p6P/6K1/8 w - -,b4b5 d7c7 g2g3 c7b6 g3h4 a3a2 h4g5 a2a1q h3h4 f5g4,-930
r1bq1rk1/pp2b1pp/2n1pn2/3p4/5P2/1PN2N2/PBPQ2PP/2KR1B1R w - -,a2a3 a7a6 f1d3 c8d7 h1e1 d8a5 b3b4 c6b4 a3b4 e7b4,80
r1bk3r/pppn1ppp/5n2/4p3/1b2P3/2N4P/PPP1BPP1/R1B1K1NR w KQ -,f2f3 b4c3 b2c3 d7b6 e2d3 h8e8 h3h4 c8e6 h4h5 f6d7,-9
8/1p6/1ppp2k1/1P6/2P1K3/8/P7/8 w - -,a2a3 g6f6 b5c6 b7c6 e4f4 d6d5 c4d5 c6d5 a3a4 f6e6,-1212
3rr3/1b3pbk/pN4p1/1pB2qPp/1P2p2P/1P6/4QP1K/R3N1R1 w - -,a1d1 f5f4 g1g3 f4h4 g3h3 g7e5 h2g2 e4e3 b6d5 h4g5,-561
3R4/r4b2/p1k2Bp1/2p1Pp2/5K1P/P7/5P2/8 w - -,d8d6 c6c7 f6e7 a7a8 d6f6 f7b3 f6g6 a8h8 f4g5 b3d1,389
2kr4/ppq1bpp1/1np1p1p1/8/3PN3/1QPB2Pr/PP3PP1/2K4R w - -,g2h3 a7a5 a2a4 c8b8 h1d1 f7f5 e4c5 e7c5 d4c5 b6d5,-4
r1b3nr/1pq3kp/p1n2p2/3Bp3/4P3/2N1P3/PPP3PP/R4RK1 w - -,a1d1 c8g4 d5g8 h8g8 c3d5 c7d8 d1d3 g4e6 f1f3 g7f7,-742
r2q1rk1/pb2ppbp/1pnp1np1/2p5/4PP2/2NP2PP/PPPBN1B1/R2Q1RK1 w - -,f4f5 f6d7 g3g4 a8b8 a2a4 a7a6 d1c1 c6d4 e2d4 c5d4,19
r1b1k2r/1pq1bpp1/p1nppn2/7p/P1B1P3/2N5/1PP1NPPP/R1BQR1K1 w kq -,h2h3 c8d7 c1g5 c7a5 g5d2 a5d8 d2e3 a8c8 c4d3 e8h8,32
rn6/ppp2Q1p/3kp3/4b3/2q2B2/3p4/PPP3PP/4RR1K w - -,c4d3 b7b6 c1g5 c8b7 d1d2 c6e5 a1d1 a8c8 h2h3 e8h8,Mate
rnbqk2r/pp3ppp/2p1pn2/2bp4/Q4P2/2P1P1P1/PP1P3P/RNB1KBNR w KQkq -,a4c2 b7b5 d2d4 c5e7 f1d3 a7a5 g1f3 c8a6 a2a4 e8h8,-63
r2qkb1r/pp1n1ppp/2p1pn2/3p1b2/2P4P/2N2NPB/PP1PPP2/R1BQK2R w KQkq -,h3f5 e6f5 c4d5 c6d5 d1c2 g7g6 h4h5 f8g7 h5h6 g7f8,61
2k5/8/1P1K4/2P5/8/8/8/8 w - -,h3f5 e6f5 c4d5 c6d5 d1c2 g7g6 h4h5 f8g7 h5h6 g7f8,Mate
rn1q1rk1/1p2bppp/p2p1n2/3Pp3/4P1b1/P2B1N2/1P2NPPP/R1BQR1K1 w - -,f3d2 a6a5 a3a4 f6d7 d3b5 d7b6 b2b3 g4d7 e2c3 d8c7,99
r3r3/2pRn3/1pk1p1p1/p3P3/P3KPP1/1P6/1B6/3R4 w - -,b2c3 a8b8 d1d2 b8b7 d2d4 b7b8 d4d1 b6b5 c3a5 b5a4,98
r1b2rk1/pp1pbppp/2p2q2/1B6/8/2P5/P1PPQPPP/R1B2RK1 w - -,,0
2k5/7p/1P1p2p1/3P1p2/3P1PP1/7P/p5K1/8 w - -,f1e1 f8e8 b5d3 d7d6 a1b1 d6d5 c1a3 c8e6 a3e7 e8e7,Mate
2kr4/ppq1bpp1/1n2p1p1/2p5/3PN3/1QPB2PR/PP3PP1/2K5 w - -,d4c5 e7c5 h3h7 d8d3 b3b5 c5e3 f2e3 d3d8 h7g7 b6c4,-26
3rr3/1b3pbk/pN4p1/1pB3Pp/1P2pq1P/1P6/4QP1K/3RN1R1 w - -,g1g3 f4h4 g3h3 g7e5 h2g2 e4e3 b6d5 b7d5 d1d5 h4f2,-571
2kr4/ppq2pp1/1n2p1p1/2b5/4N3/1QPB2PR/PP3PP1/2K5 w - -,h3h7 d8d3 b3b5 c5e3 f2e3 d3d8 h7g7 b6c4 b2b3 c4e3,-25
r3k1nr/pppq1pb1/2np3p/6p1/2BPPpb1/2P2N2/PP2N1PP/R1BQ1RK1 w kq -,a2a4 g8f6 c4d3 c6e7 a4a5 a7a6 h2h3 g4h5 d1c2 e8h8,-102
r2q1rk1/pp3pp1/7p/b2p1b2/2pP4/P1N2N2/1PPQ1PPP/4RRK1 w - -,e1e3 d8b6 d2c1 a8d8 e3e5 f5e6 f1e1 a7a6 h2h3 b6c6,-47
3rr3/1b3pbk/pN4p1/1pB3Pp/1P2p2q/1P4R1/4QP1K/3RN3 w - -,g3h3 g7e5 h2g2 e4e3 b6d5 b7d5 d1d5 h4f2 e2f2 e3f2,-572
2r3k1/5rbp/2q2pp1/pp1p4/6P1/PBP3QP/1P3R1K/5R2 w - -,f2d2 f7d7 f1d1 g8h8 b3d5 c6b6 h2g2 f6f5 g4f5 g6f5,-7
2kr4/pp3pp1/1n2p1p1/2q5/8/1QPB2PR/PP3PP1/2K5 w - -,b3d1 c5f2 d1e2 f2c5 a2a3 b6d5 h3h4 c5e3 e2e3 d5e3,-164
r1b2rk1/pp4pp/2n1pn2/q2p4/1b3P2/1PNB1N2/PBPQ2PP/1K1R3R w - -,d2e3 a5c5 e3e1 d5d4 c3e4 b4e1 e4c5 e1b4 c5e4 f6e4,76
r3r3/2pR4/1pk1p1p1/p2nP3/P3KPP1/BP6/8/3R4 w - -,f4f5 c6d7 f5e6 d7e6 d1d5 e8d8 d5b5 d8d1 a3c5 b6c5,-527
2k2r1r/p1p1q3/1pBp3p/2PP2pn/3QPBn1/8/PP1KN3/R4R2 w - -,f4d6 c7d6 c5b6 c8b8 f1f7 e7f7 d4b4 g4f2 b4d6 b8c8,455
r1bq1rk1/1pp1n1pp/p1np4/2b1pp2/4P3/2NP2PP/PPP1NPB1/R1BQ1RK1 w - -,g1h1 d8e8 h1h2 f5e4 c3e4 c5a7 c1e3 a7e3 f2e3 f8f1,-23
3rr3/1b3p1k/pN4p1/1pB1b1Pp/1P2p2q/1P5R/4QP1K/3RN3 w - -,h2g2 e4e3 b6d5 b7d5 d1d5 h4f2 e2f2 e3f2 c5f2 d8d5,-578
r3k2r/pppq1pb1/2np1n1p/6p1/1PBPPpb1/2P2N2/P3N1PP/R1BQ1RK1 w kq -,d1c2 c6e7 c4d3 e7g6 h2h3 g4f3 f1f3 e8h8 c1b2 g6h4,-144
3rr1k1/2q3bp/p1p1p1p1/1p1n1p1P/3PB3/2P3P1/PPQ2PK1/2BRR3 w - -,e4f3 g8f7 e1h1 d8d6 c1g5 c6c5 d4c5 c7c5 h1h4 g7f6,104
r1bq1rk1/pp1nbppp/4pn2/2ppN1B1/2PP1P2/2N1P3/PP4PP/R2QKB1R w KQ -,a1c1 a7a6 g5f6 d7f6 c4d5 f6d5 c3d5 d8d5 d4c5 e7h4,-33
3rr3/1b3p1k/pN4p1/1pB1b1Pp/1P5q/1P2p2R/4QPK1/3RN3 w - -,d1d5 b7d5 b6d5 h4f2 e2f2 e3f2 c5f2 d8d5 h3e3 e8e6,-577
rnb5/ppppqk2/5p1Q/6p1/3P3p/2NB1N2/PPP2PPP/2KRR3 w - -,d1d5 b7d5 b6d5 h4f2 e2f2 e3f2 c5f2 d8d5 h3e3 e8e6,Mate
r1bq1rk1/pppp1pp1/7p/4p1NQ/2BnP3/3P3P/PPP2KP1/RNB5 w - -,c4f7 f8f7 h5f7 g8h8 b1c3 c7c6 g5f3 d4f3 f7f3 d7d5,414
rq1k3r/5R2/pp1Np1pb/3pP3/1P1P2p1/P4N1P/5P2/2Q2RK1 w - -,c4f7 f8f7 h5f7 g8h8 b1c3 c7c6 g5f3 d4f3 f7f3 d7d5,Mate
r4r1k/2pq1pp1/p1p1pn1p/2bp4/3N1Pb1/1P1PP1Q1/PBPN2PP/R4RK1 w - -,g1h1 a6a5 g3h4 c5e7 d2f3 g4f3 d4f3 a5a4 g2g4 f6g8,162
8/1p6/p1p3p1/4k1P1/6K1/1P6/1PP5/8 w - -,g4h3 e5f5 h3g2 f5g5 b3b4 g5f4 c2c3 g6g5 g2f2 g5g4,-701
r1bqk2r/bpp2ppp/p1np4/4P3/B7/2P2N2/PP1n1PPP/R1BQ1RK1 w kq -,c1d2 e8h8 d2g5 d8d7 e5d6 d7d6 d1d6 c7d6 f1d1 h7h6,67
2k2r1r/p1p3q1/1pBp3p/2PP2pn/Q3PBn1/8/PP1KN3/R4R2 w - -,e4e5 a7a5 c5b6 c7b6 a4b5 g7a7 c6d7 c8b8 e2d4 a7b7,518
r2q1rk1/1p1nbppp/p2p1n2/3Pp3/4P1b1/P2B1NN1/1P3PPP/R1BQR1K1 w - -,h2h3 g4f3 d1f3 f6e8 f3e3 a6a5 g3f5 d7c5 d3c2 a5a4,74
r1b2rk1/pp3pp1/1q5p/b2p4/2pP4/P1N2N2/1PPQ1PPP/R3R1K1 w - -,a1b1 c8f5 e1e5 f5e6 e5e1 b6d6 e1e5 a7a6 b1e1 a8e8,-51
r1b1k2r/1pq1bpp1/p1npp3/7p/P1B1P1nP/2N5/1PP1NPP1/R1BQR1K1 w kq -,c1f4 e7h4 e2g3 c6b4 c4b3 e6e5 f4e3 h4g3 f2g3 c8e6,-182
r2qnrk1/pb2ppbp/1p1p4/2p2p2/3nP1P1/2NP3P/PPPBN1B1/R1Q2RK1 w - -,f1f2 f5g4 h3g4 g8h8 d2h6 d8d7 h6g7 e8g7 g2h3 f8g8,-84
rnbk4/pppp4/5p1Q/6p1/3P3p/2NB1N2/PPP2PPP/2K1R3 w - -,f1f2 f5g4 h3g4 g8h8 d2h6 d8d7 h6g7 e8g7 g2h3 f8g8,Mate
r6r/2p5/1pk3p1/p2RP3/P3KPP1/BP6/8/8 w - -,,0
rnbqkb1r/ppp2ppp/5n2/8/2Bp1p2/2N2N2/PPP3PP/R1BQ1RK1 w kq -,f3g5 c8g4 c4f7 e8d7 d1d4 d7c8 d4f4 d8d7 c3e4 f8e7,174
r2q1rk1/pppn1pb1/3pbnpp/1P2p3/P1P5/4PN2/1B1PBPPP/RN1Q1RK1 w - -,d2d4 f8e8 a4a5 a7a6 h2h3 c7c6 b5b6 e5d4 f3d4 f6e4,45
r2q1rk1/1p1nbppp/p2p1n2/3Pp3/4P3/P2B1bNP/1P3PP1/R1BQR1K1 w - -,d1f3 f6e8 f3e3 a6a5 g3f5 d7c5 d3c2 a5a4 f5e7 d8e7,71
3R4/pp2kpb1/2p1b1pp/4p3/2P1P3/1P3B2/P4PPP/6K1 w - -,d8b8 b7b6 b8b7 e7e8 b7a7 g7f6 a7a6 e8d7 a6b6 f6d8,455
6k1/1ppb1pp1/8/2p1PPR1/p1P4N/1r5P/P5P1/6K1 w - -,e5e6 b3b1 g1h2 f7e6 f5f6 g7g6 g5g6 g8f7 g6g7 f7f6,290
8/r4b2/p2R1Bp1/1kp1Pp2/5K1P/P7/5P2/8 w - -,e5e6 f7e6 d6e6 a6a5 f4g5 b5a4 e6c6 a4a3 c6c5 a5a4,593
r1b1k2r/pp2nppp/2n1p3/3q4/1b1N4/2N1B3/PPPQ1PPP/R3KB1R w KQkq -,c3d5 b4d2 e3d2 e6d5 d2e3 c6d4 e3d4 f7f6 e1a1 e8f7,87
6k1/7p/3q1ppb/pp1r4/6P1/PBP2Q1P/1P4K1/8 w - -,,0
r1bqk2r/b1p2ppp/p1np4/1p2P3/B7/2P2N2/PP1B1PPP/R2Q1RK1 w kq -,d2g5 d8d7 a4c2 d6e5 c2e4 d7d1 a1d1 c8b7 f3e5 c6e5,115
1r1k1b1r/pbp2ppp/B7/8/3Pp1q1/1Q4Pn/PP1P1PKP/RNB2R2 w - -,b3d1 g4f3 g2h3 b7a6 d1f3 e4f3 d2d3 a6c8 g3g4 h7h5,-454
8/1p6/8/1p1p1r2/1R3Npp/P1P1K1P1/1Pk4P/1r6 w - -,f4d5 f5d5 c3c4 b5c4 b4c4 c2b2 c4g4 b2a3 g4h4 b7b5,-556
r1bq1rk1/pp1nbpp1/2p1pn1p/3pN1B1/2PP1P2/2N1P3/PP4PP/R2QKB1R w KQ -,g5h6 g7h6 f1d3 g8g7 d1f3 f8g8 d3c2 g7f8 e1a1 f8e8,-125
r1b1k1nr/ppp1qpp1/2n1p3/3p3p/1bPP4/2N1PNB1/PP3PPP/R2QKB1R w KQkq -,a1c1 h5h4 g3f4 b4c3 b2c3 h4h3 g2h3 g8f6 h1g1 f6h5,106
r2qr1k1/1p1nbp1p/p2p1npB/3Pp3/4P3/P2B1QNP/1P3PP1/R3R1K1 w - -,b2b4 d8b6 h6e3 b6d8 f3e2 h7h5 g3f1 a6a5 e1b1 a5b4,111
rn1qkb1r/ppp2ppp/5n2/6N1/2Bp1pb1/2N5/PPP3PP/R1BQ1RK1 w kq -,c4f7 e8d7 d1d4 d7c8 d4d8 c8d8 c1f4 b8c6 h2h3 h7h6,200
r1bq1rk1/ppp2Np1/7p/3pp2Q/2BnP3/3P3P/PPP2KP1/RNB5 w - -,f2g1 f8f7 c4d5 c8e6 d5e6 d4e6 c1e3 e6f4 e3f4 d8d4,-255
r1b2rk1/pp1pbppp/2p2q2/1B6/3P4/2P5/P1P1QPPP/R1B1K2R w KQ -,b5d3 d7d5 h2h4 f8e8 c1g5 f6d6 e1h1 c8d7 e2d2 h7h6,-30
5r2/1p5p/p1n1b3/4p3/4P1Pk/P1R1P1rP/1P1R2K1/8 w - -,b5d3 d7d5 h2h4 f8e8 c1g5 f6d6 e1h1 c8d7 e2d2 h7h6,Mate
r7/2p5/1pk1P1p1/p2R4/P3KPP1/BP6/8/7r w - -,d5d7 h1e1 e4f3 e1e6 d7d3 a8h8 f3g3 e6e1 a3b2 h8h7,-332
r1b2rk1/pp2bppp/2p2q2/3p4/3P4/2PB4/P1P1QPPP/R1B1K2R w KQ -,e1h1 f8e8 a2a4 b7b6 g2g3 c8d7 c1e3 e7d6 f1e1 e8e6,-27
3rr3/1b3pbk/p5p1/1pBN2Pp/1P1pP2P/1q6/4QP1K/3R2R1 w - -,d5e7 d8d7 d1d3 b3c4 e4e5 a6a5 g1b1 a5b4 c5b4 d7e7,-520
r2qr1k1/1p1n1pbp/p2p1np1/3Pp1B1/4P3/P2B1QNP/1P3PP1/2R1R1K1 w - -,g3f1 a8c8 b2b4 c8c1 e1c1 d8b8 f1d2 e8c8 d2c4 h7h6,122
r2qnrk1/p3pp1p/1p1p1b2/2p2P2/3n2P1/2NP3P/PPPBN1K1/R1Q2R2 w - -,e2d4 c5d4 c3d5 g8h8 d2h6 f8g8 d5f6 e8f6 c1f4 d8c7,167
8/8/8/3k4/1P3P2/8/8/3K4 w - -,d2g5 d4e2 c3e2 g8h8 g5f6 e8f6 e2g3 f6d7 g4g5 d7e5,Mate
2k5/7p/1P5P/4qp2/5P2/6K1/8/3q4 w - -,d2g5 d4e2 c3e2 g8h8 g5f6 e8f6 e2g3 f6d7 g4g5 d7e5,Mate
r4r1k/2pq1pp1/p1p1pn1p/2bp3b/3N1P2/1P1PPNQ1/PBP3PP/R4RK1 w - -,f3e5 d7e7 g3h3 h8g8 g2g4 h5g6 a1e1 e7d6 d4c6 a8e8,239
rnbq1rk1/pp2bpp1/3p1n1p/2pP4/4P3/2N2N1P/PP3PP1/R1BQKB1R w KQ -,f1e2 f6h7 e1h1 h7g5 f3d2 f7f5 e4f5 c8f5 f2f4 g5f7,187
r2qk2r/pp1b1pp1/4p2p/1Bpn4/1b1P4/2N2N2/PPPQ1PPP/R3K2R w KQkq -,b5d7 d8d7 e1h1 a8d8 a1d1 d7c8 f3e5 b4a5 d2d3 e8h8,-79
r2q1rk1/ppp2Np1/4b2p/3Bp2Q/3nP3/3P3P/PPP2KP1/RNB5 w - -,d5e6 d4e6 f2g1 f8f7 c1e3 e6f4 e3f4 d8d4 g1h2 f7f4,-271
1q1k3r/r4R2/pp1Np1pb/3pP1N1/1P1P2p1/P6P/5P2/2Q2RK1 w - -,d5e6 d4e6 f2g1 f8f7 c1e3 e6f4 e3f4 d8d4 g1h2 f7f4,Mate
rnb5/pppp1k2/5p1Q/6p1/3P3p/2NB1N2/PPP2PPP/2K1R3 w - -,d5e6 d4e6 f2g1 f8f7 c1e3 e6f4 e3f4 d8d4 g1h2 f7f4,Mate
r1b1k2r/1pq2pp1/p1npp3/7p/P1B1P1nb/2N3N1/1PP2PP1/R1BQR1K1 w kq -,e1e3 g4e3 c1e3 h4g3 f2g3 c7e7 e3f2 c6e5 c4e2 c8d7,-269
r2q1rk1/pb1nbppp/1p1ppn2/1N6/2PQ4/5NP1/PP2PPBP/R1BR2K1 w - -,b5d6 b7c6 c1f4 a7a6 e2e4 f6e8 b2b4 c6a4 d1d3 g7g5,270
r2q1rk1/ppp2Np1/4n2p/4p2Q/4P3/3P3P/PPP2KP1/RNB5 w - -,c1e3 f8f7 f2g1 e6f4 e3f4 d8d4 g1h2 f7f4 b1c3 f4f7,-266
3rr3/1b3p1k/p4bp1/1pB3Pp/1P1pP2P/1q6/4QP1K/3R2R1 w - -,d1d3 b3c4 g5f6 e8e4 e2d2 c4e6 g1g3 e4h4 g3h3 e6g4,-578
rn2k2r/pppqb1pp/4Nn2/8/3p1p2/2N5/PPP3PP/R1BQR1K1 w kq -,c1f4 e8f7 d1e2 d4d3 e6g5 f7e8 c2d3 b8c6 g5e6 c6d4,255
2kr4/pp3pp1/1n2p1p1/3q4/8/2PB2PR/PPQ2PP1/2K5 w - -,g3g4 d5g2 h3g3 g2h1 c2d1 h1d1 c1d1 g6g5 b2b4 d8h8,-176
r1bqk2r/b1p2ppp/p1n5/1p2p3/8/1BP2N2/PP1B1PPP/R2Q1RK1 w kq -,f3g5 d8f6 b3f7 e8e7 f7d5 h7h6 g5e4 f6g6 e4g3 h8d8,300
r2q1rk1/p3ppnp/1p1p1b1B/2p2P2/3n2P1/2NP3P/PPP1N1K1/R1Q2R2 w - -,e2d4 c5d4 c3d5 a8c8 d5f6 e7f6 f1f2 d8e7 c1f4 e7e5,199
8/8/7p/R2p3K/4k3/8/8/8 w - -,g2h1 e7e6 e2d4 f6d4 c3e4 e6f5 h6g7 d4g7 f1f5 c5c4,Mate
3r4/1b3p1k/p4Pp1/1pB4p/1P1pr2P/1q6/4QP1K/3R2R1 w - -,e2d3 e4h4 h2g3 h4g4 g3h2 b3e6 d3h3 e6e5 g1g3 d4d3,-925
2rqr1k1/1p1n1pb1/p2p1npp/3Pp3/4P3/P2BBQNP/1P2RPP1/2R3K1 w - -,b2b4 h6h5 g3f1 c8c1 e3c1 d8e7 e2c2 f6d5 e4d5 e5e4,76
7k/pp3ppp/4p3/8/3P4/8/PP3PPP/7K w - -,g2g4 g7g5 h2h4 g5h4 h1g2 h8g7 g2h3 g7h6 h3h4 b7b5,-9
rnbqk2r/ppppp1bp/6p1/5p2/3PnP2/4PN2/PPPN2PP/R1BQKB1R w KQkq -,c2c4 c7c6 d1c2 d7d6 f1d3 e4f6 e1h1 e8h8 e3e4 b8a6,56
r3r1k1/2p3pp/bp1p3q/p1nPpp2/P1P5/2P1P2P/R4PPB/2RQ1BK1 w - -,f1d3 e8f8 c1b1 a8e8 d3f1 e8e7 d1d2 a6c8 f2f4 e5f4,-246
r1bqk1nr/pp3ppp/2p5/2bp4/2BpPP2/3P4/PPP3PP/RNBQ1RK1 w kq -,b2b4 c5b4 a2a3 b4a5 e4d5 c6d5 c1d2 g8e7 c4b5 e8f8,-88
8/8/7p/R7/3pk1K1/8/8/8 w - -,b2b4 c5b4 a2a3 b4a5 e4d5 c6d5 c1d2 g8e7 c4b5 e8f8,Mate
r1b2rk1/pp3ppp/2pb1q2/3p4/3P4/2PB4/P1P1QPPP/R1B2RK1 w - -,e2h5 g7g6 h5h6 d6e7 f1e1 c8e6 c1f4 f6g7 a2a4 g7h6,9
2kr4/pp3pp1/1n2p1p1/6q1/4B3/2P3PR/PPQ2PP1/2K5 w - -,c1b1 b6c4 h3h1 g5b5 b1c1 d8d2 c2b3 d2b2 b3b5 b2b5,-117
r1b4k/1p4p1/p2pQnP1/q7/4PP2/2N5/PPP1B1P1/1K6 w - -,e6d6 c8g4 e2g4 f6g4 a2a3 a5d8 d6e6 g4h6 f4f5 d8f6,-53
r1b1k2r/1pq2pp1/p2pp3/4n2p/P1B1PBnb/2N3N1/1PP2PP1/R2QR1K1 w kq -,c4a2 c7c5 d1d2 c8d7 e1d1 h4e7 g3f1 h5h4 f1e3 g7g5,-245
r1b1k2r/pp2nppp/2n5/3p4/3N4/8/PPPB1PPP/R3KB1R w KQkq -,d2e3 c6d4 e3d4 f7f6 e1a1 c8e6 f1e2 e8f7 b2b3 h7h5,89
8/5p1N/4k3/R3P3/8/5K2/8/8 w - -,d4b5 e8h8 e1a1 c8e6 f1e2 a7a6 b5c7 a8d8 c7e6 f7e6,Mate
r3kbnr/pbqn1ppp/1ppp4/4p3/2PPP3/2NB1N2/PP2QPPP/R1B2RK1 w kq -,b2b4 g7g6 b4b5 g8e7 a1b1 e5d4 f3d4 c6c5 d4c6 e7c6,131
8/8/7p/R7/3p4/4k1K1/8/8 w - -,b2b4 g7g6 b4b5 g8e7 a1b1 e5d4 f3d4 c6c5 d4c6 e7c6,Mate
1qr3k1/1p1n1pb1/p2p1npp/3Pp3/4P2P/P2BBQN1/1PR2PP1/6K1 w - -,c2c8 b8c8 h4h5 d7c5 d3c2 c5d7 c2b1 c8c7 b1d3 d7c5,57
r3kbnr/pp3ppp/1q2p3/2ppPb2/3n1P2/3B1N2/PPP3PP/RNBQK2R w KQkq -,f3d4 f5d3 d4e6 f7e6 c2d3 g8e7 b1d2 e8a8 d1b3 b6a6,-71
r1b2rk1/pp4pp/2n1p3/q2p4/1b3Pn1/1PNBQN2/PBP3PP/1K1R3R w - -,e3e1 h7h6 h2h3 g4f6 d3g6 c8d7 g2g4 a8c8 a2a3 b4a3,94
r3k2r/pppq1ppp/2npbn2/2b1p3/2B1P3/2PP1N2/PPQ2PPP/RNB2RK1 w kq -,c4e6 d7e6 b2b4 c5b6 a2a4 a7a6 b1d2 e8h8 d2c4 b6a7,21
8/5p2/8/R3PkN1/8/5K2/8/8 w - -,c4e6 d7e6 b2b4 c5b6 a2a4 a7a6 b1d2 e8h8 d2c4 b6a7,Mate
r1bq1rk1/b1p2ppp/p1n5/1p2p1N1/8/1BP5/PP1B1PPP/R2Q1RK1 w - -,d1h5 c8f5 b3f7 g8h8 g5h7 f5g4 h5g4 d8d2 h7g5 d2g5,482
1q4k1/1prn1pb1/p2p1npp/3Pp3/4P2P/P2BB1N1/1PR2PP1/3Q2K1 w - -,c2c7 b8c7 h4h5 g7f8 d3e2 b7b5 d1d2 g8h7 b2b3 d7b6,106
r4rk1/pp1b1pbp/2npp1p1/2p5/q2nPP2/3PB1P1/PPPN1QBP/R2N1RK1 w - -,c2c3 d4c2 a1c1 c2e3 d1e3 a8d8 g3g4 b7b5 a2a3 g6g5,20
8/8/7p/R7/4k3/3p2K1/8/8 w - -,c2c3 d4c2 a1c1 c2e3 d1e3 a8d8 g3g4 b7b5 a2a3 g6g5,Mate
r1bq1rk1/1pp1n1pp/p1np4/2b1p3/4p3/2NP2PP/PPP1NPBK/R1BQ1R2 w - -,d3e4 f8f2 f1f2 c5f2 c3d5 c8e6 d1d3 d8d7 d3b3 a8b8,-121
8/5N2/4k3/R3P3/8/5K2/8/8 w - -,d3e4 f8f2 f1f2 c5f2 c3d5 c8e6 d1d3 d8d7 d3b3 a8b8,Mate
rn2k2r/pppqb1pp/4Nn2/8/5B2/2p5/PPP3PP/R2QR1K1 w kq -,d1e2 c3b2 a1d1 b2b1r d1b1 b8c6 b1d1 d7c8 e2c4 h8g8,349
2kr4/pp3pp1/1n2p1p1/1q6/4BP2/2P3PR/PPQ3P1/2K5 w - -,h3h1 g6g5 e4f3 g5f4 g3f4 g7g5 c3c4 b5c5 f4g5 c5g5,-7
6b1/r7/p2RPBp1/1kp2p2/5K1P/P7/5P2/8 w - -,e6e7 g8f7 d6d8 a6a5 d8f8 a7e7 f6e7 f7d5 f8c8 b5a4,717
r4rk1/pp3ppp/2pb1q2/3p4/3P4/2PB2Pb/P1P1QP1P/R1B2RK1 w - -,e2h5 g7g6 h5h3 f8e8 c1d2 c6c5 d4c5 d6c5 a1b1 h7h5,453
rn1qkb1r/pbp2ppp/1p2p3/3n4/8/2N2NP1/PPQPPP1P/R1B1KB1R w KQkq -,a2a3 c7c5 f1g2 b8c6 e1h1 f8e7 f1d1 a8c8 d2d4 c6d4,-31
3rr3/2pb1kp1/p1ppnp1p/7P/4P1P1/P1N2PB1/1PP5/2KR3R w - -,b2b3 d8b8 d1d3 b8b7 h1d1 e8b8 d3e3 c6c5 f3f4 d7c6,14
r1b1k2r/1p3pp1/pq1pp3/4n2p/P3PBnb/2N3N1/1PP1BPP1/R2QR1K1 w kq -,g3h1 h4f2 g1f1 f2e1 d1e1 e5g6 f4g3 g4e3 f1g1 e3c2,-487
3N4/3k4/8/R3P3/8/5K2/8/8 w - -,g3h1 h4f2 g1f1 f2e1 d1e1 e5g6 f4g3 g4e3 f1g1 e3c2,Mate
r1b1kbnr/1p1pqppp/p1n5/2p1P3/2N5/2p2N2/PP3PPP/R1BQKB1R w KQkq -,c4d6 e8d8 c1e3 b7b6 f1c4 g8h6 d1b3 d8c7 e1a1 c6a5,240
r1bq1rk1/pp1p1ppp/2p2n2/2b1p1B1/2n1P3/P1NP4/1PP1NPPP/R2Q1RK1 w - -,g5f6 c4b2 f6d8 b2d1 d8a5 d1c3 a5c3 f8e8 c3b4 c5b6,-118
r4rk1/pp3ppp/2pb1q2/3p1b1Q/3P4/2PB2P1/P1P2P1P/R1B2RK1 w - -,h5f5 f6f5 d3f5 b7b5 a2a4 a7a6 f5d3 f8e8 c1d2 g7g6,482
r2q1rk1/pp1n1pb1/2ppbnpp/1P6/P1PPp3/4P3/1B1NBPPP/RN1Q1RK1 w - -,b1c3 e6f5 g2g4 f5e6 c3e4 f6e4 d2e4 d7f6 e4f6 d8f6,109
r3k1nr/pbqnbppp/1ppp4/4p3/1PPPP3/2NB1N2/P3QPPP/R1B2RK1 w kq -,b4b5 c6b5 c3b5 c7b8 c1a3 g8f6 a1e1 g7g6 b5c3 b8d8,144
2kr4/pp1n1pp1/4p1p1/1q6/4BP2/2P3P1/PPQ3P1/2K4R w - -,h1d1 d7f6 e4f3 b7b6 g3g4 b5c4 d1d8 c8d8 c2d2 d8e7,7
3k4/8/4P3/R7/8/5K2/8/8 w - -,h1d1 d7f6 e4f3 b7b6 g3g4 b5c4 d1d8 c8d8 c2d2 d8e7,Mate
2q3k1/1prn1pb1/p2p1npp/3Pp2P/4P3/P2BB1N1/1PR2PP1/3Q2K1 w - -,c2c7 c8c7 d3e2 g8h7 d1d3 b7b5 d3d2 g7f8 g1h2 d7b6,93
r1bq1r1k/pp1nbppp/2p1pn2/3pN1B1/2PP1P2/2N1P3/PP4PP/R2QKB1R w KQ -,h2h4 c6c5 d1d2 d8c7 f1d3 c5d4 e3d4 d5c4 e5c4 d7b6,31
r1bqk2r/pp3ppp/2p2n2/2b5/4PP2/1B1p4/PPP3PP/RNBQ1R1K w kq -,f4f5 f6e4 d1f3 e4f6 c1g5 e8h8 b1c3 h7h6 g5f6 d8f6,108
rnbk4/ppp5/5p1Q/3p2p1/3P3p/2NB1NP1/PPP2P1P/2K1R3 w - -,d1e1 f6g4 b1c3 d8d4 c3d1 c8e6 b3e6 f7e6 c2c3 d4d7,Mate
2brr3/2p2kp1/p1ppnp1p/7P/4P1P1/P1N2PB1/1PP5/2KRR3 w - -,b2b3 c8d7 e1e3 c6c5 a3a4 d7c6 c3e2 d6d5 e4d5 d8d5,33
8/4k3/R3P3/8/8/5K2/8/8 w - -,b2b3 c8d7 e1e3 c6c5 a3a4 d7c6 c3e2 d6d5 e4d5 d8d5,Mate
8/1p6/2p3p1/p3k1P1/6K1/1PP5/1P6/8 w - -,g4g3 e5f5 g3h4 f5f4 c3c4 f4f5 h4h3 f5g5 h3g3 g5f5,-839
r4rk1/pp3p1p/2pb1qp1/3p1B1Q/3P4/2P3P1/P1P2P1P/R1B2RK1 w - -,f5g6 f7g6 h5d1 a8e8 d1d3 h7h5 c3c4 h5h4 c4d5 c6d5,58
r1bq1r1k/pppp1Bp1/7p/4p1NQ/3nP3/3P3P/PPP2KP1/RNB5 w - -,f2g1 d8f6 b1c3 f6d6 c3d5 b7b5 c1d2 c8b7 a1f1 b7d5,473
8/8/7p/R7/3k4/3p4/5K2/8 w - -,f2g1 d8f6 b1c3 f6d6 c3d5 b7b5 c1d2 c8b7 a1f1 b7d5,Mate
2q3k1/1prn2b1/p2p1npp/3Pp3/4P3/P2BB1N1/1PR2PP1/3Q2K1 w - -,g3f1 h6h5 c2c7 c8c7 f2f3 g7f8 e3f2 f8h6 f1e3 h6f4,63
8/8/R3Pk2/8/5K2/8/8/8 w - -,c2c7 c8c7 f2f3 h6h5 g3f1 g7f8 e3f2 f8h6 f1e3 g8g7,Mate
2kr4/pp1n1pp1/1q2p1p1/8/4BP2/2P3P1/PPQ3P1/2KR4 w - -,c2d3 d7c5 d3d8 b6d8 d1d8 c8d8 e4f3 d8c7 c1d2 b7b6,28
r2qkb1r/p2b1ppp/3ppn2/2p3B1/4P3/2NQ1N2/PPP2PPP/R3K2R w KQkq -,e4e5 h7h6 g5e3 c5c4 d3d4 d6e5 f3e5 a8c8 e1a1 d8c7,178
4r2r/2p5/1pk3p1/p3P3/P3KPP1/BP1R4/8/8 w - -,d3g3 h8h1 g3c3 c6d7 c3c1 h1h4 c1d1 d7c8 d1g1 h4h3,-7
r1bq1rk1/bpp1n1pp/p1np4/4p3/4N3/3P2PP/PPP1NPBK/R1BQ1R2 w - -,e4g5 h7h6 g5f3 d6d5 c2c3 g7g5 c1e3 g5g4 f3g1 g4h3,-46
4k3/1p2n1p1/1p5p/rP5P/6P1/1R6/P1b5/3R2K1 w - -,b3d3 c2d3 d1d3 a5b5 g1g2 b5g5 g2g3 b6b5 d3b3 e7c6,-596
8/4Pk2/R7/8/4K3/8/8/8 w - -,b3d3 c2d3 d1d3 a5b5 g1g2 b5g5 g2g3 b6b5 d3b3 e7c6,Mate
r4r1k/2p2pp1/p1Nqpn1p/3p3b/3b1P2/1P1PP1Q1/PBP3PP/R4RK1 w - -,e3d4 d6c6 g3f2 h5g6 h2h3 g6h7 a2a4 f8e8 b2a3 h8g8,-313
8/Q7/2k5/8/4K3/8/7p/8 w - -,e3d4 d6c6 g3f2 h5g6 h2h3 g6h7 a2a4 f8e8 b2a3 h8g8,Mate
r1b1k2r/pp2n1pp/5p2/3p4/3B4/8/PPP2PPP/R3KB1R w KQkq -,e1a1 h7h5 f1e2 c8e6 d1d2 e8f7 b2b3 a8c8 c1b2 b7b6,96
rnbqk2r/pp3ppp/3bp3/3p1n2/3P4/3BP1B1/PP3PPP/RN1QK1NR w KQkq -,d3f5 e6f5 g1e2 b8c6 d1b3 a8b8 g3d6 d8d6 b1c3 c8e6,75
r3k1nr/pbqnbppp/1p6/1Pp1p3/2P1P3/2NB1N2/P3QPPP/R1B2RK1 w kq -,c3d5 c7d6 f1d1 g8f6 d3c2 a8d8 c1b2 e8h8 a2a4 a7a6,175
r2qk2r/b1p2ppp/p1np4/1p2P3/6b1/1BP2N2/PP1B1PPP/R2Q1RK1 w kq -,d2g5 d8d7 e5d6 e8h8 h2h3 g4h5 g5f4 c7d6 d1d6 d7d6,155
2kr4/pp3pp1/1q2pnp1/8/4BP2/2P3P1/PP2Q1P1/2KR4 w - -,e2c4 c8b8 d1d8 b6d8 e4f3 d8b6 a2a3 a7a5 c1c2 f6e8,39
r1bq1r1k/pp1nbppp/2p1p3/3nN1B1/3P1P2/2N1P3/PP4PP/R2QKB1R w KQ -,c3d5 e6d5 g5e7 d8e7 f1d3 d7e5 d4e5 f7f6 d1h5 e7b4,-48
8/8/7p/R7/8/2kp4/8/4K3 w - -,c3d5 e6d5 g5e7 d8e7 f1d3 d7e5 d4e5 f7f6 d1h5 e7b4,Mate
2n2rk1/2P2p1p/4p1p1/QBRp1n2/P5r1/R7/5P1P/4qNK1 w - -,a3g3 f5g3 h2g3 e1a5 c5c6 g8g7 f1e3 g4g5 e3g2 d5d4,-753
r1bqk2r/pp3ppp/2p5/2b2P2/4n3/1B1p4/PPP3PP/RNBQ1R1K w kq -,d1f3 e4f6 c1g5 e8h8 b1c3 b7b6 g5f6 d8f6 c3e4 f6e5,87
r1b1k2r/1pq1bp2/pn1pp2p/4n3/P2NPBP1/2N4P/1PP1Q1B1/1K1R3R w kq -,d4f5 e6f5 e4f5 c8d7 f4e5 d6e5 a4a5 b6c4 c3d5 c7c5,68
r1bk1bnr/1p1pqppp/p1nN4/2p1P3/8/2p2N2/PP3PPP/R1BQKB1R w KQ -,c1e3 b7b6 f1c4 g8h6 d1b3 d8c7 e1a1 c6a5 b3c3 a5c4,248
8/8/8/4kP2/1P6/8/8/3K4 w - -,c1g5 f7f6 g5e3 b7b6 d1b3 d8c7 b2c3 c6e5 e1a1 a8b8,Mate
r4r1k/5pp1/p2qpn1p/2pp3b/3N1P2/1P1PP1Q1/PBP3PP/R4RK1 w - -,d4f3 h5f3 f1f3 f6e8 a1e1 a8c8 c2c4 d5c4 d3c4 d6d2,184
2q3k1/1pr3b1/p2p1npp/2nPp3/4P3/P2BB1N1/1PR2PP1/3Q1K2 w - -,f2f3 g8h7 g3h1 f6h5 g2g3 g7f6 f1g2 f6g5 e3g5 h6g5,58
4k3/R3P3/8/8/4K3/8/8/8 w - -,f1g1 c5d3 c2c7 c8c7 d1d3 f6g4 g3f1 g4e3 d3e3 h6h5,Mate
r2qkb1r/p2b1ppp/2pp1n2/4p1B1/3QP3/2N2N2/PPP2PPP/R3K2R w KQkq -,d4e3 h7h6 g5f6 d8f6 e1h1 f8e7 a1d1 e8h8 c3e2 a7a5,-45
1k1r4/pp3pp1/1q2pnp1/8/2Q1BP2/2P3P1/PP4P1/2KR4 w - -,d1d8 b6d8 e4f3 d8b6 a2a3 f6e8 c4e4 b8c8 e4e5 b6g1,29
2br1rk1/ppq2p1p/6p1/3pb1N1/2P5/3Q2P1/PP3P1P/R1B2RK1 w - -,c4d5 c7a5 f1d1 b7b6 g5e4 c8b7 e4c3 e5c3 d3c3 d8d5,-15
2q3k1/1p4b1/p2p1npp/2rPp3/4P3/P2B2N1/1PR2PP1/3Q1K2 w - -,a3a4 h6h5 b2b4 c5c2 d1c2 c8c2 d3c2 g7h6 f1e2 g8g7,-36
3rr1k1/6bp/p1pqp1p1/1p1n1p1P/3P4/2P2BP1/PPQ2PK1/2BRR3 w - -,b2b3 b5b4 c3b4 d6b4 h5h6 g7d4 c2c6 g8f7 f3d5 d8d5,181
r3k2r/pp1q1pp1/4p2p/2pn4/1b1P4/2N2N2/PPPQ1PPP/R3K2R w KQkq -,e1h1 b4c3 b2c3 c5d4 d2d4 e8h8 c3c4 d5b6 d4d7 b6d7,-75
r1bqk2r/pp3ppp/2p2n2/2b2P2/8/1B1p1Q2/PPP3PP/RNB2R1K w kq -,c1g5 e8h8 b1c3 b7b6 g5f6 d8f6 c3e4 f6e5 f5f6 d3d2,91
r4rk1/pp5p/2pb1qp1/3p3Q/3P4/2P3P1/P1P2P1P/R1B2RK1 w - -,h5d1 f8f7 c1h6 a8e8 d1d2 f6f3 a1e1 e8e1 f1e1 f7e7,66
r3k1nr/p1qnbppp/1p6/1Ppbp3/2P1P3/3B1N2/P3QPPP/R1B2RK1 w kq -,c4d5 g8f6 c1b2 e8h8 g2g3 f6e8 h2h4 e7f6 f3d2 e8d6,178
3rr3/1b3pbk/p5p1/1pBNp1Pp/1P1nP2P/1q3N2/4QP1K/3R2R1 w - -,d5f6 g7f6 d1d4 e5d4 g5f6 b3d5 e2e1 e8e4 f3g5 h7g8,-239
r1b2r1k/pppp1Bp1/5qQp/4p1N1/3nP3/3P3P/PPP2KP1/RNB5 w - -,g6f6 g7f6 f7b3 f6g5 f2e1 a7a5 c2c3 a5a4 b3d1 d4e6,-267
r1b2rk1/pp4p1/2n1pn2/q2p2N1/1b3P2/1PN4Q/PBP3PP/1K1R3R w - -,h1f1 d5d4 c3e4 a5f5 e4f6 f8f6 g2g4 f5g6 h3g2 f6f4,-44
1k1q4/pp3pp1/4pnp1/8/2Q1BP2/2P3P1/PP4P1/2K5 w - -,e4f3 d8b6 a2a3 f6e8 c4e4 b8c8 e4e5 b6g1 c1c2 g1f2,24
r2q1rk1/ppp2ppp/1n2pn2/3bN3/1b1P1B2/5NP1/PP2PPBP/2RQ1RK1 w - -,d1c2 h7h6 e5d3 b4d6 f1d1 a7a5 f4e5 d5e4 e5f6 d8f6,42
4rrk1/pp5p/2pb1qpQ/3p4/3P4/2P3P1/P1P2P1P/R1B2RK1 w - -,,0
r1bq1r1k/pp1nbppp/2p1pn2/4N1B1/2pP1P2/2NBP3/PP4PP/R2QK2R w KQ -,g5f6 g7f6 e5d7 c8d7 d3c4 f8g8 e1h1 b7b5 c4e2 c6c5,-56
rn1q1rk1/pbp1b1pp/1p1ppn2/5p2/2PP4/3BPN2/PPQN1PPP/R1B2RK1 w - -,d4d5 b8a6 f3d4 a6b4 c2b1 b7c8 d4e6 c8e6 d5e6 b4d3,94
3r1rk1/ppqb1p1p/6p1/3pb1N1/8/2PQ2P1/PP3P1P/R1B2RK1 w - -,g5f3 d7f5 d3b5 a7a6 b5b4 e5g7 f1e1 a6a5 b4b5 f5d7,-11
6k1/1p1n2b1/p2p2pp/2qPp3/4P3/P2B2N1/1PQ2PP1/5K2 w - -,g3e2 h6h5 c2c5 d7c5 d3c2 g7h6 f1e1 h5h4 e2g1 h6c1,-16
6k1/1R3r2/8/6pp/4K3/5PPP/8/8 w - -,b7f7 g8f7 e4f5 f7e7 g3g4 h5h4 f5g5 e7f7 g5h5 f7f6,866
1k6/pp3pp1/1q2pnp1/8/2Q2P2/2P2BP1/PP4P1/2K5 w - -,a2a3 f6e8 c4e4 b8c8 e4e5 b6g1 c1c2 g1f2 c2b3 f2b6,24
r1bq1rk1/pp3ppp/2p2n2/2b2PB1/8/1B1p1Q2/PPP3PP/RN3R1K w - -,b1c3 b7b6 g5f6 d8f6 c3e4 f6h6 f3d3 a7a5 d3g3 a5a4,107
r1b1k2r/1p3pp1/pq1pp3/7p/P3PBnb/2N3N1/1PP2PP1/R2QR1K1 w kq -,f4e3 g4e3 e1e3 c8d7 a4a5 b6c7 g3h5 g7g6 h5g3 h4f6,-119
k7/8/1p1p2p1/1P6/8/6N1/8/4K3 w - -,e1e2 a8b8 e2d3 b8c7 d3c4 c7d8 c4d5 d8c7 g3e4 c7d7,955
8/8/8/2k5/4K3/8/7p/Q7 w - -,e1d2 a8b8 d2d3 b8c7 d3c4 c7d8 c4d5 d8c7 g3e4 c7d7,Mate
rnbk4/ppp5/5p1Q/3p4/3P2pP/2NB1N2/PPP2P1P/2K1R3 w - -,e1d2 a8b8 d2d3 b8c7 d3c4 c7d8 c4d5 d8c7 g3e4 c7d7,Mate
8/1p1kn1p1/1p5p/1P5P/4R1P1/8/r7/3b2K1 w - -,e4d4 d7e6 d4d1 a2a4 g1f2 a4g4 d1c1 e6d6 c1d1 e7d5,-694
r3k1nr/p1qn1ppp/1p1b4/1PpPp3/4P3/3B1N2/P3QPPP/R1B2RK1 w kq -,f3d2 g8e7 c1b2 e8h8 d2c4 a8e8 a2a4 f7f5 f2f3 e7g6,195
4rrk1/pp5p/2pb2pQ/3p2B1/3P4/2P2qP1/P1P2P1P/R4RK1 w - -,h6h3 e8e2 g5e3 f8f5 h3h4 f5f7 h4h3 e2c2 f1c1 c2c1,-7
8/4n3/8/K7/P7/1N6/8/1k3q2 w - -,,0
rnbqk2r/pppp2p1/4pn1p/5p1P/2PP4/2P5/P3PPP1/R1BQKBNR w KQkq -,c1a3 d7d6 c4c5 e8h8 e2e3 b8c6 g1h3 f8e8 h3f4 d6c5,4
6k1/3n2b1/pp1p2pp/3Pp3/1P2P3/P5N1/2B2PP1/5K2 w - -,g3e2 h6h5 f1e1 g7f6 e2c3 b6b5 a3a4 f6d8 c2d3 b5a4,5
r1b1kbnr/1p1pqp1p/p1n3p1/2p1P3/2N5/1Q3N2/PB3PPP/R3KB1R w KQkq -,c4d6 e7d6 e5d6 f8d6 b2h8 g8e7 f1c4 b7b5 c4f7 e8d8,736
1k6/pp3pp1/4pnp1/8/5P2/1QP1qBP1/PP4P1/2K5 w - -,,0
1r3rk1/p1q1b1pp/4p3/2p5/3pNnNP/8/PP1Q1PP1/2R2RK1 w - -,h4h5 d4d3 f1e1 c5c4 a2a3 e7c5 d2c3 f4e2 e1e2 d3e2,-303
8/8/8/8/2k1K3/8/7p/7Q w - -,h4h5 d4d3 f1e1 c5c4 a2a3 e7c5 d2c3 f4e2 e1e2 d3e2,Mate
3q1rk1/1p1n1p2/p3p2p/3pP3/2r3p1/2N3P1/PP4PP/2RQR1K1 w - -,d1d2 d8g5 d2e2 g8g7 c1d1 f8c8 a2a4 h6h5 a4a5 c8c7,-286
4Q3/8/3K4/5k2/8/8/8/R7 w - -,d1d2 d8g5 d2e2 g8g7 c1d1 f8c8 a2a4 h6h5 a4a5 c8c7,Mate
r2qk2r/p2bbppp/2pp1n2/4p1B1/4P3/2NQ1N2/PPP2PPP/R3K2R w KQkq -,g5f6 g7f6 e1h1 d7e6 f1d1 e8h8 f3h4 g8h8 b2b4 a7a6,43
3rr1k1/6bp/p1pqp1p1/3n1p1P/1p1P4/1PP2BP1/P1Q2PK1/2BRR3 w - -,c3b4 g7f6 a2a3 d6d7 h5h6 g6g5 f3h5 e8e7 c2c5 d7c7,185
5rk1/pp5p/2pb2pQ/3p2B1/3P4/2P2qP1/P1P2P1P/4rRK1 w - -,g5e3 e1f1 g1f1 f3d1 f1g2 d1h5 h2h3 h5h6 e3h6 f8e8,-564
r1bq1rk1/p4ppp/1pp2n2/2b2PB1/8/1BNp1Q2/PPP3PP/R4R1K w - -,g5f6 d8f6 c3e4 f6e5 f5f6 d3d2 f6g7 g8g7 e4d2 f7f5,84
r1b4r/pp2nkpp/5p2/3p4/3B4/8/PPP2PPP/2KR1B1R w - -,f1e2 c8f5 d1d2 a8c8 e2f3 b7b6 h1e1 c8c6 g2g4 c6e6,81
6k1/1p2R3/2p5/p4PPp/2P2P2/P5P1/R1Br1r2/4K1n1 w - -,e7e8 g8f7 c2d1 d2d1 e1f2 f7e8 a2b2 d1d3 f2g1 d3a3,503
r1b1k1nr/1p1pqpbp/p1n3p1/2p1P3/2N5/1Q3N2/PB3PPP/2KR1B1R w kq -,c4d6 e8f8 b3b6 e7d8 b6c5 d8a5 c5c4 g8h6 c1b1 b7b5,305
r1b2rk1/1p3pp1/pq1pp3/7p/P3PBnb/2N3N1/1PPQ1PP1/R3R1K1 w - -,a1a3 e6e5 f4e3 b6d8 c3d5 h4g3 f2g3 c8e6 d5b6 a8b8,-125
3k3r/p3p2p/2p2q2/5b2/4p3/6Q1/PPP3PP/1K4NR w - -,g3b8 d8d7 b8a7 d7e6 g1e2 h8d8 h1f1 f6e5 a7e3 d8d6,228
r1bq1rk1/pp1nbppp/2p1p3/3nN1B1/2BP1P2/2N1P3/PP4PP/R2QK2R w KQ -,e5f3 d5e3 g5e7 d8e7 d1e2 e3c4 e2c4 d7b6 c4c5 e7d8,-153
8/3n1k2/pp1p2pp/3Pp1b1/1P2P3/P1N5/2B1KPP1/8 w - -,c2a4 d7f6 a4c6 g5c1 b4b5 a6b5 c3b5 f6e4 f2f3 e4g3,10
r1bq1rk1/pp1nbppp/2n1p3/3pP3/3p1N2/2PB4/PP1N1PPP/R1BQ1RK1 w - -,d1c2 d7e5 d3h7 g8h8 c3d4 c6d4 c2c3 e5c6 h7b1 e6e5,-203
8/1p6/2p3p1/p5P1/2P1k1K1/1P6/1P6/8 w - -,g4g3 e4f5 g3f3 f5g5 f3e4 g5g4 e4d3 g4f5 d3e2 g6g5,-854
r1b1k2r/3nbp2/3pp2p/qN2n3/4PBP1/2N4P/1PP1Q1B1/1K1R3R w kq -,b5a7 a8a7 b1c1 c8a6 e2e1 e5c4 c3b1 a5e1 h1e1 e6e5,-498
r2qk2r/p2bbp1p/2pp1p2/4p3/4P3/2NQ1N2/PPP2PPP/R3K2R w KQkq -,a1d1 d8b6 e1h1 d7e6 f3d2 b6b2 d1b1 b2a3 b1b7 d6d5,33
r3k2r/pppqb1pp/n3Nn2/1N6/3p1p2/8/PPP3PP/R1BQR1K1 w kq -,d1d3 f4f3 e6g7 e8f7 g7f5 e7f8 c1g5 d7d5 g5f6 f7f6,262
3r1rk1/ppq2p1p/2b3p1/3Qb1N1/8/2P3P1/PP3P1P/R1B2RK1 w - -,d5c4 h7h6 g5e4 b7b5 c4e2 f8e8 e2c2 e5g7 c1f4 c7e7,-247
8/8/8/1P3k2/8/8/8/3K4 w - -,d5c4 h7h6 g5e4 b7b5 c4e2 f8e8 e2c2 e5g7 c1f4 c7e7,Mate
7r/4b3/4p2p/pk2Ppp1/1p1r4/2p1N1PP/PR3P1B/2R3K1 w - -,b2b3 d4d3 g1f1 h8d8 b3b1 e7c5 e3c2 b5c4 h2g1 d3d2,-380
rnbk4/ppp5/7Q/3p1p2/3P2pP/2NB4/PPPN1P1P/2K1R3 w - -,b2b3 d4d3 g1f1 h8d8 b3b1 e7c5 e3c2 b5c4 h2g1 d3d2,Mate
3b1n2/5k2/1p1p2p1/pB1Pp2p/NP2P3/P7/5PP1/3K4 w - -,a4c3 a5b4 a3b4 f7e7 d1c2 f8h7 c2b3 h5h4 b3a4 h7f6,31
r1bq1r2/pppp1Npk/7p/4p2Q/2BnP3/3P3P/PPP2KP1/RNB5 w - -,c1h6 g7g6 h6f8 g6h5 f7d8 d4c2 b1c3 c2a1 c3b5 c7c6,482
r4r1k/5pp1/3qpn1p/p1pp4/5P1Q/1P1PPb2/PBP3PP/R4RK1 w - -,b2f6 h8h7 f6e7 f3g2 e7d6 g2f1 d6f8 a8f8 h4e7 f8b8,554
8/8/1P2k3/8/8/8/8/3K4 w - -,a2a4 f6g8 f1f3 f7f6 e3e4 d5e4 d3e4 c5c4 e4e5 d6d5,Mate
r4rk1/p1p2ppp/2pp2n1/6q1/4P3/5BP1/PB2QPKP/1RR5 w - -,g2f1 a8e8 h2h4 g5e7 h4h5 g6e5 b2e5 e7e5 e2c4 c6c5,408
4k3/1p2n1p1/1p5p/1P5P/3R2P1/8/r7/3b2K1 w - -,d4d1 a2a4 g1f2 a4g4 d1c1 e8d7 c1d1 d7c7 d1c1 c7d6,-662
8/1P1k4/8/8/8/8/8/3K4 w - -,d4d1 a2a4 g1f2 a4g4 d1c1 e8d7 c1d1 d7c7 d1c1 c7d6,Mate
r1b2knr/1p1pqpbp/p1nN2p1/2p1P3/8/1Q3N2/PB3PPP/2KR1B1R w - -,b2a3 g7h6 c1b1 b7b6 f1c4 a8b8 c4f7 c8b7 h1e1 c6a5,309
3q1rk1/1p1n1p2/p1r1p2p/3pP3/6p1/1PN3P1/P5PP/2RQR1K1 w - -,c3e2 d7e5 e2f4 c6c1 d1c1 e5c6 c1e3 d5d4 e3e2 d8g5,-275
r1b2rk1/p4ppp/1pp5/2b1qP2/4N3/1B1p1Q2/PPP3PP/R4R1K w - -,c2d3 a7a5 a1e1 a5a4 b3c4 c5b4 e1e2 e5f5 f3f5 c8f5,79
r1b1k2r/1p3pp1/pq1pp3/4n2p/P3PBn1/2N5/1PP1BbP1/R2QR1KN w kq -,g1f1 f2e1 d1e1 e5g6 f4g3 g4e3 f1g1 e3c2 g3f2 b6d8,Mate
3rr3/1bp2kp1/p2pnp1p/2p4P/4P1P1/P2R1PB1/1PP5/1NK1R3 w - -,b2b3 d8b8 a3a4 c5c4 d3c3 d6d5 b1d2 c4b3 c2b3 d5e4,21
3b4/5k2/1p1p1np1/p2Pp2p/1P2P3/P1N5/4BPP1/3K4 w - -,e2a6 h5h4 d1e2 f7e8 e2f3 e8d7 g2g3 h4g3 f2g3 f6h7,24
r3k2r/p1qn1pp1/1p1b2n1/1PpPp2p/4P3/3B2P1/PB1NQP1P/R4RK1 w kq -,h2h4 d7f6 d2c4 c7d7 g1g2 f6g4 a2a4 e8h8 a4a5 d6c7,264
r3k2r/pppqb1pp/n3Nn2/1N6/3p4/3Q1p2/PPP3PP/R1B1R1K1 w kq -,d3f3 d7b5 e6g7 e8d8 c1g5 b5c6 f3f5 a6c5 a1d1 c5d7,272
r1bq1rk1/pp1nbp1p/4p1p1/3pP2Q/3n1N2/3B4/PP1N1PPP/R1B2RK1 w - -,h5g4 d7e5 g4d1 e7f6 d2b3 d4b3 d1b3 d8b6 b3d1 c8d7,-333
8/1p6/2p3p1/p4kP1/2P5/1P4K1/1P6/8 w - -,g3f3 f5g5 f3e4 g5g4 e4d4 g4f5 c4c5 g6g5 d4d3 g5g4,-1003
r2q1rk1/pp3ppp/1np1pn2/3bN3/1b1P1B2/5NP1/PPQ1PPBP/2R2RK1 w - -,e5d3 d5e4 c2b3 a7a5 a2a3 b4e7 d3c5 a5a4 b3d1 e7c5,42
r3r3/1kp5/1p2p1p1/p2nP2p/P2RKPP1/BP5P/8/3R4 w - -,d4d5 e6d5 d1d5 h5g4 h3g4 b7c6 d5d1 b6b5 f4f5 b5b4,272
r1b2rk1/pp1nqppp/2p1p3/3nN3/2BP1P2/2N1P3/PP4PP/R2QK2R w KQ -,e5d7 c8d7 d1d3 d5c3 d3c3 c6c5 d4c5 f8c8 b2b4 a7a5,-46
r1b1k2r/1p3pp1/pq1pp3/4n2p/P3PBn1/2N5/1PP1B1P1/R2QbK1N w kq -,f1e1 c8d7 e2g4 e5g4 e1e2 b6b2 f4d2 b2b6 a1b1 b6c7,-527
r1bq1rk1/pppp1ppp/2n2n2/2b5/2B1P3/2N2N2/P4PPP/R1BQR1K1 w - -,c1g5 d7d6 c3d5 c8e6 a1b1 e6d5 e4d5 c6e5 f3e5 d6e5,-56
r2qkbnr/ppp2ppp/2n1p3/1Q1pP3/3P4/5N2/PPP2PPP/RNB1K2R w KQkq -,b5b7 c6b4 b7b5 d8d7 b5e2 c7c5 d4c5 f8c5 e1h1 g8e7,106
1k6/pp3pp1/4p1p1/3n4/5P2/1QP1qBP1/PPK3P1/8 w - -,b3b5 e3f2 c2b3 a7a6 b5a5 b8a7 f3d5 e6d5 a5d5 f2g3,28
r1b2rk1/pp4p1/2n1pB2/5qN1/1b2pP2/1P5Q/P1P3PP/1K1R3R w - -,h3f5 e6f5 f6b2 e4e3 a2a3 e3e2 a3b4 e2d1q h1d1 f8d8,-392
2k2r1r/p1p1q3/1pBp3p/3P2pn/2PQP1n1/6B1/PP1KN3/R4R2 w - -,e4e5 g4e5 g3e5 d6e5 d4g4 c8b8 g4h5 e7c5 f1f8 h8f8,359
r2q1rk1/1p1n3p/2pp1pp1/p3p2P/2PbP3/3B1Q2/PP1B1PP1/R4RK1 w - -,g2g3 g6g5 a1d1 d7c5 d2e3 d4e3 f3e3 c5e6 d3e2 e6d4,-76
8/8/3k4/1P3P2/8/8/8/3K4 w - -,g2g3 g6g5 a1d1 d7c5 d2e3 d4e3 f3e3 c5e6 d3e2 e6d4,Mate
4k3/1p4p1/1p5p/3n3P/6P1/8/5K2/8 w - -,g2g3 g6g5 a1d1 d7c5 d2e3 d4e3 f3e3 c5e6 d3e2 e6d4,Mate
3b4/8/1p1p1nk1/3Pp1p1/1P2P2p/3K4/4BPP1/3N4 w - -,f2f3 g6h6 d1c3 g5g4 f3g4 h6g5 c3b5 f6e8 d3e3 d8c7,11
r1b2knr/1p1pqpbp/p2N2p1/2p1P3/2Bn4/1Q3N2/PB3PPP/2KR3R w - -,f3d4 c5d4 f2f4 g8h6 b2d4 b7b5 c4d5 a8b8 d4c5 f8g8,518
4k3/1p2n1p1/1p5p/3r3P/3R2P1/8/5K2/8 w - -,d4a4 e8d7 a4f4 b6b5 f4f7 d5g5 f2e3 g5g4 e3d2 d7e6,-749
8/1p2rpk1/6pb/p6p/8/2P2NPP/PP1pKP2/3R4 w - -,f3e5 e7e5 e2f1 h5h4 g3g4 f7f5 g4f5 g6f5 a2a4 e5e7,-586
r4r1k/5p2/3qpp1p/p1pp4/5P1Q/1P1PPb2/P1P3PP/R4RK1 w - -,f3e5 e7e5 e2f1 h5h4 g3g4 f7f5 g4f5 g6f5 a2a4 e5e7,Mate
8/2Rrb3/4p2p/pk2Ppp1/1p1r4/4N1PP/PR3P1B/6K1 w - -,c7c3 d4d2 c3c2 d2c2 b2c2 a5a4 g1f1 b4b3 a2b3 a4b3,-29
5rk1/1p1n1p2/pq2pn1p/3pN3/4r1p1/1PN3P1/P3Q1PP/2R1R1K1 w - -,e2e3 e4e3 g1h1 d7e5 e1f1 g8g7 c1c2 b6a5 c2f2 f6h7,-1159
r1bq1r2/pppp1N1k/6pB/4p2Q/2BnP3/3P3P/PPP2KP1/RN6 w - -,h6f8 g6h5 f7d8 d4c2 b1c3 c2a1 c3b5 c7c6 b5c7 a8b8,520
r4rk1/5p2/3qpp1Q/p1pp4/5P2/1P1PPb2/P1P3PP/R4RK1 w - -,h6f8 g6h5 f7d8 d4c2 b1c3 c2a1 c3b5 c7c6 b5c7 a8b8,Mate
1k6/pp3pp1/4p1p1/8/4nP2/1QP1qBP1/PPK3P1/8 w - -,,0
r2q1rk1/bpp1n1pp/p1np4/4pb2/4NP2/3P2PP/PPP1N1BK/R1BQ1R2 w - -,c2c3 d8d7 g3g4 f5e4 d3e4 e5f4 c1f4 e7g6 d1b3 g8h8,9
r2q1rk1/p3ppnp/1p1p1b1B/2p2PQ1/6P1/2NP3P/PPP3K1/R4R2 w - -,h3h4 f6g5 h4g5 d6d5 f1h1 d8d6 h1h4 g7e6 f5e6 f7e6,-319
5rk1/1p1n1p2/p3pn1p/3pN3/4r1p1/1PN3P1/P4qPP/2R1R1K1 w - -,g1f2 e4e5 e1d1 d5d4 c3e2 e5c5 c1c5 d7c5 d1d4 f8c8,Mate
r3k2r/pp1q1pp1/4p2p/2pn4/3P4/2b2N2/PPPQ1PPP/R4RK1 w kq -,b2c3 c5d4 c3d4 d7c7 d2d3 d5c3 f3e5 e8h8 f2f4 f8e8,-71
r3k2r/pppqb2p/n3Nn2/1N6/3p4/3Q1p2/PPP3PP/R1B1R1K1 w - -,d3f3 e8f7 e1e5 h7h6 f3b3 f6d5 c1d2 c7c6 a1f1 e7f6,500
2k2r1r/p1p5/1pBp3p/3Pq1pn/2PQ4/8/PP1KN3/R4R2 w - -,d4g4 c8b8 g4h5 a7a6 e2c3 e5d4 d2c2 d4c4 f1f8 h8f8,464
5rk1/1p3p2/p3pn1p/3pn3/4r1p1/1PN3P1/P4KPP/2R1R3 w - -,f2g1 e4e1 c1e1 e5d7 c3a4 h6h5 e1c1 f6e4 c1c7 b7b5,-616
r2q1rk1/p3ppnp/1p1p3B/2p2P2/3b2P1/2NP3P/PPP3K1/R1Q2R2 w - -,c3d5 d4f6 g4g5 f6e5 f5f6 e7f6 g5f6 g7e6 h6g7 f8e8,356
r3r2k/1p3pp1/pbn2q2/3p1b2/1P1P4/P2QBN2/2B2PPP/R4RK1 w - -,d3f5 f6f5 c2f5 a8d8 g1h1 g7g6 f5d3 h8g7 a1e1 e8e3,592
5rk1/1p3p2/p3pn1p/3p4/4R1p1/1PNn2P1/P4KPP/2R5 w - -,f2e2 d3c1 e2d1 f6e4 c3d5 c1a2 d5f4 f8d8 d1e2 a2b4,-863
1k6/pp3pp1/4p1p1/8/2P1nP2/1q3BP1/PPK3P1/8 w - -,a2b3 e4g3 c2d2 a7a5 c4c5 b8c7 d2d3 b7b6 c5b6 c7b6,-220
8/2b5/1p1p1nk1/3Pp1p1/1P2P2p/3KN3/4BPP1/8 w - -,d3c4 g6f7 e2f3 f7e7 c4b5 c7d8 b5c6 b6b5 g2g4 h4h3,359
1k3r1r/p1p5/1pBp3p/3Pq1pn/2P3Q1/8/PP1KN3/R4R2 w - -,g4h5 e5b2 d2d3 f8c8 a1b1 b2a3 e2c3 h8g8 b1b3 a3a6,478
8/2k3p1/2p1Bp2/p1P2K1P/3b2P1/P7/8/8 w - -,f5g6 d4c5 g6g7 f6f5 g4f5 c7d6 e6a2 d6e5 f5f6 c5f8,789
3kr3/p5Qp/2pqp3/5b2/4p3/8/PPP1N1PP/2K4R w - -,h1d1 d6d1 c1d1 d8c8 g7a7 e6e5 d1e1 e4e3 a7b6 f5d7,651
r2q1rk1/p3p1np/1p1p1p1B/2p2PP1/3b4/2NP3P/PPP3K1/R1Q2R2 w - -,c3d5 d8d7 c1f4 f6g5 f4g5 f8f7 a1e1 d7b7 c2c4 d4e5,24
r2q1rk1/1p1n4/2pp1pp1/p3p3/2PbP3/3B1Q2/PP1B1PP1/R4RK1 w - -,g2g3 g8g7 g1g2 f8h8 f1h1 d8e7 h1h8 a8h8 d2a5 d7c5,-76
r3k2r/b1pq1ppp/p1np4/1p2P1B1/6b1/1BP2N2/PP3PPP/R2Q1RK1 w kq -,e5d6 e8h8 h2h3 g4f3 d1f3 c7d6 a1d1 a7c5 f3g3 d7f5,147
8/8/8/1N6/8/8/2N5/1k1K4 w - -,,0
r1b2knr/1p1pqpbp/pQ1N2p1/2p1P3/2B5/5n2/PB3PPP/2KR3R w - -,g2f3 a6a5 h1e1 h7h5 c1b1 g8h6 b6c7 f8g8 d6c8 e7h4,503
1k6/pp3pp1/4p1p1/8/2P2P2/1K3Bn1/PP4P1/8 w - -,c4c5 g3h5 b3c4 h5f4 b2b4 g6g5 g2g3 f4g6 c4d4 g6e7,-253
r3k2r/ppp1b2p/n3Nn2/1q6/3p4/5Q2/PPP3PP/R1B1R1K1 w - -,e6c7 a6c7 f3f6 b5c5 c1g5 c7d5 f6h8 e8d7 g5e7 a8h8,690
4r1k1/pp5p/2pb2pQ/3p1r2/3P4/2P1BqP1/P1P2P1P/R4RK1 w - -,,0
r3k2r/pp1q1pp1/4p2p/3n4/3p4/2P2N2/P1PQ1PPP/R4RK1 w kq -,d2d4 e8h8 c3c4 d5f6 d4d7 f6d7 f1d1 f8d8 a2a4 a7a5,-70
2k2r1r/p1p5/1pB4p/3Pp1pn/2P5/8/PP1KN3/R4R2 w - -,f1f8 h8f8 a1h1 h5f6 h1h6 f6e4 d2e1 e4c5 b2b3 g5g4,389
8/8/8/8/8/N1N5/1k6/3K4 w - -,,0
r2q1rk1/bpp1n1pp/p1np4/4p3/4bPP1/3P3P/PPP1N1BK/R1BQ1R2 w - -,c1d2 e4g2 h2g2 e5f4 e2f4 d8d7 c2c3 c6e5 d1b3 d6d5,-491
r1bqkb1r/pp3ppp/2p1pn2/3pB3/2nP4/2NBP3/PP3PPP/R2QK1NR w KQkq -,d3c4 d5c4 a2a4 f6d5 g1e2 a7a5 e1h1 f7f6 e5g3 f8e7,-71
3rr1k1/6bp/p1pqp1p1/5p1P/1n1P4/1P3BP1/P1Q2PK1/2BRR3 w - -,c2c4 b4d5 c1g5 d8c8 h5h6 g7h8 a2a4 c8a8 d1c1 e8c8,192
r4rk1/5pbp/p2p1np1/1bpPn3/1q2P3/2N1BPN1/1P2B1PP/1R1Q1RK1 w - -,c3b5 a6b5 g1h1 e5c4 e3f4 a8a6 b2b3 c4a3 b1c1 f8a8,-35
1k6/pp3pp1/4p1p1/5n2/1KP2P2/5B2/PP4P1/8 w - -,b4c3 b7b6 b2b4 f5h4 f3e4 b8c7 c4c5 b6c5 b4c5 h4f5,-32
8/1p6/6p1/p1p2kP1/2P4K/1P6/1P6/8 w - -,b4c3 b7b6 b2b4 f5h4 f3e4 b8c7 c4c5 b6c5 b4c5 h4f5,Mate
rn1q1rk1/pbp1b1pp/1p1p1n2/4pp2/2PPP3/3B1N2/PPQN1PPP/R1B2RK1 w - -,c4c5 b8c6 c5d6 d8d6 d4e5 c6e5 f3e5 d6e5 d2f3 e5c5,66
8/2b2k2/1p1p1n2/3PpNp1/1P2P2p/3K4/4BPP1/8 w - -,f2f3 b6b5 d3e3 f6h5 e2b5 f7f6 e3d2 h5f4 f5e3 c7b6,32
r2q1rk1/p3ppnp/1p1p1b1B/2p2P2/6P1/3P3P/PPP1N1K1/R1Q2R2 w - -,c2c3 d8c8 e2g3 c8b7 g2g1 b7d5 c1e3 f6e5 a1e1 g8h8,150
r1b2knr/1p1p1qbp/pQ1N2p1/2p1P3/8/5n2/PB3PPP/2KR3R w - -,f1f3 e7e6 e2g3 e6f5 h6g7 f6g7 g3f5 d8f6 c2c3 a8e8,Mate
3rr3/2p2kp1/p1bpnp1p/2p4P/2P1P1P1/P2R1PB1/1P6/1NK1R3 w - -,,0
5r2/1b6/p3k2p/1p1p2p1/1P6/2P5/P2Q1PPP/6K1 w - -,d2e3 e6f7 e3a7 f7g8 a7b7 d5d4 b7d5 f8f7 d5d4 f7e7,684
8/3n1pk1/p3p2p/1p1p4/3K2p1/1P4P1/6PP/2N5 w - -,d4c3 e6e5 c1d3 g7f6 c3c2 f6e6 d3f2 h6h5 h2h3 g4h3,-598
8/1p2rpk1/6pb/p6p/8/2P2NPP/PPKp1P2/3R4 w - -,f3d2 e7e2 f2f3 a5a4 c2d3 e2f2 f3f4 f2g2 d2e4 f7f5,-84
r1bq1r2/pppp1Npk/7p/4p2Q/2B1P3/3P2KP/PPn3P1/RNB5 w - -,f3d2 e7e2 f2f3 a5a4 c2d3 e2f2 f3f4 f2g2 d2e4 f7f5,Mate
3k4/p3r1Qp/2p1p3/5b2/4p3/8/PPP1N1PP/3K4 w - -,g7f8 d8d7 e2d4 e7e8 f8c5 f5h3 g2h3 e8c8 d1e1 a7a6,714
8/ppk2pp1/4p1p1/2K2n2/2P2P2/5B2/PP4P1/8 w - -,a2a3 a7a6 b2b3 f7f6 g2g4 b7b6 c5b4 f5d4 f3d1 c7d6,-164
rnbq1rk1/p1pp2p1/1p2pn1p/4Np1P/2PP4/2P5/P3PPP1/R1BQKB1R w KQ -,g2g4 f6g4 e5g6 c8b7 h1g1 d7d6 f1h3 f8f7 f2f3 f7f6,32
r3k2r/ppn1b2p/5n2/1q6/3p4/5Q2/PPP3PP/R1B1R1K1 w - -,f3f6 b5c5 c1g5 c7d5 f6h8 e8d7 g5e7 a8h8 e7c5 d5f4,682
8/8/7p/4R3/3p4/6K1/3k4/8 w - -,b2b3 h8f8 c1a3 f6d5 f3e4 f8f7 e4d4 b5b6 a3c5 b6f6,Mate
r3k2r/p1q2pp1/1p1b1nn1/1PpPp3/P1N1P3/3B2Pp/1B2QP1P/R4R1K w kq -,f2f4 e8f8 e2f3 a8e8 f4f5 g6e7 g3g4 e7c8 b2c1 d6e7,335
rnbk4/ppp5/7Q/3N4/3P1ppP/3B4/PPPN1P1P/2K1R3 w - -,f2f4 e8f8 e2f3 a8e8 f4f5 g6e7 g3g4 e7c8 b2c1 d6e7,Mate
r2q1rk1/pp3ppp/1np1pn2/8/1b1PbB2/3N1NP1/PPQ1PPBP/2R2RK1 w - -,c2d1 b6d5 f4e5 f6g4 h2h3 g4e5 f3e5 e4g2 g1g2 b4e7,41
r1br4/pppp2pk/7p/4p2Q/2B1P3/3P2KP/PPn3P1/RNB5 w - -,c1h6 d7d5 h6c1 h7g8 c4d5 d8d5 h5e8 g8h7 e4d5 c2d4,917
8/8/7p/4R3/8/3p4/3k1K2/8 w - -,c1h6 d7d5 h6c1 h7g8 c4d5 d8d5 h5e8 g8h7 e4d5 c2d4,Mate
rnbqr1k1/p1pp2p1/1p2pnNp/5p1P/2PP4/2P5/P3PPP1/R1BQKB1R w KQ -,g2g4 f5g4 f2f3 c7c5 f3g4 c8b7 h1g1 f6h7 g4g5 h6g5,49
r3k2r/b2q1ppp/p1np4/1p4B1/6b1/1BP2N2/PP3PPP/R2Q1RK1 w kq -,f1e1 g4e6 g5f4 e8h8 b3e6 f7e6 d1d6 d7d6 f4d6 f8e8,251
1r2r3/2p2kp1/p1bpnp1p/2p4P/2P1P1P1/PP1R1PB1/8/1NK1R3 w - -,g3f2 e6f4 d3c3 b8b7 f2e3 f4e6 c3d3 a6a5 a3a4 e8b8,-12
8/8/8/5B2/N7/1k6/3K4/8 w - -,a4b6 b3b4 d2d3 b4b5 b6c4 b5c5 f5e6 c5b4 d3d4 b4b3,9605
rnbqr1k1/pppp1ppp/5n2/4p3/4P3/P1BP4/1PP2PPP/R2QKBNR w KQ -,g1e2 c7c5 e2g3 b8c6 f1e2 c6d4 e1h1 d7d5 f2f4 d5e4,-17
rn1q1rk1/pbp1b1pp/1p3n2/4pp2/2P1P3/3B1N2/PPQN1PPP/R1B2RK1 w - -,c4c5 b8c6 e4f5 g8h8 a2a3 e7c5 d2b3 d8d6 f1d1 c6d4,-28
8/8/7p/2R5/8/3p4/5K2/3k4 w - -,c4c5 b8c6 e4f5 g8h8 a2a3 e7c5 d2b3 d8d6 f1d1 c6d4,Mate
8/p3K1k1/8/PP6/8/8/8/8 w - -,c4c5 b8c6 e4f5 g8h8 a2a3 e7c5 d2b3 d8d6 f1d1 c6d4,Mate
8/1p6/6p1/p1p3k1/2P5/1P4K1/1P6/8 w - -,c4c5 b8c6 e4f5 g8h8 a2a3 e7c5 d2b3 d8d6 f1d1 c6d4,Mate
8/p1k2pp1/1p2p1p1/2K2n2/2P1BP2/8/PP4P1/8 w - -,c5b4 f5g3 e4f3 g3h5 f4f5 e6f5 c4c5 b6c5 b4c5 h5f4,-348
8/3n1pk1/p3p3/1p1p3p/3K2p1/1P1N2P1/6PP/8 w - -,d4c3 e6e5 c3c2 d5d4 d3b4 d7c5 b4d5 a6a5 d5c7 b5b4,-553
8/8/7p/2R5/8/4K3/3p4/3k4 w - -,d4c3 e6e5 c3c2 d5d4 d3b4 d7c5 b4d5 a6a5 d5c7 b5b4,Mate
8/8/8/4k3/8/1B3K2/5B2/8 w - -,d4c3 e6e5 c3c2 d5d4 d3b4 d7c5 b4d5 a6a5 d5c7 b5b4,Mate
r2q1rk1/bpp1n1pp/p1np4/8/4PpP1/7P/PPP1N1BK/R1BQ1R2 w - -,d1d3 g7g5 d3b3 g8h8 c1d2 c6e5 d2c3 d8e8 a1d1 b7b5,-193
r3k2r/pp1q1pp1/4p2p/2pn4/3P4/P1b2N2/1PPQ1PPP/R3K2R w KQkq -,b2c3 a8c8 e1h1 e8h8 c3c4 d5b6 d2a5 b6c4 a5a7 c8c7,-153
r1b2r2/pp4pk/2n1p3/q2p4/1b3Pn1/1PN1QN2/PBP3PP/1K1R3R w - -,e3d3 h7g8 f3g5 g4f6 c3b5 f6e4 h1f1 a7a6 d3h3 e4g5,-114
3q2kr/1p1r1pp1/pb1Pp2p/2p1P2P/2B3Q1/PP6/3B2P1/5RK1 w - -,f1f7 d7f7 g4e6 d8f8 d6d7 b6c7 e6e8 g8h7 c4f7 f8e8,504
4r3/1rp2kp1/p1bpnp1p/2p4P/2P1P1P1/PP1R1P2/5B2/1NK1R3 w - -,f2e3 e8b8 b1d2 a6a5 a3a4 e6d8 e3f2 c6e8 e1g1 f7g8,-4
8/p1k2pp1/1p1np1p1/8/1KP1BP2/8/PP4P1/8 w - -,e4f3 f7f5 c4c5 a7a5 b4a4 b6c5 a4a5 g6g5 f4g5 e6e5,-120
8/4n3/8/2K5/P7/8/k2N4/5q2 w - -,,0
rn1k4/ppp5/4b3/3N4/3P1QpP/3B4/PPPN1P1P/2K1R3 w - -,d2f1 a2a3 c5b5 e7c8 f1g3 c8d6 b5c6 a3a4 c6d6 a4b3,Mate
r2qk2r/p2bbppp/4pn2/2p1N1B1/8/2NQ4/PPP2PPP/R3K2R w KQkq -,e1a1 d8c7 g5f6 g7f6 e5d7 a8d8 d3e4 d8d7 d1d7 c7d7,420
r1bqk2r/p1p2ppp/2p2n2/8/1b2p3/2NB3P/PPP2PP1/R1BQK2R w KQkq -,e1h1 e4d3 d1f3 e8h8 f1d1 d8e7 c2d3 b4d6 c1g5 e7e5,-425
8/4n3/8/2K5/P7/k7/8/5N2 w - -,,0
8/1p6/6p1/p1p5/2P2k2/1P5K/1P6/8 w - -,a4a5 a3a4 a5a6 e7c8 c5c6 a4a5 c6c7 a5a6 c7c8 a6b6,Mate
3r1rk1/1p4pp/1bp3n1/p2q2N1/5p1P/5N2/PPQ1RPP1/4R1K1 w - -,h4h5 d5d3 h5g6 h7g6 g5e6 d3c2 e2c2 g6g5 e6f8 g8f8,540
r2qnrk1/4bppp/pn1pb3/4p1P1/1p2PP2/1N2B3/PPPQN2P/2KR1B1R w - -,e2g3 e5f4 e3f4 d6d5 g3f5 a6a5 f1d3 a5a4 b3d4 e7c5,82
rn2k1nr/ppp1bpp1/3p2qp/4p3/2B1P3/P2PBN1b/1PP2PPP/RN1Q1RK1 w kq -,e3g5 h6g5 g2h3 g6h6 g1h1 h6h3 f1g1 g5g4 c4f7 e8f7,-364
r7/1kp5/1p2P1p1/p2R4/P3KPP1/BP6/8/7r w - -,e4e5 h1a1 a3e7 a1e1 e5f6 e1e4 f4f5 g6f5 g4f5 a8h8,328
8/5k2/8/3R4/3Q4/8/5K2/8 w - -,e6e7 h1e1 e4f3 c7c5 d5d7 b7c6 d7d8 c6b7 d8d7,Mate
r2q1rk1/p3ppnp/1p1p1b1B/1Np2P2/6P1/3P3P/PPP3K1/R1Q2R2 w - -,b5c3 e7e6 f5e6 f7e6 c3e4 f6e5 f1f8 d8f8 c1d2 f8e7,124
8/4n3/8/P1K5/k7/8/8/5N2 w - -,,0
1r6/1rp2kp1/p1bpnp1p/2p4P/2P1P1P1/PP1R1P2/3N1B2/2K1R3 w - -,f2e3 e6d8 a3a4 f7g8 e3f2 c6e8 e1g1 a6a5 f2e3 d8e6,-3
rnbqk2r/p1p3p1/1p1ppn1p/4Np1P/2PP4/2P5/P3PPP1/R1BQKB1R w KQkq -,e5g6 h8g8 f2f3 b8c6 e2e4 f5e4 f3e4 c8b7 f1d3 d8d7,89
8/1p6/6p1/p1p3K1/2P5/1P6/1P1k4/8 w - -,g5f6 d2c2 f6e6 c2b2 e6e5 b2b3 e5d5 a5a4 d5c5 a4a3,-1317
8/8/6k1/3RQ3/8/8/5K2/8 w - -,g5f6 d2c2 f6e6 c2b2 e6e5 b2b3 e5d5 a5a4 d5c5 a4a3,Mate
8/1p6/6K1/p1p5/2P5/1P6/1Pk5/8 w - -,g5f6 d2c2 f6e6 c2b2 e6e5 b2b3 e5d5 a5a4 d5c5 a4a3,Mate
3r1rk1/1p4pp/1bpq2n1/p5NP/5p2/5N2/PPQ1RPP1/4R1K1 w - -,c2b3 d6d5 h5g6 h7h6 b3b6 h6g5 b6b7 d5d6 f3e5 a5a4,615
r2q1rk1/p3ppnp/1p1p3B/1Np1bPP1/8/3P3P/PPP3K1/R1Q2R2 w - -,c1d2 d8d7 d3d4 c5d4 b5d4 f8c8 c2c3 c8c4 a1e1 a8c8,32
2n5/8/P7/2K5/k7/8/8/5N2 w - -,,0
r1b2rk1/p4pbp/q1npp1p1/1pp5/3nPP2/3PB1P1/PPPQ1NBP/R3NRK1 w - -,c2c3 d4b3 a2b3 a6a1 e4e5 c8b7 f2e4 c6a5 e4f6 g7f6,42
8/1p6/5K2/p1p5/2P5/1P6/1k6/8 w - -,c2c3 d4b3 a2b3 a6a1 e4e5 c8b7 f2e4 c6a5 e4f6 g7f6,Mate
8/k2K4/5B2/3B4/8/8/8/8 w - -,c2c3 d4b3 a2b3 a6a1 e4e5 c8b7 f2e4 c6a5 e4f6 g7f6,Mate
8/2k3p1/2p1B1K1/p1P2p1P/3b2P1/P7/8/8 w - -,g4f5 d4c5 g6g7 c5d4 f5f6 c7d6 e6a2 d6c5 g7g6 d4f6,849
8/1p6/3K4/2p5/p1P5/1k6/8/8 w - -,a3a4 f5g4 e6g4 d4c3 g4e6 c3d4 g6f7 d4c3 e6c4 c3e5,Mate
r1bqk1nr/pppn1pQp/8/3P4/5p1b/8/PPPP2PP/RNB1KBNR w KQkq -,g7g3 f4g3 h2g3 h4g3 e1d1 g3d6 b1c3 d7f6 g1f3 e8f8,-722
1r4k1/p4pp1/r4n1p/1b2p3/1P1b4/P3N1P1/4PPBP/1RB2RK1 w - -,b1b3 b5e2 f1e1 e2g4 e3g4 f6g4 c1e3 d4e3 f2e3 a6d6,7
3rr1k1/5pbp/p1pqp1p1/1p1n3P/3PB3/2P3P1/PPQ2PK1/2BRR3 w - -,e4f3 d8c8 a2a4 g7f6 b2b4 b5a4 c1d2 d5b6 c2d3 d6c7,113
rn3rk1/pbp1b1pp/1p1q1n2/4Np2/2P1P3/3B4/PPQN1PPP/R1B2RK1 w - -,f2f4 f5e4 d3e2 b8c6 d2b3 c6e5 c4c5 d6e6 f4e5 f6g4,-121
6k1/2p4p/1p1p3q/p2Pp3/P1P3p1/2P1PBPb/R7/2R3K1 w - -,c1d1 g4f3 d1e1 h6g6 g1f2 g6e4 c4c5 e4d5 a2c2 d5d3,-641
rn1qkb1r/pbp1pppp/1p5n/3p1P2/4P3/2N5/PPPP2PP/R1BQKBNR w KQkq -,,0
r4rk1/1p1b1pb1/pq1p1np1/2pPn1Bp/P3P3/2N2PN1/1P2B1PP/R2Q1RK1 w - -,d1d2 b6b4 g1h1 f6h7 g5e7 f8e8 e7d6 h5h4 f3f4 e5g4,38
1r4k1/1rp3p1/p1bpnp1p/2p4P/2P1P1P1/PP1RBP2/3N4/2K1R3 w - -,c1c2 a6a5 a3a4 g8f8 e1g1 e6d8 e3f2 f8e8 c2c3 e8f7,-6
r1b1k1nr/ppp1q1p1/2n1pp2/3p3p/1bPP3B/2N1PN2/PP3PPP/R2QKB1R w KQkq -,d1c2 g7g5 c4d5 e6d5 f3g5 f6g5 c2g6 e7f7 g6f7 e8f7,-142
r4r1k/5pp1/3qpn1p/p1p4b/3p1P1Q/1P1PPN2/PBP3PP/R4RK1 w - -,f3e5 a8a6 a2a4 d6c7 e5c4 c7d7 f1f2 h5g6 a1e1 f6d5,316
r4rk1/1p1b1pbn/pq1p2p1/2pPn1Bp/P3P3/2N2PN1/1P1QB1PP/R4RK1 w - -,g5e3 h5h4 g3h1 b6b4 h1f2 a8e8 a4a5 f7f5 d2c1 h4h3,33
r4rk1/p2qp1bp/1p1p1p2/2p2PP1/7P/2NP4/PPP3K1/R1Q2R2 w - -,f1f3 f6g5 c1g5 g8h8 g5h5 f8g8 g2h3 a8f8 c3e4 g7b2,-67
r1bqk2r/p3bppp/4pn2/2p1N1B1/8/2NQ4/PPP2PPP/2KR3R w kq -,d3f3 d8c7 f3a8 c7b7 a8b7 c8b7 f2f3 h7h6 g5h4 g7g5,627
8/8/8/5k2/3Q4/8/8/1K2R3 w - -,d3d8 e7d8 d1d8 e8d8 e5f7 d8e7 f7h8 c8b7 h8g6 h7g6,Mate
r2q1rk1/ppp2ppp/2bbpn2/8/2RP1B2/P4NP1/1P2PPBP/3Q1RK1 w - -,f4g5 h7h6 g5f6 d8f6 d1c2 c6d5 c4c3 d5f3 g2f3 f6d4,29
8/8/8/4k3/8/3K4/B4B2/8 w - -,f4e5 f6e4 d1b1 f7f5 c4c1 a7a5 b1c2 a5a4 f1d1 c6d5,Mate
8/1p3pk1/6pb/p6p/8/2P3PP/PPKNrP2/3R4 w - -,a2a4 e2f2 b2b4 f2g2 b4a5 g2g3 d2e4 g3h3 e4c5 h5h4,-96
r2k4/pppn4/4R3/3N4/3P1QpP/3B4/PPPN1P1P/2K5 w - -,a2a4 e2f2 b2b4 f2g2 b4a5 g2g3 d2e4 g3h3 e4c5 h5h4,Mate
r2qk2r/pb1nbppp/1p2pn2/1N1p4/2PQ4/5NP1/PP2PPBP/R1BR2K1 w kq -,c1f4 e8h8 f4c7 d8c8 c7d6 c8d8 f3e5 d7c5 d6c7 d8c8,93
6k1/R4pp1/P6p/r7/4p3/4P3/6P1/5K2 w - -,f1e1 f7f5 e1d2 a5a2 d2c3 a2g2 c3b3 g2g1 b3b2 g1g6,-189
r1b1k2r/ppp1qppp/2n2n2/3pp3/1b6/2NPPNP1/PPPB1P1P/R2QKB1R w KQkq -,a2a3 b4c3 d2c3 d5d4 c3d2 e5e4 d3e4 f6e4 d1e2 c8g4,-73
8/4K1k1/1p6/P7/8/8/8/8 w - -,a2a3 b4c3 d2c3 d5d4 c3d2 e5e4 d3e4 f6e4 d1e2 c8g4,Mate
8/k7/4Q3/8/N7/4K3/8/8 w - -,a2a3 b4c3 d2c3 d5d4 c3d2 e5e4 d3e4 f6e4 d1e2 c8g4,Mate
3rrbk1/5p1p/p1pqp1pP/1p1n4/3PB3/2P3P1/PPQ2PK1/2BRR3 w - -,a2a4 d6c7 c1g5 d8d7 c2e2 e8c8 d1a1 c7b6 e4f3 c6c5,113
r1b2rk1/p4pbp/q1npp1p1/1pp5/4PP2/1nPPB1P1/PP1Q1NBP/R3NRK1 w - -,a2b3 a6a1 e4e5 c8b7 f2e4 c6a5 e4f6 g7f6 g2b7 f6e7,52
8/8/8/8/8/8/7k/1K4R1 w - -,a2b3 a6a1 e4e5 c8b7 f2e4 c6a5 e4f6 g7f6 g2b7 f6e7,Mate
8/5N2/8/7R/8/4Q3/8/3k2K1 w - -,a2b3 a6a1 e4e5 c8b7 f2e4 c6a5 e4f6 g7f6 g2b7 f6e7,Mate
r1r1b1k1/1R3ppp/2p1p1q1/B1Pp4/1Q1P4/P1P1RNPn/5P1P/6K1 w - -,g1g2 g6c2 b4b2 c2b2 b7b2 h3f2 g2f2 a8a5 c3c4 h7h5,17
r2q1rk1/bpp1n1pp/p2p4/4n3/4PNP1/7P/PPP3BK/R1BQ1R2 w - -,c2c3 d8d7 c1d2 e7g6 f4g6 h7g6 d2f4 d7e7 d1e2 a6a5,-50
r4rk1/1p1b2bn/pq1p2p1/2pPnp2/P3P2p/2N1BP2/1P1QB1PP/R4RKN w - -,h1f2 a8e8 a4a5 b6d8 h2h3 h7f6 f3f4 e5f7 e4e5 d6e5,35
r4r1k/p3p1bp/1pqp4/2pN1PQ1/2P4P/3P4/PP4K1/R4R2 w - -,g2h2 g7e5 h2h1 f8f7 g5h6 f7f6 h6h5 a8f8 f1f3 f6f7,-132
4rrk1/1p1b2bn/pq1p2p1/2pPnp2/P3P2p/2N1BP2/1P1QBNPP/R4RK1 w - -,a4a5 b6d8 f1e1 f5f4 e3f4 g6g5 f4e3 h4h3 e1f1 h3g2,29
r3kbnr/ppq1pppp/2n5/2ppP3/3P4/2PQ4/PP2NPPP/RNB1K2R w KQkq -,a2a3 c5c4 d3f3 e7e6 b1d2 g8e7 e1h1 h7h5 e2f4 g7g6,34
r7/1kp5/1p2P1p1/p2RK3/P4PP1/BP6/8/4r3 w - -,e5f6 e1e4 a3c1 e4e1 c1d2 e1e2 f6f7 c7c5 d2c3 b7c6,483
r2k4/ppp5/4R3/1BnN4/3P1QpP/8/PPPN1P1P/2K5 w - -,e5d4 c7c5 d4c4 b7c6 d5g5 e1e4 c4d3 e4e6 a3b2 a8d8,Mate
rnbqk2r/ppp3p1/3ppn1p/5p1P/2PP4/2P2N2/P3PPP1/R1BQKB1R w KQkq -,e2e3 e8h8 f3h4 f8e8 f1d3 c7c5 d1f3 b8d7 a2a4 d7f8,-25
8/4K3/1P4k1/8/8/8/8/8 w - -,e2e3 e8h8 f3h4 f8e8 f1d3 c7c5 d1f3 b8d7 a2a4 d7f8,Mate
r1b1k2r/1p2bp2/pn1p3p/4nP2/P1q2BP1/2N4P/1PP1Q1B1/1K1R3R w kq -,e2f2 b6a4 c3d5 a4b2 b1b2 c8d7 d1d4 c4c5 d5e7 e8e7,181
8/8/7p/R7/8/3pk3/6K1/8 w - -,e2d2 c4b4 h1e1 c8d7 f5f6 b6c4 d2c1 e7f8 c3d5 b4c5,Mate
3qrrk1/1p1b2bn/p2p2p1/P1pPnp2/4P2p/2N1BP2/1P1QBNPP/R4RK1 w - -,e4f5 g6f5 g1h1 e5g6 e2d3 d8f6 f2h3 e8e7 f3f4 f6f7,29
8/6p1/8/1B6/7p/1KP5/6P1/2k5 w - -,h2h3 h7f6 f3f4 e5f7 e4e5 d6e5 e3c5 e5f4 d2f4 f6d5,Mate
1r4k1/p4pp1/r4n1p/4p3/1P1b4/PR2N1P1/4bPBP/2B2RK1 w - -,f1e1 e2g4 e3c2 g4f5 c2d4 e5d4 b4b5 a6e6 e1e6 f7e6,9
8/P6p/2p2k2/2Q1p3/8/2P5/1rb3PP/3K4 w - -,d1c1 b2b1 c1c2 b1a1 c5c6 f6e7 c6b7 e7e6 c2d3 e5e4,900
r1b2rk1/pp4p1/2n1pn1p/q7/1b1p1PP1/1PNB1N1P/PBP5/1K1RQ2R w - -,g4g5 h6g5 f4g5 f6d5 e1h4 d4c3 b2c1 f8f3 h1f1 c6e5,135
8/1P2K3/8/5k2/8/8/8/8 w - -,f3d4 c6d4 e1g3 c8d7 g4g5 f6h5 g3e3 a8d8 e3d4 d7c6,Mate
rnbqkb1r/pp4p1/6p1/2ppP2p/3P1p1P/5N2/PPP3P1/RNBQK2R w KQkq -,e1h1 b8c6 c1f4 c5d4 c2c3 f8e7 c3d4 e8h8 f4g5 c8g4,-77
r1r3k1/5pp1/p2qp2p/3pN3/P2PnP2/2PQ3R/6PP/4R1K1 w - -,d3c2 f7f6 e5g6 g8f7 f4f5 e6f5 g6h4 g7g6 h4g6 f7g6,-225
8/5B2/3K4/8/8/2k5/2N5/8 w - -,f7g6 c3b2 c2d4 b2c3 d6c5 c3b2 c5b4 b2a2 b4c3 a2a1,208
8/8/7p/R7/8/4k3/3p4/5K2 w - -,f7g6 c3b2 c2d4 b2c3 d6c5 c3b2 c5b4 b2a2 b4c3 a2a1,Mate
8/6p1/8/1BP5/7p/1K6/6P1/k7 w - -,f7g6 c3b2 c2d4 b2c3 d6c5 c3b2 c5b4 b2a2 b4c3 a2a1,Mate
r1b2rk1/p4pbp/2npp1p1/1pp5/4PP2/1PPPB1P1/1P1Q1NBP/q3NRK1 w - -,e4e5 c8b7 f2e4 c6a5 e4f6 g7f6 g2b7 f6e7 b7a8 f8a8,79
r2k4/pp1n4/2p1R3/1B1N4/3P1QpP/8/PPPN1P1P/2K5 w - -,e4e5 c8b7 f2e4 c6a5 e4f6 g7f6 g2b7 f6e7 b7a8 f8a8,Mate
r2qk2r/p2bbppp/4p3/2pnN1B1/8/2NQ4/PPP2PPP/2KR3R w kq -,g5e7 d8e7 c3d5 e6d5 d3d5 e8h8 e5d7 f8e8 d5c5 e7e6,583
r4r1k/5pp1/3qpn1p/p1p5/3P1P1Q/1P1P1b2/PBP3PP/R4RK1 w - -,f1f3 c5d4 f4f5 e6e5 a1f1 h8h7 g2g4 f8c8 g4g5 f6d5,121
rnbqk2r/pp2b1p1/6p1/2ppP2p/3P1B1P/5N2/PPP3P1/RN1QK2R w KQkq -,f4g3 b8c6 d4c5 e8h8 e1h1 c8g4 b1c3 e7c5 g1h2 c6d4,-90
r2qk2r/p2bbppp/8/2ppN1B1/8/3Q4/PPP2PPP/2KR3R w kq -,g5e7 d8e7 d3d5 e8h8 e5d7 f8e8 d5c5 e7e2 d1d2 e2e6,581
8/8/8/8/8/8/2k2K2/QR6 w - -,d3d5 e7g5 c1b1 e8h8 e5d7 f8e8 g2g3 a8c8 h1e1 e8e1,Mate
r2qk2r/p2b1ppp/8/2pQN1b1/8/8/PPP2PPP/2KR3R w kq -,d1d2 g5d2 d5d2 d7e6 d2d8 a8d8 e5c6 d8d7 c6e5 d7c7,-546
rn1qkb1r/pp3pp1/2p1bn1p/3p2B1/3P4/2NB4/PPP1QPPP/R3K1NR w KQkq -,f2f4 h6g5 f4f5 d8d6 f5e6 d6e6 e2e6 f7e6 g1f3 f8d6,-35
8/1QP5/4k3/8/8/8/2K5/8 w - -,f2f4 h6g5 f4f5 d8d6 f5e6 d6e6 e2e6 f7e6 g1f3 f8d6,Mate
r1b2rk1/2q1ppbp/2Np2pB/p1nP4/1p4PP/5P2/PPPQ4/2KR1B1R w - -,h6g7 g8g7 h4h5 g7g8 f1b5 e7e5 d5e6 c5e6 d2d6 c7d6,224
1r2rbk1/5p1p/p1pqp1pP/1p1n4/P2PB3/2P3P1/1PQ2PK1/2BRR3 w - -,c1g5 f8e7 g5e7 d5e7 a4a5 b8d8 c2d2 e7d5 e4f3 e8e7,107
r1b2rk1/pp4pp/2n1p3/q7/1b1p1Pn1/1PNB1N2/PBP3PP/1K1RQ2R w - -,e1h4 g4f6 c3b5 b4c3 b5d4 c6d4 f3d4 c3b2 b1b2 f8d8,257
r1r3k1/5pp1/p3p2p/3pN3/PqPPnP2/3Q3R/6PP/4R1K1 w - -,e1d1 f7f6 c4d5 e6d5 e5g4 b4a4 g4e3 a4a2 d1f1 c8c7,-238
1r4k1/p4pp1/1b2rn1p/4pN2/bP6/P2R2P1/5P1P/2B1RBK1 w - -,f1h3 e5e4 d3d2 e4e3 f5e3 e6e8 d2e2 a4b5 e2a2 f6e4,25
r4k1r/b2q1ppp/p1np4/1p4B1/6b1/1BP2N2/PP3PPP/R2QR1K1 w - -,a2a4 g4e6 a4b5 a6b5 g5f4 a8d8 b3e6 f7e6 f3g5 e6e5,364
8/P6p/2p2k2/2Q1p3/4b3/2P5/5KPP/1r6 w - -,a2a4 g4e6 a4b5 a6b5 g5f4 a8d8 b3e6 f7e6 f3g5 e6e5,Mate
8/8/7p/8/3k4/R7/3p4/5K2 w - -,a2a4 g4e6 a4b5 a6b5 g5f4 a8d8 b3e6 f7e6 f3g5 e6e5,Mate
r2qr1k1/pp3ppp/2pbn1n1/3p4/3P4/P1NQBNP1/1PP1RP1P/4R1K1 w - -,h2h4 g6f8 h4h5 h7h6 c3d1 f8h7 e3d2 h7f6 d1e3 d6f8,24
8/8/3K2B1/8/2k5/8/2N5/8 w - -,d6c6 c4c3 c6d5 c3b2 d5c4 b2c1 c4c3 c1b1 g6f7 b1c1,207
1r4k1/p4pp1/1b2rn1p/5N2/bP6/P3p1PB/3R1P1P/2B1R1K1 w - -,f5e3 e6e8 c1b2 f6e4 d2d5 a4c6 d5e5 e8e5 b2e5 b8e8,17
5k2/p2R3p/4P1p1/1p6/8/6P1/r6P/5K2 w - -,e6e7 f8e8 d7b7 a7a6 h2h4 h7h5 g3g4 h5g4 f1g1 a2e2,-246
7k/4Npp1/7p/4R3/2B2q2/P1n5/5PPP/6K1 w - -,,0
1r2r1k1/p4pp1/1b3n1p/8/bP6/P3N1PB/3R1P1P/2B1R1K1 w - -,d2e2 a4b5 e2a2 b5a4 h3f1 f6g4 f1e2 g4e3 c1e3 b6e3,10
3k4/6p1/2p1B1K1/p1P2P1P/3b4/P7/8/8 w - -,f5f6 d4f6 h5h6 g7h6 g6f6 d8e8 a3a4 e8f8 e6h3 f8g8,861
r3k2r/p2bqppp/4p3/2pnN3/8/2NQ4/PPP2PPP/2KR3R w kq -,c3d5 e6d5 d3d5 e8h8 e5d7 f8e8 d5c5 e7e6 c5d5 e6d5,570
rnbqk2r/p1pp2p1/1p2pn1p/5p1P/2PP4/2P2N2/P3PPP1/R1BQKB1R w KQkq -,f3e5 e8h8 g2g4 c8b7 h1g1 d7d6 e5g6 f5g4 g6f8 g8f8,25
r1r1b1k1/1R3ppp/2p1p3/B1Pp4/1Q1P4/P1P1RNPn/2q2P1P/5K2 w - -,b4b2 c2b2 b7b2 a8a5 f1g2 h3f2 g2f2 a5a3 g3g4 c8a8,-17
rn1qkbnr/3bpppp/p7/1B6/3PP3/1Q6/5PPP/RNB1K1NR w KQkq -,b5d7 b8d7 g1f3 e7e6 e1h1 g8f6 b1c3 a8b8 b3a4 f8b4,156
8/8/3k4/8/8/4B3/2BK4/8 w - -,b5c4 e7e6 d4d5 g8f6 d5e6 d7e6 c4e6 f7e6 b1c3 d8c8,Mate
r3k2r/p2bqppp/8/2ppN3/8/3Q4/PPP2PPP/2KR3R w kq -,d3d5 e8h8 e5d7 f8e8 d5c5 e7e6 c5d5 e6d5 d1d5 e8e2,576
rnbqkb1r/ppp2ppp/8/8/4p3/2PP1Q2/P1P2PPP/R1B1KBNR w KQkq -,f3e4 f8e7 d3d4 b8d7 c1g5 d7b6 g5e7 d8e7 e4e7 e8e7,95
r2k4/pp6/2p1R3/1BPN4/5QpP/8/PPPN1P1P/2K5 w - -,d3e4 b8c6 f3g3 h7h5 c1g5 f7f6 a1d1 d8e7 g5e3 c8e6,Mate
r7/pp2k1p1/6pn/2p1Pp2/3p1P2/8/PP1K2PP/n1B4R w - -,h2h4 h6g4 b2b3 g4f2 h1g1 e7e6 c1a3 a1b3 a2b3 f2e4,-454
rn1r2k1/pbp1b1pp/1p1q1n2/5p2/2P1P3/3B1N2/PPQN1PPP/R1B2RK1 w - -,e4e5 d6d3 c2d3 d8d3 e5f6 e7f6 a1b1 b8c6 b2b4 c6d4,-253
8/8/8/2k5/5B2/8/2BK4/8 w - -,e4e5 d6d3 c2d3 d8d3 e5f6 e7f6 a1b1 b8c6 b2b4 c6d4,Mate
2rq1rk1/pp1n1ppp/3bpn2/3p2B1/3P4/2N2N2/PPP1QPPP/R4RK1 w - -,c3d1 b7b5 a2a3 d8b6 g5f6 d7f6 g2g3 a7a5 d1e3 c8c7,-35
r2k4/pp6/4R3/1pPN4/6QP/8/PPPN1P1P/2K5 w - -,c3d1 b7b5 a2a3 d8b6 g5f6 d7f6 g2g3 a7a5 d1e3 c8c7,Mate
r4r1k/5pp1/3qpnbp/p1p1N3/3p1P1Q/1P1PP3/PBP3PP/R4RK1 w - -,e5c4 d6d8 e3d4 c5d4 h4f2 f6d5 b2d4 f7f6 d4b6 d5b6,304
1r2r1k1/1b1nppbp/p2p2p1/qp1n4/2pNPBPP/2P5/PPQNBP2/1K1R3R w - -,f4h2 g7d4 e4d5 d4g7 f2f3 d7b6 h4h5 b6d5 h5g6 h7g6,-330
r3kb1r/pp1b1p1p/2nppPp1/1q4N1/8/2Q5/PPP2PPP/RNB1K2R w KQkq -,c3e3 c6b4 b1a3 b5a6 e3f4 d6d5 c1d2 b4c6 g5f3 e8a8,-110
rnbqk2r/pp2bppp/4pn2/2pp4/2PP4/1PN5/PB2PPPP/R2QKBNR w KQkq -,a2a3 c5d4 d1d4 b8c6 d4d3 d5d4 c3e4 f6e4 d3e4 d8a5,-175
2R5/1Q6/3k4/8/8/8/2K5/8 w - -,a2a3 c5d4 d1d4 b8c6 d4d3 d5d4 c3e4 f6e4 d3e4 d8a5,Mate
8/8/2K3B1/8/8/1k6/2N5/8 w - -,c6b5 b3c3 b5c5 c3d2 c5c4 d2e2 c4c3 e2f3 c3d3 f3f4,204
r2qkb1r/ppp3p1/2n1pnpp/3p4/3P2PP/3BP3/PPP2P2/RNBQK2R w KQkq -,d3g6 e8d7 d1e2 f8d6 b1c3 c6e7 g6d3 h6h5 g4g5 f6g4,207
rn1qk2r/ppp2ppp/3bb3/3n4/2B2p2/5N2/PPPP2PP/RNBQ1R1K w kq -,c4e2 e8h8 c2c4 d5f6 d2d4 c7c6 f3g5 e6f5 c1f4 d6f4,-49
r2q1b1r/pppk2p1/2n1pnBp/3p4/3P2PP/4P3/PPP2P2/RNBQK2R w KQ -,c1d2 b7b5 b1c3 d8b8 d1e2 a7a6 a2a3 f8d6 h4h5 c6e7,216
r4r1k/5pp1/3qpnbp/p3N3/3p1P1Q/1P1P4/PBP3PP/R4RK1 w - -,e5c4 d6d8 h4f2 f6d5 b2d4 f7f6 a2a3 d8c7 d4b6 d5b6,294
8/8/8/3k4/5B2/3K4/2B5/8 w - -,a1e1 f8d8 e5c4 d6b8 a2a4 h8h7 e1e5 f6d5 h4f2 a8a6,Mate
r3r3/1kp1n3/1p2p1p1/p3P2p/P2RKPP1/BP5P/8/2R5 w - -,d4d7 e7c6 a3d6 a8c8 g4g5 e8h8 d7f7 h8e8 f4f5 g6f5,273
r1b2rk1/pp4p1/2n1p2p/q7/1b1p1Pn1/1PNB1N1P/PBP3P1/1K1RQ2R w - -,h3g4 b4c3 e1e4 f8f7 h1h5 a5b4 a2a3 b4d6 g4g5 g8f8,492
1r2rbk1/5p1p/p1pqp1pP/P2n4/1p1PB3/2P3P1/1PQ2PK1/2BRR3 w - -,c3c4 b4b3 c2d3 d5b4 d3b3 d6c7 c1f4 f8d6 f4e5 d6e5,249
r3kbnr/pp1b1ppp/2nqp3/1Bp5/3P4/2N1PN2/PP3PPP/R1BQK2R w KQkq -,c3e4 d6d5 e4c5 f8c5 d4c5 d5c5 b5e2 g8f6 e1h1 e8h8,42
2R5/3k4/8/8/8/8/2K5/1Q6 w - -,c3e4 d6d5 e4c5 f8c5 d4c5 d5c5 b5e2 g8f6 e1h1 e8h8,Mate
8/5pk1/7p/r4p2/3RrP2/3R2PP/5K2/8 w - -,,0
r1b1k2r/p2p1ppp/2p1pn2/q5B1/1b2P3/2N5/PPP1BPPP/R2QK2R w KQkq -,g5f4 f6e4 e1h1 e4c3 b2c3 b4c3 f4d6 a5d5 a1b1 a7a5,-205
r2r2k1/pbp1b1pp/1pnq1n2/5p2/2P1P3/3B4/PPQN1PPP/R1B1NRK1 w - -,c2b3 g8h8 e4e5 c6e5 d3f5 d8f8 d2f3 f6e4 f5e4 b7e4,-57
r2q1r1k/5pp1/4pnbp/p7/2Np1P1Q/1P1P4/PBP3PP/R4RK1 w - -,h4f2 f6d5 b2d4 f7f6 d4c5 f8g8 c5b6 d5b6 f2b6 d8c8,289
1r2rbk1/5p1p/p1pqp1pP/P2n4/2PPB3/1p4P1/1PQ2PK1/2BRR3 w - -,c2d3 d5b4 d3b3 d6e7 b3a4 e8d8 c1f4 b8c8 a4b3 e7a7,256
r2q1rk1/4ppbp/p4np1/1p1p1b2/1PnP1B2/1QN1PN2/P3BPPP/R3K2R w KQ -,f4e5 e7e6 e1h1 f5g4 e5f6 d8f6 f1d1 g4f3 e2f3 f6g5,-63
r1k5/pp4Q1/4R3/1pPN4/7P/8/PPPN1P1P/2K5 w - -,f4e5 e7e6 e1h1 f5g4 e5f6 d8f6 f1d1 g4f3 e2f3 f6g5,Mate
rn3rk1/pp3pp1/2pbbq1p/3p4/3P4/2NBQ3/PPP1NPPP/R3K2R w KQ -,c3d1 f8e8 e3d2 b8d7 d1e3 e8e7 e1h1 h6h5 c2c4 d5c4,-126
r2q1rk1/pp1n1pb1/2p1bnpp/1P1p4/P1PPp3/2N1P3/1B1NBPPP/R2Q1RK1 w - -,b5c6 b7c6 c4d5 c6d5 b2a3 f8e8 c3b5 g7f8 b5d6 f8d6,112
r2q3r/pppk2p1/2nbpnBp/3p4/3P2PP/1P2P3/P1P2P2/RNBQK2R w KQ -,d1e2 f6g8 b1d2 d8f6 g6d3 c6b4 h4h5 b4d3 e2d3 a8f8,155
1r1n2k1/1rp3p1/p1bp1p1p/2p4P/2P1P1P1/PP1RBP2/2KN4/4R3 w - -,,0
rnbqk1nr/pp3ppp/2p5/2bpp3/6P1/1P5P/P1PPPPB1/RNBQK1NR w KQkq -,c1b2 c5d6 g1f3 f7f6 c2c4 g8e7 b1c3 c8e6 e2e3 b8a6,-74
rn1qkb1r/pbp2ppp/1p1ppn2/8/3PP3/2N2Q2/PPPB1PPP/R3KBNR w KQkq -,d4d5 b8d7 e1a1 g7g6 d5e6 f7e6 g1h3 d8e7 h3g5 e8a8,90
5k2/6p1/3n2K1/7p/5N1P/8/6P1/8 w - -,f4e6 f8g8 e6g7 d6c8 g7h5 c8e7 g6g5 g8f8 h5f4 f8f7,532
1k6/3P4/pbP2p2/1p4p1/3pK1P1/1B5P/P7/8 w - -,e4d5 b8c7 b3c2 c7d8 d5e6 b6c5 e6f6 c5e7 f6e6 e7c5,543
Q2q1k1r/p4ppp/8/2p5/8/8/PPP2PPP/2K1R3 w - -,a2a4 b8c7 a4b5 a6b5 e4d5 d4d3 b3d1 d3d2 d1f3 c7d8,Mate
8/4k1p1/6p1/B1K1Pp2/3p2n1/8/1P2n2P/8 w - -,a5e1 e7e6 b2b4 g4e5 b4b5 e5d7 c5c4 e6e5 c4d3 e2f4,-713
r6r/pppkq1p1/2nbpnBp/3p4/3P2PP/1P2P3/PBP2P2/RN1QK2R w KQ -,d1e2 a8f8 h4h5 e6e5 g6f5 d7d8 d4e5 d6e5 b1c3 e5c3,189
5rk1/1p3pp1/1np2n1p/r7/4P1b1/2N1PN2/BP1R2PP/3R2K1 w - -,b2b3 a5a3 c3b1 a3a8 b1c3 f8e8 h2h3 g4h5 d2d4 f6e4,-81
rk6/pp4Q1/1N2R3/1pP5/7P/8/PPPN1P1P/2K5 w - -,b2b3 a5a3 c3b1 a3a8 b1c3 f8e8 h2h3 g4h5 d2d4 f6e4,Mate
1r2rbk1/5p1p/p1pqpnpP/P7/2PPB3/1p1Q2P1/1P3PK1/2BRR3 w - -,c1f4 d6d7 f4b8 e8b8 d4d5 c6d5 c4d5 f6d5 e4d5 e6d5,363
r3k2r/1pqbbp2/pn1pp2p/4n3/P2NPBP1/2N4P/1PP3B1/1K1RQ2R w kq -,h3h4 a8c8 g2f1 e5g4 f1h3 e6e5 a4a5 b6c4 c3d5 c7a5,-76
5rk1/5ppp/1qp2n2/3p1b2/4p3/1NP1P1P1/5PBP/1R1Q2K1 w - -,g2f1 f5g4 d1c2 f6d7 h2h3 g4e6 c3c4 d7e5 c4d5 e6d5,-71
r2q1rk1/4ppbp/p5p1/1p1p1b2/1PnPnB2/1QN1PN1P/P3BPP1/R3K2R w KQ -,a1c1 e4c3 b3c3 a6a5 e1h1 a5b4 c3b4 a8a2 f1e1 d8d7,-97
8/4k1p1/6p1/2K1Pp2/8/3p4/1P1Bnn1P/8 w - -,c5b4 e7e6 b4a3 e6e5 b2b4 e2d4 a3a4 e5e4 d2e1 f5f4,-849
r1k5/1p4Q1/1p2R3/1pP5/7P/8/PPPN1P1P/2K5 w - -,c5b4 e7e6 b4a3 e6e5 b2b4 e2d4 a3a4 e5e4 d2e1 f5f4,Mate
rnbq1rk1/ppp3p1/3ppn1p/5p1P/2PP3N/2P5/P3PPP1/R1BQKB1R w KQ -,h4g6 f8e8 c1f4 b8d7 f4g3 d7f8 e2e3 b7b6 a2a4 f8g6,-35
r1bqk1nr/pp3ppp/n1p5/2bpp3/6P1/BP5P/P1PPPPB1/RN1QK1NR w KQkq -,a3c5 a6c5 d2d4 e5d4 d1d4 c5e6 d4d2 h7h5 g4h5 d8f6,-75
r4rk1/pb3pbp/3pp1p1/npp1P3/4NP2/1PPPB1P1/1P1Q2BP/q3NRK1 w - -,e4f6 g7f6 g2b7 f6e7 b7a8 f8a8 d2g2 a8c8 e1f3 a1a2,100
5k2/1p6/2p2P2/p5Pp/2P2P2/P5P1/R1Br1r2/4K1n1 w - -,e4f6 g7f6 g2b7 f6e7 b7a8 f8a8 d2g2 a8c8 e1f3 a1a2,Mate
5r1r/pppkq1p1/2nbpnBp/3p4/3P2PP/1P2P3/PBPN1P2/R2QK2R w KQ -,d1e2 d6a3 e1a1 d7c8 f2f4 a7a6 d1g1 c8b8 d2f3 c6a7,171
rnbqk2r/pp2bppp/4pn2/3p4/3P4/1PPBPN2/5PPP/RNBQK2R w KQkq -,b1d2 e8h8 e3e4 d5e4 d2e4 b8d7 e4f6 d7f6 d1c2 d8c7,55
2r1r1k1/1pQ2ppp/3p4/p2P4/q2bR3/5N2/1P3PPP/4R1K1 w - -,b2b3 a4a1 e1a1 d4a1 e4e8 c8e8 g2g4 a1f6 c7d7 e8b8,525
r2q1rk1/4ppbp/p5p1/1p1p1b2/1PnP1BP1/1Qn1PN1P/P3BP2/R3K2R w KQ -,f4e5 c3e2 g4f5 e2d4 e5d4 g7d4 e3d4 d8c8 f3h4 c4d6,-309
r1bq1rk1/pppp1ppp/2n5/4p3/2B1P1n1/1P1P1N2/P1PN1bPP/R1BQ1RK1 w - -,f1f2 g4f2 g1f2 c6a5 f2g1 d7d6 d1e2 a5c4 b3c4 f7f5,131
rnb1k2r/ppp1bppp/4p3/6q1/3P4/5N2/PPP2PPP/R2QKB1R w KQkq -,f3g5 e7g5 d1g4 g5h6 g4g3 c7c6 f1d3 b8d7 g3d6 a7a5,379
r1bq1rk1/pppp1ppp/2n5/4p3/2B1P3/1P1P1N2/P1PN1nPP/R1BQ2K1 w - -,g1f2 c6a5 d2f1 c7c6 c1g5 d8b6 f2e1 a5c4 d3c4 f7f5,123
r1b3k1/pp4pp/2n1p3/q2p4/1b3rn1/1PNB1N2/PBP3PP/1K1RQ2R w - -,e1g3 f4f3 g2f3 b4c3 b2c3 a5c3 f3g4 c3b4 h1f1 c8d7,278
5r1r/pppkq1p1/2n1pnBp/3p4/1bPP2PP/1P2P3/PB1N1P2/R2QK2R w KQ -,f2f4 b4d2 e1d2 d5c4 a1c1 f6d5 c1c4 e7d6 d1f3 c6e7,119
r1b1k1nr/pp3ppp/n1p2q2/2bpp3/6P1/BP2P2P/P1PP1PB1/RN1QK1NR w KQkq -,a3b2 h7h5 g4h5 f6e7 d1e2 g8f6 b1c3 h8h5 e1a1 a6c7,-77
r4k1r/b2q1ppp/p1np4/1p4B1/8/1BPQ1b2/PP3PPP/R3R1K1 w - -,d3f3 a8e8 e1e8 d7e8 g5f4 a7c5 a1d1 a6a5 f3d5 h7h5,407
r6r/p1qnk1p1/1p1b1pn1/PPpPp3/2N1PP2/2BB2Pp/4Q2P/R4R1K w - -,e2g4 e7f8 g4g6 h8h6 g6g4 a8e8 a1d1 f8g8 f4e5 f6e5,621
8/8/p7/5k2/1P3p2/P4P1p/5K2/8 w - -,f2g1 f5e5 g1h2 e5d4 h2h3 d4c4 h3g4 c4d5 g4f4 d5c4,1526
1r4k1/1rp2np1/2bp3p/p1p1P2P/2P3P1/PP1RB3/2KN4/4R3 w - -,e3f4 d6e5 f4e5 b8e8 d3e3 a5a4 e5c3 a4b3 c2b2 e8e3,3
rnbqk2r/pp1pbppp/4pn2/2p5/2PP4/5N2/PP1NPPPP/R1BQKB1R w KQkq -,d4c5 e8h8 b2b3 e7c5 e2e3 b7b6 f1d3 c8b7 e1h1 d7d5,22
1r2r1k1/3nppbp/p2p2p1/qp1b4/2pN1BPP/2P5/PPQNBP2/1K1R3R w - -,h1e1 e7e5 e2f3 d5f3 d4f3 e5f4 e1e8 b8e8 d2e4 a5c7,-135
8/5pk1/3R3p/5p2/4rP2/r5PP/3R1K2/8 w - -,,0
1R6/4k3/8/8/8/8/2K5/1Q6 w - -,d6d5 e4e3 d5f5 e3f3 f2g1 f3g3 d2g2 g7g6 f5d5 a3f3,Mate
8/8/p7/4k3/1P3p2/P4P1p/8/6K1 w - -,d6d5 e4e3 d5f5 e3f3 f2g1 f3g3 d2g2 g7g6 f5d5 a3f3,Mate
r1bq1rk1/pppp1ppp/8/4p3/2BnP3/1P1P1N2/P1PN1KPP/R1BQ4 w - -,f3d4 e5d4 d2f3 d7d6 c1g5 d8e8 f3d4 c7c6 b3b4 b7b5,245
8/2kP4/pbP2p2/1p1K2p1/3p2P1/1B5P/P7/8 w - -,b3c2 b5b4 c2d3 c7d8 d5e6 a6a5 d3b5 b6c7 e6f6 c7f4,632
8/8/p7/8/1P1k1p2/P4P1p/7K/8 w - -,a2a4 d4d3 a4b5 a6b5 b3d1 d3d2 d1f3 c7d8 d5d6 b6a5,Mate
r2q1rk1/4ppbp/p5p1/1p1p4/1PnPbBP1/2Q1PN1P/P3BP2/R3K2R w KQ -,a2a4 a8c8 c3b3 e7e5 d4e5 f7f6 a4b5 f6e5 f4g5 d8d6,-201
rnbqk2r/pp1pbppp/4pn2/8/2PpP3/5N2/PP1N1PPP/R1BQKB1R w KQkq -,e4e5 f6g4 h2h3 g4h6 f1d3 b8c6 e1h1 d7d6 e5d6 d8d6,47
4R3/1p5k/2p5/p4PPp/2P2P2/P5P1/R1Br1r2/4K1n1 w - -,f5f6 d2c2 a2c2 h7g6 c2f2 h5h4 g3h4 a5a4 e8e7 g6h5,1698
r1bqrnk1/ppp3p1/3ppnNp/5p1P/2PP4/2PBP3/P4PP1/R1BQK2R w KQ -,d1f3 c7c5 e1h1 f8h7 f3h3 e6e5 h3h4 c8d7 a2a4 b7b6,-66
8/8/p7/8/1Pk2p2/P4P1K/8/8 w - -,d1f3 c7c5 e1h1 f8h7 f3h3 e6e5 h3h4 c8d7 a2a4 b7b6,Mate
3rrbk1/5p1p/2pqp1pP/pp1n4/P2PB3/2P3P1/1PQ2PK1/2BRR3 w - -,c1g5 d8d7 d1a1 d6c7 c2e2 c7b6 e1c1 e8c8 e4f3 d5e7,111
rnbqk2r/pp2bppp/4pn2/2pp4/2PPP3/5N2/PP1N1PPP/R1BQKB1R w KQkq -,e4d5 e6d5 f1e2 b8c6 d4c5 e8h8 e1h1 e7c5 d2b3 c5b6,-8
5r1r/pppkq1p1/2n1p1Bp/3p4/1bPPn1PP/1P2P3/PB1NQP2/R3K2R w KQ -,g6e4 d5e4 e1a1 b4d2 d1d2 f8f7 c1b1 d7c8 a2a3 h8f8,115
r4rk1/p2Q1pp1/1q4p1/4p1N1/8/2P3P1/PP3P2/2KR3b w - -,d1h1 b6e6 g5e6 f7e6 d7e6 f8f7 e6g6 a8e8 h1h5 f7e7,783
r2qkbnr/pp2pppp/n7/2ppP3/3P4/2PQ4/PP3PPP/RNB1K1NR w KQkq -,d4c5 a6c5 d3b5 c5d7 b5d5 d8b6 g1f3 e7e6 d5d3 g8e7,121
r1b1k1nr/pp3ppp/n1p2q2/2b1p3/3p2PP/BP2P3/P1PP1PB1/RN1QK1NR w KQkq -,a3c5 a6c5 e3d4 e5d4 d2d3 g8e7 g4g5 f6d6 d1f3 c8e6,-83
rnbqk2r/pp2bppp/5n2/2pp4/2PP4/5N2/PP1N1PPP/R1BQKB1R w KQkq -,f1e2 e8h8 e1h1 b8c6 d4c5 e7c5 d2b3 c5b6 c4c5 b6c7,-3
rn1qkb1r/pbpppppp/1p5n/8/4PP2/2N5/PPPP2PP/R1BQKBNR w KQkq -,d2d4 e7e6 a2a3 f7f5 e4e5 d7d5 g1f3 c7c5 c1e3 b8c6,73
5r1r/pppkq1p1/2n1p2p/8/1bPPp1PP/1P2P3/PB1NQP2/R3K2R w KQ -,e1a1 b4d2 d1d2 f8f7 c1b1 d7c8 a2a3 h8f8 h1h2 f8d8,126
8/8/8/2K5/3N4/2k2B2/8/8 w - -,e1a1 b4d2 d1d2 f8f7 c1b1 d7c8 a2a3 h8f8 h1h2 f8d8,Mate
r2qk2r/p2b1ppp/4pb2/2p1N3/8/2NQ4/PPP2PPP/R3K2R w KQkq -,d3e4 a8c8 e1a1 f6e5 e4e5 d8f6 e5f6 g7f6 h1e1 d7c6,88
8/8/1P6/4p3/2K2k2/5P2/7p/8 w - -,b6b7 h2h1q b7b8q h1f1 c4c3 f1c1 c3d3 c1d1 d3c3 f4f3,-192
8/8/8/8/4Q3/5N2/3K2k1/8 w - -,b6b7 h2h1q b7b8q h1f1 c4c3 f1c1 c3d3 c1d1 d3c3 f4f3,Mate
r1b1k1nr/2q2pbp/1pp3p1/p1p1p3/P1N1P3/3P1N2/1PP2PPP/R1BQ1RK1 w kq -,c1e3 c8e6 f3d2 b6b5 c4a3 c7b6 a4b5 c6b5 b2b4 a5b4,82
r3kb1r/pp1n1ppp/2p1pn2/3q1b2/3P4/4BN2/PPPNBPPP/R2QK2R w KQkq -,f3h4 d5d6 c2c4 f8e7 h4f5 e6f5 g2g3 e8h8 e1h1 d6c7,49
r1b2rk1/ppp2ppp/3p4/4p1q1/2BnP3/BP1P4/P1PN1KPP/R2Q4 w - -,h2h3 b7b5 c4d5 g5h4 f2g1 c8h3 d1e1 h4g4 e1f2 c7c6,-453
5r1r/pppkq1p1/2n1p2p/8/2PPp1PP/1P2P3/PB1bQP2/2KR3R w - -,d1d2 c6b4 c1b1 b4d3 f2f4 g7g5 e2g2 g5f4 g2e4 d3b2,122
rn2kb1r/p2q1ppp/4p3/1Q1nP3/3P4/4B3/3N1PPP/R3K1NR w KQkq -,b5b1 f8b4 b1d3 a7a5 g1e2 b8c6 e1h1 e8h8 d2e4 a5a4,-92
r1b3k1/pp4pp/2nbp3/q2p4/5rn1/1PNB1NQ1/PBP3PP/1K1R3R w - -,c3e2 f4f3 g3g4 f3f7 h1f1 a5c7 g4h5 f7f5 h5e8 d6f8,382
8/8/p4p2/3Kp1kp/2p5/P4PP1/1P6/8 w - -,d5c4 f6f5 a3a4 f5f4 g3f4 g5f4 b2b4 h5h4 b4b5 a6b5,-192
8/8/8/8/8/5Nk1/3KQ3/8 w - -,d5c4 f6f5 a3a4 f5f4 g3f4 g5f4 b2b4 h5h4 b4b5 a6b5,Mate
1r2r1k1/3nppbp/p2p2p1/q2b4/1ppN1BPP/2P2B2/PPQN1P2/1K1R3R w - -,f4e3 b4c3 f3d5 b8b2 c2b2 c3b2 d5c4 e8c8 c4b3 a5b4,-265
rn3rk1/1bp1b1pp/1p1pp1q1/p7/2PPp3/P1N1P2P/1P1N1PPB/R2Q1RK1 w - -,d1g4 g6g4 h3g4 a5a4 d2e4 b8c6 a1c1 c6a5 e4d2 b7a6,109
r1b1k1nr/ppp1q3/2n1pp2/3p2pp/1bPP3B/2N1PN1P/PP3PP1/R2QKB1R w KQkq -,a2a3 b4c3 b2c3 g5h4 f3h4 e7g7 c4d5 e6d5 c3c4 d5c4,-225
r1b1kbnr/pp3ppp/2nqp3/1B6/3p4/2N1PN2/PP3PPP/R1BQK2R w KQkq -,e3d4 g8f6 e1h1 f8e7 c1g5 c8d7 g5f6 e7f6 d4d5 e6d5,55
rnbqk2r/pp2bppp/5n2/2p5/2pP4/5N2/PP1NBPPP/R1BQK2R w KQkq -,d4c5 e8h8 e1h1 c4c3 b2c3 e7c5 d2b3 c5b6 a2a4 b8c6,9
1r3rk1/5p2/p3pPp1/4q2p/2p1B1P1/4QR2/2P4P/7K w - -,d4c5 e8h8 e1h1 c4c3 b2c3 e7c5 d2b3 c5b6 a2a4 b8c6,Mate
8/8/8/8/6k1/4QN2/3K4/8 w - -,d4c5 e8h8 e1h1 c4c3 b2c3 e7c5 d2b3 c5b6 a2a4 b8c6,Mate
8/5pk1/3R3p/3R1p2/5P2/r3r1PP/5K2/8 w - -,d6d8 e3g3 d5f5 g3b3 d8d2 g7g6 f5d5 b3g3 f2f1 g3h3,-22
8/8/p7/4p2p/1PK2k2/P4P2/8/8 w - -,a3a4 h5h4 b4b5 a6b5 a4b5 h4h3 b5b6 h3h2 b6b7 h2h1q,-158
5r1r/pppkq1p1/4p2p/8/1nPPp1PP/1P2P3/PB1RQP2/2K4R w - -,c1b1 b4d3 f2f4 g7g5 e2g2 d3b2 b1b2 g5f4 g2e4 f4e3,114
r2qk2r/pp2bppp/2n1pn2/2pp1b2/3P1P2/4PNP1/PPP3BP/RNBQ1RK1 w kq -,c2c3 h7h5 b1d2 a7a5 a2a4 f5d3 f1e1 f6e4 g2f1 d3f1,-86
8/8/8/5k2/8/5N2/3K1Q2/8 w - -,c2c3 h7h5 b1d2 a7a5 a2a4 f5d3 f1e1 f6e4 g2f1 d3f1,Mate
8/8/p7/4p2p/PPK5/5k2/8/8 w - -,b4b5 a6b5 a4b5 e5e4 b5b6 e4e3 b6b7 e3e2 b7b8q e2e1q,-15
r1bqk2r/1p1nbppp/2p1pn2/p2p4/2P5/1P3NP1/PB1PPPBP/RN1Q1RK1 w kq -,d2d4 b7b5 c4c5 f6e4 b1d2 f7f5 f3e1 e8h8 e1d3 e6e5,39
3r1rk1/p4pbp/q2Np1p1/1pQ1P3/5P2/2PP2P1/1P4NP/5RK1 w - -,d3d4 a6a2 b2b4 d8a8 c5b5 a7a5 b4a5 a8a5 b5b1 f8a8,-35
r4k1r/b2q1ppp/p1np4/1p3bB1/8/1BPQ1N2/PP3PPP/R3R1K1 w - -,d3d2 h7h6 g5e3 a7e3 e1e3 a8d8 a1e1 d6d5 h2h4 h6h5,252
r2qkb1r/p3pppp/2bp1n2/2p3B1/4P3/2NQ1N2/PPP2PPP/R3K2R w KQkq -,e1h1 e7e6 a1d1 f8e7 e4e5 d6e5 d3d8 a8d8 d1d8 e7d8,82
r2q1rk1/ppp1nppp/2nb4/3p4/3P4/2NbBN2/PPP2PPP/R2QR1K1 w - -,d1d3 d8d7 a2a3 a7a6 c3e2 d7f5 d3d2 e7g6 e2g3 f5d7,17
8/8/8/3k4/3N4/4Q3/3K4/8 w - -,d1d3 d8d7 a2a3 a7a6 c3e2 d7f5 d3d2 e7g6 e2g3 f5d7,Mate
2k5/4P1p1/1PK2np1/B4p2/5n2/3p4/7P/8 w - -,d1d3 d8d7 a2a3 a7a6 c3e2 d7f5 d3d2 e7g6 e2g3 f5d7,Mate
r1b2rk1/pp1nq1bn/3p2pB/2pPp3/2P1Pp2/2N2N2/PP2BPPP/R1QR2K1 w - -,a2a3 g7h6 c1c2 b7b6 b2b4 f8f7 h2h3 h7g5 f3h2 f7h7,-360
r1bqkb1r/pp3ppp/n3pn2/1Npp4/3P1B2/P3P3/1PP2PPP/R2QKBNR w KQkq -,g1f3 c8d7 c2c3 f8e7 f3e5 e8h8 e5d7 d8d7 h2h4 f8c8,24
7r/pppkq1p1/4p2p/8/1nPPp1PP/1P2Pr2/PB1RQP2/1K5R w - -,a2a3 b4a6 e2d1 e7f7 d1c2 f7g6 h1g1 h6h5 g4g5 d7c8,233
r1b1kb1r/ppp2ppp/4p3/4q3/6Q1/2N5/PPP2PPP/R1B2RK1 w kq -,h2h4 f8d6 g2g3 e8h8 f1d1 e5a5 a2a3 e6e5 g4e2 a5c5,-114
1r2r1k1/3nppbp/p2p2p1/3q4/1ppN1BPP/2P5/PPQN1P2/1K1R3R w - -,c3b4 d5d4 d2e4 d4b6 a2a3 a6a5 f4d6 e7d6 e4d6 e8d8,-279
2rq1rk1/4ppbp/p5p1/1p1p4/1PnPbBP1/2Q1PN1P/P3BP2/R4RK1 w - -,a1c1 e4f3 e2f3 c4e5 c3c8 e5f3 g1g2 f3h4 g2g3 d8c8,-90
r1bq1rk1/pp3ppp/2n2n2/2b5/2N5/5N2/PP2BPPP/R1BQ1RK1 w - -,c1e3 c5e3 c4e3 c8e6 e2c4 d8d1 f1d1 e6c4 e3c4 f8d8,12
6k1/4n1pp/8/4Q3/1P1p1K2/3q1P2/7P/8 w - -,f4g3 d3e3 e5f4 e3e1 g3g2 e1b4 g2f1 b4c5 f1e1 e7f5,-558
r1b3nr/ppp1qk2/2n1pp2/3p2p1/1bPP3p/2N1PN1P/PP3PPB/R2QKB1R w KQ -,a1c1 c6a5 c4d5 e6d5 f3d2 c7c6 a2a3 b4c3 c1c3 b7b5,192
8/1p6/p1p3p1/3k2P1/6K1/1P6/1PP5/8 w - -,g4f3 d5e5 b3b4 e5f5 f3g2 f5g5 g2f3 g5f5 f3g3 f5e4,-596
8/8/8/3K4/8/1Nk2B2/8/8 w - -,g4f3 d5e5 b3b4 e5f5 f3g2 f5g5 g2f3 g5f5 f3g3 f5e4,Mate
r2qk2r/pp1nbppp/4pn2/2Pp4/8/2PBPQ1P/PP3PP1/RNB1K2R w KQkq -,b2b4 e8h8 f3e2 d7e5 a2a4 b7b6 c5b6 e5d3 e2d3 a7b6,21
r1b1kb1r/ppp2ppp/4p3/2q5/5BQ1/2N5/PPP2PPP/R4RK1 w kq -,g4g3 c8d7 f4c7 a8c8 c7f4 c5f5 h2h4 h7h5 f2f3 d7c6,-35
4R3/1p5k/2p2P2/p5Pp/2P2P2/P5P1/R1r2r2/4K1n1 w - -,a2c2 h5h4 e1f2 b7b5 f6f7 g1h3 f2e3 h3f4 g3f4 b5b4,1490
r2qkb1r/p2npppp/2bp4/2p3B1/4P3/2NQ1N2/PPP2PPP/2KR3R w kq -,h1e1 a8b8 e4e5 d6e5 f3e5 d7e5 e1e5 d8d3 d1d3 f7f6,77
8/2k5/8/5N2/3Q4/8/3K4/8 w - -,g5f4 e7e5 f4g5 d8c8 b2b3 h7h6 g5e3 f8e7 f3d2 d7b6,Mate
r1b3nr/pppp1kpp/2n5/6B1/4P3/2P2N2/P4PPP/RN2K2R w KQ -,f3d4 a7a6 e1h1 d7d6 b1d2 g8e7 a2a4 b7b6 f2f4 h8e8,19
8/8/p7/4p3/PPK2k1p/5P2/8/8 w - -,b4b5 a6b5 a4b5 h4h3 b5b6 h3h2 b6b7 h2h1q b7b8q h1f1,-222
r1r3k1/6p1/p3pp1p/3pN3/PqPPnP2/3QR3/6PP/4R1K1 w - -,e1b1 b4a4 c4d5 e6d5 e5f3 c8c3 d3e2 c3e3 e2e3 a6a5,-316
r1b1k2r/2q1npb1/1pp3pp/p1p1p3/P1N1P3/2PP1N2/1P2QPPP/R1B2RK1 w kq -,c1e3 e8h8 e2d2 c8g4 e3h6 g4f3 g2f3 f8d8 g1h1 b6b5,31
5r2/pppkq1p1/4p2p/8/1nPPp1PP/BP2Pr2/P2RQP2/1K5R w - -,h1h2 a7a5 b1b2 d7c8 a3b4 e7b4 a2a3 b4d6 h2g2 d6d8,57
8/8/8/1p2p3/P1K2k1p/5P2/8/8 w - -,a4b5 h4h3 b5b6 h3h2 b6b7 h2h1q b7b8q h1f1 c4c3 f1c1,-236
r4rk1/pp1bqpbn/3p1np1/2pPp2p/2P1P3/2N2NP1/PP1BBPKP/R1QR4 w - -,h2h3 f6e8 c1c2 a8b8 d1h1 g7f6 a2a4 h7g5 f3g1 e8c7,107
r3kb1r/pp1qp2p/n3pnp1/3p2N1/3p4/2PQ4/PP1N1PPP/R1B2RK1 w kq -,d2f3 d4c3 f1e1 a6c5 d3c3 a8c8 f3e5 d5d4 c3h3 d7d5,81
r1b3nr/ppp1qk2/2n2p2/3p2p1/1b1P3p/2N1PN1P/PP3PPB/R2QKB1R w KQ -,a1c1 c8e6 a2a3 b4d6 f1d3 d6h2 f3h2 e7d7 e1h1 g8e7,137
rn2qrk1/1bp1b1pp/1p6/p2p4/3Pp3/P1N1P2P/1P1N1PPB/R2Q1RK1 w - -,h2c7 b8d7 d1b3 e8f7 c7g3 h7h6 f2f3 e4f3 d2f3 f7g6,146
r3kb1r/pppb1ppp/4p3/2q5/5B2/2N3Q1/PPP2PPP/R4RK1 w kq -,c3e4 c5c2 f2f3 d7c6 f4c7 f7f6 f1f2 c2a4 a1c1 c6e4,-50
1R6/5k2/8/8/8/2K5/8/1Q6 w - -,c3e4 c5c2 f2f3 d7c6 f4c7 f7f6 f1f2 c2a4 a1c1 c6e4,Mate
8/8/8/2NK4/8/5B2/1k6/8 w - -,d5c4 b2b1 f3e4 b1c1 c5e6 c1b2 e6d4 b2a3 c4c5 a3a2,20000
r1b1k2r/2q1npb1/1pp4p/p1p1p1p1/P1N1P3/2PP4/1P2QPPP/R1B1NRK1 w kq -,g2g3 c8h3 e1g2 a8d8 c1e3 e8h8 b2b4 a5b4 a4a5 b6b5,4
r4rk1/pp3ppp/1qn2n2/8/2b5/P3NN2/1P3PPP/R2Q1RK1 w - -,e3c4 b6c7 a1c1 a8d8 d1b3 f8e8 g2g3 h7h6 c4e3 d8d7,13
r1b3nr/ppp2kpp/2np4/6B1/4P3/2P2N2/P4PPP/RN3RK1 w - -,f3d4 a7a6 b1d2 g8e7 f2f4 h8e8 d4c2 h7h6 g5h4 b7b6,16
r4rk1/pp1bq2n/3p2p1/2pPpp2/2P1P1n1/2N2NP1/PP1QBP1P/R2R2K1 w - -,h2h4 f5f4 g1g2 f8f7 d1h1 a8f8 a1g1 a7a6 a2a4 b7b6,58
r1bqrnk1/ppp3p1/3p1nNp/4pp1P/2PP4/2PBPQ2/P4PP1/R1B1K2R w KQ -,f3h3 d8d7 e1h1 e5e4 d3e2 f8g6 h5g6 d7c6 h3h4 b7b6,-88
8/8/1k6/3Q1N2/8/8/3K4/8 w - -,f3h3 d8d7 e1h1 e5e4 d3e2 f8g6 h5g6 d7c6 h3h4 b7b6,Mate
r2q1rk1/pp1n1pb1/2p1bnpp/1P1p4/P1PP4/2N1Pp2/1B1NB1PP/R2Q1RK1 w - -,e2d3 f3g2 f1e1 c6c5 c3d5 f6d5 c4d5 e6d5 d3c4 d7b6,-242
8/8/p7/6k1/1P3p2/P4P1p/4K3/8 w - -,e2f2 h3h2 f2g2 g5f5 g2h2 f5e5 h2h3 e5d4 h3h4 d4e3,979
8/8/8/2NK4/8/8/8/k2B4 w - -,d1f3 a1b1 c5e6 b1a2 d5c5 a2b2 e6d4 b2c1 c5c4 c1d2,20000
3k4/3P4/pbP1Kp2/1p4p1/3p2P1/1B5P/P7/8 w - -,e6f6 d4d3 f6g5 d8c7 g5h6 c7c6 g4g5 c6d7 g5g6 b6d4,658
8/1k6/8/5N2/2Q5/8/3K4/8 w - -,b3d1 d4d3 e6f6 b6e3 d1f3 d3d2 f3d1 a6a5 d1b3 a5a4,Mate
r1b3nr/ppp1qk2/2n2p2/3p4/1b1P2pp/2NBPN1P/PP3PPB/R2QK2R w KQ -,h3g4 c8g4 a1c1 e7d7 d3e2 h8h5 a2a3 b4c3 c1c3 g8e7,130
r1bqk2r/2p2ppp/p1p2n2/3P4/1b6/2NB4/PPP2PPP/R1BQK2R w KQkq -,d1e2 e8f8 d5c6 d8d5 f2f3 c8f5 c1e3 f5d3 e2d3 d5d3,185
3r1rk1/pp3pp1/2n2n1p/1q6/2N5/P4N2/1PQ2PPP/R2R2K1 w - -,c4d6 b5b6 d6c4 d8d1 a1d1 b6b5 c4d6 b5b6 g2g3 f8d8,9
r3kb1r/p2npppp/1qbp4/2p3B1/4P3/2NQ1N2/PPP2PPP/2KRR3 w kq -,e4e5 d6e5 f3e5 d7e5 e1e5 a8b8 b2b3 f7f6 e5e6 b6c7,191
4rk1r/b2q1ppp/p1np4/1p3bB1/8/1BP2N2/PP1Q1PPP/R3R1K1 w - -,e1e8 f8e8 a1d1 a7b8 g5f4 e8d8 f4d6 b8d6 d2d6 d7d6,316
6k1/6pp/6n1/4Q3/1P1pK3/3N1P2/2q4P/8 w - -,e5d5 g8f8 d5c5 c2c5 b4c5 g6h4 d3e5 f8e7 e5c6 e7d7,201
r4rk1/pp1bqpbn/3p1npp/2pPp3/2P1P3/2N2NP1/PP1BBP1P/R1QR2K1 w - -,g1g2 a8e8 d1g1 f6h5 g2h1 h5f6 a2a4 g8h8 a4a5 e8b8,105
r1bqk2r/2p1bppp/p1p2n2/3P4/8/2NB4/PPP1QPPP/R1B1K2R w KQkq -,d5c6 e8h8 c1g5 h7h6 g5f6 e7f6 e1a1 f8e8 e2f3 d8e7,243
8/8/p7/5k2/1P3p1p/P4P2/4K3/8 w - -,,0
1R6/6k1/8/8/8/3K4/8/1Q6 w - -,a3a4 f5e6 e2f1 e6d5 b4b5 a6b5 a4b5 d5c5 f1g2 c5b5,Mate
r1b4r/ppp1nkpp/2np4/6B1/3NP3/2P5/P4PPP/RN3RK1 w - -,d4b5 a7a6 b5c7 a8a7 c7d5 e7d5 e4d5 c6e5 b1d2 b7b5,132
2rqr1k1/6bp/p4pp1/1pN5/1PpP1pP1/4P2P/P4P2/R3QRK1 w - -,e1d2 f6f5 e3f4 d8d4 a1d1 d4d2 d1d2 c4c3 d2c2 c8d8,-269
3rr1k1/4bp1p/2pqp1pP/pp1n2B1/P2PB3/2P3P1/1PQ2PK1/3RR3 w - -,g5e7 e8e7 e4f3 g8f8 e1e5 f7f6 e5e2 f8f7 d1a1 d6c7,122
8/8/p7/4k3/1P3p1p/P4P2/5K2/8 w - -,,0
8/8/p7/8/1P1k1p1p/P4P2/6K1/8 w - -,,0
r4rk1/pp1n1pp1/2pbq2p/3p1b2/3P4/2NBQ3/PPP1N1PP/R4RK1 w - -,c3d1 e6e3 d1e3 f5d3 c2d3 g7g6 f1f3 a8e8 g2g3 e8e7,-339
r1bqnrk1/ppp2ppp/2np4/2b1p3/4P3/2N3PP/PPPPNPB1/R1BQ1RK1 w - -,g1h2 a7a5 f2f4 a5a4 d2d3 c8d7 a2a3 c6d4 f4f5 h7h6,64
5r2/1ppkq1p1/4p2p/p7/1nPPp1PP/BP2Pr2/P2R1P2/1K3Q1R w - -,f1e1 d7c8 d2e2 c7c6 e1d2 f8f7 a3b4 e7b4 h1h2 b4d6,51
r1bqk2r/pppp2pp/4pnn1/2b5/4PP2/2PB1N2/PP4PP/RNBQK2R w KQkq -,e4e5 f6d5 g2g3 d7d6 b1d2 d6e5 d3g6 h7g6 d2e4 c5e7,149
rnbq1rk1/ppp1bpp1/3ppn1p/6B1/3P4/2PBPN2/PP3PPP/RN1QK2R w KQ -,g5h4 b8d7 b1d2 c7c5 e1h1 b7b6 f1e1 c8b7 e3e4 c5d4,17
r1r3k1/pp2bppp/1qn1pn2/3p1b2/3P1B2/1PP1PN2/3NBPPP/R1Q1K2R w KQ -,a1a4 f6h5 f4g3 c6b4 e1h1 h5g3 h2g3 b6c7 c3c4 b7b5,-108
r3kb1r/p2n1ppp/1qbpp3/2p1P1B1/8/2NQ1N2/PPP2PPP/2KRR3 w kq -,e5d6 a8b8 b2b3 c6f3 d3f3 f8d6 f3d5 h7h6 e1e6 f7e6,556
2Q5/4kp2/2p5/8/4r3/P7/1P3qPP/5R1K w - -,c8c7 e7f8 c7d8 f8g7 d8g5 g7f8 g5c1 f2e2 c1h6 f8g8,402
3r1rk1/5pbp/2qNp1p1/4P3/pp1P1P1N/2P1Q1P1/1P5P/R5K1 w - -,h4f3 b4c3 e3c3 c6c3 b2c3 d8a8 a1a2 f8b8 f3d2 a4a3,-108
8/8/p7/8/PPk2p1p/5P2/6K1/8 w - -,,0
4k2r/b2q1ppp/p1np4/1p3bB1/8/1BP2N2/PP1Q1PPP/R5K1 w - -,a1d1 a7b8 g5f4 e8d8 f4d6 b8d6 d2d6 d7d6 d1d6 f5d7,315
rn2qrk1/1bp1b1pp/1p6/3p4/p2Pp3/PQN1P2P/1P1N1PPB/R4RK1 w - -,b3a2 e8f7 h2c7 b8d7 f2f3 e4f3 f1f3 f7e6 c7f4 b6b5,98
rnbqkb1r/pp3pp1/4pn1p/3P4/3p4/5NP1/PP2PPBP/RNBQK2R w KQkq -,d5e6 c8e6 f3d4 e6d5 d1a4 b8c6 d4c6 b7c6 e2e4 d5e6,161
r1bqk2r/p1p2ppp/2pb1n2/8/2pPp3/6P1/PP2PPBP/RNBQ1RK1 w kq -,b1c3 e8h8 c1g5 h7h6 g5f6 d8f6 c3e4 f6e7 e4c3 a8b8,76
1N6/3Q4/5k2/8/8/4K3/8/8 w - -,b1c3 e8h8 c1g5 h7h6 g5f6 d8f6 c3e4 f6e7 e4c3 a8b8,Mate
rnb2rk1/pp3ppp/3p4/2n3N1/8/2N5/PPP2PPP/R3KB1R w KQ -,e1a1 c8f5 d1d6 g7g6 f1c4 b8d7 b2b4 d7e5 c4d5 c5d7,220
r3kbnr/ppp1pppp/2n5/1N5q/8/5b2/PPPPBPPP/R1BQK2R w KQkq -,d2d4 f3e2 d1e2 h5e2 e1e2 e8a8 h1d1 e7e6 c2c4 g8f6,-434
r1r5/6pk/p4pNp/3p4/Pq1PnP2/3QR3/6PP/4R1K1 w - -,g6e5 f6e5 e3e4 d5e4 d3e4 h7g8 f4e5 c8e8 e1e2 e8f8,-474
3r2k1/4rp1p/2pqp1pP/pp1n4/P2PB3/2P3P1/1PQ2PK1/3RR3 w - -,d1a1 b5b4 a1d1 b4c3 b2c3 f7f6 c3c4 d5b4 c2c3 g8f7,113
5r2/1ppk2p1/4pq1p/p7/1nPPp1PP/BP2Pr1R/P2R1P2/1K3Q2 w - -,h3f3 f6f3 f1g1 f8f7 a3b4 a5b4 h4h5 d7c8 c4c5 c7c6,66
8/8/8/1k6/5p1p/5P2/6K1/8 w - -,,0
rn1qkb1r/pp3pp1/4bn1p/8/3p4/5NP1/PP2PPBP/RNBQK2R w KQkq -,f3d4 e6d5 d1a4 b8c6 d4c6 b7c6 e2e4 d5e6 c1e3 f6g4,169
8/2k2p2/8/KP6/8/8/8/8 w - -,,0
5r2/1ppk2p1/4p2p/p7/1nPPp1PP/BP2Pq2/P2R1P2/1K3Q2 w - -,f1g1 d7c8 a3b4 a5b4 h4h5 f8f7 c4c5 c7c6 a2a3 f7f4,55
rn2qrk1/1b2b1pp/1pp5/3p4/p2Pp3/P1N1P2P/QP1N1PPB/R4RK1 w - -,d2e4 e8d8 e4d2 b7a6 f1e1 e7h4 h2g3 h4g3 f2g3 d8g5,103
r1b2rk1/pp4p1/2n1pn1p/q5P1/1b3P2/1PpB1N1P/PBP5/1K1RQ2R w - -,b2c1 h6g5 f4g5 f6d5 e1h4 g8f7 d3e4 f7e8 h4h7 c8d7,146
r1bqrnk1/ppp3p1/3p1nNp/5B1P/2PPp3/2P1PQ2/P4PP1/R1B1K2R w KQ -,f3f4 f8e6 f4g3 e6g5 f5c8 a8c8 g3h4 c7c5 e1h1 d8a5,-55
4k3/2Q2p2/2p5/8/4r3/P7/1P3qPP/5R1K w - -,c7c6 e8f8 c6c8 f8e7 c8b7 e7f8 b7b4 e4b4 f1f2 b4b3,600
r1bq1rk1/p1p2ppp/2pb1n2/8/2pPp3/2N3P1/PP2PPBP/R1BQ1RK1 w - -,c1g5 h7h6 g5f6 d8f6 c3e4 f6e7 e4c3 a8b8 d1c2 f8d8,78
r1b3nr/ppp1qk2/2n2p2/3p4/1b1P2P1/2NBPN1p/PP3PPB/R2QK2R w KQ -,g2h3 h8h3 e1d2 b4c3 b2c3 c6b4 d3e2 b4c6 h2c7 c8g4,309
r3kb1r/p2np1pp/1qbp1p2/2p1P1B1/8/2NQ1N2/PPP2PPP/2KRR3 w kq -,e5d6 e8a8 d6e7 f8e7 e1e7 f6g5 f3g5 h8e8 d3e3 d7f6,513
8/8/8/1p6/P1k2p1p/5P2/6K1/8 w - -,,0
4R3/1p3P1k/2p5/p5Pp/2P2P2/P4nP1/3r4/3K4 w - -,a4b5 c4b5 g2h3 b5c5 h3h4 c5d5 h4g4 d5e6 g4f4 e6f6,Mate
2rqr1k1/6bp/p5p1/1pN2p2/1PpP1pP1/4P2P/P3QP2/R4RK1 w - -,f1e1 f4e3 a1d1 e3f2 e2f2 d8d5 e1e8 c8e8 g4f5 e8f8,-348
5r2/1ppk2p1/4p2p/p7/1nPPp1PP/BP2P3/P2RQP2/1K5q w - -,d2d1 f8f2 d1h1 f2e2 g4g5 d7e7 g5h6 g7h6 h1h3 b7b6,-134
r1bq1rk1/p1p2pp1/2pb1n1p/6B1/2pPp3/2N3P1/PP2PPBP/R2Q1RK1 w - -,g5f6 d8f6 c3e4 f6e7 e4c3 a8b8 d1c2 h6h5 a1d1 h5h4,74
8/PK1R4/5pk1/6p1/8/8/8/r7 w - -,,0
r4bnr/ppNkpppp/2n5/7q/8/5b2/PPPPBPPP/R1BQK2R w KQ -,c7e6 f3e2 e6f8 a8f8 d1e2 h5e2 e1e2 g8f6 c2c3 f8c8,-414
8/8/8/8/1k3p1p/5P1K/8/8 w - -,c7e6 f3e2 e6f8 a8f8 d1e2 h5e2 e1e2 g8f6 c2c3 f8c8,Mate
5r2/1ppk2p1/4p2p/p7/1nPPp1Pq/BP2P3/P3QP2/1K1R4 w - -,a3b4 a5b4 d1d2 h4h1 b1b2 h1f3 e2e1 f3g4 d2c2 g4h4,-41
r1b2rk1/p1p2pp1/2pb1q1p/8/2pPp3/2N3P1/PP2PPBP/R2Q1RK1 w - -,c3e4 f6e7 e4c3 a8b8 d1c2 h6h5 e2e4 d6b4 f2f4 f8d8,76
r3kb1r/p2np1pp/1qbP4/2p3p1/8/2NQ1N2/PPP2PPP/2KRR3 w kq -,d6e7 f8e7 c3d5 c6d5 d3d5 a8d8 e1e7 e8e7 f3g5 h8f8,589
4R3/1p4k1/2p5/p4PPp/2P2P2/P5P1/R1Br1r2/4K1n1 w - -,f5f6 g7f7 c2g6 f7g6 a2d2 f2d2 e1d2 g1f3 d2c3 b7b5,1177
4k2r/3q1ppp/p1np4/1pb2bB1/8/1BP2N2/PP1Q1PPP/3R2K1 w - -,g5e3 c5e3 d2e3 e8d8 e3b6 d8e7 b6a6 h8b8 b3d5 c6e5,370
8/8/8/8/2k2p1p/5P1K/8/8 w - -,,0
5k2/2Q2p2/2p5/8/4r3/P7/1P3qPP/5R1K w - -,c7d8 f8g7 d8g5 g7f8 g5c1 f2e2 c1h6 f8g8 h6g5 g8f8,414
r4rk1/1pqb1ppp/p1n5/4RP2/3P4/2P3Q1/PP2B1PP/R6K w - -,f5f6 g7g6 g3g5 c7d8 a1f1 c6e5 g5h6 d8f6 f1f6 e5c6,355
3k4/3P4/pbP2K2/1p4p1/6P1/1B1p3P/P7/8 w - -,f6g5 d8c7 g5h6 c7c6 g4g5 c6c7 g5g6 b6d4 g6g7 d4g7,813
r1bqk2r/pp3pbp/2nppnp1/6N1/2B1P3/2N1Q3/PPP2PPP/R1B1K2R w KQkq -,e3e2 e8h8 e1h1 a7a6 a2a4 c6d4 e2d2 d6d5 f1d1 f6e4,-37
8/8/8/8/3k1p1K/5P2/8/8 w - -,,0
rn1qk2r/pp2bppp/4pn2/2pp4/3P4/2PBPQ1P/PP3PP1/RNB1K2R w KQkq -,e1h1 b8c6 f3e2 e8h8 b1d2 d8c7 b2b3 c5d4 e3d4 e7d6,1
r2qkb1r/1p3ppp/p1bppn2/8/3PP3/5N2/PP3PPP/RNBQR1K1 w kq -,d4d5 c6d7 d5e6 d7e6 b1c3 f8e7 c1e3 e8h8 f3d4 e6d7,65
3r1rk1/5pbp/3Np1p1/4P3/1p1P1P2/P1q1QNP1/7P/R5K1 w - -,e3c3 b4c3 a1c1 d8d7 c1c3 f8a8 d6b5 g7f8 f3g5 d7b7,-64
r3k2r/p2nb1pp/1qb5/2p3p1/8/2NQ1N2/PPP2PPP/2KRR3 w kq -,c3d5 c6d5 d3d5 a8d8 e1e7 e8e7 f3g5 h8f8 d1e1 e7f6,600
5k2/5p2/2p5/6Q1/4r3/P7/1P3qPP/5R1K w - -,g5d8 f8g7 d8g5 g7f8 g5c1 f2e2 c1h6 f8g8 h6g5 g8f8,432
r3k2r/p2nb1pp/1q6/2pb2p1/8/3Q1N2/PPP2PPP/2KRR3 w kq -,d3d5 a8d8 e1e7 e8e7 f3g5 h8f8 d1e1 e7f6 f2f4 f6g6,575
2r3k1/6bp/p5p1/1pN2p2/1Ppq2P1/4r2P/P5Q1/R4RK1 w - -,c5e6 e3e6 g1h1 d4e4 g2e4 f5e4 a1e1 e4e3 a2a4 b5a4,-664
2r2rk1/pp1n1ppp/1q1bpn2/3p2B1/3P4/P1N2N2/1PP1QPPP/R4RK1 w - -,f1c1 a7a6 g5f6 d7f6 c3d1 d6f4 c1b1 f6e4 c2c3 f7f5,-40
r2qrnk1/pp3pp1/3bbp1p/2p5/3P1P2/2PB4/PPQBN1PP/4RRK1 w - -,h2h3 d8c7 g1h1 a8d8 f4f5 e6d7 d4c5 d6c5 d2f4 c5d6,-28
rnbqk2r/pp2npbp/4p1p1/2pp4/2P5/4P1P1/PP1PNPBP/RNBQ1RK1 w kq -,c4d5 e7d5 b1c3 b8c6 c3d5 e6d5 e2f4 d5d4 d1c2 d8d6,13
3r2k1/2r2p1p/2pqp1pP/pp1n4/P2P4/2P2BP1/1PQ2PK1/3RR3 w - -,e1e5 b5a4 c2a4 d6f8 a4a5 d8a8 a5c5 a8c8 d1h1 f8c5,134
r2qk2r/1bpp1ppp/n3pn2/8/1b1PP3/2NB4/PP3PPP/R1BQK1NR w KQkq -,f2f3 c7c5 c1e3 b4c3 b2c3 c5d4 c3d4 a6b4 d3b1 e8h8,63
3b1k2/3P2p1/p2P2Pr/8/1p2K1Bp/1P6/3B2P1/8 w - -,a2a3 b4c3 b2c3 b7e4 d3e4 f6e4 d1g4 e4f6 g4g7 h8g8,Mate
rn3rk1/1bp1bqpp/1p6/3p4/p2Pp3/P1N1P2P/QP1N1PPB/R4RK1 w - -,h2c7 b8d7 c7g3 d7f6 f2f3 b7a6 f1f2 a6d3 g3e5 f6d7,96
8/5p2/b5kN/8/Pn5R/1P2P3/5PP1/3r2K1 w - -,,0
r4rk1/1pqb1p1p/p1n2Pp1/4R3/3P4/2P3Q1/PP2B1PP/R6K w - -,g3g5 c7d8 a1f1 c6e5 g5h6 d8f6 f1f6 e5c6 e2d3 d7e6,376
r1bqr1k1/ppp3p1/3pnnNp/5B1P/2PPp3/2P1P2Q/P4PP1/R1B1K2R w KQ -,h3h2 e6g5 f5c8 d8c8 c4c5 d6c5 c3c4 c5d4 e3d4 g5e6,-53
5b1r/p1k1q2p/p1Np1ppn/2pPp3/P3P3/6N1/1PPB1PPP/5RK1 w - -,c6e7 f8e7 d2h6 h8b8 f1b1 c7d7 h6d2 h7h5 g3f1 f6f5,510
r1bq1rk1/1pp1n1pp/2np4/p1b1pp2/4P3/2NP2P1/PPP1NPBP/R1BQ1R1K w - -,c1d2 f5e4 c3e4 c5b6 c2c4 h7h6 f2f4 c8f5 f4e5 d6e5,-19
r2qk2r/p2nb1pp/8/2pQ2p1/8/5N2/PPP2PPP/2KRR3 w kq -,e1e7 d8e7 d5a8 e8f7 a8h8 g5g4 f3d2 d7f6 h8b8 f7g6,664
8/8/6pp/8/4pR2/4P1k1/r7/4K3 w - -,f4f7 h6h5 f7g7 a2a6 e1d2 h5h4 d2c3 h4h3 c3d4 h3h2,-771
8/1ppk2p1/4p2p/p7/1nPPp1Pq/BP2Pr2/P3QP2/1K3R2 w - -,a3b4 a5b4 d4d5 d7c8 e2d1 h4g4 f1g1 g4f5 g1g7 f3f2,-16
r1bqk2r/pp3pbp/2nppnp1/1B4N1/3QP3/2N5/PPP2PPP/R1B1K2R w KQkq -,d4d3 e8h8 e1h1 a7a6 b5c6 b7c6 g5f3 d6d5 c1f4 c8b7,-54
rn2kbnr/pp3ppp/2p1b3/4P3/4P3/2N5/PP3PPP/R1BK1BNR w kq -,f2f4 g7g6 g1f3 f7f6 d1c2 f6e5 f3g5 e6c8 f1c4 g8h6,203
r4rk1/ppp2ppp/3p4/4p1q1/2BnP1b1/BPPP4/P2N1KPP/R2Q4 w - -,d2f3 d4f3 g2f3 g4e6 d1e2 e6c4 b3c4 f7f5 a1g1 g5h4,-513
r1bk1b1r/pp3ppp/3q4/2p5/2B5/5Q2/PPK2PPP/RNB4R w - -,h1d1 c8d7 d1d6 f8d6 b1c3 a8c8 c1e3 c8c6 a1d1 a7a6,748
rn1qkb1r/pb1p1ppp/1p2pn2/2pP2B1/2P5/2N5/PP2PPPP/R2QKBNR w KQkq -,e2e4 d7d6 g1f3 b8d7 h2h3 f8e7 f1d3 f6d5 e4d5 e7g5,92
4rrk1/pp1n2p1/2p5/3P4/3Pnqp1/4NN2/PP2QPP1/R3R1K1 w - -,a1d1 g4f3 e2f3 f4f3 g2f3 e4g5 g1g2 g5f3 e1h1 e8e4,-414
8/1ppk2p1/4p2p/8/1pPPp1Pq/1P2Pr2/P3QP2/1K3R2 w - -,d4d5 d7c8 e2d1 h4g4 f1g1 g4f5 g1g7 f3f2 g7g8 c8d7,-6
r1bqr1k1/p4pp1/7p/2b5/1p2p3/4PP2/PP1QNBPP/R4RK1 w - -,d2d8 e8d8 e2d4 e4f3 g2f3 c8b7 g1g2 d8d5 f1d1 a8d8,-131
r3r1k1/pp1n1pp1/2pb1q1p/3p1b2/3P4/2NBQ3/PPP1N1PP/R4RK1 w - -,e3e8 a8e8 f1f5 f6d8 a1f1 e8e7 g2g3 d8b6 f5f3 d7e5,-416
r2q1rk1/3b1pb1/p2p1np1/1ppPn2p/P3P3/2N1BPN1/1P2B1PP/R2Q1R1K w - -,h1g1 b5b4 c3b1 c5c4 g3h1 a8c8 h2h3 f8e8 h1f2 h5h4,-86
r3k2r/p2nq1pp/8/2pQ2p1/8/5N2/PPP2PPP/2KR4 w kq -,d5a8 e8f7 a8h8 g5g4 f3d2 d7f6 h8b8 f7g6 b8b5 e7d6,670
1b2k2r/3q1ppp/p1np4/1p3bB1/8/1BP2N2/PP1Q1PPP/3R2K1 w - -,g5f4 b8c7 f4d6 d7d6 d2d6 c7d6 d1d6 c6b8 d6b6 e8e7,327
2r3k1/7p/p5p1/1pN1b3/1Pp3p1/7r/P4RK1/3R4 w - -,a2a4 h3h2 g2g1 h2f2 g1f2 c4c3 a4b5 a6b5 f2e2 h7h5,-618
r2q1rk1/p2n1pbn/2p1b1pp/3p4/P1PPpP2/2N1P3/1B1NB1PP/R2Q1RK1 w - -,b2a3 f8e8 c4d5 c6d5 d2b3 h7f6 a1c1 d7b6 b3c5 g7f8,86
r3kbnr/pp1n1ppp/2p1b3/4P3/4PP2/2N5/PP4PP/R1BK1BNR w kq -,f4f5 e6f5 e4f5 d7e5 d1c2 f8d6 g1f3 e5f3 g2f3 g8e7,349
r1br2k1/p4pp1/7p/2b5/1p2p3/4PP2/PP2NBPP/R4RK1 w - -,f1c1 d8d2 c1c5 d2e2 a1c1 c8e6 c1c2 e2c2 c5c2 e6a2,-109
r6r/ppp1nkpp/2npb3/1N4B1/4P3/2P5/P4PPP/RN3RK1 w - -,b5c7 a8c8 c7e6 f7e6 b1a3 h7h6 g5h4 a7a6 a1d1 g7g5,150
rn1qkb1r/pb1p1pp1/1p1Ppn1p/2p3B1/2P5/2N5/PP2PPPP/R2QKBNR w KQkq -,c3b5 b8a6 g5f4 f6e4 f2f3 d8f6 g2g3 e6e5 f3e4 e5f4,26
rnbqkb1r/pp3pp1/5n1p/3p4/3p4/5NP1/PP2PPBP/RNBQ1RK1 w kq -,f3d4 f8c5 c1e3 e8h8 b1c3 c5b6 d1b3 b8c6 a1d1 c8e6,80
8/1ppk2p1/4p2p/8/1pPPp1q1/1P2Pr2/P4P2/1K2QR2 w - -,,0
r2q1rk1/1p1b1p1p/p1n2Pp1/4R1Q1/3P4/2P5/PP2B1PP/R6K w - -,a1f1 c6e5 g5h6 d8f6 f1f6 e5g4 e2g4 d7g4 f6f4 f7f5,385
2r4r/ppN1nkpp/2npb3/6B1/4P3/2P5/P4PPP/RN3RK1 w - -,c7e6 f7e6 f2f4 e6d7 b1d2 h8e8 a1d1 c6d8 f1f3 d8f7,159
r4rk1/ppqn1ppp/5n2/3pp3/6b1/PBPP1N2/2P2PPP/R1BQR1K1 w - -,c1d2 e5e4 h2h3 g4f3 g2f3 d7e5 f3e4 d5e4 d3e4 a8d8,-154
r2q3r/p2nk1pp/8/2pQ2p1/8/5N2/PPP2PPP/2KR4 w - -,c1d2 e5e4 h2h3 g4f3 g2f3 d7e5 f3e4 d5e4 d3e4 a8d8,Mate
rnbqk2r/pp3pp1/5n1p/2bp4/3N4/6P1/PP2PPBP/RNBQ1RK1 w kq -,c1e3 e8h8 b1c3 c5b6 d1b3 b8c6 a1d1 c8e6 c3a4 b6d4,88
7r/p1k1b2p/p2p1ppn/2pPp3/P3P3/6N1/1PPB1PPP/5RK1 w - -,d2h6 h8b8 f1b1 c7d7 h6d2 h7h5 g3f1 f6f5 e4f5 g6f5,514
8/1ppk2p1/4p2p/7q/1pPPp3/1P2Pr2/P4P2/1K2Q1R1 w - -,,0
K7/6k1/5p2/8/6p1/3R4/8/8 w - -,,0
r2qkb1r/pppb1ppp/2n2n2/1B4B1/3Np3/2N5/PPP2PPP/R2QK2R w KQkq -,c3e4 f8e7 g5f6 e7f6 d4c6 d7c6 d1d8 f6d8 b5c6 b7c6,90
4rrk1/pp1n2p1/2p5/3P3p/3Pnqp1/4NN1P/PP2QPP1/R3R1K1 w - -,e3g4 h5g4 h3g4 c6d5 e2b5 d7f6 b5b7 f4g4 e1e3 e8b8,-374
2r1k3/7p/2b1P1p1/4K1B1/6P1/1p6/3R3P/8 w - -,e6e7 c6d7 d2f2 d7a4 e5d6 c8c6 d6d5 e8d7 f2f8 c6d6,266
r2q1r2/p2nk1pp/8/2pQ2N1/8/8/PPP2PPP/2KR4 w - -,e5f4 c8b8 g5f6 h7h6 h2h4 b8b4 f4g3 b4b8 h4h5 g6h5,Mate
8/1ppk2p1/4p2p/8/1pPPp2q/1P2Pr2/P4P2/1K2Q1R1 w - -,g1g7 d7c8 e1b4 h4h1 b1b2 f3f2 b2a3 h1c1 a3a4 f2a2,10
2kr1bnr/pp1n1ppp/2p1b3/4PP2/4P3/2N5/PP4PP/R1BK1BNR w - -,f5e6 d7e5 d1c2 f7e6 g1f3 f8d6 f1e2 d6b8 f3g5 g8f6,408
2r4r/pp2n1pp/2npk3/6B1/4P3/2P5/P4PPP/RN3RK1 w - -,f2f4 e6d7 b1a3 c6a5 a3b5 a7a6 b5d4 a5c6 g5e7 c6d4,157
r4rk1/ppp2ppp/3p4/4p3/2BnP1bq/BPPP4/P2N1KPP/R1Q5 w - -,f2f1 d4e2 c1b2 h4h2 d2f3 e2g3 f1e1 g4f3 g2f3 h2g1,-564
r2q1rk1/3b1pb1/p2p1np1/1ppPn2p/P3P3/2N1BPNP/1P2B1P1/R2Q1RK1 w - -,f3f4 e5c4 e2c4 b5c4 e4e5 f6h7 c3e4 d6e5 f4f5 h5h4,117
3k4/1pp3R1/4p2p/8/1pPPp2q/1P2Pr2/P4P2/1K2Q3 w - -,g7g8 d8d7 e1b4 h4h1 b1b2 f3f2 b2a3 h1c1 a3a4 f2a2,2
rn3rk1/pp3pp1/2pb1q1p/3p4/3P1Pb1/2NBQ3/PPP1N1PP/R3K2R w KQ -,h1f1 b8d7 e3f2 g4f5 e1a1 f8e8 d3f5 f6f5 h2h3 b7b5,-118
2kr1bnr/pp3ppp/2p1P3/4n3/4P3/2N5/PP4PP/R1BK1BNR w - -,d1c2 f7e6 g1f3 f8d6 c1e3 g8f6 f1e2 d6c7 f3e5 c7e5,401
r2qk2r/ppp2ppp/2nbp3/3p4/3P4/2PQPNB1/PP1n1PPP/R3K2R w KQkq -,d3d2 c6e7 a1c1 a7a5 d2d3 e8h8 c3c4 c7c6 c4c5 d6c7,26
6R1/1ppk4/4p2p/8/1pPPp2q/1P2Pr2/P4P2/1K2Q3 w - -,e1b4 h4h1 b1b2 f3f2 b2a3 h1c1 a3a4 f2a2 a4b5 c1a3,3
r1b1k1nr/pppp2pp/3b1q2/4npN1/2BQPB2/8/PPP2PPP/RN2K2R w KQkq -,b1c3 e5c4 e4e5 c4e5 c3d5 e5f3 g5f3 f6d4 f3d4 d6f4,8
4rrk1/p2n2p1/2p5/7p/3Pnqp1/4NN1P/PP2QPP1/R3R1K1 w - -,e3c4 g4f3 e2f3 f4f3 g2f3 e4g5 g1g2 g5e6 g2f1 e6f4,-348
6k1/2q2p1p/1np1r2Q/p7/1pP2P2/1P6/P4P1P/3R3K w - -,h6g5 e6g6 g5c5 b6d7 c5d4 d7f6 f4f5 g6h6 d1g1 g8f8,-348
8/1P6/8/4p3/2K2k2/5P2/8/7q w - -,b7b8q h1f1 c4c3 f1c1 c3d3 c1d1 d3c3 f4f3 b8h8 d1c1,-240
6k1/8/6P1/2pp1P2/5K2/2P4R/8/4r3 w - -,h3h7 e1g1 f4e5 g8f8 e5f6 f8e8 f6e6 e8f8 h7c7 g1e1,913
8/5p2/b5kN/8/P6R/1P1nP3/5PPK/3r4 w - -,,0
r1b1k2r/pp1p1ppp/4p3/6q1/3Nn3/2P5/P1P1BPPP/R2QK2R w KQkq -,e2f3 e4c3 d1d3 g5e5 e1f1 e5c5 h2h4 d7d5 a1e1 e8h8,-301
r2qrnk1/pp3pp1/2bb1p1p/2p2P2/3P1B2/2PB4/PPQ1N1PP/4RRK1 w - -,c2c1 c5d4 e2d4 e8e1 c1e1 d6f4 f1f4 f8d7 d4c6 b7c6,-45
2kr1bnr/pp4pp/2p1p3/4n3/4P3/2N5/PPK3PP/R1B2BNR w - -,g1f3 f8d6 f1e2 e5f3 g2f3 g8f6 c1e3 f6h5 e3a7 h5f4,407
r2qr1k1/pp3pbn/1n2b1pp/1P1p4/P2PpP2/B1N1P3/3NB1PP/2RQ1RK1 w - -,g2g4 a8c8 a4a5 b6c4 d2c4 d5c4 a3b4 h7f6 f4f5 e6d5,71
2r1r3/1kp1n3/1p2p1pp/p3P3/P2RKPP1/1P5P/1B6/3R4 w - -,d4d7 h6h5 b2a3 e7c6 d7g7 e8g8 d1d7 h5g4 h3g4 b6b5,229
rn1qkbnr/pp3ppp/3p4/2p5/2BpP3/5b1P/PPP2PP1/RNBQ1RK1 w kq -,d1f3 d8d7 c2c3 b8c6 c1f4 a8d8 f1d1 a7a6 c4d5 g8e7,37
6k1/2p5/8/3pnPP1/3B4/2P4R/r1K5/8 w - -,c2d1 e5f7 g5g6 c7c5 g6f7 g8f7 h3h7 f7g8 h7h8 g8f7,630
4rrk1/p5p1/2p5/4P3/5qp1/4N3/PP2QnP1/R3R1K1 w - -,e2c2 e8e5 c2c4 f4c4 e3c4 e5h5 g1f1 f2d3 f1e2 d3e1,-524
r1b4r/1pp1nkpp/p1np4/1N4B1/4P3/2P5/P4PPP/RN3RK1 w - -,b5c7 a8a7 c7d5 e7d5 e4d5 c6e5 b1d2 b7b5 a2a4 a7c7,137
rnbqk2r/pp3pp1/1b3n1p/3p4/8/1N4P1/PP2PPBP/RNBQ1RK1 w kq -,b1c3 d5d4 c3b5 b8c6 c1f4 e8h8 a1c1 f8e8 b5d6 e8e7,50
3rr2k/1p4bp/2p4q/p1N1Pb2/2Q3B1/1P4p1/P2R2K1/B2R4 w - -,g2g3 h6e3 g3h4 d8d2 d1d2 e3d2 g4f5 d2e1 h4h5 e1a1,-537
r2qnrk1/p1p3pp/2p5/2p1pb2/8/6PP/PPPPNP2/R1BQ1RK1 w - -,d2d4 e5d4 g3g4 f5e4 f2f4 e8d6 f4f5 d8h4 g1h2 a8e8,-158
r2q1r1k/1p1b1p1p/p1n2Pp1/4R1Q1/3P4/2P5/PP2B1PP/5R1K w - -,e5e4 f8g8 e4h4 d8f8 f1f4 g8g7 e2d3 a8e8 f6g7 f8g7,473
8/1K6/5pk1/8/6p1/3R4/8/8 w - -,,0
1rb4r/1pN1nkpp/p1np4/6B1/4P3/2P5/P4PPP/RN3RK1 w - -,b1d2 h8d8 a2a4 d8d7 c7d5 b7b5 a4b5 a6b5 f1b1 h7h6,209
4R3/1p3k2/2p2P2/p5Pp/2P2P2/P5P1/R1Br1r2/4K1n1 w - -,c2g6 f7g6 a2d2 f2f4 g3f4 g1f3 e1d1 f3d2 d1d2 h5h4,938
r3nrk1/p1pq2pp/2p5/2p1pb2/8/6PP/PPPPNP1K/R1BQ1R2 w - -,f1h1 f5h3 h2g1 e8f6 d2d3 f6g4 f2f4 e5f4 c1f4 h3g2,-349
r2q2rk/1p1b1p1p/p1n2PpQ/4R3/3P4/2P5/PP2B1PP/5R1K w - -,e5d5 c6e7 f6e7 d8e7 d5e5 e7f8 h6f4 f7f5 e2f3 f8f6,295
3k4/1pp3R1/4p2p/8/1QPPp3/1P2Pr2/P4P2/1K5q w - -,,0
6k1/p5nb/5Q1p/7P/8/P1B3q1/6P1/6K1 w - -,f6d4 h7b1 c3d2 g8h7 a3a4 g3c7 d2e3 c7c6 d4a7 b1e4,-141
rnbqkb1r/pp3p2/2p1p2p/6pn/2pPP3/2N2NB1/PP3PPP/R2QKB1R w KQkq -,f1c4 h5g3 h2g3 b7b5 c4e2 c8b7 d1c2 g5g4 f3h2 b5b4,97
rnb1k2r/pp1p1ppp/2p2q2/2b1p3/4P3/5Q2/PPPP1PPP/R1B1KBNR w KQkq -,,0
5k2/2p5/6P1/3pnP2/r2B4/2P1K2R/8/8 w - -,h3h8 f8e7 g6g7 c7c5 d4e5 a4g4 f5f6 e7e6 h8e8 e6d7,1231
r1b1kb1r/pp3ppp/2p5/3BP3/6n1/6P1/PPP1PP1P/RNB1K2R w KQkq -,d5b3 g4e5 c1f4 e5d7 b1d2 d7c5 d2c4 h7h5 e1a1 c8h3,139
6k1/2q2p1p/1np3rQ/p7/1pP2P2/1P6/P4P1P/6RK w - -,h6h4 c6c5 g1g6 h7g6 f4f5 b6d7 h1g2 d7f8 f5g6 f8g6,-432
3k4/1pp3R1/4p2p/8/1QPPp3/1P2P3/PK3r2/7q w - -,,0
7R/2p1k3/6P1/3pnP2/r2B4/2P1K3/8/8 w - -,g6g7 a4d4 e3d4 e5f7 g7g8q f7h8 g8h8 c7c6 f5f6 e7e6,1778
rnbqk2r/1p2ppbp/2p2np1/p2p4/8/1P3NP1/PBPPPPBP/RN1Q1RK1 w kq -,c2c4 e8h8 d2d3 f8e8 f1e1 e7e5 b2e5 d5c4 d3c4 d8d1,28
8/8/k2K1B2/5B2/8/8/8/8 w - -,d2d3 e8h8 c2c4 f8e8 f1e1 e7e5 b2e5 d5c4 d3c4 d8d1,Mate
1Q6/8/8/4p3/2K2k2/5P2/8/5q2 w - -,c4c3 f1c1 c3d3 c1d1 d3c3 f4f3 b8h8 d1c1 c3b3 c1f4,-255
8/8/5B2/k1K2B2/8/8/8/8 w - -,c4c3 f1c1 c3d3 c1d1 d3c3 f4f3 b8h8 d1c1 c3b3 c1f4,Mate
r1b4r/ppk2ppp/3b4/2p5/2B5/5Q2/PPK2PPP/RNB5 w - -,b1c3 a7a6 c1f4 c8f5 c2b3 a8d8 f4d6 d8d6 f3f5 h8d8,846
r1b1kb1r/pp3ppp/2p5/4n3/8/1B4P1/PPP1PP1P/RNB1K2R w KQkq -,c1f4 e5d7 b1d2 d7c5 d2c4 h7h5 e1a1 c8h3 d1d4 f8e7,136
r4rk1/p1q2ppp/1pb1p3/4P3/4n3/Q1P3P1/PP4BP/R1B2RK1 w - -,c3c4 a8d8 a3e3 c7e5 e3f4 e5d4 c1e3 e6e5 e3d4 e5f4,-209
rn1qk2r/pp3ppp/3b1n2/3pp3/6b1/P5Q1/BPPP1PPP/RNB1K1NR w KQkq -,b1c3 e5e4 g3h4 e8h8 c3d5 b8d7 g1h3 a8c8 h3g5 g4f5,-75
3k4/1pp3R1/4p2p/8/1QPPp3/KP2P3/P4r2/2q5 w - -,,0
r1b1k2r/pp1p1ppp/4p3/8/3Nn3/2PQ4/P1P1BPqP/R3K2R w KQkq -,e2f3 g2f2 e1d1 d7d5 f3e4 d5e4 d3e4 e8h8 d1c1 c8d7,-375
2kr1b1r/pp4pp/2p2n2/4p3/4P3/2N1BP2/PPK4P/R4B1R w - -,e3a7 f8b4 h1g1 g7g6 a7b6 d8f8 a1d1 f6h5 a2a4 c8b8,473
rnbqkb1r/p4p2/2p1p2p/1p4p1/2BPP3/2N2NP1/PP3PP1/R2QK2R w KQkq -,c4e2 c8b7 e1h1 a7a6 d4d5 f8g7 d5e6 f7e6 d1c2 b8d7,101
2rq1rk1/pp2bppp/4p3/5b2/P3N3/1NP5/1P3PPP/R2QR1K1 w - -,h2h3 h7h6 d1e2 f5h7 e4g3 d8d3 e2g4 h7g6 b3d4 d3d2,-95
r1b1kb1r/pp1n1ppp/2p5/8/5B2/1B4P1/PPP1PP1P/RN2K2R w KQkq -,b1d2 d7c5 d2c4 h7h5 f2f3 c8e6 e1f2 e8a8 h1d1 d8d1,139
7R/2p3P1/3k4/3pnP2/r2B4/2P1K3/8/8 w - -,b1d2 d7c5 d2c4 h7h5 f2f3 c8e6 e1f2 e8a8 h1d1 d8d1,Mate
r2qr1k1/pp3pbn/4b1pp/PP1p4/2nPpP2/B1N1P3/3NB1PP/2RQ1RK1 w - -,f1f2 c4a3 g2g4 a8c8 d1a4 d8e7 a5a6 b7a6 b5a6 c8b8,-309
3rr2k/6bp/2p4q/ppN1Pb2/2Q3B1/1PB3p1/P2R2K1/3R4 w - -,g2f3 d8d2 c3d2 h6h2 c4d4 f5g4 d4g4 h2f2 f3e4 e8e5,-570
rnbqk2r/pp3p1p/2p2p2/2b1p3/3pP3/2N2Q2/PPPP1PPP/R1B1KB1R w KQkq -,c3e2 h7h5 e2g3 c8g4 f3b3 h5h4 g3f5 g4f5 e4f5 d8d7,-42
8/5p2/b5kN/8/P6R/1P1nP1K1/5PP1/1r6 w - -,h6g8 b1b3 h4g4 g6f5 g4d4 b3b4 g8h6 f5e6 d4b4 d3b4,-4
3k4/1pp3R1/4p2p/8/KQPPp3/1P2P3/r7/2q5 w - -,,0
r4qrk/1p1b1p1p/p1n2PpQ/4R3/3P1R2/2P5/PP2B1PP/7K w - -,h6f8 g8f8 e5c5 f8e8 f4f2 h8g8 g2g4 a8c8 e2f3 e8e6,-210
r1bqr1k1/pppnppbp/3p1np1/8/2PPPP2/2NB4/PP2N1PP/R1BQK2R w KQ -,e1h1 e7e5 f4e5 d6e5 d4d5 a7a5 h2h3 b7b6 c1g5 h7h6,81
3r1b1r/Bpk3pp/2p2n2/4p3/4P3/2N2P2/PPK4P/R4B1R w - -,a7e3 f8b4 h1g1 f6h5 a2a4 h8f8 a4a5 d8d4 f3f4 b4c3,449
8/4N2P/8/1q6/5k2/8/8/3KQ3 w - -,a7e3 f8b4 h1g1 f6h5 a2a4 h8f8 a4a5 d8d4 f3f4 b4c3,Mate
4r3/2k5/1pnRp1pp/p1p1P3/P3KPP1/BP5P/8/8 w - -,a3b2 h6h5 g4h5 g6h5 h3h4 e8e7 b2a1 e7e8 a1c3 e8e7,105
8/8/2K2p2/6k1/6p1/3R4/8/8 w - -,,0
4rr2/p2n2pk/2p5/4N3/3P1qp1/1Q2N3/PP3nP1/R3R1K1 w - -,e5g4 f2g4 e3g4 f4g4 b3d3 h7g8 d3b3 g8h8 e1e8 f8e8,-388
r4rk1/pp1b1ppp/1qn1p3/3pPn2/1b1P4/1P3NP1/PB2BP1P/RN1Q1K1R w - -,g3g4 f5h6 g4g5 h6f5 f1g2 f7f6 e5f6 g7f6 h1g1 d7e8,-64
4R3/1p3k2/2p5/p4PPp/2P2P2/P5P1/R1Br1r2/4K1n1 w - -,g5g6 f7e8 c2d1 d2a2 g6g7 e8f7 g3g4 h5g4 d1g4 f7g7,-9605
r1b1kb1r/ppp2ppp/4p3/4P3/4qBQ1/8/PPP2PPP/RN3RK1 w kq -,b1c3 e4b4 f1d1 c8d7 g4g3 h7h6 a2a3 b4c4 f4e3 e8a8,64
3k4/1p4R1/2p1p2p/1K6/1QPPp3/1P2P3/r7/2q5 w - -,b5c5 c1a3 b4a3 a2a3 c5d6 d8e8 g7b7 a3a5 c4c5 h6h5,700
rn1q1b1r/3k1Bpp/p1b2n2/8/4P3/1Q3N2/5PPP/RNB1K2R w KQ -,c1e3 f8d6 e4e5 h8e8 e5d6 c6f3 g2f3 d8c8 b1d2 b8c6,609
2r1k3/3bP2p/6p1/4K1B1/6P1/1p6/3R3P/8 w - -,d2f2 d7b5 e5d6 c8c6 d6d5 e8d7 f2f8 c6c8 f8d8 d7c7,332
3r1rk1/p1q2ppp/1pb1p3/4P3/4nB2/Q1P3P1/PP4BP/R4RK1 w - -,a1d1 h7h6 c3c4 d8d1 f1d1 f8d8 d1d3 g7g5 f4e3 d8f8,-61
K7/1P6/8/8/1k6/8/8/4q3 w - -,,0
3rr2k/6bp/2p5/ppN1Pb2/6B1/1PB3p1/P2RQ1Kq/3R4 w - -,g2f3 f5g4 f3g4 h2e2 d2e2 d8d1 g4h3 d1d5 c5e4 h8g8,Mate
7Q/4N3/8/8/5k2/8/8/1q1KQ3 w - -,g2f3 f5g4 f3g4 h2e2 d2e2 d8d1 g4h3 d1d5 c5e4 h8g8,Mate
3r3r/1pk3pp/2p2n2/4p3/1b2P3/2N1BP2/PPK4P/R4B1R w - -,h1g1 f6h5 a2a4 b4e7 a4a5 c7b8 f1e2 h8f8 a5a6 b7b5,466
r1b3n1/ppp1qk2/2n2p2/3p4/1b1P2P1/2NBPN1r/PP3P1B/R2QK2R w KQ -,e1d2 c8e6 h2c7 h3h1 d1h1 a8c8 h1h5 f7f8 c7f4 c6a5,325
8/1p1P4/pb1P1kPp/2pK1B2/7p/PP6/6P1/8 w - -,d5c4 b6a5 c4c5 a5d8 f5e4 a6a5 e4d3 f6g7 d3f5 g7f6,785
r3k2r/1p1bnppp/p3p3/2bpP3/3q4/2NB4/PP2QPPP/R1B2R1K w kq -,c1g5 e7g6 g5e3 d4b4 a2a3 b4b6 e3d2 e8h8 f2f4 a8c8,-99
KQ6/8/8/8/2k5/8/8/4q3 w - -,,0
r4rk1/pp1b2pp/1qn1pp2/3pPn2/1b1P4/1P3NP1/PB2BPKP/RN1Q3R w - -,e5f6 f8f6 b1c3 a8f8 c3a4 b6d8 h1f1 d7e8 a4c5 e8h5,-82
rnbqkb1r/5p2/2p1p2p/p5p1/Pp1PP3/1BN2NP1/1P3PP1/R2QK2R w KQkq -,c3e2 f8g7 a1c1 b8d7 e1h1 c8b7 e4e5 c6c5 d4d5 e6d5,31
r4rk1/ppp2ppp/3p4/4p3/2BnP1b1/BPPP4/P2q1KPP/RQ6 w - -,f2g1 d4f3 g1h1 d2h6 h2h3 h6f4 b1g1 f3g1 h1g1 g4e6,-923
8/1p1bkp2/pq1ppn1Q/7p/P3P1r1/6K1/1PP5/3N3N w - -,g3f3 g4e4 h1g3 e4e1 d1e3 d7c6 f3f2 f6g4 f2e1 g4h6,Mate
7Q/4N3/8/8/5k2/8/q2K4/4Q3 w - -,g3f3 g4e4 h1g3 e4e1 d1e3 d7c6 f3f2 f6g4 f2e1 g4h6,Mate
r1b2rk1/pp1nbppp/1qp5/3pP3/5P2/2N3P1/PP2P1BP/R1BQ1RK1 w - -,d1d4 b6d4 g1h1 d4b6 g3g4 f8e8 e5e6 f7e6 f4f5 d7e5,-743
rnbqk2r/5pb1/2p1p2p/p5p1/Pp1PP3/1B3NP1/1P2NPP1/R2QK2R w KQkq -,e1h1 b8d7 a1c1 c8b7 d1d3 b7a6 b3c4 a6c4 d3c4 a8c8,39
8/8/5p2/3K4/3R2p1/5k2/8/8 w - -,,0
4r2k/6bp/2p5/ppN1P3/6K1/1PB3p1/P3R3/3r4 w - -,g4g3 d1d5 b3b4 a5b4 c3b4 e8e5 e2c2 h8g8 c5b3 e5g5,-512
8/q4pk1/p5p1/P2pP1P1/1P1r1P2/6K1/2P2Q2/8 w - -,f2e3 d4d3 e3d3 a7g1 g3f3 g1e1 c2c3 g7f8 c3c4 d5c4,239
r4rk1/ppp2ppp/3p4/4p3/2B1P1b1/BPPP2K1/P2qn1PP/RQ6 w - -,g3g4 d2f4 g4h3 g7g5 g2g3 f4f3 b1c1 g5g4 h3h4 e2c1,-1346
8/5pk1/b7/8/P5NR/1P1nP1K1/5PP1/1r6 w - -,h4h5 b1b3 h5g5 g7f8 g4e5 b3b2 e5d3 a6d3 a4a5 b2a2,-2
r4rk1/p1q2ppp/1pb1p3/2n1P3/8/Q1P3P1/PP4BP/R1B1R1K1 w - -,g2c6 c7c6 a3b4 h7h6 b4g4 g8h7 a1b1 a8d8 b2b4 c5a4,-97
8/8/6B1/3k2KQ/8/8/8/8 w - -,g2c6 c7c6 a3b4 h7h6 b4g4 g8h7 a1b1 a8d8 b2b4 c5a4,Mate
r5n1/ppp1qk2/2n1bp2/3p4/1b1P2P1/2NBPN1r/PP1K1P1B/R2Q3R w - -,h2c7 h3h1 d1h1 f7e8 c7f4 a8c8 g4g5 b4c3 b2c3 a7a6,356
8/8/6B1/6K1/2k5/5Q2/8/8 w - -,a2a3 b4c3 d2c3 a8f8 h2g3 h3h1 d1h1 e7d7 h1h5 f7e7,Mate
4k3/pp3pp1/4p2p/2r5/8/2PR1P2/P1P2P1P/5K2 w - -,a2a4 c5c4 d3d4 c4c3 d4g4 g7g6 g4h4 h6h5 h4b4 b7b6,-324
r4rk1/p2nppbp/2p2np1/q2p4/1p1P1BPP/P1NBPQ2/1PP2P2/2KR3R w - -,c3e2 b4a3 b2a3 a8e8 c2c3 e7e5 d4e5 f6e4 d3e4 d7e5,-228
4r2k/6bp/2p5/ppNrP3/8/1PB3K1/P3R3/8 w - -,c5e4 g7e5 c3e5 d5e5 g3f4 e5e7 f4f3 c6c5 f3f4 c5c4,-547
8/8/8/2k3K1/8/3B1Q2/8/8 w - -,c5e4 g7e5 c3e5 d5e5 g3f4 e5e7 f4f3 c6c5 f3f4 c5c4,Mate
4rrk1/pp1n2p1/2p5/3P4/3P1q2/4N1n1/PP2Q1PN/R3R1K1 w - -,h2f1 g3e2 e1e2 f4d4 d5c6 b7c6 e2d2 f8f1 a1f1 d4d2,-665
3r3r/1pk4p/2p2np1/4p3/4P3/P1b1BP2/1PK4P/R4BR1 w - -,b2c3 f6h5 a3a4 d8f8 f1e2 f8f4 a4a5 f4h4 g1h1 h5f4,513
r1bqk2r/3n1pb1/2p1p2p/p5p1/Pp1PP3/1B3NP1/1P2NPP1/R2Q1RK1 w kq -,a1c1 d8b6 d1d2 e8h8 f1d1 c8a6 b3c4 a8c8 b2b3 c6c5,6
2b5/5pk1/7R/8/P5N1/1P1nP1K1/5PP1/1r6 w - -,h6d6 b1b3 g4f6 g7f8 d6c6 c8f5 f2f3 b3a3 f6d5 d3e5,-13
8/5pk1/3R3p/5p2/4rP2/3R2PP/r4K2/8 w - -,f2f1 e4e2 d6d5 e2h2 f1g1 a2g2 g1f1 g2b2 f1g1 h2h3,Mate
4rrk1/pp1n2p1/2pq4/3P4/3P4/4NQn1/PP4PN/R3R1K1 w - -,e3f1 f8f3 e1e8 f3f8 e8f8 d7f8 f1g3 d6g3 h2f3 g3d6,-484
2r3k1/2Pq1p1p/1Q1p1p2/1P1Pp3/8/2P5/5PPP/5RK1 w - -,b6c6 c8c7 c6d7 c7d7 f1b1 g8f8 g1f1 d7c7 b5b6 c7c8,418
Q7/p4Nkp/8/2p1p3/P1P5/4q2K/7B/8 w - -,h2g3 g7f7 a8a7 f7f6 a7a6 f6f7 a6b7 f7f8 b7c8 f8f7,547
8/2q2pk1/p5p1/P2pP1P1/1P1r1P2/8/2P2QK1/8 w - -,b4b5 c7c3 f4f5 d4d2 b5a6 d2f2 g2f2 c3c2 f2g1 g6f5,-9605
1Q6/8/8/4p3/2K2k2/5q2/8/8 w - -,b8d6 f3e2 c4c3 f4g3 d6b8 e2e3 c3c2 g3f3 b8h8 e3e4,-208
8/8/8/3Q2K1/8/2kB4/8/8 w - -,b8d6 f3e2 c4c3 f4g3 d6b8 e2e3 c3c2 g3f3 b8h8 e3e4,Mate
r2q2rk/1p1bnp1p/p4PpQ/3R4/3P4/2P5/PP2B1PP/5R1K w - -,f6e7 d8e7 d5e5 e7f8 h6f4 f7f5 e2f3 g6g5 f4d2 a8e8,310
r2qk2r/p2bbp1p/4pp2/2p1N3/8/2NQ4/PPP2PPP/R3K2R w KQkq -,e5d7 d8d7 e1a1 d7c6 h1e1 h7h5 c3e4 a8d8 d3f3 d8d1,35
4rrk1/pp1n2p1/2p5/3q4/2NP4/5Qn1/PP4PN/R3R1K1 w - -,c4e3 d5d6 f3d1 f8f7 d1d3 f7e7 h2f3 d6f4 e3c4 g3e2,-178
8/8/5p2/3K4/6p1/3R4/5k2/8 w - -,c4e3 d5d6 f3d1 f8f7 d1d3 f7e7 h2f3 d6f4 e3c4 g3e2,Mate
r3k2r/p2qbp1p/4pp2/2p5/8/2NQ4/PPP2PPP/R3K2R w KQkq -,e1a1 d7d3 d1d3 c5c4 d3d4 a8c8 h1d1 e7c5 d4d2 f6f5,28
r1b2rk1/p4pbp/q1npp1p1/1pp5/3nPP2/3PB1P1/PPPQ1RBP/R2NN1K1 w - -,c2c3 d4b3 a2b3 a6a1 f4f5 e6f5 e4f5 c8b7 e3h6 f7f6,11
3r2k1/pb2pp1p/6p1/8/8/1Pb5/P1PR2PP/4KBR1 w - -,f1d3 e7e5 e1e2 e5e4 d2d1 e4d3 d1d3 b7a6 g1d1 g8g7,-392
4rrk1/pp1n2p1/2p5/8/2qP4/6Q1/PP4PN/R3R1K1 w - -,g3d6 d7f6 h2f3 f6e4 d6g6 e8e6 g6g4 f8e8 e1e3 c4c2,-27
r6r/p2kbp1p/4pp2/2p5/8/2N5/PPP2PPP/R3K2R w KQ -,a1d1 d7c6 e1e2 a8g8 g2g3 h7h5 d1d3 f6f5 h1d1 g8d8,6
r2q1rk1/3b1pbp/p2p2p1/1ppPn3/P3PPn1/2N1B1N1/1P2B1PP/R2Q1RK1 w - -,e3c1 d8h4 h2h3 h4g3 h3g4 e5g4 e2g4 g7d4 g1h1 g3h4,-340
8/5pk1/3R3p/5R2/5P2/r5rP/5K2/8 w - -,h3h4 g3b3 d6d2 g7g6 f5d5 b3f3 f2g1 a3a4 d2f2 f3f4,-13
4r3/2k5/1pnR4/p1p1Pp1p/P3K3/1P5P/1B6/8 w - -,e4f3 c6e5 b2e5 e8e5 d6h6 e5e4 h6h5 e4b4 h5f5 b4b3,-371
r1b1k2r/3n1pb1/1qp1p2p/p5p1/Pp1PP3/1B3NP1/1P2NPP1/2RQ1RK1 w kq -,,0
8/8/5p2/8/4K3/3R2p1/5k2/8 w - -,d1c2 e8h8 c2c6 c8a6 f1e1 b6c6 c1c6 f8c8 c6c8 a8c8,Mate
rnbq1rk1/pp2bppp/4pn2/3p4/3P4/1PPBPN2/3N1PPP/R1BQK2R w KQ -,e3e4 d5e4 d2e4 b8d7 e1h1 b7b6 e4f6 d7f6 f1e1 c8b7,54
8/8/5p2/8/4K3/6p1/3R4/5k2 w - -,e3e4 d5e4 d2e4 b8d7 e1h1 b7b6 e4f6 d7f6 f1e1 c8b7,Mate
r6r/p3bp1p/2k1pp2/2p5/8/2N5/PPP2PPP/2KR3R w - -,,0
r1bqkbnr/p3ppp1/2p4p/2pp4/4P3/5N2/PPPP1PPP/RNBQ1RK1 w kq -,d2d3 d8c7 b1c3 e7e6 f1e1 g8f6 b2b3 f8e7 c3a4 f6d7,50
4rrk1/pp4p1/2p2n2/8/2qP4/5NQ1/PP4P1/R3R1K1 w - -,g3h4 e8e1 h4e1 f8e8 e1a5 a7a6 b2b3 c4b5 a5c7 b5b4,-4
3r2k1/pb3p1p/6p1/4p3/8/1PbB4/P1PR2PP/4K1R1 w - -,e1e2 e5e4 g2g3 e4d3 d2d3 b7a6 g1d1 g8g7 e2e3 d8e8,-374
8/8/8/6K1/1kB5/8/2Q5/8 w - -,e1e2 e5e4 g2g3 e4d3 d2d3 b7a6 g1d1 g8g7 e2e3 d8e8,Mate
r1bqkb1r/pp1npppp/2pp1n2/6N1/3PP3/8/PPP2PPP/RNBQKB1R w KQkq -,b1c3 d8c7 f2f4 h7h6 g5f3 e7e5 f1d3 f8e7 a2a4 e8h8,30
8/4R3/8/3r4/5b2/5k2/8/4K3 w - -,b1c3 d8c7 f2f4 h7h6 g5f3 e7e5 f1d3 f8e7 a2a4 e8h8,Mate
r2q1rk1/3b1pbp/p2p2p1/1ppP4/P3PPn1/2N1B1N1/1P4PP/R2Q1RK1 w - -,e3c5 d6c5 e4e5 d8h4 h2h3 g4e5 g3e4 e5c4 d5d6 g7d4,-460
8/8/3Q4/4p3/2K1qk2/8/8/8 w - -,c4c3 f4e3 d6d2 e3f3 d2d7 f3f2 d7d2 e4e2 d2d6 f2g3,-203
rnbqkb1r/1p3ppp/p4n2/2Ppp3/1PP5/4P3/P4PPP/RNBQKBNR w KQkq -,c1b2 a6a5 a2a3 a5b4 a3b4 a8a1 b2a1 b8c6 g1f3 d5d4,96
r1bq1rk1/pp2ppbp/3p1np1/2p3N1/2BnPP2/2NP4/PPP3PP/R1BQ1RK1 w - -,e4e5 f6e8 a2a4 h7h6 f4f5 g6f5 d1h5 e7e6 g5f3 d4c2,-65
8/8/8/2k3K1/2B5/1Q6/8/8 w - -,e4e5 f6e8 a2a4 h7h6 f4f5 g6f5 d1h5 e7e6 g5f3 d4c2,Mate
7r/1pk4p/2pr1np1/4p3/4P3/P1P1BP2/2K4P/R4BR1 w - -,a3a4 f6h5 f1c4 d6f6 a4a5 c6c5 g1d1 h8c8 c2b3 c7b8,507
rn1qk2r/pp3pp1/1b2bn1p/3p4/8/1NN3P1/PP2PPBP/R1BQ1RK1 w kq -,c3a4 e8h8 a4b6 a7b6 b3d4 f8e8 b2b3 e6g4 h2h3 g4h5,77
3k4/1p4R1/2p1p2p/2K5/1QPPp3/1P2P3/r7/5q2 w - -,d1d3 e8h8 c3a4 b8c6 a4b6 a7b6 b3d4 f8e8 d4e6 e8e6,Mate
8/8/3Q4/4p3/4q3/2K2k2/8/8 w - -,c3d2 e4e3 d2d1 e3e2 d1c1 e5e4 d6f6 f3g2 f6g6 g2f2,-215
r1b1r1k1/4qpb1/p2p1n1p/1ppPn1p1/4P3/6B1/PPQNBPPP/3NRRK1 w - -,a2a4 a8b8 b2b3 e5g6 h2h3 c8d7 a4b5 a6b5 d1e3 h6h5,-35
5rk1/p1q2ppp/1pb1p3/4P3/4nB2/Q1P3P1/PP4BP/3r1RK1 w - -,f1d1 f8d8 d1d4 d8d4 c3d4 c7b7 f4e3 h7h6 g2f1 b7d7,-58
7Q/4N3/8/8/5k2/4q3/5K2/8 w - -,,0
3r2k1/p1q2ppp/1pb1p3/4P3/4nB2/Q1P3P1/PP4BP/3R2K1 w - -,d1d4 d8d4 c3d4 c7b7 g2f1 h7h6 f4e3 b7d7 a3b3 c6d5,-53
r2qkbnr/p4pp1/2p1p2p/2ppPb2/8/3P1N2/PPP2PPP/RNBQ1RK1 w kq -,b1c3 g8e7 f3h4 f5h7 f2f4 c5c4 d3c4 d5c4 d1e2 e7d5,-4
rn2kbnr/pp3ppp/q3p3/2ppP3/3P4/2PQ4/PP1NNPPP/R1B1K2R w KQkq -,d3a6 b8a6 d2f3 a8c8 c1e3 g8e7 a1c1 e7c6 e1d2 c5d4,-4
r2q2rk/1p1b1p1p/p1n2Pp1/6Q1/3PR3/2P5/PP2B1PP/5R1K w - -,e4h4 d8f8 f1f4 g8g7 e2d3 a8e8 f6g7 f8g7 f4e4 e8f8,455
8/4R3/8/7r/5b2/5k2/8/5K2 w - -,e4h4 d8f8 f1f4 g8g7 e2d3 a8e8 f6g7 f8g7 f4e4 e8f8,Mate
r1bqk1nr/1ppp1pp1/p1n5/2b1p2p/4P3/2N3PP/PPPP1PB1/R1BQK1NR w KQkq -,g1f3 d7d6 c3e2 g8f6 d2d4 e5d4 f3d4 e8h8 e1h1 d8e8,46
7Q/4q3/8/8/5k2/8/6K1/8 w - -,,0
r3k2r/1b1n1pb1/1qp1p2p/p5p1/Pp1PP3/1B3NP1/1PQ1NPP1/2R2RK1 w kq -,f3d2 e8h8 d2c4 b6a7 f1d1 b7a6 d1d2 a6c4 b3c4 a8c8,35
r3nrk1/p1pq2pp/2p1b3/2p1p3/6P1/7P/PPPPNP1K/R1BQ1R2 w - -,e2c3 h7h5 d2d3 h5g4 c3e4 g4h3 f1g1 c5c4 c1h6 e6d5,-82
r6r/p3kppp/4pb2/2p5/8/2N5/PPP2PPP/2KR3R w - -,c3e4 a8c8 f2f4 c8c7 c2c3 g7g6 h1e1 c5c4 c1c2 f6g7,41
r2qkbnr/p3ppp1/2p4p/2ppPb2/8/5N2/PPPP1PPP/RNBQ1RK1 w kq -,c2c4 e7e6 d2d4 d8d7 c1e3 c5d4 f3d4 g8e7 b1a3 f5e4,32
6k1/p1q2ppp/1pb1p3/4P3/3rnB2/Q1P3P1/PP4BP/6K1 w - -,c3d4 c7b7 f4e3 h7h6 g2f1 b7d7 a3b3 e4g5 g1f2 g5h7,-53
r1bq1rk1/p2nbppp/1pn1p3/3p4/2PP4/2N3P1/PP2PPBP/R1BQ1RK1 w - -,e2e4 d5e4 d4d5 c6e5 c3e4 c8a6 d5e6 f7e6 b2b3 d8c7,-235
3k4/1p4R1/2p1p2p/2K5/1QPPp3/qP2P3/r7/8 w - -,b4a3 a2a3 c5d6 d8e8 g7b7 e8f8 c4c5 a3a1 b7e7 a1f1,694
r4qrk/1p1b1p1p/p1n2PpQ/8/3PR3/2P5/PP2B1PP/5R1K w - -,h6f8 a8f8 d4d5 c6a7 e4e7 f8d8 e7f7 a7c8 c3c4 g8e8,-45
4k3/3bP2p/2rR2p1/4K1B1/6P1/1p6/7P/8 w - -,d6d4 b3b2 d4d1 c6c5 e5f6 c5b5 d1b1 d7g4 h2h4 b5b7,-448
r3k2r/4qppp/p1p1pn2/3p1b2/1b1P1B2/1QN1P3/PP2BPPP/R3K2R w KQkq -,e1h1 e8h8 c3a4 f6d7 f1c1 f8c8 a2a3 b4d6 f4d6 e7d6,55
3BB3/3K4/8/8/3k4/8/8/8 w - -,a1d1 e8h8 e1h1 c6c5 d4c5 b4c5 d1c1 c5d6 f4d6 e7d6,Mate
4nr2/p3rkbp/2P1p1p1/q1p5/2p1NB2/7P/2Q2PP1/3RR1K1 w - -,e4g5 f7g8 e1e6 e7e6 g5e6 f8f4 e6f4 a5c3 c2e2 g7e5,594
3k4/1p4R1/2p1p2p/2K5/2PPp3/rP2P3/8/8 w - -,c5d6 d8e8 g7b7 a3a2 b7e7 e8f8 c4c5 a2f2 e7e6 f2f3,699
rnbqkbnr/pp3ppp/2p5/3B4/8/8/PPPP1PPP/RNBQK1NR w KQkq -,d5b3 c6c5 g1f3 b8c6 e1h1 f8e7 f1e1 g8f6 b3a4 e8h8,120
8/6R1/8/8/5b2/5k2/7r/5K2 w - -,d5b3 c6c5 g1f3 b8c6 e1h1 f8e7 f1e1 g8f6 b3a4 e8h8,Mate
8/8/8/3Q4/4p3/8/6k1/2K1q3 w - -,c1c2 e1e2 c2c1 g2f2 d5d6 e2c4 c1d1 c4b3 d1c1 b3c3,-242
8/8/8/7Q/5k2/8/6K1/4q3 w - -,,0
r2q1rk1/pb1nbppp/1pn5/3N4/3P4/6P1/PP2PPBP/R1BQ1RK1 w - -,e2e4 f8e8 c1f4 a8c8 a1c1 d7f8 f4e3 c6a5 c1c8 d8c8,-105
4k3/1p4R1/2pKp2p/8/2PPp3/rP2P3/8/8 w - -,g7b7 a3a6 c4c5 e8f8 b7h7 a6a3 h7h6 e6e5 h6e6 a3b3,720
2r1r3/2pRn3/1pk1p1pp/p3P3/P3KPP1/1P5P/1B6/3R4 w - -,b2a3 e7d5 d1d5 e6d5 d7d5 e8h8 d5d3 h6h5 e5e6 h5g4,319
3r2k1/pb2pp1p/6p1/8/8/1P6/P1PK2PP/5B1R w - -,d2e1 b7e4 c2c4 a7a5 h2h4 f7f5 h1h2 e4c2 f1e2 g8f7,-24
r3k2r/1b1n1pb1/1q5p/p2p2p1/Pp6/1B3NP1/1PQ1NPP1/2R2RK1 w kq -,c2f5 a8d8 f1d1 e8h8 b3d5 g7b2 d5b7 b6b7 c1b1 b2g7,-4
2R5/8/3k4/8/8/8/2K5/1Q6 w - -,c2f5 a8d8 f1d1 e8h8 b3d5 g7b2 d5b7 b6b7 c1b1 b2g7,Mate
r6r/p4ppp/2k1pb2/2p5/8/2N5/PPP2PPP/2KR3R w - -,c3e4 f6e7 h2h4 a8d8 d1e1 d8d5 g2g3 h7h5 e1e3 a7a5,23
r3r1k1/pp3pbn/4b1pp/qP6/2pPNP2/B1N1P3/6PP/2RQ1RK1 w - -,d1a4 a5a4 c3a4 e6f5 e4d6 e8e3 d6c4 g7d4 c4e3 d4e3,-150
5k2/1R6/2pKp2p/8/2PPp3/rP2P3/8/8 w - -,c4c5 f8g8 d6c6 a3a2 c6d6 a2e2 b7e7 e2e3 e7e6 e3b3,655
8/3R1pk1/7p/5R2/5P2/r4r1P/5K2/8 w - -,,0
1r2kbr1/3q2p1/p1Q4p/8/8/8/1B1N1PPP/R4K1R w - -,c6g6 e8d8 b2c3 f8b4 c3f6 g7f6 g6g8 d8c7 g8c4 c7d8,525
8/5ppp/8/2B2k2/5p2/3p1P2/3q2PP/7K w - -,c6d7 e8d7 b2e5 b8a8 g2g3 f8b4 d2f3 d7e6 e5b2 a6a5,Mate
2r1r3/2pR4/1pk1p1pp/p2nP3/P3KPP1/BP5P/8/3R4 w - -,f4f5 g6f5 g4f5 c6d7 e4f3 e6f5 d1d5 d7e6 d5d4 c8d8,-483
1r4k1/2r2p1p/2pqp1pP/pp1nR3/P2P4/2P2BP1/1PQ2PK1/3R4 w - -,a4b5 f7f6 e5e2 c6b5 d1e1 c7e7 c2b3 d5c7 e1a1 d6b6,231
8/3R1pk1/7p/5R2/5P2/r5rP/6K1/8 w - -,,0
5k2/1R6/2pKp2p/2P5/3Pp3/1P2P3/r7/8 w - -,b7h7 a2g2 h7h6 e6e5 h6e6 e5d4 e3d4 e4e3 e6e3 g2g6,738
8/8/8/8/3Q4/4p3/5q2/2K3k1 w - -,d4g4 f2g2 g4d4 g2e2 d4b4 g1g2 b4d4 e2f3 c1c2 f3f2,-307
r1b2rk1/1p1nqpb1/2ppn1pp/p7/1PP1P3/P1NRBN1P/2Q1BPP1/5RK1 w - -,c3a4 a5b4 a3b4 e6g5 f3g5 h6g5 f1d1 g5g4 h3g4 d7e5,32
r3nrk1/p1pq2pp/2p5/2p1p3/6b1/7P/PPPPNP1K/R1BQ1R2 w - -,d2d3 g4h3 c1e3 e8f6 f1g1 f6g4 g1g4 h3g4 d1d2 d7e7,-472
r4qrk/1p1b1p1p/p1n2Pp1/6Q1/3P3R/2P5/PP2B1PP/5R1K w - -,f1f4 g8g7 e2d3 a8e8 f6g7 f8g7 f4e4 e8f8 e4e1 f7f5,477
3r4/2kn3p/p1pr2p1/4p3/4P3/2P1BP2/2K4P/R4BR1 w - -,a1a6 d8b8 a6a7 b8b7 a7b7 c7b7 f1h3 c6c5 g1d1 d6d1,578
5k2/7R/2pKp2p/2P5/3Pp3/1P2P3/7r/8 w - -,h7e7 h2a2 e7e6 f8f7 e6h6 a2e2 h6e6 e2e3 e6e5 e3d3,744
8/p1p2kp1/4R1p1/r2p4/3P1bP1/1P1K3P/P1R5/8 w - -,e6c6 f4d6 c2f2 f7e8 c6c2 a5a3 c2e2 e8d8 f2f7 a7a5,434
rnb2rk1/ppq1bppp/4pn2/3p4/3PP3/1PPB1N2/3N1PPP/R1BQK2R w KQ -,d1c2 d5e4 d2e4 f6e4 d3e4 h7h6 e1h1 b8d7 c1d2 d7f6,52
8/8/8/8/6Q1/4p3/6q1/2K3k1 w - -,g4d4 g2f1 c1c2 f1f2 c2c1 g1f1 d4d3 f2e2 d3d4 f1e1,-329
Q7/p4Nkp/8/2p1p3/P1P5/4q1K1/7B/8 w - -,a8f3 e3f3 g3f3 g7f7 h2e5 h7h5 f3e4 f7e6 e5g3 h5h4,718
8/5ppp/8/5k2/5p2/3pBP2/6PP/4q2K w - -,g3g2 e3d2 g2g3 d2f4 g3h3 f4f5 h3h4 f5f2 h2g3 f2d4,Mate
2r3k1/pb2pp1p/6p1/8/8/1PK5/P1P3PP/5B1R w - -,c3d2 e7e5 h2h4 f7f5 c2c4 f5f4 h1h3 e5e4 h3c3 g8g7,-44
r6r/p3bppp/2k1p3/2p5/4N3/8/PPP2PPP/2KR3R w - -,h2h4 a8d8 d1e1 d8d5 c2c3 d5f5 g2g3 h7h6 c1c2 h8d8,24
r1bqkb1r/pppp1p2/2n1pn2/6Np/2PP2p1/2N1P3/PP3PPP/R1BQKB1R w KQkq -,h2h4 g4h3 d4d5 h3g2 f1g2 e6d5 c4d5 c6e5 f2f4 e5g4,97
8/8/8/8/1Q6/4p3/6q1/2K2k2 w - -,b4f4 g2f2 f4d4 f1g1 d4g4 f2g2 g4d4 g2f1 c1c2 f1f2,-268
rnbq1rk1/pp2bppp/4pn2/8/3Pp3/1PPB1N2/3N1PPP/R1BQK2R w KQ -,d2e4 b8d7 e4f6 d7f6 d1c2 d8c7 e1h1 b7b6 f3e5 c8b7,61
rr4k1/pp3pbn/3Nb1pp/qP6/2pP1P2/B3P3/3N2PP/2RQ1RK1 w - -,d2c4 e6c4 d6c4 a5b5 c4d6 b5d5 f4f5 b8d8 f5g6 f7g6,174
5k2/4R3/2pKp2p/2P5/3Pp3/1P2P3/6r1/8 w - -,e7e6 f8f7 e6h6 g2g3 h6e6 g3e3 e6e5 e3b3 e5e4 b3b4,787
4rrk1/pp1n2p1/2p5/8/1q1P4/5NQ1/PP4P1/R3R1K1 w - -,,0
8/5k2/2pKR2p/2P5/3Pp3/1P2P3/6r1/8 w - -,e6h6 g2g3 h6e6 g3e3 e6e5 e3b3 e5e4 b3a3 d6c6 a3a4,796
8/8/8/7k/5B2/5K2/8/3B4 w - -,e6h6 g2g3 h6e6 g3e3 e6e5 e3b3 e5e4 b3a3 d6c6 a3a4,Mate
4nrk1/p3r1bp/2P1p1p1/q1p3N1/2p2B2/7P/2Q2PP1/3RR1K1 w - -,e1e6 e7e6 g5e6 a5c3 c2e2 c3b2 e2c4 b2c3 c4e2 f8f4,598
5b2/8/4p1p1/3kP1Bp/3P3P/3KP3/8/8 w - -,e3e4 d5c6 g5e3 f8a3 d3e2 c6d7 e3g5 d7c6 e2f3 a3f8,17
r2qkbnr/ppp1pppp/6b1/3p4/1n1P1BP1/4PP1P/PPP5/RN1QKBNR w KQkq -,f1d3 g6d3 c2d3 e7e6 b1c3 h7h5 d1d2 f8d6 f4d6 d8d6,-13
r1bq1rk1/pp2ppbp/3p1n2/2p2pN1/2BnP3/2NP4/PPP3PP/R1BQ1RK1 w - -,a2a3 e7e6 g5f3 h7h6 g1h1 c8d7 c1f4 d7c6 f3d4 c5d4,-85
1r4k1/2r2p1p/3qp1pP/pp1nR3/3P4/2P2BP1/1PQ2PK1/3R4 w - -,c2e2 c7b7 d1a1 a5a4 a1e1 b8f8 f3d5 e6d5 e2f3 b7d7,264
r1bqkbnr/4pp1p/p1pp2p1/2p5/2P1P3/2N2N2/PP1P1PPP/R1BQK2R w KQkq -,d2d4 c5d4 d1d4 g8f6 e4e5 c6c5 d4d1 d6e5 d1d8 e8d8,64
8/8/2q5/8/3Q4/4pk2/1K6/8 w - -,d4d1 f3f4 d1h5 c6f3 h5h2 f3g3 h2h5 g3g4 h5e8 f4f3,-329
r2qk2r/pp2bppp/4pn2/3p4/8/2N2Q2/PPP2PPP/R1B1R1K1 w kq -,c3b1 a8c8 c2c3 e8h8 b1d2 d8c7 d2f1 a7a6 c1e3 f6d7,-196
8/6k1/5p2/6r1/4p1PK/8/8/5R2 w - -,,0
r4rk1/pp1n1pp1/2pb1q1p/3p4/3P1P2/2NBQ2P/PPP1b1P1/2KR3R w - -,g2g3 e2d1 c3d1 a8e8 e3f2 f6e7 c1b1 d7f6 h1g1 f6e4,-600
r4rk1/ppp2p1p/3p4/4p1p1/2B1Pq2/BPPP3K/P3n1PP/RQ6 w - -,g2g3 e2d1 c3d1 a8e8 e3f2 f6e7 c1b1 d7f6 h1g1 f6e4,Mate
2r3k1/pb2p2p/6p1/5p2/8/1P1K4/P1P3PP/5B1R w - -,c2c4 c8d8 d3c2 g8f7 h1g1 b7e4 c2c1 f5f4 c4c5 e7e5,-82
8/p4Nkp/8/2p1p3/P1P5/5QK1/7B/4q3 w - -,g3g4 e5e4 h2e5 g7f8 f3f6 e1d1 g4f5 d1d7 f5e4 d7b7,954
r4rk1/3b1pbp/p2p2p1/1ppPn3/P3PPnq/2N3N1/1P1BB1PP/R2Q1RK1 w - -,f1f3 e5f3 e2f3 g7d4 g1f1 g4h2 f1e2 h4g3 e2d3 h2g4,-626
rnbq1rk1/p3bppp/1pp5/3pP3/8/2N3P1/PP2PPBP/R1BQ1RK1 w - -,c3d5 e7c5 c1f4 c8f5 d5c3 d8e7 c3a4 g7g5 f4d2 b8a6,207
r3n1k1/p1p3pp/2p5/2p1p3/6q1/6N1/PPPP1r1K/R1BQ1R2 w - -,f1f2 g4d1 b2b3 e8f6 f2e2 f6g4 h2h3 d1g1 c1b2 g4f2,Mate
1r6/2kn3p/R1pr2p1/4p3/4P3/2P1BP2/2K4P/5BR1 w - -,a6a7 c7d8 f1e2 h7h6 h2h4 d7f8 e3h6 f8e6 e2c4 d6d7,590
4k3/3bP2p/6p1/2r1K1B1/6P1/1p6/5R1P/8 w - -,a6a7 c7d8 f1e2 h7h6 h2h4 d7f8 e3h6 f8e6 e2c4 d6d7,Mate
r3r1k1/pp3pbn/3Nb1pp/1P6/2pP1P2/q3P3/3N2PP/2RQ1RK1 w - -,d4d5 a3d6 d5e6 d6e6 d2c4 a8d8 d1a4 d8c8 h2h3 e8d8,-489
4k3/1p6/2p3P1/p4P1p/2P2P2/P5P1/R1Br1r2/4K1n1 w - -,d4d5 a3d6 d5e6 d6e6 d2c4 a8d8 d1a4 d8c8 h2h3 e8d8,Mate
8/p1p2kp1/2Rb2p1/r2p4/3P2P1/1P1K3P/P1R5/8 w - -,c2e2 f7f6 h3h4 a5a3 d3c3 f6f7 c3b2 a3a5 a2a4 f7f8,453
8/6k1/5p2/6r1/6PK/4p3/8/4R3 w - -,,0
r1bqk2r/pp2bppp/2n2n2/2p5/3p4/1BNPBN2/PPP2PPP/R2QK2R w KQkq -,e3f4 d4c3 b2c3 e8h8 e1h1 f6d5 f4d2 e7f6 d3d4 c6a5,-392
3r1rk1/1b1n1pb1/1q5p/p2p1Qp1/Pp6/1B3NP1/1P2NPP1/2RR2K1 w - -,b3d5 g7b2 c1b1 b2g7 d5b7 b6b7 f5a5 d8b8 a5b5 d7e5,-2
3R4/PK4k1/5p2/8/6p1/8/8/r7 w - -,,0
4rrk1/pp4p1/5nQ1/2p5/1q1P4/1P3N2/P5P1/R3R1K1 w - -,e1d1 b4c3 g6d3 c3d3 d1d3 c5d4 d3d4 e8e2 d4a4 a7a6,-5
r4qr1/1p1b1p1k/p1n2Pp1/6Q1/3P4/2P5/PP2B1PP/5R1K w - -,f1f4 g8h8 e2d3 d7e8 d3c4 c6e7 f6e7 f8g7 f4f3 a8c8,88
r4rk1/3b1pbp/p2p2p1/1ppP4/P3PPn1/2N3q1/1P1BB1P1/R2Q1RK1 w - -,e2g4 g7d4 g1h1 g3h4 g4h3 d7h3 d1e1 h4h5 d2e3 h5g4,Mate
4r1k1/pp4p1/5nQ1/2p5/1q1P4/1P3N2/P5P1/R5K1 w - -,d4c5 b4c5 g1f1 e8d8 a1e1 d8d5 g2g4 g8f8 f1g2 c5c8,-7
8/6k1/5p2/r7/6PK/4R3/8/8 w - -,,0
rnbqk2r/pppp1ppp/7b/4P3/2P5/3Q1N2/PP2P1PP/RN2KB1R w KQkq -,d3e4 e8h8 b1c3 f8e8 a1d1 d7d6 c4c5 b8c6 g2g3 g7g6,-154
rn1q1rk1/pb1nbppp/1pp5/3NN3/3P4/6P1/PP2PPBP/R1BQ1RK1 w - -,d5e7 d8e7 e5c4 f8d8 f1e1 d7f8 b2b3 f8e6 c1b2 b8a6,276
r2R4/1K4k1/5p2/8/6p1/8/8/8 w - -,,0
8/8/8/8/5k2/4pq2/1K6/5Q2 w - -,f1c4 f4g3 b2c3 f3f6 c3b3 f6f4 c4c3 g3f3 c3c6 f3f2,-416
rn3rk1/pb1nqppp/1pp5/4N3/3P4/6P1/PP2PPBP/R1BQ1RK1 w - -,e5c4 f8d8 f1e1 d7f8 b2b3 f8e6 c1b2 b8a6 e2e3 a6b4,278
1rk5/R2n3p/2pr2p1/4p3/4P3/2P1BP2/2K4P/5BR1 w - -,f1h3 c8d8 g1d1 b8b2 c2b2 d6d1 b2c2 d1d6 a7d7 d6d7,679
6k1/pp4p1/5nQ1/2p5/1q1Pr3/1P3N2/P5P1/3R2K1 w - -,,0
3r1nk1/1b3pp1/pp5p/3p1N2/1P6/P1r1P3/4BPPP/RR4K1 w - -,b1c1 c3c1 a1c1 f8e6 h2h4 d8d7 e2f3 g8f8 h4h5 d7c7,65
r4q1r/1p1b1p1k/p1n2Pp1/6Q1/3P1R2/2P5/PP2B1PP/7K w - -,e2d3 d7e8 d3c4 c6e7 f6e7 f8g7 f4f3 b7b5 c4d5 a8b8,123
R7/1K6/5pk1/8/6p1/8/8/8 w - -,,0
8/8/8/8/2Q5/4pqk1/1K6/8 w - -,b2c3 f3f6 c3b3 f6f4 c4c3 g3f2 c3c5 f4e4 b3c3 f2f1,-416
3r1rk1/3n1pb1/1q5p/p2b1Qp1/Pp6/5NP1/1P2NPP1/2RR2K1 w - -,,0
r4rk1/3b1p1p/p2p2p1/1ppP4/P2bPPBq/2N5/1P1B2P1/R2Q1R1K w - -,g4h3 d7h3 d1e1 h4h5 d2e3 h5g4 f1f2 h3g2 f2g2 g4h3,-357
r3r1k1/pp1n1pp1/2pb1q1p/3p4/3P1P2/3BQ2P/PPP1N1P1/2KR3R w - -,e3g3 e8e2 h1f1 e2e7 g3f2 c6c5 g2g4 c5c4 d3f5 d7b6,-481
2r1r3/2p5/1pk3p1/p2RP2p/P3KPP1/BP5P/8/8 w - -,g4h5 e8e6 d5d3 b6b5 h5g6 e6g6 a4b5 c6b5 f4f5 g6g2,405
r3nrk1/p1p3pp/2p5/2p1p3/6q1/8/PPPPNP1K/R1BQ1R2 w - -,b2b3 f8f5 e2g3 f5f2 f1f2 g4d1 d2d3 d1g4 c1d2 e8d6,-369
8/8/5q2/8/2Q5/2K1p1k1/8/8 w - -,c3b3 f6f4 c4c3 g3f2 c3c5 f4e4 b3c3 f2f1 c5f8 f1g2,-416
rnbqk1nr/1pp1bppp/p3p3/8/2QP4/2N5/PP2PPPP/R1B1KBNR w KQkq -,g1f3 b7b5 c4d3 c8b7 e2e4 g8f6 f1e2 b8d7 e4e5 f6d5,-34
R7/8/2K2p2/5k2/6p1/8/8/8 w - -,,0
r4rk1/pb1nqppp/1pp5/8/3P4/6P1/PP2PPBP/R1BQ1RK1 w - -,e2e4 c6c5 d4d5 f7f5 e4f5 e7f7 g3g4 a8d8 d5d6 b7g2,209
r4rk1/5p1p/p2p2p1/1ppP4/P2bPP1q/2N4b/1P1B2P1/R2Q1R1K w - -,g2g3 h4g3 d1e2 h3f1 e2f1 g3h4 h1g2 h4g4 g2h2 b5b4,-528
4r1k1/pp3pbn/4b1pp/1P6/2pP1P2/4q3/3N2PP/2RQ1R1K w - -,d1e1 e3d4 d2c4 h7f6 c4e5 d4b6 h2h3 b6b5 e1f2 f6e4,-479
r7/r5k1/3q4/2pp2P1/pp1PbP2/1P6/P1Q5/1K5R w - -,d1e1 e3d4 d2c4 h7f6 c4e5 d4b6 h2h3 b6b5 e1f2 f6e4,Mate
B2q1rk1/p4pbp/3pb3/1pp2pp1/3nP3/3P4/PPP3PP/R1BQ1RK1 w - -,c2c3 d8a8 c1g5 f5e4 c3d4 a8d5 g5e3 g7d4 d1d2 e4d3,-120
2r3k1/p3p2p/6p1/5p2/4b3/1P1K4/P1P3PP/5BR1 w - -,d3d4 c8c2 g2g4 c2h2 a2a4 g8g7 f1c4 h7h5 g4h5 h2h5,-298
8/8/8/8/2Q5/1K2p1k1/5q2/8 w - -,c4g8 g3h2 g8h7 h2g2 h7g6 f2g3 g6e4 g3f3 e4b4 f3d5,-455
6k1/pp1n2p1/3P2Q1/2p5/4r3/1Pq2N2/P5P1/3R2K1 w - -,g6e4 c3f6 e4e8 g8h7 e8d7 c5c4 b3c4 b7b6 d7e8 g7g5,843
3r1rk1/3n1p2/1q5p/p2R1Qp1/Pp6/5NP1/1b2NPP1/2R3K1 w - -,,0
R7/8/5p2/3K1k2/8/6p1/8/8 w - -,,0
rn2kbnr/ppq1pppp/8/2p1Pb2/2Pp4/3P1N2/PP3PPP/RNBQKB1R w KQkq -,a2a3 e7e6 c1f4 g8e7 h2h3 h7h5 b1d2 b8c6 f1e2 e7g6,-63
r1b1kb1r/1pp2pp1/p3p3/1N2P2p/P1q2B2/6Q1/1P3PPP/R4RK1 w kq -,b2b3 c4f1 a1f1 a6b5 a4b5 c8d7 g3f3 f8e7 f3b7 e8h8,290
rn1q1rk1/pp3pp1/1b2bn1p/3p4/N7/1N4P1/PP2PPBP/R1BQ1RK1 w - -,a4b6 a7b6 b3d4 f8e8 b2b3 b8c6 c1b2 e6g4 f2f3 g4d7,82
r2qkb1r/pp1nnppp/4p3/2ppP3/3P4/2PQBN2/PP3PPP/RN2K2R w KQkq -,b1d2 e7c6 e1h1 d8b6 a2a3 a7a5 c3c4 c5d4 f3d4 f8c5,-20
r1bqk2r/pp1nbppp/2n1p3/2ppP3/2B5/2NPBN2/PPP2PPP/R2QK2R w KQkq -,d1d2 d5d4 c4b5 d4e3 f2e3 e8h8 d3d4 a7a6 b5c6 b7c6,-383
2r4r/p3kppp/4pb2/2p5/4N3/8/PPP2PPP/2KR3R w - -,h1e1 f6e5 g2g3 e5b8 f2f4 c8c6 e1e2 b8c7 e4d2 h7h6,42
4R3/1p3k2/2p5/p4PPp/2P2P2/P5P1/r4r2/3BK1n1 w - -,g2g3 f6e5 f2f4 e5b8 h1e1 c5c4 c2c3 h7h5 d1d4 h5h4,Mate
r4rk1/ppp2ppp/3p4/4p3/2B1Pq2/BPnP3K/P5PP/RQ6 w - -,b1e1 f4h6 e1h4 h6h4 h3h4 b7b5 c4d5 c3d5 e4d5 f8e8,-528
4k3/3bP2p/2rK2p1/6B1/6P1/1p6/5R1P/8 w - -,b1e1 f4h6 e1h4 h6h4 h3h4 b7b5 c4d5 c3d5 e4d5 f8e8,Mate
r5r1/1p1b1p1k/p1n2Ppq/8/3P3Q/2P5/PP2B1PP/5R1K w - -,h4f2 g8e8 e2f3 h7g8 h2h4 c6a5 b2b3 a8c8 c3c4 a5c6,-524
8/8/5p2/3K1k2/R7/8/6p1/8 w - -,a4b4 g2g1q b4d4 g1e3 d5c4 f5e5 d4d7 f6f5 d7d8 e5e4,-901
6k1/pp4p1/3P1nQ1/2p5/4r3/1P3N2/P1q3P1/3R2K1 w - -,d1d5 f6d5 g1h2 d5f6 g6f5 c2d3 f5c5 e4e8 c5c4 d3c4,-566
r1bqk2r/pp1nbppp/2n1p3/2p1P3/3p4/1BNPBN2/PPP2PPP/R2QK2R w KQkq -,d1d2 d7e5 f3e5 c6e5 e3f4 d4c3 d2c3 e5g6 c3g7 e7f6,-431
r1b1kb1r/1pp2pp1/4p3/1p2P2p/P1q2B2/6Q1/1P3PPP/2R2RK1 w kq -,a4a5 c4e4 c1c7 h5h4 g3g4 c8d7 f1d1 d7c6 h2h3 h8h5,-236
r1b1kb1r/pp2pp1p/5np1/4p3/3N4/5N2/PPP2PPP/R1B1K2R w KQkq -,d4e2 e5e4 f3d4 f6d5 e1h1 f8g7 c2c4 d5b4 c1e3 c8d7,-177
8/8/6k1/r4p2/6PK/8/8/4R3 w - -,,0
1r4k1/2r2p1p/3qp1pP/1p1nR3/p2P4/2P2BP1/1P2QPK1/3R4 w - -,f3d5 e6d5 e5e8 b8e8 e2e8 d6f8 e8b5 c7c8 b5a4 f8h6,332
2r4r/p3kp1p/4pp2/2p5/8/8/PPP2PPP/2KR3R w - -,d1d3 c8c7 d3h3 c5c4 h1d1 h8g8 g2g3 g8g5 c2c3 h7h5,43
6k1/p3p2p/6p1/5p2/3Kb3/1P6/P1r3PP/5BR1 w - -,g2g4 c2h2 g4f5 e4f5 b3b4 g8g7 g1g2 h2h4 d4c5 h4f4,-327
4rrk1/pp1n2p1/2p5/3P4/3P2q1/4N1n1/PP4PN/R3R1K1 w - -,e3c2 g4f5 h2f3 g3e2 e1e2 e8e2 d5c6 f5c2,-816
r4rk1/3b1p1p/p2p2p1/1ppP4/P2bPPB1/2N3q1/1P1B2P1/R2Q1RK1 w - -,f1f2 d4f2 g1f1 d7g4 c3e2 g3h4 d1c1 f8e8 e4e5 d6e5,-624
8/8/8/3q4/1Q6/1K2p3/6k1/8 w - -,b3c2 g2f3 b4a3 d5e4 c2c1 f3g2 a3a5 e4f4 a5d5 g2f2,-501
1rk5/R2n3p/3r2p1/2p1p3/4P3/2P1BP1B/2K4P/6R1 w - -,e3c5 b8b7 a7b7 c8b7 c5d6 d7b6 g1b1 b7c6 h3f1 h7h5,951
rn1qkb1r/1p2pppp/p7/2pp4/3PnPb1/2PBPN2/PP4PP/RNBQK2R w KQkq -,b1d2 f7f5 h2h3 g4f3 g2f3 e4d2 c1d2 e7e6 e3e4 d8h4,46
rn1q1rk1/1p3pp1/1p2bn1p/3p4/8/1N4P1/PP2PPBP/R1BQ1RK1 w - -,b3d4 f8e8 b2b3 e6g4 c1b2 d8d7 f2f3 g4h3 g2h3 d7h3,82
1r4k1/2r2p1p/3q2pP/1p1pR3/p2P4/2P3P1/1P2QPK1/3R4 w - -,e5e8 b8e8 e2e8 d6f8 e8b5 c7c8 b5a4 f8h6 a4d7 c8b8,374
r1b1k2r/pp2ppbp/5np1/4N3/3N4/8/PPP2PPP/R1B1K2R w KQkq -,e5f3 e8h8 e1h1 f8d8 c2c3 c8d7 f1e1 f6d5 a2a4 a7a5,-60
2r1r3/2p5/1pk3p1/p2RPP2/P3K1p1/BP5P/8/8 w - -,e5e6 g6f5 e4e5 g4h3 d5d1 e8h8 a3c1 h3h2 d1h1 f5f4,-409
5Q2/8/8/8/8/2K1p3/3qk3/8 w - -,c3b3 d2d4 b3c2 d4c4 c2b2 e2e1 f8g7 e1d2 g7g2 e3e2,-528
rnbqk1nr/2p1bppp/p3p3/1p6/P1QP4/2N5/1P2PPPP/R1B1KBNR w KQkq -,c3b5 a6b5 c4b5 c7c6 b5d3 c8a6 d3c2 d8d4 g1f3 d4c5,-336
k1b1Q3/2p5/p7/N2q4/1P4Pp/p6P/K3R3/8 w - -,a2a3 d5d3 a5b3 a8b8 e2e3 d3d6 e8e7 b8b7 e7d6 c7d6,691
2r3r1/p3kp1p/4pp2/2p5/8/8/PPPR1PPP/2K4R w - -,g2g3 h7h5 h1e1 c8c7 b2b3 h5h4 e1e4 h4g3 h2g3 f6f5,31
1rr3k1/5p1p/3qp1pP/pp1nR3/3P4/2P2BP1/1P2QPK1/3R4 w - -,f3d5 e6d5 d1e1 d6f8 e5d5 b5b4 c3b4 a5b4 e2d2 c8d8,301
r2qkb1r/pp1n1ppp/4p1n1/2PpP3/8/2PQBN2/PP3PPP/RN2K2R w KQkq -,e1h1 f8c5 e3c5 d7c5 d3b5 c5d7 b1d2 d8b6 b5b6 d7b6,-13
3r1rk1/3n1pb1/1q5p/p2R1Qp1/Pp6/5NP1/4NPP1/1R4K1 w - -,d5d7 d8d7 f5d7 b4b3 d7d5 b3b2 f3e5 b6c7 e5c4 f8d8,86
rq4k1/2rQbp2/p1n1p1p1/1pp5/2P2P2/2N3P1/PP3PB1/R3R1K1 w - -,d7d3 b5c4 d3c4 b8b4 c4b4 c5b4 c3e4 a6a5 a1d1 a5a4,-17
rn1qkb1r/p1p1pppp/5n2/1b6/2pPP3/1P6/5PPP/RNBQKBNR w KQkq -,e4e5 f6e4 b3c4 b5c6 f2f3 e7e6 f3e4 f8b4 e1e2 e8h8,194
6k1/4p2p/6p1/p4p2/P2Kb3/1P6/2r3PP/5BR1 w - -,g2g4 g8f7 f1c4 f7f6 g4g5 f6g7 h2h3 h7h6 g5h6 g7h6,-201
6r1/p1r1kp1p/4pp2/2p5/8/5P2/PPPR2PP/2K4R w - -,g2g3 h7h5 d2d3 h5h4 f3f4 c7d7 d3c3 f6f5 c3c5 h4g3,10
8/8/5p2/3K4/5k2/8/6p1/R7 w - -,,0
1rr3k1/5p1p/3q2pP/pp1pR3/3P4/2P3P1/1P2QPK1/3R4 w - -,d1e1 d6f8 e5d5 f8h6 d5b5 h6f8 b5a5 c8e8 a5e5 e8e5,297
r2q1rk1/3b1p1p/p2p2p1/2pP4/Pp2PP2/4R1N1/1b2N1PP/R2Q2K1 w - -,a1b1 b2g7 e4e5 d6e5 f4e5 d8g5 d1c1 g7e5 g3e4 g5h6,-332
5rk1/3r1pb1/1q5p/p4Qp1/Pp6/5NP1/4NPP1/1R4K1 w - -,f5d7 b4b3 d7d2 b3b2 e2d4 f8d8 b1b2 b6a7 g1h2 g7d4,80
R7/8/p5k1/1p2Kp2/1P2p3/4P3/1P3r2/8 w - -,,0
r3n1k1/p1p3pp/2p5/2p1p3/8/6N1/PPPP1R1K/R1Bq4 w - -,b2b3 e8f6 f2e2 d1c2 c1a3 f6g4 h2g2 a8f8 a1c1 c2d3,-551
r4rk1/ppp2ppp/3p4/4p1q1/2B1P3/BPnP2K1/P1Q3PP/R7 w - -,g3f2 g5f4 f2g1 b7b5 c2c3 b5c4 c3c4 f4e3 g1f1 e3b6,-417
4rqrk/1p1b1p1p/p1n2PpR/6Q1/3P4/2P5/PP2B1PP/5R1K w - -,e2d3 c6e7 g5h5 g8g7 f6g7 f8g7 h5g5 e7g8 h6h4 f7f5,357
1rr2k2/5p1p/3q2pP/pp1pR3/3P4/2P3P1/1P2QPK1/4R3 w - -,e2f3 b8b6 e5e7 d6e7 e1e7 f8e7 f3d5 f7f6 g3g4 a5a4,334
8/8/7Q/4q3/8/4p3/1K6/4k3 w - -,b2c2 e5e4 c2b2 e3e2 h6d6 e4f3 d6c7 e1f1 c7c4 f1g2,-875
8/p5kp/6q1/2p1pr2/P1P1N3/8/6QB/7K w - -,g2h3 g6h5 h3d3 h5f3 d3f3 f5f3 h2e5 g7g8 e5b8 a7a5,-17
rq4k1/2r1bp2/p1n1p1p1/1pp5/2PQ1P2/2N3P1/PP3PB1/R3R1K1 w - -,d4e3 a8a7 g2c6 c7c6 c3e4 b5c4 e1d1 c6c7 e3c3 c7d7,4
4rqrk/1p1bnp1p/p4PpR/6Q1/3P4/2PB4/PP4PP/5R1K w - -,g5h5 g8g7 h5g5 g7g8 g5h4 g8g7 f6g7 f8g7 h4g5 f7f6,380
r1nq2k1/1p6/p1nbb2p/2pBp2Q/2PpN2N/3P4/PP5P/R4rK1 w - -,g5h5 g8g7 h5g5 g7g8 g5h4 g8g7 f6g7 f8g7 h4g5 f7f6,Mate
4r1k1/pp4p1/8/8/2pP4/5N2/PP2n1P1/2R3K1 w - -,g1f2 e2c1 f3g5 c1d3 f2f3 d3b2 g5e4 e8d8 a2a3 d8d4,-684
8/8/7Q/8/4q3/4p3/2K5/4k3 w - -,c2c3 e3e2 c3b2 e4e5 b2c2 e5c5 c2d3 c5f5 d3c3 f5f3,-1026
r3k2r/1ppqnpp1/p1npb3/2b1p2p/4P3/2NP2PP/PPP1NPBK/R1BQ1R2 w kq -,c3d5 c5a7 c2c3 f7f5 d5e7 c6e7 e4f5 e6f5 c1g5 c7c6,31
8/5p2/8/K7/1P1k4/8/8/8 w - -,a2a4 d6d5 f2f4 d5d4 f4f5 e6f5 e4f5 d4c3 e2c3 e7f5,Mate
r4rk1/ppp2ppp/3p4/4p2q/2B1P3/BPnP1K2/P1Q3PP/R7 w - -,f3f2 b7b5 c2c3 b5c4 f2g1 c4d3 c3d3 h5g6 h2h3 a7a5,-433
8/8/7Q/8/4q3/8/1K2p3/4k3 w - -,h6c1 e1f2 c1c5 f2g2 c5g5 g2f3 g5h5 f3g3 h5g5 e4g4,-1026
2r3k1/1p4pp/p4p2/7n/P1Nr1p2/7P/1P3PP1/2R1R1K1 w - -,g2g4 f4g3 c4e3 c8c1 e1c1 d4b4 f2g3 h5g3 c1c2 h7h5,-360
5rk1/3Q1pb1/1q5p/p5p1/P7/1p3NP1/4NPP1/1R4K1 w - -,d7d2 b3b2 e2d4 f8d8 b1b2 b6a7 g1h2 g7d4 f3d4 a7d4,102
r1nq2k1/1p6/p1nb3p/2pbp2Q/2PpN2N/3P4/PP5P/5RK1 w - -,d7d2 b3b2 e2d4 f8d8 b1b2 b6a7 g1h2 g7d4 f3d4 a7d4,Mate
r1bqkb1r/1p2pppp/p1n4n/2PpP3/5P2/8/PPP3PP/RNBQKBNR w KQkq -,g1f3 c8g4 f1d3 f7f6 c1e3 f6e5 f4e5 d8c7 b1d2 c6e5,37
r1b2rk1/pp4bp/2npn1p1/q4p2/2p1PP2/2PPBN2/PP3R1P/R1QN1BK1 w - -,b2b4 c4b3 a2b3 a5c7 b3b4 b7b5 f3h4 c6e7 e4f5 e7f5,-25
4r1k1/pp4p1/8/8/2pP4/5Nn1/PP4P1/R5K1 w - -,d4d5 c4c3 b2c3 g3e2 g1f1 e2c3 d5d6 e8d8 a1c1 c3b5,-14
r1bqr1k1/ppp2ppp/2n1pn2/8/1b1P4/2NQ1N2/PPPB1PPP/R3KB1R w KQ -,e1a1 b7b6 d2g5 h7h6 h2h4 c8b7 c3e4 b4e7 g5f6 c6b4,28
4rqrk/1p1b1p1p/p4PpR/5nQ1/3P1R2/2PB4/PP4PP/7K w - -,h6h3 e8e1 d3f1 d7b5 h1g1 b5f1 f4f1 e1f1 g1f1 f8e8,-396
r2r2k1/pb1nqppp/1pp5/8/3PP3/6P1/PP3PBP/R1BQ1RK1 w - -,c1e3 c6c5 d4d5 f7f5 e4f5 e7f7 e3g5 d8e8 g3g4 h7h5,235
2r3r1/p3kp1p/4p3/2p2p2/8/5P2/PPPR2PP/2K4R w - -,,0
r2q1rk1/3b1p1p/p2p2p1/1ppP4/P2bPP2/2N1R1N1/1P4PP/R2Q2K1 w - -,d1c1 d8f6 g3e2 f6g7 c3d1 d4e3 d1e3 f8e8 e2g3 f7f5,-312
r1nq3k/1p6/p1nb2Qp/2pbp3/2PpN2N/3P4/PP5P/5RK1 w - -,d1c1 d8f6 g3e2 f6g7 c3d1 d4e3 d1e3 f8e8 e2g3 f7f5,Mate
8/8/8/6Q1/2q5/8/1K2pk2/8 w - -,g5f6 f2g3 f6e5 g3g4 e5g7 g4f3 g7b7 c4e4 b7b3 f3f2,-9605
2r3k1/1p4pp/p4p2/2N4n/P2r1p2/7P/1P3PP1/2R1R1K1 w - -,g1f1 c8c7 c1c3 d4d5 c5e6 c7c3 b2c3 g8f7 c3c4 d5d7,-60
r2q1rk1/1p3pp1/1pn1bn1p/3p4/5B2/1N4P1/PP2PPBP/R2Q1RK1 w - -,b3d4 d8d7 f4e3 e6h3 d4c6 h3g2 g1g2 d7c6 e3d4 c6e6,46
r1nq2k1/1p6/p1nb3Q/2pbp3/2PpN2N/3P4/PP5P/5RK1 w - -,d1d3 f8e8 f4e3 e6d7 e3d4 f6e4 d3d1 b6b5 d4e3 e4f6,Mate
r2qkb1r/1p2pppp/p1n4n/2PpP3/5Pb1/5N2/PPP3PP/RNBQKB1R w KQkq -,f1d3 e7e6 c1e3 d5d4 e3f2 f8c5 h2h3 g4f5 a2a3 f7f6,41
4r1rk/1p1bqp1p/p5pR/6Q1/3P4/2PB4/PP4PP/5R1K w - -,g5e7 e8e7 h6h4 g8e8 h1g1 h8g7 d4d5 f7f5 h4d4 g7f6,111
8/8/8/5Q2/2q5/6k1/1K2p3/8 w - -,f5e5 g3g4 e5g7 g4f3 g7f6 c4f4 f6c6 f3f2 c6c5 f2g3,-20000
R7/8/p5Pk/1p2K3/1P3P2/4p3/1P3r2/8 w - -,e5f5 e3e2 a8e8 h6g7 e8e6 f2g2 b2b3 g2f2 f5g4 f2g2,51
4kq2/1Q4R1/2p1p2p/2K5/2PPp3/1P2P3/r7/8 w - -,a8h8 h6g6 h8h3 e3e2 h3e3 g6h5 e5d4 h5g4 d4d3 g4f4,Mate
r2q1rk1/pp3ppp/3bpn2/3p2B1/8/2N2Q2/PPP2PPP/R3R1K1 w - -,a1c1 h7h6 g5f6 d8f6 f3f6 g7f6 c3b5 d6e5 c2c3 a7a6,-205
2r3r1/p4p1p/4pk2/2p2p2/8/5P2/PPPR2PP/2K1R3 w - -,f3f4 h7h5 g2g3 h5h4 e1e3 c8c7 b2b3 f6g6 c1b2 g6h5,12
8/8/8/4Q3/2q3k1/8/1K2p3/8 w - -,e1e3 h7h5 e3a3 c8c7 a3c3 f5f4 c3c4 e6e5 b2b4 f6e6,Mate
r2r1nk1/pb2qppp/1pp5/8/3PP3/6P1/PP3PBP/R1BQR1K1 w - -,c1e3 f8e6 d4d5 c6d5 e4d5 d8d5 g2d5 a8d8 d1c2 d8d5,172
8/1P6/8/K7/3k4/5p2/8/8 w - -,b2b3 d8d7 c1b2 f8e6 g2h3 d7d8 a1c1 e7f6 h3e6 f6e6,Mate
r6k/1p4bp/2p5/p1N1P3/4K1Q1/1P4p1/P2R1r1q/B2R4 w - -,d2d8 f2f8 d8d2 f8f2 c5e6 h2g2 e4d3 f2d2 d1d2 g2f1,386
k1b5/2p1Q3/p7/N2q2P1/1P5p/p6P/K3R3/8 w - -,a2a3 a8b8 a5b3 d5d3 e2e3 d3c4 g5g6 b8a7 e7c5 c4c5,939
8/6Q1/8/8/2q5/5k2/1K2p3/8 w - -,a2a3 a8b8 a5b3 d5d3 e2e3 d3c4 g5g6 b8a7 e7c5 c4c5,Mate
5b2/8/2k1p1p1/4P1Bp/3PP2P/3K4/8/8 w - -,d3e2 f8a3 g5e3 c6d7 e3f4 a3e7 f4g3 e7a3 e2d2 a3b4,16
1Q6/8/8/K7/3k4/8/5p2/8 w - -,d3e2 f8a3 g5e3 c6d7 e3f4 a3e7 f4g3 e7a3 e2d2 a3b4,Mate
4kq2/1Q4R1/r1K1p2p/8/2PPp3/1P2P3/8/8 w - -,d3e2 f8a3 g5e3 c6d7 e3f4 a3e7 f4g3 e7a3 e2d2 a3b4,Mate
6k1/4p2p/6p1/p4p2/P2Kb3/1P1B4/3r2PP/6R1 w - -,d4c4 d2d3 g2g3 d3d8 c4c3 d8c8 c3b2 g8f7 g1e1 f7f6,-594
4k3/3bP2p/6p1/3K2B1/6P1/1p6/2r2R1P/8 w - -,d4c4 d2d3 g2g3 d3d8 c4c3 d8c8 c3b2 g8f7 g1e1 f7f6,Mate
r4qrk/1p3p1p/p1n2PpR/5bQ1/3P4/2P5/PP2B1PP/5R1K w - -,f1f4 g8g7 f6g7 f8g7 f4h4 h8g8 h6h7 g7h7 h4h7 g8h7,559
8/PK6/5pk1/6p1/8/6R1/8/r7 w - -,,0
r2qkb1r/1p3ppp/p1n1p2n/2PpP3/5Pb1/3B1N2/PPP3PP/RNBQK2R w KQkq -,c2c3 f8c5 h2h3 g4f3 d1f3 e8h8 b1d2 f7f6 d2b3 c5a7,-50
5rk1/5pb1/1q5p/p5p1/P7/5NP1/1p1QNPP1/1R4K1 w - -,e2d4 f8d8 b1b2 b6a7 b2b5 g7d4 b5g5 h6g5 d2g5 g8h7,49
r2r2k1/pb2qppp/1pp2n2/8/3PP3/4B1P1/PP3PBP/R2Q1RK1 w - -,f1e1 h7h6 f2f3 f6d7 d1b3 d7f8 a1d1 d8d7 e3f2 a8d8,250
r4rk1/p1pq2pp/3nb3/2p1p3/6P1/1P1Q2NP/P1P2P1K/R1B2R2 w - -,c2c4 a8e8 d3e3 f8f6 g3h5 f6g6 f2f3 e5e4 c1b2 e4f3,60
8/8/1Q6/K7/8/3k4/5p2/8 w - -,c1a3 c5c4 d3d2 f8f3 a1e1 a8f8 e1e3 h7h5 g3h5 e6g4,Mate
r2qk2r/pp1nbppp/2p1pn2/3p4/4P3/3P1bPP/PPPN1PB1/R1BQ1RK1 w kq -,d1f3 e8h8 f1e1 d8c7 d3d4 f6e4 d2e4 d5e4 f3e4 h7h6,67
rr4k1/p2q1pbn/1p1N2pp/8/3P1P2/B2QP3/6PP/2R2RK1 w - -,f4f5 g6g5 e3e4 g7f8 e4e5 f8d6 a3d6 b8c8 d4d5 c8c1,262
8/8/8/8/3q4/8/1KQ1p2k/8 w - -,h2h3 b6b5 a3c5 g7f8 f4f5 g6g5 d6e4 b8c8 c5f8 c8c1,Mate
2r5/2p5/1pk2P2/p3P2p/P3K3/BP1R3P/8/5r2 w - -,a3e7 c8e8 e5e6 c6b7 d3f3 f1e1 e4f5 h5h4 f3f4 e1e3,464
r1bqr1k1/ppp2ppp/2n2n2/3p4/1b6/2NQ1N2/PPPB1PPP/R3KB1R w KQ -,f1e2 d5d4 c3b5 c8g4 b5d4 b4d2 d3d2 c6d4 f3d4 g4e2,-410
4kq2/1Q4R1/3rp2p/1K6/2PPp3/1P2P3/8/8 w - -,f1e2 d5d4 c3b5 c8g4 b5d4 b4d2 d3d2 c6d4 f3d4 g4e2,Mate
r1b2rk1/pp4bp/2np2p1/5q2/2P2n2/2P1BN2/PP3R1P/R1QN1BK1 w - -,e3f4 f5f4 c1f4 f8f4 d1e3 c8d7 e3d5 f4f7 f1g2 a8f8,-39
8/8/8/3q4/8/8/K1Q1p2k/8 w - -,e3f4 f5f4 c1f4 f8f4 d1e3 c8d7 e3d5 f4f7 f1g2 a8f8,Mate
r4rk1/ppp2ppp/3p4/4p3/2B1P3/BPnPK3/P1Q3Pq/R7 w - -,c2c3 h2g2 a1c1 g8h8 c3d2 g2g3 e3e2 f7f5 d2e3 g3h2,-318
6r1/p1r1kp1p/4p3/2p2p2/8/5P2/PPPR2PP/2K1R3 w - -,,0
3r2k1/5pb1/1q5p/p5p1/P2N4/5NP1/1p1Q1PP1/1R4K1 w - -,b1b2 b6a7 b2b5 g7d4 b5g5 h6g5 d2g5 g8h7 g5d8 d4f2,40
1rnqnrk1/2pb3p/1p1p2pb/1N1Ppp2/PBP1P3/3Q1P2/3NB1PP/R4RK1 w - -,g1h1 e8f6 a1a3 f5e4 f3e4 b8a8 f1a1 f6g4 e2g4 d7g4,53
6k1/p5p1/3r4/1p1n2N1/2pR4/4K3/PP4P1/8 w - -,e3e4 c4c3 b2c3 d5c3 e4d3 d6d4 d3d4 c3a2 d4c5 a7a6,-86
r4qrk/1p3p1p/p1n2P1R/5pQ1/3P4/2P5/PP2B1PP/7K w - -,g5h5 f8h6 h5h6 a8e8 h6d2 f5f4 h1g1 g8g6 d4d5 c6b8,317
r2qk2r/pp3ppp/3bpn2/3p4/8/2N2Q2/PPP2PPP/R1B1R1K1 w kq -,c3e2 d8c7 f3h3 e8h8 c2c3 h7h6 c1e3 d6c5 e3c5 c7c5,-193
8/8/8/8/8/K4q2/2Q1p2k/8 w - -,c3e2 d8c7 f3h3 e8h8 c2c3 h7h6 c1e3 d6c5 e3c5 c7c5,Mate
r1bqr1k1/ppp2ppp/2n2n2/8/1b1p4/2NQ1N2/PPPBBPPP/R3K2R w KQ -,c3b5 c8g4 b5d4 c6d4 f3d4 g4e2 d4e2 b4d2 d3d2 d8e7,-419
r2qkb1r/1ppn1ppp/p3p3/3pP3/5B2/2N1P3/PPP1QPPP/R3K2R w KQkq -,e1h1 h7h5 h2h3 g7g5 f4g3 g5g4 f2f4 h5h4 g3f2 g4g3,-53
1r4k1/1P3p1p/3p1p2/3Pp3/8/8/5PPP/1R4K1 w - -,g2g4 g8g7 b1b6 h7h6 g1g2 h6h5 f2f3 f6f5 g4f5 f7f6,390
1kb5/2p5/p7/N2P4/1P2Q1Pp/p6P/K3R3/3q4 w - -,g1f1 f6f5 f1e2 g8f8 e2f3 f8e7 g2g4 f5f4 f3e4 e7d8,Mate
r4q1k/1p3prp/p1n2PpR/5bQ1/3P1R2/2P5/PP2B1PP/7K w - -,f6g7 f8g7 f4h4 h8g8 h6h7 g7h7 h4h7 g8h7 g5f6 f5e6,566
r2r2k1/pb2qppp/1p2n3/3p4/4P3/4B1P1/PP3PBP/R2QR1K1 w - -,e4d5 d8d5 g2d5 a8d8 d1c2 d8d5 a1d1 e7b4 a2a3 b4a5,167
r1bqkb1r/1p3ppp/p1n1pn2/2p1P3/P1pP4/2N2N2/1PP2PPP/R1BQK2R w KQkq -,e1h1 f6d5 c1g5 d8c7 c3d5 e6d5 d4c5 c8e6 g5e3 f8e7,-410
3r2k1/4r2p/2pqpppP/pp1n4/P2P4/2P2BP1/1PQ2PK1/3RR3 w - -,d1a1 e7a7 a4b5 c6b5 c2e2 d5c7 b2b3 a5a4 c3c4 a4a3,178
8/5Bp1/5p1p/4b2P/6P1/k2K4/1p6/8 w - -,d3c2 g7g6 h5g6 f6f5 g4f5 h6h5 c2b1 h5h4 f7e6 h4h3,Mate
r4rk1/p1p3pp/2qnb3/2p1p3/2P3P1/1P1Q2NP/P4P1K/R1B2R2 w - -,f2f3 a8d8 c1g5 d8e8 a1d1 f8f7 d3e2 e6c8 g5e3 c8a6,43
rnbqk1nr/2p1bppp/p3p3/1p6/3P4/2NQ4/PP2PPPP/R1B1KBNR w KQkq -,d3e4 a8a7 g1f3 g8f6 e4c2 c8b7 a2a3 b8d7 e2e4 c7c5,-41
r1bqkbnr/1p2pppp/p1n5/2P1P3/3p4/2N5/PPP2PPP/R1BQKBNR w KQkq -,c3a4 d8a5 c2c3 d4c3 a4c3 c6e5 f1e2 e5c6 g1f3 e7e5,41
5b2/3k4/4p1p1/4P1Bp/3PP2P/8/2K5/8 w - -,c2b3 f8g7 b3c3 g7f8 c3d2 f8b4 d2e3 b4c3 e3d3 c3e1,13
8/5k2/8/4R3/7K/8/8/r7 w - -,,0
r6k/1p3pqp/p1n3pR/5bQ1/3P1R2/2P5/PP2B1PP/7K w - -,f4h4 h8g8 h6h7 g7h7 h4h7 g8h7 g5f6 a8f8 h2h4 f5b1,579
3r4/p4kp1/8/1pNn4/2pR4/8/PP1K2P1/8 w - -,g2g4 f7f6 c5b7 d8b8 d4d5 b8b7 d2c3 b7b6 d5c5 f6g6,-21
2kr3r/1ppqnpp1/p1npb3/2b1p2p/4PP2/2NP2PP/PPP1N1BK/R1BQ1R2 w - -,f4f5 e7f5 e4f5 e6f5 b2b4 c6b4 a1b1 f5e6 c3e4 f7f5,230
rnb2rk1/pp1pppbp/1q3np1/8/3p1B2/1QP1PN2/PP2BPPP/RN2K2R w KQ -,b3b6 a7b6 c3d4 d7d6 b1c3 c8d7 f4g5 d7c6 e1h1 h7h6,36
5rk1/5ppp/1qp2n2/3p4/3Np1b1/2P1P1P1/5PBP/1R1Q2K1 w - -,h2h3 g4d1 b1b6 c6c5 d4f5 f8d8 b6c6 c5c4 g3g4 d1a4,-19
1k6/2pb4/p7/N2P2P1/1P2Q2p/p6P/K3R3/3q4 w - -,h2h3 g4d1 b1b6 c6c5 d4f5 f8d8 b6c6 c5c4 g3g4 d1a4,Mate
r1bq1rk1/pp1p1pbp/2n1pnp1/2p5/2B1P3/2PP1N2/PP2NPPP/R1BQK2R w KQ -,e2g3 d7d5 c4b5 c8d7 e1h1 c6e5 a2a4 e5f3 d1f3 a7a6,-17
8/5k2/8/4R2K/8/8/8/1r6 w - -,,0
8/8/8/8/8/8/K1Q1p1qk/8 w - -,e5a5 b1f1 a5a7 f7e8 h5g5 e8d8 g5g4 d8c8 a7a4 c8b7,Mate
r1bqkb1r/1p3ppp/p1n1pP2/8/P1pp4/2N2N2/1PP2PPP/R1BQK2R w KQkq -,c3e4 g7f6 c2c3 d4d3 e4d2 e6e5 d2c4 c8e6 b2b3 e5e4,-271
r2q1rk1/1p3pp1/1pn1bn1p/8/3p1B2/PN4P1/1P2PPBP/R2Q1RK1 w - -,a1c1 e6d5 g2d5 d8d5 e2e3 d4d3 c1c3 a8d8 f2f3 d5b5,-18
r1bqkb1r/pppp1ppp/2n2n2/4p3/8/4P1P1/PPPPQP1P/RNB1KBNR w KQkq -,d2d3 d7d5 h2h3 c8f5 g1f3 d8d7 f1g2 e8a8 b1c3 c8b8,-91
3r4/p4kp1/8/2Nn4/PppR4/8/1P1K2P1/8 w - -,g2g4 f7e7 c5b7 c4c3 d2c1 d8b8 d4d5 b8b7 b2c3 b4c3,-3
r1b1kbnr/1p2pppp/p1n5/q1P1P3/N7/2p5/PP3PPP/R1BQKBNR w KQkq -,b2b4 a5b4 d1b3 b4e4 c1e3 c6d4 a4c3 d4b3 c3e4 b3a1,-242
8/2Q5/8/8/8/8/K3p1q1/7k w - -,b2b4 a5b4 d1b3 b4e4 c1e3 c6d4 a4c3 d4b3 c3e4 b3a1,Mate
r5k1/pb2qppp/1p2n3/3r4/8/4B1P1/PP3PBP/R2QR1K1 w - -,g2d5 a8d8 d1c2 d8d5 a1d1 e7b4 a2a3 b4a5 c2e2 d5d1,171
r1b1kb1r/1p2pppp/p1n5/2pq4/5B2/3P1N2/PPP2PPP/RN1QK2R w KQkq -,b1c3 d5f5 f4e3 b7b6 e1h1 e7e6 c3a4 b6b5 a4b6 a8b8,-7
8/5k2/7K/4R3/8/8/8/r7 w - -,,0
1r6/p1r1kp1p/4pp2/2p5/8/5P2/PPPR2PP/2KR4 w - -,d1e1 h7h5 e1e3 b8b4 e3a3 f6f5 a3a5 h5h4 d2d3 b4b8,29
rnb2rk1/pp1pppbp/5np1/8/3P1B2/1q2PN2/PP2BPPP/RN2K2R w KQ -,d4d5 b3b4 b1d2 f6d5 f4b8 a8b8 a1b1 g7b2 f3e5 b2e5,-1400
8/7Q/8/8/8/8/K3p1q1/6k1 w - -,d4d5 b3b4 b1d2 f6d5 f4b8 a8b8 a1b1 g7b2 f3e5 b2e5,Mate
2kr4/2nq3p/p4pp1/3p4/R7/BP4P1/P4P1P/2R3K1 w - -,a4a6 c8b7 a6d6 d7d6 a3d6 d8d6 g1g2 d6a6 c1c2 c7e6,-383
r3r1k1/ppp2ppp/3p4/4p3/2B1P3/BPQPK3/P5q1/R7 w - -,c3c1 c7c6 c1h1 g2h1 a1h1 b7b5 a3d6 b5c4 b3c4 e8e6,-447
3r2k1/pb2qppp/1p2n3/3B4/8/4B1P1/PP3P1P/R2QR1K1 w - -,d1c2 d8d5 a1d1 d5d1 c2d1 h7h5 h2h4 e7f6 d1h5 f6b2,167
8/Q7/8/8/8/8/K3pq2/6k1 w - -,d1e2 d8d5 a1d1 d5e5 f2f4 e5e4 e2d3 e6f8 g1f2 e7e6,Mate
rnb2rk1/ppp2ppp/4pn2/3q2N1/3Pp3/2B5/PPP1QPPP/R3KB1R w KQ -,g5h3 b8c6 h3f4 d5d6 e2d2 a7a5 e1a1 f6d5 f4d5 e6d5,-159
8/8/4k2K/5R2/8/8/8/r7 w - -,,0
8/8/2n5/2k5/7Q/2K5/8/8 w - -,f5b5 a1h1 h6g5 h1f1 b5b6 e6d7 g5g4 d7c7 b6b4 f1a1,Mate
4r1k1/pp1nrpp1/2pb3p/3p3Q/3P1P2/3Bq1PP/PPP1N3/2K2R1R w - -,c1d1 d6b4 e2c3 e3d4 f1e1 b4c3 e1e7 e8e7 b2c3 d4c3,-559
8/6Q1/8/8/8/8/K3pq2/5k2 w - -,c1d1 d6b4 e2c3 e3d4 f1e1 b4c3 e1e7 e8e7 b2c3 d4c3,Mate
6r1/p1r1kp1p/4p3/2p2p2/8/5P2/PPPR2PP/2KR4 w - -,,0
8/8/8/8/8/8/KQ3q2/4qk2 w - -,f3f4 h7h5 d1e1 g8b8 g2g3 h5h4 e1e3 b8b4 d2d5 b4e4,Mate
8/8/4k1K1/5R2/8/8/8/1r6 w - -,,0
3r4/p5p1/5k2/2Nn4/PppR4/8/1P4P1/2K5 w - -,,0
r1bqk2r/1p3pbp/p1n1p3/8/P1pp4/2N2N2/1PP2PPP/R1BQK2R w KQkq -,c3b1 e6e5 e1h1 e8h8 b1d2 c8e6 f1e1 f7f5 b2b3 c4c3,-307
r1bq1rk1/pp3pb1/2np1npp/2p1p3/2P5/1P1PPNP1/PB3PBP/RN1Q1RK1 w - -,b1c3 c8e6 d3d4 e5d4 e3d4 d6d5 c3a4 c5d4 f3d4 c6d4,21
6k1/pb2qppp/1p2n3/3r4/8/4B1P1/PPQ2P1P/R3R1K1 w - -,a1d1 e7b4 a2a3 b4a5 e1f1 h7h5 h2h4 a5b5 a3a4 b5d7,167
5rk1/5ppp/1qp2n2/3p4/3N2b1/2P1PpP1/6BP/1R1Q2K1 w - -,d1d3 b6a7 d4f3 f8e8 f3d4 c6c5 d4b3 a7e7 b3d2 g7g6,-282
8/8/8/8/8/8/K4k2/4q3 w - -,d1d3 b6a7 d4f3 f8e8 f3d4 c6c5 d4b3 a7e7 b3d2 g7g6,Mate
2r1r1k1/pb2pp1p/1p1q1bp1/3P4/8/2NQ1N2/PP3PPP/3RR1K1 w - -,c3e4 d6f4 d3a3 f6g7 a3a7 f4c7 d5d6 e7d6 e4d6 e8e1,-22
r5k1/4r2p/2pqpppP/pp1n4/P2P4/2P2BP1/1PQ2PK1/R3R3 w - -,a4b5 c6b5 c2b3 g8f7 b3b5 d5c7 b5d3 a8b8 e1b1 b8b5,319
8/5Bp1/7p/4bp1P/6P1/k7/1pK5/8 w - -,c2b1 f5g4 f7b3 g4g3 b3d5 g7g6 d5f3 g6g5 f3d5 g5g4,-1145
r6k/1p1R2bp/2p5/p1N1P3/4K1Q1/1P4p1/P4rq1/B2R4 w - -,e4d3 f2f3 g4f3 g2f3 d3c2 f3f2 c2b1 f2f5 d7d3 g3g2,-566
2r5/3k1P2/1p6/p1p1P2p/P7/BP3K1P/8/8 w - -,f3e4 d7e6 a3c1 e6f7 e4d3 c8g8 h3h4 g8g3 d3c2 f7e6,-573
r2qkb1r/1p1n1pp1/p1p1p3/3pPn1p/3P1P2/2PQB3/PP2N1PP/RN3RK1 w kq -,b1d2 g7g6 e3f2 f8e7 h2h3 c6c5 b2b3 h5h4 f1d1 b7b5,21
4R3/1p6/2p2PPk/p6B/2P2P2/P5P1/r4r2/4K1n1 w - -,a2a4 c6c5 e3f2 c5c4 d3c2 g7g6 a4a5 f8e7 b1d2 b7b5,Mate
8/8/8/8/8/K7/5k2/1q6 w - -,a2a4 c6c5 e3f2 c5c4 d3c2 g7g6 a4a5 f8e7 b1d2 b7b5,Mate
1k6/2p5/p1b5/3P2P1/1P2Q2p/p6P/K3R3/3q4 w - -,a2a4 c6c5 e3f2 c5c4 d3c2 g7g6 a4a5 f8e7 b1d2 b7b5,Mate
r3kb1r/1p2pppp/p1n5/2pq4/5Bb1/3P1N2/PPP2PPP/RN1Q1RK1 w kq -,f4e3 e7e6 b1c3 d5h5 h2h3 g4f3 d1f3 h5f3 g2f3 e8a8,-90
8/8/4k1K1/7R/8/8/8/r7 w - -,,0
8/8/1q6/8/K7/8/5k2/8 w - -,h5b5 e6e7 g6g5 a1g1 g5f4 g1f1 f4e4 f1a1 e4d3 a1a4,Mate
rnb2rk1/pp1pppbp/6p1/3n4/3P1B2/1P2PN2/1P2BPPP/RN2K2R w KQ -,f4b8 a8b8 a1a7 d7d6 b1c3 d5b4 a7a4 b4a6 b3b4 e7e5,145
1r6/pr2kp1p/4pp2/2p5/8/1P3P2/P1PR2PP/2KR4 w - -,d2d3 b8g8 g2g3 h7h5 d3c3 h5h4 g3h4 b7c7 d1d4 g8g2,62
3r1rk1/6p1/pqp1p3/2n1P3/7Q/2B4R/5PPP/5RK1 w - -,d2e2 b8g8 g2g3 h7h5 d1d5 h5h4 g3g4 c5c4 d5h5 g8c8,Mate
r1bq1rk1/pp3pbp/2n1pnp1/2pp2B1/2B1P3/2PP1N2/PP2NPPP/R2QK2R w KQ -,c4b5 d5e4 d3e4 d8b6 b5c6 b6c6 g5f6 g7f6 e2g3 e6e5,-75
1k1q4/2p5/p1P5/6P1/1P2Q2p/p6P/K3R3/8 w - -,c4b5 d5e4 d3e4 d8b6 b5c6 b6c6 g5f6 g7f6 e2g3 e6e5,Mate
r2r2k1/pb3ppp/1p2n3/3P4/1q6/4B1P1/PP3PBP/R2QR1K1 w - -,e3d2 b4b5 a2a4 b5d3 e1e3 d3d4 d5e6 b7g2 e6e7 g2c6,448
r4r1k/ppp2p2/1n1p1q2/3P1Qpn/4P3/2N4P/PPP5/2KR2R1 w - -,g1g5 f6f5 g5f5 h5g7 f5f4 b6d7 d1g1 d7e5 c3b5 a7a6,-261
r5k1/4r2p/3qpppP/pp1n4/3P4/2P2BP1/1PQ2PK1/R3R3 w - -,c2b3 g8f7 b3b5 d5c7 b5d3 a8b8 e1b1 b8b5 c3c4 b5b4,347
r1bqr1k1/ppp2ppp/2n2n2/6N1/1b6/2pQ4/PPPBBPPP/R3K2R w KQ -,b2c3 b4d6 e1h1 c6e5 d3d4 h7h6 f1e1 h6g5 d2g5 c8f5,-581
5rk1/p1p3pp/2qnb3/2p5/2P1p1P1/1P3rNP/PB2QP1K/4RR2 w - -,b2e5 e6c8 g3e4 c6e4 e2e4 d6e4 e1e4 f3f2 f1f2 f8f2,14
1r6/pr2kp1p/3Rpp2/8/2p5/1P3P2/P1P3PP/2KR4 w - -,d6c6 b8g8 g2g3 c4b3 a2b3 g8g5 d1d3 g5e5 d3c3 b7d7,67
r3k2r/1ppqnpp1/p1np4/2b1p2p/4PPb1/2NP2PP/PPP1N1BK/R1BQ1R2 w kq -,a2a3 h5h4 d1e1 h4g3 e1g3 e8a8 f4f5 g4h5 b2b4 c5a7,-127
r5k1/4r2p/3qpppP/p2n4/1p1P4/1QP2BP1/1P3PK1/R3R3 w - -,f3d5 a8e8 d5f3 b4c3 b2c3 e8b8 b3c4 g8f8 a1b1 b8b6,572
8/p5p1/5k2/2r5/1P6/8/6P1/2K5 w - -,c1d2 c5b5 d2c3 a7a5 b4a5 b5a5 c3d3 a5g5 d3e4 g5g2,-992
4r1k1/pp2rpp1/2pb1n1p/3p3Q/3P1P2/3Bq1PP/PPP1N3/1K3R1R w - -,h5g4 f6g4 h3g4 e3d3 c2d3 e7e2 g4g5 h6g5 f4g5 d6g3,-616
3q1rk1/r2nbppp/b1n1p3/2ppP3/p5NP/PpPP1NP1/1P3PB1/R1BQR1K1 w - -,,0
1k6/2p5/p1P5/3q2P1/1P5Q/p6P/K3R3/8 w - -,,0
r4rk1/2Rnqppp/1p6/pN2p2n/3P4/3BPb2/PP3PPP/R2Q2K1 w - -,d1f3 h5f6 f3c6 e5d4 e3d4 a8d8 b2b3 e7b4 d3c4 f8e8,241
r2qk2r/1Q2bppp/p3pn2/n2p1b2/3P1B2/2N1PN2/PP2BPPP/R3K2R w KQkq -,e2a6 a5b7 a6b7 e8h8 b7a8 d8a8 e1h1 f6e4 f1c1 g7g5,-419
2kr3r/1ppqnpp1/p1np4/2b1pP1p/4P1b1/2NP2PP/PPP1N1BK/R1BQ1R2 w - -,h3h4 f7f6 d1e1 d8g8 a2a3 g7g5 f5g6 g8g6 b2b4 c5d4,-98
r1bqk2r/4bp1p/p2pnp2/1p1Np3/4P3/2P1N3/PP1Q1PPP/R3KB1R w KQkq -,d5e7 d8e7 e3f5 e7c7 f5d6 e8e7 d6f5 e7e8 d2h6 h8g8,285
r2r2k1/pb3ppp/1p2n3/2qP4/8/6P1/PP1B1PBP/R2QR1K1 w - -,d5e6 b7g2 e6f7 g8f7 a1c1 c5f5 g1g2 f7g8 g2g1 d8f8,522
8/5Bp1/5p1p/4b2P/1k4P1/8/1pK5/8 w - -,c2b1 f6f5 g4f5 b4c3 f7g8 c3d2 g8f7 d2e3 f7g6 e3f2,-6
1r6/p1r1kp1p/3Rpp2/8/2p5/1P3P2/PKP3PP/3R4 w - -,d6a6 b8b5 d1d4 h7h5 c2c3 c4b3 a2b3 b5g5 d4d2 g5e5,57
1k4q1/2p5/p1P3P1/8/1P2Q2p/p6P/K3R3/8 w - -,f3f4 h7h5 d6a6 b8g8 g2g3 h5h4 d1g1 c4b3 a2b3 g8d8,Mate
rnbqkb1r/2pp1ppp/p3pn2/8/p1BPP3/5N2/1PP2PPP/RNBQK2R w KQkq -,e4e5 f6d5 c4d5 e6d5 b1c3 c8b7 c3e2 f8e7 e2f4 e8h8,86
r4rk1/2Rnqppp/1p3n2/pN2p3/3P4/3BPQ2/PP3PPP/R5K1 w - -,d3f1 a8c8 a1c1 c8c7 c1c7 e5d4 b5d4 e7d8 c7a7 g7g6,232
r2qk2r/pp2bppp/2n1p1b1/3pPn2/3P4/2N1BN2/PP1QBPPP/R4RK1 w kq -,e2d3 a8c8 c3e2 e8h8 e2f4 f5e3 d2e3 g6d3 f4d3 d8b6,-24
r4rk1/p2p1ppp/2p1pn2/q7/1b2P3/P1N5/1PPBQPPP/R3K2R w KQ -,e1h1 b4d6 a1e1 f6e8 e2d3 a5c7 f2f4 a8d8 d2c1 d6e7,34
rnbqkbnr/2p2ppp/p3p3/3p4/p1BPP3/5N2/1PP2PPP/RNBQK2R w KQkq -,e4d5 e6d5 c4d3 g8f6 e1h1 f8e7 b1c3 a4a3 b2b3 e8h8,60
r1b1r1k1/ppp2ppp/5n2/4n1N1/8/2PP4/P3BPPP/R3K2R w KQ -,e1h1 c8f5 d3d4 e5d3 e2d1 d3f4 h2h3 h7h6 g5f3 f5d3,-507
r3rnk1/pp1q1pp1/2pbbp2/7p/2PP4/1P1B4/P1QBNPPP/4RRK1 w - -,,0
r2qr1k1/3b1pb1/p2p1np1/2pPP2p/P1p2P2/2N1B1NP/1P4P1/R2Q1RK1 w - -,d1f3 d6e5 f4e5 e8e5 e3f4 d8e8 f4e5 e8e5 a1e1 e5d4,149
8/pp1k1ppp/2qp4/1B1N4/8/5P2/PP1K2PP/8 w - -,b5c6 b7c6 d5e3 h7h5 d2d3 g7g6 b2b3 h5h4 b3b4 g6g5,454
1r6/p1r1kp1p/4pp2/8/3R4/1Pp2P2/PKP3PP/3R4 w - -,b2a3 b8b5 b3b4 b5e5 a3b3 e5e2 d1g1 e6e5 d4h4 e7e6,92
rnbqkbnr/2p2ppp/p7/3p4/p1BP4/5N2/1PP2PPP/RNBQK2R w KQkq -,c4a2 g8f6 e1h1 f8e7 f3e5 c8b7 f1e1 e8h8 b1c3 b8d7,53
r1b1r1k1/ppp2ppp/5n2/8/4N3/2Pn4/P3BPPP/R3K2R w KQ -,e2d3 f6e4 e1h1 e4c3 f1c1 c3d5 a1b1 c7c6 h2h3 g7g6,-591
r4qrk/1p3p1p/p1n2Pp1/5bQ1/3P3R/2P2R2/PP2B1PP/7K w - -,f3f4 g8g7 d4d5 c6e5 f6g7 f8g7 f4f1 a8e8 h4d4 h8g8,419
2kr4/Qpn4p/R1q2pp1/3p4/8/BP4P1/P4P1P/2R3K1 w - -,f3f4 g8g7 d4d5 c6e5 f6g7 f8g7 f4f1 a8e8 h4d4 h8g8,Mate
1k6/2p3q1/p1P3P1/8/1P2Q2p/K6P/4R3/8 w - -,f3f4 g8g7 d4d5 c6e5 f6g7 f8g7 f4f1 a8e8 h4d4 h8g8,Mate
3Q4/1k4p1/p1p1p3/2n1P3/8/2B5/5PPP/3R2K1 w - -,f3f4 g8g7 d4d5 c6e5 f6g7 f8g7 f4f1 a8e8 h4d4 h8g8,Mate
r1b2rk1/1p2qpb1/2pp1npp/pPn5/2P1P3/2N1BN1P/P1Q1BPP1/3R1RK1 w - -,f3d2 f6d7 f2f4 f7f5 f1f3 g7c3 c2c3 f5e4 f3f2 d7f6,85
r1b2rk1/pp1pppbp/2n3p1/3n4/3P4/1P2PNB1/1P2BPPP/RN2K2R w KQ -,h2h4 d5b4 e1h1 d7d6 b1c3 c8g4 a1a4 a7a6 d4d5 b7b5,-35
r5n1/ppp1qk2/2n2p2/3p4/1b1P1Bb1/2NBPN1r/PP1K1P2/R2Q3R w - -,h1h3 g4h3 f3h4 b4c3 b2c3 e7a3 d1h5 f7e6 h4g6 a3b2,535
r2q1rk1/pp2bppp/2n1p1b1/3pPn2/3P4/2N1BN2/PP1QBPPP/2R2RK1 w - -,h2h3 f5e3 f2e3 a8c8 e2d3 g6d3 d2d3 h7h6 f1f2 c6a5,-26
r4r1k/ppp2ppp/3p4/4p3/2B1P3/BPQPK3/P5q1/R7 w - -,c3d2 g2g3 e3e2 g3g4 e2e3 f7f5 d2h2 f5e4 a1h1 f8f3,-432
2r5/2p5/1pk1P3/p2R1P1p/P3K3/BP5P/8/6r1 w - -,d5d2 g1e1 e4f4 c6b7 e6e7 c7c5 f5f6 c8c6 a3b2 c6e6,460
8/1k1nQ1p1/p1p1p3/4P3/8/2B5/5PPP/3R2K1 w - -,d5b5 g1e1 e4f4 c8g8 e6e7 g8g2 f5f6 e1f1 f4e3 g2g8,Mate
r2qkb1r/pp1b1ppp/2n2n2/2pp2N1/8/1BN2P2/PPPP2PP/R1BQK2R w KQkq -,d1e2 f8e7 c3d5 f6d5 b3d5 e8h8 d5c6 d7c6 g5e4 e7h4,-190
rn1qk1nr/ppp2ppp/6b1/4p3/2Pp4/3PP1N1/PP1b1PPP/R2QKBNR w KQkq -,d1d2 d4e3 f2e3 b8c6 b2b4 h7h5 b4b5 c6b8 g1f3 b8d7,-67
r1bqkb1r/pp1n1pp1/2p5/2Pp1n1p/3Pp3/1PN1P1B1/P2N1PPP/R2QKB1R w KQkq -,b3b4 h5h4 g3f4 g7g5 f4d6 f5d6 c5d6 a7a6 f2f3 e4f3,-229
r2qr1k1/3b1pb1/p4np1/2pPp2p/P1p2P2/2N1BQNP/1P4P1/R4RK1 w - -,f4e5 e8e5 e3f4 d8e8 f4e5 e8e5 a1e1 e5d4 g1h1 a8f8,144
4Q3/k1p3q1/p1P3P1/8/1P5p/K6P/4R3/8 w - -,a1d1 e5e4 f3f2 h5h4 g3e2 a8b8 d1d2 f6h5 e3c5 f7f5,Mate
8/p2k1ppp/2pp4/3N4/8/5P2/PP1K2PP/8 w - -,d5e3 h7h5 b2b4 h5h4 f3f4 d7e6 d2d3 g7g6 d3c3 e6f6,457
r5n1/ppp1qk2/2n2p2/3p4/1b1P1B2/2NBPN1b/PP1K1P2/R2Q4 w - -,f3h4 e7e6 d1h5 f7f8 a1g1 c6e7 g1g3 a7a5 h4g6 e7g6,556
8/3RQ1p1/pkp1p3/4P3/8/2B5/5PPP/6K1 w - -,f3e1 f7f8 d1h5 e7e6 e1c2 h3g4 h5h8 b4c3 b2c3 c6e7,Mate
r2q2k1/3b1pb1/p4np1/2pPr2p/P1p5/2N1BQNP/1P4P1/R4RK1 w - -,e3f4 d8e8 f4e5 e8e5 a1e1 e5d4 g1h1 a8f8 f3f4 h5h4,139
rnbq1rk1/pp3p1p/5p2/3pp3/1bB5/2NP1N2/PPP2PPP/R2QK2R w KQ -,d1e2 d5c4 e1a1 b4c3 b2c3 d8e7 d3d4 e7a3 c1b1 a3c3,-700
r3k2r/p4ppp/bqp1pn2/3p4/4P3/P1B2B2/1PP2PPP/R2QK2R w KQkq -,e4d5 c6d5 d1d4 e8h8 e1a1 f8c8 d4b6 a7b6 c3d4 f6d7,105
r4r1k/ppp3pp/3p4/4pp2/2B1P3/1PQPK3/PB4q1/R7 w - -,d3d4 f5e4 c4e2 e5d4 c3d4 g2g5 e3e4 a8e8 e4d3 g5g6,-914
r2qkb1r/pp1b1pp1/2n2n1p/2pp2N1/8/1BN2P2/PPPP2PP/R1BQ1RK1 w kq -,g5f7 e8f7 c3d5 d7e6 d5e3 e6b3 a2b3 d8d7 f3f4 a8d8,-275
8/6pk/2bq4/pp5p/2p1P2P/2Pr1P2/P3Q1K1/3RB3 w - -,d1d3 c4d3 e2d2 a5a4 e1g3 d6d7 g3f4 a4a3 g2g3 d7d8,-17
2r1r1k1/pb2pp1p/1p3bp1/3P4/1q2N3/3Q1N2/PP3PPP/3RR1K1 w - -,a2a3 b4a4 e4f6 e7f6 d5d6 c8d8 e1e8 a4e8 h2h4 e8e4,-25
r4q1k/1p3prp/p1n2Pp1/5bQ1/3P1R1R/2P5/PP2B1PP/7K w - -,d4d5 c6e5 f6g7 f8g7 f4f1 f7f6 g5g3 a8e8 h4d4 g7d7,418
r5k1/ppp2ppp/4b3/8/8/2PB4/P4nPP/2K1R3 w - -,d3c2 a8d8 c1b1 f2g4 c2b3 g4f6 b1b2 h7h6 e1d1 d8d1,-628
2Q5/5pk1/5q1r/1pp3n1/8/1R6/2RN1PPb/5K2 w - -,g2g3 h2g1 c8c5 h6h1 f1e2 g5e6 b3f3 e6d4 e2e3 d4c2,-3
r4q1k/1p3prp/p4Pp1/3PnbQ1/5R1R/2P5/PP2B1PP/7K w - -,f6g7 f8g7 f4f1 f7f6 g5g3 g7d7 h4d4 a8e8 d5d6 e5c6,425
5rk1/ppr2pp1/4p2p/8/8/2P1RP2/P1P2P1P/3R2K1 w - -,d1b1 b7b6 b1b3 f8c8 b3a3 c7e7 e3d3 c8c5 d3d4 e7c7,-165
r2q2k1/3b1pb1/p4np1/2BPr3/P1p4p/2N2QNP/1P4P1/R4RK1 w - -,c5d4 e5e8 g3e4 d7f5 d4f6 g7f6 e4f6 d8f6 f3f4 a8b8,49
8/6p1/5p1p/2k1b2P/6P1/8/BpK5/8 w - -,c2d3 c5d6 d3e4 d6c6 e4d3 c6d7 d3e2 f6f5 g4f5 d7e8,-17
1r1b1rk1/2N2p1p/BP1p1p2/Q2Pp3/6q1/2P5/1P3PPP/5RK1 w - -,a6b5 g4c8 b5c6 f6f5 f2f4 e5e4 b2b4 b8b6 a5b6 d8c7,95
r1b3k1/ppp2ppp/8/8/8/2Pn4/P5PP/2K1R3 w - -,c1d2 d3e1 d2e1 g8f8 c3c4 f8e7 c4c5 c8e6 e1d2 e7f6,-1106
rnbqkbnr/1pp2ppp/p7/8/2pPp3/P3P3/1P3PPP/RNBQKBNR w KQkq -,d1c2 g8f6 f1c4 b7b5 c4a2 f8d6 b1c3 c8b7 g1e2 e8h8,-7
1r6/2r1kp1p/4pp2/p7/2pR4/1P3P2/PKP3PP/3R4 w - -,b2a3 c4b3 c2b3 f6f5 a3a4 h7h5 g2g3 c7b7 d4d6 h5h4,3
8/k1p1Q3/p1P3P1/8/1P5p/K1q4P/4R3/8 w - -,a3a2 c3c4 a2b2 c4d4 b2c2 d4c4 c2d1 c4b3 d1d2 b3b2,1330
8/6pk/2bq4/pp5p/4P2P/2Pp1P2/P3Q1K1/4B3 w - -,e2d2 a5a4 e1f2 a4a3 f2d4 d6e6 g2f2 c6d7 f2e3 e6e7,-11
rnbq1rk1/5p1p/p4p2/3pp3/pb6/2NP1N2/PPP2PPP/R2Q1RK1 w - -,a1b1 g8h8 d3d4 e5e4 f3h4 f8g8 d1h5 c8e6 f2f4 b8c6,-814
4N2k/5p2/p2p2pb/5B2/2P5/7P/P4PK1/8 w - -,e8d6 h8g7 c4c5 h6f4 f5d3 g7f6 d3c4 g6g5 d6f7 a6a5,673
8/3k1ppp/2pp4/p7/5N2/5P2/PP1K2PP/8 w - -,d2c3 d7c7 b2b4 a5b4 c3b4 g7g6 f4h3 f7f6 h3f4 c7c8,450
8/8/8/2k5/1n2K2Q/8/8/8 w - -,d2c3 d7c7 b2b4 a5b4 c3b4 g7g6 f4h3 f7f6 h3f4 c7c8,Mate
rnbqkb1r/1pp2ppp/p4n2/8/2BPp3/P3P3/1P3PPP/RNBQK1NR w KQkq -,c4a2 f8d6 b1c3 e8h8 f2f3 e4f3 g1f3 c7c5 d4c5 d6c5,9
2r1r1k1/pb3p1p/1p3pp1/3P4/1q6/3Q1N2/PP3PPP/3RR1K1 w - -,e1e8 c8e8 d5d6 e8d8 d1d2 b7e4 a2a3 e4d3 a3b4 d3e4,-69
rn1qk2r/pp3ppp/4pn2/3pNb2/1b1P4/2N4P/PPP2PP1/R1BQKB1R w KQkq -,g2g4 f5g6 h3h4 h7h5 e5g6 f7g6 g4h5 g6h5 d1e2 d8d6,11
8/3kb3/4p1p1/3PP1Bp/4P2P/8/2K5/8 w - -,g2g4 f5g6 h3h4 h7h5 e5g6 f7g6 g4h5 g6h5 d1e2 d8d6,Mate
rnbq1rk1/5p1p/p7/3ppp2/p6N/2PP4/P1P2PPP/R2Q1RK1 w - -,c3c4 d8h4 c4d5 b8d7 d1f3 d7f6 d5d6 a8b8 a1b1 c8e6,-823
r5k1/1pp1rppp/p2p4/4p3/1PB1P3/BQ1PK3/P5q1/R7 w - -,b3d1 b7b5 c4b3 d6d5 b3d5 c7c6 d5b3 e7d7 d1f1 g2h2,-332
2r2rk1/p4pp1/4p2p/1p6/8/2P1RP2/P1P2P1P/3R2K1 w - -,g1g2 c8c4 d1d7 a7a6 a2a3 c4a4 e3e4 a4a3 c3c4 f8c8,-115
r3r1k1/5p2/pq3Bp1/3P1b2/P1p5/5QpP/1P4P1/R4R1K w - -,f3c3 b6e3 f1f3 e3c3 f3c3 a8b8 c3c4 b8b6 f6c3 e8e2,43
rn1q1rk1/ppp2pbp/3pbnp1/4p3/2P5/1P3NP1/PB1PPPBP/RN1Q1RK1 w - -,b1c3 f8e8 d2d3 h7h6 a1c1 d8d7 e2e4 c7c6 d3d4 e6g4,43
r1bqk2r/1p1nbppp/p1n1p3/2ppP3/P7/2NP1N2/BPP2PPP/R1BQK2R w KQkq -,d3d4 c5d4 c3e2 d7e5 f3e5 c6e5 e2d4 e8h8 e1h1 c8d7,-158
1r6/p1r1kp1p/4p3/5p2/2pR4/1P3P2/PKP3PP/3R4 w - -,d4h4 a7a5 d1d4 c4b3 a2b3 b8c8 d4d2 h7h5 h4d4 e7f6,17
2r4k/4p2p/5bp1/p1B5/8/1r6/1P1R1PPP/R5K1 w - -,c5e3 b3b5 g2g3 h8g8 a1a2 g8f7 g1g2 h7h5 h2h4 c8a8,-3
rnbqkb1r/p3pppp/5n2/1p6/3P4/1p2P3/5PPP/RNBQKBNR w KQkq -,c1b2 c8d7 d1b3 a7a6 b1c3 b5b4 c3d5 f6d5 b3d5 b8c6,-66
4b3/6pk/3q4/pp5p/4P2P/2Pp1P2/P2Q2K1/4B3 w - -,d2g5 d6e6 g5f5 e6f5 e4f5 e8d7 f5f6 g7f6 g2f2 h7g6,-6
4r1k1/pb3p1p/1p3pp1/3P4/1q6/3Q1N2/PP3PPP/3R2K1 w - -,d5d6 e8d8 a2a3 b4b2 h2h4 b2a2 h4h5 a2e6 h5h6 e6g4,-66
rnb2rk1/5p1p/p4q2/3ppp1Q/p6N/2PP4/P1P2PPP/R4RK1 w - -,d3d4 h7h6 f2f4 e5e4 g2g4 f5g4 h4g2 b8c6 g2e3 c6e7,-653
8/k1p5/p1P3P1/4q3/1P5p/K6P/4R3/8 w - -,d3d4 h7h6 f2f4 e5e4 g2g4 f5g4 h4g2 b8c6 g2e3 c6e7,Mate
4r1k1/4rpp1/2pb4/pp1p1Pq1/3Pn3/3B1Q2/PPP1N3/2K2R1R w - -,f3e3 g5e3 c1b1 e4d2 b1a1 d2f1 a2a4 e3f3 d3e4 e7e4,Mate
r2qkb1r/pp1n1ppp/2p1p1n1/3pP3/3P4/2PQ4/PP2NPPP/RNB2RK1 w kq -,g2g3 g6e7 h2h4 c6c5 h4h5 e7f5 b1d2 d8g5 e2f4 g5g4,58
r1b1kb1r/pp3ppp/1qn1p3/3pPn2/1P1p1B2/P1P2N2/5PPP/RN1QKB1R w KQkq -,f1e2 d4c3 b1c3 f5d4 e1h1 d4e2 d1e2 f8e7 c3b5 e8h8,-49
3r2k1/4r2p/2pqpppP/p2n4/Pp1P4/2P2BP1/1PQ2PK1/R3R3 w - -,c3c4 d5c7 c2e4 e6e5 d4e5 e7e5 e4c6 d6c6 f3c6 e5e1,161
r1b2rk1/pp1pppbp/6p1/n7/1n1P4/1PN1PNB1/1P2BPPP/2KR3R w - -,e3e4 d7d6 c1b1 h7h6 c3a2 b4a2 b1a2 a5c6 d1d2 c8d7,-155
r6k/1p1R3p/2p4b/p1N1P3/6Q1/1P2K1p1/P4rq1/B2R4 w - -,e3d3 f2f3 g4f3 g2f3 d3c2 f3f2 c2b1 f2f5 c5d3 h8g8,Mate
4b3/6pk/8/pp4Qp/4P2P/q1Pp1P2/P5K1/4B3 w - -,g5d2 a3d6 d2g5 d6e6 g5f5 e6f5 e4f5 e8d7 f5f6 g7f6,-6
r1b1kb1r/pp2nppp/1qn1p3/3pP3/1P1p1BP1/P1P2N2/5P1P/RN1QKB1R w KQkq -,f1e2 d4c3 b1c3 e7g6 f4g3 h7h5 g4h5 h8h5 e1h1 c6e5,-77
r4rk1/p1pq1ppp/2Nnp3/3n4/1P1P1B2/6P1/1P2PPBP/3Q1RK1 w - -,d1c2 d5f4 g3f4 f7f6 d4d5 e6d5 f1d1 g8h8 d1d5 f8g8,17
r3k2r/p4ppp/bq2pn2/2pp4/3BP3/P4B2/1PP2PPP/R2QK2R w KQkq -,d4c3 d5e4 f3e2 a8d8 d1c1 a6e2 e1e2 e8h8 c3f6 g7f6,-244
8/p6p/8/2Pk4/P7/1N6/8/7K w - -,h1h2 d5e6 h2h3 e6e5 h3g3 e5e6 g3h4 e6e5 h4h5 e5d5,1710
3r2k1/2n1r2p/2pqpppP/p7/PpPP4/5BP1/1PQ2PK1/R3R3 w - -,c2e4 c6c5 d4c5 d6c5 a1d1 d8f8 d1d2 e6e5 e1d1 f6f5,200
8/8/8/2N2B2/2k5/8/3K4/8 w - -,c5d3 c4d4 d2e2 d4d5 e2e3 d5d6 e3e4 d6e7 d3f4 e7f7,169
rnb3rk/5p1p/p4q2/3p1p1Q/p2PpP1N/2P5/P1P3PP/4RRK1 w - -,g1h1 b8c6 c3c4 d5c4 g2g3 c6b4 h4g2 b4d5 c2c3 a8b8,-838
r3kb1r/1p2pppp/p7/2p2n2/5B2/2NP2KP/PPP2P2/2R2R2 w kq -,g3g2 f7f6 c3e4 a8c8 c2c3 e7e5 f4e3 f8e7 d3d4 c5d4,-203
r3r2k/1pp2ppp/p2p4/4p3/1PB1P3/BQ1PK3/P5q1/R7 w - -,b3b2 g2g5 e3e2 c7c6 a1f1 d6d5 c4b3 d5e4 d3e4 a8d8,-368
r1r5/5pkp/pp3n2/3p2p1/3P4/1P1N1P2/P5PP/2R2RK1 w - -,g1f2 a6a5 d3b2 a8b8 b2a4 f6g8 c1c8 b8c8 f1e1 c8c6,25
8/8/p7/6kp/1PK2p2/P4P2/8/8 w - -,,0
8/8/p7/6k1/1P3p1p/P2K1P2/8/8 w - -,,0
r1bqk2r/1p1nbp1p/p1n1p3/2ppP1p1/P7/2NP1N2/BPP1QPPP/R1B1K2R w KQkq -,a2b3 h7h5 h2h3 h8g8 g2g4 d8c7 g4h5 d7e5 f3e5 c7e5,-161
1r6/p1r1kp1p/4p3/8/2pR2p1/1P3P2/PKP4P/3R4 w - -,d1f1 g4f3 f1f3 f7f5 d4h4 e7d6 b2c1 b8g8 b3c4 g8g5,-148
8/4b3/4k1p1/4P1Bp/4P2P/8/2K5/8 w - -,,0
8/8/8/3k1B2/8/3N4/3K4/8 w - -,d2e3 d5d6 e3e4 d6e7 d3f4 e7f7 f4h5 f7g8 e4d4 g8h8,9605
r1b2rk1/pp2q1b1/2pp3p/2n2pp1/2PNP3/2NBBPnP/PP1Q1RP1/3R2K1 w - -,c3e2 c5d3 d2d3 f5e4 f3e4 g3e4 f2f8 g7f8 d1f1 c8d7,-112
4r1k1/4rpp1/2pb1q1p/pp1p1P2/3Pn1PP/3B1Q2/PPP1N3/2K2R1R w - -,f1g1 g7g5 g1g2 b5b4 c1d1 a5a4 d3e4 e7e4 h4g5 h6g5,-185
r4r1k/1pp2Bpp/p2p4/4p3/1P2P3/BQ1PK3/P5q1/R7 w - -,a1c1 c7c6 b3e6 g2g3 e3d2 g3f4 d2c2 f4f7 e6f7 f8f7,-579
8/2p5/pkP3P1/4R3/1P5p/K6P/8/8 w - -,a1c1 c7c6 b3e6 g2g3 e3d2 g3f4 d2c2 f4f7 e6f7 f8f7,Mate
rn1qkbnr/pp1bpppp/8/2p1P3/3p1P2/8/PPPPN1PP/R1BQKBNR w KQkq -,g1f3 e7e6 e2g3 d7c6 f1e2 f8e7 a2a4 h7h5 d2d3 g7g6,5
8/7p/p7/2Pk4/P7/1N6/6K1/8 w - -,g1f3 e7e6 e2g3 d7c6 f1e2 f8e7 a2a4 h7h5 d2d3 g7g6,Mate
8/rK4k1/3R1p2/6p1/8/8/8/8 w - -,b7a7 g7g6 a7b6 g6f5 b6c5 f5e5 d6d4 e5f5 c5c4 f5e5,9605
r1bqrnk1/5pp1/1pp2p1p/p1P2P2/1PBP4/8/P2QN1PP/4RRK1 w - -,e2g3 e8e1 f1e1 a5b4 c5b6 c8a6 b6b7 a6b7 d2b4 d8d4,97
3r2k1/pb3p1p/1p1P1pp1/8/1q6/3Q1N2/PP3PPP/3R2K1 w - -,a2a3 b4b2 h2h4 b2a2 h4h5 a2e6 h5h6 e6g4 f3e1 d8e8,-37
8/3k1p1p/2pp2p1/p6N/8/5P2/PP1K2PP/8 w - -,h5f6 d7e7 f6h7 f7f6 g2g4 g6g5 f3f4 g5f4 d2e2 c6c5,451
8/8/n7/2k5/4K3/6Q1/8/8 w - -,h5f6 d7e7 f6h7 f7f6 g2g4 g6g5 f3f4 g5f4 d2e2 c6c5,Mate
r3k2r/pp2p1b1/2q2npp/4p3/8/1QN5/PP3PPP/R1BR2K1 w - -,c1e3 e8f8 a1c1 c6e8 e3a7 h6h5 a7e3 a8b8 h2h3 e8f7,268
1r6/p1r1kp2/4p3/7p/2pR2P1/1P6/PKP4P/3R4 w - -,g4g5 b8b5 h2h4 c4c3 b2b1 a7a5 a2a3 b5b3 c2b3 c3c2,3
rnbq1rk1/ppp1bppp/4pn2/8/2pP4/2N1P1P1/PP2NP1P/R1BQKB1R w KQ -,e2f4 b8c6 f1c4 e6e5 f4d5 f6d5 c4d5 c8h3 d5c6 b7c6,-88
rnbqk1nr/ppp3pp/4p3/5p2/1b6/2N5/PPPP1PPP/RNBQKB1R w KQkq -,d2d4 g8f6 f1b5 c8d7 e1h1 e8h8 b5c4 b8c6 c1f4 c6a5,-11
8/6pk/2b3q1/pp5p/2p1P2P/2Pr1P2/P3Q1K1/3RB3 w - -,g2f2 g6d6 d1d3 c4d3 e2d2 c6e8 f2e3 d6c5 e3d3 e8f7,-10
8/2p3P1/p1k5/4R3/1P5p/K6P/8/8 w - -,g2f2 g6d6 d1d3 c4d3 e2d2 c6e8 f2e3 d6c5 e3d3 e8f7,Mate
3r2k1/pb3p1p/1p1P1pp1/8/8/P2Q1N2/1q3PPP/3R2K1 w - -,h2h4 g8g7 h4h5 b7f3 d3f3 b2e5 d1d5 e5e6 f3d1 d8d7,-33
6k1/p1p3pp/8/2R5/2P3P1/1r5P/8/6K1 w - -,,0
rnb4k/5p1p/p4q2/3p1p1Q/p2PpPrN/2P1R3/P1P3PP/5RK1 w - -,c3c4 g4h4 h5e2 b8d7 c4d5 f6d4 f1d1 d4c5 e2f2 h4h6,-953
8/4k3/6p1/4P2p/4P2P/8/2K5/8 w - -,,0
6Q1/1kp5/p7/4R3/1P5p/K6P/8/8 w - -,c2d3 e7f7 d3e3 f7e7 e3f4 e7e6 f4g5 e6e5 g5g6 e5e4,Mate
8/p6p/8/2P5/P1k5/1N6/6K1/8 w - -,c2d3 e7f7 d3e3 f7e7 e3f4 e7e6 f4g5 e6e5 g5g6 e5e4,Mate
r6k/1p1R3p/2p4b/p1N1P3/3K1rQ1/1P4p1/P5q1/B2R4 w - -,d4c3 f4g4 d1d6 g2h1 d6d1 h1f3 c3b2 f3f2 b2b1 f2f5,-843
1r6/p1r1kp2/4p3/8/2pR2p1/1P5P/PKP5/3R4 w - -,d1h1 g4h3 h1h3 e6e5 d4d5 e7e6 d5a5 f7f6 c2c3 b8b6,-150
r1r1b1k1/1RB2ppp/2p1pq2/2Pp4/3P4/PQP2N2/5PPP/4n1K1 w - -,c7d6 e1f3 g2f3 f6f3 b7e7 f3g4 d6g3 e6e5 b3b1 e8d7,-551
8/2R5/p3p3/4Np2/3k1P2/2n1p1P1/r6P/5K2 w - -,e5c6 d4e4 c7e7 e3e2 f1f2 a2a1 e7e6 e4d5 e6e2 c3e2,-539
r1b1k2r/1pqnbp1p/p1n1p3/2ppP1p1/P7/2NP1N1P/BPP1QPP1/R1B1K2R w KQkq -,a2d5 c6d4 e2d1 e6d5 c3d5 c7c6 c2c4 d4f3 d1f3 d7f8,-146
r2qrnk1/5pp1/b1p2p1p/2P2P2/2BP4/8/3QN1PP/4RRK1 w - -,c4a6 a8a6 h2h3 a6a3 e2c3 e8e1 f1e1 d8d7 e1f1 d7b7,29
rn1qk1nr/pppb2pp/4p3/1B3p2/1b6/2N5/PPPP1PPP/RNBQK2R w KQkq -,,0
6Q1/1kp5/8/p1R5/1P5p/K6P/8/8 w - -,d1h5 g7g6 h5e2 b8c6 e1h1 c6d4 e2e5 d8f6 e5c7 a8d8,Mate
8/K7/3R1pk1/6p1/8/8/8/8 w - -,d1h5 g7g6 h5e2 b8c6 e1h1 c6d4 e2e5 d8f6 e5c7 a8d8,Mate
8/4k2N/2pp1pp1/p7/8/5P2/PP1K2PP/8 w - -,g2g4 d6d5 g4g5 f6g5 h7g5 e7f6 g5h3 f6f5 b2b3 c6c5,510
1rbq1rk1/pp3pbp/2np1np1/2p1p3/2P5/1P1P1NP1/PB1NPPBP/R2Q1RK1 w - -,a1b1 f8e8 b1c1 b7b6 d2e4 f6e4 d3e4 a7a6 h2h4 b6b5,-20
rn2k1nr/pppq2pp/4p3/5p2/1b6/2N5/PPPP1PPP/RNBQK2R w KQkq -,c3e2 b8c6 c2c3 b4d6 d2d4 e6e5 d4e5 c6e5 c1f4 e8a8,-49
2r1r3/1k2n3/1p2p1pp/p1p1P3/P2RKPP1/BP5P/8/3R4 w - -,d4d6 e7c6 a3b2 c8c7 h3h4 h6h5 g4h5 g6h5 d1g1 c6d8,160
8/p6p/2P5/3k4/P7/1N6/6K1/8 w - -,d4c4 c8d8 d1d6 e7d5 c4c1 d8d6 e5d6 e8d8 c1g1 d8d6,Mate
r6k/1p1R3p/2p4b/p1N1P3/6Q1/1P1K1rp1/P5q1/B2R4 w - -,g4f3 g2f3 d3c2 f3f2 c2b1 f2f5 d7d3 g3g2 e5e6 h6g7,Mate
5rk1/5pp1/4p2p/ppr5/8/P1P1RP2/2P2P1P/1R4K1 w - -,b1a1 f8d8 a3a4 b5a4 a1a4 d8d2 g1g2 d2c2 f3f4 g7g6,-195
2rr2k1/q4ppp/4pn2/8/Pp1B4/4P3/5PPP/R1R3K1 w - -,c1c2 a7e7 c2b2 g8h8 a4a5 e6e5 d4b6 d8g8 f2f4 e5f4,-685
r2qkb1r/p2n1pp1/2p1p1n1/1p1pP2p/3P3P/2PQ2P1/PP2NP2/RNB2RK1 w kq -,c1g5 f8e7 g5e7 g6e7 b1d2 c6c5 e2f4 e7f5 f4d5 c5d4,89
5rk1/5ppp/1Rp2n2/3p4/3N4/2P1P1P1/5KBP/3b4 w - -,b6c6 f6g4 f2g1 g4e3 c6c5 g7g6 g2d5 f8b8 h2h3 e3d5,-3
6Q1/2p5/1k6/pPR5/7p/K6P/8/8 w - -,b6c6 f6g4 f2g1 g4e3 c6c5 g7g6 g2d5 f8b8 h2h3 e3d5,Mate
r1bqk2r/pppp1ppp/8/4n3/1bP1n3/2N5/PP2NPPP/R1BQKB1R w KQkq -,c1e3 d8e7 a2a3 b4c3 e2c3 e4c3 b2c3 b7b6 f1e2 c8b7,-150
3r2k1/2p1rppp/p1Bp4/1p2p3/1P2P3/1Q1PK3/PB4q1/R7 w - -,b2c3 d6d5 e4d5 e5e4 a1e1 e4d3 e3d3 g2g3 d3c2 e7e1,-609
r2r2k1/pb2qppp/1pp1n3/8/3PP3/4B1P1/PP3PBP/R2QR1K1 w - -,d4d5 c6d5 e4d5 d8d5 g2d5 a8d8 d1c2 d8d5 a1d1 d5d1,180
r3kb1r/pp2pppp/2p2n2/3n1b2/3P4/2N1PN2/PP3PPP/R1B1KB1R w KQkq -,c1d2 d5b4 e1e2 g7g6 f3e5 f8g7 f2f3 f6d7 e5d7 f5d7,33
r3k2r/p4p1p/b3pp2/2pP4/8/P4B2/1qP2PPP/R2QK2R w KQkq -,f3e2 b2c3 e1f1 a6e2 f1e2 e8a8 d1d3 c3e5 d3e3 d8d5,-174
r2q1rk1/1p3pp1/1pn1b2p/3n4/3p1B2/PN4P1/1P2PPBP/2RQ1RK1 w - -,b3d4 d5f4 d4c6 d8d1 c6e7 g8h8 c1d1 f4g2 g1g2 a8a5,63
r1b1kb1r/pp5p/1qn1p3/3p1np1/1P1P4/P3B3/5PPP/RN1QKB1R w KQkq -,f1d3 b6c7 b1c3 c7f7 d3f5 f7f5 c3b5 f5f7 h2h4 a7a6,-325
8/6pk/2b2q2/pp5p/2p1P2P/2P2P2/P3Q1K1/3rB3 w - -,,0
1r6/p1r1kp1p/5p2/4p3/3R4/1Pp2P2/P1P3PP/1K1R4 w - -,d4h4 b8d8 d1d3 d8g8 g2g3 f6f5 h4h7 e7e6 a2a3 c7c8,48
r2qkb1r/1p2pppp/p1n2n2/3p4/3PbB2/2N1PN2/PP2BPPP/R2QK2R w KQkq -,c3e4 f6e4 e1h1 e7e6 f3e5 c6e5 f4e5 f7f6 f2f3 e4d6,50
3r2k1/B4ppp/4p3/P7/1p6/2n1P3/5PPP/2R3K1 w - -,g1h1 b4b3 h2h3 d8c8 a7d4 b3b2 c1c3 b2b1q h1h2 c8c3,-534
r1bqkb1r/pppp1p1p/2n1pn2/8/2PP2p1/2N1PN2/PP3PPP/R1BQKB1R w KQkq -,f3e5 h7h5 e3e4 d7d6 e5c6 b7c6 h2h3 e6e5 c1g5 h8g8,97
r1bk1b1r/pp5p/1qn1p3/3p1npQ/1P1P4/P3B3/5PPP/RN2KB1R w KQ -,b1d2 c6d4 e3g5 f8e7 f1d3 b6d6 g5e3 c8d7 e1h1 a8c8,-375
r2r2k1/pb3ppp/1pp1n3/3P4/1q2P3/4B1P1/PP3PBP/R2QR1K1 w - -,e1e2 c6d5 e4d5 e6f8 e2d2 h7h6 a1c1 a8c8 c1c8 b7c8,241
4r3/1krRn3/1p2p1pp/p1p1P3/P3KPP1/BP5P/8/3R4 w - -,d1d6 e7c8 d6d3 c8e7 a3c1 h6h5 c1e3 h5g4 h3g4 e7g8,80
r1bq1rk1/pp3pbp/4pnp1/2ppn1B1/2B5/2PP1N2/PP2NPPP/R2QK2R w KQ -,f3e5 d5c4 e5c4 b7b5 c4e3 c8b7 f2f3 d8d6 d1d2 h7h6,-121
3rr1k1/4np1p/2pqp1pP/pp6/P2PB3/2P3P1/1PQ2PK1/3RR3 w - -,a4b5 c6b5 c2d3 d6b6 d3f3 f7f5 e4d3 e7d5 e1e5 d5c7,160
6r1/p1r1kp1p/5p2/4p3/7R/1Pp2P2/P1P3PP/1K1R4 w - -,g2g3 f6f5 h4h7 e7e6 h7h4 g8b8 b1c1 f7f6 a2a3 a7a5,89
r4rk1/1b2qppp/1p6/pN5Q/3P4/3nP3/PP3PPP/R1R3K1 w - -,c1d1 d3b2 d1c1 a8c8 c1c8 f8c8 h2h3 g7g6 h5g4 b2c4,-334
3r2k1/2p2ppp/p1Bpr3/1p2p1q1/1P2P3/1Q1P4/PB2K3/2R5 w - -,c1f1 e6f6 f1f6 g5f6 b3d1 f6e6 d1g1 e6a2 g1c1 a2e6,-290
3r4/1q3pbk/p4np1/2pPBb1p/P1p5/2N3QP/1P4P1/3R1R1K w - -,f1f5 g6f5 g3g5 b7b6 d5d6 f6e8 g5h5 h7g8 c3d5 d8d6,566
r1bk3r/pp2b2p/1qn1p3/3p1nBQ/1P1P4/P7/5PPP/RN2KB1R w KQ -,b1c3 b6d4 a1c1 c8d7 c3e2 d4g7 g5f4 e7d6 f4d2 a8c8,-492
2n1r3/1krR4/1p1Rp1pp/p1p1P3/P3KPP1/BP5P/8/8 w - -,f4f5 g6f5 g4f5 e6f5 e4f5 e8f8 f5e4 c8d6 d7d6 f8f1,-284
3rr1k1/4np1p/3qp1pP/pp6/3PB3/2P3P1/1PQ2PK1/3RR3 w - -,c2d3 d8b8 b2b3 e7f5 d3d2 e6e5 d4d5 b8d8 d2g5 f7f6,142
8/6pk/2b2q2/p6p/1pp1P2P/2P2P2/P5K1/3QB3 w - -,,0
rnb1kb1r/pp1p1ppp/4p3/q2n4/3Q1B2/2N5/PPP1PPPP/R3KBNR w KQkq -,f4d2 d5c3 d2c3 b8c6 d4d2 f8b4 c3b4 c6b4 c2c3 b4c6,3
8/4k3/8/4P1pp/4P2P/3K4/8/8 w - -,f4d2 d5c3 d2c3 b8c6 d4d2 f8b4 c3b4 c6b4 c2c3 b4c6,Mate
8/6p1/3k1p1p/4b2P/6P1/3K4/Bp6/8 w - -,a2b1 f6f5 g4f5 d6e7 f5f6 g7f6 d3e4 e7d6 e4f5 e5c3,-45
8/p6p/2k5/2P5/P7/1N6/6K1/8 w - -,a2b1 f6f5 g4f5 d6e7 f5f6 g7f6 d3e4 e7d6 e4f5 e5c3,Mate
r2r2k1/pb3ppp/1pp1n3/3P4/4P3/6P1/Pq1B1PBP/R2QR1K1 w - -,d2e3 c6d5 e4d5 d8d7 e1e2 b2f6 e2d2 e6f8 a2a4 a8d8,88
r2q1rk1/2p2pp1/p1pbpn1p/3p4/3P3B/2N1P3/PPP1QPPP/R3K2R w KQ -,a1b1 c6c5 d4c5 d6c5 c3a4 c5e7 b2b3 d8b8 e1h1 b8b5,-15
2r4k/3b1p2/p2q1p1p/3p4/8/1P1B1NbP/P4P2/3QR2K w - -,f2g3 d6g3 d3f1 c8g8 e1e3 d7h3 d1e2 h3f5 e2h2 g3g6,80
8/6pk/2b3q1/p6p/1pp1P2P/2P2P2/P1Q3K1/4B3 w - -,g2f2 c6e4 f3e4 b4b3 a2b3 g6b6 f2f1 c4b3 c2e2 g7g6,-17
r1bqk2r/1p1nbp2/p1n1p2p/2ppP1p1/P7/2NP1N1P/BPP1QPP1/R1B1K2R w KQkq -,c1d2 d8c7 e1h1 d7e5 f3e5 c7e5 e2e5 c6e5 a4a5 c8d7,-149
6k1/p1p3pp/2R5/2p5/2P3P1/rP5P/8/6K1 w - -,,0
3rr1k1/4np1p/3qp1pP/p7/1p1PB3/2PQ2P1/1P3PK1/3RR3 w - -,c3c4 d6c7 d4d5 e7c8 d3f3 f7f5 e4c2 e6e5 c2a4 e8e7,192
r4nk1/5pp1/2p2p1p/2P2P2/3q4/1B6/4Q1PP/5RK1 w - -,f1f2 a8a1 e2f1 a1f1 g1f1 d4a1 f1e2 f8d7 f2f3 d7e5,Mate
r6k/1p1R2bp/2p5/p1N1P3/6Q1/1P1K1rp1/P5q1/B2R4 w - -,g4f3 g2f3 d3c2 f3f2 c2b1 f2f5 b1c1 g7e5 a1e5 f5e5,Mate
8/p6p/8/2Pk4/P7/1N5K/8/8 w - -,g4f3 g2f3 d3c2 f3f2 c2b1 f2f5 b1c1 g7e5 a1e5 f5e5,Mate
r1bqkb1r/ppp2p1p/2n1pn2/3p2N1/2PP2p1/2N1P3/PP3PPP/R1BQKB1R w KQkq -,e3e4 h7h6 e4e5 h6g5 c1g5 f8e7 e5f6 e7f6 g5f6 d8f6,7
8/5k1N/2pp1pp1/p7/5P2/8/PP1K2PP/8 w - -,d2c3 d6d5 b2b4 a5a4 c3b2 f7e6 h7f8 e6f5 b2c3 f5e4,502
8/8/nk6/6Q1/4K3/8/8/8 w - -,d2c3 d6d5 b2b4 a5a4 c3b2 f7e6 h7f8 e6f5 b2c3 f5e4,Mate
8/p6p/2k5/2P5/P6K/1N6/8/8 w - -,d2c3 d6d5 b2b4 a5a4 c3b2 f7e6 h7f8 e6f5 b2c3 f5e4,Mate
r1bq1rk1/pp3pbp/4pnp1/2p1N1B1/2p5/2PP4/PP2NPPP/R2QK2R w KQ -,e5c4 b7b5 c4e3 h7h6 g5h4 a7a5 e1h1 c8a6 f1e1 d8b6,-124
rn2kb1r/pbppqppp/1p3p2/8/3PP3/3B4/PPP2PPP/RN1QK1NR w KQkq -,d1e2 f6f5 b1c3 f5e4 d3e4 b7e4 c3e4 d7d5 e4c3 c7c6,-18
8/p6p/8/2Pk3K/P7/1N6/8/8 w - -,d1e2 f6f5 b1c3 f5e4 d3e4 b7e4 c3e4 d7d5 e4c3 c7c6,Mate
2r2rk1/pp3pp1/4p2p/8/8/2b1RP2/PPP2P1P/3R2K1 w - -,a2a4 c3b2 e3b3 c8c2 b3b7 b2a3 a4a5 a3c5 a5a6 c2f2,-561
r4rk1/2pq2pp/p1N1pp2/1n6/1P1P1P2/3Q4/1P2PPBP/R5K1 w - -,d4d5 g8h8 d3h3 a8e8 a1a6 g7g5 a6a5 b5d6 f4g5 f6g5,29
r1b1k2r/1pqnbp2/p1n1p2p/2ppP1p1/P7/2NP1N1P/BPPBQPP1/R3K2R w KQkq -,e1h1 d7e5 f3e5 c7e5 e2h5 c8d7 a1e1 e5d6 a4a5 c6d4,-158
2r4k/3b1p2/p4p1p/3p4/8/1P1B1NqP/P7/3QR2K w - -,e1g1 g3h3 f3h2 d5d4 d3e4 h3h4 e4b7 c8c7 b7f3 d7f5,40
8/p6K/8/2Pk4/P7/1N6/8/8 w - -,d3f1 c8g8 d1e2 d5d4 f1g2 d7h3 e1g1 d4d3 e2f1 h3f5,Mate
3rr1k1/5p1p/3qp1pP/p4n2/1pPPB3/3Q2P1/1P3PK1/3RR3 w - -,e4f5 g6f5 d3e3 f5f4 g3f4 g8h8 d4d5 f7f6 c4c5 d6f8,251
8/p7/5K2/2Pk4/P7/1N6/8/8 w - -,c4c5 d6c7 e4f5 g6f5 d3e3 c7c6 g2g1 f7f6 d4d5 d8d5,Mate
r1b5/p2k4/1p1p2r1/B3p3/2BnP3/2NP4/PPP2KPP/R4R2 w - -,f2g1 b6a5 f1f7 d7d8 f7f8 d8d7 a1f1 g6g7 c3d5 d4e2,604
r2q1rk1/1p3pp1/1pn1b2p/8/3N1n2/P5P1/1P2PPBP/2RQ1RK1 w - -,d4e6 f4e6 e2e3 d8d1 f1d1 f8d8 d1d8 a8d8 g1f1 g8f8,-280
rnbqkbnr/ppp2ppp/4p3/8/8/1P1Pp3/PBP2PPP/RN1QKBNR w KQkq -,d1e2 f8b4 c2c3 e3f2 e2f2 b4d6 d3d4 g8f6 g1f3 e8h8,-109
8/p7/2k5/2P2K2/P7/1N6/8/8 w - -,d1e2 f8b4 c2c3 e3f2 e2f2 b4d6 d3d4 g8f6 g1f3 e8h8,Mate
r2r2k1/pb3ppp/1p2n3/3P4/8/6P1/Pq1B1PBP/R2QR1K1 w - -,d5e6 b7g2 e6e7 g2d5 d2c3 b2a3 e1e3 a3d6 e7d8r a8d8,513
8/6p1/5p1p/2k1b2P/6P1/3K4/B7/1q6 w - -,a2b1 f6f5 g4f5 c5d6 b1a2 e5f4 d3e4 f4c1 a2e6 c1d2,Mate
3r2k1/B4ppp/4p3/P7/8/1pn1P3/5PPP/2R2K2 w - -,e3e4 b3b2 c1e1 d8d1 e1d1 c3d1 h2h3 b2b1q g2g4 f7f6,-632
8/8/p1k1K3/2P5/P7/1N6/8/8 w - -,e3e4 b3b2 c1e1 d8d1 e1d1 c3d1 h2h3 b2b1q g2g4 f7f6,Mate
r5k1/pb3ppp/1p2P3/8/8/6P1/Pq1r1PBP/R2QR1K1 w - -,e6f7 g8f7 d1h5 f7f8 g2b7 a8d8 h5h7 b2f6 e1f1 f6h6,587
3r2k1/B4ppp/4p3/P7/8/2R1P3/1p3PPP/5K2 w - -,g2g4 b2b1q f1g2 b1e4 g2g3 e4e5 g3h3 e5c3 a7b6 d8c8,-885
8/6p1/5p1p/3kb2P/6P1/3K4/8/1B6 w - -,,0
3rr1k1/5p1p/3q2pP/p4p2/1pPP4/3Q2P1/1P3PK1/3RR3 w - -,d4d5 e8e1 d1e1 d6c5 b2b3 a5a4 b3a4 f5f4 g3f4 c5f8,394
r1bq1rk1/p4pbp/4pnp1/1pp3B1/2N5/2PP4/PP2NPPP/R2QK2R w KQ -,c4e3 c8b7 f2f3 d8d6 d1d2 h7h6 g5h4 a8d8 a1d1 d8d7,-116
8/3k4/p7/2P1K3/P7/1N6/8/8 w - -,c4e3 c8b7 f2f3 d8d6 d1d2 h7h6 g5h4 a8d8 a1d1 d8d7,Mate
6k1/p1R3pp/8/2p5/2P3P1/1r5P/8/6K1 w - -,,0
1r6/2r1kp1p/4pp2/p7/3R4/1Pp2P2/P1P3PP/1K1R4 w - -,d1e1 e6e5 d4d5 a5a4 f3f4 b8a8 f4e5 f6f5 d5d3 h7h5,45
r1b5/p2k4/1p1p2r1/4p3/1BB1P3/2NP4/PPn2KPP/R4R2 w - -,c3d5 c8b7 f2g1 b7d5 c4d5 a8e8 d5f7 e8e6 f7g6 e6g6,609
4r3/1k6/1pn1p1pp/p1p1P3/P3KPP1/BP5P/8/3R4 w - -,a3b2 b7c7 d1d6 h6h5 g4h5 g6h5 b2a1 c6d8 f4f5 d8f7,132
r4rk1/p1p2pp1/2R5/4p1qp/4P3/5BPP/P3QPK1/1R6 w - -,f3h5 g5d8 h3h4 a7a5 e2c4 a8c8 h5f3 d8e7 b1d1 c8b8,553
r1bqkb1r/p4ppp/1pn1p3/2p5/4p3/1B6/PPPP1PPP/R1BQNRK1 w kq -,d2d3 c8a6 d1g4 f7f5 g4h5 g7g6 h5h3 f8g7 c2c3 e4d3,-160
8/6p1/3k1p1p/4b2P/6P1/3K4/B7/8 w - -,,0
8/2R5/p3p3/5p2/5P2/1knNp1P1/r6P/5K2 w - -,d3c1 b3a4 c1a2 c3a2 h2h4 a2b4 h4h5 e6e5 h5h6 e5f4,557
r2qkbnr/1p1b1pp1/p2p3p/4p3/3QP3/2N2N2/PPP2PPP/R1B2RK1 w kq -,d4e3 g8f6 f3e1 f8e7 e3g3 g7g5 e1d3 a8c8 g3f3 d7g4,-29
r2q1rk1/ppp2ppp/2n1pn2/3p1b2/3P4/2P1P1P1/PP1NBPP1/R2QK1NR w KQ -,g3g4 f5g6 g1h3 e6e5 e1h1 e5d4 c3d4 d8d6 g4g5 f6e4,32
3rr1k1/5p1p/3q2pP/3P1p2/ppP5/3Q2P1/1P3PK1/3RR3 w - -,e1e8 d8e8 d3d4 d6f8 d5d6 f8h6 d6d7 e8f8 d7d8q g6g5,742
8/8/8/2k1K3/1n6/6Q1/8/8 w - -,d3d2 e8e1 d1e1 f5f4 d2d4 f7f6 d4a7 d6f8 a7c7 f4g3,Mate
8/2k5/p7/2P1K3/P2N4/8/8/8 w - -,d3d2 e8e1 d1e1 f5f4 d2d4 f7f6 d4a7 d6f8 a7c7 f4g3,Mate
8/4k1p1/5p1p/4b2P/4K1P1/8/B7/8 w - -,,0
8/8/3P3k/3r4/8/8/2K5/6R1 w - -,g1d1 d5c5 c2b3 c5c8 d6d7 c8d8 b3b4 h6g5 b4c5 g5f5,508
6k1/p1R3pp/8/8/2P3P1/7r/8/6K1 w - -,c7a7 h3g3 g1f2 g3g4 c4c5 g4c4 a7c7 h7h5 f2e3 h5h4,-4
r2q1rk1/pb3pbp/4pnp1/1pp3B1/8/2PPN3/PP2NPPP/R2QK2R w KQ -,f2f3 h7h6 g5h4 d8d6 d1d2 f8d8 a1d1 d8d7 e1h1 f6d5,-114
r2qkb1r/pb3ppp/1pn1p3/2p5/4p1Q1/1B6/PPPP1PPP/R1B1NRK1 w kq -,b3c4 c6d4 c2c3 b6b5 c3d4 b5c4 d4c5 f8c5 g4g7 c5d4,-196
r2qrnk1/1b3pp1/2p2p1p/2P2P2/3P4/1B6/3QN1PP/4RRK1 w - -,e2g3 e8e1 f1e1 b7c8 h2h3 a8a7 d2e3 d8a5 b3c2 a5a2,166
r2qkb1r/pppbnp2/2n1p1p1/3pP2p/3P3P/2PB1N2/PP3PP1/RNBQK2R w KQkq -,c1g5 f8g7 e1h1 d8c8 d1d2 e7f5 d3f5 g6f5 g5f6 g7h6,201
2k5/2P5/p2K4/8/P2N4/8/8/8 w - -,g2g3 e7f5 c1g5 f8e7 d1d2 e7g5 h4g5 c6a5 d2f4 d8e7,Mate
r2qkbnr/ppp2ppp/2n1b3/3pp3/4P3/3PBP2/PPP3PP/RN1QKBNR w KQkq -,a2a3 g8f6 b1d2 d8d7 g1e2 d5d4 e3f2 g7g6 g2g3 h7h5,-98
5k2/6p1/5p1p/4bK1P/6P1/8/B7/8 w - -,,0
8/1kP5/p2K4/P7/3N4/8/8/8 w - -,a2b1 e5c3 b1a2 f8e7 f5e4 f6f5 e4f5 e7d6 a2e6 c3b2,Mate
r2qkb1r/pb3ppp/1pn1p3/2p5/6Q1/1B1p4/PPP2PPP/R1B1NRK1 w kq -,c2d3 d8d4 g4h5 g7g6 h5h3 h7h5 e1f3 d4g4 h3g3 g4g3,-249
1rb1qrk1/2p1nppp/p7/4p3/4P3/N1P1Q3/2B2PPP/R2R2K1 w - -,e3a7 c8g4 f2f3 g4e6 a7c7 e7g6 c2d3 b8c8 c7b7 e8d8,-25
r2qkbnr/3b1pp1/3p3p/pp2p3/PQ2P3/2N2N2/1PP2PPP/R1B2RK1 w kq -,b4a3 b5b4 a3b3 b4c3 b2c3 a8b8 b3c4 f8e7 f1d1 g8f6,-401
2Q5/k2K4/p7/P7/3N4/8/8/8 w - -,b4a3 b5b4 a3b3 b4c3 b2c3 a8b8 b3c4 f8e7 f1d1 g8f6,Mate
6k1/2p2rpp/1p1rpp2/nP6/1n1N4/4P1P1/1P3PBP/2R2RK1 w - -,c1c3 e6e5 d4c2 b4d5 c3a3 f6f5 e3e4 f5e4 f1a1 a5c4,37
8/6k1/2pp2p1/p5p1/5P1P/8/PP1K2P1/8 w - -,f4g5 d6d5 g2g4 g7g8 d2c3 c6c5 a2a3 d5d4 c3c4 g8g7,407
4r3/2k5/1pnRp1p1/p1p1P2p/P3KPP1/1P5P/1B6/8 w - -,g4h5 g6h5 b2a1 h5h4 a1c3 c6d8 f4f5 d8f7 d6d3 f7d8,125
r3kb1r/pb3ppp/1pn1p3/2p5/3q2Q1/1B1N4/PPP2PPP/R1B2RK1 w kq -,g4f4 f8d6 f4d4 c6d4 c1e3 d4b3 a2b3 e8e7 f1e1 h8d8,-242
4r2k/p5p1/5p1p/7P/1B1qb1RQ/P7/6PK/8 w - -,b4e1 d4e5 e1g3 e5e6 g3c7 e4c6 c7f4 e6f5 f4h6 g7h6,-213
1rb5/p7/1p1pk1r1/1B1Np3/1B2P3/3P4/PPn2KPP/R4R2 w - -,f2g1 c2d4 b5e8 g6h6 f1f7 b8b7 b4d2 b7f7 e8f7 e6f7,631
R7/5ppk/4p2p/8/8/P4P2/2r2P1P/6K1 w - -,h2h3 g7g5 a8a4 c2c3 g1g2 h7g6 a4a7 c3b3 a7a6 b3d3,-11
rn1qkb1r/5ppp/bp2pn2/p1pp4/P2P4/1P1BPN2/2P1QPPP/RNB1K2R w KQkq -,d3a6 b8a6 e1h1 f8e7 c2c4 e8h8 b1c3 a6b4 c1b2 d8c7,17
r1b2rk1/pp2ppbp/3p2p1/8/1nPP4/2N1PNB1/1P3PPP/2KR3R w - -,h1e1 a7a6 c1d2 c8d7 d1a1 f8c8 b2b3 b7b5 c4b5 a6b5,-103
r1b1kbnr/pp2pppp/2n5/q2pP3/3P4/Pp3N2/2P2PPP/RNBQKB1R w KQkq -,f3d2 b3c2 d1c2 c6d4 c2b2 a5c7 f1b5 d4b5 b2b5 c8d7,-297
r4r2/1b2qppk/1p6/pN2n2n/3P4/4P3/PP3PPP/R1RQ2K1 w - -,d1h5 h7g8 h5e5 e7e5 d4e5 a5a4 f2f4 b7d5 b5d6 f7f6,426
r2r1nk1/pb3ppp/1pp5/3P3Q/1q2P3/4B1P1/PP3PBP/R3R1K1 w - -,e1e2 d8d7 a1d1 a8e8 h2h4 f8g6 e3d4 b4a4 b2b3 a4b5,216
R7/5ppk/4p2p/8/P7/2r2P2/5P1P/6K1 w - -,f3f4 c3f3 g1g2 f3f4 a4a5 f4a4 g2f3 e6e5 f3e3 f7f6,-178
r1bqk2r/1ppp1ppp/2n5/p3P3/1bPQ4/5N2/PP1NPPPP/R3KB1R w KQkq -,d4e4 e8h8 e2e3 d7d6 e5d6 d8f6 e4c2 b4d6 f1d3 c6b4,-21
r4rk1/1b2qpp1/1p6/pN2n2Q/3P4/4P3/PP3PPP/R1R3K1 w - -,h5e5 e7e5 d4e5 a5a4 f2f4 f7f6 b5d6 b7d5 c1d1 a8a5,425
4r1k1/4rpp1/2pb4/pp1p1Pq1/3P1N2/3B1Qn1/PPP5/2K2R1R w - -,c1d1 e7e3 f4h3 g5h4 f1e1 e3f3 e1e8 d6f8 h1g1 h4h3,-679
3rr1k1/4np1p/3qp1pP/8/ppPPB3/3Q2P1/1P3PK1/3RR3 w - -,c4c5 d6d7 d3a6 e7d5 c5c6 d7d6 a6a4 d8a8 a4b5 e8d8,232
8/4k1p1/5p1p/4bK1P/6P1/1B6/8/8 w - -,,0
rn1qkbnr/1p1bpppp/3p4/p1p5/2B1PB2/3P4/PPP2PPP/RN1QK1NR w KQkq -,a2a4 e7e6 b1c3 g8f6 g1f3 f8e7 h2h3 d7c6 e1h1 e8h8,48
8/8/8/2k5/8/5K1N/8/5B2 w - -,f3e4 c5d6 f1c4 d6c5 c4d5 c5b5 e4d4 b5b4 d5c4 b4a3,9605
4r3/2k5/1pnRp3/p1p1P2p/P3KP2/1P5P/1B6/8 w - -,b2a1 c6d8 f4f5 d8f7 d6d3 f7d8 f5e6 e8e6 d3g3 c7d7,145
8/6k1/6p1/3bN3/4rK2/7p/1R6/8 w - -,f4g3 e4e5 g3h3 g7f6 b2b6 f6f5 h3h2 e5e3 b6b5 f5e5,-520
r1b1kbnr/pp2pppp/2n5/q2pP3/3P4/p4N2/2P2PPP/RNBQKB1R w KQkq -,b1d2 e7e6 a1b1 a3a2 b1a1 f8b4 c1b2 b4c3 d1c1 g8e7,-134
5k2/8/2p3p1/5pp1/1PpP2P1/P1P5/6P1/1K6 w - -,a3a4 f8e7 a4a5 f5f4 a5a6 e7d8 a6a7 d8c8 a7a8r c8d7,516
r2q1rk1/p2nbppp/2Q1pn2/3p1b2/2PP4/2N1PN2/PP3PPP/R1B1KB1R w KQ -,c4c5 f6e4 c6a4 e4c3 b2c3 d7f6 c1a3 f6e4 a1c1 e7h4,206
8/p1r1kprp/5p2/4p3/7R/1Pp2PP1/P1P4P/1K1R4 w - -,a2a4 g7g8 b1a2 g8h8 b3b4 a7a5 a2b3 a5b4 h4b4 c7a7,207
8/8/3Pr2k/8/8/8/2K5/6R1 w - -,g1d1 e6e8 d6d7 e8d8 c2b3 d8b8 b3c4 b8d8 c4b5 h6g5,1088
3r2k1/2R2pp1/p2p3p/1p1Bp3/1P2P3/1QKP3q/PB3r2/8 w - -,d5f7 g8h8 b2c1 d8c8 c7c8 h3c8 f7c4 h8h7 c1d2 b5c4,-435
8/6k1/2pp2p1/6P1/p6P/8/PP1K2P1/8 w - -,a2a3 d6d5 g2g4 g7f8 d2c3 f8f7 h4h5 g6h5 g4h5 c6c5,594
rn1qkbnr/1p1bpp1p/3p2p1/p1p5/2B1PB2/2NP4/PPP2PPP/R2QK1NR w KQkq -,g1f3 f8g7 e4e5 e7e6 c3b5 d6d5 b5d6 e8f8 f4e3 d8c7,82
r2qkb1r/3b1pp1/3p1n1p/p3p3/N3P3/1Q3N2/1PP2PPP/R1B2RK1 w kq -,c1e3 f8e7 b3d3 d7c6 d3c4 c6e4 a4b6 e8h8 b6a8 d8a8,-6
r1bqk2r/ppppnpp1/2n5/2b1p2p/4P3/2N3PP/PPPP1PB1/R1BQK1NR w KQkq -,g1e2 a7a5 e1h1 d7d6 g1h2 a5a4 d2d3 c8d7 c3d5 a4a3,19
r6k/1p1R2bp/8/p1p1P3/3K2Q1/1P1N2p1/P2q4/B7 w - -,d4c4 b7b5 c4c5 a8c8 c5b6 c8b8 b6c7 b8g8 g4g3 d2a2,351
r2qnrk1/3b1pb1/p2p2p1/2pPP2p/P1p2P2/2N1B1NP/1P4P1/R2Q1RK1 w - -,d1e2 a8c8 g3e4 d7f5 e2f2 f7f6 e5d6 f5e4 c3e4 e8d6,130
r2q1rk1/pp2p1b1/2np2p1/8/6p1/2N1BPn1/PPPQ4/2KR1B1R w - -,f1c4 f8f7 h1g1 g3f5 f3g4 f5e3 c4f7 g8f7 d2e3 c6e5,298
3r1k2/pp1n2pb/2p5/2Pr1p2/2QPp1Np/P1P1B2P/6P1/1R1R2K1 w - -,c4f1 b7b5 e3g5 f8g8 g4e3 d7f6 f1f4 d8f8 d1e1 f6h5,751
4r1k1/4rpp1/2p2P2/pp1p2q1/3P1b2/3B1Qn1/PPP5/2K2R1R w - -,f3e3 e7e3 c1b1 g3f1 a2a3 f1d2 b1a2 e3e1 d3f1 g7g6,-1458
r2qk2r/pppbnpb1/2n1p1p1/3pP1Np/3P3P/2PB4/PP3PP1/RNBQK2R w KQkq -,b1d2 e7f5 d3f5 g6f5 d2f3 c6e7 g5h3 d7b5 a2a4 b5a6,123
r3k2r/p1q2ppp/b1p1pn2/3p4/3BP3/P4B2/1PP2PPP/R2QK2R w KQkq -,d4c3 d5e4 f3e2 a8d8 c3d2 a6e2 d1e2 e8h8 e1h1 h7h6,-62
r2r1nk1/pb3ppp/1p6/3p3Q/1q2P3/4B1P1/PP3PBP/3RR1K1 w - -,e4d5 b4b2 h5g4 b2b5 e3d4 f8g6 d4a1 b5d7 g4b4 d7f5,134
r2q1rk1/ppp2ppp/2n1pn2/3p4/3P2b1/2P1PNP1/PP1NBPP1/R2QK2R w KQ -,a1c1 d8d6 c3c4 h7h6 d1c2 f8c8 a2a3 g4f5 c2c3 d6e7,39
r1b1q1kr/1pp3pp/3n4/p2pN3/3P4/1QN5/PP3PPP/R3K2R w KQ -,c3d5 c8e6 b3f3 d6b5 e1h1 h7h5 d5f4 b5d4 f3b7 h8h6,228
r2q1r2/ppp3k1/1n1p4/3P1Qp1/4Pn2/2N5/PPP5/2KR3R w - -,a1d1 c7c6 c3a4 h7h5 e1h1 h8h6 a4c5 e8d8 f1e1 h6f6,Mate
1q1rr1k1/4np1p/4p1pP/2P5/pp1PB3/3Q2P1/1P3PK1/3RR3 w - -,d4d5 d8d5 e4d5 e7d5 c5c6 g8f8 d3d4 b8d6 c6c7 d6c7,405
8/8/8/3k1K2/8/7N/8/5B2 w - -,h3f4 d5d4 f1d3 d4c3 f5e5 c3b4 d3f1 b4b3 e5d4 b3a4,9605
rn1qk1nr/1p1bppbp/3p2p1/p1p5/2B1PB2/2NP1N2/PPP2PPP/R2QK2R w KQkq -,e4e5 e7e6 c3b5 d6d5 b5d6 e8f8 c4b5 d7b5 d6b5 g8e7,77
r2r1nk1/pb3ppp/1p6/3P3Q/8/4B1P1/Pq3PBP/3RR1K1 w - -,e3d4 b2b4 h5g4 f8g6 h2h4 d8e8 e1e4 b4a4 h4h5 f7f5,143
7k/p5pb/5p1p/7P/1B1qr2Q/P5R1/6PK/8 w - -,h4h3 e4h4 b4f8 h4h3 g3h3 h8g8 f8b4 d4g4 h3f3 h7e4,-747
8/6k1/2pp2p1/6P1/7P/1p6/P2K2P1/8 w - -,a2a4 b3b2 d2c2 b2b1q c2b1 g7f7 a4a5 f7e6 a5a6 e6f5,648
3nr3/2k5/1p1Rp3/p1p1PP1p/P3K3/1P5P/1B6/8 w - -,f5e6 d8e6 h3h4 e6g7 b2c1 e8e7 c1e3 g7e8 d6h6 e8g7,321
8/8/8/5K2/3k4/8/8/5BN1 w - -,g1e2 d4e3 e2f4 e3f2 f1e2 f2e1 e2d3 e1d2 f5e5 d2c3,9605
R7/5pp1/4p2p/P4k2/8/r4P2/5P1P/5K2 w - -,a8f8 f5f6 f1g2 a3a5 h2h4 a5a4 g2g3 a4a3 g3g2 e6e5,-13
r2q1rk1/pp2ppb1/2np2P1/8/6p1/2N1BP2/PPPQ4/2KR1B1n w - -,f3g4 d6d5 f1c4 e7e6 d1h1 f7g6 c3d5 e6d5 c4d5 f8f7,-131
1r1qnrk1/5pb1/p2p2p1/2pPPb1p/P1p1NP2/2N1B2P/1P2Q1P1/R4RK1 w - -,a1d1 d6e5 e3c5 e5f4 c5f8 g7f8 f1f4 e8d6 e4d6 f5d3,127
rn1qk2r/1p1bppbp/3p1np1/p1p5/2B1PB2/2NP1N2/PPP2PPP/R2Q1RK1 w kq -,a2a4 e8h8 d1d2 b8c6 f4g5 d7g4 f3h4 g4e6 c4e6 f7e6,42
r2r1nk1/pb3ppp/1p6/3P3Q/3B4/6P1/q4PBP/3RR1K1 w - -,e1e7 f8g6 e7b7 a2a4 h5f3 d8d7 b7d7 a4d7 d5d6 a8c8,518
r1b2rk1/pp5p/1qn1pp1b/3p4/1P1P4/P1N1PN2/3Q2PP/R3KB1R w KQ -,f1d3 c6e7 d2f2 e6e5 f2h4 c8f5 d3f5 e7f5 h4g4 f5g7,-71
rn1qkb1r/pbpp2pp/1p2p3/5p2/3PnB2/4PNP1/PPPN1P1P/R2QKB1R w KQkq -,d2e4 b7e4 f1d3 e4b7 a2a3 f8d6 d1e2 d6f4 e3f4 e8h8,83
3r2k1/2R2pp1/p2p3p/1p1Bp3/1P2P3/BQKP2q1/P4r2/8 w - -,c7f7 g8h7 b3d1 f2f7 d5f7 d8f8 f7e6 g3e3 a3c1 e3d4,-270
8/3k4/2p3p1/5pp1/PPpP2P1/2P5/1K4P1/8 w - -,b2a3 d7d6 a4a5 d6c7 a3a4 c7d6 a5a6 d6d7 a6a7 f5f4,610
8/8/5p2/pk2p3/2p3P1/2P2P2/1K6/8 w - -,,0
1r1qnrk1/5pb1/p2p2p1/2pPPb2/P1p1NP1p/2N1B2P/1P2Q1P1/3R1RK1 w - -,e2f2 a6a5 f1e1 b8b7 e3c1 g7h6 g1h1 b7b3 e4d2 f5c2,193
1q1rr1k1/4np1p/6pP/2Pp4/pp2B3/3Q2P1/1P3PK1/3RR3 w - -,d3d4 b8e5 d4e5 e7f5 e5e8 d8e8 e4f5 e8a8 f5d7 a4a3,1425
8/8/8/5K2/8/3k1N2/6B1/8 w - -,f3g1 d3d4 g1h3 d4c3 f5e5 c3d3 e5d5 d3d2 d5d4 d2c2,9605
r3q1kr/1pp3p1/3nb3/p3N2p/3P4/2N2Q2/PP3PPP/R3K2R w KQ -,e1h1 h8h6 d4d5 e6f5 a1e1 e8d8 f3e3 b7b5 e3c5 b5b4,215
8/8/8/5K2/7N/4k3/6B1/8 w - -,h4g6 e3d3 g6f4 d3d4 f4h3 d4c4 f5e5 c4d3 g2d5 d3d2,9605
r1b1kbnr/ppq1pppp/2n5/3pP3/3P4/p4N2/2PB1PPP/RN1QKB1R w KQkq -,b1a3 a7a6 c2c4 e7e6 c4d5 e6d5 a3c2 g8e7 f1b5 a8b8,29
4r3/2k2n2/1p1RpP2/p1p1P2p/P3K3/1P5P/1B6/8 w - -,e4f4 f7d6 e5d6 c7d6 f4g5 e8g8 g5h5 g8g1 h5h6 d6d7,-453
8/5k2/2pp2p1/6P1/7P/1P6/3K2P1/8 w - -,g2g4 f7e7 d2c3 e7e6 h4h5 e6e5 h5h6 e5f4 h6h7 f4g4,778
rn1qk2r/pbppb1pp/1p2p3/5p2/3PnB2/4PNP1/PPPN1PBP/R2QK2R w KQkq -,h2h4 e4d2 d1d2 d7d6 h1g1 d8d7 f3e5 d7c8 g2b7 c8b7,41
8/8/5p2/1k2p3/p1p3P1/K1P2P2/8/8 w - -,,0
r4rk1/pp1bppbp/3p2p1/8/1nPP4/2N1P1B1/1P3PPP/2KRN2R w - -,c1b1 d7e6 b2b3 a7a6 g3h4 f7f6 e1c2 b4c2 b1c2 g6g5,-125
r1bqk2r/pp3ppp/2nbp3/2p5/4p3/1B6/PPPP1PPP/R1BQNRK1 w kq -,g2g3 b7b6 d1e2 c8b7 c2c3 d8e7 b3c2 f7f5 d2d3 e4d3,-167
r2r2k1/ppp2pbp/2n1bnp1/4p1B1/2P1P3/2N2N2/PP2BPPP/R4RK1 w - -,c3d5 e6d5 e4d5 c6b8 f3e5 d8e8 f2f4 f6e4 g5h4 g7e5,51
r2r1nk1/p3Rppp/1p6/3b3Q/3B4/6P1/q4PBP/3R2K1 w - -,c3d5 e6d5 e4d5 c6b8 f3e5 d8e8 f2f4 f6e4 g5h4 g7e5,Mate
4r1k1/4rpp1/2p5/pp1p1Pq1/3P1b2/3B1Qn1/PPP5/2K3RR w - -,c1b1 g3h1 g1h1 g5g2 a2a3 g2f3 h1g1 f3f2 g1g4 e7e1,Mate
8/8/2pk2p1/P5p1/1PpP2p1/K1P5/6P1/8 w - -,a3a4 g4g3 a5a6 d6c7 a4a5 c7d7 b4b5 c6b5 a5b5 g5g4,966
3r4/5Bpk/p2p3p/1p2p3/1P2P3/BQKP2q1/P7/8 w - -,b3e6 g3g1 e6f5 g7g6 f5e6 d8f8 e6f6 f8c8 c3d2 g1g2,-71
5kb1/pp4p1/2p5/2P1Pp2/2Q1p2p/P1P1B2P/6PK/3r4 w - -,e5e6 d1d5 c4b4 g8e6 b4b7 e6d7 e3f4 e4e3 f4e3 d5d1,602
r5n1/pppq1k2/2n2p2/3p4/1b1P1B1N/2NBP2b/PP1K1P2/R2Q4 w - -,d1h5 f7e7 a1g1 h3e6 g1g7 e7d8 g7d7 d8d7 d3f5 c6e7,633
2K5/1P6/1k6/8/8/8/8/2q5 w - -,d1f3 h3g4 d3g6 f7f8 f3g3 c6a5 g6d3 a5c4 d3c4 d5c4,Mate
r2q1rk1/ppp2ppp/4pn2/3pn3/3P2b1/2P1P1P1/PP1NBPP1/R2QK2R w KQ -,d4e5 g4e2 d1e2 f6d7 f2f4 f7f6 d2f3 c7c6 e2c2 g7g6,57
2r4r/pk1b1pp1/8/2b5/3NP3/1PN3pP/P5P1/2RR2K1 w - -,c1c2 c5b6 g1f1 h8d8 d1d2 d7h3 g2h3 d8d4 c3d5 c8c2,-28
6k1/B4ppp/4p3/P7/8/1R2P3/1p3PPP/3r1K2 w - -,,0
r1bqk2r/pp2bppp/2n1p3/2p5/4p3/1B6/PPPP1PPP/R1BQNRK1 w kq -,d1h5 e8h8 h5e2 c6d4 e2e4 c8d7 e4e3 d7b5 d2d3 b5c6,-144
1K6/1P6/1k6/8/8/8/8/q7 w - -,d1h5 e8h8 h5e2 c6d4 e2e4 c8d7 e4e3 d7b5 d2d3 b5c6,Mate
r2q2k1/pp3rb1/2npp1p1/8/2B3p1/2N1BP2/PPP4Q/2K4R w - -,f3g4 d8e7 c1b1 d6d5 c4d3 g7c3 b2c3 f7h7 e3h6 e7f6,-74
3r2B1/6p1/p2p2kp/1p2p3/1P2P3/BQKP2q1/P7/8 w - -,b3f7 g6g5 a3c1 g5h4 f7e7 h4h3 g8e6 h3h2 e7d8 h6h5,507
8/R4pp1/4pk1p/P7/8/r4P2/5P1P/5K2 w - -,a5a6 a3f3 a7c7 f3a3 a6a7 g7g5 f1e2 f6g6 e2d2 f7f5,-18
2bqrnk1/r4pp1/2p2p1p/p1P2P2/2BP4/3Q4/P3N1PP/4RRK1 w - -,e2g3 e8e1 f1e1 a7e7 e1d1 d8e8 g1f2 e8d8 d3f3 e7d7,208
6r1/p1r2p1p/4kp2/4p3/7R/1Pp2PP1/P1P4P/1K1R4 w - -,a2a4 f6f5 b1a2 a7a5 b3b4 g8b8 a2b3 h7h5 b3a3 b8b4,96
r1bqk2r/1pppnpp1/p1n5/2b1p2p/4P3/2N3PP/PPPPNPB1/R1BQK2R w KQkq -,e1h1 d7d6 d2d3 c5a7 g1h2 f7f6 c3d5 c8e6 c1d2 d8d7,21
r1b1k2r/pp5p/1qn1pp1b/8/1P1Pp3/P1N2N2/6PP/R2QKB1R w KQkq -,c3e4 e8h8 f1c4 g8h8 e1h1 e6e5 g1h1 c8g4 d4e5 c6e5,-33
2k5/8/2p3p1/PP4p1/K1pP2p1/2P5/6P1/8 w - -,c3e4 e8h8 f1c4 g8h8 e1h1 e6e5 g1h1 c8g4 d4e5 c6e5,Mate
8/8/2ppk1p1/6P1/7P/1PK5/6P1/8 w - -,g2g4 e6e5 h4h5 e5e6 h5h6 e6f7 c3c4 d6d5 c4c5 f7f8,802
r5n1/pppq4/2n1kp2/3p3Q/1b1P1B1N/2NBP2b/PP1K1P2/R7 w - -,h4g6 f6f5 h5h3 d7f7 e3e4 e6d7 e4d5 d7d8 f4g5 c6e7,726
r2q1rk1/p2n1ppp/2Q1pn2/3p1b2/1bPP4/2N1PN2/PP2BPPP/R1B1K2R w KQ -,c1d2 a7a5 c4d5 a8c8 c6a6 b4c3 d2c3 f6d5 a6a5 d8e7,189
r1b1r1k1/1p2qp2/2pp2pp/2n1b2n/p1PNP3/2N4P/PPQ2PPB/3RRBK1 w - -,g2g3 h5g7 f2f4 e5d4 d1d4 f7f5 c2d1 h6h5 g3g4 f5g4,29
5kb1/pp4p1/2p1P3/2Pr1p2/2Q1p2p/P1P1B2P/6PK/8 w - -,c4b3 g8e6 b3b7 d5d7 b7c6 f8f7 c6c8 d7e7 c8b8 a7a5,625
r1b1r1k1/1p2qpbn/2pp2pp/2n5/p1PNP3/2N1BP1P/PPQ3P1/3RRBK1 w - -,c2d2 h7g5 d4c2 c5e6 h3h4 g5h7 g2g3 g6g5 h4g5 h6g5,76
3r2B1/5Qp1/p2p3p/1p2p1k1/1P2P3/B1KP2q1/P7/8 w - -,a3c1 g5h4 f7e7 h4h3 g8e6 h3g2 e7d8 h6h5 d8d6 h5h4,584
r5k1/pp3rb1/2npBqp1/8/6p1/2N1BP2/PPP4Q/2K4R w - -,e6d5 g4f3 e3h6 f3f2 h1f1 g7h6 h2h6 a8e8 h6d2 e8e1,-112
r1b2rk1/pp5p/1qn1pp1b/8/1P1PN3/P4N2/6PP/R2QKB1R w KQ -,f1c4 h6e3 d1d3 c6d4 f3d4 e3d4 a1d1 d4e5 e4c5 a7a5,-24
1k6/8/2P3p1/P5p1/K1pP2p1/2P5/6P1/8 w - -,f1c4 h6e3 d1d3 c6d4 f3d4 e3d4 a1d1 d4e5 e4c5 a7a5,Mate
8/8/2pp2p1/5kP1/2K4P/1P6/6P1/8 w - -,b3b4 f5f4 c4d4 f4g4 g2g3 g4f5 d4e3 d6d5 e3d4 f5g4,706
r2q1rk1/ppp2ppp/4pn2/3pP3/8/2P1P1P1/PP1NbPP1/R2QK2R w KQ -,d1e2 f6d7 f2f4 f7f6 d2f3 c7c6 e1a1 d8e8 e2c2 e8g6,42
R7/5pp1/P3p2p/4k3/8/r4P2/5P1P/5K2 w - -,h2h3 e5f6 f1g2 g7g5 a8h8 f6g7 h8a8 h6h5 g2g3 a3a4,-5
r1r3k1/pp1bppbp/3p2p1/8/2PP4/2N1P1B1/1PK2PPP/3R3R w - -,c2b3 d7e6 d4d5 e6d7 d1a1 a7a5 f2f3 c8c5 e3e4 a5a4,-225
r5n1/pppq4/2n1kpN1/3p3Q/3P1B2/2bBP2b/PP1K1P2/R7 w - -,b2c3 f6f5 h5h3 c6e7 a1g1 d7a4 g6e7 a4a2 d3c2 g8e7,1007
1K6/1P6/8/2k1q3/8/8/8/8 w - -,d2d1 f6f5 h5h3 d7f7 g6h4 f7h5 d3e2 h5h7 b2c3 g8f6,Mate
5k2/pQ1b2p1/2p5/2Pr1p2/4p2p/P1P1B2P/6PK/8 w - -,e3f4 f8f7 f4d6 f7e6 b7b8 d5d1 b8g8 e6f6 g8d8 f6e6,651
r2q1rk1/pppn1ppp/4p3/3pP3/8/2P1P1P1/PP1NQPP1/R3K2R w KQ -,f2f4 f7f6 d2f3 c7c6 e2c2 g7g6 e1a1 d8b6 e5f6 b6e3,35
r1bqk2r/pp1nb1pp/2n1p3/2ppp3/3P1N2/2PB4/PP1N1PPP/R1BQ1RK1 w kq -,d1h5 e8f8 f4e6 f8g8 e6d8 e7d8 d4e5 g7g6 h5d1 d7e5,588
r7/pppqn3/2n1kpN1/3p3Q/3P1B2/2PBP2b/P2K1P2/R7 w - -,f4e2 e5d4 c3d4 c5d4 f2f4 e8h8 d2f3 e6e5 f4e5 d7e5,Mate
1rb2k1r/3q1ppp/p2bpn2/1p4Q1/8/2N2N2/PPP2PPP/R1B2RK1 w - -,c1f4 h7h6 g5g3 d6f4 g3f4 d7b7 f3e5 f8g8 a1d1 b7c7,88
r2q1rk1/pb3pbp/5np1/1pp1p1B1/8/2PPN3/PP2NPPP/R2Q1RK1 w - -,e2g3 h7h6 g5f6 d8f6 d1b3 a8b8 c3c4 b5c4 b3c4 f6b6,-85
r1b1kbnr/pp2pppp/2n5/q2pP3/1p6/P7/2PPBPPP/RNBQK1NR w KQkq -,d2d4 c8f5 c1b2 e7e6 a3b4 a5b4 b2c3 b4b6 g1f3 a7a6,-121
R7/5pp1/P3p2p/8/3k4/r4P2/4KP1P/8 w - -,,0
3r2k1/1p4p1/p2r1p1p/4q3/3nP3/1PN4P/1P1R1QP1/3R3K w - -,c3d5 d4c6 f2e2 g8h8 e2f3 e5g5 f3f2 c6e5 f2c5 e5f7,-50
r1r3k1/2p1qpp1/2R5/p3p2B/4P2P/4Q1P1/P4PK1/1R6 w - -,b1c1 a5a4 h5e2 c8d8 c6c7 d8d7 c7d7 e7d7 e3c3 d7e6,583
3rr1k1/2q2pbp/p1p3p1/1p1np2P/3PB3/2P3P1/PPQ2PK1/2BRR3 w - -,c3c4 b5c4 c2c4 d5b6 c4c6 c7c6 e4c6 e8e6 c6f3 e5d4,161
r7/pp3kb1/2np2p1/8/6P1/2N1Bq2/PPP4Q/2K4R w - -,h2f2 f3f2 e3f2 g7c3 b2c3 a8g8 a2a4 f7f6 h1h7 g8g7,-18
7k/6p1/6pp/4R3/2B2q2/P1n5/5PPP/6K1 w - -,,0
6rk/1p1R2bp/2p5/p1N1P3/3K2Q1/1P4p1/P4rq1/B2R4 w - -,c5b7 g7e5 d4e5 g8g4 e5e6 f2b2 e6d6 g2c2 d7d8 g4g8,-390
r3kb1r/ppp2pp1/2n1p3/7p/6n1/2NP1B1q/PPP2P1N/R1BQ1RK1 w kq -,f3g4 h5g4 c1f4 f8d6 d1g4 h3g4 h2g4 d6f4 c3e2 f4d6,Mate
rnbqk1nr/pp3ppp/4p3/2b1P3/3p4/5NP1/PP1P1P1P/RNBQKB1R w KQkq -,h2h4 g8e7 d2d3 b7b6 f1g2 c8b7 e1h1 e8h8 a2a3 a7a5,-28
3r2B1/6p1/p2Q3p/1p2p3/1P2P3/B1KP1kq1/P7/8 w - -,d6d8 g7g5 a3c1 g5g4 g8e6 h6h5 d8g5 f3e2 g5d2 e2f1,495
4k3/8/P1PP4/2K3p1/6p1/2P3p1/6P1/8 w - -,d6d8 g7g5 a3c1 g5g4 g8e6 h6h5 d8g5 f3e2 g5d2 e2f1,Mate
r3kbnr/pp2pppp/2n5/q2pPb2/1p6/P4N2/2PPBPPP/RNBQK2R w KQkq -,h2h3 e7e6 e1h1 f5e4 c1b2 a5b6 a3b4 f8b4 a1a2 b4e7,-82
r2q1rk1/pp2p1b1/2np2p1/8/6p1/2N1BP2/PPP4Q/2KR1B1n w - -,f3g4 e7e6 f1c4 d6d5 d1h1 g8f7 h1d1 d8e7 h2h7 f7e8,-184
8/8/1K1R1pk1/8/6p1/8/8/8 w - -,f3g4 e7e6 f1c4 d6d5 d1h1 g8f7 h1d1 d8e7 h2h7 f7e8,Mate
3r2k1/1p4p1/p1nr1p1p/3Nq3/4P3/1P5P/1P1R1QP1/3R3K w - -,f2f3 g8h7 f3g4 c6b4 g4f3 e5g5 f3f2 b4c6 f2c5 h7h8,-61
1Q6/p2b1kp1/2p5/2Pr1p2/4p2p/P1P1B2P/6PK/8 w - -,b8h8 f5f4 e3f4 d5c5 h8h4 c5d5 f4e3 d7f5 h4g3 f5d7,611
r1bq1rk1/pp2bppp/2n1p3/2p5/8/1B1N4/PPP2PPP/R1BQ1RK1 w - -,d1h5 b7b6 f1d1 c6d4 c2c3 d4b3 a2b3 d8c7 a1a4 c8b7,-151
r3q1k1/1pp3p1/3n3r/p2PNb1p/8/2N2Q2/PP3PPP/R4RK1 w - -,a1e1 e8e7 e1e3 e7g5 f3e2 h6f6 h2h3 a8e8 f2f4 g5h6,196
r1b2rk1/ppqn1ppp/8/2p1p3/3Pn3/2P2NP1/PP1N1PP1/R2Q1RK1 w - -,,0
r2q1rk1/pppbnpb1/2n1p1p1/3pP1Np/3P3P/2PB4/PP1N1PP1/R1BQK2R w KQ -,d3c2 f7f6 e5f6 g7f6 c2g6 e7g6 d1h5 f8f7 h5g6 f7g7,169
rnbqkbnr/pp3p1p/4p1p1/4P3/3p4/5NP1/PP1P1P1P/RNBQKB1R w KQkq -,f1g2 g8e7 d2d3 f8g7 b1d2 c8d7 d2e4 e8h8 e4f6 g7f6,61
8/1Q6/2PP4/2K2kp1/6p1/2P3p1/6P1/8 w - -,a2a4 b8c6 f1g2 d4d3 b1c3 c6b4 e1h1 c8d7 b2b3 d7c6,Mate
r1b2rk1/p1qn1ppp/1p6/2p1p3/3PN3/2P2NP1/PP3PP1/R2Q1RK1 w - -,,0
rnbqkb1r/ppp1pp1p/5np1/3p4/8/2NP4/PPPQPPPP/R1B1KBNR w KQkq -,e2e3 c7c5 d3d4 f8g7 f1d3 e8h8 b2b3 b7b6 g1f3 b8d7,-76
r4rk1/p4p1p/1p4p1/2p1P3/2qb3B/6PP/PP3P2/R2Q1RK1 w - -,f1e1 d4b2 a1b1 b2d4 d1d2 a8e8 h4f6 e8e6 b1b3 c4a4,-45
r4rk1/2pq2pp/p1N2p2/1n1p4/1P3P2/3Q4/1P2PPBP/R5K1 w - -,d3d5 d7d5 g2d5 g8h8 e2e3 g7g6 g1f1 b5a7 c6d4 a8d8,38
rnbqk2r/1p3ppp/p2bpn2/2pp4/2PP4/4PNB1/PP3PPP/RN1QKB1R w KQkq -,d4c5 d6c5 d1c2 b8c6 b1c3 d5c4 f1c4 b7b5 c4e2 c6b4,41
R7/5pp1/P3p2p/2k5/8/r4P2/3K1P1P/8 w - -,,0
r1bqkb1r/ppp4p/2n2np1/8/2Pp4/P2Q1N2/1P2PPPP/RNB1KB1R w KQkq -,,0
r1b2rk1/p1qn1ppp/1p6/2p5/3pN3/2P2NP1/PP3PP1/R2QR1K1 w - -,,0
r2q1rk1/pppn1pp1/4p2p/3pP2Q/8/2P1P1P1/PP1N1PP1/R3K2R w KQ -,g3g4 d8g5 h5g5 h6g5 d2f3 f7f6 e1e2 d7e5 f3e5 f6e5,9
8/p2b1kp1/2p5/2P2p2/4pQ1p/P1PrB2P/6PK/8 w - -,e3d4 d3g3 f4h4 g3g6 h4d8 d7e8 d8c7 f7f8 c7c8 f5f4,677
3rr1k1/2q2pbp/p3p1p1/1ppn3P/3PB3/2P3P1/PPQ2PK1/2BRR3 w - -,h5h6 g7f8 c1g5 d8d7 a2a4 c5c4 a4b5 a6b5 d1a1 b5b4,100
r1r3k1/pp2ppbp/3pb1p1/8/2PP4/1KN1P1B1/1P3PPP/3R3R w - -,b3c2 c8c4 d1a1 a7a5 b2b3 c4c8 c2b2 b7b5 h1c1 c8b8,-436
r4r1k/2pq2pp/p1N2p2/1n1B4/1P3P2/3Q4/1P2PP1P/R5K1 w - -,h2h3 d7d6 d3f3 b5a7 c6e5 f6e5 d5a8 a7b5 a8e4 f8f4,15
8/8/6p1/ppk2p1p/7P/1P4P1/P1K2P2/8 w - -,,0
r4rk1/pbqn1ppp/1p6/2p5/3PN3/5NP1/PP3PP1/R2QR1K1 w - -,,0
r1bqk2r/1pp1npp1/p1np4/2b1p2p/4P3/2NP2PP/PPP1NPB1/R1BQK2R w KQkq -,e1h1 c5a7 g1h2 c8e6 c3d5 f7f6 c1e3 a7e3 d5e3 d6d5,19
6rk/1p1R2bp/2p1N3/p3P3/3K2Q1/1P4p1/P2r2q1/B2R4 w - -,d1d2 g2d2 d4e4 d2d7 e4f3 d7d1 f3g3 d1a1 g3f2 a1e5,-748
8/8/1K1R1p2/5kp1/8/8/8/8 w - -,d1d2 g2d2 d4e4 d2d7 e4f3 d7d1 f3g3 d1a1 g3f2 a1e5,Mate
r1r3k1/pp1bppbp/3p2p1/3P4/2P5/1KN1P1B1/1P3PPP/3R3R w - -,e3e4 a7a5 d1a1 a8a6 h1b1 f7f5 f2f3 a5a4 a1a4 d7a4,-286
rnbqkb1r/pp2np1p/4p1p1/4P3/3p4/5NP1/PP1P1PBP/RNBQK2R w KQkq -,d2d3 f8g7 e1h1 e8h8 b1d2 b8c6 f1e1 e7d5 a2a4 b7b6,59
8/p2b1kp1/2p5/2P2p2/3BpQ1p/P1P3rP/6PK/8 w - -,f4h4 g3g6 h4d8 d7e8 d8c7 f7f8 c7c8 f5f4 c8f5 f8g8,662
6k1/B4ppp/4p3/P2r4/1p6/2n1P3/5PPP/2R2K2 w - -,,0
r2q1rk1/pp3pp1/3bp2p/8/3nQ3/2P1B2P/PP3PP1/R4RK1 w - -,e3h6 d4f5 h6d2 d6c7 a1d1 d8d6 g2g3 d6b6 g1g2 b6b2,-401
rnbqk2r/1pp1bpp1/p4n1p/3p4/3P4/2N2NP1/PP2PPBP/R1BQK2R w KQkq -,f3e5 c7c6 e1h1 e8h8 d1c2 f8e8 h2h3 e7d6 c1f4 c6c5,21
r1b2rk1/pp5p/1qn2p1b/4p3/1P1PN3/P4N2/4B1PP/R2QK2R w KQ -,e1h1 c6d4 f3d4 f6f5 e4g3 c8e6 g1h1 b6d4 d1d4 e5d4,-83
r1bq1rk1/2p2ppp/p1np1n2/1pb1p3/2P5/P1NP1NP1/1P2PPBP/R1BQ1RK1 w - -,c4b5 a6b5 c1g5 h7h6 g5f6 d8f6 f3d2 c8d7 c3b5 a8b8,148
r4rk1/p1pn1ppp/1p1qpn2/3p1b2/2PP4/1Q2PN2/PP1N1PPP/R3KB1R w KQ -,f1e2 a7a5 a2a4 f6e4 e1h1 c7c5 b3a3 e4d2 f3d2 f8c8,6
1rr3k1/2p1qpp1/2R5/p3p2B/P3P2P/4Q1P1/5PK1/1R6 w - -,b1b8 c8b8 e3a7 b8c8 a7a5 e7d7 a5d5 d7e7 a4a5 c8d8,608
3rr1k1/5pbp/p3p1p1/1pqn3P/4B3/2P3P1/PPQ2PK1/2BRR3 w - -,h5h6 g7f8 e4f3 d8d7 e1e4 e8d8 c2b3 c5e7 e4e5 e7d6,81
r3k2r/pp2n1pp/1qnb1p2/8/B2p2b1/3PBN2/PP3PPP/R2QKN1R w KQkq -,d1b3 d4e3 f2e3 b6b3 a4b3 e8a8 d3d4 c8b8 f1d2 g4c8,-458
r1bq1rk1/1p3ppp/p1nbpn2/2pp4/2PP4/2NBPNB1/PP3PPP/R2QK2R w KQ -,d4c5 d6c5 e1h1 d5c4 d3c4 c5e7 c4d3 f6h5 d1c2 g7g6,17
8/8/2pp2p1/6P1/1PK3kP/8/6P1/8 w - -,g2g3 g4h5 c4d3 h5g4 d3e4 d6d5 e4e5 g4h5 e5f4 d5d4,800
r4rk1/pb3pbp/3q1np1/1pp1p1B1/8/2PPNP2/PP2N1PP/R2Q1RK1 w - -,a2a4 a7a6 e2g3 f6d7 a4b5 a6b5 a1a8 f8a8 e3g4 d6e6,-67
r1bq1rk1/pp2nppp/2n1p3/3p4/2PP1B2/P1bB1N2/1P3PPP/R2Q1RK1 w - -,d3b1 c3a5 b1h7 g8h8 b2b4 g7g6 c4d5 e6d5 b4a5 h8h7,-281
2rr2k1/5pp1/7p/p1p1pPq1/P3B3/4PQ2/1PRb2PP/5RK1 w - -,f5f6 g5e3 f1f2 e3f3 f2f3 d8d4 f6g7 g8g7 g1f1 d2g5,-129
2r4r/1p1npkb1/p1q3pp/4p3/8/2N1B3/PP2QPPP/R2R2K1 w - -,d1d2 d7f6 e2d1 c6e6 a2a4 c8c4 a4a5 h8c8 h2h3 c8c6,-39
4k3/p2b2p1/2pQ4/2P2p2/3Bp2p/P1P3rP/6PK/8 w - -,d6f4 g3g6 f4h4 d7e6 h4h8 e8e7 h8b8 e6d7 d4e3 a7a6,657
r1bq1rk1/1p3pp1/p1nbpn1p/2pp4/2PP3B/2NBPN2/PP3PPP/R2QK2R w KQ -,c4d5 e6d5 h4f6 d8f6 c3d5 f6d8 d4c5 d6c5 e1h1 f8e8,105
r2q1rk1/1p3pp1/1pN1b2p/8/8/P5P1/1P2nPBP/2RQ1RK1 w - -,d1e2 b7c6 f1d1 d8e7 c1c6 a8d8 h2h4 b6b5 g2d5 e7e8,156
1rb4r/1pN1k1pp/p1np4/8/4P3/2P5/P4PPP/RN3RK1 w - -,c7d5 e7f7 d5b6 c6e5 b1d2 c8e6 f2f3 h8d8 c3c4 e5d7,178
r5k1/1pp3p1/3n1r2/p2PNb1q/7p/2N1Q2P/PP3PP1/4RRK1 w - -,f2f4 b7b6 a2a4 a8e8 e3c1 e8e7 c3b5 d6b5 a4b5 h5e8,196
5brk/1p1R3p/2p1N3/p1K1P3/6Q1/1P4p1/P5q1/B7 w - -,d7d6 g8g4 c5b6 g2f2 b6b7 g3g2 d6d8 g2g1q a1d4 g4d4,-981
8/8/3P3k/3r4/8/3K4/8/6R1 w - -,,0
1rb4r/1p1k2pp/p1np4/3N4/4P3/2P5/P4PPP/RN3RK1 w - -,c3c4 b7b5 c4b5 a6b5 b1c3 c8a6 f1d1 b5b4 c3a4 b8b7,218
2rr2k1/5pp1/7p/p1p1pP2/P3B2q/4PQ2/1PRb1KPP/5R2 w - -,f3g3 h4e4 c2c3 c8b8 g3f3 e4f3 f2f3 d2c3 b2c3 e5e4,-588
1r3k2/7p/6pb/p2p4/2pP4/Pr3pP1/1R1R1P1P/2BK4 w - -,b2a2 h6d2 c1d2 b3b1 d2c1 a5a4 h2h4 f8f7 g3g4 b8b3,-544
8/p1r2prp/4kp2/4p3/4R3/1Pp2PP1/P1P4P/1K1R4 w - -,e4a4 f6f5 a4a6 e6e7 d1d5 f7f6 d5a5 g7g6 a6a7 c7a7,86
rnbq1rk1/1pp1bpp1/p4n1p/3p4/3P4/2N2NP1/PP2PPBP/R1BQ1RK1 w - -,f3e5 c7c6 d1c2 f8e8 f2f4 a6a5 c1e3 f6g4 e3d2 g4e5,18
r1r3k1/1p1bppbp/3p2p1/p7/2PP4/1KN1P1B1/1P3PPP/3R3R w - -,c3d5 c8e8 d5c7 e8c8 c7a8 c8a8 d1c1 h7h5 f2f3 g6g5,248
3rrbk1/5p1p/p3p1pP/1pqn4/4B3/2P3P1/PPQ2PK1/2BRR3 w - -,a2a4 d8d7 e4f3 e8c8 e1e4 c8d8 a4b5 a6b5 c2b3 f8e7,87
8/8/3R1p2/2K1k1p1/8/8/8/8 w - -,c2e2 d8d7 e4f3 e8d8 e1h1 d5b6 d1d7 d8d7 h1d1 c5c8,Mate
8/8/8/8/3K4/6k1/2B5/2N5 w - -,c2e2 d8d7 e4f3 e8d8 e1h1 d5b6 d1d7 d8d7 h1d1 c5c8,Mate
1rb2rk1/2q2ppp/p2bpn2/1p4Q1/8/2N2N2/PPP2PPP/R1BR2K1 w - -,g5h4 b5b4 c3e2 e6e5 c1g5 d6e7 c2c3 h7h6 g5f6 e7f6,-112
2r2rk1/p2n1ppp/1p1qp3/2pp1b2/2PPn3/1Q2PN2/PP1NBPPP/2R2RK1 w - -,f1d1 e4d2 d1d2 f5e4 f3g5 d7f6 g5e4 f6e4 d2d1 c5d4,18
8/8/5p2/2k1p3/p1p3P1/2P2P2/1K6/8 w - -,,0
r1b2rk1/pp5p/1q3p1b/4p3/1P1nN3/P4N2/4B1PP/R2Q1RK1 w - -,f3d4 f6f5 e4g3 c8e6 g1h1 b6d4 d1d4 e5d4 e2d3 f5f4,-79
r1b2rk1/1p3pp1/p1nbpq1p/2pp4/2PP4/2NBPN2/PP3PPP/R2QK2R w KQ -,c4d5 c6b4 d3b1 c5d4 c3e4 f6e7 e4d6 e7d6 d5e6 c8e6,73
R7/P4pp1/1k2p2p/8/8/r4P2/3K1P1P/8 w - -,h2h4 a3a7 a8c8 b6b7 c8g8 g7g6 d2e3 b7c6 e3f4 h6h5,-14
rn2kb1r/pppb1ppp/3qpn2/8/3P4/2N2NP1/PPP2P1P/R1BQKB1R w KQkq -,f1c4 d6b6 e1h1 f8e7 f1e1 e8h8 a2a3 f8d8 d4d5 e6d5,63
rnbqk2r/ppp2pp1/5n1p/2b1N1B1/4p3/2PP4/PP3PPP/RN1QKB1R w KQkq -,g5f4 e8h8 d3d4 c5d6 b1d2 f6d5 f4g3 f7f5 f1c4 c8e6,-39
8/p4prp/4kp2/2r1p3/4R3/1Pp2PP1/P1P4P/1K2R3 w - -,b3b4 c5d5 e4c4 h7h5 c4c3 h5h4 g3h4 g7h7 e1e4 f6f5,97
r2q2k1/pp2prb1/3p2p1/4n3/2B1N1p1/4BP2/PPP4Q/2KR3n w - -,e4g5 e5c4 h2h7 g8f8 g5e6 f8e8 h7g8 g7f8 e6d8 a8d8,-155
8/8/8/8/3KB3/7k/8/2N5 w - -,e4g5 e5c4 h2h7 g8f8 g5e6 f8e8 h7g8 g7f8 e6d8 a8d8,Mate
2r4r/1p2pkb1/p3qnpp/3Np3/8/4B3/PP2QPPP/2RR2K1 w - -,d5c3 h8d8 h2h3 e5e4 d1d8 c8d8 c1e1 f6d5 e2d2 g6g5,-67
8/5B2/5pP1/4b2p/6P1/kp1K4/8/8 w - -,g4h5 b3b2 d3c2 a3b4 g6g7 b4c5 g7g8q c5d4 g8g6 d4e3,926
8/5prp/4kp2/p1r1p3/R7/1Pp2PP1/P1P4P/1K2R3 w - -,a2a3 h7h5 e1e3 g7g8 b1a2 g8d8 b3b4 a5b4 a4a6 e6f5,69
r2q2k1/pp2prb1/3pB1p1/8/4N1p1/4Bn2/PPP4Q/2KR3n w - -,e6f7 g8f7 h2f4 f7g8 f4g4 d8f8 g4g6 f3e5 g6e6 f8f7,-81
2r2rk1/p2n1ppp/1p1qp3/2pp4/2PPb3/1Q2PN2/PP2BPPP/2R2RK1 w - -,,0
r1bqk2r/pppn1pp1/5n1p/2b1N3/4p2B/2PP4/PP3PPP/RN1QKB1R w KQkq -,e5c4 e8h8 d3d4 c5e7 c4e3 d7b6 h4f6 e7f6 b1d2 f8e8,-58
r4rk1/pppnqpp1/4p2p/3pP2Q/8/2P1P1P1/PP1N1PP1/2KR3R w - -,f2f4 d7c5 h5e2 f7f6 e5f6 e7f6 d2f3 c5e4 h1h3 a7a5,43
r1b2rk1/1p3pp1/p1nb1q1p/2pp4/3P4/2NBPN2/PP3PPP/R2QK2R w KQ -,c3d5 f6d8 d4c5 d6c5 e1h1 f8e8 a1c1 c5d6 d5c3 c8e6,112
r1bq1rk1/ppp2ppp/2n1p3/3nP3/1bBP4/2N5/PP2NPPP/R1BQ1RK1 w - -,c4b3 d5e7 a2a3 b4c3 b2c3 c6a5 b3c2 e7g6 e2g3 c7c5,109
r1b2rk1/pp5p/1q5b/4pp2/1P1NN3/P7/4B1PP/R2Q1RK1 w - -,g1h1 e5d4 e4g3 f5f4 e2c4 g8h8 d1h5 b6g6 h5e5 h6g7,-72
8/5PK1/8/6q1/8/8/k7/5Q2 w - -,,0
4k3/p2b2p1/2pQ4/2P5/4pB1p/P1Pr3P/6PK/8 w - -,d6g6 e8f8 f4e5 d3g3 g6e4 d7e6 e5d6 f8f7 d6g3 h4g3,874
rnbqk2r/1pp2pp1/p4n1p/3p4/1b1P4/2N2NP1/PP2PPBP/R1BQK2R w KQkq -,d1a4 b8c6 f3e5 c8d7 e1h1 b4c3 e5d7 d8d7 b2c3 e8h8,40
2r2rk1/p2n1ppp/3qp3/2pp4/2P1b3/1Q2PN2/PP2BPPP/2R2RK1 w - -,b3a3 e4f3 e2f3 d5c4 f3e2 d7e5 h2h3 d6b6 e2c4 c8d8,34
r1bq1rk1/1p3pp1/p1nb3p/2pN4/3P4/3BPN2/PP3PPP/R2QK2R w KQ -,d4c5 d6c5 e1h1 f8e8 a1c1 c5d6 d5c3 c8e6 d3e4 a8c8,111
8/p2b1kp1/2p5/2P1Q3/4pB1p/P1Pr3P/6PK/8 w - -,e5e4 d3d5 f4d6 d7e6 e4h4 f7g6 h4e7 e6f7 h3h4 a7a6,795
5R2/r4pp1/1k2p2p/8/8/5P2/3K1P1P/8 w - -,f8g8 g7g6 d2e3 b6c6 e3f4 a7a5 h2h4 a5f5 f4g4 h6h5,-13
2r3k1/rp2ppbp/3p2p1/pb6/2PP4/1K2P1B1/1P3PPP/R6R w - -,b3c3 c8c4 c3d2 c4b4 h1c1 b4b2 d2c3 b2b4 a1a5 b4c4,-907
r2q1rk1/5pp1/1pp1b2p/8/8/P5P1/1P2QPBP/2R2RK1 w - -,f1d1 d8e7 c1c6 a8d8 h2h4 b6b5 g2d5 e7e8 d5f3 e6c4,160
rnbqk1nr/1pp2ppp/p3p3/3p4/1bPP4/2N2P2/PP2P1PP/R1BQKBNR w KQkq -,c4d5 e6d5 a2a3 b4c3 b2c3 c7c5 e2e3 b8c6 g1e2 g8e7,37
8/8/6k1/4K3/8/3N1B2/8/8 w - -,e5e6 g6g7 f3e4 g7g8 e6f6 g8h8 d3f4 h8g8 f4e6 g8h8,166
6r1/5p1p/4kp2/p1r1p3/3R4/1Pp2PP1/P1P4P/1K2R3 w - -,a2a3 h7h5 d4h4 g8d8 b3b4 a5b4 a3b4 c5c7 b1a2 d8a8,21
rnbq1rk1/1pp2pp1/p4n1p/3p4/3P4/2P2NP1/P3PPBP/R1BQ1RK1 w - -,c3c4 c7c6 f3e5 c8e6 c4d5 c6d5 a1b1 b7b5 a2a4 e6f5,58
r2q2k1/pp3rb1/2npp1p1/8/2B1N1p1/4BP2/PPP4Q/2KR3n w - -,d1d6 d8a5 h2h1 a5b4 c4e6 b4b2 c1d2 c6e5 f3g4 b2b4,-35
r1bq1rk1/pppn1ppp/3b1n2/3PN1B1/2BPp3/8/PPP2PPP/RN1QK2R w KQ -,e1h1 d7e5 d4e5 d6e5 b1d2 c8f5 f1e1 f8e8 c4b5 e8e7,-52
2r3k1/r3ppbp/1p1p2p1/pP6/3P4/1K2P1B1/1P3PPP/R6R w - -,h1c1 a7c7 c1c3 c7c3 b2c3 g8f8 a1c1 e7e5 d4e5 g7e5,70
1rb2r2/1p1k2pp/p1np4/3N4/4PP2/2P5/P5PP/RN3RK1 w - -,a2a4 b7b5 a4b5 a6b5 b1d2 c6e7 d5b4 e7c6 d2b3 g7g6,180
rnbqr1k1/1pp2pp1/p4n1p/3p4/3P4/B1P2NP1/P3PPBP/R2Q1RK1 w - -,c3c4 c7c6 f3e5 b8d7 a3b2 f6e4 a1c1 d8a5 c1c2 a5a2,31
r2q1rk1/1p3pp1/p1nbb2p/2pN4/3P4/1Q1BPN2/PP3PPP/R3K2R w KQ -,e3e4 c5c4 b3c4 c6b4 c4b3 b4d5 e4d5 d8a5 e1f1 e6d5,-75
2r4r/1pN1pkb1/p4npp/4p3/8/1q2B3/1P2QPPP/R2R2K1 w - -,e3f4 c8c7 f4e5 c7c2 e2e1 b3c4 a1c1 c2c1 d1c1 c4e6,-413
3k2r1/pQ1bqp2/2nNp1r1/3pP3/1P5p/2P2NP1/P4P1P/R4RK1 w - -,b4b5 e7f6 e5f6 g6f6 b5c6 d7c6 b7a7 c6d7 f3e5 d8e7,1408
8/8/3K1k2/8/5N2/5B2/8/8 w - -,f3e4 f6g5 d6e5 g5h6 e4f3 h6h7 f3d5 h7g7 e5e6 g7g8,20000
2r2rk1/p2n1ppp/3qp1b1/2pp4/2P5/1Q2P3/PP1NBPPP/2R2RK1 w - -,c4d5 e6d5 f1d1 f8d8 b3a3 d6b6 e3e4 d5d4 e2g4 h7h5,24
r1bqk2r/1pp1n1p1/p1np4/2b1pp1p/4P3/2NP2PP/PPP1NPB1/R1BQ1RK1 w kq -,g1h2 c8e6 e4f5 e6f5 c3e4 c5b6 e4g5 d8d7 c1e3 b6e3,90
r5k1/pp2qrb1/2npB1p1/8/4N1p1/4BP2/PPP4Q/2KR3n w - -,,0
8/8/8/2K1kpp1/3R4/8/8/8 w - -,d1d6 g4f3 h2h1 a8e8 e4g5 e7d6 e6f7 g8f8 f7e8 f8e8,Mate
8/p2b1kp1/2p5/2Pr4/4QB1p/P1P4P/6PK/8 w - -,f4d6 f7g8 e4h4 d7f5 h4e7 f5g6 d6e5 g6f7 e5d4 a7a6,846
r1bqkbnr/1p1p1ppp/p1n1p3/2p5/3PPB2/2N5/PPP2PPP/R2QKBNR w KQkq -,d4d5 c6d4 g1f3 d7d6 d5e6 f7e6 e4e5 d6d5 f3d4 c5d4,91
8/8/8/4kp2/2KR2p1/8/8/8 w - -,g1e2 c5d4 e2d4 d7d6 d4c6 b7c6 f1c4 g8f6 d1e2 d6d5,Mate
2r2rk1/p2n1ppp/3q2b1/2pp4/8/1Q2P3/PP1NBPPP/2R2RK1 w - -,f1d1 f8d8 b3a3 d6b6 e3e4 d5e4 d2c4 b6b8 a3a5 d7f8,20
r4rk1/2pqbppp/1pnp1n2/p2bp3/2B1P3/3PBN1P/PPP2PP1/R2Q1RK1 w - -,b2b3 d5c4 b3c4 g8h8 f1e1 d7e8 d3d4 f6d7 a1b1 c6d8,-527
r1b2rk1/pp1q1ppp/2n1p1n1/3p4/2PP4/P1PB1NB1/5PPP/R2QR1K1 w - -,c4d5 e6d5 c3c4 g6e7 a1b1 h7h6 c4c5 d7d8 h2h3 b7b6,196
rnbqr1k1/2p2pp1/p4n1p/1p1p4/3P4/B1P2NP1/P1Q1PPBP/R4RK1 w - -,f3e5 c8b7 c3c4 b8c6 e2e3 d8c8 c4b5 c6e5 d4e5 f6e4,42
8/5k2/3K4/8/8/3N1B2/8/8 w - -,f3e5 c8b7 c3c4 b8c6 e2e3 d8c8 c4b5 c6e5 d4e5 f6e4,Mate
6k1/5ppp/4p3/r7/8/2p1P3/5PPP/2R2K2 w - -,g2g3 a5a3 f1e2 g7g5 e2d3 a3a2 c1c2 a2a1 c2c3 a1h1,-7
r3q1k1/1p4p1/2pnbr2/p3N2p/3P4/2N2Q2/PP3PPP/1K1RR3 w - -,b1a1 f6f3 g2f3 g8h7 d4d5 e6d5 f3f4 d6f5 h2h4 f5h4,-389
8/8/8/4kp2/3R4/3K2p1/8/8 w - -,b1a1 f6f3 g2f3 g8h7 d4d5 e6d5 f3f4 d6f5 h2h4 f5h4,Mate
8/5B2/5bP1/7p/8/k7/1pK5/8 w - -,g6g7 f6g7 f7e6 h5h4 c2b1 g7f6 e6h3 a3b3 h3f5 b3c3,-1003
8/8/3K1k2/7B/8/3N4/8/8 w - -,h5f3 f6f7 d6e5 f7g7 e5f5 g7f7 f3d5 f7e7 f5e5 e7d7,20000
8/p4kp1/2pB4/2Pr1b2/4Q2p/P1P4P/6PK/8 w - -,e4h4 f7g8 h4e7 f5g6 d6e5 g6f7 e5d4 a7a6 e7c7 a6a5,847
r1bqk2r/ppp2ppp/2nbpn2/3pN3/3P4/1N6/PPP1PPPP/R1BQKB1R w KQkq -,e5c6 b7c6 g2g3 a7a5 a2a4 e6e5 f1g2 e8h8 e1h1 f8e8,-21
2r4r/1pN1pkb1/p4npp/4p3/q7/3RB3/1P2QPPP/2R3K1 w - -,f2f3 f6e8 b2b3 a4a3 b3b4 a3a4 d3c3 c8c7 c3c7 e8c7,-81
3qrbk1/r2nnpp1/b3p2p/2ppP2P/p4BN1/PpPP1NP1/1P1QRPB1/R5K1 w - -,a1e1 a6b5 g4h2 d8a5 g3g4 a5a6 e1d1 b5c6 f3h4 a6a5,49
r2q1rk1/1p4p1/p1nbb2p/2pN1p2/3PB3/1Q2PN2/PP3PPP/R3K2R w KQ -,e4c2 d8a5 e1d1 c5c4 b3c4 e6d5 c4d5 a5d5 c2b3 d5b3,-358
r4k2/pp2qrb1/2npB1p1/6N1/6p1/4BP2/PPP4Q/2KR3n w - -,d1e1 f7f3 e3d2 h1f2 g5f3 g4f3 h2f2 c6e5 e6d5 a8c8,-37
4rbk1/5p1p/p2rp1pP/1pqn2B1/4B3/2P3P1/PPQ2PK1/3RR3 w - -,c2b3 d5b6 g5e3 c5c7 b3c2 d6d1 e1d1 e8d8 d1d8 c7d8,76
2r3k1/2r1p1bp/1p1p2p1/pP3p2/3P4/1KR1P1B1/1P3PPP/R7 w - -,a1c1 c7c3 c1c3 c8c3 b2c3 g6g5 f2f3 g8f7 c3c4 f7e8,178
r1bqkbnr/1p1p1ppp/p3p3/2pP4/3nPB2/2N5/PPP2PPP/R2QKBNR w KQkq -,g1f3 d7d6 d5e6 f7e6 e4e5 d4f3 d1f3 d6d5 e1a1 d8a5,89
r5k1/pp3rp1/4Q2p/3pPp2/5P2/1P1q4/P6P/5RRK w - -,g1e2 d7d6 d5e6 f7e6 e4e5 d4e2 f1e2 d6d5 d1d2 d8c7,Mate
8/8/2pp2p1/6P1/1PK4P/6k1/8/8 w - -,h4h5 g6h5 g5g6 g3f4 g6g7 c6c5 b4c5 d6c5 g7g8q h5h4,985
2r2rk1/p4ppp/3q1nb1/2pp4/8/1Q2PN2/PP2BPPP/2R2RK1 w - -,f1d1 c5c4 b3a4 d6b6 b2b3 f6e4 f3d4 e4c5 a4b5 g6d3,12
r1bqr1k1/2p2pp1/p1n2n1p/1p1p4/3P4/B1P2NP1/P1Q1PPBP/R3R1K1 w - -,,0
r1bqkb1r/ppp2ppp/4pn2/3pn3/3P4/1N6/PPP1PPPP/R1BQKB1R w KQkq -,d4e5 f6d7 f2f4 a7a5 a2a4 f7f6 e2e4 f6e5 e4d5 e5f4,-27
r3k2r/2p1bpp1/p3pq1p/8/N2pP3/8/PPP1QPPP/R4RK1 w kq -,e4e5 f6f5 a1d1 a8d8 e2a6 f5e5 a6c6 e8f8 c2c3 g7g6,18
r3k2r/ppqnbppp/2p1pn2/3p3b/3P4/2PBPN1P/PP1N1PP1/R1BQR1K1 w kq -,e3e4 h5g6 d1c2 d5e4 d2e4 e8h8 e4f6 d7f6 d3g6 h7g6,46
r4rk1/2pqbppp/1pnp4/p2np3/4P3/3PBN1P/PPP2PP1/R2Q1RK1 w - -,e3c1 d5f6 c1g5 f6e8 g5e7 d7e7 f1e1 c6d8 d3d4 e8f6,-511
8/5Bb1/8/5P1p/8/k7/1pK5/8 w - -,f7e6 h5h4 e6d5 h4h3 c2b1 h3h2 d5f3 a3b3 f3b7 b3c3,-1028
6r1/n1kbqp2/3Np1r1/3pP3/1P5p/2P2NP1/P4P1P/R4RK1 w - -,a1b1 h4g3 f2g3 f7f6 f3h4 g6g4 h4g2 e7h7 e5f6 c7d6,-610
r2n1k2/pp2qrb1/3pB1p1/6N1/6p1/4BP2/PPP4Q/2K4R w - -,g5h7 f8g8 e6f7 d8f7 h1e1 e7e5 h2e5 d6e5 h7g5 f7g5,-351
r1bqkb1r/pppn1ppp/4p3/3pP3/8/1N6/PPP1PPPP/R1BQKB1R w KQkq -,f2f4 f8e7 e2e4 d5e4 c1e3 d7b6 d1d8 e7d8 g2g3 b6d5,-25
r1bq1rk1/1p1n1pbp/p2p1np1/2pP4/2P2P2/2NB4/PP2N1PP/R1BQ1RK1 w - -,a2a4 f6e8 f4f5 d7e5 e2g3 d8h4 f1f4 h4d8 d3c2 c8d7,77
4rbk1/5p1p/p3p1pP/1pqr2B1/8/2P3P1/PPQ2PK1/3RR3 w - -,g5c1 d5h5 c1e3 c5c6 f2f3 g6g5 e1h1 h5h1 d1h1 f7f6,-31
r2q1rk1/1Q4p1/p2bb2p/n1pN1p2/3PB3/4PN2/PP3PPP/R3K2R w KQ -,b7a8 f5e4 a8d8 f8d8 d5f4 d6f4 f3d2 f4b8 d4c5 b8e5,38
r1b1kbnr/1p1p1ppp/pq2p3/2pP4/3nPB2/2N2N2/PPP2PPP/R2QKB1R w KQkq -,c3a4 b6a5 a4c3 a5b6 d1d2 d7d6 d5e6 c8e6 e1a1 d4f3,86
r2r1n2/p5kp/1p3p2/3bQ3/3B4/6P1/q4PBP/3R2K1 w - -,f4d2 g8f6 f1d3 f8d6 g2g4 h7h6 a2a4 b6c7 h2h3 d4f3,Mate
2r3k1/4p1bp/1p1p2p1/pP3p2/3P4/1Kr1P1B1/1P3PPP/2R5 w - -,b3a2 c3c1 e3e4 f5e4 g3f4 c1g1 g2g4 g1g4 f4e3 g4g2,Mate
6r1/2k5/1pnR4/p1p1PK1p/P7/1P5P/1B6/8 w - -,b2c1 g8g1 c1f4 c6d4 f5e4 d4e2 f4e3 e2c3 e4f5 g1f1,33
2bqr1k1/3nrpp1/2p2p1p/p1P2P2/2BPR3/3Q2N1/P5PP/5RK1 w - -,g3h5 g8h8 d3g3 e8g8 e4e7 d8e7 f1e1 e7f8 g1h1 a5a4,410
r4rk1/2pqbppp/1p1p4/p2Pp3/1n6/3PBN1P/PPP2PP1/R2Q1RK1 w - -,c2c3 b4d5 e3d2 e7f6 f1e1 f8e8 a2a3 a5a4 d1c2 d5e7,-173
r1bqr1k1/2p2pp1/2n2n1p/pp1p4/3P4/B1P3P1/P1QNPPBP/R3R1K1 w - -,e2e4 d5e4 d2e4 c8f5 e4f6 d8f6 c2d2 f5d7 a3c5 a8b8,46
r4rk1/pb3p1p/3q1bp1/1pp1p3/8/2PPNP2/PP2N1PP/R2Q1RK1 w - -,e2g3 f6g5 f1e1 a8d8 d1b3 d6d3 e3g4 b7d5 g4f2 g5e3,-146
4rbk1/5p1p/p2qp1pP/1p1r4/8/2P1B1P1/PPQ2PK1/3RR3 w - -,b2b3 e8c8 d1d5 d6d5 g2g1 e6e5 e1d1 c8c3 c2g6 h7g6,11
4rrk1/pppnqpp1/4p2p/3pP2Q/8/2P1PNP1/PP3PP1/2KR3R w - -,d1d4 g8h7 d4h4 f7f6 e5f6 e7f6 h4f4 f6e7 g3g4 e6e5,55
r2r1n1k/p5Rp/1p3p2/3bQ3/3B4/6P1/q4PBP/3R2K1 w - -,d1d4 g8h7 d4h4 f7f6 e5f6 e7f6 h4f4 f6e7 g3g4 e6e5,Mate
r1b1kb1r/pppn1ppp/4p3/3pP3/5P1q/1N6/PPP1P1PP/R1BQKB1R w KQkq -,g2g3 h4g4 f1g2 f7f6 e5f6 d7f6 c2c4 g4g6 c1d2 f8d6,26
8/8/3p2p1/2p3PP/1PK5/6k1/8/8 w - -,g2g3 h4g4 f1g2 f7f6 e5f6 d7f6 c2c4 g4g6 c1d2 f8d6,Mate
2r2rk1/p4ppp/1q3nb1/2pp4/8/1Q2PN2/PP2BPPP/2RR2K1 w - -,f3h4 f8d8 h2h3 c5c4 b3b6 a7b6 h4g6 h7g6 h3h4 b6b5,20
8/6b1/8/5P1B/8/8/kpK5/8 w - -,f3h4 f8d8 h2h3 c5c4 b3b6 a7b6 h4g6 h7g6 h3h4 b6b5,Mate
r1bqk2r/pp1p1ppp/2n1pn2/8/1b1P4/2N2NP1/PP2PP1P/R1BQKB1R w KQkq -,f1g2 d7d5 f3e5 d8b6 c1e3 b4e7 a1b1 e8h8 e1h1 c8d7,13
r1bqr1k1/2p2pp1/2n2n1p/pp6/3Pp3/B1P3P1/P1QN1PBP/R3R1K1 w - -,d2e4 c8f5 e4f6 d8f6 c2b3 b5b4 a3b2 f6d6 c3b4 a5b4,45
r1b1k2r/pp1p1ppp/1qn1p3/2b5/4P1n1/2N2N2/PPPBQPPP/R3KB1R w KQkq -,e1a1 b6a6 e2e1 c5f2 f1a6 f2e1 h1e1 b7a6 d2f4 f7f6,23
1r4k1/2p2pp1/8/p3p3/Pq2P1BP/4Q1P1/5PK1/2R5 w - -,c1c7 b4a4 e3g5 a4e4 g4f3 e4d3 g5e5 b8f8 e5a5 f8d8,610
r3k2r/2p1qpp1/p3p2p/2b5/4N3/8/PPP1QPPP/R4RK1 w kq -,e2c4 c5f2 e4f2 e8h8 f2d3 a8d8 a1e1 d8d6 g1h1 e7d8,416
r2q1rk1/6p1/pQ1bb2p/n1pN4/3Pp3/4PN2/PP3PPP/R3K2R w KQ -,d4c5 e6d5 b6d8 a8d8 f3d2 d6c5 e1h1 a5c6 a1c1 c5a7,-587
r1bqk2r/1pp1n1p1/p1np4/2b1p1Bp/4p3/2NP2PP/PPP1NPB1/R2Q1RK1 w kq -,d3e4 d8d7 g1h2 c6d8 c3d5 e7d5 e4d5 d7f5 f2f4 f5g6,98
r1bqk2r/pppnbppp/4p3/3pP3/5P2/1N6/PPP1P1PP/R1BQKB1R w KQkq -,e2e4 d5e4 d1e2 f7f5 c1e3 d7b6 a1d1 c8d7 b3c5 e7c5,-32
r4rk1/p1q2ppp/b3pn2/3p4/3B4/P4B2/1PPQ1PPP/R3K2R w KQ -,e1a1 e6e5 d4c3 a6b7 h1e1 f8e8 c3a5 c7c4 c1b1 a8b8,48
r1bqkn1r/pp2b1pp/2n1pp2/2ppP3/3P1N2/2PB4/PP1N1PPP/R1BQ1RK1 w kq -,d1h5 e8d7 h5g4 c5d4 d2f3 f6f5 g4g7 f8g6 f3d4 g6f4,248
8/8/2k3p1/r5Pp/3R3P/2K5/8/8 w - -,,0
r3q1k1/1p4p1/2pn1r2/p3Nb1p/3P1P2/2N3Q1/PP4PP/K2RR3 w - -,d4d5 e8f8 d5c6 b7c6 g3f3 d6f7 c3e4 f5e4 e1e4 f7e5,235
2r5/4pkbp/1p1p2p1/pP3p2/3P4/1KP1P1B1/5PPP/2R5 w - -,c3c4 g6g5 f2f3 c8b8 g3f2 e7e5 b3a4 f5f4 d4e5 g7e5,82
2b5/p5p1/2p3k1/2r5/5B1Q/P1P4P/6PK/8 w - -,h4g3 g6f7 f4e5 c5e5 g3e5 c8e6 e5c7 f7f6 h3h4 e6d5,788
r1bqk2r/bpp1n1p1/p1np4/4p1Bp/4N3/3P2PP/PPP1NPB1/R2Q1RK1 w kq -,c2c4 e8h8 g1h2 c8f5 f2f4 d8d7 f4e5 d6e5 e2c3 f5g6,89
8/8/3p2pP/6P1/1pK5/6k1/8/8 w - -,g5c1 d6d5 e4g5 d8d6 c2c3 d6g6 d3d4 c8f5 d4e5 c6e5,Mate
8/1r6/5pk1/R6p/7P/5P1K/8/8 w - -,,0
r2r1nk1/p3R1pp/1p3p2/3bQ3/3B4/6P1/q4PBP/3R2K1 w - -,h3g3 b7b4 a5a1 b4b8 a1a4 b8b5 a4a7 b5b3 a7c7 b3b2,Mate
8/8/6K1/pp6/7p/1P6/P4Pk1/8 w - -,g6h5 g2f2 b3b4 a5b4 h5h4 f2e3 h4g5 e3d3 g5g4 d3c2,-1214
r7/pppqn3/2n1k1N1/3p1p2/3P1B2/2PBP2Q/P2K1P2/R7 w - -,g6h5 g2f2 b3b4 a5b4 h5h4 f2e3 h4g5 e3d3 g5g4 d3c2,Mate
r7/4pkbp/1p1p2p1/pP3p2/3P4/1KP1PPB1/6PP/2R5 w - -,b3a4 a8c8 c3c4 f7e8 g3f2 e7e5 c4c5 e8d7 c5c6 d7c7,155
r4rk1/p1q2p1p/b3pp2/3p4/8/P4B2/1PPQ1PPP/R3K2R w KQ -,d2d4 f8c8 d4f6 c7c2 h2h4 a8b8 b2b4 e6e5 f6g5 g8f8,-114
r2q1rk1/6p1/pQ1bb2p/n1PN4/8/4Pp2/PP3PPP/R3K2R w KQ -,b6d6 e6d5 g2f3 d5f3 d6d8 a8d8 h1g1 a5c6 g1g6 c6b4,-603
8/4k3/8/4P2p/3KP2p/8/8/8 w - -,,0
8/2k5/1pn5/p1p1PK1p/P7/1P1R3P/1B4r1/8 w - -,e5e6 g2b2 d3d7 c7c8 f5f6 b2b3 d7d6 b3f3 f6g5 c6e7,-409
r4rk1/ppqnbppp/2p1p3/7b/3PB3/2P2N1P/PP3PP1/R1BQR1K1 w - -,e4c2 d7f6 c1e3 a8c8 d1e2 c6c5 d4c5 e7c5 e3c5 c7c5,4
r2r2k1/p5pp/1p2Rp2/3bQ3/3B4/6P1/q4PBP/3R2K1 w - -,g2d5 a2d5 e6e8 g8f7 e5d5 d8d5 e8a8 a7a5 a8a7 f7g6,Mate
8/8/3p2pP/6P1/1K4k1/8/8/8 w - -,g2d5 a2d5 e6e8 g8f7 e5d5 d8d5 e8a8 a7a5 a8a7 f7g6,Mate
rnbqk1nr/1p3ppp/p3p3/2p5/1bPPP3/2N5/PP4PP/R1BQKBNR w KQkq -,g1e2 c5d4 d1d4 d8d4 e2d4 g8f6 e4e5 f6e4 a2a3 b4c3,-96
r2r2k1/pb3p1p/3q1bp1/1pp1p3/8/2PPNP2/PPQ1N1PP/R4RK1 w - -,e3g4 f6g5 a2a4 b5b4 g4f2 g5e3 a1d1 a7a5 e2g3 b7a6,-148
4rr2/pppnqppk/4p2p/3pP2Q/3R4/2P1PNP1/PP3PP1/2K4R w - -,f3g5 h7g8 g5f3 g8h7 d4h4 f7f6 e5f6 e7f6 h4f4 f6e7,44
r1bqr1k1/1p1n1pbp/p2p1np1/2pP4/P1P2P2/2NB4/1P2N1PP/R1BQ1RK1 w - -,e2g3 d8e7 c1d2 h7h5 d1f3 e7d8 h2h3 h5h4 g3e2 a8a7,104
8/2k5/1pn5/p1p1PK1p/P7/1PBR3P/5r2/8 w - -,d3f3 f2f3 f5g5 f3c3 g5h5 c6e5 h3h4 c7d6 h5g5 c3b3,-3412
5rk1/p1p3pp/2qnb3/2p5/2P3P1/1P2prNP/PB2QP2/4RRK1 w - -,b2g7 f3f2 f1f2 e3f2 e2f2 f8f2 g1f2 e6g4 h3g4 g8g7,-484
r2q1rk1/6p1/p2Q3p/n1Pb4/8/4Pp2/PP3PPP/R3K2R w KQ -,e1h1 d8g5 d6g3 f3g2 f1d1 g5f5 f2f4 a5c6 a1c1 a8e8,-607
2r2rk1/p4ppp/1q3nb1/3p4/2p5/Q3PN2/PP2BPPP/2RR2K1 w - -,b2b3 c4c3 d1d4 a7a5 d4a4 c8c5 b3b4 a5b4 a4b4 b6c7,14
2b5/p4kp1/2p5/2r5/5B2/P1P3QP/6PK/8 w - -,f4e5 f7e6 g3g4 e6e5 g4d4 e5e6 d4c5 e6f7 c5c6 c8f5,822
r2qr1k1/2p2pp1/b1n2n1p/pp1p4/3P4/B1P3P1/P1QNPPBP/1R2R1K1 w - -,e2e4 b5b4 a3b2 c6e7 e4e5 f6h7 d2f1 a6c8 f1e3 c8e6,79
1nbqr1k1/4rpp1/2p2p1p/p1P2P2/2BPR3/3Q2N1/P5PP/4R1K1 w - -,h2h3 d8c7 g3h5 e7e4 e1e4 e8e4 d3e4 c7d8 e4d3 d8f8,254
r4rk1/ppqnb1pp/2p1p3/5p1b/3PB1P1/2P2N1P/PP3P2/R1BQR1K1 w - -,e4f5 f8f5 g4f5 a8f8 e1e6 f8f5 e6e7 f5f3 d1e1 f3f6,216
8/5Bb1/8/5P2/8/8/1pK5/k7 w - -,f3g5 f5e4 g5e6 c7d6 e6f8 a8f8 e1e4 h5g6 d1b3 g6f7,Mate
8/1p3pbk/6p1/p2r3p/2Np4/2P3PP/PP3PK1/3R4 w - -,c3d4 a5a4 c4b6 d5d4 d1d4 g7d4 b6a4 g6g5 a4c3 h7g6,60
8/8/r5p1/Pk4Pp/R6P/3K4/8/8 w - -,a4a1 b5c5 d3e4 c5d6 e4d4 d6d7 d4c5 d7c7 a1a4 a6c6,454
rnb1k2r/pp1n1ppp/1q6/2bpP3/5P2/8/PP1N2PP/R1BQKBNR w KQkq -,g1h3 d7e5 f4e5 c8h3 d1b3 h3e6 d2f3 b8c6 b3b6 c5b6,-255
1r4k1/2p2pp1/8/p3p3/q3P1BP/4Q1PK/5P2/2R5 w - -,c1c7 b8d8 h3g2 a4d4 e3g5 d4d6 c7a7 a5a4 g5f5 d6f8,500
r1bq1rk1/p4p2/2p2b1p/1p2P2Q/2pP4/2P1P3/PPB3PP/R5K1 w - -,e3a7 b8f8 h3g2 a4e4 g4f3 e4d4 c1c7 d4a7 c7a7 a5a4,Mate
8/7P/3p2p1/6k1/1K6/8/8/8 w - -,e3a7 b8f8 h3g2 a4e4 g4f3 e4d4 c1c7 d4a7 c7a7 a5a4,Mate
8/2k5/1pn5/p1p1P1Kp/P7/1PBR3P/4r3/8 w - -,g5f6 e2f2 f6e6 c6d8 e6d5 f2e2 d3g3 h5h4 g3f3 c7d7,17
r2qr1k1/2p2pp1/b1n2n1p/pp6/3Pp3/B1P3P1/P1QN1PBP/1R2R1K1 w - -,d2e4 f6e4 e1e4 d8d7 a3c5 b5b4 c3c4 a8d8 d4d5 c6e5,131
r3q1k1/6p1/2pn1r2/pp2Nb1p/3P1P2/2N3Q1/PP4PP/K1R1R3 w - -,h2h3 a5a4 g3f3 a4a3 b2b4 a8c8 g2g4 f5e6 f4f5 h5h4,192
r4rk1/2p1bppp/1p1p4/p2Ppq2/1nP5/3PBN1P/PP3PP1/R2Q1RK1 w - -,d1b1 f5d3 a2a3 d3b1 a1b1 b4d3 f1d1 d3c5 e3c5 b6c5,-196
r4rk1/6p1/p2q3p/n1Pb4/8/4Pp2/PP3PPP/2KR3R w - -,c5d6 f3g2 h1g1 a8c8 c1d2 d5f3 g1g2 f3g2 f2f4 g8h8,-780
8/8/6K1/pp3P2/8/1P6/P5kp/8 w - -,f5f6 h2h1q g6f5 h1h5 f5f4 b5b4 f4e4 h5g6 e4e5 g6f7,-1297
R7/P4pp1/4p2p/4k3/8/r4P2/4KP1P/8 w - -,a8b8 a3a7 e2f1 e5d6 f1g2 e6e5 g2g3 d6d5 b8d8 d5e6,-11
7Q/8/3p2p1/5k2/1K6/8/8/8 w - -,h2h4 e5f4 a8g8 a3a2 e2f1 a2a7 f1g2 f7f6 g8e8 e6e5,Mate
2b5/p4kp1/2p5/4r3/8/P1P3QP/6PK/8 w - -,g3e5 c8e6 e5c7 f7g8 c7c6 e6f7 h2g3 g8h7 g3f4 f7b3,872
r2q1rk1/pp2bppp/2n1bn2/2P5/3p4/2N2NPP/PP2PPB1/R1BQ1RK1 w - -,c3b1 d8d7 f3g5 e6f5 e2e4 f5g6 b2b4 a8e8 c1a3 a7a6,-62
r2qr1k1/2p2pp1/b1n4p/pp1n4/3PN3/B1P3P1/P1Q2PBP/1R2R1K1 w - -,e4c5 e8e1 b1e1 c6e7 e1e7 d8e7 g2d5 a8d8 c2e4 e7e4,276
1r3rk1/p4ppp/1q3nb1/3p4/2pN4/Q3P3/PP2BPPP/2RR2K1 w - -,b2b3 h7h6 b3c4 d5c4 e2c4 f8c8 d4e2 g6f5 e2f4 g7g5,161
8/8/5PK1/pp6/8/1P6/P5k1/7q w - -,g6f5 h1h5 f5e6 b5b4 e6d6 h5f5 d6e7 f5e5 e7f7 g2g3,-1301
r1b2rk1/pp5p/1q5b/5p2/1P1pN3/P7/4B1PP/R2Q1R1K w - -,e4g3 f5f4 g3e4 c8f5 e4c5 b6g6 d1d4 h6g7 d4c4 g8h8,-79
4rr2/pppn1ppk/4p2p/3pP1qQ/3R4/2P1P1P1/PP3PP1/2K4R w - -,h5g5 f7f6 e5f6 f8f6 d4g4 e8g8 e3e4 d5e4 g4e4 g8f8,541
8/5p2/4kp2/p1r1p1rp/8/1PpR1PP1/P1P4P/1K2R3 w - -,a2a4 h5h4 f3f4 g5g8 d3f3 h4g3 h2g3 g8d8 f4f5 e6e7,24
rnb1k2r/pp1n1ppp/1q6/3pP3/5P2/5N2/PP3bPP/R1BQKBNR w KQkq -,e1d2 d7c5 g1h3 c5e4 d2e2 b8c6 d1b3 c6d4 f3d4 b6d4,-295
r2r2k1/p3Rppp/1p4n1/3b2Q1/3B4/6P1/q4PBP/3R2K1 w - -,e7e8 d8e8 g2d5 a2e2 d1d2 e2e1 g1g2 a8d8 d4c3 e1e7,-378
8/6b1/8/5P2/2B5/8/2K5/kq6 w - -,e7e8 d8e8 g2d5 a2e2 d1d2 e2e1 g1g2 a8d8 d4c3 e1e7,Mate
6rk/3R2bp/2p1N3/pp2P3/2K3Q1/1PB3p1/P1q5/8 w - -,c4c5 g7f8 c5b6 g8g4 c3d4 g4d4 d7d4 g3g2 d4d8 g2g1q,-678
r4r1k/1pq3b1/3p2pp/p4bN1/1n1pNP1Q/1B1P4/PPP4P/R4R1K w - -,a2a3 a5a4 b3e6 c7e7 e6f5 g6f5 a3b4 f5e4 h4h3 e4d3,28
3Q4/8/3pk1p1/8/1K6/8/8/8 w - -,a2a3 a5a4 b3e6 c7e7 e6f5 g6f5 a3b4 f5e4 h4h3 e4d3,Mate
r2qr1k1/2p2pp1/b1n4p/p1Nn4/1p1P4/B1P3P1/P1Q2PBP/1R2R1K1 w - -,e1e8 d8e8 g2d5 a6b5 a3b2 a8d8 c3c4 d8d5 c4d5 c6a7,460
r1b1kb1r/pp3ppp/n1p2n2/q3p3/2p1P3/5NPP/PPQPNPB1/R1B1K2R w KQkq -,c2b1 a6b4 e1h1 c8e6 a2a3 b4d3 b2b4 a5c7 c1b2 f8d6,-178
8/7k/7P/1pK5/b1p5/P1P5/1P5P/2B5 w - -,c1e3 h7g8 e3c1 g8h7 c5b4 h7g6 b2b3 c4b3 c3c4 b3b2,930
r4rk1/pp2n1pp/1qnb1p2/8/B2p4/3P1b1P/PP1B1PP1/R2QKN1R w KQ -,d1c2 f3g2 h1g1 g2d5 a4c6 b6c6 c2c6 d5c6 f1g3 d6g3,-656
8/5P2/6K1/pp6/8/1P6/P5k1/1q6 w - -,g6f6 b1a2 f7f8q a2f2 f6g7 f2f8 g7f8 g2f3 f8f7 a5a4,-1300
r2q1rk1/5pp1/1pR4p/3b4/8/P5P1/1P2QPBP/5RK1 w - -,f1d1 d5g2 d1d8 g2c6 d8a8 f8a8 e2c4 a8c8 c4a6 c8b8,312
r3q1k1/2p2pp1/b1n4p/p1Nn4/1p1P4/B1P3P1/P1Q2PBP/1R4K1 w - -,g2d5 a6b5 a3b2 b4c3 b2c3 a8d8 c2e4 c6a7 b1e1 e8e4,463
1r3rk1/p4ppp/1q3nb1/3p4/3N4/Qp2P3/P3BPPP/2RR2K1 w - -,c1c6 b6d8 a2b3 h7h5 c6d6 d8e8 d6a6 h5h4 d4c6 b8b7,181
2rq1rk1/pp3pp1/3bp2p/8/3nQ3/2P2N1P/PP3PP1/R3R1K1 w - -,f3e5 d6e5 e4e5 d4c6 e5b5 d8c7 a1d1 c8d8 b5c5 d8d7,-447
2r2rk1/6p1/p2P3p/n2b4/8/4Pp2/PP3PPP/2KR3R w - -,c1d2 f3g2 h1g1 f8f2 d2d3 d5c6 h2h4 c6b5 d3e4 b5d7,-774
8/2PK4/8/8/8/8/6k1/3q4 w - -,,0
2rb3r/1b1k1p2/p2p1n1p/1pqPn3/3N2P1/1P4QP/1BP3B1/1K1RR3 w - -,e1e3 f6d5 g2d5 b7d5 e3c3 e5c4 b3c4 b5c4 b2a3 c5b6,-104
8/5p2/4kp2/p1r1p1r1/7p/1PpRRPP1/P1P4P/1K6 w - -,d3d1 e6f5 f3f4 g5g4 d1f1 e5f4 a2a4 f5g6 e3e8 h4g3,-21
8/2k5/1p6/p1p1n2K/P7/1PBR3P/4r3/8 w - -,d3g3 c5c4 b3c4 e5c4 h3h4 c4d6 g3g5 c7c6 c3g7 d6e8,7
5rk1/p1p3pp/2qnb3/2p5/2P3P1/PP3rNP/1B2Qp2/4RRK1 w - -,g1h2 f2e1q e2e1 f3f1 g3f1 c6e4 e1e4 d6e4 f1g3 e4g3,Mate
6Q1/8/3p1kp1/8/1K6/8/8/8 w - -,g1h2 f2e1q e2e1 f3f1 g3f1 c6e4 e1e4 d6e4 f1g3 e4g3,Mate
r4rk1/ppqnb1pp/2p5/5p1b/3P2P1/2P2N1P/PP3P2/R1BQR1K1 w - -,c1f4 c7f4 g4h5 e7d6 c3c4 d7f6 g1g2 g8h8 e1e6 f6h5,-379
b1r3k1/2r5/p2qNQp1/1p1p1p1p/1P5P/P3PBP1/2R2P2/5K2 w - -,f6g6 g8h8 g6f6 h8g8 c2c7 c8c7 f6g6 g8h8 g6e8 h8h7,893
r2qr1k1/pppbnpb1/2n1p1p1/3pP1Np/3P3P/2PB1N2/PP3PP1/R1BQK2R w KQ -,g2g4 h5g4 h4h5 g4f3 g5f7 g8f7 h5g6 f7g8 d1f3 e7f5,301
8/5PK1/8/pp6/8/1P6/Pq4k1/8 w - -,g7h7 b2f6 h7g8 f6g6 g8f8 g2f3 f8e7 g6g5 e7e6 g5d8,-1381
r1bq1rk1/1p1p1ppp/p1nbpn2/2p5/2P5/1PN2NP1/P2PPPBP/R1BQ1RK1 w - -,c1b2 f8e8 a1c1 a8b8 d2d4 c5d4 f3d4 d6f8 d4c6 b7c6,76
rr4k1/pq1npp1p/3p2p1/2pP4/2P5/2Q1PN2/P4PPP/2R2RK1 w - -,c3d3 b7b2 c1c2 b2f6 h2h3 b8b2 d3d2 b2b7 d2c1 a8b8,-71
3K4/2P5/8/8/8/3q4/6k1/8 w - -,,0
8/4k3/8/4P2p/4P2p/4K3/8/8 w - -,,0
2r2rk1/6p1/p2P3p/n7/4b3/4Pp2/PP3PPP/1K1R3R w - -,b1a1 f3g2 d6d7 g2h1r d1h1 e4h1 d7c8q f8c8 b2b3 h1e4,-976
4rr2/pppn2pk/4pp1p/3pP1Q1/3R4/2P1P1P1/PP3PP1/2K4R w - -,e5f6 f8f6 d4g4 e8g8 e3e4 d5e4 g5e3 g8e8 h1d1 f6f7,596
5rk1/p1p3pp/2qnb3/2p5/2P3P1/1P2P1rP/PB2Q3/4RRK1 w - -,g1h2 f8f1 e2f1 g3f3 f1g2 d6f7 h3h4 c6e4 e1f1 f7e5,Mate
8/p7/2Q1bk2/6p1/8/P1P4P/6PK/8 w - -,c6d6 f6f7 d6e5 e6g4 e5g5 g4h3 h2h3 f7e6 h3g4 e6d6,917
8/8/4k3/4P2p/4P2p/5K2/8/8 w - -,,0
8/5p2/4k3/p1r1ppr1/6Pp/1PpRRP2/P1P4P/1K6 w - -,d3c3 c5c3 g4f5 e6f5 e3c3 f5f4 a2a3 f7f5 b3b4 e5e4,-216
7r/p1p2pp1/1pN1k2p/8/2P1P3/P1n4P/5PP1/3R1K2 w - -,d1c1 c3e4 c6a7 h8a8 a7b5 e6d7 c1d1 d7c6 f2f3 e4d6,-67
r3q1k1/2p2pp1/b1n4p/p1NB4/3P4/p1P3P1/P1Q2P1P/1R4K1 w - -,c2a4 c6a7 a4e8 a8e8 c5a6 e8e2 a6c7 e2b2 b1e1 g7g5,537
b5k1/2r5/p2qNQp1/1p1p1p1p/1P5P/P3PBP1/5P2/5K2 w - -,f6g6 g8h8 g6e8 h8h7 e8h5 h7g8 h5e8 g8h7 e6c7 d6c7,1032
2r2rk1/6p1/p2P3p/n7/4b3/4P3/PP3PpP/K2R3R w - -,d6d7 g2h1q d1h1 e4h1 d7c8q f8c8 b2b3 h1e4 h2h3 g8h7,-1039
8/8/r1k3p1/P5Pp/7P/3K4/8/R7 w - -,d3c4 c6c7 a1a4 a6e6 c4d4 e6d6 d4c5 d6a6 c5b5 a6e6,454
8/8/4k3/4P2p/4PK2/7p/8/8 w - -,,0
8/8/5p2/2KR2p1/4k3/8/8/8 w - -,d5d4 e4e3 c5c4 f6f5 d4d3 e3e2 c4c3 g5g4 c3d4 f5f4,19
8/8/8/4k2p/4P3/6Kp/8/8 w - -,,0
r3q1k1/6p1/2pn1r2/p3Nb1p/1p1P1P2/2N1Q1P1/PP5P/K2RR3 w - -,d1c1 b4c3 e3c3 f5e4 e5c6 f6e6 c6e5 a5a4 c3b4 a8b8,-176
r2r2k1/p3Rppp/1p4n1/3b2Q1/3B4/6P1/3R1PBP/1q4K1 w - -,g2f1 d5c4 e7e2 c4e2 d2e2 d8d4 f2f3 d4d1 e2f2 b1d3,Mate
b3Q3/2r4k/p2qN3/1p1p1p1p/1P5P/P3PBP1/5P2/5K2 w - -,e8h5 h7g8 h5e8 g8h7 e6c7 d6f6 c7a8 d5d4 e8d7 h7g8,1066
7k/3R3p/2p1N3/pp2K3/3Bq1r1/1P4p1/P7/8 w - -,e5d6 e4d4 d6c7 d4e5 c7b7 e5e6 d7d1 g3g2 b7a6 e6e3,-1267
8/8/8/7p/4k3/7K/8/8 w - -,,0
3r1rk1/6p1/p2P3p/n7/4b3/4P3/PP3PpP/K2R2R1 w - -,f2f4 a5c4 d1d4 c4d6 b2b3 e4f3 d4d2 d6e4 d2g2 f3g2,-702
r2r2k1/p3Rppp/1p4n1/6Q1/2bB4/6P1/3R1P1P/1q3BK1 w - -,h2h3 b1f1 g1h2 d8d4 e7c7 c4d5 g5d5 d4d5 d2d5 f1f2,-1473
b3Q3/2q4k/p7/1p1p1p1p/1P5P/P3PBP1/5P2/5K2 w - -,e8a8 h7g7 f1g2 g7f7 a8a6 d5d4 a6b5 f5f4 e3f4 c7d6,889
1nbqr1k1/5pp1/2p2p1p/p1P2P2/2BPr3/P2Q2N1/6PP/4R1K1 w - -,e1d1 e4e1 d1e1 e8e1 g1f2 e1e8 g3e2 d8e7 a3a4 c8a6,-532
8/8/3K1p2/3R4/4k1p1/8/8/8 w - -,,0
8/8/8/4kn2/8/2K2Q2/8/8 w - -,d5c5 g4g3 c5c3 e4f4 c3c4 f4g5 c4c8 g5g4 c8g8 g4f3,Mate
8/5p2/8/p1k4p/2P3pP/3K4/8/8 w - -,d5c5 g4g3 c5c3 e4f4 c3c4 f4g5 c4c8 g5g4 c8g8 g4f3,Mate
r2qr1k1/pppbnpb1/2n1p1p1/3pP1N1/3P2pP/2PB1N2/PP3P2/R1BQK2R w KQ -,h4h5 e8f8 h5h6 g7f6 e5f6 g4f3 f6e7 d8e7 g5f3 e6e5,328
r7/4p1bp/1p1pk1p1/pP6/K2Pp3/2P2PB1/6PP/2R5 w - -,c1f1 a8c8 a4b3 a5a4 b3b2 e4f3 f1f3 e6d5 b2a3 d5c4,-324
8/8/8/7p/3k3K/8/8/8 w - -,,0
5K2/4Qp2/4q3/5p2/8/2k3P1/8/8 w - -,,0
r1b2r1k/pp5p/1q5b/2N2p2/1P1p4/P7/4B1PP/R2Q1R1K w - -,e2d3 h6e3 d1f3 f5f4 a1a2 b6c7 a2c2 c7e7 h2h3 a8b8,-137
4q1k1/2p2pp1/r1n4p/p2B4/3P4/p1P3P1/P1Q2P1P/1R4K1 w - -,c2a4 g8h8 a4c4 c6e7 c4a6 e7d5 a6d3 g7g6 d3f3 e8e6,435
r1bq1n1r/pp1kb1pp/2n1pp2/2ppP2Q/3P1N2/2PB4/PP1N1PPP/R1B2RK1 w - -,h5g4 c5d4 c3d4 f6f5 g4g7 f8g6 f4e6 d7e6 d3f5 e6f5,288
5K2/5q2/8/5p2/8/2k3P1/8/8 w - -,,0
r1b4r/p1p1nkpp/1pnp4/1N4B1/4P3/2P5/P4PPP/RN3RK1 w - -,b5c7 a8b8 b1a3 h8d8 f1d1 f7g8 a3b5 b8b7 f2f3 h7h6,302
8/5p2/4kp2/p1r1p1r1/6P1/1PpRRP1p/P1P4P/1K6 w - -,d3d4 f6f5 a2a3 e6f6 d4a4 g5g8 b3b4 a5b4 a3b4 c5d5,-61
8/8/p1Q1bk2/8/6pP/P1P3P1/7K/8 w - -,c3c4 a6a5 c6d6 f6f5 c4c5 e6c4 c5c6 c4a6 h4h5 f5e4,1835
rn1qkb1r/pppb1ppp/1n2p3/1B2P3/3P4/5N2/PP3PPP/RNBQK2R w KQkq -,b5d3 c7c5 d4c5 f8c5 b1c3 d7c6 e1h1 b6d5 c1d2 d5c3,46
4r2k/p5pb/4rp1p/4n2P/1B1qNR1Q/P5R1/6PK/8 w - -,e4f6 d4f4 h4f4 e6f6 f4d4 h7g8 b4c3 e8e7 d4b4 f6e6,269
3r1rk1/6p1/p2P3p/8/1Pn1b3/4P3/P4PpP/K2R2R1 w - -,f2f3 e4f3 d1d4 c4d6 a2a4 f3e4 a1a2 f8f2 a2b3 e4c2,-864
r7/pppqnk2/2n3NQ/3p1p2/3P1B2/2PBP3/P2K1P2/R7 w - -,f2f3 e4f3 d1d4 c4d6 a2a4 f3e4 a1a2 f8f2 a2b3 e4c2,Mate
rnbqkb1r/pp3ppp/4p1n1/4P3/3p4/5NP1/PP1P1PBP/RNBQK2R w KQkq -,e1h1 b8c6 f1e1 d4d3 a2a3 b7b5 b2b4 a7a5 b4a5 a8a5,33
6r1/5p2/4kp2/p1r1p3/6Pp/1PpRRP2/P1P4P/1K6 w - -,h2h3 f6f5 d3c3 c5c3 e3c3 f5g4 f3g4 f7f5 g4f5 e6f5,-10
r2r2k1/pb3p1p/3q2p1/1pp1p1b1/8/2PPNP2/PPQ1N1PP/3R1RK1 w - -,e3g4 a7a5 g4f2 a5a4 f1e1 f7f5 e2g3 b7c6 e1e2 g8g7,-160
8/8/p3k3/8/6pP/P1P3P1/7K/8 w - -,c3c4 e6e5 h2g1 e5d4 h4h5 d4e5 h5h6 e5f6 g1f2 f6g6,730
8/5P2/6K1/pp6/8/1P6/P5k1/5q2 w - -,a2a3 f1b1 g6g7 b1a1 g7f8 a1a3 f8e8 g2f3 f7f8n a3f8,-1300
8/1p3R2/6pk/7p/8/6PP/1r3PK1/8 w - -,,0
8/8/4k3/p7/2P3pP/P5P1/7K/8 w - -,h4h5 e6f5 h5h6 f5g6 c4c5 g6f5 h2g1 f5e5 g1f2 e5f6,860
3r1rk1/3P2p1/pn5p/8/1P2b3/4P3/P4PpP/K2R2R1 w - -,d1d4 f8f2 d4e4 d8d7 e4f4 d7d2 f4f2 d2f2 g1g2 f2g2,-767
r3r1k1/pp2n1pp/1qnb1p2/8/B2p4/3P1Q1P/PP1B1PP1/R3KN1R w KQ -,b2b4 b6a6 a4b3 g8h8 e1a1 c6e5 f3e2 a6d3 f1g3 a8c8,-353
b1r3k1/2rq4/p4np1/1p1p1p1p/1P1Q3P/P1R1PBP1/2R2P2/5K2 w - -,c3c7 c8c7 c2c7 d7c7 d4f6 g8h7 f6a6 a8c6 f1g2 c7d7,255
r1b2rk1/6pp/p7/P2PQ3/1p5q/4pP2/1PP4P/R3KB1R w KQ -,e5g3 h4d4 f1d3 d4b2 e1h1 c8f5 d3f5 f8f5 g3g4 b2e5,-242
6r1/5p2/4kp2/p3p3/6Pp/1Pr1RP2/P1P4P/1K6 w - -,e3d3 c3d3 c2d3 e6d5 b1c2 d5d4 h2h3 d4e3 c2d1 g8c8,-627
4rr1k/1pq3b1/6pp/p2p1bN1/Pn1p1P1Q/1B1P2N1/1PP4P/R4R1K w - -,g5f3 h8h7 f3g5 h7g8 g5e4 f5c8 f4f5 g6f5 e4d2 g8h7,-63
8/8/3k4/p6P/2P3p1/P5P1/7K/8 w - -,h2g1 d6e5 h5h6 e5f6 c4c5 f6g6 c5c6 g6h6 c6c7 h6g6,1264
5r2/3kp2p/1p1p2pb/pP1P4/K3P3/2P3B1/6PP/5R2 w - -,f1f8 h6f8 e4e5 f8g7 e5e6 d7c7 a4b3 g7f6 g3f2 f6e5,78
3r4/1p1k2pp/p2p1p2/2pR4/4P3/5P2/PPP3PP/2K5 w - -,d5h5 h7h6 h2h4 d7e6 c1d2 d6d5 d2e3 d5e4 h5c5 e4f3,12
5rk1/3r2p1/pn5p/8/PP2b3/4P3/5PpP/K2R2R1 w - -,d1d7 b6d7 f2f4 f8c8 a1a2 c8c2 a2b3 c2f2 b4b5 a6b5,-938
7q/5P2/6K1/pp6/8/1P6/P5k1/8 w - -,d1d7 b6d7 f2f4 f8c8 a1a2 c8c2 a2b3 c2f2 b4b5 a6b5,Mate
8/2k5/7P/p7/2P3p1/P5P1/7K/8 w - -,h2g1 c7c6 h6h7 c6c5 g1f2 c5c4 h7h8q c4c5 f2e3 c5c4,1309
r2q1rk1/5pp1/1pb4p/8/8/P5P1/1P2QPBP/3R2K1 w - -,d1d8 a8d8 g2c6 d8d6 c6b5 g7g6 g1g2 h6h5 a3a4 d6f6,483
6r1/5p2/4k3/p3pp2/6Pp/1PR2P2/P1P4P/1K6 w - -,c3c4 f5g4 c4g4 g8g4 f3g4 f7f5 g4f5 e6f5 c2c4 f5e4,4
1rb4r/p1N1nkpp/1pnp4/6B1/4P3/2P5/P4PPP/RN3RK1 w - -,b1a3 h8d8 f1d1 b8b7 a3b5 d8d7 c7d5 f7f8 f2f3 d7d8,299
8/7P/3k4/p7/2P3p1/P5P1/7K/8 w - -,b1a3 h8d8 f1d1 b8b7 a3b5 d8d7 c7d5 f7f8 f2f3 d7d8,Mate
r1bqkb1r/ppppnpp1/2n5/4p2p/4P3/2N3PP/PPPP1P2/R1BQKBNR w KQkq -,d2d3 d7d5 g1f3 f7f6 c3d5 e7d5 e4d5 d8d5 f1g2 d5f7,-49
r1b1k2r/ppp1qppp/3p4/2b1n3/2Bp1P2/7P/PPP3P1/RNBQR1K1 w kq -,f4e5 d4d3 c1e3 d3c2 d1c2 e7e5 c2c3 e5c3 b1c3 c5e3,275
3r4/1p1k3p/p2p1pp1/2pR4/2P1P3/5P2/PP4PP/2K5 w - -,,0
r3q1k1/6p1/1Np2r2/p3Nn1p/3P1P2/1p4P1/PPb4P/K1QRR3 w - -,e5d7 f6e6 e1e6 e8e6 d7c5 e6e2 d1d2 a8e8 c5b3 e2a6,298
1rb4r/p1N1k1pp/1pnp4/8/4P3/2P5/P4PPP/RN3RK1 w - -,c7d5 e7d7 b1a3 c8a6 f1d1 b8c8 a1c1 h8f8 f2f3 c6e5,148
2r5/3kp2p/1p1p2pb/pP1P4/K3P3/2P3B1/6PP/3R4 w - -,e4e5 c8c3 e5e6 d7c7 g3e1 c3c2 d1d3 c2g2 d3h3 h6g7,-346
7Q/8/3k4/8/p1P3p1/P5P1/7K/8 w - -,e4e5 c8c3 e5e6 d7c7 g3e1 c3c2 d1d3 c2g2 d3h3 h6g7,Mate
7r/2p2pp1/1pN1k2p/p7/2PRP3/P1n4P/5PP1/5K2 w - -,f2f4 f7f5 e4e5 g7g5 d4d3 c3e4 g2g3 e4c5 c6d4 e6d7,32
5Q2/8/3p2p1/4k3/1K6/8/8/8 w - -,h3h4 h6h5 f2f4 g7g6 f1f2 c3a4 e4e5 a4c5 f2f3 h8e8,Mate
rn2kb1r/pp3ppp/1q2p3/2ppPn2/3P4/2PQB3/PP2NPPP/RN3RK1 w kq -,e2f4 b8c6 f4d5 b6d8 d5f4 c5d4 c3d4 f5d4 f1d1 d4f5,-18
rn2kb1r/pppq1ppp/1n2p3/4P3/3P4/5N2/PP3PPP/RNBQK2R w KQkq -,e1h1 b8c6 b1c3 e8a8 d1e2 h8g8 f1d1 f8e7 c1e3 b6d5,5
b1r3k1/2r5/p2q1np1/1pNp1p1p/1P1Q3P/P1R1PBP1/2R2P2/5K2 w - -,c5e6 d6e6 c3c7 c8c7 c2c7 f5f4 e3f4 a8c6 f1g1 e6e1,554
8/4k3/8/4P1P1/4P2p/3K4/8/8 w - -,c5e6 d6e6 c3c7 c8c7 c2c7 f5f4 e3f4 a8c6 f1g1 e6e1,Mate
3r4/1p5p/p2pkpp1/2pR4/2P1P3/5P2/PPK3PP/8 w - -,a2a4 d8b8 f3f4 h7h5 a4a5 h5h4 b2b3 g6g5 f4f5 e6d7,10
rn1qkbnr/1b2pppp/pp6/3pN3/8/2NB4/PPPP1PPP/R1BQK2R w KQkq -,d1f3 g8h6 d3e2 f7f6 d2d4 f6e5 c1h6 g7h6 f3h5 e8d7,-14
8/8/2k5/8/p1PQ2p1/P5P1/7K/8 w - -,d1f3 g8h6 d3e2 f7f6 d2d4 f6e5 c1h6 g7h6 f3h5 e8d7,Mate
r3k2r/2p2pp1/p3pq1p/2b5/4p3/2N5/PPP1QPPP/R4RK1 w kq -,g1h1 c5d6 e2e4 e8h8 c3a4 a8b8 b2b3 b8b5 a1d1 b5e5,-37
1rb4r/p2k2pp/1pnp4/3N4/4P3/2P5/P4PPP/RN3RK1 w - -,f1d1 c6a5 b1a3 c8b7 d5e3 b7e4 a3b5 a5b7 b5a7 b8a8,161
8/8/1k6/3Q4/p1P3p1/P5P1/7K/8 w - -,f1d1 c6a5 b1a3 c8b7 d5e3 b7e4 a3b5 a5b7 b5a7 b8a8,Mate
b1r3k1/2r5/p3qnp1/1p1p1p1p/1P1Q3P/P1R1PBP1/2R2P2/5K2 w - -,c3c7 c8d8 f1g2 f5f4 e3f4 f6e8 c2c1 e6d6 c7a7 d6f6,592
r2r2k1/pb5p/3q2p1/1pp1ppb1/6N1/2PP1P2/PPQ1N1PP/3R1RK1 w - -,g4f2 a7a5 e2g3 a5a4 f1e1 g8g7 g3f1 h7h5 f1e3 g5f6,-162
rnbqk2r/ppp3pp/3p1n2/5p2/1bPPp3/2NBP3/PPQB1PPP/R3K1NR w KQkq -,f2f3 b4c3 d2c3 e4d3 c2d3 e8h8 g1e2 d6d5 e1h1 c7c6,-284
3r4/1p5p/p2pk1p1/2pR1p2/2P1P3/2K2P2/PP4PP/8 w - -,,0
r1bqk2r/pp2bppp/2n2n2/2p5/3p4/1BN2N2/PPPP1PPP/R1BQR1K1 w kq -,f3g5 e8h8 c3e4 f6e4 g5e4 d4d3 b3c4 d3c2 d1c2 c6d4,-108
rnb1kb1r/pp3ppp/2p2n2/q7/2p1p3/4NNP1/PPQPPPBP/R1B1K2R w KQkq -,e1h1 e4f3 g2f3 c8e6 e3c4 a5f5 d2d3 f8e7 c2b3 b7b6,-245
8/8/4k3/4P1P1/4P2p/8/4K3/8 w - -,e1h1 e4f3 g2f3 c8e6 e3c4 a5f5 d2d3 f8e7 c2b3 b7b6,Mate
8/8/8/1kPQ4/p5p1/P5P1/7K/8 w - -,e1h1 e4f3 g2f3 c8e6 e3c4 a5f5 d2d3 f8e7 c2b3 b7b6,Mate
1rb2r2/p2k2pp/1pnp4/3N4/4PP2/2P5/P5PP/RN3RK1 w - -,b1a3 c6e7 a1d1 c8a6 c3c4 e7d5 d1d5 a6b7 d5d4 d7c6,113
b5k1/2r5/p3qnp1/1p1p1p1p/1P1Q3P/P3PBP1/2R2P2/5K2 w - -,c2c7 f5f4 g3f4 f6e8 c7a7 a8c6 f1g1 e6f5 d4e5 f5e5,618
r4rk1/ppqnb1pp/2p1p3/7P/3Pp3/2P2N1P/PP3P2/R1BQR1K1 w - -,c1g5 f8f3 g5e7 a8e8 e7h4 f3h3 h4g3 h3g3 f2g3 c7g3,-475
3r4/1p5p/p2pk3/2pR1p2/2P5/2K2P2/PP4PP/8 w - -,g2g4 d8f8 b2b4 f5g4 f3g4 f8f3 c3b2 c5b4 d5h5 f3f4,-3
6k1/p1p3pp/2q1b3/2p5/2P1n1P1/1P2P1rP/PB2Q2K/5R2 w - -,b2f6 c6d6 f1f4 e6g4 h3g4 g7f6 e2e1 g3g4 h2h1 g4f4,-680
8/8/1kP5/3Q4/p5p1/P5P1/7K/8 w - -,b2f6 c6d6 f1f4 e6g4 h3g4 g7f6 e2e1 g3g4 h2h1 g4f4,Mate
7k/3RK2p/2p1N1q1/pp6/3r4/1P4p1/P7/8 w - -,d7c7 g6g8 c7c6 d4d1 c6c2 g3g2 c2g2 g8g2 a2a4 g2b7,-1105
rnbqk2r/1pp3pp/3p1n2/p4p2/1bPPp3/2N1P3/PPQBBPPP/R3K1NR w KQkq -,g1h3 e8h8 e1h1 b4c3 d2c3 d8e8 a2a3 a5a4 b2b4 a4b3,61
r1q2rk1/ppp1bp2/3pn1bQ/6P1/2B4P/2P2N2/PPP2P2/2K3RR w - -,a1c1 e8h8 g1h3 b8c6 e1h1 c6e7 a2a3 b4c3 d2c3 a5a4,Mate
8/8/4k3/4P1P1/4P3/5K1p/8/8 w - -,a1c1 e8h8 g1h3 b8c6 e1h1 c6e7 a2a3 b4c3 d2c3 a5a4,Mate
1r3r2/p2k2pp/bpnp4/3N4/4PP2/2P5/P2N2PP/R4RK1 w - -,f1f3 b8c8 f3g3 f8f7 d2f3 h7h6 a1d1 c8e8 e4e5 a6e2,132
r1bqr1k1/ppp2p2/2np1n2/2b1p1B1/2B1P3/2NP3P/PPP2PP1/R2QK2R w KQ -,c3d5 e8e6 d1f3 g8g7 c2c3 c6a5 b2b4 a5c4 b4c5 c4b2,332
6r1/5p2/4k3/p3p3/6pp/1PR2P1P/P1P5/1K6 w - -,b1b2 g4g3 c3c6 e6f5 c6c7 f5f4 c7f7 f4e3 c2c4 g3g2,-534
r1b1k2r/ppp2ppp/3p4/2b1n3/2Bp1P1q/7P/PPP3P1/RNBQR1K1 w kq -,f4e5 d4d3 g1h2 d3c2 c4f7 e8f7 d1f3 f7e8 e1e4 h4e7,-77
r3kb1r/pppq1ppp/1nn1p3/4P3/3P4/2N2N2/PP3PPP/R1BQK2R w KQkq -,c1e3 e8a8 a2a3 c8b8 d1c2 f8e7 e1h1 f7f5 e5f6 g7f6,-3
r2q1rk1/pp2bppp/2n1bn2/3p4/2pP4/2N1BNPP/PP2PPB1/R2Q1RK1 w - -,f3e5 d8c8 g1h2 c8c7 e3f4 c7b6 b2b3 e7b4 c3a4 b6d4,12
6r1/8/4k3/p3pp2/6Pp/1PR2P2/P1P5/1K6 w - -,g4g5 f5f4 b1b2 e6f5 c3d3 h4h3 d3d1 g8g5 d1h1 g5g3,-391
r1b2r1k/pp5p/1q6/2N2p2/1P1p4/P3b3/R3B1PP/3Q1R1K w - -,e2f3 a8b8 a2c2 b6f6 c5d3 f6g7 c2c5 b7b6 c5c6 c8b7,-176
r1bqk2r/pp2bppp/2n2n2/2p5/8/1B1p1N2/PPPPNPPP/R1BQR1K1 w kq -,f3g5 d3e2 b3f7 e8f8 e1e2 h7h6 g5e6 c8e6 f7e6 c6d4,-273
r2r2k1/5pp1/1pb4p/8/8/P5P1/1P2QPBP/6K1 w - -,g2c6 a8b8 e2e7 d8f8 c6b5 f7f5 a3a4 g8h8 g1g2 f8d8,561
r1b2r1k/pp1nqpbn/3p2pp/2pPp3/2P1P3/2NNB3/PPQ1BPPP/3R1RK1 w - -,e3c1 f7f5 e4f5 g6f5 f2f3 d7f6 g2g3 c8d7 d3e1 e7f7,103
3r4/7p/p2pk3/1pp2p2/2P5/2K2P2/PP1R2PP/8 w - -,a2a3 d8c8 b2b3 h7h5 c3d3 c8b8 d2e2 e6d7 b3b4 b8c8,-4
7r/2p3p1/1pN1k2p/p4p2/2PRPP2/P1n4P/6P1/5K2 w - -,d4d3 c3e4 d3d5 h8e8 c6d4 e6f6 d5f5 f6g6 f5d5 e4d2,-107
8/8/4k1P1/4P3/4P3/5K2/7p/8 w - -,d4d3 c3e4 d3d5 h8e8 c6d4 e6f6 d5f5 f6g6 f5d5 e4d2,Mate
r1q2rk1/ppp4b/3pn1PQ/6b1/2B5/2P2N2/PPP2P2/2K3RR w - -,d4d3 c3e4 d3d5 h8e8 c6d4 e6f6 d5f5 f6g6 f5d5 e4d2,Mate
3r1rk1/2qNbp1p/p1pn2pQ/np4P1/2p5/P3B2B/1P3P1P/3R1RK1 w - -,e3d4 d6e8 d4c3 c7f4 c3a5 d8d7 h3d7 e7g5 h6h3 c6c5,415
rn1qkb1r/1b2pppp/pp5n/3pN3/8/2NB1Q2/PPPP1PPP/R1B1K2R w KQkq -,d3e2 f7f6 d2d4 f6e5 c1h6 g7h6 e1a1 e5d4 f3h5 e8d7,-28
r1bqr1k1/ppp2p2/3p1n1B/2b1p3/2BnP3/2NP3P/PPP2PP1/R2QK2R w KQ -,a2a3 c7c6 c4a2 c8e6 c3a4 e6a2 a1a2 g8h7 h6g5 e8g8,-151
8/5Q2/3p4/4k1p1/1K6/8/8/8 w - -,a2a3 c7c6 c4a2 c8e6 c3a4 e6a2 a1a2 g8h7 h6g5 e8g8,Mate
6r1/8/8/p3pk2/7p/1PR2P2/P1P5/1K6 w - -,c3c5 h4h3 b1b2 g8h8 a2a4 h3h2 b3b4 h2h1q f3f4 h1d1,-559
r1b1kbnr/ppq1p1pp/2n2p2/2p1P3/3p1B2/3P1N2/PPP1QPPP/RN2KB1R w KQkq -,b1d2 g7g6 a2a4 c8g4 h2h3 g4f3 d2f3 c7b6 a1b1 e8a8,45
7k/4K2p/2p1N1q1/pp6/3R4/1P6/P5p1/8 w - -,d4d1 g2g1q d1d8 g6g8 d8g8 h8g8 e7f6 g1f2 f6e5 f2e3,-792
3qr1k1/2p2pp1/r1n4p/p2n4/1p1P4/B1P3P1/P1Q2PBP/1R2R1K1 w - -,g2d5 b4a3 c2b3 e8e7 b3c4 a6b6 d5c6 g7g5 c6f3 e7e1,396
r4rk1/ppq1b1pp/2p1pn2/7P/3PR3/2P2N1P/PP3P2/R1BQ2K1 w - -,e4e6 c7d7 d1e2 e7d6 h5h6 f8e8 e6e8 a8e8 e2f1 g7h6,117
N3q1k1/6p1/2p2r2/p3Nn1p/3P1P2/1b4P1/1P5P/K1Q1R3 w - -,c1c5 e8a8 h2h3 a8d8 e5c6 d8d5 c5d5 b3d5 c6a5 f5g3,-318
8/7k/7P/1pK5/b7/PpP5/7P/2B5 w - -,c5b4 h7h8 c3c4 h8h7 b4a5 b5b4 a5b4 a4c6 b4b3 h7g6,937
6r1/8/8/p3pk2/8/1P2RP1p/P1P5/1K6 w - -,e3d3 h3h2 b1b2 h2h1q d3d7 h1f3 d7d2 g8g1 d2h2 f3d1,-653
r1bqkb1r/ppppnpp1/2n5/4p3/4P2p/2N3PP/PPPP1PB1/R1BQK1NR w KQkq -,g3g4 c6d4 g1e2 e7g6 d2d3 d4e2 c3e2 f8e7 f2f4 e5f4,35
8/2k1p2p/1p1p3b/pP1P2p1/7B/1KP4P/4r1P1/3R4 w - -,h4f2 e2f2 d1e1 c7d7 g2g4 f2f3 e1e4 h6g7 e4c4 g7f6,-858
r1bqkb1r/ppp3pp/2n2n2/3p1p2/2P1p3/2NP4/PPN1PPPP/R1BQKB1R w KQkq -,e2e3 d5c4 d3c4 d8d1 c3d1 f8b4 c2b4 c6b4 e1d2 c8e6,-79
r2qk2r/pp2bppp/2n2n2/2p5/6b1/1B1P1N2/PP1PNPPP/R1BQR1K1 w kq -,b3c4 e8h8 d3d4 g4f3 g2f3 c5d4 d2d3 e7b4 c1d2 b4d2,-126
6r1/8/8/p3pk2/8/1P3P2/P1P4p/1K2R3 w - -,b1c1 g8g1 c1d2 g1e1 d2e1 h2h1r e1d2 f5f4 d2c3 f4f3,-762
r3k2r/2p2pp1/p3p2p/2b1q3/4N3/8/PPP1QPPP/R4RK1 w kq -,a1b1 e8h8 f1e1 f8d8 g2g3 c5b4 c2c3 b4e7 e4d2 e5b5,-7
4rr2/p2k2pp/bpnp4/3N4/4PP2/2P2R2/P2N2PP/R5K1 w - -,c3c4 a6b7 g2g3 d7c8 a1e1 c8b8 h2h4 e8c8 g1f2 h7h5,170
rq4k1/4p2p/pp2N1pQ/2BPb3/2P1p1n1/8/PP4P1/5R1K w - -,h6g5 b6c5 g5g4 b8b2 g4e4 a8b8 e6c5 e5d6 c5e6 b2d2,126
r1r3k1/p1q2p1p/b3pp2/3p4/8/P4B2/1PPQ1PPP/2KR3R w - -,h1e1 a8b8 c1b1 c7c5 e1e3 d5d4 e3b3 b8b3 c2b3 c5f5,-50
3r4/8/p2pk3/1pp2p1p/2P5/1PK2P2/P2R2PP/8 w - -,b3b4 c5b4 c3b4 b5c4 b4c4 d8c8 c4d4 d6d5 d4d3 c8c4,-7
rnbq1rk1/p1p1bppp/1p2p3/4P3/2BP1N2/2P5/P4PPP/R1BQ1RK1 w - -,f4h5 b8d7 d1g4 g7g6 c1h6 a8b8 h6f8 d7f8 f1d1 c8b7,226
r1q3Q1/pppk2n1/3p1r2/6N1/2B5/2P5/PPP2P2/2K1R2R w - -,d1f3 c7c6 f1e1 c8b7 c4d3 g7g6 f4h3 b8d7 c1h6 d8c7,Mate
8/2k5/1pn4R/p1p1PK1p/P7/1P5P/1B4r1/8 w - -,b2c1 c6d4 f5e4 d4e2 e4f3 g2g1 c1e3 e2d4 e3d4 c5d4,24
rnbq1rk1/pp3pb1/3ppnp1/2pP3p/2P1P2P/2N3N1/PP3PP1/R1BQKB1R w KQ -,c1g5 d8b6 d1d2 e6d5 e4d5 b8d7 a2a4 d7e5 a4a5 b6c7,53
r1bqr1k1/1p1n1pb1/p2p1np1/2pP3p/P1P2P2/2NB2N1/1P4PP/R1BQ1RK1 w - -,f4f5 h5h4 g3e4 d7e5 f5g6 f7g6 e4f6 g7f6 c3e4 c8f5,92
2kr1b1r/ppp2ppp/2n5/3qp3/6b1/P2P1N2/1PP1BPPP/R1BQK2R w KQ -,h2h3 g4f5 e1h1 f8e7 f1e1 h8g8 b2b4 e5e4 d3e4 d5d1,-39
4q1k1/2p2pp1/1rn4p/p2B4/3P4/p1PQ2P1/P4P1P/1R4K1 w - -,b1b6 c7b6 d3b5 e8e1 g1g2 c6e7 b5e8 g8h7 h2h4 e1e2,362
1rr3k1/p4ppp/1q3nb1/3p4/8/QN2P3/P3BPPP/2RR2K1 w - -,b3d4 h7h6 f2f3 f6d7 c1c3 d7e5 d1c1 c8c3 c1c3 b6d8,28
6r1/8/8/p3pk2/8/1P2RP2/PKP4p/8 w - -,e3e4 h2h1q e4g4 g8h8 g4g7 h1f3 g7f7 f5e4 f7f3 e4f3,-754
6k1/p1p3pp/2qn4/2p5/2P3b1/1P2P1rP/PB2Q2K/5R2 w - -,f1f8 g8f8 h3g4 d6e4 e2f1 f8g8 f1f5 c6h6 f5h5 g3e3,Mate
8/6Q1/3p4/5kp1/1K6/8/8/8 w - -,f1f8 g8f8 h3g4 d6e4 e2f1 f8g8 f1f5 c6h6 f5h5 g3e3,Mate
r2qk2r/pp2bppp/2n2n2/8/3p4/1B3P2/PP1PNP1P/R1BQR1K1 w kq -,e2f4 d8d7 d2d3 e8h8 g1g2 e7b4 c1d2 b4d2 d1d2 d7f5,-132
4q1k1/5pp1/1pn4p/p2B4/3P4/p1PQ2P1/P4P1P/6K1 w - -,d3b5 e8e1 g1g2 c6e7 b5e8 g8h7 h2h4 e1e2 d5f7 e2e4,418
2rr2k1/5pp1/1pB4p/8/8/P5P1/1P2QP1P/6K1 w - -,e2e7 d8f8 c6b5 f7f5 g1g2 g8h7 a3a4 f8f6 b5d7 c8a8,568
2r1kr2/1p2p3/p3q1pQ/4p3/6n1/2N5/PP3PPP/2RR2K1 w - -,h6h3 f8f2 c3e4 c8c1 d1c1 f2f4 h3h8 f4f8 h8g7 g4e3,-54
r1b1k2r/ppp2ppp/3p4/2b1P3/2q5/3p3P/PPP3PK/RNBQR3 w kq -,c2d3 c4h4 e1e4 h4e7 d3d4 c5b6 b1c3 e8h8 c1f4 d6e5,-46
2kr1b1r/ppp2ppp/2n5/3q4/4p1b1/P2P1N2/1PP1BPPP/R1BQ1RK1 w - -,d3e4 d5e4 e2d3 e4d5 h2h3 g4f5 d3f5 d5f5 d1e2 f8c5,-49
8/2k5/1p5R/p1p1PK1p/P2n4/1P5P/6r1/2B5 w - -,f5e4 d4e2 e4f3 g2g1 c1e3 e2d4 e3d4 c5d4 h6h5 g1b1,8
R7/P4pp1/4p2p/2k5/8/r4P2/4KP1P/8 w - -,a8c8 c5d5 c8d8 d5e5 a7a8q a3a8 d8a8 f7f5 a8a5 e5f6,637
7r/2p5/1pN1k2p/p3Ppp1/2PR1P2/P1n4P/6P1/5K2 w - -,d4d3 c3e4 g2g3 e4c5 d3d1 e6f7 f1e2 h8g8 e2f3 a5a4,8
r2qkb1r/pp1n1ppp/2p1pn2/3p4/2P4N/1P2P3/PB1PQPPP/RN2K2R w KQkq -,c4d5 c6d5 e1h1 f8e7 b1c3 e8h8 a1c1 a7a6 d2d3 d7b8,-13
6k1/4npp1/1p5p/pQ1B4/3P4/p1P3P1/P4PKP/4q3 w - -,b5e8 g8h7 h2h4 e1e2 d5f7 e2e4 g2h2 h6h5 f7h5 e4c2,435
8/3Q4/3p4/4k1p1/1K6/8/8/8 w - -,b5e8 g8h7 h2h4 e1e2 d5f7 e2e4 g2h2 h6h5 f7h5 e4c2,Mate
4Q3/4nppk/1p5p/p2B4/3P4/p1P3P1/P4PKP/4q3 w - -,h2h4 e1e2 d5f7 e2e4 g2h2 h6h5 f7h5 e4c2 h2g2 e7d5,430
6k1/p1p3pp/2qn4/2p5/2P5/1P2P1KP/PB2b3/5R2 w - -,h2h4 e1e2 d5f7 e2e4 g2h2 h6h5 f7h5 e4c2 h2g2 e7d5,Mate
r2q1rk1/pp2bppp/2n2n2/8/3p4/1B1P1P2/PP2NP1P/R1BQR1K1 w - -,a2a3 c6e5 e2g3 e5g6 g3f5 e7d6 f3f4 d6f4 c1f4 g6f4,-91
2kr1b1r/ppp2ppp/2n5/8/4q1b1/P4N2/1PP1BPPP/R1BQ1RK1 w - -,e2d3 e4d5 h2h3 g4f5 d3f5 d5f5 d1e2 f8c5 c1e3 c5e3,-38
8/2k1p1bp/1p1p4/pP1P2p1/8/1KPR3P/6r1/4B3 w - -,d3d2 g2g1 e1f2 g1f1 b3c4 g7f6 d2e2 h7h5 c4b3 f6e5,-603
8/8/8/pp4K1/8/1P6/P2k4/8 w - -,g5f6 d2c3 f6g7 c3b2 g7f8 b5b4 f8e7 b2a3 e7d6 a3a2,-1711
2r2rk1/pp3pp1/1q1bp2p/8/3PQ3/5N1P/PP3PP1/R3R1K1 w - -,e4d3 b6b2 e1b1 b2c3 d3c3 c8c3 b1b7 f8c8 g1f1 a7a5,-60
3N3r/2p1k3/1p5p/p3Ppp1/2PR1P2/P1n4P/6P1/5K2 w - -,g2g4 h8d8 d4d8 e7d8 f4g5 h6g5 g4f5 d8e7 f1f2 c3b1,-349
8/2k1p1bp/1p1p4/pP1P2p1/8/1KP2R1P/8/4B1r1 w - -,e1g3 g1b1 b3c4 g7f6 f3e3 b1f1 g3e1 h7h5 e1d2 f1f2,-638
8/kp6/p3R3/2p3N1/2B2Q2/2P5/PPPK1P2/7q w - -,e1g3 g1b1 b3c4 g7f6 f3e3 b1f1 g3e1 h7h5 e1d2 f1f2,Mate
8/8/8/pp4K1/8/1P1k4/P7/8 w - -,g5f6 d3c3 b3b4 a5b4 f6g5 c3b2 g5h4 b2a2 h4h3 b4b3,-1747
r1b1kb1r/p1pq1ppp/8/4P1N1/1nQ5/8/PP1P1PPP/RNB1K2R w KQkq -,c4e4 d7g4 b1a3 g4e4 g5e4 b4d3 e1d1 c8b7 f2f3 e8a8,-134
6r1/8/8/p3pk2/8/1PR2P1p/PKP5/8 w - -,c3d3 g8h8 d3d1 h3h2 d1h1 f5f4 a2a3 f4f3 h1f1 f3g3,-635
8/5Qpk/1p5p/p2n4/3P4/p1P3P1/P4PKP/4q3 w - -,,0
q5k1/6p1/2p2r2/p3Nn1p/3P1P2/1p4P1/PP5P/K2QR3 w - -,d1b3 g8h8 e5d7 a5a4 b3c4 f6h6 c4c5 f5d6 a2a3 a8b7,419
r1q2rk1/pp2b1pp/2p1pn2/7P/3PRB2/2P2N1P/PP3P2/R2Q2K1 w - -,e4e3 f6d5 f4g3 d5e3 f2e3 e6e5 g1g2 e5d4 d1b3 g8h8,-225
rnbqk1nr/ppp2ppp/8/2bpp3/4P3/P2P4/1PP2PPP/RNBQKBNR w KQkq -,e4d5 d8d5 g1f3 g8f6 b2b4 c5e7 b1c3 d5d8 c1b2 b8c6,20
6k1/p1p3pp/2q5/2p5/2P1n1P1/1P2P1r1/PB2Q2K/5R2 w - -,f1f6 g7f6 e2d3 g3g4 a2a3 c6e6 d3d5 e6d5 c4d5 g4g5,-775
1rr3k1/p4ppp/1q3n2/3p4/8/QN2PB2/P1b2PPP/2RR2K1 w - -,d1d4 h7h6 h2h3 c2b3 c1c8 b8c8 a2b3 c8c3 f3d5 f6d5,11
8/8/8/pp3K2/8/1P6/P1k5/8 w - -,d1d4 h7h6 h2h3 c2b3 c1c8 b8c8 a2b3 c8c3 f3d5 f6d5,Mate
k7/1p6/p3R3/2Q3Nq/2B5/2P5/PPPK1P2/8 w - -,d1d4 h7h6 h2h3 c2b3 c1c8 b8c8 a2b3 c8c3 f3d5 f6d5,Mate
r1bq2k1/ppp2p2/2nprn2/2bNp1B1/2B1P3/3P3P/PPP2PP1/R2QK2R w KQ -,d1f3 g8g7 c2c3 c6a5 b2b4 a5c4 b4c5 c4b2 e1h1 d6c5,332
r4Bk1/p4p1p/1p4p1/2p5/8/7q/Pb3P2/R2Q1RK1 w - -,d1e2 b2a1 f8c5 a1g7 c5d6 h3f5 d6g3 g7f6 f1c1 a8c8,-489
r3r2k/1p4bp/2p5/p1N1Pb2/2Q3B1/1P4p1/P2R2Kq/B2R4 w - -,g2f3 f5g4 c4g4 h2h6 d2d7 g7e5 a1e5 e8e5 d7d8 e5e8,227
rnbqk1nr/ppp2ppp/8/3pp3/4PP2/P2P4/1PP3PP/RNBQKBbR w KQkq -,h1g1 b8c6 b1c3 d5d4 c3d5 g8e7 d1f3 c8e6 d5e7 d8e7,-14
8/8/8/pp2K3/8/1P6/Pk6/8 w - -,h1g1 b8c6 b1c3 d5d4 c3d5 g8e7 d1f3 c8e6 d5e7 d8e7,Mate
6r1/8/4k3/p3p3/6pp/1PR2P2/PKP5/8 w - -,a2a4 g4g3 c3c6 e6f5 c6h6 h4h3 h6h3 g3g2 b2a2 f5f4,-581
r2qkb1r/pp3ppp/2p1p3/2nn4/7N/1PN1P3/PB1PQPPP/R3K2R w KQkq -,e1h1 d8h4 c3d5 e6d5 f2f4 c5d7 a1c1 h4e7 d2d3 e8a8,-408
r2r2k1/pb5p/3q2p1/1pp1pp2/8/2PPbP2/PPQ1NNPP/3R1RK1 w - -,f1e1 b7c6 e2g3 e3g5 g3f1 d8e8 b2b3 g8g7 f1e3 a7a6,-123
8/8/4k3/p3p3/6rp/1PR5/PKP5/8 w - -,c3c7 e5e4 b2c3 e6e5 c7h7 e5f4 a2a3 h4h3 h7h3 g4g3,-232
4rr2/p2k3p/bpnp2p1/3N4/4PP2/2P3R1/P2N2PP/R5K1 w - -,g3h3 h7h5 c3c4 c6a5 a1c1 e8c8 h3g3 a5c4 d2f3 c4d2,157
8/8/2p5/8/K2Nk3/8/Pp6/8 w - -,d4e2 e4d3 e2f4 d3d2 a4b3 b2b1q b3c4 b1b2 c4c5 b2e5,-930
1rr3k1/p4ppp/1q3n2/3p4/8/Qb2PB2/P2R1PPP/2R3K1 w - -,c1c8 b8c8 a2b3 c8c3 g2g3 h7h6 a3e7 b6b3 g1g2 c3c1,3
4r3/p2k1r1p/bpnp2p1/3N4/4PP2/2P4R/P2N2PP/R5K1 w - -,d2f3 c6e7 h3h7 f7h7 d5f6 d7c6 f6h7 e8c8 a1d1 a6c4,288
k7/P7/R5p1/1K4Pp/7r/8/8/8 w - -,,0
k6q/1p6/p4R2/2Q3N1/2B5/2P5/PPPK1P2/8 w - -,a6g6 h4g4 b5b6 g4b4 b6c7 b4g4 g6g7 h5h4 c7b6 g4b4,Mate
8/8/4k3/p3p3/6r1/1P2R2p/PKP5/8 w - -,b2c3 g4h4 e3e1 h3h2 e1h1 e6f5 c3d3 f5f4 c2c4 f4g3,-487
r3k2r/2p2pp1/p2bp2p/4q3/2Q1N3/8/PPP2PPP/R4RK1 w kq -,e4d6 c7d6 c4c6 e8e7 f1e1 e5b5 c6c7 b5d7 c7c3 f7f6,29
5rk1/3r2p1/p6p/8/nP2b3/4P3/5PpP/K1R3R1 w - -,f2f3 e4f3 c1c2 d7d3 c2g2 f3g2 g1g2 d3a3 a1b1 f8f1,-9605
rn1qkb1r/pppbppp1/5n1p/8/3P4/2N2N1P/PPP2PP1/R1BQKB1R w KQkq -,f1c4 e7e6 d1e2 f8d6 c1d2 d8e7 e1a1 b8c6 a2a3 e8a8,84
2r1k1r1/1b1n1p2/p2ppb1p/1pq1n3/3NP1PP/1PN1R1QB/1BP5/1K1R4 w - -,c3a2 b5b4 e3e2 a6a5 g4g5 h6g5 h3e6 f7e6 d4e6 c5b5,-164
8/8/8/p3pk2/6r1/1P5p/PKP5/4R3 w - -,e1h1 g4h4 c2c4 h3h2 a2a3 f5f4 c4c5 f4g3 b3b4 a5b4,-544
r1q2rk1/pp4pp/2pbpn2/4R2P/3P1B2/2P2N1P/PP3P2/R2Q2K1 w - -,f4d2 d6e5 f3e5 f6d7 e5d3 c6c5 d1g4 d7f6 g4e2 c5d4,-102
2r3k1/p4ppp/1q3n2/3p4/8/Qb2PB2/P2R1PPP/6K1 w - -,a2b3 c8c3 g2g3 h7h6 a3e7 b6b3 g1g2 c3c1 f3d5 f6d5,5
6k1/p1p3pp/3qb3/2p5/2P1nRP1/1P2P1rP/PB2Q2K/8 w - -,f4e4 g3e3 b2e5 e3e2 e4e2 d6d3 e2b2 h7h5 e5c7 h5g4,-683
8/8/8/p3pk2/7r/1P5p/PKP5/7R w - -,h1h2 f5g4 b2c3 g4g3 h2e2 h3h2 e2e5 h2h1q c3b2 h1d1,-576
2r3k1/5pp1/1pBr3p/8/8/P4QP1/1P3P1P/6K1 w - -,c6d5 d6f6 f3d1 g7g6 g1g2 g8g7 d5f3 c8e8 a3a4 e8e6,510
1rb2r1k/pp5p/1q6/2N2p2/1P1p4/P3bB2/R5PP/3Q1R1K w - -,a2c2 b6f6 c5d3 f6g7 c2c5 b7b6 c5c6 f8e8 c6c2 f5f4,-180
8/8/8/p3p3/2P2k1r/1P5p/PK6/7R w - -,b2c2 f4f3 c4c5 h3h2 c5c6 h4h6 c6c7 h6c6 c2d3 f3g2,-581
6k1/3r2p1/p6p/8/nP2b3/4P3/K4rpP/2R3R1 w - -,b2c2 f4f3 c4c5 h3h2 c5c6 h4h6 c6c7 h6c6 c2d3 f3g2,Mate
4r3/p2k3r/bpnp2p1/3N4/4PP2/2P5/P2N2PP/R5K1 w - -,d5f6 d7e7 f6h7 e8c8 a1e1 c6b8 d2f3 b8d7 f4f5 d7e5,254
8/8/6kP/1p6/bK6/PpP5/7P/2B5 w - -,c3c4 b3b2 c1b2 a4d1 b4b5 d1e2 b2c1 g6f6 a3a4 e2d3,1005
8/8/8/p3p3/2P4r/1P3k1p/P1K5/7R w - -,c2d2 h3h2 c4c5 f3g2 h1h2 h4h2 d2e3 h2h1 c5c6 h1c1,-619
r1bqk2r/pppp1pp1/6n1/2b1p3/3nP1Pp/2NP3P/PPP1NPB1/R1BQK2R w KQkq -,e2d4 c5d4 c3e2 d4b6 a2a4 c7c6 d3d4 d7d6 f2f4 e5d4,57
8/8/8/4kp2/3R4/4K3/6p1/8 w - -,f2f4 e5f4 e2d4 c5d4 c3e2 d8f6 e2d4 f6d4 c2c3 d4b6,Mate
r3k2r/2p2pp1/pb2p2p/4q3/2Q1N3/8/PPP2PPP/R4RK1 w kq -,b2b3 e8h8 a1d1 a8d8 e4c3 a6a5 c3a4 e5f5 c4e2 b6d4,-11
8/3Q4/3p4/4k3/2K3p1/8/8/8 w - -,c4c6 e8e7 c2c4 b6d4 a1e1 e5a5 b2b4 a5b6 c6a4 h8d8,Mate
3R4/6pk/1Np4r/p4n2/3P1P1p/6P1/PP5P/K7 w - -,g3g4 f5d4 d8d4 c6c5 d4d5 h6b6 a2a3 b6f6 d5h5 h7g8,242
8/6pk/1p5p/p2Q4/3P4/p1q3P1/P4PKP/8 w - -,d5e4 h7h8 d4d5 c3d2 e4c4 h8h7 h2h4 b6b5 c4b5 d2a2,15
r1q2k2/ppp3nQ/3p1r2/6N1/2B5/2P5/PPP2P2/2K3RR w - -,d5e5 c3d3 d4d5 b6b5 d5d6 b5b4 h2h4 a5a4 e5e7 d3d5,Mate
r1bqk2r/ppp2pb1/3p3p/2nPp1p1/2P1P3/2N2NP1/PP2BPP1/R2QK2R w KQkq -,f3d2 a7a5 d2b3 c5b3 a2b3 c8d7 e2g4 d7g4 d1g4 e8h8,92
8/8/8/4k3/5p2/4K3/6p1/3R4 w - -,a1b1 h6h5 b2b4 c5d7 a2a3 a7a6 f3d2 g5g4 d2f1 d8g5,Mate
r1q2k2/ppp4Q/3pnrP1/6N1/2B5/2P5/PPP2P2/2K3RR w - -,a1b1 h6h5 b2b4 c5d7 a2a3 a7a6 f3d2 g5g4 d2f1 d8g5,Mate
rnbqk2r/pp3ppp/2p1p3/3nP3/3P4/2bB1N2/PP1B1PPP/R2QK2R w KQkq -,e1h1 c3d2 f3d2 e8h8 d2e4 b8d7 f2f4 f7f5 e4d6 d8e7,-335
8/8/8/8/8/k1K5/8/1q6 w - -,e1h1 c3d2 f3d2 e8h8 d2e4 b8d7 f2f4 f7f5 e4d6 d8e7,Mate
rnbqk2r/pp3ppp/5p2/2b5/3p4/2N1P1P1/PPP2P1P/R2QKBNR w KQkq -,c3b5 d8a5 d1d2 a5d2 e1d2 d4e3 f2e3 c8d7 g1f3 c5b6,-53
4r2k/p5pb/5pPp/4q3/1B3R1Q/P7/6PK/8 w - -,h4f2 h7g6 f2d4 e5b8 b4d6 b8b7 d4b4 b7a8 f4c4 e8e2,-303
2r3k1/5pp1/1p3r1p/3B4/8/P4QP1/1P3P1P/6K1 w - -,f3d3 h6h5 g1g2 h5h4 d3d4 c8c2 g3h4 c2c8 d5e4 c8f8,549
8/8/8/3pk3/2K3Q1/8/8/8 w - -,f3e4 c8d8 g1g2 h6h5 a3a4 g8f8 e4b4 d8d6 h2h4 g7g6,Mate
8/8/8/p3K3/2P4r/1P2pk2/P6p/7R w - -,e5d6 e3e2 d6e6 f3g2 h1e1 g2f2 e1h1 e2e1r h1e1 f2e1,-764
2r3k1/p4ppp/1q6/3p4/4n3/QP2PB2/3R1PPP/6K1 w - -,d2d5 b6c6 a3a5 c8f8 h2h3 c6c2 g1h2 e4f6 d5d8 g7g6,153
rnb1k1nr/ppp2ppp/3qp3/3p4/3P1PP1/8/PPP2P1P/RN1QKBNR w KQkq -,d1d2 g8f6 f2f3 h7h5 g4g5 f6g8 f4f5 g8e7 f5f6 g7f6,-52
2r2rk1/ppqnbppp/2p1pn2/3p4/2PP4/1P1QPN2/PB1N1PPP/2R2RK1 w - -,h2h3 f8d8 d3e2 b7b6 c4d5 f6d5 d2e4 c7b7 c1c4 c6c5,14
r3r1k1/pp2n1pp/2nb1p2/2q5/B2p4/3P1Q1P/PP1B1PP1/2KR1N1R w - -,d2c3 d4c3 a4b3 g8h8 f1e3 c6d4 f3b7 a8b8 b7a6 d4b3,-623
8/8/8/p3K3/2P4r/PP3k2/4p2p/7R w - -,d2c3 d4c3 a4b3 g8h8 f1e3 c6d4 f3b7 a8b8 b7a6 d4b3,Mate
3kr3/p6r/bpnp1Np1/8/4PP2/2P5/P2N2PP/R5K1 w - -,f6h7 c6b8 h7g5 b8d7 a1d1 d8e7 d2f3 a6e2 d1d4 e2f3,272
6k1/p1p4p/3qb3/2p3p1/2P1nRP1/1P2P1rP/P3Q2K/2B5 w - -,e2c2 g5f4 c2e4 f4e3 e4c6 g3g2 h2g2 d6c6 g2g3 c6d6,-1213
r2q1rk1/pb1nbppp/1p1ppn2/6B1/3pP3/2PB1N2/PP1NQPPP/R4RK1 w - -,c3d4 h7h6 g5e3 e6e5 f1d1 e5d4 f3d4 f8e8 d3b5 a7a6,60
8/8/8/4k3/3p2Q1/3K4/8/8 w - -,c3d4 h7h6 g5e3 e6e5 f1d1 e5d4 f3d4 f8e8 d3b5 a7a6,Mate
r2q1rk1/pp2nppp/2nb4/1B1p4/3P4/2N2Q1P/PP3PP1/R1B2RK1 w - -,c1e3 d8b6 a1d1 a8d8 b5d3 d6b8 d1d2 f7f5 c3e2 e7g6,54
7k/6p1/1p5p/p7/3PQ3/p1q3P1/P4PKP/8 w - -,e4a8 h8h7 a8e4 h7h8 d4d5 c3d2 e4c4 h8h7 h2h4 b6b5,11
r1b3k1/ppp2p2/2nprq2/2b1p1B1/2B1P3/3P3P/PPP2PP1/R2QK2R w KQ -,g5f6 e6f6 d1h5 g8g7 e1a1 c8d7 c1b1 a8h8 h5g5 f6g6,449
3R4/6pk/1Np1r3/p4n2/3P1PPp/8/PP5P/K7 w - -,b2b4 e6e1 a1b2 e1e2 b2b3 f5d4 d8d4 a5b4 b6c4 e2h2,331
r2q1rk1/pp3pb1/2n2npp/3p4/2PP2b1/1PN2NP1/PB4BP/R2Q1RK1 w - -,b2a3 f8e8 c4d5 f6d5 c3d5 d8d5 f3e5 d5g2 g1g2 g4d1,-57
r1bqk1nr/1pp1bppp/p1n5/1B1pP3/3P4/2N2N2/PPP3PP/R1BQ1RK1 w kq -,b5c6 b7c6 d1e1 h7h5 e1g3 g7g6 c1g5 h5h4 g3f4 c8e6,186
5rk1/6p1/p6p/8/nP2b3/4P3/K2r1PpP/2R3R1 w - -,b5d3 c6b4 d3e2 b4c6 a2a3 h7h5 e2d3 h5h4 h2h3 g7g5,Mate
8/8/8/p3K3/2P5/PP3k2/4p1rp/7R w - -,c4c5 f3f2 e5f5 e2e1q h1e1 f2e1 f5f4 g2c2 f4g3 e1f1,-841
r1bqk2r/pppp1pp1/4n1n1/2b1p3/4P1Pp/2NP3P/PPP1NPB1/R1BQ1RK1 w kq -,a1b1 a7a5 c3d5 c7c6 d5e3 b7b6 e3f5 e8h8 g1h1 d7d5,-19
r1bq2k1/ppp2p2/2np1r2/2b1p1B1/2B1P3/3P3P/PPP2PP1/R2QK2R w KQ -,e1h1 g8g7 g1h1 c8e6 c4e6 f7e6 c2c3 d8h8 g5f6 g7f6,80
8/8/8/p3K3/2P5/PP3k2/4p2p/6rR w - -,d1h5 g8g7 h1f1 d8g8 f2f4 f6g6 f4f5 g6g5 h5g5 g7f8,Mate
r1bqk1nr/2p1bppp/p1p5/3pP3/3P4/2N2N2/PPP3PP/R1BQ1RK1 w kq -,d1e1 h7h5 e1g3 g7g6 c1g5 h5h4 g3f4 h4h3 g2g3 c8f5,200
8/5P2/6K1/8/4q3/8/k7/5Q2 w - -,g6g5 e4e3 f1f4 e3c5 f4f5 c5f8 g5g6 f8d6 f5f6 d6g3,772
2b1k1r1/3nbp2/pq1pp2p/1p2n3/3NP1PP/1P4QB/1BP1N3/1K1R4 w - -,e2c3 c8b7 b2c1 d7f6 c1h6 f6g4 h6c1 b6c7 c1b2 b5b4,-129
r1q2rk1/pp4pp/2p1pn1P/4b3/3P1B2/2P2N1P/PP3P2/R2Q2K1 w - -,d4e5 f6g4 h3g4 f8f4 f3e1 c8d8 e1g2 d8d1 a1d1 f4g4,-334
rnbq1rk1/pp3ppp/2p1p3/3nP3/3P4/2PB1N2/P2B1PPP/R2QK2R w KQ -,d3h7 g8h7 f3g5 h7g8 d1h5 d8g5 d2g5 c6c5 h5g4 f7f5,509
rnbq1rk1/pp2ppbp/6p1/8/1n1NP3/6P1/PP3PBP/RNBQ1RK1 w - -,d4b3 d8d1 f1d1 b4c2 b1c3 c2a1 b3a1 c8g4 d1e1 b8c6,-340
4rrk1/pp2nppp/1qnb4/3p4/3P4/2NBBQ1P/PP3PP1/R4RK1 w - -,c3d5 e7d5 f3d5 c6b4 d5b5 b4d3 b5d3 e8e7 b2b3 f8e8,92
3kr3/p6N/1pnp2p1/8/4PP2/2Pb4/P2N2PP/R5K1 w - -,a1e1 d8e7 g1f2 b6b5 h7g5 e8f8 f2e3 d3c2 e1c1 c2a4,316
5rk1/6p1/pn5p/8/1P2b3/K3P3/3r1PpP/2R3R1 w - -,a1e1 d8e7 g1f2 b6b5 h7g5 e8f8 f2e3 d3c2 e1c1 c2a4,Mate
1R6/k4pp1/4p2p/8/8/r4P2/3K1P1P/8 w - -,b8b5 a3f3 d2e2 f3h3 b5b4 g7g5 b4d4 a7b6 d4d7 f7f5,-280
8/8/6kP/8/bKp5/Pp6/7P/2B5 w - -,b4a4 b3b2 c1b2 c4c3 b2c3 g6h6 a4b5 h6g6 a3a4 g6f5,1572
r1bqk2r/pp1p1pp1/2p1n1n1/2bNp3/4P1Pp/3P3P/PPP1NPB1/R1BQ1RK1 w kq -,f1e1 c6d5 e4d5 d8b6 d5e6 c5f2 g1h1 d7e6 e1f1 c8d7,-151
2r3k1/p4ppp/1q6/8/4p3/QP2P3/3R1PPP/6K1 w - -,h2h3 h7h6 d2d4 b6e6 a3a7 e6b3 a7d7 b3b1 g1h2 b1b8,6
3r1rk1/pp2nppp/1qnb4/3p4/3P4/2NBBQ1P/PP3PP1/R4RK1 w - -,c3a4 b6a5 a4c3 c6b4 d3b1 b4c6 a2a3 f7f5 e3g5 g8h8,55
8/8/6kP/8/K7/Ppp5/7P/2B5 w - -,f1d1 d6b8 g2g3 c6b4 d3b1 b4c6 d1d2 f7f5 c3e2 f8f7,Mate
7k/6p1/1p5p/p4Q2/3P4/p1q3P1/P4PKP/8 w - -,,0
rnbq1rk1/pp3pp1/2p1p3/3nP1N1/3P4/2P5/P2B1PPP/R2QK2R w KQ -,d1h5 d8g5 d2g5 c6c5 h5g4 f7f5 e5f6 f8f7 e1h1 c5d4,487
8/8/8/8/1R5P/4k1K1/8/6r1 w - -,,0
r4rk1/2p1bppp/1p1p4/p2P1q2/1nPPp3/4BN1P/PP3PP1/R2Q1RK1 w - -,d1b1 b6b5 a2a3 b4d3 f3e1 b5c4 b1a2 d3e1 a1e1 f5d5,-156
8/8/3R1p2/2K2k2/6p1/8/8/8 w - -,d1b1 b6b5 a2a3 b4d3 f3e1 b5c4 b1a2 d3e1 a1e1 f5d5,Mate
8/8/3R1p2/5k2/3K4/6p1/8/8 w - -,d1b1 b6b5 a2a3 b4d3 f3e1 b5c4 b1a2 d3e1 a1e1 f5d5,Mate
r1bq1rk1/pp1p1pp1/2p1n1n1/2b1p3/4P1Pp/3PN2P/PPP1NPB1/R1BQ1RK1 w - -,a2a4 b7b6 e3f5 f8e8 c2c3 c5f8 d3d4 c8a6 f1e1 e5d4,-15
r1bq4/ppp2pk1/2nprn2/2bNp1B1/2B1P3/3P1Q1P/PPP2PP1/R3K2R w KQ -,c2c3 c6a5 b2b4 a5c4 b4c5 c4a3 e1h1 d6c5 f3g3 f6h5,342
3qr1k1/r2nbpp1/b3p2p/2ppP2P/p4BPn/PpPP1N2/1P1QRPBN/4R1K1 w - -,f3h4 e7h4 h2f3 d7f8 f3h4 d8h4 e2e3 f8h7 d2e2 a7d7,57
2rq1rk1/5pp1/2npb2p/1p1p4/pP1P1B2/P1P5/4NPPP/R2Q1RK1 w - -,d1d3 c8b8 e2g3 c6e7 h2h3 e7g6 g3h5 d8h4 d3f3 b8b6,15
5rk1/6p1/pnb4p/8/1P6/K3P3/3r1PpP/6R1 w - -,d1d2 c6e7 e2g3 c8c4 f1e1 e7f5 d2d3 d8f6 f4d2 f6g6,Mate
8/8/3R1p2/8/3K1kp1/8/8/8 w - -,d1d2 c6e7 e2g3 c8c4 f1e1 e7f5 d2d3 d8f6 f4d2 f6g6,Mate
8/8/6kP/8/8/PK6/2p4P/2B5 w - -,d1d2 c6e7 e2g3 c8c4 f1e1 e7f5 d2d3 d8f6 f4d2 f6g6,Mate
8/8/8/8/1R5P/4k3/7K/r7 w - -,,0
6k1/p1p3pp/2q5/2p1B3/2P1n1b1/1P2P1rP/P3Q2K/5R2 w - -,f1f8 g8f8 e2g4 g3g4 h3g4 c6h6 h2g2 h6e3 e5c7 f8f7,-1032
r2qkb1r/pp2ppp1/2npbn1p/2p5/2P1P3/2NPBN2/PP3PPP/R2QKB1R w KQkq -,d3d4 c5d4 f3d4 e6d7 f1e2 e7e6 d4c2 f8e7 e1h1 e8h8,82
r1bq1rk1/pp3pp1/2p1n1n1/2bppN2/4P1Pp/3P3P/PPP1NPB1/R1BQ1RK1 w - -,a2a4 d5e4 g2e4 a7a5 g1h1 c5b6 d1e1 f8e8 c1e3 b6c7,-49
5R2/k4pp1/4p2p/8/8/5r2/3K1P1P/8 w - -,f8c8 f3f2 d2e3 f2f5 e3d4 g7g5 c8c3 a7b6 c3c8 f5f2,-521
r4rk1/pp3ppp/2npbq2/2p1p3/2B1P3/3P1N2/PPP2PPP/R2Q1RK1 w - -,d1e1 a8d8 e1e3 h7h6 f1e1 c6d4 f3d4 c5d4 e3d2 d6d5,-38
r1bqk2r/4bppp/p1p1pn2/2p5/N2pP3/1P1P1N2/P1P2PPP/R1BQ1RK1 w kq -,f3e5 d8c7 e5c4 e8h8 c1d2 f6d7 d1e1 d7e5 c4b6 a8a7,204
6k1/5pp1/1p3r1p/3B4/8/PQ4P1/1P3P1P/2r3K1 w - -,b3d1 c1d1 g1g2 d1d5 f2f4 d5d2 g2f3 d2h2 f3e4 h2b2,-1116
rnbq1rk1/pp3pbp/6p1/4p3/1n1NP3/P5P1/1P3PBP/RNBQ1RK1 w - -,d4e6 c8e6 a3b4 b8c6 d1d8 f8d8 c1g5 d8d7 b4b5 c6d4,-77
8/8/5R2/8/3K2p1/6k1/8/8 w - -,d4e6 c8e6 a3b4 b8c6 d1d8 f8d8 c1g5 d8d7 b4b5 c6d4,Mate
8/8/7P/5k2/8/P7/2K4P/2B5 w - -,d4e6 c8e6 a3b4 b8c6 d1d8 f8d8 c1g5 d8d7 b4b5 c6d4,Mate
r1bqr1k1/pp1n1pbp/2pp1np1/8/2PNP3/2N1B2P/PPQ2PP1/2KR1B1R w - -,g2g4 d8e7 e3g5 d7c5 f2f3 c5e6 d4e6 c8e6 c1b1 h7h6,40
3qr1k1/r2n1pp1/b3p2p/2ppP2P/p4BPb/PpPP4/1P1QRPBN/4R1K1 w - -,h2f3 d7f8 f3h4 d8h4 e2e3 f8h7 d2e2 a6b7 e3h3 h4e7,67
r1bq1rk1/pp3pp1/4n1n1/2bppN2/6Pp/3P3P/PPP1NPB1/R1BQ1RK1 w - -,a1b1 a7a5 d3d4 e5d4 c2c3 d4c3 b2c3 b7b5 d1d5 d8d5,-37
r4rk1/pp1q2pp/2p1pn1P/4B3/3P4/2P2N1P/PP3P2/R2Q2K1 w - -,d1d3 g7g6 a1e1 f6h5 f3g5 f8f5 h3h4 a8f8 f2f3 d7e7,17
r1bq4/ppp2pk1/2np1r2/2bNp3/2B1P3/3P1Q1P/PPP2PP1/R3K2R w KQ -,d5f6 d8f6 f3f6 g7f6 c2c3 c8d7 e1e2 c6e7 b2b4 c5b6,-61
8/8/8/r6P/1R6/4k3/7K/8 w - -,,0
8/8/4k2P/8/P7/8/2K4P/2B5 w - -,b4b3 e3f4 h5h6 a5a7 b3h3 a7h7 h3h4 f4g5 h2g3 h7h6,Mate
r2qk1nr/2p1bppp/p1p5/3pP3/3P2b1/2N2N2/PPP3PP/R1B1QRK1 w kq -,e1g3 d8d7 h2h3 g4f3 g3g7 f3h5 g7h8 e8a8 h8h7 h5g6,353
8/5P2/2q3K1/5Q2/8/8/k7/8 w - -,g6h7 c6h1 h7g6 h1g2 f5g5 g2c2 g6g7 c2c7 g5d2 a2b1,989
rnbq1rk1/pp3pp1/2p1p2p/3nP3/3P4/2PB1N2/P2B1PPP/R2Q1RK1 w - -,d3b1 f7f5 e5f6 d5f6 d1c2 d8c7 c2g6 c7f7 g6g3 f6h5,246
3r1rk1/pp2n1pp/2nb4/q2p1p2/3P4/2NBBQ1P/PP3PP1/R4RK1 w - -,a1d1 d6b8 f1e1 f8f7 h3h4 f5f4 e3c1 a5b6 f3h5 g7g6,50
r1b5/ppp2pk1/2np1q2/2b1p3/2B1P3/3P1Q1P/PPP2PP1/R3K2R w KQ -,c2c3 f6f3 g2f3 c8d7 f3f4 f7f5 c4d5 c6e7 h1g1 g7h6,-91
r4rk1/2p1bppp/1p1p4/p2P1q2/2PPp3/3nB2P/PP1N1PP1/R2Q1RK1 w - -,a2a3 f5g6 d2e4 g6e4 d1d2 e7f6 a1d1 f6d4 e3d4 e4d4,-60
r4rk1/pp3ppp/2npq3/2p1p3/4P3/3P1N2/PPP2PPP/R2Q1RK1 w - -,c2c3 a8d8 f1e1 d6d5 d1b3 b7b6 h2h3 f8e8 b3a4 h7h6,-35
r4rk1/pp2npb1/6pp/4N3/3P4/1P4P1/PB4KP/3R1R2 w - -,d1c1 e7d5 g2h3 f8c8 c1c8 a8c8 f1c1 c8c1 b2c1 d5b4,-24
4r1k1/1p3pp1/1Pn5/3p3n/3Pp1qP/4PbB1/1Q3PB1/2R2RK1 w - -,b2b5 e8d8 g1h2 c6d4 g2h3 d4b5 h3g4 f3g4 c1c5 b5d6,-221
8/3k4/7P/P7/8/8/2K4P/2B5 w - -,b2b5 e8d8 g1h2 c6d4 g2h3 d4b5 h3g4 f3g4 c1c5 b5d6,Mate
6k1/5pp1/1p3r1p/3B4/8/PQ4P1/1P3PKP/4r3 w - -,b3d3 e1e8 d5c4 g7g5 a3a4 e8c8 c4d5 g8g7 d5f3 g5g4,577
r1b5/ppp2p2/2np1k2/2b1p3/2B1P3/3P3P/PPP2PP1/R3K2R w KQ -,a2a3 c6e7 e1d2 c7c6 a1f1 d6d5 c4b3 c8e6 f2f4 d5e4,-71
rn2kbnr/pp4pp/1qp1pp2/3pP3/3P4/2P2Q1P/PP3PP1/RNB1KB1R w KQkq -,f1d3 c6c5 f3h5 e8d8 h5f7 b8d7 e1h1 f6e5 c1g5 g8e7,156
1r6/p1r1kp1p/4pp2/8/2p5/1P3P2/P1PR2PP/2KR4 w - -,d2d4 c4b3 a2b3 b8b3 d4h4 b3a3 d1d4 a7a5 h4h7 a3a2,-83
1b1r2k1/pp2nrpp/2n5/q2p1p2/3P4/2NBBQ1P/PP3PP1/3RR1K1 w - -,d3c2 f5f4 e3c1 e7f5 b2b4 c6b4 c2b3 g8h8 c3a4 b4c6,48
r1bqk1nr/pp1p1ppp/2n1p3/8/1bP1P3/2Np1N2/PP3PPP/R1BQKB1R w KQkq -,f1d3 g8f6 e1h1 d7d6 c3a4 h7h6 a2a3 b4a5 b2b4 a5c7,68
8/8/1R6/7p/5P1k/4P2P/6K1/r7 w - -,b6g6 a1e1 g2f2 e1a1 f4f5 h4h3 f5f6 a1a6 f2f3 h5h4,617
rn2k2r/pp2bpp1/2p1bq1p/8/2pP4/P1N1QPP1/1P2P1BP/R3K1NR w KQkq -,f3f4 b8a6 g1f3 g7g5 c3e4 f6f5 f4g5 a6c7 e4f6 e7f6,53
r4rk1/p1q2ppp/b4n2/3pp1Q1/3B4/P4B2/1PP2PPP/R3K2R w KQ -,e1a1 a8c8 c2c3 e5d4 d1d4 f8e8 g5d2 a6c4 h2h4 f6e4,-474
rn1qkb1r/pp3ppp/4p3/2ppPn2/3P4/2PQ4/PP2NPPP/RNB2RK1 w kq -,b1d2 b8c6 d2f3 a7a5 g2g3 a5a4 h2h4 c5d4 c3d4 c6b4,30
r4rk1/1p3pp1/4p2p/1Q1p4/2n2q2/2P2N2/PP3PPP/1K1R3R w - -,b5b3 f4f5 b1a1 a8a6 f3d4 f5f2 b3c2 f2h4 d1e1 f8a8,-394
r2qk1nr/2pbbppp/p1p5/3pP3/3P4/2N2NQ1/PPP3PP/R1B2RK1 w kq -,g3g7 e7f6 e5f6 d8f6 g7g3 e8a8 c1g5 f6g7 g5d8 g7g3,641
8/2k5/P6P/8/8/8/2K4P/2B5 w - -,c3a4 g7g6 f3g5 d7f5 f1f5 g6f5 e5e6 g8h6 e6f7 h6f7,Mate
r1b5/ppp2p2/3p1k2/2b1p3/2BnP2P/3P4/PPP2PP1/R3K2R w KQ -,c4b3 d4b3 a2b3 c8e6 h4h5 f6g7 g2g4 d6d5 c2c3 d5e4,-129
r4rk1/pp1q3p/2p1pnpP/4B3/3P4/2P2N1P/PP2QP2/R5K1 w - -,f3g5 f6h5 g5e4 a8d8 a2a4 d7e7 a4a5 f8f5 b2b4 e7h4,25
r1r3k1/1RBb1ppp/2p1pqn1/p1Pp4/Q2P4/P1P2N2/5PPP/4R1K1 w - -,c7d6 d7e8 a4c2 a5a4 h2h3 a8a5 e1b1 f6d8 b1b4 f7f6,259
8/Pk6/7P/8/8/8/2K4P/2B5 w - -,c7g3 d7e8 a4c2 a5a4 g3d6 a8a5 e1b1 a5b5 b7a7 g6h4,Mate
8/8/8/4k3/3R1pp1/3K4/8/8 w - -,c7g3 d7e8 a4c2 a5a4 g3d6 a8a5 e1b1 a5b5 b7a7 g6h4,Mate
6r1/2k1n3/1p1R4/p1p1P1Kp/P7/1P5P/1B6/8 w - -,g5h4 e7f5 h4h5 f5d6 e5d6 c7d6 h3h4 d6e6 h5h6 g8g3,-640
8/p3b3/1p2B3/1P1P3K/5k1P/8/8/8 w - -,d5d6 e7d8 d6d7 d8e7 e6h3 f4e5 h5g4 e5e6 g4f4 e6f7,482
r2qkb1r/pp2pp2/2npbn1p/2p3p1/2P1P3/2NPBN2/PP2BPPP/R2QK2R w KQkq -,d3d4 g5g4 d4d5 g4f3 e2f3 f8g7 e1h1 d8d7 f3e2 h6h5,92
1r6/pr2kp1p/4pp2/8/2P5/5P2/P1PR2PP/2KR4 w - -,d2d3 b7c7 d3a3 e6e5 d1e1 c7c4 a3a7 e7e6 a7a3 c4h4,43
8/1kn5/8/Q7/8/1K6/8/8 w - -,c2c3 f6f5 a2a4 b7b1 c1c2 b1b2 c2c1 b2b3,Mate
r2qkb1r/pp3ppp/2p1p3/2n5/8/1Pn1PN2/PB1PQPPP/R3K2R w KQkq -,d2d4 c3e2 d4c5 d8a5 e1e2 a5a6 e2e1 f8c5 a2a3 f7f6,-626
2rr2k1/pp3pp1/1q1bp2p/8/3PQ3/1P3N1P/P4PP1/R3R1K1 w - -,e1e2 b6c6 e4c6 c8c6 g2g3 d8c8 f3e1 d6b4 g1g2 g8f8,-58
8/1K6/PN3kp1/1n6/5PP1/7p/7P/8 w - -,b6c4 f6e7 b7b6 b5c3 a6a7 c3d5 b6c6 d5b4 c6b7 g6g5,967
8/2n5/2k5/Q7/1K6/8/8/8 w - -,b6d7 f6e6 b7b6 b5d6 b6c6 d6c8 d7b6 c8a7 c6c5 e6f7,Mate
rn2kbnr/pp5p/1qp1pp2/3p4/3P4/2P2Q1P/PP3PP1/RNB1KB1R w KQkq -,f3h5 e8e7 f1d3 b8d7 e1h1 a8e8 d3f5 e7d8 f1e1 d7e5,236
8/2k1n3/1p1R4/p1p1P2K/P7/1P5P/1B4r1/8 w - -,b2c1 g2e2 c1f4 e2f2 f4g5 f2e2 d6e6 e7c6 h3h4 c6d4,281
r1bqk2r/pppp1pp1/4n1n1/4p3/4P1Pp/2NPb2P/PPP1NPB1/R2Q1RK1 w kq -,b2b4 e3b6 c3d5 c7c6 d5b6 a7b6 d3d4 d7d6 d4d5 e6f4,-563
r2qkb1r/pp3ppp/2p1p3/8/8/1PBnPN2/P2PQPPP/R3K2R w KQkq -,e2d3 d8d3 a2a4 d3d8 a4a5 f7f6 e1h1 d8d7 a5a6 b7b5,-570
1r6/p3kp1p/4pp2/8/2r5/5P2/P1PR2PP/2KR4 w - -,d2d7 e7f8 d7a7 f8g7 a7a3 f6f5 a3b3 b8c8 c2c3 e6e5,49
r1b5/p1p2p2/3p1k2/1pb1p3/2BnP2P/3P4/PPP2PP1/2KR3R w - -,c4b3 f6g7 d1f1 a7a5 h4h5 d4b3 a2b3 g7h6 c1d2 c8e6,-175
6R1/k4p2/4p2p/6p1/8/r4P2/3K1P1P/8 w - -,g8h8 a3f3 d2e2 f3f6 h8c8 a7b6 h2h3 b6b7 c8c2 f6f4,-237
1b1r2k1/pp2nrpp/2n5/q2p4/3P1p2/2N1BQ1P/PPB2PP1/3RR1K1 w - -,a2a3 f4e3 c2h7 g8f8 f3e3 b8f4 e3d3 f7f6 h3h4 g7g6,-263
rnbq1rk1/pp4p1/2p1pn2/6pQ/3P4/2PB4/P2B1PPP/R4RK1 w - -,h5h3 e6e5 h3g3 c8e6 d2g5 e5e4 d3c2 d8a5 g5f6 f8f6,-150
8/8/8/4k3/R4p2/3K2p1/8/8 w - -,h5h3 e6e5 h3g3 c8e6 d2g5 e5e4 d3c2 d8a5 g5f6 f8f6,Mate
r1bqk2r/pppp1pp1/6n1/4p1n1/4P1Pp/2NPP2P/PPP1N1B1/R2Q1RK1 w kq -,g1h2 c7c6 a2a4 d7d6 d1d2 e8h8 d3d4 c8d7 a1d1 d8a5,-45
r1b1r1k1/pp2qpbp/1npp1np1/8/2PNP1P1/2N1BP1P/PPQ5/2KR1B1R w - -,e3g5 h7h6 g5h4 d6d5 c4d5 c6d5 f1b5 c8d7 h1e1 d5e4,3
r1b5/p4p2/2pp1k2/1pbBp3/3nP2P/3P4/PPP2PP1/2KR3R w - -,c2c3 c6d5 c3d4 c5d4 c1b1 c8e6 f2f3 d4e3 g2g3 f6g7,-286
1r6/p3kp1p/3Rpp2/8/1r6/5P2/P1P3PP/2KR4 w - -,d6d3 b4b1 c1d2 b1d1 d2d1 b8b1 d1d2 b1g1 g2g4 g1g2,-9
r3r2k/pp2n1pp/2nb1p2/2q5/B2p4/3P1Q1P/PP1B1PP1/1K1R1N1R w - -,f1g3 c5b6 h1e1 d6b4 d2b4 b6b4 a4c2 c6e5 f3e4 a8d8,57
3kr3/p6N/1p1p2p1/n7/4PP2/2Pb4/P2N2PP/4R1K1 w - -,g2g4 a5b7 h7f6 e8f8 f6d5 b7c5 e1e3 f8g8 g1f2 g6g5,348
rnbq1rk1/pp3pp1/2p1p3/3nP1p1/3P4/2PB4/P2B1PPP/R2Q1RK1 w - -,d1h5 f7f5 d2g5 d8e8 h5h4 d5c3 a1c1 c3d5 f2f4 b7b6,-83
r3k1nr/2pb1pQp/p1p2q2/3p4/3P4/2N2N2/PPP3PP/R1B2RK1 w kq -,f1e1 d7e6 e1e6 f7e6 g7c7 g8e7 c1g5 f6g7 a1e1 a8d8,660
rn3rk1/pp3p1p/4bp2/2PpN3/6P1/4P3/PP3P1P/R3KB1R w KQ -,e5f7 g8f7 a1d1 f8c8 f2f4 c8c5 f1g2 f7e7 b2b4 c5b5,-306
r1bqk2r/ppp2pb1/3p1n1p/3Pp1p1/1PP1P3/2N2NP1/P3BPP1/R2Q1RK1 w kq -,c4c5 e8h8 d1b3 d8e7 c5c6 b7c6 d5c6 d6d5 c3d5 f6d5,73
2r2rk1/p1q2ppp/b4n2/3pp1Q1/8/P1B2B2/1PP2PPP/R3K2R w KQ -,c3b4 f8e8 g5d2 d5d4 f3e2 a6e2 d2e2 c7c2 a1d1 f6d5,-429
1b1r2k1/pp3rpp/2n5/q2p4/3n1p2/1BN2Q1P/PP3PP1/2BRR1K1 w - -,d1d4 c6d4 f3d1 d4b3 d1b3 h7h6 c1d2 a5b6 b3b6 a7b6,-406
r1b5/p4pk1/2pp4/1pb1p3/3nP2P/1B1P4/PPP2PP1/2KR3R w - -,h1f1 a7a5 c2c3 d4b3 a2b3 c8e6 c1c2 g7h6 f2f3 a5a4,-171
8/k4pR1/4p2p/6p1/8/5r2/3K1P1P/8 w - -,h2h3 f3f2 d2e3 f2f6 e3d4 f6f5 g7h7 a7b7 h3h4 b7c6,-518
rnbqk2r/1p2bpp1/p2p1n2/4p1p1/4P3/1NN4P/PPP2P2/R1BQKB1R w KQkq -,c1g5 c8e6 d1d3 b8d7 e1a1 a8c8 f2f4 c8c3 b2c3 e5f4,4
6k1/5pp1/1p3r1p/4r3/8/PQ3BP1/1P3PKP/8 w - -,b3c3 e5e7 a3a4 e7e6 b2b4 g8h7 f3d5 e6d6 c3e5 d6d8,584
1r6/p3kp1p/3Rpp2/8/8/2P2P2/P5PP/1rKR4 w - -,c1c2 b8b2 c2d3 b1d1 d3e4 e7d6 a2a4 b2g2 h2h3 a7a5,-1066
r4rk1/pp1q3p/2p1p1pP/4B2n/3P4/2P2N1P/PP2QP1K/R7 w - -,f3d2 f8f5 d2e4 a8f8 a1g1 c6c5 e2e3 d7d5 b2b3 d5d8,-46
3kr3/p6N/bp1p2p1/n7/4PP2/2P1R3/P2N2PP/6K1 w - -,g2g4 d8e7 h7g5 a6c8 h2h3 c8a6 g1f2 e7f6 f2g3 a5b7,374
8/p3kp1p/3Rpp2/8/8/2P2P2/PrK3PP/1r1R4 w - -,c2d3 b1d1 d3c4 e7d6 a2a4 b2g2 c4b3 g2h2 b3b4 e6e5,-1191
r1b5/p4pk1/2pp4/1pb1p2P/4P3/1n1P4/PPP2PP1/2KR3R w - -,c2b3 c5f2 c1c2 f2e3 d1f1 c8e6 f1f3 e3g5 h5h6 g7h7,-321
r3kb1r/pp3ppp/2p1p3/2nq4/7N/1P2P3/PB1PQPPP/R3K2R w KQkq -,b2c3 c5d3 e1f1 e8a8 h4f3 e6e5 e3e4 d5e6 f3e1 d3f4,-74
3k4/p6N/bp1pr1p1/n7/4PP2/2P3R1/P2N2PP/6K1 w - -,h7f8 e6f6 f8g6 a5c4 d2f3 a6b7 e4e5 d6e5 f4e5 f6f7,447
8/p3kp1p/3Rpp2/8/8/2PK1P2/Pr4PP/3r4 w - -,d3e4 e7d6 g2g3 b2a2 h2h4 a2c2 e4f4 a7a5 f4g4 c2c3,Mate
rnbqk2r/1p2bpp1/p2p4/4p1B1/4n3/1NN4P/PPP2P2/R2QKB1R w KQkq -,c3e4 e7g5 e4d6 e8e7 d6c8 d8c8 h1g1 g5h6 d1g4 c8g4,-1
r3k2r/2pb1p1p/p1p2n2/3p4/3P4/2N2N2/PPP3PP/R1B2RK1 w kq -,f3e5 f6g4 e5d3 h8g8 h2h3 g4f6 f1f6 d7h3 f6f2 e8a8,632
rnb1k2r/1ppp1ppp/8/p2Pp1q1/2P3n1/2N5/PP2P1PP/R2QKBNR w kq -,d1c2 g4e3 c2c1 e3g2 e1f2 g2f4 g1f3 g5e7 h1g1 e8h8,-237
r1bq1rk1/ppp2pbp/3p1np1/3Pp3/2PnP3/2N3N1/PP2BPPP/R1BQK2R w KQ -,e2d3 f6d7 e1h1 a7a5 c1e3 d7c5 d3b1 c8d7 g3e2 d4e2,-13
r1b5/p4pk1/2pp4/1p2p2P/4P3/1P1P4/1PP2bP1/2KR3R w - -,d1f1 f2e3 c1b1 c8e6 b3b4 a8g8 g2g3 e3g5 c2c3 c6c5,-292
6k1/p1p4p/3qb3/2p3p1/2P1R1P1/1P2r2P/P3Q2K/2B5 w - -,h2g2 d6g3 g2h1 g3h3 h1g1 e3e2 e4e2 h3g4 e2g2 g4d1,Mate
6K1/3k2P1/8/8/8/8/8/r7 w - -,,0
3r1rk1/p1qb1pbp/2pp1pp1/8/2B1P3/2N5/PPPQ1PPP/R3R1K1 w - -,a1d1 d7c8 c4d3 h7h5 b2b4 f8e8 a2a3 g8h7 c3e2 g7h6,-26
2rr2k1/pb5p/3q2p1/1pp1pp2/8/2PPbP2/PPQ1NNPP/3R1R1K w - -,e2c1 e3g5 c2b3 b7d5 b3b5 c8b8 b5a4 b8b2 f2e4 d6e7,-104
6k1/p1p4p/3qb3/2p5/2P1npP1/1P2P1rP/P1Q4K/2B5 w - -,e2c1 e3g5 c2b3 b7d5 b3b5 c8b8 b5a4 b8b2 f2e4 d6e7,Mate
4kr2/1p1np1b1/p2q3p/3Np1p1/8/4B3/PP1Q1PPP/2R3K1 w - -,d5c7 e8f7 d2c2 d7f6 c2b3 f7g6 b3b7 a6a5 b7b5 e5e4,84
8/3k1KP1/8/8/8/8/8/1r6 w - -,,0
2n1r3/2k5/1p1R4/p1p1P1Kp/P7/1P5P/1B6/8 w - -,d6f6 h5h4 g5h4 c8e7 h4h5 e8h8 f6h6 h8e8 h5g5 e8f8,178
r1b5/p4p1k/2pp3P/1p2p3/4P3/1P1P4/1PP2bP1/2KR3R w - -,d1f1 f2e3 c1b1 c8e6 f1f3 e3f4 g2g3 f4g5 b3b4 d6d5,-337
r2q1rk1/1Q4p1/p1nbb2p/2pN4/3Pp3/4PN2/PP3PPP/R3K2R w KQ -,b7c6 e4f3 d5f4 a8c8 c6a6 f3g2 f4g2 c8a8 a6d3 c5d4,-553
n5k1/P7/K1N5/6p1/3P1PP1/7p/7P/8 w - -,b7c6 e4f3 d5f4 a8c8 c6a6 f3g2 f4g2 c8a8 a6d3 c5d4,Mate
1R6/4kpb1/p1p1b1pp/1p2p3/2P1P3/1P3B2/P4PPP/6K1 w - -,c4b5 a6b5 h2h3 h6h5 g2g4 e7d6 g4h5 g6h5 f3h5 f7f5,434
r2qr1k1/pppbnpb1/2n1p3/3pP1Np/3P2p1/2PB1N2/PP3P2/R1BQK2R w KQ -,h1h5 e7f5 f3h4 g7e5 d1g4 e5g7 c1d2 c6d4 c3d4 d8e7,422
rnbqk2r/1p3pp1/p2p4/4p1b1/4N3/1N5P/PPP2P2/R2QKB1R w KQkq -,,0
r3kb1r/pp3ppp/2p1p3/3q4/3Pn2N/1P2P3/PB2QPPP/R3K2R w KQkq -,e2d3 g7g5 h4f3 g5g4 f3e5 h8g8 d3c2 f7f6 e5d3 d5a5,-94
rnb1k1nr/1p1p1ppp/p3p3/2b1q3/3N4/2N1B3/PPP2PPP/R2QKB1R w KQkq -,d1d2 g8f6 e1a1 b7b5 f1e2 e8h8 e2f3 d7d5 g2g4 c8b7,-67
r2q1rk1/6p1/p1Qbb2p/2pN4/3P4/4Pp2/PP3PPP/R3K2R w KQ -,d4c5 f3g2 h1g1 a8c8 c6d6 e6d5 d6d8 f8d8 f2f3 d5f3,-567
r2qkb1r/pp3ppp/2n1p3/3pPn2/2pP4/2P5/PPQNNPPP/R1B2RK1 w kq -,b2b3 b7b5 b3c4 b5c4 d2f3 a8b8 g2g3 h7h6 g1g2 g7g6,64
r4rk1/pp3q1p/2p1p1pP/4B2n/3P4/2P2N1P/PP2QP1K/6R1 w - -,e2d3 f7f5 d3f5 f8f5 f3g5 f5f2 g1g2 a8f8 g5e6 f8f5,-161
r1b5/p4p1k/2pp3P/1p2p3/4P3/1P1Pb3/1PP3P1/2K2R1R w - -,c1d1 c8e6 d1e2 e3b6 f1f6 a8g8 h1h2 b6d8 f6e6 f7e6,-356
rn1qkb1r/p2ppp1p/b4np1/2pP4/2P5/5N2/P3PPPP/RNBQKB1R w KQkq -,b1d2 f8g7 c1b2 e8h8 e2e4 e7e6 e4e5 f6e8 h2h4 e6d5,37
1r3k2/p2R1p1p/4pp2/8/1r6/5P2/P1P3PP/2KR4 w - -,a2a3 b4b5 d7d8 b8d8 d1d8 f8e7 d8c8 e7d6 h2h4 b5h5,4
rnbq3r/1p2kpp1/p2N4/4p1b1/8/1N5P/PPP2P2/R2QKB1R w KQ -,,0
8/p7/1p1bB3/1P5K/5k1P/8/8/8 w - -,h5g6 d6e5 h4h5 e5d4 h5h6 f4e3 e6c8 e3d2 c8a6 d4b2,646
r1bqk2r/pppn1pb1/3p4/3Pp1pp/1PP1P3/2N2NP1/P3BPP1/R2Q1RK1 w kq -,c4c5 d6c5 d5d6 c7c6 b4b5 d8f6 a1b1 h5h4 g3g4 d7b6,30
6k1/5pp1/1p3r1p/2r5/8/P1Q2BP1/1P3PKP/8 w - -,c3d4 c5c8 a3a4 f6g6 b2b4 c8e8 a4a5 b6a5 b4a5 g6e6,682
r4rk1/2pb1p1p/p1p2n2/3pN3/3P4/2N5/PPP3PP/R1B2RK1 w - -,f1f6 d7e6 e5d3 c6c5 d3c5 a8b8 f6f3 b8b6 a2a4 f8e8,759
rn1qk2r/p2pppbp/b4np1/2pP4/2P5/4PN2/P4PPP/RNBQKB1R w KQkq -,c1b2 e8h8 f1e2 e7e6 d5e6 d7e6 b1d2 b8d7 e1h1 a6b7,3
rnq4r/1p2kpp1/p7/4p1b1/8/1N5P/PPP2P2/R2QKB1R w KQ -,,0
3k1N2/p7/bp1p1rp1/n7/4PP2/2P3R1/P2N2PP/6K1 w - -,f8g6 a5c4 d2f3 a6b7 e4e5 d6e5 f4e5 f6e6 f3d4 e6e8,485
r7/p4p1k/2ppb2P/1p2p3/4P3/1P1Pb3/1PP3P1/3K1R1R w - -,f1f6 a8g8 d1e2 e3b6 e2f1 a7a5 f6f3 b6d4 c2c3 d4b6,-372
r2q1rk1/6p1/p1Qbb2p/2PN4/8/4P3/PP3PpP/R3K2R w KQ -,h1g1 a8c8 c6d6 e6d5 d6d8 f8d8 f2f3 d5f3 e1f2 f3e4,-560
3r1k2/p4p1p/4pp2/8/1r6/5P2/P1P3PP/2KR4 w - -,c2c3 d8d1 c1d1 b4a4 h2h4 f8e7 g2g3 a4a2 d1c1 f6f5,-594
rnbq1rk1/pp6/2p1p2p/3nPp2/3P4/2PB1N2/P4PPP/R1Q2RK1 w - -,c1h6 d8c7 c3c4 d5b4 f1d1 c7g7 h6h4 c6c5 d4d5 e6d5,124
8/1R3pb1/2p1b1pp/1pk1p3/4P3/1P6/P3BPPP/6K1 w - -,a2a4 g7f8 a4b5 c6b5 e2b5 e6b3 b5e8 b3c4 e8f7 c4a6,482
2bk4/p7/1p1p1rN1/n7/4PP2/2P3R1/P2N2PP/6K1 w - -,h2h4 a5b7 h4h5 f6f7 f4f5 b7c5 g6f4 c8b7 h5h6 f7h7,549
3R4/p3kp1p/4pp2/8/1r6/5P2/P1P3PP/2K5 w - -,,0
6R1/k4p2/4p2p/r5p1/8/5P2/4KP1P/8 w - -,g8d8 a5e5 e2f1 e5f5 f1g2 a7b7 d8h8 f5f6 g2g3 b7c6,-20
2rr2k1/pb5p/1q4p1/1pp1pp2/8/2PPbPN1/PPQ2NPP/3R1R1K w - -,f1e1 c5c4 f2h3 b7d5 a2a4 b5a4 d3c4 d5c6 d1d8 c8d8,-112
r3k2r/pp2bppp/2p1p3/3q4/3Pn2N/1P2P3/PB2QPPP/R4RK1 w kq -,a1c1 e7h4 f2f3 h4f2 f1f2 e4f2 e2f2 e8h8 c1c5 d5d7,-228
R7/p3kp1p/4pp2/8/r7/5P2/P1P3PP/2K5 w - -,c1b1 f6f5 a8h8 a4h4 h2h3 e6e5 b1b2 h4h6 c2c4 h6g6,-21
rnb2rk1/pp2q3/2p1p2Q/3nPp2/3P4/2PB1N2/P4PPP/R4RK1 w - -,c3c4 d5b4 a1d1 e7g7 h6h4 g7g4 h4e7 f8f7 e7d8 f7f8,121
2br1rk1/p1q2pbp/2pp1pp1/8/2B1P3/2N5/PPPQ1PPP/3RR1K1 w - -,c4d3 c7a5 a2a3 f8e8 h2h3 c8e6 d2c1 f6f5 e4f5 e6f5,-25
8/1R3pb1/2p1b1pp/1p2p3/1k2P3/1P3P2/P3B1PP/6K1 w - -,a2a4 b4c3 a4b5 c6b5 e2b5 e6b3 b5e8 g7f8 e8f7 b3d1,451
3r2k1/6pp/p4p2/N7/PbN5/1P2Pb2/R6P/6K1 w - -,h2h4 d8d1 g1h2 h7h5 h2g3 d1f1 a2g2 f3g2 g3g2 f1b1,-494
6r1/p4p1k/2ppb2P/1p2p3/2P1P3/1P1Pb3/1P4P1/3K1R1R w - -,f1e1 e3d4 g2g4 g8g4 e1e2 g4g3 d1c1 e6g4 e2c2 b5b4,-456
8/k4pR1/4p2p/5rp1/8/5P2/4KP1P/8 w - -,h2h4 g5h4 g7g4 f5h5 e2f1 h4h3 f1g1 a7b6 g1h2 b6c5,-26
2bk4/p7/1pnp1rN1/5P2/4P3/2P3R1/P2N2PP/6K1 w - -,h2h4 d6d5 h4h5 d5e4 h5h6 f6f5 h6h7 f5h5 h7h8r h5h8,581
r1bqk1nr/pp1p1ppp/3b4/2p2n2/8/2N2N2/PPP2PPP/R1BQKB1R w KQkq -,g2g4 d8e7 f1e2 f5d4 f3d4 c5d4 d1d4 d6e5 d4d3 e7f6,165
r3k2r/1p2bppp/2p1p3/p2q4/3Pn3/1P2PN2/PB2QPPP/R4RK1 w kq -,f3e5 e8h8 e2c2 e4f6 a2a4 d5e4 c2e4 f6e4 e5c4 a8a6,30
r2q1rk1/pp2n1pp/3b1p2/1Q1p2B1/8/2N4P/PP3PP1/R4RK1 w - -,g5h6 g7h6 c3d5 d6h2 g1h2 d8d5 b5a4 d5f7 a1d1 e7c6,-383
8/2R2pb1/4b1pp/1pp1p3/1k2P3/1P3P2/P3B1PP/6K1 w - -,c7b7 g7f8 e2b5 b4a3 g1f2 h6h5 b7a7 a3b4 b5d7 e6d7,562
8/1K6/2N3k1/8/3P2P1/7p/5p1P/5Q2 w - -,c7b7 g7f8 e2b5 b4a3 g1f2 h6h5 b7a7 a3b4 b5d7 e6d7,Mate
1nkrq2r/1pp2pb1/p2pbnpp/3Np3/PP2P3/1BPPBN2/5PPP/R2QR1K1 w - -,d1b1 f6g4 e3d2 g4f6 b4b5 e6g4 b5a6 b8a6 a4a5 g4f3,248
r2qkb1r/1pp2ppp/p1n1b3/3np3/8/1PN1PN2/PB1P1PPP/R2QKB1R w KQkq -,f1c4 d5c3 b2c3 d8d6 e1h1 f8e7 d1c2 e8h8 a1d1 e6c4,16
r2qk2r/p2b1pb1/2p2n1p/2Ppp1p1/1PB1P3/2N2NP1/P4PP1/R2Q1RK1 w kq -,e4d5 c6d5 c3d5 e8h8 a1c1 e5e4 f3e5 d7e6 e5c6 d8d7,316
r1b2rk1/ppp1qpp1/3ppn1p/n7/2PP4/2PQ2P1/P2NPPBP/R1B2RK1 w - -,c4c5 f8d8 c1a3 d6d5 e2e4 d5e4 d2e4 f6e4 d3e4 e7f6,64
r1bqkb1r/pp1nnppp/2p1p3/3pP3/3P4/6P1/PPP2PBP/RNBQK1NR w KQkq -,g1e2 e7f5 c2c3 f8e7 e1h1 b7b5 b1d2 b5b4 d2f3 b4c3,65
rnbqk2r/pp2bppp/3p4/2pBp3/4P3/5N2/PPPP1PPP/R1BQK2R w KQkq -,e1h1 e8h8 c2c3 b8a6 d5b3 e7f6 h2h3 a6c7 f1e1 c7e6,27
r3r2k/pp4pp/2nb1p2/2q2n2/B2p4/3P1QNP/PP1B1PP1/1K1R3R w - -,g3f5 g7g6 a4c6 b7c6 f5d6 c5d6 d1c1 c6c5 h3h4 h7h5,505
2r2rk1/pp3pp1/3bp2p/8/3P4/1Pq1QN1P/P4PP1/R3R1K1 w - -,g2g3 c3e3 e1e3 c8c2 f3e1 c2c7 e3e2 f8c8 a1d1 g8f8,-50
6r1/pppqnk2/2n3NQ/3p1p2/3P1B2/2PBP3/P2K1P2/6R1 w - -,g2g3 c3e3 e1e3 c8c2 f3e1 c2c7 e3e2 f8c8 a1d1 g8f8,Mate
r2q1rk1/pp2n1pp/5p2/1Q1pb3/8/2N1B2P/PP3PP1/R4RK1 w - -,b5b3 e5c3 b2c3 d8c7 a1d1 f8e8 d1d4 a8c8 f1c1 b7b6,-35
r4rk1/2p2ppp/1p1p4/p2P1qb1/2PPp3/3nB2P/PPQN1PP1/R4RK1 w - -,e3g5 f5g5 d2e4 d3b4 c2d1 g5f5 e4c3 f8e8 a2a3 b4d3,188
6R1/k4p2/4p2p/6p1/r7/5P2/4KP1P/8 w - -,h2h3 a4f4 g8h8 f4f6 h8g8 a7b6 h3h4 g5h4 g8g4 f6f5,-12
8/p4p1k/2ppb2P/1P2p3/4P3/1P1Pb3/1P4r1/3K1R1R w - -,f1f5 e6f5 e4f5 c6b5 h1h3 e3f4 h3h1 a7a5 h1e1 g2b2,-675
r1bqr1k1/ppp2pbp/2np1np1/8/2PNP3/2N4P/PP3PP1/R1BQRBK1 w - -,d4f3 h7h6 d1c2 c6b4 c2b1 g6g5 c1e3 b4c6 b1c2 g5g4,40
r2q1rk1/pp3pb1/2np1npp/8/2PPp1b1/1PN3P1/PB1N1PBP/R2Q1RK1 w - -,d1b1 c6d4 c3e4 f6e4 d2e4 f8e8 f1e1 a8c8 h2h3 g4f5,38
rnb2rk1/pp4q1/2p1p2Q/3nPpN1/3P4/2PB4/P4PPP/R4RK1 w - -,h6h4 c6c5 f2f4 b8c6 d3c4 c6e7 c4d5 e6d5 a1b1 e7g6,172
8/p7/1p1bB1K1/1P2k3/7P/8/8/8 w - -,e6c8 d6c5 h4h5 c5d4 h5h6 e5d6 g6f7 d6c5 c8a6 c5b4,846
6k1/p1p4p/3qb3/2p5/2P1Q1P1/1P2PprP/P6K/2B5 w - -,e4e6 d6e6 h2g3 e6d6 g3f3 d6d1 f3e4 d1c1 e4d5 c1e3,Mate
2rr2k1/pb5p/1q4p1/1p2pp2/2p5/2PPbPN1/PP2QNPP/3R1R1K w - -,d3c4 b5c4 d1d8 c8d8 f1d1 d8d5 e2c4 b6b5 c4b5 d5b5,-43
8/k4pR1/4p2p/6p1/5r2/5P2/4KP1P/8 w - -,h2h4 g5h4 g7h7 f4f6 h7g7 e6e5 g7g1 f6f4 g1h1 a7b6,-147
r4b1r/pp2kp1p/3Nbp2/4p3/1n6/1N3P2/PPP3PP/2KR1B1R w - -,,0
r4rk1/pp5p/2p1p1pP/4Bq1n/3PQ3/2P2N1P/PP3P1K/6R1 w - -,e4h4 f5f3 g1g2 f8f7 h4g4 f3g4 h3g4 h5f4 h2g1 f4g2,-461
rnbqk2r/pp3pp1/2p1p2p/3nP3/3P4/2PB1N2/P2B1PPP/R2QK2R w KQkq -,e1h1 d5e7 d2c1 b8d7 d1e2 c6c5 c3c4 b7b6 d3e4 a8b8,173
r1bqkb1r/pp1pnppp/5n2/2pP4/2B5/5N2/PPP2PPP/RNBQK2R w KQkq -,d5d6 b7b5 d6e7 f8e7 c4b5 a8b8 b1c3 e8h8 b5e2 f8e8,360
r2q1rk1/p3n1pp/1p3p2/1QBp4/8/2P4P/P4PP1/R4RK1 w - -,c5d4 d8d6 a2a4 e7c6 f1d1 f8d8 d4e3 d6e6 d1d2 d8d7,-67
8/3K4/6k1/1B2B3/8/8/8/8 w - -,c5d4 d8d6 a2a4 e7c6 f1d1 f8d8 d4e3 d6e6 d1d2 d8d7,Mate
rnbq1rk1/pp2bppp/3p4/2pBp3/4P3/5N2/PPPP1PPP/R1BQ1RK1 w - -,c2c3 b8a6 d5b3 a6c7 h2h3 e7f6 d2d3 c8e6 f3h2 e6b3,20
2r3k1/5pp1/1p3r1p/8/8/P2Q1BP1/1P3PKP/8 w - -,d3d7 c8f8 a3a4 f6e6 b2b4 h6h5 h2h4 e6e1 a4a5 b6a5,683
5rk1/1pNnp1b1/p2q3p/4p1p1/8/4B3/PPQ2PPP/2R3K1 w - -,c1d1 d6b4 a2a3 b4a5 c2c4 f8f7 d1d7 a5e1 c4f1 e1f1,475
8/p4K2/1p1bB3/1P6/3k3P/8/8/8 w - -,,0
r1bqkb1r/pp1p1ppp/3P1n2/2p2n2/2B5/5N2/PPP2PPP/RNBQK2R w KQkq -,d1e2 f8e7 d6e7 f5e7 e1h1 e8h8 c1g5 d7d5 f1d1 b7b5,406
r4rk1/pp5p/2p1p1pP/4B1Nn/3PQ3/2P4P/PP3q1K/6R1 w - -,h2h1 f8f5 e4g2 f2g2 g1g2 h5f4 g2g3 a8f8 e5d6 f4e2,-257
2r2rk1/pp3pp1/3bp2p/8/3P4/1P2QN1P/Pq3PP1/2R1R1K1 w - -,c1c8 f8c8 d4d5 d6c5 e3e2 b2e2 e1e2 e6d5 e2c2 c8c7,-97
8/k4p1R/4pr1p/6p1/8/5P2/4KP1P/8 w - -,e2f1 a7b7 f1g2 b7b6 h7g7 b6c6 g7h7 c6d6 h7h8 d6e5,-13
8/3K4/8/4B1k1/8/3B4/8/8 w - -,e2f1 a7b7 f1g2 b7b6 h7g7 b6c6 g7h7 c6d6 h7h8 d6e5,Mate
8/8/4N3/8/4B3/4K3/k7/8 w - -,e4d3 a2a3 e3d4 a3b3 e6c5 b3a2 d4c3 a2a1 c5b3 a1a2,9605
4k1rN/pppqn3/2n4Q/3p1p2/3P1B2/2PBP3/P2K1P2/6R1 w - -,e4d3 a2a3 e3d4 a3b3 e6c5 b3a2 d4c3 a2a1 c5b3 a1a2,Mate
r4rk1/p4qpp/1p3p2/3Q4/8/2P4P/P4PP1/R4RK1 w - -,d5b3 f8c8 b3c2 h7h6 f1d1 c8d8 a2a4 d8d1 a1d1 a8e8,-7
r4rk1/2p2ppp/1p1p4/p2P2q1/2PPp3/3n3P/PPQN1PP1/R4RK1 w - -,d2b1 a8e8 g1h2 f7f5 b1c3 f8f6 f2f3 f6g6 f3e4 f5e4,-294
1r4k1/3Q1pp1/1p3r1p/8/8/P4BP1/1P3PKP/8 w - -,a3a4 f6e6 b2b4 e6e8 a4a5 e8d8 d7a7 b6a5 b4a5 b8b1,683
r2qkb1r/p2b1pp1/2pp1n1p/4p1B1/4P3/2NQ1N2/PPP2PPP/R3K2R w KQkq -,g5d2 f8e7 e1h1 e8h8 c3e2 d8b8 d2c3 a7a5 e2g3 d7e6,-71
r4rk1/1pqnbp1p/2p1p1p1/p2p3n/2PPP3/1P1Q1N2/PB1N1PPP/4RRK1 w - -,g2g3 d7f6 e4e5 f6d7 a2a4 h5g7 d2b1 f8d8 b2c1 g7f5,56
2rr2k1/6p1/p6p/2P5/4b3/4P3/PP3KpP/R5R1 w - -,g1c1 d8d2 f2g1 d2b2 a2a4 c8f8 c5c6 f8f1 c1f1 g2f1q,-602
r1b1k2r/1pp1qp2/3p1npb/p1nPp2p/2P1P3/2N1B2P/PPQNBPP1/R3K2R w KQkq -,e3h6 h8h6 b2b3 e8f8 a2a3 f6h7 a1d1 f7f5 b3b4 c5e4,50
5r2/1pN1pkb1/p2q1n1p/4p1p1/8/4B3/PPQ2PPP/2R3K1 w - -,c2b3 f7g6 b3b7 e5e4 b2b3 a6a5 b7b5 f8d8 h2h3 d6b4,105
2r1r2k/pp2n1pp/2nb1p2/2q5/B2p4/3P1QNP/PP1B1PP1/1K1R3R w - -,g3e4 c5e5 d1c1 e8d8 h1e1 e5d5 a4b3 d5b5 e4d6 d8d6,157
rn1qkb1r/ppp2ppp/1nb1p3/4P3/3P4/3B1N2/PP3PPP/RNBQK2R w KQkq -,b1c3 b6d5 c1d2 b8d7 e1h1 d7b6 c3e4 d8d7 f1e1 h7h6,73
5rk1/4b1pp/r1p5/1p1p1p2/1P1P4/pRB1P3/P4PPP/5RK1 w - -,g2g3 g7g5 c3d2 g8f7 f1c1 f7e6 g1f1 e6d7 f1e2 f8g8,-39
rnbqr1k1/pp3pbp/3p2p1/2pP4/2P2P2/2NBn2P/PP2N1P1/R1BQ1RK1 w - -,d1d2 e3f1 g1f1 b8a6 a2a3 a6c7 a1b1 a7a6 b2b3 b7b5,-220
1rb2r1k/pp5p/5q2/2N2p2/1P1p4/P3bB2/2R3PP/3Q1R1K w - -,c5d3 f6g7 c2c5 b7b6 c5c6 f8e8 c6c2 f5f4 a3a4 c8f5,-180
r3kb1r/p2b1pp1/2pp1q1p/4p3/4P3/2NQ1N2/PPP2PPP/R3K2R w KQkq -,e1h1 f8e7 f3d2 e8h8 d2c4 a8b8 b2b3 b8d8 a1d1 d7g4,-37
8/8/8/4BK2/8/3Bk3/8/8 w - -,e1h1 f8e7 f3d2 e8h8 d2c4 a8b8 b2b3 b8d8 a1d1 d7g4,Mate
5r2/4bk1p/r1p5/1p1p1pp1/1P1P4/pRB1P1P1/P4P1P/3R2K1 w - -,g1f1 f8a8 f1g2 a6a4 d1d3 h7h5 c3e1 f7e6 e1d2 e6d7,-23
r1bq1rk1/1p3ppp/p1nbpn2/3p4/2Pp3B/2NBPN2/PP3PPP/R2QK2R w KQ -,e3d4 d5c4 d3c4 b7b5 c4b3 c8b7 d4d5 e6d5 e1h1 d6e7,-44
8/pp6/3P4/2P1Nk2/8/P2K2B1/5P2/4r3 w - -,d6d7 e1d1 d3e3 f5e6 f2f3 d1d5 e3e4 d5d7 e5d7 e6e7,1071
r1bq1r1k/p4p2/2p2p1p/1p2P1bQ/2pP4/2P1PR2/PPB3PP/R5K1 w - -,f3f6 d8f6 e5f6 b5b4 a1e1 c8g4 h5g4 f8g8 g1h1 g8g6,636
2r3k1/2q2ppp/1n1bp3/3p4/pNbP4/P3P1P1/Q4PBP/R3B1K1 w - -,a2b2 c4b3 b2e2 b6c4 b4a6 c7c6 a6c5 d6c5 d4c5 c6c5,-203
rnbq1rk1/pp3ppp/3b1p2/2pp4/3P4/4P1P1/PPP2PBP/RN1QK1NR w KQ -,b1c3 c5d4 d1d4 b8c6 d4d5 c8e6 d5e4 d6e5 g1e2 d8b6,26
r1bq1rk1/pp2bppp/2n5/3p4/2pPnB2/1PN2NP1/P3PPBP/R2Q1RK1 w - -,a1c1 e4c3 c1c3 d8a5 c3e3 c4c3 d1c2 e7b4 f1a1 b4a3,-26
8/p4K2/1p1bB3/1Pk4P/8/8/8/8 w - -,h5h6 c5b5 f7f6 b5a5 h6h7 d6a3 f6f5 a3b2 e6d7 a5b4,-8
5r2/1pN1p1b1/p2q1nkp/4p1p1/8/1Q2B3/PP3PPP/2R3K1 w - -,b3b7 e5e4 a2a4 a6a5 b7b5 f8d8 h2h3 g5g4 b5a5 g4h3,126
1r4k1/2R2qP1/8/p3p1Q1/4P3/6P1/5PK1/8 w - -,c7e6 f8e8 c1d1 d6c6 e6d8 c6e4 a2a4 g6h7 d8e6 e4c6,Mate
r7/4bk1p/2p5/1p1p1pp1/rP1P4/pR1RP1P1/P2B1P1P/6K1 w - -,g1g2 a8a7 h2h3 h7h5 d2c3 f7e6 c3e1 e6d7 e1c3 g5g4,-9
1rb2r1k/pp4qp/8/5p2/1P1p4/P2NbB2/2R3PP/3Q1R1K w - -,c2c5 b7b6 c5c6 f8e8 c6d6 g7e7 d6d5 c8e6 d5e5 e7d6,-195
2r1r2k/pp2n1pp/2nb1p2/4q3/B2pN3/3P1Q1P/PP1B1PP1/1K1R3R w - -,h1e1 e8f8 d1c1 d6b4 d2b4 c6b4 e4c5 e5d5 f3d5 e7d5,151
r7/4b2p/2p1k3/1p1p1pp1/rP1P4/pR1RP1P1/P2B1PKP/8 w - -,b3b1 a8a7 b1b3 h7h5 h2h3 e6d7 d2c3 d7c7 c3d2 e7d6,-9
3r1rk1/p4qpp/1p3p2/8/8/2P2Q1P/P4PP1/R4RK1 w - -,f1b1 f7d5 f3g4 h7h6 b1d1 d5c6 d1d8 f8d8 a1d1 d8d1,-6
8/pp1P4/4k3/2P1N3/8/P2K2B1/5P2/4r3 w - -,f1c1 f7d5 f3g4 d5c6 c1e1 f8e8 e1e8 d8e8 a1d1 c6e4,Mate
1r4k1/3Q1pp1/1p2r2p/8/P7/5BP1/1P3PKP/8 w - -,f3d5 e6f6 b2b4 g7g6 d5f3 g6g5 f3e4 f6e6 e4d5 e6f6,715
r1bqk2r/pp1p1ppp/3b1n2/2p2n2/2B5/5N2/PPP2PPP/RNBQ1RK1 w kq -,g2g4 f6g4 d1d5 e8h8 d5f5 d6h2 f3h2 g4h2 g1h2 d8h4,147
r4rk1/pp2ppbp/6p1/2p1qb2/2B1p3/5P2/P2BQ1PP/3RK1NR w - -,d2e3 a8d8 e1f2 d8d1 e2d1 a7a6 g2g4 b7b5 g4f5 b5c4,-117
rnbqr1k1/pp3pbp/3p1np1/2pP2B1/4P3/2N4P/PP2NPP1/R2QKB1R w KQ -,f2f3 b8d7 a2a4 a7a6 d1d2 h7h6 g5e3 a8b8 e2g3 h6h5,-23
rnbq1rk1/pp3ppp/3b1p2/3p4/3p4/2N1P1P1/PPP2PBP/R2QK1NR w KQ -,c3d5 d4e3 d5e3 d8b6 g1e2 f8d8 e1h1 b8c6 d1c1 d6e5,-35
8/4ppk1/3p1np1/3P2q1/1P2P2p/3R1Pb1/6PP/4QB1K w - -,e1e3 g3f4 e3e1 f4g3 f3f4 g3f4 b4b5 g5e5 e1e2 f6d7,186
8/pp1P4/4k3/2P1r3/8/P5B1/3K1P2/8 w - -,g3e5 e6d7 d2e3 b7b6 c5b6 d7c6 e3d4 c6b6 d4d5 b6b5,9605
2r1r2k/pp2n1pp/2nq1p2/8/B2p4/3P1Q1P/PP1B1PP1/1K1R3R w - -,h1e1 e7g6 f3f5 e8d8 a4b3 c6e5 d1c1 g6e7 f5e4 d6a6,138
8/p4K2/1p1bB2P/1k6/8/8/8/8 w - -,f7f6 b5a5 e6d7 d6c5 f6e5 c5f8 h6h7 f8g7 e5e4 a5b4,-2
rnbqr1k1/pp3pbp/3p2p1/2pP4/2P2P2/2NB3P/PP1QN1P1/R4RK1 w - -,g2g4 b8a6 e2g3 a6b4 d3e2 b7b5 a2a3 b4a6 c3b5 a6c7,59
5rk1/p5pp/1p3p2/8/8/2P2Q1P/q4PP1/3R2K1 w - -,f3e4 a2f7 e4a4 a7a5 d1d6 f8b8 a4d4 f7c7 d6d7 c7e5,-17
8/p7/4r2p/5pp1/3k3P/PR1P2P1/5K2/8 w - -,b3b8 d4d3 h4g5 h6g5 b8b5 d3e4 b5b4 e4e5 b4b5 e5f6,-4
r1bq1rk1/pp3ppp/2nb1p2/2pp4/3P4/2N1P1P1/PPP2PBP/R2QK1NR w KQ -,c3d5 c8e6 d4c5 d8a5 d1d2 a5c5 a1d1 d6e5 c2c3 f8d8,42
r1q1kb1r/ppp2ppp/2n1pn2/1B1pNb2/3P1B2/2P1P3/PP3PPP/RN1KQ2R w - -,e5c6 c8d7 c6a7 c7c6 a7c6 b7c6 b5f1 f5b1 a1b1 a8a2,50
r1bq1rk1/1p3ppp/p1nbpn2/3p2N1/2P4B/2pBP3/PP3PPP/R2QK2R w KQ -,g5h7 c3c2 h7f6 d8f6 d1h5 f6h6 h5h6 g7h6 d3c2 c6b4,-387
r1bqk2r/ppp2ppp/2n1p3/4P3/2BPn3/2P2N2/P4PPP/R1BQK2R w KQkq -,d1c2 f7f5 e5f6 e4f6 c1a3 f6d5 e1h1 d8f6 f1e1 c6e7,332
3qrnk1/r4pp1/b3p2p/2ppP2P/p4BPb/PpPP1N2/1P1QRPB1/4R1K1 w - -,f3h4 d8h4 e2e3 f8h7 e3h3 h4d8 d2e2 a7d7 f4c1 g8h8,61
1r4k1/3Q1pp1/1p3r1p/3B4/P7/6P1/1P3PKP/8 w - -,b2b4 g7g6 d5f3 b8f8 a4a5 b6a5 b4a5 g8h7 d7b7 f6f5,726
r3kb1r/pppq1ppp/2N1pn2/1B1p1b2/3P1B2/2P1P3/PP3PPP/RN1KQ2R w - -,c6a7 c7c6 a7c6 b7c6 b5e2 f5b1 a1b1 a8a2 e2d3 c6c5,55
r1bq1rk1/1p3ppN/p1nbpn2/3p4/2P4B/3BP3/PPp2PPP/R2QK2R w KQ -,d1c2 d8a5 e1f1 f6h7 d3h7 g8h8 h4g5 a5c5 c4d5 e6d5,-389
R7/P4p1k/8/6r1/6P1/8/4K3/8 w - -,d1c2 d8a5 e1f1 f6h7 d3h7 g8h8 h4g5 a5c5 c4d5 e6d5,Mate
r2qnrk1/ppp3pp/2n5/2p1pb2/8/6PP/PPPPNPB1/R1BQ1RK1 w - -,d2d3 f5e6 c1e3 c6d4 e3d4 c5d4 c2c3 d4c3 e2c3 d8d7,35
r3kb1r/Np1q1ppp/2p1pn2/1B1p1b2/3P1B2/2P1P3/PP3PPP/RN1KQ2R w - -,a7c6 b7c6 b5e2 f5b1 a1b1 a8a2 e2d3 f8d6 f4d6 d7d6,53
rnbqkbnr/ppp2ppp/8/4p3/3p2P1/2NP4/PPP1PP1P/R1BQKBNR w KQkq -,c3e4 c8g4 c2c3 b8c6 f1g2 g8f6 c1g5 f8e7 g5f6 g7f6,-146
5b2/2R2p2/4b1pp/1pp1p3/1k2P3/1P3P2/P3BKPP/8 w - -,c7b7 f8d6 e2b5 e6c8 b7b6 d6c7 b6c6 b4b5 c6c7 c8e6,562
8/8/8/5B2/5B2/5K2/1k6/8 w - -,c7b7 f8d6 e2b5 e6c8 b7b6 d6c7 b6c6 b4b5 c6c7 c8e6,Mate
r2q1r2/pppk3p/3p3n/1N2n1p1/4P3/1BN1P1P1/PPP1Q2P/R4bK1 w - -,e2f1 f8f1 a1f1 d8h8 b5d4 c7c6 b3e6 d7c7 e6f5 c7b8,-456
5r1k/p2R2pp/1p3p2/8/8/2P2Q1P/5PPK/q7 w - -,,0
rnbqkb1r/ppp1pp1p/5np1/3p4/8/2N2N1P/PPPPPPP1/R1BQKB1R w KQkq -,d2d3 c7c5 e2e4 d5d4 c3b1 f8g7 f1e2 b8c6 e1h1 e8h8,-49
r1bqk1nr/1ppp1ppp/p7/3Nn3/1b2P3/8/PPPP1PPP/R1BQKB1R w KQkq -,f1e2 b4d6 d2d4 e5g6 c2c4 c7c6 d5c3 d6f4 h2h4 f4c1,-202
rnbqkb1r/ppp2ppp/5n2/4p3/3pN1P1/3P4/PPP1PP1P/R1BQKBNR w KQkq -,e4f6 d8f6 f1g2 b8c6 h2h3 h7h5 g4g5 f6d6 c2c3 a7a5,-83
rn2kb1r/pp3ppp/q3p3/2ppPn2/3P4/2PQ1N2/PP2NPPP/R1B2RK1 w kq -,d3c2 b8c6 g2g4 f5e7 e2f4 e7g6 f4g6 h7g6 c1g5 h8h3,33
rnbqkb1r/ppp2ppp/8/4p1P1/3pn3/3P4/PPP1PP1P/R1BQKBNR w KQkq -,d3e4 c8e6 g1f3 f8d6 e2e3 c7c5 e3d4 e5d4 f3h4 b8c6,-127
rnbq1rk1/pp2ppbp/2pp2p1/4P2n/3P1P2/2NB1N2/PPP3PP/R1BQK2R w KQ -,e1h1 c6c5 d4d5 c8g4 d3e2 b8d7 e5e6 f7e6 f3g5 g4e2,83
8/pp6/3P4/2P1rk2/8/P2K2B1/5P2/8 w - -,g3e5 f5e5 d6d7 b7b6 c5c6 e5d6 d7d8q d6c6 d8a8 c6b5,9605
1N3rk1/5p1p/3p2p1/3P1b2/8/8/pb2B1PP/2R2R1K w - -,b8c6 b2c1 f1c1 f5b1 c6a5 a2a1q a5c4 f8a8 h2h3 b1d3,-570
6rk/pQ1R2pp/1p3p2/8/8/2P4P/5PPK/q7 w - -,c3c4 a1e5 h2g1 e5e1 g1h2 e1f2 b7a7 h7h5 a7c7 h8h7,-6
8/8/8/5B2/5B2/k3K3/8/8 w - -,c3c4 a1e5 h2g1 e5e1 g1h2 e1f2 b7a7 h7h5 a7c7 h8h7,Mate
rnb1kb1r/1pqp1ppp/p3p1n1/4P3/3N1B2/3B4/PPP2PPP/RN1QK2R w KQkq -,d3g6 h7g6 e1h1 b8c6 f1e1 b7b5 d4f3 c8b7 c2c3 c6a5,-32
1QK1N2N/8/8/3p4/4p3/5k1B/1P6/8 w - -,d3g6 h7g6 e1h1 b8c6 f1e1 b7b5 d4f3 c8b7 c2c3 c6a5,Mate
8/p4K1P/1p2B3/1k2b3/8/8/8/8 w - -,e6d7 b5c4 d7e6 c4c5 e6b3 b6b5 f7e6 e5h8 e6f5 c5b4,-677
rnbqk2r/ppp1bppp/8/4p1P1/3pP3/8/PPP1PP1P/R1BQKBNR w KQkq -,g1f3 d8d6 c2c3 b8c6 c1d2 c8e6 c3d4 e5d4 d1a4 e8h8,-117
4rrk1/pp5p/2p1p1pP/4BqNn/3PQ2P/2P5/PP4RK/8 w - -,e4f5 e6f5 e5d6 f8f7 g5f7 g8f7 d6e5 h5f6 h2g3 f6g4,-133
rn1qkb1r/pbp2pp1/1p1ppn1p/6B1/3P4/3BPN2/PPPN1PPP/R2QK2R w KQkq -,g5f6 d8f6 a2a4 a7a5 h2h4 g7g6 e3e4 b8d7 h4h5 f8g7,24
rn2kb1r/pp3ppp/q3p3/3pPn2/3p4/2P2N2/PP2NPPP/R1BQ1RK1 w kq -,f3d4 f5d4 e2d4 b8c6 a2a4 c6e5 c1f4 e5g6 d4b5 a6c6,53
8/8/8/5B2/1k3B2/3K4/8/8 w - -,c3d4 f8e7 a2a3 b8c6 a1b1 c6a5 b2b3 h7h6 a3a4 e7b4,Mate
r2q4/pppb1pk1/2nprn2/2bNp1B1/2B1P3/2PP1Q1P/PP3PP1/R3K2R w KQ -,h3h4 f6d5 g5d8 a8d8 c4d5 e6f6 f3g3 f6g6 g3h2 d8g8,455
rnbqk2r/ppp2ppp/8/4p1b1/3pP3/3Q4/PPP1PP1P/R1B1KBNR w KQkq -,c1g5 d8g5 d3g3 g5g3 h2g3 h7h5 e1d2 b8c6 e2e3 e8e7,-133
2r1r2k/pp2n1pp/2n2p2/3q4/B2p4/3P1Q1P/PP1B1PP1/1K1RR3 w - -,f3e4 d5d7 f2f4 e7d5 e4f3 f6f5 a2a3 h7h6 g2g4 d7d6,133
4r1k1/p4qpp/1p3p2/8/8/2P2Q1P/P4PP1/3R2K1 w - -,,0
r1b2rk1/1p3ppN/p1nbpn2/q2p4/2P4B/4P3/PPB2PPP/R2QK2R w KQ -,e1f1 f6h7 a1c1 f7f5 g2g4 a5c5 h4g3 d6e7 f1g1 d5d4,-545
r1bqkb1r/pp1nppp1/2p2n1p/3pB3/3P4/2N2N2/PPP1PPPP/R2QKB1R w KQkq -,e2e3 e7e6 f1d3 c6c5 e1h1 d7e5 f3e5 c5c4 d3e2 f8e7,-13
rnbqk2r/ppp2ppp/8/4p3/3pP3/3Q1N2/PPP1PP1P/R1b1KB1R w KQkq -,a1c1 e8h8 h1g1 f8e8 d3d2 d8f6 d2g5 f6g5 g1g5 f7f6,-171
6r1/2k5/1pnR1K2/p1p1P2p/P7/1P5P/1B6/8 w - -,d6d3 g8f8 f6g6 f8f2 b2c3 f2e2 e5e6 e2e6 g6h5 c6d4,35
r1bqk2r/pppnbpp1/4pn1p/8/2pP1B2/4PN1P/PP3PP1/RN1QKB1R w KQkq -,f1e2 b7b5 a2a4 e7b4 b1c3 c7c6 e1h1 e8h8 d1c2 d8b6,-62
rn1b2k1/4rp2/1pbNp1p1/p2qP2p/PB1P4/3BQP2/6PP/R4RK1 w - -,b4a3 d5b3 f1b1 b3a4 d6c4 e7e8 a3d6 a4a1 b1a1 b6b5,434
r1bqkb1r/pp1nppp1/2p4p/3pB3/3Pn3/2N1PN2/PPP2PPP/R2QKB1R w KQkq -,f1d3 e4c3 b2c3 d7e5 f3e5 g7g6 f2f4 f8g7 e1h1 c8e6,29
r1b2rk1/1p3ppn/p1nbp3/q2p4/2P4B/4P3/PPB2PPP/R2Q1K1R w - -,a1c1 f7f5 c2b3 d5c4 c1c4 a5d5 f1e2 f5f4 f2f3 f4e3,-553
rnbqr1k1/5pb1/pp1p1npp/2pP4/P3PB2/2N3NP/1P3PP1/R2QKB1R w KQ -,f1e2 h6h5 f4g5 d8c7 f2f4 b8d7 e1h1 f6h7 g5h4 g7f6,80
1r4k1/5p1p/3p2p1/3P1b2/2B5/8/pb4PP/2R2R1K w - -,f1e1 b2c1 c4a2 c1g5 e1e2 g8g7 h2h3 h7h5 h1h2 g5f6,-672
r2k1r2/pbpn2pp/4R3/2b5/2p5/2Nq1N2/PP1PQPPP/R1B3K1 w - -,a1b1 b7f3 g2f3 d3e2 e6e2 a8b8 g1g2 b8b6 b2b3 b6g6,-37
rnbqk2r/ppp2pp1/4pn1p/3pb3/3P4/2N1PP2/PPP3PP/R1BQKB1R w KQkq -,d4e5 f6g8 b2b3 g8e7 d1d2 c7c5 c3b5 e8h8 c1b2 b7b6,75
rnbqkb1r/pp1n1ppp/2p1p3/4P3/2PP4/8/PP4PP/RNBQKBNR w KQkq -,g1f3 f8b4 c1d2 b4d2 b1d2 e8h8 f1d3 f7f5 e5f6 d7f6,128
r1bqk2r/pp1pnppp/3b1n2/2p5/2B3P1/5N2/PPP2P1P/RNBQ1RK1 w kq -,d1d6 f6e4 d6f4 e8h8 f4e4 d7d5 c4d5 d8d5 e4d5 e7d5,298
8/8/8/5B2/3K4/8/1k1B4/8 w - -,d1d6 f6e4 d6f4 e8h8 f4e4 d7d5 c4d5 d8d5 e4d5 e7d5,Mate
r2qr1k1/pp3pp1/3pb1np/3p4/3P4/2P3B1/PP2NPPP/R2Q1RK1 w - -,f1e1 e6d7 d1d2 d8g5 e2f4 h6h5 e1d1 g6f4 g3f4 g5g6,11
4r1k1/p5pp/1pQ1qp2/8/P7/2P4P/5PP1/3R2K1 w - -,c6f3 h7h6 d1d4 e6e2 f3d5 g8f8 d5b7 e8e7 b7a8 f8f7,-3
rnb1k1nr/ppppqppp/8/4P3/8/2N5/PPP1Q1PP/R1B1KBNR w KQkq -,g1f3 b8c6 c3d5 e7d8 c1g5 g8e7 e1a1 h7h6 g5f6 g7f6,554
r1bqr1k1/1p1n1pb1/p2p1npp/2pP4/P3PB2/2N3NP/1P3PP1/R2QKB1R w KQ -,f1e2 h6h5 d1c2 d8a5 e1h1 h5h4 g3h1 a5b4 f2f3 c5c4,26
rnbqkb1r/pp3ppp/2p1p3/2PnP3/3P4/5N2/PP4PP/RNBQKB1R w KQkq -,f1d3 b7b6 b1c3 b6c5 e1h1 d5b4 d3c4 h7h6 c3e4 c8a6,116
4rnk1/r4pp1/b3p2p/2ppP2P/p4BPq/PpPP4/1P1QRPB1/4R1K1 w - -,e2e3 f8h7 e3h3 h4d8 d2e2 a7d7 f4c1 g8h8 h3g3 d8h4,58
1r4k1/5p1p/3p2p1/3P1b2/8/8/B5PP/2b2R1K w - -,a2b3 c1g5 f1f3 g5f6 h1g1 f6d4 g1f1 f5e4 f3h3 h7h5,-673
r4rk1/2p2ppp/1p1p4/p2P2q1/1nPPN3/7P/PPQ2PP1/R4RK1 w - -,c2d1 g5d8 f1e1 d8h4 a2a3 b4a6 e4c3 a8e8 d1d2 h4d8,228
rnbqkb1r/p4ppp/1pp1p3/2PnP3/3P4/5N2/PP1B2PP/RN1QKB1R w KQkq -,f1d3 b6c5 e1h1 h7h6 b1c3 c5d4 c3d5 d8d5 f3h4 b8d7,44
r1bqkb1r/pp1nppp1/2p4p/3pB3/3P4/2nBPN2/PPP2PPP/R2QK2R w KQkq -,b2c3 d7e5 f3e5 g7g6 f2f4 f8g7 e1h1 g7e5 f4e5 c8e6,34
8/pp1P4/8/2P1Nk2/8/P2K2B1/5P2/3r4 w - -,d3e2 d1d5 e2e3 f5e6 e3e4 d5d2 f2f4 d2e2 e4f3 e2e5,1186
rn2kb1r/pp3ppp/q3p3/3pP3/3n4/2P5/PP2NPPP/R1BQ1RK1 w kq -,e2g3 d4c6 f2f4 g7g6 a2a4 c6e7 c1e3 b8d7 b2b4 h7h5,-418
rnbqkb1r/5ppp/1pp1p3/p1PnP3/1P1P4/5N2/P2B2PP/RN1QKB1R w KQkq -,d1a4 c8b7 b4a5 b6c5 b1c3 a8a5 a4b3 d5c3 b3b7 c5d4,-79
4rrk1/pp5p/2p1p1pP/4B1Nn/3P3P/2P1Q3/PP4RK/1q6 w - -,g2e2 b1a2 b2b4 a2d5 g5e4 f8f5 e4d6 f5f1 e3e4 e8f8,-278
2rr2k1/pb5p/1q4p1/1p2p3/2p2p2/2PPbPN1/PP2QNPP/4RR1K w - -,g3e4 b7e4 f3e4 e3f2 e2f2 b6f2 f1f2 d8d3 h1g1 g8g7,-259
r1bqk2r/pp1p1ppp/3b4/2p2n2/2B3n1/5N2/PPP2P1P/RNBQ1RK1 w kq -,d1d5 e8h8 d5f5 d6h2 f3h2 g4h2 g1h2 d8h4 f5h3 h4h3,141
5R2/5p2/1k2pK2/6pp/8/8/r6P/8 w - -,h2h3 g5g4 h3g4 h5g4 f8b8 b6c7 b8g8 a2f2 f6e5 f2f5,-546
3Qr1k1/p5pp/1p2qp2/8/P7/2P4P/5PP1/3R2K1 w - -,d8d2 h7h5 d2d3 e6e4 a4a5 e4d3 d1d3 b6a5 d3d7 a7a6,-4
rnbqk2r/pppn1pp1/4p2p/3pP3/8/2N1PP2/PPP3PP/R1BQKB1R w KQkq -,f3f4 b8c6 b2b3 a7a6 c1b2 b7b5 d1g4 e8h8 e1a1 d7c5,72
1r4k1/3Q1pp1/1p3r2/3B3p/PP6/6P1/5PKP/8 w - -,h2h4 b8f8 a4a5 b6a5 b4a5 g7g6 d5f3 f6f5 d7a4 g6g5,737
rn1qkb1r/1b3ppp/1pp1p3/p1PnP3/QP1P4/5N2/P2B2PP/RN2KB1R w KQkq -,b4a5 b6c5 a4b3 b7c8 b1c3 f8e7 f1d3 c5d4 c3d5 d8d5,-84
r3k2r/pbqp1ppp/1p4n1/4p3/P2BP3/2PB1Q2/2P2PPP/R4RK1 w kq -,h2h4 e5d4 c3d4 e8h8 h4h5 g6f4 h5h6 f7f5 d4d5 f5e4,-296
2rr2k1/5pp1/7p/p1p1pPq1/P3B3/4PQ2/1P1b2PP/3R1RK1 w - -,e4c2 g5e3 g1h1 e3f3 f1f3 c5c4 g2g3 d8d4 f3f2 c8d8,-191
6k1/5p1p/3p2p1/3P1b2/8/8/Br4PP/2R4K w - -,c1c6 f5e4 c6d6 b2a2 h1g1 a2g2 g1f1 g2h2 d6d8 g8g7,-646
r2qr1k1/pp3pp1/3pb1n1/3p3p/3P4/1QP3B1/PP2NPPP/R4RK1 w - -,b3d1 h5h4 g3f4 h4h3 f4g3 h3g2 g1g2 g6h4 g3h4 d8h4,-134
2r1r2k/pp2n1pp/2n2p2/8/B2pq3/3P3P/PP1B1PP1/1K1RR3 w - -,h3h4 e4d3 a4c2 d3b5 f2f4 e7d5 a2a4 b5c4 b2b3 e8e1,-709
r1bqk2r/ppp2p1p/2n3p1/4p3/3pP3/3Q1N2/PPP1PP1P/2R1KBR1 w kq -,c2c3 d8d6 c3d4 e5d4 a2a3 c8e6 g1g5 e8h8 g5b5 a8b8,-134
r1q1kb1r/pppn1ppp/2n1p3/1B1pNb2/Q2P1B2/2P1P3/PP3PPP/RN2K2R w - -,e5c6 a7a6 b5e2 d7b6 a4a5 b7c6 b1d2 c8b7 h2h4 h7h5,68
1r1k4/p1pn2pp/8/2b5/2P5/2N2r2/P2PRP1P/R1B3K1 w - -,g1f1 f3f5 d2d3 d7e5 c1d2 e5f3 c3e4 c5d4 a1d1 f3h2,-23
r2qkb1r/1b3ppp/npp1p3/2PnP3/1B1P4/1Q3N2/P5PP/RN2KB1R w KQkq -,,0
r2qk2r/ppp2p1p/2n1b1p1/4p3/3pP3/P2Q1N2/1PP1PP1P/2R1KBR1 w kq -,c2c3 d8d6 c3d4 c6d4 f3d4 e5d4 d3b5 c7c6 b5g5 d6h2,-131
3rqrk1/p4p2/5b1p/2P3p1/bPBNp3/6P1/P2Q1PP1/2R1R1K1 w - -,d2e3 d8d4 e3e2 g8g7 b4b5 e8e7 c5c6 f6e5 f2f4 e5c7,-304
8/pp1r4/8/2P1Nk2/8/P5B1/4KP2/8 w - -,e5d7 f5e6 e2e3 e6d7 g3e5 d7c6 e3d4 c6b5 f2f4 b5a4,1321
8/3B4/8/8/2K5/8/1k1B4/8 w - -,e5c4 f5e4 c4e3 e4d4 g3d6 d7h7 e3g4 h7h4 f2f3 a7a5,Mate
r1q1kb1r/1ppn1ppp/p1N1p3/1B1p1b2/Q2P1B2/2P1P3/PP3PPP/RN2K2R w - -,b5e2 d7b6 a4a5 b7c6 b1d2 c8b7 h2h4 h7h5 b2b4 f8d6,73
r2qk2r/1pp2p1p/p1n1b1p1/4p3/1P1pP3/P2Q1N2/2P1PP1P/2R1KBR1 w kq -,c2c3 f7f6 c3d4 e5d4 f1g2 d8d7 c1c5 e8h8 h2h4 g8h8,-132
rnbq1rk1/pp2ppbp/5np1/2pp4/8/2NBPN1P/PPPP1PP1/R1BQK2R w KQ -,b2b3 b8c6 d3b5 d5d4 c3e2 d4e3 f2e3 c6b4 c2c3 b4d3,-137
3r1rk1/1p2n1pp/1p1b1p2/3p4/7B/2N4P/PP3PP1/3R1RK1 w - -,c3e2 f8e8 h4g3 d6c5 e2c1 g7g5 f1e1 g8f7 g1f1 e7f5,-102
